value,count,total,cumulative_sum
"(1.0, 1.0)",7,100.0,7
"(0.9833333333333332, 1.0)",1,99.98333333333332,8
"(1.0, 1.0)",11,99.98333333333332,19
"(0.9833333333333332, 1.0)",7,99.96666666666668,26
"(0.9666666666666668, 1.0)",1,99.96666666666668,27
"(1.0, 1.0)",13,99.96666666666668,40
"(0.95, 1.0)",4,99.95,44
"(1.0, 1.0)",13,99.95,57
"(0.9833333333333332, 1.0)",3,99.95,60
"(0.9666666666666668, 1.0)",3,99.95,63
"(1.0, 1.0)",1,99.95,64
"(0.9833333333333332, 1.0)",5,99.93333333333334,69
"(0.95, 1.0)",3,99.93333333333334,72
"(0.9666666666666668, 1.0)",7,99.93333333333334,79
"(1.0, 1.0)",16,99.93333333333334,95
"(1.0, 1.0)",5,99.91666666666669,100
"(0.9833333333333332, 1.0)",6,99.91666666666669,106
"(0.9666666666666668, 1.0)",4,99.91666666666669,110
"(0.95, 1.0)",6,99.91666666666669,116
"(0.9166666666666666, 1.0)",4,99.91666666666666,120
"(0.9333333333333332, 1.0)",5,99.91666666666666,125
"(0.9833333333333332, 1.0)",12,99.91666666666666,137
"(1.0, 1.0)",11,99.91666666666666,148
"(0.9666666666666668, 1.0)",5,99.91666666666666,153
"(0.95, 1.0)",8,99.91666666666666,161
"(0.95, 1.0)",8,99.9,169
"(0.9833333333333332, 1.0)",9,99.9,178
"(0.9166666666666666, 1.0)",5,99.9,183
"(0.9, 1.0)",3,99.9,186
"(1.0, 1.0)",11,99.9,197
"(0.9666666666666668, 1.0)",5,99.9,202
"(0.9333333333333332, 1.0)",3,99.9,205
"(1.0, 1.0)",1,99.88333333333334,206
"(0.9666666666666668, 1.0)",1,99.88333333333334,207
"(0.8833333333333333, 1.0)",14,99.88333333333333,221
"(0.9833333333333332, 1.0)",15,99.88333333333333,236
"(0.9166666666666666, 1.0)",4,99.88333333333333,240
"(0.9666666666666668, 1.0)",17,99.88333333333333,257
"(0.95, 1.0)",1,99.88333333333333,258
"(0.9, 1.0)",2,99.88333333333333,260
"(1.0, 1.0)",28,99.88333333333333,288
"(0.9333333333333332, 1.0)",4,99.88333333333333,292
"(0.95, 1.0)",5,99.86666666666667,297
"(0.9, 1.0)",6,99.86666666666667,303
"(0.8833333333333333, 1.0)",4,99.86666666666667,307
"(0.9666666666666668, 1.0)",15,99.86666666666667,322
"(1.0, 1.0)",16,99.86666666666667,338
"(0.9333333333333332, 1.0)",7,99.86666666666667,345
"(0.9833333333333332, 1.0)",14,99.86666666666667,359
"(0.9166666666666666, 1.0)",7,99.86666666666667,366
"(0.95, 1.0)",1,99.86666666666666,367
"(0.95, 1.0)",1,99.85,368
"(0.95, 1.0)",9,99.85,377
"(0.8833333333333333, 1.0)",12,99.85,389
"(1.0, 1.0)",30,99.85,419
"(0.9666666666666668, 1.0)",10,99.85,429
"(0.9, 1.0)",2,99.85,431
"(1.0, 1.0)",1,99.85,432
"(0.9166666666666666, 1.0)",6,99.85,438
"(0.85, 1.0)",4,99.85,442
"(0.8666666666666667, 1.0)",7,99.85,449
"(0.9333333333333332, 1.0)",3,99.85,452
"(0.9833333333333332, 1.0)",5,99.85,457
"(0.95, 1.0)",10,99.83333333333334,467
"(0.8833333333333333, 1.0)",1,99.83333333333334,468
"(0.9, 1.0)",3,99.83333333333334,471
"(0.8333333333333334, 1.0)",1,99.83333333333334,472
"(0.9666666666666668, 1.0)",7,99.83333333333334,479
"(0.8666666666666667, 1.0)",1,99.83333333333334,480
"(0.9833333333333332, 1.0)",3,99.83333333333334,483
"(0.9166666666666666, 1.0)",3,99.83333333333334,486
"(1.0, 1.0)",6,99.83333333333334,492
"(0.8666666666666667, 1.0)",7,99.83333333333331,499
"(0.8833333333333333, 1.0)",23,99.83333333333331,522
"(1.0, 1.0)",8,99.83333333333331,530
"(0.9666666666666668, 1.0)",15,99.83333333333331,545
"(0.9833333333333332, 1.0)",6,99.83333333333331,551
"(0.95, 1.0)",3,99.83333333333331,554
"(0.9166666666666666, 1.0)",6,99.83333333333331,560
"(0.85, 1.0)",1,99.83333333333331,561
"(0.9333333333333332, 1.0)",9,99.83333333333331,570
"(0.9, 1.0)",3,99.83333333333331,573
"(0.8666666666666667, 1.0)",3,99.81666666666666,576
"(1.0, 1.0)",19,99.81666666666666,595
"(0.85, 1.0)",4,99.81666666666666,599
"(0.9666666666666668, 1.0)",18,99.81666666666666,617
"(0.9333333333333332, 1.0)",12,99.81666666666666,629
"(0.9, 1.0)",4,99.81666666666666,633
"(0.95, 1.0)",8,99.81666666666666,641
"(0.8833333333333333, 1.0)",9,99.81666666666666,650
"(0.9166666666666666, 1.0)",8,99.81666666666666,658
"(0.9833333333333332, 1.0)",9,99.81666666666666,667
"(0.8333333333333334, 1.0)",4,99.8,671
"(1.0, 1.0)",22,99.8,693
"(0.9333333333333332, 1.0)",10,99.8,703
"(0.8666666666666667, 1.0)",4,99.8,707
"(0.85, 1.0)",3,99.8,710
"(1.0, 1.0)",1,99.8,711
"(0.95, 1.0)",13,99.8,724
"(0.9833333333333332, 1.0)",15,99.8,739
"(0.9166666666666666, 1.0)",7,99.8,746
"(0.9666666666666668, 1.0)",10,99.8,756
"(0.8833333333333333, 1.0)",6,99.8,762
"(0.8, 1.0)",2,99.8,764
"(0.9, 1.0)",7,99.8,771
"(0.85, 1.0)",3,99.78333333333332,774
"(0.8666666666666667, 1.0)",5,99.78333333333332,779
"(0.8833333333333333, 1.0)",3,99.78333333333332,782
"(0.8333333333333334, 1.0)",5,99.78333333333332,787
"(0.8, 1.0)",2,99.78333333333332,789
"(0.9666666666666668, 1.0)",9,99.78333333333332,798
"(0.9833333333333332, 1.0)",13,99.78333333333332,811
"(0.9166666666666666, 1.0)",12,99.78333333333332,823
"(1.0, 1.0)",14,99.78333333333332,837
"(0.9333333333333332, 1.0)",3,99.78333333333332,840
"(0.95, 1.0)",7,99.78333333333332,847
"(0.7833333333333333, 1.0)",2,99.78333333333332,849
"(0.9, 1.0)",4,99.78333333333332,853
"(0.95, 1.0)",9,99.76666666666668,862
"(0.9166666666666666, 1.0)",1,99.76666666666668,863
"(0.8, 1.0)",6,99.76666666666668,869
"(0.9833333333333332, 1.0)",6,99.76666666666668,875
"(0.8833333333333333, 1.0)",13,99.76666666666668,888
"(0.9, 1.0)",7,99.76666666666668,895
"(0.8666666666666667, 1.0)",4,99.76666666666668,899
"(0.85, 1.0)",8,99.76666666666668,907
"(0.9333333333333332, 1.0)",7,99.76666666666668,914
"(0.8166666666666667, 1.0)",1,99.76666666666668,915
"(0.8333333333333334, 1.0)",8,99.76666666666668,923
"(1.0, 1.0)",7,99.76666666666668,930
"(0.9666666666666668, 1.0)",13,99.76666666666668,943
"(0.7666666666666667, 1.0)",1,99.76666666666668,944
"(0.9833333333333332, 1.0)",9,99.75,953
"(1.0, 1.0)",13,99.75,966
"(0.9333333333333332, 1.0)",3,99.75,969
"(0.85, 1.0)",15,99.75,984
"(0.7666666666666667, 1.0)",3,99.75,987
"(0.95, 1.0)",6,99.75,993
"(0.8833333333333333, 1.0)",16,99.75,1009
"(0.8666666666666667, 1.0)",19,99.75,1028
"(0.8, 1.0)",7,99.75,1035
"(0.8333333333333334, 1.0)",7,99.75,1042
"(0.7833333333333333, 1.0)",1,99.75,1043
"(0.9666666666666668, 1.0)",7,99.75,1050
"(0.9166666666666666, 1.0)",5,99.75,1055
"(0.9, 1.0)",10,99.75,1065
"(0.9, 1.0)",1,99.73333333333336,1066
"(0.8, 1.0)",7,99.73333333333332,1073
"(0.85, 1.0)",18,99.73333333333332,1091
"(0.9833333333333332, 1.0)",10,99.73333333333332,1101
"(0.8333333333333334, 1.0)",4,99.73333333333332,1105
"(0.8833333333333333, 1.0)",9,99.73333333333332,1114
"(0.7666666666666667, 1.0)",3,99.73333333333332,1117
"(0.9166666666666666, 1.0)",7,99.73333333333332,1124
"(1.0, 1.0)",8,99.73333333333332,1132
"(0.9, 1.0)",5,99.73333333333332,1137
"(0.8166666666666667, 1.0)",1,99.73333333333332,1138
"(0.75, 1.0)",3,99.73333333333332,1141
"(0.9666666666666668, 1.0)",7,99.73333333333332,1148
"(0.9333333333333332, 1.0)",11,99.73333333333332,1159
"(0.95, 1.0)",7,99.73333333333332,1166
"(0.8666666666666667, 1.0)",11,99.73333333333332,1177
"(0.9333333333333332, 1.0)",13,99.71666666666668,1190
"(0.7833333333333333, 1.0)",1,99.71666666666668,1191
"(0.8333333333333334, 1.0)",12,99.71666666666668,1203
"(0.9666666666666668, 1.0)",13,99.71666666666668,1216
"(0.9166666666666666, 1.0)",7,99.71666666666668,1223
"(0.8666666666666667, 1.0)",11,99.71666666666668,1234
"(0.8833333333333333, 1.0)",10,99.71666666666668,1244
"(0.7166666666666667, 1.0)",9,99.71666666666668,1253
"(0.9833333333333332, 1.0)",9,99.71666666666668,1262
"(0.7666666666666667, 1.0)",1,99.71666666666668,1263
"(0.9, 1.0)",12,99.71666666666668,1275
"(0.85, 1.0)",8,99.71666666666668,1283
"(0.95, 1.0)",12,99.71666666666668,1295
"(0.7333333333333333, 1.0)",2,99.71666666666668,1297
"(1.0, 1.0)",7,99.71666666666668,1304
"(0.9833333333333332, 1.0)",1,99.70000000000002,1305
"(0.9666666666666668, 1.0)",18,99.7,1323
"(0.8, 1.0)",3,99.7,1326
"(0.8333333333333334, 1.0)",7,99.7,1333
"(0.8166666666666667, 1.0)",3,99.7,1336
"(0.7666666666666667, 1.0)",1,99.7,1337
"(0.9333333333333332, 1.0)",11,99.7,1348
"(0.85, 1.0)",8,99.7,1356
"(0.9166666666666666, 1.0)",5,99.7,1361
"(0.9, 1.0)",10,99.7,1371
"(0.7166666666666667, 1.0)",8,99.7,1379
"(0.9833333333333332, 1.0)",8,99.7,1387
"(0.8666666666666667, 1.0)",13,99.7,1400
"(0.95, 1.0)",5,99.7,1405
"(1.0, 1.0)",3,99.7,1408
"(0.7333333333333333, 1.0)",3,99.7,1411
"(0.8833333333333333, 1.0)",1,99.7,1412
"(0.7833333333333333, 1.0)",7,99.7,1419
"(1.0, 1.0)",14,99.7,1433
"(0.9666666666666668, 1.0)",1,99.7,1434
"(0.75, 1.0)",6,99.7,1440
"(0.7666666666666667, 1.0)",4,99.7,1444
"(0.8833333333333333, 1.0)",16,99.7,1460
"(0.9444444444444444, 1.0)",4,99.69444444444444,1464
"(0.9833333333333332, 1.0)",1,99.68333333333337,1465
"(0.85, 1.0)",11,99.68333333333334,1476
"(0.9666666666666668, 1.0)",10,99.68333333333334,1486
"(0.75, 1.0)",1,99.68333333333334,1487
"(0.9, 1.0)",15,99.68333333333334,1502
"(0.8166666666666667, 1.0)",1,99.68333333333334,1503
"(0.7833333333333333, 1.0)",1,99.68333333333334,1504
"(0.95, 1.0)",4,99.68333333333334,1508
"(0.8, 1.0)",5,99.68333333333334,1513
"(0.8666666666666667, 1.0)",6,99.68333333333334,1519
"(0.9166666666666666, 1.0)",4,99.68333333333334,1523
"(0.9833333333333332, 1.0)",6,99.68333333333334,1529
"(0.8833333333333333, 1.0)",18,99.68333333333334,1547
"(0.9333333333333332, 1.0)",5,99.68333333333334,1552
"(0.7666666666666667, 1.0)",3,99.68333333333334,1555
"(1.0, 1.0)",7,99.68333333333334,1562
"(0.7166666666666667, 1.0)",4,99.68333333333334,1566
"(0.8333333333333334, 1.0)",6,99.68333333333334,1572
"(0.7666666666666667, 1.0)",5,99.66666666666669,1577
"(0.9333333333333332, 1.0)",3,99.66666666666669,1580
"(0.8666666666666667, 1.0)",5,99.66666666666669,1585
"(0.75, 1.0)",3,99.66666666666669,1588
"(0.7833333333333333, 1.0)",4,99.66666666666669,1592
"(0.9833333333333332, 1.0)",3,99.66666666666669,1595
"(0.9666666666666668, 1.0)",4,99.66666666666669,1599
"(0.8, 1.0)",3,99.66666666666669,1602
"(0.9, 1.0)",8,99.66666666666669,1610
"(0.85, 1.0)",8,99.66666666666669,1618
"(0.9166666666666666, 1.0)",3,99.66666666666669,1621
"(0.8333333333333334, 1.0)",5,99.66666666666669,1626
"(0.8166666666666667, 1.0)",1,99.66666666666669,1627
"(1.0, 1.0)",3,99.66666666666669,1630
"(0.95, 1.0)",2,99.66666666666669,1632
"(0.8833333333333333, 1.0)",11,99.66666666666669,1643
"(0.95, 1.0)",2,99.66666666666666,1645
"(0.8666666666666667, 1.0)",5,99.66666666666666,1650
"(0.8, 1.0)",1,99.66666666666666,1651
"(0.7833333333333333, 1.0)",4,99.66666666666666,1655
"(0.7166666666666667, 1.0)",6,99.66666666666666,1661
"(0.9333333333333332, 1.0)",2,99.66666666666666,1663
"(0.7333333333333333, 1.0)",6,99.66666666666666,1669
"(0.8166666666666667, 1.0)",1,99.66666666666666,1670
"(0.8833333333333333, 1.0)",2,99.66666666666666,1672
"(1.0, 1.0)",1,99.66666666666666,1673
"(0.9666666666666668, 1.0)",2,99.66666666666666,1675
"(0.75, 1.0)",7,99.66666666666666,1682
"(0.9, 1.0)",4,99.66666666666666,1686
"(0.8333333333333334, 1.0)",3,99.66666666666666,1689
"(0.9833333333333332, 1.0)",6,99.66666666666666,1695
"(0.9166666666666666, 1.0)",8,99.66666666666666,1703
"(0.95, 1.0)",6,99.65,1709
"(0.7166666666666667, 1.0)",5,99.65,1714
"(0.8666666666666667, 1.0)",9,99.65,1723
"(0.85, 1.0)",10,99.65,1733
"(0.7666666666666667, 1.0)",5,99.65,1738
"(1.0, 1.0)",7,99.65,1745
"(0.7833333333333333, 1.0)",4,99.65,1749
"(0.9666666666666668, 1.0)",2,99.65,1751
"(0.8666666666666667, 1.0)",1,99.65,1752
"(0.9666666666666668, 1.0)",6,99.65,1758
"(0.75, 1.0)",10,99.65,1768
"(0.8333333333333334, 1.0)",2,99.65,1770
"(0.9333333333333332, 1.0)",17,99.65,1787
"(0.9, 1.0)",21,99.65,1808
"(0.8, 1.0)",11,99.65,1819
"(0.7333333333333333, 1.0)",9,99.65,1828
"(0.8166666666666667, 1.0)",7,99.65,1835
"(0.8833333333333333, 1.0)",12,99.65,1847
"(0.9166666666666666, 1.0)",4,99.65,1851
"(0.9833333333333332, 1.0)",6,99.65,1857
"(0.9166666666666666, 1.0)",1,99.63333333333334,1858
"(0.9333333333333332, 1.0)",1,99.63333333333334,1859
"(0.8833333333333333, 1.0)",4,99.63333333333334,1863
"(0.9, 1.0)",1,99.63333333333334,1864
"(0.8666666666666667, 1.0)",1,99.63333333333334,1865
"(0.7333333333333333, 1.0)",1,99.63333333333334,1866
"(0.7833333333333333, 1.0)",3,99.63333333333333,1869
"(0.7666666666666667, 1.0)",16,99.63333333333333,1885
"(0.8166666666666667, 1.0)",13,99.63333333333333,1898
"(0.8833333333333333, 1.0)",6,99.63333333333333,1904
"(0.9666666666666668, 1.0)",7,99.63333333333333,1911
"(0.7333333333333333, 1.0)",6,99.63333333333333,1917
"(1.0, 1.0)",5,99.63333333333333,1922
"(0.8, 1.0)",10,99.63333333333333,1932
"(0.9333333333333332, 1.0)",10,99.63333333333333,1942
"(0.9833333333333332, 1.0)",9,99.63333333333333,1951
"(0.75, 1.0)",9,99.63333333333333,1960
"(0.8666666666666667, 1.0)",4,99.63333333333333,1964
"(0.9, 1.0)",2,99.63333333333333,1966
"(0.9166666666666666, 1.0)",9,99.63333333333333,1975
"(0.95, 1.0)",3,99.63333333333333,1978
"(0.8333333333333334, 1.0)",6,99.63333333333333,1984
"(0.7166666666666667, 1.0)",5,99.63333333333333,1989
"(0.9444444444444444, 1.0)",1,99.625,1990
"(0.9875, 1.0)",1,99.62083333333338,1991
"(0.9833333333333332, 1.0)",4,99.61666666666667,1995
"(0.9, 1.0)",12,99.61666666666667,2007
"(0.8666666666666667, 1.0)",15,99.61666666666667,2022
"(0.8333333333333334, 1.0)",2,99.61666666666667,2024
"(0.7833333333333333, 1.0)",4,99.61666666666667,2028
"(0.7666666666666667, 1.0)",7,99.61666666666667,2035
"(0.95, 1.0)",5,99.61666666666667,2040
"(0.75, 1.0)",11,99.61666666666667,2051
"(0.9333333333333332, 1.0)",1,99.61666666666667,2052
"(0.7166666666666667, 1.0)",3,99.61666666666667,2055
"(0.9166666666666666, 1.0)",2,99.61666666666667,2057
"(0.8833333333333333, 1.0)",10,99.61666666666667,2067
"(0.9666666666666668, 1.0)",7,99.61666666666667,2074
"(0.85, 1.0)",7,99.61666666666667,2081
"(0.7333333333333333, 1.0)",5,99.61666666666667,2086
"(1.0, 1.0)",6,99.61666666666667,2092
"(0.8, 1.0)",3,99.61666666666667,2095
"(0.8166666666666667, 1.0)",6,99.61666666666667,2101
"(0.9333333333333332, 1.0)",1,99.61666666666666,2102
"(0.8666666666666667, 1.0)",3,99.61666666666666,2105
"(1.0, 1.0)",1,99.61666666666666,2106
"(0.9833333333333332, 1.0)",2,99.61666666666666,2108
"(0.85, 1.0)",1,99.61666666666666,2109
"(0.8833333333333333, 1.0)",1,99.61666666666666,2110
"(0.7833333333333333, 1.0)",1,99.61666666666666,2111
"(0.9666666666666668, 1.0)",1,99.61666666666666,2112
"(0.8333333333333334, 1.0)",1,99.61666666666666,2113
"(0.8666666666666667, 1.0)",8,99.6,2121
"(0.8833333333333333, 1.0)",4,99.6,2125
"(0.75, 1.0)",7,99.6,2132
"(0.7666666666666667, 1.0)",5,99.6,2137
"(0.9666666666666668, 1.0)",6,99.6,2143
"(0.95, 1.0)",3,99.6,2146
"(0.9833333333333332, 1.0)",1,99.6,2147
"(0.85, 1.0)",1,99.6,2148
"(0.7166666666666667, 1.0)",8,99.6,2156
"(0.9166666666666666, 1.0)",9,99.6,2165
"(0.95, 1.0)",4,99.6,2169
"(0.8, 1.0)",5,99.6,2174
"(0.85, 1.0)",10,99.6,2184
"(1.0, 1.0)",1,99.6,2185
"(0.7333333333333333, 1.0)",1,99.6,2186
"(0.9333333333333332, 1.0)",1,99.6,2187
"(0.8333333333333334, 1.0)",8,99.6,2195
"(0.8666666666666667, 1.0)",1,99.6,2196
"(0.9, 1.0)",5,99.6,2201
"(0.8833333333333333, 1.0)",1,99.6,2202
"(0.7833333333333333, 1.0)",3,99.6,2205
"(0.9333333333333332, 1.0)",6,99.6,2211
"(0.9833333333333332, 1.0)",3,99.6,2214
"(0.8166666666666667, 1.0)",12,99.6,2226
"(0.9666666666666668, 1.0)",2,99.6,2228
"(1.0, 1.0)",3,99.6,2231
"(0.8, 1.0)",2,99.58333333333334,2233
"(0.9666666666666668, 1.0)",2,99.58333333333334,2235
"(0.8666666666666667, 1.0)",6,99.58333333333334,2241
"(0.7833333333333333, 1.0)",13,99.58333333333334,2254
"(0.8833333333333333, 1.0)",3,99.58333333333334,2257
"(0.75, 1.0)",2,99.58333333333334,2259
"(0.7666666666666667, 1.0)",1,99.58333333333334,2260
"(1.0, 1.0)",2,99.58333333333334,2262
"(0.8166666666666667, 1.0)",5,99.58333333333334,2267
"(0.85, 1.0)",1,99.58333333333334,2268
"(0.8333333333333334, 1.0)",2,99.58333333333334,2270
"(0.9166666666666666, 1.0)",2,99.58333333333334,2272
"(0.9333333333333332, 1.0)",1,99.58333333333334,2273
"(0.9833333333333332, 1.0)",6,99.58333333333334,2279
"(0.9, 1.0)",6,99.58333333333334,2285
"(0.75, 1.0)",5,99.58333333333331,2290
"(1.0, 1.0)",6,99.58333333333331,2296
"(0.95, 1.0)",2,99.58333333333331,2298
"(0.9333333333333332, 1.0)",2,99.58333333333331,2300
"(0.8833333333333333, 1.0)",5,99.58333333333331,2305
"(0.8333333333333334, 1.0)",2,99.58333333333331,2307
"(0.7833333333333333, 1.0)",4,99.58333333333331,2311
"(0.7166666666666667, 1.0)",2,99.58333333333331,2313
"(0.8166666666666667, 1.0)",4,99.58333333333331,2317
"(0.9166666666666666, 1.0)",2,99.58333333333331,2319
"(0.7666666666666667, 1.0)",3,99.58333333333331,2322
"(0.9666666666666668, 1.0)",8,99.58333333333331,2330
"(0.9833333333333332, 1.0)",4,99.58333333333331,2334
"(0.8666666666666667, 1.0)",8,99.58333333333331,2342
"(0.9, 1.0)",4,99.58333333333331,2346
"(0.85, 1.0)",1,99.58333333333331,2347
"(0.95, 1.0)",2,99.56666666666668,2349
"(0.8333333333333334, 1.0)",1,99.56666666666668,2350
"(1.0, 1.0)",1,99.56666666666668,2351
"(0.8666666666666667, 1.0)",5,99.56666666666668,2356
"(0.9333333333333332, 1.0)",1,99.56666666666668,2357
"(1.0, 1.0)",1,99.56666666666668,2358
"(0.9666666666666668, 1.0)",1,99.56666666666668,2359
"(0.7666666666666667, 1.0)",2,99.56666666666668,2361
"(0.8333333333333334, 1.0)",10,99.56666666666666,2371
"(1.0, 1.0)",14,99.56666666666666,2385
"(0.9666666666666668, 1.0)",7,99.56666666666666,2392
"(0.9333333333333332, 1.0)",15,99.56666666666666,2407
"(0.9, 1.0)",6,99.56666666666666,2413
"(0.95, 1.0)",8,99.56666666666666,2421
"(0.8666666666666667, 1.0)",5,99.56666666666666,2426
"(0.75, 1.0)",9,99.56666666666666,2435
"(0.7166666666666667, 1.0)",8,99.56666666666666,2443
"(0.9166666666666666, 1.0)",3,99.56666666666666,2446
"(0.7666666666666667, 1.0)",7,99.56666666666666,2453
"(0.8833333333333333, 1.0)",7,99.56666666666666,2460
"(0.8166666666666667, 1.0)",4,99.56666666666666,2464
"(0.9833333333333332, 1.0)",11,99.56666666666666,2475
"(0.7833333333333333, 1.0)",2,99.56666666666666,2477
"(0.85, 1.0)",5,99.56666666666666,2482
"(0.9833333333333332, 0.9958333333333332)",2,99.5625,2484
"(0.9875, 0.9958333333333332)",1,99.55416666666667,2485
"(0.9833333333333332, 1.0)",5,99.55,2490
"(0.7333333333333333, 1.0)",9,99.55,2499
"(0.9666666666666668, 1.0)",7,99.55,2506
"(0.6666666666666666, 1.0)",1,99.55,2507
"(0.8666666666666667, 1.0)",4,99.55,2511
"(0.8166666666666667, 1.0)",10,99.55,2521
"(0.8, 1.0)",9,99.55,2530
"(0.7666666666666667, 1.0)",6,99.55,2536
"(0.9333333333333332, 1.0)",14,99.55,2550
"(0.95, 1.0)",17,99.55,2567
"(0.9333333333333332, 1.0)",1,99.55,2568
"(0.6833333333333333, 1.0)",1,99.55,2569
"(0.9, 1.0)",10,99.55,2579
"(0.85, 1.0)",3,99.55,2582
"(0.75, 1.0)",6,99.55,2588
"(0.7833333333333333, 1.0)",4,99.55,2592
"(1.0, 1.0)",3,99.55,2595
"(0.9166666666666666, 1.0)",3,99.55,2598
"(0.8333333333333334, 1.0)",4,99.55,2602
"(0.7166666666666667, 1.0)",6,99.55,2608
"(0.8833333333333333, 1.0)",11,99.55,2619
"(1.0, 1.0)",1,99.53333333333336,2620
"(0.9, 1.0)",2,99.53333333333336,2622
"(0.95, 1.0)",1,99.53333333333336,2623
"(0.8833333333333333, 1.0)",3,99.53333333333336,2626
"(0.7833333333333333, 1.0)",3,99.53333333333332,2629
"(0.9833333333333332, 1.0)",6,99.53333333333332,2635
"(0.8, 1.0)",9,99.53333333333332,2644
"(0.7166666666666667, 1.0)",3,99.53333333333332,2647
"(0.95, 1.0)",6,99.53333333333332,2653
"(0.9, 1.0)",4,99.53333333333332,2657
"(0.6833333333333333, 1.0)",1,99.53333333333332,2658
"(0.9166666666666666, 1.0)",7,99.53333333333332,2665
"(0.9333333333333332, 1.0)",15,99.53333333333332,2680
"(0.75, 1.0)",4,99.53333333333332,2684
"(0.8833333333333333, 1.0)",13,99.53333333333332,2697
"(0.7333333333333333, 1.0)",3,99.53333333333332,2700
"(0.7, 1.0)",1,99.53333333333332,2701
"(0.6166666666666667, 1.0)",1,99.53333333333332,2702
"(0.9666666666666668, 1.0)",7,99.53333333333332,2709
"(0.7666666666666667, 1.0)",5,99.53333333333332,2714
"(0.8666666666666667, 1.0)",9,99.53333333333332,2723
"(0.8333333333333334, 1.0)",14,99.53333333333332,2737
"(1.0, 1.0)",3,99.53333333333332,2740
"(0.8166666666666667, 1.0)",5,99.53333333333332,2745
"(0.85, 1.0)",3,99.53333333333332,2748
"(0.7777777777777778, 0.9861111111111112)",1,99.5277777777778,2749
"(0.7333333333333333, 1.0)",8,99.51666666666668,2757
"(0.8666666666666667, 1.0)",19,99.51666666666668,2776
"(0.75, 1.0)",1,99.51666666666668,2777
"(0.8166666666666667, 1.0)",12,99.51666666666668,2789
"(0.7166666666666667, 1.0)",2,99.51666666666668,2791
"(0.8, 1.0)",1,99.51666666666668,2792
"(0.9, 1.0)",1,99.51666666666668,2793
"(0.7833333333333333, 1.0)",3,99.51666666666668,2796
"(0.9666666666666668, 1.0)",4,99.51666666666668,2800
"(0.9333333333333332, 1.0)",10,99.51666666666668,2810
"(0.85, 1.0)",6,99.51666666666668,2816
"(0.95, 1.0)",8,99.51666666666668,2824
"(1.0, 1.0)",3,99.51666666666668,2827
"(0.9333333333333332, 1.0)",1,99.51666666666668,2828
"(0.9, 1.0)",6,99.51666666666668,2834
"(0.95, 1.0)",1,99.51666666666668,2835
"(0.6833333333333333, 1.0)",1,99.51666666666668,2836
"(1.0, 1.0)",5,99.51666666666668,2841
"(0.9833333333333332, 1.0)",4,99.51666666666668,2845
"(0.8333333333333334, 1.0)",8,99.51666666666668,2853
"(0.9166666666666666, 1.0)",7,99.51666666666668,2860
"(0.8833333333333333, 1.0)",5,99.51666666666668,2865
"(0.8666666666666667, 1.0)",1,99.51666666666668,2866
"(0.9666666666666668, 1.0)",3,99.51666666666668,2869
"(0.8, 1.0)",14,99.51666666666668,2883
"(0.7666666666666667, 1.0)",2,99.51666666666668,2885
"(0.975, 1.0)",1,99.50833333333335,2886
"(0.9666666666666668, 0.9833333333333332)",1,99.50000000000004,2887
"(0.8, 1.0)",11,99.5,2898
"(0.8666666666666667, 1.0)",11,99.5,2909
"(1.0, 1.0)",11,99.5,2920
"(0.8333333333333334, 1.0)",14,99.5,2934
"(0.7166666666666667, 1.0)",6,99.5,2940
"(0.95, 1.0)",8,99.5,2948
"(0.9333333333333332, 1.0)",5,99.5,2953
"(0.9, 1.0)",1,99.5,2954
"(0.75, 1.0)",3,99.5,2957
"(0.7833333333333333, 1.0)",7,99.5,2964
"(0.7333333333333333, 1.0)",7,99.5,2971
"(0.85, 1.0)",4,99.5,2975
"(0.9, 1.0)",12,99.5,2987
"(0.8833333333333333, 1.0)",7,99.5,2994
"(0.9666666666666668, 1.0)",6,99.5,3000
"(0.9833333333333332, 1.0)",2,99.5,3002
"(0.9166666666666666, 1.0)",1,99.5,3003
"(0.8833333333333333, 1.0)",1,99.5,3004
"(0.9333333333333332, 1.0)",2,99.5,3006
"(0.9166666666666666, 0.9833333333333332)",1,99.5,3007
"(0.9833333333333332, 1.0)",9,99.5,3016
"(1.0, 1.0)",1,99.5,3017
"(0.8166666666666667, 1.0)",7,99.5,3024
"(0.8333333333333334, 0.9833333333333332)",1,99.5,3025
"(0.9166666666666666, 1.0)",1,99.5,3026
"(0.9833333333333332, 0.9958333333333332)",1,99.4916666666667,3027
"(0.9916666666666668, 0.9958333333333332)",1,99.4833333333334,3028
"(0.8166666666666667, 1.0)",1,99.48333333333336,3029
"(0.8833333333333333, 1.0)",5,99.48333333333336,3034
"(0.9166666666666666, 1.0)",1,99.48333333333336,3035
"(1.0, 0.9833333333333332)",1,99.48333333333336,3036
"(0.9666666666666668, 1.0)",2,99.48333333333336,3038
"(0.95, 0.9833333333333332)",4,99.48333333333336,3042
"(0.7333333333333333, 1.0)",1,99.48333333333336,3043
"(0.9833333333333332, 1.0)",9,99.48333333333332,3052
"(0.9166666666666666, 1.0)",3,99.48333333333332,3055
"(0.7, 1.0)",2,99.48333333333332,3057
"(0.7333333333333333, 1.0)",7,99.48333333333332,3064
"(0.9333333333333332, 1.0)",5,99.48333333333332,3069
"(0.9, 1.0)",9,99.48333333333332,3078
"(0.8, 1.0)",6,99.48333333333332,3084
"(0.7666666666666667, 1.0)",1,99.48333333333332,3085
"(0.7666666666666667, 1.0)",4,99.48333333333332,3089
"(0.8666666666666667, 1.0)",13,99.48333333333332,3102
"(0.7833333333333333, 1.0)",5,99.48333333333332,3107
"(0.85, 1.0)",1,99.48333333333332,3108
"(0.9666666666666668, 1.0)",3,99.48333333333332,3111
"(0.95, 1.0)",2,99.48333333333332,3113
"(0.85, 1.0)",6,99.48333333333332,3119
"(0.7166666666666667, 1.0)",17,99.48333333333332,3136
"(0.75, 1.0)",2,99.48333333333332,3138
"(0.8166666666666667, 1.0)",4,99.48333333333332,3142
"(0.8833333333333333, 1.0)",6,99.48333333333332,3148
"(1.0, 1.0)",9,99.48333333333332,3157
"(0.9666666666666668, 1.0)",1,99.48333333333332,3158
"(0.8333333333333334, 1.0)",7,99.48333333333332,3165
"(0.975, 0.9958333333333332)",2,99.47916666666669,3167
"(1.0, 1.0)",1,99.47916666666664,3168
"(0.9583333333333334, 1.0)",1,99.47500000000004,3169
"(0.9875, 1.0)",1,99.47500000000004,3170
"(0.9305555555555556, 1.0)",1,99.47222222222224,3171
"(0.9958333333333332, 0.9958333333333332)",2,99.47083333333336,3173
"(0.95, 0.9833333333333332)",1,99.4666666666667,3174
"(0.9333333333333332, 1.0)",8,99.46666666666668,3182
"(0.9333333333333332, 1.0)",1,99.46666666666668,3183
"(0.6833333333333333, 1.0)",2,99.46666666666668,3185
"(0.95, 1.0)",8,99.46666666666668,3193
"(0.85, 1.0)",6,99.46666666666668,3199
"(0.9833333333333332, 1.0)",7,99.46666666666668,3206
"(0.8833333333333333, 1.0)",8,99.46666666666668,3214
"(0.9166666666666666, 1.0)",2,99.46666666666668,3216
"(0.9666666666666668, 1.0)",3,99.46666666666668,3219
"(0.7, 1.0)",1,99.46666666666668,3220
"(0.8, 1.0)",5,99.46666666666668,3225
"(0.8833333333333333, 1.0)",1,99.46666666666668,3226
"(0.7833333333333333, 1.0)",2,99.46666666666668,3228
"(0.8166666666666667, 1.0)",3,99.46666666666668,3231
"(0.8666666666666667, 1.0)",14,99.46666666666668,3245
"(0.7166666666666667, 1.0)",5,99.46666666666668,3250
"(0.9, 1.0)",5,99.46666666666668,3255
"(0.95, 0.9958333333333332)",2,99.46666666666668,3257
"(0.75, 1.0)",7,99.46666666666668,3264
"(0.7333333333333333, 1.0)",5,99.46666666666668,3269
"(0.9666666666666668, 1.0)",2,99.46666666666668,3271
"(0.7666666666666667, 1.0)",4,99.46666666666668,3275
"(0.8333333333333334, 1.0)",8,99.46666666666668,3283
"(1.0, 1.0)",4,99.46666666666668,3287
"(0.9583333333333334, 0.9958333333333332)",1,99.46249999999998,3288
"(1.0, 0.9958333333333332)",1,99.45833333333331,3289
"(0.9333333333333332, 1.0)",2,99.45000000000002,3291
"(0.9166666666666666, 1.0)",1,99.45000000000002,3292
"(0.95, 1.0)",1,99.45000000000002,3293
"(1.0, 0.9958333333333332)",1,99.45000000000002,3294
"(0.95, 0.9833333333333332)",2,99.45000000000002,3296
"(0.9666666666666668, 1.0)",1,99.45000000000002,3297
"(1.0, 1.0)",1,99.45000000000002,3298
"(0.9166666666666666, 1.0)",1,99.45,3299
"(0.9, 1.0)",4,99.45,3303
"(0.6666666666666666, 1.0)",1,99.45,3304
"(1.0, 1.0)",4,99.45,3308
"(1.0, 1.0)",7,99.45,3315
"(0.7166666666666667, 1.0)",5,99.45,3320
"(0.7833333333333333, 1.0)",2,99.45,3322
"(0.8166666666666667, 1.0)",6,99.45,3328
"(0.9666666666666668, 1.0)",1,99.45,3329
"(1.0, 0.9958333333333332)",1,99.45,3330
"(0.7666666666666667, 1.0)",4,99.45,3334
"(0.8333333333333334, 1.0)",9,99.45,3343
"(0.9833333333333332, 1.0)",5,99.45,3348
"(0.8666666666666667, 1.0)",5,99.45,3353
"(0.75, 1.0)",9,99.45,3362
"(0.85, 1.0)",2,99.45,3364
"(0.8833333333333333, 1.0)",10,99.45,3374
"(0.95, 1.0)",5,99.45,3379
"(0.7, 1.0)",1,99.45,3380
"(0.9333333333333332, 1.0)",4,99.45,3384
"(0.7333333333333333, 1.0)",3,99.45,3387
"(0.9166666666666666, 1.0)",2,99.45,3389
"(0.9666666666666668, 1.0)",6,99.45,3395
"(0.85, 1.0)",7,99.45,3402
"(0.6833333333333333, 1.0)",2,99.45,3404
"(0.8, 1.0)",3,99.45,3407
"(0.8833333333333333, 1.0)",2,99.45,3409
"(0.9958333333333332, 0.9958333333333332)",1,99.44999999999996,3410
"(0.9916666666666668, 1.0)",1,99.4458333333333,3411
"(0.8333333333333334, 1.0)",2,99.43333333333337,3413
"(0.9333333333333332, 0.9833333333333332)",1,99.43333333333337,3414
"(0.8666666666666667, 0.9833333333333332)",1,99.43333333333337,3415
"(0.9333333333333332, 1.0)",1,99.43333333333337,3416
"(0.9708333333333332, 1.0)",1,99.43333333333337,3417
"(0.9833333333333332, 1.0)",1,99.43333333333337,3418
"(0.95, 1.0)",2,99.43333333333337,3420
"(0.9, 1.0)",4,99.43333333333334,3424
"(0.9166666666666666, 1.0)",7,99.43333333333334,3431
"(0.95, 1.0)",4,99.43333333333334,3435
"(0.7333333333333333, 1.0)",5,99.43333333333334,3440
"(0.75, 1.0)",2,99.43333333333334,3442
"(0.9666666666666668, 1.0)",7,99.43333333333334,3449
"(0.8333333333333334, 1.0)",11,99.43333333333334,3460
"(0.8833333333333333, 1.0)",8,99.43333333333334,3468
"(1.0, 1.0)",5,99.43333333333334,3473
"(0.7166666666666667, 1.0)",5,99.43333333333334,3478
"(0.8166666666666667, 1.0)",4,99.43333333333334,3482
"(0.85, 1.0)",12,99.43333333333334,3494
"(0.9833333333333332, 1.0)",1,99.43333333333334,3495
"(0.7666666666666667, 1.0)",2,99.43333333333334,3497
"(0.8, 1.0)",1,99.43333333333334,3498
"(0.8666666666666667, 1.0)",19,99.43333333333334,3517
"(0.7833333333333333, 1.0)",1,99.43333333333334,3518
"(0.9333333333333332, 1.0)",7,99.43333333333334,3525
"(0.8, 1.0)",1,99.43333333333332,3526
"(0.9791666666666666, 1.0)",2,99.4333333333333,3528
"(0.975, 0.9958333333333332)",2,99.42916666666672,3530
"(0.9791666666666666, 1.0)",1,99.42916666666666,3531
"(0.9833333333333332, 1.0)",1,99.42499999999998,3532
"(0.975, 1.0)",1,99.42499999999995,3533
"(0.975, 1.0)",1,99.42083333333332,3534
"(0.9791666666666666, 0.9958333333333332)",1,99.4166666666667,3535
"(0.7666666666666667, 1.0)",1,99.41666666666669,3536
"(0.8833333333333333, 1.0)",1,99.41666666666669,3537
"(0.8166666666666667, 1.0)",4,99.41666666666669,3541
"(0.75, 1.0)",1,99.41666666666669,3542
"(0.7833333333333333, 1.0)",1,99.41666666666669,3543
"(0.9166666666666666, 1.0)",4,99.41666666666669,3547
"(0.6833333333333333, 1.0)",4,99.41666666666669,3551
"(0.9666666666666668, 1.0)",3,99.41666666666669,3554
"(0.9166666666666666, 1.0)",2,99.41666666666669,3556
"(0.8, 1.0)",1,99.41666666666669,3557
"(0.8833333333333333, 1.0)",10,99.41666666666669,3567
"(0.85, 1.0)",2,99.41666666666669,3569
"(0.7166666666666667, 1.0)",3,99.41666666666669,3572
"(0.9833333333333332, 0.9916666666666668)",1,99.41666666666669,3573
"(0.8333333333333334, 1.0)",1,99.41666666666669,3574
"(0.9833333333333332, 1.0)",4,99.41666666666669,3578
"(1.0, 1.0)",8,99.41666666666669,3586
"(0.975, 0.9958333333333332)",2,99.41666666666669,3588
"(0.9666666666666668, 1.0)",1,99.41666666666669,3589
"(0.9, 1.0)",6,99.41666666666669,3595
"(1.0, 1.0)",2,99.41666666666669,3597
"(0.7, 1.0)",1,99.41666666666669,3598
"(0.6666666666666666, 1.0)",1,99.41666666666669,3599
"(0.8666666666666667, 1.0)",6,99.41666666666669,3605
"(0.8, 1.0)",10,99.41666666666666,3615
"(0.7333333333333333, 1.0)",3,99.41666666666666,3618
"(0.95, 1.0)",4,99.41666666666666,3622
"(1.0, 1.0)",2,99.41666666666666,3624
"(0.9833333333333332, 1.0)",3,99.41666666666666,3627
"(0.8666666666666667, 1.0)",3,99.41666666666666,3630
"(0.9333333333333332, 1.0)",3,99.41666666666666,3633
"(0.9666666666666668, 1.0)",3,99.41666666666666,3636
"(0.9444444444444444, 1.0)",1,99.41666666666666,3637
"(0.8833333333333333, 1.0)",8,99.41666666666666,3645
"(0.7, 1.0)",2,99.41666666666666,3647
"(0.8333333333333334, 1.0)",2,99.41666666666666,3649
"(1.0, 1.0)",1,99.41250000000002,3650
"(0.9875, 0.9958333333333332)",1,99.41249999999997,3651
"(0.9875, 0.9958333333333332)",2,99.4083333333334,3653
"(0.9875, 0.9958333333333332)",2,99.40833333333336,3655
"(0.9916666666666668, 0.9958333333333332)",2,99.40833333333336,3657
"(1.0, 0.9958333333333332)",1,99.40833333333332,3658
"(0.9791666666666666, 0.9958333333333332)",2,99.40416666666673,3660
"(0.9875, 0.9958333333333332)",2,99.40416666666673,3662
"(0.9833333333333332, 0.9958333333333332)",1,99.40416666666673,3663
"(1.0, 0.9958333333333332)",2,99.40416666666668,3665
"(0.9444444444444444, 1.0)",1,99.4027777777778,3666
"(0.9305555555555556, 1.0)",1,99.40277777777776,3667
"(0.9875, 0.9958333333333332)",1,99.40000000000006,3668
"(0.95, 1.0)",1,99.40000000000003,3669
"(0.9166666666666666, 1.0)",2,99.40000000000002,3671
"(0.9, 1.0)",1,99.40000000000002,3672
"(0.95, 0.9833333333333332)",1,99.40000000000002,3673
"(0.8333333333333334, 1.0)",4,99.40000000000002,3677
"(1.0, 0.9833333333333332)",2,99.40000000000002,3679
"(0.7333333333333333, 1.0)",6,99.4,3685
"(0.9833333333333332, 1.0)",1,99.4,3686
"(0.8, 1.0)",1,99.4,3687
"(0.9, 1.0)",5,99.4,3692
"(0.8166666666666667, 1.0)",3,99.4,3695
"(0.7666666666666667, 1.0)",5,99.4,3700
"(0.75, 1.0)",4,99.4,3704
"(0.8833333333333333, 1.0)",2,99.4,3706
"(0.8166666666666667, 1.0)",1,99.4,3707
"(0.9666666666666668, 1.0)",9,99.4,3716
"(0.9833333333333332, 1.0)",6,99.4,3722
"(0.6833333333333333, 1.0)",3,99.4,3725
"(0.9166666666666666, 1.0)",6,99.4,3731
"(0.8666666666666667, 1.0)",6,99.4,3737
"(0.85, 1.0)",8,99.4,3745
"(0.9333333333333332, 1.0)",9,99.4,3754
"(0.8333333333333334, 1.0)",9,99.4,3763
"(0.7833333333333333, 1.0)",3,99.4,3766
"(0.6166666666666667, 1.0)",1,99.4,3767
"(1.0, 1.0)",7,99.4,3774
"(0.9875, 0.9958333333333332)",1,99.3958333333334,3775
"(0.9708333333333332, 0.9958333333333332)",1,99.39583333333336,3776
"(0.9833333333333332, 0.9958333333333332)",1,99.39583333333334,3777
"(1.0, 0.9958333333333332)",1,99.39583333333331,3778
"(0.9791666666666666, 0.9958333333333332)",1,99.39166666666672,3779
"(0.9958333333333332, 0.9958333333333332)",1,99.39166666666672,3780
"(1.0, 0.9958333333333332)",1,99.39166666666668,3781
"(0.9444444444444444, 1.0)",1,99.38888888888889,3782
"(0.9305555555555556, 1.0)",4,99.38888888888889,3786
"(0.8333333333333334, 1.0)",1,99.38888888888889,3787
"(0.8888888888888888, 1.0)",1,99.38888888888889,3788
"(0.9875, 0.9958333333333332)",1,99.38750000000006,3789
"(0.9833333333333332, 0.9958333333333332)",1,99.38750000000006,3790
"(0.975, 0.9958333333333332)",1,99.38750000000005,3791
"(0.9958333333333332, 0.9958333333333332)",1,99.3875,3792
"(0.9791666666666666, 1.0)",1,99.3875,3793
"(0.9958333333333332, 0.9958333333333332)",2,99.38749999999996,3795
"(0.9, 1.0)",1,99.38333333333335,3796
"(0.9166666666666666, 1.0)",4,99.38333333333335,3800
"(0.9333333333333332, 1.0)",1,99.38333333333335,3801
"(0.95, 0.9833333333333332)",3,99.38333333333335,3804
"(0.8333333333333334, 1.0)",2,99.38333333333335,3806
"(0.9833333333333332, 0.9958333333333332)",1,99.38333333333335,3807
"(0.7333333333333333, 1.0)",1,99.38333333333334,3808
"(0.9333333333333332, 1.0)",4,99.38333333333334,3812
"(0.8833333333333333, 1.0)",1,99.38333333333334,3813
"(0.9666666666666668, 1.0)",7,99.38333333333334,3820
"(0.8666666666666667, 1.0)",1,99.38333333333334,3821
"(0.9166666666666666, 1.0)",4,99.38333333333334,3825
"(0.75, 1.0)",1,99.38333333333334,3826
"(0.9833333333333332, 1.0)",2,99.38333333333334,3828
"(0.95, 1.0)",2,99.38333333333334,3830
"(0.9, 1.0)",3,99.38333333333334,3833
"(0.8, 1.0)",3,99.38333333333334,3836
"(1.0, 1.0)",2,99.38333333333334,3838
"(0.8333333333333334, 1.0)",1,99.38333333333334,3839
"(1.0, 1.0)",9,99.38333333333333,3848
"(0.8833333333333333, 1.0)",7,99.38333333333333,3855
"(0.95, 1.0)",7,99.38333333333333,3862
"(0.8, 1.0)",6,99.38333333333333,3868
"(0.8333333333333334, 1.0)",5,99.38333333333333,3873
"(0.9958333333333332, 0.9958333333333332)",1,99.38333333333333,3874
"(0.7166666666666667, 1.0)",5,99.38333333333333,3879
"(0.9833333333333332, 1.0)",3,99.38333333333333,3882
"(0.9333333333333332, 1.0)",2,99.38333333333333,3884
"(0.9, 1.0)",3,99.38333333333333,3887
"(0.8666666666666667, 1.0)",7,99.38333333333333,3894
"(0.9666666666666668, 1.0)",6,99.38333333333333,3900
"(0.75, 1.0)",2,99.38333333333333,3902
"(0.8166666666666667, 1.0)",9,99.38333333333333,3911
"(0.85, 1.0)",2,99.38333333333333,3913
"(0.7, 1.0)",1,99.38333333333333,3914
"(0.7833333333333333, 1.0)",7,99.38333333333333,3921
"(0.7333333333333333, 1.0)",3,99.38333333333333,3924
"(0.7666666666666667, 1.0)",8,99.38333333333333,3932
"(0.9166666666666666, 1.0)",2,99.38333333333333,3934
"(0.6833333333333333, 1.0)",1,99.38333333333333,3935
"(0.9625, 1.0)",1,99.3833333333333,3936
"(0.9875, 0.9958333333333332)",1,99.3791666666667,3937
"(0.975, 0.9958333333333332)",1,99.37916666666668,3938
"(0.975, 0.9958333333333332)",1,99.3750000000001,3939
"(0.9833333333333332, 0.9958333333333332)",2,99.37500000000004,3941
"(0.9833333333333332, 0.9958333333333332)",2,99.37500000000004,3943
"(0.9916666666666668, 0.9958333333333332)",1,99.37500000000004,3944
"(0.9875, 0.9958333333333332)",1,99.37500000000004,3945
"(1.0, 1.0)",1,99.37083333333337,3946
"(0.975, 0.9958333333333332)",1,99.37083333333337,3947
"(0.9833333333333332, 0.9958333333333332)",1,99.36666666666672,3948
"(1.0, 1.0)",1,99.3666666666667,3949
"(0.6833333333333333, 1.0)",2,99.36666666666667,3951
"(0.8666666666666667, 1.0)",4,99.36666666666667,3955
"(0.9833333333333332, 1.0)",5,99.36666666666667,3960
"(0.7666666666666667, 0.9833333333333332)",1,99.36666666666667,3961
"(0.7333333333333333, 1.0)",1,99.36666666666667,3962
"(0.7166666666666667, 1.0)",5,99.36666666666667,3967
"(0.8333333333333334, 1.0)",9,99.36666666666667,3976
"(0.85, 1.0)",4,99.36666666666667,3980
"(0.9666666666666668, 1.0)",5,99.36666666666667,3985
"(0.9666666666666668, 0.9833333333333332)",1,99.36666666666667,3986
"(0.7333333333333333, 0.9833333333333332)",2,99.36666666666667,3988
"(0.8166666666666667, 1.0)",3,99.36666666666667,3991
"(0.7666666666666667, 1.0)",2,99.36666666666667,3993
"(0.9333333333333332, 1.0)",5,99.36666666666667,3998
"(0.9333333333333332, 1.0)",5,99.36666666666667,4003
"(0.8833333333333333, 1.0)",9,99.36666666666667,4012
"(1.0, 1.0)",4,99.36666666666667,4016
"(0.8333333333333334, 1.0)",1,99.36666666666667,4017
"(0.95, 1.0)",2,99.36666666666667,4019
"(0.95, 0.9833333333333332)",1,99.36666666666667,4020
"(0.85, 1.0)",1,99.36666666666667,4021
"(0.9, 1.0)",6,99.36666666666667,4027
"(0.9166666666666666, 1.0)",3,99.36666666666667,4030
"(0.9166666666666666, 0.9833333333333332)",1,99.36666666666667,4031
"(0.75, 1.0)",2,99.36666666666667,4033
"(0.7833333333333333, 1.0)",1,99.36666666666667,4034
"(0.9166666666666666, 1.0)",2,99.36666666666667,4036
"(0.8, 1.0)",3,99.36666666666667,4039
"(0.7333333333333333, 1.0)",1,99.36666666666666,4040
"(0.7166666666666667, 1.0)",1,99.36666666666666,4041
"(0.8666666666666667, 1.0)",1,99.36666666666666,4042
"(0.9958333333333332, 0.9958333333333332)",2,99.36666666666666,4044
"(1.0, 1.0)",2,99.36666666666666,4046
"(0.8333333333333334, 1.0)",1,99.36666666666666,4047
"(0.85, 1.0)",2,99.36666666666666,4049
"(0.9541666666666668, 0.9958333333333332)",1,99.36250000000004,4050
"(1.0, 0.9958333333333332)",2,99.3625,4052
"(0.9708333333333332, 0.9958333333333332)",1,99.3625,4053
"(0.9708333333333332, 1.0)",1,99.36249999999998,4054
"(0.9833333333333332, 1.0)",1,99.36249999999998,4055
"(0.7777777777777778, 1.0)",1,99.36111111111111,4056
"(0.9444444444444444, 1.0)",1,99.3611111111111,4057
"(0.975, 0.9958333333333332)",1,99.3583333333334,4058
"(0.9916666666666668, 0.9958333333333332)",1,99.3583333333334,4059
"(0.9666666666666668, 0.9958333333333332)",1,99.3583333333334,4060
"(0.9833333333333332, 0.9958333333333332)",1,99.35833333333338,4061
"(0.9791666666666666, 0.9958333333333332)",1,99.35833333333336,4062
"(0.975, 0.9958333333333332)",2,99.35833333333336,4064
"(0.9833333333333332, 0.9958333333333332)",3,99.35416666666671,4067
"(0.9875, 0.9958333333333332)",1,99.35416666666671,4068
"(0.9833333333333332, 1.0)",1,99.35416666666669,4069
"(0.9833333333333332, 0.9958333333333332)",1,99.35416666666669,4070
"(0.9833333333333332, 0.9958333333333332)",1,99.35416666666669,4071
"(0.9791666666666666, 0.9958333333333332)",1,99.35416666666664,4072
"(0.975, 0.9958333333333332)",2,99.35000000000004,4074
"(0.9333333333333332, 1.0)",1,99.35000000000002,4075
"(0.8833333333333333, 1.0)",2,99.35000000000002,4077
"(0.9, 0.9833333333333332)",1,99.35000000000002,4078
"(0.9166666666666666, 1.0)",2,99.35000000000002,4080
"(0.9833333333333332, 1.0)",1,99.35000000000002,4081
"(1.0, 0.9833333333333332)",1,99.35000000000002,4082
"(0.8333333333333334, 1.0)",5,99.35,4087
"(0.8166666666666667, 1.0)",1,99.35,4088
"(0.95, 1.0)",6,99.35,4094
"(0.7666666666666667, 1.0)",3,99.35,4097
"(0.8166666666666667, 1.0)",3,99.35,4100
"(0.9333333333333332, 1.0)",6,99.35,4106
"(0.75, 1.0)",2,99.35,4108
"(0.8666666666666667, 1.0)",5,99.35,4113
"(0.7, 1.0)",1,99.35,4114
"(0.9375, 1.0)",1,99.35,4115
"(0.9833333333333332, 1.0)",6,99.35,4121
"(0.8, 1.0)",1,99.35,4122
"(0.6833333333333333, 1.0)",6,99.35,4128
"(0.9166666666666666, 1.0)",1,99.35,4129
"(0.9166666666666666, 1.0)",2,99.35,4131
"(0.9833333333333332, 0.9958333333333332)",2,99.35,4133
"(0.75, 0.9833333333333332)",1,99.35,4134
"(0.8, 1.0)",3,99.35,4137
"(0.9, 1.0)",4,99.35,4141
"(0.7166666666666667, 1.0)",10,99.35,4151
"(0.95, 1.0)",1,99.35,4152
"(0.85, 1.0)",1,99.35,4153
"(1.0, 1.0)",10,99.35,4163
"(0.8833333333333333, 1.0)",13,99.35,4176
"(0.85, 1.0)",4,99.35,4180
"(0.9666666666666668, 1.0)",3,99.35,4183
"(0.7833333333333333, 1.0)",3,99.35,4186
"(0.8833333333333333, 1.0)",7,99.35,4193
"(0.7333333333333333, 0.9833333333333332)",1,99.35,4194
"(0.7333333333333333, 1.0)",1,99.35,4195
"(0.6666666666666666, 1.0)",1,99.35,4196
"(0.9166666666666666, 1.0)",1,99.34722222222224,4197
"(0.9166666666666666, 1.0)",4,99.3472222222222,4201
"(0.9875, 0.9958333333333332)",2,99.3458333333334,4203
"(0.9875, 0.9958333333333332)",2,99.34583333333336,4205
"(0.9875, 0.9958333333333332)",1,99.34583333333336,4206
"(0.9916666666666668, 0.9958333333333332)",2,99.34583333333336,4208
"(0.95, 0.9958333333333332)",1,99.34583333333332,4209
"(0.9916666666666668, 0.9958333333333332)",3,99.34166666666673,4212
"(0.9875, 0.9958333333333332)",2,99.34166666666673,4214
"(0.9833333333333332, 0.9958333333333332)",1,99.34166666666668,4215
"(0.9833333333333332, 0.9958333333333332)",1,99.34166666666668,4216
"(0.9541666666666668, 0.9958333333333332)",2,99.34166666666668,4218
"(0.9916666666666668, 0.9958333333333332)",1,99.33750000000003,4219
"(0.9791666666666666, 0.9958333333333332)",2,99.33750000000003,4221
"(0.975, 0.9958333333333332)",1,99.33750000000003,4222
"(0.9833333333333332, 0.9958333333333332)",1,99.33750000000002,4223
"(0.9833333333333332, 0.9958333333333332)",1,99.33749999999998,4224
"(0.9833333333333332, 0.9958333333333332)",1,99.3333333333334,4225
"(0.9875, 0.9958333333333332)",2,99.3333333333334,4227
"(0.9916666666666668, 0.9958333333333332)",3,99.3333333333334,4230
"(0.9916666666666668, 0.9958333333333332)",1,99.33333333333336,4231
"(0.9166666666666666, 1.0)",1,99.33333333333336,4232
"(0.9333333333333332, 0.9833333333333332)",3,99.33333333333336,4235
"(1.0, 1.0)",1,99.33333333333336,4236
"(0.95, 0.9833333333333332)",1,99.33333333333336,4237
"(1.0, 0.9833333333333332)",2,99.33333333333336,4239
"(0.9, 1.0)",1,99.33333333333334,4240
"(0.8333333333333334, 1.0)",4,99.33333333333334,4244
"(0.6833333333333333, 1.0)",1,99.33333333333334,4245
"(0.7666666666666667, 1.0)",2,99.33333333333334,4247
"(0.8, 1.0)",1,99.33333333333334,4248
"(0.8833333333333333, 0.9833333333333332)",1,99.33333333333334,4249
"(0.8166666666666667, 1.0)",6,99.33333333333334,4255
"(0.8666666666666667, 1.0)",9,99.33333333333334,4264
"(0.9666666666666668, 1.0)",1,99.33333333333334,4265
"(0.9333333333333332, 1.0)",6,99.33333333333334,4271
"(0.9, 0.9833333333333332)",1,99.33333333333334,4272
"(0.8833333333333333, 1.0)",7,99.33333333333334,4279
"(0.6666666666666666, 1.0)",1,99.33333333333334,4280
"(0.7333333333333333, 1.0)",1,99.33333333333334,4281
"(0.9833333333333332, 1.0)",7,99.33333333333334,4288
"(0.85, 1.0)",4,99.33333333333334,4292
"(0.75, 1.0)",2,99.33333333333334,4294
"(0.9166666666666666, 1.0)",7,99.33333333333334,4301
"(0.9027777777777778, 1.0)",1,99.33333333333334,4302
"(1.0, 1.0)",1,99.33333333333334,4303
"(0.8055555555555556, 1.0)",1,99.33333333333334,4304
"(0.7166666666666667, 1.0)",1,99.33333333333334,4305
"(0.95, 1.0)",4,99.33333333333334,4309
"(0.7, 1.0)",1,99.33333333333334,4310
"(0.6833333333333333, 1.0)",3,99.33333333333331,4313
"(0.7833333333333333, 1.0)",4,99.33333333333331,4317
"(0.9666666666666668, 1.0)",2,99.33333333333331,4319
"(0.8166666666666667, 1.0)",2,99.33333333333331,4321
"(0.95, 1.0)",3,99.33333333333331,4324
"(0.7666666666666667, 1.0)",1,99.33333333333331,4325
"(0.6166666666666667, 1.0)",1,99.33333333333331,4326
"(0.8333333333333334, 1.0)",3,99.33333333333331,4329
"(0.75, 1.0)",1,99.33333333333331,4330
"(0.9166666666666666, 1.0)",2,99.33333333333331,4332
"(0.9333333333333332, 1.0)",4,99.33333333333331,4336
"(0.85, 1.0)",4,99.33333333333331,4340
"(0.9027777777777778, 1.0)",1,99.33333333333331,4341
"(0.8666666666666667, 1.0)",5,99.33333333333331,4346
"(0.7333333333333333, 1.0)",4,99.33333333333331,4350
"(0.9833333333333332, 1.0)",3,99.33333333333331,4353
"(0.8833333333333333, 1.0)",3,99.33333333333331,4356
"(0.7166666666666667, 1.0)",2,99.33333333333331,4358
"(1.0, 1.0)",4,99.33333333333331,4362
"(0.9, 1.0)",1,99.33333333333331,4363
"(0.9916666666666668, 0.9958333333333332)",2,99.3333333333333,4365
"(0.9833333333333332, 0.9958333333333332)",1,99.3333333333333,4366
"(0.9875, 0.9958333333333332)",1,99.32916666666678,4367
"(0.9916666666666668, 0.9958333333333332)",1,99.32916666666672,4368
"(0.9625, 0.9958333333333332)",1,99.3291666666667,4369
"(0.9916666666666668, 0.9958333333333332)",1,99.32916666666664,4370
"(0.975, 0.9958333333333332)",1,99.32500000000006,4371
"(0.9791666666666666, 0.9958333333333332)",1,99.32500000000005,4372
"(0.9791666666666666, 0.9958333333333332)",1,99.32500000000005,4373
"(0.95, 0.9958333333333332)",1,99.325,4374
"(0.9375, 0.9958333333333332)",1,99.325,4375
"(0.975, 1.0)",1,99.325,4376
"(0.9833333333333332, 0.9958333333333332)",1,99.325,4377
"(0.9833333333333332, 0.9958333333333332)",1,99.32499999999992,4378
"(0.9791666666666666, 0.9958333333333332)",1,99.3208333333334,4379
"(0.9875, 0.9958333333333332)",1,99.3208333333334,4380
"(0.9833333333333332, 0.9958333333333332)",1,99.32083333333335,4381
"(0.9791666666666666, 0.9958333333333332)",2,99.32083333333334,4383
"(0.9833333333333332, 0.9958333333333332)",1,99.32083333333328,4384
"(0.8333333333333334, 0.9861111111111112)",1,99.31944444444444,4385
"(0.7916666666666666, 1.0)",1,99.31944444444444,4386
"(0.9625, 0.9958333333333332)",1,99.31666666666672,4387
"(0.9833333333333332, 0.9958333333333332)",1,99.31666666666672,4388
"(0.9916666666666668, 0.9958333333333332)",2,99.3166666666667,4390
"(0.8833333333333333, 1.0)",2,99.31666666666668,4392
"(0.8666666666666667, 1.0)",1,99.31666666666668,4393
"(0.9333333333333332, 1.0)",8,99.31666666666668,4401
"(0.85, 1.0)",3,99.31666666666668,4404
"(0.9666666666666668, 0.9833333333333332)",1,99.31666666666668,4405
"(0.6666666666666666, 1.0)",2,99.31666666666668,4407
"(0.9875, 0.9958333333333332)",1,99.31666666666668,4408
"(1.0, 1.0)",1,99.31666666666668,4409
"(0.9166666666666666, 0.9833333333333332)",1,99.31666666666668,4410
"(0.8833333333333333, 1.0)",1,99.31666666666668,4411
"(0.9166666666666666, 0.9833333333333332)",1,99.31666666666668,4412
"(0.8, 1.0)",1,99.31666666666668,4413
"(0.7833333333333333, 1.0)",1,99.31666666666668,4414
"(1.0, 0.9833333333333332)",1,99.31666666666668,4415
"(1.0, 0.9833333333333332)",6,99.31666666666668,4421
"(0.9833333333333332, 1.0)",1,99.31666666666668,4422
"(0.95, 1.0)",1,99.31666666666668,4423
"(0.9666666666666668, 1.0)",2,99.31666666666668,4425
"(0.8333333333333334, 1.0)",3,99.31666666666668,4428
"(0.9, 1.0)",5,99.31666666666666,4433
"(0.75, 1.0)",5,99.31666666666666,4438
"(0.8666666666666667, 1.0)",2,99.31666666666666,4440
"(0.9166666666666666, 1.0)",3,99.31666666666666,4443
"(0.8, 1.0)",4,99.31666666666666,4447
"(0.8833333333333333, 1.0)",5,99.31666666666666,4452
"(1.0, 1.0)",7,99.31666666666666,4459
"(0.7, 1.0)",2,99.31666666666666,4461
"(0.6833333333333333, 1.0)",3,99.31666666666666,4464
"(0.95, 1.0)",1,99.31666666666666,4465
"(0.8166666666666667, 1.0)",3,99.31666666666666,4468
"(0.7666666666666667, 1.0)",1,99.31666666666666,4469
"(0.7333333333333333, 1.0)",2,99.31666666666666,4471
"(0.7166666666666667, 1.0)",9,99.31666666666666,4480
"(0.9833333333333332, 1.0)",10,99.31666666666666,4490
"(0.9333333333333332, 1.0)",5,99.31666666666666,4495
"(0.9666666666666668, 1.0)",1,99.31666666666666,4496
"(0.9875, 0.9958333333333332)",1,99.3166666666666,4497
"(0.9833333333333332, 0.9958333333333332)",1,99.31250000000006,4498
"(0.9875, 0.9958333333333332)",2,99.31250000000004,4500
"(0.9875, 0.9958333333333332)",1,99.31250000000004,4501
"(0.975, 0.9958333333333332)",1,99.31250000000004,4502
"(0.9833333333333332, 0.9958333333333332)",3,99.3125,4505
"(1.0, 0.9958333333333332)",2,99.3125,4507
"(0.9916666666666668, 0.9958333333333332)",1,99.31249999999996,4508
"(0.975, 0.9958333333333332)",1,99.30833333333338,4509
"(0.9916666666666668, 0.9958333333333332)",2,99.30833333333337,4511
"(0.9833333333333332, 0.9958333333333332)",2,99.30833333333334,4513
"(0.9875, 1.0)",1,99.30833333333332,4514
"(0.9833333333333332, 0.9958333333333332)",1,99.30833333333332,4515
"(0.75, 1.0)",1,99.30555555555556,4516
"(0.9027777777777778, 1.0)",1,99.30555555555556,4517
"(0.9916666666666668, 0.9958333333333332)",1,99.30416666666672,4518
"(0.9875, 0.9958333333333332)",2,99.30416666666667,4520
"(0.9833333333333332, 1.0)",1,99.30416666666665,4521
"(0.9791666666666666, 0.9958333333333332)",2,99.30000000000008,4523
"(0.9916666666666668, 0.9958333333333332)",1,99.30000000000004,4524
"(0.95, 0.9833333333333332)",1,99.30000000000004,4525
"(1.0, 1.0)",1,99.30000000000004,4526
"(0.9833333333333332, 0.9958333333333332)",2,99.30000000000004,4528
"(0.9916666666666668, 0.9958333333333332)",1,99.30000000000004,4529
"(0.7333333333333333, 0.9833333333333332)",2,99.30000000000004,4531
"(0.9166666666666666, 1.0)",1,99.30000000000004,4532
"(0.9, 1.0)",1,99.30000000000004,4533
"(0.9875, 0.9958333333333332)",1,99.30000000000004,4534
"(0.9708333333333332, 0.9958333333333332)",1,99.30000000000004,4535
"(0.7166666666666667, 1.0)",2,99.3,4537
"(0.95, 1.0)",2,99.3,4539
"(0.8666666666666667, 1.0)",5,99.3,4544
"(0.95, 1.0)",2,99.3,4546
"(0.9875, 0.9958333333333332)",2,99.3,4548
"(0.9333333333333332, 1.0)",2,99.3,4550
"(0.8, 1.0)",2,99.3,4552
"(0.7666666666666667, 1.0)",5,99.3,4557
"(0.6666666666666666, 1.0)",1,99.3,4558
"(0.9166666666666666, 1.0)",5,99.3,4563
"(0.9833333333333332, 1.0)",12,99.3,4575
"(0.7333333333333333, 1.0)",4,99.3,4579
"(0.7166666666666667, 1.0)",2,99.3,4581
"(0.8333333333333334, 1.0)",4,99.3,4585
"(1.0, 1.0)",2,99.3,4587
"(0.7333333333333333, 1.0)",1,99.3,4588
"(0.8166666666666667, 1.0)",5,99.3,4593
"(0.8833333333333333, 1.0)",4,99.3,4597
"(0.9666666666666668, 1.0)",4,99.3,4601
"(0.8666666666666667, 1.0)",6,99.3,4607
"(0.85, 1.0)",5,99.3,4612
"(0.9333333333333332, 1.0)",2,99.3,4614
"(0.9166666666666666, 1.0)",3,99.3,4617
"(0.75, 1.0)",3,99.3,4620
"(0.7666666666666667, 1.0)",1,99.3,4621
"(0.85, 1.0)",1,99.3,4622
"(0.9, 1.0)",2,99.3,4624
"(1.0, 1.0)",9,99.3,4633
"(0.9, 1.0)",7,99.3,4640
"(0.9958333333333332, 0.9958333333333332)",1,99.3,4641
"(0.9666666666666668, 1.0)",3,99.3,4644
"(1.0, 1.0)",1,99.29999999999998,4645
"(0.9875, 0.9958333333333332)",1,99.2958333333334,4646
"(0.9916666666666668, 0.9958333333333332)",1,99.29583333333338,4647
"(0.9875, 0.9958333333333332)",2,99.29583333333338,4649
"(0.9833333333333332, 0.9958333333333332)",2,99.29583333333338,4651
"(0.9708333333333332, 0.9958333333333332)",1,99.29583333333336,4652
"(0.975, 0.9958333333333332)",1,99.29166666666671,4653
"(0.9875, 0.9958333333333332)",1,99.29166666666671,4654
"(0.9583333333333334, 0.9916666666666668)",1,99.2916666666667,4655
"(0.9305555555555556, 1.0)",4,99.29166666666669,4659
"(0.9708333333333332, 0.9958333333333332)",2,99.29166666666669,4661
"(0.975, 1.0)",1,99.29166666666669,4662
"(0.8194444444444444, 1.0)",4,99.29166666666666,4666
"(0.9166666666666666, 1.0)",1,99.29166666666666,4667
"(0.9027777777777778, 1.0)",1,99.29166666666666,4668
"(0.9833333333333332, 0.9958333333333332)",2,99.2916666666666,4670
"(0.9916666666666668, 0.9958333333333332)",1,99.28750000000008,4671
"(0.975, 0.9958333333333332)",1,99.28750000000004,4672
"(0.9625, 0.9958333333333332)",1,99.28750000000004,4673
"(0.9666666666666668, 0.9958333333333332)",1,99.28750000000004,4674
"(0.9875, 0.9958333333333332)",1,99.28750000000004,4675
"(0.9916666666666668, 0.9958333333333332)",2,99.28750000000004,4677
"(0.975, 0.9958333333333332)",1,99.2875,4678
"(0.9958333333333332, 0.9958333333333332)",1,99.2875,4679
"(0.9791666666666666, 0.9958333333333332)",1,99.28749999999997,4680
"(0.9916666666666668, 0.9958333333333332)",1,99.28749999999994,4681
"(0.975, 1.0)",1,99.28749999999994,4682
"(0.9708333333333332, 0.9958333333333332)",2,99.2833333333334,4684
"(0.9, 0.9833333333333332)",1,99.28333333333336,4685
"(0.9833333333333332, 1.0)",1,99.28333333333336,4686
"(0.85, 1.0)",2,99.28333333333336,4688
"(0.9833333333333332, 0.9958333333333332)",1,99.28333333333336,4689
"(0.9166666666666666, 1.0)",2,99.28333333333336,4691
"(0.8333333333333334, 1.0)",2,99.28333333333336,4693
"(0.95, 1.0)",1,99.28333333333336,4694
"(0.9333333333333332, 1.0)",4,99.28333333333336,4698
"(0.9666666666666668, 0.9958333333333332)",1,99.28333333333336,4699
"(0.8833333333333333, 1.0)",2,99.28333333333336,4701
"(0.85, 1.0)",1,99.28333333333336,4702
"(0.6666666666666666, 0.9833333333333332)",1,99.28333333333336,4703
"(0.8833333333333333, 0.9833333333333332)",2,99.28333333333336,4705
"(1.0, 1.0)",1,99.28333333333336,4706
"(0.9833333333333332, 0.9958333333333332)",2,99.28333333333336,4708
"(0.75, 1.0)",1,99.28333333333336,4709
"(0.9166666666666666, 0.9833333333333332)",1,99.28333333333336,4710
"(0.9, 1.0)",3,99.28333333333336,4713
"(0.9166666666666666, 0.9833333333333332)",1,99.28333333333336,4714
"(0.8666666666666667, 1.0)",2,99.28333333333336,4716
"(0.9, 1.0)",6,99.28333333333332,4722
"(0.7, 1.0)",1,99.28333333333332,4723
"(1.0, 1.0)",10,99.28333333333332,4733
"(1.0, 0.9916666666666668)",1,99.28333333333332,4734
"(0.7166666666666667, 1.0)",4,99.28333333333332,4738
"(0.95, 1.0)",6,99.28333333333332,4744
"(0.9166666666666666, 1.0)",3,99.28333333333332,4747
"(0.8833333333333333, 1.0)",4,99.28333333333332,4751
"(0.8166666666666667, 1.0)",4,99.28333333333332,4755
"(0.9833333333333332, 1.0)",1,99.28333333333332,4756
"(0.8666666666666667, 1.0)",7,99.28333333333332,4763
"(1.0, 0.9958333333333332)",2,99.28333333333332,4765
"(0.7833333333333333, 1.0)",2,99.28333333333332,4767
"(0.7333333333333333, 1.0)",4,99.28333333333332,4771
"(0.9666666666666668, 1.0)",3,99.28333333333332,4774
"(0.7666666666666667, 1.0)",5,99.28333333333332,4779
"(0.85, 1.0)",6,99.28333333333332,4785
"(0.8333333333333334, 1.0)",8,99.28333333333332,4793
"(0.8, 1.0)",5,99.28333333333332,4798
"(0.9333333333333332, 1.0)",3,99.28333333333332,4801
"(0.975, 0.9958333333333332)",2,99.27916666666674,4803
"(0.9833333333333332, 0.9958333333333332)",1,99.27916666666673,4804
"(0.9916666666666668, 0.9958333333333332)",2,99.27916666666673,4806
"(0.9791666666666666, 0.9958333333333332)",1,99.27916666666673,4807
"(0.9666666666666668, 0.9958333333333332)",2,99.27916666666673,4809
"(0.9833333333333332, 0.9958333333333332)",1,99.27916666666668,4810
"(0.9958333333333332, 0.9958333333333332)",1,99.27916666666668,4811
"(0.9916666666666668, 0.9958333333333332)",1,99.27916666666664,4812
"(0.75, 1.0)",2,99.2777777777778,4814
"(0.8194444444444444, 1.0)",1,99.27777777777776,4815
"(0.9027777777777778, 1.0)",4,99.27777777777776,4819
"(0.9166666666666666, 1.0)",1,99.27777777777776,4820
"(0.9833333333333332, 0.9958333333333332)",2,99.27500000000006,4822
"(0.9833333333333332, 0.9958333333333332)",2,99.27500000000003,4824
"(0.9833333333333332, 0.9958333333333332)",1,99.27500000000003,4825
"(0.9708333333333332, 0.9958333333333332)",1,99.27500000000003,4826
"(0.975, 0.9958333333333332)",2,99.27500000000003,4828
"(0.9791666666666666, 0.9958333333333332)",1,99.27500000000003,4829
"(0.9833333333333332, 0.9958333333333332)",2,99.27500000000002,4831
"(0.9916666666666668, 0.9958333333333332)",2,99.27499999999996,4833
"(0.975, 0.9916666666666668)",1,99.27499999999992,4834
"(0.975, 0.9958333333333332)",1,99.2708333333334,4835
"(0.9583333333333334, 0.9916666666666668)",1,99.27083333333336,4836
"(0.9833333333333332, 0.9958333333333332)",1,99.27083333333334,4837
"(0.9833333333333332, 0.9958333333333332)",1,99.27083333333331,4838
"(0.9916666666666668, 0.9958333333333332)",2,99.27083333333331,4840
"(0.95, 0.9958333333333332)",1,99.27083333333331,4841
"(0.9791666666666666, 0.9958333333333332)",1,99.26666666666677,4842
"(1.0, 0.9958333333333332)",1,99.26666666666674,4843
"(0.975, 0.9958333333333332)",1,99.26666666666672,4844
"(0.9666666666666668, 0.9958333333333332)",1,99.26666666666672,4845
"(0.9875, 0.9958333333333332)",1,99.2666666666667,4846
"(0.9, 1.0)",2,99.2666666666667,4848
"(0.9916666666666668, 0.9958333333333332)",1,99.2666666666667,4849
"(0.7333333333333333, 0.9833333333333332)",1,99.26666666666668,4850
"(0.8833333333333333, 1.0)",4,99.26666666666668,4854
"(0.8666666666666667, 0.9833333333333332)",1,99.26666666666668,4855
"(0.9, 1.0)",6,99.26666666666668,4861
"(0.95, 1.0)",1,99.26666666666668,4862
"(0.8833333333333333, 1.0)",10,99.26666666666668,4872
"(0.9333333333333332, 1.0)",6,99.26666666666668,4878
"(0.9333333333333332, 1.0)",2,99.26666666666668,4880
"(0.8666666666666667, 1.0)",9,99.26666666666668,4889
"(0.9166666666666666, 1.0)",7,99.26666666666668,4896
"(0.7333333333333333, 1.0)",1,99.26666666666668,4897
"(0.8666666666666667, 1.0)",1,99.26666666666668,4898
"(0.7833333333333333, 1.0)",1,99.26666666666668,4899
"(0.85, 1.0)",2,99.26666666666668,4901
"(0.9166666666666666, 1.0)",2,99.26666666666668,4903
"(0.8333333333333334, 1.0)",1,99.26666666666668,4904
"(0.9666666666666668, 1.0)",1,99.26666666666668,4905
"(1.0, 1.0)",7,99.26666666666668,4912
"(0.7166666666666667, 1.0)",5,99.26666666666668,4917
"(0.95, 1.0)",6,99.26666666666668,4923
"(0.7333333333333333, 1.0)",3,99.26666666666668,4926
"(0.8166666666666667, 1.0)",2,99.26666666666668,4928
"(0.7166666666666667, 1.0)",1,99.26666666666668,4929
"(0.75, 1.0)",2,99.26666666666668,4931
"(0.9, 1.0)",4,99.26666666666668,4935
"(1.0, 0.9833333333333332)",1,99.26666666666668,4936
"(0.7, 1.0)",1,99.26666666666668,4937
"(0.9666666666666668, 1.0)",4,99.26666666666668,4941
"(0.8333333333333334, 1.0)",1,99.26666666666668,4942
"(0.7666666666666667, 1.0)",2,99.26666666666668,4944
"(0.9833333333333332, 1.0)",8,99.26666666666668,4952
"(0.6833333333333333, 1.0)",2,99.26666666666668,4954
"(0.8, 1.0)",3,99.26666666666668,4957
"(0.8194444444444444, 1.0)",4,99.26388888888889,4961
"(0.9305555555555556, 1.0)",2,99.26388888888889,4963
"(0.7916666666666666, 1.0)",1,99.26388888888889,4964
"(0.975, 0.9958333333333332)",1,99.26250000000006,4965
"(0.9875, 0.9958333333333332)",1,99.26250000000005,4966
"(0.9916666666666668, 0.9958333333333332)",1,99.2625,4967
"(0.9791666666666666, 0.9958333333333332)",1,99.2625,4968
"(0.9916666666666668, 0.9958333333333332)",2,99.26249999999996,4970
"(0.9833333333333332, 0.9958333333333332)",2,99.2583333333334,4972
"(0.9875, 0.9958333333333332)",1,99.2583333333334,4973
"(0.9666666666666668, 0.9958333333333332)",2,99.25833333333338,4975
"(0.9916666666666668, 0.9958333333333332)",1,99.25833333333338,4976
"(0.9916666666666668, 0.9958333333333332)",1,99.25833333333328,4977
"(0.9916666666666668, 0.9958333333333332)",1,99.25416666666672,4978
"(0.9791666666666666, 0.9958333333333332)",1,99.25416666666672,4979
"(0.9833333333333332, 0.9958333333333332)",1,99.25416666666672,4980
"(0.9875, 0.9958333333333332)",1,99.2541666666667,4981
"(0.9666666666666668, 0.9958333333333332)",1,99.25416666666666,4982
"(0.9875, 0.9958333333333332)",1,99.25000000000009,4983
"(0.9875, 0.9958333333333332)",1,99.25000000000006,4984
"(0.9791666666666666, 0.9958333333333332)",1,99.25000000000006,4985
"(0.8333333333333334, 1.0)",1,99.25000000000004,4986
"(0.9, 1.0)",2,99.25000000000004,4988
"(1.0, 1.0)",1,99.25000000000004,4989
"(0.9875, 0.9958333333333332)",1,99.25000000000004,4990
"(0.8833333333333333, 0.9833333333333332)",1,99.25000000000004,4991
"(0.9166666666666666, 1.0)",1,99.25000000000004,4992
"(0.8833333333333333, 1.0)",1,99.25000000000004,4993
"(0.7333333333333333, 1.0)",5,99.25,4998
"(0.7777777777777778, 1.0)",1,99.25,4999
"(0.8833333333333333, 0.9833333333333332)",1,99.25,5000
"(0.7166666666666667, 1.0)",3,99.25,5003
"(0.9333333333333332, 0.9833333333333332)",1,99.25,5004
"(0.9027777777777778, 1.0)",4,99.25,5008
"(0.9666666666666668, 1.0)",4,99.25,5012
"(0.5666666666666667, 1.0)",1,99.25,5013
"(0.8666666666666667, 1.0)",5,99.25,5018
"(0.9625, 0.9958333333333332)",2,99.25,5020
"(0.8, 1.0)",1,99.25,5021
"(0.8166666666666667, 1.0)",3,99.25,5024
"(0.8833333333333333, 1.0)",1,99.25,5025
"(0.9, 1.0)",3,99.25,5028
"(0.7333333333333333, 1.0)",2,99.25,5030
"(0.95, 1.0)",3,99.25,5033
"(0.9, 1.0)",3,99.25,5036
"(0.9333333333333332, 1.0)",2,99.25,5038
"(0.8, 1.0)",4,99.25,5042
"(0.7333333333333333, 0.9833333333333332)",1,99.25,5043
"(1.0, 1.0)",6,99.25,5049
"(0.9166666666666666, 0.9833333333333332)",1,99.25,5050
"(0.85, 1.0)",5,99.25,5055
"(0.9166666666666666, 1.0)",2,99.25,5057
"(0.9166666666666666, 1.0)",2,99.25,5059
"(0.8166666666666667, 1.0)",2,99.25,5061
"(0.9333333333333332, 1.0)",3,99.25,5064
"(0.8833333333333333, 1.0)",13,99.25,5077
"(0.7, 1.0)",3,99.25,5080
"(0.7833333333333333, 1.0)",3,99.25,5083
"(0.9833333333333332, 1.0)",4,99.25,5087
"(0.8333333333333334, 1.0)",5,99.25,5092
"(0.8333333333333334, 1.0)",2,99.25,5094
"(0.975, 0.9958333333333332)",1,99.24999999999996,5095
"(0.9625, 0.9958333333333332)",1,99.2458333333334,5096
"(0.9875, 0.9958333333333332)",1,99.2458333333334,5097
"(0.9833333333333332, 0.9958333333333332)",2,99.2458333333334,5099
"(0.9833333333333332, 0.9958333333333332)",1,99.24583333333334,5100
"(0.9875, 0.9916666666666668)",1,99.24583333333334,5101
"(0.9666666666666668, 0.9958333333333332)",2,99.24583333333332,5103
"(0.95, 0.9958333333333332)",2,99.2458333333333,5105
"(0.9875, 0.9958333333333332)",1,99.24166666666672,5106
"(0.975, 0.9958333333333332)",1,99.24166666666672,5107
"(0.9625, 0.9958333333333332)",1,99.24166666666672,5108
"(0.9875, 0.9958333333333332)",1,99.2416666666667,5109
"(1.0, 1.0)",1,99.2416666666667,5110
"(0.9833333333333332, 0.9958333333333332)",1,99.24166666666666,5111
"(0.9708333333333332, 0.9916666666666668)",1,99.24166666666665,5112
"(0.9833333333333332, 0.9958333333333332)",1,99.24166666666662,5113
"(0.9791666666666666, 0.9958333333333332)",1,99.2416666666666,5114
"(0.975, 0.9958333333333332)",1,99.24166666666656,5115
"(0.9875, 0.9958333333333332)",1,99.23750000000004,5116
"(0.9916666666666668, 0.9958333333333332)",1,99.23750000000004,5117
"(0.9875, 0.9958333333333332)",2,99.23750000000004,5119
"(0.975, 0.9958333333333332)",2,99.23750000000004,5121
"(0.975, 0.9916666666666668)",1,99.23749999999994,5122
"(0.8333333333333334, 1.0)",1,99.23611111111111,5123
"(0.9166666666666666, 1.0)",1,99.23611111111111,5124
"(0.75, 1.0)",1,99.23611111111111,5125
"(0.9833333333333332, 0.9958333333333332)",2,99.2333333333334,5127
"(0.9833333333333332, 0.9958333333333332)",2,99.23333333333338,5129
"(0.85, 1.0)",2,99.23333333333336,5131
"(0.9708333333333332, 0.9958333333333332)",2,99.23333333333336,5133
"(0.9, 1.0)",2,99.23333333333336,5135
"(0.8333333333333334, 1.0)",8,99.23333333333336,5143
"(0.9, 0.9833333333333332)",1,99.23333333333336,5144
"(0.7833333333333333, 1.0)",1,99.23333333333336,5145
"(1.0, 1.0)",1,99.23333333333336,5146
"(0.8666666666666667, 1.0)",9,99.23333333333336,5155
"(0.6833333333333333, 1.0)",2,99.23333333333336,5157
"(0.9, 1.0)",7,99.23333333333336,5164
"(0.9166666666666666, 1.0)",3,99.23333333333336,5167
"(0.7333333333333333, 0.9833333333333332)",1,99.23333333333336,5168
"(0.9333333333333332, 0.9833333333333332)",1,99.23333333333336,5169
"(0.75, 1.0)",1,99.23333333333336,5170
"(0.9333333333333332, 0.9833333333333332)",1,99.23333333333336,5171
"(0.9333333333333332, 1.0)",1,99.23333333333336,5172
"(0.9666666666666668, 1.0)",1,99.23333333333336,5173
"(0.8833333333333333, 1.0)",2,99.23333333333336,5175
"(0.9666666666666668, 0.9833333333333332)",2,99.23333333333336,5177
"(1.0, 1.0)",3,99.23333333333332,5180
"(0.95, 1.0)",5,99.23333333333332,5185
"(0.9833333333333332, 1.0)",10,99.23333333333332,5195
"(0.9333333333333332, 1.0)",6,99.23333333333332,5201
"(0.7166666666666667, 1.0)",2,99.23333333333332,5203
"(0.9166666666666666, 1.0)",3,99.23333333333332,5206
"(0.9666666666666668, 1.0)",1,99.23333333333332,5207
"(0.8, 1.0)",1,99.23333333333332,5208
"(0.8666666666666667, 1.0)",4,99.23333333333332,5212
"(0.8333333333333334, 1.0)",4,99.23333333333332,5216
"(0.7666666666666667, 1.0)",1,99.23333333333332,5217
"(0.8, 1.0)",3,99.23333333333332,5220
"(0.7333333333333333, 1.0)",3,99.23333333333332,5223
"(0.8166666666666667, 1.0)",2,99.23333333333332,5225
"(0.9791666666666666, 0.9958333333333332)",2,99.23333333333332,5227
"(0.7833333333333333, 1.0)",1,99.23333333333332,5228
"(0.75, 1.0)",1,99.23333333333332,5229
"(0.8833333333333333, 1.0)",7,99.23333333333332,5236
"(0.85, 1.0)",3,99.23333333333332,5239
"(0.9, 1.0)",3,99.23333333333332,5242
"(0.6833333333333333, 1.0)",2,99.23333333333332,5244
"(0.8333333333333334, 1.0)",3,99.23333333333332,5247
"(0.9916666666666668, 0.9958333333333332)",1,99.22916666666671,5248
"(0.9833333333333332, 0.9958333333333332)",1,99.22916666666671,5249
"(0.9625, 0.9958333333333332)",1,99.22916666666671,5250
"(0.9875, 0.9958333333333332)",2,99.22916666666671,5252
"(0.9625, 0.9958333333333332)",2,99.22916666666669,5254
"(0.975, 0.9958333333333332)",1,99.22916666666664,5255
"(0.9833333333333332, 0.9958333333333332)",1,99.22500000000008,5256
"(0.9708333333333332, 0.9958333333333332)",2,99.22500000000004,5258
"(0.9833333333333332, 0.9958333333333332)",1,99.22500000000004,5259
"(0.9875, 0.9958333333333332)",1,99.22500000000004,5260
"(0.9666666666666668, 0.9958333333333332)",1,99.22500000000004,5261
"(0.9833333333333332, 0.9958333333333332)",1,99.22500000000002,5262
"(0.9791666666666666, 0.9958333333333332)",2,99.225,5264
"(0.9583333333333334, 0.9958333333333332)",1,99.22499999999998,5265
"(0.9791666666666666, 0.9958333333333332)",2,99.22499999999997,5267
"(0.8333333333333334, 1.0)",1,99.22222222222224,5268
"(0.9444444444444444, 1.0)",1,99.2222222222222,5269
"(0.9875, 0.9958333333333332)",1,99.22083333333342,5270
"(0.9833333333333332, 0.9958333333333332)",1,99.2208333333334,5271
"(0.9916666666666668, 0.9958333333333332)",1,99.2208333333334,5272
"(0.9666666666666668, 0.9958333333333332)",1,99.22083333333336,5273
"(0.9833333333333332, 0.9958333333333332)",2,99.22083333333336,5275
"(0.9916666666666668, 0.9958333333333332)",3,99.22083333333336,5278
"(0.9666666666666668, 0.9958333333333332)",1,99.22083333333336,5279
"(0.9833333333333332, 0.9958333333333332)",1,99.22083333333336,5280
"(0.9833333333333332, 0.9958333333333332)",2,99.22083333333332,5282
"(0.975, 0.9958333333333332)",1,99.22083333333332,5283
"(0.975, 1.0)",1,99.22083333333327,5284
"(0.9833333333333332, 0.9958333333333332)",3,99.22083333333327,5287
"(0.9833333333333332, 0.9916666666666668)",1,99.22083333333326,5288
"(0.9666666666666668, 0.9958333333333332)",1,99.21666666666673,5289
"(0.975, 0.9958333333333332)",1,99.21666666666673,5290
"(1.0, 0.9833333333333332)",1,99.2166666666667,5291
"(0.9333333333333332, 0.9833333333333332)",1,99.2166666666667,5292
"(0.9, 0.9833333333333332)",3,99.2166666666667,5295
"(0.9166666666666666, 1.0)",1,99.2166666666667,5296
"(0.9166666666666666, 1.0)",1,99.21666666666668,5297
"(0.8833333333333333, 1.0)",1,99.21666666666668,5298
"(0.7833333333333333, 1.0)",1,99.21666666666668,5299
"(0.9666666666666668, 1.0)",3,99.21666666666668,5302
"(0.7666666666666667, 1.0)",2,99.21666666666668,5304
"(0.9625, 0.9958333333333332)",1,99.21666666666668,5305
"(0.8833333333333333, 1.0)",1,99.21666666666668,5306
"(0.9833333333333332, 1.0)",6,99.21666666666668,5312
"(0.85, 1.0)",3,99.21666666666668,5315
"(0.8, 1.0)",6,99.21666666666668,5321
"(0.8666666666666667, 1.0)",9,99.21666666666668,5330
"(0.9833333333333332, 1.0)",1,99.21666666666668,5331
"(0.9791666666666666, 0.9958333333333332)",1,99.21666666666668,5332
"(0.95, 1.0)",3,99.21666666666668,5335
"(1.0, 1.0)",3,99.21666666666668,5338
"(0.7166666666666667, 1.0)",4,99.21666666666668,5342
"(0.9, 1.0)",3,99.21666666666668,5345
"(0.9166666666666666, 1.0)",1,99.21666666666668,5346
"(0.7833333333333333, 1.0)",4,99.21666666666668,5350
"(0.9333333333333332, 1.0)",3,99.21666666666668,5353
"(0.8333333333333334, 1.0)",10,99.21666666666668,5363
"(0.7333333333333333, 1.0)",2,99.21666666666668,5365
"(0.6666666666666666, 1.0)",3,99.21666666666668,5368
"(0.8833333333333333, 0.9833333333333332)",1,99.21666666666668,5369
"(0.8333333333333334, 0.9833333333333332)",1,99.21666666666668,5370
"(0.8333333333333334, 1.0)",6,99.21666666666668,5376
"(0.8166666666666667, 1.0)",6,99.21666666666668,5382
"(0.85, 1.0)",1,99.21666666666668,5383
"(0.9, 1.0)",3,99.21666666666668,5386
"(1.0, 1.0)",1,99.21666666666664,5387
"(0.95, 0.9958333333333332)",1,99.21666666666664,5388
"(0.95, 0.9958333333333332)",2,99.2166666666666,5390
"(0.9666666666666668, 0.9958333333333332)",2,99.21250000000006,5392
"(0.9833333333333332, 0.9958333333333332)",1,99.21250000000006,5393
"(0.9708333333333332, 0.9958333333333332)",1,99.21250000000003,5394
"(0.9875, 0.9958333333333332)",1,99.21250000000003,5395
"(0.975, 0.9958333333333332)",1,99.21250000000002,5396
"(0.9791666666666666, 0.9958333333333332)",1,99.21250000000002,5397
"(0.9458333333333332, 0.9958333333333332)",1,99.21250000000002,5398
"(0.9791666666666666, 0.9958333333333332)",1,99.21249999999998,5399
"(0.9875, 0.9958333333333332)",1,99.21249999999992,5400
"(0.9666666666666668, 0.9958333333333332)",3,99.2083333333334,5403
"(0.9666666666666668, 0.9958333333333332)",1,99.20833333333336,5404
"(0.9458333333333332, 0.9958333333333332)",2,99.20833333333334,5406
"(0.8611111111111112, 1.0)",1,99.20833333333334,5407
"(0.9625, 0.9958333333333332)",1,99.20833333333334,5408
"(0.9027777777777778, 1.0)",1,99.20833333333331,5409
"(0.8888888888888888, 1.0)",1,99.20833333333331,5410
"(0.8194444444444444, 1.0)",1,99.20833333333331,5411
"(0.7916666666666666, 1.0)",1,99.20833333333331,5412
"(0.9708333333333332, 0.9958333333333332)",1,99.20833333333331,5413
"(0.9833333333333332, 0.9958333333333332)",1,99.2083333333333,5414
"(0.9875, 0.9958333333333332)",1,99.20833333333329,5415
"(0.9875, 1.0)",1,99.20833333333324,5416
"(0.9875, 0.9958333333333332)",1,99.20416666666672,5417
"(0.9875, 0.9958333333333332)",2,99.20416666666672,5419
"(0.9791666666666666, 0.9958333333333332)",1,99.20416666666672,5420
"(0.9625, 0.9958333333333332)",1,99.20416666666672,5421
"(0.9708333333333332, 0.9958333333333332)",1,99.20416666666668,5422
"(0.9833333333333332, 0.9958333333333332)",1,99.20416666666664,5423
"(0.9833333333333332, 0.9958333333333332)",1,99.20000000000006,5424
"(0.8833333333333333, 1.0)",1,99.20000000000005,5425
"(0.9708333333333332, 0.9958333333333332)",2,99.20000000000005,5427
"(0.9166666666666666, 1.0)",1,99.20000000000005,5428
"(1.0, 1.0)",1,99.20000000000005,5429
"(1.0, 1.0)",1,99.20000000000005,5430
"(0.975, 0.9958333333333332)",1,99.20000000000005,5431
"(0.9333333333333332, 0.9833333333333332)",3,99.20000000000002,5434
"(0.95, 1.0)",1,99.20000000000002,5435
"(0.8333333333333334, 0.9833333333333332)",1,99.20000000000002,5436
"(0.9666666666666668, 0.9833333333333332)",1,99.20000000000002,5437
"(0.8166666666666667, 1.0)",1,99.20000000000002,5438
"(0.8333333333333334, 1.0)",4,99.20000000000002,5442
"(0.9, 1.0)",6,99.20000000000002,5448
"(0.9166666666666666, 1.0)",11,99.20000000000002,5459
"(1.0, 1.0)",2,99.20000000000002,5461
"(0.8666666666666667, 1.0)",2,99.20000000000002,5463
"(0.9333333333333332, 1.0)",1,99.20000000000002,5464
"(0.85, 1.0)",1,99.20000000000002,5465
"(0.9666666666666668, 1.0)",2,99.20000000000002,5467
"(0.75, 1.0)",3,99.20000000000002,5470
"(0.9, 1.0)",6,99.2,5476
"(0.95, 1.0)",2,99.2,5478
"(0.95, 1.0)",3,99.2,5481
"(0.9625, 0.9958333333333332)",1,99.2,5482
"(0.7333333333333333, 1.0)",2,99.2,5484
"(0.9166666666666666, 1.0)",2,99.2,5486
"(0.75, 1.0)",1,99.2,5487
"(0.7666666666666667, 1.0)",5,99.2,5492
"(0.8, 1.0)",1,99.2,5493
"(0.8833333333333333, 1.0)",1,99.2,5494
"(0.8666666666666667, 1.0)",3,99.2,5497
"(0.6833333333333333, 1.0)",1,99.2,5498
"(0.7166666666666667, 1.0)",1,99.2,5499
"(0.8833333333333333, 1.0)",4,99.2,5503
"(0.9666666666666668, 1.0)",1,99.2,5504
"(0.7833333333333333, 1.0)",1,99.2,5505
"(0.95, 0.9958333333333332)",2,99.2,5507
"(0.8333333333333334, 1.0)",6,99.2,5513
"(0.6666666666666666, 1.0)",1,99.2,5514
"(0.8, 1.0)",2,99.2,5516
"(1.0, 1.0)",4,99.2,5520
"(0.975, 0.9958333333333332)",2,99.2,5522
"(0.8666666666666667, 1.0)",1,99.2,5523
"(1.0, 1.0)",6,99.2,5529
"(0.6833333333333333, 1.0)",1,99.2,5530
"(0.7333333333333333, 1.0)",5,99.2,5535
"(0.8166666666666667, 1.0)",4,99.2,5539
"(0.9, 1.0)",1,99.2,5540
"(0.9333333333333332, 1.0)",7,99.2,5547
"(0.85, 1.0)",9,99.2,5556
"(0.9666666666666668, 0.9958333333333332)",1,99.1958333333334,5557
"(0.9791666666666666, 0.9958333333333332)",1,99.1958333333334,5558
"(0.9875, 0.9958333333333332)",1,99.1958333333334,5559
"(0.9666666666666668, 0.9958333333333332)",1,99.19583333333338,5560
"(0.9875, 0.9958333333333332)",1,99.19583333333338,5561
"(0.975, 0.9958333333333332)",2,99.19583333333335,5563
"(0.9833333333333332, 0.9958333333333332)",1,99.19583333333335,5564
"(0.9791666666666666, 0.9958333333333332)",2,99.19583333333335,5566
"(0.975, 0.9958333333333332)",2,99.19583333333333,5568
"(0.9541666666666668, 0.9958333333333332)",1,99.19583333333333,5569
"(0.975, 0.9916666666666668)",1,99.1958333333332,5570
"(0.8333333333333334, 1.0)",1,99.19444444444446,5571
"(0.8194444444444444, 1.0)",1,99.19444444444444,5572
"(0.8888888888888888, 1.0)",1,99.19444444444444,5573
"(0.9166666666666666, 1.0)",1,99.19444444444444,5574
"(0.9305555555555556, 1.0)",1,99.19444444444444,5575
"(0.9708333333333332, 0.9958333333333332)",2,99.19166666666672,5577
"(0.9625, 0.9958333333333332)",1,99.19166666666672,5578
"(0.9666666666666668, 0.9958333333333332)",1,99.19166666666672,5579
"(0.975, 0.9958333333333332)",1,99.19166666666668,5580
"(0.9833333333333332, 0.9958333333333332)",1,99.19166666666668,5581
"(0.9791666666666666, 0.9958333333333332)",1,99.19166666666666,5582
"(0.9791666666666666, 0.9958333333333332)",1,99.19166666666663,5583
"(0.9666666666666668, 0.9958333333333332)",1,99.18750000000006,5584
"(0.9708333333333332, 0.9958333333333332)",1,99.18750000000006,5585
"(0.9958333333333332, 0.9958333333333332)",1,99.18750000000004,5586
"(0.9625, 0.9958333333333332)",1,99.1875,5587
"(0.9875, 0.9958333333333332)",1,99.1875,5588
"(0.975, 0.9958333333333332)",2,99.1875,5590
"(0.9791666666666666, 0.9958333333333332)",1,99.18749999999994,5591
"(0.9833333333333332, 0.9958333333333332)",2,99.1833333333334,5593
"(0.9875, 0.9958333333333332)",1,99.1833333333334,5594
"(0.9833333333333332, 0.9958333333333332)",3,99.18333333333338,5597
"(0.8166666666666667, 1.0)",1,99.18333333333337,5598
"(0.7333333333333333, 1.0)",1,99.18333333333337,5599
"(1.0, 1.0)",1,99.18333333333337,5600
"(1.0, 1.0)",1,99.18333333333337,5601
"(0.9333333333333332, 0.9833333333333332)",1,99.18333333333337,5602
"(0.95, 1.0)",1,99.18333333333337,5603
"(0.9333333333333332, 1.0)",3,99.18333333333337,5606
"(0.9666666666666668, 0.9958333333333332)",2,99.18333333333337,5608
"(0.8833333333333333, 1.0)",1,99.18333333333337,5609
"(0.9833333333333332, 1.0)",1,99.18333333333337,5610
"(0.85, 1.0)",2,99.18333333333337,5612
"(0.8833333333333333, 0.9833333333333332)",1,99.18333333333337,5613
"(0.8666666666666667, 1.0)",1,99.18333333333337,5614
"(0.9833333333333332, 0.9833333333333332)",1,99.18333333333337,5615
"(0.9, 1.0)",2,99.18333333333337,5617
"(0.9166666666666666, 1.0)",3,99.18333333333337,5620
"(0.9875, 0.9958333333333332)",1,99.18333333333337,5621
"(0.9, 0.9833333333333332)",1,99.18333333333337,5622
"(0.8, 1.0)",3,99.18333333333334,5625
"(1.0, 1.0)",7,99.18333333333334,5632
"(0.8166666666666667, 1.0)",2,99.18333333333334,5634
"(0.95, 1.0)",2,99.18333333333334,5636
"(0.9833333333333332, 1.0)",2,99.18333333333334,5638
"(0.7666666666666667, 1.0)",1,99.18333333333334,5639
"(0.9166666666666666, 1.0)",7,99.18333333333334,5646
"(0.7833333333333333, 1.0)",6,99.18333333333334,5652
"(0.8833333333333333, 1.0)",7,99.18333333333334,5659
"(0.6833333333333333, 1.0)",3,99.18333333333334,5662
"(0.8333333333333334, 1.0)",1,99.18333333333334,5663
"(0.75, 1.0)",2,99.18333333333334,5665
"(0.85, 1.0)",3,99.18333333333334,5668
"(0.9, 1.0)",4,99.18333333333334,5672
"(0.7333333333333333, 1.0)",1,99.18333333333334,5673
"(0.9333333333333332, 1.0)",8,99.18333333333334,5681
"(0.8666666666666667, 1.0)",4,99.18333333333334,5685
"(0.7166666666666667, 1.0)",6,99.18333333333334,5691
"(0.975, 0.9958333333333332)",2,99.18333333333332,5693
"(1.0, 1.0)",1,99.18333333333332,5694
"(0.9791666666666666, 1.0)",1,99.18333333333332,5695
"(0.8666666666666667, 1.0)",1,99.18333333333332,5696
"(0.975, 0.9958333333333332)",1,99.18333333333328,5697
"(0.9833333333333332, 0.9958333333333332)",2,99.18333333333328,5699
"(0.9444444444444444, 1.0)",1,99.18055555555556,5700
"(0.9166666666666666, 1.0)",4,99.18055555555556,5704
"(0.9444444444444444, 1.0)",2,99.18055555555554,5706
"(0.9666666666666668, 0.9958333333333332)",1,99.17916666666672,5707
"(0.9708333333333332, 0.9958333333333332)",1,99.17916666666672,5708
"(0.9875, 0.9958333333333332)",2,99.17916666666672,5710
"(0.9666666666666668, 0.9958333333333332)",2,99.1791666666667,5712
"(0.95, 0.9958333333333332)",1,99.17916666666666,5713
"(0.9791666666666666, 0.9958333333333332)",2,99.17916666666665,5715
"(0.9916666666666668, 0.9958333333333332)",1,99.17916666666665,5716
"(0.9916666666666668, 0.9958333333333332)",2,99.17916666666665,5718
"(0.9875, 0.9916666666666668)",1,99.1791666666666,5719
"(0.9875, 0.9958333333333332)",1,99.1791666666666,5720
"(0.975, 1.0)",2,99.17500000000004,5722
"(0.9708333333333332, 0.9958333333333332)",1,99.175,5723
"(0.9583333333333334, 0.9958333333333332)",1,99.17499999999995,5724
"(0.9833333333333332, 0.9958333333333332)",1,99.17499999999994,5725
"(0.9875, 0.9958333333333332)",1,99.17499999999993,5726
"(0.9875, 0.9916666666666668)",1,99.17499999999993,5727
"(0.9875, 0.9958333333333332)",1,99.17083333333342,5728
"(0.9916666666666668, 0.9958333333333332)",1,99.1708333333334,5729
"(0.9875, 0.9958333333333332)",1,99.17083333333338,5730
"(0.975, 0.9958333333333332)",1,99.17083333333336,5731
"(0.9791666666666666, 0.9958333333333332)",2,99.17083333333332,5733
"(0.9541666666666668, 0.9958333333333332)",2,99.17083333333332,5735
"(0.9833333333333332, 0.9958333333333332)",1,99.17083333333323,5736
"(0.9958333333333332, 0.9958333333333332)",1,99.17083333333323,5737
"(0.9875, 0.9958333333333332)",1,99.16666666666671,5738
"(0.9166666666666666, 1.0)",1,99.1666666666667,5739
"(0.8666666666666667, 0.9833333333333332)",2,99.16666666666669,5741
"(0.8166666666666667, 1.0)",1,99.16666666666669,5742
"(0.7666666666666667, 1.0)",1,99.16666666666669,5743
"(0.9833333333333332, 1.0)",1,99.16666666666669,5744
"(0.7333333333333333, 1.0)",5,99.16666666666669,5749
"(0.9, 1.0)",5,99.16666666666669,5754
"(0.8833333333333333, 1.0)",2,99.16666666666669,5756
"(0.85, 1.0)",2,99.16666666666669,5758
"(0.7, 1.0)",1,99.16666666666669,5759
"(0.75, 1.0)",1,99.16666666666669,5760
"(1.0, 1.0)",2,99.16666666666669,5762
"(0.8, 1.0)",1,99.16666666666669,5763
"(0.85, 1.0)",2,99.16666666666669,5765
"(0.7166666666666667, 1.0)",1,99.16666666666669,5766
"(0.9333333333333332, 1.0)",1,99.16666666666669,5767
"(0.8833333333333333, 0.9833333333333332)",1,99.16666666666669,5768
"(0.8611111111111112, 1.0)",1,99.16666666666669,5769
"(0.8333333333333334, 1.0)",3,99.16666666666669,5772
"(0.8333333333333334, 1.0)",5,99.16666666666669,5777
"(0.6666666666666666, 1.0)",2,99.16666666666669,5779
"(1.0, 1.0)",3,99.16666666666669,5782
"(0.8, 1.0)",2,99.16666666666669,5784
"(0.8833333333333333, 1.0)",2,99.16666666666669,5786
"(0.9166666666666666, 1.0)",8,99.16666666666669,5794
"(0.9027777777777778, 1.0)",2,99.16666666666669,5796
"(0.9333333333333332, 1.0)",1,99.16666666666669,5797
"(0.95, 1.0)",4,99.16666666666669,5801
"(0.7222222222222222, 1.0)",1,99.16666666666669,5802
"(0.9, 0.9833333333333332)",2,99.16666666666669,5804
"(0.7833333333333333, 1.0)",1,99.16666666666669,5805
"(0.9305555555555556, 1.0)",1,99.16666666666669,5806
"(0.8666666666666667, 1.0)",4,99.16666666666669,5810
"(0.9, 1.0)",2,99.16666666666669,5812
"(0.7777777777777778, 1.0)",1,99.16666666666669,5813
"(0.9166666666666666, 1.0)",3,99.16666666666669,5816
"(0.9, 1.0)",4,99.16666666666666,5820
"(0.9333333333333332, 1.0)",6,99.16666666666666,5826
"(0.8333333333333334, 1.0)",5,99.16666666666666,5831
"(0.9833333333333332, 1.0)",1,99.16666666666666,5832
"(0.85, 1.0)",8,99.16666666666666,5840
"(0.7, 1.0)",1,99.16666666666666,5841
"(0.9791666666666666, 0.9958333333333332)",1,99.16666666666666,5842
"(0.7833333333333333, 1.0)",2,99.16666666666666,5844
"(0.8833333333333333, 1.0)",3,99.16666666666666,5847
"(0.9166666666666666, 1.0)",2,99.16666666666666,5849
"(0.9666666666666668, 1.0)",1,99.16666666666666,5850
"(0.6833333333333333, 1.0)",1,99.16666666666666,5851
"(1.0, 1.0)",8,99.16666666666666,5859
"(0.7222222222222222, 1.0)",1,99.16666666666666,5860
"(0.7166666666666667, 1.0)",1,99.16666666666666,5861
"(0.8, 1.0)",1,99.16666666666666,5862
"(0.7333333333333333, 1.0)",1,99.16666666666666,5863
"(0.9916666666666668, 0.9958333333333332)",1,99.1666666666666,5864
"(0.9791666666666666, 0.9958333333333332)",1,99.16666666666656,5865
"(0.9875, 0.9958333333333332)",1,99.16250000000008,5866
"(0.9791666666666666, 0.9958333333333332)",1,99.16250000000004,5867
"(0.9833333333333332, 0.9958333333333332)",1,99.1625,5868
"(0.9833333333333332, 0.9958333333333332)",1,99.16249999999998,5869
"(0.9875, 0.9958333333333332)",1,99.16249999999998,5870
"(0.975, 0.9958333333333332)",1,99.16249999999988,5871
"(0.9916666666666668, 0.9958333333333332)",2,99.1583333333334,5873
"(0.9958333333333332, 0.9958333333333332)",1,99.15833333333336,5874
"(0.9791666666666666, 1.0)",1,99.15833333333332,5875
"(0.9625, 0.9958333333333332)",2,99.15416666666675,5877
"(0.9916666666666668, 0.9958333333333332)",1,99.15416666666673,5878
"(0.9625, 0.9958333333333332)",2,99.15416666666673,5880
"(0.9791666666666666, 0.9958333333333332)",1,99.1541666666667,5881
"(0.9833333333333332, 0.9958333333333332)",2,99.15416666666668,5883
"(0.9458333333333332, 0.9958333333333332)",1,99.15416666666664,5884
"(0.9666666666666668, 0.9958333333333332)",1,99.15416666666664,5885
"(0.9583333333333334, 1.0)",1,99.15416666666664,5886
"(0.975, 0.9958333333333332)",1,99.1541666666666,5887
"(0.9833333333333332, 0.9958333333333332)",2,99.1541666666666,5889
"(0.9875, 0.9958333333333332)",2,99.15416666666658,5891
"(0.9444444444444444, 1.0)",1,99.1527777777778,5892
"(0.9166666666666666, 0.9861111111111112)",1,99.1527777777778,5893
"(0.8194444444444444, 1.0)",1,99.15277777777776,5894
"(0.8611111111111112, 1.0)",1,99.15277777777776,5895
"(0.8333333333333334, 1.0)",1,99.15277777777776,5896
"(0.7222222222222222, 1.0)",1,99.15277777777776,5897
"(0.9666666666666668, 0.9958333333333332)",1,99.15000000000003,5898
"(0.9166666666666666, 1.0)",1,99.15000000000003,5899
"(0.8333333333333334, 1.0)",2,99.15000000000002,5901
"(0.7166666666666667, 1.0)",1,99.15000000000002,5902
"(0.8833333333333333, 0.9833333333333332)",1,99.15000000000002,5903
"(0.9166666666666666, 1.0)",3,99.15000000000002,5906
"(0.8833333333333333, 1.0)",1,99.15000000000002,5907
"(0.85, 1.0)",1,99.15000000000002,5908
"(0.7833333333333333, 1.0)",2,99.15000000000002,5910
"(0.8333333333333334, 0.9833333333333332)",1,99.15000000000002,5911
"(0.9, 1.0)",1,99.15000000000002,5912
"(0.8166666666666667, 1.0)",1,99.15000000000002,5913
"(0.8666666666666667, 1.0)",1,99.15000000000002,5914
"(0.8666666666666667, 1.0)",4,99.15,5918
"(0.95, 1.0)",2,99.15,5920
"(0.6833333333333333, 1.0)",1,99.15,5921
"(0.9833333333333332, 1.0)",2,99.15,5923
"(0.8333333333333334, 1.0)",6,99.15,5929
"(0.9666666666666668, 1.0)",4,99.15,5933
"(0.7833333333333333, 1.0)",2,99.15,5935
"(0.7333333333333333, 1.0)",7,99.15,5942
"(0.9833333333333332, 1.0)",4,99.15,5946
"(0.9166666666666666, 1.0)",9,99.15,5955
"(0.7666666666666667, 1.0)",1,99.15,5956
"(0.75, 1.0)",2,99.15,5958
"(0.7, 1.0)",2,99.15,5960
"(1.0, 1.0)",9,99.15,5969
"(0.8, 1.0)",2,99.15,5971
"(0.8833333333333333, 1.0)",7,99.15,5978
"(0.6666666666666666, 1.0)",2,99.15,5980
"(0.8166666666666667, 1.0)",4,99.15,5984
"(0.9, 1.0)",4,99.15,5988
"(0.85, 1.0)",6,99.15,5994
"(0.7166666666666667, 1.0)",1,99.15,5995
"(0.9791666666666666, 0.9958333333333332)",1,99.14999999999998,5996
"(0.9791666666666666, 0.9958333333333332)",1,99.14999999999996,5997
"(0.975, 0.9958333333333332)",2,99.14999999999988,5999
"(0.9875, 0.9958333333333332)",2,99.1458333333334,6001
"(0.9875, 0.9958333333333332)",1,99.1458333333334,6002
"(0.9666666666666668, 0.9958333333333332)",2,99.1458333333334,6004
"(0.9625, 0.9958333333333332)",2,99.1458333333334,6006
"(0.975, 0.9958333333333332)",1,99.14583333333336,6007
"(0.9958333333333332, 0.9958333333333332)",1,99.14583333333336,6008
"(0.9875, 0.9958333333333332)",1,99.14583333333336,6009
"(0.9916666666666668, 0.9958333333333332)",1,99.14583333333331,6010
"(0.9833333333333332, 0.9958333333333332)",2,99.14583333333331,6012
"(0.9666666666666668, 0.9958333333333332)",1,99.1458333333333,6013
"(0.9791666666666666, 0.9958333333333332)",1,99.1458333333333,6014
"(0.9916666666666668, 0.9958333333333332)",2,99.14583333333329,6016
"(0.9833333333333332, 0.9958333333333332)",1,99.14166666666674,6017
"(0.9666666666666668, 0.9958333333333332)",2,99.14166666666672,6019
"(0.9916666666666668, 0.9958333333333332)",1,99.14166666666672,6020
"(0.9708333333333332, 0.9958333333333332)",1,99.1416666666667,6021
"(0.9958333333333332, 0.9958333333333332)",2,99.14166666666668,6023
"(0.9833333333333332, 0.9958333333333332)",1,99.14166666666668,6024
"(0.9875, 0.9958333333333332)",1,99.14166666666668,6025
"(0.9791666666666666, 0.9958333333333332)",3,99.14166666666664,6028
"(0.95, 0.9958333333333332)",1,99.14166666666662,6029
"(0.9916666666666668, 0.9958333333333332)",1,99.1416666666666,6030
"(0.9791666666666666, 0.9958333333333332)",1,99.1416666666666,6031
"(0.9444444444444444, 1.0)",1,99.13888888888889,6032
"(0.8194444444444444, 1.0)",2,99.13888888888889,6034
"(0.9027777777777778, 1.0)",1,99.13888888888889,6035
"(0.9875, 0.9958333333333332)",1,99.13750000000007,6036
"(0.9708333333333332, 0.9958333333333332)",1,99.13750000000006,6037
"(0.9875, 0.9958333333333332)",3,99.13750000000005,6040
"(0.975, 1.0)",1,99.13749999999996,6041
"(0.9791666666666666, 0.9958333333333332)",1,99.13749999999996,6042
"(0.9625, 0.9958333333333332)",1,99.13749999999996,6043
"(0.9791666666666666, 0.9916666666666668)",1,99.13749999999996,6044
"(0.9583333333333334, 0.9958333333333332)",2,99.13749999999996,6046
"(0.975, 1.0)",1,99.1374999999999,6047
"(0.9708333333333332, 0.9958333333333332)",1,99.1333333333334,6048
"(0.8, 1.0)",1,99.13333333333335,6049
"(0.9166666666666666, 1.0)",5,99.13333333333335,6054
"(0.8166666666666667, 1.0)",1,99.13333333333335,6055
"(0.8333333333333334, 0.9833333333333332)",2,99.13333333333335,6057
"(0.8833333333333333, 0.9833333333333332)",1,99.13333333333335,6058
"(0.9625, 0.9958333333333332)",2,99.13333333333335,6060
"(0.9333333333333332, 1.0)",3,99.13333333333335,6063
"(0.6666666666666666, 1.0)",4,99.13333333333335,6067
"(0.95, 1.0)",1,99.13333333333335,6068
"(0.9833333333333332, 1.0)",2,99.13333333333335,6070
"(0.7333333333333333, 0.9833333333333332)",1,99.13333333333335,6071
"(0.8666666666666667, 1.0)",1,99.13333333333335,6072
"(1.0, 1.0)",2,99.13333333333335,6074
"(0.8666666666666667, 1.0)",1,99.13333333333335,6075
"(0.8333333333333334, 1.0)",1,99.13333333333334,6076
"(0.9541666666666668, 0.9916666666666668)",1,99.13333333333334,6077
"(0.9166666666666666, 1.0)",3,99.13333333333334,6080
"(0.8666666666666667, 1.0)",2,99.13333333333334,6082
"(0.9333333333333332, 1.0)",2,99.13333333333334,6084
"(0.7166666666666667, 1.0)",2,99.13333333333334,6086
"(0.75, 1.0)",1,99.13333333333334,6087
"(0.8166666666666667, 1.0)",2,99.13333333333334,6089
"(0.85, 1.0)",2,99.13333333333334,6091
"(0.7333333333333333, 1.0)",4,99.13333333333334,6095
"(0.9, 1.0)",2,99.13333333333334,6097
"(0.6666666666666666, 1.0)",4,99.13333333333333,6101
"(0.8666666666666667, 1.0)",1,99.13333333333333,6102
"(0.6833333333333333, 1.0)",1,99.13333333333333,6103
"(0.7666666666666667, 1.0)",2,99.13333333333333,6105
"(0.7833333333333333, 1.0)",1,99.13333333333333,6106
"(1.0, 1.0)",2,99.13333333333333,6108
"(0.75, 1.0)",3,99.13333333333333,6111
"(0.9333333333333332, 1.0)",2,99.13333333333333,6113
"(0.9166666666666666, 1.0)",6,99.13333333333333,6119
"(0.8166666666666667, 1.0)",3,99.13333333333333,6122
"(0.7166666666666667, 1.0)",6,99.13333333333333,6128
"(0.95, 1.0)",7,99.13333333333333,6135
"(0.9791666666666666, 0.9958333333333332)",2,99.13333333333333,6137
"(0.7, 1.0)",2,99.13333333333333,6139
"(0.85, 1.0)",2,99.13333333333333,6141
"(0.8833333333333333, 1.0)",6,99.13333333333333,6147
"(0.9, 1.0)",4,99.13333333333333,6151
"(0.9833333333333332, 1.0)",15,99.13333333333333,6166
"(0.7333333333333333, 1.0)",1,99.13333333333333,6167
"(0.9791666666666666, 0.9958333333333332)",2,99.1333333333333,6169
"(0.9958333333333332, 0.9958333333333332)",2,99.1333333333333,6171
"(0.9666666666666668, 0.9958333333333332)",1,99.12916666666672,6172
"(0.9833333333333332, 0.9958333333333332)",1,99.12916666666672,6173
"(0.975, 0.9958333333333332)",2,99.1291666666667,6175
"(0.9666666666666668, 0.9958333333333332)",1,99.12916666666666,6176
"(0.9875, 0.9958333333333332)",1,99.12916666666666,6177
"(0.9791666666666666, 0.9958333333333332)",1,99.1291666666666,6178
"(0.9666666666666668, 0.9958333333333332)",1,99.12916666666658,6179
"(0.9875, 0.9958333333333332)",3,99.12500000000004,6182
"(0.9916666666666668, 0.9958333333333332)",3,99.12500000000004,6185
"(0.9444444444444444, 1.0)",3,99.125,6188
"(0.8611111111111112, 1.0)",1,99.125,6189
"(0.9916666666666668, 0.9958333333333332)",1,99.125,6190
"(0.9305555555555556, 1.0)",1,99.125,6191
"(0.7777777777777778, 1.0)",1,99.125,6192
"(0.9833333333333332, 0.9958333333333332)",1,99.125,6193
"(0.9958333333333332, 0.9958333333333332)",1,99.125,6194
"(0.8333333333333334, 1.0)",1,99.125,6195
"(0.8194444444444444, 1.0)",1,99.125,6196
"(0.9791666666666666, 0.9958333333333332)",2,99.125,6198
"(0.975, 1.0)",1,99.12499999999996,6199
"(0.9875, 0.9958333333333332)",1,99.12499999999996,6200
"(0.975, 0.9958333333333332)",1,99.12499999999996,6201
"(0.9583333333333334, 0.9958333333333332)",2,99.12083333333342,6203
"(0.9625, 0.9958333333333332)",1,99.1208333333334,6204
"(1.0, 0.9958333333333332)",1,99.1208333333334,6205
"(0.9791666666666666, 0.9958333333333332)",2,99.12083333333332,6207
"(0.975, 0.9958333333333332)",2,99.1208333333333,6209
"(0.9875, 0.9958333333333332)",1,99.12083333333328,6210
"(0.9708333333333332, 0.9958333333333332)",1,99.1208333333332,6211
"(0.9875, 0.9958333333333332)",1,99.12083333333318,6212
"(0.975, 0.9958333333333332)",2,99.11666666666672,6214
"(0.9916666666666668, 0.9958333333333332)",1,99.11666666666672,6215
"(0.9166666666666666, 0.9833333333333332)",1,99.1166666666667,6216
"(0.975, 0.9958333333333332)",1,99.1166666666667,6217
"(1.0, 1.0)",1,99.1166666666667,6218
"(0.8333333333333334, 0.9833333333333332)",1,99.11666666666667,6219
"(0.85, 1.0)",1,99.11666666666667,6220
"(0.95, 1.0)",4,99.11666666666667,6224
"(0.9833333333333332, 1.0)",2,99.11666666666667,6226
"(0.8166666666666667, 1.0)",2,99.11666666666667,6228
"(0.85, 1.0)",7,99.11666666666667,6235
"(0.975, 1.0)",1,99.11666666666667,6236
"(0.9333333333333332, 1.0)",2,99.11666666666667,6238
"(0.9833333333333332, 1.0)",1,99.11666666666667,6239
"(0.8166666666666667, 1.0)",2,99.11666666666667,6241
"(0.6833333333333333, 1.0)",2,99.11666666666667,6243
"(1.0, 1.0)",5,99.11666666666667,6248
"(0.8833333333333333, 0.9833333333333332)",1,99.11666666666667,6249
"(0.8833333333333333, 1.0)",1,99.11666666666667,6250
"(0.7833333333333333, 1.0)",4,99.11666666666667,6254
"(0.9333333333333332, 1.0)",1,99.11666666666667,6255
"(0.7333333333333333, 1.0)",5,99.11666666666667,6260
"(0.8, 1.0)",2,99.11666666666667,6262
"(1.0, 1.0)",1,99.11666666666667,6263
"(0.8333333333333334, 1.0)",2,99.11666666666667,6265
"(0.9166666666666666, 1.0)",4,99.11666666666667,6269
"(0.7, 1.0)",2,99.11666666666667,6271
"(0.7333333333333333, 1.0)",1,99.11666666666667,6272
"(0.8833333333333333, 1.0)",3,99.11666666666667,6275
"(0.75, 1.0)",2,99.11666666666667,6277
"(0.7333333333333333, 0.9833333333333332)",1,99.11666666666667,6278
"(0.7666666666666667, 1.0)",1,99.11666666666667,6279
"(0.9, 1.0)",1,99.11666666666667,6280
"(0.6666666666666666, 1.0)",3,99.11666666666667,6283
"(0.9666666666666668, 1.0)",3,99.11666666666667,6286
"(0.8666666666666667, 1.0)",3,99.11666666666667,6289
"(0.9166666666666666, 1.0)",7,99.11666666666667,6296
"(0.9, 1.0)",3,99.11666666666667,6299
"(0.7166666666666667, 1.0)",1,99.11666666666667,6300
"(0.8333333333333334, 1.0)",1,99.11666666666667,6301
"(0.7666666666666667, 1.0)",2,99.11666666666666,6303
"(0.8666666666666667, 1.0)",1,99.11666666666666,6304
"(0.8833333333333333, 1.0)",1,99.11666666666666,6305
"(0.9, 1.0)",2,99.11666666666666,6307
"(0.9833333333333332, 0.9958333333333332)",1,99.11666666666666,6308
"(0.8166666666666667, 1.0)",2,99.11666666666666,6310
"(0.9791666666666666, 0.9958333333333332)",1,99.11666666666665,6311
"(0.9625, 1.0)",1,99.11666666666665,6312
"(0.9875, 0.9958333333333332)",2,99.11666666666656,6314
"(0.975, 0.9958333333333332)",1,99.11250000000008,6315
"(0.9791666666666666, 0.9958333333333332)",2,99.11250000000004,6317
"(0.9791666666666666, 1.0)",1,99.1125,6318
"(0.9791666666666666, 0.9958333333333332)",1,99.11249999999998,6319
"(0.9916666666666668, 0.9958333333333332)",1,99.11249999999995,6320
"(0.9791666666666666, 0.9958333333333332)",2,99.11249999999994,6322
"(0.7777777777777778, 1.0)",4,99.11111111111111,6326
"(0.8333333333333334, 1.0)",1,99.11111111111111,6327
"(0.9875, 0.9958333333333332)",1,99.10833333333338,6328
"(0.9791666666666666, 0.9958333333333332)",1,99.10833333333323,6329
"(0.9958333333333332, 0.9958333333333332)",1,99.10833333333323,6330
"(0.9916666666666668, 0.9958333333333332)",1,99.10833333333318,6331
"(0.9875, 0.9958333333333332)",2,99.10416666666671,6333
"(0.9916666666666668, 0.9958333333333332)",1,99.10416666666669,6334
"(0.9791666666666666, 0.9958333333333332)",1,99.10416666666666,6335
"(0.95, 0.9958333333333332)",2,99.1041666666666,6337
"(0.9833333333333332, 0.9958333333333332)",2,99.1041666666666,6339
"(0.9833333333333332, 0.9958333333333332)",1,99.1041666666666,6340
"(0.9791666666666666, 0.9958333333333332)",1,99.10416666666656,6341
"(0.9833333333333332, 0.9958333333333332)",2,99.10000000000004,6343
"(1.0, 0.9833333333333332)",1,99.10000000000004,6344
"(0.9791666666666666, 0.9958333333333332)",1,99.10000000000004,6345
"(0.9333333333333332, 0.9833333333333332)",2,99.10000000000004,6347
"(0.75, 0.9833333333333332)",1,99.10000000000002,6348
"(0.9166666666666666, 0.9833333333333332)",2,99.10000000000002,6350
"(0.9666666666666668, 1.0)",2,99.10000000000002,6352
"(0.7333333333333333, 0.9833333333333332)",1,99.10000000000002,6353
"(0.9708333333333332, 0.9958333333333332)",2,99.10000000000002,6355
"(0.8666666666666667, 1.0)",2,99.10000000000002,6357
"(0.9666666666666668, 0.9833333333333332)",1,99.10000000000002,6358
"(0.9166666666666666, 1.0)",3,99.10000000000002,6361
"(0.9333333333333332, 1.0)",2,99.10000000000002,6363
"(1.0, 1.0)",1,99.10000000000002,6364
"(0.8166666666666667, 1.0)",1,99.10000000000002,6365
"(0.85, 1.0)",3,99.1,6368
"(0.9666666666666668, 1.0)",6,99.1,6374
"(0.9166666666666666, 1.0)",1,99.1,6375
"(0.75, 1.0)",1,99.1,6376
"(0.8166666666666667, 1.0)",3,99.1,6379
"(0.9791666666666666, 0.9958333333333332)",1,99.1,6380
"(0.7333333333333333, 1.0)",3,99.1,6383
"(0.9791666666666666, 0.9958333333333332)",2,99.1,6385
"(0.9833333333333332, 1.0)",1,99.1,6386
"(0.7, 1.0)",1,99.1,6387
"(0.7, 1.0)",1,99.1,6388
"(0.7333333333333333, 1.0)",4,99.1,6392
"(0.75, 1.0)",1,99.1,6393
"(0.8, 1.0)",2,99.1,6395
"(0.8833333333333333, 1.0)",8,99.1,6403
"(0.8666666666666667, 1.0)",2,99.1,6405
"(0.95, 1.0)",2,99.1,6407
"(0.95, 1.0)",2,99.1,6409
"(0.7666666666666667, 1.0)",1,99.1,6410
"(0.7833333333333333, 1.0)",1,99.1,6411
"(0.7166666666666667, 1.0)",1,99.1,6412
"(1.0, 1.0)",2,99.1,6414
"(0.8333333333333334, 1.0)",4,99.1,6418
"(0.8333333333333334, 1.0)",1,99.1,6419
"(0.9, 1.0)",2,99.1,6421
"(0.9833333333333332, 1.0)",8,99.1,6429
"(0.9166666666666666, 1.0)",1,99.1,6430
"(0.8194444444444444, 1.0)",1,99.09722222222224,6431
"(0.9583333333333334, 1.0)",1,99.09722222222224,6432
"(0.7777777777777778, 0.9861111111111112)",1,99.09722222222224,6433
"(0.9305555555555556, 1.0)",1,99.09722222222224,6434
"(0.8333333333333334, 1.0)",1,99.09722222222224,6435
"(0.9916666666666668, 0.9958333333333332)",1,99.09583333333336,6436
"(0.975, 1.0)",1,99.09583333333336,6437
"(0.9875, 0.9958333333333332)",1,99.09583333333327,6438
"(0.9791666666666666, 0.9958333333333332)",1,99.09583333333327,6439
"(0.975, 0.9958333333333332)",1,99.09583333333326,6440
"(0.9458333333333332, 0.9958333333333332)",1,99.0916666666667,6441
"(0.9791666666666666, 0.9958333333333332)",1,99.0916666666667,6442
"(0.975, 0.9958333333333332)",1,99.0916666666667,6443
"(0.9875, 0.9916666666666668)",1,99.0916666666666,6444
"(0.975, 0.9958333333333332)",1,99.09166666666658,6445
"(0.975, 0.9958333333333332)",2,99.08750000000003,6447
"(0.9791666666666666, 0.9958333333333332)",1,99.08750000000003,6448
"(0.9833333333333332, 0.9958333333333332)",1,99.08750000000003,6449
"(0.9583333333333334, 0.9958333333333332)",2,99.08750000000002,6451
"(0.9458333333333332, 0.9958333333333332)",1,99.0875,6452
"(0.9916666666666668, 0.9958333333333332)",1,99.0875,6453
"(0.95, 0.9958333333333332)",1,99.08749999999996,6454
"(0.9875, 0.9958333333333332)",3,99.08749999999992,6457
"(0.9875, 0.9958333333333332)",1,99.08749999999988,6458
"(0.975, 0.9958333333333332)",1,99.0833333333334,6459
"(1.0, 1.0)",2,99.08333333333336,6461
"(0.9166666666666666, 1.0)",4,99.08333333333336,6465
"(0.85, 1.0)",1,99.08333333333336,6466
"(0.8833333333333333, 0.9833333333333332)",1,99.08333333333336,6467
"(0.7333333333333333, 1.0)",1,99.08333333333336,6468
"(0.9875, 0.9958333333333332)",1,99.08333333333336,6469
"(0.9333333333333332, 1.0)",3,99.08333333333336,6472
"(1.0, 1.0)",2,99.08333333333336,6474
"(0.8333333333333334, 0.9833333333333332)",4,99.08333333333336,6478
"(0.975, 0.9958333333333332)",2,99.08333333333336,6480
"(0.9, 1.0)",1,99.08333333333336,6481
"(0.8333333333333334, 1.0)",1,99.08333333333336,6482
"(0.9666666666666668, 1.0)",1,99.08333333333336,6483
"(0.9166666666666666, 1.0)",1,99.08333333333336,6484
"(0.7083333333333334, 1.0)",1,99.08333333333336,6485
"(1.0, 1.0)",1,99.08333333333334,6486
"(0.7, 1.0)",1,99.08333333333334,6487
"(0.6666666666666666, 1.0)",2,99.08333333333334,6489
"(0.875, 1.0)",1,99.08333333333334,6490
"(0.8333333333333334, 1.0)",1,99.08333333333334,6491
"(0.8, 1.0)",2,99.08333333333334,6493
"(0.9166666666666666, 1.0)",5,99.08333333333334,6498
"(0.8666666666666667, 1.0)",5,99.08333333333334,6503
"(0.7333333333333333, 1.0)",1,99.08333333333334,6504
"(0.9666666666666668, 1.0)",1,99.08333333333334,6505
"(0.9, 1.0)",4,99.08333333333334,6509
"(0.9333333333333332, 1.0)",5,99.08333333333334,6514
"(0.7666666666666667, 1.0)",2,99.08333333333334,6516
"(0.85, 1.0)",1,99.08333333333334,6517
"(0.7166666666666667, 1.0)",2,99.08333333333334,6519
"(0.8833333333333333, 1.0)",7,99.08333333333334,6526
"(0.8166666666666667, 1.0)",1,99.08333333333334,6527
"(0.9958333333333332, 0.9958333333333332)",1,99.08333333333331,6528
"(0.7083333333333334, 1.0)",2,99.08333333333331,6530
"(0.95, 1.0)",2,99.08333333333331,6532
"(0.9166666666666666, 1.0)",3,99.08333333333331,6535
"(0.9833333333333332, 1.0)",5,99.08333333333331,6540
"(0.6666666666666666, 1.0)",1,99.08333333333331,6541
"(0.9666666666666668, 1.0)",1,99.08333333333331,6542
"(0.7333333333333333, 1.0)",1,99.08333333333331,6543
"(0.8833333333333333, 1.0)",1,99.08333333333331,6544
"(0.8666666666666667, 1.0)",4,99.08333333333331,6548
"(0.8166666666666667, 1.0)",3,99.08333333333331,6551
"(0.7, 1.0)",1,99.08333333333331,6552
"(1.0, 1.0)",4,99.08333333333331,6556
"(0.7166666666666667, 1.0)",1,99.08333333333331,6557
"(0.5666666666666667, 1.0)",1,99.08333333333331,6558
"(0.85, 1.0)",4,99.08333333333331,6562
"(0.9333333333333332, 1.0)",1,99.08333333333331,6563
"(0.75, 1.0)",1,99.08333333333331,6564
"(0.975, 0.9958333333333332)",1,99.08333333333329,6565
"(0.9791666666666666, 0.9958333333333332)",1,99.08333333333326,6566
"(0.9791666666666666, 0.9958333333333332)",2,99.08333333333324,6568
"(0.9583333333333334, 0.9916666666666668)",1,99.07916666666672,6569
"(0.9583333333333334, 0.9958333333333332)",1,99.0791666666667,6570
"(0.9708333333333332, 0.9958333333333332)",1,99.07916666666664,6571
"(0.9791666666666666, 0.9958333333333332)",1,99.07916666666664,6572
"(0.9833333333333332, 0.9958333333333332)",1,99.07500000000007,6573
"(0.9875, 0.9958333333333332)",1,99.07500000000005,6574
"(0.9791666666666666, 0.9958333333333332)",1,99.075,6575
"(0.975, 0.9958333333333332)",2,99.07499999999996,6577
"(0.9791666666666666, 0.9958333333333332)",1,99.07499999999996,6578
"(0.9875, 0.9958333333333332)",1,99.07499999999992,6579
"(0.95, 0.9958333333333332)",1,99.0749999999999,6580
"(0.975, 0.9958333333333332)",1,99.0708333333334,6581
"(0.9875, 0.9916666666666668)",1,99.07083333333335,6582
"(0.9791666666666666, 0.9958333333333332)",1,99.07083333333328,6583
"(0.9875, 0.9958333333333332)",2,99.07083333333328,6585
"(0.9305555555555556, 1.0)",1,99.06944444444444,6586
"(0.9166666666666666, 1.0)",2,99.06944444444444,6588
"(0.9875, 0.9958333333333332)",3,99.06666666666672,6591
"(0.8833333333333333, 1.0)",1,99.0666666666667,6592
"(0.9791666666666666, 0.9958333333333332)",2,99.0666666666667,6594
"(0.9333333333333332, 1.0)",1,99.0666666666667,6595
"(0.9333333333333332, 0.9833333333333332)",1,99.0666666666667,6596
"(0.8833333333333333, 1.0)",3,99.06666666666668,6599
"(0.7666666666666667, 1.0)",2,99.06666666666668,6601
"(0.7166666666666667, 1.0)",1,99.06666666666668,6602
"(0.7833333333333333, 1.0)",1,99.06666666666668,6603
"(0.8333333333333334, 1.0)",2,99.06666666666668,6605
"(0.8666666666666667, 1.0)",2,99.06666666666668,6607
"(0.95, 1.0)",2,99.06666666666668,6609
"(0.975, 0.9958333333333332)",1,99.06666666666668,6610
"(0.9, 1.0)",3,99.06666666666668,6613
"(0.8666666666666667, 0.9833333333333332)",1,99.06666666666668,6614
"(0.95, 1.0)",1,99.06666666666668,6615
"(0.8166666666666667, 1.0)",1,99.06666666666668,6616
"(0.9666666666666668, 1.0)",1,99.06666666666668,6617
"(0.75, 1.0)",1,99.06666666666668,6618
"(0.8166666666666667, 1.0)",1,99.06666666666668,6619
"(0.9, 1.0)",1,99.06666666666668,6620
"(0.9166666666666666, 1.0)",1,99.06666666666668,6621
"(0.9333333333333332, 1.0)",3,99.06666666666668,6624
"(0.8333333333333334, 1.0)",2,99.06666666666668,6626
"(0.9666666666666668, 1.0)",1,99.06666666666668,6627
"(0.7666666666666667, 1.0)",2,99.06666666666666,6629
"(0.9833333333333332, 1.0)",2,99.06666666666666,6631
"(0.8166666666666667, 1.0)",2,99.06666666666666,6633
"(0.95, 1.0)",2,99.06666666666666,6635
"(0.9166666666666666, 1.0)",1,99.06666666666666,6636
"(1.0, 1.0)",8,99.06666666666666,6644
"(0.5666666666666667, 1.0)",1,99.06666666666666,6645
"(0.9666666666666668, 1.0)",7,99.06666666666666,6652
"(0.8333333333333334, 1.0)",1,99.06666666666666,6653
"(0.7166666666666667, 1.0)",2,99.06666666666666,6655
"(0.8833333333333333, 1.0)",1,99.06666666666666,6656
"(0.7333333333333333, 1.0)",3,99.06666666666666,6659
"(0.7833333333333333, 1.0)",4,99.06666666666666,6663
"(0.75, 1.0)",2,99.06666666666666,6665
"(0.9333333333333332, 1.0)",2,99.06666666666666,6667
"(0.6833333333333333, 1.0)",3,99.06666666666666,6670
"(0.8, 1.0)",1,99.06666666666666,6671
"(0.7, 1.0)",2,99.06666666666666,6673
"(0.8666666666666667, 1.0)",3,99.06666666666666,6676
"(0.85, 1.0)",1,99.06666666666666,6677
"(0.9541666666666668, 0.9958333333333332)",1,99.06666666666658,6678
"(0.9875, 0.9958333333333332)",1,99.06250000000009,6679
"(0.9833333333333332, 1.0)",1,99.0625,6680
"(0.9583333333333334, 0.9958333333333332)",2,99.0625,6682
"(0.9875, 0.9958333333333332)",1,99.0625,6683
"(0.975, 0.9958333333333332)",1,99.06249999999996,6684
"(0.9958333333333332, 0.9958333333333332)",1,99.06249999999991,6685
"(0.975, 0.9958333333333332)",1,99.05833333333338,6686
"(0.9833333333333332, 0.9916666666666668)",1,99.05833333333337,6687
"(0.9791666666666666, 0.9958333333333332)",1,99.05833333333337,6688
"(0.9583333333333334, 0.9958333333333332)",1,99.05833333333332,6689
"(0.9833333333333332, 0.9958333333333332)",1,99.0583333333333,6690
"(0.7777777777777778, 1.0)",1,99.05555555555556,6691
"(0.8194444444444444, 1.0)",1,99.05555555555556,6692
"(0.9027777777777778, 1.0)",1,99.05555555555556,6693
"(0.975, 0.9958333333333332)",1,99.0541666666667,6694
"(0.9625, 0.9958333333333332)",1,99.0541666666667,6695
"(0.9833333333333332, 0.9958333333333332)",1,99.05416666666667,6696
"(0.9791666666666666, 0.9916666666666668)",1,99.05416666666667,6697
"(0.9625, 0.9958333333333332)",1,99.0541666666666,6698
"(0.9875, 0.9958333333333332)",1,99.05416666666648,6699
"(0.975, 0.9958333333333332)",1,99.05000000000008,6700
"(0.9708333333333332, 0.9958333333333332)",1,99.05000000000004,6701
"(0.85, 1.0)",1,99.05000000000004,6702
"(0.9875, 0.9958333333333332)",2,99.05000000000004,6704
"(0.9166666666666666, 1.0)",3,99.05000000000004,6707
"(0.8, 1.0)",1,99.05000000000004,6708
"(0.8666666666666667, 1.0)",1,99.05000000000004,6709
"(0.95, 0.9833333333333332)",1,99.05000000000004,6710
"(0.8833333333333333, 1.0)",1,99.05000000000004,6711
"(0.8333333333333334, 1.0)",4,99.05000000000004,6715
"(0.9333333333333332, 0.9833333333333332)",2,99.05000000000004,6717
"(1.0, 1.0)",2,99.05000000000004,6719
"(0.9458333333333332, 0.9958333333333332)",2,99.05000000000004,6721
"(0.9666666666666668, 1.0)",1,99.05000000000004,6722
"(0.9916666666666668, 0.9958333333333332)",2,99.05000000000004,6724
"(0.7166666666666667, 1.0)",1,99.05,6725
"(0.6833333333333333, 1.0)",1,99.05,6726
"(0.6833333333333333, 1.0)",1,99.05,6727
"(0.8166666666666667, 1.0)",2,99.05,6729
"(0.8833333333333333, 1.0)",3,99.05,6732
"(0.8166666666666667, 1.0)",2,99.05,6734
"(1.0, 1.0)",4,99.05,6738
"(0.8666666666666667, 1.0)",2,99.05,6740
"(0.9666666666666668, 1.0)",3,99.05,6743
"(0.9833333333333332, 1.0)",5,99.05,6748
"(0.7833333333333333, 1.0)",4,99.05,6752
"(1.0, 1.0)",1,99.05,6753
"(0.9166666666666666, 1.0)",1,99.05,6754
"(0.9333333333333332, 1.0)",4,99.05,6758
"(0.85, 1.0)",1,99.05,6759
"(0.6, 1.0)",1,99.05,6760
"(0.8, 1.0)",1,99.05,6761
"(0.9, 1.0)",2,99.05,6763
"(0.9, 1.0)",2,99.05,6765
"(0.7666666666666667, 1.0)",1,99.05,6766
"(0.6666666666666666, 1.0)",1,99.05,6767
"(0.95, 1.0)",1,99.05,6768
"(0.75, 1.0)",1,99.05,6769
"(0.9833333333333332, 1.0)",1,99.05,6770
"(0.8333333333333334, 1.0)",1,99.05,6771
"(0.8666666666666667, 1.0)",3,99.05,6774
"(0.9166666666666666, 1.0)",1,99.05,6775
"(0.9791666666666666, 0.9958333333333332)",1,99.04999999999994,6776
"(0.9791666666666666, 0.9916666666666668)",2,99.04999999999994,6778
"(0.9791666666666666, 0.9958333333333332)",1,99.04999999999993,6779
"(0.9625, 0.9958333333333332)",1,99.04583333333338,6780
"(0.9875, 0.9916666666666668)",1,99.04583333333332,6781
"(0.9791666666666666, 0.9958333333333332)",2,99.0458333333333,6783
"(0.9875, 0.9958333333333332)",2,99.04166666666674,6785
"(0.8194444444444444, 1.0)",2,99.04166666666669,6787
"(0.75, 0.9861111111111112)",1,99.04166666666669,6788
"(0.8611111111111112, 1.0)",1,99.04166666666666,6789
"(0.8194444444444444, 1.0)",3,99.04166666666666,6792
"(0.9791666666666666, 0.9958333333333332)",2,99.04166666666666,6794
"(0.9027777777777778, 1.0)",1,99.04166666666666,6795
"(0.9958333333333332, 0.9958333333333332)",1,99.04166666666664,6796
"(0.975, 0.9958333333333332)",1,99.04166666666664,6797
"(0.9833333333333332, 0.9958333333333332)",1,99.0375000000001,6798
"(0.9916666666666668, 0.9958333333333332)",1,99.03750000000008,6799
"(0.9875, 0.9958333333333332)",1,99.03750000000004,6800
"(0.9916666666666668, 0.9958333333333332)",1,99.03333333333342,6801
"(0.8166666666666667, 0.9833333333333332)",1,99.03333333333336,6802
"(0.75, 1.0)",1,99.03333333333336,6803
"(0.9833333333333332, 1.0)",1,99.03333333333336,6804
"(0.8666666666666667, 1.0)",2,99.03333333333336,6806
"(0.6666666666666666, 0.9833333333333332)",1,99.03333333333336,6807
"(0.8333333333333334, 0.9833333333333332)",3,99.03333333333336,6810
"(0.7666666666666667, 1.0)",2,99.03333333333336,6812
"(0.7333333333333333, 1.0)",1,99.03333333333336,6813
"(0.7666666666666667, 1.0)",1,99.03333333333336,6814
"(0.8166666666666667, 1.0)",1,99.03333333333336,6815
"(1.0, 1.0)",1,99.03333333333336,6816
"(1.0, 0.9833333333333332)",3,99.03333333333336,6819
"(0.9166666666666666, 1.0)",2,99.03333333333336,6821
"(0.9333333333333332, 1.0)",1,99.03333333333336,6822
"(0.8333333333333334, 1.0)",3,99.03333333333336,6825
"(0.7333333333333333, 1.0)",4,99.03333333333332,6829
"(0.7166666666666667, 1.0)",1,99.03333333333332,6830
"(0.8, 1.0)",5,99.03333333333332,6835
"(0.9166666666666666, 1.0)",3,99.03333333333332,6838
"(0.7, 1.0)",4,99.03333333333332,6842
"(0.9, 1.0)",2,99.03333333333332,6844
"(0.8833333333333333, 1.0)",3,99.03333333333332,6847
"(0.8666666666666667, 1.0)",3,99.03333333333332,6850
"(0.9666666666666668, 1.0)",6,99.03333333333332,6856
"(0.6666666666666666, 1.0)",1,99.03333333333332,6857
"(0.9333333333333332, 1.0)",3,99.03333333333332,6860
"(1.0, 1.0)",3,99.03333333333332,6863
"(0.95, 1.0)",3,99.03333333333332,6866
"(0.975, 0.9958333333333332)",2,99.0333333333333,6868
"(0.975, 0.9916666666666668)",2,99.0333333333333,6870
"(0.9541666666666668, 0.9958333333333332)",2,99.03333333333327,6872
"(0.9583333333333334, 0.9958333333333332)",1,99.03333333333327,6873
"(0.975, 0.9958333333333332)",1,99.03333333333325,6874
"(0.9458333333333332, 0.9958333333333332)",1,99.0291666666667,6875
"(0.9708333333333332, 0.9958333333333332)",1,99.02916666666664,6876
"(0.7638888888888888, 1.0)",1,99.0277777777778,6877
"(0.8333333333333334, 1.0)",2,99.0277777777778,6879
"(0.7777777777777778, 1.0)",1,99.02777777777776,6880
"(0.8472222222222222, 0.9861111111111112)",1,99.02777777777776,6881
"(0.7638888888888888, 1.0)",1,99.02777777777776,6882
"(0.8611111111111112, 1.0)",1,99.02777777777776,6883
"(0.9791666666666666, 0.9958333333333332)",1,99.02500000000008,6884
"(0.9916666666666668, 0.9958333333333332)",1,99.02500000000006,6885
"(0.9833333333333332, 0.9916666666666668)",1,99.02500000000003,6886
"(0.9833333333333332, 0.9958333333333332)",1,99.02500000000003,6887
"(0.9916666666666668, 0.9958333333333332)",1,99.02499999999992,6888
"(0.9791666666666666, 0.9958333333333332)",1,99.02499999999988,6889
"(0.9958333333333332, 1.0)",1,99.02083333333334,6890
"(0.9458333333333332, 0.9958333333333332)",1,99.02083333333324,6891
"(0.9833333333333332, 0.9916666666666668)",1,99.02083333333324,6892
"(0.975, 0.9958333333333332)",1,99.0208333333332,6893
"(0.8, 0.9833333333333332)",1,99.0166666666667,6894
"(0.9333333333333332, 1.0)",3,99.0166666666667,6897
"(0.8666666666666667, 1.0)",1,99.0166666666667,6898
"(0.7333333333333333, 1.0)",4,99.0166666666667,6902
"(0.9, 1.0)",1,99.0166666666667,6903
"(0.8333333333333334, 1.0)",1,99.0166666666667,6904
"(0.8833333333333333, 1.0)",1,99.0166666666667,6905
"(0.8166666666666667, 1.0)",1,99.01666666666668,6906
"(0.9166666666666666, 1.0)",4,99.01666666666668,6910
"(0.95, 1.0)",2,99.01666666666668,6912
"(0.85, 1.0)",1,99.01666666666668,6913
"(0.7333333333333333, 1.0)",1,99.01666666666668,6914
"(0.8, 1.0)",3,99.01666666666668,6917
"(0.9, 1.0)",5,99.01666666666668,6922
"(0.9, 1.0)",1,99.01666666666668,6923
"(0.7, 1.0)",2,99.01666666666668,6925
"(0.8833333333333333, 1.0)",5,99.01666666666668,6930
"(0.9666666666666668, 1.0)",2,99.01666666666668,6932
"(0.9333333333333332, 1.0)",2,99.01666666666668,6934
"(0.85, 1.0)",8,99.01666666666668,6942
"(0.7166666666666667, 1.0)",1,99.01666666666668,6943
"(0.8666666666666667, 1.0)",1,99.01666666666668,6944
"(0.9166666666666666, 1.0)",1,99.01666666666668,6945
"(0.9333333333333332, 1.0)",2,99.01666666666668,6947
"(0.8666666666666667, 1.0)",1,99.01666666666668,6948
"(0.75, 1.0)",2,99.01666666666668,6950
"(0.9833333333333332, 1.0)",1,99.01666666666668,6951
"(0.8166666666666667, 1.0)",1,99.01666666666668,6952
"(0.8333333333333334, 1.0)",3,99.01666666666668,6955
"(0.8333333333333334, 1.0)",1,99.01666666666668,6956
"(1.0, 1.0)",6,99.01666666666668,6962
"(0.9833333333333332, 1.0)",3,99.01666666666668,6965
"(0.9875, 0.9958333333333332)",1,99.01666666666664,6966
"(0.9833333333333332, 0.9958333333333332)",1,99.01666666666664,6967
"(0.9027777777777778, 1.0)",1,99.01388888888891,6968
"(0.7777777777777778, 1.0)",1,99.01388888888889,6969
"(0.9833333333333332, 0.9958333333333332)",1,99.01250000000007,6970
"(0.9833333333333332, 0.9958333333333332)",1,99.01250000000006,6971
"(0.9791666666666666, 0.9958333333333332)",1,99.01250000000005,6972
"(0.9791666666666666, 0.9958333333333332)",1,99.0124999999999,6973
"(0.9625, 0.9958333333333332)",1,99.00833333333335,6974
"(0.9625, 0.9958333333333332)",1,99.00833333333334,6975
"(0.9833333333333332, 0.9958333333333332)",2,99.00833333333333,6977
"(0.9708333333333332, 0.9916666666666668)",1,99.00833333333333,6978
"(0.9875, 0.9916666666666668)",1,99.00833333333328,6979
"(0.95, 0.9875)",1,99.00833333333316,6980
"(0.9833333333333332, 0.9958333333333332)",1,99.0041666666667,6981
"(0.9583333333333334, 0.9958333333333332)",1,99.00416666666666,6982
"(0.9166666666666666, 1.0)",1,99.00000000000004,6983
"(0.9333333333333332, 1.0)",1,99.00000000000004,6984
"(0.9166666666666666, 1.0)",4,99.00000000000004,6988
"(0.9666666666666668, 0.9833333333333332)",1,99.00000000000004,6989
"(0.8, 1.0)",1,99.00000000000004,6990
"(0.8333333333333334, 1.0)",1,99.00000000000004,6991
"(0.9, 0.9833333333333332)",1,99.00000000000004,6992
"(0.9333333333333332, 0.9666666666666668)",1,99.00000000000004,6993
"(0.7166666666666667, 1.0)",1,99.00000000000004,6994
"(0.8666666666666667, 1.0)",1,99.00000000000004,6995
"(0.8333333333333334, 0.9833333333333332)",1,99.00000000000004,6996
"(0.8, 1.0)",3,99.0,6999
"(0.8666666666666667, 1.0)",4,99.0,7003
"(0.8166666666666667, 1.0)",3,99.0,7006
"(0.9833333333333332, 1.0)",2,99.0,7008
"(0.8833333333333333, 1.0)",3,99.0,7011
"(0.9, 1.0)",1,99.0,7012
"(0.9666666666666668, 1.0)",2,99.0,7014
"(0.8666666666666667, 1.0)",5,99.0,7019
"(0.7166666666666667, 1.0)",1,99.0,7020
"(0.9, 1.0)",2,99.0,7022
"(0.6666666666666666, 1.0)",2,99.0,7024
"(0.85, 1.0)",3,99.0,7027
"(0.9833333333333332, 1.0)",2,99.0,7029
"(0.8, 1.0)",1,99.0,7030
"(0.9333333333333332, 1.0)",1,99.0,7031
"(0.9333333333333332, 1.0)",1,99.0,7032
"(0.95, 1.0)",3,99.0,7035
"(0.8833333333333333, 1.0)",1,99.0,7036
"(0.8333333333333334, 0.9833333333333332)",1,99.0,7037
"(0.85, 1.0)",6,99.0,7043
"(1.0, 1.0)",9,99.0,7052
"(0.9166666666666666, 1.0)",7,99.0,7059
"(0.6666666666666666, 1.0)",1,99.0,7060
"(0.7666666666666667, 1.0)",1,99.0,7061
"(0.7, 1.0)",2,99.0,7063
"(0.7333333333333333, 1.0)",1,99.0,7064
"(0.7833333333333333, 1.0)",1,99.0,7065
"(0.9305555555555556, 0.9861111111111112)",2,99.0,7067
"(0.8166666666666667, 1.0)",4,99.0,7071
"(0.95, 1.0)",1,99.0,7072
"(0.8333333333333334, 1.0)",3,99.0,7075
"(0.9416666666666668, 0.9958333333333332)",1,98.99999999999996,7076
"(0.9583333333333334, 0.9958333333333332)",1,98.99999999999994,7077
"(0.95, 0.9958333333333332)",1,98.99999999999991,7078
"(0.9625, 0.9958333333333332)",1,98.9958333333334,7079
"(0.9791666666666666, 0.9958333333333332)",1,98.99583333333334,7080
"(0.9791666666666666, 0.9958333333333332)",2,98.99583333333328,7082
"(0.9708333333333332, 0.9958333333333332)",1,98.99166666666672,7083
"(0.9833333333333332, 0.9958333333333332)",1,98.99166666666666,7084
"(0.9708333333333332, 0.9916666666666668)",2,98.99166666666665,7086
"(0.9708333333333332, 0.9958333333333332)",1,98.99166666666665,7087
"(0.9916666666666668, 0.9958333333333332)",1,98.98750000000008,7088
"(0.9875, 0.9958333333333332)",1,98.9875,7089
"(0.9791666666666666, 0.9958333333333332)",1,98.9875,7090
"(0.9416666666666668, 0.9958333333333332)",1,98.98749999999993,7091
"(0.9305555555555556, 1.0)",1,98.98611111111114,7092
"(0.7083333333333334, 1.0)",2,98.98611111111111,7094
"(0.9444444444444444, 1.0)",1,98.98611111111111,7095
"(0.7777777777777778, 1.0)",1,98.98611111111111,7096
"(0.9166666666666666, 0.9666666666666668)",1,98.98333333333338,7097
"(0.9333333333333332, 1.0)",2,98.98333333333338,7099
"(0.6666666666666666, 0.9833333333333332)",1,98.98333333333336,7100
"(0.7166666666666667, 1.0)",2,98.98333333333336,7102
"(0.9333333333333332, 1.0)",2,98.98333333333336,7104
"(0.9666666666666668, 1.0)",1,98.98333333333336,7105
"(0.8666666666666667, 1.0)",2,98.98333333333336,7107
"(0.8833333333333333, 1.0)",2,98.98333333333336,7109
"(0.9166666666666666, 1.0)",1,98.98333333333336,7110
"(0.8, 0.9833333333333332)",1,98.98333333333336,7111
"(0.8166666666666667, 1.0)",1,98.98333333333336,7112
"(0.7333333333333333, 0.9833333333333332)",1,98.98333333333336,7113
"(0.9166666666666666, 0.9833333333333332)",1,98.98333333333336,7114
"(0.8, 1.0)",2,98.98333333333336,7116
"(0.9666666666666668, 1.0)",3,98.98333333333336,7119
"(0.8833333333333333, 0.9833333333333332)",1,98.98333333333336,7120
"(0.8333333333333334, 0.9833333333333332)",2,98.98333333333336,7122
"(0.75, 1.0)",1,98.98333333333336,7123
"(0.95, 1.0)",1,98.98333333333336,7124
"(0.8666666666666667, 1.0)",6,98.98333333333332,7130
"(1.0, 1.0)",16,98.98333333333332,7146
"(0.8833333333333333, 1.0)",6,98.98333333333332,7152
"(0.9833333333333332, 1.0)",4,98.98333333333332,7156
"(0.8, 1.0)",2,98.98333333333332,7158
"(0.7166666666666667, 1.0)",2,98.98333333333332,7160
"(0.8166666666666667, 1.0)",3,98.98333333333332,7163
"(0.9666666666666668, 1.0)",1,98.98333333333332,7164
"(0.7333333333333333, 1.0)",1,98.98333333333332,7165
"(0.8333333333333334, 1.0)",1,98.98333333333332,7166
"(0.7, 1.0)",1,98.98333333333332,7167
"(0.7833333333333333, 1.0)",2,98.98333333333332,7169
"(0.9333333333333332, 1.0)",4,98.98333333333332,7173
"(0.9166666666666666, 1.0)",1,98.98333333333332,7174
"(0.7166666666666667, 1.0)",2,98.98333333333332,7176
"(0.9583333333333334, 0.9958333333333332)",2,98.98333333333332,7178
"(0.85, 1.0)",2,98.98333333333332,7180
"(0.9541666666666668, 0.9958333333333332)",1,98.98333333333332,7181
"(0.9791666666666666, 0.9958333333333332)",2,98.98333333333328,7183
"(0.975, 0.9958333333333332)",1,98.98333333333323,7184
"(0.9791666666666666, 0.9958333333333332)",2,98.98333333333323,7186
"(0.9833333333333332, 0.9958333333333332)",1,98.9833333333332,7187
"(0.9791666666666666, 0.9875)",1,98.9833333333331,7188
"(0.975, 0.9958333333333332)",1,98.97916666666669,7189
"(0.9708333333333332, 0.9958333333333332)",1,98.97916666666664,7190
"(0.9791666666666666, 0.9958333333333332)",1,98.97916666666656,7191
"(0.9791666666666666, 0.9875)",1,98.97916666666652,7192
"(0.9875, 0.9916666666666668)",1,98.97916666666652,7193
"(0.9875, 0.9958333333333332)",1,98.97916666666649,7194
"(0.9625, 0.9958333333333332)",1,98.97500000000008,7195
"(0.9875, 0.9958333333333332)",1,98.97500000000004,7196
"(0.9541666666666668, 0.9958333333333332)",1,98.975,7197
"(0.9708333333333332, 0.9958333333333332)",1,98.97499999999992,7198
"(0.9791666666666666, 0.9916666666666668)",1,98.9749999999999,7199
"(0.9583333333333334, 1.0)",1,98.97222222222226,7200
"(0.9444444444444444, 1.0)",1,98.97222222222226,7201
"(0.9027777777777778, 1.0)",3,98.97222222222224,7204
"(0.9027777777777778, 0.9861111111111112)",1,98.97222222222224,7205
"(0.9166666666666666, 1.0)",1,98.97222222222224,7206
"(0.9305555555555556, 1.0)",1,98.97222222222224,7207
"(0.75, 1.0)",1,98.97222222222224,7208
"(0.8611111111111112, 1.0)",4,98.9722222222222,7212
"(0.9791666666666666, 0.9958333333333332)",1,98.97083333333345,7213
"(0.9166666666666666, 0.9833333333333332)",1,98.9666666666667,7214
"(0.7166666666666667, 1.0)",1,98.9666666666667,7215
"(0.8, 1.0)",1,98.9666666666667,7216
"(0.9, 0.9833333333333332)",1,98.9666666666667,7217
"(0.8833333333333333, 1.0)",1,98.9666666666667,7218
"(0.95, 1.0)",1,98.9666666666667,7219
"(0.7666666666666667, 1.0)",1,98.9666666666667,7220
"(0.8166666666666667, 1.0)",4,98.96666666666668,7224
"(0.8666666666666667, 1.0)",2,98.96666666666668,7226
"(0.7666666666666667, 1.0)",1,98.96666666666668,7227
"(0.85, 1.0)",7,98.96666666666668,7234
"(0.8666666666666667, 0.9833333333333332)",2,98.96666666666668,7236
"(0.9666666666666668, 1.0)",1,98.96666666666668,7237
"(0.9, 1.0)",2,98.96666666666668,7239
"(0.7333333333333333, 1.0)",2,98.96666666666668,7241
"(0.8, 1.0)",3,98.96666666666668,7244
"(0.7833333333333333, 1.0)",1,98.96666666666668,7245
"(0.8333333333333334, 1.0)",2,98.96666666666668,7247
"(0.75, 1.0)",1,98.96666666666668,7248
"(0.95, 1.0)",7,98.96666666666668,7255
"(1.0, 1.0)",8,98.96666666666668,7263
"(1.0, 1.0)",1,98.96666666666668,7264
"(0.9166666666666666, 0.9833333333333332)",1,98.96666666666668,7265
"(0.8, 1.0)",1,98.96666666666668,7266
"(0.9166666666666666, 1.0)",6,98.96666666666668,7272
"(0.8333333333333334, 0.9833333333333332)",2,98.96666666666668,7274
"(0.9333333333333332, 1.0)",1,98.96666666666668,7275
"(0.7666666666666667, 1.0)",1,98.96666666666668,7276
"(0.9, 1.0)",2,98.96666666666668,7278
"(0.6833333333333333, 1.0)",1,98.96666666666668,7279
"(0.8833333333333333, 1.0)",1,98.96666666666668,7280
"(0.8333333333333334, 1.0)",1,98.96666666666668,7281
"(0.9333333333333332, 1.0)",1,98.96666666666668,7282
"(0.9833333333333332, 1.0)",4,98.96666666666668,7286
"(0.9583333333333334, 0.9958333333333332)",1,98.96666666666664,7287
"(0.9875, 0.9958333333333332)",1,98.96666666666658,7288
"(0.9791666666666666, 0.9958333333333332)",2,98.96666666666658,7290
"(0.9916666666666668, 0.9958333333333332)",1,98.96250000000008,7291
"(0.9708333333333332, 0.9958333333333332)",1,98.96250000000002,7292
"(0.9458333333333332, 0.9916666666666668)",1,98.96249999999972,7293
"(0.9708333333333332, 0.9958333333333332)",1,98.95833333333344,7294
"(0.8888888888888888, 0.9861111111111112)",1,98.95833333333334,7295
"(0.9305555555555556, 1.0)",3,98.95833333333331,7298
"(0.75, 1.0)",1,98.95833333333331,7299
"(0.6944444444444444, 1.0)",1,98.95833333333331,7300
"(0.8194444444444444, 1.0)",1,98.95833333333331,7301
"(0.9027777777777778, 1.0)",1,98.95833333333331,7302
"(0.9791666666666666, 0.9958333333333332)",1,98.95833333333329,7303
"(0.9791666666666666, 0.9916666666666668)",1,98.95833333333326,7304
"(0.975, 0.9958333333333332)",2,98.95416666666662,7306
"(0.975, 0.9958333333333332)",1,98.9541666666666,7307
"(0.9875, 0.9916666666666668)",1,98.9541666666664,7308
"(0.9, 0.9833333333333332)",1,98.95000000000005,7309
"(0.8, 1.0)",2,98.95000000000005,7311
"(0.95, 1.0)",1,98.95000000000005,7312
"(0.9166666666666666, 0.9833333333333332)",2,98.95000000000005,7314
"(0.9333333333333332, 0.9833333333333332)",2,98.95000000000005,7316
"(0.9333333333333332, 1.0)",3,98.95000000000005,7319
"(0.8333333333333334, 1.0)",1,98.95000000000005,7320
"(0.7333333333333333, 1.0)",1,98.95000000000005,7321
"(0.8166666666666667, 0.9833333333333332)",1,98.95000000000005,7322
"(0.8666666666666667, 1.0)",2,98.95000000000002,7324
"(0.8833333333333333, 0.9833333333333332)",1,98.95000000000002,7325
"(0.7833333333333333, 1.0)",1,98.95000000000002,7326
"(0.8833333333333333, 1.0)",1,98.95000000000002,7327
"(0.9833333333333332, 1.0)",1,98.95000000000002,7328
"(0.9166666666666666, 1.0)",1,98.95000000000002,7329
"(0.7166666666666667, 1.0)",1,98.95000000000002,7330
"(0.8333333333333334, 1.0)",1,98.95000000000002,7331
"(0.8166666666666667, 1.0)",1,98.95000000000002,7332
"(0.85, 1.0)",2,98.95000000000002,7334
"(0.9, 1.0)",1,98.95,7335
"(0.9166666666666666, 1.0)",1,98.95,7336
"(1.0, 1.0)",2,98.95,7338
"(0.8666666666666667, 1.0)",6,98.95,7344
"(0.85, 1.0)",5,98.95,7349
"(0.9333333333333332, 1.0)",1,98.95,7350
"(0.9833333333333332, 1.0)",5,98.95,7355
"(0.8, 1.0)",1,98.95,7356
"(0.75, 1.0)",1,98.95,7357
"(0.7166666666666667, 1.0)",1,98.95,7358
"(0.8666666666666667, 1.0)",1,98.95,7359
"(0.7, 1.0)",2,98.95,7361
"(0.8, 1.0)",1,98.95,7362
"(0.8833333333333333, 1.0)",2,98.95,7364
"(0.8166666666666667, 1.0)",3,98.95,7367
"(0.7666666666666667, 1.0)",1,98.95,7368
"(0.9666666666666668, 1.0)",1,98.95,7369
"(1.0, 1.0)",1,98.95,7370
"(0.6666666666666666, 1.0)",1,98.95,7371
"(0.6833333333333333, 1.0)",2,98.95,7373
"(0.7666666666666667, 1.0)",4,98.95,7377
"(0.9, 1.0)",2,98.95,7379
"(0.8333333333333334, 1.0)",8,98.95,7387
"(0.7833333333333333, 1.0)",2,98.95,7389
"(0.7333333333333333, 1.0)",1,98.95,7390
"(0.975, 0.9958333333333332)",2,98.94999999999996,7392
"(0.9375, 0.9916666666666668)",1,98.9499999999999,7393
"(0.9791666666666666, 0.9958333333333332)",1,98.94583333333334,7394
"(0.9583333333333334, 0.9958333333333332)",1,98.94583333333328,7395
"(0.7777777777777778, 1.0)",1,98.94444444444449,7396
"(0.8333333333333334, 1.0)",1,98.94444444444446,7397
"(0.8611111111111112, 1.0)",1,98.94444444444444,7398
"(0.9444444444444444, 1.0)",2,98.94444444444444,7400
"(0.7777777777777778, 1.0)",1,98.94444444444444,7401
"(0.9305555555555556, 1.0)",1,98.94444444444444,7402
"(0.8194444444444444, 1.0)",2,98.94444444444444,7404
"(0.8333333333333334, 1.0)",2,98.94444444444444,7406
"(0.9583333333333334, 0.9958333333333332)",1,98.94166666666672,7407
"(0.975, 0.9958333333333332)",1,98.9416666666667,7408
"(0.95, 0.9958333333333332)",1,98.94166666666663,7409
"(0.975, 0.9958333333333332)",1,98.94166666666658,7410
"(0.9833333333333332, 0.9958333333333332)",2,98.94166666666658,7412
"(0.9791666666666666, 0.9958333333333332)",1,98.94166666666656,7413
"(0.8333333333333334, 0.9833333333333332)",1,98.93333333333337,7414
"(0.7333333333333333, 1.0)",1,98.93333333333337,7415
"(0.9166666666666666, 1.0)",2,98.93333333333337,7417
"(0.8666666666666667, 1.0)",3,98.93333333333337,7420
"(1.0, 0.9833333333333332)",1,98.93333333333337,7421
"(0.8833333333333333, 1.0)",1,98.93333333333337,7422
"(0.9666666666666668, 1.0)",2,98.93333333333337,7424
"(0.8333333333333334, 1.0)",1,98.93333333333337,7425
"(0.8833333333333333, 1.0)",2,98.93333333333337,7427
"(0.9, 1.0)",1,98.93333333333337,7428
"(0.9666666666666668, 0.9666666666666668)",2,98.93333333333337,7430
"(0.75, 1.0)",2,98.93333333333337,7432
"(0.7833333333333333, 1.0)",1,98.93333333333337,7433
"(0.9166666666666666, 0.9833333333333332)",1,98.93333333333337,7434
"(1.0, 1.0)",2,98.93333333333337,7436
"(0.9333333333333332, 1.0)",1,98.93333333333337,7437
"(0.6833333333333333, 1.0)",1,98.93333333333334,7438
"(0.9, 1.0)",3,98.93333333333334,7441
"(1.0, 1.0)",6,98.93333333333334,7447
"(0.8, 1.0)",1,98.93333333333334,7448
"(0.9166666666666666, 1.0)",2,98.93333333333334,7450
"(0.9666666666666668, 1.0)",2,98.93333333333334,7452
"(0.7666666666666667, 1.0)",2,98.93333333333334,7454
"(0.8666666666666667, 1.0)",8,98.93333333333334,7462
"(0.8333333333333334, 1.0)",1,98.93333333333334,7463
"(0.7166666666666667, 1.0)",1,98.93333333333334,7464
"(0.95, 1.0)",5,98.93333333333334,7469
"(0.85, 1.0)",3,98.93333333333334,7472
"(0.9333333333333332, 1.0)",2,98.93333333333334,7474
"(0.8166666666666667, 1.0)",5,98.93333333333334,7479
"(0.8833333333333333, 1.0)",4,98.93333333333334,7483
"(0.75, 1.0)",6,98.93333333333334,7489
"(0.9833333333333332, 1.0)",5,98.93333333333334,7494
"(0.7333333333333333, 1.0)",2,98.93333333333334,7496
"(0.8666666666666667, 1.0)",1,98.93333333333332,7497
"(0.9708333333333332, 0.9958333333333332)",1,98.93333333333328,7498
"(0.9875, 0.9958333333333332)",2,98.93333333333324,7500
"(0.9833333333333332, 0.9916666666666668)",1,98.93333333333318,7501
"(0.9444444444444444, 1.0)",1,98.9305555555556,7502
"(0.9027777777777778, 1.0)",2,98.93055555555556,7504
"(0.8333333333333334, 1.0)",7,98.93055555555556,7511
"(0.8194444444444444, 1.0)",1,98.93055555555556,7512
"(0.7361111111111112, 1.0)",1,98.93055555555556,7513
"(0.7222222222222222, 1.0)",1,98.93055555555556,7514
"(0.9166666666666666, 1.0)",2,98.93055555555556,7516
"(0.8472222222222222, 1.0)",1,98.93055555555556,7517
"(0.9305555555555556, 1.0)",2,98.93055555555556,7519
"(0.9916666666666668, 0.9958333333333332)",1,98.92916666666666,7520
"(0.9541666666666668, 0.9958333333333332)",1,98.92916666666665,7521
"(0.9833333333333332, 0.9958333333333332)",1,98.92916666666662,7522
"(0.975, 0.9958333333333332)",1,98.925,7523
"(0.9625, 0.9958333333333332)",1,98.92499999999995,7524
"(0.9791666666666666, 0.9958333333333332)",1,98.92499999999994,7525
"(0.9625, 0.9958333333333332)",2,98.92499999999994,7527
"(0.975, 0.9958333333333332)",2,98.92083333333336,7529
"(0.9708333333333332, 0.9958333333333332)",2,98.92083333333332,7531
"(0.9625, 0.9958333333333332)",1,98.92083333333332,7532
"(0.9458333333333332, 0.9958333333333332)",1,98.92083333333328,7533
"(0.975, 0.9958333333333332)",2,98.92083333333323,7535
"(0.9833333333333332, 0.9916666666666668)",1,98.92083333333322,7536
"(0.9833333333333332, 0.9958333333333332)",1,98.9208333333331,7537
"(0.8333333333333334, 1.0)",1,98.91666666666674,7538
"(1.0, 0.9833333333333332)",1,98.91666666666671,7539
"(0.9, 0.9666666666666668)",1,98.9166666666667,7540
"(0.9333333333333332, 1.0)",1,98.9166666666667,7541
"(0.9625, 0.9916666666666668)",1,98.9166666666667,7542
"(0.8833333333333333, 1.0)",2,98.9166666666667,7544
"(0.8666666666666667, 0.9833333333333332)",1,98.9166666666667,7545
"(0.9333333333333332, 0.9833333333333332)",1,98.9166666666667,7546
"(0.95, 1.0)",2,98.91666666666669,7548
"(0.6666666666666666, 1.0)",1,98.91666666666669,7549
"(0.8666666666666667, 1.0)",3,98.91666666666669,7552
"(0.7166666666666667, 1.0)",1,98.91666666666669,7553
"(0.9833333333333332, 1.0)",1,98.91666666666669,7554
"(0.8333333333333334, 1.0)",1,98.91666666666669,7555
"(0.8833333333333333, 1.0)",2,98.91666666666669,7557
"(0.8666666666666667, 1.0)",3,98.91666666666669,7560
"(0.75, 1.0)",2,98.91666666666669,7562
"(0.9166666666666666, 1.0)",1,98.91666666666669,7563
"(1.0, 1.0)",4,98.91666666666669,7567
"(0.9, 1.0)",3,98.91666666666669,7570
"(0.7833333333333333, 1.0)",1,98.91666666666669,7571
"(0.95, 1.0)",1,98.91666666666669,7572
"(0.9666666666666668, 1.0)",3,98.91666666666669,7575
"(0.9833333333333332, 0.9958333333333332)",1,98.91666666666669,7576
"(0.9333333333333332, 1.0)",2,98.91666666666669,7578
"(0.9333333333333332, 1.0)",2,98.91666666666669,7580
"(0.8, 1.0)",2,98.91666666666669,7582
"(0.7666666666666667, 1.0)",3,98.91666666666669,7585
"(0.9, 1.0)",1,98.91666666666669,7586
"(0.9027777777777778, 1.0)",2,98.91666666666669,7588
"(0.9166666666666666, 1.0)",1,98.91666666666669,7589
"(0.9444444444444444, 1.0)",1,98.91666666666669,7590
"(0.8833333333333333, 1.0)",1,98.91666666666669,7591
"(0.6666666666666666, 1.0)",1,98.91666666666666,7592
"(0.8333333333333334, 1.0)",1,98.91666666666666,7593
"(0.85, 1.0)",2,98.91666666666666,7595
"(0.8, 1.0)",2,98.91666666666666,7597
"(0.8833333333333333, 1.0)",4,98.91666666666666,7601
"(0.75, 1.0)",3,98.91666666666666,7604
"(0.9166666666666666, 1.0)",3,98.91666666666666,7607
"(0.6833333333333333, 1.0)",1,98.91666666666666,7608
"(0.9, 1.0)",3,98.91666666666666,7611
"(0.9833333333333332, 1.0)",1,98.91666666666666,7612
"(0.7777777777777778, 1.0)",1,98.91666666666666,7613
"(0.8666666666666667, 1.0)",1,98.91666666666666,7614
"(0.9625, 0.9958333333333332)",1,98.9166666666666,7615
"(0.9791666666666666, 0.9875)",1,98.9166666666666,7616
"(0.9625, 0.9958333333333332)",2,98.9125000000001,7618
"(0.9875, 0.9958333333333332)",1,98.9125,7619
"(0.9833333333333332, 0.9916666666666668)",1,98.9124999999998,7620
"(0.9625, 0.9958333333333332)",1,98.9083333333334,7621
"(0.9791666666666666, 0.9958333333333332)",2,98.90833333333325,7623
"(0.9, 0.9958333333333332)",1,98.90833333333322,7624
"(0.9875, 0.9958333333333332)",1,98.90416666666655,7625
"(0.9166666666666666, 1.0)",1,98.9027777777778,7626
"(0.9305555555555556, 1.0)",2,98.9027777777778,7628
"(0.9027777777777778, 1.0)",2,98.90277777777776,7630
"(0.8472222222222222, 1.0)",1,98.90277777777776,7631
"(0.8833333333333333, 1.0)",1,98.90000000000003,7632
"(0.7166666666666667, 0.9833333333333332)",1,98.90000000000003,7633
"(0.9333333333333332, 1.0)",1,98.90000000000003,7634
"(0.7666666666666667, 0.9833333333333332)",1,98.90000000000003,7635
"(0.9666666666666668, 0.9958333333333332)",1,98.90000000000003,7636
"(0.8333333333333334, 1.0)",1,98.90000000000003,7637
"(0.9625, 0.9958333333333332)",1,98.90000000000003,7638
"(0.6666666666666666, 1.0)",1,98.90000000000003,7639
"(0.9, 1.0)",1,98.90000000000003,7640
"(1.0, 1.0)",1,98.90000000000003,7641
"(0.9666666666666668, 1.0)",1,98.90000000000002,7642
"(0.75, 1.0)",2,98.90000000000002,7644
"(0.8666666666666667, 1.0)",1,98.90000000000002,7645
"(0.7666666666666667, 1.0)",1,98.90000000000002,7646
"(0.8166666666666667, 1.0)",2,98.90000000000002,7648
"(0.9166666666666666, 1.0)",1,98.90000000000002,7649
"(0.85, 1.0)",2,98.90000000000002,7651
"(0.7166666666666667, 1.0)",4,98.90000000000002,7655
"(1.0, 1.0)",1,98.90000000000002,7656
"(1.0, 1.0)",8,98.9,7664
"(0.85, 1.0)",2,98.9,7666
"(0.95, 1.0)",1,98.9,7667
"(0.8166666666666667, 1.0)",2,98.9,7669
"(0.7833333333333333, 1.0)",1,98.9,7670
"(0.9166666666666666, 1.0)",2,98.9,7672
"(0.8, 1.0)",3,98.9,7675
"(0.8833333333333333, 1.0)",2,98.9,7677
"(0.75, 1.0)",1,98.9,7678
"(0.8333333333333334, 1.0)",2,98.9,7680
"(0.6833333333333333, 1.0)",4,98.9,7684
"(0.9333333333333332, 1.0)",3,98.9,7687
"(0.9833333333333332, 1.0)",4,98.9,7691
"(0.8666666666666667, 1.0)",2,98.9,7693
"(0.9208333333333332, 0.9916666666666668)",1,98.89583333333331,7694
"(0.9791666666666666, 0.9958333333333332)",1,98.8958333333333,7695
"(0.9875, 0.9958333333333332)",2,98.89583333333329,7697
"(0.9875, 0.9958333333333332)",1,98.89166666666672,7698
"(0.9458333333333332, 0.9958333333333332)",1,98.89166666666662,7699
"(0.9833333333333332, 0.9958333333333332)",1,98.89166666666658,7700
"(0.95, 0.9958333333333332)",1,98.89166666666658,7701
"(0.9625, 0.9958333333333332)",1,98.89166666666658,7702
"(0.75, 1.0)",1,98.8888888888889,7703
"(0.9027777777777778, 1.0)",1,98.88888888888889,7704
"(0.9166666666666666, 1.0)",1,98.88888888888889,7705
"(0.8194444444444444, 1.0)",1,98.88888888888889,7706
"(0.8472222222222222, 1.0)",1,98.88888888888889,7707
"(0.8333333333333334, 1.0)",1,98.88888888888889,7708
"(0.9875, 0.9958333333333332)",1,98.88749999999992,7709
"(0.975, 0.9958333333333332)",1,98.88749999999992,7710
"(0.975, 0.9958333333333332)",1,98.8874999999999,7711
"(0.95, 1.0)",1,98.88333333333338,7712
"(0.75, 0.9833333333333332)",1,98.88333333333335,7713
"(0.8333333333333334, 1.0)",3,98.88333333333335,7716
"(0.7666666666666667, 1.0)",1,98.88333333333335,7717
"(0.8, 1.0)",2,98.88333333333335,7719
"(0.75, 1.0)",1,98.88333333333335,7720
"(0.7666666666666667, 0.9666666666666668)",1,98.88333333333335,7721
"(0.9666666666666668, 1.0)",1,98.88333333333335,7722
"(0.8833333333333333, 0.9833333333333332)",1,98.88333333333335,7723
"(0.9166666666666666, 0.9833333333333332)",3,98.88333333333335,7726
"(1.0, 1.0)",1,98.88333333333335,7727
"(1.0, 0.9666666666666668)",2,98.88333333333335,7729
"(0.8166666666666667, 1.0)",1,98.88333333333335,7730
"(0.9, 0.9833333333333332)",1,98.88333333333335,7731
"(0.85, 1.0)",1,98.88333333333335,7732
"(0.85, 1.0)",2,98.88333333333334,7734
"(0.6666666666666666, 1.0)",1,98.88333333333334,7735
"(0.9333333333333332, 1.0)",1,98.88333333333334,7736
"(0.8666666666666667, 1.0)",2,98.88333333333334,7738
"(0.95, 1.0)",2,98.88333333333334,7740
"(0.9166666666666666, 1.0)",1,98.88333333333334,7741
"(0.8333333333333334, 1.0)",1,98.88333333333334,7742
"(1.0, 1.0)",6,98.88333333333333,7748
"(0.8666666666666667, 1.0)",3,98.88333333333333,7751
"(0.7833333333333333, 1.0)",1,98.88333333333333,7752
"(0.9541666666666668, 0.9958333333333332)",2,98.88333333333333,7754
"(0.85, 1.0)",2,98.88333333333333,7756
"(0.9833333333333332, 0.9958333333333332)",1,98.88333333333333,7757
"(0.8833333333333333, 1.0)",2,98.88333333333333,7759
"(0.7666666666666667, 1.0)",2,98.88333333333333,7761
"(0.9666666666666668, 1.0)",3,98.88333333333333,7764
"(0.9333333333333332, 1.0)",1,98.88333333333333,7765
"(0.8333333333333334, 1.0)",3,98.88333333333333,7768
"(0.8166666666666667, 1.0)",1,98.88333333333333,7769
"(0.9833333333333332, 1.0)",2,98.88333333333333,7771
"(0.9625, 0.9958333333333332)",2,98.88333333333328,7773
"(0.95, 0.9875)",1,98.87916666666666,7774
"(0.9875, 0.9958333333333332)",1,98.87500000000004,7775
"(0.7083333333333334, 1.0)",1,98.875,7776
"(0.8333333333333334, 0.9861111111111112)",1,98.875,7777
"(0.8194444444444444, 1.0)",1,98.875,7778
"(0.8611111111111112, 1.0)",1,98.875,7779
"(0.9791666666666666, 0.9958333333333332)",1,98.87499999999994,7780
"(0.975, 0.9958333333333332)",1,98.87499999999991,7781
"(0.9875, 0.9958333333333332)",1,98.87083333333337,7782
"(0.9708333333333332, 0.9958333333333332)",1,98.87083333333337,7783
"(0.975, 0.9958333333333332)",1,98.86666666666672,7784
"(1.0, 0.9833333333333332)",1,98.86666666666672,7785
"(1.0, 1.0)",1,98.86666666666672,7786
"(0.95, 1.0)",2,98.8666666666667,7788
"(1.0, 1.0)",1,98.8666666666667,7789
"(0.8666666666666667, 1.0)",1,98.8666666666667,7790
"(0.9166666666666666, 1.0)",1,98.8666666666667,7791
"(0.9708333333333332, 0.9958333333333332)",1,98.8666666666667,7792
"(0.9333333333333332, 0.9833333333333332)",2,98.8666666666667,7794
"(0.9, 1.0)",4,98.86666666666667,7798
"(0.85, 1.0)",1,98.86666666666667,7799
"(0.9833333333333332, 1.0)",3,98.86666666666667,7802
"(0.8333333333333334, 1.0)",2,98.86666666666667,7804
"(0.7833333333333333, 1.0)",2,98.86666666666667,7806
"(0.9, 1.0)",2,98.86666666666667,7808
"(0.8666666666666667, 1.0)",1,98.86666666666667,7809
"(0.75, 1.0)",2,98.86666666666667,7811
"(0.8833333333333333, 1.0)",1,98.86666666666667,7812
"(0.6833333333333333, 1.0)",1,98.86666666666667,7813
"(0.7333333333333333, 1.0)",4,98.86666666666667,7817
"(0.9166666666666666, 1.0)",4,98.86666666666667,7821
"(0.6, 1.0)",1,98.86666666666667,7822
"(0.8833333333333333, 0.9833333333333332)",1,98.86666666666667,7823
"(0.9666666666666668, 1.0)",9,98.86666666666667,7832
"(0.8166666666666667, 1.0)",1,98.86666666666667,7833
"(0.9166666666666666, 1.0)",1,98.86666666666667,7834
"(0.85, 1.0)",1,98.86666666666667,7835
"(0.9333333333333332, 1.0)",1,98.86666666666667,7836
"(1.0, 1.0)",3,98.86666666666667,7839
"(0.8833333333333333, 1.0)",2,98.86666666666667,7841
"(0.95, 1.0)",4,98.86666666666667,7845
"(0.9666666666666668, 1.0)",2,98.86666666666666,7847
"(0.9166666666666666, 1.0)",2,98.86666666666666,7849
"(1.0, 1.0)",3,98.86666666666666,7852
"(0.8, 1.0)",1,98.86666666666666,7853
"(0.9666666666666668, 0.9958333333333332)",1,98.86666666666666,7854
"(0.9791666666666666, 0.9916666666666668)",1,98.86666666666665,7855
"(0.9791666666666666, 0.9958333333333332)",1,98.86666666666665,7856
"(0.9875, 0.9958333333333332)",1,98.86249999999995,7857
"(0.975, 0.9958333333333332)",1,98.86249999999988,7858
"(0.9027777777777778, 1.0)",2,98.86111111111111,7860
"(0.8611111111111112, 0.9861111111111112)",1,98.86111111111111,7861
"(0.9166666666666666, 1.0)",1,98.86111111111111,7862
"(0.8472222222222222, 1.0)",3,98.86111111111111,7865
"(0.8333333333333334, 1.0)",1,98.86111111111111,7866
"(0.9305555555555556, 1.0)",1,98.86111111111111,7867
"(0.975, 0.9958333333333332)",1,98.85833333333336,7868
"(0.9208333333333332, 0.9958333333333332)",2,98.85833333333332,7870
"(0.9291666666666668, 0.9958333333333332)",1,98.85833333333326,7871
"(0.9875, 0.9916666666666668)",1,98.85833333333322,7872
"(0.975, 0.9875)",1,98.85833333333318,7873
"(0.9875, 0.9958333333333332)",1,98.85416666666666,7874
"(0.9875, 0.9958333333333332)",1,98.85416666666664,7875
"(0.975, 0.9958333333333332)",1,98.8541666666666,7876
"(0.9875, 0.9958333333333332)",1,98.8541666666666,7877
"(0.8333333333333334, 1.0)",1,98.85000000000004,7878
"(0.9333333333333332, 0.9833333333333332)",2,98.85000000000002,7880
"(0.8666666666666667, 1.0)",1,98.85000000000002,7881
"(0.95, 1.0)",2,98.85000000000002,7883
"(0.9166666666666666, 1.0)",1,98.85000000000002,7884
"(0.8166666666666667, 1.0)",1,98.85000000000002,7885
"(0.8333333333333334, 1.0)",2,98.85000000000002,7887
"(0.8166666666666667, 0.9833333333333332)",1,98.85000000000002,7888
"(0.9, 1.0)",2,98.85000000000002,7890
"(0.9333333333333332, 1.0)",4,98.85000000000002,7894
"(0.9833333333333332, 1.0)",1,98.85000000000002,7895
"(0.75, 0.9833333333333332)",1,98.85000000000002,7896
"(0.7666666666666667, 1.0)",2,98.85,7898
"(0.8666666666666667, 1.0)",1,98.85,7899
"(0.6833333333333333, 1.0)",2,98.85,7901
"(0.9, 1.0)",2,98.85,7903
"(0.8, 1.0)",2,98.85,7905
"(0.8333333333333334, 1.0)",2,98.85,7907
"(0.9333333333333332, 1.0)",2,98.85,7909
"(0.8666666666666667, 1.0)",4,98.85,7913
"(0.9, 1.0)",3,98.85,7916
"(0.8166666666666667, 1.0)",1,98.85,7917
"(1.0, 1.0)",5,98.85,7922
"(0.9666666666666668, 1.0)",1,98.85,7923
"(0.7833333333333333, 1.0)",1,98.85,7924
"(0.7166666666666667, 1.0)",1,98.85,7925
"(0.75, 1.0)",1,98.85,7926
"(0.9166666666666666, 1.0)",2,98.85,7928
"(0.8333333333333334, 1.0)",3,98.85,7931
"(0.9666666666666668, 1.0)",1,98.85,7932
"(0.7833333333333333, 1.0)",3,98.85,7935
"(0.9333333333333332, 1.0)",1,98.85,7936
"(0.9791666666666666, 0.9958333333333332)",1,98.84999999999998,7937
"(0.9708333333333332, 0.9958333333333332)",2,98.84999999999997,7939
"(0.9875, 0.9958333333333332)",2,98.84999999999997,7941
"(0.975, 0.9958333333333332)",1,98.8499999999999,7942
"(0.9583333333333334, 0.9916666666666668)",1,98.84999999999977,7943
"(0.75, 1.0)",1,98.8472222222223,7944
"(0.9305555555555556, 1.0)",1,98.84722222222226,7945
"(0.7777777777777778, 1.0)",1,98.84722222222224,7946
"(0.7638888888888888, 1.0)",2,98.84722222222224,7948
"(0.9444444444444444, 1.0)",1,98.84722222222224,7949
"(0.8611111111111112, 1.0)",1,98.84722222222224,7950
"(0.8472222222222222, 1.0)",1,98.8472222222222,7951
"(0.975, 0.9958333333333332)",1,98.84583333333336,7952
"(0.9708333333333332, 0.9958333333333332)",1,98.8416666666667,7953
"(0.975, 0.9958333333333332)",1,98.84166666666664,7954
"(0.9875, 0.9958333333333332)",1,98.83750000000008,7955
"(0.9708333333333332, 0.9958333333333332)",1,98.83750000000008,7956
"(0.95, 0.9916666666666668)",1,98.83750000000002,7957
"(0.9791666666666666, 0.9958333333333332)",2,98.8374999999999,7959
"(0.8194444444444444, 0.9861111111111112)",1,98.8333333333334,7960
"(0.9333333333333332, 0.9833333333333332)",1,98.8333333333334,7961
"(0.9, 1.0)",1,98.83333333333336,7962
"(0.9166666666666666, 1.0)",1,98.83333333333336,7963
"(0.9166666666666666, 0.9833333333333332)",1,98.83333333333336,7964
"(0.8666666666666667, 1.0)",1,98.83333333333336,7965
"(0.8333333333333334, 1.0)",1,98.83333333333336,7966
"(0.75, 1.0)",1,98.83333333333336,7967
"(0.8, 1.0)",1,98.83333333333336,7968
"(0.7166666666666667, 0.9833333333333332)",1,98.83333333333336,7969
"(0.7166666666666667, 1.0)",1,98.83333333333336,7970
"(0.8166666666666667, 1.0)",1,98.83333333333336,7971
"(0.8166666666666667, 0.9833333333333332)",1,98.83333333333336,7972
"(0.8333333333333334, 1.0)",2,98.83333333333334,7974
"(0.9333333333333332, 1.0)",2,98.83333333333334,7976
"(0.95, 1.0)",3,98.83333333333334,7979
"(0.7333333333333333, 1.0)",1,98.83333333333334,7980
"(0.8888888888888888, 1.0)",1,98.83333333333334,7981
"(0.8472222222222222, 0.9861111111111112)",2,98.83333333333334,7983
"(0.8833333333333333, 1.0)",1,98.83333333333334,7984
"(0.8, 1.0)",2,98.83333333333334,7986
"(0.8166666666666667, 1.0)",1,98.83333333333334,7987
"(0.8194444444444444, 0.9861111111111112)",1,98.83333333333334,7988
"(0.9166666666666666, 0.9861111111111112)",1,98.83333333333334,7989
"(0.8666666666666667, 1.0)",2,98.83333333333334,7991
"(0.9166666666666666, 1.0)",2,98.83333333333334,7993
"(0.9, 1.0)",2,98.83333333333334,7995
"(0.7666666666666667, 1.0)",2,98.83333333333334,7997
"(0.7083333333333334, 1.0)",1,98.83333333333334,7998
"(0.7, 1.0)",1,98.83333333333331,7999
"(0.9583333333333334, 1.0)",2,98.83333333333331,8001
"(0.9444444444444444, 1.0)",1,98.83333333333331,8002
"(0.8833333333333333, 1.0)",6,98.83333333333331,8008
"(0.8333333333333334, 1.0)",2,98.83333333333331,8010
"(0.9833333333333332, 1.0)",2,98.83333333333331,8012
"(0.9, 1.0)",1,98.83333333333331,8013
"(0.7777777777777778, 1.0)",2,98.83333333333331,8015
"(0.9625, 0.9958333333333332)",1,98.83333333333331,8016
"(0.85, 1.0)",1,98.83333333333331,8017
"(0.9666666666666668, 0.9958333333333332)",1,98.83333333333331,8018
"(1.0, 1.0)",3,98.83333333333331,8021
"(0.7333333333333333, 1.0)",3,98.83333333333331,8024
"(0.8666666666666667, 1.0)",1,98.83333333333331,8025
"(0.9333333333333332, 1.0)",2,98.83333333333331,8027
"(0.975, 0.9958333333333332)",1,98.8333333333332,8028
"(0.9833333333333332, 0.9958333333333332)",1,98.82916666666678,8029
"(0.9833333333333332, 0.9958333333333332)",1,98.82916666666657,8030
"(0.9791666666666666, 0.9958333333333332)",1,98.825,8031
"(0.9208333333333332, 0.9958333333333332)",2,98.82083333333334,8033
"(0.7777777777777778, 1.0)",1,98.81944444444446,8034
"(0.9305555555555556, 0.9861111111111112)",1,98.81944444444444,8035
"(0.75, 1.0)",1,98.81944444444444,8036
"(0.9333333333333332, 0.9833333333333332)",1,98.81666666666672,8037
"(0.95, 0.9958333333333332)",1,98.81666666666672,8038
"(0.8333333333333334, 1.0)",2,98.8166666666667,8040
"(0.9666666666666668, 0.9833333333333332)",1,98.8166666666667,8041
"(0.8333333333333334, 0.9833333333333332)",1,98.8166666666667,8042
"(0.9166666666666666, 1.0)",1,98.8166666666667,8043
"(0.7666666666666667, 1.0)",1,98.8166666666667,8044
"(0.9833333333333332, 1.0)",1,98.81666666666668,8045
"(0.9, 1.0)",1,98.81666666666668,8046
"(0.9, 0.9833333333333332)",2,98.81666666666668,8048
"(0.8833333333333333, 1.0)",2,98.81666666666668,8050
"(0.9166666666666666, 1.0)",3,98.81666666666668,8053
"(0.8333333333333334, 1.0)",4,98.81666666666668,8057
"(0.7666666666666667, 1.0)",1,98.81666666666668,8058
"(0.7333333333333333, 1.0)",1,98.81666666666668,8059
"(0.9333333333333332, 1.0)",1,98.81666666666668,8060
"(0.8833333333333333, 1.0)",2,98.81666666666668,8062
"(0.9166666666666666, 1.0)",1,98.81666666666668,8063
"(0.8666666666666667, 1.0)",1,98.81666666666668,8064
"(0.9166666666666666, 0.9833333333333332)",1,98.81666666666668,8065
"(0.8333333333333334, 1.0)",3,98.81666666666668,8068
"(0.9333333333333332, 1.0)",4,98.81666666666668,8072
"(0.9833333333333332, 1.0)",1,98.81666666666668,8073
"(0.8666666666666667, 1.0)",1,98.81666666666668,8074
"(1.0, 1.0)",1,98.81666666666668,8075
"(0.9, 1.0)",3,98.81666666666666,8078
"(0.8333333333333334, 1.0)",1,98.81666666666666,8079
"(0.8666666666666667, 1.0)",1,98.81666666666666,8080
"(0.8, 1.0)",5,98.81666666666666,8085
"(0.8833333333333333, 1.0)",2,98.81666666666666,8087
"(0.7166666666666667, 1.0)",1,98.81666666666666,8088
"(1.0, 1.0)",3,98.81666666666666,8091
"(0.85, 1.0)",2,98.81666666666666,8093
"(0.9833333333333332, 1.0)",4,98.81666666666666,8097
"(0.9333333333333332, 1.0)",1,98.81666666666666,8098
"(0.9666666666666668, 1.0)",4,98.81666666666666,8102
"(0.9916666666666668, 0.9958333333333332)",1,98.8166666666666,8103
"(0.975, 0.9958333333333332)",1,98.81666666666658,8104
"(0.9375, 0.9916666666666668)",1,98.81666666666656,8105
"(0.975, 0.9958333333333332)",1,98.81250000000009,8106
"(0.9791666666666666, 0.9958333333333332)",1,98.81250000000004,8107
"(0.975, 0.9958333333333332)",1,98.8125,8108
"(0.9791666666666666, 0.9916666666666668)",1,98.81249999999994,8109
"(0.9875, 0.9958333333333332)",1,98.81249999999976,8110
"(0.9666666666666668, 0.9958333333333332)",2,98.80833333333328,8112
"(0.9166666666666666, 0.9958333333333332)",1,98.80833333333328,8113
"(0.9875, 0.9708333333333332)",1,98.80833333333322,8114
"(0.6527777777777778, 1.0)",1,98.80555555555556,8115
"(0.8888888888888888, 1.0)",1,98.80555555555556,8116
"(0.9833333333333332, 0.9958333333333332)",1,98.80416666666667,8117
"(0.975, 0.9958333333333332)",2,98.80416666666656,8119
"(0.9375, 0.9958333333333332)",1,98.80416666666652,8120
"(1.0, 0.9666666666666668)",1,98.80000000000004,8121
"(0.8833333333333333, 1.0)",1,98.80000000000004,8122
"(0.8333333333333334, 0.9833333333333332)",1,98.80000000000004,8123
"(0.7666666666666667, 1.0)",1,98.80000000000004,8124
"(0.9333333333333332, 1.0)",1,98.80000000000004,8125
"(0.8666666666666667, 1.0)",2,98.80000000000004,8127
"(0.9, 1.0)",1,98.80000000000004,8128
"(0.9, 1.0)",2,98.80000000000004,8130
"(0.9166666666666666, 1.0)",2,98.8,8132
"(0.8666666666666667, 1.0)",4,98.8,8136
"(1.0, 1.0)",3,98.8,8139
"(0.9, 1.0)",3,98.8,8142
"(0.8333333333333334, 1.0)",1,98.8,8143
"(0.8, 1.0)",1,98.8,8144
"(0.8166666666666667, 1.0)",1,98.8,8145
"(0.95, 1.0)",4,98.8,8149
"(0.7166666666666667, 1.0)",1,98.8,8150
"(0.8666666666666667, 1.0)",3,98.8,8153
"(0.8333333333333334, 1.0)",1,98.8,8154
"(0.9166666666666666, 1.0)",1,98.8,8155
"(0.9333333333333332, 1.0)",2,98.8,8157
"(0.8833333333333333, 1.0)",1,98.8,8158
"(1.0, 1.0)",1,98.8,8159
"(0.85, 1.0)",1,98.8,8160
"(0.9833333333333332, 1.0)",1,98.8,8161
"(0.9916666666666668, 0.9916666666666668)",1,98.8,8162
"(0.9666666666666668, 1.0)",1,98.8,8163
"(0.9333333333333332, 1.0)",1,98.8,8164
"(0.95, 1.0)",1,98.8,8165
"(0.8833333333333333, 1.0)",8,98.8,8173
"(0.5833333333333334, 1.0)",1,98.8,8174
"(0.9291666666666668, 0.9958333333333332)",1,98.79999999999986,8175
"(0.9375, 0.9958333333333332)",1,98.79583333333332,8176
"(0.9458333333333332, 0.9958333333333332)",1,98.7958333333332,8177
"(0.9027777777777778, 1.0)",1,98.79166666666669,8178
"(0.8194444444444444, 1.0)",1,98.79166666666669,8179
"(0.9305555555555556, 1.0)",1,98.79166666666669,8180
"(0.8611111111111112, 1.0)",2,98.79166666666669,8182
"(0.8194444444444444, 1.0)",1,98.79166666666666,8183
"(0.9875, 0.9958333333333332)",1,98.79166666666664,8184
"(0.9625, 0.9958333333333332)",1,98.7875,8185
"(0.9208333333333332, 0.9958333333333332)",1,98.78749999999997,8186
"(0.9875, 0.9916666666666668)",1,98.78749999999992,8187
"(0.9791666666666666, 0.9916666666666668)",1,98.7874999999999,8188
"(1.0, 0.9833333333333332)",2,98.7833333333334,8190
"(0.9, 0.9833333333333332)",1,98.78333333333336,8191
"(0.8333333333333334, 1.0)",2,98.78333333333336,8193
"(1.0, 1.0)",1,98.78333333333336,8194
"(0.95, 1.0)",1,98.78333333333336,8195
"(1.0, 0.9666666666666668)",1,98.78333333333336,8196
"(0.7666666666666667, 1.0)",3,98.78333333333336,8199
"(0.8833333333333333, 1.0)",1,98.78333333333336,8200
"(0.9166666666666666, 1.0)",1,98.78333333333336,8201
"(0.85, 1.0)",1,98.78333333333336,8202
"(0.9, 1.0)",1,98.78333333333336,8203
"(1.0, 1.0)",2,98.78333333333336,8205
"(0.8666666666666667, 0.9833333333333332)",2,98.78333333333336,8207
"(0.7666666666666667, 0.9833333333333332)",1,98.78333333333336,8208
"(0.9, 1.0)",1,98.78333333333336,8209
"(0.8166666666666667, 0.9833333333333332)",2,98.78333333333336,8211
"(0.9833333333333332, 1.0)",1,98.78333333333336,8212
"(0.9, 0.9666666666666668)",1,98.78333333333336,8213
"(0.9666666666666668, 1.0)",1,98.78333333333336,8214
"(0.7833333333333333, 1.0)",1,98.78333333333336,8215
"(0.85, 1.0)",3,98.78333333333332,8218
"(0.95, 1.0)",4,98.78333333333332,8222
"(0.8666666666666667, 1.0)",3,98.78333333333332,8225
"(1.0, 1.0)",4,98.78333333333332,8229
"(0.8833333333333333, 1.0)",2,98.78333333333332,8231
"(0.7666666666666667, 1.0)",2,98.78333333333332,8233
"(0.6666666666666666, 1.0)",1,98.78333333333332,8234
"(0.9, 1.0)",1,98.78333333333332,8235
"(0.9666666666666668, 1.0)",1,98.78333333333332,8236
"(0.9333333333333332, 1.0)",2,98.78333333333332,8238
"(0.9833333333333332, 1.0)",3,98.78333333333332,8241
"(0.9166666666666666, 1.0)",1,98.78333333333332,8242
"(0.7333333333333333, 1.0)",1,98.78333333333332,8243
"(0.9875, 0.9916666666666668)",1,98.78333333333326,8244
"(0.9458333333333332, 0.9958333333333332)",2,98.78333333333325,8246
"(0.9791666666666666, 0.9958333333333332)",1,98.77916666666668,8247
"(0.975, 0.9958333333333332)",1,98.77916666666668,8248
"(0.9875, 0.9875)",1,98.77916666666658,8249
"(0.925, 0.9875)",1,98.77916666666655,8250
"(0.9791666666666666, 0.9875)",1,98.77916666666653,8251
"(0.8837209302325582, 1.0)",1,98.77906976744188,8252
"(0.6162790697674418, 1.0)",1,98.77906976744188,8253
"(0.8472222222222222, 1.0)",1,98.7777777777778,8254
"(0.8333333333333334, 1.0)",1,98.7777777777778,8255
"(0.7777777777777778, 1.0)",4,98.7777777777778,8259
"(0.9444444444444444, 1.0)",2,98.7777777777778,8261
"(0.9166666666666666, 1.0)",1,98.7777777777778,8262
"(0.8194444444444444, 1.0)",1,98.7777777777778,8263
"(0.6527777777777778, 1.0)",1,98.77777777777776,8264
"(0.7638888888888888, 1.0)",2,98.77777777777776,8266
"(0.75, 1.0)",4,98.77777777777776,8270
"(0.9458333333333332, 0.9958333333333332)",1,98.7749999999999,8271
"(0.95, 0.9916666666666668)",1,98.77499999999984,8272
"(0.975, 0.9958333333333332)",1,98.77083333333331,8273
"(0.9041666666666668, 0.9958333333333332)",1,98.77083333333329,8274
"(0.9791666666666666, 0.9958333333333332)",1,98.77083333333329,8275
"(0.85, 0.9666666666666668)",2,98.76666666666672,8277
"(0.8166666666666667, 1.0)",1,98.7666666666667,8278
"(0.9833333333333332, 1.0)",2,98.7666666666667,8280
"(0.9166666666666666, 1.0)",2,98.7666666666667,8282
"(0.8333333333333334, 1.0)",1,98.7666666666667,8283
"(0.8, 1.0)",1,98.7666666666667,8284
"(0.8666666666666667, 1.0)",1,98.7666666666667,8285
"(0.8833333333333333, 0.9833333333333332)",1,98.7666666666667,8286
"(0.9, 1.0)",3,98.76666666666668,8289
"(0.8, 1.0)",1,98.76666666666668,8290
"(0.8166666666666667, 1.0)",1,98.76666666666668,8291
"(0.85, 1.0)",1,98.76666666666668,8292
"(1.0, 1.0)",9,98.76666666666668,8301
"(0.8666666666666667, 1.0)",3,98.76666666666668,8304
"(0.8333333333333334, 1.0)",2,98.76666666666668,8306
"(0.9333333333333332, 1.0)",1,98.76666666666668,8307
"(1.0, 1.0)",1,98.76666666666668,8308
"(0.9833333333333332, 1.0)",1,98.76666666666668,8309
"(0.95, 1.0)",1,98.76666666666668,8310
"(0.8333333333333334, 1.0)",1,98.76666666666668,8311
"(0.8833333333333333, 1.0)",2,98.76666666666668,8313
"(0.9666666666666668, 1.0)",2,98.76666666666668,8315
"(0.75, 1.0)",1,98.76666666666668,8316
"(0.8666666666666667, 1.0)",1,98.76666666666668,8317
"(0.8833333333333333, 1.0)",1,98.76666666666668,8318
"(0.9, 1.0)",1,98.76666666666668,8319
"(0.85, 1.0)",6,98.76666666666668,8325
"(0.8, 1.0)",2,98.76666666666668,8327
"(0.6833333333333333, 1.0)",1,98.76666666666668,8328
"(0.9166666666666666, 1.0)",1,98.76666666666668,8329
"(0.9458333333333332, 0.9916666666666668)",1,98.76666666666652,8330
"(0.8194444444444444, 0.9861111111111112)",1,98.76388888888904,8331
"(0.7638888888888888, 0.9722222222222222)",1,98.76388888888904,8332
"(0.9444444444444444, 1.0)",1,98.7638888888889,8333
"(0.9027777777777778, 1.0)",1,98.76388888888889,8334
"(0.7777777777777778, 1.0)",2,98.76388888888889,8336
"(0.9833333333333332, 0.9833333333333332)",1,98.76250000000005,8337
"(0.975, 0.9958333333333332)",1,98.76249999999976,8338
"(0.9625, 0.9958333333333332)",1,98.75833333333333,8339
"(0.9833333333333332, 0.9916666666666668)",1,98.75833333333328,8340
"(0.9083333333333332, 0.9916666666666668)",1,98.7583333333332,8341
"(0.9583333333333334, 0.9916666666666668)",1,98.75833333333318,8342
"(0.95, 0.9958333333333332)",1,98.75416666666672,8343
"(0.9208333333333332, 0.9916666666666668)",1,98.75416666666652,8344
"(0.9625, 0.9916666666666668)",1,98.75416666666642,8345
"(0.7333333333333333, 0.9833333333333332)",1,98.75000000000004,8346
"(0.9444444444444444, 1.0)",1,98.75000000000004,8347
"(0.85, 1.0)",1,98.75000000000004,8348
"(0.9166666666666666, 1.0)",1,98.75000000000004,8349
"(0.95, 0.9833333333333332)",1,98.75000000000004,8350
"(0.8833333333333333, 1.0)",2,98.75000000000004,8352
"(0.9833333333333332, 1.0)",1,98.75000000000004,8353
"(0.8666666666666667, 1.0)",1,98.75000000000004,8354
"(0.9833333333333332, 1.0)",1,98.75000000000004,8355
"(0.9791666666666666, 0.9958333333333332)",1,98.75000000000004,8356
"(0.7833333333333333, 1.0)",3,98.75,8359
"(0.6666666666666666, 1.0)",1,98.75,8360
"(0.9333333333333332, 1.0)",1,98.75,8361
"(0.7333333333333333, 1.0)",1,98.75,8362
"(0.8833333333333333, 1.0)",6,98.75,8368
"(0.85, 1.0)",3,98.75,8371
"(0.9333333333333332, 1.0)",1,98.75,8372
"(0.7166666666666667, 1.0)",1,98.75,8373
"(0.9, 1.0)",1,98.75,8374
"(0.9305555555555556, 1.0)",1,98.75,8375
"(0.7666666666666667, 1.0)",1,98.75,8376
"(0.6833333333333333, 1.0)",1,98.75,8377
"(1.0, 1.0)",1,98.75,8378
"(0.8333333333333334, 1.0)",3,98.75,8381
"(0.8833333333333333, 1.0)",2,98.75,8383
"(0.9722222222222222, 1.0)",1,98.75,8384
"(0.8166666666666667, 1.0)",1,98.75,8385
"(0.8, 1.0)",2,98.75,8387
"(1.0, 1.0)",3,98.75,8390
"(0.8194444444444444, 1.0)",1,98.75,8391
"(0.8666666666666667, 1.0)",1,98.75,8392
"(0.9, 1.0)",1,98.75,8393
"(0.75, 1.0)",1,98.75,8394
"(0.9166666666666666, 1.0)",1,98.75,8395
"(0.8666666666666667, 1.0)",6,98.75,8401
"(0.9833333333333332, 1.0)",2,98.75,8403
"(0.8166666666666667, 1.0)",2,98.75,8405
"(0.9444444444444444, 0.9861111111111112)",1,98.75,8406
"(0.95, 1.0)",4,98.75,8410
"(0.9458333333333332, 0.9916666666666668)",1,98.74999999999994,8411
"(0.9041666666666668, 0.9958333333333332)",1,98.74999999999991,8412
"(0.925, 0.9875)",2,98.74999999999989,8414
"(0.9041666666666668, 0.9958333333333332)",1,98.74583333333328,8415
"(0.9833333333333332, 0.9916666666666668)",1,98.74583333333328,8416
"(0.9791666666666666, 0.9958333333333332)",2,98.74583333333324,8418
"(0.8837209302325582, 1.0)",1,98.74418604651166,8419
"(0.9791666666666666, 0.9958333333333332)",1,98.74166666666672,8420
"(0.975, 0.9833333333333332)",1,98.7416666666667,8421
"(0.9791666666666666, 0.9958333333333332)",1,98.74166666666662,8422
"(0.9833333333333332, 0.9916666666666668)",1,98.74166666666652,8423
"(0.9875, 0.9958333333333332)",1,98.74166666666652,8424
"(0.9791666666666666, 0.9958333333333332)",1,98.73750000000004,8425
"(0.9791666666666666, 0.9916666666666668)",1,98.73749999999984,8426
"(0.9833333333333332, 0.9916666666666668)",1,98.73749999999984,8427
"(0.9444444444444444, 1.0)",1,98.73611111111116,8428
"(0.8333333333333334, 1.0)",1,98.73611111111111,8429
"(0.9305555555555556, 1.0)",1,98.73611111111111,8430
"(0.9166666666666666, 1.0)",1,98.73611111111111,8431
"(0.9444444444444444, 1.0)",1,98.73611111111111,8432
"(0.7222222222222222, 1.0)",1,98.73611111111111,8433
"(0.9027777777777778, 1.0)",1,98.73611111111111,8434
"(0.7916666666666666, 1.0)",1,98.73611111111111,8435
"(0.9166666666666666, 1.0)",1,98.73333333333338,8436
"(0.9166666666666666, 0.9833333333333332)",2,98.73333333333338,8438
"(1.0, 0.9833333333333332)",2,98.73333333333338,8440
"(0.9, 1.0)",2,98.73333333333336,8442
"(0.9333333333333332, 1.0)",1,98.73333333333336,8443
"(0.9166666666666666, 1.0)",1,98.73333333333336,8444
"(0.9, 0.9833333333333332)",1,98.73333333333336,8445
"(0.85, 1.0)",2,98.73333333333336,8447
"(0.8666666666666667, 1.0)",2,98.73333333333336,8449
"(0.5833333333333334, 1.0)",1,98.73333333333336,8450
"(0.95, 1.0)",2,98.73333333333336,8452
"(0.8333333333333334, 0.9833333333333332)",1,98.73333333333336,8453
"(0.8833333333333333, 1.0)",3,98.73333333333336,8456
"(0.8666666666666667, 1.0)",1,98.73333333333336,8457
"(0.9833333333333332, 1.0)",2,98.73333333333336,8459
"(0.9333333333333332, 1.0)",1,98.73333333333336,8460
"(0.9833333333333332, 1.0)",3,98.73333333333336,8463
"(0.6333333333333333, 1.0)",1,98.73333333333336,8464
"(0.8166666666666667, 1.0)",1,98.73333333333336,8465
"(0.9666666666666668, 1.0)",1,98.73333333333336,8466
"(0.8166666666666667, 1.0)",3,98.73333333333332,8469
"(0.7666666666666667, 1.0)",1,98.73333333333332,8470
"(0.8333333333333334, 1.0)",2,98.73333333333332,8472
"(0.9833333333333332, 1.0)",2,98.73333333333332,8474
"(0.8, 1.0)",1,98.73333333333332,8475
"(0.9333333333333332, 1.0)",2,98.73333333333332,8477
"(0.9666666666666668, 1.0)",1,98.73333333333332,8478
"(0.85, 1.0)",3,98.73333333333332,8481
"(0.8833333333333333, 1.0)",2,98.73333333333332,8483
"(0.9833333333333332, 1.0)",4,98.73333333333332,8487
"(0.7833333333333333, 1.0)",3,98.73333333333332,8490
"(1.0, 1.0)",6,98.73333333333332,8496
"(0.8666666666666667, 1.0)",4,98.73333333333332,8500
"(0.9625, 0.9958333333333332)",1,98.7333333333332,8501
"(0.9833333333333332, 0.9958333333333332)",1,98.73333333333318,8502
"(0.9916666666666668, 0.9958333333333332)",1,98.72916666666671,8503
"(0.9208333333333332, 0.9958333333333332)",1,98.72499999999998,8504
"(0.7638888888888888, 1.0)",1,98.72222222222226,8505
"(0.8611111111111112, 1.0)",1,98.72222222222224,8506
"(0.8611111111111112, 0.9861111111111112)",1,98.72222222222224,8507
"(0.9166666666666666, 1.0)",2,98.72222222222224,8509
"(0.9444444444444444, 1.0)",1,98.72222222222224,8510
"(0.9583333333333334, 1.0)",1,98.72222222222224,8511
"(0.8055555555555556, 1.0)",2,98.72222222222224,8513
"(0.9625, 0.9958333333333332)",1,98.7208333333334,8514
"(0.8333333333333334, 0.9833333333333332)",2,98.71666666666673,8516
"(0.8333333333333334, 1.0)",1,98.71666666666673,8517
"(0.8666666666666667, 0.9833333333333332)",1,98.71666666666673,8518
"(0.9333333333333332, 1.0)",1,98.71666666666673,8519
"(0.9166666666666666, 0.9833333333333332)",1,98.71666666666673,8520
"(0.7333333333333333, 0.9833333333333332)",1,98.7166666666667,8521
"(0.9166666666666666, 1.0)",1,98.7166666666667,8522
"(0.9, 1.0)",3,98.7166666666667,8525
"(0.85, 1.0)",2,98.7166666666667,8527
"(0.9333333333333332, 1.0)",1,98.7166666666667,8528
"(0.8333333333333334, 1.0)",1,98.7166666666667,8529
"(0.8666666666666667, 1.0)",1,98.7166666666667,8530
"(0.8333333333333334, 0.9833333333333332)",1,98.7166666666667,8531
"(0.85, 1.0)",1,98.71666666666668,8532
"(0.95, 1.0)",2,98.71666666666668,8534
"(0.9833333333333332, 1.0)",4,98.71666666666668,8538
"(0.9666666666666668, 1.0)",9,98.71666666666668,8547
"(0.85, 1.0)",2,98.71666666666668,8549
"(0.8833333333333333, 0.9833333333333332)",1,98.71666666666668,8550
"(0.7166666666666667, 1.0)",1,98.71666666666668,8551
"(0.6833333333333333, 1.0)",1,98.71666666666668,8552
"(0.8333333333333334, 0.9833333333333332)",1,98.71666666666668,8553
"(0.7166666666666667, 1.0)",1,98.71666666666668,8554
"(0.8833333333333333, 1.0)",2,98.71666666666668,8556
"(0.8666666666666667, 1.0)",3,98.71666666666668,8559
"(0.7833333333333333, 1.0)",2,98.71666666666668,8561
"(0.75, 1.0)",1,98.71666666666668,8562
"(0.7666666666666667, 1.0)",1,98.71666666666668,8563
"(0.8333333333333334, 1.0)",2,98.71666666666668,8565
"(0.8, 1.0)",1,98.71666666666668,8566
"(0.9333333333333332, 1.0)",3,98.71666666666668,8569
"(0.9166666666666666, 1.0)",2,98.71666666666668,8571
"(0.8166666666666667, 1.0)",3,98.71666666666668,8574
"(1.0, 1.0)",12,98.71666666666668,8586
"(0.8833333333333333, 1.0)",9,98.71666666666668,8595
"(0.9, 1.0)",1,98.71666666666668,8596
"(0.825, 0.9916666666666668)",1,98.7166666666666,8597
"(0.9208333333333332, 0.9958333333333332)",1,98.71249999999992,8598
"(0.9186046511627908, 1.0)",1,98.70930232558143,8599
"(0.8194444444444444, 1.0)",1,98.70833333333346,8600
"(0.9166666666666666, 1.0)",1,98.7083333333334,8601
"(0.9444444444444444, 1.0)",1,98.7083333333334,8602
"(0.9125, 0.9958333333333332)",1,98.70833333333336,8603
"(0.9166666666666666, 1.0)",1,98.70833333333336,8604
"(0.75, 1.0)",2,98.70833333333334,8606
"(0.875, 1.0)",1,98.70833333333334,8607
"(0.9444444444444444, 1.0)",1,98.70833333333334,8608
"(0.9166666666666666, 1.0)",2,98.70833333333334,8610
"(0.8472222222222222, 1.0)",2,98.70833333333331,8612
"(0.8194444444444444, 1.0)",1,98.70833333333331,8613
"(0.9041666666666668, 0.9958333333333332)",1,98.70833333333329,8614
"(0.9208333333333332, 0.9916666666666668)",1,98.70416666666662,8615
"(0.8, 1.0)",1,98.70000000000005,8616
"(0.9166666666666666, 0.9833333333333332)",1,98.70000000000005,8617
"(0.9, 0.9666666666666668)",1,98.70000000000005,8618
"(0.9333333333333332, 0.9833333333333332)",1,98.70000000000005,8619
"(0.9166666666666666, 1.0)",2,98.70000000000005,8621
"(0.8666666666666667, 1.0)",1,98.70000000000005,8622
"(0.75, 1.0)",1,98.70000000000005,8623
"(0.85, 1.0)",1,98.70000000000002,8624
"(0.8166666666666667, 1.0)",1,98.70000000000002,8625
"(0.7666666666666667, 1.0)",4,98.70000000000002,8629
"(0.9166666666666666, 1.0)",1,98.70000000000002,8630
"(0.95, 0.9958333333333332)",2,98.70000000000002,8632
"(0.85, 0.9833333333333332)",2,98.70000000000002,8634
"(0.8333333333333334, 1.0)",1,98.70000000000002,8635
"(0.7666666666666667, 0.9833333333333332)",1,98.70000000000002,8636
"(0.95, 1.0)",1,98.70000000000002,8637
"(0.8833333333333333, 1.0)",1,98.70000000000002,8638
"(1.0, 1.0)",1,98.70000000000002,8639
"(0.9, 1.0)",1,98.70000000000002,8640
"(0.9666666666666668, 1.0)",3,98.7,8643
"(0.6833333333333333, 1.0)",2,98.7,8645
"(0.9166666666666666, 1.0)",2,98.7,8647
"(0.7666666666666667, 1.0)",1,98.7,8648
"(0.8, 1.0)",2,98.7,8650
"(0.8833333333333333, 1.0)",2,98.7,8652
"(0.85, 1.0)",1,98.7,8653
"(0.7666666666666667, 1.0)",1,98.7,8654
"(0.9166666666666666, 1.0)",2,98.7,8656
"(0.75, 1.0)",1,98.7,8657
"(0.8166666666666667, 1.0)",1,98.7,8658
"(1.0, 1.0)",1,98.7,8659
"(0.7, 1.0)",1,98.7,8660
"(0.8666666666666667, 1.0)",3,98.7,8663
"(0.8166666666666667, 1.0)",1,98.7,8664
"(0.95, 1.0)",2,98.7,8666
"(1.0, 1.0)",1,98.7,8667
"(0.9333333333333332, 1.0)",3,98.7,8670
"(0.7166666666666667, 1.0)",1,98.7,8671
"(0.6666666666666666, 1.0)",1,98.7,8672
"(0.9416666666666668, 0.9958333333333332)",1,98.69999999999996,8673
"(0.8953488372093024, 1.0)",1,98.69767441860468,8674
"(0.9583333333333334, 0.9958333333333332)",1,98.69583333333333,8675
"(0.9541666666666668, 0.9958333333333332)",1,98.69583333333333,8676
"(0.9791666666666666, 0.9916666666666668)",1,98.69583333333328,8677
"(0.9875, 0.9916666666666668)",1,98.6958333333332,8678
"(0.7777777777777778, 1.0)",1,98.69444444444444,8679
"(0.7777777777777778, 1.0)",1,98.69444444444444,8680
"(0.9375, 0.9875)",1,98.6875,8681
"(0.9083333333333332, 0.9958333333333332)",1,98.68749999999991,8682
"(0.9875, 0.9875)",1,98.68749999999984,8683
"(0.9375, 0.9916666666666668)",2,98.68749999999984,8685
"(0.9333333333333332, 1.0)",1,98.68333333333338,8686
"(0.8833333333333333, 1.0)",1,98.68333333333337,8687
"(0.9666666666666668, 1.0)",1,98.68333333333337,8688
"(0.8166666666666667, 1.0)",1,98.68333333333337,8689
"(0.9, 1.0)",2,98.68333333333337,8691
"(0.8, 0.9833333333333332)",3,98.68333333333337,8694
"(0.8333333333333334, 1.0)",2,98.68333333333337,8696
"(0.9166666666666666, 1.0)",3,98.68333333333337,8699
"(0.8666666666666667, 1.0)",1,98.68333333333337,8700
"(0.75, 1.0)",1,98.68333333333337,8701
"(0.9833333333333332, 1.0)",1,98.68333333333337,8702
"(0.7833333333333333, 1.0)",1,98.68333333333337,8703
"(0.9333333333333332, 1.0)",1,98.68333333333337,8704
"(0.7666666666666667, 1.0)",2,98.68333333333337,8706
"(0.9333333333333332, 1.0)",2,98.68333333333337,8708
"(0.8666666666666667, 1.0)",1,98.68333333333337,8709
"(0.85, 1.0)",3,98.68333333333334,8712
"(0.8, 1.0)",2,98.68333333333334,8714
"(0.9333333333333332, 1.0)",6,98.68333333333334,8720
"(0.8666666666666667, 1.0)",6,98.68333333333334,8726
"(0.8333333333333334, 1.0)",2,98.68333333333334,8728
"(0.7, 1.0)",3,98.68333333333334,8731
"(0.6833333333333333, 1.0)",1,98.68333333333334,8732
"(0.9666666666666668, 1.0)",1,98.68333333333334,8733
"(0.9, 1.0)",5,98.68333333333334,8738
"(0.7833333333333333, 1.0)",1,98.68333333333334,8739
"(0.8166666666666667, 1.0)",2,98.68333333333334,8741
"(0.95, 1.0)",3,98.68333333333334,8744
"(0.8833333333333333, 1.0)",1,98.68333333333334,8745
"(1.0, 1.0)",1,98.68333333333334,8746
"(0.7333333333333333, 1.0)",2,98.68333333333334,8748
"(0.9833333333333332, 1.0)",3,98.68333333333334,8751
"(0.7166666666666667, 1.0)",5,98.68333333333334,8756
"(0.9708333333333332, 0.9791666666666666)",1,98.6833333333333,8757
"(0.95, 0.9916666666666668)",1,98.68333333333318,8758
"(0.8472222222222222, 0.9861111111111112)",1,98.6805555555556,8759
"(0.9027777777777778, 1.0)",1,98.68055555555556,8760
"(0.7083333333333334, 1.0)",4,98.68055555555556,8764
"(0.9166666666666666, 1.0)",3,98.68055555555556,8767
"(0.9444444444444444, 1.0)",1,98.68055555555556,8768
"(0.8194444444444444, 1.0)",1,98.68055555555556,8769
"(0.9305555555555556, 1.0)",1,98.68055555555554,8770
"(0.9833333333333332, 0.975)",1,98.6791666666666,8771
"(0.9458333333333332, 0.9916666666666668)",1,98.67916666666656,8772
"(0.9625, 0.9916666666666668)",1,98.67916666666646,8773
"(0.8916666666666667, 0.9916666666666668)",1,98.67499999999993,8774
"(0.9375, 0.9958333333333332)",1,98.67083333333332,8775
"(0.9583333333333334, 0.9958333333333332)",1,98.67083333333328,8776
"(0.9666666666666668, 0.9958333333333332)",1,98.66666666666674,8777
"(0.8333333333333334, 1.0)",1,98.66666666666671,8778
"(0.9444444444444444, 1.0)",1,98.66666666666671,8779
"(0.9166666666666666, 0.9833333333333332)",1,98.66666666666671,8780
"(0.8166666666666667, 0.9833333333333332)",1,98.6666666666667,8781
"(0.8833333333333333, 1.0)",2,98.6666666666667,8783
"(0.85, 1.0)",1,98.6666666666667,8784
"(0.8833333333333333, 0.9833333333333332)",1,98.6666666666667,8785
"(0.9833333333333332, 1.0)",1,98.6666666666667,8786
"(0.7333333333333333, 1.0)",2,98.6666666666667,8788
"(0.8, 1.0)",1,98.6666666666667,8789
"(0.8166666666666667, 1.0)",1,98.66666666666669,8790
"(0.95, 1.0)",1,98.66666666666669,8791
"(0.7333333333333333, 1.0)",1,98.66666666666669,8792
"(0.75, 1.0)",1,98.66666666666669,8793
"(0.7638888888888888, 1.0)",1,98.66666666666669,8794
"(0.7333333333333333, 1.0)",1,98.66666666666669,8795
"(0.8708333333333333, 0.9958333333333332)",1,98.66666666666669,8796
"(0.9166666666666666, 1.0)",5,98.66666666666669,8801
"(0.6833333333333333, 1.0)",1,98.66666666666669,8802
"(0.8666666666666667, 0.9833333333333332)",1,98.66666666666669,8803
"(0.8666666666666667, 1.0)",2,98.66666666666669,8805
"(0.9333333333333332, 1.0)",1,98.66666666666669,8806
"(0.8333333333333334, 1.0)",1,98.66666666666669,8807
"(0.9666666666666668, 1.0)",2,98.66666666666669,8809
"(0.875, 1.0)",1,98.66666666666669,8810
"(0.7666666666666667, 1.0)",2,98.66666666666669,8812
"(1.0, 1.0)",2,98.66666666666669,8814
"(0.75, 1.0)",1,98.66666666666669,8815
"(0.8166666666666667, 1.0)",1,98.66666666666669,8816
"(0.8611111111111112, 1.0)",1,98.66666666666669,8817
"(0.9666666666666668, 1.0)",3,98.66666666666669,8820
"(0.9027777777777778, 1.0)",2,98.66666666666669,8822
"(0.7777777777777778, 0.9861111111111112)",1,98.66666666666669,8823
"(0.85, 1.0)",5,98.66666666666669,8828
"(0.8, 1.0)",1,98.66666666666666,8829
"(0.9, 1.0)",4,98.66666666666666,8833
"(0.8666666666666667, 1.0)",1,98.66666666666666,8834
"(0.75, 1.0)",2,98.66666666666666,8836
"(0.95, 0.9958333333333332)",1,98.66666666666666,8837
"(0.7638888888888888, 1.0)",3,98.66666666666666,8840
"(0.8166666666666667, 1.0)",1,98.66666666666666,8841
"(0.7333333333333333, 1.0)",2,98.66666666666666,8843
"(0.8833333333333333, 1.0)",1,98.66666666666666,8844
"(0.9833333333333332, 1.0)",4,98.66666666666666,8848
"(0.8333333333333334, 1.0)",1,98.66666666666666,8849
"(1.0, 1.0)",5,98.66666666666666,8854
"(0.7666666666666667, 1.0)",2,98.66666666666666,8856
"(0.9083333333333332, 0.9958333333333332)",1,98.6666666666666,8857
"(0.85, 0.9958333333333332)",1,98.6666666666666,8858
"(0.9833333333333332, 0.9916666666666668)",1,98.66666666666656,8859
"(0.9333333333333332, 0.9916666666666668)",1,98.66666666666652,8860
"(0.9416666666666668, 0.9916666666666668)",1,98.66666666666652,8861
"(0.8953488372093024, 1.0)",1,98.66279069767444,8862
"(0.9302325581395348, 1.0)",1,98.66279069767442,8863
"(0.85, 0.9958333333333332)",1,98.66250000000008,8864
"(0.9375, 0.9958333333333332)",1,98.66249999999994,8865
"(0.9458333333333332, 0.9916666666666668)",1,98.66249999999988,8866
"(0.9708333333333332, 0.9958333333333332)",1,98.65833333333336,8867
"(0.9291666666666668, 0.9958333333333332)",1,98.65833333333327,8868
"(0.8458333333333333, 0.9833333333333332)",1,98.65833333333326,8869
"(0.9958333333333332, 0.9916666666666668)",1,98.6541666666666,8870
"(0.9583333333333334, 0.9958333333333332)",2,98.6541666666666,8872
"(0.8333333333333334, 0.9861111111111112)",2,98.6527777777778,8874
"(0.9027777777777778, 1.0)",1,98.6527777777778,8875
"(0.9722222222222222, 1.0)",1,98.6527777777778,8876
"(0.9166666666666666, 1.0)",1,98.6527777777778,8877
"(0.7638888888888888, 1.0)",3,98.65277777777776,8880
"(0.8888888888888888, 1.0)",1,98.65277777777776,8881
"(0.8055555555555556, 1.0)",1,98.65277777777776,8882
"(0.9444444444444444, 1.0)",1,98.65277777777776,8883
"(0.9583333333333334, 1.0)",1,98.65277777777776,8884
"(0.9534883720930232, 1.0)",1,98.6511627906977,8885
"(0.9583333333333334, 0.9916666666666668)",1,98.65000000000008,8886
"(0.8333333333333334, 1.0)",2,98.65000000000003,8888
"(0.9, 0.9833333333333332)",1,98.65000000000003,8889
"(0.9333333333333332, 1.0)",1,98.65000000000003,8890
"(0.95, 1.0)",2,98.65000000000003,8892
"(0.9, 1.0)",1,98.65000000000003,8893
"(0.9166666666666666, 0.9666666666666668)",2,98.65000000000003,8895
"(0.9166666666666666, 1.0)",1,98.65000000000003,8896
"(0.7333333333333333, 1.0)",1,98.65000000000003,8897
"(0.8666666666666667, 1.0)",1,98.65000000000002,8898
"(0.9166666666666666, 1.0)",2,98.65000000000002,8900
"(0.9, 1.0)",1,98.65000000000002,8901
"(0.8, 1.0)",2,98.65,8903
"(0.8333333333333334, 1.0)",3,98.65,8906
"(0.9833333333333332, 1.0)",1,98.65,8907
"(0.95, 1.0)",1,98.65,8908
"(0.9, 1.0)",4,98.65,8912
"(0.8166666666666667, 1.0)",1,98.65,8913
"(0.9791666666666666, 0.9958333333333332)",1,98.65,8914
"(0.9666666666666668, 1.0)",2,98.65,8916
"(0.7166666666666667, 1.0)",1,98.65,8917
"(1.0, 1.0)",5,98.65,8922
"(0.6833333333333333, 1.0)",2,98.65,8924
"(0.8833333333333333, 1.0)",6,98.65,8930
"(0.7, 1.0)",2,98.65,8932
"(0.8666666666666667, 1.0)",3,98.65,8935
"(0.9166666666666666, 1.0)",3,98.65,8938
"(0.9791666666666666, 0.9958333333333332)",1,98.64583333333336,8939
"(0.9125, 0.9958333333333332)",1,98.64583333333329,8940
"(0.9208333333333332, 0.9958333333333332)",1,98.6416666666665,8941
"(0.9625, 0.9916666666666668)",1,98.64166666666648,8942
"(0.8023255813953488, 1.0)",1,98.63953488372096,8943
"(0.8953488372093024, 1.0)",1,98.63953488372096,8944
"(0.4883720930232558, 0.9883720930232558)",1,98.63953488372094,8945
"(0.8333333333333334, 1.0)",1,98.63888888888891,8946
"(0.9444444444444444, 1.0)",1,98.63888888888891,8947
"(0.8333333333333334, 1.0)",2,98.6388888888889,8949
"(0.75, 1.0)",1,98.63888888888889,8950
"(0.7777777777777778, 1.0)",1,98.63888888888889,8951
"(0.8333333333333334, 1.0)",1,98.63888888888889,8952
"(0.9583333333333334, 0.9916666666666668)",1,98.63749999999992,8953
"(0.9125, 0.9958333333333332)",2,98.6374999999999,8955
"(1.0, 0.9833333333333332)",1,98.63333333333338,8956
"(0.95, 1.0)",1,98.63333333333338,8957
"(0.7666666666666667, 0.9666666666666668)",1,98.63333333333338,8958
"(0.8333333333333334, 1.0)",1,98.63333333333338,8959
"(0.9666666666666668, 1.0)",1,98.63333333333338,8960
"(0.9833333333333332, 1.0)",2,98.63333333333335,8962
"(0.9666666666666668, 1.0)",2,98.63333333333335,8964
"(0.9, 1.0)",2,98.63333333333335,8966
"(0.7833333333333333, 1.0)",1,98.63333333333335,8967
"(0.75, 1.0)",1,98.63333333333335,8968
"(0.9166666666666666, 1.0)",2,98.63333333333335,8970
"(0.8833333333333333, 1.0)",3,98.63333333333335,8973
"(0.75, 1.0)",1,98.63333333333335,8974
"(0.85, 1.0)",2,98.63333333333335,8976
"(0.8, 1.0)",2,98.63333333333335,8978
"(0.85, 0.9833333333333332)",1,98.63333333333335,8979
"(0.9333333333333332, 1.0)",1,98.63333333333335,8980
"(1.0, 1.0)",1,98.63333333333335,8981
"(0.8666666666666667, 1.0)",1,98.63333333333335,8982
"(0.9333333333333332, 1.0)",2,98.63333333333335,8984
"(0.8333333333333334, 1.0)",1,98.63333333333335,8985
"(0.9666666666666668, 1.0)",1,98.63333333333335,8986
"(0.8833333333333333, 1.0)",1,98.63333333333335,8987
"(0.9, 1.0)",1,98.63333333333335,8988
"(0.8, 1.0)",1,98.63333333333334,8989
"(0.8666666666666667, 1.0)",2,98.63333333333334,8991
"(0.9291666666666668, 0.9958333333333332)",1,98.63333333333334,8992
"(0.9, 1.0)",2,98.63333333333334,8994
"(0.7833333333333333, 1.0)",1,98.63333333333334,8995
"(0.95, 1.0)",1,98.63333333333333,8996
"(0.9666666666666668, 1.0)",2,98.63333333333333,8998
"(0.9, 1.0)",2,98.63333333333333,9000
"(0.9166666666666666, 1.0)",3,98.63333333333333,9003
"(0.7166666666666667, 1.0)",1,98.63333333333333,9004
"(0.9333333333333332, 1.0)",2,98.63333333333333,9006
"(0.8333333333333334, 1.0)",1,98.63333333333333,9007
"(0.9833333333333332, 1.0)",2,98.63333333333333,9009
"(0.8, 1.0)",1,98.63333333333333,9010
"(1.0, 1.0)",2,98.63333333333333,9012
"(0.85, 1.0)",4,98.63333333333333,9016
"(0.85, 0.9958333333333332)",1,98.6333333333333,9017
"(0.9375, 0.9916666666666668)",2,98.6333333333333,9019
"(0.9666666666666668, 0.9875)",1,98.63333333333328,9020
"(0.9416666666666668, 0.9916666666666668)",1,98.63333333333324,9021
"(0.9125, 0.9958333333333332)",1,98.63333333333324,9022
"(0.9458333333333332, 0.9916666666666668)",1,98.62916666666656,9023
"(0.8837209302325582, 0.9883720930232558)",2,98.6279069767442,9025
"(0.9305555555555556, 1.0)",1,98.62500000000006,9026
"(0.7638888888888888, 1.0)",1,98.625,9027
"(0.9166666666666666, 1.0)",1,98.625,9028
"(0.6944444444444444, 0.9861111111111112)",2,98.625,9030
"(0.9305555555555556, 1.0)",1,98.625,9031
"(0.9208333333333332, 0.9958333333333332)",1,98.625,9032
"(0.9027777777777778, 1.0)",1,98.625,9033
"(0.9027777777777778, 0.9861111111111112)",1,98.625,9034
"(0.9583333333333334, 0.9958333333333332)",1,98.625,9035
"(0.9305555555555556, 1.0)",1,98.625,9036
"(0.95, 0.9958333333333332)",1,98.62499999999996,9037
"(0.9666666666666668, 0.9958333333333332)",1,98.62499999999996,9038
"(0.975, 0.9875)",1,98.62499999999991,9039
"(0.925, 0.9958333333333332)",1,98.6249999999999,9040
"(0.9791666666666666, 0.9875)",1,98.6249999999999,9041
"(0.85, 0.9958333333333332)",1,98.6208333333333,9042
"(0.8791666666666667, 0.9958333333333332)",1,98.62083333333328,9043
"(0.9583333333333334, 0.9916666666666668)",1,98.62083333333322,9044
"(0.925, 0.9875)",1,98.6208333333332,9045
"(0.9125, 0.9875)",1,98.62083333333318,9046
"(0.9875, 0.9916666666666668)",1,98.62083333333317,9047
"(0.9, 0.9666666666666668)",1,98.61666666666672,9048
"(0.75, 0.9833333333333332)",1,98.6166666666667,9049
"(0.7166666666666667, 0.9833333333333332)",1,98.6166666666667,9050
"(0.8333333333333334, 1.0)",1,98.6166666666667,9051
"(0.9791666666666666, 0.9958333333333332)",1,98.6166666666667,9052
"(0.9, 1.0)",1,98.6166666666667,9053
"(0.8833333333333333, 1.0)",1,98.61666666666667,9054
"(0.9333333333333332, 1.0)",1,98.61666666666667,9055
"(0.85, 1.0)",1,98.61666666666667,9056
"(0.9666666666666668, 1.0)",2,98.61666666666667,9058
"(0.6833333333333333, 1.0)",1,98.61666666666667,9059
"(0.9833333333333332, 1.0)",2,98.61666666666667,9061
"(0.8, 1.0)",4,98.61666666666667,9065
"(0.8666666666666667, 1.0)",2,98.61666666666667,9067
"(0.7333333333333333, 1.0)",1,98.61666666666667,9068
"(0.95, 1.0)",4,98.61666666666667,9072
"(0.8333333333333334, 1.0)",2,98.61666666666667,9074
"(0.9, 1.0)",3,98.61666666666667,9077
"(0.8333333333333334, 1.0)",1,98.61666666666667,9078
"(0.8166666666666667, 0.9833333333333332)",1,98.61666666666667,9079
"(0.75, 1.0)",1,98.61666666666667,9080
"(0.7666666666666667, 1.0)",1,98.61666666666667,9081
"(0.8666666666666667, 1.0)",1,98.61666666666667,9082
"(0.85, 1.0)",3,98.61666666666667,9085
"(0.7, 1.0)",1,98.61666666666667,9086
"(0.8, 1.0)",1,98.61666666666666,9087
"(0.8333333333333334, 1.0)",1,98.61666666666666,9088
"(0.9583333333333334, 0.9958333333333332)",2,98.61666666666665,9090
"(0.9208333333333332, 0.9958333333333332)",1,98.61666666666662,9091
"(0.9833333333333332, 0.9916666666666668)",1,98.61666666666656,9092
"(0.9125, 0.9875)",1,98.61666666666652,9093
"(0.9302325581395348, 1.0)",1,98.61627906976749,9094
"(0.9186046511627908, 0.9883720930232558)",1,98.61627906976749,9095
"(0.9541666666666668, 0.9791666666666666)",1,98.61249999999988,9096
"(0.8472222222222222, 1.0)",1,98.6111111111112,9097
"(0.9444444444444444, 1.0)",1,98.61111111111114,9098
"(0.9305555555555556, 1.0)",1,98.61111111111114,9099
"(0.8611111111111112, 1.0)",1,98.61111111111111,9100
"(0.8333333333333334, 1.0)",1,98.61111111111111,9101
"(0.9027777777777778, 1.0)",1,98.61111111111111,9102
"(0.7777777777777778, 1.0)",1,98.61111111111111,9103
"(0.9791666666666666, 0.9958333333333332)",1,98.60833333333332,9104
"(0.925, 0.9875)",1,98.6083333333332,9105
"(0.9166666666666666, 0.9958333333333332)",1,98.60416666666664,9106
"(0.9125, 0.9916666666666668)",1,98.60416666666656,9107
"(0.95, 0.9958333333333332)",1,98.60416666666654,9108
"(0.9208333333333332, 0.9916666666666668)",1,98.60416666666652,9109
"(0.975, 0.9875)",1,98.6041666666665,9110
"(0.9333333333333332, 1.0)",3,98.60000000000004,9113
"(0.9166666666666666, 0.9666666666666668)",2,98.60000000000004,9115
"(1.0, 1.0)",1,98.60000000000004,9116
"(0.9333333333333332, 1.0)",1,98.60000000000002,9117
"(0.8333333333333334, 1.0)",1,98.6,9118
"(0.9833333333333332, 1.0)",2,98.6,9120
"(0.9833333333333332, 1.0)",2,98.6,9122
"(0.7833333333333333, 1.0)",1,98.6,9123
"(0.7166666666666667, 1.0)",3,98.6,9126
"(0.9, 1.0)",1,98.6,9127
"(1.0, 1.0)",4,98.6,9131
"(0.8666666666666667, 1.0)",4,98.6,9135
"(0.8166666666666667, 1.0)",3,98.6,9138
"(0.7, 1.0)",1,98.6,9139
"(0.9333333333333332, 1.0)",2,98.6,9141
"(0.85, 1.0)",1,98.6,9142
"(0.8666666666666667, 1.0)",2,98.6,9144
"(0.8166666666666667, 1.0)",1,98.6,9145
"(0.85, 1.0)",1,98.6,9146
"(0.7333333333333333, 1.0)",1,98.6,9147
"(0.8833333333333333, 1.0)",3,98.6,9150
"(0.8, 1.0)",2,98.6,9152
"(0.8833333333333333, 1.0)",3,98.6,9155
"(0.9166666666666666, 1.0)",1,98.6,9156
"(0.9666666666666668, 1.0)",1,98.6,9157
"(0.9041666666666668, 0.9916666666666668)",1,98.59999999999982,9158
"(0.925, 0.9916666666666668)",1,98.59999999999977,9159
"(0.9444444444444444, 1.0)",1,98.59722222222231,9160
"(0.8888888888888888, 1.0)",1,98.59722222222224,9161
"(0.9444444444444444, 0.9861111111111112)",1,98.59722222222224,9162
"(0.7638888888888888, 1.0)",1,98.59722222222224,9163
"(0.9027777777777778, 1.0)",1,98.59722222222224,9164
"(0.7777777777777778, 1.0)",2,98.59722222222224,9166
"(0.875, 1.0)",1,98.59722222222224,9167
"(0.9458333333333332, 0.9958333333333332)",2,98.5958333333333,9169
"(0.9125, 0.9958333333333332)",1,98.59583333333325,9170
"(0.9166666666666666, 0.9958333333333332)",1,98.59583333333322,9171
"(0.9125, 0.9875)",1,98.59583333333318,9172
"(0.9875, 0.9875)",1,98.59583333333312,9173
"(0.9833333333333332, 0.9958333333333332)",1,98.59166666666675,9174
"(0.9291666666666668, 0.9958333333333332)",1,98.59166666666664,9175
"(0.8875, 0.9916666666666668)",1,98.59166666666658,9176
"(0.9166666666666666, 0.9958333333333332)",1,98.58750000000002,9177
"(0.9625, 0.9833333333333332)",1,98.58749999999996,9178
"(0.9375, 0.9958333333333332)",2,98.58749999999992,9180
"(0.9875, 0.9583333333333334)",1,98.5874999999999,9181
"(0.9875, 0.9875)",1,98.5874999999998,9182
"(0.9791666666666666, 0.9916666666666668)",1,98.58749999999976,9183
"(0.9305555555555556, 0.9861111111111112)",1,98.58333333333354,9184
"(0.9444444444444444, 1.0)",3,98.5833333333334,9187
"(0.8166666666666667, 0.9833333333333332)",1,98.58333333333336,9188
"(0.8166666666666667, 1.0)",1,98.58333333333336,9189
"(0.8333333333333334, 0.9833333333333332)",1,98.58333333333336,9190
"(0.9833333333333332, 1.0)",1,98.58333333333336,9191
"(0.9333333333333332, 1.0)",1,98.58333333333336,9192
"(0.9444444444444444, 1.0)",2,98.58333333333336,9194
"(0.9, 1.0)",1,98.58333333333336,9195
"(0.9666666666666668, 1.0)",2,98.58333333333336,9197
"(0.8333333333333334, 1.0)",1,98.58333333333336,9198
"(0.95, 1.0)",1,98.58333333333336,9199
"(0.8166666666666667, 1.0)",1,98.58333333333336,9200
"(0.8333333333333334, 1.0)",2,98.58333333333336,9202
"(0.9444444444444444, 1.0)",1,98.58333333333334,9203
"(0.9666666666666668, 1.0)",2,98.58333333333334,9205
"(0.9305555555555556, 1.0)",1,98.58333333333334,9206
"(0.8333333333333334, 1.0)",4,98.58333333333334,9210
"(1.0, 1.0)",1,98.58333333333334,9211
"(0.8472222222222222, 1.0)",2,98.58333333333334,9213
"(0.6666666666666666, 1.0)",1,98.58333333333334,9214
"(0.9166666666666666, 1.0)",2,98.58333333333334,9216
"(0.85, 1.0)",1,98.58333333333334,9217
"(0.8333333333333334, 0.9833333333333332)",1,98.58333333333334,9218
"(0.8, 1.0)",1,98.58333333333334,9219
"(0.8541666666666666, 0.9958333333333332)",1,98.58333333333334,9220
"(0.95, 1.0)",1,98.58333333333334,9221
"(0.7166666666666667, 1.0)",2,98.58333333333334,9223
"(0.8611111111111112, 1.0)",1,98.58333333333334,9224
"(0.9583333333333334, 1.0)",1,98.58333333333334,9225
"(0.9333333333333332, 1.0)",4,98.58333333333334,9229
"(0.9833333333333332, 1.0)",2,98.58333333333334,9231
"(0.8666666666666667, 1.0)",2,98.58333333333334,9233
"(0.9333333333333332, 1.0)",1,98.58333333333331,9234
"(0.75, 1.0)",1,98.58333333333331,9235
"(0.85, 1.0)",2,98.58333333333331,9237
"(0.8666666666666667, 1.0)",3,98.58333333333331,9240
"(0.8333333333333334, 1.0)",2,98.58333333333331,9242
"(0.8833333333333333, 1.0)",1,98.58333333333331,9243
"(0.7166666666666667, 1.0)",1,98.58333333333331,9244
"(0.8611111111111112, 1.0)",1,98.58333333333331,9245
"(0.9833333333333332, 1.0)",3,98.58333333333331,9248
"(0.95, 1.0)",2,98.58333333333331,9250
"(0.7, 1.0)",2,98.58333333333331,9252
"(0.7333333333333333, 1.0)",1,98.58333333333331,9253
"(0.9083333333333332, 0.9916666666666668)",1,98.5833333333332,9254
"(0.9166666666666666, 0.9958333333333332)",1,98.5833333333332,9255
"(0.9791666666666666, 0.9916666666666668)",1,98.5833333333332,9256
"(0.9625, 0.9916666666666668)",2,98.58333333333316,9258
"(0.9166666666666666, 0.9916666666666668)",1,98.58333333333316,9259
"(0.8023255813953488, 1.0)",1,98.58139534883722,9260
"(0.9186046511627908, 1.0)",1,98.58139534883722,9261
"(0.9666666666666668, 0.9958333333333332)",1,98.57916666666664,9262
"(0.9458333333333332, 0.9791666666666666)",1,98.57916666666657,9263
"(0.9375, 0.9916666666666668)",1,98.57916666666652,9264
"(0.9, 0.9875)",1,98.57916666666652,9265
"(0.9208333333333332, 0.9958333333333332)",1,98.57499999999996,9266
"(0.95, 0.9958333333333332)",1,98.57499999999996,9267
"(0.9125, 0.9958333333333332)",1,98.57499999999992,9268
"(0.95, 0.9958333333333332)",1,98.57499999999992,9269
"(0.9625, 0.9875)",1,98.5749999999999,9270
"(0.925, 0.9916666666666668)",1,98.57499999999987,9271
"(0.9291666666666668, 0.9916666666666668)",2,98.57499999999985,9273
"(0.9291666666666668, 0.9916666666666668)",1,98.57499999999982,9274
"(0.9708333333333332, 0.9916666666666668)",1,98.5749999999998,9275
"(0.9916666666666668, 0.9916666666666668)",1,98.57499999999976,9276
"(0.9208333333333332, 0.9958333333333332)",1,98.5708333333333,9277
"(0.9583333333333334, 0.9916666666666668)",1,98.57083333333328,9278
"(0.9416666666666668, 0.9916666666666668)",1,98.57083333333324,9279
"(0.6162790697674418, 0.9883720930232558)",1,98.5697674418605,9280
"(0.9444444444444444, 1.0)",1,98.56944444444458,9281
"(0.9305555555555556, 1.0)",1,98.56944444444454,9282
"(0.7222222222222222, 1.0)",1,98.56944444444446,9283
"(0.875, 1.0)",1,98.56944444444446,9284
"(0.8472222222222222, 1.0)",1,98.56944444444446,9285
"(0.9305555555555556, 1.0)",1,98.56944444444446,9286
"(0.9166666666666666, 1.0)",1,98.56944444444446,9287
"(0.8611111111111112, 1.0)",1,98.56944444444446,9288
"(0.6527777777777778, 1.0)",1,98.56944444444446,9289
"(0.7638888888888888, 1.0)",1,98.56944444444446,9290
"(0.9305555555555556, 0.9861111111111112)",1,98.56944444444446,9291
"(0.9305555555555556, 1.0)",1,98.56944444444444,9292
"(0.8611111111111112, 1.0)",1,98.56944444444444,9293
"(1.0, 1.0)",3,98.56666666666672,9296
"(0.8166666666666667, 1.0)",1,98.56666666666672,9297
"(0.8333333333333334, 0.9666666666666668)",1,98.56666666666672,9298
"(0.8333333333333334, 0.9833333333333332)",1,98.56666666666672,9299
"(0.9166666666666666, 0.9666666666666668)",1,98.5666666666667,9300
"(0.8333333333333334, 1.0)",2,98.5666666666667,9302
"(0.7333333333333333, 0.9833333333333332)",1,98.5666666666667,9303
"(0.9666666666666668, 1.0)",1,98.56666666666668,9304
"(0.8166666666666667, 1.0)",1,98.56666666666668,9305
"(0.8, 1.0)",1,98.56666666666668,9306
"(0.9166666666666666, 1.0)",2,98.56666666666668,9308
"(0.9166666666666666, 1.0)",1,98.56666666666668,9309
"(0.9, 0.9833333333333332)",1,98.56666666666668,9310
"(0.7333333333333333, 1.0)",1,98.56666666666668,9311
"(1.0, 1.0)",1,98.56666666666668,9312
"(0.9833333333333332, 1.0)",2,98.56666666666668,9314
"(0.7666666666666667, 1.0)",1,98.56666666666668,9315
"(0.7833333333333333, 1.0)",1,98.56666666666668,9316
"(0.9333333333333332, 1.0)",2,98.56666666666668,9318
"(0.8333333333333334, 1.0)",3,98.56666666666668,9321
"(0.85, 1.0)",1,98.56666666666668,9322
"(0.95, 1.0)",1,98.56666666666668,9323
"(0.9, 1.0)",3,98.56666666666668,9326
"(0.9166666666666666, 1.0)",1,98.56666666666666,9327
"(0.7, 1.0)",2,98.56666666666666,9329
"(0.9833333333333332, 1.0)",3,98.56666666666666,9332
"(0.95, 1.0)",1,98.56666666666666,9333
"(0.9, 1.0)",1,98.56666666666666,9334
"(0.8, 1.0)",1,98.56666666666666,9335
"(0.8833333333333333, 1.0)",5,98.56666666666666,9340
"(0.8666666666666667, 1.0)",1,98.56666666666666,9341
"(1.0, 1.0)",5,98.56666666666666,9346
"(0.7166666666666667, 1.0)",2,98.56666666666666,9348
"(0.8333333333333334, 1.0)",3,98.56666666666666,9351
"(0.9333333333333332, 1.0)",2,98.56666666666666,9353
"(0.85, 1.0)",2,98.56666666666666,9355
"(0.8916666666666667, 0.9916666666666668)",1,98.56666666666658,9356
"(0.9166666666666666, 0.9958333333333332)",1,98.5666666666665,9357
"(0.9208333333333332, 0.9958333333333332)",2,98.5625,9359
"(0.9791666666666666, 0.9958333333333332)",1,98.55833333333332,9360
"(0.9625, 0.9958333333333332)",1,98.55833333333328,9361
"(0.8541666666666666, 0.9958333333333332)",1,98.55833333333324,9362
"(0.925, 0.9916666666666668)",1,98.5583333333332,9363
"(0.8958333333333334, 0.9916666666666668)",2,98.55833333333318,9365
"(0.7441860465116279, 1.0)",1,98.55813953488374,9366
"(0.9166666666666666, 1.0)",1,98.55555555555556,9367
"(0.8611111111111112, 1.0)",1,98.55555555555556,9368
"(0.9305555555555556, 1.0)",1,98.55555555555556,9369
"(0.6805555555555556, 0.9861111111111112)",1,98.55555555555556,9370
"(0.9027777777777778, 1.0)",1,98.55555555555556,9371
"(0.9444444444444444, 0.9861111111111112)",1,98.55555555555556,9372
"(0.8791666666666667, 0.9916666666666668)",1,98.55416666666656,9373
"(0.9458333333333332, 0.9958333333333332)",1,98.55416666666648,9374
"(0.95, 1.0)",2,98.55000000000004,9376
"(0.9166666666666666, 1.0)",1,98.55000000000004,9377
"(0.8333333333333334, 1.0)",1,98.55000000000004,9378
"(0.9833333333333332, 1.0)",1,98.55000000000004,9379
"(1.0, 1.0)",1,98.55000000000004,9380
"(0.8333333333333334, 0.9833333333333332)",1,98.55000000000004,9381
"(0.7666666666666667, 1.0)",1,98.55000000000004,9382
"(0.75, 1.0)",1,98.55000000000004,9383
"(0.9, 1.0)",1,98.55000000000004,9384
"(0.8333333333333334, 1.0)",1,98.55000000000004,9385
"(0.9833333333333332, 1.0)",5,98.55,9390
"(0.85, 1.0)",1,98.55,9391
"(0.7333333333333333, 1.0)",1,98.55,9392
"(0.8333333333333334, 1.0)",2,98.55,9394
"(0.8166666666666667, 1.0)",1,98.55,9395
"(0.9666666666666668, 1.0)",2,98.55,9397
"(0.8333333333333334, 1.0)",1,98.55,9398
"(0.9666666666666668, 1.0)",1,98.55,9399
"(0.9333333333333332, 1.0)",1,98.55,9400
"(0.8166666666666667, 1.0)",2,98.55,9402
"(0.9, 1.0)",1,98.55,9403
"(0.7, 1.0)",3,98.55,9406
"(1.0, 1.0)",3,98.55,9409
"(0.9166666666666666, 1.0)",2,98.55,9411
"(0.7666666666666667, 1.0)",1,98.55,9412
"(0.7166666666666667, 1.0)",1,98.55,9413
"(1.0, 1.0)",1,98.55,9414
"(0.7166666666666667, 1.0)",2,98.55,9416
"(0.8833333333333333, 1.0)",1,98.55,9417
"(0.8, 1.0)",1,98.55,9418
"(0.8666666666666667, 1.0)",5,98.55,9423
"(0.95, 1.0)",1,98.55,9424
"(0.8833333333333333, 1.0)",3,98.55,9427
"(0.9833333333333332, 1.0)",1,98.54999999999998,9428
"(0.9186046511627908, 1.0)",1,98.546511627907,9429
"(0.9291666666666668, 0.9958333333333332)",1,98.54583333333336,9430
"(0.8875, 0.9958333333333332)",1,98.54583333333336,9431
"(0.9125, 0.9958333333333332)",1,98.54583333333326,9432
"(0.9458333333333332, 0.9958333333333332)",1,98.54583333333323,9433
"(0.9291666666666668, 0.9916666666666668)",1,98.5458333333332,9434
"(0.9916666666666668, 0.9791666666666666)",1,98.5458333333332,9435
"(0.9666666666666668, 0.9875)",1,98.5458333333332,9436
"(0.9375, 0.9916666666666668)",1,98.54583333333318,9437
"(0.7638888888888888, 0.9861111111111112)",1,98.54166666666684,9438
"(0.9125, 0.9958333333333332)",2,98.5416666666667,9440
"(0.7777777777777778, 1.0)",1,98.5416666666667,9441
"(0.9305555555555556, 1.0)",1,98.54166666666669,9442
"(0.7638888888888888, 1.0)",1,98.54166666666669,9443
"(0.9027777777777778, 1.0)",2,98.54166666666669,9445
"(0.8055555555555556, 1.0)",1,98.54166666666669,9446
"(0.9166666666666666, 1.0)",1,98.54166666666669,9447
"(0.7083333333333334, 1.0)",1,98.54166666666669,9448
"(0.8472222222222222, 1.0)",1,98.54166666666669,9449
"(0.8055555555555556, 1.0)",1,98.54166666666669,9450
"(0.9444444444444444, 1.0)",1,98.54166666666669,9451
"(0.9444444444444444, 1.0)",1,98.54166666666669,9452
"(0.8194444444444444, 1.0)",1,98.54166666666669,9453
"(0.9027777777777778, 1.0)",1,98.54166666666666,9454
"(0.975, 0.9791666666666666)",1,98.54166666666664,9455
"(0.8916666666666667, 0.9958333333333332)",1,98.5416666666666,9456
"(0.9791666666666666, 0.9916666666666668)",1,98.54166666666654,9457
"(0.9416666666666668, 0.9875)",1,98.54166666666652,9458
"(0.95, 0.9875)",1,98.54166666666652,9459
"(0.925, 0.9916666666666668)",1,98.54166666666644,9460
"(0.9541666666666668, 0.9958333333333332)",1,98.53750000000008,9461
"(0.9666666666666668, 0.9916666666666668)",1,98.5375,9462
"(0.9375, 0.9916666666666668)",1,98.53749999999997,9463
"(0.9875, 0.9916666666666668)",1,98.53749999999992,9464
"(0.925, 0.9875)",1,98.5374999999999,9465
"(0.925, 0.9958333333333332)",1,98.5374999999999,9466
"(0.9186046511627908, 1.0)",1,98.53488372093028,9467
"(0.9666666666666668, 0.9833333333333332)",2,98.5333333333334,9469
"(1.0, 1.0)",2,98.5333333333334,9471
"(0.95, 0.9833333333333332)",1,98.5333333333334,9472
"(0.9333333333333332, 0.9833333333333332)",1,98.5333333333334,9473
"(0.8833333333333333, 1.0)",1,98.5333333333334,9474
"(0.8833333333333333, 1.0)",1,98.53333333333336,9475
"(0.9166666666666666, 1.0)",1,98.53333333333336,9476
"(0.95, 1.0)",1,98.53333333333336,9477
"(0.8666666666666667, 1.0)",3,98.53333333333336,9480
"(0.8666666666666667, 1.0)",1,98.53333333333336,9481
"(0.8666666666666667, 1.0)",1,98.53333333333336,9482
"(0.9166666666666666, 1.0)",3,98.53333333333336,9485
"(0.85, 1.0)",1,98.53333333333336,9486
"(0.9333333333333332, 1.0)",1,98.53333333333336,9487
"(0.95, 1.0)",1,98.53333333333336,9488
"(0.8166666666666667, 1.0)",2,98.53333333333336,9490
"(0.8333333333333334, 1.0)",1,98.53333333333336,9491
"(0.8333333333333334, 1.0)",1,98.53333333333336,9492
"(0.8333333333333334, 1.0)",1,98.53333333333336,9493
"(0.9833333333333332, 1.0)",1,98.53333333333332,9494
"(0.7166666666666667, 1.0)",1,98.53333333333332,9495
"(0.8333333333333334, 1.0)",1,98.53333333333332,9496
"(0.7333333333333333, 1.0)",1,98.53333333333332,9497
"(0.9166666666666666, 1.0)",2,98.53333333333332,9499
"(0.95, 1.0)",2,98.53333333333332,9501
"(1.0, 1.0)",5,98.53333333333332,9506
"(0.9666666666666668, 1.0)",1,98.53333333333332,9507
"(0.9, 1.0)",1,98.53333333333332,9508
"(0.9333333333333332, 1.0)",2,98.53333333333332,9510
"(0.8833333333333333, 1.0)",1,98.53333333333332,9511
"(0.975, 0.9958333333333332)",1,98.53333333333327,9512
"(0.9708333333333332, 0.9875)",1,98.53333333333325,9513
"(0.9875, 0.9916666666666668)",1,98.53333333333312,9514
"(0.9458333333333332, 0.9958333333333332)",1,98.5291666666667,9515
"(0.975, 0.9958333333333332)",1,98.52916666666664,9516
"(0.9083333333333332, 0.9958333333333332)",1,98.52916666666664,9517
"(0.9166666666666666, 0.9958333333333332)",1,98.52916666666654,9518
"(0.9208333333333332, 0.9958333333333332)",1,98.52916666666653,9519
"(0.875, 1.0)",1,98.52777777777784,9520
"(0.9305555555555556, 1.0)",1,98.5277777777778,9521
"(0.9166666666666666, 1.0)",1,98.5277777777778,9522
"(0.9305555555555556, 1.0)",1,98.5277777777778,9523
"(0.6944444444444444, 1.0)",3,98.5277777777778,9526
"(0.8194444444444444, 1.0)",1,98.5277777777778,9527
"(0.8472222222222222, 1.0)",1,98.5277777777778,9528
"(0.8666666666666667, 0.9958333333333332)",1,98.52499999999992,9529
"(0.975, 0.9958333333333332)",1,98.52499999999992,9530
"(0.825, 0.9958333333333332)",1,98.52499999999992,9531
"(0.9083333333333332, 0.9875)",1,98.52499999999982,9532
"(0.872093023255814, 1.0)",2,98.52325581395353,9534
"(0.9916666666666668, 0.9958333333333332)",1,98.5208333333334,9535
"(0.7333333333333333, 0.9833333333333332)",1,98.51666666666672,9536
"(0.8333333333333334, 0.9833333333333332)",1,98.51666666666672,9537
"(0.9, 0.9666666666666668)",2,98.51666666666672,9539
"(0.8833333333333333, 0.9833333333333332)",1,98.51666666666672,9540
"(0.9833333333333332, 1.0)",1,98.51666666666672,9541
"(0.9, 1.0)",1,98.5166666666667,9542
"(0.8666666666666667, 1.0)",1,98.5166666666667,9543
"(0.8333333333333334, 1.0)",1,98.5166666666667,9544
"(1.0, 0.9833333333333332)",1,98.5166666666667,9545
"(0.8333333333333334, 1.0)",1,98.51666666666668,9546
"(0.9166666666666666, 1.0)",2,98.51666666666668,9548
"(0.8833333333333333, 1.0)",4,98.51666666666668,9552
"(0.9666666666666668, 1.0)",1,98.51666666666668,9553
"(0.7666666666666667, 1.0)",2,98.51666666666668,9555
"(0.6666666666666666, 1.0)",1,98.51666666666668,9556
"(0.65, 1.0)",1,98.51666666666668,9557
"(0.8666666666666667, 1.0)",1,98.51666666666668,9558
"(0.9333333333333332, 1.0)",1,98.51666666666668,9559
"(0.9, 1.0)",3,98.51666666666668,9562
"(0.9166666666666666, 1.0)",1,98.51666666666668,9563
"(0.8666666666666667, 1.0)",2,98.51666666666668,9565
"(0.85, 1.0)",1,98.51666666666668,9566
"(0.7333333333333333, 1.0)",1,98.51666666666668,9567
"(0.7166666666666667, 1.0)",1,98.51666666666668,9568
"(1.0, 1.0)",2,98.51666666666668,9570
"(0.85, 1.0)",1,98.51666666666668,9571
"(0.8, 1.0)",1,98.51666666666668,9572
"(0.8333333333333334, 1.0)",2,98.51666666666668,9574
"(0.9666666666666668, 1.0)",1,98.51666666666668,9575
"(0.9333333333333332, 1.0)",1,98.51666666666664,9576
"(0.975, 0.9916666666666668)",1,98.5166666666666,9577
"(0.9125, 0.9916666666666668)",1,98.5166666666666,9578
"(0.975, 0.9916666666666668)",1,98.51666666666654,9579
"(0.9208333333333332, 0.9916666666666668)",1,98.51666666666652,9580
"(0.975, 0.9958333333333332)",1,98.51666666666644,9581
"(0.9305555555555556, 1.0)",1,98.51388888888891,9582
"(0.9166666666666666, 1.0)",1,98.51388888888891,9583
"(0.9444444444444444, 1.0)",1,98.51388888888891,9584
"(0.7777777777777778, 1.0)",2,98.5138888888889,9586
"(0.8333333333333334, 1.0)",1,98.51388888888889,9587
"(0.9444444444444444, 1.0)",1,98.51388888888889,9588
"(0.7777777777777778, 1.0)",2,98.51388888888889,9590
"(0.975, 0.9791666666666666)",1,98.51250000000002,9591
"(0.9125, 0.9958333333333332)",1,98.5125,9592
"(0.8791666666666667, 0.9958333333333332)",1,98.51249999999996,9593
"(0.9875, 0.9875)",1,98.5124999999999,9594
"(0.9458333333333332, 0.9875)",1,98.51249999999987,9595
"(0.9186046511627908, 1.0)",1,98.51162790697678,9596
"(0.6162790697674418, 1.0)",2,98.51162790697676,9598
"(0.9166666666666666, 0.9958333333333332)",1,98.50833333333344,9599
"(0.975, 0.9958333333333332)",1,98.5083333333333,9600
"(0.975, 0.9708333333333332)",1,98.50833333333324,9601
"(0.9375, 0.9958333333333332)",1,98.50833333333324,9602
"(0.925, 0.9958333333333332)",1,98.5083333333332,9603
"(0.9375, 0.9916666666666668)",1,98.5083333333332,9604
"(0.9458333333333332, 0.9958333333333332)",1,98.50833333333316,9605
"(0.9, 0.9875)",1,98.50416666666652,9606
"(0.9375, 0.9875)",1,98.5041666666665,9607
"(0.95, 0.9916666666666668)",1,98.5041666666665,9608
"(0.9291666666666668, 0.9875)",1,98.5041666666665,9609
"(0.925, 0.9875)",1,98.5041666666665,9610
"(0.9125, 0.9875)",2,98.50416666666648,9612
"(0.9166666666666666, 0.9875)",1,98.50416666666648,9613
"(0.9291666666666668, 0.9875)",1,98.50416666666648,9614
"(0.8333333333333334, 0.9861111111111112)",1,98.50000000000018,9615
"(0.9305555555555556, 0.9861111111111112)",1,98.50000000000016,9616
"(0.75, 1.0)",1,98.5000000000001,9617
"(0.9166666666666666, 0.9833333333333332)",1,98.50000000000009,9618
"(0.9333333333333332, 0.9833333333333332)",2,98.50000000000006,9620
"(0.8833333333333333, 1.0)",1,98.50000000000004,9621
"(0.9333333333333332, 1.0)",1,98.50000000000004,9622
"(1.0, 1.0)",1,98.50000000000004,9623
"(0.75, 0.9861111111111112)",1,98.50000000000004,9624
"(0.875, 1.0)",1,98.50000000000004,9625
"(0.7333333333333333, 1.0)",1,98.50000000000004,9626
"(0.8837209302325582, 0.9883720930232558)",1,98.50000000000004,9627
"(0.8333333333333334, 0.9833333333333332)",1,98.50000000000004,9628
"(0.9666666666666668, 1.0)",1,98.50000000000004,9629
"(0.9166666666666666, 1.0)",1,98.50000000000004,9630
"(0.8, 1.0)",1,98.50000000000004,9631
"(0.8194444444444444, 1.0)",1,98.5,9632
"(0.6805555555555556, 1.0)",1,98.5,9633
"(0.9833333333333332, 1.0)",2,98.5,9635
"(0.8888888888888888, 1.0)",1,98.5,9636
"(0.8333333333333334, 1.0)",6,98.5,9642
"(1.0, 1.0)",1,98.5,9643
"(0.9166666666666666, 1.0)",1,98.5,9644
"(0.8, 1.0)",1,98.5,9645
"(0.95, 1.0)",2,98.5,9647
"(0.75, 1.0)",3,98.5,9650
"(0.8166666666666667, 1.0)",1,98.5,9651
"(0.7833333333333333, 1.0)",1,98.5,9652
"(0.9305555555555556, 1.0)",2,98.5,9654
"(0.9305555555555556, 0.9861111111111112)",1,98.5,9655
"(0.9, 1.0)",1,98.5,9656
"(0.8833333333333333, 1.0)",1,98.5,9657
"(0.7, 1.0)",1,98.5,9658
"(0.7166666666666667, 1.0)",2,98.5,9660
"(0.8833333333333333, 1.0)",3,98.5,9663
"(0.7666666666666667, 1.0)",3,98.5,9666
"(0.75, 1.0)",1,98.5,9667
"(0.9166666666666666, 1.0)",2,98.5,9669
"(0.9208333333333332, 0.9916666666666668)",1,98.49999999999991,9670
"(0.9625, 0.9916666666666668)",1,98.4999999999999,9671
"(0.9416666666666668, 0.9916666666666668)",1,98.49999999999984,9672
"(0.9875, 0.9958333333333332)",1,98.49583333333332,9673
"(0.8916666666666667, 0.9916666666666668)",2,98.49583333333324,9675
"(0.9208333333333332, 0.9958333333333332)",1,98.49583333333324,9676
"(0.9875, 0.9833333333333332)",1,98.49583333333322,9677
"(0.9916666666666668, 0.9875)",2,98.49583333333322,9679
"(0.8916666666666667, 0.9916666666666668)",1,98.49583333333318,9680
"(0.9333333333333332, 0.9916666666666668)",1,98.49583333333317,9681
"(0.9291666666666668, 0.9958333333333332)",1,98.49583333333317,9682
"(0.9666666666666668, 0.9958333333333332)",1,98.49166666666672,9683
"(0.8791666666666667, 0.9958333333333332)",1,98.49166666666667,9684
"(0.9791666666666666, 0.9916666666666668)",1,98.4916666666666,9685
"(0.9, 0.9875)",1,98.49166666666656,9686
"(0.9458333333333332, 0.9916666666666668)",1,98.49166666666648,9687
"(0.8488372093023255, 0.9883720930232558)",1,98.48837209302329,9688
"(0.8488372093023255, 0.9883720930232558)",1,98.48837209302329,9689
"(0.8791666666666667, 0.9958333333333332)",2,98.48750000000004,9691
"(0.9666666666666668, 0.9958333333333332)",1,98.48750000000004,9692
"(0.9166666666666666, 0.9958333333333332)",1,98.48749999999995,9693
"(0.8666666666666667, 0.9958333333333332)",1,98.48749999999995,9694
"(0.975, 0.9916666666666668)",1,98.48749999999993,9695
"(0.975, 0.9875)",1,98.48749999999986,9696
"(0.925, 0.9875)",1,98.48749999999984,9697
"(0.7083333333333334, 1.0)",2,98.48611111111111,9699
"(0.8055555555555556, 1.0)",1,98.48611111111111,9700
"(0.9305555555555556, 1.0)",1,98.48611111111111,9701
"(0.8333333333333334, 1.0)",1,98.4833333333334,9702
"(0.95, 0.9833333333333332)",1,98.4833333333334,9703
"(0.9333333333333332, 1.0)",1,98.4833333333334,9704
"(0.9333333333333332, 0.9958333333333332)",2,98.4833333333334,9706
"(0.9166666666666666, 1.0)",1,98.48333333333338,9707
"(0.85, 1.0)",1,98.48333333333338,9708
"(0.9, 1.0)",1,98.48333333333338,9709
"(0.8333333333333334, 1.0)",3,98.48333333333338,9712
"(0.8833333333333333, 1.0)",1,98.48333333333336,9713
"(0.85, 1.0)",1,98.48333333333336,9714
"(0.9166666666666666, 1.0)",1,98.48333333333336,9715
"(0.9, 1.0)",2,98.48333333333336,9717
"(0.7166666666666667, 1.0)",1,98.48333333333336,9718
"(0.7333333333333333, 1.0)",1,98.48333333333336,9719
"(0.9, 1.0)",2,98.48333333333336,9721
"(0.8333333333333334, 1.0)",1,98.48333333333336,9722
"(0.9833333333333332, 1.0)",4,98.48333333333332,9726
"(0.9, 1.0)",1,98.48333333333332,9727
"(0.8833333333333333, 1.0)",2,98.48333333333332,9729
"(0.8, 1.0)",3,98.48333333333332,9732
"(0.9333333333333332, 1.0)",1,98.48333333333332,9733
"(0.85, 1.0)",1,98.48333333333332,9734
"(0.8333333333333334, 1.0)",2,98.48333333333332,9736
"(0.8166666666666667, 1.0)",1,98.48333333333332,9737
"(0.9458333333333332, 0.9958333333333332)",1,98.48333333333332,9738
"(0.8666666666666667, 1.0)",3,98.48333333333332,9741
"(0.7, 1.0)",1,98.48333333333332,9742
"(1.0, 1.0)",1,98.48333333333332,9743
"(0.9666666666666668, 1.0)",5,98.48333333333332,9748
"(0.8666666666666667, 0.9958333333333332)",1,98.48333333333328,9749
"(0.95, 0.9958333333333332)",1,98.48333333333328,9750
"(0.9375, 0.9958333333333332)",1,98.48333333333323,9751
"(0.9833333333333332, 0.9958333333333332)",1,98.4833333333332,9752
"(0.925, 0.9916666666666668)",2,98.48333333333316,9754
"(0.8666666666666667, 0.9958333333333332)",1,98.47916666666666,9755
"(0.875, 0.9958333333333332)",1,98.47916666666664,9756
"(0.925, 0.9958333333333332)",1,98.4791666666666,9757
"(0.8541666666666666, 0.9958333333333332)",1,98.47916666666656,9758
"(0.95, 0.9958333333333332)",1,98.47916666666656,9759
"(0.9958333333333332, 0.975)",1,98.47916666666656,9760
"(0.8958333333333334, 0.9958333333333332)",1,98.47916666666652,9761
"(0.9583333333333334, 0.9916666666666668)",1,98.47916666666644,9762
"(0.8488372093023255, 1.0)",1,98.47674418604656,9763
"(0.9186046511627908, 1.0)",1,98.47674418604656,9764
"(0.7906976744186046, 0.9883720930232558)",1,98.47674418604652,9765
"(0.85, 0.9958333333333332)",2,98.47499999999997,9767
"(0.95, 0.9916666666666668)",1,98.47499999999992,9768
"(0.9916666666666668, 0.9958333333333332)",1,98.47499999999992,9769
"(0.8958333333333334, 0.9958333333333332)",1,98.47499999999988,9770
"(0.7777777777777778, 1.0)",2,98.47222222222229,9772
"(0.9305555555555556, 1.0)",1,98.47222222222226,9773
"(0.8333333333333334, 1.0)",1,98.47222222222226,9774
"(0.7083333333333334, 1.0)",2,98.47222222222226,9776
"(0.8333333333333334, 1.0)",2,98.47222222222224,9778
"(0.9305555555555556, 1.0)",2,98.47222222222224,9780
"(0.7083333333333334, 1.0)",1,98.47222222222224,9781
"(0.9166666666666666, 1.0)",1,98.47222222222224,9782
"(0.8194444444444444, 1.0)",3,98.47222222222224,9785
"(0.9444444444444444, 1.0)",1,98.47222222222224,9786
"(0.8333333333333334, 1.0)",1,98.4722222222222,9787
"(0.8625, 0.9958333333333332)",1,98.47083333333326,9788
"(0.9791666666666666, 0.9958333333333332)",1,98.47083333333325,9789
"(0.9208333333333332, 0.9916666666666668)",1,98.47083333333325,9790
"(0.9333333333333332, 0.9916666666666668)",1,98.4708333333332,9791
"(0.9541666666666668, 0.9958333333333332)",1,98.47083333333316,9792
"(0.925, 0.9875)",1,98.47083333333316,9793
"(0.9, 0.9833333333333332)",1,98.46666666666673,9794
"(0.9166666666666666, 1.0)",1,98.46666666666673,9795
"(0.95, 1.0)",1,98.46666666666673,9796
"(0.95, 1.0)",1,98.46666666666673,9797
"(0.9, 1.0)",1,98.46666666666673,9798
"(0.7666666666666667, 1.0)",2,98.46666666666673,9800
"(0.9166666666666666, 0.9833333333333332)",1,98.46666666666673,9801
"(0.9666666666666668, 1.0)",1,98.4666666666667,9802
"(0.85, 1.0)",1,98.4666666666667,9803
"(0.8, 1.0)",1,98.4666666666667,9804
"(0.8333333333333334, 1.0)",1,98.4666666666667,9805
"(0.9833333333333332, 1.0)",1,98.4666666666667,9806
"(0.9166666666666666, 1.0)",1,98.4666666666667,9807
"(0.9666666666666668, 0.9833333333333332)",1,98.4666666666667,9808
"(0.9, 1.0)",1,98.4666666666667,9809
"(0.8833333333333333, 1.0)",1,98.4666666666667,9810
"(0.9333333333333332, 0.9833333333333332)",1,98.4666666666667,9811
"(1.0, 1.0)",1,98.4666666666667,9812
"(0.8666666666666667, 1.0)",2,98.4666666666667,9814
"(0.85, 1.0)",4,98.46666666666668,9818
"(0.8666666666666667, 1.0)",2,98.46666666666668,9820
"(0.9666666666666668, 1.0)",3,98.46666666666668,9823
"(0.75, 1.0)",3,98.46666666666668,9826
"(0.8666666666666667, 1.0)",1,98.46666666666668,9827
"(0.7833333333333333, 1.0)",1,98.46666666666668,9828
"(0.6, 1.0)",1,98.46666666666668,9829
"(0.8833333333333333, 1.0)",2,98.46666666666668,9831
"(0.8833333333333333, 1.0)",1,98.46666666666668,9832
"(0.7166666666666667, 1.0)",2,98.46666666666668,9834
"(0.95, 1.0)",1,98.46666666666668,9835
"(0.7333333333333333, 1.0)",5,98.46666666666668,9840
"(0.9166666666666666, 1.0)",2,98.46666666666668,9842
"(0.9, 1.0)",2,98.46666666666668,9844
"(0.9333333333333332, 1.0)",2,98.46666666666668,9846
"(0.9375, 0.9958333333333332)",1,98.4666666666666,9847
"(0.8666666666666667, 0.9958333333333332)",1,98.4666666666666,9848
"(0.9375, 0.9958333333333332)",1,98.46666666666653,9849
"(0.95, 0.9916666666666668)",1,98.4625,9850
"(0.9, 0.9916666666666668)",2,98.46249999999992,9852
"(0.95, 0.9875)",1,98.4624999999999,9853
"(0.8916666666666667, 0.9958333333333332)",1,98.4624999999999,9854
"(0.95, 0.9875)",1,98.46249999999986,9855
"(0.9291666666666668, 0.9958333333333332)",1,98.4624999999998,9856
"(0.9305555555555556, 0.9861111111111112)",2,98.45833333333351,9858
"(0.9166666666666666, 1.0)",1,98.4583333333334,9859
"(0.9305555555555556, 1.0)",1,98.45833333333336,9860
"(0.8888888888888888, 1.0)",1,98.45833333333334,9861
"(0.8611111111111112, 1.0)",1,98.45833333333331,9862
"(0.9125, 0.9958333333333332)",1,98.4583333333333,9863
"(0.9041666666666668, 0.9958333333333332)",1,98.45833333333326,9864
"(0.825, 0.9916666666666668)",2,98.45833333333324,9866
"(0.9875, 0.9958333333333332)",1,98.4583333333332,9867
"(0.8375, 0.9916666666666668)",1,98.45416666666664,9868
"(0.9208333333333332, 0.9958333333333332)",1,98.45416666666662,9869
"(0.9208333333333332, 0.9958333333333332)",1,98.45416666666658,9870
"(0.9375, 0.9916666666666668)",1,98.45416666666657,9871
"(0.9291666666666668, 0.9916666666666668)",1,98.45416666666657,9872
"(0.8255813953488372, 1.0)",1,98.45348837209303,9873
"(0.7441860465116279, 0.9883720930232558)",1,98.45348837209303,9874
"(0.9186046511627908, 1.0)",1,98.45348837209303,9875
"(0.7441860465116279, 0.9883720930232558)",1,98.45348837209303,9876
"(0.872093023255814, 1.0)",1,98.45348837209303,9877
"(0.8833333333333333, 0.9833333333333332)",1,98.45000000000006,9878
"(0.9666666666666668, 0.9666666666666668)",1,98.45000000000006,9879
"(0.9166666666666666, 1.0)",3,98.45000000000005,9882
"(0.9333333333333332, 1.0)",1,98.45000000000005,9883
"(0.9833333333333332, 1.0)",2,98.45000000000005,9885
"(0.9166666666666666, 0.9833333333333332)",1,98.45000000000005,9886
"(1.0, 1.0)",1,98.45000000000005,9887
"(0.8166666666666667, 1.0)",1,98.45000000000005,9888
"(0.8333333333333334, 1.0)",1,98.45000000000005,9889
"(0.9, 1.0)",1,98.45000000000002,9890
"(0.9333333333333332, 1.0)",1,98.45000000000002,9891
"(0.8, 1.0)",1,98.45000000000002,9892
"(0.8166666666666667, 1.0)",1,98.45000000000002,9893
"(0.7333333333333333, 1.0)",2,98.45000000000002,9895
"(0.9333333333333332, 1.0)",2,98.45,9897
"(0.8, 1.0)",1,98.45,9898
"(1.0, 1.0)",4,98.45,9902
"(0.9833333333333332, 1.0)",2,98.45,9904
"(0.8666666666666667, 1.0)",1,98.45,9905
"(0.85, 1.0)",2,98.45,9907
"(0.7666666666666667, 1.0)",2,98.45,9909
"(0.8666666666666667, 1.0)",2,98.45,9911
"(0.7833333333333333, 1.0)",1,98.45,9912
"(0.8833333333333333, 1.0)",2,98.45,9914
"(0.9208333333333332, 0.9958333333333332)",1,98.44999999999996,9915
"(0.9916666666666668, 0.9791666666666666)",1,98.44999999999985,9916
"(0.9791666666666666, 0.9958333333333332)",1,98.44583333333335,9917
"(0.8625, 0.9958333333333332)",1,98.44583333333334,9918
"(0.8916666666666667, 0.9958333333333332)",1,98.44583333333333,9919
"(0.95, 0.9916666666666668)",1,98.44583333333324,9920
"(0.9291666666666668, 0.9875)",2,98.44583333333318,9922
"(0.9, 0.9875)",1,98.44583333333316,9923
"(0.9375, 0.9958333333333332)",1,98.44583333333316,9924
"(0.95, 0.9875)",1,98.44583333333316,9925
"(0.9833333333333332, 0.9833333333333332)",1,98.44583333333316,9926
"(0.8333333333333334, 1.0)",1,98.44444444444451,9927
"(0.8194444444444444, 1.0)",1,98.44444444444451,9928
"(0.9305555555555556, 1.0)",1,98.4444444444445,9929
"(0.9583333333333334, 1.0)",1,98.4444444444445,9930
"(0.8055555555555556, 1.0)",1,98.44444444444449,9931
"(0.9305555555555556, 1.0)",1,98.44444444444449,9932
"(0.9722222222222222, 0.9861111111111112)",1,98.44444444444449,9933
"(0.9166666666666666, 1.0)",1,98.44444444444449,9934
"(0.9305555555555556, 1.0)",1,98.44444444444446,9935
"(0.8472222222222222, 1.0)",1,98.44444444444446,9936
"(0.7638888888888888, 1.0)",1,98.44444444444444,9937
"(0.8472222222222222, 1.0)",1,98.44444444444444,9938
"(0.8488372093023255, 1.0)",1,98.44186046511632,9939
"(0.7441860465116279, 1.0)",1,98.4418604651163,9940
"(0.8488372093023255, 1.0)",1,98.44186046511628,9941
"(0.9, 0.9875)",1,98.44166666666652,9942
"(0.9125, 0.9916666666666668)",1,98.44166666666648,9943
"(0.9041666666666668, 0.9916666666666668)",1,98.43749999999994,9944
"(0.925, 0.9875)",1,98.43749999999991,9945
"(0.9208333333333332, 0.9916666666666668)",1,98.43749999999989,9946
"(0.9208333333333332, 0.9958333333333332)",1,98.43749999999982,9947
"(0.8333333333333334, 0.95)",1,98.4333333333334,9948
"(0.9, 1.0)",2,98.43333333333337,9950
"(0.8666666666666667, 1.0)",1,98.43333333333337,9951
"(0.95, 0.9833333333333332)",1,98.43333333333337,9952
"(0.9166666666666666, 1.0)",2,98.43333333333337,9954
"(0.9333333333333332, 1.0)",1,98.43333333333337,9955
"(0.8666666666666667, 1.0)",1,98.43333333333337,9956
"(0.7, 1.0)",1,98.43333333333334,9957
"(0.9833333333333332, 1.0)",3,98.43333333333334,9960
"(0.75, 1.0)",1,98.43333333333334,9961
"(0.7666666666666667, 1.0)",1,98.43333333333334,9962
"(0.9166666666666666, 1.0)",3,98.43333333333334,9965
"(0.9, 1.0)",1,98.43333333333334,9966
"(0.8, 1.0)",1,98.43333333333334,9967
"(0.8833333333333333, 1.0)",2,98.43333333333334,9969
"(0.85, 1.0)",1,98.43333333333334,9970
"(0.7166666666666667, 1.0)",1,98.43333333333334,9971
"(0.6833333333333333, 1.0)",2,98.43333333333334,9973
"(0.9666666666666668, 1.0)",5,98.43333333333334,9978
"(0.8666666666666667, 1.0)",2,98.43333333333334,9980
"(0.8166666666666667, 1.0)",1,98.43333333333334,9981
"(0.9875, 0.9916666666666668)",1,98.43333333333328,9982
"(0.85, 0.9958333333333332)",1,98.43333333333328,9983
"(0.925, 0.9916666666666668)",1,98.43333333333324,9984
"(0.9375, 0.9916666666666668)",1,98.4333333333332,9985
"(0.925, 0.9875)",1,98.43333333333318,9986
"(0.925, 0.9916666666666668)",1,98.43333333333317,9987
"(0.9166666666666666, 1.0)",1,98.43055555555571,9988
"(0.7777777777777778, 1.0)",1,98.43055555555564,9989
"(0.7083333333333334, 1.0)",1,98.4305555555556,9990
"(0.7638888888888888, 1.0)",1,98.4305555555556,9991
"(0.8611111111111112, 1.0)",1,98.4305555555556,9992
"(0.9722222222222222, 1.0)",1,98.43055555555556,9993
"(0.8333333333333334, 1.0)",1,98.43055555555556,9994
"(0.6944444444444444, 0.9861111111111112)",2,98.43055555555556,9996
"(0.9166666666666666, 1.0)",1,98.43055555555556,9997
"(0.8888888888888888, 1.0)",1,98.43055555555556,9998
"(0.9305555555555556, 1.0)",1,98.43055555555554,9999
"(0.7906976744186046, 0.9883720930232558)",1,98.43023255813956,10000
"(0.8488372093023255, 0.9883720930232558)",2,98.43023255813956,10002
"(0.95, 0.9833333333333332)",1,98.42916666666665,10003
"(0.925, 0.9916666666666668)",1,98.4291666666666,10004
"(0.925, 0.9875)",1,98.42916666666656,10005
"(0.9041666666666668, 0.9958333333333332)",1,98.42916666666656,10006
"(0.9375, 0.9958333333333332)",1,98.42916666666656,10007
"(0.95, 0.9875)",1,98.4291666666665,10008
"(0.9041666666666668, 0.9875)",2,98.42916666666646,10010
"(0.9791666666666666, 0.9958333333333332)",1,98.42499999999998,10011
"(0.8958333333333334, 0.9958333333333332)",1,98.42499999999995,10012
"(0.9166666666666666, 0.9916666666666668)",1,98.42499999999994,10013
"(0.9791666666666666, 0.9958333333333332)",1,98.42499999999994,10014
"(0.95, 0.9958333333333332)",1,98.42499999999993,10015
"(0.975, 0.9916666666666668)",1,98.42499999999993,10016
"(0.9208333333333332, 0.9916666666666668)",1,98.42499999999988,10017
"(0.9208333333333332, 0.9916666666666668)",1,98.42499999999988,10018
"(0.9, 0.9875)",1,98.42499999999984,10019
"(0.9166666666666666, 0.9958333333333332)",1,98.42083333333336,10020
"(0.8625, 0.9958333333333332)",1,98.42083333333323,10021
"(0.925, 0.9916666666666668)",1,98.42083333333322,10022
"(0.925, 0.9958333333333332)",1,98.42083333333322,10023
"(0.95, 0.9916666666666668)",1,98.4208333333332,10024
"(0.9291666666666668, 0.9958333333333332)",1,98.4208333333332,10025
"(0.9875, 0.9833333333333332)",1,98.42083333333316,10026
"(0.8372093023255814, 1.0)",1,98.41860465116284,10027
"(0.8837209302325582, 1.0)",1,98.41860465116284,10028
"(0.8953488372093024, 0.9883720930232558)",1,98.41860465116284,10029
"(0.9305555555555556, 0.9861111111111112)",1,98.41666666666674,10030
"(0.6666666666666666, 0.9833333333333332)",1,98.41666666666671,10031
"(0.9166666666666666, 1.0)",1,98.41666666666671,10032
"(1.0, 1.0)",1,98.41666666666671,10033
"(1.0, 1.0)",1,98.41666666666671,10034
"(0.7333333333333333, 1.0)",2,98.41666666666671,10036
"(0.9333333333333332, 1.0)",1,98.4166666666667,10037
"(0.8333333333333334, 1.0)",1,98.4166666666667,10038
"(0.9, 1.0)",1,98.4166666666667,10039
"(0.8833333333333333, 1.0)",1,98.4166666666667,10040
"(0.9027777777777778, 1.0)",1,98.4166666666667,10041
"(0.8166666666666667, 1.0)",1,98.4166666666667,10042
"(0.9833333333333332, 1.0)",1,98.4166666666667,10043
"(0.9444444444444444, 1.0)",1,98.4166666666667,10044
"(0.8055555555555556, 1.0)",1,98.41666666666669,10045
"(0.7833333333333333, 1.0)",1,98.41666666666669,10046
"(0.7638888888888888, 1.0)",1,98.41666666666669,10047
"(0.85, 1.0)",3,98.41666666666669,10050
"(0.8833333333333333, 1.0)",3,98.41666666666669,10053
"(0.7333333333333333, 1.0)",1,98.41666666666669,10054
"(0.7666666666666667, 1.0)",1,98.41666666666669,10055
"(0.8333333333333334, 1.0)",1,98.41666666666669,10056
"(0.9166666666666666, 1.0)",2,98.41666666666669,10058
"(0.8333333333333334, 1.0)",1,98.41666666666669,10059
"(0.8166666666666667, 1.0)",1,98.41666666666669,10060
"(0.9333333333333332, 1.0)",2,98.41666666666669,10062
"(0.85, 1.0)",1,98.41666666666669,10063
"(0.95, 1.0)",1,98.41666666666669,10064
"(0.9541666666666668, 0.9958333333333332)",1,98.41666666666669,10065
"(0.7, 1.0)",2,98.41666666666669,10067
"(0.9333333333333332, 1.0)",2,98.41666666666666,10069
"(0.8, 1.0)",2,98.41666666666666,10071
"(0.8833333333333333, 1.0)",1,98.41666666666666,10072
"(0.7, 1.0)",3,98.41666666666666,10075
"(0.95, 1.0)",2,98.41666666666666,10077
"(0.8333333333333334, 1.0)",2,98.41666666666666,10079
"(0.85, 1.0)",3,98.41666666666666,10082
"(1.0, 1.0)",4,98.41666666666666,10086
"(0.6944444444444444, 1.0)",1,98.41666666666666,10087
"(0.6833333333333333, 1.0)",1,98.41666666666666,10088
"(0.9958333333333332, 0.9916666666666668)",1,98.4166666666666,10089
"(0.9375, 0.9916666666666668)",2,98.41666666666656,10091
"(0.9541666666666668, 0.9875)",1,98.41666666666652,10092
"(0.9208333333333332, 0.9958333333333332)",1,98.41666666666649,10093
"(0.8708333333333333, 0.9958333333333332)",1,98.41249999999992,10094
"(0.9208333333333332, 0.9875)",1,98.41249999999988,10095
"(0.9291666666666668, 0.9875)",1,98.41249999999982,10096
"(0.9041666666666668, 0.9958333333333332)",1,98.40833333333336,10097
"(0.8375, 0.9958333333333332)",2,98.40833333333332,10099
"(0.9458333333333332, 0.9916666666666668)",1,98.40833333333325,10100
"(0.9291666666666668, 0.9958333333333332)",1,98.40833333333322,10101
"(0.975, 0.9916666666666668)",1,98.4083333333332,10102
"(0.8083333333333333, 0.9958333333333332)",1,98.4083333333332,10103
"(0.8625, 0.9916666666666668)",1,98.4083333333332,10104
"(0.9833333333333332, 0.9958333333333332)",1,98.40416666666668,10105
"(0.9041666666666668, 0.9916666666666668)",1,98.40416666666655,10106
"(0.9583333333333334, 0.9958333333333332)",1,98.40416666666653,10107
"(0.9583333333333334, 0.9875)",1,98.40416666666653,10108
"(0.9041666666666668, 0.9958333333333332)",2,98.4041666666665,10110
"(0.8333333333333334, 0.9861111111111112)",1,98.40277777777789,10111
"(0.9444444444444444, 1.0)",1,98.40277777777784,10112
"(0.9444444444444444, 1.0)",2,98.40277777777784,10114
"(0.8055555555555556, 1.0)",1,98.4027777777778,10115
"(0.9444444444444444, 1.0)",4,98.4027777777778,10119
"(0.6944444444444444, 1.0)",1,98.4027777777778,10120
"(0.9027777777777778, 1.0)",1,98.4027777777778,10121
"(0.9305555555555556, 1.0)",1,98.4027777777778,10122
"(0.8888888888888888, 1.0)",1,98.40277777777776,10123
"(0.7083333333333334, 1.0)",1,98.40277777777776,10124
"(0.9305555555555556, 1.0)",1,98.40277777777776,10125
"(0.7638888888888888, 1.0)",3,98.40277777777776,10128
"(0.8333333333333334, 1.0)",1,98.40277777777776,10129
"(0.8833333333333333, 0.9833333333333332)",1,98.40000000000006,10130
"(0.7333333333333333, 0.9833333333333332)",1,98.40000000000006,10131
"(0.8333333333333334, 1.0)",1,98.40000000000003,10132
"(0.9166666666666666, 1.0)",2,98.40000000000003,10134
"(0.9833333333333332, 1.0)",1,98.40000000000003,10135
"(0.8833333333333333, 1.0)",1,98.40000000000003,10136
"(0.9666666666666668, 1.0)",1,98.40000000000003,10137
"(0.9, 1.0)",1,98.40000000000002,10138
"(1.0, 1.0)",1,98.40000000000002,10139
"(0.9833333333333332, 1.0)",1,98.40000000000002,10140
"(0.8333333333333334, 1.0)",1,98.40000000000002,10141
"(0.9166666666666666, 1.0)",1,98.40000000000002,10142
"(0.8666666666666667, 1.0)",1,98.4,10143
"(0.75, 1.0)",1,98.4,10144
"(0.9833333333333332, 1.0)",2,98.4,10146
"(1.0, 1.0)",2,98.4,10148
"(0.85, 1.0)",4,98.4,10152
"(0.6, 1.0)",1,98.4,10153
"(0.7333333333333333, 1.0)",1,98.4,10154
"(0.9166666666666666, 1.0)",1,98.4,10155
"(0.95, 1.0)",2,98.4,10157
"(0.9, 1.0)",5,98.4,10162
"(0.7833333333333333, 1.0)",1,98.4,10163
"(0.8333333333333334, 1.0)",2,98.4,10165
"(0.9666666666666668, 1.0)",1,98.4,10166
"(0.9333333333333332, 1.0)",1,98.4,10167
"(0.7, 1.0)",1,98.4,10168
"(0.9291666666666668, 0.9916666666666668)",2,98.39999999999988,10170
"(0.9875, 0.9916666666666668)",1,98.39999999999988,10171
"(0.9375, 0.9875)",1,98.39999999999982,10172
"(0.9375, 0.9958333333333332)",1,98.3958333333332,10173
"(0.8625, 0.9958333333333332)",1,98.39583333333316,10174
"(0.8488372093023255, 0.9883720930232558)",1,98.39534883720933,10175
"(0.6162790697674418, 0.9883720930232558)",1,98.39534883720933,10176
"(0.9186046511627908, 0.9883720930232558)",1,98.39534883720933,10177
"(0.9375, 0.9791666666666666)",1,98.39166666666668,10178
"(0.9, 0.9958333333333332)",2,98.39166666666664,10180
"(0.9541666666666668, 0.9958333333333332)",1,98.39166666666657,10181
"(0.925, 0.9875)",1,98.39166666666652,10182
"(0.9444444444444444, 1.0)",1,98.388888888889,10183
"(0.8333333333333334, 1.0)",1,98.38888888888896,10184
"(0.7638888888888888, 1.0)",2,98.38888888888891,10186
"(0.9166666666666666, 1.0)",1,98.38888888888891,10187
"(0.9305555555555556, 0.9861111111111112)",1,98.38888888888891,10188
"(0.9722222222222222, 1.0)",2,98.3888888888889,10190
"(0.8194444444444444, 1.0)",1,98.38888888888889,10191
"(0.9166666666666666, 0.9958333333333332)",1,98.38749999999996,10192
"(0.9166666666666666, 0.9958333333333332)",2,98.38749999999992,10194
"(0.9291666666666668, 0.9875)",1,98.38749999999985,10195
"(0.925, 0.9875)",1,98.38749999999985,10196
"(0.925, 0.9875)",1,98.38749999999982,10197
"(0.7674418604651163, 0.9883720930232558)",1,98.3837209302326,10198
"(0.8255813953488372, 1.0)",2,98.3837209302326,10200
"(0.9418604651162792, 1.0)",1,98.3837209302326,10201
"(0.8255813953488372, 1.0)",1,98.38372093023258,10202
"(0.8333333333333334, 1.0)",1,98.38333333333338,10203
"(0.8333333333333334, 0.9833333333333332)",2,98.38333333333338,10205
"(0.8833333333333333, 1.0)",1,98.38333333333338,10206
"(0.9666666666666668, 1.0)",1,98.38333333333338,10207
"(0.7666666666666667, 1.0)",1,98.38333333333335,10208
"(0.9333333333333332, 1.0)",1,98.38333333333335,10209
"(0.9166666666666666, 1.0)",2,98.38333333333335,10211
"(0.9833333333333332, 1.0)",1,98.38333333333335,10212
"(0.9, 1.0)",1,98.38333333333335,10213
"(0.6, 1.0)",1,98.38333333333335,10214
"(0.9, 1.0)",2,98.38333333333335,10216
"(0.7333333333333333, 0.9833333333333332)",1,98.38333333333335,10217
"(0.7833333333333333, 1.0)",2,98.38333333333335,10219
"(1.0, 1.0)",1,98.38333333333335,10220
"(0.95, 1.0)",2,98.38333333333335,10222
"(0.8333333333333334, 1.0)",1,98.38333333333335,10223
"(0.8333333333333334, 1.0)",3,98.38333333333335,10226
"(0.8, 1.0)",1,98.38333333333334,10227
"(0.8666666666666667, 1.0)",2,98.38333333333334,10229
"(0.8833333333333333, 1.0)",1,98.38333333333334,10230
"(0.7166666666666667, 1.0)",1,98.38333333333334,10231
"(0.8166666666666667, 1.0)",2,98.38333333333333,10233
"(0.85, 1.0)",2,98.38333333333333,10235
"(0.9833333333333332, 1.0)",1,98.38333333333333,10236
"(0.9166666666666666, 1.0)",1,98.38333333333333,10237
"(0.9, 1.0)",1,98.38333333333333,10238
"(0.7666666666666667, 1.0)",1,98.38333333333333,10239
"(0.8833333333333333, 1.0)",2,98.38333333333333,10241
"(0.975, 0.9833333333333332)",1,98.38333333333328,10242
"(0.9125, 0.9875)",1,98.38333333333316,10243
"(0.9375, 0.9916666666666668)",1,98.38333333333316,10244
"(0.9625, 0.9875)",1,98.38333333333316,10245
"(0.9041666666666668, 0.9916666666666668)",2,98.3791666666666,10247
"(0.9166666666666666, 0.9916666666666668)",1,98.37916666666658,10248
"(0.8958333333333334, 0.9875)",1,98.3791666666665,10249
"(0.9708333333333332, 0.9916666666666668)",1,98.3791666666665,10250
"(0.9625, 0.9875)",1,98.37916666666648,10251
"(0.9125, 0.9958333333333332)",1,98.37916666666644,10252
"(0.8333333333333334, 1.0)",1,98.37500000000004,10253
"(0.8611111111111112, 1.0)",1,98.375,10254
"(0.9444444444444444, 1.0)",1,98.375,10255
"(0.7777777777777778, 1.0)",1,98.375,10256
"(0.85, 0.9916666666666668)",1,98.375,10257
"(0.9305555555555556, 1.0)",1,98.375,10258
"(0.8333333333333334, 1.0)",2,98.375,10260
"(0.9291666666666668, 0.9916666666666668)",1,98.37499999999991,10261
"(1.0, 0.9958333333333332)",2,98.37499999999989,10263
"(0.9291666666666668, 0.9916666666666668)",1,98.37499999999986,10264
"(0.9125, 0.9875)",1,98.37499999999984,10265
"(0.9186046511627908, 1.0)",2,98.37209302325586,10267
"(0.9534883720930232, 0.9883720930232558)",1,98.37209302325584,10268
"(0.9069767441860463, 1.0)",1,98.37209302325584,10269
"(0.9375, 0.9958333333333332)",1,98.37083333333337,10270
"(0.9, 0.9958333333333332)",1,98.37083333333328,10271
"(0.9416666666666668, 0.9958333333333332)",1,98.3708333333332,10272
"(0.95, 0.9875)",1,98.37083333333318,10273
"(0.9166666666666666, 0.9875)",1,98.37083333333318,10274
"(0.9625, 0.9958333333333332)",1,98.37083333333317,10275
"(0.9, 1.0)",1,98.36666666666672,10276
"(0.6666666666666666, 0.9833333333333332)",1,98.36666666666672,10277
"(0.8666666666666667, 0.9958333333333332)",1,98.36666666666672,10278
"(0.8333333333333334, 1.0)",2,98.3666666666667,10280
"(0.9, 1.0)",2,98.3666666666667,10282
"(0.8333333333333334, 0.9833333333333332)",1,98.3666666666667,10283
"(0.8666666666666667, 1.0)",2,98.3666666666667,10285
"(0.7333333333333333, 1.0)",2,98.36666666666667,10287
"(0.95, 1.0)",1,98.36666666666667,10288
"(0.9166666666666666, 1.0)",1,98.36666666666667,10289
"(0.7833333333333333, 1.0)",2,98.36666666666667,10291
"(0.9333333333333332, 1.0)",2,98.36666666666667,10293
"(0.8666666666666667, 1.0)",1,98.36666666666667,10294
"(0.7166666666666667, 1.0)",1,98.36666666666667,10295
"(0.9833333333333332, 1.0)",4,98.36666666666667,10299
"(0.8833333333333333, 1.0)",1,98.36666666666667,10300
"(0.8333333333333334, 1.0)",2,98.36666666666667,10302
"(0.8, 1.0)",2,98.36666666666667,10304
"(0.85, 1.0)",7,98.36666666666667,10311
"(0.7666666666666667, 1.0)",1,98.36666666666667,10312
"(0.9, 1.0)",1,98.36666666666667,10313
"(0.9, 1.0)",2,98.36666666666666,10315
"(0.9375, 0.9958333333333332)",1,98.36666666666666,10316
"(0.8833333333333333, 1.0)",2,98.36666666666666,10318
"(0.8625, 0.9958333333333332)",1,98.36666666666665,10319
"(0.9375, 0.9958333333333332)",1,98.36666666666656,10320
"(0.9916666666666668, 0.9833333333333332)",1,98.36666666666652,10321
"(0.8625, 0.9916666666666668)",1,98.3625,10322
"(0.9708333333333332, 0.9958333333333332)",1,98.36249999999998,10323
"(0.9291666666666668, 0.9916666666666668)",1,98.36249999999998,10324
"(0.925, 0.9875)",1,98.36249999999993,10325
"(0.875, 0.9958333333333332)",1,98.3624999999999,10326
"(0.9375, 0.9916666666666668)",1,98.36249999999986,10327
"(0.9208333333333332, 0.9916666666666668)",1,98.36249999999978,10328
"(0.8055555555555556, 1.0)",1,98.36111111111114,10329
"(0.9305555555555556, 1.0)",1,98.36111111111111,10330
"(0.6944444444444444, 1.0)",1,98.36111111111111,10331
"(0.9444444444444444, 1.0)",1,98.36111111111111,10332
"(0.9027777777777778, 0.9861111111111112)",1,98.36111111111111,10333
"(0.9583333333333334, 1.0)",4,98.3611111111111,10337
"(0.9444444444444444, 1.0)",4,98.3611111111111,10341
"(0.9186046511627908, 1.0)",1,98.36046511627912,10342
"(0.8488372093023255, 1.0)",1,98.3604651162791,10343
"(0.8837209302325582, 1.0)",1,98.3604651162791,10344
"(0.85, 0.9958333333333332)",1,98.3583333333333,10345
"(0.95, 0.9958333333333332)",1,98.35833333333328,10346
"(0.825, 0.9916666666666668)",1,98.35833333333328,10347
"(0.9833333333333332, 0.9916666666666668)",2,98.35833333333326,10349
"(0.975, 0.9875)",1,98.3583333333332,10350
"(0.9541666666666668, 0.9875)",1,98.35833333333318,10351
"(0.95, 0.9875)",2,98.35833333333316,10353
"(0.9291666666666668, 0.9708333333333332)",1,98.35416666666666,10354
"(0.9041666666666668, 0.9916666666666668)",1,98.3541666666666,10355
"(0.9875, 0.9833333333333332)",1,98.3541666666666,10356
"(0.9125, 0.9875)",1,98.35416666666656,10357
"(0.9208333333333332, 0.9875)",2,98.35416666666652,10359
"(0.9, 0.9916666666666668)",1,98.35416666666652,10360
"(0.9125, 0.9875)",1,98.35416666666652,10361
"(0.8333333333333334, 1.0)",1,98.35000000000008,10362
"(0.8166666666666667, 1.0)",1,98.35000000000004,10363
"(0.8333333333333334, 0.9833333333333332)",1,98.35000000000004,10364
"(0.9166666666666666, 1.0)",1,98.35000000000004,10365
"(0.9333333333333332, 1.0)",1,98.35000000000004,10366
"(0.8333333333333334, 1.0)",1,98.35000000000004,10367
"(0.8, 1.0)",1,98.35000000000004,10368
"(0.75, 1.0)",1,98.35000000000002,10369
"(0.9166666666666666, 1.0)",1,98.35000000000002,10370
"(0.9666666666666668, 1.0)",2,98.35000000000002,10372
"(0.6833333333333333, 1.0)",1,98.35000000000002,10373
"(0.8, 1.0)",1,98.35000000000002,10374
"(0.8166666666666667, 1.0)",1,98.35000000000002,10375
"(0.8666666666666667, 1.0)",1,98.35000000000002,10376
"(0.6666666666666666, 0.9833333333333332)",1,98.35000000000002,10377
"(0.8, 1.0)",1,98.35,10378
"(0.9833333333333332, 1.0)",5,98.35,10383
"(0.8333333333333334, 1.0)",1,98.35,10384
"(0.6833333333333333, 1.0)",1,98.35,10385
"(0.85, 1.0)",1,98.35,10386
"(0.9333333333333332, 1.0)",1,98.35,10387
"(0.95, 0.9958333333333332)",1,98.35,10388
"(0.8666666666666667, 1.0)",1,98.35,10389
"(0.8833333333333333, 1.0)",2,98.35,10391
"(0.8333333333333334, 1.0)",1,98.35,10392
"(0.7, 1.0)",1,98.35,10393
"(0.85, 1.0)",2,98.35,10395
"(1.0, 1.0)",2,98.35,10397
"(0.9666666666666668, 1.0)",1,98.35,10398
"(0.8166666666666667, 1.0)",3,98.35,10401
"(0.9333333333333332, 0.9916666666666668)",1,98.34999999999997,10402
"(0.9583333333333334, 0.9958333333333332)",1,98.3499999999999,10403
"(0.925, 0.9916666666666668)",1,98.34999999999988,10404
"(0.9875, 0.9833333333333332)",1,98.34999999999984,10405
"(0.9208333333333332, 0.9875)",1,98.34999999999982,10406
"(0.8837209302325582, 1.0)",1,98.3488372093024,10407
"(0.872093023255814, 1.0)",1,98.34883720930236,10408
"(0.9186046511627908, 0.9883720930232558)",2,98.34883720930236,10410
"(0.9302325581395348, 0.9883720930232558)",1,98.34883720930236,10411
"(0.8255813953488372, 1.0)",2,98.34883720930236,10413
"(0.813953488372093, 1.0)",1,98.34883720930236,10414
"(0.7325581395348837, 1.0)",1,98.34883720930236,10415
"(0.9027777777777778, 1.0)",1,98.34722222222226,10416
"(0.8333333333333334, 1.0)",1,98.34722222222226,10417
"(0.7638888888888888, 0.9861111111111112)",1,98.34722222222226,10418
"(0.8055555555555556, 1.0)",1,98.34722222222224,10419
"(0.9444444444444444, 1.0)",1,98.34722222222224,10420
"(0.75, 1.0)",1,98.34722222222224,10421
"(0.7638888888888888, 1.0)",1,98.3472222222222,10422
"(0.8666666666666667, 0.9958333333333332)",1,98.3458333333333,10423
"(0.8375, 0.9916666666666668)",1,98.3458333333333,10424
"(0.9375, 0.9875)",1,98.34583333333327,10425
"(0.9916666666666668, 0.9958333333333332)",1,98.34583333333326,10426
"(0.9791666666666666, 0.9875)",1,98.34583333333325,10427
"(0.9291666666666668, 0.9875)",1,98.34583333333325,10428
"(0.9, 0.9958333333333332)",1,98.34583333333322,10429
"(0.9875, 0.9708333333333332)",1,98.3458333333332,10430
"(0.9291666666666668, 0.9916666666666668)",1,98.3458333333332,10431
"(0.925, 0.9916666666666668)",1,98.34583333333316,10432
"(0.9333333333333332, 0.9916666666666668)",1,98.34583333333316,10433
"(0.95, 0.9875)",1,98.34583333333316,10434
"(0.9, 0.9958333333333332)",1,98.34166666666668,10435
"(0.975, 0.9958333333333332)",1,98.34166666666655,10436
"(0.9125, 0.9916666666666668)",1,98.34166666666653,10437
"(0.9375, 0.9916666666666668)",1,98.3416666666665,10438
"(0.9125, 0.9875)",1,98.33749999999984,10439
"(0.872093023255814, 0.9883720930232558)",1,98.33720930232565,10440
"(0.9186046511627908, 1.0)",1,98.33720930232562,10441
"(0.8194444444444444, 1.0)",1,98.33333333333348,10442
"(0.9166666666666666, 1.0)",1,98.33333333333344,10443
"(0.7638888888888888, 1.0)",1,98.33333333333344,10444
"(0.9666666666666668, 1.0)",1,98.3333333333334,10445
"(1.0, 1.0)",1,98.3333333333334,10446
"(0.8333333333333334, 0.9833333333333332)",2,98.3333333333334,10448
"(0.8833333333333333, 0.9833333333333332)",1,98.3333333333334,10449
"(0.8333333333333334, 0.9833333333333332)",1,98.33333333333336,10450
"(0.8333333333333334, 1.0)",2,98.33333333333336,10452
"(0.8666666666666667, 1.0)",1,98.33333333333336,10453
"(0.9166666666666666, 1.0)",1,98.33333333333336,10454
"(0.85, 1.0)",1,98.33333333333336,10455
"(1.0, 1.0)",3,98.33333333333334,10458
"(0.7666666666666667, 1.0)",1,98.33333333333334,10459
"(0.9833333333333332, 1.0)",1,98.33333333333334,10460
"(0.85, 1.0)",1,98.33333333333334,10461
"(0.9666666666666668, 1.0)",1,98.33333333333334,10462
"(0.9333333333333332, 1.0)",1,98.33333333333334,10463
"(0.95, 1.0)",2,98.33333333333334,10465
"(0.8833333333333333, 1.0)",4,98.33333333333334,10469
"(0.9, 1.0)",1,98.33333333333334,10470
"(0.9833333333333332, 1.0)",1,98.33333333333331,10471
"(0.9666666666666668, 1.0)",1,98.33333333333331,10472
"(0.9333333333333332, 1.0)",3,98.33333333333331,10475
"(0.9, 1.0)",2,98.33333333333331,10477
"(0.8666666666666667, 1.0)",2,98.33333333333331,10479
"(1.0, 1.0)",5,98.33333333333331,10484
"(0.7166666666666667, 1.0)",2,98.33333333333331,10486
"(0.85, 1.0)",1,98.33333333333331,10487
"(0.6944444444444444, 1.0)",1,98.33333333333331,10488
"(0.7833333333333333, 1.0)",1,98.33333333333331,10489
"(0.9458333333333332, 0.9916666666666668)",1,98.3333333333333,10490
"(0.9208333333333332, 0.9958333333333332)",1,98.33333333333326,10491
"(0.9583333333333334, 0.9958333333333332)",1,98.33333333333324,10492
"(0.8958333333333334, 0.9958333333333332)",1,98.32916666666664,10493
"(0.95, 0.9958333333333332)",1,98.32916666666664,10494
"(0.9041666666666668, 0.9958333333333332)",1,98.32916666666662,10495
"(0.8625, 0.9958333333333332)",1,98.32916666666662,10496
"(0.85, 0.9958333333333332)",1,98.32916666666657,10497
"(0.925, 0.9875)",1,98.32916666666648,10498
"(0.8488372093023255, 1.0)",1,98.32558139534888,10499
"(0.8372093023255814, 1.0)",1,98.32558139534883,10500
"(0.9375, 0.9958333333333332)",1,98.325,10501
"(0.9416666666666668, 0.9833333333333332)",1,98.325,10502
"(0.8791666666666667, 0.9958333333333332)",1,98.32499999999996,10503
"(0.8875, 0.9916666666666668)",1,98.32499999999996,10504
"(0.9166666666666666, 0.9958333333333332)",1,98.32499999999987,10505
"(0.9416666666666668, 0.9875)",1,98.32499999999985,10506
"(0.9166666666666666, 0.9875)",1,98.32499999999985,10507
"(0.9791666666666666, 0.975)",1,98.32083333333335,10508
"(0.8541666666666666, 0.9958333333333332)",2,98.32083333333333,10510
"(0.9833333333333332, 0.9833333333333332)",1,98.32083333333324,10511
"(0.9291666666666668, 0.9958333333333332)",1,98.32083333333324,10512
"(0.9027777777777778, 0.9861111111111112)",1,98.31944444444464,10513
"(0.8333333333333334, 1.0)",1,98.31944444444456,10514
"(0.75, 0.9861111111111112)",1,98.31944444444451,10515
"(0.8472222222222222, 1.0)",2,98.3194444444445,10517
"(0.8333333333333334, 1.0)",1,98.31944444444446,10518
"(0.8611111111111112, 1.0)",1,98.31944444444446,10519
"(0.6805555555555556, 1.0)",1,98.31944444444444,10520
"(0.7083333333333334, 1.0)",1,98.31944444444444,10521
"(0.9305555555555556, 1.0)",1,98.31944444444444,10522
"(0.6944444444444444, 1.0)",1,98.31944444444444,10523
"(0.9166666666666666, 1.0)",1,98.31666666666672,10524
"(0.7333333333333333, 1.0)",1,98.31666666666672,10525
"(0.9, 0.9666666666666668)",1,98.31666666666672,10526
"(0.8333333333333334, 0.9833333333333332)",1,98.31666666666672,10527
"(0.8666666666666667, 1.0)",1,98.31666666666672,10528
"(1.0, 1.0)",1,98.3166666666667,10529
"(0.9166666666666666, 1.0)",1,98.3166666666667,10530
"(0.8333333333333334, 0.9833333333333332)",1,98.3166666666667,10531
"(0.9166666666666666, 0.9666666666666668)",1,98.3166666666667,10532
"(0.8666666666666667, 1.0)",2,98.3166666666667,10534
"(0.95, 1.0)",1,98.3166666666667,10535
"(0.8666666666666667, 1.0)",1,98.31666666666668,10536
"(0.85, 1.0)",1,98.31666666666668,10537
"(0.8833333333333333, 1.0)",2,98.31666666666668,10539
"(0.8333333333333334, 1.0)",1,98.31666666666668,10540
"(0.9333333333333332, 1.0)",1,98.31666666666668,10541
"(0.85, 0.9958333333333332)",1,98.31666666666668,10542
"(0.75, 1.0)",1,98.31666666666668,10543
"(0.85, 1.0)",1,98.31666666666668,10544
"(0.8333333333333334, 1.0)",1,98.31666666666668,10545
"(0.7333333333333333, 1.0)",1,98.31666666666668,10546
"(0.7333333333333333, 1.0)",1,98.31666666666668,10547
"(0.9833333333333332, 1.0)",2,98.31666666666666,10549
"(0.7666666666666667, 1.0)",1,98.31666666666666,10550
"(1.0, 1.0)",8,98.31666666666666,10558
"(0.8833333333333333, 1.0)",1,98.31666666666666,10559
"(0.9666666666666668, 1.0)",1,98.31666666666666,10560
"(0.9, 1.0)",2,98.31666666666666,10562
"(0.95, 1.0)",1,98.31666666666666,10563
"(0.6666666666666666, 1.0)",1,98.31666666666666,10564
"(0.8166666666666667, 1.0)",1,98.31666666666666,10565
"(0.8, 1.0)",2,98.31666666666666,10567
"(0.9166666666666666, 1.0)",1,98.31666666666666,10568
"(0.8666666666666667, 1.0)",1,98.31666666666666,10569
"(0.9541666666666668, 0.9958333333333332)",1,98.31666666666663,10570
"(0.85, 0.9958333333333332)",1,98.31666666666663,10571
"(0.8833333333333333, 0.9916666666666668)",1,98.31666666666663,10572
"(0.9, 0.9916666666666668)",1,98.31666666666658,10573
"(0.9291666666666668, 0.9875)",1,98.31666666666656,10574
"(0.9541666666666668, 0.9875)",1,98.31666666666656,10575
"(0.9291666666666668, 0.9875)",1,98.31666666666656,10576
"(0.9166666666666666, 0.9875)",1,98.3166666666665,10577
"(0.872093023255814, 1.0)",1,98.31395348837218,10578
"(0.7906976744186046, 1.0)",1,98.31395348837214,10579
"(0.8837209302325582, 0.9883720930232558)",1,98.31395348837214,10580
"(0.9375, 0.9958333333333332)",1,98.31249999999994,10581
"(0.85, 0.9916666666666668)",1,98.31249999999984,10582
"(0.9875, 0.9708333333333332)",1,98.30833333333324,10583
"(0.9083333333333332, 0.9916666666666668)",1,98.30833333333324,10584
"(0.8541666666666666, 0.9958333333333332)",1,98.30833333333324,10585
"(0.9375, 0.9916666666666668)",1,98.30833333333322,10586
"(0.925, 0.9875)",1,98.30833333333317,10587
"(0.9, 0.9916666666666668)",1,98.30833333333314,10588
"(0.9305555555555556, 0.9861111111111112)",1,98.30555555555576,10589
"(0.9027777777777778, 1.0)",1,98.30555555555571,10590
"(0.9444444444444444, 1.0)",1,98.30555555555571,10591
"(0.7638888888888888, 1.0)",1,98.30555555555556,10592
"(0.8333333333333334, 1.0)",1,98.30555555555556,10593
"(0.8333333333333334, 1.0)",1,98.30555555555556,10594
"(0.8472222222222222, 1.0)",1,98.30555555555556,10595
"(0.9208333333333332, 0.9791666666666666)",1,98.30416666666667,10596
"(0.8791666666666667, 0.9916666666666668)",1,98.30416666666665,10597
"(0.8666666666666667, 0.9958333333333332)",1,98.30416666666665,10598
"(0.9333333333333332, 0.9958333333333332)",1,98.3041666666666,10599
"(0.8916666666666667, 0.9875)",1,98.30416666666656,10600
"(0.875, 0.9875)",1,98.30416666666656,10601
"(0.9208333333333332, 0.9875)",1,98.30416666666656,10602
"(0.9375, 0.9875)",1,98.30416666666652,10603
"(0.9302325581395348, 1.0)",1,98.3023255813954,10604
"(0.8837209302325582, 0.9767441860465116)",1,98.3023255813954,10605
"(0.8023255813953488, 1.0)",1,98.30232558139537,10606
"(0.7906976744186046, 1.0)",1,98.30232558139537,10607
"(0.8, 1.0)",1,98.30000000000004,10608
"(0.85, 1.0)",1,98.30000000000004,10609
"(0.8, 0.9833333333333332)",1,98.30000000000004,10610
"(0.9166666666666666, 1.0)",1,98.30000000000004,10611
"(0.8833333333333333, 0.9833333333333332)",2,98.30000000000004,10613
"(1.0, 0.9833333333333332)",1,98.30000000000004,10614
"(0.8833333333333333, 1.0)",1,98.30000000000004,10615
"(0.85, 0.95)",1,98.30000000000004,10616
"(0.9666666666666668, 0.9833333333333332)",1,98.30000000000004,10617
"(0.8666666666666667, 1.0)",1,98.30000000000004,10618
"(0.9333333333333332, 1.0)",1,98.30000000000004,10619
"(0.7333333333333333, 1.0)",1,98.3,10620
"(0.8166666666666667, 1.0)",2,98.3,10622
"(0.8666666666666667, 1.0)",1,98.3,10623
"(0.9, 1.0)",1,98.3,10624
"(0.9166666666666666, 1.0)",2,98.3,10626
"(0.7333333333333333, 1.0)",1,98.3,10627
"(0.75, 1.0)",1,98.3,10628
"(0.95, 1.0)",1,98.3,10629
"(0.6833333333333333, 1.0)",1,98.3,10630
"(1.0, 1.0)",3,98.3,10633
"(0.9, 1.0)",1,98.3,10634
"(0.8666666666666667, 1.0)",1,98.3,10635
"(0.9833333333333332, 1.0)",1,98.3,10636
"(0.8833333333333333, 1.0)",4,98.3,10640
"(1.0, 1.0)",1,98.3,10641
"(0.7833333333333333, 1.0)",1,98.3,10642
"(0.9666666666666668, 1.0)",1,98.3,10643
"(0.975, 0.9958333333333332)",1,98.29999999999995,10644
"(0.8916666666666667, 0.9958333333333332)",1,98.29999999999993,10645
"(0.9375, 0.9916666666666668)",1,98.29999999999993,10646
"(0.875, 0.9958333333333332)",1,98.2999999999999,10647
"(0.9208333333333332, 0.9958333333333332)",1,98.29999999999988,10648
"(0.9625, 0.9958333333333332)",1,98.29999999999986,10649
"(0.9291666666666668, 0.9958333333333332)",1,98.29999999999986,10650
"(0.9625, 0.9916666666666668)",1,98.29999999999986,10651
"(0.9208333333333332, 0.9875)",1,98.29999999999984,10652
"(0.9125, 0.9875)",1,98.29999999999984,10653
"(0.8541666666666666, 0.9916666666666668)",1,98.2999999999998,10654
"(0.9791666666666666, 0.9833333333333332)",1,98.29999999999976,10655
"(0.9125, 0.9875)",1,98.29583333333323,10656
"(0.9333333333333332, 0.9916666666666668)",1,98.29583333333322,10657
"(0.85, 0.9916666666666668)",1,98.2958333333332,10658
"(0.975, 0.9916666666666668)",1,98.29583333333318,10659
"(0.9125, 0.9916666666666668)",1,98.29583333333316,10660
"(0.9305555555555556, 0.9861111111111112)",1,98.29166666666684,10661
"(0.8611111111111112, 0.9861111111111112)",1,98.29166666666671,10662
"(0.7777777777777778, 1.0)",1,98.29166666666671,10663
"(0.8888888888888888, 1.0)",1,98.2916666666667,10664
"(0.875, 1.0)",1,98.29166666666669,10665
"(0.9166666666666666, 1.0)",2,98.29166666666669,10667
"(0.9305555555555556, 1.0)",1,98.29166666666669,10668
"(0.9625, 0.9958333333333332)",1,98.29166666666666,10669
"(0.95, 0.9958333333333332)",1,98.2916666666666,10670
"(0.95, 0.9916666666666668)",1,98.2916666666666,10671
"(0.9916666666666668, 0.9916666666666668)",1,98.2916666666666,10672
"(0.9208333333333332, 0.975)",1,98.2916666666666,10673
"(0.95, 0.9958333333333332)",1,98.29166666666656,10674
"(0.9333333333333332, 0.9916666666666668)",1,98.29166666666656,10675
"(0.9, 0.9875)",2,98.29166666666654,10677
"(0.9375, 0.9875)",1,98.29166666666654,10678
"(0.9416666666666668, 0.9916666666666668)",1,98.29166666666652,10679
"(0.7674418604651163, 1.0)",1,98.29069767441864,10680
"(0.5930232558139535, 1.0)",1,98.29069767441862,10681
"(0.7674418604651163, 1.0)",1,98.29069767441862,10682
"(0.6162790697674418, 1.0)",1,98.29069767441862,10683
"(0.9666666666666668, 0.9958333333333332)",1,98.28750000000008,10684
"(0.9541666666666668, 0.9875)",1,98.28749999999984,10685
"(0.9083333333333332, 0.9916666666666668)",1,98.28749999999977,10686
"(1.0, 1.0)",1,98.2833333333334,10687
"(0.8333333333333334, 1.0)",1,98.2833333333334,10688
"(0.9166666666666666, 1.0)",1,98.2833333333334,10689
"(0.8833333333333333, 1.0)",2,98.2833333333334,10691
"(0.8833333333333333, 0.9833333333333332)",2,98.2833333333334,10693
"(0.9, 1.0)",1,98.2833333333334,10694
"(0.8333333333333334, 0.9666666666666668)",1,98.2833333333334,10695
"(0.9, 0.9666666666666668)",1,98.28333333333336,10696
"(1.0, 1.0)",1,98.28333333333336,10697
"(0.9291666666666668, 0.9958333333333332)",1,98.28333333333336,10698
"(0.9166666666666666, 1.0)",3,98.28333333333336,10701
"(0.7833333333333333, 1.0)",1,98.28333333333336,10702
"(0.7166666666666667, 1.0)",1,98.28333333333336,10703
"(0.75, 1.0)",2,98.28333333333336,10705
"(0.9, 1.0)",2,98.28333333333336,10707
"(0.8666666666666667, 1.0)",2,98.28333333333336,10709
"(0.9, 1.0)",2,98.28333333333336,10711
"(0.8333333333333334, 1.0)",1,98.28333333333336,10712
"(0.95, 1.0)",1,98.28333333333336,10713
"(0.6666666666666666, 1.0)",1,98.28333333333336,10714
"(0.8333333333333334, 1.0)",2,98.28333333333336,10716
"(0.9833333333333332, 1.0)",1,98.28333333333336,10717
"(0.7333333333333333, 1.0)",2,98.28333333333336,10719
"(0.75, 1.0)",1,98.28333333333336,10720
"(1.0, 1.0)",2,98.28333333333332,10722
"(0.9333333333333332, 1.0)",2,98.28333333333332,10724
"(0.8333333333333334, 1.0)",2,98.28333333333332,10726
"(0.8666666666666667, 1.0)",2,98.28333333333332,10728
"(0.85, 0.9916666666666668)",1,98.28333333333332,10729
"(0.9, 1.0)",1,98.28333333333332,10730
"(0.9833333333333332, 1.0)",2,98.28333333333332,10732
"(0.9166666666666666, 1.0)",2,98.28333333333332,10734
"(0.7333333333333333, 1.0)",1,98.28333333333332,10735
"(0.8166666666666667, 1.0)",2,98.28333333333332,10737
"(0.9666666666666668, 1.0)",2,98.28333333333332,10739
"(0.9458333333333332, 0.9833333333333332)",1,98.28333333333332,10740
"(0.9375, 0.9916666666666668)",1,98.28333333333326,10741
"(0.9833333333333332, 0.9875)",1,98.28333333333325,10742
"(0.8833333333333333, 0.9875)",1,98.2833333333332,10743
"(0.9625, 0.9875)",1,98.2833333333332,10744
"(0.9416666666666668, 0.9875)",1,98.2833333333332,10745
"(0.8958333333333334, 0.9875)",1,98.2833333333332,10746
"(0.9208333333333332, 0.9958333333333332)",1,98.2833333333332,10747
"(0.9291666666666668, 0.9958333333333332)",1,98.2833333333332,10748
"(0.95, 0.9875)",1,98.28333333333316,10749
"(0.8666666666666667, 0.9916666666666668)",1,98.27916666666664,10750
"(0.9833333333333332, 0.9916666666666668)",2,98.27916666666664,10752
"(0.9375, 0.9958333333333332)",1,98.2791666666666,10753
"(0.9041666666666668, 0.9833333333333332)",1,98.27916666666658,10754
"(0.9791666666666666, 0.9916666666666668)",1,98.27916666666655,10755
"(0.9541666666666668, 0.9875)",1,98.27916666666655,10756
"(0.9875, 0.9916666666666668)",1,98.27916666666655,10757
"(0.95, 0.9958333333333332)",1,98.27916666666653,10758
"(0.8023255813953488, 1.0)",1,98.2790697674419,10759
"(0.9444444444444444, 0.9861111111111112)",1,98.27777777777796,10760
"(0.9166666666666666, 0.9861111111111112)",2,98.27777777777786,10762
"(0.6944444444444444, 1.0)",1,98.27777777777784,10763
"(0.9027777777777778, 1.0)",1,98.2777777777778,10764
"(0.8055555555555556, 1.0)",1,98.2777777777778,10765
"(0.8333333333333334, 1.0)",1,98.2777777777778,10766
"(0.9916666666666668, 0.9833333333333332)",1,98.275,10767
"(0.975, 0.9958333333333332)",1,98.275,10768
"(0.9041666666666668, 0.9916666666666668)",1,98.27499999999998,10769
"(0.9, 0.9916666666666668)",1,98.27499999999992,10770
"(0.95, 0.9875)",1,98.27499999999992,10771
"(0.95, 0.9916666666666668)",1,98.27499999999992,10772
"(0.95, 0.9833333333333332)",2,98.27499999999992,10774
"(0.9291666666666668, 0.9875)",1,98.27499999999988,10775
"(0.9333333333333332, 0.9916666666666668)",1,98.27499999999988,10776
"(0.8625, 0.9916666666666668)",1,98.27499999999986,10777
"(0.9291666666666668, 0.9875)",1,98.27499999999986,10778
"(0.9375, 0.9916666666666668)",1,98.27499999999986,10779
"(0.9375, 0.9916666666666668)",1,98.27499999999984,10780
"(0.8958333333333334, 0.9875)",1,98.27499999999982,10781
"(0.975, 0.9916666666666668)",1,98.2749999999998,10782
"(0.9875, 0.9791666666666666)",1,98.2708333333334,10783
"(0.9375, 0.9958333333333332)",1,98.2708333333333,10784
"(0.9375, 0.9916666666666668)",1,98.27083333333329,10785
"(0.9375, 0.9958333333333332)",1,98.27083333333329,10786
"(0.925, 0.9958333333333332)",1,98.27083333333324,10787
"(0.9875, 0.9791666666666666)",1,98.27083333333324,10788
"(0.9583333333333334, 0.9875)",1,98.2708333333332,10789
"(0.9875, 0.9916666666666668)",1,98.2708333333332,10790
"(0.8666666666666667, 0.9916666666666668)",1,98.2708333333332,10791
"(0.9375, 0.9958333333333332)",1,98.2708333333332,10792
"(0.9166666666666666, 0.9875)",1,98.27083333333316,10793
"(0.9208333333333332, 0.9916666666666668)",2,98.27083333333316,10795
"(0.6162790697674418, 1.0)",1,98.26744186046515,10796
"(0.8255813953488372, 0.9883720930232558)",1,98.26744186046515,10797
"(0.8953488372093024, 1.0)",1,98.26744186046514,10798
"(0.8488372093023255, 1.0)",1,98.26744186046514,10799
"(0.9534883720930232, 1.0)",1,98.26744186046514,10800
"(0.9375, 0.9958333333333332)",1,98.26666666666672,10801
"(0.9, 0.9833333333333332)",1,98.26666666666672,10802
"(0.8833333333333333, 1.0)",1,98.26666666666672,10803
"(0.8333333333333334, 1.0)",1,98.26666666666672,10804
"(0.9833333333333332, 1.0)",1,98.2666666666667,10805
"(0.8, 1.0)",1,98.2666666666667,10806
"(0.8833333333333333, 1.0)",1,98.2666666666667,10807
"(0.8666666666666667, 1.0)",1,98.2666666666667,10808
"(0.7833333333333333, 1.0)",1,98.2666666666667,10809
"(0.75, 1.0)",1,98.2666666666667,10810
"(0.9666666666666668, 1.0)",5,98.26666666666668,10815
"(0.7166666666666667, 1.0)",2,98.26666666666668,10817
"(0.9833333333333332, 1.0)",2,98.26666666666668,10819
"(0.8166666666666667, 1.0)",4,98.26666666666668,10823
"(0.85, 1.0)",6,98.26666666666668,10829
"(1.0, 1.0)",6,98.26666666666668,10835
"(0.8666666666666667, 1.0)",2,98.26666666666668,10837
"(0.8833333333333333, 1.0)",6,98.26666666666668,10843
"(0.9833333333333332, 1.0)",1,98.26666666666668,10844
"(0.9333333333333332, 1.0)",1,98.26666666666668,10845
"(0.7666666666666667, 1.0)",2,98.26666666666668,10847
"(0.9, 1.0)",2,98.26666666666668,10849
"(0.9666666666666668, 1.0)",1,98.26666666666668,10850
"(0.7, 1.0)",1,98.26666666666668,10851
"(0.95, 1.0)",1,98.26666666666668,10852
"(1.0, 1.0)",1,98.26666666666664,10853
"(0.7666666666666667, 1.0)",1,98.26666666666664,10854
"(0.9916666666666668, 0.9916666666666668)",1,98.26666666666664,10855
"(0.9083333333333332, 0.9875)",1,98.26666666666662,10856
"(0.8791666666666667, 0.9958333333333332)",1,98.26666666666658,10857
"(0.8833333333333333, 0.9875)",1,98.26666666666657,10858
"(0.875, 0.9958333333333332)",1,98.26666666666657,10859
"(0.95, 0.9875)",1,98.26666666666657,10860
"(0.9291666666666668, 0.9958333333333332)",1,98.26666666666654,10861
"(0.925, 0.9958333333333332)",1,98.26666666666652,10862
"(0.9166666666666666, 0.9875)",1,98.26666666666652,10863
"(0.9208333333333332, 0.9875)",1,98.2666666666665,10864
"(0.9166666666666666, 0.9861111111111112)",1,98.26388888888908,10865
"(0.8333333333333334, 1.0)",3,98.26388888888891,10868
"(0.9027777777777778, 1.0)",1,98.26388888888891,10869
"(0.7222222222222222, 1.0)",1,98.2638888888889,10870
"(0.7777777777777778, 1.0)",1,98.26388888888889,10871
"(0.8791666666666667, 0.9958333333333332)",1,98.26250000000005,10872
"(0.8666666666666667, 0.9958333333333332)",1,98.2625,10873
"(1.0, 0.9833333333333332)",1,98.26249999999996,10874
"(0.9875, 0.9958333333333332)",1,98.26249999999996,10875
"(0.9375, 0.9958333333333332)",2,98.26249999999992,10877
"(0.9, 0.9875)",1,98.2624999999999,10878
"(0.8791666666666667, 0.9875)",1,98.2624999999999,10879
"(0.9291666666666668, 0.9958333333333332)",1,98.26249999999987,10880
"(0.9416666666666668, 0.9875)",1,98.26249999999987,10881
"(0.8958333333333334, 0.9916666666666668)",1,98.26249999999987,10882
"(0.9375, 0.9916666666666668)",1,98.26249999999985,10883
"(0.9333333333333332, 0.9875)",1,98.26249999999985,10884
"(0.9, 0.9958333333333332)",1,98.25833333333338,10885
"(0.8541666666666666, 0.9958333333333332)",1,98.25833333333328,10886
"(0.9083333333333332, 0.9875)",1,98.25833333333324,10887
"(0.875, 0.9958333333333332)",1,98.25833333333324,10888
"(0.9833333333333332, 0.9958333333333332)",1,98.25833333333324,10889
"(0.6162790697674418, 0.9883720930232558)",1,98.25581395348844,10890
"(0.9186046511627908, 1.0)",1,98.2558139534884,10891
"(0.7441860465116279, 0.9883720930232558)",1,98.2558139534884,10892
"(0.6162790697674418, 1.0)",1,98.2558139534884,10893
"(0.7441860465116279, 0.9883720930232558)",1,98.25581395348838,10894
"(0.975, 0.9958333333333332)",1,98.25416666666666,10895
"(0.9208333333333332, 0.9875)",2,98.25416666666662,10897
"(0.9125, 0.9958333333333332)",1,98.2541666666666,10898
"(0.8666666666666667, 0.9958333333333332)",1,98.25416666666658,10899
"(0.8375, 0.9958333333333332)",1,98.25416666666656,10900
"(0.8125, 0.9833333333333332)",1,98.25416666666656,10901
"(0.8541666666666666, 0.9916666666666668)",1,98.25416666666652,10902
"(0.975, 0.9916666666666668)",1,98.25416666666648,10903
"(0.9125, 0.9916666666666668)",1,98.25416666666648,10904
"(0.7638888888888888, 0.9861111111111112)",2,98.2500000000002,10906
"(0.9444444444444444, 0.9861111111111112)",1,98.2500000000002,10907
"(1.0, 0.9833333333333332)",1,98.25000000000009,10908
"(0.7166666666666667, 1.0)",1,98.25000000000006,10909
"(0.9166666666666666, 0.9833333333333332)",2,98.25000000000006,10911
"(0.8, 0.9833333333333332)",1,98.25000000000006,10912
"(0.8333333333333334, 1.0)",1,98.25000000000004,10913
"(0.8333333333333334, 0.9833333333333332)",1,98.25000000000004,10914
"(0.8611111111111112, 1.0)",1,98.25000000000004,10915
"(0.7638888888888888, 1.0)",1,98.25000000000004,10916
"(0.8666666666666667, 1.0)",2,98.25000000000004,10918
"(0.9, 1.0)",1,98.25000000000004,10919
"(0.9, 1.0)",4,98.25000000000004,10923
"(0.8166666666666667, 1.0)",1,98.25000000000004,10924
"(0.75, 1.0)",1,98.25000000000004,10925
"(0.95, 1.0)",1,98.25000000000004,10926
"(0.9833333333333332, 1.0)",1,98.25000000000004,10927
"(0.95, 1.0)",4,98.25,10931
"(0.8472222222222222, 1.0)",1,98.25,10932
"(0.85, 1.0)",6,98.25,10938
"(0.8166666666666667, 1.0)",2,98.25,10940
"(0.8791666666666667, 0.9958333333333332)",1,98.25,10941
"(0.8333333333333334, 1.0)",1,98.25,10942
"(0.8666666666666667, 1.0)",1,98.25,10943
"(0.9833333333333332, 1.0)",1,98.25,10944
"(0.9666666666666668, 1.0)",1,98.25,10945
"(0.8333333333333334, 1.0)",1,98.25,10946
"(0.9166666666666666, 1.0)",2,98.25,10948
"(1.0, 1.0)",4,98.25,10952
"(0.8833333333333333, 1.0)",3,98.25,10955
"(0.7638888888888888, 1.0)",1,98.25,10956
"(0.9027777777777778, 1.0)",1,98.25,10957
"(0.9333333333333332, 1.0)",1,98.25,10958
"(0.6833333333333333, 1.0)",1,98.25,10959
"(0.75, 1.0)",3,98.25,10962
"(0.8666666666666667, 1.0)",1,98.25,10963
"(0.7, 1.0)",1,98.25,10964
"(0.8791666666666667, 0.9958333333333332)",1,98.24999999999996,10965
"(0.9583333333333334, 0.9916666666666668)",1,98.24999999999991,10966
"(0.9083333333333332, 0.9916666666666668)",1,98.24999999999991,10967
"(0.9833333333333332, 0.9875)",1,98.2499999999999,10968
"(0.9375, 0.9958333333333332)",1,98.24999999999989,10969
"(0.9125, 0.9875)",1,98.24999999999984,10970
"(0.95, 0.9875)",2,98.24999999999976,10972
"(0.875, 0.9958333333333332)",2,98.24583333333328,10974
"(0.9625, 0.9875)",1,98.24583333333322,10975
"(0.9125, 0.9875)",1,98.24583333333322,10976
"(0.925, 0.9875)",2,98.24583333333317,10978
"(0.9458333333333332, 0.9875)",1,98.24583333333312,10979
"(0.9186046511627908, 1.0)",1,98.24418604651169,10980
"(0.4883720930232558, 0.9883720930232558)",1,98.24418604651169,10981
"(0.7674418604651163, 1.0)",1,98.24418604651166,10982
"(0.5930232558139535, 1.0)",1,98.24418604651166,10983
"(0.8166666666666667, 0.9958333333333332)",1,98.2416666666667,10984
"(0.9125, 0.9916666666666668)",1,98.2416666666666,10985
"(0.9041666666666668, 0.9958333333333332)",2,98.24166666666656,10987
"(0.9125, 0.9875)",1,98.24166666666652,10988
"(0.975, 0.9916666666666668)",1,98.24166666666652,10989
"(0.8958333333333334, 0.9916666666666668)",1,98.23749999999993,10990
"(0.9375, 0.9875)",1,98.23749999999988,10991
"(0.925, 0.9875)",1,98.23749999999986,10992
"(0.9375, 0.9875)",1,98.23749999999986,10993
"(0.9208333333333332, 0.9875)",1,98.23749999999986,10994
"(0.9375, 0.9916666666666668)",1,98.2374999999998,10995
"(0.7638888888888888, 0.9861111111111112)",1,98.23611111111128,10996
"(0.9444444444444444, 0.9861111111111112)",2,98.23611111111128,10998
"(0.7777777777777778, 1.0)",1,98.23611111111124,10999
"(0.875, 1.0)",1,98.23611111111116,11000
"(0.9305555555555556, 1.0)",1,98.23611111111116,11001
"(0.7777777777777778, 1.0)",1,98.23611111111114,11002
"(0.75, 1.0)",1,98.23611111111114,11003
"(0.9722222222222222, 1.0)",1,98.23611111111111,11004
"(0.7777777777777778, 0.9861111111111112)",1,98.23611111111111,11005
"(0.7638888888888888, 1.0)",1,98.23611111111111,11006
"(0.8194444444444444, 1.0)",1,98.23611111111111,11007
"(0.8611111111111112, 1.0)",1,98.23611111111111,11008
"(0.9166666666666666, 0.9861111111111112)",1,98.23611111111111,11009
"(0.8333333333333334, 1.0)",1,98.2333333333334,11010
"(0.9166666666666666, 1.0)",1,98.2333333333334,11011
"(0.8916666666666667, 0.9958333333333332)",2,98.23333333333338,11013
"(0.8166666666666667, 1.0)",1,98.23333333333338,11014
"(0.9333333333333332, 1.0)",1,98.23333333333338,11015
"(0.8333333333333334, 1.0)",1,98.23333333333338,11016
"(0.85, 1.0)",1,98.23333333333336,11017
"(0.8666666666666667, 1.0)",1,98.23333333333336,11018
"(0.9, 1.0)",3,98.23333333333336,11021
"(0.75, 1.0)",2,98.23333333333336,11023
"(0.9333333333333332, 1.0)",1,98.23333333333336,11024
"(0.8833333333333333, 1.0)",1,98.23333333333336,11025
"(0.75, 1.0)",1,98.23333333333336,11026
"(0.5333333333333333, 1.0)",1,98.23333333333336,11027
"(0.9833333333333332, 1.0)",3,98.23333333333336,11030
"(0.7166666666666667, 1.0)",1,98.23333333333336,11031
"(0.8333333333333334, 1.0)",3,98.23333333333336,11034
"(0.8833333333333333, 1.0)",2,98.23333333333336,11036
"(0.8166666666666667, 1.0)",1,98.23333333333336,11037
"(0.8833333333333333, 1.0)",2,98.23333333333332,11039
"(0.8333333333333334, 1.0)",1,98.23333333333332,11040
"(0.8666666666666667, 1.0)",1,98.23333333333332,11041
"(0.7166666666666667, 1.0)",3,98.23333333333332,11044
"(1.0, 1.0)",2,98.23333333333332,11046
"(0.85, 1.0)",1,98.23333333333332,11047
"(0.8833333333333333, 1.0)",1,98.23333333333332,11048
"(0.6666666666666666, 1.0)",1,98.23333333333332,11049
"(0.8166666666666667, 1.0)",3,98.23333333333332,11052
"(0.9833333333333332, 1.0)",2,98.23333333333332,11054
"(0.9166666666666666, 1.0)",2,98.23333333333332,11056
"(0.9291666666666668, 1.0)",1,98.23333333333326,11057
"(0.925, 0.9916666666666668)",1,98.23333333333326,11058
"(0.9041666666666668, 0.9875)",2,98.23333333333323,11060
"(0.9083333333333332, 0.9916666666666668)",2,98.2333333333332,11062
"(0.7441860465116279, 0.9883720930232558)",2,98.23255813953492,11064
"(0.8255813953488372, 0.9883720930232558)",1,98.23255813953492,11065
"(0.9069767441860463, 1.0)",1,98.23255813953492,11066
"(0.8255813953488372, 1.0)",1,98.23255813953487,11067
"(0.9041666666666668, 0.9916666666666668)",1,98.2291666666666,11068
"(0.9875, 0.9916666666666668)",1,98.2291666666666,11069
"(0.95, 0.9541666666666668)",1,98.2291666666666,11070
"(0.9708333333333332, 0.9875)",1,98.22916666666654,11071
"(0.9375, 0.9875)",1,98.22916666666652,11072
"(0.9166666666666666, 0.9875)",1,98.2291666666665,11073
"(0.8541666666666666, 0.9958333333333332)",1,98.22499999999992,11074
"(0.9208333333333332, 0.9875)",1,98.22499999999988,11075
"(0.8833333333333333, 0.9875)",1,98.22499999999988,11076
"(0.9333333333333332, 0.9916666666666668)",1,98.22499999999984,11077
"(0.7638888888888888, 0.9861111111111112)",1,98.2222222222224,11078
"(0.9444444444444444, 0.9861111111111112)",1,98.2222222222224,11079
"(0.7638888888888888, 0.9861111111111112)",2,98.22222222222236,11081
"(0.9027777777777778, 1.0)",1,98.22222222222231,11082
"(0.7222222222222222, 1.0)",1,98.2222222222223,11083
"(0.9722222222222222, 1.0)",1,98.22222222222226,11084
"(0.8611111111111112, 1.0)",1,98.22222222222224,11085
"(0.875, 1.0)",1,98.22222222222224,11086
"(0.9305555555555556, 0.9861111111111112)",1,98.22222222222224,11087
"(0.75, 1.0)",1,98.22222222222224,11088
"(0.7638888888888888, 1.0)",1,98.22222222222224,11089
"(0.9305555555555556, 1.0)",1,98.2222222222222,11090
"(0.7674418604651163, 1.0)",1,98.2209302325582,11091
"(0.872093023255814, 0.9883720930232558)",1,98.22093023255816,11092
"(0.8255813953488372, 1.0)",1,98.22093023255816,11093
"(0.7674418604651163, 1.0)",1,98.22093023255816,11094
"(0.813953488372093, 1.0)",1,98.22093023255816,11095
"(0.9625, 0.9958333333333332)",1,98.2208333333333,11096
"(0.9291666666666668, 0.9916666666666668)",1,98.22083333333327,11097
"(0.8625, 0.9916666666666668)",1,98.22083333333325,11098
"(0.9541666666666668, 0.9916666666666668)",1,98.22083333333322,11099
"(0.8, 1.0)",1,98.21666666666673,11100
"(0.8833333333333333, 1.0)",1,98.21666666666673,11101
"(0.8666666666666667, 1.0)",1,98.21666666666673,11102
"(0.9166666666666666, 1.0)",1,98.2166666666667,11103
"(0.8166666666666667, 1.0)",1,98.2166666666667,11104
"(0.7166666666666667, 1.0)",3,98.21666666666668,11107
"(0.9, 1.0)",4,98.21666666666668,11111
"(0.8, 1.0)",1,98.21666666666668,11112
"(0.8333333333333334, 1.0)",1,98.21666666666668,11113
"(0.75, 1.0)",2,98.21666666666668,11115
"(0.7666666666666667, 1.0)",1,98.21666666666668,11116
"(0.7833333333333333, 1.0)",2,98.21666666666668,11118
"(0.8833333333333333, 1.0)",2,98.21666666666668,11120
"(0.9333333333333332, 1.0)",1,98.21666666666668,11121
"(0.9583333333333334, 0.9958333333333332)",1,98.21666666666668,11122
"(0.9166666666666666, 1.0)",1,98.21666666666668,11123
"(0.8166666666666667, 1.0)",1,98.21666666666668,11124
"(0.8666666666666667, 1.0)",3,98.21666666666668,11127
"(0.8833333333333333, 1.0)",1,98.21666666666668,11128
"(1.0, 1.0)",1,98.21666666666668,11129
"(0.9333333333333332, 1.0)",1,98.21666666666668,11130
"(0.85, 1.0)",1,98.21666666666668,11131
"(0.9833333333333332, 1.0)",1,98.21666666666668,11132
"(0.7333333333333333, 1.0)",1,98.21666666666668,11133
"(0.9833333333333332, 1.0)",1,98.21666666666668,11134
"(0.9625, 0.9916666666666668)",1,98.2166666666666,11135
"(0.95, 0.9916666666666668)",1,98.21666666666655,11136
"(0.925, 0.9875)",1,98.21666666666654,11137
"(0.9416666666666668, 0.9875)",1,98.21666666666653,11138
"(0.8666666666666667, 0.9958333333333332)",1,98.21249999999992,11139
"(0.9208333333333332, 0.9916666666666668)",1,98.21249999999992,11140
"(0.9875, 0.9791666666666666)",1,98.2124999999999,11141
"(0.9333333333333332, 0.9958333333333332)",1,98.21249999999988,11142
"(0.9125, 0.9875)",1,98.21249999999988,11143
"(0.9291666666666668, 0.9916666666666668)",1,98.21249999999988,11144
"(0.9375, 0.9916666666666668)",1,98.21249999999982,11145
"(0.9186046511627908, 1.0)",1,98.20930232558143,11146
"(0.8837209302325582, 1.0)",1,98.20930232558142,11147
"(0.7674418604651163, 1.0)",2,98.2093023255814,11149
"(0.8472222222222222, 0.9861111111111112)",1,98.20833333333351,11150
"(0.7361111111111112, 0.9861111111111112)",1,98.2083333333335,11151
"(0.8888888888888888, 0.9861111111111112)",2,98.20833333333348,11153
"(0.7777777777777778, 1.0)",1,98.20833333333348,11154
"(0.875, 0.9861111111111112)",2,98.20833333333346,11156
"(0.9444444444444444, 1.0)",1,98.20833333333336,11157
"(0.7777777777777778, 0.9861111111111112)",1,98.20833333333336,11158
"(0.8055555555555556, 1.0)",1,98.20833333333336,11159
"(0.8888888888888888, 1.0)",2,98.20833333333334,11161
"(0.9027777777777778, 1.0)",2,98.20833333333334,11163
"(0.7083333333333334, 1.0)",1,98.20833333333334,11164
"(0.7777777777777778, 1.0)",1,98.20833333333334,11165
"(0.7638888888888888, 1.0)",1,98.20833333333331,11166
"(0.8791666666666667, 0.9958333333333332)",1,98.20833333333331,11167
"(0.875, 0.9958333333333332)",1,98.2083333333333,11168
"(0.9625, 0.9958333333333332)",1,98.20833333333329,11169
"(0.9333333333333332, 0.9958333333333332)",1,98.2083333333332,11170
"(0.85, 0.9916666666666668)",2,98.20833333333314,11172
"(0.9, 0.9958333333333332)",1,98.20416666666662,11173
"(0.95, 0.9958333333333332)",1,98.20416666666657,11174
"(0.9, 0.9875)",1,98.20416666666654,11175
"(0.9125, 0.9875)",2,98.20416666666652,11177
"(0.9166666666666666, 0.9875)",2,98.20416666666652,11179
"(0.9625, 0.9875)",1,98.20416666666652,11180
"(0.9666666666666668, 1.0)",1,98.20000000000006,11181
"(0.9166666666666666, 0.9833333333333332)",1,98.20000000000006,11182
"(0.7333333333333333, 1.0)",1,98.20000000000005,11183
"(0.8833333333333333, 1.0)",2,98.20000000000005,11185
"(0.8, 1.0)",2,98.20000000000005,11187
"(0.9166666666666666, 1.0)",2,98.20000000000005,11189
"(0.9, 1.0)",1,98.20000000000005,11190
"(0.9333333333333332, 1.0)",2,98.20000000000005,11192
"(0.9416666666666668, 0.9958333333333332)",1,98.20000000000005,11193
"(0.9666666666666668, 1.0)",2,98.20000000000005,11195
"(0.9, 1.0)",1,98.20000000000005,11196
"(1.0, 1.0)",2,98.20000000000002,11198
"(0.75, 1.0)",2,98.20000000000002,11200
"(0.8833333333333333, 1.0)",1,98.20000000000002,11201
"(0.85, 1.0)",1,98.20000000000002,11202
"(0.9333333333333332, 1.0)",1,98.20000000000002,11203
"(0.7333333333333333, 1.0)",2,98.20000000000002,11205
"(0.8666666666666667, 1.0)",3,98.20000000000002,11208
"(0.7166666666666667, 1.0)",1,98.2,11209
"(0.8, 1.0)",1,98.2,11210
"(1.0, 1.0)",1,98.2,11211
"(0.9333333333333332, 1.0)",1,98.2,11212
"(0.6833333333333333, 1.0)",2,98.2,11214
"(1.0, 1.0)",1,98.2,11215
"(0.9666666666666668, 1.0)",1,98.2,11216
"(0.8833333333333333, 1.0)",2,98.2,11218
"(0.7, 1.0)",1,98.2,11219
"(0.8166666666666667, 1.0)",2,98.2,11221
"(0.9666666666666668, 1.0)",2,98.2,11223
"(0.75, 1.0)",1,98.2,11224
"(0.85, 1.0)",2,98.2,11226
"(0.8333333333333334, 1.0)",3,98.2,11229
"(0.9166666666666666, 1.0)",1,98.2,11230
"(0.9833333333333332, 1.0)",2,98.2,11232
"(0.9333333333333332, 1.0)",1,98.2,11233
"(0.9416666666666668, 0.9875)",1,98.1999999999999,11234
"(0.8916666666666667, 0.9875)",1,98.19999999999987,11235
"(0.9208333333333332, 0.9916666666666668)",1,98.19999999999987,11236
"(0.9833333333333332, 0.9958333333333332)",1,98.19999999999987,11237
"(0.8625, 0.9958333333333332)",1,98.19999999999987,11238
"(0.9333333333333332, 0.9875)",1,98.19999999999985,11239
"(0.9875, 0.9916666666666668)",1,98.19999999999985,11240
"(0.9208333333333332, 0.9875)",1,98.19999999999982,11241
"(0.8372093023255814, 1.0)",1,98.1976744186047,11242
"(0.872093023255814, 1.0)",1,98.19767441860468,11243
"(0.7906976744186046, 0.9883720930232558)",2,98.19767441860468,11245
"(0.9186046511627908, 1.0)",1,98.19767441860466,11246
"(0.9791666666666666, 0.9875)",1,98.1958333333333,11247
"(0.8625, 0.9833333333333332)",1,98.1958333333333,11248
"(0.9583333333333334, 0.9958333333333332)",1,98.1958333333333,11249
"(0.9583333333333334, 0.9833333333333332)",1,98.19583333333328,11250
"(0.825, 0.9958333333333332)",1,98.19583333333324,11251
"(0.925, 0.9916666666666668)",1,98.19583333333324,11252
"(0.9375, 0.9958333333333332)",1,98.19583333333318,11253
"(0.9291666666666668, 0.9916666666666668)",1,98.19583333333316,11254
"(0.9291666666666668, 0.9875)",1,98.19583333333313,11255
"(0.8888888888888888, 0.9861111111111112)",4,98.19444444444464,11259
"(0.8611111111111112, 0.9861111111111112)",1,98.19444444444464,11260
"(0.9305555555555556, 0.9861111111111112)",1,98.19444444444458,11261
"(0.9166666666666666, 1.0)",1,98.19444444444449,11262
"(0.9027777777777778, 1.0)",1,98.19444444444449,11263
"(0.8333333333333334, 1.0)",2,98.19444444444449,11265
"(0.9027777777777778, 1.0)",1,98.19444444444446,11266
"(0.875, 1.0)",1,98.19444444444446,11267
"(0.9166666666666666, 0.9875)",1,98.1916666666666,11268
"(0.9208333333333332, 0.9916666666666668)",1,98.1916666666666,11269
"(0.9875, 0.9916666666666668)",2,98.1916666666666,11271
"(0.9791666666666666, 0.9958333333333332)",1,98.19166666666658,11272
"(0.9375, 0.9875)",1,98.19166666666656,11273
"(0.95, 0.9916666666666668)",1,98.19166666666646,11274
"(0.9333333333333332, 0.975)",1,98.18749999999996,11275
"(0.9666666666666668, 0.9791666666666666)",1,98.18749999999996,11276
"(0.8458333333333333, 0.9833333333333332)",1,98.18749999999986,11277
"(0.8625, 0.9958333333333332)",1,98.18749999999984,11278
"(0.9333333333333332, 0.9875)",1,98.18749999999984,11279
"(0.9875, 0.9916666666666668)",1,98.1874999999998,11280
"(0.7441860465116279, 1.0)",1,98.18604651162796,11281
"(0.6162790697674418, 0.9883720930232558)",1,98.18604651162796,11282
"(0.7441860465116279, 0.9883720930232558)",1,98.18604651162796,11283
"(0.8372093023255814, 1.0)",1,98.18604651162792,11284
"(0.9666666666666668, 1.0)",1,98.18333333333338,11285
"(0.9166666666666666, 0.9833333333333332)",2,98.18333333333338,11287
"(0.8666666666666667, 1.0)",2,98.18333333333338,11289
"(0.9333333333333332, 1.0)",1,98.18333333333337,11290
"(0.7833333333333333, 1.0)",2,98.18333333333337,11292
"(0.9166666666666666, 1.0)",1,98.18333333333337,11293
"(0.85, 1.0)",1,98.18333333333337,11294
"(0.8333333333333334, 1.0)",1,98.18333333333337,11295
"(0.8833333333333333, 1.0)",2,98.18333333333337,11297
"(1.0, 1.0)",1,98.18333333333337,11298
"(0.8833333333333333, 0.9916666666666668)",1,98.18333333333337,11299
"(0.9666666666666668, 1.0)",2,98.18333333333337,11301
"(0.85, 1.0)",4,98.18333333333334,11305
"(0.8666666666666667, 1.0)",2,98.18333333333334,11307
"(0.7333333333333333, 1.0)",2,98.18333333333334,11309
"(0.9833333333333332, 1.0)",3,98.18333333333334,11312
"(0.9166666666666666, 1.0)",1,98.18333333333334,11313
"(0.8833333333333333, 1.0)",2,98.18333333333334,11315
"(0.9125, 0.9958333333333332)",1,98.18333333333334,11316
"(0.9666666666666668, 1.0)",1,98.18333333333334,11317
"(0.9375, 0.9958333333333332)",1,98.18333333333328,11318
"(0.9416666666666668, 0.9833333333333332)",2,98.18333333333328,11320
"(0.8625, 0.9916666666666668)",1,98.18333333333322,11321
"(0.8958333333333334, 0.9916666666666668)",1,98.1833333333332,11322
"(0.95, 0.9875)",1,98.1833333333332,11323
"(0.9208333333333332, 0.9875)",1,98.18333333333318,11324
"(0.9291666666666668, 0.9875)",1,98.18333333333317,11325
"(0.8611111111111112, 0.9861111111111112)",4,98.18055555555576,11329
"(0.9027777777777778, 1.0)",1,98.1805555555556,11330
"(0.8611111111111112, 1.0)",1,98.1805555555556,11331
"(0.7361111111111112, 1.0)",1,98.1805555555556,11332
"(0.8333333333333334, 1.0)",1,98.18055555555556,11333
"(0.8055555555555556, 1.0)",2,98.18055555555556,11335
"(0.8194444444444444, 1.0)",1,98.18055555555556,11336
"(0.8055555555555556, 1.0)",1,98.18055555555556,11337
"(0.9444444444444444, 1.0)",1,98.18055555555554,11338
"(0.9375, 0.9833333333333332)",1,98.17916666666667,11339
"(0.9208333333333332, 0.9833333333333332)",1,98.17916666666666,11340
"(0.9291666666666668, 0.9916666666666668)",1,98.17916666666665,11341
"(0.9083333333333332, 0.9916666666666668)",1,98.17916666666665,11342
"(0.9, 0.9875)",1,98.17916666666656,11343
"(0.8916666666666667, 0.9875)",1,98.1791666666665,11344
"(0.95, 0.9875)",1,98.17916666666648,11345
"(0.85, 0.9958333333333332)",1,98.17916666666646,11346
"(0.9791666666666666, 0.9875)",1,98.17499999999995,11347
"(0.9041666666666668, 0.9958333333333332)",1,98.17499999999994,11348
"(0.9083333333333332, 0.9916666666666668)",1,98.17499999999993,11349
"(0.975, 0.9875)",1,98.17499999999988,11350
"(0.9375, 0.9916666666666668)",1,98.17499999999988,11351
"(0.9375, 0.9916666666666668)",1,98.17499999999986,11352
"(0.8833333333333333, 0.9916666666666668)",1,98.17499999999986,11353
"(0.9186046511627908, 1.0)",1,98.1744186046512,11354
"(0.872093023255814, 1.0)",1,98.1744186046512,11355
"(0.5930232558139535, 1.0)",1,98.17441860465118,11356
"(0.9069767441860463, 0.9883720930232558)",1,98.17441860465118,11357
"(0.9166666666666666, 0.9958333333333332)",2,98.17083333333338,11359
"(0.9833333333333332, 0.9708333333333332)",1,98.1708333333333,11360
"(0.9166666666666666, 0.9916666666666668)",1,98.1708333333333,11361
"(0.9083333333333332, 0.9958333333333332)",1,98.17083333333323,11362
"(0.9375, 0.9875)",1,98.1708333333332,11363
"(0.7083333333333334, 0.9861111111111112)",1,98.16666666666671,11364
"(0.9833333333333332, 1.0)",1,98.16666666666671,11365
"(0.8666666666666667, 1.0)",2,98.16666666666671,11367
"(0.85, 1.0)",1,98.16666666666671,11368
"(0.9333333333333332, 1.0)",1,98.16666666666671,11369
"(0.8666666666666667, 0.9958333333333332)",1,98.16666666666671,11370
"(0.8333333333333334, 0.9666666666666668)",2,98.16666666666671,11372
"(0.9166666666666666, 1.0)",1,98.16666666666671,11373
"(0.9333333333333332, 1.0)",1,98.1666666666667,11374
"(0.9, 1.0)",1,98.1666666666667,11375
"(0.85, 1.0)",2,98.1666666666667,11377
"(0.8333333333333334, 1.0)",2,98.1666666666667,11379
"(0.9166666666666666, 1.0)",2,98.1666666666667,11381
"(0.9666666666666668, 1.0)",1,98.1666666666667,11382
"(0.8888888888888888, 1.0)",1,98.1666666666667,11383
"(0.8333333333333334, 1.0)",2,98.16666666666669,11385
"(0.9833333333333332, 1.0)",2,98.16666666666669,11387
"(0.8, 1.0)",2,98.16666666666669,11389
"(0.85, 1.0)",3,98.16666666666669,11392
"(1.0, 1.0)",1,98.16666666666669,11393
"(0.9791666666666666, 0.9791666666666666)",1,98.16666666666669,11394
"(0.95, 0.9833333333333332)",1,98.16666666666669,11395
"(0.8055555555555556, 1.0)",1,98.16666666666669,11396
"(0.9166666666666666, 1.0)",1,98.16666666666669,11397
"(0.9305555555555556, 1.0)",1,98.16666666666669,11398
"(0.9333333333333332, 1.0)",2,98.16666666666669,11400
"(0.8333333333333334, 0.9861111111111112)",2,98.16666666666669,11402
"(0.9666666666666668, 1.0)",1,98.16666666666669,11403
"(0.9833333333333332, 1.0)",1,98.16666666666666,11404
"(0.9, 1.0)",1,98.16666666666666,11405
"(0.8611111111111112, 1.0)",1,98.16666666666666,11406
"(0.85, 1.0)",1,98.16666666666666,11407
"(0.7, 1.0)",1,98.16666666666666,11408
"(0.8833333333333333, 1.0)",1,98.16666666666666,11409
"(0.7166666666666667, 1.0)",1,98.16666666666666,11410
"(0.9166666666666666, 1.0)",1,98.16666666666666,11411
"(0.9916666666666668, 0.9416666666666668)",1,98.16666666666666,11412
"(0.9666666666666668, 1.0)",1,98.16666666666666,11413
"(0.7666666666666667, 1.0)",2,98.16666666666666,11415
"(1.0, 1.0)",3,98.16666666666666,11418
"(0.7083333333333334, 1.0)",1,98.16666666666666,11419
"(0.975, 0.9958333333333332)",1,98.16666666666664,11420
"(0.9375, 0.9958333333333332)",1,98.1666666666666,11421
"(0.9625, 0.9958333333333332)",1,98.1666666666666,11422
"(0.9916666666666668, 0.975)",1,98.1666666666666,11423
"(0.9291666666666668, 0.9916666666666668)",2,98.16666666666652,11425
"(0.9416666666666668, 0.9875)",1,98.1666666666665,11426
"(0.872093023255814, 0.9883720930232558)",1,98.16279069767448,11427
"(0.825, 0.9916666666666668)",1,98.16249999999992,11428
"(0.9125, 0.9875)",1,98.16249999999988,11429
"(0.9375, 0.9958333333333332)",1,98.16249999999988,11430
"(0.95, 0.9958333333333332)",1,98.16249999999988,11431
"(0.9208333333333332, 0.9958333333333332)",2,98.16249999999984,11433
"(0.9458333333333332, 0.9875)",1,98.15833333333332,11434
"(0.925, 0.9916666666666668)",1,98.15833333333327,11435
"(0.95, 0.9875)",1,98.15833333333326,11436
"(0.975, 0.9916666666666668)",1,98.15833333333325,11437
"(0.9291666666666668, 0.9916666666666668)",1,98.15833333333322,11438
"(0.8625, 0.9916666666666668)",1,98.1583333333332,11439
"(0.9208333333333332, 0.9958333333333332)",1,98.15416666666673,11440
"(0.9041666666666668, 0.9958333333333332)",1,98.15416666666673,11441
"(0.9375, 0.9833333333333332)",1,98.15416666666673,11442
"(0.9833333333333332, 0.9958333333333332)",1,98.15416666666668,11443
"(0.8375, 0.9958333333333332)",1,98.1541666666666,11444
"(0.9333333333333332, 0.9875)",1,98.1541666666666,11445
"(0.9833333333333332, 0.9833333333333332)",1,98.1541666666666,11446
"(0.9833333333333332, 0.9791666666666666)",1,98.15416666666658,11447
"(0.9125, 0.9958333333333332)",1,98.15416666666653,11448
"(0.9125, 0.9916666666666668)",1,98.15416666666653,11449
"(0.9291666666666668, 0.9916666666666668)",1,98.15416666666653,11450
"(0.925, 0.9916666666666668)",1,98.15416666666653,11451
"(0.9305555555555556, 0.9861111111111112)",1,98.15277777777798,11452
"(0.875, 1.0)",1,98.15277777777786,11453
"(0.9027777777777778, 1.0)",1,98.15277777777784,11454
"(0.9722222222222222, 1.0)",1,98.1527777777778,11455
"(0.9444444444444444, 1.0)",1,98.1527777777778,11456
"(0.875, 1.0)",2,98.1527777777778,11458
"(0.9305555555555556, 1.0)",1,98.1527777777778,11459
"(0.7638888888888888, 1.0)",2,98.15277777777776,11461
"(0.7441860465116279, 1.0)",1,98.1511627906977,11462
"(0.8023255813953488, 1.0)",1,98.1511627906977,11463
"(0.7674418604651163, 0.9883720930232558)",1,98.1511627906977,11464
"(0.6162790697674418, 0.9883720930232558)",1,98.1511627906977,11465
"(0.8023255813953488, 1.0)",1,98.15116279069768,11466
"(0.8333333333333334, 1.0)",1,98.15000000000003,11467
"(0.9833333333333332, 1.0)",1,98.15000000000003,11468
"(0.9666666666666668, 0.9833333333333332)",1,98.15000000000003,11469
"(0.8833333333333333, 0.9833333333333332)",1,98.15000000000003,11470
"(0.6666666666666666, 1.0)",2,98.15000000000003,11472
"(0.9333333333333332, 1.0)",1,98.15000000000003,11473
"(0.9166666666666666, 1.0)",1,98.15000000000002,11474
"(1.0, 1.0)",1,98.15000000000002,11475
"(0.9833333333333332, 1.0)",1,98.15,11476
"(0.8166666666666667, 1.0)",1,98.15,11477
"(0.9166666666666666, 1.0)",2,98.15,11479
"(0.8833333333333333, 1.0)",2,98.15,11481
"(0.9333333333333332, 1.0)",2,98.15,11483
"(0.85, 1.0)",1,98.15,11484
"(0.9, 1.0)",2,98.15,11486
"(1.0, 1.0)",6,98.15,11492
"(0.8666666666666667, 1.0)",1,98.15,11493
"(0.7166666666666667, 1.0)",2,98.15,11495
"(0.9666666666666668, 1.0)",1,98.15,11496
"(0.7333333333333333, 1.0)",1,98.15,11497
"(0.875, 0.9958333333333332)",1,98.14999999999996,11498
"(0.9875, 0.9958333333333332)",1,98.14999999999996,11499
"(0.9041666666666668, 0.9833333333333332)",1,98.14999999999992,11500
"(0.9166666666666666, 0.9958333333333332)",1,98.14999999999992,11501
"(0.8666666666666667, 0.9958333333333332)",2,98.14999999999992,11503
"(0.9333333333333332, 0.9958333333333332)",1,98.1499999999999,11504
"(0.975, 0.9833333333333332)",1,98.14999999999988,11505
"(0.8541666666666666, 0.9958333333333332)",1,98.14999999999984,11506
"(0.925, 0.9958333333333332)",1,98.14999999999984,11507
"(0.925, 0.9916666666666668)",1,98.14999999999984,11508
"(0.9291666666666668, 0.9875)",1,98.1499999999998,11509
"(0.95, 0.9833333333333332)",1,98.14583333333336,11510
"(0.9416666666666668, 0.9833333333333332)",1,98.14583333333336,11511
"(0.925, 0.9916666666666668)",1,98.14583333333324,11512
"(0.9291666666666668, 0.9875)",1,98.14583333333316,11513
"(0.9416666666666668, 0.9875)",1,98.14583333333314,11514
"(0.8625, 0.9916666666666668)",1,98.14166666666664,11515
"(0.8375, 0.9958333333333332)",1,98.14166666666654,11516
"(0.9208333333333332, 0.9916666666666668)",1,98.14166666666652,11517
"(0.95, 0.9875)",1,98.14166666666652,11518
"(0.8837209302325582, 1.0)",1,98.13953488372096,11519
"(0.9186046511627908, 1.0)",1,98.13953488372096,11520
"(0.8023255813953488, 1.0)",1,98.13953488372096,11521
"(0.7638888888888888, 0.9861111111111112)",2,98.1388888888891,11523
"(0.9444444444444444, 0.9722222222222222)",1,98.13888888888908,11524
"(0.8888888888888888, 0.9861111111111112)",1,98.13888888888908,11525
"(0.8611111111111112, 0.9861111111111112)",2,98.13888888888908,11527
"(0.875, 1.0)",1,98.13888888888896,11528
"(0.8194444444444444, 0.9722222222222222)",1,98.13888888888896,11529
"(0.9722222222222222, 1.0)",1,98.13888888888891,11530
"(0.7916666666666666, 1.0)",1,98.13888888888891,11531
"(0.7638888888888888, 1.0)",1,98.13888888888891,11532
"(0.9027777777777778, 1.0)",1,98.13888888888891,11533
"(0.9305555555555556, 1.0)",1,98.13888888888891,11534
"(0.8888888888888888, 1.0)",1,98.13888888888891,11535
"(0.7777777777777778, 1.0)",1,98.13888888888891,11536
"(0.8888888888888888, 1.0)",1,98.1388888888889,11537
"(0.9333333333333332, 0.9958333333333332)",1,98.13750000000005,11538
"(0.9791666666666666, 0.9833333333333332)",1,98.13750000000002,11539
"(0.95, 0.9875)",1,98.13749999999996,11540
"(0.9916666666666668, 0.9958333333333332)",1,98.13749999999996,11541
"(0.9291666666666668, 0.9916666666666668)",1,98.13749999999987,11542
"(0.8625, 0.9916666666666668)",1,98.13749999999985,11543
"(0.9166666666666666, 0.9833333333333332)",2,98.1333333333334,11545
"(0.8333333333333334, 0.9833333333333332)",1,98.1333333333334,11546
"(0.9, 0.9833333333333332)",2,98.1333333333334,11548
"(0.8333333333333334, 1.0)",1,98.13333333333335,11549
"(0.8833333333333333, 1.0)",1,98.13333333333335,11550
"(0.85, 1.0)",1,98.13333333333335,11551
"(0.9, 1.0)",2,98.13333333333335,11553
"(0.9666666666666668, 1.0)",1,98.13333333333335,11554
"(1.0, 1.0)",1,98.13333333333335,11555
"(0.7166666666666667, 1.0)",1,98.13333333333335,11556
"(0.9833333333333332, 1.0)",1,98.13333333333335,11557
"(0.75, 1.0)",1,98.13333333333335,11558
"(0.8333333333333334, 1.0)",3,98.13333333333335,11561
"(0.8, 1.0)",1,98.13333333333334,11562
"(0.9666666666666668, 1.0)",2,98.13333333333334,11564
"(0.9666666666666668, 1.0)",2,98.13333333333333,11566
"(0.9833333333333332, 1.0)",3,98.13333333333333,11569
"(0.7666666666666667, 1.0)",1,98.13333333333333,11570
"(0.8166666666666667, 1.0)",2,98.13333333333333,11572
"(0.85, 1.0)",3,98.13333333333333,11575
"(0.8833333333333333, 1.0)",1,98.13333333333333,11576
"(0.9833333333333332, 0.9833333333333332)",1,98.13333333333333,11577
"(0.7166666666666667, 1.0)",2,98.13333333333333,11579
"(1.0, 1.0)",1,98.13333333333333,11580
"(0.9625, 0.9833333333333332)",1,98.13333333333324,11581
"(0.9791666666666666, 0.9833333333333332)",1,98.13333333333324,11582
"(0.9166666666666666, 0.9958333333333332)",1,98.13333333333324,11583
"(0.95, 0.9958333333333332)",1,98.1333333333332,11584
"(0.9041666666666668, 0.9958333333333332)",1,98.1333333333332,11585
"(0.9416666666666668, 0.9875)",1,98.13333333333318,11586
"(0.8791666666666667, 0.9916666666666668)",1,98.12916666666658,11587
"(0.8625, 0.9958333333333332)",2,98.12916666666656,11589
"(0.9375, 0.9875)",1,98.1291666666665,11590
"(0.9208333333333332, 0.9875)",1,98.1291666666665,11591
"(0.872093023255814, 1.0)",1,98.12790697674424,11592
"(0.8372093023255814, 1.0)",1,98.12790697674424,11593
"(0.9186046511627908, 1.0)",1,98.12790697674424,11594
"(0.9186046511627908, 1.0)",2,98.1279069767442,11596
"(0.7325581395348837, 1.0)",1,98.1279069767442,11597
"(0.8472222222222222, 0.9861111111111112)",1,98.1250000000002,11598
"(0.9305555555555556, 0.9861111111111112)",1,98.12500000000016,11599
"(0.8333333333333334, 1.0)",1,98.1250000000001,11600
"(0.9166666666666666, 1.0)",1,98.12500000000006,11601
"(0.8055555555555556, 1.0)",1,98.12500000000004,11602
"(0.9027777777777778, 1.0)",1,98.12500000000004,11603
"(0.8611111111111112, 1.0)",1,98.12500000000004,11604
"(0.9166666666666666, 1.0)",1,98.12500000000004,11605
"(0.7638888888888888, 1.0)",1,98.125,11606
"(0.95, 0.9916666666666668)",1,98.12499999999996,11607
"(0.9166666666666666, 0.9833333333333332)",1,98.12499999999991,11608
"(0.9833333333333332, 0.975)",1,98.12499999999991,11609
"(0.9458333333333332, 0.9958333333333332)",1,98.12499999999991,11610
"(0.9375, 0.9958333333333332)",1,98.1249999999999,11611
"(0.9958333333333332, 0.9875)",1,98.12499999999989,11612
"(0.95, 0.9916666666666668)",1,98.12499999999989,11613
"(0.9333333333333332, 0.9958333333333332)",1,98.12499999999986,11614
"(0.9, 0.9875)",1,98.12499999999986,11615
"(0.9416666666666668, 0.9875)",1,98.12499999999984,11616
"(0.9833333333333332, 0.9708333333333332)",1,98.12499999999982,11617
"(0.9208333333333332, 0.9958333333333332)",1,98.12083333333342,11618
"(0.9625, 0.9958333333333332)",1,98.1208333333333,11619
"(0.9333333333333332, 0.9916666666666668)",1,98.12083333333322,11620
"(0.8375, 0.9916666666666668)",1,98.1208333333332,11621
"(0.9125, 0.9875)",1,98.1208333333332,11622
"(0.9125, 0.9875)",1,98.1208333333332,11623
"(0.8916666666666667, 0.9875)",1,98.12083333333318,11624
"(0.9875, 0.9916666666666668)",1,98.12083333333312,11625
"(0.9, 0.9833333333333332)",1,98.11666666666676,11626
"(0.95, 0.9833333333333332)",1,98.11666666666672,11627
"(0.8, 0.9833333333333332)",1,98.11666666666672,11628
"(0.9208333333333332, 0.9791666666666666)",1,98.11666666666672,11629
"(0.8333333333333334, 1.0)",1,98.11666666666672,11630
"(0.9, 1.0)",1,98.1166666666667,11631
"(0.8833333333333333, 1.0)",1,98.1166666666667,11632
"(0.9666666666666668, 1.0)",2,98.1166666666667,11634
"(0.9166666666666666, 1.0)",1,98.1166666666667,11635
"(0.7166666666666667, 1.0)",2,98.11666666666667,11637
"(0.9166666666666666, 1.0)",1,98.11666666666667,11638
"(0.9833333333333332, 1.0)",2,98.11666666666667,11640
"(1.0, 1.0)",1,98.11666666666667,11641
"(0.95, 1.0)",1,98.11666666666667,11642
"(0.8833333333333333, 1.0)",1,98.11666666666667,11643
"(0.7333333333333333, 1.0)",2,98.11666666666667,11645
"(0.8666666666666667, 1.0)",1,98.11666666666666,11646
"(0.9666666666666668, 1.0)",1,98.11666666666666,11647
"(0.85, 1.0)",2,98.11666666666666,11649
"(0.9375, 0.9916666666666668)",1,98.1166666666666,11650
"(0.9291666666666668, 0.9875)",1,98.11666666666652,11651
"(0.9541666666666668, 0.9875)",1,98.11666666666648,11652
"(0.8953488372093024, 0.9883720930232558)",1,98.11627906976756,11653
"(0.872093023255814, 1.0)",1,98.11627906976746,11654
"(0.95, 0.9791666666666666)",1,98.11250000000004,11655
"(0.9291666666666668, 0.9791666666666666)",2,98.11249999999994,11657
"(0.8958333333333334, 0.9916666666666668)",1,98.11249999999993,11658
"(0.8916666666666667, 0.9875)",1,98.11249999999993,11659
"(0.8791666666666667, 0.9875)",1,98.11249999999988,11660
"(0.8916666666666667, 0.9875)",1,98.11249999999986,11661
"(0.8958333333333334, 0.9875)",1,98.11249999999986,11662
"(0.9208333333333332, 0.9875)",1,98.11249999999984,11663
"(0.9, 0.9875)",2,98.11249999999984,11665
"(0.9208333333333332, 0.9916666666666668)",1,98.1124999999998,11666
"(0.9444444444444444, 0.9861111111111112)",1,98.11111111111131,11667
"(0.8194444444444444, 0.9861111111111112)",1,98.11111111111131,11668
"(0.9166666666666666, 0.9722222222222222)",1,98.11111111111131,11669
"(0.7777777777777778, 0.9861111111111112)",1,98.11111111111131,11670
"(0.8888888888888888, 0.9861111111111112)",1,98.11111111111131,11671
"(0.9305555555555556, 1.0)",1,98.11111111111126,11672
"(0.8194444444444444, 1.0)",1,98.11111111111116,11673
"(0.9305555555555556, 1.0)",1,98.11111111111116,11674
"(0.8611111111111112, 1.0)",1,98.11111111111116,11675
"(0.875, 1.0)",2,98.11111111111114,11677
"(0.7083333333333334, 0.9861111111111112)",1,98.11111111111114,11678
"(0.9305555555555556, 1.0)",1,98.11111111111114,11679
"(0.8055555555555556, 1.0)",1,98.11111111111114,11680
"(0.7638888888888888, 1.0)",1,98.11111111111111,11681
"(0.8875, 0.9833333333333332)",1,98.10833333333336,11682
"(0.9625, 0.975)",1,98.1083333333333,11683
"(0.8916666666666667, 0.9916666666666668)",1,98.10833333333328,11684
"(0.9291666666666668, 0.9958333333333332)",1,98.10833333333326,11685
"(0.9416666666666668, 0.9916666666666668)",1,98.1083333333332,11686
"(0.925, 0.9875)",1,98.1083333333332,11687
"(0.8666666666666667, 0.9875)",1,98.10833333333316,11688
"(0.872093023255814, 1.0)",1,98.10465116279076,11689
"(0.6162790697674418, 1.0)",1,98.10465116279072,11690
"(0.9186046511627908, 0.9883720930232558)",1,98.10465116279072,11691
"(0.9416666666666668, 0.9791666666666666)",1,98.10416666666671,11692
"(1.0, 0.9708333333333332)",1,98.1041666666667,11693
"(0.9583333333333334, 0.9833333333333332)",1,98.1041666666667,11694
"(0.9666666666666668, 0.9875)",1,98.1041666666666,11695
"(0.8791666666666667, 0.9916666666666668)",1,98.1041666666666,11696
"(0.8916666666666667, 0.9875)",1,98.10416666666656,11697
"(0.9333333333333332, 0.9875)",1,98.10416666666654,11698
"(0.9875, 0.9833333333333332)",1,98.10416666666652,11699
"(0.975, 0.9916666666666668)",1,98.10416666666652,11700
"(0.9, 0.9875)",1,98.10416666666652,11701
"(0.8625, 0.9916666666666668)",1,98.10416666666649,11702
"(0.8958333333333334, 0.9875)",1,98.10416666666649,11703
"(0.95, 0.9791666666666666)",1,98.10000000000008,11704
"(0.7333333333333333, 1.0)",1,98.10000000000004,11705
"(0.8333333333333334, 1.0)",2,98.10000000000004,11707
"(0.85, 1.0)",1,98.10000000000004,11708
"(0.9666666666666668, 1.0)",1,98.10000000000004,11709
"(0.9333333333333332, 1.0)",1,98.10000000000004,11710
"(0.8166666666666667, 1.0)",1,98.10000000000004,11711
"(0.95, 1.0)",1,98.10000000000004,11712
"(0.75, 1.0)",1,98.10000000000004,11713
"(0.8166666666666667, 1.0)",1,98.10000000000002,11714
"(0.7333333333333333, 1.0)",1,98.10000000000002,11715
"(0.85, 1.0)",1,98.10000000000002,11716
"(0.9666666666666668, 1.0)",1,98.1,11717
"(0.9666666666666668, 1.0)",1,98.1,11718
"(0.9833333333333332, 1.0)",2,98.1,11720
"(0.9375, 0.9958333333333332)",2,98.1,11722
"(0.8833333333333333, 1.0)",1,98.1,11723
"(0.95, 1.0)",1,98.1,11724
"(1.0, 1.0)",2,98.1,11726
"(0.8833333333333333, 1.0)",3,98.1,11729
"(0.9, 1.0)",3,98.1,11732
"(0.7166666666666667, 1.0)",2,98.1,11734
"(0.8, 1.0)",2,98.1,11736
"(0.8333333333333334, 1.0)",1,98.1,11737
"(0.9, 1.0)",1,98.1,11738
"(0.8666666666666667, 1.0)",3,98.1,11741
"(0.9, 0.9916666666666668)",1,98.09999999999997,11742
"(0.9208333333333332, 0.9958333333333332)",1,98.09999999999994,11743
"(0.8541666666666666, 0.9916666666666668)",1,98.09999999999992,11744
"(0.95, 0.9916666666666668)",1,98.09999999999992,11745
"(0.9375, 0.9875)",1,98.09999999999988,11746
"(0.9208333333333332, 0.9875)",1,98.09999999999988,11747
"(0.95, 0.9875)",1,98.09999999999988,11748
"(0.9125, 0.9875)",1,98.09999999999984,11749
"(0.9291666666666668, 0.9875)",1,98.09999999999982,11750
"(0.7777777777777778, 0.9861111111111112)",1,98.09722222222244,11751
"(0.8194444444444444, 0.9861111111111112)",1,98.09722222222231,11752
"(0.7083333333333334, 1.0)",1,98.09722222222229,11753
"(0.9444444444444444, 1.0)",2,98.09722222222229,11755
"(0.9444444444444444, 1.0)",1,98.09722222222226,11756
"(0.9166666666666666, 1.0)",1,98.09722222222224,11757
"(0.8333333333333334, 1.0)",1,98.09722222222224,11758
"(0.7083333333333334, 1.0)",1,98.09722222222224,11759
"(0.9722222222222222, 1.0)",1,98.09722222222224,11760
"(0.6944444444444444, 1.0)",1,98.09722222222224,11761
"(0.9166666666666666, 1.0)",1,98.09722222222224,11762
"(0.8791666666666667, 0.9958333333333332)",1,98.09583333333327,11763
"(0.8625, 0.9958333333333332)",1,98.09583333333326,11764
"(0.8958333333333334, 0.9875)",1,98.09583333333325,11765
"(0.925, 0.9958333333333332)",1,98.09583333333325,11766
"(0.9666666666666668, 0.9916666666666668)",1,98.09583333333322,11767
"(0.9375, 0.9916666666666668)",1,98.09583333333318,11768
"(0.9291666666666668, 0.9958333333333332)",2,98.09583333333318,11770
"(0.9208333333333332, 0.9875)",2,98.09583333333316,11772
"(0.8604651162790697, 0.9883720930232558)",1,98.09302325581405,11773
"(0.5930232558139535, 0.9883720930232558)",1,98.09302325581405,11774
"(0.7906976744186046, 1.0)",1,98.093023255814,11775
"(0.5930232558139535, 0.9883720930232558)",2,98.093023255814,11777
"(0.8023255813953488, 1.0)",1,98.09302325581396,11778
"(0.7674418604651163, 0.9883720930232558)",1,98.09302325581396,11779
"(0.8666666666666667, 0.9958333333333332)",1,98.09166666666668,11780
"(0.8625, 0.9958333333333332)",1,98.09166666666655,11781
"(0.9041666666666668, 0.9958333333333332)",1,98.09166666666655,11782
"(0.9166666666666666, 0.9875)",1,98.09166666666653,11783
"(0.8541666666666666, 0.9958333333333332)",1,98.09166666666653,11784
"(0.8875, 0.9875)",1,98.09166666666653,11785
"(0.8916666666666667, 0.9875)",2,98.09166666666653,11787
"(0.8958333333333334, 0.9875)",1,98.0916666666665,11788
"(0.9375, 0.9916666666666668)",1,98.0916666666665,11789
"(0.9291666666666668, 0.9791666666666666)",1,98.08750000000008,11790
"(0.9458333333333332, 0.9833333333333332)",1,98.08749999999996,11791
"(0.9375, 0.9916666666666668)",1,98.08749999999996,11792
"(0.9041666666666668, 0.9958333333333332)",1,98.08749999999992,11793
"(0.9, 0.9875)",1,98.08749999999984,11794
"(0.9208333333333332, 0.9875)",1,98.08749999999982,11795
"(0.9333333333333332, 0.9916666666666668)",1,98.08749999999982,11796
"(0.9444444444444444, 0.9861111111111112)",2,98.08333333333354,11798
"(0.75, 0.9861111111111112)",1,98.08333333333351,11799
"(0.8888888888888888, 0.9861111111111112)",1,98.08333333333351,11800
"(0.75, 1.0)",1,98.0833333333334,11801
"(0.9333333333333332, 0.9833333333333332)",1,98.0833333333334,11802
"(0.7166666666666667, 1.0)",1,98.0833333333334,11803
"(0.9666666666666668, 0.9833333333333332)",4,98.0833333333334,11807
"(0.9305555555555556, 1.0)",1,98.08333333333336,11808
"(0.8888888888888888, 1.0)",1,98.08333333333336,11809
"(0.8055555555555556, 1.0)",1,98.08333333333336,11810
"(0.7333333333333333, 1.0)",2,98.08333333333336,11812
"(0.8, 1.0)",1,98.08333333333336,11813
"(0.85, 1.0)",1,98.08333333333336,11814
"(0.8833333333333333, 1.0)",1,98.08333333333336,11815
"(0.8333333333333334, 1.0)",2,98.08333333333336,11817
"(0.8666666666666667, 1.0)",1,98.08333333333336,11818
"(0.9333333333333332, 1.0)",1,98.08333333333336,11819
"(0.9027777777777778, 1.0)",1,98.08333333333336,11820
"(0.8333333333333334, 1.0)",1,98.08333333333336,11821
"(0.8, 1.0)",2,98.08333333333334,11823
"(0.8888888888888888, 1.0)",1,98.08333333333334,11824
"(0.8875, 0.9833333333333332)",1,98.08333333333334,11825
"(0.7333333333333333, 1.0)",2,98.08333333333334,11827
"(0.9833333333333332, 1.0)",2,98.08333333333334,11829
"(0.7833333333333333, 1.0)",1,98.08333333333334,11830
"(0.9791666666666666, 0.9833333333333332)",1,98.08333333333334,11831
"(0.7083333333333334, 1.0)",1,98.08333333333334,11832
"(0.9, 1.0)",1,98.08333333333334,11833
"(0.8666666666666667, 1.0)",1,98.08333333333334,11834
"(0.8916666666666667, 0.9875)",1,98.08333333333334,11835
"(0.9166666666666666, 1.0)",1,98.08333333333334,11836
"(0.8, 1.0)",1,98.08333333333331,11837
"(0.8666666666666667, 1.0)",1,98.08333333333331,11838
"(0.95, 1.0)",1,98.08333333333331,11839
"(1.0, 1.0)",2,98.08333333333331,11841
"(0.9333333333333332, 1.0)",2,98.08333333333331,11843
"(0.7, 1.0)",4,98.08333333333331,11847
"(0.9833333333333332, 1.0)",6,98.08333333333331,11853
"(0.9375, 0.975)",1,98.08333333333329,11854
"(0.9458333333333332, 0.9916666666666668)",2,98.08333333333329,11856
"(0.9291666666666668, 0.9916666666666668)",1,98.08333333333329,11857
"(0.8375, 0.9916666666666668)",1,98.0833333333332,11858
"(0.9166666666666666, 0.9875)",1,98.0833333333332,11859
"(0.8833333333333333, 0.9875)",1,98.08333333333316,11860
"(0.9375, 0.9916666666666668)",1,98.08333333333314,11861
"(0.7674418604651163, 1.0)",1,98.08139534883726,11862
"(0.872093023255814, 1.0)",1,98.08139534883723,11863
"(0.8255813953488372, 1.0)",1,98.08139534883723,11864
"(0.9958333333333332, 0.9833333333333332)",1,98.07916666666672,11865
"(0.8791666666666667, 0.9958333333333332)",1,98.07916666666668,11866
"(0.9875, 0.9875)",1,98.07916666666664,11867
"(1.0, 0.9875)",1,98.07916666666664,11868
"(0.8625, 0.9958333333333332)",1,98.07916666666664,11869
"(0.9291666666666668, 0.9875)",1,98.07916666666652,11870
"(0.95, 0.9791666666666666)",1,98.07500000000007,11871
"(0.9333333333333332, 0.9833333333333332)",1,98.07500000000005,11872
"(0.9375, 0.9958333333333332)",1,98.075,11873
"(0.8541666666666666, 0.9916666666666668)",1,98.07499999999996,11874
"(0.9791666666666666, 0.9541666666666668)",1,98.0708333333334,11875
"(0.9875, 0.9958333333333332)",1,98.07083333333328,11876
"(0.9458333333333332, 0.9916666666666668)",2,98.07083333333324,11878
"(0.9791666666666666, 0.9958333333333332)",1,98.07083333333324,11879
"(0.8875, 0.9875)",1,98.0708333333332,11880
"(0.9333333333333332, 0.9875)",2,98.0708333333332,11882
"(0.9041666666666668, 0.9916666666666668)",1,98.07083333333318,11883
"(0.9875, 0.9958333333333332)",1,98.07083333333318,11884
"(0.8958333333333334, 0.9875)",1,98.07083333333316,11885
"(0.8488372093023255, 0.9883720930232558)",1,98.0697674418605,11886
"(0.7638888888888888, 0.9861111111111112)",1,98.06944444444464,11887
"(0.8333333333333334, 0.9861111111111112)",2,98.06944444444464,11889
"(0.9305555555555556, 0.9722222222222222)",1,98.06944444444464,11890
"(0.9166666666666666, 0.9861111111111112)",1,98.0694444444446,11891
"(0.7083333333333334, 1.0)",1,98.06944444444454,11892
"(0.9444444444444444, 1.0)",2,98.06944444444449,11894
"(0.9027777777777778, 1.0)",2,98.06944444444449,11896
"(0.7638888888888888, 1.0)",1,98.06944444444444,11897
"(0.8611111111111112, 1.0)",1,98.06944444444444,11898
"(0.9666666666666668, 0.9833333333333332)",1,98.06666666666672,11899
"(0.8166666666666667, 1.0)",1,98.06666666666672,11900
"(0.8166666666666667, 1.0)",2,98.0666666666667,11902
"(0.8666666666666667, 1.0)",1,98.0666666666667,11903
"(0.8833333333333333, 1.0)",1,98.0666666666667,11904
"(0.9, 1.0)",1,98.06666666666668,11905
"(0.9833333333333332, 1.0)",1,98.06666666666668,11906
"(0.8333333333333334, 1.0)",1,98.06666666666668,11907
"(0.8, 1.0)",1,98.06666666666668,11908
"(0.9, 1.0)",1,98.06666666666668,11909
"(0.8166666666666667, 1.0)",1,98.06666666666668,11910
"(0.9333333333333332, 1.0)",1,98.06666666666666,11911
"(0.8833333333333333, 1.0)",1,98.06666666666666,11912
"(0.9, 1.0)",2,98.06666666666666,11914
"(0.8166666666666667, 1.0)",1,98.06666666666666,11915
"(1.0, 1.0)",6,98.06666666666666,11921
"(0.6833333333333333, 1.0)",3,98.06666666666666,11924
"(0.9833333333333332, 1.0)",2,98.06666666666666,11926
"(0.9375, 0.9916666666666668)",1,98.0666666666666,11927
"(0.9125, 0.9958333333333332)",1,98.0666666666666,11928
"(0.9, 0.9958333333333332)",1,98.06666666666652,11929
"(0.8958333333333334, 0.9916666666666668)",1,98.06666666666652,11930
"(0.8625, 0.9916666666666668)",2,98.06666666666646,11932
"(0.9083333333333332, 0.9833333333333332)",1,98.06250000000006,11933
"(0.825, 0.9958333333333332)",1,98.06249999999991,11934
"(0.8625, 0.9916666666666668)",1,98.0624999999999,11935
"(0.9291666666666668, 0.9875)",1,98.06249999999989,11936
"(0.925, 0.9916666666666668)",2,98.06249999999976,11938
"(0.8041666666666667, 0.9958333333333332)",1,98.05833333333324,11939
"(0.8958333333333334, 0.9875)",2,98.0583333333332,11941
"(0.8958333333333334, 0.9958333333333332)",1,98.0583333333332,11942
"(0.9625, 0.9916666666666668)",2,98.05833333333318,11944
"(0.9, 0.9875)",1,98.05833333333318,11945
"(0.9333333333333332, 0.9875)",1,98.05833333333317,11946
"(0.8255813953488372, 1.0)",1,98.05813953488376,11947
"(0.7325581395348837, 1.0)",1,98.05813953488376,11948
"(0.7906976744186046, 0.9883720930232558)",1,98.05813953488374,11949
"(0.7441860465116279, 1.0)",1,98.05813953488374,11950
"(0.8611111111111112, 0.9861111111111112)",1,98.05555555555576,11951
"(0.8472222222222222, 0.9861111111111112)",4,98.05555555555576,11955
"(0.8333333333333334, 0.9861111111111112)",1,98.05555555555576,11956
"(0.7638888888888888, 0.9722222222222222)",2,98.05555555555576,11958
"(0.9444444444444444, 0.9861111111111112)",2,98.05555555555576,11960
"(0.8611111111111112, 0.9861111111111112)",1,98.05555555555571,11961
"(0.9305555555555556, 1.0)",1,98.05555555555569,11962
"(0.8055555555555556, 1.0)",1,98.0555555555556,11963
"(0.9027777777777778, 0.9861111111111112)",2,98.0555555555556,11965
"(0.9305555555555556, 1.0)",1,98.0555555555556,11966
"(0.9722222222222222, 1.0)",1,98.0555555555556,11967
"(0.9166666666666666, 1.0)",1,98.0555555555556,11968
"(0.9305555555555556, 1.0)",1,98.0555555555556,11969
"(0.8472222222222222, 1.0)",1,98.05555555555556,11970
"(0.8333333333333334, 1.0)",4,98.05555555555556,11974
"(0.9444444444444444, 1.0)",2,98.05555555555556,11976
"(0.9722222222222222, 1.0)",1,98.05555555555556,11977
"(0.75, 1.0)",1,98.05555555555556,11978
"(0.6944444444444444, 1.0)",1,98.05555555555554,11979
"(0.8472222222222222, 1.0)",4,98.05555555555554,11983
"(0.9791666666666666, 0.9791666666666666)",1,98.0541666666667,11984
"(0.9375, 0.9958333333333332)",2,98.05416666666666,11986
"(0.875, 0.9958333333333332)",2,98.05416666666665,11988
"(0.9375, 0.9958333333333332)",1,98.05416666666665,11989
"(0.9625, 0.9958333333333332)",1,98.05416666666662,11990
"(0.925, 0.9833333333333332)",1,98.0541666666666,11991
"(0.9083333333333332, 0.9916666666666668)",1,98.05416666666656,11992
"(0.8958333333333334, 0.9875)",1,98.05416666666656,11993
"(0.8666666666666667, 0.9958333333333332)",1,98.05416666666652,11994
"(0.9291666666666668, 0.9958333333333332)",2,98.0541666666665,11996
"(0.8916666666666667, 0.9875)",1,98.05416666666648,11997
"(0.9166666666666666, 1.0)",1,98.05000000000008,11998
"(0.9666666666666668, 0.9833333333333332)",1,98.05000000000008,11999
"(0.8, 1.0)",1,98.05000000000004,12000
"(0.8, 1.0)",2,98.05000000000004,12002
"(0.8666666666666667, 1.0)",1,98.05000000000004,12003
"(0.9, 1.0)",1,98.05000000000004,12004
"(0.8333333333333334, 1.0)",4,98.05000000000004,12008
"(0.8666666666666667, 1.0)",1,98.05000000000004,12009
"(0.9, 0.9833333333333332)",1,98.05000000000004,12010
"(0.8833333333333333, 1.0)",3,98.05000000000004,12013
"(0.8833333333333333, 1.0)",2,98.05000000000004,12015
"(0.9333333333333332, 1.0)",1,98.05000000000004,12016
"(0.7333333333333333, 1.0)",1,98.05000000000004,12017
"(0.85, 1.0)",1,98.05000000000004,12018
"(0.9458333333333332, 0.9958333333333332)",1,98.05,12019
"(0.7166666666666667, 1.0)",1,98.05,12020
"(0.7333333333333333, 1.0)",1,98.05,12021
"(0.7333333333333333, 1.0)",1,98.05,12022
"(0.8333333333333334, 1.0)",2,98.05,12024
"(0.95, 1.0)",2,98.05,12026
"(0.9166666666666666, 1.0)",1,98.05,12027
"(0.9166666666666666, 1.0)",2,98.05,12029
"(0.9666666666666668, 1.0)",3,98.05,12032
"(0.95, 0.9958333333333332)",1,98.05,12033
"(0.9666666666666668, 1.0)",1,98.05,12034
"(0.85, 1.0)",1,98.05,12035
"(0.9833333333333332, 1.0)",2,98.05,12037
"(0.8833333333333333, 1.0)",2,98.05,12039
"(0.8833333333333333, 1.0)",2,98.05,12041
"(0.9333333333333332, 1.0)",1,98.05,12042
"(0.8333333333333334, 1.0)",1,98.05,12043
"(1.0, 1.0)",2,98.05,12045
"(0.9333333333333332, 1.0)",1,98.05,12046
"(0.8166666666666667, 1.0)",1,98.05,12047
"(0.9333333333333332, 0.9958333333333332)",1,98.04999999999994,12048
"(0.9666666666666668, 0.9916666666666668)",1,98.0499999999999,12049
"(0.8833333333333333, 0.9916666666666668)",1,98.04999999999988,12050
"(0.9208333333333332, 0.9958333333333332)",1,98.04999999999986,12051
"(0.9416666666666668, 0.9875)",1,98.04999999999984,12052
"(0.9, 0.9916666666666668)",1,98.0499999999998,12053
"(0.4651162790697674, 1.0)",1,98.046511627907,12054
"(0.4883720930232558, 1.0)",1,98.046511627907,12055
"(0.6162790697674418, 1.0)",1,98.046511627907,12056
"(0.8837209302325582, 1.0)",1,98.046511627907,12057
"(0.9083333333333332, 0.9833333333333332)",1,98.0458333333334,12058
"(0.9833333333333332, 0.9875)",1,98.0458333333333,12059
"(0.875, 0.9958333333333332)",1,98.04583333333326,12060
"(0.9291666666666668, 0.9916666666666668)",1,98.04583333333323,12061
"(0.95, 0.9875)",1,98.04583333333322,12062
"(0.9208333333333332, 0.9916666666666668)",2,98.0458333333332,12064
"(0.95, 0.9875)",1,98.04583333333316,12065
"(0.8888888888888888, 0.9861111111111112)",1,98.04166666666688,12066
"(0.8611111111111112, 0.9861111111111112)",1,98.04166666666688,12067
"(0.9444444444444444, 1.0)",1,98.04166666666674,12068
"(0.9375, 0.9833333333333332)",1,98.04166666666671,12069
"(0.9027777777777778, 1.0)",1,98.04166666666671,12070
"(0.8472222222222222, 1.0)",1,98.04166666666671,12071
"(0.9305555555555556, 1.0)",1,98.04166666666671,12072
"(0.7083333333333334, 1.0)",1,98.0416666666667,12073
"(0.9166666666666666, 1.0)",1,98.04166666666669,12074
"(0.875, 0.9833333333333332)",1,98.04166666666669,12075
"(0.9305555555555556, 1.0)",4,98.04166666666669,12079
"(0.975, 0.9833333333333332)",2,98.04166666666664,12081
"(0.95, 0.9875)",2,98.0416666666666,12083
"(0.9041666666666668, 0.9958333333333332)",2,98.04166666666656,12085
"(0.8625, 0.9916666666666668)",1,98.04166666666656,12086
"(0.9, 0.9875)",2,98.04166666666652,12088
"(0.9125, 0.9875)",1,98.04166666666652,12089
"(0.9375, 0.9875)",1,98.04166666666652,12090
"(0.8958333333333334, 0.9875)",2,98.04166666666652,12092
"(0.9, 0.9875)",1,98.04166666666649,12093
"(0.9166666666666666, 0.9791666666666666)",1,98.03750000000012,12094
"(0.9833333333333332, 0.975)",1,98.0375,12095
"(0.9875, 0.95)",1,98.03749999999992,12096
"(0.9333333333333332, 0.9916666666666668)",1,98.0374999999999,12097
"(0.9291666666666668, 0.9916666666666668)",1,98.03749999999988,12098
"(0.975, 0.9875)",1,98.03749999999988,12099
"(0.8375, 0.9916666666666668)",2,98.03749999999977,12101
"(0.4883720930232558, 0.9883720930232558)",1,98.03488372093028,12102
"(0.8372093023255814, 0.9883720930232558)",1,98.03488372093028,12103
"(0.8372093023255814, 1.0)",1,98.03488372093028,12104
"(0.9186046511627908, 1.0)",1,98.03488372093028,12105
"(0.872093023255814, 1.0)",1,98.03488372093028,12106
"(0.6162790697674418, 1.0)",1,98.03488372093024,12107
"(0.9, 1.0)",1,98.0333333333334,12108
"(0.9333333333333332, 1.0)",2,98.0333333333334,12110
"(0.8333333333333334, 1.0)",1,98.0333333333334,12111
"(0.8, 0.9833333333333332)",1,98.0333333333334,12112
"(0.9166666666666666, 1.0)",1,98.0333333333334,12113
"(0.75, 1.0)",1,98.03333333333336,12114
"(0.8, 1.0)",1,98.03333333333336,12115
"(0.9166666666666666, 1.0)",1,98.03333333333336,12116
"(0.8333333333333334, 0.9833333333333332)",1,98.03333333333336,12117
"(0.8833333333333333, 1.0)",1,98.03333333333336,12118
"(0.8333333333333334, 1.0)",1,98.03333333333336,12119
"(0.85, 1.0)",1,98.03333333333336,12120
"(0.8666666666666667, 1.0)",2,98.03333333333336,12122
"(0.8458333333333333, 0.9833333333333332)",1,98.03333333333336,12123
"(0.8833333333333333, 1.0)",1,98.03333333333336,12124
"(0.9666666666666668, 1.0)",1,98.03333333333336,12125
"(0.8458333333333333, 0.9875)",1,98.03333333333332,12126
"(0.8333333333333334, 1.0)",1,98.03333333333332,12127
"(0.9333333333333332, 1.0)",1,98.03333333333332,12128
"(0.85, 1.0)",4,98.03333333333332,12132
"(0.8833333333333333, 1.0)",3,98.03333333333332,12135
"(0.9833333333333332, 1.0)",1,98.03333333333332,12136
"(0.7833333333333333, 1.0)",1,98.03333333333332,12137
"(0.7666666666666667, 1.0)",1,98.03333333333332,12138
"(1.0, 1.0)",4,98.03333333333332,12142
"(0.9125, 0.9958333333333332)",1,98.03333333333327,12143
"(0.9833333333333332, 0.9833333333333332)",1,98.03333333333326,12144
"(0.975, 0.9916666666666668)",2,98.03333333333325,12146
"(0.9208333333333332, 0.9916666666666668)",1,98.03333333333325,12147
"(0.8916666666666667, 0.9875)",1,98.0333333333332,12148
"(0.9, 0.9833333333333332)",1,98.02916666666673,12149
"(0.8875, 0.9916666666666668)",1,98.02916666666664,12150
"(0.9208333333333332, 0.9875)",1,98.0291666666666,12151
"(0.9375, 0.9791666666666666)",1,98.0291666666666,12152
"(0.9083333333333332, 0.9791666666666666)",1,98.0291666666666,12153
"(0.9, 0.9875)",1,98.02916666666655,12154
"(0.975, 0.9791666666666666)",1,98.02916666666655,12155
"(0.9041666666666668, 0.9875)",1,98.02916666666655,12156
"(0.9875, 0.9875)",1,98.02916666666646,12157
"(0.9791666666666666, 0.9916666666666668)",1,98.02916666666646,12158
"(0.8888888888888888, 0.9861111111111112)",1,98.02777777777796,12159
"(0.9444444444444444, 0.9861111111111112)",1,98.02777777777796,12160
"(0.8611111111111112, 0.9861111111111112)",1,98.02777777777794,12161
"(0.7777777777777778, 1.0)",1,98.02777777777791,12162
"(0.75, 1.0)",1,98.02777777777786,12163
"(0.8611111111111112, 1.0)",1,98.02777777777784,12164
"(0.9583333333333334, 1.0)",1,98.02777777777784,12165
"(0.8333333333333334, 1.0)",1,98.02777777777784,12166
"(0.9166666666666666, 1.0)",1,98.02777777777784,12167
"(0.9444444444444444, 1.0)",1,98.0277777777778,12168
"(0.8194444444444444, 1.0)",1,98.0277777777778,12169
"(0.9722222222222222, 1.0)",1,98.0277777777778,12170
"(0.75, 1.0)",1,98.0277777777778,12171
"(0.9208333333333332, 0.9833333333333332)",1,98.025,12172
"(0.9208333333333332, 0.9791666666666666)",1,98.02499999999992,12173
"(0.9291666666666668, 0.9916666666666668)",1,98.02499999999992,12174
"(0.9125, 0.9916666666666668)",1,98.02499999999992,12175
"(0.9208333333333332, 0.9833333333333332)",1,98.0249999999999,12176
"(0.9416666666666668, 0.9875)",1,98.0249999999999,12177
"(0.9125, 0.9916666666666668)",1,98.02499999999988,12178
"(0.9333333333333332, 0.9916666666666668)",2,98.02499999999986,12180
"(0.9333333333333332, 0.9916666666666668)",1,98.02499999999984,12181
"(0.9418604651162792, 0.9883720930232558)",1,98.0232558139536,12182
"(0.8372093023255814, 0.9883720930232558)",2,98.02325581395353,12184
"(0.7674418604651163, 1.0)",2,98.02325581395353,12186
"(0.7441860465116279, 1.0)",1,98.02325581395353,12187
"(0.7441860465116279, 1.0)",1,98.02325581395353,12188
"(0.8837209302325582, 1.0)",1,98.02325581395353,12189
"(0.9208333333333332, 0.9958333333333332)",1,98.0208333333334,12190
"(0.9041666666666668, 0.9916666666666668)",1,98.0208333333333,12191
"(0.9291666666666668, 0.9875)",1,98.02083333333326,12192
"(0.975, 0.9833333333333332)",1,98.0208333333332,12193
"(0.9833333333333332, 0.9833333333333332)",1,98.01666666666674,12194
"(0.95, 0.9833333333333332)",1,98.01666666666674,12195
"(1.0, 1.0)",1,98.01666666666672,12196
"(0.9333333333333332, 1.0)",1,98.01666666666672,12197
"(1.0, 0.9833333333333332)",1,98.01666666666672,12198
"(0.9166666666666666, 1.0)",1,98.01666666666672,12199
"(0.8333333333333334, 1.0)",1,98.01666666666672,12200
"(0.8166666666666667, 0.9833333333333332)",2,98.01666666666672,12202
"(0.9, 1.0)",1,98.01666666666672,12203
"(0.9291666666666668, 0.9916666666666668)",1,98.0166666666667,12204
"(0.8666666666666667, 1.0)",2,98.0166666666667,12206
"(0.9166666666666666, 1.0)",1,98.0166666666667,12207
"(0.8166666666666667, 1.0)",2,98.01666666666668,12209
"(0.8, 1.0)",1,98.01666666666668,12210
"(1.0, 1.0)",2,98.01666666666668,12212
"(0.9, 1.0)",1,98.01666666666668,12213
"(0.9833333333333332, 1.0)",1,98.01666666666668,12214
"(0.925, 0.9791666666666666)",1,98.01666666666668,12215
"(0.8666666666666667, 1.0)",2,98.01666666666668,12217
"(1.0, 1.0)",1,98.01666666666668,12218
"(0.9666666666666668, 1.0)",1,98.01666666666668,12219
"(0.85, 1.0)",1,98.01666666666668,12220
"(0.95, 0.9958333333333332)",1,98.01666666666668,12221
"(0.9333333333333332, 1.0)",2,98.01666666666668,12223
"(0.8833333333333333, 1.0)",3,98.01666666666668,12226
"(0.9166666666666666, 1.0)",1,98.01666666666668,12227
"(0.9791666666666666, 0.9958333333333332)",1,98.01666666666664,12228
"(0.8833333333333333, 1.0)",2,98.01666666666664,12230
"(0.8666666666666667, 1.0)",1,98.01666666666664,12231
"(0.9375, 0.9875)",1,98.01666666666662,12232
"(0.9208333333333332, 0.9791666666666666)",1,98.01666666666658,12233
"(0.9291666666666668, 0.9875)",1,98.01666666666658,12234
"(0.8916666666666667, 0.9875)",1,98.01666666666654,12235
"(0.9333333333333332, 0.9875)",1,98.01666666666652,12236
"(0.8833333333333333, 0.9875)",1,98.01666666666652,12237
"(0.9291666666666668, 0.9958333333333332)",1,98.01666666666652,12238
"(0.8958333333333334, 0.9875)",1,98.01666666666652,12239
"(0.9416666666666668, 0.9875)",1,98.0166666666665,12240
"(0.9166666666666666, 0.9861111111111112)",1,98.01388888888908,12241
"(0.9027777777777778, 0.9861111111111112)",1,98.01388888888908,12242
"(0.7638888888888888, 0.9722222222222222)",1,98.01388888888908,12243
"(0.8888888888888888, 0.9861111111111112)",1,98.01388888888908,12244
"(0.9444444444444444, 0.9861111111111112)",1,98.01388888888908,12245
"(0.8194444444444444, 0.9861111111111112)",1,98.01388888888904,12246
"(0.875, 1.0)",1,98.01388888888891,12247
"(0.8194444444444444, 1.0)",1,98.01388888888889,12248
"(0.9305555555555556, 1.0)",1,98.01388888888886,12249
"(0.9291666666666668, 0.9833333333333332)",1,98.01250000000002,12250
"(0.8625, 0.9958333333333332)",1,98.01249999999996,12251
"(0.8958333333333334, 0.9916666666666668)",2,98.01249999999996,12253
"(0.9166666666666666, 0.9958333333333332)",1,98.01249999999996,12254
"(0.9125, 0.9958333333333332)",1,98.01249999999996,12255
"(0.9375, 0.9791666666666666)",1,98.01249999999992,12256
"(0.9291666666666668, 0.9916666666666668)",1,98.01249999999985,12257
"(0.8833333333333333, 0.9875)",1,98.01249999999985,12258
"(0.8916666666666667, 0.9916666666666668)",1,98.01249999999985,12259
"(0.9875, 0.9916666666666668)",1,98.01249999999982,12260
"(0.872093023255814, 1.0)",1,98.0116279069768,12261
"(0.4651162790697674, 1.0)",1,98.01162790697676,12262
"(0.6162790697674418, 1.0)",1,98.01162790697676,12263
"(0.95, 0.9833333333333332)",2,98.00833333333344,12265
"(0.9791666666666666, 0.9625)",1,98.0083333333334,12266
"(0.8666666666666667, 0.9958333333333332)",1,98.0083333333334,12267
"(0.975, 0.9958333333333332)",1,98.00833333333334,12268
"(0.8458333333333333, 1.0)",1,98.00833333333328,12269
"(0.9208333333333332, 0.9833333333333332)",1,98.00833333333324,12270
"(0.95, 0.9875)",2,98.00833333333318,12272
"(0.9666666666666668, 0.9916666666666668)",1,98.00833333333318,12273
"(0.9208333333333332, 0.9875)",1,98.0041666666666,12274
"(0.95, 0.9958333333333332)",1,98.00416666666658,12275
"(0.9375, 0.9708333333333332)",1,98.00416666666656,12276
"(0.9333333333333332, 0.9875)",1,98.0041666666665,12277
"(0.9083333333333332, 0.9916666666666668)",1,98.00416666666648,12278
"(0.825, 0.9916666666666668)",1,98.00416666666646,12279
"(0.9722222222222222, 0.9861111111111112)",1,98.0000000000002,12280
"(0.9444444444444444, 0.9861111111111112)",1,98.0000000000002,12281
"(0.9444444444444444, 1.0)",1,98.00000000000011,12282
"(0.9444444444444444, 0.9861111111111112)",1,98.00000000000011,12283
"(0.7638888888888888, 1.0)",1,98.0000000000001,12284
"(0.9333333333333332, 0.9833333333333332)",1,98.00000000000009,12285
"(0.85, 1.0)",1,98.00000000000009,12286
"(0.8472222222222222, 1.0)",1,98.00000000000009,12287
"(0.8458333333333333, 0.9833333333333332)",1,98.00000000000009,12288
"(0.95, 0.9833333333333332)",2,98.00000000000009,12290
"(0.9444444444444444, 1.0)",2,98.00000000000006,12292
"(0.5930232558139535, 1.0)",1,98.00000000000006,12293
"(0.9833333333333332, 1.0)",1,98.00000000000006,12294
"(0.8666666666666667, 1.0)",1,98.00000000000006,12295
"(0.875, 1.0)",3,98.00000000000004,12298
"(0.95, 0.9833333333333332)",1,98.00000000000004,12299
"(0.7333333333333333, 1.0)",1,98.00000000000004,12300
"(0.8833333333333333, 1.0)",1,98.00000000000004,12301
"(0.9333333333333332, 1.0)",1,98.00000000000004,12302
"(0.8666666666666667, 1.0)",1,98.00000000000004,12303
"(0.9305555555555556, 1.0)",1,98.00000000000004,12304
"(0.8833333333333333, 1.0)",2,98.00000000000004,12306
"(0.8333333333333334, 1.0)",1,98.00000000000004,12307
"(0.7777777777777778, 1.0)",1,98.00000000000004,12308
"(1.0, 1.0)",1,98.0,12309
"(0.7333333333333333, 1.0)",1,98.0,12310
"(0.85, 1.0)",1,98.0,12311
"(0.9166666666666666, 1.0)",1,98.0,12312
"(0.8611111111111112, 1.0)",4,98.0,12316
"(0.9666666666666668, 1.0)",4,98.0,12320
"(0.95, 1.0)",1,98.0,12321
"(0.9375, 0.9833333333333332)",1,98.0,12322
"(0.9833333333333332, 1.0)",1,98.0,12323
"(0.8666666666666667, 1.0)",1,98.0,12324
"(0.8833333333333333, 1.0)",1,98.0,12325
"(0.9666666666666668, 0.9666666666666668)",1,97.99999999999996,12326
"(0.9166666666666666, 0.9875)",1,97.99999999999989,12327
"(0.9291666666666668, 0.9916666666666668)",1,97.99999999999989,12328
"(0.9375, 0.9875)",1,97.99999999999986,12329
"(0.9, 0.9875)",1,97.99999999999984,12330
"(0.8875, 0.9875)",1,97.9958333333333,12331
"(0.9, 0.9875)",1,97.99583333333317,12332
"(0.9458333333333332, 0.9833333333333332)",1,97.99166666666676,12333
"(0.975, 0.975)",1,97.99166666666665,12334
"(0.9125, 0.9958333333333332)",1,97.99166666666662,12335
"(0.9333333333333332, 0.9875)",1,97.99166666666656,12336
"(0.9333333333333332, 0.9875)",1,97.9916666666665,12337
"(0.6395348837209303, 0.9883720930232558)",1,97.98837209302329,12338
"(0.4883720930232558, 1.0)",1,97.98837209302329,12339
"(0.6162790697674418, 0.9883720930232558)",1,97.98837209302329,12340
"(0.5930232558139535, 0.9883720930232558)",1,97.98837209302329,12341
"(0.9208333333333332, 0.9875)",1,97.9874999999999,12342
"(0.975, 0.9833333333333332)",1,97.9874999999999,12343
"(0.95, 0.9875)",1,97.98749999999986,12344
"(0.9027777777777778, 0.9861111111111112)",1,97.98611111111131,12345
"(0.9444444444444444, 0.9861111111111112)",1,97.98611111111131,12346
"(0.7638888888888888, 0.9861111111111112)",4,97.98611111111131,12350
"(0.9444444444444444, 0.9861111111111112)",1,97.9861111111113,12351
"(0.7638888888888888, 0.9861111111111112)",1,97.9861111111113,12352
"(0.9444444444444444, 0.9861111111111112)",1,97.98611111111128,12353
"(0.8472222222222222, 1.0)",1,97.9861111111112,12354
"(0.8194444444444444, 1.0)",1,97.9861111111112,12355
"(0.9027777777777778, 0.9861111111111112)",1,97.98611111111116,12356
"(0.7777777777777778, 1.0)",1,97.98611111111114,12357
"(0.7916666666666666, 1.0)",1,97.98611111111114,12358
"(0.8472222222222222, 1.0)",1,97.98611111111114,12359
"(0.9444444444444444, 1.0)",1,97.98611111111111,12360
"(0.9305555555555556, 1.0)",1,97.98611111111111,12361
"(0.8611111111111112, 1.0)",1,97.98611111111111,12362
"(0.7083333333333334, 1.0)",1,97.98611111111111,12363
"(0.9208333333333332, 0.9833333333333332)",1,97.98333333333343,12364
"(0.9583333333333334, 0.9958333333333332)",1,97.98333333333342,12365
"(0.8458333333333333, 0.9875)",1,97.9833333333334,12366
"(0.95, 1.0)",1,97.9833333333334,12367
"(1.0, 0.9666666666666668)",1,97.9833333333334,12368
"(0.8333333333333334, 1.0)",1,97.9833333333334,12369
"(0.9, 1.0)",1,97.9833333333334,12370
"(0.9, 1.0)",1,97.98333333333338,12371
"(0.8666666666666667, 1.0)",3,97.98333333333338,12374
"(0.8, 1.0)",1,97.98333333333338,12375
"(0.9166666666666666, 1.0)",1,97.98333333333338,12376
"(1.0, 1.0)",1,97.98333333333338,12377
"(0.9333333333333332, 1.0)",1,97.98333333333338,12378
"(0.8666666666666667, 1.0)",2,97.98333333333336,12380
"(0.8833333333333333, 1.0)",2,97.98333333333336,12382
"(0.8166666666666667, 1.0)",3,97.98333333333336,12385
"(0.85, 1.0)",1,97.98333333333336,12386
"(0.9291666666666668, 0.9791666666666666)",1,97.98333333333336,12387
"(0.9, 1.0)",2,97.98333333333336,12389
"(0.8166666666666667, 1.0)",2,97.98333333333336,12391
"(0.8833333333333333, 1.0)",1,97.98333333333336,12392
"(0.95, 1.0)",1,97.98333333333332,12393
"(0.8833333333333333, 1.0)",1,97.98333333333332,12394
"(0.85, 1.0)",1,97.98333333333332,12395
"(0.9833333333333332, 1.0)",3,97.98333333333332,12398
"(0.9, 1.0)",1,97.98333333333332,12399
"(1.0, 1.0)",2,97.98333333333332,12401
"(0.75, 1.0)",1,97.98333333333332,12402
"(0.9666666666666668, 1.0)",1,97.98333333333332,12403
"(0.7166666666666667, 1.0)",2,97.98333333333332,12405
"(0.9375, 0.9875)",2,97.9833333333332,12407
"(0.9375, 0.9958333333333332)",1,97.9833333333332,12408
"(0.9416666666666668, 0.9875)",1,97.98333333333316,12409
"(0.9208333333333332, 0.9916666666666668)",1,97.98333333333314,12410
"(0.875, 0.9791666666666666)",1,97.97916666666669,12411
"(0.925, 0.9958333333333332)",1,97.9791666666666,12412
"(0.925, 0.9916666666666668)",1,97.9791666666666,12413
"(0.9458333333333332, 0.9958333333333332)",1,97.9791666666666,12414
"(0.8833333333333333, 0.9916666666666668)",1,97.97916666666652,12415
"(0.95, 0.9916666666666668)",1,97.97916666666652,12416
"(0.9208333333333332, 0.9875)",1,97.97916666666649,12417
"(0.8488372093023255, 1.0)",1,97.97674418604662,12418
"(0.6162790697674418, 1.0)",1,97.97674418604656,12419
"(0.4883720930232558, 0.9883720930232558)",1,97.97674418604656,12420
"(0.8255813953488372, 1.0)",1,97.97674418604656,12421
"(0.7674418604651163, 1.0)",2,97.97674418604656,12423
"(0.7674418604651163, 0.9883720930232558)",1,97.97674418604656,12424
"(0.5930232558139535, 0.9883720930232558)",2,97.97674418604652,12426
"(0.627906976744186, 1.0)",1,97.97674418604652,12427
"(0.9666666666666668, 0.9791666666666666)",1,97.97500000000008,12428
"(0.9583333333333334, 0.9791666666666666)",1,97.97500000000002,12429
"(0.8625, 0.9916666666666668)",2,97.97499999999994,12431
"(0.9833333333333332, 0.975)",1,97.97499999999992,12432
"(0.8611111111111112, 0.9861111111111112)",1,97.97222222222244,12433
"(0.9444444444444444, 0.9861111111111112)",1,97.97222222222244,12434
"(0.75, 0.9861111111111112)",3,97.97222222222244,12437
"(0.9305555555555556, 0.9861111111111112)",1,97.9722222222224,12438
"(0.75, 1.0)",1,97.97222222222234,12439
"(0.8611111111111112, 1.0)",1,97.97222222222231,12440
"(0.7083333333333334, 1.0)",1,97.97222222222231,12441
"(0.8194444444444444, 1.0)",1,97.97222222222231,12442
"(0.8333333333333334, 1.0)",1,97.9722222222223,12443
"(0.8194444444444444, 1.0)",1,97.9722222222223,12444
"(0.7083333333333334, 1.0)",1,97.97222222222229,12445
"(0.8333333333333334, 1.0)",1,97.97222222222226,12446
"(0.875, 1.0)",1,97.97222222222224,12447
"(0.6111111111111112, 1.0)",1,97.97222222222224,12448
"(0.95, 0.9791666666666666)",1,97.97083333333336,12449
"(0.8541666666666666, 0.9916666666666668)",1,97.97083333333325,12450
"(0.9291666666666668, 0.9916666666666668)",1,97.97083333333316,12451
"(0.9791666666666666, 0.9833333333333332)",1,97.97083333333312,12452
"(0.9833333333333332, 0.9833333333333332)",1,97.96666666666674,12453
"(0.8666666666666667, 0.9833333333333332)",1,97.96666666666673,12454
"(0.9333333333333332, 1.0)",2,97.96666666666673,12456
"(0.95, 1.0)",1,97.96666666666673,12457
"(0.8666666666666667, 1.0)",1,97.96666666666673,12458
"(0.9166666666666666, 1.0)",1,97.96666666666673,12459
"(0.75, 1.0)",1,97.9666666666667,12460
"(0.9166666666666666, 1.0)",1,97.9666666666667,12461
"(0.8833333333333333, 0.9833333333333332)",2,97.9666666666667,12463
"(0.9, 1.0)",1,97.9666666666667,12464
"(0.9416666666666668, 0.9791666666666666)",1,97.96666666666668,12465
"(0.9666666666666668, 1.0)",2,97.96666666666668,12467
"(0.9333333333333332, 1.0)",1,97.96666666666668,12468
"(0.75, 1.0)",1,97.96666666666668,12469
"(0.7166666666666667, 1.0)",1,97.96666666666668,12470
"(0.9666666666666668, 1.0)",1,97.96666666666668,12471
"(0.8833333333333333, 1.0)",1,97.96666666666668,12472
"(0.85, 1.0)",1,97.96666666666668,12473
"(0.95, 1.0)",2,97.96666666666668,12475
"(0.8, 1.0)",1,97.96666666666668,12476
"(0.8166666666666667, 1.0)",1,97.96666666666668,12477
"(0.9833333333333332, 1.0)",1,97.96666666666668,12478
"(0.9333333333333332, 1.0)",1,97.96666666666668,12479
"(0.6666666666666666, 1.0)",2,97.96666666666668,12481
"(0.8833333333333333, 1.0)",2,97.96666666666668,12483
"(1.0, 1.0)",1,97.96666666666668,12484
"(0.9375, 0.9833333333333332)",1,97.96666666666664,12485
"(0.9, 0.9916666666666668)",2,97.9666666666666,12487
"(0.975, 0.9916666666666668)",1,97.96666666666648,12488
"(0.8255813953488372, 0.9883720930232558)",1,97.96511627906987,12489
"(0.7674418604651163, 1.0)",1,97.96511627906982,12490
"(0.7674418604651163, 0.9883720930232558)",1,97.96511627906982,12491
"(0.8255813953488372, 1.0)",1,97.9651162790698,12492
"(0.4883720930232558, 0.9883720930232558)",2,97.9651162790698,12494
"(0.872093023255814, 1.0)",1,97.9651162790698,12495
"(0.8837209302325582, 1.0)",1,97.9651162790698,12496
"(0.8488372093023255, 1.0)",1,97.9651162790698,12497
"(0.5930232558139535, 0.9883720930232558)",1,97.9651162790698,12498
"(0.8458333333333333, 0.9833333333333332)",1,97.96250000000003,12499
"(0.9291666666666668, 0.9958333333333332)",1,97.96249999999984,12500
"(0.8833333333333333, 0.9875)",1,97.96249999999984,12501
"(0.8611111111111112, 0.9861111111111112)",1,97.95833333333351,12502
"(0.9083333333333332, 0.9833333333333332)",1,97.9583333333334,12503
"(0.9166666666666666, 1.0)",1,97.9583333333334,12504
"(0.6944444444444444, 1.0)",1,97.95833333333336,12505
"(0.8333333333333334, 1.0)",1,97.95833333333336,12506
"(0.9027777777777778, 1.0)",1,97.95833333333336,12507
"(0.8791666666666667, 0.9791666666666666)",1,97.95833333333336,12508
"(0.875, 1.0)",1,97.95833333333336,12509
"(0.875, 1.0)",1,97.95833333333336,12510
"(0.875, 1.0)",1,97.95833333333331,12511
"(0.8958333333333334, 0.9875)",1,97.9583333333332,12512
"(0.9666666666666668, 0.9875)",1,97.95833333333316,12513
"(0.9625, 0.9916666666666668)",2,97.95416666666652,12515
"(0.825, 0.9958333333333332)",1,97.9541666666665,12516
"(0.9125, 0.9916666666666668)",1,97.95416666666648,12517
"(0.7558139534883721, 1.0)",1,97.95348837209306,12518
"(0.95, 0.9833333333333332)",6,97.95000000000007,12524
"(1.0, 0.9833333333333332)",1,97.95000000000007,12525
"(1.0, 0.9833333333333332)",1,97.95000000000007,12526
"(0.8166666666666667, 0.9833333333333332)",4,97.95000000000007,12530
"(0.7333333333333333, 1.0)",1,97.95000000000006,12531
"(0.7333333333333333, 1.0)",1,97.95000000000005,12532
"(0.9166666666666666, 1.0)",1,97.95000000000005,12533
"(0.9333333333333332, 1.0)",1,97.95000000000005,12534
"(0.9166666666666666, 1.0)",1,97.95000000000005,12535
"(0.85, 1.0)",2,97.95000000000005,12537
"(0.8333333333333334, 1.0)",1,97.95000000000005,12538
"(0.8333333333333334, 1.0)",1,97.95000000000005,12539
"(0.8375, 0.9958333333333332)",1,97.95000000000002,12540
"(0.8333333333333334, 1.0)",1,97.95000000000002,12541
"(0.9666666666666668, 1.0)",1,97.95000000000002,12542
"(0.8166666666666667, 1.0)",2,97.95000000000002,12544
"(0.8333333333333334, 1.0)",2,97.95,12546
"(0.95, 1.0)",1,97.95,12547
"(0.9833333333333332, 1.0)",1,97.95,12548
"(0.7833333333333333, 1.0)",1,97.95,12549
"(0.7333333333333333, 1.0)",1,97.95,12550
"(1.0, 1.0)",3,97.95,12553
"(0.9, 1.0)",1,97.95,12554
"(0.8833333333333333, 1.0)",2,97.95,12556
"(0.85, 1.0)",1,97.95,12557
"(0.9333333333333332, 0.9916666666666668)",1,97.94999999999987,12558
"(0.9375, 0.9916666666666668)",1,97.94999999999987,12559
"(0.9, 0.9875)",1,97.94999999999982,12560
"(0.8541666666666666, 0.9958333333333332)",2,97.94583333333335,12562
"(0.9833333333333332, 0.9625)",1,97.94583333333333,12563
"(0.975, 0.975)",1,97.94583333333328,12564
"(0.9375, 0.9833333333333332)",1,97.94583333333328,12565
"(0.875, 0.9958333333333332)",1,97.94583333333324,12566
"(0.8666666666666667, 0.9916666666666668)",1,97.94583333333316,12567
"(0.9208333333333332, 0.9875)",1,97.94583333333316,12568
"(0.8472222222222222, 0.9861111111111112)",1,97.94444444444464,12569
"(0.8888888888888888, 0.9861111111111112)",3,97.94444444444464,12572
"(0.7638888888888888, 0.9861111111111112)",3,97.94444444444464,12575
"(0.8611111111111112, 1.0)",1,97.94444444444451,12576
"(0.9166666666666666, 1.0)",1,97.94444444444451,12577
"(0.6944444444444444, 0.9861111111111112)",1,97.94444444444451,12578
"(0.9444444444444444, 1.0)",1,97.9444444444445,12579
"(0.8333333333333334, 1.0)",1,97.94444444444449,12580
"(0.8333333333333334, 1.0)",1,97.94444444444449,12581
"(0.7638888888888888, 1.0)",1,97.94444444444446,12582
"(0.7083333333333334, 1.0)",2,97.94444444444446,12584
"(0.9305555555555556, 1.0)",1,97.94444444444446,12585
"(0.875, 1.0)",1,97.94444444444446,12586
"(0.8333333333333334, 1.0)",1,97.94444444444444,12587
"(0.8604651162790697, 0.9883720930232558)",1,97.9418604651164,12588
"(0.9534883720930232, 1.0)",1,97.94186046511632,12589
"(0.813953488372093, 1.0)",1,97.94186046511632,12590
"(0.5930232558139535, 1.0)",1,97.9418604651163,12591
"(0.9375, 0.9916666666666668)",2,97.94166666666662,12593
"(0.9666666666666668, 0.9833333333333332)",1,97.94166666666662,12594
"(0.9041666666666668, 0.9916666666666668)",1,97.94166666666662,12595
"(0.9416666666666668, 0.9875)",2,97.94166666666652,12597
"(0.9375, 0.9958333333333332)",1,97.94166666666648,12598
"(0.9208333333333332, 0.9791666666666666)",1,97.93750000000009,12599
"(0.9416666666666668, 0.9791666666666666)",1,97.93750000000004,12600
"(0.9208333333333332, 0.9833333333333332)",1,97.93750000000004,12601
"(0.9, 0.9833333333333332)",1,97.9375,12602
"(0.825, 0.9916666666666668)",2,97.93749999999994,12604
"(0.9, 0.9875)",1,97.93749999999989,12605
"(0.9875, 0.9791666666666666)",2,97.93749999999984,12607
"(0.9083333333333332, 0.9916666666666668)",1,97.93749999999984,12608
"(0.925, 0.9958333333333332)",1,97.93749999999982,12609
"(0.9666666666666668, 1.0)",1,97.9333333333334,12610
"(1.0, 0.9833333333333332)",1,97.9333333333334,12611
"(1.0, 1.0)",1,97.9333333333334,12612
"(0.7333333333333333, 0.9833333333333332)",1,97.9333333333334,12613
"(0.9833333333333332, 0.9833333333333332)",1,97.9333333333334,12614
"(0.7666666666666667, 1.0)",2,97.93333333333338,12616
"(0.8333333333333334, 1.0)",1,97.93333333333337,12617
"(0.9, 1.0)",2,97.93333333333337,12619
"(0.85, 1.0)",2,97.93333333333337,12621
"(0.8833333333333333, 1.0)",1,97.93333333333337,12622
"(0.8166666666666667, 1.0)",2,97.93333333333337,12624
"(0.8333333333333334, 1.0)",1,97.93333333333337,12625
"(0.9333333333333332, 1.0)",2,97.93333333333337,12627
"(1.0, 1.0)",1,97.93333333333337,12628
"(0.9666666666666668, 1.0)",1,97.93333333333337,12629
"(0.75, 1.0)",1,97.93333333333337,12630
"(0.7333333333333333, 1.0)",3,97.93333333333337,12633
"(0.9166666666666666, 1.0)",1,97.93333333333337,12634
"(0.95, 1.0)",2,97.93333333333334,12636
"(0.7833333333333333, 1.0)",1,97.93333333333334,12637
"(0.7333333333333333, 1.0)",1,97.93333333333334,12638
"(0.7666666666666667, 1.0)",1,97.93333333333334,12639
"(0.8166666666666667, 1.0)",1,97.93333333333334,12640
"(0.75, 1.0)",1,97.93333333333334,12641
"(0.9333333333333332, 1.0)",1,97.93333333333334,12642
"(0.6666666666666666, 1.0)",1,97.93333333333334,12643
"(0.85, 1.0)",2,97.93333333333334,12645
"(0.8333333333333334, 1.0)",2,97.93333333333334,12647
"(0.8833333333333333, 1.0)",1,97.93333333333334,12648
"(0.9666666666666668, 1.0)",1,97.93333333333334,12649
"(0.9833333333333332, 1.0)",2,97.93333333333334,12651
"(0.8666666666666667, 1.0)",3,97.93333333333334,12654
"(0.9666666666666668, 0.9833333333333332)",1,97.93333333333332,12655
"(0.9041666666666668, 0.9958333333333332)",1,97.93333333333328,12656
"(0.875, 0.9958333333333332)",1,97.93333333333324,12657
"(0.9625, 0.9958333333333332)",1,97.9333333333332,12658
"(0.9041666666666668, 0.9916666666666668)",1,97.93333333333312,12659
"(0.7361111111111112, 0.9861111111111112)",1,97.93055555555576,12660
"(0.8472222222222222, 0.9861111111111112)",1,97.93055555555576,12661
"(0.75, 0.9861111111111112)",2,97.93055555555571,12663
"(0.7083333333333334, 1.0)",1,97.93055555555564,12664
"(0.9583333333333334, 1.0)",4,97.9305555555556,12668
"(0.8333333333333334, 0.9861111111111112)",1,97.9305555555556,12669
"(0.9305555555555556, 1.0)",1,97.9305555555556,12670
"(0.7083333333333334, 1.0)",1,97.9305555555556,12671
"(0.7777777777777778, 1.0)",1,97.93055555555556,12672
"(0.8055555555555556, 0.9861111111111112)",1,97.93055555555556,12673
"(0.7638888888888888, 1.0)",1,97.93055555555556,12674
"(0.7638888888888888, 1.0)",1,97.93055555555556,12675
"(0.8837209302325582, 0.9883720930232558)",1,97.9302325581396,12676
"(0.9208333333333332, 0.9958333333333332)",1,97.92916666666672,12677
"(0.8625, 0.9916666666666668)",1,97.92916666666665,12678
"(0.9208333333333332, 0.9875)",1,97.9291666666666,12679
"(0.9666666666666668, 0.9833333333333332)",1,97.9291666666666,12680
"(0.9208333333333332, 0.9833333333333332)",1,97.9291666666666,12681
"(0.95, 0.9916666666666668)",1,97.9291666666666,12682
"(0.9, 0.9958333333333332)",1,97.92916666666652,12683
"(0.9291666666666668, 0.9875)",1,97.92916666666648,12684
"(0.925, 0.9833333333333332)",1,97.92500000000013,12685
"(0.9666666666666668, 0.9875)",1,97.92500000000008,12686
"(0.9375, 0.9791666666666666)",1,97.92500000000004,12687
"(0.8791666666666667, 0.9708333333333332)",1,97.92500000000004,12688
"(0.9041666666666668, 0.9958333333333332)",1,97.92499999999998,12689
"(0.9833333333333332, 0.9875)",1,97.92499999999994,12690
"(0.8625, 0.9958333333333332)",1,97.92499999999993,12691
"(0.9458333333333332, 0.9958333333333332)",1,97.92499999999993,12692
"(0.9, 0.9916666666666668)",1,97.92499999999993,12693
"(0.9, 0.9875)",1,97.92499999999986,12694
"(0.9375, 0.9833333333333332)",1,97.92499999999984,12695
"(0.9083333333333332, 0.9791666666666666)",1,97.9208333333334,12696
"(0.9041666666666668, 0.9791666666666666)",1,97.92083333333336,12697
"(0.9208333333333332, 0.9875)",1,97.9208333333333,12698
"(0.9291666666666668, 0.9875)",1,97.92083333333318,12699
"(0.8916666666666667, 0.9916666666666668)",1,97.92083333333316,12700
"(0.8255813953488372, 0.9883720930232558)",1,97.91860465116292,12701
"(0.7674418604651163, 1.0)",1,97.9186046511628,12702
"(0.875, 0.9861111111111112)",1,97.91666666666688,12703
"(0.9444444444444444, 0.9861111111111112)",5,97.91666666666688,12708
"(0.8611111111111112, 0.9861111111111112)",2,97.91666666666688,12710
"(0.9444444444444444, 0.9861111111111112)",1,97.91666666666686,12711
"(0.8333333333333334, 0.9861111111111112)",1,97.91666666666684,12712
"(0.9027777777777778, 0.9861111111111112)",1,97.91666666666684,12713
"(0.9, 0.9791666666666666)",1,97.91666666666676,12714
"(0.7333333333333333, 1.0)",1,97.91666666666676,12715
"(0.7777777777777778, 1.0)",2,97.91666666666676,12717
"(0.9666666666666668, 0.9833333333333332)",1,97.91666666666674,12718
"(0.9166666666666666, 1.0)",1,97.91666666666671,12719
"(0.8666666666666667, 1.0)",1,97.91666666666671,12720
"(0.8458333333333333, 0.9833333333333332)",2,97.91666666666671,12722
"(0.9166666666666666, 1.0)",1,97.91666666666671,12723
"(0.9166666666666666, 1.0)",1,97.9166666666667,12724
"(0.8833333333333333, 0.9833333333333332)",1,97.9166666666667,12725
"(0.9833333333333332, 1.0)",1,97.9166666666667,12726
"(0.8666666666666667, 0.9833333333333332)",1,97.9166666666667,12727
"(0.7666666666666667, 1.0)",2,97.9166666666667,12729
"(0.6833333333333333, 1.0)",1,97.91666666666669,12730
"(0.7361111111111112, 1.0)",1,97.91666666666669,12731
"(0.8333333333333334, 1.0)",1,97.91666666666669,12732
"(0.8166666666666667, 1.0)",1,97.91666666666669,12733
"(0.8, 1.0)",1,97.91666666666669,12734
"(0.7083333333333334, 1.0)",1,97.91666666666669,12735
"(0.7166666666666667, 1.0)",1,97.91666666666669,12736
"(0.9333333333333332, 1.0)",1,97.91666666666669,12737
"(0.975, 0.9916666666666668)",1,97.91666666666669,12738
"(0.9833333333333332, 1.0)",1,97.91666666666669,12739
"(0.8333333333333334, 1.0)",1,97.91666666666669,12740
"(0.8666666666666667, 1.0)",4,97.91666666666669,12744
"(0.8611111111111112, 1.0)",1,97.91666666666669,12745
"(0.85, 1.0)",1,97.91666666666669,12746
"(0.7638888888888888, 1.0)",1,97.91666666666669,12747
"(0.7166666666666667, 1.0)",1,97.91666666666666,12748
"(0.9305555555555556, 1.0)",4,97.91666666666666,12752
"(0.7333333333333333, 1.0)",2,97.91666666666666,12754
"(0.85, 1.0)",1,97.91666666666666,12755
"(0.8333333333333334, 1.0)",1,97.91666666666666,12756
"(0.8666666666666667, 1.0)",1,97.91666666666666,12757
"(0.9833333333333332, 1.0)",1,97.91666666666666,12758
"(0.8833333333333333, 1.0)",2,97.91666666666666,12760
"(1.0, 1.0)",5,97.91666666666666,12765
"(0.9208333333333332, 0.9791666666666666)",1,97.91666666666664,12766
"(0.8916666666666667, 0.9875)",1,97.91666666666656,12767
"(0.9291666666666668, 0.9875)",1,97.91666666666652,12768
"(0.8958333333333334, 0.9875)",1,97.91666666666649,12769
"(0.9291666666666668, 0.9791666666666666)",1,97.91250000000012,12770
"(0.9583333333333334, 0.9791666666666666)",1,97.91250000000008,12771
"(0.9583333333333334, 0.9958333333333332)",1,97.91249999999998,12772
"(0.9833333333333332, 0.9833333333333332)",1,97.91249999999994,12773
"(0.8541666666666666, 0.9916666666666668)",1,97.9124999999999,12774
"(0.9375, 0.9916666666666668)",2,97.91249999999988,12776
"(0.9416666666666668, 0.9833333333333332)",1,97.91249999999988,12777
"(0.8833333333333333, 0.9875)",1,97.91249999999984,12778
"(0.9958333333333332, 0.9958333333333332)",1,97.9124999999998,12779
"(0.9083333333333332, 0.9833333333333332)",1,97.90833333333342,12780
"(0.9833333333333332, 0.9958333333333332)",1,97.90833333333336,12781
"(0.9208333333333332, 0.9791666666666666)",1,97.90833333333336,12782
"(0.875, 0.9958333333333332)",1,97.90833333333332,12783
"(0.9375, 0.9833333333333332)",2,97.9083333333333,12785
"(0.925, 0.9958333333333332)",1,97.90833333333325,12786
"(0.8916666666666667, 0.9875)",1,97.9083333333332,12787
"(0.9651162790697676, 0.9767441860465116)",1,97.90697674418618,12788
"(0.9302325581395348, 0.9883720930232558)",1,97.90697674418612,12789
"(0.8255813953488372, 1.0)",1,97.9069767441861,12790
"(0.872093023255814, 1.0)",1,97.90697674418608,12791
"(0.8255813953488372, 0.9883720930232558)",1,97.90697674418608,12792
"(0.4651162790697674, 1.0)",1,97.90697674418604,12793
"(0.9416666666666668, 0.9833333333333332)",1,97.90416666666664,12794
"(0.9416666666666668, 0.9916666666666668)",2,97.9041666666666,12796
"(0.9833333333333332, 0.9708333333333332)",1,97.9041666666666,12797
"(0.8708333333333333, 0.9875)",1,97.90416666666653,12798
"(0.925, 0.9875)",1,97.9041666666665,12799
"(0.9291666666666668, 0.9916666666666668)",2,97.90416666666646,12801
"(0.8611111111111112, 0.9861111111111112)",2,97.90277777777798,12803
"(0.8194444444444444, 0.9861111111111112)",1,97.90277777777798,12804
"(0.9166666666666666, 0.9861111111111112)",1,97.90277777777796,12805
"(0.8611111111111112, 0.9861111111111112)",2,97.90277777777796,12807
"(0.7638888888888888, 0.9861111111111112)",1,97.90277777777791,12808
"(0.9444444444444444, 1.0)",1,97.90277777777789,12809
"(0.7777777777777778, 1.0)",1,97.9027777777778,12810
"(0.7083333333333334, 1.0)",1,97.9027777777778,12811
"(0.7361111111111112, 1.0)",1,97.9027777777778,12812
"(0.875, 1.0)",1,97.9027777777778,12813
"(0.9833333333333332, 0.9833333333333332)",1,97.90000000000008,12814
"(0.9333333333333332, 1.0)",1,97.90000000000008,12815
"(0.9833333333333332, 0.9833333333333332)",4,97.90000000000006,12819
"(0.75, 1.0)",1,97.90000000000003,12820
"(0.8833333333333333, 0.9833333333333332)",1,97.90000000000003,12821
"(0.8, 1.0)",2,97.90000000000003,12823
"(0.8833333333333333, 1.0)",1,97.90000000000003,12824
"(0.9, 1.0)",1,97.90000000000003,12825
"(0.9208333333333332, 0.9791666666666666)",1,97.90000000000003,12826
"(0.95, 1.0)",1,97.90000000000003,12827
"(0.9166666666666666, 1.0)",1,97.90000000000003,12828
"(0.9166666666666666, 1.0)",1,97.90000000000002,12829
"(0.9208333333333332, 0.9791666666666666)",1,97.90000000000002,12830
"(0.85, 1.0)",1,97.90000000000002,12831
"(0.7333333333333333, 1.0)",1,97.90000000000002,12832
"(0.7333333333333333, 1.0)",1,97.9,12833
"(0.8666666666666667, 1.0)",1,97.9,12834
"(0.9833333333333332, 1.0)",2,97.9,12836
"(0.9666666666666668, 1.0)",1,97.9,12837
"(0.9166666666666666, 1.0)",1,97.9,12838
"(0.8, 1.0)",2,97.9,12840
"(0.975, 0.9666666666666668)",1,97.9,12841
"(0.9208333333333332, 0.9958333333333332)",1,97.8999999999999,12842
"(0.8958333333333334, 0.9875)",1,97.89999999999986,12843
"(0.9375, 0.9958333333333332)",1,97.89583333333336,12844
"(0.9083333333333332, 0.9833333333333332)",1,97.89583333333336,12845
"(0.9208333333333332, 0.9916666666666668)",1,97.89583333333334,12846
"(0.9666666666666668, 0.9875)",1,97.89583333333334,12847
"(0.9375, 0.9791666666666666)",1,97.89583333333334,12848
"(0.9708333333333332, 0.9916666666666668)",1,97.8958333333333,12849
"(0.9708333333333332, 0.9833333333333332)",1,97.89583333333324,12850
"(0.9208333333333332, 0.9916666666666668)",1,97.89583333333324,12851
"(0.8958333333333334, 0.9916666666666668)",1,97.8958333333332,12852
"(0.9625, 0.9916666666666668)",1,97.8958333333332,12853
"(0.9791666666666666, 0.9916666666666668)",1,97.89583333333316,12854
"(0.872093023255814, 0.9883720930232558)",1,97.89534883720944,12855
"(0.8837209302325582, 1.0)",2,97.89534883720935,12857
"(0.5930232558139535, 1.0)",1,97.89534883720934,12858
"(0.872093023255814, 1.0)",1,97.89534883720933,12859
"(0.8604651162790697, 1.0)",1,97.89534883720933,12860
"(0.9416666666666668, 0.9875)",1,97.89166666666677,12861
"(0.875, 0.9833333333333332)",1,97.89166666666668,12862
"(0.9208333333333332, 0.9958333333333332)",1,97.89166666666668,12863
"(1.0, 0.975)",1,97.89166666666662,12864
"(0.9208333333333332, 0.9833333333333332)",1,97.8916666666666,12865
"(0.9458333333333332, 0.9916666666666668)",1,97.8916666666666,12866
"(0.9833333333333332, 0.9875)",2,97.89166666666652,12868
"(0.9625, 0.9666666666666668)",1,97.89166666666652,12869
"(0.9208333333333332, 0.9875)",1,97.89166666666652,12870
"(0.9722222222222222, 0.9861111111111112)",1,97.88888888888908,12871
"(0.8611111111111112, 0.9861111111111112)",1,97.88888888888908,12872
"(0.7638888888888888, 0.9861111111111112)",1,97.88888888888908,12873
"(0.875, 0.9861111111111112)",1,97.88888888888908,12874
"(0.8472222222222222, 0.9861111111111112)",3,97.88888888888908,12877
"(0.9027777777777778, 0.9861111111111112)",1,97.88888888888896,12878
"(0.8055555555555556, 1.0)",1,97.88888888888896,12879
"(0.7083333333333334, 1.0)",1,97.88888888888894,12880
"(0.8611111111111112, 1.0)",1,97.88888888888891,12881
"(0.8194444444444444, 1.0)",1,97.88888888888891,12882
"(0.9444444444444444, 1.0)",1,97.88888888888891,12883
"(0.8055555555555556, 1.0)",4,97.88888888888889,12887
"(0.75, 1.0)",4,97.88888888888889,12891
"(0.9416666666666668, 0.9833333333333332)",1,97.8875,12892
"(0.95, 0.9833333333333332)",2,97.88749999999996,12894
"(0.9375, 0.9916666666666668)",1,97.88749999999996,12895
"(0.8255813953488372, 0.9883720930232558)",1,97.88372093023268,12896
"(0.9186046511627908, 0.9883720930232558)",1,97.88372093023264,12897
"(0.8488372093023255, 1.0)",1,97.8837209302326,12898
"(0.7674418604651163, 0.9883720930232558)",2,97.8837209302326,12900
"(0.7674418604651163, 1.0)",1,97.88372093023258,12901
"(0.8666666666666667, 1.0)",1,97.8833333333334,12902
"(1.0, 0.9833333333333332)",1,97.8833333333334,12903
"(0.95, 0.9833333333333332)",2,97.8833333333334,12905
"(0.9208333333333332, 0.9958333333333332)",2,97.88333333333338,12907
"(0.8166666666666667, 1.0)",1,97.88333333333338,12908
"(0.9, 1.0)",1,97.88333333333338,12909
"(0.8333333333333334, 1.0)",2,97.88333333333335,12911
"(0.95, 1.0)",1,97.88333333333335,12912
"(0.9166666666666666, 1.0)",1,97.88333333333335,12913
"(0.7166666666666667, 1.0)",1,97.88333333333335,12914
"(0.9, 1.0)",1,97.88333333333335,12915
"(0.85, 1.0)",1,97.88333333333335,12916
"(0.6666666666666666, 1.0)",1,97.88333333333334,12917
"(0.9666666666666668, 1.0)",1,97.88333333333334,12918
"(1.0, 1.0)",1,97.88333333333334,12919
"(0.7166666666666667, 1.0)",2,97.88333333333333,12921
"(0.9166666666666666, 1.0)",3,97.88333333333333,12924
"(0.8833333333333333, 1.0)",2,97.88333333333333,12926
"(0.6666666666666666, 1.0)",1,97.88333333333333,12927
"(0.8, 1.0)",2,97.88333333333333,12929
"(1.0, 1.0)",2,97.88333333333333,12931
"(0.9833333333333332, 1.0)",1,97.88333333333333,12932
"(0.9375, 0.9958333333333332)",2,97.88333333333328,12934
"(0.975, 0.9958333333333332)",1,97.88333333333328,12935
"(0.925, 0.9875)",1,97.88333333333328,12936
"(0.9416666666666668, 0.9958333333333332)",1,97.88333333333324,12937
"(0.8666666666666667, 0.9875)",1,97.8833333333332,12938
"(0.9916666666666668, 0.9833333333333332)",1,97.88333333333318,12939
"(0.9666666666666668, 0.9791666666666666)",1,97.87916666666672,12940
"(0.9333333333333332, 0.9958333333333332)",1,97.87916666666663,12941
"(0.8666666666666667, 0.9958333333333332)",1,97.87916666666658,12942
"(0.9291666666666668, 0.9958333333333332)",1,97.87916666666656,12943
"(0.975, 0.9916666666666668)",2,97.87916666666652,12945
"(0.9, 0.9958333333333332)",1,97.87916666666652,12946
"(0.7777777777777778, 0.9861111111111112)",1,97.8750000000002,12947
"(0.8611111111111112, 0.9861111111111112)",2,97.8750000000002,12949
"(0.7638888888888888, 0.9861111111111112)",1,97.8750000000002,12950
"(0.9166666666666666, 0.9861111111111112)",1,97.8750000000002,12951
"(0.8472222222222222, 0.9861111111111112)",1,97.8750000000002,12952
"(0.8611111111111112, 0.9722222222222222)",1,97.87500000000016,12953
"(0.6944444444444444, 1.0)",1,97.87500000000016,12954
"(0.9722222222222222, 0.9861111111111112)",1,97.87500000000014,12955
"(0.9305555555555556, 0.9722222222222222)",2,97.87500000000011,12957
"(0.9833333333333332, 0.9791666666666666)",1,97.87500000000009,12958
"(0.925, 0.9833333333333332)",1,97.87500000000009,12959
"(0.8888888888888888, 0.9861111111111112)",1,97.87500000000006,12960
"(0.875, 1.0)",1,97.87500000000004,12961
"(0.9444444444444444, 1.0)",1,97.87500000000004,12962
"(0.8888888888888888, 1.0)",2,97.87500000000004,12964
"(0.9305555555555556, 1.0)",2,97.87500000000004,12966
"(0.925, 0.9791666666666666)",2,97.875,12968
"(0.9444444444444444, 1.0)",1,97.875,12969
"(0.8958333333333334, 0.9916666666666668)",1,97.87499999999996,12970
"(0.9208333333333332, 0.9916666666666668)",1,97.87499999999991,12971
"(0.9, 0.9833333333333332)",2,97.8749999999999,12973
"(0.9375, 0.975)",2,97.87499999999989,12975
"(0.925, 0.9958333333333332)",1,97.87499999999986,12976
"(0.8666666666666667, 0.9916666666666668)",2,97.87499999999984,12978
"(0.7790697674418605, 0.9767441860465116)",1,97.87209302325591,12979
"(0.9186046511627908, 1.0)",1,97.87209302325586,12980
"(0.7906976744186046, 1.0)",1,97.87209302325586,12981
"(0.8255813953488372, 1.0)",1,97.87209302325584,12982
"(0.6162790697674418, 1.0)",1,97.87209302325584,12983
"(0.9642857142857144, 0.9785714285714284)",1,97.87142857142857,12984
"(0.9416666666666668, 0.9791666666666666)",1,97.87083333333344,12985
"(0.9291666666666668, 0.9791666666666666)",2,97.87083333333342,12987
"(0.9416666666666668, 0.9833333333333332)",2,97.87083333333337,12989
"(0.9208333333333332, 0.9958333333333332)",1,97.87083333333324,12990
"(0.9, 0.9875)",1,97.8708333333332,12991
"(0.9208333333333332, 0.9875)",1,97.87083333333317,12992
"(1.0, 1.0)",1,97.86666666666676,12993
"(0.9666666666666668, 0.9833333333333332)",1,97.86666666666676,12994
"(0.9833333333333332, 0.9833333333333332)",2,97.86666666666672,12996
"(0.7666666666666667, 1.0)",1,97.86666666666672,12997
"(0.9166666666666666, 0.9833333333333332)",4,97.86666666666672,13001
"(0.9666666666666668, 0.9833333333333332)",1,97.86666666666672,13002
"(0.9333333333333332, 0.9833333333333332)",2,97.86666666666672,13004
"(1.0, 0.9833333333333332)",2,97.86666666666672,13006
"(0.8333333333333334, 1.0)",2,97.86666666666672,13008
"(0.9166666666666666, 1.0)",1,97.86666666666672,13009
"(0.9, 1.0)",1,97.86666666666672,13010
"(0.9, 0.9791666666666666)",1,97.8666666666667,13011
"(0.9666666666666668, 1.0)",1,97.8666666666667,13012
"(0.75, 1.0)",1,97.8666666666667,13013
"(0.9166666666666666, 1.0)",1,97.8666666666667,13014
"(0.9, 1.0)",1,97.8666666666667,13015
"(0.8166666666666667, 1.0)",1,97.8666666666667,13016
"(0.8333333333333334, 1.0)",3,97.86666666666667,13019
"(0.8833333333333333, 1.0)",1,97.86666666666667,13020
"(0.9833333333333332, 1.0)",1,97.86666666666667,13021
"(0.8666666666666667, 1.0)",1,97.86666666666667,13022
"(0.9333333333333332, 1.0)",1,97.86666666666667,13023
"(0.8833333333333333, 1.0)",1,97.86666666666667,13024
"(0.9666666666666668, 1.0)",3,97.86666666666667,13027
"(0.9, 1.0)",1,97.86666666666667,13028
"(0.8, 1.0)",3,97.86666666666667,13031
"(0.8166666666666667, 1.0)",2,97.86666666666667,13033
"(0.7666666666666667, 1.0)",2,97.86666666666667,13035
"(0.9791666666666666, 0.9791666666666666)",1,97.86666666666666,13036
"(0.9375, 0.9916666666666668)",1,97.8666666666666,13037
"(0.9583333333333334, 0.9958333333333332)",1,97.86666666666656,13038
"(0.9291666666666668, 0.9958333333333332)",1,97.86666666666656,13039
"(0.8958333333333334, 0.9875)",1,97.86666666666652,13040
"(0.9416666666666668, 0.9875)",1,97.8666666666665,13041
"(0.9416666666666668, 0.9916666666666668)",1,97.8666666666665,13042
"(0.9208333333333332, 0.9791666666666666)",1,97.86250000000004,13043
"(0.9833333333333332, 0.9625)",1,97.86249999999995,13044
"(0.975, 1.0)",1,97.86249999999995,13045
"(0.95, 0.975)",2,97.86249999999995,13047
"(0.9125, 0.9958333333333332)",1,97.86249999999994,13048
"(0.9125, 0.9916666666666668)",1,97.86249999999993,13049
"(0.8541666666666666, 0.9916666666666668)",1,97.8624999999999,13050
"(0.9083333333333332, 0.9916666666666668)",1,97.86249999999988,13051
"(0.925, 0.9875)",1,97.86249999999986,13052
"(0.9916666666666668, 0.9916666666666668)",1,97.8624999999998,13053
"(0.8472222222222222, 0.9861111111111112)",1,97.86111111111131,13054
"(0.9305555555555556, 0.9861111111111112)",1,97.86111111111131,13055
"(0.8194444444444444, 0.9861111111111112)",1,97.86111111111131,13056
"(0.9722222222222222, 0.9861111111111112)",1,97.86111111111131,13057
"(0.6944444444444444, 0.9861111111111112)",1,97.86111111111131,13058
"(0.7638888888888888, 0.9861111111111112)",1,97.86111111111131,13059
"(0.9166666666666666, 0.9861111111111112)",1,97.8611111111113,13060
"(0.9583333333333334, 1.0)",1,97.86111111111116,13061
"(0.9027777777777778, 0.9861111111111112)",2,97.86111111111116,13063
"(0.8611111111111112, 1.0)",1,97.86111111111116,13064
"(0.8888888888888888, 1.0)",1,97.86111111111116,13065
"(0.875, 1.0)",1,97.86111111111116,13066
"(0.75, 1.0)",2,97.86111111111111,13068
"(0.7083333333333334, 1.0)",4,97.86111111111111,13072
"(0.8611111111111112, 1.0)",1,97.86111111111111,13073
"(0.8488372093023255, 0.9883720930232558)",1,97.86046511627912,13074
"(0.8255813953488372, 1.0)",1,97.8604651162791,13075
"(0.8372093023255814, 0.9883720930232558)",1,97.86046511627907,13076
"(0.9186046511627908, 1.0)",1,97.86046511627907,13077
"(0.975, 0.9791666666666666)",1,97.85833333333343,13078
"(0.9208333333333332, 0.9875)",1,97.85833333333323,13079
"(0.9666666666666668, 0.9958333333333332)",1,97.85833333333323,13080
"(0.8375, 0.9958333333333332)",1,97.8583333333332,13081
"(0.9916666666666668, 0.9791666666666666)",1,97.85416666666671,13082
"(0.8375, 0.9958333333333332)",1,97.8541666666667,13083
"(0.875, 0.9833333333333332)",1,97.85416666666669,13084
"(0.9166666666666666, 0.9833333333333332)",1,97.85000000000008,13085
"(0.9, 0.9833333333333332)",2,97.85000000000008,13087
"(0.9458333333333332, 0.9791666666666666)",1,97.85000000000008,13088
"(0.9166666666666666, 1.0)",1,97.85000000000008,13089
"(0.9666666666666668, 0.9833333333333332)",4,97.85000000000008,13093
"(0.8333333333333334, 1.0)",1,97.85000000000008,13094
"(0.7666666666666667, 0.9833333333333332)",1,97.85000000000008,13095
"(0.7666666666666667, 1.0)",1,97.85000000000004,13096
"(0.9, 1.0)",1,97.85000000000004,13097
"(0.8666666666666667, 1.0)",1,97.85000000000004,13098
"(0.7833333333333333, 1.0)",1,97.85000000000004,13099
"(0.75, 1.0)",1,97.85000000000002,13100
"(0.7833333333333333, 1.0)",1,97.85000000000002,13101
"(1.0, 1.0)",1,97.85000000000002,13102
"(0.85, 1.0)",1,97.85000000000002,13103
"(0.8833333333333333, 1.0)",3,97.85000000000002,13106
"(0.6833333333333333, 1.0)",1,97.85,13107
"(0.875, 0.9875)",1,97.85,13108
"(0.9833333333333332, 1.0)",2,97.85,13110
"(0.7666666666666667, 1.0)",1,97.85,13111
"(0.8833333333333333, 1.0)",2,97.85,13113
"(0.95, 1.0)",1,97.85,13114
"(0.9833333333333332, 1.0)",1,97.85,13115
"(0.9666666666666668, 1.0)",1,97.84999999999998,13116
"(0.9958333333333332, 0.9833333333333332)",1,97.84999999999998,13117
"(0.9291666666666668, 0.9791666666666666)",1,97.84999999999997,13118
"(0.9208333333333332, 0.9916666666666668)",2,97.84999999999994,13120
"(0.9458333333333332, 0.9666666666666668)",1,97.84999999999992,13121
"(0.975, 0.9958333333333332)",1,97.84999999999992,13122
"(0.9166666666666666, 0.9875)",1,97.84999999999988,13123
"(0.9418604651162792, 0.9883720930232558)",2,97.8488372093024,13125
"(0.6162790697674418, 1.0)",1,97.84883720930236,13126
"(0.7906976744186046, 1.0)",1,97.84883720930236,13127
"(0.872093023255814, 1.0)",1,97.84883720930236,13128
"(0.8333333333333334, 0.9861111111111112)",2,97.84722222222244,13130
"(0.8611111111111112, 0.9861111111111112)",2,97.84722222222244,13132
"(0.8888888888888888, 0.9861111111111112)",2,97.84722222222244,13134
"(0.9444444444444444, 0.9861111111111112)",2,97.84722222222244,13136
"(0.9166666666666666, 0.9861111111111112)",2,97.84722222222244,13138
"(0.8472222222222222, 0.9861111111111112)",1,97.8472222222224,13139
"(0.9444444444444444, 0.9861111111111112)",2,97.8472222222224,13141
"(0.8611111111111112, 0.9861111111111112)",1,97.8472222222224,13142
"(0.9166666666666666, 0.9861111111111112)",1,97.8472222222224,13143
"(0.9166666666666666, 1.0)",1,97.8472222222223,13144
"(0.8055555555555556, 1.0)",1,97.84722222222229,13145
"(0.7777777777777778, 1.0)",2,97.84722222222229,13147
"(0.9305555555555556, 1.0)",2,97.84722222222229,13149
"(0.7777777777777778, 1.0)",1,97.84722222222226,13150
"(0.9444444444444444, 1.0)",2,97.84722222222226,13152
"(0.8333333333333334, 1.0)",1,97.84722222222224,13153
"(0.8333333333333334, 1.0)",4,97.8472222222222,13157
"(0.9208333333333332, 0.9833333333333332)",1,97.84583333333336,13158
"(0.9333333333333332, 0.9833333333333332)",1,97.8458333333333,13159
"(0.925, 0.9791666666666666)",1,97.84583333333327,13160
"(0.9, 0.9875)",1,97.84583333333327,13161
"(0.925, 0.9916666666666668)",1,97.84583333333327,13162
"(0.8541666666666666, 0.9916666666666668)",1,97.84583333333327,13163
"(0.9708333333333332, 0.975)",1,97.84583333333325,13164
"(0.925, 0.9916666666666668)",1,97.84583333333325,13165
"(0.9208333333333332, 0.9916666666666668)",2,97.84583333333322,13167
"(0.9, 0.9875)",1,97.84583333333322,13168
"(0.8833333333333333, 0.9875)",1,97.8458333333332,13169
"(0.825, 0.9958333333333332)",1,97.84166666666678,13170
"(0.9, 0.9833333333333332)",1,97.84166666666668,13171
"(0.9791666666666666, 0.975)",1,97.84166666666655,13172
"(0.9333333333333332, 0.9958333333333332)",1,97.84166666666654,13173
"(0.925, 0.9875)",1,97.84166666666653,13174
"(0.8833333333333333, 0.9875)",2,97.8416666666665,13176
"(0.9291666666666668, 0.9958333333333332)",2,97.83750000000003,13178
"(0.9125, 0.9833333333333332)",1,97.8375,13179
"(0.9583333333333334, 0.9958333333333332)",1,97.83749999999996,13180
"(0.875, 0.9833333333333332)",1,97.83749999999992,13181
"(0.9291666666666668, 0.9916666666666668)",1,97.8374999999999,13182
"(0.8916666666666667, 0.9875)",1,97.83749999999986,13183
"(0.9125, 0.9875)",1,97.83749999999982,13184
"(0.9651162790697676, 0.9651162790697676)",1,97.83720930232568,13185
"(0.813953488372093, 0.9883720930232558)",1,97.83720930232568,13186
"(0.8488372093023255, 0.9883720930232558)",1,97.83720930232565,13187
"(0.627906976744186, 1.0)",1,97.83720930232565,13188
"(0.872093023255814, 1.0)",1,97.8372093023256,13189
"(0.8194444444444444, 0.9861111111111112)",1,97.83333333333354,13190
"(0.8333333333333334, 0.9861111111111112)",1,97.83333333333351,13191
"(0.9444444444444444, 0.9861111111111112)",1,97.83333333333351,13192
"(0.8611111111111112, 0.9861111111111112)",1,97.83333333333351,13193
"(0.85, 1.0)",1,97.8333333333334,13194
"(0.7833333333333333, 1.0)",1,97.8333333333334,13195
"(0.8333333333333334, 1.0)",2,97.8333333333334,13197
"(0.8333333333333334, 1.0)",1,97.8333333333334,13198
"(0.8, 0.9833333333333332)",2,97.8333333333334,13200
"(0.95, 0.9833333333333332)",4,97.8333333333334,13204
"(0.9166666666666666, 1.0)",1,97.8333333333334,13205
"(0.9, 0.9833333333333332)",1,97.8333333333334,13206
"(0.9, 0.9833333333333332)",1,97.8333333333334,13207
"(0.9833333333333332, 0.9833333333333332)",1,97.8333333333334,13208
"(0.8833333333333333, 1.0)",1,97.83333333333336,13209
"(0.8333333333333334, 1.0)",1,97.83333333333336,13210
"(0.9444444444444444, 1.0)",1,97.83333333333336,13211
"(0.9027777777777778, 1.0)",1,97.83333333333336,13212
"(0.875, 1.0)",1,97.83333333333336,13213
"(0.875, 0.9861111111111112)",1,97.83333333333336,13214
"(0.6944444444444444, 1.0)",1,97.83333333333336,13215
"(0.9166666666666666, 1.0)",1,97.83333333333336,13216
"(0.9, 1.0)",2,97.83333333333336,13218
"(0.7777777777777778, 1.0)",1,97.83333333333336,13219
"(0.8055555555555556, 1.0)",1,97.83333333333336,13220
"(0.8333333333333334, 1.0)",1,97.83333333333334,13221
"(0.9833333333333332, 1.0)",2,97.83333333333334,13223
"(0.85, 1.0)",2,97.83333333333334,13225
"(0.8833333333333333, 1.0)",1,97.83333333333334,13226
"(0.9027777777777778, 1.0)",1,97.83333333333334,13227
"(0.9, 1.0)",2,97.83333333333334,13229
"(0.9166666666666666, 1.0)",1,97.83333333333334,13230
"(0.9666666666666668, 1.0)",1,97.83333333333334,13231
"(0.7638888888888888, 1.0)",4,97.83333333333331,13235
"(0.7166666666666667, 1.0)",4,97.83333333333331,13239
"(0.9583333333333334, 0.9958333333333332)",1,97.83333333333329,13240
"(0.8625, 0.9916666666666668)",1,97.8333333333332,13241
"(0.9, 0.9875)",1,97.83333333333316,13242
"(0.925, 0.9875)",1,97.83333333333314,13243
"(0.8625, 0.9958333333333332)",2,97.82916666666672,13245
"(0.9333333333333332, 0.9958333333333332)",1,97.82916666666664,13246
"(0.9208333333333332, 0.9833333333333332)",2,97.82916666666664,13248
"(0.9416666666666668, 0.9875)",1,97.82916666666662,13249
"(0.9166666666666666, 0.9875)",1,97.82916666666657,13250
"(0.8958333333333334, 0.9875)",1,97.82916666666654,13251
"(0.9791666666666666, 0.9875)",1,97.82916666666654,13252
"(0.9333333333333332, 0.9916666666666668)",1,97.82916666666652,13253
"(0.9666666666666668, 0.9875)",1,97.82916666666648,13254
"(0.8953488372093024, 0.9883720930232558)",2,97.82558139534892,13256
"(0.8255813953488372, 0.9767441860465116)",1,97.82558139534892,13257
"(0.9186046511627908, 1.0)",1,97.82558139534888,13258
"(0.7209302325581395, 0.9883720930232558)",1,97.82558139534888,13259
"(0.8372093023255814, 1.0)",1,97.82558139534888,13260
"(0.5930232558139535, 0.9883720930232558)",1,97.82558139534888,13261
"(0.7906976744186046, 1.0)",1,97.82558139534886,13262
"(0.9186046511627908, 1.0)",1,97.82558139534883,13263
"(0.9791666666666666, 0.9833333333333332)",1,97.82500000000002,13264
"(0.9625, 0.9583333333333334)",1,97.82499999999996,13265
"(0.8916666666666667, 0.9916666666666668)",1,97.8249999999999,13266
"(0.9291666666666668, 0.9958333333333332)",1,97.82499999999987,13267
"(0.9291666666666668, 0.9833333333333332)",1,97.82499999999987,13268
"(0.8958333333333334, 0.9958333333333332)",1,97.82499999999985,13269
"(0.975, 0.9833333333333332)",1,97.82499999999985,13270
"(0.95, 0.9791666666666666)",1,97.82499999999985,13271
"(0.9166666666666666, 0.9958333333333332)",1,97.82499999999985,13272
"(0.9666666666666668, 0.9916666666666668)",1,97.82499999999985,13273
"(0.95, 0.9791666666666666)",1,97.82083333333344,13274
"(0.9958333333333332, 0.975)",1,97.82083333333333,13275
"(0.9833333333333332, 0.9541666666666668)",1,97.82083333333328,13276
"(0.875, 0.9875)",2,97.82083333333328,13278
"(0.95, 0.9875)",2,97.8208333333332,13280
"(0.9305555555555556, 0.9861111111111112)",2,97.81944444444464,13282
"(0.7638888888888888, 0.9861111111111112)",2,97.81944444444464,13284
"(0.875, 0.9861111111111112)",1,97.81944444444464,13285
"(0.7916666666666666, 0.9861111111111112)",1,97.81944444444464,13286
"(0.6944444444444444, 0.9861111111111112)",6,97.81944444444464,13292
"(0.9444444444444444, 0.9861111111111112)",1,97.81944444444464,13293
"(0.7638888888888888, 0.9861111111111112)",1,97.8194444444446,13294
"(0.8333333333333334, 0.9861111111111112)",1,97.81944444444456,13295
"(0.7777777777777778, 0.9861111111111112)",1,97.81944444444451,13296
"(0.7361111111111112, 1.0)",1,97.81944444444449,13297
"(0.8333333333333334, 1.0)",1,97.81944444444446,13298
"(0.8888888888888888, 1.0)",1,97.81944444444446,13299
"(0.8611111111111112, 1.0)",1,97.81944444444444,13300
"(0.95, 0.9791666666666666)",1,97.81666666666676,13301
"(1.0, 1.0)",1,97.81666666666676,13302
"(0.8333333333333334, 1.0)",1,97.81666666666676,13303
"(0.9833333333333332, 0.9833333333333332)",1,97.81666666666676,13304
"(0.9333333333333332, 0.9833333333333332)",4,97.81666666666672,13308
"(0.9416666666666668, 0.9791666666666666)",1,97.81666666666672,13309
"(0.95, 0.9833333333333332)",5,97.81666666666672,13314
"(0.9833333333333332, 1.0)",1,97.81666666666672,13315
"(0.9666666666666668, 0.9833333333333332)",1,97.81666666666672,13316
"(0.8333333333333334, 1.0)",1,97.8166666666667,13317
"(0.8333333333333334, 0.9833333333333332)",1,97.8166666666667,13318
"(0.7833333333333333, 1.0)",1,97.8166666666667,13319
"(0.9166666666666666, 1.0)",1,97.8166666666667,13320
"(0.9333333333333332, 1.0)",1,97.8166666666667,13321
"(0.8833333333333333, 0.9833333333333332)",3,97.8166666666667,13324
"(0.9, 1.0)",1,97.81666666666668,13325
"(0.9333333333333332, 0.9833333333333332)",1,97.81666666666668,13326
"(0.9416666666666668, 0.9875)",1,97.81666666666668,13327
"(0.7166666666666667, 1.0)",1,97.81666666666668,13328
"(0.9, 1.0)",1,97.81666666666668,13329
"(0.8333333333333334, 1.0)",1,97.81666666666668,13330
"(0.9666666666666668, 1.0)",1,97.81666666666668,13331
"(0.8, 1.0)",2,97.81666666666668,13333
"(0.6833333333333333, 1.0)",1,97.81666666666668,13334
"(0.8833333333333333, 1.0)",3,97.81666666666666,13337
"(0.9833333333333332, 1.0)",2,97.81666666666666,13339
"(0.95, 1.0)",3,97.81666666666666,13342
"(0.9166666666666666, 1.0)",1,97.81666666666666,13343
"(0.95, 0.9875)",1,97.81666666666666,13344
"(0.75, 1.0)",1,97.81666666666666,13345
"(0.9, 1.0)",1,97.81666666666666,13346
"(0.8791666666666667, 0.9916666666666668)",1,97.81666666666662,13347
"(0.925, 0.9916666666666668)",1,97.8166666666666,13348
"(0.9291666666666668, 0.9875)",1,97.8166666666666,13349
"(0.975, 0.9875)",1,97.81666666666658,13350
"(0.8958333333333334, 0.9875)",1,97.81666666666652,13351
"(0.9416666666666668, 0.9875)",1,97.81666666666652,13352
"(0.9, 0.9916666666666668)",2,97.81666666666652,13354
"(0.9375, 0.9875)",1,97.81666666666648,13355
"(0.9666666666666668, 0.9875)",1,97.81666666666648,13356
"(0.7790697674418605, 0.9767441860465116)",1,97.81395348837232,13357
"(0.9302325581395348, 0.9883720930232558)",1,97.81395348837218,13358
"(0.7790697674418605, 0.9883720930232558)",2,97.81395348837216,13360
"(0.8255813953488372, 0.9883720930232558)",1,97.81395348837216,13361
"(0.7906976744186046, 0.9883720930232558)",1,97.81395348837216,13362
"(0.8604651162790697, 0.9883720930232558)",2,97.81395348837216,13364
"(0.6162790697674418, 1.0)",1,97.81395348837214,13365
"(0.6162790697674418, 1.0)",1,97.81395348837212,13366
"(0.8255813953488372, 1.0)",1,97.81395348837212,13367
"(0.6162790697674418, 0.9883720930232558)",1,97.81395348837212,13368
"(0.627906976744186, 1.0)",1,97.8139534883721,13369
"(0.9708333333333332, 0.9916666666666668)",2,97.8125,13371
"(0.9583333333333334, 0.9791666666666666)",1,97.81249999999994,13372
"(0.9375, 0.9875)",1,97.81249999999991,13373
"(0.9875, 0.9916666666666668)",1,97.81249999999984,13374
"(0.9375, 0.9916666666666668)",1,97.81249999999982,13375
"(0.9333333333333332, 0.9833333333333332)",1,97.80833333333324,13376
"(0.9375, 0.9875)",1,97.80833333333318,13377
"(0.9125, 0.9958333333333332)",1,97.80833333333318,13378
"(0.5416666666666666, 0.9861111111111112)",2,97.80555555555576,13380
"(0.9444444444444444, 0.9861111111111112)",1,97.80555555555576,13381
"(0.6527777777777778, 0.9861111111111112)",1,97.80555555555576,13382
"(0.9027777777777778, 0.9861111111111112)",1,97.80555555555576,13383
"(0.9722222222222222, 0.9861111111111112)",1,97.80555555555576,13384
"(0.875, 0.9861111111111112)",1,97.80555555555576,13385
"(0.8194444444444444, 0.9861111111111112)",1,97.80555555555576,13386
"(0.7638888888888888, 0.9861111111111112)",1,97.80555555555574,13387
"(0.6944444444444444, 1.0)",2,97.80555555555569,13389
"(0.7083333333333334, 1.0)",1,97.80555555555569,13390
"(0.9305555555555556, 1.0)",1,97.80555555555566,13391
"(0.9305555555555556, 1.0)",1,97.80555555555564,13392
"(0.7638888888888888, 1.0)",2,97.80555555555564,13394
"(0.9166666666666666, 0.9861111111111112)",2,97.8055555555556,13396
"(0.7638888888888888, 0.9861111111111112)",1,97.8055555555556,13397
"(0.7361111111111112, 1.0)",1,97.80555555555556,13398
"(0.9027777777777778, 1.0)",1,97.80555555555556,13399
"(0.9305555555555556, 1.0)",1,97.80555555555556,13400
"(0.7638888888888888, 1.0)",2,97.80555555555556,13402
"(0.6388888888888888, 1.0)",1,97.80555555555556,13403
"(0.9458333333333332, 0.9791666666666666)",2,97.8041666666667,13405
"(0.9208333333333332, 0.9958333333333332)",1,97.80416666666665,13406
"(0.9208333333333332, 0.9833333333333332)",1,97.80416666666656,13407
"(0.9166666666666666, 0.9875)",1,97.80416666666656,13408
"(0.9166666666666666, 0.9875)",1,97.80416666666652,13409
"(0.7790697674418605, 0.9767441860465116)",1,97.80232558139554,13410
"(0.9302325581395348, 0.9767441860465116)",1,97.80232558139552,13411
"(0.7674418604651163, 1.0)",1,97.80232558139542,13412
"(0.8255813953488372, 1.0)",1,97.80232558139542,13413
"(0.6162790697674418, 1.0)",1,97.8023255813954,13414
"(0.7674418604651163, 0.9883720930232558)",1,97.80232558139538,13415
"(0.8255813953488372, 0.9883720930232558)",1,97.80232558139537,13416
"(0.7674418604651163, 0.9883720930232558)",1,97.80232558139537,13417
"(0.6162790697674418, 1.0)",1,97.80232558139537,13418
"(0.95, 1.0)",1,97.80000000000008,13419
"(0.8333333333333334, 1.0)",1,97.80000000000008,13420
"(0.9333333333333332, 0.9833333333333332)",1,97.80000000000008,13421
"(1.0, 0.9833333333333332)",1,97.80000000000008,13422
"(0.9, 0.9833333333333332)",5,97.80000000000008,13427
"(0.6666666666666666, 1.0)",1,97.80000000000004,13428
"(0.9333333333333332, 1.0)",1,97.80000000000004,13429
"(0.7166666666666667, 1.0)",1,97.80000000000004,13430
"(0.85, 1.0)",1,97.80000000000004,13431
"(0.55, 1.0)",1,97.80000000000004,13432
"(0.9666666666666668, 1.0)",1,97.80000000000004,13433
"(0.95, 1.0)",4,97.8,13437
"(0.9166666666666666, 1.0)",1,97.8,13438
"(0.9666666666666668, 1.0)",1,97.8,13439
"(0.8833333333333333, 1.0)",3,97.8,13442
"(0.9166666666666666, 1.0)",1,97.8,13443
"(0.9666666666666668, 1.0)",1,97.8,13444
"(0.9, 1.0)",1,97.8,13445
"(1.0, 1.0)",2,97.8,13447
"(0.9333333333333332, 1.0)",2,97.8,13449
"(0.9833333333333332, 1.0)",1,97.8,13450
"(0.85, 1.0)",1,97.8,13451
"(0.875, 0.9875)",1,97.79999999999995,13452
"(0.9291666666666668, 0.9791666666666666)",1,97.79999999999995,13453
"(0.9041666666666668, 0.9916666666666668)",1,97.79999999999993,13454
"(0.9541666666666668, 0.9791666666666666)",1,97.79999999999993,13455
"(0.9208333333333332, 0.9791666666666666)",1,97.7958333333334,13456
"(0.9416666666666668, 0.9791666666666666)",1,97.79583333333336,13457
"(0.9125, 0.9916666666666668)",1,97.79583333333323,13458
"(0.9, 0.9958333333333332)",1,97.79583333333323,13459
"(0.8916666666666667, 0.9916666666666668)",1,97.79583333333316,13460
"(0.8888888888888888, 0.9861111111111112)",1,97.79166666666688,13461
"(0.7638888888888888, 0.9861111111111112)",1,97.79166666666688,13462
"(0.8611111111111112, 0.9861111111111112)",2,97.79166666666688,13464
"(0.8472222222222222, 0.9861111111111112)",1,97.79166666666688,13465
"(0.8888888888888888, 0.9861111111111112)",1,97.79166666666686,13466
"(0.9305555555555556, 0.9861111111111112)",1,97.79166666666684,13467
"(0.7777777777777778, 1.0)",1,97.7916666666667,13468
"(0.7083333333333334, 1.0)",3,97.79166666666669,13471
"(0.7361111111111112, 1.0)",1,97.79166666666669,13472
"(0.9458333333333332, 0.9958333333333332)",1,97.79166666666669,13473
"(0.9458333333333332, 0.9916666666666668)",1,97.79166666666669,13474
"(0.8888888888888888, 1.0)",1,97.79166666666669,13475
"(0.9333333333333332, 0.9833333333333332)",1,97.79166666666669,13476
"(0.95, 0.9875)",1,97.79166666666666,13477
"(0.9458333333333332, 0.9875)",1,97.79166666666656,13478
"(0.925, 0.9916666666666668)",2,97.79166666666656,13480
"(0.95, 0.9833333333333332)",2,97.79166666666656,13482
"(0.9625, 0.9916666666666668)",1,97.79166666666652,13483
"(0.4651162790697674, 1.0)",1,97.79069767441862,13484
"(0.6162790697674418, 1.0)",1,97.79069767441862,13485
"(0.9458333333333332, 0.9791666666666666)",1,97.78750000000008,13486
"(0.9583333333333334, 0.9708333333333332)",1,97.78749999999997,13487
"(0.9125, 0.9916666666666668)",2,97.78749999999997,13489
"(0.9208333333333332, 0.9875)",1,97.78749999999994,13490
"(0.9125, 0.9875)",1,97.78749999999992,13491
"(0.925, 0.9875)",1,97.78749999999992,13492
"(0.9958333333333332, 0.95)",1,97.78749999999992,13493
"(0.9833333333333332, 0.975)",1,97.7874999999999,13494
"(0.8375, 0.9958333333333332)",1,97.78749999999988,13495
"(0.925, 0.9916666666666668)",1,97.78749999999984,13496
"(0.9, 0.9958333333333332)",1,97.78333333333342,13497
"(0.9, 1.0)",1,97.7833333333334,13498
"(1.0, 1.0)",1,97.7833333333334,13499
"(0.9166666666666666, 0.9833333333333332)",1,97.7833333333334,13500
"(0.925, 0.9875)",1,97.7833333333334,13501
"(0.9333333333333332, 1.0)",1,97.7833333333334,13502
"(0.9333333333333332, 0.9791666666666666)",1,97.7833333333334,13503
"(0.9666666666666668, 0.9833333333333332)",1,97.7833333333334,13504
"(0.85, 1.0)",1,97.78333333333336,13505
"(0.9166666666666666, 1.0)",2,97.78333333333336,13507
"(0.8166666666666667, 1.0)",2,97.78333333333336,13509
"(0.9666666666666668, 1.0)",1,97.78333333333336,13510
"(0.8, 1.0)",1,97.78333333333336,13511
"(0.9333333333333332, 1.0)",1,97.78333333333336,13512
"(0.9125, 0.9958333333333332)",1,97.78333333333336,13513
"(0.9, 1.0)",1,97.78333333333336,13514
"(0.8333333333333334, 1.0)",1,97.78333333333336,13515
"(0.85, 1.0)",1,97.78333333333336,13516
"(0.9166666666666666, 1.0)",1,97.78333333333336,13517
"(1.0, 1.0)",6,97.78333333333332,13523
"(0.9666666666666668, 1.0)",1,97.78333333333332,13524
"(0.8, 1.0)",1,97.78333333333332,13525
"(0.925, 0.9791666666666666)",1,97.78333333333332,13526
"(0.8166666666666667, 1.0)",2,97.78333333333332,13528
"(0.85, 1.0)",2,97.78333333333332,13530
"(0.7166666666666667, 1.0)",2,97.78333333333332,13532
"(0.8333333333333334, 1.0)",2,97.78333333333332,13534
"(0.95, 1.0)",1,97.78333333333332,13535
"(0.9, 1.0)",1,97.78333333333332,13536
"(0.925, 0.9958333333333332)",2,97.78333333333325,13538
"(0.95, 0.9875)",1,97.7833333333332,13539
"(0.925, 0.9916666666666668)",1,97.78333333333316,13540
"(0.8625, 0.9875)",1,97.78333333333316,13541
"(0.95, 0.9875)",1,97.77916666666664,13542
"(0.925, 0.9958333333333332)",1,97.77916666666655,13543
"(0.9083333333333332, 0.9916666666666668)",1,97.77916666666648,13544
"(0.872093023255814, 0.9883720930232558)",1,97.77906976744198,13545
"(0.8255813953488372, 0.9883720930232558)",1,97.77906976744194,13546
"(0.9418604651162792, 1.0)",1,97.77906976744192,13547
"(0.6162790697674418, 1.0)",1,97.77906976744188,13548
"(0.4883720930232558, 1.0)",1,97.77906976744188,13549
"(0.9444444444444444, 0.9861111111111112)",4,97.77777777777798,13553
"(0.9444444444444444, 0.9861111111111112)",3,97.77777777777796,13556
"(0.9166666666666666, 0.9861111111111112)",1,97.77777777777796,13557
"(0.7638888888888888, 0.9861111111111112)",1,97.77777777777796,13558
"(0.7222222222222222, 0.9861111111111112)",1,97.77777777777796,13559
"(0.8055555555555556, 0.9861111111111112)",1,97.77777777777796,13560
"(0.8888888888888888, 0.9861111111111112)",1,97.77777777777796,13561
"(0.7777777777777778, 0.9861111111111112)",1,97.77777777777791,13562
"(0.9444444444444444, 1.0)",1,97.77777777777789,13563
"(0.9166666666666666, 1.0)",1,97.77777777777784,13564
"(0.875, 1.0)",1,97.77777777777784,13565
"(0.8611111111111112, 1.0)",1,97.77777777777784,13566
"(0.7777777777777778, 1.0)",2,97.7777777777778,13568
"(0.8888888888888888, 1.0)",1,97.7777777777778,13569
"(0.8611111111111112, 1.0)",1,97.7777777777778,13570
"(0.7777777777777778, 1.0)",1,97.77777777777776,13571
"(0.8333333333333334, 1.0)",1,97.77777777777776,13572
"(0.9583333333333334, 0.9833333333333332)",1,97.77500000000003,13573
"(0.95, 0.9958333333333332)",1,97.775,13574
"(0.9333333333333332, 0.9833333333333332)",2,97.77499999999996,13576
"(0.9458333333333332, 0.9666666666666668)",1,97.77499999999996,13577
"(0.9208333333333332, 0.9875)",1,97.77499999999992,13578
"(0.8958333333333334, 0.9875)",1,97.77499999999988,13579
"(0.9875, 0.9833333333333332)",1,97.7749999999998,13580
"(0.875, 0.9958333333333332)",2,97.7708333333334,13582
"(0.9208333333333332, 0.9958333333333332)",1,97.77083333333336,13583
"(0.9458333333333332, 0.9708333333333332)",1,97.77083333333326,13584
"(0.8958333333333334, 0.9875)",1,97.7708333333332,13585
"(0.9083333333333332, 0.9875)",1,97.77083333333316,13586
"(0.8666666666666667, 0.9916666666666668)",1,97.77083333333316,13587
"(0.9418604651162792, 0.9883720930232558)",1,97.76744186046515,13588
"(0.8372093023255814, 1.0)",2,97.76744186046514,13590
"(0.8372093023255814, 0.9883720930232558)",1,97.76744186046514,13591
"(0.8255813953488372, 1.0)",1,97.76744186046514,13592
"(0.6395348837209303, 0.9883720930232558)",1,97.76744186046513,13593
"(0.9166666666666666, 0.9833333333333332)",3,97.76666666666674,13596
"(0.95, 0.9833333333333332)",2,97.76666666666674,13598
"(0.9666666666666668, 0.9833333333333332)",1,97.76666666666674,13599
"(0.95, 1.0)",1,97.7666666666667,13600
"(0.9833333333333332, 1.0)",1,97.76666666666668,13601
"(1.0, 1.0)",2,97.76666666666668,13603
"(0.8666666666666667, 1.0)",1,97.76666666666668,13604
"(0.8333333333333334, 1.0)",1,97.76666666666668,13605
"(0.8833333333333333, 1.0)",3,97.76666666666668,13608
"(0.7333333333333333, 1.0)",2,97.76666666666668,13610
"(0.9, 1.0)",1,97.76666666666668,13611
"(0.85, 1.0)",2,97.76666666666668,13613
"(0.6666666666666666, 1.0)",1,97.76666666666664,13614
"(0.925, 0.9916666666666668)",2,97.7666666666666,13616
"(0.9583333333333334, 0.9625)",1,97.7666666666666,13617
"(0.9208333333333332, 0.9875)",1,97.76666666666652,13618
"(0.9625, 0.9875)",1,97.76666666666652,13619
"(0.9375, 0.9916666666666668)",1,97.76666666666648,13620
"(0.7638888888888888, 0.9861111111111112)",6,97.76388888888908,13626
"(0.9444444444444444, 0.9861111111111112)",1,97.76388888888908,13627
"(0.8333333333333334, 0.9861111111111112)",2,97.76388888888908,13629
"(0.9305555555555556, 0.9861111111111112)",1,97.76388888888908,13630
"(0.8611111111111112, 0.9861111111111112)",1,97.76388888888908,13631
"(0.8888888888888888, 0.9861111111111112)",1,97.76388888888908,13632
"(0.9722222222222222, 0.9861111111111112)",1,97.76388888888908,13633
"(0.9166666666666666, 0.9861111111111112)",1,97.76388888888906,13634
"(0.9166666666666666, 0.9722222222222222)",1,97.76388888888906,13635
"(0.9305555555555556, 0.9861111111111112)",1,97.76388888888904,13636
"(0.8194444444444444, 1.0)",1,97.763888888889,13637
"(0.8611111111111112, 0.9861111111111112)",1,97.763888888889,13638
"(0.8333333333333334, 1.0)",1,97.76388888888896,13639
"(0.9305555555555556, 0.9861111111111112)",1,97.76388888888894,13640
"(0.8055555555555556, 0.9861111111111112)",1,97.76388888888891,13641
"(0.9444444444444444, 0.9861111111111112)",1,97.76388888888891,13642
"(0.9444444444444444, 1.0)",1,97.7638888888889,13643
"(0.8194444444444444, 1.0)",4,97.76388888888889,13647
"(0.8888888888888888, 1.0)",4,97.76388888888889,13651
"(0.9, 0.9791666666666666)",1,97.76250000000012,13652
"(0.9458333333333332, 0.9875)",1,97.76250000000005,13653
"(0.9583333333333334, 0.9791666666666666)",1,97.7625,13654
"(0.9208333333333332, 0.9875)",2,97.76249999999987,13656
"(0.9375, 0.9958333333333332)",1,97.76249999999987,13657
"(0.9375, 0.9916666666666668)",1,97.76249999999987,13658
"(0.9416666666666668, 0.9875)",1,97.76249999999986,13659
"(0.95, 0.9916666666666668)",1,97.76249999999985,13660
"(0.9208333333333332, 0.9791666666666666)",1,97.7583333333333,13661
"(0.8958333333333334, 0.9875)",1,97.75833333333328,13662
"(0.9291666666666668, 0.9875)",2,97.75833333333328,13664
"(0.8833333333333333, 0.9875)",1,97.75833333333324,13665
"(0.975, 0.9916666666666668)",1,97.75833333333324,13666
"(0.9302325581395348, 0.9767441860465116)",1,97.75581395348848,13667
"(0.4651162790697674, 0.9883720930232558)",1,97.7558139534884,13668
"(0.9333333333333332, 0.9791666666666666)",1,97.75416666666676,13669
"(0.9083333333333332, 0.9791666666666666)",1,97.75416666666668,13670
"(0.9583333333333334, 0.9833333333333332)",2,97.75416666666668,13672
"(0.9333333333333332, 0.9875)",1,97.75416666666666,13673
"(0.825, 0.9958333333333332)",1,97.7541666666666,13674
"(0.9333333333333332, 0.9916666666666668)",2,97.7541666666665,13676
"(0.7638888888888888, 0.9861111111111112)",4,97.7500000000002,13680
"(0.9305555555555556, 0.9861111111111112)",1,97.7500000000002,13681
"(0.9166666666666666, 0.9861111111111112)",1,97.7500000000002,13682
"(0.9444444444444444, 0.9861111111111112)",1,97.7500000000002,13683
"(0.6944444444444444, 0.9861111111111112)",1,97.7500000000002,13684
"(0.8194444444444444, 0.9861111111111112)",1,97.7500000000002,13685
"(0.8611111111111112, 0.9861111111111112)",1,97.7500000000002,13686
"(0.9444444444444444, 0.9861111111111112)",1,97.75000000000018,13687
"(0.9444444444444444, 0.9861111111111112)",1,97.75000000000014,13688
"(0.8611111111111112, 0.9861111111111112)",2,97.75000000000011,13690
"(0.8888888888888888, 1.0)",1,97.7500000000001,13691
"(0.9305555555555556, 1.0)",2,97.75000000000009,13693
"(0.9166666666666666, 1.0)",1,97.75000000000009,13694
"(0.6666666666666666, 0.9833333333333332)",1,97.75000000000009,13695
"(0.8666666666666667, 0.9833333333333332)",1,97.75000000000009,13696
"(0.9166666666666666, 0.9833333333333332)",2,97.75000000000009,13698
"(0.9166666666666666, 0.9833333333333332)",1,97.75000000000009,13699
"(0.9208333333333332, 0.9791666666666666)",1,97.75000000000009,13700
"(0.8611111111111112, 1.0)",1,97.75000000000009,13701
"(0.8, 1.0)",1,97.75000000000006,13702
"(0.9166666666666666, 1.0)",1,97.75000000000006,13703
"(0.8194444444444444, 1.0)",1,97.75000000000006,13704
"(0.9666666666666668, 1.0)",1,97.75000000000004,13705
"(0.9333333333333332, 1.0)",1,97.75000000000004,13706
"(0.9166666666666666, 1.0)",2,97.75000000000004,13708
"(0.7777777777777778, 1.0)",1,97.75000000000004,13709
"(0.9444444444444444, 0.9861111111111112)",1,97.75000000000004,13710
"(0.8333333333333334, 1.0)",1,97.75000000000004,13711
"(0.9333333333333332, 0.9833333333333332)",1,97.75000000000004,13712
"(0.9166666666666666, 1.0)",2,97.75000000000004,13714
"(0.9, 1.0)",3,97.75000000000004,13717
"(0.7666666666666667, 0.9833333333333332)",1,97.75000000000004,13718
"(0.875, 1.0)",1,97.75000000000004,13719
"(0.8833333333333333, 1.0)",1,97.75000000000004,13720
"(0.8, 1.0)",1,97.75,13721
"(0.85, 1.0)",1,97.75,13722
"(1.0, 1.0)",1,97.75,13723
"(0.9444444444444444, 1.0)",1,97.75,13724
"(0.95, 1.0)",1,97.75,13725
"(0.8333333333333334, 1.0)",1,97.75,13726
"(0.7333333333333333, 1.0)",1,97.75,13727
"(0.875, 1.0)",1,97.75,13728
"(0.8833333333333333, 1.0)",1,97.75,13729
"(0.9333333333333332, 1.0)",2,97.75,13731
"(0.9833333333333332, 1.0)",2,97.75,13733
"(0.9166666666666666, 1.0)",1,97.75,13734
"(0.9666666666666668, 1.0)",2,97.75,13736
"(0.9333333333333332, 1.0)",1,97.75,13737
"(0.9416666666666668, 0.9916666666666668)",1,97.74999999999996,13738
"(0.9708333333333332, 0.9958333333333332)",1,97.74999999999991,13739
"(0.85, 0.9916666666666668)",1,97.7499999999999,13740
"(0.9375, 0.9875)",1,97.74999999999989,13741
"(0.8375, 0.9916666666666668)",1,97.74999999999989,13742
"(0.9375, 0.9958333333333332)",1,97.74583333333332,13743
"(0.9208333333333332, 0.9916666666666668)",1,97.7458333333333,13744
"(0.9666666666666668, 0.9833333333333332)",2,97.74583333333324,13746
"(0.9125, 0.9958333333333332)",1,97.74583333333324,13747
"(0.9208333333333332, 0.9875)",1,97.7458333333332,13748
"(0.9, 0.9916666666666668)",1,97.74583333333318,13749
"(0.9625, 0.9875)",1,97.74583333333318,13750
"(0.8837209302325582, 0.9767441860465116)",1,97.74418604651176,13751
"(0.9302325581395348, 0.9883720930232558)",1,97.74418604651171,13752
"(0.627906976744186, 0.9883720930232558)",1,97.74418604651166,13753
"(0.627906976744186, 1.0)",1,97.74418604651166,13754
"(0.8255813953488372, 1.0)",1,97.74418604651166,13755
"(0.8488372093023255, 0.9651162790697676)",1,97.74418604651164,13756
"(0.8958333333333334, 0.9791666666666666)",1,97.74166666666667,13757
"(0.9833333333333332, 0.9416666666666668)",1,97.74166666666667,13758
"(0.95, 0.9708333333333332)",1,97.74166666666666,13759
"(0.9208333333333332, 0.9958333333333332)",1,97.74166666666662,13760
"(0.9208333333333332, 0.9958333333333332)",2,97.7416666666666,13762
"(0.8625, 0.9958333333333332)",1,97.7416666666666,13763
"(0.8958333333333334, 0.9916666666666668)",1,97.7416666666665,13764
"(0.9791666666666666, 0.975)",1,97.73750000000008,13765
"(0.95, 0.9833333333333332)",1,97.73750000000004,13766
"(0.875, 0.9833333333333332)",1,97.73750000000004,13767
"(0.925, 0.9791666666666666)",1,97.73750000000004,13768
"(0.95, 0.9916666666666668)",2,97.73749999999998,13770
"(0.9458333333333332, 0.9833333333333332)",1,97.73749999999995,13771
"(0.9541666666666668, 0.9833333333333332)",2,97.73749999999993,13773
"(0.8916666666666667, 0.9875)",1,97.7374999999999,13774
"(0.8541666666666666, 0.9958333333333332)",1,97.73749999999984,13775
"(0.875, 0.9861111111111112)",1,97.73611111111131,13776
"(0.8888888888888888, 0.9861111111111112)",3,97.73611111111131,13779
"(0.8333333333333334, 0.9861111111111112)",4,97.73611111111131,13783
"(0.7638888888888888, 0.9861111111111112)",1,97.73611111111131,13784
"(0.9305555555555556, 0.9861111111111112)",1,97.73611111111131,13785
"(0.8194444444444444, 0.9861111111111112)",1,97.73611111111131,13786
"(0.9444444444444444, 0.9861111111111112)",1,97.73611111111131,13787
"(0.8055555555555556, 0.9861111111111112)",1,97.7361111111113,13788
"(0.7638888888888888, 0.9861111111111112)",1,97.73611111111128,13789
"(0.9027777777777778, 1.0)",1,97.73611111111124,13790
"(0.9166666666666666, 0.9722222222222222)",1,97.73611111111124,13791
"(0.9305555555555556, 1.0)",1,97.7361111111112,13792
"(0.8611111111111112, 1.0)",1,97.73611111111116,13793
"(0.8194444444444444, 1.0)",1,97.73611111111116,13794
"(0.9444444444444444, 1.0)",2,97.73611111111111,13796
"(0.8055555555555556, 1.0)",1,97.73611111111111,13797
"(0.8333333333333334, 1.0)",1,97.73611111111111,13798
"(0.9444444444444444, 0.9861111111111112)",1,97.73611111111111,13799
"(0.875, 1.0)",1,97.73611111111111,13800
"(0.7777777777777778, 1.0)",1,97.73611111111111,13801
"(0.9444444444444444, 1.0)",1,97.73611111111111,13802
"(0.7666666666666667, 1.0)",1,97.73333333333342,13803
"(1.0, 1.0)",1,97.7333333333334,13804
"(0.7666666666666667, 1.0)",1,97.7333333333334,13805
"(1.0, 0.9833333333333332)",1,97.7333333333334,13806
"(0.9166666666666666, 0.9833333333333332)",1,97.7333333333334,13807
"(0.8833333333333333, 1.0)",1,97.73333333333338,13808
"(0.9333333333333332, 1.0)",1,97.73333333333338,13809
"(0.9166666666666666, 0.9666666666666668)",1,97.73333333333338,13810
"(0.8833333333333333, 1.0)",1,97.73333333333336,13811
"(0.9166666666666666, 1.0)",1,97.73333333333336,13812
"(0.9458333333333332, 0.9791666666666666)",1,97.73333333333336,13813
"(0.95, 1.0)",1,97.73333333333336,13814
"(0.9333333333333332, 1.0)",2,97.73333333333336,13816
"(0.9833333333333332, 1.0)",1,97.73333333333336,13817
"(0.9166666666666666, 1.0)",1,97.73333333333336,13818
"(0.8833333333333333, 1.0)",1,97.73333333333336,13819
"(0.8333333333333334, 1.0)",1,97.73333333333336,13820
"(0.85, 1.0)",1,97.73333333333336,13821
"(0.9, 1.0)",2,97.73333333333332,13823
"(1.0, 1.0)",1,97.73333333333332,13824
"(1.0, 1.0)",1,97.73333333333332,13825
"(0.85, 1.0)",1,97.73333333333332,13826
"(0.8333333333333334, 1.0)",1,97.73333333333332,13827
"(0.7666666666666667, 1.0)",2,97.73333333333332,13829
"(0.9833333333333332, 1.0)",2,97.73333333333332,13831
"(0.9333333333333332, 1.0)",2,97.73333333333332,13833
"(0.9, 1.0)",1,97.73333333333332,13834
"(0.75, 1.0)",1,97.73333333333332,13835
"(0.9333333333333332, 0.9875)",1,97.73333333333323,13836
"(0.9833333333333332, 0.9875)",1,97.7333333333332,13837
"(0.7906976744186046, 0.9883720930232558)",1,97.732558139535,13838
"(0.8953488372093024, 0.9883720930232558)",1,97.73255813953496,13839
"(0.8604651162790697, 0.9883720930232558)",2,97.73255813953496,13841
"(0.8953488372093024, 0.9883720930232558)",1,97.73255813953494,13842
"(0.8372093023255814, 1.0)",1,97.73255813953492,13843
"(0.6162790697674418, 0.9883720930232558)",1,97.7325581395349,13844
"(0.8604651162790697, 1.0)",1,97.7325581395349,13845
"(0.9186046511627908, 0.9883720930232558)",1,97.73255813953487,13846
"(0.872093023255814, 1.0)",1,97.73255813953487,13847
"(0.9791666666666666, 0.9666666666666668)",1,97.72916666666669,13848
"(0.9333333333333332, 0.9833333333333332)",1,97.72916666666666,13849
"(0.8666666666666667, 0.9958333333333332)",1,97.72916666666654,13850
"(0.9416666666666668, 0.9875)",1,97.72916666666652,13851
"(0.8666666666666667, 0.9916666666666668)",1,97.72916666666649,13852
"(0.9208333333333332, 0.9833333333333332)",1,97.725,13853
"(0.9083333333333332, 0.9916666666666668)",2,97.72499999999997,13855
"(0.9791666666666666, 0.9958333333333332)",1,97.72499999999994,13856
"(0.925, 0.9875)",1,97.72499999999992,13857
"(0.8958333333333334, 0.9916666666666668)",1,97.72499999999977,13858
"(0.7083333333333334, 0.9861111111111112)",1,97.72222222222244,13859
"(0.7638888888888888, 0.9861111111111112)",1,97.72222222222244,13860
"(0.7916666666666666, 0.9861111111111112)",4,97.72222222222244,13864
"(0.9027777777777778, 0.9861111111111112)",1,97.7222222222224,13865
"(0.7916666666666666, 0.9861111111111112)",1,97.7222222222224,13866
"(0.8333333333333334, 1.0)",2,97.72222222222229,13868
"(0.8055555555555556, 0.9861111111111112)",1,97.72222222222226,13869
"(0.8888888888888888, 1.0)",1,97.72222222222226,13870
"(0.8194444444444444, 1.0)",1,97.72222222222226,13871
"(0.7777777777777778, 1.0)",1,97.72222222222224,13872
"(0.9583333333333334, 1.0)",1,97.72222222222224,13873
"(0.9418604651162792, 0.9883720930232558)",2,97.72093023255825,13875
"(0.8604651162790697, 0.9883720930232558)",1,97.72093023255825,13876
"(0.8953488372093024, 0.9883720930232558)",1,97.72093023255825,13877
"(0.9186046511627908, 1.0)",1,97.72093023255825,13878
"(0.9302325581395348, 0.9883720930232558)",1,97.72093023255825,13879
"(0.8255813953488372, 0.9883720930232558)",1,97.7209302325582,13880
"(0.8488372093023255, 0.9767441860465116)",1,97.7209302325582,13881
"(0.9302325581395348, 0.9767441860465116)",2,97.72093023255816,13883
"(0.7674418604651163, 1.0)",1,97.72093023255816,13884
"(0.9302325581395348, 0.9883720930232558)",1,97.72093023255812,13885
"(0.9208333333333332, 0.9791666666666666)",1,97.72083333333336,13886
"(0.9458333333333332, 0.9791666666666666)",1,97.72083333333336,13887
"(0.9583333333333334, 0.9791666666666666)",1,97.72083333333332,13888
"(0.9083333333333332, 0.9875)",1,97.72083333333325,13889
"(0.8625, 0.9958333333333332)",2,97.72083333333325,13891
"(0.925, 0.9916666666666668)",1,97.72083333333308,13892
"(0.95, 0.9791666666666666)",1,97.71666666666675,13893
"(0.9666666666666668, 0.9833333333333332)",1,97.71666666666674,13894
"(0.8833333333333333, 0.9833333333333332)",1,97.71666666666674,13895
"(0.8833333333333333, 1.0)",1,97.71666666666673,13896
"(0.9, 1.0)",2,97.71666666666673,13898
"(0.9083333333333332, 0.9791666666666666)",1,97.71666666666673,13899
"(0.9666666666666668, 0.9958333333333332)",1,97.71666666666673,13900
"(0.9666666666666668, 1.0)",1,97.71666666666673,13901
"(1.0, 1.0)",1,97.71666666666673,13902
"(0.8333333333333334, 1.0)",1,97.7166666666667,13903
"(1.0, 1.0)",2,97.7166666666667,13905
"(0.9333333333333332, 1.0)",1,97.7166666666667,13906
"(0.9833333333333332, 1.0)",1,97.7166666666667,13907
"(0.8666666666666667, 1.0)",1,97.71666666666668,13908
"(0.9166666666666666, 1.0)",1,97.71666666666668,13909
"(0.95, 1.0)",1,97.71666666666668,13910
"(0.85, 1.0)",4,97.71666666666668,13914
"(0.9, 1.0)",1,97.71666666666668,13915
"(0.9458333333333332, 0.9666666666666668)",1,97.7166666666666,13916
"(0.875, 0.9875)",1,97.7166666666666,13917
"(0.9791666666666666, 0.9875)",1,97.71666666666654,13918
"(0.9208333333333332, 0.9958333333333332)",1,97.71250000000008,13919
"(0.9166666666666666, 0.9791666666666666)",1,97.7125,13920
"(0.9083333333333332, 0.9833333333333332)",1,97.71249999999998,13921
"(0.9208333333333332, 0.9958333333333332)",1,97.71249999999988,13922
"(0.8916666666666667, 0.9958333333333332)",1,97.71249999999988,13923
"(0.9791666666666666, 0.9875)",1,97.71249999999984,13924
"(0.8488372093023255, 0.9767441860465116)",1,97.70930232558152,13925
"(0.872093023255814, 0.9883720930232558)",1,97.70930232558143,13926
"(0.7674418604651163, 1.0)",1,97.70930232558143,13927
"(0.9305555555555556, 0.9861111111111112)",1,97.70833333333351,13928
"(0.9027777777777778, 0.9861111111111112)",1,97.70833333333351,13929
"(0.7083333333333334, 0.9861111111111112)",1,97.70833333333351,13930
"(0.9305555555555556, 0.9861111111111112)",1,97.70833333333351,13931
"(0.9583333333333334, 0.9861111111111112)",1,97.7083333333335,13932
"(0.8472222222222222, 0.9861111111111112)",1,97.70833333333348,13933
"(0.9444444444444444, 1.0)",1,97.7083333333334,13934
"(0.9305555555555556, 1.0)",1,97.7083333333334,13935
"(0.8611111111111112, 0.9861111111111112)",1,97.70833333333336,13936
"(0.75, 1.0)",1,97.70833333333336,13937
"(0.8333333333333334, 1.0)",1,97.70833333333336,13938
"(0.7361111111111112, 1.0)",1,97.70833333333336,13939
"(0.7361111111111112, 1.0)",1,97.70833333333334,13940
"(0.9166666666666666, 0.9861111111111112)",1,97.70833333333334,13941
"(0.8611111111111112, 1.0)",1,97.70833333333334,13942
"(0.8472222222222222, 1.0)",1,97.70833333333334,13943
"(0.8888888888888888, 1.0)",1,97.70833333333331,13944
"(0.9708333333333332, 0.9916666666666668)",1,97.70833333333329,13945
"(0.925, 0.9958333333333332)",2,97.70833333333326,13947
"(0.9833333333333332, 0.9916666666666668)",1,97.70833333333324,13948
"(0.9208333333333332, 0.9875)",1,97.7041666666667,13949
"(0.8708333333333333, 0.9833333333333332)",1,97.7041666666667,13950
"(0.9166666666666666, 0.9791666666666666)",1,97.70416666666664,13951
"(0.925, 0.9875)",1,97.70416666666657,13952
"(0.925, 0.9916666666666668)",2,97.70416666666657,13954
"(0.9, 0.9833333333333332)",1,97.70000000000007,13955
"(0.9833333333333332, 0.9833333333333332)",2,97.70000000000007,13957
"(0.9333333333333332, 1.0)",1,97.70000000000007,13958
"(0.8833333333333333, 1.0)",1,97.70000000000007,13959
"(0.9666666666666668, 0.9833333333333332)",1,97.70000000000007,13960
"(0.8833333333333333, 0.9833333333333332)",1,97.70000000000006,13961
"(0.9333333333333332, 1.0)",1,97.70000000000006,13962
"(0.9, 1.0)",1,97.70000000000005,13963
"(0.7333333333333333, 1.0)",1,97.70000000000005,13964
"(0.9833333333333332, 1.0)",1,97.70000000000005,13965
"(0.8666666666666667, 1.0)",1,97.70000000000005,13966
"(0.9166666666666666, 1.0)",1,97.70000000000005,13967
"(0.6666666666666666, 1.0)",1,97.70000000000005,13968
"(0.875, 0.9833333333333332)",1,97.70000000000005,13969
"(0.75, 1.0)",1,97.70000000000005,13970
"(0.8833333333333333, 1.0)",1,97.70000000000005,13971
"(0.95, 0.9833333333333332)",1,97.70000000000002,13972
"(0.9166666666666666, 1.0)",1,97.70000000000002,13973
"(0.9041666666666668, 0.9833333333333332)",2,97.70000000000002,13975
"(0.9, 1.0)",1,97.70000000000002,13976
"(0.95, 1.0)",1,97.70000000000002,13977
"(0.8833333333333333, 1.0)",1,97.70000000000002,13978
"(0.9666666666666668, 1.0)",1,97.70000000000002,13979
"(0.8, 1.0)",2,97.70000000000002,13981
"(0.9333333333333332, 1.0)",1,97.70000000000002,13982
"(0.9333333333333332, 1.0)",1,97.7,13983
"(0.95, 1.0)",1,97.7,13984
"(0.7, 1.0)",1,97.7,13985
"(0.8166666666666667, 1.0)",2,97.7,13987
"(0.8833333333333333, 1.0)",1,97.7,13988
"(0.85, 1.0)",3,97.7,13991
"(0.8833333333333333, 1.0)",1,97.7,13992
"(1.0, 1.0)",2,97.7,13994
"(0.95, 0.9833333333333332)",1,97.7,13995
"(0.9458333333333332, 0.9833333333333332)",1,97.7,13996
"(0.8666666666666667, 1.0)",2,97.7,13998
"(0.6833333333333333, 1.0)",1,97.7,13999
"(0.9, 1.0)",1,97.7,14000
"(0.9541666666666668, 0.975)",1,97.69999999999996,14001
"(0.9375, 0.9958333333333332)",1,97.69999999999996,14002
"(0.9375, 0.9875)",1,97.69999999999987,14003
"(0.9375, 0.9916666666666668)",1,97.69999999999987,14004
"(0.9186046511627908, 0.9883720930232558)",1,97.69767441860476,14005
"(0.5930232558139535, 1.0)",1,97.69767441860468,14006
"(0.6162790697674418, 1.0)",1,97.69767441860468,14007
"(0.627906976744186, 1.0)",1,97.69767441860468,14008
"(0.627906976744186, 0.9883720930232558)",1,97.69767441860468,14009
"(0.8255813953488372, 0.9883720930232558)",1,97.69767441860468,14010
"(0.872093023255814, 1.0)",1,97.69767441860466,14011
"(0.9083333333333332, 0.9833333333333332)",2,97.69583333333335,14013
"(0.95, 0.9958333333333332)",2,97.69583333333328,14015
"(0.9208333333333332, 0.9958333333333332)",1,97.69583333333324,14016
"(0.8958333333333334, 0.9875)",1,97.6958333333332,14017
"(0.9791666666666666, 0.9916666666666668)",1,97.69583333333316,14018
"(0.9291666666666668, 0.9875)",1,97.69583333333316,14019
"(0.9166666666666666, 0.9861111111111112)",1,97.69444444444468,14020
"(0.9027777777777778, 0.9861111111111112)",2,97.69444444444464,14022
"(0.8611111111111112, 0.9861111111111112)",1,97.69444444444464,14023
"(0.8055555555555556, 0.9861111111111112)",1,97.69444444444464,14024
"(0.8333333333333334, 0.9861111111111112)",1,97.6944444444446,14025
"(0.8611111111111112, 0.9861111111111112)",1,97.69444444444456,14026
"(0.9166666666666666, 0.9861111111111112)",1,97.69444444444456,14027
"(0.875, 1.0)",1,97.69444444444451,14028
"(0.9444444444444444, 0.9722222222222222)",2,97.69444444444451,14030
"(0.9305555555555556, 1.0)",1,97.6944444444445,14031
"(0.7083333333333334, 0.9861111111111112)",1,97.6944444444445,14032
"(0.7083333333333334, 1.0)",1,97.69444444444449,14033
"(0.8055555555555556, 1.0)",1,97.69444444444449,14034
"(0.9027777777777778, 1.0)",1,97.69444444444446,14035
"(0.7222222222222222, 1.0)",1,97.69444444444446,14036
"(0.9041666666666668, 0.9791666666666666)",1,97.69166666666672,14037
"(0.9375, 0.9833333333333332)",1,97.69166666666668,14038
"(0.9166666666666666, 0.9833333333333332)",1,97.69166666666663,14039
"(0.9458333333333332, 0.9833333333333332)",1,97.69166666666663,14040
"(0.9416666666666668, 0.9791666666666666)",1,97.69166666666662,14041
"(0.8875, 0.9916666666666668)",1,97.69166666666652,14042
"(0.9875, 0.9916666666666668)",1,97.69166666666648,14043
"(0.9208333333333332, 0.9958333333333332)",1,97.68749999999996,14044
"(0.9125, 0.9875)",1,97.68749999999989,14045
"(0.9375, 0.9916666666666668)",1,97.68749999999989,14046
"(0.9125, 0.9916666666666668)",1,97.68749999999984,14047
"(0.925, 0.9916666666666668)",1,97.68749999999984,14048
"(0.9, 0.9916666666666668)",1,97.6874999999998,14049
"(0.9418604651162792, 0.9883720930232558)",2,97.686046511628,14051
"(0.8953488372093024, 0.9883720930232558)",1,97.686046511628,14052
"(0.8488372093023255, 0.9883720930232558)",1,97.686046511628,14053
"(0.8604651162790697, 0.9883720930232558)",1,97.68604651162796,14054
"(0.872093023255814, 1.0)",1,97.68604651162794,14055
"(0.8255813953488372, 1.0)",1,97.68604651162794,14056
"(0.872093023255814, 0.9883720930232558)",1,97.68604651162792,14057
"(0.9333333333333332, 0.9833333333333332)",1,97.6833333333334,14058
"(0.95, 1.0)",1,97.6833333333334,14059
"(0.9666666666666668, 0.9833333333333332)",2,97.6833333333334,14061
"(0.8166666666666667, 0.9833333333333332)",1,97.6833333333334,14062
"(1.0, 0.9833333333333332)",1,97.6833333333334,14063
"(0.9166666666666666, 1.0)",2,97.68333333333338,14065
"(0.9208333333333332, 0.9875)",1,97.68333333333337,14066
"(0.75, 1.0)",2,97.68333333333337,14068
"(0.9208333333333332, 0.9791666666666666)",1,97.68333333333337,14069
"(0.9166666666666666, 1.0)",1,97.68333333333337,14070
"(0.8166666666666667, 1.0)",2,97.68333333333337,14072
"(0.9375, 0.9833333333333332)",1,97.68333333333337,14073
"(0.8333333333333334, 1.0)",1,97.68333333333337,14074
"(0.95, 1.0)",1,97.68333333333337,14075
"(0.8666666666666667, 1.0)",1,97.68333333333334,14076
"(0.8166666666666667, 1.0)",1,97.68333333333334,14077
"(0.925, 0.9791666666666666)",1,97.68333333333334,14078
"(0.7833333333333333, 1.0)",1,97.68333333333334,14079
"(0.8833333333333333, 1.0)",7,97.68333333333334,14086
"(0.75, 1.0)",1,97.68333333333334,14087
"(0.9166666666666666, 1.0)",1,97.68333333333334,14088
"(0.6833333333333333, 1.0)",1,97.68333333333334,14089
"(0.9333333333333332, 1.0)",1,97.68333333333334,14090
"(0.8333333333333334, 1.0)",1,97.68333333333334,14091
"(0.8166666666666667, 1.0)",1,97.68333333333332,14092
"(0.9027777777777778, 0.9861111111111112)",1,97.68055555555576,14093
"(0.7638888888888888, 0.9861111111111112)",4,97.68055555555576,14097
"(0.8194444444444444, 0.9722222222222222)",1,97.68055555555576,14098
"(0.8194444444444444, 0.9722222222222222)",1,97.68055555555576,14099
"(0.8888888888888888, 0.9861111111111112)",1,97.68055555555576,14100
"(0.6944444444444444, 0.9861111111111112)",3,97.68055555555576,14103
"(0.9166666666666666, 0.9861111111111112)",1,97.68055555555574,14104
"(0.9305555555555556, 0.9861111111111112)",1,97.68055555555569,14105
"(0.8611111111111112, 0.9861111111111112)",1,97.68055555555566,14106
"(0.8333333333333334, 1.0)",2,97.6805555555556,14108
"(0.9305555555555556, 1.0)",2,97.6805555555556,14110
"(0.9305555555555556, 0.9861111111111112)",2,97.6805555555556,14112
"(0.8888888888888888, 1.0)",1,97.6805555555556,14113
"(0.9027777777777778, 1.0)",1,97.6805555555556,14114
"(0.9027777777777778, 1.0)",1,97.6805555555556,14115
"(0.9444444444444444, 1.0)",3,97.68055555555556,14118
"(0.8055555555555556, 1.0)",1,97.68055555555556,14119
"(0.9583333333333334, 1.0)",1,97.68055555555556,14120
"(0.9444444444444444, 1.0)",1,97.68055555555554,14121
"(0.9208333333333332, 0.9791666666666666)",1,97.67916666666676,14122
"(0.825, 0.9958333333333332)",1,97.67916666666665,14123
"(0.9083333333333332, 0.9916666666666668)",1,97.67916666666648,14124
"(0.9416666666666668, 0.9916666666666668)",1,97.67916666666648,14125
"(0.9916666666666668, 0.9875)",1,97.67916666666645,14126
"(0.9375, 0.9791666666666666)",1,97.67500000000004,14127
"(0.9291666666666668, 0.9875)",1,97.675,14128
"(0.9791666666666666, 0.975)",1,97.67499999999995,14129
"(0.9666666666666668, 0.9833333333333332)",1,97.67499999999993,14130
"(0.8916666666666667, 0.9875)",1,97.67499999999993,14131
"(0.8625, 0.9916666666666668)",1,97.67499999999988,14132
"(0.9458333333333332, 0.9875)",2,97.67499999999984,14134
"(0.8953488372093024, 0.9883720930232558)",1,97.67441860465124,14135
"(0.7790697674418605, 0.9883720930232558)",1,97.67441860465122,14136
"(0.7674418604651163, 0.9883720930232558)",2,97.6744186046512,14138
"(0.8255813953488372, 1.0)",1,97.6744186046512,14139
"(0.8488372093023255, 1.0)",1,97.67441860465118,14140
"(0.9416666666666668, 0.9833333333333332)",1,97.6708333333333,14141
"(0.95, 0.9833333333333332)",1,97.6708333333333,14142
"(0.9791666666666666, 0.9916666666666668)",1,97.67083333333328,14143
"(0.8958333333333334, 0.9875)",1,97.67083333333318,14144
"(0.7916666666666666, 0.9861111111111112)",1,97.66666666666688,14145
"(0.8333333333333334, 0.9861111111111112)",1,97.66666666666688,14146
"(0.9444444444444444, 0.9861111111111112)",1,97.66666666666688,14147
"(0.7638888888888888, 0.9861111111111112)",1,97.66666666666686,14148
"(0.9444444444444444, 0.9861111111111112)",1,97.66666666666686,14149
"(0.9722222222222222, 0.9861111111111112)",1,97.66666666666686,14150
"(0.75, 0.9861111111111112)",1,97.66666666666684,14151
"(0.9027777777777778, 0.9861111111111112)",1,97.66666666666684,14152
"(0.8472222222222222, 0.9861111111111112)",1,97.66666666666684,14153
"(0.9333333333333332, 1.0)",1,97.66666666666676,14154
"(0.9166666666666666, 1.0)",2,97.66666666666676,14156
"(0.95, 0.9833333333333332)",5,97.66666666666674,14161
"(0.8333333333333334, 0.9861111111111112)",1,97.66666666666674,14162
"(0.6944444444444444, 0.9861111111111112)",1,97.66666666666674,14163
"(1.0, 0.9833333333333332)",1,97.66666666666674,14164
"(0.8194444444444444, 1.0)",1,97.66666666666671,14165
"(0.9166666666666666, 1.0)",1,97.66666666666671,14166
"(0.9166666666666666, 1.0)",1,97.66666666666671,14167
"(1.0, 0.9833333333333332)",1,97.66666666666671,14168
"(0.7166666666666667, 1.0)",2,97.66666666666671,14170
"(0.9722222222222222, 1.0)",1,97.66666666666671,14171
"(0.8833333333333333, 1.0)",1,97.66666666666671,14172
"(0.9027777777777778, 1.0)",1,97.6666666666667,14173
"(0.9166666666666666, 1.0)",1,97.6666666666667,14174
"(0.9333333333333332, 1.0)",1,97.66666666666669,14175
"(0.95, 1.0)",1,97.66666666666669,14176
"(0.9833333333333332, 1.0)",1,97.66666666666669,14177
"(1.0, 1.0)",1,97.66666666666669,14178
"(0.8166666666666667, 1.0)",1,97.66666666666669,14179
"(0.85, 1.0)",1,97.66666666666669,14180
"(0.7638888888888888, 0.9861111111111112)",1,97.66666666666669,14181
"(0.8833333333333333, 1.0)",1,97.66666666666669,14182
"(0.6833333333333333, 1.0)",1,97.66666666666669,14183
"(0.9583333333333334, 1.0)",4,97.66666666666669,14187
"(0.9666666666666668, 1.0)",1,97.66666666666669,14188
"(0.9166666666666666, 1.0)",2,97.66666666666669,14190
"(0.9, 1.0)",1,97.66666666666669,14191
"(0.75, 1.0)",1,97.66666666666669,14192
"(0.9833333333333332, 1.0)",3,97.66666666666666,14195
"(0.9333333333333332, 1.0)",2,97.66666666666666,14197
"(0.8333333333333334, 1.0)",1,97.66666666666666,14198
"(0.9, 1.0)",2,97.66666666666666,14200
"(0.925, 0.9958333333333332)",1,97.66666666666664,14201
"(0.9208333333333332, 0.9875)",1,97.6666666666666,14202
"(0.9791666666666666, 0.9666666666666668)",1,97.6666666666666,14203
"(0.9291666666666668, 0.9958333333333332)",2,97.6666666666665,14205
"(0.9291666666666668, 0.9916666666666668)",1,97.66666666666649,14206
"(0.8953488372093024, 0.9767441860465116)",1,97.66279069767462,14207
"(0.9418604651162792, 0.9883720930232558)",1,97.66279069767452,14208
"(0.9186046511627908, 0.9651162790697676)",1,97.66279069767452,14209
"(0.7906976744186046, 0.9883720930232558)",1,97.6627906976745,14210
"(0.8953488372093024, 0.9883720930232558)",1,97.66279069767448,14211
"(0.4651162790697674, 1.0)",1,97.66279069767444,14212
"(0.95, 0.9791666666666666)",1,97.6625000000001,14213
"(0.8875, 0.9791666666666666)",1,97.66250000000004,14214
"(0.9416666666666668, 0.9833333333333332)",1,97.66249999999997,14215
"(0.9208333333333332, 0.9958333333333332)",2,97.66249999999997,14217
"(0.8458333333333333, 0.9833333333333332)",1,97.65833333333342,14218
"(0.9375, 0.9791666666666666)",1,97.6583333333334,14219
"(0.9416666666666668, 0.9791666666666666)",1,97.6583333333334,14220
"(0.9875, 0.9666666666666668)",1,97.65833333333336,14221
"(0.825, 0.9958333333333332)",1,97.65833333333327,14222
"(0.9, 0.9833333333333332)",1,97.65416666666674,14223
"(0.85, 0.9916666666666668)",1,97.65416666666673,14224
"(0.8375, 0.9875)",1,97.65416666666664,14225
"(0.9916666666666668, 0.9791666666666666)",1,97.6541666666666,14226
"(0.9333333333333332, 0.9916666666666668)",1,97.6541666666666,14227
"(0.9208333333333332, 0.9958333333333332)",2,97.6541666666666,14229
"(0.9583333333333334, 0.9958333333333332)",1,97.65416666666655,14230
"(0.8791666666666667, 0.9958333333333332)",1,97.65416666666655,14231
"(0.95, 0.9916666666666668)",1,97.65416666666654,14232
"(0.925, 0.9875)",1,97.65416666666653,14233
"(0.9375, 0.9916666666666668)",1,97.65416666666653,14234
"(0.9027777777777778, 0.9861111111111112)",1,97.65277777777798,14235
"(0.7361111111111112, 0.9861111111111112)",4,97.65277777777798,14239
"(0.8333333333333334, 0.9722222222222222)",1,97.65277777777798,14240
"(0.8611111111111112, 0.9861111111111112)",2,97.65277777777798,14242
"(0.9444444444444444, 0.9861111111111112)",2,97.65277777777798,14244
"(0.7638888888888888, 0.9861111111111112)",1,97.65277777777798,14245
"(0.9305555555555556, 0.9861111111111112)",1,97.65277777777796,14246
"(0.9166666666666666, 0.9861111111111112)",2,97.65277777777796,14248
"(0.9166666666666666, 0.9722222222222222)",1,97.65277777777796,14249
"(0.9444444444444444, 0.9861111111111112)",1,97.65277777777796,14250
"(0.8611111111111112, 0.9861111111111112)",1,97.65277777777791,14251
"(0.7638888888888888, 0.9861111111111112)",1,97.65277777777786,14252
"(0.8055555555555556, 1.0)",1,97.65277777777784,14253
"(0.7083333333333334, 0.9861111111111112)",1,97.65277777777784,14254
"(0.7083333333333334, 1.0)",1,97.6527777777778,14255
"(0.7777777777777778, 1.0)",2,97.6527777777778,14257
"(0.9027777777777778, 1.0)",1,97.6527777777778,14258
"(0.9722222222222222, 1.0)",1,97.6527777777778,14259
"(0.8055555555555556, 1.0)",1,97.6527777777778,14260
"(0.8888888888888888, 1.0)",1,97.6527777777778,14261
"(0.7916666666666666, 1.0)",1,97.65277777777776,14262
"(0.8604651162790697, 0.9883720930232558)",1,97.6511627906978,14263
"(0.9418604651162792, 0.9883720930232558)",1,97.6511627906978,14264
"(0.7441860465116279, 1.0)",1,97.65116279069778,14265
"(0.8953488372093024, 0.9883720930232558)",1,97.65116279069774,14266
"(0.7558139534883721, 0.9883720930232558)",1,97.65116279069774,14267
"(0.9302325581395348, 0.9883720930232558)",1,97.65116279069774,14268
"(0.627906976744186, 1.0)",1,97.65116279069773,14269
"(0.9186046511627908, 1.0)",1,97.65116279069773,14270
"(0.872093023255814, 0.9767441860465116)",1,97.65116279069773,14271
"(0.7674418604651163, 1.0)",1,97.6511627906977,14272
"(0.8255813953488372, 0.9883720930232558)",1,97.6511627906977,14273
"(0.9418604651162792, 1.0)",1,97.65116279069768,14274
"(0.95, 0.9833333333333332)",2,97.65000000000008,14276
"(0.9166666666666666, 0.9833333333333332)",1,97.65000000000008,14277
"(0.9, 1.0)",1,97.65000000000008,14278
"(0.9666666666666668, 0.9833333333333332)",2,97.65000000000008,14280
"(0.9, 0.9833333333333332)",1,97.65000000000008,14281
"(0.9, 0.9833333333333332)",4,97.65000000000006,14285
"(0.8166666666666667, 0.9833333333333332)",1,97.65000000000006,14286
"(0.9666666666666668, 0.9833333333333332)",2,97.65000000000006,14288
"(0.8333333333333334, 1.0)",1,97.65000000000006,14289
"(1.0, 0.9833333333333332)",1,97.65000000000006,14290
"(0.9166666666666666, 1.0)",1,97.65000000000006,14291
"(0.8666666666666667, 0.9833333333333332)",1,97.65000000000006,14292
"(0.9, 1.0)",1,97.65000000000003,14293
"(0.9, 1.0)",2,97.65000000000003,14295
"(0.8833333333333333, 1.0)",2,97.65000000000003,14297
"(0.9333333333333332, 1.0)",1,97.65000000000002,14298
"(0.9666666666666668, 1.0)",1,97.65000000000002,14299
"(0.7333333333333333, 1.0)",1,97.65000000000002,14300
"(0.9166666666666666, 0.9791666666666666)",1,97.65000000000002,14301
"(0.9, 1.0)",1,97.65000000000002,14302
"(1.0, 1.0)",2,97.65000000000002,14304
"(0.8333333333333334, 1.0)",2,97.65000000000002,14306
"(0.8166666666666667, 1.0)",2,97.65,14308
"(0.9, 1.0)",1,97.65,14309
"(0.9833333333333332, 1.0)",1,97.65,14310
"(0.8666666666666667, 1.0)",1,97.65,14311
"(0.7166666666666667, 1.0)",1,97.65,14312
"(0.8833333333333333, 1.0)",1,97.65,14313
"(1.0, 1.0)",3,97.65,14316
"(0.9, 1.0)",1,97.65,14317
"(0.9083333333333332, 0.9833333333333332)",1,97.65,14318
"(0.9791666666666666, 0.9625)",1,97.64999999999996,14319
"(0.8958333333333334, 0.9875)",1,97.64999999999984,14320
"(0.9166666666666666, 0.9791666666666666)",2,97.64583333333324,14322
"(0.8458333333333333, 0.9791666666666666)",1,97.6416666666667,14323
"(0.9833333333333332, 0.9666666666666668)",1,97.64166666666662,14324
"(0.875, 0.9958333333333332)",1,97.6416666666666,14325
"(0.9302325581395348, 0.9883720930232558)",1,97.63953488372104,14326
"(0.9418604651162792, 0.9767441860465116)",1,97.63953488372104,14327
"(0.8604651162790697, 0.9883720930232558)",1,97.639534883721,14328
"(0.8953488372093024, 0.9883720930232558)",2,97.639534883721,14330
"(0.8488372093023255, 1.0)",1,97.63953488372096,14331
"(0.8255813953488372, 0.9883720930232558)",1,97.63953488372096,14332
"(0.7906976744186046, 0.9883720930232558)",1,97.63953488372096,14333
"(0.4883720930232558, 1.0)",1,97.63953488372096,14334
"(0.8611111111111112, 0.9861111111111112)",4,97.6388888888891,14338
"(0.8194444444444444, 0.9861111111111112)",2,97.6388888888891,14340
"(0.8333333333333334, 0.9861111111111112)",1,97.63888888888908,14341
"(0.75, 0.9861111111111112)",1,97.63888888888908,14342
"(0.8888888888888888, 0.9861111111111112)",3,97.63888888888908,14345
"(0.9722222222222222, 0.9861111111111112)",1,97.63888888888908,14346
"(0.9027777777777778, 0.9861111111111112)",1,97.63888888888908,14347
"(0.8611111111111112, 0.9861111111111112)",4,97.63888888888908,14351
"(0.7916666666666666, 0.9861111111111112)",1,97.63888888888908,14352
"(0.875, 0.9861111111111112)",1,97.63888888888908,14353
"(0.8888888888888888, 0.9861111111111112)",1,97.63888888888908,14354
"(0.8888888888888888, 0.9722222222222222)",2,97.638888888889,14356
"(0.7638888888888888, 1.0)",1,97.638888888889,14357
"(0.9305555555555556, 1.0)",2,97.63888888888896,14359
"(0.8055555555555556, 1.0)",1,97.63888888888894,14360
"(0.7638888888888888, 1.0)",1,97.63888888888891,14361
"(0.7083333333333334, 1.0)",1,97.63888888888891,14362
"(0.7222222222222222, 1.0)",4,97.63888888888889,14366
"(0.9833333333333332, 0.9833333333333332)",1,97.6375,14367
"(0.9291666666666668, 0.9833333333333332)",1,97.63749999999996,14368
"(0.9833333333333332, 0.9666666666666668)",1,97.63749999999992,14369
"(0.9333333333333332, 0.9875)",1,97.63749999999982,14370
"(0.9625, 0.9916666666666668)",1,97.6374999999998,14371
"(0.95, 0.9833333333333332)",1,97.63333333333344,14372
"(0.8166666666666667, 0.9833333333333332)",1,97.6333333333334,14373
"(0.8333333333333334, 1.0)",1,97.6333333333334,14374
"(0.9333333333333332, 1.0)",1,97.6333333333334,14375
"(0.8666666666666667, 0.9833333333333332)",1,97.6333333333334,14376
"(1.0, 0.9833333333333332)",1,97.6333333333334,14377
"(0.8666666666666667, 1.0)",1,97.6333333333334,14378
"(0.9333333333333332, 0.9833333333333332)",1,97.6333333333334,14379
"(0.95, 0.9833333333333332)",2,97.6333333333334,14381
"(1.0, 0.9833333333333332)",1,97.6333333333334,14382
"(0.9166666666666666, 0.9833333333333332)",1,97.63333333333338,14383
"(0.8833333333333333, 1.0)",1,97.63333333333338,14384
"(0.8333333333333334, 1.0)",1,97.63333333333338,14385
"(0.9, 1.0)",1,97.63333333333338,14386
"(0.8166666666666667, 1.0)",1,97.63333333333335,14387
"(0.975, 0.9791666666666666)",1,97.63333333333335,14388
"(0.85, 1.0)",1,97.63333333333335,14389
"(0.9208333333333332, 0.9791666666666666)",1,97.63333333333335,14390
"(0.6666666666666666, 1.0)",2,97.63333333333335,14392
"(0.8, 1.0)",1,97.63333333333334,14393
"(0.7333333333333333, 1.0)",1,97.63333333333334,14394
"(0.9, 1.0)",1,97.63333333333334,14395
"(0.8333333333333334, 1.0)",2,97.63333333333334,14397
"(0.8666666666666667, 1.0)",1,97.63333333333334,14398
"(0.9833333333333332, 1.0)",1,97.63333333333333,14399
"(0.85, 1.0)",1,97.63333333333333,14400
"(0.8666666666666667, 1.0)",1,97.63333333333333,14401
"(0.95, 1.0)",2,97.63333333333333,14403
"(0.75, 1.0)",1,97.63333333333333,14404
"(0.8833333333333333, 1.0)",1,97.63333333333333,14405
"(0.7666666666666667, 1.0)",1,97.63333333333333,14406
"(0.7, 1.0)",1,97.63333333333333,14407
"(0.9791666666666666, 0.9541666666666668)",1,97.63333333333324,14408
"(0.9, 0.9791666666666666)",1,97.6291666666667,14409
"(0.9416666666666668, 0.9833333333333332)",1,97.62916666666668,14410
"(0.9, 0.9875)",1,97.6291666666666,14411
"(0.7790697674418605, 0.9767441860465116)",1,97.62790697674436,14412
"(0.8837209302325582, 0.9883720930232558)",1,97.62790697674428,14413
"(0.4651162790697674, 1.0)",1,97.6279069767442,14414
"(0.9444444444444444, 0.9861111111111112)",1,97.62500000000024,14415
"(0.75, 0.9861111111111112)",1,97.6250000000002,14416
"(0.8333333333333334, 0.9861111111111112)",1,97.6250000000002,14417
"(0.5833333333333334, 0.9861111111111112)",1,97.6250000000002,14418
"(0.8472222222222222, 0.9861111111111112)",3,97.6250000000002,14421
"(0.9305555555555556, 0.9861111111111112)",1,97.6250000000002,14422
"(0.9027777777777778, 0.9861111111111112)",2,97.6250000000002,14424
"(0.9027777777777778, 0.9861111111111112)",1,97.6250000000002,14425
"(0.9722222222222222, 0.9861111111111112)",1,97.6250000000002,14426
"(0.6944444444444444, 0.9861111111111112)",1,97.62500000000018,14427
"(0.9305555555555556, 0.9861111111111112)",1,97.62500000000018,14428
"(0.875, 0.9722222222222222)",1,97.62500000000011,14429
"(0.8194444444444444, 0.9861111111111112)",1,97.62500000000009,14430
"(0.9444444444444444, 1.0)",1,97.62500000000006,14431
"(0.9208333333333332, 0.9833333333333332)",2,97.62500000000006,14433
"(0.8055555555555556, 1.0)",1,97.62500000000004,14434
"(0.9166666666666666, 1.0)",1,97.62500000000004,14435
"(0.9833333333333332, 0.9708333333333332)",2,97.625,14437
"(0.9291666666666668, 0.9875)",1,97.625,14438
"(0.9041666666666668, 0.9875)",2,97.625,14440
"(0.8472222222222222, 1.0)",1,97.625,14441
"(0.8458333333333333, 0.9875)",1,97.625,14442
"(0.8458333333333333, 0.9833333333333332)",1,97.625,14443
"(0.9791666666666666, 0.9958333333333332)",1,97.625,14444
"(0.8333333333333334, 1.0)",1,97.625,14445
"(0.9875, 0.9916666666666668)",1,97.62499999999996,14446
"(0.9, 0.9958333333333332)",1,97.62499999999996,14447
"(0.9375, 0.975)",1,97.62499999999991,14448
"(0.8375, 0.9916666666666668)",1,97.62499999999982,14449
"(0.9333333333333332, 0.9875)",1,97.62499999999982,14450
"(0.9041666666666668, 0.9833333333333332)",1,97.62083333333334,14451
"(0.9041666666666668, 0.9875)",1,97.62083333333328,14452
"(0.9166666666666666, 0.9875)",1,97.62083333333324,14453
"(0.9083333333333332, 0.9916666666666668)",1,97.62083333333317,14454
"(0.9333333333333332, 0.9791666666666666)",1,97.6166666666668,14455
"(0.8833333333333333, 0.9833333333333332)",1,97.61666666666676,14456
"(0.95, 0.9833333333333332)",1,97.61666666666676,14457
"(0.9, 1.0)",1,97.61666666666672,14458
"(0.8666666666666667, 1.0)",1,97.61666666666672,14459
"(0.9666666666666668, 0.9833333333333332)",1,97.61666666666672,14460
"(0.8833333333333333, 0.9833333333333332)",4,97.61666666666672,14464
"(0.8166666666666667, 0.9833333333333332)",2,97.61666666666672,14466
"(0.8833333333333333, 1.0)",1,97.61666666666672,14467
"(0.9166666666666666, 1.0)",1,97.61666666666672,14468
"(0.8333333333333334, 1.0)",1,97.61666666666672,14469
"(0.6666666666666666, 1.0)",1,97.6166666666667,14470
"(0.8333333333333334, 1.0)",1,97.6166666666667,14471
"(0.9, 1.0)",1,97.6166666666667,14472
"(0.9, 0.9833333333333332)",1,97.61666666666667,14473
"(0.8666666666666667, 1.0)",1,97.61666666666667,14474
"(1.0, 1.0)",3,97.61666666666667,14477
"(0.95, 1.0)",1,97.61666666666667,14478
"(0.9833333333333332, 1.0)",2,97.61666666666667,14480
"(0.7833333333333333, 1.0)",1,97.61666666666667,14481
"(0.9, 1.0)",1,97.61666666666667,14482
"(0.8, 1.0)",1,97.61666666666667,14483
"(0.9166666666666666, 1.0)",1,97.61666666666666,14484
"(0.975, 0.95)",1,97.61666666666666,14485
"(1.0, 1.0)",1,97.61666666666666,14486
"(0.9, 1.0)",1,97.61666666666666,14487
"(0.7666666666666667, 1.0)",1,97.61666666666666,14488
"(0.9083333333333332, 0.9791666666666666)",1,97.61666666666665,14489
"(0.9541666666666668, 0.975)",1,97.6166666666666,14490
"(0.975, 0.9791666666666666)",1,97.6166666666666,14491
"(0.9666666666666668, 0.9875)",1,97.6166666666666,14492
"(0.9208333333333332, 0.9875)",2,97.61666666666656,14494
"(0.9291666666666668, 0.9916666666666668)",1,97.61666666666652,14495
"(0.7790697674418605, 0.9883720930232558)",1,97.6162790697676,14496
"(0.9534883720930232, 0.9883720930232558)",1,97.6162790697676,14497
"(0.8372093023255814, 0.9883720930232558)",1,97.61627906976756,14498
"(0.8604651162790697, 0.9883720930232558)",2,97.61627906976751,14500
"(0.4883720930232558, 1.0)",1,97.6162790697675,14501
"(0.7790697674418605, 0.9883720930232558)",1,97.6162790697675,14502
"(0.7674418604651163, 1.0)",1,97.61627906976749,14503
"(0.9458333333333332, 0.9875)",1,97.61250000000004,14504
"(0.8625, 0.9958333333333332)",1,97.61249999999995,14505
"(0.9416666666666668, 0.9875)",1,97.61249999999994,14506
"(0.9625, 0.9916666666666668)",1,97.61249999999988,14507
"(0.975, 0.9708333333333332)",1,97.61249999999988,14508
"(0.9444444444444444, 1.0)",1,97.61111111111134,14509
"(0.8611111111111112, 0.9861111111111112)",1,97.61111111111131,14510
"(0.7638888888888888, 0.9861111111111112)",1,97.61111111111131,14511
"(0.8333333333333334, 0.9861111111111112)",2,97.61111111111131,14513
"(0.7222222222222222, 0.9861111111111112)",1,97.61111111111131,14514
"(0.875, 0.9722222222222222)",1,97.6111111111113,14515
"(0.9027777777777778, 0.9861111111111112)",1,97.6111111111113,14516
"(0.8472222222222222, 0.9722222222222222)",1,97.61111111111128,14517
"(0.7916666666666666, 0.9861111111111112)",1,97.61111111111128,14518
"(0.7638888888888888, 0.9861111111111112)",1,97.61111111111128,14519
"(0.9722222222222222, 1.0)",1,97.61111111111124,14520
"(0.9722222222222222, 1.0)",1,97.6111111111112,14521
"(0.7638888888888888, 1.0)",1,97.6111111111112,14522
"(0.9722222222222222, 1.0)",1,97.61111111111116,14523
"(0.9166666666666666, 1.0)",1,97.61111111111116,14524
"(0.9583333333333334, 1.0)",1,97.61111111111114,14525
"(0.9305555555555556, 1.0)",4,97.61111111111114,14529
"(0.6944444444444444, 1.0)",4,97.61111111111111,14533
"(0.925, 0.9791666666666666)",1,97.6083333333334,14534
"(0.9, 0.9916666666666668)",1,97.60833333333328,14535
"(0.95, 0.975)",1,97.60833333333326,14536
"(0.9291666666666668, 0.9916666666666668)",2,97.60833333333323,14538
"(0.9302325581395348, 0.9767441860465116)",1,97.60465116279086,14539
"(0.9186046511627908, 0.9767441860465116)",1,97.60465116279082,14540
"(0.8604651162790697, 0.9883720930232558)",1,97.6046511627908,14541
"(0.9418604651162792, 0.9883720930232558)",1,97.60465116279076,14542
"(0.8255813953488372, 0.9883720930232558)",2,97.60465116279076,14544
"(0.8372093023255814, 0.9883720930232558)",1,97.60465116279074,14545
"(0.4651162790697674, 1.0)",1,97.60465116279072,14546
"(0.8958333333333334, 0.9916666666666668)",1,97.6041666666666,14547
"(0.85, 0.9791666666666666)",2,97.60416666666652,14549
"(0.9791666666666666, 0.9916666666666668)",1,97.6041666666665,14550
"(0.9, 0.9833333333333332)",2,97.60000000000008,14552
"(0.9666666666666668, 0.9833333333333332)",2,97.60000000000008,14554
"(0.8, 1.0)",1,97.60000000000008,14555
"(0.9333333333333332, 0.9833333333333332)",2,97.60000000000008,14557
"(0.8333333333333334, 1.0)",1,97.60000000000008,14558
"(0.95, 0.9833333333333332)",1,97.60000000000008,14559
"(0.9833333333333332, 0.9833333333333332)",2,97.60000000000008,14561
"(0.8333333333333334, 1.0)",1,97.60000000000004,14562
"(0.8666666666666667, 1.0)",1,97.60000000000004,14563
"(0.7333333333333333, 1.0)",1,97.60000000000002,14564
"(0.9, 1.0)",1,97.60000000000002,14565
"(1.0, 1.0)",2,97.6,14567
"(0.9333333333333332, 1.0)",1,97.6,14568
"(0.7833333333333333, 1.0)",1,97.6,14569
"(0.9166666666666666, 1.0)",2,97.6,14571
"(0.8333333333333334, 1.0)",3,97.6,14574
"(0.9333333333333332, 1.0)",1,97.6,14575
"(0.9833333333333332, 1.0)",2,97.6,14577
"(0.9125, 0.9875)",1,97.6,14578
"(0.8166666666666667, 1.0)",1,97.6,14579
"(0.875, 0.975)",1,97.59999999999998,14580
"(0.8125, 0.9916666666666668)",1,97.59999999999992,14581
"(0.9666666666666668, 0.9958333333333332)",1,97.59999999999992,14582
"(0.95, 0.9833333333333332)",1,97.59999999999992,14583
"(0.9444444444444444, 0.9861111111111112)",1,97.59722222222244,14584
"(0.7638888888888888, 0.9861111111111112)",1,97.59722222222244,14585
"(0.8194444444444444, 0.9861111111111112)",1,97.5972222222224,14586
"(0.9027777777777778, 0.9861111111111112)",3,97.5972222222224,14589
"(0.8611111111111112, 0.9861111111111112)",1,97.5972222222224,14590
"(0.9305555555555556, 0.9861111111111112)",1,97.5972222222224,14591
"(0.7638888888888888, 0.9861111111111112)",1,97.5972222222224,14592
"(0.9166666666666666, 0.9722222222222222)",1,97.5972222222224,14593
"(0.7361111111111112, 0.9861111111111112)",1,97.59722222222238,14594
"(0.7222222222222222, 0.9722222222222222)",1,97.59722222222236,14595
"(0.9027777777777778, 0.9861111111111112)",1,97.59722222222231,14596
"(0.8333333333333334, 1.0)",2,97.59722222222231,14598
"(0.9305555555555556, 1.0)",1,97.59722222222231,14599
"(0.8055555555555556, 1.0)",1,97.59722222222229,14600
"(0.6111111111111112, 1.0)",2,97.59722222222229,14602
"(0.875, 1.0)",1,97.59722222222226,14603
"(0.8611111111111112, 1.0)",1,97.59722222222226,14604
"(0.9305555555555556, 1.0)",2,97.59722222222226,14606
"(0.9166666666666666, 1.0)",1,97.59722222222226,14607
"(0.7638888888888888, 1.0)",1,97.59722222222226,14608
"(0.8055555555555556, 1.0)",1,97.59722222222224,14609
"(0.9583333333333334, 1.0)",1,97.59722222222224,14610
"(0.9305555555555556, 1.0)",1,97.59722222222224,14611
"(0.8875, 0.9833333333333332)",1,97.59583333333342,14612
"(0.9208333333333332, 0.9833333333333332)",1,97.59583333333332,14613
"(0.8458333333333333, 0.9916666666666668)",1,97.59583333333327,14614
"(0.9291666666666668, 0.9833333333333332)",1,97.59583333333326,14615
"(0.9, 0.9916666666666668)",2,97.59583333333326,14617
"(0.8625, 0.975)",1,97.59583333333325,14618
"(0.7790697674418605, 0.9883720930232558)",1,97.59302325581405,14619
"(0.8953488372093024, 0.9883720930232558)",1,97.59302325581405,14620
"(0.8837209302325582, 0.9883720930232558)",2,97.59302325581405,14622
"(0.8953488372093024, 0.9767441860465116)",1,97.593023255814,14623
"(0.7441860465116279, 1.0)",1,97.593023255814,14624
"(0.7906976744186046, 1.0)",1,97.593023255814,14625
"(0.872093023255814, 1.0)",1,97.593023255814,14626
"(0.95, 0.9791666666666666)",1,97.59166666666673,14627
"(0.9, 0.9833333333333332)",2,97.59166666666673,14629
"(0.9833333333333332, 0.9958333333333332)",1,97.5916666666667,14630
"(0.875, 0.9833333333333332)",1,97.5916666666667,14631
"(0.8875, 0.9791666666666666)",1,97.59166666666668,14632
"(0.975, 0.9916666666666668)",1,97.59166666666654,14633
"(0.9333333333333332, 0.9916666666666668)",1,97.59166666666653,14634
"(0.9291666666666668, 0.9958333333333332)",1,97.58750000000006,14635
"(0.9, 0.9958333333333332)",1,97.58749999999988,14636
"(0.9, 0.9875)",1,97.58749999999988,14637
"(0.9208333333333332, 0.9875)",1,97.58749999999984,14638
"(0.8791666666666667, 0.9875)",2,97.58749999999978,14640
"(0.7083333333333334, 0.9861111111111112)",1,97.58333333333354,14641
"(0.75, 0.9861111111111112)",1,97.58333333333351,14642
"(0.9027777777777778, 0.9861111111111112)",2,97.58333333333351,14644
"(0.8611111111111112, 0.9861111111111112)",1,97.58333333333351,14645
"(0.7916666666666666, 0.9861111111111112)",1,97.58333333333351,14646
"(0.7638888888888888, 0.9861111111111112)",1,97.58333333333351,14647
"(0.9305555555555556, 0.9861111111111112)",4,97.58333333333351,14651
"(0.8333333333333334, 0.9861111111111112)",1,97.58333333333351,14652
"(0.8194444444444444, 0.9861111111111112)",1,97.58333333333351,14653
"(0.8472222222222222, 0.9861111111111112)",1,97.58333333333351,14654
"(0.8472222222222222, 0.9861111111111112)",1,97.5833333333335,14655
"(0.75, 1.0)",2,97.58333333333344,14657
"(0.9583333333333334, 0.9791666666666666)",1,97.5833333333334,14658
"(0.95, 0.9833333333333332)",1,97.5833333333334,14659
"(0.8666666666666667, 1.0)",1,97.5833333333334,14660
"(0.9, 0.9833333333333332)",1,97.5833333333334,14661
"(1.0, 0.9833333333333332)",1,97.5833333333334,14662
"(0.8833333333333333, 0.9833333333333332)",1,97.5833333333334,14663
"(0.9666666666666668, 0.9833333333333332)",3,97.5833333333334,14666
"(0.9833333333333332, 0.9833333333333332)",1,97.5833333333334,14667
"(0.7333333333333333, 1.0)",1,97.5833333333334,14668
"(1.0, 1.0)",1,97.5833333333334,14669
"(0.8, 1.0)",1,97.5833333333334,14670
"(0.8333333333333334, 1.0)",2,97.58333333333336,14672
"(0.7666666666666667, 1.0)",1,97.58333333333336,14673
"(0.8, 1.0)",1,97.58333333333336,14674
"(1.0, 1.0)",1,97.58333333333336,14675
"(0.75, 1.0)",2,97.58333333333336,14677
"(0.7166666666666667, 1.0)",1,97.58333333333336,14678
"(0.9833333333333332, 1.0)",1,97.58333333333336,14679
"(0.9027777777777778, 1.0)",1,97.58333333333336,14680
"(1.0, 1.0)",2,97.58333333333334,14682
"(0.7083333333333334, 1.0)",1,97.58333333333334,14683
"(0.9027777777777778, 1.0)",1,97.58333333333334,14684
"(0.9833333333333332, 1.0)",2,97.58333333333334,14686
"(0.7333333333333333, 1.0)",1,97.58333333333334,14687
"(0.9, 1.0)",2,97.58333333333334,14689
"(0.9166666666666666, 1.0)",2,97.58333333333334,14691
"(0.85, 1.0)",3,97.58333333333334,14694
"(0.9666666666666668, 1.0)",2,97.58333333333334,14696
"(0.8333333333333334, 1.0)",2,97.58333333333334,14698
"(0.8833333333333333, 1.0)",2,97.58333333333334,14700
"(1.0, 1.0)",1,97.58333333333331,14701
"(0.85, 1.0)",1,97.58333333333331,14702
"(0.9333333333333332, 1.0)",1,97.58333333333331,14703
"(0.7166666666666667, 1.0)",1,97.58333333333331,14704
"(0.9166666666666666, 1.0)",3,97.58333333333331,14707
"(0.95, 1.0)",1,97.58333333333331,14708
"(0.9125, 0.9958333333333332)",2,97.58333333333329,14710
"(0.9, 0.9875)",1,97.58333333333316,14711
"(0.7790697674418605, 0.9767441860465116)",1,97.58139534883742,14712
"(0.8488372093023255, 0.9767441860465116)",1,97.5813953488374,14713
"(0.7790697674418605, 0.9767441860465116)",1,97.58139534883736,14714
"(0.872093023255814, 0.9767441860465116)",2,97.58139534883723,14716
"(0.4651162790697674, 1.0)",1,97.58139534883723,14717
"(0.813953488372093, 1.0)",1,97.58139534883723,14718
"(0.9208333333333332, 0.9833333333333332)",1,97.57916666666672,14719
"(0.9041666666666668, 0.9833333333333332)",1,97.57916666666668,14720
"(0.95, 0.9958333333333332)",2,97.57916666666668,14722
"(0.9208333333333332, 0.9958333333333332)",1,97.57916666666664,14723
"(0.8958333333333334, 0.9833333333333332)",1,97.57916666666662,14724
"(0.9208333333333332, 0.9958333333333332)",1,97.57916666666657,14725
"(0.925, 0.975)",1,97.57500000000005,14726
"(0.9041666666666668, 0.9958333333333332)",1,97.57499999999996,14727
"(0.9, 0.9875)",1,97.57499999999996,14728
"(0.9208333333333332, 0.9833333333333332)",1,97.57499999999992,14729
"(0.95, 0.9916666666666668)",1,97.5749999999998,14730
"(0.9, 0.9833333333333332)",1,97.57083333333348,14731
"(0.8875, 0.9791666666666666)",1,97.57083333333344,14732
"(0.95, 0.9791666666666666)",1,97.57083333333344,14733
"(0.9416666666666668, 0.9833333333333332)",1,97.57083333333335,14734
"(0.9375, 0.9875)",2,97.5708333333333,14736
"(0.9791666666666666, 0.9791666666666666)",1,97.5708333333333,14737
"(0.9375, 0.9958333333333332)",2,97.57083333333328,14739
"(0.8916666666666667, 0.9875)",1,97.5708333333332,14740
"(0.975, 0.9916666666666668)",1,97.5708333333332,14741
"(0.8958333333333334, 0.9916666666666668)",1,97.57083333333316,14742
"(0.8488372093023255, 0.9767441860465116)",1,97.56976744186062,14743
"(0.9302325581395348, 0.9883720930232558)",1,97.56976744186056,14744
"(0.8488372093023255, 0.9767441860465116)",1,97.56976744186056,14745
"(0.8023255813953488, 0.9883720930232558)",2,97.56976744186052,14747
"(0.8953488372093024, 0.9883720930232558)",1,97.56976744186052,14748
"(0.9302325581395348, 0.9883720930232558)",1,97.56976744186052,14749
"(0.9302325581395348, 0.9767441860465116)",1,97.56976744186052,14750
"(0.872093023255814, 0.9883720930232558)",1,97.5697674418605,14751
"(0.9069767441860463, 1.0)",1,97.56976744186048,14752
"(0.8255813953488372, 0.9883720930232558)",1,97.56976744186048,14753
"(0.9418604651162792, 0.9767441860465116)",1,97.56976744186046,14754
"(0.8488372093023255, 0.9651162790697676)",2,97.56976744186044,14756
"(0.6527777777777778, 0.9861111111111112)",1,97.56944444444464,14757
"(0.8333333333333334, 0.9722222222222222)",1,97.56944444444464,14758
"(0.9166666666666666, 0.9861111111111112)",1,97.56944444444464,14759
"(0.8333333333333334, 0.9861111111111112)",1,97.56944444444464,14760
"(0.7916666666666666, 0.9861111111111112)",1,97.56944444444464,14761
"(0.9305555555555556, 0.9861111111111112)",1,97.5694444444446,14762
"(0.8194444444444444, 0.9861111111111112)",1,97.5694444444446,14763
"(0.75, 0.9722222222222222)",1,97.56944444444458,14764
"(0.9027777777777778, 0.9861111111111112)",1,97.56944444444456,14765
"(0.8333333333333334, 0.9722222222222222)",1,97.56944444444454,14766
"(0.8055555555555556, 1.0)",1,97.56944444444451,14767
"(0.6944444444444444, 1.0)",1,97.56944444444451,14768
"(0.9722222222222222, 1.0)",1,97.56944444444449,14769
"(0.8333333333333334, 1.0)",1,97.56944444444449,14770
"(0.8055555555555556, 1.0)",1,97.56944444444449,14771
"(0.7361111111111112, 1.0)",1,97.56944444444449,14772
"(0.9305555555555556, 1.0)",2,97.56944444444449,14774
"(0.9444444444444444, 1.0)",2,97.56944444444449,14776
"(0.9166666666666666, 1.0)",1,97.56944444444446,14777
"(0.9305555555555556, 1.0)",2,97.56944444444446,14779
"(0.7638888888888888, 1.0)",1,97.56944444444446,14780
"(0.6111111111111112, 1.0)",1,97.56944444444444,14781
"(0.9, 0.9833333333333332)",3,97.56666666666672,14784
"(1.0, 0.9833333333333332)",2,97.56666666666672,14786
"(0.85, 1.0)",1,97.56666666666672,14787
"(0.8166666666666667, 0.9833333333333332)",1,97.56666666666672,14788
"(0.8833333333333333, 0.9833333333333332)",1,97.56666666666672,14789
"(0.8833333333333333, 1.0)",1,97.5666666666667,14790
"(0.7333333333333333, 1.0)",1,97.5666666666667,14791
"(0.9166666666666666, 1.0)",1,97.56666666666668,14792
"(0.8333333333333334, 1.0)",1,97.56666666666668,14793
"(0.9333333333333332, 1.0)",1,97.56666666666668,14794
"(0.7333333333333333, 0.9833333333333332)",1,97.56666666666668,14795
"(0.9166666666666666, 1.0)",1,97.56666666666668,14796
"(0.8166666666666667, 1.0)",1,97.56666666666668,14797
"(0.9833333333333332, 1.0)",1,97.56666666666666,14798
"(0.8166666666666667, 1.0)",3,97.56666666666666,14801
"(0.8, 1.0)",1,97.56666666666666,14802
"(0.9666666666666668, 1.0)",1,97.56666666666666,14803
"(0.7333333333333333, 1.0)",4,97.56666666666666,14807
"(0.9333333333333332, 1.0)",2,97.56666666666666,14809
"(0.8666666666666667, 1.0)",1,97.56666666666666,14810
"(0.9041666666666668, 0.9875)",1,97.56666666666666,14811
"(0.8833333333333333, 1.0)",1,97.56666666666666,14812
"(1.0, 1.0)",1,97.56666666666666,14813
"(0.9166666666666666, 1.0)",2,97.56666666666666,14815
"(0.85, 1.0)",1,97.56666666666666,14816
"(1.0, 1.0)",1,97.56666666666663,14817
"(0.9583333333333334, 0.9875)",2,97.56666666666658,14819
"(0.8958333333333334, 0.9875)",1,97.56666666666658,14820
"(0.8791666666666667, 0.9958333333333332)",1,97.56666666666652,14821
"(0.8916666666666667, 0.9958333333333332)",1,97.5666666666665,14822
"(0.9291666666666668, 0.9958333333333332)",1,97.56249999999991,14823
"(0.8875, 0.9791666666666666)",1,97.55833333333344,14824
"(0.9166666666666666, 0.9833333333333332)",1,97.55833333333332,14825
"(0.8255813953488372, 0.9883720930232558)",1,97.55813953488384,14826
"(0.8023255813953488, 0.9883720930232558)",1,97.5581395348838,14827
"(0.9302325581395348, 0.9883720930232558)",1,97.5581395348838,14828
"(0.8604651162790697, 1.0)",1,97.55813953488376,14829
"(0.7906976744186046, 1.0)",1,97.55813953488376,14830
"(0.7674418604651163, 1.0)",1,97.55813953488374,14831
"(0.7906976744186046, 1.0)",1,97.55813953488374,14832
"(0.9651162790697676, 0.9651162790697676)",2,97.55813953488372,14834
"(0.6527777777777778, 0.9861111111111112)",1,97.55555555555576,14835
"(0.8888888888888888, 0.9861111111111112)",1,97.55555555555576,14836
"(0.875, 0.9861111111111112)",1,97.55555555555576,14837
"(0.9166666666666666, 0.9861111111111112)",1,97.55555555555576,14838
"(0.8194444444444444, 0.9861111111111112)",1,97.55555555555574,14839
"(0.9027777777777778, 1.0)",1,97.55555555555569,14840
"(0.7777777777777778, 0.9861111111111112)",1,97.55555555555569,14841
"(0.7777777777777778, 1.0)",1,97.5555555555556,14842
"(0.9027777777777778, 1.0)",1,97.5555555555556,14843
"(0.875, 1.0)",2,97.5555555555556,14845
"(0.9166666666666666, 0.9861111111111112)",1,97.55555555555556,14846
"(0.9305555555555556, 1.0)",1,97.55555555555556,14847
"(0.9444444444444444, 1.0)",1,97.55555555555556,14848
"(0.8888888888888888, 1.0)",4,97.55555555555554,14852
"(0.9, 0.9833333333333332)",1,97.55416666666662,14853
"(0.9916666666666668, 0.9916666666666668)",1,97.55416666666656,14854
"(0.925, 0.9875)",1,97.55416666666656,14855
"(0.7666666666666667, 1.0)",1,97.55000000000008,14856
"(0.9333333333333332, 0.9833333333333332)",8,97.55000000000008,14864
"(0.9666666666666668, 0.9833333333333332)",5,97.55000000000008,14869
"(0.9166666666666666, 0.9833333333333332)",2,97.55000000000008,14871
"(0.7666666666666667, 1.0)",1,97.55000000000008,14872
"(0.9, 0.9833333333333332)",1,97.55000000000008,14873
"(0.9333333333333332, 1.0)",1,97.55000000000008,14874
"(0.8833333333333333, 0.9833333333333332)",1,97.55000000000008,14875
"(0.9166666666666666, 1.0)",1,97.55000000000008,14876
"(0.85, 1.0)",1,97.55000000000004,14877
"(0.9166666666666666, 1.0)",3,97.55000000000004,14880
"(0.8333333333333334, 1.0)",1,97.55000000000004,14881
"(0.75, 1.0)",1,97.55000000000004,14882
"(0.9166666666666666, 0.9833333333333332)",1,97.55000000000004,14883
"(0.9166666666666666, 1.0)",1,97.55000000000004,14884
"(0.8166666666666667, 1.0)",1,97.55000000000004,14885
"(0.75, 1.0)",1,97.55,14886
"(0.7333333333333333, 1.0)",1,97.55,14887
"(0.9833333333333332, 1.0)",1,97.55,14888
"(0.8333333333333334, 1.0)",1,97.55,14889
"(0.8833333333333333, 1.0)",1,97.55,14890
"(0.95, 1.0)",1,97.55,14891
"(0.9333333333333332, 0.9916666666666668)",1,97.55,14892
"(0.9375, 0.9958333333333332)",2,97.54999999999995,14894
"(0.9, 0.9875)",1,97.54999999999993,14895
"(0.9428571428571428, 0.975)",1,97.5499999999999,14896
"(0.95, 0.9875)",1,97.54999999999988,14897
"(0.95, 0.9958333333333332)",1,97.54999999999988,14898
"(0.925, 0.9875)",1,97.54999999999984,14899
"(0.9418604651162792, 0.9767441860465116)",1,97.54651162790717,14900
"(0.7790697674418605, 0.9767441860465116)",1,97.54651162790712,14901
"(0.9186046511627908, 0.9883720930232558)",1,97.5465116279071,14902
"(0.7790697674418605, 0.9883720930232558)",2,97.54651162790708,14904
"(0.8953488372093024, 0.9883720930232558)",1,97.54651162790708,14905
"(0.9418604651162792, 0.9883720930232558)",1,97.54651162790704,14906
"(0.8604651162790697, 0.9883720930232558)",1,97.54651162790704,14907
"(0.5930232558139535, 1.0)",1,97.54651162790704,14908
"(0.9651162790697676, 0.9767441860465116)",2,97.546511627907,14910
"(0.4651162790697674, 1.0)",1,97.546511627907,14911
"(0.7674418604651163, 1.0)",2,97.54651162790698,14913
"(0.9291666666666668, 0.9833333333333332)",1,97.54583333333332,14914
"(0.9375, 0.9833333333333332)",1,97.54583333333328,14915
"(0.8416666666666667, 0.9958333333333332)",1,97.54583333333316,14916
"(0.9166666666666666, 0.9861111111111112)",1,97.54166666666688,14917
"(0.7638888888888888, 0.9861111111111112)",2,97.54166666666688,14919
"(0.7083333333333334, 0.9861111111111112)",4,97.54166666666688,14923
"(0.6944444444444444, 0.9861111111111112)",1,97.54166666666688,14924
"(0.9166666666666666, 0.9861111111111112)",3,97.54166666666688,14927
"(0.8888888888888888, 0.9861111111111112)",6,97.54166666666688,14933
"(0.875, 1.0)",1,97.54166666666688,14934
"(0.9722222222222222, 0.9861111111111112)",1,97.54166666666688,14935
"(0.9305555555555556, 0.9861111111111112)",1,97.54166666666686,14936
"(0.875, 0.9861111111111112)",2,97.54166666666686,14938
"(0.7638888888888888, 0.9861111111111112)",1,97.54166666666686,14939
"(0.7777777777777778, 0.9861111111111112)",1,97.54166666666686,14940
"(0.9027777777777778, 0.9861111111111112)",1,97.54166666666686,14941
"(0.9305555555555556, 0.9861111111111112)",1,97.54166666666684,14942
"(0.9027777777777778, 0.9861111111111112)",1,97.54166666666684,14943
"(0.8194444444444444, 1.0)",2,97.54166666666676,14945
"(0.95, 0.9791666666666666)",1,97.54166666666674,14946
"(0.9166666666666666, 0.9625)",1,97.54166666666669,14947
"(0.9, 0.9875)",1,97.54166666666669,14948
"(0.7361111111111112, 1.0)",1,97.54166666666669,14949
"(0.9458333333333332, 0.9958333333333332)",1,97.54166666666669,14950
"(0.9444444444444444, 0.9861111111111112)",1,97.54166666666666,14951
"(0.75, 1.0)",2,97.54166666666666,14953
"(0.9541666666666668, 0.9791666666666666)",1,97.54166666666664,14954
"(0.9708333333333332, 0.9541666666666668)",1,97.5416666666666,14955
"(0.9208333333333332, 0.9875)",1,97.54166666666656,14956
"(0.8458333333333333, 0.9833333333333332)",1,97.5375000000001,14957
"(0.9083333333333332, 0.975)",1,97.53749999999992,14958
"(0.9041666666666668, 0.9958333333333332)",1,97.5374999999999,14959
"(0.8255813953488372, 0.9883720930232558)",1,97.5348837209304,14960
"(0.8837209302325582, 1.0)",1,97.53488372093034,14961
"(0.8488372093023255, 0.9883720930232558)",2,97.53488372093032,14963
"(0.9418604651162792, 0.9883720930232558)",1,97.53488372093032,14964
"(0.8837209302325582, 0.9883720930232558)",1,97.53488372093032,14965
"(0.9302325581395348, 0.9883720930232558)",2,97.53488372093032,14967
"(0.8837209302325582, 0.9883720930232558)",2,97.5348837209303,14969
"(0.7441860465116279, 1.0)",1,97.53488372093028,14970
"(0.4883720930232558, 1.0)",1,97.53488372093028,14971
"(0.8837209302325582, 1.0)",1,97.53488372093024,14972
"(0.925, 0.9875)",1,97.53333333333345,14973
"(0.95, 1.0)",1,97.53333333333342,14974
"(0.8666666666666667, 0.9833333333333332)",1,97.53333333333342,14975
"(0.85, 1.0)",1,97.5333333333334,14976
"(0.9, 0.9833333333333332)",1,97.5333333333334,14977
"(0.9166666666666666, 0.9833333333333332)",2,97.5333333333334,14979
"(0.8833333333333333, 0.9833333333333332)",1,97.53333333333336,14980
"(0.9166666666666666, 1.0)",1,97.53333333333336,14981
"(0.9833333333333332, 1.0)",2,97.53333333333336,14983
"(0.8333333333333334, 1.0)",1,97.53333333333336,14984
"(0.8833333333333333, 1.0)",1,97.53333333333336,14985
"(1.0, 1.0)",1,97.53333333333336,14986
"(0.8833333333333333, 1.0)",1,97.53333333333336,14987
"(0.9166666666666666, 1.0)",1,97.53333333333336,14988
"(0.6666666666666666, 1.0)",1,97.53333333333336,14989
"(0.925, 0.9791666666666666)",1,97.53333333333336,14990
"(0.7166666666666667, 1.0)",1,97.53333333333332,14991
"(0.8666666666666667, 1.0)",1,97.53333333333332,14992
"(0.8333333333333334, 1.0)",4,97.53333333333332,14996
"(0.8833333333333333, 1.0)",2,97.53333333333332,14998
"(0.9166666666666666, 1.0)",3,97.53333333333332,15001
"(1.0, 1.0)",1,97.53333333333332,15002
"(0.95, 1.0)",2,97.53333333333332,15004
"(0.9833333333333332, 1.0)",1,97.53333333333332,15005
"(0.9666666666666668, 1.0)",1,97.53333333333332,15006
"(0.8666666666666667, 0.9958333333333332)",1,97.5333333333333,15007
"(0.9041666666666668, 0.9916666666666668)",1,97.53333333333327,15008
"(0.9, 0.9875)",1,97.53333333333327,15009
"(0.95, 0.9958333333333332)",1,97.53333333333326,15010
"(0.9125, 0.9791666666666666)",1,97.52916666666673,15011
"(0.9083333333333332, 0.9958333333333332)",1,97.5291666666665,15012
"(0.9027777777777778, 0.9861111111111112)",2,97.52777777777798,15014
"(0.8055555555555556, 0.9861111111111112)",1,97.52777777777798,15015
"(0.9444444444444444, 0.9861111111111112)",1,97.52777777777798,15016
"(0.8472222222222222, 0.9861111111111112)",1,97.52777777777796,15017
"(0.8333333333333334, 0.9861111111111112)",1,97.52777777777796,15018
"(0.7638888888888888, 0.9861111111111112)",1,97.52777777777796,15019
"(0.8194444444444444, 0.9722222222222222)",2,97.52777777777796,15021
"(0.9027777777777778, 0.9722222222222222)",1,97.52777777777796,15022
"(0.9305555555555556, 0.9861111111111112)",1,97.52777777777794,15023
"(0.8333333333333334, 0.9861111111111112)",1,97.52777777777791,15024
"(0.8333333333333334, 1.0)",2,97.52777777777784,15026
"(0.9305555555555556, 1.0)",1,97.52777777777784,15027
"(0.9305555555555556, 0.9861111111111112)",1,97.52777777777784,15028
"(0.8333333333333334, 1.0)",3,97.5277777777778,15031
"(0.7777777777777778, 1.0)",1,97.5277777777778,15032
"(0.6111111111111112, 1.0)",2,97.52777777777776,15034
"(0.9916666666666668, 0.9791666666666666)",1,97.52500000000008,15035
"(0.9333333333333332, 0.9791666666666666)",1,97.525,15036
"(0.8958333333333334, 0.9916666666666668)",2,97.5249999999999,15038
"(0.9535714285714286, 0.9714285714285714)",2,97.5249999999999,15040
"(0.9333333333333332, 0.9875)",1,97.52499999999988,15041
"(0.9302325581395348, 0.9883720930232558)",2,97.52325581395355,15043
"(0.8372093023255814, 1.0)",1,97.52325581395354,15044
"(0.4883720930232558, 1.0)",1,97.52325581395353,15045
"(0.9666666666666668, 0.9708333333333332)",1,97.52083333333329,15046
"(0.925, 0.9958333333333332)",2,97.52083333333329,15048
"(0.925, 0.9875)",1,97.52083333333329,15049
"(0.9833333333333332, 0.95)",1,97.52083333333326,15050
"(0.95, 0.9958333333333332)",1,97.52083333333324,15051
"(0.8958333333333334, 0.9875)",1,97.5208333333332,15052
"(0.9473684210526316, 0.9780701754385964)",1,97.51754385964912,15053
"(0.95, 0.9833333333333332)",2,97.51666666666674,15055
"(0.9, 1.0)",1,97.51666666666672,15056
"(0.7333333333333333, 1.0)",2,97.51666666666672,15058
"(0.875, 0.9791666666666666)",1,97.51666666666672,15059
"(0.8333333333333334, 1.0)",1,97.51666666666672,15060
"(1.0, 1.0)",1,97.51666666666672,15061
"(0.9583333333333334, 0.975)",1,97.51666666666672,15062
"(0.8333333333333334, 0.9833333333333332)",1,97.5166666666667,15063
"(0.7333333333333333, 1.0)",1,97.5166666666667,15064
"(0.8666666666666667, 1.0)",3,97.5166666666667,15067
"(0.8333333333333334, 1.0)",1,97.51666666666668,15068
"(0.7666666666666667, 1.0)",1,97.51666666666668,15069
"(0.7, 1.0)",2,97.51666666666668,15071
"(0.8166666666666667, 1.0)",5,97.51666666666668,15076
"(0.9166666666666666, 1.0)",2,97.51666666666668,15078
"(0.8833333333333333, 1.0)",3,97.51666666666668,15081
"(0.8166666666666667, 1.0)",2,97.51666666666668,15083
"(0.9333333333333332, 1.0)",1,97.51666666666668,15084
"(0.9, 1.0)",1,97.51666666666668,15085
"(0.9666666666666668, 1.0)",1,97.51666666666668,15086
"(0.95, 1.0)",3,97.51666666666668,15089
"(0.85, 1.0)",1,97.51666666666668,15090
"(0.975, 0.9791666666666666)",1,97.51666666666664,15091
"(0.9541666666666668, 0.975)",1,97.51666666666657,15092
"(0.9791666666666666, 0.9916666666666668)",1,97.51666666666654,15093
"(0.7361111111111112, 0.9861111111111112)",3,97.51388888888908,15096
"(0.8333333333333334, 0.9861111111111112)",2,97.51388888888908,15098
"(0.9722222222222222, 0.9861111111111112)",4,97.51388888888908,15102
"(0.9027777777777778, 0.9861111111111112)",1,97.51388888888908,15103
"(0.7916666666666666, 0.9861111111111112)",1,97.51388888888908,15104
"(0.7638888888888888, 0.9861111111111112)",1,97.51388888888908,15105
"(0.9166666666666666, 0.9722222222222222)",2,97.51388888888904,15107
"(0.875, 0.9722222222222222)",2,97.513888888889,15109
"(0.9166666666666666, 1.0)",2,97.513888888889,15111
"(0.9166666666666666, 0.9861111111111112)",2,97.513888888889,15113
"(0.8611111111111112, 1.0)",1,97.51388888888896,15114
"(0.9444444444444444, 1.0)",2,97.51388888888896,15116
"(0.9444444444444444, 1.0)",1,97.51388888888894,15117
"(0.9444444444444444, 1.0)",1,97.51388888888891,15118
"(0.9444444444444444, 0.9861111111111112)",1,97.51388888888891,15119
"(0.9291666666666668, 0.9833333333333332)",1,97.51250000000005,15120
"(0.975, 0.9833333333333332)",1,97.51249999999996,15121
"(0.9, 0.9833333333333332)",1,97.51249999999996,15122
"(0.9916666666666668, 0.975)",1,97.51249999999996,15123
"(0.8958333333333334, 0.9875)",1,97.51249999999985,15124
"(0.8255813953488372, 0.9767441860465116)",1,97.5116279069769,15125
"(0.8837209302325582, 0.9883720930232558)",1,97.51162790697684,15126
"(0.8604651162790697, 0.9883720930232558)",1,97.51162790697684,15127
"(0.8837209302325582, 0.9883720930232558)",1,97.51162790697684,15128
"(0.7906976744186046, 0.9883720930232558)",1,97.51162790697684,15129
"(0.8023255813953488, 0.9883720930232558)",1,97.5116279069768,15130
"(0.9302325581395348, 0.9767441860465116)",1,97.51162790697678,15131
"(0.8837209302325582, 1.0)",1,97.51162790697676,15132
"(0.7674418604651163, 1.0)",1,97.51162790697676,15133
"(0.925, 0.9791666666666666)",1,97.50833333333338,15134
"(0.9666666666666668, 0.9833333333333332)",1,97.50833333333334,15135
"(0.9291666666666668, 0.9916666666666668)",1,97.50833333333314,15136
"(0.9458333333333332, 0.9875)",2,97.50416666666658,15138
"(0.975, 0.9875)",1,97.50416666666656,15139
"(0.9375, 0.9916666666666668)",1,97.50416666666656,15140
"(0.9, 0.9958333333333332)",1,97.50416666666652,15141
"(0.8055555555555556, 0.9722222222222222)",1,97.5000000000002,15142
"(0.8194444444444444, 0.9861111111111112)",2,97.5000000000002,15144
"(0.8333333333333334, 0.9722222222222222)",2,97.5000000000002,15146
"(0.8888888888888888, 0.9861111111111112)",2,97.5000000000002,15148
"(0.8837209302325582, 0.9883720930232558)",1,97.50000000000018,15149
"(0.75, 0.9861111111111112)",1,97.50000000000018,15150
"(0.8333333333333334, 0.9861111111111112)",1,97.50000000000018,15151
"(0.8194444444444444, 0.9722222222222222)",2,97.50000000000018,15153
"(0.7916666666666666, 0.9861111111111112)",1,97.50000000000018,15154
"(0.9305555555555556, 0.9722222222222222)",1,97.50000000000016,15155
"(0.9302325581395348, 0.9767441860465116)",1,97.50000000000016,15156
"(0.8194444444444444, 0.9861111111111112)",1,97.50000000000016,15157
"(0.7790697674418605, 0.9767441860465116)",1,97.50000000000016,15158
"(0.8472222222222222, 0.9861111111111112)",2,97.50000000000014,15160
"(0.8255813953488372, 0.9883720930232558)",1,97.50000000000011,15161
"(0.9027777777777778, 1.0)",1,97.50000000000011,15162
"(0.8255813953488372, 0.9883720930232558)",1,97.50000000000011,15163
"(0.9166666666666666, 0.9861111111111112)",1,97.50000000000011,15164
"(0.9302325581395348, 0.9883720930232558)",1,97.5000000000001,15165
"(0.8055555555555556, 1.0)",1,97.50000000000009,15166
"(0.8604651162790697, 0.9883720930232558)",1,97.50000000000009,15167
"(0.95, 0.9833333333333332)",1,97.50000000000009,15168
"(0.8255813953488372, 0.9883720930232558)",1,97.50000000000009,15169
"(0.9666666666666668, 0.9833333333333332)",1,97.50000000000009,15170
"(0.8166666666666667, 1.0)",1,97.50000000000009,15171
"(1.0, 0.9833333333333332)",1,97.50000000000009,15172
"(0.6162790697674418, 1.0)",1,97.50000000000009,15173
"(0.85, 1.0)",1,97.50000000000009,15174
"(0.9, 0.9833333333333332)",3,97.50000000000009,15177
"(0.8837209302325582, 0.9883720930232558)",1,97.50000000000009,15178
"(0.875, 0.9833333333333332)",1,97.50000000000006,15179
"(0.9333333333333332, 1.0)",2,97.50000000000006,15181
"(0.9722222222222222, 1.0)",1,97.50000000000006,15182
"(0.8166666666666667, 1.0)",1,97.50000000000006,15183
"(0.9, 1.0)",1,97.50000000000006,15184
"(0.8666666666666667, 1.0)",1,97.50000000000006,15185
"(0.9833333333333332, 1.0)",1,97.50000000000004,15186
"(0.9302325581395348, 0.9767441860465116)",1,97.50000000000004,15187
"(0.9, 1.0)",1,97.50000000000004,15188
"(0.7333333333333333, 1.0)",1,97.50000000000004,15189
"(0.9666666666666668, 1.0)",1,97.50000000000004,15190
"(0.8333333333333334, 1.0)",2,97.50000000000004,15192
"(0.8833333333333333, 1.0)",1,97.50000000000004,15193
"(0.7674418604651163, 0.9883720930232558)",1,97.50000000000004,15194
"(0.9027777777777778, 0.9861111111111112)",1,97.50000000000004,15195
"(0.7083333333333334, 1.0)",1,97.5,15196
"(0.9333333333333332, 1.0)",1,97.5,15197
"(0.9166666666666666, 1.0)",4,97.5,15201
"(0.8833333333333333, 1.0)",1,97.5,15202
"(0.9833333333333332, 1.0)",2,97.5,15204
"(0.8166666666666667, 1.0)",2,97.5,15206
"(0.6111111111111112, 1.0)",1,97.5,15207
"(1.0, 1.0)",1,97.5,15208
"(0.7833333333333333, 1.0)",3,97.5,15211
"(0.85, 1.0)",1,97.5,15212
"(0.95, 1.0)",1,97.5,15213
"(0.9666666666666668, 0.9791666666666666)",1,97.5,15214
"(0.7166666666666667, 1.0)",1,97.5,15215
"(0.8333333333333334, 1.0)",2,97.5,15217
"(0.9666666666666668, 1.0)",1,97.5,15218
"(0.9444444444444444, 1.0)",1,97.49999999999996,15219
"(0.9875, 0.9833333333333332)",1,97.49999999999994,15220
"(0.925, 0.9875)",1,97.49999999999986,15221
"(0.9083333333333332, 0.9875)",2,97.49583333333334,15223
"(0.9333333333333332, 0.975)",1,97.49583333333332,15224
"(0.9, 0.9833333333333332)",1,97.49583333333328,15225
"(0.9125, 0.9958333333333332)",2,97.49583333333328,15227
"(0.975, 0.9541666666666668)",1,97.49583333333324,15228
"(0.9125, 0.9791666666666666)",1,97.49166666666666,15229
"(0.95, 0.9875)",1,97.49166666666665,15230
"(0.9428571428571428, 0.9785714285714284)",2,97.4892857142856,15232
"(0.8953488372093024, 0.9767441860465116)",1,97.48837209302349,15233
"(0.6511627906976745, 0.9883720930232558)",1,97.48837209302349,15234
"(0.7790697674418605, 0.9883720930232558)",1,97.48837209302336,15235
"(0.7093023255813954, 0.9883720930232558)",1,97.48837209302336,15236
"(0.8837209302325582, 0.9767441860465116)",1,97.48837209302332,15237
"(0.8255813953488372, 1.0)",1,97.48837209302332,15238
"(0.7209302325581395, 0.9767441860465116)",1,97.48837209302332,15239
"(0.7209302325581395, 0.9883720930232558)",1,97.4883720930233,15240
"(0.9302325581395348, 0.9883720930232558)",1,97.48837209302329,15241
"(0.8953488372093024, 0.9767441860465116)",1,97.48837209302329,15242
"(0.8837209302325582, 0.9651162790697676)",1,97.48837209302326,15243
"(0.9583333333333334, 0.9875)",1,97.48749999999998,15244
"(0.925, 0.9875)",1,97.48749999999988,15245
"(0.8055555555555556, 0.9722222222222222)",2,97.48611111111131,15247
"(0.7916666666666666, 0.9861111111111112)",1,97.48611111111131,15248
"(0.8611111111111112, 0.9861111111111112)",2,97.48611111111131,15250
"(0.7638888888888888, 0.9861111111111112)",1,97.48611111111131,15251
"(0.8333333333333334, 0.9861111111111112)",4,97.48611111111131,15255
"(0.8194444444444444, 0.9861111111111112)",1,97.4861111111113,15256
"(0.9166666666666666, 0.9722222222222222)",1,97.4861111111113,15257
"(0.9444444444444444, 0.9861111111111112)",1,97.48611111111128,15258
"(0.9166666666666666, 0.9861111111111112)",2,97.48611111111128,15260
"(0.9444444444444444, 0.9861111111111112)",1,97.48611111111128,15261
"(0.9166666666666666, 1.0)",1,97.4861111111112,15262
"(0.7777777777777778, 0.9861111111111112)",1,97.4861111111112,15263
"(0.8611111111111112, 0.9861111111111112)",1,97.4861111111112,15264
"(0.9444444444444444, 1.0)",1,97.48611111111116,15265
"(0.9444444444444444, 1.0)",1,97.48611111111116,15266
"(0.875, 1.0)",2,97.48611111111114,15268
"(0.8333333333333334, 1.0)",2,97.48611111111114,15270
"(0.8333333333333334, 1.0)",1,97.48611111111111,15271
"(0.7361111111111112, 1.0)",1,97.48611111111111,15272
"(0.5972222222222222, 1.0)",1,97.48611111111111,15273
"(0.9642857142857144, 0.975)",1,97.48571428571422,15274
"(0.8166666666666667, 1.0)",1,97.48333333333343,15275
"(1.0, 0.9833333333333332)",1,97.48333333333343,15276
"(0.9833333333333332, 0.9833333333333332)",1,97.4833333333334,15277
"(0.95, 0.9833333333333332)",3,97.4833333333334,15280
"(0.9, 0.9833333333333332)",4,97.4833333333334,15284
"(0.9166666666666666, 0.9833333333333332)",1,97.4833333333334,15285
"(0.9, 1.0)",1,97.4833333333334,15286
"(1.0, 1.0)",2,97.48333333333336,15288
"(0.85, 1.0)",1,97.48333333333336,15289
"(0.8666666666666667, 1.0)",1,97.48333333333336,15290
"(0.9166666666666666, 1.0)",1,97.48333333333336,15291
"(1.0, 1.0)",1,97.48333333333332,15292
"(0.8333333333333334, 1.0)",1,97.48333333333332,15293
"(0.8833333333333333, 1.0)",1,97.48333333333332,15294
"(0.8, 1.0)",1,97.48333333333332,15295
"(1.0, 1.0)",1,97.48333333333332,15296
"(0.9333333333333332, 1.0)",3,97.48333333333332,15299
"(0.9083333333333332, 0.9791666666666666)",1,97.48333333333332,15300
"(0.9125, 0.9791666666666666)",1,97.48333333333328,15301
"(0.9333333333333332, 0.9916666666666668)",1,97.48333333333323,15302
"(0.9333333333333332, 0.9875)",2,97.48333333333322,15304
"(0.9916666666666668, 0.975)",1,97.48333333333322,15305
"(0.9125, 0.9791666666666666)",1,97.47916666666676,15306
"(0.9, 0.9791666666666666)",1,97.47916666666671,15307
"(0.9625, 0.9833333333333332)",1,97.47916666666666,15308
"(0.9791666666666666, 0.9916666666666668)",1,97.47916666666664,15309
"(0.9375, 0.975)",1,97.4791666666666,15310
"(0.9166666666666666, 0.9916666666666668)",1,97.47916666666656,15311
"(0.9791666666666666, 0.9916666666666668)",2,97.47916666666656,15313
"(0.9535714285714286, 0.9714285714285714)",1,97.47857142857131,15314
"(0.9714285714285714, 0.975)",2,97.47857142857131,15316
"(0.8023255813953488, 0.9767441860465116)",1,97.4767441860466,15317
"(0.8837209302325582, 0.9883720930232558)",1,97.4767441860466,15318
"(0.813953488372093, 0.9883720930232558)",2,97.4767441860466,15320
"(0.8488372093023255, 0.9767441860465116)",1,97.47674418604652,15321
"(0.8488372093023255, 0.9651162790697676)",1,97.4767441860465,15322
"(0.8953488372093024, 0.9651162790697676)",1,97.47674418604645,15323
"(0.9041666666666668, 0.9791666666666666)",1,97.47500000000008,15324
"(0.9583333333333334, 0.9833333333333332)",1,97.47500000000008,15325
"(0.9, 0.9958333333333332)",2,97.47499999999997,15327
"(0.925, 0.9958333333333332)",1,97.47499999999997,15328
"(0.9666666666666668, 0.9833333333333332)",1,97.47499999999994,15329
"(0.8958333333333334, 0.9916666666666668)",1,97.4749999999999,15330
"(0.9166666666666666, 0.9833333333333332)",1,97.47499999999984,15331
"(0.5833333333333334, 0.9861111111111112)",1,97.47222222222244,15332
"(0.7916666666666666, 0.9861111111111112)",1,97.47222222222244,15333
"(0.8333333333333334, 0.9861111111111112)",1,97.4722222222224,15334
"(0.7916666666666666, 0.9861111111111112)",2,97.4722222222224,15336
"(0.875, 0.9861111111111112)",2,97.4722222222224,15338
"(0.6944444444444444, 0.9861111111111112)",1,97.4722222222224,15339
"(0.9027777777777778, 0.9861111111111112)",1,97.4722222222224,15340
"(0.9305555555555556, 0.9861111111111112)",1,97.47222222222238,15341
"(0.9166666666666666, 0.9722222222222222)",1,97.47222222222236,15342
"(0.8611111111111112, 1.0)",1,97.47222222222234,15343
"(0.9305555555555556, 1.0)",1,97.47222222222229,15344
"(0.7777777777777778, 1.0)",1,97.47222222222229,15345
"(0.9305555555555556, 1.0)",1,97.47222222222226,15346
"(0.9305555555555556, 1.0)",2,97.47222222222224,15348
"(0.9027777777777778, 1.0)",1,97.47222222222224,15349
"(0.8055555555555556, 1.0)",2,97.47222222222224,15351
"(0.9305555555555556, 1.0)",1,97.47222222222224,15352
"(0.8055555555555556, 1.0)",2,97.47222222222224,15354
"(0.9041666666666668, 0.9833333333333332)",1,97.47083333333345,15355
"(0.9291666666666668, 0.9791666666666666)",1,97.47083333333342,15356
"(0.8666666666666667, 0.9833333333333332)",1,97.47083333333332,15357
"(0.9875, 0.9583333333333334)",1,97.47083333333332,15358
"(0.8958333333333334, 0.975)",1,97.47083333333332,15359
"(0.8625, 0.9958333333333332)",1,97.4708333333333,15360
"(0.95, 0.9916666666666668)",1,97.47083333333327,15361
"(0.975, 0.9916666666666668)",1,97.47083333333327,15362
"(0.95, 0.9958333333333332)",1,97.47083333333327,15363
"(0.925, 0.975)",1,97.47083333333327,15364
"(0.9083333333333332, 0.9916666666666668)",1,97.47083333333325,15365
"(0.8859649122807017, 0.9736842105263158)",1,97.469298245614,15366
"(0.9, 0.9833333333333332)",1,97.4666666666668,15367
"(0.9833333333333332, 0.9833333333333332)",1,97.46666666666675,15368
"(0.9666666666666668, 0.9833333333333332)",2,97.46666666666675,15370
"(0.8666666666666667, 0.9833333333333332)",1,97.46666666666674,15371
"(0.9333333333333332, 0.9833333333333332)",1,97.46666666666674,15372
"(0.9166666666666666, 1.0)",1,97.46666666666674,15373
"(1.0, 0.9833333333333332)",1,97.46666666666673,15374
"(0.9416666666666668, 0.9791666666666666)",1,97.46666666666673,15375
"(0.9, 1.0)",1,97.46666666666673,15376
"(0.9, 1.0)",1,97.4666666666667,15377
"(0.85, 1.0)",1,97.46666666666668,15378
"(0.8333333333333334, 1.0)",1,97.46666666666668,15379
"(0.9666666666666668, 1.0)",2,97.46666666666668,15381
"(0.85, 1.0)",6,97.46666666666668,15387
"(0.8333333333333334, 1.0)",1,97.46666666666668,15388
"(0.8833333333333333, 1.0)",2,97.46666666666668,15390
"(0.95, 1.0)",3,97.46666666666668,15393
"(0.9166666666666666, 1.0)",1,97.46666666666668,15394
"(0.9125, 0.9875)",2,97.46666666666655,15396
"(0.9333333333333332, 0.9916666666666668)",1,97.46666666666653,15397
"(0.95, 0.9916666666666668)",1,97.46666666666648,15398
"(0.5930232558139535, 1.0)",1,97.46511627906985,15399
"(0.9418604651162792, 0.9883720930232558)",1,97.46511627906985,15400
"(0.8604651162790697, 1.0)",1,97.4651162790698,15401
"(0.9302325581395348, 0.9651162790697676)",1,97.46511627906976,15402
"(0.9302325581395348, 0.9767441860465116)",1,97.46511627906976,15403
"(0.9833333333333332, 1.0)",1,97.46250000000003,15404
"(0.925, 0.9833333333333332)",1,97.46250000000003,15405
"(0.9041666666666668, 0.9833333333333332)",1,97.46250000000002,15406
"(0.8875, 0.975)",1,97.4625,15407
"(0.9, 0.9833333333333332)",1,97.46249999999998,15408
"(0.9125, 0.9833333333333332)",1,97.46249999999992,15409
"(0.9333333333333332, 0.9791666666666666)",1,97.46249999999992,15410
"(0.9208333333333332, 0.9833333333333332)",1,97.46249999999992,15411
"(0.9333333333333332, 0.9958333333333332)",1,97.46249999999984,15412
"(0.9708333333333332, 0.9875)",1,97.4624999999998,15413
"(0.8194444444444444, 0.9861111111111112)",1,97.45833333333356,15414
"(0.9027777777777778, 0.9861111111111112)",1,97.45833333333354,15415
"(0.9722222222222222, 0.9861111111111112)",1,97.45833333333354,15416
"(0.8888888888888888, 0.9861111111111112)",2,97.45833333333354,15418
"(0.6944444444444444, 0.9861111111111112)",1,97.45833333333351,15419
"(0.8611111111111112, 0.9861111111111112)",3,97.45833333333351,15422
"(0.8333333333333334, 0.9861111111111112)",2,97.45833333333351,15424
"(0.9444444444444444, 1.0)",1,97.4583333333335,15425
"(0.9305555555555556, 0.9861111111111112)",1,97.45833333333348,15426
"(0.7638888888888888, 0.9861111111111112)",1,97.45833333333344,15427
"(0.8333333333333334, 1.0)",1,97.4583333333334,15428
"(0.8333333333333334, 1.0)",2,97.4583333333334,15430
"(0.9041666666666668, 0.9791666666666666)",1,97.4583333333334,15431
"(0.9444444444444444, 1.0)",3,97.4583333333334,15434
"(0.8055555555555556, 1.0)",1,97.45833333333336,15435
"(0.8055555555555556, 1.0)",1,97.45833333333334,15436
"(0.8333333333333334, 1.0)",5,97.45833333333334,15441
"(0.9583333333333334, 1.0)",1,97.45833333333331,15442
"(0.9208333333333332, 0.9916666666666668)",2,97.45833333333329,15444
"(0.8625, 0.9958333333333332)",1,97.45833333333326,15445
"(0.9375, 0.975)",1,97.45833333333324,15446
"(0.9166666666666666, 0.9833333333333332)",1,97.45833333333324,15447
"(0.9291666666666668, 0.9875)",1,97.45833333333324,15448
"(0.9208333333333332, 0.9916666666666668)",1,97.4583333333332,15449
"(0.925, 0.9875)",2,97.4583333333332,15451
"(0.9208333333333332, 0.9875)",2,97.4583333333332,15453
"(0.8875, 0.9791666666666666)",1,97.45416666666672,15454
"(0.9291666666666668, 0.9958333333333332)",1,97.45416666666662,15455
"(0.9666666666666668, 0.9916666666666668)",1,97.45416666666662,15456
"(0.9916666666666668, 0.9875)",1,97.4541666666666,15457
"(0.9666666666666668, 0.975)",1,97.4541666666666,15458
"(0.9458333333333332, 0.975)",1,97.45416666666658,15459
"(0.7674418604651163, 0.9767441860465116)",1,97.4534883720932,15460
"(0.8837209302325582, 0.9767441860465116)",1,97.4534883720932,15461
"(0.7790697674418605, 0.9767441860465116)",1,97.45348837209312,15462
"(0.8372093023255814, 0.9767441860465116)",1,97.45348837209308,15463
"(0.8604651162790697, 0.9883720930232558)",1,97.45348837209308,15464
"(0.8953488372093024, 0.9883720930232558)",1,97.45348837209308,15465
"(0.8255813953488372, 0.9651162790697676)",1,97.45348837209308,15466
"(0.6162790697674418, 1.0)",1,97.45348837209306,15467
"(0.8837209302325582, 0.9767441860465116)",1,97.45348837209303,15468
"(0.8666666666666667, 0.9833333333333332)",3,97.45000000000006,15471
"(1.0, 0.9833333333333332)",4,97.45000000000006,15475
"(0.9083333333333332, 0.9833333333333332)",1,97.45000000000005,15476
"(0.85, 1.0)",1,97.45000000000005,15477
"(0.8, 1.0)",1,97.45000000000005,15478
"(0.7333333333333333, 0.9833333333333332)",1,97.45000000000002,15479
"(1.0, 1.0)",1,97.45000000000002,15480
"(0.7166666666666667, 1.0)",1,97.45000000000002,15481
"(0.8333333333333334, 1.0)",1,97.45000000000002,15482
"(0.6833333333333333, 1.0)",1,97.45,15483
"(0.9, 1.0)",1,97.45,15484
"(1.0, 1.0)",1,97.45,15485
"(0.85, 1.0)",2,97.45,15487
"(0.9833333333333332, 1.0)",1,97.45,15488
"(0.9333333333333332, 1.0)",1,97.45,15489
"(0.8, 1.0)",3,97.45,15492
"(0.925, 0.975)",1,97.44999999999996,15493
"(0.9125, 0.9875)",1,97.44999999999992,15494
"(0.95, 0.9916666666666668)",1,97.44999999999987,15495
"(0.9208333333333332, 0.9916666666666668)",1,97.44999999999987,15496
"(0.9625, 0.9958333333333332)",1,97.4458333333334,15497
"(0.875, 0.9833333333333332)",2,97.4458333333334,15499
"(0.925, 0.9833333333333332)",2,97.44583333333338,15501
"(0.9583333333333334, 0.9833333333333332)",1,97.44583333333335,15502
"(0.8625, 0.9875)",1,97.44583333333335,15503
"(0.95, 0.9791666666666666)",1,97.44583333333335,15504
"(0.925, 0.9958333333333332)",2,97.4458333333333,15506
"(0.975, 0.9875)",1,97.4458333333333,15507
"(0.9305555555555556, 0.9861111111111112)",1,97.44444444444466,15508
"(0.9166666666666666, 0.9861111111111112)",1,97.44444444444464,15509
"(0.8888888888888888, 0.9861111111111112)",1,97.44444444444464,15510
"(0.9444444444444444, 0.9861111111111112)",1,97.44444444444464,15511
"(0.9027777777777778, 0.9861111111111112)",3,97.44444444444464,15514
"(0.8611111111111112, 0.9861111111111112)",1,97.44444444444464,15515
"(0.7083333333333334, 0.9861111111111112)",1,97.44444444444464,15516
"(0.8888888888888888, 0.9722222222222222)",1,97.44444444444464,15517
"(0.8333333333333334, 0.9861111111111112)",1,97.44444444444464,15518
"(0.9027777777777778, 0.9861111111111112)",1,97.44444444444464,15519
"(0.7638888888888888, 0.9861111111111112)",1,97.4444444444446,15520
"(0.8333333333333334, 0.9861111111111112)",1,97.4444444444446,15521
"(0.7777777777777778, 1.0)",1,97.44444444444454,15522
"(0.9444444444444444, 1.0)",1,97.44444444444449,15523
"(0.9305555555555556, 1.0)",1,97.44444444444449,15524
"(0.9722222222222222, 1.0)",1,97.44444444444449,15525
"(0.9186046511627908, 0.9767441860465116)",1,97.44186046511643,15526
"(0.6511627906976745, 0.9767441860465116)",1,97.44186046511643,15527
"(0.8953488372093024, 0.9767441860465116)",1,97.4418604651164,15528
"(0.7209302325581395, 0.9883720930232558)",1,97.44186046511638,15529
"(0.9418604651162792, 0.9767441860465116)",1,97.44186046511636,15530
"(0.9418604651162792, 0.9883720930232558)",1,97.44186046511636,15531
"(0.8604651162790697, 0.9883720930232558)",1,97.44186046511636,15532
"(0.8255813953488372, 0.9767441860465116)",1,97.44186046511632,15533
"(0.8488372093023255, 0.9651162790697676)",1,97.4418604651163,15534
"(0.9302325581395348, 0.9651162790697676)",4,97.44186046511628,15538
"(0.627906976744186, 1.0)",1,97.44186046511628,15539
"(0.813953488372093, 0.9767441860465116)",1,97.44186046511626,15540
"(0.8604651162790697, 0.9767441860465116)",1,97.44186046511622,15541
"(0.925, 0.9708333333333332)",1,97.44166666666663,15542
"(0.8958333333333334, 0.9916666666666668)",1,97.44166666666652,15543
"(0.9125, 0.9958333333333332)",1,97.44166666666652,15544
"(0.9473684210526316, 0.9736842105263158)",1,97.43859649122808,15545
"(0.9583333333333334, 0.9791666666666666)",1,97.43750000000009,15546
"(0.9791666666666666, 0.9666666666666668)",1,97.4375,15547
"(0.9666666666666668, 0.9791666666666666)",1,97.43749999999996,15548
"(0.95, 0.9666666666666668)",1,97.43749999999996,15549
"(0.9208333333333332, 0.9875)",1,97.43749999999991,15550
"(0.9041666666666668, 0.9791666666666666)",1,97.43749999999991,15551
"(0.9375, 0.9875)",1,97.43749999999991,15552
"(0.8541666666666666, 0.9916666666666668)",1,97.43749999999986,15553
"(0.8625, 0.9875)",1,97.43749999999984,15554
"(0.8833333333333333, 1.0)",1,97.43333333333342,15555
"(0.9666666666666668, 0.9833333333333332)",1,97.43333333333342,15556
"(0.9, 1.0)",1,97.4333333333334,15557
"(0.9666666666666668, 0.9833333333333332)",1,97.4333333333334,15558
"(0.9, 1.0)",1,97.43333333333338,15559
"(0.9, 0.9833333333333332)",1,97.43333333333338,15560
"(0.9375, 0.9958333333333332)",2,97.43333333333337,15562
"(0.9, 1.0)",1,97.43333333333337,15563
"(1.0, 1.0)",1,97.43333333333337,15564
"(0.7333333333333333, 1.0)",1,97.43333333333334,15565
"(0.9166666666666666, 1.0)",1,97.43333333333334,15566
"(0.8666666666666667, 1.0)",1,97.43333333333334,15567
"(0.9333333333333332, 1.0)",1,97.43333333333334,15568
"(0.9, 0.9791666666666666)",1,97.43333333333332,15569
"(0.9583333333333334, 0.9916666666666668)",1,97.43333333333332,15570
"(0.875, 0.9791666666666666)",1,97.4333333333333,15571
"(0.9791666666666666, 0.9916666666666668)",1,97.4333333333333,15572
"(0.8625, 0.9916666666666668)",1,97.43333333333328,15573
"(0.9166666666666666, 0.9875)",1,97.43333333333328,15574
"(0.9458333333333332, 0.9916666666666668)",1,97.4333333333332,15575
"(0.925, 0.9875)",1,97.43333333333318,15576
"(0.9444444444444444, 0.9861111111111112)",4,97.43055555555576,15580
"(0.8333333333333334, 0.9722222222222222)",1,97.43055555555576,15581
"(0.6944444444444444, 0.9861111111111112)",1,97.43055555555576,15582
"(0.8611111111111112, 0.9861111111111112)",1,97.43055555555574,15583
"(0.8194444444444444, 0.9861111111111112)",1,97.43055555555574,15584
"(0.7916666666666666, 0.9861111111111112)",1,97.43055555555574,15585
"(0.7361111111111112, 0.9861111111111112)",1,97.43055555555574,15586
"(0.9166666666666666, 0.9861111111111112)",1,97.43055555555571,15587
"(0.8611111111111112, 0.9861111111111112)",1,97.43055555555571,15588
"(0.9444444444444444, 0.9861111111111112)",1,97.4305555555557,15589
"(0.9444444444444444, 0.9861111111111112)",1,97.43055555555564,15590
"(0.8611111111111112, 1.0)",1,97.4305555555556,15591
"(0.9027777777777778, 1.0)",1,97.4305555555556,15592
"(0.9722222222222222, 1.0)",2,97.43055555555556,15594
"(0.872093023255814, 0.9883720930232558)",1,97.4302325581397,15595
"(0.9302325581395348, 0.9767441860465116)",1,97.43023255813966,15596
"(0.9302325581395348, 0.9767441860465116)",1,97.43023255813964,15597
"(0.9186046511627908, 1.0)",1,97.43023255813964,15598
"(0.8837209302325582, 0.9767441860465116)",1,97.4302325581396,15599
"(0.9418604651162792, 0.9883720930232558)",3,97.4302325581396,15602
"(0.9186046511627908, 0.9651162790697676)",1,97.4302325581396,15603
"(0.7674418604651163, 0.9883720930232558)",1,97.43023255813958,15604
"(0.4534883720930232, 1.0)",1,97.43023255813954,15605
"(0.7790697674418605, 0.9767441860465116)",1,97.43023255813954,15606
"(0.8953488372093024, 0.9767441860465116)",1,97.4302325581395,15607
"(0.8604651162790697, 0.9651162790697676)",1,97.43023255813948,15608
"(0.9208333333333332, 0.9791666666666666)",1,97.42916666666676,15609
"(0.9125, 0.9791666666666666)",1,97.42916666666672,15610
"(0.9916666666666668, 0.9416666666666668)",1,97.4291666666667,15611
"(0.9333333333333332, 0.9791666666666666)",1,97.42916666666665,15612
"(0.9791666666666666, 0.975)",1,97.42916666666662,15613
"(0.9208333333333332, 0.9958333333333332)",1,97.4291666666666,15614
"(0.9208333333333332, 0.9958333333333332)",1,97.42916666666652,15615
"(0.8666666666666667, 0.9875)",2,97.42916666666652,15617
"(0.9535714285714286, 0.975)",1,97.42857142857136,15618
"(0.925, 0.9875)",1,97.42499999999995,15619
"(0.9125, 0.9958333333333332)",1,97.42499999999995,15620
"(0.9208333333333332, 0.9958333333333332)",1,97.42499999999994,15621
"(0.9, 0.9916666666666668)",1,97.4249999999999,15622
"(0.8705882352941177, 0.976470588235294)",1,97.42352941176452,15623
"(0.925, 0.9791666666666666)",1,97.4208333333334,15624
"(0.9083333333333332, 0.975)",1,97.42083333333328,15625
"(0.9166666666666666, 0.9833333333333332)",2,97.42083333333328,15627
"(0.9791666666666666, 0.9708333333333332)",1,97.42083333333328,15628
"(0.8837209302325582, 0.9767441860465116)",1,97.41860465116292,15629
"(0.8953488372093024, 0.9767441860465116)",1,97.41860465116292,15630
"(0.627906976744186, 1.0)",1,97.4186046511629,15631
"(0.8255813953488372, 0.9883720930232558)",4,97.41860465116288,15635
"(0.8953488372093024, 0.9883720930232558)",2,97.41860465116288,15637
"(0.7790697674418605, 0.9883720930232558)",1,97.41860465116288,15638
"(0.7790697674418605, 0.9883720930232558)",1,97.41860465116284,15639
"(0.8604651162790697, 0.9883720930232558)",1,97.41860465116284,15640
"(0.7441860465116279, 1.0)",1,97.41860465116284,15641
"(0.9651162790697676, 0.9767441860465116)",1,97.41860465116282,15642
"(0.6395348837209303, 1.0)",1,97.4186046511628,15643
"(0.6162790697674418, 1.0)",2,97.4186046511628,15645
"(0.9186046511627908, 0.9767441860465116)",1,97.4186046511628,15646
"(0.6666666666666666, 0.9861111111111112)",1,97.41666666666688,15647
"(0.8611111111111112, 0.9861111111111112)",1,97.41666666666688,15648
"(0.8055555555555556, 0.9861111111111112)",1,97.41666666666688,15649
"(0.6944444444444444, 0.9861111111111112)",1,97.41666666666686,15650
"(0.8472222222222222, 1.0)",1,97.4166666666668,15651
"(0.9722222222222222, 0.9861111111111112)",1,97.4166666666668,15652
"(0.9722222222222222, 0.9861111111111112)",2,97.4166666666668,15654
"(0.9305555555555556, 1.0)",1,97.41666666666676,15655
"(0.9444444444444444, 1.0)",2,97.41666666666674,15657
"(0.9666666666666668, 0.9833333333333332)",1,97.41666666666674,15658
"(1.0, 0.9833333333333332)",1,97.41666666666671,15659
"(0.8666666666666667, 0.9833333333333332)",4,97.41666666666671,15663
"(0.9333333333333332, 1.0)",1,97.41666666666671,15664
"(0.9027777777777778, 0.9861111111111112)",1,97.41666666666671,15665
"(0.9666666666666668, 0.9833333333333332)",2,97.41666666666671,15667
"(0.9666666666666668, 1.0)",1,97.41666666666671,15668
"(0.9083333333333332, 0.9791666666666666)",1,97.41666666666671,15669
"(0.9833333333333332, 1.0)",1,97.4166666666667,15670
"(0.7916666666666666, 1.0)",4,97.41666666666669,15674
"(0.8666666666666667, 1.0)",1,97.41666666666669,15675
"(0.9833333333333332, 1.0)",1,97.41666666666669,15676
"(0.9166666666666666, 1.0)",1,97.41666666666669,15677
"(1.0, 1.0)",2,97.41666666666669,15679
"(0.8, 1.0)",1,97.41666666666669,15680
"(0.8333333333333334, 1.0)",1,97.41666666666669,15681
"(0.9166666666666666, 1.0)",1,97.41666666666666,15682
"(0.6666666666666666, 1.0)",2,97.41666666666666,15684
"(0.9027777777777778, 1.0)",2,97.41666666666666,15686
"(0.85, 1.0)",1,97.41666666666666,15687
"(0.9833333333333332, 1.0)",3,97.41666666666666,15690
"(0.9375, 0.9833333333333332)",1,97.41666666666664,15691
"(0.925, 0.9875)",1,97.41666666666654,15692
"(0.9535714285714286, 0.9714285714285714)",1,97.41428571428564,15693
"(0.9583333333333334, 0.9833333333333332)",1,97.4125,15694
"(0.9458333333333332, 0.975)",1,97.41249999999997,15695
"(0.9125, 0.975)",1,97.41249999999997,15696
"(0.9791666666666666, 0.95)",1,97.41249999999994,15697
"(0.9083333333333332, 0.9916666666666668)",1,97.4124999999999,15698
"(0.9958333333333332, 0.9833333333333332)",1,97.41249999999988,15699
"(0.9678571428571427, 0.975)",1,97.41071428571423,15700
"(0.8666666666666667, 0.9833333333333332)",1,97.40833333333345,15701
"(0.9125, 0.9791666666666666)",1,97.40833333333345,15702
"(0.9125, 0.9833333333333332)",1,97.40833333333342,15703
"(0.9041666666666668, 0.9791666666666666)",1,97.4083333333334,15704
"(0.9625, 0.9916666666666668)",1,97.40833333333336,15705
"(0.9125, 0.9791666666666666)",2,97.40833333333332,15707
"(0.9583333333333334, 0.9833333333333332)",1,97.40833333333327,15708
"(0.9875, 0.9875)",1,97.40833333333327,15709
"(0.9418604651162792, 0.9767441860465116)",1,97.40697674418624,15710
"(0.9302325581395348, 0.9767441860465116)",1,97.40697674418624,15711
"(0.7906976744186046, 0.9767441860465116)",1,97.40697674418622,15712
"(0.8837209302325582, 0.9767441860465116)",1,97.40697674418615,15713
"(0.8953488372093024, 0.9883720930232558)",2,97.40697674418614,15715
"(0.8837209302325582, 0.9767441860465116)",2,97.40697674418614,15717
"(0.9418604651162792, 0.9883720930232558)",2,97.40697674418612,15719
"(0.8837209302325582, 0.9651162790697676)",1,97.40697674418612,15720
"(0.7674418604651163, 0.9883720930232558)",1,97.40697674418612,15721
"(0.4651162790697674, 1.0)",1,97.40697674418608,15722
"(0.872093023255814, 1.0)",1,97.40697674418608,15723
"(0.9186046511627908, 0.9651162790697676)",1,97.40697674418604,15724
"(0.9186046511627908, 0.9651162790697676)",1,97.40697674418604,15725
"(0.9083333333333332, 0.9791666666666666)",1,97.40416666666673,15726
"(0.9541666666666668, 0.975)",1,97.40416666666668,15727
"(0.95, 0.975)",2,97.40416666666664,15729
"(0.95, 0.9791666666666666)",1,97.4041666666666,15730
"(0.9791666666666666, 0.975)",1,97.40416666666658,15731
"(0.9208333333333332, 0.9875)",1,97.40416666666655,15732
"(0.9583333333333334, 0.9916666666666668)",1,97.40416666666646,15733
"(0.9714285714285714, 0.9714285714285714)",1,97.40357142857135,15734
"(0.8611111111111112, 0.9861111111111112)",1,97.40277777777798,15735
"(0.8055555555555556, 0.9861111111111112)",1,97.40277777777796,15736
"(0.7638888888888888, 0.9861111111111112)",1,97.40277777777796,15737
"(0.7916666666666666, 0.9861111111111112)",1,97.40277777777796,15738
"(0.875, 0.9861111111111112)",1,97.40277777777796,15739
"(0.9166666666666666, 0.9861111111111112)",2,97.40277777777796,15741
"(0.8194444444444444, 0.9861111111111112)",1,97.40277777777789,15742
"(0.9305555555555556, 1.0)",1,97.40277777777786,15743
"(0.8333333333333334, 1.0)",4,97.4027777777778,15747
"(0.9305555555555556, 0.9861111111111112)",2,97.4027777777778,15749
"(0.9027777777777778, 1.0)",1,97.4027777777778,15750
"(0.9444444444444444, 1.0)",1,97.4027777777778,15751
"(0.9305555555555556, 1.0)",1,97.4027777777778,15752
"(0.7361111111111112, 1.0)",1,97.40277777777776,15753
"(0.9, 0.9833333333333332)",2,97.40000000000008,15755
"(0.85, 1.0)",1,97.40000000000008,15756
"(0.9666666666666668, 0.9833333333333332)",1,97.40000000000008,15757
"(0.8666666666666667, 0.9833333333333332)",1,97.40000000000008,15758
"(0.6666666666666666, 1.0)",1,97.40000000000008,15759
"(0.9, 0.9833333333333332)",1,97.40000000000006,15760
"(0.8666666666666667, 0.9833333333333332)",2,97.40000000000006,15762
"(0.7666666666666667, 1.0)",1,97.40000000000006,15763
"(0.95, 0.9833333333333332)",1,97.40000000000006,15764
"(0.9666666666666668, 1.0)",1,97.40000000000003,15765
"(0.8166666666666667, 1.0)",1,97.40000000000003,15766
"(0.9333333333333332, 1.0)",2,97.40000000000003,15768
"(0.9, 1.0)",1,97.40000000000003,15769
"(0.7333333333333333, 0.9833333333333332)",2,97.40000000000003,15771
"(0.8333333333333334, 0.9833333333333332)",2,97.40000000000003,15773
"(0.9666666666666668, 1.0)",1,97.4,15774
"(0.9, 1.0)",1,97.4,15775
"(0.7166666666666667, 1.0)",1,97.4,15776
"(0.8166666666666667, 1.0)",1,97.4,15777
"(1.0, 1.0)",2,97.4,15779
"(0.9333333333333332, 1.0)",1,97.4,15780
"(0.925, 0.9708333333333332)",2,97.4,15782
"(0.85, 1.0)",1,97.4,15783
"(0.9541666666666668, 0.9625)",1,97.4,15784
"(0.8666666666666667, 1.0)",1,97.4,15785
"(0.9666666666666668, 1.0)",1,97.4,15786
"(0.9875, 0.9708333333333332)",1,97.39999999999998,15787
"(0.9833333333333332, 1.0)",1,97.39999999999998,15788
"(0.9208333333333332, 0.9875)",1,97.39999999999996,15789
"(0.9916666666666668, 0.9875)",1,97.3999999999999,15790
"(0.9291666666666668, 0.9916666666666668)",3,97.39999999999988,15793
"(0.9083333333333332, 0.975)",1,97.39583333333336,15794
"(0.9666666666666668, 0.975)",2,97.39583333333334,15796
"(0.7958333333333333, 0.9958333333333332)",1,97.39583333333331,15797
"(0.9791666666666666, 0.9916666666666668)",1,97.39583333333324,15798
"(0.95, 0.9875)",1,97.39583333333324,15799
"(0.9125, 0.9791666666666666)",2,97.3958333333332,15801
"(0.8604651162790697, 0.9767441860465116)",1,97.3953488372095,15802
"(0.8837209302325582, 0.9883720930232558)",1,97.39534883720944,15803
"(0.9186046511627908, 0.9767441860465116)",1,97.39534883720944,15804
"(0.8023255813953488, 0.9767441860465116)",1,97.39534883720944,15805
"(0.8837209302325582, 0.9883720930232558)",1,97.3953488372094,15806
"(0.8953488372093024, 0.9883720930232558)",2,97.3953488372094,15808
"(0.9302325581395348, 0.9883720930232558)",1,97.39534883720938,15809
"(0.813953488372093, 0.9883720930232558)",1,97.39534883720938,15810
"(0.7790697674418605, 0.9883720930232558)",2,97.39534883720938,15812
"(0.872093023255814, 1.0)",1,97.39534883720935,15813
"(0.9302325581395348, 0.9767441860465116)",2,97.3953488372092,15815
"(0.9458333333333332, 0.9791666666666666)",1,97.39166666666674,15816
"(0.9458333333333332, 0.9833333333333332)",1,97.39166666666672,15817
"(0.9208333333333332, 0.9916666666666668)",1,97.39166666666672,15818
"(0.975, 0.9833333333333332)",1,97.39166666666668,15819
"(0.9166666666666666, 0.9875)",1,97.39166666666668,15820
"(0.9791666666666666, 0.9916666666666668)",1,97.39166666666668,15821
"(0.9666666666666668, 0.9833333333333332)",2,97.39166666666668,15823
"(0.8625, 0.9916666666666668)",1,97.39166666666664,15824
"(0.9125, 0.9916666666666668)",1,97.39166666666657,15825
"(0.8888888888888888, 0.9861111111111112)",2,97.3888888888891,15827
"(0.9027777777777778, 0.9861111111111112)",2,97.3888888888891,15829
"(0.7916666666666666, 0.9861111111111112)",1,97.3888888888891,15830
"(0.8194444444444444, 0.9861111111111112)",1,97.3888888888891,15831
"(0.7916666666666666, 0.9861111111111112)",1,97.38888888888908,15832
"(0.9027777777777778, 0.9861111111111112)",1,97.38888888888908,15833
"(0.9027777777777778, 0.9722222222222222)",1,97.38888888888908,15834
"(0.8611111111111112, 0.9861111111111112)",2,97.38888888888908,15836
"(0.9305555555555556, 0.9861111111111112)",1,97.38888888888908,15837
"(0.7638888888888888, 0.9722222222222222)",1,97.38888888888908,15838
"(0.9027777777777778, 0.9861111111111112)",1,97.38888888888904,15839
"(0.8888888888888888, 1.0)",1,97.38888888888896,15840
"(0.8611111111111112, 0.9861111111111112)",2,97.38888888888891,15842
"(0.75, 1.0)",1,97.38888888888891,15843
"(0.7083333333333334, 1.0)",1,97.38888888888891,15844
"(0.9305555555555556, 1.0)",2,97.38888888888889,15846
"(0.9041666666666668, 0.9833333333333332)",1,97.38750000000006,15847
"(0.9583333333333334, 0.9833333333333332)",1,97.38749999999996,15848
"(0.9333333333333332, 0.9916666666666668)",1,97.38749999999992,15849
"(0.9291666666666668, 0.9875)",1,97.38749999999992,15850
"(0.9958333333333332, 0.9916666666666668)",1,97.38749999999992,15851
"(0.9083333333333332, 0.9916666666666668)",2,97.38749999999985,15853
"(0.9302325581395348, 0.9767441860465116)",1,97.3837209302327,15854
"(0.8837209302325582, 0.9883720930232558)",1,97.38372093023268,15855
"(0.7674418604651163, 0.9883720930232558)",1,97.38372093023266,15856
"(0.7790697674418605, 0.9883720930232558)",1,97.38372093023264,15857
"(0.9302325581395348, 0.9767441860465116)",1,97.38372093023264,15858
"(0.627906976744186, 0.9883720930232558)",1,97.38372093023264,15859
"(0.8953488372093024, 0.9883720930232558)",2,97.38372093023264,15861
"(0.8488372093023255, 0.9767441860465116)",1,97.3837209302326,15862
"(0.8837209302325582, 0.9883720930232558)",1,97.3837209302326,15863
"(0.8488372093023255, 1.0)",1,97.38372093023258,15864
"(0.9651162790697676, 0.9767441860465116)",2,97.38372093023249,15866
"(0.825, 0.9791666666666666)",1,97.38333333333344,15867
"(0.9, 1.0)",1,97.38333333333344,15868
"(0.9666666666666668, 0.9833333333333332)",2,97.3833333333334,15870
"(0.7666666666666667, 0.9833333333333332)",1,97.3833333333334,15871
"(0.8666666666666667, 1.0)",1,97.3833333333334,15872
"(0.8916666666666667, 0.9791666666666666)",1,97.3833333333334,15873
"(0.9458333333333332, 0.9833333333333332)",1,97.3833333333334,15874
"(0.8666666666666667, 0.9833333333333332)",1,97.3833333333334,15875
"(0.9, 1.0)",1,97.38333333333338,15876
"(0.8166666666666667, 1.0)",2,97.38333333333338,15878
"(1.0, 0.9833333333333332)",1,97.38333333333338,15879
"(0.7333333333333333, 1.0)",1,97.38333333333335,15880
"(0.7166666666666667, 1.0)",1,97.38333333333335,15881
"(0.8333333333333334, 0.9833333333333332)",1,97.38333333333335,15882
"(0.9833333333333332, 1.0)",1,97.38333333333335,15883
"(0.8833333333333333, 1.0)",1,97.38333333333334,15884
"(0.7333333333333333, 1.0)",1,97.38333333333334,15885
"(0.9125, 0.975)",1,97.38333333333334,15886
"(0.9833333333333332, 1.0)",1,97.38333333333334,15887
"(1.0, 1.0)",1,97.38333333333333,15888
"(0.7166666666666667, 1.0)",1,97.38333333333333,15889
"(0.8333333333333334, 1.0)",2,97.38333333333333,15891
"(0.9166666666666666, 0.9791666666666666)",1,97.38333333333333,15892
"(0.9375, 0.9833333333333332)",1,97.38333333333333,15893
"(0.9125, 0.9833333333333332)",1,97.38333333333333,15894
"(0.7333333333333333, 1.0)",1,97.38333333333333,15895
"(0.8666666666666667, 1.0)",1,97.38333333333333,15896
"(0.9625, 0.9916666666666668)",1,97.3833333333333,15897
"(0.9, 0.9958333333333332)",1,97.38333333333324,15898
"(0.9208333333333332, 0.9875)",1,97.3833333333332,15899
"(0.8958333333333334, 0.9916666666666668)",1,97.38333333333316,15900
"(0.9458333333333332, 0.9875)",2,97.38333333333313,15902
"(0.8833333333333333, 0.9833333333333332)",1,97.3791666666667,15903
"(0.9916666666666668, 0.9458333333333332)",1,97.37916666666666,15904
"(0.9333333333333332, 0.9875)",2,97.37916666666662,15906
"(0.9166666666666666, 0.975)",2,97.37916666666652,15908
"(0.9291666666666668, 0.9916666666666668)",1,97.37916666666652,15909
"(0.9625, 0.9916666666666668)",1,97.37916666666644,15910
"(0.9535714285714286, 0.9714285714285714)",2,97.3785714285714,15912
"(0.9166666666666666, 0.9861111111111112)",1,97.37500000000024,15913
"(0.8194444444444444, 0.9861111111111112)",1,97.3750000000002,15914
"(0.5416666666666666, 0.9861111111111112)",1,97.3750000000002,15915
"(0.7361111111111112, 0.9861111111111112)",1,97.3750000000002,15916
"(0.9722222222222222, 0.9861111111111112)",1,97.3750000000002,15917
"(0.8611111111111112, 0.9861111111111112)",1,97.3750000000002,15918
"(0.7638888888888888, 0.9722222222222222)",1,97.3750000000002,15919
"(0.75, 0.9861111111111112)",1,97.3750000000002,15920
"(0.7916666666666666, 0.9861111111111112)",2,97.37500000000018,15922
"(0.7916666666666666, 0.9861111111111112)",1,97.37500000000016,15923
"(0.8888888888888888, 0.9722222222222222)",1,97.37500000000016,15924
"(0.9166666666666666, 0.9861111111111112)",1,97.37500000000016,15925
"(0.6944444444444444, 0.9861111111111112)",1,97.37500000000014,15926
"(0.9305555555555556, 1.0)",1,97.37500000000011,15927
"(0.9166666666666666, 1.0)",1,97.37500000000011,15928
"(0.9, 0.9791666666666666)",1,97.37500000000009,15929
"(0.9444444444444444, 1.0)",1,97.37500000000006,15930
"(0.8333333333333334, 1.0)",2,97.37500000000006,15932
"(0.7777777777777778, 0.9861111111111112)",1,97.37500000000004,15933
"(0.9444444444444444, 0.9861111111111112)",1,97.37500000000004,15934
"(0.8194444444444444, 1.0)",1,97.37500000000004,15935
"(0.7916666666666666, 1.0)",1,97.375,15936
"(0.7083333333333334, 1.0)",1,97.375,15937
"(0.7361111111111112, 1.0)",1,97.375,15938
"(0.8958333333333334, 0.975)",1,97.37499999999991,15939
"(0.9833333333333332, 0.9833333333333332)",1,97.37499999999989,15940
"(0.9166666666666666, 0.9916666666666668)",2,97.37499999999984,15942
"(0.7790697674418605, 0.9767441860465116)",1,97.372093023256,15943
"(0.8837209302325582, 0.9767441860465116)",1,97.37209302325591,15944
"(0.9302325581395348, 0.9767441860465116)",1,97.3720930232559,15945
"(0.8837209302325582, 0.9767441860465116)",2,97.3720930232559,15947
"(0.8023255813953488, 0.9767441860465116)",1,97.37209302325589,15948
"(0.8837209302325582, 0.9767441860465116)",1,97.37209302325586,15949
"(0.7906976744186046, 0.9767441860465116)",1,97.3720930232558,15950
"(0.9651162790697676, 0.9767441860465116)",1,97.37209302325574,15951
"(0.9333333333333332, 0.9875)",2,97.37083333333332,15953
"(0.9875, 0.9875)",1,97.3708333333333,15954
"(0.9083333333333332, 0.975)",1,97.3708333333333,15955
"(0.8666666666666667, 0.9666666666666668)",1,97.37083333333328,15956
"(0.9125, 0.9833333333333332)",1,97.36666666666676,15957
"(0.9833333333333332, 0.9833333333333332)",1,97.36666666666676,15958
"(0.9125, 0.9791666666666666)",1,97.36666666666676,15959
"(0.9333333333333332, 0.9833333333333332)",1,97.36666666666672,15960
"(0.9166666666666666, 0.9833333333333332)",2,97.36666666666672,15962
"(0.8666666666666667, 0.9833333333333332)",1,97.36666666666672,15963
"(0.7333333333333333, 1.0)",1,97.36666666666672,15964
"(0.9166666666666666, 1.0)",1,97.36666666666672,15965
"(0.8833333333333333, 1.0)",1,97.36666666666672,15966
"(0.8833333333333333, 1.0)",1,97.3666666666667,15967
"(0.9333333333333332, 1.0)",1,97.3666666666667,15968
"(0.8666666666666667, 1.0)",1,97.3666666666667,15969
"(0.9166666666666666, 1.0)",1,97.3666666666667,15970
"(0.8333333333333334, 1.0)",1,97.36666666666667,15971
"(0.9833333333333332, 1.0)",2,97.36666666666667,15973
"(0.8666666666666667, 1.0)",2,97.36666666666667,15975
"(0.8333333333333334, 1.0)",1,97.36666666666667,15976
"(0.9166666666666666, 1.0)",1,97.36666666666667,15977
"(0.8833333333333333, 1.0)",2,97.36666666666667,15979
"(0.85, 1.0)",1,97.36666666666667,15980
"(0.8, 1.0)",1,97.36666666666667,15981
"(1.0, 1.0)",1,97.36666666666667,15982
"(0.8833333333333333, 1.0)",2,97.36666666666666,15984
"(0.8875, 0.9875)",1,97.36666666666662,15985
"(0.9125, 0.9833333333333332)",1,97.36666666666656,15986
"(0.9, 0.9916666666666668)",1,97.36666666666656,15987
"(0.95, 0.9875)",1,97.36666666666656,15988
"(0.9, 0.9791666666666666)",1,97.36250000000004,15989
"(0.9958333333333332, 0.9833333333333332)",1,97.3625,15990
"(0.9541666666666668, 0.975)",1,97.36249999999995,15991
"(0.9375, 0.9875)",1,97.3624999999999,15992
"(0.8888888888888888, 0.9861111111111112)",1,97.36111111111131,15993
"(0.8888888888888888, 0.9861111111111112)",1,97.36111111111131,15994
"(0.8611111111111112, 0.9861111111111112)",1,97.36111111111131,15995
"(0.9305555555555556, 0.9861111111111112)",1,97.36111111111131,15996
"(0.8194444444444444, 0.9861111111111112)",1,97.3611111111113,15997
"(0.9444444444444444, 0.9861111111111112)",1,97.36111111111128,15998
"(0.8611111111111112, 0.9861111111111112)",1,97.36111111111128,15999
"(0.8194444444444444, 1.0)",1,97.36111111111126,16000
"(0.9305555555555556, 0.9861111111111112)",1,97.36111111111124,16001
"(0.75, 0.9861111111111112)",1,97.3611111111112,16002
"(0.9305555555555556, 1.0)",1,97.3611111111112,16003
"(0.875, 1.0)",1,97.3611111111112,16004
"(0.9305555555555556, 1.0)",1,97.36111111111116,16005
"(0.7083333333333334, 1.0)",1,97.36111111111114,16006
"(0.8333333333333334, 1.0)",1,97.36111111111111,16007
"(0.8194444444444444, 1.0)",2,97.36111111111111,16009
"(0.8964285714285715, 0.975)",1,97.36071428571424,16010
"(0.9302325581395348, 0.9883720930232558)",1,97.36046511627922,16011
"(0.8488372093023255, 0.9651162790697676)",1,97.3604651162792,16012
"(0.8488372093023255, 0.9883720930232558)",1,97.36046511627916,16013
"(0.8023255813953488, 0.9883720930232558)",1,97.36046511627914,16014
"(0.8255813953488372, 0.9767441860465116)",1,97.36046511627912,16015
"(0.3372093023255814, 0.9883720930232558)",1,97.3604651162791,16016
"(0.8255813953488372, 0.9767441860465116)",1,97.36046511627907,16017
"(0.872093023255814, 1.0)",1,97.36046511627907,16018
"(0.7906976744186046, 0.9651162790697676)",1,97.36046511627904,16019
"(0.8953488372093024, 0.9651162790697676)",1,97.36046511627904,16020
"(0.8953488372093024, 0.9651162790697676)",1,97.360465116279,16021
"(0.95, 0.9791666666666666)",1,97.35833333333342,16022
"(0.9833333333333332, 0.9958333333333332)",1,97.35833333333336,16023
"(0.9125, 0.975)",1,97.35833333333332,16024
"(0.9, 0.9833333333333332)",1,97.3583333333332,16025
"(0.9416666666666668, 0.9916666666666668)",1,97.35833333333312,16026
"(0.95, 0.9833333333333332)",2,97.35416666666669,16028
"(0.9625, 0.9625)",1,97.35416666666666,16029
"(0.8666666666666667, 0.975)",1,97.35416666666664,16030
"(0.925, 0.9833333333333332)",1,97.35416666666664,16031
"(0.9208333333333332, 0.9958333333333332)",1,97.3541666666666,16032
"(0.9166666666666666, 0.9833333333333332)",2,97.3500000000001,16034
"(1.0, 0.9833333333333332)",1,97.35000000000008,16035
"(0.95, 0.9833333333333332)",1,97.35000000000008,16036
"(0.9166666666666666, 0.9833333333333332)",1,97.35000000000008,16037
"(0.8166666666666667, 0.9833333333333332)",1,97.35000000000008,16038
"(0.9166666666666666, 1.0)",2,97.35000000000008,16040
"(0.9, 1.0)",1,97.35000000000004,16041
"(0.9333333333333332, 1.0)",2,97.35000000000004,16043
"(0.7333333333333333, 1.0)",1,97.35000000000004,16044
"(0.8333333333333334, 1.0)",1,97.35000000000002,16045
"(0.9333333333333332, 1.0)",2,97.35000000000002,16047
"(0.9166666666666666, 0.9833333333333332)",1,97.35000000000002,16048
"(0.9541666666666668, 0.9916666666666668)",1,97.35,16049
"(0.7, 1.0)",1,97.35,16050
"(0.8833333333333333, 1.0)",1,97.35,16051
"(0.8666666666666667, 1.0)",1,97.35,16052
"(0.9166666666666666, 1.0)",3,97.35,16055
"(0.8, 1.0)",1,97.35,16056
"(0.9833333333333332, 1.0)",1,97.35,16057
"(0.9833333333333332, 1.0)",1,97.35,16058
"(0.9, 1.0)",1,97.35,16059
"(0.8333333333333334, 1.0)",2,97.35,16061
"(0.9208333333333332, 0.975)",1,97.34999999999997,16062
"(0.9375, 0.975)",1,97.34999999999997,16063
"(0.95, 0.9916666666666668)",1,97.34999999999984,16064
"(0.8953488372093024, 0.9767441860465116)",1,97.34883720930252,16065
"(0.8255813953488372, 0.9767441860465116)",1,97.34883720930245,16066
"(0.7674418604651163, 0.9883720930232558)",2,97.34883720930245,16068
"(0.8837209302325582, 0.9767441860465116)",1,97.34883720930242,16069
"(0.8488372093023255, 0.9767441860465116)",1,97.3488372093024,16070
"(0.8953488372093024, 0.9651162790697676)",1,97.34883720930227,16071
"(0.813953488372093, 0.9651162790697676)",1,97.34883720930225,16072
"(0.9444444444444444, 0.9722222222222222)",1,97.34722222222244,16073
"(0.7638888888888888, 0.9861111111111112)",2,97.34722222222244,16075
"(0.7361111111111112, 0.9861111111111112)",1,97.34722222222244,16076
"(0.9166666666666666, 0.9861111111111112)",1,97.34722222222244,16077
"(0.875, 0.9861111111111112)",1,97.34722222222244,16078
"(0.8333333333333334, 0.9861111111111112)",1,97.3472222222224,16079
"(0.7638888888888888, 0.9861111111111112)",1,97.3472222222224,16080
"(0.875, 0.9861111111111112)",2,97.3472222222224,16082
"(0.8611111111111112, 0.9861111111111112)",1,97.3472222222224,16083
"(0.9305555555555556, 0.9861111111111112)",2,97.3472222222224,16085
"(0.8194444444444444, 0.9861111111111112)",1,97.3472222222224,16086
"(0.9027777777777778, 1.0)",1,97.34722222222236,16087
"(0.8333333333333334, 0.9722222222222222)",4,97.34722222222236,16091
"(0.9027777777777778, 0.9861111111111112)",1,97.34722222222234,16092
"(0.875, 0.9722222222222222)",1,97.3472222222223,16093
"(0.8194444444444444, 1.0)",1,97.3472222222223,16094
"(0.9166666666666666, 0.9861111111111112)",2,97.34722222222229,16096
"(0.8055555555555556, 1.0)",1,97.34722222222229,16097
"(0.9305555555555556, 1.0)",1,97.34722222222229,16098
"(0.8055555555555556, 1.0)",1,97.34722222222226,16099
"(0.8611111111111112, 1.0)",1,97.34722222222226,16100
"(0.8888888888888888, 1.0)",1,97.34722222222224,16101
"(0.8194444444444444, 1.0)",2,97.34722222222224,16103
"(0.925, 0.9791666666666666)",1,97.34583333333336,16104
"(0.9541666666666668, 0.9666666666666668)",1,97.34583333333325,16105
"(0.9708333333333332, 0.9958333333333332)",1,97.34583333333318,16106
"(0.9375, 0.9916666666666668)",1,97.34583333333312,16107
"(0.9583333333333334, 0.9833333333333332)",1,97.34166666666675,16108
"(0.8666666666666667, 0.975)",2,97.34166666666668,16110
"(0.9208333333333332, 0.9875)",1,97.34166666666664,16111
"(0.9, 0.9833333333333332)",1,97.34166666666664,16112
"(0.9666666666666668, 0.975)",1,97.34166666666664,16113
"(0.9041666666666668, 0.9916666666666668)",2,97.3416666666666,16115
"(0.9791666666666666, 0.9916666666666668)",1,97.34166666666648,16116
"(0.8958333333333334, 0.9791666666666666)",1,97.33750000000003,16117
"(0.9375, 0.9791666666666666)",1,97.33750000000002,16118
"(0.9666666666666668, 0.9875)",1,97.33749999999998,16119
"(0.9, 0.9875)",1,97.33749999999992,16120
"(0.9583333333333334, 0.9791666666666666)",1,97.33749999999992,16121
"(0.95, 0.9833333333333332)",1,97.33749999999988,16122
"(0.8023255813953488, 0.9767441860465116)",1,97.33720930232576,16123
"(0.7209302325581395, 0.9767441860465116)",1,97.33720930232576,16124
"(0.8604651162790697, 0.9767441860465116)",1,97.33720930232576,16125
"(0.7790697674418605, 0.9883720930232558)",1,97.33720930232568,16126
"(0.8255813953488372, 0.9883720930232558)",1,97.33720930232568,16127
"(0.8604651162790697, 0.9767441860465116)",1,97.33720930232568,16128
"(0.9418604651162792, 0.9767441860465116)",1,97.33720930232566,16129
"(0.8023255813953488, 0.9767441860465116)",1,97.33720930232566,16130
"(0.8488372093023255, 0.9883720930232558)",2,97.33720930232565,16132
"(0.8953488372093024, 0.9767441860465116)",1,97.33720930232565,16133
"(0.9186046511627908, 0.9651162790697676)",1,97.33720930232565,16134
"(0.9186046511627908, 0.9651162790697676)",1,97.33720930232565,16135
"(0.8953488372093024, 0.9651162790697676)",2,97.33720930232556,16137
"(0.7790697674418605, 0.9651162790697676)",1,97.33720930232552,16138
"(0.9302325581395348, 0.9651162790697676)",1,97.33720930232552,16139
"(0.9302325581395348, 0.9767441860465116)",1,97.3372093023255,16140
"(0.5416666666666666, 0.9861111111111112)",4,97.33333333333354,16144
"(0.9166666666666666, 0.9861111111111112)",1,97.33333333333351,16145
"(0.7638888888888888, 0.9861111111111112)",1,97.33333333333351,16146
"(0.8472222222222222, 0.9722222222222222)",1,97.33333333333351,16147
"(0.9027777777777778, 0.9722222222222222)",1,97.33333333333351,16148
"(0.8472222222222222, 0.9861111111111112)",1,97.33333333333351,16149
"(0.9166666666666666, 0.9861111111111112)",1,97.33333333333351,16150
"(0.8333333333333334, 0.9861111111111112)",1,97.33333333333351,16151
"(0.9444444444444444, 0.9861111111111112)",1,97.3333333333335,16152
"(0.9166666666666666, 0.9861111111111112)",1,97.33333333333348,16153
"(0.8611111111111112, 0.9861111111111112)",1,97.33333333333348,16154
"(0.9722222222222222, 0.9861111111111112)",1,97.33333333333344,16155
"(0.8333333333333334, 1.0)",1,97.33333333333344,16156
"(0.9166666666666666, 0.9833333333333332)",2,97.3333333333334,16158
"(0.8333333333333334, 1.0)",1,97.3333333333334,16159
"(0.9444444444444444, 1.0)",1,97.3333333333334,16160
"(0.9833333333333332, 0.9833333333333332)",1,97.3333333333334,16161
"(0.9333333333333332, 0.9833333333333332)",1,97.3333333333334,16162
"(0.875, 1.0)",1,97.3333333333334,16163
"(0.7638888888888888, 1.0)",1,97.3333333333334,16164
"(0.95, 0.9833333333333332)",2,97.3333333333334,16166
"(0.95, 0.9833333333333332)",1,97.3333333333334,16167
"(0.9, 1.0)",1,97.33333333333336,16168
"(0.7777777777777778, 1.0)",1,97.33333333333336,16169
"(0.9541666666666668, 0.9833333333333332)",1,97.33333333333336,16170
"(0.9166666666666666, 0.9833333333333332)",2,97.33333333333336,16172
"(0.7361111111111112, 1.0)",2,97.33333333333336,16174
"(0.8333333333333334, 1.0)",1,97.33333333333336,16175
"(0.8833333333333333, 0.9833333333333332)",1,97.33333333333336,16176
"(0.7166666666666667, 1.0)",1,97.33333333333334,16177
"(0.8833333333333333, 1.0)",2,97.33333333333334,16179
"(0.8125, 0.9791666666666666)",2,97.33333333333334,16181
"(0.8, 1.0)",1,97.33333333333334,16182
"(0.8166666666666667, 1.0)",1,97.33333333333334,16183
"(0.8333333333333334, 1.0)",2,97.33333333333334,16185
"(0.7666666666666667, 1.0)",1,97.33333333333331,16186
"(0.95, 1.0)",1,97.33333333333331,16187
"(0.85, 1.0)",1,97.33333333333331,16188
"(0.75, 1.0)",1,97.33333333333331,16189
"(0.9833333333333332, 1.0)",2,97.33333333333331,16191
"(0.9166666666666666, 1.0)",2,97.33333333333331,16193
"(0.9333333333333332, 1.0)",1,97.33333333333331,16194
"(0.9, 1.0)",1,97.33333333333331,16195
"(0.8166666666666667, 1.0)",1,97.33333333333331,16196
"(0.9833333333333332, 1.0)",1,97.33333333333331,16197
"(0.925, 0.9583333333333334)",1,97.33333333333331,16198
"(1.0, 1.0)",1,97.33333333333331,16199
"(0.9791666666666666, 0.9791666666666666)",1,97.3333333333333,16200
"(0.9541666666666668, 0.9833333333333332)",2,97.3333333333333,16202
"(0.9291666666666668, 0.9958333333333332)",1,97.33333333333329,16203
"(0.9958333333333332, 0.975)",1,97.3333333333332,16204
"(0.9083333333333332, 0.975)",1,97.32916666666664,16205
"(0.9291666666666668, 0.9541666666666668)",1,97.32916666666664,16206
"(0.9, 0.9916666666666668)",1,97.3291666666666,16207
"(0.9, 0.9833333333333332)",1,97.3291666666666,16208
"(0.925, 0.9916666666666668)",1,97.32916666666657,16209
"(0.9, 0.9833333333333332)",1,97.32916666666654,16210
"(0.8875, 0.9916666666666668)",1,97.32916666666652,16211
"(0.8953488372093024, 0.9767441860465116)",1,97.32558139534902,16212
"(0.9186046511627908, 0.9767441860465116)",1,97.325581395349,16213
"(0.8488372093023255, 0.9883720930232558)",1,97.32558139534896,16214
"(0.4651162790697674, 1.0)",1,97.3255813953489,16215
"(0.9302325581395348, 0.9651162790697676)",1,97.3255813953489,16216
"(0.8604651162790697, 0.9883720930232558)",1,97.32558139534888,16217
"(0.9302325581395348, 0.9767441860465116)",2,97.32558139534888,16219
"(0.627906976744186, 1.0)",2,97.32558139534886,16221
"(0.9651162790697676, 0.9767441860465116)",1,97.32558139534886,16222
"(0.9186046511627908, 0.9767441860465116)",1,97.32558139534886,16223
"(0.8488372093023255, 0.9767441860465116)",2,97.3255813953488,16225
"(0.8833333333333333, 0.9875)",2,97.325,16227
"(0.9708333333333332, 0.9791666666666666)",2,97.32499999999996,16229
"(0.9125, 0.9875)",1,97.3249999999999,16230
"(0.9583333333333334, 0.9958333333333332)",1,97.32499999999987,16231
"(0.9291666666666668, 0.9916666666666668)",1,97.32499999999987,16232
"(0.9428571428571428, 0.9785714285714284)",1,97.3214285714285,16233
"(0.9125, 0.9791666666666666)",1,97.3208333333334,16234
"(0.9875, 0.9791666666666666)",1,97.32083333333338,16235
"(0.9208333333333332, 0.9958333333333332)",2,97.32083333333333,16237
"(0.9125, 0.975)",1,97.3208333333333,16238
"(0.9458333333333332, 0.9666666666666668)",2,97.32083333333324,16240
"(0.9291666666666668, 0.9875)",1,97.3208333333332,16241
"(0.9166666666666666, 0.9722222222222222)",4,97.31944444444466,16245
"(0.7916666666666666, 0.9722222222222222)",1,97.31944444444466,16246
"(0.9444444444444444, 0.9861111111111112)",2,97.31944444444464,16248
"(0.9027777777777778, 0.9722222222222222)",1,97.31944444444464,16249
"(0.7361111111111112, 0.9861111111111112)",2,97.31944444444464,16251
"(0.7638888888888888, 0.9861111111111112)",3,97.31944444444464,16254
"(0.7638888888888888, 0.9722222222222222)",1,97.31944444444464,16255
"(0.9444444444444444, 0.9861111111111112)",1,97.31944444444464,16256
"(0.8055555555555556, 0.9861111111111112)",1,97.3194444444446,16257
"(0.9722222222222222, 0.9861111111111112)",1,97.31944444444456,16258
"(0.875, 0.9722222222222222)",1,97.31944444444451,16259
"(0.9166666666666666, 1.0)",1,97.3194444444445,16260
"(0.8333333333333334, 1.0)",1,97.31944444444449,16261
"(0.8611111111111112, 1.0)",1,97.31944444444449,16262
"(0.875, 0.9861111111111112)",1,97.31944444444446,16263
"(0.75, 1.0)",3,97.31944444444446,16266
"(0.8333333333333334, 0.9861111111111112)",1,97.31944444444446,16267
"(0.8055555555555556, 1.0)",1,97.31944444444446,16268
"(0.925, 0.9785714285714284)",1,97.31785714285706,16269
"(0.9333333333333332, 1.0)",1,97.31666666666676,16270
"(0.9333333333333332, 0.9833333333333332)",2,97.31666666666676,16272
"(0.9, 0.9833333333333332)",2,97.31666666666672,16274
"(0.95, 0.9833333333333332)",1,97.31666666666672,16275
"(0.9333333333333332, 0.9833333333333332)",2,97.31666666666672,16277
"(0.7166666666666667, 1.0)",1,97.31666666666672,16278
"(0.9666666666666668, 0.9833333333333332)",1,97.31666666666672,16279
"(0.85, 1.0)",1,97.3166666666667,16280
"(0.9875, 0.9291666666666668)",1,97.3166666666667,16281
"(0.9, 1.0)",1,97.3166666666667,16282
"(0.8666666666666667, 1.0)",1,97.31666666666668,16283
"(0.9166666666666666, 1.0)",1,97.31666666666668,16284
"(0.8333333333333334, 1.0)",1,97.31666666666668,16285
"(0.8166666666666667, 1.0)",2,97.31666666666668,16287
"(0.8833333333333333, 1.0)",1,97.31666666666668,16288
"(0.8666666666666667, 1.0)",2,97.31666666666666,16290
"(0.7333333333333333, 1.0)",1,97.31666666666666,16291
"(0.9666666666666668, 1.0)",2,97.31666666666666,16293
"(0.9333333333333332, 1.0)",1,97.31666666666666,16294
"(0.8625, 0.9833333333333332)",1,97.31666666666666,16295
"(1.0, 1.0)",1,97.31666666666666,16296
"(0.9833333333333332, 1.0)",1,97.31666666666666,16297
"(0.85, 1.0)",1,97.31666666666666,16298
"(0.9458333333333332, 0.9875)",1,97.3166666666666,16299
"(0.9, 0.9916666666666668)",1,97.31666666666658,16300
"(0.9583333333333334, 0.9916666666666668)",1,97.31666666666656,16301
"(0.9714285714285714, 0.9785714285714284)",1,97.31428571428566,16302
"(0.9186046511627908, 1.0)",1,97.31395348837222,16303
"(0.8837209302325582, 0.9883720930232558)",1,97.31395348837218,16304
"(0.8023255813953488, 0.9883720930232558)",2,97.31395348837216,16306
"(0.9418604651162792, 0.9883720930232558)",2,97.31395348837216,16308
"(0.9186046511627908, 1.0)",1,97.31395348837214,16309
"(0.8837209302325582, 0.9651162790697676)",1,97.31395348837212,16310
"(0.4534883720930232, 1.0)",1,97.3139534883721,16311
"(0.7790697674418605, 0.9767441860465116)",1,97.3139534883721,16312
"(0.9302325581395348, 0.9767441860465116)",2,97.31395348837208,16314
"(0.9534883720930232, 0.9651162790697676)",1,97.31395348837208,16315
"(0.8837209302325582, 0.9651162790697676)",1,97.31395348837208,16316
"(0.9208333333333332, 0.9833333333333332)",1,97.31250000000006,16317
"(0.95, 0.9833333333333332)",1,97.31250000000004,16318
"(0.8458333333333333, 1.0)",1,97.3125,16319
"(0.8916666666666667, 0.9958333333333332)",1,97.31249999999996,16320
"(0.9714285714285714, 0.9785714285714284)",1,97.31071428571424,16321
"(0.9708333333333332, 0.9875)",1,97.30833333333328,16322
"(0.9458333333333332, 0.975)",1,97.30833333333328,16323
"(0.9125, 0.9791666666666666)",1,97.30833333333324,16324
"(0.9291666666666668, 0.9875)",1,97.30833333333322,16325
"(0.7916666666666666, 0.9861111111111112)",1,97.30555555555576,16326
"(0.8194444444444444, 0.9861111111111112)",1,97.30555555555574,16327
"(0.7361111111111112, 0.9861111111111112)",1,97.30555555555574,16328
"(0.8333333333333334, 0.9861111111111112)",1,97.30555555555574,16329
"(0.9305555555555556, 0.9861111111111112)",2,97.30555555555574,16331
"(0.8055555555555556, 0.9861111111111112)",1,97.30555555555574,16332
"(0.8472222222222222, 0.9861111111111112)",1,97.30555555555571,16333
"(0.8194444444444444, 0.9722222222222222)",1,97.30555555555571,16334
"(0.875, 0.9861111111111112)",1,97.3055555555557,16335
"(0.8888888888888888, 1.0)",1,97.30555555555566,16336
"(0.9166666666666666, 0.9861111111111112)",1,97.30555555555564,16337
"(0.8611111111111112, 1.0)",1,97.3055555555556,16338
"(0.9166666666666666, 1.0)",1,97.3055555555556,16339
"(0.8333333333333334, 1.0)",1,97.3055555555556,16340
"(0.7361111111111112, 1.0)",1,97.3055555555556,16341
"(0.7638888888888888, 1.0)",1,97.3055555555556,16342
"(0.8055555555555556, 1.0)",1,97.3055555555556,16343
"(0.9027777777777778, 1.0)",1,97.30555555555554,16344
"(0.8916666666666667, 0.9833333333333332)",1,97.30416666666672,16345
"(0.9291666666666668, 0.9833333333333332)",2,97.30416666666667,16347
"(0.9041666666666668, 1.0)",1,97.3041666666666,16348
"(0.8916666666666667, 0.9875)",1,97.30416666666656,16349
"(0.9186046511627908, 0.9767441860465116)",1,97.30232558139552,16350
"(0.8953488372093024, 0.9767441860465116)",1,97.30232558139548,16351
"(0.7790697674418605, 0.9883720930232558)",1,97.30232558139544,16352
"(0.8953488372093024, 0.9883720930232558)",1,97.30232558139542,16353
"(0.8488372093023255, 0.9883720930232558)",3,97.30232558139542,16356
"(0.8255813953488372, 0.9883720930232558)",1,97.3023255813954,16357
"(0.8837209302325582, 0.9767441860465116)",1,97.3023255813954,16358
"(0.8488372093023255, 0.9651162790697676)",1,97.30232558139532,16359
"(0.8488372093023255, 0.9767441860465116)",1,97.30232558139532,16360
"(0.9418604651162792, 0.9767441860465116)",1,97.3023255813953,16361
"(0.95, 0.9833333333333332)",1,97.30000000000008,16362
"(0.9166666666666666, 0.9833333333333332)",2,97.30000000000008,16364
"(0.85, 1.0)",2,97.30000000000008,16366
"(0.9333333333333332, 0.9833333333333332)",2,97.30000000000008,16368
"(0.9, 0.9833333333333332)",1,97.30000000000008,16369
"(0.9166666666666666, 1.0)",1,97.30000000000008,16370
"(0.8, 1.0)",1,97.30000000000008,16371
"(0.8, 1.0)",1,97.30000000000004,16372
"(0.7166666666666667, 1.0)",1,97.30000000000004,16373
"(0.9166666666666666, 1.0)",1,97.30000000000004,16374
"(0.9333333333333332, 1.0)",1,97.30000000000004,16375
"(0.85, 1.0)",1,97.30000000000004,16376
"(0.8833333333333333, 1.0)",1,97.30000000000004,16377
"(0.8333333333333334, 1.0)",2,97.30000000000004,16379
"(0.8333333333333334, 1.0)",1,97.30000000000004,16380
"(0.9333333333333332, 1.0)",1,97.3,16381
"(0.9666666666666668, 1.0)",1,97.3,16382
"(0.7166666666666667, 1.0)",1,97.3,16383
"(0.8333333333333334, 1.0)",1,97.3,16384
"(0.7666666666666667, 1.0)",2,97.3,16386
"(0.95, 1.0)",1,97.3,16387
"(0.9166666666666666, 1.0)",1,97.3,16388
"(0.9, 1.0)",3,97.3,16391
"(0.9714285714285714, 0.9714285714285714)",1,97.3,16392
"(0.85, 1.0)",2,97.3,16394
"(0.9178571428571428, 0.975)",1,97.29999999999995,16395
"(0.9666666666666668, 0.9916666666666668)",1,97.29999999999993,16396
"(0.9375, 0.9708333333333332)",2,97.29999999999993,16398
"(0.95, 0.975)",1,97.2999999999999,16399
"(0.925, 0.9714285714285714)",3,97.29642857142856,16402
"(0.9642857142857144, 0.975)",3,97.29642857142856,16405
"(0.9607142857142856, 0.9714285714285714)",1,97.29642857142856,16406
"(0.9428571428571428, 0.9714285714285714)",3,97.29642857142852,16409
"(0.9125, 0.9958333333333332)",2,97.29583333333332,16411
"(0.9458333333333332, 0.9708333333333332)",1,97.29583333333332,16412
"(0.9416666666666668, 0.9833333333333332)",1,97.29583333333332,16413
"(0.9083333333333332, 0.975)",1,97.2958333333333,16414
"(0.925, 0.9875)",1,97.29583333333328,16415
"(0.9, 0.9833333333333332)",2,97.29583333333328,16417
"(0.9291666666666668, 0.9958333333333332)",1,97.29583333333323,16418
"(0.9375, 0.9916666666666668)",2,97.29583333333323,16420
"(0.8333333333333334, 0.9861111111111112)",1,97.29166666666688,16421
"(0.7638888888888888, 0.9861111111111112)",1,97.29166666666688,16422
"(0.7361111111111112, 0.9861111111111112)",1,97.29166666666688,16423
"(0.8333333333333334, 0.9722222222222222)",1,97.29166666666688,16424
"(0.8611111111111112, 0.9861111111111112)",2,97.29166666666688,16426
"(0.8333333333333334, 0.9861111111111112)",1,97.29166666666686,16427
"(0.7222222222222222, 0.9722222222222222)",1,97.29166666666686,16428
"(0.7916666666666666, 0.9861111111111112)",1,97.29166666666686,16429
"(0.9444444444444444, 0.9861111111111112)",1,97.29166666666686,16430
"(0.7638888888888888, 0.9861111111111112)",1,97.29166666666684,16431
"(0.5416666666666666, 0.9722222222222222)",1,97.29166666666684,16432
"(0.75, 0.9861111111111112)",1,97.2916666666668,16433
"(0.8875, 0.9833333333333332)",1,97.2916666666668,16434
"(0.9722222222222222, 0.9861111111111112)",1,97.29166666666676,16435
"(0.9208333333333332, 0.9791666666666666)",1,97.29166666666674,16436
"(0.7777777777777778, 1.0)",1,97.29166666666671,16437
"(0.8888888888888888, 1.0)",1,97.29166666666671,16438
"(0.9583333333333334, 1.0)",2,97.29166666666669,16440
"(0.7777777777777778, 1.0)",2,97.29166666666669,16442
"(0.7777777777777778, 1.0)",3,97.29166666666669,16445
"(0.8194444444444444, 1.0)",3,97.29166666666669,16448
"(0.875, 0.9861111111111112)",1,97.29166666666669,16449
"(0.9375, 0.975)",1,97.2916666666666,16450
"(0.9125, 0.9833333333333332)",1,97.29166666666652,16451
"(0.8837209302325582, 0.9883720930232558)",1,97.29069767441878,16452
"(0.8255813953488372, 0.9767441860465116)",1,97.29069767441877,16453
"(0.8604651162790697, 0.9883720930232558)",1,97.29069767441877,16454
"(0.9302325581395348, 0.9883720930232558)",1,97.29069767441874,16455
"(0.8953488372093024, 0.9767441860465116)",1,97.29069767441874,16456
"(0.7790697674418605, 0.9767441860465116)",1,97.29069767441872,16457
"(0.9302325581395348, 0.9767441860465116)",1,97.2906976744187,16458
"(0.813953488372093, 0.9767441860465116)",2,97.29069767441868,16460
"(0.8488372093023255, 0.9883720930232558)",2,97.29069767441868,16462
"(0.8837209302325582, 0.9883720930232558)",1,97.29069767441864,16463
"(0.8023255813953488, 1.0)",1,97.29069767441864,16464
"(0.9302325581395348, 0.9651162790697676)",3,97.2906976744186,16467
"(0.8488372093023255, 0.9767441860465116)",1,97.29069767441857,16468
"(0.8372093023255814, 0.9767441860465116)",1,97.29069767441857,16469
"(0.9535714285714286, 0.975)",3,97.2892857142857,16472
"(0.9714285714285714, 0.975)",1,97.28928571428564,16473
"(0.9833333333333332, 0.9875)",2,97.28750000000004,16475
"(0.8791666666666667, 0.9666666666666668)",1,97.28750000000002,16476
"(0.8958333333333334, 0.975)",1,97.2875,16477
"(0.9125, 0.975)",1,97.2875,16478
"(0.9208333333333332, 0.9833333333333332)",1,97.28749999999994,16479
"(0.8958333333333334, 0.9916666666666668)",1,97.28749999999984,16480
"(0.8964285714285715, 0.975)",1,97.28571428571418,16481
"(0.9125, 0.9791666666666666)",1,97.28333333333346,16482
"(0.9, 1.0)",1,97.28333333333342,16483
"(0.7333333333333333, 0.9833333333333332)",1,97.2833333333334,16484
"(0.8666666666666667, 0.9833333333333332)",3,97.2833333333334,16487
"(0.9, 0.9833333333333332)",2,97.2833333333334,16489
"(1.0, 1.0)",1,97.2833333333334,16490
"(0.7333333333333333, 1.0)",1,97.2833333333334,16491
"(0.9666666666666668, 0.9833333333333332)",4,97.2833333333334,16495
"(0.8833333333333333, 1.0)",1,97.28333333333336,16496
"(0.9333333333333332, 0.9833333333333332)",1,97.28333333333336,16497
"(0.9333333333333332, 1.0)",1,97.28333333333336,16498
"(0.8166666666666667, 1.0)",1,97.28333333333336,16499
"(0.925, 0.9791666666666666)",1,97.28333333333336,16500
"(0.9166666666666666, 1.0)",1,97.28333333333336,16501
"(0.85, 1.0)",1,97.28333333333336,16502
"(0.8333333333333334, 1.0)",1,97.28333333333336,16503
"(0.85, 1.0)",1,97.28333333333332,16504
"(0.7833333333333333, 1.0)",1,97.28333333333332,16505
"(0.8833333333333333, 1.0)",1,97.28333333333332,16506
"(0.9125, 0.9833333333333332)",2,97.28333333333332,16508
"(0.9666666666666668, 1.0)",2,97.28333333333332,16510
"(0.8333333333333334, 1.0)",2,97.28333333333332,16512
"(0.9833333333333332, 1.0)",3,97.28333333333332,16515
"(0.925, 0.9916666666666668)",1,97.2833333333333,16516
"(0.875, 0.9958333333333332)",1,97.28333333333327,16517
"(0.9041666666666668, 0.9791666666666666)",1,97.28333333333326,16518
"(0.8958333333333334, 0.9875)",1,97.2833333333332,16519
"(0.9333333333333332, 0.9958333333333332)",1,97.28333333333318,16520
"(0.8571428571428571, 0.9785714285714284)",1,97.28214285714276,16521
"(0.95, 0.9791666666666666)",1,97.27916666666675,16522
"(0.9125, 0.9791666666666666)",1,97.27916666666675,16523
"(0.9375, 0.9708333333333332)",1,97.27916666666668,16524
"(0.9541666666666668, 0.975)",1,97.2791666666666,16525
"(0.8541666666666666, 0.9958333333333332)",1,97.27916666666654,16526
"(0.9291666666666668, 0.9916666666666668)",1,97.27916666666646,16527
"(0.7790697674418605, 0.9767441860465116)",1,97.27906976744195,16528
"(0.7906976744186046, 1.0)",1,97.27906976744192,16529
"(0.9302325581395348, 0.9883720930232558)",1,97.27906976744192,16530
"(0.9302325581395348, 0.9651162790697676)",1,97.27906976744192,16531
"(0.9302325581395348, 0.9651162790697676)",1,97.27906976744188,16532
"(0.8372093023255814, 0.9767441860465116)",2,97.27906976744184,16534
"(0.95, 0.9678571428571427)",3,97.27857142857138,16537
"(0.8964285714285715, 0.9714285714285714)",1,97.27857142857135,16538
"(0.8472222222222222, 0.9722222222222222)",1,97.27777777777798,16539
"(0.7083333333333334, 0.9861111111111112)",1,97.27777777777798,16540
"(0.7916666666666666, 0.9861111111111112)",1,97.27777777777798,16541
"(0.9027777777777778, 0.9861111111111112)",1,97.27777777777798,16542
"(0.8194444444444444, 0.9861111111111112)",1,97.27777777777798,16543
"(0.9305555555555556, 0.9861111111111112)",1,97.27777777777798,16544
"(0.7638888888888888, 0.9861111111111112)",1,97.27777777777796,16545
"(0.9722222222222222, 0.9861111111111112)",1,97.27777777777796,16546
"(0.9444444444444444, 0.9722222222222222)",1,97.27777777777796,16547
"(0.9166666666666666, 0.9861111111111112)",5,97.27777777777796,16552
"(0.9305555555555556, 0.9861111111111112)",1,97.27777777777796,16553
"(0.9444444444444444, 0.9861111111111112)",1,97.27777777777796,16554
"(0.9305555555555556, 0.9722222222222222)",1,97.27777777777796,16555
"(0.7638888888888888, 0.9861111111111112)",1,97.27777777777794,16556
"(0.9027777777777778, 0.9722222222222222)",1,97.27777777777794,16557
"(0.8194444444444444, 0.9861111111111112)",1,97.27777777777794,16558
"(0.6944444444444444, 0.9861111111111112)",1,97.27777777777789,16559
"(0.7083333333333334, 1.0)",1,97.27777777777784,16560
"(0.75, 1.0)",2,97.27777777777784,16562
"(0.9305555555555556, 1.0)",1,97.2777777777778,16563
"(0.7361111111111112, 1.0)",1,97.2777777777778,16564
"(0.9027777777777778, 1.0)",1,97.27777777777776,16565
"(0.7361111111111112, 1.0)",4,97.27777777777776,16569
"(0.825, 0.9958333333333332)",1,97.27500000000008,16570
"(0.95, 0.9791666666666666)",1,97.27500000000006,16571
"(0.925, 0.9833333333333332)",1,97.27500000000003,16572
"(0.8958333333333334, 0.9791666666666666)",1,97.275,16573
"(0.925, 0.975)",1,97.27499999999998,16574
"(0.9166666666666666, 0.9791666666666666)",1,97.27499999999996,16575
"(0.9071428571428573, 0.9714285714285714)",2,97.27499999999996,16577
"(0.9678571428571427, 0.975)",2,97.27499999999996,16579
"(0.9607142857142856, 0.975)",1,97.27499999999988,16580
"(0.9, 0.9916666666666668)",1,97.27499999999988,16581
"(0.8964285714285715, 0.975)",1,97.27142857142852,16582
"(0.9535714285714286, 0.9714285714285714)",3,97.27142857142852,16585
"(0.9541666666666668, 0.9791666666666666)",1,97.27083333333326,16586
"(0.825, 0.9833333333333332)",1,97.2708333333332,16587
"(0.9535714285714286, 0.9714285714285714)",3,97.26785714285712,16590
"(0.8953488372093024, 0.9767441860465116)",1,97.2674418604653,16591
"(0.9069767441860463, 0.9883720930232558)",1,97.2674418604653,16592
"(0.8837209302325582, 0.9767441860465116)",1,97.26744186046524,16593
"(0.8023255813953488, 0.9883720930232558)",1,97.26744186046524,16594
"(0.7906976744186046, 0.9883720930232558)",1,97.26744186046524,16595
"(0.7906976744186046, 0.9767441860465116)",1,97.26744186046518,16596
"(0.9302325581395348, 0.9767441860465116)",1,97.26744186046518,16597
"(0.627906976744186, 0.9883720930232558)",1,97.26744186046515,16598
"(0.8837209302325582, 0.9767441860465116)",2,97.26744186046515,16600
"(0.9302325581395348, 0.9767441860465116)",1,97.26744186046513,16601
"(0.9651162790697676, 0.9767441860465116)",1,97.26744186046513,16602
"(0.8255813953488372, 0.9767441860465116)",1,97.2674418604651,16603
"(0.8488372093023255, 0.9651162790697676)",2,97.26744186046504,16605
"(0.8166666666666667, 1.0)",1,97.26666666666674,16606
"(0.9666666666666668, 0.9833333333333332)",1,97.26666666666674,16607
"(0.9333333333333332, 0.9833333333333332)",2,97.26666666666674,16609
"(1.0, 0.9833333333333332)",1,97.26666666666672,16610
"(0.9791666666666666, 0.9833333333333332)",1,97.26666666666672,16611
"(0.8333333333333334, 1.0)",1,97.26666666666672,16612
"(0.75, 1.0)",1,97.2666666666667,16613
"(0.9166666666666666, 1.0)",1,97.2666666666667,16614
"(0.7666666666666667, 1.0)",1,97.26666666666668,16615
"(0.8833333333333333, 1.0)",2,97.26666666666668,16617
"(0.9333333333333332, 1.0)",1,97.26666666666668,16618
"(0.8666666666666667, 1.0)",1,97.26666666666668,16619
"(1.0, 1.0)",1,97.26666666666668,16620
"(0.9166666666666666, 1.0)",1,97.26666666666668,16621
"(0.95, 1.0)",1,97.26666666666668,16622
"(0.7666666666666667, 1.0)",1,97.26666666666668,16623
"(0.85, 1.0)",1,97.26666666666668,16624
"(0.9, 1.0)",1,97.26666666666668,16625
"(0.9458333333333332, 0.9875)",1,97.26666666666664,16626
"(0.9375, 0.9833333333333332)",2,97.26666666666664,16628
"(0.9833333333333332, 0.9916666666666668)",1,97.2666666666666,16629
"(0.925, 0.9678571428571427)",1,97.26428571428568,16630
"(0.875, 0.9722222222222222)",1,97.26388888888908,16631
"(0.5416666666666666, 0.9861111111111112)",1,97.26388888888908,16632
"(0.9444444444444444, 0.9861111111111112)",1,97.26388888888908,16633
"(0.7361111111111112, 0.9861111111111112)",1,97.26388888888908,16634
"(0.8888888888888888, 0.9861111111111112)",1,97.26388888888908,16635
"(0.8333333333333334, 0.9861111111111112)",1,97.26388888888908,16636
"(0.75, 0.9861111111111112)",1,97.26388888888906,16637
"(0.7916666666666666, 0.9861111111111112)",1,97.26388888888906,16638
"(0.8611111111111112, 0.9861111111111112)",1,97.26388888888906,16639
"(0.9305555555555556, 1.0)",1,97.26388888888906,16640
"(0.875, 1.0)",1,97.26388888888904,16641
"(0.9166666666666666, 0.9861111111111112)",2,97.26388888888904,16643
"(0.8611111111111112, 1.0)",1,97.263888888889,16644
"(0.8611111111111112, 0.9861111111111112)",1,97.263888888889,16645
"(0.8194444444444444, 0.9861111111111112)",1,97.263888888889,16646
"(0.75, 1.0)",1,97.26388888888891,16647
"(0.8333333333333334, 1.0)",2,97.26388888888889,16649
"(0.8055555555555556, 1.0)",4,97.26388888888889,16653
"(0.9666666666666668, 0.975)",1,97.26250000000005,16654
"(0.975, 0.9916666666666668)",1,97.2625,16655
"(0.9583333333333334, 0.9708333333333332)",1,97.26249999999996,16656
"(0.9666666666666668, 0.9708333333333332)",1,97.2624999999999,16657
"(0.9291666666666668, 0.9916666666666668)",1,97.2624999999998,16658
"(0.9642857142857144, 0.9785714285714284)",1,97.26071428571422,16659
"(0.9041666666666668, 0.9958333333333332)",1,97.25833333333334,16660
"(0.8791666666666667, 0.9625)",1,97.25833333333333,16661
"(0.9666666666666668, 0.9791666666666666)",1,97.25833333333333,16662
"(0.925, 0.9791666666666666)",1,97.25833333333333,16663
"(0.9125, 0.975)",1,97.25833333333324,16664
"(0.9125, 0.9916666666666668)",1,97.25833333333324,16665
"(0.9791666666666666, 0.975)",1,97.25833333333324,16666
"(0.9607142857142856, 0.975)",1,97.25714285714282,16667
"(0.8255813953488372, 0.9883720930232558)",1,97.25581395348848,16668
"(0.813953488372093, 0.9883720930232558)",1,97.25581395348846,16669
"(0.8488372093023255, 0.9883720930232558)",1,97.25581395348844,16670
"(0.8372093023255814, 0.9767441860465116)",2,97.25581395348844,16672
"(0.872093023255814, 1.0)",1,97.2558139534884,16673
"(0.8837209302325582, 0.9651162790697676)",2,97.2558139534884,16675
"(0.7674418604651163, 1.0)",1,97.25581395348836,16676
"(0.925, 0.9833333333333332)",1,97.2541666666666,16677
"(0.9458333333333332, 0.9875)",1,97.25416666666658,16678
"(0.8958333333333334, 0.975)",1,97.25416666666656,16679
"(0.9642857142857144, 0.9785714285714284)",1,97.25357142857132,16680
"(0.875, 0.9861111111111112)",2,97.2500000000002,16682
"(0.8194444444444444, 0.9861111111111112)",1,97.2500000000002,16683
"(0.9722222222222222, 0.9861111111111112)",2,97.2500000000002,16685
"(0.7638888888888888, 0.9722222222222222)",1,97.2500000000002,16686
"(0.5416666666666666, 0.9861111111111112)",1,97.2500000000002,16687
"(0.9305555555555556, 0.9861111111111112)",1,97.25000000000018,16688
"(0.8194444444444444, 0.9861111111111112)",1,97.25000000000018,16689
"(0.7222222222222222, 0.9722222222222222)",1,97.25000000000016,16690
"(0.8472222222222222, 0.9722222222222222)",1,97.25000000000016,16691
"(0.8888888888888888, 0.9861111111111112)",1,97.25000000000016,16692
"(0.8194444444444444, 0.9861111111111112)",1,97.25000000000016,16693
"(0.7083333333333334, 0.9861111111111112)",1,97.25000000000014,16694
"(0.8166666666666667, 0.9833333333333332)",1,97.25000000000009,16695
"(0.9833333333333332, 0.9833333333333332)",1,97.25000000000009,16696
"(1.0, 0.9833333333333332)",2,97.25000000000009,16698
"(0.95, 0.9833333333333332)",2,97.25000000000009,16700
"(0.9166666666666666, 0.9833333333333332)",2,97.25000000000009,16702
"(0.9722222222222222, 1.0)",1,97.25000000000009,16703
"(0.8666666666666667, 1.0)",1,97.25000000000006,16704
"(0.8333333333333334, 1.0)",1,97.25000000000006,16705
"(0.8055555555555556, 1.0)",2,97.25000000000006,16707
"(0.9444444444444444, 1.0)",1,97.25000000000006,16708
"(0.8333333333333334, 1.0)",1,97.25000000000004,16709
"(0.8166666666666667, 1.0)",1,97.25000000000004,16710
"(0.8833333333333333, 0.9833333333333332)",1,97.25000000000004,16711
"(0.9166666666666666, 1.0)",1,97.25000000000004,16712
"(0.9333333333333332, 1.0)",1,97.25000000000004,16713
"(0.9, 1.0)",1,97.25000000000004,16714
"(0.7777777777777778, 1.0)",4,97.25,16718
"(0.9305555555555556, 1.0)",1,97.25,16719
"(0.8833333333333333, 1.0)",1,97.25,16720
"(0.9027777777777778, 1.0)",1,97.25,16721
"(0.9166666666666666, 1.0)",1,97.25,16722
"(0.8666666666666667, 1.0)",1,97.25,16723
"(0.8666666666666667, 1.0)",1,97.25,16724
"(0.8833333333333333, 1.0)",1,97.25,16725
"(0.8611111111111112, 1.0)",1,97.25,16726
"(0.8958333333333334, 0.9791666666666666)",1,97.25,16727
"(0.9, 1.0)",1,97.25,16728
"(0.8166666666666667, 1.0)",2,97.25,16730
"(1.0, 1.0)",2,97.25,16732
"(0.95, 1.0)",1,97.25,16733
"(0.95, 0.9833333333333332)",1,97.24999999999996,16734
"(0.9708333333333332, 0.9875)",1,97.24999999999994,16735
"(0.9416666666666668, 0.9791666666666666)",1,97.24999999999994,16736
"(0.9166666666666666, 0.9708333333333332)",1,97.24999999999991,16737
"(0.8916666666666667, 0.9958333333333332)",1,97.2499999999998,16738
"(0.9, 0.975)",1,97.2464285714285,16739
"(0.7209302325581395, 0.9767441860465116)",1,97.2441860465118,16740
"(0.9302325581395348, 0.9767441860465116)",1,97.24418604651176,16741
"(0.9651162790697676, 0.9767441860465116)",1,97.24418604651174,16742
"(0.7674418604651163, 0.9767441860465116)",2,97.24418604651171,16744
"(0.9302325581395348, 0.9651162790697676)",1,97.24418604651171,16745
"(0.9186046511627908, 0.9767441860465116)",1,97.24418604651171,16746
"(0.8837209302325582, 0.9883720930232558)",1,97.24418604651171,16747
"(0.9186046511627908, 0.9651162790697676)",1,97.2441860465117,16748
"(0.8837209302325582, 0.9883720930232558)",1,97.2441860465117,16749
"(0.7906976744186046, 0.9883720930232558)",1,97.2441860465117,16750
"(0.8255813953488372, 1.0)",1,97.24418604651166,16751
"(0.627906976744186, 0.9883720930232558)",1,97.24418604651166,16752
"(0.9186046511627908, 0.9767441860465116)",1,97.24418604651164,16753
"(0.8255813953488372, 0.9767441860465116)",1,97.24418604651164,16754
"(0.8953488372093024, 0.9767441860465116)",2,97.2441860465116,16756
"(0.9302325581395348, 0.9651162790697676)",1,97.24418604651156,16757
"(0.9642857142857144, 0.9678571428571427)",3,97.24285714285712,16760
"(0.9642857142857144, 0.9714285714285714)",3,97.2428571428571,16763
"(0.9607142857142856, 0.975)",1,97.24285714285708,16764
"(0.9083333333333332, 0.9791666666666666)",1,97.24166666666665,16765
"(0.9125, 0.9791666666666666)",1,97.24166666666665,16766
"(0.925, 0.975)",1,97.2416666666666,16767
"(0.9833333333333332, 0.9791666666666666)",1,97.24166666666656,16768
"(0.9078947368421052, 0.9912280701754386)",4,97.2412280701754,16772
"(0.9642857142857144, 0.9785714285714284)",1,97.2392857142856,16773
"(0.9583333333333334, 0.9958333333333332)",1,97.23750000000004,16774
"(0.9458333333333332, 0.975)",1,97.23750000000004,16775
"(0.8958333333333334, 0.975)",1,97.23749999999998,16776
"(0.9125, 0.975)",1,97.23749999999995,16777
"(0.7361111111111112, 0.9861111111111112)",1,97.23611111111131,16778
"(0.7916666666666666, 0.9861111111111112)",1,97.23611111111131,16779
"(0.7083333333333334, 0.9861111111111112)",1,97.23611111111131,16780
"(0.9027777777777778, 0.9861111111111112)",1,97.2361111111113,16781
"(0.9166666666666666, 0.9861111111111112)",1,97.2361111111113,16782
"(0.7916666666666666, 0.9861111111111112)",1,97.2361111111113,16783
"(0.8333333333333334, 0.9861111111111112)",1,97.23611111111128,16784
"(0.9305555555555556, 1.0)",1,97.23611111111128,16785
"(0.8194444444444444, 1.0)",1,97.23611111111128,16786
"(0.6944444444444444, 0.9861111111111112)",1,97.23611111111124,16787
"(0.9305555555555556, 0.9861111111111112)",2,97.2361111111112,16789
"(0.9722222222222222, 1.0)",1,97.23611111111116,16790
"(0.8333333333333334, 1.0)",2,97.23611111111116,16792
"(0.9027777777777778, 1.0)",1,97.23611111111114,16793
"(0.7638888888888888, 1.0)",1,97.23611111111114,16794
"(0.9166666666666666, 1.0)",1,97.23611111111111,16795
"(0.9305555555555556, 1.0)",1,97.23611111111111,16796
"(0.6111111111111112, 0.9861111111111112)",2,97.23611111111111,16798
"(0.9166666666666666, 1.0)",1,97.2333333333334,16799
"(0.8666666666666667, 0.9833333333333332)",2,97.2333333333334,16801
"(0.9791666666666666, 0.9833333333333332)",1,97.2333333333334,16802
"(0.9333333333333332, 0.9833333333333332)",1,97.2333333333334,16803
"(0.9625, 0.9791666666666666)",1,97.2333333333334,16804
"(0.925, 0.9833333333333332)",1,97.23333333333338,16805
"(1.0, 1.0)",1,97.23333333333338,16806
"(0.9166666666666666, 1.0)",1,97.23333333333338,16807
"(0.85, 1.0)",1,97.23333333333338,16808
"(0.9, 1.0)",1,97.23333333333336,16809
"(0.9333333333333332, 1.0)",1,97.23333333333336,16810
"(0.9666666666666668, 1.0)",1,97.23333333333336,16811
"(0.95, 1.0)",1,97.23333333333332,16812
"(0.9625, 0.975)",1,97.23333333333332,16813
"(0.7166666666666667, 1.0)",1,97.23333333333332,16814
"(0.8166666666666667, 1.0)",1,97.23333333333332,16815
"(0.85, 1.0)",1,97.23333333333332,16816
"(0.75, 1.0)",1,97.23333333333332,16817
"(0.9333333333333332, 1.0)",2,97.23333333333332,16819
"(0.9458333333333332, 0.975)",1,97.23333333333328,16820
"(0.8833333333333333, 0.9833333333333332)",1,97.23333333333326,16821
"(0.9333333333333332, 0.9875)",1,97.23333333333316,16822
"(0.8837209302325582, 0.9767441860465116)",1,97.23255813953506,16823
"(0.8023255813953488, 0.9767441860465116)",1,97.232558139535,16824
"(0.813953488372093, 0.9883720930232558)",1,97.23255813953496,16825
"(0.7674418604651163, 0.9767441860465116)",3,97.23255813953496,16828
"(0.8604651162790697, 0.9883720930232558)",1,97.23255813953496,16829
"(0.9651162790697676, 0.9767441860465116)",1,97.2325581395349,16830
"(0.7906976744186046, 0.9651162790697676)",2,97.2325581395349,16832
"(0.7790697674418605, 0.9651162790697676)",1,97.23255813953487,16833
"(0.813953488372093, 0.9651162790697676)",1,97.23255813953486,16834
"(0.8837209302325582, 0.9651162790697676)",1,97.23255813953485,16835
"(0.8604651162790697, 0.9651162790697676)",1,97.23255813953476,16836
"(0.9642857142857144, 0.9785714285714284)",2,97.23214285714285,16838
"(0.95, 0.9678571428571427)",3,97.23214285714285,16841
"(0.9107142857142856, 0.975)",1,97.23214285714278,16842
"(0.9458333333333332, 0.9833333333333332)",1,97.2291666666666,16843
"(0.9708333333333332, 0.9875)",1,97.2291666666666,16844
"(0.9125, 0.9875)",1,97.22916666666656,16845
"(0.8875, 0.9833333333333332)",1,97.225,16846
"(0.9583333333333334, 0.9625)",1,97.22499999999997,16847
"(0.8666666666666667, 0.975)",1,97.22499999999992,16848
"(0.9125, 0.9916666666666668)",1,97.22499999999984,16849
"(0.8859649122807017, 0.9912280701754386)",4,97.22368421052629,16853
"(0.8333333333333334, 0.9722222222222222)",1,97.22222222222248,16854
"(0.9305555555555556, 0.9722222222222222)",1,97.22222222222244,16855
"(0.6944444444444444, 0.9861111111111112)",2,97.22222222222244,16857
"(0.8611111111111112, 0.9861111111111112)",1,97.22222222222244,16858
"(0.9027777777777778, 0.9861111111111112)",1,97.2222222222224,16859
"(0.9166666666666666, 0.9722222222222222)",1,97.2222222222224,16860
"(0.8194444444444444, 0.9861111111111112)",1,97.2222222222224,16861
"(0.8194444444444444, 0.9722222222222222)",1,97.2222222222224,16862
"(0.875, 0.9722222222222222)",2,97.2222222222224,16864
"(0.7222222222222222, 0.9861111111111112)",1,97.2222222222224,16865
"(0.9722222222222222, 0.9861111111111112)",4,97.2222222222224,16869
"(0.8611111111111112, 0.9861111111111112)",1,97.2222222222224,16870
"(0.8611111111111112, 0.9861111111111112)",1,97.2222222222224,16871
"(0.9444444444444444, 0.9861111111111112)",2,97.22222222222238,16873
"(0.75, 0.9722222222222222)",1,97.22222222222238,16874
"(0.7083333333333334, 0.9861111111111112)",1,97.22222222222231,16875
"(0.9027777777777778, 1.0)",2,97.22222222222229,16877
"(0.8611111111111112, 1.0)",2,97.22222222222229,16879
"(0.7638888888888888, 1.0)",2,97.22222222222229,16881
"(0.8194444444444444, 1.0)",1,97.22222222222226,16882
"(0.9305555555555556, 1.0)",2,97.22222222222224,16884
"(0.8333333333333334, 1.0)",1,97.22222222222224,16885
"(0.9535714285714286, 0.9714285714285714)",1,97.22142857142858,16886
"(0.9714285714285714, 0.9714285714285714)",1,97.22142857142848,16887
"(0.8604651162790697, 0.9767441860465116)",1,97.22093023255832,16888
"(0.8837209302325582, 0.9767441860465116)",1,97.2209302325583,16889
"(0.8953488372093024, 0.9767441860465116)",1,97.22093023255827,16890
"(0.8488372093023255, 0.9767441860465116)",1,97.22093023255825,16891
"(0.7441860465116279, 1.0)",1,97.22093023255822,16892
"(0.8255813953488372, 0.9883720930232558)",1,97.22093023255822,16893
"(0.9186046511627908, 1.0)",1,97.2209302325582,16894
"(0.9418604651162792, 0.9767441860465116)",1,97.22093023255816,16895
"(0.3372093023255814, 1.0)",1,97.22093023255816,16896
"(0.9186046511627908, 1.0)",1,97.22093023255812,16897
"(0.9375, 0.9958333333333332)",1,97.22083333333336,16898
"(0.9458333333333332, 0.9791666666666666)",1,97.22083333333336,16899
"(0.9458333333333332, 0.975)",2,97.22083333333325,16901
"(0.9125, 0.9833333333333332)",1,97.22083333333325,16902
"(0.9166666666666666, 0.9916666666666668)",1,97.22083333333322,16903
"(0.8916666666666667, 0.9958333333333332)",1,97.22083333333322,16904
"(0.925, 0.9916666666666668)",1,97.22083333333312,16905
"(0.9392857142857144, 0.975)",1,97.21785714285704,16906
"(0.9333333333333332, 0.9833333333333332)",1,97.21666666666674,16907
"(0.95, 0.9833333333333332)",2,97.21666666666674,16909
"(0.8666666666666667, 0.9833333333333332)",1,97.21666666666674,16910
"(0.9, 1.0)",1,97.21666666666673,16911
"(0.9666666666666668, 1.0)",1,97.2166666666667,16912
"(0.9333333333333332, 1.0)",1,97.2166666666667,16913
"(0.7666666666666667, 1.0)",2,97.21666666666668,16915
"(0.9833333333333332, 1.0)",2,97.21666666666668,16917
"(0.7333333333333333, 1.0)",1,97.21666666666668,16918
"(1.0, 1.0)",1,97.21666666666668,16919
"(0.8833333333333333, 1.0)",1,97.21666666666668,16920
"(0.95, 1.0)",1,97.21666666666668,16921
"(0.8333333333333334, 1.0)",1,97.21666666666668,16922
"(1.0, 1.0)",1,97.21666666666664,16923
"(0.925, 0.975)",1,97.21666666666664,16924
"(0.8791666666666667, 0.9833333333333332)",2,97.2166666666666,16926
"(0.9583333333333334, 0.9916666666666668)",1,97.21666666666658,16927
"(0.9791666666666666, 0.975)",1,97.21666666666655,16928
"(0.9333333333333332, 0.9833333333333332)",1,97.21666666666655,16929
"(0.9208333333333332, 0.9958333333333332)",1,97.21666666666654,16930
"(0.9714285714285714, 0.9785714285714284)",3,97.21428571428572,16933
"(0.9291666666666668, 0.9791666666666666)",1,97.2125,16934
"(0.8625, 0.9833333333333332)",1,97.21249999999998,16935
"(0.9291666666666668, 0.9875)",1,97.21249999999992,16936
"(0.875, 0.9916666666666668)",1,97.21249999999992,16937
"(0.925, 0.975)",1,97.21249999999992,16938
"(0.925, 0.9916666666666668)",2,97.21249999999988,16940
"(0.925, 0.9875)",1,97.21249999999988,16941
"(0.9291666666666668, 0.9875)",1,97.21249999999984,16942
"(0.8255813953488372, 0.9883720930232558)",1,97.20930232558152,16943
"(0.7790697674418605, 0.9767441860465116)",1,97.2093023255815,16944
"(0.9302325581395348, 0.9883720930232558)",1,97.20930232558148,16945
"(0.9418604651162792, 0.9883720930232558)",1,97.20930232558148,16946
"(0.6162790697674418, 0.9883720930232558)",1,97.20930232558146,16947
"(0.8255813953488372, 1.0)",1,97.20930232558142,16948
"(0.9186046511627908, 0.9767441860465116)",1,97.20930232558142,16949
"(0.5930232558139535, 1.0)",1,97.2093023255814,16950
"(0.8255813953488372, 0.9767441860465116)",1,97.20930232558136,16951
"(0.7790697674418605, 0.9767441860465116)",1,97.2093023255813,16952
"(0.5416666666666666, 0.9861111111111112)",1,97.20833333333354,16953
"(0.7916666666666666, 0.9861111111111112)",1,97.20833333333354,16954
"(0.9027777777777778, 0.9861111111111112)",1,97.20833333333354,16955
"(0.9722222222222222, 0.9861111111111112)",1,97.20833333333351,16956
"(0.8333333333333334, 0.9722222222222222)",1,97.20833333333351,16957
"(0.7361111111111112, 0.9861111111111112)",1,97.20833333333351,16958
"(0.875, 0.9861111111111112)",1,97.20833333333351,16959
"(0.9305555555555556, 0.9861111111111112)",1,97.20833333333351,16960
"(0.5416666666666666, 0.9861111111111112)",1,97.20833333333351,16961
"(0.75, 0.9861111111111112)",1,97.20833333333351,16962
"(0.9305555555555556, 0.9722222222222222)",1,97.20833333333351,16963
"(0.7083333333333334, 0.9861111111111112)",1,97.20833333333351,16964
"(0.7638888888888888, 0.9861111111111112)",1,97.2083333333335,16965
"(0.7638888888888888, 0.9861111111111112)",1,97.20833333333348,16966
"(0.8333333333333334, 0.9861111111111112)",1,97.20833333333344,16967
"(0.8611111111111112, 0.9861111111111112)",1,97.2083333333334,16968
"(0.7638888888888888, 1.0)",1,97.2083333333334,16969
"(0.8125, 0.975)",1,97.20833333333336,16970
"(0.8611111111111112, 1.0)",1,97.20833333333336,16971
"(0.7777777777777778, 1.0)",1,97.20833333333336,16972
"(0.8611111111111112, 1.0)",2,97.20833333333336,16974
"(0.9444444444444444, 1.0)",1,97.20833333333336,16975
"(0.9305555555555556, 1.0)",1,97.20833333333334,16976
"(0.8791666666666667, 0.975)",2,97.20833333333331,16978
"(0.9875, 0.9791666666666666)",1,97.20833333333331,16979
"(0.8472222222222222, 1.0)",2,97.20833333333331,16981
"(0.8958333333333334, 0.9666666666666668)",1,97.20833333333329,16982
"(0.9791666666666666, 0.9916666666666668)",1,97.2083333333332,16983
"(0.8964285714285715, 0.9678571428571427)",3,97.20714285714284,16986
"(0.9285714285714286, 0.9678571428571427)",1,97.2071428571428,16987
"(0.95, 0.9785714285714284)",2,97.20714285714278,16989
"(0.9416666666666668, 0.9833333333333332)",1,97.2041666666667,16990
"(0.9291666666666668, 0.9875)",1,97.20416666666662,16991
"(0.8833333333333333, 0.975)",1,97.2041666666666,16992
"(0.925, 0.9625)",1,97.20416666666657,16993
"(0.9875, 0.8583333333333333)",1,97.20416666666657,16994
"(0.9142857142857144, 0.9785714285714284)",3,97.20357142857142,16997
"(0.9333333333333332, 1.0)",1,97.2000000000001,16998
"(0.9333333333333332, 0.9833333333333332)",2,97.20000000000007,17000
"(0.9666666666666668, 0.9833333333333332)",1,97.20000000000007,17001
"(0.95, 0.9833333333333332)",3,97.20000000000007,17004
"(0.8333333333333334, 1.0)",1,97.20000000000006,17005
"(1.0, 1.0)",1,97.20000000000005,17006
"(0.8, 1.0)",1,97.20000000000005,17007
"(0.9166666666666666, 1.0)",2,97.20000000000005,17009
"(0.9791666666666666, 0.925)",1,97.20000000000005,17010
"(0.8333333333333334, 1.0)",1,97.20000000000005,17011
"(0.9333333333333332, 1.0)",1,97.20000000000002,17012
"(0.7166666666666667, 1.0)",1,97.2,17013
"(0.9666666666666668, 1.0)",2,97.2,17015
"(0.9833333333333332, 1.0)",2,97.2,17017
"(0.95, 1.0)",2,97.2,17019
"(0.9375, 0.9791666666666666)",1,97.2,17020
"(0.9833333333333332, 1.0)",2,97.2,17022
"(0.7833333333333333, 1.0)",1,97.2,17023
"(0.9, 1.0)",2,97.2,17025
"(0.95, 0.9708333333333332)",1,97.19999999999996,17026
"(0.9392857142857144, 0.9714285714285714)",1,97.19999999999992,17027
"(0.9375, 0.9958333333333332)",1,97.1999999999999,17028
"(0.9333333333333332, 0.9916666666666668)",1,97.19999999999982,17029
"(0.8488372093023255, 0.9767441860465116)",1,97.1976744186048,17030
"(0.8837209302325582, 0.9883720930232558)",1,97.19767441860472,17031
"(0.9186046511627908, 0.9767441860465116)",2,97.19767441860472,17033
"(0.8837209302325582, 0.9767441860465116)",1,97.19767441860472,17034
"(0.7790697674418605, 0.9767441860465116)",1,97.19767441860472,17035
"(0.9651162790697676, 0.9767441860465116)",1,97.19767441860468,17036
"(0.7790697674418605, 0.9767441860465116)",1,97.19767441860468,17037
"(0.3372093023255814, 1.0)",1,97.19767441860468,17038
"(0.7790697674418605, 0.9767441860465116)",1,97.1976744186046,17039
"(0.925, 0.9833333333333332)",1,97.19583333333335,17040
"(0.95, 0.9916666666666668)",1,97.19583333333333,17041
"(0.9, 0.9916666666666668)",1,97.19583333333333,17042
"(0.9125, 0.975)",1,97.19583333333333,17043
"(0.95, 0.9833333333333332)",1,97.19583333333333,17044
"(0.8791666666666667, 0.9833333333333332)",1,97.1958333333333,17045
"(0.8055555555555556, 0.9861111111111112)",1,97.19444444444464,17046
"(0.9166666666666666, 0.9722222222222222)",1,97.19444444444464,17047
"(0.8333333333333334, 0.9861111111111112)",1,97.19444444444464,17048
"(0.8194444444444444, 0.9861111111111112)",1,97.19444444444464,17049
"(0.7638888888888888, 0.9861111111111112)",1,97.19444444444464,17050
"(0.8888888888888888, 0.9722222222222222)",1,97.19444444444464,17051
"(0.8472222222222222, 0.9861111111111112)",1,97.1944444444446,17052
"(0.9444444444444444, 0.9861111111111112)",1,97.1944444444446,17053
"(0.9166666666666666, 0.9861111111111112)",1,97.1944444444446,17054
"(0.8472222222222222, 0.9861111111111112)",1,97.1944444444446,17055
"(0.9444444444444444, 0.9722222222222222)",1,97.1944444444446,17056
"(0.7638888888888888, 0.9861111111111112)",1,97.1944444444446,17057
"(0.9305555555555556, 0.9861111111111112)",2,97.1944444444446,17059
"(0.8333333333333334, 1.0)",1,97.19444444444456,17060
"(0.7777777777777778, 1.0)",1,97.19444444444456,17061
"(0.75, 1.0)",1,97.19444444444454,17062
"(0.6944444444444444, 1.0)",1,97.19444444444451,17063
"(0.8888888888888888, 0.9722222222222222)",1,97.19444444444451,17064
"(0.7638888888888888, 0.9861111111111112)",1,97.19444444444451,17065
"(0.75, 0.9861111111111112)",1,97.1944444444445,17066
"(0.9305555555555556, 1.0)",1,97.19444444444449,17067
"(0.8055555555555556, 1.0)",1,97.19444444444449,17068
"(0.9166666666666666, 1.0)",4,97.19444444444449,17072
"(0.8888888888888888, 1.0)",1,97.19444444444449,17073
"(0.9473684210526316, 0.9912280701754386)",1,97.19298245614031,17074
"(0.9428571428571428, 0.9714285714285714)",3,97.19285714285714,17077
"(0.925, 0.975)",1,97.19285714285712,17078
"(0.9125, 0.975)",1,97.19166666666668,17079
"(0.9166666666666666, 0.975)",1,97.19166666666666,17080
"(0.9583333333333334, 0.9833333333333332)",1,97.19166666666663,17081
"(0.9291666666666668, 0.9916666666666668)",1,97.19166666666662,17082
"(0.975, 1.0)",2,97.1916666666666,17084
"(0.9666666666666668, 0.975)",1,97.19166666666656,17085
"(0.925, 0.975)",3,97.18928571428565,17088
"(0.95, 0.9678571428571427)",1,97.18928571428565,17089
"(0.8125, 0.9833333333333332)",1,97.1875,17090
"(0.95, 0.9958333333333332)",1,97.18749999999996,17091
"(0.875, 0.9791666666666666)",1,97.18749999999991,17092
"(0.9375, 0.9958333333333332)",2,97.18749999999991,17094
"(0.9916666666666668, 0.9916666666666668)",1,97.18749999999991,17095
"(0.9708333333333332, 0.9875)",1,97.18749999999989,17096
"(0.7790697674418605, 0.9767441860465116)",1,97.18604651162804,17097
"(0.9651162790697676, 0.9767441860465116)",1,97.18604651162802,17098
"(0.813953488372093, 0.9883720930232558)",1,97.186046511628,17099
"(0.813953488372093, 0.9883720930232558)",1,97.18604651162798,17100
"(0.4534883720930232, 1.0)",1,97.18604651162796,17101
"(0.8837209302325582, 0.9651162790697676)",1,97.1860465116279,17102
"(0.9385964912280702, 0.9780701754385964)",1,97.18421052631598,17103
"(0.9333333333333332, 0.9833333333333332)",1,97.1833333333334,17104
"(0.95, 0.9833333333333332)",2,97.1833333333334,17106
"(0.8833333333333333, 1.0)",1,97.18333333333338,17107
"(0.925, 0.9791666666666666)",1,97.18333333333338,17108
"(0.85, 1.0)",2,97.18333333333337,17110
"(0.6666666666666666, 1.0)",1,97.18333333333337,17111
"(0.8, 1.0)",1,97.18333333333334,17112
"(0.7, 1.0)",2,97.18333333333334,17114
"(0.8833333333333333, 1.0)",1,97.18333333333334,17115
"(0.9166666666666666, 1.0)",1,97.18333333333334,17116
"(0.8333333333333334, 1.0)",1,97.18333333333334,17117
"(0.9666666666666668, 1.0)",1,97.18333333333334,17118
"(0.9833333333333332, 1.0)",2,97.18333333333334,17120
"(1.0, 1.0)",2,97.18333333333334,17122
"(0.8541666666666666, 0.9875)",1,97.18333333333328,17123
"(0.9, 0.9833333333333332)",2,97.18333333333328,17125
"(0.9125, 0.9875)",1,97.18333333333318,17126
"(0.6944444444444444, 0.9861111111111112)",1,97.18055555555576,17127
"(0.9444444444444444, 0.9861111111111112)",1,97.18055555555576,17128
"(0.8333333333333334, 0.9861111111111112)",2,97.18055555555576,17130
"(0.8333333333333334, 0.9861111111111112)",1,97.18055555555576,17131
"(0.9305555555555556, 0.9861111111111112)",1,97.18055555555576,17132
"(0.9166666666666666, 0.9861111111111112)",1,97.18055555555574,17133
"(0.7361111111111112, 0.9861111111111112)",1,97.18055555555574,17134
"(0.7222222222222222, 0.9583333333333334)",1,97.18055555555574,17135
"(0.875, 0.9722222222222222)",1,97.18055555555574,17136
"(0.9444444444444444, 0.9861111111111112)",1,97.18055555555574,17137
"(0.875, 0.9861111111111112)",1,97.18055555555571,17138
"(0.7222222222222222, 0.9861111111111112)",1,97.1805555555557,17139
"(0.8611111111111112, 0.9861111111111112)",1,97.18055555555566,17140
"(0.9444444444444444, 0.9861111111111112)",1,97.18055555555566,17141
"(0.8472222222222222, 1.0)",1,97.18055555555564,17142
"(0.8055555555555556, 1.0)",1,97.1805555555556,17143
"(0.875, 1.0)",1,97.1805555555556,17144
"(0.8333333333333334, 0.9861111111111112)",2,97.1805555555556,17146
"(0.9305555555555556, 1.0)",1,97.18055555555556,17147
"(0.8055555555555556, 1.0)",1,97.18055555555556,17148
"(0.8333333333333334, 1.0)",1,97.18055555555556,17149
"(0.9444444444444444, 1.0)",1,97.18055555555556,17150
"(0.9083333333333332, 0.975)",1,97.17916666666665,17151
"(0.9833333333333332, 0.9875)",1,97.1791666666666,17152
"(0.9392857142857144, 0.975)",3,97.1785714285714,17155
"(0.9083333333333332, 0.9791666666666666)",1,97.175,17156
"(0.9125, 0.9583333333333334)",1,97.17499999999995,17157
"(0.8625, 0.9916666666666668)",1,97.17499999999993,17158
"(0.95, 0.9958333333333332)",1,97.17499999999988,17159
"(0.8255813953488372, 0.9767441860465116)",1,97.17441860465134,17160
"(0.7674418604651163, 0.9883720930232558)",1,97.17441860465128,17161
"(0.8837209302325582, 0.9651162790697676)",2,97.17441860465124,17163
"(0.8023255813953488, 0.9883720930232558)",2,97.17441860465124,17165
"(0.8372093023255814, 0.9651162790697676)",1,97.17441860465124,17166
"(0.9767441860465116, 0.9651162790697676)",1,97.17441860465124,17167
"(0.8953488372093024, 0.9767441860465116)",1,97.1744186046512,17168
"(0.8255813953488372, 0.9883720930232558)",1,97.1744186046512,17169
"(0.7906976744186046, 0.9651162790697676)",2,97.17441860465112,17171
"(0.9302325581395348, 0.9767441860465116)",1,97.17441860465108,17172
"(0.9392857142857144, 0.9642857142857144)",3,97.17142857142852,17175
"(0.8571428571428571, 0.9785714285714284)",1,97.17142857142848,17176
"(0.9083333333333332, 0.9666666666666668)",1,97.17083333333336,17177
"(0.8875, 0.975)",1,97.17083333333332,17178
"(0.8958333333333334, 0.9666666666666668)",1,97.17083333333332,17179
"(0.9625, 0.975)",1,97.17083333333328,17180
"(0.9125, 0.9708333333333332)",1,97.17083333333328,17181
"(0.9458333333333332, 0.9708333333333332)",2,97.17083333333328,17183
"(0.9291666666666668, 0.9666666666666668)",1,97.17083333333326,17184
"(0.9375, 0.9625)",2,97.1708333333332,17186
"(0.925, 0.975)",3,97.16785714285712,17189
"(0.9607142857142856, 0.9785714285714284)",2,97.1678571428571,17191
"(0.9392857142857144, 0.9785714285714284)",1,97.16785714285707,17192
"(0.8611111111111112, 0.9861111111111112)",1,97.16666666666688,17193
"(0.875, 0.9861111111111112)",1,97.16666666666688,17194
"(0.7361111111111112, 0.9861111111111112)",1,97.16666666666686,17195
"(0.7083333333333334, 0.9861111111111112)",1,97.16666666666686,17196
"(0.9305555555555556, 0.9861111111111112)",1,97.16666666666686,17197
"(0.7638888888888888, 0.9861111111111112)",1,97.16666666666684,17198
"(0.8194444444444444, 0.9861111111111112)",2,97.16666666666684,17200
"(0.7083333333333334, 1.0)",1,97.1666666666668,17201
"(0.8888888888888888, 1.0)",1,97.1666666666668,17202
"(0.7222222222222222, 0.9722222222222222)",1,97.1666666666668,17203
"(0.7916666666666666, 1.0)",1,97.16666666666676,17204
"(0.8833333333333333, 1.0)",1,97.16666666666676,17205
"(0.9833333333333332, 0.9833333333333332)",1,97.16666666666676,17206
"(0.9333333333333332, 1.0)",1,97.16666666666676,17207
"(0.8666666666666667, 1.0)",1,97.16666666666676,17208
"(0.9305555555555556, 0.9722222222222222)",1,97.16666666666676,17209
"(0.95, 0.9833333333333332)",2,97.16666666666676,17211
"(0.8472222222222222, 1.0)",1,97.16666666666674,17212
"(0.9666666666666668, 0.9833333333333332)",1,97.16666666666674,17213
"(0.9027777777777778, 0.9861111111111112)",1,97.16666666666671,17214
"(0.9333333333333332, 0.9833333333333332)",1,97.16666666666671,17215
"(0.9583333333333334, 0.9833333333333332)",1,97.16666666666671,17216
"(0.9, 0.9833333333333332)",1,97.16666666666671,17217
"(0.85, 1.0)",1,97.16666666666671,17218
"(0.9166666666666666, 1.0)",2,97.16666666666671,17220
"(0.8333333333333334, 1.0)",1,97.16666666666671,17221
"(0.8194444444444444, 1.0)",1,97.16666666666671,17222
"(0.7166666666666667, 1.0)",1,97.16666666666671,17223
"(0.7666666666666667, 1.0)",1,97.16666666666671,17224
"(0.9333333333333332, 0.9791666666666666)",1,97.1666666666667,17225
"(0.85, 1.0)",1,97.16666666666669,17226
"(0.85, 1.0)",1,97.16666666666669,17227
"(0.9444444444444444, 0.9722222222222222)",1,97.16666666666669,17228
"(0.8666666666666667, 1.0)",1,97.16666666666669,17229
"(0.9833333333333332, 1.0)",2,97.16666666666669,17231
"(0.6833333333333333, 1.0)",2,97.16666666666669,17233
"(0.8833333333333333, 1.0)",1,97.16666666666669,17234
"(0.8166666666666667, 1.0)",1,97.16666666666666,17235
"(0.9666666666666668, 1.0)",3,97.16666666666666,17238
"(0.95, 1.0)",2,97.16666666666666,17240
"(1.0, 1.0)",1,97.16666666666666,17241
"(0.8611111111111112, 1.0)",1,97.16666666666666,17242
"(0.9291666666666668, 0.9833333333333332)",1,97.16666666666664,17243
"(0.9708333333333332, 0.9875)",1,97.16666666666654,17244
"(0.9107142857142856, 0.9821428571428572)",1,97.16428571428564,17245
"(0.8023255813953488, 0.9767441860465116)",1,97.16279069767458,17246
"(0.9418604651162792, 0.9767441860465116)",1,97.16279069767452,17247
"(0.7209302325581395, 0.9883720930232558)",2,97.16279069767448,17249
"(0.9418604651162792, 0.9651162790697676)",1,97.16279069767448,17250
"(0.8255813953488372, 0.9883720930232558)",1,97.16279069767448,17251
"(0.9186046511627908, 0.9651162790697676)",2,97.16279069767448,17253
"(0.7790697674418605, 0.9651162790697676)",1,97.16279069767444,17254
"(0.9125, 0.9833333333333332)",1,97.1625,17255
"(0.9083333333333332, 0.9916666666666668)",1,97.1625,17256
"(0.8958333333333334, 0.9666666666666668)",1,97.16249999999998,17257
"(0.9083333333333332, 0.975)",1,97.16249999999997,17258
"(0.9642857142857144, 0.9714285714285714)",1,97.1607142857143,17259
"(0.9214285714285714, 0.9785714285714284)",1,97.1607142857142,17260
"(0.9333333333333332, 0.9833333333333332)",1,97.15833333333336,17261
"(0.9791666666666666, 0.9916666666666668)",1,97.1583333333333,17262
"(0.9375, 0.9708333333333332)",1,97.15833333333327,17263
"(0.975, 0.9916666666666668)",1,97.15833333333325,17264
"(0.9708333333333332, 0.9916666666666668)",1,97.1583333333332,17265
"(0.9208333333333332, 0.9958333333333332)",2,97.1583333333332,17267
"(0.7763157894736842, 0.9912280701754386)",4,97.15789473684208,17271
"(0.9321428571428572, 0.9785714285714284)",3,97.15714285714286,17274
"(0.8125, 0.9791666666666666)",2,97.15416666666668,17276
"(0.9375, 0.9833333333333332)",2,97.15416666666668,17278
"(0.975, 0.9875)",1,97.15416666666664,17279
"(0.875, 0.9916666666666668)",1,97.15416666666655,17280
"(0.925, 0.9916666666666668)",1,97.15416666666644,17281
"(0.8705882352941177, 0.9882352941176472)",1,97.1529411764704,17282
"(0.9027777777777778, 0.9861111111111112)",1,97.15277777777798,17283
"(0.5416666666666666, 0.9861111111111112)",2,97.15277777777798,17285
"(0.8888888888888888, 0.9861111111111112)",1,97.15277777777798,17286
"(0.5555555555555556, 0.9861111111111112)",1,97.15277777777796,17287
"(0.9166666666666666, 0.9861111111111112)",1,97.15277777777796,17288
"(0.8611111111111112, 0.9861111111111112)",1,97.15277777777796,17289
"(0.9444444444444444, 0.9722222222222222)",1,97.15277777777796,17290
"(0.9027777777777778, 0.9722222222222222)",1,97.15277777777796,17291
"(0.8472222222222222, 1.0)",1,97.15277777777794,17292
"(0.875, 0.9861111111111112)",1,97.15277777777791,17293
"(0.8611111111111112, 0.9722222222222222)",1,97.15277777777791,17294
"(0.8888888888888888, 0.9722222222222222)",1,97.15277777777791,17295
"(0.875, 0.9861111111111112)",1,97.15277777777791,17296
"(0.7638888888888888, 0.9861111111111112)",2,97.1527777777779,17298
"(0.8333333333333334, 0.9861111111111112)",1,97.15277777777789,17299
"(0.875, 1.0)",1,97.15277777777786,17300
"(0.9305555555555556, 1.0)",1,97.15277777777784,17301
"(0.8333333333333334, 1.0)",1,97.1527777777778,17302
"(0.9027777777777778, 1.0)",1,97.1527777777778,17303
"(0.9305555555555556, 1.0)",1,97.1527777777778,17304
"(0.7558139534883721, 0.9767441860465116)",1,97.15116279069788,17305
"(0.8953488372093024, 0.9767441860465116)",2,97.15116279069784,17307
"(0.8023255813953488, 0.9767441860465116)",1,97.15116279069784,17308
"(0.7790697674418605, 0.9767441860465116)",1,97.15116279069782,17309
"(0.8023255813953488, 0.9767441860465116)",1,97.1511627906978,17310
"(0.8255813953488372, 0.9767441860465116)",1,97.15116279069775,17311
"(0.7906976744186046, 0.9767441860465116)",1,97.15116279069774,17312
"(0.7209302325581395, 0.9883720930232558)",2,97.15116279069774,17314
"(0.7790697674418605, 0.9767441860465116)",1,97.1511627906977,17315
"(0.7674418604651163, 0.9651162790697676)",1,97.1511627906977,17316
"(0.8372093023255814, 0.9651162790697676)",1,97.15116279069764,17317
"(0.9, 0.9833333333333332)",1,97.15000000000008,17318
"(0.9333333333333332, 1.0)",1,97.15000000000008,17319
"(0.95, 0.9833333333333332)",1,97.15000000000008,17320
"(0.9666666666666668, 0.9833333333333332)",1,97.15000000000006,17321
"(0.95, 0.9833333333333332)",2,97.15000000000006,17323
"(0.9166666666666666, 1.0)",1,97.15000000000006,17324
"(0.6833333333333333, 1.0)",1,97.15000000000003,17325
"(0.8666666666666667, 1.0)",1,97.15000000000003,17326
"(0.9166666666666666, 1.0)",1,97.15000000000003,17327
"(0.8333333333333334, 1.0)",1,97.15000000000003,17328
"(0.95, 1.0)",1,97.15000000000003,17329
"(0.9666666666666668, 1.0)",1,97.15000000000002,17330
"(0.75, 1.0)",1,97.15000000000002,17331
"(0.8666666666666667, 0.9833333333333332)",1,97.15000000000002,17332
"(0.9333333333333332, 1.0)",1,97.15000000000002,17333
"(0.9428571428571428, 0.975)",2,97.15,17335
"(1.0, 1.0)",2,97.15,17337
"(0.975, 0.9916666666666668)",1,97.15,17338
"(0.8833333333333333, 1.0)",1,97.15,17339
"(0.7333333333333333, 1.0)",2,97.15,17341
"(0.85, 1.0)",1,97.15,17342
"(0.9666666666666668, 1.0)",1,97.15,17343
"(0.9666666666666668, 0.9833333333333332)",1,97.15,17344
"(0.925, 0.9916666666666668)",1,97.14999999999978,17345
"(0.95, 0.9666666666666668)",1,97.14583333333331,17346
"(0.9041666666666668, 0.975)",1,97.14583333333329,17347
"(0.925, 0.9708333333333332)",2,97.14583333333329,17349
"(0.9, 0.9916666666666668)",2,97.14583333333324,17351
"(0.9107142857142856, 0.9714285714285714)",3,97.14285714285712,17354
"(0.925, 0.9625)",1,97.14166666666664,17355
"(0.9708333333333332, 0.9916666666666668)",1,97.1416666666666,17356
"(0.9625, 0.9875)",1,97.1416666666666,17357
"(0.9666666666666668, 0.9583333333333334)",1,97.14166666666657,17358
"(0.8488372093023255, 0.9767441860465116)",1,97.1395348837211,17359
"(0.8255813953488372, 0.9883720930232558)",1,97.13953488372104,17360
"(0.7790697674418605, 0.9767441860465116)",1,97.13953488372104,17361
"(0.9651162790697676, 0.9767441860465116)",1,97.13953488372104,17362
"(0.7674418604651163, 0.9767441860465116)",1,97.13953488372104,17363
"(0.8255813953488372, 0.9767441860465116)",1,97.13953488372104,17364
"(0.9302325581395348, 0.9767441860465116)",1,97.13953488372098,17365
"(0.7906976744186046, 1.0)",1,97.13953488372098,17366
"(0.627906976744186, 1.0)",1,97.13953488372096,17367
"(0.7790697674418605, 0.9767441860465116)",1,97.13953488372094,17368
"(0.7790697674418605, 0.9651162790697676)",2,97.13953488372093,17370
"(0.7906976744186046, 0.9767441860465116)",1,97.13953488372093,17371
"(0.8372093023255814, 0.9651162790697676)",1,97.13953488372088,17372
"(0.9534883720930232, 0.9767441860465116)",1,97.13953488372086,17373
"(0.5416666666666666, 0.9861111111111112)",1,97.1388888888891,17374
"(0.8333333333333334, 0.9861111111111112)",1,97.1388888888891,17375
"(0.9583333333333334, 1.0)",1,97.13888888888908,17376
"(0.7361111111111112, 0.9861111111111112)",2,97.13888888888908,17378
"(0.8611111111111112, 0.9861111111111112)",1,97.13888888888908,17379
"(0.9027777777777778, 0.9861111111111112)",1,97.13888888888908,17380
"(0.8333333333333334, 0.9861111111111112)",1,97.13888888888908,17381
"(0.8194444444444444, 0.9861111111111112)",1,97.13888888888906,17382
"(0.9305555555555556, 0.9722222222222222)",1,97.13888888888906,17383
"(0.9027777777777778, 0.9722222222222222)",1,97.13888888888906,17384
"(0.9027777777777778, 0.9861111111111112)",1,97.13888888888906,17385
"(0.9305555555555556, 0.9861111111111112)",1,97.138888888889,17386
"(0.9027777777777778, 0.9861111111111112)",2,97.138888888889,17388
"(0.7777777777777778, 1.0)",1,97.13888888888896,17389
"(0.8333333333333334, 1.0)",1,97.13888888888894,17390
"(0.9027777777777778, 1.0)",4,97.13888888888891,17394
"(0.7361111111111112, 1.0)",1,97.13888888888891,17395
"(0.7916666666666666, 1.0)",1,97.13888888888891,17396
"(0.7916666666666666, 1.0)",1,97.1388888888889,17397
"(0.6111111111111112, 1.0)",1,97.13888888888889,17398
"(0.8055555555555556, 1.0)",1,97.13888888888889,17399
"(0.7916666666666666, 1.0)",4,97.13888888888889,17403
"(0.9291666666666668, 0.9916666666666668)",1,97.13749999999987,17404
"(0.9107142857142856, 0.975)",3,97.13571428571431,17407
"(0.8964285714285715, 0.975)",1,97.13571428571424,17408
"(0.95, 0.9833333333333332)",1,97.1333333333334,17409
"(1.0, 0.9833333333333332)",1,97.1333333333334,17410
"(0.9833333333333332, 0.9833333333333332)",1,97.1333333333334,17411
"(0.8666666666666667, 0.9833333333333332)",2,97.1333333333334,17413
"(0.9666666666666668, 0.9833333333333332)",1,97.1333333333334,17414
"(0.9, 1.0)",1,97.13333333333338,17415
"(0.8333333333333334, 1.0)",1,97.13333333333335,17416
"(0.8833333333333333, 1.0)",1,97.13333333333335,17417
"(0.75, 1.0)",1,97.13333333333335,17418
"(0.9833333333333332, 1.0)",1,97.13333333333335,17419
"(1.0, 1.0)",1,97.13333333333333,17420
"(0.9833333333333332, 1.0)",3,97.13333333333333,17423
"(0.9666666666666668, 0.975)",1,97.13333333333333,17424
"(0.8833333333333333, 1.0)",1,97.13333333333333,17425
"(0.9208333333333332, 0.9875)",2,97.13333333333333,17427
"(0.925, 0.9916666666666668)",1,97.13333333333316,17428
"(0.9714285714285714, 0.9714285714285714)",3,97.13214285714284,17431
"(0.9714285714285714, 0.9714285714285714)",1,97.13214285714284,17432
"(0.8875, 0.9833333333333332)",1,97.12916666666666,17433
"(0.9041666666666668, 0.975)",1,97.12916666666666,17434
"(0.9166666666666666, 0.9666666666666668)",2,97.12916666666658,17436
"(0.925, 0.9714285714285714)",1,97.12857142857143,17437
"(0.9607142857142856, 0.9678571428571427)",1,97.1285714285714,17438
"(0.925, 0.9785714285714284)",1,97.12857142857132,17439
"(0.8837209302325582, 0.9883720930232558)",1,97.12790697674436,17440
"(0.8255813953488372, 0.9767441860465116)",1,97.12790697674428,17441
"(0.6162790697674418, 0.9883720930232558)",1,97.12790697674426,17442
"(0.7325581395348837, 1.0)",1,97.1279069767442,17443
"(0.7906976744186046, 0.9767441860465116)",2,97.12790697674416,17445
"(0.8888888888888888, 0.9861111111111112)",1,97.12500000000024,17446
"(0.9166666666666666, 0.9861111111111112)",2,97.1250000000002,17448
"(0.8194444444444444, 0.9861111111111112)",1,97.1250000000002,17449
"(0.8194444444444444, 0.9722222222222222)",1,97.1250000000002,17450
"(0.7916666666666666, 0.9861111111111112)",2,97.1250000000002,17452
"(0.8888888888888888, 0.9861111111111112)",2,97.1250000000002,17454
"(0.8333333333333334, 0.9861111111111112)",1,97.12500000000018,17455
"(0.9166666666666666, 0.9861111111111112)",1,97.12500000000018,17456
"(0.9027777777777778, 0.9722222222222222)",1,97.12500000000018,17457
"(0.8472222222222222, 0.9722222222222222)",2,97.12500000000018,17459
"(0.8472222222222222, 0.9861111111111112)",1,97.12500000000018,17460
"(0.7222222222222222, 0.9722222222222222)",1,97.12500000000016,17461
"(0.7777777777777778, 1.0)",2,97.12500000000016,17463
"(0.8888888888888888, 0.9861111111111112)",1,97.12500000000016,17464
"(0.7638888888888888, 0.9722222222222222)",1,97.12500000000016,17465
"(0.8472222222222222, 0.9722222222222222)",1,97.12500000000011,17466
"(0.7083333333333334, 1.0)",1,97.12500000000011,17467
"(0.8472222222222222, 1.0)",1,97.12500000000009,17468
"(0.7083333333333334, 1.0)",2,97.12500000000004,17470
"(0.8333333333333334, 1.0)",1,97.12500000000004,17471
"(0.9208333333333332, 0.9833333333333332)",2,97.12500000000004,17473
"(0.9791666666666666, 0.975)",1,97.12500000000004,17474
"(0.8791666666666667, 0.9666666666666668)",1,97.125,17475
"(0.925, 0.9714285714285714)",2,97.125,17477
"(0.75, 1.0)",1,97.125,17478
"(0.9607142857142856, 0.9678571428571427)",1,97.125,17479
"(0.8541666666666666, 0.9791666666666666)",1,97.125,17480
"(0.8055555555555556, 1.0)",1,97.125,17481
"(0.8194444444444444, 1.0)",1,97.125,17482
"(0.9166666666666666, 0.9833333333333332)",1,97.12499999999996,17483
"(0.9083333333333332, 0.9916666666666668)",1,97.1249999999999,17484
"(0.9607142857142856, 0.9714285714285714)",1,97.12142857142852,17485
"(0.9833333333333332, 0.85)",1,97.12083333333332,17486
"(0.9958333333333332, 0.9791666666666666)",1,97.12083333333328,17487
"(0.875, 0.9875)",1,97.12083333333324,17488
"(0.9416666666666668, 0.9833333333333332)",2,97.1208333333332,17490
"(0.8771929824561403, 0.9780701754385964)",1,97.11842105263166,17491
"(0.9642857142857144, 0.9714285714285714)",3,97.11785714285716,17494
"(0.9607142857142856, 0.9714285714285714)",1,97.11785714285706,17495
"(0.9607142857142856, 0.975)",1,97.11785714285703,17496
"(0.9, 1.0)",1,97.11666666666676,17497
"(0.9166666666666666, 1.0)",1,97.11666666666672,17498
"(0.9833333333333332, 0.9833333333333332)",2,97.11666666666672,17500
"(0.9, 0.9833333333333332)",1,97.11666666666672,17501
"(0.9208333333333332, 0.9833333333333332)",1,97.11666666666672,17502
"(0.9166666666666666, 0.9791666666666666)",1,97.1166666666667,17503
"(1.0, 1.0)",1,97.11666666666667,17504
"(0.9875, 0.9666666666666668)",1,97.11666666666667,17505
"(0.8666666666666667, 1.0)",1,97.11666666666667,17506
"(0.8833333333333333, 1.0)",1,97.11666666666667,17507
"(0.9833333333333332, 1.0)",1,97.11666666666667,17508
"(0.9541666666666668, 0.9833333333333332)",1,97.11666666666667,17509
"(0.9125, 0.9666666666666668)",1,97.11666666666667,17510
"(0.95, 1.0)",1,97.11666666666667,17511
"(0.8166666666666667, 1.0)",2,97.11666666666667,17513
"(0.9333333333333332, 1.0)",2,97.11666666666667,17515
"(0.9666666666666668, 1.0)",2,97.11666666666667,17517
"(0.9375, 0.9916666666666668)",2,97.11666666666666,17519
"(1.0, 1.0)",1,97.11666666666666,17520
"(0.9375, 0.9875)",1,97.11666666666665,17521
"(0.9125, 0.975)",1,97.11666666666665,17522
"(0.8023255813953488, 0.9883720930232558)",1,97.11627906976756,17523
"(0.7674418604651163, 0.9883720930232558)",1,97.11627906976754,17524
"(0.7674418604651163, 0.9651162790697676)",1,97.11627906976751,17525
"(0.4651162790697674, 1.0)",1,97.11627906976749,17526
"(0.3372093023255814, 1.0)",1,97.11627906976746,17527
"(0.8837209302325582, 0.9651162790697676)",1,97.11627906976736,17528
"(0.8964285714285715, 0.9785714285714284)",3,97.11428571428571,17531
"(0.9428571428571428, 0.9678571428571427)",3,97.11428571428564,17534
"(0.9375, 0.975)",1,97.1125,17535
"(0.9291666666666668, 0.9833333333333332)",1,97.11249999999994,17536
"(0.9375, 0.975)",1,97.11249999999994,17537
"(0.9625, 0.9833333333333332)",1,97.11249999999993,17538
"(0.9125, 0.9833333333333332)",2,97.1124999999999,17540
"(0.8958333333333334, 0.9916666666666668)",1,97.11249999999988,17541
"(0.8611111111111112, 0.9861111111111112)",4,97.11111111111131,17545
"(0.9305555555555556, 0.9861111111111112)",1,97.11111111111131,17546
"(0.9166666666666666, 0.9722222222222222)",1,97.11111111111131,17547
"(0.8194444444444444, 0.9861111111111112)",1,97.11111111111131,17548
"(0.5833333333333334, 0.9861111111111112)",1,97.11111111111131,17549
"(0.7916666666666666, 0.9861111111111112)",1,97.1111111111113,17550
"(0.8333333333333334, 0.9861111111111112)",1,97.1111111111113,17551
"(0.9444444444444444, 0.9722222222222222)",1,97.1111111111113,17552
"(0.9027777777777778, 0.9861111111111112)",1,97.1111111111113,17553
"(0.875, 0.9861111111111112)",1,97.1111111111113,17554
"(0.8611111111111112, 0.9861111111111112)",1,97.11111111111128,17555
"(0.9722222222222222, 0.9861111111111112)",1,97.11111111111128,17556
"(0.8888888888888888, 0.9722222222222222)",1,97.11111111111126,17557
"(0.8194444444444444, 0.9861111111111112)",1,97.11111111111116,17558
"(0.8888888888888888, 1.0)",1,97.11111111111111,17559
"(0.7361111111111112, 1.0)",3,97.11111111111111,17562
"(0.9444444444444444, 1.0)",1,97.11111111111111,17563
"(0.9027777777777778, 1.0)",2,97.11111111111111,17565
"(0.8472222222222222, 1.0)",1,97.1111111111111,17566
"(0.9714285714285714, 0.975)",3,97.11071428571428,17569
"(0.9035714285714286, 0.9642857142857144)",1,97.1107142857142,17570
"(0.8125, 0.9875)",1,97.1083333333333,17571
"(0.9541666666666668, 0.9791666666666666)",1,97.1083333333333,17572
"(0.95, 0.9875)",1,97.10833333333328,17573
"(0.9541666666666668, 0.9791666666666666)",1,97.10833333333328,17574
"(0.9291666666666668, 0.9833333333333332)",1,97.10833333333328,17575
"(0.9125, 0.9583333333333334)",1,97.10833333333328,17576
"(0.9083333333333332, 0.9833333333333332)",1,97.10833333333326,17577
"(0.925, 0.9714285714285714)",3,97.10714285714282,17580
"(0.9642857142857144, 0.9678571428571427)",1,97.1071428571428,17581
"(0.95, 0.9714285714285714)",1,97.1071428571428,17582
"(0.925438596491228, 0.9912280701754386)",4,97.10526315789473,17586
"(0.7093023255813954, 0.9883720930232558)",1,97.10465116279089,17587
"(0.8488372093023255, 0.9767441860465116)",2,97.10465116279086,17589
"(0.8953488372093024, 0.9767441860465116)",1,97.1046511627908,17590
"(0.8488372093023255, 0.9883720930232558)",1,97.1046511627908,17591
"(0.7209302325581395, 0.9883720930232558)",1,97.1046511627908,17592
"(0.8953488372093024, 0.9883720930232558)",1,97.10465116279076,17593
"(0.813953488372093, 0.9883720930232558)",1,97.10465116279076,17594
"(0.627906976744186, 1.0)",1,97.10465116279072,17595
"(0.7906976744186046, 0.9651162790697676)",1,97.10465116279072,17596
"(0.9302325581395348, 0.9651162790697676)",1,97.10465116279067,17597
"(0.8604651162790697, 0.9651162790697676)",1,97.10465116279056,17598
"(0.9310810810810812, 0.9787162162162162)",1,97.10439189189196,17599
"(0.95, 0.9791666666666666)",1,97.10416666666676,17600
"(0.9208333333333332, 0.9833333333333332)",1,97.10416666666671,17601
"(0.8125, 0.9833333333333332)",1,97.10416666666664,17602
"(0.9166666666666666, 0.9791666666666666)",1,97.10416666666664,17603
"(0.9583333333333334, 0.975)",1,97.1041666666666,17604
"(0.8875, 0.9708333333333332)",1,97.1041666666666,17605
"(0.9078947368421052, 0.9912280701754386)",3,97.10087719298242,17608
"(1.0, 0.9833333333333332)",2,97.10000000000008,17610
"(0.8833333333333333, 1.0)",1,97.10000000000008,17611
"(0.9166666666666666, 0.9833333333333332)",1,97.10000000000008,17612
"(0.95, 0.9833333333333332)",1,97.10000000000008,17613
"(0.8333333333333334, 1.0)",1,97.10000000000008,17614
"(0.95, 0.9833333333333332)",2,97.10000000000008,17616
"(0.75, 1.0)",1,97.10000000000004,17617
"(0.9166666666666666, 1.0)",1,97.10000000000004,17618
"(0.9166666666666666, 1.0)",1,97.10000000000004,17619
"(0.85, 1.0)",1,97.10000000000002,17620
"(0.95, 1.0)",1,97.10000000000002,17621
"(0.9833333333333332, 0.9875)",1,97.1,17622
"(0.9666666666666668, 1.0)",1,97.1,17623
"(0.6833333333333333, 1.0)",1,97.1,17624
"(0.95, 1.0)",2,97.1,17626
"(0.8833333333333333, 1.0)",1,97.1,17627
"(0.9166666666666666, 1.0)",1,97.1,17628
"(0.9833333333333332, 0.9875)",1,97.09999999999997,17629
"(0.8958333333333334, 0.9875)",1,97.09999999999997,17630
"(0.9375, 0.9833333333333332)",1,97.09999999999997,17631
"(0.9666666666666668, 0.9916666666666668)",1,97.09999999999997,17632
"(0.9678571428571427, 0.975)",1,97.09999999999997,17633
"(0.9416666666666668, 0.975)",1,97.09999999999994,17634
"(0.9416666666666668, 0.9833333333333332)",2,97.09999999999994,17636
"(0.9142857142857144, 0.9785714285714284)",1,97.09999999999994,17637
"(0.9785714285714284, 0.975)",3,97.09999999999992,17640
"(0.9607142857142856, 0.9821428571428572)",6,97.09999999999988,17646
"(0.9833333333333332, 0.9916666666666668)",1,97.09999999999984,17647
"(0.8472222222222222, 0.9722222222222222)",1,97.09722222222244,17648
"(0.8194444444444444, 0.9722222222222222)",1,97.0972222222224,17649
"(0.5416666666666666, 0.9861111111111112)",1,97.0972222222224,17650
"(0.9166666666666666, 0.9861111111111112)",1,97.0972222222224,17651
"(0.8472222222222222, 0.9722222222222222)",1,97.09722222222238,17652
"(0.8611111111111112, 0.9861111111111112)",1,97.09722222222238,17653
"(0.875, 0.9861111111111112)",1,97.09722222222238,17654
"(0.75, 0.9861111111111112)",1,97.09722222222236,17655
"(0.9305555555555556, 0.9861111111111112)",1,97.09722222222236,17656
"(0.9305555555555556, 0.9722222222222222)",1,97.09722222222236,17657
"(0.9444444444444444, 0.9722222222222222)",1,97.09722222222236,17658
"(0.75, 0.9861111111111112)",1,97.09722222222236,17659
"(0.7916666666666666, 0.9861111111111112)",1,97.09722222222236,17660
"(0.8333333333333334, 0.9861111111111112)",1,97.09722222222236,17661
"(0.6944444444444444, 0.9861111111111112)",1,97.09722222222236,17662
"(0.9444444444444444, 0.9861111111111112)",1,97.09722222222234,17663
"(0.8611111111111112, 0.9861111111111112)",1,97.09722222222234,17664
"(0.9444444444444444, 1.0)",1,97.09722222222229,17665
"(0.8333333333333334, 1.0)",1,97.09722222222226,17666
"(0.7083333333333334, 1.0)",1,97.09722222222224,17667
"(0.8535714285714285, 0.9785714285714284)",2,97.09642857142848,17669
"(0.8458333333333333, 0.9791666666666666)",1,97.09583333333336,17670
"(0.9125, 0.9791666666666666)",1,97.09583333333336,17671
"(0.9208333333333332, 0.9833333333333332)",1,97.09583333333336,17672
"(0.9375, 0.9875)",1,97.09583333333332,17673
"(0.9625, 0.9875)",1,97.09583333333332,17674
"(0.9666666666666668, 0.9708333333333332)",1,97.09583333333327,17675
"(0.8833333333333333, 0.9875)",1,97.09583333333327,17676
"(0.9916666666666668, 0.9833333333333332)",1,97.09583333333325,17677
"(0.9651162790697676, 0.9767441860465116)",1,97.09302325581412,17678
"(0.7209302325581395, 0.9767441860465116)",1,97.0930232558141,17679
"(0.9418604651162792, 0.9883720930232558)",1,97.09302325581407,17680
"(0.9651162790697676, 0.9767441860465116)",1,97.09302325581407,17681
"(0.7093023255813954, 0.9883720930232558)",1,97.09302325581405,17682
"(0.7674418604651163, 0.9883720930232558)",1,97.09302325581405,17683
"(0.8837209302325582, 0.9883720930232558)",2,97.09302325581402,17685
"(0.7441860465116279, 0.9767441860465116)",1,97.09302325581396,17686
"(0.8372093023255814, 0.9651162790697676)",2,97.09302325581396,17688
"(0.8958333333333334, 0.9791666666666666)",1,97.09166666666675,17689
"(0.9083333333333332, 0.9708333333333332)",1,97.09166666666664,17690
"(0.9666666666666668, 0.9708333333333332)",1,97.09166666666664,17691
"(0.9791666666666666, 0.9833333333333332)",1,97.0916666666666,17692
"(0.95, 0.9833333333333332)",1,97.0916666666666,17693
"(0.9666666666666668, 0.9375)",1,97.0916666666666,17694
"(0.9083333333333332, 0.9791666666666666)",1,97.0916666666666,17695
"(0.9666666666666668, 0.975)",1,97.09166666666658,17696
"(0.9714285714285714, 0.9678571428571427)",1,97.08928571428564,17697
"(0.53, 0.99)",1,97.08874999999988,17698
"(0.9125, 0.9833333333333332)",2,97.08750000000006,17700
"(0.9458333333333332, 0.9708333333333332)",1,97.0875,17701
"(0.8958333333333334, 0.975)",1,97.08749999999988,17702
"(0.8916666666666667, 0.9916666666666668)",1,97.08749999999982,17703
"(0.9571428571428572, 0.9678571428571427)",3,97.08571428571425,17706
"(0.8535714285714285, 0.975)",1,97.08571428571425,17707
"(0.9785714285714284, 0.9678571428571427)",1,97.0857142857142,17708
"(0.9166666666666666, 0.9861111111111112)",1,97.08333333333354,17709
"(0.7916666666666666, 0.9861111111111112)",1,97.08333333333354,17710
"(0.8333333333333334, 0.9861111111111112)",1,97.08333333333354,17711
"(0.8472222222222222, 0.9861111111111112)",1,97.08333333333351,17712
"(0.6944444444444444, 0.9861111111111112)",1,97.08333333333351,17713
"(0.8472222222222222, 0.9722222222222222)",1,97.08333333333351,17714
"(0.5555555555555556, 0.9861111111111112)",1,97.08333333333351,17715
"(0.875, 0.9861111111111112)",2,97.08333333333351,17717
"(0.9027777777777778, 0.9861111111111112)",1,97.08333333333351,17718
"(0.875, 0.9861111111111112)",1,97.08333333333351,17719
"(0.875, 0.9861111111111112)",1,97.08333333333348,17720
"(0.7638888888888888, 0.9861111111111112)",1,97.08333333333348,17721
"(0.875, 1.0)",1,97.08333333333348,17722
"(0.8611111111111112, 0.9861111111111112)",1,97.08333333333346,17723
"(0.6944444444444444, 1.0)",1,97.08333333333344,17724
"(1.0, 0.9833333333333332)",1,97.08333333333344,17725
"(0.7777777777777778, 1.0)",1,97.08333333333344,17726
"(0.7361111111111112, 1.0)",1,97.0833333333334,17727
"(0.8611111111111112, 1.0)",1,97.0833333333334,17728
"(0.95, 0.9833333333333332)",1,97.0833333333334,17729
"(0.9166666666666666, 0.9833333333333332)",1,97.0833333333334,17730
"(0.9333333333333332, 0.9833333333333332)",1,97.0833333333334,17731
"(0.75, 1.0)",1,97.08333333333336,17732
"(0.6666666666666666, 1.0)",2,97.08333333333336,17734
"(0.9833333333333332, 1.0)",1,97.08333333333336,17735
"(0.8611111111111112, 1.0)",1,97.08333333333336,17736
"(0.7166666666666667, 1.0)",1,97.08333333333336,17737
"(0.7833333333333333, 1.0)",1,97.08333333333334,17738
"(1.0, 1.0)",1,97.08333333333334,17739
"(0.8833333333333333, 1.0)",1,97.08333333333334,17740
"(0.7666666666666667, 1.0)",1,97.08333333333334,17741
"(0.9458333333333332, 0.9791666666666666)",1,97.08333333333331,17742
"(0.9875, 0.975)",1,97.08333333333331,17743
"(0.85, 1.0)",1,97.08333333333331,17744
"(0.75, 1.0)",1,97.08333333333331,17745
"(0.9458333333333332, 0.975)",1,97.08333333333331,17746
"(0.9, 1.0)",1,97.08333333333331,17747
"(0.9666666666666668, 1.0)",1,97.08333333333331,17748
"(0.8833333333333333, 1.0)",1,97.08333333333331,17749
"(0.9083333333333332, 0.975)",1,97.0833333333333,17750
"(0.9291666666666668, 0.9916666666666668)",1,97.08333333333329,17751
"(0.85, 0.9958333333333332)",1,97.0833333333332,17752
"(0.4, 0.976470588235294)",1,97.08235294117638,17753
"(0.9714285714285714, 0.975)",3,97.08214285714278,17756
"(0.8604651162790697, 0.9767441860465116)",1,97.0813953488374,17757
"(0.9302325581395348, 0.9767441860465116)",1,97.08139534883736,17758
"(0.7790697674418605, 0.9767441860465116)",1,97.08139534883736,17759
"(0.8837209302325582, 0.9883720930232558)",2,97.08139534883728,17761
"(0.8837209302325582, 0.9767441860465116)",1,97.08139534883726,17762
"(0.8488372093023255, 1.0)",2,97.08139534883723,17764
"(0.9302325581395348, 0.9767441860465116)",1,97.08139534883723,17765
"(0.8372093023255814, 0.9651162790697676)",2,97.0813953488372,17767
"(0.8953488372093024, 0.9651162790697676)",2,97.0813953488372,17769
"(0.8372093023255814, 0.9651162790697676)",1,97.08139534883716,17770
"(0.8837209302325582, 0.9767441860465116)",1,97.0813953488371,17771
"(0.9083333333333332, 0.9791666666666666)",1,97.07916666666677,17772
"(0.9875, 0.9791666666666666)",1,97.07916666666674,17773
"(0.9291666666666668, 0.9791666666666666)",1,97.0791666666667,17774
"(0.9416666666666668, 0.9791666666666666)",1,97.07916666666664,17775
"(0.9291666666666668, 0.9833333333333332)",2,97.0791666666666,17777
"(0.9142857142857144, 0.975)",1,97.07857142857137,17778
"(0.9642857142857144, 0.975)",2,97.07857142857134,17780
"(0.8791666666666667, 0.9791666666666666)",1,97.07500000000006,17781
"(0.9166666666666666, 0.975)",1,97.07499999999996,17782
"(0.9142857142857144, 0.975)",2,97.07499999999996,17784
"(0.8666666666666667, 0.975)",1,97.07499999999996,17785
"(0.8625, 0.9916666666666668)",1,97.07499999999987,17786
"(0.8571428571428571, 0.975)",1,97.0714285714285,17787
"(0.8958333333333334, 0.9791666666666666)",1,97.07083333333333,17788
"(0.9666666666666668, 0.9791666666666666)",1,97.07083333333333,17789
"(0.9833333333333332, 0.9916666666666668)",1,97.07083333333328,17790
"(0.9875, 0.9833333333333332)",1,97.07083333333324,17791
"(0.9375, 0.9916666666666668)",1,97.0708333333332,17792
"(0.8255813953488372, 0.9883720930232558)",1,97.0697674418606,17793
"(0.8255813953488372, 0.9767441860465116)",1,97.0697674418606,17794
"(0.8255813953488372, 0.9767441860465116)",1,97.0697674418606,17795
"(0.8953488372093024, 0.9767441860465116)",1,97.0697674418606,17796
"(0.8488372093023255, 0.9883720930232558)",1,97.06976744186056,17797
"(0.9186046511627908, 0.9883720930232558)",1,97.06976744186052,17798
"(0.8837209302325582, 1.0)",1,97.0697674418605,17799
"(0.9186046511627908, 0.9651162790697676)",1,97.06976744186048,17800
"(0.8255813953488372, 0.9767441860465116)",1,97.06976744186046,17801
"(0.8837209302325582, 0.9767441860465116)",1,97.06976744186044,17802
"(0.8953488372093024, 0.9651162790697676)",2,97.06976744186044,17804
"(0.8372093023255814, 0.9767441860465116)",1,97.06976744186038,17805
"(0.8888888888888888, 0.9722222222222222)",1,97.06944444444466,17806
"(0.9444444444444444, 0.9861111111111112)",1,97.06944444444464,17807
"(0.9027777777777778, 0.9722222222222222)",1,97.06944444444464,17808
"(0.8194444444444444, 0.9861111111111112)",1,97.06944444444464,17809
"(0.9027777777777778, 0.9861111111111112)",1,97.06944444444464,17810
"(0.8472222222222222, 0.9722222222222222)",1,97.0694444444446,17811
"(0.9305555555555556, 0.9861111111111112)",1,97.0694444444446,17812
"(0.8888888888888888, 0.9861111111111112)",2,97.0694444444446,17814
"(0.9444444444444444, 0.9722222222222222)",2,97.0694444444446,17816
"(0.8611111111111112, 0.9722222222222222)",1,97.0694444444446,17817
"(0.8888888888888888, 0.9722222222222222)",1,97.0694444444446,17818
"(0.875, 0.9861111111111112)",1,97.0694444444446,17819
"(0.9166666666666666, 0.9722222222222222)",1,97.0694444444446,17820
"(0.6944444444444444, 0.9861111111111112)",1,97.06944444444458,17821
"(0.875, 0.9861111111111112)",2,97.06944444444458,17823
"(0.8888888888888888, 0.9722222222222222)",1,97.06944444444454,17824
"(0.7083333333333334, 1.0)",1,97.06944444444451,17825
"(0.8333333333333334, 1.0)",1,97.06944444444451,17826
"(0.9583333333333334, 1.0)",2,97.0694444444445,17828
"(0.8888888888888888, 1.0)",1,97.06944444444446,17829
"(0.9166666666666666, 1.0)",1,97.06666666666676,17830
"(0.9666666666666668, 0.9833333333333332)",1,97.06666666666676,17831
"(0.9083333333333332, 0.9791666666666666)",1,97.06666666666676,17832
"(0.8833333333333333, 1.0)",2,97.06666666666672,17834
"(0.85, 1.0)",1,97.06666666666672,17835
"(0.95, 0.9833333333333332)",2,97.06666666666672,17837
"(0.8, 0.9833333333333332)",1,97.06666666666672,17838
"(0.9, 0.9833333333333332)",2,97.06666666666672,17840
"(0.9333333333333332, 0.9833333333333332)",2,97.06666666666672,17842
"(0.9, 1.0)",1,97.06666666666668,17843
"(0.9166666666666666, 0.9958333333333332)",2,97.06666666666668,17845
"(1.0, 1.0)",1,97.06666666666668,17846
"(0.9666666666666668, 1.0)",1,97.06666666666666,17847
"(0.9833333333333332, 1.0)",1,97.06666666666666,17848
"(0.8, 1.0)",1,97.06666666666666,17849
"(0.8833333333333333, 1.0)",1,97.06666666666666,17850
"(0.9166666666666666, 0.9833333333333332)",2,97.06666666666663,17852
"(0.8916666666666667, 0.975)",1,97.06666666666663,17853
"(0.9208333333333332, 0.9958333333333332)",1,97.06666666666663,17854
"(0.9125, 0.9625)",1,97.06666666666662,17855
"(0.9375, 0.975)",1,97.0666666666666,17856
"(0.9625, 0.9875)",1,97.06666666666656,17857
"(0.9, 0.9875)",1,97.06666666666646,17858
"(0.9607142857142856, 0.9714285714285714)",1,97.06428571428565,17859
"(0.8875, 0.9833333333333332)",1,97.06250000000006,17860
"(0.9208333333333332, 0.9833333333333332)",1,97.06250000000004,17861
"(0.9125, 0.9791666666666666)",1,97.06250000000004,17862
"(0.9083333333333332, 0.9666666666666668)",1,97.06249999999991,17863
"(0.9125, 0.9916666666666668)",1,97.0624999999998,17864
"(0.9071428571428573, 0.9714285714285714)",1,97.06071428571428,17865
"(0.8857142857142857, 0.975)",1,97.06071428571418,17866
"(0.9875, 0.9875)",1,97.05833333333338,17867
"(0.9166666666666666, 0.9833333333333332)",1,97.05833333333337,17868
"(0.8916666666666667, 0.9916666666666668)",1,97.05833333333328,17869
"(0.9458333333333332, 0.9916666666666668)",1,97.0583333333332,17870
"(0.9083333333333332, 0.9833333333333332)",1,97.05833333333318,17871
"(0.9302325581395348, 0.9767441860465116)",1,97.05813953488384,17872
"(0.9186046511627908, 0.9767441860465116)",1,97.05813953488382,17873
"(0.8953488372093024, 0.9883720930232558)",1,97.05813953488382,17874
"(0.8604651162790697, 0.9883720930232558)",1,97.05813953488382,17875
"(0.7441860465116279, 1.0)",1,97.0581395348838,17876
"(0.7674418604651163, 0.9883720930232558)",1,97.05813953488376,17877
"(0.8837209302325582, 0.9767441860465116)",1,97.0581395348837,17878
"(0.8837209302325582, 0.9767441860465116)",1,97.05813953488368,17879
"(0.95, 0.975)",1,97.05714285714278,17880
"(0.7361111111111112, 0.9861111111111112)",1,97.05555555555576,17881
"(0.8888888888888888, 0.9722222222222222)",2,97.05555555555576,17883
"(0.7638888888888888, 0.9861111111111112)",1,97.05555555555576,17884
"(0.9027777777777778, 0.9861111111111112)",1,97.05555555555574,17885
"(0.875, 0.9861111111111112)",2,97.05555555555574,17887
"(0.7083333333333334, 0.9861111111111112)",1,97.05555555555574,17888
"(0.8888888888888888, 0.9861111111111112)",1,97.05555555555574,17889
"(0.5833333333333334, 0.9861111111111112)",1,97.05555555555574,17890
"(0.7638888888888888, 0.9861111111111112)",1,97.05555555555574,17891
"(0.8194444444444444, 0.9861111111111112)",1,97.05555555555574,17892
"(0.8888888888888888, 0.9861111111111112)",1,97.05555555555571,17893
"(0.8333333333333334, 0.9722222222222222)",1,97.05555555555571,17894
"(0.8472222222222222, 0.9861111111111112)",1,97.05555555555571,17895
"(0.875, 0.9722222222222222)",1,97.05555555555571,17896
"(0.8333333333333334, 0.9861111111111112)",2,97.05555555555571,17898
"(0.7361111111111112, 0.9861111111111112)",1,97.05555555555571,17899
"(0.875, 0.9861111111111112)",1,97.05555555555571,17900
"(0.7638888888888888, 0.9861111111111112)",1,97.0555555555557,17901
"(0.8194444444444444, 0.9861111111111112)",1,97.05555555555569,17902
"(0.8333333333333334, 0.9861111111111112)",1,97.05555555555564,17903
"(0.9027777777777778, 1.0)",1,97.0555555555556,17904
"(0.625, 1.0)",1,97.05555555555556,17905
"(0.7777777777777778, 1.0)",1,97.05555555555556,17906
"(0.6944444444444444, 1.0)",1,97.05555555555556,17907
"(0.9027777777777778, 1.0)",1,97.05555555555556,17908
"(0.8055555555555556, 1.0)",1,97.05555555555554,17909
"(0.8916666666666667, 0.975)",1,97.05416666666665,17910
"(0.9083333333333332, 0.9791666666666666)",1,97.05416666666665,17911
"(0.925, 0.9583333333333334)",2,97.05416666666662,17913
"(0.975, 0.95)",1,97.05416666666662,17914
"(0.8625, 0.9916666666666668)",1,97.05416666666656,17915
"(0.50375, 0.98625)",1,97.05374999999984,17916
"(0.95, 0.9785714285714284)",1,97.05357142857136,17917
"(0.95, 0.9833333333333332)",2,97.0500000000001,17919
"(0.7666666666666667, 1.0)",1,97.05000000000008,17920
"(0.9166666666666666, 1.0)",1,97.05000000000004,17921
"(0.9, 1.0)",1,97.05000000000004,17922
"(0.9166666666666666, 0.9833333333333332)",1,97.05000000000004,17923
"(0.8833333333333333, 1.0)",1,97.05000000000004,17924
"(0.8333333333333334, 1.0)",1,97.05,17925
"(0.9875, 0.9958333333333332)",1,97.05,17926
"(0.9833333333333332, 1.0)",2,97.05,17928
"(0.95, 1.0)",1,97.05,17929
"(0.7666666666666667, 1.0)",1,97.05,17930
"(0.9375, 0.9791666666666666)",1,97.05,17931
"(0.8666666666666667, 1.0)",1,97.05,17932
"(0.85, 1.0)",1,97.05,17933
"(0.7333333333333333, 1.0)",1,97.05,17934
"(0.9666666666666668, 1.0)",1,97.05,17935
"(0.8333333333333334, 1.0)",2,97.05,17937
"(0.8833333333333333, 1.0)",1,97.05,17938
"(0.975, 0.9958333333333332)",1,97.04999999999998,17939
"(0.9642857142857144, 0.9714285714285714)",1,97.04999999999995,17940
"(0.9166666666666666, 0.975)",1,97.04999999999994,17941
"(0.9541666666666668, 0.9875)",1,97.04999999999993,17942
"(0.9535714285714286, 0.975)",3,97.0499999999999,17945
"(0.9375, 0.9916666666666668)",1,97.04999999999988,17946
"(0.8255813953488372, 0.9767441860465116)",1,97.04651162790714,17947
"(0.8837209302325582, 0.9767441860465116)",1,97.04651162790712,17948
"(0.8255813953488372, 0.9767441860465116)",1,97.04651162790712,17949
"(0.9302325581395348, 0.9767441860465116)",1,97.0465116279071,17950
"(0.7674418604651163, 0.9767441860465116)",1,97.0465116279071,17951
"(0.8837209302325582, 0.9883720930232558)",1,97.04651162790708,17952
"(0.813953488372093, 0.9883720930232558)",2,97.04651162790704,17954
"(0.7790697674418605, 0.9883720930232558)",1,97.04651162790702,17955
"(0.3372093023255814, 1.0)",1,97.046511627907,17956
"(0.2906976744186046, 0.9883720930232558)",1,97.046511627907,17957
"(0.872093023255814, 0.9651162790697676)",1,97.04651162790698,17958
"(0.7790697674418605, 0.9767441860465116)",1,97.04651162790698,17959
"(0.8837209302325582, 0.9651162790697676)",2,97.04651162790697,17961
"(0.8604651162790697, 0.9767441860465116)",1,97.04651162790692,17962
"(0.925, 0.9791666666666666)",1,97.04583333333338,17963
"(0.8666666666666667, 0.9833333333333332)",1,97.04583333333332,17964
"(0.9458333333333332, 0.9916666666666668)",1,97.04583333333318,17965
"(0.9310810810810812, 0.9780405405405406)",1,97.0456081081082,17966
"(0.9321428571428572, 0.9678571428571427)",1,97.04285714285712,17967
"(0.9678571428571427, 0.9714285714285714)",6,97.04285714285705,17973
"(0.9428571428571428, 0.9642857142857144)",1,97.04285714285705,17974
"(0.9166666666666666, 0.9722222222222222)",1,97.0416666666669,17975
"(0.8611111111111112, 0.9861111111111112)",1,97.04166666666688,17976
"(0.8333333333333334, 0.9861111111111112)",1,97.04166666666688,17977
"(0.9027777777777778, 0.9861111111111112)",1,97.04166666666688,17978
"(0.9305555555555556, 0.9722222222222222)",1,97.04166666666688,17979
"(0.7638888888888888, 0.9861111111111112)",1,97.04166666666686,17980
"(0.875, 0.9861111111111112)",1,97.04166666666686,17981
"(0.8333333333333334, 0.9861111111111112)",1,97.04166666666686,17982
"(0.7083333333333334, 0.9861111111111112)",1,97.04166666666686,17983
"(0.8194444444444444, 0.9861111111111112)",1,97.04166666666684,17984
"(0.6805555555555556, 0.9861111111111112)",1,97.04166666666684,17985
"(0.9166666666666666, 0.9722222222222222)",1,97.04166666666684,17986
"(0.9166666666666666, 0.9861111111111112)",2,97.04166666666684,17988
"(0.9027777777777778, 0.9861111111111112)",2,97.04166666666684,17990
"(0.9027777777777778, 0.9861111111111112)",1,97.04166666666684,17991
"(0.8611111111111112, 0.9861111111111112)",1,97.0416666666668,17992
"(0.8055555555555556, 0.9722222222222222)",1,97.0416666666668,17993
"(0.7638888888888888, 1.0)",1,97.0416666666668,17994
"(0.9027777777777778, 0.9861111111111112)",1,97.0416666666668,17995
"(0.9444444444444444, 1.0)",1,97.0416666666668,17996
"(0.9305555555555556, 1.0)",2,97.0416666666668,17998
"(0.7083333333333334, 1.0)",1,97.04166666666676,17999
"(0.95, 0.9791666666666666)",1,97.04166666666676,18000
"(0.8333333333333334, 0.9861111111111112)",1,97.04166666666676,18001
"(0.8611111111111112, 1.0)",1,97.04166666666674,18002
"(0.7777777777777778, 1.0)",1,97.04166666666671,18003
"(0.8055555555555556, 1.0)",1,97.04166666666671,18004
"(0.9444444444444444, 1.0)",1,97.04166666666669,18005
"(0.9208333333333332, 0.9833333333333332)",1,97.04166666666669,18006
"(0.8194444444444444, 1.0)",2,97.04166666666669,18008
"(0.7361111111111112, 1.0)",2,97.04166666666669,18010
"(0.9027777777777778, 0.9861111111111112)",2,97.04166666666669,18012
"(0.8958333333333334, 0.9791666666666666)",1,97.04166666666666,18013
"(0.975, 0.975)",1,97.04166666666666,18014
"(0.925, 0.975)",2,97.04166666666664,18016
"(0.9458333333333332, 0.9875)",1,97.0416666666666,18017
"(0.9541666666666668, 0.975)",1,97.0416666666666,18018
"(0.9708333333333332, 0.8541666666666666)",1,97.0416666666666,18019
"(0.925, 0.975)",1,97.0416666666666,18020
"(0.9458333333333332, 0.9708333333333332)",1,97.0416666666666,18021
"(0.8875, 0.9791666666666666)",1,97.03750000000004,18022
"(0.9625, 0.975)",1,97.0375,18023
"(0.8666666666666667, 0.9625)",1,97.03749999999997,18024
"(0.9416666666666668, 0.9833333333333332)",1,97.03749999999997,18025
"(0.9166666666666666, 0.9791666666666666)",1,97.03749999999997,18026
"(0.9583333333333334, 0.9916666666666668)",1,97.03749999999992,18027
"(0.9083333333333332, 0.9833333333333332)",1,97.0374999999999,18028
"(0.8958333333333334, 0.9875)",1,97.03749999999988,18029
"(0.9428571428571428, 0.9678571428571427)",1,97.03571428571426,18030
"(0.925, 0.9785714285714284)",2,97.03571428571422,18032
"(0.9385964912280702, 0.9912280701754386)",4,97.03508771929825,18036
"(0.7093023255813954, 0.9767441860465116)",1,97.03488372093044,18037
"(0.7558139534883721, 0.9767441860465116)",1,97.0348837209304,18038
"(0.8488372093023255, 0.9883720930232558)",1,97.03488372093038,18039
"(0.9418604651162792, 0.9767441860465116)",1,97.03488372093038,18040
"(0.5697674418604651, 0.9883720930232558)",1,97.03488372093032,18041
"(0.7674418604651163, 0.9883720930232558)",1,97.03488372093032,18042
"(0.8255813953488372, 0.9767441860465116)",1,97.0348837209303,18043
"(0.8255813953488372, 0.9883720930232558)",1,97.0348837209303,18044
"(0.8837209302325582, 0.9883720930232558)",1,97.03488372093028,18045
"(0.8837209302325582, 0.9651162790697676)",1,97.03488372093028,18046
"(0.8953488372093024, 0.9651162790697676)",1,97.03488372093024,18047
"(0.8953488372093024, 0.9767441860465116)",1,97.03488372093024,18048
"(0.8023255813953488, 0.9767441860465116)",2,97.03488372093022,18050
"(0.95, 0.9833333333333332)",2,97.03333333333345,18052
"(0.9166666666666666, 1.0)",1,97.03333333333345,18053
"(0.9666666666666668, 0.9833333333333332)",1,97.03333333333345,18054
"(0.9333333333333332, 0.9833333333333332)",2,97.03333333333342,18056
"(0.8166666666666667, 1.0)",2,97.0333333333334,18058
"(0.9333333333333332, 0.9833333333333332)",2,97.0333333333334,18060
"(0.95, 0.9833333333333332)",1,97.0333333333334,18061
"(0.75, 1.0)",1,97.03333333333336,18062
"(0.9, 1.0)",1,97.03333333333336,18063
"(0.7333333333333333, 1.0)",1,97.03333333333336,18064
"(0.85, 1.0)",1,97.03333333333336,18065
"(0.8458333333333333, 0.9791666666666666)",1,97.03333333333336,18066
"(0.9, 1.0)",1,97.03333333333336,18067
"(0.75, 1.0)",1,97.03333333333332,18068
"(0.9833333333333332, 1.0)",2,97.03333333333332,18070
"(0.7333333333333333, 1.0)",1,97.03333333333332,18071
"(0.85, 1.0)",1,97.03333333333332,18072
"(1.0, 1.0)",1,97.03333333333332,18073
"(0.9666666666666668, 1.0)",1,97.03333333333332,18074
"(0.8125, 0.975)",1,97.03333333333327,18075
"(0.9375, 0.9875)",1,97.03333333333327,18076
"(0.8666666666666667, 0.975)",1,97.03333333333327,18077
"(0.9125, 0.9625)",2,97.03333333333325,18079
"(0.8875, 0.9875)",2,97.03333333333325,18081
"(0.9428571428571428, 0.9785714285714284)",1,97.03214285714272,18082
"(0.868421052631579, 0.9736842105263158)",1,97.03070175438596,18083
"(0.95, 0.9791666666666666)",1,97.02916666666675,18084
"(0.95, 0.9833333333333332)",2,97.02916666666664,18086
"(0.8791666666666667, 0.975)",1,97.02916666666664,18087
"(0.925, 0.9916666666666668)",1,97.02916666666664,18088
"(0.9666666666666668, 0.9875)",2,97.0291666666666,18090
"(0.9607142857142856, 0.9785714285714284)",1,97.02857142857135,18091
"(0.9642857142857144, 0.9714285714285714)",2,97.02857142857134,18093
"(0.9027777777777778, 0.9583333333333334)",1,97.02777777777798,18094
"(0.7083333333333334, 0.9861111111111112)",1,97.02777777777798,18095
"(0.8333333333333334, 0.9861111111111112)",1,97.02777777777798,18096
"(0.9305555555555556, 0.9861111111111112)",2,97.02777777777796,18098
"(0.875, 0.9722222222222222)",1,97.02777777777796,18099
"(0.8194444444444444, 0.9861111111111112)",1,97.02777777777796,18100
"(0.7083333333333334, 0.9861111111111112)",1,97.02777777777796,18101
"(0.9166666666666666, 0.9861111111111112)",1,97.02777777777796,18102
"(0.8611111111111112, 0.9861111111111112)",1,97.02777777777796,18103
"(0.875, 0.9861111111111112)",1,97.02777777777796,18104
"(0.9305555555555556, 0.9861111111111112)",1,97.02777777777796,18105
"(0.9027777777777778, 0.9861111111111112)",1,97.02777777777796,18106
"(0.6944444444444444, 0.9722222222222222)",1,97.02777777777796,18107
"(0.8888888888888888, 0.9722222222222222)",1,97.02777777777794,18108
"(0.9166666666666666, 0.9722222222222222)",1,97.02777777777791,18109
"(0.8888888888888888, 1.0)",4,97.02777777777791,18113
"(0.8194444444444444, 0.9861111111111112)",1,97.02777777777791,18114
"(0.9166666666666666, 1.0)",1,97.02777777777789,18115
"(0.875, 1.0)",1,97.02777777777784,18116
"(0.9305555555555556, 0.9861111111111112)",1,97.0277777777778,18117
"(0.9583333333333334, 1.0)",4,97.0277777777778,18121
"(0.7361111111111112, 1.0)",1,97.0277777777778,18122
"(0.8875, 0.9791666666666666)",1,97.02500000000003,18123
"(0.9642857142857144, 0.9678571428571427)",1,97.0249999999999,18124
"(0.9125, 0.9916666666666668)",2,97.02499999999984,18126
"(0.902027027027027, 0.9783783783783784)",1,97.02398648648656,18127
"(0.9302325581395348, 0.9883720930232558)",1,97.02325581395364,18128
"(0.8488372093023255, 0.9767441860465116)",1,97.0232558139536,18129
"(0.7209302325581395, 0.9767441860465116)",1,97.02325581395358,18130
"(0.8837209302325582, 0.9767441860465116)",1,97.02325581395355,18131
"(0.9186046511627908, 0.9767441860465116)",1,97.0232558139535,18132
"(0.8837209302325582, 0.9651162790697676)",1,97.02325581395344,18133
"(0.8837209302325582, 0.9767441860465116)",1,97.0232558139534,18134
"(0.9429824561403508, 0.9736842105263158)",1,97.0219298245614,18135
"(0.8535714285714285, 0.975)",1,97.02142857142846,18136
"(0.975, 0.9791666666666666)",1,97.02083333333331,18137
"(0.9166666666666666, 0.9666666666666668)",1,97.0208333333333,18138
"(0.9166666666666666, 0.975)",1,97.02083333333329,18139
"(0.925, 0.9958333333333332)",2,97.02083333333329,18141
"(0.9375, 0.975)",1,97.02083333333326,18142
"(0.9375, 0.9916666666666668)",1,97.0208333333332,18143
"(0.9125, 0.9916666666666668)",1,97.02083333333316,18144
"(0.9428571428571428, 0.975)",3,97.01785714285704,18147
"(0.8833333333333333, 0.9833333333333332)",2,97.01666666666677,18149
"(0.75, 0.9833333333333332)",1,97.01666666666677,18150
"(0.9166666666666666, 1.0)",1,97.01666666666677,18151
"(1.0, 0.9833333333333332)",1,97.01666666666677,18152
"(0.9, 1.0)",1,97.01666666666677,18153
"(0.925, 0.9875)",1,97.01666666666672,18154
"(0.9333333333333332, 1.0)",1,97.01666666666672,18155
"(0.8166666666666667, 0.9833333333333332)",1,97.01666666666672,18156
"(0.9666666666666668, 0.9666666666666668)",1,97.01666666666672,18157
"(0.9666666666666668, 0.9708333333333332)",1,97.01666666666672,18158
"(0.75, 1.0)",2,97.01666666666672,18160
"(0.9, 1.0)",1,97.0166666666667,18161
"(0.8, 1.0)",1,97.0166666666667,18162
"(0.9833333333333332, 1.0)",1,97.01666666666668,18163
"(0.8, 1.0)",1,97.01666666666668,18164
"(0.7166666666666667, 1.0)",2,97.01666666666668,18166
"(0.9333333333333332, 0.9791666666666666)",1,97.01666666666668,18167
"(0.7833333333333333, 1.0)",1,97.01666666666668,18168
"(0.9666666666666668, 1.0)",1,97.01666666666668,18169
"(0.9166666666666666, 1.0)",1,97.01666666666668,18170
"(0.9333333333333332, 1.0)",2,97.01666666666664,18172
"(0.9666666666666668, 0.9875)",1,97.01666666666662,18173
"(0.9041666666666668, 0.9958333333333332)",1,97.0166666666666,18174
"(0.9166666666666666, 0.9708333333333332)",1,97.01666666666658,18175
"(0.9125, 0.9916666666666668)",1,97.01666666666654,18176
"(0.9535714285714286, 0.975)",1,97.0142857142857,18177
"(0.9305555555555556, 0.9861111111111112)",1,97.0138888888891,18178
"(0.9027777777777778, 0.9861111111111112)",1,97.0138888888891,18179
"(0.8194444444444444, 0.9861111111111112)",1,97.01388888888908,18180
"(0.9027777777777778, 0.9861111111111112)",2,97.01388888888908,18182
"(0.7916666666666666, 0.9861111111111112)",1,97.01388888888908,18183
"(0.9166666666666666, 0.9722222222222222)",1,97.01388888888908,18184
"(0.8888888888888888, 0.9861111111111112)",1,97.01388888888908,18185
"(0.8333333333333334, 0.9722222222222222)",1,97.01388888888906,18186
"(0.8611111111111112, 0.9861111111111112)",1,97.01388888888906,18187
"(0.7638888888888888, 0.9722222222222222)",1,97.01388888888906,18188
"(0.8611111111111112, 0.9861111111111112)",1,97.01388888888904,18189
"(0.9444444444444444, 0.9722222222222222)",1,97.01388888888904,18190
"(0.875, 0.9861111111111112)",1,97.01388888888904,18191
"(0.9861111111111112, 0.9722222222222222)",1,97.01388888888904,18192
"(0.8333333333333334, 0.9722222222222222)",2,97.01388888888904,18194
"(0.875, 0.9861111111111112)",1,97.01388888888904,18195
"(0.8888888888888888, 0.9861111111111112)",1,97.01388888888904,18196
"(0.8333333333333334, 0.9861111111111112)",2,97.013888888889,18198
"(0.9166666666666666, 1.0)",1,97.013888888889,18199
"(0.9305555555555556, 0.9861111111111112)",1,97.013888888889,18200
"(0.9722222222222222, 0.9861111111111112)",1,97.013888888889,18201
"(0.875, 0.9861111111111112)",1,97.013888888889,18202
"(0.8472222222222222, 0.9722222222222222)",2,97.01388888888896,18204
"(0.7638888888888888, 0.9861111111111112)",2,97.01388888888894,18206
"(0.6944444444444444, 1.0)",1,97.01388888888891,18207
"(0.9027777777777778, 1.0)",1,97.0138888888889,18208
"(0.9444444444444444, 1.0)",1,97.01388888888889,18209
"(0.9458333333333332, 0.9833333333333332)",1,97.01250000000005,18210
"(0.9125, 0.9791666666666666)",1,97.01249999999996,18211
"(0.9458333333333332, 0.9708333333333332)",1,97.01249999999996,18212
"(0.9291666666666668, 0.9916666666666668)",1,97.01249999999992,18213
"(0.9375, 0.9916666666666668)",1,97.01249999999986,18214
"(0.8255813953488372, 0.9767441860465116)",1,97.01162790697694,18215
"(0.9418604651162792, 0.9767441860465116)",1,97.01162790697693,18216
"(0.9302325581395348, 0.9767441860465116)",1,97.0116279069769,18217
"(0.9302325581395348, 0.9767441860465116)",1,97.01162790697686,18218
"(0.8372093023255814, 0.9651162790697676)",1,97.0116279069768,18219
"(0.4883720930232558, 1.0)",1,97.01162790697678,18220
"(0.8255813953488372, 0.9767441860465116)",1,97.01162790697676,18221
"(0.9302325581395348, 0.9767441860465116)",1,97.01162790697671,18222
"(0.8023255813953488, 0.9651162790697676)",1,97.0116279069767,18223
"(0.925, 0.9678571428571427)",1,97.01071428571424,18224
"(0.9392857142857144, 0.9714285714285714)",3,97.01071428571416,18227
"(0.925438596491228, 0.9692982456140352)",1,97.00877192982468,18228
"(0.9473684210526316, 0.9912280701754386)",3,97.00877192982456,18231
"(0.8875, 0.9833333333333332)",2,97.0083333333334,18233
"(0.9458333333333332, 0.975)",1,97.00833333333335,18234
"(0.8666666666666667, 0.975)",1,97.00833333333334,18235
"(0.9678571428571427, 0.9714285714285714)",3,97.00714285714288,18238
"(0.9678571428571427, 0.975)",1,97.0071428571428,18239
"(0.925, 0.9714285714285714)",2,97.0071428571428,18241
"(0.925, 0.975)",1,97.00714285714275,18242
"(0.9458333333333332, 0.9791666666666666)",1,97.00416666666676,18243
"(0.9416666666666668, 0.9833333333333332)",1,97.00416666666672,18244
"(0.95, 0.975)",1,97.00416666666663,18245
"(0.95, 0.9541666666666668)",1,97.00416666666656,18246
"(0.8875, 0.9916666666666668)",1,97.00416666666648,18247
"(0.925, 0.9714285714285714)",1,97.00357142857142,18248
"(0.9571428571428572, 0.975)",1,97.00357142857136,18249
"(0.9642857142857144, 0.9714285714285714)",6,97.00357142857132,18255
"(0.9285714285714286, 0.975)",3,97.00357142857132,18258
"(0.9305555555555556, 0.9861111111111112)",2,97.0000000000002,18260
"(0.875, 0.9861111111111112)",1,97.0000000000002,18261
"(0.8888888888888888, 0.9722222222222222)",2,97.0000000000002,18263
"(0.9305555555555556, 0.9722222222222222)",1,97.00000000000018,18264
"(0.875, 0.9861111111111112)",1,97.00000000000018,18265
"(0.8472222222222222, 0.9861111111111112)",1,97.00000000000018,18266
"(0.9305555555555556, 0.9722222222222222)",2,97.00000000000016,18268
"(0.8953488372093024, 0.9767441860465116)",1,97.00000000000014,18269
"(0.813953488372093, 0.9767441860465116)",1,97.00000000000014,18270
"(0.9305555555555556, 0.9722222222222222)",1,97.00000000000014,18271
"(0.75, 1.0)",2,97.00000000000011,18273
"(0.9302325581395348, 0.9767441860465116)",1,97.00000000000011,18274
"(0.7674418604651163, 0.9767441860465116)",1,97.00000000000011,18275
"(0.9722222222222222, 0.9861111111111112)",1,97.00000000000011,18276
"(0.7361111111111112, 1.0)",1,97.0000000000001,18277
"(0.8833333333333333, 1.0)",2,97.00000000000009,18279
"(0.625, 0.9722222222222222)",1,97.00000000000009,18280
"(0.9666666666666668, 0.9833333333333332)",1,97.00000000000009,18281
"(0.9333333333333332, 0.9833333333333332)",1,97.00000000000009,18282
"(0.9166666666666666, 0.9861111111111112)",1,97.00000000000009,18283
"(0.7906976744186046, 0.9767441860465116)",1,97.00000000000009,18284
"(0.9666666666666668, 0.9833333333333332)",1,97.00000000000006,18285
"(0.8611111111111112, 1.0)",1,97.00000000000006,18286
"(0.7777777777777778, 1.0)",1,97.00000000000006,18287
"(0.8888888888888888, 1.0)",2,97.00000000000006,18289
"(0.95, 0.9833333333333332)",1,97.00000000000006,18290
"(0.9305555555555556, 1.0)",2,97.00000000000006,18292
"(0.8, 1.0)",1,97.00000000000004,18293
"(1.0, 1.0)",1,97.00000000000004,18294
"(0.85, 1.0)",1,97.00000000000004,18295
"(0.6944444444444444, 0.9861111111111112)",2,97.00000000000004,18297
"(0.9305555555555556, 1.0)",1,97.00000000000004,18298
"(0.9333333333333332, 1.0)",1,97.0,18299
"(0.8833333333333333, 1.0)",1,97.0,18300
"(0.85, 1.0)",1,97.0,18301
"(0.813953488372093, 0.9651162790697676)",1,97.0,18302
"(0.85, 1.0)",1,97.0,18303
"(0.8166666666666667, 1.0)",1,97.0,18304
"(0.95, 0.9791666666666666)",1,96.99999999999996,18305
"(0.7441860465116279, 0.9651162790697676)",1,96.99999999999996,18306
"(0.875, 0.9958333333333332)",1,96.99999999999996,18307
"(0.9428571428571428, 0.975)",6,96.99999999999994,18313
"(0.9375, 0.9791666666666666)",1,96.99999999999991,18314
"(0.9125, 0.975)",1,96.99999999999991,18315
"(0.8958333333333334, 0.9708333333333332)",1,96.9999999999999,18316
"(0.9571428571428572, 0.975)",1,96.9964285714285,18317
"(1.0, 0.9916666666666668)",1,96.99583333333332,18318
"(0.9041666666666668, 0.9666666666666668)",1,96.99583333333332,18319
"(0.95, 0.9916666666666668)",1,96.99583333333328,18320
"(0.8958333333333334, 0.9958333333333332)",1,96.9958333333332,18321
"(0.902027027027027, 0.9766891891891892)",1,96.99493243243244,18322
"(0.9642857142857144, 0.9714285714285714)",3,96.99285714285716,18325
"(0.9714285714285714, 0.9678571428571427)",3,96.99285714285703,18328
"(0.9642857142857144, 0.975)",1,96.99285714285703,18329
"(0.9208333333333332, 0.9791666666666666)",1,96.99166666666667,18330
"(0.9791666666666666, 0.9958333333333332)",1,96.9916666666666,18331
"(0.9625, 0.9791666666666666)",1,96.99166666666656,18332
"(0.9, 0.9916666666666668)",1,96.99166666666645,18333
"(0.9714285714285714, 0.9714285714285714)",1,96.98928571428566,18334
"(0.8372093023255814, 0.9767441860465116)",2,96.9883720930234,18336
"(0.9418604651162792, 0.9767441860465116)",1,96.9883720930234,18337
"(0.8255813953488372, 0.9767441860465116)",1,96.9883720930234,18338
"(0.6162790697674418, 1.0)",1,96.98837209302336,18339
"(0.8255813953488372, 0.9883720930232558)",2,96.98837209302336,18341
"(0.6511627906976745, 0.9651162790697676)",1,96.98837209302332,18342
"(0.8837209302325582, 0.9767441860465116)",1,96.98837209302332,18343
"(0.7906976744186046, 0.9767441860465116)",1,96.9883720930233,18344
"(0.9186046511627908, 0.9767441860465116)",2,96.98837209302329,18346
"(0.8023255813953488, 0.9651162790697676)",1,96.98837209302322,18347
"(0.7209302325581395, 0.9651162790697676)",1,96.98837209302314,18348
"(0.9791666666666666, 0.9958333333333332)",1,96.98750000000004,18349
"(0.925, 0.975)",1,96.98749999999995,18350
"(0.8875, 0.9708333333333332)",1,96.98749999999995,18351
"(0.9125, 0.9708333333333332)",1,96.98749999999994,18352
"(0.9125, 0.9916666666666668)",1,96.9874999999999,18353
"(0.9208333333333332, 0.9916666666666668)",1,96.98749999999984,18354
"(0.7916666666666666, 0.9861111111111112)",1,96.98611111111131,18355
"(0.8333333333333334, 0.9861111111111112)",1,96.9861111111113,18356
"(0.8888888888888888, 0.9861111111111112)",1,96.9861111111113,18357
"(0.8055555555555556, 0.9861111111111112)",1,96.9861111111113,18358
"(0.9166666666666666, 0.9861111111111112)",1,96.9861111111113,18359
"(0.9305555555555556, 0.9861111111111112)",1,96.98611111111128,18360
"(0.9166666666666666, 0.9861111111111112)",1,96.98611111111128,18361
"(0.8333333333333334, 0.9861111111111112)",2,96.98611111111128,18363
"(0.875, 0.9861111111111112)",1,96.98611111111128,18364
"(0.7222222222222222, 0.9861111111111112)",2,96.98611111111128,18366
"(0.9027777777777778, 0.9861111111111112)",1,96.98611111111128,18367
"(0.7916666666666666, 0.9861111111111112)",1,96.98611111111128,18368
"(0.9027777777777778, 0.9861111111111112)",1,96.98611111111128,18369
"(0.9444444444444444, 0.9722222222222222)",1,96.98611111111128,18370
"(0.8888888888888888, 0.9861111111111112)",1,96.98611111111126,18371
"(0.7638888888888888, 1.0)",2,96.9861111111112,18373
"(0.7638888888888888, 0.9861111111111112)",1,96.9861111111112,18374
"(0.8611111111111112, 1.0)",1,96.9861111111112,18375
"(0.75, 1.0)",1,96.98611111111114,18376
"(0.9305555555555556, 1.0)",1,96.98611111111114,18377
"(0.8194444444444444, 1.0)",1,96.98611111111114,18378
"(0.6805555555555556, 1.0)",3,96.98611111111111,18381
"(0.8194444444444444, 1.0)",1,96.98611111111111,18382
"(0.9714285714285714, 0.9678571428571427)",1,96.98571428571428,18383
"(0.8857142857142857, 0.975)",1,96.98571428571424,18384
"(0.8333333333333334, 1.0)",1,96.98333333333343,18385
"(0.9166666666666666, 1.0)",1,96.98333333333342,18386
"(0.8166666666666667, 1.0)",2,96.98333333333342,18388
"(0.9666666666666668, 0.9833333333333332)",2,96.98333333333342,18390
"(0.7666666666666667, 1.0)",1,96.9833333333334,18391
"(0.9333333333333332, 0.9833333333333332)",1,96.9833333333334,18392
"(0.9, 0.9833333333333332)",1,96.9833333333334,18393
"(0.95, 0.9833333333333332)",1,96.9833333333334,18394
"(0.8333333333333334, 1.0)",2,96.9833333333334,18396
"(0.8333333333333334, 1.0)",1,96.98333333333338,18397
"(0.8166666666666667, 1.0)",1,96.98333333333338,18398
"(0.9, 1.0)",1,96.98333333333336,18399
"(0.9, 0.9833333333333332)",1,96.98333333333336,18400
"(0.8833333333333333, 1.0)",1,96.98333333333332,18401
"(0.9083333333333332, 0.9833333333333332)",1,96.98333333333332,18402
"(0.85, 1.0)",1,96.98333333333332,18403
"(0.95, 1.0)",2,96.98333333333332,18405
"(0.9333333333333332, 1.0)",1,96.98333333333332,18406
"(0.9, 0.975)",1,96.98333333333328,18407
"(0.8583333333333333, 0.9958333333333332)",1,96.98333333333323,18408
"(0.9875, 0.9916666666666668)",1,96.98333333333323,18409
"(0.8375, 0.9875)",1,96.98333333333312,18410
"(0.925, 0.9678571428571427)",1,96.9821428571428,18411
"(0.9392857142857144, 0.9785714285714284)",3,96.98214285714276,18414
"(0.9583333333333334, 0.9833333333333332)",2,96.97916666666656,18416
"(0.925, 0.9833333333333332)",1,96.97916666666656,18417
"(0.9291666666666668, 0.9958333333333332)",1,96.97916666666654,18418
"(0.8464285714285714, 0.9714285714285714)",1,96.97857142857134,18419
"(0.8604651162790697, 0.9883720930232558)",1,96.97674418604664,18420
"(0.7790697674418605, 0.9883720930232558)",1,96.97674418604664,18421
"(0.9302325581395348, 0.9767441860465116)",1,96.97674418604664,18422
"(0.9302325581395348, 0.9767441860465116)",1,96.97674418604662,18423
"(0.8953488372093024, 0.9767441860465116)",1,96.97674418604656,18424
"(0.9186046511627908, 1.0)",1,96.97674418604656,18425
"(0.7790697674418605, 0.9767441860465116)",2,96.97674418604656,18427
"(0.8837209302325582, 1.0)",1,96.97674418604652,18428
"(0.8875, 0.9791666666666666)",1,96.9750000000001,18429
"(0.9291666666666668, 0.9875)",1,96.97500000000004,18430
"(0.9083333333333332, 0.9875)",1,96.97500000000002,18431
"(0.95, 0.9916666666666668)",1,96.97499999999998,18432
"(0.975, 0.9875)",1,96.97499999999994,18433
"(0.9642857142857144, 0.9714285714285714)",1,96.97499999999992,18434
"(0.9083333333333332, 0.975)",2,96.97499999999992,18436
"(0.9535714285714286, 0.9642857142857144)",5,96.97499999999988,18441
"(0.8333333333333334, 0.9861111111111112)",1,96.97222222222244,18442
"(0.7222222222222222, 0.9722222222222222)",1,96.97222222222244,18443
"(0.7916666666666666, 0.9861111111111112)",1,96.9722222222224,18444
"(0.8611111111111112, 0.9861111111111112)",1,96.9722222222224,18445
"(0.9305555555555556, 0.9861111111111112)",1,96.9722222222224,18446
"(0.8888888888888888, 0.9861111111111112)",1,96.9722222222224,18447
"(0.8611111111111112, 0.9722222222222222)",1,96.9722222222224,18448
"(0.8888888888888888, 0.9722222222222222)",1,96.97222222222236,18449
"(0.9166666666666666, 0.9861111111111112)",1,96.97222222222236,18450
"(0.9305555555555556, 0.9861111111111112)",1,96.97222222222234,18451
"(0.75, 0.9861111111111112)",1,96.97222222222231,18452
"(0.9305555555555556, 0.9722222222222222)",1,96.9722222222223,18453
"(0.7638888888888888, 1.0)",1,96.97222222222229,18454
"(0.8611111111111112, 1.0)",1,96.97222222222226,18455
"(0.9305555555555556, 1.0)",1,96.97222222222226,18456
"(0.9027777777777778, 1.0)",1,96.97222222222226,18457
"(0.8333333333333334, 1.0)",1,96.97222222222224,18458
"(0.9305555555555556, 1.0)",1,96.9722222222222,18459
"(0.8964285714285715, 0.9714285714285714)",1,96.97142857142858,18460
"(0.95, 0.9678571428571427)",1,96.97142857142856,18461
"(0.9607142857142856, 0.9785714285714284)",2,96.97142857142848,18463
"(0.9321428571428572, 0.9678571428571427)",5,96.97142857142846,18468
"(0.875, 0.9833333333333332)",1,96.97083333333345,18469
"(0.9625, 0.9791666666666666)",1,96.97083333333327,18470
"(0.8416666666666667, 0.975)",1,96.97083333333327,18471
"(0.9125, 0.9666666666666668)",1,96.97083333333327,18472
"(0.9833333333333332, 0.9958333333333332)",1,96.97083333333326,18473
"(0.9041666666666668, 1.0)",2,96.9708333333332,18475
"(0.9298245614035088, 0.9780701754385964)",3,96.96929824561408,18478
"(0.9607142857142856, 0.9678571428571427)",1,96.9678571428571,18479
"(0.9678571428571427, 0.9678571428571427)",1,96.96785714285708,18480
"(0.9714285714285714, 0.975)",3,96.96785714285706,18483
"(0.9, 1.0)",2,96.96666666666675,18485
"(0.9666666666666668, 0.9833333333333332)",2,96.96666666666674,18487
"(0.95, 0.9833333333333332)",1,96.96666666666674,18488
"(1.0, 0.9833333333333332)",2,96.96666666666674,18490
"(0.9166666666666666, 0.9833333333333332)",1,96.96666666666673,18491
"(0.9333333333333332, 0.9833333333333332)",1,96.96666666666673,18492
"(0.8333333333333334, 0.9666666666666668)",2,96.96666666666673,18494
"(0.8333333333333334, 1.0)",1,96.96666666666673,18495
"(0.6666666666666666, 1.0)",1,96.9666666666667,18496
"(0.9, 1.0)",3,96.96666666666668,18499
"(0.95, 1.0)",2,96.96666666666668,18501
"(0.9833333333333332, 1.0)",1,96.96666666666668,18502
"(0.8833333333333333, 1.0)",2,96.96666666666668,18504
"(0.8166666666666667, 1.0)",1,96.96666666666668,18505
"(0.9083333333333332, 0.9666666666666668)",1,96.9666666666666,18506
"(0.9041666666666668, 0.9916666666666668)",1,96.9666666666666,18507
"(0.9583333333333334, 0.975)",1,96.96666666666658,18508
"(0.9291666666666668, 0.9958333333333332)",1,96.96666666666658,18509
"(0.8837209302325582, 0.9767441860465116)",1,96.96511627906996,18510
"(0.8953488372093024, 0.9767441860465116)",2,96.96511627906987,18512
"(0.7906976744186046, 1.0)",1,96.96511627906985,18513
"(0.9186046511627908, 1.0)",1,96.96511627906985,18514
"(0.5930232558139535, 1.0)",2,96.96511627906982,18516
"(0.4883720930232558, 1.0)",1,96.9651162790698,18517
"(0.8604651162790697, 0.9767441860465116)",1,96.9651162790698,18518
"(0.3372093023255814, 1.0)",1,96.9651162790698,18519
"(0.813953488372093, 0.9651162790697676)",1,96.96511627906978,18520
"(0.9607142857142856, 0.9714285714285714)",2,96.96428571428564,18522
"(0.9535714285714286, 0.9607142857142856)",1,96.96428571428564,18523
"(0.95, 0.9678571428571427)",1,96.96428571428564,18524
"(0.9607142857142856, 0.9714285714285714)",1,96.96428571428562,18525
"(0.9642857142857144, 0.975)",1,96.9642857142856,18526
"(0.95, 0.9875)",1,96.9625,18527
"(0.9833333333333332, 0.9708333333333332)",1,96.96249999999998,18528
"(0.9083333333333332, 0.9791666666666666)",1,96.96249999999996,18529
"(0.9583333333333334, 0.9791666666666666)",1,96.96249999999996,18530
"(0.8833333333333333, 0.9916666666666668)",1,96.96249999999996,18531
"(0.9041666666666668, 0.9958333333333332)",1,96.96249999999992,18532
"(0.9416666666666668, 0.9875)",1,96.96249999999992,18533
"(0.9875, 0.9833333333333332)",1,96.9624999999999,18534
"(0.925, 0.9875)",1,96.96249999999988,18535
"(0.9392857142857144, 0.975)",3,96.9607142857143,18538
"(0.9107142857142856, 0.9714285714285714)",1,96.96071428571426,18539
"(0.925, 0.9714285714285714)",1,96.96071428571425,18540
"(0.8392857142857143, 0.975)",3,96.96071428571425,18543
"(0.9285714285714286, 0.975)",3,96.96071428571422,18546
"(0.9571428571428572, 0.9642857142857144)",3,96.96071428571416,18549
"(0.8194444444444444, 0.9722222222222222)",1,96.95833333333356,18550
"(0.7083333333333334, 0.9861111111111112)",1,96.95833333333351,18551
"(0.5416666666666666, 0.9861111111111112)",2,96.95833333333351,18553
"(0.8888888888888888, 0.9861111111111112)",1,96.95833333333351,18554
"(0.9444444444444444, 0.9861111111111112)",1,96.95833333333351,18555
"(0.8888888888888888, 0.9722222222222222)",1,96.95833333333351,18556
"(0.8888888888888888, 0.9861111111111112)",1,96.95833333333351,18557
"(0.6805555555555556, 0.9861111111111112)",2,96.95833333333351,18559
"(0.8888888888888888, 0.9722222222222222)",1,96.95833333333351,18560
"(0.7638888888888888, 0.9861111111111112)",1,96.95833333333351,18561
"(0.9166666666666666, 0.9861111111111112)",1,96.95833333333351,18562
"(0.9027777777777778, 0.9861111111111112)",1,96.95833333333351,18563
"(0.9861111111111112, 0.9722222222222222)",1,96.95833333333351,18564
"(0.9305555555555556, 0.9861111111111112)",1,96.9583333333335,18565
"(0.7222222222222222, 0.9722222222222222)",2,96.9583333333335,18567
"(0.7638888888888888, 0.9861111111111112)",1,96.9583333333335,18568
"(0.9027777777777778, 0.9722222222222222)",2,96.9583333333335,18570
"(0.875, 0.9722222222222222)",1,96.9583333333335,18571
"(0.6805555555555556, 0.9861111111111112)",1,96.9583333333335,18572
"(0.8888888888888888, 0.9722222222222222)",2,96.95833333333348,18574
"(0.8472222222222222, 0.9861111111111112)",1,96.95833333333346,18575
"(0.9027777777777778, 1.0)",1,96.9583333333334,18576
"(0.9444444444444444, 1.0)",2,96.9583333333334,18578
"(0.9166666666666666, 1.0)",1,96.95833333333336,18579
"(0.9305555555555556, 1.0)",1,96.95833333333336,18580
"(0.9625, 0.9875)",1,96.95833333333336,18581
"(0.7083333333333334, 1.0)",1,96.95833333333331,18582
"(0.9125, 0.975)",1,96.9583333333333,18583
"(0.8125, 0.9791666666666666)",1,96.95833333333329,18584
"(0.8125, 0.9791666666666666)",1,96.95833333333329,18585
"(0.9708333333333332, 0.8541666666666666)",1,96.95833333333329,18586
"(0.9375, 0.9875)",1,96.9583333333332,18587
"(0.9125, 0.9916666666666668)",1,96.95833333333316,18588
"(0.5628378378378378, 0.9824324324324324)",1,96.95810810810802,18589
"(0.9107142857142856, 0.9678571428571427)",3,96.95714285714284,18592
"(0.9535714285714286, 0.9714285714285714)",1,96.95714285714276,18593
"(0.9428571428571428, 0.9714285714285714)",2,96.95714285714276,18595
"(0.9642857142857144, 0.975)",1,96.9571428571427,18596
"(0.925438596491228, 0.9780701754385964)",6,96.95614035087728,18602
"(0.5402027027027027, 0.9817567567567568)",1,96.95506756756753,18603
"(0.9375, 0.9958333333333332)",1,96.95416666666668,18604
"(0.8875, 0.975)",1,96.95416666666664,18605
"(0.9125, 0.9833333333333332)",1,96.9541666666666,18606
"(0.8958333333333334, 0.9708333333333332)",1,96.9541666666666,18607
"(0.9333333333333332, 0.9875)",2,96.95416666666657,18609
"(0.8625, 0.9916666666666668)",1,96.95416666666654,18610
"(0.925, 0.975)",3,96.95357142857138,18613
"(0.95, 0.9785714285714284)",3,96.95357142857134,18616
"(0.813953488372093, 0.9883720930232558)",1,96.95348837209318,18617
"(0.8604651162790697, 0.9767441860465116)",1,96.95348837209318,18618
"(0.7558139534883721, 0.9767441860465116)",1,96.95348837209316,18619
"(0.872093023255814, 0.9883720930232558)",1,96.95348837209312,18620
"(0.7209302325581395, 0.9767441860465116)",2,96.95348837209308,18622
"(0.7790697674418605, 0.9651162790697676)",1,96.95348837209292,18623
"(0.8837209302325582, 0.9651162790697676)",1,96.95348837209288,18624
"(0.8333333333333334, 1.0)",1,96.95000000000012,18625
"(0.9333333333333332, 0.9833333333333332)",1,96.9500000000001,18626
"(0.9333333333333332, 0.9833333333333332)",1,96.95000000000007,18627
"(0.7666666666666667, 1.0)",1,96.95000000000007,18628
"(0.9833333333333332, 1.0)",1,96.95000000000007,18629
"(0.9, 1.0)",1,96.95000000000006,18630
"(0.9, 0.9833333333333332)",1,96.95000000000005,18631
"(0.95, 1.0)",2,96.95000000000005,18633
"(0.8833333333333333, 1.0)",1,96.95000000000005,18634
"(0.9, 1.0)",1,96.95000000000005,18635
"(0.8791666666666667, 0.975)",1,96.95000000000005,18636
"(0.8666666666666667, 1.0)",1,96.95000000000005,18637
"(0.9, 0.9666666666666668)",1,96.95000000000005,18638
"(0.9666666666666668, 0.9708333333333332)",1,96.95000000000002,18639
"(0.9, 0.9791666666666666)",1,96.95000000000002,18640
"(0.8833333333333333, 1.0)",2,96.95000000000002,18642
"(0.9166666666666666, 0.9708333333333332)",1,96.95000000000002,18643
"(0.9, 1.0)",1,96.95000000000002,18644
"(1.0, 1.0)",2,96.95000000000002,18646
"(0.9833333333333332, 1.0)",1,96.95,18647
"(0.8833333333333333, 1.0)",2,96.95,18649
"(0.9333333333333332, 1.0)",1,96.95,18650
"(1.0, 1.0)",3,96.95,18653
"(0.9666666666666668, 1.0)",1,96.95,18654
"(0.85, 1.0)",2,96.95,18656
"(0.7666666666666667, 1.0)",1,96.95,18657
"(0.8791666666666667, 0.975)",1,96.94999999999996,18658
"(0.8958333333333334, 0.9625)",2,96.94999999999996,18660
"(0.9642857142857144, 0.9714285714285714)",1,96.94999999999992,18661
"(0.9607142857142856, 0.9785714285714284)",1,96.94999999999992,18662
"(0.9666666666666668, 0.9875)",1,96.9499999999999,18663
"(0.9375, 0.975)",1,96.94999999999987,18664
"(0.8958333333333334, 0.9875)",1,96.94999999999986,18665
"(0.9291666666666668, 0.9958333333333332)",1,96.94999999999985,18666
"(0.9041666666666668, 0.9916666666666668)",1,96.94999999999978,18667
"(0.925438596491228, 0.9780701754385964)",1,96.94736842105264,18668
"(0.8892857142857142, 0.9714285714285714)",6,96.94642857142848,18674
"(0.9642857142857144, 0.9678571428571427)",1,96.94642857142846,18675
"(0.9208333333333332, 0.9791666666666666)",1,96.9458333333333,18676
"(0.9027777777777778, 0.9861111111111112)",1,96.94444444444468,18677
"(0.9027777777777778, 0.9722222222222222)",1,96.94444444444466,18678
"(0.75, 0.9722222222222222)",1,96.94444444444464,18679
"(0.8194444444444444, 0.9861111111111112)",1,96.94444444444464,18680
"(0.8333333333333334, 0.9722222222222222)",1,96.94444444444464,18681
"(0.9027777777777778, 0.9861111111111112)",1,96.94444444444464,18682
"(0.9166666666666666, 0.9722222222222222)",1,96.94444444444464,18683
"(0.8472222222222222, 0.9722222222222222)",1,96.9444444444446,18684
"(0.8472222222222222, 0.9722222222222222)",4,96.9444444444446,18688
"(0.7083333333333334, 0.9861111111111112)",1,96.9444444444446,18689
"(0.8472222222222222, 0.9861111111111112)",2,96.9444444444446,18691
"(0.75, 0.9722222222222222)",1,96.9444444444446,18692
"(0.875, 0.9722222222222222)",1,96.94444444444454,18693
"(0.8472222222222222, 1.0)",1,96.94444444444449,18694
"(0.9305555555555556, 1.0)",1,96.94444444444449,18695
"(0.7638888888888888, 0.9861111111111112)",2,96.94444444444446,18697
"(0.8604651162790697, 0.9767441860465116)",1,96.94186046511643,18698
"(0.8604651162790697, 0.9767441860465116)",1,96.9418604651164,18699
"(0.9302325581395348, 0.9767441860465116)",1,96.9418604651164,18700
"(0.8953488372093024, 0.9767441860465116)",1,96.9418604651164,18701
"(0.813953488372093, 0.9883720930232558)",1,96.9418604651164,18702
"(0.7209302325581395, 0.9767441860465116)",1,96.94186046511638,18703
"(0.9302325581395348, 0.9767441860465116)",1,96.94186046511638,18704
"(0.7674418604651163, 0.9883720930232558)",1,96.94186046511636,18705
"(0.9302325581395348, 0.9883720930232558)",2,96.94186046511636,18707
"(0.7790697674418605, 0.9651162790697676)",2,96.94186046511632,18709
"(0.4651162790697674, 1.0)",2,96.9418604651163,18711
"(0.9651162790697676, 0.9651162790697676)",1,96.94186046511626,18712
"(0.8372093023255814, 0.9651162790697676)",1,96.94186046511624,18713
"(0.7906976744186046, 0.9651162790697676)",1,96.9418604651162,18714
"(0.9875, 0.9833333333333332)",1,96.94166666666663,18715
"(0.9375, 0.9875)",2,96.94166666666663,18717
"(0.9291666666666668, 0.9708333333333332)",1,96.94166666666662,18718
"(0.9714285714285714, 0.975)",1,96.93928571428567,18719
"(0.9285714285714286, 0.9678571428571427)",1,96.93928571428566,18720
"(0.9327702702702704, 0.977027027027027)",1,96.93885135135127,18721
"(0.7105263157894737, 0.9912280701754386)",4,96.93859649122804,18725
"(0.8625, 0.9791666666666666)",1,96.93749999999996,18726
"(0.9041666666666668, 0.9708333333333332)",1,96.93749999999996,18727
"(0.9291666666666668, 0.975)",1,96.93749999999996,18728
"(0.8791666666666667, 0.9916666666666668)",2,96.93749999999991,18730
"(0.9875, 0.9833333333333332)",1,96.93749999999984,18731
"(0.9571428571428572, 0.9714285714285714)",2,96.93571428571424,18733
"(0.9428571428571428, 0.975)",1,96.93571428571416,18734
"(0.9, 1.0)",1,96.93333333333344,18735
"(0.8833333333333333, 1.0)",1,96.9333333333334,18736
"(0.9666666666666668, 0.9833333333333332)",2,96.9333333333334,18738
"(0.8666666666666667, 1.0)",1,96.9333333333334,18739
"(0.9333333333333332, 0.9833333333333332)",1,96.9333333333334,18740
"(0.95, 0.9833333333333332)",1,96.9333333333334,18741
"(0.9166666666666666, 1.0)",1,96.9333333333334,18742
"(0.9166666666666666, 1.0)",1,96.93333333333338,18743
"(0.75, 1.0)",1,96.93333333333338,18744
"(0.8666666666666667, 1.0)",1,96.93333333333337,18745
"(0.8333333333333334, 1.0)",2,96.93333333333337,18747
"(0.85, 1.0)",2,96.93333333333334,18749
"(0.6666666666666666, 1.0)",1,96.93333333333334,18750
"(0.9, 1.0)",1,96.93333333333334,18751
"(0.9166666666666666, 1.0)",1,96.93333333333334,18752
"(0.9333333333333332, 1.0)",1,96.93333333333334,18753
"(0.9125, 0.975)",1,96.93333333333334,18754
"(0.8666666666666667, 1.0)",2,96.93333333333334,18756
"(0.9833333333333332, 1.0)",1,96.93333333333332,18757
"(1.0, 1.0)",1,96.93333333333332,18758
"(0.8666666666666667, 0.9833333333333332)",1,96.93333333333332,18759
"(0.9291666666666668, 0.975)",1,96.93333333333332,18760
"(0.9166666666666666, 0.9666666666666668)",1,96.9333333333333,18761
"(0.8791666666666667, 0.9958333333333332)",1,96.93333333333328,18762
"(0.9416666666666668, 0.9833333333333332)",1,96.93333333333328,18763
"(0.9333333333333332, 0.9916666666666668)",1,96.93333333333324,18764
"(0.9375, 0.9833333333333332)",1,96.93333333333322,18765
"(0.9642857142857144, 0.9714285714285714)",1,96.9321428571429,18766
"(0.9428571428571428, 0.9714285714285714)",1,96.9321428571428,18767
"(0.9535714285714286, 0.9785714285714284)",2,96.93214285714278,18769
"(0.925, 0.9714285714285714)",1,96.93214285714276,18770
"(0.9392857142857144, 0.9785714285714284)",1,96.93214285714272,18771
"(0.8194444444444444, 0.9861111111111112)",1,96.93055555555576,18772
"(0.875, 0.9861111111111112)",1,96.93055555555576,18773
"(0.8611111111111112, 0.9861111111111112)",2,96.93055555555576,18775
"(0.9166666666666666, 0.9861111111111112)",2,96.93055555555576,18777
"(0.8333333333333334, 0.9722222222222222)",1,96.93055555555576,18778
"(0.7916666666666666, 0.9722222222222222)",2,96.93055555555574,18780
"(0.75, 0.9861111111111112)",1,96.93055555555574,18781
"(0.6805555555555556, 0.9861111111111112)",1,96.93055555555574,18782
"(0.9166666666666666, 0.9722222222222222)",1,96.93055555555574,18783
"(0.8472222222222222, 0.9722222222222222)",2,96.93055555555571,18785
"(0.9166666666666666, 0.9861111111111112)",1,96.93055555555571,18786
"(0.9027777777777778, 0.9861111111111112)",4,96.93055555555571,18790
"(0.8888888888888888, 0.9722222222222222)",1,96.93055555555571,18791
"(0.8194444444444444, 0.9861111111111112)",1,96.93055555555571,18792
"(0.9166666666666666, 0.9722222222222222)",1,96.93055555555571,18793
"(0.9166666666666666, 0.9722222222222222)",1,96.93055555555571,18794
"(0.9027777777777778, 0.9861111111111112)",1,96.93055555555571,18795
"(0.875, 0.9722222222222222)",1,96.93055555555571,18796
"(0.7638888888888888, 0.9722222222222222)",2,96.9305555555557,18798
"(0.875, 0.9722222222222222)",1,96.93055555555569,18799
"(0.7361111111111112, 1.0)",2,96.9305555555556,18801
"(0.8611111111111112, 1.0)",1,96.93055555555556,18802
"(0.9418604651162792, 0.9767441860465116)",1,96.93023255813968,18803
"(0.8604651162790697, 0.9767441860465116)",1,96.93023255813966,18804
"(0.8255813953488372, 0.9767441860465116)",2,96.93023255813966,18806
"(0.8604651162790697, 0.9767441860465116)",1,96.93023255813964,18807
"(0.8604651162790697, 0.9883720930232558)",1,96.93023255813962,18808
"(0.8372093023255814, 0.9767441860465116)",1,96.9302325581396,18809
"(0.8255813953488372, 0.9883720930232558)",2,96.9302325581396,18811
"(0.8255813953488372, 0.9883720930232558)",1,96.93023255813958,18812
"(0.9642857142857144, 0.9678571428571427)",1,96.9285714285714,18813
"(0.95, 0.9714285714285714)",3,96.92857142857136,18816
"(0.9833333333333332, 0.9625)",1,96.92500000000004,18817
"(0.9541666666666668, 0.975)",1,96.925,18818
"(0.8958333333333334, 0.975)",1,96.92499999999995,18819
"(0.8875, 0.9666666666666668)",1,96.92499999999995,18820
"(0.9125, 0.9833333333333332)",1,96.92499999999993,18821
"(0.95, 0.9714285714285714)",1,96.92499999999993,18822
"(0.7327702702702703, 0.979391891891892)",1,96.92364864864868,18823
"(0.9714285714285714, 0.975)",1,96.92142857142852,18824
"(0.9107142857142856, 0.9714285714285714)",1,96.92142857142848,18825
"(0.95, 0.9791666666666666)",1,96.92083333333336,18826
"(0.9375, 0.9833333333333332)",1,96.92083333333336,18827
"(0.925, 0.9833333333333332)",1,96.92083333333332,18828
"(0.9125, 0.9875)",1,96.92083333333328,18829
"(0.9208333333333332, 0.9791666666666666)",1,96.92083333333328,18830
"(0.9333333333333332, 0.9916666666666668)",1,96.92083333333316,18831
"(0.8604651162790697, 0.9767441860465116)",1,96.91860465116297,18832
"(0.813953488372093, 0.9883720930232558)",2,96.91860465116292,18834
"(0.6046511627906976, 0.9767441860465116)",1,96.91860465116292,18835
"(0.9302325581395348, 0.9767441860465116)",2,96.91860465116292,18837
"(0.9302325581395348, 0.9767441860465116)",1,96.91860465116292,18838
"(0.8255813953488372, 0.9767441860465116)",1,96.91860465116292,18839
"(0.8488372093023255, 0.9767441860465116)",1,96.9186046511629,18840
"(0.8255813953488372, 0.9883720930232558)",2,96.91860465116284,18842
"(0.8255813953488372, 0.9767441860465116)",2,96.91860465116284,18844
"(0.8023255813953488, 0.9767441860465116)",2,96.91860465116282,18846
"(0.6511627906976745, 0.9651162790697676)",2,96.91860465116278,18848
"(0.8023255813953488, 0.9767441860465116)",2,96.91860465116278,18850
"(0.8837209302325582, 0.9767441860465116)",1,96.91860465116278,18851
"(0.8255813953488372, 0.9651162790697676)",2,96.91860465116272,18853
"(0.8953488372093024, 0.9651162790697676)",1,96.91860465116272,18854
"(0.9607142857142856, 0.9714285714285714)",1,96.9178571428571,18855
"(0.9357142857142856, 0.9785714285714284)",2,96.91785714285707,18857
"(0.9571428571428572, 0.9642857142857144)",1,96.91785714285707,18858
"(0.9107142857142856, 0.975)",1,96.917857142857,18859
"(0.9037162162162162, 0.9766891891891892)",1,96.91756756756764,18860
"(0.577027027027027, 0.9837837837837838)",1,96.91689189189172,18861
"(0.8888888888888888, 0.9722222222222222)",1,96.91666666666688,18862
"(0.8333333333333334, 0.9861111111111112)",1,96.91666666666688,18863
"(0.7083333333333334, 0.9861111111111112)",1,96.91666666666688,18864
"(0.8888888888888888, 0.9861111111111112)",1,96.91666666666686,18865
"(0.8194444444444444, 0.9722222222222222)",2,96.91666666666686,18867
"(0.8194444444444444, 0.9722222222222222)",2,96.91666666666684,18869
"(0.9305555555555556, 0.9722222222222222)",1,96.91666666666684,18870
"(0.8888888888888888, 0.9861111111111112)",3,96.91666666666684,18873
"(0.9305555555555556, 0.9722222222222222)",1,96.91666666666684,18874
"(0.9027777777777778, 0.9861111111111112)",1,96.91666666666684,18875
"(0.7222222222222222, 0.9722222222222222)",1,96.91666666666684,18876
"(0.9166666666666666, 0.9722222222222222)",1,96.91666666666684,18877
"(0.7638888888888888, 0.9722222222222222)",1,96.91666666666684,18878
"(0.9166666666666666, 0.9861111111111112)",1,96.91666666666684,18879
"(0.875, 0.9583333333333334)",1,96.9166666666668,18880
"(0.9166666666666666, 1.0)",2,96.9166666666668,18882
"(0.8333333333333334, 0.9861111111111112)",1,96.9166666666668,18883
"(0.9444444444444444, 1.0)",1,96.9166666666668,18884
"(0.9, 0.9833333333333332)",1,96.91666666666676,18885
"(0.9305555555555556, 0.9861111111111112)",1,96.91666666666676,18886
"(0.7777777777777778, 1.0)",1,96.91666666666676,18887
"(0.9166666666666666, 1.0)",1,96.91666666666676,18888
"(0.8333333333333334, 0.9861111111111112)",1,96.91666666666676,18889
"(0.868421052631579, 0.9780701754385964)",1,96.91666666666674,18890
"(1.0, 0.9833333333333332)",1,96.91666666666674,18891
"(0.8666666666666667, 1.0)",1,96.91666666666671,18892
"(0.9333333333333332, 1.0)",1,96.91666666666671,18893
"(0.9166666666666666, 1.0)",1,96.91666666666671,18894
"(0.95, 0.9833333333333332)",1,96.91666666666671,18895
"(0.8166666666666667, 1.0)",1,96.91666666666671,18896
"(0.8194444444444444, 1.0)",1,96.91666666666671,18897
"(0.7638888888888888, 1.0)",1,96.91666666666671,18898
"(0.9333333333333332, 0.9833333333333332)",1,96.91666666666671,18899
"(0.8333333333333334, 1.0)",1,96.91666666666669,18900
"(0.8, 1.0)",1,96.91666666666669,18901
"(0.9458333333333332, 0.9708333333333332)",1,96.91666666666669,18902
"(0.9125, 0.9791666666666666)",1,96.91666666666669,18903
"(0.8, 1.0)",1,96.91666666666669,18904
"(0.95, 1.0)",1,96.91666666666669,18905
"(0.9666666666666668, 1.0)",1,96.91666666666669,18906
"(0.9666666666666668, 1.0)",1,96.91666666666669,18907
"(0.9833333333333332, 1.0)",3,96.91666666666666,18910
"(0.8194444444444444, 1.0)",1,96.91666666666666,18911
"(1.0, 1.0)",1,96.91666666666666,18912
"(0.925, 0.9791666666666666)",3,96.91666666666664,18915
"(0.8916666666666667, 0.9958333333333332)",2,96.91666666666664,18917
"(0.9291666666666668, 0.975)",1,96.9166666666666,18918
"(0.9333333333333332, 0.9916666666666668)",1,96.91666666666652,18919
"(0.9321428571428572, 0.9714285714285714)",1,96.91428571428564,18920
"(0.9392857142857144, 0.975)",1,96.91428571428564,18921
"(0.9333333333333332, 0.9958333333333332)",1,96.9125,18922
"(0.8666666666666667, 0.975)",2,96.91249999999997,18924
"(0.9083333333333332, 0.9958333333333332)",1,96.91249999999992,18925
"(0.925, 0.9875)",1,96.9124999999999,18926
"(0.9041666666666668, 0.9916666666666668)",1,96.91249999999984,18927
"(0.9571428571428572, 0.9714285714285714)",1,96.91071428571428,18928
"(0.9678571428571427, 0.975)",3,96.91071428571423,18931
"(0.9125, 0.9791666666666666)",1,96.90833333333332,18932
"(0.9333333333333332, 0.9916666666666668)",1,96.90833333333326,18933
"(0.8791666666666667, 0.9791666666666666)",2,96.90833333333325,18935
"(0.9208333333333332, 0.9875)",1,96.90833333333316,18936
"(0.8837209302325582, 0.9767441860465116)",1,96.90697674418624,18937
"(0.7790697674418605, 0.9767441860465116)",1,96.9069767441862,18938
"(0.872093023255814, 0.9883720930232558)",1,96.90697674418615,18939
"(0.8255813953488372, 0.9767441860465116)",1,96.90697674418614,18940
"(0.8837209302325582, 0.9651162790697676)",1,96.90697674418612,18941
"(0.7441860465116279, 0.9767441860465116)",1,96.90697674418612,18942
"(0.4883720930232558, 1.0)",1,96.90697674418604,18943
"(0.8953488372093024, 0.9767441860465116)",2,96.90697674418604,18945
"(0.7790697674418605, 0.9651162790697676)",2,96.90697674418604,18947
"(0.8372093023255814, 0.9767441860465116)",1,96.90697674418604,18948
"(0.9418604651162792, 0.9883720930232558)",1,96.906976744186,18949
"(0.8255813953488372, 0.9767441860465116)",2,96.90697674418595,18951
"(0.9534883720930232, 0.9767441860465116)",1,96.90697674418595,18952
"(0.7790697674418605, 0.9651162790697676)",1,96.90697674418594,18953
"(0.9767441860465116, 0.9534883720930232)",1,96.90697674418584,18954
"(0.872093023255814, 0.9651162790697676)",1,96.90697674418576,18955
"(0.4, 0.9882352941176472)",1,96.90588235294103,18956
"(0.9083333333333332, 0.9875)",1,96.9041666666666,18957
"(0.9458333333333332, 0.9708333333333332)",1,96.90416666666655,18958
"(0.8375, 0.9916666666666668)",1,96.9041666666665,18959
"(0.9107142857142856, 0.975)",3,96.90357142857144,18962
"(0.9305555555555556, 0.9722222222222222)",1,96.90277777777798,18963
"(0.9166666666666666, 0.9722222222222222)",1,96.90277777777796,18964
"(0.9583333333333334, 0.9861111111111112)",1,96.90277777777796,18965
"(0.8888888888888888, 0.9722222222222222)",1,96.90277777777796,18966
"(0.7916666666666666, 0.9861111111111112)",1,96.90277777777796,18967
"(0.9027777777777778, 0.9861111111111112)",1,96.90277777777796,18968
"(0.8888888888888888, 0.9583333333333334)",1,96.90277777777794,18969
"(0.8611111111111112, 0.9861111111111112)",1,96.90277777777794,18970
"(0.8888888888888888, 0.9722222222222222)",4,96.90277777777794,18974
"(0.9305555555555556, 0.9722222222222222)",1,96.90277777777794,18975
"(0.875, 0.9861111111111112)",1,96.90277777777794,18976
"(0.9305555555555556, 0.9722222222222222)",1,96.90277777777791,18977
"(0.7916666666666666, 0.9861111111111112)",1,96.90277777777791,18978
"(0.9027777777777778, 0.9861111111111112)",1,96.90277777777791,18979
"(0.7916666666666666, 0.9861111111111112)",1,96.90277777777791,18980
"(0.9027777777777778, 0.9861111111111112)",1,96.9027777777779,18981
"(0.8333333333333334, 0.9861111111111112)",2,96.90277777777789,18983
"(0.75, 0.9861111111111112)",1,96.90277777777789,18984
"(0.9305555555555556, 1.0)",1,96.90277777777786,18985
"(0.8611111111111112, 1.0)",1,96.90277777777784,18986
"(0.9166666666666666, 1.0)",2,96.90277777777784,18988
"(0.7777777777777778, 1.0)",4,96.90277777777776,18992
"(0.7083333333333334, 1.0)",4,96.90277777777776,18996
"(0.8166666666666667, 0.9833333333333332)",2,96.90000000000008,18998
"(0.8166666666666667, 0.9833333333333332)",2,96.90000000000008,19000
"(0.8666666666666667, 0.9833333333333332)",1,96.90000000000006,19001
"(0.9333333333333332, 0.9833333333333332)",2,96.90000000000006,19003
"(0.9166666666666666, 1.0)",1,96.90000000000003,19004
"(0.85, 1.0)",1,96.90000000000003,19005
"(0.7333333333333333, 1.0)",1,96.90000000000003,19006
"(0.7333333333333333, 1.0)",1,96.90000000000002,19007
"(0.9166666666666666, 1.0)",1,96.90000000000002,19008
"(0.8, 1.0)",1,96.9,19009
"(0.9, 1.0)",1,96.9,19010
"(0.95, 1.0)",1,96.9,19011
"(0.9833333333333332, 1.0)",1,96.9,19012
"(1.0, 1.0)",1,96.9,19013
"(0.8166666666666667, 1.0)",1,96.9,19014
"(0.9166666666666666, 0.9666666666666668)",2,96.89999999999998,19016
"(0.9142857142857144, 0.9785714285714284)",1,96.89999999999996,19017
"(0.9333333333333332, 0.9875)",1,96.89999999999992,19018
"(0.9333333333333332, 0.9916666666666668)",1,96.89999999999992,19019
"(0.925, 0.9785714285714284)",3,96.89999999999992,19022
"(0.9642857142857144, 0.9785714285714284)",3,96.89999999999992,19025
"(0.9607142857142856, 0.9642857142857144)",1,96.8999999999999,19026
"(0.9535714285714286, 0.9785714285714284)",1,96.8999999999999,19027
"(0.5206081081081081, 0.983108108108108)",1,96.89729729729729,19028
"(0.9107142857142856, 0.9714285714285714)",1,96.89642857142856,19029
"(0.7892857142857143, 0.975)",1,96.89642857142852,19030
"(0.9785714285714284, 0.9714285714285714)",1,96.89642857142849,19031
"(0.9125, 0.975)",1,96.89583333333334,19032
"(0.9125, 0.9666666666666668)",1,96.89583333333331,19033
"(0.9916666666666668, 0.9833333333333332)",2,96.89583333333331,19035
"(0.8666666666666667, 0.975)",1,96.89583333333329,19036
"(0.9458333333333332, 0.975)",1,96.89583333333329,19037
"(0.9375, 0.9833333333333332)",1,96.89583333333326,19038
"(0.925, 0.9833333333333332)",1,96.89583333333324,19039
"(0.875, 0.9916666666666668)",2,96.89583333333316,19041
"(0.8837209302325582, 0.9767441860465116)",2,96.89534883720935,19043
"(0.7209302325581395, 0.9883720930232558)",1,96.89534883720935,19044
"(0.8953488372093024, 0.9651162790697676)",1,96.89534883720928,19045
"(0.6511627906976745, 0.9651162790697676)",2,96.89534883720928,19047
"(0.9302325581395348, 0.9767441860465116)",1,96.89534883720924,19048
"(0.5176470588235295, 0.9882352941176472)",1,96.89411764705868,19049
"(0.9607142857142856, 0.9607142857142856)",3,96.89285714285708,19052
"(0.9571428571428572, 0.975)",3,96.89285714285704,19055
"(0.9285714285714286, 0.9785714285714284)",3,96.89285714285704,19058
"(0.9083333333333332, 0.9791666666666666)",1,96.89166666666677,19059
"(0.925, 0.9791666666666666)",2,96.89166666666677,19061
"(0.9291666666666668, 0.9833333333333332)",1,96.89166666666664,19062
"(0.9166666666666666, 0.9833333333333332)",1,96.89166666666657,19063
"(0.975, 0.9958333333333332)",1,96.89166666666657,19064
"(0.5371621621621622, 0.9841216216216216)",1,96.89087837837836,19065
"(0.9178571428571428, 0.975)",3,96.88928571428562,19068
"(0.9285714285714286, 0.975)",1,96.88928571428556,19069
"(0.8055555555555556, 0.9861111111111112)",1,96.88888888888911,19070
"(0.8888888888888888, 0.9861111111111112)",1,96.88888888888911,19071
"(0.9305555555555556, 0.9861111111111112)",1,96.88888888888911,19072
"(0.8194444444444444, 0.9861111111111112)",1,96.8888888888891,19073
"(0.9166666666666666, 0.9722222222222222)",2,96.88888888888908,19075
"(0.8055555555555556, 0.9861111111111112)",1,96.88888888888908,19076
"(0.8611111111111112, 0.9861111111111112)",1,96.88888888888908,19077
"(0.7916666666666666, 0.9861111111111112)",1,96.88888888888908,19078
"(0.9305555555555556, 0.9861111111111112)",1,96.88888888888908,19079
"(0.9166666666666666, 0.9861111111111112)",1,96.88888888888908,19080
"(0.5972222222222222, 0.9861111111111112)",1,96.88888888888908,19081
"(0.7638888888888888, 0.9722222222222222)",1,96.88888888888908,19082
"(0.8611111111111112, 0.9861111111111112)",1,96.88888888888908,19083
"(0.875, 0.9861111111111112)",1,96.88888888888906,19084
"(0.8611111111111112, 0.9861111111111112)",1,96.88888888888906,19085
"(0.9305555555555556, 0.9861111111111112)",1,96.88888888888906,19086
"(0.7777777777777778, 0.9722222222222222)",1,96.88888888888904,19087
"(0.875, 0.9722222222222222)",1,96.88888888888904,19088
"(0.7222222222222222, 0.9722222222222222)",1,96.88888888888904,19089
"(0.9305555555555556, 1.0)",1,96.888888888889,19090
"(0.6944444444444444, 0.9722222222222222)",1,96.888888888889,19091
"(0.8333333333333334, 0.9861111111111112)",1,96.888888888889,19092
"(0.8611111111111112, 1.0)",2,96.888888888889,19094
"(0.7222222222222222, 0.9722222222222222)",2,96.88888888888896,19096
"(0.9305555555555556, 1.0)",1,96.88888888888894,19097
"(0.8472222222222222, 1.0)",1,96.88888888888891,19098
"(0.7638888888888888, 1.0)",1,96.88888888888891,19099
"(0.9444444444444444, 1.0)",1,96.8888888888889,19100
"(0.7222222222222222, 1.0)",1,96.88888888888889,19101
"(0.8043918918918919, 0.9780405405405406)",1,96.88817567567568,19102
"(0.8958333333333334, 0.9833333333333332)",1,96.88750000000006,19103
"(0.9125, 0.9833333333333332)",1,96.88750000000002,19104
"(0.8791666666666667, 0.9708333333333332)",1,96.8875,19105
"(0.9625, 0.975)",2,96.88749999999992,19107
"(0.8859649122807017, 0.9912280701754386)",1,96.88596491228068,19108
"(0.9285714285714286, 0.9678571428571427)",2,96.88571428571424,19110
"(0.9571428571428572, 0.9642857142857144)",2,96.88571428571424,19112
"(0.9107142857142856, 0.975)",2,96.88571428571422,19114
"(0.9037162162162162, 0.977027027027027)",1,96.88547297297296,19115
"(0.7441860465116279, 0.9883720930232558)",1,96.8837209302327,19116
"(0.8255813953488372, 0.9767441860465116)",1,96.88372093023266,19117
"(0.9186046511627908, 0.9883720930232558)",1,96.88372093023264,19118
"(0.8488372093023255, 0.9651162790697676)",1,96.88372093023264,19119
"(0.5930232558139535, 1.0)",1,96.8837209302326,19120
"(0.7674418604651163, 0.9883720930232558)",1,96.8837209302326,19121
"(0.8488372093023255, 0.9651162790697676)",1,96.88372093023244,19122
"(0.8372093023255814, 0.9651162790697676)",1,96.88372093023236,19123
"(0.7666666666666667, 0.9833333333333332)",1,96.8833333333334,19124
"(0.9333333333333332, 0.9833333333333332)",1,96.8833333333334,19125
"(0.95, 0.9833333333333332)",2,96.8833333333334,19127
"(0.8666666666666667, 0.975)",1,96.88333333333338,19128
"(0.7333333333333333, 1.0)",1,96.88333333333338,19129
"(0.7333333333333333, 1.0)",1,96.88333333333335,19130
"(0.8, 1.0)",1,96.88333333333335,19131
"(0.8833333333333333, 1.0)",2,96.88333333333334,19133
"(0.9083333333333332, 0.9833333333333332)",1,96.88333333333334,19134
"(0.8, 1.0)",1,96.88333333333333,19135
"(0.9166666666666666, 1.0)",1,96.88333333333333,19136
"(0.8958333333333334, 0.9875)",2,96.88333333333333,19138
"(0.9875, 0.9916666666666668)",1,96.88333333333328,19139
"(0.9333333333333332, 0.9958333333333332)",1,96.88333333333324,19140
"(0.9571428571428572, 0.9714285714285714)",1,96.88214285714275,19141
"(0.9392857142857144, 0.9714285714285714)",1,96.88214285714275,19142
"(0.9, 0.975)",1,96.8791666666666,19143
"(0.8357142857142857, 0.975)",1,96.8785714285713,19144
"(0.9035714285714286, 0.975)",1,96.87857142857128,19145
"(0.8333333333333334, 0.9861111111111112)",1,96.8750000000002,19146
"(0.8888888888888888, 0.9861111111111112)",1,96.8750000000002,19147
"(0.8194444444444444, 0.9861111111111112)",1,96.8750000000002,19148
"(0.6944444444444444, 0.9722222222222222)",1,96.8750000000002,19149
"(0.8194444444444444, 0.9722222222222222)",1,96.87500000000018,19150
"(0.875, 0.9861111111111112)",1,96.87500000000018,19151
"(0.9722222222222222, 0.9861111111111112)",2,96.87500000000018,19153
"(0.9027777777777778, 0.9861111111111112)",1,96.87500000000016,19154
"(0.9861111111111112, 0.9722222222222222)",1,96.87500000000016,19155
"(0.9166666666666666, 0.9722222222222222)",1,96.87500000000016,19156
"(0.9166666666666666, 0.9861111111111112)",1,96.87500000000016,19157
"(0.8888888888888888, 0.9861111111111112)",1,96.87500000000016,19158
"(0.7638888888888888, 0.9861111111111112)",1,96.87500000000016,19159
"(0.7361111111111112, 0.9861111111111112)",1,96.87500000000016,19160
"(0.625, 0.9722222222222222)",1,96.87500000000016,19161
"(0.875, 0.9722222222222222)",2,96.87500000000016,19163
"(0.8888888888888888, 0.9861111111111112)",2,96.87500000000014,19165
"(0.8194444444444444, 0.9722222222222222)",1,96.87500000000014,19166
"(0.9305555555555556, 0.9861111111111112)",1,96.87500000000014,19167
"(0.8888888888888888, 0.9861111111111112)",1,96.87500000000011,19168
"(0.7361111111111112, 0.9861111111111112)",1,96.87500000000011,19169
"(0.8194444444444444, 1.0)",2,96.87500000000009,19171
"(0.8055555555555556, 1.0)",2,96.87500000000006,19173
"(0.7083333333333334, 1.0)",1,96.87500000000006,19174
"(0.9166666666666666, 1.0)",1,96.87500000000006,19175
"(0.7083333333333334, 1.0)",1,96.87500000000004,19176
"(0.9458333333333332, 0.9708333333333332)",1,96.875,19177
"(0.9416666666666668, 0.9791666666666666)",1,96.875,19178
"(0.9785714285714284, 0.9714285714285714)",1,96.875,19179
"(0.8611111111111112, 1.0)",4,96.875,19183
"(1.0, 0.9791666666666666)",1,96.87499999999996,19184
"(0.9142857142857144, 0.975)",3,96.87499999999996,19187
"(0.9083333333333332, 0.9916666666666668)",1,96.8749999999999,19188
"(0.95, 0.975)",1,96.87499999999989,19189
"(0.7906976744186046, 0.9767441860465116)",1,96.87209302325596,19190
"(0.813953488372093, 0.9883720930232558)",1,96.87209302325596,19191
"(0.8837209302325582, 0.9767441860465116)",1,96.87209302325591,19192
"(0.8372093023255814, 0.9767441860465116)",1,96.87209302325591,19193
"(0.872093023255814, 0.9883720930232558)",1,96.87209302325591,19194
"(0.8837209302325582, 0.9767441860465116)",1,96.8720930232558,19195
"(0.813953488372093, 0.9651162790697676)",1,96.87209302325576,19196
"(0.8255813953488372, 0.9651162790697676)",2,96.87209302325574,19198
"(0.9131756756756756, 0.977027027027027)",1,96.87094594594596,19199
"(0.9625, 0.9625)",1,96.87083333333337,19200
"(1.0, 1.0)",1,96.87083333333337,19201
"(0.9125, 0.975)",1,96.87083333333334,19202
"(0.8791666666666667, 0.9583333333333334)",1,96.87083333333332,19203
"(0.9458333333333332, 0.975)",1,96.87083333333328,19204
"(0.925, 0.975)",3,96.86785714285716,19207
"(0.925, 0.975)",1,96.86785714285703,19208
"(0.8166666666666667, 0.9833333333333332)",1,96.86666666666676,19209
"(0.95, 0.9833333333333332)",1,96.86666666666676,19210
"(0.9, 0.9833333333333332)",1,96.86666666666676,19211
"(0.9333333333333332, 0.9833333333333332)",1,96.86666666666676,19212
"(0.85, 1.0)",1,96.8666666666667,19213
"(0.8666666666666667, 1.0)",1,96.8666666666667,19214
"(0.8, 1.0)",1,96.86666666666667,19215
"(0.85, 1.0)",2,96.86666666666667,19217
"(0.8833333333333333, 1.0)",2,96.86666666666667,19219
"(0.7833333333333333, 1.0)",1,96.86666666666667,19220
"(0.9166666666666666, 1.0)",1,96.86666666666667,19221
"(0.9833333333333332, 1.0)",1,96.86666666666667,19222
"(0.9666666666666668, 1.0)",1,96.86666666666667,19223
"(0.9666666666666668, 1.0)",1,96.86666666666666,19224
"(0.95, 0.9875)",1,96.86666666666665,19225
"(0.8958333333333334, 0.9833333333333332)",1,96.86666666666665,19226
"(0.9458333333333332, 0.9791666666666666)",1,96.8666666666666,19227
"(0.8458333333333333, 0.9875)",2,96.8666666666666,19229
"(0.8791666666666667, 0.975)",1,96.86666666666656,19230
"(0.8810810810810811, 0.9773648648648648)",1,96.86621621621627,19231
"(0.9277027027027028, 0.9780405405405406)",1,96.86486486486488,19232
"(0.95, 0.9714285714285714)",1,96.86428571428564,19233
"(0.9678571428571427, 0.9678571428571427)",1,96.86428571428564,19234
"(0.9131756756756756, 0.9777027027027028)",1,96.86250000000004,19235
"(0.9458333333333332, 0.9541666666666668)",1,96.86249999999998,19236
"(0.9125, 0.9708333333333332)",1,96.86249999999998,19237
"(0.9166666666666666, 0.9666666666666668)",2,96.86249999999995,19239
"(0.9083333333333332, 0.9833333333333332)",1,96.86249999999995,19240
"(0.8611111111111112, 0.9861111111111112)",1,96.86111111111131,19241
"(0.625, 0.9722222222222222)",1,96.8611111111113,19242
"(0.7638888888888888, 0.9722222222222222)",1,96.8611111111113,19243
"(0.6944444444444444, 0.9861111111111112)",1,96.8611111111113,19244
"(0.8888888888888888, 0.9722222222222222)",2,96.8611111111113,19246
"(0.875, 0.9861111111111112)",1,96.86111111111128,19247
"(0.875, 0.9722222222222222)",1,96.86111111111128,19248
"(0.9027777777777778, 0.9861111111111112)",1,96.86111111111128,19249
"(0.9305555555555556, 0.9722222222222222)",1,96.86111111111128,19250
"(0.6944444444444444, 0.9722222222222222)",1,96.86111111111128,19251
"(0.9166666666666666, 0.9722222222222222)",1,96.86111111111128,19252
"(0.9027777777777778, 0.9861111111111112)",1,96.86111111111128,19253
"(0.875, 0.9583333333333334)",1,96.86111111111126,19254
"(0.8611111111111112, 0.9861111111111112)",1,96.86111111111126,19255
"(0.9444444444444444, 0.9861111111111112)",1,96.86111111111126,19256
"(0.9722222222222222, 0.9861111111111112)",1,96.86111111111126,19257
"(0.9305555555555556, 0.9722222222222222)",1,96.86111111111126,19258
"(0.7222222222222222, 0.9722222222222222)",2,96.86111111111124,19260
"(0.9444444444444444, 0.9861111111111112)",1,96.8611111111112,19261
"(0.9027777777777778, 1.0)",1,96.8611111111112,19262
"(0.7361111111111112, 1.0)",1,96.86111111111116,19263
"(0.7916666666666666, 1.0)",1,96.86111111111116,19264
"(0.7638888888888888, 0.9861111111111112)",1,96.86111111111116,19265
"(0.75, 1.0)",1,96.86111111111114,19266
"(0.9027777777777778, 0.9861111111111112)",1,96.86111111111114,19267
"(0.7916666666666666, 1.0)",1,96.86111111111111,19268
"(0.9678571428571427, 0.9714285714285714)",3,96.86071428571418,19271
"(0.9651162790697676, 0.9767441860465116)",1,96.86046511627916,19272
"(0.7209302325581395, 0.9767441860465116)",1,96.86046511627916,19273
"(0.7674418604651163, 1.0)",3,96.8604651162791,19276
"(0.872093023255814, 0.9883720930232558)",1,96.8604651162791,19277
"(0.8837209302325582, 0.9767441860465116)",1,96.86046511627904,19278
"(0.8255813953488372, 0.9767441860465116)",1,96.86046511627904,19279
"(0.8023255813953488, 0.9651162790697676)",2,96.860465116279,19281
"(0.5402027027027027, 0.9820945945945946)",1,96.8591216216216,19282
"(0.6352941176470588, 0.9529411764705882)",1,96.8588235294117,19283
"(0.9291666666666668, 0.9625)",2,96.85833333333336,19285
"(0.9125, 0.9666666666666668)",1,96.8583333333333,19286
"(0.95, 0.9875)",2,96.85833333333328,19288
"(0.8125, 0.9875)",1,96.85833333333328,19289
"(0.9916666666666668, 0.8583333333333333)",1,96.85833333333326,19290
"(0.9392857142857144, 0.975)",2,96.85714285714272,19292
"(0.95, 0.975)",1,96.8571428571427,19293
"(0.5736486486486486, 0.9837837837837838)",1,96.85675675675672,19294
"(0.63, 0.9875)",1,96.85624999999996,19295
"(0.831081081081081, 0.979391891891892)",1,96.85574324324335,19296
"(0.9458333333333332, 0.9833333333333332)",1,96.8541666666667,19297
"(0.8958333333333334, 0.95)",1,96.8541666666666,19298
"(0.9, 0.9875)",1,96.8541666666666,19299
"(0.9642857142857144, 0.975)",1,96.8535714285714,19300
"(0.9607142857142856, 0.9678571428571427)",3,96.8535714285714,19303
"(0.95, 0.9785714285714284)",3,96.85357142857136,19306
"(0.8166666666666667, 1.0)",1,96.85000000000012,19307
"(0.9333333333333332, 0.9833333333333332)",1,96.8500000000001,19308
"(0.9166666666666666, 0.9833333333333332)",1,96.85000000000008,19309
"(0.8666666666666667, 1.0)",1,96.85000000000004,19310
"(0.8333333333333334, 1.0)",1,96.85000000000004,19311
"(0.95, 0.9833333333333332)",1,96.85000000000004,19312
"(0.9833333333333332, 1.0)",1,96.85000000000002,19313
"(0.85, 1.0)",3,96.85,19316
"(0.7666666666666667, 1.0)",1,96.85,19317
"(0.8, 1.0)",1,96.85,19318
"(0.8333333333333334, 1.0)",1,96.85,19319
"(0.925, 0.9666666666666668)",1,96.84999999999997,19320
"(0.9678571428571427, 0.9714285714285714)",1,96.84999999999994,19321
"(0.9535714285714286, 0.9785714285714284)",1,96.84999999999988,19322
"(0.813953488372093, 0.9767441860465116)",1,96.84883720930247,19323
"(0.8604651162790697, 0.9767441860465116)",1,96.84883720930247,19324
"(0.7790697674418605, 0.9767441860465116)",1,96.84883720930245,19325
"(0.7209302325581395, 0.9767441860465116)",1,96.84883720930242,19326
"(0.627906976744186, 0.9767441860465116)",1,96.8488372093024,19327
"(0.8837209302325582, 0.9651162790697676)",1,96.8488372093023,19328
"(0.8837209302325582, 0.9651162790697676)",1,96.84883720930227,19329
"(0.872093023255814, 0.9651162790697676)",1,96.84883720930212,19330
"(0.9166666666666666, 0.9861111111111112)",1,96.84722222222244,19331
"(0.9305555555555556, 0.9722222222222222)",1,96.84722222222244,19332
"(0.9305555555555556, 0.9861111111111112)",1,96.8472222222224,19333
"(0.8472222222222222, 0.9722222222222222)",3,96.8472222222224,19336
"(0.8888888888888888, 0.9861111111111112)",2,96.8472222222224,19338
"(0.9305555555555556, 0.9861111111111112)",1,96.8472222222224,19339
"(0.9027777777777778, 0.9861111111111112)",1,96.8472222222224,19340
"(0.7916666666666666, 0.9861111111111112)",2,96.8472222222224,19342
"(0.7638888888888888, 0.9722222222222222)",1,96.8472222222224,19343
"(0.8194444444444444, 0.9861111111111112)",1,96.8472222222224,19344
"(0.8888888888888888, 0.9861111111111112)",4,96.84722222222238,19348
"(0.875, 0.9722222222222222)",1,96.84722222222236,19349
"(0.9305555555555556, 0.9861111111111112)",1,96.84722222222236,19350
"(0.875, 0.9722222222222222)",5,96.84722222222236,19355
"(0.8472222222222222, 0.9722222222222222)",1,96.84722222222236,19356
"(0.8333333333333334, 0.9861111111111112)",1,96.84722222222236,19357
"(0.9166666666666666, 1.0)",1,96.84722222222234,19358
"(0.8888888888888888, 1.0)",2,96.84722222222229,19360
"(0.8194444444444444, 1.0)",1,96.84722222222229,19361
"(0.9027777777777778, 1.0)",1,96.84722222222226,19362
"(0.8611111111111112, 1.0)",1,96.84722222222224,19363
"(0.9444444444444444, 1.0)",2,96.8472222222222,19365
"(0.9785714285714284, 0.9607142857142856)",5,96.84642857142848,19370
"(0.9142857142857144, 0.975)",1,96.84642857142848,19371
"(0.9571428571428572, 0.975)",3,96.84642857142848,19374
"(0.9535714285714286, 0.975)",1,96.84642857142848,19375
"(0.8571428571428571, 0.9785714285714284)",2,96.84642857142843,19377
"(0.925, 0.9791666666666666)",1,96.8458333333334,19378
"(0.8666666666666667, 0.9791666666666666)",2,96.84583333333336,19380
"(0.9083333333333332, 0.975)",1,96.84583333333332,19381
"(0.9208333333333332, 0.9958333333333332)",1,96.84583333333327,19382
"(0.9166666666666666, 0.95)",1,96.84583333333326,19383
"(0.9458333333333332, 0.975)",1,96.84583333333325,19384
"(0.8702702702702703, 0.9773648648648648)",1,96.84493243243236,19385
"(0.9429824561403508, 0.9912280701754386)",3,96.84210526315788,19388
"(0.9166666666666666, 0.9666666666666668)",1,96.84166666666664,19389
"(0.8958333333333334, 0.9708333333333332)",1,96.8375,19390
"(0.9791666666666666, 0.9958333333333332)",1,96.8375,19391
"(0.9458333333333332, 0.9833333333333332)",2,96.83749999999996,19393
"(0.8791666666666667, 0.975)",1,96.83749999999992,19394
"(0.8953488372093024, 0.9883720930232558)",1,96.83720930232572,19395
"(0.8837209302325582, 0.9767441860465116)",1,96.83720930232572,19396
"(0.8255813953488372, 0.9767441860465116)",1,96.83720930232568,19397
"(0.8604651162790697, 0.9767441860465116)",1,96.83720930232568,19398
"(0.8255813953488372, 1.0)",1,96.83720930232568,19399
"(0.8837209302325582, 0.9767441860465116)",1,96.83720930232566,19400
"(0.8372093023255814, 0.9767441860465116)",1,96.83720930232565,19401
"(0.7674418604651163, 0.9767441860465116)",1,96.83720930232565,19402
"(0.9534883720930232, 0.9883720930232558)",1,96.83720930232565,19403
"(0.7093023255813954, 0.9767441860465116)",1,96.83720930232565,19404
"(0.9186046511627908, 0.9767441860465116)",1,96.83720930232565,19405
"(0.9302325581395348, 0.9767441860465116)",1,96.8372093023256,19406
"(0.8953488372093024, 0.9767441860465116)",1,96.83720930232556,19407
"(0.8953488372093024, 0.9651162790697676)",2,96.83720930232546,19409
"(0.9302325581395348, 0.9651162790697676)",1,96.83720930232543,19410
"(0.9357142857142856, 0.975)",3,96.83571428571425,19413
"(0.9285714285714286, 0.9714285714285714)",1,96.83571428571425,19414
"(0.9535714285714286, 0.975)",2,96.8357142857142,19416
"(0.9535714285714286, 0.975)",1,96.83571428571418,19417
"(0.9166666666666666, 0.9722222222222222)",1,96.83333333333356,19418
"(0.8333333333333334, 0.9861111111111112)",1,96.83333333333354,19419
"(0.8055555555555556, 0.9722222222222222)",1,96.83333333333351,19420
"(0.8888888888888888, 0.9861111111111112)",1,96.83333333333351,19421
"(0.8194444444444444, 0.9861111111111112)",1,96.83333333333351,19422
"(0.7083333333333334, 0.9861111111111112)",1,96.83333333333351,19423
"(0.7083333333333334, 0.9861111111111112)",6,96.83333333333351,19429
"(0.8194444444444444, 0.9861111111111112)",1,96.83333333333348,19430
"(0.8611111111111112, 0.9722222222222222)",1,96.83333333333348,19431
"(0.8611111111111112, 0.9861111111111112)",1,96.83333333333348,19432
"(0.5555555555555556, 0.9583333333333334)",1,96.83333333333348,19433
"(0.8888888888888888, 0.9861111111111112)",2,96.83333333333348,19435
"(0.9166666666666666, 0.9722222222222222)",1,96.83333333333348,19436
"(0.9333333333333332, 1.0)",1,96.83333333333344,19437
"(0.9166666666666666, 1.0)",1,96.8333333333334,19438
"(0.9666666666666668, 0.9833333333333332)",1,96.8333333333334,19439
"(0.8333333333333334, 1.0)",1,96.8333333333334,19440
"(0.8875, 0.9708333333333332)",1,96.8333333333334,19441
"(0.7638888888888888, 1.0)",1,96.8333333333334,19442
"(0.9166666666666666, 0.9833333333333332)",2,96.8333333333334,19444
"(0.9, 0.9833333333333332)",1,96.8333333333334,19445
"(0.7777777777777778, 0.9861111111111112)",1,96.8333333333334,19446
"(0.875, 1.0)",1,96.8333333333334,19447
"(0.8194444444444444, 1.0)",2,96.8333333333334,19449
"(0.8666666666666667, 0.9833333333333332)",1,96.8333333333334,19450
"(0.9166666666666666, 1.0)",1,96.8333333333334,19451
"(0.9, 1.0)",1,96.83333333333336,19452
"(0.6944444444444444, 1.0)",1,96.83333333333336,19453
"(0.7333333333333333, 1.0)",2,96.83333333333336,19455
"(0.7333333333333333, 1.0)",1,96.83333333333336,19456
"(0.8166666666666667, 1.0)",1,96.83333333333336,19457
"(0.8333333333333334, 1.0)",2,96.83333333333334,19459
"(1.0, 1.0)",1,96.83333333333334,19460
"(0.9027777777777778, 1.0)",2,96.83333333333334,19462
"(0.9305555555555556, 1.0)",1,96.83333333333334,19463
"(0.9583333333333334, 1.0)",2,96.83333333333334,19465
"(0.75, 1.0)",1,96.83333333333334,19466
"(0.9666666666666668, 1.0)",1,96.83333333333334,19467
"(0.9666666666666668, 1.0)",1,96.83333333333331,19468
"(0.9333333333333332, 1.0)",1,96.83333333333331,19469
"(0.8833333333333333, 1.0)",1,96.83333333333331,19470
"(0.925, 0.9958333333333332)",1,96.8333333333333,19471
"(0.95, 0.9916666666666668)",1,96.83333333333329,19472
"(0.9875, 0.8625)",1,96.83333333333326,19473
"(0.9142857142857144, 0.9714285714285714)",3,96.83214285714284,19476
"(0.9642857142857144, 0.975)",1,96.83214285714284,19477
"(0.9642857142857144, 0.9714285714285714)",1,96.83214285714278,19478
"(0.9571428571428572, 0.9785714285714284)",1,96.83214285714274,19479
"(0.9178571428571428, 0.9785714285714284)",1,96.83214285714274,19480
"(0.8043918918918919, 0.979054054054054)",1,96.83074324324323,19481
"(0.572972972972973, 0.983108108108108)",1,96.83040540540551,19482
"(0.8958333333333334, 0.9833333333333332)",2,96.82916666666668,19484
"(0.9166666666666666, 0.9791666666666666)",1,96.82916666666664,19485
"(0.9541666666666668, 0.9833333333333332)",2,96.8291666666666,19487
"(0.9166666666666666, 0.975)",1,96.82916666666658,19488
"(0.9125, 0.9916666666666668)",2,96.82916666666652,19490
"(0.9607142857142856, 0.9642857142857144)",1,96.82857142857144,19491
"(0.9464285714285714, 0.9714285714285714)",1,96.82857142857137,19492
"(0.9571428571428572, 0.9642857142857144)",1,96.8285714285713,19493
"(0.8255813953488372, 0.9767441860465116)",1,96.82558139534903,19494
"(0.8837209302325582, 0.9883720930232558)",1,96.825581395349,19495
"(0.8255813953488372, 0.9883720930232558)",1,96.82558139534896,19496
"(0.8255813953488372, 0.9883720930232558)",1,96.82558139534892,19497
"(0.8604651162790697, 0.9651162790697676)",1,96.8255813953489,19498
"(0.7558139534883721, 0.9883720930232558)",1,96.8255813953488,19499
"(0.8023255813953488, 0.9651162790697676)",1,96.8255813953488,19500
"(0.8604651162790697, 0.9767441860465116)",1,96.82558139534878,19501
"(0.8255813953488372, 0.9767441860465116)",1,96.82558139534876,19502
"(0.6511627906976745, 0.9651162790697676)",1,96.82558139534868,19503
"(0.8488372093023255, 0.9651162790697676)",1,96.82558139534862,19504
"(0.8875, 0.9783783783783784)",1,96.82500000000007,19505
"(0.9333333333333332, 0.9791666666666666)",1,96.82500000000006,19506
"(0.8958333333333334, 0.9666666666666668)",1,96.825,19507
"(0.8821428571428571, 0.9607142857142856)",3,96.82499999999996,19510
"(0.9083333333333332, 0.975)",1,96.82499999999996,19511
"(0.8625, 0.9708333333333332)",1,96.82499999999996,19512
"(0.9291666666666668, 0.9875)",1,96.82499999999992,19513
"(0.95, 0.9916666666666668)",1,96.82499999999992,19514
"(0.8958333333333334, 0.9958333333333332)",2,96.82499999999992,19516
"(0.9535714285714286, 0.975)",1,96.82499999999992,19517
"(0.8791666666666667, 0.975)",1,96.82499999999992,19518
"(0.9607142857142856, 0.9714285714285714)",1,96.82142857142853,19519
"(0.9214285714285714, 0.975)",1,96.82142857142853,19520
"(0.8892857142857142, 0.9678571428571427)",1,96.8214285714285,19521
"(0.9607142857142856, 0.9714285714285714)",2,96.82142857142848,19523
"(0.9375, 0.9875)",1,96.8208333333333,19524
"(0.9625, 0.9916666666666668)",1,96.82083333333324,19525
"(0.9083333333333332, 0.9875)",1,96.82083333333324,19526
"(0.9291666666666668, 0.9958333333333332)",1,96.82083333333316,19527
"(0.625, 0.9722222222222222)",1,96.81944444444464,19528
"(0.7916666666666666, 0.9861111111111112)",1,96.81944444444464,19529
"(0.7638888888888888, 0.9861111111111112)",1,96.81944444444464,19530
"(0.9166666666666666, 0.9722222222222222)",1,96.81944444444464,19531
"(0.8888888888888888, 0.9861111111111112)",2,96.81944444444464,19533
"(0.8472222222222222, 0.9722222222222222)",2,96.81944444444464,19535
"(0.7916666666666666, 0.9722222222222222)",2,96.81944444444464,19537
"(0.8888888888888888, 0.9722222222222222)",1,96.81944444444464,19538
"(0.7916666666666666, 0.9861111111111112)",2,96.81944444444464,19540
"(0.6944444444444444, 0.9722222222222222)",1,96.81944444444464,19541
"(0.8194444444444444, 0.9861111111111112)",1,96.81944444444464,19542
"(0.9027777777777778, 0.9861111111111112)",1,96.81944444444464,19543
"(0.9444444444444444, 0.9722222222222222)",1,96.8194444444446,19544
"(0.8472222222222222, 0.9861111111111112)",2,96.8194444444446,19546
"(0.5555555555555556, 0.9861111111111112)",1,96.8194444444446,19547
"(0.9861111111111112, 0.9722222222222222)",1,96.8194444444446,19548
"(0.7638888888888888, 0.9861111111111112)",1,96.8194444444446,19549
"(0.7222222222222222, 0.9722222222222222)",1,96.8194444444446,19550
"(0.9027777777777778, 0.9861111111111112)",1,96.8194444444446,19551
"(0.9305555555555556, 0.9861111111111112)",2,96.81944444444456,19553
"(0.7916666666666666, 0.9861111111111112)",1,96.81944444444456,19554
"(0.8472222222222222, 1.0)",1,96.81944444444456,19555
"(0.8333333333333334, 0.9861111111111112)",3,96.81944444444456,19558
"(0.875, 0.9861111111111112)",1,96.81944444444451,19559
"(0.8888888888888888, 1.0)",1,96.81944444444451,19560
"(0.9583333333333334, 1.0)",1,96.8194444444445,19561
"(0.8194444444444444, 1.0)",1,96.81944444444449,19562
"(0.8888888888888888, 1.0)",1,96.81944444444449,19563
"(0.9027777777777778, 1.0)",1,96.81944444444449,19564
"(0.9305555555555556, 1.0)",1,96.81944444444446,19565
"(0.7361111111111112, 1.0)",1,96.81944444444444,19566
"(0.9714285714285714, 0.9714285714285714)",3,96.81785714285716,19569
"(0.9107142857142856, 0.9714285714285714)",3,96.81785714285716,19572
"(0.9607142857142856, 0.9642857142857144)",3,96.81785714285704,19575
"(0.9392857142857144, 0.9714285714285714)",3,96.81785714285702,19578
"(0.85, 1.0)",1,96.8166666666668,19579
"(0.9, 0.9833333333333332)",1,96.81666666666678,19580
"(0.9333333333333332, 0.9833333333333332)",3,96.81666666666672,19583
"(0.8166666666666667, 0.9833333333333332)",2,96.81666666666672,19585
"(0.9, 0.9833333333333332)",1,96.81666666666672,19586
"(0.9333333333333332, 0.9833333333333332)",1,96.81666666666672,19587
"(0.8333333333333334, 1.0)",1,96.81666666666668,19588
"(0.8875, 0.9791666666666666)",1,96.81666666666668,19589
"(0.85, 1.0)",1,96.81666666666666,19590
"(0.7166666666666667, 1.0)",2,96.81666666666666,19592
"(1.0, 1.0)",1,96.81666666666666,19593
"(0.95, 1.0)",1,96.81666666666666,19594
"(0.9, 1.0)",2,96.81666666666666,19596
"(0.9125, 0.9791666666666666)",2,96.81666666666663,19598
"(0.9875, 0.8583333333333333)",1,96.8166666666666,19599
"(0.95, 0.9875)",1,96.81666666666658,19600
"(0.8964285714285715, 0.9678571428571427)",1,96.8142857142857,19601
"(0.95, 0.975)",2,96.81428571428566,19603
"(0.95, 0.9714285714285714)",1,96.81428571428565,19604
"(0.9178571428571428, 0.9785714285714284)",2,96.81428571428562,19606
"(0.8604651162790697, 0.9767441860465116)",1,96.81395348837223,19607
"(0.8255813953488372, 0.9767441860465116)",1,96.81395348837222,19608
"(0.8604651162790697, 0.9767441860465116)",2,96.8139534883722,19610
"(0.9186046511627908, 1.0)",1,96.8139534883722,19611
"(0.9651162790697676, 0.9767441860465116)",1,96.8139534883722,19612
"(0.8604651162790697, 0.9767441860465116)",1,96.81395348837218,19613
"(0.8837209302325582, 1.0)",1,96.8139534883721,19614
"(0.7441860465116279, 1.0)",1,96.8139534883721,19615
"(0.8604651162790697, 0.9767441860465116)",1,96.81395348837208,19616
"(0.8953488372093024, 0.9767441860465116)",1,96.81395348837208,19617
"(0.9166666666666666, 0.9708333333333332)",1,96.81249999999991,19618
"(0.9791666666666666, 0.85)",1,96.8124999999999,19619
"(0.9458333333333332, 0.975)",1,96.81249999999989,19620
"(0.9647058823529412, 0.9882352941176472)",1,96.8117647058822,19621
"(0.868421052631579, 0.9824561403508772)",1,96.81140350877207,19622
"(0.925, 0.9785714285714284)",1,96.81071428571428,19623
"(0.9535714285714286, 0.9714285714285714)",3,96.81071428571424,19626
"(0.9571428571428572, 0.9785714285714284)",2,96.8107142857142,19628
"(0.8964285714285715, 0.9714285714285714)",1,96.81071428571418,19629
"(0.9214285714285714, 0.975)",3,96.81071428571418,19632
"(0.9535714285714286, 0.9785714285714284)",3,96.81071428571416,19635
"(0.9291666666666668, 0.9916666666666668)",1,96.8083333333332,19636
"(0.9041666666666668, 0.9916666666666668)",1,96.80833333333312,19637
"(0.5331081081081082, 0.9827702702702704)",1,96.8074324324325,19638
"(0.9535714285714286, 0.9714285714285714)",3,96.80714285714278,19641
"(0.9107142857142856, 0.9714285714285714)",1,96.80714285714276,19642
"(0.9535714285714286, 0.9785714285714284)",3,96.80714285714272,19645
"(0.8245614035087719, 0.9824561403508772)",1,96.80701754385969,19646
"(0.8194444444444444, 0.9722222222222222)",1,96.80555555555576,19647
"(0.75, 0.9861111111111112)",1,96.80555555555576,19648
"(0.9583333333333334, 0.9861111111111112)",1,96.80555555555574,19649
"(0.7083333333333334, 0.9861111111111112)",1,96.80555555555574,19650
"(0.8333333333333334, 0.9861111111111112)",1,96.80555555555574,19651
"(0.9027777777777778, 0.9861111111111112)",1,96.80555555555574,19652
"(0.8194444444444444, 0.9861111111111112)",5,96.80555555555574,19657
"(0.875, 0.9861111111111112)",1,96.80555555555574,19658
"(0.8611111111111112, 0.9861111111111112)",1,96.80555555555571,19659
"(0.8194444444444444, 0.9861111111111112)",1,96.80555555555571,19660
"(0.8472222222222222, 0.9722222222222222)",1,96.80555555555571,19661
"(0.75, 0.9722222222222222)",1,96.80555555555571,19662
"(0.9861111111111112, 0.9722222222222222)",1,96.80555555555571,19663
"(0.8888888888888888, 0.9861111111111112)",1,96.80555555555571,19664
"(0.9444444444444444, 0.9861111111111112)",1,96.80555555555569,19665
"(0.9444444444444444, 1.0)",1,96.80555555555564,19666
"(0.7638888888888888, 1.0)",1,96.80555555555564,19667
"(0.8194444444444444, 1.0)",1,96.8055555555556,19668
"(0.8333333333333334, 1.0)",1,96.8055555555556,19669
"(0.7638888888888888, 1.0)",1,96.8055555555556,19670
"(0.8472222222222222, 1.0)",1,96.80555555555556,19671
"(0.8472222222222222, 1.0)",2,96.80555555555554,19673
"(0.925, 0.9791666666666666)",1,96.80416666666672,19674
"(0.9541666666666668, 0.9875)",1,96.80416666666662,19675
"(0.9375, 0.975)",1,96.8041666666666,19676
"(0.8458333333333333, 0.9875)",1,96.8041666666666,19677
"(0.9125, 0.9875)",1,96.8041666666666,19678
"(0.8535714285714285, 0.9714285714285714)",1,96.80357142857144,19679
"(0.9535714285714286, 0.9678571428571427)",1,96.80357142857136,19680
"(0.95, 0.975)",1,96.80357142857136,19681
"(0.9428571428571428, 0.9642857142857144)",1,96.80357142857126,19682
"(0.8552631578947368, 0.9912280701754386)",4,96.80263157894734,19686
"(0.8255813953488372, 0.9767441860465116)",1,96.80232558139552,19687
"(0.7209302325581395, 0.9767441860465116)",1,96.80232558139548,19688
"(0.9186046511627908, 0.9767441860465116)",1,96.80232558139546,19689
"(0.8604651162790697, 0.9767441860465116)",1,96.80232558139546,19690
"(0.9186046511627908, 1.0)",1,96.80232558139537,19691
"(0.7674418604651163, 0.9883720930232558)",1,96.80232558139537,19692
"(0.6627906976744186, 0.9651162790697676)",1,96.80232558139534,19693
"(0.6511627906976745, 0.9651162790697676)",1,96.80232558139532,19694
"(0.8837209302325582, 0.9767441860465116)",1,96.8023255813953,19695
"(0.8604651162790697, 0.9767441860465116)",1,96.80232558139528,19696
"(0.9166666666666666, 0.9833333333333332)",2,96.80000000000013,19698
"(0.9166666666666666, 1.0)",1,96.80000000000013,19699
"(0.95, 0.9833333333333332)",1,96.80000000000008,19700
"(0.8833333333333333, 1.0)",1,96.80000000000008,19701
"(0.9166666666666666, 0.9833333333333332)",1,96.80000000000008,19702
"(0.9, 0.9833333333333332)",1,96.80000000000008,19703
"(0.7333333333333333, 1.0)",1,96.80000000000004,19704
"(0.8833333333333333, 1.0)",1,96.80000000000004,19705
"(0.8, 1.0)",1,96.8,19706
"(1.0, 1.0)",1,96.8,19707
"(0.8666666666666667, 1.0)",2,96.8,19709
"(0.8166666666666667, 1.0)",1,96.8,19710
"(1.0, 1.0)",1,96.8,19711
"(0.7166666666666667, 1.0)",1,96.8,19712
"(0.9833333333333332, 1.0)",1,96.8,19713
"(0.8833333333333333, 1.0)",2,96.8,19715
"(0.85, 1.0)",1,96.8,19716
"(0.9166666666666666, 1.0)",1,96.8,19717
"(0.8958333333333334, 0.9708333333333332)",1,96.8,19718
"(0.7333333333333333, 1.0)",1,96.8,19719
"(0.8833333333333333, 1.0)",1,96.8,19720
"(0.8785714285714286, 0.9642857142857144)",3,96.79999999999993,19723
"(0.925, 0.9714285714285714)",1,96.79999999999993,19724
"(0.8916666666666667, 0.975)",1,96.7999999999999,19725
"(0.9035714285714286, 0.9678571428571427)",3,96.7999999999999,19728
"(0.9607142857142856, 0.9535714285714286)",1,96.79999999999988,19729
"(0.6842105263157895, 0.9780701754385964)",3,96.79824561403514,19732
"(0.9785714285714284, 0.9607142857142856)",1,96.79642857142848,19733
"(0.9464285714285714, 0.975)",3,96.79642857142848,19736
"(0.9357142857142856, 0.9785714285714284)",3,96.79642857142844,19739
"(0.9357142857142856, 0.9678571428571427)",3,96.79642857142844,19742
"(0.9178571428571428, 0.975)",1,96.79642857142844,19743
"(0.8625, 0.9791666666666666)",2,96.79583333333332,19745
"(0.925, 0.9791666666666666)",1,96.7958333333333,19746
"(0.925, 0.9625)",2,96.79583333333328,19748
"(0.8625, 0.9916666666666668)",1,96.79583333333326,19749
"(0.9642857142857144, 0.9714285714285714)",1,96.7928571428571,19750
"(0.9142857142857144, 0.9678571428571427)",1,96.79285714285707,19751
"(0.95, 0.9785714285714284)",3,96.79285714285706,19754
"(0.8611111111111112, 0.9861111111111112)",1,96.79166666666688,19755
"(0.9305555555555556, 0.9583333333333334)",1,96.79166666666686,19756
"(0.9027777777777778, 0.9861111111111112)",4,96.79166666666686,19760
"(0.7916666666666666, 0.9861111111111112)",1,96.79166666666684,19761
"(0.7916666666666666, 0.9722222222222222)",1,96.79166666666684,19762
"(0.7083333333333334, 0.9861111111111112)",1,96.79166666666684,19763
"(0.875, 0.9861111111111112)",1,96.79166666666684,19764
"(0.9305555555555556, 0.9861111111111112)",1,96.79166666666684,19765
"(0.8194444444444444, 0.9722222222222222)",1,96.79166666666684,19766
"(0.7916666666666666, 0.9583333333333334)",1,96.79166666666684,19767
"(0.8888888888888888, 0.9861111111111112)",1,96.79166666666684,19768
"(0.625, 0.9861111111111112)",2,96.7916666666668,19770
"(0.8611111111111112, 0.9861111111111112)",1,96.7916666666668,19771
"(0.8888888888888888, 0.9722222222222222)",1,96.7916666666668,19772
"(0.9166666666666666, 1.0)",1,96.7916666666668,19773
"(0.9166666666666666, 1.0)",1,96.7916666666668,19774
"(0.8194444444444444, 1.0)",1,96.7916666666668,19775
"(0.9305555555555556, 1.0)",1,96.79166666666676,19776
"(0.9444444444444444, 1.0)",1,96.79166666666674,19777
"(0.9916666666666668, 0.9833333333333332)",1,96.79166666666671,19778
"(0.875, 1.0)",1,96.79166666666671,19779
"(0.9166666666666666, 1.0)",1,96.79166666666671,19780
"(0.95, 0.975)",1,96.79166666666669,19781
"(0.7083333333333334, 0.9861111111111112)",1,96.79166666666669,19782
"(0.8458333333333333, 0.9833333333333332)",1,96.79166666666664,19783
"(0.9333333333333332, 0.9833333333333332)",1,96.7916666666666,19784
"(0.8255813953488372, 0.9767441860465116)",1,96.79069767441877,19785
"(0.7209302325581395, 0.9767441860465116)",1,96.79069767441877,19786
"(0.872093023255814, 0.9883720930232558)",1,96.79069767441874,19787
"(0.8372093023255814, 0.9767441860465116)",2,96.79069767441874,19789
"(0.8488372093023255, 0.9767441860465116)",1,96.79069767441872,19790
"(0.8255813953488372, 0.9883720930232558)",2,96.79069767441872,19792
"(0.8255813953488372, 0.9767441860465116)",1,96.79069767441862,19793
"(0.7790697674418605, 0.9767441860465116)",1,96.79069767441858,19794
"(0.8023255813953488, 0.9651162790697676)",1,96.79069767441842,19795
"(0.9767441860465116, 0.9651162790697676)",1,96.7906976744184,19796
"(0.8289473684210527, 0.9780701754385964)",1,96.78947368421063,19797
"(0.9607142857142856, 0.975)",1,96.78928571428558,19798
"(0.8666666666666667, 0.9833333333333332)",1,96.78749999999994,19799
"(0.8666666666666667, 0.9708333333333332)",1,96.78749999999992,19800
"(0.8712837837837838, 0.9773648648648648)",1,96.7868243243242,19801
"(0.9428571428571428, 0.9714285714285714)",3,96.7857142857142,19804
"(0.925, 0.9785714285714284)",3,96.78571428571418,19807
"(0.9571428571428572, 0.9678571428571427)",1,96.78571428571416,19808
"(0.9135135135135136, 0.9763513513513512)",1,96.78547297297288,19809
"(0.95, 0.9833333333333332)",1,96.78333333333342,19810
"(0.9333333333333332, 1.0)",1,96.78333333333342,19811
"(0.9875, 1.0)",1,96.78333333333342,19812
"(1.0, 0.9791666666666666)",2,96.7833333333334,19814
"(1.0, 0.9833333333333332)",1,96.7833333333334,19815
"(0.8666666666666667, 0.9833333333333332)",1,96.7833333333334,19816
"(0.75, 1.0)",2,96.7833333333334,19818
"(0.9333333333333332, 1.0)",1,96.7833333333334,19819
"(0.9666666666666668, 1.0)",1,96.78333333333336,19820
"(0.95, 1.0)",1,96.78333333333336,19821
"(0.8833333333333333, 1.0)",1,96.78333333333336,19822
"(0.9125, 0.9708333333333332)",2,96.78333333333336,19824
"(0.9, 1.0)",1,96.78333333333336,19825
"(0.8333333333333334, 1.0)",1,96.78333333333336,19826
"(0.8, 1.0)",2,96.78333333333336,19828
"(0.9833333333333332, 1.0)",1,96.78333333333332,19829
"(0.8166666666666667, 1.0)",1,96.78333333333332,19830
"(0.8833333333333333, 1.0)",1,96.78333333333332,19831
"(0.6666666666666666, 1.0)",1,96.78333333333332,19832
"(0.9125, 0.975)",1,96.78333333333332,19833
"(0.8958333333333334, 0.9875)",1,96.78333333333332,19834
"(0.8791666666666667, 0.9666666666666668)",1,96.78333333333322,19835
"(0.9416666666666668, 0.9875)",1,96.7833333333332,19836
"(0.9291666666666668, 0.9916666666666668)",1,96.7833333333332,19837
"(0.9571428571428572, 0.9714285714285714)",1,96.78214285714284,19838
"(0.9142857142857144, 0.9678571428571427)",1,96.78214285714284,19839
"(0.9535714285714286, 0.9785714285714284)",1,96.78214285714274,19840
"(0.9583333333333334, 0.975)",1,96.77916666666668,19841
"(0.8958333333333334, 0.975)",1,96.77916666666664,19842
"(0.925, 0.9708333333333332)",1,96.77916666666664,19843
"(0.8666666666666667, 0.9708333333333332)",1,96.77916666666664,19844
"(0.925, 0.975)",1,96.7791666666666,19845
"(0.8023255813953488, 0.9883720930232558)",1,96.779069767442,19846
"(0.8488372093023255, 0.9883720930232558)",1,96.77906976744198,19847
"(0.8604651162790697, 0.9883720930232558)",1,96.77906976744195,19848
"(0.8255813953488372, 0.9767441860465116)",1,96.77906976744195,19849
"(0.7558139534883721, 0.9883720930232558)",2,96.77906976744192,19851
"(0.8837209302325582, 0.9883720930232558)",2,96.77906976744192,19853
"(0.8372093023255814, 0.9767441860465116)",1,96.7790697674419,19854
"(0.3372093023255814, 0.9883720930232558)",1,96.7790697674419,19855
"(0.8255813953488372, 0.9767441860465116)",1,96.77906976744188,19856
"(0.8488372093023255, 0.9767441860465116)",1,96.77906976744184,19857
"(0.8953488372093024, 0.9651162790697676)",2,96.77906976744184,19859
"(0.9302325581395348, 0.9767441860465116)",1,96.77906976744184,19860
"(0.7790697674418605, 0.9767441860465116)",1,96.77906976744174,19861
"(0.9767441860465116, 0.9651162790697676)",1,96.77906976744164,19862
"(0.95, 0.9678571428571427)",1,96.77857142857134,19863
"(0.9428571428571428, 0.9714285714285714)",3,96.77857142857128,19866
"(0.6944444444444444, 0.9722222222222222)",1,96.77777777777804,19867
"(0.9166666666666666, 0.9722222222222222)",1,96.77777777777798,19868
"(0.7638888888888888, 0.9861111111111112)",1,96.77777777777796,19869
"(0.5972222222222222, 0.9861111111111112)",1,96.77777777777796,19870
"(0.7222222222222222, 0.9722222222222222)",1,96.77777777777796,19871
"(0.9722222222222222, 0.9861111111111112)",1,96.77777777777796,19872
"(0.8472222222222222, 0.9861111111111112)",1,96.77777777777796,19873
"(0.6944444444444444, 0.9861111111111112)",1,96.77777777777796,19874
"(0.8888888888888888, 0.9722222222222222)",1,96.77777777777796,19875
"(0.6805555555555556, 0.9861111111111112)",2,96.77777777777794,19877
"(0.8888888888888888, 0.9861111111111112)",1,96.77777777777794,19878
"(0.8472222222222222, 0.9861111111111112)",2,96.77777777777794,19880
"(0.8888888888888888, 0.9722222222222222)",2,96.77777777777794,19882
"(0.6944444444444444, 0.9861111111111112)",1,96.77777777777794,19883
"(0.8888888888888888, 0.9722222222222222)",2,96.77777777777791,19885
"(0.8888888888888888, 0.9861111111111112)",1,96.77777777777791,19886
"(0.9444444444444444, 0.9861111111111112)",1,96.77777777777791,19887
"(0.6944444444444444, 0.9861111111111112)",1,96.77777777777791,19888
"(0.6944444444444444, 1.0)",1,96.77777777777791,19889
"(0.7361111111111112, 1.0)",1,96.77777777777789,19890
"(0.8333333333333334, 1.0)",2,96.77777777777789,19892
"(0.8324324324324325, 0.9763513513513512)",1,96.77635135135122,19893
"(0.9607142857142856, 0.9714285714285714)",1,96.77499999999996,19894
"(0.9041666666666668, 0.9833333333333332)",1,96.77499999999992,19895
"(0.9875, 0.8541666666666666)",1,96.77499999999992,19896
"(0.8791666666666667, 0.9958333333333332)",1,96.77499999999992,19897
"(0.9357142857142856, 0.975)",1,96.77499999999988,19898
"(0.8875, 0.975)",1,96.77499999999984,19899
"(0.9428571428571428, 0.9678571428571427)",1,96.77499999999984,19900
"(0.9392857142857144, 0.9642857142857144)",3,96.77142857142849,19903
"(0.9571428571428572, 0.9678571428571427)",3,96.77142857142849,19906
"(0.9321428571428572, 0.9607142857142856)",1,96.77142857142844,19907
"(0.8892857142857142, 0.975)",1,96.7714285714284,19908
"(0.7655405405405405, 0.9797297297297296)",1,96.7712837837838,19909
"(0.925, 0.9708333333333332)",1,96.77083333333334,19910
"(0.8791666666666667, 0.9833333333333332)",1,96.77083333333331,19911
"(0.8875, 0.975)",1,96.7708333333333,19912
"(0.8958333333333334, 0.9708333333333332)",1,96.77083333333329,19913
"(0.9, 0.9708333333333332)",1,96.77083333333326,19914
"(0.8958333333333334, 0.9916666666666668)",2,96.7708333333332,19916
"(0.9666666666666668, 0.9833333333333332)",1,96.7708333333332,19917
"(0.8535714285714285, 0.975)",3,96.76785714285712,19920
"(0.9571428571428572, 0.975)",1,96.767857142857,19921
"(0.9535714285714286, 0.9678571428571427)",1,96.767857142857,19922
"(0.7906976744186046, 0.9767441860465116)",1,96.76744186046528,19923
"(0.5697674418604651, 0.9767441860465116)",1,96.76744186046528,19924
"(0.8604651162790697, 0.9883720930232558)",1,96.76744186046524,19925
"(0.8255813953488372, 0.9883720930232558)",1,96.76744186046524,19926
"(0.7558139534883721, 0.9883720930232558)",2,96.76744186046515,19928
"(0.2906976744186046, 1.0)",1,96.76744186046514,19929
"(0.8255813953488372, 1.0)",1,96.76744186046514,19930
"(0.8837209302325582, 0.9651162790697676)",2,96.76744186046514,19932
"(0.8023255813953488, 0.9651162790697676)",1,96.76744186046513,19933
"(0.872093023255814, 0.9651162790697676)",1,96.76744186046491,19934
"(0.8953488372093024, 0.9651162790697676)",1,96.76744186046488,19935
"(0.8166666666666667, 0.9833333333333332)",1,96.76666666666674,19936
"(0.8833333333333333, 0.9833333333333332)",1,96.76666666666674,19937
"(0.9, 0.9833333333333332)",1,96.76666666666674,19938
"(0.8166666666666667, 0.9666666666666668)",1,96.76666666666672,19939
"(0.9166666666666666, 1.0)",1,96.76666666666672,19940
"(0.7333333333333333, 0.9833333333333332)",1,96.76666666666672,19941
"(0.9333333333333332, 1.0)",1,96.76666666666672,19942
"(0.8, 1.0)",1,96.76666666666672,19943
"(0.9, 1.0)",2,96.7666666666667,19945
"(0.8833333333333333, 1.0)",1,96.7666666666667,19946
"(0.9166666666666666, 1.0)",1,96.7666666666667,19947
"(1.0, 1.0)",1,96.76666666666668,19948
"(0.8666666666666667, 1.0)",2,96.76666666666668,19950
"(0.8125, 0.9791666666666666)",1,96.76666666666668,19951
"(0.9166666666666666, 1.0)",1,96.76666666666668,19952
"(0.85, 1.0)",1,96.76666666666668,19953
"(1.0, 1.0)",1,96.76666666666664,19954
"(0.9375, 0.9791666666666666)",1,96.76666666666664,19955
"(0.9458333333333332, 0.9666666666666668)",1,96.76666666666662,19956
"(0.8833333333333333, 0.9791666666666666)",1,96.7666666666666,19957
"(0.8958333333333334, 0.975)",1,96.76666666666658,19958
"(0.8352941176470589, 0.9882352941176472)",1,96.76470588235284,19959
"(0.9785714285714284, 0.9678571428571427)",1,96.76428571428568,19960
"(0.9357142857142856, 0.975)",1,96.76428571428563,19961
"(0.9642857142857144, 0.9678571428571427)",1,96.7642857142856,19962
"(0.9607142857142856, 0.9714285714285714)",1,96.76428571428558,19963
"(0.8402027027027027, 0.979391891891892)",1,96.7641891891892,19964
"(0.9166666666666666, 0.9861111111111112)",1,96.76388888888908,19965
"(0.8333333333333334, 0.9861111111111112)",1,96.76388888888908,19966
"(0.8611111111111112, 0.9861111111111112)",2,96.76388888888908,19968
"(0.9444444444444444, 0.9861111111111112)",1,96.76388888888908,19969
"(0.8888888888888888, 0.9861111111111112)",1,96.76388888888908,19970
"(0.8472222222222222, 0.9722222222222222)",1,96.76388888888908,19971
"(0.9166666666666666, 0.9722222222222222)",1,96.76388888888908,19972
"(0.7638888888888888, 0.9861111111111112)",1,96.76388888888908,19973
"(0.8888888888888888, 0.9861111111111112)",1,96.76388888888906,19974
"(0.9166666666666666, 0.9861111111111112)",2,96.76388888888906,19976
"(0.5555555555555556, 0.9861111111111112)",1,96.76388888888906,19977
"(0.6944444444444444, 0.9861111111111112)",1,96.76388888888904,19978
"(0.875, 0.9722222222222222)",7,96.76388888888904,19985
"(0.9444444444444444, 0.9722222222222222)",1,96.763888888889,19986
"(0.75, 1.0)",1,96.76388888888896,19987
"(0.875, 0.9444444444444444)",1,96.76388888888891,19988
"(0.9583333333333334, 1.0)",1,96.76388888888891,19989
"(0.75, 1.0)",1,96.76388888888889,19990
"(0.8055555555555556, 1.0)",2,96.76388888888889,19992
"(0.9444444444444444, 1.0)",1,96.76388888888889,19993
"(0.875, 1.0)",1,96.76388888888889,19994
"(0.9583333333333334, 1.0)",1,96.76388888888886,19995
"(0.9429824561403508, 0.9912280701754386)",4,96.76315789473682,19999
"(0.9458333333333332, 0.9833333333333332)",2,96.76249999999996,20001
"(0.9458333333333332, 0.9875)",1,96.76249999999996,20002
"(0.9583333333333334, 0.9958333333333332)",1,96.76249999999996,20003
"(0.775, 0.975)",1,96.76249999999987,20004
"(0.9321428571428572, 0.9785714285714284)",1,96.7607142857142,20005
"(0.9607142857142856, 0.975)",1,96.76071428571414,20006
"(0.9625, 0.9916666666666668)",1,96.7583333333334,20007
"(0.9375, 0.9791666666666666)",1,96.7583333333333,20008
"(0.9333333333333332, 0.9875)",2,96.7583333333333,20010
"(0.9208333333333332, 0.9875)",2,96.75833333333328,20012
"(0.95, 0.9625)",1,96.75833333333328,20013
"(0.9, 0.9875)",1,96.75833333333328,20014
"(0.8625, 0.9875)",1,96.75833333333314,20015
"(0.8472972972972973, 0.979391891891892)",1,96.75743243243254,20016
"(0.8964285714285715, 0.975)",3,96.75714285714282,20019
"(0.8255813953488372, 0.9767441860465116)",1,96.75581395348854,20020
"(0.7674418604651163, 0.9767441860465116)",1,96.75581395348854,20021
"(0.7906976744186046, 0.9767441860465116)",1,96.75581395348844,20022
"(0.4883720930232558, 1.0)",1,96.7558139534884,20023
"(0.8255813953488372, 0.9883720930232558)",1,96.7558139534884,20024
"(0.813953488372093, 0.9767441860465116)",1,96.75581395348838,20025
"(0.872093023255814, 0.9651162790697676)",2,96.75581395348824,20027
"(0.7327702702702703, 0.9800675675675676)",1,96.75574324324312,20028
"(0.9208333333333332, 0.9791666666666666)",1,96.75416666666676,20029
"(0.8125, 0.9666666666666668)",1,96.75416666666666,20030
"(0.8958333333333334, 0.9916666666666668)",1,96.75416666666663,20031
"(0.9125, 0.9833333333333332)",1,96.75416666666652,20032
"(0.9041666666666668, 0.9958333333333332)",1,96.75416666666652,20033
"(0.95, 0.9714285714285714)",3,96.7535714285714,20036
"(0.9392857142857144, 0.9714285714285714)",1,96.75357142857136,20037
"(0.5058823529411764, 0.976470588235294)",1,96.75294117647036,20038
"(0.875, 0.9722222222222222)",1,96.7500000000002,20039
"(0.8888888888888888, 0.9861111111111112)",2,96.75000000000018,20041
"(0.8472222222222222, 0.9861111111111112)",1,96.75000000000018,20042
"(0.8194444444444444, 0.9861111111111112)",1,96.75000000000018,20043
"(0.875, 0.9722222222222222)",1,96.75000000000018,20044
"(0.8333333333333334, 0.9722222222222222)",1,96.75000000000018,20045
"(0.8472222222222222, 0.9722222222222222)",1,96.75000000000018,20046
"(0.8333333333333334, 0.9861111111111112)",1,96.75000000000018,20047
"(0.625, 0.9722222222222222)",1,96.75000000000016,20048
"(0.75, 0.9861111111111112)",1,96.75000000000016,20049
"(0.7222222222222222, 0.9722222222222222)",2,96.75000000000016,20051
"(0.75, 0.9722222222222222)",1,96.75000000000016,20052
"(0.8888888888888888, 0.9722222222222222)",1,96.75000000000016,20053
"(0.7222222222222222, 0.9722222222222222)",1,96.75000000000016,20054
"(0.875, 0.9861111111111112)",1,96.75000000000016,20055
"(0.875, 0.9861111111111112)",1,96.75000000000016,20056
"(0.8611111111111112, 0.9722222222222222)",1,96.75000000000016,20057
"(0.8333333333333334, 0.9722222222222222)",2,96.75000000000016,20059
"(0.7638888888888888, 0.9722222222222222)",2,96.75000000000016,20061
"(0.9305555555555556, 0.9861111111111112)",4,96.75000000000014,20065
"(0.925438596491228, 0.9780701754385964)",1,96.75000000000011,20066
"(0.8194444444444444, 0.9861111111111112)",1,96.75000000000011,20067
"(0.8333333333333334, 1.0)",1,96.7500000000001,20068
"(0.9027777777777778, 1.0)",1,96.75000000000009,20069
"(0.8333333333333334, 1.0)",2,96.75000000000009,20071
"(0.9833333333333332, 1.0)",1,96.75000000000009,20072
"(1.0, 0.9833333333333332)",2,96.75000000000009,20074
"(0.85, 1.0)",3,96.75000000000009,20077
"(0.9166666666666666, 1.0)",1,96.75000000000009,20078
"(0.9208333333333332, 0.9791666666666666)",1,96.75000000000006,20079
"(0.8666666666666667, 1.0)",1,96.75000000000004,20080
"(0.8055555555555556, 1.0)",1,96.75000000000004,20081
"(0.8333333333333334, 1.0)",1,96.75000000000004,20082
"(0.85, 1.0)",1,96.75000000000004,20083
"(0.8833333333333333, 1.0)",3,96.75,20086
"(0.9, 1.0)",1,96.75,20087
"(0.9, 1.0)",1,96.75,20088
"(1.0, 1.0)",1,96.75,20089
"(0.9833333333333332, 1.0)",1,96.75,20090
"(0.8333333333333334, 1.0)",1,96.75,20091
"(0.9666666666666668, 1.0)",1,96.75,20092
"(0.8833333333333333, 1.0)",1,96.75,20093
"(0.8166666666666667, 1.0)",1,96.75,20094
"(0.9333333333333332, 1.0)",1,96.75,20095
"(0.9125, 0.9916666666666668)",1,96.74999999999994,20096
"(0.9833333333333332, 0.8541666666666666)",1,96.74999999999994,20097
"(0.8625, 0.9916666666666668)",1,96.74999999999989,20098
"(0.8885135135135135, 0.9773648648648648)",1,96.74797297297305,20099
"(0.9642857142857144, 0.9678571428571427)",1,96.74642857142852,20100
"(0.8357142857142857, 0.975)",2,96.74642857142852,20102
"(0.9678571428571427, 0.975)",1,96.74642857142848,20103
"(0.9464285714285714, 0.9714285714285714)",3,96.74642857142844,20106
"(0.8357142857142857, 0.975)",3,96.74642857142844,20109
"(0.9125, 0.9833333333333332)",1,96.74583333333328,20110
"(0.8791666666666667, 0.9666666666666668)",1,96.74583333333324,20111
"(0.9037162162162162, 0.977027027027027)",1,96.74425675675676,20112
"(0.8837209302325582, 0.9767441860465116)",1,96.7441860465118,20113
"(0.8837209302325582, 0.9767441860465116)",1,96.74418604651171,20114
"(0.8953488372093024, 0.9767441860465116)",1,96.74418604651171,20115
"(0.7906976744186046, 0.9767441860465116)",1,96.74418604651166,20116
"(0.8372093023255814, 1.0)",1,96.74418604651164,20117
"(0.6162790697674418, 1.0)",1,96.74418604651164,20118
"(0.7906976744186046, 0.9651162790697676)",1,96.74418604651164,20119
"(0.8372093023255814, 0.9651162790697676)",1,96.7441860465116,20120
"(0.8023255813953488, 0.9651162790697676)",1,96.74418604651156,20121
"(0.95, 0.975)",1,96.7428571428571,20122
"(0.9428571428571428, 0.9785714285714284)",3,96.74285714285706,20125
"(0.9321428571428572, 0.9714285714285714)",1,96.74285714285706,20126
"(0.95, 0.9714285714285714)",1,96.74285714285706,20127
"(0.9785714285714284, 0.9785714285714284)",3,96.74285714285702,20130
"(0.8527027027027027, 0.979054054054054)",1,96.7422297297298,20131
"(0.8780405405405406, 0.9777027027027028)",1,96.74189189189188,20132
"(0.8625, 0.975)",1,96.74166666666662,20133
"(0.925, 0.9875)",1,96.74166666666662,20134
"(0.8916666666666667, 0.9958333333333332)",1,96.74166666666656,20135
"(0.7894736842105263, 0.9780701754385964)",1,96.7412280701755,20136
"(0.95, 0.9714285714285714)",3,96.7392857142857,20139
"(0.9321428571428572, 0.9642857142857144)",3,96.73928571428554,20142
"(0.9375, 0.9708333333333332)",2,96.73750000000004,20144
"(0.9875, 0.9875)",1,96.73749999999995,20145
"(0.9305555555555556, 0.9861111111111112)",1,96.73611111111134,20146
"(0.9305555555555556, 0.9861111111111112)",1,96.73611111111131,20147
"(0.8472222222222222, 0.9722222222222222)",1,96.7361111111113,20148
"(0.9166666666666666, 0.9722222222222222)",1,96.7361111111113,20149
"(0.8333333333333334, 0.9861111111111112)",1,96.73611111111128,20150
"(0.8194444444444444, 0.9861111111111112)",1,96.73611111111128,20151
"(0.8472222222222222, 0.9722222222222222)",1,96.73611111111128,20152
"(0.75, 0.9722222222222222)",1,96.73611111111128,20153
"(0.9166666666666666, 0.9861111111111112)",1,96.73611111111128,20154
"(0.7222222222222222, 0.9722222222222222)",2,96.73611111111128,20156
"(0.6944444444444444, 1.0)",1,96.73611111111128,20157
"(0.9166666666666666, 0.9722222222222222)",1,96.73611111111128,20158
"(0.9583333333333334, 0.9722222222222222)",1,96.73611111111128,20159
"(0.9027777777777778, 0.9861111111111112)",2,96.73611111111128,20161
"(0.875, 0.9722222222222222)",1,96.73611111111128,20162
"(0.75, 1.0)",1,96.73611111111126,20163
"(0.9166666666666666, 0.9861111111111112)",1,96.73611111111126,20164
"(0.8472222222222222, 0.9861111111111112)",1,96.73611111111126,20165
"(0.8888888888888888, 0.9861111111111112)",2,96.73611111111124,20167
"(0.9166666666666666, 0.9722222222222222)",1,96.73611111111124,20168
"(0.9166666666666666, 0.9861111111111112)",2,96.73611111111124,20170
"(0.8055555555555556, 1.0)",1,96.7361111111112,20171
"(0.8472222222222222, 0.9861111111111112)",1,96.7361111111112,20172
"(0.9583333333333334, 0.9861111111111112)",1,96.7361111111112,20173
"(0.9444444444444444, 1.0)",1,96.73611111111114,20174
"(0.8611111111111112, 1.0)",1,96.73611111111114,20175
"(0.9027777777777778, 1.0)",1,96.73611111111111,20176
"(0.9714285714285714, 0.975)",1,96.73571428571428,20177
"(0.9392857142857144, 0.9678571428571427)",1,96.73571428571428,20178
"(0.9642857142857144, 0.975)",3,96.73571428571424,20181
"(0.9428571428571428, 0.9642857142857144)",3,96.73571428571417,20184
"(0.9642857142857144, 0.9785714285714284)",1,96.73571428571417,20185
"(0.8587837837837838, 0.9780405405405406)",1,96.73547297297306,20186
"(0.5331081081081082, 0.9837837837837838)",1,96.7351351351351,20187
"(0.9300675675675676, 0.9739864864864864)",1,96.73479729729723,20188
"(0.9333333333333332, 0.9666666666666668)",1,96.73333333333343,20189
"(0.9333333333333332, 0.9666666666666668)",1,96.73333333333343,20190
"(0.9666666666666668, 0.9833333333333332)",1,96.73333333333343,20191
"(0.9, 0.9833333333333332)",2,96.73333333333342,20193
"(0.9666666666666668, 0.9833333333333332)",2,96.7333333333334,20195
"(0.8166666666666667, 1.0)",1,96.7333333333334,20196
"(0.95, 0.9833333333333332)",4,96.7333333333334,20200
"(0.975, 0.975)",1,96.73333333333336,20201
"(0.95, 1.0)",1,96.73333333333336,20202
"(0.8333333333333334, 1.0)",1,96.73333333333336,20203
"(0.9583333333333334, 0.9791666666666666)",1,96.73333333333332,20204
"(0.85, 1.0)",1,96.73333333333332,20205
"(0.8, 1.0)",1,96.73333333333332,20206
"(0.9416666666666668, 0.9666666666666668)",2,96.73333333333332,20208
"(0.8488372093023255, 0.9767441860465116)",1,96.73255813953509,20209
"(0.8953488372093024, 0.9767441860465116)",1,96.73255813953504,20210
"(0.813953488372093, 0.9883720930232558)",1,96.73255813953502,20211
"(0.8604651162790697, 0.9883720930232558)",2,96.73255813953502,20213
"(0.8255813953488372, 0.9883720930232558)",1,96.732558139535,20214
"(0.6976744186046512, 0.9767441860465116)",1,96.732558139535,20215
"(0.7790697674418605, 0.9767441860465116)",2,96.73255813953496,20217
"(0.9186046511627908, 0.9767441860465116)",1,96.73255813953492,20218
"(0.3372093023255814, 0.9883720930232558)",1,96.73255813953492,20219
"(0.8953488372093024, 0.9767441860465116)",1,96.7325581395349,20220
"(0.8837209302325582, 0.9767441860465116)",1,96.73255813953476,20221
"(0.9642857142857144, 0.9714285714285714)",3,96.7321428571428,20224
"(0.9428571428571428, 0.9642857142857144)",1,96.73214285714278,20225
"(0.9678571428571427, 0.9678571428571427)",3,96.73214285714276,20228
"(0.9428571428571428, 0.9714285714285714)",1,96.73214285714272,20229
"(0.577027027027027, 0.9837837837837838)",1,96.7320945945946,20230
"(0.8588235294117647, 0.9647058823529412)",1,96.72941176470567,20231
"(0.9083333333333332, 0.9791666666666666)",1,96.72916666666666,20232
"(0.925, 0.9678571428571427)",1,96.7285714285714,20233
"(0.9607142857142856, 0.9642857142857144)",1,96.72857142857136,20234
"(0.8357142857142857, 0.975)",3,96.72857142857131,20237
"(0.9791666666666666, 0.9958333333333332)",1,96.72500000000002,20238
"(0.8892857142857142, 0.9714285714285714)",1,96.72499999999997,20239
"(0.9642857142857144, 0.9714285714285714)",1,96.72499999999997,20240
"(0.9642857142857144, 0.9642857142857144)",1,96.7249999999999,20241
"(0.9535714285714286, 0.975)",2,96.72499999999988,20243
"(0.9571428571428572, 0.9785714285714284)",3,96.72499999999988,20246
"(0.7638888888888888, 0.9861111111111112)",1,96.72222222222244,20247
"(0.9305555555555556, 0.9722222222222222)",1,96.72222222222244,20248
"(0.875, 0.9722222222222222)",1,96.72222222222244,20249
"(0.9166666666666666, 0.9861111111111112)",1,96.72222222222244,20250
"(0.8194444444444444, 0.9861111111111112)",2,96.7222222222224,20252
"(0.9027777777777778, 0.9861111111111112)",1,96.7222222222224,20253
"(0.8333333333333334, 0.9861111111111112)",1,96.7222222222224,20254
"(0.8472222222222222, 0.9861111111111112)",1,96.7222222222224,20255
"(0.6944444444444444, 0.9861111111111112)",1,96.7222222222224,20256
"(0.8472222222222222, 0.9861111111111112)",1,96.7222222222224,20257
"(0.8194444444444444, 0.9861111111111112)",1,96.7222222222224,20258
"(0.875, 0.9722222222222222)",1,96.7222222222224,20259
"(0.5555555555555556, 0.9861111111111112)",1,96.7222222222224,20260
"(0.8472222222222222, 0.9722222222222222)",1,96.72222222222238,20261
"(0.9027777777777778, 0.9861111111111112)",1,96.72222222222238,20262
"(0.75, 0.9722222222222222)",1,96.72222222222238,20263
"(0.875, 0.9861111111111112)",1,96.72222222222238,20264
"(0.8888888888888888, 0.9861111111111112)",1,96.72222222222238,20265
"(0.8194444444444444, 0.9861111111111112)",4,96.72222222222238,20269
"(0.75, 0.9861111111111112)",1,96.72222222222236,20270
"(0.6527777777777778, 0.9722222222222222)",2,96.72222222222236,20272
"(0.9027777777777778, 0.9861111111111112)",1,96.72222222222236,20273
"(0.7638888888888888, 0.9722222222222222)",1,96.72222222222236,20274
"(0.9166666666666666, 0.9861111111111112)",1,96.72222222222236,20275
"(0.8055555555555556, 0.9861111111111112)",1,96.72222222222236,20276
"(0.8888888888888888, 0.9861111111111112)",1,96.72222222222236,20277
"(0.7222222222222222, 0.9722222222222222)",1,96.72222222222234,20278
"(0.8611111111111112, 1.0)",2,96.72222222222229,20280
"(0.7083333333333334, 1.0)",4,96.72222222222224,20284
"(0.9722222222222222, 1.0)",1,96.72222222222224,20285
"(0.9178571428571428, 0.9785714285714284)",2,96.72142857142848,20287
"(0.9607142857142856, 0.975)",3,96.72142857142843,20290
"(0.8255813953488372, 0.9767441860465116)",1,96.72093023255832,20291
"(0.8604651162790697, 0.9767441860465116)",1,96.72093023255827,20292
"(0.8255813953488372, 0.9883720930232558)",2,96.72093023255826,20294
"(0.4883720930232558, 0.9883720930232558)",1,96.72093023255825,20295
"(0.7558139534883721, 0.9883720930232558)",2,96.7209302325582,20297
"(0.8372093023255814, 0.9767441860465116)",1,96.7209302325582,20298
"(0.872093023255814, 0.9883720930232558)",1,96.7209302325582,20299
"(0.8837209302325582, 0.9767441860465116)",1,96.72093023255816,20300
"(0.4651162790697674, 1.0)",1,96.72093023255816,20301
"(0.7674418604651163, 0.9767441860465116)",1,96.72093023255816,20302
"(0.7325581395348837, 0.9651162790697676)",1,96.72093023255812,20303
"(0.813953488372093, 0.9651162790697676)",1,96.72093023255812,20304
"(0.7790697674418605, 0.9651162790697676)",1,96.72093023255812,20305
"(0.813953488372093, 0.9651162790697676)",1,96.72093023255808,20306
"(0.8837209302325582, 0.9651162790697676)",1,96.720930232558,20307
"(0.8604651162790697, 0.9651162790697676)",1,96.7209302325579,20308
"(0.9541666666666668, 0.975)",1,96.72083333333332,20309
"(0.8833333333333333, 0.9875)",1,96.72083333333332,20310
"(0.925, 0.9791666666666666)",1,96.72083333333325,20311
"(0.9714285714285714, 0.9678571428571427)",1,96.71785714285711,20312
"(0.9571428571428572, 0.9607142857142856)",1,96.71785714285711,20313
"(0.925, 0.975)",3,96.7178571428571,20316
"(0.9535714285714286, 0.975)",1,96.71785714285704,20317
"(0.9357142857142856, 0.975)",2,96.717857142857,20319
"(0.5058823529411764, 0.976470588235294)",1,96.71764705882346,20320
"(0.7666666666666667, 1.0)",1,96.71666666666675,20321
"(0.9333333333333332, 0.9833333333333332)",3,96.71666666666674,20324
"(0.7666666666666667, 1.0)",1,96.71666666666674,20325
"(0.9, 1.0)",1,96.71666666666673,20326
"(0.8666666666666667, 0.9833333333333332)",1,96.71666666666673,20327
"(0.7166666666666667, 1.0)",1,96.71666666666668,20328
"(0.8333333333333334, 1.0)",1,96.71666666666668,20329
"(0.9, 1.0)",1,96.71666666666668,20330
"(0.9166666666666666, 1.0)",2,96.71666666666668,20332
"(0.9333333333333332, 1.0)",2,96.71666666666668,20334
"(0.875, 0.9875)",2,96.71666666666655,20336
"(0.8903508771929824, 0.9780701754385964)",1,96.71491228070184,20337
"(0.9642857142857144, 0.9714285714285714)",1,96.71428571428564,20338
"(0.9285714285714286, 0.9714285714285714)",3,96.71428571428564,20341
"(0.9678571428571427, 0.9642857142857144)",1,96.71428571428562,20342
"(0.9571428571428572, 0.975)",1,96.7142857142856,20343
"(0.9111486486486486, 0.9753378378378378)",1,96.7135135135135,20344
"(0.9166666666666666, 0.9708333333333332)",1,96.7125,20345
"(0.925, 0.9791666666666666)",2,96.71249999999998,20347
"(0.9416666666666668, 0.9916666666666668)",1,96.71249999999998,20348
"(0.9291666666666668, 0.975)",1,96.71249999999996,20349
"(0.9125, 0.9833333333333332)",1,96.71249999999992,20350
"(0.9291666666666668, 0.975)",1,96.71249999999992,20351
"(0.9041666666666668, 0.9916666666666668)",1,96.71249999999978,20352
"(0.9642857142857144, 0.9535714285714286)",1,96.71071428571425,20353
"(0.9607142857142856, 0.9678571428571427)",1,96.7107142857142,20354
"(0.8753378378378378, 0.9746621621621622)",1,96.70945945945944,20355
"(0.813953488372093, 0.9767441860465116)",1,96.70930232558156,20356
"(0.8604651162790697, 0.9767441860465116)",2,96.70930232558152,20358
"(0.6511627906976745, 0.9883720930232558)",1,96.7093023255815,20359
"(0.9302325581395348, 0.9767441860465116)",1,96.70930232558146,20360
"(0.9302325581395348, 0.9651162790697676)",1,96.70930232558146,20361
"(0.8255813953488372, 0.9883720930232558)",1,96.70930232558146,20362
"(0.6162790697674418, 1.0)",1,96.70930232558143,20363
"(0.9418604651162792, 0.9767441860465116)",1,96.7093023255814,20364
"(0.8953488372093024, 0.9767441860465116)",1,96.70930232558138,20365
"(0.8372093023255814, 0.9651162790697676)",2,96.70930232558136,20367
"(0.9651162790697676, 0.9651162790697676)",1,96.70930232558126,20368
"(0.8255813953488372, 0.9883720930232558)",1,96.70930232558123,20369
"(0.8888888888888888, 0.9722222222222222)",1,96.70833333333356,20370
"(0.9027777777777778, 0.9722222222222222)",1,96.70833333333354,20371
"(0.8472222222222222, 0.9722222222222222)",1,96.70833333333354,20372
"(0.8888888888888888, 0.9722222222222222)",1,96.70833333333351,20373
"(0.9027777777777778, 0.9722222222222222)",1,96.70833333333351,20374
"(0.625, 0.9861111111111112)",1,96.70833333333351,20375
"(0.6944444444444444, 0.9861111111111112)",1,96.7083333333335,20376
"(0.625, 0.9722222222222222)",1,96.70833333333348,20377
"(0.9027777777777778, 0.9861111111111112)",2,96.70833333333348,20379
"(0.9305555555555556, 0.9861111111111112)",1,96.70833333333348,20380
"(0.8611111111111112, 0.9861111111111112)",1,96.70833333333348,20381
"(0.8472222222222222, 0.9722222222222222)",1,96.70833333333348,20382
"(0.7361111111111112, 1.0)",1,96.70833333333346,20383
"(0.9166666666666666, 0.9722222222222222)",1,96.70833333333344,20384
"(0.6944444444444444, 0.9722222222222222)",2,96.70833333333344,20386
"(0.8333333333333334, 1.0)",1,96.70833333333336,20387
"(0.8791666666666667, 0.9791666666666666)",1,96.70833333333331,20388
"(0.9208333333333332, 0.9833333333333332)",1,96.70833333333329,20389
"(0.9678571428571427, 0.975)",1,96.70714285714284,20390
"(0.9642857142857144, 0.9714285714285714)",1,96.7071428571428,20391
"(0.9, 0.9678571428571427)",3,96.70714285714276,20394
"(0.5192567567567568, 0.9824324324324324)",1,96.70641891891891,20395
"(0.8216216216216217, 0.9760135135135136)",1,96.70574324324303,20396
"(0.9208333333333332, 0.9958333333333332)",1,96.70416666666664,20397
"(0.95, 0.9958333333333332)",1,96.70416666666648,20398
"(0.9535714285714286, 0.9714285714285714)",1,96.70357142857137,20399
"(0.9571428571428572, 0.9785714285714284)",1,96.7035714285713,20400
"(0.868421052631579, 0.9780701754385964)",1,96.70175438596505,20401
"(0.8166666666666667, 1.0)",1,96.7000000000001,20402
"(0.8666666666666667, 0.9833333333333332)",1,96.70000000000007,20403
"(0.9166666666666666, 1.0)",1,96.70000000000007,20404
"(0.9166666666666666, 0.9833333333333332)",1,96.70000000000007,20405
"(0.9666666666666668, 0.9833333333333332)",1,96.70000000000007,20406
"(0.8333333333333334, 1.0)",1,96.70000000000006,20407
"(0.85, 1.0)",1,96.70000000000006,20408
"(0.9642857142857144, 0.9678571428571427)",1,96.70000000000005,20409
"(0.95, 1.0)",1,96.70000000000005,20410
"(0.8, 1.0)",1,96.70000000000002,20411
"(0.9166666666666666, 1.0)",1,96.70000000000002,20412
"(0.8333333333333334, 1.0)",1,96.70000000000002,20413
"(0.7833333333333333, 1.0)",1,96.70000000000002,20414
"(0.9083333333333332, 0.9833333333333332)",2,96.70000000000002,20416
"(0.9833333333333332, 1.0)",2,96.7,20418
"(0.7666666666666667, 1.0)",1,96.7,20419
"(0.9916666666666668, 0.85)",1,96.69999999999996,20420
"(0.8875, 0.9583333333333334)",1,96.69999999999996,20421
"(0.9535714285714286, 0.9785714285714284)",1,96.69999999999996,20422
"(0.9291666666666668, 0.9916666666666668)",2,96.69999999999987,20424
"(0.8837209302325582, 0.9767441860465116)",1,96.6976744186048,20425
"(0.8953488372093024, 0.9767441860465116)",1,96.69767441860478,20426
"(0.8953488372093024, 0.9883720930232558)",1,96.69767441860476,20427
"(0.8255813953488372, 0.9767441860465116)",1,96.6976744186047,20428
"(0.8837209302325582, 0.9767441860465116)",1,96.69767441860468,20429
"(0.6511627906976745, 0.9767441860465116)",1,96.69767441860468,20430
"(0.7790697674418605, 0.9767441860465116)",2,96.6976744186046,20432
"(0.8837209302325582, 0.9651162790697676)",1,96.69767441860454,20433
"(0.8953488372093024, 0.9651162790697676)",1,96.69767441860448,20434
"(0.6046511627906976, 0.9651162790697676)",1,96.69767441860444,20435
"(0.8728070175438597, 0.9692982456140352)",1,96.69736842105272,20436
"(0.8672297297297298, 0.9760135135135136)",1,96.69662162162145,20437
"(0.95, 0.9785714285714284)",1,96.69642857142853,20438
"(0.9125, 0.9666666666666668)",1,96.69583333333334,20439
"(0.9875, 0.9916666666666668)",2,96.69583333333334,20441
"(0.8958333333333334, 0.9791666666666666)",2,96.69583333333333,20443
"(0.95, 0.9875)",1,96.6958333333333,20444
"(0.9458333333333332, 0.975)",1,96.6958333333333,20445
"(0.9333333333333332, 0.975)",1,96.6958333333333,20446
"(0.95, 0.9916666666666668)",1,96.69583333333328,20447
"(0.9291666666666668, 0.9708333333333332)",1,96.69583333333324,20448
"(0.8666666666666667, 0.9875)",1,96.69583333333324,20449
"(0.9, 0.9916666666666668)",1,96.69583333333324,20450
"(0.9041666666666668, 0.9916666666666668)",1,96.69583333333316,20451
"(0.8055555555555556, 0.9861111111111112)",1,96.69444444444466,20452
"(0.7222222222222222, 0.9722222222222222)",1,96.69444444444466,20453
"(0.9027777777777778, 0.9861111111111112)",1,96.69444444444464,20454
"(0.8472222222222222, 0.9861111111111112)",1,96.69444444444464,20455
"(0.875, 0.9861111111111112)",1,96.69444444444464,20456
"(0.8194444444444444, 0.9861111111111112)",1,96.69444444444464,20457
"(0.875, 0.9861111111111112)",1,96.6944444444446,20458
"(0.8888888888888888, 0.9722222222222222)",1,96.6944444444446,20459
"(0.7222222222222222, 0.9861111111111112)",1,96.6944444444446,20460
"(0.625, 0.9722222222222222)",2,96.6944444444446,20462
"(0.8333333333333334, 0.9861111111111112)",1,96.6944444444446,20463
"(0.75, 0.9861111111111112)",1,96.6944444444446,20464
"(0.8888888888888888, 0.9722222222222222)",1,96.6944444444446,20465
"(0.9027777777777778, 0.9861111111111112)",1,96.6944444444446,20466
"(0.9305555555555556, 0.9722222222222222)",2,96.6944444444446,20468
"(0.9305555555555556, 0.9861111111111112)",2,96.6944444444446,20470
"(0.8888888888888888, 0.9861111111111112)",1,96.69444444444458,20471
"(0.8472222222222222, 0.9861111111111112)",1,96.69444444444458,20472
"(0.875, 1.0)",1,96.69444444444456,20473
"(0.9305555555555556, 1.0)",1,96.69444444444456,20474
"(0.7083333333333334, 1.0)",1,96.69444444444449,20475
"(0.9444444444444444, 0.9722222222222222)",1,96.69444444444449,20476
"(0.8472222222222222, 1.0)",1,96.69444444444449,20477
"(0.6111111111111112, 1.0)",1,96.69444444444446,20478
"(0.9444444444444444, 1.0)",1,96.69444444444446,20479
"(0.9678571428571427, 0.9678571428571427)",1,96.69285714285708,20480
"(0.9428571428571428, 0.9607142857142856)",1,96.69285714285708,20481
"(0.9571428571428572, 0.9714285714285714)",3,96.69285714285706,20484
"(0.9357142857142856, 0.9785714285714284)",1,96.69285714285704,20485
"(0.9392857142857144, 0.9678571428571427)",3,96.69285714285704,20488
"(0.9607142857142856, 0.975)",1,96.692857142857,20489
"(0.925, 0.9833333333333332)",2,96.69166666666668,20491
"(0.925, 0.9875)",1,96.69166666666663,20492
"(0.9916666666666668, 0.9916666666666668)",1,96.6916666666666,20493
"(0.8958333333333334, 0.9958333333333332)",1,96.69166666666658,20494
"(0.8108108108108109, 0.9777027027027028)",1,96.69121621621616,20495
"(0.9607142857142856, 0.9714285714285714)",3,96.68928571428567,20498
"(0.5523648648648649, 0.9807432432432432)",1,96.68783783783783,20499
"(0.9166666666666666, 0.9666666666666668)",1,96.6875,20500
"(0.9166666666666666, 0.9833333333333332)",2,96.6875,20502
"(0.9208333333333332, 0.9791666666666666)",1,96.68749999999996,20503
"(0.9208333333333332, 1.0)",1,96.68749999999996,20504
"(0.8702702702702703, 0.9763513513513512)",1,96.68648648648636,20505
"(0.8372093023255814, 0.9767441860465116)",1,96.68604651162808,20506
"(0.4651162790697674, 0.9883720930232558)",1,96.68604651162804,20507
"(0.8255813953488372, 0.9767441860465116)",2,96.68604651162804,20509
"(0.8604651162790697, 0.9883720930232558)",1,96.68604651162802,20510
"(0.813953488372093, 0.9883720930232558)",1,96.686046511628,20511
"(0.9302325581395348, 0.9883720930232558)",1,96.686046511628,20512
"(0.4883720930232558, 1.0)",1,96.68604651162798,20513
"(0.6627906976744186, 0.9651162790697676)",1,96.6860465116279,20514
"(0.9302325581395348, 0.9651162790697676)",1,96.68604651162777,20515
"(0.872093023255814, 0.9651162790697676)",1,96.68604651162772,20516
"(0.8953488372093024, 0.9651162790697676)",1,96.6860465116277,20517
"(0.9678571428571427, 0.9642857142857144)",1,96.68571428571424,20518
"(0.9607142857142856, 0.9714285714285714)",1,96.6857142857142,20519
"(0.9607142857142856, 0.9678571428571427)",1,96.6857142857142,20520
"(0.9285714285714286, 0.9785714285714284)",1,96.68571428571416,20521
"(0.9385964912280702, 0.9912280701754386)",1,96.68421052631574,20522
"(0.95, 0.9833333333333332)",2,96.6833333333334,20524
"(0.95, 0.9833333333333332)",1,96.6833333333334,20525
"(0.9333333333333332, 0.9833333333333332)",1,96.6833333333334,20526
"(0.8833333333333333, 1.0)",1,96.68333333333338,20527
"(0.9, 0.9833333333333332)",1,96.68333333333338,20528
"(0.8333333333333334, 1.0)",1,96.68333333333338,20529
"(0.8666666666666667, 1.0)",1,96.68333333333337,20530
"(0.8166666666666667, 1.0)",1,96.68333333333337,20531
"(0.8833333333333333, 1.0)",1,96.68333333333337,20532
"(0.8, 1.0)",2,96.68333333333334,20534
"(0.7333333333333333, 1.0)",1,96.68333333333334,20535
"(0.9458333333333332, 0.9875)",1,96.68333333333334,20536
"(0.85, 1.0)",1,96.68333333333334,20537
"(1.0, 1.0)",3,96.68333333333334,20540
"(0.9166666666666666, 1.0)",1,96.68333333333334,20541
"(0.9, 1.0)",1,96.68333333333334,20542
"(0.9208333333333332, 0.9916666666666668)",1,96.68333333333328,20543
"(0.8791666666666667, 0.9916666666666668)",1,96.6833333333332,20544
"(0.9107142857142856, 0.9714285714285714)",1,96.68214285714282,20545
"(0.8535714285714285, 0.9714285714285714)",3,96.68214285714282,20548
"(0.9642857142857144, 0.9678571428571427)",1,96.68214285714276,20549
"(0.9142857142857144, 0.9678571428571427)",1,96.68214285714274,20550
"(0.8194444444444444, 0.9861111111111112)",2,96.68055555555576,20552
"(0.8611111111111112, 0.9861111111111112)",1,96.68055555555576,20553
"(0.9027777777777778, 0.9722222222222222)",1,96.68055555555576,20554
"(0.7916666666666666, 0.9861111111111112)",1,96.68055555555576,20555
"(0.8472222222222222, 0.9861111111111112)",1,96.68055555555576,20556
"(0.9166666666666666, 0.9861111111111112)",4,96.68055555555574,20560
"(0.8333333333333334, 0.9722222222222222)",1,96.68055555555574,20561
"(0.6666666666666666, 0.9722222222222222)",1,96.68055555555571,20562
"(0.7638888888888888, 0.9861111111111112)",1,96.68055555555571,20563
"(0.8333333333333334, 0.9861111111111112)",1,96.68055555555571,20564
"(0.7222222222222222, 0.9861111111111112)",1,96.68055555555571,20565
"(0.7222222222222222, 0.9861111111111112)",1,96.68055555555571,20566
"(0.8333333333333334, 0.9861111111111112)",1,96.68055555555571,20567
"(0.9027777777777778, 0.9861111111111112)",3,96.68055555555571,20570
"(0.8888888888888888, 0.9861111111111112)",1,96.68055555555571,20571
"(0.8611111111111112, 0.9722222222222222)",1,96.68055555555571,20572
"(0.9166666666666666, 0.9722222222222222)",1,96.6805555555557,20573
"(0.875, 0.9861111111111112)",1,96.6805555555557,20574
"(0.8611111111111112, 0.9861111111111112)",1,96.6805555555557,20575
"(0.8888888888888888, 0.9722222222222222)",1,96.6805555555557,20576
"(0.9305555555555556, 0.9861111111111112)",1,96.68055555555569,20577
"(0.6944444444444444, 0.9861111111111112)",1,96.68055555555569,20578
"(0.9444444444444444, 0.9861111111111112)",1,96.68055555555569,20579
"(0.8333333333333334, 0.9861111111111112)",1,96.68055555555566,20580
"(0.7083333333333334, 1.0)",1,96.68055555555556,20581
"(0.6944444444444444, 1.0)",1,96.68055555555554,20582
"(0.925, 0.9666666666666668)",1,96.67916666666667,20583
"(0.85, 0.975)",1,96.67916666666666,20584
"(0.9208333333333332, 0.9916666666666668)",1,96.67916666666662,20585
"(0.9107142857142856, 0.9642857142857144)",1,96.6785714285714,20586
"(0.925, 0.9714285714285714)",1,96.67857142857136,20587
"(0.9714285714285714, 0.9642857142857144)",1,96.67857142857132,20588
"(0.9142857142857144, 0.975)",3,96.67857142857127,20591
"(0.7763157894736842, 0.9780701754385964)",1,96.67543859649132,20592
"(0.8458333333333333, 0.9791666666666666)",1,96.67500000000004,20593
"(0.8125, 0.975)",1,96.67499999999998,20594
"(0.825, 0.975)",1,96.67499999999995,20595
"(0.8928571428571429, 0.9642857142857144)",1,96.67499999999995,20596
"(0.8958333333333334, 0.975)",2,96.67499999999994,20598
"(0.9607142857142856, 0.9714285714285714)",3,96.67499999999994,20601
"(0.9607142857142856, 0.9785714285714284)",3,96.67499999999993,20604
"(0.9214285714285714, 0.975)",1,96.67499999999993,20605
"(0.9678571428571427, 0.9642857142857144)",1,96.6749999999999,20606
"(0.8837209302325582, 0.9767441860465116)",1,96.67441860465134,20607
"(0.7674418604651163, 0.9651162790697676)",1,96.6744186046513,20608
"(0.9418604651162792, 0.9767441860465116)",1,96.67441860465128,20609
"(0.8953488372093024, 0.9767441860465116)",1,96.67441860465124,20610
"(0.8488372093023255, 0.9767441860465116)",1,96.67441860465122,20611
"(0.8372093023255814, 0.9651162790697676)",1,96.6744186046512,20612
"(0.8953488372093024, 0.9767441860465116)",1,96.6744186046512,20613
"(0.8372093023255814, 0.9767441860465116)",1,96.67441860465117,20614
"(0.8604651162790697, 0.9767441860465116)",1,96.67441860465112,20615
"(0.9302325581395348, 0.9651162790697676)",1,96.67441860465098,20616
"(0.793918918918919, 0.9763513513513512)",1,96.67297297297291,20617
"(0.9357142857142856, 0.9714285714285714)",1,96.67142857142854,20618
"(0.925, 0.9642857142857144)",1,96.6714285714285,20619
"(0.9607142857142856, 0.9714285714285714)",1,96.6714285714285,20620
"(0.9428571428571428, 0.9714285714285714)",1,96.67142857142848,20621
"(0.9, 0.9785714285714284)",1,96.67142857142848,20622
"(0.9035714285714286, 0.9785714285714284)",3,96.67142857142844,20625
"(0.8445945945945946, 0.9773648648648648)",1,96.67094594594604,20626
"(0.8833333333333333, 0.9666666666666668)",2,96.67083333333332,20628
"(0.9916666666666668, 0.8583333333333333)",1,96.67083333333328,20629
"(0.5058823529411764, 0.9882352941176472)",1,96.67058823529392,20630
"(0.8588235294117647, 0.9529411764705882)",1,96.67058823529392,20631
"(0.9428571428571428, 0.9607142857142856)",1,96.66785714285712,20632
"(0.9428571428571428, 0.975)",1,96.66785714285712,20633
"(0.9464285714285714, 0.975)",3,96.66785714285706,20636
"(0.875, 0.9722222222222222)",1,96.66666666666688,20637
"(0.8194444444444444, 0.9861111111111112)",1,96.66666666666688,20638
"(0.7638888888888888, 0.9722222222222222)",1,96.66666666666686,20639
"(0.8472222222222222, 0.9861111111111112)",1,96.66666666666686,20640
"(0.7638888888888888, 0.9861111111111112)",1,96.66666666666686,20641
"(0.7083333333333334, 0.9861111111111112)",1,96.66666666666686,20642
"(0.8472222222222222, 0.9861111111111112)",1,96.66666666666684,20643
"(0.7916666666666666, 0.9861111111111112)",1,96.66666666666684,20644
"(0.5, 0.9861111111111112)",1,96.66666666666684,20645
"(0.875, 0.9861111111111112)",1,96.66666666666684,20646
"(0.9444444444444444, 0.9861111111111112)",8,96.66666666666684,20654
"(0.875, 0.9722222222222222)",1,96.66666666666684,20655
"(0.9305555555555556, 0.9722222222222222)",1,96.66666666666684,20656
"(0.6805555555555556, 0.9722222222222222)",1,96.66666666666684,20657
"(0.9305555555555556, 0.9861111111111112)",2,96.66666666666684,20659
"(0.8611111111111112, 0.9861111111111112)",1,96.66666666666684,20660
"(0.9166666666666666, 0.9722222222222222)",1,96.66666666666684,20661
"(0.8888888888888888, 0.9861111111111112)",1,96.66666666666684,20662
"(0.8333333333333334, 0.9722222222222222)",1,96.66666666666684,20663
"(0.75, 0.9722222222222222)",1,96.66666666666684,20664
"(0.625, 1.0)",2,96.66666666666684,20666
"(0.8333333333333334, 0.9722222222222222)",1,96.6666666666668,20667
"(0.8194444444444444, 0.9722222222222222)",1,96.6666666666668,20668
"(0.9166666666666666, 0.9722222222222222)",2,96.6666666666668,20670
"(0.8552631578947368, 0.9780701754385964)",1,96.6666666666668,20671
"(0.8611111111111112, 0.9722222222222222)",1,96.6666666666668,20672
"(0.9166666666666666, 1.0)",1,96.66666666666676,20673
"(0.9722222222222222, 0.9861111111111112)",1,96.66666666666676,20674
"(0.8666666666666667, 0.9833333333333332)",1,96.66666666666676,20675
"(0.7412280701754386, 0.9780701754385964)",3,96.66666666666676,20678
"(0.8194444444444444, 1.0)",2,96.66666666666674,20680
"(0.9166666666666666, 0.9833333333333332)",1,96.66666666666674,20681
"(0.9583333333333334, 1.0)",2,96.66666666666674,20683
"(0.9305555555555556, 1.0)",2,96.66666666666671,20685
"(0.95, 0.9833333333333332)",2,96.66666666666671,20687
"(0.8833333333333333, 1.0)",1,96.66666666666671,20688
"(0.8166666666666667, 1.0)",1,96.66666666666671,20689
"(0.8833333333333333, 1.0)",1,96.66666666666671,20690
"(0.7361111111111112, 1.0)",1,96.6666666666667,20691
"(0.9, 1.0)",1,96.6666666666667,20692
"(0.8833333333333333, 1.0)",1,96.66666666666669,20693
"(0.8333333333333334, 1.0)",1,96.66666666666669,20694
"(0.9833333333333332, 1.0)",1,96.66666666666669,20695
"(0.9833333333333332, 1.0)",1,96.66666666666666,20696
"(0.8833333333333333, 1.0)",1,96.66666666666666,20697
"(0.85, 1.0)",2,96.66666666666666,20699
"(1.0, 1.0)",1,96.66666666666666,20700
"(0.8958333333333334, 0.9958333333333332)",1,96.66666666666664,20701
"(0.9571428571428572, 0.9714285714285714)",1,96.66428571428568,20702
"(0.9214285714285714, 0.9714285714285714)",3,96.66428571428564,20705
"(0.9428571428571428, 0.9678571428571427)",1,96.66428571428564,20706
"(0.9535714285714286, 0.9785714285714284)",1,96.66428571428564,20707
"(0.925, 0.975)",1,96.6642857142856,20708
"(0.8953488372093024, 0.9651162790697676)",1,96.66279069767464,20709
"(0.8255813953488372, 0.9767441860465116)",2,96.6627906976746,20711
"(0.9302325581395348, 0.9767441860465116)",1,96.66279069767457,20712
"(0.8372093023255814, 0.9883720930232558)",1,96.66279069767457,20713
"(0.7906976744186046, 1.0)",1,96.66279069767452,20714
"(0.9186046511627908, 1.0)",1,96.66279069767448,20715
"(0.8023255813953488, 0.9651162790697676)",1,96.66279069767444,20716
"(0.8488372093023255, 0.9767441860465116)",1,96.66279069767435,20717
"(0.8953488372093024, 0.9767441860465116)",1,96.66279069767428,20718
"(0.8372093023255814, 0.9651162790697676)",1,96.6627906976742,20719
"(0.9767441860465116, 0.9651162790697676)",1,96.66279069767418,20720
"(0.9458333333333332, 0.9791666666666666)",1,96.66249999999998,20721
"(0.8125, 0.975)",1,96.66249999999992,20722
"(0.9041666666666668, 0.9916666666666668)",1,96.66249999999992,20723
"(0.925, 0.9625)",1,96.66249999999992,20724
"(0.8541666666666666, 0.9875)",1,96.6624999999999,20725
"(0.8810810810810811, 0.9760135135135136)",1,96.66216216216208,20726
"(0.9142857142857144, 0.9714285714285714)",1,96.66071428571423,20727
"(0.9642857142857144, 0.9785714285714284)",1,96.66071428571422,20728
"(0.9642857142857144, 0.9678571428571427)",3,96.6607142857142,20731
"(0.9678571428571427, 0.9714285714285714)",1,96.6607142857142,20732
"(0.9535714285714286, 0.9607142857142856)",3,96.66071428571416,20735
"(0.8753378378378378, 0.9756756756756756)",1,96.6604729729729,20736
"(0.975, 0.9916666666666668)",1,96.6583333333334,20737
"(0.925, 0.9833333333333332)",1,96.6583333333333,20738
"(0.9125, 0.9708333333333332)",1,96.6583333333333,20739
"(0.9083333333333332, 0.975)",2,96.6583333333333,20741
"(0.9833333333333332, 0.9791666666666666)",2,96.65833333333326,20743
"(0.8412162162162162, 0.9780405405405406)",1,96.65810810810812,20744
"(0.925, 0.9714285714285714)",1,96.65714285714286,20745
"(0.6260135135135135, 0.981418918918919)",1,96.65540540540545,20746
"(0.7875, 0.9743243243243244)",1,96.65439189189183,20747
"(0.925, 0.9708333333333332)",1,96.65416666666668,20748
"(0.9, 0.975)",2,96.65416666666664,20750
"(0.875, 0.9958333333333332)",1,96.65416666666654,20751
"(0.9791666666666666, 0.9916666666666668)",1,96.65416666666653,20752
"(0.9571428571428572, 0.975)",1,96.65357142857144,20753
"(0.95, 0.9785714285714284)",2,96.65357142857138,20755
"(0.9392857142857144, 0.975)",1,96.65357142857135,20756
"(0.95, 0.975)",1,96.65357142857134,20757
"(0.9357142857142856, 0.9714285714285714)",1,96.65357142857128,20758
"(0.875, 0.9722222222222222)",1,96.652777777778,20759
"(0.9305555555555556, 0.9722222222222222)",2,96.65277777777798,20761
"(0.8333333333333334, 0.9722222222222222)",1,96.65277777777798,20762
"(0.7361111111111112, 0.9861111111111112)",1,96.65277777777796,20763
"(0.7222222222222222, 0.9861111111111112)",4,96.65277777777796,20767
"(0.6944444444444444, 0.9722222222222222)",1,96.65277777777796,20768
"(0.9166666666666666, 0.9861111111111112)",1,96.65277777777796,20769
"(0.8055555555555556, 0.9722222222222222)",1,96.65277777777796,20770
"(0.9027777777777778, 0.9861111111111112)",1,96.65277777777796,20771
"(0.7083333333333334, 0.9861111111111112)",1,96.65277777777796,20772
"(0.9444444444444444, 0.9861111111111112)",1,96.65277777777794,20773
"(0.9166666666666666, 0.9722222222222222)",1,96.65277777777794,20774
"(0.8333333333333334, 0.9861111111111112)",1,96.65277777777794,20775
"(0.8472222222222222, 0.9722222222222222)",1,96.65277777777794,20776
"(0.875, 0.9861111111111112)",1,96.65277777777794,20777
"(0.8472222222222222, 0.9722222222222222)",2,96.65277777777791,20779
"(0.7638888888888888, 0.9861111111111112)",3,96.65277777777791,20782
"(0.9166666666666666, 0.9722222222222222)",1,96.6527777777779,20783
"(0.9305555555555556, 0.9722222222222222)",1,96.6527777777779,20784
"(0.8194444444444444, 1.0)",2,96.6527777777779,20786
"(0.7638888888888888, 1.0)",2,96.65277777777789,20788
"(0.6111111111111112, 0.9861111111111112)",1,96.65277777777789,20789
"(0.8333333333333334, 1.0)",1,96.65277777777789,20790
"(0.7638888888888888, 1.0)",1,96.6527777777778,20791
"(0.9444444444444444, 0.9861111111111112)",1,96.6527777777778,20792
"(0.8611111111111112, 1.0)",1,96.6527777777778,20793
"(0.8472222222222222, 1.0)",1,96.6527777777778,20794
"(0.9027777777777778, 1.0)",1,96.65277777777776,20795
"(0.8333333333333334, 1.0)",2,96.65277777777776,20797
"(0.7083333333333334, 1.0)",2,96.65277777777776,20799
"(0.5206081081081081, 0.9827702702702704)",1,96.65135135135122,20800
"(0.7906976744186046, 0.9767441860465116)",1,96.6511627906978,20801
"(0.8488372093023255, 0.9767441860465116)",1,96.6511627906978,20802
"(0.8837209302325582, 0.9767441860465116)",1,96.6511627906978,20803
"(0.8953488372093024, 0.9767441860465116)",1,96.6511627906978,20804
"(0.7790697674418605, 0.9767441860465116)",2,96.65116279069773,20806
"(0.872093023255814, 1.0)",1,96.65116279069773,20807
"(0.8953488372093024, 0.9767441860465116)",1,96.65116279069768,20808
"(0.813953488372093, 0.9651162790697676)",1,96.65116279069764,20809
"(0.8255813953488372, 0.9767441860465116)",2,96.65116279069754,20811
"(0.8604651162790697, 0.9651162790697676)",1,96.65116279069744,20812
"(0.9666666666666668, 1.0)",1,96.65000000000016,20813
"(0.9, 0.9666666666666668)",1,96.65000000000008,20814
"(0.75, 1.0)",1,96.65000000000008,20815
"(0.9666666666666668, 0.9833333333333332)",2,96.65000000000006,20817
"(0.8833333333333333, 0.9833333333333332)",1,96.65000000000006,20818
"(0.85, 0.9833333333333332)",1,96.65000000000006,20819
"(0.9, 1.0)",1,96.65000000000006,20820
"(0.9166666666666666, 1.0)",1,96.65000000000003,20821
"(0.7666666666666667, 1.0)",1,96.65000000000003,20822
"(0.9, 1.0)",1,96.65000000000002,20823
"(0.9833333333333332, 1.0)",1,96.65,20824
"(0.9333333333333332, 1.0)",1,96.65,20825
"(0.8166666666666667, 1.0)",1,96.65,20826
"(0.95, 1.0)",2,96.65,20828
"(0.8833333333333333, 1.0)",1,96.65,20829
"(1.0, 1.0)",1,96.65,20830
"(0.8666666666666667, 1.0)",1,96.65,20831
"(0.8458333333333333, 1.0)",1,96.64999999999998,20832
"(0.8333333333333334, 1.0)",1,96.64999999999998,20833
"(0.95, 0.975)",1,96.64999999999996,20834
"(0.9535714285714286, 0.9535714285714286)",1,96.64999999999992,20835
"(0.9428571428571428, 0.9678571428571427)",1,96.64999999999992,20836
"(0.9535714285714286, 0.9714285714285714)",1,96.6499999999999,20837
"(0.9571428571428572, 0.9642857142857144)",1,96.64999999999988,20838
"(0.8513513513513513, 0.9753378378378378)",1,96.647972972973,20839
"(0.9162162162162162, 0.975)",1,96.64763513513508,20840
"(0.8941176470588236, 0.9647058823529412)",1,96.6470588235293,20841
"(0.9714285714285714, 0.9785714285714284)",1,96.64642857142852,20842
"(0.9607142857142856, 0.9642857142857144)",6,96.64642857142849,20848
"(0.9535714285714286, 0.975)",1,96.64642857142849,20849
"(0.8263513513513514, 0.977027027027027)",1,96.64628378378372,20850
"(0.9125, 0.9791666666666666)",1,96.6458333333334,20851
"(0.9791666666666666, 0.9958333333333332)",1,96.64583333333336,20852
"(0.9875, 0.9833333333333332)",2,96.64583333333331,20854
"(0.9375, 0.975)",1,96.64583333333331,20855
"(0.9458333333333332, 0.9916666666666668)",1,96.64583333333331,20856
"(0.9125, 0.9833333333333332)",1,96.6458333333333,20857
"(0.9041666666666668, 0.9875)",1,96.64583333333329,20858
"(0.9208333333333332, 0.9875)",1,96.64583333333329,20859
"(0.925, 0.975)",1,96.64583333333324,20860
"(0.9464285714285714, 0.9678571428571427)",1,96.64285714285708,20861
"(0.9571428571428572, 0.9678571428571427)",1,96.64285714285704,20862
"(0.9357142857142856, 0.9642857142857144)",1,96.64285714285698,20863
"(0.9875, 0.9791666666666666)",2,96.64166666666674,20865
"(0.9333333333333332, 0.9791666666666666)",1,96.6416666666667,20866
"(0.9083333333333332, 0.9708333333333332)",1,96.64166666666668,20867
"(0.8891891891891892, 0.9763513513513512)",1,96.64155405405398,20868
"(0.9418604651162792, 0.9883720930232558)",1,96.63953488372108,20869
"(0.8837209302325582, 0.9883720930232558)",1,96.63953488372104,20870
"(0.7674418604651163, 0.9767441860465116)",1,96.63953488372104,20871
"(0.8255813953488372, 0.9767441860465116)",1,96.63953488372104,20872
"(0.5930232558139535, 0.9883720930232558)",1,96.63953488372104,20873
"(0.8372093023255814, 1.0)",1,96.63953488372098,20874
"(0.8953488372093024, 0.9883720930232558)",1,96.63953488372098,20875
"(0.7906976744186046, 0.9883720930232558)",1,96.63953488372096,20876
"(0.9069767441860463, 0.9651162790697676)",1,96.63953488372096,20877
"(0.8255813953488372, 0.9883720930232558)",1,96.63953488372096,20878
"(0.9302325581395348, 0.9767441860465116)",1,96.6395348837209,20879
"(0.9607142857142856, 0.9642857142857144)",1,96.63928571428556,20880
"(0.9305555555555556, 0.9722222222222222)",1,96.63888888888911,20881
"(0.8888888888888888, 0.9722222222222222)",1,96.6388888888891,20882
"(0.625, 0.9722222222222222)",1,96.6388888888891,20883
"(0.875, 0.9861111111111112)",2,96.63888888888908,20885
"(0.9027777777777778, 1.0)",2,96.63888888888908,20887
"(0.9166666666666666, 0.9861111111111112)",1,96.63888888888908,20888
"(0.8333333333333334, 0.9861111111111112)",1,96.63888888888908,20889
"(0.9166666666666666, 0.9722222222222222)",1,96.63888888888908,20890
"(0.7916666666666666, 0.9861111111111112)",1,96.63888888888908,20891
"(0.875, 0.9722222222222222)",1,96.63888888888908,20892
"(0.5972222222222222, 0.9861111111111112)",1,96.63888888888908,20893
"(0.4722222222222222, 0.9861111111111112)",1,96.63888888888908,20894
"(0.6944444444444444, 0.9722222222222222)",1,96.63888888888906,20895
"(0.8333333333333334, 0.9861111111111112)",1,96.63888888888906,20896
"(0.9444444444444444, 0.9722222222222222)",1,96.63888888888906,20897
"(0.9305555555555556, 1.0)",1,96.63888888888906,20898
"(0.8194444444444444, 0.9861111111111112)",1,96.63888888888906,20899
"(0.8888888888888888, 0.9861111111111112)",1,96.63888888888906,20900
"(0.8611111111111112, 0.9722222222222222)",1,96.63888888888904,20901
"(0.6944444444444444, 0.9722222222222222)",1,96.63888888888904,20902
"(0.9722222222222222, 0.9861111111111112)",2,96.63888888888904,20904
"(0.7638888888888888, 0.9861111111111112)",2,96.63888888888904,20906
"(0.9027777777777778, 0.9722222222222222)",1,96.638888888889,20907
"(0.9027777777777778, 0.9861111111111112)",1,96.638888888889,20908
"(0.9305555555555556, 1.0)",1,96.63888888888896,20909
"(0.875, 1.0)",1,96.63888888888894,20910
"(0.9327702702702704, 0.9743243243243244)",1,96.63851351351346,20911
"(0.8625, 0.9958333333333332)",1,96.63750000000012,20912
"(0.9375, 0.9625)",2,96.63749999999996,20914
"(0.8289473684210527, 0.9736842105263158)",1,96.63596491228074,20915
"(0.8928571428571429, 0.9714285714285714)",1,96.63571428571436,20916
"(0.9642857142857144, 0.9714285714285714)",1,96.63571428571426,20917
"(0.9678571428571427, 0.9714285714285714)",1,96.63571428571422,20918
"(0.95, 0.9833333333333332)",1,96.63333333333344,20919
"(0.8666666666666667, 0.9833333333333332)",1,96.63333333333344,20920
"(0.975, 0.9958333333333332)",4,96.6333333333334,20924
"(0.9, 0.9833333333333332)",1,96.6333333333334,20925
"(0.9333333333333332, 0.9833333333333332)",1,96.6333333333334,20926
"(0.8833333333333333, 0.9833333333333332)",1,96.6333333333334,20927
"(0.9166666666666666, 1.0)",1,96.6333333333334,20928
"(0.8666666666666667, 0.9833333333333332)",1,96.6333333333334,20929
"(0.75, 1.0)",1,96.63333333333335,20930
"(1.0, 1.0)",2,96.63333333333333,20932
"(0.8833333333333333, 1.0)",1,96.63333333333333,20933
"(0.9166666666666666, 1.0)",1,96.63333333333333,20934
"(0.9916666666666668, 0.9958333333333332)",1,96.63333333333333,20935
"(0.8666666666666667, 1.0)",1,96.63333333333333,20936
"(0.875, 0.9833333333333332)",1,96.63333333333333,20937
"(0.8, 1.0)",1,96.63333333333333,20938
"(0.9833333333333332, 1.0)",2,96.63333333333333,20940
"(0.925, 0.975)",1,96.63333333333328,20941
"(0.9321428571428572, 0.9678571428571427)",1,96.63214285714294,20942
"(0.8535714285714285, 0.9714285714285714)",1,96.6321428571428,20943
"(0.9428571428571428, 0.9714285714285714)",1,96.63214285714275,20944
"(0.7149122807017544, 0.9824561403508772)",1,96.63157894736848,20945
"(0.8791666666666667, 0.975)",1,96.6291666666666,20946
"(0.95, 0.975)",3,96.62857142857138,20949
"(0.9535714285714286, 0.975)",2,96.62857142857136,20951
"(0.8892857142857142, 0.975)",1,96.62857142857132,20952
"(0.8604651162790697, 0.9767441860465116)",1,96.62790697674436,20953
"(0.7790697674418605, 0.9883720930232558)",1,96.62790697674434,20954
"(0.8837209302325582, 0.9767441860465116)",1,96.6279069767443,20955
"(0.8604651162790697, 0.9767441860465116)",1,96.6279069767443,20956
"(0.8604651162790697, 0.9767441860465116)",1,96.62790697674428,20957
"(0.9302325581395348, 0.9767441860465116)",1,96.62790697674424,20958
"(0.8372093023255814, 0.9767441860465116)",1,96.62790697674424,20959
"(0.872093023255814, 1.0)",1,96.62790697674424,20960
"(0.7790697674418605, 0.9767441860465116)",2,96.62790697674414,20962
"(0.8837209302325582, 0.9651162790697676)",1,96.62790697674411,20963
"(0.868421052631579, 0.9824561403508772)",6,96.62719298245617,20969
"(0.8033783783783783, 0.9777027027027028)",1,96.62533783783783,20970
"(0.9722222222222222, 0.9722222222222222)",1,96.62500000000024,20971
"(0.7638888888888888, 0.9722222222222222)",1,96.6250000000002,20972
"(0.8194444444444444, 0.9722222222222222)",1,96.6250000000002,20973
"(0.8333333333333334, 0.9861111111111112)",1,96.6250000000002,20974
"(0.5555555555555556, 0.9861111111111112)",1,96.6250000000002,20975
"(0.9166666666666666, 0.9722222222222222)",1,96.62500000000018,20976
"(0.8055555555555556, 0.9861111111111112)",1,96.62500000000018,20977
"(0.625, 0.9722222222222222)",4,96.62500000000018,20981
"(0.7222222222222222, 0.9722222222222222)",1,96.62500000000018,20982
"(0.9027777777777778, 0.9722222222222222)",2,96.62500000000018,20984
"(0.875, 0.9861111111111112)",1,96.62500000000016,20985
"(0.9444444444444444, 0.9722222222222222)",1,96.62500000000016,20986
"(0.625, 0.9861111111111112)",1,96.62500000000016,20987
"(0.75, 0.9722222222222222)",1,96.62500000000016,20988
"(0.8611111111111112, 0.9861111111111112)",1,96.62500000000016,20989
"(0.9027777777777778, 0.9861111111111112)",1,96.62500000000014,20990
"(0.8888888888888888, 0.9861111111111112)",2,96.62500000000014,20992
"(0.8611111111111112, 0.9861111111111112)",1,96.62500000000011,20993
"(0.9166666666666666, 1.0)",1,96.62500000000011,20994
"(0.9305555555555556, 0.9722222222222222)",1,96.6250000000001,20995
"(0.8472222222222222, 0.9861111111111112)",1,96.62500000000009,20996
"(0.7638888888888888, 0.9722222222222222)",1,96.62500000000009,20997
"(0.6111111111111112, 1.0)",1,96.62500000000009,20998
"(0.9027777777777778, 0.9861111111111112)",1,96.62500000000006,20999
"(0.8611111111111112, 1.0)",1,96.62500000000006,21000
"(0.8888888888888888, 1.0)",1,96.62500000000004,21001
"(0.7777777777777778, 1.0)",2,96.62500000000004,21003
"(0.8888888888888888, 1.0)",1,96.625,21004
"(0.9166666666666666, 1.0)",2,96.625,21006
"(0.7083333333333334, 1.0)",1,96.625,21007
"(0.9458333333333332, 0.9708333333333332)",2,96.625,21009
"(0.9444444444444444, 1.0)",3,96.625,21012
"(0.9875, 0.8583333333333333)",1,96.62499999999996,21013
"(0.9916666666666668, 0.9833333333333332)",1,96.62499999999996,21014
"(0.9535714285714286, 0.975)",1,96.62499999999996,21015
"(0.95, 0.9714285714285714)",1,96.62499999999994,21016
"(0.5058823529411764, 0.976470588235294)",1,96.62352941176454,21017
"(0.8608108108108108, 0.977027027027027)",1,96.62297297297287,21018
"(0.9642857142857144, 0.9714285714285714)",1,96.62142857142852,21019
"(0.9607142857142856, 0.975)",2,96.62142857142848,21021
"(0.9875, 0.85)",1,96.62083333333324,21022
"(0.8416666666666667, 0.9666666666666668)",1,96.6208333333332,21023
"(0.8728070175438597, 0.9912280701754386)",4,96.61842105263156,21027
"(0.8412162162162162, 0.9787162162162162)",1,96.6182432432432,21028
"(0.9607142857142856, 0.975)",1,96.61785714285708,21029
"(0.9428571428571428, 0.9714285714285714)",1,96.61785714285708,21030
"(0.8672297297297298, 0.9739864864864864)",1,96.61722972972971,21031
"(0.9333333333333332, 1.0)",1,96.6166666666668,21032
"(0.9, 0.9833333333333332)",2,96.61666666666676,21034
"(0.8333333333333334, 1.0)",1,96.61666666666676,21035
"(0.75, 1.0)",1,96.61666666666676,21036
"(0.9166666666666666, 0.9833333333333332)",1,96.61666666666676,21037
"(0.9, 1.0)",2,96.61666666666676,21039
"(0.8166666666666667, 1.0)",1,96.61666666666672,21040
"(0.9166666666666666, 0.9833333333333332)",1,96.61666666666672,21041
"(0.7166666666666667, 1.0)",1,96.61666666666672,21042
"(0.9333333333333332, 0.9833333333333332)",1,96.61666666666672,21043
"(0.75, 1.0)",1,96.61666666666672,21044
"(0.7333333333333333, 1.0)",1,96.6166666666667,21045
"(0.9, 1.0)",2,96.6166666666667,21047
"(0.8833333333333333, 1.0)",1,96.6166666666667,21048
"(0.9833333333333332, 1.0)",1,96.61666666666667,21049
"(0.9833333333333332, 1.0)",1,96.61666666666667,21050
"(1.0, 1.0)",1,96.61666666666666,21051
"(0.8458333333333333, 0.9833333333333332)",1,96.6166666666666,21052
"(0.8958333333333334, 0.9708333333333332)",1,96.6166666666666,21053
"(0.9625, 0.9916666666666668)",1,96.61666666666656,21054
"(0.9418604651162792, 0.9767441860465116)",1,96.6162790697676,21055
"(0.8255813953488372, 0.9767441860465116)",1,96.61627906976756,21056
"(0.7209302325581395, 0.9883720930232558)",1,96.61627906976751,21057
"(0.8837209302325582, 0.9767441860465116)",1,96.61627906976751,21058
"(0.8604651162790697, 0.9651162790697676)",1,96.61627906976751,21059
"(0.9186046511627908, 0.9651162790697676)",1,96.6162790697675,21060
"(0.8837209302325582, 0.9651162790697676)",1,96.61627906976749,21061
"(0.8604651162790697, 0.9767441860465116)",1,96.61627906976744,21062
"(0.9418604651162792, 0.9883720930232558)",1,96.6162790697674,21063
"(0.8837209302325582, 0.9534883720930232)",1,96.6162790697674,21064
"(0.8953488372093024, 0.9651162790697676)",1,96.61627906976726,21065
"(0.9714285714285714, 0.9714285714285714)",1,96.61428571428569,21066
"(0.8859649122807017, 0.9780701754385964)",1,96.61403508771949,21067
"(0.9125, 0.9708333333333332)",1,96.61249999999995,21068
"(0.9208333333333332, 0.9833333333333332)",2,96.61249999999995,21070
"(0.8875, 0.975)",1,96.61249999999993,21071
"(0.9166666666666666, 0.975)",1,96.61249999999993,21072
"(0.85, 0.9875)",2,96.61249999999988,21074
"(0.9647058823529412, 0.9647058823529412)",1,96.61176470588232,21075
"(0.5570945945945946, 0.9820945945945946)",1,96.61114864864872,21076
"(0.8888888888888888, 0.9722222222222222)",1,96.61111111111131,21077
"(0.6805555555555556, 0.9861111111111112)",1,96.6111111111113,21078
"(0.5555555555555556, 0.9861111111111112)",1,96.6111111111113,21079
"(0.7638888888888888, 0.9861111111111112)",5,96.6111111111113,21084
"(0.7916666666666666, 0.9722222222222222)",1,96.6111111111113,21085
"(0.8194444444444444, 0.9861111111111112)",1,96.6111111111113,21086
"(0.8333333333333334, 0.9722222222222222)",1,96.6111111111113,21087
"(0.9305555555555556, 0.9861111111111112)",2,96.6111111111113,21089
"(0.9166666666666666, 0.9861111111111112)",2,96.61111111111128,21091
"(0.9305555555555556, 0.9722222222222222)",2,96.61111111111128,21093
"(0.875, 0.9722222222222222)",2,96.61111111111128,21095
"(0.8611111111111112, 0.9722222222222222)",1,96.61111111111128,21096
"(0.8611111111111112, 0.9583333333333334)",1,96.61111111111128,21097
"(0.8611111111111112, 0.9861111111111112)",2,96.61111111111128,21099
"(0.9166666666666666, 0.9583333333333334)",1,96.61111111111128,21100
"(0.8472222222222222, 0.9722222222222222)",1,96.61111111111128,21101
"(0.875, 0.9722222222222222)",1,96.61111111111128,21102
"(0.9027777777777778, 0.9861111111111112)",1,96.61111111111128,21103
"(0.8611111111111112, 0.9861111111111112)",1,96.61111111111124,21104
"(0.6805555555555556, 0.9861111111111112)",1,96.61111111111124,21105
"(0.8333333333333334, 1.0)",2,96.6111111111112,21107
"(0.8194444444444444, 1.0)",2,96.6111111111112,21109
"(0.9722222222222222, 0.9861111111111112)",2,96.61111111111116,21111
"(0.8055555555555556, 1.0)",1,96.61111111111116,21112
"(0.9583333333333334, 1.0)",1,96.61111111111114,21113
"(0.6111111111111112, 1.0)",4,96.61111111111111,21117
"(0.8333333333333334, 1.0)",1,96.61111111111111,21118
"(0.8194444444444444, 1.0)",1,96.61111111111111,21119
"(0.8587837837837838, 0.9777027027027028)",1,96.61081081081078,21120
"(0.925, 0.9642857142857144)",1,96.61071428571424,21121
"(0.925438596491228, 0.9780701754385964)",2,96.60964912280711,21123
"(0.9791666666666666, 0.9958333333333332)",1,96.6083333333334,21124
"(0.9125, 0.9666666666666668)",2,96.60833333333328,21126
"(0.9083333333333332, 0.9958333333333332)",2,96.60833333333328,21128
"(0.9166666666666666, 0.9833333333333332)",1,96.60833333333326,21129
"(0.9041666666666668, 0.9875)",1,96.6083333333332,21130
"(0.925, 0.9642857142857144)",1,96.6071428571428,21131
"(0.4285714285714285, 0.9642857142857144)",1,96.60714285714278,21132
"(0.9392857142857144, 0.975)",2,96.60714285714278,21134
"(0.768918918918919, 0.9783783783783784)",1,96.60675675675682,21135
"(0.7906976744186046, 1.0)",1,96.60465116279084,21136
"(0.8837209302325582, 0.9767441860465116)",1,96.60465116279082,21137
"(0.8837209302325582, 0.9883720930232558)",1,96.60465116279082,21138
"(0.7906976744186046, 0.9883720930232558)",1,96.60465116279082,21139
"(0.8488372093023255, 0.9883720930232558)",1,96.6046511627908,21140
"(0.6162790697674418, 0.9883720930232558)",2,96.60465116279076,21142
"(0.5, 0.9883720930232558)",1,96.60465116279074,21143
"(0.872093023255814, 1.0)",1,96.60465116279072,21144
"(0.8125, 0.9708333333333332)",1,96.60416666666664,21145
"(0.8125, 0.9791666666666666)",1,96.6041666666666,21146
"(0.9535714285714286, 0.9678571428571427)",3,96.6035714285714,21149
"(0.5516891891891892, 0.981418918918919)",1,96.60270270270274,21150
"(0.8662162162162163, 0.9766891891891892)",1,96.60202702702694,21151
"(0.6310810810810811, 0.9800675675675676)",1,96.60135135135144,21152
"(0.6847972972972973, 0.9800675675675676)",1,96.60101351351352,21153
"(1.0, 1.0)",1,96.60000000000014,21154
"(0.9, 0.9833333333333332)",2,96.60000000000012,21156
"(0.9, 0.9833333333333332)",1,96.60000000000008,21157
"(0.9166666666666666, 0.9833333333333332)",1,96.60000000000008,21158
"(1.0, 0.9833333333333332)",1,96.60000000000008,21159
"(0.8666666666666667, 0.9833333333333332)",1,96.60000000000008,21160
"(0.9, 1.0)",1,96.60000000000004,21161
"(0.7166666666666667, 1.0)",1,96.60000000000002,21162
"(0.9166666666666666, 1.0)",1,96.6,21163
"(0.85, 1.0)",1,96.6,21164
"(0.9875, 0.9958333333333332)",1,96.6,21165
"(0.8833333333333333, 1.0)",1,96.6,21166
"(1.0, 1.0)",1,96.6,21167
"(0.9535714285714286, 0.9642857142857144)",3,96.59999999999994,21170
"(0.9285714285714286, 0.975)",1,96.59999999999992,21171
"(0.9535714285714286, 0.9785714285714284)",1,96.59999999999992,21172
"(0.9083333333333332, 0.9958333333333332)",1,96.59999999999992,21173
"(0.7392857142857143, 0.9714285714285714)",1,96.59999999999988,21174
"(0.9458333333333332, 0.9875)",1,96.59999999999988,21175
"(0.9464285714285714, 0.9785714285714284)",2,96.59999999999988,21177
"(0.9354729729729728, 0.970945945945946)",1,96.59898648648652,21178
"(0.8527027027027027, 0.977027027027027)",1,96.59797297297284,21179
"(0.7083333333333334, 0.9722222222222222)",1,96.59722222222246,21180
"(0.875, 0.9722222222222222)",1,96.59722222222244,21181
"(0.875, 0.9722222222222222)",2,96.5972222222224,21183
"(0.9027777777777778, 0.9861111111111112)",1,96.5972222222224,21184
"(0.9027777777777778, 0.9861111111111112)",1,96.5972222222224,21185
"(0.9305555555555556, 0.9722222222222222)",1,96.5972222222224,21186
"(0.8611111111111112, 0.9722222222222222)",2,96.5972222222224,21188
"(0.7083333333333334, 0.9722222222222222)",1,96.5972222222224,21189
"(0.9583333333333334, 0.9722222222222222)",1,96.59722222222238,21190
"(0.9027777777777778, 0.9861111111111112)",2,96.59722222222238,21192
"(0.8472222222222222, 0.9722222222222222)",1,96.59722222222238,21193
"(0.6805555555555556, 0.9722222222222222)",1,96.59722222222238,21194
"(0.9444444444444444, 0.9861111111111112)",1,96.59722222222238,21195
"(0.6944444444444444, 0.9861111111111112)",4,96.59722222222238,21199
"(0.8333333333333334, 0.9861111111111112)",1,96.59722222222236,21200
"(0.7222222222222222, 1.0)",1,96.59722222222236,21201
"(0.7638888888888888, 0.9861111111111112)",1,96.59722222222236,21202
"(0.9166666666666666, 0.9583333333333334)",4,96.59722222222236,21206
"(0.8472222222222222, 0.9722222222222222)",1,96.59722222222236,21207
"(0.9027777777777778, 0.9861111111111112)",1,96.59722222222236,21208
"(0.625, 0.9722222222222222)",1,96.59722222222236,21209
"(0.75, 0.9861111111111112)",1,96.59722222222231,21210
"(0.8611111111111112, 0.9722222222222222)",1,96.59722222222231,21211
"(0.9166666666666666, 1.0)",1,96.59722222222231,21212
"(0.625, 0.9722222222222222)",2,96.5972222222223,21214
"(0.8888888888888888, 1.0)",1,96.59722222222229,21215
"(0.625, 1.0)",1,96.59722222222224,21216
"(0.9305555555555556, 1.0)",2,96.59722222222224,21218
"(0.9583333333333334, 1.0)",1,96.59722222222224,21219
"(0.7412280701754386, 0.9736842105263158)",1,96.5964912280703,21220
"(0.9605263157894736, 0.9692982456140352)",3,96.5964912280702,21223
"(0.9464285714285714, 0.9714285714285714)",1,96.59642857142848,21224
"(0.9464285714285714, 0.9785714285714284)",3,96.59642857142846,21227
"(0.9208333333333332, 0.9666666666666668)",2,96.59583333333336,21229
"(0.925, 0.9708333333333332)",1,96.5958333333333,21230
"(0.9125, 0.9833333333333332)",1,96.59583333333327,21231
"(0.7469594594594594, 0.9763513513513512)",1,96.59425675675668,21232
"(0.8023255813953488, 0.9883720930232558)",1,96.59302325581412,21233
"(0.9418604651162792, 0.9767441860465116)",1,96.5930232558141,21234
"(0.8255813953488372, 0.9767441860465116)",1,96.5930232558141,21235
"(0.8255813953488372, 0.9767441860465116)",1,96.59302325581407,21236
"(0.4651162790697674, 1.0)",1,96.59302325581406,21237
"(0.8255813953488372, 0.9883720930232558)",1,96.59302325581406,21238
"(0.7558139534883721, 0.9883720930232558)",1,96.59302325581402,21239
"(0.4883720930232558, 0.9883720930232558)",1,96.593023255814,21240
"(0.8372093023255814, 0.9767441860465116)",1,96.593023255814,21241
"(0.8604651162790697, 0.9767441860465116)",1,96.593023255814,21242
"(0.9651162790697676, 0.9767441860465116)",1,96.5930232558139,21243
"(0.8837209302325582, 0.9651162790697676)",1,96.59302325581388,21244
"(0.8837209302325582, 0.9651162790697676)",1,96.5930232558138,21245
"(0.9392857142857144, 0.975)",1,96.59285714285711,21246
"(0.9178571428571428, 0.9714285714285714)",1,96.59285714285711,21247
"(0.95, 0.9714285714285714)",1,96.59285714285708,21248
"(0.9607142857142856, 0.9678571428571427)",1,96.592857142857,21249
"(0.868421052631579, 0.986842105263158)",1,96.59210526315802,21250
"(0.9166666666666666, 0.975)",1,96.59166666666668,21251
"(0.9458333333333332, 0.975)",1,96.59166666666668,21252
"(0.9416666666666668, 0.9958333333333332)",1,96.5916666666666,21253
"(0.9375, 0.9916666666666668)",1,96.59166666666658,21254
"(0.95, 0.9875)",1,96.59166666666653,21255
"(0.7827702702702702, 0.9739864864864864)",1,96.59121621621615,21256
"(0.9785714285714284, 0.9714285714285714)",1,96.58928571428568,21257
"(0.8357142857142857, 0.9714285714285714)",1,96.58928571428568,21258
"(0.9642857142857144, 0.9642857142857144)",1,96.58928571428564,21259
"(0.7456140350877193, 0.9736842105263158)",1,96.5877192982457,21260
"(0.868421052631579, 0.9780701754385964)",3,96.58771929824567,21263
"(1.0, 1.0)",1,96.58750000000003,21264
"(0.9458333333333332, 0.9875)",1,96.5874999999999,21265
"(0.908445945945946, 0.9736486486486486)",1,96.5871621621621,21266
"(0.8402027027027027, 0.9773648648648648)",1,96.58682432432428,21267
"(0.9107142857142856, 0.9714285714285714)",1,96.58571428571425,21268
"(0.8611111111111112, 0.9861111111111112)",1,96.58333333333354,21269
"(0.7916666666666666, 0.9861111111111112)",1,96.58333333333354,21270
"(0.9027777777777778, 0.9861111111111112)",1,96.58333333333351,21271
"(0.9166666666666666, 0.9861111111111112)",1,96.58333333333351,21272
"(0.8472222222222222, 0.9722222222222222)",1,96.58333333333351,21273
"(0.8194444444444444, 0.9722222222222222)",1,96.58333333333351,21274
"(0.9166666666666666, 0.9722222222222222)",1,96.58333333333351,21275
"(0.8333333333333334, 0.9722222222222222)",1,96.58333333333351,21276
"(0.8611111111111112, 0.9722222222222222)",1,96.58333333333351,21277
"(0.8194444444444444, 0.9861111111111112)",1,96.58333333333351,21278
"(0.9444444444444444, 1.0)",1,96.58333333333351,21279
"(0.8611111111111112, 0.9861111111111112)",4,96.58333333333351,21283
"(0.8333333333333334, 0.9861111111111112)",1,96.58333333333351,21284
"(0.8472222222222222, 0.9861111111111112)",1,96.5833333333335,21285
"(0.875, 0.9722222222222222)",1,96.5833333333335,21286
"(0.8888888888888888, 0.9722222222222222)",1,96.58333333333348,21287
"(0.9027777777777778, 0.9861111111111112)",1,96.58333333333348,21288
"(0.7222222222222222, 0.9861111111111112)",1,96.58333333333348,21289
"(0.875, 0.9861111111111112)",2,96.58333333333348,21291
"(0.8055555555555556, 0.9861111111111112)",1,96.58333333333348,21292
"(0.868421052631579, 0.9780701754385964)",1,96.58333333333348,21293
"(0.8055555555555556, 0.9722222222222222)",1,96.58333333333348,21294
"(0.6944444444444444, 0.9861111111111112)",1,96.58333333333348,21295
"(0.7083333333333334, 0.9861111111111112)",1,96.58333333333348,21296
"(0.8245614035087719, 0.9780701754385964)",3,96.58333333333348,21299
"(0.7916666666666666, 0.9861111111111112)",1,96.58333333333346,21300
"(0.9333333333333332, 0.9833333333333332)",2,96.5833333333334,21302
"(0.8666666666666667, 0.9833333333333332)",1,96.5833333333334,21303
"(1.0, 1.0)",1,96.5833333333334,21304
"(0.9, 0.9833333333333332)",1,96.5833333333334,21305
"(0.8833333333333333, 1.0)",1,96.5833333333334,21306
"(0.9722222222222222, 1.0)",1,96.5833333333334,21307
"(0.9583333333333334, 1.0)",1,96.5833333333334,21308
"(0.9, 1.0)",1,96.5833333333334,21309
"(0.8333333333333334, 1.0)",1,96.58333333333336,21310
"(0.9027777777777778, 0.9722222222222222)",1,96.58333333333336,21311
"(0.9833333333333332, 1.0)",1,96.58333333333336,21312
"(0.9027777777777778, 1.0)",1,96.58333333333336,21313
"(0.85, 1.0)",1,96.58333333333336,21314
"(0.85, 1.0)",1,96.58333333333334,21315
"(0.7, 1.0)",1,96.58333333333334,21316
"(0.9666666666666668, 1.0)",1,96.58333333333334,21317
"(0.95, 1.0)",1,96.58333333333331,21318
"(0.8166666666666667, 1.0)",1,96.58333333333331,21319
"(0.9875, 0.975)",1,96.58333333333329,21320
"(0.9208333333333332, 0.9916666666666668)",1,96.58333333333312,21321
"(0.9357142857142856, 0.9678571428571427)",1,96.5821428571428,21322
"(0.9607142857142856, 0.975)",1,96.5821428571428,21323
"(0.9321428571428572, 0.9678571428571427)",1,96.5821428571428,21324
"(0.9535714285714286, 0.9714285714285714)",1,96.58214285714278,21325
"(0.925, 0.975)",3,96.58214285714276,21328
"(0.95, 0.975)",3,96.58214285714276,21331
"(0.9357142857142856, 0.9785714285714284)",3,96.58214285714271,21334
"(0.8837209302325582, 0.9883720930232558)",1,96.58139534883732,21335
"(0.7441860465116279, 1.0)",1,96.58139534883723,21336
"(0.8023255813953488, 0.9767441860465116)",1,96.58139534883722,21337
"(0.9, 0.975)",1,96.5791666666667,21338
"(0.9208333333333332, 0.9708333333333332)",1,96.57916666666662,21339
"(0.9166666666666666, 0.9708333333333332)",1,96.5791666666666,21340
"(0.8791666666666667, 0.975)",1,96.57916666666658,21341
"(0.8070175438596491, 0.9824561403508772)",3,96.57894736842113,21344
"(0.925, 0.9714285714285714)",1,96.57857142857137,21345
"(0.9642857142857144, 0.9642857142857144)",1,96.57857142857137,21346
"(0.9571428571428572, 0.975)",1,96.57857142857134,21347
"(0.8941176470588236, 0.976470588235294)",1,96.5764705882352,21348
"(0.8584459459459459, 0.9733108108108108)",1,96.57533783783784,21349
"(0.95, 0.9833333333333332)",1,96.57500000000006,21350
"(0.9, 0.9833333333333332)",2,96.57499999999992,21352
"(0.9535714285714286, 0.975)",3,96.57499999999987,21355
"(0.95, 0.9714285714285714)",1,96.57499999999987,21356
"(0.7719298245614035, 0.9692982456140352)",1,96.5745614035088,21357
"(0.7149122807017544, 0.9736842105263158)",1,96.57456140350874,21358
"(0.7655405405405405, 0.9773648648648648)",1,96.57297297297303,21359
"(0.95, 0.975)",1,96.5714285714284,21360
"(0.9416666666666668, 0.9875)",2,96.57083333333333,21362
"(0.9041666666666668, 0.9791666666666666)",2,96.57083333333328,21364
"(0.9208333333333332, 0.9916666666666668)",1,96.57083333333324,21365
"(0.8289473684210527, 0.9780701754385964)",1,96.5701754385966,21366
"(0.9473684210526316, 0.9912280701754386)",4,96.57017543859648,21370
"(0.8372093023255814, 0.9767441860465116)",1,96.5697674418606,21371
"(0.8837209302325582, 0.9767441860465116)",1,96.56976744186058,21372
"(0.9302325581395348, 0.9767441860465116)",2,96.56976744186056,21374
"(0.8255813953488372, 0.9883720930232558)",1,96.56976744186056,21375
"(0.9302325581395348, 0.9767441860465116)",1,96.56976744186052,21376
"(0.8837209302325582, 0.9767441860465116)",1,96.56976744186052,21377
"(0.8837209302325582, 0.9767441860465116)",1,96.56976744186048,21378
"(0.6976744186046512, 1.0)",1,96.56976744186048,21379
"(0.9302325581395348, 0.9767441860465116)",1,96.56976744186044,21380
"(0.7790697674418605, 0.9767441860465116)",1,96.56976744186044,21381
"(0.8953488372093024, 0.9651162790697676)",1,96.56976744186034,21382
"(0.8488372093023255, 0.9651162790697676)",2,96.56976744186022,21384
"(0.8333333333333334, 0.9722222222222222)",1,96.56944444444468,21385
"(0.9166666666666666, 0.9861111111111112)",1,96.56944444444464,21386
"(0.9444444444444444, 0.9722222222222222)",1,96.56944444444464,21387
"(0.9166666666666666, 0.9722222222222222)",2,96.56944444444464,21389
"(0.875, 0.9722222222222222)",2,96.5694444444446,21391
"(0.75, 0.9861111111111112)",2,96.5694444444446,21393
"(0.8611111111111112, 0.9861111111111112)",1,96.5694444444446,21394
"(0.8888888888888888, 0.9722222222222222)",3,96.5694444444446,21397
"(0.8472222222222222, 0.9861111111111112)",1,96.5694444444446,21398
"(0.9027777777777778, 0.9861111111111112)",3,96.5694444444446,21401
"(0.9444444444444444, 0.9583333333333334)",1,96.5694444444446,21402
"(0.9305555555555556, 0.9722222222222222)",1,96.5694444444446,21403
"(0.5277777777777778, 0.9861111111111112)",1,96.5694444444446,21404
"(0.7777777777777778, 1.0)",1,96.56944444444458,21405
"(0.8888888888888888, 0.9722222222222222)",1,96.56944444444458,21406
"(0.8888888888888888, 0.9861111111111112)",1,96.56944444444458,21407
"(0.8611111111111112, 0.9861111111111112)",1,96.56944444444458,21408
"(0.9166666666666666, 0.9861111111111112)",1,96.56944444444458,21409
"(0.8888888888888888, 0.9583333333333334)",1,96.56944444444458,21410
"(0.9027777777777778, 0.9583333333333334)",1,96.56944444444458,21411
"(0.8194444444444444, 0.9722222222222222)",2,96.56944444444456,21413
"(0.7638888888888888, 0.9861111111111112)",1,96.56944444444456,21414
"(0.8611111111111112, 0.9722222222222222)",1,96.56944444444456,21415
"(0.8194444444444444, 0.9861111111111112)",1,96.56944444444456,21416
"(0.8888888888888888, 0.9861111111111112)",1,96.56944444444456,21417
"(0.8472222222222222, 0.9861111111111112)",2,96.56944444444454,21419
"(0.625, 0.9722222222222222)",1,96.56944444444451,21420
"(0.8055555555555556, 1.0)",1,96.56944444444451,21421
"(0.8333333333333334, 1.0)",1,96.56944444444451,21422
"(0.7361111111111112, 1.0)",1,96.56944444444451,21423
"(0.8472222222222222, 0.9861111111111112)",1,96.5694444444445,21424
"(0.7361111111111112, 1.0)",1,96.5694444444445,21425
"(0.9678571428571427, 0.975)",1,96.5678571428571,21426
"(0.925, 0.9678571428571427)",1,96.56785714285704,21427
"(0.95, 0.9833333333333332)",1,96.5666666666668,21428
"(0.8333333333333334, 1.0)",1,96.56666666666672,21429
"(0.8, 1.0)",2,96.56666666666672,21431
"(0.8333333333333334, 1.0)",1,96.56666666666672,21432
"(0.85, 1.0)",1,96.56666666666672,21433
"(0.9833333333333332, 0.925)",1,96.56666666666672,21434
"(0.9166666666666666, 1.0)",1,96.56666666666672,21435
"(0.8333333333333334, 0.9833333333333332)",1,96.5666666666667,21436
"(0.9833333333333332, 1.0)",1,96.56666666666668,21437
"(0.9666666666666668, 0.9791666666666666)",1,96.56666666666668,21438
"(0.8333333333333334, 0.9833333333333332)",1,96.56666666666668,21439
"(0.8, 1.0)",1,96.56666666666666,21440
"(0.95, 1.0)",2,96.56666666666666,21442
"(0.9333333333333332, 1.0)",1,96.56666666666666,21443
"(0.9833333333333332, 1.0)",1,96.56666666666666,21444
"(0.8875, 0.9625)",1,96.56666666666663,21445
"(0.8875, 0.9916666666666668)",2,96.56666666666662,21447
"(0.8625, 0.9666666666666668)",1,96.5666666666666,21448
"(0.9208333333333332, 0.9875)",1,96.5666666666666,21449
"(0.9208333333333332, 0.9833333333333332)",1,96.56666666666658,21450
"(0.8625, 0.9916666666666668)",1,96.56666666666652,21451
"(0.8552631578947368, 0.9912280701754386)",4,96.5657894736842,21455
"(0.8941176470588236, 0.976470588235294)",1,96.56470588235288,21456
"(0.9529411764705882, 0.9882352941176472)",1,96.56470588235284,21457
"(0.9464285714285714, 0.9714285714285714)",1,96.56428571428566,21458
"(0.9464285714285714, 0.9785714285714284)",1,96.56428571428565,21459
"(0.8625, 0.9791666666666666)",1,96.56250000000004,21460
"(0.95, 0.9666666666666668)",2,96.56249999999994,21462
"(0.95, 0.9875)",2,96.56249999999989,21464
"(0.9035087719298246, 0.9649122807017544)",3,96.561403508772,21467
"(0.7105263157894737, 0.9780701754385964)",2,96.561403508772,21469
"(0.8859649122807017, 0.9780701754385964)",1,96.561403508772,21470
"(0.95, 0.9714285714285714)",1,96.56071428571428,21471
"(0.9392857142857144, 0.975)",1,96.56071428571424,21472
"(0.9607142857142856, 0.9714285714285714)",1,96.56071428571424,21473
"(0.9571428571428572, 0.9714285714285714)",3,96.5607142857142,21476
"(0.9428571428571428, 0.9714285714285714)",1,96.5607142857142,21477
"(0.9642857142857144, 0.975)",2,96.5607142857142,21479
"(0.46875, 0.985)",1,96.56000000000004,21480
"(0.8541666666666666, 0.9833333333333332)",2,96.55833333333332,21482
"(0.9625, 0.9875)",1,96.5583333333333,21483
"(0.8875, 0.9916666666666668)",1,96.55833333333324,21484
"(0.9458333333333332, 0.9875)",1,96.55833333333324,21485
"(0.95, 0.9958333333333332)",1,96.55833333333322,21486
"(0.7674418604651163, 0.9883720930232558)",1,96.5581395348838,21487
"(0.872093023255814, 0.9883720930232558)",1,96.55813953488378,21488
"(0.8837209302325582, 0.9767441860465116)",1,96.55813953488378,21489
"(0.7906976744186046, 0.9767441860465116)",1,96.55813953488376,21490
"(0.8023255813953488, 0.9767441860465116)",2,96.55813953488372,21492
"(0.7790697674418605, 0.9651162790697676)",1,96.55813953488368,21493
"(0.8023255813953488, 0.9651162790697676)",1,96.55813953488364,21494
"(0.9392857142857144, 0.9714285714285714)",1,96.5571428571428,21495
"(0.9428571428571428, 0.975)",1,96.55714285714278,21496
"(0.95, 0.9642857142857144)",1,96.55714285714276,21497
"(0.9571428571428572, 0.9714285714285714)",2,96.55714285714276,21499
"(0.7149122807017544, 0.986842105263158)",1,96.55701754385971,21500
"(0.7222222222222222, 0.9722222222222222)",1,96.55555555555576,21501
"(0.6944444444444444, 0.9722222222222222)",4,96.55555555555576,21505
"(0.875, 0.9722222222222222)",1,96.55555555555576,21506
"(0.7638888888888888, 0.9861111111111112)",2,96.55555555555574,21508
"(0.9305555555555556, 0.9722222222222222)",1,96.55555555555574,21509
"(0.875, 0.9861111111111112)",1,96.55555555555574,21510
"(0.9861111111111112, 0.9722222222222222)",1,96.55555555555574,21511
"(0.6944444444444444, 0.9861111111111112)",1,96.55555555555571,21512
"(0.875, 0.9861111111111112)",1,96.55555555555571,21513
"(0.8194444444444444, 0.9861111111111112)",2,96.55555555555571,21515
"(0.8472222222222222, 0.9722222222222222)",1,96.55555555555571,21516
"(0.8888888888888888, 0.9861111111111112)",1,96.55555555555571,21517
"(0.8333333333333334, 0.9722222222222222)",1,96.55555555555571,21518
"(0.8611111111111112, 0.9722222222222222)",1,96.55555555555571,21519
"(0.8611111111111112, 0.9861111111111112)",1,96.55555555555571,21520
"(0.625, 0.9722222222222222)",1,96.55555555555571,21521
"(0.9305555555555556, 0.9722222222222222)",1,96.55555555555571,21522
"(0.7916666666666666, 0.9861111111111112)",1,96.55555555555571,21523
"(0.8194444444444444, 0.9861111111111112)",1,96.5555555555557,21524
"(0.8888888888888888, 0.9861111111111112)",1,96.5555555555557,21525
"(0.8194444444444444, 1.0)",1,96.55555555555569,21526
"(0.8611111111111112, 0.9722222222222222)",1,96.55555555555569,21527
"(0.8472222222222222, 0.9861111111111112)",2,96.55555555555569,21529
"(0.9583333333333334, 1.0)",1,96.55555555555569,21530
"(0.7638888888888888, 0.9722222222222222)",1,96.55555555555569,21531
"(0.5416666666666666, 0.9861111111111112)",1,96.55555555555569,21532
"(0.8888888888888888, 0.9861111111111112)",1,96.55555555555569,21533
"(0.8888888888888888, 1.0)",1,96.55555555555564,21534
"(0.6805555555555556, 1.0)",1,96.55555555555556,21535
"(0.9916666666666668, 0.9875)",2,96.55416666666665,21537
"(0.9285714285714286, 0.9607142857142856)",1,96.55357142857136,21538
"(0.95, 0.975)",3,96.55357142857136,21541
"(0.9428571428571428, 0.9714285714285714)",1,96.5535714285713,21542
"(0.7058823529411765, 0.9647058823529412)",1,96.55294117647053,21543
"(0.8588235294117647, 0.9882352941176472)",1,96.55294117647044,21544
"(0.9429824561403508, 0.9912280701754386)",3,96.55263157894731,21547
"(0.831081081081081, 0.9773648648648648)",1,96.55236486486484,21548
"(0.7912162162162162, 0.9773648648648648)",1,96.55101351351354,21549
"(0.9333333333333332, 1.0)",1,96.55000000000008,21550
"(0.9, 0.9833333333333332)",1,96.55000000000008,21551
"(0.9166666666666666, 0.9666666666666668)",2,96.55000000000008,21553
"(0.95, 0.9833333333333332)",4,96.55000000000008,21557
"(0.8666666666666667, 0.9833333333333332)",1,96.55000000000008,21558
"(0.9166666666666666, 1.0)",2,96.55000000000008,21560
"(0.8833333333333333, 0.9833333333333332)",2,96.55000000000004,21562
"(0.8166666666666667, 1.0)",1,96.55000000000004,21563
"(0.9142857142857144, 0.9821428571428572)",1,96.55000000000004,21564
"(0.8, 1.0)",1,96.55000000000004,21565
"(0.9666666666666668, 1.0)",1,96.55,21566
"(0.7166666666666667, 1.0)",1,96.55,21567
"(1.0, 1.0)",1,96.55,21568
"(0.925, 0.9916666666666668)",1,96.54999999999995,21569
"(0.9375, 0.9791666666666666)",1,96.54999999999995,21570
"(0.9375, 0.9916666666666668)",1,96.54999999999993,21571
"(0.9571428571428572, 0.9642857142857144)",1,96.5499999999999,21572
"(0.9678571428571427, 0.9642857142857144)",1,96.54999999999988,21573
"(0.8216216216216217, 0.975)",1,96.5493243243243,21574
"(0.8903508771929824, 0.9780701754385964)",3,96.5482456140352,21577
"(0.8488372093023255, 0.9883720930232558)",1,96.54651162790717,21578
"(0.9302325581395348, 0.9883720930232558)",1,96.54651162790714,21579
"(0.8372093023255814, 0.9883720930232558)",1,96.54651162790712,21580
"(0.5930232558139535, 0.9883720930232558)",1,96.5465116279071,21581
"(0.8604651162790697, 0.9883720930232558)",1,96.54651162790708,21582
"(0.8023255813953488, 0.9767441860465116)",1,96.54651162790698,21583
"(0.8372093023255814, 0.9651162790697676)",1,96.54651162790688,21584
"(0.9302325581395348, 0.9651162790697676)",1,96.54651162790675,21585
"(0.8857142857142857, 0.9678571428571427)",1,96.5464285714286,21586
"(0.8928571428571429, 0.9678571428571427)",1,96.54642857142844,21587
"(0.9035714285714286, 0.9642857142857144)",1,96.5464285714284,21588
"(0.8666666666666667, 0.9708333333333332)",1,96.54583333333328,21589
"(0.9916666666666668, 0.9791666666666666)",1,96.54583333333328,21590
"(0.8125, 0.975)",1,96.54583333333323,21591
"(0.9, 0.9916666666666668)",1,96.54583333333322,21592
"(0.5628378378378378, 0.9847972972972971)",1,96.54493243243232,21593
"(0.8552631578947368, 0.9780701754385964)",3,96.54385964912284,21596
"(0.9535714285714286, 0.9678571428571427)",1,96.5428571428571,21597
"(0.9607142857142856, 0.9678571428571427)",1,96.54285714285705,21598
"(0.9277027027027028, 0.9736486486486486)",1,96.5418918918919,21599
"(0.9861111111111112, 0.9722222222222222)",1,96.54166666666688,21600
"(0.5277777777777778, 0.9861111111111112)",1,96.54166666666686,21601
"(0.5, 0.9861111111111112)",1,96.54166666666686,21602
"(0.9027777777777778, 0.9722222222222222)",1,96.54166666666686,21603
"(0.75, 0.9722222222222222)",1,96.54166666666684,21604
"(0.6944444444444444, 0.9722222222222222)",1,96.54166666666684,21605
"(0.8888888888888888, 0.9722222222222222)",1,96.54166666666684,21606
"(0.7916666666666666, 0.9722222222222222)",1,96.54166666666684,21607
"(0.8611111111111112, 0.9722222222222222)",1,96.54166666666684,21608
"(0.8611111111111112, 0.9861111111111112)",2,96.54166666666684,21610
"(0.8194444444444444, 0.9861111111111112)",2,96.54166666666684,21612
"(0.875, 0.9722222222222222)",1,96.54166666666684,21613
"(0.9444444444444444, 0.9583333333333334)",2,96.54166666666684,21615
"(0.875, 0.9861111111111112)",1,96.54166666666684,21616
"(0.8888888888888888, 0.9861111111111112)",1,96.54166666666684,21617
"(0.8333333333333334, 0.9722222222222222)",1,96.5416666666668,21618
"(0.875, 0.9861111111111112)",1,96.5416666666668,21619
"(0.9305555555555556, 0.9583333333333334)",1,96.5416666666668,21620
"(0.7222222222222222, 0.9722222222222222)",1,96.5416666666668,21621
"(0.8194444444444444, 0.9722222222222222)",1,96.5416666666668,21622
"(0.8194444444444444, 0.9861111111111112)",1,96.5416666666668,21623
"(0.9722222222222222, 0.9861111111111112)",1,96.54166666666676,21624
"(0.8194444444444444, 0.9861111111111112)",1,96.54166666666676,21625
"(0.875, 1.0)",1,96.54166666666676,21626
"(0.8194444444444444, 1.0)",1,96.5416666666667,21627
"(0.6111111111111112, 1.0)",1,96.54166666666669,21628
"(0.9305555555555556, 1.0)",1,96.54166666666669,21629
"(0.9027777777777778, 1.0)",3,96.54166666666666,21632
"(0.8625, 0.9625)",1,96.54166666666666,21633
"(0.9375, 0.9875)",1,96.5416666666666,21634
"(0.9178571428571428, 0.9714285714285714)",1,96.53928571428568,21635
"(0.9107142857142856, 0.9785714285714284)",1,96.53928571428564,21636
"(0.9321428571428572, 0.9642857142857144)",1,96.53928571428555,21637
"(0.9464285714285714, 0.975)",1,96.53928571428553,21638
"(0.9625, 0.9833333333333332)",2,96.53749999999997,21640
"(0.9791666666666666, 0.9958333333333332)",1,96.53749999999994,21641
"(0.8081081081081081, 0.9753378378378378)",1,96.53581081081076,21642
"(0.95, 0.975)",1,96.53571428571423,21643
"(0.9607142857142856, 0.9678571428571427)",1,96.5357142857142,21644
"(0.9464285714285714, 0.975)",1,96.5357142857142,21645
"(0.9392857142857144, 0.975)",3,96.5357142857142,21648
"(0.8535714285714285, 0.9678571428571427)",1,96.5357142857142,21649
"(0.9535714285714286, 0.9785714285714284)",1,96.5357142857142,21650
"(0.9714285714285714, 0.9678571428571427)",3,96.53571428571418,21653
"(0.8640350877192983, 0.9736842105263158)",1,96.5350877192983,21654
"(0.8728070175438597, 0.9692982456140352)",3,96.5350877192983,21657
"(0.8255813953488372, 0.9767441860465116)",1,96.53488372093037,21658
"(0.9302325581395348, 0.9767441860465116)",5,96.53488372093037,21663
"(0.7790697674418605, 0.9767441860465116)",1,96.53488372093028,21664
"(0.813953488372093, 0.9767441860465116)",1,96.53488372093028,21665
"(0.8953488372093024, 0.9651162790697676)",1,96.53488372093028,21666
"(0.8023255813953488, 0.9767441860465116)",1,96.53488372093024,21667
"(0.8953488372093024, 0.9883720930232558)",1,96.53488372093024,21668
"(0.6627906976744186, 0.9767441860465116)",1,96.5348837209302,21669
"(0.8837209302325582, 0.9767441860465116)",1,96.53488372093018,21670
"(0.8372093023255814, 0.9651162790697676)",1,96.53488372093004,21671
"(0.8108108108108109, 0.9787162162162162)",1,96.533445945946,21672
"(0.9300675675675676, 0.9736486486486486)",1,96.53344594594591,21673
"(0.8333333333333334, 1.0)",2,96.53333333333345,21675
"(0.7666666666666667, 1.0)",1,96.5333333333334,21676
"(1.0, 1.0)",1,96.5333333333334,21677
"(0.9166666666666666, 0.9833333333333332)",2,96.5333333333334,21679
"(0.8166666666666667, 1.0)",1,96.5333333333334,21680
"(0.9666666666666668, 0.9833333333333332)",1,96.5333333333334,21681
"(0.7333333333333333, 1.0)",1,96.53333333333336,21682
"(0.875, 0.9791666666666666)",1,96.53333333333336,21683
"(0.9208333333333332, 0.975)",1,96.53333333333336,21684
"(0.9666666666666668, 1.0)",1,96.53333333333336,21685
"(0.8166666666666667, 1.0)",1,96.53333333333336,21686
"(0.8666666666666667, 1.0)",2,96.53333333333336,21688
"(0.9166666666666666, 1.0)",1,96.53333333333336,21689
"(0.9666666666666668, 1.0)",1,96.53333333333332,21690
"(0.7166666666666667, 1.0)",1,96.53333333333332,21691
"(0.8833333333333333, 1.0)",1,96.53333333333332,21692
"(0.8875, 0.9916666666666668)",1,96.5333333333333,21693
"(0.9125, 0.975)",1,96.5333333333333,21694
"(0.9291666666666668, 0.9916666666666668)",1,96.5333333333333,21695
"(0.9291666666666668, 0.9666666666666668)",2,96.53333333333327,21697
"(0.8958333333333334, 0.9708333333333332)",1,96.53333333333327,21698
"(0.925, 0.9875)",1,96.53333333333325,21699
"(0.9125, 0.9916666666666668)",1,96.5333333333332,21700
"(0.7925675675675675, 0.9756756756756756)",1,96.5314189189188,21701
"(0.8947368421052632, 0.9692982456140352)",2,96.530701754386,21703
"(0.5058823529411764, 0.976470588235294)",1,96.52941176470574,21704
"(0.8352941176470589, 0.976470588235294)",1,96.52941176470571,21705
"(0.9208333333333332, 0.975)",1,96.52916666666668,21706
"(0.925, 0.9666666666666668)",1,96.52916666666664,21707
"(0.9, 0.9916666666666668)",1,96.52916666666655,21708
"(0.9125, 0.9875)",1,96.52916666666655,21709
"(0.8472972972972973, 0.9763513513513512)",1,96.52905405405396,21710
"(0.9678571428571427, 0.9607142857142856)",6,96.52857142857135,21716
"(0.9571428571428572, 0.9642857142857144)",3,96.52857142857133,21719
"(0.7916666666666666, 0.9722222222222222)",1,96.52777777777804,21720
"(0.8472222222222222, 0.9722222222222222)",1,96.52777777777798,21721
"(0.8611111111111112, 0.9722222222222222)",1,96.52777777777796,21722
"(0.8472222222222222, 0.9861111111111112)",1,96.52777777777796,21723
"(0.8888888888888888, 0.9722222222222222)",1,96.52777777777796,21724
"(0.75, 0.9861111111111112)",1,96.52777777777796,21725
"(0.8472222222222222, 0.9722222222222222)",1,96.52777777777796,21726
"(0.8333333333333334, 0.9861111111111112)",1,96.52777777777796,21727
"(0.8888888888888888, 0.9722222222222222)",1,96.52777777777796,21728
"(0.6944444444444444, 0.9861111111111112)",1,96.52777777777796,21729
"(0.9027777777777778, 0.9722222222222222)",1,96.52777777777796,21730
"(0.9305555555555556, 0.9861111111111112)",1,96.52777777777794,21731
"(0.875, 0.9583333333333334)",1,96.52777777777794,21732
"(0.8888888888888888, 0.9722222222222222)",1,96.52777777777794,21733
"(0.8194444444444444, 0.9861111111111112)",1,96.52777777777794,21734
"(0.8472222222222222, 0.9861111111111112)",2,96.52777777777794,21736
"(0.8611111111111112, 0.9861111111111112)",4,96.52777777777794,21740
"(0.8472222222222222, 0.9722222222222222)",2,96.52777777777794,21742
"(0.8055555555555556, 0.9861111111111112)",4,96.52777777777791,21746
"(0.9027777777777778, 0.9861111111111112)",2,96.52777777777791,21748
"(0.9444444444444444, 0.9722222222222222)",1,96.52777777777791,21749
"(0.6805555555555556, 0.9861111111111112)",1,96.52777777777791,21750
"(0.9027777777777778, 0.9861111111111112)",1,96.52777777777791,21751
"(0.8055555555555556, 0.9722222222222222)",1,96.5277777777779,21752
"(0.8888888888888888, 0.9722222222222222)",1,96.52777777777789,21753
"(0.8055555555555556, 1.0)",1,96.52777777777786,21754
"(0.8472222222222222, 0.9722222222222222)",1,96.52777777777786,21755
"(0.6944444444444444, 0.9722222222222222)",1,96.52777777777786,21756
"(0.7777777777777778, 1.0)",1,96.52777777777784,21757
"(0.8194444444444444, 1.0)",4,96.5277777777778,21761
"(0.7083333333333334, 1.0)",1,96.5277777777778,21762
"(0.8462837837837838, 0.975)",1,96.52668918918904,21763
"(0.9035087719298246, 0.9780701754385964)",1,96.52631578947388,21764
"(0.8245614035087719, 0.9780701754385964)",1,96.5263157894737,21765
"(0.8857142857142857, 0.9714285714285714)",3,96.52499999999996,21768
"(0.925, 0.9625)",1,96.52499999999996,21769
"(0.8625, 0.975)",1,96.52499999999996,21770
"(0.8357142857142857, 0.9714285714285714)",1,96.5249999999999,21771
"(0.9285714285714286, 0.975)",3,96.5249999999999,21774
"(0.4651162790697674, 1.0)",1,96.52325581395364,21775
"(0.8604651162790697, 0.9767441860465116)",1,96.52325581395364,21776
"(0.8953488372093024, 0.9767441860465116)",2,96.52325581395358,21778
"(0.8255813953488372, 0.9651162790697676)",1,96.52325581395353,21779
"(0.8953488372093024, 0.9651162790697676)",1,96.52325581395344,21780
"(0.9302325581395348, 0.9534883720930232)",1,96.52325581395344,21781
"(0.872093023255814, 0.9651162790697676)",1,96.52325581395336,21782
"(0.8488372093023255, 0.9651162790697676)",2,96.52325581395328,21784
"(0.9429824561403508, 0.9736842105263158)",1,96.52192982456144,21785
"(0.9714285714285714, 0.9785714285714284)",1,96.52142857142854,21786
"(0.8785714285714286, 0.9714285714285714)",1,96.52142857142852,21787
"(0.9162162162162162, 0.9712837837837838)",1,96.52128378378376,21788
"(0.9125, 0.9833333333333332)",2,96.52083333333329,21790
"(0.9458333333333332, 0.9791666666666666)",2,96.52083333333326,21792
"(0.9208333333333332, 0.9833333333333332)",1,96.52083333333324,21793
"(0.9357142857142856, 0.9678571428571427)",1,96.51785714285712,21794
"(0.9357142857142856, 0.9642857142857144)",1,96.5178571428571,21795
"(0.8357142857142857, 0.975)",1,96.51785714285704,21796
"(0.9333333333333332, 1.0)",2,96.51666666666677,21798
"(0.9, 1.0)",1,96.51666666666677,21799
"(0.9666666666666668, 0.9833333333333332)",1,96.51666666666674,21800
"(0.85, 1.0)",1,96.51666666666672,21801
"(0.6, 1.0)",1,96.5166666666667,21802
"(0.8833333333333333, 1.0)",1,96.51666666666668,21803
"(0.8666666666666667, 1.0)",1,96.51666666666668,21804
"(0.9916666666666668, 0.9833333333333332)",2,96.51666666666668,21806
"(0.8166666666666667, 1.0)",1,96.51666666666668,21807
"(0.7166666666666667, 1.0)",1,96.51666666666668,21808
"(0.85, 1.0)",1,96.51666666666668,21809
"(1.0, 1.0)",1,96.51666666666668,21810
"(0.8666666666666667, 1.0)",1,96.51666666666668,21811
"(0.75, 1.0)",1,96.51666666666668,21812
"(0.9166666666666666, 1.0)",1,96.51666666666668,21813
"(0.95, 1.0)",1,96.51666666666664,21814
"(0.9083333333333332, 0.9791666666666666)",2,96.51666666666664,21816
"(1.0, 1.0)",1,96.51666666666664,21817
"(0.9083333333333332, 0.9958333333333332)",1,96.51666666666654,21818
"(0.9571428571428572, 0.9678571428571427)",1,96.51428571428566,21819
"(0.9642857142857144, 0.9678571428571427)",1,96.51428571428563,21820
"(0.925, 0.975)",1,96.51428571428562,21821
"(0.7222222222222222, 0.9861111111111112)",1,96.5138888888891,21822
"(0.8194444444444444, 0.9861111111111112)",1,96.5138888888891,21823
"(0.7638888888888888, 0.9722222222222222)",1,96.5138888888891,21824
"(0.8194444444444444, 0.9722222222222222)",1,96.5138888888891,21825
"(0.7638888888888888, 0.9722222222222222)",1,96.51388888888908,21826
"(0.8888888888888888, 0.9722222222222222)",5,96.51388888888908,21831
"(0.9305555555555556, 0.9861111111111112)",1,96.51388888888908,21832
"(0.8333333333333334, 0.9722222222222222)",2,96.51388888888908,21834
"(0.5416666666666666, 0.9861111111111112)",1,96.51388888888908,21835
"(0.8888888888888888, 0.9861111111111112)",1,96.51388888888908,21836
"(0.8611111111111112, 0.9861111111111112)",1,96.51388888888908,21837
"(0.875, 0.9722222222222222)",1,96.51388888888908,21838
"(0.8611111111111112, 0.9722222222222222)",1,96.51388888888908,21839
"(0.8611111111111112, 0.9722222222222222)",1,96.51388888888906,21840
"(0.8333333333333334, 0.9722222222222222)",1,96.51388888888906,21841
"(0.8888888888888888, 0.9722222222222222)",1,96.51388888888906,21842
"(0.8055555555555556, 0.9861111111111112)",1,96.51388888888906,21843
"(0.875, 0.9861111111111112)",1,96.51388888888904,21844
"(0.8472222222222222, 0.9583333333333334)",1,96.51388888888904,21845
"(0.875, 0.9861111111111112)",1,96.51388888888904,21846
"(0.8888888888888888, 0.9722222222222222)",1,96.51388888888904,21847
"(0.7777777777777778, 0.9861111111111112)",4,96.51388888888904,21851
"(0.5277777777777778, 0.9861111111111112)",1,96.51388888888904,21852
"(0.8888888888888888, 0.9861111111111112)",1,96.513888888889,21853
"(0.8888888888888888, 0.9861111111111112)",1,96.513888888889,21854
"(0.7361111111111112, 1.0)",1,96.51388888888896,21855
"(0.9305555555555556, 1.0)",2,96.51388888888896,21857
"(0.9444444444444444, 1.0)",1,96.51388888888896,21858
"(0.7777777777777778, 1.0)",2,96.51388888888896,21860
"(0.9444444444444444, 1.0)",1,96.51388888888894,21861
"(0.8888888888888888, 1.0)",1,96.51388888888894,21862
"(0.7638888888888888, 1.0)",1,96.51388888888894,21863
"(0.8464912280701754, 0.9780701754385964)",3,96.51315789473696,21866
"(0.7763157894736842, 0.9824561403508772)",6,96.51315789473684,21872
"(0.7256756756756757, 0.979054054054054)",1,96.51283783783796,21873
"(0.9791666666666666, 0.9833333333333332)",1,96.51250000000007,21874
"(0.9916666666666668, 0.9833333333333332)",1,96.51250000000002,21875
"(0.9083333333333332, 0.9833333333333332)",1,96.5125,21876
"(0.8604651162790697, 0.9767441860465116)",1,96.51162790697695,21877
"(0.8604651162790697, 0.9767441860465116)",1,96.51162790697688,21878
"(0.7674418604651163, 0.9883720930232558)",1,96.51162790697684,21879
"(0.8837209302325582, 0.9767441860465116)",1,96.51162790697684,21880
"(0.4651162790697674, 1.0)",1,96.5116279069768,21881
"(0.8837209302325582, 0.9767441860465116)",1,96.5116279069768,21882
"(0.3372093023255814, 0.9883720930232558)",1,96.5116279069768,21883
"(0.8837209302325582, 0.9767441860465116)",1,96.51162790697671,21884
"(0.6511627906976745, 0.9651162790697676)",2,96.51162790697671,21886
"(0.7790697674418605, 0.9767441860465116)",1,96.51162790697671,21887
"(0.9186046511627908, 0.9767441860465116)",1,96.51162790697671,21888
"(0.8953488372093024, 0.9651162790697676)",1,96.51162790697664,21889
"(0.9767441860465116, 0.9651162790697676)",1,96.51162790697654,21890
"(0.7674418604651163, 0.9651162790697676)",1,96.51162790697649,21891
"(0.8510135135135135, 0.9722972972972972)",1,96.51114864864866,21892
"(0.9392857142857144, 0.9678571428571427)",1,96.51071428571422,21893
"(0.9458333333333332, 0.9833333333333332)",2,96.50833333333324,21895
"(0.9607142857142856, 0.975)",2,96.50714285714282,21897
"(0.95, 0.9607142857142856)",1,96.50714285714282,21898
"(0.9392857142857144, 0.9714285714285714)",1,96.5071428571428,21899
"(0.9535714285714286, 0.9678571428571427)",1,96.5071428571428,21900
"(0.9428571428571428, 0.9642857142857144)",1,96.50714285714278,21901
"(0.9285714285714286, 0.9678571428571427)",1,96.50714285714274,21902
"(0.5925675675675676, 0.9777027027027028)",1,96.50439189189184,21903
"(0.8859649122807017, 0.9912280701754386)",1,96.5043859649124,21904
"(0.9429824561403508, 0.9912280701754386)",4,96.50438596491227,21908
"(0.9642857142857144, 0.9714285714285714)",1,96.5035714285714,21909
"(0.8333333333333334, 0.9722222222222222)",1,96.5000000000002,21910
"(0.8888888888888888, 0.9722222222222222)",1,96.5000000000002,21911
"(0.875, 0.9722222222222222)",1,96.50000000000018,21912
"(0.875, 0.9861111111111112)",1,96.50000000000018,21913
"(0.7638888888888888, 0.9861111111111112)",1,96.50000000000018,21914
"(0.6944444444444444, 0.9722222222222222)",1,96.50000000000016,21915
"(0.9027777777777778, 0.9861111111111112)",1,96.50000000000016,21916
"(0.9305555555555556, 0.9722222222222222)",1,96.50000000000016,21917
"(0.9583333333333334, 0.9722222222222222)",1,96.50000000000016,21918
"(0.9027777777777778, 0.9861111111111112)",4,96.50000000000016,21922
"(0.7222222222222222, 0.9861111111111112)",1,96.50000000000016,21923
"(0.8888888888888888, 0.9861111111111112)",1,96.50000000000016,21924
"(0.8194444444444444, 0.9861111111111112)",1,96.50000000000016,21925
"(0.8472222222222222, 0.9861111111111112)",1,96.50000000000016,21926
"(0.9444444444444444, 0.9722222222222222)",1,96.50000000000014,21927
"(0.9027777777777778, 0.9861111111111112)",1,96.50000000000014,21928
"(0.9166666666666666, 0.9583333333333334)",1,96.50000000000014,21929
"(0.8888888888888888, 0.9861111111111112)",1,96.50000000000014,21930
"(0.5555555555555556, 0.9861111111111112)",2,96.50000000000014,21932
"(0.8888888888888888, 0.9722222222222222)",1,96.50000000000014,21933
"(0.9027777777777778, 0.9861111111111112)",1,96.50000000000011,21934
"(0.8604651162790697, 0.9767441860465116)",1,96.50000000000011,21935
"(0.627906976744186, 1.0)",1,96.5000000000001,21936
"(0.7906976744186046, 0.9651162790697676)",1,96.50000000000009,21937
"(0.9166666666666666, 1.0)",2,96.50000000000009,21939
"(0.9333333333333332, 0.9833333333333332)",1,96.50000000000009,21940
"(0.7790697674418605, 0.9767441860465116)",2,96.50000000000009,21942
"(0.9666666666666668, 1.0)",1,96.50000000000009,21943
"(0.8666666666666667, 0.9833333333333332)",1,96.50000000000009,21944
"(0.9444444444444444, 0.9722222222222222)",1,96.50000000000009,21945
"(0.875, 0.9861111111111112)",1,96.50000000000009,21946
"(0.8888888888888888, 0.9861111111111112)",1,96.50000000000006,21947
"(0.8166666666666667, 1.0)",1,96.50000000000004,21948
"(0.7777777777777778, 1.0)",1,96.50000000000004,21949
"(0.8333333333333334, 1.0)",1,96.50000000000004,21950
"(0.8604651162790697, 0.9767441860465116)",1,96.50000000000004,21951
"(0.8166666666666667, 1.0)",1,96.50000000000004,21952
"(0.8166666666666667, 1.0)",1,96.5,21953
"(0.7666666666666667, 1.0)",1,96.5,21954
"(0.9833333333333332, 1.0)",2,96.5,21956
"(0.8833333333333333, 1.0)",1,96.5,21957
"(0.8666666666666667, 1.0)",1,96.5,21958
"(0.9666666666666668, 1.0)",1,96.5,21959
"(0.9357142857142856, 0.9678571428571427)",1,96.5,21960
"(1.0, 1.0)",2,96.5,21962
"(0.6944444444444444, 1.0)",1,96.5,21963
"(0.7674418604651163, 0.9767441860465116)",1,96.5,21964
"(0.9083333333333332, 0.975)",1,96.49999999999996,21965
"(0.9535714285714286, 0.9714285714285714)",1,96.49999999999996,21966
"(0.95, 0.9875)",1,96.49999999999996,21967
"(0.9535714285714286, 0.9714285714285714)",1,96.49999999999991,21968
"(0.925, 0.975)",1,96.49999999999991,21969
"(0.9392857142857144, 0.975)",1,96.49999999999989,21970
"(0.8625, 0.975)",1,96.49999999999989,21971
"(0.8837209302325582, 0.9651162790697676)",1,96.49999999999982,21972
"(0.8604651162790697, 0.9651162790697676)",1,96.49999999999976,21973
"(0.5739864864864865, 0.9797297297297296)",1,96.497972972973,21974
"(0.8780405405405406, 0.9746621621621622)",1,96.49729729729728,21975
"(0.9035714285714286, 0.9642857142857144)",1,96.49642857142852,21976
"(0.9678571428571427, 0.975)",3,96.49642857142848,21979
"(0.9428571428571428, 0.975)",2,96.49642857142844,21981
"(0.7334459459459459, 0.9766891891891892)",1,96.4962837837837,21982
"(0.95, 0.9541666666666668)",2,96.49583333333332,21984
"(0.9, 0.9875)",1,96.49583333333332,21985
"(0.8625, 0.9708333333333332)",1,96.4958333333333,21986
"(0.9416666666666668, 0.9833333333333332)",1,96.49583333333324,21987
"(0.8625, 0.9916666666666668)",1,96.49583333333317,21988
"(0.908445945945946, 0.9736486486486486)",1,96.49493243243248,21989
"(0.9571428571428572, 0.9678571428571427)",1,96.4928571428571,21990
"(0.9285714285714286, 0.9785714285714284)",3,96.49285714285706,21993
"(0.9464285714285714, 0.9785714285714284)",1,96.49285714285702,21994
"(0.975, 0.9875)",1,96.49166666666665,21995
"(0.9083333333333332, 0.9875)",1,96.49166666666662,21996
"(0.9083333333333332, 0.9916666666666668)",1,96.49166666666656,21997
"(0.868421052631579, 0.9824561403508772)",1,96.49122807017552,21998
"(0.925438596491228, 0.9912280701754386)",1,96.49122807017544,21999
"(0.8462837837837838, 0.977027027027027)",1,96.49087837837834,22000
"(0.925, 0.9714285714285714)",1,96.48928571428569,22001
"(0.925, 0.9678571428571427)",1,96.48928571428564,22002
"(0.9214285714285714, 0.9714285714285714)",3,96.48928571428564,22005
"(0.9392857142857144, 0.9642857142857144)",1,96.48928571428564,22006
"(0.9571428571428572, 0.9785714285714284)",3,96.4892857142856,22009
"(0.7790697674418605, 0.9767441860465116)",1,96.4883720930234,22010
"(0.9186046511627908, 0.9767441860465116)",2,96.48837209302336,22012
"(0.8604651162790697, 0.9767441860465116)",1,96.48837209302334,22013
"(0.8488372093023255, 1.0)",1,96.48837209302334,22014
"(0.9302325581395348, 0.9767441860465116)",2,96.48837209302332,22016
"(0.8953488372093024, 0.9767441860465116)",1,96.4883720930233,22017
"(0.813953488372093, 0.9767441860465116)",1,96.48837209302324,22018
"(0.7209302325581395, 0.9767441860465116)",1,96.48837209302322,22019
"(0.5516891891891892, 0.9800675675675676)",1,96.48750000000004,22020
"(0.9375, 0.9958333333333332)",1,96.48750000000004,22021
"(0.9625, 0.95)",1,96.48749999999995,22022
"(0.8194444444444444, 0.9861111111111112)",1,96.48611111111138,22023
"(0.9166666666666666, 0.9722222222222222)",1,96.48611111111131,22024
"(0.75, 0.9861111111111112)",1,96.48611111111131,22025
"(0.75, 0.9861111111111112)",2,96.48611111111131,22027
"(0.9166666666666666, 0.9861111111111112)",1,96.48611111111131,22028
"(0.875, 0.9722222222222222)",1,96.48611111111131,22029
"(0.9305555555555556, 0.9861111111111112)",1,96.48611111111131,22030
"(0.9166666666666666, 0.9722222222222222)",1,96.4861111111113,22031
"(0.9027777777777778, 1.0)",1,96.4861111111113,22032
"(0.8333333333333334, 0.9861111111111112)",1,96.4861111111113,22033
"(0.9305555555555556, 0.9722222222222222)",1,96.4861111111113,22034
"(0.8888888888888888, 0.9722222222222222)",1,96.48611111111128,22035
"(0.8611111111111112, 0.9861111111111112)",1,96.48611111111128,22036
"(0.625, 0.9722222222222222)",1,96.48611111111128,22037
"(0.75, 0.9722222222222222)",1,96.48611111111128,22038
"(0.9444444444444444, 0.9722222222222222)",4,96.48611111111128,22042
"(0.875, 0.9861111111111112)",1,96.48611111111128,22043
"(0.8888888888888888, 0.9861111111111112)",1,96.48611111111128,22044
"(0.8888888888888888, 0.9861111111111112)",2,96.48611111111128,22046
"(0.8472222222222222, 0.9722222222222222)",1,96.48611111111128,22047
"(0.8472222222222222, 0.9722222222222222)",4,96.48611111111128,22051
"(0.5277777777777778, 0.9722222222222222)",1,96.48611111111126,22052
"(0.8611111111111112, 0.9722222222222222)",1,96.48611111111126,22053
"(0.5, 0.9861111111111112)",1,96.48611111111124,22054
"(0.875, 0.9861111111111112)",1,96.48611111111124,22055
"(0.7638888888888888, 0.9861111111111112)",1,96.48611111111124,22056
"(0.875, 0.9861111111111112)",1,96.48611111111124,22057
"(0.8333333333333334, 1.0)",2,96.4861111111112,22059
"(0.8888888888888888, 0.9861111111111112)",1,96.4861111111112,22060
"(0.9305555555555556, 1.0)",1,96.4861111111112,22061
"(0.9027777777777778, 0.9861111111111112)",1,96.4861111111112,22062
"(0.7777777777777778, 1.0)",1,96.48611111111114,22063
"(0.7638888888888888, 1.0)",1,96.48611111111114,22064
"(0.9305555555555556, 1.0)",2,96.48611111111111,22066
"(0.9444444444444444, 1.0)",1,96.48611111111111,22067
"(0.9333333333333332, 0.9666666666666668)",1,96.48333333333343,22068
"(0.9, 1.0)",1,96.4833333333334,22069
"(0.8333333333333334, 1.0)",1,96.4833333333334,22070
"(0.75, 1.0)",1,96.4833333333334,22071
"(0.9333333333333332, 0.9833333333333332)",2,96.4833333333334,22073
"(0.8, 1.0)",1,96.4833333333334,22074
"(0.825, 0.9833333333333332)",1,96.48333333333338,22075
"(0.9166666666666666, 1.0)",1,96.48333333333338,22076
"(0.9, 0.9833333333333332)",1,96.48333333333338,22077
"(0.9166666666666666, 1.0)",1,96.48333333333336,22078
"(0.95, 1.0)",1,96.48333333333332,22079
"(0.9833333333333332, 1.0)",2,96.48333333333332,22081
"(1.0, 1.0)",2,96.48333333333332,22083
"(0.75, 1.0)",2,96.48333333333332,22085
"(0.52125, 0.97875)",1,96.48250000000006,22086
"(0.7456140350877193, 0.9780701754385964)",6,96.48245614035096,22092
"(0.7392857142857143, 0.9678571428571427)",1,96.48214285714285,22093
"(0.9642857142857144, 0.9642857142857144)",1,96.4821428571428,22094
"(0.8714285714285714, 0.975)",1,96.48214285714278,22095
"(0.9464285714285714, 0.9642857142857144)",1,96.48214285714268,22096
"(0.9354729729729728, 0.9746621621621622)",1,96.4797297297297,22097
"(0.9291666666666668, 0.9791666666666666)",1,96.47916666666666,22098
"(0.9458333333333332, 0.9708333333333332)",1,96.4791666666666,22099
"(0.9875, 0.9875)",2,96.4791666666666,22101
"(0.9458333333333332, 0.9791666666666666)",1,96.47916666666652,22102
"(0.9678571428571427, 0.9678571428571427)",1,96.4785714285714,22103
"(0.9642857142857144, 0.9642857142857144)",1,96.4785714285714,22104
"(0.9464285714285714, 0.9714285714285714)",1,96.47857142857136,22105
"(0.9571428571428572, 0.9678571428571427)",1,96.47857142857136,22106
"(0.8947368421052632, 0.9736842105263158)",3,96.47807017543865,22109
"(0.8297297297297297, 0.9763513513513512)",1,96.47804054054048,22110
"(0.8604651162790697, 0.9651162790697676)",1,96.47674418604666,22111
"(0.8604651162790697, 0.9767441860465116)",1,96.47674418604664,22112
"(0.8953488372093024, 0.9767441860465116)",2,96.47674418604662,22114
"(0.8372093023255814, 0.9651162790697676)",1,96.4767441860466,22115
"(0.8255813953488372, 1.0)",1,96.47674418604656,22116
"(0.7674418604651163, 1.0)",1,96.47674418604656,22117
"(0.8023255813953488, 0.9651162790697676)",1,96.47674418604652,22118
"(0.3372093023255814, 1.0)",1,96.47674418604652,22119
"(0.7674418604651163, 0.9651162790697676)",1,96.4767441860465,22120
"(0.9302325581395348, 0.9767441860465116)",1,96.47674418604647,22121
"(0.7906976744186046, 0.9767441860465116)",1,96.47674418604647,22122
"(0.7674418604651163, 0.9767441860465116)",2,96.47674418604645,22124
"(0.8372093023255814, 0.9651162790697676)",1,96.47674418604642,22125
"(0.8604651162790697, 0.9767441860465116)",1,96.47674418604642,22126
"(0.8372093023255814, 0.9651162790697676)",1,96.47674418604632,22127
"(0.872093023255814, 0.9651162790697676)",2,96.47674418604632,22129
"(0.813953488372093, 0.9651162790697676)",1,96.47674418604626,22130
"(0.7827702702702702, 0.9746621621621622)",1,96.4766891891892,22131
"(0.8327702702702703, 0.979391891891892)",1,96.47668918918916,22132
"(0.775, 0.9625)",1,96.47500000000004,22133
"(0.9, 0.9791666666666666)",2,96.47499999999998,22135
"(0.9333333333333332, 0.9625)",1,96.47499999999997,22136
"(0.9, 0.9916666666666668)",1,96.47499999999992,22137
"(0.9125, 0.9875)",2,96.47499999999992,22139
"(0.9, 0.975)",1,96.47499999999988,22140
"(0.868421052631579, 0.9736842105263158)",1,96.47368421052644,22141
"(0.875, 0.9722222222222222)",1,96.47222222222246,22142
"(0.8472222222222222, 0.9861111111111112)",2,96.47222222222244,22144
"(0.9166666666666666, 0.9722222222222222)",4,96.47222222222244,22148
"(0.875, 0.9722222222222222)",3,96.4722222222224,22151
"(0.5, 0.9861111111111112)",1,96.4722222222224,22152
"(0.9027777777777778, 0.9861111111111112)",1,96.4722222222224,22153
"(0.5277777777777778, 0.9861111111111112)",1,96.4722222222224,22154
"(0.8611111111111112, 0.9861111111111112)",1,96.4722222222224,22155
"(0.8472222222222222, 0.9722222222222222)",2,96.4722222222224,22157
"(0.6944444444444444, 0.9861111111111112)",1,96.4722222222224,22158
"(0.7222222222222222, 0.9861111111111112)",1,96.47222222222238,22159
"(0.8888888888888888, 0.9861111111111112)",1,96.47222222222238,22160
"(0.9722222222222222, 0.9861111111111112)",1,96.47222222222238,22161
"(0.7916666666666666, 0.9861111111111112)",1,96.47222222222238,22162
"(0.8888888888888888, 0.9722222222222222)",1,96.47222222222238,22163
"(0.9305555555555556, 0.9583333333333334)",1,96.47222222222238,22164
"(0.8055555555555556, 0.9861111111111112)",1,96.47222222222236,22165
"(0.7638888888888888, 0.9722222222222222)",1,96.47222222222236,22166
"(0.8194444444444444, 0.9722222222222222)",1,96.47222222222236,22167
"(0.6944444444444444, 0.9861111111111112)",1,96.47222222222236,22168
"(0.9027777777777778, 0.9583333333333334)",1,96.47222222222236,22169
"(0.6805555555555556, 0.9722222222222222)",1,96.47222222222236,22170
"(0.8333333333333334, 0.9861111111111112)",1,96.47222222222236,22171
"(0.875, 0.9722222222222222)",1,96.47222222222236,22172
"(0.9444444444444444, 1.0)",1,96.47222222222234,22173
"(0.9166666666666666, 0.9722222222222222)",2,96.47222222222234,22175
"(0.8611111111111112, 0.9861111111111112)",1,96.47222222222231,22176
"(0.9305555555555556, 1.0)",1,96.4722222222223,22177
"(0.7777777777777778, 1.0)",2,96.47222222222229,22179
"(0.8333333333333334, 0.9861111111111112)",1,96.47222222222229,22180
"(0.9722222222222222, 1.0)",1,96.47222222222226,22181
"(0.6111111111111112, 1.0)",1,96.47222222222226,22182
"(0.9305555555555556, 1.0)",1,96.47222222222226,22183
"(0.8333333333333334, 1.0)",1,96.47222222222224,22184
"(0.9642857142857144, 0.9678571428571427)",1,96.47142857142865,22185
"(0.9607142857142856, 0.9714285714285714)",1,96.47142857142858,22186
"(0.925, 0.9785714285714284)",1,96.47142857142856,22187
"(0.925, 0.9642857142857144)",1,96.47142857142848,22188
"(0.8714285714285714, 0.9642857142857144)",1,96.4714285714284,22189
"(0.9642857142857144, 0.9642857142857144)",1,96.47142857142836,22190
"(0.825, 0.9458333333333332)",2,96.47083333333336,22192
"(0.9, 0.9916666666666668)",1,96.47083333333332,22193
"(0.9583333333333334, 0.9708333333333332)",1,96.47083333333327,22194
"(0.925, 0.975)",1,96.47083333333326,22195
"(0.868421052631579, 0.986842105263158)",1,96.46929824561413,22196
"(0.9785714285714284, 0.9571428571428572)",1,96.4678571428572,22197
"(0.9035714285714286, 0.9678571428571427)",1,96.46785714285711,22198
"(0.9214285714285714, 0.975)",1,96.467857142857,22199
"(0.8833333333333333, 0.9833333333333332)",1,96.46666666666675,22200
"(0.95, 0.9833333333333332)",1,96.46666666666675,22201
"(0.9833333333333332, 0.9833333333333332)",1,96.46666666666675,22202
"(0.95, 0.9833333333333332)",1,96.46666666666674,22203
"(0.9, 0.9833333333333332)",1,96.46666666666673,22204
"(0.8833333333333333, 0.9833333333333332)",2,96.46666666666673,22206
"(0.9166666666666666, 1.0)",1,96.46666666666673,22207
"(0.7333333333333333, 1.0)",1,96.46666666666673,22208
"(0.8833333333333333, 1.0)",1,96.46666666666673,22209
"(0.8833333333333333, 1.0)",1,96.4666666666667,22210
"(0.7833333333333333, 1.0)",1,96.4666666666667,22211
"(0.8333333333333334, 0.9833333333333332)",1,96.4666666666667,22212
"(0.75, 1.0)",1,96.46666666666668,22213
"(0.8166666666666667, 1.0)",1,96.46666666666668,22214
"(1.0, 1.0)",2,96.46666666666668,22216
"(0.8791666666666667, 0.975)",2,96.46666666666664,22218
"(0.8625, 0.9791666666666666)",1,96.46666666666664,22219
"(0.925, 0.9625)",1,96.46666666666664,22220
"(0.9208333333333332, 0.9958333333333332)",2,96.4666666666666,22222
"(0.8625, 0.9916666666666668)",2,96.4666666666666,22224
"(0.8953488372093024, 0.9767441860465116)",1,96.46511627906996,22225
"(0.9302325581395348, 0.9767441860465116)",1,96.4651162790699,22226
"(0.8255813953488372, 1.0)",1,96.46511627906987,22227
"(0.7558139534883721, 0.9767441860465116)",1,96.46511627906987,22228
"(0.8372093023255814, 0.9651162790697676)",1,96.46511627906987,22229
"(0.8023255813953488, 0.9767441860465116)",1,96.46511627906987,22230
"(0.7558139534883721, 0.9883720930232558)",1,96.46511627906985,22231
"(0.813953488372093, 0.9883720930232558)",1,96.46511627906985,22232
"(0.813953488372093, 0.9767441860465116)",1,96.46511627906985,22233
"(0.9302325581395348, 0.9767441860465116)",1,96.46511627906985,22234
"(0.8837209302325582, 0.9767441860465116)",1,96.46511627906968,22235
"(0.706140350877193, 0.9912280701754386)",1,96.46491228070172,22236
"(0.9535714285714286, 0.975)",1,96.4642857142857,22237
"(0.8892857142857142, 0.9607142857142856)",1,96.46428571428568,22238
"(0.9357142857142856, 0.975)",1,96.46428571428568,22239
"(0.9428571428571428, 0.975)",2,96.46428571428562,22241
"(0.9708333333333332, 0.9916666666666668)",1,96.4625,22242
"(0.925, 0.9708333333333332)",1,96.46249999999992,22243
"(0.925, 0.975)",2,96.4624999999999,22245
"(0.8125, 0.975)",1,96.46249999999988,22246
"(0.9035714285714286, 0.9714285714285714)",3,96.4607142857142,22249
"(0.9464285714285714, 0.9678571428571427)",1,96.46071428571412,22250
"(0.7894736842105263, 0.986842105263158)",1,96.46052631578962,22251
"(0.8859649122807017, 0.9912280701754386)",4,96.46052631578944,22255
"(0.7912162162162162, 0.9783783783783784)",1,96.45912162162158,22256
"(0.8941176470588236, 0.9882352941176472)",1,96.4588235294116,22257
"(0.7925675675675675, 0.9766891891891892)",1,96.45844594594584,22258
"(0.7916666666666666, 0.9722222222222222)",1,96.45833333333356,22259
"(0.7222222222222222, 0.9722222222222222)",1,96.45833333333351,22260
"(0.9166666666666666, 0.9722222222222222)",1,96.45833333333351,22261
"(0.8194444444444444, 0.9861111111111112)",2,96.45833333333351,22263
"(0.8055555555555556, 0.9722222222222222)",1,96.45833333333351,22264
"(0.9166666666666666, 0.9861111111111112)",1,96.45833333333351,22265
"(0.9027777777777778, 0.9861111111111112)",1,96.45833333333351,22266
"(0.8611111111111112, 0.9722222222222222)",1,96.4583333333335,22267
"(0.8611111111111112, 0.9861111111111112)",1,96.4583333333335,22268
"(0.7638888888888888, 0.9861111111111112)",1,96.4583333333335,22269
"(0.8333333333333334, 0.9722222222222222)",1,96.4583333333335,22270
"(0.875, 0.9722222222222222)",1,96.45833333333348,22271
"(0.5555555555555556, 0.9861111111111112)",1,96.45833333333348,22272
"(0.9027777777777778, 0.9861111111111112)",2,96.45833333333348,22274
"(0.9444444444444444, 0.9861111111111112)",1,96.45833333333348,22275
"(0.8611111111111112, 1.0)",1,96.45833333333346,22276
"(0.7916666666666666, 1.0)",2,96.45833333333344,22278
"(0.7638888888888888, 0.9861111111111112)",1,96.45833333333344,22279
"(0.9027777777777778, 0.9861111111111112)",2,96.4583333333334,22281
"(0.8055555555555556, 1.0)",1,96.4583333333334,22282
"(0.8055555555555556, 1.0)",2,96.45833333333336,22284
"(0.9444444444444444, 1.0)",2,96.45833333333331,22286
"(0.8611111111111112, 1.0)",2,96.45833333333331,22288
"(0.8666666666666667, 0.9708333333333332)",1,96.4583333333333,22289
"(0.9208333333333332, 0.9791666666666666)",1,96.45833333333329,22290
"(0.9178571428571428, 0.975)",3,96.45714285714276,22293
"(0.9392857142857144, 0.975)",1,96.45714285714274,22294
"(0.8903508771929824, 0.9824561403508772)",1,96.45614035087728,22295
"(0.8596491228070176, 0.9736842105263158)",2,96.45614035087723,22297
"(0.6391891891891892, 0.979054054054054)",1,96.45472972972964,22298
"(0.9208333333333332, 0.9791666666666666)",1,96.45416666666672,22299
"(0.9375, 0.9875)",1,96.45416666666664,22300
"(0.8958333333333334, 0.9791666666666666)",1,96.45416666666664,22301
"(0.9208333333333332, 0.9875)",1,96.4541666666666,22302
"(0.8666666666666667, 0.9916666666666668)",1,96.4541666666666,22303
"(0.875, 0.9916666666666668)",1,96.45416666666657,22304
"(0.9357142857142856, 0.9678571428571427)",1,96.45357142857138,22305
"(0.95, 0.9607142857142856)",1,96.45357142857138,22306
"(0.9357142857142856, 0.975)",1,96.45357142857137,22307
"(0.9428571428571428, 0.9571428571428572)",1,96.45357142857137,22308
"(0.9607142857142856, 0.975)",1,96.4535714285713,22309
"(0.8372093023255814, 0.9767441860465116)",1,96.45348837209316,22310
"(0.6162790697674418, 1.0)",1,96.45348837209316,22311
"(0.6511627906976745, 0.9767441860465116)",1,96.4534883720931,22312
"(0.9651162790697676, 0.9767441860465116)",1,96.45348837209308,22313
"(0.8604651162790697, 0.9767441860465116)",1,96.45348837209306,22314
"(0.8023255813953488, 0.9651162790697676)",1,96.45348837209296,22315
"(0.5658783783783784, 0.9763513513513512)",1,96.45337837837842,22316
"(0.5736486486486486, 0.9807432432432432)",1,96.45270270270272,22317
"(0.9333333333333332, 0.9833333333333332)",2,96.45000000000007,22319
"(0.7166666666666667, 0.9666666666666668)",1,96.45000000000007,22320
"(0.8833333333333333, 1.0)",2,96.45000000000007,22322
"(0.9333333333333332, 0.9833333333333332)",1,96.45000000000006,22323
"(0.8666666666666667, 1.0)",1,96.45000000000005,22324
"(0.9666666666666668, 1.0)",1,96.45000000000002,22325
"(0.85, 1.0)",1,96.45000000000002,22326
"(0.9833333333333332, 0.9916666666666668)",2,96.45000000000002,22328
"(0.9833333333333332, 1.0)",4,96.45,22332
"(0.8166666666666667, 1.0)",1,96.45,22333
"(0.9166666666666666, 1.0)",1,96.45,22334
"(0.7166666666666667, 1.0)",1,96.45,22335
"(0.95, 0.9678571428571427)",1,96.44999999999996,22336
"(0.9035714285714286, 0.9678571428571427)",1,96.44999999999996,22337
"(0.9464285714285714, 0.975)",1,96.44999999999992,22338
"(0.9333333333333332, 0.9875)",1,96.44999999999992,22339
"(0.9607142857142856, 0.9678571428571427)",1,96.4499999999999,22340
"(0.9392857142857144, 0.9785714285714284)",3,96.44999999999987,22343
"(0.9429824561403508, 0.9692982456140352)",1,96.44736842105276,22344
"(0.868421052631579, 0.9780701754385964)",3,96.44736842105272,22347
"(0.8891891891891892, 0.9739864864864864)",1,96.44729729729738,22348
"(0.9392857142857144, 0.9678571428571427)",1,96.44642857142853,22349
"(0.9107142857142856, 0.9678571428571427)",1,96.44642857142853,22350
"(0.95, 0.975)",1,96.4464285714285,22351
"(0.9678571428571427, 0.9714285714285714)",1,96.4464285714285,22352
"(0.7035714285714286, 0.9678571428571427)",1,96.44642857142848,22353
"(0.9714285714285714, 0.9678571428571427)",1,96.44642857142848,22354
"(0.9392857142857144, 0.9642857142857144)",1,96.44642857142844,22355
"(0.9125, 0.9875)",1,96.44583333333333,22356
"(0.9583333333333334, 0.9958333333333332)",1,96.44583333333333,22357
"(0.8833333333333333, 0.9875)",1,96.44583333333324,22358
"(0.768918918918919, 0.9773648648648648)",1,96.44527027027024,22359
"(0.8194444444444444, 0.9861111111111112)",2,96.44444444444464,22361
"(0.9166666666666666, 0.9861111111111112)",1,96.44444444444464,22362
"(0.8472222222222222, 0.9722222222222222)",2,96.44444444444464,22364
"(0.7638888888888888, 0.9722222222222222)",1,96.44444444444464,22365
"(0.875, 0.9722222222222222)",2,96.44444444444464,22367
"(0.8888888888888888, 0.9861111111111112)",1,96.4444444444446,22368
"(0.5416666666666666, 0.9861111111111112)",2,96.4444444444446,22370
"(0.875, 0.9722222222222222)",2,96.4444444444446,22372
"(0.8333333333333334, 0.9722222222222222)",1,96.4444444444446,22373
"(0.8333333333333334, 0.9722222222222222)",3,96.4444444444446,22376
"(0.875, 0.9722222222222222)",1,96.4444444444446,22377
"(0.7638888888888888, 0.9861111111111112)",3,96.4444444444446,22380
"(0.8611111111111112, 0.9861111111111112)",1,96.4444444444446,22381
"(0.8194444444444444, 0.9861111111111112)",1,96.4444444444446,22382
"(0.8472222222222222, 0.9722222222222222)",1,96.4444444444446,22383
"(0.8888888888888888, 0.9722222222222222)",1,96.4444444444446,22384
"(0.7916666666666666, 0.9861111111111112)",1,96.4444444444446,22385
"(0.8472222222222222, 0.9722222222222222)",1,96.4444444444446,22386
"(0.8611111111111112, 0.9861111111111112)",1,96.44444444444456,22387
"(0.6944444444444444, 0.9722222222222222)",1,96.44444444444454,22388
"(0.9444444444444444, 0.9861111111111112)",2,96.44444444444451,22390
"(0.8055555555555556, 1.0)",1,96.44444444444444,22391
"(0.868421052631579, 0.9649122807017544)",2,96.44298245614044,22393
"(0.6929824561403509, 0.9649122807017544)",3,96.44298245614038,22396
"(0.8903508771929824, 0.9736842105263158)",1,96.44298245614038,22397
"(0.8023648648648649, 0.9756756756756756)",1,96.44189189189184,22398
"(0.813953488372093, 0.9883720930232558)",1,96.44186046511642,22399
"(0.7093023255813954, 0.9767441860465116)",1,96.4418604651164,22400
"(0.7093023255813954, 1.0)",1,96.44186046511632,22401
"(0.7558139534883721, 0.9767441860465116)",1,96.4418604651163,22402
"(0.813953488372093, 0.9767441860465116)",1,96.44186046511628,22403
"(0.8488372093023255, 0.9651162790697676)",1,96.44186046511612,22404
"(0.8953488372093024, 0.9651162790697676)",2,96.44186046511612,22406
"(0.7325581395348837, 0.9651162790697676)",1,96.4418604651161,22407
"(0.9041666666666668, 0.9958333333333332)",1,96.44166666666668,22408
"(0.9166666666666666, 0.9916666666666668)",1,96.44166666666648,22409
"(0.9285714285714286, 0.975)",1,96.43928571428566,22410
"(0.9107142857142856, 0.9714285714285714)",2,96.43928571428565,22412
"(0.8928571428571429, 0.9642857142857144)",1,96.43928571428562,22413
"(0.9464285714285714, 0.9678571428571427)",1,96.43928571428548,22414
"(0.7412280701754386, 0.9736842105263158)",1,96.43859649122808,22415
"(0.9375, 0.975)",1,96.4375,22416
"(0.9333333333333332, 0.9958333333333332)",1,96.43749999999996,22417
"(0.9291666666666668, 0.9875)",1,96.4374999999999,22418
"(0.925, 0.975)",2,96.43749999999989,22420
"(0.9375, 0.9916666666666668)",2,96.43749999999989,22422
"(0.95, 0.9714285714285714)",1,96.43571428571428,22423
"(0.8087837837837838, 0.977027027027027)",1,96.4347972972972,22424
"(0.8552631578947368, 0.9692982456140352)",2,96.43421052631588,22426
"(0.9166666666666666, 1.0)",1,96.43333333333348,22427
"(0.9333333333333332, 0.9833333333333332)",1,96.43333333333344,22428
"(0.9, 1.0)",1,96.43333333333344,22429
"(1.0, 0.9833333333333332)",1,96.43333333333342,22430
"(0.9333333333333332, 0.9833333333333332)",1,96.4333333333334,22431
"(0.8666666666666667, 0.9833333333333332)",2,96.4333333333334,22433
"(0.8333333333333334, 0.9666666666666668)",1,96.4333333333334,22434
"(0.9833333333333332, 1.0)",1,96.4333333333334,22435
"(0.95, 0.9833333333333332)",1,96.4333333333334,22436
"(0.8833333333333333, 1.0)",1,96.43333333333338,22437
"(0.9, 1.0)",1,96.43333333333338,22438
"(0.9, 1.0)",1,96.43333333333337,22439
"(0.9833333333333332, 1.0)",1,96.43333333333337,22440
"(0.9166666666666666, 1.0)",3,96.43333333333334,22443
"(0.9333333333333332, 1.0)",1,96.43333333333334,22444
"(0.8833333333333333, 1.0)",1,96.43333333333334,22445
"(0.9, 1.0)",2,96.43333333333334,22447
"(0.95, 1.0)",1,96.43333333333334,22448
"(0.925, 0.975)",1,96.43214285714284,22449
"(0.9285714285714286, 0.9785714285714284)",3,96.43214285714276,22452
"(0.8216216216216217, 0.9746621621621622)",1,96.43209459459456,22453
"(0.8611111111111112, 0.9722222222222222)",1,96.43055555555576,22454
"(0.8194444444444444, 0.9722222222222222)",1,96.43055555555574,22455
"(0.625, 0.9861111111111112)",1,96.43055555555574,22456
"(0.7638888888888888, 0.9861111111111112)",1,96.43055555555574,22457
"(0.875, 0.9861111111111112)",2,96.43055555555574,22459
"(0.875, 0.9722222222222222)",3,96.43055555555574,22462
"(0.8472222222222222, 0.9722222222222222)",1,96.43055555555574,22463
"(0.9027777777777778, 0.9861111111111112)",1,96.43055555555571,22464
"(0.8611111111111112, 0.9722222222222222)",1,96.43055555555571,22465
"(0.6944444444444444, 0.9861111111111112)",1,96.43055555555571,22466
"(0.9305555555555556, 0.9861111111111112)",1,96.43055555555571,22467
"(0.8194444444444444, 0.9722222222222222)",1,96.43055555555571,22468
"(0.8194444444444444, 0.9861111111111112)",4,96.43055555555571,22472
"(0.7222222222222222, 0.9722222222222222)",1,96.43055555555571,22473
"(0.8472222222222222, 0.9861111111111112)",2,96.4305555555557,22475
"(0.875, 1.0)",2,96.4305555555557,22477
"(0.875, 0.9722222222222222)",1,96.43055555555569,22478
"(0.8472222222222222, 0.9861111111111112)",1,96.43055555555569,22479
"(0.8472222222222222, 0.9722222222222222)",1,96.43055555555566,22480
"(0.9583333333333334, 1.0)",1,96.4305555555556,22481
"(0.75, 0.9861111111111112)",1,96.4305555555556,22482
"(0.9722222222222222, 1.0)",2,96.43055555555556,22484
"(0.8837209302325582, 0.9767441860465116)",1,96.4302325581397,22485
"(0.7906976744186046, 0.9883720930232558)",1,96.43023255813968,22486
"(0.7674418604651163, 0.9767441860465116)",1,96.43023255813966,22487
"(0.9302325581395348, 0.9767441860465116)",1,96.43023255813966,22488
"(0.813953488372093, 0.9883720930232558)",1,96.43023255813964,22489
"(0.7906976744186046, 0.9767441860465116)",1,96.4302325581396,22490
"(0.4651162790697674, 1.0)",1,96.4302325581396,22491
"(0.8255813953488372, 1.0)",1,96.4302325581396,22492
"(0.7558139534883721, 0.9767441860465116)",1,96.43023255813954,22493
"(0.8953488372093024, 0.9651162790697676)",1,96.43023255813952,22494
"(0.8953488372093024, 0.9651162790697676)",1,96.4302325581394,22495
"(0.8837209302325582, 0.9651162790697676)",1,96.43023255813937,22496
"(0.8023255813953488, 0.9651162790697676)",1,96.4302325581393,22497
"(0.6233108108108109, 0.9824324324324324)",1,96.43006756756752,22498
"(0.7456140350877193, 0.986842105263158)",1,96.4298245614036,22499
"(0.9833333333333332, 0.9791666666666666)",1,96.42916666666676,22500
"(0.925, 0.9875)",1,96.42916666666667,22501
"(0.8625, 0.9833333333333332)",1,96.42916666666665,22502
"(0.8958333333333334, 0.975)",1,96.42916666666665,22503
"(0.9833333333333332, 0.9791666666666666)",2,96.4291666666666,22505
"(0.9458333333333332, 0.9875)",1,96.4291666666666,22506
"(0.9571428571428572, 0.975)",1,96.42857142857136,22507
"(0.9285714285714286, 0.9714285714285714)",3,96.42857142857136,22510
"(0.9714285714285714, 0.9642857142857144)",1,96.42857142857132,22511
"(0.54375, 0.98125)",1,96.42750000000002,22512
"(0.8070175438596491, 0.9605263157894736)",1,96.4254385964913,22513
"(0.9078947368421052, 0.9649122807017544)",3,96.42543859649128,22516
"(0.9041666666666668, 0.9958333333333332)",1,96.42500000000004,22517
"(0.8625, 0.9666666666666668)",2,96.42499999999998,22519
"(0.975, 0.975)",2,96.42499999999995,22521
"(0.9321428571428572, 0.9678571428571427)",1,96.42499999999994,22522
"(0.9125, 0.9875)",1,96.42499999999993,22523
"(0.9607142857142856, 0.9642857142857144)",1,96.42499999999988,22524
"(0.9291666666666668, 0.9875)",1,96.42499999999986,22525
"(0.9428571428571428, 0.9642857142857144)",1,96.42499999999984,22526
"(0.8033783783783783, 0.9760135135135136)",1,96.42398648648653,22527
"(0.5058823529411764, 0.9882352941176472)",1,96.4235294117645,22528
"(0.5176470588235295, 0.9647058823529412)",1,96.4235294117645,22529
"(0.5442567567567568, 0.975)",1,96.42297297297304,22530
"(0.8263513513513514, 0.975)",1,96.422635135135,22531
"(0.9321428571428572, 0.9678571428571427)",1,96.42142857142858,22532
"(0.9642857142857144, 0.9678571428571427)",3,96.42142857142854,22535
"(0.95, 0.975)",1,96.4214285714285,22536
"(0.8324324324324325, 0.9756756756756756)",1,96.42128378378372,22537
"(0.9210526315789472, 0.9649122807017544)",2,96.42105263157896,22539
"(0.6798245614035088, 0.9824561403508772)",1,96.42105263157896,22540
"(0.8625, 0.9791666666666666)",1,96.42083333333336,22541
"(0.9375, 0.9875)",1,96.42083333333328,22542
"(0.9208333333333332, 0.9875)",1,96.42083333333328,22543
"(0.7906976744186046, 0.9767441860465116)",1,96.41860465116292,22544
"(0.8837209302325582, 1.0)",1,96.41860465116284,22545
"(0.8255813953488372, 0.9767441860465116)",1,96.4186046511628,22546
"(0.5465116279069767, 0.9767441860465116)",1,96.41860465116277,22547
"(0.8604651162790697, 0.9651162790697676)",1,96.41860465116277,22548
"(0.6511627906976745, 0.9767441860465116)",1,96.41860465116274,22549
"(0.9186046511627908, 0.9651162790697676)",1,96.41860465116268,22550
"(0.8953488372093024, 0.9651162790697676)",1,96.41860465116264,22551
"(0.8604651162790697, 0.9651162790697676)",1,96.41860465116262,22552
"(0.8837209302325582, 0.9651162790697676)",1,96.41860465116262,22553
"(0.8837209302325582, 0.9651162790697676)",1,96.4186046511626,22554
"(0.789527027027027, 0.9766891891891892)",1,96.41858108108096,22555
"(0.9428571428571428, 0.9642857142857144)",6,96.41785714285712,22561
"(0.8357142857142857, 0.9714285714285714)",1,96.41785714285707,22562
"(0.9464285714285714, 0.9607142857142856)",1,96.41785714285707,22563
"(0.8357142857142857, 0.9785714285714284)",1,96.41785714285705,22564
"(0.7083333333333334, 0.9861111111111112)",1,96.41666666666688,22565
"(0.8888888888888888, 0.9861111111111112)",1,96.41666666666688,22566
"(0.8611111111111112, 0.9722222222222222)",2,96.41666666666688,22568
"(0.9027777777777778, 0.9722222222222222)",1,96.41666666666688,22569
"(0.8333333333333334, 0.9722222222222222)",2,96.41666666666686,22571
"(0.4722222222222222, 0.9861111111111112)",1,96.41666666666686,22572
"(0.7361111111111112, 0.9861111111111112)",1,96.41666666666686,22573
"(0.8888888888888888, 0.9861111111111112)",1,96.41666666666686,22574
"(0.8888888888888888, 0.9722222222222222)",2,96.41666666666686,22576
"(0.6944444444444444, 0.9861111111111112)",1,96.41666666666686,22577
"(0.8611111111111112, 0.9861111111111112)",2,96.41666666666684,22579
"(0.9444444444444444, 0.9861111111111112)",1,96.41666666666684,22580
"(0.9305555555555556, 0.9861111111111112)",1,96.41666666666684,22581
"(0.8055555555555556, 0.9583333333333334)",1,96.41666666666684,22582
"(0.7083333333333334, 0.9861111111111112)",1,96.41666666666684,22583
"(0.8472222222222222, 1.0)",2,96.4166666666668,22585
"(0.9166666666666666, 0.9861111111111112)",2,96.4166666666668,22587
"(0.8472222222222222, 0.9722222222222222)",2,96.4166666666668,22589
"(0.8333333333333334, 0.9861111111111112)",1,96.4166666666668,22590
"(0.6805555555555556, 0.9861111111111112)",1,96.4166666666668,22591
"(0.8333333333333334, 0.9861111111111112)",1,96.4166666666668,22592
"(0.9, 0.95)",2,96.4166666666668,22594
"(0.7916666666666666, 0.9861111111111112)",1,96.41666666666676,22595
"(0.8194444444444444, 0.9722222222222222)",1,96.41666666666676,22596
"(0.8194444444444444, 0.9861111111111112)",1,96.41666666666676,22597
"(0.9166666666666666, 0.9666666666666668)",1,96.41666666666674,22598
"(0.9583333333333334, 0.9861111111111112)",1,96.41666666666674,22599
"(0.95, 0.9833333333333332)",1,96.41666666666674,22600
"(0.7083333333333334, 1.0)",1,96.41666666666671,22601
"(0.7333333333333333, 1.0)",1,96.41666666666671,22602
"(0.8472222222222222, 1.0)",1,96.41666666666671,22603
"(0.8333333333333334, 1.0)",2,96.41666666666671,22605
"(0.7166666666666667, 1.0)",1,96.41666666666671,22606
"(0.8194444444444444, 1.0)",1,96.41666666666671,22607
"(0.9333333333333332, 0.9833333333333332)",1,96.41666666666671,22608
"(0.9444444444444444, 1.0)",1,96.4166666666667,22609
"(0.9166666666666666, 1.0)",1,96.41666666666669,22610
"(0.9666666666666668, 1.0)",1,96.41666666666669,22611
"(0.9833333333333332, 1.0)",1,96.41666666666669,22612
"(0.8666666666666667, 1.0)",1,96.41666666666669,22613
"(0.8611111111111112, 1.0)",1,96.41666666666669,22614
"(1.0, 1.0)",1,96.41666666666669,22615
"(0.7666666666666667, 1.0)",1,96.41666666666666,22616
"(0.7333333333333333, 1.0)",1,96.41666666666666,22617
"(0.9, 1.0)",1,96.41666666666666,22618
"(0.95, 1.0)",1,96.41666666666664,22619
"(0.9458333333333332, 0.975)",1,96.4166666666666,22620
"(0.8712837837837838, 0.975)",1,96.41587837837834,22621
"(0.9464285714285714, 0.9678571428571427)",1,96.4142857142856,22622
"(0.735472972972973, 0.9753378378378378)",1,96.41249999999998,22623
"(0.8958333333333334, 0.9708333333333332)",1,96.41249999999997,22624
"(0.8070175438596491, 0.9780701754385964)",1,96.41228070175448,22625
"(0.925438596491228, 0.9736842105263158)",1,96.41228070175433,22626
"(0.9642857142857144, 0.9607142857142856)",1,96.41071428571428,22627
"(0.8791666666666667, 0.9875)",1,96.4083333333332,22628
"(0.9285714285714286, 0.9714285714285714)",3,96.40714285714289,22631
"(0.7392857142857143, 0.975)",1,96.40714285714286,22632
"(0.9607142857142856, 0.9678571428571427)",1,96.40714285714282,22633
"(0.9642857142857144, 0.975)",2,96.40714285714272,22635
"(0.7209302325581395, 0.9767441860465116)",2,96.40697674418622,22637
"(0.9186046511627908, 0.9767441860465116)",1,96.4069767441862,22638
"(0.8837209302325582, 0.9767441860465116)",1,96.40697674418618,22639
"(0.9186046511627908, 0.9767441860465116)",1,96.40697674418615,22640
"(0.9418604651162792, 0.9767441860465116)",1,96.40697674418612,22641
"(0.8023255813953488, 0.9767441860465116)",1,96.40697674418608,22642
"(0.8372093023255814, 1.0)",1,96.40697674418608,22643
"(0.8837209302325582, 0.9767441860465116)",1,96.40697674418604,22644
"(0.8953488372093024, 0.9651162790697676)",1,96.4069767441858,22645
"(0.8875, 0.9833333333333332)",1,96.40416666666664,22646
"(0.8666666666666667, 0.9916666666666668)",1,96.40416666666664,22647
"(0.9541666666666668, 0.9666666666666668)",2,96.4041666666666,22649
"(0.9, 0.9916666666666668)",1,96.40416666666658,22650
"(0.9107142857142856, 0.9714285714285714)",1,96.40357142857138,22651
"(0.925, 0.9678571428571427)",1,96.40357142857138,22652
"(0.8892857142857142, 0.9642857142857144)",1,96.40357142857135,22653
"(0.8472222222222222, 0.9722222222222222)",1,96.402777777778,22654
"(0.8611111111111112, 0.9861111111111112)",1,96.402777777778,22655
"(0.8472222222222222, 0.9722222222222222)",4,96.40277777777798,22659
"(0.8055555555555556, 0.9861111111111112)",1,96.40277777777798,22660
"(0.6944444444444444, 0.9861111111111112)",1,96.40277777777798,22661
"(0.7222222222222222, 0.9722222222222222)",1,96.40277777777796,22662
"(0.9305555555555556, 0.9722222222222222)",1,96.40277777777796,22663
"(0.8611111111111112, 0.9861111111111112)",1,96.40277777777796,22664
"(0.8055555555555556, 0.9861111111111112)",1,96.40277777777796,22665
"(0.8611111111111112, 0.9722222222222222)",1,96.40277777777796,22666
"(0.9305555555555556, 0.9861111111111112)",1,96.40277777777796,22667
"(0.6666666666666666, 0.9861111111111112)",1,96.40277777777794,22668
"(0.9027777777777778, 0.9861111111111112)",2,96.40277777777794,22670
"(0.9305555555555556, 0.9722222222222222)",2,96.40277777777794,22672
"(0.8472222222222222, 0.9722222222222222)",2,96.40277777777794,22674
"(0.875, 0.9722222222222222)",2,96.40277777777791,22676
"(0.8472222222222222, 0.9583333333333334)",1,96.40277777777791,22677
"(0.9444444444444444, 0.9861111111111112)",1,96.40277777777791,22678
"(0.9305555555555556, 0.9861111111111112)",2,96.40277777777791,22680
"(0.7222222222222222, 0.9583333333333334)",1,96.40277777777791,22681
"(0.8055555555555556, 0.9722222222222222)",1,96.40277777777791,22682
"(0.875, 0.9861111111111112)",1,96.40277777777791,22683
"(0.8611111111111112, 0.9861111111111112)",1,96.40277777777791,22684
"(0.75, 0.9861111111111112)",1,96.4027777777779,22685
"(0.8888888888888888, 0.9861111111111112)",1,96.4027777777779,22686
"(0.7916666666666666, 0.9722222222222222)",1,96.4027777777779,22687
"(0.9166666666666666, 0.9861111111111112)",1,96.40277777777786,22688
"(0.6944444444444444, 1.0)",2,96.4027777777778,22690
"(0.625, 1.0)",4,96.4027777777778,22694
"(0.8194444444444444, 1.0)",2,96.40277777777776,22696
"(0.7916666666666666, 1.0)",1,96.40277777777776,22697
"(0.9027777777777778, 1.0)",1,96.40277777777776,22698
"(0.50875, 0.9875)",1,96.40249999999996,22699
"(0.8043918918918919, 0.9736486486486486)",1,96.4020270270269,22700
"(0.8327702702702703, 0.9756756756756756)",1,96.4003378378378,22701
"(0.8, 1.0)",2,96.40000000000008,22703
"(0.9333333333333332, 1.0)",2,96.40000000000008,22705
"(0.8666666666666667, 0.9833333333333332)",1,96.40000000000008,22706
"(0.95, 0.9833333333333332)",1,96.40000000000006,22707
"(0.8666666666666667, 1.0)",1,96.40000000000006,22708
"(0.8666666666666667, 0.9833333333333332)",1,96.40000000000006,22709
"(0.975, 0.9958333333333332)",1,96.40000000000006,22710
"(0.8833333333333333, 0.9833333333333332)",1,96.40000000000006,22711
"(0.9166666666666666, 1.0)",1,96.40000000000003,22712
"(0.9833333333333332, 1.0)",1,96.4,22713
"(0.975, 0.9958333333333332)",1,96.39999999999998,22714
"(0.925, 0.9642857142857144)",1,96.39999999999996,22715
"(0.9333333333333332, 0.9708333333333332)",1,96.39999999999996,22716
"(0.9, 0.975)",1,96.39999999999992,22717
"(0.7543918918918919, 0.9760135135135136)",1,96.3983108108107,22718
"(0.925, 0.9678571428571427)",1,96.39642857142849,22719
"(0.9428571428571428, 0.9678571428571427)",1,96.39642857142849,22720
"(0.925, 0.975)",1,96.39642857142836,22721
"(0.8666666666666667, 0.9833333333333332)",2,96.3958333333334,22723
"(0.925, 0.9958333333333332)",1,96.39583333333324,22724
"(0.95, 0.9958333333333332)",1,96.39583333333324,22725
"(0.9302325581395348, 0.9767441860465116)",1,96.3953488372094,22726
"(0.8837209302325582, 0.9883720930232558)",1,96.39534883720938,22727
"(0.8255813953488372, 0.9883720930232558)",1,96.39534883720938,22728
"(0.7558139534883721, 0.9883720930232558)",1,96.39534883720938,22729
"(0.8604651162790697, 0.9651162790697676)",1,96.39534883720933,22730
"(0.3372093023255814, 0.9883720930232558)",1,96.39534883720933,22731
"(0.6046511627906976, 0.9767441860465116)",1,96.39534883720933,22732
"(0.8372093023255814, 0.9534883720930232)",1,96.39534883720926,22733
"(0.8488372093023255, 0.9651162790697676)",1,96.39534883720924,22734
"(0.9767441860465116, 0.9651162790697676)",1,96.39534883720911,22735
"(0.8289473684210527, 0.9649122807017544)",1,96.39473684210536,22736
"(0.8135135135135135, 0.9736486486486486)",1,96.39425675675665,22737
"(0.8043918918918919, 0.9766891891891892)",1,96.39358108108097,22738
"(0.8571428571428571, 0.9714285714285714)",1,96.3928571428572,22739
"(0.9428571428571428, 0.9785714285714284)",1,96.39285714285704,22740
"(0.925, 0.9714285714285714)",2,96.39285714285704,22742
"(0.925, 0.9875)",1,96.39166666666662,22743
"(0.8947368421052632, 0.9692982456140352)",1,96.39035087719306,22744
"(0.9428571428571428, 0.9678571428571427)",1,96.38928571428568,22745
"(0.9535714285714286, 0.9678571428571427)",1,96.38928571428568,22746
"(0.9607142857142856, 0.9642857142857144)",1,96.38928571428562,22747
"(0.8888888888888888, 0.9861111111111112)",1,96.38888888888911,22748
"(0.8611111111111112, 0.9722222222222222)",4,96.38888888888908,22752
"(0.5, 0.9722222222222222)",1,96.38888888888908,22753
"(0.5, 0.9861111111111112)",1,96.38888888888908,22754
"(0.8333333333333334, 0.9722222222222222)",1,96.38888888888908,22755
"(0.8333333333333334, 0.9861111111111112)",1,96.38888888888908,22756
"(0.8472222222222222, 0.9722222222222222)",1,96.38888888888908,22757
"(0.8888888888888888, 0.9722222222222222)",2,96.38888888888908,22759
"(0.7916666666666666, 0.9722222222222222)",1,96.38888888888908,22760
"(0.6944444444444444, 0.9722222222222222)",1,96.38888888888908,22761
"(0.6944444444444444, 0.9722222222222222)",4,96.38888888888908,22765
"(0.9861111111111112, 0.9722222222222222)",1,96.38888888888906,22766
"(0.7638888888888888, 0.9861111111111112)",2,96.38888888888906,22768
"(0.9166666666666666, 0.9722222222222222)",1,96.38888888888906,22769
"(0.9305555555555556, 0.9722222222222222)",1,96.38888888888906,22770
"(0.8888888888888888, 0.9861111111111112)",2,96.38888888888906,22772
"(0.875, 0.9861111111111112)",1,96.38888888888906,22773
"(0.8611111111111112, 0.9722222222222222)",2,96.38888888888904,22775
"(0.9444444444444444, 0.9861111111111112)",2,96.38888888888904,22777
"(0.8472222222222222, 0.9722222222222222)",1,96.38888888888904,22778
"(0.625, 0.9722222222222222)",4,96.38888888888904,22782
"(0.9444444444444444, 1.0)",1,96.388888888889,22783
"(0.8888888888888888, 0.9861111111111112)",1,96.388888888889,22784
"(0.7777777777777778, 1.0)",1,96.388888888889,22785
"(0.8055555555555556, 0.9861111111111112)",1,96.388888888889,22786
"(0.6944444444444444, 0.9722222222222222)",2,96.388888888889,22788
"(0.9166666666666666, 0.9861111111111112)",1,96.388888888889,22789
"(0.8611111111111112, 0.9722222222222222)",1,96.388888888889,22790
"(0.875, 0.9722222222222222)",1,96.388888888889,22791
"(0.5176470588235295, 0.9647058823529412)",1,96.38823529411758,22792
"(0.8833333333333333, 0.9833333333333332)",1,96.3875,22793
"(0.9, 0.975)",2,96.38749999999987,22795
"(0.925, 0.9625)",1,96.38749999999986,22796
"(0.7875, 0.975)",1,96.38749999999985,22797
"(0.85, 0.975)",1,96.3874999999998,22798
"(0.7456140350877193, 0.9780701754385964)",1,96.38596491228078,22799
"(0.9078947368421052, 0.9736842105263158)",3,96.38596491228076,22802
"(0.8857142857142857, 0.9678571428571427)",1,96.38571428571424,22803
"(0.95, 0.9678571428571427)",1,96.38571428571424,22804
"(0.925, 0.975)",1,96.3857142857142,22805
"(0.9285714285714286, 0.9785714285714284)",3,96.38571428571414,22808
"(0.8488372093023255, 0.9651162790697676)",1,96.38372093023276,22809
"(0.7209302325581395, 0.9767441860465116)",1,96.38372093023268,22810
"(0.813953488372093, 0.9767441860465116)",1,96.3837209302326,22811
"(0.8255813953488372, 0.9767441860465116)",1,96.3837209302326,22812
"(0.9186046511627908, 0.9767441860465116)",1,96.38372093023258,22813
"(0.8604651162790697, 0.9767441860465116)",1,96.38372093023251,22814
"(0.8372093023255814, 0.9767441860465116)",1,96.38372093023249,22815
"(0.9418604651162792, 0.9883720930232558)",1,96.3837209302324,22816
"(0.813953488372093, 0.9651162790697676)",1,96.38372093023231,22817
"(0.8372093023255814, 0.9651162790697676)",1,96.38372093023231,22818
"(0.8666666666666667, 1.0)",1,96.38333333333344,22819
"(0.7666666666666667, 1.0)",1,96.38333333333344,22820
"(0.7166666666666667, 1.0)",2,96.38333333333344,22822
"(0.95, 0.9833333333333332)",1,96.3833333333334,22823
"(0.9166666666666666, 1.0)",1,96.3833333333334,22824
"(0.9166666666666666, 1.0)",2,96.3833333333334,22826
"(0.9666666666666668, 1.0)",1,96.3833333333334,22827
"(0.95, 0.9833333333333332)",1,96.3833333333334,22828
"(0.9833333333333332, 1.0)",1,96.38333333333338,22829
"(0.9833333333333332, 1.0)",1,96.38333333333335,22830
"(0.9333333333333332, 1.0)",2,96.38333333333335,22832
"(0.9666666666666668, 1.0)",1,96.38333333333335,22833
"(0.9833333333333332, 1.0)",1,96.38333333333334,22834
"(0.85, 1.0)",1,96.38333333333334,22835
"(0.9666666666666668, 1.0)",2,96.38333333333333,22837
"(1.0, 1.0)",2,96.38333333333333,22839
"(0.85, 1.0)",2,96.38333333333333,22841
"(0.9416666666666668, 0.975)",1,96.3833333333333,22842
"(0.9464285714285714, 0.9642857142857144)",1,96.38214285714275,22843
"(0.9357142857142856, 0.9571428571428572)",3,96.38214285714275,22846
"(0.925438596491228, 0.9649122807017544)",1,96.38157894736844,22847
"(0.7638513513513514, 0.9783783783783784)",1,96.37972972972976,22848
"(0.9416666666666668, 0.975)",1,96.37916666666663,22849
"(0.9208333333333332, 0.9958333333333332)",2,96.37916666666658,22851
"(0.95, 0.9642857142857144)",1,96.37857142857142,22852
"(0.9607142857142856, 0.9642857142857144)",1,96.3785714285714,22853
"(0.9428571428571428, 0.9678571428571427)",1,96.3785714285714,22854
"(0.925, 0.9678571428571427)",1,96.37857142857138,22855
"(0.95, 0.9642857142857144)",1,96.37857142857132,22856
"(0.9607142857142856, 0.9642857142857144)",1,96.37857142857128,22857
"(0.8947368421052632, 0.9736842105263158)",3,96.3771929824562,22860
"(0.7763513513513514, 0.9746621621621622)",1,96.3756756756757,22861
"(0.8472222222222222, 0.9722222222222222)",1,96.3750000000002,22862
"(0.9166666666666666, 0.9722222222222222)",1,96.3750000000002,22863
"(0.7083333333333334, 0.9861111111111112)",1,96.37500000000018,22864
"(0.8194444444444444, 0.9861111111111112)",1,96.37500000000018,22865
"(0.9166666666666666, 0.9722222222222222)",1,96.37500000000018,22866
"(0.8472222222222222, 0.9722222222222222)",4,96.37500000000018,22870
"(0.8472222222222222, 0.9861111111111112)",1,96.37500000000018,22871
"(0.9305555555555556, 0.9861111111111112)",1,96.37500000000016,22872
"(0.8194444444444444, 0.9861111111111112)",1,96.37500000000016,22873
"(0.8055555555555556, 0.9861111111111112)",1,96.37500000000016,22874
"(0.7222222222222222, 0.9722222222222222)",4,96.37500000000016,22878
"(0.8888888888888888, 0.9722222222222222)",1,96.37500000000016,22879
"(0.8888888888888888, 0.9861111111111112)",1,96.37500000000016,22880
"(0.7916666666666666, 0.9722222222222222)",1,96.37500000000016,22881
"(0.9166666666666666, 0.9861111111111112)",1,96.37500000000016,22882
"(0.9305555555555556, 0.9722222222222222)",1,96.37500000000016,22883
"(0.625, 0.9722222222222222)",1,96.37500000000016,22884
"(0.8333333333333334, 0.9583333333333334)",4,96.37500000000014,22888
"(0.9027777777777778, 0.9861111111111112)",1,96.37500000000014,22889
"(0.8611111111111112, 0.9722222222222222)",4,96.37500000000014,22893
"(0.8472222222222222, 0.9861111111111112)",1,96.37500000000011,22894
"(0.8888888888888888, 0.9583333333333334)",1,96.37500000000011,22895
"(0.9444444444444444, 0.9861111111111112)",1,96.37500000000011,22896
"(0.7361111111111112, 0.9722222222222222)",1,96.37500000000009,22897
"(0.8472222222222222, 0.9861111111111112)",1,96.37500000000009,22898
"(0.7083333333333334, 1.0)",1,96.37500000000009,22899
"(0.7084459459459459, 0.9773648648648648)",1,96.37500000000006,22900
"(0.8611111111111112, 1.0)",1,96.37500000000004,22901
"(0.8888888888888888, 1.0)",2,96.375,22903
"(0.9083333333333332, 0.9916666666666668)",1,96.37499999999996,22904
"(0.9166666666666666, 0.975)",1,96.37499999999994,22905
"(0.925, 0.9875)",1,96.37499999999991,22906
"(0.8625, 0.9958333333333332)",1,96.37499999999991,22907
"(0.8464912280701754, 0.9780701754385964)",1,96.37280701754398,22908
"(0.8947368421052632, 0.9692982456140352)",3,96.37280701754388,22911
"(0.7906976744186046, 0.9767441860465116)",4,96.372093023256,22915
"(0.8255813953488372, 0.9767441860465116)",1,96.37209302325596,22916
"(0.813953488372093, 0.9767441860465116)",1,96.37209302325596,22917
"(0.7209302325581395, 0.9767441860465116)",2,96.37209302325591,22919
"(0.6162790697674418, 1.0)",1,96.3720930232559,22920
"(0.9418604651162792, 0.9767441860465116)",1,96.37209302325589,22921
"(0.7441860465116279, 0.9651162790697676)",1,96.37209302325564,22922
"(0.9767441860465116, 0.9651162790697676)",1,96.37209302325556,22923
"(0.9541666666666668, 0.9791666666666666)",1,96.37083333333337,22924
"(0.9208333333333332, 0.9833333333333332)",2,96.37083333333332,22926
"(0.8125, 0.975)",1,96.37083333333332,22927
"(0.5689189189189189, 0.983108108108108)",1,96.37027027027028,22928
"(0.8875, 0.9716216216216216)",1,96.37027027027018,22929
"(0.7807017543859649, 0.9780701754385964)",3,96.36842105263172,22932
"(0.8771929824561403, 0.9824561403508772)",6,96.3684210526316,22938
"(0.8728070175438597, 0.9605263157894736)",1,96.3684210526316,22939
"(0.8412162162162162, 0.9743243243243244)",1,96.36824324324326,22940
"(0.8928571428571429, 0.9642857142857144)",1,96.36785714285692,22941
"(0.9166666666666666, 0.9833333333333332)",1,96.36666666666676,22942
"(0.8666666666666667, 0.9833333333333332)",1,96.36666666666676,22943
"(0.95, 0.9833333333333332)",1,96.36666666666672,22944
"(0.9333333333333332, 1.0)",1,96.3666666666667,22945
"(0.9, 1.0)",1,96.36666666666667,22946
"(0.8833333333333333, 1.0)",1,96.36666666666667,22947
"(0.7666666666666667, 1.0)",1,96.36666666666667,22948
"(1.0, 1.0)",1,96.36666666666667,22949
"(0.925, 0.9666666666666668)",1,96.36666666666666,22950
"(0.8958333333333334, 0.9708333333333332)",1,96.36666666666665,22951
"(0.8958333333333334, 0.9875)",1,96.36666666666662,22952
"(0.5074324324324324, 0.9844594594594596)",1,96.36554054054052,22953
"(0.7996621621621621, 0.9777027027027028)",1,96.36486486486484,22954
"(0.6352941176470588, 0.976470588235294)",1,96.36470588235274,22955
"(0.9178571428571428, 0.9714285714285714)",1,96.36428571428569,22956
"(0.8928571428571429, 0.9607142857142856)",1,96.36428571428564,22957
"(0.9078947368421052, 0.9824561403508772)",1,96.36403508771932,22958
"(0.8722972972972973, 0.9726351351351352)",1,96.36351351351342,22959
"(0.9125, 0.9666666666666668)",1,96.36250000000004,22960
"(0.9291666666666668, 0.9791666666666666)",1,96.36250000000004,22961
"(0.9125, 0.9875)",1,96.36249999999993,22962
"(0.9833333333333332, 0.9916666666666668)",1,96.36249999999993,22963
"(0.9125, 0.9875)",1,96.36249999999993,22964
"(0.8958333333333334, 0.9916666666666668)",1,96.3624999999999,22965
"(0.9722222222222222, 0.9861111111111112)",1,96.36111111111134,22966
"(0.875, 0.9722222222222222)",1,96.36111111111131,22967
"(0.5277777777777778, 0.9861111111111112)",1,96.3611111111113,22968
"(0.8888888888888888, 0.9722222222222222)",1,96.3611111111113,22969
"(0.9444444444444444, 0.9861111111111112)",1,96.3611111111113,22970
"(0.9305555555555556, 0.9722222222222222)",1,96.3611111111113,22971
"(0.9027777777777778, 0.9722222222222222)",1,96.3611111111113,22972
"(0.4722222222222222, 0.9861111111111112)",1,96.3611111111113,22973
"(0.5555555555555556, 0.9861111111111112)",1,96.36111111111128,22974
"(0.9027777777777778, 0.9722222222222222)",1,96.36111111111128,22975
"(0.9583333333333334, 1.0)",1,96.36111111111128,22976
"(0.8611111111111112, 0.9861111111111112)",1,96.36111111111128,22977
"(0.8333333333333334, 0.9722222222222222)",1,96.36111111111128,22978
"(0.8888888888888888, 0.9722222222222222)",1,96.36111111111128,22979
"(0.7222222222222222, 0.9861111111111112)",1,96.36111111111128,22980
"(0.6944444444444444, 0.9722222222222222)",1,96.36111111111128,22981
"(0.8611111111111112, 0.9583333333333334)",1,96.36111111111128,22982
"(0.8611111111111112, 0.9722222222222222)",1,96.36111111111126,22983
"(0.8472222222222222, 0.9722222222222222)",1,96.36111111111126,22984
"(0.8333333333333334, 0.9722222222222222)",1,96.36111111111126,22985
"(0.8333333333333334, 0.9861111111111112)",1,96.36111111111124,22986
"(0.875, 0.9861111111111112)",1,96.36111111111124,22987
"(0.8194444444444444, 0.9861111111111112)",1,96.36111111111124,22988
"(0.875, 1.0)",1,96.3611111111112,22989
"(0.9444444444444444, 0.9861111111111112)",1,96.3611111111112,22990
"(0.8888888888888888, 0.9722222222222222)",1,96.3611111111112,22991
"(0.7777777777777778, 0.9861111111111112)",1,96.36111111111116,22992
"(0.9027777777777778, 1.0)",2,96.36111111111116,22994
"(0.8194444444444444, 1.0)",1,96.36111111111114,22995
"(0.7361111111111112, 1.0)",1,96.36111111111111,22996
"(0.8055555555555556, 1.0)",2,96.36111111111111,22998
"(0.5831081081081081, 0.9760135135135136)",1,96.36081081081076,22999
"(0.9214285714285714, 0.9714285714285714)",1,96.36071428571424,23000
"(0.9642857142857144, 0.9642857142857144)",1,96.3607142857142,23001
"(0.9392857142857144, 0.9678571428571427)",1,96.36071428571417,23002
"(0.9642857142857144, 0.975)",2,96.36071428571412,23004
"(0.925, 0.9642857142857144)",1,96.36071428571404,23005
"(0.7209302325581395, 0.9767441860465116)",1,96.36046511627924,23006
"(0.872093023255814, 0.9651162790697676)",1,96.3604651162792,23007
"(0.9418604651162792, 0.9767441860465116)",2,96.3604651162792,23009
"(0.7674418604651163, 0.9767441860465116)",1,96.3604651162792,23010
"(0.8372093023255814, 0.9883720930232558)",1,96.36046511627916,23011
"(0.9651162790697676, 0.9767441860465116)",1,96.36046511627914,23012
"(0.8837209302325582, 0.9651162790697676)",1,96.36046511627912,23013
"(0.2906976744186046, 1.0)",1,96.3604651162791,23014
"(0.7790697674418605, 0.9534883720930232)",1,96.36046511627906,23015
"(0.6744186046511628, 0.9883720930232558)",1,96.36046511627902,23016
"(0.7790697674418605, 0.9767441860465116)",1,96.36046511627896,23017
"(0.9302325581395348, 0.9767441860465116)",1,96.36046511627892,23018
"(0.872093023255814, 0.9651162790697676)",1,96.3604651162789,23019
"(0.6046511627906976, 0.9651162790697676)",1,96.3604651162789,23020
"(0.8837209302325582, 0.9651162790697676)",1,96.36046511627886,23021
"(0.9302325581395348, 0.9651162790697676)",1,96.36046511627885,23022
"(0.9342105263157896, 0.9605263157894736)",1,96.35964912280711,23023
"(0.9385964912280702, 0.9692982456140352)",1,96.35964912280711,23024
"(0.6798245614035088, 0.9824561403508772)",3,96.35964912280708,23027
"(0.7149122807017544, 0.9912280701754386)",4,96.359649122807,23031
"(0.9166666666666666, 0.975)",1,96.3583333333333,23032
"(0.8892857142857142, 0.9714285714285714)",1,96.3571428571429,23033
"(0.9464285714285714, 0.9714285714285714)",3,96.35714285714272,23036
"(0.9078947368421052, 0.9649122807017544)",2,96.35526315789484,23038
"(0.8947368421052632, 0.9692982456140352)",3,96.35526315789475,23041
"(0.8290540540540541, 0.9726351351351352)",1,96.35506756756747,23042
"(0.9208333333333332, 0.9916666666666668)",1,96.3541666666665,23043
"(0.9083333333333332, 0.9916666666666668)",1,96.35416666666649,23044
"(0.8916666666666667, 0.9916666666666668)",1,96.35416666666646,23045
"(0.9107142857142856, 0.9785714285714284)",1,96.3535714285714,23046
"(0.9357142857142856, 0.9678571428571427)",1,96.3535714285714,23047
"(0.95, 0.9678571428571427)",1,96.35357142857134,23048
"(0.9535714285714286, 0.9678571428571427)",1,96.3535714285713,23049
"(0.8216216216216217, 0.9760135135135136)",1,96.35101351351342,23050
"(0.8552631578947368, 0.9736842105263158)",1,96.35087719298252,23051
"(0.7763157894736842, 0.9692982456140352)",1,96.35087719298252,23052
"(0.9166666666666666, 1.0)",1,96.35000000000012,23053
"(0.9666666666666668, 0.9833333333333332)",1,96.35000000000008,23054
"(0.9333333333333332, 0.9833333333333332)",1,96.35000000000008,23055
"(0.9666666666666668, 0.9833333333333332)",2,96.35000000000008,23057
"(0.9375, 0.975)",1,96.35000000000004,23058
"(0.9666666666666668, 1.0)",1,96.35000000000004,23059
"(0.7333333333333333, 1.0)",1,96.35000000000004,23060
"(0.8, 1.0)",1,96.35000000000002,23061
"(0.9833333333333332, 1.0)",3,96.35,23064
"(0.8535714285714285, 0.9785714285714284)",1,96.35,23065
"(0.9666666666666668, 1.0)",3,96.35,23068
"(1.0, 1.0)",1,96.35,23069
"(0.8, 1.0)",1,96.35,23070
"(0.8166666666666667, 1.0)",2,96.35,23072
"(0.8357142857142857, 0.975)",3,96.34999999999992,23075
"(0.9041666666666668, 0.9666666666666668)",1,96.34999999999992,23076
"(0.8837209302325582, 0.9767441860465116)",2,96.34883720930247,23078
"(0.7906976744186046, 0.9767441860465116)",1,96.34883720930245,23079
"(0.8837209302325582, 0.9767441860465116)",1,96.34883720930242,23080
"(0.8953488372093024, 0.9767441860465116)",2,96.34883720930242,23082
"(0.7209302325581395, 0.9534883720930232)",1,96.34883720930226,23083
"(0.9302325581395348, 0.9651162790697676)",1,96.34883720930226,23084
"(0.7558139534883721, 0.9651162790697676)",1,96.3488372093022,23085
"(0.8953488372093024, 0.9651162790697676)",2,96.34883720930216,23087
"(0.7209302325581395, 0.9651162790697676)",1,96.3488372093021,23088
"(0.8472222222222222, 0.9722222222222222)",1,96.34722222222248,23089
"(0.875, 0.9861111111111112)",2,96.34722222222246,23091
"(0.9027777777777778, 0.9722222222222222)",1,96.34722222222244,23092
"(0.8611111111111112, 0.9722222222222222)",1,96.34722222222244,23093
"(0.7361111111111112, 0.9861111111111112)",1,96.34722222222244,23094
"(0.8472222222222222, 0.9722222222222222)",2,96.3472222222224,23096
"(0.9861111111111112, 0.9861111111111112)",2,96.3472222222224,23098
"(0.9027777777777778, 0.9861111111111112)",1,96.3472222222224,23099
"(0.8472222222222222, 0.9722222222222222)",1,96.3472222222224,23100
"(0.8472222222222222, 0.9861111111111112)",2,96.3472222222224,23102
"(0.8888888888888888, 0.9722222222222222)",1,96.3472222222224,23103
"(0.6666666666666666, 0.9722222222222222)",1,96.3472222222224,23104
"(0.9027777777777778, 0.9861111111111112)",1,96.34722222222238,23105
"(0.8194444444444444, 0.9861111111111112)",1,96.34722222222238,23106
"(0.625, 0.9722222222222222)",2,96.34722222222238,23108
"(0.8333333333333334, 0.9722222222222222)",4,96.34722222222238,23112
"(0.8333333333333334, 0.9722222222222222)",1,96.34722222222236,23113
"(0.8472222222222222, 0.9861111111111112)",1,96.34722222222236,23114
"(0.7916666666666666, 0.9861111111111112)",1,96.34722222222236,23115
"(0.9027777777777778, 0.9722222222222222)",1,96.34722222222236,23116
"(0.9305555555555556, 0.9722222222222222)",1,96.34722222222236,23117
"(0.8472222222222222, 0.9722222222222222)",1,96.34722222222234,23118
"(0.5972222222222222, 1.0)",1,96.34722222222224,23119
"(0.9305555555555556, 1.0)",2,96.3472222222222,23121
"(0.7719298245614035, 0.9912280701754386)",4,96.34649122807016,23125
"(0.9214285714285714, 0.975)",1,96.34642857142852,23126
"(0.9833333333333332, 0.9875)",1,96.34583333333336,23127
"(0.8958333333333334, 0.9625)",2,96.34583333333332,23129
"(0.5155405405405405, 0.9807432432432432)",1,96.34459459459455,23130
"(0.9, 0.9714285714285714)",1,96.34285714285708,23131
"(0.9107142857142856, 0.9642857142857144)",1,96.34285714285704,23132
"(0.9285714285714286, 0.9642857142857144)",1,96.34285714285704,23133
"(0.9666666666666668, 0.8583333333333333)",1,96.3416666666666,23134
"(0.8588235294117647, 0.9647058823529412)",1,96.34117647058828,23135
"(0.9535714285714286, 0.975)",1,96.33928571428572,23136
"(0.9178571428571428, 0.9714285714285714)",1,96.33928571428568,23137
"(0.9357142857142856, 0.9714285714285714)",2,96.33928571428568,23139
"(0.95, 0.9678571428571427)",1,96.33928571428564,23140
"(0.9607142857142856, 0.9642857142857144)",1,96.3392857142856,23141
"(0.9464285714285714, 0.9642857142857144)",1,96.33928571428548,23142
"(0.9125, 0.9708333333333332)",1,96.33749999999996,23143
"(0.9166666666666666, 0.9708333333333332)",1,96.33749999999996,23144
"(0.8375, 0.975)",1,96.33749999999988,23145
"(0.9208333333333332, 0.9916666666666668)",2,96.33749999999988,23147
"(0.7209302325581395, 0.9767441860465116)",1,96.33720930232572,23148
"(0.8255813953488372, 0.9767441860465116)",1,96.33720930232572,23149
"(0.8488372093023255, 0.9767441860465116)",1,96.33720930232572,23150
"(0.872093023255814, 0.9883720930232558)",1,96.33720930232572,23151
"(0.9186046511627908, 0.9767441860465116)",1,96.33720930232568,23152
"(0.7790697674418605, 0.9651162790697676)",1,96.33720930232568,23153
"(0.7209302325581395, 0.9767441860465116)",2,96.33720930232566,23155
"(0.8604651162790697, 0.9767441860465116)",1,96.3372093023256,23156
"(0.7209302325581395, 0.9534883720930232)",1,96.33720930232556,23157
"(0.8837209302325582, 0.9767441860465116)",2,96.33720930232552,23159
"(0.8372093023255814, 0.9651162790697676)",1,96.3372093023254,23160
"(0.872093023255814, 0.9651162790697676)",1,96.33720930232538,23161
"(0.5074324324324324, 0.9820945945945946)",1,96.33682432432435,23162
"(0.95, 0.9678571428571427)",1,96.33571428571426,23163
"(0.9714285714285714, 0.9714285714285714)",2,96.33571428571425,23165
"(0.9714285714285714, 0.9678571428571427)",2,96.33571428571425,23167
"(0.9285714285714286, 0.9714285714285714)",3,96.3357142857142,23170
"(0.925, 0.975)",1,96.3357142857142,23171
"(0.9305555555555556, 0.9722222222222222)",1,96.33333333333354,23172
"(0.6388888888888888, 0.9722222222222222)",1,96.33333333333351,23173
"(0.8055555555555556, 0.9861111111111112)",4,96.33333333333351,23177
"(0.875, 0.9722222222222222)",1,96.33333333333351,23178
"(0.9166666666666666, 0.9722222222222222)",1,96.33333333333351,23179
"(0.75, 0.9861111111111112)",1,96.33333333333351,23180
"(0.8611111111111112, 0.9861111111111112)",4,96.33333333333351,23184
"(0.8888888888888888, 0.9861111111111112)",1,96.33333333333351,23185
"(0.9861111111111112, 0.9722222222222222)",1,96.33333333333351,23186
"(0.6944444444444444, 0.9861111111111112)",1,96.3333333333335,23187
"(0.8333333333333334, 0.9722222222222222)",1,96.3333333333335,23188
"(0.9027777777777778, 0.9861111111111112)",1,96.3333333333335,23189
"(0.5277777777777778, 0.9861111111111112)",1,96.3333333333335,23190
"(0.8472222222222222, 0.9722222222222222)",1,96.3333333333335,23191
"(0.8888888888888888, 0.9722222222222222)",2,96.33333333333348,23193
"(0.7222222222222222, 0.9722222222222222)",1,96.33333333333348,23194
"(0.9027777777777778, 0.9861111111111112)",1,96.33333333333348,23195
"(0.8472222222222222, 0.9722222222222222)",1,96.33333333333348,23196
"(0.9305555555555556, 0.9861111111111112)",2,96.33333333333348,23198
"(0.7916666666666666, 0.9861111111111112)",1,96.33333333333348,23199
"(0.8611111111111112, 1.0)",1,96.33333333333348,23200
"(0.9166666666666666, 0.9722222222222222)",2,96.33333333333348,23202
"(0.875, 0.9583333333333334)",1,96.33333333333346,23203
"(0.8666666666666667, 1.0)",1,96.3333333333334,23204
"(0.9444444444444444, 1.0)",1,96.3333333333334,23205
"(0.8333333333333334, 0.9861111111111112)",1,96.3333333333334,23206
"(0.9333333333333332, 0.9833333333333332)",2,96.3333333333334,23208
"(0.868421052631579, 0.9649122807017544)",3,96.3333333333334,23211
"(0.8833333333333333, 0.9833333333333332)",1,96.3333333333334,23212
"(0.875, 1.0)",1,96.33333333333336,23213
"(0.7361111111111112, 0.9861111111111112)",1,96.33333333333336,23214
"(0.9166666666666666, 1.0)",1,96.33333333333336,23215
"(0.8333333333333334, 1.0)",2,96.33333333333336,23217
"(0.8666666666666667, 1.0)",1,96.33333333333336,23218
"(0.75, 1.0)",1,96.33333333333336,23219
"(0.9666666666666668, 1.0)",1,96.33333333333336,23220
"(0.868421052631579, 0.9736842105263158)",1,96.33333333333336,23221
"(0.8, 1.0)",2,96.33333333333334,23223
"(0.8166666666666667, 1.0)",1,96.33333333333334,23224
"(0.9166666666666666, 1.0)",2,96.33333333333334,23226
"(0.7916666666666666, 1.0)",2,96.33333333333331,23228
"(0.9166666666666666, 1.0)",1,96.33333333333331,23229
"(0.9444444444444444, 1.0)",2,96.33333333333331,23231
"(0.8833333333333333, 0.9666666666666668)",1,96.3333333333333,23232
"(0.85, 0.9875)",1,96.33333333333312,23233
"(0.9571428571428572, 0.9678571428571427)",1,96.33214285714278,23234
"(0.9178571428571428, 0.9642857142857144)",1,96.33214285714278,23235
"(0.9428571428571428, 0.975)",1,96.33214285714276,23236
"(0.9607142857142856, 0.9607142857142856)",3,96.33214285714276,23239
"(0.595945945945946, 0.975)",1,96.33006756756748,23240
"(0.8625, 0.9833333333333332)",2,96.32916666666664,23242
"(0.925, 0.975)",1,96.32916666666664,23243
"(0.9607142857142856, 0.9642857142857144)",1,96.3285714285714,23244
"(0.9285714285714286, 0.975)",1,96.32857142857138,23245
"(0.9571428571428572, 0.9678571428571427)",1,96.32857142857137,23246
"(0.9642857142857144, 0.9607142857142856)",1,96.32857142857132,23247
"(0.8837209302325582, 0.9767441860465116)",1,96.32558139534898,23248
"(0.872093023255814, 0.9767441860465116)",1,96.32558139534896,23249
"(0.6046511627906976, 0.9883720930232558)",1,96.32558139534896,23250
"(0.813953488372093, 0.9883720930232558)",1,96.32558139534892,23251
"(0.7093023255813954, 0.9767441860465116)",1,96.32558139534892,23252
"(0.7325581395348837, 0.9767441860465116)",1,96.3255813953489,23253
"(0.872093023255814, 1.0)",2,96.3255813953489,23255
"(0.8023255813953488, 0.9767441860465116)",1,96.32558139534888,23256
"(0.3372093023255814, 0.9883720930232558)",2,96.32558139534886,23258
"(0.813953488372093, 0.9767441860465116)",1,96.32558139534886,23259
"(0.8604651162790697, 0.9767441860465116)",1,96.32558139534883,23260
"(0.813953488372093, 0.9767441860465116)",1,96.32558139534882,23261
"(0.7906976744186046, 1.0)",1,96.3255813953488,23262
"(0.9302325581395348, 0.9651162790697676)",1,96.3255813953488,23263
"(0.872093023255814, 0.9651162790697676)",1,96.32558139534876,23264
"(0.8837209302325582, 0.9651162790697676)",2,96.32558139534866,23266
"(0.9302325581395348, 0.9534883720930232)",1,96.32558139534866,23267
"(0.8953488372093024, 0.9651162790697676)",1,96.32558139534866,23268
"(0.8837209302325582, 0.9651162790697676)",1,96.3255813953486,23269
"(0.8375, 0.9625)",1,96.32500000000012,23270
"(0.9571428571428572, 0.9714285714285714)",1,96.325,23271
"(0.8958333333333334, 0.9916666666666668)",1,96.32499999999996,23272
"(0.825, 0.975)",2,96.32499999999996,23274
"(0.95, 0.9958333333333332)",1,96.32499999999992,23275
"(0.8541666666666666, 0.9791666666666666)",1,96.32499999999992,23276
"(0.95, 0.9875)",1,96.32499999999992,23277
"(0.9035087719298246, 0.9649122807017544)",1,96.32456140350878,23278
"(0.8903508771929824, 0.9780701754385964)",6,96.32456140350878,23284
"(0.8439189189189189, 0.9766891891891892)",1,96.32297297297292,23285
"(0.7, 0.9678571428571427)",1,96.32142857142856,23286
"(0.9214285714285714, 0.975)",2,96.32142857142848,23288
"(0.9428571428571428, 0.9678571428571427)",3,96.32142857142848,23291
"(0.8571428571428571, 0.9642857142857144)",1,96.3214285714284,23292
"(0.9875, 0.9791666666666666)",1,96.32083333333335,23293
"(0.8875, 0.9958333333333332)",1,96.32083333333333,23294
"(0.8958333333333334, 0.9875)",1,96.32083333333333,23295
"(0.9208333333333332, 0.9875)",1,96.3208333333333,23296
"(0.9, 0.9833333333333332)",1,96.3208333333333,23297
"(0.8916666666666667, 0.9833333333333332)",2,96.3208333333333,23299
"(0.8958333333333334, 0.975)",1,96.3208333333333,23300
"(0.9208333333333332, 0.9875)",1,96.32083333333328,23301
"(0.925, 0.9541666666666668)",2,96.32083333333324,23303
"(0.9208333333333332, 0.9833333333333332)",1,96.32083333333324,23304
"(0.9083333333333332, 0.9916666666666668)",1,96.32083333333324,23305
"(0.9875, 0.9916666666666668)",2,96.32083333333324,23307
"(0.868421052631579, 0.9736842105263158)",6,96.3201754385966,23313
"(0.8289473684210527, 0.9736842105263158)",1,96.32017543859652,23314
"(0.7916666666666666, 0.9861111111111112)",1,96.31944444444464,23315
"(0.5416666666666666, 0.9861111111111112)",1,96.31944444444464,23316
"(0.75, 0.9722222222222222)",1,96.31944444444464,23317
"(0.9305555555555556, 0.9722222222222222)",1,96.31944444444464,23318
"(0.7222222222222222, 0.9722222222222222)",1,96.31944444444464,23319
"(0.9166666666666666, 0.9722222222222222)",1,96.3194444444446,23320
"(0.8055555555555556, 0.9861111111111112)",1,96.3194444444446,23321
"(0.8472222222222222, 0.9722222222222222)",2,96.3194444444446,23323
"(0.8333333333333334, 0.9722222222222222)",1,96.3194444444446,23324
"(0.9027777777777778, 0.9861111111111112)",1,96.3194444444446,23325
"(0.9027777777777778, 0.9861111111111112)",1,96.3194444444446,23326
"(0.8611111111111112, 0.9722222222222222)",3,96.3194444444446,23329
"(0.875, 0.9722222222222222)",3,96.3194444444446,23332
"(0.8333333333333334, 0.9861111111111112)",1,96.3194444444446,23333
"(0.8333333333333334, 0.9861111111111112)",1,96.31944444444458,23334
"(0.7916666666666666, 0.9722222222222222)",1,96.31944444444458,23335
"(0.6805555555555556, 0.9861111111111112)",1,96.31944444444458,23336
"(0.875, 0.9861111111111112)",2,96.31944444444456,23338
"(0.8333333333333334, 1.0)",1,96.31944444444456,23339
"(0.9444444444444444, 0.9861111111111112)",1,96.31944444444456,23340
"(0.9027777777777778, 0.9861111111111112)",2,96.31944444444456,23342
"(0.8611111111111112, 0.9861111111111112)",1,96.31944444444456,23343
"(0.9027777777777778, 0.9861111111111112)",1,96.31944444444454,23344
"(0.7361111111111112, 0.9861111111111112)",1,96.31944444444454,23345
"(0.8472222222222222, 0.9722222222222222)",1,96.31944444444454,23346
"(0.8333333333333334, 0.9861111111111112)",1,96.31944444444454,23347
"(0.9444444444444444, 1.0)",1,96.31944444444451,23348
"(0.9444444444444444, 1.0)",1,96.31944444444446,23349
"(0.9305555555555556, 1.0)",1,96.31944444444444,23350
"(0.9305555555555556, 1.0)",1,96.31944444444444,23351
"(0.7543918918918919, 0.9766891891891892)",1,96.31858108108096,23352
"(0.8964285714285715, 0.9714285714285714)",1,96.31785714285708,23353
"(0.9607142857142856, 0.9642857142857144)",3,96.31785714285704,23356
"(0.9571428571428572, 0.9678571428571427)",1,96.31785714285702,23357
"(0.5689189189189189, 0.981418918918919)",1,96.3175675675676,23358
"(0.9166666666666666, 1.0)",1,96.31666666666676,23359
"(0.9333333333333332, 1.0)",1,96.31666666666672,23360
"(0.7833333333333333, 1.0)",1,96.31666666666672,23361
"(0.7666666666666667, 0.9833333333333332)",2,96.31666666666672,23363
"(0.95, 1.0)",1,96.31666666666668,23364
"(0.95, 0.9833333333333332)",1,96.31666666666668,23365
"(0.8833333333333333, 1.0)",1,96.31666666666668,23366
"(0.9166666666666666, 1.0)",1,96.31666666666668,23367
"(0.8666666666666667, 1.0)",1,96.31666666666666,23368
"(1.0, 1.0)",3,96.31666666666666,23371
"(0.85, 1.0)",3,96.31666666666666,23374
"(0.9375, 0.9916666666666668)",1,96.31666666666663,23375
"(0.9416666666666668, 0.9916666666666668)",1,96.3166666666666,23376
"(0.8449324324324324, 0.9763513513513512)",1,96.31621621621618,23377
"(0.6096491228070176, 0.9780701754385964)",1,96.31578947368432,23378
"(0.868421052631579, 0.9736842105263158)",1,96.31578947368426,23379
"(0.9298245614035088, 0.9649122807017544)",1,96.31578947368423,23380
"(0.8640350877192983, 0.9692982456140352)",3,96.31578947368423,23383
"(0.9535714285714286, 0.9607142857142856)",1,96.31428571428566,23384
"(0.9642857142857144, 0.9642857142857144)",1,96.3142857142856,23385
"(0.9321428571428572, 0.9642857142857144)",1,96.3142857142856,23386
"(0.7558139534883721, 0.9767441860465116)",1,96.31395348837226,23387
"(0.8837209302325582, 0.9767441860465116)",1,96.31395348837223,23388
"(0.9418604651162792, 0.9767441860465116)",1,96.3139534883722,23389
"(0.5697674418604651, 0.9883720930232558)",1,96.31395348837216,23390
"(0.8023255813953488, 0.9767441860465116)",1,96.31395348837212,23391
"(0.8372093023255814, 0.9651162790697676)",1,96.31395348837212,23392
"(0.813953488372093, 0.9651162790697676)",1,96.31395348837208,23393
"(0.627906976744186, 1.0)",1,96.31395348837208,23394
"(0.8837209302325582, 0.9651162790697676)",4,96.31395348837192,23398
"(0.872093023255814, 0.9651162790697676)",1,96.31395348837192,23399
"(0.7441860465116279, 0.9534883720930232)",1,96.31395348837192,23400
"(0.9302325581395348, 0.9651162790697676)",3,96.31395348837192,23403
"(0.7425675675675676, 0.9736486486486486)",1,96.31283783783788,23404
"(0.9458333333333332, 0.9708333333333332)",1,96.31249999999996,23405
"(0.635472972972973, 0.9766891891891892)",1,96.31249999999991,23406
"(0.9078947368421052, 0.9605263157894736)",3,96.31140350877205,23409
"(0.9464285714285714, 0.9714285714285714)",1,96.31071428571424,23410
"(0.9571428571428572, 0.9607142857142856)",1,96.31071428571424,23411
"(0.9464285714285714, 0.975)",1,96.3107142857142,23412
"(0.9166666666666666, 0.9708333333333332)",1,96.30833333333334,23413
"(0.9125, 0.9708333333333332)",1,96.30833333333332,23414
"(0.9875, 0.8583333333333333)",1,96.30833333333332,23415
"(0.9708333333333332, 0.9875)",1,96.30833333333328,23416
"(0.8625, 0.9875)",1,96.30833333333328,23417
"(0.9875, 0.975)",1,96.30833333333328,23418
"(0.8625, 0.9875)",2,96.30833333333317,23420
"(0.9464285714285714, 0.9678571428571427)",1,96.30714285714282,23421
"(0.9392857142857144, 0.975)",3,96.30714285714278,23424
"(0.7875, 0.975)",1,96.30709459459452,23425
"(0.7638513513513514, 0.9787162162162162)",1,96.30641891891894,23426
"(0.8885135135135135, 0.975)",1,96.30641891891872,23427
"(0.8773648648648649, 0.9719594594594596)",1,96.30608108108105,23428
"(0.839527027027027, 0.977027027027027)",1,96.30574324324311,23429
"(0.7916666666666666, 0.9722222222222222)",1,96.30555555555578,23430
"(0.6944444444444444, 0.9861111111111112)",1,96.30555555555576,23431
"(0.875, 0.9861111111111112)",1,96.30555555555574,23432
"(0.5416666666666666, 0.9861111111111112)",1,96.30555555555574,23433
"(0.7222222222222222, 0.9722222222222222)",1,96.30555555555574,23434
"(0.8194444444444444, 0.9861111111111112)",1,96.30555555555574,23435
"(0.9305555555555556, 0.9722222222222222)",1,96.30555555555574,23436
"(0.8472222222222222, 0.9583333333333334)",1,96.30555555555574,23437
"(0.625, 0.9722222222222222)",1,96.30555555555571,23438
"(0.7222222222222222, 0.9861111111111112)",1,96.30555555555571,23439
"(0.8472222222222222, 0.9722222222222222)",4,96.30555555555571,23443
"(0.8194444444444444, 0.9722222222222222)",1,96.30555555555571,23444
"(0.8611111111111112, 0.9722222222222222)",1,96.30555555555571,23445
"(0.9166666666666666, 0.9722222222222222)",1,96.30555555555571,23446
"(0.875, 0.9861111111111112)",2,96.30555555555571,23448
"(0.8611111111111112, 0.9722222222222222)",2,96.30555555555571,23450
"(0.8888888888888888, 0.9861111111111112)",1,96.30555555555571,23451
"(0.9027777777777778, 0.9722222222222222)",1,96.30555555555571,23452
"(0.9027777777777778, 1.0)",1,96.30555555555571,23453
"(0.8194444444444444, 0.9722222222222222)",1,96.30555555555571,23454
"(0.7916666666666666, 0.9861111111111112)",1,96.30555555555571,23455
"(0.8333333333333334, 0.9861111111111112)",2,96.30555555555571,23457
"(0.8472222222222222, 0.9722222222222222)",1,96.3055555555557,23458
"(0.8611111111111112, 0.9861111111111112)",1,96.3055555555557,23459
"(0.9027777777777778, 0.9722222222222222)",1,96.3055555555557,23460
"(0.8888888888888888, 0.9722222222222222)",1,96.3055555555557,23461
"(0.875, 0.9722222222222222)",1,96.3055555555557,23462
"(0.8611111111111112, 0.9861111111111112)",2,96.30555555555569,23464
"(0.8055555555555556, 0.9722222222222222)",1,96.30555555555569,23465
"(0.9166666666666666, 0.9861111111111112)",1,96.30555555555569,23466
"(0.875, 0.9722222222222222)",1,96.30555555555566,23467
"(0.8472222222222222, 0.9861111111111112)",1,96.30555555555566,23468
"(0.75, 1.0)",1,96.30555555555566,23469
"(0.8611111111111112, 1.0)",1,96.30555555555564,23470
"(0.8333333333333334, 0.9722222222222222)",1,96.3055555555556,23471
"(0.7083333333333334, 1.0)",1,96.30555555555556,23472
"(0.825, 0.9916666666666668)",1,96.30416666666667,23473
"(0.9166666666666666, 0.9875)",1,96.30416666666665,23474
"(0.9375, 0.9916666666666668)",1,96.3041666666666,23475
"(0.525, 0.979054054054054)",1,96.30405405405416,23476
"(0.9107142857142856, 0.9714285714285714)",1,96.30357142857144,23477
"(0.9071428571428573, 0.975)",3,96.3035714285714,23480
"(0.9428571428571428, 0.9678571428571427)",1,96.3035714285713,23481
"(0.9535714285714286, 0.9642857142857144)",1,96.30357142857126,23482
"(0.8464912280701754, 0.9736842105263158)",1,96.30263157894748,23483
"(0.8837209302325582, 0.9883720930232558)",1,96.30232558139548,23484
"(0.7674418604651163, 1.0)",1,96.30232558139548,23485
"(0.5465116279069767, 0.9767441860465116)",1,96.30232558139546,23486
"(0.8953488372093024, 0.9767441860465116)",1,96.30232558139544,23487
"(0.872093023255814, 0.9767441860465116)",1,96.30232558139544,23488
"(0.8255813953488372, 0.9767441860465116)",2,96.30232558139544,23490
"(0.813953488372093, 0.9767441860465116)",1,96.30232558139542,23491
"(0.9418604651162792, 0.9883720930232558)",1,96.3023255813954,23492
"(0.8023255813953488, 0.9651162790697676)",1,96.30232558139537,23493
"(0.6162790697674418, 0.9883720930232558)",1,96.3023255813953,23494
"(0.872093023255814, 0.9651162790697676)",1,96.30232558139518,23495
"(0.8953488372093024, 0.9651162790697676)",1,96.30232558139518,23496
"(0.8488372093023255, 0.9651162790697676)",1,96.30232558139514,23497
"(0.8953488372093024, 0.9651162790697676)",1,96.30232558139512,23498
"(0.7496621621621622, 0.9743243243243244)",1,96.30101351351348,23499
"(0.9666666666666668, 0.9833333333333332)",1,96.30000000000008,23500
"(0.9333333333333332, 0.9833333333333332)",1,96.30000000000008,23501
"(0.8166666666666667, 1.0)",1,96.30000000000004,23502
"(0.8666666666666667, 1.0)",1,96.30000000000004,23503
"(0.7333333333333333, 1.0)",1,96.30000000000004,23504
"(0.9166666666666666, 1.0)",1,96.30000000000004,23505
"(0.8833333333333333, 1.0)",1,96.30000000000004,23506
"(0.95, 0.9791666666666666)",1,96.30000000000004,23507
"(0.8166666666666667, 1.0)",1,96.30000000000004,23508
"(0.9833333333333332, 1.0)",1,96.3,23509
"(0.95, 1.0)",1,96.3,23510
"(1.0, 1.0)",1,96.3,23511
"(0.9583333333333334, 0.9916666666666668)",1,96.3,23512
"(0.8166666666666667, 1.0)",1,96.3,23513
"(0.8833333333333333, 1.0)",1,96.3,23514
"(0.9333333333333332, 1.0)",1,96.3,23515
"(0.8, 1.0)",1,96.3,23516
"(0.9357142857142856, 0.9678571428571427)",1,96.29999999999995,23517
"(0.9571428571428572, 0.975)",1,96.29999999999995,23518
"(0.9392857142857144, 0.9678571428571427)",1,96.29999999999994,23519
"(0.9625, 0.975)",1,96.29999999999993,23520
"(0.9291666666666668, 0.9791666666666666)",1,96.29999999999993,23521
"(0.9, 0.975)",1,96.29999999999993,23522
"(0.9375, 0.9916666666666668)",1,96.29999999999986,23523
"(0.868421052631579, 0.9824561403508772)",1,96.29824561403518,23524
"(0.8357142857142857, 0.9714285714285714)",1,96.2964285714286,23525
"(0.925, 0.9678571428571427)",1,96.2964285714286,23526
"(0.9607142857142856, 0.9678571428571427)",1,96.29642857142856,23527
"(0.95, 0.9678571428571427)",1,96.29642857142856,23528
"(0.9535714285714286, 0.9678571428571427)",1,96.29642857142854,23529
"(0.925, 0.9678571428571427)",1,96.29642857142852,23530
"(0.9428571428571428, 0.9642857142857144)",1,96.29642857142844,23531
"(0.8928571428571429, 0.9642857142857144)",1,96.2964285714284,23532
"(0.95, 0.9791666666666666)",2,96.29583333333338,23534
"(0.8958333333333334, 0.9916666666666668)",1,96.29583333333328,23535
"(0.9583333333333334, 0.9666666666666668)",1,96.29583333333326,23536
"(0.8947368421052632, 0.9649122807017544)",3,96.29385964912288,23539
"(0.9714285714285714, 0.9714285714285714)",1,96.29285714285714,23540
"(0.9392857142857144, 0.975)",1,96.29285714285714,23541
"(0.9142857142857144, 0.9607142857142856)",1,96.29285714285712,23542
"(0.8194444444444444, 0.9722222222222222)",1,96.29166666666688,23543
"(0.875, 0.9722222222222222)",1,96.29166666666688,23544
"(0.8888888888888888, 0.9722222222222222)",1,96.29166666666688,23545
"(0.9166666666666666, 0.9861111111111112)",1,96.29166666666688,23546
"(0.7222222222222222, 0.9722222222222222)",1,96.29166666666686,23547
"(0.7638888888888888, 0.9861111111111112)",1,96.29166666666684,23548
"(0.7638888888888888, 0.9861111111111112)",1,96.29166666666684,23549
"(0.7083333333333334, 1.0)",2,96.29166666666684,23551
"(0.8194444444444444, 0.9861111111111112)",1,96.29166666666684,23552
"(0.8333333333333334, 0.9722222222222222)",1,96.29166666666684,23553
"(0.875, 0.9861111111111112)",1,96.29166666666684,23554
"(0.8888888888888888, 0.9861111111111112)",1,96.29166666666684,23555
"(0.8611111111111112, 0.9583333333333334)",1,96.29166666666684,23556
"(0.8472222222222222, 0.9722222222222222)",1,96.29166666666684,23557
"(0.7916666666666666, 0.9861111111111112)",1,96.29166666666684,23558
"(0.7361111111111112, 0.9722222222222222)",1,96.29166666666684,23559
"(0.7222222222222222, 0.9861111111111112)",2,96.29166666666684,23561
"(0.8472222222222222, 1.0)",1,96.2916666666668,23562
"(0.8333333333333334, 0.9861111111111112)",1,96.2916666666668,23563
"(0.9305555555555556, 0.9722222222222222)",1,96.2916666666668,23564
"(0.8055555555555556, 0.9861111111111112)",1,96.2916666666668,23565
"(0.8333333333333334, 0.9722222222222222)",2,96.2916666666668,23567
"(0.75, 0.9861111111111112)",1,96.2916666666668,23568
"(0.8611111111111112, 0.9861111111111112)",2,96.2916666666668,23570
"(0.8888888888888888, 0.9722222222222222)",1,96.2916666666668,23571
"(0.5, 0.9861111111111112)",1,96.2916666666668,23572
"(0.8611111111111112, 0.9861111111111112)",1,96.29166666666674,23573
"(0.7777777777777778, 1.0)",1,96.29166666666669,23574
"(0.5972222222222222, 1.0)",1,96.29166666666666,23575
"(0.9166666666666666, 0.9666666666666668)",1,96.29166666666664,23576
"(0.8666666666666667, 0.9875)",1,96.29166666666664,23577
"(0.9291666666666668, 0.9916666666666668)",1,96.29166666666649,23578
"(0.7807432432432433, 0.9733108108108108)",1,96.29087837837837,23579
"(0.9418604651162792, 0.9767441860465116)",1,96.29069767441877,23580
"(0.6976744186046512, 0.9767441860465116)",1,96.29069767441872,23581
"(0.8953488372093024, 0.9767441860465116)",1,96.29069767441868,23582
"(0.8604651162790697, 0.9767441860465116)",2,96.29069767441868,23584
"(0.9302325581395348, 0.9767441860465116)",1,96.29069767441864,23585
"(0.627906976744186, 0.9883720930232558)",1,96.29069767441864,23586
"(0.8604651162790697, 0.9767441860465116)",1,96.2906976744186,23587
"(0.8372093023255814, 0.9651162790697676)",1,96.29069767441857,23588
"(0.8953488372093024, 0.9651162790697676)",1,96.29069767441833,23589
"(0.6260135135135135, 0.9783783783783784)",1,96.28986486486497,23590
"(0.8245614035087719, 0.9780701754385964)",1,96.28947368421062,23591
"(0.8552631578947368, 0.9824561403508772)",3,96.2894736842106,23594
"(0.875, 0.9642857142857144)",1,96.2892857142857,23595
"(0.9333333333333332, 0.9833333333333332)",1,96.28749999999992,23596
"(0.8791666666666667, 0.9916666666666668)",1,96.28749999999988,23597
"(0.9428571428571428, 0.9714285714285714)",1,96.2857142857143,23598
"(0.4285714285714285, 0.9714285714285714)",1,96.28571428571428,23599
"(0.9464285714285714, 0.9678571428571427)",1,96.28571428571428,23600
"(0.7412280701754386, 0.9780701754385964)",1,96.28508771929832,23601
"(0.7149122807017544, 0.9649122807017544)",1,96.28508771929828,23602
"(0.7105263157894737, 0.9912280701754386)",1,96.28508771929822,23603
"(0.9078947368421052, 0.9649122807017544)",1,96.28508771929818,23604
"(0.8510135135135135, 0.970945945945946)",1,96.28378378378382,23605
"(0.8333333333333334, 0.9666666666666668)",1,96.28333333333346,23606
"(0.9333333333333332, 1.0)",1,96.28333333333345,23607
"(0.9, 1.0)",1,96.28333333333342,23608
"(0.9, 0.9833333333333332)",1,96.28333333333342,23609
"(0.9333333333333332, 0.9833333333333332)",1,96.2833333333334,23610
"(0.9791666666666666, 0.9791666666666666)",2,96.28333333333336,23612
"(0.9166666666666666, 1.0)",1,96.28333333333336,23613
"(0.85, 1.0)",1,96.28333333333332,23614
"(0.75, 1.0)",1,96.28333333333332,23615
"(1.0, 1.0)",1,96.28333333333332,23616
"(0.8, 1.0)",1,96.28333333333332,23617
"(0.7333333333333333, 1.0)",1,96.28333333333332,23618
"(0.9666666666666668, 1.0)",4,96.28333333333332,23622
"(0.8352941176470589, 0.976470588235294)",1,96.28235294117631,23623
"(0.9392857142857144, 0.9714285714285714)",1,96.2821428571429,23624
"(0.9392857142857144, 0.975)",1,96.28214285714286,23625
"(0.8678571428571429, 0.9642857142857144)",1,96.28214285714284,23626
"(0.9035714285714286, 0.9678571428571427)",1,96.28214285714282,23627
"(0.9392857142857144, 0.9678571428571427)",1,96.2821428571428,23628
"(0.8714285714285714, 0.9714285714285714)",1,96.2821428571428,23629
"(0.9428571428571428, 0.9642857142857144)",1,96.28214285714265,23630
"(0.5192567567567568, 0.981081081081081)",1,96.28175675675688,23631
"(0.9208333333333332, 0.975)",1,96.27916666666668,23632
"(0.9416666666666668, 0.9875)",1,96.27916666666664,23633
"(0.9208333333333332, 0.9666666666666668)",2,96.27916666666664,23635
"(0.8791666666666667, 0.9916666666666668)",1,96.27916666666648,23636
"(0.9418604651162792, 0.9883720930232558)",1,96.279069767442,23637
"(0.8604651162790697, 0.9767441860465116)",1,96.279069767442,23638
"(0.8372093023255814, 0.9767441860465116)",1,96.27906976744198,23639
"(0.9302325581395348, 0.9767441860465116)",2,96.27906976744198,23641
"(0.9302325581395348, 0.9767441860465116)",1,96.27906976744195,23642
"(0.8837209302325582, 0.9767441860465116)",1,96.27906976744194,23643
"(0.8372093023255814, 0.9767441860465116)",1,96.27906976744192,23644
"(0.4883720930232558, 0.9883720930232558)",1,96.2790697674419,23645
"(0.7441860465116279, 0.9651162790697676)",2,96.2790697674418,23647
"(0.8837209302325582, 0.9767441860465116)",2,96.27906976744178,23649
"(0.9302325581395348, 0.9534883720930232)",1,96.27906976744175,23650
"(0.7906976744186046, 0.9651162790697676)",1,96.27906976744174,23651
"(0.872093023255814, 0.9651162790697676)",1,96.2790697674417,23652
"(0.8837209302325582, 0.9651162790697676)",1,96.27906976744168,23653
"(0.9302325581395348, 0.9651162790697676)",1,96.27906976744168,23654
"(0.8953488372093024, 0.9651162790697676)",6,96.27906976744168,23660
"(0.9302325581395348, 0.9651162790697676)",1,96.27906976744164,23661
"(0.8953488372093024, 0.9651162790697676)",1,96.27906976744164,23662
"(0.9392857142857144, 0.9678571428571427)",1,96.27857142857138,23663
"(0.9428571428571428, 0.975)",1,96.27857142857138,23664
"(0.7392857142857143, 0.9642857142857144)",6,96.27857142857135,23670
"(0.875, 0.9722222222222222)",1,96.277777777778,23671
"(0.8611111111111112, 0.9722222222222222)",1,96.27777777777798,23672
"(0.9583333333333334, 0.9722222222222222)",1,96.27777777777796,23673
"(0.8472222222222222, 0.9722222222222222)",1,96.27777777777796,23674
"(0.9305555555555556, 1.0)",1,96.27777777777796,23675
"(0.875, 0.9722222222222222)",1,96.27777777777796,23676
"(0.9166666666666666, 0.9722222222222222)",1,96.27777777777794,23677
"(0.875, 0.9722222222222222)",1,96.27777777777794,23678
"(0.9861111111111112, 0.9722222222222222)",4,96.27777777777794,23682
"(0.9444444444444444, 0.9583333333333334)",1,96.27777777777794,23683
"(0.8194444444444444, 0.9861111111111112)",1,96.27777777777794,23684
"(0.9027777777777778, 0.9722222222222222)",1,96.27777777777791,23685
"(0.9166666666666666, 0.9861111111111112)",1,96.27777777777791,23686
"(0.875, 0.9722222222222222)",1,96.27777777777791,23687
"(0.9861111111111112, 0.9722222222222222)",1,96.27777777777791,23688
"(0.8194444444444444, 0.9861111111111112)",1,96.27777777777791,23689
"(0.5972222222222222, 0.9861111111111112)",1,96.2777777777779,23690
"(0.8611111111111112, 1.0)",2,96.2777777777779,23692
"(0.8611111111111112, 1.0)",1,96.27777777777789,23693
"(0.9305555555555556, 0.9861111111111112)",1,96.27777777777789,23694
"(0.8888888888888888, 0.9861111111111112)",1,96.27777777777789,23695
"(0.8194444444444444, 1.0)",1,96.27777777777784,23696
"(0.7083333333333334, 1.0)",2,96.2777777777778,23698
"(0.875, 1.0)",2,96.27777777777776,23700
"(0.53, 0.98375)",1,96.27750000000002,23701
"(0.8771929824561403, 0.9780701754385964)",2,96.27631578947376,23703
"(0.8625, 0.975)",1,96.27499999999998,23704
"(0.9166666666666666, 0.9666666666666668)",1,96.27499999999996,23705
"(0.925, 0.9625)",1,96.27499999999996,23706
"(0.9208333333333332, 0.9875)",1,96.27499999999984,23707
"(0.8662162162162163, 0.972972972972973)",1,96.27432432432428,23708
"(0.7763513513513514, 0.9756756756756756)",1,96.2743243243242,23709
"(0.7719298245614035, 0.9692982456140352)",1,96.27192982456148,23710
"(0.881578947368421, 0.9736842105263158)",1,96.27192982456144,23711
"(0.8552631578947368, 0.9649122807017544)",1,96.2719298245614,23712
"(0.9607142857142856, 0.9678571428571427)",2,96.27142857142852,23714
"(0.925, 0.9642857142857144)",1,96.2714285714284,23715
"(0.95, 0.9875)",1,96.2708333333333,23716
"(0.9208333333333332, 0.9875)",1,96.27083333333329,23717
"(0.9875, 0.9958333333333332)",3,96.27083333333324,23720
"(0.8513513513513513, 0.9733108108108108)",1,96.2702702702703,23721
"(0.7256756756756757, 0.9783783783783784)",1,96.26993243243238,23722
"(0.9607142857142856, 0.9678571428571427)",1,96.26785714285712,23723
"(0.95, 0.9678571428571427)",1,96.26785714285712,23724
"(0.9357142857142856, 0.9607142857142856)",3,96.2678571428571,23727
"(0.9178571428571428, 0.9642857142857144)",2,96.26785714285708,23729
"(0.9607142857142856, 0.9857142857142858)",1,96.26785714285708,23730
"(0.9607142857142856, 0.9642857142857144)",1,96.26785714285708,23731
"(0.7894736842105263, 0.9736842105263158)",1,96.26754385964918,23732
"(0.7894736842105263, 0.9780701754385964)",6,96.26754385964914,23738
"(0.8552631578947368, 0.9912280701754386)",3,96.26754385964912,23741
"(0.7674418604651163, 0.9767441860465116)",1,96.2674418604653,23742
"(0.5930232558139535, 1.0)",1,96.2674418604652,23743
"(0.9534883720930232, 0.9767441860465116)",1,96.2674418604652,23744
"(0.8255813953488372, 0.9767441860465116)",1,96.2674418604652,23745
"(0.6744186046511628, 0.9651162790697676)",1,96.26744186046513,23746
"(0.7209302325581395, 0.9767441860465116)",1,96.2674418604651,23747
"(0.7325581395348837, 0.9767441860465116)",1,96.26744186046508,23748
"(0.7325581395348837, 0.9651162790697676)",1,96.267441860465,23749
"(0.4767441860465116, 0.9767441860465116)",1,96.26744186046494,23750
"(0.6046511627906976, 0.9651162790697676)",1,96.26744186046491,23751
"(0.9302325581395348, 0.9651162790697676)",1,96.2674418604649,23752
"(0.95, 0.9833333333333332)",1,96.26666666666674,23753
"(0.9333333333333332, 0.9833333333333332)",1,96.26666666666674,23754
"(0.8666666666666667, 0.9833333333333332)",2,96.26666666666674,23756
"(0.85, 0.9833333333333332)",1,96.26666666666674,23757
"(0.8833333333333333, 0.9833333333333332)",3,96.26666666666674,23760
"(0.8666666666666667, 1.0)",2,96.26666666666672,23762
"(0.7666666666666667, 1.0)",2,96.26666666666672,23764
"(0.95, 1.0)",1,96.2666666666667,23765
"(0.7666666666666667, 1.0)",1,96.26666666666668,23766
"(0.8333333333333334, 1.0)",1,96.26666666666668,23767
"(0.7833333333333333, 1.0)",1,96.26666666666668,23768
"(0.9333333333333332, 1.0)",1,96.26666666666668,23769
"(0.8916666666666667, 0.9666666666666668)",1,96.26666666666668,23770
"(1.0, 1.0)",2,96.26666666666668,23772
"(0.9666666666666668, 1.0)",1,96.26666666666668,23773
"(0.9208333333333332, 0.975)",1,96.26666666666664,23774
"(0.9416666666666668, 0.9916666666666668)",1,96.26666666666658,23775
"(0.8625, 0.9916666666666668)",1,96.26666666666654,23776
"(0.7712837837837838, 0.9756756756756756)",1,96.26655405405404,23777
"(0.9535714285714286, 0.975)",1,96.26428571428568,23778
"(0.9392857142857144, 0.9714285714285714)",1,96.26428571428563,23779
"(0.9464285714285714, 0.9678571428571427)",1,96.26428571428563,23780
"(0.8928571428571429, 0.9607142857142856)",1,96.2642857142856,23781
"(0.7916666666666666, 0.9861111111111112)",2,96.2638888888891,23783
"(0.9444444444444444, 0.9722222222222222)",1,96.26388888888908,23784
"(0.8888888888888888, 0.9861111111111112)",1,96.26388888888908,23785
"(0.7222222222222222, 0.9861111111111112)",1,96.26388888888908,23786
"(0.8888888888888888, 0.9722222222222222)",1,96.26388888888908,23787
"(0.8333333333333334, 0.9722222222222222)",2,96.26388888888908,23789
"(0.875, 0.9722222222222222)",1,96.26388888888908,23790
"(0.6388888888888888, 0.9722222222222222)",1,96.26388888888908,23791
"(0.8472222222222222, 0.9722222222222222)",1,96.26388888888908,23792
"(0.8611111111111112, 0.9722222222222222)",1,96.26388888888908,23793
"(0.8888888888888888, 0.9861111111111112)",3,96.26388888888906,23796
"(0.8611111111111112, 0.9583333333333334)",1,96.26388888888906,23797
"(0.6944444444444444, 0.9722222222222222)",1,96.26388888888906,23798
"(0.8055555555555556, 0.9861111111111112)",1,96.26388888888906,23799
"(0.7638888888888888, 0.9861111111111112)",1,96.26388888888906,23800
"(0.8888888888888888, 0.9583333333333334)",1,96.26388888888904,23801
"(0.5555555555555556, 0.9861111111111112)",1,96.26388888888904,23802
"(0.625, 0.9861111111111112)",1,96.26388888888904,23803
"(0.8611111111111112, 0.9722222222222222)",1,96.26388888888904,23804
"(0.9444444444444444, 0.9861111111111112)",2,96.26388888888904,23806
"(0.8333333333333334, 0.9722222222222222)",1,96.26388888888904,23807
"(0.6944444444444444, 0.9861111111111112)",1,96.26388888888904,23808
"(0.7083333333333334, 0.9861111111111112)",1,96.26388888888904,23809
"(0.875, 1.0)",2,96.263888888889,23811
"(0.9305555555555556, 0.9861111111111112)",1,96.263888888889,23812
"(0.8888888888888888, 0.9861111111111112)",1,96.26388888888896,23813
"(0.9305555555555556, 1.0)",1,96.26388888888896,23814
"(0.7361111111111112, 1.0)",1,96.26388888888894,23815
"(0.875, 1.0)",1,96.26388888888894,23816
"(0.8888888888888888, 1.0)",1,96.26388888888894,23817
"(0.9027777777777778, 1.0)",1,96.26388888888894,23818
"(0.9444444444444444, 1.0)",1,96.26388888888891,23819
"(0.7361111111111112, 1.0)",2,96.26388888888889,23821
"(0.8377192982456141, 0.9780701754385964)",3,96.26315789473692,23824
"(0.9833333333333332, 0.9458333333333332)",1,96.26249999999996,23825
"(0.9833333333333332, 0.8666666666666667)",1,96.26249999999996,23826
"(0.9, 0.975)",1,96.26249999999992,23827
"(0.5739864864864865, 0.9841216216216216)",1,96.25945945945948,23828
"(0.8464912280701754, 0.9736842105263158)",1,96.25877192982466,23829
"(0.868421052631579, 0.9649122807017544)",3,96.25877192982462,23832
"(0.881578947368421, 0.9649122807017544)",3,96.2587719298246,23835
"(0.912280701754386, 0.9649122807017544)",3,96.2587719298246,23838
"(0.9298245614035088, 0.9649122807017544)",1,96.25877192982456,23839
"(0.8958333333333334, 0.9541666666666668)",2,96.2583333333333,23841
"(0.9458333333333332, 0.9833333333333332)",1,96.25833333333328,23842
"(0.8875, 0.9833333333333332)",1,96.25833333333328,23843
"(0.8857142857142857, 0.9678571428571427)",1,96.2571428571428,23844
"(0.5465116279069767, 0.9767441860465116)",1,96.25581395348854,23845
"(0.9302325581395348, 0.9767441860465116)",1,96.25581395348853,23846
"(0.7906976744186046, 0.9767441860465116)",1,96.2558139534885,23847
"(0.8023255813953488, 0.9767441860465116)",1,96.2558139534885,23848
"(0.8372093023255814, 0.9767441860465116)",1,96.25581395348848,23849
"(0.8953488372093024, 0.9767441860465116)",3,96.25581395348844,23852
"(0.7906976744186046, 1.0)",1,96.25581395348844,23853
"(0.8372093023255814, 0.9651162790697676)",1,96.2558139534884,23854
"(0.7906976744186046, 0.9651162790697676)",1,96.25581395348836,23855
"(0.872093023255814, 0.9651162790697676)",1,96.2558139534882,23856
"(0.8488372093023255, 0.9651162790697676)",2,96.2558139534882,23858
"(0.8953488372093024, 0.9651162790697676)",1,96.25581395348816,23859
"(0.8070175438596491, 0.9824561403508772)",3,96.25438596491234,23862
"(0.8245614035087719, 0.9692982456140352)",1,96.2543859649123,23863
"(0.8714285714285714, 0.9714285714285714)",1,96.2535714285715,23864
"(0.95, 0.9642857142857144)",1,96.25357142857136,23865
"(0.9571428571428572, 0.9607142857142856)",3,96.25357142857132,23868
"(0.9678571428571427, 0.9607142857142856)",1,96.25357142857123,23869
"(0.5800675675675676, 0.9780405405405406)",1,96.25236486486486,23870
"(0.5277777777777778, 0.9722222222222222)",1,96.2500000000002,23871
"(0.6944444444444444, 0.9722222222222222)",1,96.2500000000002,23872
"(0.8611111111111112, 0.9722222222222222)",1,96.2500000000002,23873
"(0.7083333333333334, 0.9861111111111112)",1,96.2500000000002,23874
"(0.9027777777777778, 0.9861111111111112)",1,96.2500000000002,23875
"(0.9305555555555556, 0.9722222222222222)",1,96.2500000000002,23876
"(0.8472222222222222, 0.9861111111111112)",1,96.25000000000018,23877
"(0.8611111111111112, 0.9861111111111112)",1,96.25000000000018,23878
"(0.75, 0.9583333333333334)",1,96.25000000000016,23879
"(0.8888888888888888, 0.9861111111111112)",2,96.25000000000016,23881
"(0.8611111111111112, 0.9861111111111112)",1,96.25000000000016,23882
"(0.9305555555555556, 0.9722222222222222)",1,96.25000000000016,23883
"(0.9027777777777778, 0.9722222222222222)",1,96.25000000000016,23884
"(0.7638888888888888, 0.9722222222222222)",1,96.25000000000016,23885
"(0.8333333333333334, 0.9722222222222222)",1,96.25000000000016,23886
"(0.6944444444444444, 0.9722222222222222)",1,96.25000000000016,23887
"(0.875, 0.9722222222222222)",1,96.25000000000016,23888
"(0.8611111111111112, 0.9722222222222222)",1,96.25000000000016,23889
"(0.8611111111111112, 0.9722222222222222)",1,96.25000000000016,23890
"(0.9027777777777778, 0.9722222222222222)",1,96.25000000000014,23891
"(0.9027777777777778, 0.9861111111111112)",1,96.25000000000014,23892
"(0.625, 0.9861111111111112)",1,96.25000000000011,23893
"(0.6096491228070176, 0.9824561403508772)",1,96.2500000000001,23894
"(0.8333333333333334, 1.0)",1,96.2500000000001,23895
"(0.9333333333333332, 1.0)",2,96.25000000000009,23897
"(0.9, 1.0)",1,96.25000000000009,23898
"(0.9166666666666666, 0.9833333333333332)",2,96.25000000000009,23900
"(0.9027777777777778, 0.9722222222222222)",1,96.25000000000009,23901
"(0.8166666666666667, 0.9833333333333332)",1,96.25000000000009,23902
"(0.8472222222222222, 1.0)",1,96.25000000000009,23903
"(0.8833333333333333, 0.95)",1,96.25000000000009,23904
"(1.0, 1.0)",1,96.25000000000006,23905
"(0.868421052631579, 0.9824561403508772)",3,96.25000000000004,23908
"(1.0, 0.9833333333333332)",1,96.25000000000004,23909
"(0.868421052631579, 0.9736842105263158)",1,96.25000000000004,23910
"(0.95, 1.0)",1,96.25,23911
"(0.8166666666666667, 1.0)",1,96.25,23912
"(0.9333333333333332, 0.9833333333333332)",1,96.25,23913
"(0.9666666666666668, 1.0)",1,96.25,23914
"(0.9166666666666666, 1.0)",2,96.25,23916
"(0.95, 0.9678571428571427)",1,96.24999999999996,23917
"(0.9607142857142856, 0.9678571428571427)",1,96.24999999999994,23918
"(0.8875, 0.9625)",1,96.24999999999991,23919
"(0.9428571428571428, 0.9607142857142856)",3,96.24999999999991,23922
"(0.9833333333333332, 0.9583333333333334)",1,96.24999999999991,23923
"(0.825, 0.975)",1,96.2499999999999,23924
"(0.825, 0.975)",1,96.24999999999989,23925
"(0.85, 0.975)",1,96.24999999999986,23926
"(0.925, 0.9642857142857144)",1,96.24999999999984,23927
"(0.925, 0.975)",1,96.24999999999984,23928
"(0.95, 0.9642857142857144)",1,96.24999999999984,23929
"(0.9642857142857144, 0.9642857142857144)",1,96.24642857142858,23930
"(0.9107142857142856, 0.975)",1,96.24642857142857,23931
"(0.9678571428571427, 0.9642857142857144)",1,96.24642857142857,23932
"(0.9571428571428572, 0.9678571428571427)",2,96.24642857142852,23934
"(0.9464285714285714, 0.975)",3,96.24642857142852,23937
"(0.9535714285714286, 0.9642857142857144)",1,96.24642857142852,23938
"(0.8892857142857142, 0.9642857142857144)",1,96.24642857142848,23939
"(0.9107142857142856, 0.9785714285714284)",3,96.24642857142848,23942
"(0.9464285714285714, 0.9678571428571427)",1,96.24642857142844,23943
"(0.9321428571428572, 0.9642857142857144)",1,96.24642857142844,23944
"(0.8928571428571429, 0.9607142857142856)",1,96.24642857142844,23945
"(0.8571428571428571, 0.9642857142857144)",1,96.2464285714284,23946
"(0.5310810810810811, 0.9756756756756756)",1,96.2459459459459,23947
"(0.8958333333333334, 0.9833333333333332)",1,96.2458333333333,23948
"(0.8488372093023255, 0.9883720930232558)",1,96.24418604651171,23949
"(0.8953488372093024, 0.9767441860465116)",1,96.2441860465117,23950
"(0.7674418604651163, 1.0)",1,96.24418604651169,23951
"(0.9186046511627908, 0.9767441860465116)",1,96.24418604651169,23952
"(0.8255813953488372, 0.9767441860465116)",1,96.24418604651164,23953
"(0.8953488372093024, 0.9767441860465116)",1,96.24418604651156,23954
"(0.8953488372093024, 0.9767441860465116)",1,96.24418604651154,23955
"(0.7790697674418605, 0.9767441860465116)",1,96.24418604651152,23956
"(0.8488372093023255, 0.9534883720930232)",1,96.2441860465115,23957
"(0.8488372093023255, 0.9651162790697676)",1,96.24418604651146,23958
"(0.872093023255814, 0.9651162790697676)",2,96.24418604651146,23960
"(0.8604651162790697, 0.9651162790697676)",1,96.24418604651144,23961
"(0.872093023255814, 0.9651162790697676)",1,96.24418604651144,23962
"(0.7325581395348837, 0.9651162790697676)",1,96.24418604651144,23963
"(0.8953488372093024, 0.9651162790697676)",1,96.24418604651144,23964
"(0.9302325581395348, 0.9651162790697676)",1,96.2441860465114,23965
"(0.8488372093023255, 0.9651162790697676)",1,96.2441860465114,23966
"(0.9107142857142856, 0.9678571428571427)",1,96.24285714285712,23967
"(0.9571428571428572, 0.9642857142857144)",1,96.2428571428569,23968
"(0.9666666666666668, 0.8458333333333333)",1,96.2416666666666,23969
"(0.9041666666666668, 0.9875)",1,96.24166666666656,23970
"(0.7149122807017544, 0.9692982456140352)",2,96.2412280701755,23972
"(0.7456140350877193, 0.9692982456140352)",1,96.24122807017548,23973
"(0.9392857142857144, 0.9607142857142856)",1,96.23928571428564,23974
"(0.9375, 0.9791666666666666)",1,96.2375,23975
"(0.8958333333333334, 0.9708333333333332)",1,96.23749999999995,23976
"(0.9541666666666668, 0.95)",1,96.23749999999995,23977
"(0.9208333333333332, 0.9916666666666668)",2,96.23749999999995,23979
"(0.8916666666666667, 0.9875)",1,96.23749999999993,23980
"(0.9291666666666668, 0.9916666666666668)",1,96.2374999999998,23981
"(0.8157894736842105, 0.9605263157894736)",1,96.23684210526322,23982
"(0.8596491228070176, 0.9780701754385964)",1,96.23684210526314,23983
"(0.5540540540540541, 0.9851351351351352)",1,96.2368243243243,23984
"(0.6233108108108109, 0.9820945945945946)",1,96.23614864864872,23985
"(0.8333333333333334, 0.9722222222222222)",1,96.2361111111113,23986
"(0.8611111111111112, 0.9722222222222222)",1,96.2361111111113,23987
"(0.875, 0.9861111111111112)",1,96.2361111111113,23988
"(0.8055555555555556, 0.9861111111111112)",1,96.2361111111113,23989
"(0.8888888888888888, 0.9722222222222222)",1,96.2361111111113,23990
"(0.875, 0.9722222222222222)",1,96.23611111111128,23991
"(0.625, 0.9722222222222222)",2,96.23611111111128,23993
"(0.5, 0.9861111111111112)",1,96.23611111111128,23994
"(0.6944444444444444, 0.9722222222222222)",1,96.23611111111128,23995
"(0.8611111111111112, 0.9722222222222222)",1,96.23611111111128,23996
"(0.9166666666666666, 0.9861111111111112)",1,96.23611111111128,23997
"(0.8472222222222222, 0.9722222222222222)",1,96.23611111111128,23998
"(0.9027777777777778, 0.9722222222222222)",1,96.23611111111128,23999
"(0.8611111111111112, 0.9583333333333334)",1,96.23611111111128,24000
"(0.75, 0.9861111111111112)",1,96.23611111111128,24001
"(0.8333333333333334, 0.9861111111111112)",1,96.23611111111126,24002
"(0.6805555555555556, 0.9861111111111112)",1,96.23611111111126,24003
"(0.5277777777777778, 0.9861111111111112)",1,96.23611111111126,24004
"(0.8611111111111112, 0.9583333333333334)",1,96.23611111111124,24005
"(0.7222222222222222, 0.9722222222222222)",1,96.23611111111124,24006
"(0.875, 0.9722222222222222)",1,96.23611111111124,24007
"(0.9583333333333334, 1.0)",1,96.2361111111112,24008
"(0.9166666666666666, 1.0)",1,96.2361111111112,24009
"(0.875, 1.0)",1,96.2361111111112,24010
"(0.8194444444444444, 1.0)",1,96.23611111111116,24011
"(0.7638888888888888, 1.0)",1,96.23611111111111,24012
"(0.9178571428571428, 0.9607142857142856)",1,96.2357142857143,24013
"(0.9392857142857144, 0.9678571428571427)",2,96.23571428571424,24015
"(0.9392857142857144, 0.9607142857142856)",6,96.2357142857142,24021
"(0.9, 0.9666666666666668)",1,96.23333333333343,24022
"(0.8, 0.9833333333333332)",1,96.2333333333334,24023
"(0.9166666666666666, 1.0)",1,96.2333333333334,24024
"(0.9166666666666666, 1.0)",1,96.23333333333338,24025
"(0.7166666666666667, 1.0)",1,96.23333333333338,24026
"(0.7833333333333333, 1.0)",1,96.23333333333336,24027
"(0.8833333333333333, 1.0)",1,96.23333333333332,24028
"(0.9166666666666666, 1.0)",1,96.23333333333332,24029
"(0.9833333333333332, 1.0)",1,96.23333333333328,24030
"(0.85, 0.9958333333333332)",1,96.23333333333326,24031
"(0.9302325581395348, 0.9767441860465116)",1,96.23255813953502,24032
"(0.7558139534883721, 0.9883720930232558)",1,96.232558139535,24033
"(0.8255813953488372, 0.9767441860465116)",1,96.232558139535,24034
"(0.8255813953488372, 0.9651162790697676)",2,96.232558139535,24036
"(0.8604651162790697, 0.9767441860465116)",1,96.23255813953496,24037
"(0.8023255813953488, 0.9883720930232558)",1,96.23255813953494,24038
"(0.8604651162790697, 0.9767441860465116)",2,96.23255813953492,24040
"(0.8488372093023255, 0.9651162790697676)",1,96.23255813953482,24041
"(0.8488372093023255, 0.9651162790697676)",1,96.23255813953472,24042
"(0.9767441860465116, 0.9651162790697676)",1,96.23255813953467,24043
"(0.8640350877192983, 0.9692982456140352)",3,96.23245614035096,24046
"(0.9078947368421052, 0.9736842105263158)",3,96.23245614035092,24049
"(0.9535714285714286, 0.9678571428571427)",1,96.23214285714288,24050
"(0.9642857142857144, 0.9642857142857144)",1,96.2321428571428,24051
"(0.95, 0.9642857142857144)",1,96.2321428571428,24052
"(0.9357142857142856, 0.9642857142857144)",1,96.2321428571428,24053
"(0.5371621621621622, 0.9797297297297296)",1,96.22939189189194,24054
"(1.0, 0.9958333333333332)",1,96.22916666666669,24055
"(0.793918918918919, 0.9699324324324324)",1,96.22905405405406,24056
"(0.7996621621621621, 0.9739864864864864)",1,96.22905405405386,24057
"(0.925, 0.9678571428571427)",1,96.2285714285714,24058
"(0.9214285714285714, 0.9678571428571427)",1,96.2285714285714,24059
"(0.8859649122807017, 0.9649122807017544)",1,96.2280701754387,24060
"(0.8552631578947368, 0.9780701754385964)",1,96.22807017543867,24061
"(0.8157894736842105, 0.9692982456140352)",2,96.22807017543867,24063
"(0.706140350877193, 0.9692982456140352)",1,96.22807017543856,24064
"(0.925, 0.9791666666666666)",1,96.2250000000001,24065
"(0.9321428571428572, 0.9642857142857144)",1,96.22499999999998,24066
"(0.95, 0.9642857142857144)",1,96.22499999999992,24067
"(0.9392857142857144, 0.9642857142857144)",1,96.22499999999992,24068
"(0.8375, 0.975)",1,96.2249999999999,24069
"(0.9208333333333332, 0.9875)",1,96.22499999999988,24070
"(0.8535714285714285, 0.975)",3,96.22499999999984,24073
"(0.925, 0.975)",1,96.22499999999984,24074
"(0.8952702702702703, 0.975)",1,96.22466216216208,24075
"(0.8947368421052632, 0.9649122807017544)",1,96.22368421052636,24076
"(0.9078947368421052, 0.9692982456140352)",1,96.22368421052636,24077
"(0.9647058823529412, 0.9294117647058824)",1,96.22352941176466,24078
"(0.8194444444444444, 0.9861111111111112)",1,96.22222222222244,24079
"(0.75, 0.9722222222222222)",1,96.22222222222244,24080
"(0.8888888888888888, 0.9861111111111112)",1,96.22222222222244,24081
"(0.5972222222222222, 0.9861111111111112)",2,96.22222222222244,24083
"(0.8611111111111112, 0.9861111111111112)",1,96.22222222222244,24084
"(0.9027777777777778, 0.9861111111111112)",1,96.22222222222244,24085
"(0.6944444444444444, 0.9722222222222222)",2,96.2222222222224,24087
"(0.875, 0.9722222222222222)",1,96.2222222222224,24088
"(0.8472222222222222, 0.9861111111111112)",1,96.2222222222224,24089
"(0.9305555555555556, 0.9722222222222222)",1,96.2222222222224,24090
"(0.75, 0.9861111111111112)",1,96.2222222222224,24091
"(0.8333333333333334, 0.9861111111111112)",3,96.2222222222224,24094
"(0.75, 0.9722222222222222)",1,96.2222222222224,24095
"(0.9861111111111112, 0.9722222222222222)",1,96.22222222222238,24096
"(0.7916666666666666, 0.9861111111111112)",2,96.22222222222238,24098
"(0.875, 0.9722222222222222)",2,96.22222222222238,24100
"(0.6944444444444444, 0.9722222222222222)",2,96.22222222222236,24102
"(0.5555555555555556, 0.9722222222222222)",1,96.22222222222236,24103
"(0.8472222222222222, 0.9861111111111112)",1,96.22222222222236,24104
"(0.9861111111111112, 0.9583333333333334)",2,96.22222222222236,24106
"(0.9027777777777778, 0.9861111111111112)",1,96.22222222222236,24107
"(0.8611111111111112, 0.9861111111111112)",1,96.22222222222234,24108
"(0.8888888888888888, 0.9861111111111112)",2,96.22222222222231,24110
"(0.8888888888888888, 1.0)",1,96.22222222222231,24111
"(0.8472222222222222, 1.0)",1,96.22222222222229,24112
"(0.9444444444444444, 1.0)",1,96.22222222222229,24113
"(0.8055555555555556, 1.0)",2,96.22222222222224,24115
"(0.8611111111111112, 0.9722222222222222)",1,96.22222222222224,24116
"(0.7638888888888888, 1.0)",1,96.22222222222224,24117
"(0.9571428571428572, 0.9678571428571427)",2,96.22142857142848,24119
"(0.9607142857142856, 0.975)",3,96.22142857142846,24122
"(0.7906976744186046, 0.9767441860465116)",1,96.22093023255827,24123
"(0.5465116279069767, 0.9767441860465116)",1,96.22093023255825,24124
"(0.8604651162790697, 0.9767441860465116)",2,96.22093023255825,24126
"(0.8255813953488372, 0.9767441860465116)",1,96.22093023255822,24127
"(0.7441860465116279, 1.0)",2,96.2209302325582,24129
"(0.3372093023255814, 0.9883720930232558)",1,96.22093023255816,24130
"(0.5116279069767442, 0.9534883720930232)",1,96.22093023255812,24131
"(0.7674418604651163, 0.9651162790697676)",2,96.22093023255806,24133
"(0.813953488372093, 0.9534883720930232)",1,96.22093023255805,24134
"(0.8837209302325582, 0.9651162790697676)",2,96.22093023255798,24136
"(0.9767441860465116, 0.9651162790697676)",1,96.22093023255796,24137
"(0.872093023255814, 0.9651162790697676)",1,96.22093023255792,24138
"(0.9302325581395348, 0.9651162790697676)",2,96.2209302325579,24140
"(0.9833333333333332, 0.9958333333333332)",1,96.22083333333336,24141
"(0.9458333333333332, 0.9833333333333332)",1,96.22083333333327,24142
"(0.9166666666666666, 0.9833333333333332)",1,96.22083333333326,24143
"(0.7894736842105263, 0.9736842105263158)",1,96.2192982456141,24144
"(0.9473684210526316, 0.9824561403508772)",1,96.21929824561408,24145
"(0.9078947368421052, 0.9649122807017544)",1,96.21929824561408,24146
"(0.9607142857142856, 0.9714285714285714)",1,96.2178571428571,24147
"(0.9607142857142856, 0.9678571428571427)",1,96.21785714285708,24148
"(0.9607142857142856, 0.9678571428571427)",3,96.21785714285706,24151
"(0.9357142857142856, 0.9642857142857144)",1,96.21785714285691,24152
"(0.75, 0.9722972972972972)",1,96.21722972972982,24153
"(0.95, 0.9833333333333332)",1,96.21666666666675,24154
"(0.9166666666666666, 1.0)",1,96.21666666666675,24155
"(0.8666666666666667, 0.9833333333333332)",1,96.21666666666674,24156
"(0.9666666666666668, 0.9833333333333332)",2,96.21666666666674,24158
"(0.9, 1.0)",2,96.21666666666674,24160
"(0.85, 1.0)",1,96.21666666666673,24161
"(0.8333333333333334, 1.0)",1,96.21666666666673,24162
"(0.9333333333333332, 1.0)",1,96.21666666666673,24163
"(0.95, 0.9833333333333332)",1,96.21666666666673,24164
"(0.8833333333333333, 0.9875)",1,96.2166666666667,24165
"(0.85, 1.0)",1,96.21666666666668,24166
"(0.8666666666666667, 1.0)",1,96.21666666666668,24167
"(0.9125, 0.9833333333333332)",1,96.21666666666668,24168
"(0.95, 1.0)",1,96.21666666666668,24169
"(0.8833333333333333, 1.0)",1,96.21666666666664,24170
"(0.572972972972973, 0.9800675675675676)",1,96.2158783783785,24171
"(0.881578947368421, 0.9605263157894736)",1,96.21491228070178,24172
"(0.9107142857142856, 0.9714285714285714)",3,96.21428571428572,24175
"(0.9607142857142856, 0.9678571428571427)",1,96.21428571428568,24176
"(0.9607142857142856, 0.9678571428571427)",2,96.21428571428568,24178
"(0.9321428571428572, 0.9607142857142856)",1,96.2142857142856,24179
"(0.925, 0.9875)",1,96.2125,24180
"(0.925, 0.9875)",1,96.21249999999998,24181
"(0.9, 0.975)",1,96.21249999999996,24182
"(0.8666666666666667, 0.9791666666666666)",1,96.21249999999996,24183
"(0.9416666666666668, 0.9791666666666666)",1,96.21249999999996,24184
"(0.9125, 0.975)",1,96.21249999999992,24185
"(0.9625, 0.975)",1,96.21249999999986,24186
"(0.925, 0.975)",1,96.21249999999978,24187
"(0.9535714285714286, 0.9714285714285714)",1,96.21071428571427,24188
"(0.9392857142857144, 0.9678571428571427)",1,96.21071428571426,24189
"(0.8928571428571429, 0.9642857142857144)",2,96.21071428571425,24191
"(0.8571428571428571, 0.9678571428571427)",1,96.21071428571425,24192
"(0.9535714285714286, 0.9714285714285714)",1,96.21071428571425,24193
"(0.875, 0.9642857142857144)",1,96.2107142857142,24194
"(0.9, 0.9642857142857144)",3,96.21071428571418,24197
"(0.9535714285714286, 0.9642857142857144)",1,96.21071428571408,24198
"(0.6228070175438597, 0.9780701754385964)",6,96.21052631578952,24204
"(0.7149122807017544, 0.9780701754385964)",3,96.21052631578952,24207
"(0.7149122807017544, 0.9912280701754386)",1,96.21052631578948,24208
"(0.7674418604651163, 0.9767441860465116)",1,96.20930232558152,24209
"(0.7558139534883721, 0.9883720930232558)",1,96.20930232558148,24210
"(0.7674418604651163, 0.9883720930232558)",1,96.20930232558148,24211
"(0.4883720930232558, 1.0)",1,96.20930232558148,24212
"(0.8604651162790697, 0.9767441860465116)",1,96.20930232558148,24213
"(0.8372093023255814, 0.9767441860465116)",2,96.20930232558143,24215
"(0.813953488372093, 0.9651162790697676)",1,96.20930232558143,24216
"(0.8255813953488372, 0.9651162790697676)",1,96.20930232558143,24217
"(0.8953488372093024, 0.9883720930232558)",1,96.20930232558142,24218
"(0.8372093023255814, 0.9767441860465116)",1,96.2093023255814,24219
"(0.6046511627906976, 0.9767441860465116)",1,96.2093023255814,24220
"(0.8488372093023255, 0.9651162790697676)",2,96.20930232558126,24222
"(0.8837209302325582, 0.9651162790697676)",2,96.20930232558123,24224
"(0.8953488372093024, 0.9651162790697676)",2,96.20930232558122,24226
"(0.8372093023255814, 0.9651162790697676)",1,96.20930232558122,24227
"(0.8255813953488372, 0.9651162790697676)",1,96.2093023255812,24228
"(0.9302325581395348, 0.9651162790697676)",2,96.20930232558116,24230
"(0.53375, 0.9875)",1,96.20875,24231
"(0.7807432432432433, 0.9746621621621622)",1,96.20844594594588,24232
"(0.9444444444444444, 0.9861111111111112)",1,96.20833333333356,24233
"(0.8888888888888888, 0.9861111111111112)",1,96.20833333333354,24234
"(0.9166666666666666, 0.9861111111111112)",2,96.20833333333351,24236
"(0.5555555555555556, 0.9861111111111112)",1,96.20833333333351,24237
"(0.875, 0.9722222222222222)",1,96.20833333333351,24238
"(0.8888888888888888, 0.9861111111111112)",1,96.20833333333351,24239
"(0.5972222222222222, 0.9861111111111112)",2,96.20833333333351,24241
"(0.875, 0.9722222222222222)",1,96.2083333333335,24242
"(0.7916666666666666, 0.9861111111111112)",1,96.2083333333335,24243
"(0.9444444444444444, 0.9722222222222222)",1,96.2083333333335,24244
"(0.8472222222222222, 0.9722222222222222)",1,96.2083333333335,24245
"(0.9027777777777778, 0.9861111111111112)",2,96.2083333333335,24247
"(0.9305555555555556, 0.9583333333333334)",1,96.20833333333348,24248
"(0.9027777777777778, 0.9722222222222222)",1,96.20833333333348,24249
"(0.8055555555555556, 0.9861111111111112)",1,96.20833333333348,24250
"(0.8611111111111112, 0.9722222222222222)",2,96.20833333333348,24252
"(0.9722222222222222, 0.9861111111111112)",1,96.20833333333348,24253
"(0.9027777777777778, 0.9861111111111112)",2,96.20833333333348,24255
"(0.6944444444444444, 0.9722222222222222)",1,96.20833333333346,24256
"(0.5277777777777778, 0.9583333333333334)",1,96.20833333333346,24257
"(0.8194444444444444, 0.9861111111111112)",2,96.20833333333346,24259
"(0.9027777777777778, 0.9722222222222222)",1,96.20833333333346,24260
"(0.7638888888888888, 0.9722222222222222)",1,96.20833333333346,24261
"(0.875, 0.9861111111111112)",2,96.20833333333346,24263
"(0.8611111111111112, 0.9861111111111112)",1,96.20833333333344,24264
"(0.8888888888888888, 0.9722222222222222)",1,96.20833333333344,24265
"(0.9444444444444444, 1.0)",1,96.20833333333344,24266
"(0.8055555555555556, 0.9861111111111112)",1,96.20833333333344,24267
"(0.8055555555555556, 1.0)",1,96.2083333333334,24268
"(0.6805555555555556, 1.0)",1,96.2083333333334,24269
"(0.8888888888888888, 1.0)",1,96.20833333333336,24270
"(0.7638888888888888, 1.0)",1,96.20833333333336,24271
"(0.9305555555555556, 1.0)",1,96.20833333333336,24272
"(0.7222222222222222, 1.0)",2,96.20833333333331,24274
"(0.875, 0.9583333333333334)",2,96.20833333333329,24276
"(0.8081081081081081, 0.9756756756756756)",1,96.2081081081081,24277
"(0.7429054054054054, 0.9706081081081082)",1,96.20777027027036,24278
"(0.54625, 0.985)",1,96.20749999999998,24279
"(0.9285714285714286, 0.9714285714285714)",1,96.20714285714288,24280
"(0.9392857142857144, 0.9607142857142856)",3,96.2071428571428,24283
"(0.9535714285714286, 0.9642857142857144)",2,96.2071428571428,24285
"(0.9607142857142856, 0.9642857142857144)",3,96.2071428571428,24288
"(0.9428571428571428, 0.975)",1,96.20714285714278,24289
"(0.95, 0.9642857142857144)",3,96.20714285714276,24292
"(0.9642857142857144, 0.975)",1,96.20714285714276,24293
"(0.9571428571428572, 0.9642857142857144)",1,96.20714285714276,24294
"(0.8771929824561403, 0.9692982456140352)",1,96.20614035087728,24295
"(0.8916666666666667, 0.9833333333333332)",2,96.20416666666672,24297
"(0.975, 0.9708333333333332)",1,96.20416666666658,24298
"(0.9607142857142856, 0.9607142857142856)",1,96.2035714285714,24299
"(0.9178571428571428, 0.975)",3,96.20357142857132,24302
"(0.8571428571428571, 0.9642857142857144)",1,96.2035714285713,24303
"(0.7236842105263158, 0.9736842105263158)",3,96.20175438596502,24306
"(0.8070175438596491, 0.9692982456140352)",1,96.201754385965,24307
"(0.8166666666666667, 1.0)",1,96.20000000000007,24308
"(0.75, 1.0)",2,96.20000000000007,24310
"(0.9166666666666666, 1.0)",1,96.20000000000007,24311
"(0.9333333333333332, 0.9833333333333332)",1,96.20000000000006,24312
"(0.95, 1.0)",1,96.20000000000005,24313
"(0.9, 1.0)",1,96.20000000000005,24314
"(0.8666666666666667, 1.0)",1,96.20000000000005,24315
"(0.8333333333333334, 1.0)",1,96.20000000000005,24316
"(0.9357142857142856, 0.9607142857142856)",1,96.20000000000005,24317
"(0.9166666666666666, 1.0)",1,96.20000000000002,24318
"(0.9166666666666666, 1.0)",3,96.2,24321
"(0.95, 1.0)",2,96.2,24323
"(0.85, 1.0)",1,96.2,24324
"(0.9833333333333332, 1.0)",1,96.2,24325
"(0.9166666666666666, 1.0)",1,96.2,24326
"(0.85, 0.975)",1,96.19999999999996,24327
"(0.9458333333333332, 0.9708333333333332)",1,96.19999999999996,24328
"(0.925, 0.9642857142857144)",1,96.19999999999996,24329
"(0.9178571428571428, 0.9607142857142856)",1,96.19999999999996,24330
"(0.9625, 0.975)",1,96.19999999999987,24331
"(0.9833333333333332, 0.9708333333333332)",1,96.19999999999987,24332
"(0.9375, 0.975)",1,96.19999999999985,24333
"(0.5679054054054054, 0.9763513513513512)",1,96.199662162162,24334
"(0.7325581395348837, 0.9767441860465116)",1,96.1976744186048,24335
"(0.7209302325581395, 0.9767441860465116)",1,96.1976744186048,24336
"(0.7674418604651163, 0.9767441860465116)",1,96.1976744186048,24337
"(0.8604651162790697, 0.9767441860465116)",2,96.19767441860476,24339
"(0.7674418604651163, 0.9651162790697676)",1,96.19767441860472,24340
"(0.9186046511627908, 0.9767441860465116)",1,96.1976744186047,24341
"(0.8604651162790697, 0.9767441860465116)",1,96.1976744186047,24342
"(0.8604651162790697, 0.9767441860465116)",1,96.19767441860466,24343
"(0.8372093023255814, 0.9767441860465116)",1,96.19767441860466,24344
"(0.8604651162790697, 0.9651162790697676)",1,96.19767441860463,24345
"(0.813953488372093, 0.9767441860465116)",1,96.19767441860463,24346
"(0.9186046511627908, 0.9418604651162792)",1,96.1976744186046,24347
"(0.9651162790697676, 0.9767441860465116)",2,96.19767441860456,24349
"(0.9302325581395348, 0.9767441860465116)",1,96.19767441860454,24350
"(0.8372093023255814, 0.9651162790697676)",1,96.19767441860448,24351
"(0.9767441860465116, 0.9651162790697676)",1,96.19767441860448,24352
"(0.8953488372093024, 0.9651162790697676)",2,96.19767441860448,24354
"(0.872093023255814, 0.9651162790697676)",1,96.19767441860448,24355
"(0.8372093023255814, 0.9651162790697676)",1,96.19767441860446,24356
"(0.8953488372093024, 0.9651162790697676)",1,96.19767441860444,24357
"(0.7674418604651163, 0.9651162790697676)",1,96.19767441860444,24358
"(0.8991228070175439, 0.9649122807017544)",1,96.19736842105262,24359
"(0.5679054054054054, 0.9739864864864864)",1,96.19662162162156,24360
"(0.9392857142857144, 0.9642857142857144)",1,96.1964285714285,24361
"(0.925, 0.9642857142857144)",1,96.1964285714285,24362
"(0.8821428571428571, 0.9642857142857144)",1,96.1964285714285,24363
"(0.9107142857142856, 0.975)",1,96.19642857142848,24364
"(0.9916666666666668, 1.0)",1,96.19583333333338,24365
"(0.9208333333333332, 0.9833333333333332)",2,96.19583333333324,24367
"(0.8333333333333334, 0.9722222222222222)",1,96.19444444444464,24368
"(0.9305555555555556, 0.9722222222222222)",1,96.19444444444464,24369
"(0.875, 0.9722222222222222)",2,96.19444444444464,24371
"(0.7083333333333334, 0.9861111111111112)",1,96.19444444444464,24372
"(0.8888888888888888, 0.9861111111111112)",1,96.1944444444446,24373
"(0.8194444444444444, 0.9583333333333334)",1,96.1944444444446,24374
"(0.7916666666666666, 0.9861111111111112)",2,96.1944444444446,24376
"(0.5416666666666666, 0.9722222222222222)",1,96.1944444444446,24377
"(0.9861111111111112, 0.9722222222222222)",1,96.1944444444446,24378
"(0.8055555555555556, 0.9861111111111112)",1,96.1944444444446,24379
"(0.9027777777777778, 0.9861111111111112)",1,96.1944444444446,24380
"(0.8611111111111112, 0.9722222222222222)",1,96.1944444444446,24381
"(0.9305555555555556, 0.9861111111111112)",1,96.19444444444458,24382
"(0.8888888888888888, 0.9722222222222222)",1,96.19444444444458,24383
"(0.9166666666666666, 0.9722222222222222)",1,96.19444444444458,24384
"(0.8472222222222222, 0.9722222222222222)",1,96.19444444444456,24385
"(0.8611111111111112, 0.9861111111111112)",1,96.19444444444456,24386
"(0.9027777777777778, 0.9861111111111112)",1,96.19444444444456,24387
"(0.9166666666666666, 0.9722222222222222)",1,96.19444444444454,24388
"(0.9444444444444444, 1.0)",1,96.1944444444445,24389
"(0.8888888888888888, 0.9861111111111112)",1,96.19444444444449,24390
"(0.8290540540540541, 0.9716216216216216)",1,96.19425675675664,24391
"(0.8377192982456141, 0.9692982456140352)",1,96.1929824561404,24392
"(0.6798245614035088, 0.9824561403508772)",1,96.19298245614038,24393
"(0.925438596491228, 0.9736842105263158)",3,96.19298245614036,24396
"(0.9607142857142856, 0.9678571428571427)",2,96.19285714285712,24398
"(0.9642857142857144, 0.9642857142857144)",1,96.19285714285712,24399
"(0.875, 0.9607142857142856)",1,96.19285714285708,24400
"(0.9071428571428573, 0.9678571428571427)",2,96.19285714285706,24402
"(0.9142857142857144, 0.975)",1,96.19285714285702,24403
"(0.9392857142857144, 0.9642857142857144)",1,96.19285714285692,24404
"(0.522972972972973, 0.9753378378378378)",1,96.19256756756748,24405
"(0.9208333333333332, 0.9875)",1,96.19166666666658,24406
"(0.635472972972973, 0.9773648648648648)",1,96.18952702702704,24407
"(0.9535714285714286, 0.9642857142857144)",1,96.18928571428567,24408
"(0.9357142857142856, 0.9607142857142856)",5,96.18928571428566,24413
"(0.9571428571428572, 0.9642857142857144)",1,96.18928571428565,24414
"(0.9178571428571428, 0.9642857142857144)",1,96.18928571428565,24415
"(0.8928571428571429, 0.9642857142857144)",3,96.18928571428565,24418
"(0.8571428571428571, 0.9642857142857144)",1,96.1892857142856,24419
"(0.8552631578947368, 0.9649122807017544)",3,96.18859649122813,24422
"(0.8464912280701754, 0.9780701754385964)",3,96.18859649122813,24425
"(0.881578947368421, 0.9736842105263158)",1,96.18859649122813,24426
"(0.9541666666666668, 0.9916666666666668)",1,96.18749999999994,24427
"(0.9, 0.975)",2,96.18749999999991,24429
"(0.9208333333333332, 0.9916666666666668)",1,96.1874999999999,24430
"(0.825, 0.975)",1,96.1874999999999,24431
"(0.85, 0.975)",1,96.18749999999984,24432
"(0.9083333333333332, 0.9958333333333332)",1,96.18749999999982,24433
"(0.7325581395348837, 0.9767441860465116)",1,96.18604651162804,24434
"(0.8023255813953488, 0.9767441860465116)",1,96.18604651162798,24435
"(0.9302325581395348, 0.9767441860465116)",1,96.18604651162796,24436
"(0.8372093023255814, 0.9767441860465116)",1,96.18604651162796,24437
"(0.8372093023255814, 0.9767441860465116)",2,96.18604651162794,24439
"(0.8953488372093024, 0.9651162790697676)",1,96.18604651162784,24440
"(0.9302325581395348, 0.9767441860465116)",1,96.18604651162784,24441
"(0.9767441860465116, 0.9651162790697676)",1,96.18604651162774,24442
"(0.872093023255814, 0.9651162790697676)",1,96.18604651162774,24443
"(0.8953488372093024, 0.9651162790697676)",1,96.1860465116277,24444
"(0.8604651162790697, 0.9651162790697676)",1,96.1860465116277,24445
"(0.9785714285714284, 0.9714285714285714)",1,96.18571428571428,24446
"(0.9392857142857144, 0.9642857142857144)",2,96.18571428571424,24448
"(0.9428571428571428, 0.9607142857142856)",1,96.18571428571424,24449
"(0.8928571428571429, 0.9678571428571427)",1,96.1857142857142,24450
"(0.8964285714285715, 0.9678571428571427)",3,96.1857142857142,24453
"(0.9607142857142856, 0.9642857142857144)",1,96.18571428571416,24454
"(0.9035714285714286, 0.9678571428571427)",3,96.18571428571416,24457
"(0.9607142857142856, 0.9642857142857144)",1,96.18571428571414,24458
"(0.8833333333333333, 0.9833333333333332)",1,96.18333333333344,24459
"(0.9666666666666668, 0.9833333333333332)",1,96.1833333333334,24460
"(0.8666666666666667, 0.9833333333333332)",3,96.1833333333334,24463
"(0.9333333333333332, 0.9833333333333332)",1,96.1833333333334,24464
"(0.85, 1.0)",1,96.18333333333338,24465
"(0.8, 1.0)",1,96.18333333333337,24466
"(0.9166666666666666, 0.9833333333333332)",1,96.18333333333337,24467
"(0.9333333333333332, 1.0)",3,96.18333333333334,24470
"(0.8833333333333333, 1.0)",1,96.18333333333334,24471
"(0.9, 1.0)",1,96.18333333333334,24472
"(1.0, 1.0)",1,96.18333333333334,24473
"(0.85, 1.0)",1,96.18333333333334,24474
"(0.8666666666666667, 1.0)",1,96.18333333333334,24475
"(0.9833333333333332, 1.0)",1,96.18333333333332,24476
"(0.9916666666666668, 0.9791666666666666)",1,96.18333333333332,24477
"(0.9125, 0.9916666666666668)",1,96.18333333333328,24478
"(0.875, 0.9607142857142856)",1,96.18214285714284,24479
"(0.9571428571428572, 0.9678571428571427)",3,96.18214285714274,24482
"(0.9035714285714286, 0.9642857142857144)",1,96.18214285714272,24483
"(0.9785714285714284, 0.9678571428571427)",1,96.18214285714272,24484
"(0.9214285714285714, 0.9642857142857144)",1,96.18214285714272,24485
"(0.839527027027027, 0.9756756756756756)",1,96.18209459459456,24486
"(0.9027777777777778, 0.9722222222222222)",1,96.18055555555576,24487
"(0.875, 0.9722222222222222)",1,96.18055555555576,24488
"(0.625, 0.9722222222222222)",1,96.18055555555576,24489
"(0.8333333333333334, 0.9861111111111112)",1,96.18055555555574,24490
"(0.5277777777777778, 0.9861111111111112)",1,96.18055555555574,24491
"(0.9166666666666666, 0.9861111111111112)",1,96.18055555555574,24492
"(0.9027777777777778, 0.9861111111111112)",1,96.18055555555574,24493
"(0.875, 0.9722222222222222)",2,96.18055555555574,24495
"(0.8611111111111112, 0.9861111111111112)",2,96.18055555555574,24497
"(0.8472222222222222, 0.9861111111111112)",2,96.18055555555571,24499
"(0.9027777777777778, 0.9722222222222222)",3,96.18055555555571,24502
"(0.8472222222222222, 0.9722222222222222)",2,96.18055555555571,24504
"(0.875, 0.9722222222222222)",1,96.18055555555571,24505
"(0.9027777777777778, 0.9861111111111112)",1,96.18055555555571,24506
"(0.8333333333333334, 0.9722222222222222)",1,96.18055555555571,24507
"(0.8611111111111112, 0.9722222222222222)",1,96.18055555555571,24508
"(0.8055555555555556, 0.9861111111111112)",1,96.18055555555571,24509
"(0.8472222222222222, 0.9583333333333334)",1,96.18055555555571,24510
"(0.9027777777777778, 0.9861111111111112)",1,96.18055555555571,24511
"(0.7916666666666666, 0.9861111111111112)",1,96.18055555555571,24512
"(0.625, 0.9722222222222222)",1,96.18055555555571,24513
"(0.9027777777777778, 0.9861111111111112)",1,96.1805555555557,24514
"(0.8888888888888888, 0.9861111111111112)",1,96.1805555555557,24515
"(0.8611111111111112, 0.9722222222222222)",1,96.1805555555557,24516
"(0.8333333333333334, 0.9861111111111112)",1,96.1805555555557,24517
"(0.8055555555555556, 0.9722222222222222)",1,96.1805555555557,24518
"(0.8472222222222222, 0.9861111111111112)",2,96.1805555555557,24520
"(0.8888888888888888, 0.9861111111111112)",1,96.18055555555569,24521
"(0.8611111111111112, 0.9722222222222222)",4,96.18055555555569,24525
"(0.7916666666666666, 0.9861111111111112)",1,96.18055555555569,24526
"(0.7638888888888888, 0.9861111111111112)",1,96.18055555555569,24527
"(0.8194444444444444, 0.9861111111111112)",1,96.18055555555569,24528
"(0.5972222222222222, 0.9861111111111112)",1,96.18055555555566,24529
"(0.7777777777777778, 1.0)",1,96.18055555555564,24530
"(0.8888888888888888, 1.0)",2,96.18055555555564,24532
"(0.7083333333333334, 1.0)",1,96.1805555555556,24533
"(0.5972222222222222, 1.0)",2,96.1805555555556,24535
"(0.9444444444444444, 1.0)",1,96.18055555555556,24536
"(0.7083333333333334, 1.0)",2,96.18055555555556,24538
"(0.8445945945945946, 0.9726351351351352)",1,96.18040540540544,24539
"(0.9473684210526316, 0.9780701754385964)",1,96.1798245614036,24540
"(0.8728070175438597, 0.9692982456140352)",3,96.17982456140358,24543
"(0.7149122807017544, 0.9736842105263158)",1,96.17982456140358,24544
"(0.8771929824561403, 0.9780701754385964)",1,96.17982456140356,24545
"(0.8947368421052632, 0.9605263157894736)",3,96.17982456140356,24548
"(0.8552631578947368, 0.9912280701754386)",3,96.17982456140348,24551
"(0.518581081081081, 0.9780405405405406)",1,96.17939189189184,24552
"(0.9357142857142856, 0.9714285714285714)",3,96.17857142857136,24555
"(0.9642857142857144, 0.9642857142857144)",3,96.17857142857136,24558
"(0.9142857142857144, 0.9607142857142856)",6,96.17857142857136,24564
"(0.9642857142857144, 0.9714285714285714)",3,96.17857142857132,24567
"(0.9357142857142856, 0.9642857142857144)",1,96.1785714285713,24568
"(0.9571428571428572, 0.9642857142857144)",1,96.1785714285713,24569
"(0.95, 0.9642857142857144)",1,96.1785714285712,24570
"(0.8859649122807017, 0.9649122807017544)",1,96.17543859649128,24571
"(0.7543859649122807, 0.9824561403508772)",3,96.17543859649123,24574
"(0.6096491228070176, 0.9692982456140352)",1,96.17543859649123,24575
"(0.7675438596491229, 0.9912280701754386)",1,96.1754385964912,24576
"(0.9625, 0.9791666666666666)",1,96.17500000000004,24577
"(0.95, 0.9708333333333332)",2,96.17500000000004,24579
"(0.925, 0.975)",1,96.17499999999998,24580
"(0.925, 0.9958333333333332)",1,96.17499999999995,24581
"(0.8857142857142857, 0.9607142857142856)",1,96.17499999999995,24582
"(0.9535714285714286, 0.9642857142857144)",1,96.17499999999994,24583
"(0.9071428571428573, 0.9642857142857144)",3,96.17499999999993,24586
"(0.9571428571428572, 0.9571428571428572)",3,96.17499999999993,24589
"(0.8833333333333333, 0.9875)",1,96.17499999999993,24590
"(0.9392857142857144, 0.9642857142857144)",1,96.17499999999993,24591
"(0.925, 0.975)",1,96.17499999999993,24592
"(0.8714285714285714, 0.975)",1,96.1749999999999,24593
"(0.925, 0.9625)",1,96.17499999999988,24594
"(0.8125, 0.975)",1,96.17499999999988,24595
"(0.8535714285714285, 0.975)",1,96.17499999999988,24596
"(0.8625, 0.975)",1,96.17499999999988,24597
"(0.9208333333333332, 0.9916666666666668)",1,96.17499999999984,24598
"(0.9418604651162792, 0.9767441860465116)",1,96.17441860465132,24599
"(0.8372093023255814, 0.9767441860465116)",1,96.17441860465124,24600
"(0.7558139534883721, 0.9883720930232558)",1,96.1744186046512,24601
"(0.5697674418604651, 0.9767441860465116)",1,96.17441860465118,24602
"(0.872093023255814, 1.0)",1,96.17441860465118,24603
"(0.8837209302325582, 0.9767441860465116)",1,96.17441860465117,24604
"(0.872093023255814, 0.9767441860465116)",1,96.17441860465117,24605
"(0.8837209302325582, 0.9767441860465116)",2,96.17441860465108,24607
"(0.8372093023255814, 0.9651162790697676)",1,96.17441860465104,24608
"(0.8488372093023255, 0.9651162790697676)",1,96.174418604651,24609
"(0.8837209302325582, 0.9651162790697676)",2,96.174418604651,24611
"(0.9069767441860463, 0.9651162790697676)",2,96.174418604651,24613
"(0.8953488372093024, 0.9651162790697676)",1,96.17441860465098,24614
"(0.8372093023255814, 0.9651162790697676)",1,96.17441860465098,24615
"(0.8604651162790697, 0.9651162790697676)",1,96.17441860465098,24616
"(0.8488372093023255, 0.9651162790697676)",1,96.17441860465094,24617
"(0.7084459459459459, 0.9763513513513512)",1,96.17229729729722,24618
"(0.5155405405405405, 0.9780405405405406)",1,96.17195945945946,24619
"(0.9642857142857144, 0.975)",2,96.17142857142856,24621
"(0.9464285714285714, 0.9607142857142856)",5,96.17142857142856,24626
"(0.9214285714285714, 0.9678571428571427)",1,96.17142857142852,24627
"(0.9321428571428572, 0.9678571428571427)",1,96.1714285714285,24628
"(0.9357142857142856, 0.9571428571428572)",1,96.17142857142844,24629
"(0.8464912280701754, 0.9692982456140352)",1,96.17105263157902,24630
"(0.8625, 0.9875)",1,96.17083333333328,24631
"(0.9208333333333332, 0.9958333333333332)",1,96.17083333333328,24632
"(0.9833333333333332, 0.9916666666666668)",2,96.17083333333328,24634
"(0.9166666666666666, 0.975)",1,96.17083333333326,24635
"(0.9625, 0.8458333333333333)",1,96.17083333333323,24636
"(0.8958333333333334, 0.9833333333333332)",1,96.1708333333332,24637
"(0.8260135135135135, 0.9736486486486486)",1,96.16858108108104,24638
"(0.9535714285714286, 0.9607142857142856)",1,96.1678571428571,24639
"(0.95, 0.9642857142857144)",1,96.16785714285707,24640
"(0.9464285714285714, 0.9678571428571427)",1,96.16785714285707,24641
"(0.5141891891891892, 0.9719594594594596)",1,96.16756756756756,24642
"(0.96, 0.96)",1,96.16749999999996,24643
"(0.7222222222222222, 0.9722222222222222)",1,96.16666666666688,24644
"(0.8333333333333334, 0.9722222222222222)",1,96.16666666666684,24645
"(0.875, 0.9722222222222222)",1,96.16666666666684,24646
"(0.6944444444444444, 0.9861111111111112)",2,96.16666666666684,24648
"(0.9583333333333334, 1.0)",1,96.16666666666684,24649
"(0.8888888888888888, 0.9722222222222222)",1,96.16666666666684,24650
"(0.7222222222222222, 0.9583333333333334)",1,96.16666666666684,24651
"(0.875, 0.9722222222222222)",3,96.16666666666684,24654
"(0.6944444444444444, 0.9722222222222222)",1,96.16666666666684,24655
"(0.8472222222222222, 0.9722222222222222)",1,96.1666666666668,24656
"(0.6944444444444444, 0.9861111111111112)",2,96.1666666666668,24658
"(0.8194444444444444, 0.9861111111111112)",1,96.1666666666668,24659
"(0.8472222222222222, 0.9722222222222222)",1,96.1666666666668,24660
"(0.8194444444444444, 0.9861111111111112)",1,96.1666666666668,24661
"(0.8888888888888888, 0.9861111111111112)",1,96.1666666666668,24662
"(0.7333333333333333, 1.0)",1,96.16666666666676,24663
"(0.9027777777777778, 1.0)",1,96.16666666666676,24664
"(0.8333333333333334, 0.9861111111111112)",1,96.16666666666676,24665
"(0.7149122807017544, 0.9692982456140352)",3,96.16666666666674,24668
"(0.7916666666666666, 0.9861111111111112)",1,96.16666666666674,24669
"(0.8611111111111112, 0.9722222222222222)",1,96.16666666666674,24670
"(0.9166666666666666, 1.0)",2,96.16666666666674,24672
"(0.9166666666666666, 0.9666666666666668)",1,96.16666666666674,24673
"(0.8833333333333333, 1.0)",1,96.16666666666671,24674
"(0.8166666666666667, 1.0)",1,96.16666666666671,24675
"(0.8666666666666667, 1.0)",1,96.16666666666671,24676
"(0.8611111111111112, 1.0)",1,96.16666666666671,24677
"(0.9333333333333332, 0.9833333333333332)",1,96.16666666666671,24678
"(0.9444444444444444, 1.0)",2,96.1666666666667,24680
"(0.9083333333333332, 0.9791666666666666)",1,96.1666666666667,24681
"(0.8947368421052632, 0.9605263157894736)",1,96.1666666666667,24682
"(0.7666666666666667, 1.0)",1,96.16666666666669,24683
"(0.8, 1.0)",1,96.16666666666669,24684
"(0.95, 1.0)",1,96.16666666666669,24685
"(0.7916666666666666, 1.0)",2,96.16666666666669,24687
"(0.9833333333333332, 0.9625)",1,96.16666666666669,24688
"(0.9125, 0.9875)",1,96.16666666666669,24689
"(0.9444444444444444, 1.0)",2,96.16666666666666,24691
"(0.9833333333333332, 1.0)",1,96.16666666666666,24692
"(0.5972222222222222, 1.0)",1,96.16666666666664,24693
"(0.8125, 0.9791666666666666)",2,96.16666666666656,24695
"(0.9208333333333332, 0.9916666666666668)",1,96.16666666666649,24696
"(0.8352941176470589, 0.9647058823529412)",1,96.16470588235282,24697
"(0.5344594594594595, 0.979391891891892)",1,96.1645270270271,24698
"(0.95, 0.9714285714285714)",2,96.16428571428573,24700
"(0.9392857142857144, 0.9607142857142856)",1,96.16428571428573,24701
"(0.8714285714285714, 0.9678571428571427)",1,96.16428571428573,24702
"(0.9607142857142856, 0.9714285714285714)",1,96.16428571428568,24703
"(0.9464285714285714, 0.9642857142857144)",1,96.16428571428564,24704
"(0.9607142857142856, 0.9642857142857144)",1,96.1642857142856,24705
"(0.8953488372093024, 0.9767441860465116)",1,96.16279069767457,24706
"(0.9302325581395348, 0.9767441860465116)",1,96.16279069767457,24707
"(0.7906976744186046, 0.9883720930232558)",1,96.16279069767452,24708
"(0.8023255813953488, 0.9883720930232558)",2,96.16279069767452,24710
"(0.8953488372093024, 0.9767441860465116)",2,96.16279069767452,24712
"(0.9186046511627908, 0.9767441860465116)",1,96.1627906976745,24713
"(0.7790697674418605, 0.9767441860465116)",1,96.1627906976745,24714
"(0.9186046511627908, 0.9767441860465116)",1,96.16279069767442,24715
"(0.872093023255814, 0.9651162790697676)",1,96.1627906976744,24716
"(0.7906976744186046, 0.9767441860465116)",1,96.1627906976744,24717
"(0.8604651162790697, 0.9767441860465116)",1,96.16279069767438,24718
"(0.8255813953488372, 0.9767441860465116)",1,96.16279069767435,24719
"(0.8837209302325582, 0.9883720930232558)",1,96.16279069767435,24720
"(0.8372093023255814, 0.9418604651162792)",2,96.16279069767434,24722
"(0.8604651162790697, 0.9767441860465116)",1,96.16279069767434,24723
"(0.8953488372093024, 0.9767441860465116)",1,96.16279069767432,24724
"(0.872093023255814, 0.9651162790697676)",1,96.16279069767432,24725
"(0.8372093023255814, 0.9767441860465116)",1,96.16279069767428,24726
"(0.8604651162790697, 0.9651162790697676)",1,96.16279069767415,24727
"(0.925, 0.975)",1,96.16249999999992,24728
"(0.925, 0.975)",1,96.1624999999999,24729
"(0.8875, 0.975)",1,96.16249999999988,24730
"(0.85, 0.975)",1,96.16249999999988,24731
"(0.912280701754386, 0.9692982456140352)",1,96.16228070175448,24732
"(0.6929824561403509, 0.9692982456140352)",3,96.16228070175444,24735
"(0.8859649122807017, 0.9692982456140352)",3,96.16228070175444,24738
"(0.7105263157894737, 0.9912280701754386)",3,96.16228070175436,24741
"(0.9607142857142856, 0.9642857142857144)",3,96.16071428571422,24744
"(0.9416666666666668, 0.9916666666666668)",1,96.15833333333332,24745
"(0.9125, 0.975)",1,96.15833333333327,24746
"(0.9583333333333334, 0.9958333333333332)",1,96.15833333333327,24747
"(0.8070175438596491, 0.9824561403508772)",1,96.1578947368422,24748
"(0.8070175438596491, 0.9649122807017544)",3,96.15789473684217,24751
"(0.9078947368421052, 0.9692982456140352)",2,96.15789473684217,24753
"(0.8070175438596491, 0.9736842105263158)",3,96.15789473684212,24756
"(0.9464285714285714, 0.9607142857142856)",1,96.15714285714296,24757
"(0.9321428571428572, 0.9535714285714286)",1,96.15714285714292,24758
"(0.9571428571428572, 0.9678571428571427)",1,96.15714285714289,24759
"(0.9571428571428572, 0.9571428571428572)",1,96.15714285714284,24760
"(0.8892857142857142, 0.9607142857142856)",3,96.1571428571428,24763
"(0.9428571428571428, 0.9642857142857144)",2,96.1571428571428,24765
"(0.8928571428571429, 0.9607142857142856)",1,96.1571428571428,24766
"(0.9428571428571428, 0.9607142857142856)",1,96.1571428571428,24767
"(0.9285714285714286, 0.9642857142857144)",3,96.15714285714274,24770
"(0.9464285714285714, 0.9642857142857144)",1,96.15714285714265,24771
"(0.9333333333333332, 0.9833333333333332)",1,96.15416666666668,24772
"(0.925, 0.975)",1,96.15416666666664,24773
"(0.8535714285714285, 0.9678571428571427)",2,96.15357142857144,24775
"(0.9357142857142856, 0.9642857142857144)",1,96.15357142857144,24776
"(0.8728070175438597, 0.9649122807017544)",1,96.15350877192988,24777
"(0.9429824561403508, 0.9692982456140352)",1,96.15350877192982,24778
"(0.5411764705882353, 0.9882352941176472)",1,96.15294117647048,24779
"(0.8611111111111112, 0.9722222222222222)",1,96.15277777777798,24780
"(0.7222222222222222, 0.9861111111111112)",1,96.15277777777796,24781
"(0.8472222222222222, 0.9722222222222222)",1,96.15277777777796,24782
"(0.8888888888888888, 0.9722222222222222)",1,96.15277777777796,24783
"(0.6944444444444444, 0.9861111111111112)",1,96.15277777777794,24784
"(0.8194444444444444, 0.9722222222222222)",1,96.15277777777794,24785
"(0.8611111111111112, 0.9722222222222222)",1,96.15277777777794,24786
"(0.8472222222222222, 0.9722222222222222)",2,96.15277777777794,24788
"(0.9444444444444444, 0.9861111111111112)",1,96.15277777777791,24789
"(0.9166666666666666, 0.9861111111111112)",1,96.15277777777791,24790
"(0.8888888888888888, 0.9722222222222222)",1,96.15277777777791,24791
"(0.8055555555555556, 0.9861111111111112)",1,96.15277777777791,24792
"(0.625, 0.9722222222222222)",1,96.15277777777791,24793
"(0.5555555555555556, 0.9861111111111112)",1,96.1527777777779,24794
"(0.8194444444444444, 0.9861111111111112)",1,96.1527777777779,24795
"(0.9166666666666666, 0.9861111111111112)",2,96.15277777777786,24797
"(0.9305555555555556, 1.0)",1,96.15277777777784,24798
"(0.8888888888888888, 1.0)",2,96.15277777777776,24800
"(0.8837209302325582, 0.9767441860465116)",4,96.15116279069784,24804
"(0.7906976744186046, 0.9767441860465116)",1,96.15116279069782,24805
"(0.8023255813953488, 0.9767441860465116)",1,96.15116279069778,24806
"(0.7558139534883721, 0.9767441860465116)",1,96.15116279069778,24807
"(0.8023255813953488, 0.9767441860465116)",1,96.15116279069775,24808
"(0.813953488372093, 0.9767441860465116)",1,96.15116279069775,24809
"(0.8837209302325582, 0.9767441860465116)",2,96.15116279069775,24811
"(0.4883720930232558, 1.0)",1,96.15116279069775,24812
"(0.9302325581395348, 0.9651162790697676)",1,96.15116279069775,24813
"(0.8488372093023255, 0.9883720930232558)",1,96.15116279069774,24814
"(0.8837209302325582, 0.9767441860465116)",2,96.15116279069774,24816
"(0.3372093023255814, 1.0)",1,96.1511627906977,24817
"(0.872093023255814, 0.9534883720930232)",1,96.15116279069768,24818
"(0.7790697674418605, 0.9767441860465116)",1,96.15116279069764,24819
"(0.8604651162790697, 0.9767441860465116)",1,96.15116279069764,24820
"(0.8372093023255814, 0.9767441860465116)",1,96.15116279069753,24821
"(0.9302325581395348, 0.9651162790697676)",2,96.15116279069753,24823
"(0.8953488372093024, 0.9651162790697676)",1,96.1511627906975,24824
"(0.8604651162790697, 0.9651162790697676)",1,96.1511627906975,24825
"(0.8372093023255814, 0.9651162790697676)",1,96.15116279069748,24826
"(0.9302325581395348, 0.9651162790697676)",1,96.15116279069748,24827
"(0.7325581395348837, 0.9651162790697676)",2,96.15116279069746,24829
"(0.8488372093023255, 0.9651162790697676)",1,96.1511627906974,24830
"(0.8833333333333333, 0.9833333333333332)",1,96.15000000000012,24831
"(0.9166666666666666, 0.9833333333333332)",1,96.15000000000008,24832
"(0.8666666666666667, 0.9833333333333332)",1,96.15000000000006,24833
"(0.8928571428571429, 0.9607142857142856)",1,96.15000000000006,24834
"(0.9666666666666668, 0.9833333333333332)",1,96.15000000000006,24835
"(0.9333333333333332, 0.9833333333333332)",2,96.15000000000006,24837
"(0.8666666666666667, 1.0)",1,96.15000000000003,24838
"(0.9285714285714286, 0.9678571428571427)",1,96.15000000000002,24839
"(0.9333333333333332, 1.0)",1,96.15000000000002,24840
"(0.8666666666666667, 1.0)",1,96.15,24841
"(0.8833333333333333, 1.0)",2,96.15,24843
"(0.9666666666666668, 1.0)",1,96.15,24844
"(0.5327702702702702, 0.9726351351351352)",1,96.14999999999998,24845
"(0.8625, 0.9708333333333332)",1,96.14999999999992,24846
"(0.9607142857142856, 0.9571428571428572)",3,96.14999999999992,24849
"(0.9375, 0.975)",1,96.14999999999988,24850
"(0.9357142857142856, 0.9642857142857144)",1,96.14999999999988,24851
"(0.9464285714285714, 0.975)",1,96.14999999999984,24852
"(0.8821428571428571, 0.9642857142857144)",1,96.14999999999978,24853
"(0.8245614035087719, 0.9736842105263158)",5,96.14912280701768,24858
"(0.9385964912280702, 0.9912280701754386)",1,96.14912280701756,24859
"(0.8552631578947368, 0.9912280701754386)",1,96.14912280701752,24860
"(0.8023648648648649, 0.9736486486486486)",1,96.14831081081078,24861
"(0.9642857142857144, 0.9714285714285714)",1,96.14642857142856,24862
"(0.9357142857142856, 0.9678571428571427)",1,96.14642857142854,24863
"(0.9607142857142856, 0.9607142857142856)",1,96.14642857142854,24864
"(0.925, 0.9714285714285714)",1,96.14642857142852,24865
"(0.9392857142857144, 0.9642857142857144)",1,96.14642857142852,24866
"(0.9285714285714286, 0.9642857142857144)",1,96.1464285714284,24867
"(0.8412162162162162, 0.9760135135135136)",1,96.14628378378367,24868
"(0.8552631578947368, 0.9692982456140352)",1,96.1447368421053,24869
"(0.9607142857142856, 0.9607142857142856)",3,96.14285714285715,24872
"(0.9607142857142856, 0.9571428571428572)",1,96.14285714285708,24873
"(0.9071428571428573, 0.9642857142857144)",3,96.14285714285708,24876
"(0.9392857142857144, 0.9642857142857144)",1,96.14285714285704,24877
"(0.9392857142857144, 0.9607142857142856)",1,96.14285714285704,24878
"(0.9035714285714286, 0.9607142857142856)",3,96.14285714285704,24881
"(0.8571428571428571, 0.9678571428571427)",1,96.14285714285704,24882
"(0.9607142857142856, 0.9642857142857144)",1,96.142857142857,24883
"(0.8928571428571429, 0.975)",2,96.14285714285698,24885
"(0.95, 0.9708333333333332)",2,96.14166666666664,24887
"(0.6280405405405406, 0.9766891891891892)",1,96.14054054054036,24888
"(0.9078947368421052, 0.9736842105263158)",3,96.14035087719304,24891
"(0.6798245614035088, 0.9736842105263158)",1,96.140350877193,24892
"(0.9078947368421052, 0.9692982456140352)",1,96.140350877193,24893
"(0.8157894736842105, 0.9736842105263158)",3,96.140350877193,24896
"(0.8953488372093024, 0.9767441860465116)",1,96.13953488372104,24897
"(0.8372093023255814, 0.9767441860465116)",1,96.139534883721,24898
"(0.8604651162790697, 0.9418604651162792)",1,96.13953488372098,24899
"(0.8837209302325582, 0.9767441860465116)",2,96.13953488372098,24901
"(0.8604651162790697, 0.9767441860465116)",2,96.13953488372096,24903
"(0.5465116279069767, 0.9767441860465116)",1,96.13953488372093,24904
"(0.9302325581395348, 0.9651162790697676)",1,96.13953488372093,24905
"(0.8372093023255814, 0.9767441860465116)",1,96.1395348837209,24906
"(0.8604651162790697, 0.9651162790697676)",1,96.1395348837209,24907
"(0.8372093023255814, 0.9534883720930232)",1,96.13953488372088,24908
"(0.7674418604651163, 0.9651162790697676)",1,96.13953488372088,24909
"(0.8953488372093024, 0.9651162790697676)",2,96.13953488372076,24911
"(0.9767441860465116, 0.9651162790697676)",2,96.13953488372076,24913
"(0.95, 0.9607142857142856)",1,96.1392857142859,24914
"(0.925, 0.9714285714285714)",1,96.1392857142857,24915
"(0.9607142857142856, 0.9714285714285714)",1,96.1392857142857,24916
"(0.9607142857142856, 0.9714285714285714)",1,96.13928571428568,24917
"(0.95, 0.9642857142857144)",1,96.13928571428568,24918
"(0.8535714285714285, 0.9678571428571427)",1,96.13928571428568,24919
"(0.9607142857142856, 0.9642857142857144)",3,96.13928571428566,24922
"(0.9035714285714286, 0.9607142857142856)",1,96.13928571428563,24923
"(0.8857142857142857, 0.9642857142857144)",3,96.13928571428562,24926
"(0.6944444444444444, 0.9861111111111112)",1,96.1388888888891,24927
"(0.7916666666666666, 0.9722222222222222)",1,96.13888888888908,24928
"(0.9444444444444444, 0.9722222222222222)",1,96.13888888888908,24929
"(0.8888888888888888, 0.9861111111111112)",1,96.13888888888908,24930
"(0.7083333333333334, 0.9861111111111112)",1,96.13888888888908,24931
"(0.875, 0.9722222222222222)",1,96.13888888888906,24932
"(0.8472222222222222, 0.9861111111111112)",1,96.13888888888906,24933
"(0.8611111111111112, 0.9583333333333334)",1,96.13888888888906,24934
"(0.7222222222222222, 0.9861111111111112)",2,96.13888888888904,24936
"(0.8611111111111112, 0.9861111111111112)",1,96.13888888888904,24937
"(0.8472222222222222, 0.9861111111111112)",1,96.13888888888904,24938
"(0.8611111111111112, 0.9722222222222222)",1,96.13888888888904,24939
"(0.8194444444444444, 0.9861111111111112)",2,96.13888888888904,24941
"(0.875, 0.9861111111111112)",2,96.13888888888904,24943
"(0.6944444444444444, 0.9722222222222222)",3,96.13888888888904,24946
"(0.75, 0.9861111111111112)",1,96.13888888888904,24947
"(0.8333333333333334, 0.9722222222222222)",1,96.138888888889,24948
"(0.7361111111111112, 0.9861111111111112)",1,96.138888888889,24949
"(0.875, 0.9861111111111112)",1,96.138888888889,24950
"(0.9583333333333334, 1.0)",1,96.13888888888896,24951
"(0.8055555555555556, 1.0)",1,96.13888888888894,24952
"(0.7083333333333334, 1.0)",1,96.13888888888891,24953
"(0.8888888888888888, 1.0)",1,96.13888888888891,24954
"(0.8333333333333334, 1.0)",2,96.13888888888889,24956
"(0.5972222222222222, 1.0)",2,96.13888888888889,24958
"(0.9125, 0.9833333333333332)",1,96.13749999999996,24959
"(0.975, 0.9708333333333332)",1,96.13749999999992,24960
"(0.9125, 0.9625)",1,96.1374999999999,24961
"(0.925, 0.975)",1,96.13749999999987,24962
"(0.8552631578947368, 0.9692982456140352)",1,96.13596491228088,24963
"(0.9142857142857144, 0.9607142857142856)",1,96.13571428571424,24964
"(0.95, 0.9607142857142856)",1,96.13571428571422,24965
"(0.9607142857142856, 0.9571428571428572)",3,96.1357142857142,24968
"(0.9678571428571427, 0.9607142857142856)",1,96.1357142857142,24969
"(0.9357142857142856, 0.9642857142857144)",3,96.13571428571416,24972
"(0.9214285714285714, 0.9642857142857144)",1,96.13571428571416,24973
"(0.8928571428571429, 0.9642857142857144)",1,96.13571428571412,24974
"(0.7666666666666667, 0.9666666666666668)",1,96.13333333333344,24975
"(0.9166666666666666, 1.0)",1,96.1333333333334,24976
"(0.8833333333333333, 1.0)",1,96.1333333333334,24977
"(0.9666666666666668, 1.0)",1,96.13333333333335,24978
"(1.0, 1.0)",1,96.13333333333335,24979
"(0.85, 1.0)",1,96.13333333333334,24980
"(0.8666666666666667, 1.0)",1,96.13333333333334,24981
"(0.8166666666666667, 1.0)",1,96.13333333333333,24982
"(0.9, 1.0)",1,96.13333333333333,24983
"(0.8833333333333333, 1.0)",2,96.13333333333333,24985
"(1.0, 1.0)",2,96.13333333333333,24987
"(0.9875, 0.9875)",1,96.13333333333333,24988
"(0.8875, 0.975)",1,96.13333333333328,24989
"(0.9666666666666668, 0.9958333333333332)",1,96.13333333333324,24990
"(0.9321428571428572, 0.9607142857142856)",1,96.13214285714288,24991
"(0.9071428571428573, 0.9607142857142856)",1,96.1321428571428,24992
"(0.9357142857142856, 0.9714285714285714)",1,96.1321428571428,24993
"(0.9571428571428572, 0.9642857142857144)",2,96.1321428571428,24995
"(0.9035714285714286, 0.9607142857142856)",3,96.1321428571428,24998
"(0.8928571428571429, 0.9678571428571427)",1,96.13214285714275,24999
"(0.9071428571428573, 0.9678571428571427)",1,96.13214285714275,25000
"(0.8952702702702703, 0.9695945945945946)",1,96.13209459459458,25001
"(0.8552631578947368, 0.9605263157894736)",2,96.1315789473685,25003
"(0.8991228070175439, 0.9605263157894736)",3,96.13157894736848,25006
"(0.7763157894736842, 0.9824561403508772)",1,96.13157894736848,25007
"(0.735472972972973, 0.9743243243243244)",1,96.13074324324316,25008
"(0.5949324324324324, 0.9763513513513512)",1,96.13040540540544,25009
"(0.9875, 0.9666666666666668)",1,96.12916666666672,25010
"(0.9291666666666668, 0.9541666666666668)",1,96.12916666666663,25011
"(0.9, 0.9916666666666668)",1,96.12916666666663,25012
"(0.9535714285714286, 0.9607142857142856)",1,96.1285714285715,25013
"(0.9071428571428573, 0.9642857142857144)",3,96.12857142857132,25016
"(0.8604651162790697, 0.9767441860465116)",1,96.12790697674436,25017
"(0.8023255813953488, 0.9767441860465116)",2,96.12790697674431,25019
"(0.8953488372093024, 0.9767441860465116)",1,96.12790697674431,25020
"(0.872093023255814, 0.9883720930232558)",1,96.12790697674428,25021
"(0.8255813953488372, 0.9767441860465116)",1,96.12790697674424,25022
"(0.8837209302325582, 1.0)",1,96.1279069767442,25023
"(0.9302325581395348, 0.9651162790697676)",1,96.1279069767442,25024
"(0.8604651162790697, 0.9767441860465116)",2,96.12790697674416,25026
"(0.8604651162790697, 0.9767441860465116)",2,96.12790697674416,25028
"(0.9186046511627908, 0.9651162790697676)",2,96.1279069767441,25030
"(0.7209302325581395, 0.9767441860465116)",2,96.12790697674406,25032
"(0.8837209302325582, 0.9651162790697676)",1,96.12790697674404,25033
"(0.6046511627906976, 0.9651162790697676)",1,96.127906976744,25034
"(0.8488372093023255, 0.9651162790697676)",2,96.127906976744,25036
"(0.8953488372093024, 0.9651162790697676)",1,96.127906976744,25037
"(0.9429824561403508, 0.9736842105263158)",1,96.12719298245618,25038
"(0.6537162162162162, 0.9736486486486486)",1,96.12635135135136,25039
"(0.5939189189189189, 0.9763513513513512)",1,96.12533783783772,25040
"(0.7222222222222222, 0.9861111111111112)",1,96.1250000000002,25041
"(0.875, 0.9722222222222222)",5,96.12500000000018,25046
"(0.625, 0.9861111111111112)",1,96.12500000000016,25047
"(0.8611111111111112, 0.9722222222222222)",2,96.12500000000016,25049
"(0.8194444444444444, 0.9861111111111112)",4,96.12500000000016,25053
"(0.8888888888888888, 0.9861111111111112)",1,96.12500000000016,25054
"(0.875, 0.9722222222222222)",1,96.12500000000016,25055
"(0.8333333333333334, 0.9722222222222222)",1,96.12500000000016,25056
"(0.5277777777777778, 0.9861111111111112)",1,96.12500000000016,25057
"(0.8333333333333334, 0.9861111111111112)",1,96.12500000000016,25058
"(0.9027777777777778, 0.9861111111111112)",4,96.12500000000016,25062
"(0.625, 0.9722222222222222)",1,96.12500000000016,25063
"(0.625, 0.9722222222222222)",1,96.12500000000014,25064
"(0.9027777777777778, 0.9722222222222222)",1,96.12500000000014,25065
"(0.7638888888888888, 0.9861111111111112)",1,96.12500000000014,25066
"(0.8888888888888888, 0.9861111111111112)",1,96.12500000000011,25067
"(0.8611111111111112, 0.9722222222222222)",1,96.12500000000011,25068
"(0.8888888888888888, 1.0)",1,96.12500000000011,25069
"(0.9625, 0.975)",1,96.12500000000011,25070
"(0.875, 0.9861111111111112)",1,96.1250000000001,25071
"(0.7916666666666666, 1.0)",1,96.12500000000004,25072
"(0.9357142857142856, 0.9678571428571427)",1,96.125,25073
"(0.9305555555555556, 0.9861111111111112)",1,96.125,25074
"(0.8333333333333334, 1.0)",2,96.125,25076
"(0.9444444444444444, 0.9861111111111112)",1,96.12499999999996,25077
"(0.9357142857142856, 0.9678571428571427)",1,96.12499999999994,25078
"(0.9125, 0.9666666666666668)",2,96.12499999999994,25080
"(0.9464285714285714, 0.9642857142857144)",1,96.1249999999999,25081
"(0.9642857142857144, 0.9678571428571427)",1,96.1249999999999,25082
"(0.9214285714285714, 0.9642857142857144)",3,96.12499999999989,25085
"(0.85, 0.975)",1,96.12499999999984,25086
"(0.825, 0.975)",1,96.12499999999984,25087
"(0.9571428571428572, 0.9642857142857144)",1,96.12499999999976,25088
"(0.8493243243243244, 0.972972972972973)",1,96.1229729729729,25089
"(0.8289473684210527, 0.9692982456140352)",1,96.12280701754396,25090
"(0.6929824561403509, 0.9692982456140352)",1,96.1228070175439,25091
"(0.706140350877193, 0.9912280701754386)",4,96.12280701754383,25095
"(0.9392857142857144, 0.9607142857142856)",1,96.12142857142864,25096
"(0.9035714285714286, 0.9678571428571427)",1,96.12142857142857,25097
"(0.925, 0.9642857142857144)",1,96.12142857142857,25098
"(0.875, 0.9642857142857144)",1,96.12142857142852,25099
"(0.9642857142857144, 0.9678571428571427)",1,96.12142857142852,25100
"(0.875, 0.9607142857142856)",1,96.1214285714285,25101
"(0.9607142857142856, 0.9678571428571427)",1,96.1214285714285,25102
"(0.9571428571428572, 0.9535714285714286)",1,96.1214285714285,25103
"(0.9464285714285714, 0.9642857142857144)",3,96.1214285714285,25106
"(0.9607142857142856, 0.9607142857142856)",1,96.12142857142848,25107
"(0.9535714285714286, 0.9607142857142856)",1,96.12142857142848,25108
"(0.9607142857142856, 0.9642857142857144)",3,96.12142857142848,25111
"(0.9107142857142856, 0.9642857142857144)",1,96.12142857142832,25112
"(0.925, 0.9625)",1,96.12083333333337,25113
"(0.8791666666666667, 0.975)",2,96.12083333333332,25115
"(0.925, 0.9708333333333332)",1,96.12083333333332,25116
"(0.7746621621621622, 0.9736486486486486)",1,96.11993243243242,25117
"(0.6037162162162162, 0.9743243243243244)",1,96.11891891891896,25118
"(0.8859649122807017, 0.9736842105263158)",1,96.11842105263167,25119
"(0.9571428571428572, 0.9678571428571427)",1,96.11785714285716,25120
"(0.9321428571428572, 0.9714285714285714)",1,96.11785714285712,25121
"(0.9642857142857144, 0.975)",3,96.11785714285712,25124
"(0.9642857142857144, 0.9714285714285714)",1,96.11785714285712,25125
"(0.9607142857142856, 0.9714285714285714)",2,96.1178571428571,25127
"(0.9357142857142856, 0.9607142857142856)",5,96.1178571428571,25132
"(0.9607142857142856, 0.9571428571428572)",1,96.1178571428571,25133
"(0.925, 0.9607142857142856)",3,96.1178571428571,25136
"(0.9428571428571428, 0.9642857142857144)",1,96.11785714285708,25137
"(0.8928571428571429, 0.9607142857142856)",1,96.11785714285708,25138
"(0.875, 0.9642857142857144)",6,96.11785714285706,25144
"(0.9142857142857144, 0.9678571428571427)",1,96.11785714285703,25145
"(0.9125, 0.965)",1,96.11750000000022,25146
"(0.85, 1.0)",1,96.1166666666668,25147
"(0.85, 1.0)",1,96.11666666666676,25148
"(0.75, 1.0)",1,96.11666666666672,25149
"(0.9, 0.9833333333333332)",2,96.11666666666672,25151
"(0.95, 0.9833333333333332)",1,96.11666666666672,25152
"(1.0, 1.0)",1,96.11666666666667,25153
"(0.9333333333333332, 1.0)",2,96.11666666666667,25155
"(0.85, 1.0)",2,96.11666666666667,25157
"(1.0, 1.0)",1,96.11666666666666,25158
"(0.8, 1.0)",1,96.11666666666666,25159
"(1.0, 1.0)",1,96.11666666666665,25160
"(0.9916666666666668, 0.95)",2,96.11666666666665,25162
"(0.8666666666666667, 0.975)",2,96.11666666666665,25164
"(0.85, 1.0)",1,96.11666666666665,25165
"(0.8255813953488372, 0.9767441860465116)",1,96.11627906976764,25166
"(0.8255813953488372, 0.9767441860465116)",1,96.11627906976764,25167
"(0.7906976744186046, 0.9767441860465116)",1,96.11627906976756,25168
"(0.8604651162790697, 0.9767441860465116)",1,96.11627906976756,25169
"(0.8604651162790697, 0.9767441860465116)",1,96.11627906976756,25170
"(0.9186046511627908, 0.9767441860465116)",1,96.11627906976756,25171
"(0.9186046511627908, 0.9883720930232558)",1,96.11627906976754,25172
"(0.8372093023255814, 0.9767441860465116)",1,96.11627906976751,25173
"(0.6162790697674418, 1.0)",1,96.11627906976749,25174
"(0.7674418604651163, 0.9767441860465116)",1,96.11627906976746,25175
"(0.872093023255814, 0.9651162790697676)",2,96.11627906976742,25177
"(0.7209302325581395, 0.9767441860465116)",1,96.11627906976732,25178
"(0.8837209302325582, 0.9651162790697676)",1,96.11627906976727,25179
"(0.6046511627906976, 0.9651162790697676)",1,96.11627906976724,25180
"(0.9302325581395348, 0.9651162790697676)",1,96.11627906976724,25181
"(0.7325581395348837, 0.9651162790697676)",1,96.11627906976722,25182
"(0.9642857142857144, 0.9642857142857144)",1,96.11428571428571,25183
"(0.9142857142857144, 0.9785714285714284)",1,96.11428571428569,25184
"(0.9571428571428572, 0.9678571428571427)",1,96.11428571428566,25185
"(0.9535714285714286, 0.9642857142857144)",2,96.11428571428564,25187
"(0.9, 0.9642857142857144)",1,96.11428571428564,25188
"(0.8928571428571429, 0.9607142857142856)",1,96.11428571428564,25189
"(0.9285714285714286, 0.9678571428571427)",1,96.1142857142856,25190
"(0.9607142857142856, 0.9642857142857144)",1,96.11428571428551,25191
"(0.9428571428571428, 0.9642857142857144)",1,96.11428571428551,25192
"(0.8771929824561403, 0.9780701754385964)",1,96.1140350877194,25193
"(0.7456140350877193, 0.9780701754385964)",1,96.1140350877194,25194
"(0.8859649122807017, 0.9736842105263158)",1,96.11403508771936,25195
"(0.8771929824561403, 0.9780701754385964)",3,96.11403508771936,25198
"(0.8464912280701754, 0.9649122807017544)",2,96.11403508771934,25200
"(0.6228070175438597, 0.9780701754385964)",1,96.11403508771934,25201
"(0.6391891891891892, 0.9736486486486486)",1,96.11351351351352,25202
"(0.9125, 0.9916666666666668)",1,96.11249999999995,25203
"(0.775, 0.975)",1,96.11249999999993,25204
"(0.85, 0.9625)",1,96.11249999999993,25205
"(0.825, 0.975)",1,96.1124999999999,25206
"(0.9, 0.975)",1,96.1124999999999,25207
"(0.625, 0.9722222222222222)",1,96.11111111111131,25208
"(0.6944444444444444, 0.9861111111111112)",2,96.11111111111131,25210
"(0.875, 0.9722222222222222)",1,96.1111111111113,25211
"(0.7222222222222222, 0.9722222222222222)",1,96.1111111111113,25212
"(0.8055555555555556, 0.9861111111111112)",1,96.1111111111113,25213
"(0.9444444444444444, 0.9861111111111112)",1,96.1111111111113,25214
"(0.8611111111111112, 0.9722222222222222)",1,96.11111111111128,25215
"(0.875, 0.9722222222222222)",1,96.11111111111128,25216
"(0.9861111111111112, 0.9722222222222222)",1,96.11111111111128,25217
"(0.9027777777777778, 0.9861111111111112)",1,96.11111111111128,25218
"(0.8611111111111112, 0.9861111111111112)",1,96.11111111111128,25219
"(0.9166666666666666, 0.9722222222222222)",1,96.11111111111128,25220
"(0.8333333333333334, 0.9861111111111112)",1,96.11111111111128,25221
"(0.8194444444444444, 0.9861111111111112)",1,96.11111111111128,25222
"(0.8055555555555556, 0.9861111111111112)",1,96.11111111111128,25223
"(0.8055555555555556, 0.9861111111111112)",1,96.11111111111128,25224
"(0.8472222222222222, 0.9583333333333334)",1,96.11111111111128,25225
"(0.9444444444444444, 0.9861111111111112)",4,96.11111111111128,25229
"(0.8611111111111112, 0.9722222222222222)",1,96.11111111111126,25230
"(0.8472222222222222, 0.9722222222222222)",2,96.11111111111126,25232
"(0.7638888888888888, 0.9861111111111112)",2,96.11111111111124,25234
"(0.875, 0.9861111111111112)",1,96.11111111111124,25235
"(0.8333333333333334, 1.0)",1,96.1111111111112,25236
"(0.8611111111111112, 1.0)",2,96.1111111111112,25238
"(0.9305555555555556, 1.0)",1,96.1111111111112,25239
"(0.8472222222222222, 0.9722222222222222)",1,96.11111111111116,25240
"(0.95, 0.9678571428571427)",1,96.11071428571437,25241
"(0.8857142857142857, 0.9607142857142856)",1,96.11071428571432,25242
"(0.9535714285714286, 0.9535714285714286)",1,96.11071428571428,25243
"(0.9607142857142856, 0.9642857142857144)",1,96.11071428571424,25244
"(0.9571428571428572, 0.9678571428571427)",3,96.11071428571424,25247
"(0.9571428571428572, 0.9642857142857144)",1,96.11071428571424,25248
"(0.95, 0.9642857142857144)",3,96.11071428571422,25251
"(0.9535714285714286, 0.9535714285714286)",1,96.1107142857142,25252
"(0.5075, 0.985)",1,96.11,25253
"(0.7719298245614035, 0.9736842105263158)",1,96.10964912280714,25254
"(0.8464912280701754, 0.9649122807017544)",3,96.10964912280708,25257
"(0.868421052631579, 0.9649122807017544)",3,96.10964912280708,25260
"(0.8728070175438597, 0.986842105263158)",3,96.10964912280704,25263
"(0.5138513513513514, 0.9780405405405406)",1,96.10945945945942,25264
"(0.8087837837837838, 0.9736486486486486)",1,96.1091216216216,25265
"(0.5875, 0.975)",1,96.10875000000011,25266
"(0.8135135135135135, 0.9712837837837838)",1,96.1081081081081,25267
"(0.5773648648648648, 0.972972972972973)",1,96.10743243243238,25268
"(0.8857142857142857, 0.9571428571428572)",1,96.10714285714282,25269
"(0.9642857142857144, 0.9785714285714284)",1,96.1071428571428,25270
"(0.9035714285714286, 0.9607142857142856)",1,96.10714285714278,25271
"(0.9571428571428572, 0.9678571428571427)",1,96.10714285714276,25272
"(0.8857142857142857, 0.9607142857142856)",2,96.10714285714276,25274
"(0.7412280701754386, 0.9692982456140352)",1,96.10526315789475,25275
"(0.9418604651162792, 0.9883720930232558)",1,96.10465116279089,25276
"(0.8372093023255814, 0.9767441860465116)",1,96.10465116279086,25277
"(0.872093023255814, 0.9883720930232558)",1,96.10465116279082,25278
"(0.8604651162790697, 0.9883720930232558)",1,96.1046511627908,25279
"(0.7209302325581395, 0.9767441860465116)",1,96.10465116279076,25280
"(0.7790697674418605, 0.9883720930232558)",1,96.10465116279076,25281
"(0.8023255813953488, 0.9767441860465116)",1,96.10465116279076,25282
"(0.8488372093023255, 0.9767441860465116)",1,96.10465116279076,25283
"(0.7558139534883721, 0.9883720930232558)",1,96.10465116279076,25284
"(0.9186046511627908, 1.0)",1,96.10465116279074,25285
"(0.872093023255814, 1.0)",1,96.10465116279072,25286
"(0.9418604651162792, 0.9534883720930232)",1,96.1046511627907,25287
"(0.4767441860465116, 0.9651162790697676)",1,96.10465116279067,25288
"(0.9186046511627908, 1.0)",1,96.10465116279067,25289
"(0.9302325581395348, 0.9767441860465116)",1,96.10465116279067,25290
"(0.7674418604651163, 1.0)",1,96.10465116279067,25291
"(0.7790697674418605, 0.9767441860465116)",1,96.10465116279056,25292
"(0.813953488372093, 0.9651162790697676)",1,96.10465116279052,25293
"(0.8837209302325582, 0.9651162790697676)",2,96.10465116279052,25295
"(0.872093023255814, 0.9651162790697676)",1,96.1046511627905,25296
"(0.8953488372093024, 0.9651162790697676)",1,96.10465116279047,25297
"(0.8023255813953488, 0.9651162790697676)",1,96.10465116279046,25298
"(0.9125, 0.9833333333333332)",2,96.10416666666669,25300
"(0.925, 0.9875)",1,96.10416666666666,25301
"(0.95, 0.975)",2,96.1035714285714,25303
"(0.9392857142857144, 0.9607142857142856)",6,96.10357142857136,25309
"(0.925, 0.9678571428571427)",1,96.10357142857134,25310
"(0.9175, 0.9625)",1,96.10250000000003,25311
"(0.912280701754386, 0.9605263157894736)",1,96.1008771929825,25312
"(0.8333333333333334, 1.0)",2,96.1000000000001,25314
"(0.9, 1.0)",1,96.10000000000008,25315
"(0.95, 0.9678571428571427)",1,96.10000000000008,25316
"(1.0, 1.0)",1,96.10000000000008,25317
"(0.9666666666666668, 0.9833333333333332)",1,96.10000000000008,25318
"(0.9166666666666666, 1.0)",1,96.10000000000004,25319
"(0.9875, 0.9708333333333332)",1,96.1,25320
"(1.0, 1.0)",1,96.1,25321
"(0.9416666666666668, 0.9666666666666668)",1,96.1,25322
"(0.9833333333333332, 1.0)",1,96.1,25323
"(0.85, 1.0)",2,96.1,25325
"(1.0, 0.8291666666666667)",1,96.09999999999997,25326
"(0.9214285714285714, 0.9678571428571427)",1,96.09999999999994,25327
"(0.9375, 0.975)",1,96.09999999999994,25328
"(0.9, 0.9642857142857144)",3,96.09999999999992,25331
"(0.9607142857142856, 0.9678571428571427)",1,96.09999999999992,25332
"(0.8958333333333334, 0.9916666666666668)",1,96.09999999999992,25333
"(0.925, 0.975)",2,96.09999999999992,25335
"(0.9357142857142856, 0.9571428571428572)",1,96.09999999999992,25336
"(0.925, 0.9678571428571427)",1,96.0999999999999,25337
"(0.9, 0.975)",1,96.0999999999999,25338
"(0.8958333333333334, 0.9916666666666668)",1,96.09999999999988,25339
"(0.4166666666666667, 0.9861111111111112)",1,96.09722222222244,25340
"(0.8472222222222222, 0.9722222222222222)",1,96.09722222222244,25341
"(0.8055555555555556, 0.9861111111111112)",1,96.0972222222224,25342
"(0.8472222222222222, 0.9861111111111112)",1,96.0972222222224,25343
"(0.8611111111111112, 0.9861111111111112)",3,96.0972222222224,25346
"(0.8472222222222222, 0.9722222222222222)",4,96.0972222222224,25350
"(0.8194444444444444, 0.9722222222222222)",1,96.0972222222224,25351
"(0.7638888888888888, 0.9861111111111112)",1,96.0972222222224,25352
"(0.8472222222222222, 0.9722222222222222)",1,96.09722222222238,25353
"(0.8194444444444444, 0.9861111111111112)",1,96.09722222222238,25354
"(0.9305555555555556, 1.0)",1,96.09722222222238,25355
"(0.8472222222222222, 0.9861111111111112)",2,96.09722222222238,25357
"(0.9027777777777778, 0.9722222222222222)",1,96.09722222222238,25358
"(0.6944444444444444, 0.9861111111111112)",1,96.09722222222238,25359
"(0.875, 0.9861111111111112)",1,96.09722222222238,25360
"(0.8055555555555556, 0.9722222222222222)",2,96.09722222222238,25362
"(0.8888888888888888, 0.9722222222222222)",1,96.09722222222238,25363
"(0.8888888888888888, 0.9861111111111112)",1,96.09722222222236,25364
"(0.8611111111111112, 0.9722222222222222)",1,96.09722222222236,25365
"(0.8194444444444444, 0.9861111111111112)",4,96.09722222222236,25369
"(0.9027777777777778, 0.9722222222222222)",2,96.09722222222236,25371
"(0.875, 0.9722222222222222)",1,96.09722222222236,25372
"(0.8888888888888888, 0.9861111111111112)",1,96.09722222222236,25373
"(0.9583333333333334, 1.0)",1,96.09722222222234,25374
"(0.7638888888888888, 1.0)",1,96.09722222222231,25375
"(0.7638888888888888, 0.9861111111111112)",2,96.0972222222223,25377
"(0.8472222222222222, 1.0)",1,96.09722222222229,25378
"(0.875, 1.0)",2,96.09722222222229,25380
"(0.9027777777777778, 1.0)",2,96.09722222222224,25382
"(0.9027777777777778, 1.0)",1,96.0972222222222,25383
"(0.6805555555555556, 1.0)",1,96.0972222222222,25384
"(0.7777777777777778, 1.0)",2,96.0972222222222,25386
"(0.8091216216216216, 0.9800675675675676)",1,96.09695945945955,25387
"(0.9107142857142856, 0.9714285714285714)",1,96.09642857142852,25388
"(0.9607142857142856, 0.9678571428571427)",1,96.09642857142843,25389
"(0.9166666666666666, 0.9625)",1,96.09583333333336,25390
"(0.9875, 0.9958333333333332)",1,96.09583333333336,25391
"(0.925, 0.9625)",1,96.09583333333336,25392
"(0.9666666666666668, 0.9833333333333332)",2,96.09583333333326,25394
"(0.825, 0.9916666666666668)",1,96.09583333333322,25395
"(0.5176470588235295, 0.976470588235294)",1,96.09411764705877,25396
"(0.7790697674418605, 0.9767441860465116)",1,96.09302325581407,25397
"(0.872093023255814, 0.9767441860465116)",1,96.09302325581407,25398
"(0.7790697674418605, 0.9767441860465116)",1,96.09302325581406,25399
"(0.8255813953488372, 0.9883720930232558)",1,96.09302325581406,25400
"(0.8488372093023255, 0.9883720930232558)",1,96.09302325581405,25401
"(0.8255813953488372, 0.9883720930232558)",1,96.09302325581405,25402
"(0.8023255813953488, 0.9767441860465116)",1,96.09302325581405,25403
"(0.8837209302325582, 0.9767441860465116)",1,96.09302325581402,25404
"(0.8604651162790697, 0.9767441860465116)",1,96.093023255814,25405
"(0.8372093023255814, 0.9534883720930232)",1,96.09302325581396,25406
"(0.8488372093023255, 0.9767441860465116)",1,96.09302325581396,25407
"(0.8604651162790697, 0.9534883720930232)",2,96.09302325581392,25409
"(0.872093023255814, 0.9651162790697676)",1,96.09302325581388,25410
"(0.7441860465116279, 0.9651162790697676)",1,96.09302325581378,25411
"(0.8023255813953488, 0.9651162790697676)",1,96.09302325581378,25412
"(0.872093023255814, 0.9651162790697676)",1,96.09302325581378,25413
"(0.8372093023255814, 0.9651162790697676)",1,96.09302325581378,25414
"(0.7325581395348837, 0.9651162790697676)",2,96.09302325581376,25416
"(0.8488372093023255, 0.9651162790697676)",1,96.09302325581372,25417
"(0.872093023255814, 0.9651162790697676)",2,96.09302325581372,25419
"(0.8678571428571429, 0.9607142857142856)",4,96.09285714285711,25423
"(0.9357142857142856, 0.9678571428571427)",2,96.09285714285708,25425
"(0.9285714285714286, 0.9642857142857144)",3,96.09285714285704,25428
"(0.9678571428571427, 0.9714285714285714)",1,96.092857142857,25429
"(0.8771929824561403, 0.9649122807017544)",1,96.09210526315798,25430
"(0.8552631578947368, 0.9912280701754386)",1,96.09210526315788,25431
"(0.5817567567567568, 0.9763513513513512)",1,96.09189189189186,25432
"(0.9708333333333332, 1.0)",1,96.09166666666668,25433
"(0.925, 0.9833333333333332)",1,96.09166666666664,25434
"(0.9875, 0.8583333333333333)",1,96.09166666666658,25435
"(0.9428571428571428, 0.9607142857142856)",4,96.08928571428572,25439
"(0.9535714285714286, 0.9571428571428572)",3,96.08928571428568,25442
"(0.8571428571428571, 0.975)",3,96.08928571428568,25445
"(0.9035714285714286, 0.9642857142857144)",1,96.08928571428558,25446
"(0.7675438596491229, 0.9912280701754386)",4,96.0877192982456,25450
"(0.8375, 0.9875)",2,96.08749999999998,25452
"(0.925, 0.9875)",1,96.08749999999996,25453
"(0.925, 0.975)",1,96.0874999999999,25454
"(0.9, 0.975)",1,96.08749999999988,25455
"(0.9428571428571428, 0.9607142857142856)",1,96.08571428571427,25456
"(0.9428571428571428, 0.9571428571428572)",3,96.08571428571426,25459
"(0.8857142857142857, 0.9642857142857144)",1,96.08571428571425,25460
"(0.925, 0.9678571428571427)",1,96.08571428571425,25461
"(0.8785714285714286, 0.9607142857142856)",3,96.0857142857142,25464
"(0.925, 0.95)",2,96.0857142857142,25466
"(0.5945945945945946, 0.9773648648648648)",1,96.08513513513506,25467
"(0.8162162162162162, 0.9736486486486486)",1,96.08378378378376,25468
"(0.6944444444444444, 0.9861111111111112)",1,96.08333333333354,25469
"(0.8611111111111112, 0.9722222222222222)",1,96.08333333333354,25470
"(0.75, 0.9722222222222222)",1,96.08333333333351,25471
"(0.9444444444444444, 0.9722222222222222)",1,96.08333333333351,25472
"(0.8194444444444444, 0.9722222222222222)",1,96.08333333333351,25473
"(0.75, 0.9583333333333334)",1,96.08333333333351,25474
"(0.8611111111111112, 0.9722222222222222)",1,96.08333333333351,25475
"(0.8472222222222222, 0.9583333333333334)",1,96.0833333333335,25476
"(0.8611111111111112, 0.9861111111111112)",1,96.0833333333335,25477
"(0.8611111111111112, 0.9861111111111112)",1,96.08333333333348,25478
"(0.9305555555555556, 0.9861111111111112)",2,96.08333333333348,25480
"(0.8888888888888888, 0.9861111111111112)",1,96.08333333333348,25481
"(0.6805555555555556, 0.9861111111111112)",1,96.08333333333348,25482
"(0.8055555555555556, 0.9722222222222222)",1,96.08333333333348,25483
"(0.875, 0.9861111111111112)",1,96.08333333333348,25484
"(0.9027777777777778, 0.9722222222222222)",1,96.08333333333348,25485
"(0.8055555555555556, 0.9861111111111112)",1,96.08333333333348,25486
"(0.6944444444444444, 0.9861111111111112)",1,96.08333333333346,25487
"(0.7083333333333334, 1.0)",2,96.0833333333334,25489
"(0.95, 0.9833333333333332)",1,96.0833333333334,25490
"(0.8464912280701754, 0.986842105263158)",5,96.0833333333334,25495
"(0.8888888888888888, 0.9861111111111112)",1,96.0833333333334,25496
"(0.9666666666666668, 0.9833333333333332)",1,96.0833333333334,25497
"(0.9166666666666666, 1.0)",1,96.0833333333334,25498
"(0.9305555555555556, 1.0)",1,96.0833333333334,25499
"(0.75, 1.0)",1,96.08333333333336,25500
"(0.8, 1.0)",1,96.08333333333336,25501
"(0.6008771929824561, 0.9692982456140352)",1,96.08333333333336,25502
"(0.9166666666666666, 1.0)",1,96.08333333333334,25503
"(0.7333333333333333, 1.0)",1,96.08333333333334,25504
"(1.0, 1.0)",1,96.08333333333331,25505
"(0.9833333333333332, 1.0)",2,96.08333333333331,25507
"(0.75, 1.0)",2,96.08333333333331,25509
"(0.9333333333333332, 0.975)",2,96.08333333333324,25511
"(0.975, 0.9958333333333332)",1,96.0833333333332,25512
"(0.5141891891891892, 0.9756756756756756)",1,96.08310810810806,25513
"(0.9571428571428572, 0.9714285714285714)",1,96.0821428571429,25514
"(0.9357142857142856, 0.9607142857142856)",1,96.08214285714286,25515
"(0.9571428571428572, 0.9607142857142856)",1,96.0821428571428,25516
"(0.9285714285714286, 0.9678571428571427)",1,96.0821428571428,25517
"(0.9357142857142856, 0.9642857142857144)",1,96.0821428571428,25518
"(0.7209302325581395, 0.9767441860465116)",1,96.08139534883738,25519
"(0.8023255813953488, 0.9651162790697676)",1,96.0813953488373,25520
"(0.8837209302325582, 1.0)",1,96.0813953488373,25521
"(0.9302325581395348, 0.9651162790697676)",1,96.0813953488373,25522
"(0.5813953488372093, 0.9767441860465116)",1,96.08139534883728,25523
"(0.7558139534883721, 0.9883720930232558)",1,96.08139534883726,25524
"(0.8604651162790697, 0.9767441860465116)",1,96.08139534883726,25525
"(0.8023255813953488, 0.9767441860465116)",1,96.08139534883723,25526
"(0.6511627906976745, 0.9767441860465116)",1,96.08139534883723,25527
"(0.8488372093023255, 1.0)",1,96.08139534883723,25528
"(0.8023255813953488, 0.9767441860465116)",1,96.08139534883722,25529
"(0.8604651162790697, 0.9767441860465116)",1,96.0813953488372,25530
"(0.7674418604651163, 0.9767441860465116)",1,96.0813953488372,25531
"(0.8837209302325582, 0.9534883720930232)",1,96.08139534883718,25532
"(0.6162790697674418, 1.0)",1,96.08139534883718,25533
"(0.6744186046511628, 0.9534883720930232)",1,96.08139534883716,25534
"(0.9767441860465116, 0.9651162790697676)",1,96.08139534883703,25535
"(0.8372093023255814, 0.9651162790697676)",1,96.08139534883703,25536
"(0.8604651162790697, 0.9651162790697676)",1,96.08139534883703,25537
"(0.7325581395348837, 0.9651162790697676)",1,96.08139534883702,25538
"(0.872093023255814, 0.9651162790697676)",1,96.081395348837,25539
"(0.9302325581395348, 0.9651162790697676)",1,96.081395348837,25540
"(0.9302325581395348, 0.9651162790697676)",2,96.08139534883696,25542
"(0.8771929824561403, 0.9780701754385964)",1,96.07894736842115,25543
"(0.925438596491228, 0.986842105263158)",2,96.07894736842113,25545
"(0.8157894736842105, 0.9692982456140352)",3,96.07894736842113,25548
"(0.706140350877193, 0.9912280701754386)",1,96.07894736842104,25549
"(0.53, 0.985)",1,96.07874999999996,25550
"(0.9607142857142856, 0.975)",1,96.07857142857144,25551
"(0.9428571428571428, 0.9714285714285714)",1,96.07857142857138,25552
"(0.8928571428571429, 0.9607142857142856)",1,96.07857142857137,25553
"(0.9535714285714286, 0.9642857142857144)",2,96.07857142857137,25555
"(0.9607142857142856, 0.9678571428571427)",2,96.07857142857137,25557
"(0.9125, 0.9541666666666668)",2,96.07500000000002,25559
"(0.9291666666666668, 0.9916666666666668)",2,96.07499999999996,25561
"(0.9464285714285714, 0.9607142857142856)",3,96.07499999999996,25564
"(0.9571428571428572, 0.9678571428571427)",1,96.07499999999996,25565
"(0.9285714285714286, 0.9714285714285714)",2,96.07499999999996,25567
"(0.9357142857142856, 0.9678571428571427)",2,96.07499999999996,25569
"(0.9, 0.975)",1,96.07499999999996,25570
"(0.9571428571428572, 0.9607142857142856)",2,96.07499999999996,25572
"(0.9571428571428572, 0.9607142857142856)",3,96.07499999999996,25575
"(0.9607142857142856, 0.9607142857142856)",1,96.07499999999992,25576
"(0.9642857142857144, 0.9607142857142856)",3,96.0749999999999,25579
"(0.9428571428571428, 0.9642857142857144)",1,96.0749999999999,25580
"(0.8875, 0.975)",1,96.0749999999999,25581
"(0.775, 0.975)",1,96.0749999999999,25582
"(0.85, 0.975)",1,96.07499999999986,25583
"(0.9125, 0.9875)",1,96.07499999999985,25584
"(0.9298245614035088, 0.9736842105263158)",1,96.0745614035088,25585
"(0.7283783783783784, 0.9743243243243244)",1,96.07432432432437,25586
"(0.9175, 0.96)",1,96.0725,25587
"(0.95, 0.95)",1,96.07142857142856,25588
"(0.9392857142857144, 0.9607142857142856)",6,96.07142857142854,25594
"(0.9535714285714286, 0.9607142857142856)",3,96.07142857142854,25597
"(0.9392857142857144, 0.9678571428571427)",1,96.07142857142854,25598
"(0.8535714285714285, 0.9714285714285714)",1,96.07142857142853,25599
"(0.9178571428571428, 0.9607142857142856)",1,96.0714285714285,25600
"(0.95, 0.9875)",1,96.07083333333328,25601
"(0.8903508771929824, 0.9780701754385964)",1,96.07017543859658,25602
"(0.9429824561403508, 0.9780701754385964)",1,96.07017543859656,25603
"(0.8201754385964912, 0.9649122807017544)",1,96.07017543859656,25604
"(0.8070175438596491, 0.9736842105263158)",1,96.07017543859656,25605
"(0.8255813953488372, 0.9883720930232558)",1,96.06976744186058,25606
"(0.7674418604651163, 0.9883720930232558)",1,96.06976744186058,25607
"(0.9651162790697676, 0.9767441860465116)",1,96.06976744186056,25608
"(0.8604651162790697, 0.9767441860465116)",2,96.06976744186056,25610
"(0.6162790697674418, 0.9883720930232558)",1,96.06976744186056,25611
"(0.8023255813953488, 0.9767441860465116)",1,96.06976744186056,25612
"(0.6627906976744186, 0.9883720930232558)",1,96.06976744186052,25613
"(0.8604651162790697, 0.9767441860465116)",1,96.0697674418605,25614
"(0.8604651162790697, 0.9418604651162792)",1,96.0697674418604,25615
"(0.8953488372093024, 0.9651162790697676)",1,96.0697674418604,25616
"(0.8953488372093024, 0.9651162790697676)",1,96.06976744186032,25617
"(0.6046511627906976, 0.9651162790697676)",2,96.0697674418603,25619
"(0.8604651162790697, 0.9651162790697676)",1,96.0697674418603,25620
"(0.9069767441860463, 0.9651162790697676)",1,96.0697674418603,25621
"(0.8372093023255814, 0.9651162790697676)",1,96.06976744186028,25622
"(0.8837209302325582, 0.9534883720930232)",1,96.06976744186026,25623
"(0.8488372093023255, 0.9651162790697676)",1,96.06976744186024,25624
"(0.8953488372093024, 0.9651162790697676)",1,96.06976744186024,25625
"(0.8837209302325582, 0.9651162790697676)",1,96.06976744186024,25626
"(0.7325581395348837, 0.9651162790697676)",1,96.06976744186024,25627
"(0.9302325581395348, 0.9651162790697676)",2,96.0697674418602,25629
"(0.8055555555555556, 0.9861111111111112)",1,96.06944444444466,25630
"(0.75, 0.9861111111111112)",1,96.06944444444464,25631
"(0.8611111111111112, 0.9583333333333334)",1,96.06944444444464,25632
"(0.9166666666666666, 0.9722222222222222)",1,96.06944444444464,25633
"(0.8472222222222222, 0.9722222222222222)",1,96.06944444444464,25634
"(0.9305555555555556, 0.9861111111111112)",1,96.0694444444446,25635
"(0.8888888888888888, 0.9861111111111112)",1,96.0694444444446,25636
"(0.8472222222222222, 0.9861111111111112)",1,96.0694444444446,25637
"(0.8333333333333334, 0.9722222222222222)",1,96.0694444444446,25638
"(0.875, 0.9861111111111112)",2,96.0694444444446,25640
"(0.625, 1.0)",1,96.0694444444446,25641
"(0.8472222222222222, 0.9722222222222222)",2,96.0694444444446,25643
"(0.9027777777777778, 0.9861111111111112)",2,96.06944444444458,25645
"(0.7638888888888888, 0.9861111111111112)",1,96.06944444444456,25646
"(0.8333333333333334, 0.9861111111111112)",1,96.06944444444456,25647
"(0.8611111111111112, 0.9861111111111112)",1,96.06944444444456,25648
"(0.8472222222222222, 0.9722222222222222)",1,96.06944444444454,25649
"(0.8194444444444444, 0.9861111111111112)",1,96.06944444444454,25650
"(0.9166666666666666, 0.9861111111111112)",1,96.06944444444454,25651
"(0.9444444444444444, 0.9861111111111112)",2,96.06944444444451,25653
"(0.8928571428571429, 0.9571428571428572)",1,96.06785714285716,25654
"(0.9107142857142856, 0.9607142857142856)",3,96.06785714285714,25657
"(0.9464285714285714, 0.9678571428571427)",1,96.06785714285712,25658
"(0.95, 0.9642857142857144)",7,96.0678571428571,25665
"(0.875, 0.9642857142857144)",1,96.06785714285708,25666
"(0.9178571428571428, 0.975)",1,96.06785714285706,25667
"(0.9392857142857144, 0.9642857142857144)",6,96.06785714285704,25673
"(0.9833333333333332, 0.9833333333333332)",1,96.06666666666672,25674
"(0.9666666666666668, 0.9833333333333332)",1,96.06666666666672,25675
"(0.8166666666666667, 1.0)",1,96.06666666666672,25676
"(0.85, 1.0)",1,96.06666666666668,25677
"(0.9833333333333332, 1.0)",1,96.06666666666668,25678
"(0.9333333333333332, 1.0)",1,96.06666666666666,25679
"(0.85, 1.0)",3,96.06666666666666,25682
"(0.8666666666666667, 1.0)",1,96.06666666666663,25683
"(0.5108108108108108, 0.9800675675675676)",1,96.0658783783784,25684
"(0.7894736842105263, 0.9692982456140352)",1,96.0657894736843,25685
"(0.9473684210526316, 0.9912280701754386)",3,96.06578947368422,25688
"(0.9464285714285714, 0.9607142857142856)",4,96.0642857142857,25692
"(0.9214285714285714, 0.9642857142857144)",1,96.06428571428565,25693
"(0.9535714285714286, 0.9642857142857144)",3,96.06428571428565,25696
"(0.5408783783783784, 0.9743243243243244)",1,96.0631756756756,25697
"(0.9791666666666666, 0.9875)",2,96.0625,25699
"(0.9291666666666668, 0.9833333333333332)",1,96.0625,25700
"(0.9916666666666668, 0.9958333333333332)",4,96.06249999999984,25704
"(0.6228070175438597, 0.9692982456140352)",1,96.06140350877205,25705
"(0.925438596491228, 0.9824561403508772)",1,96.06140350877205,25706
"(0.7850877192982456, 0.9780701754385964)",3,96.06140350877205,25709
"(0.6929824561403509, 0.9692982456140352)",1,96.06140350877196,25710
"(0.925, 0.9607142857142856)",1,96.0607142857144,25711
"(0.95, 0.9642857142857144)",1,96.06071428571433,25712
"(0.4285714285714285, 0.975)",1,96.06071428571424,25713
"(0.9357142857142856, 0.9535714285714286)",1,96.06071428571424,25714
"(0.8928571428571429, 0.9607142857142856)",3,96.06071428571424,25717
"(0.95, 0.9607142857142856)",1,96.06071428571418,25718
"(0.9357142857142856, 0.9642857142857144)",1,96.06071428571416,25719
"(0.9, 0.9833333333333332)",1,96.05833333333337,25720
"(0.9333333333333332, 0.9875)",1,96.0583333333333,25721
"(0.9, 0.9916666666666668)",1,96.0583333333332,25722
"(0.8837209302325582, 0.9767441860465116)",1,96.05813953488386,25723
"(0.7674418604651163, 0.9767441860465116)",1,96.05813953488386,25724
"(0.813953488372093, 0.9883720930232558)",2,96.05813953488384,25726
"(0.5930232558139535, 0.9651162790697676)",1,96.0581395348838,25727
"(0.8372093023255814, 0.9767441860465116)",1,96.0581395348838,25728
"(0.7674418604651163, 0.9767441860465116)",1,96.05813953488378,25729
"(0.627906976744186, 1.0)",1,96.05813953488378,25730
"(0.872093023255814, 0.9767441860465116)",1,96.05813953488374,25731
"(0.8372093023255814, 0.9767441860465116)",1,96.0581395348837,25732
"(0.7209302325581395, 0.9767441860465116)",1,96.0581395348836,25733
"(0.8837209302325582, 0.9651162790697676)",1,96.05813953488357,25734
"(0.6046511627906976, 0.9651162790697676)",2,96.05813953488357,25736
"(0.872093023255814, 0.9651162790697676)",1,96.05813953488354,25737
"(0.8953488372093024, 0.9651162790697676)",1,96.05813953488348,25738
"(0.9302325581395348, 0.9651162790697676)",1,96.05813953488348,25739
"(0.9678571428571427, 0.9714285714285714)",2,96.05714285714284,25741
"(0.9535714285714286, 0.9607142857142856)",1,96.05714285714284,25742
"(0.9428571428571428, 0.9714285714285714)",1,96.05714285714282,25743
"(0.9535714285714286, 0.9607142857142856)",1,96.05714285714282,25744
"(0.9571428571428572, 0.9642857142857144)",1,96.05714285714276,25745
"(0.5108108108108108, 0.9780405405405406)",1,96.05709459459472,25746
"(0.5972222222222222, 0.9861111111111112)",1,96.0555555555558,25747
"(0.7638888888888888, 0.9722222222222222)",1,96.05555555555576,25748
"(0.9305555555555556, 0.9861111111111112)",1,96.05555555555576,25749
"(0.6944444444444444, 0.9861111111111112)",1,96.05555555555576,25750
"(0.9305555555555556, 0.9861111111111112)",1,96.05555555555574,25751
"(0.5972222222222222, 0.9861111111111112)",1,96.05555555555574,25752
"(0.8611111111111112, 0.9722222222222222)",1,96.05555555555574,25753
"(0.6944444444444444, 0.9722222222222222)",1,96.05555555555574,25754
"(0.9305555555555556, 0.9722222222222222)",1,96.05555555555574,25755
"(0.9027777777777778, 0.9722222222222222)",1,96.05555555555571,25756
"(0.625, 0.9722222222222222)",1,96.05555555555571,25757
"(0.8888888888888888, 0.9861111111111112)",1,96.05555555555571,25758
"(0.9305555555555556, 0.9722222222222222)",1,96.05555555555571,25759
"(0.7222222222222222, 0.9861111111111112)",1,96.05555555555571,25760
"(0.7361111111111112, 0.9861111111111112)",1,96.05555555555571,25761
"(0.875, 0.9722222222222222)",1,96.05555555555571,25762
"(0.7916666666666666, 0.9861111111111112)",1,96.05555555555571,25763
"(0.5, 0.9861111111111112)",1,96.05555555555571,25764
"(0.9027777777777778, 0.9861111111111112)",1,96.05555555555571,25765
"(0.5416666666666666, 0.9861111111111112)",1,96.0555555555557,25766
"(0.8611111111111112, 0.9722222222222222)",2,96.0555555555557,25768
"(0.6944444444444444, 0.9722222222222222)",1,96.0555555555557,25769
"(0.875, 0.9861111111111112)",1,96.05555555555569,25770
"(0.9861111111111112, 0.9861111111111112)",1,96.05555555555569,25771
"(0.8194444444444444, 0.9861111111111112)",1,96.05555555555569,25772
"(0.7916666666666666, 0.9722222222222222)",1,96.05555555555569,25773
"(0.9305555555555556, 0.9722222222222222)",1,96.05555555555569,25774
"(0.8888888888888888, 1.0)",1,96.05555555555566,25775
"(0.8611111111111112, 0.9861111111111112)",2,96.05555555555566,25777
"(0.8194444444444444, 1.0)",1,96.0555555555556,25778
"(0.8611111111111112, 1.0)",2,96.0555555555556,25780
"(0.9583333333333334, 1.0)",1,96.0555555555556,25781
"(0.75, 1.0)",1,96.05555555555556,25782
"(0.7083333333333334, 0.9861111111111112)",2,96.05555555555556,25784
"(0.7916666666666666, 1.0)",1,96.05555555555556,25785
"(0.8194444444444444, 0.9861111111111112)",2,96.05555555555556,25787
"(0.9208333333333332, 0.9708333333333332)",1,96.05416666666667,25788
"(0.8125, 0.9791666666666666)",2,96.0541666666666,25790
"(0.9571428571428572, 0.9642857142857144)",2,96.05357142857144,25792
"(0.9357142857142856, 0.9714285714285714)",1,96.0535714285714,25793
"(0.9535714285714286, 0.9678571428571427)",1,96.0535714285714,25794
"(0.875, 0.9642857142857144)",5,96.05357142857136,25799
"(0.8857142857142857, 0.9607142857142856)",3,96.05357142857132,25802
"(0.9429824561403508, 0.9912280701754386)",1,96.05263157894748,25803
"(0.8991228070175439, 0.9649122807017544)",3,96.05263157894746,25806
"(0.5939189189189189, 0.9739864864864864)",1,96.05236486486488,25807
"(0.8666666666666667, 1.0)",2,96.05000000000008,25809
"(0.8666666666666667, 1.0)",1,96.05000000000004,25810
"(0.9666666666666668, 0.9833333333333332)",1,96.05000000000004,25811
"(0.8333333333333334, 1.0)",1,96.05000000000004,25812
"(0.7666666666666667, 1.0)",1,96.05000000000004,25813
"(0.8928571428571429, 0.9678571428571427)",1,96.05000000000004,25814
"(0.9, 1.0)",1,96.05,25815
"(0.7166666666666667, 1.0)",1,96.05,25816
"(0.9458333333333332, 0.9916666666666668)",1,96.05,25817
"(0.9357142857142856, 0.9607142857142856)",3,96.05,25820
"(0.95, 1.0)",1,96.05,25821
"(0.8535714285714285, 0.975)",1,96.04999999999998,25822
"(0.9833333333333332, 1.0)",1,96.04999999999998,25823
"(0.9708333333333332, 0.9958333333333332)",1,96.04999999999995,25824
"(0.9714285714285714, 0.9535714285714286)",1,96.04999999999995,25825
"(0.8928571428571429, 0.9642857142857144)",1,96.04999999999995,25826
"(0.9458333333333332, 0.9666666666666668)",1,96.04999999999995,25827
"(0.9428571428571428, 0.975)",1,96.04999999999994,25828
"(0.8928571428571429, 0.9678571428571427)",1,96.04999999999993,25829
"(0.8857142857142857, 0.9607142857142856)",3,96.04999999999993,25832
"(0.8375, 0.9625)",1,96.04999999999993,25833
"(0.9071428571428573, 0.9642857142857144)",1,96.04999999999993,25834
"(0.9, 0.975)",1,96.04999999999988,25835
"(0.8125, 0.975)",1,96.04999999999988,25836
"(0.9916666666666668, 0.9958333333333332)",3,96.0499999999998,25839
"(0.868421052631579, 0.9780701754385964)",1,96.0482456140352,25840
"(0.8771929824561403, 0.9780701754385964)",1,96.04824561403515,25841
"(0.8552631578947368, 0.9649122807017544)",3,96.04824561403515,25844
"(0.7149122807017544, 0.9824561403508772)",1,96.04824561403515,25845
"(0.925438596491228, 0.956140350877193)",1,96.04824561403514,25846
"(0.8333333333333334, 0.9692982456140352)",1,96.04824561403512,25847
"(0.8255813953488372, 0.9767441860465116)",1,96.0465116279071,25848
"(0.8604651162790697, 0.9651162790697676)",2,96.04651162790708,25850
"(0.813953488372093, 0.9767441860465116)",1,96.04651162790708,25851
"(0.7558139534883721, 0.9767441860465116)",1,96.04651162790708,25852
"(0.8372093023255814, 0.9767441860465116)",1,96.04651162790702,25853
"(0.8837209302325582, 0.9767441860465116)",1,96.04651162790697,25854
"(0.7790697674418605, 0.9767441860465116)",1,96.04651162790694,25855
"(0.8372093023255814, 0.9767441860465116)",1,96.04651162790692,25856
"(0.7209302325581395, 0.9767441860465116)",1,96.04651162790692,25857
"(0.8837209302325582, 0.9651162790697676)",1,96.04651162790692,25858
"(0.8255813953488372, 0.9767441860465116)",1,96.04651162790692,25859
"(0.8837209302325582, 0.9534883720930232)",1,96.04651162790684,25860
"(0.8837209302325582, 0.9651162790697676)",1,96.0465116279068,25861
"(0.9571428571428572, 0.9607142857142856)",1,96.04642857142866,25862
"(0.95, 0.9875)",1,96.0458333333334,25863
"(0.9541666666666668, 0.9791666666666666)",1,96.04583333333336,25864
"(0.9583333333333334, 0.9958333333333332)",1,96.04583333333328,25865
"(0.6008771929824561, 0.9649122807017544)",3,96.0438596491229,25868
"(0.8728070175438597, 0.9649122807017544)",2,96.04385964912284,25870
"(0.95, 0.9678571428571427)",1,96.0428571428571,25871
"(0.9392857142857144, 0.9571428571428572)",3,96.0428571428571,25874
"(0.9285714285714286, 0.975)",1,96.04285714285707,25875
"(0.9607142857142856, 0.9642857142857144)",1,96.04285714285706,25876
"(0.9357142857142856, 0.9642857142857144)",1,96.04285714285696,25877
"(0.5391891891891892, 0.9766891891891892)",1,96.0422297297297,25878
"(0.75, 0.9722222222222222)",1,96.0416666666669,25879
"(0.7222222222222222, 0.9722222222222222)",1,96.0416666666669,25880
"(0.8472222222222222, 0.9722222222222222)",1,96.04166666666688,25881
"(0.8888888888888888, 0.9722222222222222)",1,96.04166666666688,25882
"(0.7916666666666666, 0.9861111111111112)",1,96.04166666666688,25883
"(0.7916666666666666, 0.9861111111111112)",1,96.04166666666686,25884
"(0.8194444444444444, 0.9861111111111112)",1,96.04166666666684,25885
"(0.8055555555555556, 0.9861111111111112)",4,96.04166666666684,25889
"(0.9305555555555556, 0.9722222222222222)",1,96.04166666666684,25890
"(0.9027777777777778, 0.9861111111111112)",3,96.04166666666684,25893
"(0.9166666666666666, 0.9722222222222222)",1,96.04166666666684,25894
"(0.5555555555555556, 0.9861111111111112)",1,96.04166666666684,25895
"(0.8611111111111112, 0.9722222222222222)",2,96.0416666666668,25897
"(0.8472222222222222, 0.9722222222222222)",1,96.0416666666668,25898
"(0.875, 0.9722222222222222)",1,96.0416666666668,25899
"(0.9444444444444444, 0.9722222222222222)",1,96.0416666666668,25900
"(0.9444444444444444, 0.9861111111111112)",2,96.04166666666676,25902
"(0.9583333333333334, 0.9861111111111112)",1,96.04166666666674,25903
"(0.9027777777777778, 1.0)",1,96.04166666666674,25904
"(0.9166666666666666, 1.0)",1,96.04166666666671,25905
"(0.7916666666666666, 1.0)",1,96.04166666666671,25906
"(0.875, 1.0)",1,96.04166666666671,25907
"(0.8333333333333334, 1.0)",1,96.04166666666671,25908
"(0.7361111111111112, 1.0)",1,96.04166666666669,25909
"(0.9875, 0.9958333333333332)",1,96.04166666666669,25910
"(0.9027777777777778, 1.0)",2,96.04166666666669,25912
"(0.9444444444444444, 1.0)",1,96.04166666666666,25913
"(0.9305555555555556, 1.0)",2,96.04166666666666,25915
"(0.8472222222222222, 1.0)",2,96.04166666666666,25917
"(0.522972972972973, 0.9777027027027028)",1,96.0415540540541,25918
"(0.5570945945945946, 0.979391891891892)",1,96.04020270270271,25919
"(0.84, 0.9575)",1,96.04000000000016,25920
"(0.5405405405405406, 0.975)",1,96.03952702702694,25921
"(0.7105263157894737, 0.9780701754385964)",1,96.03947368421063,25922
"(0.925, 0.9642857142857144)",4,96.03928571428575,25926
"(0.9571428571428572, 0.9714285714285714)",1,96.03928571428574,25927
"(0.9714285714285714, 0.9678571428571427)",1,96.0392857142857,25928
"(0.9392857142857144, 0.975)",1,96.03928571428564,25929
"(0.9285714285714286, 0.9642857142857144)",1,96.0392857142856,25930
"(0.825, 0.9625)",1,96.03749999999997,25931
"(0.8708333333333333, 0.9875)",1,96.03749999999997,25932
"(0.8625, 0.975)",2,96.03749999999997,25934
"(0.9, 0.9625)",1,96.03749999999992,25935
"(0.7875, 0.975)",1,96.03749999999988,25936
"(0.9, 0.975)",1,96.03749999999982,25937
"(0.9607142857142856, 0.975)",3,96.03571428571426,25940
"(0.9285714285714286, 0.9607142857142856)",3,96.03571428571423,25943
"(0.9607142857142856, 0.9607142857142856)",6,96.03571428571422,25949
"(0.8857142857142857, 0.9642857142857144)",1,96.0357142857142,25950
"(0.8071428571428572, 0.9571428571428572)",1,96.0357142857142,25951
"(0.8722972972972973, 0.9763513513513512)",1,96.035135135135,25952
"(0.8201754385964912, 0.9649122807017544)",3,96.03508771929832,25955
"(0.8991228070175439, 0.9649122807017544)",3,96.0350877192983,25958
"(0.8552631578947368, 0.9692982456140352)",1,96.0350877192983,25959
"(0.7149122807017544, 0.9736842105263158)",1,96.0350877192983,25960
"(0.8728070175438597, 0.9736842105263158)",1,96.03508771929828,25961
"(0.9473684210526316, 0.9736842105263158)",1,96.03508771929828,25962
"(0.6798245614035088, 0.9824561403508772)",1,96.03508771929828,25963
"(0.8837209302325582, 0.9767441860465116)",1,96.03488372093037,25964
"(0.9186046511627908, 0.9767441860465116)",1,96.03488372093037,25965
"(0.5930232558139535, 0.9767441860465116)",1,96.0348837209303,25966
"(0.8488372093023255, 0.9767441860465116)",1,96.03488372093024,25967
"(0.7209302325581395, 0.9883720930232558)",1,96.03488372093024,25968
"(0.7906976744186046, 1.0)",1,96.03488372093024,25969
"(0.8604651162790697, 0.9651162790697676)",1,96.0348837209302,25970
"(0.9302325581395348, 0.9651162790697676)",1,96.0348837209302,25971
"(0.8604651162790697, 0.9767441860465116)",1,96.03488372093018,25972
"(0.7093023255813954, 0.9651162790697676)",1,96.03488372093015,25973
"(0.8023255813953488, 0.9651162790697676)",1,96.03488372093008,25974
"(0.7441860465116279, 0.9651162790697676)",2,96.03488372093004,25976
"(0.8604651162790697, 0.9651162790697676)",3,96.03488372093004,25979
"(0.8023255813953488, 0.9534883720930232)",1,96.03488372093,25980
"(0.9666666666666668, 0.9833333333333332)",2,96.03333333333345,25982
"(0.95, 0.9833333333333332)",1,96.03333333333345,25983
"(0.85, 1.0)",1,96.03333333333342,25984
"(1.0, 0.9833333333333332)",1,96.0333333333334,25985
"(0.95, 0.9833333333333332)",1,96.0333333333334,25986
"(0.85, 1.0)",1,96.0333333333334,25987
"(0.9, 1.0)",1,96.03333333333336,25988
"(0.8666666666666667, 1.0)",2,96.03333333333336,25990
"(0.95, 1.0)",1,96.03333333333336,25991
"(1.0, 1.0)",1,96.03333333333332,25992
"(0.9791666666666666, 0.9958333333333332)",4,96.03333333333322,25996
"(0.9428571428571428, 0.9714285714285714)",2,96.03214285714286,25998
"(0.9392857142857144, 0.9678571428571427)",1,96.03214285714284,25999
"(0.9285714285714286, 0.9678571428571427)",1,96.0321428571428,26000
"(0.9035714285714286, 0.9642857142857144)",1,96.03214285714272,26001
"(0.8552631578947368, 0.9692982456140352)",1,96.03070175438602,26002
"(0.7456140350877193, 0.9780701754385964)",3,96.030701754386,26005
"(0.8333333333333334, 0.9736842105263158)",3,96.030701754386,26008
"(0.5273648648648649, 0.9733108108108108)",1,96.0304054054054,26009
"(0.539527027027027, 0.975)",1,96.02972972972964,26010
"(0.535472972972973, 0.9763513513513512)",1,96.0293918918919,26011
"(0.8916666666666667, 0.9916666666666668)",1,96.02916666666664,26012
"(0.9392857142857144, 0.9607142857142856)",5,96.02857142857152,26017
"(0.9607142857142856, 0.9678571428571427)",1,96.02857142857142,26018
"(0.9607142857142856, 0.9714285714285714)",1,96.0285714285714,26019
"(0.8194444444444444, 0.9722222222222222)",1,96.02777777777798,26020
"(0.8611111111111112, 0.9722222222222222)",1,96.02777777777798,26021
"(0.8333333333333334, 0.9722222222222222)",1,96.02777777777796,26022
"(0.8888888888888888, 0.9861111111111112)",1,96.02777777777796,26023
"(0.8055555555555556, 0.9722222222222222)",1,96.02777777777796,26024
"(0.5972222222222222, 0.9861111111111112)",1,96.02777777777796,26025
"(0.9027777777777778, 0.9861111111111112)",2,96.02777777777796,26027
"(0.8611111111111112, 0.9722222222222222)",1,96.02777777777796,26028
"(0.9027777777777778, 0.9861111111111112)",1,96.02777777777796,26029
"(0.8611111111111112, 0.9861111111111112)",1,96.02777777777794,26030
"(0.625, 0.9722222222222222)",1,96.02777777777794,26031
"(0.9027777777777778, 0.9722222222222222)",1,96.02777777777794,26032
"(0.8472222222222222, 0.9861111111111112)",4,96.02777777777794,26036
"(0.8888888888888888, 0.9861111111111112)",1,96.02777777777794,26037
"(0.8194444444444444, 0.9861111111111112)",2,96.02777777777794,26039
"(0.9444444444444444, 0.9722222222222222)",1,96.02777777777791,26040
"(0.8888888888888888, 0.9722222222222222)",1,96.02777777777791,26041
"(0.8333333333333334, 0.9861111111111112)",1,96.02777777777791,26042
"(0.875, 0.9722222222222222)",2,96.02777777777791,26044
"(0.9027777777777778, 0.9861111111111112)",1,96.0277777777779,26045
"(0.75, 0.9861111111111112)",1,96.0277777777779,26046
"(0.8055555555555556, 0.9861111111111112)",1,96.0277777777779,26047
"(0.9444444444444444, 0.9861111111111112)",1,96.02777777777789,26048
"(0.7777777777777778, 0.9861111111111112)",1,96.02777777777784,26049
"(0.7083333333333334, 1.0)",1,96.02777777777776,26050
"(0.75, 1.0)",1,96.02777777777776,26051
"(0.5408783783783784, 0.9756756756756756)",1,96.02736486486478,26052
"(0.8552631578947368, 0.9649122807017544)",3,96.02631578947374,26055
"(0.9535714285714286, 0.9607142857142856)",1,96.02500000000016,26056
"(0.9175, 0.9575)",1,96.02500000000006,26057
"(0.9321428571428572, 0.9642857142857144)",1,96.02500000000002,26058
"(0.9428571428571428, 0.9607142857142856)",1,96.025,26059
"(0.95, 0.9875)",1,96.02499999999996,26060
"(0.9, 0.9625)",2,96.02499999999992,26062
"(0.9, 0.975)",1,96.02499999999992,26063
"(0.9357142857142856, 0.9607142857142856)",1,96.02499999999992,26064
"(0.925, 0.975)",1,96.02499999999988,26065
"(0.8875, 0.975)",1,96.02499999999988,26066
"(0.8953488372093024, 0.9651162790697676)",1,96.02325581395333,26067
"(0.7325581395348837, 0.9651162790697676)",1,96.02325581395333,26068
"(0.7441860465116279, 0.9651162790697676)",6,96.02325581395333,26074
"(0.9302325581395348, 0.9651162790697676)",1,96.0232558139533,26075
"(0.872093023255814, 0.9651162790697676)",1,96.02325581395328,26076
"(0.8953488372093024, 0.9651162790697676)",2,96.02325581395328,26078
"(0.9302325581395348, 0.9651162790697676)",1,96.0232558139532,26079
"(0.93, 0.9625)",1,96.02250000000004,26080
"(0.75, 0.9824561403508772)",1,96.02192982456148,26081
"(0.9392857142857144, 0.9571428571428572)",1,96.02142857142866,26082
"(0.9428571428571428, 0.9607142857142856)",1,96.0214285714286,26083
"(0.925, 0.9642857142857144)",3,96.0214285714286,26086
"(0.9607142857142856, 0.9607142857142856)",1,96.0214285714286,26087
"(0.95, 0.9571428571428572)",1,96.0214285714286,26088
"(0.9392857142857144, 0.9678571428571427)",1,96.0214285714286,26089
"(0.8714285714285714, 0.9642857142857144)",1,96.02142857142844,26090
"(0.9166666666666666, 0.9666666666666668)",2,96.02083333333331,26092
"(0.9571428571428572, 0.95)",1,96.01785714285715,26093
"(0.9392857142857144, 0.9607142857142856)",1,96.01785714285712,26094
"(0.9428571428571428, 0.9678571428571427)",1,96.01785714285712,26095
"(0.9607142857142856, 0.975)",1,96.01785714285708,26096
"(0.6447368421052632, 0.9649122807017544)",1,96.0175438596492,26097
"(0.7149122807017544, 0.9692982456140352)",1,96.0175438596492,26098
"(0.8859649122807017, 0.9605263157894736)",2,96.01754385964918,26100
"(0.8552631578947368, 0.9649122807017544)",2,96.01754385964917,26102
"(0.95, 0.965)",1,96.01750000000024,26103
"(0.9275, 0.965)",1,96.01750000000014,26104
"(0.9666666666666668, 0.9833333333333332)",2,96.01666666666677,26106
"(0.9, 0.9833333333333332)",1,96.01666666666677,26107
"(0.95, 0.9833333333333332)",1,96.01666666666674,26108
"(0.9166666666666666, 0.9833333333333332)",1,96.01666666666674,26109
"(0.8833333333333333, 1.0)",1,96.01666666666674,26110
"(0.9666666666666668, 1.0)",1,96.01666666666668,26111
"(0.9, 1.0)",2,96.01666666666668,26113
"(0.85, 1.0)",1,96.01666666666668,26114
"(0.9333333333333332, 1.0)",2,96.01666666666668,26116
"(0.9666666666666668, 1.0)",2,96.01666666666664,26118
"(0.9333333333333332, 0.9916666666666668)",2,96.01666666666664,26120
"(0.95, 0.9916666666666668)",1,96.01666666666652,26121
"(0.95, 0.9607142857142856)",1,96.01428571428588,26122
"(0.9428571428571428, 0.9607142857142856)",1,96.01428571428578,26123
"(0.95, 0.9571428571428572)",1,96.01428571428576,26124
"(0.9357142857142856, 0.9642857142857144)",1,96.01428571428572,26125
"(0.9428571428571428, 0.9678571428571427)",3,96.01428571428572,26128
"(0.9464285714285714, 0.9642857142857144)",1,96.0142857142857,26129
"(0.9535714285714286, 0.9571428571428572)",1,96.0142857142857,26130
"(0.9535714285714286, 0.9642857142857144)",3,96.01428571428563,26133
"(0.9722222222222222, 0.9861111111111112)",2,96.0138888888891,26135
"(0.7777777777777778, 0.9861111111111112)",1,96.01388888888908,26136
"(0.8472222222222222, 0.9722222222222222)",1,96.01388888888908,26137
"(0.7083333333333334, 0.9861111111111112)",1,96.01388888888908,26138
"(0.6527777777777778, 0.9722222222222222)",1,96.01388888888906,26139
"(0.5, 0.9861111111111112)",1,96.01388888888906,26140
"(0.9444444444444444, 0.9722222222222222)",1,96.01388888888906,26141
"(0.7222222222222222, 0.9861111111111112)",1,96.01388888888906,26142
"(0.5277777777777778, 0.9861111111111112)",1,96.01388888888906,26143
"(0.7638888888888888, 0.9861111111111112)",1,96.01388888888906,26144
"(0.8194444444444444, 0.9722222222222222)",1,96.01388888888906,26145
"(0.9166666666666666, 0.9722222222222222)",1,96.01388888888906,26146
"(0.9166666666666666, 0.9583333333333334)",1,96.01388888888904,26147
"(0.7777777777777778, 0.9861111111111112)",1,96.01388888888904,26148
"(0.8888888888888888, 0.9861111111111112)",1,96.01388888888904,26149
"(0.7222222222222222, 0.9722222222222222)",1,96.01388888888904,26150
"(0.9305555555555556, 0.9722222222222222)",4,96.01388888888904,26154
"(0.8472222222222222, 0.9861111111111112)",1,96.01388888888904,26155
"(0.8611111111111112, 0.9722222222222222)",1,96.01388888888904,26156
"(0.8888888888888888, 1.0)",1,96.013888888889,26157
"(0.9861111111111112, 0.9722222222222222)",1,96.013888888889,26158
"(0.875, 0.9861111111111112)",2,96.013888888889,26160
"(0.8472222222222222, 0.9861111111111112)",1,96.013888888889,26161
"(0.9305555555555556, 0.9722222222222222)",1,96.013888888889,26162
"(0.7638888888888888, 0.9861111111111112)",1,96.013888888889,26163
"(0.75, 0.9861111111111112)",1,96.01388888888896,26164
"(0.8333333333333334, 1.0)",1,96.01388888888896,26165
"(0.7638888888888888, 1.0)",1,96.01388888888891,26166
"(0.7361111111111112, 1.0)",1,96.01388888888891,26167
"(0.9444444444444444, 1.0)",4,96.01388888888889,26171
"(0.8055555555555556, 1.0)",2,96.01388888888889,26173
"(0.9305555555555556, 1.0)",2,96.01388888888889,26175
"(0.75, 0.9780701754385964)",1,96.01315789473692,26176
"(0.7149122807017544, 0.9649122807017544)",1,96.01315789473688,26177
"(0.7412280701754386, 0.9824561403508772)",1,96.01315789473688,26178
"(0.9, 0.975)",1,96.01249999999992,26179
"(0.9375, 0.975)",2,96.0124999999999,26181
"(0.8953488372093024, 0.9883720930232558)",1,96.0116279069769,26182
"(0.7790697674418605, 0.9767441860465116)",1,96.0116279069769,26183
"(0.5930232558139535, 0.9767441860465116)",1,96.01162790697686,26184
"(0.8604651162790697, 0.9767441860465116)",1,96.01162790697684,26185
"(0.9186046511627908, 0.9767441860465116)",1,96.01162790697684,26186
"(0.9418604651162792, 0.9883720930232558)",1,96.01162790697676,26187
"(0.5465116279069767, 0.9534883720930232)",1,96.01162790697676,26188
"(0.7790697674418605, 0.9767441860465116)",1,96.01162790697676,26189
"(0.813953488372093, 0.9767441860465116)",1,96.01162790697671,26190
"(0.8372093023255814, 0.9767441860465116)",1,96.01162790697671,26191
"(0.9302325581395348, 0.9767441860465116)",1,96.01162790697668,26192
"(0.9186046511627908, 0.9651162790697676)",1,96.01162790697668,26193
"(0.8372093023255814, 0.9767441860465116)",1,96.01162790697664,26194
"(0.6744186046511628, 0.9651162790697676)",1,96.01162790697664,26195
"(0.8023255813953488, 0.9651162790697676)",1,96.0116279069766,26196
"(0.9767441860465116, 0.9651162790697676)",2,96.01162790697656,26198
"(0.6046511627906976, 0.9651162790697676)",2,96.01162790697656,26200
"(0.8488372093023255, 0.9651162790697676)",1,96.01162790697656,26201
"(0.8372093023255814, 0.9651162790697676)",2,96.01162790697656,26203
"(0.8255813953488372, 0.9651162790697676)",1,96.01162790697651,26204
"(0.872093023255814, 0.9651162790697676)",1,96.01162790697649,26205
"(0.5310810810810811, 0.9722972972972972)",1,96.01081081081075,26206
"(0.9535714285714286, 0.9607142857142856)",1,96.0107142857144,26207
"(0.9571428571428572, 0.9571428571428572)",5,96.01071428571436,26212
"(0.8928571428571429, 0.9678571428571427)",1,96.01071428571429,26213
"(0.875, 0.9607142857142856)",3,96.01071428571424,26216
"(0.9535714285714286, 0.9357142857142856)",2,96.01071428571424,26218
"(0.9214285714285714, 0.9607142857142856)",2,96.01071428571424,26220
"(0.9535714285714286, 0.9571428571428572)",1,96.01071428571422,26221
"(0.9428571428571428, 0.9642857142857144)",1,96.0107142857142,26222
"(0.8625, 0.965)",1,96.01000000000016,26223
"(0.522972972972973, 0.9760135135135136)",1,96.00945945945936,26224
"(0.5350877192982456, 0.9649122807017544)",1,96.00877192982465,26225
"(0.8552631578947368, 0.9692982456140352)",1,96.0087719298246,26226
"(0.8875, 0.9708333333333332)",1,96.0083333333334,26227
"(0.8875, 0.9791666666666666)",1,96.00833333333333,26228
"(0.9208333333333332, 0.9833333333333332)",1,96.00833333333328,26229
"(0.85, 0.9916666666666668)",1,96.0083333333332,26230
"(0.95, 0.9607142857142856)",3,96.00714285714284,26233
"(0.8678571428571429, 0.9642857142857144)",1,96.00714285714284,26234
"(0.95, 0.9607142857142856)",1,96.00714285714282,26235
"(0.8964285714285715, 0.9642857142857144)",1,96.0071428571428,26236
"(0.8964285714285715, 0.975)",1,96.00714285714275,26237
"(0.9142857142857144, 0.9678571428571427)",1,96.00714285714275,26238
"(0.8071428571428572, 0.9642857142857144)",1,96.00714285714275,26239
"(0.93, 0.9625)",1,96.00500000000012,26240
"(0.9225, 0.96)",1,96.00499999999984,26241
"(0.8289473684210527, 0.9780701754385964)",1,96.0043859649124,26242
"(0.8289473684210527, 0.9780701754385964)",1,96.00438596491236,26243
"(0.8859649122807017, 0.9649122807017544)",3,96.00438596491232,26246
"(0.7719298245614035, 0.9912280701754386)",1,96.00438596491232,26247
"(0.706140350877193, 0.9912280701754386)",1,96.00438596491227,26248
"(0.925, 0.975)",1,96.00416666666662,26249
"(0.9464285714285714, 0.9607142857142856)",1,96.0035714285714,26250
"(0.9428571428571428, 0.9607142857142856)",1,96.0035714285714,26251
"(0.9642857142857144, 0.9678571428571427)",1,96.0035714285714,26252
"(0.8928571428571429, 0.9642857142857144)",2,96.0035714285713,26254
"(0.6310810810810811, 0.9777027027027028)",1,96.00270270270272,26255
"(0.9305555555555556, 0.9861111111111112)",1,96.00000000000024,26256
"(0.6944444444444444, 0.9722222222222222)",1,96.0000000000002,26257
"(0.5465116279069767, 0.9767441860465116)",2,96.0000000000002,26259
"(0.6944444444444444, 0.9861111111111112)",1,96.00000000000018,26260
"(0.875, 0.9861111111111112)",1,96.00000000000016,26261
"(0.8472222222222222, 0.9722222222222222)",1,96.00000000000016,26262
"(0.9305555555555556, 0.9722222222222222)",1,96.00000000000016,26263
"(0.7222222222222222, 0.9722222222222222)",1,96.00000000000016,26264
"(0.8333333333333334, 0.9722222222222222)",1,96.00000000000014,26265
"(0.8055555555555556, 0.9722222222222222)",1,96.00000000000014,26266
"(0.625, 0.9722222222222222)",1,96.00000000000014,26267
"(0.8611111111111112, 0.9861111111111112)",2,96.00000000000014,26269
"(0.7674418604651163, 0.9883720930232558)",1,96.00000000000014,26270
"(0.5555555555555556, 0.9861111111111112)",1,96.00000000000011,26271
"(0.7638888888888888, 0.9861111111111112)",1,96.00000000000011,26272
"(0.7674418604651163, 0.9767441860465116)",2,96.00000000000011,26274
"(0.8604651162790697, 0.9651162790697676)",1,96.00000000000011,26275
"(0.8611111111111112, 0.9722222222222222)",1,96.00000000000011,26276
"(0.8201754385964912, 0.9649122807017544)",3,96.0000000000001,26279
"(0.8611111111111112, 0.9722222222222222)",4,96.0000000000001,26283
"(0.9333333333333332, 0.9833333333333332)",1,96.00000000000009,26284
"(0.9078947368421052, 0.9649122807017544)",2,96.00000000000009,26286
"(0.8611111111111112, 0.9861111111111112)",1,96.00000000000009,26287
"(0.8372093023255814, 0.9883720930232558)",1,96.00000000000009,26288
"(0.9035087719298246, 0.9692982456140352)",3,96.00000000000006,26291
"(0.8333333333333334, 1.0)",1,96.00000000000006,26292
"(0.9178571428571428, 0.9607142857142856)",1,96.00000000000004,26293
"(0.8928571428571429, 0.9607142857142856)",3,96.00000000000004,26296
"(0.75, 0.9824561403508772)",1,96.00000000000004,26297
"(0.8714285714285714, 0.9607142857142856)",1,96.00000000000004,26298
"(0.9333333333333332, 0.9833333333333332)",1,96.00000000000004,26299
"(0.9166666666666666, 1.0)",1,96.00000000000004,26300
"(0.8255813953488372, 0.9767441860465116)",1,96.00000000000004,26301
"(0.7790697674418605, 0.9767441860465116)",1,96.00000000000004,26302
"(0.8833333333333333, 1.0)",1,96.00000000000004,26303
"(0.8947368421052632, 0.9692982456140352)",2,96.00000000000004,26305
"(0.9444444444444444, 1.0)",4,96.0,26309
"(0.7674418604651163, 0.9767441860465116)",1,96.0,26310
"(0.9464285714285714, 0.9607142857142856)",1,96.0,26311
"(0.75, 1.0)",1,96.0,26312
"(0.7361111111111112, 1.0)",1,96.0,26313
"(1.0, 1.0)",1,96.0,26314
"(0.8255813953488372, 0.9883720930232558)",1,96.0,26315
"(0.9333333333333332, 1.0)",1,96.0,26316
"(0.8472222222222222, 1.0)",3,96.0,26319
"(0.7906976744186046, 0.9767441860465116)",1,96.0,26320
"(0.7, 1.0)",1,96.0,26321
"(0.8023255813953488, 0.9651162790697676)",1,95.99999999999996,26322
"(0.8837209302325582, 0.9767441860465116)",1,95.99999999999996,26323
"(0.9302325581395348, 0.9534883720930232)",2,95.99999999999994,26325
"(0.8372093023255814, 0.9883720930232558)",1,95.99999999999994,26326
"(0.5465116279069767, 0.9418604651162792)",1,95.99999999999994,26327
"(0.8375, 0.975)",1,95.99999999999994,26328
"(0.9428571428571428, 0.9678571428571427)",3,95.99999999999991,26331
"(0.7674418604651163, 0.9767441860465116)",2,95.99999999999991,26333
"(0.6744186046511628, 0.9767441860465116)",1,95.9999999999999,26334
"(0.775, 0.975)",1,95.99999999999989,26335
"(0.8953488372093024, 0.9651162790697676)",1,95.99999999999984,26336
"(0.9475, 0.95)",1,95.99750000000014,26337
"(0.7825, 0.9625)",1,95.99750000000007,26338
"(0.9357142857142856, 0.9607142857142856)",1,95.99642857142877,26339
"(0.95, 0.95)",1,95.99642857142857,26340
"(0.9607142857142856, 0.9714285714285714)",1,95.99642857142857,26341
"(0.4285714285714285, 0.9714285714285714)",1,95.99642857142857,26342
"(0.9571428571428572, 0.9607142857142856)",1,95.99642857142857,26343
"(0.9464285714285714, 0.9642857142857144)",1,95.99642857142854,26344
"(0.9571428571428572, 0.9678571428571427)",3,95.99642857142852,26347
"(0.9607142857142856, 0.9642857142857144)",3,95.99642857142852,26350
"(0.8892857142857142, 0.9535714285714286)",1,95.99642857142852,26351
"(0.9642857142857144, 0.9678571428571427)",1,95.99642857142848,26352
"(0.9642857142857144, 0.9607142857142856)",1,95.99642857142848,26353
"(0.9464285714285714, 0.9642857142857144)",1,95.99642857142844,26354
"(0.8071428571428572, 0.9678571428571427)",1,95.99642857142844,26355
"(0.5476351351351352, 0.975)",1,95.99628378378372,26356
"(0.75, 0.9756756756756756)",1,95.99594594594596,26357
"(0.8916666666666667, 0.9583333333333334)",2,95.99583333333337,26359
"(0.9333333333333332, 0.9875)",1,95.99583333333334,26360
"(0.8833333333333333, 0.9875)",1,95.99583333333332,26361
"(0.7412280701754386, 0.9780701754385964)",1,95.9956140350878,26362
"(0.6096491228070176, 0.9824561403508772)",5,95.99561403508778,26367
"(0.7149122807017544, 0.9824561403508772)",1,95.99561403508775,26368
"(0.5141891891891892, 0.9736486486486486)",1,95.99493243243242,26369
"(0.9392857142857144, 0.9607142857142856)",3,95.99285714285716,26372
"(0.9107142857142856, 0.9642857142857144)",1,95.99285714285712,26373
"(0.9392857142857144, 0.9607142857142856)",1,95.99285714285708,26374
"(0.9392857142857144, 0.9571428571428572)",1,95.99285714285703,26375
"(0.9392857142857144, 0.9678571428571427)",1,95.99285714285702,26376
"(0.8070175438596491, 0.9605263157894736)",1,95.99122807017552,26377
"(0.8552631578947368, 0.9736842105263158)",1,95.9912280701755,26378
"(0.8289473684210527, 0.9780701754385964)",1,95.99122807017548,26379
"(0.6929824561403509, 0.9780701754385964)",1,95.99122807017544,26380
"(0.5523648648648649, 0.9756756756756756)",1,95.989527027027,26381
"(0.95, 0.9571428571428572)",1,95.98928571428584,26382
"(0.9428571428571428, 0.9607142857142856)",1,95.98928571428576,26383
"(0.8857142857142857, 0.9607142857142856)",1,95.98928571428576,26384
"(0.8928571428571429, 0.9607142857142856)",4,95.98928571428569,26388
"(0.9642857142857144, 0.9571428571428572)",1,95.98928571428569,26389
"(0.9607142857142856, 0.9642857142857144)",1,95.98928571428569,26390
"(0.8928571428571429, 0.9642857142857144)",1,95.98928571428566,26391
"(0.9651162790697676, 0.9767441860465116)",1,95.9883720930234,26392
"(0.8837209302325582, 0.9767441860465116)",1,95.9883720930234,26393
"(0.8837209302325582, 1.0)",1,95.9883720930234,26394
"(0.7558139534883721, 0.9767441860465116)",2,95.98837209302336,26396
"(0.8604651162790697, 0.9767441860465116)",2,95.98837209302336,26398
"(0.8372093023255814, 0.9767441860465116)",1,95.98837209302336,26399
"(0.8023255813953488, 0.9651162790697676)",1,95.98837209302334,26400
"(0.9418604651162792, 0.9767441860465116)",1,95.98837209302332,26401
"(0.8953488372093024, 0.9767441860465116)",1,95.98837209302322,26402
"(0.8372093023255814, 0.9534883720930232)",1,95.98837209302314,26403
"(0.8604651162790697, 0.9767441860465116)",1,95.98837209302314,26404
"(0.9302325581395348, 0.9767441860465116)",1,95.98837209302314,26405
"(0.6046511627906976, 0.9651162790697676)",2,95.9883720930231,26407
"(0.813953488372093, 0.9651162790697676)",1,95.9883720930231,26408
"(0.6046511627906976, 0.9651162790697676)",1,95.98837209302307,26409
"(0.8372093023255814, 0.9651162790697676)",1,95.98837209302307,26410
"(0.8604651162790697, 0.9534883720930232)",1,95.98837209302305,26411
"(0.872093023255814, 0.9651162790697676)",1,95.98837209302302,26412
"(0.5442567567567568, 0.9746621621621622)",1,95.98817567567563,26413
"(0.755, 0.9625)",1,95.9875000000002,26414
"(0.9175, 0.9575)",1,95.98749999999995,26415
"(0.8375, 0.975)",1,95.98749999999994,26416
"(0.8125, 0.975)",1,95.98749999999993,26417
"(0.8375, 0.9625)",2,95.98749999999993,26419
"(0.9, 0.975)",1,95.98749999999993,26420
"(0.85, 0.975)",1,95.9874999999999,26421
"(0.9625, 0.9625)",1,95.98749999999986,26422
"(0.85, 0.975)",1,95.98749999999986,26423
"(0.5320945945945946, 0.9760135135135136)",1,95.98716216216212,26424
"(0.8070175438596491, 0.9824561403508772)",6,95.98684210526328,26430
"(0.8903508771929824, 0.9736842105263158)",1,95.98684210526322,26431
"(0.8728070175438597, 0.9692982456140352)",3,95.98684210526322,26434
"(0.6929824561403509, 0.9649122807017544)",2,95.9868421052632,26436
"(0.5273648648648649, 0.975)",1,95.9861486486486,26437
"(0.75, 0.9861111111111112)",1,95.98611111111131,26438
"(0.9583333333333334, 0.9722222222222222)",1,95.98611111111131,26439
"(0.9305555555555556, 0.9861111111111112)",1,95.98611111111131,26440
"(0.7222222222222222, 0.9722222222222222)",1,95.9861111111113,26441
"(0.625, 0.9722222222222222)",1,95.9861111111113,26442
"(0.8194444444444444, 0.9861111111111112)",1,95.9861111111113,26443
"(0.9305555555555556, 0.9861111111111112)",1,95.9861111111113,26444
"(0.6944444444444444, 0.9722222222222222)",1,95.98611111111128,26445
"(0.9305555555555556, 0.9722222222222222)",1,95.98611111111128,26446
"(0.5, 0.9861111111111112)",1,95.98611111111128,26447
"(0.8194444444444444, 0.9861111111111112)",1,95.98611111111128,26448
"(0.5416666666666666, 0.9861111111111112)",1,95.98611111111128,26449
"(0.875, 0.9861111111111112)",1,95.98611111111126,26450
"(0.8472222222222222, 0.9861111111111112)",1,95.98611111111126,26451
"(0.9305555555555556, 0.9861111111111112)",1,95.98611111111126,26452
"(0.875, 0.9861111111111112)",2,95.98611111111124,26454
"(0.7083333333333334, 1.0)",1,95.98611111111124,26455
"(0.75, 0.9861111111111112)",1,95.9861111111112,26456
"(0.8055555555555556, 1.0)",1,95.9861111111112,26457
"(0.7638888888888888, 1.0)",1,95.98611111111116,26458
"(0.9305555555555556, 1.0)",1,95.98611111111116,26459
"(0.8888888888888888, 0.9722222222222222)",1,95.98611111111116,26460
"(0.9583333333333334, 1.0)",1,95.98611111111116,26461
"(0.8611111111111112, 1.0)",1,95.98611111111114,26462
"(0.8472222222222222, 1.0)",1,95.9861111111111,26463
"(0.9428571428571428, 0.9571428571428572)",6,95.98571428571432,26469
"(0.9285714285714286, 0.9642857142857144)",3,95.98571428571428,26472
"(0.8071428571428572, 0.9607142857142856)",6,95.98571428571424,26478
"(0.9392857142857144, 0.9642857142857144)",1,95.98571428571424,26479
"(0.9464285714285714, 0.9607142857142856)",2,95.98571428571424,26481
"(0.9642857142857144, 0.9785714285714284)",1,95.98571428571422,26482
"(0.925, 0.9642857142857144)",1,95.98571428571412,26483
"(0.9035714285714286, 0.9642857142857144)",1,95.98571428571412,26484
"(0.5216216216216216, 0.9753378378378378)",1,95.98513513513508,26485
"(0.8166666666666667, 1.0)",1,95.98333333333348,26486
"(0.7166666666666667, 1.0)",1,95.98333333333343,26487
"(0.8833333333333333, 0.9833333333333332)",1,95.9833333333334,26488
"(0.8333333333333334, 1.0)",1,95.9833333333334,26489
"(0.9, 1.0)",1,95.9833333333334,26490
"(0.8166666666666667, 1.0)",1,95.9833333333334,26491
"(0.9, 0.9833333333333332)",1,95.9833333333334,26492
"(0.9666666666666668, 0.9833333333333332)",1,95.98333333333336,26493
"(0.9, 1.0)",1,95.98333333333336,26494
"(0.85, 1.0)",1,95.98333333333332,26495
"(1.0, 1.0)",1,95.98333333333332,26496
"(0.8166666666666667, 1.0)",1,95.98333333333332,26497
"(0.975, 0.9958333333333332)",4,95.98333333333323,26501
"(0.8225, 0.9625)",1,95.98250000000002,26502
"(0.9225, 0.9575)",1,95.98249999999987,26503
"(0.8640350877192983, 0.9692982456140352)",2,95.98245614035092,26505
"(0.868421052631579, 0.9824561403508772)",1,95.98245614035092,26506
"(0.9214285714285714, 0.9571428571428572)",3,95.98214285714292,26509
"(0.95, 0.9714285714285714)",2,95.98214285714286,26511
"(0.8928571428571429, 0.9678571428571427)",3,95.98214285714282,26514
"(0.9357142857142856, 0.9678571428571427)",1,95.9821428571428,26515
"(0.9214285714285714, 0.9642857142857144)",3,95.98214285714278,26518
"(0.7334459459459459, 0.9733108108108108)",1,95.97905405405405,26519
"(0.9321428571428572, 0.9607142857142856)",2,95.9785714285715,26521
"(0.9357142857142856, 0.9607142857142856)",4,95.97857142857144,26525
"(0.9214285714285714, 0.9571428571428572)",1,95.9785714285714,26526
"(0.9428571428571428, 0.9714285714285714)",1,95.97857142857136,26527
"(0.9785714285714284, 0.9678571428571427)",1,95.97857142857131,26528
"(0.875, 0.9607142857142856)",1,95.97857142857131,26529
"(0.8023255813953488, 0.9767441860465116)",2,95.9767441860466,26531
"(0.6511627906976745, 0.9651162790697676)",1,95.97674418604656,26532
"(0.872093023255814, 0.9534883720930232)",1,95.97674418604656,26533
"(0.4534883720930232, 0.9534883720930232)",1,95.97674418604652,26534
"(0.8255813953488372, 1.0)",1,95.97674418604652,26535
"(0.8604651162790697, 0.9651162790697676)",1,95.97674418604652,26536
"(0.6744186046511628, 0.9767441860465116)",1,95.97674418604647,26537
"(0.8255813953488372, 0.9883720930232558)",1,95.97674418604646,26538
"(0.8604651162790697, 0.9418604651162792)",1,95.97674418604645,26539
"(0.8372093023255814, 0.9534883720930232)",1,95.97674418604642,26540
"(0.8023255813953488, 0.9651162790697676)",1,95.97674418604636,26541
"(0.5697674418604651, 0.9767441860465116)",1,95.97674418604636,26542
"(0.872093023255814, 0.9651162790697676)",1,95.97674418604632,26543
"(0.8488372093023255, 0.9651162790697676)",3,95.97674418604632,26546
"(0.8953488372093024, 0.9651162790697676)",1,95.9767441860463,26547
"(0.872093023255814, 0.9651162790697676)",2,95.97674418604628,26549
"(0.6847972972972973, 0.9756756756756756)",1,95.9760135135135,26550
"(0.975, 0.9791666666666666)",1,95.9750000000001,26551
"(0.9642857142857144, 0.9714285714285714)",1,95.97500000000004,26552
"(0.9178571428571428, 0.9607142857142856)",1,95.97500000000002,26553
"(0.85, 0.975)",1,95.975,26554
"(0.9535714285714286, 0.975)",2,95.97499999999998,26556
"(0.9392857142857144, 0.9642857142857144)",1,95.97499999999998,26557
"(0.95, 0.975)",1,95.97499999999997,26558
"(0.9, 0.975)",1,95.97499999999992,26559
"(0.85, 0.975)",1,95.97499999999992,26560
"(0.925, 0.9625)",1,95.9749999999999,26561
"(0.925, 0.975)",1,95.97499999999984,26562
"(0.8026315789473685, 0.9692982456140352)",1,95.9736842105264,26563
"(0.7894736842105263, 0.9824561403508772)",1,95.9736842105264,26564
"(0.5416666666666666, 0.9861111111111112)",1,95.97222222222244,26565
"(0.8194444444444444, 0.9861111111111112)",1,95.97222222222244,26566
"(0.7083333333333334, 0.9722222222222222)",1,95.97222222222244,26567
"(0.6944444444444444, 0.9861111111111112)",1,95.9722222222224,26568
"(0.8888888888888888, 0.9722222222222222)",1,95.9722222222224,26569
"(0.8194444444444444, 0.9861111111111112)",1,95.9722222222224,26570
"(0.7777777777777778, 0.9861111111111112)",1,95.9722222222224,26571
"(0.8611111111111112, 0.9722222222222222)",1,95.9722222222224,26572
"(0.5, 0.9861111111111112)",1,95.97222222222238,26573
"(0.7638888888888888, 0.9861111111111112)",2,95.97222222222238,26575
"(0.9027777777777778, 0.9861111111111112)",1,95.97222222222238,26576
"(0.8055555555555556, 0.9861111111111112)",1,95.97222222222238,26577
"(0.9444444444444444, 0.9861111111111112)",2,95.97222222222238,26579
"(0.625, 0.9861111111111112)",3,95.97222222222236,26582
"(0.9305555555555556, 1.0)",1,95.97222222222236,26583
"(0.8611111111111112, 0.9861111111111112)",1,95.97222222222236,26584
"(0.8333333333333334, 0.9722222222222222)",2,95.97222222222236,26586
"(0.7916666666666666, 0.9861111111111112)",1,95.97222222222236,26587
"(0.9027777777777778, 0.9861111111111112)",2,95.97222222222234,26589
"(0.9583333333333334, 1.0)",1,95.97222222222234,26590
"(0.7916666666666666, 0.9861111111111112)",2,95.9722222222223,26592
"(0.8472222222222222, 0.9722222222222222)",1,95.97222222222229,26593
"(0.7361111111111112, 1.0)",2,95.97222222222229,26595
"(0.9305555555555556, 1.0)",1,95.97222222222229,26596
"(0.8611111111111112, 1.0)",1,95.97222222222226,26597
"(0.7361111111111112, 1.0)",1,95.9722222222222,26598
"(0.9428571428571428, 0.9678571428571427)",3,95.97142857142866,26601
"(0.9607142857142856, 0.9571428571428572)",1,95.9714285714286,26602
"(0.9607142857142856, 0.9607142857142856)",1,95.97142857142858,26603
"(0.9142857142857144, 0.9642857142857144)",1,95.97142857142856,26604
"(0.9392857142857144, 0.9642857142857144)",1,95.97142857142852,26605
"(0.95, 0.9642857142857144)",1,95.97142857142852,26606
"(0.9464285714285714, 0.975)",1,95.9714285714285,26607
"(0.9428571428571428, 0.95)",1,95.97142857142848,26608
"(0.9642857142857144, 0.9714285714285714)",1,95.97142857142846,26609
"(0.875, 0.9642857142857144)",1,95.97142857142836,26610
"(0.5300675675675676, 0.975)",1,95.97128378378372,26611
"(0.9041666666666668, 0.9916666666666668)",1,95.97083333333336,26612
"(0.9166666666666666, 0.9833333333333332)",1,95.97083333333332,26613
"(0.8947368421052632, 0.9649122807017544)",1,95.9692982456141,26614
"(0.6006756756756757, 0.972972972972973)",1,95.96858108108104,26615
"(0.9392857142857144, 0.9642857142857144)",1,95.96785714285711,26616
"(0.8678571428571429, 0.9642857142857144)",1,95.96785714285694,26617
"(0.8166666666666667, 1.0)",1,95.96666666666674,26618
"(0.9, 1.0)",1,95.96666666666673,26619
"(0.85, 0.9833333333333332)",2,95.96666666666673,26621
"(0.9333333333333332, 1.0)",1,95.96666666666668,26622
"(0.9666666666666668, 1.0)",1,95.96666666666668,26623
"(0.85, 0.9916666666666668)",1,95.96666666666655,26624
"(0.8604651162790697, 0.9767441860465116)",1,95.96511627906992,26625
"(0.8255813953488372, 0.9767441860465116)",1,95.96511627906992,26626
"(0.8488372093023255, 0.9767441860465116)",1,95.96511627906987,26627
"(0.8604651162790697, 0.9767441860465116)",1,95.96511627906985,26628
"(0.7558139534883721, 0.9883720930232558)",1,95.96511627906985,26629
"(0.4418604651162791, 0.9767441860465116)",1,95.96511627906982,26630
"(0.8023255813953488, 0.9767441860465116)",1,95.9651162790698,26631
"(0.8372093023255814, 0.9767441860465116)",2,95.9651162790698,26633
"(0.6046511627906976, 0.9651162790697676)",2,95.9651162790698,26635
"(0.3837209302325581, 0.9651162790697676)",1,95.96511627906978,26636
"(0.8255813953488372, 0.9651162790697676)",1,95.96511627906978,26637
"(0.8953488372093024, 0.9767441860465116)",1,95.96511627906978,26638
"(0.8488372093023255, 0.9767441860465116)",1,95.96511627906972,26639
"(0.6046511627906976, 0.9767441860465116)",1,95.96511627906972,26640
"(0.8604651162790697, 0.9534883720930232)",1,95.96511627906968,26641
"(0.8837209302325582, 0.9651162790697676)",1,95.96511627906968,26642
"(0.6046511627906976, 0.9651162790697676)",1,95.9651162790696,26643
"(0.8837209302325582, 0.9651162790697676)",1,95.9651162790696,26644
"(0.8604651162790697, 0.9651162790697676)",1,95.9651162790696,26645
"(0.9767441860465116, 0.9651162790697676)",1,95.9651162790696,26646
"(0.9302325581395348, 0.9767441860465116)",1,95.9651162790696,26647
"(0.872093023255814, 0.9651162790697676)",1,95.9651162790696,26648
"(0.9302325581395348, 0.9651162790697676)",1,95.9651162790696,26649
"(0.8023255813953488, 0.9651162790697676)",1,95.9651162790696,26650
"(0.7325581395348837, 0.9534883720930232)",1,95.96511627906958,26651
"(0.9302325581395348, 0.9651162790697676)",1,95.96511627906956,26652
"(0.9186046511627908, 0.9651162790697676)",1,95.96511627906956,26653
"(0.8372093023255814, 0.9651162790697676)",1,95.96511627906952,26654
"(0.7412280701754386, 0.9824561403508772)",6,95.9649122807018,26660
"(0.9035087719298246, 0.9692982456140352)",3,95.9649122807018,26663
"(0.9078947368421052, 0.9649122807017544)",1,95.96491228070175,26664
"(0.9529411764705882, 0.9411764705882352)",1,95.96470588235304,26665
"(0.8857142857142857, 0.9571428571428572)",1,95.96428571428577,26666
"(0.95, 0.9678571428571427)",1,95.9642857142857,26667
"(0.9607142857142856, 0.9785714285714284)",1,95.96428571428568,26668
"(0.9607142857142856, 0.9642857142857144)",1,95.96428571428568,26669
"(0.9142857142857144, 0.9607142857142856)",3,95.96428571428568,26672
"(0.95, 0.9642857142857144)",1,95.96428571428562,26673
"(0.9357142857142856, 0.9607142857142856)",1,95.9642857142856,26674
"(0.9428571428571428, 0.9642857142857144)",1,95.9642857142855,26675
"(0.9041666666666668, 0.9791666666666666)",2,95.96250000000002,26677
"(0.8875, 0.9833333333333332)",1,95.96249999999996,26678
"(0.9, 0.975)",1,95.9624999999999,26679
"(0.5300675675675676, 0.9760135135135136)",1,95.96182432432424,26680
"(0.8535714285714285, 0.9785714285714284)",1,95.9607142857143,26681
"(0.9642857142857144, 0.9714285714285714)",1,95.96071428571426,26682
"(0.95, 0.9642857142857144)",1,95.96071428571426,26683
"(0.9464285714285714, 0.9785714285714284)",2,95.96071428571425,26685
"(0.9642857142857144, 0.9785714285714284)",1,95.96071428571425,26686
"(0.9571428571428572, 0.9678571428571427)",1,95.96071428571425,26687
"(0.9535714285714286, 0.9642857142857144)",1,95.96071428571422,26688
"(0.9357142857142856, 0.9678571428571427)",1,95.9607142857142,26689
"(0.6929824561403509, 0.9736842105263158)",1,95.96052631578954,26690
"(0.8947368421052632, 0.9692982456140352)",1,95.96052631578952,26691
"(0.8472222222222222, 0.9722222222222222)",1,95.95833333333351,26692
"(0.8611111111111112, 0.9722222222222222)",1,95.95833333333351,26693
"(0.7638888888888888, 0.9861111111111112)",2,95.95833333333351,26695
"(0.5416666666666666, 0.9722222222222222)",2,95.95833333333351,26697
"(0.875, 0.9722222222222222)",2,95.9583333333335,26699
"(0.8333333333333334, 0.9861111111111112)",1,95.9583333333335,26700
"(0.8611111111111112, 0.9722222222222222)",1,95.9583333333335,26701
"(0.9027777777777778, 0.9861111111111112)",1,95.9583333333335,26702
"(0.6111111111111112, 0.9722222222222222)",1,95.95833333333348,26703
"(0.6666666666666666, 0.9861111111111112)",1,95.95833333333348,26704
"(0.7638888888888888, 0.9722222222222222)",1,95.95833333333348,26705
"(0.8194444444444444, 0.9861111111111112)",1,95.95833333333348,26706
"(0.7916666666666666, 0.9722222222222222)",1,95.95833333333348,26707
"(0.8888888888888888, 0.9722222222222222)",1,95.95833333333348,26708
"(0.8611111111111112, 0.9722222222222222)",1,95.95833333333348,26709
"(0.5416666666666666, 0.9861111111111112)",1,95.95833333333348,26710
"(0.6944444444444444, 0.9861111111111112)",1,95.95833333333348,26711
"(0.7222222222222222, 0.9861111111111112)",1,95.95833333333348,26712
"(0.625, 0.9722222222222222)",1,95.95833333333348,26713
"(0.8055555555555556, 1.0)",1,95.95833333333348,26714
"(0.9166666666666666, 1.0)",1,95.95833333333346,26715
"(0.8611111111111112, 0.9861111111111112)",1,95.95833333333346,26716
"(0.9027777777777778, 0.9861111111111112)",1,95.95833333333344,26717
"(0.875, 0.9583333333333334)",1,95.95833333333344,26718
"(0.875, 0.9722222222222222)",1,95.9583333333334,26719
"(0.9444444444444444, 0.9861111111111112)",1,95.9583333333334,26720
"(0.7361111111111112, 1.0)",1,95.9583333333334,26721
"(0.8888888888888888, 0.9861111111111112)",1,95.9583333333334,26722
"(0.8611111111111112, 0.9861111111111112)",1,95.9583333333334,26723
"(0.8333333333333334, 0.9722222222222222)",1,95.9583333333334,26724
"(0.9166666666666666, 1.0)",1,95.95833333333336,26725
"(0.7361111111111112, 1.0)",1,95.95833333333331,26726
"(0.9392857142857144, 0.9607142857142856)",1,95.95714285714295,26727
"(0.9392857142857144, 0.9607142857142856)",1,95.95714285714294,26728
"(0.9607142857142856, 0.9535714285714286)",1,95.95714285714288,26729
"(0.9428571428571428, 0.9642857142857144)",2,95.9571428571428,26731
"(0.8928571428571429, 0.9571428571428572)",1,95.9571428571428,26732
"(0.9385964912280702, 0.9692982456140352)",3,95.95614035087726,26735
"(0.8640350877192983, 0.9736842105263158)",1,95.9561403508772,26736
"(0.9035087719298246, 0.9912280701754386)",1,95.95614035087716,26737
"(0.9083333333333332, 0.9875)",1,95.95416666666662,26738
"(0.9428571428571428, 0.9642857142857144)",4,95.9535714285714,26742
"(0.9714285714285714, 0.9607142857142856)",1,95.95357142857134,26743
"(0.7906976744186046, 0.9883720930232558)",1,95.95348837209316,26744
"(0.8488372093023255, 0.9767441860465116)",1,95.95348837209316,26745
"(0.8372093023255814, 0.9767441860465116)",1,95.95348837209316,26746
"(0.8604651162790697, 0.9767441860465116)",1,95.95348837209312,26747
"(0.8372093023255814, 0.9767441860465116)",1,95.95348837209312,26748
"(0.8953488372093024, 0.9767441860465116)",1,95.95348837209306,26749
"(0.7209302325581395, 0.9767441860465116)",1,95.95348837209306,26750
"(0.8372093023255814, 0.9767441860465116)",1,95.95348837209303,26751
"(0.8372093023255814, 1.0)",1,95.95348837209303,26752
"(0.8372093023255814, 0.9883720930232558)",1,95.95348837209302,26753
"(0.7906976744186046, 0.9767441860465116)",1,95.953488372093,26754
"(0.8604651162790697, 0.9767441860465116)",2,95.95348837209298,26756
"(0.8488372093023255, 0.9651162790697676)",1,95.95348837209283,26757
"(0.8837209302325582, 0.9651162790697676)",1,95.95348837209283,26758
"(0.872093023255814, 0.9651162790697676)",1,95.95348837209283,26759
"(0.8953488372093024, 0.9651162790697676)",2,95.95348837209283,26761
"(0.8604651162790697, 0.9651162790697676)",1,95.95348837209283,26762
"(0.872093023255814, 0.9651162790697676)",1,95.95348837209282,26763
"(0.7674418604651163, 0.9651162790697676)",1,95.9534883720928,26764
"(0.6798245614035088, 0.9736842105263158)",6,95.951754385965,26770
"(0.9385964912280702, 0.9736842105263158)",1,95.951754385965,26771
"(0.6037162162162162, 0.972972972972973)",1,95.95033783783776,26772
"(0.9, 0.9833333333333332)",1,95.95000000000012,26773
"(0.8714285714285714, 0.9642857142857144)",1,95.95000000000007,26774
"(0.9166666666666666, 0.9833333333333332)",2,95.95000000000007,26776
"(0.9666666666666668, 0.9833333333333332)",1,95.95000000000007,26777
"(0.9166666666666666, 1.0)",1,95.95000000000006,26778
"(0.95, 0.9571428571428572)",3,95.95000000000005,26781
"(0.9166666666666666, 1.0)",1,95.95000000000005,26782
"(0.7166666666666667, 1.0)",1,95.95,26783
"(0.95, 1.0)",1,95.95,26784
"(0.7833333333333333, 1.0)",1,95.95,26785
"(0.8666666666666667, 1.0)",3,95.95,26788
"(0.9, 0.9642857142857144)",1,95.94999999999996,26789
"(0.9464285714285714, 0.9642857142857144)",1,95.94999999999996,26790
"(0.8107142857142857, 0.9642857142857144)",3,95.94999999999996,26793
"(0.9321428571428572, 0.9571428571428572)",1,95.94999999999996,26794
"(0.9607142857142856, 0.9642857142857144)",1,95.94999999999996,26795
"(0.9, 0.975)",2,95.94999999999992,26797
"(0.9642857142857144, 0.9571428571428572)",1,95.94999999999992,26798
"(0.8875, 0.975)",2,95.9499999999999,26800
"(0.85, 0.975)",1,95.94999999999987,26801
"(0.9642857142857144, 0.9642857142857144)",1,95.94999999999987,26802
"(0.45125, 0.98125)",1,95.9475,26803
"(0.9225, 0.96)",1,95.94749999999983,26804
"(0.868421052631579, 0.9780701754385964)",1,95.94736842105272,26805
"(0.6798245614035088, 0.9780701754385964)",1,95.94736842105272,26806
"(0.8728070175438597, 0.956140350877193)",1,95.94736842105269,26807
"(0.8640350877192983, 0.9649122807017544)",1,95.94736842105266,26808
"(0.789527027027027, 0.9763513513513512)",1,95.94729729729728,26809
"(0.9642857142857144, 0.9607142857142856)",1,95.94642857142864,26810
"(0.8357142857142857, 0.9678571428571427)",1,95.94642857142856,26811
"(0.9428571428571428, 0.9642857142857144)",1,95.94642857142854,26812
"(0.4285714285714285, 0.9714285714285714)",2,95.94642857142846,26814
"(0.925, 0.9678571428571427)",1,95.94642857142844,26815
"(0.925, 0.975)",2,95.9458333333333,26817
"(0.9166666666666666, 0.9833333333333332)",1,95.9458333333333,26818
"(0.8375, 0.9916666666666668)",1,95.94583333333328,26819
"(0.8773648648648649, 0.9736486486486486)",1,95.94493243243238,26820
"(0.7496621621621622, 0.9733108108108108)",1,95.94459459459456,26821
"(0.8472222222222222, 0.9722222222222222)",1,95.94444444444466,26822
"(0.9166666666666666, 0.9722222222222222)",1,95.94444444444464,26823
"(0.7638888888888888, 1.0)",1,95.9444444444446,26824
"(0.9166666666666666, 0.9722222222222222)",1,95.9444444444446,26825
"(0.8611111111111112, 0.9583333333333334)",1,95.9444444444446,26826
"(0.625, 0.9722222222222222)",1,95.9444444444446,26827
"(0.8055555555555556, 0.9861111111111112)",1,95.9444444444446,26828
"(0.9027777777777778, 0.9722222222222222)",1,95.9444444444446,26829
"(0.875, 0.9722222222222222)",2,95.9444444444446,26831
"(0.6944444444444444, 0.9861111111111112)",1,95.9444444444446,26832
"(0.8611111111111112, 0.9861111111111112)",2,95.9444444444446,26834
"(0.8472222222222222, 0.9722222222222222)",1,95.94444444444458,26835
"(0.8611111111111112, 0.9722222222222222)",5,95.94444444444458,26840
"(0.9722222222222222, 0.9861111111111112)",1,95.94444444444458,26841
"(0.8194444444444444, 1.0)",1,95.94444444444456,26842
"(0.8888888888888888, 0.9861111111111112)",1,95.94444444444456,26843
"(0.5972222222222222, 0.9861111111111112)",1,95.94444444444456,26844
"(0.8611111111111112, 0.9861111111111112)",1,95.94444444444454,26845
"(0.9166666666666666, 0.9722222222222222)",1,95.94444444444451,26846
"(0.7777777777777778, 1.0)",1,95.94444444444449,26847
"(0.5972222222222222, 1.0)",2,95.94444444444446,26849
"(0.9583333333333334, 1.0)",1,95.94444444444444,26850
"(0.8947368421052632, 0.9605263157894736)",1,95.94298245614038,26851
"(0.75, 0.9824561403508772)",5,95.94298245614038,26856
"(0.8640350877192983, 0.9736842105263158)",1,95.94298245614038,26857
"(0.9392857142857144, 0.9607142857142856)",1,95.94285714285726,26858
"(0.9642857142857144, 0.9607142857142856)",1,95.94285714285722,26859
"(0.9357142857142856, 0.9607142857142856)",3,95.9428571428572,26862
"(0.9535714285714286, 0.9642857142857144)",2,95.94285714285716,26864
"(0.9607142857142856, 0.9571428571428572)",1,95.94285714285714,26865
"(0.9428571428571428, 0.9535714285714286)",1,95.94285714285714,26866
"(0.8285714285714286, 0.9607142857142856)",4,95.94285714285712,26870
"(0.8571428571428571, 0.9571428571428572)",1,95.94285714285708,26871
"(0.9418604651162792, 0.9767441860465116)",1,95.94186046511642,26872
"(0.8953488372093024, 0.9767441860465116)",1,95.9418604651164,26873
"(0.8372093023255814, 0.9767441860465116)",2,95.94186046511632,26875
"(0.813953488372093, 0.9767441860465116)",1,95.94186046511632,26876
"(0.8372093023255814, 0.9651162790697676)",1,95.94186046511632,26877
"(0.872093023255814, 0.9534883720930232)",1,95.94186046511632,26878
"(0.8837209302325582, 0.9767441860465116)",1,95.9418604651163,26879
"(0.7209302325581395, 0.9767441860465116)",1,95.94186046511628,26880
"(0.6744186046511628, 0.9651162790697676)",1,95.94186046511628,26881
"(0.7674418604651163, 0.9767441860465116)",1,95.94186046511626,26882
"(0.8372093023255814, 0.9651162790697676)",1,95.94186046511624,26883
"(0.7093023255813954, 0.9651162790697676)",1,95.9418604651162,26884
"(0.9069767441860463, 0.9534883720930232)",1,95.9418604651162,26885
"(0.8837209302325582, 0.9651162790697676)",1,95.94186046511614,26886
"(0.8372093023255814, 0.9651162790697676)",1,95.94186046511612,26887
"(0.872093023255814, 0.9651162790697676)",2,95.94186046511612,26889
"(0.813953488372093, 0.9651162790697676)",1,95.9418604651161,26890
"(0.9186046511627908, 0.9651162790697676)",1,95.94186046511608,26891
"(0.7674418604651163, 0.9651162790697676)",1,95.94186046511606,26892
"(0.9302325581395348, 0.9651162790697676)",2,95.94186046511606,26894
"(0.872093023255814, 0.9651162790697676)",1,95.94186046511606,26895
"(0.9302325581395348, 0.9651162790697676)",2,95.94186046511604,26897
"(0.9791666666666666, 0.9833333333333332)",2,95.9416666666666,26899
"(0.9375, 0.9833333333333332)",1,95.94166666666656,26900
"(0.8702702702702703, 0.9743243243243244)",2,95.9412162162162,26902
"(0.925, 0.9571428571428572)",3,95.93928571428576,26905
"(0.9392857142857144, 0.9678571428571427)",1,95.93928571428576,26906
"(0.8357142857142857, 0.9642857142857144)",1,95.93928571428567,26907
"(0.9392857142857144, 0.9607142857142856)",4,95.93928571428567,26911
"(0.9535714285714286, 0.9642857142857144)",1,95.93928571428566,26912
"(0.9107142857142856, 0.975)",1,95.93928571428566,26913
"(0.9375, 0.975)",1,95.93750000000011,26914
"(0.925, 0.9625)",1,95.93750000000004,26915
"(0.975, 0.975)",1,95.93749999999996,26916
"(0.8625, 0.975)",1,95.93749999999991,26917
"(0.9791666666666666, 0.9958333333333332)",3,95.93749999999986,26920
"(0.8162162162162162, 0.9733108108108108)",1,95.9371621621622,26921
"(0.8714285714285714, 0.9607142857142856)",1,95.9357142857145,26922
"(0.9357142857142856, 0.9714285714285714)",2,95.93571428571428,26924
"(0.9035714285714286, 0.9678571428571427)",1,95.93571428571424,26925
"(0.9428571428571428, 0.9642857142857144)",1,95.93571428571424,26926
"(0.9571428571428572, 0.9535714285714286)",1,95.93571428571424,26927
"(0.9392857142857144, 0.9642857142857144)",1,95.93571428571424,26928
"(0.9321428571428572, 0.9607142857142856)",1,95.9357142857142,26929
"(0.9607142857142856, 0.975)",1,95.9357142857142,26930
"(0.8771929824561403, 0.986842105263158)",1,95.93421052631588,26931
"(0.9385964912280702, 0.9517543859649122)",1,95.93421052631584,26932
"(0.8333333333333334, 1.0)",1,95.93333333333342,26933
"(0.9166666666666666, 1.0)",1,95.9333333333334,26934
"(0.9666666666666668, 0.9666666666666668)",1,95.93333333333338,26935
"(0.6833333333333333, 1.0)",1,95.93333333333334,26936
"(0.9, 1.0)",1,95.93333333333334,26937
"(0.9166666666666666, 1.0)",1,95.93333333333334,26938
"(0.8666666666666667, 1.0)",1,95.93333333333334,26939
"(0.9, 0.9791666666666666)",1,95.93333333333332,26940
"(0.925, 0.9833333333333332)",1,95.93333333333332,26941
"(0.8625, 0.975)",1,95.93333333333328,26942
"(0.8916666666666667, 0.9875)",1,95.93333333333324,26943
"(0.86, 0.9625)",1,95.93249999999992,26944
"(0.8714285714285714, 0.9642857142857144)",4,95.9321428571429,26948
"(0.9535714285714286, 0.9642857142857144)",3,95.9321428571429,26951
"(0.9428571428571428, 0.9607142857142856)",1,95.93214285714284,26952
"(0.95, 0.975)",3,95.93214285714276,26955
"(0.7222222222222222, 0.9861111111111112)",2,95.93055555555578,26957
"(0.8055555555555556, 0.9722222222222222)",1,95.93055555555576,26958
"(0.5972222222222222, 0.9861111111111112)",1,95.93055555555576,26959
"(0.9166666666666666, 0.9722222222222222)",1,95.93055555555574,26960
"(0.625, 0.9861111111111112)",1,95.93055555555574,26961
"(0.7222222222222222, 0.9722222222222222)",2,95.93055555555571,26963
"(0.7083333333333334, 1.0)",1,95.93055555555571,26964
"(0.8888888888888888, 0.9722222222222222)",1,95.93055555555571,26965
"(0.8611111111111112, 0.9861111111111112)",1,95.9305555555557,26966
"(0.875, 0.9722222222222222)",2,95.93055555555569,26968
"(0.7638888888888888, 0.9722222222222222)",1,95.93055555555569,26969
"(0.9305555555555556, 0.9722222222222222)",2,95.93055555555569,26971
"(0.8888888888888888, 0.9722222222222222)",1,95.93055555555569,26972
"(0.9027777777777778, 0.9722222222222222)",1,95.93055555555569,26973
"(0.8055555555555556, 0.9861111111111112)",1,95.93055555555569,26974
"(0.8055555555555556, 0.9861111111111112)",2,95.93055555555566,26976
"(0.9444444444444444, 0.9861111111111112)",1,95.93055555555566,26977
"(0.9722222222222222, 1.0)",1,95.93055555555564,26978
"(0.8888888888888888, 0.9722222222222222)",1,95.93055555555564,26979
"(0.8611111111111112, 0.9861111111111112)",2,95.93055555555564,26981
"(0.75, 1.0)",1,95.93055555555564,26982
"(0.9444444444444444, 1.0)",1,95.93055555555556,26983
"(0.7638888888888888, 1.0)",2,95.93055555555556,26985
"(0.7361111111111112, 1.0)",1,95.93055555555556,26986
"(0.8333333333333334, 1.0)",2,95.93055555555556,26988
"(0.813953488372093, 0.9767441860465116)",1,95.9302325581396,26989
"(0.6046511627906976, 0.9767441860465116)",2,95.9302325581396,26991
"(0.8604651162790697, 0.9767441860465116)",1,95.93023255813958,26992
"(0.8604651162790697, 0.9534883720930232)",1,95.9302325581395,26993
"(0.813953488372093, 0.9418604651162792)",1,95.93023255813948,26994
"(0.7093023255813954, 0.9767441860465116)",1,95.9302325581394,26995
"(0.9767441860465116, 0.9651162790697676)",2,95.93023255813937,26997
"(0.8837209302325582, 0.9651162790697676)",2,95.93023255813937,26999
"(0.5525, 0.9675)",1,95.92999999999998,27000
"(0.912280701754386, 0.9649122807017544)",1,95.92982456140348,27001
"(0.975, 0.9875)",1,95.92916666666667,27002
"(0.9208333333333332, 0.9875)",1,95.92916666666666,27003
"(0.9333333333333332, 0.9875)",1,95.92916666666656,27004
"(0.9607142857142856, 0.9607142857142856)",4,95.9285714285715,27008
"(0.9642857142857144, 0.9642857142857144)",3,95.92857142857144,27011
"(0.95, 0.9642857142857144)",1,95.9285714285714,27012
"(0.9107142857142856, 0.9607142857142856)",4,95.9285714285714,27016
"(0.9392857142857144, 0.9571428571428572)",1,95.92857142857132,27017
"(0.8928571428571429, 0.9642857142857144)",2,95.92857142857132,27019
"(0.9357142857142856, 0.9607142857142856)",1,95.92857142857127,27020
"(0.4925, 0.9775)",1,95.92625000000004,27021
"(0.95, 0.9571428571428572)",3,95.925,27024
"(0.8964285714285715, 0.9678571428571427)",1,95.925,27025
"(0.9571428571428572, 0.9678571428571427)",1,95.925,27026
"(0.9291666666666668, 0.9791666666666666)",1,95.92499999999998,27027
"(0.9607142857142856, 0.9607142857142856)",1,95.92499999999998,27028
"(0.9428571428571428, 0.975)",1,95.92499999999994,27029
"(0.9392857142857144, 0.9607142857142856)",1,95.92499999999993,27030
"(0.9428571428571428, 0.9571428571428572)",1,95.92499999999993,27031
"(0.9464285714285714, 0.9642857142857144)",1,95.92499999999993,27032
"(0.9107142857142856, 0.9535714285714286)",1,95.92499999999988,27033
"(0.9678571428571427, 0.9642857142857144)",1,95.92499999999976,27034
"(0.845, 0.96)",1,95.92249999999984,27035
"(0.9178571428571428, 0.9464285714285714)",1,95.92142857142856,27036
"(0.925, 0.9607142857142856)",3,95.92142857142852,27039
"(0.95, 0.9607142857142856)",3,95.92142857142852,27042
"(0.9642857142857144, 0.9678571428571427)",1,95.92142857142852,27043
"(0.9357142857142856, 0.9678571428571427)",1,95.92142857142852,27044
"(0.9035714285714286, 0.9607142857142856)",6,95.92142857142848,27050
"(0.8857142857142857, 0.9642857142857144)",1,95.92142857142848,27051
"(0.9714285714285714, 0.9785714285714284)",1,95.92142857142848,27052
"(0.9214285714285714, 0.9607142857142856)",1,95.92142857142846,27053
"(0.925, 0.9607142857142856)",1,95.92142857142844,27054
"(0.9607142857142856, 0.9642857142857144)",3,95.92142857142844,27057
"(0.6881756756756757, 0.975)",1,95.92128378378378,27058
"(0.7149122807017544, 0.9780701754385964)",6,95.92105263157904,27064
"(0.8991228070175439, 0.9692982456140352)",3,95.921052631579,27067
"(0.8552631578947368, 0.9649122807017544)",1,95.92105263157896,27068
"(0.9583333333333334, 0.9875)",1,95.9208333333333,27069
"(0.9125, 0.9875)",1,95.92083333333328,27070
"(0.9375, 0.9875)",1,95.92083333333326,27071
"(0.5141891891891892, 0.9736486486486486)",1,95.91925675675672,27072
"(0.8255813953488372, 0.9883720930232558)",1,95.91860465116297,27073
"(0.7674418604651163, 0.9767441860465116)",1,95.91860465116294,27074
"(0.7558139534883721, 0.9767441860465116)",1,95.91860465116292,27075
"(0.8604651162790697, 0.9767441860465116)",2,95.91860465116292,27077
"(0.8837209302325582, 0.9767441860465116)",2,95.91860465116292,27079
"(0.6046511627906976, 0.9767441860465116)",1,95.9186046511629,27080
"(0.8604651162790697, 0.9767441860465116)",1,95.91860465116288,27081
"(0.3372093023255814, 1.0)",1,95.91860465116284,27082
"(0.8837209302325582, 0.9767441860465116)",1,95.91860465116284,27083
"(0.8372093023255814, 0.9883720930232558)",1,95.91860465116282,27084
"(0.8255813953488372, 1.0)",1,95.91860465116282,27085
"(0.6744186046511628, 0.9767441860465116)",1,95.91860465116282,27086
"(0.7325581395348837, 0.9651162790697676)",1,95.91860465116277,27087
"(0.9534883720930232, 0.9767441860465116)",1,95.91860465116277,27088
"(0.872093023255814, 0.9651162790697676)",2,95.91860465116262,27090
"(0.8023255813953488, 0.9651162790697676)",1,95.91860465116262,27091
"(0.8604651162790697, 0.9651162790697676)",1,95.9186046511626,27092
"(0.8837209302325582, 0.9651162790697676)",1,95.9186046511626,27093
"(0.7906976744186046, 0.9651162790697676)",1,95.9186046511626,27094
"(0.7325581395348837, 0.9651162790697676)",1,95.9186046511626,27095
"(0.8953488372093024, 0.9651162790697676)",2,95.9186046511626,27097
"(0.872093023255814, 0.9651162790697676)",1,95.9186046511626,27098
"(0.9302325581395348, 0.9651162790697676)",1,95.91860465116258,27099
"(0.7906976744186046, 0.9651162790697676)",1,95.91860465116255,27100
"(0.8357142857142857, 0.9607142857142856)",1,95.91785714285716,27101
"(0.9607142857142856, 0.9607142857142856)",6,95.91785714285712,27107
"(0.9607142857142856, 0.9642857142857144)",1,95.91785714285707,27108
"(0.925, 0.9678571428571427)",1,95.91785714285707,27109
"(0.95, 0.9607142857142856)",1,95.91785714285707,27110
"(0.9642857142857144, 0.9678571428571427)",3,95.91785714285707,27113
"(0.9392857142857144, 0.9678571428571427)",1,95.91785714285705,27114
"(0.9392857142857144, 0.9678571428571427)",1,95.91785714285705,27115
"(0.9166666666666666, 0.9722222222222222)",2,95.91666666666688,27117
"(0.8888888888888888, 0.9722222222222222)",1,95.91666666666686,27118
"(0.875, 0.9722222222222222)",1,95.91666666666686,27119
"(0.8055555555555556, 0.9722222222222222)",1,95.91666666666686,27120
"(0.8194444444444444, 0.9722222222222222)",1,95.91666666666686,27121
"(0.75, 0.9861111111111112)",1,95.91666666666684,27122
"(0.9166666666666666, 0.9722222222222222)",1,95.91666666666684,27123
"(0.8888888888888888, 0.9861111111111112)",1,95.91666666666684,27124
"(0.9166666666666666, 0.9722222222222222)",2,95.91666666666684,27126
"(0.9444444444444444, 0.9722222222222222)",1,95.91666666666684,27127
"(0.9027777777777778, 0.9722222222222222)",1,95.91666666666684,27128
"(0.8333333333333334, 0.9861111111111112)",3,95.91666666666684,27131
"(0.5555555555555556, 0.9861111111111112)",1,95.9166666666668,27132
"(0.7638888888888888, 0.9861111111111112)",2,95.9166666666668,27134
"(0.9444444444444444, 0.9722222222222222)",1,95.9166666666668,27135
"(0.95, 0.9833333333333332)",1,95.9166666666668,27136
"(0.8194444444444444, 0.9861111111111112)",1,95.9166666666668,27137
"(0.875, 0.9861111111111112)",1,95.9166666666668,27138
"(0.8194444444444444, 0.9861111111111112)",1,95.9166666666668,27139
"(0.8333333333333334, 0.9583333333333334)",1,95.9166666666668,27140
"(0.8888888888888888, 0.9861111111111112)",1,95.9166666666668,27141
"(0.875, 0.9861111111111112)",2,95.9166666666668,27143
"(0.8888888888888888, 0.9722222222222222)",3,95.9166666666668,27146
"(0.9166666666666666, 0.9861111111111112)",1,95.91666666666676,27147
"(0.8194444444444444, 0.9722222222222222)",1,95.91666666666674,27148
"(0.75, 0.9666666666666668)",1,95.91666666666674,27149
"(0.95, 0.9833333333333332)",2,95.91666666666674,27151
"(0.8, 1.0)",1,95.91666666666671,27152
"(0.8166666666666667, 1.0)",1,95.91666666666671,27153
"(0.8666666666666667, 0.9833333333333332)",1,95.91666666666671,27154
"(0.95, 1.0)",1,95.91666666666669,27155
"(0.8166666666666667, 1.0)",1,95.91666666666666,27156
"(0.95, 0.9708333333333332)",1,95.91666666666666,27157
"(0.9, 1.0)",1,95.91666666666666,27158
"(0.9666666666666668, 1.0)",1,95.91666666666666,27159
"(1.0, 1.0)",1,95.91666666666664,27160
"(0.8875, 0.9666666666666668)",1,95.91666666666664,27161
"(0.5567567567567567, 0.9753378378378378)",1,95.91554054054048,27162
"(0.8525, 0.9575)",1,95.91500000000002,27163
"(0.525, 0.9746621621621622)",1,95.91452702702703,27164
"(0.9428571428571428, 0.9607142857142856)",1,95.9142857142858,27165
"(0.9571428571428572, 0.9571428571428572)",1,95.9142857142858,27166
"(0.9107142857142856, 0.9571428571428572)",3,95.91428571428575,27169
"(0.9571428571428572, 0.9571428571428572)",1,95.91428571428573,27170
"(0.9607142857142856, 0.9607142857142856)",1,95.91428571428568,27171
"(0.9178571428571428, 0.9607142857142856)",1,95.91428571428564,27172
"(0.9142857142857144, 0.9642857142857144)",1,95.9142857142856,27173
"(0.8678571428571429, 0.9642857142857144)",1,95.91428571428555,27174
"(0.8714285714285714, 0.9642857142857144)",1,95.91428571428546,27175
"(0.925, 0.9875)",1,95.91249999999997,27176
"(0.925, 1.0)",1,95.91249999999994,27177
"(0.8125, 0.9625)",1,95.91249999999992,27178
"(0.8552631578947368, 0.9649122807017544)",3,95.9122807017544,27181
"(0.9571428571428572, 0.9571428571428572)",1,95.91071428571442,27182
"(0.8285714285714286, 0.9678571428571427)",1,95.91071428571438,27183
"(0.9607142857142856, 0.9642857142857144)",3,95.91071428571423,27186
"(0.9, 0.9642857142857144)",1,95.91071428571422,27187
"(0.9535714285714286, 0.9642857142857144)",6,95.9107142857142,27193
"(0.9321428571428572, 0.9642857142857144)",1,95.91071428571414,27194
"(0.9125, 0.9958333333333332)",1,95.90833333333336,27195
"(0.9125, 0.9875)",1,95.90833333333332,27196
"(0.9541666666666668, 0.9416666666666668)",1,95.90833333333332,27197
"(0.9375, 0.9916666666666668)",1,95.9083333333333,27198
"(0.9078947368421052, 0.9649122807017544)",1,95.90789473684212,27199
"(0.5472972972972973, 0.9763513513513512)",1,95.90743243243234,27200
"(0.9464285714285714, 0.9571428571428572)",1,95.907142857143,27201
"(0.9571428571428572, 0.9607142857142856)",1,95.9071428571428,27202
"(0.9, 0.9571428571428572)",2,95.9071428571428,27204
"(0.9178571428571428, 0.9642857142857144)",3,95.9071428571428,27207
"(0.9142857142857144, 0.9642857142857144)",2,95.90714285714274,27209
"(0.8604651162790697, 0.9767441860465116)",1,95.90697674418615,27210
"(0.8837209302325582, 0.9767441860465116)",3,95.90697674418615,27213
"(0.9302325581395348, 0.9767441860465116)",1,95.9069767441861,27214
"(0.872093023255814, 0.9651162790697676)",1,95.90697674418608,27215
"(0.7674418604651163, 0.9883720930232558)",1,95.90697674418608,27216
"(0.7441860465116279, 1.0)",1,95.90697674418608,27217
"(0.5930232558139535, 0.9651162790697676)",1,95.90697674418604,27218
"(0.686046511627907, 0.9651162790697676)",1,95.90697674418604,27219
"(0.7790697674418605, 0.9767441860465116)",1,95.90697674418604,27220
"(0.8837209302325582, 0.9767441860465116)",1,95.90697674418604,27221
"(0.8372093023255814, 0.9767441860465116)",1,95.90697674418598,27222
"(0.9069767441860463, 0.9534883720930232)",1,95.90697674418593,27223
"(0.8372093023255814, 0.9534883720930232)",1,95.90697674418593,27224
"(0.8604651162790697, 0.9651162790697676)",1,95.90697674418588,27225
"(0.8837209302325582, 0.9651162790697676)",2,95.90697674418588,27227
"(0.8023255813953488, 0.9651162790697676)",1,95.90697674418588,27228
"(0.8372093023255814, 0.9651162790697676)",1,95.90697674418588,27229
"(0.7325581395348837, 0.9651162790697676)",1,95.90697674418584,27230
"(0.8488372093023255, 0.9651162790697676)",1,95.90697674418584,27231
"(0.8372093023255814, 0.9651162790697676)",1,95.90697674418584,27232
"(0.8488372093023255, 0.9651162790697676)",1,95.90697674418584,27233
"(0.847972972972973, 0.9689189189189188)",1,95.90608108108104,27234
"(0.8875, 0.9625)",1,95.90500000000009,27235
"(0.95, 0.9833333333333332)",2,95.90416666666673,27237
"(0.9333333333333332, 0.9916666666666668)",1,95.90416666666664,27238
"(0.9208333333333332, 0.9875)",1,95.90416666666655,27239
"(0.9107142857142856, 0.9607142857142856)",1,95.90357142857162,27240
"(0.9321428571428572, 0.9571428571428572)",1,95.90357142857152,27241
"(0.9428571428571428, 0.9607142857142856)",1,95.90357142857152,27242
"(0.9178571428571428, 0.9607142857142856)",1,95.9035714285715,27243
"(0.8571428571428571, 0.9571428571428572)",1,95.90357142857148,27244
"(0.8535714285714285, 0.9392857142857144)",1,95.90357142857135,27245
"(0.9535714285714286, 0.95)",1,95.90357142857133,27246
"(0.8928571428571429, 0.9642857142857144)",1,95.90357142857124,27247
"(0.8859649122807017, 0.9692982456140352)",2,95.90350877192986,27249
"(0.868421052631579, 0.9649122807017544)",1,95.90350877192986,27250
"(0.9305555555555556, 0.9861111111111112)",1,95.90277777777796,27251
"(0.875, 0.9722222222222222)",1,95.90277777777796,27252
"(0.8333333333333334, 0.9861111111111112)",1,95.90277777777796,27253
"(0.8611111111111112, 0.9861111111111112)",2,95.90277777777796,27255
"(0.6805555555555556, 0.9861111111111112)",1,95.90277777777796,27256
"(0.8888888888888888, 0.9722222222222222)",1,95.90277777777796,27257
"(0.5277777777777778, 0.9861111111111112)",1,95.90277777777796,27258
"(0.7916666666666666, 0.9861111111111112)",1,95.90277777777796,27259
"(0.5277777777777778, 0.9861111111111112)",1,95.90277777777794,27260
"(0.8888888888888888, 0.9861111111111112)",2,95.90277777777794,27262
"(0.8472222222222222, 0.9861111111111112)",4,95.90277777777794,27266
"(0.8055555555555556, 0.9861111111111112)",1,95.90277777777794,27267
"(0.8611111111111112, 0.9861111111111112)",1,95.90277777777791,27268
"(0.8472222222222222, 0.9722222222222222)",1,95.90277777777791,27269
"(0.8194444444444444, 0.9861111111111112)",1,95.9027777777779,27270
"(0.9027777777777778, 0.9861111111111112)",1,95.9027777777779,27271
"(0.8472222222222222, 0.9722222222222222)",1,95.9027777777779,27272
"(0.8194444444444444, 0.9861111111111112)",1,95.90277777777789,27273
"(0.8055555555555556, 0.9583333333333334)",1,95.90277777777786,27274
"(0.8194444444444444, 1.0)",1,95.90277777777784,27275
"(0.7777777777777778, 1.0)",1,95.9027777777778,27276
"(0.9131756756756756, 0.9736486486486486)",2,95.90101351351348,27278
"(0.5320945945945946, 0.9733108108108108)",1,95.9006756756757,27279
"(0.825, 0.9625)",1,95.9000000000001,27280
"(0.9166666666666666, 1.0)",1,95.9000000000001,27281
"(0.9333333333333332, 0.9833333333333332)",1,95.90000000000008,27282
"(0.9166666666666666, 0.9833333333333332)",1,95.90000000000008,27283
"(0.8666666666666667, 0.9833333333333332)",1,95.90000000000006,27284
"(0.8333333333333334, 1.0)",1,95.90000000000002,27285
"(0.8833333333333333, 1.0)",1,95.90000000000002,27286
"(0.6625, 0.975)",1,95.9,27287
"(0.9714285714285714, 0.9678571428571427)",1,95.9,27288
"(0.9666666666666668, 1.0)",2,95.9,27290
"(0.9833333333333332, 1.0)",1,95.9,27291
"(0.95, 1.0)",1,95.9,27292
"(0.8625, 0.9916666666666668)",1,95.8999999999999,27293
"(0.9, 0.9625)",1,95.89999999999988,27294
"(0.8375, 0.975)",2,95.89999999999988,27296
"(0.8571428571428571, 0.9678571428571427)",1,95.89999999999988,27297
"(0.9078947368421052, 0.9649122807017544)",1,95.8991228070176,27298
"(0.9571428571428572, 0.9571428571428572)",3,95.89642857142864,27301
"(0.95, 0.9607142857142856)",3,95.89642857142864,27304
"(0.9035714285714286, 0.9571428571428572)",6,95.89642857142864,27310
"(0.9392857142857144, 0.9607142857142856)",1,95.8964285714286,27311
"(0.9428571428571428, 0.9714285714285714)",1,95.89642857142856,27312
"(0.95, 0.9678571428571427)",1,95.89642857142854,27313
"(0.875, 0.9714285714285714)",1,95.89642857142854,27314
"(0.9142857142857144, 0.9678571428571427)",1,95.8964285714285,27315
"(0.9642857142857144, 0.9607142857142856)",1,95.89642857142846,27316
"(0.5209459459459459, 0.9766891891891892)",1,95.89628378378372,27317
"(0.9375, 0.9583333333333334)",1,95.89583333333331,27318
"(0.5697674418604651, 0.9767441860465116)",1,95.8953488372094,27319
"(0.8023255813953488, 0.9767441860465116)",1,95.8953488372094,27320
"(0.7093023255813954, 0.9767441860465116)",1,95.8953488372094,27321
"(0.8837209302325582, 0.9767441860465116)",1,95.8953488372094,27322
"(0.8604651162790697, 0.9767441860465116)",1,95.8953488372094,27323
"(0.8837209302325582, 0.9883720930232558)",1,95.89534883720938,27324
"(0.7558139534883721, 0.9883720930232558)",1,95.89534883720935,27325
"(0.8023255813953488, 0.9767441860465116)",1,95.89534883720933,27326
"(0.8837209302325582, 0.9767441860465116)",1,95.8953488372093,27327
"(0.8953488372093024, 0.9767441860465116)",1,95.8953488372093,27328
"(0.9302325581395348, 0.9534883720930232)",1,95.89534883720926,27329
"(0.8372093023255814, 0.9534883720930232)",1,95.8953488372092,27330
"(0.6046511627906976, 0.9651162790697676)",1,95.89534883720911,27331
"(0.8023255813953488, 0.9651162790697676)",1,95.89534883720911,27332
"(0.8604651162790697, 0.9651162790697676)",1,95.8953488372091,27333
"(0.8488372093023255, 0.9651162790697676)",3,95.8953488372091,27336
"(0.9302325581395348, 0.9651162790697676)",1,95.89534883720908,27337
"(0.7674418604651163, 0.9534883720930232)",1,95.89534883720908,27338
"(0.8837209302325582, 0.9651162790697676)",1,95.89534883720908,27339
"(0.8953488372093024, 0.9651162790697676)",1,95.89534883720906,27340
"(0.86, 0.96)",1,95.89499999999984,27341
"(0.9071428571428573, 0.9642857142857144)",3,95.89285714285715,27344
"(0.9607142857142856, 0.9607142857142856)",1,95.89285714285714,27345
"(0.9107142857142856, 0.9678571428571427)",1,95.89285714285712,27346
"(0.8928571428571429, 0.9571428571428572)",1,95.8928571428571,27347
"(0.95, 0.975)",1,95.89285714285708,27348
"(0.9107142857142856, 0.9714285714285714)",1,95.89285714285708,27349
"(0.7925, 0.9625)",1,95.89250000000018,27350
"(0.8916666666666667, 0.9958333333333332)",1,95.8916666666666,27351
"(0.9666666666666668, 0.9875)",1,95.89166666666658,27352
"(0.9541666666666668, 0.9916666666666668)",2,95.89166666666657,27354
"(0.9833333333333332, 0.9916666666666668)",4,95.8916666666665,27358
"(0.9166666666666666, 0.9649122807017544)",1,95.89035087719309,27359
"(0.9429824561403508, 0.9824561403508772)",1,95.89035087719306,27360
"(0.8596491228070176, 0.9649122807017544)",1,95.89035087719304,27361
"(0.8552631578947368, 0.9649122807017544)",3,95.89035087719304,27364
"(0.6535087719298246, 0.9692982456140352)",2,95.89035087719304,27366
"(0.8678571428571429, 0.9571428571428572)",3,95.8892857142858,27369
"(0.9285714285714286, 0.9642857142857144)",1,95.8892857142857,27370
"(0.9535714285714286, 0.9642857142857144)",1,95.88928571428568,27371
"(0.9607142857142856, 0.9571428571428572)",1,95.88928571428568,27372
"(0.95, 0.9642857142857144)",1,95.88928571428563,27373
"(0.6944444444444444, 0.9861111111111112)",1,95.88888888888911,27374
"(0.8472222222222222, 0.9722222222222222)",2,95.88888888888908,27376
"(0.8055555555555556, 0.9861111111111112)",2,95.88888888888908,27378
"(0.75, 0.9861111111111112)",1,95.88888888888908,27379
"(0.5, 0.9861111111111112)",1,95.88888888888908,27380
"(0.8055555555555556, 0.9722222222222222)",1,95.88888888888908,27381
"(0.6944444444444444, 0.9861111111111112)",1,95.88888888888906,27382
"(0.8611111111111112, 0.9722222222222222)",1,95.88888888888906,27383
"(0.6944444444444444, 0.9722222222222222)",1,95.88888888888906,27384
"(0.7638888888888888, 0.9861111111111112)",1,95.88888888888904,27385
"(0.8333333333333334, 0.9583333333333334)",1,95.88888888888904,27386
"(0.8611111111111112, 0.9861111111111112)",1,95.88888888888904,27387
"(0.9444444444444444, 0.9722222222222222)",1,95.88888888888904,27388
"(0.6666666666666666, 0.9722222222222222)",1,95.88888888888904,27389
"(0.9722222222222222, 0.9722222222222222)",1,95.888888888889,27390
"(0.7638888888888888, 0.9861111111111112)",1,95.888888888889,27391
"(0.8333333333333334, 0.9861111111111112)",1,95.88888888888896,27392
"(0.8055555555555556, 1.0)",1,95.88888888888891,27393
"(0.9027777777777778, 1.0)",2,95.88888888888889,27395
"(0.975, 0.9791666666666666)",1,95.88749999999996,27396
"(0.9625, 0.975)",1,95.88749999999996,27397
"(0.8625, 0.975)",1,95.88749999999996,27398
"(0.9166666666666666, 0.9833333333333332)",1,95.88749999999996,27399
"(0.9625, 0.975)",1,95.88749999999992,27400
"(0.7429054054054054, 0.9706081081081082)",1,95.8871621621622,27401
"(0.6929824561403509, 0.9692982456140352)",3,95.88596491228073,27404
"(0.8903508771929824, 0.9692982456140352)",1,95.8859649122807,27405
"(0.9607142857142856, 0.9571428571428572)",3,95.88571428571431,27408
"(0.9321428571428572, 0.9571428571428572)",6,95.8857142857143,27414
"(0.9035714285714286, 0.9535714285714286)",1,95.88571428571429,27415
"(0.9714285714285714, 0.9678571428571427)",1,95.88571428571429,27416
"(0.9178571428571428, 0.9642857142857144)",1,95.88571428571424,27417
"(0.9464285714285714, 0.9678571428571427)",1,95.8857142857142,27418
"(0.9607142857142856, 0.9642857142857144)",1,95.88571428571414,27419
"(0.9285714285714286, 0.9785714285714284)",1,95.88571428571414,27420
"(0.7925, 0.9625)",1,95.88500000000006,27421
"(0.86, 0.955)",1,95.88499999999996,27422
"(0.8372093023255814, 0.9767441860465116)",1,95.8837209302327,27423
"(0.8604651162790697, 0.9767441860465116)",1,95.8837209302327,27424
"(0.7674418604651163, 0.9767441860465116)",1,95.88372093023268,27425
"(0.8488372093023255, 0.9883720930232558)",1,95.88372093023264,27426
"(0.8372093023255814, 0.9767441860465116)",2,95.88372093023264,27428
"(0.9302325581395348, 0.9767441860465116)",1,95.88372093023264,27429
"(0.8372093023255814, 0.9767441860465116)",1,95.8837209302326,27430
"(0.6744186046511628, 0.9651162790697676)",1,95.88372093023251,27431
"(0.6744186046511628, 0.9534883720930232)",1,95.88372093023251,27432
"(0.8837209302325582, 0.9534883720930232)",1,95.88372093023251,27433
"(0.813953488372093, 0.9767441860465116)",1,95.8837209302325,27434
"(0.7906976744186046, 0.9534883720930232)",1,95.8837209302325,27435
"(0.8604651162790697, 0.9534883720930232)",1,95.8837209302325,27436
"(0.9186046511627908, 0.9534883720930232)",1,95.88372093023244,27437
"(0.6046511627906976, 0.9651162790697676)",1,95.8837209302324,27438
"(0.872093023255814, 0.9651162790697676)",3,95.8837209302324,27441
"(0.8604651162790697, 0.9651162790697676)",1,95.8837209302324,27442
"(0.8953488372093024, 0.9651162790697676)",1,95.8837209302324,27443
"(0.8372093023255814, 0.9651162790697676)",1,95.88372093023236,27444
"(0.9302325581395348, 0.9651162790697676)",1,95.88372093023234,27445
"(0.872093023255814, 0.9651162790697676)",1,95.88372093023234,27446
"(0.8604651162790697, 0.9651162790697676)",1,95.88372093023231,27447
"(0.9166666666666666, 0.9833333333333332)",1,95.8833333333334,27448
"(0.9, 0.9833333333333332)",1,95.8833333333334,27449
"(0.9333333333333332, 0.9833333333333332)",1,95.8833333333334,27450
"(0.9166666666666666, 1.0)",1,95.88333333333335,27451
"(1.0, 1.0)",1,95.88333333333335,27452
"(0.9833333333333332, 1.0)",1,95.88333333333334,27453
"(0.9166666666666666, 1.0)",2,95.88333333333334,27455
"(0.8666666666666667, 1.0)",1,95.88333333333333,27456
"(0.95, 0.9833333333333332)",1,95.88333333333333,27457
"(0.9666666666666668, 1.0)",1,95.88333333333333,27458
"(0.9833333333333332, 1.0)",1,95.88333333333333,27459
"(0.8833333333333333, 1.0)",1,95.8833333333333,27460
"(0.975, 0.9958333333333332)",1,95.88333333333324,27461
"(0.9571428571428572, 0.9571428571428572)",1,95.88214285714297,27462
"(0.9214285714285714, 0.9607142857142856)",1,95.88214285714288,27463
"(0.9035714285714286, 0.9571428571428572)",3,95.88214285714288,27466
"(0.9642857142857144, 0.975)",1,95.88214285714278,27467
"(0.9571428571428572, 0.9571428571428572)",3,95.88214285714275,27470
"(0.9535714285714286, 0.9642857142857144)",1,95.88214285714274,27471
"(0.868421052631579, 0.9780701754385964)",1,95.88157894736854,27472
"(0.8464912280701754, 0.9605263157894736)",3,95.8815789473685,27475
"(0.9035087719298246, 0.9649122807017544)",1,95.88157894736848,27476
"(0.8947368421052632, 0.9605263157894736)",3,95.88157894736844,27479
"(0.6710526315789473, 0.9824561403508772)",3,95.88157894736844,27482
"(0.93, 0.96)",1,95.87999999999988,27483
"(0.9125, 0.975)",1,95.87916666666666,27484
"(0.9041666666666668, 0.9666666666666668)",1,95.87916666666663,27485
"(0.8875, 0.9875)",2,95.87916666666656,27487
"(0.9791666666666666, 0.9958333333333332)",1,95.87916666666652,27488
"(0.5503378378378379, 0.9739864864864864)",1,95.8787162162162,27489
"(0.8928571428571429, 0.9607142857142856)",4,95.8785714285715,27493
"(0.9392857142857144, 0.9571428571428572)",2,95.8785714285715,27495
"(0.9428571428571428, 0.9607142857142856)",1,95.87857142857146,27496
"(0.95, 0.9607142857142856)",1,95.87857142857143,27497
"(0.95, 0.9571428571428572)",3,95.87857142857143,27500
"(0.8928571428571429, 0.9678571428571427)",1,95.87857142857143,27501
"(0.9071428571428573, 0.9607142857142856)",1,95.87857142857142,27502
"(0.9428571428571428, 0.9678571428571427)",1,95.87857142857142,27503
"(0.9035714285714286, 0.9571428571428572)",1,95.8785714285714,27504
"(0.95, 0.9785714285714284)",1,95.87857142857132,27505
"(0.9392857142857144, 0.9607142857142856)",1,95.87857142857132,27506
"(0.9607142857142856, 0.9678571428571427)",1,95.87857142857132,27507
"(0.9285714285714286, 0.9642857142857144)",1,95.87857142857132,27508
"(0.8928571428571429, 0.9642857142857144)",1,95.87857142857123,27509
"(0.518581081081081, 0.9807432432432432)",1,95.87804054054054,27510
"(0.9385964912280702, 0.9736842105263158)",1,95.8771929824562,27511
"(0.8114035087719298, 0.9736842105263158)",1,95.87719298245617,27512
"(0.7916666666666666, 0.9861111111111112)",1,95.8750000000002,27513
"(0.4166666666666667, 0.9861111111111112)",1,95.8750000000002,27514
"(0.9305555555555556, 0.9861111111111112)",1,95.8750000000002,27515
"(0.8472222222222222, 0.9722222222222222)",1,95.87500000000018,27516
"(0.8333333333333334, 0.9722222222222222)",1,95.87500000000018,27517
"(0.8055555555555556, 0.9722222222222222)",1,95.87500000000016,27518
"(0.6666666666666666, 0.9722222222222222)",1,95.87500000000016,27519
"(0.5, 0.9861111111111112)",1,95.87500000000016,27520
"(0.8333333333333334, 0.9583333333333334)",1,95.87500000000016,27521
"(0.8333333333333334, 0.9861111111111112)",1,95.87500000000016,27522
"(0.5972222222222222, 0.9861111111111112)",1,95.87500000000016,27523
"(0.6944444444444444, 0.9861111111111112)",1,95.87500000000016,27524
"(0.7083333333333334, 1.0)",1,95.87500000000016,27525
"(0.7222222222222222, 0.9722222222222222)",1,95.87500000000016,27526
"(0.8611111111111112, 0.9722222222222222)",1,95.87500000000014,27527
"(0.8194444444444444, 0.9861111111111112)",1,95.87500000000014,27528
"(0.9027777777777778, 0.9861111111111112)",1,95.87500000000014,27529
"(0.9958333333333332, 0.9666666666666668)",2,95.87500000000009,27531
"(0.8611111111111112, 0.9583333333333334)",1,95.87500000000009,27532
"(0.9027777777777778, 1.0)",1,95.87500000000009,27533
"(0.9, 0.9625)",1,95.87500000000009,27534
"(0.9305555555555556, 1.0)",1,95.87500000000006,27535
"(0.8928571428571429, 0.9571428571428572)",1,95.87500000000006,27536
"(0.9571428571428572, 0.9642857142857144)",1,95.87500000000004,27537
"(0.8928571428571429, 0.9571428571428572)",3,95.87500000000004,27540
"(0.9464285714285714, 0.9571428571428572)",1,95.875,27541
"(0.9035714285714286, 0.9607142857142856)",1,95.875,27542
"(0.9035714285714286, 0.9678571428571427)",1,95.875,27543
"(0.8055555555555556, 1.0)",1,95.875,27544
"(0.9607142857142856, 0.9607142857142856)",1,95.87499999999996,27545
"(0.9178571428571428, 0.9607142857142856)",2,95.87499999999994,27547
"(0.9428571428571428, 0.9678571428571427)",3,95.87499999999994,27550
"(0.9678571428571427, 0.9607142857142856)",3,95.87499999999994,27553
"(0.8892857142857142, 0.9642857142857144)",3,95.87499999999994,27556
"(0.9285714285714286, 0.9607142857142856)",1,95.87499999999991,27557
"(0.7875, 0.975)",1,95.87499999999991,27558
"(0.9875, 0.9958333333333332)",1,95.87499999999991,27559
"(0.85, 0.975)",1,95.87499999999991,27560
"(0.9291666666666668, 0.975)",1,95.8749999999999,27561
"(0.8875, 0.975)",1,95.87499999999989,27562
"(0.9607142857142856, 0.9642857142857144)",1,95.87499999999989,27563
"(0.5057432432432433, 0.9722972972972972)",1,95.8739864864866,27564
"(0.8070175438596491, 0.9692982456140352)",2,95.87280701754392,27566
"(0.6666666666666666, 0.9780701754385964)",1,95.8728070175439,27567
"(0.7719298245614035, 0.9912280701754386)",3,95.87280701754383,27570
"(0.845, 0.96)",1,95.87249999999986,27571
"(0.8488372093023255, 0.9767441860465116)",1,95.87209302325596,27572
"(0.4651162790697674, 1.0)",1,95.87209302325589,27573
"(0.8372093023255814, 0.9767441860465116)",1,95.87209302325589,27574
"(0.5465116279069767, 0.9767441860465116)",1,95.87209302325589,27575
"(0.7674418604651163, 0.9767441860465116)",1,95.87209302325589,27576
"(0.5697674418604651, 0.9534883720930232)",1,95.87209302325589,27577
"(0.8255813953488372, 0.9767441860465116)",1,95.87209302325584,27578
"(0.8604651162790697, 0.9767441860465116)",1,95.87209302325584,27579
"(0.7093023255813954, 0.9767441860465116)",1,95.8720930232558,27580
"(0.8372093023255814, 0.9767441860465116)",1,95.8720930232558,27581
"(0.8255813953488372, 0.9767441860465116)",1,95.87209302325576,27582
"(0.9302325581395348, 0.9651162790697676)",1,95.87209302325576,27583
"(0.8604651162790697, 0.9651162790697676)",2,95.87209302325576,27585
"(0.8604651162790697, 0.9651162790697676)",1,95.87209302325574,27586
"(0.7674418604651163, 0.9651162790697676)",1,95.87209302325574,27587
"(0.8604651162790697, 0.9767441860465116)",1,95.87209302325572,27588
"(0.8372093023255814, 0.9767441860465116)",1,95.8720930232557,27589
"(0.8837209302325582, 0.9651162790697676)",1,95.87209302325564,27590
"(0.8953488372093024, 0.9651162790697676)",1,95.87209302325564,27591
"(0.7674418604651163, 0.9767441860465116)",1,95.87209302325564,27592
"(0.8023255813953488, 0.9651162790697676)",1,95.87209302325564,27593
"(0.872093023255814, 0.9534883720930232)",1,95.87209302325564,27594
"(0.9302325581395348, 0.9651162790697676)",1,95.8720930232556,27595
"(0.8255813953488372, 0.9651162790697676)",1,95.87209302325556,27596
"(0.925, 0.9642857142857144)",4,95.87142857142877,27600
"(0.9571428571428572, 0.9607142857142856)",1,95.87142857142872,27601
"(0.9428571428571428, 0.95)",1,95.87142857142868,27602
"(0.95, 0.9607142857142856)",1,95.87142857142862,27603
"(0.9392857142857144, 0.9678571428571427)",1,95.8714285714286,27604
"(0.8964285714285715, 0.9571428571428572)",1,95.87142857142854,27605
"(0.9571428571428572, 0.9571428571428572)",1,95.87142857142854,27606
"(0.9535714285714286, 0.9642857142857144)",1,95.87142857142852,27607
"(0.925, 0.9833333333333332)",2,95.8708333333333,27609
"(0.8125, 0.9666666666666668)",1,95.87083333333328,27610
"(0.8260135135135135, 0.9699324324324324)",1,95.86993243243248,27611
"(0.8289473684210527, 0.9736842105263158)",1,95.86842105263166,27612
"(0.9035087719298246, 0.9692982456140352)",2,95.86842105263165,27614
"(0.925438596491228, 0.9824561403508772)",1,95.86842105263165,27615
"(0.8859649122807017, 0.9649122807017544)",1,95.8684210526316,27616
"(0.9, 0.9535714285714286)",1,95.86785714285725,27617
"(0.9392857142857144, 0.9607142857142856)",1,95.86785714285718,27618
"(0.8714285714285714, 0.9678571428571427)",1,95.86785714285718,27619
"(0.9142857142857144, 0.9607142857142856)",1,95.8678571428571,27620
"(0.9535714285714286, 0.9642857142857144)",1,95.86785714285703,27621
"(0.8875, 0.96)",1,95.86749999999982,27622
"(0.95, 0.9833333333333332)",1,95.86666666666676,27623
"(0.8833333333333333, 0.9833333333333332)",1,95.86666666666676,27624
"(0.9166666666666666, 1.0)",1,95.86666666666672,27625
"(0.7333333333333333, 0.9833333333333332)",1,95.86666666666672,27626
"(0.7333333333333333, 1.0)",1,95.86666666666667,27627
"(0.9666666666666668, 1.0)",3,95.86666666666667,27630
"(0.9833333333333332, 1.0)",2,95.86666666666667,27632
"(0.9833333333333332, 0.9875)",1,95.86666666666665,27633
"(0.9333333333333332, 0.9875)",1,95.8666666666666,27634
"(0.5162162162162162, 0.9716216216216216)",1,95.86452702702704,27635
"(0.9321428571428572, 0.9607142857142856)",1,95.86428571428584,27636
"(0.925, 0.9607142857142856)",1,95.86428571428571,27637
"(0.95, 0.9678571428571427)",1,95.8642857142857,27638
"(0.9571428571428572, 0.9678571428571427)",1,95.8642857142857,27639
"(0.9607142857142856, 0.9642857142857144)",1,95.86428571428569,27640
"(0.95, 0.9642857142857144)",1,95.86428571428569,27641
"(0.925, 0.9642857142857144)",1,95.86428571428569,27642
"(0.9464285714285714, 0.9714285714285714)",1,95.86428571428566,27643
"(0.8552631578947368, 0.9649122807017544)",1,95.86403508771936,27644
"(0.8026315789473685, 0.9736842105263158)",1,95.86403508771936,27645
"(0.7587719298245614, 0.956140350877193)",3,95.86403508771932,27648
"(0.8587837837837838, 0.9746621621621622)",2,95.86351351351354,27650
"(0.875, 0.9625)",1,95.86250000000014,27651
"(0.9, 0.9625)",1,95.8625,27652
"(0.8875, 0.975)",1,95.8625,27653
"(0.5087837837837837, 0.9756756756756756)",1,95.86249999999995,27654
"(0.8575, 0.9575)",1,95.86249999999988,27655
"(0.7638888888888888, 0.9861111111111112)",1,95.86111111111134,27656
"(0.9027777777777778, 0.9861111111111112)",1,95.8611111111113,27657
"(0.5972222222222222, 0.9861111111111112)",1,95.8611111111113,27658
"(0.8055555555555556, 0.9861111111111112)",1,95.86111111111128,27659
"(0.9305555555555556, 0.9861111111111112)",1,95.86111111111128,27660
"(0.8055555555555556, 0.9861111111111112)",1,95.86111111111126,27661
"(0.9027777777777778, 0.9861111111111112)",1,95.86111111111126,27662
"(0.9722222222222222, 0.9861111111111112)",2,95.86111111111126,27664
"(0.8055555555555556, 0.9861111111111112)",1,95.86111111111124,27665
"(0.9166666666666666, 1.0)",1,95.86111111111124,27666
"(0.8888888888888888, 1.0)",2,95.86111111111124,27668
"(0.8611111111111112, 0.9861111111111112)",1,95.8611111111112,27669
"(0.75, 1.0)",2,95.8611111111112,27671
"(0.8194444444444444, 1.0)",1,95.8611111111112,27672
"(0.7361111111111112, 1.0)",1,95.86111111111116,27673
"(0.9444444444444444, 1.0)",2,95.86111111111116,27675
"(0.8928571428571429, 0.9464285714285714)",3,95.8607142857143,27678
"(0.9178571428571428, 0.9678571428571427)",1,95.86071428571428,27679
"(0.9285714285714286, 0.9607142857142856)",1,95.86071428571428,27680
"(0.9392857142857144, 0.9678571428571427)",3,95.86071428571424,27683
"(0.9571428571428572, 0.9642857142857144)",1,95.86071428571418,27684
"(0.8571428571428571, 0.9571428571428572)",1,95.86071428571417,27685
"(0.95, 0.9642857142857144)",1,95.86071428571414,27686
"(0.8372093023255814, 0.9767441860465116)",1,95.86046511627914,27687
"(0.6046511627906976, 0.9767441860465116)",1,95.86046511627914,27688
"(0.8255813953488372, 0.9651162790697676)",1,95.8604651162791,27689
"(0.7674418604651163, 0.9767441860465116)",2,95.8604651162791,27691
"(0.8372093023255814, 0.9767441860465116)",1,95.8604651162791,27692
"(0.6744186046511628, 0.9534883720930232)",1,95.86046511627907,27693
"(0.8372093023255814, 0.9767441860465116)",1,95.86046511627907,27694
"(0.813953488372093, 0.9767441860465116)",2,95.86046511627907,27696
"(0.8372093023255814, 0.9534883720930232)",1,95.86046511627904,27697
"(0.9302325581395348, 0.9651162790697676)",1,95.86046511627902,27698
"(0.7674418604651163, 0.9767441860465116)",1,95.860465116279,27699
"(0.872093023255814, 0.9767441860465116)",1,95.860465116279,27700
"(0.8953488372093024, 0.9651162790697676)",4,95.8604651162789,27704
"(0.8953488372093024, 0.9651162790697676)",1,95.86046511627887,27705
"(0.9302325581395348, 0.9651162790697676)",1,95.86046511627887,27706
"(0.8837209302325582, 0.9651162790697676)",1,95.86046511627887,27707
"(0.872093023255814, 0.9651162790697676)",1,95.86046511627887,27708
"(0.8488372093023255, 0.9651162790697676)",2,95.86046511627886,27710
"(0.7906976744186046, 0.9651162790697676)",1,95.86046511627885,27711
"(0.7675438596491229, 0.9736842105263158)",1,95.85964912280716,27712
"(0.9385964912280702, 0.9780701754385964)",2,95.85964912280704,27714
"(0.8947368421052632, 0.9692982456140352)",1,95.85964912280704,27715
"(0.9529411764705882, 0.9647058823529412)",1,95.85882352941182,27716
"(0.8705882352941177, 0.9529411764705882)",1,95.85882352941162,27717
"(0.9833333333333332, 0.9916666666666668)",2,95.8583333333333,27719
"(0.9208333333333332, 0.9875)",1,95.85833333333328,27720
"(0.9392857142857144, 0.9678571428571427)",1,95.85714285714292,27721
"(0.8928571428571429, 0.9571428571428572)",1,95.85714285714288,27722
"(0.8285714285714286, 0.9642857142857144)",1,95.85714285714286,27723
"(0.9642857142857144, 0.9642857142857144)",1,95.85714285714285,27724
"(0.7392857142857143, 0.9678571428571427)",2,95.85714285714285,27726
"(0.9178571428571428, 0.9607142857142856)",1,95.85714285714282,27727
"(0.9535714285714286, 0.9678571428571427)",1,95.85714285714276,27728
"(0.8439189189189189, 0.9726351351351352)",1,95.85540540540538,27729
"(0.8070175438596491, 0.956140350877193)",3,95.8552631578948,27732
"(0.6756756756756757, 0.9753378378378378)",1,95.85506756756752,27733
"(0.8875, 0.9791666666666666)",1,95.8541666666666,27734
"(0.9666666666666668, 0.975)",1,95.85416666666656,27735
"(0.8821428571428571, 0.9571428571428572)",1,95.85357142857164,27736
"(0.8821428571428571, 0.9607142857142856)",1,95.8535714285716,27737
"(0.9392857142857144, 0.9642857142857144)",1,95.85357142857146,27738
"(0.9535714285714286, 0.9607142857142856)",1,95.8535714285714,27739
"(0.9571428571428572, 0.9392857142857144)",1,95.8535714285714,27740
"(0.9714285714285714, 0.9678571428571427)",1,95.85357142857136,27741
"(0.8142857142857143, 0.9642857142857144)",1,95.85357142857134,27742
"(0.8071428571428572, 0.9642857142857144)",1,95.85357142857129,27743
"(0.9392857142857144, 0.9642857142857144)",1,95.85357142857129,27744
"(0.8575, 0.9575)",1,95.85249999999988,27745
"(0.8201754385964912, 0.9649122807017544)",1,95.85087719298252,27746
"(0.8991228070175439, 0.9649122807017544)",3,95.85087719298252,27749
"(0.9125, 0.9625)",1,95.85000000000012,27750
"(0.9, 0.9833333333333332)",1,95.85000000000008,27751
"(0.9333333333333332, 0.9833333333333332)",1,95.85000000000008,27752
"(0.9428571428571428, 0.9535714285714286)",1,95.85000000000004,27753
"(0.85, 1.0)",1,95.85000000000004,27754
"(0.8666666666666667, 0.9833333333333332)",1,95.85000000000004,27755
"(0.9291666666666668, 0.9791666666666666)",1,95.85000000000004,27756
"(0.8666666666666667, 1.0)",1,95.85000000000004,27757
"(0.9464285714285714, 0.9571428571428572)",1,95.85000000000002,27758
"(0.9833333333333332, 1.0)",1,95.85000000000002,27759
"(1.0, 1.0)",1,95.85,27760
"(0.9166666666666666, 1.0)",1,95.85,27761
"(0.9666666666666668, 1.0)",2,95.85,27763
"(1.0, 1.0)",1,95.85,27764
"(0.9535714285714286, 0.9571428571428572)",2,95.85,27766
"(0.85, 1.0)",1,95.85,27767
"(0.9291666666666668, 0.975)",1,95.84999999999998,27768
"(0.8928571428571429, 0.9642857142857144)",1,95.84999999999997,27769
"(0.9125, 0.975)",1,95.84999999999994,27770
"(0.9, 0.975)",1,95.84999999999992,27771
"(0.8625, 0.975)",1,95.84999999999992,27772
"(0.9, 0.9678571428571427)",1,95.84999999999992,27773
"(0.9607142857142856, 0.9642857142857144)",2,95.84999999999988,27775
"(0.9041666666666668, 0.9916666666666668)",1,95.84999999999982,27776
"(0.8023255813953488, 0.9767441860465116)",1,95.84883720930246,27777
"(0.7674418604651163, 0.9883720930232558)",1,95.84883720930245,27778
"(0.8255813953488372, 0.9767441860465116)",1,95.84883720930245,27779
"(0.872093023255814, 0.9883720930232558)",1,95.84883720930242,27780
"(0.813953488372093, 0.9883720930232558)",1,95.8488372093024,27781
"(0.7441860465116279, 0.9767441860465116)",1,95.8488372093024,27782
"(0.8837209302325582, 0.9767441860465116)",1,95.84883720930236,27783
"(0.8023255813953488, 0.9651162790697676)",1,95.84883720930236,27784
"(0.8372093023255814, 0.9883720930232558)",1,95.84883720930236,27785
"(0.8953488372093024, 0.9651162790697676)",1,95.84883720930236,27786
"(0.8604651162790697, 0.9651162790697676)",1,95.84883720930236,27787
"(0.9302325581395348, 0.9767441860465116)",1,95.84883720930232,27788
"(0.6046511627906976, 0.9534883720930232)",1,95.84883720930227,27789
"(0.8372093023255814, 0.9651162790697676)",1,95.84883720930225,27790
"(0.8604651162790697, 0.9418604651162792)",1,95.84883720930225,27791
"(0.5697674418604651, 0.9651162790697676)",1,95.8488372093022,27792
"(0.813953488372093, 0.9651162790697676)",1,95.84883720930216,27793
"(0.872093023255814, 0.9651162790697676)",1,95.84883720930216,27794
"(0.8372093023255814, 0.9651162790697676)",2,95.84883720930216,27796
"(0.8488372093023255, 0.9651162790697676)",1,95.84883720930216,27797
"(0.8023255813953488, 0.9651162790697676)",1,95.84883720930216,27798
"(0.8023255813953488, 0.9651162790697676)",2,95.84883720930216,27800
"(0.8372093023255814, 0.9651162790697676)",1,95.84883720930212,27801
"(0.8953488372093024, 0.9651162790697676)",2,95.84883720930212,27803
"(0.9186046511627908, 0.9651162790697676)",1,95.8488372093021,27804
"(0.50125, 0.975)",1,95.84874999999998,27805
"(0.6944444444444444, 0.9722222222222222)",1,95.8472222222224,27806
"(0.7916666666666666, 0.9861111111111112)",1,95.84722222222238,27807
"(0.9305555555555556, 0.9722222222222222)",1,95.84722222222238,27808
"(0.8888888888888888, 0.9861111111111112)",4,95.84722222222238,27812
"(0.8333333333333334, 0.9722222222222222)",1,95.84722222222238,27813
"(0.9722222222222222, 0.9861111111111112)",1,95.84722222222236,27814
"(0.6944444444444444, 0.9583333333333334)",1,95.84722222222236,27815
"(0.8333333333333334, 0.9722222222222222)",1,95.84722222222236,27816
"(0.9166666666666666, 0.9861111111111112)",2,95.84722222222236,27818
"(0.8888888888888888, 0.9722222222222222)",1,95.84722222222236,27819
"(0.7638888888888888, 0.9722222222222222)",1,95.84722222222236,27820
"(0.8333333333333334, 0.9722222222222222)",2,95.84722222222234,27822
"(0.7916666666666666, 0.9861111111111112)",1,95.84722222222234,27823
"(0.9027777777777778, 0.9861111111111112)",1,95.84722222222234,27824
"(0.8611111111111112, 0.9861111111111112)",2,95.84722222222231,27826
"(0.6944444444444444, 0.9861111111111112)",1,95.84722222222231,27827
"(0.9444444444444444, 1.0)",1,95.84722222222231,27828
"(0.6805555555555556, 1.0)",1,95.84722222222229,27829
"(0.8194444444444444, 0.9722222222222222)",1,95.84722222222226,27830
"(0.875, 1.0)",2,95.8472222222222,27832
"(0.8235294117647058, 0.9647058823529412)",1,95.8470588235293,27833
"(0.8333333333333334, 0.9692982456140352)",3,95.84649122807032,27836
"(0.9392857142857144, 0.9607142857142856)",5,95.84642857142865,27841
"(0.9535714285714286, 0.9607142857142856)",3,95.84642857142862,27844
"(0.8857142857142857, 0.9571428571428572)",1,95.84642857142862,27845
"(0.9178571428571428, 0.9642857142857144)",1,95.84642857142856,27846
"(0.8857142857142857, 0.9714285714285714)",1,95.84642857142856,27847
"(0.9214285714285714, 0.9642857142857144)",1,95.84642857142856,27848
"(0.9285714285714286, 0.9428571428571428)",1,95.84642857142852,27849
"(0.8928571428571429, 0.9642857142857144)",1,95.8464285714285,27850
"(0.9178571428571428, 0.9607142857142856)",1,95.84642857142848,27851
"(0.925, 0.9833333333333332)",1,95.84583333333342,27852
"(0.9833333333333332, 0.975)",2,95.84583333333332,27854
"(0.5331081081081082, 0.9682432432432432)",4,95.8432432432432,27858
"(0.9392857142857144, 0.9607142857142856)",1,95.84285714285724,27859
"(0.9321428571428572, 0.9642857142857144)",4,95.8428571428572,27863
"(0.9392857142857144, 0.9571428571428572)",1,95.8428571428572,27864
"(0.9214285714285714, 0.9642857142857144)",1,95.84285714285716,27865
"(0.9607142857142856, 0.9571428571428572)",1,95.84285714285716,27866
"(0.9071428571428573, 0.9607142857142856)",3,95.84285714285716,27869
"(0.9607142857142856, 0.9607142857142856)",1,95.84285714285711,27870
"(0.9607142857142856, 0.9785714285714284)",1,95.84285714285711,27871
"(0.9535714285714286, 0.9607142857142856)",1,95.84285714285711,27872
"(0.95, 0.9607142857142856)",4,95.84285714285711,27876
"(0.9571428571428572, 0.9571428571428572)",1,95.8428571428571,27877
"(0.9428571428571428, 0.975)",1,95.8428571428571,27878
"(0.9107142857142856, 0.9571428571428572)",2,95.84285714285706,27880
"(0.95, 0.9642857142857144)",1,95.84285714285704,27881
"(0.9607142857142856, 0.9642857142857144)",1,95.842857142857,27882
"(0.8714285714285714, 0.9642857142857144)",1,95.84285714285694,27883
"(0.8775, 0.955)",1,95.84249999999986,27884
"(0.75, 0.9780701754385964)",1,95.842105263158,27885
"(0.8157894736842105, 0.9649122807017544)",3,95.84210526315796,27888
"(0.5657894736842105, 0.956140350877193)",1,95.84210526315792,27889
"(0.5327702702702702, 0.9766891891891892)",1,95.84189189189188,27890
"(0.8916666666666667, 0.9875)",1,95.84166666666664,27891
"(0.8958333333333334, 0.9833333333333332)",1,95.8416666666666,27892
"(0.5121621621621621, 0.9766891891891892)",1,95.83986486486484,27893
"(0.9357142857142856, 0.9571428571428572)",1,95.8392857142859,27894
"(0.8714285714285714, 0.9642857142857144)",3,95.83928571428582,27897
"(0.9607142857142856, 0.9678571428571427)",1,95.83928571428578,27898
"(0.9642857142857144, 0.9535714285714286)",1,95.83928571428572,27899
"(0.9607142857142856, 0.9678571428571427)",2,95.8392857142857,27901
"(0.8289473684210527, 0.9736842105263158)",1,95.83771929824567,27902
"(0.9035087719298246, 0.9649122807017544)",2,95.83771929824564,27904
"(0.9, 0.975)",1,95.83750000000016,27905
"(0.9375, 0.9875)",1,95.83749999999992,27906
"(0.9375, 0.975)",1,95.83749999999988,27907
"(0.85, 0.975)",1,95.83749999999988,27908
"(0.8375, 0.975)",1,95.83749999999986,27909
"(0.9, 0.975)",1,95.83749999999984,27910
"(0.9418604651162792, 0.9767441860465116)",1,95.83720930232576,27911
"(0.7209302325581395, 0.9767441860465116)",1,95.83720930232572,27912
"(0.9302325581395348, 0.9767441860465116)",1,95.8372093023257,27913
"(0.9302325581395348, 0.9767441860465116)",1,95.83720930232565,27914
"(0.813953488372093, 0.9767441860465116)",2,95.8372093023256,27916
"(0.5465116279069767, 0.9767441860465116)",1,95.8372093023256,27917
"(0.9651162790697676, 0.9651162790697676)",1,95.8372093023256,27918
"(0.8604651162790697, 0.9767441860465116)",1,95.83720930232556,27919
"(0.872093023255814, 0.9651162790697676)",1,95.83720930232556,27920
"(0.4767441860465116, 0.9302325581395348)",1,95.83720930232556,27921
"(0.5465116279069767, 0.9534883720930232)",1,95.83720930232552,27922
"(0.8837209302325582, 0.9767441860465116)",1,95.83720930232552,27923
"(0.9302325581395348, 0.9651162790697676)",1,95.83720930232552,27924
"(0.7093023255813954, 0.9767441860465116)",1,95.83720930232552,27925
"(0.7325581395348837, 0.9418604651162792)",1,95.8372093023255,27926
"(0.8372093023255814, 0.9651162790697676)",1,95.83720930232548,27927
"(0.4767441860465116, 0.9651162790697676)",1,95.83720930232546,27928
"(0.8604651162790697, 0.9651162790697676)",1,95.83720930232543,27929
"(0.8372093023255814, 0.9651162790697676)",1,95.83720930232542,27930
"(0.7325581395348837, 0.9651162790697676)",1,95.8372093023254,27931
"(0.5116279069767442, 0.9651162790697676)",1,95.8372093023254,27932
"(0.8837209302325582, 0.9651162790697676)",1,95.83720930232536,27933
"(0.9302325581395348, 0.9651162790697676)",1,95.83720930232536,27934
"(0.8953488372093024, 0.9651162790697676)",1,95.83720930232536,27935
"(0.8488372093023255, 0.9651162790697676)",1,95.83720930232536,27936
"(0.9571428571428572, 0.9571428571428572)",6,95.83571428571432,27942
"(0.9321428571428572, 0.9607142857142856)",1,95.83571428571432,27943
"(0.8892857142857142, 0.9571428571428572)",3,95.8357142857143,27946
"(0.925, 0.9785714285714284)",2,95.83571428571427,27948
"(0.9071428571428573, 0.9607142857142856)",1,95.83571428571427,27949
"(0.95, 0.9678571428571427)",2,95.83571428571426,27951
"(0.9464285714285714, 0.9607142857142856)",4,95.83571428571425,27955
"(0.9166666666666666, 1.0)",1,95.83333333333354,27956
"(0.8333333333333334, 0.9722222222222222)",1,95.83333333333351,27957
"(0.8472222222222222, 0.9722222222222222)",1,95.83333333333351,27958
"(0.8611111111111112, 0.9722222222222222)",1,95.83333333333351,27959
"(0.8611111111111112, 0.9722222222222222)",2,95.8333333333335,27961
"(0.8888888888888888, 0.9583333333333334)",1,95.8333333333335,27962
"(0.8333333333333334, 0.9861111111111112)",1,95.8333333333335,27963
"(0.6944444444444444, 0.9722222222222222)",1,95.8333333333335,27964
"(0.8472222222222222, 0.9722222222222222)",1,95.8333333333335,27965
"(0.75, 0.9722222222222222)",1,95.8333333333335,27966
"(0.9444444444444444, 0.9861111111111112)",1,95.83333333333348,27967
"(0.9027777777777778, 0.9861111111111112)",1,95.83333333333344,27968
"(0.8888888888888888, 0.9861111111111112)",2,95.83333333333344,27970
"(0.8611111111111112, 0.9722222222222222)",1,95.83333333333344,27971
"(0.9333333333333332, 0.9833333333333332)",1,95.83333333333344,27972
"(0.8472222222222222, 0.9861111111111112)",1,95.83333333333344,27973
"(0.9333333333333332, 0.9833333333333332)",1,95.8333333333334,27974
"(0.8472222222222222, 0.9722222222222222)",1,95.8333333333334,27975
"(0.9583333333333334, 1.0)",1,95.8333333333334,27976
"(0.75, 0.9861111111111112)",2,95.8333333333334,27978
"(0.9166666666666666, 0.9833333333333332)",2,95.8333333333334,27980
"(0.9305555555555556, 1.0)",1,95.8333333333334,27981
"(0.925438596491228, 0.9736842105263158)",1,95.8333333333334,27982
"(0.9027777777777778, 1.0)",2,95.83333333333336,27984
"(0.9666666666666668, 1.0)",1,95.83333333333336,27985
"(0.9666666666666668, 0.9833333333333332)",1,95.83333333333336,27986
"(0.9027777777777778, 1.0)",4,95.83333333333334,27990
"(0.7166666666666667, 1.0)",1,95.83333333333334,27991
"(0.9, 1.0)",2,95.83333333333334,27993
"(0.7361111111111112, 1.0)",2,95.83333333333334,27995
"(0.8166666666666667, 1.0)",1,95.83333333333334,27996
"(0.9166666666666666, 1.0)",2,95.83333333333334,27998
"(0.7833333333333333, 1.0)",1,95.83333333333331,27999
"(0.85, 1.0)",1,95.83333333333331,28000
"(0.8666666666666667, 1.0)",1,95.83333333333331,28001
"(0.9958333333333332, 0.9958333333333332)",4,95.8333333333332,28005
"(0.9333333333333332, 0.9916666666666668)",1,95.8333333333332,28006
"(0.9, 0.9607142857142856)",1,95.83214285714298,28007
"(0.9392857142857144, 0.9642857142857144)",4,95.83214285714294,28011
"(0.9428571428571428, 0.9607142857142856)",1,95.83214285714294,28012
"(0.95, 0.9607142857142856)",1,95.83214285714294,28013
"(0.8678571428571429, 0.9607142857142856)",3,95.83214285714288,28016
"(0.9535714285714286, 0.9642857142857144)",2,95.83214285714286,28018
"(0.9321428571428572, 0.9678571428571427)",1,95.8321428571428,28019
"(0.9535714285714286, 0.9678571428571427)",1,95.83214285714276,28020
"(0.9285714285714286, 0.9642857142857144)",1,95.83214285714276,28021
"(0.9392857142857144, 0.9607142857142856)",1,95.83214285714271,28022
"(0.9375, 0.9875)",1,95.82916666666672,28023
"(0.9833333333333332, 0.9958333333333332)",1,95.82916666666668,28024
"(0.6228070175438597, 0.9824561403508772)",1,95.82894736842118,28025
"(0.6008771929824561, 0.9649122807017544)",2,95.82894736842115,28027
"(0.7763157894736842, 0.9824561403508772)",1,95.8289473684211,28028
"(0.8377192982456141, 0.9736842105263158)",1,95.8289473684211,28029
"(0.9535714285714286, 0.9571428571428572)",1,95.82857142857148,28030
"(0.95, 0.9678571428571427)",1,95.82857142857144,28031
"(0.9642857142857144, 0.9714285714285714)",1,95.8285714285714,28032
"(0.925, 0.975)",1,95.82857142857137,28033
"(0.9428571428571428, 0.9571428571428572)",1,95.82857142857137,28034
"(0.8821428571428571, 0.9678571428571427)",1,95.8285714285713,28035
"(0.9175, 0.965)",1,95.8275,28036
"(0.96, 0.9575)",1,95.82749999999986,28037
"(0.5465116279069767, 0.9767441860465116)",1,95.825581395349,28038
"(0.8488372093023255, 0.9767441860465116)",1,95.82558139534888,28039
"(0.8372093023255814, 0.9767441860465116)",1,95.82558139534883,28040
"(0.7209302325581395, 0.9767441860465116)",1,95.8255813953488,28041
"(0.7790697674418605, 0.9767441860465116)",1,95.8255813953488,28042
"(0.8372093023255814, 0.9767441860465116)",1,95.82558139534876,28043
"(0.8604651162790697, 0.9651162790697676)",1,95.82558139534872,28044
"(0.8023255813953488, 0.9651162790697676)",1,95.8255813953487,28045
"(0.8604651162790697, 0.9651162790697676)",2,95.82558139534868,28047
"(0.872093023255814, 0.9651162790697676)",1,95.82558139534866,28048
"(0.8023255813953488, 0.9651162790697676)",1,95.82558139534866,28049
"(0.8953488372093024, 0.9651162790697676)",1,95.82558139534864,28050
"(0.9302325581395348, 0.9651162790697676)",1,95.82558139534856,28051
"(0.9875, 0.9875)",2,95.825,28053
"(0.8714285714285714, 0.9607142857142856)",4,95.82499999999996,28057
"(0.95, 0.9571428571428572)",1,95.82499999999996,28058
"(0.9464285714285714, 0.9642857142857144)",1,95.82499999999992,28059
"(0.9642857142857144, 0.9785714285714284)",1,95.82499999999992,28060
"(0.9392857142857144, 0.9678571428571427)",1,95.82499999999987,28061
"(0.8903508771929824, 0.9780701754385964)",1,95.82456140350882,28062
"(0.868421052631579, 0.9780701754385964)",4,95.8245614035088,28066
"(0.8245614035087719, 0.9649122807017544)",3,95.8245614035088,28069
"(0.8859649122807017, 0.9736842105263158)",1,95.8245614035088,28070
"(0.8026315789473685, 0.9692982456140352)",1,95.82456140350878,28071
"(0.5307432432432433, 0.9746621621621622)",1,95.8239864864864,28072
"(0.9392857142857144, 0.9642857142857144)",1,95.8214285714286,28073
"(0.8928571428571429, 0.9642857142857144)",3,95.82142857142853,28076
"(0.9678571428571427, 0.9678571428571427)",1,95.82142857142853,28077
"(0.925, 0.9428571428571428)",1,95.82142857142848,28078
"(0.8458333333333333, 0.9916666666666668)",1,95.82083333333316,28079
"(0.5891891891891892, 0.9760135135135136)",1,95.82060810810806,28080
"(0.7149122807017544, 0.9780701754385964)",1,95.8201754385966,28081
"(0.8289473684210527, 0.9780701754385964)",6,95.82017543859656,28087
"(0.925438596491228, 0.9736842105263158)",1,95.82017543859654,28088
"(0.8625, 0.96)",1,95.81999999999988,28089
"(0.9305555555555556, 0.9722222222222222)",2,95.81944444444464,28091
"(0.6944444444444444, 0.9861111111111112)",1,95.81944444444464,28092
"(0.8194444444444444, 0.9861111111111112)",1,95.81944444444464,28093
"(0.9027777777777778, 0.9722222222222222)",2,95.81944444444464,28095
"(0.9166666666666666, 0.9722222222222222)",1,95.81944444444464,28096
"(0.7777777777777778, 0.9861111111111112)",1,95.81944444444464,28097
"(0.8472222222222222, 0.9861111111111112)",1,95.8194444444446,28098
"(0.8055555555555556, 0.9861111111111112)",3,95.8194444444446,28101
"(0.75, 0.9861111111111112)",1,95.81944444444458,28102
"(0.8611111111111112, 0.9861111111111112)",2,95.81944444444458,28104
"(0.8194444444444444, 0.9722222222222222)",1,95.81944444444458,28105
"(0.8055555555555556, 0.9722222222222222)",1,95.81944444444458,28106
"(0.9444444444444444, 0.9722222222222222)",1,95.81944444444458,28107
"(0.6944444444444444, 0.9722222222222222)",1,95.81944444444458,28108
"(0.7222222222222222, 0.9722222222222222)",1,95.81944444444456,28109
"(0.8611111111111112, 0.9861111111111112)",2,95.81944444444456,28111
"(0.9027777777777778, 0.9861111111111112)",1,95.81944444444454,28112
"(0.8194444444444444, 1.0)",1,95.81944444444449,28113
"(0.9444444444444444, 1.0)",1,95.81944444444449,28114
"(0.8194444444444444, 0.9861111111111112)",1,95.81944444444449,28115
"(0.9305555555555556, 1.0)",1,95.81944444444444,28116
"(0.95, 0.9607142857142856)",1,95.81785714285726,28117
"(0.9428571428571428, 0.9642857142857144)",1,95.81785714285724,28118
"(0.9357142857142856, 0.9678571428571427)",1,95.81785714285716,28119
"(0.9392857142857144, 0.9607142857142856)",3,95.81785714285716,28122
"(0.925, 0.9642857142857144)",1,95.81785714285714,28123
"(0.9357142857142856, 0.9571428571428572)",1,95.81785714285714,28124
"(0.9642857142857144, 0.9678571428571427)",1,95.81785714285712,28125
"(0.9392857142857144, 0.9678571428571427)",1,95.8178571428571,28126
"(0.9392857142857144, 0.9607142857142856)",1,95.81785714285706,28127
"(0.7166666666666667, 0.9666666666666668)",1,95.81666666666676,28128
"(0.9, 0.9833333333333332)",1,95.81666666666676,28129
"(0.9833333333333332, 0.9833333333333332)",1,95.81666666666672,28130
"(0.975, 0.9333333333333332)",1,95.81666666666672,28131
"(0.8333333333333334, 1.0)",1,95.8166666666667,28132
"(0.85, 1.0)",1,95.8166666666667,28133
"(1.0, 1.0)",1,95.81666666666668,28134
"(0.9333333333333332, 1.0)",1,95.81666666666666,28135
"(0.9166666666666666, 1.0)",1,95.81666666666666,28136
"(1.0, 1.0)",1,95.81666666666666,28137
"(0.85, 1.0)",1,95.81666666666666,28138
"(0.9666666666666668, 1.0)",1,95.81666666666666,28139
"(0.95, 1.0)",1,95.81666666666666,28140
"(0.9666666666666668, 1.0)",1,95.81666666666663,28141
"(0.7166666666666667, 1.0)",1,95.81666666666663,28142
"(0.9078947368421052, 0.9736842105263158)",1,95.81578947368428,28143
"(0.8070175438596491, 0.9736842105263158)",1,95.81578947368422,28144
"(0.6929824561403509, 0.9824561403508772)",1,95.8157894736842,28145
"(0.50375, 0.98375)",1,95.81500000000004,28146
"(0.9425, 0.9575)",1,95.81499999999993,28147
"(0.925, 0.9714285714285714)",2,95.81428571428576,28149
"(0.9, 0.9571428571428572)",1,95.81428571428576,28150
"(0.95, 0.9642857142857144)",1,95.81428571428572,28151
"(0.9392857142857144, 0.9535714285714286)",3,95.81428571428572,28154
"(0.9035714285714286, 0.9607142857142856)",1,95.8142857142857,28155
"(0.95, 0.9642857142857144)",1,95.81428571428567,28156
"(0.9607142857142856, 0.9607142857142856)",1,95.81428571428567,28157
"(0.8857142857142857, 0.9678571428571427)",2,95.81428571428567,28159
"(0.9678571428571427, 0.9571428571428572)",1,95.81428571428567,28160
"(0.9321428571428572, 0.9607142857142856)",3,95.8142857142856,28163
"(0.8714285714285714, 0.9678571428571427)",1,95.81428571428556,28164
"(0.7209302325581395, 0.9767441860465116)",1,95.81395348837226,28165
"(0.8837209302325582, 0.9883720930232558)",1,95.8139534883722,28166
"(0.8255813953488372, 0.9883720930232558)",1,95.81395348837218,28167
"(0.8953488372093024, 0.9767441860465116)",1,95.81395348837218,28168
"(0.3372093023255814, 1.0)",1,95.81395348837218,28169
"(0.7674418604651163, 0.9767441860465116)",2,95.81395348837212,28171
"(0.8255813953488372, 1.0)",1,95.8139534883721,28172
"(0.8604651162790697, 0.9651162790697676)",1,95.81395348837204,28173
"(0.7441860465116279, 0.9651162790697676)",1,95.81395348837204,28174
"(0.9069767441860463, 0.9534883720930232)",1,95.81395348837204,28175
"(0.9069767441860463, 0.9534883720930232)",1,95.813953488372,28176
"(0.7093023255813954, 0.9651162790697676)",1,95.813953488372,28177
"(0.7558139534883721, 0.9767441860465116)",1,95.81395348837198,28178
"(0.7906976744186046, 0.9651162790697676)",1,95.81395348837194,28179
"(0.8837209302325582, 0.9651162790697676)",2,95.81395348837192,28181
"(0.872093023255814, 0.9534883720930232)",1,95.8139534883719,28182
"(0.872093023255814, 0.9651162790697676)",1,95.8139534883719,28183
"(0.7674418604651163, 0.9651162790697676)",1,95.8139534883719,28184
"(0.8953488372093024, 0.9651162790697676)",1,95.81395348837188,28185
"(0.8372093023255814, 0.9651162790697676)",1,95.81395348837188,28186
"(0.7325581395348837, 0.9651162790697676)",1,95.81395348837188,28187
"(0.7375, 0.9625)",1,95.81250000000016,28188
"(0.9375, 0.9625)",2,95.81250000000004,28190
"(0.825, 0.95)",1,95.8125,28191
"(0.8875, 0.975)",1,95.8125,28192
"(0.7825, 0.96)",1,95.81249999999996,28193
"(0.8625, 0.975)",1,95.81249999999991,28194
"(0.775, 0.975)",1,95.8124999999999,28195
"(0.85, 0.9625)",1,95.81249999999989,28196
"(0.925, 0.975)",4,95.81249999999986,28200
"(0.8705882352941177, 0.9882352941176472)",1,95.81176470588234,28201
"(0.9647058823529412, 0.9294117647058824)",3,95.81176470588214,28204
"(0.7149122807017544, 0.9780701754385964)",1,95.81140350877196,28205
"(0.6798245614035088, 0.9824561403508772)",1,95.81140350877196,28206
"(0.8892857142857142, 0.95)",1,95.81071428571435,28207
"(0.9464285714285714, 0.9642857142857144)",4,95.81071428571434,28211
"(0.8535714285714285, 0.9571428571428572)",1,95.81071428571433,28212
"(0.9571428571428572, 0.9607142857142856)",1,95.8107142857143,28213
"(0.9535714285714286, 0.9678571428571427)",1,95.81071428571428,28214
"(0.9535714285714286, 0.9642857142857144)",1,95.81071428571424,28215
"(0.9285714285714286, 0.9642857142857144)",1,95.8107142857142,28216
"(0.9642857142857144, 0.9678571428571427)",1,95.81071428571418,28217
"(0.95, 0.975)",1,95.81071428571416,28218
"(0.9392857142857144, 0.9357142857142856)",1,95.80714285714296,28219
"(0.9428571428571428, 0.9535714285714286)",1,95.80714285714288,28220
"(0.95, 0.9607142857142856)",1,95.80714285714288,28221
"(0.9642857142857144, 0.9607142857142856)",1,95.80714285714288,28222
"(0.9214285714285714, 0.9571428571428572)",3,95.80714285714286,28225
"(0.8964285714285715, 0.9678571428571427)",2,95.80714285714284,28227
"(0.9428571428571428, 0.9642857142857144)",1,95.80714285714282,28228
"(0.9357142857142856, 0.9571428571428572)",1,95.8071428571428,28229
"(0.9107142857142856, 0.9678571428571427)",3,95.80714285714276,28232
"(0.9357142857142856, 0.9642857142857144)",1,95.80714285714274,28233
"(0.8289473684210527, 0.9824561403508772)",3,95.80701754385971,28236
"(0.9078947368421052, 0.956140350877193)",1,95.80701754385966,28237
"(0.7916666666666666, 0.9722222222222222)",1,95.8055555555558,28238
"(0.8888888888888888, 0.9722222222222222)",1,95.80555555555576,28239
"(0.9166666666666666, 0.9722222222222222)",2,95.80555555555576,28241
"(0.7916666666666666, 0.9861111111111112)",1,95.80555555555571,28242
"(0.9166666666666666, 0.9722222222222222)",1,95.80555555555571,28243
"(0.9305555555555556, 0.9722222222222222)",2,95.80555555555571,28245
"(0.8333333333333334, 0.9861111111111112)",1,95.80555555555571,28246
"(0.8611111111111112, 0.9722222222222222)",1,95.80555555555571,28247
"(0.8611111111111112, 0.9722222222222222)",1,95.8055555555557,28248
"(0.5416666666666666, 0.9861111111111112)",2,95.8055555555557,28250
"(0.8472222222222222, 0.9722222222222222)",1,95.80555555555569,28251
"(0.625, 0.9861111111111112)",1,95.80555555555569,28252
"(0.8472222222222222, 0.9722222222222222)",1,95.80555555555569,28253
"(0.7916666666666666, 0.9861111111111112)",1,95.80555555555569,28254
"(0.8888888888888888, 0.9861111111111112)",1,95.80555555555566,28255
"(0.9166666666666666, 0.9722222222222222)",1,95.80555555555566,28256
"(0.8333333333333334, 0.9861111111111112)",1,95.80555555555566,28257
"(0.8888888888888888, 0.9861111111111112)",1,95.80555555555564,28258
"(0.9444444444444444, 1.0)",1,95.80555555555564,28259
"(0.9444444444444444, 0.9861111111111112)",1,95.80555555555564,28260
"(0.9166666666666666, 1.0)",1,95.8055555555556,28261
"(0.6944444444444444, 0.9861111111111112)",2,95.8055555555556,28263
"(0.7825, 0.9625)",1,95.80500000000016,28264
"(0.9875, 0.9875)",1,95.80416666666656,28265
"(0.95, 0.9571428571428572)",1,95.80357142857152,28266
"(0.9464285714285714, 0.9571428571428572)",3,95.80357142857144,28269
"(0.875, 0.9607142857142856)",1,95.80357142857144,28270
"(0.9714285714285714, 0.9392857142857144)",1,95.80357142857144,28271
"(0.9571428571428572, 0.9642857142857144)",3,95.8035714285714,28274
"(0.9, 0.9678571428571427)",3,95.8035714285714,28277
"(0.8928571428571429, 0.9571428571428572)",1,95.8035714285714,28278
"(0.9285714285714286, 0.9642857142857144)",1,95.80357142857136,28279
"(0.9642857142857144, 0.9714285714285714)",1,95.80357142857136,28280
"(0.9214285714285714, 0.9571428571428572)",1,95.80357142857136,28281
"(0.9302325581395348, 0.9767441860465116)",1,95.80232558139544,28282
"(0.5697674418604651, 0.9883720930232558)",1,95.8023255813954,28283
"(0.8372093023255814, 1.0)",1,95.8023255813954,28284
"(0.8255813953488372, 1.0)",1,95.8023255813954,28285
"(0.813953488372093, 0.9767441860465116)",1,95.80232558139538,28286
"(0.8255813953488372, 0.9767441860465116)",2,95.80232558139537,28288
"(0.8604651162790697, 0.9534883720930232)",1,95.8023255813953,28289
"(0.8372093023255814, 0.9651162790697676)",1,95.80232558139528,28290
"(0.8372093023255814, 0.9651162790697676)",1,95.80232558139524,28291
"(0.7790697674418605, 0.9651162790697676)",1,95.80232558139522,28292
"(0.8837209302325582, 0.9651162790697676)",1,95.80232558139518,28293
"(0.8953488372093024, 0.9651162790697676)",1,95.80232558139518,28294
"(0.7674418604651163, 0.9651162790697676)",1,95.80232558139518,28295
"(0.8488372093023255, 0.9651162790697676)",1,95.80232558139517,28296
"(0.8604651162790697, 0.9651162790697676)",2,95.80232558139512,28298
"(0.9666666666666668, 0.9833333333333332)",1,95.80000000000013,28299
"(0.9333333333333332, 0.9833333333333332)",1,95.80000000000013,28300
"(0.8071428571428572, 0.9607142857142856)",1,95.80000000000008,28301
"(0.8166666666666667, 1.0)",1,95.80000000000004,28302
"(0.9166666666666666, 1.0)",1,95.80000000000004,28303
"(0.9833333333333332, 1.0)",1,95.8,28304
"(0.8833333333333333, 1.0)",1,95.8,28305
"(0.9, 1.0)",1,95.8,28306
"(0.9535714285714286, 0.9678571428571427)",1,95.8,28307
"(1.0, 1.0)",1,95.8,28308
"(0.925, 0.9607142857142856)",1,95.79999999999998,28309
"(0.8535714285714285, 0.9642857142857144)",3,95.79999999999995,28312
"(0.9607142857142856, 0.9678571428571427)",2,95.79999999999995,28314
"(0.9125, 0.9708333333333332)",1,95.79999999999993,28315
"(0.9535714285714286, 0.9642857142857144)",1,95.79999999999993,28316
"(0.9875, 0.9875)",1,95.79999999999993,28317
"(0.8375, 0.9625)",1,95.7999999999999,28318
"(0.825, 0.975)",1,95.7999999999999,28319
"(0.925, 0.975)",1,95.79999999999988,28320
"(0.8375, 0.975)",1,95.79999999999986,28321
"(0.5939189189189189, 0.9763513513513512)",1,95.79966216216222,28322
"(0.6304054054054054, 0.975)",1,95.79831081081076,28323
"(0.9392857142857144, 0.9571428571428572)",1,95.7964285714286,28324
"(0.9178571428571428, 0.9535714285714286)",3,95.79642857142858,28327
"(0.8285714285714286, 0.9607142857142856)",1,95.79642857142854,28328
"(0.8857142857142857, 0.9642857142857144)",3,95.79642857142852,28331
"(0.9428571428571428, 0.9642857142857144)",1,95.79642857142848,28332
"(0.9607142857142856, 0.9607142857142856)",1,95.79642857142848,28333
"(0.529054054054054, 0.9783783783783784)",1,95.7962837837837,28334
"(0.5057432432432433, 0.9733108108108108)",1,95.79527027027028,28335
"(0.7631578947368421, 0.9692982456140352)",1,95.79385964912284,28336
"(0.7105263157894737, 0.9736842105263158)",1,95.79385964912284,28337
"(0.8991228070175439, 0.9692982456140352)",1,95.79385964912282,28338
"(0.9535714285714286, 0.9571428571428572)",1,95.79285714285722,28339
"(0.9571428571428572, 0.9535714285714286)",3,95.79285714285722,28342
"(0.9607142857142856, 0.9607142857142856)",1,95.79285714285716,28343
"(0.9035714285714286, 0.9571428571428572)",1,95.79285714285707,28344
"(0.9535714285714286, 0.9571428571428572)",1,95.79285714285707,28345
"(0.9607142857142856, 0.9607142857142856)",1,95.79285714285707,28346
"(0.9464285714285714, 0.9714285714285714)",2,95.79285714285707,28348
"(0.9392857142857144, 0.9642857142857144)",1,95.79285714285705,28349
"(0.8472222222222222, 0.9722222222222222)",1,95.79166666666688,28350
"(0.8055555555555556, 0.9861111111111112)",1,95.79166666666686,28351
"(0.875, 0.9722222222222222)",1,95.79166666666684,28352
"(0.8055555555555556, 0.9861111111111112)",1,95.79166666666684,28353
"(0.6944444444444444, 0.9861111111111112)",1,95.79166666666684,28354
"(0.75, 0.9722222222222222)",1,95.79166666666684,28355
"(0.75, 0.9861111111111112)",1,95.7916666666668,28356
"(0.9027777777777778, 0.9861111111111112)",1,95.7916666666668,28357
"(0.8055555555555556, 0.9861111111111112)",1,95.7916666666668,28358
"(0.8333333333333334, 0.9722222222222222)",1,95.7916666666668,28359
"(0.7916666666666666, 0.9722222222222222)",1,95.7916666666668,28360
"(0.9166666666666666, 0.9861111111111112)",1,95.7916666666668,28361
"(0.8472222222222222, 0.9722222222222222)",1,95.79166666666676,28362
"(0.9861111111111112, 0.9722222222222222)",2,95.79166666666676,28364
"(0.8472222222222222, 0.9861111111111112)",1,95.79166666666676,28365
"(0.7638888888888888, 0.9861111111111112)",1,95.79166666666676,28366
"(0.8333333333333334, 1.0)",2,95.79166666666674,28368
"(0.7083333333333334, 0.9861111111111112)",1,95.79166666666674,28369
"(0.8055555555555556, 1.0)",1,95.79166666666671,28370
"(0.9375, 0.9958333333333332)",1,95.7916666666667,28371
"(0.7638888888888888, 1.0)",1,95.7916666666667,28372
"(0.8791666666666667, 0.9916666666666668)",1,95.79166666666664,28373
"(0.95, 0.9916666666666668)",1,95.79166666666664,28374
"(0.9208333333333332, 0.9916666666666668)",1,95.79166666666656,28375
"(0.9708333333333332, 0.9958333333333332)",4,95.79166666666654,28379
"(0.9302325581395348, 0.9651162790697676)",1,95.79069767441878,28380
"(0.8488372093023255, 0.9767441860465116)",1,95.79069767441874,28381
"(0.9186046511627908, 0.9767441860465116)",2,95.79069767441872,28383
"(0.7674418604651163, 0.9767441860465116)",2,95.7906976744187,28385
"(0.7790697674418605, 0.9651162790697676)",1,95.7906976744187,28386
"(0.7674418604651163, 1.0)",1,95.79069767441868,28387
"(0.4883720930232558, 1.0)",2,95.79069767441864,28389
"(0.7790697674418605, 0.9767441860465116)",1,95.79069767441864,28390
"(0.5930232558139535, 0.9767441860465116)",1,95.79069767441852,28391
"(0.8604651162790697, 0.9534883720930232)",1,95.7906976744185,28392
"(0.8604651162790697, 0.9651162790697676)",1,95.79069767441848,28393
"(0.6046511627906976, 0.9651162790697676)",1,95.79069767441844,28394
"(0.8953488372093024, 0.9651162790697676)",1,95.79069767441844,28395
"(0.8488372093023255, 0.9651162790697676)",1,95.79069767441844,28396
"(0.7906976744186046, 0.9651162790697676)",2,95.79069767441844,28398
"(0.9767441860465116, 0.9651162790697676)",2,95.79069767441844,28400
"(0.872093023255814, 0.9651162790697676)",1,95.79069767441842,28401
"(0.8604651162790697, 0.9651162790697676)",2,95.79069767441842,28403
"(0.6046511627906976, 0.9651162790697676)",1,95.7906976744184,28404
"(0.872093023255814, 0.9651162790697676)",1,95.7906976744184,28405
"(0.8372093023255814, 0.9651162790697676)",1,95.79069767441838,28406
"(0.8953488372093024, 0.9651162790697676)",1,95.79069767441834,28407
"(0.8525, 0.96)",1,95.78999999999984,28408
"(0.9429824561403508, 0.9692982456140352)",1,95.78947368421062,28409
"(0.868421052631579, 0.9780701754385964)",3,95.78947368421062,28412
"(0.6973684210526315, 0.9649122807017544)",1,95.7894736842106,28413
"(0.8377192982456141, 0.9780701754385964)",3,95.7894736842106,28416
"(0.8464912280701754, 0.9736842105263158)",1,95.78947368421056,28417
"(0.8928571428571429, 0.9607142857142856)",1,95.78928571428582,28418
"(0.95, 0.9642857142857144)",4,95.7892857142858,28422
"(0.9571428571428572, 0.9642857142857144)",3,95.78928571428575,28425
"(0.7392857142857143, 0.9642857142857144)",1,95.78928571428564,28426
"(0.925, 0.9642857142857144)",1,95.7892857142856,28427
"(0.9392857142857144, 0.9642857142857144)",1,95.78928571428555,28428
"(0.8588235294117647, 0.976470588235294)",1,95.78823529411756,28429
"(0.4, 0.9411764705882352)",1,95.78823529411753,28430
"(0.775, 0.975)",1,95.78750000000016,28431
"(0.9125, 0.9625)",1,95.78749999999998,28432
"(0.9125, 0.975)",1,95.78749999999994,28433
"(0.9333333333333332, 0.9916666666666668)",1,95.78749999999984,28434
"(0.5939189189189189, 0.9736486486486486)",1,95.78648648648648,28435
"(0.9035714285714286, 0.9678571428571427)",1,95.78571428571428,28436
"(0.8857142857142857, 0.9714285714285714)",1,95.78571428571423,28437
"(0.9392857142857144, 0.9607142857142856)",1,95.78571428571422,28438
"(0.6756756756756757, 0.9722972972972972)",1,95.78513513513523,28439
"(0.7412280701754386, 0.9780701754385964)",1,95.78508771929836,28440
"(0.868421052631579, 0.9649122807017544)",3,95.78508771929832,28443
"(0.9429824561403508, 0.9736842105263158)",1,95.78508771929832,28444
"(0.8947368421052632, 0.9649122807017544)",1,95.78508771929828,28445
"(0.8859649122807017, 0.9780701754385964)",3,95.78508771929828,28448
"(0.8245614035087719, 0.9649122807017544)",1,95.78508771929826,28449
"(0.9327702702702704, 0.9695945945945946)",1,95.78445945945944,28450
"(0.9166666666666666, 1.0)",1,95.78333333333342,28451
"(0.8666666666666667, 0.9833333333333332)",1,95.7833333333334,28452
"(0.9666666666666668, 1.0)",1,95.78333333333336,28453
"(0.7333333333333333, 1.0)",1,95.78333333333336,28454
"(0.9166666666666666, 1.0)",1,95.78333333333336,28455
"(1.0, 1.0)",1,95.78333333333332,28456
"(0.7166666666666667, 1.0)",1,95.78333333333332,28457
"(0.95, 1.0)",1,95.78333333333332,28458
"(0.9833333333333332, 0.9875)",1,95.78333333333332,28459
"(0.8666666666666667, 1.0)",2,95.78333333333332,28461
"(0.9, 0.9607142857142856)",1,95.78214285714306,28462
"(0.9607142857142856, 0.9607142857142856)",1,95.78214285714284,28463
"(0.8535714285714285, 0.9571428571428572)",1,95.78214285714282,28464
"(0.9785714285714284, 0.9571428571428572)",1,95.7821428571428,28465
"(0.9214285714285714, 0.9642857142857144)",1,95.78214285714276,28466
"(0.8552631578947368, 0.9780701754385964)",3,95.78070175438609,28469
"(0.8625, 0.9875)",1,95.77916666666655,28470
"(0.9791666666666666, 0.9875)",4,95.77916666666653,28474
"(0.8255813953488372, 0.9767441860465116)",1,95.77906976744202,28475
"(0.8372093023255814, 0.9767441860465116)",1,95.779069767442,28476
"(0.8604651162790697, 0.9767441860465116)",1,95.779069767442,28477
"(0.8604651162790697, 0.9767441860465116)",2,95.77906976744198,28479
"(0.7558139534883721, 0.9767441860465116)",2,95.77906976744195,28481
"(0.9069767441860463, 1.0)",1,95.77906976744192,28482
"(0.8488372093023255, 0.9767441860465116)",1,95.77906976744192,28483
"(0.813953488372093, 1.0)",1,95.77906976744192,28484
"(0.3023255813953488, 0.9767441860465116)",1,95.7790697674419,28485
"(0.9302325581395348, 0.9767441860465116)",1,95.77906976744188,28486
"(0.7906976744186046, 0.9767441860465116)",1,95.77906976744184,28487
"(0.8372093023255814, 0.9767441860465116)",1,95.77906976744184,28488
"(0.9186046511627908, 0.9534883720930232)",1,95.77906976744184,28489
"(0.6744186046511628, 0.9651162790697676)",1,95.77906976744184,28490
"(0.5465116279069767, 0.9651162790697676)",1,95.7790697674418,28491
"(0.9186046511627908, 0.9767441860465116)",1,95.77906976744178,28492
"(0.9069767441860463, 0.9767441860465116)",1,95.77906976744175,28493
"(0.8604651162790697, 0.9534883720930232)",2,95.77906976744175,28495
"(0.8372093023255814, 0.9767441860465116)",1,95.77906976744173,28496
"(0.8604651162790697, 0.9651162790697676)",1,95.7790697674417,28497
"(0.872093023255814, 0.9651162790697676)",1,95.7790697674417,28498
"(0.872093023255814, 0.9651162790697676)",1,95.77906976744168,28499
"(0.7325581395348837, 0.9651162790697676)",2,95.77906976744164,28501
"(0.8604651162790697, 0.9651162790697676)",1,95.77906976744164,28502
"(0.8488372093023255, 0.9651162790697676)",1,95.7790697674416,28503
"(0.9535714285714286, 0.9571428571428572)",4,95.77857142857154,28507
"(0.8678571428571429, 0.9642857142857144)",1,95.77857142857148,28508
"(0.9571428571428572, 0.9535714285714286)",1,95.77857142857148,28509
"(0.9392857142857144, 0.9642857142857144)",1,95.77857142857144,28510
"(0.925, 0.9607142857142856)",1,95.77857142857144,28511
"(0.95, 0.9714285714285714)",1,95.77857142857142,28512
"(0.9214285714285714, 0.9535714285714286)",1,95.77857142857138,28513
"(0.8194444444444444, 0.9861111111111112)",1,95.77777777777796,28514
"(0.7083333333333334, 0.9861111111111112)",2,95.77777777777794,28516
"(0.5277777777777778, 0.9722222222222222)",1,95.77777777777794,28517
"(0.9305555555555556, 0.9722222222222222)",2,95.77777777777794,28519
"(0.875, 0.9722222222222222)",2,95.77777777777791,28521
"(0.75, 0.9861111111111112)",1,95.77777777777791,28522
"(0.6944444444444444, 0.9861111111111112)",1,95.7777777777779,28523
"(0.875, 1.0)",1,95.7777777777779,28524
"(0.7222222222222222, 1.0)",2,95.77777777777786,28526
"(0.8888888888888888, 1.0)",1,95.77777777777784,28527
"(0.8333333333333334, 0.9722222222222222)",2,95.77777777777784,28529
"(0.9444444444444444, 1.0)",1,95.77777777777784,28530
"(0.7083333333333334, 1.0)",2,95.7777777777778,28532
"(0.8194444444444444, 1.0)",2,95.7777777777778,28534
"(0.9583333333333334, 1.0)",2,95.7777777777778,28536
"(0.8194444444444444, 1.0)",2,95.77777777777776,28538
"(0.8611111111111112, 1.0)",1,95.77777777777776,28539
"(0.8888888888888888, 1.0)",1,95.77777777777776,28540
"(0.902027027027027, 0.9719594594594596)",1,95.77668918918926,28541
"(0.9078947368421052, 0.9649122807017544)",1,95.77631578947376,28542
"(0.8289473684210527, 0.9692982456140352)",3,95.77631578947376,28545
"(0.7719298245614035, 0.9824561403508772)",1,95.77631578947374,28546
"(0.6929824561403509, 0.9780701754385964)",1,95.77631578947371,28547
"(0.912280701754386, 0.9692982456140352)",1,95.77631578947371,28548
"(0.5225, 0.98125)",1,95.77625000000008,28549
"(0.5891891891891892, 0.9706081081081082)",1,95.77533783783788,28550
"(0.48875, 0.9775)",1,95.77500000000016,28551
"(0.95, 0.9607142857142856)",1,95.77500000000006,28552
"(0.9791666666666666, 0.9958333333333332)",1,95.77500000000003,28553
"(0.9178571428571428, 0.9571428571428572)",1,95.77500000000003,28554
"(0.9392857142857144, 0.9535714285714286)",1,95.77500000000003,28555
"(0.9625, 0.9625)",1,95.77500000000003,28556
"(0.9357142857142856, 0.9642857142857144)",1,95.775,28557
"(0.9285714285714286, 0.9607142857142856)",1,95.77499999999998,28558
"(0.9214285714285714, 0.9571428571428572)",1,95.77499999999998,28559
"(0.9375, 0.9958333333333332)",1,95.77499999999996,28560
"(0.95, 0.9666666666666668)",1,95.77499999999996,28561
"(0.8375, 0.975)",1,95.7749999999999,28562
"(0.8678571428571429, 0.9642857142857144)",1,95.77499999999984,28563
"(0.8375, 0.975)",1,95.7749999999998,28564
"(0.8493243243243244, 0.9699324324324324)",1,95.77263513513518,28565
"(0.8225, 0.96)",1,95.77249999999997,28566
"(0.60375, 0.985)",1,95.77249999999997,28567
"(0.8771929824561403, 0.9692982456140352)",4,95.7719298245615,28571
"(0.8201754385964912, 0.9649122807017544)",2,95.77192982456144,28573
"(0.8552631578947368, 0.9692982456140352)",1,95.77192982456144,28574
"(0.9428571428571428, 0.9607142857142856)",1,95.77142857142869,28575
"(0.8392857142857143, 0.9571428571428572)",3,95.77142857142864,28578
"(0.9642857142857144, 0.9607142857142856)",1,95.7714285714286,28579
"(0.875, 0.9607142857142856)",1,95.7714285714286,28580
"(0.9464285714285714, 0.9607142857142856)",1,95.77142857142856,28581
"(0.9535714285714286, 0.9642857142857144)",3,95.77142857142854,28584
"(0.9142857142857144, 0.9678571428571427)",1,95.77142857142852,28585
"(0.9392857142857144, 0.9678571428571427)",1,95.77142857142849,28586
"(0.95, 0.9571428571428572)",1,95.77142857142844,28587
"(0.9916666666666668, 0.9833333333333332)",1,95.77083333333329,28588
"(0.8625, 0.9875)",2,95.77083333333316,28590
"(0.8675, 0.9575)",1,95.77000000000008,28591
"(0.5540540540540541, 0.9766891891891892)",1,95.76824324324323,28592
"(0.9535714285714286, 0.9571428571428572)",1,95.76785714285724,28593
"(0.8535714285714285, 0.9571428571428572)",3,95.76785714285715,28596
"(0.95, 0.9392857142857144)",1,95.76785714285712,28597
"(0.9035714285714286, 0.9642857142857144)",1,95.76785714285708,28598
"(0.9392857142857144, 0.9678571428571427)",2,95.76785714285708,28600
"(0.8552631578947368, 0.9912280701754386)",3,95.76754385964912,28603
"(0.7375, 0.9625)",1,95.76749999999994,28604
"(0.9075, 0.9575)",1,95.76749999999991,28605
"(0.7906976744186046, 0.9883720930232558)",1,95.76744186046524,28606
"(0.5697674418604651, 0.9767441860465116)",1,95.76744186046524,28607
"(0.8953488372093024, 0.9767441860465116)",1,95.76744186046515,28608
"(0.8604651162790697, 0.9767441860465116)",1,95.76744186046515,28609
"(0.7674418604651163, 0.9767441860465116)",1,95.76744186046515,28610
"(0.8255813953488372, 0.9767441860465116)",1,95.76744186046515,28611
"(0.8372093023255814, 0.9883720930232558)",1,95.76744186046515,28612
"(0.7209302325581395, 0.9418604651162792)",1,95.76744186046514,28613
"(0.7093023255813954, 0.9767441860465116)",1,95.76744186046513,28614
"(0.7674418604651163, 0.9651162790697676)",1,95.76744186046513,28615
"(0.8255813953488372, 0.9767441860465116)",2,95.76744186046508,28617
"(0.8604651162790697, 0.9767441860465116)",1,95.76744186046506,28618
"(0.6744186046511628, 0.9651162790697676)",1,95.76744186046506,28619
"(0.5465116279069767, 0.9534883720930232)",1,95.76744186046504,28620
"(0.7325581395348837, 0.9767441860465116)",1,95.76744186046504,28621
"(0.8604651162790697, 0.9534883720930232)",1,95.767441860465,28622
"(0.9302325581395348, 0.9534883720930232)",1,95.76744186046496,28623
"(0.8604651162790697, 0.9651162790697676)",1,95.76744186046494,28624
"(0.872093023255814, 0.9651162790697676)",1,95.76744186046491,28625
"(0.4767441860465116, 0.9651162790697676)",1,95.76744186046491,28626
"(0.8953488372093024, 0.9651162790697676)",2,95.76744186046491,28628
"(0.813953488372093, 0.9651162790697676)",1,95.76744186046491,28629
"(0.9767441860465116, 0.9651162790697676)",1,95.7674418604648,28630
"(0.8333333333333334, 1.0)",2,95.76666666666677,28632
"(0.95, 1.0)",1,95.7666666666667,28633
"(0.9833333333333332, 1.0)",1,95.76666666666668,28634
"(0.925, 0.975)",1,95.76666666666668,28635
"(0.9166666666666666, 1.0)",1,95.76666666666668,28636
"(0.85, 1.0)",1,95.76666666666668,28637
"(0.8625, 0.9666666666666668)",2,95.7666666666666,28639
"(0.9291666666666668, 0.975)",1,95.76666666666657,28640
"(0.6280405405405406, 0.9743243243243244)",1,95.76655405405413,28641
"(0.5925, 0.97875)",1,95.76625000000006,28642
"(0.7325, 0.9625)",1,95.76500000000016,28643
"(0.9275, 0.9575)",1,95.76499999999996,28644
"(0.8625, 0.96)",1,95.76499999999992,28645
"(0.595945945945946, 0.975)",1,95.7648648648649,28646
"(0.8571428571428571, 0.9607142857142856)",4,95.7642857142859,28650
"(0.9178571428571428, 0.9571428571428572)",1,95.76428571428582,28651
"(0.925, 0.9607142857142856)",1,95.7642857142858,28652
"(0.9571428571428572, 0.9642857142857144)",1,95.76428571428572,28653
"(0.925, 0.9678571428571427)",1,95.76428571428568,28654
"(0.8857142857142857, 0.95)",1,95.76428571428568,28655
"(0.9607142857142856, 0.9535714285714286)",1,95.76428571428563,28656
"(0.9571428571428572, 0.9678571428571427)",1,95.76428571428563,28657
"(0.925, 0.9535714285714286)",1,95.76428571428552,28658
"(0.8333333333333334, 0.9722222222222222)",1,95.76388888888908,28659
"(0.5972222222222222, 0.9861111111111112)",1,95.76388888888908,28660
"(0.9444444444444444, 0.9722222222222222)",1,95.76388888888906,28661
"(0.8611111111111112, 0.9722222222222222)",1,95.76388888888906,28662
"(0.8055555555555556, 0.9861111111111112)",1,95.76388888888906,28663
"(0.75, 0.9861111111111112)",2,95.76388888888904,28665
"(0.5, 0.9861111111111112)",2,95.76388888888904,28667
"(0.8611111111111112, 0.9722222222222222)",1,95.76388888888904,28668
"(0.9305555555555556, 1.0)",1,95.76388888888904,28669
"(0.7083333333333334, 0.9861111111111112)",2,95.76388888888904,28671
"(0.8194444444444444, 0.9861111111111112)",2,95.763888888889,28673
"(0.8888888888888888, 0.9722222222222222)",2,95.763888888889,28675
"(0.875, 0.9722222222222222)",1,95.763888888889,28676
"(0.9027777777777778, 0.9861111111111112)",2,95.763888888889,28678
"(0.9166666666666666, 0.9861111111111112)",1,95.763888888889,28679
"(0.9444444444444444, 1.0)",1,95.76388888888896,28680
"(0.8194444444444444, 1.0)",2,95.76388888888896,28682
"(0.8888888888888888, 0.9861111111111112)",2,95.76388888888896,28684
"(0.7638888888888888, 1.0)",2,95.76388888888894,28686
"(0.7083333333333334, 1.0)",1,95.76388888888889,28687
"(0.7361111111111112, 1.0)",1,95.76388888888889,28688
"(0.868421052631579, 0.9649122807017544)",1,95.7631578947369,28689
"(0.8552631578947368, 0.9605263157894736)",3,95.76315789473688,28692
"(0.8552631578947368, 0.9736842105263158)",1,95.76315789473686,28693
"(0.9125, 0.9625)",2,95.76250000000012,28695
"(0.9291666666666668, 0.9541666666666668)",1,95.76250000000002,28696
"(0.85, 0.975)",1,95.7625,28697
"(0.9166666666666666, 0.975)",1,95.76249999999996,28698
"(0.9375, 0.975)",1,95.76249999999996,28699
"(0.9, 0.975)",1,95.76249999999996,28700
"(0.9, 0.975)",1,95.76249999999992,28701
"(0.9625, 0.975)",1,95.76249999999992,28702
"(0.9125, 0.965)",1,95.76249999999992,28703
"(0.7875, 0.9625)",1,95.76249999999985,28704
"(0.875, 0.975)",1,95.76249999999982,28705
"(0.9392857142857144, 0.9607142857142856)",1,95.7607142857144,28706
"(0.9357142857142856, 0.9714285714285714)",1,95.76071428571431,28707
"(0.9571428571428572, 0.9571428571428572)",1,95.7607142857143,28708
"(0.9357142857142856, 0.95)",1,95.76071428571429,28709
"(0.9357142857142856, 0.9642857142857144)",1,95.76071428571429,28710
"(0.95, 0.9642857142857144)",1,95.76071428571426,28711
"(0.9607142857142856, 0.9607142857142856)",1,95.76071428571426,28712
"(0.9285714285714286, 0.9535714285714286)",1,95.76071428571424,28713
"(0.95, 0.9642857142857144)",1,95.76071428571422,28714
"(0.8859649122807017, 0.9649122807017544)",1,95.7587719298246,28715
"(0.7763157894736842, 0.9824561403508772)",1,95.7587719298246,28716
"(0.9458333333333332, 0.9708333333333332)",2,95.75833333333334,28718
"(0.8791666666666667, 0.9791666666666666)",1,95.75833333333333,28719
"(0.8916666666666667, 0.9916666666666668)",1,95.75833333333316,28720
"(0.885, 0.9525)",1,95.75749999999996,28721
"(0.8821428571428571, 0.9571428571428572)",1,95.75714285714288,28722
"(0.9142857142857144, 0.9571428571428572)",3,95.75714285714284,28725
"(0.925, 0.9678571428571427)",1,95.75714285714282,28726
"(0.9571428571428572, 0.95)",1,95.75714285714282,28727
"(0.9035714285714286, 0.9642857142857144)",1,95.75714285714274,28728
"(0.9535714285714286, 0.9571428571428572)",1,95.75714285714272,28729
"(0.925, 0.9678571428571427)",1,95.7571428571427,28730
"(0.8604651162790697, 0.9534883720930232)",1,95.75581395348844,28731
"(0.8604651162790697, 0.9651162790697676)",1,95.7558139534884,28732
"(0.9302325581395348, 0.9767441860465116)",1,95.7558139534884,28733
"(0.8604651162790697, 0.9767441860465116)",1,95.7558139534884,28734
"(0.5465116279069767, 0.9651162790697676)",1,95.75581395348838,28735
"(0.8372093023255814, 0.9534883720930232)",1,95.75581395348836,28736
"(0.7674418604651163, 0.9767441860465116)",1,95.75581395348836,28737
"(0.3372093023255814, 1.0)",1,95.75581395348836,28738
"(0.6627906976744186, 0.9534883720930232)",1,95.75581395348831,28739
"(0.7790697674418605, 0.9767441860465116)",1,95.75581395348831,28740
"(0.9302325581395348, 0.9651162790697676)",1,95.75581395348831,28741
"(0.8372093023255814, 0.9651162790697676)",2,95.75581395348831,28743
"(0.5232558139534884, 0.9651162790697676)",1,95.75581395348831,28744
"(0.8604651162790697, 0.9651162790697676)",1,95.7558139534883,28745
"(0.9186046511627908, 0.9651162790697676)",1,95.75581395348829,28746
"(0.8604651162790697, 0.9767441860465116)",1,95.75581395348824,28747
"(0.813953488372093, 0.9651162790697676)",4,95.7558139534882,28751
"(0.8837209302325582, 0.9651162790697676)",1,95.7558139534882,28752
"(0.8372093023255814, 0.9651162790697676)",1,95.7558139534882,28753
"(0.8604651162790697, 0.9651162790697676)",1,95.7558139534882,28754
"(0.7674418604651163, 0.9651162790697676)",1,95.75581395348816,28755
"(0.8953488372093024, 0.9534883720930232)",1,95.75581395348816,28756
"(0.8604651162790697, 0.9651162790697676)",2,95.75581395348814,28758
"(0.9302325581395348, 0.9651162790697676)",1,95.75581395348811,28759
"(0.5476351351351352, 0.9726351351351352)",1,95.75439189189188,28760
"(0.7807017543859649, 0.986842105263158)",3,95.7543859649124,28763
"(0.9078947368421052, 0.9649122807017544)",1,95.75438596491236,28764
"(0.8728070175438597, 0.9649122807017544)",3,95.75438596491232,28767
"(0.7456140350877193, 0.9692982456140352)",3,95.7543859649123,28770
"(0.8289473684210527, 0.9824561403508772)",1,95.7543859649123,28771
"(0.9875, 0.9666666666666668)",1,95.75416666666672,28772
"(0.9708333333333332, 0.9958333333333332)",4,95.75416666666662,28776
"(0.9583333333333334, 0.975)",1,95.75416666666656,28777
"(0.9035714285714286, 0.9571428571428572)",1,95.75357142857148,28778
"(0.9607142857142856, 0.9571428571428572)",1,95.75357142857143,28779
"(0.9357142857142856, 0.95)",1,95.75357142857142,28780
"(0.6944444444444444, 0.9722222222222222)",1,95.7500000000002,28781
"(0.8611111111111112, 0.9722222222222222)",1,95.75000000000018,28782
"(0.875, 0.9861111111111112)",1,95.75000000000018,28783
"(0.8055555555555556, 0.9861111111111112)",1,95.75000000000016,28784
"(0.8611111111111112, 0.9861111111111112)",1,95.75000000000016,28785
"(0.8611111111111112, 0.9722222222222222)",1,95.75000000000016,28786
"(0.8888888888888888, 0.9722222222222222)",1,95.75000000000016,28787
"(0.625, 0.9861111111111112)",1,95.75000000000016,28788
"(0.8333333333333334, 0.9722222222222222)",1,95.75000000000016,28789
"(0.8194444444444444, 0.9861111111111112)",4,95.75000000000016,28793
"(0.8888888888888888, 1.0)",1,95.75000000000014,28794
"(0.625, 0.9722222222222222)",2,95.75000000000014,28796
"(0.8888888888888888, 0.9861111111111112)",1,95.75000000000014,28797
"(0.875, 0.9722222222222222)",1,95.75000000000011,28798
"(0.8611111111111112, 0.9722222222222222)",1,95.75000000000011,28799
"(0.8194444444444444, 0.9722222222222222)",1,95.75000000000011,28800
"(0.9166666666666666, 1.0)",2,95.75000000000011,28802
"(0.8611111111111112, 0.9861111111111112)",1,95.75000000000011,28803
"(0.875, 0.9861111111111112)",2,95.7500000000001,28805
"(0.8888888888888888, 0.9861111111111112)",2,95.75000000000009,28807
"(0.9166666666666666, 0.9583333333333334)",1,95.75000000000009,28808
"(0.8833333333333333, 1.0)",1,95.75000000000004,28809
"(0.8552631578947368, 0.9780701754385964)",1,95.75000000000004,28810
"(0.9571428571428572, 0.9571428571428572)",1,95.75000000000004,28811
"(0.9166666666666666, 1.0)",1,95.75000000000004,28812
"(0.75, 1.0)",1,95.75000000000004,28813
"(0.9583333333333334, 1.0)",1,95.75,28814
"(0.9285714285714286, 0.9607142857142856)",2,95.75,28816
"(0.8333333333333334, 1.0)",1,95.75,28817
"(0.9642857142857144, 0.9785714285714284)",1,95.75,28818
"(1.0, 1.0)",1,95.75,28819
"(0.9285714285714286, 0.9642857142857144)",2,95.75,28821
"(0.9357142857142856, 0.9642857142857144)",1,95.75,28822
"(0.9392857142857144, 0.9714285714285714)",1,95.75,28823
"(0.8666666666666667, 1.0)",1,95.75,28824
"(0.9875, 0.9708333333333332)",2,95.74999999999996,28826
"(0.6944444444444444, 0.9722222222222222)",1,95.74999999999996,28827
"(0.8928571428571429, 0.9642857142857144)",1,95.74999999999996,28828
"(0.7763157894736842, 0.9912280701754386)",1,95.74999999999996,28829
"(0.9, 0.9607142857142856)",1,95.74999999999996,28830
"(0.7875, 0.9625)",1,95.74999999999996,28831
"(0.9464285714285714, 0.9535714285714286)",1,95.74999999999994,28832
"(0.8333333333333334, 0.9722222222222222)",1,95.74999999999991,28833
"(0.8928571428571429, 0.9607142857142856)",1,95.74999999999991,28834
"(0.8125, 0.975)",1,95.74999999999991,28835
"(0.9625, 0.975)",2,95.74999999999991,28837
"(0.5800675675675676, 0.9716216216216216)",1,95.74729729729728,28838
"(0.8392857142857143, 0.9607142857142856)",1,95.74642857142877,28839
"(0.8678571428571429, 0.9607142857142856)",1,95.7464285714286,28840
"(0.9535714285714286, 0.9571428571428572)",1,95.74642857142858,28841
"(0.875, 0.9571428571428572)",1,95.74642857142857,28842
"(0.9571428571428572, 0.9642857142857144)",1,95.74642857142857,28843
"(0.8333333333333334, 0.9649122807017544)",1,95.74561403508778,28844
"(0.7236842105263158, 0.9780701754385964)",3,95.74561403508775,28847
"(0.8157894736842105, 0.9736842105263158)",1,95.74561403508775,28848
"(0.6228070175438597, 0.9824561403508772)",2,95.74561403508775,28850
"(0.5964912280701754, 0.9649122807017544)",3,95.74561403508775,28853
"(0.9078947368421052, 0.9649122807017544)",3,95.74561403508774,28856
"(0.96, 0.955)",1,95.7449999999999,28857
"(0.7674418604651163, 0.9883720930232558)",1,95.74418604651171,28858
"(0.813953488372093, 1.0)",1,95.74418604651169,28859
"(0.5465116279069767, 0.9767441860465116)",1,95.74418604651169,28860
"(0.8604651162790697, 0.9767441860465116)",1,95.74418604651166,28861
"(0.5697674418604651, 1.0)",1,95.74418604651166,28862
"(0.813953488372093, 0.9767441860465116)",2,95.74418604651164,28864
"(0.5465116279069767, 0.9767441860465116)",1,95.74418604651164,28865
"(0.9186046511627908, 0.9883720930232558)",2,95.74418604651164,28867
"(0.7209302325581395, 0.9534883720930232)",1,95.74418604651164,28868
"(0.9302325581395348, 0.9534883720930232)",1,95.7441860465116,28869
"(0.5813953488372093, 0.9651162790697676)",1,95.7441860465116,28870
"(0.7093023255813954, 0.9534883720930232)",1,95.74418604651156,28871
"(0.8604651162790697, 0.9651162790697676)",1,95.74418604651147,28872
"(0.8372093023255814, 0.9651162790697676)",1,95.74418604651146,28873
"(0.9767441860465116, 0.9651162790697676)",1,95.74418604651146,28874
"(0.8837209302325582, 0.9651162790697676)",2,95.74418604651146,28876
"(0.8255813953488372, 0.9651162790697676)",1,95.74418604651144,28877
"(0.8488372093023255, 0.9651162790697676)",1,95.74418604651144,28878
"(0.8953488372093024, 0.9651162790697676)",3,95.74418604651142,28881
"(0.5158783783783784, 0.9773648648648648)",1,95.74358108108112,28882
"(0.9428571428571428, 0.9607142857142856)",1,95.74285714285718,28883
"(0.9535714285714286, 0.9678571428571427)",1,95.74285714285716,28884
"(0.9535714285714286, 0.9678571428571427)",1,95.74285714285712,28885
"(0.8535714285714285, 0.9571428571428572)",1,95.74285714285712,28886
"(0.9285714285714286, 0.9607142857142856)",1,95.74285714285712,28887
"(0.9214285714285714, 0.9571428571428572)",1,95.7428571428571,28888
"(0.9607142857142856, 0.9642857142857144)",1,95.7428571428571,28889
"(0.9428571428571428, 0.9678571428571427)",1,95.7428571428571,28890
"(0.95, 0.9714285714285714)",1,95.7428571428571,28891
"(0.9678571428571427, 0.9678571428571427)",1,95.74285714285708,28892
"(0.9464285714285714, 0.9678571428571427)",1,95.74285714285708,28893
"(0.9357142857142856, 0.9642857142857144)",1,95.74285714285708,28894
"(0.9107142857142856, 0.9535714285714286)",2,95.74285714285706,28896
"(0.9285714285714286, 0.9642857142857144)",6,95.742857142857,28902
"(0.9583333333333334, 0.9875)",1,95.74166666666665,28903
"(0.9666666666666668, 0.9916666666666668)",1,95.7416666666666,28904
"(0.85, 0.9916666666666668)",1,95.74166666666656,28905
"(0.8157894736842105, 0.9649122807017544)",1,95.74122807017548,28906
"(0.881578947368421, 0.9649122807017544)",3,95.74122807017544,28909
"(0.9385964912280702, 0.9824561403508772)",1,95.74122807017542,28910
"(0.7375, 0.96)",1,95.73999999999988,28911
"(0.9107142857142856, 0.9785714285714284)",1,95.7392857142857,28912
"(0.9571428571428572, 0.9607142857142856)",1,95.73928571428564,28913
"(0.875, 0.9607142857142856)",3,95.73928571428564,28916
"(0.6905405405405406, 0.9736486486486486)",1,95.73918918918916,28917
"(0.7875, 0.95)",1,95.73750000000013,28918
"(0.6875, 0.975)",1,95.73750000000004,28919
"(0.8791666666666667, 0.9833333333333332)",1,95.73749999999995,28920
"(0.6625, 0.975)",1,95.7374999999999,28921
"(0.775, 0.9625)",1,95.7374999999999,28922
"(0.9, 0.975)",1,95.73749999999988,28923
"(0.9625, 0.9875)",1,95.73749999999984,28924
"(0.6008771929824561, 0.9736842105263158)",3,95.73684210526322,28927
"(0.8728070175438597, 0.9736842105263158)",1,95.7368421052632,28928
"(0.7638888888888888, 0.9861111111111112)",1,95.7361111111113,28929
"(0.8472222222222222, 0.9722222222222222)",1,95.7361111111113,28930
"(0.8194444444444444, 0.9861111111111112)",1,95.7361111111113,28931
"(0.9583333333333334, 0.9861111111111112)",2,95.7361111111113,28933
"(0.8888888888888888, 0.9861111111111112)",4,95.73611111111128,28937
"(0.8611111111111112, 0.9722222222222222)",1,95.73611111111128,28938
"(0.9166666666666666, 0.9861111111111112)",1,95.73611111111128,28939
"(0.7083333333333334, 0.9722222222222222)",1,95.73611111111128,28940
"(0.8611111111111112, 0.9861111111111112)",1,95.73611111111126,28941
"(0.8611111111111112, 0.9861111111111112)",1,95.73611111111124,28942
"(0.8333333333333334, 0.9861111111111112)",1,95.73611111111124,28943
"(0.6944444444444444, 0.9861111111111112)",1,95.73611111111124,28944
"(0.8611111111111112, 0.9722222222222222)",1,95.7361111111112,28945
"(0.8472222222222222, 0.9861111111111112)",2,95.7361111111112,28947
"(0.8888888888888888, 0.9722222222222222)",1,95.7361111111112,28948
"(0.7222222222222222, 1.0)",1,95.7361111111112,28949
"(0.8194444444444444, 1.0)",1,95.73611111111116,28950
"(0.7638888888888888, 1.0)",1,95.73611111111114,28951
"(0.8194444444444444, 1.0)",1,95.73611111111111,28952
"(0.8194444444444444, 0.9444444444444444)",1,95.73611111111104,28953
"(0.9392857142857144, 0.9607142857142856)",1,95.73571428571438,28954
"(0.9642857142857144, 0.9607142857142856)",1,95.73571428571432,28955
"(0.8821428571428571, 0.9607142857142856)",3,95.73571428571432,28958
"(0.9642857142857144, 0.9571428571428572)",1,95.7357142857143,28959
"(0.9428571428571428, 0.9607142857142856)",1,95.73571428571428,28960
"(0.8928571428571429, 0.9678571428571427)",1,95.73571428571424,28961
"(0.8928571428571429, 0.9571428571428572)",1,95.73571428571424,28962
"(0.9214285714285714, 0.9607142857142856)",3,95.73571428571424,28965
"(0.9428571428571428, 0.9535714285714286)",1,95.73571428571422,28966
"(0.9535714285714286, 0.9642857142857144)",1,95.7357142857142,28967
"(0.9357142857142856, 0.9571428571428572)",1,95.7357142857141,28968
"(0.7875, 0.9575)",1,95.7349999999998,28969
"(0.9833333333333332, 0.9833333333333332)",1,95.73333333333343,28970
"(0.75, 0.9833333333333332)",1,95.73333333333342,28971
"(0.8166666666666667, 0.9833333333333332)",1,95.7333333333334,28972
"(0.9666666666666668, 0.9833333333333332)",2,95.7333333333334,28974
"(0.95, 0.9833333333333332)",1,95.7333333333334,28975
"(0.8833333333333333, 1.0)",1,95.73333333333338,28976
"(0.95, 1.0)",1,95.73333333333336,28977
"(0.9833333333333332, 1.0)",1,95.73333333333332,28978
"(0.7666666666666667, 1.0)",1,95.73333333333332,28979
"(0.9666666666666668, 1.0)",1,95.73333333333332,28980
"(0.9333333333333332, 1.0)",2,95.73333333333332,28982
"(0.95, 1.0)",1,95.73333333333332,28983
"(0.85, 0.9875)",1,95.73333333333328,28984
"(0.5925675675675676, 0.9722972972972972)",1,95.73310810810808,28985
"(0.8488372093023255, 0.9767441860465116)",1,95.732558139535,28986
"(0.627906976744186, 1.0)",1,95.73255813953492,28987
"(0.7209302325581395, 0.9767441860465116)",1,95.73255813953492,28988
"(0.3604651162790697, 0.9767441860465116)",1,95.73255813953487,28989
"(0.7093023255813954, 0.9767441860465116)",1,95.73255813953487,28990
"(0.8837209302325582, 0.9767441860465116)",1,95.73255813953485,28991
"(0.7209302325581395, 0.9651162790697676)",1,95.73255813953485,28992
"(0.8372093023255814, 0.9651162790697676)",1,95.7325581395348,28993
"(0.8372093023255814, 0.9534883720930232)",1,95.73255813953476,28994
"(0.8604651162790697, 0.9651162790697676)",1,95.73255813953472,28995
"(0.8953488372093024, 0.9651162790697676)",1,95.7325581395347,28996
"(0.872093023255814, 0.9651162790697676)",1,95.73255813953466,28997
"(0.925438596491228, 0.986842105263158)",1,95.73245614035102,28998
"(0.8947368421052632, 0.9649122807017544)",3,95.73245614035092,29001
"(0.8640350877192983, 0.9736842105263158)",1,95.7324561403509,29002
"(0.8289473684210527, 0.9605263157894736)",1,95.73245614035088,29003
"(0.8903508771929824, 0.9605263157894736)",1,95.73245614035086,29004
"(0.85, 0.9642857142857144)",3,95.73214285714286,29007
"(0.9607142857142856, 0.9642857142857144)",2,95.73214285714285,29009
"(0.9392857142857144, 0.9607142857142856)",1,95.73214285714285,29010
"(0.9214285714285714, 0.9678571428571427)",3,95.73214285714285,29013
"(0.9357142857142856, 0.9571428571428572)",1,95.73214285714285,29014
"(0.9571428571428572, 0.9571428571428572)",1,95.7321428571428,29015
"(0.8928571428571429, 0.9642857142857144)",1,95.73214285714268,29016
"(0.5216216216216216, 0.9766891891891892)",1,95.7314189189189,29017
"(0.5325, 0.98)",1,95.73125000000007,29018
"(0.5236486486486487, 0.9760135135135136)",1,95.72972972972973,29019
"(0.8571428571428571, 0.9607142857142856)",1,95.72857142857164,29020
"(0.9392857142857144, 0.9571428571428572)",1,95.72857142857151,29021
"(0.9535714285714286, 0.9607142857142856)",1,95.72857142857151,29022
"(0.9535714285714286, 0.9571428571428572)",1,95.72857142857146,29023
"(0.95, 0.9607142857142856)",6,95.72857142857146,29029
"(0.9535714285714286, 0.9392857142857144)",1,95.7285714285714,29030
"(0.8928571428571429, 0.9571428571428572)",1,95.7285714285714,29031
"(0.9285714285714286, 0.9714285714285714)",2,95.7285714285714,29033
"(0.8928571428571429, 0.9678571428571427)",3,95.7285714285714,29036
"(0.925, 0.9571428571428572)",1,95.72857142857131,29037
"(0.9321428571428572, 0.9678571428571427)",1,95.7285714285713,29038
"(0.5964912280701754, 0.9692982456140352)",3,95.72807017543867,29041
"(0.9078947368421052, 0.9649122807017544)",1,95.72807017543865,29042
"(0.7587719298245614, 0.9649122807017544)",3,95.72807017543865,29045
"(0.8552631578947368, 0.9692982456140352)",3,95.7280701754386,29048
"(0.84, 0.96)",1,95.72749999999986,29049
"(0.5277027027027027, 0.977027027027027)",1,95.7253378378377,29050
"(0.8821428571428571, 0.9607142857142856)",1,95.7250000000002,29051
"(0.9571428571428572, 0.9642857142857144)",1,95.7250000000001,29052
"(0.7875, 0.9625)",1,95.72500000000004,29053
"(0.8678571428571429, 0.9535714285714286)",1,95.72500000000002,29054
"(0.9428571428571428, 0.9607142857142856)",3,95.725,29057
"(0.9375, 0.975)",1,95.72499999999998,29058
"(0.9535714285714286, 0.9607142857142856)",3,95.72499999999997,29061
"(0.925, 0.9607142857142856)",3,95.72499999999997,29064
"(0.9357142857142856, 0.9642857142857144)",1,95.72499999999994,29065
"(0.9392857142857144, 0.9607142857142856)",3,95.72499999999992,29068
"(0.9607142857142856, 0.9642857142857144)",1,95.72499999999992,29069
"(0.9, 0.975)",4,95.72499999999984,29073
"(0.8421052631578947, 0.9692982456140352)",4,95.72368421052644,29077
"(0.8640350877192983, 0.9736842105263158)",1,95.72368421052636,29078
"(0.9575, 0.9625)",1,95.72250000000004,29079
"(0.8611111111111112, 0.9583333333333334)",1,95.7222222222224,29080
"(0.9444444444444444, 0.9722222222222222)",1,95.7222222222224,29081
"(0.9027777777777778, 0.9861111111111112)",1,95.7222222222224,29082
"(0.7222222222222222, 0.9722222222222222)",2,95.7222222222224,29084
"(0.6944444444444444, 0.9861111111111112)",1,95.72222222222238,29085
"(0.75, 0.9722222222222222)",1,95.72222222222238,29086
"(0.7916666666666666, 0.9861111111111112)",2,95.72222222222238,29088
"(0.9583333333333334, 1.0)",2,95.72222222222238,29090
"(0.8472222222222222, 0.9722222222222222)",1,95.72222222222238,29091
"(0.625, 0.9722222222222222)",2,95.72222222222238,29093
"(0.8472222222222222, 0.9722222222222222)",1,95.72222222222236,29094
"(0.7083333333333334, 0.9722222222222222)",1,95.72222222222236,29095
"(0.6944444444444444, 0.9861111111111112)",2,95.72222222222236,29097
"(0.875, 0.9861111111111112)",1,95.72222222222236,29098
"(0.625, 0.9722222222222222)",1,95.72222222222236,29099
"(0.9583333333333334, 0.9861111111111112)",2,95.72222222222234,29101
"(0.7638888888888888, 1.0)",1,95.72222222222231,29102
"(0.875, 0.9722222222222222)",1,95.72222222222229,29103
"(0.9027777777777778, 1.0)",1,95.72222222222229,29104
"(0.6944444444444444, 1.0)",1,95.72222222222226,29105
"(0.8611111111111112, 1.0)",1,95.72222222222224,29106
"(0.925, 0.9571428571428572)",1,95.72142857142867,29107
"(0.9214285714285714, 0.9607142857142856)",3,95.72142857142858,29110
"(0.8857142857142857, 0.9571428571428572)",1,95.72142857142856,29111
"(0.9392857142857144, 0.9678571428571427)",1,95.72142857142852,29112
"(0.9392857142857144, 0.95)",1,95.7214285714285,29113
"(0.9428571428571428, 0.9642857142857144)",3,95.72142857142846,29116
"(0.5179054054054054, 0.9726351351351352)",1,95.72128378378378,29117
"(0.9302325581395348, 0.9767441860465116)",1,95.7209302325583,29118
"(0.7558139534883721, 0.9883720930232558)",1,95.7209302325583,29119
"(0.5930232558139535, 0.9767441860465116)",1,95.7209302325583,29120
"(0.8604651162790697, 0.9767441860465116)",1,95.7209302325583,29121
"(0.5813953488372093, 0.9767441860465116)",1,95.72093023255827,29122
"(0.8255813953488372, 0.9883720930232558)",1,95.72093023255826,29123
"(0.8372093023255814, 0.9651162790697676)",1,95.72093023255822,29124
"(0.8488372093023255, 0.9651162790697676)",1,95.7209302325582,29125
"(0.8837209302325582, 0.9767441860465116)",1,95.7209302325582,29126
"(0.4651162790697674, 0.9883720930232558)",1,95.72093023255816,29127
"(0.6046511627906976, 0.9651162790697676)",1,95.72093023255816,29128
"(0.7093023255813954, 0.9767441860465116)",1,95.72093023255812,29129
"(0.7674418604651163, 0.9651162790697676)",1,95.72093023255812,29130
"(0.8372093023255814, 0.9767441860465116)",2,95.7209302325581,29132
"(0.7093023255813954, 0.9767441860465116)",1,95.72093023255808,29133
"(0.7093023255813954, 0.9767441860465116)",1,95.72093023255808,29134
"(0.8604651162790697, 0.9534883720930232)",1,95.72093023255808,29135
"(0.8372093023255814, 0.9651162790697676)",1,95.72093023255805,29136
"(0.7093023255813954, 0.9651162790697676)",1,95.72093023255805,29137
"(0.813953488372093, 0.9651162790697676)",1,95.72093023255802,29138
"(0.8488372093023255, 0.9651162790697676)",1,95.72093023255798,29139
"(0.872093023255814, 0.9651162790697676)",1,95.72093023255798,29140
"(0.7906976744186046, 0.9651162790697676)",1,95.72093023255798,29141
"(0.8837209302325582, 0.9651162790697676)",1,95.72093023255796,29142
"(0.8488372093023255, 0.9651162790697676)",1,95.72093023255796,29143
"(0.8372093023255814, 0.9651162790697676)",2,95.72093023255796,29145
"(0.8604651162790697, 0.9651162790697676)",1,95.72093023255792,29146
"(0.8953488372093024, 0.9651162790697676)",2,95.72093023255792,29148
"(0.872093023255814, 0.9651162790697676)",2,95.72093023255792,29150
"(0.9708333333333332, 0.9625)",1,95.7208333333333,29151
"(0.8791666666666667, 0.9833333333333332)",1,95.72083333333327,29152
"(0.9175, 0.9625)",1,95.72000000000016,29153
"(0.9025, 0.9625)",1,95.72000000000006,29154
"(0.7675438596491229, 0.9649122807017544)",1,95.71929824561408,29155
"(0.8377192982456141, 0.9692982456140352)",1,95.71929824561406,29156
"(0.8201754385964912, 0.9692982456140352)",1,95.71929824561406,29157
"(0.8552631578947368, 0.9649122807017544)",2,95.71929824561406,29159
"(0.539527027027027, 0.9773648648648648)",1,95.71891891891896,29160
"(0.9321428571428572, 0.9535714285714286)",1,95.71785714285724,29161
"(0.925, 0.9607142857142856)",1,95.71785714285716,29162
"(0.9071428571428573, 0.9571428571428572)",3,95.71785714285716,29165
"(0.9535714285714286, 0.9571428571428572)",1,95.7178571428571,29166
"(0.925, 0.9535714285714286)",1,95.71785714285691,29167
"(0.9, 1.0)",2,95.71666666666675,29169
"(0.8833333333333333, 0.9833333333333332)",1,95.71666666666674,29170
"(0.9333333333333332, 0.9833333333333332)",1,95.71666666666674,29171
"(0.9, 0.9833333333333332)",2,95.71666666666674,29173
"(0.8166666666666667, 1.0)",1,95.71666666666674,29174
"(0.85, 1.0)",1,95.71666666666673,29175
"(0.9333333333333332, 1.0)",1,95.71666666666668,29176
"(0.9833333333333332, 1.0)",1,95.71666666666668,29177
"(0.9833333333333332, 1.0)",2,95.71666666666668,29179
"(0.8, 1.0)",1,95.71666666666668,29180
"(0.9416666666666668, 0.9916666666666668)",1,95.71666666666668,29181
"(0.9208333333333332, 0.9875)",1,95.71666666666664,29182
"(0.8025, 0.96)",1,95.71499999999978,29183
"(0.7280701754385965, 0.9780701754385964)",1,95.71491228070184,29184
"(0.8245614035087719, 0.9605263157894736)",2,95.7149122807018,29186
"(0.7763157894736842, 0.9824561403508772)",1,95.7149122807018,29187
"(0.9464285714285714, 0.9571428571428572)",3,95.71428571428572,29190
"(0.9464285714285714, 0.9714285714285714)",1,95.71428571428572,29191
"(0.9428571428571428, 0.9678571428571427)",2,95.7142857142857,29193
"(0.9392857142857144, 0.9607142857142856)",1,95.71428571428568,29194
"(0.925, 0.9571428571428572)",1,95.71428571428564,29195
"(0.9428571428571428, 0.95)",1,95.71428571428557,29196
"(0.5075, 0.975)",1,95.71374999999986,29197
"(0.8125, 0.9625)",1,95.71250000000003,29198
"(0.9, 0.975)",1,95.71250000000002,29199
"(0.8875, 0.9833333333333332)",1,95.7125,29200
"(0.9, 0.975)",2,95.71249999999996,29202
"(0.5253378378378378, 0.9766891891891892)",1,95.71081081081076,29203
"(0.9607142857142856, 0.9642857142857144)",1,95.7107142857144,29204
"(0.9571428571428572, 0.9535714285714286)",3,95.71071428571436,29207
"(0.9178571428571428, 0.9607142857142856)",1,95.71071428571436,29208
"(0.9642857142857144, 0.9714285714285714)",1,95.71071428571432,29209
"(0.95, 0.9607142857142856)",1,95.71071428571432,29210
"(0.9428571428571428, 0.9607142857142856)",1,95.71071428571432,29211
"(0.9107142857142856, 0.9642857142857144)",3,95.7107142857143,29214
"(0.9464285714285714, 0.9535714285714286)",1,95.71071428571412,29215
"(0.8728070175438597, 0.9780701754385964)",1,95.71052631578956,29216
"(0.9078947368421052, 0.9649122807017544)",1,95.71052631578956,29217
"(0.8728070175438597, 0.9605263157894736)",1,95.71052631578952,29218
"(0.8421052631578947, 0.9517543859649122)",1,95.7105263157895,29219
"(0.9035087719298246, 0.956140350877193)",1,95.7105263157894,29220
"(0.9302325581395348, 0.9767441860465116)",1,95.70930232558158,29221
"(0.8837209302325582, 0.9883720930232558)",1,95.70930232558156,29222
"(0.7674418604651163, 0.9767441860465116)",1,95.70930232558152,29223
"(0.7674418604651163, 0.9883720930232558)",1,95.70930232558152,29224
"(0.8604651162790697, 0.9883720930232558)",1,95.70930232558148,29225
"(0.6046511627906976, 0.9767441860465116)",1,95.70930232558143,29226
"(0.5697674418604651, 0.9767441860465116)",1,95.70930232558142,29227
"(0.6744186046511628, 0.9651162790697676)",1,95.70930232558136,29228
"(0.7790697674418605, 0.9767441860465116)",1,95.70930232558136,29229
"(0.9302325581395348, 0.9534883720930232)",1,95.70930232558136,29230
"(0.7093023255813954, 0.9767441860465116)",1,95.70930232558132,29231
"(0.7906976744186046, 0.9651162790697676)",1,95.7093023255813,29232
"(0.7674418604651163, 0.9651162790697676)",2,95.7093023255813,29234
"(0.872093023255814, 0.9651162790697676)",1,95.70930232558123,29235
"(0.8953488372093024, 0.9651162790697676)",1,95.70930232558122,29236
"(0.8953488372093024, 0.9651162790697676)",1,95.7093023255812,29237
"(0.8604651162790697, 0.9651162790697676)",1,95.70930232558118,29238
"(0.4767441860465116, 0.9651162790697676)",1,95.70930232558118,29239
"(0.9305555555555556, 0.9722222222222222)",1,95.70833333333351,29240
"(0.5, 0.9861111111111112)",1,95.7083333333335,29241
"(0.8055555555555556, 0.9722222222222222)",1,95.7083333333335,29242
"(0.9305555555555556, 0.9722222222222222)",1,95.70833333333348,29243
"(0.875, 0.9861111111111112)",1,95.70833333333348,29244
"(0.8888888888888888, 0.9722222222222222)",1,95.70833333333348,29245
"(0.8611111111111112, 0.9722222222222222)",2,95.70833333333348,29247
"(0.8888888888888888, 0.9861111111111112)",1,95.70833333333346,29248
"(0.9027777777777778, 0.9861111111111112)",1,95.70833333333344,29249
"(0.8611111111111112, 0.9861111111111112)",1,95.70833333333344,29250
"(0.8333333333333334, 0.9861111111111112)",1,95.7083333333334,29251
"(0.8888888888888888, 1.0)",1,95.7083333333334,29252
"(0.9708333333333332, 0.9958333333333332)",1,95.7083333333334,29253
"(0.75, 1.0)",1,95.70833333333336,29254
"(0.8194444444444444, 1.0)",1,95.70833333333334,29255
"(0.9291666666666668, 0.9708333333333332)",2,95.70833333333334,29257
"(0.8666666666666667, 0.9916666666666668)",1,95.70833333333329,29258
"(0.7283783783783784, 0.9773648648648648)",1,95.70810810810796,29259
"(0.53375, 0.97125)",1,95.70749999999992,29260
"(0.9321428571428572, 0.9607142857142856)",4,95.70714285714304,29264
"(0.9535714285714286, 0.9535714285714286)",1,95.70714285714293,29265
"(0.8892857142857142, 0.9642857142857144)",2,95.70714285714288,29267
"(0.8892857142857142, 0.9571428571428572)",1,95.70714285714288,29268
"(0.8535714285714285, 0.9535714285714286)",1,95.70714285714288,29269
"(0.8535714285714285, 0.9571428571428572)",2,95.70714285714286,29271
"(0.9785714285714284, 0.9714285714285714)",1,95.70714285714286,29272
"(0.9535714285714286, 0.9607142857142856)",3,95.70714285714286,29275
"(0.9285714285714286, 0.9571428571428572)",3,95.70714285714286,29278
"(0.95, 0.9607142857142856)",1,95.70714285714284,29279
"(0.9357142857142856, 0.9714285714285714)",1,95.70714285714284,29280
"(0.9078947368421052, 0.9649122807017544)",1,95.70614035087723,29281
"(0.8333333333333334, 0.9692982456140352)",3,95.70614035087723,29284
"(0.7149122807017544, 0.9912280701754386)",1,95.70614035087716,29285
"(0.8552631578947368, 0.9692982456140352)",1,95.70614035087716,29286
"(0.8588235294117647, 0.9294117647058824)",1,95.70588235294112,29287
"(0.9647058823529412, 0.9294117647058824)",1,95.7058823529411,29288
"(0.9642857142857144, 0.9678571428571427)",1,95.70357142857142,29289
"(0.9607142857142856, 0.9535714285714286)",1,95.7035714285714,29290
"(0.8928571428571429, 0.9607142857142856)",3,95.7035714285714,29293
"(0.8928571428571429, 0.9607142857142856)",1,95.7035714285714,29294
"(0.6885964912280702, 0.9780701754385964)",1,95.70175438596496,29295
"(0.8640350877192983, 0.9780701754385964)",3,95.70175438596496,29298
"(0.8289473684210527, 0.9780701754385964)",1,95.70175438596496,29299
"(0.9392857142857144, 0.9607142857142856)",1,95.70000000000012,29300
"(0.9625, 0.975)",1,95.7000000000001,29301
"(0.9, 0.9833333333333332)",1,95.70000000000007,29302
"(0.9166666666666666, 0.9833333333333332)",2,95.70000000000007,29304
"(0.8928571428571429, 0.9607142857142856)",1,95.70000000000007,29305
"(0.8666666666666667, 0.9833333333333332)",1,95.70000000000006,29306
"(0.9833333333333332, 1.0)",1,95.70000000000006,29307
"(0.9, 1.0)",1,95.70000000000006,29308
"(0.7392857142857143, 0.9678571428571427)",1,95.70000000000005,29309
"(0.9357142857142856, 0.9571428571428572)",1,95.70000000000005,29310
"(0.9833333333333332, 1.0)",1,95.70000000000002,29311
"(0.8607142857142858, 0.9607142857142856)",1,95.7,29312
"(0.9535714285714286, 0.9571428571428572)",1,95.7,29313
"(0.9833333333333332, 1.0)",1,95.7,29314
"(1.0, 1.0)",1,95.7,29315
"(0.75, 1.0)",1,95.7,29316
"(0.8375, 0.9625)",1,95.69999999999996,29317
"(0.9142857142857144, 0.975)",1,95.69999999999992,29318
"(0.8375, 0.975)",1,95.69999999999986,29319
"(0.8953488372093024, 0.9767441860465116)",4,95.69767441860483,29323
"(0.8604651162790697, 0.9651162790697676)",1,95.69767441860476,29324
"(0.7674418604651163, 0.9767441860465116)",1,95.69767441860472,29325
"(0.8837209302325582, 0.9767441860465116)",2,95.69767441860472,29327
"(0.8372093023255814, 0.9767441860465116)",2,95.6976744186047,29329
"(0.7093023255813954, 0.9767441860465116)",1,95.69767441860466,29330
"(0.872093023255814, 0.9767441860465116)",1,95.6976744186046,29331
"(0.9302325581395348, 0.9767441860465116)",1,95.6976744186046,29332
"(0.8837209302325582, 0.9651162790697676)",1,95.6976744186046,29333
"(0.8604651162790697, 0.9534883720930232)",2,95.69767441860458,29335
"(0.9302325581395348, 0.9767441860465116)",1,95.69767441860454,29336
"(0.8372093023255814, 0.9767441860465116)",1,95.69767441860454,29337
"(0.6046511627906976, 0.9651162790697676)",1,95.69767441860448,29338
"(0.9302325581395348, 0.9651162790697676)",1,95.69767441860448,29339
"(0.813953488372093, 0.9651162790697676)",1,95.69767441860446,29340
"(0.8953488372093024, 0.9651162790697676)",1,95.69767441860444,29341
"(0.8953488372093024, 0.9534883720930232)",1,95.69767441860444,29342
"(0.8953488372093024, 0.9651162790697676)",2,95.69767441860442,29344
"(0.872093023255814, 0.9651162790697676)",2,95.6976744186044,29346
"(0.8201754385964912, 0.9649122807017544)",3,95.69736842105269,29349
"(0.7149122807017544, 0.9780701754385964)",3,95.69736842105269,29352
"(0.9035087719298246, 0.9736842105263158)",1,95.69736842105264,29353
"(0.95, 0.9678571428571427)",2,95.69642857142854,29355
"(0.8392857142857143, 0.9571428571428572)",1,95.69642857142854,29356
"(0.8857142857142857, 0.9678571428571427)",1,95.69642857142853,29357
"(0.8625, 0.9958333333333332)",1,95.69583333333334,29358
"(0.9125, 0.9583333333333334)",1,95.69583333333328,29359
"(0.9075, 0.9625)",1,95.69500000000026,29360
"(0.8333333333333334, 0.9722222222222222)",1,95.69444444444466,29361
"(0.7916666666666666, 0.9861111111111112)",1,95.69444444444466,29362
"(0.8611111111111112, 0.9722222222222222)",1,95.69444444444464,29363
"(0.8194444444444444, 0.9722222222222222)",2,95.6944444444446,29365
"(0.8333333333333334, 0.9722222222222222)",1,95.6944444444446,29366
"(0.7638888888888888, 0.9861111111111112)",1,95.6944444444446,29367
"(0.8888888888888888, 0.9861111111111112)",1,95.6944444444446,29368
"(0.8333333333333334, 0.9722222222222222)",1,95.6944444444446,29369
"(0.9305555555555556, 0.9583333333333334)",1,95.6944444444446,29370
"(0.9027777777777778, 0.9861111111111112)",2,95.6944444444446,29372
"(0.6944444444444444, 0.9861111111111112)",1,95.6944444444446,29373
"(0.875, 0.9861111111111112)",3,95.69444444444458,29376
"(0.8194444444444444, 0.9861111111111112)",1,95.69444444444456,29377
"(0.6944444444444444, 0.9861111111111112)",1,95.69444444444456,29378
"(0.9305555555555556, 0.9861111111111112)",2,95.69444444444456,29380
"(0.8611111111111112, 0.9861111111111112)",1,95.69444444444456,29381
"(0.8194444444444444, 0.9861111111111112)",1,95.69444444444454,29382
"(0.8472222222222222, 0.9861111111111112)",1,95.69444444444454,29383
"(0.9305555555555556, 0.9722222222222222)",1,95.69444444444451,29384
"(0.7083333333333334, 1.0)",1,95.69444444444451,29385
"(0.9444444444444444, 1.0)",1,95.69444444444446,29386
"(0.8194444444444444, 1.0)",1,95.69444444444444,29387
"(0.6304054054054054, 0.9746621621621622)",1,95.6932432432432,29388
"(0.9078947368421052, 0.9780701754385964)",4,95.69298245614053,29392
"(0.8289473684210527, 0.9692982456140352)",1,95.69298245614044,29393
"(0.8289473684210527, 0.9605263157894736)",1,95.69298245614031,29394
"(0.5158783783783784, 0.9739864864864864)",1,95.6929054054053,29395
"(0.9, 0.9607142857142856)",1,95.69285714285728,29396
"(0.8928571428571429, 0.9607142857142856)",1,95.69285714285716,29397
"(0.9535714285714286, 0.9607142857142856)",1,95.69285714285714,29398
"(0.95, 0.9607142857142856)",1,95.69285714285714,29399
"(0.8928571428571429, 0.9642857142857144)",1,95.69285714285712,29400
"(0.9285714285714286, 0.9642857142857144)",1,95.69285714285712,29401
"(0.9035714285714286, 0.9678571428571427)",1,95.69285714285712,29402
"(0.9607142857142856, 0.9714285714285714)",2,95.6928571428571,29404
"(0.9357142857142856, 0.9678571428571427)",1,95.6928571428571,29405
"(0.9107142857142856, 0.9714285714285714)",2,95.69285714285708,29407
"(0.9, 0.9642857142857144)",1,95.69285714285708,29408
"(0.9321428571428572, 0.9642857142857144)",1,95.69285714285704,29409
"(0.9642857142857144, 0.9642857142857144)",1,95.692857142857,29410
"(0.95, 0.975)",1,95.69166666666672,29411
"(0.8916666666666667, 0.9916666666666668)",1,95.69166666666648,29412
"(0.8575, 0.9575)",1,95.68999999999993,29413
"(0.93, 0.9575)",1,95.68999999999993,29414
"(0.8625, 0.955)",1,95.6899999999999,29415
"(0.8571428571428571, 0.9607142857142856)",1,95.68928571428587,29416
"(0.8857142857142857, 0.9571428571428572)",1,95.68928571428576,29417
"(0.875, 0.9607142857142856)",1,95.68928571428576,29418
"(0.9357142857142856, 0.9607142857142856)",2,95.68928571428572,29420
"(0.9178571428571428, 0.9607142857142856)",3,95.6892857142857,29423
"(0.9464285714285714, 0.9607142857142856)",1,95.68928571428567,29424
"(0.8552631578947368, 0.9736842105263158)",1,95.68859649122813,29425
"(0.9429824561403508, 0.9736842105263158)",1,95.68859649122813,29426
"(0.8070175438596491, 0.9736842105263158)",2,95.6885964912281,29428
"(0.6096491228070176, 0.9824561403508772)",1,95.6885964912281,29429
"(0.7875, 0.95)",1,95.6875,29430
"(0.8875, 0.975)",2,95.6875,29432
"(0.9, 0.9625)",1,95.6875,29433
"(0.95, 0.9583333333333334)",1,95.68749999999996,29434
"(0.9375, 0.975)",1,95.68749999999991,29435
"(0.85, 0.975)",2,95.68749999999989,29437
"(0.9833333333333332, 0.9875)",1,95.68749999999984,29438
"(0.8837209302325582, 0.9767441860465116)",1,95.68604651162808,29439
"(0.6046511627906976, 0.9651162790697676)",1,95.68604651162802,29440
"(0.8604651162790697, 0.9767441860465116)",1,95.68604651162798,29441
"(0.9302325581395348, 0.9651162790697676)",1,95.68604651162796,29442
"(0.8604651162790697, 0.9651162790697676)",1,95.68604651162794,29443
"(0.6744186046511628, 0.9534883720930232)",1,95.6860465116279,29444
"(0.8372093023255814, 0.9767441860465116)",1,95.68604651162788,29445
"(0.9186046511627908, 0.9651162790697676)",1,95.68604651162784,29446
"(0.8604651162790697, 0.9767441860465116)",1,95.68604651162782,29447
"(0.8604651162790697, 0.9651162790697676)",1,95.68604651162777,29448
"(0.813953488372093, 0.9418604651162792)",1,95.68604651162777,29449
"(0.8372093023255814, 0.9651162790697676)",1,95.68604651162774,29450
"(0.8604651162790697, 0.9767441860465116)",1,95.68604651162774,29451
"(0.7906976744186046, 0.9651162790697676)",2,95.68604651162774,29453
"(0.7790697674418605, 0.9767441860465116)",1,95.68604651162772,29454
"(0.872093023255814, 0.9651162790697676)",2,95.68604651162772,29456
"(0.8372093023255814, 0.9651162790697676)",2,95.68604651162768,29458
"(0.8392857142857143, 0.9607142857142856)",2,95.68571428571428,29460
"(0.9, 0.9571428571428572)",3,95.68571428571428,29463
"(0.7392857142857143, 0.9714285714285714)",1,95.68571428571424,29464
"(0.925, 0.9607142857142856)",1,95.68571428571424,29465
"(0.8714285714285714, 0.9642857142857144)",1,95.68571428571424,29466
"(0.9428571428571428, 0.9857142857142858)",1,95.6857142857142,29467
"(0.8535714285714285, 0.9714285714285714)",1,95.6857142857142,29468
"(0.9392857142857144, 0.9642857142857144)",1,95.68571428571418,29469
"(0.5996621621621622, 0.9719594594594596)",1,95.68479729729722,29470
"(0.8859649122807017, 0.9780701754385964)",2,95.68421052631592,29472
"(0.9035087719298246, 0.9692982456140352)",1,95.68421052631582,29473
"(0.8903508771929824, 0.9649122807017544)",1,95.6842105263158,29474
"(0.8, 0.9833333333333332)",1,95.6833333333334,29475
"(0.9333333333333332, 0.9833333333333332)",1,95.6833333333334,29476
"(0.9833333333333332, 0.9833333333333332)",1,95.6833333333334,29477
"(0.8166666666666667, 1.0)",1,95.68333333333338,29478
"(0.95, 1.0)",1,95.68333333333337,29479
"(0.95, 1.0)",2,95.68333333333334,29481
"(0.9166666666666666, 1.0)",1,95.68333333333334,29482
"(0.85, 1.0)",1,95.68333333333334,29483
"(0.9833333333333332, 1.0)",1,95.68333333333334,29484
"(0.9375, 0.9791666666666666)",1,95.68333333333332,29485
"(0.945, 0.9625)",1,95.68249999999996,29486
"(0.9392857142857144, 0.9607142857142856)",1,95.68214285714296,29487
"(0.875, 0.9607142857142856)",1,95.68214285714292,29488
"(0.875, 0.9607142857142856)",2,95.68214285714288,29490
"(0.9571428571428572, 0.9607142857142856)",1,95.68214285714288,29491
"(0.9178571428571428, 0.9607142857142856)",1,95.68214285714288,29492
"(0.9178571428571428, 0.9678571428571427)",1,95.68214285714284,29493
"(0.9178571428571428, 0.9607142857142856)",3,95.68214285714278,29496
"(0.9305555555555556, 0.9722222222222222)",1,95.68055555555574,29497
"(0.7222222222222222, 0.9861111111111112)",1,95.68055555555574,29498
"(0.75, 0.9722222222222222)",1,95.68055555555574,29499
"(0.8611111111111112, 0.9722222222222222)",3,95.68055555555571,29502
"(0.8194444444444444, 0.9722222222222222)",1,95.68055555555571,29503
"(0.9305555555555556, 0.9861111111111112)",3,95.68055555555571,29506
"(0.7222222222222222, 0.9722222222222222)",1,95.68055555555571,29507
"(0.8611111111111112, 0.9861111111111112)",1,95.68055555555571,29508
"(0.8888888888888888, 0.9861111111111112)",1,95.68055555555571,29509
"(0.8888888888888888, 0.9583333333333334)",1,95.68055555555571,29510
"(0.7083333333333334, 0.9861111111111112)",1,95.68055555555571,29511
"(0.8611111111111112, 0.9722222222222222)",1,95.68055555555569,29512
"(0.875, 0.9861111111111112)",1,95.68055555555569,29513
"(0.8472222222222222, 0.9722222222222222)",1,95.68055555555569,29514
"(0.8194444444444444, 0.9861111111111112)",1,95.68055555555566,29515
"(0.9305555555555556, 1.0)",1,95.6805555555556,29516
"(0.8194444444444444, 1.0)",1,95.6805555555556,29517
"(0.7777777777777778, 1.0)",2,95.68055555555556,29519
"(0.875, 1.0)",2,95.68055555555554,29521
"(0.7083333333333334, 1.0)",1,95.68055555555551,29522
"(0.9078947368421052, 0.9649122807017544)",1,95.67982456140356,29523
"(0.8289473684210527, 0.9824561403508772)",1,95.67982456140356,29524
"(0.8289473684210527, 0.9649122807017544)",2,95.67982456140356,29526
"(0.8552631578947368, 0.9605263157894736)",3,95.67982456140354,29529
"(0.8289473684210527, 0.9649122807017544)",2,95.67982456140352,29531
"(0.9035087719298246, 0.9912280701754386)",4,95.67982456140348,29535
"(0.95, 0.9125)",1,95.67916666666666,29536
"(0.925, 0.9791666666666666)",1,95.67916666666665,29537
"(0.9125, 0.975)",1,95.6791666666666,29538
"(0.9607142857142856, 0.9678571428571427)",1,95.67857142857147,29539
"(0.9035714285714286, 0.9607142857142856)",1,95.67857142857144,29540
"(0.8357142857142857, 0.9714285714285714)",1,95.67857142857144,29541
"(0.9285714285714286, 0.9714285714285714)",1,95.6785714285714,29542
"(0.9, 0.9607142857142856)",1,95.6785714285714,29543
"(0.95, 0.95)",1,95.67857142857136,29544
"(0.5277027027027027, 0.9763513513513512)",1,95.67567567567566,29545
"(0.8728070175438597, 0.986842105263158)",1,95.67543859649132,29546
"(0.868421052631579, 0.9649122807017544)",1,95.67543859649128,29547
"(0.868421052631579, 0.9692982456140352)",1,95.67543859649126,29548
"(0.8552631578947368, 0.9649122807017544)",1,95.6754385964912,29549
"(0.8535714285714285, 0.9607142857142856)",1,95.67500000000018,29550
"(0.9214285714285714, 0.9607142857142856)",1,95.67500000000013,29551
"(0.9321428571428572, 0.9607142857142856)",1,95.67500000000008,29552
"(0.9535714285714286, 0.9357142857142856)",1,95.67500000000004,29553
"(0.9607142857142856, 0.9571428571428572)",6,95.67500000000004,29559
"(0.9642857142857144, 0.9607142857142856)",3,95.675,29562
"(0.8285714285714286, 0.9607142857142856)",2,95.675,29564
"(0.9071428571428573, 0.9571428571428572)",1,95.67499999999998,29565
"(0.9, 0.9625)",1,95.67499999999994,29566
"(0.96, 0.955)",1,95.67499999999994,29567
"(0.9166666666666666, 0.9791666666666666)",1,95.67499999999993,29568
"(0.5964285714285714, 0.9642857142857144)",1,95.67499999999993,29569
"(0.8375, 0.975)",1,95.6749999999999,29570
"(0.9607142857142856, 0.9642857142857144)",1,95.67499999999988,29571
"(0.7875, 0.975)",1,95.67499999999986,29572
"(0.9464285714285714, 0.9642857142857144)",1,95.6749999999998,29573
"(0.7790697674418605, 0.9767441860465116)",1,95.67441860465132,29574
"(0.872093023255814, 0.9767441860465116)",1,95.67441860465124,29575
"(0.8604651162790697, 0.9767441860465116)",1,95.67441860465122,29576
"(0.8255813953488372, 0.9767441860465116)",1,95.67441860465122,29577
"(0.7558139534883721, 0.9767441860465116)",1,95.67441860465122,29578
"(0.8372093023255814, 0.9767441860465116)",3,95.67441860465118,29581
"(0.8255813953488372, 0.9767441860465116)",1,95.67441860465118,29582
"(0.872093023255814, 0.9767441860465116)",1,95.67441860465114,29583
"(0.5813953488372093, 0.9651162790697676)",1,95.67441860465114,29584
"(0.8837209302325582, 0.9534883720930232)",1,95.67441860465112,29585
"(0.6627906976744186, 0.9534883720930232)",1,95.6744186046511,29586
"(0.8372093023255814, 0.9767441860465116)",1,95.6744186046511,29587
"(0.8837209302325582, 0.9418604651162792)",1,95.67441860465104,29588
"(0.8372093023255814, 0.9651162790697676)",1,95.67441860465104,29589
"(0.8372093023255814, 0.9651162790697676)",2,95.674418604651,29591
"(0.8837209302325582, 0.9767441860465116)",1,95.674418604651,29592
"(0.7906976744186046, 0.9651162790697676)",1,95.674418604651,29593
"(0.7906976744186046, 0.9651162790697676)",1,95.67441860465098,29594
"(0.872093023255814, 0.9651162790697676)",1,95.67441860465097,29595
"(0.8488372093023255, 0.9651162790697676)",1,95.67441860465097,29596
"(0.8604651162790697, 0.9651162790697676)",1,95.67441860465097,29597
"(0.7325581395348837, 0.9651162790697676)",1,95.67441860465097,29598
"(0.8023255813953488, 0.9651162790697676)",1,95.67441860465094,29599
"(0.8464285714285714, 0.9607142857142856)",1,95.6714285714287,29600
"(0.875, 0.9607142857142856)",1,95.6714285714286,29601
"(0.85, 0.9571428571428572)",3,95.67142857142856,29604
"(0.9642857142857144, 0.9678571428571427)",1,95.67142857142856,29605
"(0.8964285714285715, 0.9642857142857144)",1,95.67142857142856,29606
"(0.8785714285714286, 0.9607142857142856)",3,95.67142857142856,29609
"(0.9535714285714286, 0.9607142857142856)",2,95.67142857142856,29611
"(0.95, 0.9607142857142856)",1,95.67142857142856,29612
"(0.8535714285714285, 0.975)",1,95.67142857142856,29613
"(0.9428571428571428, 0.9678571428571427)",1,95.67142857142852,29614
"(0.7850877192982456, 0.9605263157894736)",1,95.67105263157904,29615
"(0.868421052631579, 0.9824561403508772)",1,95.67105263157896,29616
"(0.8640350877192983, 0.9736842105263158)",8,95.67105263157896,29624
"(0.925438596491228, 0.9736842105263158)",1,95.67105263157896,29625
"(0.68, 0.99375)",1,95.66999999999996,29626
"(0.9571428571428572, 0.9571428571428572)",1,95.6678571428572,29627
"(0.9142857142857144, 0.9678571428571427)",2,95.6678571428572,29629
"(0.8964285714285715, 0.9607142857142856)",3,95.66785714285716,29632
"(0.8392857142857143, 0.9607142857142856)",1,95.66785714285716,29633
"(0.95, 0.9571428571428572)",1,95.66785714285712,29634
"(0.8892857142857142, 0.9571428571428572)",2,95.6678571428571,29636
"(0.8857142857142857, 0.9607142857142856)",1,95.66785714285707,29637
"(0.9075, 0.965)",1,95.66750000000005,29638
"(0.8888888888888888, 0.9722222222222222)",1,95.66666666666688,29639
"(0.7916666666666666, 0.9861111111111112)",1,95.66666666666686,29640
"(0.875, 0.9861111111111112)",1,95.66666666666686,29641
"(0.8194444444444444, 0.9722222222222222)",2,95.66666666666686,29643
"(0.7222222222222222, 0.9722222222222222)",1,95.66666666666686,29644
"(0.875, 0.9722222222222222)",1,95.66666666666684,29645
"(0.6944444444444444, 0.9861111111111112)",4,95.66666666666684,29649
"(0.9027777777777778, 0.9861111111111112)",1,95.66666666666684,29650
"(0.9444444444444444, 0.9722222222222222)",2,95.66666666666684,29652
"(0.625, 1.0)",1,95.66666666666684,29653
"(0.5972222222222222, 0.9861111111111112)",1,95.6666666666668,29654
"(0.8333333333333334, 1.0)",1,95.6666666666668,29655
"(0.8888888888888888, 0.9722222222222222)",2,95.6666666666668,29657
"(0.7638888888888888, 1.0)",2,95.6666666666668,29659
"(0.9166666666666666, 0.9861111111111112)",2,95.66666666666676,29661
"(0.7083333333333334, 0.9861111111111112)",1,95.66666666666676,29662
"(0.5972222222222222, 0.9861111111111112)",2,95.66666666666676,29664
"(0.75, 1.0)",1,95.66666666666671,29665
"(0.9166666666666666, 0.9833333333333332)",1,95.66666666666671,29666
"(0.9027777777777778, 1.0)",1,95.66666666666671,29667
"(1.0, 1.0)",1,95.66666666666671,29668
"(0.7083333333333334, 1.0)",1,95.66666666666671,29669
"(0.8833333333333333, 1.0)",1,95.6666666666667,29670
"(0.7280701754385965, 0.9824561403508772)",3,95.66666666666669,29673
"(0.9666666666666668, 1.0)",1,95.66666666666669,29674
"(0.9333333333333332, 1.0)",1,95.66666666666669,29675
"(0.8833333333333333, 1.0)",1,95.66666666666669,29676
"(0.6403508771929824, 0.9649122807017544)",3,95.66666666666669,29679
"(0.8611111111111112, 1.0)",1,95.66666666666666,29680
"(0.8916666666666667, 0.9875)",1,95.6666666666666,29681
"(0.7222222222222222, 0.9722222222222222)",1,95.6666666666666,29682
"(0.8916666666666667, 0.9833333333333332)",1,95.6666666666666,29683
"(0.925, 0.975)",2,95.66666666666656,29685
"(0.8535714285714285, 0.9607142857142856)",1,95.66428571428588,29686
"(0.9321428571428572, 0.9607142857142856)",1,95.66428571428588,29687
"(0.8785714285714286, 0.9607142857142856)",1,95.66428571428575,29688
"(0.8928571428571429, 0.9571428571428572)",1,95.66428571428575,29689
"(0.8857142857142857, 0.9678571428571427)",3,95.66428571428573,29692
"(0.9535714285714286, 0.9642857142857144)",1,95.66428571428573,29693
"(0.9357142857142856, 0.9571428571428572)",1,95.6642857142857,29694
"(0.8392857142857143, 0.9571428571428572)",3,95.6642857142857,29697
"(0.9285714285714286, 0.9678571428571427)",1,95.6642857142857,29698
"(0.9357142857142856, 0.9571428571428572)",1,95.66428571428568,29699
"(0.8464285714285714, 0.9642857142857144)",1,95.66428571428564,29700
"(0.847972972972973, 0.9702702702702702)",1,95.66418918918929,29701
"(0.8033783783783783, 0.9766891891891892)",1,95.6641891891892,29702
"(0.8837209302325582, 0.9767441860465116)",1,95.6627906976746,29703
"(0.7790697674418605, 0.9767441860465116)",1,95.66279069767452,29704
"(0.8488372093023255, 0.9767441860465116)",2,95.6627906976745,29706
"(0.5348837209302325, 0.9767441860465116)",1,95.66279069767448,29707
"(0.813953488372093, 0.9767441860465116)",2,95.66279069767444,29709
"(0.9302325581395348, 0.9534883720930232)",1,95.66279069767444,29710
"(0.8604651162790697, 0.9534883720930232)",1,95.66279069767442,29711
"(0.8604651162790697, 0.9883720930232558)",1,95.66279069767438,29712
"(0.5930232558139535, 0.9767441860465116)",1,95.66279069767438,29713
"(0.7209302325581395, 0.9767441860465116)",1,95.66279069767438,29714
"(0.5813953488372093, 0.9651162790697676)",2,95.66279069767432,29716
"(0.8837209302325582, 0.9767441860465116)",1,95.66279069767432,29717
"(0.813953488372093, 0.9767441860465116)",1,95.6627906976743,29718
"(0.8953488372093024, 0.9651162790697676)",1,95.66279069767428,29719
"(0.8255813953488372, 0.9534883720930232)",1,95.66279069767428,29720
"(0.8604651162790697, 0.9651162790697676)",1,95.66279069767424,29721
"(0.8953488372093024, 0.9651162790697676)",1,95.6627906976742,29722
"(0.8372093023255814, 0.9651162790697676)",2,95.66279069767418,29724
"(0.533445945945946, 0.9692567567567568)",1,95.66250000000002,29725
"(0.9375, 0.96)",1,95.66249999999997,29726
"(0.8775, 0.955)",1,95.66249999999992,29727
"(0.9125, 0.9583333333333334)",2,95.66249999999992,29729
"(0.9, 0.975)",1,95.66249999999988,29730
"(0.4125, 0.975)",1,95.66249999999988,29731
"(0.6929824561403509, 0.9912280701754386)",4,95.66228070175436,29735
"(0.9298245614035088, 0.9649122807017544)",1,95.66228070175434,29736
"(0.5162162162162162, 0.9722972972972972)",1,95.6621621621621,29737
"(0.9428571428571428, 0.9535714285714286)",1,95.66071428571432,29738
"(0.9178571428571428, 0.9571428571428572)",1,95.6607142857143,29739
"(0.9392857142857144, 0.9607142857142856)",1,95.66071428571428,29740
"(0.9428571428571428, 0.9642857142857144)",1,95.66071428571426,29741
"(0.9357142857142856, 0.9571428571428572)",1,95.66071428571426,29742
"(0.95, 0.9535714285714286)",2,95.66071428571426,29744
"(0.5945945945945946, 0.9736486486486486)",1,95.65844594594591,29745
"(0.9083333333333332, 0.9541666666666668)",2,95.65833333333332,29747
"(0.825, 0.975)",2,95.6583333333333,29749
"(0.8958333333333334, 0.9708333333333332)",2,95.65833333333327,29751
"(0.9208333333333332, 0.9875)",1,95.6583333333332,29752
"(0.95, 0.9875)",4,95.65833333333316,29756
"(0.6798245614035088, 0.9824561403508772)",1,95.6578947368422,29757
"(0.8377192982456141, 0.9605263157894736)",1,95.65789473684212,29758
"(0.9078947368421052, 0.9824561403508772)",2,95.65789473684208,29760
"(0.915, 0.9575)",1,95.65749999999996,29761
"(0.845, 0.9575)",1,95.65749999999994,29762
"(0.95, 0.9607142857142856)",1,95.65714285714292,29763
"(0.9428571428571428, 0.9642857142857144)",3,95.6571428571429,29766
"(0.9571428571428572, 0.9607142857142856)",1,95.65714285714284,29767
"(0.9535714285714286, 0.9571428571428572)",1,95.65714285714284,29768
"(0.9214285714285714, 0.9785714285714284)",1,95.65714285714284,29769
"(0.9357142857142856, 0.9714285714285714)",1,95.65714285714282,29770
"(0.9535714285714286, 0.9464285714285714)",1,95.6571428571428,29771
"(0.9214285714285714, 0.9571428571428572)",1,95.65714285714276,29772
"(0.5567567567567567, 0.9719594594594596)",1,95.65675675675678,29773
"(0.9125, 0.9583333333333334)",2,95.65416666666664,29775
"(0.9083333333333332, 0.9958333333333332)",1,95.6541666666666,29776
"(0.8392857142857143, 0.9535714285714286)",3,95.65357142857142,29779
"(0.8392857142857143, 0.9571428571428572)",1,95.65357142857142,29780
"(0.9607142857142856, 0.9535714285714286)",1,95.6535714285714,29781
"(0.8857142857142857, 0.9714285714285714)",1,95.65357142857135,29782
"(0.9357142857142856, 0.9607142857142856)",1,95.65357142857135,29783
"(0.8728070175438597, 0.9517543859649122)",1,95.65350877192988,29784
"(0.925438596491228, 0.9780701754385964)",1,95.65350877192988,29785
"(0.9166666666666666, 0.9605263157894736)",3,95.65350877192986,29788
"(0.8888888888888888, 0.9861111111111112)",1,95.65277777777796,29789
"(0.8472222222222222, 0.9861111111111112)",1,95.65277777777796,29790
"(0.8888888888888888, 0.9861111111111112)",3,95.65277777777794,29793
"(0.8472222222222222, 0.9722222222222222)",1,95.65277777777794,29794
"(0.9166666666666666, 1.0)",1,95.65277777777791,29795
"(0.6944444444444444, 0.9861111111111112)",1,95.65277777777791,29796
"(0.9027777777777778, 0.9861111111111112)",1,95.65277777777791,29797
"(0.9027777777777778, 0.9861111111111112)",1,95.65277777777789,29798
"(0.875, 0.9861111111111112)",1,95.65277777777789,29799
"(0.8611111111111112, 0.9861111111111112)",1,95.65277777777789,29800
"(0.8888888888888888, 0.9722222222222222)",1,95.65277777777789,29801
"(0.8055555555555556, 0.9861111111111112)",1,95.65277777777786,29802
"(0.9444444444444444, 1.0)",1,95.65277777777784,29803
"(0.7916666666666666, 1.0)",2,95.65277777777784,29805
"(0.8333333333333334, 0.9722222222222222)",1,95.6527777777778,29806
"(0.8611111111111112, 0.9722222222222222)",1,95.6527777777778,29807
"(0.9310810810810812, 0.9726351351351352)",1,95.6527027027028,29808
"(0.9625, 0.9525)",2,95.6525,29810
"(0.7441860465116279, 1.0)",1,95.65116279069778,29811
"(0.8837209302325582, 0.9767441860465116)",1,95.65116279069773,29812
"(0.8604651162790697, 0.9767441860465116)",1,95.65116279069773,29813
"(0.8023255813953488, 1.0)",1,95.65116279069773,29814
"(0.6511627906976745, 0.9767441860465116)",1,95.65116279069773,29815
"(0.6162790697674418, 1.0)",1,95.65116279069768,29816
"(0.8837209302325582, 0.9767441860465116)",1,95.65116279069768,29817
"(0.686046511627907, 0.9651162790697676)",1,95.65116279069764,29818
"(0.7093023255813954, 0.9651162790697676)",2,95.65116279069764,29820
"(0.8953488372093024, 0.9651162790697676)",1,95.65116279069764,29821
"(0.7441860465116279, 0.9651162790697676)",2,95.6511627906976,29823
"(0.813953488372093, 0.9534883720930232)",1,95.6511627906976,29824
"(0.8372093023255814, 0.9418604651162792)",1,95.6511627906976,29825
"(0.9302325581395348, 0.9418604651162792)",1,95.6511627906976,29826
"(0.6744186046511628, 0.9651162790697676)",1,95.6511627906976,29827
"(0.5232558139534884, 0.9651162790697676)",1,95.65116279069755,29828
"(0.813953488372093, 0.9651162790697676)",1,95.65116279069754,29829
"(0.8953488372093024, 0.9651162790697676)",1,95.65116279069753,29830
"(0.8837209302325582, 0.9651162790697676)",1,95.6511627906975,29831
"(0.8953488372093024, 0.9651162790697676)",1,95.6511627906975,29832
"(0.8604651162790697, 0.9651162790697676)",1,95.6511627906975,29833
"(0.872093023255814, 0.9651162790697676)",2,95.65116279069748,29835
"(0.8837209302325582, 0.9767441860465116)",1,95.65116279069748,29836
"(0.813953488372093, 0.9651162790697676)",2,95.65116279069748,29838
"(0.8488372093023255, 0.9651162790697676)",2,95.65116279069748,29840
"(0.8953488372093024, 0.9651162790697676)",2,95.65116279069748,29842
"(0.5116279069767442, 0.9651162790697676)",1,95.65116279069746,29843
"(0.8255813953488372, 0.9651162790697676)",2,95.65116279069744,29845
"(0.5094594594594595, 0.9746621621621622)",1,95.65101351351356,29846
"(0.9166666666666666, 0.9666666666666668)",1,95.65000000000016,29847
"(0.8666666666666667, 0.9833333333333332)",1,95.65000000000008,29848
"(0.9166666666666666, 0.9833333333333332)",1,95.65000000000006,29849
"(0.8666666666666667, 0.9833333333333332)",1,95.65000000000006,29850
"(0.7666666666666667, 1.0)",1,95.65000000000006,29851
"(0.8333333333333334, 1.0)",1,95.65000000000002,29852
"(0.8833333333333333, 1.0)",1,95.65000000000002,29853
"(0.8285714285714286, 0.9535714285714286)",6,95.65,29859
"(0.9833333333333332, 1.0)",1,95.65,29860
"(0.8857142857142857, 0.9642857142857144)",1,95.65,29861
"(0.85, 0.975)",1,95.64999999999998,29862
"(0.9166666666666666, 1.0)",1,95.64999999999992,29863
"(0.8821428571428571, 0.9571428571428572)",1,95.64999999999988,29864
"(0.85, 0.975)",4,95.64999999999986,29868
"(0.915, 0.96)",1,95.64999999999984,29869
"(0.8928571428571429, 0.9571428571428572)",1,95.64999999999982,29870
"(0.881578947368421, 0.9780701754385964)",4,95.6491228070177,29874
"(0.8640350877192983, 0.9605263157894736)",1,95.6491228070176,29875
"(0.8464912280701754, 0.9605263157894736)",1,95.6491228070176,29876
"(0.868421052631579, 0.9824561403508772)",1,95.64912280701752,29877
"(0.93, 0.965)",1,95.64750000000004,29878
"(0.785, 0.9575)",1,95.6475,29879
"(0.8775, 0.9575)",1,95.64749999999997,29880
"(0.9, 0.9575)",1,95.64749999999992,29881
"(0.9535714285714286, 0.9464285714285714)",1,95.64642857142856,29882
"(0.9642857142857144, 0.9607142857142856)",2,95.64642857142852,29884
"(0.9035714285714286, 0.9642857142857144)",1,95.64642857142849,29885
"(0.95, 0.9833333333333332)",1,95.64583333333334,29886
"(0.9416666666666668, 0.9791666666666666)",1,95.64583333333329,29887
"(0.9, 0.9875)",2,95.64583333333329,29889
"(0.9833333333333332, 0.9875)",4,95.6458333333332,29893
"(0.9300675675675676, 0.9716216216216216)",1,95.64560810810812,29894
"(0.955, 0.9575)",1,95.64499999999988,29895
"(0.8640350877192983, 0.9649122807017544)",1,95.64473684210536,29896
"(0.7236842105263158, 0.9780701754385964)",3,95.64473684210536,29899
"(0.8728070175438597, 0.9780701754385964)",4,95.64473684210536,29903
"(0.8289473684210527, 0.9605263157894736)",3,95.64473684210536,29906
"(0.868421052631579, 0.9824561403508772)",1,95.64473684210532,29907
"(0.8245614035087719, 0.9649122807017544)",1,95.64473684210527,29908
"(0.8392857142857143, 0.9571428571428572)",1,95.64285714285732,29909
"(0.9607142857142856, 0.9571428571428572)",1,95.64285714285718,29910
"(0.85, 0.9571428571428572)",1,95.64285714285714,29911
"(0.9464285714285714, 0.9535714285714286)",2,95.64285714285712,29913
"(0.875, 0.9642857142857144)",1,95.642857142857,29914
"(0.975, 0.9916666666666668)",4,95.64166666666654,29918
"(0.5337837837837838, 0.970945945945946)",1,95.64121621621624,29919
"(0.7425675675675676, 0.9739864864864864)",1,95.64121621621616,29920
"(0.925438596491228, 0.9736842105263158)",1,95.64035087719304,29921
"(0.9385964912280702, 0.9912280701754386)",3,95.640350877193,29924
"(0.8289473684210527, 0.9692982456140352)",3,95.640350877193,29927
"(0.706140350877193, 0.9692982456140352)",2,95.640350877193,29929
"(0.5813953488372093, 0.9767441860465116)",1,95.63953488372108,29930
"(0.8837209302325582, 0.9651162790697676)",1,95.63953488372104,29931
"(0.7674418604651163, 0.9767441860465116)",1,95.63953488372104,29932
"(0.7790697674418605, 0.9767441860465116)",2,95.639534883721,29934
"(0.4883720930232558, 0.9767441860465116)",1,95.639534883721,29935
"(0.8372093023255814, 0.9767441860465116)",1,95.639534883721,29936
"(0.7558139534883721, 0.9767441860465116)",1,95.63953488372096,29937
"(0.7906976744186046, 0.9767441860465116)",1,95.63953488372096,29938
"(0.9302325581395348, 0.9534883720930232)",1,95.63953488372088,29939
"(0.9302325581395348, 0.9534883720930232)",1,95.63953488372084,29940
"(0.4069767441860465, 0.9651162790697676)",1,95.63953488372084,29941
"(0.8372093023255814, 0.9651162790697676)",1,95.63953488372076,29942
"(0.7906976744186046, 0.9651162790697676)",1,95.63953488372076,29943
"(0.8604651162790697, 0.9651162790697676)",1,95.63953488372076,29944
"(0.8604651162790697, 0.9651162790697676)",2,95.63953488372076,29946
"(0.8023255813953488, 0.9651162790697676)",1,95.63953488372076,29947
"(0.8953488372093024, 0.9651162790697676)",1,95.63953488372071,29948
"(0.872093023255814, 0.9651162790697676)",1,95.63953488372071,29949
"(0.872093023255814, 0.9651162790697676)",1,95.63953488372071,29950
"(0.8604651162790697, 0.9651162790697676)",1,95.6395348837207,29951
"(0.6046511627906976, 0.9651162790697676)",1,95.63953488372069,29952
"(0.9642857142857144, 0.9678571428571427)",2,95.6392857142857,29954
"(0.8928571428571429, 0.9642857142857144)",1,95.63928571428566,29955
"(0.95, 0.9607142857142856)",1,95.63928571428566,29956
"(0.9357142857142856, 0.9642857142857144)",1,95.63928571428563,29957
"(0.9305555555555556, 0.9722222222222222)",1,95.63888888888908,29958
"(0.7222222222222222, 0.9722222222222222)",1,95.63888888888908,29959
"(0.8611111111111112, 0.9722222222222222)",2,95.63888888888908,29961
"(0.8611111111111112, 0.9861111111111112)",1,95.63888888888906,29962
"(0.8888888888888888, 0.9722222222222222)",1,95.63888888888904,29963
"(0.8194444444444444, 0.9722222222222222)",1,95.63888888888904,29964
"(0.8611111111111112, 0.9583333333333334)",1,95.63888888888904,29965
"(0.875, 0.9722222222222222)",1,95.63888888888904,29966
"(0.8611111111111112, 0.9722222222222222)",1,95.63888888888904,29967
"(0.8611111111111112, 0.9861111111111112)",1,95.63888888888904,29968
"(0.8611111111111112, 0.9722222222222222)",1,95.638888888889,29969
"(0.7916666666666666, 0.9861111111111112)",1,95.638888888889,29970
"(0.8194444444444444, 0.9861111111111112)",1,95.638888888889,29971
"(0.8888888888888888, 0.9861111111111112)",2,95.638888888889,29973
"(0.8297297297297297, 0.9685810810810812)",1,95.63885135135136,29974
"(0.6881756756756757, 0.9756756756756756)",1,95.63817567567564,29975
"(0.955, 0.965)",1,95.63750000000012,29976
"(0.925, 0.975)",1,95.63749999999996,29977
"(0.8875, 0.9625)",1,95.63749999999996,29978
"(0.775, 0.975)",1,95.63749999999992,29979
"(0.6875, 0.9625)",1,95.63749999999986,29980
"(0.66875, 0.9775)",1,95.63625000000012,29981
"(0.8070175438596491, 0.9692982456140352)",1,95.63596491228078,29982
"(0.7763157894736842, 0.9780701754385964)",1,95.63596491228078,29983
"(0.8640350877192983, 0.9649122807017544)",3,95.63596491228076,29986
"(0.7412280701754386, 0.9824561403508772)",1,95.63596491228074,29987
"(0.8201754385964912, 0.9605263157894736)",1,95.63596491228074,29988
"(0.3640350877192982, 0.9649122807017544)",3,95.63596491228074,29991
"(0.6842105263157895, 0.9605263157894736)",3,95.63596491228074,29994
"(0.9571428571428572, 0.9607142857142856)",4,95.63571428571446,29998
"(0.8821428571428571, 0.9642857142857144)",2,95.63571428571431,30000
"(0.9428571428571428, 0.9428571428571428)",1,95.6357142857143,30001
"(0.9357142857142856, 0.9571428571428572)",1,95.63571428571429,30002
"(0.8392857142857143, 0.9571428571428572)",1,95.63571428571429,30003
"(0.8857142857142857, 0.9678571428571427)",1,95.63571428571426,30004
"(0.9642857142857144, 0.9714285714285714)",1,95.63571428571424,30005
"(0.9, 1.0)",1,95.63333333333344,30006
"(0.9166666666666666, 0.9833333333333332)",1,95.63333333333344,30007
"(0.8833333333333333, 1.0)",1,95.6333333333334,30008
"(0.95, 0.9833333333333332)",1,95.6333333333334,30009
"(0.9666666666666668, 1.0)",1,95.63333333333338,30010
"(0.8, 1.0)",1,95.63333333333335,30011
"(0.9166666666666666, 1.0)",1,95.63333333333335,30012
"(0.9, 1.0)",1,95.63333333333335,30013
"(0.9625, 0.9958333333333332)",2,95.63333333333335,30015
"(0.9, 0.9791666666666666)",1,95.63333333333334,30016
"(0.9666666666666668, 1.0)",1,95.63333333333334,30017
"(0.9, 1.0)",2,95.63333333333334,30019
"(0.9166666666666666, 1.0)",1,95.63333333333334,30020
"(0.8833333333333333, 1.0)",2,95.63333333333333,30022
"(0.9666666666666668, 1.0)",2,95.63333333333333,30024
"(0.8958333333333334, 0.9708333333333332)",1,95.63333333333333,30025
"(0.7166666666666667, 1.0)",1,95.6333333333333,30026
"(0.975, 0.9916666666666668)",1,95.6333333333332,30027
"(0.9708333333333332, 0.9958333333333332)",4,95.63333333333318,30031
"(0.955, 0.9575)",1,95.63249999999996,30032
"(0.9375, 0.9575)",1,95.63249999999992,30033
"(0.9607142857142856, 0.9678571428571427)",1,95.63214285714288,30034
"(0.9428571428571428, 0.9607142857142856)",2,95.63214285714284,30036
"(0.9535714285714286, 0.9607142857142856)",1,95.63214285714284,30037
"(0.925, 0.9714285714285714)",1,95.63214285714282,30038
"(0.9464285714285714, 0.9607142857142856)",1,95.6321428571428,30039
"(0.9285714285714286, 0.9607142857142856)",1,95.63214285714274,30040
"(0.6905405405405406, 0.9753378378378378)",1,95.63175675675672,30041
"(0.7894736842105263, 0.986842105263158)",1,95.63157894736852,30042
"(0.7587719298245614, 0.9649122807017544)",1,95.63157894736848,30043
"(0.8903508771929824, 0.9649122807017544)",1,95.6315789473684,30044
"(0.77, 0.9625)",1,95.63000000000017,30045
"(0.955, 0.96)",1,95.63000000000008,30046
"(0.9475, 0.96)",1,95.62999999999982,30047
"(0.9916666666666668, 0.9833333333333332)",2,95.62916666666663,30049
"(0.975, 0.9958333333333332)",4,95.6291666666666,30053
"(0.9916666666666668, 0.9958333333333332)",4,95.62916666666658,30057
"(0.9464285714285714, 0.9535714285714286)",1,95.62857142857156,30058
"(0.9535714285714286, 0.95)",1,95.62857142857156,30059
"(0.9035714285714286, 0.9607142857142856)",1,95.62857142857143,30060
"(0.9178571428571428, 0.9607142857142856)",1,95.62857142857143,30061
"(0.9357142857142856, 0.9607142857142856)",1,95.62857142857143,30062
"(0.9607142857142856, 0.9571428571428572)",1,95.62857142857143,30063
"(0.925, 0.9785714285714284)",1,95.6285714285714,30064
"(0.9428571428571428, 0.9607142857142856)",1,95.6285714285714,30065
"(0.9571428571428572, 0.9642857142857144)",1,95.62857142857132,30066
"(0.9642857142857144, 0.9535714285714286)",1,95.62857142857128,30067
"(0.5773648648648648, 0.9733108108108108)",1,95.62837837837836,30068
"(0.7441860465116279, 0.9767441860465116)",1,95.62790697674428,30069
"(0.5232558139534884, 0.9767441860465116)",1,95.6279069767442,30070
"(0.8255813953488372, 0.9767441860465116)",1,95.6279069767442,30071
"(0.8372093023255814, 0.9651162790697676)",1,95.62790697674414,30072
"(0.7209302325581395, 0.9883720930232558)",2,95.62790697674411,30074
"(0.5930232558139535, 0.9651162790697676)",1,95.62790697674411,30075
"(0.7093023255813954, 0.9534883720930232)",1,95.6279069767441,30076
"(0.5232558139534884, 0.9767441860465116)",1,95.6279069767441,30077
"(0.8604651162790697, 0.9767441860465116)",1,95.62790697674406,30078
"(0.8023255813953488, 0.9651162790697676)",2,95.62790697674404,30080
"(0.7325581395348837, 0.9651162790697676)",1,95.62790697674404,30081
"(0.8604651162790697, 0.9651162790697676)",1,95.62790697674404,30082
"(0.813953488372093, 0.9651162790697676)",1,95.62790697674404,30083
"(0.9767441860465116, 0.9651162790697676)",2,95.62790697674404,30085
"(0.8488372093023255, 0.9651162790697676)",2,95.627906976744,30087
"(0.8604651162790697, 0.9651162790697676)",1,95.627906976744,30088
"(0.7674418604651163, 0.9651162790697676)",1,95.627906976744,30089
"(0.8488372093023255, 0.9534883720930232)",1,95.627906976744,30090
"(0.8023255813953488, 0.9651162790697676)",2,95.62790697674396,30092
"(0.8837209302325582, 0.9651162790697676)",1,95.62790697674396,30093
"(0.8255813953488372, 0.9651162790697676)",1,95.62790697674396,30094
"(0.872093023255814, 0.9651162790697676)",1,95.62790697674394,30095
"(0.8775, 0.965)",1,95.62749999999996,30096
"(0.5657894736842105, 0.9605263157894736)",3,95.62719298245622,30099
"(0.6008771929824561, 0.9649122807017544)",1,95.6271929824562,30100
"(0.881578947368421, 0.9736842105263158)",1,95.62719298245618,30101
"(0.7192982456140351, 0.986842105263158)",1,95.62719298245617,30102
"(0.8991228070175439, 0.9692982456140352)",1,95.62719298245617,30103
"(0.8903508771929824, 0.9736842105263158)",1,95.62719298245617,30104
"(0.60875, 0.97625)",1,95.6262499999998,30105
"(0.8535714285714285, 0.9607142857142856)",4,95.6250000000002,30109
"(0.8888888888888888, 0.9583333333333334)",1,95.62500000000018,30110
"(0.8888888888888888, 0.9861111111111112)",1,95.62500000000018,30111
"(0.625, 0.9722222222222222)",1,95.62500000000018,30112
"(0.8472222222222222, 0.9861111111111112)",1,95.62500000000018,30113
"(0.8055555555555556, 0.9861111111111112)",1,95.62500000000016,30114
"(0.6805555555555556, 0.9861111111111112)",1,95.62500000000016,30115
"(0.875, 0.9722222222222222)",1,95.62500000000016,30116
"(0.8888888888888888, 0.9722222222222222)",1,95.62500000000016,30117
"(0.9027777777777778, 0.9722222222222222)",1,95.62500000000016,30118
"(0.7222222222222222, 0.9583333333333334)",1,95.62500000000014,30119
"(0.8611111111111112, 0.9861111111111112)",1,95.62500000000014,30120
"(0.5555555555555556, 0.9861111111111112)",1,95.62500000000014,30121
"(0.625, 0.9722222222222222)",1,95.62500000000014,30122
"(0.7222222222222222, 0.9861111111111112)",2,95.62500000000014,30124
"(0.9444444444444444, 0.9722222222222222)",1,95.62500000000011,30125
"(0.8333333333333334, 0.9722222222222222)",1,95.62500000000011,30126
"(0.7916666666666666, 0.9861111111111112)",1,95.62500000000011,30127
"(0.8571428571428571, 0.9571428571428572)",1,95.6250000000001,30128
"(0.8611111111111112, 0.9861111111111112)",1,95.6250000000001,30129
"(0.9607142857142856, 0.9607142857142856)",1,95.6250000000001,30130
"(0.9, 0.9625)",1,95.62500000000009,30131
"(0.9166666666666666, 0.9722222222222222)",2,95.62500000000004,30133
"(0.9178571428571428, 0.9321428571428572)",1,95.62500000000004,30134
"(0.8611111111111112, 1.0)",1,95.62500000000004,30135
"(0.9125, 0.975)",1,95.62500000000004,30136
"(0.7638888888888888, 0.9722222222222222)",1,95.62500000000004,30137
"(0.7361111111111112, 1.0)",1,95.625,30138
"(0.9571428571428572, 0.9714285714285714)",2,95.625,30140
"(0.8888888888888888, 1.0)",1,95.625,30141
"(0.8625, 0.975)",1,95.625,30142
"(0.9, 0.975)",2,95.62499999999996,30144
"(0.9178571428571428, 0.9571428571428572)",3,95.62499999999996,30147
"(0.95, 0.9714285714285714)",1,95.62499999999996,30148
"(0.9321428571428572, 0.9571428571428572)",1,95.62499999999996,30149
"(0.8625, 0.9625)",2,95.62499999999994,30151
"(0.8666666666666667, 0.9875)",1,95.62499999999991,30152
"(0.9, 0.9833333333333332)",1,95.62499999999991,30153
"(0.95, 0.975)",1,95.62499999999991,30154
"(0.955, 0.955)",1,95.62499999999986,30155
"(0.7764705882352941, 0.9882352941176472)",1,95.62352941176464,30156
"(0.75, 0.9824561403508772)",2,95.62280701754396,30158
"(0.8026315789473685, 0.9780701754385964)",8,95.62280701754392,30166
"(0.4996212121212121, 0.999621212121212)",1,95.6227272727273,30167
"(0.8857142857142857, 0.9607142857142856)",1,95.62142857142868,30168
"(0.9035714285714286, 0.9571428571428572)",1,95.62142857142862,30169
"(0.95, 0.9571428571428572)",6,95.62142857142857,30175
"(0.9607142857142856, 0.9607142857142856)",1,95.62142857142854,30176
"(0.9428571428571428, 0.9678571428571427)",1,95.62142857142852,30177
"(0.9875, 0.9916666666666668)",4,95.62083333333324,30181
"(0.9083333333333332, 0.9916666666666668)",1,95.62083333333324,30182
"(0.975, 0.9666666666666668)",1,95.62083333333324,30183
"(0.8375, 0.96)",1,95.62000000000003,30184
"(0.83, 0.9575)",1,95.61999999999992,30185
"(0.7775, 0.96)",1,95.61999999999992,30186
"(0.772972972972973, 0.975)",1,95.61993243243248,30187
"(0.5472972972972973, 0.9773648648648648)",1,95.61959459459452,30188
"(0.5179054054054054, 0.9753378378378378)",1,95.61891891891892,30189
"(0.8527027027027027, 0.9743243243243244)",2,95.61858108108108,30191
"(0.8640350877192983, 0.9780701754385964)",4,95.61842105263172,30195
"(0.6885964912280702, 0.9649122807017544)",1,95.61842105263165,30196
"(0.8421052631578947, 0.9605263157894736)",1,95.61842105263162,30197
"(0.8640350877192983, 0.9649122807017544)",1,95.61842105263162,30198
"(0.6929824561403509, 0.9649122807017544)",1,95.6184210526316,30199
"(0.925, 0.9571428571428572)",1,95.6178571428572,30200
"(0.9214285714285714, 0.9571428571428572)",3,95.61785714285718,30203
"(0.8928571428571429, 0.9607142857142856)",3,95.61785714285718,30206
"(0.95, 0.9571428571428572)",1,95.61785714285712,30207
"(0.8928571428571429, 0.9642857142857144)",2,95.61785714285712,30209
"(0.95, 0.9678571428571427)",1,95.6178571428571,30210
"(0.9375, 0.965)",1,95.61749999999996,30211
"(0.945, 0.965)",1,95.61749999999994,30212
"(0.9, 0.9666666666666668)",1,95.61666666666676,30213
"(0.9166666666666666, 0.9833333333333332)",1,95.61666666666676,30214
"(0.95, 0.9833333333333332)",1,95.61666666666676,30215
"(0.9166666666666666, 0.9666666666666668)",2,95.61666666666676,30217
"(1.0, 1.0)",1,95.61666666666672,30218
"(0.8, 1.0)",1,95.61666666666672,30219
"(0.9333333333333332, 0.9833333333333332)",2,95.61666666666672,30221
"(0.8, 1.0)",1,95.61666666666667,30222
"(0.8666666666666667, 1.0)",1,95.61666666666667,30223
"(0.85, 1.0)",1,95.61666666666667,30224
"(1.0, 1.0)",1,95.61666666666667,30225
"(0.9166666666666666, 1.0)",1,95.61666666666667,30226
"(0.7, 1.0)",1,95.61666666666667,30227
"(0.925, 0.9875)",1,95.61666666666666,30228
"(0.975, 0.9875)",1,95.61666666666666,30229
"(0.9458333333333332, 0.9791666666666666)",1,95.6166666666666,30230
"(0.9166666666666666, 0.9875)",1,95.61666666666656,30231
"(0.686046511627907, 0.9767441860465116)",1,95.61627906976751,30232
"(0.5697674418604651, 0.9651162790697676)",1,95.61627906976751,30233
"(0.8837209302325582, 0.9883720930232558)",2,95.61627906976749,30235
"(0.8372093023255814, 0.9651162790697676)",1,95.61627906976744,30236
"(0.6744186046511628, 0.9767441860465116)",1,95.61627906976744,30237
"(0.872093023255814, 0.9767441860465116)",1,95.61627906976742,30238
"(0.627906976744186, 0.9651162790697676)",1,95.6162790697674,30239
"(0.813953488372093, 0.9651162790697676)",1,95.6162790697674,30240
"(0.9186046511627908, 0.9651162790697676)",1,95.61627906976736,30241
"(0.872093023255814, 0.9651162790697676)",1,95.61627906976726,30242
"(0.8255813953488372, 0.9651162790697676)",1,95.61627906976724,30243
"(0.872093023255814, 0.9651162790697676)",1,95.6162790697672,30244
"(0.8023255813953488, 0.9651162790697676)",2,95.6162790697672,30246
"(0.5212837837837838, 0.9777027027027028)",1,95.61621621621612,30247
"(0.95, 0.955)",1,95.61500000000004,30248
"(0.8964285714285715, 0.9607142857142856)",1,95.61428571428578,30249
"(0.8928571428571429, 0.9571428571428572)",1,95.61428571428576,30250
"(0.8392857142857143, 0.9571428571428572)",2,95.61428571428574,30252
"(0.8392857142857143, 0.9535714285714286)",1,95.61428571428571,30253
"(0.9178571428571428, 0.9571428571428572)",3,95.61428571428571,30256
"(0.8392857142857143, 0.9642857142857144)",1,95.61428571428571,30257
"(0.9535714285714286, 0.9642857142857144)",1,95.6142857142857,30258
"(0.875, 0.9678571428571427)",1,95.61428571428569,30259
"(0.9464285714285714, 0.9607142857142856)",1,95.61428571428564,30260
"(0.9571428571428572, 0.9607142857142856)",1,95.61428571428564,30261
"(0.95, 0.9571428571428572)",1,95.61428571428564,30262
"(0.9357142857142856, 0.9571428571428572)",1,95.6142857142856,30263
"(0.4517543859649123, 0.9824561403508772)",1,95.61403508771934,30264
"(0.925438596491228, 0.956140350877193)",1,95.61403508771934,30265
"(0.8289473684210527, 0.9736842105263158)",3,95.61403508771932,30268
"(0.95, 0.9625)",1,95.6125,30269
"(0.9875, 0.9833333333333332)",1,95.6125,30270
"(0.9375, 0.975)",1,95.61249999999995,30271
"(0.9, 0.975)",1,95.61249999999995,30272
"(0.8541666666666666, 0.9958333333333332)",1,95.61249999999994,30273
"(0.8375, 0.975)",2,95.61249999999988,30275
"(0.8125, 0.975)",1,95.61249999999986,30276
"(0.4875, 0.975)",1,95.61249999999984,30277
"(0.825, 0.975)",1,95.61249999999984,30278
"(0.925, 0.975)",1,95.6124999999998,30279
"(0.8705882352941177, 0.9647058823529412)",1,95.61176470588232,30280
"(0.8888888888888888, 0.9722222222222222)",1,95.61111111111131,30281
"(0.8333333333333334, 0.9722222222222222)",1,95.6111111111113,30282
"(0.8194444444444444, 0.9861111111111112)",1,95.6111111111113,30283
"(0.9166666666666666, 0.9861111111111112)",1,95.61111111111128,30284
"(0.875, 0.9861111111111112)",1,95.61111111111128,30285
"(0.9305555555555556, 0.9722222222222222)",1,95.61111111111128,30286
"(0.8333333333333334, 0.9722222222222222)",1,95.61111111111128,30287
"(0.8888888888888888, 0.9861111111111112)",1,95.61111111111126,30288
"(0.875, 0.9583333333333334)",1,95.61111111111126,30289
"(0.9027777777777778, 0.9861111111111112)",1,95.61111111111124,30290
"(0.8611111111111112, 0.9722222222222222)",2,95.61111111111124,30292
"(0.9166666666666666, 1.0)",2,95.61111111111124,30294
"(0.6944444444444444, 0.9722222222222222)",1,95.61111111111124,30295
"(0.9166666666666666, 0.9861111111111112)",1,95.6111111111112,30296
"(0.8333333333333334, 1.0)",1,95.61111111111116,30297
"(0.7777777777777778, 1.0)",2,95.61111111111114,30299
"(0.8194444444444444, 1.0)",1,95.61111111111114,30300
"(0.875, 1.0)",1,95.61111111111111,30301
"(0.625, 1.0)",2,95.61111111111111,30303
"(0.8535714285714285, 0.9607142857142856)",1,95.61071428571448,30304
"(0.9642857142857144, 0.9642857142857144)",1,95.6107142857143,30305
"(0.8928571428571429, 0.95)",1,95.6107142857143,30306
"(0.9535714285714286, 0.9571428571428572)",2,95.6107142857143,30308
"(0.85, 0.9607142857142856)",1,95.61071428571428,30309
"(0.9428571428571428, 0.9607142857142856)",3,95.61071428571424,30312
"(0.9285714285714286, 0.9714285714285714)",3,95.6107142857142,30315
"(0.8464912280701754, 0.9692982456140352)",1,95.60964912280711,30316
"(0.8552631578947368, 0.9736842105263158)",1,95.60964912280704,30317
"(0.8728070175438597, 0.9649122807017544)",1,95.60964912280704,30318
"(0.9208333333333332, 0.9833333333333332)",1,95.60833333333336,30319
"(0.8958333333333334, 0.9708333333333332)",2,95.60833333333336,30321
"(0.8958333333333334, 0.9666666666666668)",1,95.60833333333332,30322
"(0.9666666666666668, 0.9875)",1,95.60833333333326,30323
"(0.9375, 0.9916666666666668)",1,95.60833333333326,30324
"(0.96, 0.9575)",1,95.60749999999992,30325
"(0.925, 0.9575)",1,95.6074999999999,30326
"(0.8571428571428571, 0.9607142857142856)",1,95.60714285714307,30327
"(0.9321428571428572, 0.9571428571428572)",1,95.60714285714286,30328
"(0.9392857142857144, 0.9642857142857144)",1,95.60714285714285,30329
"(0.9107142857142856, 0.9642857142857144)",1,95.60714285714285,30330
"(0.9428571428571428, 0.9571428571428572)",3,95.60714285714285,30333
"(0.9, 0.9571428571428572)",1,95.60714285714282,30334
"(0.95, 0.9571428571428572)",1,95.6071428571428,30335
"(0.95, 0.9607142857142856)",1,95.60714285714278,30336
"(0.9428571428571428, 0.9535714285714286)",1,95.60714285714266,30337
"(0.8464912280701754, 0.9780701754385964)",1,95.60526315789492,30338
"(0.8508771929824561, 0.9692982456140352)",3,95.60526315789478,30341
"(0.9473684210526316, 0.9780701754385964)",1,95.60526315789475,30342
"(0.6162790697674418, 0.9767441860465116)",1,95.60465116279082,30343
"(0.7558139534883721, 0.9767441860465116)",1,95.60465116279076,30344
"(0.8255813953488372, 0.9767441860465116)",1,95.60465116279076,30345
"(0.8488372093023255, 0.9883720930232558)",1,95.60465116279076,30346
"(0.8604651162790697, 0.9767441860465116)",2,95.60465116279074,30348
"(0.6744186046511628, 0.9418604651162792)",2,95.6046511627907,30350
"(0.8488372093023255, 0.9767441860465116)",1,95.60465116279067,30351
"(0.8837209302325582, 0.9651162790697676)",1,95.60465116279067,30352
"(0.8372093023255814, 0.9651162790697676)",1,95.60465116279065,30353
"(0.872093023255814, 0.9534883720930232)",1,95.60465116279065,30354
"(0.7558139534883721, 0.9767441860465116)",1,95.6046511627906,30355
"(0.5930232558139535, 0.9651162790697676)",2,95.60465116279056,30357
"(0.8604651162790697, 0.9767441860465116)",1,95.60465116279056,30358
"(0.872093023255814, 0.9651162790697676)",1,95.60465116279052,30359
"(0.7325581395348837, 0.9651162790697676)",2,95.6046511627905,30361
"(0.872093023255814, 0.9651162790697676)",1,95.60465116279047,30362
"(0.8255813953488372, 0.9651162790697676)",1,95.60465116279047,30363
"(0.8023255813953488, 0.9651162790697676)",2,95.60465116279046,30365
"(0.9, 0.9541666666666668)",2,95.60416666666669,30367
"(0.9142857142857144, 0.9607142857142856)",2,95.6035714285715,30369
"(0.9428571428571428, 0.9607142857142856)",1,95.60357142857148,30370
"(0.9428571428571428, 0.9714285714285714)",1,95.60357142857144,30371
"(0.9285714285714286, 0.9607142857142856)",1,95.60357142857144,30372
"(0.9535714285714286, 0.9607142857142856)",2,95.60357142857144,30374
"(0.9178571428571428, 0.9535714285714286)",1,95.60357142857144,30375
"(0.925, 0.9642857142857144)",1,95.60357142857136,30376
"(0.95, 0.9678571428571427)",1,95.60357142857136,30377
"(0.9607142857142856, 0.9392857142857144)",1,95.60357142857136,30378
"(0.9392857142857144, 0.9535714285714286)",1,95.60357142857136,30379
"(0.855, 0.9575)",1,95.60249999999994,30380
"(0.868421052631579, 0.9692982456140352)",1,95.60087719298252,30381
"(0.8552631578947368, 0.9692982456140352)",1,95.60087719298248,30382
"(0.8392857142857143, 0.9607142857142856)",1,95.60000000000018,30383
"(0.8392857142857143, 0.9607142857142856)",1,95.60000000000016,30384
"(0.9166666666666666, 0.9833333333333332)",1,95.6000000000001,30385
"(0.7666666666666667, 1.0)",2,95.6000000000001,30387
"(0.9535714285714286, 0.9607142857142856)",1,95.60000000000008,30388
"(0.9666666666666668, 0.9833333333333332)",1,95.60000000000008,30389
"(0.95, 0.9833333333333332)",1,95.60000000000004,30390
"(0.8666666666666667, 1.0)",1,95.60000000000004,30391
"(0.9392857142857144, 0.9)",1,95.60000000000004,30392
"(0.925, 0.975)",2,95.60000000000004,30394
"(0.9571428571428572, 0.9714285714285714)",1,95.60000000000002,30395
"(0.825, 0.975)",1,95.6,30396
"(0.805, 0.9575)",1,95.6,30397
"(0.9035714285714286, 0.9642857142857144)",1,95.6,30398
"(0.6352941176470588, 0.9529411764705882)",1,95.6,30399
"(0.825, 0.975)",1,95.59999999999998,30400
"(0.9464285714285714, 0.9678571428571427)",1,95.59999999999997,30401
"(0.9642857142857144, 0.9642857142857144)",2,95.59999999999997,30403
"(0.9, 0.975)",2,95.59999999999997,30405
"(0.9285714285714286, 0.9571428571428572)",1,95.59999999999997,30406
"(0.9678571428571427, 0.9607142857142856)",4,95.59999999999997,30410
"(0.9642857142857144, 0.9607142857142856)",3,95.59999999999997,30413
"(0.8571428571428571, 0.9642857142857144)",2,95.59999999999994,30415
"(0.775, 0.975)",1,95.59999999999994,30416
"(0.775, 0.975)",1,95.59999999999992,30417
"(0.9607142857142856, 0.9571428571428572)",1,95.59999999999992,30418
"(0.9075, 0.9575)",1,95.59999999999992,30419
"(0.6625, 0.9625)",2,95.59999999999992,30421
"(0.725, 0.975)",1,95.59999999999992,30422
"(0.9285714285714286, 0.9678571428571427)",1,95.59999999999992,30423
"(0.9541666666666668, 0.975)",1,95.59999999999992,30424
"(0.9, 0.9833333333333332)",1,95.59999999999992,30425
"(0.925, 0.9625)",1,95.5999999999999,30426
"(0.8375, 0.9625)",1,95.5999999999999,30427
"(0.9, 0.975)",1,95.59999999999988,30428
"(0.68, 0.985)",1,95.5975,30429
"(0.93, 0.955)",1,95.59749999999993,30430
"(0.8888888888888888, 0.9861111111111112)",1,95.5972222222224,30431
"(0.9027777777777778, 0.9722222222222222)",1,95.5972222222224,30432
"(0.5555555555555556, 0.9861111111111112)",1,95.5972222222224,30433
"(0.8611111111111112, 0.9861111111111112)",1,95.5972222222224,30434
"(0.875, 0.9722222222222222)",1,95.5972222222224,30435
"(0.9305555555555556, 0.9861111111111112)",1,95.5972222222224,30436
"(0.7222222222222222, 0.9722222222222222)",4,95.59722222222238,30440
"(0.6666666666666666, 0.9722222222222222)",1,95.59722222222238,30441
"(0.875, 1.0)",1,95.59722222222236,30442
"(0.6805555555555556, 0.9861111111111112)",2,95.59722222222236,30444
"(0.8333333333333334, 0.9722222222222222)",1,95.59722222222236,30445
"(0.9166666666666666, 0.9722222222222222)",1,95.59722222222236,30446
"(0.9027777777777778, 0.9861111111111112)",1,95.59722222222234,30447
"(0.9166666666666666, 0.9861111111111112)",1,95.59722222222234,30448
"(0.8611111111111112, 0.9722222222222222)",1,95.59722222222234,30449
"(0.8611111111111112, 0.9861111111111112)",1,95.59722222222234,30450
"(0.8333333333333334, 0.9722222222222222)",2,95.59722222222234,30452
"(0.9861111111111112, 0.9583333333333334)",2,95.59722222222231,30454
"(0.6944444444444444, 0.9861111111111112)",2,95.5972222222223,30456
"(0.9305555555555556, 1.0)",1,95.59722222222229,30457
"(0.7777777777777778, 1.0)",1,95.59722222222226,30458
"(0.7916666666666666, 1.0)",1,95.59722222222224,30459
"(0.9305555555555556, 1.0)",1,95.59722222222224,30460
"(0.8472222222222222, 1.0)",1,95.5972222222222,30461
"(0.868421052631579, 0.9780701754385964)",1,95.59649122807026,30462
"(0.6754385964912281, 0.9736842105263158)",1,95.59649122807024,30463
"(0.8640350877192983, 0.9692982456140352)",1,95.59649122807024,30464
"(0.6710526315789473, 0.9649122807017544)",3,95.59649122807022,30467
"(0.8771929824561403, 0.9605263157894736)",1,95.5964912280702,30468
"(0.9535714285714286, 0.9607142857142856)",1,95.5964285714286,30469
"(0.9464285714285714, 0.9607142857142856)",1,95.59642857142858,30470
"(0.9321428571428572, 0.95)",1,95.59642857142858,30471
"(0.8892857142857142, 0.9642857142857144)",1,95.59642857142856,30472
"(0.9642857142857144, 0.9607142857142856)",1,95.59642857142852,30473
"(0.8857142857142857, 0.9535714285714286)",3,95.59642857142852,30476
"(0.9333333333333332, 0.9875)",1,95.59583333333327,30477
"(0.6969594594594595, 0.9712837837837838)",1,95.5949324324325,30478
"(0.5847972972972973, 0.972972972972973)",1,95.59358108108108,30479
"(0.6046511627906976, 0.9767441860465116)",1,95.59302325581416,30480
"(0.8255813953488372, 0.9767441860465116)",1,95.59302325581407,30481
"(0.5930232558139535, 0.9883720930232558)",1,95.59302325581406,30482
"(0.7093023255813954, 0.9651162790697676)",1,95.59302325581405,30483
"(0.8255813953488372, 0.9767441860465116)",1,95.593023255814,30484
"(0.5232558139534884, 0.9534883720930232)",1,95.59302325581396,30485
"(0.627906976744186, 0.9767441860465116)",1,95.59302325581396,30486
"(0.7441860465116279, 0.9767441860465116)",1,95.59302325581392,30487
"(0.8604651162790697, 0.9534883720930232)",1,95.59302325581392,30488
"(0.8604651162790697, 0.9534883720930232)",1,95.5930232558139,30489
"(0.8604651162790697, 0.9651162790697676)",1,95.59302325581388,30490
"(0.9302325581395348, 0.9767441860465116)",1,95.59302325581388,30491
"(0.6046511627906976, 0.9651162790697676)",2,95.5930232558138,30493
"(0.872093023255814, 0.9651162790697676)",2,95.59302325581378,30495
"(0.8488372093023255, 0.9651162790697676)",1,95.59302325581378,30496
"(0.8372093023255814, 0.9651162790697676)",2,95.59302325581376,30498
"(0.7906976744186046, 0.9651162790697676)",3,95.59302325581376,30501
"(0.8953488372093024, 0.9651162790697676)",1,95.59302325581372,30502
"(0.8953488372093024, 0.9651162790697676)",1,95.59302325581372,30503
"(0.95, 0.9535714285714286)",1,95.59285714285711,30504
"(0.8821428571428571, 0.9607142857142856)",4,95.59285714285708,30508
"(0.9142857142857144, 0.9571428571428572)",1,95.59285714285708,30509
"(0.9428571428571428, 0.9785714285714284)",1,95.59285714285708,30510
"(0.8571428571428571, 0.9607142857142856)",3,95.592857142857,30513
"(0.9035714285714286, 0.9642857142857144)",2,95.59285714285696,30515
"(0.915, 0.955)",2,95.59249999999996,30517
"(0.9525, 0.95)",1,95.59249999999996,30518
"(0.93, 0.9575)",1,95.59249999999987,30519
"(0.868421052631579, 0.9605263157894736)",3,95.59210526315798,30522
"(0.8114035087719298, 0.9649122807017544)",2,95.59210526315796,30524
"(0.8157894736842105, 0.9649122807017544)",1,95.59210526315796,30525
"(0.8640350877192983, 0.9736842105263158)",8,95.59210526315796,30533
"(0.8245614035087719, 0.9649122807017544)",1,95.5921052631579,30534
"(0.8903508771929824, 0.9649122807017544)",1,95.59210526315788,30535
"(0.9078947368421052, 0.956140350877193)",1,95.59210526315788,30536
"(0.9291666666666668, 0.9833333333333332)",1,95.59166666666664,30537
"(0.9166666666666666, 0.9791666666666666)",1,95.5916666666666,30538
"(0.8958333333333334, 0.975)",1,95.5916666666666,30539
"(0.925, 0.9916666666666668)",1,95.59166666666658,30540
"(0.83, 0.9575)",1,95.5899999999999,30541
"(0.8513513513513513, 0.9726351351351352)",1,95.58986486486488,30542
"(0.9321428571428572, 0.9571428571428572)",1,95.58928571428584,30543
"(0.8607142857142858, 0.9607142857142856)",1,95.5892857142858,30544
"(0.9392857142857144, 0.9535714285714286)",1,95.5892857142858,30545
"(0.8392857142857143, 0.9642857142857144)",1,95.58928571428577,30546
"(0.9607142857142856, 0.9607142857142856)",1,95.58928571428574,30547
"(0.9464285714285714, 0.9642857142857144)",1,95.58928571428572,30548
"(0.9535714285714286, 0.9607142857142856)",1,95.58928571428568,30549
"(0.8357142857142857, 0.9714285714285714)",2,95.58928571428568,30551
"(0.9428571428571428, 0.9714285714285714)",1,95.58928571428564,30552
"(0.9428571428571428, 0.9607142857142856)",1,95.58928571428564,30553
"(0.5344594594594595, 0.979054054054054)",1,95.58918918918916,30554
"(0.8705882352941177, 0.9647058823529412)",1,95.58823529411754,30555
"(0.8235294117647058, 0.9411764705882352)",3,95.5882352941174,30558
"(0.8245614035087719, 0.9780701754385964)",3,95.58771929824567,30561
"(0.8070175438596491, 0.9692982456140352)",1,95.58771929824564,30562
"(0.725, 0.975)",1,95.5875,30563
"(0.825, 0.975)",1,95.5875,30564
"(0.785, 0.955)",1,95.58749999999998,30565
"(0.5658783783783784, 0.9739864864864864)",1,95.58749999999996,30566
"(0.8625, 0.975)",1,95.58749999999988,30567
"(0.975, 0.9916666666666668)",2,95.58749999999984,30569
"(0.5939189189189189, 0.9722972972972972)",1,95.5871621621622,30570
"(0.8891891891891892, 0.977027027027027)",2,95.58716216216216,30572
"(0.9607142857142856, 0.9571428571428572)",1,95.58571428571432,30573
"(0.9535714285714286, 0.9607142857142856)",3,95.58571428571427,30576
"(0.8428571428571429, 0.9571428571428572)",1,95.58571428571427,30577
"(0.8535714285714285, 0.9714285714285714)",1,95.58571428571426,30578
"(0.4285714285714285, 0.9714285714285714)",1,95.58571428571425,30579
"(0.9071428571428573, 0.9571428571428572)",1,95.58571428571425,30580
"(0.95, 0.9607142857142856)",1,95.58571428571425,30581
"(0.9535714285714286, 0.9571428571428572)",1,95.5857142857142,30582
"(0.8285714285714286, 0.9571428571428572)",1,95.58571428571418,30583
"(0.77, 0.96)",1,95.585,30584
"(0.88, 0.9575)",1,95.58499999999994,30585
"(0.9444444444444444, 0.9722222222222222)",3,95.58333333333351,30588
"(0.5972222222222222, 0.9861111111111112)",1,95.58333333333351,30589
"(0.8888888888888888, 0.9722222222222222)",1,95.58333333333351,30590
"(0.7916666666666666, 0.9861111111111112)",2,95.5833333333335,30592
"(0.8611111111111112, 0.9722222222222222)",3,95.5833333333335,30595
"(0.7222222222222222, 0.9722222222222222)",2,95.5833333333335,30597
"(0.7638888888888888, 0.9722222222222222)",1,95.58333333333348,30598
"(0.9027777777777778, 0.9861111111111112)",1,95.58333333333348,30599
"(0.8194444444444444, 0.9722222222222222)",1,95.58333333333348,30600
"(0.8611111111111112, 0.9722222222222222)",2,95.58333333333348,30602
"(0.8472222222222222, 0.9861111111111112)",1,95.58333333333346,30603
"(0.8472222222222222, 0.9722222222222222)",1,95.58333333333346,30604
"(0.9166666666666666, 0.9666666666666668)",2,95.58333333333344,30606
"(0.7916666666666666, 1.0)",1,95.5833333333334,30607
"(0.8472222222222222, 0.9722222222222222)",1,95.5833333333334,30608
"(0.75, 0.9833333333333332)",1,95.5833333333334,30609
"(0.9305555555555556, 0.9861111111111112)",1,95.5833333333334,30610
"(0.7222222222222222, 0.9722222222222222)",1,95.5833333333334,30611
"(0.8070175438596491, 0.956140350877193)",3,95.5833333333334,30614
"(0.8166666666666667, 1.0)",1,95.58333333333336,30615
"(0.868421052631579, 0.9649122807017544)",3,95.58333333333336,30618
"(0.7666666666666667, 1.0)",1,95.58333333333336,30619
"(0.7, 1.0)",1,95.58333333333334,30620
"(0.868421052631579, 0.956140350877193)",1,95.58333333333334,30621
"(0.8194444444444444, 0.9722222222222222)",1,95.58333333333334,30622
"(0.9, 1.0)",1,95.58333333333334,30623
"(0.95, 1.0)",1,95.58333333333331,30624
"(0.9625, 0.9708333333333332)",1,95.58333333333326,30625
"(0.9833333333333332, 0.9958333333333332)",4,95.58333333333314,30629
"(0.8571428571428571, 0.9571428571428572)",1,95.58214285714308,30630
"(0.8571428571428571, 0.9607142857142856)",1,95.58214285714294,30631
"(0.9214285714285714, 0.9607142857142856)",2,95.58214285714286,30633
"(0.9071428571428573, 0.9607142857142856)",3,95.58214285714286,30636
"(0.9535714285714286, 0.9607142857142856)",1,95.5821428571428,30637
"(0.9642857142857144, 0.9428571428571428)",1,95.5821428571428,30638
"(0.95, 0.9607142857142856)",1,95.58214285714278,30639
"(0.925, 0.9535714285714286)",1,95.58214285714268,30640
"(0.5094594594594595, 0.9739864864864864)",1,95.58175675675668,30641
"(0.8604651162790697, 0.9767441860465116)",4,95.58139534883738,30645
"(0.7906976744186046, 0.9767441860465116)",1,95.58139534883732,30646
"(0.7906976744186046, 0.9767441860465116)",2,95.5813953488373,30648
"(0.8604651162790697, 0.9767441860465116)",1,95.58139534883728,30649
"(0.5697674418604651, 0.9767441860465116)",2,95.58139534883728,30651
"(0.5930232558139535, 1.0)",2,95.58139534883723,30653
"(0.8604651162790697, 0.9767441860465116)",1,95.58139534883722,30654
"(0.6744186046511628, 0.9651162790697676)",1,95.5813953488372,30655
"(0.872093023255814, 0.9651162790697676)",1,95.58139534883716,30656
"(0.6046511627906976, 0.9534883720930232)",1,95.5813953488371,30657
"(0.7558139534883721, 0.9767441860465116)",1,95.58139534883708,30658
"(0.7325581395348837, 0.9651162790697676)",1,95.58139534883706,30659
"(0.872093023255814, 0.9651162790697676)",1,95.58139534883703,30660
"(0.8604651162790697, 0.9651162790697676)",1,95.58139534883703,30661
"(0.872093023255814, 0.9651162790697676)",2,95.58139534883703,30663
"(0.813953488372093, 0.9767441860465116)",1,95.58139534883702,30664
"(0.8023255813953488, 0.9651162790697676)",1,95.58139534883702,30665
"(0.7325581395348837, 0.9651162790697676)",2,95.581395348837,30667
"(0.8402027027027027, 0.9685810810810812)",1,95.58108108108112,30668
"(0.96, 0.9525)",3,95.58,30671
"(0.945, 0.945)",1,95.57999999999996,30672
"(0.9, 0.955)",1,95.57999999999994,30673
"(0.9541666666666668, 0.975)",1,95.57916666666674,30674
"(0.8666666666666667, 0.975)",1,95.5791666666666,30675
"(0.8114035087719298, 0.9605263157894736)",3,95.57894736842108,30678
"(0.8903508771929824, 0.9692982456140352)",1,95.57894736842108,30679
"(0.7719298245614035, 0.9736842105263158)",1,95.57894736842104,30680
"(0.8640350877192983, 0.956140350877193)",1,95.57894736842104,30681
"(0.8392857142857143, 0.9571428571428572)",2,95.5785714285715,30683
"(0.875, 0.9535714285714286)",1,95.57857142857148,30684
"(0.9392857142857144, 0.9571428571428572)",1,95.57857142857148,30685
"(0.925, 0.9571428571428572)",1,95.57857142857142,30686
"(0.8071428571428572, 0.9607142857142856)",2,95.57857142857142,30688
"(0.8928571428571429, 0.9607142857142856)",1,95.5785714285714,30689
"(0.9535714285714286, 0.9571428571428572)",1,95.57857142857138,30690
"(0.9535714285714286, 0.9535714285714286)",1,95.5785714285713,30691
"(0.8775, 0.9575)",1,95.57749999999994,30692
"(0.9428571428571428, 0.9607142857142856)",1,95.57500000000005,30693
"(0.9392857142857144, 0.9678571428571427)",2,95.575,30695
"(0.925, 0.95)",1,95.575,30696
"(0.9285714285714286, 0.9535714285714286)",5,95.575,30701
"(0.9178571428571428, 0.9571428571428572)",1,95.575,30702
"(0.875, 0.9571428571428572)",3,95.575,30705
"(0.925, 0.9571428571428572)",1,95.57499999999996,30706
"(0.8375, 0.9833333333333332)",1,95.57499999999996,30707
"(0.9375, 0.9916666666666668)",1,95.57499999999996,30708
"(0.95, 0.9642857142857144)",1,95.57499999999996,30709
"(0.975, 0.9875)",2,95.57499999999996,30711
"(0.9607142857142856, 0.9607142857142856)",4,95.57499999999992,30715
"(0.95, 0.95)",1,95.57499999999992,30716
"(0.725, 0.975)",1,95.57499999999987,30717
"(0.95, 0.975)",1,95.57499999999986,30718
"(0.85, 0.975)",1,95.57499999999985,30719
"(0.9464285714285714, 0.9642857142857144)",1,95.57499999999985,30720
"(0.875, 0.975)",4,95.57499999999985,30724
"(0.9078947368421052, 0.9649122807017544)",1,95.57456140350882,30725
"(0.8552631578947368, 0.9736842105263158)",3,95.5745614035088,30728
"(0.8201754385964912, 0.9692982456140352)",5,95.57456140350878,30733
"(0.8552631578947368, 0.9824561403508772)",1,95.57456140350874,30734
"(0.6929824561403509, 0.9649122807017544)",1,95.57456140350872,30735
"(0.845, 0.955)",1,95.57249999999992,30736
"(0.545, 0.98625)",1,95.5724999999999,30737
"(0.6475, 0.96)",1,95.57249999999988,30738
"(0.9607142857142856, 0.9607142857142856)",1,95.57142857142874,30739
"(0.8392857142857143, 0.9571428571428572)",3,95.57142857142856,30742
"(0.9571428571428572, 0.9678571428571427)",1,95.57142857142854,30743
"(0.8285714285714286, 0.9571428571428572)",1,95.57142857142854,30744
"(0.9535714285714286, 0.95)",1,95.57142857142853,30745
"(0.8857142857142857, 0.9428571428571428)",1,95.57142857142853,30746
"(0.9571428571428572, 0.9535714285714286)",1,95.57142857142853,30747
"(0.9464285714285714, 0.95)",1,95.57142857142836,30748
"(0.9708333333333332, 0.9916666666666668)",1,95.57083333333335,30749
"(0.8541666666666666, 0.9958333333333332)",1,95.57083333333324,30750
"(0.6228070175438597, 0.9780701754385964)",1,95.57017543859656,30751
"(0.7675438596491229, 0.9692982456140352)",3,95.57017543859656,30754
"(0.8245614035087719, 0.9605263157894736)",3,95.57017543859652,30757
"(0.95, 0.96)",1,95.56999999999982,30758
"(0.6162790697674418, 0.9883720930232558)",2,95.5697674418606,30760
"(0.7906976744186046, 0.9767441860465116)",2,95.5697674418606,30762
"(0.8023255813953488, 0.9767441860465116)",1,95.5697674418606,30763
"(0.8604651162790697, 0.9767441860465116)",1,95.5697674418606,30764
"(0.7790697674418605, 0.9767441860465116)",2,95.56976744186058,30766
"(0.8372093023255814, 0.9883720930232558)",1,95.56976744186056,30767
"(0.3372093023255814, 1.0)",1,95.56976744186056,30768
"(0.8604651162790697, 0.9767441860465116)",1,95.56976744186052,30769
"(0.872093023255814, 1.0)",1,95.5697674418605,30770
"(0.8604651162790697, 0.9534883720930232)",1,95.56976744186044,30771
"(0.9186046511627908, 0.9651162790697676)",1,95.56976744186044,30772
"(0.7441860465116279, 0.9534883720930232)",1,95.56976744186042,30773
"(0.8255813953488372, 0.9883720930232558)",1,95.56976744186042,30774
"(0.5232558139534884, 0.9767441860465116)",1,95.56976744186042,30775
"(0.7325581395348837, 0.9767441860465116)",1,95.5697674418604,30776
"(0.7674418604651163, 0.9767441860465116)",1,95.5697674418604,30777
"(0.9302325581395348, 0.9767441860465116)",1,95.5697674418604,30778
"(0.7209302325581395, 0.9651162790697676)",1,95.56976744186038,30779
"(0.8604651162790697, 0.9767441860465116)",1,95.56976744186036,30780
"(0.8372093023255814, 0.9534883720930232)",1,95.56976744186036,30781
"(0.813953488372093, 0.9651162790697676)",2,95.56976744186036,30783
"(0.8372093023255814, 0.9651162790697676)",2,95.56976744186032,30785
"(0.8372093023255814, 0.9767441860465116)",1,95.56976744186032,30786
"(0.7906976744186046, 0.9651162790697676)",1,95.56976744186032,30787
"(0.872093023255814, 0.9651162790697676)",3,95.56976744186032,30790
"(0.8372093023255814, 0.9651162790697676)",1,95.56976744186028,30791
"(0.8604651162790697, 0.9651162790697676)",3,95.56976744186028,30794
"(0.5116279069767442, 0.9534883720930232)",1,95.56976744186028,30795
"(0.872093023255814, 0.9534883720930232)",1,95.56976744186026,30796
"(0.7441860465116279, 0.9651162790697676)",1,95.56976744186026,30797
"(0.8255813953488372, 0.9651162790697676)",1,95.56976744186024,30798
"(0.8372093023255814, 0.9651162790697676)",1,95.5697674418602,30799
"(0.75, 0.9861111111111112)",1,95.56944444444464,30800
"(0.8888888888888888, 0.9722222222222222)",1,95.5694444444446,30801
"(0.9027777777777778, 0.9861111111111112)",1,95.5694444444446,30802
"(0.7222222222222222, 0.9722222222222222)",2,95.5694444444446,30804
"(0.625, 0.9722222222222222)",1,95.5694444444446,30805
"(0.7916666666666666, 0.9861111111111112)",1,95.5694444444446,30806
"(0.8333333333333334, 0.9861111111111112)",1,95.56944444444458,30807
"(0.8194444444444444, 0.9861111111111112)",1,95.56944444444458,30808
"(0.8611111111111112, 0.9583333333333334)",1,95.56944444444458,30809
"(0.8472222222222222, 0.9861111111111112)",2,95.56944444444458,30811
"(0.9722222222222222, 1.0)",1,95.56944444444446,30812
"(0.7083333333333334, 1.0)",1,95.56944444444446,30813
"(0.9, 0.9607142857142856)",4,95.56785714285732,30817
"(0.9035714285714286, 0.9642857142857144)",1,95.56785714285722,30818
"(0.8392857142857143, 0.9642857142857144)",1,95.56785714285716,30819
"(0.9178571428571428, 0.9642857142857144)",1,95.56785714285716,30820
"(0.9571428571428572, 0.9607142857142856)",4,95.56785714285712,30824
"(0.9357142857142856, 0.9571428571428572)",1,95.56785714285708,30825
"(0.9357142857142856, 0.9571428571428572)",1,95.56785714285706,30826
"(0.9428571428571428, 0.9571428571428572)",1,95.56785714285706,30827
"(0.6475, 0.9625)",1,95.56750000000004,30828
"(0.8541666666666666, 0.9666666666666668)",1,95.56666666666676,30829
"(0.9833333333333332, 1.0)",1,95.56666666666672,30830
"(0.7333333333333333, 1.0)",1,95.5666666666667,30831
"(0.8833333333333333, 1.0)",1,95.5666666666667,30832
"(0.9666666666666668, 1.0)",1,95.56666666666668,30833
"(0.95, 1.0)",1,95.56666666666666,30834
"(0.8666666666666667, 1.0)",1,95.56666666666666,30835
"(0.9375, 0.9875)",1,95.56666666666658,30836
"(0.706140350877193, 0.9692982456140352)",1,95.56578947368436,30837
"(0.881578947368421, 0.9605263157894736)",1,95.56578947368426,30838
"(0.6535087719298246, 0.9605263157894736)",3,95.56578947368423,30841
"(0.9, 0.9575)",1,95.56499999999996,30842
"(0.8705882352941177, 0.9294117647058824)",1,95.56470588235273,30843
"(0.9392857142857144, 0.9607142857142856)",1,95.5642857142858,30844
"(0.925, 0.9571428571428572)",1,95.5642857142857,30845
"(0.9321428571428572, 0.9535714285714286)",1,95.5642857142857,30846
"(0.9107142857142856, 0.9607142857142856)",6,95.56428571428567,30852
"(0.9464285714285714, 0.9642857142857144)",1,95.56428571428567,30853
"(0.9357142857142856, 0.9607142857142856)",1,95.56428571428565,30854
"(0.9571428571428572, 0.9571428571428572)",1,95.56428571428565,30855
"(0.9, 0.9625)",1,95.56250000000016,30856
"(0.96, 0.9525)",2,95.56250000000006,30858
"(0.93, 0.955)",1,95.56250000000006,30859
"(0.825, 0.975)",2,95.5625,30861
"(0.9375, 0.975)",1,95.5625,30862
"(0.8875, 0.9625)",1,95.56249999999994,30863
"(0.8625, 0.9708333333333332)",2,95.56249999999991,30865
"(0.9625, 0.975)",1,95.5624999999999,30866
"(0.9625, 0.9916666666666668)",1,95.56249999999989,30867
"(0.8245614035087719, 0.9649122807017544)",1,95.561403508772,30868
"(0.8552631578947368, 0.9692982456140352)",1,95.56140350877196,30869
"(0.6008771929824561, 0.9692982456140352)",1,95.56140350877196,30870
"(0.7719298245614035, 0.9912280701754386)",4,95.5614035087719,30874
"(0.9392857142857144, 0.9607142857142856)",1,95.5607142857144,30875
"(0.9178571428571428, 0.9607142857142856)",2,95.56071428571435,30877
"(0.9428571428571428, 0.9607142857142856)",3,95.5607142857143,30880
"(0.875, 0.9571428571428572)",3,95.5607142857143,30883
"(0.925, 0.95)",1,95.56071428571428,30884
"(0.9178571428571428, 0.9607142857142856)",1,95.56071428571428,30885
"(0.9642857142857144, 0.9714285714285714)",6,95.56071428571424,30891
"(0.9321428571428572, 0.95)",1,95.56071428571424,30892
"(0.8857142857142857, 0.9535714285714286)",1,95.56071428571418,30893
"(0.5489864864864865, 0.9763513513513512)",1,95.56013513513513,30894
"(0.96, 0.96)",1,95.55999999999992,30895
"(0.8885135135135135, 0.9699324324324324)",1,95.5587837837838,30896
"(0.9958333333333332, 0.9916666666666668)",1,95.55833333333328,30897
"(0.9916666666666668, 0.9875)",4,95.5583333333332,30901
"(0.9375, 0.9875)",1,95.5583333333332,30902
"(0.9916666666666668, 0.9916666666666668)",4,95.55833333333312,30906
"(0.8837209302325582, 0.9767441860465116)",1,95.55813953488384,30907
"(0.8604651162790697, 0.9534883720930232)",1,95.5581395348838,30908
"(0.5697674418604651, 0.9767441860465116)",2,95.5581395348838,30910
"(0.7674418604651163, 0.9883720930232558)",2,95.5581395348838,30912
"(0.8255813953488372, 0.9767441860465116)",1,95.55813953488376,30913
"(0.8604651162790697, 0.9767441860465116)",1,95.55813953488376,30914
"(0.7674418604651163, 0.9767441860465116)",1,95.55813953488376,30915
"(0.8255813953488372, 0.9767441860465116)",1,95.55813953488376,30916
"(0.3372093023255814, 1.0)",1,95.55813953488374,30917
"(0.6744186046511628, 0.9767441860465116)",1,95.55813953488372,30918
"(0.8372093023255814, 0.9651162790697676)",1,95.5581395348837,30919
"(0.7325581395348837, 0.9651162790697676)",1,95.55813953488368,30920
"(0.8604651162790697, 0.9767441860465116)",1,95.55813953488368,30921
"(0.8604651162790697, 0.9651162790697676)",1,95.55813953488364,30922
"(0.3023255813953488, 0.9651162790697676)",1,95.5581395348836,30923
"(0.6744186046511628, 0.9534883720930232)",1,95.5581395348836,30924
"(0.8255813953488372, 0.9651162790697676)",1,95.55813953488358,30925
"(0.813953488372093, 0.9651162790697676)",2,95.55813953488357,30927
"(0.8604651162790697, 0.9534883720930232)",1,95.55813953488357,30928
"(0.8372093023255814, 0.9651162790697676)",1,95.55813953488352,30929
"(0.872093023255814, 0.9651162790697676)",1,95.55813953488352,30930
"(0.4767441860465116, 0.9651162790697676)",2,95.5581395348835,30932
"(0.93, 0.965)",1,95.55749999999996,30933
"(0.9321428571428572, 0.9607142857142856)",1,95.55714285714302,30934
"(0.9035714285714286, 0.95)",1,95.5571428571429,30935
"(0.9535714285714286, 0.9714285714285714)",1,95.55714285714288,30936
"(0.8892857142857142, 0.9642857142857144)",2,95.55714285714284,30938
"(0.925, 0.9571428571428572)",1,95.55714285714282,30939
"(0.9285714285714286, 0.95)",3,95.5571428571428,30942
"(0.85, 0.9535714285714286)",1,95.5571428571428,30943
"(0.9392857142857144, 0.9678571428571427)",1,95.55714285714278,30944
"(0.8245614035087719, 0.9736842105263158)",2,95.55701754385971,30946
"(0.881578947368421, 0.9692982456140352)",3,95.55701754385971,30949
"(0.793859649122807, 0.9780701754385964)",3,95.5570175438597,30952
"(0.7149122807017544, 0.9649122807017544)",1,95.5570175438597,30953
"(0.912280701754386, 0.9692982456140352)",3,95.55701754385969,30956
"(0.8859649122807017, 0.9736842105263158)",1,95.55701754385969,30957
"(0.5350877192982456, 0.9692982456140352)",1,95.55701754385969,30958
"(0.7763157894736842, 0.9736842105263158)",1,95.55701754385964,30959
"(0.572972972972973, 0.9739864864864864)",1,95.55675675675673,30960
"(0.625, 0.9861111111111112)",1,95.55555555555576,30961
"(0.8194444444444444, 0.9861111111111112)",1,95.55555555555574,30962
"(0.7222222222222222, 0.9722222222222222)",2,95.55555555555574,30964
"(0.7222222222222222, 0.9722222222222222)",1,95.55555555555571,30965
"(0.8333333333333334, 0.9861111111111112)",1,95.55555555555571,30966
"(0.875, 0.9722222222222222)",2,95.55555555555571,30968
"(0.5, 0.9722222222222222)",1,95.55555555555571,30969
"(0.8888888888888888, 0.9861111111111112)",1,95.5555555555557,30970
"(0.6944444444444444, 0.9861111111111112)",2,95.55555555555569,30972
"(0.8472222222222222, 0.9722222222222222)",1,95.55555555555566,30973
"(0.6944444444444444, 0.9861111111111112)",1,95.55555555555566,30974
"(0.7777777777777778, 1.0)",1,95.55555555555564,30975
"(0.8472222222222222, 0.9861111111111112)",1,95.55555555555564,30976
"(0.9166666666666666, 0.9722222222222222)",1,95.55555555555544,30977
"(0.8666666666666667, 0.9833333333333332)",1,95.55416666666662,30978
"(0.8375, 0.9916666666666668)",1,95.5541666666666,30979
"(0.8625, 0.9875)",1,95.55416666666656,30980
"(0.8857142857142857, 0.9607142857142856)",1,95.55357142857146,30981
"(0.8642857142857143, 0.9571428571428572)",3,95.55357142857144,30984
"(0.925, 0.9642857142857144)",3,95.55357142857144,30987
"(0.825, 0.9321428571428572)",1,95.55357142857144,30988
"(0.8928571428571429, 0.9607142857142856)",1,95.55357142857142,30989
"(0.9571428571428572, 0.9642857142857144)",6,95.5535714285714,30995
"(0.9428571428571428, 0.9535714285714286)",2,95.5535714285714,30997
"(0.8928571428571429, 0.95)",1,95.55357142857136,30998
"(0.8941176470588236, 0.9411764705882352)",1,95.55294117647036,30999
"(0.8705882352941177, 0.9294117647058824)",3,95.55294117647034,31002
"(0.7675438596491229, 0.9692982456140352)",1,95.5526315789475,31003
"(0.9473684210526316, 0.9692982456140352)",1,95.55263157894744,31004
"(0.7149122807017544, 0.9605263157894736)",2,95.55263157894744,31006
"(0.9473684210526316, 0.9824561403508772)",1,95.5526315789474,31007
"(0.6228070175438597, 0.9824561403508772)",1,95.5526315789474,31008
"(0.6929824561403509, 0.9692982456140352)",1,95.5526315789474,31009
"(0.8201754385964912, 0.956140350877193)",1,95.5526315789474,31010
"(0.9078947368421052, 0.9692982456140352)",3,95.5526315789474,31013
"(0.6973684210526315, 0.9692982456140352)",3,95.5526315789474,31016
"(0.8903508771929824, 0.9605263157894736)",1,95.5526315789474,31017
"(0.8725, 0.9575)",1,95.55249999999997,31018
"(0.9464285714285714, 0.9642857142857144)",1,95.55000000000013,31019
"(0.9166666666666666, 1.0)",1,95.55000000000013,31020
"(0.8964285714285715, 0.9607142857142856)",1,95.5500000000001,31021
"(0.8166666666666667, 0.9833333333333332)",3,95.55000000000008,31024
"(0.9166666666666666, 0.9833333333333332)",2,95.55000000000008,31026
"(0.8666666666666667, 0.9833333333333332)",1,95.55000000000004,31027
"(0.6625, 0.95)",1,95.55000000000004,31028
"(0.825, 0.975)",1,95.55000000000004,31029
"(0.8833333333333333, 1.0)",1,95.55000000000004,31030
"(1.0, 1.0)",1,95.55,31031
"(0.9375, 0.975)",1,95.55,31032
"(0.9214285714285714, 0.9571428571428572)",3,95.55,31035
"(0.9166666666666666, 1.0)",1,95.55,31036
"(0.925, 0.9571428571428572)",3,95.55,31039
"(0.9166666666666666, 1.0)",1,95.55,31040
"(0.9666666666666668, 1.0)",1,95.55,31041
"(0.8928571428571429, 0.9642857142857144)",3,95.55,31044
"(0.9125, 0.9625)",1,95.54999999999995,31045
"(0.755, 0.96)",1,95.54999999999993,31046
"(0.7392857142857143, 0.9607142857142856)",1,95.54999999999993,31047
"(0.7775, 0.9625)",1,95.54999999999993,31048
"(0.9107142857142856, 0.9535714285714286)",1,95.54999999999993,31049
"(0.8675, 0.9575)",1,95.5499999999999,31050
"(0.9571428571428572, 0.9571428571428572)",1,95.54999999999988,31051
"(0.95, 0.9571428571428572)",1,95.54999999999984,31052
"(0.9428571428571428, 0.9535714285714286)",1,95.5499999999998,31053
"(0.5570175438596491, 0.9649122807017544)",1,95.54824561403524,31054
"(0.4517543859649123, 0.9692982456140352)",3,95.54824561403515,31057
"(0.93, 0.9625)",1,95.5475,31058
"(0.9475, 0.965)",1,95.54749999999996,31059
"(0.8375, 0.9575)",1,95.54749999999991,31060
"(0.8837209302325582, 0.9767441860465116)",1,95.54651162790714,31061
"(0.8604651162790697, 0.9767441860465116)",1,95.54651162790712,31062
"(0.7558139534883721, 0.9767441860465116)",1,95.54651162790712,31063
"(0.8837209302325582, 0.9767441860465116)",1,95.54651162790708,31064
"(0.7558139534883721, 0.9767441860465116)",1,95.54651162790708,31065
"(0.5581395348837209, 0.9767441860465116)",1,95.546511627907,31066
"(0.8255813953488372, 0.9767441860465116)",1,95.54651162790698,31067
"(0.8023255813953488, 0.9883720930232558)",1,95.54651162790697,31068
"(0.3372093023255814, 1.0)",1,95.54651162790697,31069
"(0.5930232558139535, 0.9767441860465116)",1,95.54651162790694,31070
"(0.813953488372093, 0.9534883720930232)",1,95.54651162790692,31071
"(0.872093023255814, 0.9534883720930232)",1,95.5465116279069,31072
"(0.5232558139534884, 0.9651162790697676)",1,95.54651162790688,31073
"(0.8604651162790697, 0.9767441860465116)",1,95.54651162790688,31074
"(0.5697674418604651, 0.9534883720930232)",1,95.54651162790688,31075
"(0.9302325581395348, 0.9534883720930232)",1,95.5465116279068,31076
"(0.7674418604651163, 0.9651162790697676)",1,95.5465116279068,31077
"(0.8372093023255814, 0.9651162790697676)",1,95.54651162790675,31078
"(0.872093023255814, 0.9651162790697676)",3,95.54651162790675,31081
"(0.8953488372093024, 0.9651162790697676)",2,95.54651162790675,31083
"(0.8964285714285715, 0.9607142857142856)",1,95.54642857142868,31084
"(0.8392857142857143, 0.9571428571428572)",1,95.5464285714286,31085
"(0.9642857142857144, 0.9571428571428572)",3,95.54642857142858,31088
"(0.8285714285714286, 0.9571428571428572)",1,95.54642857142858,31089
"(0.8071428571428572, 0.9571428571428572)",1,95.54642857142856,31090
"(0.925, 0.9642857142857144)",1,95.54642857142854,31091
"(0.95, 0.9535714285714286)",1,95.54642857142842,31092
"(0.5831081081081081, 0.9719594594594596)",1,95.54628378378368,31093
"(0.855, 0.9575)",1,95.545,31094
"(0.955, 0.965)",1,95.54499999999996,31095
"(0.93, 0.96)",1,95.54499999999987,31096
"(0.793859649122807, 0.9649122807017544)",3,95.54385964912288,31099
"(0.5921052631578947, 0.9824561403508772)",3,95.54385964912288,31102
"(0.7719298245614035, 0.9780701754385964)",3,95.54385964912288,31105
"(0.8859649122807017, 0.9780701754385964)",1,95.54385964912284,31106
"(0.7456140350877193, 0.9605263157894736)",1,95.5438596491228,31107
"(0.8289473684210527, 0.956140350877193)",1,95.5438596491228,31108
"(0.8728070175438597, 0.9692982456140352)",3,95.54385964912278,31111
"(0.572972972972973, 0.9804054054054054)",4,95.5429054054054,31115
"(0.9535714285714286, 0.9607142857142856)",1,95.5428571428573,31116
"(0.9035714285714286, 0.9607142857142856)",3,95.5428571428573,31119
"(0.9571428571428572, 0.9607142857142856)",1,95.54285714285716,31120
"(0.9535714285714286, 0.9535714285714286)",5,95.54285714285712,31125
"(0.9035714285714286, 0.9571428571428572)",3,95.54285714285712,31128
"(0.9535714285714286, 0.95)",1,95.54285714285712,31129
"(0.9535714285714286, 0.9678571428571427)",1,95.54285714285712,31130
"(0.9428571428571428, 0.9535714285714286)",3,95.5428571428571,31133
"(0.7638888888888888, 0.9861111111111112)",1,95.54166666666688,31134
"(0.8472222222222222, 0.9722222222222222)",1,95.54166666666688,31135
"(0.6944444444444444, 0.9861111111111112)",1,95.54166666666686,31136
"(0.8472222222222222, 0.9722222222222222)",2,95.54166666666686,31138
"(0.8194444444444444, 0.9722222222222222)",2,95.54166666666684,31140
"(0.7083333333333334, 0.9861111111111112)",1,95.54166666666684,31141
"(0.8194444444444444, 0.9861111111111112)",1,95.54166666666684,31142
"(0.9027777777777778, 0.9722222222222222)",1,95.54166666666684,31143
"(0.9166666666666666, 0.9861111111111112)",1,95.54166666666684,31144
"(0.9166666666666666, 0.9861111111111112)",1,95.5416666666668,31145
"(0.8333333333333334, 0.9722222222222222)",1,95.5416666666668,31146
"(0.6944444444444444, 0.9722222222222222)",1,95.5416666666668,31147
"(0.8194444444444444, 0.9722222222222222)",2,95.5416666666668,31149
"(0.7083333333333334, 1.0)",2,95.54166666666669,31151
"(0.7777777777777778, 1.0)",2,95.54166666666669,31153
"(0.9027777777777778, 1.0)",1,95.54166666666669,31154
"(0.925, 0.9708333333333332)",1,95.54166666666664,31155
"(0.9916666666666668, 0.9916666666666668)",4,95.54166666666644,31159
"(0.915, 0.95)",1,95.54000000000003,31160
"(0.9275, 0.965)",1,95.54,31161
"(0.96, 0.96)",1,95.53999999999988,31162
"(0.8114035087719298, 0.9649122807017544)",1,95.5394736842106,31163
"(0.7894736842105263, 0.9736842105263158)",3,95.53947368421056,31166
"(0.8392857142857143, 0.9607142857142856)",4,95.53928571428592,31170
"(0.9285714285714286, 0.9714285714285714)",1,95.53928571428575,31171
"(0.9642857142857144, 0.9642857142857144)",4,95.53928571428574,31175
"(0.9392857142857144, 0.9571428571428572)",1,95.53928571428573,31176
"(0.9392857142857144, 0.9464285714285714)",2,95.53928571428573,31178
"(0.925, 0.9428571428571428)",1,95.53928571428573,31179
"(0.9464285714285714, 0.9607142857142856)",3,95.5392857142857,31182
"(0.8392857142857143, 0.9571428571428572)",3,95.5392857142857,31185
"(0.875, 0.9571428571428572)",1,95.5392857142857,31186
"(0.9392857142857144, 0.9571428571428572)",1,95.53928571428568,31187
"(0.925, 0.9571428571428572)",3,95.53928571428568,31190
"(0.8535714285714285, 0.95)",3,95.53928571428568,31193
"(0.9428571428571428, 0.9571428571428572)",1,95.53928571428558,31194
"(0.9464285714285714, 0.9642857142857144)",1,95.53928571428555,31195
"(0.9464285714285714, 0.9535714285714286)",1,95.5392857142855,31196
"(0.9464285714285714, 0.9535714285714286)",2,95.53928571428548,31198
"(0.9, 0.9375)",1,95.53750000000008,31199
"(0.9, 0.9625)",1,95.53750000000004,31200
"(0.9083333333333332, 0.9208333333333332)",1,95.5375,31201
"(0.95, 0.9625)",1,95.5375,31202
"(0.8225, 0.9575)",1,95.53749999999997,31203
"(0.6875, 0.975)",1,95.53749999999994,31204
"(0.9625, 0.955)",1,95.53749999999988,31205
"(0.8875, 0.975)",1,95.53749999999988,31206
"(0.9, 0.975)",1,95.53749999999984,31207
"(0.9125, 0.975)",4,95.53749999999984,31211
"(0.53, 0.98)",1,95.53625000000008,31212
"(0.9642857142857144, 0.9607142857142856)",1,95.53571428571432,31213
"(0.9642857142857144, 0.9678571428571427)",2,95.53571428571428,31215
"(0.95, 0.9571428571428572)",1,95.53571428571428,31216
"(0.9642857142857144, 0.9607142857142856)",3,95.53571428571423,31219
"(0.9285714285714286, 0.9571428571428572)",1,95.53571428571423,31220
"(0.9357142857142856, 0.9642857142857144)",1,95.53571428571422,31221
"(0.9321428571428572, 0.9571428571428572)",1,95.5357142857142,31222
"(0.9107142857142856, 0.95)",1,95.53571428571416,31223
"(0.5709459459459459, 0.9760135135135136)",1,95.53547297297293,31224
"(0.7280701754385965, 0.9780701754385964)",1,95.53508771929836,31225
"(0.8903508771929824, 0.9692982456140352)",1,95.5350877192983,31226
"(0.7236842105263158, 0.9649122807017544)",1,95.5350877192983,31227
"(0.793859649122807, 0.9692982456140352)",1,95.53508771929828,31228
"(0.7719298245614035, 0.9912280701754386)",1,95.53508771929826,31229
"(0.8991228070175439, 0.9649122807017544)",1,95.53508771929826,31230
"(0.9651162790697676, 0.9767441860465116)",2,95.53488372093042,31232
"(0.8837209302325582, 0.9883720930232558)",2,95.53488372093038,31234
"(0.6976744186046512, 0.9767441860465116)",4,95.53488372093038,31238
"(0.872093023255814, 0.9651162790697676)",1,95.5348837209303,31239
"(0.8604651162790697, 0.9651162790697676)",1,95.5348837209302,31240
"(0.7093023255813954, 0.9767441860465116)",1,95.53488372093018,31241
"(0.6744186046511628, 0.9534883720930232)",2,95.53488372093018,31243
"(0.813953488372093, 0.9534883720930232)",1,95.53488372093015,31244
"(0.7790697674418605, 0.9767441860465116)",1,95.53488372093015,31245
"(0.8372093023255814, 0.9651162790697676)",1,95.53488372093015,31246
"(0.872093023255814, 0.9651162790697676)",1,95.5348837209301,31247
"(0.872093023255814, 0.9651162790697676)",2,95.53488372093008,31249
"(0.7441860465116279, 0.9651162790697676)",1,95.53488372093008,31250
"(0.813953488372093, 0.9651162790697676)",2,95.53488372093008,31252
"(0.9069767441860463, 0.9534883720930232)",1,95.53488372093004,31253
"(0.872093023255814, 0.9651162790697676)",2,95.53488372093004,31255
"(0.8372093023255814, 0.9651162790697676)",4,95.53488372093004,31259
"(0.8837209302325582, 0.9651162790697676)",1,95.53488372093,31260
"(0.8953488372093024, 0.9651162790697676)",1,95.53488372093,31261
"(0.7906976744186046, 0.9651162790697676)",1,95.53488372093,31262
"(0.9302325581395348, 0.9651162790697676)",1,95.53488372093,31263
"(0.5226351351351352, 0.9736486486486486)",1,95.53445945945944,31264
"(0.8666666666666667, 0.9833333333333332)",1,95.53333333333342,31265
"(0.8666666666666667, 0.9833333333333332)",1,95.5333333333334,31266
"(0.9666666666666668, 1.0)",1,95.53333333333336,31267
"(0.9666666666666668, 1.0)",1,95.53333333333332,31268
"(1.0, 1.0)",1,95.53333333333332,31269
"(0.8791666666666667, 0.9833333333333332)",1,95.53333333333332,31270
"(0.8225, 0.9625)",1,95.53249999999991,31271
"(0.935, 0.9575)",1,95.53249999999986,31272
"(0.8535714285714285, 0.9607142857142856)",1,95.53214285714296,31273
"(0.9178571428571428, 0.9571428571428572)",2,95.53214285714289,31275
"(0.8678571428571429, 0.9571428571428572)",1,95.53214285714289,31276
"(0.9642857142857144, 0.9642857142857144)",1,95.53214285714289,31277
"(0.95, 0.9607142857142856)",1,95.53214285714289,31278
"(0.8071428571428572, 0.9535714285714286)",1,95.53214285714289,31279
"(0.9535714285714286, 0.9571428571428572)",3,95.53214285714286,31282
"(0.9642857142857144, 0.9678571428571427)",1,95.53214285714284,31283
"(0.8857142857142857, 0.9607142857142856)",3,95.53214285714282,31286
"(0.9535714285714286, 0.9678571428571427)",1,95.53214285714282,31287
"(0.9035714285714286, 0.9678571428571427)",1,95.53214285714282,31288
"(0.9464285714285714, 0.9607142857142856)",1,95.53214285714276,31289
"(0.9678571428571427, 0.975)",1,95.53214285714276,31290
"(0.8964285714285715, 0.9607142857142856)",1,95.53214285714276,31291
"(0.5358108108108108, 0.966554054054054)",1,95.53209459459448,31292
"(0.9342105263157896, 0.9780701754385964)",3,95.53070175438611,31295
"(0.8245614035087719, 0.9780701754385964)",1,95.53070175438609,31296
"(0.868421052631579, 0.9692982456140352)",1,95.53070175438604,31297
"(0.8289473684210527, 0.9692982456140352)",1,95.530701754386,31298
"(0.9575, 0.9625)",1,95.53000000000011,31299
"(0.85, 0.9575)",1,95.52999999999994,31300
"(0.9791666666666666, 0.9958333333333332)",4,95.52916666666655,31304
"(0.7655405405405405, 0.9760135135135136)",2,95.5290540540541,31306
"(0.925, 0.9607142857142856)",1,95.52857142857148,31307
"(0.9392857142857144, 0.9571428571428572)",1,95.52857142857148,31308
"(0.875, 0.9607142857142856)",2,95.52857142857142,31310
"(0.9071428571428573, 0.9535714285714286)",3,95.52857142857142,31313
"(0.9535714285714286, 0.9714285714285714)",1,95.5285714285714,31314
"(0.9642857142857144, 0.9607142857142856)",3,95.52857142857138,31317
"(0.95, 0.9571428571428572)",1,95.52857142857138,31318
"(0.9428571428571428, 0.9571428571428572)",1,95.52857142857135,31319
"(0.9571428571428572, 0.9678571428571427)",6,95.52857142857134,31325
"(0.9, 0.9535714285714286)",2,95.52857142857134,31327
"(0.9392857142857144, 0.9535714285714286)",1,95.52857142857133,31328
"(0.9027777777777778, 0.9861111111111112)",1,95.527777777778,31329
"(0.7777777777777778, 0.9861111111111112)",1,95.52777777777796,31330
"(0.7916666666666666, 0.9861111111111112)",1,95.52777777777796,31331
"(0.8888888888888888, 0.9861111111111112)",2,95.52777777777794,31333
"(0.7916666666666666, 0.9861111111111112)",1,95.52777777777794,31334
"(0.9166666666666666, 0.9722222222222222)",1,95.52777777777794,31335
"(0.8611111111111112, 0.9722222222222222)",1,95.52777777777794,31336
"(0.5972222222222222, 0.9861111111111112)",1,95.52777777777791,31337
"(0.7638888888888888, 0.9861111111111112)",2,95.52777777777791,31339
"(0.9444444444444444, 0.9861111111111112)",1,95.52777777777791,31340
"(0.8888888888888888, 0.9722222222222222)",1,95.52777777777791,31341
"(0.8611111111111112, 0.9722222222222222)",2,95.52777777777791,31343
"(0.7916666666666666, 0.9722222222222222)",1,95.52777777777791,31344
"(0.7222222222222222, 0.9722222222222222)",2,95.52777777777791,31346
"(0.5, 0.9861111111111112)",1,95.52777777777791,31347
"(0.8194444444444444, 0.9861111111111112)",1,95.52777777777789,31348
"(0.8194444444444444, 0.9722222222222222)",1,95.52777777777789,31349
"(0.7638888888888888, 0.9861111111111112)",1,95.52777777777789,31350
"(0.8194444444444444, 0.9861111111111112)",1,95.52777777777789,31351
"(0.7777777777777778, 0.9861111111111112)",2,95.52777777777789,31353
"(0.8333333333333334, 1.0)",1,95.52777777777784,31354
"(0.9305555555555556, 1.0)",1,95.5277777777778,31355
"(0.529054054054054, 0.9746621621621622)",1,95.52736486486486,31356
"(0.9210526315789472, 0.9780701754385964)",4,95.52631578947384,31360
"(0.8026315789473685, 0.9692982456140352)",3,95.52631578947374,31363
"(0.8245614035087719, 0.9649122807017544)",1,95.52631578947371,31364
"(0.8596491228070176, 0.9649122807017544)",3,95.52631578947371,31367
"(0.8596491228070176, 0.956140350877193)",2,95.52631578947371,31369
"(0.8070175438596491, 0.9736842105263158)",1,95.5263157894737,31370
"(0.9285714285714286, 0.9464285714285714)",1,95.52500000000006,31371
"(0.5996621621621622, 0.9739864864864864)",1,95.52500000000003,31372
"(0.7875, 0.975)",1,95.52500000000003,31373
"(0.8607142857142858, 0.9571428571428572)",1,95.52500000000003,31374
"(0.8791666666666667, 0.9833333333333332)",1,95.52500000000002,31375
"(0.925, 0.975)",1,95.525,31376
"(0.67625, 0.97625)",1,95.52499999999996,31377
"(0.9625, 0.9625)",1,95.52499999999996,31378
"(0.9178571428571428, 0.9571428571428572)",1,95.52499999999996,31379
"(0.9535714285714286, 0.9642857142857144)",1,95.52499999999996,31380
"(0.9, 0.975)",2,95.52499999999996,31382
"(0.8625, 0.9833333333333332)",1,95.52499999999996,31383
"(0.9035714285714286, 0.9571428571428572)",1,95.52499999999992,31384
"(0.9392857142857144, 0.9571428571428572)",1,95.5249999999999,31385
"(0.9535714285714286, 0.9535714285714286)",1,95.52499999999978,31386
"(0.5027027027027027, 0.9726351351351352)",1,95.5239864864865,31387
"(0.5631756756756757, 0.9773648648648648)",1,95.52331081081084,31388
"(0.7209302325581395, 0.9767441860465116)",1,95.52325581395353,31389
"(0.7209302325581395, 0.9651162790697676)",2,95.5232558139535,31391
"(0.8604651162790697, 0.9767441860465116)",1,95.52325581395348,31392
"(0.5697674418604651, 0.9534883720930232)",1,95.52325581395344,31393
"(0.7790697674418605, 0.9651162790697676)",1,95.52325581395344,31394
"(0.813953488372093, 0.9651162790697676)",1,95.52325581395344,31395
"(0.9186046511627908, 0.9534883720930232)",1,95.52325581395338,31396
"(0.7325581395348837, 0.9534883720930232)",1,95.52325581395336,31397
"(0.7325581395348837, 0.9651162790697676)",2,95.52325581395333,31399
"(0.813953488372093, 0.9651162790697676)",1,95.52325581395333,31400
"(0.872093023255814, 0.9651162790697676)",1,95.52325581395333,31401
"(0.872093023255814, 0.9651162790697676)",1,95.52325581395333,31402
"(0.8023255813953488, 0.9651162790697676)",1,95.5232558139533,31403
"(0.8372093023255814, 0.9651162790697676)",1,95.5232558139533,31404
"(0.872093023255814, 0.9651162790697676)",1,95.52325581395328,31405
"(0.813953488372093, 0.9651162790697676)",1,95.52325581395328,31406
"(0.813953488372093, 0.9767441860465116)",1,95.52325581395328,31407
"(0.8023255813953488, 0.9651162790697676)",1,95.52325581395326,31408
"(0.8552631578947368, 0.9649122807017544)",3,95.52192982456148,31411
"(0.8859649122807017, 0.9649122807017544)",3,95.52192982456144,31414
"(0.8245614035087719, 0.9780701754385964)",1,95.52192982456144,31415
"(0.9464285714285714, 0.9678571428571427)",1,95.52142857142856,31416
"(0.95, 0.9607142857142856)",1,95.52142857142856,31417
"(0.9428571428571428, 0.9607142857142856)",1,95.52142857142852,31418
"(0.8392857142857143, 0.9642857142857144)",3,95.52142857142852,31421
"(0.9428571428571428, 0.9607142857142856)",1,95.5214285714285,31422
"(0.8857142857142857, 0.9607142857142856)",1,95.5214285714285,31423
"(0.9, 0.9535714285714286)",1,95.52142857142849,31424
"(0.9357142857142856, 0.9571428571428572)",1,95.52142857142846,31425
"(0.9327702702702704, 0.9655405405405404)",1,95.52128378378376,31426
"(0.47875, 0.985)",1,95.52125,31427
"(0.9166666666666666, 0.9958333333333332)",1,95.52083333333336,31428
"(0.925, 0.975)",1,95.5208333333333,31429
"(0.96, 0.955)",1,95.51999999999988,31430
"(0.7483108108108109, 0.9712837837837838)",1,95.51959459459466,31431
"(0.8571428571428571, 0.9571428571428572)",1,95.51785714285732,31432
"(0.8857142857142857, 0.9607142857142856)",1,95.51785714285724,31433
"(0.9571428571428572, 0.9678571428571427)",1,95.51785714285715,31434
"(0.9464285714285714, 0.9607142857142856)",1,95.51785714285715,31435
"(0.8392857142857143, 0.9571428571428572)",1,95.5178571428571,31436
"(0.9392857142857144, 0.9571428571428572)",2,95.5178571428571,31438
"(0.9428571428571428, 0.9571428571428572)",1,95.51785714285704,31439
"(0.9535714285714286, 0.9464285714285714)",1,95.51785714285704,31440
"(0.9571428571428572, 0.9535714285714286)",1,95.517857142857,31441
"(0.5411764705882353, 0.9529411764705882)",1,95.51764705882344,31442
"(0.8947368421052632, 0.9692982456140352)",3,95.5175438596492,31445
"(0.7675438596491229, 0.9692982456140352)",8,95.5175438596492,31453
"(0.7456140350877193, 0.9824561403508772)",1,95.51754385964914,31454
"(0.8245614035087719, 0.9649122807017544)",1,95.51754385964912,31455
"(0.83, 0.9625)",1,95.51750000000015,31456
"(0.9375, 0.96)",1,95.51749999999984,31457
"(0.8666666666666667, 0.9833333333333332)",2,95.51666666666674,31459
"(0.8166666666666667, 1.0)",1,95.51666666666672,31460
"(0.9, 0.9833333333333332)",1,95.5166666666667,31461
"(0.9666666666666668, 1.0)",1,95.5166666666667,31462
"(0.85, 1.0)",1,95.51666666666668,31463
"(0.9625, 0.9958333333333332)",1,95.51666666666668,31464
"(0.9166666666666666, 0.9875)",1,95.51666666666668,31465
"(0.8166666666666667, 1.0)",1,95.51666666666668,31466
"(0.825, 0.9791666666666666)",1,95.51666666666658,31467
"(0.5331081081081082, 0.9733108108108108)",1,95.51655405405413,31468
"(0.9327702702702704, 0.9726351351351352)",2,95.51587837837846,31470
"(0.895, 0.955)",1,95.51499999999994,31471
"(0.955, 0.965)",1,95.51499999999992,31472
"(0.855, 0.9575)",1,95.51499999999992,31473
"(0.8607142857142858, 0.9607142857142856)",1,95.51428571428592,31474
"(0.8178571428571428, 0.9607142857142856)",1,95.51428571428588,31475
"(0.9428571428571428, 0.9714285714285714)",1,95.51428571428568,31476
"(0.8821428571428571, 0.9607142857142856)",1,95.51428571428566,31477
"(0.8892857142857142, 0.9714285714285714)",1,95.51428571428563,31478
"(0.825, 0.9571428571428572)",1,95.51428571428563,31479
"(0.875, 0.9642857142857144)",1,95.51428571428558,31480
"(0.9357142857142856, 0.9535714285714286)",1,95.51428571428556,31481
"(0.7638888888888888, 0.9722222222222222)",1,95.51388888888908,31482
"(0.9305555555555556, 0.9861111111111112)",1,95.51388888888908,31483
"(0.75, 0.9861111111111112)",2,95.51388888888906,31485
"(0.9861111111111112, 0.9722222222222222)",1,95.51388888888906,31486
"(0.8194444444444444, 0.9861111111111112)",1,95.51388888888904,31487
"(0.8055555555555556, 0.9861111111111112)",2,95.51388888888904,31489
"(0.7638888888888888, 0.9861111111111112)",1,95.51388888888904,31490
"(0.8333333333333334, 0.9861111111111112)",1,95.513888888889,31491
"(0.8194444444444444, 1.0)",1,95.513888888889,31492
"(0.8472222222222222, 0.9722222222222222)",3,95.513888888889,31495
"(0.8472222222222222, 0.9861111111111112)",1,95.513888888889,31496
"(0.9444444444444444, 0.9722222222222222)",1,95.5138888888888,31497
"(0.5027027027027027, 0.9722972972972972)",1,95.51351351351347,31498
"(0.8947368421052632, 0.9605263157894736)",1,95.5131578947369,31499
"(0.8728070175438597, 0.9912280701754386)",1,95.51315789473688,31500
"(0.8157894736842105, 0.9736842105263158)",1,95.5131578947368,31501
"(0.7875, 0.975)",1,95.5125,31502
"(0.85, 0.975)",2,95.5125,31504
"(0.9875, 0.9791666666666666)",1,95.5125,31505
"(0.925, 0.975)",1,95.5125,31506
"(0.825, 0.975)",1,95.51249999999992,31507
"(0.5116279069767442, 0.9767441860465116)",1,95.5116279069768,31508
"(0.6511627906976745, 0.9767441860465116)",2,95.5116279069768,31510
"(0.8837209302325582, 0.9767441860465116)",1,95.51162790697671,31511
"(0.6744186046511628, 0.9534883720930232)",1,95.51162790697671,31512
"(0.5232558139534884, 0.9651162790697676)",2,95.5116279069767,31514
"(0.872093023255814, 0.9534883720930232)",2,95.5116279069767,31516
"(0.6744186046511628, 0.9534883720930232)",1,95.51162790697668,31517
"(0.872093023255814, 0.9767441860465116)",1,95.51162790697668,31518
"(0.8372093023255814, 0.9651162790697676)",1,95.51162790697668,31519
"(0.627906976744186, 0.9651162790697676)",1,95.51162790697668,31520
"(0.5232558139534884, 0.9534883720930232)",1,95.51162790697664,31521
"(0.872093023255814, 0.9651162790697676)",2,95.5116279069766,31523
"(0.8372093023255814, 0.9534883720930232)",1,95.5116279069766,31524
"(0.7906976744186046, 0.9651162790697676)",1,95.5116279069766,31525
"(0.8023255813953488, 0.9651162790697676)",1,95.51162790697656,31526
"(0.872093023255814, 0.9651162790697676)",1,95.51162790697656,31527
"(0.8837209302325582, 0.9651162790697676)",1,95.51162790697651,31528
"(0.8255813953488372, 0.9767441860465116)",1,95.51162790697651,31529
"(0.872093023255814, 0.9651162790697676)",1,95.5116279069765,31530
"(0.85, 0.9535714285714286)",1,95.51071428571431,31531
"(0.9535714285714286, 0.9607142857142856)",1,95.51071428571429,31532
"(0.8392857142857143, 0.9642857142857144)",1,95.51071428571429,31533
"(0.8392857142857143, 0.9535714285714286)",1,95.51071428571426,31534
"(0.8607142857142858, 0.9571428571428572)",3,95.51071428571424,31537
"(0.9535714285714286, 0.9464285714285714)",1,95.51071428571424,31538
"(0.9678571428571427, 0.9785714285714284)",1,95.51071428571424,31539
"(0.95, 0.9714285714285714)",2,95.51071428571424,31541
"(0.9392857142857144, 0.9464285714285714)",2,95.51071428571422,31543
"(0.9678571428571427, 0.9678571428571427)",1,95.51071428571422,31544
"(0.9214285714285714, 0.9571428571428572)",1,95.51071428571422,31545
"(0.915, 0.93)",1,95.50999999999992,31546
"(0.9475, 0.9575)",1,95.5099999999999,31547
"(0.8245614035087719, 0.9605263157894736)",2,95.50877192982465,31549
"(0.8377192982456141, 0.9780701754385964)",3,95.50877192982462,31552
"(0.8201754385964912, 0.9605263157894736)",2,95.5087719298246,31554
"(0.8725, 0.9575)",1,95.50749999999988,31555
"(0.8571428571428571, 0.9571428571428572)",1,95.50714285714288,31556
"(0.9285714285714286, 0.9714285714285714)",1,95.50714285714288,31557
"(0.9178571428571428, 0.9607142857142856)",1,95.50714285714284,31558
"(0.95, 0.9535714285714286)",1,95.50714285714284,31559
"(0.875, 0.9571428571428572)",1,95.50714285714284,31560
"(0.9571428571428572, 0.9642857142857144)",1,95.50714285714282,31561
"(0.9571428571428572, 0.9678571428571427)",1,95.5071428571428,31562
"(0.9321428571428572, 0.9607142857142856)",1,95.5071428571428,31563
"(0.9225, 0.955)",1,95.50499999999998,31564
"(0.8175, 0.9575)",1,95.50499999999994,31565
"(0.9225, 0.96)",1,95.50499999999988,31566
"(0.6096491228070176, 0.9780701754385964)",1,95.50438596491234,31567
"(0.8114035087719298, 0.9780701754385964)",3,95.50438596491234,31570
"(0.8640350877192983, 0.9692982456140352)",1,95.50438596491234,31571
"(0.9, 0.9571428571428572)",1,95.50357142857143,31572
"(0.95, 0.9642857142857144)",3,95.50357142857143,31575
"(0.7392857142857143, 0.9714285714285714)",1,95.5035714285714,31576
"(0.9214285714285714, 0.9714285714285714)",1,95.50357142857136,31577
"(0.9178571428571428, 0.95)",1,95.50357142857136,31578
"(0.77, 0.9625)",1,95.50250000000018,31579
"(0.935, 0.96)",1,95.50249999999996,31580
"(0.85, 0.9575)",1,95.50249999999993,31581
"(0.8888888888888888, 0.9722222222222222)",1,95.5000000000002,31582
"(0.5555555555555556, 0.9861111111111112)",2,95.50000000000016,31584
"(0.6944444444444444, 0.9722222222222222)",1,95.50000000000016,31585
"(0.8611111111111112, 0.9861111111111112)",1,95.50000000000016,31586
"(0.8194444444444444, 0.9861111111111112)",1,95.50000000000016,31587
"(0.875, 0.9861111111111112)",1,95.50000000000016,31588
"(0.8255813953488372, 0.9767441860465116)",1,95.50000000000014,31589
"(0.7222222222222222, 0.9722222222222222)",1,95.50000000000014,31590
"(0.5972222222222222, 0.9861111111111112)",2,95.50000000000011,31592
"(0.9027777777777778, 0.9861111111111112)",1,95.50000000000011,31593
"(0.9392857142857144, 0.9642857142857144)",1,95.5000000000001,31594
"(0.627906976744186, 1.0)",1,95.5000000000001,31595
"(0.8333333333333334, 0.9861111111111112)",1,95.5000000000001,31596
"(0.9166666666666666, 0.9833333333333332)",1,95.5000000000001,31597
"(0.8947368421052632, 0.9736842105263158)",1,95.50000000000009,31598
"(0.7894736842105263, 0.9780701754385964)",1,95.50000000000009,31599
"(0.5930232558139535, 0.9883720930232558)",1,95.50000000000009,31600
"(0.8333333333333334, 0.9722222222222222)",1,95.50000000000006,31601
"(0.625, 0.9861111111111112)",1,95.50000000000006,31602
"(0.8604651162790697, 0.9767441860465116)",1,95.50000000000006,31603
"(0.8464912280701754, 0.9692982456140352)",1,95.50000000000004,31604
"(0.8166666666666667, 1.0)",1,95.50000000000004,31605
"(0.8488372093023255, 0.9883720930232558)",2,95.50000000000004,31607
"(0.85, 0.9833333333333332)",1,95.50000000000004,31608
"(0.7790697674418605, 0.9767441860465116)",1,95.50000000000004,31609
"(0.8991228070175439, 0.9605263157894736)",1,95.50000000000004,31610
"(0.95, 1.0)",1,95.5,31611
"(0.85, 0.975)",1,95.5,31612
"(0.7666666666666667, 1.0)",1,95.5,31613
"(0.7790697674418605, 0.9767441860465116)",1,95.5,31614
"(0.85, 1.0)",1,95.5,31615
"(0.9666666666666668, 1.0)",2,95.5,31617
"(0.9071428571428573, 0.9535714285714286)",1,95.5,31618
"(0.881578947368421, 0.9692982456140352)",1,95.5,31619
"(0.8833333333333333, 1.0)",1,95.5,31620
"(0.925, 0.975)",1,95.5,31621
"(0.9285714285714286, 0.9642857142857144)",1,95.5,31622
"(0.6976744186046512, 0.9767441860465116)",1,95.5,31623
"(0.6046511627906976, 0.9767441860465116)",1,95.49999999999996,31624
"(0.975, 0.9791666666666666)",1,95.49999999999996,31625
"(0.8928571428571429, 0.95)",1,95.49999999999996,31626
"(0.8535714285714285, 0.9535714285714286)",1,95.49999999999996,31627
"(0.6976744186046512, 0.9534883720930232)",2,95.49999999999994,31629
"(0.825, 0.975)",1,95.49999999999991,31630
"(0.8833333333333333, 1.0)",1,95.49999999999991,31631
"(0.872093023255814, 0.9651162790697676)",1,95.49999999999991,31632
"(0.5930232558139535, 0.9651162790697676)",1,95.49999999999991,31633
"(0.5116279069767442, 0.9767441860465116)",1,95.49999999999991,31634
"(0.95, 0.95)",1,95.49999999999991,31635
"(0.85, 0.975)",2,95.49999999999991,31637
"(0.9861111111111112, 0.9722222222222222)",1,95.49999999999989,31638
"(0.8604651162790697, 0.9651162790697676)",1,95.49999999999989,31639
"(0.775, 0.975)",1,95.49999999999984,31640
"(0.915, 0.96)",1,95.49999999999984,31641
"(0.8372093023255814, 0.9651162790697676)",1,95.49999999999984,31642
"(0.7441860465116279, 0.9651162790697676)",1,95.49999999999984,31643
"(0.7906976744186046, 0.9651162790697676)",1,95.49999999999984,31644
"(0.7674418604651163, 0.9651162790697676)",1,95.49999999999984,31645
"(0.8372093023255814, 0.9651162790697676)",1,95.49999999999984,31646
"(0.7441860465116279, 0.9651162790697676)",1,95.49999999999982,31647
"(0.8604651162790697, 0.9651162790697676)",1,95.49999999999982,31648
"(0.872093023255814, 0.9651162790697676)",1,95.49999999999976,31649
"(0.7441860465116279, 0.9651162790697676)",1,95.49999999999976,31650
"(0.547972972972973, 0.9743243243243244)",1,95.4976351351352,31651
"(0.6662162162162162, 0.9736486486486486)",1,95.49729729729734,31652
"(0.8392857142857143, 0.9607142857142856)",4,95.49642857142877,31656
"(0.95, 0.9607142857142856)",1,95.4964285714286,31657
"(0.9035714285714286, 0.9678571428571427)",1,95.49642857142857,31658
"(0.8892857142857142, 0.9464285714285714)",1,95.49642857142854,31659
"(0.9428571428571428, 0.9607142857142856)",1,95.49642857142854,31660
"(0.95, 0.9678571428571427)",2,95.49642857142854,31662
"(0.9464285714285714, 0.9571428571428572)",3,95.49642857142854,31665
"(0.9321428571428572, 0.9678571428571427)",1,95.49642857142852,31666
"(0.9321428571428572, 0.9571428571428572)",1,95.4964285714285,31667
"(0.7412280701754386, 0.9780701754385964)",1,95.49561403508778,31668
"(0.8903508771929824, 0.9605263157894736)",2,95.49561403508778,31670
"(0.8947368421052632, 0.9692982456140352)",1,95.49561403508778,31671
"(0.8421052631578947, 0.9736842105263158)",3,95.49561403508773,31674
"(0.9647058823529412, 0.9529411764705882)",1,95.49411764705864,31675
"(0.8571428571428571, 0.9607142857142856)",4,95.49285714285728,31679
"(0.8392857142857143, 0.9607142857142856)",3,95.49285714285716,31682
"(0.9285714285714286, 0.9571428571428572)",1,95.49285714285716,31683
"(0.9607142857142856, 0.9428571428571428)",1,95.49285714285716,31684
"(0.9178571428571428, 0.9678571428571427)",1,95.49285714285712,31685
"(0.875, 0.9607142857142856)",1,95.4928571428571,31686
"(0.9714285714285714, 0.9571428571428572)",1,95.49285714285708,31687
"(0.8857142857142857, 0.9607142857142856)",1,95.49285714285703,31688
"(0.53625, 0.98375)",1,95.49250000000008,31689
"(0.96, 0.94)",1,95.49250000000004,31690
"(0.46125, 0.98625)",1,95.49249999999992,31691
"(0.855, 0.9575)",1,95.4924999999999,31692
"(0.868421052631579, 0.986842105263158)",1,95.49122807017552,31693
"(0.7763157894736842, 0.9605263157894736)",3,95.49122807017552,31696
"(0.7807017543859649, 0.9780701754385964)",1,95.49122807017552,31697
"(0.8333333333333334, 0.9824561403508772)",1,95.49122807017548,31698
"(0.8640350877192983, 0.9649122807017544)",1,95.49122807017548,31699
"(0.8157894736842105, 0.9605263157894736)",1,95.49122807017548,31700
"(0.8775, 0.9625)",2,95.49,31702
"(0.8857142857142857, 0.9571428571428572)",1,95.48928571428571,31703
"(0.8392857142857143, 0.9607142857142856)",1,95.48928571428571,31704
"(0.875, 0.9607142857142856)",3,95.4892857142857,31707
"(0.9178571428571428, 0.9571428571428572)",6,95.48928571428569,31713
"(0.95, 0.9464285714285714)",1,95.48928571428569,31714
"(0.9571428571428572, 0.9642857142857144)",1,95.48928571428569,31715
"(0.9571428571428572, 0.9607142857142856)",1,95.48928571428569,31716
"(0.8964285714285715, 0.9571428571428572)",1,95.48928571428564,31717
"(0.9678571428571427, 0.9535714285714286)",1,95.48928571428551,31718
"(0.8372093023255814, 0.9767441860465116)",1,95.48837209302336,31719
"(0.6162790697674418, 0.9767441860465116)",1,95.48837209302336,31720
"(0.8255813953488372, 0.9767441860465116)",1,95.48837209302336,31721
"(0.9534883720930232, 1.0)",1,95.4883720930233,31722
"(0.8372093023255814, 0.9651162790697676)",1,95.48837209302324,31723
"(0.5813953488372093, 0.9767441860465116)",1,95.48837209302324,31724
"(0.8372093023255814, 0.9651162790697676)",1,95.48837209302316,31725
"(0.5465116279069767, 0.9767441860465116)",1,95.48837209302316,31726
"(0.8953488372093024, 0.9534883720930232)",1,95.48837209302316,31727
"(0.6744186046511628, 0.9651162790697676)",1,95.48837209302314,31728
"(0.8023255813953488, 0.9651162790697676)",1,95.4883720930231,31729
"(0.8837209302325582, 0.9534883720930232)",1,95.4883720930231,31730
"(0.7441860465116279, 0.9651162790697676)",1,95.48837209302307,31731
"(0.8604651162790697, 0.9651162790697676)",1,95.48837209302307,31732
"(0.8023255813953488, 0.9651162790697676)",1,95.48837209302307,31733
"(0.8488372093023255, 0.9651162790697676)",1,95.48837209302307,31734
"(0.8604651162790697, 0.9651162790697676)",1,95.48837209302307,31735
"(0.872093023255814, 0.9651162790697676)",1,95.48837209302306,31736
"(0.813953488372093, 0.9651162790697676)",1,95.48837209302306,31737
"(0.7325581395348837, 0.9651162790697676)",1,95.48837209302305,31738
"(0.8023255813953488, 0.9651162790697676)",1,95.48837209302305,31739
"(0.872093023255814, 0.9651162790697676)",1,95.48837209302302,31740
"(0.825, 0.9625)",1,95.48750000000014,31741
"(0.9125, 0.95)",1,95.4875000000001,31742
"(0.96, 0.945)",1,95.48750000000004,31743
"(0.7875, 0.975)",2,95.4875,31745
"(0.9541666666666668, 0.9875)",1,95.4875,31746
"(0.9, 0.975)",1,95.48749999999998,31747
"(0.8375, 0.975)",2,95.48749999999994,31749
"(0.8625, 0.9875)",2,95.48749999999993,31751
"(0.9833333333333332, 0.9625)",1,95.48749999999993,31752
"(0.6875, 0.975)",1,95.48749999999993,31753
"(0.925, 0.975)",1,95.48749999999988,31754
"(0.9, 0.975)",1,95.48749999999976,31755
"(0.9078947368421052, 0.9736842105263158)",3,95.48684210526332,31758
"(0.9166666666666666, 0.9692982456140352)",4,95.48684210526328,31762
"(0.7149122807017544, 0.9649122807017544)",1,95.48684210526322,31763
"(0.8421052631578947, 0.9649122807017544)",1,95.4868421052632,31764
"(0.706140350877193, 0.9692982456140352)",1,95.4868421052632,31765
"(0.8377192982456141, 0.9649122807017544)",2,95.4868421052632,31767
"(0.912280701754386, 0.9605263157894736)",1,95.48684210526318,31768
"(0.912280701754386, 0.9736842105263158)",2,95.48684210526318,31770
"(0.8289473684210527, 0.9692982456140352)",1,95.48684210526316,31771
"(0.8412162162162162, 0.9780405405405406)",2,95.48682432432436,31773
"(0.8194444444444444, 0.9861111111111112)",2,95.4861111111113,31775
"(0.5972222222222222, 0.9861111111111112)",1,95.4861111111113,31776
"(0.8888888888888888, 0.9861111111111112)",2,95.48611111111128,31778
"(0.8472222222222222, 0.9722222222222222)",1,95.48611111111128,31779
"(0.7916666666666666, 0.9861111111111112)",1,95.48611111111128,31780
"(0.8472222222222222, 0.9722222222222222)",1,95.48611111111126,31781
"(0.875, 0.9722222222222222)",1,95.48611111111126,31782
"(0.8055555555555556, 0.9861111111111112)",1,95.48611111111126,31783
"(0.9305555555555556, 0.9722222222222222)",1,95.48611111111124,31784
"(0.8888888888888888, 0.9722222222222222)",1,95.48611111111124,31785
"(0.9166666666666666, 0.9861111111111112)",2,95.48611111111124,31787
"(0.7222222222222222, 0.9722222222222222)",1,95.4861111111112,31788
"(0.8472222222222222, 0.9722222222222222)",2,95.4861111111112,31790
"(0.7083333333333334, 1.0)",1,95.4861111111112,31791
"(0.7638888888888888, 0.9722222222222222)",1,95.48611111111116,31792
"(0.8888888888888888, 1.0)",2,95.48611111111114,31794
"(0.9444444444444444, 1.0)",1,95.48611111111114,31795
"(0.8472222222222222, 0.9722222222222222)",1,95.48611111111111,31796
"(0.8611111111111112, 1.0)",2,95.48611111111111,31798
"(0.9305555555555556, 1.0)",2,95.48611111111111,31800
"(0.9444444444444444, 0.9861111111111112)",1,95.486111111111,31801
"(0.8892857142857142, 0.9642857142857144)",1,95.48571428571428,31802
"(0.9642857142857144, 0.9607142857142856)",1,95.48571428571428,31803
"(0.9071428571428573, 0.9571428571428572)",1,95.48571428571428,31804
"(0.9321428571428572, 0.9607142857142856)",1,95.48571428571428,31805
"(0.9, 0.9571428571428572)",1,95.48571428571424,31806
"(0.9178571428571428, 0.9714285714285714)",1,95.48571428571424,31807
"(0.9285714285714286, 0.9678571428571427)",1,95.48571428571424,31808
"(0.9142857142857144, 0.9535714285714286)",1,95.48571428571422,31809
"(0.9392857142857144, 0.9642857142857144)",1,95.4857142857142,31810
"(0.935, 0.9575)",1,95.485,31811
"(0.8025, 0.96)",1,95.4849999999999,31812
"(0.8333333333333334, 0.9666666666666668)",1,95.48333333333343,31813
"(0.9666666666666668, 0.9833333333333332)",1,95.4833333333334,31814
"(0.7333333333333333, 1.0)",1,95.4833333333334,31815
"(0.8833333333333333, 0.9833333333333332)",1,95.4833333333334,31816
"(0.85, 1.0)",1,95.4833333333334,31817
"(0.7333333333333333, 0.9833333333333332)",1,95.48333333333338,31818
"(0.9166666666666666, 1.0)",1,95.48333333333336,31819
"(0.9541666666666668, 0.9666666666666668)",1,95.48333333333336,31820
"(0.8333333333333334, 1.0)",1,95.48333333333336,31821
"(0.8833333333333333, 1.0)",1,95.48333333333336,31822
"(0.7666666666666667, 1.0)",1,95.48333333333332,31823
"(0.9625, 0.9833333333333332)",1,95.48333333333332,31824
"(0.85, 1.0)",1,95.48333333333332,31825
"(0.8666666666666667, 1.0)",1,95.48333333333332,31826
"(1.0, 1.0)",3,95.48333333333332,31829
"(0.9833333333333332, 1.0)",1,95.48333333333332,31830
"(0.9166666666666666, 0.975)",1,95.48333333333332,31831
"(0.9225, 0.9625)",1,95.4825000000001,31832
"(0.9375, 0.9625)",1,95.4825000000001,31833
"(0.805, 0.96)",1,95.48249999999985,31834
"(0.8625, 0.96)",1,95.48249999999985,31835
"(0.7280701754385965, 0.9824561403508772)",1,95.48245614035092,31836
"(0.8464912280701754, 0.9649122807017544)",1,95.48245614035092,31837
"(0.9429824561403508, 0.9780701754385964)",1,95.4824561403509,31838
"(0.6885964912280702, 0.9824561403508772)",3,95.4824561403509,31841
"(0.9357142857142856, 0.9607142857142856)",3,95.48214285714302,31844
"(0.9464285714285714, 0.9535714285714286)",1,95.48214285714292,31845
"(0.9607142857142856, 0.9607142857142856)",1,95.48214285714286,31846
"(0.9214285714285714, 0.9714285714285714)",2,95.48214285714285,31848
"(0.875, 0.9571428571428572)",1,95.48214285714282,31849
"(0.9642857142857144, 0.9642857142857144)",1,95.4821428571428,31850
"(0.9107142857142856, 0.9642857142857144)",1,95.48214285714278,31851
"(0.9535714285714286, 0.9607142857142856)",1,95.48214285714276,31852
"(0.9428571428571428, 0.9642857142857144)",1,95.48214285714276,31853
"(0.9464285714285714, 0.9535714285714286)",1,95.48214285714266,31854
"(0.9125, 0.975)",1,95.47916666666664,31855
"(0.9428571428571428, 0.9571428571428572)",6,95.47857142857146,31861
"(0.925, 0.9571428571428572)",2,95.47857142857146,31863
"(0.925, 0.9571428571428572)",2,95.47857142857144,31865
"(0.8928571428571429, 0.9607142857142856)",1,95.4785714285714,31866
"(0.881578947368421, 0.9692982456140352)",4,95.47807017543876,31870
"(0.8596491228070176, 0.9780701754385964)",8,95.47807017543867,31878
"(0.8157894736842105, 0.9605263157894736)",1,95.47807017543866,31879
"(0.4605263157894737, 0.9605263157894736)",1,95.47807017543866,31880
"(0.8201754385964912, 0.9736842105263158)",1,95.47807017543865,31881
"(0.8289473684210527, 0.9649122807017544)",1,95.47807017543852,31882
"(0.7375, 0.9625)",1,95.47750000000012,31883
"(0.77, 0.9575)",1,95.47749999999992,31884
"(0.8023255813953488, 0.9767441860465116)",1,95.47674418604667,31885
"(0.7790697674418605, 0.9767441860465116)",1,95.47674418604664,31886
"(0.9186046511627908, 0.9883720930232558)",1,95.4767441860466,31887
"(0.7790697674418605, 0.9651162790697676)",1,95.4767441860466,31888
"(0.7790697674418605, 0.9767441860465116)",1,95.47674418604656,31889
"(0.8255813953488372, 0.9767441860465116)",2,95.47674418604656,31891
"(0.8372093023255814, 1.0)",1,95.47674418604656,31892
"(0.5232558139534884, 0.9651162790697676)",1,95.47674418604656,31893
"(0.5465116279069767, 0.9651162790697676)",1,95.47674418604652,31894
"(0.3953488372093023, 0.9534883720930232)",1,95.4767441860465,31895
"(0.7441860465116279, 0.9534883720930232)",1,95.47674418604647,31896
"(0.8255813953488372, 0.9767441860465116)",1,95.47674418604647,31897
"(0.8604651162790697, 0.9651162790697676)",1,95.47674418604647,31898
"(0.9186046511627908, 0.9883720930232558)",1,95.47674418604646,31899
"(0.8372093023255814, 0.9767441860465116)",1,95.47674418604646,31900
"(0.627906976744186, 0.9651162790697676)",1,95.47674418604645,31901
"(0.5813953488372093, 0.9534883720930232)",1,95.47674418604645,31902
"(0.8604651162790697, 0.9767441860465116)",1,95.47674418604645,31903
"(0.7906976744186046, 0.9651162790697676)",1,95.47674418604636,31904
"(0.7906976744186046, 0.9651162790697676)",1,95.47674418604632,31905
"(0.813953488372093, 0.9651162790697676)",1,95.4767441860463,31906
"(0.8255813953488372, 0.9651162790697676)",1,95.4767441860463,31907
"(0.8953488372093024, 0.9651162790697676)",1,95.47674418604628,31908
"(0.5635135135135135, 0.9743243243243244)",1,95.47567567567566,31909
"(0.8892857142857142, 0.9607142857142856)",1,95.47500000000004,31910
"(0.95, 0.9642857142857144)",3,95.475,31913
"(0.9464285714285714, 0.9607142857142856)",2,95.47499999999997,31915
"(0.9285714285714286, 0.9607142857142856)",6,95.47499999999997,31921
"(0.9571428571428572, 0.9571428571428572)",1,95.47499999999997,31922
"(0.8375, 0.975)",1,95.47499999999994,31923
"(0.9428571428571428, 0.9571428571428572)",1,95.47499999999992,31924
"(0.9392857142857144, 0.9607142857142856)",3,95.4749999999999,31927
"(0.775, 0.975)",1,95.4749999999999,31928
"(0.7875, 0.975)",1,95.4749999999999,31929
"(0.75, 0.9780701754385964)",1,95.4736842105264,31930
"(0.8070175438596491, 0.9824561403508772)",1,95.4736842105264,31931
"(0.868421052631579, 0.9692982456140352)",6,95.47368421052636,31937
"(0.8201754385964912, 0.9605263157894736)",3,95.47368421052636,31940
"(0.8377192982456141, 0.9605263157894736)",1,95.47368421052636,31941
"(0.793859649122807, 0.9736842105263158)",3,95.47368421052634,31944
"(0.8771929824561403, 0.9605263157894736)",1,95.47368421052632,31945
"(0.8070175438596491, 0.9736842105263158)",1,95.47368421052629,31946
"(0.5067567567567568, 0.9756756756756756)",1,95.472635135135,31947
"(0.8472222222222222, 0.9861111111111112)",1,95.4722222222224,31948
"(0.8888888888888888, 0.9722222222222222)",1,95.4722222222224,31949
"(0.8194444444444444, 0.9861111111111112)",1,95.4722222222224,31950
"(0.8333333333333334, 0.9722222222222222)",1,95.4722222222224,31951
"(0.875, 0.9861111111111112)",1,95.47222222222238,31952
"(0.8888888888888888, 0.9722222222222222)",1,95.47222222222238,31953
"(0.7916666666666666, 0.9861111111111112)",1,95.47222222222236,31954
"(0.8472222222222222, 0.9722222222222222)",1,95.47222222222234,31955
"(0.8333333333333334, 0.9861111111111112)",1,95.47222222222234,31956
"(0.7638888888888888, 0.9861111111111112)",1,95.47222222222231,31957
"(0.9305555555555556, 0.9861111111111112)",1,95.47222222222231,31958
"(0.8888888888888888, 1.0)",1,95.47222222222229,31959
"(0.7361111111111112, 1.0)",1,95.47222222222229,31960
"(0.9305555555555556, 0.9722222222222222)",2,95.47222222222226,31962
"(0.9305555555555556, 1.0)",1,95.47222222222226,31963
"(0.7083333333333334, 0.9861111111111112)",2,95.47222222222224,31965
"(0.9305555555555556, 1.0)",1,95.47222222222224,31966
"(0.95, 0.9607142857142856)",4,95.47142857142876,31970
"(0.9357142857142856, 0.9464285714285714)",1,95.47142857142865,31971
"(0.9107142857142856, 0.9678571428571427)",2,95.47142857142852,31973
"(0.9571428571428572, 0.9607142857142856)",1,95.47142857142852,31974
"(0.925, 0.9571428571428572)",1,95.4714285714285,31975
"(0.9464285714285714, 0.9571428571428572)",1,95.4714285714285,31976
"(0.8571428571428571, 0.95)",1,95.47142857142848,31977
"(0.9178571428571428, 0.9571428571428572)",1,95.47142857142843,31978
"(0.95, 0.9428571428571428)",1,95.47142857142843,31979
"(0.975, 0.9625)",2,95.47083333333342,31981
"(0.975, 0.9875)",4,95.47083333333316,31985
"(0.9529411764705882, 0.9411764705882352)",1,95.47058823529396,31986
"(0.8449324324324324, 0.9726351351351352)",1,95.47027027027032,31987
"(0.9075, 0.9575)",1,95.46999999999996,31988
"(0.8991228070175439, 0.9780701754385964)",4,95.46929824561413,31992
"(0.9166666666666666, 0.9605263157894736)",1,95.4692982456141,31993
"(0.8026315789473685, 0.9605263157894736)",1,95.46929824561408,31994
"(0.8114035087719298, 0.956140350877193)",1,95.46929824561404,31995
"(0.9035714285714286, 0.9607142857142856)",3,95.4678571428573,31998
"(0.8607142857142858, 0.9535714285714286)",6,95.4678571428572,32004
"(0.925, 0.9642857142857144)",1,95.4678571428572,32005
"(0.925, 0.9714285714285714)",2,95.46785714285718,32007
"(0.9178571428571428, 0.9607142857142856)",6,95.46785714285716,32013
"(0.8928571428571429, 0.9607142857142856)",1,95.46785714285716,32014
"(0.9392857142857144, 0.9714285714285714)",1,95.46785714285716,32015
"(0.9428571428571428, 0.9571428571428572)",1,95.46785714285714,32016
"(0.95, 0.9571428571428572)",1,95.46785714285711,32017
"(0.9464285714285714, 0.9678571428571427)",3,95.46785714285711,32020
"(0.8071428571428572, 0.9642857142857144)",1,95.4678571428571,32021
"(0.9464285714285714, 0.9571428571428572)",1,95.4678571428571,32022
"(0.9321428571428572, 0.95)",1,95.46785714285708,32023
"(0.95, 0.9571428571428572)",1,95.46785714285708,32024
"(0.9428571428571428, 0.9571428571428572)",1,95.46785714285704,32025
"(0.925, 0.9535714285714286)",1,95.467857142857,32026
"(0.7775, 0.965)",1,95.46750000000011,32027
"(0.9075, 0.9575)",1,95.46749999999996,32028
"(0.8666666666666667, 0.9833333333333332)",1,95.46666666666674,32029
"(0.75, 1.0)",1,95.46666666666674,32030
"(0.7666666666666667, 1.0)",1,95.46666666666668,32031
"(0.95, 1.0)",1,95.46666666666668,32032
"(0.9333333333333332, 1.0)",1,95.46666666666668,32033
"(1.0, 1.0)",1,95.46666666666668,32034
"(0.9833333333333332, 1.0)",1,95.46666666666668,32035
"(0.9666666666666668, 1.0)",1,95.46666666666668,32036
"(0.9666666666666668, 1.0)",1,95.46666666666664,32037
"(0.9708333333333332, 0.9958333333333332)",1,95.46666666666664,32038
"(0.8488372093023255, 0.9767441860465116)",1,95.46511627906986,32039
"(0.6744186046511628, 0.9534883720930232)",1,95.46511627906972,32040
"(0.5697674418604651, 0.9651162790697676)",2,95.46511627906972,32042
"(0.4767441860465116, 0.9534883720930232)",1,95.46511627906972,32043
"(0.4534883720930232, 0.9534883720930232)",1,95.4651162790697,32044
"(0.8837209302325582, 0.9651162790697676)",1,95.46511627906968,32045
"(0.8372093023255814, 0.9767441860465116)",1,95.46511627906968,32046
"(0.872093023255814, 0.9651162790697676)",2,95.4651162790696,32048
"(0.8372093023255814, 0.9651162790697676)",1,95.4651162790696,32049
"(0.8023255813953488, 0.9651162790697676)",1,95.46511627906958,32050
"(0.8255813953488372, 0.9651162790697676)",1,95.46511627906958,32051
"(0.7906976744186046, 0.9651162790697676)",1,95.46511627906958,32052
"(0.8953488372093024, 0.9651162790697676)",1,95.46511627906956,32053
"(0.8625, 0.9575)",1,95.46499999999986,32054
"(0.7149122807017544, 0.9736842105263158)",3,95.46491228070182,32057
"(0.8070175438596491, 0.9780701754385964)",1,95.4649122807018,32058
"(0.868421052631579, 0.9824561403508772)",6,95.4649122807018,32064
"(0.8903508771929824, 0.9649122807017544)",3,95.4649122807018,32067
"(0.8640350877192983, 0.9605263157894736)",3,95.4649122807018,32070
"(0.8070175438596491, 0.9649122807017544)",3,95.4649122807018,32073
"(0.9392857142857144, 0.9571428571428572)",1,95.46428571428577,32074
"(0.9392857142857144, 0.9607142857142856)",1,95.46428571428577,32075
"(0.925, 0.9607142857142856)",3,95.46428571428574,32078
"(0.9392857142857144, 0.9607142857142856)",1,95.46428571428572,32079
"(0.8071428571428572, 0.9571428571428572)",3,95.46428571428572,32082
"(0.9321428571428572, 0.95)",1,95.46428571428572,32083
"(0.925, 0.95)",1,95.4642857142857,32084
"(0.9535714285714286, 0.9642857142857144)",3,95.46428571428568,32087
"(0.9678571428571427, 0.9642857142857144)",1,95.46428571428568,32088
"(0.8964285714285715, 0.975)",1,95.46428571428568,32089
"(0.9178571428571428, 0.9607142857142856)",2,95.46428571428568,32091
"(0.55, 0.9825)",1,95.46374999999992,32092
"(0.9875, 0.9958333333333332)",4,95.46250000000008,32096
"(0.8125, 0.9625)",1,95.46250000000006,32097
"(0.8625, 0.9625)",1,95.46250000000003,32098
"(0.9, 0.9625)",1,95.4625,32099
"(0.7875, 0.9625)",1,95.46249999999996,32100
"(0.85, 0.9607142857142856)",1,95.46071428571427,32101
"(0.9, 0.9607142857142856)",3,95.46071428571427,32104
"(0.925, 0.9607142857142856)",1,95.46071428571425,32105
"(0.8535714285714285, 0.9642857142857144)",2,95.46071428571412,32107
"(0.9166666666666666, 0.9605263157894736)",1,95.4605263157896,32108
"(0.8114035087719298, 0.9736842105263158)",3,95.46052631578954,32111
"(0.7587719298245614, 0.9692982456140352)",3,95.46052631578952,32114
"(0.912280701754386, 0.9692982456140352)",1,95.4605263157895,32115
"(0.868421052631579, 0.9649122807017544)",1,95.46052631578948,32116
"(0.7775, 0.9625)",1,95.4599999999999,32117
"(0.5647058823529412, 0.976470588235294)",1,95.45882352941172,32118
"(0.8472222222222222, 0.9722222222222222)",1,95.45833333333351,32119
"(0.6944444444444444, 0.9861111111111112)",1,95.45833333333351,32120
"(0.9305555555555556, 0.9861111111111112)",1,95.45833333333351,32121
"(0.9722222222222222, 0.9861111111111112)",1,95.45833333333348,32122
"(0.8472222222222222, 0.9861111111111112)",1,95.45833333333348,32123
"(0.9166666666666666, 0.9861111111111112)",2,95.45833333333348,32125
"(0.9305555555555556, 0.9722222222222222)",1,95.45833333333348,32126
"(0.9583333333333334, 0.9861111111111112)",1,95.45833333333348,32127
"(0.75, 0.9722222222222222)",1,95.45833333333346,32128
"(0.8611111111111112, 0.9861111111111112)",1,95.45833333333346,32129
"(0.8333333333333334, 0.9861111111111112)",1,95.45833333333344,32130
"(0.8333333333333334, 0.9722222222222222)",2,95.45833333333344,32132
"(0.7222222222222222, 0.9861111111111112)",1,95.4583333333334,32133
"(0.6805555555555556, 1.0)",1,95.45833333333334,32134
"(0.8888888888888888, 1.0)",2,95.45833333333331,32136
"(0.8611111111111112, 1.0)",4,95.45833333333331,32140
"(0.9583333333333334, 1.0)",1,95.45833333333331,32141
"(0.7777777777777778, 1.0)",1,95.4583333333333,32142
"(0.9, 0.9607142857142856)",3,95.457142857143,32145
"(0.925, 0.9607142857142856)",1,95.45714285714298,32146
"(0.9428571428571428, 0.9571428571428572)",3,95.4571428571429,32149
"(0.95, 0.9678571428571427)",1,95.45714285714288,32150
"(0.9142857142857144, 0.9642857142857144)",1,95.45714285714288,32151
"(0.9392857142857144, 0.9571428571428572)",1,95.45714285714288,32152
"(0.8607142857142858, 0.9571428571428572)",6,95.45714285714286,32158
"(0.9142857142857144, 0.975)",2,95.45714285714284,32160
"(0.95, 0.9642857142857144)",1,95.45714285714284,32161
"(0.8821428571428571, 0.9642857142857144)",1,95.45714285714284,32162
"(0.9607142857142856, 0.9678571428571427)",1,95.4571428571428,32163
"(0.9642857142857144, 0.9678571428571427)",1,95.4571428571428,32164
"(0.925, 0.975)",1,95.4571428571428,32165
"(0.9035714285714286, 0.9535714285714286)",1,95.4571428571428,32166
"(0.925, 0.9571428571428572)",1,95.4571428571428,32167
"(0.9392857142857144, 0.9535714285714286)",1,95.4571428571428,32168
"(0.9428571428571428, 0.9571428571428572)",1,95.45714285714276,32169
"(0.925, 0.9642857142857144)",1,95.45714285714276,32170
"(0.8859649122807017, 0.9605263157894736)",1,95.45614035087728,32171
"(0.6008771929824561, 0.9692982456140352)",1,95.45614035087728,32172
"(0.7280701754385965, 0.9780701754385964)",5,95.45614035087728,32177
"(0.8245614035087719, 0.9736842105263158)",1,95.45614035087726,32178
"(0.8771929824561403, 0.9736842105263158)",1,95.45614035087723,32179
"(0.8201754385964912, 0.9649122807017544)",3,95.45614035087723,32182
"(0.9298245614035088, 0.9473684210526316)",1,95.45614035087722,32183
"(0.8859649122807017, 0.9736842105263158)",1,95.4561403508772,32184
"(0.9166666666666666, 0.9605263157894736)",1,95.45614035087712,32185
"(0.581081081081081, 0.9763513513513512)",1,95.45608108108102,32186
"(0.785, 0.9575)",1,95.45499999999991,32187
"(0.93, 0.9575)",1,95.45499999999986,32188
"(0.9833333333333332, 0.9833333333333332)",1,95.45416666666674,32189
"(0.7, 0.9678571428571427)",1,95.45357142857148,32190
"(0.9392857142857144, 0.9571428571428572)",1,95.45357142857144,32191
"(0.9214285714285714, 0.9571428571428572)",1,95.4535714285714,32192
"(0.9392857142857144, 0.9607142857142856)",1,95.4535714285714,32193
"(0.9535714285714286, 0.9535714285714286)",1,95.4535714285714,32194
"(0.8392857142857143, 0.9607142857142856)",1,95.4535714285714,32195
"(0.8892857142857142, 0.9535714285714286)",6,95.45357142857137,32201
"(0.8928571428571429, 0.9535714285714286)",1,95.45357142857132,32202
"(0.8372093023255814, 0.9767441860465116)",1,95.45348837209318,32203
"(0.8604651162790697, 0.9767441860465116)",1,95.45348837209316,32204
"(0.8023255813953488, 0.9767441860465116)",2,95.45348837209316,32206
"(0.9186046511627908, 0.9767441860465116)",1,95.45348837209312,32207
"(0.7558139534883721, 0.9767441860465116)",1,95.4534883720931,32208
"(0.5465116279069767, 0.9767441860465116)",2,95.45348837209303,32210
"(0.4534883720930232, 0.9767441860465116)",1,95.453488372093,32211
"(0.5930232558139535, 0.9767441860465116)",1,95.453488372093,32212
"(0.7906976744186046, 0.9534883720930232)",1,95.45348837209298,32213
"(0.7441860465116279, 0.9651162790697676)",1,95.45348837209296,32214
"(0.8604651162790697, 0.9767441860465116)",1,95.45348837209296,32215
"(0.5930232558139535, 0.9651162790697676)",1,95.45348837209296,32216
"(0.8604651162790697, 0.9651162790697676)",1,95.45348837209292,32217
"(0.8372093023255814, 0.9651162790697676)",1,95.4534883720929,32218
"(0.8837209302325582, 0.9651162790697676)",1,95.45348837209288,32219
"(0.8953488372093024, 0.9651162790697676)",1,95.45348837209282,32220
"(0.8837209302325582, 0.9651162790697676)",1,95.45348837209278,32221
"(0.8023648648648649, 0.9712837837837838)",1,95.45337837837845,32222
"(0.96, 0.96)",2,95.45249999999989,32224
"(0.9298245614035088, 0.9692982456140352)",3,95.45175438596502,32227
"(0.8201754385964912, 0.9649122807017544)",2,95.45175438596492,32229
"(0.8377192982456141, 0.956140350877193)",3,95.45175438596492,32232
"(0.7763157894736842, 0.9736842105263158)",1,95.45175438596492,32233
"(0.8964285714285715, 0.9571428571428572)",1,95.45000000000014,32234
"(0.945, 0.9625)",1,95.45000000000012,32235
"(0.9833333333333332, 0.9833333333333332)",1,95.45000000000007,32236
"(0.85, 0.9625)",1,95.45000000000005,32237
"(0.825, 0.975)",2,95.45000000000005,32239
"(0.9333333333333332, 1.0)",1,95.45000000000005,32240
"(0.9214285714285714, 0.9714285714285714)",1,95.45000000000005,32241
"(0.9392857142857144, 0.9535714285714286)",1,95.45000000000002,32242
"(0.9285714285714286, 0.9464285714285714)",1,95.45000000000002,32243
"(0.85, 1.0)",2,95.45000000000002,32245
"(0.9392857142857144, 0.9535714285714286)",1,95.45,32246
"(0.9392857142857144, 0.9607142857142856)",1,95.44999999999996,32247
"(0.8357142857142857, 0.9642857142857144)",1,95.44999999999996,32248
"(0.8375, 0.975)",1,95.44999999999996,32249
"(0.9225, 0.9575)",1,95.44999999999996,32250
"(0.9142857142857144, 0.9535714285714286)",1,95.44999999999996,32251
"(0.8392857142857143, 0.9607142857142856)",2,95.44999999999996,32253
"(0.8375, 0.9625)",1,95.44999999999992,32254
"(0.825, 0.975)",1,95.44999999999992,32255
"(0.9, 0.9875)",2,95.44999999999992,32257
"(0.775, 0.9625)",1,95.44999999999992,32258
"(0.8125, 0.9625)",1,95.44999999999992,32259
"(0.9833333333333332, 0.9958333333333332)",3,95.44999999999986,32262
"(0.9833333333333332, 0.9916666666666668)",3,95.44999999999976,32265
"(0.8375, 0.9625)",1,95.44750000000016,32266
"(0.6925, 0.9625)",1,95.44750000000012,32267
"(0.785, 0.955)",1,95.44749999999992,32268
"(0.8552631578947368, 0.9692982456140352)",2,95.4473684210527,32270
"(0.9035087719298246, 0.9736842105263158)",1,95.44736842105269,32271
"(0.8640350877192983, 0.9649122807017544)",1,95.44736842105269,32272
"(0.8991228070175439, 0.9605263157894736)",1,95.44736842105266,32273
"(0.8892857142857142, 0.9607142857142856)",2,95.44642857142864,32275
"(0.9214285714285714, 0.9642857142857144)",3,95.44642857142864,32278
"(0.925, 0.9785714285714284)",1,95.44642857142854,32279
"(0.9035714285714286, 0.95)",1,95.44642857142853,32280
"(0.9035714285714286, 0.9642857142857144)",1,95.44642857142853,32281
"(0.8678571428571429, 0.9642857142857144)",1,95.44642857142853,32282
"(0.9464285714285714, 0.9571428571428572)",1,95.44642857142848,32283
"(0.8875, 0.9833333333333332)",2,95.44583333333335,32285
"(0.9791666666666666, 0.9708333333333332)",1,95.44583333333324,32286
"(0.95, 0.9525)",3,95.445,32289
"(0.6216216216216216, 0.9706081081081082)",1,95.44459459459462,32290
"(0.9305555555555556, 0.9722222222222222)",1,95.44444444444464,32291
"(0.9444444444444444, 0.9861111111111112)",2,95.44444444444464,32293
"(0.8333333333333334, 0.9722222222222222)",2,95.44444444444464,32295
"(0.7777777777777778, 0.9861111111111112)",1,95.4444444444446,32296
"(0.9861111111111112, 0.9722222222222222)",2,95.4444444444446,32298
"(0.9166666666666666, 0.9722222222222222)",1,95.4444444444446,32299
"(0.7638888888888888, 0.9722222222222222)",1,95.44444444444458,32300
"(0.5277777777777778, 0.9861111111111112)",1,95.44444444444458,32301
"(0.8333333333333334, 0.9722222222222222)",1,95.44444444444456,32302
"(0.9444444444444444, 0.9722222222222222)",1,95.44444444444456,32303
"(0.8194444444444444, 1.0)",1,95.44444444444451,32304
"(0.625, 0.9722222222222222)",1,95.44444444444451,32305
"(0.875, 0.9861111111111112)",1,95.44444444444449,32306
"(0.8771929824561403, 0.9736842105263158)",3,95.44298245614044,32309
"(0.9342105263157896, 0.956140350877193)",1,95.44298245614038,32310
"(0.8157894736842105, 0.956140350877193)",1,95.44298245614036,32311
"(0.95, 0.9642857142857144)",4,95.4428571428572,32315
"(0.9464285714285714, 0.9535714285714286)",2,95.4428571428572,32317
"(0.8964285714285715, 0.9642857142857144)",2,95.44285714285718,32319
"(0.875, 0.9642857142857144)",1,95.44285714285716,32320
"(0.9535714285714286, 0.9607142857142856)",1,95.44285714285714,32321
"(0.9285714285714286, 0.9607142857142856)",1,95.44285714285714,32322
"(0.9535714285714286, 0.9392857142857144)",1,95.44285714285712,32323
"(0.9571428571428572, 0.9535714285714286)",1,95.4428571428571,32324
"(0.9642857142857144, 0.9642857142857144)",1,95.44285714285706,32325
"(0.9535714285714286, 0.9678571428571427)",1,95.44285714285704,32326
"(0.95, 0.9642857142857144)",1,95.442857142857,32327
"(0.9464285714285714, 0.9678571428571427)",1,95.442857142857,32328
"(0.9571428571428572, 0.9642857142857144)",1,95.44285714285697,32329
"(0.7084459459459459, 0.9756756756756756)",2,95.44222972972972,32331
"(0.8604651162790697, 0.9767441860465116)",4,95.44186046511646,32335
"(0.7790697674418605, 0.9767441860465116)",1,95.44186046511636,32336
"(0.9186046511627908, 1.0)",1,95.44186046511636,32337
"(0.7093023255813954, 0.9767441860465116)",2,95.44186046511628,32339
"(0.5930232558139535, 0.9651162790697676)",1,95.44186046511624,32340
"(0.9069767441860463, 0.9534883720930232)",1,95.44186046511624,32341
"(0.8023255813953488, 0.9534883720930232)",1,95.44186046511624,32342
"(0.813953488372093, 0.9651162790697676)",1,95.4418604651162,32343
"(0.813953488372093, 0.9767441860465116)",1,95.4418604651162,32344
"(0.8604651162790697, 0.9534883720930232)",1,95.4418604651162,32345
"(0.813953488372093, 0.9534883720930232)",1,95.44186046511616,32346
"(0.7906976744186046, 0.9651162790697676)",1,95.44186046511612,32347
"(0.7906976744186046, 0.9651162790697676)",1,95.4418604651161,32348
"(0.7906976744186046, 0.9651162790697676)",1,95.44186046511608,32349
"(0.8953488372093024, 0.9651162790697676)",1,95.44186046511608,32350
"(0.9767441860465116, 0.9651162790697676)",1,95.44186046511604,32351
"(0.9833333333333332, 0.9625)",2,95.44166666666666,32353
"(0.5225, 0.97875)",1,95.43999999999993,32354
"(0.785, 0.955)",1,95.43999999999993,32355
"(0.925, 0.9607142857142856)",3,95.43928571428582,32358
"(0.9535714285714286, 0.9607142857142856)",1,95.43928571428576,32359
"(0.9428571428571428, 0.9357142857142856)",1,95.43928571428572,32360
"(0.9, 0.9571428571428572)",3,95.4392857142857,32363
"(0.9178571428571428, 0.95)",1,95.4392857142857,32364
"(0.9321428571428572, 0.95)",1,95.43928571428567,32365
"(0.9285714285714286, 0.9642857142857144)",1,95.43928571428566,32366
"(0.9535714285714286, 0.9571428571428572)",1,95.43928571428566,32367
"(0.8947368421052632, 0.9692982456140352)",3,95.43859649122813,32370
"(0.85, 0.9625)",2,95.43750000000011,32372
"(0.925, 0.9625)",2,95.43750000000009,32374
"(0.825, 0.975)",1,95.43750000000009,32375
"(0.9208333333333332, 0.9708333333333332)",1,95.43750000000004,32376
"(0.925, 0.95)",1,95.4375,32377
"(0.9, 0.9875)",1,95.43749999999996,32378
"(0.9125, 0.9833333333333332)",2,95.43749999999994,32380
"(0.7875, 0.9575)",1,95.4374999999999,32381
"(0.975, 0.9916666666666668)",4,95.43749999999984,32385
"(0.5325, 0.98125)",1,95.43625000000006,32386
"(0.8857142857142857, 0.9464285714285714)",1,95.43571428571435,32387
"(0.8071428571428572, 0.9607142857142856)",1,95.4357142857143,32388
"(0.9107142857142856, 0.9571428571428572)",3,95.4357142857143,32391
"(0.8821428571428571, 0.9571428571428572)",3,95.4357142857143,32394
"(0.9535714285714286, 0.9714285714285714)",2,95.43571428571428,32396
"(0.9107142857142856, 0.9535714285714286)",1,95.43571428571424,32397
"(0.9571428571428572, 0.9535714285714286)",1,95.43571428571424,32398
"(0.9428571428571428, 0.9571428571428572)",1,95.43571428571424,32399
"(0.8857142857142857, 0.9571428571428572)",3,95.43571428571424,32402
"(0.95, 0.9571428571428572)",1,95.43571428571424,32403
"(0.8821428571428571, 0.9571428571428572)",1,95.4357142857142,32404
"(0.9529411764705882, 0.9294117647058824)",1,95.43529411764683,32405
"(0.9385964912280702, 0.9692982456140352)",1,95.4342105263159,32406
"(0.7149122807017544, 0.9605263157894736)",1,95.43421052631588,32407
"(0.8859649122807017, 0.9605263157894736)",1,95.43421052631584,32408
"(0.7719298245614035, 0.9692982456140352)",1,95.43421052631582,32409
"(0.9429824561403508, 0.9780701754385964)",1,95.4342105263158,32410
"(0.793859649122807, 0.9649122807017544)",1,95.43421052631578,32411
"(0.95, 0.9833333333333332)",1,95.43333333333342,32412
"(0.9166666666666666, 0.9666666666666668)",1,95.4333333333334,32413
"(0.9666666666666668, 0.9833333333333332)",1,95.4333333333334,32414
"(0.9, 0.9833333333333332)",1,95.4333333333334,32415
"(0.9833333333333332, 1.0)",1,95.43333333333337,32416
"(0.9666666666666668, 1.0)",1,95.43333333333334,32417
"(0.8666666666666667, 1.0)",1,95.43333333333334,32418
"(0.9333333333333332, 1.0)",1,95.43333333333334,32419
"(0.8833333333333333, 1.0)",1,95.43333333333332,32420
"(0.9625, 0.9958333333333332)",3,95.4333333333332,32423
"(0.9625, 0.955)",2,95.43250000000002,32425
"(0.9428571428571428, 0.9642857142857144)",2,95.43214285714292,32427
"(0.9607142857142856, 0.9571428571428572)",1,95.4321428571429,32428
"(0.9571428571428572, 0.9642857142857144)",1,95.43214285714284,32429
"(0.9107142857142856, 0.9535714285714286)",1,95.43214285714282,32430
"(0.9464285714285714, 0.9535714285714286)",3,95.4321428571428,32433
"(0.9392857142857144, 0.9607142857142856)",1,95.4321428571428,32434
"(0.9535714285714286, 0.9607142857142856)",2,95.4321428571428,32436
"(0.925, 0.9571428571428572)",3,95.43214285714278,32439
"(0.8821428571428571, 0.9678571428571427)",1,95.43214285714276,32440
"(0.9142857142857144, 0.9535714285714286)",1,95.43214285714272,32441
"(0.5331081081081082, 0.975)",1,95.43141891891888,32442
"(0.9444444444444444, 0.9722222222222222)",1,95.43055555555574,32443
"(0.8472222222222222, 0.9861111111111112)",1,95.43055555555571,32444
"(0.7083333333333334, 0.9722222222222222)",1,95.43055555555571,32445
"(0.875, 0.9861111111111112)",2,95.43055555555571,32447
"(0.5555555555555556, 0.9722222222222222)",1,95.4305555555557,32448
"(0.8611111111111112, 0.9722222222222222)",1,95.43055555555569,32449
"(0.8472222222222222, 0.9722222222222222)",1,95.43055555555569,32450
"(0.8055555555555556, 0.9861111111111112)",1,95.43055555555566,32451
"(0.9444444444444444, 0.9861111111111112)",1,95.43055555555566,32452
"(0.9444444444444444, 0.9861111111111112)",1,95.43055555555564,32453
"(0.6944444444444444, 1.0)",1,95.4305555555556,32454
"(0.9027777777777778, 1.0)",1,95.4305555555556,32455
"(0.8194444444444444, 1.0)",1,95.4305555555556,32456
"(0.8194444444444444, 0.9861111111111112)",1,95.4305555555556,32457
"(0.8194444444444444, 1.0)",1,95.4305555555556,32458
"(0.6805555555555556, 1.0)",2,95.43055555555556,32460
"(0.8472222222222222, 0.9722222222222222)",1,95.4305555555555,32461
"(0.8604651162790697, 0.9767441860465116)",1,95.43023255813968,32462
"(0.872093023255814, 0.9767441860465116)",1,95.43023255813966,32463
"(0.7674418604651163, 0.9767441860465116)",1,95.43023255813966,32464
"(0.8255813953488372, 0.9767441860465116)",1,95.43023255813964,32465
"(0.8604651162790697, 0.9767441860465116)",1,95.43023255813964,32466
"(0.7790697674418605, 0.9767441860465116)",1,95.4302325581396,32467
"(0.8488372093023255, 0.9651162790697676)",1,95.43023255813952,32468
"(0.9186046511627908, 0.9767441860465116)",1,95.4302325581395,32469
"(0.5813953488372093, 0.9651162790697676)",1,95.4302325581395,32470
"(0.872093023255814, 0.9767441860465116)",1,95.4302325581395,32471
"(0.872093023255814, 0.9767441860465116)",1,95.43023255813948,32472
"(0.5697674418604651, 0.9418604651162792)",1,95.43023255813948,32473
"(0.8604651162790697, 0.9767441860465116)",1,95.43023255813948,32474
"(0.8372093023255814, 0.9418604651162792)",1,95.43023255813944,32475
"(0.7790697674418605, 0.9767441860465116)",1,95.43023255813944,32476
"(0.6046511627906976, 0.9651162790697676)",1,95.4302325581394,32477
"(0.872093023255814, 0.9651162790697676)",1,95.43023255813937,32478
"(0.9302325581395348, 0.9651162790697676)",1,95.43023255813934,32479
"(0.872093023255814, 0.9651162790697676)",1,95.43023255813934,32480
"(0.8675, 0.955)",1,95.43000000000002,32481
"(0.845, 0.965)",1,95.43,32482
"(0.86, 0.94)",1,95.42999999999988,32483
"(0.8947368421052632, 0.9780701754385964)",1,95.42982456140356,32484
"(0.8026315789473685, 0.9649122807017544)",3,95.42982456140356,32487
"(0.7456140350877193, 0.9736842105263158)",1,95.42982456140354,32488
"(0.9791666666666666, 0.9958333333333332)",1,95.42916666666667,32489
"(0.9125, 0.9708333333333332)",1,95.42916666666667,32490
"(0.8958333333333334, 0.9708333333333332)",1,95.42916666666666,32491
"(0.8625, 0.9875)",1,95.4291666666666,32492
"(0.9375, 0.9791666666666666)",1,95.4291666666666,32493
"(0.95, 0.95)",1,95.4285714285714,32494
"(0.9357142857142856, 0.9642857142857144)",1,95.4285714285714,32495
"(0.9678571428571427, 0.9321428571428572)",1,95.4285714285714,32496
"(0.9142857142857144, 0.9714285714285714)",2,95.4285714285714,32498
"(0.9178571428571428, 0.9607142857142856)",1,95.42857142857136,32499
"(0.9642857142857144, 0.9535714285714286)",1,95.42857142857136,32500
"(0.9535714285714286, 0.95)",1,95.42857142857132,32501
"(0.9354729729729728, 0.972972972972973)",2,95.42804054054054,32503
"(0.8464912280701754, 0.9692982456140352)",4,95.4254385964914,32507
"(0.8289473684210527, 0.9692982456140352)",3,95.42543859649128,32510
"(0.868421052631579, 0.9692982456140352)",1,95.42543859649123,32511
"(0.8125, 0.95)",1,95.42500000000013,32512
"(0.8875, 0.95)",1,95.42500000000008,32513
"(0.96, 0.945)",3,95.42500000000008,32516
"(0.8928571428571429, 0.9571428571428572)",1,95.425,32517
"(0.9, 0.975)",1,95.42499999999998,32518
"(0.9535714285714286, 0.9571428571428572)",1,95.42499999999998,32519
"(0.9428571428571428, 0.9571428571428572)",1,95.42499999999994,32520
"(0.9428571428571428, 0.9642857142857144)",1,95.42499999999993,32521
"(0.85, 0.975)",1,95.42499999999993,32522
"(0.9375, 0.9916666666666668)",1,95.42499999999984,32523
"(0.9075, 0.9575)",1,95.42249999999996,32524
"(0.908445945945946, 0.964527027027027)",2,95.42195945945944,32526
"(0.8571428571428571, 0.9607142857142856)",3,95.42142857142878,32529
"(0.9178571428571428, 0.9607142857142856)",1,95.42142857142863,32530
"(0.8571428571428571, 0.9607142857142856)",1,95.42142857142863,32531
"(0.9571428571428572, 0.9571428571428572)",1,95.42142857142863,32532
"(0.9464285714285714, 0.9571428571428572)",1,95.42142857142862,32533
"(0.9607142857142856, 0.9607142857142856)",1,95.42142857142856,32534
"(0.9714285714285714, 0.9678571428571427)",1,95.42142857142856,32535
"(0.9035714285714286, 0.9678571428571427)",1,95.42142857142856,32536
"(0.8928571428571429, 0.9607142857142856)",1,95.42142857142856,32537
"(0.9178571428571428, 0.9571428571428572)",1,95.42142857142852,32538
"(0.8821428571428571, 0.9607142857142856)",1,95.42142857142848,32539
"(0.868421052631579, 0.9692982456140352)",1,95.42105263157902,32540
"(0.4166666666666667, 0.9649122807017544)",3,95.421052631579,32543
"(0.9385964912280702, 0.9780701754385964)",1,95.42105263157896,32544
"(0.8640350877192983, 0.956140350877193)",1,95.42105263157896,32545
"(0.9385964912280702, 0.956140350877193)",1,95.42105263157892,32546
"(0.8333333333333334, 0.9649122807017544)",1,95.42105263157892,32547
"(0.9458333333333332, 0.9791666666666666)",1,95.42083333333336,32548
"(0.9375, 0.9833333333333332)",2,95.42083333333336,32550
"(0.8958333333333334, 0.9708333333333332)",2,95.4208333333333,32552
"(0.49125, 0.98375)",1,95.4187500000001,32553
"(0.627906976744186, 1.0)",1,95.41860465116292,32554
"(0.9186046511627908, 0.9767441860465116)",2,95.41860465116292,32556
"(0.9186046511627908, 1.0)",1,95.41860465116288,32557
"(0.8604651162790697, 0.9767441860465116)",1,95.41860465116284,32558
"(0.6046511627906976, 0.9534883720930232)",1,95.4186046511628,32559
"(0.5930232558139535, 0.9767441860465116)",1,95.4186046511628,32560
"(0.7906976744186046, 0.9651162790697676)",1,95.41860465116277,32561
"(0.813953488372093, 0.9651162790697676)",1,95.41860465116277,32562
"(0.6744186046511628, 0.9651162790697676)",1,95.41860465116274,32563
"(0.6744186046511628, 0.9418604651162792)",1,95.41860465116274,32564
"(0.4767441860465116, 0.9651162790697676)",1,95.41860465116272,32565
"(0.8837209302325582, 0.9534883720930232)",1,95.41860465116272,32566
"(0.813953488372093, 0.9534883720930232)",1,95.4186046511627,32567
"(0.8837209302325582, 0.9534883720930232)",1,95.41860465116268,32568
"(0.7906976744186046, 0.9651162790697676)",2,95.41860465116262,32570
"(0.8372093023255814, 0.9651162790697676)",1,95.41860465116262,32571
"(0.872093023255814, 0.9651162790697676)",1,95.4186046511626,32572
"(0.8023255813953488, 0.9651162790697676)",1,95.4186046511626,32573
"(0.7325581395348837, 0.9651162790697676)",1,95.4186046511626,32574
"(0.5116279069767442, 0.9651162790697676)",1,95.41860465116258,32575
"(0.8255813953488372, 0.9651162790697676)",1,95.41860465116255,32576
"(0.8255813953488372, 0.9651162790697676)",1,95.41860465116254,32577
"(0.9035714285714286, 0.9642857142857144)",1,95.41785714285716,32578
"(0.9035714285714286, 0.9607142857142856)",1,95.41785714285712,32579
"(0.9285714285714286, 0.9678571428571427)",2,95.4178571428571,32581
"(0.9392857142857144, 0.9642857142857144)",2,95.41785714285707,32583
"(0.8571428571428571, 0.9678571428571427)",1,95.41785714285705,32584
"(0.9107142857142856, 0.95)",1,95.41785714285702,32585
"(0.9321428571428572, 0.9571428571428572)",2,95.417857142857,32587
"(0.9225, 0.96)",1,95.41749999999992,32588
"(0.93, 0.96)",1,95.41749999999983,32589
"(0.7083333333333334, 1.0)",1,95.41666666666684,32590
"(0.8888888888888888, 0.9861111111111112)",1,95.41666666666684,32591
"(0.7222222222222222, 0.9861111111111112)",1,95.41666666666684,32592
"(0.8055555555555556, 0.9861111111111112)",1,95.4166666666668,32593
"(0.8611111111111112, 0.9861111111111112)",1,95.4166666666668,32594
"(0.8472222222222222, 0.9583333333333334)",2,95.4166666666668,32596
"(0.6805555555555556, 0.9722222222222222)",1,95.4166666666668,32597
"(0.7916666666666666, 0.9861111111111112)",1,95.4166666666668,32598
"(0.9166666666666666, 0.9722222222222222)",1,95.41666666666676,32599
"(0.6096491228070176, 0.9780701754385964)",1,95.41666666666676,32600
"(0.7916666666666666, 0.9861111111111112)",2,95.41666666666676,32602
"(0.9035087719298246, 0.9736842105263158)",3,95.41666666666674,32605
"(0.9, 0.9833333333333332)",1,95.41666666666671,32606
"(0.625, 0.9861111111111112)",2,95.41666666666671,32608
"(0.8070175438596491, 0.9649122807017544)",1,95.41666666666671,32609
"(0.8611111111111112, 1.0)",1,95.41666666666671,32610
"(0.8333333333333334, 1.0)",1,95.4166666666667,32611
"(0.9875, 0.9833333333333332)",1,95.4166666666667,32612
"(0.8114035087719298, 0.9649122807017544)",1,95.41666666666669,32613
"(0.881578947368421, 0.956140350877193)",3,95.41666666666669,32616
"(0.85, 1.0)",1,95.41666666666669,32617
"(0.8194444444444444, 1.0)",1,95.41666666666669,32618
"(0.7333333333333333, 1.0)",1,95.41666666666669,32619
"(0.9333333333333332, 1.0)",2,95.41666666666666,32621
"(0.9305555555555556, 1.0)",4,95.41666666666666,32625
"(0.9416666666666668, 0.9833333333333332)",1,95.41666666666664,32626
"(0.9875, 0.9916666666666668)",4,95.41666666666652,32630
"(0.8625, 0.9625)",2,95.41500000000003,32632
"(0.9075, 0.9575)",1,95.41499999999994,32633
"(0.5709459459459459, 0.975)",1,95.41452702702694,32634
"(0.8821428571428571, 0.9607142857142856)",3,95.41428571428573,32637
"(0.9178571428571428, 0.9535714285714286)",3,95.41428571428573,32640
"(0.9535714285714286, 0.9464285714285714)",1,95.41428571428573,32641
"(0.9571428571428572, 0.95)",1,95.4142857142857,32642
"(0.9607142857142856, 0.9642857142857144)",1,95.41428571428568,32643
"(0.9785714285714284, 0.9678571428571427)",1,95.41428571428568,32644
"(0.925, 0.9642857142857144)",1,95.4142857142856,32645
"(0.9464285714285714, 0.9535714285714286)",1,95.41428571428555,32646
"(0.9678571428571427, 0.9535714285714286)",1,95.4142857142855,32647
"(0.9, 0.9625)",1,95.41250000000016,32648
"(0.85, 0.9625)",1,95.41250000000012,32649
"(0.9791666666666666, 0.9833333333333332)",1,95.41250000000008,32650
"(0.9, 0.975)",1,95.41250000000002,32651
"(0.925, 0.9625)",1,95.4125,32652
"(0.9625, 0.975)",2,95.4125,32654
"(0.8666666666666667, 0.9875)",1,95.4125,32655
"(0.85, 0.95)",1,95.4125,32656
"(0.875, 0.975)",1,95.41249999999998,32657
"(0.8875, 0.9625)",1,95.41249999999998,32658
"(0.935, 0.955)",1,95.41249999999997,32659
"(0.955, 0.955)",2,95.41249999999994,32661
"(0.9, 0.975)",2,95.41249999999992,32663
"(0.975, 0.975)",1,95.4124999999999,32664
"(0.8464912280701754, 0.9649122807017544)",3,95.41228070175448,32667
"(0.8333333333333334, 0.9605263157894736)",1,95.41228070175444,32668
"(0.9035087719298246, 0.956140350877193)",1,95.41228070175444,32669
"(0.793859649122807, 0.9649122807017544)",1,95.41228070175444,32670
"(0.4517543859649123, 0.9649122807017544)",1,95.41228070175444,32671
"(0.7719298245614035, 0.9692982456140352)",1,95.41228070175444,32672
"(0.9078947368421052, 0.9780701754385964)",1,95.4122807017544,32673
"(0.881578947368421, 0.9692982456140352)",1,95.4122807017544,32674
"(0.8705882352941177, 0.9176470588235294)",1,95.41176470588226,32675
"(0.5155405405405405, 0.9766891891891892)",4,95.41114864864863,32679
"(0.825, 0.9535714285714286)",3,95.41071428571428,32682
"(0.8964285714285715, 0.9571428571428572)",1,95.41071428571428,32683
"(0.9464285714285714, 0.9535714285714286)",3,95.41071428571428,32686
"(0.9607142857142856, 0.9678571428571427)",1,95.41071428571423,32687
"(0.9392857142857144, 0.9535714285714286)",1,95.41071428571423,32688
"(0.9535714285714286, 0.9821428571428572)",1,95.41071428571423,32689
"(0.9357142857142856, 0.9535714285714286)",1,95.41071428571423,32690
"(0.9285714285714286, 0.9571428571428572)",3,95.41071428571423,32693
"(0.9428571428571428, 0.9535714285714286)",1,95.4107142857142,32694
"(0.825, 0.9607142857142856)",1,95.41071428571416,32695
"(0.8225, 0.96)",1,95.40999999999993,32696
"(0.8625, 0.975)",1,95.40833333333332,32697
"(0.9375, 0.975)",1,95.40833333333327,32698
"(0.8903508771929824, 0.9692982456140352)",4,95.40789473684228,32702
"(0.6885964912280702, 0.9780701754385964)",1,95.40789473684217,32703
"(0.925438596491228, 0.9736842105263158)",1,95.40789473684217,32704
"(0.8991228070175439, 0.9517543859649122)",1,95.40789473684214,32705
"(0.8552631578947368, 0.9736842105263158)",1,95.40789473684214,32706
"(0.868421052631579, 0.9736842105263158)",1,95.40789473684212,32707
"(0.7456140350877193, 0.9736842105263158)",1,95.40789473684212,32708
"(0.8728070175438597, 0.9780701754385964)",1,95.40789473684212,32709
"(0.552027027027027, 0.9763513513513512)",1,95.4077702702702,32710
"(0.8275, 0.9625)",1,95.4075000000001,32711
"(0.875, 0.9571428571428572)",1,95.40714285714282,32712
"(0.95, 0.9607142857142856)",1,95.40714285714282,32713
"(0.9107142857142856, 0.9571428571428572)",3,95.4071428571428,32716
"(0.9392857142857144, 0.9571428571428572)",3,95.4071428571428,32719
"(0.9535714285714286, 0.975)",1,95.4071428571428,32720
"(0.9392857142857144, 0.9571428571428572)",1,95.40714285714276,32721
"(0.9214285714285714, 0.9607142857142856)",1,95.40714285714276,32722
"(0.8928571428571429, 0.9535714285714286)",1,95.40714285714265,32723
"(0.9534883720930232, 0.9767441860465116)",2,95.4069767441862,32725
"(0.813953488372093, 0.9767441860465116)",1,95.40697674418614,32726
"(0.7209302325581395, 0.9883720930232558)",1,95.40697674418614,32727
"(0.9418604651162792, 0.9767441860465116)",1,95.40697674418608,32728
"(0.8372093023255814, 0.9767441860465116)",3,95.40697674418608,32731
"(0.7093023255813954, 0.9767441860465116)",2,95.40697674418604,32733
"(0.9186046511627908, 1.0)",1,95.40697674418604,32734
"(0.7093023255813954, 0.9767441860465116)",1,95.406976744186,32735
"(0.9302325581395348, 0.9651162790697676)",1,95.406976744186,32736
"(0.8604651162790697, 0.9767441860465116)",1,95.406976744186,32737
"(0.8372093023255814, 0.9767441860465116)",1,95.40697674418598,32738
"(0.8604651162790697, 0.9534883720930232)",1,95.40697674418598,32739
"(0.5697674418604651, 0.9767441860465116)",1,95.40697674418595,32740
"(0.7325581395348837, 0.9651162790697676)",1,95.40697674418595,32741
"(0.8837209302325582, 0.9883720930232558)",1,95.40697674418594,32742
"(0.6162790697674418, 0.9534883720930232)",1,95.40697674418588,32743
"(0.8604651162790697, 0.9651162790697676)",1,95.40697674418588,32744
"(0.9418604651162792, 0.9418604651162792)",1,95.40697674418588,32745
"(0.5116279069767442, 0.9651162790697676)",2,95.40697674418584,32747
"(0.8372093023255814, 0.9651162790697676)",1,95.40697674418584,32748
"(0.8837209302325582, 0.9651162790697676)",1,95.40697674418584,32749
"(0.785, 0.9475)",1,95.4049999999999,32750
"(0.9425, 0.955)",1,95.4049999999999,32751
"(0.8525, 0.96)",1,95.40499999999987,32752
"(0.9208333333333332, 0.9875)",1,95.40416666666668,32753
"(0.8791666666666667, 0.9708333333333332)",1,95.40416666666664,32754
"(0.9291666666666668, 0.9833333333333332)",2,95.40416666666664,32756
"(0.9791666666666666, 0.9916666666666668)",4,95.40416666666644,32760
"(0.902027027027027, 0.9706081081081082)",2,95.40371621621622,32762
"(0.9464285714285714, 0.9678571428571427)",1,95.40357142857144,32763
"(0.9357142857142856, 0.9607142857142856)",3,95.40357142857144,32766
"(0.9571428571428572, 0.975)",1,95.40357142857142,32767
"(0.9571428571428572, 0.95)",1,95.4035714285714,32768
"(0.8928571428571429, 0.9642857142857144)",2,95.4035714285714,32770
"(0.9535714285714286, 0.9535714285714286)",1,95.4035714285714,32771
"(0.6535087719298246, 0.9692982456140352)",1,95.40350877192988,32772
"(0.793859649122807, 0.9692982456140352)",1,95.40350877192988,32773
"(0.8157894736842105, 0.9736842105263158)",1,95.40350877192986,32774
"(0.9035087719298246, 0.9912280701754386)",3,95.40350877192986,32777
"(0.7763157894736842, 0.9824561403508772)",1,95.40350877192978,32778
"(0.5743243243243243, 0.975)",1,95.40304054054046,32779
"(0.8472222222222222, 0.9722222222222222)",1,95.40277777777796,32780
"(0.6805555555555556, 0.9861111111111112)",2,95.40277777777796,32782
"(0.8611111111111112, 0.9722222222222222)",1,95.40277777777794,32783
"(0.625, 0.9722222222222222)",1,95.40277777777794,32784
"(0.8194444444444444, 0.9861111111111112)",1,95.40277777777791,32785
"(0.8888888888888888, 0.9861111111111112)",1,95.40277777777791,32786
"(0.7222222222222222, 0.9861111111111112)",1,95.40277777777791,32787
"(0.9166666666666666, 0.9722222222222222)",1,95.40277777777789,32788
"(0.9305555555555556, 0.9861111111111112)",1,95.40277777777789,32789
"(0.9444444444444444, 0.9861111111111112)",1,95.40277777777786,32790
"(0.7361111111111112, 1.0)",1,95.40277777777776,32791
"(0.7777777777777778, 1.0)",1,95.40277777777776,32792
"(0.8675, 0.955)",1,95.40249999999996,32793
"(0.9225, 0.96)",1,95.4024999999999,32794
"(0.9075, 0.9375)",1,95.40249999999988,32795
"(0.8575, 0.96)",1,95.40249999999988,32796
"(0.7875, 0.975)",1,95.4000000000001,32797
"(0.8333333333333334, 1.0)",1,95.40000000000008,32798
"(0.8821428571428571, 0.9357142857142856)",1,95.40000000000003,32799
"(0.8333333333333334, 1.0)",1,95.40000000000003,32800
"(0.9, 0.95)",1,95.40000000000003,32801
"(0.9375, 0.95)",1,95.40000000000003,32802
"(0.8166666666666667, 1.0)",1,95.40000000000003,32803
"(0.8, 1.0)",1,95.40000000000002,32804
"(0.9678571428571427, 0.9607142857142856)",1,95.4,32805
"(0.9666666666666668, 1.0)",1,95.4,32806
"(0.9833333333333332, 1.0)",2,95.4,32808
"(1.0, 1.0)",1,95.4,32809
"(0.85, 1.0)",1,95.4,32810
"(1.0, 1.0)",2,95.4,32812
"(0.9178571428571428, 0.9642857142857144)",1,95.4,32813
"(0.7666666666666667, 1.0)",1,95.4,32814
"(0.8928571428571429, 0.9607142857142856)",1,95.4,32815
"(0.8678571428571429, 0.9642857142857144)",1,95.39999999999998,32816
"(0.9464285714285714, 0.9571428571428572)",1,95.39999999999996,32817
"(0.9392857142857144, 0.9571428571428572)",1,95.39999999999996,32818
"(0.9357142857142856, 0.9535714285714286)",3,95.39999999999996,32821
"(0.9571428571428572, 0.9607142857142856)",3,95.3999999999999,32824
"(0.9916666666666668, 0.9958333333333332)",4,95.3999999999999,32828
"(0.925, 0.975)",1,95.39999999999988,32829
"(0.8571428571428571, 0.9678571428571427)",1,95.39999999999988,32830
"(0.925, 0.9535714285714286)",1,95.39999999999984,32831
"(0.7456140350877193, 0.9605263157894736)",3,95.39912280701762,32834
"(0.8245614035087719, 0.9649122807017544)",1,95.39912280701762,32835
"(0.8728070175438597, 0.9736842105263158)",1,95.3991228070176,32836
"(0.8991228070175439, 0.9649122807017544)",2,95.3991228070176,32838
"(0.8728070175438597, 0.9517543859649122)",3,95.39912280701758,32841
"(0.8114035087719298, 0.9605263157894736)",3,95.39912280701756,32844
"(0.925438596491228, 0.9736842105263158)",1,95.39912280701756,32845
"(0.8392857142857143, 0.9607142857142856)",1,95.39642857142864,32846
"(0.9607142857142856, 0.9607142857142856)",1,95.3964285714286,32847
"(0.9607142857142856, 0.9642857142857144)",4,95.3964285714286,32851
"(0.8571428571428571, 0.9642857142857144)",4,95.3964285714286,32855
"(0.9107142857142856, 0.95)",1,95.3964285714286,32856
"(0.9428571428571428, 0.9607142857142856)",1,95.39642857142856,32857
"(0.8392857142857143, 0.9607142857142856)",1,95.39642857142856,32858
"(0.9178571428571428, 0.9571428571428572)",1,95.39642857142852,32859
"(0.8892857142857142, 0.9607142857142856)",1,95.39642857142852,32860
"(0.9714285714285714, 0.9642857142857144)",1,95.3964285714285,32861
"(0.9178571428571428, 0.95)",1,95.39642857142849,32862
"(0.5658783783783784, 0.9672297297297298)",4,95.3962837837838,32866
"(0.8625, 0.975)",1,95.39583333333336,32867
"(0.8625, 0.9708333333333332)",1,95.39583333333336,32868
"(0.9125, 0.9833333333333332)",1,95.39583333333336,32869
"(0.8958333333333334, 0.9666666666666668)",1,95.39583333333331,32870
"(0.9125, 0.975)",1,95.3958333333333,32871
"(0.8604651162790697, 0.9767441860465116)",1,95.39534883720944,32872
"(0.5348837209302325, 0.9767441860465116)",1,95.39534883720944,32873
"(0.8255813953488372, 0.9651162790697676)",1,95.39534883720933,32874
"(0.8023255813953488, 0.9651162790697676)",1,95.39534883720933,32875
"(0.6046511627906976, 0.9767441860465116)",1,95.39534883720928,32876
"(0.5116279069767442, 0.9651162790697676)",1,95.39534883720924,32877
"(0.8837209302325582, 0.9534883720930232)",1,95.39534883720924,32878
"(0.8953488372093024, 0.9651162790697676)",1,95.39534883720924,32879
"(0.7093023255813954, 0.9767441860465116)",1,95.3953488372092,32880
"(0.7906976744186046, 0.9767441860465116)",1,95.39534883720918,32881
"(0.872093023255814, 0.9651162790697676)",1,95.39534883720916,32882
"(0.8953488372093024, 0.9651162790697676)",1,95.39534883720914,32883
"(0.8023255813953488, 0.9651162790697676)",1,95.39534883720911,32884
"(0.8953488372093024, 0.9651162790697676)",1,95.39534883720911,32885
"(0.8953488372093024, 0.9651162790697676)",1,95.39534883720908,32886
"(0.8604651162790697, 0.9651162790697676)",1,95.39534883720906,32887
"(0.9075, 0.9525)",1,95.39500000000008,32888
"(0.96, 0.96)",1,95.39499999999998,32889
"(0.9166666666666666, 0.9692982456140352)",4,95.39473684210542,32893
"(0.8552631578947368, 0.9692982456140352)",1,95.39473684210536,32894
"(0.7412280701754386, 0.9780701754385964)",1,95.39473684210532,32895
"(0.925438596491228, 0.9824561403508772)",1,95.3947368421053,32896
"(0.8552631578947368, 0.9736842105263158)",1,95.39473684210527,32897
"(0.8535714285714285, 0.9607142857142856)",4,95.39285714285737,32901
"(0.9357142857142856, 0.9571428571428572)",6,95.39285714285714,32907
"(0.8392857142857143, 0.9535714285714286)",1,95.39285714285712,32908
"(0.9535714285714286, 0.9571428571428572)",1,95.39285714285712,32909
"(0.9392857142857144, 0.975)",1,95.39285714285708,32910
"(0.8857142857142857, 0.9678571428571427)",1,95.39285714285708,32911
"(0.9535714285714286, 0.9571428571428572)",1,95.39285714285708,32912
"(0.9392857142857144, 0.9535714285714286)",1,95.39285714285693,32913
"(0.9075, 0.955)",3,95.39250000000006,32916
"(0.625, 0.98)",1,95.3925,32917
"(0.9075, 0.945)",3,95.3925,32920
"(0.8725, 0.955)",1,95.3925,32921
"(0.8625, 0.9575)",1,95.39249999999991,32922
"(0.9333333333333332, 0.9958333333333332)",1,95.39166666666662,32923
"(0.975, 0.9875)",1,95.3916666666666,32924
"(0.9791666666666666, 0.9958333333333332)",4,95.3916666666665,32928
"(0.9429824561403508, 0.9692982456140352)",1,95.39035087719316,32929
"(0.8245614035087719, 0.9780701754385964)",7,95.39035087719309,32936
"(0.8596491228070176, 0.9605263157894736)",1,95.39035087719306,32937
"(0.8070175438596491, 0.9736842105263158)",1,95.39035087719304,32938
"(0.4956140350877193, 0.9736842105263158)",1,95.39035087719304,32939
"(0.868421052631579, 0.9692982456140352)",3,95.390350877193,32942
"(0.6754385964912281, 0.9649122807017544)",3,95.390350877193,32945
"(0.7587719298245614, 0.9692982456140352)",1,95.390350877193,32946
"(0.8903508771929824, 0.9692982456140352)",1,95.39035087719296,32947
"(0.7925, 0.9625)",1,95.39000000000004,32948
"(0.9357142857142856, 0.95)",1,95.38928571428586,32949
"(0.9107142857142856, 0.9607142857142856)",1,95.38928571428576,32950
"(0.9642857142857144, 0.9642857142857144)",1,95.38928571428572,32951
"(0.8928571428571429, 0.9571428571428572)",2,95.3892857142857,32953
"(0.9535714285714286, 0.9607142857142856)",2,95.38928571428568,32955
"(0.9464285714285714, 0.9607142857142856)",1,95.38928571428568,32956
"(0.9714285714285714, 0.9607142857142856)",3,95.38928571428568,32959
"(0.8892857142857142, 0.9607142857142856)",1,95.38928571428568,32960
"(0.9178571428571428, 0.9535714285714286)",1,95.38928571428568,32961
"(0.5964285714285714, 0.9535714285714286)",1,95.38928571428568,32962
"(0.8964285714285715, 0.9714285714285714)",1,95.38928571428566,32963
"(0.8821428571428571, 0.9571428571428572)",1,95.38928571428566,32964
"(0.875, 0.9571428571428572)",1,95.3892857142856,32965
"(0.925, 0.9642857142857144)",2,95.3892857142856,32967
"(0.9357142857142856, 0.9535714285714286)",1,95.38928571428556,32968
"(0.9321428571428572, 0.9535714285714286)",3,95.38928571428552,32971
"(0.8194444444444444, 0.9861111111111112)",2,95.38888888888911,32973
"(0.9166666666666666, 0.9722222222222222)",1,95.38888888888908,32974
"(0.75, 0.9861111111111112)",1,95.38888888888908,32975
"(0.9027777777777778, 0.9861111111111112)",1,95.38888888888906,32976
"(0.8472222222222222, 0.9722222222222222)",1,95.38888888888906,32977
"(0.625, 0.9722222222222222)",1,95.38888888888904,32978
"(0.9305555555555556, 0.9722222222222222)",2,95.38888888888904,32980
"(0.8611111111111112, 0.9722222222222222)",1,95.38888888888904,32981
"(0.7222222222222222, 0.9722222222222222)",1,95.38888888888904,32982
"(0.9027777777777778, 0.9861111111111112)",1,95.38888888888904,32983
"(0.9861111111111112, 0.9722222222222222)",1,95.388888888889,32984
"(0.9166666666666666, 0.9861111111111112)",1,95.388888888889,32985
"(0.9583333333333334, 1.0)",1,95.388888888889,32986
"(0.875, 0.9861111111111112)",1,95.388888888889,32987
"(0.8194444444444444, 0.9861111111111112)",1,95.388888888889,32988
"(0.8194444444444444, 0.9861111111111112)",1,95.38888888888896,32989
"(0.8055555555555556, 1.0)",1,95.38888888888896,32990
"(0.7083333333333334, 1.0)",2,95.38888888888894,32992
"(0.8888888888888888, 0.9722222222222222)",1,95.38888888888891,32993
"(0.9375, 0.95)",1,95.3875000000001,32994
"(0.925, 0.9625)",1,95.38750000000005,32995
"(0.9416666666666668, 0.975)",1,95.3875,32996
"(0.9791666666666666, 0.9833333333333332)",2,95.3875,32998
"(0.9, 0.975)",1,95.3875,32999
"(0.9791666666666666, 0.9958333333333332)",1,95.3875,33000
"(0.83, 0.9575)",1,95.38749999999996,33001
"(0.8375, 0.975)",1,95.38749999999996,33002
"(0.52125, 0.9775)",1,95.38749999999996,33003
"(0.9, 0.975)",1,95.38749999999992,33004
"(0.775, 0.975)",1,95.38749999999992,33005
"(0.855, 0.9575)",1,95.3874999999999,33006
"(0.8625, 0.975)",1,95.38749999999987,33007
"(0.775, 0.975)",4,95.38749999999986,33011
"(0.8375, 0.975)",1,95.38749999999986,33012
"(0.5381756756756757, 0.9777027027027028)",1,95.3871621621621,33013
"(0.7763157894736842, 0.9824561403508772)",3,95.38596491228076,33016
"(0.8114035087719298, 0.9605263157894736)",1,95.38596491228073,33017
"(0.881578947368421, 0.9736842105263158)",1,95.38596491228073,33018
"(0.7105263157894737, 0.9649122807017544)",1,95.38596491228073,33019
"(0.8571428571428571, 0.9642857142857144)",2,95.38571428571436,33021
"(0.95, 0.95)",1,95.38571428571431,33022
"(0.9571428571428572, 0.9571428571428572)",1,95.38571428571431,33023
"(0.9285714285714286, 0.9714285714285714)",1,95.38571428571429,33024
"(0.9357142857142856, 0.9607142857142856)",4,95.38571428571424,33028
"(0.8392857142857143, 0.9535714285714286)",1,95.38571428571424,33029
"(0.9131756756756756, 0.9719594594594596)",1,95.38513513513516,33030
"(0.7325, 0.9575)",1,95.38499999999998,33031
"(0.93, 0.955)",2,95.38499999999996,33033
"(0.93, 0.96)",1,95.3849999999999,33034
"(0.7668181818181818, 0.995)",1,95.38409090909092,33035
"(0.8527027027027027, 0.9733108108108108)",1,95.3837837837839,33036
"(0.7790697674418605, 0.9767441860465116)",1,95.38372093023268,33037
"(0.8023255813953488, 0.9767441860465116)",1,95.38372093023268,33038
"(0.8604651162790697, 0.9651162790697676)",2,95.38372093023266,33040
"(0.7325581395348837, 0.9767441860465116)",1,95.38372093023264,33041
"(0.5697674418604651, 0.9767441860465116)",1,95.38372093023264,33042
"(0.7906976744186046, 1.0)",1,95.38372093023258,33043
"(0.9069767441860463, 0.9651162790697676)",1,95.38372093023256,33044
"(0.5930232558139535, 0.9767441860465116)",1,95.38372093023256,33045
"(0.627906976744186, 0.9534883720930232)",1,95.38372093023256,33046
"(0.5348837209302325, 0.9651162790697676)",1,95.38372093023251,33047
"(0.7790697674418605, 0.9651162790697676)",1,95.38372093023251,33048
"(0.6511627906976745, 0.9767441860465116)",1,95.38372093023251,33049
"(0.7325581395348837, 0.9767441860465116)",1,95.3837209302325,33050
"(0.872093023255814, 0.9767441860465116)",1,95.38372093023249,33051
"(0.813953488372093, 0.9767441860465116)",1,95.38372093023246,33052
"(0.4418604651162791, 0.9534883720930232)",1,95.38372093023244,33053
"(0.8604651162790697, 0.9651162790697676)",1,95.3837209302324,33054
"(0.8372093023255814, 0.9651162790697676)",1,95.3837209302324,33055
"(0.7674418604651163, 0.9651162790697676)",1,95.3837209302324,33056
"(0.8488372093023255, 0.9651162790697676)",1,95.38372093023236,33057
"(0.9651162790697676, 0.9418604651162792)",1,95.38372093023236,33058
"(0.8023255813953488, 0.9651162790697676)",1,95.38372093023236,33059
"(0.8604651162790697, 0.9651162790697676)",1,95.38372093023234,33060
"(0.4883720930232558, 0.9651162790697676)",1,95.38372093023231,33061
"(0.8372093023255814, 0.9651162790697676)",2,95.38372093023231,33063
"(0.9333333333333332, 0.9833333333333332)",1,95.3833333333334,33064
"(0.9333333333333332, 1.0)",1,95.38333333333335,33065
"(0.9916666666666668, 0.9958333333333332)",1,95.38333333333335,33066
"(1.0, 1.0)",1,95.38333333333335,33067
"(0.7166666666666667, 1.0)",1,95.38333333333335,33068
"(0.8, 1.0)",1,95.38333333333335,33069
"(0.7166666666666667, 1.0)",1,95.38333333333333,33070
"(0.9666666666666668, 1.0)",1,95.38333333333333,33071
"(0.85, 1.0)",1,95.38333333333333,33072
"(1.0, 1.0)",1,95.38333333333333,33073
"(0.9, 0.9475)",1,95.3825,33074
"(0.9428571428571428, 0.9607142857142856)",1,95.38214285714292,33075
"(0.8285714285714286, 0.9607142857142856)",1,95.38214285714288,33076
"(0.8678571428571429, 0.9607142857142856)",3,95.38214285714284,33079
"(0.9607142857142856, 0.9571428571428572)",1,95.38214285714282,33080
"(0.9035714285714286, 0.9571428571428572)",3,95.3821428571428,33083
"(0.9428571428571428, 0.9464285714285714)",1,95.3821428571428,33084
"(0.9035714285714286, 0.9535714285714286)",2,95.3821428571428,33086
"(0.9357142857142856, 0.9571428571428572)",1,95.38214285714278,33087
"(0.9607142857142856, 0.9535714285714286)",2,95.38214285714278,33089
"(0.95, 0.9535714285714286)",1,95.38214285714272,33090
"(0.9107142857142856, 0.9535714285714286)",1,95.38214285714272,33091
"(0.8071428571428572, 0.9642857142857144)",1,95.38214285714272,33092
"(0.95, 0.9571428571428572)",1,95.38214285714268,33093
"(0.8552631578947368, 0.9912280701754386)",3,95.38157894736844,33096
"(0.8114035087719298, 0.9692982456140352)",3,95.38157894736844,33099
"(0.8991228070175439, 0.9736842105263158)",1,95.3815789473684,33100
"(0.9385964912280702, 0.9912280701754386)",1,95.3815789473684,33101
"(0.9375, 0.9625)",1,95.38000000000012,33102
"(0.915, 0.94)",1,95.38000000000008,33103
"(0.955, 0.9575)",1,95.38000000000002,33104
"(0.925, 0.96)",2,95.37999999999992,33106
"(0.9833333333333332, 0.9625)",1,95.3791666666666,33107
"(0.9178571428571428, 0.9607142857142856)",3,95.37857142857146,33110
"(0.5964285714285714, 0.9607142857142856)",1,95.37857142857142,33111
"(0.9107142857142856, 0.9607142857142856)",2,95.3785714285714,33113
"(0.9714285714285714, 0.9785714285714284)",1,95.3785714285714,33114
"(0.9357142857142856, 0.9571428571428572)",1,95.3785714285714,33115
"(0.9285714285714286, 0.9642857142857144)",2,95.37857142857138,33117
"(0.9607142857142856, 0.9571428571428572)",1,95.37857142857136,33118
"(0.7357142857142858, 0.9607142857142856)",3,95.37857142857136,33121
"(0.9035714285714286, 0.9392857142857144)",1,95.37857142857123,33122
"(0.8714285714285714, 0.9535714285714286)",1,95.3785714285712,33123
"(0.7587719298245614, 0.9692982456140352)",1,95.3771929824562,33124
"(0.8026315789473685, 0.9692982456140352)",2,95.37719298245618,33126
"(0.8245614035087719, 0.9692982456140352)",1,95.37719298245618,33127
"(0.7280701754385965, 0.956140350877193)",3,95.37719298245617,33130
"(0.8352941176470589, 0.9294117647058824)",1,95.3764705882352,33131
"(0.7058823529411765, 0.9294117647058824)",3,95.37647058823508,33134
"(0.7083333333333334, 0.9722222222222222)",1,95.3750000000002,33135
"(0.95, 0.9607142857142856)",1,95.3750000000002,33136
"(0.75, 0.9861111111111112)",1,95.37500000000018,33137
"(0.9305555555555556, 0.9861111111111112)",3,95.37500000000016,33140
"(0.8055555555555556, 0.9861111111111112)",2,95.37500000000016,33142
"(0.6944444444444444, 0.9861111111111112)",1,95.37500000000016,33143
"(0.75, 0.9861111111111112)",1,95.37500000000016,33144
"(0.8055555555555556, 0.9861111111111112)",1,95.37500000000016,33145
"(0.8194444444444444, 0.9861111111111112)",1,95.37500000000014,33146
"(0.75, 0.9722222222222222)",1,95.37500000000011,33147
"(0.7916666666666666, 0.9861111111111112)",1,95.3750000000001,33148
"(0.9444444444444444, 0.9722222222222222)",1,95.3750000000001,33149
"(0.8875, 0.975)",1,95.37500000000009,33150
"(0.8194444444444444, 0.9861111111111112)",1,95.37500000000009,33151
"(0.9166666666666666, 1.0)",1,95.37500000000009,33152
"(0.9, 0.975)",1,95.37500000000009,33153
"(0.9166666666666666, 1.0)",2,95.37500000000006,33155
"(0.9535714285714286, 0.9607142857142856)",1,95.37500000000004,33156
"(0.9321428571428572, 0.9642857142857144)",1,95.37500000000004,33157
"(0.7083333333333334, 1.0)",1,95.375,33158
"(0.9642857142857144, 0.9607142857142856)",1,95.375,33159
"(0.95, 0.9607142857142856)",1,95.375,33160
"(0.9285714285714286, 0.9714285714285714)",1,95.37499999999996,33161
"(0.925, 0.9625)",1,95.37499999999996,33162
"(0.925, 0.975)",1,95.37499999999996,33163
"(0.625, 0.9583333333333334)",1,95.37499999999996,33164
"(0.725, 0.9625)",1,95.37499999999996,33165
"(0.9535714285714286, 0.95)",1,95.37499999999991,33166
"(0.785, 0.955)",1,95.37499999999991,33167
"(0.85, 0.975)",1,95.3749999999999,33168
"(0.9607142857142856, 0.9535714285714286)",1,95.37499999999989,33169
"(0.9035087719298246, 0.9692982456140352)",1,95.3728070175439,33170
"(0.8991228070175439, 0.9649122807017544)",3,95.3728070175439,33173
"(0.5657894736842105, 0.9692982456140352)",2,95.3728070175439,33175
"(0.8859649122807017, 0.9605263157894736)",1,95.37280701754388,33176
"(0.8464912280701754, 0.9736842105263158)",3,95.37280701754388,33179
"(0.8859649122807017, 0.9649122807017544)",3,95.37280701754388,33182
"(0.8552631578947368, 0.9649122807017544)",1,95.37280701754388,33183
"(0.6969594594594595, 0.9695945945945946)",1,95.37263513513524,33184
"(0.8672297297297298, 0.9756756756756756)",1,95.37263513513516,33185
"(0.8025, 0.96)",1,95.37249999999996,33186
"(0.813953488372093, 0.9767441860465116)",4,95.372093023256,33190
"(0.627906976744186, 0.9767441860465116)",1,95.37209302325594,33191
"(0.8837209302325582, 0.9767441860465116)",1,95.37209302325594,33192
"(0.7790697674418605, 0.9767441860465116)",1,95.37209302325589,33193
"(0.6744186046511628, 0.9651162790697676)",1,95.3720930232558,33194
"(0.6744186046511628, 0.9534883720930232)",1,95.37209302325576,33195
"(0.9302325581395348, 0.9767441860465116)",1,95.37209302325572,33196
"(0.8604651162790697, 0.9767441860465116)",1,95.37209302325572,33197
"(0.5930232558139535, 0.9651162790697676)",1,95.37209302325569,33198
"(0.7906976744186046, 0.9651162790697676)",1,95.37209302325564,33199
"(0.8953488372093024, 0.9651162790697676)",1,95.37209302325562,33200
"(0.8324324324324325, 0.9702702702702702)",1,95.37162162162164,33201
"(0.9428571428571428, 0.9607142857142856)",1,95.3714285714287,33202
"(0.9428571428571428, 0.9607142857142856)",1,95.37142857142862,33203
"(0.9607142857142856, 0.9607142857142856)",1,95.3714285714286,33204
"(0.9321428571428572, 0.9678571428571427)",1,95.37142857142852,33205
"(0.9642857142857144, 0.9607142857142856)",1,95.37142857142852,33206
"(0.95, 0.9714285714285714)",1,95.37142857142852,33207
"(0.8964285714285715, 0.9571428571428572)",3,95.3714285714285,33210
"(0.9035714285714286, 0.9607142857142856)",6,95.3714285714285,33216
"(0.95, 0.9642857142857144)",1,95.3714285714285,33217
"(0.8857142857142857, 0.9642857142857144)",1,95.3714285714285,33218
"(0.9428571428571428, 0.9535714285714286)",1,95.37142857142844,33219
"(0.9375, 0.9916666666666668)",1,95.37083333333334,33220
"(0.96, 0.9575)",1,95.37000000000003,33221
"(0.8780405405405406, 0.972972972972973)",1,95.36891891891898,33222
"(0.8771929824561403, 0.9736842105263158)",1,95.3684210526316,33223
"(0.8201754385964912, 0.9692982456140352)",1,95.3684210526316,33224
"(0.8178571428571428, 0.9607142857142856)",1,95.3678571428573,33225
"(0.925, 0.9571428571428572)",1,95.36785714285725,33226
"(0.9535714285714286, 0.95)",1,95.36785714285712,33227
"(0.875, 0.9714285714285714)",2,95.36785714285712,33229
"(0.9, 0.9571428571428572)",1,95.3678571428571,33230
"(0.9607142857142856, 0.9678571428571427)",1,95.3678571428571,33231
"(0.9178571428571428, 0.9535714285714286)",1,95.36785714285708,33232
"(0.9464285714285714, 0.9571428571428572)",1,95.36785714285706,33233
"(0.9, 0.9642857142857144)",1,95.36785714285703,33234
"(0.8392857142857143, 0.9678571428571427)",1,95.36785714285703,33235
"(0.8571428571428571, 0.95)",1,95.36785714285703,33236
"(0.8892857142857142, 0.9535714285714286)",1,95.36785714285692,33237
"(0.9025, 0.9575)",1,95.36750000000002,33238
"(0.725, 0.9525)",1,95.36749999999994,33239
"(0.9333333333333332, 0.9833333333333332)",1,95.36666666666676,33240
"(0.7166666666666667, 1.0)",2,95.36666666666676,33242
"(0.8666666666666667, 0.9833333333333332)",1,95.36666666666672,33243
"(0.85, 1.0)",1,95.36666666666672,33244
"(0.9333333333333332, 0.9833333333333332)",1,95.36666666666672,33245
"(0.8166666666666667, 0.9833333333333332)",1,95.3666666666667,33246
"(0.8333333333333334, 1.0)",1,95.3666666666667,33247
"(0.9, 1.0)",1,95.36666666666667,33248
"(0.9458333333333332, 0.9583333333333334)",1,95.36666666666667,33249
"(0.8833333333333333, 1.0)",1,95.36666666666667,33250
"(0.8666666666666667, 1.0)",1,95.36666666666667,33251
"(0.9166666666666666, 1.0)",1,95.36666666666667,33252
"(0.9833333333333332, 1.0)",1,95.36666666666666,33253
"(0.9208333333333332, 0.9916666666666668)",1,95.36666666666665,33254
"(0.9583333333333334, 0.9875)",4,95.36666666666662,33258
"(0.9625, 0.9875)",4,95.36666666666662,33262
"(0.9275, 0.9625)",1,95.36500000000014,33263
"(0.8575, 0.9525)",1,95.365,33264
"(0.7325, 0.9575)",1,95.36499999999988,33265
"(0.9392857142857144, 0.9571428571428572)",1,95.36428571428571,33266
"(0.95, 0.9571428571428572)",1,95.36428571428571,33267
"(0.9321428571428572, 0.9607142857142856)",1,95.3642857142857,33268
"(0.925, 0.9571428571428572)",1,95.3642857142857,33269
"(0.9535714285714286, 0.9535714285714286)",1,95.36428571428569,33270
"(0.9071428571428573, 0.95)",1,95.36428571428569,33271
"(0.9464285714285714, 0.9535714285714286)",1,95.36428571428564,33272
"(0.9142857142857144, 0.9571428571428572)",1,95.36428571428554,33273
"(0.5307432432432433, 0.9706081081081082)",1,95.36418918918925,33274
"(0.8640350877192983, 0.956140350877193)",2,95.36403508771934,33276
"(0.8245614035087719, 0.9736842105263158)",1,95.36403508771934,33277
"(0.8903508771929824, 0.9649122807017544)",1,95.36403508771934,33278
"(0.8070175438596491, 0.9649122807017544)",1,95.36403508771934,33279
"(0.8552631578947368, 0.9736842105263158)",1,95.36403508771927,33280
"(0.522972972972973, 0.970945945945946)",1,95.36385135135134,33281
"(0.9125, 0.975)",1,95.36250000000013,33282
"(0.85, 0.975)",1,95.36250000000008,33283
"(0.925, 0.95)",1,95.36250000000004,33284
"(0.8875, 0.975)",1,95.36250000000004,33285
"(0.8708333333333333, 0.9875)",1,95.3625,33286
"(0.9075, 0.9375)",1,95.36249999999998,33287
"(0.8375, 0.9625)",1,95.36249999999998,33288
"(0.9125, 0.975)",1,95.36249999999995,33289
"(0.9, 0.9625)",1,95.36249999999995,33290
"(0.8375, 0.975)",2,95.36249999999995,33292
"(0.9125, 0.975)",1,95.36249999999994,33293
"(0.9, 0.975)",1,95.36249999999994,33294
"(0.775, 0.975)",2,95.36249999999993,33296
"(0.775, 0.975)",1,95.36249999999993,33297
"(0.6875, 0.975)",1,95.36249999999988,33298
"(0.8472222222222222, 0.9861111111111112)",2,95.36111111111131,33300
"(0.8888888888888888, 0.9722222222222222)",1,95.36111111111131,33301
"(0.625, 0.9861111111111112)",1,95.36111111111128,33302
"(0.9305555555555556, 0.9722222222222222)",1,95.36111111111126,33303
"(0.8472222222222222, 0.9722222222222222)",1,95.36111111111126,33304
"(0.9166666666666666, 0.9861111111111112)",2,95.36111111111126,33306
"(0.8611111111111112, 0.9722222222222222)",1,95.36111111111126,33307
"(0.625, 1.0)",1,95.3611111111112,33308
"(0.8611111111111112, 0.9861111111111112)",1,95.3611111111112,33309
"(0.875, 0.9861111111111112)",1,95.3611111111112,33310
"(0.8472222222222222, 0.9722222222222222)",1,95.3611111111112,33311
"(0.8928571428571429, 0.9607142857142856)",1,95.36071428571434,33312
"(0.9357142857142856, 0.9607142857142856)",1,95.36071428571434,33313
"(0.9464285714285714, 0.9607142857142856)",1,95.36071428571432,33314
"(0.9392857142857144, 0.9678571428571427)",2,95.36071428571428,33316
"(0.9178571428571428, 0.9607142857142856)",1,95.36071428571428,33317
"(0.9107142857142856, 0.9642857142857144)",1,95.36071428571428,33318
"(0.9464285714285714, 0.9642857142857144)",1,95.36071428571424,33319
"(0.8535714285714285, 0.9535714285714286)",1,95.3607142857142,33320
"(0.8535714285714285, 0.9535714285714286)",1,95.36071428571417,33321
"(0.8023255813953488, 0.9767441860465116)",4,95.3604651162792,33325
"(0.9302325581395348, 0.9767441860465116)",1,95.36046511627914,33326
"(0.7674418604651163, 0.9767441860465116)",1,95.36046511627914,33327
"(0.3023255813953488, 0.9302325581395348)",1,95.36046511627907,33328
"(0.6744186046511628, 0.9767441860465116)",1,95.36046511627904,33329
"(0.8372093023255814, 0.9651162790697676)",1,95.36046511627902,33330
"(0.8372093023255814, 0.9651162790697676)",1,95.360465116279,33331
"(0.8604651162790697, 0.9767441860465116)",1,95.36046511627896,33332
"(0.8372093023255814, 0.9651162790697676)",1,95.36046511627892,33333
"(0.8372093023255814, 0.9651162790697676)",1,95.3604651162789,33334
"(0.7674418604651163, 0.9651162790697676)",1,95.3604651162789,33335
"(0.8372093023255814, 0.9651162790697676)",1,95.36046511627887,33336
"(0.872093023255814, 0.9651162790697676)",1,95.36046511627887,33337
"(0.872093023255814, 0.9651162790697676)",2,95.36046511627882,33339
"(0.915, 0.9575)",1,95.35999999999991,33340
"(0.8771929824561403, 0.9605263157894736)",1,95.35964912280711,33341
"(0.868421052631579, 0.9649122807017544)",1,95.35964912280708,33342
"(0.8421052631578947, 0.9736842105263158)",1,95.35964912280706,33343
"(0.6885964912280702, 0.9692982456140352)",1,95.35964912280704,33344
"(0.8201754385964912, 0.9649122807017544)",1,95.35964912280704,33345
"(0.7719298245614035, 0.9649122807017544)",1,95.359649122807,33346
"(0.5206081081081081, 0.9726351351351352)",4,95.35878378378378,33350
"(0.55, 0.99375)",1,95.35874999999996,33351
"(0.95, 0.95)",1,95.3583333333334,33352
"(0.9125, 0.9625)",1,95.35833333333338,33353
"(0.9291666666666668, 0.975)",1,95.35833333333332,33354
"(0.9208333333333332, 0.975)",1,95.35833333333332,33355
"(0.8875, 0.9958333333333332)",2,95.35833333333332,33357
"(0.9833333333333332, 0.9916666666666668)",2,95.35833333333323,33359
"(0.5489864864864865, 0.9736486486486486)",1,95.35810810810813,33360
"(0.8225, 0.955)",1,95.35749999999994,33361
"(0.9285714285714286, 0.9607142857142856)",1,95.35714285714288,33362
"(0.9178571428571428, 0.9535714285714286)",1,95.35714285714286,33363
"(0.8892857142857142, 0.9571428571428572)",3,95.35714285714285,33366
"(0.9214285714285714, 0.9642857142857144)",2,95.35714285714285,33368
"(0.8892857142857142, 0.9535714285714286)",3,95.35714285714282,33371
"(0.8607142857142858, 0.9571428571428572)",1,95.35714285714282,33372
"(0.9142857142857144, 0.9535714285714286)",1,95.35714285714263,33373
"(0.5635135135135135, 0.972972972972973)",1,95.35641891891886,33374
"(0.8070175438596491, 0.9824561403508772)",1,95.35526315789475,33375
"(0.8728070175438597, 0.9692982456140352)",1,95.35526315789473,33376
"(0.85, 0.9575)",1,95.355,33377
"(0.855, 0.955)",1,95.3549999999999,33378
"(0.975, 0.9958333333333332)",4,95.3541666666666,33382
"(0.9208333333333332, 0.9916666666666668)",1,95.35416666666656,33383
"(0.9321428571428572, 0.9607142857142856)",1,95.35357142857164,33384
"(0.9035714285714286, 0.9607142857142856)",1,95.35357142857144,33385
"(0.9392857142857144, 0.9535714285714286)",3,95.35357142857144,33388
"(0.9535714285714286, 0.9607142857142856)",2,95.3535714285714,33390
"(0.9607142857142856, 0.975)",1,95.3535714285714,33391
"(0.875, 0.9678571428571427)",1,95.35357142857136,33392
"(0.9214285714285714, 0.9571428571428572)",1,95.35357142857136,33393
"(0.9214285714285714, 0.9535714285714286)",1,95.35357142857136,33394
"(0.8941176470588236, 0.9294117647058824)",3,95.35294117647037,33397
"(0.9625, 0.9425)",2,95.35250000000002,33399
"(0.5503378378378379, 0.9746621621621622)",1,95.35202702702702,33400
"(0.51375, 0.98375)",1,95.3512500000001,33401
"(0.912280701754386, 0.956140350877193)",1,95.35087719298252,33402
"(0.4517543859649123, 0.9605263157894736)",3,95.35087719298252,33405
"(0.9429824561403508, 0.9912280701754386)",1,95.3508771929825,33406
"(0.8026315789473685, 0.9649122807017544)",1,95.3508771929825,33407
"(0.8552631578947368, 0.9649122807017544)",1,95.35087719298248,33408
"(0.8640350877192983, 0.9649122807017544)",1,95.35087719298244,33409
"(0.8166666666666667, 0.9833333333333332)",2,95.35000000000008,33411
"(0.825, 0.975)",1,95.35000000000008,33412
"(0.9, 0.95)",1,95.35000000000008,33413
"(0.8166666666666667, 0.9833333333333332)",1,95.35000000000008,33414
"(0.9375, 0.95)",1,95.35000000000008,33415
"(0.9, 1.0)",1,95.35000000000008,33416
"(0.5138513513513514, 0.9706081081081082)",1,95.35000000000004,33417
"(0.9, 1.0)",1,95.35000000000004,33418
"(1.0, 1.0)",1,95.35000000000004,33419
"(0.85, 1.0)",1,95.35000000000004,33420
"(0.8678571428571429, 0.9571428571428572)",1,95.35000000000002,33421
"(0.9321428571428572, 0.9464285714285714)",1,95.35000000000002,33422
"(0.8892857142857142, 0.9607142857142856)",1,95.35000000000002,33423
"(0.9, 1.0)",1,95.35000000000002,33424
"(0.95, 0.9833333333333332)",1,95.35000000000002,33425
"(0.9166666666666666, 1.0)",1,95.35,33426
"(0.9666666666666668, 1.0)",2,95.35,33428
"(0.95, 1.0)",1,95.35,33429
"(0.9375, 0.975)",1,95.35,33430
"(0.85, 1.0)",1,95.35,33431
"(1.0, 1.0)",1,95.35,33432
"(0.9607142857142856, 0.9678571428571427)",1,95.34999999999998,33433
"(0.8916666666666667, 0.975)",1,95.34999999999997,33434
"(0.9333333333333332, 0.9708333333333332)",1,95.34999999999997,33435
"(0.8775, 0.9575)",1,95.34999999999997,33436
"(0.8857142857142857, 0.9607142857142856)",1,95.34999999999994,33437
"(0.6475, 0.955)",1,95.34999999999992,33438
"(0.935, 0.9575)",1,95.34999999999992,33439
"(0.9035714285714286, 0.9571428571428572)",3,95.34999999999992,33442
"(0.8607142857142858, 0.9535714285714286)",1,95.34999999999992,33443
"(0.9535714285714286, 0.9535714285714286)",1,95.34999999999978,33444
"(0.5486486486486486, 0.9763513513513512)",1,95.3496621621622,33445
"(0.5631756756756757, 0.9733108108108108)",1,95.34898648648635,33446
"(0.8023255813953488, 0.9767441860465116)",1,95.34883720930252,33447
"(0.813953488372093, 0.9767441860465116)",1,95.34883720930247,33448
"(0.8837209302325582, 0.9767441860465116)",2,95.34883720930245,33450
"(0.7558139534883721, 0.9767441860465116)",1,95.34883720930242,33451
"(0.8953488372093024, 0.9767441860465116)",1,95.3488372093024,33452
"(0.813953488372093, 0.9651162790697676)",1,95.34883720930232,33453
"(0.6046511627906976, 0.9767441860465116)",1,95.34883720930232,33454
"(0.872093023255814, 0.9651162790697676)",1,95.34883720930227,33455
"(0.8604651162790697, 0.9767441860465116)",1,95.34883720930226,33456
"(0.9302325581395348, 0.9651162790697676)",1,95.34883720930222,33457
"(0.8604651162790697, 0.9651162790697676)",1,95.3488372093022,33458
"(0.5930232558139535, 0.9767441860465116)",1,95.3488372093022,33459
"(0.8372093023255814, 0.9767441860465116)",1,95.34883720930218,33460
"(0.872093023255814, 0.9651162790697676)",2,95.34883720930216,33462
"(0.8604651162790697, 0.9651162790697676)",1,95.34883720930216,33463
"(0.8953488372093024, 0.9651162790697676)",1,95.34883720930216,33464
"(0.8372093023255814, 0.9651162790697676)",1,95.34883720930216,33465
"(0.7790697674418605, 0.9767441860465116)",1,95.34883720930216,33466
"(0.9302325581395348, 0.9534883720930232)",1,95.34883720930216,33467
"(0.8953488372093024, 0.9651162790697676)",1,95.34883720930212,33468
"(0.813953488372093, 0.9651162790697676)",1,95.34883720930212,33469
"(0.7325581395348837, 0.9651162790697676)",2,95.3488372093021,33471
"(0.872093023255814, 0.9651162790697676)",2,95.3488372093021,33473
"(0.8372093023255814, 0.9651162790697676)",1,95.3488372093021,33474
"(0.50125, 0.97875)",1,95.34750000000004,33475
"(0.83, 0.955)",1,95.34749999999994,33476
"(0.8575, 0.955)",1,95.34749999999993,33477
"(0.885, 0.96)",1,95.3474999999999,33478
"(0.845, 0.96)",1,95.34749999999984,33479
"(0.8888888888888888, 0.9722222222222222)",1,95.34722222222244,33480
"(0.7083333333333334, 0.9722222222222222)",1,95.3472222222224,33481
"(0.9305555555555556, 0.9722222222222222)",2,95.34722222222238,33483
"(0.7222222222222222, 0.9722222222222222)",1,95.34722222222238,33484
"(0.8055555555555556, 0.9861111111111112)",1,95.34722222222236,33485
"(0.5416666666666666, 0.9861111111111112)",1,95.34722222222236,33486
"(0.5972222222222222, 0.9861111111111112)",1,95.34722222222236,33487
"(0.875, 0.9722222222222222)",1,95.34722222222224,33488
"(0.8194444444444444, 1.0)",1,95.34722222222224,33489
"(0.5307017543859649, 0.9473684210526316)",1,95.34649122807024,33490
"(0.7280701754385965, 0.9736842105263158)",1,95.34649122807022,33491
"(0.8903508771929824, 0.9605263157894736)",3,95.34649122807022,33494
"(0.9385964912280702, 0.9780701754385964)",1,95.3464912280702,33495
"(0.7456140350877193, 0.9736842105263158)",2,95.3464912280702,33497
"(0.8640350877192983, 0.9692982456140352)",1,95.3464912280702,33498
"(0.9429824561403508, 0.9912280701754386)",1,95.34649122807018,33499
"(0.7587719298245614, 0.9692982456140352)",1,95.34649122807016,33500
"(0.8552631578947368, 0.9692982456140352)",3,95.34649122807016,33503
"(0.8142857142857143, 0.9607142857142856)",1,95.34642857142876,33504
"(0.8964285714285715, 0.9607142857142856)",1,95.34642857142872,33505
"(0.925, 0.9571428571428572)",3,95.3464285714286,33508
"(0.9357142857142856, 0.9607142857142856)",1,95.3464285714286,33509
"(0.9392857142857144, 0.9714285714285714)",1,95.3464285714286,33510
"(0.9357142857142856, 0.9642857142857144)",1,95.34642857142856,33511
"(0.9107142857142856, 0.9607142857142856)",2,95.34642857142856,33513
"(0.9464285714285714, 0.9642857142857144)",2,95.34642857142856,33515
"(0.9607142857142856, 0.9607142857142856)",1,95.34642857142852,33516
"(0.9357142857142856, 0.9464285714285714)",1,95.34642857142852,33517
"(0.8071428571428572, 0.9607142857142856)",1,95.34642857142852,33518
"(0.9357142857142856, 0.95)",1,95.34642857142852,33519
"(0.95, 0.95)",1,95.3464285714285,33520
"(0.9607142857142856, 0.9571428571428572)",1,95.3464285714285,33521
"(0.8964285714285715, 0.9607142857142856)",1,95.34642857142848,33522
"(0.9392857142857144, 0.95)",1,95.34642857142846,33523
"(0.9, 0.9642857142857144)",1,95.34642857142842,33524
"(0.875, 0.975)",1,95.3458333333333,33525
"(0.9571428571428572, 0.9642857142857144)",1,95.34285714285718,33526
"(0.8535714285714285, 0.9607142857142856)",6,95.34285714285711,33532
"(0.9107142857142856, 0.9571428571428572)",3,95.3428571428571,33535
"(0.9428571428571428, 0.9607142857142856)",3,95.34285714285706,33538
"(0.8285714285714286, 0.9428571428571428)",1,95.34285714285704,33539
"(0.8225, 0.9575)",6,95.34249999999994,33545
"(0.96, 0.9475)",1,95.34249999999987,33546
"(0.7375, 0.9575)",1,95.34249999999986,33547
"(0.8070175438596491, 0.9649122807017544)",1,95.34210526315796,33548
"(0.8596491228070176, 0.9649122807017544)",3,95.34210526315792,33551
"(0.5657894736842105, 0.956140350877193)",1,95.34210526315792,33552
"(0.7236842105263158, 0.9692982456140352)",3,95.34210526315792,33555
"(0.8114035087719298, 0.9649122807017544)",1,95.34210526315792,33556
"(0.925438596491228, 0.9824561403508772)",1,95.3421052631579,33557
"(0.9875, 0.9875)",1,95.34166666666668,33558
"(0.8705882352941177, 0.9294117647058824)",1,95.34117647058804,33559
"(0.8964285714285715, 0.9571428571428572)",1,95.33928571428578,33560
"(0.9142857142857144, 0.9642857142857144)",1,95.33928571428572,33561
"(0.8857142857142857, 0.9464285714285714)",1,95.33928571428568,33562
"(0.9428571428571428, 0.9607142857142856)",1,95.33928571428568,33563
"(0.9214285714285714, 0.9607142857142856)",3,95.33928571428568,33566
"(0.8857142857142857, 0.95)",1,95.33928571428568,33567
"(0.9607142857142856, 0.95)",1,95.33928571428562,33568
"(0.9357142857142856, 0.9464285714285714)",1,95.3392857142856,33569
"(0.9214285714285714, 0.9535714285714286)",1,95.33928571428558,33570
"(0.533445945945946, 0.9706081081081082)",1,95.33885135135148,33571
"(0.8702702702702703, 0.9746621621621622)",4,95.3388513513514,33575
"(0.6096491228070176, 0.9736842105263158)",1,95.33771929824572,33576
"(0.8991228070175439, 0.986842105263158)",1,95.3377192982457,33577
"(0.7192982456140351, 0.9692982456140352)",3,95.33771929824566,33580
"(0.706140350877193, 0.9780701754385964)",1,95.33771929824564,33581
"(0.75, 0.9736842105263158)",1,95.33771929824564,33582
"(0.8289473684210527, 0.9780701754385964)",3,95.3377192982456,33585
"(0.9166666666666666, 0.9649122807017544)",1,95.33771929824556,33586
"(0.8025, 0.9625)",1,95.33750000000012,33587
"(0.8725, 0.9575)",2,95.3375000000001,33589
"(0.8125, 0.95)",1,95.33750000000006,33590
"(0.925, 0.9666666666666668)",2,95.3375,33592
"(0.8833333333333333, 0.9916666666666668)",1,95.33749999999996,33593
"(0.9, 0.975)",1,95.33749999999992,33594
"(0.9, 0.975)",1,95.3374999999999,33595
"(0.8023255813953488, 0.9767441860465116)",1,95.33720930232572,33596
"(0.7441860465116279, 0.9651162790697676)",1,95.33720930232572,33597
"(0.8953488372093024, 0.9767441860465116)",1,95.3372093023257,33598
"(0.7558139534883721, 0.9767441860465116)",1,95.33720930232566,33599
"(0.9186046511627908, 0.9767441860465116)",1,95.33720930232565,33600
"(0.6046511627906976, 0.9767441860465116)",2,95.33720930232565,33602
"(0.8604651162790697, 0.9651162790697676)",1,95.3372093023256,33603
"(0.8604651162790697, 0.9767441860465116)",1,95.3372093023256,33604
"(0.7325581395348837, 0.9534883720930232)",1,95.3372093023256,33605
"(0.5232558139534884, 0.9767441860465116)",1,95.3372093023256,33606
"(0.5465116279069767, 0.9534883720930232)",1,95.33720930232556,33607
"(0.8837209302325582, 0.9534883720930232)",1,95.33720930232556,33608
"(0.5348837209302325, 0.9534883720930232)",1,95.33720930232552,33609
"(0.7325581395348837, 0.9534883720930232)",1,95.33720930232552,33610
"(0.7093023255813954, 0.9534883720930232)",1,95.3372093023255,33611
"(0.5232558139534884, 0.9767441860465116)",1,95.3372093023255,33612
"(0.6627906976744186, 0.9418604651162792)",1,95.33720930232548,33613
"(0.8604651162790697, 0.9651162790697676)",1,95.33720930232548,33614
"(0.5930232558139535, 0.9651162790697676)",1,95.33720930232548,33615
"(0.7093023255813954, 0.9651162790697676)",1,95.33720930232548,33616
"(0.5813953488372093, 0.9651162790697676)",1,95.33720930232548,33617
"(0.8488372093023255, 0.9651162790697676)",1,95.33720930232543,33618
"(0.7906976744186046, 0.9651162790697676)",1,95.33720930232542,33619
"(0.8953488372093024, 0.9651162790697676)",1,95.33720930232542,33620
"(0.8604651162790697, 0.9651162790697676)",1,95.33720930232542,33621
"(0.9069767441860463, 0.9534883720930232)",1,95.3372093023254,33622
"(0.872093023255814, 0.9651162790697676)",2,95.3372093023254,33624
"(0.8372093023255814, 0.9651162790697676)",1,95.33720930232538,33625
"(0.872093023255814, 0.9534883720930232)",1,95.33720930232538,33626
"(0.8953488372093024, 0.9651162790697676)",1,95.33720930232536,33627
"(0.4767441860465116, 0.9651162790697676)",1,95.33720930232536,33628
"(0.8604651162790697, 0.9651162790697676)",1,95.33720930232536,33629
"(0.9214285714285714, 0.9607142857142856)",1,95.33571428571432,33630
"(0.9392857142857144, 0.9571428571428572)",1,95.33571428571427,33631
"(0.9178571428571428, 0.9571428571428572)",1,95.33571428571426,33632
"(0.9178571428571428, 0.9607142857142856)",3,95.33571428571425,33635
"(0.8785714285714286, 0.9642857142857144)",1,95.33571428571425,33636
"(0.9285714285714286, 0.9607142857142856)",1,95.3357142857142,33637
"(0.8928571428571429, 0.9535714285714286)",1,95.3357142857142,33638
"(0.9321428571428572, 0.9535714285714286)",1,95.3357142857141,33639
"(0.86, 0.9475)",1,95.33500000000014,33640
"(0.5067567567567568, 0.975)",1,95.33378378378376,33641
"(0.875, 0.9722222222222222)",1,95.33333333333351,33642
"(0.9305555555555556, 0.9722222222222222)",1,95.33333333333351,33643
"(0.8055555555555556, 0.9861111111111112)",1,95.3333333333335,33644
"(0.7916666666666666, 0.9861111111111112)",1,95.3333333333335,33645
"(0.7083333333333334, 0.9861111111111112)",1,95.33333333333348,33646
"(0.8888888888888888, 0.9861111111111112)",1,95.33333333333348,33647
"(0.8611111111111112, 0.9861111111111112)",1,95.33333333333348,33648
"(0.8055555555555556, 0.9722222222222222)",1,95.33333333333348,33649
"(0.5416666666666666, 0.9861111111111112)",1,95.33333333333346,33650
"(0.8888888888888888, 0.9861111111111112)",1,95.33333333333346,33651
"(0.9305555555555556, 0.9722222222222222)",1,95.33333333333346,33652
"(0.75, 1.0)",1,95.33333333333344,33653
"(0.8333333333333334, 0.9861111111111112)",2,95.33333333333344,33655
"(0.9429824561403508, 0.9692982456140352)",1,95.33333333333344,33656
"(0.8888888888888888, 0.9861111111111112)",1,95.33333333333344,33657
"(0.7083333333333334, 0.9861111111111112)",2,95.33333333333344,33659
"(0.7361111111111112, 0.9861111111111112)",2,95.33333333333344,33661
"(0.8333333333333334, 0.9861111111111112)",1,95.3333333333334,33662
"(0.8771929824561403, 0.9649122807017544)",1,95.3333333333334,33663
"(0.9, 0.9833333333333332)",2,95.3333333333334,33665
"(0.9666666666666668, 0.9833333333333332)",1,95.3333333333334,33666
"(0.9385964912280702, 0.9912280701754386)",1,95.3333333333334,33667
"(0.9166666666666666, 0.9833333333333332)",1,95.3333333333334,33668
"(0.6944444444444444, 0.9861111111111112)",1,95.3333333333334,33669
"(0.9, 0.9833333333333332)",1,95.3333333333334,33670
"(0.7719298245614035, 0.9692982456140352)",1,95.33333333333336,33671
"(0.9833333333333332, 1.0)",1,95.33333333333336,33672
"(0.9166666666666666, 1.0)",1,95.33333333333336,33673
"(0.7456140350877193, 0.956140350877193)",3,95.33333333333336,33676
"(1.0, 1.0)",1,95.33333333333334,33677
"(0.85, 1.0)",1,95.33333333333334,33678
"(0.9027777777777778, 1.0)",2,95.33333333333331,33680
"(0.8833333333333333, 1.0)",1,95.33333333333331,33681
"(0.9027777777777778, 0.9722222222222222)",1,95.3333333333333,33682
"(0.8611111111111112, 0.9722222222222222)",1,95.3333333333332,33683
"(0.9916666666666668, 0.9916666666666668)",4,95.33333333333316,33687
"(0.8571428571428571, 0.9607142857142856)",4,95.33214285714304,33691
"(0.8571428571428571, 0.9571428571428572)",1,95.332142857143,33692
"(0.8964285714285715, 0.9607142857142856)",1,95.33214285714295,33693
"(0.9357142857142856, 0.9607142857142856)",1,95.33214285714293,33694
"(0.9464285714285714, 0.9678571428571427)",3,95.33214285714284,33697
"(0.8964285714285715, 0.9535714285714286)",3,95.3321428571428,33700
"(0.925, 0.9535714285714286)",1,95.33214285714271,33701
"(0.9, 0.9535714285714286)",1,95.33214285714268,33702
"(0.885, 0.955)",3,95.33,33705
"(0.935, 0.9575)",2,95.32999999999988,33707
"(0.7058823529411765, 0.9411764705882352)",1,95.32941176470568,33708
"(0.8552631578947368, 0.9692982456140352)",1,95.32894736842113,33709
"(0.6491228070175439, 0.9605263157894736)",1,95.32894736842113,33710
"(0.8289473684210527, 0.9649122807017544)",3,95.3289473684211,33713
"(0.8640350877192983, 0.9736842105263158)",3,95.32894736842108,33716
"(0.4605263157894737, 0.9736842105263158)",1,95.32894736842108,33717
"(0.8114035087719298, 0.956140350877193)",2,95.32894736842108,33719
"(0.75, 0.9649122807017544)",1,95.32894736842104,33720
"(0.8377192982456141, 0.9605263157894736)",1,95.32894736842104,33721
"(0.9, 0.9571428571428572)",1,95.32857142857144,33722
"(0.9, 0.9642857142857144)",3,95.32857142857144,33725
"(0.8678571428571429, 0.9607142857142856)",2,95.32857142857142,33727
"(0.9535714285714286, 0.9642857142857144)",1,95.32857142857142,33728
"(0.9607142857142856, 0.95)",1,95.32857142857138,33729
"(0.9178571428571428, 0.9607142857142856)",1,95.32857142857138,33730
"(0.925, 0.9464285714285714)",3,95.32857142857137,33733
"(0.85, 0.9642857142857144)",1,95.32857142857134,33734
"(0.8964285714285715, 0.9535714285714286)",1,95.32857142857124,33735
"(0.9428571428571428, 0.9535714285714286)",1,95.32857142857124,33736
"(0.96, 0.9425)",1,95.3275,33737
"(0.8825, 0.9575)",1,95.32749999999996,33738
"(0.9475, 0.955)",2,95.32749999999994,33740
"(0.5930232558139535, 0.9767441860465116)",2,95.32558139534902,33742
"(0.7558139534883721, 0.9767441860465116)",2,95.325581395349,33744
"(0.7209302325581395, 0.9767441860465116)",1,95.32558139534898,33745
"(0.8953488372093024, 0.9767441860465116)",1,95.3255813953489,33746
"(0.6046511627906976, 0.9651162790697676)",2,95.32558139534888,33748
"(0.5465116279069767, 0.9767441860465116)",1,95.32558139534883,33749
"(0.7790697674418605, 0.9767441860465116)",1,95.32558139534882,33750
"(0.8604651162790697, 0.9767441860465116)",1,95.3255813953488,33751
"(0.9186046511627908, 0.9418604651162792)",1,95.32558139534878,33752
"(0.6976744186046512, 0.9534883720930232)",1,95.32558139534878,33753
"(0.6046511627906976, 0.9651162790697676)",2,95.32558139534878,33755
"(0.8604651162790697, 0.9534883720930232)",1,95.32558139534876,33756
"(0.7441860465116279, 0.9651162790697676)",1,95.32558139534876,33757
"(0.7906976744186046, 0.9534883720930232)",2,95.32558139534872,33759
"(0.7790697674418605, 0.9767441860465116)",1,95.32558139534872,33760
"(0.9302325581395348, 0.9534883720930232)",2,95.3255813953487,33762
"(0.8372093023255814, 0.9534883720930232)",1,95.32558139534868,33763
"(0.872093023255814, 0.9651162790697676)",1,95.32558139534868,33764
"(0.8372093023255814, 0.9651162790697676)",2,95.32558139534868,33766
"(0.9302325581395348, 0.9534883720930232)",1,95.32558139534866,33767
"(0.7906976744186046, 0.9651162790697676)",1,95.32558139534864,33768
"(0.8, 0.9625)",1,95.32500000000016,33769
"(0.8285714285714286, 0.9535714285714286)",1,95.32500000000005,33770
"(0.9678571428571427, 0.9607142857142856)",1,95.32500000000002,33771
"(0.8357142857142857, 0.9571428571428572)",1,95.325,33772
"(0.9535714285714286, 0.9535714285714286)",1,95.325,33773
"(0.825, 0.975)",1,95.325,33774
"(0.9428571428571428, 0.95)",1,95.325,33775
"(0.9464285714285714, 0.9571428571428572)",1,95.32499999999996,33776
"(0.9, 0.975)",1,95.32499999999996,33777
"(0.875, 0.9571428571428572)",2,95.32499999999996,33779
"(0.9107142857142856, 0.9678571428571427)",1,95.32499999999996,33780
"(0.9416666666666668, 0.975)",1,95.32499999999996,33781
"(0.9607142857142856, 0.9642857142857144)",1,95.32499999999996,33782
"(0.9, 0.95)",1,95.32499999999996,33783
"(0.8625, 0.975)",2,95.32499999999992,33785
"(0.725, 0.975)",1,95.32499999999992,33786
"(0.8857142857142857, 0.95)",1,95.32499999999992,33787
"(0.9642857142857144, 0.9678571428571427)",1,95.32499999999992,33788
"(0.8375, 0.9575)",1,95.3249999999999,33789
"(0.8571428571428571, 0.9464285714285714)",1,95.32499999999985,33790
"(0.9428571428571428, 0.9464285714285714)",1,95.32499999999985,33791
"(0.9166666666666666, 0.9692982456140352)",3,95.32456140350888,33794
"(0.8157894736842105, 0.9692982456140352)",3,95.32456140350884,33797
"(0.8728070175438597, 0.9736842105263158)",1,95.32456140350884,33798
"(0.9166666666666666, 0.9649122807017544)",1,95.3245614035088,33799
"(0.868421052631579, 0.9605263157894736)",3,95.3245614035088,33802
"(0.8947368421052632, 0.9649122807017544)",1,95.3245614035088,33803
"(0.706140350877193, 0.9649122807017544)",1,95.32456140350877,33804
"(0.8552631578947368, 0.9780701754385964)",1,95.32456140350877,33805
"(0.8025, 0.955)",1,95.3225,33806
"(0.91, 0.955)",1,95.32249999999992,33807
"(0.8821428571428571, 0.9607142857142856)",4,95.32142857142875,33811
"(0.9392857142857144, 0.9571428571428572)",3,95.3214285714286,33814
"(0.8607142857142858, 0.9571428571428572)",1,95.3214285714286,33815
"(0.9142857142857144, 0.9642857142857144)",3,95.32142857142858,33818
"(0.9214285714285714, 0.9571428571428572)",3,95.32142857142856,33821
"(0.95, 0.9607142857142856)",1,95.32142857142856,33822
"(0.9285714285714286, 0.9607142857142856)",2,95.32142857142854,33824
"(0.9642857142857144, 0.9535714285714286)",1,95.32142857142853,33825
"(0.9392857142857144, 0.9571428571428572)",1,95.32142857142853,33826
"(0.9642857142857144, 0.9535714285714286)",1,95.32142857142853,33827
"(0.8571428571428571, 0.9678571428571427)",1,95.32142857142846,33828
"(0.8702702702702703, 0.9719594594594596)",1,95.32128378378378,33829
"(0.9333333333333332, 0.9708333333333332)",2,95.32083333333333,33831
"(0.7763157894736842, 0.9649122807017544)",2,95.32017543859652,33833
"(0.8947368421052632, 0.9692982456140352)",2,95.32017543859652,33835
"(0.6535087719298246, 0.9649122807017544)",3,95.32017543859652,33838
"(0.8596491228070176, 0.9736842105263158)",1,95.32017543859652,33839
"(0.9078947368421052, 0.9736842105263158)",1,95.32017543859644,33840
"(0.9444444444444444, 0.9861111111111112)",1,95.31944444444464,33841
"(0.7777777777777778, 0.9722222222222222)",1,95.31944444444464,33842
"(0.7916666666666666, 0.9722222222222222)",1,95.31944444444464,33843
"(0.8055555555555556, 0.9861111111111112)",1,95.3194444444446,33844
"(0.8472222222222222, 0.9722222222222222)",1,95.3194444444446,33845
"(0.8333333333333334, 0.9722222222222222)",1,95.3194444444446,33846
"(0.6944444444444444, 0.9861111111111112)",1,95.31944444444458,33847
"(0.6944444444444444, 0.9861111111111112)",1,95.31944444444456,33848
"(0.7222222222222222, 0.9722222222222222)",1,95.31944444444456,33849
"(0.8194444444444444, 1.0)",2,95.31944444444456,33851
"(0.9305555555555556, 1.0)",1,95.31944444444456,33852
"(0.9305555555555556, 1.0)",1,95.31944444444454,33853
"(0.8333333333333334, 0.9722222222222222)",2,95.31944444444454,33855
"(0.5555555555555556, 0.9861111111111112)",1,95.31944444444454,33856
"(0.9583333333333334, 0.9861111111111112)",1,95.31944444444454,33857
"(0.8194444444444444, 0.9861111111111112)",1,95.31944444444451,33858
"(0.875, 0.9861111111111112)",1,95.31944444444451,33859
"(0.8472222222222222, 0.9722222222222222)",1,95.31944444444451,33860
"(0.8888888888888888, 0.9722222222222222)",1,95.31944444444451,33861
"(0.8888888888888888, 0.9861111111111112)",1,95.31944444444451,33862
"(0.9305555555555556, 1.0)",1,95.3194444444445,33863
"(0.9583333333333334, 1.0)",1,95.31944444444449,33864
"(0.8611111111111112, 1.0)",2,95.31944444444446,33866
"(0.875, 1.0)",1,95.31944444444444,33867
"(0.8472222222222222, 0.9722222222222222)",1,95.31944444444431,33868
"(0.95, 0.9607142857142856)",1,95.3178571428572,33869
"(0.8821428571428571, 0.95)",1,95.31785714285714,33870
"(0.9535714285714286, 0.9642857142857144)",1,95.31785714285714,33871
"(0.9535714285714286, 0.9571428571428572)",1,95.31785714285712,33872
"(0.925, 0.9607142857142856)",1,95.31785714285712,33873
"(0.9178571428571428, 0.95)",1,95.31785714285712,33874
"(0.9535714285714286, 0.9535714285714286)",1,95.3178571428571,33875
"(0.9464285714285714, 0.9607142857142856)",3,95.3178571428571,33878
"(0.9285714285714286, 0.9642857142857144)",1,95.31785714285708,33879
"(0.9464285714285714, 0.9571428571428572)",1,95.31785714285697,33880
"(0.9285714285714286, 0.9535714285714286)",1,95.31785714285697,33881
"(0.839527027027027, 0.9753378378378378)",2,95.3175675675676,33883
"(0.955, 0.9625)",1,95.31750000000012,33884
"(0.9225, 0.96)",1,95.31749999999992,33885
"(0.8666666666666667, 0.9833333333333332)",1,95.31666666666676,33886
"(0.8333333333333334, 1.0)",2,95.31666666666676,33888
"(0.8166666666666667, 0.9833333333333332)",1,95.31666666666672,33889
"(0.95, 0.9833333333333332)",1,95.31666666666672,33890
"(0.85, 1.0)",1,95.3166666666667,33891
"(0.8166666666666667, 1.0)",1,95.31666666666668,33892
"(0.85, 1.0)",1,95.31666666666668,33893
"(0.9166666666666666, 1.0)",1,95.31666666666666,33894
"(0.85, 1.0)",2,95.31666666666666,33896
"(1.0, 1.0)",1,95.31666666666666,33897
"(0.9333333333333332, 1.0)",1,95.31666666666666,33898
"(0.9833333333333332, 1.0)",2,95.31666666666666,33900
"(0.95, 1.0)",1,95.31666666666666,33901
"(0.9666666666666668, 1.0)",1,95.31666666666662,33902
"(0.9473684210526316, 0.9692982456140352)",2,95.31578947368438,33904
"(0.7149122807017544, 0.9780701754385964)",1,95.3157894736843,33905
"(0.8947368421052632, 0.9692982456140352)",1,95.31578947368423,33906
"(0.8947368421052632, 0.9473684210526316)",3,95.31578947368423,33909
"(0.8728070175438597, 0.9780701754385964)",1,95.31578947368423,33910
"(0.9277027027027028, 0.9682432432432432)",1,95.31554054054054,33911
"(0.915, 0.9475)",3,95.31500000000004,33914
"(0.7825, 0.9575)",1,95.31499999999996,33915
"(0.9625, 0.955)",1,95.31499999999993,33916
"(0.8625, 0.955)",1,95.31499999999993,33917
"(0.8714285714285714, 0.9607142857142856)",3,95.3142857142858,33920
"(0.8857142857142857, 0.9535714285714286)",1,95.31428571428567,33921
"(0.9321428571428572, 0.9607142857142856)",1,95.31428571428567,33922
"(0.9357142857142856, 0.9571428571428572)",1,95.31428571428567,33923
"(0.9607142857142856, 0.95)",1,95.31428571428567,33924
"(0.9714285714285714, 0.9607142857142856)",1,95.31428571428566,33925
"(0.9535714285714286, 0.95)",2,95.31428571428566,33927
"(0.9428571428571428, 0.9607142857142856)",1,95.31428571428565,33928
"(0.875, 0.9571428571428572)",1,95.31428571428562,33929
"(0.9357142857142856, 0.9535714285714286)",4,95.3142857142855,33933
"(0.8255813953488372, 0.9767441860465116)",1,95.31395348837223,33934
"(0.5930232558139535, 0.9767441860465116)",2,95.31395348837222,33936
"(0.7790697674418605, 0.9767441860465116)",1,95.31395348837218,33937
"(0.9186046511627908, 0.9883720930232558)",1,95.31395348837218,33938
"(0.5465116279069767, 0.9767441860465116)",1,95.31395348837216,33939
"(0.5232558139534884, 0.9651162790697676)",1,95.31395348837212,33940
"(0.9302325581395348, 0.9651162790697676)",1,95.31395348837212,33941
"(0.6046511627906976, 0.9534883720930232)",1,95.31395348837204,33942
"(0.6976744186046512, 0.9534883720930232)",1,95.313953488372,33943
"(0.8604651162790697, 0.9767441860465116)",1,95.313953488372,33944
"(0.627906976744186, 0.9767441860465116)",1,95.31395348837198,33945
"(0.6046511627906976, 0.9651162790697676)",1,95.31395348837198,33946
"(0.8372093023255814, 0.9534883720930232)",2,95.31395348837196,33948
"(0.8604651162790697, 0.9651162790697676)",1,95.31395348837194,33949
"(0.8372093023255814, 0.9651162790697676)",2,95.31395348837192,33951
"(0.8488372093023255, 0.9651162790697676)",1,95.31395348837192,33952
"(0.872093023255814, 0.9651162790697676)",2,95.3139534883719,33954
"(0.4767441860465116, 0.9651162790697676)",1,95.31395348837188,33955
"(0.8255813953488372, 0.9651162790697676)",1,95.31395348837188,33956
"(0.8604651162790697, 0.9651162790697676)",1,95.31395348837188,33957
"(0.4767441860465116, 0.9651162790697676)",1,95.31395348837184,33958
"(0.7084459459459459, 0.9733108108108108)",1,95.31317567567572,33959
"(0.85, 0.95)",1,95.31250000000014,33960
"(0.945, 0.9625)",1,95.31250000000011,33961
"(0.9125, 0.9625)",1,95.31250000000011,33962
"(0.93, 0.9625)",1,95.31250000000009,33963
"(0.8625, 0.975)",1,95.31250000000009,33964
"(0.8375, 0.95)",1,95.31250000000006,33965
"(0.8, 0.95)",1,95.31250000000004,33966
"(0.6925, 0.95)",1,95.3125,33967
"(0.8958333333333334, 0.9833333333333332)",1,95.31249999999996,33968
"(0.9525, 0.955)",1,95.31249999999996,33969
"(0.9, 0.975)",4,95.31249999999986,33973
"(0.8464912280701754, 0.9780701754385964)",1,95.311403508772,33974
"(0.8640350877192983, 0.9605263157894736)",3,95.31140350877196,33977
"(0.4561403508771929, 0.9692982456140352)",1,95.31140350877196,33978
"(0.912280701754386, 0.9736842105263158)",1,95.31140350877196,33979
"(0.868421052631579, 0.9649122807017544)",1,95.31140350877192,33980
"(0.67125, 0.9825)",1,95.3112500000001,33981
"(0.9214285714285714, 0.9642857142857144)",1,95.31071428571428,33982
"(0.8892857142857142, 0.9642857142857144)",1,95.31071428571424,33983
"(0.9642857142857144, 0.9535714285714286)",1,95.31071428571424,33984
"(0.9428571428571428, 0.9642857142857144)",1,95.31071428571418,33985
"(0.9642857142857144, 0.9535714285714286)",3,95.31071428571416,33988
"(0.8714285714285714, 0.9535714285714286)",1,95.31071428571408,33989
"(0.95, 0.9535714285714286)",1,95.31071428571406,33990
"(0.5084459459459459, 0.9682432432432432)",1,95.31047297297305,33991
"(0.925, 0.96)",1,95.31000000000004,33992
"(0.96, 0.9475)",1,95.31000000000004,33993
"(0.945, 0.9575)",1,95.30999999999987,33994
"(0.9708333333333332, 0.9875)",2,95.30833333333332,33996
"(0.5975, 0.96)",1,95.30749999999996,33997
"(0.86, 0.96)",2,95.3074999999999,33999
"(0.945, 0.955)",1,95.30749999999988,34000
"(0.8142857142857143, 0.9607142857142856)",4,95.30714285714302,34004
"(0.8678571428571429, 0.95)",1,95.3071428571429,34005
"(0.8535714285714285, 0.9571428571428572)",1,95.30714285714288,34006
"(0.9214285714285714, 0.9607142857142856)",1,95.30714285714288,34007
"(0.9642857142857144, 0.9607142857142856)",1,95.30714285714286,34008
"(0.95, 0.9571428571428572)",1,95.30714285714284,34009
"(0.9607142857142856, 0.9678571428571427)",1,95.30714285714284,34010
"(0.9535714285714286, 0.9571428571428572)",2,95.30714285714282,34012
"(0.9285714285714286, 0.9464285714285714)",1,95.30714285714282,34013
"(0.4285714285714285, 0.9678571428571427)",1,95.30714285714282,34014
"(0.8928571428571429, 0.9535714285714286)",1,95.30714285714282,34015
"(0.9428571428571428, 0.9642857142857144)",1,95.3071428571428,34016
"(0.9535714285714286, 0.9607142857142856)",3,95.3071428571428,34019
"(0.9142857142857144, 0.9571428571428572)",1,95.3071428571428,34020
"(0.9285714285714286, 0.9642857142857144)",1,95.3071428571428,34021
"(0.9357142857142856, 0.9642857142857144)",3,95.3071428571428,34024
"(0.8392857142857143, 0.9464285714285714)",2,95.3071428571428,34026
"(0.9392857142857144, 0.9642857142857144)",3,95.30714285714278,34029
"(0.9035714285714286, 0.9535714285714286)",1,95.30714285714272,34030
"(0.912280701754386, 0.9692982456140352)",4,95.3070175438598,34034
"(0.8245614035087719, 0.9605263157894736)",3,95.3070175438597,34037
"(0.8991228070175439, 0.9692982456140352)",3,95.3070175438597,34040
"(0.6625, 0.97875)",1,95.30625000000002,34041
"(0.55625, 0.9775)",1,95.3062499999999,34042
"(0.8472222222222222, 0.9861111111111112)",1,95.30555555555576,34043
"(0.7916666666666666, 0.9861111111111112)",1,95.30555555555576,34044
"(0.8194444444444444, 0.9861111111111112)",1,95.30555555555574,34045
"(0.8194444444444444, 0.9722222222222222)",1,95.30555555555571,34046
"(0.9027777777777778, 0.9861111111111112)",2,95.30555555555571,34048
"(0.9305555555555556, 0.9722222222222222)",1,95.30555555555571,34049
"(0.7638888888888888, 0.9861111111111112)",1,95.30555555555569,34050
"(0.9027777777777778, 0.9861111111111112)",1,95.30555555555566,34051
"(0.8611111111111112, 1.0)",1,95.30555555555564,34052
"(0.9027777777777778, 1.0)",1,95.3055555555556,34053
"(0.7083333333333334, 1.0)",1,95.30555555555554,34054
"(0.8611111111111112, 1.0)",2,95.30555555555554,34056
"(0.8472222222222222, 0.9722222222222222)",1,95.30555555555544,34057
"(0.5847972972972973, 0.9736486486486486)",1,95.30506756756758,34058
"(0.65125, 0.985)",1,95.30500000000004,34059
"(0.9375, 0.96)",1,95.30500000000004,34060
"(0.945, 0.9525)",1,95.305,34061
"(0.8584459459459459, 0.9722972972972972)",2,95.30439189189192,34063
"(0.9875, 0.8666666666666667)",1,95.30416666666666,34064
"(0.7327702702702703, 0.9695945945945946)",1,95.30371621621626,34065
"(0.9464285714285714, 0.9571428571428572)",2,95.30357142857144,34067
"(0.8678571428571429, 0.9607142857142856)",3,95.30357142857144,34070
"(0.8285714285714286, 0.9535714285714286)",1,95.30357142857144,34071
"(0.9214285714285714, 0.9571428571428572)",1,95.30357142857142,34072
"(0.825, 0.9571428571428572)",6,95.30357142857142,34078
"(0.95, 0.9357142857142856)",1,95.3035714285714,34079
"(0.8285714285714286, 0.9607142857142856)",3,95.3035714285714,34082
"(0.9571428571428572, 0.9642857142857144)",1,95.30357142857136,34083
"(0.9642857142857144, 0.9714285714285714)",1,95.30357142857136,34084
"(0.9428571428571428, 0.9535714285714286)",1,95.30357142857132,34085
"(0.8201754385964912, 0.9649122807017544)",1,95.30263157894744,34086
"(0.8289473684210527, 0.9649122807017544)",1,95.3026315789474,34087
"(0.793859649122807, 0.9649122807017544)",3,95.3026315789474,34090
"(0.8625, 0.9625)",1,95.30250000000017,34091
"(0.9425, 0.9625)",2,95.3025,34093
"(0.8275, 0.955)",1,95.30249999999994,34094
"(0.83, 0.9575)",1,95.30249999999992,34095
"(0.7906976744186046, 0.9767441860465116)",1,95.3023255813955,34096
"(0.5930232558139535, 0.9767441860465116)",2,95.30232558139548,34098
"(0.7558139534883721, 0.9767441860465116)",1,95.30232558139544,34099
"(0.8255813953488372, 0.9651162790697676)",1,95.30232558139542,34100
"(0.813953488372093, 0.9651162790697676)",1,95.3023255813954,34101
"(0.7790697674418605, 0.9767441860465116)",1,95.3023255813954,34102
"(0.5465116279069767, 0.9767441860465116)",1,95.30232558139537,34103
"(0.7674418604651163, 0.9767441860465116)",2,95.30232558139532,34105
"(0.9534883720930232, 0.9767441860465116)",1,95.30232558139532,34106
"(0.5465116279069767, 0.9651162790697676)",1,95.30232558139532,34107
"(0.9186046511627908, 0.9651162790697676)",1,95.30232558139532,34108
"(0.6744186046511628, 0.9534883720930232)",1,95.30232558139532,34109
"(0.8372093023255814, 0.9534883720930232)",1,95.30232558139532,34110
"(0.872093023255814, 0.9651162790697676)",1,95.3023255813953,34111
"(0.8023255813953488, 0.9651162790697676)",1,95.3023255813953,34112
"(0.7093023255813954, 0.9767441860465116)",1,95.3023255813953,34113
"(0.5116279069767442, 0.9534883720930232)",1,95.30232558139528,34114
"(0.5465116279069767, 0.9418604651162792)",1,95.30232558139528,34115
"(0.7906976744186046, 0.9651162790697676)",1,95.30232558139524,34116
"(0.3604651162790697, 0.9651162790697676)",1,95.30232558139524,34117
"(0.872093023255814, 0.9651162790697676)",1,95.3023255813952,34118
"(0.7906976744186046, 0.9651162790697676)",1,95.30232558139518,34119
"(0.8604651162790697, 0.9534883720930232)",2,95.30232558139517,34121
"(0.8255813953488372, 0.9651162790697676)",1,95.30232558139517,34122
"(0.8604651162790697, 0.9651162790697676)",2,95.30232558139517,34124
"(0.7325581395348837, 0.9651162790697676)",1,95.30232558139514,34125
"(0.8488372093023255, 0.9651162790697676)",1,95.30232558139514,34126
"(0.8604651162790697, 0.9651162790697676)",1,95.30232558139512,34127
"(0.7906976744186046, 0.9651162790697676)",1,95.30232558139512,34128
"(0.4356060606060606, 0.9988636363636364)",3,95.30151515151516,34131
"(0.535472972972973, 0.9733108108108108)",1,95.30067567567572,34132
"(0.9, 0.95)",1,95.30000000000018,34133
"(0.8178571428571428, 0.9607142857142856)",1,95.30000000000013,34134
"(0.875, 0.9571428571428572)",1,95.3000000000001,34135
"(0.75, 0.9625)",1,95.3000000000001,34136
"(0.945, 0.9625)",1,95.30000000000008,34137
"(0.9107142857142856, 0.95)",1,95.30000000000008,34138
"(0.8333333333333334, 1.0)",1,95.30000000000004,34139
"(0.9125, 0.95)",1,95.30000000000004,34140
"(0.8875, 0.9625)",1,95.30000000000004,34141
"(0.8833333333333333, 0.9833333333333332)",1,95.30000000000004,34142
"(1.0, 1.0)",1,95.3,34143
"(0.95, 0.9525)",3,95.3,34146
"(1.0, 1.0)",1,95.3,34147
"(0.9666666666666668, 1.0)",1,95.3,34148
"(0.8666666666666667, 0.9708333333333332)",1,95.3,34149
"(0.9475, 0.9625)",1,95.29999999999998,34150
"(0.9428571428571428, 0.9571428571428572)",1,95.29999999999998,34151
"(0.9357142857142856, 0.9571428571428572)",1,95.29999999999998,34152
"(0.925, 0.975)",2,95.29999999999998,34154
"(0.9464285714285714, 0.9571428571428572)",1,95.29999999999995,34155
"(0.905, 0.955)",2,95.29999999999995,34157
"(0.925, 0.975)",2,95.29999999999995,34159
"(0.8575, 0.955)",1,95.29999999999995,34160
"(0.875, 0.95)",1,95.29999999999993,34161
"(0.8821428571428571, 0.9642857142857144)",1,95.29999999999993,34162
"(0.925, 0.975)",1,95.29999999999986,34163
"(0.875, 0.9535714285714286)",4,95.29999999999976,34167
"(0.8043918918918919, 0.9733108108108108)",1,95.29932432432432,34168
"(0.8263513513513514, 0.9692567567567568)",1,95.29864864864876,34169
"(0.8289473684210527, 0.9692982456140352)",4,95.29824561403522,34173
"(0.8421052631578947, 0.9692982456140352)",2,95.29824561403518,34175
"(0.8201754385964912, 0.9692982456140352)",1,95.29824561403518,34176
"(0.8903508771929824, 0.9736842105263158)",2,95.29824561403515,34178
"(0.8333333333333334, 0.9780701754385964)",2,95.29824561403515,34180
"(0.8377192982456141, 0.956140350877193)",6,95.29824561403512,34186
"(0.8157894736842105, 0.9649122807017544)",1,95.29824561403512,34187
"(0.835, 0.955)",1,95.29749999999994,34188
"(0.8725, 0.9525)",1,95.29749999999991,34189
"(0.7371212121212121, 0.9950757575757576)",1,95.29659090909097,34190
"(0.9, 0.9607142857142856)",1,95.29642857142863,34191
"(0.8357142857142857, 0.9571428571428572)",1,95.2964285714286,34192
"(0.8464285714285714, 0.9607142857142856)",3,95.2964285714286,34195
"(0.9107142857142856, 0.9607142857142856)",3,95.2964285714286,34198
"(0.8928571428571429, 0.9464285714285714)",1,95.29642857142858,34199
"(0.9392857142857144, 0.9535714285714286)",3,95.29642857142856,34202
"(0.9071428571428573, 0.9571428571428572)",3,95.2964285714285,34205
"(0.9142857142857144, 0.9535714285714286)",1,95.29642857142848,34206
"(0.9392857142857144, 0.9571428571428572)",1,95.29642857142848,34207
"(0.8178571428571428, 0.9535714285714286)",1,95.29642857142844,34208
"(0.9142857142857144, 0.9535714285714286)",1,95.29642857142836,34209
"(0.9291666666666668, 0.9958333333333332)",1,95.29583333333336,34210
"(0.9833333333333332, 0.9791666666666666)",1,95.29583333333336,34211
"(0.8775, 0.955)",1,95.29499999999996,34212
"(0.8575, 0.96)",1,95.29499999999987,34213
"(0.835, 0.955)",1,95.29499999999987,34214
"(0.8588235294117647, 0.9294117647058824)",3,95.2941176470586,34217
"(0.912280701754386, 0.9692982456140352)",4,95.29385964912292,34221
"(0.8771929824561403, 0.9692982456140352)",2,95.29385964912292,34223
"(0.9385964912280702, 0.9692982456140352)",1,95.2938596491229,34224
"(0.8377192982456141, 0.9649122807017544)",1,95.29385964912284,34225
"(0.6798245614035088, 0.9649122807017544)",1,95.29385964912282,34226
"(0.8678571428571429, 0.9607142857142856)",1,95.29285714285724,34227
"(0.9392857142857144, 0.9535714285714286)",1,95.2928571428572,34228
"(0.8464285714285714, 0.9571428571428572)",2,95.2928571428572,34230
"(0.9428571428571428, 0.9535714285714286)",1,95.29285714285712,34231
"(0.9285714285714286, 0.9535714285714286)",1,95.29285714285712,34232
"(0.9214285714285714, 0.9571428571428572)",1,95.2928571428571,34233
"(0.9035714285714286, 0.9535714285714286)",1,95.2928571428571,34234
"(0.9107142857142856, 0.9785714285714284)",1,95.29285714285707,34235
"(0.875, 0.9535714285714286)",1,95.29285714285707,34236
"(0.9535714285714286, 0.9535714285714286)",1,95.29285714285706,34237
"(0.5964285714285714, 0.9607142857142856)",1,95.29285714285706,34238
"(0.95, 0.955)",1,95.29249999999992,34239
"(0.7912162162162162, 0.9780405405405406)",2,95.29189189189192,34241
"(0.8611111111111112, 0.9722222222222222)",1,95.2916666666669,34242
"(0.8611111111111112, 0.9583333333333334)",1,95.29166666666686,34243
"(0.8472222222222222, 0.9722222222222222)",1,95.29166666666686,34244
"(0.9305555555555556, 0.9861111111111112)",1,95.29166666666684,34245
"(0.5416666666666666, 0.9861111111111112)",1,95.29166666666684,34246
"(0.875, 0.9861111111111112)",1,95.29166666666684,34247
"(0.6666666666666666, 0.9861111111111112)",1,95.29166666666684,34248
"(0.8472222222222222, 0.9722222222222222)",1,95.2916666666668,34249
"(0.9444444444444444, 0.9861111111111112)",2,95.29166666666676,34251
"(0.8611111111111112, 0.9583333333333334)",2,95.29166666666671,34253
"(0.9305555555555556, 1.0)",2,95.29166666666669,34255
"(0.7083333333333334, 1.0)",1,95.29166666666666,34256
"(0.8604651162790697, 0.9767441860465116)",3,95.2906976744188,34259
"(0.7674418604651163, 0.9767441860465116)",1,95.29069767441877,34260
"(0.7906976744186046, 0.9767441860465116)",1,95.29069767441874,34261
"(0.7790697674418605, 0.9767441860465116)",1,95.29069767441872,34262
"(0.7093023255813954, 0.9767441860465116)",2,95.29069767441872,34264
"(0.7674418604651163, 0.9883720930232558)",2,95.2906976744187,34266
"(0.4534883720930232, 0.9651162790697676)",1,95.29069767441864,34267
"(0.872093023255814, 0.9767441860465116)",1,95.29069767441862,34268
"(0.7325581395348837, 0.9418604651162792)",2,95.29069767441858,34270
"(0.5116279069767442, 0.9534883720930232)",1,95.29069767441858,34271
"(0.4069767441860465, 0.9651162790697676)",1,95.29069767441857,34272
"(0.4767441860465116, 0.9534883720930232)",1,95.29069767441857,34273
"(0.6744186046511628, 0.9767441860465116)",1,95.29069767441857,34274
"(0.5813953488372093, 0.9534883720930232)",1,95.29069767441857,34275
"(0.8837209302325582, 0.9767441860465116)",1,95.29069767441854,34276
"(0.5232558139534884, 0.9651162790697676)",1,95.29069767441852,34277
"(0.7674418604651163, 0.9767441860465116)",1,95.29069767441852,34278
"(0.8604651162790697, 0.9651162790697676)",1,95.2906976744185,34279
"(0.8837209302325582, 0.9767441860465116)",1,95.2906976744185,34280
"(0.7906976744186046, 0.9534883720930232)",1,95.29069767441848,34281
"(0.8488372093023255, 0.9534883720930232)",1,95.29069767441844,34282
"(0.8372093023255814, 0.9651162790697676)",2,95.29069767441844,34284
"(0.7790697674418605, 0.9767441860465116)",1,95.29069767441842,34285
"(0.4767441860465116, 0.9651162790697676)",1,95.2906976744184,34286
"(0.66125, 0.9775)",1,95.29000000000006,34287
"(0.547972972972973, 0.9726351351351352)",1,95.289527027027,34288
"(0.7236842105263158, 0.9649122807017544)",2,95.2894736842106,34290
"(0.6929824561403509, 0.9824561403508772)",1,95.28947368421048,34291
"(0.9607142857142856, 0.9357142857142856)",1,95.2892857142857,34292
"(0.825, 0.95)",1,95.28928571428568,34293
"(0.9035714285714286, 0.9571428571428572)",3,95.28928571428568,34296
"(0.9535714285714286, 0.9535714285714286)",1,95.2892857142856,34297
"(0.9321428571428572, 0.9571428571428572)",1,95.28928571428558,34298
"(0.5212837837837838, 0.9719594594594596)",1,95.28885135135135,34299
"(0.41875, 0.965)",1,95.28875000000014,34300
"(0.6621212121212121, 1.0)",1,95.28787878787884,34301
"(0.925, 0.9625)",1,95.28750000000018,34302
"(0.9375, 0.9625)",1,95.28750000000016,34303
"(0.9625, 0.9625)",1,95.28750000000012,34304
"(0.9125, 0.95)",1,95.28750000000008,34305
"(0.9, 0.95)",1,95.28750000000004,34306
"(0.8916666666666667, 0.9833333333333332)",1,95.28750000000004,34307
"(0.925, 0.9833333333333332)",1,95.2875,34308
"(0.8875, 0.975)",1,95.2875,34309
"(0.9, 0.975)",1,95.28749999999998,34310
"(0.785, 0.955)",1,95.28749999999997,34311
"(0.8875, 0.975)",1,95.28749999999994,34312
"(0.9525, 0.955)",1,95.28749999999992,34313
"(0.8375, 0.975)",4,95.28749999999984,34317
"(0.6875, 0.975)",1,95.28749999999982,34318
"(0.8857142857142857, 0.9571428571428572)",1,95.2857142857143,34319
"(0.9464285714285714, 0.9642857142857144)",1,95.28571428571426,34320
"(0.9571428571428572, 0.9607142857142856)",2,95.28571428571423,34322
"(0.9464285714285714, 0.9678571428571427)",1,95.28571428571423,34323
"(0.9607142857142856, 0.9642857142857144)",1,95.2857142857142,34324
"(0.9107142857142856, 0.9571428571428572)",1,95.2857142857142,34325
"(0.8964285714285715, 0.9571428571428572)",1,95.28571428571418,34326
"(0.9464285714285714, 0.9535714285714286)",1,95.28571428571412,34327
"(0.912280701754386, 0.9692982456140352)",3,95.28508771929828,34330
"(0.868421052631579, 0.9649122807017544)",1,95.28508771929828,34331
"(0.9078947368421052, 0.9649122807017544)",1,95.28508771929826,34332
"(0.84, 0.955)",1,95.28499999999998,34333
"(0.86, 0.9575)",1,95.28499999999984,34334
"(0.8672297297297298, 0.9682432432432432)",1,95.28378378378378,34335
"(0.85, 1.0)",2,95.28333333333342,34337
"(0.85, 1.0)",1,95.2833333333334,34338
"(0.9166666666666666, 1.0)",2,95.2833333333334,34340
"(0.8166666666666667, 0.9833333333333332)",1,95.2833333333334,34341
"(0.9, 1.0)",1,95.28333333333336,34342
"(0.9166666666666666, 1.0)",1,95.28333333333336,34343
"(0.7166666666666667, 1.0)",1,95.28333333333336,34344
"(0.8333333333333334, 1.0)",1,95.28333333333336,34345
"(0.8833333333333333, 0.9833333333333332)",2,95.28333333333332,34347
"(0.8666666666666667, 1.0)",1,95.28333333333332,34348
"(0.9791666666666666, 0.9875)",4,95.28333333333326,34352
"(0.9075, 0.9475)",1,95.2825000000001,34353
"(0.8675, 0.9575)",1,95.28250000000008,34354
"(0.9529411764705882, 0.9294117647058824)",1,95.28235294117636,34355
"(0.8470588235294118, 0.9411764705882352)",3,95.28235294117628,34358
"(0.8470588235294118, 0.9411764705882352)",3,95.28235294117624,34361
"(0.9285714285714286, 0.9464285714285714)",1,95.28214285714284,34362
"(0.8678571428571429, 0.9535714285714286)",1,95.28214285714265,34363
"(0.55375, 0.9825)",1,95.28125000000004,34364
"(0.8903508771929824, 0.9692982456140352)",1,95.280701754386,34365
"(0.6359649122807017, 0.9605263157894736)",3,95.280701754386,34368
"(0.6973684210526315, 0.9649122807017544)",3,95.280701754386,34371
"(0.8903508771929824, 0.9649122807017544)",1,95.280701754386,34372
"(0.9575, 0.9575)",1,95.27999999999992,34373
"(0.85, 0.955)",1,95.2799999999999,34374
"(0.8780405405405406, 0.9668918918918918)",1,95.27939189189188,34375
"(0.9375, 0.9666666666666668)",1,95.2791666666667,34376
"(0.6511627906976745, 0.9767441860465116)",1,95.279069767442,34377
"(0.8255813953488372, 0.9767441860465116)",1,95.27906976744192,34378
"(0.8255813953488372, 0.9767441860465116)",2,95.27906976744184,34380
"(0.4534883720930232, 0.9767441860465116)",1,95.27906976744184,34381
"(0.6511627906976745, 0.9534883720930232)",1,95.27906976744184,34382
"(0.3023255813953488, 0.9534883720930232)",1,95.27906976744184,34383
"(0.6744186046511628, 0.9651162790697676)",1,95.27906976744184,34384
"(0.7441860465116279, 0.9651162790697676)",1,95.2790697674418,34385
"(0.5116279069767442, 0.9767441860465116)",1,95.27906976744175,34386
"(0.6395348837209303, 0.9651162790697676)",1,95.27906976744173,34387
"(0.8372093023255814, 0.9534883720930232)",1,95.27906976744173,34388
"(0.8372093023255814, 0.9534883720930232)",1,95.2790697674417,34389
"(0.4767441860465116, 0.9651162790697676)",1,95.27906976744168,34390
"(0.8953488372093024, 0.9651162790697676)",1,95.27906976744168,34391
"(0.872093023255814, 0.9651162790697676)",1,95.27906976744164,34392
"(0.8488372093023255, 0.9651162790697676)",1,95.27906976744164,34393
"(0.8953488372093024, 0.9651162790697676)",1,95.27906976744164,34394
"(0.8785714285714286, 0.95)",1,95.27857142857148,34395
"(0.9178571428571428, 0.9607142857142856)",1,95.2785714285714,34396
"(0.9428571428571428, 0.9535714285714286)",1,95.2785714285714,34397
"(0.8964285714285715, 0.9571428571428572)",1,95.2785714285714,34398
"(0.85, 0.9464285714285714)",1,95.27857142857138,34399
"(0.9428571428571428, 0.9535714285714286)",3,95.27857142857138,34402
"(0.8857142857142857, 0.9571428571428572)",1,95.27857142857138,34403
"(0.9642857142857144, 0.9821428571428572)",1,95.27857142857138,34404
"(0.8928571428571429, 0.9535714285714286)",3,95.27857142857135,34407
"(0.9142857142857144, 0.9642857142857144)",1,95.27857142857135,34408
"(0.8611111111111112, 0.9861111111111112)",1,95.27777777777798,34409
"(0.8472222222222222, 0.9861111111111112)",1,95.27777777777794,34410
"(0.625, 0.9861111111111112)",1,95.27777777777794,34411
"(0.8611111111111112, 0.9722222222222222)",1,95.27777777777794,34412
"(0.8611111111111112, 0.9722222222222222)",1,95.27777777777791,34413
"(0.9027777777777778, 0.9722222222222222)",1,95.2777777777779,34414
"(0.8611111111111112, 0.9722222222222222)",1,95.27777777777789,34415
"(0.9027777777777778, 0.9861111111111112)",1,95.27777777777789,34416
"(0.8888888888888888, 0.9861111111111112)",1,95.27777777777789,34417
"(0.7361111111111112, 1.0)",2,95.27777777777786,34419
"(0.7916666666666666, 0.9722222222222222)",1,95.27777777777784,34420
"(0.9444444444444444, 1.0)",2,95.27777777777784,34422
"(0.6944444444444444, 1.0)",1,95.2777777777778,34423
"(0.7083333333333334, 1.0)",1,95.27777777777776,34424
"(0.7777777777777778, 1.0)",1,95.27777777777776,34425
"(0.868421052631579, 0.9692982456140352)",3,95.27631578947374,34428
"(0.868421052631579, 0.9692982456140352)",2,95.27631578947371,34430
"(0.7763157894736842, 0.9605263157894736)",3,95.27631578947371,34433
"(0.7456140350877193, 0.9692982456140352)",1,95.27631578947368,34434
"(0.8201754385964912, 0.956140350877193)",6,95.27631578947368,34440
"(0.5871212121212122, 1.0)",3,95.2757575757576,34443
"(0.9375, 0.975)",1,95.27500000000012,34444
"(0.8, 0.975)",1,95.27500000000008,34445
"(0.785, 0.9525)",1,95.27500000000006,34446
"(0.9392857142857144, 0.9607142857142856)",1,95.275,34447
"(0.9285714285714286, 0.9571428571428572)",3,95.275,34450
"(0.9107142857142856, 0.9678571428571427)",1,95.275,34451
"(0.9333333333333332, 0.975)",1,95.275,34452
"(0.9607142857142856, 0.9571428571428572)",1,95.27499999999998,34453
"(0.95, 0.9642857142857144)",1,95.27499999999998,34454
"(0.9392857142857144, 0.9535714285714286)",1,95.27499999999998,34455
"(0.8875, 0.975)",1,95.27499999999998,34456
"(0.95, 0.9607142857142856)",1,95.27499999999998,34457
"(0.6925, 0.9575)",1,95.27499999999996,34458
"(0.8392857142857143, 0.9571428571428572)",1,95.27499999999996,34459
"(0.9714285714285714, 0.9535714285714286)",1,95.27499999999996,34460
"(0.9285714285714286, 0.95)",1,95.27499999999996,34461
"(0.9125, 0.975)",1,95.27499999999996,34462
"(0.9464285714285714, 0.9571428571428572)",1,95.27499999999996,34463
"(0.9075, 0.955)",2,95.27499999999992,34465
"(0.9541666666666668, 0.9708333333333332)",1,95.27499999999992,34466
"(0.925, 0.9535714285714286)",1,95.27499999999992,34467
"(0.8964285714285715, 0.9535714285714286)",1,95.2749999999999,34468
"(0.9464285714285714, 0.9571428571428572)",1,95.27499999999988,34469
"(0.85, 0.975)",1,95.27499999999986,34470
"(0.92, 0.955)",1,95.27250000000002,34471
"(0.7456140350877193, 0.9692982456140352)",4,95.27192982456154,34475
"(0.8640350877192983, 0.9692982456140352)",3,95.27192982456148,34478
"(0.8157894736842105, 0.9649122807017544)",1,95.27192982456148,34479
"(0.8640350877192983, 0.9692982456140352)",1,95.27192982456144,34480
"(0.7236842105263158, 0.9649122807017544)",3,95.27192982456144,34483
"(0.6885964912280702, 0.9736842105263158)",1,95.27192982456144,34484
"(0.8640350877192983, 0.9605263157894736)",3,95.27192982456144,34487
"(0.9178571428571428, 0.9535714285714286)",1,95.2714285714286,34488
"(0.9607142857142856, 0.9607142857142856)",1,95.2714285714286,34489
"(0.9392857142857144, 0.9642857142857144)",1,95.27142857142856,34490
"(0.8607142857142858, 0.9464285714285714)",1,95.27142857142856,34491
"(0.9107142857142856, 0.9535714285714286)",1,95.27142857142856,34492
"(0.9107142857142856, 0.8964285714285715)",1,95.27142857142854,34493
"(0.9357142857142856, 0.9607142857142856)",1,95.2714285714285,34494
"(0.9321428571428572, 0.9571428571428572)",1,95.2714285714285,34495
"(0.875, 0.9571428571428572)",1,95.2714285714285,34496
"(0.9571428571428572, 0.9607142857142856)",2,95.2714285714285,34498
"(0.9575, 0.965)",1,95.27000000000004,34499
"(0.9375, 0.955)",2,95.26999999999994,34501
"(0.7925, 0.9425)",1,95.26999999999992,34502
"(0.6625, 0.96125)",1,95.26874999999998,34503
"(0.5402027027027027, 0.979391891891892)",4,95.2682432432432,34507
"(0.9214285714285714, 0.9607142857142856)",1,95.26785714285724,34508
"(0.8928571428571429, 0.9607142857142856)",1,95.2678571428572,34509
"(0.9392857142857144, 0.9428571428571428)",1,95.26785714285715,34510
"(0.9, 0.95)",1,95.26785714285715,34511
"(0.9607142857142856, 0.9571428571428572)",2,95.26785714285714,34513
"(0.9, 0.9571428571428572)",1,95.26785714285714,34514
"(0.95, 0.9678571428571427)",1,95.26785714285712,34515
"(0.8607142857142858, 0.9535714285714286)",1,95.2678571428571,34516
"(0.7324561403508771, 0.9605263157894736)",1,95.26754385964924,34517
"(0.8771929824561403, 0.956140350877193)",1,95.26754385964917,34518
"(0.8245614035087719, 0.9736842105263158)",3,95.26754385964917,34521
"(0.9166666666666666, 0.9605263157894736)",1,95.26754385964914,34522
"(0.8552631578947368, 0.9736842105263158)",1,95.26754385964912,34523
"(0.925438596491228, 0.9912280701754386)",1,95.2675438596491,34524
"(0.96, 0.945)",3,95.2675000000001,34527
"(0.93, 0.9575)",1,95.26749999999998,34528
"(0.955, 0.955)",2,95.26749999999996,34530
"(0.7906976744186046, 0.9767441860465116)",1,95.26744186046524,34531
"(0.7209302325581395, 0.9767441860465116)",1,95.26744186046524,34532
"(0.8255813953488372, 0.9883720930232558)",1,95.2674418604652,34533
"(0.3372093023255814, 1.0)",1,95.26744186046518,34534
"(0.9651162790697676, 0.9767441860465116)",1,95.26744186046513,34535
"(0.3023255813953488, 0.9534883720930232)",2,95.26744186046508,34537
"(0.8372093023255814, 0.9651162790697676)",1,95.26744186046508,34538
"(0.813953488372093, 0.9651162790697676)",1,95.26744186046504,34539
"(0.5813953488372093, 0.9651162790697676)",1,95.26744186046504,34540
"(0.5465116279069767, 0.9534883720930232)",1,95.26744186046504,34541
"(0.813953488372093, 0.9767441860465116)",1,95.26744186046504,34542
"(0.8837209302325582, 0.9651162790697676)",1,95.26744186046504,34543
"(0.3953488372093023, 0.9651162790697676)",1,95.267441860465,34544
"(0.8837209302325582, 0.9651162790697676)",1,95.26744186046491,34545
"(0.8488372093023255, 0.9651162790697676)",1,95.26744186046484,34546
"(0.5273648648648649, 0.9746621621621622)",1,95.26689189189187,34547
"(0.9666666666666668, 0.9833333333333332)",2,95.26666666666674,34549
"(0.8833333333333333, 0.9833333333333332)",1,95.26666666666674,34550
"(0.9, 1.0)",1,95.26666666666672,34551
"(0.9, 0.9833333333333332)",1,95.26666666666672,34552
"(0.9833333333333332, 1.0)",1,95.26666666666672,34553
"(0.85, 1.0)",1,95.26666666666668,34554
"(0.9666666666666668, 1.0)",1,95.26666666666668,34555
"(0.8333333333333334, 1.0)",1,95.26666666666664,34556
"(0.915, 0.9525)",3,95.26500000000004,34559
"(0.5875, 0.9825)",1,95.26500000000004,34560
"(0.95, 0.9714285714285714)",1,95.26428571428572,34561
"(0.8571428571428571, 0.9642857142857144)",1,95.2642857142857,34562
"(0.9571428571428572, 0.9571428571428572)",1,95.26428571428568,34563
"(0.9535714285714286, 0.9607142857142856)",1,95.26428571428568,34564
"(0.9392857142857144, 0.95)",1,95.26428571428568,34565
"(0.9357142857142856, 0.9642857142857144)",1,95.26428571428566,34566
"(0.9285714285714286, 0.9678571428571427)",1,95.26428571428566,34567
"(0.9535714285714286, 0.9535714285714286)",2,95.26428571428566,34569
"(0.8607142857142858, 0.9535714285714286)",1,95.26428571428566,34570
"(0.8857142857142857, 0.9535714285714286)",1,95.26428571428563,34571
"(0.9357142857142856, 0.9642857142857144)",3,95.26428571428563,34574
"(0.9392857142857144, 0.9428571428571428)",1,95.26428571428563,34575
"(0.8892857142857142, 0.9535714285714286)",1,95.26428571428562,34576
"(0.8333333333333334, 0.9722222222222222)",1,95.26388888888908,34577
"(0.875, 0.9861111111111112)",2,95.26388888888908,34579
"(0.8888888888888888, 0.9722222222222222)",1,95.26388888888908,34580
"(0.8472222222222222, 0.9861111111111112)",2,95.26388888888906,34582
"(0.8472222222222222, 0.9722222222222222)",1,95.26388888888904,34583
"(0.7222222222222222, 0.9722222222222222)",1,95.26388888888904,34584
"(0.625, 0.9722222222222222)",2,95.26388888888904,34586
"(0.8055555555555556, 0.9583333333333334)",1,95.26388888888904,34587
"(0.8611111111111112, 1.0)",1,95.263888888889,34588
"(0.9305555555555556, 0.9722222222222222)",2,95.263888888889,34590
"(0.9027777777777778, 0.9722222222222222)",1,95.263888888889,34591
"(0.6944444444444444, 0.9861111111111112)",1,95.263888888889,34592
"(0.8611111111111112, 1.0)",1,95.26388888888896,34593
"(0.9305555555555556, 1.0)",1,95.26388888888896,34594
"(0.8333333333333334, 1.0)",1,95.26388888888896,34595
"(0.9583333333333334, 1.0)",1,95.26388888888891,34596
"(0.8552631578947368, 0.9649122807017544)",1,95.2631578947369,34597
"(0.5219298245614035, 0.9736842105263158)",3,95.2631578947369,34600
"(0.7192982456140351, 0.9605263157894736)",1,95.2631578947369,34601
"(0.8728070175438597, 0.9605263157894736)",3,95.2631578947369,34604
"(0.8289473684210527, 0.9736842105263158)",1,95.26315789473688,34605
"(0.6359649122807017, 0.9649122807017544)",1,95.26315789473688,34606
"(0.6096491228070176, 0.9780701754385964)",2,95.26315789473688,34608
"(0.9078947368421052, 0.9912280701754386)",1,95.26315789473686,34609
"(0.8859649122807017, 0.9692982456140352)",1,95.26315789473686,34610
"(0.8125, 0.95)",2,95.26250000000007,34612
"(0.85, 0.95)",1,95.26250000000007,34613
"(0.9333333333333332, 0.9666666666666668)",1,95.26250000000002,34614
"(0.8875, 0.975)",1,95.2625,34615
"(0.96, 0.945)",1,95.26249999999996,34616
"(0.9291666666666668, 0.9875)",1,95.26249999999996,34617
"(0.7925, 0.9625)",1,95.26249999999996,34618
"(0.6875, 0.975)",1,95.26249999999996,34619
"(0.8125, 0.975)",1,95.26249999999996,34620
"(0.9, 0.975)",1,95.26249999999992,34621
"(0.85, 0.975)",1,95.26249999999986,34622
"(0.8535714285714285, 0.9642857142857144)",1,95.26071428571429,34623
"(0.8678571428571429, 0.9607142857142856)",1,95.26071428571426,34624
"(0.8928571428571429, 0.9535714285714286)",1,95.26071428571422,34625
"(0.95, 0.9678571428571427)",1,95.26071428571416,34626
"(0.9464285714285714, 0.9535714285714286)",1,95.26071428571412,34627
"(0.9142857142857144, 0.9535714285714286)",1,95.2607142857141,34628
"(0.96, 0.945)",1,95.26,34629
"(0.9075, 0.945)",1,95.26,34630
"(0.77, 0.9525)",1,95.25999999999996,34631
"(0.8575, 0.955)",1,95.25999999999996,34632
"(0.8225, 0.96)",2,95.25999999999982,34634
"(0.6216216216216216, 0.9739864864864864)",1,95.25979729729728,34635
"(0.4517543859649123, 0.9692982456140352)",1,95.25877192982472,34636
"(0.8947368421052632, 0.9605263157894736)",1,95.25877192982462,34637
"(0.6535087719298246, 0.9649122807017544)",1,95.2587719298246,34638
"(0.75, 0.9736842105263158)",1,95.2587719298246,34639
"(0.868421052631579, 0.9736842105263158)",1,95.2587719298246,34640
"(0.8728070175438597, 0.9736842105263158)",1,95.25877192982458,34641
"(0.7719298245614035, 0.9692982456140352)",1,95.25877192982458,34642
"(0.8552631578947368, 0.9692982456140352)",3,95.25877192982456,34645
"(0.9078947368421052, 0.9912280701754386)",3,95.25877192982452,34648
"(0.5657894736842105, 0.9736842105263158)",1,95.25877192982452,34649
"(0.9225, 0.955)",1,95.2575,34650
"(0.9075, 0.955)",1,95.2575,34651
"(0.77, 0.9575)",1,95.25749999999996,34652
"(0.8375, 0.955)",1,95.25749999999992,34653
"(0.5817567567567568, 0.9763513513513512)",1,95.2574324324324,34654
"(0.8571428571428571, 0.9607142857142856)",4,95.25714285714304,34658
"(0.8392857142857143, 0.9607142857142856)",1,95.25714285714302,34659
"(0.8821428571428571, 0.9607142857142856)",1,95.257142857143,34660
"(0.9607142857142856, 0.9571428571428572)",1,95.25714285714292,34661
"(0.9178571428571428, 0.9607142857142856)",1,95.25714285714288,34662
"(0.9428571428571428, 0.9571428571428572)",1,95.25714285714284,34663
"(0.8071428571428572, 0.9642857142857144)",1,95.25714285714282,34664
"(0.875, 0.9535714285714286)",1,95.2571428571428,34665
"(0.9178571428571428, 0.9535714285714286)",1,95.2571428571428,34666
"(0.8928571428571429, 0.9571428571428572)",1,95.2571428571428,34667
"(0.9285714285714286, 0.9607142857142856)",1,95.2571428571428,34668
"(0.9642857142857144, 0.9571428571428572)",1,95.2571428571428,34669
"(0.9464285714285714, 0.9571428571428572)",1,95.2571428571428,34670
"(0.9, 0.9571428571428572)",1,95.2571428571428,34671
"(0.9571428571428572, 0.9642857142857144)",1,95.25714285714278,34672
"(0.9571428571428572, 0.9428571428571428)",1,95.25714285714278,34673
"(0.8928571428571429, 0.9571428571428572)",1,95.25714285714275,34674
"(0.9428571428571428, 0.9642857142857144)",1,95.25714285714275,34675
"(0.8535714285714285, 0.9678571428571427)",1,95.25714285714274,34676
"(0.7790697674418605, 0.9767441860465116)",1,95.25581395348856,34677
"(0.8604651162790697, 0.9651162790697676)",1,95.25581395348844,34678
"(0.6744186046511628, 0.9767441860465116)",1,95.2558139534884,34679
"(0.8255813953488372, 1.0)",1,95.2558139534884,34680
"(0.8255813953488372, 0.9767441860465116)",1,95.2558139534884,34681
"(0.4651162790697674, 1.0)",1,95.2558139534884,34682
"(0.6744186046511628, 0.9767441860465116)",1,95.25581395348836,34683
"(0.8604651162790697, 0.9534883720930232)",1,95.25581395348834,34684
"(0.8372093023255814, 0.9767441860465116)",1,95.25581395348831,34685
"(0.8953488372093024, 0.9418604651162792)",1,95.25581395348831,34686
"(0.813953488372093, 0.9534883720930232)",1,95.25581395348831,34687
"(0.8604651162790697, 0.9767441860465116)",1,95.25581395348831,34688
"(0.7325581395348837, 0.9651162790697676)",1,95.2558139534883,34689
"(0.4767441860465116, 0.9534883720930232)",1,95.25581395348829,34690
"(0.9302325581395348, 0.9534883720930232)",1,95.25581395348826,34691
"(0.8953488372093024, 0.9534883720930232)",1,95.2558139534882,34692
"(0.872093023255814, 0.9651162790697676)",2,95.2558139534882,34694
"(0.8837209302325582, 0.9651162790697676)",1,95.25581395348816,34695
"(0.9302325581395348, 0.9651162790697676)",1,95.25581395348809,34696
"(0.75, 0.9689189189189188)",1,95.25506756756752,34697
"(0.93, 0.945)",1,95.25500000000004,34698
"(0.8596491228070176, 0.9605263157894736)",3,95.25438596491232,34701
"(0.8728070175438597, 0.9605263157894736)",1,95.2543859649123,34702
"(0.9035087719298246, 0.9692982456140352)",1,95.2543859649123,34703
"(0.8728070175438597, 0.9692982456140352)",1,95.2543859649123,34704
"(0.8201754385964912, 0.9692982456140352)",1,95.25438596491227,34705
"(0.9666666666666668, 0.9666666666666668)",1,95.25416666666668,34706
"(0.8785714285714286, 0.9607142857142856)",4,95.2535714285716,34710
"(0.9357142857142856, 0.9535714285714286)",1,95.2535714285714,34711
"(0.9035714285714286, 0.9607142857142856)",3,95.2535714285714,34714
"(0.9321428571428572, 0.9571428571428572)",1,95.25357142857136,34715
"(0.9025, 0.9625)",1,95.25250000000014,34716
"(0.9075, 0.9625)",1,95.25250000000013,34717
"(0.925, 0.9625)",1,95.2525,34718
"(0.5939189189189189, 0.9746621621621622)",1,95.25202702702698,34719
"(0.5, 0.9861111111111112)",1,95.25000000000018,34720
"(0.9305555555555556, 0.9722222222222222)",1,95.25000000000016,34721
"(0.8888888888888888, 0.9722222222222222)",1,95.25000000000016,34722
"(0.5555555555555556, 0.9861111111111112)",1,95.25000000000016,34723
"(0.5, 0.9861111111111112)",1,95.25000000000016,34724
"(0.8888888888888888, 0.9722222222222222)",1,95.25000000000016,34725
"(0.9166666666666666, 0.9861111111111112)",1,95.25000000000016,34726
"(0.8194444444444444, 0.9722222222222222)",2,95.25000000000011,34728
"(0.8194444444444444, 0.9861111111111112)",1,95.25000000000011,34729
"(0.8888888888888888, 0.9861111111111112)",2,95.25000000000011,34731
"(0.9583333333333334, 0.9722222222222222)",1,95.2500000000001,34732
"(0.8552631578947368, 0.9780701754385964)",1,95.25000000000009,34733
"(0.9305555555555556, 0.9861111111111112)",1,95.25000000000009,34734
"(0.6578947368421053, 0.9649122807017544)",1,95.25000000000009,34735
"(0.9666666666666668, 0.9833333333333332)",1,95.25000000000009,34736
"(0.881578947368421, 0.9605263157894736)",1,95.25000000000006,34737
"(0.7638888888888888, 1.0)",1,95.25000000000006,34738
"(0.8991228070175439, 0.9736842105263158)",1,95.25000000000006,34739
"(0.8859649122807017, 0.9649122807017544)",3,95.25000000000006,34742
"(0.7083333333333334, 1.0)",1,95.25000000000004,34743
"(0.9722222222222222, 0.9722222222222222)",1,95.25000000000004,34744
"(0.8071428571428572, 0.9642857142857144)",1,95.25000000000004,34745
"(0.8964285714285715, 0.9464285714285714)",1,95.25,34746
"(0.8678571428571429, 0.9571428571428572)",1,95.25,34747
"(0.9166666666666666, 1.0)",1,95.25,34748
"(0.9305555555555556, 1.0)",2,95.25,34750
"(0.8535714285714285, 0.9464285714285714)",1,95.25,34751
"(0.9535714285714286, 0.9607142857142856)",1,95.25,34752
"(0.85, 1.0)",1,95.25,34753
"(0.9666666666666668, 1.0)",1,95.25,34754
"(0.7875, 0.975)",1,95.25,34755
"(0.85, 0.975)",2,95.25,34757
"(0.95, 1.0)",1,95.25,34758
"(0.8321428571428572, 0.9571428571428572)",1,95.25,34759
"(0.8875, 0.975)",2,95.25,34761
"(0.85, 0.9607142857142856)",2,95.25,34763
"(0.8611111111111112, 1.0)",1,95.25,34764
"(0.8875, 0.975)",1,95.25,34765
"(0.8125, 0.9625)",2,95.24999999999996,34767
"(0.6875, 0.95)",1,95.24999999999996,34768
"(0.925, 0.9625)",1,95.24999999999996,34769
"(0.9125, 0.975)",1,95.24999999999996,34770
"(0.9708333333333332, 0.9708333333333332)",1,95.24999999999996,34771
"(0.9225, 0.9575)",1,95.24999999999994,34772
"(0.925, 0.9625)",1,95.24999999999994,34773
"(0.8071428571428572, 0.9607142857142856)",1,95.24999999999994,34774
"(0.8857142857142857, 0.9571428571428572)",1,95.24999999999991,34775
"(0.9, 0.9607142857142856)",2,95.24999999999991,34777
"(0.9392857142857144, 0.9535714285714286)",1,95.24999999999989,34778
"(0.7875, 0.975)",1,95.24999999999986,34779
"(0.9214285714285714, 0.9535714285714286)",1,95.24999999999984,34780
"(0.8964285714285715, 0.9535714285714286)",4,95.2499999999998,34784
"(0.8412162162162162, 0.9719594594594596)",1,95.2493243243244,34785
"(0.4556818181818182, 0.996969696969697)",3,95.24924242424244,34788
"(0.5398648648648648, 0.9763513513513512)",1,95.24831081081084,34789
"(0.8275, 0.95)",1,95.24750000000002,34790
"(0.7825, 0.9525)",1,95.24749999999996,34791
"(0.8225, 0.96)",1,95.24749999999992,34792
"(0.7325, 0.96)",1,95.24749999999985,34793
"(0.9647058823529412, 0.9294117647058824)",1,95.24705882352916,34794
"(0.9035714285714286, 0.9607142857142856)",1,95.24642857142878,34795
"(0.8571428571428571, 0.9571428571428572)",1,95.2464285714286,34796
"(0.9107142857142856, 0.9607142857142856)",1,95.24642857142857,34797
"(0.8857142857142857, 0.9607142857142856)",3,95.24642857142854,34800
"(0.9392857142857144, 0.9571428571428572)",1,95.24642857142854,34801
"(0.9285714285714286, 0.9464285714285714)",1,95.24642857142852,34802
"(0.9, 0.9571428571428572)",1,95.24642857142842,34803
"(0.8928571428571429, 0.9571428571428572)",1,95.24642857142842,34804
"(0.9357142857142856, 0.9678571428571427)",1,95.24642857142842,34805
"(0.9, 0.9535714285714286)",1,95.24642857142835,34806
"(0.9142857142857144, 0.9535714285714286)",4,95.24642857142835,34810
"(0.8947368421052632, 0.9692982456140352)",3,95.24561403508775,34813
"(0.7149122807017544, 0.9736842105263158)",1,95.24561403508775,34814
"(0.7719298245614035, 0.956140350877193)",1,95.24561403508773,34815
"(0.915, 0.9525)",2,95.24500000000002,34817
"(0.5725, 0.9525)",1,95.24500000000002,34818
"(0.8891891891891892, 0.9692567567567568)",1,95.24459459459472,34819
"(0.6511627906976745, 0.9767441860465116)",1,95.24418604651164,34820
"(0.6046511627906976, 0.9767441860465116)",1,95.2441860465116,34821
"(0.9302325581395348, 0.9767441860465116)",1,95.24418604651156,34822
"(0.3023255813953488, 0.9651162790697676)",1,95.24418604651156,34823
"(0.7906976744186046, 0.9651162790697676)",1,95.24418604651154,34824
"(0.5116279069767442, 0.9418604651162792)",2,95.24418604651154,34826
"(0.8837209302325582, 0.9534883720930232)",2,95.24418604651146,34828
"(0.8372093023255814, 0.9651162790697676)",3,95.24418604651146,34831
"(0.8372093023255814, 0.9534883720930232)",1,95.24418604651144,34832
"(0.8953488372093024, 0.9651162790697676)",1,95.24418604651144,34833
"(0.872093023255814, 0.9651162790697676)",1,95.24418604651144,34834
"(0.872093023255814, 0.9534883720930232)",1,95.24418604651142,34835
"(0.8255813953488372, 0.9767441860465116)",1,95.2441860465114,34836
"(0.5226351351351352, 0.9736486486486486)",1,95.2432432432432,34837
"(0.875, 0.9571428571428572)",1,95.24285714285718,34838
"(0.9178571428571428, 0.9714285714285714)",1,95.24285714285716,34839
"(0.8535714285714285, 0.9571428571428572)",1,95.24285714285716,34840
"(0.9392857142857144, 0.9571428571428572)",6,95.24285714285716,34846
"(0.9178571428571428, 0.9571428571428572)",1,95.24285714285716,34847
"(0.9357142857142856, 0.9535714285714286)",2,95.24285714285712,34849
"(0.9035714285714286, 0.9714285714285714)",1,95.2428571428571,34850
"(0.9035714285714286, 0.9571428571428572)",3,95.24285714285708,34853
"(0.9607142857142856, 0.9535714285714286)",1,95.24285714285708,34854
"(0.845, 0.9575)",3,95.24249999999988,34857
"(0.9458333333333332, 0.9958333333333332)",4,95.2416666666667,34861
"(0.9333333333333332, 0.9625)",1,95.24166666666667,34862
"(0.9473684210526316, 0.986842105263158)",2,95.24122807017552,34864
"(0.4956140350877193, 0.9692982456140352)",2,95.24122807017544,34866
"(0.8289473684210527, 0.9605263157894736)",3,95.24122807017544,34869
"(0.9375, 0.965)",1,95.24000000000002,34870
"(0.9075, 0.955)",2,95.23999999999992,34872
"(0.93, 0.9575)",1,95.23999999999982,34873
"(0.8571428571428571, 0.9607142857142856)",3,95.2392857142859,34876
"(0.9392857142857144, 0.9607142857142856)",1,95.2392857142858,34877
"(0.8678571428571429, 0.9607142857142856)",2,95.23928571428576,34879
"(0.9285714285714286, 0.9607142857142856)",1,95.23928571428571,34880
"(0.9107142857142856, 0.9535714285714286)",1,95.2392857142857,34881
"(0.9571428571428572, 0.9571428571428572)",1,95.23928571428569,34882
"(0.8285714285714286, 0.9571428571428572)",1,95.2392857142856,34883
"(0.9142857142857144, 0.95)",1,95.2392857142855,34884
"(0.8964285714285715, 0.9535714285714286)",1,95.23928571428549,34885
"(0.9333333333333332, 0.975)",1,95.2375,34886
"(0.8958333333333334, 0.9666666666666668)",2,95.2375,34888
"(0.9375, 0.975)",1,95.23749999999995,34889
"(0.9375, 0.975)",1,95.23749999999993,34890
"(0.8175, 0.955)",1,95.2374999999999,34891
"(0.8552631578947368, 0.956140350877193)",2,95.23684210526322,34893
"(0.8552631578947368, 0.9649122807017544)",1,95.23684210526322,34894
"(0.868421052631579, 0.9649122807017544)",1,95.2368421052632,34895
"(0.8991228070175439, 0.9649122807017544)",3,95.2368421052632,34898
"(0.868421052631579, 0.9605263157894736)",1,95.23684210526318,34899
"(0.8771929824561403, 0.9692982456140352)",1,95.23684210526318,34900
"(0.6944444444444444, 0.9722222222222222)",1,95.23611111111134,34901
"(0.7777777777777778, 0.9861111111111112)",1,95.2361111111113,34902
"(0.8611111111111112, 0.9722222222222222)",1,95.2361111111113,34903
"(0.8611111111111112, 0.9861111111111112)",1,95.2361111111113,34904
"(0.8194444444444444, 0.9861111111111112)",2,95.23611111111128,34906
"(0.6388888888888888, 0.9861111111111112)",3,95.23611111111128,34909
"(0.625, 0.9861111111111112)",1,95.23611111111126,34910
"(0.8472222222222222, 0.9722222222222222)",1,95.23611111111124,34911
"(0.875, 0.9861111111111112)",1,95.2361111111112,34912
"(0.8055555555555556, 0.9722222222222222)",1,95.2361111111112,34913
"(0.8333333333333334, 1.0)",1,95.23611111111116,34914
"(0.7638888888888888, 1.0)",1,95.23611111111111,34915
"(0.7638888888888888, 1.0)",1,95.23611111111111,34916
"(0.5972222222222222, 1.0)",1,95.23611111111111,34917
"(0.95, 0.9607142857142856)",1,95.23571428571432,34918
"(0.8928571428571429, 0.9571428571428572)",2,95.2357142857143,34920
"(0.8928571428571429, 0.9607142857142856)",1,95.2357142857143,34921
"(0.95, 0.9571428571428572)",1,95.2357142857143,34922
"(0.8071428571428572, 0.9642857142857144)",1,95.23571428571424,34923
"(0.8892857142857142, 0.9678571428571427)",1,95.23571428571424,34924
"(0.9678571428571427, 0.9642857142857144)",1,95.23571428571424,34925
"(0.9392857142857144, 0.95)",1,95.23571428571422,34926
"(0.5176470588235295, 0.9176470588235294)",1,95.235294117647,34927
"(0.8, 0.955)",1,95.235,34928
"(0.95, 0.9833333333333332)",1,95.2333333333334,34929
"(0.8666666666666667, 1.0)",1,95.23333333333338,34930
"(0.8333333333333334, 1.0)",1,95.23333333333338,34931
"(0.7833333333333333, 1.0)",1,95.23333333333332,34932
"(0.8666666666666667, 1.0)",1,95.23333333333332,34933
"(0.8833333333333333, 1.0)",1,95.23333333333332,34934
"(0.9, 1.0)",1,95.23333333333332,34935
"(0.8, 1.0)",1,95.23333333333332,34936
"(0.95, 1.0)",1,95.23333333333332,34937
"(0.9541666666666668, 0.9833333333333332)",4,95.23333333333332,34941
"(0.7906976744186046, 0.9767441860465116)",1,95.23255813953504,34942
"(0.8604651162790697, 0.9767441860465116)",1,95.23255813953502,34943
"(0.8604651162790697, 0.9767441860465116)",1,95.232558139535,34944
"(0.6976744186046512, 0.9767441860465116)",1,95.23255813953494,34945
"(0.7674418604651163, 0.9767441860465116)",1,95.23255813953492,34946
"(0.7906976744186046, 1.0)",2,95.23255813953486,34948
"(0.6976744186046512, 0.9651162790697676)",1,95.23255813953485,34949
"(0.9069767441860463, 0.9651162790697676)",1,95.23255813953485,34950
"(0.5232558139534884, 0.9534883720930232)",1,95.2325581395348,34951
"(0.8953488372093024, 0.9651162790697676)",2,95.23255813953472,34953
"(0.8837209302325582, 0.9534883720930232)",1,95.23255813953472,34954
"(0.8372093023255814, 0.9651162790697676)",1,95.23255813953472,34955
"(0.872093023255814, 0.9651162790697676)",1,95.23255813953467,34956
"(0.8488372093023255, 0.9651162790697676)",1,95.23255813953467,34957
"(0.9069767441860463, 0.9651162790697676)",1,95.23255813953465,34958
"(0.8775, 0.9625)",1,95.23250000000012,34959
"(0.8825, 0.955)",1,95.2325,34960
"(0.915, 0.955)",1,95.23249999999992,34961
"(0.875, 0.9575)",1,95.23249999999987,34962
"(0.9525, 0.9575)",1,95.23249999999985,34963
"(0.9078947368421052, 0.9692982456140352)",3,95.232456140351,34966
"(0.9166666666666666, 0.9780701754385964)",2,95.232456140351,34968
"(0.8596491228070176, 0.9780701754385964)",3,95.23245614035096,34971
"(0.6798245614035088, 0.9824561403508772)",1,95.23245614035096,34972
"(0.6228070175438597, 0.9780701754385964)",1,95.23245614035096,34973
"(0.9166666666666666, 0.956140350877193)",1,95.23245614035092,34974
"(0.8289473684210527, 0.9649122807017544)",1,95.23245614035092,34975
"(0.6096491228070176, 0.9736842105263158)",1,95.23245614035092,34976
"(0.8245614035087719, 0.9605263157894736)",2,95.23245614035092,34978
"(0.8552631578947368, 0.9736842105263158)",1,95.23245614035092,34979
"(0.5657894736842105, 0.9605263157894736)",1,95.23245614035088,34980
"(0.8991228070175439, 0.9605263157894736)",1,95.23245614035088,34981
"(0.8571428571428571, 0.9607142857142856)",1,95.23214285714296,34982
"(0.8071428571428572, 0.95)",1,95.23214285714285,34983
"(0.9535714285714286, 0.9607142857142856)",1,95.23214285714282,34984
"(0.9464285714285714, 0.9535714285714286)",1,95.2321428571428,34985
"(0.8535714285714285, 0.9571428571428572)",1,95.2321428571428,34986
"(0.925, 0.9571428571428572)",1,95.2321428571428,34987
"(0.8952702702702703, 0.9635135135135136)",2,95.23040540540543,34989
"(0.8575, 0.9625)",1,95.23000000000008,34990
"(0.7925, 0.9575)",1,95.22999999999988,34991
"(0.8675, 0.955)",1,95.22999999999988,34992
"(0.5344696969696969, 0.9988636363636364)",3,95.22916666666676,34995
"(0.8625, 0.9916666666666668)",1,95.22916666666652,34996
"(0.9571428571428572, 0.9607142857142856)",1,95.22857142857146,34997
"(0.9, 0.9571428571428572)",1,95.22857142857144,34998
"(0.9178571428571428, 0.9678571428571427)",1,95.22857142857144,34999
"(0.875, 0.9607142857142856)",1,95.22857142857144,35000
"(0.9642857142857144, 0.9607142857142856)",1,95.22857142857144,35001
"(0.9464285714285714, 0.9607142857142856)",3,95.2285714285714,35004
"(0.825, 0.9607142857142856)",1,95.2285714285714,35005
"(0.9464285714285714, 0.95)",1,95.2285714285714,35006
"(0.5964285714285714, 0.9607142857142856)",3,95.2285714285714,35009
"(0.8857142857142857, 0.9678571428571427)",1,95.2285714285714,35010
"(0.8892857142857142, 0.9607142857142856)",1,95.22857142857136,35011
"(0.9607142857142856, 0.9678571428571427)",1,95.22857142857136,35012
"(0.9357142857142856, 0.9642857142857144)",1,95.22857142857136,35013
"(0.9392857142857144, 0.9607142857142856)",1,95.22857142857134,35014
"(0.9428571428571428, 0.9571428571428572)",1,95.22857142857126,35015
"(0.5964912280701754, 0.956140350877193)",1,95.22807017543866,35016
"(0.4956140350877193, 0.9780701754385964)",1,95.22807017543865,35017
"(0.7912162162162162, 0.972972972972973)",1,95.22804054054058,35018
"(0.5106060606060606, 0.9981060606060606)",3,95.22803030303034,35021
"(0.905, 0.955)",1,95.22750000000003,35022
"(0.855, 0.9575)",1,95.22749999999996,35023
"(0.7375, 0.96)",1,95.22749999999984,35024
"(0.9037162162162162, 0.9682432432432432)",4,95.22533783783784,35028
"(0.9575, 0.96)",1,95.22500000000008,35029
"(0.7875, 0.975)",1,95.22500000000008,35030
"(0.8375, 0.95)",2,95.22500000000004,35032
"(0.9, 0.9666666666666668)",1,95.225,35033
"(0.95, 0.95)",1,95.225,35034
"(0.9785714285714284, 0.9392857142857144)",1,95.22499999999998,35035
"(0.9714285714285714, 0.9642857142857144)",1,95.22499999999998,35036
"(0.9035714285714286, 0.9607142857142856)",2,95.22499999999998,35038
"(0.875, 0.9642857142857144)",1,95.22499999999998,35039
"(0.9464285714285714, 0.9607142857142856)",1,95.22499999999997,35040
"(0.9107142857142856, 0.9571428571428572)",6,95.22499999999997,35046
"(0.8678571428571429, 0.95)",1,95.22499999999997,35047
"(0.9464285714285714, 0.9535714285714286)",1,95.22499999999994,35048
"(0.8875, 0.975)",1,95.22499999999994,35049
"(0.925, 0.975)",1,95.22499999999992,35050
"(0.9, 0.975)",1,95.2249999999999,35051
"(0.8625, 0.975)",1,95.22499999999988,35052
"(0.9535714285714286, 0.9535714285714286)",2,95.22499999999988,35054
"(0.8596491228070176, 0.9692982456140352)",4,95.22368421052644,35058
"(0.706140350877193, 0.9605263157894736)",1,95.22368421052632,35059
"(0.8675, 0.9525)",1,95.2225,35060
"(0.955, 0.95)",1,95.22249999999995,35061
"(0.8888888888888888, 0.9861111111111112)",1,95.22222222222244,35062
"(0.8472222222222222, 0.9722222222222222)",1,95.22222222222238,35063
"(0.8333333333333334, 0.9861111111111112)",1,95.22222222222236,35064
"(0.875, 0.9722222222222222)",1,95.22222222222236,35065
"(0.8888888888888888, 0.9861111111111112)",2,95.22222222222236,35067
"(0.8333333333333334, 0.9722222222222222)",2,95.22222222222236,35069
"(0.9305555555555556, 0.9722222222222222)",1,95.22222222222236,35070
"(0.8472222222222222, 0.9861111111111112)",1,95.22222222222236,35071
"(0.9027777777777778, 0.9861111111111112)",1,95.22222222222234,35072
"(0.9027777777777778, 0.9861111111111112)",1,95.22222222222231,35073
"(0.75, 1.0)",1,95.22222222222231,35074
"(0.7222222222222222, 1.0)",2,95.22222222222231,35076
"(0.8055555555555556, 0.9861111111111112)",1,95.22222222222231,35077
"(0.7916666666666666, 0.9861111111111112)",1,95.2222222222223,35078
"(0.6944444444444444, 0.9583333333333334)",1,95.22222222222216,35079
"(0.9464285714285714, 0.95)",1,95.22142857142867,35080
"(0.9285714285714286, 0.9642857142857144)",1,95.2214285714286,35081
"(0.8678571428571429, 0.9535714285714286)",1,95.2214285714286,35082
"(0.8821428571428571, 0.9357142857142856)",1,95.22142857142858,35083
"(0.9, 0.9571428571428572)",1,95.22142857142856,35084
"(0.9392857142857144, 0.9535714285714286)",1,95.22142857142852,35085
"(0.9464285714285714, 0.9607142857142856)",1,95.22142857142852,35086
"(0.9607142857142856, 0.9535714285714286)",2,95.2214285714285,35088
"(0.9535714285714286, 0.9535714285714286)",1,95.22142857142846,35089
"(0.8928571428571429, 0.9607142857142856)",1,95.22142857142843,35090
"(0.9035714285714286, 0.9678571428571427)",1,95.22142857142843,35091
"(0.8928571428571429, 0.9535714285714286)",1,95.22142857142836,35092
"(0.9464285714285714, 0.9535714285714286)",1,95.22142857142836,35093
"(0.5930232558139535, 0.9767441860465116)",1,95.22093023255827,35094
"(0.6046511627906976, 0.9767441860465116)",1,95.22093023255827,35095
"(0.8837209302325582, 0.9767441860465116)",1,95.22093023255827,35096
"(0.4534883720930232, 0.9534883720930232)",1,95.2209302325581,35097
"(0.6976744186046512, 0.9767441860465116)",1,95.2209302325581,35098
"(0.4883720930232558, 0.9651162790697676)",1,95.22093023255808,35099
"(0.4883720930232558, 0.9534883720930232)",1,95.22093023255808,35100
"(0.5697674418604651, 0.9418604651162792)",1,95.22093023255808,35101
"(0.8372093023255814, 0.9534883720930232)",1,95.22093023255806,35102
"(0.9302325581395348, 0.9767441860465116)",1,95.22093023255805,35103
"(0.9302325581395348, 0.9418604651162792)",2,95.22093023255805,35105
"(0.872093023255814, 0.9767441860465116)",1,95.22093023255802,35106
"(0.7674418604651163, 0.9534883720930232)",1,95.220930232558,35107
"(0.5116279069767442, 0.9534883720930232)",1,95.22093023255798,35108
"(0.8837209302325582, 0.9534883720930232)",1,95.22093023255798,35109
"(0.4767441860465116, 0.9651162790697676)",1,95.22093023255792,35110
"(0.7906976744186046, 0.9651162790697676)",1,95.22093023255792,35111
"(0.872093023255814, 0.9651162790697676)",1,95.2209302325579,35112
"(0.8837209302325582, 0.9651162790697676)",2,95.22093023255788,35114
"(0.9875, 0.9333333333333332)",1,95.22083333333336,35115
"(0.9833333333333332, 0.9916666666666668)",4,95.22083333333327,35119
"(0.8625, 0.9833333333333332)",1,95.22083333333327,35120
"(0.7825, 0.9575)",1,95.21999999999989,35121
"(0.577027027027027, 0.9780405405405406)",4,95.21993243243244,35125
"(0.5657894736842105, 0.9736842105263158)",1,95.21929824561408,35126
"(0.9210526315789472, 0.9692982456140352)",3,95.21929824561408,35129
"(0.8640350877192983, 0.9736842105263158)",1,95.21929824561406,35130
"(0.8552631578947368, 0.9736842105263158)",3,95.21929824561404,35133
"(0.8377192982456141, 0.9649122807017544)",1,95.21929824561404,35134
"(0.7675438596491229, 0.9912280701754386)",1,95.21929824561404,35135
"(0.9078947368421052, 0.9736842105263158)",1,95.219298245614,35136
"(0.768918918918919, 0.972972972972973)",1,95.21925675675676,35137
"(0.8571428571428571, 0.95)",1,95.21785714285726,35138
"(0.9428571428571428, 0.9607142857142856)",1,95.21785714285714,35139
"(0.9107142857142856, 0.9571428571428572)",1,95.21785714285711,35140
"(0.8857142857142857, 0.9428571428571428)",1,95.21785714285711,35141
"(0.8678571428571429, 0.9571428571428572)",1,95.21785714285708,35142
"(0.9321428571428572, 0.9535714285714286)",1,95.21785714285696,35143
"(0.9575, 0.9525)",1,95.21750000000009,35144
"(0.9166666666666666, 0.9833333333333332)",1,95.21666666666675,35145
"(0.8666666666666667, 0.9833333333333332)",2,95.21666666666674,35147
"(1.0, 1.0)",1,95.21666666666668,35148
"(0.95, 1.0)",1,95.21666666666668,35149
"(0.9833333333333332, 1.0)",1,95.21666666666668,35150
"(0.8166666666666667, 1.0)",1,95.21666666666668,35151
"(0.8333333333333334, 1.0)",1,95.21666666666664,35152
"(0.9041666666666668, 0.9875)",1,95.21666666666664,35153
"(0.9833333333333332, 1.0)",1,95.21666666666664,35154
"(0.915, 0.9475)",3,95.21500000000005,35157
"(0.8377192982456141, 0.9692982456140352)",1,95.21491228070182,35158
"(0.8552631578947368, 0.9692982456140352)",1,95.2149122807018,35159
"(0.6973684210526315, 0.9692982456140352)",1,95.2149122807018,35160
"(0.9078947368421052, 0.9649122807017544)",3,95.2149122807018,35163
"(0.7719298245614035, 0.9692982456140352)",2,95.21491228070175,35165
"(0.8728070175438597, 0.9912280701754386)",1,95.21491228070175,35166
"(0.9214285714285714, 0.9607142857142856)",1,95.21428571428572,35167
"(0.8928571428571429, 0.9571428571428572)",1,95.21428571428562,35168
"(0.8535714285714285, 0.9464285714285714)",2,95.2142857142856,35170
"(0.9535714285714286, 0.9535714285714286)",1,95.2142857142856,35171
"(0.9464285714285714, 0.9571428571428572)",1,95.21428571428558,35172
"(0.75, 0.9706081081081082)",1,95.21418918918928,35173
"(0.8775, 0.9625)",1,95.21250000000026,35174
"(0.8375, 0.975)",1,95.21250000000008,35175
"(0.9, 0.9625)",2,95.21250000000008,35177
"(0.9125, 0.9375)",1,95.21250000000006,35178
"(0.8625, 0.9625)",1,95.21250000000002,35179
"(0.6625, 0.975)",1,95.2125,35180
"(0.825, 0.975)",1,95.2125,35181
"(0.8625, 0.9625)",2,95.2125,35183
"(0.9375, 0.9575)",1,95.21249999999998,35184
"(0.975, 0.9875)",4,95.21249999999992,35188
"(0.8375, 0.975)",1,95.21249999999988,35189
"(0.5381756756756757, 0.9672297297297298)",1,95.21216216216212,35190
"(0.8952702702702703, 0.9716216216216216)",1,95.2111486486486,35191
"(0.8714285714285714, 0.9571428571428572)",1,95.2107142857144,35192
"(0.95, 0.9607142857142856)",1,95.21071428571436,35193
"(0.9535714285714286, 0.95)",1,95.2107142857143,35194
"(0.9607142857142856, 0.9678571428571427)",1,95.21071428571427,35195
"(0.9607142857142856, 0.9642857142857144)",3,95.21071428571426,35198
"(0.9464285714285714, 0.9571428571428572)",1,95.21071428571422,35199
"(0.8892857142857142, 0.9464285714285714)",1,95.21071428571422,35200
"(0.9, 0.9535714285714286)",1,95.2107142857142,35201
"(0.9392857142857144, 0.9642857142857144)",1,95.21071428571418,35202
"(0.925, 0.9535714285714286)",1,95.21071428571408,35203
"(0.8421052631578947, 0.9649122807017544)",3,95.21052631578952,35206
"(0.9575, 0.9575)",1,95.21000000000004,35207
"(0.96, 0.9375)",2,95.21000000000004,35209
"(0.7674418604651163, 0.9767441860465116)",1,95.20930232558156,35210
"(0.7790697674418605, 0.9767441860465116)",1,95.20930232558152,35211
"(0.8953488372093024, 0.9767441860465116)",1,95.20930232558152,35212
"(0.6744186046511628, 0.9767441860465116)",1,95.20930232558148,35213
"(0.627906976744186, 0.9651162790697676)",1,95.2093023255814,35214
"(0.8604651162790697, 0.9651162790697676)",1,95.20930232558136,35215
"(0.8604651162790697, 0.9767441860465116)",1,95.20930232558136,35216
"(0.4883720930232558, 0.9651162790697676)",1,95.20930232558132,35217
"(0.7906976744186046, 0.9651162790697676)",1,95.20930232558128,35218
"(0.813953488372093, 0.9651162790697676)",1,95.20930232558128,35219
"(0.8372093023255814, 0.9651162790697676)",2,95.20930232558123,35221
"(0.872093023255814, 0.9651162790697676)",1,95.20930232558122,35222
"(0.7441860465116279, 0.9651162790697676)",1,95.2093023255812,35223
"(0.8255813953488372, 0.9651162790697676)",2,95.2093023255812,35225
"(0.7325581395348837, 0.9651162790697676)",1,95.2093023255812,35226
"(0.872093023255814, 0.9651162790697676)",1,95.20930232558118,35227
"(0.48, 0.97)",1,95.20875000000004,35228
"(0.5555555555555556, 0.9861111111111112)",2,95.20833333333351,35230
"(0.875, 0.9722222222222222)",1,95.20833333333351,35231
"(0.9027777777777778, 0.9722222222222222)",1,95.2083333333335,35232
"(0.9027777777777778, 0.9861111111111112)",2,95.2083333333335,35234
"(0.9027777777777778, 0.9861111111111112)",1,95.20833333333348,35235
"(0.8611111111111112, 0.9722222222222222)",1,95.20833333333348,35236
"(0.8611111111111112, 0.9861111111111112)",1,95.20833333333348,35237
"(0.625, 1.0)",2,95.20833333333344,35239
"(0.9027777777777778, 0.9722222222222222)",1,95.20833333333344,35240
"(0.9833333333333332, 0.9958333333333332)",1,95.2083333333334,35241
"(0.9027777777777778, 0.9722222222222222)",1,95.2083333333334,35242
"(0.9416666666666668, 0.9916666666666668)",1,95.20833333333316,35243
"(0.9037162162162162, 0.9682432432432432)",1,95.20777027027027,35244
"(0.8575, 0.9525)",1,95.20750000000004,35245
"(0.735, 0.955)",1,95.20749999999995,35246
"(0.83, 0.9575)",1,95.20749999999992,35247
"(0.9428571428571428, 0.95)",1,95.20714285714295,35248
"(0.9428571428571428, 0.9392857142857144)",1,95.20714285714294,35249
"(0.825, 0.9571428571428572)",1,95.20714285714286,35250
"(0.9392857142857144, 0.9535714285714286)",1,95.20714285714284,35251
"(0.9607142857142856, 0.975)",1,95.20714285714284,35252
"(0.9357142857142856, 0.9571428571428572)",1,95.20714285714284,35253
"(0.9142857142857144, 0.9571428571428572)",1,95.2071428571428,35254
"(0.9285714285714286, 0.9571428571428572)",1,95.2071428571428,35255
"(0.9535714285714286, 0.9571428571428572)",1,95.20714285714278,35256
"(0.9107142857142856, 0.9571428571428572)",1,95.20714285714278,35257
"(0.6425, 0.97875)",1,95.20625000000004,35258
"(0.9429824561403508, 0.9736842105263158)",1,95.20614035087723,35259
"(0.8991228070175439, 0.9649122807017544)",1,95.20614035087723,35260
"(0.8728070175438597, 0.956140350877193)",2,95.20614035087723,35262
"(0.6535087719298246, 0.9692982456140352)",2,95.20614035087723,35264
"(0.8070175438596491, 0.9780701754385964)",1,95.20614035087723,35265
"(0.8421052631578947, 0.9649122807017544)",3,95.20614035087723,35268
"(0.7456140350877193, 0.9692982456140352)",1,95.20614035087723,35269
"(0.793859649122807, 0.9605263157894736)",2,95.2061403508772,35271
"(0.8421052631578947, 0.956140350877193)",1,95.2061403508772,35272
"(0.8728070175438597, 0.9692982456140352)",1,95.2061403508772,35273
"(0.915, 0.96)",1,95.20499999999988,35274
"(0.9208333333333332, 0.9875)",1,95.20416666666668,35275
"(0.925, 0.9875)",1,95.20416666666664,35276
"(0.9875, 0.9916666666666668)",4,95.2041666666664,35280
"(0.9678571428571427, 0.9607142857142856)",2,95.20357142857152,35282
"(0.9428571428571428, 0.9571428571428572)",1,95.20357142857148,35283
"(0.9642857142857144, 0.9714285714285714)",1,95.20357142857144,35284
"(0.9392857142857144, 0.9678571428571427)",1,95.2035714285714,35285
"(0.9571428571428572, 0.9571428571428572)",1,95.20357142857138,35286
"(0.5714285714285714, 0.9642857142857144)",3,95.20357142857138,35289
"(0.9607142857142856, 0.9535714285714286)",1,95.20357142857137,35290
"(0.9428571428571428, 0.9642857142857144)",1,95.20357142857137,35291
"(0.9, 0.9571428571428572)",1,95.20357142857134,35292
"(0.9392857142857144, 0.9571428571428572)",1,95.20357142857128,35293
"(0.845, 0.9575)",1,95.20249999999996,35294
"(0.93, 0.96)",1,95.2024999999998,35295
"(0.7456140350877193, 0.9736842105263158)",1,95.201754385965,35296
"(0.8289473684210527, 0.9692982456140352)",1,95.20175438596496,35297
"(0.706140350877193, 0.9649122807017544)",1,95.20175438596488,35298
"(0.8991228070175439, 0.9736842105263158)",1,95.20175438596486,35299
"(0.577027027027027, 0.9773648648648648)",2,95.20135135135132,35301
"(0.5570945945945946, 0.9787162162162162)",4,95.2010135135135,35305
"(0.9, 0.95)",1,95.20000000000014,35306
"(0.9075, 0.9575)",1,95.20000000000006,35307
"(0.8166666666666667, 0.9833333333333332)",2,95.20000000000006,35309
"(0.8166666666666667, 1.0)",1,95.20000000000005,35310
"(0.9392857142857144, 0.9357142857142856)",1,95.20000000000005,35311
"(0.9166666666666666, 1.0)",1,95.20000000000005,35312
"(0.8333333333333334, 1.0)",1,95.20000000000005,35313
"(0.9833333333333332, 1.0)",1,95.20000000000005,35314
"(0.95, 1.0)",1,95.20000000000002,35315
"(0.8571428571428571, 0.9678571428571427)",2,95.20000000000002,35317
"(1.0, 1.0)",1,95.20000000000002,35318
"(0.885, 0.955)",1,95.20000000000002,35319
"(0.8333333333333334, 1.0)",1,95.2,35320
"(0.95, 1.0)",1,95.2,35321
"(0.9666666666666668, 1.0)",1,95.2,35322
"(1.0, 1.0)",1,95.2,35323
"(0.8375, 0.975)",1,95.19999999999996,35324
"(0.95, 0.9642857142857144)",1,95.19999999999996,35325
"(0.8166666666666667, 1.0)",1,95.19999999999996,35326
"(0.9875, 0.7958333333333333)",1,95.19999999999996,35327
"(0.9285714285714286, 0.95)",3,95.19999999999996,35330
"(0.925, 0.9607142857142856)",1,95.19999999999996,35331
"(0.725, 0.975)",1,95.19999999999996,35332
"(0.9375, 0.9625)",1,95.19999999999996,35333
"(0.75, 0.975)",1,95.19999999999992,35334
"(0.8821428571428571, 0.9535714285714286)",1,95.19999999999986,35335
"(0.9, 0.9678571428571427)",1,95.19999999999986,35336
"(0.8352941176470589, 0.9411764705882352)",6,95.19999999999976,35342
"(0.5348837209302325, 0.9767441860465116)",1,95.19767441860472,35343
"(0.8255813953488372, 0.9767441860465116)",1,95.19767441860463,35344
"(0.5697674418604651, 0.9534883720930232)",1,95.19767441860463,35345
"(0.872093023255814, 0.9534883720930232)",1,95.19767441860462,35346
"(0.8953488372093024, 0.9534883720930232)",1,95.19767441860456,35347
"(0.5465116279069767, 0.9767441860465116)",1,95.19767441860456,35348
"(0.8953488372093024, 0.9651162790697676)",1,95.19767441860456,35349
"(0.3953488372093023, 0.9651162790697676)",1,95.19767441860456,35350
"(0.8837209302325582, 0.9534883720930232)",1,95.19767441860454,35351
"(0.8488372093023255, 0.9534883720930232)",1,95.19767441860452,35352
"(0.8372093023255814, 0.9534883720930232)",1,95.19767441860448,35353
"(0.872093023255814, 0.9651162790697676)",1,95.19767441860448,35354
"(0.8488372093023255, 0.9651162790697676)",1,95.19767441860446,35355
"(0.77, 0.9625)",1,95.19750000000012,35356
"(0.9075, 0.9475)",2,95.19750000000008,35358
"(0.9375, 0.95)",1,95.19749999999998,35359
"(0.8275, 0.9525)",1,95.19749999999992,35360
"(0.5964912280701754, 0.9692982456140352)",3,95.19736842105272,35363
"(0.6885964912280702, 0.9780701754385964)",3,95.19736842105272,35366
"(0.8289473684210527, 0.9692982456140352)",1,95.19736842105264,35367
"(0.8857142857142857, 0.9607142857142856)",1,95.19642857142856,35368
"(0.9571428571428572, 0.9607142857142856)",1,95.19642857142856,35369
"(0.8928571428571429, 0.9535714285714286)",1,95.19642857142856,35370
"(0.9571428571428572, 0.9607142857142856)",1,95.19642857142854,35371
"(0.8142857142857143, 0.9678571428571427)",1,95.19642857142848,35372
"(0.9607142857142856, 0.9642857142857144)",1,95.19642857142848,35373
"(0.8821428571428571, 0.9571428571428572)",1,95.19642857142844,35374
"(0.9464285714285714, 0.9535714285714286)",1,95.19642857142844,35375
"(0.8791666666666667, 0.9791666666666666)",1,95.1958333333333,35376
"(0.9791666666666666, 0.9916666666666668)",4,95.1958333333332,35380
"(0.935, 0.9625)",1,95.1950000000001,35381
"(0.9305555555555556, 0.9722222222222222)",1,95.1944444444446,35382
"(0.875, 0.9861111111111112)",2,95.19444444444458,35384
"(0.8055555555555556, 0.9722222222222222)",1,95.19444444444456,35385
"(0.7222222222222222, 0.9861111111111112)",1,95.19444444444456,35386
"(0.8333333333333334, 0.9861111111111112)",3,95.19444444444454,35389
"(0.8611111111111112, 0.9861111111111112)",1,95.19444444444454,35390
"(0.7916666666666666, 1.0)",1,95.19444444444451,35391
"(0.625, 0.9722222222222222)",1,95.19444444444449,35392
"(0.9444444444444444, 1.0)",1,95.19444444444449,35393
"(0.9166666666666666, 0.9861111111111112)",1,95.19444444444446,35394
"(0.7083333333333334, 1.0)",1,95.19444444444444,35395
"(0.8245614035087719, 0.9780701754385964)",3,95.1929824561404,35398
"(0.7105263157894737, 0.9780701754385964)",4,95.1929824561404,35402
"(0.8070175438596491, 0.956140350877193)",1,95.1929824561404,35403
"(0.8571428571428571, 0.9607142857142856)",1,95.19285714285736,35404
"(0.9464285714285714, 0.95)",1,95.19285714285718,35405
"(0.9428571428571428, 0.9607142857142856)",1,95.19285714285718,35406
"(0.9357142857142856, 0.9642857142857144)",1,95.19285714285716,35407
"(0.9571428571428572, 0.9535714285714286)",1,95.19285714285714,35408
"(0.925, 0.9607142857142856)",1,95.19285714285712,35409
"(0.9285714285714286, 0.9607142857142856)",1,95.19285714285712,35410
"(0.9642857142857144, 0.9678571428571427)",1,95.19285714285708,35411
"(0.9571428571428572, 0.9535714285714286)",1,95.19285714285708,35412
"(0.9607142857142856, 0.9464285714285714)",1,95.19285714285708,35413
"(0.95, 0.9571428571428572)",1,95.19285714285698,35414
"(0.9178571428571428, 0.9535714285714286)",4,95.19285714285694,35418
"(0.9833333333333332, 0.9958333333333332)",1,95.19166666666672,35419
"(0.9875, 0.9958333333333332)",1,95.19166666666662,35420
"(0.9, 0.975)",1,95.1916666666666,35421
"(0.8625, 0.9916666666666668)",1,95.19166666666658,35422
"(0.768918918918919, 0.9739864864864864)",2,95.19054054054052,35424
"(0.83, 0.9575)",1,95.18999999999996,35425
"(0.7675, 0.95)",1,95.18999999999993,35426
"(0.925, 0.95)",1,95.18928571428572,35427
"(0.9428571428571428, 0.9571428571428572)",1,95.18928571428572,35428
"(0.95, 0.9642857142857144)",1,95.18928571428572,35429
"(0.9107142857142856, 0.9607142857142856)",1,95.18928571428567,35430
"(0.9357142857142856, 0.9571428571428572)",1,95.18928571428567,35431
"(0.9285714285714286, 0.9571428571428572)",1,95.18928571428566,35432
"(0.9142857142857144, 0.9535714285714286)",1,95.18928571428565,35433
"(0.9571428571428572, 0.9571428571428572)",1,95.18928571428565,35434
"(0.9535714285714286, 0.9642857142857144)",3,95.18928571428565,35437
"(0.9607142857142856, 0.9535714285714286)",2,95.18928571428548,35439
"(0.9429824561403508, 0.9605263157894736)",1,95.18859649122818,35440
"(0.8859649122807017, 0.9517543859649122)",1,95.18859649122813,35441
"(0.8859649122807017, 0.9780701754385964)",1,95.18859649122813,35442
"(0.8771929824561403, 0.9649122807017544)",2,95.18859649122813,35444
"(0.8245614035087719, 0.9649122807017544)",3,95.18859649122813,35447
"(0.868421052631579, 0.9649122807017544)",3,95.18859649122808,35450
"(0.8552631578947368, 0.9649122807017544)",1,95.18859649122808,35451
"(0.8201754385964912, 0.9649122807017544)",1,95.18859649122808,35452
"(0.9078947368421052, 0.956140350877193)",1,95.18859649122808,35453
"(0.8941176470588236, 0.9294117647058824)",1,95.18823529411756,35454
"(0.8588235294117647, 0.9176470588235294)",1,95.18823529411748,35455
"(0.8705882352941177, 0.9294117647058824)",6,95.1882352941174,35461
"(0.7763513513513514, 0.9675675675675676)",2,95.18817567567562,35463
"(0.955, 0.9625)",1,95.18750000000011,35464
"(0.875, 0.95)",1,95.18750000000009,35465
"(0.7875, 0.975)",1,95.1875,35466
"(0.95, 0.9525)",1,95.1875,35467
"(0.6875, 0.975)",1,95.18749999999996,35468
"(0.93, 0.96)",1,95.1874999999999,35469
"(0.7375, 0.96)",1,95.18749999999984,35470
"(0.8372093023255814, 0.9767441860465116)",1,95.18604651162804,35471
"(0.5813953488372093, 0.9767441860465116)",1,95.18604651162804,35472
"(0.7906976744186046, 0.9883720930232558)",1,95.18604651162804,35473
"(0.8255813953488372, 0.9767441860465116)",2,95.18604651162802,35475
"(0.9302325581395348, 0.9767441860465116)",1,95.18604651162798,35476
"(0.5465116279069767, 0.9767441860465116)",1,95.18604651162796,35477
"(0.8604651162790697, 0.9767441860465116)",1,95.18604651162794,35478
"(0.3953488372093023, 0.9651162790697676)",2,95.1860465116279,35480
"(0.8604651162790697, 0.9651162790697676)",1,95.1860465116278,35481
"(0.7906976744186046, 0.9651162790697676)",1,95.18604651162777,35482
"(0.7441860465116279, 0.9534883720930232)",1,95.18604651162772,35483
"(0.9392857142857144, 0.9607142857142856)",1,95.18571428571433,35484
"(0.9607142857142856, 0.9464285714285714)",1,95.18571428571428,35485
"(0.9107142857142856, 0.9571428571428572)",2,95.18571428571424,35487
"(0.9464285714285714, 0.95)",1,95.18571428571424,35488
"(0.95, 0.95)",1,95.18571428571424,35489
"(0.8892857142857142, 0.95)",1,95.18571428571424,35490
"(0.8607142857142858, 0.9357142857142856)",1,95.18571428571418,35491
"(0.9571428571428572, 0.9678571428571427)",1,95.18571428571416,35492
"(0.9428571428571428, 0.9535714285714286)",1,95.18571428571413,35493
"(0.9, 0.9535714285714286)",4,95.18571428571408,35497
"(0.9075, 0.945)",2,95.18500000000004,35499
"(0.96, 0.9525)",1,95.18500000000002,35500
"(0.6475, 0.9625)",1,95.18500000000002,35501
"(0.855, 0.9575)",1,95.18499999999992,35502
"(0.902027027027027, 0.9692567567567568)",4,95.1847972972973,35506
"(0.6885964912280702, 0.9649122807017544)",1,95.18421052631584,35507
"(0.8903508771929824, 0.9692982456140352)",1,95.18421052631584,35508
"(0.8903508771929824, 0.9649122807017544)",3,95.18421052631582,35511
"(0.7894736842105263, 0.9605263157894736)",3,95.18421052631582,35514
"(0.8114035087719298, 0.9649122807017544)",1,95.1842105263158,35515
"(0.4078947368421052, 0.9649122807017544)",1,95.1842105263158,35516
"(0.8947368421052632, 0.9649122807017544)",1,95.1842105263158,35517
"(0.85, 1.0)",1,95.18333333333342,35518
"(0.9, 1.0)",1,95.1833333333334,35519
"(0.9, 0.9833333333333332)",1,95.1833333333334,35520
"(0.85, 1.0)",1,95.18333333333337,35521
"(0.8833333333333333, 1.0)",3,95.18333333333334,35524
"(0.8, 1.0)",1,95.18333333333334,35525
"(0.8666666666666667, 1.0)",1,95.18333333333324,35526
"(0.84, 0.9575)",1,95.1825,35527
"(0.83, 0.955)",1,95.1825,35528
"(0.9, 0.9575)",1,95.18249999999992,35529
"(0.6925, 0.9575)",1,95.18249999999992,35530
"(0.8571428571428571, 0.95)",1,95.1821428571429,35531
"(0.9392857142857144, 0.9357142857142856)",1,95.18214285714288,35532
"(0.9535714285714286, 0.9607142857142856)",2,95.18214285714284,35534
"(0.9464285714285714, 0.9642857142857144)",1,95.18214285714284,35535
"(0.9607142857142856, 0.9607142857142856)",1,95.18214285714284,35536
"(0.8964285714285715, 0.9535714285714286)",1,95.18214285714282,35537
"(0.8714285714285714, 0.9571428571428572)",1,95.1821428571428,35538
"(0.9178571428571428, 0.9535714285714286)",1,95.18214285714264,35539
"(0.8472222222222222, 0.9722222222222222)",1,95.18055555555576,35540
"(0.8055555555555556, 0.9861111111111112)",1,95.18055555555574,35541
"(0.7916666666666666, 0.9722222222222222)",2,95.18055555555571,35543
"(0.9027777777777778, 0.9722222222222222)",1,95.1805555555557,35544
"(0.9305555555555556, 0.9861111111111112)",1,95.18055555555569,35545
"(0.8194444444444444, 1.0)",1,95.18055555555569,35546
"(0.8888888888888888, 0.9861111111111112)",2,95.18055555555569,35548
"(0.8888888888888888, 0.9861111111111112)",1,95.18055555555566,35549
"(0.8333333333333334, 0.9722222222222222)",1,95.18055555555546,35550
"(0.8888888888888888, 0.9722222222222222)",1,95.18055555555546,35551
"(0.5074324324324324, 0.977027027027027)",4,95.18040540540544,35555
"(0.5084459459459459, 0.9739864864864864)",1,95.18006756756763,35556
"(0.8712837837837838, 0.9702702702702702)",1,95.1800675675676,35557
"(0.9425, 0.955)",1,95.17999999999986,35558
"(0.7982456140350878, 0.9605263157894736)",3,95.17982456140358,35561
"(0.8245614035087719, 0.9780701754385964)",1,95.17982456140358,35562
"(0.8552631578947368, 0.9692982456140352)",1,95.17982456140356,35563
"(0.8596491228070176, 0.9649122807017544)",3,95.17982456140356,35566
"(0.8201754385964912, 0.9605263157894736)",1,95.17982456140354,35567
"(0.912280701754386, 0.9736842105263158)",1,95.17982456140352,35568
"(0.9035087719298246, 0.9736842105263158)",1,95.1798245614035,35569
"(0.8449324324324324, 0.9739864864864864)",1,95.17939189189195,35570
"(0.8885135135135135, 0.9753378378378378)",2,95.17939189189188,35572
"(0.9833333333333332, 0.9708333333333332)",1,95.17916666666662,35573
"(0.7469594594594594, 0.9719594594594596)",1,95.17905405405403,35574
"(0.8607142857142858, 0.9607142857142856)",3,95.1785714285716,35577
"(0.8607142857142858, 0.9607142857142856)",3,95.17857142857156,35580
"(0.925, 0.9714285714285714)",1,95.17857142857144,35581
"(0.9107142857142856, 0.95)",1,95.17857142857144,35582
"(0.8857142857142857, 0.9607142857142856)",2,95.17857142857144,35584
"(0.9571428571428572, 0.9571428571428572)",1,95.17857142857142,35585
"(0.9428571428571428, 0.9571428571428572)",6,95.17857142857136,35591
"(0.9464285714285714, 0.9535714285714286)",1,95.17857142857136,35592
"(0.9571428571428572, 0.9571428571428572)",1,95.17857142857136,35593
"(0.8928571428571429, 0.9535714285714286)",1,95.17857142857125,35594
"(0.8571428571428571, 0.9535714285714286)",1,95.17857142857125,35595
"(0.9175, 0.9525)",1,95.17749999999997,35596
"(0.83, 0.955)",2,95.17749999999992,35598
"(0.831081081081081, 0.9726351351351352)",1,95.17668918918922,35599
"(0.6352941176470588, 0.9647058823529412)",1,95.17647058823528,35600
"(0.9078947368421052, 0.9780701754385964)",1,95.17543859649136,35601
"(0.5, 0.9692982456140352)",1,95.17543859649132,35602
"(0.9298245614035088, 0.9692982456140352)",2,95.17543859649132,35604
"(0.912280701754386, 0.956140350877193)",3,95.17543859649128,35607
"(0.706140350877193, 0.9692982456140352)",1,95.17543859649128,35608
"(0.7105263157894737, 0.9780701754385964)",1,95.17543859649128,35609
"(0.8640350877192983, 0.9736842105263158)",2,95.17543859649128,35611
"(0.5964912280701754, 0.9736842105263158)",1,95.17543859649128,35612
"(0.8070175438596491, 0.956140350877193)",1,95.17543859649123,35613
"(0.9298245614035088, 0.9605263157894736)",1,95.1754385964912,35614
"(0.9, 0.9625)",1,95.17500000000015,35615
"(0.9, 0.95)",1,95.17500000000004,35616
"(0.7875, 0.975)",1,95.17500000000004,35617
"(0.8125, 0.95)",1,95.17500000000004,35618
"(0.6625, 0.9625)",1,95.17500000000004,35619
"(0.6625, 0.9875)",1,95.17500000000004,35620
"(0.95, 0.9571428571428572)",1,95.17500000000004,35621
"(0.9321428571428572, 0.9464285714285714)",1,95.175,35622
"(0.9285714285714286, 0.9571428571428572)",1,95.175,35623
"(0.925, 0.975)",1,95.175,35624
"(0.9714285714285714, 0.9714285714285714)",1,95.175,35625
"(0.9178571428571428, 0.95)",1,95.175,35626
"(0.85, 0.9625)",2,95.175,35628
"(0.9375, 0.975)",1,95.17499999999998,35629
"(0.9107142857142856, 0.9535714285714286)",3,95.17499999999998,35632
"(0.8285714285714286, 0.9357142857142856)",2,95.17499999999998,35634
"(0.925, 0.975)",1,95.17499999999995,35635
"(0.9428571428571428, 0.9571428571428572)",1,95.17499999999995,35636
"(0.9, 0.9571428571428572)",3,95.17499999999995,35639
"(0.8607142857142858, 0.95)",1,95.17499999999995,35640
"(0.96, 0.9425)",1,95.17499999999995,35641
"(0.8285714285714286, 0.9571428571428572)",1,95.17499999999994,35642
"(0.9428571428571428, 0.9535714285714286)",2,95.17499999999986,35644
"(0.7625, 0.975)",3,95.17499999999986,35647
"(0.8837209302325582, 0.9767441860465116)",1,95.1744186046513,35648
"(0.8255813953488372, 0.9883720930232558)",1,95.17441860465128,35649
"(0.8023255813953488, 0.9767441860465116)",1,95.17441860465124,35650
"(0.8255813953488372, 0.9883720930232558)",1,95.17441860465124,35651
"(0.5930232558139535, 0.9767441860465116)",1,95.17441860465122,35652
"(0.8255813953488372, 0.9651162790697676)",1,95.17441860465118,35653
"(0.5465116279069767, 0.9302325581395348)",1,95.17441860465118,35654
"(0.8604651162790697, 0.9767441860465116)",2,95.17441860465117,35656
"(0.6395348837209303, 0.9767441860465116)",1,95.17441860465112,35657
"(0.872093023255814, 0.9651162790697676)",1,95.1744186046511,35658
"(0.6744186046511628, 0.9534883720930232)",1,95.17441860465108,35659
"(0.6046511627906976, 0.9418604651162792)",1,95.17441860465104,35660
"(0.7441860465116279, 0.9651162790697676)",1,95.174418604651,35661
"(0.9302325581395348, 0.9534883720930232)",1,95.174418604651,35662
"(0.5116279069767442, 0.9534883720930232)",1,95.174418604651,35663
"(0.872093023255814, 0.9651162790697676)",2,95.174418604651,35665
"(0.8488372093023255, 0.9651162790697676)",1,95.17441860465097,35666
"(0.7327702702702703, 0.9719594594594596)",1,95.17432432432436,35667
"(0.6537162162162162, 0.9702702702702702)",1,95.17263513513522,35668
"(0.785, 0.96)",1,95.17250000000004,35669
"(0.8571428571428571, 0.9607142857142856)",1,95.17142857142872,35670
"(0.9107142857142856, 0.9714285714285714)",1,95.17142857142856,35671
"(0.95, 0.95)",1,95.17142857142856,35672
"(0.9107142857142856, 0.9607142857142856)",1,95.17142857142852,35673
"(0.9642857142857144, 0.9464285714285714)",1,95.17142857142852,35674
"(0.8785714285714286, 0.9607142857142856)",3,95.1714285714285,35677
"(0.8678571428571429, 0.9571428571428572)",3,95.17142857142848,35680
"(0.95, 0.9535714285714286)",1,95.17142857142848,35681
"(0.9142857142857144, 0.9535714285714286)",1,95.17142857142848,35682
"(0.8964285714285715, 0.9571428571428572)",1,95.17142857142844,35683
"(0.8114035087719298, 0.956140350877193)",3,95.171052631579,35686
"(0.8289473684210527, 0.9780701754385964)",1,95.171052631579,35687
"(0.8552631578947368, 0.956140350877193)",3,95.17105263157896,35690
"(0.8245614035087719, 0.956140350877193)",1,95.17105263157896,35691
"(0.9791666666666666, 0.9875)",4,95.17083333333332,35695
"(0.8087837837837838, 0.9722972972972972)",1,95.17060810810815,35696
"(0.6925, 0.955)",1,95.16999999999996,35697
"(0.8392857142857143, 0.9607142857142856)",2,95.16785714285729,35699
"(0.8678571428571429, 0.9607142857142856)",1,95.16785714285716,35700
"(0.9214285714285714, 0.9607142857142856)",1,95.16785714285716,35701
"(0.8607142857142858, 0.9571428571428572)",1,95.16785714285712,35702
"(0.9607142857142856, 0.9607142857142856)",1,95.16785714285712,35703
"(0.9607142857142856, 0.95)",1,95.16785714285712,35704
"(0.9392857142857144, 0.95)",1,95.16785714285712,35705
"(0.9607142857142856, 0.9714285714285714)",1,95.1678571428571,35706
"(0.9607142857142856, 0.9571428571428572)",2,95.1678571428571,35708
"(0.9535714285714286, 0.95)",1,95.16785714285707,35709
"(0.8678571428571429, 0.9571428571428572)",1,95.16785714285707,35710
"(0.9428571428571428, 0.9535714285714286)",1,95.16785714285707,35711
"(0.9607142857142856, 0.95)",1,95.16785714285707,35712
"(0.9571428571428572, 0.9535714285714286)",1,95.167857142857,35713
"(0.9392857142857144, 0.9535714285714286)",1,95.167857142857,35714
"(0.9575, 0.9625)",1,95.16750000000006,35715
"(0.9075, 0.95)",3,95.16749999999998,35718
"(0.8194444444444444, 0.9861111111111112)",1,95.16666666666686,35719
"(0.875, 0.9722222222222222)",1,95.16666666666684,35720
"(0.8611111111111112, 0.9722222222222222)",1,95.16666666666684,35721
"(0.8611111111111112, 0.9861111111111112)",1,95.1666666666668,35722
"(0.875, 0.9722222222222222)",1,95.1666666666668,35723
"(0.75, 0.9861111111111112)",1,95.1666666666668,35724
"(0.8194444444444444, 1.0)",1,95.1666666666668,35725
"(0.7916666666666666, 0.9861111111111112)",2,95.16666666666676,35727
"(0.9666666666666668, 0.9833333333333332)",1,95.16666666666676,35728
"(0.9305555555555556, 0.9861111111111112)",1,95.16666666666676,35729
"(0.8070175438596491, 0.9692982456140352)",1,95.16666666666674,35730
"(0.7412280701754386, 0.9385964912280702)",1,95.16666666666674,35731
"(0.95, 0.9833333333333332)",1,95.16666666666674,35732
"(0.5964912280701754, 0.9649122807017544)",1,95.16666666666674,35733
"(0.9027777777777778, 0.9722222222222222)",1,95.16666666666671,35734
"(0.706140350877193, 0.9780701754385964)",3,95.16666666666671,35737
"(0.9166666666666666, 1.0)",1,95.16666666666671,35738
"(0.881578947368421, 0.9736842105263158)",1,95.16666666666671,35739
"(0.7894736842105263, 0.956140350877193)",1,95.16666666666671,35740
"(0.8666666666666667, 0.9833333333333332)",1,95.16666666666671,35741
"(0.95, 0.9833333333333332)",1,95.16666666666671,35742
"(0.9027777777777778, 0.9583333333333334)",1,95.16666666666671,35743
"(0.8640350877192983, 0.9605263157894736)",3,95.16666666666671,35746
"(0.8833333333333333, 0.9833333333333332)",1,95.16666666666671,35747
"(0.8991228070175439, 0.9649122807017544)",1,95.1666666666667,35748
"(0.7763157894736842, 0.9692982456140352)",1,95.1666666666667,35749
"(0.95, 1.0)",1,95.16666666666669,35750
"(0.75, 0.986842105263158)",1,95.16666666666669,35751
"(0.8552631578947368, 0.9649122807017544)",1,95.16666666666669,35752
"(0.8728070175438597, 0.9605263157894736)",1,95.16666666666669,35753
"(0.9027777777777778, 1.0)",2,95.16666666666666,35755
"(1.0, 1.0)",1,95.16666666666666,35756
"(0.8166666666666667, 1.0)",1,95.16666666666666,35757
"(0.9429824561403508, 0.9912280701754386)",1,95.16666666666664,35758
"(0.9833333333333332, 1.0)",1,95.1666666666666,35759
"(0.902027027027027, 0.9733108108108108)",2,95.16587837837842,35761
"(0.8175, 0.955)",1,95.1649999999999,35762
"(0.50875, 0.985)",1,95.1649999999999,35763
"(0.9464285714285714, 0.9607142857142856)",1,95.16428571428588,35764
"(0.9571428571428572, 0.9607142857142856)",1,95.16428571428575,35765
"(0.9, 0.9571428571428572)",2,95.16428571428574,35767
"(0.9535714285714286, 0.9642857142857144)",1,95.16428571428573,35768
"(0.9464285714285714, 0.9571428571428572)",1,95.16428571428568,35769
"(0.9535714285714286, 0.9535714285714286)",1,95.16428571428568,35770
"(0.9428571428571428, 0.9464285714285714)",1,95.16428571428564,35771
"(0.9, 0.9571428571428572)",1,95.16428571428555,35772
"(0.9142857142857144, 0.9535714285714286)",4,95.16428571428553,35776
"(0.581081081081081, 0.9736486486486486)",1,95.1635135135135,35777
"(0.8604651162790697, 0.9767441860465116)",2,95.16279069767458,35779
"(0.872093023255814, 0.9767441860465116)",1,95.16279069767457,35780
"(0.5465116279069767, 0.9767441860465116)",1,95.1627906976745,35781
"(0.9302325581395348, 0.9651162790697676)",1,95.16279069767444,35782
"(0.7441860465116279, 0.9767441860465116)",1,95.16279069767444,35783
"(0.9302325581395348, 0.9534883720930232)",1,95.1627906976744,35784
"(0.8604651162790697, 0.9767441860465116)",2,95.1627906976744,35786
"(0.6627906976744186, 0.9418604651162792)",1,95.16279069767438,35787
"(0.6744186046511628, 0.9418604651162792)",1,95.16279069767438,35788
"(0.7674418604651163, 0.9767441860465116)",1,95.16279069767438,35789
"(0.5465116279069767, 0.9767441860465116)",1,95.16279069767435,35790
"(0.9302325581395348, 0.9534883720930232)",1,95.16279069767432,35791
"(0.8837209302325582, 0.9534883720930232)",1,95.16279069767428,35792
"(0.8488372093023255, 0.9651162790697676)",2,95.16279069767428,35794
"(0.8488372093023255, 0.9651162790697676)",2,95.16279069767424,35796
"(0.8837209302325582, 0.9534883720930232)",1,95.16279069767424,35797
"(0.8372093023255814, 0.9651162790697676)",1,95.16279069767415,35798
"(0.9767441860465116, 0.9651162790697676)",1,95.16279069767415,35799
"(0.88, 0.9675)",1,95.1625000000002,35800
"(0.9375, 0.95)",1,95.1625000000002,35801
"(0.9125, 0.95)",1,95.16250000000008,35802
"(0.8875, 0.9625)",2,95.16250000000008,35804
"(0.8375, 0.975)",1,95.16249999999998,35805
"(0.925, 0.975)",1,95.16249999999997,35806
"(0.925, 0.975)",1,95.16249999999997,35807
"(0.9125, 0.9833333333333332)",1,95.16249999999997,35808
"(0.785, 0.955)",1,95.16249999999992,35809
"(0.9, 0.9625)",2,95.16249999999988,35811
"(0.8026315789473685, 0.9692982456140352)",3,95.1622807017545,35814
"(0.8903508771929824, 0.9780701754385964)",1,95.16228070175444,35815
"(0.8640350877192983, 0.9649122807017544)",1,95.16228070175444,35816
"(0.7587719298245614, 0.9605263157894736)",2,95.16228070175444,35818
"(0.706140350877193, 0.9736842105263158)",1,95.16228070175444,35819
"(0.7631578947368421, 0.9605263157894736)",1,95.16228070175438,35820
"(0.9385964912280702, 0.956140350877193)",1,95.16228070175436,35821
"(0.925, 0.9642857142857144)",3,95.16071428571438,35824
"(0.9428571428571428, 0.9571428571428572)",2,95.16071428571422,35826
"(0.925, 0.95)",3,95.16071428571422,35829
"(0.8928571428571429, 0.9535714285714286)",4,95.16071428571408,35833
"(0.9678571428571427, 0.9678571428571427)",1,95.16071428571408,35834
"(0.925, 0.9535714285714286)",4,95.16071428571408,35838
"(0.9214285714285714, 0.9535714285714286)",4,95.16071428571406,35842
"(0.8464285714285714, 0.9535714285714286)",3,95.16071428571406,35845
"(0.9575, 0.9525)",3,95.16000000000008,35848
"(0.95, 0.9525)",1,95.16000000000004,35849
"(0.96, 0.955)",2,95.15999999999995,35851
"(0.6925, 0.9475)",1,95.15999999999988,35852
"(0.552027027027027, 0.970945945945946)",1,95.158445945946,35853
"(0.9037162162162162, 0.9726351351351352)",2,95.158445945946,35855
"(0.735472972972973, 0.9719594594594596)",2,95.15844594594596,35857
"(0.8625, 0.9708333333333332)",1,95.15833333333336,35858
"(0.9166666666666666, 0.9692982456140352)",4,95.1578947368422,35862
"(0.8421052631578947, 0.956140350877193)",3,95.15789473684217,35865
"(0.7324561403508771, 0.9605263157894736)",3,95.15789473684217,35868
"(0.8991228070175439, 0.9649122807017544)",1,95.15789473684214,35869
"(0.912280701754386, 0.9649122807017544)",1,95.15789473684212,35870
"(0.6973684210526315, 0.956140350877193)",2,95.1578947368421,35872
"(0.9, 0.9575)",2,95.1575000000001,35874
"(0.935, 0.95)",1,95.15750000000004,35875
"(0.935, 0.9525)",1,95.15749999999996,35876
"(0.8857142857142857, 0.95)",3,95.15714285714292,35879
"(0.9464285714285714, 0.9535714285714286)",1,95.15714285714289,35880
"(0.875, 0.9571428571428572)",2,95.15714285714286,35882
"(0.9428571428571428, 0.9607142857142856)",1,95.15714285714284,35883
"(0.8392857142857143, 0.9535714285714286)",1,95.15714285714284,35884
"(0.9, 0.9571428571428572)",1,95.15714285714282,35885
"(0.9535714285714286, 0.9714285714285714)",1,95.1571428571428,35886
"(0.9107142857142856, 0.9571428571428572)",3,95.15714285714276,35889
"(0.9107142857142856, 0.9535714285714286)",1,95.15714285714274,35890
"(0.8821428571428571, 0.9571428571428572)",1,95.1571428571427,35891
"(0.8464285714285714, 0.9642857142857144)",1,95.15714285714267,35892
"(0.8964285714285715, 0.9535714285714286)",1,95.15714285714266,35893
"(0.9175, 0.955)",1,95.15499999999996,35894
"(0.8625, 0.955)",1,95.15499999999986,35895
"(0.9583333333333334, 0.9833333333333332)",2,95.15416666666668,35897
"(0.9833333333333332, 0.9916666666666668)",1,95.15416666666655,35898
"(0.9958333333333332, 0.9916666666666668)",1,95.15416666666648,35899
"(0.95, 0.9607142857142856)",2,95.15357142857162,35901
"(0.95, 0.9607142857142856)",1,95.15357142857148,35902
"(0.9321428571428572, 0.9642857142857144)",1,95.15357142857142,35903
"(0.9142857142857144, 0.9607142857142856)",1,95.1535714285714,35904
"(0.9535714285714286, 0.975)",1,95.1535714285714,35905
"(0.8785714285714286, 0.9571428571428572)",3,95.15357142857135,35908
"(0.9607142857142856, 0.9535714285714286)",1,95.15357142857135,35909
"(0.8857142857142857, 0.9607142857142856)",2,95.15357142857135,35911
"(0.9071428571428573, 0.9642857142857144)",1,95.15357142857135,35912
"(0.9428571428571428, 0.9535714285714286)",1,95.15357142857134,35913
"(0.9571428571428572, 0.9535714285714286)",1,95.15357142857134,35914
"(0.9607142857142856, 0.9285714285714286)",1,95.15357142857134,35915
"(0.925, 0.9535714285714286)",1,95.15357142857133,35916
"(0.9357142857142856, 0.9571428571428572)",1,95.15357142857133,35917
"(0.9142857142857144, 0.9535714285714286)",1,95.15357142857128,35918
"(0.6578947368421053, 0.9692982456140352)",1,95.15350877192992,35919
"(0.9342105263157896, 0.9649122807017544)",1,95.1535087719299,35920
"(0.5219298245614035, 0.9736842105263158)",1,95.15350877192988,35921
"(0.7850877192982456, 0.9780701754385964)",3,95.15350877192988,35924
"(0.8552631578947368, 0.9517543859649122)",1,95.15350877192986,35925
"(0.8464912280701754, 0.9605263157894736)",1,95.15350877192986,35926
"(0.8245614035087719, 0.956140350877193)",1,95.15350877192984,35927
"(0.6805555555555556, 0.9722222222222222)",1,95.15277777777794,35928
"(0.8194444444444444, 1.0)",2,95.15277777777794,35930
"(0.7916666666666666, 0.9722222222222222)",1,95.1527777777779,35931
"(0.9444444444444444, 1.0)",1,95.1527777777779,35932
"(0.9166666666666666, 0.9722222222222222)",1,95.15277777777789,35933
"(0.8888888888888888, 0.9861111111111112)",1,95.15277777777786,35934
"(0.8055555555555556, 0.9861111111111112)",1,95.15277777777786,35935
"(0.8611111111111112, 1.0)",1,95.1527777777778,35936
"(0.8611111111111112, 1.0)",1,95.15277777777776,35937
"(0.96, 0.94)",1,95.15250000000006,35938
"(0.7675, 0.9525)",1,95.15249999999992,35939
"(0.755, 0.9575)",1,95.1524999999999,35940
"(0.8525, 0.955)",1,95.1524999999999,35941
"(0.51625, 0.98125)",1,95.15125,35942
"(0.7906976744186046, 0.9767441860465116)",4,95.1511627906978,35946
"(0.5465116279069767, 0.9767441860465116)",2,95.15116279069775,35948
"(0.8953488372093024, 0.9767441860465116)",1,95.15116279069774,35949
"(0.4883720930232558, 1.0)",1,95.15116279069774,35950
"(0.8604651162790697, 0.9651162790697676)",1,95.15116279069764,35951
"(0.8023255813953488, 0.9651162790697676)",1,95.15116279069764,35952
"(0.9534883720930232, 0.9767441860465116)",1,95.1511627906976,35953
"(0.8953488372093024, 0.9418604651162792)",2,95.1511627906976,35955
"(0.3023255813953488, 0.9651162790697676)",1,95.15116279069758,35956
"(0.872093023255814, 0.9651162790697676)",2,95.1511627906975,35958
"(0.8488372093023255, 0.9534883720930232)",1,95.15116279069748,35959
"(0.825, 0.9625)",1,95.15000000000016,35960
"(0.8625, 0.975)",1,95.15000000000016,35961
"(0.8775, 0.9575)",1,95.15000000000012,35962
"(0.8675, 0.9575)",1,95.15000000000012,35963
"(0.9392857142857144, 0.9642857142857144)",1,95.15000000000003,35964
"(0.885, 0.95)",2,95.15000000000002,35966
"(0.8535714285714285, 0.95)",1,95.15000000000002,35967
"(0.9666666666666668, 1.0)",1,95.15,35968
"(0.8375, 0.975)",1,95.15,35969
"(0.95, 1.0)",1,95.15,35970
"(0.8375, 0.975)",1,95.15,35971
"(0.95, 0.95)",1,95.14999999999998,35972
"(0.7392857142857143, 0.9678571428571427)",2,95.14999999999998,35974
"(0.8785714285714286, 0.9464285714285714)",5,95.14999999999998,35979
"(0.8785714285714286, 0.9607142857142856)",3,95.14999999999996,35982
"(0.9107142857142856, 0.95)",1,95.14999999999996,35983
"(0.9357142857142856, 0.95)",3,95.14999999999996,35986
"(0.9291666666666668, 0.975)",1,95.14999999999996,35987
"(0.9142857142857144, 0.9535714285714286)",3,95.14999999999996,35990
"(0.9107142857142856, 0.9535714285714286)",1,95.14999999999996,35991
"(0.925, 0.975)",1,95.14999999999992,35992
"(0.8025, 0.955)",1,95.14999999999992,35993
"(0.8928571428571429, 0.9535714285714286)",1,95.14999999999992,35994
"(0.9607142857142856, 0.9535714285714286)",1,95.14999999999992,35995
"(0.9607142857142856, 0.9535714285714286)",1,95.1499999999999,35996
"(0.8375, 0.9575)",1,95.1499999999999,35997
"(0.8714285714285714, 0.9571428571428572)",1,95.14999999999988,35998
"(0.8375, 0.9575)",1,95.14999999999976,35999
"(0.7149122807017544, 0.9780701754385964)",3,95.14912280701763,36002
"(0.9035087719298246, 0.9912280701754386)",1,95.14912280701762,36003
"(0.8245614035087719, 0.956140350877193)",1,95.1491228070176,36004
"(0.8596491228070176, 0.9736842105263158)",1,95.1491228070176,36005
"(0.7763157894736842, 0.9605263157894736)",3,95.14912280701758,36008
"(0.4035087719298245, 0.9649122807017544)",1,95.14912280701756,36009
"(0.8552631578947368, 0.9649122807017544)",1,95.14912280701756,36010
"(0.7719298245614035, 0.9736842105263158)",1,95.14912280701756,36011
"(0.8026315789473685, 0.9517543859649122)",3,95.14912280701756,36014
"(0.8552631578947368, 0.9473684210526316)",1,95.14912280701752,36015
"(0.8201754385964912, 0.9736842105263158)",1,95.14912280701752,36016
"(0.831081081081081, 0.9733108108108108)",4,95.14864864864867,36020
"(0.8575, 0.9525)",1,95.14750000000006,36021
"(0.7475, 0.9575)",1,95.14749999999994,36022
"(0.8325, 0.9575)",1,95.1474999999999,36023
"(0.7375, 0.96)",1,95.14749999999988,36024
"(0.9575, 0.9575)",1,95.14749999999984,36025
"(0.9464285714285714, 0.9607142857142856)",4,95.14642857142876,36029
"(0.95, 0.9607142857142856)",1,95.14642857142864,36030
"(0.9428571428571428, 0.9607142857142856)",1,95.1464285714286,36031
"(0.9214285714285714, 0.95)",1,95.14642857142856,36032
"(0.9285714285714286, 0.9571428571428572)",1,95.14642857142856,36033
"(0.9464285714285714, 0.9678571428571427)",1,95.14642857142856,36034
"(0.8964285714285715, 0.9571428571428572)",3,95.14642857142854,36037
"(0.8535714285714285, 0.9464285714285714)",1,95.14642857142854,36038
"(0.9285714285714286, 0.9642857142857144)",1,95.14642857142852,36039
"(0.9464285714285714, 0.95)",3,95.14642857142852,36042
"(0.8285714285714286, 0.9607142857142856)",1,95.1464285714285,36043
"(0.9464285714285714, 0.9535714285714286)",3,95.1464285714285,36046
"(0.8571428571428571, 0.9607142857142856)",1,95.14642857142844,36047
"(0.9142857142857144, 0.9535714285714286)",1,95.14642857142836,36048
"(0.7543918918918919, 0.9726351351351352)",4,95.145945945946,36052
"(0.7875, 0.9689189189189188)",1,95.14560810810814,36053
"(0.8462837837837838, 0.9695945945945946)",1,95.14527027027027,36054
"(0.8275, 0.955)",1,95.14499999999995,36055
"(0.8225, 0.96)",1,95.1449999999999,36056
"(0.9078947368421052, 0.9780701754385964)",4,95.14473684210542,36060
"(0.8640350877192983, 0.9649122807017544)",1,95.14473684210532,36061
"(0.8640350877192983, 0.9780701754385964)",3,95.14473684210532,36064
"(0.6885964912280702, 0.9649122807017544)",2,95.1447368421053,36066
"(0.8991228070175439, 0.9605263157894736)",3,95.1447368421053,36069
"(0.9078947368421052, 0.956140350877193)",1,95.14473684210527,36070
"(0.7763157894736842, 0.9912280701754386)",1,95.14473684210526,36071
"(0.7105263157894737, 0.9605263157894736)",6,95.14473684210525,36077
"(0.8640350877192983, 0.956140350877193)",1,95.14473684210525,36078
"(0.9385964912280702, 0.9780701754385964)",1,95.14473684210525,36079
"(0.9464285714285714, 0.95)",1,95.1428571428572,36080
"(0.8821428571428571, 0.9642857142857144)",1,95.14285714285718,36081
"(0.9464285714285714, 0.95)",1,95.14285714285714,36082
"(0.8857142857142857, 0.9571428571428572)",6,95.14285714285712,36088
"(0.9464285714285714, 0.9428571428571428)",1,95.1428571428571,36089
"(0.9535714285714286, 0.9642857142857144)",1,95.1428571428571,36090
"(0.95, 0.9535714285714286)",1,95.14285714285708,36091
"(0.9035714285714286, 0.9607142857142856)",1,95.14285714285708,36092
"(0.9035714285714286, 0.9642857142857144)",1,95.14285714285708,36093
"(0.9321428571428572, 0.95)",1,95.14285714285704,36094
"(0.9535714285714286, 0.9535714285714286)",4,95.14285714285694,36098
"(0.8712837837837838, 0.9689189189189188)",1,95.1422297297297,36099
"(0.522972972972973, 0.9706081081081082)",4,95.1418918918919,36103
"(0.912280701754386, 0.9692982456140352)",1,95.14035087719309,36104
"(0.9298245614035088, 0.9780701754385964)",3,95.14035087719304,36107
"(0.8728070175438597, 0.9649122807017544)",1,95.140350877193,36108
"(0.7105263157894737, 0.9824561403508772)",2,95.140350877193,36110
"(0.868421052631579, 0.9649122807017544)",1,95.14035087719296,36111
"(0.8289473684210527, 0.9649122807017544)",3,95.14035087719296,36114
"(0.845, 0.9575)",1,95.13999999999989,36115
"(0.9375, 0.9575)",1,95.13999999999989,36116
"(0.5465116279069767, 0.9767441860465116)",2,95.13953488372104,36118
"(0.6976744186046512, 0.9534883720930232)",1,95.13953488372094,36119
"(0.4767441860465116, 0.9767441860465116)",1,95.13953488372093,36120
"(0.8372093023255814, 0.9651162790697676)",1,95.1395348837209,36121
"(0.5930232558139535, 0.9651162790697676)",1,95.13953488372088,36122
"(0.7441860465116279, 0.9767441860465116)",1,95.13953488372084,36123
"(0.8023255813953488, 0.9651162790697676)",2,95.13953488372076,36125
"(0.872093023255814, 0.9651162790697676)",2,95.13953488372076,36127
"(0.8488372093023255, 0.9651162790697676)",1,95.13953488372076,36128
"(0.8953488372093024, 0.9651162790697676)",1,95.13953488372076,36129
"(0.8372093023255814, 0.9651162790697676)",1,95.13953488372071,36130
"(0.9302325581395348, 0.9651162790697676)",1,95.13953488372071,36131
"(0.872093023255814, 0.9651162790697676)",2,95.13953488372071,36133
"(0.8953488372093024, 0.9651162790697676)",1,95.1395348837207,36134
"(0.5116279069767442, 0.9651162790697676)",1,95.13953488372069,36135
"(0.8837209302325582, 0.9651162790697676)",1,95.13953488372069,36136
"(0.5540540540540541, 0.9804054054054054)",4,95.13952702702704,36140
"(0.9285714285714286, 0.9607142857142856)",1,95.1392857142857,36141
"(0.9607142857142856, 0.9392857142857144)",1,95.13928571428568,36142
"(0.9035714285714286, 0.9571428571428572)",1,95.13928571428568,36143
"(0.8857142857142857, 0.9642857142857144)",3,95.13928571428566,36146
"(0.9428571428571428, 0.9571428571428572)",1,95.13928571428566,36147
"(0.8928571428571429, 0.95)",1,95.13928571428563,36148
"(0.9392857142857144, 0.9535714285714286)",1,95.13928571428563,36149
"(0.9428571428571428, 0.9535714285714286)",1,95.13928571428563,36150
"(0.8571428571428571, 0.9607142857142856)",3,95.13928571428562,36153
"(0.9357142857142856, 0.9535714285714286)",1,95.1392857142856,36154
"(0.9428571428571428, 0.95)",1,95.13928571428558,36155
"(0.875, 0.9535714285714286)",1,95.13928571428552,36156
"(0.7916666666666666, 0.9861111111111112)",1,95.13888888888911,36157
"(0.8888888888888888, 0.9861111111111112)",1,95.13888888888908,36158
"(0.7638888888888888, 0.9861111111111112)",2,95.13888888888906,36160
"(0.625, 0.9861111111111112)",1,95.13888888888906,36161
"(0.8611111111111112, 0.9722222222222222)",2,95.13888888888904,36163
"(0.75, 0.9861111111111112)",1,95.138888888889,36164
"(0.9027777777777778, 0.9861111111111112)",1,95.138888888889,36165
"(0.9305555555555556, 0.9861111111111112)",1,95.138888888889,36166
"(0.8333333333333334, 0.9722222222222222)",1,95.13888888888894,36167
"(0.8333333333333334, 1.0)",1,95.13888888888894,36168
"(0.8055555555555556, 1.0)",1,95.13888888888891,36169
"(0.9166666666666666, 1.0)",1,95.13888888888891,36170
"(0.8125, 0.95)",1,95.13750000000007,36171
"(0.9, 0.975)",1,95.13750000000007,36172
"(0.7875, 0.95)",1,95.13750000000006,36173
"(0.825, 0.975)",1,95.13750000000005,36174
"(0.9458333333333332, 0.9583333333333334)",1,95.13749999999996,36175
"(0.9125, 0.975)",1,95.13749999999996,36176
"(0.9125, 0.9833333333333332)",1,95.13749999999996,36177
"(0.9, 0.975)",1,95.13749999999996,36178
"(0.6625, 0.975)",1,95.13749999999992,36179
"(0.8025, 0.96)",1,95.13749999999986,36180
"(0.7425675675675676, 0.9652027027027028)",1,95.13682432432428,36181
"(0.7655405405405405, 0.966554054054054)",1,95.13648648648648,36182
"(0.8070175438596491, 0.9736842105263158)",1,95.13596491228074,36183
"(0.7763157894736842, 0.9692982456140352)",3,95.13596491228074,36186
"(0.8991228070175439, 0.9692982456140352)",1,95.13596491228073,36187
"(0.9078947368421052, 0.9649122807017544)",1,95.1359649122807,36188
"(0.925, 0.9607142857142856)",1,95.13571428571431,36189
"(0.9142857142857144, 0.9607142857142856)",1,95.13571428571429,36190
"(0.9357142857142856, 0.9571428571428572)",1,95.13571428571429,36191
"(0.9357142857142856, 0.9678571428571427)",2,95.13571428571429,36193
"(0.9392857142857144, 0.9607142857142856)",1,95.13571428571429,36194
"(0.9785714285714284, 0.9535714285714286)",1,95.13571428571426,36195
"(0.9035714285714286, 0.9607142857142856)",1,95.13571428571424,36196
"(0.9464285714285714, 0.9571428571428572)",1,95.13571428571424,36197
"(0.9178571428571428, 0.9571428571428572)",1,95.13571428571424,36198
"(0.9178571428571428, 0.9428571428571428)",1,95.13571428571424,36199
"(0.9428571428571428, 0.9571428571428572)",1,95.1357142857142,36200
"(0.9, 0.95)",1,95.13571428571407,36201
"(0.9464285714285714, 0.9535714285714286)",1,95.13571428571406,36202
"(0.885, 0.9475)",3,95.13500000000003,36205
"(0.915, 0.9575)",1,95.13500000000002,36206
"(0.7333333333333333, 0.9833333333333332)",1,95.1333333333334,36207
"(0.8833333333333333, 1.0)",1,95.13333333333335,36208
"(0.9833333333333332, 1.0)",1,95.13333333333334,36209
"(0.7333333333333333, 1.0)",1,95.13333333333333,36210
"(0.8958333333333334, 0.9833333333333332)",1,95.13333333333333,36211
"(0.5209459459459459, 0.9760135135135136)",1,95.133108108108,36212
"(0.7327702702702703, 0.9699324324324324)",4,95.1327702702703,36216
"(0.9525, 0.9475)",2,95.13250000000006,36218
"(0.7925, 0.9625)",1,95.13250000000004,36219
"(0.9678571428571427, 0.9607142857142856)",1,95.13214285714292,36220
"(0.8607142857142858, 0.9642857142857144)",1,95.1321428571429,36221
"(0.9428571428571428, 0.9607142857142856)",3,95.13214285714288,36224
"(0.9, 0.9607142857142856)",1,95.13214285714288,36225
"(0.8392857142857143, 0.9607142857142856)",1,95.13214285714288,36226
"(0.9571428571428572, 0.9535714285714286)",6,95.13214285714288,36232
"(0.8607142857142858, 0.9571428571428572)",1,95.13214285714284,36233
"(0.9178571428571428, 0.95)",3,95.13214285714284,36236
"(0.9357142857142856, 0.95)",1,95.13214285714284,36237
"(0.9178571428571428, 0.9607142857142856)",1,95.13214285714282,36238
"(0.925, 0.95)",1,95.1321428571428,36239
"(0.9142857142857144, 0.9571428571428572)",3,95.1321428571428,36242
"(0.9464285714285714, 0.9535714285714286)",4,95.13214285714264,36246
"(0.9210526315789472, 0.9517543859649122)",1,95.13157894736857,36247
"(0.7719298245614035, 0.9780701754385964)",1,95.13157894736854,36248
"(0.8991228070175439, 0.956140350877193)",3,95.13157894736844,36251
"(0.8333333333333334, 0.956140350877193)",1,95.13157894736844,36252
"(0.8289473684210527, 0.9692982456140352)",3,95.13157894736842,36255
"(0.8289473684210527, 0.956140350877193)",1,95.1315789473684,36256
"(0.925, 0.9425)",1,95.13000000000008,36257
"(0.935, 0.9575)",1,95.12999999999988,36258
"(0.9529411764705882, 0.9647058823529412)",1,95.12941176470582,36259
"(0.7764705882352941, 0.8941176470588236)",1,95.12941176470572,36260
"(0.9375, 0.975)",1,95.1291666666666,36261
"(0.875, 0.9875)",2,95.1291666666666,36263
"(0.95, 0.9571428571428572)",1,95.12857142857156,36264
"(0.9285714285714286, 0.9535714285714286)",1,95.12857142857143,36265
"(0.8285714285714286, 0.9571428571428572)",1,95.12857142857143,36266
"(0.95, 0.9535714285714286)",1,95.12857142857138,36267
"(0.8857142857142857, 0.9571428571428572)",3,95.12857142857136,36270
"(0.9571428571428572, 0.9571428571428572)",1,95.12857142857136,36271
"(0.9428571428571428, 0.9678571428571427)",3,95.12857142857136,36274
"(0.9, 0.9535714285714286)",1,95.12857142857126,36275
"(0.8928571428571429, 0.9535714285714286)",1,95.1285714285712,36276
"(0.6233108108108109, 0.979054054054054)",4,95.12837837837836,36280
"(0.8023255813953488, 0.9767441860465116)",1,95.12790697674431,36281
"(0.8255813953488372, 0.9883720930232558)",1,95.12790697674431,36282
"(0.7674418604651163, 0.9767441860465116)",1,95.1279069767442,36283
"(0.5465116279069767, 0.9534883720930232)",1,95.12790697674414,36284
"(0.8372093023255814, 0.9534883720930232)",1,95.12790697674411,36285
"(0.9186046511627908, 0.9883720930232558)",1,95.12790697674411,36286
"(0.9302325581395348, 0.9767441860465116)",1,95.12790697674411,36287
"(0.4767441860465116, 0.9651162790697676)",1,95.1279069767441,36288
"(0.3953488372093023, 0.9534883720930232)",1,95.1279069767441,36289
"(0.8255813953488372, 0.9767441860465116)",1,95.12790697674409,36290
"(0.8372093023255814, 0.9767441860465116)",1,95.12790697674409,36291
"(0.8372093023255814, 0.9651162790697676)",1,95.12790697674404,36292
"(0.7906976744186046, 0.9534883720930232)",1,95.12790697674404,36293
"(0.8023255813953488, 0.9534883720930232)",2,95.127906976744,36295
"(0.5697674418604651, 0.9534883720930232)",1,95.127906976744,36296
"(0.7558139534883721, 0.9534883720930232)",1,95.127906976744,36297
"(0.5116279069767442, 0.9651162790697676)",1,95.127906976744,36298
"(0.7441860465116279, 0.9651162790697676)",1,95.12790697674396,36299
"(0.8488372093023255, 0.9534883720930232)",1,95.12790697674392,36300
"(0.8675, 0.9575)",2,95.12750000000013,36302
"(0.8421052631578947, 0.9780701754385964)",1,95.1271929824562,36303
"(0.868421052631579, 0.9692982456140352)",1,95.12719298245618,36304
"(0.75, 0.9692982456140352)",2,95.12719298245618,36306
"(0.8859649122807017, 0.9692982456140352)",1,95.12719298245618,36307
"(0.7631578947368421, 0.9517543859649122)",3,95.12719298245618,36310
"(0.7719298245614035, 0.9649122807017544)",1,95.12719298245617,36311
"(0.7105263157894737, 0.9649122807017544)",1,95.12719298245614,36312
"(0.8402027027027027, 0.9719594594594596)",1,95.12702702702704,36313
"(0.7222222222222222, 0.9722222222222222)",1,95.1250000000002,36314
"(0.8464285714285714, 0.9607142857142856)",3,95.12500000000018,36317
"(0.8472222222222222, 0.9722222222222222)",1,95.12500000000018,36318
"(0.9166666666666666, 0.9722222222222222)",2,95.12500000000016,36320
"(0.625, 0.9861111111111112)",1,95.12500000000016,36321
"(0.6944444444444444, 0.9861111111111112)",2,95.12500000000014,36323
"(0.625, 0.9722222222222222)",1,95.12500000000011,36324
"(0.9444444444444444, 1.0)",1,95.12500000000011,36325
"(0.7916666666666666, 1.0)",2,95.1250000000001,36327
"(0.9428571428571428, 0.9535714285714286)",1,95.12500000000009,36328
"(0.925, 0.9625)",2,95.12500000000009,36330
"(0.8125, 0.975)",1,95.12500000000009,36331
"(0.9035714285714286, 0.9607142857142856)",1,95.12500000000006,36332
"(0.9305555555555556, 0.9861111111111112)",1,95.12500000000004,36333
"(0.75, 1.0)",1,95.12500000000004,36334
"(0.9571428571428572, 0.9571428571428572)",1,95.125,36335
"(0.8375, 0.975)",1,95.125,36336
"(0.8472222222222222, 0.9722222222222222)",1,95.125,36337
"(0.9166666666666666, 0.9861111111111112)",1,95.125,36338
"(0.8892857142857142, 0.9571428571428572)",1,95.125,36339
"(0.875, 0.9625)",1,95.12499999999996,36340
"(0.9321428571428572, 0.9678571428571427)",1,95.12499999999996,36341
"(0.9225, 0.95)",1,95.12499999999996,36342
"(0.9428571428571428, 0.9571428571428572)",1,95.12499999999994,36343
"(0.8392857142857143, 0.9464285714285714)",1,95.12499999999991,36344
"(0.785, 0.9575)",1,95.12499999999991,36345
"(0.9, 0.975)",1,95.12499999999989,36346
"(0.8964285714285715, 0.9535714285714286)",1,95.12499999999989,36347
"(0.925, 0.975)",1,95.12499999999986,36348
"(0.9535714285714286, 0.9642857142857144)",1,95.1249999999998,36349
"(0.8928571428571429, 0.9571428571428572)",1,95.12499999999976,36350
"(0.7084459459459459, 0.966554054054054)",2,95.1236486486486,36352
"(0.8552631578947368, 0.9780701754385964)",1,95.12280701754392,36353
"(0.6973684210526315, 0.9649122807017544)",2,95.12280701754392,36355
"(0.8640350877192983, 0.9692982456140352)",3,95.12280701754392,36358
"(0.5964912280701754, 0.9692982456140352)",2,95.12280701754392,36360
"(0.8552631578947368, 0.9649122807017544)",1,95.12280701754383,36361
"(0.912280701754386, 0.9649122807017544)",1,95.12280701754378,36362
"(0.8175, 0.9525)",1,95.1225,36363
"(0.9575, 0.96)",2,95.12249999999996,36365
"(0.9321428571428572, 0.9607142857142856)",1,95.12142857142864,36366
"(0.8857142857142857, 0.9607142857142856)",1,95.12142857142858,36367
"(0.9142857142857144, 0.9607142857142856)",1,95.12142857142858,36368
"(0.8678571428571429, 0.9571428571428572)",1,95.12142857142854,36369
"(0.9214285714285714, 0.9607142857142856)",1,95.12142857142854,36370
"(0.9, 0.9535714285714286)",1,95.12142857142835,36371
"(0.4174242424242424, 0.9928030303030304)",2,95.12121212121215,36373
"(0.9833333333333332, 0.9916666666666668)",1,95.12083333333332,36374
"(0.9333333333333332, 0.9916666666666668)",1,95.12083333333328,36375
"(0.7469594594594594, 0.9706081081081082)",1,95.1202702702703,36376
"(0.9075, 0.965)",1,95.12000000000003,36377
"(0.9575, 0.95)",1,95.12000000000003,36378
"(0.9425, 0.95)",2,95.12000000000003,36380
"(0.8675, 0.9575)",1,95.11999999999992,36381
"(0.8472972972972973, 0.9712837837837838)",1,95.11959459459464,36382
"(0.8903508771929824, 0.9780701754385964)",1,95.11842105263165,36383
"(0.8114035087719298, 0.9649122807017544)",1,95.1184210526316,36384
"(0.4956140350877193, 0.9736842105263158)",8,95.1184210526316,36392
"(0.8333333333333334, 0.9736842105263158)",8,95.11842105263156,36400
"(0.9571428571428572, 0.9714285714285714)",3,95.11785714285716,36403
"(0.9392857142857144, 0.9678571428571427)",1,95.11785714285712,36404
"(0.8964285714285715, 0.9571428571428572)",1,95.11785714285712,36405
"(0.9392857142857144, 0.95)",1,95.1178571428571,36406
"(0.925, 0.9535714285714286)",3,95.11785714285708,36409
"(0.8464285714285714, 0.9678571428571427)",1,95.11785714285702,36410
"(0.9, 0.9535714285714286)",4,95.11785714285696,36414
"(0.8941176470588236, 0.9294117647058824)",1,95.11764705882337,36415
"(0.8675, 0.9525)",1,95.11750000000004,36416
"(0.8575, 0.9575)",1,95.1175,36417
"(0.795, 0.96)",1,95.11749999999988,36418
"(0.75, 1.0)",1,95.11666666666672,36419
"(0.85, 1.0)",1,95.1166666666667,36420
"(0.8833333333333333, 1.0)",1,95.11666666666667,36421
"(0.9125, 0.975)",1,95.11666666666665,36422
"(0.9166666666666666, 0.975)",1,95.11666666666665,36423
"(0.9302325581395348, 0.9767441860465116)",1,95.1162790697676,36424
"(0.7674418604651163, 0.9767441860465116)",1,95.11627906976754,36425
"(0.7906976744186046, 0.9767441860465116)",1,95.11627906976751,36426
"(0.5697674418604651, 0.9767441860465116)",1,95.11627906976744,36427
"(0.5465116279069767, 0.9651162790697676)",1,95.11627906976744,36428
"(0.5697674418604651, 0.9767441860465116)",1,95.11627906976744,36429
"(0.5465116279069767, 0.9767441860465116)",1,95.11627906976742,36430
"(0.8953488372093024, 0.9534883720930232)",1,95.1162790697674,36431
"(0.3953488372093023, 0.9651162790697676)",1,95.11627906976736,36432
"(0.813953488372093, 0.9767441860465116)",1,95.11627906976736,36433
"(0.8488372093023255, 0.9418604651162792)",1,95.11627906976736,36434
"(0.6046511627906976, 0.9534883720930232)",1,95.11627906976736,36435
"(0.8488372093023255, 0.9651162790697676)",1,95.11627906976732,36436
"(0.6744186046511628, 0.9534883720930232)",1,95.11627906976732,36437
"(0.7906976744186046, 0.9651162790697676)",1,95.11627906976727,36438
"(0.8372093023255814, 0.9651162790697676)",1,95.11627906976727,36439
"(0.813953488372093, 0.9651162790697676)",1,95.11627906976727,36440
"(0.7325581395348837, 0.9651162790697676)",1,95.11627906976727,36441
"(0.6744186046511628, 0.9534883720930232)",1,95.11627906976727,36442
"(0.8953488372093024, 0.9651162790697676)",1,95.11627906976724,36443
"(0.872093023255814, 0.9651162790697676)",1,95.11627906976724,36444
"(0.8837209302325582, 0.9651162790697676)",1,95.11627906976716,36445
"(0.8575, 0.9525)",1,95.11499999999997,36446
"(0.9428571428571428, 0.9535714285714286)",2,95.11428571428571,36448
"(0.9642857142857144, 0.9535714285714286)",1,95.11428571428571,36449
"(0.9214285714285714, 0.9642857142857144)",4,95.11428571428571,36453
"(0.8964285714285715, 0.9571428571428572)",1,95.11428571428571,36454
"(0.8285714285714286, 0.95)",1,95.11428571428571,36455
"(0.9178571428571428, 0.9535714285714286)",1,95.1142857142857,36456
"(0.8678571428571429, 0.9535714285714286)",3,95.11428571428569,36459
"(0.8285714285714286, 0.9607142857142856)",3,95.11428571428569,36462
"(0.9607142857142856, 0.9535714285714286)",1,95.11428571428566,36463
"(0.8678571428571429, 0.9607142857142856)",6,95.11428571428564,36469
"(0.9535714285714286, 0.9607142857142856)",1,95.11428571428564,36470
"(0.9535714285714286, 0.9535714285714286)",1,95.1142857142856,36471
"(0.9035714285714286, 0.9535714285714286)",1,95.1142857142856,36472
"(0.95, 0.9571428571428572)",1,95.11428571428556,36473
"(0.8821428571428571, 0.9678571428571427)",1,95.1142857142855,36474
"(0.8201754385964912, 0.9780701754385964)",1,95.11403508771934,36475
"(0.6929824561403509, 0.9649122807017544)",1,95.11403508771934,36476
"(0.8640350877192983, 0.956140350877193)",1,95.11403508771934,36477
"(0.8464912280701754, 0.956140350877193)",1,95.11403508771932,36478
"(0.912280701754386, 0.9605263157894736)",1,95.11403508771926,36479
"(0.9037162162162162, 0.9702702702702702)",1,95.1138513513514,36480
"(0.875, 0.975)",1,95.1125000000002,36481
"(0.8, 0.9625)",1,95.11250000000015,36482
"(0.6875, 0.9625)",1,95.11250000000013,36483
"(0.8125, 0.9625)",1,95.11250000000008,36484
"(0.7875, 0.95)",1,95.11250000000004,36485
"(0.9666666666666668, 0.9583333333333334)",1,95.1125,36486
"(0.8375, 0.975)",1,95.11249999999994,36487
"(0.8625, 0.96)",1,95.11249999999993,36488
"(0.456060606060606, 0.9988636363636364)",3,95.11212121212128,36491
"(0.831081081081081, 0.9719594594594596)",1,95.11148648648656,36492
"(0.625, 0.9722222222222222)",1,95.1111111111113,36493
"(0.5972222222222222, 0.9861111111111112)",1,95.11111111111128,36494
"(0.75, 0.9861111111111112)",1,95.11111111111128,36495
"(0.8888888888888888, 0.9861111111111112)",1,95.11111111111128,36496
"(0.75, 0.9722222222222222)",1,95.11111111111128,36497
"(0.7777777777777778, 0.9861111111111112)",1,95.11111111111128,36498
"(0.9027777777777778, 0.9861111111111112)",1,95.11111111111128,36499
"(0.625, 0.9861111111111112)",2,95.11111111111126,36501
"(0.625, 0.9722222222222222)",1,95.11111111111126,36502
"(0.75, 1.0)",1,95.11111111111126,36503
"(0.8888888888888888, 0.9861111111111112)",1,95.11111111111126,36504
"(0.8888888888888888, 0.9722222222222222)",1,95.11111111111126,36505
"(0.625, 0.9722222222222222)",1,95.11111111111124,36506
"(0.9305555555555556, 0.9861111111111112)",2,95.11111111111124,36508
"(0.875, 0.9861111111111112)",2,95.11111111111124,36510
"(0.6944444444444444, 1.0)",1,95.1111111111112,36511
"(0.9166666666666666, 0.9861111111111112)",1,95.1111111111112,36512
"(0.9027777777777778, 1.0)",1,95.11111111111114,36513
"(0.625, 0.9722222222222222)",1,95.11111111111109,36514
"(0.8928571428571429, 0.9607142857142856)",1,95.11071428571448,36515
"(0.8535714285714285, 0.9607142857142856)",3,95.11071428571444,36518
"(0.9, 0.9464285714285714)",1,95.11071428571428,36519
"(0.8285714285714286, 0.9607142857142856)",3,95.11071428571424,36522
"(0.8, 0.9607142857142856)",3,95.11071428571422,36525
"(0.9464285714285714, 0.9464285714285714)",1,95.11071428571422,36526
"(0.8928571428571429, 0.9642857142857144)",6,95.11071428571418,36532
"(0.925, 0.95)",1,95.11071428571417,36533
"(0.6475, 0.9625)",1,95.11000000000024,36534
"(0.9075, 0.945)",1,95.11,36535
"(0.881578947368421, 0.9692982456140352)",2,95.1096491228071,36537
"(0.881578947368421, 0.9692982456140352)",1,95.10964912280708,36538
"(0.6885964912280702, 0.9780701754385964)",8,95.10964912280708,36546
"(0.7675438596491229, 0.9692982456140352)",1,95.10964912280704,36547
"(0.9473684210526316, 0.9692982456140352)",1,95.10964912280704,36548
"(0.8245614035087719, 0.9692982456140352)",3,95.10964912280704,36551
"(0.3556818181818181, 0.9958333333333332)",3,95.10871212121216,36554
"(0.9791666666666666, 0.9833333333333332)",1,95.1083333333334,36555
"(1.0, 0.9791666666666666)",1,95.1083333333333,36556
"(0.9083333333333332, 0.9916666666666668)",2,95.10833333333328,36558
"(0.8666666666666667, 0.9916666666666668)",1,95.10833333333323,36559
"(0.9075, 0.955)",1,95.1075,36560
"(0.9354729729729728, 0.9675675675675676)",1,95.10743243243252,36561
"(0.9571428571428572, 0.9571428571428572)",1,95.10714285714288,36562
"(0.8857142857142857, 0.9535714285714286)",1,95.10714285714286,36563
"(0.9428571428571428, 0.9607142857142856)",3,95.10714285714282,36566
"(0.9071428571428573, 0.95)",1,95.1071428571428,36567
"(0.9571428571428572, 0.9535714285714286)",1,95.1071428571428,36568
"(0.8285714285714286, 0.9428571428571428)",1,95.10714285714278,36569
"(0.9571428571428572, 0.9571428571428572)",1,95.10714285714276,36570
"(0.8678571428571429, 0.9535714285714286)",4,95.10714285714263,36574
"(0.8941176470588236, 0.9529411764705882)",1,95.10588235294112,36575
"(0.8947368421052632, 0.9649122807017544)",3,95.1052631578948,36578
"(0.8289473684210527, 0.9780701754385964)",1,95.1052631578948,36579
"(0.8859649122807017, 0.9692982456140352)",1,95.10526315789475,36580
"(0.8728070175438597, 0.956140350877193)",2,95.1052631578947,36582
"(0.96, 0.9475)",2,95.10500000000002,36584
"(0.855, 0.9575)",3,95.10499999999986,36587
"(0.872093023255814, 1.0)",2,95.10465116279076,36589
"(0.7674418604651163, 0.9767441860465116)",1,95.10465116279076,36590
"(0.6627906976744186, 0.9651162790697676)",1,95.10465116279072,36591
"(0.8604651162790697, 0.9767441860465116)",1,95.1046511627907,36592
"(0.7674418604651163, 0.9767441860465116)",1,95.10465116279067,36593
"(0.8023255813953488, 0.9767441860465116)",1,95.10465116279067,36594
"(0.7674418604651163, 0.9651162790697676)",1,95.10465116279066,36595
"(0.813953488372093, 0.9767441860465116)",1,95.10465116279066,36596
"(0.5465116279069767, 0.9534883720930232)",1,95.10465116279066,36597
"(0.6976744186046512, 0.9418604651162792)",1,95.10465116279065,36598
"(0.4534883720930232, 0.9767441860465116)",1,95.10465116279065,36599
"(0.7441860465116279, 0.9767441860465116)",1,95.10465116279062,36600
"(0.8604651162790697, 0.9534883720930232)",1,95.10465116279062,36601
"(0.7674418604651163, 0.9651162790697676)",1,95.10465116279052,36602
"(0.9069767441860463, 0.9651162790697676)",1,95.10465116279052,36603
"(0.8604651162790697, 0.9767441860465116)",1,95.10465116279052,36604
"(0.7674418604651163, 0.9651162790697676)",2,95.10465116279052,36606
"(0.6744186046511628, 0.9534883720930232)",1,95.10465116279052,36607
"(0.872093023255814, 0.9651162790697676)",3,95.10465116279052,36610
"(0.8023255813953488, 0.9651162790697676)",1,95.10465116279047,36611
"(0.9310810810810812, 0.9719594594594596)",1,95.10439189189196,36612
"(0.8885135135135135, 0.9682432432432432)",1,95.1043918918919,36613
"(0.9178571428571428, 0.9535714285714286)",1,95.10357142857148,36614
"(0.9107142857142856, 0.9571428571428572)",1,95.10357142857144,36615
"(0.9571428571428572, 0.9571428571428572)",4,95.10357142857144,36619
"(0.9392857142857144, 0.9571428571428572)",1,95.10357142857136,36620
"(0.8857142857142857, 0.9678571428571427)",1,95.10357142857131,36621
"(0.8964285714285715, 0.9535714285714286)",1,95.10357142857129,36622
"(0.9357142857142856, 0.95)",1,95.10357142857129,36623
"(0.8928571428571429, 0.9535714285714286)",4,95.10357142857124,36627
"(0.8892857142857142, 0.9535714285714286)",1,95.1035714285712,36628
"(0.96, 0.9475)",1,95.10250000000002,36629
"(0.8725, 0.945)",1,95.10249999999996,36630
"(0.9, 0.9575)",3,95.10249999999996,36633
"(0.77, 0.9575)",1,95.10249999999996,36634
"(0.8175, 0.9575)",1,95.10249999999996,36635
"(0.8575, 0.9575)",3,95.10249999999984,36638
"(0.8260135135135135, 0.9668918918918918)",1,95.10202702702702,36639
"(0.8201754385964912, 0.9605263157894736)",1,95.10087719298254,36640
"(0.8903508771929824, 0.9780701754385964)",1,95.10087719298252,36641
"(0.7149122807017544, 0.9605263157894736)",3,95.10087719298252,36644
"(0.8640350877192983, 0.9605263157894736)",1,95.10087719298252,36645
"(0.7587719298245614, 0.9649122807017544)",1,95.1008771929825,36646
"(0.8070175438596491, 0.9605263157894736)",1,95.1008771929825,36647
"(0.706140350877193, 0.9780701754385964)",1,95.10087719298248,36648
"(0.9385964912280702, 0.9736842105263158)",1,95.10087719298248,36649
"(0.9428571428571428, 0.95)",1,95.10000000000014,36650
"(0.9166666666666666, 0.9833333333333332)",1,95.10000000000008,36651
"(0.9333333333333332, 0.9833333333333332)",1,95.10000000000008,36652
"(0.8666666666666667, 0.9833333333333332)",1,95.10000000000008,36653
"(0.9166666666666666, 1.0)",1,95.10000000000004,36654
"(0.945, 0.95)",2,95.10000000000004,36656
"(0.8166666666666667, 1.0)",1,95.10000000000004,36657
"(0.85, 1.0)",1,95.10000000000004,36658
"(0.9425, 0.95)",2,95.10000000000004,36660
"(0.9178571428571428, 0.9642857142857144)",3,95.10000000000004,36663
"(0.9607142857142856, 0.9535714285714286)",1,95.10000000000004,36664
"(0.8535714285714285, 0.9607142857142856)",3,95.1,36667
"(0.9666666666666668, 1.0)",1,95.1,36668
"(0.8025, 0.955)",1,95.1,36669
"(0.9833333333333332, 1.0)",1,95.1,36670
"(0.7166666666666667, 1.0)",1,95.1,36671
"(1.0, 1.0)",1,95.1,36672
"(0.9833333333333332, 1.0)",1,95.1,36673
"(0.9428571428571428, 0.9571428571428572)",1,95.09999999999998,36674
"(0.9958333333333332, 0.9833333333333332)",4,95.09999999999997,36678
"(0.8875, 0.975)",1,95.09999999999997,36679
"(0.9125, 0.975)",1,95.09999999999997,36680
"(0.9142857142857144, 0.9571428571428572)",1,95.09999999999994,36681
"(0.8928571428571429, 0.9535714285714286)",1,95.09999999999984,36682
"(0.8964285714285715, 0.9535714285714286)",1,95.0999999999998,36683
"(0.9464285714285714, 0.9535714285714286)",1,95.0999999999998,36684
"(0.9575, 0.945)",2,95.09750000000004,36686
"(0.9175, 0.9575)",1,95.09749999999995,36687
"(0.9425, 0.955)",1,95.0974999999999,36688
"(0.8333333333333334, 0.9861111111111112)",1,95.09722222222244,36689
"(0.8055555555555556, 0.9861111111111112)",1,95.0972222222224,36690
"(0.4166666666666667, 0.9861111111111112)",1,95.0972222222224,36691
"(0.75, 1.0)",1,95.09722222222238,36692
"(0.8333333333333334, 1.0)",1,95.09722222222238,36693
"(0.8472222222222222, 0.9861111111111112)",1,95.09722222222238,36694
"(0.875, 0.9722222222222222)",1,95.09722222222236,36695
"(0.6944444444444444, 0.9722222222222222)",2,95.09722222222236,36697
"(0.875, 0.9722222222222222)",1,95.09722222222231,36698
"(0.8472222222222222, 0.9861111111111112)",1,95.09722222222231,36699
"(0.75, 1.0)",1,95.09722222222231,36700
"(0.8888888888888888, 1.0)",1,95.09722222222229,36701
"(0.5972222222222222, 1.0)",1,95.09722222222224,36702
"(0.8194444444444444, 1.0)",1,95.0972222222222,36703
"(0.8859649122807017, 0.986842105263158)",1,95.0964912280703,36704
"(0.8333333333333334, 0.9692982456140352)",1,95.0964912280703,36705
"(0.8289473684210527, 0.9692982456140352)",1,95.09649122807024,36706
"(0.8245614035087719, 0.9692982456140352)",3,95.09649122807024,36709
"(0.7719298245614035, 0.9692982456140352)",1,95.09649122807024,36710
"(0.8114035087719298, 0.9692982456140352)",1,95.09649122807022,36711
"(0.9078947368421052, 0.9649122807017544)",1,95.09649122807022,36712
"(0.4517543859649123, 0.956140350877193)",2,95.0964912280702,36714
"(0.8508771929824561, 0.9605263157894736)",6,95.0964912280702,36720
"(0.4298245614035088, 0.9736842105263158)",1,95.0964912280702,36721
"(0.881578947368421, 0.9780701754385964)",1,95.0964912280702,36722
"(0.8947368421052632, 0.9605263157894736)",1,95.0964912280702,36723
"(0.9035714285714286, 0.9607142857142856)",3,95.0964285714286,36726
"(0.9428571428571428, 0.9571428571428572)",1,95.09642857142856,36727
"(0.95, 0.9571428571428572)",1,95.09642857142856,36728
"(0.9107142857142856, 0.9642857142857144)",1,95.09642857142852,36729
"(0.9428571428571428, 0.9607142857142856)",1,95.09642857142852,36730
"(0.9392857142857144, 0.95)",1,95.09642857142852,36731
"(0.8535714285714285, 0.9607142857142856)",1,95.09642857142852,36732
"(0.9607142857142856, 0.9535714285714286)",1,95.09642857142852,36733
"(0.8571428571428571, 0.9607142857142856)",1,95.09642857142842,36734
"(0.8964285714285715, 0.9535714285714286)",1,95.0964285714284,36735
"(0.9142857142857144, 0.9535714285714286)",4,95.09642857142838,36739
"(0.8928571428571429, 0.9535714285714286)",4,95.09642857142836,36743
"(0.9041666666666668, 0.9875)",1,95.09583333333332,36744
"(0.85, 0.9875)",1,95.09583333333326,36745
"(0.96, 0.9475)",3,95.09500000000004,36748
"(0.9025, 0.9575)",1,95.09499999999996,36749
"(0.9529411764705882, 0.9294117647058824)",1,95.09411764705868,36750
"(0.4068181818181818, 0.993560606060606)",3,95.09393939393946,36753
"(0.5236486486486487, 0.9726351351351352)",1,95.09358108108113,36754
"(0.7906976744186046, 0.9767441860465116)",2,95.09302325581416,36756
"(0.8604651162790697, 0.9767441860465116)",1,95.09302325581407,36757
"(0.8604651162790697, 0.9767441860465116)",1,95.09302325581405,36758
"(0.7558139534883721, 0.9767441860465116)",1,95.093023255814,36759
"(0.8255813953488372, 0.9767441860465116)",1,95.093023255814,36760
"(0.8372093023255814, 0.9767441860465116)",1,95.09302325581396,36761
"(0.6511627906976745, 0.9767441860465116)",1,95.09302325581392,36762
"(0.4767441860465116, 0.9651162790697676)",1,95.09302325581388,36763
"(0.8604651162790697, 0.9534883720930232)",1,95.09302325581388,36764
"(0.872093023255814, 0.9651162790697676)",1,95.09302325581388,36765
"(0.8604651162790697, 0.9534883720930232)",1,95.0930232558138,36766
"(0.8488372093023255, 0.9534883720930232)",1,95.09302325581378,36767
"(0.8372093023255814, 0.9651162790697676)",2,95.09302325581376,36769
"(0.9392857142857144, 0.95)",1,95.09285714285728,36770
"(0.8142857142857143, 0.9642857142857144)",1,95.09285714285708,36771
"(0.9, 0.9571428571428572)",1,95.092857142857,36772
"(0.8785714285714286, 0.9535714285714286)",1,95.09285714285696,36773
"(0.5472972972972973, 0.9763513513513512)",4,95.0925675675676,36777
"(0.9075, 0.9525)",1,95.09250000000004,36778
"(0.9125, 0.9525)",1,95.0925,36779
"(0.77, 0.9525)",1,95.0925,36780
"(0.83, 0.9625)",1,95.0925,36781
"(0.805, 0.9525)",1,95.0924999999999,36782
"(0.805, 0.955)",1,95.09249999999987,36783
"(0.7675438596491229, 0.9692982456140352)",4,95.09210526315806,36787
"(0.8464912280701754, 0.9692982456140352)",1,95.09210526315802,36788
"(0.7763157894736842, 0.9692982456140352)",3,95.09210526315798,36791
"(0.8026315789473685, 0.9692982456140352)",1,95.09210526315796,36792
"(0.8377192982456141, 0.9736842105263158)",1,95.09210526315796,36793
"(0.7675438596491229, 0.9692982456140352)",1,95.09210526315796,36794
"(0.6798245614035088, 0.9649122807017544)",1,95.0921052631579,36795
"(0.9375, 0.975)",1,95.09166666666668,36796
"(0.8375, 0.9575)",2,95.09000000000012,36798
"(0.9075, 0.9475)",3,95.09000000000006,36801
"(0.4775, 0.9875)",1,95.09,36802
"(0.855, 0.9525)",1,95.09,36803
"(0.9125, 0.955)",1,95.08999999999996,36804
"(0.8225, 0.955)",1,95.08999999999992,36805
"(0.9035714285714286, 0.9607142857142856)",4,95.08928571428588,36809
"(0.95, 0.9607142857142856)",1,95.08928571428584,36810
"(0.9392857142857144, 0.9535714285714286)",2,95.08928571428574,36812
"(0.8535714285714285, 0.9392857142857144)",1,95.08928571428572,36813
"(0.9357142857142856, 0.95)",6,95.0892857142857,36819
"(0.9535714285714286, 0.9571428571428572)",1,95.0892857142857,36820
"(0.9321428571428572, 0.9464285714285714)",3,95.0892857142857,36823
"(0.8928571428571429, 0.9571428571428572)",2,95.08928571428568,36825
"(0.9607142857142856, 0.9714285714285714)",1,95.08928571428564,36826
"(0.8964285714285715, 0.9464285714285714)",1,95.0892857142856,36827
"(0.8964285714285715, 0.9535714285714286)",1,95.08928571428557,36828
"(0.9385964912280702, 0.9692982456140352)",1,95.08771929824576,36829
"(0.6403508771929824, 0.9692982456140352)",1,95.0877192982457,36830
"(0.8464912280701754, 0.9692982456140352)",1,95.0877192982457,36831
"(0.8771929824561403, 0.9605263157894736)",1,95.08771929824566,36832
"(0.7149122807017544, 0.9780701754385964)",8,95.08771929824564,36840
"(0.8245614035087719, 0.9649122807017544)",1,95.0877192982456,36841
"(0.9375, 0.9625)",1,95.08750000000012,36842
"(0.9575, 0.9475)",1,95.08750000000003,36843
"(0.6875, 0.975)",1,95.0875,36844
"(0.83, 0.955)",1,95.08749999999996,36845
"(0.8825, 0.9525)",1,95.08749999999996,36846
"(0.8775, 0.96)",1,95.08749999999992,36847
"(0.9375, 0.9833333333333332)",2,95.08749999999988,36849
"(0.8392857142857143, 0.9607142857142856)",1,95.08571428571445,36850
"(0.8535714285714285, 0.9607142857142856)",3,95.0857142857144,36853
"(0.9321428571428572, 0.95)",1,95.08571428571427,36854
"(0.8678571428571429, 0.9607142857142856)",1,95.08571428571427,36855
"(0.9464285714285714, 0.9571428571428572)",1,95.08571428571427,36856
"(0.9642857142857144, 0.9678571428571427)",4,95.08571428571426,36860
"(0.9428571428571428, 0.9464285714285714)",6,95.08571428571426,36866
"(0.8571428571428571, 0.9642857142857144)",1,95.08571428571425,36867
"(0.9428571428571428, 0.9571428571428572)",1,95.0857142857142,36868
"(0.9214285714285714, 0.9535714285714286)",1,95.08571428571408,36869
"(0.955, 0.95)",1,95.08500000000012,36870
"(0.96, 0.9475)",1,95.085,36871
"(0.915, 0.96)",2,95.08499999999984,36873
"(0.8445945945945946, 0.9648648648648648)",1,95.08412162162163,36874
"(0.9166666666666666, 0.9722222222222222)",1,95.08333333333356,36875
"(0.6944444444444444, 0.9722222222222222)",1,95.08333333333354,36876
"(0.625, 0.9722222222222222)",1,95.08333333333351,36877
"(0.8194444444444444, 0.9722222222222222)",1,95.08333333333351,36878
"(0.8888888888888888, 0.9861111111111112)",1,95.08333333333351,36879
"(0.8611111111111112, 0.9722222222222222)",1,95.0833333333335,36880
"(0.9166666666666666, 0.9861111111111112)",1,95.08333333333348,36881
"(0.6944444444444444, 0.9861111111111112)",2,95.08333333333348,36883
"(0.9444444444444444, 1.0)",1,95.08333333333348,36884
"(0.75, 0.9722222222222222)",2,95.08333333333348,36886
"(0.6944444444444444, 0.9722222222222222)",1,95.08333333333348,36887
"(0.9166666666666666, 0.9722222222222222)",2,95.08333333333348,36889
"(0.6805555555555556, 0.9722222222222222)",1,95.08333333333346,36890
"(0.8333333333333334, 0.9722222222222222)",1,95.08333333333346,36891
"(0.9166666666666666, 0.9722222222222222)",1,95.08333333333344,36892
"(0.8194444444444444, 0.9861111111111112)",1,95.08333333333344,36893
"(0.8666666666666667, 1.0)",1,95.08333333333344,36894
"(0.9305555555555556, 1.0)",1,95.08333333333344,36895
"(0.9166666666666666, 1.0)",1,95.0833333333334,36896
"(0.875, 0.9722222222222222)",1,95.0833333333334,36897
"(0.8666666666666667, 1.0)",1,95.0833333333334,36898
"(0.75, 1.0)",1,95.0833333333334,36899
"(0.8472222222222222, 0.9722222222222222)",2,95.08333333333336,36901
"(0.4517543859649123, 0.9649122807017544)",1,95.08333333333336,36902
"(0.868421052631579, 0.9692982456140352)",1,95.08333333333336,36903
"(0.8888888888888888, 1.0)",1,95.08333333333336,36904
"(0.6885964912280702, 0.9692982456140352)",1,95.08333333333334,36905
"(0.9166666666666666, 1.0)",2,95.08333333333334,36907
"(0.9333333333333332, 1.0)",1,95.08333333333334,36908
"(0.9666666666666668, 1.0)",1,95.08333333333334,36909
"(0.8833333333333333, 1.0)",1,95.08333333333334,36910
"(0.8640350877192983, 0.9736842105263158)",1,95.08333333333334,36911
"(0.8833333333333333, 1.0)",1,95.08333333333331,36912
"(0.7456140350877193, 0.9736842105263158)",1,95.08333333333331,36913
"(0.9166666666666666, 1.0)",1,95.08333333333331,36914
"(0.9027777777777778, 1.0)",2,95.08333333333331,36916
"(0.95, 1.0)",1,95.08333333333331,36917
"(0.8289473684210527, 0.956140350877193)",1,95.08333333333331,36918
"(0.8859649122807017, 0.9736842105263158)",1,95.08333333333331,36919
"(0.9375, 0.9916666666666668)",1,95.08333333333324,36920
"(0.8611111111111112, 0.9722222222222222)",1,95.0833333333332,36921
"(0.5391891891891892, 0.9702702702702702)",1,95.08277027027027,36922
"(0.9475, 0.9525)",1,95.08250000000004,36923
"(0.855, 0.955)",1,95.08250000000002,36924
"(0.8525, 0.955)",1,95.08249999999994,36925
"(0.7775, 0.9575)",3,95.08249999999992,36928
"(0.8588235294117647, 0.9647058823529412)",1,95.0823529411764,36929
"(0.8964285714285715, 0.9607142857142856)",1,95.08214285714286,36930
"(0.9178571428571428, 0.95)",1,95.08214285714284,36931
"(0.9321428571428572, 0.9571428571428572)",1,95.08214285714284,36932
"(0.9285714285714286, 0.9535714285714286)",2,95.08214285714284,36934
"(0.95, 0.9428571428571428)",1,95.0821428571428,36935
"(0.9535714285714286, 0.9571428571428572)",1,95.08214285714276,36936
"(0.9464285714285714, 0.9535714285714286)",1,95.08214285714276,36937
"(0.7964285714285714, 0.9571428571428572)",2,95.08214285714276,36939
"(0.95, 0.9571428571428572)",1,95.0821428571427,36940
"(0.8464285714285714, 0.9535714285714286)",1,95.08214285714268,36941
"(0.8604651162790697, 0.9767441860465116)",1,95.0813953488373,36942
"(0.872093023255814, 0.9767441860465116)",1,95.08139534883718,36943
"(0.4767441860465116, 0.9651162790697676)",1,95.08139534883716,36944
"(0.813953488372093, 0.9534883720930232)",1,95.08139534883716,36945
"(0.3953488372093023, 0.9534883720930232)",1,95.08139534883716,36946
"(0.6395348837209303, 0.9767441860465116)",1,95.08139534883716,36947
"(0.8604651162790697, 0.9534883720930232)",1,95.08139534883712,36948
"(0.7441860465116279, 0.9651162790697676)",1,95.08139534883712,36949
"(0.6046511627906976, 0.9651162790697676)",1,95.08139534883712,36950
"(0.8604651162790697, 0.9534883720930232)",1,95.0813953488371,36951
"(0.6046511627906976, 0.9651162790697676)",2,95.08139534883708,36953
"(0.7790697674418605, 0.9767441860465116)",1,95.08139534883703,36954
"(0.9302325581395348, 0.9534883720930232)",1,95.08139534883703,36955
"(0.7558139534883721, 0.9534883720930232)",1,95.081395348837,36956
"(0.8372093023255814, 0.9651162790697676)",1,95.081395348837,36957
"(0.4925, 0.97875)",1,95.08125000000004,36958
"(0.96, 0.95)",1,95.07999999999998,36959
"(0.82, 0.96)",1,95.07999999999984,36960
"(0.9385964912280702, 0.9605263157894736)",1,95.07894736842113,36961
"(0.793859649122807, 0.9736842105263158)",1,95.07894736842108,36962
"(0.9342105263157896, 0.9649122807017544)",1,95.07894736842104,36963
"(0.48375, 0.9725)",1,95.07874999999984,36964
"(0.9178571428571428, 0.9571428571428572)",1,95.0785714285715,36965
"(0.9214285714285714, 0.9607142857142856)",1,95.0785714285714,36966
"(0.8964285714285715, 0.95)",1,95.0785714285714,36967
"(0.9571428571428572, 0.95)",1,95.0785714285714,36968
"(0.9607142857142856, 0.95)",1,95.07857142857138,36969
"(0.9107142857142856, 0.9571428571428572)",1,95.07857142857137,36970
"(0.9571428571428572, 0.95)",1,95.07857142857137,36971
"(0.8928571428571429, 0.9642857142857144)",1,95.07857142857134,36972
"(0.955, 0.955)",1,95.0775000000001,36973
"(0.865, 0.9575)",3,95.0775,36976
"(0.8, 0.9525)",1,95.0775,36977
"(0.8275, 0.96)",1,95.07749999999992,36978
"(0.5273648648648649, 0.9726351351351352)",1,95.07702702702709,36979
"(0.9111486486486486, 0.9712837837837838)",1,95.07668918918928,36980
"(0.8464285714285714, 0.9607142857142856)",1,95.0750000000002,36981
"(0.8821428571428571, 0.9607142857142856)",3,95.07500000000016,36984
"(0.875, 0.9625)",1,95.07500000000016,36985
"(0.9125, 0.95)",1,95.07500000000016,36986
"(0.8535714285714285, 0.9607142857142856)",1,95.07500000000012,36987
"(0.6625, 0.975)",1,95.0750000000001,36988
"(0.875, 0.95)",1,95.07500000000007,36989
"(0.9678571428571427, 0.9642857142857144)",1,95.07500000000005,36990
"(0.925, 0.9625)",1,95.075,36991
"(0.8875, 0.975)",1,95.075,36992
"(0.825, 0.9875)",1,95.07499999999996,36993
"(0.9178571428571428, 0.9607142857142856)",1,95.07499999999996,36994
"(0.9535714285714286, 0.9535714285714286)",1,95.07499999999996,36995
"(0.9425, 0.9575)",2,95.07499999999992,36997
"(0.925, 0.95)",3,95.07499999999992,37000
"(0.9464285714285714, 0.9535714285714286)",1,95.0749999999999,37001
"(0.8201754385964912, 0.9649122807017544)",1,95.07456140350882,37002
"(0.8552631578947368, 0.9692982456140352)",1,95.07456140350882,37003
"(0.8289473684210527, 0.9649122807017544)",3,95.07456140350878,37006
"(0.9166666666666666, 0.9649122807017544)",1,95.07456140350877,37007
"(0.46125, 0.98875)",1,95.07250000000002,37008
"(0.8175, 0.9575)",1,95.07249999999992,37009
"(0.915, 0.955)",1,95.07249999999992,37010
"(0.8225, 0.96)",1,95.0724999999999,37011
"(0.8964285714285715, 0.95)",1,95.0714285714286,37012
"(0.9428571428571428, 0.9571428571428572)",1,95.07142857142856,37013
"(0.9571428571428572, 0.95)",1,95.07142857142856,37014
"(0.9178571428571428, 0.9535714285714286)",1,95.07142857142854,37015
"(0.9357142857142856, 0.9607142857142856)",1,95.07142857142854,37016
"(0.9285714285714286, 0.9535714285714286)",1,95.07142857142853,37017
"(0.95, 0.95)",1,95.07142857142853,37018
"(0.95, 0.9642857142857144)",1,95.07142857142853,37019
"(0.95, 0.9607142857142856)",1,95.07142857142853,37020
"(0.9428571428571428, 0.9607142857142856)",3,95.0714285714285,37023
"(0.9, 0.9642857142857144)",3,95.07142857142848,37026
"(0.9142857142857144, 0.9535714285714286)",1,95.0714285714284,37027
"(0.9, 0.9535714285714286)",1,95.0714285714284,37028
"(0.8421052631578947, 0.956140350877193)",1,95.0701754385966,37029
"(0.9035087719298246, 0.9780701754385964)",1,95.0701754385966,37030
"(0.8728070175438597, 0.9692982456140352)",1,95.07017543859656,37031
"(0.8947368421052632, 0.956140350877193)",1,95.0701754385965,37032
"(0.8771929824561403, 0.9692982456140352)",1,95.0701754385965,37033
"(0.8903508771929824, 0.9649122807017544)",1,95.0701754385965,37034
"(0.912280701754386, 0.956140350877193)",1,95.07017543859648,37035
"(0.905, 0.9475)",1,95.07,37036
"(0.8925, 0.9575)",2,95.06999999999996,37038
"(0.8372093023255814, 0.9767441860465116)",1,95.0697674418606,37039
"(0.8255813953488372, 0.9767441860465116)",1,95.06976744186056,37040
"(0.8604651162790697, 0.9767441860465116)",1,95.06976744186052,37041
"(0.872093023255814, 0.9883720930232558)",1,95.06976744186052,37042
"(0.8837209302325582, 0.9767441860465116)",1,95.06976744186048,37043
"(0.7325581395348837, 0.9651162790697676)",1,95.06976744186042,37044
"(0.872093023255814, 0.9651162790697676)",1,95.0697674418604,37045
"(0.3953488372093023, 0.9767441860465116)",1,95.06976744186038,37046
"(0.7790697674418605, 0.9534883720930232)",1,95.06976744186036,37047
"(0.8488372093023255, 0.9534883720930232)",1,95.06976744186032,37048
"(0.4418604651162791, 0.9534883720930232)",2,95.06976744186032,37050
"(0.6046511627906976, 0.9651162790697676)",1,95.06976744186032,37051
"(0.813953488372093, 0.9651162790697676)",1,95.06976744186026,37052
"(0.686046511627907, 0.9534883720930232)",1,95.06976744186024,37053
"(0.8837209302325582, 0.9534883720930232)",1,95.06976744186024,37054
"(0.872093023255814, 0.9651162790697676)",1,95.0697674418602,37055
"(0.4053030303030303, 0.9984848484848484)",2,95.069696969697,37057
"(0.9027777777777778, 0.9861111111111112)",1,95.06944444444468,37058
"(0.875, 0.9861111111111112)",2,95.06944444444464,37060
"(0.7083333333333334, 0.9722222222222222)",1,95.06944444444464,37061
"(0.9305555555555556, 1.0)",1,95.0694444444446,37062
"(0.9722222222222222, 0.9861111111111112)",2,95.0694444444446,37064
"(0.7777777777777778, 1.0)",1,95.0694444444446,37065
"(0.8611111111111112, 0.9722222222222222)",1,95.06944444444458,37066
"(0.875, 0.9861111111111112)",2,95.06944444444456,37068
"(0.9027777777777778, 0.9861111111111112)",1,95.0694444444445,37069
"(0.5739864864864865, 0.9722972972972972)",1,95.06790540540544,37070
"(0.8571428571428571, 0.9678571428571427)",1,95.0678571428572,37071
"(0.9392857142857144, 0.9607142857142856)",1,95.0678571428572,37072
"(0.9464285714285714, 0.9535714285714286)",1,95.06785714285716,37073
"(0.9142857142857144, 0.9571428571428572)",1,95.06785714285714,37074
"(0.9607142857142856, 0.9678571428571427)",1,95.06785714285712,37075
"(0.9, 0.9535714285714286)",1,95.06785714285712,37076
"(0.9285714285714286, 0.9571428571428572)",3,95.06785714285712,37079
"(0.95, 0.9607142857142856)",1,95.06785714285712,37080
"(0.8464285714285714, 0.9571428571428572)",1,95.0678571428571,37081
"(0.9464285714285714, 0.9642857142857144)",1,95.0678571428571,37082
"(0.8285714285714286, 0.9571428571428572)",3,95.06785714285708,37085
"(0.9428571428571428, 0.9535714285714286)",1,95.06785714285704,37086
"(0.9607142857142856, 0.95)",1,95.06785714285704,37087
"(0.9575, 0.9475)",1,95.0675000000001,37088
"(0.96, 0.9525)",1,95.06749999999984,37089
"(0.95, 0.9833333333333332)",1,95.06666666666672,37090
"(0.8833333333333333, 1.0)",1,95.0666666666667,37091
"(0.9, 1.0)",1,95.0666666666667,37092
"(0.9333333333333332, 1.0)",1,95.0666666666667,37093
"(0.8333333333333334, 0.9833333333333332)",1,95.06666666666668,37094
"(0.9416666666666668, 0.9458333333333332)",1,95.06666666666666,37095
"(0.95, 1.0)",1,95.06666666666666,37096
"(0.9166666666666666, 1.0)",1,95.06666666666666,37097
"(0.85, 1.0)",1,95.06666666666666,37098
"(0.5739864864864865, 0.9672297297297298)",1,95.06621621621618,37099
"(0.7719298245614035, 0.9605263157894736)",1,95.06578947368426,37100
"(0.8552631578947368, 0.9692982456140352)",1,95.06578947368423,37101
"(0.6798245614035088, 0.9473684210526316)",1,95.06578947368423,37102
"(0.8201754385964912, 0.9649122807017544)",1,95.0657894736842,37103
"(0.775, 0.945)",2,95.06500000000004,37105
"(0.8108108108108109, 0.9695945945945946)",1,95.06486486486492,37106
"(0.8392857142857143, 0.95)",1,95.0642857142858,37107
"(0.95, 0.9642857142857144)",1,95.06428571428576,37108
"(0.9464285714285714, 0.9535714285714286)",1,95.06428571428576,37109
"(0.8857142857142857, 0.95)",1,95.06428571428572,37110
"(0.9178571428571428, 0.9571428571428572)",3,95.06428571428572,37113
"(0.9035714285714286, 0.9571428571428572)",1,95.06428571428567,37114
"(0.9107142857142856, 0.9464285714285714)",1,95.06428571428566,37115
"(0.8928571428571429, 0.9607142857142856)",2,95.06428571428566,37117
"(0.8964285714285715, 0.9535714285714286)",4,95.06428571428552,37121
"(0.7375, 0.95)",1,95.06250000000011,37122
"(0.9625, 0.975)",1,95.0625000000001,37123
"(0.9916666666666668, 0.8625)",1,95.06249999999994,37124
"(0.9541666666666668, 0.9916666666666668)",1,95.06249999999991,37125
"(0.9, 0.975)",1,95.0624999999999,37126
"(0.9225, 0.96)",1,95.06249999999984,37127
"(0.7456140350877193, 0.9692982456140352)",2,95.061403508772,37129
"(0.8991228070175439, 0.956140350877193)",3,95.061403508772,37132
"(0.5921052631578947, 0.956140350877193)",3,95.061403508772,37135
"(0.5219298245614035, 0.9649122807017544)",3,95.06140350877196,37138
"(0.912280701754386, 0.9649122807017544)",4,95.06140350877196,37142
"(0.6008771929824561, 0.9736842105263158)",1,95.06140350877196,37143
"(0.7719298245614035, 0.9605263157894736)",1,95.06140350877196,37144
"(0.8640350877192983, 0.9649122807017544)",1,95.06140350877196,37145
"(0.8991228070175439, 0.9649122807017544)",1,95.06140350877196,37146
"(0.8552631578947368, 0.9649122807017544)",1,95.06140350877192,37147
"(0.9078947368421052, 0.9736842105263158)",2,95.06140350877192,37149
"(0.7719298245614035, 0.9517543859649122)",1,95.0614035087719,37150
"(0.9607142857142856, 0.9642857142857144)",1,95.06071428571444,37151
"(0.9535714285714286, 0.9571428571428572)",1,95.06071428571428,37152
"(0.9285714285714286, 0.9642857142857144)",1,95.06071428571424,37153
"(0.9535714285714286, 0.95)",1,95.06071428571424,37154
"(0.9, 0.9607142857142856)",1,95.06071428571424,37155
"(0.9035714285714286, 0.95)",1,95.0607142857142,37156
"(0.8964285714285715, 0.9535714285714286)",1,95.0607142857142,37157
"(0.9321428571428572, 0.9535714285714286)",1,95.0607142857142,37158
"(0.8675, 0.9575)",1,95.05999999999996,37159
"(0.8, 0.9525)",1,95.05999999999996,37160
"(0.6925, 0.95)",1,95.0599999999999,37161
"(0.855, 0.9575)",2,95.05999999999987,37163
"(0.5398648648648648, 0.9706081081081082)",1,95.05945945945946,37164
"(0.6352941176470588, 0.9411764705882352)",1,95.05882352941175,37165
"(0.7790697674418605, 0.9767441860465116)",1,95.05813953488384,37166
"(0.5465116279069767, 0.9767441860465116)",1,95.05813953488378,37167
"(0.8255813953488372, 0.9883720930232558)",1,95.05813953488376,37168
"(0.7790697674418605, 0.9651162790697676)",1,95.05813953488376,37169
"(0.6162790697674418, 1.0)",1,95.05813953488374,37170
"(0.7790697674418605, 0.9767441860465116)",2,95.05813953488372,37172
"(0.7093023255813954, 0.9767441860465116)",1,95.05813953488372,37173
"(0.7790697674418605, 0.9767441860465116)",1,95.05813953488372,37174
"(0.627906976744186, 0.9767441860465116)",1,95.05813953488368,37175
"(0.8372093023255814, 0.9534883720930232)",1,95.05813953488368,37176
"(0.3604651162790697, 0.9534883720930232)",1,95.05813953488368,37177
"(0.4069767441860465, 0.9767441860465116)",1,95.05813953488368,37178
"(0.4767441860465116, 0.9651162790697676)",1,95.05813953488364,37179
"(0.8837209302325582, 0.9534883720930232)",3,95.05813953488364,37182
"(0.9302325581395348, 0.9651162790697676)",1,95.05813953488364,37183
"(0.6744186046511628, 0.9651162790697676)",1,95.0581395348836,37184
"(0.8604651162790697, 0.9534883720930232)",1,95.05813953488357,37185
"(0.5116279069767442, 0.9534883720930232)",1,95.05813953488357,37186
"(0.5116279069767442, 0.9651162790697676)",1,95.05813953488357,37187
"(0.8837209302325582, 0.9651162790697676)",1,95.05813953488354,37188
"(0.7790697674418605, 0.9534883720930232)",1,95.05813953488354,37189
"(0.9302325581395348, 0.9651162790697676)",1,95.05813953488352,37190
"(0.8023255813953488, 0.9534883720930232)",1,95.05813953488352,37191
"(0.8372093023255814, 0.9534883720930232)",1,95.05813953488352,37192
"(0.905, 0.965)",1,95.0575000000002,37193
"(0.855, 0.9575)",1,95.05750000000012,37194
"(0.9075, 0.9425)",1,95.05750000000008,37195
"(0.935, 0.95)",2,95.05750000000006,37197
"(0.8, 0.955)",1,95.05749999999992,37198
"(0.8525, 0.9575)",1,95.05749999999986,37199
"(0.8928571428571429, 0.9678571428571427)",1,95.05714285714286,37200
"(0.9607142857142856, 0.9678571428571427)",1,95.05714285714284,37201
"(0.9392857142857144, 0.9607142857142856)",1,95.05714285714284,37202
"(0.8892857142857142, 0.9607142857142856)",1,95.05714285714284,37203
"(0.9428571428571428, 0.9535714285714286)",1,95.05714285714282,37204
"(0.9214285714285714, 0.9535714285714286)",1,95.0571428571428,37205
"(0.8785714285714286, 0.9607142857142856)",1,95.0571428571428,37206
"(0.9607142857142856, 0.95)",1,95.05714285714278,37207
"(0.9142857142857144, 0.9535714285714286)",1,95.05714285714276,37208
"(0.8571428571428571, 0.9642857142857144)",1,95.05714285714272,37209
"(0.9428571428571428, 0.9571428571428572)",1,95.05714285714272,37210
"(0.8928571428571429, 0.9535714285714286)",1,95.05714285714268,37211
"(0.7675438596491229, 0.9780701754385964)",1,95.05701754385976,37212
"(0.8771929824561403, 0.9605263157894736)",1,95.05701754385974,37213
"(0.7719298245614035, 0.9605263157894736)",5,95.05701754385971,37218
"(0.9078947368421052, 0.9780701754385964)",1,95.05701754385971,37219
"(0.6008771929824561, 0.9736842105263158)",1,95.0570175438597,37220
"(0.868421052631579, 0.9649122807017544)",1,95.05701754385969,37221
"(0.4517543859649123, 0.9649122807017544)",3,95.05701754385969,37224
"(0.8640350877192983, 0.9692982456140352)",1,95.05701754385969,37225
"(0.7807017543859649, 0.9605263157894736)",1,95.05701754385966,37226
"(0.9473684210526316, 0.9780701754385964)",1,95.05701754385966,37227
"(0.9305555555555556, 0.9722222222222222)",1,95.05555555555576,37228
"(0.875, 0.9722222222222222)",1,95.05555555555576,37229
"(0.9027777777777778, 0.9861111111111112)",1,95.05555555555574,37230
"(0.7916666666666666, 0.9722222222222222)",1,95.05555555555574,37231
"(0.7916666666666666, 0.9861111111111112)",2,95.05555555555571,37233
"(0.875, 0.9722222222222222)",1,95.05555555555571,37234
"(0.7222222222222222, 0.9861111111111112)",1,95.05555555555571,37235
"(0.8055555555555556, 0.9722222222222222)",1,95.0555555555557,37236
"(0.7638888888888888, 0.9861111111111112)",1,95.0555555555557,37237
"(0.9027777777777778, 0.9861111111111112)",1,95.05555555555566,37238
"(0.9027777777777778, 1.0)",1,95.05555555555566,37239
"(0.8888888888888888, 0.9722222222222222)",1,95.05555555555566,37240
"(0.8472222222222222, 0.9861111111111112)",1,95.05555555555564,37241
"(0.7083333333333334, 1.0)",2,95.05555555555564,37243
"(0.9444444444444444, 0.9861111111111112)",2,95.05555555555564,37245
"(0.9166666666666666, 0.9722222222222222)",1,95.05555555555554,37246
"(0.755, 0.955)",2,95.055,37248
"(0.8725, 0.9575)",1,95.0549999999999,37249
"(0.9225, 0.96)",1,95.05499999999982,37250
"(0.9791666666666666, 0.9958333333333332)",1,95.05416666666672,37251
"(0.9625, 0.9791666666666666)",1,95.05416666666672,37252
"(0.9535714285714286, 0.9607142857142856)",6,95.05357142857144,37258
"(0.8071428571428572, 0.9607142857142856)",3,95.05357142857144,37261
"(0.9, 0.95)",1,95.05357142857142,37262
"(0.9357142857142856, 0.9464285714285714)",1,95.0535714285714,37263
"(0.9142857142857144, 0.95)",1,95.0535714285714,37264
"(0.9357142857142856, 0.9642857142857144)",1,95.0535714285714,37265
"(0.9535714285714286, 0.9428571428571428)",1,95.05357142857136,37266
"(0.9464285714285714, 0.9535714285714286)",1,95.05357142857132,37267
"(0.9535714285714286, 0.9571428571428572)",1,95.05357142857132,37268
"(0.9392857142857144, 0.9535714285714286)",1,95.05357142857132,37269
"(0.8892857142857142, 0.9535714285714286)",1,95.05357142857125,37270
"(0.9285714285714286, 0.9535714285714286)",1,95.05357142857125,37271
"(0.831081081081081, 0.9689189189189188)",1,95.05304054054064,37272
"(0.6189393939393939, 0.9984848484848484)",3,95.05303030303034,37275
"(0.4824561403508772, 0.9780701754385964)",3,95.05263157894744,37278
"(0.6578947368421053, 0.9780701754385964)",8,95.05263157894744,37286
"(0.5921052631578947, 0.9692982456140352)",1,95.0526315789474,37287
"(0.9166666666666666, 0.9517543859649122)",3,95.05263157894736,37290
"(0.7280701754385965, 0.9649122807017544)",1,95.05263157894736,37291
"(0.935, 0.9575)",1,95.05250000000008,37292
"(0.9575, 0.9575)",2,95.05249999999997,37294
"(0.9166666666666666, 0.9666666666666668)",1,95.05000000000008,37295
"(0.9, 0.9833333333333332)",1,95.05000000000008,37296
"(0.9666666666666668, 1.0)",1,95.05000000000004,37297
"(0.8125, 0.95)",1,95.05000000000004,37298
"(0.9178571428571428, 0.9607142857142856)",1,95.05,37299
"(0.8166666666666667, 1.0)",1,95.05,37300
"(0.9833333333333332, 1.0)",1,95.05,37301
"(0.8833333333333333, 1.0)",1,95.05,37302
"(1.0, 1.0)",1,95.05,37303
"(0.9833333333333332, 1.0)",3,95.05,37306
"(0.8958333333333334, 0.975)",1,95.04999999999995,37307
"(0.95, 0.9571428571428572)",1,95.04999999999995,37308
"(0.9, 0.95)",1,95.04999999999995,37309
"(0.9428571428571428, 0.9607142857142856)",3,95.04999999999995,37312
"(0.85, 0.975)",1,95.04999999999995,37313
"(0.875, 0.975)",2,95.04999999999994,37315
"(0.9392857142857144, 0.95)",1,95.04999999999994,37316
"(0.9791666666666666, 0.9958333333333332)",4,95.04999999999994,37320
"(0.9357142857142856, 0.9535714285714286)",1,95.04999999999993,37321
"(0.75, 0.9625)",1,95.04999999999993,37322
"(0.925, 0.9714285714285714)",1,95.04999999999993,37323
"(0.9285714285714286, 0.95)",3,95.04999999999993,37326
"(0.82, 0.9575)",3,95.04999999999988,37329
"(0.9035714285714286, 0.9535714285714286)",1,95.04999999999988,37330
"(0.6625, 0.975)",1,95.04999999999988,37331
"(0.7912162162162162, 0.9756756756756756)",1,95.0496621621622,37332
"(0.8297297297297297, 0.9652027027027028)",2,95.04831081081085,37334
"(0.8070175438596491, 0.9824561403508772)",1,95.04824561403515,37335
"(0.8289473684210527, 0.956140350877193)",1,95.04824561403515,37336
"(0.8552631578947368, 0.9605263157894736)",3,95.04824561403514,37339
"(0.8289473684210527, 0.9692982456140352)",1,95.04824561403512,37340
"(0.7149122807017544, 0.9692982456140352)",1,95.04824561403512,37341
"(0.735, 0.9525)",1,95.04749999999996,37342
"(0.8525, 0.955)",1,95.04749999999994,37343
"(0.7825, 0.9575)",1,95.04749999999986,37344
"(0.7058823529411765, 0.9411764705882352)",1,95.04705882352918,37345
"(0.8255813953488372, 0.9651162790697676)",1,95.04651162790712,37346
"(0.9418604651162792, 0.9883720930232558)",2,95.0465116279071,37348
"(0.9418604651162792, 0.9767441860465116)",1,95.04651162790702,37349
"(0.8604651162790697, 0.9883720930232558)",1,95.04651162790697,37350
"(0.7441860465116279, 0.9651162790697676)",1,95.04651162790694,37351
"(0.5697674418604651, 0.9767441860465116)",1,95.04651162790694,37352
"(0.872093023255814, 0.9651162790697676)",1,95.04651162790692,37353
"(0.6046511627906976, 0.9302325581395348)",1,95.04651162790692,37354
"(0.3953488372093023, 0.9534883720930232)",1,95.04651162790692,37355
"(0.4302325581395348, 0.9651162790697676)",1,95.04651162790692,37356
"(0.9651162790697676, 0.9767441860465116)",1,95.04651162790688,37357
"(0.4534883720930232, 0.9651162790697676)",1,95.04651162790688,37358
"(0.8372093023255814, 0.9534883720930232)",1,95.04651162790684,37359
"(0.7209302325581395, 0.9534883720930232)",2,95.0465116279068,37361
"(0.8604651162790697, 0.9534883720930232)",1,95.0465116279068,37362
"(0.9302325581395348, 0.9651162790697676)",1,95.04651162790678,37363
"(0.6046511627906976, 0.9534883720930232)",1,95.04651162790678,37364
"(0.8488372093023255, 0.9534883720930232)",1,95.04651162790678,37365
"(0.8255813953488372, 0.9651162790697676)",1,95.04651162790672,37366
"(0.9607142857142856, 0.9464285714285714)",1,95.0464285714286,37367
"(0.9178571428571428, 0.9571428571428572)",1,95.04642857142858,37368
"(0.9392857142857144, 0.9642857142857144)",1,95.04642857142856,37369
"(0.8178571428571428, 0.9464285714285714)",1,95.04642857142856,37370
"(0.9714285714285714, 0.9571428571428572)",1,95.04642857142856,37371
"(0.8535714285714285, 0.95)",1,95.04642857142856,37372
"(0.8392857142857143, 0.9535714285714286)",1,95.04642857142852,37373
"(0.8928571428571429, 0.9607142857142856)",1,95.04642857142848,37374
"(0.8928571428571429, 0.9535714285714286)",1,95.04642857142844,37375
"(0.945, 0.95)",1,95.04500000000014,37376
"(0.9425, 0.965)",1,95.04500000000006,37377
"(0.885, 0.945)",1,95.04499999999994,37378
"(0.895, 0.955)",1,95.04499999999987,37379
"(0.8640350877192983, 0.9692982456140352)",1,95.0438596491229,37380
"(0.9166666666666666, 0.9605263157894736)",1,95.04385964912288,37381
"(0.5964912280701754, 0.9692982456140352)",1,95.04385964912284,37382
"(0.8640350877192983, 0.9736842105263158)",3,95.04385964912284,37385
"(0.5402027027027027, 0.9702702702702702)",1,95.04358108108114,37386
"(0.839527027027027, 0.9689189189189188)",1,95.04324324324332,37387
"(0.9535714285714286, 0.9571428571428572)",3,95.04285714285716,37390
"(0.8571428571428571, 0.9607142857142856)",3,95.04285714285707,37393
"(0.8142857142857143, 0.9535714285714286)",1,95.042857142857,37394
"(0.8375, 0.9575)",1,95.04249999999992,37395
"(0.75, 0.9722222222222222)",1,95.04166666666686,37396
"(0.8194444444444444, 0.9861111111111112)",1,95.04166666666686,37397
"(0.8888888888888888, 0.9861111111111112)",2,95.04166666666684,37399
"(0.8611111111111112, 0.9722222222222222)",1,95.04166666666684,37400
"(0.7916666666666666, 0.9861111111111112)",1,95.0416666666668,37401
"(0.8611111111111112, 0.9861111111111112)",1,95.0416666666668,37402
"(0.8611111111111112, 0.9861111111111112)",2,95.0416666666668,37404
"(0.5972222222222222, 0.9861111111111112)",1,95.0416666666668,37405
"(0.9166666666666666, 0.9861111111111112)",1,95.0416666666668,37406
"(0.5555555555555556, 0.9861111111111112)",1,95.0416666666668,37407
"(0.7916666666666666, 0.9861111111111112)",1,95.04166666666674,37408
"(0.8888888888888888, 1.0)",1,95.04166666666671,37409
"(0.9027777777777778, 0.9861111111111112)",1,95.04166666666671,37410
"(0.8472222222222222, 0.9722222222222222)",1,95.04166666666671,37411
"(0.7916666666666666, 1.0)",1,95.04166666666669,37412
"(0.8611111111111112, 0.9722222222222222)",1,95.04166666666652,37413
"(0.6006756756756757, 0.970945945945946)",3,95.04121621621624,37416
"(0.4068181818181818, 0.9931818181818182)",3,95.04090909090914,37419
"(0.9275, 0.9475)",1,95.04000000000006,37420
"(0.8175, 0.9525)",1,95.04000000000002,37421
"(0.735, 0.955)",1,95.04,37422
"(0.955, 0.9525)",1,95.04,37423
"(0.868421052631579, 0.956140350877193)",1,95.0394736842106,37424
"(0.8201754385964912, 0.9605263157894736)",5,95.03947368421052,37429
"(0.9392857142857144, 0.9607142857142856)",1,95.03928571428578,37430
"(0.9464285714285714, 0.95)",1,95.03928571428578,37431
"(0.9678571428571427, 0.9607142857142856)",3,95.03928571428573,37434
"(0.9607142857142856, 0.975)",1,95.0392857142856,37435
"(0.8607142857142858, 0.9642857142857144)",1,95.03928571428558,37436
"(0.8821428571428571, 0.9535714285714286)",3,95.03928571428553,37439
"(0.8375, 0.95)",1,95.03750000000008,37440
"(0.925, 0.9625)",2,95.03750000000008,37442
"(0.94, 0.95)",1,95.03750000000008,37443
"(0.9, 0.9625)",1,95.03750000000004,37444
"(0.9375, 0.9625)",1,95.03750000000002,37445
"(0.9458333333333332, 0.9875)",1,95.03749999999997,37446
"(0.9625, 0.975)",1,95.03749999999997,37447
"(0.945, 0.955)",2,95.03749999999997,37449
"(0.6925, 0.9525)",1,95.03749999999994,37450
"(0.825, 0.9875)",1,95.03749999999992,37451
"(0.95, 0.975)",1,95.0374999999999,37452
"(0.9125, 0.975)",1,95.03749999999984,37453
"(0.925, 0.975)",1,95.0374999999998,37454
"(0.7638513513513514, 0.970945945945946)",2,95.03716216216218,37456
"(0.8472972972972973, 0.9726351351351352)",2,95.03614864864872,37458
"(0.8928571428571429, 0.9607142857142856)",4,95.03571428571448,37462
"(0.9535714285714286, 0.9607142857142856)",1,95.03571428571436,37463
"(0.9, 0.9571428571428572)",2,95.03571428571428,37465
"(0.8071428571428572, 0.9607142857142856)",1,95.03571428571428,37466
"(0.9178571428571428, 0.9642857142857144)",1,95.03571428571428,37467
"(0.9571428571428572, 0.9642857142857144)",1,95.03571428571426,37468
"(0.8964285714285715, 0.9642857142857144)",1,95.03571428571426,37469
"(0.9178571428571428, 0.9607142857142856)",3,95.03571428571426,37472
"(0.925, 0.9642857142857144)",1,95.03571428571422,37473
"(0.9357142857142856, 0.9428571428571428)",1,95.0357142857142,37474
"(0.95, 0.9535714285714286)",1,95.03571428571412,37475
"(0.5647058823529412, 0.9647058823529412)",1,95.03529411764694,37476
"(0.8216216216216217, 0.9685810810810812)",1,95.03513513513516,37477
"(0.6754385964912281, 0.9692982456140352)",1,95.03508771929826,37478
"(0.8903508771929824, 0.9736842105263158)",3,95.03508771929825,37481
"(0.8245614035087719, 0.9649122807017544)",8,95.0350877192982,37489
"(0.955, 0.9475)",1,95.03500000000008,37490
"(0.85, 0.9575)",3,95.03499999999995,37493
"(0.7558139534883721, 0.9883720930232558)",1,95.0348837209304,37494
"(0.7093023255813954, 0.9651162790697676)",1,95.03488372093038,37495
"(0.6046511627906976, 0.9767441860465116)",1,95.03488372093037,37496
"(0.4651162790697674, 0.9883720930232558)",1,95.03488372093037,37497
"(0.8604651162790697, 0.9767441860465116)",1,95.03488372093032,37498
"(0.8953488372093024, 0.9767441860465116)",1,95.03488372093024,37499
"(0.5697674418604651, 0.9534883720930232)",1,95.03488372093022,37500
"(0.5697674418604651, 0.9767441860465116)",1,95.0348837209302,37501
"(0.9302325581395348, 0.9534883720930232)",1,95.03488372093018,37502
"(0.8372093023255814, 0.9418604651162792)",1,95.03488372093018,37503
"(0.7906976744186046, 0.9767441860465116)",1,95.03488372093018,37504
"(0.8372093023255814, 0.9534883720930232)",2,95.03488372093018,37506
"(0.627906976744186, 0.9534883720930232)",1,95.03488372093018,37507
"(0.5116279069767442, 0.9651162790697676)",1,95.03488372093018,37508
"(0.5930232558139535, 0.9418604651162792)",1,95.03488372093014,37509
"(0.5116279069767442, 0.9651162790697676)",1,95.03488372093014,37510
"(0.6976744186046512, 0.9534883720930232)",1,95.0348837209301,37511
"(0.8023255813953488, 0.9534883720930232)",1,95.03488372093004,37512
"(0.9354729729729728, 0.970945945945946)",4,95.0337837837838,37516
"(0.9666666666666668, 0.9833333333333332)",1,95.03333333333342,37517
"(0.9666666666666668, 0.9833333333333332)",1,95.0333333333334,37518
"(0.9, 0.9833333333333332)",1,95.0333333333334,37519
"(0.8166666666666667, 0.9833333333333332)",1,95.0333333333334,37520
"(0.8833333333333333, 1.0)",1,95.03333333333336,37521
"(0.9833333333333332, 1.0)",1,95.03333333333336,37522
"(0.9833333333333332, 1.0)",1,95.03333333333336,37523
"(0.8333333333333334, 1.0)",1,95.03333333333336,37524
"(0.7333333333333333, 1.0)",1,95.03333333333336,37525
"(0.85, 1.0)",1,95.03333333333336,37526
"(0.9666666666666668, 1.0)",1,95.03333333333332,37527
"(0.9916666666666668, 1.0)",1,95.0333333333333,37528
"(0.9916666666666668, 0.9958333333333332)",4,95.03333333333327,37532
"(0.9300675675675676, 0.9719594594594596)",2,95.03310810810812,37534
"(0.9162162162162162, 0.966554054054054)",1,95.03277027027023,37535
"(0.9425, 0.9575)",2,95.03250000000014,37537
"(0.785, 0.9575)",1,95.03249999999991,37538
"(0.775, 0.955)",1,95.0324999999999,37539
"(0.835, 0.955)",1,95.03249999999989,37540
"(0.9142857142857144, 0.95)",1,95.03214285714292,37541
"(0.8464285714285714, 0.9607142857142856)",1,95.0321428571429,37542
"(0.875, 0.9571428571428572)",1,95.03214285714289,37543
"(0.9178571428571428, 0.9571428571428572)",1,95.03214285714284,37544
"(0.925, 0.9714285714285714)",1,95.03214285714282,37545
"(0.9214285714285714, 0.9464285714285714)",1,95.0321428571428,37546
"(0.9, 0.9535714285714286)",1,95.0321428571428,37547
"(0.9678571428571427, 0.975)",1,95.0321428571428,37548
"(0.825, 0.9571428571428572)",1,95.03214285714274,37549
"(0.9428571428571428, 0.9571428571428572)",1,95.03214285714272,37550
"(0.6973684210526315, 0.9649122807017544)",1,95.03070175438604,37551
"(0.8289473684210527, 0.9692982456140352)",1,95.03070175438602,37552
"(0.5219298245614035, 0.9736842105263158)",2,95.03070175438602,37554
"(0.9035087719298246, 0.9780701754385964)",1,95.03070175438602,37555
"(0.7456140350877193, 0.9649122807017544)",1,95.030701754386,37556
"(0.8552631578947368, 0.9649122807017544)",1,95.030701754386,37557
"(0.8728070175438597, 0.9517543859649122)",1,95.03070175438596,37558
"(0.8464912280701754, 0.9649122807017544)",1,95.03070175438596,37559
"(0.8333333333333334, 0.9473684210526316)",2,95.03070175438596,37561
"(0.706140350877193, 0.9649122807017544)",3,95.03070175438596,37564
"(0.8728070175438597, 0.9517543859649122)",3,95.03070175438596,37567
"(0.8157894736842105, 0.9605263157894736)",1,95.03070175438594,37568
"(0.905, 0.9525)",1,95.03000000000006,37569
"(0.96, 0.9475)",1,95.03000000000002,37570
"(0.955, 0.9575)",1,95.02999999999992,37571
"(0.8587837837837838, 0.9719594594594596)",1,95.02939189189188,37572
"(0.95, 0.9875)",1,95.0291666666666,37573
"(0.9333333333333332, 0.975)",1,95.0291666666666,37574
"(0.535, 0.9725)",1,95.02874999999992,37575
"(0.9535714285714286, 0.9571428571428572)",1,95.02857142857144,37576
"(0.9285714285714286, 0.9607142857142856)",2,95.02857142857142,37578
"(0.9285714285714286, 0.9642857142857144)",1,95.02857142857142,37579
"(0.9464285714285714, 0.95)",3,95.02857142857142,37582
"(0.875, 0.9571428571428572)",3,95.02857142857142,37585
"(0.9, 0.9607142857142856)",3,95.0285714285714,37588
"(0.8285714285714286, 0.9535714285714286)",1,95.02857142857138,37589
"(0.9178571428571428, 0.9428571428571428)",1,95.02857142857138,37590
"(0.95, 0.9642857142857144)",2,95.0285714285713,37592
"(0.8928571428571429, 0.9535714285714286)",1,95.02857142857128,37593
"(0.8194444444444444, 0.9861111111111112)",2,95.02777777777794,37595
"(0.8055555555555556, 0.9861111111111112)",1,95.02777777777791,37596
"(0.9583333333333334, 1.0)",2,95.02777777777791,37598
"(0.8055555555555556, 0.9583333333333334)",1,95.02777777777791,37599
"(0.8333333333333334, 0.9861111111111112)",1,95.02777777777791,37600
"(0.8611111111111112, 0.9861111111111112)",2,95.02777777777791,37602
"(0.9166666666666666, 0.9722222222222222)",1,95.02777777777791,37603
"(0.75, 0.9861111111111112)",1,95.02777777777791,37604
"(0.8611111111111112, 0.9861111111111112)",2,95.0277777777779,37606
"(0.9027777777777778, 0.9583333333333334)",1,95.02777777777789,37607
"(0.8333333333333334, 0.9722222222222222)",1,95.02777777777789,37608
"(0.7638888888888888, 0.9861111111111112)",2,95.02777777777789,37610
"(0.9027777777777778, 0.9722222222222222)",1,95.02777777777784,37611
"(0.6944444444444444, 0.9861111111111112)",1,95.02777777777784,37612
"(0.85, 0.9575)",2,95.02750000000012,37614
"(0.50375, 0.98)",1,95.02750000000012,37615
"(0.8289473684210527, 0.9780701754385964)",8,95.02631578947376,37623
"(0.8728070175438597, 0.956140350877193)",1,95.02631578947374,37624
"(0.881578947368421, 0.9605263157894736)",2,95.02631578947374,37626
"(0.8245614035087719, 0.9780701754385964)",3,95.02631578947371,37629
"(0.8991228070175439, 0.9473684210526316)",1,95.0263157894737,37630
"(0.7456140350877193, 0.9736842105263158)",3,95.02631578947368,37633
"(0.4515151515151515, 1.0)",3,95.0257575757576,37636
"(0.8785714285714286, 0.9607142857142856)",1,95.02500000000018,37637
"(0.875, 0.95)",1,95.02500000000012,37638
"(0.9375, 0.95)",1,95.0250000000001,37639
"(0.9125, 0.9375)",1,95.02500000000008,37640
"(0.9, 0.95)",1,95.02500000000008,37641
"(0.9392857142857144, 0.9571428571428572)",1,95.02500000000003,37642
"(0.8025, 0.9525)",1,95.02500000000003,37643
"(0.9075, 0.9575)",1,95.02500000000002,37644
"(0.9392857142857144, 0.9571428571428572)",1,95.025,37645
"(0.9, 0.975)",1,95.025,37646
"(0.9571428571428572, 0.9714285714285714)",1,95.02499999999998,37647
"(0.9178571428571428, 0.9571428571428572)",2,95.02499999999998,37649
"(0.6391891891891892, 0.9716216216216216)",2,95.02499999999996,37651
"(0.775, 0.975)",1,95.02499999999996,37652
"(0.8678571428571429, 0.9571428571428572)",2,95.02499999999996,37654
"(0.9625, 0.9875)",1,95.02499999999992,37655
"(0.825, 0.9875)",1,95.02499999999992,37656
"(0.9607142857142856, 0.9642857142857144)",1,95.02499999999992,37657
"(0.9678571428571427, 0.975)",1,95.02499999999992,37658
"(0.9375, 0.975)",1,95.02499999999992,37659
"(0.925, 0.975)",1,95.02499999999992,37660
"(0.8875, 0.9833333333333332)",1,95.0249999999999,37661
"(0.9, 0.9625)",1,95.0249999999999,37662
"(0.9464285714285714, 0.9535714285714286)",1,95.02499999999988,37663
"(0.9, 0.975)",1,95.02499999999984,37664
"(0.8705882352941177, 0.9294117647058824)",6,95.02352941176449,37670
"(0.9767441860465116, 0.9651162790697676)",1,95.02325581395368,37671
"(0.5930232558139535, 0.9767441860465116)",2,95.02325581395364,37673
"(0.4534883720930232, 0.9767441860465116)",2,95.02325581395353,37675
"(0.8372093023255814, 0.9651162790697676)",1,95.02325581395353,37676
"(0.8023255813953488, 0.9883720930232558)",1,95.02325581395353,37677
"(0.5116279069767442, 0.9651162790697676)",1,95.02325581395348,37678
"(0.3488372093023256, 0.9534883720930232)",1,95.02325581395348,37679
"(0.8372093023255814, 0.9534883720930232)",1,95.02325581395344,37680
"(0.5465116279069767, 0.9534883720930232)",2,95.02325581395344,37682
"(0.8023255813953488, 0.9767441860465116)",1,95.02325581395344,37683
"(0.4767441860465116, 0.9651162790697676)",1,95.02325581395344,37684
"(0.3953488372093023, 0.9534883720930232)",1,95.0232558139534,37685
"(0.813953488372093, 0.9534883720930232)",2,95.02325581395338,37687
"(0.8604651162790697, 0.9534883720930232)",1,95.02325581395336,37688
"(0.9302325581395348, 0.9534883720930232)",1,95.02325581395336,37689
"(0.9534883720930232, 0.9534883720930232)",1,95.02325581395336,37690
"(0.9302325581395348, 0.9651162790697676)",1,95.02325581395333,37691
"(0.7674418604651163, 0.9534883720930232)",1,95.02325581395333,37692
"(0.8372093023255814, 0.9651162790697676)",1,95.0232558139533,37693
"(0.8263513513513514, 0.9689189189189188)",4,95.02263513513516,37697
"(0.9275, 0.94)",1,95.02250000000006,37698
"(0.955, 0.955)",4,95.02249999999998,37702
"(0.925438596491228, 0.9649122807017544)",1,95.0219298245615,37703
"(0.4736842105263157, 0.9649122807017544)",1,95.02192982456148,37704
"(0.8333333333333334, 0.9517543859649122)",1,95.02192982456148,37705
"(0.8245614035087719, 0.9605263157894736)",2,95.02192982456144,37707
"(0.706140350877193, 0.9736842105263158)",1,95.02192982456144,37708
"(0.8552631578947368, 0.956140350877193)",1,95.02192982456135,37709
"(0.5743243243243243, 0.9712837837837838)",1,95.02162162162168,37710
"(0.9571428571428572, 0.9535714285714286)",1,95.02142857142864,37711
"(0.9535714285714286, 0.9464285714285714)",1,95.02142857142856,37712
"(0.9428571428571428, 0.9571428571428572)",1,95.02142857142856,37713
"(0.8857142857142857, 0.9428571428571428)",1,95.02142857142854,37714
"(0.8392857142857143, 0.9607142857142856)",1,95.02142857142852,37715
"(0.95, 0.9678571428571427)",1,95.02142857142852,37716
"(0.9178571428571428, 0.95)",1,95.02142857142849,37717
"(0.9107142857142856, 0.9571428571428572)",1,95.02142857142849,37718
"(0.8392857142857143, 0.9642857142857144)",1,95.02142857142849,37719
"(0.8928571428571429, 0.9464285714285714)",1,95.02142857142846,37720
"(0.5325, 0.98)",1,95.02125000000008,37721
"(0.8952702702702703, 0.9675675675675676)",1,95.020945945946,37722
"(0.7475, 0.955)",1,95.01999999999995,37723
"(0.725, 0.9575)",1,95.0199999999999,37724
"(0.8392857142857143, 0.9571428571428572)",1,95.01785714285715,37725
"(0.8892857142857142, 0.9535714285714286)",1,95.01785714285715,37726
"(0.9321428571428572, 0.95)",1,95.01785714285712,37727
"(0.9607142857142856, 0.9642857142857144)",1,95.01785714285712,37728
"(0.9142857142857144, 0.9607142857142856)",1,95.01785714285712,37729
"(0.9464285714285714, 0.95)",3,95.01785714285712,37732
"(0.9535714285714286, 0.9535714285714286)",1,95.0178571428571,37733
"(0.9178571428571428, 0.9607142857142856)",1,95.01785714285708,37734
"(0.9357142857142856, 0.95)",1,95.01785714285708,37735
"(0.9214285714285714, 0.95)",1,95.01785714285704,37736
"(0.8535714285714285, 0.9428571428571428)",1,95.01785714285704,37737
"(0.9642857142857144, 0.9607142857142856)",1,95.01785714285704,37738
"(0.9392857142857144, 0.9535714285714286)",1,95.01785714285694,37739
"(0.8728070175438597, 0.9517543859649122)",1,95.01754385964918,37740
"(0.8508771929824561, 0.9517543859649122)",1,95.01754385964917,37741
"(0.8947368421052632, 0.9605263157894736)",1,95.01754385964914,37742
"(0.9035087719298246, 0.9605263157894736)",1,95.01754385964914,37743
"(0.8201754385964912, 0.9692982456140352)",1,95.01754385964912,37744
"(0.7149122807017544, 0.9736842105263158)",1,95.01754385964908,37745
"(0.845, 0.955)",4,95.01749999999996,37749
"(0.64, 0.9575)",3,95.0174999999999,37752
"(0.8166666666666667, 0.9833333333333332)",1,95.01666666666674,37753
"(0.9166666666666666, 1.0)",1,95.01666666666674,37754
"(0.9166666666666666, 0.9833333333333332)",2,95.01666666666674,37756
"(0.9666666666666668, 0.9833333333333332)",1,95.01666666666674,37757
"(0.8666666666666667, 0.9833333333333332)",1,95.01666666666672,37758
"(0.85, 0.9833333333333332)",1,95.01666666666672,37759
"(0.8333333333333334, 0.9833333333333332)",1,95.01666666666672,37760
"(0.8333333333333334, 1.0)",1,95.01666666666668,37761
"(1.0, 1.0)",1,95.01666666666668,37762
"(0.9375, 0.9958333333333332)",1,95.01666666666664,37763
"(0.8043918918918919, 0.972972972972973)",2,95.01587837837836,37765
"(0.8175, 0.9575)",2,95.01500000000009,37767
"(0.77, 0.9525)",1,95.015,37768
"(0.8775, 0.9575)",1,95.0149999999999,37769
"(0.8785714285714286, 0.9535714285714286)",1,95.01428571428568,37770
"(0.9285714285714286, 0.9642857142857144)",1,95.01428571428568,37771
"(0.4285714285714285, 0.9714285714285714)",1,95.01428571428568,37772
"(0.9142857142857144, 0.95)",1,95.01428571428562,37773
"(0.9, 0.95)",1,95.0142857142856,37774
"(0.9027777777777778, 0.9722222222222222)",1,95.01388888888906,37775
"(0.9166666666666666, 0.9722222222222222)",1,95.01388888888906,37776
"(0.9027777777777778, 0.9861111111111112)",2,95.01388888888904,37778
"(0.7222222222222222, 0.9722222222222222)",1,95.01388888888904,37779
"(0.7916666666666666, 0.9722222222222222)",1,95.01388888888904,37780
"(0.9166666666666666, 0.9722222222222222)",1,95.013888888889,37781
"(0.875, 0.9722222222222222)",2,95.013888888889,37783
"(0.7638888888888888, 0.9722222222222222)",1,95.013888888889,37784
"(0.7083333333333334, 0.9722222222222222)",1,95.01388888888896,37785
"(0.875, 1.0)",1,95.01388888888894,37786
"(0.7083333333333334, 1.0)",1,95.01388888888891,37787
"(0.8194444444444444, 1.0)",1,95.01388888888891,37788
"(0.9027777777777778, 1.0)",1,95.0138888888889,37789
"(0.5625, 0.9775)",1,95.01374999999996,37790
"(0.831081081081081, 0.9743243243243244)",2,95.01317567567568,37792
"(0.8289473684210527, 0.9605263157894736)",1,95.01315789473698,37793
"(0.8421052631578947, 0.9605263157894736)",1,95.0131578947369,37794
"(0.5394736842105263, 0.9736842105263158)",1,95.0131578947369,37795
"(0.8289473684210527, 0.9736842105263158)",1,95.01315789473688,37796
"(0.7149122807017544, 0.9692982456140352)",1,95.01315789473688,37797
"(0.8552631578947368, 0.9517543859649122)",1,95.01315789473686,37798
"(0.706140350877193, 0.9780701754385964)",3,95.01315789473686,37801
"(0.868421052631579, 0.956140350877193)",1,95.01315789473684,37802
"(0.9375, 0.95)",1,95.0125000000002,37803
"(0.875, 0.9625)",1,95.0125000000002,37804
"(0.8875, 0.9625)",1,95.01250000000016,37805
"(0.9375, 0.95)",1,95.01250000000005,37806
"(0.775, 0.95)",1,95.01250000000005,37807
"(0.95, 0.955)",3,95.01250000000005,37810
"(0.9075, 0.9625)",1,95.01250000000002,37811
"(0.9, 0.95)",1,95.0125,37812
"(0.8125, 0.975)",1,95.0125,37813
"(0.795, 0.9575)",2,95.01249999999996,37815
"(0.9225, 0.9575)",1,95.01249999999987,37816
"(0.7209302325581395, 0.9767441860465116)",1,95.01162790697674,37817
"(0.813953488372093, 0.9651162790697676)",1,95.01162790697671,37818
"(0.3023255813953488, 0.9651162790697676)",1,95.01162790697671,37819
"(0.5697674418604651, 0.9651162790697676)",1,95.0116279069767,37820
"(0.813953488372093, 0.9534883720930232)",1,95.01162790697668,37821
"(0.813953488372093, 0.9651162790697676)",1,95.01162790697664,37822
"(0.7906976744186046, 0.9767441860465116)",1,95.01162790697664,37823
"(0.6046511627906976, 0.9651162790697676)",1,95.01162790697664,37824
"(0.8953488372093024, 0.9651162790697676)",1,95.0116279069766,37825
"(0.813953488372093, 0.9534883720930232)",1,95.0116279069766,37826
"(0.6744186046511628, 0.9651162790697676)",1,95.01162790697656,37827
"(0.8372093023255814, 0.9651162790697676)",1,95.01162790697656,37828
"(0.7790697674418605, 0.9534883720930232)",2,95.01162790697656,37830
"(0.9767441860465116, 0.9534883720930232)",2,95.01162790697651,37832
"(0.3321969696969697, 0.9988636363636364)",3,95.01098484848488,37835
"(0.95, 0.9607142857142856)",3,95.01071428571446,37838
"(0.9178571428571428, 0.95)",1,95.01071428571434,37839
"(0.9142857142857144, 0.95)",1,95.01071428571431,37840
"(0.9392857142857144, 0.9678571428571427)",1,95.01071428571429,37841
"(0.9285714285714286, 0.9607142857142856)",1,95.01071428571426,37842
"(0.9607142857142856, 0.9571428571428572)",1,95.01071428571424,37843
"(0.8821428571428571, 0.9571428571428572)",2,95.01071428571422,37845
"(0.96, 0.9525)",2,95.01000000000003,37847
"(0.8325, 0.96)",1,95.0099999999999,37848
"(0.9429824561403508, 0.9692982456140352)",4,95.00877192982472,37852
"(0.8201754385964912, 0.9649122807017544)",1,95.00877192982465,37853
"(0.7763157894736842, 0.9780701754385964)",1,95.00877192982465,37854
"(0.9078947368421052, 0.9649122807017544)",1,95.0087719298246,37855
"(0.9078947368421052, 0.9517543859649122)",1,95.0087719298246,37856
"(0.5219298245614035, 0.9605263157894736)",3,95.00877192982458,37859
"(0.881578947368421, 0.9649122807017544)",1,95.00877192982458,37860
"(0.7631578947368421, 0.956140350877193)",3,95.00877192982458,37863
"(0.8608108108108108, 0.9702702702702702)",1,95.00810810810816,37864
"(0.96, 0.955)",1,95.0075,37865
"(0.8525, 0.96)",1,95.0074999999999,37866
"(0.7875, 0.9575)",1,95.00749999999984,37867
"(0.8857142857142857, 0.9571428571428572)",1,95.00714285714292,37868
"(0.9607142857142856, 0.9464285714285714)",2,95.00714285714282,37870
"(0.9535714285714286, 0.9607142857142856)",1,95.00714285714282,37871
"(0.9464285714285714, 0.9571428571428572)",1,95.0071428571428,37872
"(0.8857142857142857, 0.9607142857142856)",2,95.0071428571428,37874
"(0.9714285714285714, 0.9607142857142856)",1,95.00714285714278,37875
"(0.8964285714285715, 0.9535714285714286)",1,95.0071428571427,37876
"(0.9321428571428572, 0.9535714285714286)",2,95.00714285714268,37878
"(0.8464285714285714, 0.9535714285714286)",3,95.00714285714264,37881
"(0.9131756756756756, 0.9702702702702702)",3,95.00641891891895,37884
"(0.7996621621621621, 0.9655405405405404)",2,95.00641891891892,37886
"(0.6, 0.9625)",1,95.00625000000002,37887
"(0.8725, 0.9525)",1,95.00499999999994,37888
"(0.8245614035087719, 0.9780701754385964)",1,95.0043859649124,37889
"(0.8201754385964912, 0.9692982456140352)",1,95.00438596491234,37890
"(0.7280701754385965, 0.9824561403508772)",1,95.00438596491234,37891
"(0.7368421052631579, 0.9473684210526316)",2,95.00438596491227,37893
"(0.9958333333333332, 0.9916666666666668)",1,95.00416666666652,37894
"(0.9666666666666668, 0.9916666666666668)",4,95.00416666666648,37898
"(0.9392857142857144, 0.9642857142857144)",2,95.00357142857148,37900
"(0.9035714285714286, 0.9607142857142856)",1,95.00357142857143,37901
"(0.8857142857142857, 0.95)",1,95.00357142857143,37902
"(0.95, 0.95)",3,95.00357142857142,37905
"(0.9428571428571428, 0.9571428571428572)",1,95.00357142857142,37906
"(0.9428571428571428, 0.9571428571428572)",1,95.0035714285714,37907
"(0.8678571428571429, 0.9571428571428572)",3,95.0035714285714,37910
"(0.95, 0.9464285714285714)",1,95.00357142857136,37911
"(0.9642857142857144, 0.95)",1,95.00357142857136,37912
"(0.8964285714285715, 0.9571428571428572)",1,95.00357142857136,37913
"(0.925, 0.9785714285714284)",1,95.00357142857136,37914
"(0.9142857142857144, 0.9535714285714286)",1,95.0035714285713,37915
"(0.5106060606060606, 0.993939393939394)",2,95.00340909090914,37917
"(0.9575, 0.95)",1,95.00250000000008,37918
"(0.96, 0.9475)",1,95.00250000000008,37919
"(0.8475, 0.9525)",1,95.00250000000004,37920
"(0.95, 0.945)",1,95.00250000000004,37921
"(0.5891891891891892, 0.9668918918918918)",4,95.00135135135136,37925
"(0.9, 0.9625)",1,95.0000000000002,37926
"(0.8875, 0.9625)",1,95.00000000000016,37927
"(0.625, 0.9861111111111112)",1,95.00000000000016,37928
"(0.9, 0.95)",1,95.00000000000016,37929
"(0.5277777777777778, 0.9861111111111112)",2,95.00000000000016,37931
"(0.8611111111111112, 0.9861111111111112)",1,95.00000000000016,37932
"(0.6944444444444444, 0.9722222222222222)",1,95.00000000000016,37933
"(0.925, 0.95)",1,95.00000000000016,37934
"(0.8333333333333334, 0.9861111111111112)",1,95.00000000000014,37935
"(0.8372093023255814, 0.9767441860465116)",1,95.00000000000011,37936
"(0.875, 0.9722222222222222)",1,95.00000000000011,37937
"(0.7222222222222222, 0.9722222222222222)",1,95.00000000000011,37938
"(0.8888888888888888, 1.0)",1,95.00000000000011,37939
"(0.75, 1.0)",1,95.00000000000011,37940
"(0.8194444444444444, 0.9861111111111112)",1,95.00000000000011,37941
"(0.4767441860465116, 0.9883720930232558)",1,95.0000000000001,37942
"(0.9027777777777778, 0.9861111111111112)",1,95.0000000000001,37943
"(0.95, 0.9833333333333332)",1,95.0000000000001,37944
"(0.9429824561403508, 0.9780701754385964)",2,95.0000000000001,37946
"(0.9027777777777778, 0.9861111111111112)",1,95.00000000000009,37947
"(0.9444444444444444, 1.0)",1,95.00000000000009,37948
"(0.9166666666666666, 0.9833333333333332)",1,95.00000000000009,37949
"(0.925, 0.9625)",1,95.00000000000009,37950
"(0.925, 0.9607142857142856)",1,95.00000000000009,37951
"(0.8596491228070176, 0.9605263157894736)",3,95.00000000000009,37954
"(0.7083333333333334, 1.0)",1,95.00000000000006,37955
"(0.706140350877193, 0.9780701754385964)",8,95.00000000000006,37963
"(0.8125, 0.95)",1,95.00000000000006,37964
"(0.8666666666666667, 0.9833333333333332)",2,95.00000000000006,37966
"(0.9166666666666666, 0.9833333333333332)",1,95.00000000000004,37967
"(0.935, 0.9475)",1,95.00000000000004,37968
"(0.8055555555555556, 0.9861111111111112)",1,95.00000000000004,37969
"(0.8947368421052632, 0.956140350877193)",1,95.00000000000004,37970
"(0.8114035087719298, 0.9649122807017544)",1,95.00000000000004,37971
"(0.7361111111111112, 1.0)",1,95.0,37972
"(0.775, 0.975)",2,95.0,37974
"(0.95, 1.0)",2,95.0,37976
"(0.9125, 0.9666666666666668)",1,95.0,37977
"(0.5697674418604651, 0.9651162790697676)",1,95.0,37978
"(0.9, 1.0)",1,95.0,37979
"(0.4, 0.9411764705882352)",1,95.0,37980
"(0.925, 0.9535714285714286)",1,95.0,37981
"(0.775, 0.975)",2,95.0,37983
"(0.8070175438596491, 0.9605263157894736)",1,95.0,37984
"(0.8055555555555556, 0.9722222222222222)",1,95.0,37985
"(1.0, 1.0)",1,95.0,37986
"(0.9357142857142856, 0.9607142857142856)",1,95.0,37987
"(0.9357142857142856, 0.9535714285714286)",3,94.99999999999996,37990
"(0.5697674418604651, 0.9534883720930232)",1,94.99999999999996,37991
"(0.925, 0.975)",2,94.99999999999996,37993
"(0.627906976744186, 0.9767441860465116)",1,94.99999999999996,37994
"(0.8375, 0.975)",2,94.99999999999996,37996
"(0.9285714285714286, 0.95)",1,94.99999999999996,37997
"(0.8425, 0.955)",1,94.99999999999996,37998
"(0.3023255813953488, 0.9651162790697676)",1,94.99999999999996,37999
"(0.9428571428571428, 0.9607142857142856)",1,94.99999999999996,38000
"(0.9392857142857144, 0.9642857142857144)",1,94.99999999999996,38001
"(0.9186046511627908, 0.9651162790697676)",2,94.99999999999996,38003
"(0.8964285714285715, 0.95)",1,94.99999999999994,38004
"(0.9035714285714286, 0.95)",1,94.99999999999991,38005
"(0.4534883720930232, 0.9534883720930232)",1,94.99999999999991,38006
"(0.8375, 0.975)",1,94.99999999999991,38007
"(0.6875, 0.9625)",1,94.99999999999989,38008
"(0.9392857142857144, 0.9571428571428572)",1,94.99999999999986,38009
"(0.7906976744186046, 0.9534883720930232)",1,94.99999999999986,38010
"(0.7875, 0.975)",1,94.99999999999986,38011
"(0.8837209302325582, 0.9651162790697676)",1,94.99999999999986,38012
"(0.7375, 0.9575)",6,94.99999999999986,38018
"(0.5116279069767442, 0.9534883720930232)",1,94.99999999999984,38019
"(0.7674418604651163, 0.9651162790697676)",1,94.99999999999984,38020
"(0.8604651162790697, 0.9534883720930232)",1,94.99999999999984,38021
"(0.5697674418604651, 0.9767441860465116)",1,94.99999999999984,38022
"(0.7441860465116279, 0.9651162790697676)",2,94.99999999999984,38024
"(0.8023255813953488, 0.9651162790697676)",1,94.99999999999982,38025
"(0.9529411764705882, 0.9411764705882352)",3,94.9999999999998,38028
"(0.872093023255814, 0.9651162790697676)",1,94.9999999999998,38029
"(0.8953488372093024, 0.9651162790697676)",1,94.9999999999998,38030
"(0.8953488372093024, 0.9651162790697676)",1,94.99999999999974,38031
"(0.5371621621621622, 0.9777027027027028)",3,94.99797297297296,38034
"(0.895, 0.9475)",3,94.99750000000007,38037
"(0.8225, 0.9575)",3,94.99749999999992,38040
"(0.925, 0.9575)",1,94.99749999999992,38041
"(0.8775, 0.9575)",1,94.99749999999992,38042
"(0.9425, 0.9425)",1,94.99749999999987,38043
"(0.925, 0.9607142857142856)",2,94.99642857142868,38045
"(0.9321428571428572, 0.95)",1,94.99642857142864,38046
"(0.7392857142857143, 0.95)",1,94.9964285714286,38047
"(0.8535714285714285, 0.9571428571428572)",1,94.9964285714286,38048
"(0.8821428571428571, 0.9571428571428572)",1,94.9964285714285,38049
"(0.9833333333333332, 0.9791666666666666)",1,94.99583333333337,38050
"(0.9791666666666666, 0.8791666666666667)",1,94.99583333333337,38051
"(0.95, 0.9916666666666668)",4,94.99583333333314,38055
"(0.3640350877192982, 0.9692982456140352)",1,94.99561403508784,38056
"(0.8245614035087719, 0.9649122807017544)",1,94.9956140350878,38057
"(0.8070175438596491, 0.9649122807017544)",3,94.99561403508775,38060
"(0.9035087719298246, 0.9736842105263158)",1,94.99561403508775,38061
"(0.868421052631579, 0.9649122807017544)",2,94.99561403508775,38063
"(0.6885964912280702, 0.9736842105263158)",1,94.99561403508774,38064
"(0.8421052631578947, 0.9649122807017544)",1,94.99561403508773,38065
"(0.7675438596491229, 0.9649122807017544)",1,94.99561403508764,38066
"(0.8625, 0.96)",1,94.99500000000016,38067
"(0.935, 0.945)",1,94.99500000000003,38068
"(0.9525, 0.955)",1,94.99499999999996,38069
"(0.9300675675675676, 0.9652027027027028)",1,94.9942567567568,38070
"(0.8584459459459459, 0.9675675675675676)",1,94.9929054054054,38071
"(0.8392857142857143, 0.9607142857142856)",1,94.9928571428573,38072
"(0.9392857142857144, 0.95)",1,94.99285714285728,38073
"(0.9464285714285714, 0.95)",1,94.9928571428572,38074
"(0.9, 0.9428571428571428)",1,94.99285714285716,38075
"(0.9642857142857144, 0.9607142857142856)",1,94.99285714285716,38076
"(0.8678571428571429, 0.9571428571428572)",2,94.99285714285712,38078
"(0.9214285714285714, 0.9607142857142856)",3,94.99285714285712,38081
"(0.9464285714285714, 0.95)",1,94.99285714285708,38082
"(0.91, 0.9575)",1,94.99249999999996,38083
"(0.9275, 0.955)",2,94.99249999999996,38085
"(0.9166666666666666, 0.956140350877193)",1,94.99122807017557,38086
"(0.6096491228070176, 0.9780701754385964)",1,94.99122807017554,38087
"(0.8464912280701754, 0.9736842105263158)",1,94.99122807017552,38088
"(0.7675438596491229, 0.9780701754385964)",1,94.99122807017548,38089
"(0.5219298245614035, 0.9780701754385964)",1,94.99122807017548,38090
"(0.8114035087719298, 0.9649122807017544)",1,94.99122807017548,38091
"(0.8640350877192983, 0.9736842105263158)",3,94.99122807017548,38094
"(0.7149122807017544, 0.9736842105263158)",1,94.99122807017544,38095
"(0.8275, 0.955)",1,94.99,38096
"(0.9321428571428572, 0.9607142857142856)",1,94.98928571428584,38097
"(0.9571428571428572, 0.9571428571428572)",1,94.98928571428571,38098
"(0.9178571428571428, 0.9535714285714286)",1,94.98928571428569,38099
"(0.8285714285714286, 0.9642857142857144)",1,94.9892857142856,38100
"(0.8604651162790697, 0.9767441860465116)",1,94.98837209302334,38101
"(0.8488372093023255, 0.9767441860465116)",1,94.98837209302332,38102
"(0.5930232558139535, 0.9767441860465116)",1,94.9883720930233,38103
"(0.5930232558139535, 0.9767441860465116)",1,94.98837209302329,38104
"(0.9302325581395348, 0.9767441860465116)",1,94.98837209302329,38105
"(0.8488372093023255, 0.9883720930232558)",1,94.98837209302329,38106
"(0.5465116279069767, 0.9651162790697676)",1,94.98837209302326,38107
"(0.9534883720930232, 0.9767441860465116)",1,94.98837209302316,38108
"(0.9302325581395348, 0.9534883720930232)",1,94.98837209302316,38109
"(0.8604651162790697, 0.9534883720930232)",1,94.98837209302312,38110
"(0.7558139534883721, 0.9418604651162792)",1,94.9883720930231,38111
"(0.7325581395348837, 0.9651162790697676)",1,94.98837209302307,38112
"(0.8604651162790697, 0.9651162790697676)",2,94.98837209302307,38114
"(0.8372093023255814, 0.9651162790697676)",1,94.98837209302307,38115
"(0.7558139534883721, 0.9651162790697676)",1,94.98837209302307,38116
"(0.872093023255814, 0.9651162790697676)",2,94.98837209302307,38118
"(0.8372093023255814, 0.9651162790697676)",2,94.98837209302306,38120
"(0.7790697674418605, 0.9534883720930232)",1,94.98837209302306,38121
"(0.7674418604651163, 0.9534883720930232)",1,94.98837209302305,38122
"(0.4883720930232558, 0.9651162790697676)",1,94.98837209302305,38123
"(0.8604651162790697, 0.9651162790697676)",1,94.98837209302302,38124
"(0.9647058823529412, 0.9411764705882352)",1,94.98823529411736,38125
"(0.925, 0.9625)",1,94.98750000000014,38126
"(0.8125, 0.95)",1,94.98750000000013,38127
"(0.95, 0.9625)",1,94.98750000000008,38128
"(0.8375, 0.95)",1,94.98750000000004,38129
"(0.925, 0.975)",1,94.9875,38130
"(0.8525, 0.9625)",1,94.98749999999995,38131
"(0.85, 0.9575)",1,94.98749999999993,38132
"(0.85, 0.975)",1,94.9874999999999,38133
"(0.9958333333333332, 0.9875)",4,94.98749999999988,38137
"(0.86, 0.96)",1,94.98749999999984,38138
"(0.8552631578947368, 0.9649122807017544)",1,94.98684210526318,38139
"(0.8947368421052632, 0.956140350877193)",1,94.98684210526318,38140
"(0.868421052631579, 0.9692982456140352)",1,94.98684210526318,38141
"(0.5625, 0.9625)",1,94.98625000000004,38142
"(0.5277777777777778, 0.9861111111111112)",1,94.98611111111128,38143
"(0.8611111111111112, 0.9861111111111112)",1,94.98611111111126,38144
"(0.9305555555555556, 0.9861111111111112)",1,94.98611111111126,38145
"(0.625, 0.9722222222222222)",1,94.9861111111112,38146
"(0.8194444444444444, 0.9722222222222222)",1,94.9861111111112,38147
"(0.8611111111111112, 1.0)",1,94.9861111111112,38148
"(0.9027777777777778, 0.9861111111111112)",1,94.98611111111111,38149
"(0.9392857142857144, 0.9571428571428572)",3,94.98571428571437,38152
"(0.9107142857142856, 0.9571428571428572)",1,94.9857142857143,38153
"(0.9, 0.9571428571428572)",1,94.98571428571428,38154
"(0.9321428571428572, 0.9607142857142856)",6,94.98571428571428,38160
"(0.9607142857142856, 0.9642857142857144)",1,94.98571428571422,38161
"(0.8071428571428572, 0.9678571428571427)",3,94.9857142857142,38164
"(0.9428571428571428, 0.9535714285714286)",1,94.98571428571414,38165
"(0.5945945945945946, 0.9733108108108108)",1,94.98547297297296,38166
"(0.895, 0.9525)",1,94.985,38167
"(0.7875, 0.965)",1,94.98499999999996,38168
"(0.8575, 0.9575)",1,94.98499999999994,38169
"(0.8225, 0.9575)",1,94.98499999999994,38170
"(0.6925, 0.955)",1,94.98499999999991,38171
"(0.9833333333333332, 0.9833333333333332)",1,94.98333333333342,38172
"(0.9333333333333332, 0.9833333333333332)",1,94.9833333333334,38173
"(0.9666666666666668, 0.9833333333333332)",1,94.9833333333334,38174
"(0.7166666666666667, 1.0)",1,94.9833333333334,38175
"(0.9333333333333332, 1.0)",1,94.98333333333338,38176
"(0.9666666666666668, 1.0)",1,94.98333333333336,38177
"(0.8666666666666667, 1.0)",1,94.98333333333336,38178
"(0.95, 1.0)",1,94.98333333333336,38179
"(0.95, 1.0)",1,94.98333333333332,38180
"(0.975, 0.9958333333333332)",4,94.98333333333332,38184
"(0.92, 0.95)",1,94.98250000000014,38185
"(0.785, 0.9575)",2,94.9825000000001,38187
"(0.9225, 0.9575)",1,94.98249999999982,38188
"(0.8640350877192983, 0.9780701754385964)",3,94.98245614035096,38191
"(0.793859649122807, 0.9649122807017544)",2,94.98245614035096,38193
"(0.8552631578947368, 0.9649122807017544)",1,94.98245614035092,38194
"(0.8070175438596491, 0.9692982456140352)",1,94.98245614035092,38195
"(0.7587719298245614, 0.9649122807017544)",1,94.98245614035092,38196
"(0.7982456140350878, 0.9517543859649122)",1,94.9824561403509,38197
"(0.6885964912280702, 0.9692982456140352)",3,94.9824561403509,38200
"(0.7719298245614035, 0.9649122807017544)",1,94.98245614035088,38201
"(0.7192982456140351, 0.9692982456140352)",1,94.98245614035088,38202
"(0.8245614035087719, 0.9605263157894736)",3,94.98245614035088,38205
"(0.9142857142857144, 0.95)",1,94.98214285714302,38206
"(0.95, 0.9607142857142856)",1,94.982142857143,38207
"(0.8464285714285714, 0.95)",1,94.982142857143,38208
"(0.9464285714285714, 0.9464285714285714)",2,94.98214285714285,38210
"(0.9642857142857144, 0.9607142857142856)",1,94.98214285714285,38211
"(0.8892857142857142, 0.95)",1,94.98214285714282,38212
"(0.8857142857142857, 0.9607142857142856)",3,94.9821428571428,38215
"(0.8464285714285714, 0.9571428571428572)",1,94.9821428571428,38216
"(0.9, 0.9535714285714286)",1,94.98214285714276,38217
"(0.572972972972973, 0.9692567567567568)",4,94.9820945945946,38221
"(0.8672297297297298, 0.9635135135135136)",4,94.98040540540543,38225
"(0.7275, 0.9525)",1,94.98000000000006,38226
"(0.8325, 0.955)",1,94.97999999999992,38227
"(0.7136363636363636, 0.9977272727272728)",1,94.9799242424243,38228
"(0.9625, 0.9833333333333332)",2,94.97916666666666,38230
"(0.3537878787878787, 0.996969696969697)",3,94.97878787878793,38233
"(0.7655405405405405, 0.9722972972972972)",1,94.9787162162162,38234
"(0.8535714285714285, 0.9607142857142856)",3,94.97857142857156,38237
"(0.8571428571428571, 0.9535714285714286)",1,94.97857142857144,38238
"(0.9214285714285714, 0.9571428571428572)",1,94.9785714285714,38239
"(0.8392857142857143, 0.9571428571428572)",1,94.9785714285714,38240
"(0.925, 0.9714285714285714)",1,94.9785714285714,38241
"(0.9357142857142856, 0.9571428571428572)",1,94.9785714285713,38242
"(0.9178571428571428, 0.9535714285714286)",1,94.97857142857129,38243
"(0.76, 0.9895454545454544)",1,94.97818181818174,38244
"(0.7456140350877193, 0.9824561403508772)",1,94.9780701754387,38245
"(0.6008771929824561, 0.9649122807017544)",1,94.97807017543865,38246
"(0.8464912280701754, 0.9736842105263158)",1,94.97807017543865,38247
"(0.7149122807017544, 0.9649122807017544)",1,94.97807017543865,38248
"(0.8640350877192983, 0.9473684210526316)",1,94.97807017543862,38249
"(0.8771929824561403, 0.9473684210526316)",1,94.97807017543862,38250
"(0.6754385964912281, 0.9649122807017544)",1,94.9780701754386,38251
"(0.4078947368421052, 0.956140350877193)",1,94.9780701754386,38252
"(0.868421052631579, 0.956140350877193)",1,94.9780701754386,38253
"(0.7192982456140351, 0.9649122807017544)",1,94.9780701754386,38254
"(0.9429824561403508, 0.9649122807017544)",1,94.97807017543852,38255
"(0.83, 0.9575)",2,94.97750000000012,38257
"(0.8825, 0.9525)",1,94.97750000000006,38258
"(0.8275, 0.9575)",1,94.97749999999988,38259
"(0.95, 0.9525)",1,94.97749999999988,38260
"(0.8255813953488372, 0.9767441860465116)",2,94.97674418604656,38262
"(0.4651162790697674, 1.0)",1,94.97674418604656,38263
"(0.5465116279069767, 0.9534883720930232)",1,94.97674418604647,38264
"(0.627906976744186, 0.9767441860465116)",1,94.97674418604646,38265
"(0.813953488372093, 0.9418604651162792)",1,94.97674418604645,38266
"(0.8255813953488372, 0.9767441860465116)",1,94.97674418604636,38267
"(0.7558139534883721, 0.9534883720930232)",2,94.97674418604636,38269
"(0.8604651162790697, 0.9767441860465116)",1,94.97674418604636,38270
"(0.8604651162790697, 0.9651162790697676)",1,94.97674418604636,38271
"(0.4767441860465116, 0.9651162790697676)",1,94.97674418604632,38272
"(0.8604651162790697, 0.9534883720930232)",1,94.97674418604632,38273
"(0.7558139534883721, 0.9534883720930232)",2,94.97674418604632,38275
"(0.6046511627906976, 0.9651162790697676)",2,94.9767441860463,38277
"(0.8470588235294118, 0.9411764705882352)",1,94.97647058823516,38278
"(0.8941176470588236, 0.9294117647058824)",1,94.97647058823512,38279
"(0.5996621621621622, 0.9726351351351352)",4,94.9763513513514,38283
"(0.9, 0.9625)",1,94.97500000000024,38284
"(0.85, 0.95)",1,94.97500000000016,38285
"(0.85, 0.95)",2,94.97500000000008,38287
"(0.85, 0.95)",1,94.97500000000004,38288
"(0.93, 0.9525)",1,94.97500000000002,38289
"(0.8535714285714285, 0.9571428571428572)",1,94.975,38290
"(0.9458333333333332, 0.9625)",1,94.975,38291
"(0.8071428571428572, 0.9607142857142856)",2,94.975,38293
"(0.915, 0.95)",1,94.975,38294
"(0.9785714285714284, 0.9607142857142856)",1,94.97499999999997,38295
"(0.83, 0.955)",1,94.97499999999994,38296
"(0.9535714285714286, 0.9535714285714286)",1,94.97499999999994,38297
"(0.9607142857142856, 0.95)",1,94.97499999999994,38298
"(0.8375, 0.975)",1,94.97499999999994,38299
"(0.9285714285714286, 0.9571428571428572)",1,94.97499999999994,38300
"(0.9571428571428572, 0.9571428571428572)",1,94.9749999999999,38301
"(0.8392857142857143, 0.9535714285714286)",1,94.97499999999984,38302
"(0.8964285714285715, 0.9535714285714286)",1,94.9749999999998,38303
"(0.8771929824561403, 0.9692982456140352)",3,94.97368421052644,38306
"(0.7763157894736842, 0.956140350877193)",1,94.9736842105264,38307
"(0.793859649122807, 0.9605263157894736)",1,94.97368421052636,38308
"(0.8947368421052632, 0.9649122807017544)",3,94.97368421052636,38311
"(0.8245614035087719, 0.9649122807017544)",1,94.97368421052634,38312
"(0.8903508771929824, 0.9517543859649122)",1,94.97368421052632,38313
"(0.915, 0.95)",1,94.97250000000004,38314
"(0.8725, 0.9525)",1,94.97249999999998,38315
"(0.9275, 0.9575)",1,94.97249999999995,38316
"(0.8333333333333334, 0.9583333333333334)",1,94.97222222222238,38317
"(0.9305555555555556, 0.9722222222222222)",1,94.97222222222236,38318
"(0.8888888888888888, 0.9722222222222222)",1,94.97222222222236,38319
"(0.8333333333333334, 0.9583333333333334)",1,94.97222222222236,38320
"(0.875, 0.9722222222222222)",1,94.97222222222236,38321
"(0.9166666666666666, 0.9861111111111112)",1,94.97222222222236,38322
"(0.8472222222222222, 0.9861111111111112)",1,94.97222222222236,38323
"(0.9305555555555556, 0.9861111111111112)",1,94.97222222222234,38324
"(0.7777777777777778, 0.9861111111111112)",1,94.97222222222231,38325
"(0.9166666666666666, 0.9861111111111112)",1,94.9722222222223,38326
"(0.7083333333333334, 0.9722222222222222)",1,94.97222222222229,38327
"(0.8611111111111112, 0.9722222222222222)",1,94.97222222222226,38328
"(0.75, 1.0)",1,94.97222222222224,38329
"(0.7222222222222222, 1.0)",1,94.97222222222224,38330
"(0.9305555555555556, 0.9722222222222222)",1,94.97222222222224,38331
"(0.8611111111111112, 0.9583333333333334)",1,94.9722222222222,38332
"(0.8472222222222222, 0.9583333333333334)",1,94.97222222222211,38333
"(0.9, 0.9607142857142856)",1,94.97142857142856,38334
"(0.9107142857142856, 0.9607142857142856)",3,94.97142857142856,38337
"(0.9714285714285714, 0.9607142857142856)",6,94.97142857142856,38343
"(0.9535714285714286, 0.9607142857142856)",2,94.97142857142856,38345
"(0.9142857142857144, 0.9535714285714286)",5,94.97142857142852,38350
"(0.9428571428571428, 0.9571428571428572)",1,94.97142857142846,38351
"(0.875, 0.9571428571428572)",1,94.9714285714284,38352
"(0.8535714285714285, 0.9535714285714286)",1,94.97142857142838,38353
"(0.8725, 0.955)",1,94.96999999999996,38354
"(0.7925, 0.96)",1,94.9699999999999,38355
"(0.789527027027027, 0.9733108108108108)",1,94.96959459459458,38356
"(0.4053030303030303, 0.9954545454545456)",1,94.9693181818182,38357
"(0.8157894736842105, 0.9692982456140352)",4,94.96929824561418,38361
"(0.5043859649122807, 0.9780701754385964)",2,94.9692982456141,38363
"(0.5877192982456141, 0.9780701754385964)",2,94.9692982456141,38365
"(0.8728070175438597, 0.9605263157894736)",1,94.9692982456141,38366
"(0.8640350877192983, 0.9736842105263158)",1,94.96929824561408,38367
"(0.9166666666666666, 0.9605263157894736)",1,94.96929824561408,38368
"(0.8026315789473685, 0.9517543859649122)",3,94.96929824561404,38371
"(0.706140350877193, 0.9736842105263158)",1,94.96929824561398,38372
"(0.9078947368421052, 0.956140350877193)",1,94.96929824561396,38373
"(0.6881756756756757, 0.9706081081081082)",1,94.96858108108113,38374
"(0.8324324324324325, 0.9682432432432432)",1,94.96824324324322,38375
"(0.9035714285714286, 0.9571428571428572)",1,94.96785714285733,38376
"(0.875, 0.9607142857142856)",1,94.96785714285718,38377
"(0.8928571428571429, 0.9464285714285714)",1,94.96785714285714,38378
"(0.9392857142857144, 0.9714285714285714)",1,94.96785714285711,38379
"(0.8392857142857143, 0.9607142857142856)",3,94.96785714285711,38382
"(0.8428571428571429, 0.9607142857142856)",3,94.9678571428571,38385
"(0.8392857142857143, 0.9678571428571427)",1,94.9678571428571,38386
"(0.9607142857142856, 0.9571428571428572)",1,94.9678571428571,38387
"(0.9428571428571428, 0.9535714285714286)",1,94.9678571428571,38388
"(0.8025, 0.9625)",1,94.96750000000011,38389
"(0.9375, 0.9625)",1,94.9675000000001,38390
"(0.8375, 0.955)",1,94.96749999999992,38391
"(0.855, 0.9575)",1,94.9674999999999,38392
"(0.9, 1.0)",1,94.96666666666673,38393
"(0.9833333333333332, 1.0)",1,94.96666666666673,38394
"(0.9833333333333332, 1.0)",1,94.96666666666668,38395
"(0.9, 1.0)",1,94.96666666666668,38396
"(1.0, 1.0)",1,94.96666666666664,38397
"(0.2704545454545454, 0.9973484848484848)",2,94.96590909090918,38399
"(0.7558139534883721, 0.9767441860465116)",2,94.96511627906992,38401
"(0.8023255813953488, 0.9767441860465116)",1,94.96511627906987,38402
"(0.7209302325581395, 0.9767441860465116)",1,94.96511627906987,38403
"(0.8837209302325582, 0.9767441860465116)",2,94.96511627906987,38405
"(0.8255813953488372, 0.9651162790697676)",2,94.96511627906986,38407
"(0.8255813953488372, 0.9651162790697676)",1,94.96511627906985,38408
"(0.6511627906976745, 0.9767441860465116)",1,94.9651162790698,38409
"(0.8372093023255814, 0.9767441860465116)",1,94.96511627906978,38410
"(0.5465116279069767, 0.9767441860465116)",1,94.96511627906976,38411
"(0.8604651162790697, 0.9651162790697676)",1,94.96511627906972,38412
"(0.8372093023255814, 0.9534883720930232)",1,94.96511627906962,38413
"(0.8837209302325582, 0.9534883720930232)",1,94.96511627906962,38414
"(0.8023255813953488, 0.9651162790697676)",1,94.9651162790696,38415
"(0.915, 0.9575)",2,94.9650000000001,38417
"(0.955, 0.9525)",2,94.96500000000005,38419
"(0.7775, 0.96)",1,94.96499999999988,38420
"(0.7325, 0.955)",1,94.96499999999986,38421
"(0.7763157894736842, 0.9517543859649122)",1,94.9649122807018,38422
"(0.4956140350877193, 0.9780701754385964)",3,94.9649122807018,38425
"(0.5657894736842105, 0.9692982456140352)",1,94.96491228070178,38426
"(0.7456140350877193, 0.956140350877193)",3,94.96491228070178,38429
"(0.8728070175438597, 0.9649122807017544)",1,94.96491228070175,38430
"(0.706140350877193, 0.9912280701754386)",3,94.96491228070174,38433
"(0.9392857142857144, 0.9607142857142856)",1,94.96428571428572,38434
"(0.8892857142857142, 0.9535714285714286)",1,94.96428571428568,38435
"(0.9285714285714286, 0.95)",1,94.96428571428568,38436
"(0.9392857142857144, 0.9535714285714286)",1,94.96428571428564,38437
"(0.9357142857142856, 0.9535714285714286)",2,94.96428571428558,38439
"(0.9357142857142856, 0.9535714285714286)",1,94.96428571428557,38440
"(0.9535714285714286, 0.9535714285714286)",3,94.96428571428552,38443
"(0.8964285714285715, 0.9535714285714286)",4,94.96428571428552,38447
"(0.9037162162162162, 0.9679054054054054)",4,94.96418918918916,38451
"(0.6233108108108109, 0.9787162162162162)",2,94.9635135135135,38453
"(0.9, 0.95)",1,94.96250000000012,38454
"(0.925, 0.975)",1,94.9625000000001,38455
"(0.9525, 0.945)",3,94.96250000000008,38458
"(0.9375, 0.95)",1,94.96250000000003,38459
"(0.755, 0.96)",1,94.9625,38460
"(0.6875, 0.975)",2,94.96249999999996,38462
"(0.9375, 0.975)",2,94.96249999999992,38464
"(0.9833333333333332, 0.9875)",4,94.96249999999992,38468
"(0.577027027027027, 0.981081081081081)",1,94.96114864864867,38469
"(0.95, 0.9607142857142856)",3,94.96071428571445,38472
"(0.8392857142857143, 0.9571428571428572)",1,94.96071428571426,38473
"(0.8071428571428572, 0.9571428571428572)",1,94.96071428571422,38474
"(0.9321428571428572, 0.9535714285714286)",1,94.9607142857142,38475
"(0.9, 0.9535714285714286)",1,94.96071428571416,38476
"(0.4605263157894737, 0.9780701754385964)",8,94.96052631578954,38484
"(0.7719298245614035, 0.9517543859649122)",3,94.96052631578954,38487
"(0.7675438596491229, 0.9780701754385964)",1,94.96052631578952,38488
"(0.8245614035087719, 0.9692982456140352)",1,94.96052631578952,38489
"(0.6929824561403509, 0.9736842105263158)",1,94.96052631578952,38490
"(0.8157894736842105, 0.9692982456140352)",1,94.9605263157895,38491
"(0.8640350877192983, 0.9649122807017544)",1,94.96052631578948,38492
"(0.8421052631578947, 0.9692982456140352)",3,94.96052631578948,38495
"(0.9575, 0.9475)",1,94.96000000000008,38496
"(0.8275, 0.955)",1,94.95999999999997,38497
"(0.6475, 0.96)",1,94.9599999999999,38498
"(0.7638888888888888, 0.9722222222222222)",1,94.95833333333351,38499
"(0.7777777777777778, 0.9861111111111112)",2,94.95833333333351,38501
"(0.8472222222222222, 0.9722222222222222)",2,94.95833333333351,38503
"(0.75, 0.9722222222222222)",1,94.95833333333351,38504
"(0.9444444444444444, 0.9861111111111112)",1,94.95833333333351,38505
"(0.7777777777777778, 0.9861111111111112)",4,94.9583333333335,38509
"(0.8888888888888888, 0.9722222222222222)",1,94.9583333333335,38510
"(0.7916666666666666, 0.9861111111111112)",2,94.95833333333348,38512
"(0.875, 0.9861111111111112)",1,94.95833333333348,38513
"(0.7638888888888888, 0.9722222222222222)",2,94.95833333333346,38515
"(0.8333333333333334, 0.9722222222222222)",1,94.95833333333346,38516
"(0.6944444444444444, 0.9861111111111112)",1,94.95833333333344,38517
"(0.7916666666666666, 0.9861111111111112)",1,94.9583333333334,38518
"(0.9166666666666666, 0.9583333333333334)",1,94.9583333333334,38519
"(0.9444444444444444, 1.0)",1,94.9583333333334,38520
"(0.7777777777777778, 1.0)",1,94.95833333333336,38521
"(0.8333333333333334, 1.0)",1,94.95833333333336,38522
"(0.8611111111111112, 0.9722222222222222)",1,94.9583333333333,38523
"(0.8055555555555556, 0.9583333333333334)",1,94.9583333333333,38524
"(0.8333333333333334, 0.9722222222222222)",1,94.95833333333324,38525
"(0.5303030303030303, 0.9984848484848484)",1,94.95795454545456,38526
"(0.295, 0.96)",1,94.95750000000008,38527
"(0.9575, 0.9475)",2,94.95750000000008,38529
"(0.7675, 0.9525)",1,94.95750000000004,38530
"(0.935, 0.9525)",1,94.9575,38531
"(0.785, 0.9575)",1,94.95749999999992,38532
"(0.85, 0.9607142857142856)",1,94.95714285714288,38533
"(0.8678571428571429, 0.9607142857142856)",3,94.95714285714286,38536
"(0.9392857142857144, 0.9714285714285714)",1,94.95714285714284,38537
"(0.8214285714285714, 0.9571428571428572)",2,94.95714285714284,38539
"(0.9464285714285714, 0.9607142857142856)",1,94.95714285714284,38540
"(0.9464285714285714, 0.9464285714285714)",2,94.95714285714276,38542
"(0.95, 0.9535714285714286)",1,94.95714285714271,38543
"(0.9464285714285714, 0.9535714285714286)",1,94.95714285714271,38544
"(0.5394736842105263, 0.9780701754385964)",4,94.9561403508773,38548
"(0.7456140350877193, 0.9692982456140352)",1,94.95614035087728,38549
"(0.8157894736842105, 0.9692982456140352)",6,94.95614035087723,38555
"(0.6885964912280702, 0.9605263157894736)",2,94.95614035087722,38557
"(0.8552631578947368, 0.9649122807017544)",1,94.9561403508772,38558
"(0.8859649122807017, 0.9736842105263158)",1,94.9561403508772,38559
"(0.8552631578947368, 0.956140350877193)",1,94.9561403508772,38560
"(0.5745614035087719, 0.9692982456140352)",1,94.9561403508772,38561
"(0.793859649122807, 0.9692982456140352)",3,94.9561403508772,38564
"(0.83, 0.955)",1,94.95500000000004,38565
"(0.86, 0.945)",1,94.95500000000004,38566
"(0.8891891891891892, 0.970945945945946)",4,94.95439189189187,38570
"(0.9, 0.9607142857142856)",3,94.95357142857148,38573
"(0.9607142857142856, 0.9535714285714286)",2,94.95357142857142,38575
"(0.9464285714285714, 0.9607142857142856)",2,94.9535714285714,38577
"(0.95, 0.9535714285714286)",1,94.9535714285714,38578
"(0.9464285714285714, 0.95)",1,94.95357142857137,38579
"(0.8964285714285715, 0.9535714285714286)",1,94.95357142857134,38580
"(0.7558139534883721, 0.9767441860465116)",1,94.95348837209318,38581
"(0.8837209302325582, 0.9767441860465116)",3,94.95348837209316,38584
"(0.7558139534883721, 0.9767441860465116)",2,94.95348837209312,38586
"(0.8953488372093024, 0.9767441860465116)",1,94.95348837209312,38587
"(0.4534883720930232, 0.9767441860465116)",1,94.95348837209308,38588
"(0.813953488372093, 0.9651162790697676)",1,94.953488372093,38589
"(0.5465116279069767, 0.9534883720930232)",1,94.95348837209298,38590
"(0.8488372093023255, 0.9767441860465116)",1,94.95348837209296,38591
"(0.8604651162790697, 0.9651162790697676)",1,94.95348837209296,38592
"(0.8372093023255814, 0.9534883720930232)",1,94.95348837209296,38593
"(0.9302325581395348, 0.9534883720930232)",1,94.95348837209292,38594
"(0.5813953488372093, 0.9534883720930232)",1,94.95348837209292,38595
"(0.8604651162790697, 0.9651162790697676)",2,94.95348837209288,38597
"(0.7906976744186046, 0.9651162790697676)",2,94.95348837209286,38599
"(0.872093023255814, 0.9651162790697676)",1,94.95348837209283,38600
"(0.4767441860465116, 0.9651162790697676)",2,94.9534883720928,38602
"(0.7283783783783784, 0.977027027027027)",1,94.95270270270264,38603
"(0.9525, 0.95)",1,94.95250000000011,38604
"(0.96, 0.945)",2,94.9525000000001,38606
"(0.9175, 0.96)",4,94.95249999999992,38610
"(0.8245614035087719, 0.9736842105263158)",1,94.95175438596496,38611
"(0.8201754385964912, 0.9649122807017544)",1,94.95175438596496,38612
"(0.7324561403508771, 0.956140350877193)",1,94.95175438596488,38613
"(0.868421052631579, 0.9605263157894736)",3,94.95175438596488,38616
"(0.95, 0.975)",1,94.95000000000012,38617
"(0.9166666666666666, 0.9833333333333332)",1,94.95000000000007,38618
"(0.7375, 0.95)",2,94.95000000000005,38620
"(0.9075, 0.9375)",3,94.95,38623
"(0.925, 0.9583333333333334)",1,94.95,38624
"(0.8666666666666667, 1.0)",1,94.95,38625
"(0.6625, 0.975)",1,94.95,38626
"(1.0, 1.0)",2,94.95,38628
"(0.9607142857142856, 0.9607142857142856)",1,94.94999999999996,38629
"(0.9916666666666668, 0.9916666666666668)",1,94.94999999999996,38630
"(0.9464285714285714, 0.9571428571428572)",1,94.94999999999996,38631
"(0.6625, 0.9625)",1,94.94999999999996,38632
"(0.9464285714285714, 0.9464285714285714)",1,94.94999999999996,38633
"(0.9285714285714286, 0.9392857142857144)",1,94.94999999999996,38634
"(0.8025, 0.955)",2,94.94999999999992,38636
"(0.875, 0.95)",1,94.94999999999992,38637
"(0.9178571428571428, 0.9678571428571427)",1,94.9499999999999,38638
"(0.9, 0.975)",1,94.94999999999986,38639
"(0.95, 0.9535714285714286)",1,94.9499999999998,38640
"(0.3484848484848485, 1.0)",3,94.94962121212126,38643
"(0.8575, 0.95)",1,94.9475,38644
"(0.9175, 0.9525)",2,94.9475,38646
"(0.855, 0.955)",1,94.94749999999996,38647
"(0.845, 0.96)",1,94.94749999999992,38648
"(0.8114035087719298, 0.9780701754385964)",1,94.94736842105269,38649
"(0.8289473684210527, 0.9692982456140352)",1,94.94736842105269,38650
"(0.8289473684210527, 0.9605263157894736)",1,94.94736842105269,38651
"(0.75, 0.9780701754385964)",1,94.94736842105269,38652
"(0.7763157894736842, 0.9780701754385964)",1,94.94736842105269,38653
"(0.868421052631579, 0.9649122807017544)",1,94.94736842105269,38654
"(0.8552631578947368, 0.9473684210526316)",3,94.94736842105266,38657
"(0.7412280701754386, 0.9517543859649122)",3,94.94736842105266,38660
"(0.9035087719298246, 0.9736842105263158)",1,94.94736842105264,38661
"(0.5, 0.9736842105263158)",3,94.94736842105264,38664
"(0.8947368421052632, 0.9429824561403508)",1,94.94736842105264,38665
"(0.6798245614035088, 0.9473684210526316)",1,94.9473684210526,38666
"(0.8678571428571429, 0.9535714285714286)",1,94.94642857142868,38667
"(0.9428571428571428, 0.9535714285714286)",1,94.94642857142864,38668
"(0.8535714285714285, 0.9535714285714286)",1,94.94642857142856,38669
"(0.9464285714285714, 0.9571428571428572)",1,94.94642857142856,38670
"(0.9, 0.9571428571428572)",1,94.94642857142856,38671
"(0.8892857142857142, 0.9642857142857144)",3,94.94642857142856,38674
"(0.9571428571428572, 0.9678571428571427)",1,94.94642857142856,38675
"(0.8071428571428572, 0.9571428571428572)",1,94.94642857142854,38676
"(0.9178571428571428, 0.95)",1,94.94642857142853,38677
"(0.9214285714285714, 0.9607142857142856)",1,94.94642857142853,38678
"(0.9428571428571428, 0.975)",1,94.9464285714285,38679
"(0.8178571428571428, 0.9642857142857144)",1,94.94642857142848,38680
"(0.9321428571428572, 0.9571428571428572)",1,94.94642857142844,38681
"(0.7571969696969697, 0.9992424242424244)",1,94.9458333333334,38682
"(0.9916666666666668, 0.9125)",1,94.9458333333333,38683
"(0.9708333333333332, 0.9958333333333332)",1,94.94583333333324,38684
"(0.905, 0.94)",3,94.94500000000008,38687
"(0.775, 0.9575)",1,94.94499999999996,38688
"(0.875, 0.9861111111111112)",1,94.94444444444464,38689
"(0.75, 0.9722222222222222)",1,94.9444444444446,38690
"(0.8055555555555556, 0.9722222222222222)",2,94.9444444444446,38692
"(0.8611111111111112, 0.9861111111111112)",1,94.9444444444446,38693
"(0.7222222222222222, 0.9861111111111112)",1,94.9444444444446,38694
"(0.75, 0.9722222222222222)",1,94.94444444444458,38695
"(0.8055555555555556, 0.9861111111111112)",1,94.94444444444458,38696
"(0.9305555555555556, 0.9583333333333334)",1,94.94444444444458,38697
"(0.875, 0.9722222222222222)",1,94.94444444444456,38698
"(0.6944444444444444, 0.9861111111111112)",1,94.94444444444456,38699
"(0.8333333333333334, 0.9722222222222222)",1,94.94444444444456,38700
"(0.8472222222222222, 0.9861111111111112)",1,94.94444444444454,38701
"(0.875, 0.9861111111111112)",1,94.94444444444451,38702
"(0.625, 1.0)",1,94.94444444444451,38703
"(0.9305555555555556, 0.9722222222222222)",1,94.94444444444449,38704
"(0.8888888888888888, 0.9583333333333334)",2,94.94444444444444,38706
"(0.9385964912280702, 0.9692982456140352)",4,94.94298245614053,38710
"(0.7719298245614035, 0.9780701754385964)",1,94.94298245614044,38711
"(0.7280701754385965, 0.9605263157894736)",1,94.9429824561404,38712
"(0.8114035087719298, 0.9605263157894736)",2,94.94298245614038,38714
"(0.8289473684210527, 0.9736842105263158)",1,94.94298245614038,38715
"(0.7192982456140351, 0.9649122807017544)",2,94.94298245614036,38717
"(0.868421052631579, 0.9649122807017544)",1,94.94298245614036,38718
"(0.4035087719298245, 0.9649122807017544)",3,94.94298245614034,38721
"(0.95, 0.9607142857142856)",4,94.94285714285736,38725
"(0.9357142857142856, 0.9607142857142856)",1,94.94285714285724,38726
"(0.9178571428571428, 0.9607142857142856)",1,94.9428571428572,38727
"(0.875, 0.9571428571428572)",1,94.94285714285712,38728
"(0.9607142857142856, 0.95)",1,94.94285714285712,38729
"(0.9035714285714286, 0.9607142857142856)",1,94.9428571428571,38730
"(0.9571428571428572, 0.95)",1,94.94285714285708,38731
"(0.5964285714285714, 0.9678571428571427)",1,94.94285714285708,38732
"(0.8785714285714286, 0.9678571428571427)",1,94.942857142857,38733
"(0.9075, 0.96)",1,94.94249999999997,38734
"(0.8775, 0.955)",4,94.94249999999997,38738
"(0.4053030303030303, 0.9965909090909092)",2,94.94204545454552,38740
"(0.8837209302325582, 0.9767441860465116)",2,94.9418604651164,38742
"(0.8604651162790697, 0.9767441860465116)",1,94.94186046511632,38743
"(0.8372093023255814, 0.9767441860465116)",1,94.94186046511628,38744
"(0.8023255813953488, 0.9767441860465116)",1,94.94186046511626,38745
"(0.7674418604651163, 0.9767441860465116)",1,94.94186046511624,38746
"(0.6744186046511628, 0.9651162790697676)",1,94.94186046511624,38747
"(0.8837209302325582, 0.9767441860465116)",1,94.94186046511624,38748
"(0.6046511627906976, 0.9418604651162792)",1,94.94186046511622,38749
"(0.4534883720930232, 0.9651162790697676)",1,94.9418604651162,38750
"(0.9302325581395348, 0.9767441860465116)",1,94.94186046511618,38751
"(0.8604651162790697, 0.9767441860465116)",1,94.94186046511616,38752
"(0.7558139534883721, 0.9534883720930232)",1,94.94186046511612,38753
"(0.8837209302325582, 0.9534883720930232)",1,94.94186046511612,38754
"(0.8372093023255814, 0.9651162790697676)",1,94.94186046511612,38755
"(0.872093023255814, 0.9651162790697676)",1,94.94186046511612,38756
"(0.872093023255814, 0.9651162790697676)",1,94.94186046511608,38757
"(0.6744186046511628, 0.9534883720930232)",1,94.94186046511608,38758
"(0.4767441860465116, 0.9651162790697676)",1,94.94186046511606,38759
"(0.8023255813953488, 0.9651162790697676)",1,94.94186046511602,38760
"(0.9875, 0.9958333333333332)",1,94.94166666666662,38761
"(0.8375, 0.9916666666666668)",1,94.9416666666666,38762
"(0.8941176470588236, 0.9294117647058824)",1,94.94117647058806,38763
"(0.925, 0.9475)",1,94.94000000000013,38764
"(0.905, 0.9475)",1,94.94000000000008,38765
"(0.8625, 0.9575)",1,94.93999999999994,38766
"(0.3678030303030303, 0.9924242424242424)",3,94.939393939394,38769
"(0.9428571428571428, 0.9571428571428572)",1,94.93928571428572,38770
"(0.95, 0.9571428571428572)",2,94.9392857142857,38772
"(0.9428571428571428, 0.95)",1,94.9392857142857,38773
"(0.8071428571428572, 0.9535714285714286)",1,94.93928571428567,38774
"(0.9214285714285714, 0.9535714285714286)",1,94.93928571428566,38775
"(0.9285714285714286, 0.9642857142857144)",1,94.93928571428565,38776
"(0.95, 0.9464285714285714)",2,94.9392857142856,38778
"(0.875, 0.9535714285714286)",1,94.93928571428556,38779
"(0.9142857142857144, 0.9535714285714286)",1,94.93928571428556,38780
"(0.7719298245614035, 0.9692982456140352)",1,94.93859649122814,38781
"(0.868421052631579, 0.9824561403508772)",1,94.93859649122813,38782
"(0.7763157894736842, 0.9692982456140352)",1,94.93859649122813,38783
"(0.6929824561403509, 0.9692982456140352)",1,94.9385964912281,38784
"(0.8245614035087719, 0.9649122807017544)",1,94.9385964912281,38785
"(0.768918918918919, 0.964527027027027)",2,94.93783783783782,38787
"(0.7625, 0.975)",1,94.9375000000001,38788
"(0.9475, 0.9475)",2,94.93750000000009,38790
"(0.7925, 0.95)",1,94.93750000000009,38791
"(0.8875, 0.9625)",1,94.93750000000004,38792
"(0.925, 0.95)",1,94.93750000000004,38793
"(0.95, 0.9875)",1,94.93749999999996,38794
"(0.8125, 0.975)",2,94.93749999999986,38796
"(0.635472972972973, 0.9722972972972972)",1,94.93682432432438,38797
"(0.8043918918918919, 0.9726351351351352)",1,94.9364864864865,38798
"(0.8678571428571429, 0.9642857142857144)",1,94.93571428571428,38799
"(0.9607142857142856, 0.9535714285714286)",1,94.93571428571428,38800
"(0.9607142857142856, 0.9571428571428572)",1,94.93571428571424,38801
"(0.875, 0.95)",1,94.93571428571424,38802
"(0.8571428571428571, 0.9535714285714286)",1,94.93571428571424,38803
"(0.9, 0.9535714285714286)",1,94.9357142857142,38804
"(0.8571428571428571, 0.9535714285714286)",1,94.93571428571413,38805
"(0.875, 0.9535714285714286)",1,94.93571428571413,38806
"(0.9075, 0.9475)",3,94.93500000000007,38809
"(0.9375, 0.95)",1,94.93500000000002,38810
"(0.9475, 0.955)",3,94.93499999999996,38813
"(0.8289473684210527, 0.9605263157894736)",1,94.93421052631588,38814
"(0.8464912280701754, 0.9605263157894736)",1,94.93421052631584,38815
"(0.7719298245614035, 0.9736842105263158)",1,94.93421052631582,38816
"(0.8289473684210527, 0.9649122807017544)",2,94.9342105263158,38818
"(0.8728070175438597, 0.9692982456140352)",1,94.9342105263158,38819
"(0.8289473684210527, 0.9605263157894736)",1,94.9342105263158,38820
"(0.9166666666666666, 0.9833333333333332)",1,94.9333333333334,38821
"(0.8833333333333333, 0.9833333333333332)",1,94.9333333333334,38822
"(0.9916666666666668, 0.9958333333333332)",1,94.93333333333337,38823
"(0.9833333333333332, 1.0)",1,94.93333333333337,38824
"(0.9833333333333332, 1.0)",1,94.93333333333334,38825
"(0.9166666666666666, 1.0)",1,94.93333333333334,38826
"(0.7333333333333333, 1.0)",1,94.93333333333334,38827
"(0.9333333333333332, 1.0)",1,94.93333333333334,38828
"(0.7666666666666667, 1.0)",1,94.93333333333334,38829
"(0.9, 1.0)",2,94.93333333333334,38831
"(0.9525, 0.9425)",1,94.93250000000008,38832
"(0.6925, 0.9575)",1,94.93249999999996,38833
"(0.8678571428571429, 0.9571428571428572)",2,94.93214285714286,38835
"(0.8285714285714286, 0.9571428571428572)",1,94.9321428571428,38836
"(0.9464285714285714, 0.9571428571428572)",1,94.9321428571428,38837
"(0.8571428571428571, 0.9535714285714286)",1,94.93214285714262,38838
"(0.3579545454545454, 0.996969696969697)",2,94.93068181818184,38840
"(0.8888888888888888, 0.9861111111111112)",1,94.93055555555574,38841
"(0.7222222222222222, 0.9722222222222222)",2,94.93055555555569,38843
"(0.9027777777777778, 0.9861111111111112)",1,94.93055555555564,38844
"(0.8611111111111112, 0.9722222222222222)",1,94.9305555555556,38845
"(0.8472222222222222, 0.9722222222222222)",1,94.93055555555551,38846
"(0.8611111111111112, 0.9444444444444444)",2,94.93055555555551,38848
"(0.7674418604651163, 0.9767441860465116)",1,94.93023255813968,38849
"(0.5930232558139535, 0.9767441860465116)",1,94.93023255813964,38850
"(0.872093023255814, 0.9767441860465116)",1,94.9302325581396,38851
"(0.8255813953488372, 0.9883720930232558)",1,94.93023255813956,38852
"(0.8255813953488372, 0.9651162790697676)",1,94.93023255813956,38853
"(0.9302325581395348, 0.9767441860465116)",1,94.93023255813954,38854
"(0.8255813953488372, 0.9767441860465116)",2,94.93023255813952,38856
"(0.627906976744186, 0.9767441860465116)",1,94.93023255813948,38857
"(0.5465116279069767, 0.9534883720930232)",1,94.93023255813948,38858
"(0.8255813953488372, 0.9767441860465116)",1,94.93023255813944,38859
"(0.3953488372093023, 0.9534883720930232)",1,94.93023255813942,38860
"(0.8837209302325582, 0.9534883720930232)",1,94.9302325581394,38861
"(0.8023255813953488, 0.9534883720930232)",1,94.93023255813937,38862
"(0.872093023255814, 0.9534883720930232)",1,94.93023255813934,38863
"(0.6744186046511628, 0.9418604651162792)",2,94.93023255813934,38865
"(0.872093023255814, 0.9651162790697676)",1,94.93023255813932,38866
"(0.8225, 0.9575)",2,94.93000000000012,38868
"(0.96, 0.9475)",2,94.93000000000006,38870
"(0.95, 0.9625)",1,94.93000000000004,38871
"(0.9625, 0.955)",1,94.9299999999999,38872
"(0.7236842105263158, 0.9605263157894736)",1,94.9298245614036,38873
"(0.8903508771929824, 0.9649122807017544)",3,94.92982456140356,38876
"(0.7719298245614035, 0.9692982456140352)",1,94.92982456140356,38877
"(0.8157894736842105, 0.9692982456140352)",1,94.92982456140356,38878
"(0.7719298245614035, 0.956140350877193)",1,94.92982456140356,38879
"(0.7192982456140351, 0.9649122807017544)",3,94.92982456140354,38882
"(0.8728070175438597, 0.9649122807017544)",1,94.9298245614035,38883
"(0.5745614035087719, 0.9692982456140352)",1,94.92982456140348,38884
"(0.9529411764705882, 0.9294117647058824)",1,94.92941176470572,38885
"(0.8588235294117647, 0.9411764705882352)",5,94.92941176470566,38890
"(0.9666666666666668, 0.9875)",4,94.9291666666666,38894
"(0.5358108108108108, 0.9685810810810812)",4,94.92905405405402,38898
"(0.95, 0.95)",1,94.92857142857154,38899
"(0.9214285714285714, 0.9571428571428572)",1,94.92857142857152,38900
"(0.875, 0.9607142857142856)",1,94.9285714285715,38901
"(0.95, 0.9428571428571428)",1,94.92857142857146,38902
"(0.9321428571428572, 0.9607142857142856)",1,94.92857142857144,38903
"(0.8892857142857142, 0.95)",1,94.9285714285714,38904
"(0.9535714285714286, 0.9571428571428572)",1,94.9285714285714,38905
"(0.95, 0.9607142857142856)",1,94.9285714285714,38906
"(0.875, 0.9428571428571428)",1,94.92857142857136,38907
"(0.875, 0.95)",1,94.92857142857136,38908
"(0.8892857142857142, 0.9535714285714286)",3,94.92857142857125,38911
"(0.9575, 0.9425)",1,94.92749999999998,38912
"(0.7825, 0.9575)",1,94.9274999999999,38913
"(0.5745614035087719, 0.9692982456140352)",1,94.92543859649132,38914
"(0.8728070175438597, 0.9649122807017544)",1,94.92543859649132,38915
"(0.8903508771929824, 0.9517543859649122)",3,94.92543859649128,38918
"(0.7587719298245614, 0.9649122807017544)",1,94.92543859649128,38919
"(0.7631578947368421, 0.9473684210526316)",2,94.92543859649126,38921
"(0.868421052631579, 0.9692982456140352)",1,94.92543859649123,38922
"(0.8596491228070176, 0.9649122807017544)",1,94.92543859649123,38923
"(0.8333333333333334, 0.9517543859649122)",3,94.92543859649123,38926
"(0.8508771929824561, 0.9736842105263158)",1,94.92543859649123,38927
"(0.6578947368421053, 0.9649122807017544)",1,94.92543859649123,38928
"(0.5219298245614035, 0.9605263157894736)",1,94.92543859649123,38929
"(0.875, 0.95)",1,94.92500000000004,38930
"(0.9571428571428572, 0.9607142857142856)",1,94.92500000000004,38931
"(0.8375, 0.9625)",1,94.92500000000004,38932
"(0.9285714285714286, 0.95)",1,94.925,38933
"(0.9535714285714286, 0.9571428571428572)",1,94.925,38934
"(0.95, 0.9464285714285714)",1,94.92499999999995,38935
"(0.9, 0.975)",1,94.92499999999995,38936
"(0.9357142857142856, 0.95)",1,94.92499999999995,38937
"(0.9375, 0.975)",1,94.92499999999995,38938
"(0.9321428571428572, 0.9535714285714286)",1,94.92499999999994,38939
"(0.9178571428571428, 0.9571428571428572)",1,94.92499999999994,38940
"(0.8625, 0.975)",2,94.92499999999994,38942
"(0.9678571428571427, 0.9678571428571427)",1,94.92499999999993,38943
"(0.925, 0.9464285714285714)",1,94.92499999999993,38944
"(0.925, 0.95)",1,94.9249999999999,38945
"(0.8875, 0.9875)",1,94.9249999999999,38946
"(0.6625, 0.975)",1,94.92499999999988,38947
"(0.54, 0.9525)",1,94.92250000000004,38948
"(0.7375, 0.96)",1,94.92249999999991,38949
"(0.9225, 0.96)",1,94.9224999999998,38950
"(0.9535714285714286, 0.9571428571428572)",1,94.92142857142863,38951
"(0.9464285714285714, 0.9714285714285714)",1,94.92142857142863,38952
"(0.8892857142857142, 0.9571428571428572)",6,94.92142857142858,38958
"(0.8571428571428571, 0.9607142857142856)",2,94.92142857142856,38960
"(0.9607142857142856, 0.9607142857142856)",3,94.92142857142856,38963
"(0.8857142857142857, 0.9535714285714286)",1,94.92142857142854,38964
"(0.9392857142857144, 0.9607142857142856)",1,94.92142857142852,38965
"(0.9428571428571428, 0.9571428571428572)",1,94.9214285714285,38966
"(0.8928571428571429, 0.9607142857142856)",1,94.92142857142848,38967
"(0.9357142857142856, 0.9571428571428572)",1,94.92142857142848,38968
"(0.8928571428571429, 0.9642857142857144)",1,94.92142857142844,38969
"(0.8892857142857142, 0.9535714285714286)",1,94.92142857142836,38970
"(0.8464912280701754, 0.9780701754385964)",1,94.92105263157904,38971
"(0.6929824561403509, 0.9649122807017544)",1,94.921052631579,38972
"(0.7719298245614035, 0.9780701754385964)",2,94.921052631579,38974
"(0.8464912280701754, 0.9692982456140352)",1,94.921052631579,38975
"(0.8947368421052632, 0.9517543859649122)",2,94.921052631579,38977
"(0.793859649122807, 0.9692982456140352)",1,94.92105263157896,38978
"(0.8508771929824561, 0.9605263157894736)",1,94.92105263157896,38979
"(0.8552631578947368, 0.9692982456140352)",1,94.92105263157892,38980
"(0.9666666666666668, 0.9916666666666668)",4,94.92083333333318,38984
"(0.7827702702702702, 0.9706081081081082)",1,94.92060810810818,38985
"(0.93, 0.9625)",1,94.9200000000001,38986
"(0.8675, 0.9575)",1,94.91999999999987,38987
"(0.872093023255814, 0.9883720930232558)",1,94.91860465116292,38988
"(0.3953488372093023, 0.9767441860465116)",1,94.9186046511629,38989
"(0.872093023255814, 0.9883720930232558)",1,94.91860465116288,38990
"(0.7790697674418605, 0.9767441860465116)",1,94.9186046511628,38991
"(0.8837209302325582, 0.9651162790697676)",1,94.91860465116277,38992
"(0.5348837209302325, 0.9534883720930232)",1,94.91860465116268,38993
"(0.7093023255813954, 0.9767441860465116)",1,94.91860465116268,38994
"(0.7558139534883721, 0.9534883720930232)",1,94.91860465116264,38995
"(0.9302325581395348, 0.9534883720930232)",1,94.91860465116264,38996
"(0.8372093023255814, 0.9651162790697676)",1,94.9186046511626,38997
"(0.8488372093023255, 0.9534883720930232)",2,94.9186046511626,38999
"(0.8255813953488372, 0.9651162790697676)",1,94.91860465116258,39000
"(0.7906976744186046, 0.9534883720930232)",1,94.91860465116258,39001
"(0.9142857142857144, 0.95)",1,94.91785714285729,39002
"(0.9535714285714286, 0.9571428571428572)",3,94.91785714285716,39005
"(0.925, 0.975)",1,94.91785714285712,39006
"(0.925, 0.9535714285714286)",1,94.9178571428571,39007
"(0.9607142857142856, 0.9571428571428572)",1,94.91785714285707,39008
"(0.9035714285714286, 0.9607142857142856)",1,94.91785714285707,39009
"(0.95, 0.9571428571428572)",1,94.91785714285706,39010
"(0.5058823529411764, 0.9411764705882352)",1,94.91764705882346,39011
"(0.535472972972973, 0.9699324324324324)",1,94.91756756756756,39012
"(0.8875, 0.9525)",1,94.91750000000012,39013
"(0.84, 0.9525)",1,94.9175000000001,39014
"(0.8725, 0.9475)",1,94.91750000000008,39015
"(0.83, 0.9525)",1,94.91750000000002,39016
"(0.755, 0.96)",1,94.91749999999992,39017
"(0.8525, 0.96)",1,94.91749999999992,39018
"(0.8194444444444444, 0.9861111111111112)",2,94.9166666666669,39020
"(0.5277777777777778, 0.9722222222222222)",1,94.91666666666684,39021
"(0.8055555555555556, 0.9861111111111112)",1,94.9166666666668,39022
"(0.8888888888888888, 0.9861111111111112)",1,94.9166666666668,39023
"(0.8333333333333334, 0.9722222222222222)",2,94.9166666666668,39025
"(0.9861111111111112, 0.9722222222222222)",1,94.9166666666668,39026
"(0.8333333333333334, 0.9722222222222222)",1,94.91666666666676,39027
"(0.9444444444444444, 0.9722222222222222)",1,94.91666666666676,39028
"(0.5921052631578947, 0.9780701754385964)",1,94.91666666666676,39029
"(0.868421052631579, 0.9780701754385964)",1,94.91666666666676,39030
"(0.9166666666666666, 0.9833333333333332)",1,94.91666666666676,39031
"(0.8377192982456141, 0.9736842105263158)",1,94.91666666666671,39032
"(0.9333333333333332, 0.9833333333333332)",1,94.91666666666671,39033
"(0.8055555555555556, 1.0)",2,94.91666666666671,39035
"(0.9305555555555556, 0.9861111111111112)",1,94.9166666666667,39036
"(1.0, 1.0)",1,94.91666666666669,39037
"(0.9166666666666666, 1.0)",1,94.91666666666669,39038
"(1.0, 1.0)",1,94.91666666666669,39039
"(0.8552631578947368, 0.9692982456140352)",3,94.91666666666669,39042
"(0.8194444444444444, 1.0)",2,94.91666666666669,39044
"(0.8859649122807017, 0.9824561403508772)",1,94.91666666666669,39045
"(0.9666666666666668, 0.9791666666666666)",1,94.91666666666669,39046
"(0.9666666666666668, 1.0)",1,94.91666666666669,39047
"(0.975, 0.9833333333333332)",4,94.91666666666666,39051
"(0.9333333333333332, 0.9875)",1,94.91666666666664,39052
"(0.9444444444444444, 1.0)",1,94.91666666666664,39053
"(0.7777777777777778, 0.9722222222222222)",1,94.91666666666664,39054
"(0.895, 0.95)",1,94.91500000000016,39055
"(0.53625, 0.95875)",1,94.915,39056
"(0.9425, 0.96)",1,94.91499999999986,39057
"(0.9392857142857144, 0.9607142857142856)",1,94.91428571428573,39058
"(0.95, 0.9571428571428572)",1,94.9142857142857,39059
"(0.4285714285714285, 0.975)",1,94.9142857142857,39060
"(0.9142857142857144, 0.9571428571428572)",1,94.91428571428568,39061
"(0.95, 0.9535714285714286)",4,94.91428571428553,39065
"(0.845, 0.9625)",1,94.91250000000016,39066
"(0.875, 0.95)",1,94.9125000000001,39067
"(0.86, 0.96)",1,94.9124999999998,39068
"(0.7280701754385965, 0.9605263157894736)",2,94.91228070175444,39070
"(0.8552631578947368, 0.9605263157894736)",2,94.9122807017544,39072
"(0.7763157894736842, 0.9736842105263158)",1,94.9122807017544,39073
"(0.572972972972973, 0.9685810810810812)",1,94.91216216216216,39074
"(0.9, 0.9571428571428572)",1,94.91071428571428,39075
"(0.9392857142857144, 0.9607142857142856)",1,94.91071428571422,39076
"(0.9428571428571428, 0.9678571428571427)",1,94.91071428571422,39077
"(0.8571428571428571, 0.95)",1,94.9107142857142,39078
"(0.8678571428571429, 0.9642857142857144)",1,94.9107142857142,39079
"(0.9392857142857144, 0.9535714285714286)",1,94.91071428571416,39080
"(0.9392857142857144, 0.9535714285714286)",2,94.91071428571414,39082
"(0.8892857142857142, 0.9535714285714286)",1,94.91071428571412,39083
"(0.8821428571428571, 0.9535714285714286)",3,94.91071428571406,39086
"(0.905, 0.95)",1,94.91000000000015,39087
"(0.83, 0.9625)",1,94.91000000000014,39088
"(0.8675, 0.95)",1,94.91000000000008,39089
"(0.9525, 0.9475)",2,94.91000000000004,39091
"(0.96, 0.9525)",2,94.91000000000004,39093
"(0.9916666666666668, 0.9833333333333332)",3,94.90833333333336,39096
"(0.975, 1.0)",2,94.90833333333332,39098
"(0.925438596491228, 0.9517543859649122)",1,94.90789473684222,39099
"(0.8114035087719298, 0.9649122807017544)",1,94.90789473684214,39100
"(0.5657894736842105, 0.956140350877193)",3,94.90789473684212,39103
"(0.868421052631579, 0.9692982456140352)",2,94.90789473684212,39105
"(0.8114035087719298, 0.9692982456140352)",3,94.90789473684212,39108
"(0.6754385964912281, 0.9649122807017544)",1,94.90789473684208,39109
"(0.9525, 0.95)",1,94.90750000000008,39110
"(0.49625, 0.9875)",1,94.90749999999991,39111
"(0.9, 0.95)",1,94.9071428571429,39112
"(0.8678571428571429, 0.9535714285714286)",2,94.90714285714284,39114
"(0.8857142857142857, 0.9464285714285714)",1,94.90714285714282,39115
"(0.9107142857142856, 0.9571428571428572)",1,94.9071428571428,39116
"(0.9464285714285714, 0.9571428571428572)",3,94.9071428571428,39119
"(0.9321428571428572, 0.9464285714285714)",1,94.9071428571428,39120
"(0.95, 0.9571428571428572)",1,94.90714285714267,39121
"(0.9302325581395348, 0.9883720930232558)",1,94.90697674418608,39122
"(0.9302325581395348, 0.9883720930232558)",1,94.90697674418604,39123
"(0.7674418604651163, 0.9883720930232558)",1,94.90697674418604,39124
"(0.8488372093023255, 0.9418604651162792)",1,94.906976744186,39125
"(0.5116279069767442, 0.9418604651162792)",1,94.90697674418598,39126
"(0.5930232558139535, 0.9767441860465116)",1,94.90697674418598,39127
"(0.5581395348837209, 0.9651162790697676)",1,94.90697674418595,39128
"(0.5581395348837209, 0.9651162790697676)",1,94.90697674418594,39129
"(0.6976744186046512, 0.9534883720930232)",1,94.9069767441859,39130
"(0.8372093023255814, 0.9651162790697676)",2,94.90697674418588,39132
"(0.8488372093023255, 0.9534883720930232)",1,94.90697674418588,39133
"(0.9302325581395348, 0.9651162790697676)",1,94.90697674418584,39134
"(0.7674418604651163, 0.9767441860465116)",1,94.90697674418578,39135
"(0.5925675675675676, 0.9739864864864864)",4,94.90608108108108,39139
"(0.8352941176470589, 0.9294117647058824)",1,94.90588235294096,39140
"(0.4795454545454545, 0.999621212121212)",3,94.90530303030306,39143
"(0.785, 0.9625)",2,94.90500000000016,39145
"(0.96, 0.9375)",1,94.90500000000006,39146
"(0.83, 0.9525)",1,94.90500000000004,39147
"(0.9575, 0.95)",1,94.90499999999994,39148
"(0.6041666666666666, 0.9992424242424244)",1,94.90416666666674,39149
"(0.875, 0.9666666666666668)",1,94.90416666666668,39150
"(0.8125, 0.9666666666666668)",1,94.9041666666666,39151
"(0.9642857142857144, 0.9642857142857144)",3,94.90357142857142,39154
"(0.8678571428571429, 0.9535714285714286)",1,94.9035714285714,39155
"(0.8857142857142857, 0.9535714285714286)",1,94.9035714285714,39156
"(0.9107142857142856, 0.95)",1,94.9035714285714,39157
"(0.8857142857142857, 0.9607142857142856)",3,94.9035714285714,39160
"(0.9535714285714286, 0.9535714285714286)",1,94.90357142857138,39161
"(0.9357142857142856, 0.9642857142857144)",1,94.90357142857135,39162
"(0.8678571428571429, 0.9571428571428572)",1,94.90357142857135,39163
"(0.9392857142857144, 0.9571428571428572)",1,94.90357142857135,39164
"(0.9321428571428572, 0.9535714285714286)",1,94.90357142857134,39165
"(0.925, 0.9571428571428572)",1,94.90357142857133,39166
"(0.8928571428571429, 0.9571428571428572)",1,94.90357142857128,39167
"(0.7149122807017544, 0.9649122807017544)",1,94.90350877192992,39168
"(0.6710526315789473, 0.9780701754385964)",3,94.9035087719299,39171
"(0.7675438596491229, 0.9824561403508772)",1,94.90350877192988,39172
"(0.8026315789473685, 0.9649122807017544)",1,94.90350877192988,39173
"(0.8552631578947368, 0.9692982456140352)",1,94.90350877192988,39174
"(0.8421052631578947, 0.9517543859649122)",3,94.90350877192986,39177
"(0.793859649122807, 0.9649122807017544)",1,94.90350877192986,39178
"(0.8245614035087719, 0.9649122807017544)",1,94.90350877192984,39179
"(0.7222222222222222, 0.9722222222222222)",1,94.90277777777798,39180
"(0.8472222222222222, 1.0)",1,94.90277777777796,39181
"(0.9166666666666666, 0.9722222222222222)",1,94.90277777777794,39182
"(0.5972222222222222, 0.9861111111111112)",1,94.90277777777791,39183
"(0.9027777777777778, 0.9861111111111112)",1,94.90277777777791,39184
"(0.8472222222222222, 0.9722222222222222)",2,94.90277777777791,39186
"(0.875, 0.9861111111111112)",2,94.90277777777789,39188
"(0.8611111111111112, 0.9861111111111112)",1,94.90277777777789,39189
"(0.875, 0.9861111111111112)",1,94.90277777777789,39190
"(0.7638888888888888, 0.9861111111111112)",2,94.90277777777786,39192
"(0.8194444444444444, 0.9861111111111112)",1,94.90277777777786,39193
"(0.8175, 0.95)",1,94.90250000000012,39194
"(0.895, 0.9575)",2,94.90250000000002,39196
"(0.9425, 0.9475)",1,94.9025,39197
"(0.8575, 0.9475)",3,94.90249999999996,39200
"(0.8025, 0.96)",1,94.90249999999988,39201
"(0.905, 0.9525)",1,94.90249999999988,39202
"(0.9625, 0.9625)",1,94.90000000000016,39203
"(0.9125, 0.95)",2,94.90000000000016,39205
"(0.9125, 0.9625)",1,94.90000000000012,39206
"(0.9, 0.975)",1,94.90000000000012,39207
"(0.8875, 0.9625)",2,94.9000000000001,39209
"(0.7166666666666667, 1.0)",1,94.90000000000008,39210
"(0.9525, 0.95)",2,94.90000000000008,39212
"(0.8166666666666667, 0.9833333333333332)",1,94.90000000000006,39213
"(0.6375, 0.975)",1,94.90000000000003,39214
"(0.8166666666666667, 1.0)",1,94.90000000000003,39215
"(0.7333333333333333, 1.0)",1,94.90000000000003,39216
"(0.905, 0.955)",1,94.90000000000002,39217
"(0.8333333333333334, 1.0)",1,94.90000000000002,39218
"(0.9, 1.0)",1,94.9,39219
"(0.8535714285714285, 0.9607142857142856)",1,94.9,39220
"(0.9, 0.9791666666666666)",1,94.9,39221
"(0.9375, 0.975)",1,94.89999999999998,39222
"(0.9642857142857144, 0.95)",1,94.89999999999998,39223
"(0.85, 1.0)",1,94.89999999999998,39224
"(0.8666666666666667, 1.0)",1,94.89999999999998,39225
"(0.9714285714285714, 0.9464285714285714)",1,94.89999999999998,39226
"(0.9678571428571427, 0.9714285714285714)",1,94.89999999999998,39227
"(0.8375, 0.9575)",1,94.89999999999996,39228
"(0.9535714285714286, 0.95)",1,94.89999999999992,39229
"(0.9285714285714286, 0.9535714285714286)",1,94.8999999999999,39230
"(0.8596491228070176, 0.9780701754385964)",4,94.89912280701763,39234
"(0.5657894736842105, 0.9692982456140352)",1,94.8991228070176,39235
"(0.5921052631578947, 0.9692982456140352)",1,94.89912280701758,39236
"(0.5570175438596491, 0.9692982456140352)",3,94.89912280701758,39239
"(0.4035087719298245, 0.9649122807017544)",1,94.89912280701758,39240
"(0.8552631578947368, 0.9429824561403508)",1,94.89912280701758,39241
"(0.7412280701754386, 0.956140350877193)",1,94.89912280701756,39242
"(0.7105263157894737, 0.9605263157894736)",1,94.89912280701756,39243
"(0.7675, 0.9525)",2,94.89750000000004,39245
"(0.785, 0.96)",2,94.89749999999992,39247
"(0.8108108108108109, 0.9733108108108108)",1,94.8966216216216,39248
"(0.9357142857142856, 0.9607142857142856)",1,94.89642857142874,39249
"(0.9535714285714286, 0.9607142857142856)",3,94.89642857142869,39252
"(0.8535714285714285, 0.9607142857142856)",2,94.8964285714286,39254
"(0.8607142857142858, 0.9642857142857144)",2,94.8964285714285,39256
"(0.8892857142857142, 0.95)",1,94.8964285714285,39257
"(0.8464285714285714, 0.9535714285714286)",1,94.89642857142846,39258
"(0.9916666666666668, 0.9541666666666668)",1,94.8958333333334,39259
"(0.9458333333333332, 0.9916666666666668)",1,94.8958333333333,39260
"(0.9041666666666668, 0.9916666666666668)",1,94.89583333333324,39261
"(0.8604651162790697, 0.9767441860465116)",1,94.8953488372094,39262
"(0.3372093023255814, 0.9767441860465116)",1,94.89534883720935,39263
"(0.6046511627906976, 1.0)",1,94.89534883720934,39264
"(0.8255813953488372, 1.0)",1,94.89534883720934,39265
"(0.5116279069767442, 0.9534883720930232)",1,94.89534883720933,39266
"(0.3953488372093023, 0.9767441860465116)",1,94.89534883720933,39267
"(0.5465116279069767, 0.9534883720930232)",1,94.89534883720928,39268
"(0.4883720930232558, 0.9534883720930232)",1,94.89534883720928,39269
"(0.7558139534883721, 0.9651162790697676)",1,94.89534883720928,39270
"(0.8372093023255814, 0.9767441860465116)",2,94.89534883720928,39272
"(0.7790697674418605, 0.9651162790697676)",1,94.89534883720918,39273
"(0.8837209302325582, 0.9767441860465116)",1,94.89534883720918,39274
"(0.8604651162790697, 0.9534883720930232)",1,94.89534883720916,39275
"(0.7441860465116279, 0.9651162790697676)",1,94.89534883720914,39276
"(0.3953488372093023, 0.9534883720930232)",1,94.89534883720914,39277
"(0.6976744186046512, 0.9534883720930232)",1,94.89534883720914,39278
"(0.8488372093023255, 0.9651162790697676)",1,94.8953488372091,39279
"(0.8372093023255814, 0.9651162790697676)",1,94.89534883720906,39280
"(0.7825, 0.9575)",1,94.89499999999995,39281
"(0.86, 0.9575)",1,94.89499999999994,39282
"(0.845, 0.96)",1,94.8949999999999,39283
"(0.8289473684210527, 0.9692982456140352)",4,94.89473684210542,39287
"(0.75, 0.9692982456140352)",1,94.89473684210536,39288
"(0.7763157894736842, 0.9605263157894736)",3,94.89473684210532,39291
"(0.881578947368421, 0.956140350877193)",1,94.89473684210532,39292
"(0.7192982456140351, 0.9605263157894736)",1,94.89473684210532,39293
"(0.8421052631578947, 0.9473684210526316)",2,94.8947368421053,39295
"(0.8333333333333334, 0.9385964912280702)",3,94.8947368421053,39298
"(0.8728070175438597, 0.9649122807017544)",1,94.89473684210527,39299
"(0.925438596491228, 0.9649122807017544)",1,94.89473684210526,39300
"(0.868421052631579, 0.9736842105263158)",1,94.8947368421052,39301
"(0.8587837837837838, 0.9743243243243244)",4,94.89425675675676,39305
"(0.8588235294117647, 0.9294117647058824)",1,94.89411764705864,39306
"(0.8588235294117647, 0.9294117647058824)",1,94.8941176470586,39307
"(0.8773648648648649, 0.9706081081081082)",1,94.89391891891891,39308
"(0.6006756756756757, 0.9679054054054054)",1,94.89324324324328,39309
"(0.9571428571428572, 0.9607142857142856)",1,94.89285714285715,39310
"(0.85, 0.9571428571428572)",1,94.89285714285715,39311
"(0.9464285714285714, 0.95)",1,94.89285714285715,39312
"(0.8821428571428571, 0.9464285714285714)",1,94.89285714285712,39313
"(0.9071428571428573, 0.95)",3,94.89285714285712,39316
"(0.9535714285714286, 0.95)",1,94.89285714285712,39317
"(0.9321428571428572, 0.9607142857142856)",1,94.89285714285708,39318
"(0.95, 0.9607142857142856)",2,94.89285714285708,39320
"(0.9571428571428572, 0.9642857142857144)",1,94.89285714285708,39321
"(0.8678571428571429, 0.9607142857142856)",1,94.89285714285708,39322
"(0.9464285714285714, 0.9571428571428572)",1,94.89285714285704,39323
"(0.8892857142857142, 0.9535714285714286)",1,94.89285714285693,39324
"(0.9575, 0.9525)",3,94.8925000000001,39327
"(0.93, 0.9625)",1,94.89250000000008,39328
"(0.7025, 0.9425)",1,94.8925,39329
"(0.785, 0.9575)",1,94.8924999999999,39330
"(0.5442567567567568, 0.9743243243243244)",4,94.89222972972972,39334
"(0.8263513513513514, 0.9699324324324324)",1,94.89087837837836,39335
"(0.8608108108108108, 0.9675675675675676)",4,94.89087837837836,39339
"(0.8728070175438597, 0.956140350877193)",3,94.89035087719304,39342
"(0.8596491228070176, 0.9605263157894736)",1,94.89035087719304,39343
"(0.8114035087719298, 0.956140350877193)",1,94.890350877193,39344
"(0.9078947368421052, 0.9912280701754386)",1,94.890350877193,39345
"(0.8114035087719298, 0.956140350877193)",1,94.890350877193,39346
"(0.4956140350877193, 0.9692982456140352)",5,94.890350877193,39351
"(0.6535087719298246, 0.9692982456140352)",1,94.890350877193,39352
"(0.8728070175438597, 0.9692982456140352)",6,94.89035087719296,39358
"(0.9298245614035088, 0.9429824561403508)",1,94.8903508771929,39359
"(0.915, 0.9475)",2,94.89000000000009,39361
"(0.8625, 0.9525)",1,94.88999999999996,39362
"(0.8275, 0.9575)",1,94.88999999999996,39363
"(0.86, 0.96)",1,94.88999999999992,39364
"(0.8607142857142858, 0.9535714285714286)",1,94.88928571428583,39365
"(0.9607142857142856, 0.9607142857142856)",1,94.8892857142857,39366
"(0.95, 0.9607142857142856)",1,94.88928571428568,39367
"(0.9142857142857144, 0.95)",2,94.88928571428566,39369
"(0.9464285714285714, 0.95)",1,94.88928571428563,39370
"(0.9305555555555556, 0.9861111111111112)",2,94.8888888888891,39372
"(0.8611111111111112, 0.9861111111111112)",1,94.88888888888908,39373
"(0.9305555555555556, 0.9722222222222222)",1,94.88888888888906,39374
"(0.8333333333333334, 0.9861111111111112)",3,94.88888888888904,39377
"(0.7083333333333334, 1.0)",2,94.88888888888904,39379
"(0.9027777777777778, 0.9861111111111112)",2,94.88888888888904,39381
"(0.8333333333333334, 0.9861111111111112)",1,94.888888888889,39382
"(0.7083333333333334, 0.9861111111111112)",1,94.888888888889,39383
"(0.8055555555555556, 0.9861111111111112)",1,94.888888888889,39384
"(0.9444444444444444, 1.0)",1,94.88888888888894,39385
"(0.7916666666666666, 0.9861111111111112)",1,94.88888888888891,39386
"(0.9583333333333334, 0.9861111111111112)",1,94.88888888888891,39387
"(0.9027777777777778, 1.0)",1,94.88888888888891,39388
"(0.8611111111111112, 1.0)",2,94.88888888888889,39390
"(0.8216216216216217, 0.9702702702702702)",1,94.88885135135132,39391
"(0.85, 0.95)",1,94.88750000000006,39392
"(0.9, 0.975)",1,94.88750000000006,39393
"(0.8, 0.95)",1,94.88750000000006,39394
"(0.875, 0.9875)",1,94.88750000000005,39395
"(0.85, 0.975)",1,94.88750000000005,39396
"(0.9275, 0.9475)",3,94.88750000000005,39399
"(0.9708333333333332, 0.9958333333333332)",4,94.88750000000002,39403
"(0.6625, 0.975)",1,94.8875,39404
"(0.905, 0.9425)",3,94.8875,39407
"(0.5192567567567568, 0.9763513513513512)",4,94.8875,39411
"(0.9, 0.975)",1,94.8874999999999,39412
"(0.9, 0.975)",1,94.88749999999986,39413
"(0.925, 0.975)",1,94.88749999999985,39414
"(0.3579545454545454, 0.999621212121212)",3,94.88712121212126,39417
"(0.8771929824561403, 0.956140350877193)",3,94.88596491228076,39420
"(0.8947368421052632, 0.9605263157894736)",1,94.88596491228073,39421
"(0.4298245614035088, 0.9649122807017544)",1,94.88596491228073,39422
"(0.8377192982456141, 0.9605263157894736)",3,94.88596491228068,39425
"(0.9214285714285714, 0.95)",1,94.8857142857144,39426
"(0.9642857142857144, 0.9607142857142856)",2,94.88571428571429,39428
"(0.9392857142857144, 0.9571428571428572)",1,94.88571428571429,39429
"(0.95, 0.9714285714285714)",1,94.88571428571429,39430
"(0.9214285714285714, 0.9535714285714286)",1,94.88571428571426,39431
"(0.8571428571428571, 0.95)",2,94.88571428571424,39433
"(0.9607142857142856, 0.9357142857142856)",1,94.8857142857142,39434
"(0.9357142857142856, 0.9535714285714286)",1,94.8857142857142,39435
"(0.8535714285714285, 0.9642857142857144)",1,94.88571428571416,39436
"(0.3916666666666666, 0.999621212121212)",3,94.88522727272732,39439
"(0.8175, 0.95)",1,94.885,39440
"(0.6925, 0.9575)",1,94.88499999999992,39441
"(0.9135135135135136, 0.9699324324324324)",1,94.88445945945948,39442
"(0.8953488372093024, 0.9651162790697676)",1,94.8837209302326,39443
"(0.8604651162790697, 0.9767441860465116)",1,94.88372093023256,39444
"(0.4883720930232558, 0.9534883720930232)",1,94.88372093023256,39445
"(0.8604651162790697, 0.9651162790697676)",1,94.88372093023256,39446
"(0.6976744186046512, 0.9651162790697676)",1,94.88372093023251,39447
"(0.3023255813953488, 0.9651162790697676)",1,94.88372093023251,39448
"(0.9069767441860463, 0.9767441860465116)",1,94.88372093023251,39449
"(0.6744186046511628, 0.9767441860465116)",1,94.88372093023251,39450
"(0.6744186046511628, 0.9651162790697676)",1,94.88372093023249,39451
"(0.8372093023255814, 0.9651162790697676)",1,94.88372093023249,39452
"(0.8372093023255814, 0.9534883720930232)",1,94.88372093023246,39453
"(0.7674418604651163, 0.9651162790697676)",1,94.8837209302324,39454
"(0.8488372093023255, 0.9534883720930232)",1,94.8837209302324,39455
"(0.8255813953488372, 0.9651162790697676)",1,94.88372093023236,39456
"(0.8837209302325582, 0.9651162790697676)",2,94.88372093023236,39458
"(0.8023255813953488, 0.9651162790697676)",1,94.88372093023236,39459
"(0.8604651162790697, 0.9651162790697676)",1,94.88372093023234,39460
"(1.0, 0.9833333333333332)",1,94.8833333333334,39461
"(0.8166666666666667, 1.0)",1,94.88333333333338,39462
"(0.8333333333333334, 1.0)",1,94.88333333333338,39463
"(0.9708333333333332, 0.9833333333333332)",2,94.88333333333338,39465
"(0.7666666666666667, 1.0)",1,94.88333333333335,39466
"(0.95, 0.9833333333333332)",1,94.88333333333334,39467
"(0.8, 1.0)",1,94.88333333333334,39468
"(0.95, 1.0)",2,94.88333333333334,39470
"(0.8666666666666667, 1.0)",1,94.88333333333334,39471
"(0.8958333333333334, 0.9875)",1,94.88333333333333,39472
"(0.85, 1.0)",1,94.88333333333333,39473
"(0.935, 0.94)",2,94.8825,39475
"(0.96, 0.955)",3,94.8825,39478
"(0.7764705882352941, 0.9529411764705882)",1,94.8823529411763,39479
"(0.9529411764705882, 0.9411764705882352)",5,94.88235294117626,39484
"(0.8705882352941177, 0.9294117647058824)",1,94.8823529411762,39485
"(0.95, 0.9464285714285714)",1,94.8821428571429,39486
"(0.9107142857142856, 0.9642857142857144)",1,94.88214285714282,39487
"(0.9714285714285714, 0.9571428571428572)",1,94.88214285714278,39488
"(0.925, 0.9535714285714286)",1,94.88214285714274,39489
"(0.8043918918918919, 0.9746621621621622)",2,94.8820945945946,39491
"(0.9166666666666666, 0.956140350877193)",1,94.88157894736844,39492
"(0.8464912280701754, 0.9736842105263158)",8,94.88157894736844,39500
"(0.7719298245614035, 0.9649122807017544)",2,94.8815789473684,39502
"(0.905, 0.9475)",1,94.88000000000004,39503
"(0.785, 0.9575)",1,94.87999999999992,39504
"(0.9875, 0.9875)",1,94.87916666666662,39505
"(0.9464285714285714, 0.9607142857142856)",6,94.8785714285714,39511
"(0.9571428571428572, 0.9714285714285714)",1,94.8785714285714,39512
"(0.875, 0.9535714285714286)",1,94.8785714285714,39513
"(0.9285714285714286, 0.9535714285714286)",1,94.87857142857136,39514
"(0.9571428571428572, 0.9535714285714286)",1,94.87857142857123,39515
"(0.4291666666666666, 0.9977272727272728)",1,94.87765151515158,39516
"(0.925, 0.95)",1,94.8775,39517
"(0.5155405405405405, 0.972972972972973)",2,94.87736486486484,39519
"(0.2356060606060606, 0.9992424242424244)",3,94.87727272727278,39522
"(0.7763157894736842, 0.9780701754385964)",1,94.87719298245624,39523
"(0.6798245614035088, 0.9429824561403508)",1,94.87719298245622,39524
"(0.8377192982456141, 0.956140350877193)",3,94.8771929824562,39527
"(0.7456140350877193, 0.9605263157894736)",1,94.87719298245618,39528
"(0.8596491228070176, 0.9649122807017544)",1,94.87719298245617,39529
"(0.4035087719298245, 0.956140350877193)",3,94.87719298245617,39532
"(0.8333333333333334, 0.956140350877193)",3,94.87719298245614,39535
"(0.8552631578947368, 0.956140350877193)",3,94.87719298245614,39538
"(0.9166666666666666, 0.956140350877193)",1,94.87719298245608,39539
"(0.8081081081081081, 0.9628378378378378)",1,94.8763513513513,39540
"(0.5739864864864865, 0.9726351351351352)",4,94.87533783783788,39544
"(0.6388888888888888, 0.9861111111111112)",1,94.87500000000018,39545
"(0.875, 0.95)",1,94.87500000000016,39546
"(0.7916666666666666, 0.9861111111111112)",1,94.87500000000014,39547
"(0.9575, 0.9475)",3,94.87500000000011,39550
"(0.8472222222222222, 1.0)",1,94.87500000000011,39551
"(0.5, 0.9861111111111112)",1,94.87500000000011,39552
"(0.7916666666666666, 0.9722222222222222)",1,94.87500000000011,39553
"(0.9583333333333334, 0.9861111111111112)",1,94.87500000000011,39554
"(0.8888888888888888, 0.9861111111111112)",1,94.87500000000011,39555
"(0.9444444444444444, 0.9722222222222222)",1,94.8750000000001,39556
"(0.8875, 0.9625)",2,94.8750000000001,39558
"(0.9305555555555556, 0.9583333333333334)",1,94.87500000000009,39559
"(0.95, 0.9464285714285714)",1,94.87500000000009,39560
"(0.9525, 0.9425)",2,94.87500000000009,39562
"(0.7375, 0.95)",2,94.87500000000006,39564
"(0.8611111111111112, 1.0)",2,94.87500000000006,39566
"(0.9642857142857144, 0.9607142857142856)",1,94.87500000000004,39567
"(0.9425, 0.95)",1,94.87500000000004,39568
"(0.9214285714285714, 0.95)",1,94.875,39569
"(0.9025, 0.955)",1,94.87499999999994,39570
"(0.925, 0.975)",3,94.87499999999989,39573
"(0.8125, 0.975)",1,94.87499999999989,39574
"(0.85, 0.975)",1,94.87499999999986,39575
"(0.875, 0.9642857142857144)",1,94.87499999999984,39576
"(0.8928571428571429, 0.95)",1,94.87499999999984,39577
"(0.8678571428571429, 0.9535714285714286)",1,94.87499999999982,39578
"(0.8728070175438597, 0.9605263157894736)",1,94.87280701754396,39579
"(0.793859649122807, 0.9692982456140352)",1,94.87280701754392,39580
"(0.4956140350877193, 0.9692982456140352)",1,94.87280701754392,39581
"(0.868421052631579, 0.956140350877193)",1,94.8728070175439,39582
"(0.6578947368421053, 0.9780701754385964)",4,94.8728070175439,39586
"(0.8728070175438597, 0.9517543859649122)",1,94.87280701754388,39587
"(0.8903508771929824, 0.9429824561403508)",3,94.87280701754388,39590
"(0.8245614035087719, 0.9649122807017544)",3,94.87280701754388,39593
"(0.75, 0.956140350877193)",1,94.87280701754386,39594
"(0.96, 0.945)",1,94.87250000000004,39595
"(0.9575, 0.9575)",1,94.87249999999996,39596
"(0.905, 0.96)",2,94.87249999999996,39598
"(0.9075, 0.945)",3,94.87249999999992,39601
"(0.9534883720930232, 0.9767441860465116)",1,94.87209302325596,39602
"(0.8255813953488372, 0.9767441860465116)",1,94.8720930232558,39603
"(0.686046511627907, 0.9651162790697676)",1,94.8720930232558,39604
"(0.8488372093023255, 0.9534883720930232)",2,94.87209302325569,39606
"(0.7674418604651163, 0.9651162790697676)",2,94.87209302325566,39608
"(0.7790697674418605, 0.9534883720930232)",1,94.87209302325564,39609
"(0.9302325581395348, 0.9534883720930232)",1,94.87209302325564,39610
"(0.8372093023255814, 0.9651162790697676)",1,94.87209302325564,39611
"(0.8372093023255814, 0.9651162790697676)",1,94.87209302325556,39612
"(0.8087837837837838, 0.970945945945946)",1,94.87195945945942,39613
"(0.552027027027027, 0.9739864864864864)",2,94.87162162162164,39615
"(0.4340909090909091, 1.0)",3,94.87159090909094,39618
"(0.8178571428571428, 0.9607142857142856)",3,94.87142857142872,39621
"(0.8964285714285715, 0.95)",1,94.8714285714286,39622
"(0.95, 0.9642857142857144)",1,94.87142857142858,39623
"(0.8821428571428571, 0.9571428571428572)",1,94.87142857142857,39624
"(0.9, 0.9607142857142856)",1,94.87142857142857,39625
"(0.9678571428571427, 0.9642857142857144)",1,94.87142857142857,39626
"(0.9357142857142856, 0.9535714285714286)",1,94.87142857142852,39627
"(0.9428571428571428, 0.9678571428571427)",1,94.87142857142852,39628
"(0.9607142857142856, 0.95)",1,94.87142857142852,39629
"(0.9428571428571428, 0.9642857142857144)",1,94.87142857142852,39630
"(0.9142857142857144, 0.9535714285714286)",1,94.87142857142844,39631
"(0.9607142857142856, 0.9535714285714286)",1,94.8714285714284,39632
"(0.9833333333333332, 0.8625)",1,94.87083333333334,39633
"(0.8087837837837838, 0.956418918918919)",4,94.8706081081081,39637
"(0.9575, 0.9525)",2,94.87,39639
"(0.93, 0.955)",1,94.86999999999996,39640
"(0.8225, 0.9575)",1,94.8699999999999,39641
"(0.5949324324324324, 0.9692567567567568)",4,94.86959459459462,39645
"(0.5523648648648649, 0.9783783783783784)",4,94.86891891891888,39649
"(0.7105263157894737, 0.9780701754385964)",1,94.8684210526316,39650
"(0.9078947368421052, 0.9649122807017544)",1,94.8684210526315,39651
"(0.8392857142857143, 0.9464285714285714)",1,94.86785714285712,39652
"(0.8535714285714285, 0.9607142857142856)",1,94.86785714285712,39653
"(0.9571428571428572, 0.9571428571428572)",1,94.86785714285712,39654
"(0.9535714285714286, 0.9571428571428572)",1,94.8678571428571,39655
"(0.9571428571428572, 0.9607142857142856)",1,94.8678571428571,39656
"(0.9178571428571428, 0.9535714285714286)",1,94.8678571428571,39657
"(0.9428571428571428, 0.9714285714285714)",1,94.86785714285708,39658
"(0.8928571428571429, 0.9464285714285714)",1,94.86785714285708,39659
"(0.9642857142857144, 0.9607142857142856)",1,94.86785714285708,39660
"(0.8678571428571429, 0.9571428571428572)",1,94.86785714285703,39661
"(0.8678571428571429, 0.9607142857142856)",2,94.86785714285703,39663
"(0.9, 0.9535714285714286)",1,94.867857142857,39664
"(0.9214285714285714, 0.9535714285714286)",1,94.86785714285698,39665
"(0.77, 0.955)",1,94.86749999999998,39666
"(0.9375, 0.9525)",2,94.86749999999992,39668
"(0.785, 0.955)",1,94.8674999999999,39669
"(0.9833333333333332, 0.9833333333333332)",1,94.86666666666672,39670
"(0.8333333333333334, 1.0)",1,94.86666666666672,39671
"(0.85, 1.0)",2,94.86666666666667,39673
"(1.0, 1.0)",1,94.86666666666667,39674
"(0.8333333333333334, 1.0)",1,94.86666666666667,39675
"(1.0, 1.0)",1,94.86666666666667,39676
"(0.8833333333333333, 1.0)",1,94.86666666666666,39677
"(0.9310810810810812, 0.9739864864864864)",1,94.8662162162162,39678
"(0.915, 0.955)",1,94.86500000000004,39679
"(0.9575, 0.9525)",3,94.86500000000004,39682
"(0.7875, 0.9575)",1,94.86499999999988,39683
"(0.96, 0.9575)",1,94.86499999999988,39684
"(0.8081081081081081, 0.9672297297297298)",1,94.86452702702702,39685
"(0.8178571428571428, 0.9607142857142856)",3,94.86428571428586,39688
"(0.9428571428571428, 0.9571428571428572)",3,94.86428571428576,39691
"(0.9428571428571428, 0.9535714285714286)",1,94.86428571428571,39692
"(0.8071428571428572, 0.9571428571428572)",1,94.86428571428571,39693
"(0.9357142857142856, 0.9535714285714286)",1,94.86428571428571,39694
"(0.9, 0.95)",1,94.8642857142857,39695
"(0.9678571428571427, 0.9178571428571428)",1,94.8642857142857,39696
"(0.8571428571428571, 0.9607142857142856)",3,94.86428571428566,39699
"(0.9214285714285714, 0.9535714285714286)",1,94.86428571428564,39700
"(0.868421052631579, 0.956140350877193)",1,94.86403508771932,39701
"(0.8464912280701754, 0.9605263157894736)",1,94.86403508771932,39702
"(0.8728070175438597, 0.9692982456140352)",1,94.86403508771932,39703
"(0.6280405405405406, 0.9726351351351352)",4,94.86385135135136,39707
"(0.925, 0.95)",1,94.86250000000008,39708
"(0.925, 0.95)",1,94.86250000000004,39709
"(0.9525, 0.9525)",1,94.86250000000004,39710
"(0.8375, 0.95)",1,94.86250000000004,39711
"(0.908445945945946, 0.9716216216216216)",1,94.8625,39712
"(0.6875, 0.975)",1,94.8625,39713
"(0.9125, 0.975)",1,94.8625,39714
"(0.9875, 0.9875)",1,94.86249999999998,39715
"(0.935, 0.9575)",1,94.86249999999995,39716
"(0.9, 0.9625)",1,94.86249999999994,39717
"(0.925, 0.975)",1,94.86249999999994,39718
"(0.925, 0.975)",1,94.86249999999984,39719
"(0.7916666666666666, 0.9722222222222222)",1,94.86111111111128,39720
"(0.9166666666666666, 0.9861111111111112)",2,94.86111111111128,39722
"(0.7638888888888888, 0.9861111111111112)",1,94.86111111111126,39723
"(0.8055555555555556, 0.9861111111111112)",1,94.86111111111124,39724
"(0.8472222222222222, 0.9722222222222222)",1,94.86111111111124,39725
"(0.875, 0.9861111111111112)",2,94.8611111111112,39727
"(0.7638888888888888, 1.0)",1,94.86111111111116,39728
"(0.8888888888888888, 0.9861111111111112)",1,94.86111111111114,39729
"(0.4753787878787879, 0.9958333333333332)",3,94.8609848484849,39732
"(0.9285714285714286, 0.9464285714285714)",1,94.8607142857143,39733
"(0.9035714285714286, 0.9535714285714286)",1,94.86071428571428,39734
"(0.9535714285714286, 0.9428571428571428)",1,94.86071428571424,39735
"(0.925, 0.9571428571428572)",1,94.86071428571418,39736
"(0.9464285714285714, 0.9535714285714286)",1,94.86071428571418,39737
"(0.9535714285714286, 0.9642857142857144)",1,94.86071428571412,39738
"(0.6046511627906976, 0.9767441860465116)",1,94.86046511627914,39739
"(0.7209302325581395, 0.9534883720930232)",1,94.86046511627904,39740
"(0.3023255813953488, 0.9651162790697676)",1,94.86046511627904,39741
"(0.8604651162790697, 0.9651162790697676)",1,94.860465116279,39742
"(0.8488372093023255, 0.9651162790697676)",1,94.86046511627892,39743
"(0.5116279069767442, 0.9418604651162792)",1,94.86046511627892,39744
"(0.8488372093023255, 0.9534883720930232)",1,94.86046511627892,39745
"(0.8255813953488372, 0.9651162790697676)",1,94.8604651162789,39746
"(0.8488372093023255, 0.9651162790697676)",1,94.86046511627887,39747
"(0.8023255813953488, 0.9534883720930232)",1,94.86046511627887,39748
"(0.9651162790697676, 0.9651162790697676)",1,94.86046511627887,39749
"(0.9075, 0.9325)",1,94.86,39750
"(0.95, 0.945)",1,94.85999999999996,39751
"(0.925, 0.9575)",1,94.85999999999996,39752
"(0.8728070175438597, 0.9605263157894736)",1,94.85964912280708,39753
"(0.8114035087719298, 0.9429824561403508)",1,94.85964912280706,39754
"(0.8114035087719298, 0.9736842105263158)",7,94.85964912280706,39761
"(0.8157894736842105, 0.9649122807017544)",1,94.85964912280706,39762
"(0.8412162162162162, 0.9658783783783784)",2,94.85878378378378,39764
"(0.95, 0.9583333333333334)",1,94.85833333333332,39765
"(0.8225, 0.955)",1,94.85749999999987,39766
"(0.7825, 0.96)",1,94.85749999999985,39767
"(0.9162162162162162, 0.9719594594594596)",1,94.85743243243245,39768
"(0.95, 0.95)",1,94.85714285714288,39769
"(0.8607142857142858, 0.9607142857142856)",1,94.85714285714285,39770
"(0.9357142857142856, 0.9535714285714286)",1,94.85714285714268,39771
"(0.755, 0.9895454545454544)",2,94.85590909090902,39773
"(0.8289473684210527, 0.9692982456140352)",1,94.85526315789488,39774
"(0.9298245614035088, 0.9517543859649122)",3,94.8552631578948,39777
"(0.8771929824561403, 0.9736842105263158)",1,94.85526315789478,39778
"(0.8771929824561403, 0.9692982456140352)",2,94.85526315789475,39780
"(0.8289473684210527, 0.9649122807017544)",1,94.85526315789475,39781
"(0.7105263157894737, 0.9473684210526316)",1,94.85526315789474,39782
"(0.9078947368421052, 0.9912280701754386)",3,94.85526315789473,39785
"(0.8771929824561403, 0.9649122807017544)",1,94.85526315789473,39786
"(0.8575, 0.9575)",3,94.8549999999999,39789
"(0.9708333333333332, 0.9958333333333332)",1,94.8541666666667,39790
"(0.9, 0.95)",1,94.85357142857156,39791
"(0.9392857142857144, 0.9535714285714286)",1,94.8535714285715,39792
"(0.8571428571428571, 0.9642857142857144)",1,94.85357142857146,39793
"(0.9607142857142856, 0.9678571428571427)",1,94.85357142857144,39794
"(0.9392857142857144, 0.9571428571428572)",1,94.85357142857144,39795
"(0.9464285714285714, 0.9535714285714286)",6,94.8535714285714,39801
"(0.9571428571428572, 0.9714285714285714)",6,94.8535714285714,39807
"(0.8857142857142857, 0.9571428571428572)",1,94.85357142857134,39808
"(0.8892857142857142, 0.9464285714285714)",1,94.85357142857134,39809
"(0.95, 0.95)",2,94.85357142857131,39811
"(0.8714285714285714, 0.9642857142857144)",1,94.8535714285713,39812
"(0.9575, 0.945)",1,94.85250000000006,39813
"(0.8640350877192983, 0.9605263157894736)",1,94.85087719298257,39814
"(0.4956140350877193, 0.9780701754385964)",1,94.85087719298252,39815
"(0.7456140350877193, 0.956140350877193)",1,94.8508771929825,39816
"(0.912280701754386, 0.9736842105263158)",3,94.8508771929825,39819
"(0.8552631578947368, 0.956140350877193)",3,94.85087719298248,39822
"(0.7192982456140351, 0.9692982456140352)",8,94.85087719298244,39830
"(0.8245614035087719, 0.9649122807017544)",1,94.85087719298244,39831
"(0.85, 0.9625)",1,94.85000000000016,39832
"(0.9, 0.975)",1,94.85000000000014,39833
"(0.925, 0.95)",1,94.85000000000014,39834
"(0.9357142857142856, 0.9607142857142856)",1,94.85000000000012,39835
"(0.93, 0.9475)",1,94.85000000000008,39836
"(0.875, 0.95)",1,94.85000000000008,39837
"(0.9333333333333332, 1.0)",1,94.85000000000002,39838
"(0.9166666666666666, 1.0)",1,94.85000000000002,39839
"(0.9833333333333332, 1.0)",1,94.85,39840
"(0.95, 1.0)",1,94.85,39841
"(0.95, 1.0)",1,94.85,39842
"(0.9571428571428572, 0.9535714285714286)",1,94.84999999999998,39843
"(0.8857142857142857, 0.9607142857142856)",1,94.84999999999998,39844
"(0.9225, 0.96)",1,94.84999999999998,39845
"(0.9, 0.9625)",1,94.84999999999997,39846
"(0.9321428571428572, 0.9571428571428572)",1,94.84999999999997,39847
"(0.6475, 0.9575)",1,94.84999999999984,39848
"(0.8892857142857142, 0.9535714285714286)",1,94.8499999999998,39849
"(0.7674418604651163, 0.9767441860465116)",1,94.84883720930245,39850
"(0.9418604651162792, 0.9883720930232558)",1,94.8488372093024,39851
"(0.5116279069767442, 0.9767441860465116)",1,94.84883720930236,39852
"(0.5465116279069767, 0.9534883720930232)",1,94.84883720930232,39853
"(0.5465116279069767, 0.9767441860465116)",1,94.84883720930232,39854
"(0.7325581395348837, 0.9767441860465116)",1,94.8488372093023,39855
"(0.7790697674418605, 0.9651162790697676)",1,94.84883720930226,39856
"(0.3023255813953488, 0.9534883720930232)",1,94.84883720930225,39857
"(0.5116279069767442, 0.9534883720930232)",1,94.84883720930222,39858
"(0.8604651162790697, 0.9651162790697676)",1,94.8488372093022,39859
"(0.8604651162790697, 0.9534883720930232)",1,94.8488372093022,39860
"(0.8023255813953488, 0.9534883720930232)",1,94.84883720930216,39861
"(0.5348837209302325, 0.9651162790697676)",1,94.84883720930212,39862
"(0.5116279069767442, 0.9651162790697676)",1,94.84883720930212,39863
"(0.872093023255814, 0.9651162790697676)",1,94.84883720930212,39864
"(0.8375, 0.9525)",1,94.84750000000004,39865
"(0.845, 0.96)",1,94.84749999999988,39866
"(0.8333333333333334, 0.9861111111111112)",2,94.8472222222224,39868
"(0.9305555555555556, 0.9722222222222222)",1,94.8472222222224,39869
"(0.7222222222222222, 0.9722222222222222)",1,94.84722222222238,39870
"(0.9305555555555556, 0.9722222222222222)",1,94.84722222222238,39871
"(0.7222222222222222, 0.9722222222222222)",1,94.84722222222236,39872
"(0.8055555555555556, 0.9722222222222222)",1,94.84722222222234,39873
"(0.625, 0.9722222222222222)",1,94.84722222222234,39874
"(0.8472222222222222, 0.9722222222222222)",2,94.84722222222234,39876
"(0.8611111111111112, 0.9861111111111112)",1,94.84722222222231,39877
"(0.6944444444444444, 0.9861111111111112)",1,94.84722222222231,39878
"(0.9305555555555556, 0.9861111111111112)",1,94.8472222222223,39879
"(0.875, 0.9861111111111112)",1,94.84722222222226,39880
"(0.7083333333333334, 1.0)",1,94.8472222222222,39881
"(0.8055555555555556, 0.9444444444444444)",2,94.8472222222222,39883
"(0.8194444444444444, 0.9444444444444444)",2,94.84722222222216,39885
"(0.8941176470588236, 0.9294117647058824)",3,94.84705882352918,39888
"(0.5657894736842105, 0.9649122807017544)",3,94.84649122807024,39891
"(0.7105263157894737, 0.9692982456140352)",1,94.84649122807022,39892
"(0.8903508771929824, 0.956140350877193)",3,94.8464912280702,39895
"(0.4035087719298245, 0.9649122807017544)",2,94.8464912280702,39897
"(0.8114035087719298, 0.9649122807017544)",8,94.84649122807018,39905
"(0.8245614035087719, 0.9780701754385964)",1,94.84649122807016,39906
"(0.5570175438596491, 0.9649122807017544)",1,94.84649122807016,39907
"(0.9392857142857144, 0.9642857142857144)",1,94.84642857142858,39908
"(0.8678571428571429, 0.9535714285714286)",1,94.84642857142856,39909
"(0.9035714285714286, 0.9535714285714286)",1,94.84642857142852,39910
"(0.8678571428571429, 0.9571428571428572)",1,94.84642857142852,39911
"(0.9142857142857144, 0.9535714285714286)",1,94.84642857142852,39912
"(0.9607142857142856, 0.9571428571428572)",1,94.84642857142852,39913
"(0.9107142857142856, 0.9678571428571427)",1,94.8464285714285,39914
"(0.9642857142857144, 0.9571428571428572)",1,94.8464285714285,39915
"(0.9357142857142856, 0.9571428571428572)",1,94.84642857142848,39916
"(0.8958333333333334, 0.9791666666666666)",2,94.84583333333342,39918
"(0.9125, 0.9875)",1,94.84583333333327,39919
"(0.945, 0.9525)",2,94.84500000000004,39921
"(0.9225, 0.95)",3,94.84500000000004,39924
"(0.8775, 0.945)",1,94.84499999999994,39925
"(0.7875, 0.96)",3,94.84499999999989,39928
"(0.9392857142857144, 0.95)",1,94.84285714285728,39929
"(0.8464285714285714, 0.95)",1,94.84285714285724,39930
"(0.9428571428571428, 0.9571428571428572)",1,94.84285714285718,39931
"(0.9214285714285714, 0.95)",1,94.84285714285716,39932
"(0.9142857142857144, 0.9464285714285714)",1,94.84285714285716,39933
"(0.9464285714285714, 0.9678571428571427)",1,94.84285714285716,39934
"(0.9678571428571427, 0.9678571428571427)",1,94.84285714285714,39935
"(0.9678571428571427, 0.9642857142857144)",1,94.84285714285711,39936
"(0.9535714285714286, 0.9678571428571427)",1,94.84285714285708,39937
"(0.8125, 0.9475)",1,94.84250000000009,39938
"(0.8675, 0.955)",1,94.84249999999996,39939
"(0.7324561403508771, 0.9692982456140352)",4,94.84210526315805,39943
"(0.912280701754386, 0.9692982456140352)",1,94.84210526315802,39944
"(0.7149122807017544, 0.9692982456140352)",1,94.842105263158,39945
"(0.9166666666666666, 0.9736842105263158)",1,94.84210526315796,39946
"(0.8289473684210527, 0.9692982456140352)",1,94.84210526315796,39947
"(0.7719298245614035, 0.9692982456140352)",5,94.84210526315792,39952
"(0.868421052631579, 0.9649122807017544)",1,94.84210526315792,39953
"(0.868421052631579, 0.9649122807017544)",1,94.8421052631579,39954
"(0.9078947368421052, 0.9649122807017544)",1,94.84210526315788,39955
"(0.8157894736842105, 0.9649122807017544)",1,94.84210526315788,39956
"(0.9375, 0.9958333333333332)",1,94.8416666666666,39957
"(0.77, 0.9575)",2,94.84000000000012,39959
"(0.8225, 0.95)",1,94.84000000000012,39960
"(0.86, 0.955)",3,94.84000000000002,39963
"(0.95, 0.9464285714285714)",1,94.83928571428577,39964
"(0.8285714285714286, 0.9571428571428572)",1,94.83928571428574,39965
"(0.9142857142857144, 0.9571428571428572)",1,94.83928571428572,39966
"(0.9321428571428572, 0.9714285714285714)",1,94.8392857142857,39967
"(0.9607142857142856, 0.9357142857142856)",1,94.83928571428568,39968
"(0.9392857142857144, 0.9571428571428572)",1,94.83928571428568,39969
"(0.8678571428571429, 0.9571428571428572)",3,94.83928571428564,39972
"(0.9285714285714286, 0.9571428571428572)",1,94.83928571428564,39973
"(0.7469594594594594, 0.975)",2,94.83783783783775,39975
"(0.7368421052631579, 0.9780701754385964)",3,94.83771929824567,39978
"(0.6973684210526315, 0.956140350877193)",3,94.83771929824566,39981
"(0.8333333333333334, 0.9517543859649122)",3,94.83771929824566,39984
"(0.7631578947368421, 0.956140350877193)",3,94.83771929824564,39987
"(0.8026315789473685, 0.9736842105263158)",2,94.83771929824564,39989
"(0.8114035087719298, 0.9649122807017544)",1,94.83771929824564,39990
"(0.4298245614035088, 0.9736842105263158)",1,94.83771929824564,39991
"(0.7587719298245614, 0.9649122807017544)",1,94.83771929824562,39992
"(0.8377192982456141, 0.9649122807017544)",1,94.8377192982456,39993
"(0.8728070175438597, 0.9649122807017544)",3,94.8377192982456,39996
"(0.8875, 0.9625)",1,94.8375000000001,39997
"(0.85, 0.9375)",1,94.8375000000001,39998
"(0.77, 0.9575)",6,94.83749999999996,40004
"(0.915, 0.955)",1,94.83749999999996,40005
"(0.885, 0.95)",1,94.83749999999988,40006
"(0.9, 0.975)",1,94.83749999999984,40007
"(0.8023255813953488, 0.9767441860465116)",1,94.8372093023257,40008
"(0.8255813953488372, 0.9767441860465116)",1,94.8372093023257,40009
"(0.7325581395348837, 0.9883720930232558)",1,94.83720930232556,40010
"(0.7325581395348837, 0.9767441860465116)",1,94.83720930232556,40011
"(0.5930232558139535, 0.9767441860465116)",1,94.83720930232552,40012
"(0.8604651162790697, 0.9651162790697676)",1,94.83720930232552,40013
"(0.4418604651162791, 0.9534883720930232)",1,94.83720930232548,40014
"(0.8837209302325582, 0.9534883720930232)",1,94.83720930232542,40015
"(0.8607142857142858, 0.9607142857142856)",4,94.83571428571445,40019
"(0.8535714285714285, 0.9607142857142856)",1,94.83571428571436,40020
"(0.9464285714285714, 0.9285714285714286)",2,94.83571428571427,40022
"(0.9535714285714286, 0.9535714285714286)",1,94.83571428571427,40023
"(0.95, 0.9535714285714286)",1,94.83571428571425,40024
"(0.9428571428571428, 0.9607142857142856)",1,94.83571428571425,40025
"(0.8964285714285715, 0.9464285714285714)",1,94.83571428571416,40026
"(0.9175, 0.95)",3,94.83500000000006,40029
"(0.9125, 0.9575)",2,94.83500000000004,40031
"(0.915, 0.9475)",1,94.83500000000004,40032
"(0.8575, 0.955)",1,94.83499999999997,40033
"(0.6375, 0.955)",1,94.8349999999999,40034
"(0.5476351351351352, 0.9743243243243244)",4,94.83412162162166,40038
"(0.7638513513513514, 0.970945945945946)",1,94.8341216216216,40039
"(0.902027027027027, 0.9685810810810812)",1,94.83378378378376,40040
"(0.8810810810810811, 0.9702702702702702)",4,94.83344594594598,40044
"(0.875, 0.9722222222222222)",1,94.83333333333351,40045
"(0.75, 0.9722222222222222)",1,94.8333333333335,40046
"(0.8333333333333334, 0.9861111111111112)",1,94.83333333333348,40047
"(0.7638888888888888, 0.9861111111111112)",1,94.83333333333346,40048
"(0.8888888888888888, 0.9861111111111112)",1,94.83333333333346,40049
"(0.8166666666666667, 0.9833333333333332)",1,94.83333333333344,40050
"(0.9166666666666666, 0.9833333333333332)",1,94.83333333333344,40051
"(0.868421052631579, 0.9692982456140352)",1,94.8333333333334,40052
"(0.9027777777777778, 1.0)",1,94.8333333333334,40053
"(0.9833333333333332, 0.9833333333333332)",1,94.8333333333334,40054
"(0.8201754385964912, 0.9692982456140352)",1,94.8333333333334,40055
"(0.8472222222222222, 0.9722222222222222)",1,94.8333333333334,40056
"(0.8833333333333333, 1.0)",1,94.83333333333336,40057
"(0.9861111111111112, 0.9722222222222222)",1,94.83333333333336,40058
"(0.9833333333333332, 1.0)",1,94.83333333333334,40059
"(0.8201754385964912, 0.9385964912280702)",3,94.83333333333334,40062
"(0.6833333333333333, 1.0)",1,94.83333333333334,40063
"(0.9333333333333332, 1.0)",1,94.83333333333334,40064
"(0.8728070175438597, 0.9692982456140352)",3,94.83333333333331,40067
"(0.7777777777777778, 1.0)",2,94.83333333333331,40069
"(0.9166666666666666, 0.956140350877193)",2,94.83333333333331,40071
"(0.881578947368421, 0.9736842105263158)",2,94.8333333333333,40073
"(0.5408783783783784, 0.9679054054054054)",1,94.8331081081081,40074
"(0.8, 0.9475)",1,94.8325000000001,40075
"(0.8525, 0.9425)",1,94.83250000000004,40076
"(0.915, 0.9475)",1,94.83250000000002,40077
"(0.8142857142857143, 0.9535714285714286)",1,94.83214285714293,40078
"(0.9107142857142856, 0.9535714285714286)",2,94.8321428571429,40080
"(0.9178571428571428, 0.95)",1,94.83214285714278,40081
"(0.9285714285714286, 0.9607142857142856)",1,94.83214285714278,40082
"(0.8964285714285715, 0.9535714285714286)",1,94.83214285714271,40083
"(0.9321428571428572, 0.9535714285714286)",1,94.83214285714271,40084
"(0.875, 0.9535714285714286)",1,94.83214285714266,40085
"(0.9535714285714286, 0.9535714285714286)",3,94.83214285714264,40088
"(0.4443181818181818, 0.9984848484848484)",3,94.82954545454548,40091
"(0.8333333333333334, 0.9692982456140352)",4,94.8289473684212,40095
"(0.7105263157894737, 0.9605263157894736)",1,94.82894736842115,40096
"(0.7149122807017544, 0.9605263157894736)",1,94.82894736842114,40097
"(0.7719298245614035, 0.9692982456140352)",1,94.82894736842113,40098
"(0.7192982456140351, 0.9692982456140352)",2,94.82894736842113,40100
"(0.8245614035087719, 0.9649122807017544)",1,94.8289473684211,40101
"(0.868421052631579, 0.9649122807017544)",1,94.8289473684211,40102
"(0.6885964912280702, 0.956140350877193)",1,94.82894736842108,40103
"(0.8552631578947368, 0.9517543859649122)",1,94.82894736842108,40104
"(0.7192982456140351, 0.9736842105263158)",1,94.82894736842108,40105
"(0.8552631578947368, 0.9736842105263158)",1,94.82894736842104,40106
"(0.8142857142857143, 0.9607142857142856)",2,94.82857142857156,40108
"(0.9285714285714286, 0.9714285714285714)",1,94.82857142857144,40109
"(0.9571428571428572, 0.9571428571428572)",1,94.82857142857142,40110
"(0.8678571428571429, 0.9607142857142856)",1,94.82857142857142,40111
"(0.9428571428571428, 0.9642857142857144)",1,94.8285714285714,40112
"(0.9571428571428572, 0.9535714285714286)",1,94.8285714285714,40113
"(0.8678571428571429, 0.9464285714285714)",1,94.82857142857137,40114
"(0.9642857142857144, 0.975)",1,94.82857142857137,40115
"(0.9142857142857144, 0.9535714285714286)",1,94.82857142857137,40116
"(0.8892857142857142, 0.9571428571428572)",1,94.82857142857124,40117
"(0.8928571428571429, 0.9535714285714286)",4,94.82857142857122,40121
"(0.4340909090909091, 0.9962121212121212)",3,94.82765151515156,40124
"(0.9525, 0.9475)",2,94.82750000000009,40126
"(0.895, 0.9525)",3,94.82750000000006,40129
"(0.9225, 0.955)",1,94.8275,40130
"(0.93, 0.9575)",1,94.82749999999992,40131
"(0.6511627906976745, 0.9767441860465116)",1,94.82558139534902,40132
"(0.872093023255814, 0.9883720930232558)",1,94.82558139534892,40133
"(0.5348837209302325, 0.9767441860465116)",1,94.82558139534892,40134
"(0.8837209302325582, 1.0)",1,94.8255813953489,40135
"(0.9302325581395348, 0.9651162790697676)",1,94.82558139534883,40136
"(0.7558139534883721, 0.9534883720930232)",1,94.8255813953488,40137
"(0.7790697674418605, 0.9651162790697676)",1,94.82558139534876,40138
"(0.8837209302325582, 0.9534883720930232)",1,94.82558139534872,40139
"(0.872093023255814, 0.9651162790697676)",1,94.82558139534872,40140
"(0.813953488372093, 0.9651162790697676)",1,94.8255813953487,40141
"(0.8604651162790697, 0.9651162790697676)",1,94.82558139534868,40142
"(0.8488372093023255, 0.9534883720930232)",1,94.82558139534866,40143
"(0.9302325581395348, 0.9651162790697676)",1,94.82558139534866,40144
"(0.7325581395348837, 0.9651162790697676)",1,94.82558139534864,40145
"(0.8372093023255814, 0.9534883720930232)",1,94.82558139534862,40146
"(0.9069767441860463, 0.9534883720930232)",1,94.82558139534862,40147
"(0.9186046511627908, 0.9534883720930232)",1,94.82558139534856,40148
"(0.85, 0.95)",1,94.8250000000002,40149
"(0.8375, 0.975)",1,94.82500000000012,40150
"(0.8875, 0.95)",1,94.82500000000012,40151
"(0.875, 0.95)",1,94.8250000000001,40152
"(0.925, 0.9607142857142856)",2,94.8250000000001,40154
"(0.85, 0.9625)",2,94.82500000000007,40156
"(0.825, 0.95)",1,94.82500000000006,40157
"(0.93, 0.9525)",3,94.82500000000005,40160
"(0.8928571428571429, 0.9571428571428572)",1,94.82500000000005,40161
"(0.8535714285714285, 0.9607142857142856)",1,94.82500000000002,40162
"(0.9, 0.975)",1,94.82500000000002,40163
"(0.9625, 0.975)",1,94.825,40164
"(0.9666666666666668, 0.9583333333333334)",2,94.825,40166
"(0.9607142857142856, 0.9642857142857144)",1,94.825,40167
"(0.9535714285714286, 0.9607142857142856)",3,94.82499999999996,40170
"(0.9571428571428572, 0.975)",1,94.82499999999996,40171
"(0.945, 0.955)",4,94.82499999999996,40175
"(0.9107142857142856, 0.9714285714285714)",1,94.82499999999996,40176
"(0.8375, 0.975)",1,94.82499999999996,40177
"(0.9714285714285714, 0.95)",1,94.82499999999996,40178
"(0.8916666666666667, 0.9708333333333332)",1,94.82499999999992,40179
"(0.8625, 0.975)",1,94.8249999999999,40180
"(0.95, 0.96)",4,94.82499999999987,40184
"(0.8928571428571429, 0.9535714285714286)",1,94.82499999999986,40185
"(0.8392857142857143, 0.9428571428571428)",1,94.82499999999986,40186
"(0.925, 0.975)",1,94.82499999999985,40187
"(0.9, 0.9535714285714286)",1,94.82499999999982,40188
"(0.6375, 0.996969696969697)",1,94.82462121212126,40189
"(0.706140350877193, 0.9649122807017544)",1,94.82456140350884,40190
"(0.8903508771929824, 0.9692982456140352)",1,94.8245614035088,40191
"(0.8245614035087719, 0.9605263157894736)",1,94.8245614035088,40192
"(0.9078947368421052, 0.9649122807017544)",1,94.82456140350877,40193
"(0.8941176470588236, 0.9647058823529412)",1,94.82352941176458,40194
"(0.8625, 0.9625)",1,94.82250000000012,40195
"(0.8375, 0.9575)",1,94.82249999999998,40196
"(0.8810810810810811, 0.964527027027027)",1,94.82162162162166,40197
"(0.8571428571428571, 0.9535714285714286)",1,94.82142857142864,40198
"(0.9107142857142856, 0.95)",1,94.8214285714286,40199
"(0.9535714285714286, 0.9428571428571428)",1,94.8214285714286,40200
"(0.9214285714285714, 0.95)",1,94.82142857142858,40201
"(0.9285714285714286, 0.9678571428571427)",1,94.82142857142858,40202
"(0.9464285714285714, 0.9535714285714286)",1,94.82142857142856,40203
"(0.9214285714285714, 0.9607142857142856)",2,94.82142857142856,40205
"(0.925, 0.9678571428571427)",1,94.82142857142853,40206
"(0.9321428571428572, 0.9571428571428572)",1,94.8214285714284,40207
"(0.9875, 0.9333333333333332)",1,94.82083333333333,40208
"(0.9375, 0.9625)",1,94.82083333333333,40209
"(0.9791666666666666, 0.9958333333333332)",1,94.82083333333328,40210
"(0.9708333333333332, 0.9958333333333332)",4,94.82083333333324,40214
"(0.8712837837837838, 0.9716216216216216)",2,94.82060810810812,40216
"(0.8421052631578947, 0.9692982456140352)",1,94.82017543859654,40217
"(0.7412280701754386, 0.9605263157894736)",1,94.82017543859654,40218
"(0.8201754385964912, 0.9780701754385964)",1,94.82017543859652,40219
"(0.8552631578947368, 0.956140350877193)",1,94.82017543859652,40220
"(0.8596491228070176, 0.956140350877193)",2,94.82017543859652,40222
"(0.8859649122807017, 0.9692982456140352)",1,94.8201754385965,40223
"(0.9035087719298246, 0.9473684210526316)",3,94.82017543859646,40226
"(0.52125, 0.965)",1,94.82000000000016,40227
"(0.9275, 0.955)",3,94.82,40230
"(0.9025, 0.9575)",3,94.81999999999998,40233
"(0.9475, 0.955)",1,94.81999999999994,40234
"(0.8025, 0.955)",1,94.81999999999992,40235
"(0.8125, 0.96)",1,94.81999999999992,40236
"(0.8575, 0.96)",2,94.81999999999992,40238
"(0.6925, 0.9575)",1,94.81999999999988,40239
"(0.4053030303030303, 0.9973484848484848)",3,94.81969696969702,40242
"(0.6881756756756757, 0.9736486486486486)",2,94.81959459459458,40244
"(0.8888888888888888, 0.9722222222222222)",1,94.81944444444466,40245
"(0.8194444444444444, 0.9861111111111112)",1,94.81944444444464,40246
"(0.9444444444444444, 0.9861111111111112)",1,94.8194444444446,40247
"(0.75, 0.9861111111111112)",1,94.8194444444446,40248
"(0.8611111111111112, 0.9722222222222222)",1,94.81944444444458,40249
"(0.8472222222222222, 0.9861111111111112)",1,94.81944444444458,40250
"(0.8055555555555556, 0.9861111111111112)",1,94.81944444444458,40251
"(0.8888888888888888, 0.9861111111111112)",1,94.81944444444458,40252
"(0.875, 0.9861111111111112)",1,94.81944444444456,40253
"(0.6944444444444444, 0.9861111111111112)",1,94.81944444444456,40254
"(0.9027777777777778, 0.9861111111111112)",1,94.81944444444456,40255
"(0.875, 0.9861111111111112)",2,94.81944444444456,40257
"(0.8472222222222222, 0.9722222222222222)",2,94.81944444444456,40259
"(0.7916666666666666, 0.9722222222222222)",1,94.81944444444454,40260
"(0.8194444444444444, 0.9722222222222222)",1,94.81944444444451,40261
"(0.8472222222222222, 0.9861111111111112)",1,94.81944444444451,40262
"(0.7222222222222222, 1.0)",1,94.81944444444451,40263
"(0.9305555555555556, 1.0)",1,94.8194444444445,40264
"(0.8472222222222222, 0.9722222222222222)",2,94.8194444444445,40266
"(0.8888888888888888, 0.9861111111111112)",2,94.81944444444449,40268
"(0.6944444444444444, 0.9722222222222222)",1,94.81944444444446,40269
"(0.75, 1.0)",2,94.81944444444444,40271
"(0.8472222222222222, 0.9444444444444444)",1,94.8194444444444,40272
"(0.8662162162162163, 0.9702702702702702)",1,94.81925675675676,40273
"(0.5375, 0.9725)",1,94.81874999999992,40274
"(0.9428571428571428, 0.95)",1,94.8178571428572,40275
"(0.9535714285714286, 0.95)",1,94.81785714285712,40276
"(0.9535714285714286, 0.9642857142857144)",1,94.81785714285712,40277
"(0.8928571428571429, 0.9678571428571427)",1,94.8178571428571,40278
"(0.8964285714285715, 0.9464285714285714)",1,94.8178571428571,40279
"(0.95, 0.9785714285714284)",3,94.81785714285706,40282
"(0.9214285714285714, 0.9535714285714286)",1,94.817857142857,40283
"(0.543939393939394, 0.996969696969697)",3,94.81780303030308,40286
"(0.88, 0.955)",1,94.81750000000017,40287
"(0.9175, 0.9525)",1,94.81750000000004,40288
"(0.9575, 0.945)",1,94.81749999999992,40289
"(0.935, 0.9575)",1,94.81749999999992,40290
"(0.8108108108108109, 0.9706081081081082)",4,94.81689189189188,40294
"(0.9666666666666668, 0.9833333333333332)",1,94.81666666666676,40295
"(0.7, 1.0)",1,94.81666666666668,40296
"(0.9333333333333332, 1.0)",1,94.81666666666666,40297
"(0.9791666666666666, 0.9833333333333332)",4,94.81666666666663,40301
"(0.85, 1.0)",1,94.81666666666663,40302
"(0.9875, 0.9875)",2,94.81666666666663,40304
"(0.9791666666666666, 0.9875)",2,94.81666666666662,40306
"(0.4359848484848485, 0.999621212121212)",3,94.81628787878796,40309
"(0.5657894736842105, 0.9605263157894736)",1,94.81578947368428,40310
"(0.7631578947368421, 0.9649122807017544)",1,94.81578947368426,40311
"(0.6228070175438597, 0.9736842105263158)",1,94.81578947368423,40312
"(0.5964912280701754, 0.9649122807017544)",1,94.81578947368423,40313
"(0.75, 0.9692982456140352)",3,94.81578947368423,40316
"(0.7412280701754386, 0.956140350877193)",3,94.81578947368422,40319
"(0.8201754385964912, 0.9692982456140352)",1,94.8157894736842,40320
"(0.8464912280701754, 0.9605263157894736)",1,94.8157894736842,40321
"(0.8289473684210527, 0.9649122807017544)",1,94.81578947368416,40322
"(0.9525, 0.955)",1,94.81500000000004,40323
"(0.845, 0.9575)",2,94.815,40325
"(0.8675, 0.955)",1,94.81499999999993,40326
"(0.9175, 0.96)",3,94.8149999999999,40329
"(0.925, 0.9607142857142856)",1,94.81428571428587,40330
"(0.9321428571428572, 0.9535714285714286)",1,94.81428571428576,40331
"(0.9642857142857144, 0.9464285714285714)",1,94.81428571428572,40332
"(0.9107142857142856, 0.9607142857142856)",1,94.81428571428572,40333
"(0.8821428571428571, 0.9428571428571428)",1,94.8142857142857,40334
"(0.8928571428571429, 0.95)",1,94.8142857142856,40335
"(0.8964285714285715, 0.9535714285714286)",1,94.81428571428552,40336
"(0.7906976744186046, 0.9767441860465116)",1,94.81395348837223,40337
"(0.7674418604651163, 0.9883720930232558)",1,94.8139534883722,40338
"(0.8255813953488372, 0.9767441860465116)",1,94.81395348837204,40339
"(0.7906976744186046, 0.9767441860465116)",1,94.81395348837202,40340
"(0.7790697674418605, 0.9534883720930232)",1,94.813953488372,40341
"(0.8953488372093024, 0.9534883720930232)",1,94.81395348837196,40342
"(0.813953488372093, 0.9651162790697676)",1,94.81395348837194,40343
"(0.7906976744186046, 0.9651162790697676)",1,94.81395348837192,40344
"(0.7325581395348837, 0.9651162790697676)",1,94.81395348837192,40345
"(0.8604651162790697, 0.9651162790697676)",1,94.81395348837192,40346
"(0.8023255813953488, 0.9534883720930232)",1,94.8139534883719,40347
"(0.5348837209302325, 0.9651162790697676)",1,94.81395348837188,40348
"(0.9767441860465116, 0.9651162790697676)",2,94.81395348837188,40350
"(0.9375, 0.95)",2,94.81250000000016,40352
"(0.8125, 0.95)",1,94.81250000000016,40353
"(0.9625, 0.9625)",1,94.81250000000016,40354
"(0.9125, 0.95)",1,94.81250000000011,40355
"(0.8125, 0.95)",1,94.81250000000011,40356
"(0.925, 0.975)",1,94.81250000000009,40357
"(0.725, 0.975)",1,94.81250000000006,40358
"(0.955, 0.9525)",1,94.81250000000006,40359
"(0.9, 0.975)",1,94.81250000000004,40360
"(0.8, 0.9375)",1,94.8125,40361
"(0.9916666666666668, 0.9625)",1,94.8125,40362
"(0.95, 0.975)",1,94.8125,40363
"(0.8875, 0.975)",1,94.8125,40364
"(0.9375, 0.975)",1,94.8125,40365
"(0.67125, 0.99375)",1,94.81249999999996,40366
"(0.9375, 0.975)",2,94.81249999999996,40368
"(0.9125, 0.975)",1,94.81249999999991,40369
"(0.9708333333333332, 0.9958333333333332)",4,94.81249999999991,40373
"(0.95, 0.945)",1,94.81249999999991,40374
"(0.8875, 0.95)",1,94.8124999999999,40375
"(0.6625, 0.9625)",1,94.81249999999989,40376
"(0.875, 0.975)",1,94.81249999999986,40377
"(0.9, 0.975)",1,94.81249999999984,40378
"(0.775, 0.975)",1,94.81249999999972,40379
"(0.8771929824561403, 0.9517543859649122)",1,94.811403508772,40380
"(0.7719298245614035, 0.9736842105263158)",1,94.81140350877196,40381
"(0.6929824561403509, 0.9692982456140352)",1,94.81140350877196,40382
"(0.4517543859649123, 0.9692982456140352)",1,94.81140350877196,40383
"(0.6885964912280702, 0.9517543859649122)",1,94.81140350877196,40384
"(0.5877192982456141, 0.9385964912280702)",3,94.81140350877196,40387
"(0.868421052631579, 0.9780701754385964)",1,94.81140350877196,40388
"(0.8892857142857142, 0.95)",1,94.81071428571448,40389
"(0.95, 0.9571428571428572)",2,94.81071428571433,40391
"(0.9535714285714286, 0.95)",1,94.8107142857143,40392
"(0.8678571428571429, 0.95)",1,94.81071428571428,40393
"(0.9321428571428572, 0.9571428571428572)",1,94.81071428571424,40394
"(0.9575, 0.95)",2,94.8100000000001,40396
"(0.6925, 0.9475)",2,94.8100000000001,40398
"(0.8225, 0.9575)",1,94.80999999999992,40399
"(0.975, 0.9875)",4,94.8083333333334,40403
"(0.9875, 0.9875)",1,94.80833333333337,40404
"(0.9916666666666668, 0.7875)",1,94.80833333333334,40405
"(0.8375, 0.9708333333333332)",2,94.80833333333328,40407
"(0.9525, 0.9425)",1,94.80750000000003,40408
"(0.9475, 0.9525)",1,94.80750000000003,40409
"(0.9525, 0.9425)",1,94.80750000000002,40410
"(0.8325, 0.96)",1,94.80750000000002,40411
"(0.9525, 0.955)",1,94.8075,40412
"(0.8775, 0.955)",1,94.80749999999998,40413
"(0.8025, 0.955)",1,94.80749999999996,40414
"(0.915, 0.9525)",1,94.8074999999999,40415
"(0.9464285714285714, 0.9464285714285714)",1,94.80714285714296,40416
"(0.9142857142857144, 0.95)",1,94.80714285714296,40417
"(0.8928571428571429, 0.9607142857142856)",1,94.80714285714288,40418
"(0.8464285714285714, 0.95)",1,94.80714285714286,40419
"(0.925, 0.9571428571428572)",3,94.80714285714282,40422
"(0.9464285714285714, 0.9571428571428572)",1,94.8071428571428,40423
"(0.9, 0.9571428571428572)",2,94.8071428571428,40425
"(0.8892857142857142, 0.9571428571428572)",1,94.8071428571428,40426
"(0.9571428571428572, 0.975)",1,94.8071428571428,40427
"(0.9428571428571428, 0.9678571428571427)",1,94.80714285714276,40428
"(0.8821428571428571, 0.9535714285714286)",1,94.80714285714274,40429
"(0.9142857142857144, 0.9535714285714286)",1,94.80714285714264,40430
"(0.9078947368421052, 0.9780701754385964)",4,94.8070175438598,40434
"(0.9429824561403508, 0.9517543859649122)",1,94.80701754385974,40435
"(0.8464912280701754, 0.9649122807017544)",1,94.80701754385971,40436
"(0.925438596491228, 0.9736842105263158)",1,94.80701754385969,40437
"(0.7719298245614035, 0.9736842105263158)",1,94.80701754385969,40438
"(0.543859649122807, 0.9517543859649122)",2,94.80701754385969,40440
"(0.8377192982456141, 0.956140350877193)",1,94.80701754385969,40441
"(0.8728070175438597, 0.956140350877193)",1,94.80701754385966,40442
"(0.8722972972972973, 0.9722972972972972)",1,94.8067567567568,40443
"(0.8952702702702703, 0.9682432432432432)",4,94.80641891891892,40447
"(0.63, 0.9675)",1,94.80625000000006,40448
"(0.8611111111111112, 0.9722222222222222)",1,94.80555555555576,40449
"(0.5555555555555556, 0.9861111111111112)",1,94.80555555555574,40450
"(0.8333333333333334, 0.9861111111111112)",2,94.80555555555571,40452
"(0.9027777777777778, 0.9861111111111112)",2,94.8055555555557,40454
"(0.9305555555555556, 0.9861111111111112)",1,94.80555555555569,40455
"(0.8611111111111112, 0.9722222222222222)",2,94.80555555555566,40457
"(0.7916666666666666, 0.9861111111111112)",1,94.80555555555564,40458
"(0.8611111111111112, 0.9861111111111112)",1,94.80555555555564,40459
"(0.8333333333333334, 0.9861111111111112)",1,94.8055555555556,40460
"(0.8888888888888888, 0.9861111111111112)",1,94.8055555555556,40461
"(0.8472222222222222, 1.0)",1,94.80555555555554,40462
"(0.8194444444444444, 0.9722222222222222)",1,94.80555555555554,40463
"(0.8425, 0.9525)",1,94.8050000000001,40464
"(0.9275, 0.95)",2,94.80500000000006,40466
"(0.2975, 0.96)",1,94.80499999999988,40467
"(0.8402027027027027, 0.972972972972973)",2,94.80439189189184,40469
"(0.9875, 0.9958333333333332)",4,94.8041666666665,40473
"(0.9428571428571428, 0.9285714285714286)",2,94.80357142857146,40475
"(0.8928571428571429, 0.9571428571428572)",1,94.80357142857142,40476
"(0.9142857142857144, 0.9464285714285714)",1,94.8035714285714,40477
"(0.5964285714285714, 0.9642857142857144)",3,94.8035714285714,40480
"(0.875, 0.9607142857142856)",1,94.80357142857136,40481
"(0.8928571428571429, 0.9642857142857144)",1,94.80357142857132,40482
"(0.868421052631579, 0.9605263157894736)",1,94.80263157894748,40483
"(0.6929824561403509, 0.9780701754385964)",1,94.80263157894744,40484
"(0.8728070175438597, 0.9517543859649122)",2,94.8026315789474,40486
"(0.8421052631578947, 0.9605263157894736)",1,94.8026315789474,40487
"(0.8026315789473685, 0.9692982456140352)",3,94.80263157894738,40490
"(0.868421052631579, 0.9736842105263158)",1,94.80263157894736,40491
"(0.885, 0.9525)",1,94.80250000000008,40492
"(0.95, 0.95)",1,94.80250000000004,40493
"(0.935, 0.9525)",1,94.80250000000002,40494
"(0.7441860465116279, 0.9883720930232558)",2,94.80232558139544,40496
"(0.9302325581395348, 0.9651162790697676)",1,94.80232558139537,40497
"(0.6744186046511628, 0.9767441860465116)",1,94.80232558139534,40498
"(0.5116279069767442, 0.9651162790697676)",1,94.80232558139528,40499
"(0.9302325581395348, 0.9534883720930232)",1,94.80232558139528,40500
"(0.9186046511627908, 0.9651162790697676)",1,94.80232558139528,40501
"(0.5116279069767442, 0.9534883720930232)",2,94.8023255813952,40503
"(0.7674418604651163, 0.9651162790697676)",1,94.8023255813952,40504
"(0.5, 0.9534883720930232)",1,94.80232558139518,40505
"(0.5930232558139535, 0.9651162790697676)",1,94.80232558139517,40506
"(0.872093023255814, 0.9651162790697676)",1,94.80232558139512,40507
"(0.8953488372093024, 0.9534883720930232)",2,94.80232558139504,40509
"(0.7283783783783784, 0.9685810810810812)",1,94.80135135135136,40510
"(0.7875, 0.95)",1,94.80000000000015,40511
"(0.9, 0.95)",2,94.80000000000015,40513
"(0.8125, 0.95)",1,94.8000000000001,40514
"(0.9833333333333332, 0.9833333333333332)",1,94.80000000000008,40515
"(0.8333333333333334, 0.9833333333333332)",1,94.80000000000008,40516
"(0.8125, 0.95)",1,94.80000000000008,40517
"(0.9, 0.9833333333333332)",1,94.80000000000008,40518
"(0.775, 0.9875)",1,94.80000000000008,40519
"(0.7166666666666667, 1.0)",1,94.80000000000004,40520
"(0.885, 0.9475)",2,94.80000000000004,40522
"(0.905, 0.945)",1,94.80000000000004,40523
"(0.9666666666666668, 1.0)",1,94.80000000000004,40524
"(0.7333333333333333, 1.0)",1,94.80000000000004,40525
"(0.9642857142857144, 0.975)",1,94.8,40526
"(0.85, 1.0)",1,94.8,40527
"(0.9321428571428572, 0.9642857142857144)",1,94.8,40528
"(0.7166666666666667, 1.0)",1,94.8,40529
"(0.85, 0.975)",1,94.8,40530
"(0.9321428571428572, 0.9642857142857144)",1,94.79999999999998,40531
"(0.9535714285714286, 0.9535714285714286)",1,94.79999999999995,40532
"(0.7225, 0.9475)",1,94.79999999999995,40533
"(0.9035714285714286, 0.9535714285714286)",1,94.79999999999995,40534
"(0.8892857142857142, 0.9571428571428572)",3,94.79999999999995,40537
"(0.9333333333333332, 1.0)",1,94.79999999999995,40538
"(0.925, 0.9875)",1,94.79999999999994,40539
"(0.9833333333333332, 0.9958333333333332)",1,94.79999999999993,40540
"(0.96, 0.945)",1,94.7999999999999,40541
"(0.8263513513513514, 0.972972972972973)",2,94.79966216216216,40543
"(0.44125, 0.97125)",1,94.79874999999991,40544
"(0.9429824561403508, 0.9692982456140352)",4,94.79824561403524,40548
"(0.6929824561403509, 0.9692982456140352)",1,94.79824561403515,40549
"(0.7236842105263158, 0.9692982456140352)",3,94.79824561403514,40552
"(0.8070175438596491, 0.9692982456140352)",1,94.79824561403514,40553
"(0.8728070175438597, 0.956140350877193)",3,94.79824561403512,40556
"(0.9078947368421052, 0.9605263157894736)",1,94.79824561403512,40557
"(0.9429824561403508, 0.9517543859649122)",1,94.79824561403512,40558
"(0.8728070175438597, 0.9649122807017544)",1,94.79824561403512,40559
"(0.868421052631579, 0.9473684210526316)",3,94.79824561403512,40562
"(0.8728070175438597, 0.956140350877193)",1,94.79824561403512,40563
"(0.8289473684210527, 0.9692982456140352)",1,94.79824561403508,40564
"(0.8, 0.95)",1,94.79750000000011,40565
"(0.9575, 0.9575)",1,94.7975,40566
"(0.6847972972972973, 0.975)",2,94.79662162162164,40568
"(0.9107142857142856, 0.9607142857142856)",1,94.79642857142866,40569
"(0.9428571428571428, 0.9607142857142856)",1,94.79642857142858,40570
"(0.9428571428571428, 0.9535714285714286)",1,94.79642857142856,40571
"(0.875, 0.9642857142857144)",1,94.79642857142856,40572
"(0.9571428571428572, 0.9607142857142856)",1,94.79642857142856,40573
"(0.9107142857142856, 0.9535714285714286)",1,94.79642857142854,40574
"(0.9357142857142856, 0.9607142857142856)",1,94.79642857142852,40575
"(0.793918918918919, 0.9699324324324324)",1,94.7962837837838,40576
"(0.8125, 0.95)",1,94.79500000000012,40577
"(0.8461538461538461, 0.9871794871794872)",1,94.79487179487182,40578
"(0.8552631578947368, 0.9605263157894736)",1,94.79385964912288,40579
"(0.8026315789473685, 0.9692982456140352)",1,94.79385964912284,40580
"(0.8114035087719298, 0.9692982456140352)",1,94.7938596491228,40581
"(0.8552631578947368, 0.9473684210526316)",3,94.7938596491228,40584
"(0.8289473684210527, 0.9649122807017544)",3,94.79385964912277,40587
"(0.925, 0.9571428571428572)",1,94.79285714285714,40588
"(0.8964285714285715, 0.9607142857142856)",3,94.79285714285712,40591
"(0.8678571428571429, 0.9535714285714286)",1,94.79285714285712,40592
"(0.9607142857142856, 0.9607142857142856)",1,94.79285714285712,40593
"(0.8607142857142858, 0.9571428571428572)",1,94.79285714285707,40594
"(0.9178571428571428, 0.9607142857142856)",2,94.79285714285707,40596
"(0.9321428571428572, 0.9571428571428572)",2,94.79285714285707,40598
"(0.9714285714285714, 0.9535714285714286)",1,94.79285714285706,40599
"(0.9142857142857144, 0.9535714285714286)",1,94.79285714285696,40600
"(0.8225, 0.95)",1,94.79250000000012,40601
"(0.915, 0.9475)",3,94.79250000000008,40604
"(0.9575, 0.945)",3,94.79250000000008,40607
"(0.785, 0.945)",1,94.79249999999996,40608
"(0.75, 0.96)",1,94.79249999999988,40609
"(0.7638888888888888, 0.9861111111111112)",1,94.79166666666688,40610
"(0.6944444444444444, 0.9861111111111112)",1,94.79166666666684,40611
"(0.5416666666666666, 0.9861111111111112)",1,94.7916666666668,40612
"(0.5, 0.9861111111111112)",1,94.7916666666668,40613
"(0.8194444444444444, 0.9861111111111112)",1,94.7916666666668,40614
"(0.7916666666666666, 0.9861111111111112)",1,94.7916666666668,40615
"(0.8333333333333334, 0.9861111111111112)",1,94.79166666666674,40616
"(0.8333333333333334, 1.0)",1,94.79166666666671,40617
"(0.7916666666666666, 0.9861111111111112)",2,94.79166666666671,40619
"(0.57375, 0.96875)",1,94.79125000000002,40620
"(0.8462837837837838, 0.9601351351351352)",4,94.79121621621624,40624
"(0.847972972972973, 0.9658783783783784)",1,94.79087837837842,40625
"(0.5930232558139535, 0.9767441860465116)",1,94.7906976744187,40626
"(0.7558139534883721, 0.9767441860465116)",1,94.7906976744186,40627
"(0.8023255813953488, 0.9883720930232558)",1,94.79069767441858,40628
"(0.7790697674418605, 0.9767441860465116)",1,94.79069767441858,40629
"(0.6046511627906976, 0.9534883720930232)",1,94.79069767441857,40630
"(0.8372093023255814, 0.9651162790697676)",1,94.79069767441852,40631
"(0.7558139534883721, 0.9534883720930232)",1,94.79069767441844,40632
"(0.813953488372093, 0.9651162790697676)",1,94.79069767441844,40633
"(0.8372093023255814, 0.9651162790697676)",1,94.79069767441844,40634
"(0.7906976744186046, 0.9534883720930232)",1,94.79069767441844,40635
"(0.8488372093023255, 0.9534883720930232)",1,94.79069767441844,40636
"(0.8604651162790697, 0.9534883720930232)",1,94.79069767441844,40637
"(0.872093023255814, 0.9651162790697676)",1,94.79069767441842,40638
"(0.872093023255814, 0.9534883720930232)",1,94.79069767441842,40639
"(0.5116279069767442, 0.9534883720930232)",1,94.79069767441842,40640
"(0.9651162790697676, 0.9651162790697676)",1,94.7906976744184,40641
"(0.872093023255814, 0.9651162790697676)",1,94.79069767441838,40642
"(0.775, 0.9525)",1,94.79000000000008,40643
"(0.9175, 0.9525)",2,94.79000000000002,40645
"(0.855, 0.96)",1,94.78999999999998,40646
"(0.845, 0.9575)",1,94.78999999999998,40647
"(0.7825, 0.9575)",4,94.78999999999992,40651
"(0.8075, 0.955)",1,94.78999999999988,40652
"(0.8289473684210527, 0.9692982456140352)",1,94.78947368421058,40653
"(0.8114035087719298, 0.9649122807017544)",1,94.78947368421058,40654
"(0.8070175438596491, 0.9473684210526316)",2,94.78947368421058,40656
"(0.7587719298245614, 0.9605263157894736)",1,94.78947368421056,40657
"(0.7368421052631579, 0.9517543859649122)",3,94.78947368421056,40660
"(0.8859649122807017, 0.956140350877193)",1,94.78947368421056,40661
"(0.5394736842105263, 0.9736842105263158)",1,94.78947368421056,40662
"(0.868421052631579, 0.956140350877193)",2,94.78947368421056,40664
"(0.8289473684210527, 0.9605263157894736)",6,94.7894736842105,40670
"(0.9464285714285714, 0.9535714285714286)",1,94.78928571428584,40671
"(0.9357142857142856, 0.9392857142857144)",1,94.78928571428575,40672
"(0.9571428571428572, 0.9535714285714286)",1,94.78928571428574,40673
"(0.9428571428571428, 0.9535714285714286)",1,94.78928571428573,40674
"(0.8535714285714285, 0.9535714285714286)",1,94.78928571428568,40675
"(0.9392857142857144, 0.9535714285714286)",1,94.78928571428564,40676
"(0.8392857142857143, 0.95)",1,94.78928571428564,40677
"(0.8678571428571429, 0.9571428571428572)",1,94.78928571428564,40678
"(0.9464285714285714, 0.9571428571428572)",1,94.7892857142856,40679
"(0.5736486486486486, 0.979054054054054)",4,94.7891891891892,40683
"(0.8375, 0.95)",1,94.78750000000018,40684
"(0.9, 0.9625)",1,94.78750000000016,40685
"(0.8125, 0.975)",1,94.78750000000016,40686
"(0.9475, 0.95)",1,94.78750000000012,40687
"(0.6625, 0.975)",1,94.78750000000004,40688
"(0.955, 0.95)",3,94.78750000000004,40691
"(0.8525, 0.9625)",2,94.78749999999988,40693
"(0.4079545454545454, 0.996969696969697)",3,94.78674242424243,40696
"(0.8885135135135135, 0.9702702702702702)",4,94.7864864864865,40700
"(0.9037162162162162, 0.9712837837837838)",2,94.78614864864876,40702
"(0.95, 0.9607142857142856)",3,94.78571428571448,40705
"(0.95, 0.9571428571428572)",1,94.78571428571428,40706
"(0.9607142857142856, 0.9571428571428572)",1,94.78571428571428,40707
"(0.8392857142857143, 0.9678571428571427)",1,94.78571428571426,40708
"(0.4285714285714285, 0.9642857142857144)",1,94.78571428571423,40709
"(0.9392857142857144, 0.9428571428571428)",1,94.78571428571423,40710
"(0.9285714285714286, 0.9571428571428572)",1,94.78571428571422,40711
"(0.9107142857142856, 0.9464285714285714)",1,94.7857142857142,40712
"(0.9321428571428572, 0.9535714285714286)",1,94.78571428571418,40713
"(0.9142857142857144, 0.9535714285714286)",1,94.78571428571408,40714
"(0.8289473684210527, 0.9780701754385964)",2,94.78508771929828,40716
"(0.8640350877192983, 0.9736842105263158)",1,94.78508771929828,40717
"(0.8201754385964912, 0.9605263157894736)",1,94.78508771929828,40718
"(0.7719298245614035, 0.9692982456140352)",1,94.78508771929828,40719
"(0.8377192982456141, 0.9429824561403508)",2,94.78508771929828,40721
"(0.4561403508771929, 0.9736842105263158)",1,94.78508771929828,40722
"(0.8464912280701754, 0.9649122807017544)",3,94.78508771929828,40725
"(0.4429824561403508, 0.9736842105263158)",1,94.78508771929825,40726
"(0.868421052631579, 0.9649122807017544)",1,94.78508771929822,40727
"(0.83, 0.9525)",1,94.78500000000004,40728
"(0.57, 0.9325)",1,94.78499999999995,40729
"(0.8081081081081081, 0.9625)",1,94.7847972972973,40730
"(0.85, 1.0)",1,94.78333333333332,40731
"(0.8, 1.0)",1,94.78333333333332,40732
"(0.9833333333333332, 1.0)",1,94.78333333333332,40733
"(0.9166666666666666, 1.0)",1,94.78333333333332,40734
"(0.9225, 0.9625)",1,94.7825,40735
"(0.8025, 0.96)",1,94.78249999999991,40736
"(0.8821428571428571, 0.9392857142857144)",1,94.78214285714294,40737
"(0.8964285714285715, 0.9535714285714286)",1,94.78214285714294,40738
"(0.875, 0.9607142857142856)",2,94.78214285714289,40740
"(0.9392857142857144, 0.9571428571428572)",1,94.78214285714289,40741
"(0.9535714285714286, 0.9428571428571428)",1,94.78214285714284,40742
"(0.9321428571428572, 0.9535714285714286)",2,94.78214285714276,40744
"(0.9607142857142856, 0.9678571428571427)",1,94.78214285714276,40745
"(0.95, 0.9571428571428572)",1,94.78214285714274,40746
"(0.8157894736842105, 0.9692982456140352)",3,94.78070175438611,40749
"(0.7894736842105263, 0.9605263157894736)",3,94.78070175438602,40752
"(0.8640350877192983, 0.9692982456140352)",3,94.780701754386,40755
"(0.8903508771929824, 0.9736842105263158)",2,94.780701754386,40757
"(0.8289473684210527, 0.9473684210526316)",1,94.780701754386,40758
"(0.881578947368421, 0.9517543859649122)",2,94.780701754386,40760
"(0.8245614035087719, 0.9736842105263158)",1,94.78070175438596,40761
"(0.8903508771929824, 0.9473684210526316)",1,94.78070175438596,40762
"(0.8771929824561403, 0.9649122807017544)",1,94.78070175438596,40763
"(0.8596491228070176, 0.956140350877193)",1,94.78070175438594,40764
"(0.7875, 0.9625)",1,94.78000000000011,40765
"(0.9375, 0.9525)",1,94.78000000000009,40766
"(0.96, 0.9475)",3,94.78000000000006,40769
"(0.955, 0.9375)",1,94.77999999999996,40770
"(0.9025, 0.955)",1,94.77999999999992,40771
"(0.734469696969697, 0.9992424242424244)",1,94.77992424242429,40772
"(0.9, 0.9916666666666668)",1,94.77916666666664,40773
"(0.9583333333333334, 0.975)",1,94.77916666666664,40774
"(0.9651162790697676, 0.9767441860465116)",1,94.779069767442,40775
"(0.872093023255814, 0.9534883720930232)",2,94.77906976744195,40777
"(0.6046511627906976, 0.9767441860465116)",1,94.77906976744195,40778
"(0.8255813953488372, 1.0)",2,94.77906976744194,40780
"(0.6162790697674418, 0.9883720930232558)",1,94.77906976744192,40781
"(0.7906976744186046, 1.0)",1,94.77906976744192,40782
"(0.627906976744186, 0.9767441860465116)",1,94.77906976744188,40783
"(0.7906976744186046, 0.9767441860465116)",1,94.77906976744188,40784
"(0.7093023255813954, 0.9767441860465116)",1,94.77906976744188,40785
"(0.872093023255814, 0.9651162790697676)",1,94.77906976744188,40786
"(0.8604651162790697, 0.9883720930232558)",1,94.77906976744188,40787
"(0.686046511627907, 0.9651162790697676)",1,94.77906976744184,40788
"(0.872093023255814, 0.9534883720930232)",1,94.77906976744174,40789
"(0.8372093023255814, 0.9534883720930232)",1,94.77906976744173,40790
"(0.6744186046511628, 0.9418604651162792)",1,94.77906976744173,40791
"(0.8023255813953488, 0.9534883720930232)",1,94.77906976744168,40792
"(0.8488372093023255, 0.9534883720930232)",1,94.77906976744168,40793
"(0.8255813953488372, 0.9651162790697676)",1,94.77906976744164,40794
"(0.7325581395348837, 0.9651162790697676)",1,94.77906976744164,40795
"(0.8604651162790697, 0.9651162790697676)",1,94.77906976744164,40796
"(0.8953488372093024, 0.9651162790697676)",1,94.77906976744164,40797
"(0.8488372093023255, 0.9534883720930232)",1,94.77906976744164,40798
"(0.7441860465116279, 0.9651162790697676)",1,94.7790697674416,40799
"(0.8087837837837838, 0.9641891891891892)",2,94.77905405405409,40801
"(0.8142857142857143, 0.95)",1,94.7785714285715,40802
"(0.95, 0.9357142857142856)",1,94.77857142857138,40803
"(0.7964285714285714, 0.9464285714285714)",1,94.77857142857135,40804
"(0.5964285714285714, 0.9571428571428572)",1,94.77857142857135,40805
"(0.9321428571428572, 0.9535714285714286)",1,94.77857142857128,40806
"(0.908445945945946, 0.9706081081081082)",4,94.77804054054054,40810
"(0.7222222222222222, 0.9861111111111112)",1,94.77777777777796,40811
"(0.7916666666666666, 0.9861111111111112)",1,94.77777777777791,40812
"(0.9027777777777778, 0.9861111111111112)",1,94.77777777777791,40813
"(0.5, 0.9861111111111112)",1,94.7777777777779,40814
"(0.7916666666666666, 1.0)",1,94.77777777777789,40815
"(0.8333333333333334, 0.9861111111111112)",1,94.77777777777789,40816
"(0.7222222222222222, 0.9583333333333334)",1,94.77777777777784,40817
"(0.75, 1.0)",1,94.7777777777778,40818
"(0.875, 0.9722222222222222)",1,94.7777777777778,40819
"(0.6805555555555556, 1.0)",1,94.7777777777778,40820
"(0.8194444444444444, 1.0)",1,94.7777777777778,40821
"(0.7777777777777778, 1.0)",1,94.77777777777776,40822
"(0.8194444444444444, 0.9444444444444444)",2,94.77777777777776,40824
"(0.8888888888888888, 0.9861111111111112)",1,94.77777777777776,40825
"(0.8611111111111112, 0.9583333333333334)",1,94.77777777777771,40826
"(0.8175, 0.955)",1,94.77750000000012,40827
"(0.895, 0.945)",1,94.77750000000006,40828
"(0.9429824561403508, 0.9692982456140352)",3,94.77631578947384,40831
"(0.8947368421052632, 0.9736842105263158)",1,94.77631578947374,40832
"(0.7105263157894737, 0.956140350877193)",1,94.77631578947371,40833
"(0.8728070175438597, 0.9517543859649122)",1,94.7763157894737,40834
"(0.8728070175438597, 0.9517543859649122)",3,94.77631578947368,40837
"(0.8464912280701754, 0.9649122807017544)",1,94.77631578947368,40838
"(0.5206081081081081, 0.9736486486486486)",1,94.7756756756757,40839
"(0.9, 0.95)",1,94.7750000000002,40840
"(0.875, 0.95)",1,94.77500000000018,40841
"(0.9428571428571428, 0.95)",1,94.77500000000016,40842
"(0.9375, 0.95)",1,94.77500000000012,40843
"(0.85, 0.95)",1,94.77500000000012,40844
"(0.86, 0.9475)",1,94.77500000000012,40845
"(0.8125, 0.95)",1,94.77500000000012,40846
"(0.925, 0.9625)",2,94.7750000000001,40848
"(0.9, 0.9625)",1,94.77500000000008,40849
"(0.905, 0.95)",1,94.77500000000006,40850
"(0.9178571428571428, 0.95)",1,94.77500000000006,40851
"(0.9428571428571428, 0.9607142857142856)",2,94.77500000000003,40853
"(0.9321428571428572, 0.9464285714285714)",5,94.77500000000003,40858
"(0.9571428571428572, 0.9535714285714286)",1,94.77500000000003,40859
"(0.8875, 0.9625)",1,94.77500000000003,40860
"(0.975, 0.9666666666666668)",2,94.775,40862
"(0.9428571428571428, 0.9571428571428572)",1,94.775,40863
"(0.9392857142857144, 0.9535714285714286)",1,94.775,40864
"(0.8964285714285715, 0.9535714285714286)",1,94.77499999999998,40865
"(0.9392857142857144, 0.9607142857142856)",6,94.77499999999996,40871
"(0.925, 0.975)",1,94.77499999999996,40872
"(0.9285714285714286, 0.9535714285714286)",1,94.77499999999992,40873
"(0.95, 0.975)",2,94.77499999999984,40875
"(0.775, 0.975)",1,94.77499999999984,40876
"(0.525, 0.9739864864864864)",4,94.77263513513512,40880
"(0.8575, 0.95)",1,94.77250000000012,40881
"(0.8175, 0.9525)",1,94.77250000000006,40882
"(0.9575, 0.9475)",1,94.77249999999994,40883
"(0.8552631578947368, 0.9692982456140352)",1,94.77192982456144,40884
"(0.7149122807017544, 0.9692982456140352)",1,94.77192982456144,40885
"(0.6008771929824561, 0.9649122807017544)",3,94.77192982456144,40888
"(0.9078947368421052, 0.956140350877193)",2,94.77192982456144,40890
"(0.7763157894736842, 0.9649122807017544)",1,94.77192982456133,40891
"(0.9107142857142856, 0.9464285714285714)",1,94.77142857142856,40892
"(0.9357142857142856, 0.9678571428571427)",1,94.77142857142854,40893
"(0.9428571428571428, 0.9535714285714286)",1,94.77142857142852,40894
"(0.8821428571428571, 0.9678571428571427)",1,94.7714285714285,40895
"(0.9571428571428572, 0.9607142857142856)",1,94.7714285714285,40896
"(0.9464285714285714, 0.9642857142857144)",2,94.7714285714285,40898
"(0.9214285714285714, 0.9535714285714286)",3,94.77142857142849,40901
"(0.9071428571428573, 0.9535714285714286)",1,94.77142857142844,40902
"(0.9535714285714286, 0.9535714285714286)",1,94.77142857142834,40903
"(0.9875, 0.875)",1,94.77083333333334,40904
"(0.3393939393939394, 0.9981060606060606)",2,94.77007575757578,40906
"(0.895, 0.9525)",1,94.77000000000004,40907
"(0.6925, 0.9575)",1,94.76999999999998,40908
"(0.9425, 0.9575)",1,94.76999999999994,40909
"(0.8712837837837838, 0.9655405405405404)",1,94.76993243243244,40910
"(0.6233108108108109, 0.9777027027027028)",1,94.76959459459457,40911
"(0.8071428571428572, 0.9642857142857144)",1,94.76785714285718,40912
"(0.9357142857142856, 0.9571428571428572)",1,94.76785714285715,40913
"(0.95, 0.95)",1,94.76785714285712,40914
"(0.9392857142857144, 0.95)",1,94.7678571428571,40915
"(0.9464285714285714, 0.9535714285714286)",1,94.76785714285708,40916
"(0.9464285714285714, 0.9428571428571428)",1,94.76785714285704,40917
"(0.9178571428571428, 0.9642857142857144)",2,94.76785714285704,40919
"(0.8821428571428571, 0.95)",1,94.76785714285704,40920
"(0.8964285714285715, 0.9535714285714286)",1,94.76785714285695,40921
"(0.9285714285714286, 0.9428571428571428)",1,94.76785714285693,40922
"(0.868421052631579, 0.9692982456140352)",4,94.76754385964924,40926
"(0.7456140350877193, 0.9780701754385964)",1,94.76754385964918,40927
"(0.8114035087719298, 0.9517543859649122)",1,94.76754385964917,40928
"(0.7105263157894737, 0.956140350877193)",1,94.76754385964917,40929
"(0.8333333333333334, 0.9692982456140352)",1,94.76754385964917,40930
"(0.7719298245614035, 0.9605263157894736)",6,94.76754385964912,40936
"(0.868421052631579, 0.9649122807017544)",1,94.76754385964912,40937
"(0.9525, 0.9525)",1,94.76750000000008,40938
"(0.96, 0.9475)",1,94.7675,40939
"(0.96, 0.945)",3,94.7675,40942
"(0.8604651162790697, 0.9651162790697676)",2,94.76744186046524,40944
"(0.813953488372093, 0.9767441860465116)",1,94.76744186046515,40945
"(0.8488372093023255, 0.9651162790697676)",1,94.76744186046513,40946
"(0.8604651162790697, 0.9767441860465116)",1,94.76744186046508,40947
"(0.4883720930232558, 0.9534883720930232)",1,94.76744186046508,40948
"(0.7790697674418605, 0.9767441860465116)",1,94.76744186046508,40949
"(0.627906976744186, 0.9767441860465116)",1,94.76744186046504,40950
"(0.4767441860465116, 0.9534883720930232)",2,94.76744186046504,40952
"(0.4883720930232558, 0.9767441860465116)",1,94.76744186046504,40953
"(0.5116279069767442, 0.9767441860465116)",1,94.76744186046504,40954
"(0.4534883720930232, 0.9651162790697676)",1,94.767441860465,40955
"(0.8023255813953488, 0.9767441860465116)",1,94.767441860465,40956
"(0.8023255813953488, 0.9418604651162792)",1,94.76744186046498,40957
"(0.8488372093023255, 0.9534883720930232)",1,94.76744186046496,40958
"(0.8372093023255814, 0.9651162790697676)",2,94.76744186046496,40960
"(0.813953488372093, 0.9767441860465116)",1,94.76744186046496,40961
"(0.8488372093023255, 0.9534883720930232)",1,94.76744186046491,40962
"(0.872093023255814, 0.9651162790697676)",1,94.7674418604649,40963
"(0.8488372093023255, 0.9651162790697676)",2,94.76744186046488,40965
"(0.95, 0.9833333333333332)",1,94.76666666666678,40966
"(0.9166666666666666, 0.9833333333333332)",1,94.76666666666677,40967
"(0.9, 0.9833333333333332)",1,94.76666666666677,40968
"(0.85, 1.0)",1,94.76666666666672,40969
"(1.0, 1.0)",2,94.76666666666668,40971
"(0.9875, 0.9541666666666668)",1,94.76666666666668,40972
"(0.7666666666666667, 1.0)",1,94.76666666666668,40973
"(0.9833333333333332, 1.0)",1,94.76666666666668,40974
"(0.9166666666666666, 0.9916666666666668)",1,94.7666666666666,40975
"(0.9833333333333332, 1.0)",1,94.7666666666666,40976
"(0.595945945945946, 0.9675675675675676)",1,94.766554054054,40977
"(0.84, 0.95)",1,94.76500000000011,40978
"(0.905, 0.95)",1,94.76500000000004,40979
"(0.8175, 0.9525)",3,94.765,40982
"(0.9175, 0.9525)",1,94.76499999999996,40983
"(0.7925, 0.96)",1,94.76499999999994,40984
"(0.7775, 0.96)",1,94.76499999999986,40985
"(0.8043918918918919, 0.9685810810810812)",1,94.76486486486483,40986
"(0.7058823529411765, 0.9882352941176472)",1,94.7647058823528,40987
"(0.9, 0.9392857142857144)",1,94.76428571428582,40988
"(0.8928571428571429, 0.9535714285714286)",2,94.76428571428572,40990
"(0.9357142857142856, 0.9571428571428572)",1,94.7642857142857,40991
"(0.9464285714285714, 0.9642857142857144)",1,94.76428571428568,40992
"(0.9535714285714286, 0.95)",1,94.76428571428568,40993
"(0.9142857142857144, 0.9535714285714286)",1,94.76428571428563,40994
"(0.8888888888888888, 0.9861111111111112)",1,94.76388888888908,40995
"(0.9027777777777778, 0.9861111111111112)",1,94.76388888888908,40996
"(0.9027777777777778, 0.9722222222222222)",1,94.76388888888908,40997
"(0.8055555555555556, 0.9861111111111112)",1,94.76388888888906,40998
"(0.875, 0.9583333333333334)",1,94.76388888888904,40999
"(0.9027777777777778, 0.9861111111111112)",1,94.76388888888904,41000
"(0.7222222222222222, 0.9722222222222222)",1,94.76388888888904,41001
"(0.6944444444444444, 0.9722222222222222)",1,94.76388888888904,41002
"(0.875, 0.9861111111111112)",1,94.763888888889,41003
"(0.9027777777777778, 0.9861111111111112)",1,94.763888888889,41004
"(0.8333333333333334, 1.0)",1,94.76388888888896,41005
"(0.9305555555555556, 1.0)",1,94.76388888888896,41006
"(0.8888888888888888, 0.9722222222222222)",1,94.76388888888894,41007
"(0.8194444444444444, 0.9861111111111112)",1,94.76388888888891,41008
"(0.8472222222222222, 1.0)",1,94.76388888888891,41009
"(0.5972222222222222, 0.9722222222222222)",1,94.76388888888891,41010
"(0.9305555555555556, 1.0)",1,94.76388888888889,41011
"(0.8611111111111112, 1.0)",1,94.76388888888889,41012
"(0.7916666666666666, 1.0)",2,94.76388888888889,41014
"(0.8672297297297298, 0.975)",2,94.76385135135132,41016
"(0.8290540540540541, 0.9733108108108108)",1,94.76351351351347,41017
"(0.8333333333333334, 0.9692982456140352)",3,94.76315789473696,41020
"(0.7719298245614035, 0.9780701754385964)",8,94.7631578947369,41028
"(0.9078947368421052, 0.9605263157894736)",1,94.76315789473688,41029
"(0.4692982456140351, 0.9429824561403508)",1,94.76315789473688,41030
"(0.8289473684210527, 0.9605263157894736)",1,94.76315789473688,41031
"(0.8026315789473685, 0.9473684210526316)",3,94.76315789473686,41034
"(0.8728070175438597, 0.9649122807017544)",3,94.76315789473686,41037
"(0.8596491228070176, 0.9649122807017544)",1,94.76315789473686,41038
"(0.7280701754385965, 0.9517543859649122)",2,94.76315789473686,41040
"(0.618421052631579, 0.9692982456140352)",3,94.76315789473682,41043
"(0.8125, 0.95)",1,94.76250000000012,41044
"(0.835, 0.95)",1,94.76250000000007,41045
"(0.9, 0.95)",1,94.76250000000005,41046
"(0.8025, 0.96)",3,94.76249999999996,41049
"(0.9, 0.975)",1,94.76249999999996,41050
"(0.95, 0.975)",4,94.76249999999987,41054
"(0.8625, 0.975)",4,94.76249999999986,41058
"(0.8875, 0.975)",1,94.76249999999985,41059
"(0.9392857142857144, 0.95)",1,94.76071428571436,41060
"(0.8714285714285714, 0.95)",1,94.76071428571434,41061
"(0.9571428571428572, 0.9607142857142856)",1,94.76071428571429,41062
"(0.9, 0.9571428571428572)",1,94.76071428571426,41063
"(0.9535714285714286, 0.9464285714285714)",1,94.76071428571424,41064
"(0.8928571428571429, 0.95)",1,94.76071428571424,41065
"(0.9142857142857144, 0.9535714285714286)",2,94.76071428571422,41067
"(0.8678571428571429, 0.9571428571428572)",1,94.7607142857142,41068
"(0.3556818181818181, 0.9981060606060606)",2,94.75984848484856,41070
"(0.5921052631578947, 0.9605263157894736)",1,94.75877192982456,41071
"(0.7149122807017544, 0.9692982456140352)",1,94.75877192982456,41072
"(0.7719298245614035, 0.956140350877193)",1,94.75877192982452,41073
"(0.7719298245614035, 0.9473684210526316)",1,94.75877192982452,41074
"(0.4956140350877193, 0.9692982456140352)",8,94.75877192982452,41082
"(0.5331081081081082, 0.9675675675675676)",1,94.758445945946,41083
"(0.9125, 0.9958333333333332)",1,94.75833333333335,41084
"(0.925, 0.9525)",1,94.7575,41085
"(0.85, 0.955)",1,94.75749999999992,41086
"(0.805, 0.9575)",1,94.75749999999992,41087
"(0.8725, 0.9575)",1,94.75749999999988,41088
"(0.8607142857142858, 0.95)",1,94.75714285714294,41089
"(0.95, 0.95)",1,94.75714285714292,41090
"(0.9464285714285714, 0.9392857142857144)",1,94.75714285714288,41091
"(0.9428571428571428, 0.9464285714285714)",1,94.75714285714284,41092
"(0.9392857142857144, 0.9571428571428572)",1,94.75714285714284,41093
"(0.925, 0.9642857142857144)",1,94.75714285714284,41094
"(0.95, 0.9642857142857144)",1,94.7571428571428,41095
"(0.7674418604651163, 0.9651162790697676)",1,94.7558139534884,41096
"(0.8255813953488372, 0.9534883720930232)",1,94.75581395348836,41097
"(0.3023255813953488, 0.9534883720930232)",1,94.75581395348834,41098
"(0.872093023255814, 0.9534883720930232)",1,94.75581395348826,41099
"(0.813953488372093, 0.9651162790697676)",1,94.75581395348826,41100
"(0.813953488372093, 0.9651162790697676)",1,94.7558139534882,41101
"(0.7674418604651163, 0.9651162790697676)",1,94.7558139534882,41102
"(0.9302325581395348, 0.9534883720930232)",1,94.7558139534882,41103
"(0.5116279069767442, 0.9534883720930232)",1,94.7558139534882,41104
"(0.8255813953488372, 0.9651162790697676)",1,94.75581395348816,41105
"(0.8255813953488372, 0.9767441860465116)",2,94.75581395348811,41107
"(0.3534090909090909, 0.9977272727272728)",1,94.75568181818194,41108
"(0.935, 0.9475)",2,94.75500000000012,41110
"(0.8225, 0.955)",1,94.75499999999997,41111
"(0.77, 0.955)",1,94.75499999999992,41112
"(0.7875, 0.9575)",1,94.75499999999988,41113
"(0.368560606060606, 0.9981060606060606)",1,94.75492424242428,41114
"(0.5921052631578947, 0.9692982456140352)",1,94.75438596491234,41115
"(0.7719298245614035, 0.9649122807017544)",1,94.75438596491234,41116
"(0.4956140350877193, 0.9605263157894736)",1,94.75438596491232,41117
"(0.6973684210526315, 0.9649122807017544)",1,94.75438596491227,41118
"(0.5043859649122807, 0.9692982456140352)",3,94.75438596491227,41121
"(0.8728070175438597, 0.9649122807017544)",1,94.75438596491227,41122
"(0.6798245614035088, 0.9692982456140352)",1,94.75438596491227,41123
"(0.6885964912280702, 0.956140350877193)",1,94.75438596491227,41124
"(0.8464912280701754, 0.9473684210526316)",2,94.75438596491226,41126
"(0.8289473684210527, 0.956140350877193)",1,94.75438596491225,41127
"(0.975, 0.9875)",2,94.75416666666663,41129
"(0.9916666666666668, 0.9875)",1,94.7541666666666,41130
"(0.7429054054054054, 0.9726351351351352)",1,94.75371621621623,41131
"(0.9178571428571428, 0.9535714285714286)",1,94.75357142857146,41132
"(0.8464285714285714, 0.9571428571428572)",1,94.75357142857142,41133
"(0.8821428571428571, 0.9571428571428572)",1,94.7535714285714,41134
"(0.9642857142857144, 0.9571428571428572)",1,94.7535714285714,41135
"(0.95, 0.9464285714285714)",1,94.7535714285714,41136
"(0.9607142857142856, 0.9607142857142856)",1,94.7535714285714,41137
"(0.9392857142857144, 0.95)",1,94.75357142857138,41138
"(0.9214285714285714, 0.95)",1,94.75357142857138,41139
"(0.9392857142857144, 0.9535714285714286)",1,94.7535714285713,41140
"(0.9, 0.95)",1,94.75357142857123,41141
"(0.8821428571428571, 0.9535714285714286)",1,94.75357142857123,41142
"(0.5331081081081082, 0.9672297297297298)",1,94.75304054054055,41143
"(0.5411764705882353, 0.9294117647058824)",3,94.75294117647036,41146
"(0.7675, 0.9525)",1,94.75250000000008,41147
"(0.9, 0.9575)",1,94.75249999999996,41148
"(0.7925, 0.96)",3,94.75249999999986,41151
"(0.7327702702702703, 0.975)",2,94.75202702702704,41153
"(0.5300675675675676, 0.9722972972972972)",3,94.75101351351351,41156
"(0.3814393939393939, 0.9984848484848484)",3,94.75075757575762,41159
"(0.925, 0.9625)",1,94.75000000000016,41160
"(0.8611111111111112, 0.9722222222222222)",1,94.75000000000016,41161
"(0.9125, 0.95)",2,94.75000000000016,41163
"(0.8875, 0.95)",1,94.75000000000016,41164
"(0.925, 0.95)",1,94.75000000000016,41165
"(0.9583333333333334, 0.9861111111111112)",1,94.75000000000016,41166
"(0.5694444444444444, 0.9861111111111112)",1,94.75000000000016,41167
"(0.7083333333333334, 0.9861111111111112)",1,94.75000000000014,41168
"(0.7675, 0.95)",1,94.75000000000011,41169
"(0.9078947368421052, 0.9824561403508772)",1,94.7500000000001,41170
"(0.8194444444444444, 0.9722222222222222)",1,94.7500000000001,41171
"(0.8194444444444444, 0.9861111111111112)",1,94.75000000000009,41172
"(0.9, 0.95)",1,94.75000000000009,41173
"(0.8125, 0.95)",1,94.75000000000009,41174
"(0.8875, 0.95)",1,94.75000000000009,41175
"(0.6929824561403509, 0.956140350877193)",1,94.75000000000006,41176
"(0.7807017543859649, 0.9605263157894736)",3,94.75000000000006,41179
"(0.8859649122807017, 0.9692982456140352)",1,94.75000000000006,41180
"(0.9444444444444444, 0.9861111111111112)",1,94.75000000000004,41181
"(0.9375, 0.945)",1,94.75000000000004,41182
"(0.9392857142857144, 0.95)",1,94.75000000000004,41183
"(0.9, 1.0)",2,94.75000000000004,41185
"(0.8026315789473685, 0.9780701754385964)",1,94.75000000000004,41186
"(0.8666666666666667, 1.0)",1,94.75000000000004,41187
"(0.9444444444444444, 1.0)",1,94.75000000000004,41188
"(0.85, 1.0)",2,94.75000000000004,41190
"(0.9125, 0.975)",1,94.75,41191
"(0.95, 1.0)",1,94.75,41192
"(0.9078947368421052, 0.956140350877193)",2,94.75,41194
"(0.7222222222222222, 0.9722222222222222)",1,94.75,41195
"(0.9305555555555556, 1.0)",1,94.75,41196
"(0.9035714285714286, 0.9535714285714286)",1,94.75,41197
"(0.8333333333333334, 0.956140350877193)",2,94.75,41199
"(0.9035714285714286, 0.9464285714285714)",3,94.75,41202
"(0.8194444444444444, 1.0)",1,94.75,41203
"(0.8194444444444444, 0.9722222222222222)",1,94.75,41204
"(0.706140350877193, 0.9736842105263158)",1,94.75,41205
"(0.8611111111111112, 0.9722222222222222)",1,94.74999999999996,41206
"(0.9321428571428572, 0.95)",1,94.74999999999996,41207
"(0.9535714285714286, 0.9571428571428572)",2,94.74999999999996,41209
"(0.9214285714285714, 0.9535714285714286)",2,94.74999999999996,41211
"(0.9642857142857144, 0.9392857142857144)",1,94.74999999999994,41212
"(0.8625, 0.945)",1,94.7499999999999,41213
"(0.95, 0.9535714285714286)",2,94.7499999999998,41215
"(0.5408783783783784, 0.952027027027027)",2,94.74932432432438,41217
"(0.5310810810810811, 0.9692567567567568)",4,94.74932432432432,41221
"(0.955, 0.945)",1,94.74750000000006,41222
"(0.9464285714285714, 0.9535714285714286)",1,94.74642857142857,41223
"(0.8928571428571429, 0.9571428571428572)",1,94.74642857142854,41224
"(0.8821428571428571, 0.9535714285714286)",1,94.74642857142835,41225
"(0.8290540540540541, 0.9692567567567568)",1,94.74628378378382,41226
"(0.4753787878787879, 0.9962121212121212)",3,94.74583333333334,41229
"(0.8991228070175439, 0.9429824561403508)",1,94.7456140350878,41230
"(0.7763157894736842, 0.9824561403508772)",1,94.7456140350878,41231
"(0.8508771929824561, 0.9780701754385964)",1,94.74561403508778,41232
"(0.8552631578947368, 0.9692982456140352)",9,94.74561403508775,41241
"(0.881578947368421, 0.956140350877193)",2,94.74561403508775,41243
"(0.8464912280701754, 0.9736842105263158)",1,94.74561403508775,41244
"(0.7149122807017544, 0.9780701754385964)",1,94.74561403508775,41245
"(0.7982456140350878, 0.9605263157894736)",1,94.74561403508775,41246
"(0.8640350877192983, 0.9605263157894736)",1,94.74561403508774,41247
"(0.5394736842105263, 0.9692982456140352)",3,94.74561403508773,41250
"(0.9429824561403508, 0.9649122807017544)",1,94.74561403508773,41251
"(0.9078947368421052, 0.9736842105263158)",1,94.74561403508768,41252
"(0.7325, 0.9625)",1,94.74500000000012,41253
"(0.8225, 0.96)",2,94.74499999999992,41255
"(0.8810810810810811, 0.9655405405405404)",1,94.74493243243244,41256
"(0.8023255813953488, 0.9767441860465116)",1,94.74418604651176,41257
"(0.8837209302325582, 0.9767441860465116)",1,94.74418604651174,41258
"(0.3837209302325581, 0.9651162790697676)",1,94.74418604651164,41259
"(0.8604651162790697, 0.9767441860465116)",1,94.7441860465116,41260
"(0.9186046511627908, 0.9651162790697676)",1,94.7441860465116,41261
"(0.6976744186046512, 0.9651162790697676)",1,94.74418604651156,41262
"(0.6744186046511628, 0.9651162790697676)",1,94.74418604651154,41263
"(0.8604651162790697, 0.9651162790697676)",1,94.74418604651154,41264
"(0.8372093023255814, 0.9534883720930232)",1,94.74418604651147,41265
"(0.8023255813953488, 0.9534883720930232)",1,94.74418604651147,41266
"(0.3488372093023256, 0.9534883720930232)",1,94.74418604651147,41267
"(0.7441860465116279, 0.9651162790697676)",1,94.74418604651146,41268
"(0.8255813953488372, 0.9651162790697676)",2,94.74418604651144,41270
"(0.7441860465116279, 0.9651162790697676)",1,94.74418604651144,41271
"(0.8604651162790697, 0.9534883720930232)",1,94.7441860465114,41272
"(0.5628378378378378, 0.975)",2,94.74324324324324,41274
"(0.95, 0.95)",1,94.74285714285726,41275
"(0.8964285714285715, 0.9607142857142856)",1,94.74285714285718,41276
"(0.9285714285714286, 0.95)",1,94.74285714285718,41277
"(0.7, 0.9642857142857144)",1,94.74285714285718,41278
"(0.9464285714285714, 0.95)",1,94.74285714285716,41279
"(0.9285714285714286, 0.9535714285714286)",1,94.74285714285708,41280
"(0.8662162162162163, 0.9648648648648648)",4,94.7425675675676,41284
"(0.8875, 0.945)",1,94.7425000000001,41285
"(0.935, 0.9475)",2,94.74250000000008,41287
"(0.945, 0.95)",1,94.74250000000008,41288
"(0.915, 0.9525)",1,94.74250000000008,41289
"(0.935, 0.9475)",1,94.74250000000004,41290
"(0.8625, 0.9525)",2,94.7425,41292
"(0.8525, 0.9525)",1,94.7425,41293
"(0.3632575757575758, 0.9992424242424244)",3,94.74204545454548,41296
"(0.9958333333333332, 0.9875)",1,94.74166666666666,41297
"(0.9958333333333332, 0.9916666666666668)",1,94.74166666666648,41298
"(0.66, 0.97375)",1,94.74125000000002,41299
"(0.9342105263157896, 0.9692982456140352)",4,94.74122807017558,41303
"(0.9385964912280702, 0.9692982456140352)",1,94.74122807017557,41304
"(0.8289473684210527, 0.9736842105263158)",1,94.7412280701755,41305
"(0.9166666666666666, 0.9517543859649122)",3,94.74122807017548,41308
"(0.8114035087719298, 0.956140350877193)",3,94.74122807017548,41311
"(0.8377192982456141, 0.956140350877193)",3,94.74122807017548,41314
"(0.5921052631578947, 0.9692982456140352)",1,94.74122807017544,41315
"(0.8333333333333334, 0.9692982456140352)",1,94.74122807017544,41316
"(0.8026315789473685, 0.9649122807017544)",1,94.74122807017544,41317
"(0.9429824561403508, 0.9780701754385964)",1,94.74122807017544,41318
"(0.6754385964912281, 0.9692982456140352)",1,94.7412280701754,41319
"(0.8640350877192983, 0.9736842105263158)",1,94.7412280701754,41320
"(0.5320945945945946, 0.9716216216216216)",1,94.74121621621627,41321
"(0.8625, 0.955)",1,94.74,41322
"(0.7925, 0.96)",2,94.73999999999988,41324
"(0.9357142857142856, 0.9607142857142856)",3,94.73928571428584,41327
"(0.8892857142857142, 0.9535714285714286)",1,94.7392857142858,41328
"(0.8678571428571429, 0.95)",1,94.73928571428569,41329
"(0.8821428571428571, 0.9464285714285714)",1,94.73928571428569,41330
"(0.9535714285714286, 0.9678571428571427)",1,94.73928571428566,41331
"(0.95, 0.9571428571428572)",3,94.73928571428566,41334
"(0.9178571428571428, 0.9535714285714286)",2,94.73928571428551,41336
"(0.9178571428571428, 0.9535714285714286)",4,94.73928571428551,41340
"(0.7655405405405405, 0.9706081081081082)",1,94.7388513513514,41341
"(0.825, 0.95)",1,94.73750000000015,41342
"(0.975, 0.9583333333333334)",1,94.73750000000004,41343
"(0.6875, 0.9625)",1,94.7375,41344
"(0.9131756756756756, 0.9726351351351352)",1,94.7375,41345
"(0.8625, 0.975)",1,94.73749999999998,41346
"(0.8625, 0.95)",1,94.73749999999998,41347
"(0.975, 0.9875)",2,94.73749999999995,41349
"(0.8, 0.955)",3,94.73749999999994,41352
"(0.8375, 0.9575)",3,94.73749999999994,41355
"(0.6875, 0.975)",2,94.7374999999999,41357
"(0.975, 0.9875)",1,94.73749999999988,41358
"(0.7325, 0.96)",1,94.73749999999984,41359
"(0.925, 0.975)",1,94.73749999999984,41360
"(0.8333333333333334, 0.9692982456140352)",3,94.73684210526328,41363
"(0.8464912280701754, 0.9692982456140352)",1,94.73684210526318,41364
"(0.8157894736842105, 0.9692982456140352)",1,94.73684210526316,41365
"(0.8464912280701754, 0.9736842105263158)",2,94.73684210526316,41367
"(0.868421052631579, 0.9649122807017544)",3,94.73684210526316,41370
"(0.8070175438596491, 0.9517543859649122)",3,94.73684210526314,41373
"(0.7719298245614035, 0.9429824561403508)",1,94.73684210526314,41374
"(0.875, 0.9722222222222222)",1,94.7361111111113,41375
"(0.9444444444444444, 0.9722222222222222)",1,94.73611111111126,41376
"(0.8333333333333334, 0.9722222222222222)",2,94.73611111111126,41378
"(0.8611111111111112, 0.9722222222222222)",1,94.73611111111124,41379
"(0.8194444444444444, 1.0)",1,94.7361111111112,41380
"(0.7916666666666666, 0.9861111111111112)",1,94.7361111111112,41381
"(0.6944444444444444, 0.9722222222222222)",2,94.73611111111116,41383
"(0.6111111111111112, 1.0)",1,94.73611111111116,41384
"(0.9583333333333334, 1.0)",1,94.73611111111116,41385
"(0.75, 0.9722222222222222)",1,94.73611111111111,41386
"(0.875, 0.9722222222222222)",2,94.73611111111109,41388
"(0.8535714285714285, 0.9571428571428572)",1,94.7357142857143,41389
"(0.8857142857142857, 0.9571428571428572)",1,94.73571428571428,41390
"(0.9571428571428572, 0.9571428571428572)",1,94.73571428571424,41391
"(0.8857142857142857, 0.9464285714285714)",1,94.7357142857142,41392
"(0.9464285714285714, 0.9428571428571428)",1,94.73571428571408,41393
"(0.7475, 0.95)",1,94.73500000000016,41394
"(0.7675, 0.95)",1,94.73500000000011,41395
"(0.9175, 0.945)",1,94.73500000000004,41396
"(0.905, 0.95)",1,94.73500000000004,41397
"(0.935, 0.935)",1,94.735,41398
"(0.855, 0.945)",1,94.735,41399
"(0.91, 0.94)",1,94.73499999999994,41400
"(0.9333333333333332, 0.9833333333333332)",1,94.73333333333346,41401
"(0.9916666666666668, 0.9833333333333332)",1,94.7333333333334,41402
"(0.8333333333333334, 1.0)",1,94.73333333333336,41403
"(0.85, 1.0)",1,94.73333333333336,41404
"(1.0, 1.0)",1,94.73333333333336,41405
"(0.8, 1.0)",1,94.73333333333336,41406
"(0.9333333333333332, 1.0)",1,94.73333333333332,41407
"(0.5273648648648649, 0.9692567567567568)",1,94.7327702702703,41408
"(0.872093023255814, 0.9651162790697676)",1,94.73255813953487,41409
"(0.872093023255814, 0.9767441860465116)",1,94.73255813953485,41410
"(0.5232558139534884, 0.9651162790697676)",1,94.7325581395348,41411
"(0.4767441860465116, 0.9767441860465116)",1,94.7325581395348,41412
"(0.8023255813953488, 0.9534883720930232)",1,94.7325581395348,41413
"(0.8372093023255814, 0.9534883720930232)",1,94.73255813953476,41414
"(0.8372093023255814, 0.9534883720930232)",1,94.73255813953476,41415
"(0.7558139534883721, 0.9651162790697676)",1,94.73255813953476,41416
"(0.872093023255814, 0.9651162790697676)",1,94.73255813953472,41417
"(0.6976744186046512, 0.9534883720930232)",1,94.73255813953472,41418
"(0.8953488372093024, 0.9651162790697676)",1,94.7325581395347,41419
"(0.8255813953488372, 0.9651162790697676)",1,94.73255813953467,41420
"(0.8488372093023255, 0.9651162790697676)",1,94.73255813953467,41421
"(0.7325581395348837, 0.9651162790697676)",1,94.73255813953467,41422
"(0.8255813953488372, 0.9651162790697676)",1,94.73255813953466,41423
"(0.8255813953488372, 0.9534883720930232)",1,94.7325581395346,41424
"(0.945, 0.9525)",1,94.73250000000006,41425
"(0.9075, 0.955)",1,94.73249999999987,41426
"(0.7719298245614035, 0.9605263157894736)",1,94.73245614035096,41427
"(0.8464912280701754, 0.9605263157894736)",1,94.73245614035092,41428
"(0.8289473684210527, 0.9692982456140352)",1,94.7324561403509,41429
"(0.8421052631578947, 0.956140350877193)",1,94.7324561403509,41430
"(0.8157894736842105, 0.9692982456140352)",3,94.73245614035088,41433
"(0.6535087719298246, 0.956140350877193)",1,94.73245614035086,41434
"(0.8771929824561403, 0.9736842105263158)",3,94.73245614035083,41437
"(0.8493243243243244, 0.9699324324324324)",2,94.73243243243245,41439
"(0.8392857142857143, 0.9607142857142856)",3,94.73214285714296,41442
"(0.9, 0.9535714285714286)",1,94.73214285714285,41443
"(0.9678571428571427, 0.9678571428571427)",1,94.73214285714285,41444
"(0.8857142857142857, 0.9642857142857144)",1,94.73214285714282,41445
"(0.8892857142857142, 0.9392857142857144)",1,94.7321428571428,41446
"(0.8964285714285715, 0.9535714285714286)",1,94.73214285714278,41447
"(0.8714285714285714, 0.975)",1,94.73214285714276,41448
"(0.9464285714285714, 0.9535714285714286)",4,94.73214285714266,41452
"(0.9277027027027028, 0.966554054054054)",1,94.731081081081,41453
"(0.365530303030303, 0.9992424242424244)",3,94.73106060606064,41456
"(0.95, 0.945)",1,94.73000000000005,41457
"(0.77, 0.9575)",3,94.72999999999996,41460
"(0.8525, 0.9575)",5,94.72999999999988,41465
"(0.9607142857142856, 0.9607142857142856)",1,94.72857142857156,41466
"(0.8964285714285715, 0.9607142857142856)",1,94.72857142857144,41467
"(0.9178571428571428, 0.9571428571428572)",1,94.7285714285714,41468
"(0.7964285714285714, 0.9571428571428572)",1,94.7285714285714,41469
"(0.8928571428571429, 0.9642857142857144)",1,94.72857142857136,41470
"(0.9357142857142856, 0.975)",1,94.72857142857136,41471
"(0.8535714285714285, 0.95)",1,94.72857142857136,41472
"(0.8821428571428571, 0.9607142857142856)",3,94.72857142857131,41475
"(0.9392857142857144, 0.9464285714285714)",1,94.72857142857131,41476
"(0.7964285714285714, 0.9535714285714286)",1,94.72857142857124,41477
"(0.8289473684210527, 0.9692982456140352)",4,94.72807017543876,41481
"(0.7763157894736842, 0.9780701754385964)",1,94.72807017543876,41482
"(0.8552631578947368, 0.9692982456140352)",1,94.72807017543865,41483
"(0.8903508771929824, 0.9473684210526316)",1,94.72807017543862,41484
"(0.7236842105263158, 0.9649122807017544)",1,94.7280701754386,41485
"(0.8552631578947368, 0.9517543859649122)",3,94.7280701754386,41488
"(0.8026315789473685, 0.956140350877193)",1,94.72807017543848,41489
"(0.9175, 0.9475)",1,94.72750000000023,41490
"(0.9175, 0.95)",1,94.72749999999996,41491
"(0.7825, 0.9575)",1,94.72749999999994,41492
"(0.8525, 0.9575)",1,94.72749999999992,41493
"(0.86, 0.9575)",5,94.72749999999984,41498
"(0.3632575757575758, 0.9977272727272728)",2,94.72613636363636,41500
"(0.793918918918919, 0.9699324324324324)",1,94.72533783783784,41501
"(0.8375, 0.95)",1,94.72500000000018,41502
"(0.9375, 0.95)",1,94.72500000000016,41503
"(0.9, 0.95)",1,94.72500000000016,41504
"(0.9375, 0.95)",1,94.72500000000016,41505
"(0.925, 0.975)",1,94.72500000000014,41506
"(0.8275, 0.95)",1,94.72500000000008,41507
"(0.6875, 0.95)",1,94.72500000000004,41508
"(0.9035714285714286, 0.9464285714285714)",1,94.72500000000004,41509
"(0.9291666666666668, 0.975)",1,94.72500000000004,41510
"(0.85, 0.95)",1,94.72500000000004,41511
"(0.8928571428571429, 0.9571428571428572)",1,94.72500000000002,41512
"(0.9428571428571428, 0.9571428571428572)",1,94.72500000000002,41513
"(0.9125, 0.9916666666666668)",1,94.725,41514
"(0.925, 0.975)",1,94.72499999999998,41515
"(0.9, 0.9535714285714286)",1,94.72499999999998,41516
"(0.9357142857142856, 0.95)",1,94.72499999999997,41517
"(0.8892857142857142, 0.9464285714285714)",1,94.72499999999997,41518
"(0.8285714285714286, 0.95)",1,94.72499999999994,41519
"(0.95, 0.9607142857142856)",1,94.72499999999994,41520
"(0.8857142857142857, 0.9464285714285714)",1,94.72499999999992,41521
"(0.9, 0.9535714285714286)",1,94.72499999999992,41522
"(0.8125, 0.9625)",1,94.72499999999984,41523
"(0.9791666666666666, 0.9916666666666668)",4,94.72499999999984,41527
"(0.9428571428571428, 0.9428571428571428)",1,94.7249999999998,41528
"(0.8157894736842105, 0.9649122807017544)",1,94.72368421052634,41529
"(0.8640350877192983, 0.956140350877193)",1,94.72368421052634,41530
"(0.868421052631579, 0.9473684210526316)",1,94.72368421052632,41531
"(0.6535087719298246, 0.9605263157894736)",1,94.72368421052632,41532
"(0.7631578947368421, 0.956140350877193)",1,94.72368421052632,41533
"(0.9078947368421052, 0.9385964912280702)",1,94.72368421052632,41534
"(0.9473684210526316, 0.9649122807017544)",1,94.7236842105263,41535
"(0.7105263157894737, 0.9912280701754386)",1,94.72368421052629,41536
"(0.8245614035087719, 0.9649122807017544)",1,94.72368421052624,41537
"(0.6147727272727272, 0.9977272727272728)",1,94.72310606060611,41538
"(0.9175, 0.9525)",1,94.72250000000008,41539
"(0.935, 0.945)",1,94.72250000000004,41540
"(0.7375, 0.9625)",1,94.72249999999993,41541
"(0.6925, 0.9475)",1,94.72249999999993,41542
"(0.8575, 0.955)",1,94.72249999999993,41543
"(0.9075, 0.9575)",1,94.72249999999988,41544
"(0.8055555555555556, 0.9722222222222222)",1,94.7222222222224,41545
"(0.9027777777777778, 0.9722222222222222)",2,94.7222222222224,41547
"(0.8611111111111112, 0.9861111111111112)",1,94.7222222222224,41548
"(0.8472222222222222, 0.9722222222222222)",1,94.7222222222224,41549
"(0.8888888888888888, 0.9722222222222222)",1,94.72222222222236,41550
"(0.5277777777777778, 0.9861111111111112)",1,94.72222222222236,41551
"(0.9305555555555556, 0.9861111111111112)",1,94.72222222222231,41552
"(0.9027777777777778, 0.9861111111111112)",1,94.72222222222231,41553
"(0.8194444444444444, 1.0)",1,94.72222222222229,41554
"(0.8055555555555556, 0.9861111111111112)",1,94.72222222222229,41555
"(0.9027777777777778, 0.9861111111111112)",1,94.72222222222229,41556
"(0.9166666666666666, 0.9861111111111112)",1,94.72222222222229,41557
"(0.7083333333333334, 1.0)",1,94.72222222222226,41558
"(0.875, 0.9583333333333334)",1,94.72222222222226,41559
"(0.95, 0.9571428571428572)",3,94.72142857142865,41562
"(0.9428571428571428, 0.9535714285714286)",1,94.72142857142862,41563
"(0.9428571428571428, 0.95)",1,94.7214285714285,41564
"(0.9392857142857144, 0.9571428571428572)",1,94.7214285714285,41565
"(0.9535714285714286, 0.9428571428571428)",1,94.7214285714285,41566
"(0.9464285714285714, 0.9678571428571427)",1,94.72142857142848,41567
"(0.95, 0.95)",1,94.72142857142848,41568
"(0.9178571428571428, 0.9642857142857144)",1,94.72142857142848,41569
"(0.9392857142857144, 0.9535714285714286)",4,94.72142857142838,41573
"(0.5162162162162162, 0.9736486486486486)",4,94.72094594594596,41577
"(0.9534883720930232, 0.9767441860465116)",1,94.72093023255827,41578
"(0.7790697674418605, 0.9767441860465116)",1,94.72093023255825,41579
"(0.7558139534883721, 0.9883720930232558)",2,94.72093023255822,41581
"(0.9186046511627908, 0.9767441860465116)",1,94.7209302325582,41582
"(0.6046511627906976, 0.9767441860465116)",2,94.72093023255816,41584
"(0.6046511627906976, 0.9534883720930232)",1,94.72093023255816,41585
"(0.8372093023255814, 0.9651162790697676)",1,94.7209302325581,41586
"(0.8255813953488372, 0.9767441860465116)",1,94.7209302325581,41587
"(0.7209302325581395, 0.9534883720930232)",1,94.72093023255808,41588
"(0.8604651162790697, 0.9534883720930232)",1,94.72093023255808,41589
"(0.8604651162790697, 0.9767441860465116)",1,94.72093023255808,41590
"(0.9302325581395348, 0.9651162790697676)",1,94.72093023255805,41591
"(0.8372093023255814, 0.9534883720930232)",1,94.72093023255805,41592
"(0.6976744186046512, 0.9418604651162792)",1,94.72093023255805,41593
"(0.9302325581395348, 0.9651162790697676)",1,94.72093023255802,41594
"(0.7558139534883721, 0.9534883720930232)",1,94.72093023255802,41595
"(0.8372093023255814, 0.9534883720930232)",1,94.720930232558,41596
"(0.6976744186046512, 0.9534883720930232)",2,94.720930232558,41598
"(0.8488372093023255, 0.9651162790697676)",2,94.72093023255796,41600
"(0.8488372093023255, 0.9651162790697676)",2,94.72093023255792,41602
"(0.5155405405405405, 0.9746621621621622)",1,94.72060810810808,41603
"(0.93, 0.9475)",2,94.72000000000008,41605
"(0.8025, 0.95)",1,94.72000000000004,41606
"(0.9225, 0.9525)",1,94.72,41607
"(0.7456140350877193, 0.9780701754385964)",1,94.71929824561416,41608
"(0.8991228070175439, 0.9692982456140352)",1,94.71929824561416,41609
"(0.9342105263157896, 0.9692982456140352)",1,94.71929824561414,41610
"(0.7763157894736842, 0.9649122807017544)",1,94.71929824561408,41611
"(0.6008771929824561, 0.9473684210526316)",3,94.71929824561408,41614
"(0.7763157894736842, 0.9692982456140352)",1,94.71929824561408,41615
"(0.8026315789473685, 0.9692982456140352)",1,94.71929824561404,41616
"(0.9162162162162162, 0.9652027027027028)",4,94.71925675675676,41620
"(0.8928571428571429, 0.9535714285714286)",1,94.71785714285716,41621
"(0.95, 0.9535714285714286)",1,94.71785714285711,41622
"(0.8678571428571429, 0.9607142857142856)",1,94.71785714285711,41623
"(0.8678571428571429, 0.9607142857142856)",2,94.71785714285708,41625
"(0.9142857142857144, 0.9428571428571428)",1,94.71785714285708,41626
"(0.9321428571428572, 0.9464285714285714)",1,94.71785714285706,41627
"(0.8588235294117647, 0.9294117647058824)",3,94.71764705882327,41630
"(0.9175, 0.95)",1,94.7175,41631
"(0.8375, 0.955)",1,94.71749999999996,41632
"(0.85, 0.9666666666666668)",1,94.71666666666673,41633
"(0.9, 1.0)",2,94.7166666666667,41635
"(0.9666666666666668, 0.925)",1,94.7166666666667,41636
"(0.85, 1.0)",1,94.7166666666667,41637
"(0.8333333333333334, 1.0)",1,94.71666666666668,41638
"(0.9666666666666668, 0.9833333333333332)",1,94.71666666666664,41639
"(0.9916666666666668, 0.85)",1,94.71666666666664,41640
"(0.8625, 0.9875)",1,94.7166666666666,41641
"(0.8825, 0.9525)",1,94.7150000000001,41642
"(0.91, 0.95)",1,94.71500000000006,41643
"(0.95, 0.9525)",1,94.71500000000005,41644
"(0.905, 0.955)",1,94.71500000000005,41645
"(0.9425, 0.955)",1,94.71499999999996,41646
"(0.8175, 0.955)",1,94.71499999999992,41647
"(0.7412280701754386, 0.9692982456140352)",1,94.71491228070184,41648
"(0.6491228070175439, 0.9736842105263158)",2,94.7149122807018,41650
"(0.6929824561403509, 0.9605263157894736)",3,94.71491228070178,41653
"(0.868421052631579, 0.9649122807017544)",1,94.71491228070178,41654
"(0.7719298245614035, 0.956140350877193)",1,94.71491228070178,41655
"(0.7675438596491229, 0.9912280701754386)",1,94.71491228070175,41656
"(0.706140350877193, 0.956140350877193)",1,94.71491228070175,41657
"(0.9078947368421052, 0.9605263157894736)",1,94.71491228070174,41658
"(0.9166666666666666, 0.9736842105263158)",2,94.71491228070172,41660
"(0.9, 0.95)",1,94.7142857142859,41661
"(0.9357142857142856, 0.9535714285714286)",1,94.71428571428572,41662
"(0.95, 0.9464285714285714)",1,94.71428571428568,41663
"(0.8892857142857142, 0.9535714285714286)",1,94.71428571428568,41664
"(0.8571428571428571, 0.9571428571428572)",1,94.71428571428568,41665
"(0.9107142857142856, 0.9428571428571428)",1,94.71428571428564,41666
"(0.7, 0.95)",2,94.71428571428558,41668
"(0.9, 0.9535714285714286)",1,94.71428571428552,41669
"(0.6847972972972973, 0.9689189189189188)",1,94.71385135135137,41670
"(0.9111486486486486, 0.9662162162162162)",4,94.71351351351348,41674
"(0.9125, 0.95)",1,94.71250000000012,41675
"(0.825, 0.9625)",1,94.71250000000008,41676
"(0.925, 0.95)",1,94.71250000000008,41677
"(0.9375, 0.95)",1,94.71250000000006,41678
"(0.9525, 0.94)",1,94.71250000000003,41679
"(0.6625, 0.95)",1,94.71250000000002,41680
"(0.8324324324324325, 0.9743243243243244)",2,94.7125,41682
"(0.8125, 0.975)",1,94.71249999999992,41683
"(0.925, 0.975)",1,94.71249999999992,41684
"(0.9075, 0.955)",1,94.71249999999992,41685
"(0.8375, 0.975)",1,94.71249999999992,41686
"(0.9357142857142856, 0.9607142857142856)",3,94.7107142857144,41689
"(0.95, 0.9535714285714286)",3,94.71071428571427,41692
"(0.9321428571428572, 0.95)",1,94.71071428571427,41693
"(0.95, 0.9571428571428572)",1,94.71071428571426,41694
"(0.9428571428571428, 0.9607142857142856)",1,94.71071428571425,41695
"(0.9321428571428572, 0.95)",2,94.71071428571425,41697
"(0.9285714285714286, 0.9571428571428572)",1,94.71071428571425,41698
"(0.8678571428571429, 0.9535714285714286)",1,94.71071428571408,41699
"(0.6885964912280702, 0.9780701754385964)",1,94.71052631578952,41700
"(0.8552631578947368, 0.9649122807017544)",1,94.71052631578952,41701
"(0.543859649122807, 0.9605263157894736)",3,94.71052631578952,41704
"(0.8026315789473685, 0.9692982456140352)",1,94.71052631578952,41705
"(0.8070175438596491, 0.9692982456140352)",1,94.7105263157895,41706
"(0.7719298245614035, 0.956140350877193)",1,94.71052631578948,41707
"(0.5921052631578947, 0.9736842105263158)",3,94.71052631578948,41710
"(0.8640350877192983, 0.9517543859649122)",1,94.71052631578948,41711
"(0.7719298245614035, 0.9736842105263158)",3,94.71052631578944,41714
"(0.9385964912280702, 0.9736842105263158)",1,94.7105263157894,41715
"(0.8575, 0.955)",1,94.71,41716
"(0.7790697674418605, 0.9651162790697676)",1,94.70930232558152,41717
"(0.7790697674418605, 0.9767441860465116)",1,94.7093023255815,41718
"(0.5697674418604651, 0.9767441860465116)",1,94.70930232558146,41719
"(0.5697674418604651, 0.9767441860465116)",1,94.70930232558142,41720
"(0.4069767441860465, 1.0)",1,94.7093023255814,41721
"(0.7674418604651163, 0.9883720930232558)",1,94.7093023255814,41722
"(0.5930232558139535, 0.9767441860465116)",1,94.70930232558138,41723
"(0.4883720930232558, 0.9651162790697676)",1,94.70930232558138,41724
"(0.4767441860465116, 0.9767441860465116)",1,94.70930232558136,41725
"(0.8604651162790697, 0.9651162790697676)",2,94.70930232558136,41727
"(0.5116279069767442, 0.9651162790697676)",1,94.70930232558132,41728
"(0.8953488372093024, 0.9418604651162792)",1,94.70930232558126,41729
"(0.8372093023255814, 0.9651162790697676)",1,94.70930232558123,41730
"(0.8953488372093024, 0.9651162790697676)",2,94.70930232558123,41732
"(0.8604651162790697, 0.9534883720930232)",1,94.70930232558123,41733
"(0.8604651162790697, 0.9534883720930232)",1,94.70930232558123,41734
"(0.7558139534883721, 0.9418604651162792)",1,94.70930232558123,41735
"(0.7906976744186046, 0.9534883720930232)",1,94.7093023255812,41736
"(0.8023255813953488, 0.9534883720930232)",1,94.7093023255812,41737
"(0.6744186046511628, 0.9534883720930232)",1,94.70930232558118,41738
"(0.8472222222222222, 0.9722222222222222)",2,94.70833333333354,41740
"(0.8888888888888888, 0.9861111111111112)",2,94.70833333333351,41742
"(0.9166666666666666, 0.9722222222222222)",1,94.70833333333351,41743
"(0.7777777777777778, 0.9861111111111112)",1,94.70833333333351,41744
"(0.625, 1.0)",1,94.70833333333351,41745
"(0.8472222222222222, 0.9722222222222222)",1,94.7083333333335,41746
"(0.8888888888888888, 0.9722222222222222)",1,94.7083333333335,41747
"(0.7361111111111112, 0.9861111111111112)",1,94.7083333333335,41748
"(0.8194444444444444, 0.9861111111111112)",2,94.7083333333335,41750
"(0.9166666666666666, 0.9861111111111112)",1,94.70833333333348,41751
"(0.75, 0.9861111111111112)",2,94.70833333333348,41753
"(0.9305555555555556, 0.9861111111111112)",1,94.70833333333346,41754
"(0.9305555555555556, 1.0)",1,94.70833333333344,41755
"(0.8888888888888888, 0.9861111111111112)",1,94.70833333333344,41756
"(0.7361111111111112, 1.0)",1,94.7083333333334,41757
"(0.8472222222222222, 0.9583333333333334)",1,94.7083333333333,41758
"(0.9791666666666666, 0.9916666666666668)",1,94.7083333333333,41759
"(0.93, 0.95)",1,94.7075000000001,41760
"(0.9075, 0.9625)",1,94.7075000000001,41761
"(0.9300675675675676, 0.9692567567567568)",1,94.70743243243244,41762
"(0.9357142857142856, 0.9607142857142856)",1,94.70714285714295,41763
"(0.8892857142857142, 0.9642857142857144)",1,94.70714285714288,41764
"(0.9464285714285714, 0.9571428571428572)",1,94.70714285714288,41765
"(0.875, 0.9464285714285714)",1,94.70714285714284,41766
"(0.9, 0.95)",3,94.70714285714284,41769
"(0.9571428571428572, 0.9642857142857144)",1,94.7071428571428,41770
"(0.9607142857142856, 0.9571428571428572)",1,94.7071428571428,41771
"(0.9, 0.9678571428571427)",1,94.7071428571428,41772
"(0.8571428571428571, 0.9642857142857144)",3,94.70714285714276,41775
"(0.8678571428571429, 0.9571428571428572)",1,94.70714285714274,41776
"(0.8571428571428571, 0.9678571428571427)",1,94.70714285714271,41777
"(0.5526515151515151, 0.9958333333333332)",1,94.70681818181822,41778
"(0.8289473684210527, 0.9692982456140352)",1,94.70614035087728,41779
"(0.8771929824561403, 0.9649122807017544)",1,94.70614035087728,41780
"(0.7763157894736842, 0.9692982456140352)",1,94.70614035087723,41781
"(0.7719298245614035, 0.9517543859649122)",1,94.70614035087723,41782
"(0.8640350877192983, 0.9692982456140352)",8,94.70614035087722,41790
"(0.6929824561403509, 0.9649122807017544)",1,94.7061403508772,41791
"(0.8026315789473685, 0.9473684210526316)",1,94.70614035087718,41792
"(0.8421052631578947, 0.9649122807017544)",6,94.70614035087718,41798
"(0.7675438596491229, 0.9912280701754386)",2,94.70614035087716,41800
"(0.945, 0.9475)",1,94.70500000000013,41801
"(0.96, 0.94)",1,94.70500000000004,41802
"(0.9525, 0.95)",1,94.70500000000004,41803
"(0.8275, 0.9575)",1,94.70499999999994,41804
"(0.8275, 0.955)",1,94.70499999999991,41805
"(0.5486486486486486, 0.9658783783783784)",4,94.70439189189187,41809
"(0.9125, 0.9875)",1,94.70416666666662,41810
"(0.9111486486486486, 0.9655405405405404)",1,94.70405405405413,41811
"(0.4428030303030303, 0.9924242424242424)",2,94.70378787878794,41813
"(0.9571428571428572, 0.9607142857142856)",1,94.70357142857156,41814
"(0.9357142857142856, 0.9464285714285714)",1,94.70357142857148,41815
"(0.9678571428571427, 0.9785714285714284)",1,94.7035714285714,41816
"(0.9607142857142856, 0.9571428571428572)",1,94.7035714285714,41817
"(0.9642857142857144, 0.9464285714285714)",2,94.70357142857138,41819
"(0.8857142857142857, 0.9535714285714286)",1,94.70357142857137,41820
"(0.9607142857142856, 0.975)",1,94.70357142857137,41821
"(0.8892857142857142, 0.9535714285714286)",4,94.70357142857124,41825
"(0.7996621621621621, 0.972972972972973)",1,94.70304054054054,41826
"(0.5443181818181818, 0.9988636363636364)",1,94.70265151515156,41827
"(0.935, 0.9475)",1,94.70250000000006,41828
"(0.8725, 0.9525)",2,94.70250000000004,41830
"(0.9375, 0.9575)",1,94.7025,41831
"(0.925, 0.96)",1,94.7025,41832
"(0.945, 0.9525)",1,94.7025,41833
"(0.8775, 0.9575)",1,94.70249999999996,41834
"(0.9375, 0.95)",1,94.70249999999992,41835
"(0.805, 0.96)",1,94.70249999999984,41836
"(0.5158783783783784, 0.9655405405405404)",1,94.70202702702696,41837
"(0.7894736842105263, 0.9692982456140352)",1,94.701754385965,41838
"(0.7763157894736842, 0.9649122807017544)",3,94.70175438596496,41841
"(0.8026315789473685, 0.9473684210526316)",3,94.70175438596496,41844
"(0.8947368421052632, 0.956140350877193)",3,94.70175438596492,41847
"(0.8640350877192983, 0.9692982456140352)",1,94.7017543859649,41848
"(0.2401515151515151, 0.9954545454545456)",3,94.7015151515152,41851
"(0.9125, 0.95)",1,94.70000000000016,41852
"(0.8392857142857143, 0.9607142857142856)",2,94.70000000000014,41854
"(0.75, 0.95)",1,94.70000000000012,41855
"(0.85, 0.9625)",1,94.7000000000001,41856
"(0.9, 0.975)",1,94.70000000000007,41857
"(0.85, 0.975)",1,94.70000000000007,41858
"(0.93, 0.955)",2,94.70000000000007,41860
"(0.75, 1.0)",1,94.70000000000005,41861
"(0.8333333333333334, 1.0)",1,94.70000000000005,41862
"(0.84, 0.9525)",1,94.70000000000002,41863
"(0.8833333333333333, 1.0)",1,94.70000000000002,41864
"(0.8, 1.0)",1,94.70000000000002,41865
"(0.9166666666666666, 1.0)",1,94.7,41866
"(0.875, 0.95)",1,94.7,41867
"(0.8535714285714285, 0.9607142857142856)",1,94.69999999999996,41868
"(0.875, 0.9464285714285714)",1,94.69999999999992,41869
"(0.9464285714285714, 0.9571428571428572)",1,94.6999999999999,41870
"(0.95, 0.9571428571428572)",3,94.69999999999987,41873
"(0.925, 0.975)",1,94.69999999999987,41874
"(0.6625, 0.975)",1,94.69999999999987,41875
"(0.8964285714285715, 0.9535714285714286)",1,94.69999999999986,41876
"(0.8875, 0.975)",1,94.69999999999985,41877
"(0.9037162162162162, 0.9692567567567568)",1,94.69966216216224,41878
"(0.7746621621621622, 0.9682432432432432)",1,94.69831081081078,41879
"(0.3174242424242424, 0.9965909090909092)",3,94.69810606060612,41882
"(0.8372093023255814, 0.9651162790697676)",1,94.69767441860463,41883
"(0.7209302325581395, 0.9534883720930232)",1,94.69767441860463,41884
"(0.7906976744186046, 0.9534883720930232)",1,94.6976744186046,41885
"(0.3604651162790697, 0.9418604651162792)",1,94.69767441860458,41886
"(0.8372093023255814, 0.9767441860465116)",1,94.69767441860456,41887
"(0.6976744186046512, 0.9767441860465116)",1,94.69767441860456,41888
"(0.5232558139534884, 0.9651162790697676)",1,94.69767441860456,41889
"(0.872093023255814, 0.9651162790697676)",1,94.69767441860448,41890
"(0.5116279069767442, 0.9534883720930232)",1,94.69767441860448,41891
"(0.8837209302325582, 0.9651162790697676)",1,94.69767441860448,41892
"(0.8372093023255814, 0.9651162790697676)",1,94.69767441860448,41893
"(0.5116279069767442, 0.9534883720930232)",1,94.69767441860448,41894
"(0.8953488372093024, 0.9534883720930232)",1,94.69767441860446,41895
"(0.8372093023255814, 0.9651162790697676)",1,94.6976744186044,41896
"(0.8275, 0.9475)",1,94.69750000000016,41897
"(0.8275, 0.9575)",1,94.69749999999996,41898
"(0.9425, 0.955)",1,94.69749999999996,41899
"(0.8425, 0.9475)",1,94.69749999999996,41900
"(0.9078947368421052, 0.9517543859649122)",1,94.69736842105276,41901
"(0.868421052631579, 0.9692982456140352)",1,94.69736842105276,41902
"(0.4035087719298245, 0.9649122807017544)",1,94.69736842105269,41903
"(0.7719298245614035, 0.9649122807017544)",6,94.69736842105269,41909
"(0.7894736842105263, 0.9605263157894736)",1,94.69736842105266,41910
"(0.8245614035087719, 0.9649122807017544)",1,94.69736842105266,41911
"(0.8552631578947368, 0.9473684210526316)",1,94.69736842105266,41912
"(0.8201754385964912, 0.9649122807017544)",1,94.69736842105264,41913
"(0.7105263157894737, 0.9692982456140352)",1,94.69736842105264,41914
"(0.8245614035087719, 0.9649122807017544)",1,94.69736842105264,41915
"(0.7719298245614035, 0.9692982456140352)",1,94.69736842105264,41916
"(0.7675438596491229, 0.9649122807017544)",1,94.69736842105264,41917
"(0.7543859649122807, 0.9517543859649122)",3,94.69736842105264,41920
"(0.8026315789473685, 0.9736842105263158)",1,94.69736842105264,41921
"(0.9321428571428572, 0.9607142857142856)",3,94.69642857142873,41924
"(0.9392857142857144, 0.9571428571428572)",1,94.6964285714286,41925
"(0.95, 0.9535714285714286)",1,94.69642857142858,41926
"(0.9, 0.9571428571428572)",1,94.69642857142858,41927
"(0.9571428571428572, 0.9535714285714286)",3,94.69642857142856,41930
"(0.9464285714285714, 0.9535714285714286)",1,94.69642857142856,41931
"(0.8964285714285715, 0.9785714285714284)",1,94.69642857142853,41932
"(0.9214285714285714, 0.9428571428571428)",2,94.69642857142853,41934
"(0.9321428571428572, 0.9464285714285714)",1,94.69642857142853,41935
"(0.4329545454545455, 1.0)",3,94.69583333333338,41938
"(0.8825, 0.9475)",1,94.69500000000016,41939
"(0.7675, 0.95)",1,94.69500000000016,41940
"(0.95, 0.955)",3,94.69500000000006,41943
"(0.93, 0.9525)",1,94.69500000000004,41944
"(0.415, 0.97)",1,94.695,41945
"(0.9225, 0.96)",1,94.69499999999994,41946
"(0.9166666666666666, 0.9722222222222222)",1,94.69444444444464,41947
"(0.7083333333333334, 0.9861111111111112)",2,94.6944444444446,41949
"(0.9027777777777778, 0.9861111111111112)",2,94.69444444444458,41951
"(0.8472222222222222, 0.9722222222222222)",2,94.69444444444451,41953
"(0.8888888888888888, 0.9861111111111112)",1,94.69444444444451,41954
"(0.8611111111111112, 0.9722222222222222)",1,94.69444444444451,41955
"(0.875, 1.0)",1,94.69444444444444,41956
"(0.9305555555555556, 0.9722222222222222)",1,94.69444444444434,41957
"(0.4659090909090909, 0.9988636363636364)",1,94.69393939393944,41958
"(0.6662162162162162, 0.9679054054054054)",4,94.69358108108112,41962
"(0.7894736842105263, 0.9692982456140352)",4,94.6929824561405,41966
"(0.8026315789473685, 0.9649122807017544)",1,94.69298245614044,41967
"(0.5219298245614035, 0.9517543859649122)",3,94.6929824561404,41970
"(0.925438596491228, 0.9780701754385964)",1,94.6929824561404,41971
"(0.7675438596491229, 0.9736842105263158)",1,94.6929824561404,41972
"(0.8640350877192983, 0.9649122807017544)",1,94.6929824561404,41973
"(0.9429824561403508, 0.9692982456140352)",1,94.6929824561404,41974
"(0.6535087719298246, 0.9692982456140352)",1,94.69298245614038,41975
"(0.6359649122807017, 0.9605263157894736)",2,94.69298245614038,41977
"(0.9166666666666666, 0.9692982456140352)",1,94.69298245614038,41978
"(0.7763157894736842, 0.956140350877193)",1,94.69298245614036,41979
"(0.8640350877192983, 0.9605263157894736)",1,94.69298245614036,41980
"(0.8728070175438597, 0.9649122807017544)",1,94.69298245614034,41981
"(0.8464285714285714, 0.9607142857142856)",3,94.69285714285728,41984
"(0.95, 0.9535714285714286)",1,94.69285714285718,41985
"(0.8357142857142857, 0.9571428571428572)",1,94.69285714285716,41986
"(0.9392857142857144, 0.9642857142857144)",1,94.69285714285716,41987
"(0.8392857142857143, 0.9607142857142856)",1,94.69285714285716,41988
"(0.9392857142857144, 0.9571428571428572)",2,94.69285714285712,41990
"(0.9035714285714286, 0.9571428571428572)",1,94.69285714285708,41991
"(0.925, 0.9571428571428572)",1,94.69285714285708,41992
"(0.9321428571428572, 0.9428571428571428)",1,94.69285714285697,41993
"(0.8464285714285714, 0.9571428571428572)",1,94.69285714285694,41994
"(0.8928571428571429, 0.9535714285714286)",1,94.69285714285694,41995
"(0.8975, 0.95)",1,94.69250000000014,41996
"(0.755, 0.9625)",1,94.69250000000004,41997
"(0.895, 0.9475)",2,94.69250000000004,41999
"(0.9175, 0.9525)",2,94.69250000000002,42001
"(0.86, 0.955)",2,94.6925,42003
"(0.93, 0.95)",1,94.6925,42004
"(0.53, 0.9525)",3,94.69249999999997,42007
"(0.935, 0.9575)",3,94.6924999999999,42010
"(0.9791666666666666, 0.9458333333333332)",1,94.69166666666668,42011
"(0.9125, 0.9375)",1,94.69166666666663,42012
"(0.5425, 0.97125)",1,94.69124999999995,42013
"(0.8725, 0.95)",1,94.6900000000001,42014
"(0.9275, 0.9525)",1,94.69000000000008,42015
"(0.84, 0.9525)",1,94.69000000000004,42016
"(0.905, 0.9475)",2,94.69000000000004,42018
"(0.8975, 0.945)",1,94.69000000000004,42019
"(0.955, 0.96)",1,94.68999999999996,42020
"(0.84, 0.955)",2,94.68999999999993,42022
"(0.955, 0.945)",1,94.68999999999988,42023
"(0.9357142857142856, 0.9571428571428572)",1,94.68928571428572,42024
"(0.9071428571428573, 0.9607142857142856)",3,94.68928571428572,42027
"(0.8607142857142858, 0.9464285714285714)",1,94.68928571428566,42028
"(0.9464285714285714, 0.9535714285714286)",1,94.68928571428565,42029
"(0.9464285714285714, 0.9428571428571428)",1,94.68928571428562,42030
"(0.7, 0.9642857142857144)",3,94.6892857142856,42033
"(0.95, 0.9678571428571427)",1,94.68928571428552,42034
"(0.5525, 0.9825)",1,94.68874999999989,42035
"(0.7149122807017544, 0.9736842105263158)",1,94.68859649122813,42036
"(0.7368421052631579, 0.9473684210526316)",3,94.68859649122808,42039
"(0.9342105263157896, 0.9736842105263158)",1,94.68859649122804,42040
"(0.9, 0.975)",1,94.68750000000016,42041
"(0.9, 0.95)",1,94.68750000000016,42042
"(0.925, 0.95)",2,94.68750000000016,42044
"(0.925, 0.95)",1,94.68750000000009,42045
"(0.8725, 0.95)",1,94.68750000000009,42046
"(0.925, 0.9625)",1,94.68750000000009,42047
"(0.95, 0.975)",2,94.68750000000004,42049
"(0.925, 0.975)",1,94.6875,42050
"(0.8625, 0.975)",1,94.68749999999996,42051
"(0.96, 0.9375)",1,94.68749999999996,42052
"(0.915, 0.9575)",1,94.68749999999994,42053
"(0.8275, 0.9575)",1,94.68749999999994,42054
"(0.85, 0.975)",1,94.68749999999989,42055
"(0.6511627906976745, 0.9651162790697676)",1,94.68604651162806,42056
"(0.9302325581395348, 0.9767441860465116)",1,94.68604651162798,42057
"(0.6162790697674418, 0.9883720930232558)",1,94.68604651162796,42058
"(0.4883720930232558, 0.9534883720930232)",1,94.68604651162792,42059
"(0.9186046511627908, 0.9883720930232558)",1,94.68604651162792,42060
"(0.6976744186046512, 0.9534883720930232)",1,94.68604651162786,42061
"(0.6744186046511628, 0.9651162790697676)",1,94.6860465116278,42062
"(0.8604651162790697, 0.9651162790697676)",1,94.6860465116278,42063
"(0.8372093023255814, 0.9534883720930232)",1,94.68604651162774,42064
"(0.7558139534883721, 0.9534883720930232)",1,94.68604651162772,42065
"(0.7441860465116279, 0.9651162790697676)",1,94.68604651162772,42066
"(0.2454545454545454, 0.9924242424242424)",1,94.68598484848492,42067
"(0.8392857142857143, 0.9607142857142856)",1,94.6857142857144,42068
"(0.8678571428571429, 0.9571428571428572)",3,94.68571428571428,42071
"(0.8928571428571429, 0.95)",1,94.68571428571428,42072
"(0.7964285714285714, 0.9464285714285714)",1,94.68571428571424,42073
"(0.9535714285714286, 0.95)",1,94.68571428571424,42074
"(0.9464285714285714, 0.9535714285714286)",1,94.68571428571424,42075
"(0.9214285714285714, 0.975)",1,94.6857142857142,42076
"(0.9214285714285714, 0.9571428571428572)",1,94.6857142857142,42077
"(0.8607142857142858, 0.95)",1,94.68571428571416,42078
"(0.875, 0.9535714285714286)",1,94.6857142857141,42079
"(0.9131756756756756, 0.9692567567567568)",2,94.685472972973,42081
"(0.9375, 0.9575)",2,94.68500000000004,42083
"(0.96, 0.95)",3,94.68500000000004,42086
"(0.7719298245614035, 0.9780701754385964)",1,94.68421052631588,42087
"(0.7719298245614035, 0.956140350877193)",3,94.68421052631584,42090
"(0.868421052631579, 0.9605263157894736)",1,94.68421052631584,42091
"(0.8640350877192983, 0.9649122807017544)",1,94.68421052631584,42092
"(0.8289473684210527, 0.9649122807017544)",1,94.6842105263158,42093
"(0.7807017543859649, 0.9605263157894736)",1,94.6842105263158,42094
"(0.8771929824561403, 0.9692982456140352)",3,94.6842105263158,42097
"(0.7412280701754386, 0.9473684210526316)",3,94.6842105263158,42100
"(0.8070175438596491, 0.9736842105263158)",1,94.68421052631578,42101
"(0.7763157894736842, 0.9736842105263158)",1,94.68421052631578,42102
"(0.9, 0.9833333333333332)",1,94.6833333333334,42103
"(0.8, 1.0)",1,94.6833333333334,42104
"(0.8833333333333333, 1.0)",1,94.6833333333334,42105
"(0.85, 1.0)",1,94.68333333333334,42106
"(0.8333333333333334, 1.0)",1,94.68333333333334,42107
"(0.7256756756756757, 0.9722972972972972)",1,94.68277027027024,42108
"(0.9525, 0.9475)",1,94.6825000000001,42109
"(0.95, 0.9525)",2,94.68250000000002,42111
"(0.95, 0.9525)",1,94.68249999999992,42112
"(0.8475, 0.96)",1,94.68249999999983,42113
"(0.9642857142857144, 0.9535714285714286)",1,94.68214285714296,42114
"(0.7, 0.9607142857142856)",4,94.68214285714292,42118
"(0.8607142857142858, 0.9607142857142856)",1,94.68214285714288,42119
"(0.8857142857142857, 0.9392857142857144)",1,94.68214285714284,42120
"(0.95, 0.9571428571428572)",3,94.68214285714284,42123
"(0.9392857142857144, 0.9464285714285714)",4,94.68214285714284,42127
"(0.9571428571428572, 0.9714285714285714)",1,94.6821428571428,42128
"(0.9357142857142856, 0.9464285714285714)",6,94.6821428571428,42134
"(0.9214285714285714, 0.9571428571428572)",2,94.68214285714276,42136
"(0.7084459459459459, 0.9722972972972972)",1,94.68108108108112,42137
"(0.8611111111111112, 0.9722222222222222)",1,94.68055555555576,42138
"(0.9027777777777778, 0.9861111111111112)",1,94.6805555555557,42139
"(0.9305555555555556, 0.9722222222222222)",1,94.6805555555557,42140
"(0.6944444444444444, 0.9722222222222222)",1,94.68055555555569,42141
"(0.6944444444444444, 1.0)",1,94.68055555555564,42142
"(0.9027777777777778, 0.9861111111111112)",1,94.6805555555556,42143
"(0.7916666666666666, 0.9722222222222222)",1,94.68055555555556,42144
"(0.6944444444444444, 0.9722222222222222)",1,94.68055555555546,42145
"(0.8587837837837838, 0.9719594594594596)",1,94.68040540540537,42146
"(0.8125, 0.9475)",1,94.68000000000012,42147
"(0.835, 0.9475)",1,94.68000000000006,42148
"(0.96, 0.95)",2,94.68000000000004,42150
"(0.955, 0.9425)",1,94.68000000000004,42151
"(0.7731818181818182, 0.965)",1,94.68000000000004,42152
"(0.8275, 0.9425)",1,94.68000000000004,42153
"(0.9525, 0.95)",3,94.68000000000004,42156
"(0.3537878787878787, 0.9950757575757576)",2,94.67992424242426,42158
"(0.8728070175438597, 0.9692982456140352)",1,94.67982456140356,42159
"(0.8245614035087719, 0.9517543859649122)",1,94.67982456140356,42160
"(0.7587719298245614, 0.9605263157894736)",1,94.67982456140356,42161
"(0.7719298245614035, 0.9605263157894736)",1,94.67982456140354,42162
"(0.8771929824561403, 0.9780701754385964)",1,94.67982456140354,42163
"(0.8333333333333334, 0.9429824561403508)",1,94.6798245614035,42164
"(0.925438596491228, 0.9649122807017544)",1,94.67982456140348,42165
"(0.7007575757575758, 0.9992424242424244)",1,94.67954545454552,42166
"(0.7334459459459459, 0.9652027027027028)",4,94.67939189189188,42170
"(0.9916666666666668, 0.9916666666666668)",3,94.67916666666648,42173
"(0.8571428571428571, 0.9607142857142856)",3,94.67857142857156,42176
"(0.8571428571428571, 0.9607142857142856)",1,94.67857142857147,42177
"(0.9535714285714286, 0.9571428571428572)",1,94.67857142857142,42178
"(0.9, 0.9571428571428572)",1,94.6785714285714,42179
"(0.95, 0.9642857142857144)",1,94.6785714285714,42180
"(0.9357142857142856, 0.9607142857142856)",1,94.67857142857132,42181
"(0.6006756756756757, 0.9641891891891892)",1,94.67804054054054,42182
"(0.8043918918918919, 0.9706081081081082)",4,94.67770270270266,42186
"(0.8425, 0.945)",6,94.67750000000012,42192
"(0.935, 0.95)",1,94.6775000000001,42193
"(0.8275, 0.955)",1,94.6775,42194
"(0.7025, 0.9575)",1,94.67749999999992,42195
"(0.8625, 0.9575)",1,94.6774999999999,42196
"(0.7280701754385965, 0.9780701754385964)",1,94.6754385964913,42197
"(0.7719298245614035, 0.9736842105263158)",1,94.6754385964913,42198
"(0.793859649122807, 0.956140350877193)",1,94.6754385964913,42199
"(0.8947368421052632, 0.9605263157894736)",6,94.6754385964913,42205
"(0.8552631578947368, 0.9780701754385964)",1,94.67543859649128,42206
"(0.7105263157894737, 0.956140350877193)",1,94.67543859649126,42207
"(0.8991228070175439, 0.9517543859649122)",1,94.67543859649126,42208
"(0.868421052631579, 0.956140350877193)",1,94.67543859649123,42209
"(0.8464912280701754, 0.9649122807017544)",1,94.67543859649123,42210
"(0.8947368421052632, 0.9473684210526316)",1,94.67543859649123,42211
"(0.4174242424242424, 0.9901515151515152)",1,94.67537878787876,42212
"(0.8722972972972973, 0.9655405405405404)",1,94.67533783783784,42213
"(0.9035714285714286, 0.9607142857142856)",1,94.6750000000002,42214
"(0.8975, 0.9475)",1,94.67500000000015,42215
"(0.8125, 0.95)",1,94.67500000000015,42216
"(0.825, 0.9625)",1,94.67500000000013,42217
"(0.7875, 0.95)",1,94.67500000000013,42218
"(0.8125, 0.975)",1,94.6750000000001,42219
"(0.6925, 0.9525)",1,94.67500000000008,42220
"(0.9125, 0.95)",1,94.67500000000008,42221
"(0.8625, 0.975)",1,94.67500000000008,42222
"(0.9357142857142856, 0.9571428571428572)",3,94.67500000000004,42225
"(0.9107142857142856, 0.9607142857142856)",1,94.675,42226
"(0.935, 0.9525)",1,94.675,42227
"(0.95, 0.95)",1,94.675,42228
"(0.8375, 0.955)",3,94.675,42231
"(0.9214285714285714, 0.9535714285714286)",1,94.675,42232
"(0.8928571428571429, 0.9571428571428572)",1,94.67499999999995,42233
"(0.9214285714285714, 0.95)",1,94.67499999999995,42234
"(0.9142857142857144, 0.95)",1,94.67499999999994,42235
"(0.4125, 0.975)",1,94.67499999999993,42236
"(0.72, 0.9575)",1,94.67499999999993,42237
"(0.755, 0.9575)",1,94.6749999999999,42238
"(0.9833333333333332, 0.9875)",4,94.67499999999988,42242
"(0.7558139534883721, 0.9767441860465116)",1,94.67441860465136,42243
"(0.8953488372093024, 0.9767441860465116)",2,94.6744186046512,42245
"(0.3837209302325581, 0.9651162790697676)",1,94.6744186046512,42246
"(0.8837209302325582, 0.9767441860465116)",1,94.67441860465117,42247
"(0.8488372093023255, 0.9767441860465116)",1,94.67441860465108,42248
"(0.9651162790697676, 0.9767441860465116)",1,94.67441860465108,42249
"(0.9302325581395348, 0.9651162790697676)",1,94.67441860465108,42250
"(0.9302325581395348, 0.9534883720930232)",1,94.674418604651,42251
"(0.7558139534883721, 0.9651162790697676)",1,94.67441860465098,42252
"(0.7325581395348837, 0.9651162790697676)",2,94.67441860465097,42254
"(0.9302325581395348, 0.9534883720930232)",1,94.67441860465097,42255
"(0.8953488372093024, 0.9651162790697676)",1,94.67441860465097,42256
"(0.7906976744186046, 0.9651162790697676)",1,94.67441860465097,42257
"(0.5945945945945946, 0.9702702702702702)",4,94.67297297297296,42261
"(0.8425, 0.95)",1,94.6725000000001,42262
"(0.96, 0.9475)",2,94.67250000000004,42264
"(0.8275, 0.9525)",1,94.67250000000004,42265
"(0.9175, 0.955)",4,94.67249999999996,42269
"(0.5226351351351352, 0.9689189189189188)",4,94.67229729729728,42273
"(0.5875, 0.9992424242424244)",1,94.67196969696974,42274
"(0.8678571428571429, 0.9607142857142856)",1,94.67142857142858,42275
"(0.8678571428571429, 0.95)",1,94.67142857142852,42276
"(0.9285714285714286, 0.9642857142857144)",1,94.6714285714285,42277
"(0.8142857142857143, 0.9642857142857144)",1,94.6714285714285,42278
"(0.8464285714285714, 0.9535714285714286)",2,94.67142857142842,42280
"(0.9, 0.9428571428571428)",1,94.67142857142836,42281
"(0.48875, 0.97625)",1,94.67124999999976,42282
"(0.4556818181818182, 0.996969696969697)",2,94.67121212121216,42284
"(0.8728070175438597, 0.9780701754385964)",2,94.67105263157912,42286
"(0.9078947368421052, 0.9517543859649122)",1,94.671052631579,42287
"(0.5043859649122807, 0.9517543859649122)",2,94.671052631579,42289
"(0.7280701754385965, 0.9473684210526316)",1,94.671052631579,42290
"(0.8859649122807017, 0.9912280701754386)",1,94.67105263157896,42291
"(0.8596491228070176, 0.956140350877193)",1,94.67105263157896,42292
"(0.9035087719298246, 0.956140350877193)",3,94.67105263157896,42295
"(0.8552631578947368, 0.9649122807017544)",1,94.67105263157896,42296
"(0.5411764705882353, 0.9529411764705882)",1,94.67058823529416,42297
"(0.9275, 0.95)",1,94.67000000000012,42298
"(0.96, 0.9475)",1,94.6700000000001,42299
"(0.9525, 0.9425)",1,94.67000000000006,42300
"(0.96, 0.96)",1,94.67000000000004,42301
"(0.945, 0.96)",1,94.66999999999996,42302
"(0.775, 0.9525)",1,94.66999999999996,42303
"(0.5025, 0.99125)",1,94.66999999999994,42304
"(0.8324324324324325, 0.9706081081081082)",1,94.66824324324324,42305
"(0.8928571428571429, 0.9464285714285714)",1,94.6678571428572,42306
"(0.9428571428571428, 0.95)",1,94.66785714285712,42307
"(0.8785714285714286, 0.9464285714285714)",1,94.66785714285712,42308
"(0.95, 0.9464285714285714)",6,94.66785714285712,42314
"(0.9535714285714286, 0.9571428571428572)",1,94.66785714285712,42315
"(0.8964285714285715, 0.9571428571428572)",1,94.66785714285712,42316
"(0.9428571428571428, 0.95)",1,94.66785714285707,42317
"(0.925, 0.9607142857142856)",1,94.66785714285707,42318
"(0.9178571428571428, 0.9535714285714286)",1,94.66785714285707,42319
"(0.9464285714285714, 0.9678571428571427)",1,94.66785714285705,42320
"(0.8964285714285715, 0.9607142857142856)",1,94.66785714285705,42321
"(0.9071428571428573, 0.9535714285714286)",4,94.66785714285696,42325
"(0.9214285714285714, 0.9535714285714286)",3,94.66785714285692,42328
"(0.8575, 0.95)",1,94.66750000000016,42329
"(0.935, 0.9475)",2,94.6675000000001,42331
"(0.84, 0.9375)",1,94.66750000000008,42332
"(0.7875, 0.9575)",1,94.66750000000005,42333
"(0.7875, 0.9575)",1,94.66749999999998,42334
"(0.8033783783783783, 0.970945945945946)",4,94.66722972972973,42338
"(0.8297297297297297, 0.9685810810810812)",4,94.6668918918919,42342
"(0.8333333333333334, 0.9861111111111112)",1,94.66666666666686,42343
"(0.7777777777777778, 0.9861111111111112)",2,94.66666666666684,42345
"(0.7777777777777778, 1.0)",1,94.6666666666668,42346
"(0.9027777777777778, 0.9722222222222222)",2,94.6666666666668,42348
"(0.875, 0.9861111111111112)",1,94.6666666666668,42349
"(0.6944444444444444, 0.9722222222222222)",1,94.6666666666668,42350
"(0.8333333333333334, 0.9722222222222222)",1,94.66666666666676,42351
"(0.7777777777777778, 1.0)",1,94.66666666666674,42352
"(0.8903508771929824, 0.9605263157894736)",1,94.66666666666671,42353
"(0.9166666666666666, 1.0)",1,94.66666666666671,42354
"(0.8, 1.0)",1,94.6666666666667,42355
"(0.793859649122807, 0.9780701754385964)",2,94.6666666666667,42357
"(0.7236842105263158, 0.9517543859649122)",1,94.6666666666667,42358
"(0.8157894736842105, 0.9649122807017544)",1,94.6666666666667,42359
"(0.8289473684210527, 0.9692982456140352)",1,94.6666666666667,42360
"(0.7361111111111112, 1.0)",1,94.66666666666669,42361
"(0.7368421052631579, 0.9605263157894736)",1,94.66666666666669,42362
"(0.9, 1.0)",1,94.66666666666669,42363
"(1.0, 1.0)",2,94.66666666666669,42365
"(0.9, 0.9833333333333332)",1,94.66666666666669,42366
"(0.9833333333333332, 1.0)",1,94.66666666666669,42367
"(0.8157894736842105, 0.9649122807017544)",1,94.66666666666669,42368
"(0.75, 1.0)",1,94.66666666666669,42369
"(0.8201754385964912, 0.9736842105263158)",1,94.66666666666669,42370
"(0.75, 1.0)",1,94.66666666666666,42371
"(0.7916666666666666, 0.9861111111111112)",1,94.66666666666664,42372
"(0.925, 0.9666666666666668)",1,94.6666666666666,42373
"(0.8333333333333334, 0.9583333333333334)",1,94.6666666666666,42374
"(0.955, 0.9525)",1,94.66500000000012,42375
"(0.945, 0.95)",2,94.66500000000008,42377
"(0.915, 0.96)",1,94.66499999999988,42378
"(0.8464285714285714, 0.9571428571428572)",2,94.66428571428584,42380
"(0.9535714285714286, 0.9642857142857144)",3,94.6642857142858,42383
"(0.8535714285714285, 0.9642857142857144)",1,94.66428571428564,42384
"(0.5964285714285714, 0.9535714285714286)",1,94.66428571428564,42385
"(0.9428571428571428, 0.9607142857142856)",1,94.66428571428564,42386
"(0.9321428571428572, 0.9535714285714286)",1,94.66428571428564,42387
"(0.9214285714285714, 0.9535714285714286)",1,94.66428571428553,42388
"(0.8372093023255814, 0.9767441860465116)",1,94.66279069767452,42389
"(0.8372093023255814, 0.9651162790697676)",1,94.66279069767452,42390
"(0.8604651162790697, 0.9651162790697676)",1,94.6627906976744,42391
"(0.6046511627906976, 0.9767441860465116)",1,94.6627906976744,42392
"(0.7209302325581395, 0.9534883720930232)",1,94.66279069767435,42393
"(0.5465116279069767, 0.9418604651162792)",1,94.66279069767435,42394
"(0.3604651162790697, 0.9534883720930232)",1,94.66279069767432,42395
"(0.7325581395348837, 0.9534883720930232)",2,94.66279069767428,42397
"(0.7875, 0.9625)",1,94.6625000000002,42398
"(0.8125, 0.95)",1,94.66250000000016,42399
"(0.8375, 0.95)",1,94.66250000000012,42400
"(0.8275, 0.95)",1,94.6625000000001,42401
"(0.915, 0.9525)",1,94.66250000000008,42402
"(0.8, 0.95)",1,94.66250000000008,42403
"(0.85, 0.975)",2,94.66250000000004,42405
"(0.9575, 0.945)",1,94.66250000000004,42406
"(0.775, 0.955)",1,94.66250000000002,42407
"(0.8575, 0.9525)",3,94.6625,42410
"(0.6175, 0.9625)",1,94.66249999999997,42411
"(0.7875, 0.9625)",1,94.66249999999992,42412
"(0.9791666666666666, 0.9833333333333332)",4,94.66249999999988,42416
"(0.775, 0.975)",1,94.66249999999984,42417
"(0.925438596491228, 0.9824561403508772)",1,94.66228070175444,42418
"(0.881578947368421, 0.9473684210526316)",1,94.6622807017544,42419
"(0.75, 0.9780701754385964)",1,94.6622807017544,42420
"(0.9385964912280702, 0.9736842105263158)",1,94.6622807017544,42421
"(0.8859649122807017, 0.956140350877193)",1,94.6622807017544,42422
"(0.868421052631579, 0.9780701754385964)",1,94.6622807017544,42423
"(0.8903508771929824, 0.9649122807017544)",1,94.66228070175436,42424
"(0.5358108108108108, 0.9631756756756756)",1,94.66148648648648,42425
"(0.7543918918918919, 0.9672297297297298)",2,94.6611486486486,42427
"(0.8928571428571429, 0.9607142857142856)",1,94.66071428571443,42428
"(0.8464285714285714, 0.9607142857142856)",3,94.6607142857144,42431
"(0.8857142857142857, 0.95)",1,94.6607142857143,42432
"(0.8857142857142857, 0.9571428571428572)",1,94.66071428571428,42433
"(0.9321428571428572, 0.9464285714285714)",1,94.66071428571426,42434
"(0.9428571428571428, 0.9392857142857144)",1,94.66071428571423,42435
"(0.9428571428571428, 0.9535714285714286)",1,94.66071428571423,42436
"(0.9571428571428572, 0.9571428571428572)",1,94.66071428571422,42437
"(0.9607142857142856, 0.95)",1,94.66071428571422,42438
"(0.9285714285714286, 0.9535714285714286)",4,94.66071428571408,42442
"(0.685, 0.9740909090909092)",1,94.66045454545446,42443
"(0.805, 0.9625)",1,94.66000000000012,42444
"(0.945, 0.9475)",1,94.66000000000004,42445
"(0.795, 0.95)",1,94.66,42446
"(0.5034090909090909, 0.9992424242424244)",1,94.65984848484857,42447
"(0.8672297297297298, 0.9722972972972972)",1,94.65945945945948,42448
"(0.9529411764705882, 0.9529411764705882)",1,94.65882352941172,42449
"(0.8672297297297298, 0.9672297297297298)",1,94.65878378378376,42450
"(0.4375, 0.9981060606060606)",1,94.65833333333342,42451
"(0.9041666666666668, 0.9791666666666666)",1,94.65833333333332,42452
"(0.868421052631579, 0.9780701754385964)",4,94.65789473684217,42456
"(0.5921052631578947, 0.9692982456140352)",1,94.65789473684217,42457
"(0.868421052631579, 0.9736842105263158)",1,94.65789473684214,42458
"(0.7719298245614035, 0.9692982456140352)",1,94.65789473684214,42459
"(0.8464912280701754, 0.9692982456140352)",1,94.65789473684214,42460
"(0.4956140350877193, 0.9605263157894736)",1,94.65789473684214,42461
"(0.9166666666666666, 0.956140350877193)",1,94.65789473684214,42462
"(0.7675438596491229, 0.9605263157894736)",1,94.65789473684214,42463
"(0.8289473684210527, 0.9429824561403508)",1,94.65789473684212,42464
"(0.945, 0.945)",3,94.65750000000013,42467
"(0.8625, 0.95)",1,94.6575000000001,42468
"(0.915, 0.95)",2,94.65750000000008,42470
"(0.885, 0.95)",3,94.65750000000006,42473
"(0.9357142857142856, 0.9607142857142856)",1,94.65714285714294,42474
"(0.8928571428571429, 0.9571428571428572)",1,94.65714285714286,42475
"(0.8678571428571429, 0.9571428571428572)",1,94.65714285714284,42476
"(0.9678571428571427, 0.95)",2,94.6571428571428,42478
"(0.9428571428571428, 0.9464285714285714)",1,94.65714285714276,42479
"(0.8445945945945946, 0.966554054054054)",4,94.65540540540542,42483
"(0.83, 0.9425)",1,94.6550000000001,42484
"(0.9525, 0.9625)",1,94.65500000000009,42485
"(0.9575, 0.945)",2,94.655,42487
"(0.8475, 0.95)",1,94.655,42488
"(0.7775, 0.96)",1,94.6549999999999,42489
"(0.9428571428571428, 0.9642857142857144)",1,94.65357142857142,42490
"(0.8821428571428571, 0.9607142857142856)",2,94.65357142857142,42492
"(0.8071428571428572, 0.95)",1,94.6535714285714,42493
"(0.5964285714285714, 0.9607142857142856)",1,94.65357142857138,42494
"(0.9428571428571428, 0.9571428571428572)",1,94.65357142857135,42495
"(0.4964285714285714, 0.9571428571428572)",3,94.65357142857134,42498
"(0.9428571428571428, 0.9642857142857144)",1,94.65357142857133,42499
"(0.9607142857142856, 0.9535714285714286)",1,94.65357142857133,42500
"(0.9071428571428573, 0.9571428571428572)",1,94.6535714285713,42501
"(0.8571428571428571, 0.9535714285714286)",1,94.65357142857128,42502
"(0.8245614035087719, 0.9780701754385964)",1,94.65350877192992,42503
"(0.7894736842105263, 0.9517543859649122)",3,94.65350877192986,42506
"(0.7192982456140351, 0.956140350877193)",1,94.65350877192984,42507
"(0.7719298245614035, 0.9649122807017544)",1,94.65350877192984,42508
"(0.9342105263157896, 0.9517543859649122)",1,94.65350877192984,42509
"(0.8245614035087719, 0.9649122807017544)",1,94.65350877192982,42510
"(0.8903508771929824, 0.956140350877193)",2,94.65350877192982,42512
"(0.6754385964912281, 0.9649122807017544)",1,94.6535087719298,42513
"(0.8552631578947368, 0.9912280701754386)",3,94.6535087719298,42516
"(0.4333333333333333, 0.9992424242424244)",1,94.65303030303036,42517
"(0.9166666666666666, 0.9861111111111112)",1,94.65277777777796,42518
"(0.8333333333333334, 0.9722222222222222)",1,94.65277777777796,42519
"(0.9305555555555556, 0.9861111111111112)",1,94.65277777777796,42520
"(0.8888888888888888, 0.9722222222222222)",2,94.65277777777794,42522
"(0.8611111111111112, 0.9861111111111112)",2,94.65277777777794,42524
"(0.9166666666666666, 0.9861111111111112)",1,94.65277777777794,42525
"(0.8194444444444444, 0.9861111111111112)",1,94.65277777777791,42526
"(0.9166666666666666, 0.9861111111111112)",1,94.65277777777791,42527
"(0.7638888888888888, 0.9722222222222222)",1,94.6527777777779,42528
"(0.8333333333333334, 0.9722222222222222)",1,94.6527777777779,42529
"(0.6944444444444444, 0.9722222222222222)",2,94.6527777777779,42531
"(0.9027777777777778, 0.9861111111111112)",1,94.65277777777789,42532
"(0.9305555555555556, 0.9722222222222222)",1,94.65277777777789,42533
"(0.9305555555555556, 1.0)",1,94.65277777777786,42534
"(0.9027777777777778, 0.9722222222222222)",1,94.65277777777784,42535
"(0.7638888888888888, 1.0)",1,94.65277777777784,42536
"(0.8472222222222222, 0.9861111111111112)",1,94.6527777777778,42537
"(0.9583333333333334, 1.0)",1,94.6527777777778,42538
"(0.8055555555555556, 1.0)",1,94.6527777777778,42539
"(0.875, 0.9444444444444444)",2,94.65277777777776,42541
"(0.96, 0.9475)",1,94.6525000000001,42542
"(0.8225, 0.9525)",1,94.65250000000006,42543
"(0.7975, 0.9475)",1,94.65250000000005,42544
"(0.5975, 0.9475)",1,94.65250000000005,42545
"(0.52125, 0.97375)",1,94.65250000000002,42546
"(0.9075, 0.9575)",2,94.65249999999996,42548
"(0.8025, 0.96)",1,94.65249999999992,42549
"(0.96, 0.9575)",1,94.65249999999988,42550
"(0.4132575757575757, 0.9924242424242424)",3,94.651893939394,42553
"(0.8023255813953488, 0.9767441860465116)",1,94.6511627906978,42554
"(0.3372093023255814, 1.0)",1,94.65116279069774,42555
"(0.5930232558139535, 0.9883720930232558)",1,94.65116279069774,42556
"(0.6046511627906976, 0.9651162790697676)",1,94.65116279069773,42557
"(0.5116279069767442, 0.9767441860465116)",1,94.65116279069773,42558
"(0.8837209302325582, 0.9651162790697676)",2,94.65116279069768,42560
"(0.8837209302325582, 0.9534883720930232)",1,94.65116279069764,42561
"(0.6976744186046512, 0.9651162790697676)",1,94.65116279069764,42562
"(0.6976744186046512, 0.9767441860465116)",1,94.65116279069764,42563
"(0.8604651162790697, 0.9767441860465116)",1,94.6511627906976,42564
"(0.5930232558139535, 0.9651162790697676)",1,94.6511627906976,42565
"(0.8837209302325582, 0.9534883720930232)",1,94.65116279069755,42566
"(0.8604651162790697, 0.9651162790697676)",1,94.65116279069755,42567
"(0.4418604651162791, 0.9651162790697676)",1,94.65116279069755,42568
"(0.8837209302325582, 0.9651162790697676)",1,94.65116279069754,42569
"(0.6627906976744186, 0.9534883720930232)",1,94.65116279069753,42570
"(0.4418604651162791, 0.9534883720930232)",1,94.65116279069753,42571
"(0.6744186046511628, 0.9534883720930232)",1,94.6511627906975,42572
"(0.9125, 0.95)",2,94.65000000000018,42574
"(0.9464285714285714, 0.9571428571428572)",2,94.65000000000012,42576
"(0.9, 0.9375)",1,94.6500000000001,42577
"(0.9166666666666666, 0.9833333333333332)",1,94.65000000000006,42578
"(0.8833333333333333, 0.9833333333333332)",2,94.65000000000006,42580
"(0.8125, 0.9375)",1,94.65000000000003,42581
"(0.9666666666666668, 0.975)",1,94.65000000000003,42582
"(0.9, 1.0)",1,94.65000000000003,42583
"(0.9225, 0.9475)",1,94.65000000000002,42584
"(0.9833333333333332, 1.0)",1,94.65,42585
"(0.825, 0.975)",1,94.65,42586
"(0.9666666666666668, 1.0)",1,94.65,42587
"(0.9333333333333332, 1.0)",1,94.65,42588
"(0.85, 1.0)",1,94.65,42589
"(0.9428571428571428, 0.9464285714285714)",2,94.65,42591
"(0.8833333333333333, 1.0)",1,94.65,42592
"(0.9571428571428572, 0.95)",1,94.64999999999998,42593
"(0.9525, 0.94)",1,94.64999999999998,42594
"(0.9791666666666666, 0.975)",2,94.64999999999992,42596
"(0.96, 0.94)",1,94.64999999999992,42597
"(0.9, 0.9535714285714286)",1,94.64999999999992,42598
"(0.8857142857142857, 0.9571428571428572)",1,94.64999999999988,42599
"(0.845, 0.9575)",1,94.64999999999986,42600
"(0.925, 0.9428571428571428)",1,94.6499999999998,42601
"(0.9464285714285714, 0.9535714285714286)",3,94.6499999999998,42604
"(0.9298245614035088, 0.9692982456140352)",1,94.6491228070177,42605
"(0.8070175438596491, 0.9605263157894736)",1,94.6491228070176,42606
"(0.8201754385964912, 0.9649122807017544)",1,94.64912280701758,42607
"(0.543859649122807, 0.956140350877193)",3,94.64912280701756,42610
"(0.8552631578947368, 0.9605263157894736)",1,94.64912280701756,42611
"(0.7719298245614035, 0.956140350877193)",1,94.64912280701756,42612
"(0.868421052631579, 0.9649122807017544)",7,94.64912280701752,42619
"(0.7719298245614035, 0.9692982456140352)",1,94.64912280701752,42620
"(0.8875, 0.95)",1,94.64750000000008,42621
"(0.9525, 0.9525)",1,94.64750000000006,42622
"(0.955, 0.9525)",1,94.64750000000004,42623
"(0.4925, 0.9475)",3,94.64750000000004,42626
"(0.8725, 0.9475)",1,94.64750000000004,42627
"(0.9075, 0.9625)",2,94.6475,42629
"(0.8725, 0.9575)",3,94.6474999999999,42632
"(0.3318181818181818, 0.9992424242424244)",3,94.64734848484856,42635
"(0.9647058823529412, 0.9176470588235294)",1,94.64705882352932,42636
"(0.8142857142857143, 0.9607142857142856)",3,94.64642857142869,42639
"(0.8392857142857143, 0.9571428571428572)",1,94.64642857142856,42640
"(0.9535714285714286, 0.9571428571428572)",1,94.64642857142856,42641
"(0.9678571428571427, 0.9571428571428572)",1,94.64642857142854,42642
"(0.9464285714285714, 0.95)",1,94.64642857142854,42643
"(0.875, 0.9607142857142856)",1,94.64642857142854,42644
"(0.9535714285714286, 0.9535714285714286)",1,94.64642857142852,42645
"(0.95, 0.95)",6,94.64642857142852,42651
"(0.95, 0.9642857142857144)",1,94.6464285714285,42652
"(0.9392857142857144, 0.9464285714285714)",1,94.6464285714285,42653
"(0.9607142857142856, 0.9428571428571428)",2,94.64642857142849,42655
"(0.9357142857142856, 0.9535714285714286)",1,94.64642857142849,42656
"(0.9035714285714286, 0.9535714285714286)",1,94.64642857142849,42657
"(0.8857142857142857, 0.9357142857142856)",1,94.6464285714284,42658
"(0.831081081081081, 0.9736486486486486)",2,94.64594594594593,42660
"(0.9175, 0.9525)",2,94.64500000000002,42662
"(0.96, 0.9575)",2,94.64499999999998,42664
"(0.83, 0.955)",1,94.64499999999988,42665
"(0.5408783783783784, 0.9706081081081082)",4,94.64493243243236,42669
"(0.8903508771929824, 0.9692982456140352)",3,94.64473684210542,42672
"(0.6359649122807017, 0.956140350877193)",1,94.64473684210532,42673
"(0.8026315789473685, 0.9429824561403508)",2,94.6447368421053,42675
"(0.7192982456140351, 0.9605263157894736)",2,94.64473684210527,42677
"(0.7719298245614035, 0.9473684210526316)",1,94.64473684210527,42678
"(0.9429824561403508, 0.9605263157894736)",1,94.64473684210527,42679
"(0.6929824561403509, 0.9517543859649122)",1,94.64473684210526,42680
"(0.8552631578947368, 0.956140350877193)",1,94.64473684210526,42681
"(0.6215909090909091, 0.999621212121212)",3,94.64356060606066,42684
"(0.3579545454545454, 0.990530303030303)",1,94.64356060606065,42685
"(0.95, 0.9678571428571427)",1,94.64285714285718,42686
"(0.9428571428571428, 0.9214285714285714)",1,94.64285714285715,42687
"(0.95, 0.9535714285714286)",2,94.64285714285712,42689
"(0.9178571428571428, 0.9535714285714286)",1,94.64285714285712,42690
"(0.8285714285714286, 0.9607142857142856)",3,94.64285714285712,42693
"(0.9357142857142856, 0.9571428571428572)",1,94.64285714285712,42694
"(0.8928571428571429, 0.9678571428571427)",1,94.6428571428571,42695
"(0.9178571428571428, 0.95)",1,94.64285714285708,42696
"(0.9464285714285714, 0.9571428571428572)",1,94.64285714285708,42697
"(0.9142857142857144, 0.9535714285714286)",1,94.64285714285704,42698
"(0.95, 0.95)",1,94.64250000000013,42699
"(0.7925, 0.945)",1,94.6425,42700
"(0.845, 0.955)",1,94.64249999999994,42701
"(0.5141891891891892, 0.9682432432432432)",1,94.64222972972972,42702
"(0.8260135135135135, 0.9672297297297298)",4,94.64189189189187,42706
"(0.8412162162162162, 0.9695945945945946)",4,94.64121621621626,42710
"(0.881578947368421, 0.9692982456140352)",2,94.64035087719304,42712
"(0.7850877192982456, 0.9692982456140352)",1,94.64035087719304,42713
"(0.8114035087719298, 0.9780701754385964)",1,94.640350877193,42714
"(0.8377192982456141, 0.956140350877193)",2,94.640350877193,42716
"(0.8728070175438597, 0.9692982456140352)",1,94.640350877193,42717
"(0.8991228070175439, 0.9692982456140352)",1,94.640350877193,42718
"(0.925438596491228, 0.956140350877193)",1,94.64035087719296,42719
"(0.925438596491228, 0.9429824561403508)",1,94.64035087719294,42720
"(0.868421052631579, 0.9736842105263158)",1,94.64035087719294,42721
"(0.905, 0.9525)",1,94.64000000000016,42722
"(0.8675, 0.9475)",1,94.64000000000014,42723
"(0.84, 0.9475)",1,94.64000000000014,42724
"(0.955, 0.9475)",3,94.64000000000009,42727
"(0.545, 0.9525)",1,94.64000000000009,42728
"(0.8225, 0.955)",1,94.64,42729
"(0.925, 0.9475)",1,94.63999999999996,42730
"(0.945, 0.955)",1,94.63999999999986,42731
"(0.7558139534883721, 0.9767441860465116)",1,94.6395348837211,42732
"(0.9302325581395348, 0.9767441860465116)",1,94.63953488372093,42733
"(0.5465116279069767, 0.9767441860465116)",1,94.6395348837209,42734
"(0.5930232558139535, 0.9767441860465116)",1,94.6395348837209,42735
"(0.8604651162790697, 0.9767441860465116)",1,94.6395348837209,42736
"(0.7790697674418605, 0.9767441860465116)",1,94.63953488372084,42737
"(0.7906976744186046, 0.9767441860465116)",1,94.63953488372084,42738
"(0.3604651162790697, 0.9534883720930232)",1,94.6395348837208,42739
"(0.9302325581395348, 0.9534883720930232)",1,94.6395348837208,42740
"(0.9069767441860463, 0.9534883720930232)",1,94.63953488372078,42741
"(0.8023255813953488, 0.9534883720930232)",1,94.63953488372076,42742
"(0.7558139534883721, 0.9651162790697676)",1,94.63953488372076,42743
"(0.4883720930232558, 0.9534883720930232)",1,94.63953488372074,42744
"(0.7325581395348837, 0.9651162790697676)",1,94.63953488372071,42745
"(0.8928571428571429, 0.9535714285714286)",1,94.63928571428572,42746
"(0.9428571428571428, 0.9535714285714286)",1,94.6392857142857,42747
"(0.9392857142857144, 0.95)",1,94.63928571428568,42748
"(0.925, 0.9571428571428572)",1,94.63928571428563,42749
"(0.8928571428571429, 0.9464285714285714)",1,94.6392857142856,42750
"(0.8464285714285714, 0.9535714285714286)",1,94.63928571428558,42751
"(0.9, 0.9535714285714286)",1,94.63928571428552,42752
"(0.3954545454545454, 0.9988636363636364)",2,94.6390151515152,42754
"(0.7638888888888888, 0.9861111111111112)",1,94.63888888888908,42755
"(0.9722222222222222, 0.9722222222222222)",1,94.63888888888908,42756
"(0.8055555555555556, 0.9861111111111112)",1,94.63888888888908,42757
"(0.8611111111111112, 0.9722222222222222)",1,94.63888888888906,42758
"(0.8888888888888888, 0.9861111111111112)",1,94.63888888888904,42759
"(0.7777777777777778, 1.0)",1,94.63888888888904,42760
"(0.7916666666666666, 0.9861111111111112)",1,94.638888888889,42761
"(0.8194444444444444, 1.0)",1,94.638888888889,42762
"(0.9166666666666666, 0.9583333333333334)",1,94.638888888889,42763
"(0.7083333333333334, 1.0)",1,94.638888888889,42764
"(0.9027777777777778, 0.9861111111111112)",1,94.638888888889,42765
"(0.9166666666666666, 0.9861111111111112)",2,94.63888888888896,42767
"(0.8194444444444444, 0.9861111111111112)",2,94.63888888888896,42769
"(0.7083333333333334, 1.0)",1,94.63888888888891,42770
"(0.9166666666666666, 0.9861111111111112)",1,94.6388888888889,42771
"(0.8611111111111112, 1.0)",4,94.63888888888889,42775
"(0.7655405405405405, 0.972972972972973)",4,94.63885135135132,42779
"(0.875, 0.9625)",1,94.63750000000016,42780
"(0.7375, 0.95)",1,94.63750000000016,42781
"(0.85, 0.95)",1,94.63750000000012,42782
"(0.9525, 0.9425)",1,94.63750000000012,42783
"(0.8875, 0.95)",1,94.63750000000007,42784
"(0.85, 0.95)",1,94.63750000000007,42785
"(0.9, 0.975)",1,94.63750000000005,42786
"(0.91, 0.9525)",1,94.63750000000005,42787
"(0.85, 0.975)",2,94.6375,42789
"(0.9225, 0.95)",1,94.63749999999996,42790
"(0.945, 0.95)",3,94.63749999999996,42793
"(0.9875, 0.9916666666666668)",4,94.63749999999996,42797
"(0.8625, 0.975)",1,94.6374999999998,42798
"(0.5701754385964912, 0.9517543859649122)",3,94.63596491228076,42801
"(0.912280701754386, 0.9605263157894736)",1,94.63596491228076,42802
"(0.8333333333333334, 0.9649122807017544)",1,94.63596491228074,42803
"(0.8070175438596491, 0.9605263157894736)",1,94.63596491228073,42804
"(0.8728070175438597, 0.9517543859649122)",3,94.63596491228073,42807
"(0.8903508771929824, 0.9605263157894736)",3,94.63596491228073,42810
"(0.8552631578947368, 0.9429824561403508)",1,94.63596491228068,42811
"(0.8462837837837838, 0.966554054054054)",1,94.63581081081075,42812
"(0.9, 0.95)",1,94.63571428571436,42813
"(0.9464285714285714, 0.9535714285714286)",1,94.63571428571431,42814
"(0.9071428571428573, 0.95)",1,94.63571428571429,42815
"(0.9035714285714286, 0.9607142857142856)",1,94.63571428571429,42816
"(0.9535714285714286, 0.9571428571428572)",1,94.63571428571426,42817
"(0.9392857142857144, 0.9571428571428572)",1,94.63571428571424,42818
"(0.9357142857142856, 0.9678571428571427)",1,94.63571428571424,42819
"(0.925, 0.95)",1,94.63571428571424,42820
"(0.9464285714285714, 0.9714285714285714)",1,94.63571428571424,42821
"(0.9214285714285714, 0.9392857142857144)",1,94.63571428571422,42822
"(0.9464285714285714, 0.9678571428571427)",1,94.6357142857142,42823
"(0.9535714285714286, 0.95)",1,94.63571428571416,42824
"(0.2462121212121212, 0.9973484848484848)",1,94.63560606060612,42825
"(0.5058823529411764, 0.9294117647058824)",1,94.63529411764682,42826
"(0.4753787878787879, 0.993939393939394)",3,94.63522727272732,42829
"(0.9375, 0.9475)",1,94.63500000000016,42830
"(0.925, 0.955)",1,94.63500000000008,42831
"(0.5825, 0.9475)",1,94.635,42832
"(0.368560606060606, 0.9931818181818182)",3,94.63409090909096,42835
"(0.8023648648648649, 0.9685810810810812)",4,94.63378378378378,42839
"(0.8216216216216217, 0.9743243243243244)",1,94.63344594594594,42840
"(0.95, 0.9833333333333332)",1,94.6333333333334,42841
"(0.7833333333333333, 1.0)",1,94.63333333333334,42842
"(0.9833333333333332, 1.0)",2,94.63333333333334,42844
"(1.0, 1.0)",2,94.63333333333333,42846
"(0.9833333333333332, 1.0)",1,94.63333333333333,42847
"(0.9791666666666666, 0.9916666666666668)",4,94.63333333333328,42851
"(0.96, 0.9475)",2,94.63250000000002,42853
"(0.8425, 0.9375)",1,94.63249999999996,42854
"(0.9425, 0.9575)",1,94.63249999999994,42855
"(0.77, 0.945)",1,94.63249999999992,42856
"(0.945, 0.945)",1,94.63249999999988,42857
"(0.8571428571428571, 0.9607142857142856)",3,94.632142857143,42860
"(0.8928571428571429, 0.9571428571428572)",1,94.63214285714288,42861
"(0.8392857142857143, 0.9571428571428572)",2,94.63214285714288,42863
"(0.5964285714285714, 0.9607142857142856)",1,94.6321428571428,42864
"(0.9785714285714284, 0.9607142857142856)",1,94.6321428571428,42865
"(0.95, 0.9607142857142856)",3,94.6321428571428,42868
"(0.8571428571428571, 0.9535714285714286)",2,94.63214285714272,42870
"(0.8157894736842105, 0.9692982456140352)",3,94.63157894736858,42873
"(0.8859649122807017, 0.9824561403508772)",1,94.6315789473685,42874
"(0.7719298245614035, 0.9605263157894736)",1,94.63157894736848,42875
"(0.8201754385964912, 0.9692982456140352)",1,94.63157894736848,42876
"(0.6228070175438597, 0.9780701754385964)",1,94.63157894736848,42877
"(0.8245614035087719, 0.9605263157894736)",3,94.63157894736844,42880
"(0.8640350877192983, 0.9692982456140352)",1,94.63157894736844,42881
"(0.8421052631578947, 0.9649122807017544)",1,94.63157894736842,42882
"(0.789527027027027, 0.9743243243243244)",2,94.6310810810811,42884
"(0.84, 0.95)",1,94.6300000000001,42885
"(0.8325, 0.9475)",1,94.63000000000004,42886
"(0.785, 0.955)",1,94.63,42887
"(0.9107142857142856, 0.9428571428571428)",1,94.62857142857143,42888
"(0.9392857142857144, 0.9464285714285714)",1,94.6285714285714,42889
"(0.9107142857142856, 0.9571428571428572)",2,94.6285714285714,42891
"(0.4285714285714285, 0.9785714285714284)",3,94.62857142857138,42894
"(0.9428571428571428, 0.9571428571428572)",1,94.62857142857132,42895
"(0.9428571428571428, 0.9535714285714286)",3,94.62857142857123,42898
"(0.6395348837209303, 0.9767441860465116)",1,94.62790697674428,42899
"(0.7790697674418605, 0.9767441860465116)",1,94.62790697674424,42900
"(0.813953488372093, 0.9651162790697676)",1,94.6279069767442,42901
"(0.8372093023255814, 0.9534883720930232)",1,94.62790697674416,42902
"(0.6976744186046512, 0.9534883720930232)",1,94.62790697674416,42903
"(0.7093023255813954, 0.9418604651162792)",1,94.62790697674414,42904
"(0.4883720930232558, 0.9883720930232558)",1,94.62790697674414,42905
"(0.4302325581395348, 0.9767441860465116)",1,94.62790697674411,42906
"(0.6976744186046512, 0.9651162790697676)",1,94.62790697674411,42907
"(0.627906976744186, 0.9767441860465116)",1,94.6279069767441,42908
"(0.5697674418604651, 0.9767441860465116)",2,94.6279069767441,42910
"(0.5116279069767442, 0.9534883720930232)",1,94.62790697674409,42911
"(0.5232558139534884, 0.9651162790697676)",1,94.62790697674406,42912
"(0.5232558139534884, 0.9418604651162792)",1,94.62790697674406,42913
"(0.8837209302325582, 0.9651162790697676)",1,94.62790697674404,42914
"(0.8023255813953488, 0.9651162790697676)",1,94.62790697674404,42915
"(0.4418604651162791, 0.9534883720930232)",1,94.627906976744,42916
"(0.5813953488372093, 0.9534883720930232)",1,94.627906976744,42917
"(0.8604651162790697, 0.9534883720930232)",1,94.627906976744,42918
"(0.7558139534883721, 0.9534883720930232)",1,94.627906976744,42919
"(0.5697674418604651, 0.9534883720930232)",1,94.627906976744,42920
"(0.8953488372093024, 0.9534883720930232)",1,94.627906976744,42921
"(0.8953488372093024, 0.9651162790697676)",1,94.627906976744,42922
"(0.6275, 0.95)",1,94.62750000000015,42923
"(0.8725, 0.9525)",1,94.6275000000001,42924
"(0.86, 0.9525)",1,94.6275000000001,42925
"(0.8975, 0.9475)",1,94.62750000000008,42926
"(0.945, 0.945)",1,94.62750000000004,42927
"(0.835, 0.9525)",1,94.62750000000004,42928
"(0.9375, 0.955)",3,94.62749999999993,42931
"(0.755, 0.9575)",1,94.6274999999999,42932
"(0.525, 0.99125)",1,94.6274999999998,42933
"(0.8552631578947368, 0.986842105263158)",1,94.62719298245628,42934
"(0.7894736842105263, 0.9692982456140352)",1,94.62719298245626,42935
"(0.881578947368421, 0.9517543859649122)",3,94.62719298245618,42938
"(0.7982456140350878, 0.9649122807017544)",1,94.62719298245618,42939
"(0.6008771929824561, 0.9517543859649122)",2,94.62719298245617,42941
"(0.8596491228070176, 0.956140350877193)",1,94.62719298245617,42942
"(0.8377192982456141, 0.9736842105263158)",1,94.62719298245614,42943
"(0.925438596491228, 0.9517543859649122)",1,94.62719298245612,42944
"(0.8728070175438597, 0.9736842105263158)",1,94.62719298245612,42945
"(0.4909090909090909, 0.9962121212121212)",3,94.62689393939397,42948
"(0.765530303030303, 0.999621212121212)",1,94.6257575757576,42949
"(0.7763513513513514, 0.9719594594594596)",1,94.62533783783783,42950
"(0.8333333333333334, 0.9722222222222222)",1,94.6250000000002,42951
"(0.9305555555555556, 0.9722222222222222)",1,94.6250000000002,42952
"(0.8888888888888888, 0.9722222222222222)",1,94.62500000000016,42953
"(0.925, 0.95)",2,94.62500000000016,42955
"(0.75, 0.9861111111111112)",2,94.62500000000016,42957
"(0.895, 0.9475)",1,94.62500000000014,42958
"(0.875, 0.9722222222222222)",2,94.62500000000014,42960
"(0.9166666666666666, 0.9722222222222222)",1,94.62500000000014,42961
"(0.8888888888888888, 0.9861111111111112)",1,94.62500000000011,42962
"(0.9027777777777778, 0.9722222222222222)",1,94.62500000000011,42963
"(0.9125, 0.95)",1,94.62500000000011,42964
"(0.8194444444444444, 0.9861111111111112)",2,94.62500000000011,42966
"(0.875, 0.9722222222222222)",1,94.6250000000001,42967
"(0.4132575757575757, 0.9943181818181818)",2,94.62500000000009,42969
"(0.8055555555555556, 0.9861111111111112)",1,94.62500000000009,42970
"(0.9583333333333334, 1.0)",2,94.62500000000009,42972
"(0.9305555555555556, 1.0)",1,94.62500000000004,42973
"(0.8125, 0.975)",1,94.625,42974
"(0.9625, 0.9625)",2,94.625,42976
"(0.9444444444444444, 1.0)",2,94.625,42978
"(0.8571428571428571, 0.9535714285714286)",1,94.625,42979
"(0.915, 0.9475)",3,94.625,42982
"(0.9392857142857144, 0.9464285714285714)",1,94.62499999999996,42983
"(0.8678571428571429, 0.95)",1,94.62499999999996,42984
"(0.9375, 0.9791666666666666)",1,94.62499999999996,42985
"(0.8464285714285714, 0.95)",1,94.62499999999996,42986
"(0.8678571428571429, 0.9535714285714286)",1,94.62499999999991,42987
"(0.9125, 0.9575)",3,94.62499999999991,42990
"(0.8125, 0.9625)",2,94.62499999999991,42992
"(0.9428571428571428, 0.9571428571428572)",3,94.62499999999991,42995
"(0.9035714285714286, 0.95)",1,94.62499999999991,42996
"(0.9428571428571428, 0.9571428571428572)",1,94.62499999999989,42997
"(0.9178571428571428, 0.9571428571428572)",1,94.62499999999989,42998
"(0.75, 0.975)",1,94.62499999999982,42999
"(0.8875, 0.975)",1,94.6249999999998,43000
"(0.5773648648648648, 0.9726351351351352)",4,94.62466216216218,43004
"(0.7178030303030303, 0.9988636363636364)",1,94.62462121212126,43005
"(0.8470588235294118, 0.9294117647058824)",3,94.62352941176448,43008
"(0.4659090909090909, 0.9973484848484848)",3,94.62310606060608,43011
"(0.8070175438596491, 0.9517543859649122)",1,94.62280701754392,43012
"(0.9473684210526316, 0.9912280701754386)",1,94.62280701754392,43013
"(0.7807017543859649, 0.9736842105263158)",1,94.6228070175439,43014
"(0.868421052631579, 0.9517543859649122)",1,94.62280701754388,43015
"(0.7236842105263158, 0.9605263157894736)",1,94.62280701754388,43016
"(0.868421052631579, 0.9824561403508772)",1,94.62280701754388,43017
"(0.4517543859649123, 0.9736842105263158)",1,94.62280701754388,43018
"(0.7192982456140351, 0.9692982456140352)",3,94.62280701754383,43021
"(0.8475, 0.9475)",1,94.62250000000007,43022
"(0.64125, 0.98125)",1,94.62250000000006,43023
"(0.9525, 0.9525)",3,94.62250000000004,43026
"(0.89, 0.9525)",1,94.62250000000002,43027
"(0.8025, 0.9575)",1,94.6225,43028
"(0.9525, 0.945)",1,94.6225,43029
"(0.88, 0.9575)",2,94.62249999999987,43031
"(0.8402027027027027, 0.9699324324324324)",4,94.62162162162168,43035
"(0.925, 0.95)",2,94.62142857142858,43037
"(0.8857142857142857, 0.9642857142857144)",1,94.62142857142857,43038
"(0.9535714285714286, 0.9535714285714286)",1,94.62142857142852,43039
"(0.95, 0.9464285714285714)",1,94.62142857142852,43040
"(0.9607142857142856, 0.9571428571428572)",3,94.62142857142852,43043
"(0.7807432432432433, 0.9662162162162162)",4,94.6212837837838,43047
"(0.9125, 0.9708333333333332)",1,94.62083333333337,43048
"(0.975, 0.9875)",4,94.62083333333324,43052
"(0.9125, 0.9475)",1,94.62000000000018,43053
"(0.8025, 0.9525)",1,94.6200000000001,43054
"(0.945, 0.9375)",1,94.62000000000003,43055
"(0.835, 0.9525)",1,94.62000000000002,43056
"(0.9375, 0.955)",2,94.61999999999998,43058
"(0.8225, 0.9575)",1,94.61999999999992,43059
"(0.86, 0.96)",2,94.61999999999992,43061
"(0.5310810810810811, 0.9672297297297298)",1,94.61858108108108,43062
"(0.7675438596491229, 0.9649122807017544)",1,94.6184210526316,43063
"(0.8026315789473685, 0.956140350877193)",1,94.6184210526316,43064
"(0.8947368421052632, 0.9692982456140352)",1,94.6184210526316,43065
"(0.8289473684210527, 0.956140350877193)",3,94.6184210526316,43068
"(0.5, 0.9736842105263158)",1,94.6184210526316,43069
"(0.4605263157894737, 0.9649122807017544)",1,94.61842105263158,43070
"(0.8201754385964912, 0.9780701754385964)",1,94.61842105263158,43071
"(0.7149122807017544, 0.9649122807017544)",1,94.61842105263158,43072
"(0.8552631578947368, 0.9912280701754386)",1,94.61842105263156,43073
"(0.8640350877192983, 0.9736842105263158)",3,94.61842105263156,43076
"(0.9, 0.95)",1,94.61785714285728,43077
"(0.85, 0.9571428571428572)",3,94.61785714285712,43080
"(0.925, 0.975)",1,94.61785714285708,43081
"(0.9, 0.9571428571428572)",1,94.61785714285708,43082
"(0.8892857142857142, 0.9535714285714286)",1,94.61785714285703,43083
"(0.8425, 0.95)",1,94.61750000000008,43084
"(0.7925, 0.955)",1,94.6175,43085
"(0.9075, 0.9575)",2,94.61749999999996,43087
"(0.4333333333333333, 0.9984848484848484)",3,94.6170454545455,43090
"(0.8166666666666667, 0.9833333333333332)",1,94.61666666666676,43091
"(0.9166666666666666, 0.9833333333333332)",1,94.61666666666672,43092
"(0.95, 0.9833333333333332)",2,94.61666666666672,43094
"(1.0, 0.9833333333333332)",1,94.61666666666672,43095
"(0.85, 1.0)",1,94.6166666666667,43096
"(0.9333333333333332, 1.0)",1,94.61666666666667,43097
"(1.0, 1.0)",1,94.61666666666667,43098
"(0.9958333333333332, 0.7916666666666666)",1,94.61666666666665,43099
"(0.8604651162790697, 0.9767441860465116)",1,94.6162790697676,43100
"(0.8604651162790697, 0.9767441860465116)",1,94.61627906976756,43101
"(0.8604651162790697, 0.9651162790697676)",1,94.61627906976751,43102
"(0.8372093023255814, 0.9651162790697676)",1,94.61627906976744,43103
"(0.8372093023255814, 0.9651162790697676)",1,94.61627906976736,43104
"(0.9534883720930232, 0.9534883720930232)",1,94.61627906976732,43105
"(0.7209302325581395, 0.9767441860465116)",1,94.61627906976732,43106
"(0.872093023255814, 0.9651162790697676)",1,94.61627906976726,43107
"(0.5465116279069767, 0.9534883720930232)",1,94.61627906976726,43108
"(0.8513513513513513, 0.9668918918918918)",4,94.61587837837835,43112
"(0.7675, 0.95)",1,94.61500000000008,43113
"(0.915, 0.95)",2,94.61500000000008,43115
"(0.8625, 0.9525)",1,94.61500000000004,43116
"(0.9075, 0.95)",2,94.61500000000002,43118
"(0.8325, 0.955)",1,94.615,43119
"(0.7325, 0.96)",1,94.61499999999992,43120
"(0.93, 0.945)",3,94.61499999999988,43123
"(0.9392857142857144, 0.9535714285714286)",1,94.61428571428578,43124
"(0.9428571428571428, 0.9571428571428572)",1,94.61428571428576,43125
"(0.9464285714285714, 0.9607142857142856)",1,94.61428571428576,43126
"(0.8964285714285715, 0.9714285714285714)",1,94.6142857142857,43127
"(0.825, 0.95)",1,94.61428571428569,43128
"(0.875, 0.9178571428571428)",1,94.61428571428569,43129
"(0.9214285714285714, 0.9357142857142856)",1,94.61428571428569,43130
"(0.9428571428571428, 0.9571428571428572)",1,94.61428571428564,43131
"(0.8535714285714285, 0.975)",1,94.6142857142856,43132
"(0.9428571428571428, 0.9571428571428572)",1,94.6142857142856,43133
"(0.793859649122807, 0.9692982456140352)",1,94.61403508771936,43134
"(0.7763157894736842, 0.9649122807017544)",1,94.61403508771934,43135
"(0.5657894736842105, 0.9736842105263158)",6,94.61403508771932,43141
"(0.7894736842105263, 0.9473684210526316)",1,94.61403508771932,43142
"(0.8640350877192983, 0.9473684210526316)",1,94.61403508771932,43143
"(0.8245614035087719, 0.956140350877193)",3,94.6140350877193,43146
"(0.8596491228070176, 0.9649122807017544)",3,94.6140350877193,43149
"(0.7719298245614035, 0.956140350877193)",4,94.61403508771924,43153
"(0.8, 0.95)",1,94.61250000000018,43154
"(0.8375, 0.975)",1,94.61250000000015,43155
"(0.9375, 0.95)",1,94.61250000000014,43156
"(0.8725, 0.9525)",1,94.61250000000013,43157
"(0.8275, 0.9475)",3,94.61250000000008,43160
"(0.9, 0.95)",1,94.61250000000008,43161
"(0.8625, 0.95)",1,94.61250000000008,43162
"(0.85, 0.9525)",1,94.61250000000004,43163
"(0.9833333333333332, 0.7833333333333333)",1,94.61250000000004,43164
"(0.95, 0.9525)",2,94.61250000000004,43166
"(0.8125, 0.95)",1,94.61250000000004,43167
"(0.9, 0.975)",1,94.61250000000004,43168
"(0.8125, 0.975)",2,94.6125,43170
"(0.85, 0.975)",1,94.61249999999995,43171
"(0.8875, 0.945)",1,94.6124999999999,43172
"(0.8712837837837838, 0.970945945945946)",4,94.61216216216216,43176
"(0.7058823529411765, 0.9294117647058824)",1,94.61176470588224,43177
"(0.5058823529411764, 0.9411764705882352)",6,94.61176470588214,43183
"(0.5058823529411764, 0.9411764705882352)",3,94.61176470588212,43186
"(0.9027777777777778, 0.9722222222222222)",1,94.61111111111128,43187
"(0.9027777777777778, 0.9722222222222222)",1,94.61111111111126,43188
"(0.6805555555555556, 1.0)",1,94.61111111111124,43189
"(0.8888888888888888, 0.9861111111111112)",1,94.61111111111124,43190
"(0.7083333333333334, 0.9861111111111112)",1,94.61111111111124,43191
"(0.8888888888888888, 0.9722222222222222)",1,94.61111111111124,43192
"(0.875, 0.9861111111111112)",1,94.61111111111124,43193
"(0.8333333333333334, 0.9861111111111112)",1,94.6111111111112,43194
"(0.9027777777777778, 0.9722222222222222)",1,94.6111111111112,43195
"(0.9166666666666666, 1.0)",2,94.61111111111114,43197
"(0.9444444444444444, 1.0)",1,94.61111111111111,43198
"(0.8888888888888888, 0.9861111111111112)",1,94.61111111111111,43199
"(0.8611111111111112, 0.9583333333333334)",2,94.61111111111106,43201
"(0.8964285714285715, 0.95)",1,94.61071428571434,43202
"(0.8678571428571429, 0.9571428571428572)",3,94.61071428571428,43205
"(0.95, 0.95)",1,94.61071428571428,43206
"(0.8857142857142857, 0.9535714285714286)",2,94.61071428571424,43208
"(0.9428571428571428, 0.9714285714285714)",1,94.61071428571424,43209
"(0.9357142857142856, 0.95)",1,94.61071428571422,43210
"(0.9178571428571428, 0.9535714285714286)",1,94.61071428571422,43211
"(0.9, 0.95)",1,94.6107142857142,43212
"(0.5516891891891892, 0.9780405405405406)",3,94.61013513513517,43215
"(0.95, 0.95)",1,94.61000000000011,43216
"(0.9425, 0.955)",1,94.61,43217
"(0.881578947368421, 0.9429824561403508)",1,94.60964912280708,43218
"(0.706140350877193, 0.9649122807017544)",1,94.60964912280708,43219
"(0.881578947368421, 0.9429824561403508)",1,94.60964912280706,43220
"(0.5263157894736842, 0.956140350877193)",1,94.609649122807,43221
"(0.7327702702702703, 0.9706081081081082)",2,94.60912162162155,43223
"(0.9875, 0.7916666666666666)",1,94.60833333333332,43224
"(0.84, 0.95)",1,94.6075000000001,43225
"(0.905, 0.95)",1,94.60750000000002,43226
"(0.8571428571428571, 0.95)",1,94.60714285714286,43227
"(0.875, 0.9607142857142856)",1,94.60714285714285,43228
"(0.9464285714285714, 0.9535714285714286)",1,94.60714285714282,43229
"(0.9071428571428573, 0.9678571428571427)",1,94.60714285714282,43230
"(0.9535714285714286, 0.95)",1,94.6071428571428,43231
"(0.7964285714285714, 0.9535714285714286)",1,94.60714285714268,43232
"(0.8928571428571429, 0.9428571428571428)",1,94.60714285714268,43233
"(0.9071428571428573, 0.9535714285714286)",1,94.60714285714266,43234
"(0.48875, 0.965)",1,94.60625000000002,43235
"(0.6037162162162162, 0.9695945945945946)",1,94.60540540540543,43236
"(0.9078947368421052, 0.9736842105263158)",1,94.6052631578948,43237
"(0.6885964912280702, 0.9736842105263158)",1,94.60526315789478,43238
"(0.4956140350877193, 0.9649122807017544)",1,94.60526315789475,43239
"(0.8201754385964912, 0.956140350877193)",3,94.60526315789474,43242
"(0.8245614035087719, 0.9605263157894736)",3,94.60526315789474,43245
"(0.735, 0.9525)",1,94.60500000000008,43246
"(0.86, 0.945)",2,94.60500000000006,43248
"(0.815, 0.94)",1,94.60500000000005,43249
"(0.8225, 0.9475)",1,94.60499999999998,43250
"(0.96, 0.955)",1,94.60499999999988,43251
"(0.7558139534883721, 0.9767441860465116)",4,94.60465116279089,43255
"(0.627906976744186, 1.0)",2,94.60465116279082,43257
"(0.4767441860465116, 0.9651162790697676)",1,94.60465116279076,43258
"(0.8255813953488372, 0.9883720930232558)",1,94.60465116279074,43259
"(0.6976744186046512, 0.9534883720930232)",1,94.60465116279072,43260
"(0.4883720930232558, 0.9767441860465116)",1,94.60465116279065,43261
"(0.627906976744186, 0.9651162790697676)",2,94.60465116279065,43263
"(0.8604651162790697, 0.9767441860465116)",1,94.60465116279062,43264
"(0.3023255813953488, 0.9651162790697676)",1,94.6046511627906,43265
"(0.7906976744186046, 0.9651162790697676)",1,94.6046511627906,43266
"(0.6744186046511628, 0.9651162790697676)",1,94.60465116279056,43267
"(0.5930232558139535, 0.9767441860465116)",1,94.60465116279056,43268
"(0.8953488372093024, 0.9651162790697676)",1,94.60465116279052,43269
"(0.6744186046511628, 0.9534883720930232)",1,94.60465116279052,43270
"(0.6744186046511628, 0.9534883720930232)",1,94.60465116279052,43271
"(0.9302325581395348, 0.9534883720930232)",1,94.60465116279047,43272
"(0.95, 0.9607142857142856)",1,94.60357142857158,43273
"(0.8535714285714285, 0.9571428571428572)",1,94.60357142857144,43274
"(0.9464285714285714, 0.9535714285714286)",2,94.60357142857144,43276
"(0.95, 0.9607142857142856)",1,94.60357142857136,43277
"(0.9392857142857144, 0.9535714285714286)",1,94.60357142857126,43278
"(0.8678571428571429, 0.9571428571428572)",1,94.60357142857126,43279
"(0.7429054054054054, 0.9679054054054054)",2,94.60337837837842,43281
"(0.8091216216216216, 0.9695945945945946)",1,94.6027027027027,43282
"(0.95, 0.945)",2,94.6025,43284
"(0.925, 0.955)",1,94.6025,43285
"(0.8675, 0.9575)",1,94.60249999999994,43286
"(0.5890151515151515, 0.9981060606060606)",3,94.601893939394,43289
"(0.8289473684210527, 0.9649122807017544)",1,94.60087719298252,43290
"(0.8377192982456141, 0.9385964912280702)",1,94.6008771929825,43291
"(0.7675438596491229, 0.956140350877193)",1,94.60087719298244,43292
"(0.9125, 0.95)",1,94.60000000000016,43293
"(0.775, 0.9475)",1,94.60000000000012,43294
"(0.85, 0.975)",1,94.6000000000001,43295
"(0.85, 0.9625)",1,94.60000000000008,43296
"(0.9333333333333332, 0.9833333333333332)",1,94.60000000000008,43297
"(0.6, 0.976470588235294)",1,94.60000000000008,43298
"(0.9333333333333332, 0.9833333333333332)",1,94.60000000000008,43299
"(0.8875, 0.9625)",1,94.60000000000008,43300
"(0.9125, 0.9791666666666666)",1,94.60000000000004,43301
"(0.935, 0.9525)",1,94.60000000000004,43302
"(0.9166666666666666, 1.0)",1,94.60000000000002,43303
"(0.9125, 0.9708333333333332)",2,94.60000000000002,43305
"(0.9607142857142856, 0.975)",2,94.6,43307
"(0.9333333333333332, 1.0)",1,94.6,43308
"(1.0, 1.0)",1,94.6,43309
"(0.85, 1.0)",1,94.6,43310
"(0.9666666666666668, 1.0)",1,94.6,43311
"(0.9291666666666668, 0.9708333333333332)",1,94.59999999999998,43312
"(0.8275, 0.9525)",1,94.59999999999998,43313
"(0.9678571428571427, 0.9607142857142856)",1,94.59999999999998,43314
"(0.9, 0.9571428571428572)",1,94.59999999999994,43315
"(0.9571428571428572, 0.9642857142857144)",1,94.59999999999994,43316
"(0.9357142857142856, 0.9571428571428572)",1,94.59999999999992,43317
"(0.855, 0.955)",1,94.59999999999992,43318
"(0.9357142857142856, 0.9535714285714286)",2,94.59999999999988,43320
"(0.8375, 0.975)",1,94.59999999999988,43321
"(0.9178571428571428, 0.9535714285714286)",1,94.59999999999988,43322
"(0.8875, 0.95)",1,94.59750000000012,43323
"(0.9575, 0.955)",3,94.59750000000012,43326
"(0.93, 0.9525)",3,94.59750000000008,43329
"(0.735, 0.955)",1,94.59750000000004,43330
"(0.915, 0.9525)",1,94.59750000000004,43331
"(0.835, 0.955)",1,94.5975,43332
"(0.9575, 0.9375)",1,94.59749999999998,43333
"(0.7725, 0.955)",1,94.59749999999993,43334
"(0.89, 0.945)",1,94.59749999999984,43335
"(0.805, 0.96)",1,94.5974999999998,43336
"(0.9175, 0.96)",1,94.59749999999976,43337
"(0.8611111111111112, 0.9861111111111112)",1,94.5972222222224,43338
"(0.8611111111111112, 0.9722222222222222)",1,94.59722222222236,43339
"(0.8611111111111112, 0.9861111111111112)",2,94.59722222222236,43341
"(0.7916666666666666, 0.9861111111111112)",1,94.59722222222236,43342
"(0.6944444444444444, 0.9861111111111112)",1,94.59722222222234,43343
"(0.625, 1.0)",1,94.59722222222231,43344
"(0.9166666666666666, 1.0)",1,94.59722222222231,43345
"(0.9305555555555556, 0.9722222222222222)",2,94.59722222222231,43347
"(0.8194444444444444, 0.9861111111111112)",1,94.59722222222231,43348
"(0.8611111111111112, 0.9861111111111112)",1,94.59722222222231,43349
"(0.8611111111111112, 0.9861111111111112)",1,94.5972222222223,43350
"(0.9444444444444444, 1.0)",1,94.59722222222229,43351
"(0.5657894736842105, 0.9605263157894736)",1,94.59649122807028,43352
"(0.4824561403508772, 0.9692982456140352)",3,94.59649122807028,43355
"(0.4517543859649123, 0.9605263157894736)",1,94.59649122807024,43356
"(0.7763157894736842, 0.9824561403508772)",1,94.59649122807024,43357
"(0.706140350877193, 0.9692982456140352)",6,94.5964912280702,43363
"(0.8070175438596491, 0.9649122807017544)",6,94.59649122807018,43369
"(0.868421052631579, 0.9517543859649122)",3,94.59649122807016,43372
"(0.8964285714285715, 0.95)",1,94.5964285714287,43373
"(0.9392857142857144, 0.9392857142857144)",1,94.59642857142856,43374
"(0.9642857142857144, 0.9392857142857144)",1,94.59642857142856,43375
"(0.95, 0.9535714285714286)",1,94.59642857142856,43376
"(0.95, 0.9571428571428572)",1,94.59642857142852,43377
"(0.9142857142857144, 0.9392857142857144)",1,94.59642857142843,43378
"(0.9428571428571428, 0.9428571428571428)",2,94.5964285714284,43380
"(0.9875, 0.9833333333333332)",1,94.59583333333327,43381
"(0.8216216216216217, 0.9679054054054054)",1,94.59527027027023,43382
"(0.5113636363636364, 0.9988636363636364)",1,94.59507575757576,43383
"(0.86, 0.95)",1,94.59500000000013,43384
"(0.695, 0.955)",1,94.59499999999996,43385
"(0.8875, 0.9658783783783784)",1,94.59493243243249,43386
"(0.5253378378378378, 0.9719594594594596)",4,94.59493243243246,43390
"(0.872093023255814, 0.9767441860465116)",1,94.59302325581405,43391
"(0.8023255813953488, 0.9767441860465116)",1,94.59302325581402,43392
"(0.872093023255814, 1.0)",1,94.59302325581402,43393
"(0.8023255813953488, 0.9651162790697676)",1,94.593023255814,43394
"(0.5930232558139535, 1.0)",1,94.593023255814,43395
"(0.5116279069767442, 0.9651162790697676)",1,94.593023255814,43396
"(0.872093023255814, 0.9767441860465116)",1,94.59302325581396,43397
"(0.8372093023255814, 0.9767441860465116)",1,94.59302325581396,43398
"(0.8372093023255814, 0.9883720930232558)",1,94.59302325581396,43399
"(0.5697674418604651, 0.9767441860465116)",1,94.59302325581392,43400
"(0.5813953488372093, 0.9767441860465116)",2,94.5930232558139,43402
"(0.6976744186046512, 0.9302325581395348)",1,94.5930232558139,43403
"(0.8837209302325582, 0.9767441860465116)",1,94.5930232558139,43404
"(0.4534883720930232, 0.9534883720930232)",2,94.59302325581388,43406
"(0.872093023255814, 0.9651162790697676)",1,94.59302325581386,43407
"(0.8837209302325582, 0.9534883720930232)",1,94.59302325581385,43408
"(0.8953488372093024, 0.9534883720930232)",1,94.5930232558138,43409
"(0.7674418604651163, 0.9651162790697676)",2,94.5930232558138,43411
"(0.5116279069767442, 0.9534883720930232)",1,94.59302325581378,43412
"(0.8837209302325582, 0.9534883720930232)",1,94.59302325581378,43413
"(0.7906976744186046, 0.9651162790697676)",1,94.59302325581378,43414
"(0.8953488372093024, 0.9651162790697676)",2,94.59302325581372,43416
"(0.8372093023255814, 0.9534883720930232)",1,94.59302325581372,43417
"(0.8678571428571429, 0.95)",1,94.59285714285724,43418
"(0.925, 0.95)",1,94.59285714285724,43419
"(0.8928571428571429, 0.9571428571428572)",1,94.59285714285708,43420
"(0.9392857142857144, 0.9571428571428572)",1,94.59285714285706,43421
"(0.9525, 0.9425)",1,94.59250000000009,43422
"(0.95, 0.9475)",2,94.59250000000006,43424
"(0.785, 0.95)",1,94.59250000000006,43425
"(0.905, 0.955)",1,94.59250000000004,43426
"(0.9075, 0.95)",2,94.59250000000004,43428
"(0.8875, 0.96)",3,94.59249999999996,43431
"(0.955, 0.955)",3,94.59249999999996,43434
"(0.7325, 0.96)",1,94.59249999999992,43435
"(0.8025, 0.96)",1,94.59249999999987,43436
"(0.368560606060606, 0.9992424242424244)",3,94.59242424242429,43439
"(0.8327702702702703, 0.9706081081081082)",4,94.5922297297297,43443
"(0.881578947368421, 0.9649122807017544)",1,94.59210526315805,43444
"(0.8552631578947368, 0.9780701754385964)",4,94.592105263158,43448
"(0.8728070175438597, 0.9517543859649122)",1,94.59210526315796,43449
"(0.7587719298245614, 0.9649122807017544)",1,94.59210526315796,43450
"(0.8201754385964912, 0.956140350877193)",1,94.5921052631579,43451
"(0.7192982456140351, 0.956140350877193)",1,94.5921052631579,43452
"(0.8289473684210527, 0.956140350877193)",1,94.5921052631579,43453
"(0.8289473684210527, 0.9649122807017544)",2,94.59210526315788,43455
"(0.5402027027027027, 0.9652027027027028)",1,94.59155405405406,43456
"(0.8810810810810811, 0.972972972972973)",2,94.5902027027026,43458
"(0.5117424242424242, 0.9984848484848484)",3,94.5901515151516,43461
"(0.835, 0.9525)",1,94.59000000000006,43462
"(0.885, 0.9475)",3,94.59000000000005,43465
"(0.9525, 0.9525)",1,94.59000000000005,43466
"(0.7307692307692307, 1.0)",1,94.5897435897436,43467
"(0.9607142857142856, 0.9642857142857144)",1,94.58928571428577,43468
"(0.9285714285714286, 0.9714285714285714)",1,94.5892857142857,43469
"(0.8071428571428572, 0.9535714285714286)",1,94.5892857142857,43470
"(0.9535714285714286, 0.9428571428571428)",1,94.58928571428568,43471
"(0.8785714285714286, 0.9535714285714286)",1,94.58928571428558,43472
"(0.47375, 0.975)",1,94.58874999999986,43473
"(0.209090909090909, 0.9977272727272728)",3,94.58825757575764,43476
"(0.6352941176470588, 0.9294117647058824)",1,94.58823529411758,43477
"(0.912280701754386, 0.9692982456140352)",1,94.58771929824576,43478
"(0.7719298245614035, 0.9692982456140352)",3,94.58771929824576,43481
"(0.912280701754386, 0.9692982456140352)",1,94.58771929824572,43482
"(0.8114035087719298, 0.9649122807017544)",3,94.58771929824567,43485
"(0.8771929824561403, 0.9429824561403508)",1,94.58771929824567,43486
"(0.7587719298245614, 0.9605263157894736)",3,94.58771929824567,43489
"(0.7280701754385965, 0.9824561403508772)",1,94.58771929824567,43490
"(0.7763157894736842, 0.9605263157894736)",1,94.58771929824566,43491
"(0.881578947368421, 0.9649122807017544)",1,94.58771929824564,43492
"(0.8596491228070176, 0.956140350877193)",3,94.58771929824564,43495
"(0.8289473684210527, 0.9736842105263158)",1,94.5877192982456,43496
"(0.8875, 0.9625)",1,94.58750000000018,43497
"(0.8125, 0.95)",2,94.58750000000018,43499
"(0.875, 0.95)",2,94.58750000000018,43501
"(0.7875, 0.95)",1,94.58750000000016,43502
"(0.8125, 0.9375)",1,94.58750000000016,43503
"(0.8125, 0.95)",1,94.58750000000012,43504
"(0.75, 0.95)",1,94.5875000000001,43505
"(0.6375, 0.95)",1,94.5875000000001,43506
"(0.85, 0.95)",1,94.58750000000008,43507
"(0.8, 0.95)",1,94.58750000000006,43508
"(0.875, 0.975)",1,94.58750000000006,43509
"(0.9375, 0.95)",1,94.5875,43510
"(0.9833333333333332, 0.9875)",4,94.58749999999996,43514
"(0.9, 0.9875)",2,94.5874999999999,43516
"(0.6875, 0.9625)",1,94.58749999999988,43517
"(0.85, 0.96)",1,94.58749999999988,43518
"(0.85, 0.9575)",1,94.58749999999986,43519
"(0.7318181818181818, 0.9922727272727272)",2,94.58727272727268,43521
"(0.8260135135135135, 0.9655405405405404)",1,94.58682432432435,43522
"(0.9310810810810812, 0.9699324324324324)",1,94.58682432432433,43523
"(0.9, 0.9535714285714286)",1,94.5857142857143,43524
"(0.9571428571428572, 0.9571428571428572)",1,94.58571428571418,43525
"(0.8928571428571429, 0.9535714285714286)",1,94.58571428571408,43526
"(0.9142857142857144, 0.9535714285714286)",3,94.58571428571408,43529
"(0.95, 0.9535714285714286)",3,94.58571428571408,43532
"(0.5939189189189189, 0.9662162162162162)",4,94.58513513513512,43536
"(0.7825, 0.945)",1,94.58500000000012,43537
"(0.84, 0.9525)",1,94.58500000000006,43538
"(0.95, 0.9475)",1,94.58500000000004,43539
"(0.8825, 0.9475)",1,94.58500000000004,43540
"(0.7775, 0.9525)",1,94.58500000000002,43541
"(0.915, 0.9575)",1,94.585,43542
"(0.8875, 0.95)",1,94.585,43543
"(0.89, 0.9425)",1,94.58499999999994,43544
"(0.83, 0.96)",1,94.58499999999994,43545
"(0.51375, 0.975)",1,94.58375,43546
"(0.8333333333333334, 0.9861111111111112)",1,94.58333333333356,43547
"(0.7638888888888888, 0.9861111111111112)",1,94.58333333333351,43548
"(0.6944444444444444, 0.9722222222222222)",1,94.58333333333348,43549
"(0.8194444444444444, 0.9722222222222222)",1,94.58333333333346,43550
"(0.8194444444444444, 0.9861111111111112)",1,94.58333333333344,43551
"(0.9166666666666666, 1.0)",1,94.5833333333334,43552
"(0.8333333333333334, 0.9605263157894736)",3,94.58333333333336,43555
"(0.8888888888888888, 0.9861111111111112)",1,94.58333333333336,43556
"(0.8596491228070176, 0.9649122807017544)",1,94.58333333333336,43557
"(0.8596491228070176, 0.9605263157894736)",3,94.58333333333336,43560
"(0.8245614035087719, 0.9605263157894736)",1,94.58333333333334,43561
"(0.9078947368421052, 0.9605263157894736)",1,94.58333333333334,43562
"(0.9305555555555556, 1.0)",1,94.58333333333334,43563
"(0.9166666666666666, 1.0)",3,94.58333333333334,43566
"(0.8166666666666667, 1.0)",1,94.58333333333334,43567
"(0.8666666666666667, 1.0)",1,94.58333333333334,43568
"(0.9791666666666666, 0.8)",1,94.58333333333331,43569
"(0.85, 1.0)",1,94.58333333333331,43570
"(0.8421052631578947, 0.9605263157894736)",1,94.58333333333331,43571
"(0.875, 0.9444444444444444)",1,94.5833333333333,43572
"(0.95, 1.0)",1,94.5833333333333,43573
"(0.9, 1.0)",1,94.58333333333329,43574
"(0.8472222222222222, 0.9583333333333334)",1,94.58333333333329,43575
"(0.815, 0.955)",1,94.5825000000001,43576
"(0.9525, 0.945)",1,94.58249999999995,43577
"(0.9607142857142856, 0.9571428571428572)",1,94.58214285714286,43578
"(0.95, 0.9678571428571427)",1,94.58214285714284,43579
"(0.9607142857142856, 0.9392857142857144)",1,94.58214285714276,43580
"(0.8928571428571429, 0.9464285714285714)",1,94.58214285714276,43581
"(0.9464285714285714, 0.9464285714285714)",1,94.58214285714276,43582
"(0.8964285714285715, 0.9535714285714286)",1,94.58214285714268,43583
"(0.8821428571428571, 0.9535714285714286)",4,94.58214285714266,43587
"(0.8837209302325582, 0.9767441860465116)",1,94.58139534883732,43588
"(0.6162790697674418, 1.0)",1,94.58139534883732,43589
"(0.8837209302325582, 0.9883720930232558)",1,94.58139534883728,43590
"(0.6744186046511628, 0.9534883720930232)",1,94.58139534883728,43591
"(0.7674418604651163, 1.0)",1,94.58139534883728,43592
"(0.5697674418604651, 0.9767441860465116)",1,94.5813953488372,43593
"(0.8372093023255814, 0.9767441860465116)",1,94.58139534883712,43594
"(0.8837209302325582, 0.9534883720930232)",2,94.58139534883712,43596
"(0.8372093023255814, 0.9302325581395348)",1,94.58139534883708,43597
"(0.7790697674418605, 0.9418604651162792)",1,94.58139534883706,43598
"(0.8953488372093024, 0.9534883720930232)",1,94.58139534883703,43599
"(0.7325581395348837, 0.9534883720930232)",1,94.58139534883703,43600
"(0.8604651162790697, 0.9534883720930232)",1,94.58139534883703,43601
"(0.6976744186046512, 0.9534883720930232)",2,94.581395348837,43603
"(0.5116279069767442, 0.9651162790697676)",1,94.581395348837,43604
"(0.1859848484848484, 0.9977272727272728)",3,94.5810606060606,43607
"(0.5800675675675676, 0.9692567567567568)",1,94.58074324324322,43608
"(0.577027027027027, 0.981418918918919)",1,94.5804054054054,43609
"(0.9375, 0.95)",1,94.58000000000008,43610
"(0.8275, 0.9525)",1,94.58,43611
"(0.9575, 0.94)",1,94.58,43612
"(0.95, 0.9525)",3,94.57999999999996,43615
"(0.5709459459459459, 0.9662162162162162)",4,94.57972972972968,43619
"(0.9791666666666666, 0.95)",1,94.57916666666668,43620
"(0.9277027027027028, 0.9719594594594596)",1,94.579054054054,43621
"(0.8464912280701754, 0.9736842105263158)",1,94.57894736842118,43622
"(0.7105263157894737, 0.9736842105263158)",1,94.57894736842113,43623
"(0.5745614035087719, 0.9517543859649122)",1,94.5789473684211,43624
"(0.8771929824561403, 0.9736842105263158)",2,94.57894736842108,43626
"(0.9078947368421052, 0.9605263157894736)",1,94.57894736842108,43627
"(0.8552631578947368, 0.9692982456140352)",1,94.57894736842108,43628
"(0.8201754385964912, 0.9736842105263158)",1,94.57894736842108,43629
"(0.8640350877192983, 0.9649122807017544)",3,94.57894736842104,43632
"(0.925438596491228, 0.9429824561403508)",1,94.57894736842104,43633
"(0.9535714285714286, 0.9607142857142856)",1,94.57857142857144,43634
"(0.9357142857142856, 0.9464285714285714)",1,94.57857142857144,43635
"(0.95, 0.9392857142857144)",1,94.57857142857144,43636
"(0.9285714285714286, 0.9392857142857144)",1,94.57857142857134,43637
"(0.875, 0.9571428571428572)",1,94.57857142857124,43638
"(0.9357142857142856, 0.9428571428571428)",1,94.5785714285712,43639
"(0.4659090909090909, 0.9943181818181818)",2,94.57803030303036,43641
"(0.93, 0.9475)",1,94.57750000000011,43642
"(0.925, 0.9525)",1,94.5775000000001,43643
"(0.945, 0.94)",1,94.57750000000004,43644
"(0.915, 0.9525)",1,94.57750000000004,43645
"(0.95, 0.9525)",3,94.5775,43648
"(0.845, 0.95)",1,94.57749999999992,43649
"(0.3537878787878787, 0.9943181818181818)",3,94.576893939394,43652
"(0.9647058823529412, 0.9058823529411764)",2,94.57647058823528,43654
"(0.8705882352941177, 0.9294117647058824)",1,94.57647058823528,43655
"(0.8235294117647058, 0.9529411764705882)",1,94.57647058823524,43656
"(0.9176470588235294, 0.9294117647058824)",3,94.57647058823508,43659
"(0.9647058823529412, 0.9411764705882352)",6,94.57647058823508,43665
"(0.9125, 0.95)",1,94.5750000000002,43666
"(0.8375, 0.95)",1,94.5750000000002,43667
"(0.8125, 0.95)",2,94.5750000000002,43669
"(0.875, 0.95)",1,94.57500000000016,43670
"(0.9, 0.95)",1,94.57500000000016,43671
"(0.775, 0.9625)",2,94.57500000000016,43673
"(0.7375, 0.9525)",1,94.57500000000012,43674
"(0.8375, 0.95)",1,94.5750000000001,43675
"(0.8125, 0.95)",1,94.57500000000007,43676
"(0.85, 0.95)",1,94.57500000000007,43677
"(0.8375, 0.95)",1,94.57500000000007,43678
"(0.925, 0.9625)",1,94.57500000000007,43679
"(0.9208333333333332, 0.9541666666666668)",1,94.57500000000005,43680
"(0.9, 0.975)",1,94.57500000000005,43681
"(0.8375, 0.9625)",1,94.57500000000002,43682
"(0.9642857142857144, 0.9392857142857144)",1,94.57500000000002,43683
"(0.8125, 0.9625)",1,94.575,43684
"(0.8857142857142857, 0.95)",1,94.575,43685
"(0.5, 0.9625)",1,94.575,43686
"(0.9392857142857144, 0.95)",1,94.575,43687
"(0.9464285714285714, 0.9535714285714286)",1,94.57499999999996,43688
"(0.9107142857142856, 0.9392857142857144)",1,94.57499999999996,43689
"(0.7525, 0.95)",1,94.57499999999996,43690
"(0.8725, 0.9575)",1,94.57499999999996,43691
"(0.9178571428571428, 0.9571428571428572)",1,94.57499999999992,43692
"(0.6625, 0.975)",1,94.57499999999987,43693
"(0.8875, 0.975)",4,94.57499999999987,43697
"(0.7325, 0.9575)",1,94.57499999999986,43698
"(0.9, 0.9535714285714286)",1,94.57499999999985,43699
"(0.8728070175438597, 0.9473684210526316)",1,94.5745614035088,43700
"(0.6622807017543859, 0.9385964912280702)",1,94.5745614035088,43701
"(0.8640350877192983, 0.9649122807017544)",1,94.57456140350878,43702
"(0.7894736842105263, 0.9473684210526316)",2,94.57456140350877,43704
"(0.6578947368421053, 0.9517543859649122)",3,94.57456140350877,43707
"(0.9310810810810812, 0.9743243243243244)",4,94.5726351351352,43711
"(0.9575, 0.9425)",1,94.57250000000002,43712
"(0.96, 0.9575)",1,94.57249999999998,43713
"(0.83, 0.9575)",1,94.57249999999988,43714
"(0.9357142857142856, 0.95)",1,94.57142857142868,43715
"(0.8071428571428572, 0.9428571428571428)",1,94.57142857142864,43716
"(0.9321428571428572, 0.95)",1,94.5714285714286,43717
"(0.9178571428571428, 0.9571428571428572)",1,94.57142857142856,43718
"(0.9178571428571428, 0.9464285714285714)",1,94.57142857142856,43719
"(0.9571428571428572, 0.9678571428571427)",1,94.57142857142854,43720
"(0.9392857142857144, 0.9535714285714286)",1,94.57142857142848,43721
"(0.9607142857142856, 0.9678571428571427)",1,94.57142857142848,43722
"(0.9535714285714286, 0.95)",1,94.57142857142848,43723
"(0.9, 0.9571428571428572)",1,94.57142857142838,43724
"(0.9142857142857144, 0.9428571428571428)",1,94.57142857142836,43725
"(0.9, 0.9535714285714286)",1,94.57142857142831,43726
"(0.9875, 0.9833333333333332)",2,94.57083333333333,43728
"(0.7719298245614035, 0.9692982456140352)",1,94.57017543859656,43729
"(0.8333333333333334, 0.9605263157894736)",1,94.57017543859656,43730
"(0.5614035087719298, 0.9649122807017544)",5,94.57017543859652,43735
"(0.8596491228070176, 0.9605263157894736)",1,94.57017543859652,43736
"(0.8728070175438597, 0.956140350877193)",1,94.57017543859652,43737
"(0.5, 0.9692982456140352)",1,94.57017543859652,43738
"(0.8464912280701754, 0.9692982456140352)",1,94.57017543859652,43739
"(0.925438596491228, 0.9605263157894736)",1,94.57017543859648,43740
"(0.7894736842105263, 0.9649122807017544)",1,94.57017543859646,43741
"(0.6929824561403509, 0.9605263157894736)",1,94.57017543859646,43742
"(0.9375, 0.9625)",1,94.57000000000006,43743
"(0.9625, 0.9575)",1,94.57,43744
"(0.96, 0.95)",2,94.57,43746
"(0.7925, 0.9575)",1,94.56999999999992,43747
"(0.9651162790697676, 0.9767441860465116)",1,94.56976744186063,43748
"(0.5116279069767442, 0.9767441860465116)",1,94.5697674418605,43749
"(0.872093023255814, 0.9534883720930232)",1,94.56976744186048,43750
"(0.8372093023255814, 0.9767441860465116)",1,94.56976744186044,43751
"(0.7093023255813954, 0.9651162790697676)",1,94.56976744186036,43752
"(0.4883720930232558, 0.9534883720930232)",1,94.56976744186036,43753
"(0.9302325581395348, 0.9534883720930232)",1,94.56976744186032,43754
"(0.4418604651162791, 0.9534883720930232)",1,94.56976744186032,43755
"(0.6976744186046512, 0.9534883720930232)",1,94.56976744186028,43756
"(0.533445945945946, 0.9692567567567568)",1,94.5695945945946,43757
"(0.8472222222222222, 0.9722222222222222)",1,94.56944444444464,43758
"(0.9166666666666666, 0.9722222222222222)",1,94.56944444444464,43759
"(0.9166666666666666, 0.9861111111111112)",1,94.56944444444464,43760
"(0.5972222222222222, 0.9861111111111112)",2,94.5694444444446,43762
"(0.7777777777777778, 1.0)",1,94.56944444444451,43763
"(0.625, 0.9861111111111112)",2,94.56944444444451,43765
"(0.7777777777777778, 1.0)",1,94.5694444444445,43766
"(0.9583333333333334, 1.0)",2,94.5694444444445,43768
"(0.9166666666666666, 0.9722222222222222)",1,94.56944444444449,43769
"(0.9027777777777778, 0.9861111111111112)",1,94.56944444444449,43770
"(0.8472222222222222, 0.9444444444444444)",2,94.56944444444444,43772
"(0.59875, 0.985)",1,94.56874999999998,43773
"(0.7483108108108109, 0.9628378378378378)",3,94.56858108108108,43776
"(0.7996621621621621, 0.9726351351351352)",1,94.56824324324324,43777
"(0.8142857142857143, 0.9571428571428572)",1,94.56785714285718,43778
"(0.9, 0.9535714285714286)",2,94.56785714285716,43780
"(0.8964285714285715, 0.9571428571428572)",1,94.56785714285714,43781
"(0.8535714285714285, 0.9607142857142856)",1,94.56785714285712,43782
"(0.9392857142857144, 0.9535714285714286)",1,94.56785714285712,43783
"(0.5964285714285714, 0.9607142857142856)",3,94.5678571428571,43786
"(0.925, 0.9607142857142856)",1,94.56785714285708,43787
"(0.9571428571428572, 0.9535714285714286)",1,94.56785714285708,43788
"(0.925, 0.9571428571428572)",1,94.56785714285706,43789
"(0.8285714285714286, 0.9571428571428572)",1,94.56785714285704,43790
"(0.8625, 0.955)",1,94.56749999999994,43791
"(0.9375, 0.9575)",4,94.56749999999992,43795
"(0.4132575757575757, 0.9962121212121212)",3,94.5670454545455,43798
"(0.9166666666666666, 0.9833333333333332)",1,94.56666666666672,43799
"(0.9333333333333332, 1.0)",1,94.5666666666667,43800
"(0.85, 1.0)",1,94.5666666666667,43801
"(0.8666666666666667, 1.0)",1,94.56666666666668,43802
"(0.8833333333333333, 1.0)",1,94.56666666666668,43803
"(0.75, 1.0)",1,94.56666666666668,43804
"(0.85, 1.0)",1,94.56666666666668,43805
"(0.8833333333333333, 1.0)",1,94.56666666666666,43806
"(1.0, 1.0)",1,94.56666666666666,43807
"(0.9833333333333332, 1.0)",2,94.56666666666666,43809
"(0.8625, 0.9916666666666668)",1,94.56666666666656,43810
"(0.8773648648648649, 0.9682432432432432)",1,94.5658783783784,43811
"(0.7719298245614035, 0.9605263157894736)",1,94.56578947368428,43812
"(0.6885964912280702, 0.9649122807017544)",2,94.56578947368423,43814
"(0.8289473684210527, 0.9385964912280702)",1,94.56578947368423,43815
"(0.881578947368421, 0.9692982456140352)",1,94.56578947368423,43816
"(0.8333333333333334, 0.9605263157894736)",2,94.56578947368423,43818
"(0.8728070175438597, 0.9736842105263158)",1,94.56578947368422,43819
"(0.8289473684210527, 0.9473684210526316)",2,94.5657894736842,43821
"(0.6929824561403509, 0.9517543859649122)",1,94.56578947368418,43822
"(0.8289473684210527, 0.9517543859649122)",1,94.56578947368418,43823
"(0.9166666666666666, 0.9649122807017544)",1,94.56578947368412,43824
"(0.4079545454545454, 0.9962121212121212)",1,94.56553030303031,43825
"(0.8975, 0.95)",1,94.56500000000013,43826
"(0.9275, 0.9525)",3,94.56500000000004,43829
"(0.915, 0.9325)",3,94.565,43832
"(0.77, 0.96)",4,94.56499999999996,43836
"(0.795, 0.96)",1,94.56499999999996,43837
"(0.9575, 0.9375)",1,94.56499999999994,43838
"(0.8625, 0.9575)",6,94.56499999999993,43844
"(0.8705882352941177, 0.9529411764705882)",1,94.5647058823529,43845
"(0.4, 0.9411764705882352)",1,94.5647058823529,43846
"(0.4352941176470588, 0.9294117647058824)",1,94.56470588235284,43847
"(0.95, 0.95)",1,94.5642857142857,43848
"(0.9285714285714286, 0.9464285714285714)",1,94.56428571428567,43849
"(0.875, 0.9357142857142856)",1,94.56428571428567,43850
"(0.9392857142857144, 0.9535714285714286)",2,94.56428571428567,43852
"(0.9285714285714286, 0.9535714285714286)",1,94.56428571428566,43853
"(0.8821428571428571, 0.9571428571428572)",1,94.56428571428565,43854
"(0.9, 0.95)",2,94.56250000000016,43856
"(0.9125, 0.95)",1,94.56250000000014,43857
"(0.805, 0.95)",1,94.56250000000011,43858
"(0.875, 0.95)",1,94.56250000000011,43859
"(0.9425, 0.9525)",1,94.5625000000001,43860
"(0.8875, 0.975)",1,94.56250000000009,43861
"(0.8875, 0.9625)",1,94.56250000000009,43862
"(0.8625, 0.9475)",3,94.56250000000009,43865
"(0.6, 0.9525)",1,94.56250000000006,43866
"(0.8875, 0.9625)",2,94.56250000000006,43868
"(0.8275, 0.9525)",1,94.56250000000004,43869
"(0.9166666666666666, 0.9625)",1,94.56250000000004,43870
"(0.925, 0.9625)",1,94.56250000000004,43871
"(0.7325, 0.96)",1,94.5625,43872
"(0.925, 0.9525)",1,94.56249999999996,43873
"(0.6, 0.9525)",1,94.56249999999996,43874
"(0.9625, 0.975)",1,94.56249999999994,43875
"(0.9791666666666666, 0.9916666666666668)",4,94.56249999999991,43879
"(0.775, 0.975)",1,94.56249999999984,43880
"(0.6973684210526315, 0.9692982456140352)",1,94.56140350877196,43881
"(0.8728070175438597, 0.9692982456140352)",1,94.56140350877196,43882
"(0.7894736842105263, 0.9517543859649122)",2,94.56140350877196,43884
"(0.706140350877193, 0.9692982456140352)",1,94.56140350877196,43885
"(0.8114035087719298, 0.956140350877193)",3,94.56140350877192,43888
"(0.8947368421052632, 0.9473684210526316)",1,94.56140350877192,43889
"(0.7719298245614035, 0.9692982456140352)",1,94.5614035087719,43890
"(0.2488636363636363, 0.999621212121212)",3,94.5613636363637,43893
"(0.8571428571428571, 0.9607142857142856)",3,94.56071428571438,43896
"(0.9607142857142856, 0.95)",1,94.5607142857143,43897
"(0.9428571428571428, 0.9464285714285714)",1,94.56071428571428,43898
"(0.9392857142857144, 0.9678571428571427)",1,94.56071428571428,43899
"(0.95, 0.9392857142857144)",1,94.56071428571428,43900
"(0.9535714285714286, 0.9535714285714286)",1,94.56071428571424,43901
"(0.9392857142857144, 0.9535714285714286)",1,94.56071428571424,43902
"(0.8464285714285714, 0.9428571428571428)",1,94.56071428571424,43903
"(0.8892857142857142, 0.9571428571428572)",3,94.5607142857142,43906
"(0.9392857142857144, 0.9607142857142856)",1,94.5607142857142,43907
"(0.95, 0.9642857142857144)",2,94.5607142857142,43909
"(0.925, 0.9535714285714286)",1,94.5607142857141,43910
"(0.9225, 0.955)",1,94.56000000000006,43911
"(0.945, 0.945)",1,94.56000000000004,43912
"(0.8225, 0.955)",2,94.56000000000002,43914
"(0.725, 0.96)",2,94.55999999999992,43916
"(0.9875, 0.9833333333333332)",1,94.55833333333337,43917
"(0.7906976744186046, 0.9767441860465116)",1,94.55813953488386,43918
"(0.8604651162790697, 0.9767441860465116)",2,94.55813953488384,43920
"(0.8604651162790697, 0.9883720930232558)",1,94.55813953488372,43921
"(0.8604651162790697, 0.9418604651162792)",1,94.55813953488368,43922
"(0.3023255813953488, 0.9534883720930232)",1,94.55813953488368,43923
"(0.8372093023255814, 0.9767441860465116)",1,94.55813953488368,43924
"(0.6744186046511628, 0.9767441860465116)",1,94.55813953488368,43925
"(0.8604651162790697, 0.9767441860465116)",2,94.55813953488368,43927
"(0.6744186046511628, 0.9767441860465116)",1,94.55813953488364,43928
"(0.7209302325581395, 0.9302325581395348)",1,94.5581395348836,43929
"(0.872093023255814, 0.9418604651162792)",1,94.55813953488358,43930
"(0.9069767441860463, 0.9418604651162792)",1,94.55813953488358,43931
"(0.7790697674418605, 0.9418604651162792)",1,94.55813953488357,43932
"(0.8488372093023255, 0.9534883720930232)",1,94.55813953488357,43933
"(0.6976744186046512, 0.9418604651162792)",1,94.55813953488357,43934
"(0.8953488372093024, 0.9651162790697676)",1,94.55813953488357,43935
"(0.4651162790697674, 0.9534883720930232)",1,94.55813953488352,43936
"(0.5813953488372093, 0.9534883720930232)",1,94.55813953488352,43937
"(0.5116279069767442, 0.9651162790697676)",1,94.55813953488352,43938
"(0.8604651162790697, 0.9651162790697676)",1,94.55813953488348,43939
"(0.8825, 0.9475)",1,94.55750000000008,43940
"(0.8025, 0.955)",1,94.55750000000002,43941
"(0.905, 0.9575)",1,94.55749999999988,43942
"(0.9428571428571428, 0.9535714285714286)",2,94.55714285714288,43944
"(0.8392857142857143, 0.9571428571428572)",2,94.55714285714284,43946
"(0.9535714285714286, 0.9535714285714286)",3,94.5571428571428,43949
"(0.9357142857142856, 0.9607142857142856)",2,94.5571428571428,43951
"(0.9035714285714286, 0.9642857142857144)",2,94.55714285714268,43953
"(0.9178571428571428, 0.9535714285714286)",1,94.55714285714268,43954
"(0.7456140350877193, 0.9780701754385964)",4,94.5570175438598,43958
"(0.543859649122807, 0.9649122807017544)",1,94.55701754385971,43959
"(0.793859649122807, 0.9649122807017544)",1,94.55701754385969,43960
"(0.5350877192982456, 0.9736842105263158)",1,94.55701754385969,43961
"(0.868421052631579, 0.9605263157894736)",1,94.55701754385966,43962
"(0.8464912280701754, 0.9517543859649122)",3,94.55701754385966,43965
"(0.7368421052631579, 0.9517543859649122)",1,94.55701754385966,43966
"(0.8421052631578947, 0.9692982456140352)",6,94.55701754385964,43972
"(0.8245614035087719, 0.9692982456140352)",1,94.55701754385964,43973
"(0.881578947368421, 0.956140350877193)",1,94.55701754385954,43974
"(0.9131756756756756, 0.9672297297297298)",2,94.55641891891892,43976
"(0.9027777777777778, 0.9722222222222222)",1,94.55555555555576,43977
"(0.7777777777777778, 0.9722222222222222)",1,94.55555555555576,43978
"(0.875, 0.9722222222222222)",1,94.55555555555571,43979
"(0.9027777777777778, 0.9722222222222222)",2,94.55555555555571,43981
"(0.8888888888888888, 0.9861111111111112)",1,94.55555555555571,43982
"(0.6944444444444444, 0.9861111111111112)",1,94.55555555555571,43983
"(0.9166666666666666, 0.9722222222222222)",2,94.5555555555557,43985
"(0.75, 0.9722222222222222)",1,94.55555555555569,43986
"(0.9305555555555556, 0.9861111111111112)",2,94.55555555555569,43988
"(0.8611111111111112, 0.9722222222222222)",1,94.55555555555569,43989
"(0.6805555555555556, 1.0)",1,94.55555555555564,43990
"(0.7083333333333334, 0.9583333333333334)",1,94.5555555555556,43991
"(0.875, 0.9722222222222222)",1,94.5555555555556,43992
"(0.8888888888888888, 0.9444444444444444)",1,94.5555555555555,43993
"(0.9525, 0.95)",3,94.55500000000006,43996
"(0.8575, 0.9525)",1,94.55500000000004,43997
"(0.955, 0.955)",4,94.555,44001
"(0.3484848484848485, 0.9977272727272728)",2,94.5545454545455,44003
"(0.4602272727272727, 0.9954545454545456)",1,94.55454545454548,44004
"(0.8875, 0.9875)",1,94.55416666666667,44005
"(0.9791666666666666, 0.9333333333333332)",1,94.55416666666667,44006
"(0.9875, 0.975)",1,94.55416666666665,44007
"(0.7827702702702702, 0.9692567567567568)",3,94.55405405405408,44010
"(0.50375, 0.97625)",1,94.55374999999992,44011
"(0.8162162162162162, 0.9662162162162162)",2,94.55371621621616,44013
"(0.9035714285714286, 0.95)",1,94.5535714285714,44014
"(0.9642857142857144, 0.9428571428571428)",2,94.5535714285714,44016
"(0.8892857142857142, 0.9571428571428572)",1,94.55357142857136,44017
"(0.9392857142857144, 0.9571428571428572)",1,94.55357142857136,44018
"(0.9, 0.95)",1,94.55357142857136,44019
"(0.8928571428571429, 0.9642857142857144)",3,94.55357142857132,44022
"(0.8571428571428571, 0.9535714285714286)",1,94.55357142857132,44023
"(0.9464285714285714, 0.95)",1,94.5535714285713,44024
"(0.9142857142857144, 0.9535714285714286)",1,94.55357142857125,44025
"(0.9142857142857144, 0.9535714285714286)",3,94.55357142857122,44028
"(0.4, 0.9411764705882352)",3,94.55294117647036,44031
"(0.8026315789473685, 0.9517543859649122)",1,94.55263157894744,44032
"(0.6491228070175439, 0.956140350877193)",2,94.5526315789474,44034
"(0.793859649122807, 0.9780701754385964)",1,94.5526315789474,44035
"(0.7631578947368421, 0.9473684210526316)",1,94.5526315789474,44036
"(0.8552631578947368, 0.9649122807017544)",1,94.55263157894738,44037
"(0.4956140350877193, 0.9517543859649122)",1,94.55263157894738,44038
"(0.8464912280701754, 0.9605263157894736)",2,94.55263157894738,44040
"(0.95, 0.95)",1,94.55250000000008,44041
"(0.9575, 0.9425)",3,94.5525,44044
"(0.6925, 0.945)",1,94.55249999999988,44045
"(0.9, 0.95)",1,94.55000000000015,44046
"(0.9125, 0.975)",1,94.55000000000014,44047
"(0.8375, 0.975)",1,94.55000000000013,44048
"(0.9428571428571428, 0.95)",1,94.55000000000008,44049
"(0.9833333333333332, 0.9833333333333332)",2,94.55000000000008,44051
"(0.775, 0.9625)",1,94.55000000000008,44052
"(0.95, 0.9833333333333332)",1,94.55000000000008,44053
"(0.6625, 0.975)",1,94.55000000000008,44054
"(0.9357142857142856, 0.9464285714285714)",1,94.55000000000004,44055
"(0.85, 0.95)",1,94.55000000000004,44056
"(0.9392857142857144, 0.9571428571428572)",1,94.55,44057
"(0.9666666666666668, 1.0)",1,94.55,44058
"(0.9333333333333332, 1.0)",1,94.55,44059
"(0.875, 0.9535714285714286)",1,94.54999999999995,44060
"(0.9464285714285714, 0.9714285714285714)",1,94.54999999999995,44061
"(0.8392857142857143, 0.9535714285714286)",1,94.54999999999994,44062
"(0.9142857142857144, 0.95)",1,94.54999999999994,44063
"(0.9392857142857144, 0.9392857142857144)",1,94.54999999999993,44064
"(0.8821428571428571, 0.9535714285714286)",1,94.54999999999993,44065
"(0.8225, 0.9475)",1,94.54999999999993,44066
"(0.875, 0.975)",1,94.54999999999988,44067
"(0.8964285714285715, 0.9428571428571428)",1,94.54999999999986,44068
"(0.8212121212121212, 0.9977272727272728)",1,94.54848484848492,44069
"(0.5431818181818182, 0.9962121212121212)",3,94.54848484848488,44072
"(0.8464912280701754, 0.9605263157894736)",1,94.54824561403522,44073
"(0.7763157894736842, 0.956140350877193)",1,94.54824561403512,44074
"(0.8245614035087719, 0.9736842105263158)",1,94.54824561403512,44075
"(0.8289473684210527, 0.9605263157894736)",1,94.54824561403512,44076
"(0.7149122807017544, 0.9649122807017544)",1,94.54824561403512,44077
"(0.8289473684210527, 0.9692982456140352)",3,94.54824561403508,44080
"(0.8464912280701754, 0.9649122807017544)",1,94.54824561403508,44081
"(0.9354729729729728, 0.9685810810810812)",1,94.5476351351352,44082
"(0.96, 0.945)",1,94.54750000000004,44083
"(0.935, 0.9475)",1,94.54750000000004,44084
"(0.925, 0.9575)",1,94.5475,44085
"(0.7925, 0.96)",1,94.54749999999989,44086
"(0.5697674418604651, 0.9767441860465116)",1,94.5465116279071,44087
"(0.8255813953488372, 0.9767441860465116)",1,94.54651162790708,44088
"(0.7674418604651163, 0.9883720930232558)",2,94.54651162790708,44090
"(0.8837209302325582, 0.9651162790697676)",2,94.54651162790704,44092
"(0.5116279069767442, 0.9651162790697676)",1,94.54651162790694,44093
"(0.3023255813953488, 0.9767441860465116)",1,94.54651162790694,44094
"(0.8604651162790697, 0.9767441860465116)",1,94.54651162790692,44095
"(0.7558139534883721, 0.9418604651162792)",1,94.54651162790688,44096
"(0.7558139534883721, 0.9534883720930232)",2,94.54651162790684,44098
"(0.6976744186046512, 0.9534883720930232)",1,94.54651162790684,44099
"(0.6511627906976745, 0.9767441860465116)",1,94.54651162790682,44100
"(0.872093023255814, 0.9418604651162792)",1,94.54651162790682,44101
"(0.4651162790697674, 0.9534883720930232)",1,94.54651162790682,44102
"(0.7906976744186046, 0.9651162790697676)",1,94.5465116279068,44103
"(0.6744186046511628, 0.9418604651162792)",1,94.5465116279068,44104
"(0.7325581395348837, 0.9534883720930232)",1,94.5465116279068,44105
"(0.4418604651162791, 0.9534883720930232)",1,94.5465116279068,44106
"(0.7325581395348837, 0.9651162790697676)",1,94.5465116279068,44107
"(0.9069767441860463, 0.9534883720930232)",1,94.54651162790678,44108
"(0.8837209302325582, 0.9651162790697676)",1,94.54651162790675,44109
"(0.8488372093023255, 0.9534883720930232)",1,94.54651162790674,44110
"(0.8142857142857143, 0.9607142857142856)",3,94.54642857142868,44113
"(0.9178571428571428, 0.9607142857142856)",1,94.5464285714286,44114
"(0.9178571428571428, 0.9571428571428572)",1,94.5464285714286,44115
"(0.9535714285714286, 0.9678571428571427)",1,94.54642857142854,44116
"(0.9464285714285714, 0.9428571428571428)",1,94.54642857142852,44117
"(0.9, 0.9464285714285714)",1,94.54642857142848,44118
"(0.9178571428571428, 0.9535714285714286)",1,94.5464285714284,44119
"(0.8464285714285714, 0.9535714285714286)",1,94.54642857142836,44120
"(0.7543918918918919, 0.9655405405405404)",1,94.54628378378382,44121
"(0.7256756756756757, 0.9621621621621622)",4,94.54594594594592,44125
"(0.875, 0.9666666666666668)",1,94.5458333333334,44126
"(0.9791666666666666, 0.9958333333333332)",1,94.54583333333326,44127
"(0.8958333333333334, 0.9875)",1,94.54583333333323,44128
"(0.5925675675675676, 0.9685810810810812)",1,94.54527027027032,44129
"(0.4223484848484848, 1.0)",3,94.5450757575758,44132
"(0.935, 0.9525)",1,94.54500000000006,44133
"(0.8825, 0.9525)",1,94.54500000000006,44134
"(0.8225, 0.9575)",3,94.54500000000004,44137
"(0.8275, 0.95)",1,94.54500000000004,44138
"(0.8525, 0.945)",1,94.54499999999987,44139
"(0.8289473684210527, 0.956140350877193)",1,94.54385964912284,44140
"(0.8421052631578947, 0.956140350877193)",1,94.54385964912284,44141
"(0.8596491228070176, 0.9736842105263158)",1,94.54385964912284,44142
"(0.9078947368421052, 0.956140350877193)",1,94.5438596491228,44143
"(0.8947368421052632, 0.956140350877193)",3,94.54385964912278,44146
"(0.8439189189189189, 0.964527027027027)",1,94.54290540540548,44147
"(0.5158783783783784, 0.9675675675675676)",4,94.54290540540546,44151
"(0.9, 0.95)",1,94.54285714285724,44152
"(0.875, 0.9571428571428572)",1,94.54285714285712,44153
"(0.9392857142857144, 0.9714285714285714)",1,94.54285714285712,44154
"(0.8857142857142857, 0.9428571428571428)",1,94.5428571428571,44155
"(0.9571428571428572, 0.9678571428571427)",1,94.54285714285707,44156
"(0.9392857142857144, 0.9607142857142856)",5,94.54285714285705,44161
"(0.9392857142857144, 0.9535714285714286)",1,94.54285714285702,44162
"(0.4602272727272727, 0.996969696969697)",3,94.5428030303031,44165
"(0.8975, 0.9475)",1,94.54250000000016,44166
"(0.9375, 0.9475)",1,94.54250000000016,44167
"(0.8575, 0.945)",1,94.5425000000001,44168
"(0.945, 0.945)",1,94.54250000000006,44169
"(0.7825, 0.95)",1,94.54249999999998,44170
"(0.7925, 0.9575)",3,94.54249999999988,44173
"(0.5337837837837838, 0.9679054054054054)",1,94.54222972972978,44174
"(0.8194444444444444, 0.9861111111111112)",1,94.54166666666686,44175
"(0.8888888888888888, 0.9861111111111112)",2,94.54166666666686,44177
"(0.8472222222222222, 0.9861111111111112)",1,94.54166666666684,44178
"(0.8611111111111112, 0.9722222222222222)",2,94.54166666666684,44180
"(0.8611111111111112, 0.9861111111111112)",2,94.5416666666668,44182
"(0.8611111111111112, 1.0)",2,94.5416666666668,44184
"(0.9166666666666666, 0.9861111111111112)",1,94.5416666666668,44185
"(0.8333333333333334, 0.9861111111111112)",2,94.5416666666668,44187
"(0.9166666666666666, 1.0)",1,94.5416666666668,44188
"(0.7222222222222222, 1.0)",1,94.54166666666674,44189
"(0.9305555555555556, 1.0)",2,94.54166666666671,44191
"(0.875, 0.9833333333333332)",1,94.54166666666664,44192
"(0.7222222222222222, 0.9722222222222222)",1,94.54166666666656,44193
"(0.9833333333333332, 0.9916666666666668)",4,94.5416666666665,44197
"(0.7529411764705882, 0.9647058823529412)",1,94.54117647058818,44198
"(0.5058823529411764, 0.9294117647058824)",1,94.54117647058804,44199
"(0.6352941176470588, 0.9294117647058824)",1,94.541176470588,44200
"(0.4825757575757576, 0.996969696969697)",1,94.54015151515156,44201
"(0.845, 0.9325)",1,94.5400000000001,44202
"(0.725, 0.955)",1,94.54,44203
"(0.84, 0.955)",1,94.54,44204
"(0.9575, 0.9475)",3,94.53999999999994,44207
"(0.847972972972973, 0.9635135135135136)",4,94.53986486486494,44211
"(0.9037162162162162, 0.9655405405405404)",1,94.53952702702708,44212
"(0.4035087719298245, 0.9605263157894736)",1,94.53947368421056,44213
"(0.6140350877192983, 0.9605263157894736)",1,94.53947368421056,44214
"(0.7412280701754386, 0.9473684210526316)",2,94.53947368421056,44216
"(0.7719298245614035, 0.9692982456140352)",1,94.53947368421056,44217
"(0.8947368421052632, 0.9429824561403508)",1,94.53947368421052,44218
"(0.7149122807017544, 0.9605263157894736)",1,94.53947368421052,44219
"(0.9142857142857144, 0.95)",1,94.53928571428573,44220
"(0.925, 0.9535714285714286)",1,94.5392857142857,44221
"(0.8928571428571429, 0.9607142857142856)",1,94.53928571428568,44222
"(0.9607142857142856, 0.9571428571428572)",1,94.53928571428568,44223
"(0.9785714285714284, 0.9714285714285714)",1,94.53928571428568,44224
"(0.8587837837837838, 0.9685810810810812)",2,94.53885135135128,44226
"(0.6575, 0.97625)",1,94.53875,44227
"(0.3583333333333333, 0.9981060606060606)",3,94.5386363636364,44230
"(0.4825757575757576, 0.9973484848484848)",3,94.5386363636364,44233
"(0.9375, 0.95)",2,94.53750000000018,44235
"(0.8875, 0.95)",2,94.53750000000018,44237
"(0.8875, 0.95)",1,94.53750000000016,44238
"(0.9125, 0.95)",1,94.53750000000016,44239
"(0.89, 0.95)",1,94.53750000000012,44240
"(0.8625, 0.975)",1,94.5375000000001,44241
"(0.85, 0.95)",1,94.5375000000001,44242
"(0.9, 0.9625)",2,94.5375000000001,44244
"(0.7875, 0.95)",1,94.53750000000008,44245
"(0.925, 0.95)",2,94.53750000000008,44247
"(0.8875, 0.9375)",1,94.53750000000004,44248
"(0.955, 0.9525)",3,94.53750000000004,44251
"(0.85, 0.95)",1,94.53750000000004,44252
"(0.9175, 0.9525)",1,94.53750000000002,44253
"(0.7625, 0.975)",1,94.53749999999997,44254
"(0.8571428571428571, 0.9607142857142856)",3,94.5357142857144,44257
"(0.9571428571428572, 0.9392857142857144)",1,94.53571428571432,44258
"(0.9464285714285714, 0.9607142857142856)",1,94.53571428571432,44259
"(0.8535714285714285, 0.9607142857142856)",1,94.5357142857143,44260
"(0.9428571428571428, 0.95)",1,94.53571428571428,44261
"(0.9321428571428572, 0.9464285714285714)",1,94.53571428571423,44262
"(0.9107142857142856, 0.9535714285714286)",1,94.53571428571423,44263
"(0.9071428571428573, 0.9535714285714286)",1,94.53571428571423,44264
"(0.8892857142857142, 0.9678571428571427)",1,94.5357142857142,44265
"(0.9357142857142856, 0.9535714285714286)",1,94.5357142857141,44266
"(0.9321428571428572, 0.9535714285714286)",1,94.53571428571404,44267
"(0.6096491228070176, 0.9649122807017544)",1,94.53508771929832,44268
"(0.8026315789473685, 0.9736842105263158)",1,94.53508771929828,44269
"(0.8947368421052632, 0.9473684210526316)",1,94.53508771929826,44270
"(0.7456140350877193, 0.9649122807017544)",1,94.53508771929826,44271
"(0.9078947368421052, 0.9473684210526316)",2,94.53508771929825,44273
"(0.6175, 0.9475)",1,94.53500000000012,44274
"(0.8775, 0.9525)",1,94.535,44275
"(0.61875, 0.94875)",1,94.53499999999995,44276
"(0.4651162790697674, 0.9883720930232558)",1,94.53488372093034,44277
"(0.7558139534883721, 0.9767441860465116)",1,94.53488372093032,44278
"(0.872093023255814, 0.9883720930232558)",2,94.53488372093024,44280
"(0.9186046511627908, 0.9767441860465116)",1,94.5348837209302,44281
"(0.8604651162790697, 0.9767441860465116)",1,94.53488372093018,44282
"(0.5465116279069767, 0.9767441860465116)",1,94.53488372093015,44283
"(0.8604651162790697, 0.9418604651162792)",1,94.53488372093014,44284
"(0.8604651162790697, 0.9534883720930232)",1,94.53488372093013,44285
"(0.5697674418604651, 0.9534883720930232)",1,94.53488372093013,44286
"(0.7790697674418605, 0.9418604651162792)",1,94.53488372093013,44287
"(0.813953488372093, 0.9534883720930232)",1,94.53488372093013,44288
"(0.8255813953488372, 0.9651162790697676)",1,94.53488372093008,44289
"(0.5116279069767442, 0.9651162790697676)",1,94.53488372093004,44290
"(0.8372093023255814, 0.9651162790697676)",1,94.53488372093004,44291
"(0.872093023255814, 0.9651162790697676)",1,94.53488372093004,44292
"(0.7558139534883721, 0.9651162790697676)",1,94.53488372093004,44293
"(0.8953488372093024, 0.9651162790697676)",1,94.53488372093004,44294
"(0.8488372093023255, 0.9534883720930232)",1,94.53488372093004,44295
"(0.8255813953488372, 0.9651162790697676)",2,94.53488372093,44297
"(0.5116279069767442, 0.9651162790697676)",1,94.53488372093,44298
"(0.7712837837837838, 0.9719594594594596)",2,94.53412162162158,44300
"(0.50875, 0.9625)",1,94.53375000000004,44301
"(0.9333333333333332, 1.0)",1,94.5333333333334,44302
"(0.4242424242424242, 0.9992424242424244)",3,94.5333333333334,44305
"(0.7666666666666667, 1.0)",1,94.53333333333336,44306
"(0.8166666666666667, 1.0)",1,94.53333333333336,44307
"(0.9833333333333332, 1.0)",1,94.53333333333336,44308
"(0.8333333333333334, 1.0)",1,94.53333333333336,44309
"(0.9666666666666668, 1.0)",1,94.53333333333332,44310
"(0.9333333333333332, 1.0)",1,94.53333333333332,44311
"(0.9291666666666668, 0.9833333333333332)",1,94.5333333333333,44312
"(0.9, 0.9525)",2,94.53250000000008,44314
"(0.67, 0.955)",1,94.5325,44315
"(0.8275, 0.9525)",2,94.53249999999996,44317
"(0.8025, 0.96)",3,94.53249999999996,44320
"(0.85, 0.9625)",2,94.53249999999994,44322
"(0.9175, 0.9525)",1,94.53249999999991,44323
"(0.925, 0.9607142857142856)",3,94.53214285714292,44326
"(0.8678571428571429, 0.9464285714285714)",1,94.53214285714289,44327
"(0.95, 0.9678571428571427)",1,94.53214285714289,44328
"(0.9392857142857144, 0.95)",1,94.53214285714286,44329
"(0.9571428571428572, 0.9678571428571427)",1,94.53214285714284,44330
"(0.9, 0.95)",1,94.53214285714284,44331
"(0.9357142857142856, 0.95)",1,94.53214285714282,44332
"(0.9142857142857144, 0.9464285714285714)",1,94.5321428571428,44333
"(0.9392857142857144, 0.9357142857142856)",1,94.5321428571428,44334
"(0.9142857142857144, 0.9571428571428572)",1,94.53214285714276,44335
"(0.8928571428571429, 0.9464285714285714)",1,94.5321428571427,44336
"(0.8964285714285715, 0.9428571428571428)",1,94.53214285714265,44337
"(0.7638513513513514, 0.9726351351351352)",4,94.5317567567568,44341
"(0.9078947368421052, 0.956140350877193)",1,94.53070175438604,44342
"(0.9078947368421052, 0.9736842105263158)",1,94.53070175438602,44343
"(0.8771929824561403, 0.9605263157894736)",1,94.53070175438602,44344
"(0.9078947368421052, 0.9473684210526316)",3,94.530701754386,44347
"(0.9035087719298246, 0.956140350877193)",1,94.530701754386,44348
"(0.793859649122807, 0.956140350877193)",6,94.530701754386,44354
"(0.7149122807017544, 0.9649122807017544)",3,94.530701754386,44357
"(0.8377192982456141, 0.9385964912280702)",3,94.53070175438596,44360
"(0.7149122807017544, 0.956140350877193)",1,94.53070175438594,44361
"(0.8859649122807017, 0.9649122807017544)",1,94.53070175438587,44362
"(0.5331081081081082, 0.9675675675675676)",4,94.5304054054054,44366
"(0.8625, 0.9625)",1,94.5300000000002,44367
"(0.61, 0.9525)",1,94.53000000000009,44368
"(0.905, 0.9525)",1,94.53000000000009,44369
"(0.935, 0.9425)",1,94.53000000000004,44370
"(0.815, 0.955)",1,94.53000000000004,44371
"(0.955, 0.945)",1,94.53000000000002,44372
"(0.805, 0.96)",1,94.52999999999992,44373
"(0.9275, 0.9575)",1,94.52999999999984,44374
"(0.5058823529411764, 0.9411764705882352)",1,94.52941176470576,44375
"(0.4356060606060606, 0.9954545454545456)",3,94.52916666666673,44378
"(0.975, 0.9791666666666666)",1,94.52916666666668,44379
"(0.9708333333333332, 0.9958333333333332)",3,94.52916666666653,44382
"(0.8678571428571429, 0.95)",2,94.52857142857148,44384
"(0.9571428571428572, 0.9428571428571428)",1,94.5285714285714,44385
"(0.9142857142857144, 0.9571428571428572)",1,94.5285714285714,44386
"(0.8821428571428571, 0.9571428571428572)",1,94.5285714285714,44387
"(0.925, 0.9642857142857144)",1,94.52857142857138,44388
"(0.875, 0.9535714285714286)",1,94.52857142857134,44389
"(0.8821428571428571, 0.9607142857142856)",3,94.5285714285713,44392
"(0.9214285714285714, 0.9535714285714286)",1,94.52857142857124,44393
"(0.9428571428571428, 0.9535714285714286)",3,94.5285714285712,44396
"(0.8472222222222222, 0.9861111111111112)",1,94.52777777777796,44397
"(0.875, 0.9722222222222222)",1,94.52777777777796,44398
"(0.7916666666666666, 0.9861111111111112)",1,94.52777777777791,44399
"(0.6944444444444444, 0.9861111111111112)",2,94.52777777777791,44401
"(0.8611111111111112, 0.9722222222222222)",1,94.52777777777791,44402
"(0.9305555555555556, 0.9722222222222222)",1,94.52777777777791,44403
"(0.8194444444444444, 0.9861111111111112)",1,94.52777777777789,44404
"(0.875, 0.9722222222222222)",2,94.5277777777778,44406
"(0.6111111111111112, 0.9861111111111112)",1,94.5277777777778,44407
"(0.8888888888888888, 0.9722222222222222)",1,94.5277777777777,44408
"(0.4556818181818182, 0.990909090909091)",3,94.52765151515156,44411
"(0.7475, 0.95)",1,94.52750000000012,44412
"(0.955, 0.9475)",1,94.52750000000005,44413
"(0.925, 0.9575)",1,94.5275,44414
"(0.7325, 0.96)",1,94.52749999999996,44415
"(0.7925, 0.9575)",1,94.52749999999996,44416
"(0.93, 0.9425)",3,94.52749999999992,44419
"(0.8425, 0.9425)",1,94.5274999999999,44420
"(0.706140350877193, 0.9692982456140352)",1,94.52631578947376,44421
"(0.8596491228070176, 0.9605263157894736)",1,94.52631578947376,44422
"(0.7719298245614035, 0.9649122807017544)",2,94.52631578947371,44424
"(0.8464912280701754, 0.9517543859649122)",2,94.52631578947371,44426
"(0.5964912280701754, 0.9517543859649122)",3,94.5263157894737,44429
"(0.9078947368421052, 0.9517543859649122)",1,94.5263157894737,44430
"(0.8903508771929824, 0.9473684210526316)",3,94.5263157894737,44433
"(0.6403508771929824, 0.9692982456140352)",8,94.52631578947368,44441
"(0.9429824561403508, 0.9429824561403508)",1,94.52631578947366,44442
"(0.9429824561403508, 0.9649122807017544)",1,94.5263157894736,44443
"(0.9375, 0.95)",1,94.52500000000018,44444
"(0.8, 0.95)",2,94.52500000000018,44446
"(0.8535714285714285, 0.9535714285714286)",1,94.52500000000016,44447
"(0.7375, 0.95)",1,94.52500000000008,44448
"(0.9107142857142856, 0.9321428571428572)",1,94.525,44449
"(0.8525, 0.955)",6,94.525,44455
"(0.9142857142857144, 0.9464285714285714)",1,94.525,44456
"(0.975, 0.9958333333333332)",1,94.525,44457
"(0.8375, 0.9875)",1,94.52499999999996,44458
"(0.9571428571428572, 0.9428571428571428)",1,94.52499999999996,44459
"(0.85, 0.975)",1,94.52499999999992,44460
"(0.8607142857142858, 0.9607142857142856)",3,94.52499999999992,44463
"(0.7625, 0.975)",1,94.52499999999984,44464
"(0.9428571428571428, 0.9535714285714286)",4,94.5249999999998,44468
"(0.769090909090909, 0.9872727272727272)",2,94.5240909090909,44470
"(0.9310810810810812, 0.9679054054054054)",1,94.52364864864866,44471
"(0.8712837837837838, 0.970945945945946)",1,94.52364864864856,44472
"(0.5930232558139535, 0.9767441860465116)",1,94.52325581395355,44473
"(0.3604651162790697, 0.9534883720930232)",1,94.52325581395344,44474
"(0.6744186046511628, 0.9418604651162792)",1,94.5232558139534,44475
"(0.7790697674418605, 0.9418604651162792)",1,94.52325581395336,44476
"(0.9302325581395348, 0.9651162790697676)",1,94.52325581395336,44477
"(0.7790697674418605, 0.9418604651162792)",2,94.52325581395334,44479
"(0.8837209302325582, 0.9534883720930232)",1,94.52325581395334,44480
"(0.5116279069767442, 0.9534883720930232)",1,94.52325581395333,44481
"(0.8604651162790697, 0.9534883720930232)",1,94.52325581395326,44482
"(0.95, 0.9475)",1,94.5225000000001,44483
"(0.9475, 0.9475)",1,94.52250000000006,44484
"(0.9375, 0.955)",1,94.52249999999997,44485
"(0.8025, 0.96)",1,94.52249999999997,44486
"(0.855, 0.94)",1,94.52249999999992,44487
"(0.8325, 0.9425)",1,94.52249999999984,44488
"(0.431060606060606, 0.999621212121212)",3,94.52234848484858,44491
"(0.4469696969696969, 0.999621212121212)",3,94.52234848484854,44494
"(0.7543859649122807, 0.956140350877193)",1,94.52192982456144,44495
"(0.6359649122807017, 0.9692982456140352)",1,94.52192982456144,44496
"(0.8245614035087719, 0.9649122807017544)",1,94.52192982456144,44497
"(0.9078947368421052, 0.9692982456140352)",1,94.52192982456144,44498
"(0.8903508771929824, 0.9473684210526316)",3,94.52192982456144,44501
"(0.8421052631578947, 0.9692982456140352)",1,94.52192982456144,44502
"(0.8333333333333334, 0.9385964912280702)",1,94.52192982456144,44503
"(0.6491228070175439, 0.9649122807017544)",1,94.52192982456144,44504
"(0.925438596491228, 0.9429824561403508)",1,94.52192982456135,44505
"(0.8162162162162162, 0.9695945945945946)",1,94.52162162162168,44506
"(0.9464285714285714, 0.9607142857142856)",3,94.52142857142871,44509
"(0.9178571428571428, 0.9571428571428572)",2,94.52142857142852,44511
"(0.9, 0.9321428571428572)",1,94.5214285714285,44512
"(0.875, 0.9875)",1,94.52083333333336,44513
"(0.9291666666666668, 0.9875)",1,94.52083333333324,44514
"(0.8125, 0.95)",1,94.52000000000018,44515
"(0.8825, 0.95)",1,94.52000000000012,44516
"(0.8175, 0.9525)",1,94.52000000000004,44517
"(0.935, 0.9425)",1,94.52,44518
"(0.925, 0.96)",1,94.52,44519
"(0.95, 0.9425)",1,94.51999999999995,44520
"(0.7825, 0.955)",4,94.51999999999992,44524
"(0.9525, 0.9475)",1,94.5199999999998,44525
"(0.5253378378378378, 0.9668918918918918)",1,94.51993243243231,44526
"(0.5273648648648649, 0.9682432432432432)",4,94.51891891891894,44530
"(0.9310810810810812, 0.9743243243243244)",2,94.51858108108108,44532
"(0.7875, 0.9699324324324324)",1,94.51858108108108,44533
"(0.9178571428571428, 0.9571428571428572)",2,94.51785714285714,44535
"(0.8964285714285715, 0.9571428571428572)",1,94.51785714285712,44536
"(0.9428571428571428, 0.9571428571428572)",1,94.5178571428571,44537
"(0.8821428571428571, 0.9535714285714286)",1,94.51785714285708,44538
"(0.8821428571428571, 0.9428571428571428)",1,94.51785714285694,44539
"(0.8352941176470589, 0.9294117647058824)",1,94.51764705882334,44540
"(0.7058823529411765, 0.9411764705882352)",1,94.51764705882331,44541
"(0.4, 0.9294117647058824)",1,94.51764705882331,44542
"(0.4736842105263157, 0.9780701754385964)",3,94.51754385964924,44545
"(0.8201754385964912, 0.956140350877193)",1,94.51754385964918,44546
"(0.7543859649122807, 0.9605263157894736)",1,94.51754385964917,44547
"(0.7192982456140351, 0.9736842105263158)",1,94.51754385964917,44548
"(0.5745614035087719, 0.9736842105263158)",6,94.51754385964912,44554
"(0.93, 0.9525)",1,94.51750000000014,44555
"(0.895, 0.9475)",1,94.51750000000008,44556
"(0.7875, 0.955)",3,94.51749999999998,44559
"(0.9475, 0.9475)",1,94.51749999999996,44560
"(0.8975, 0.9425)",1,94.51749999999988,44561
"(0.8666666666666667, 0.9833333333333332)",1,94.51666666666677,44562
"(0.9666666666666668, 0.9833333333333332)",1,94.51666666666674,44563
"(0.9125, 0.9833333333333332)",2,94.51666666666672,44565
"(0.875, 0.9625)",1,94.5166666666667,44566
"(0.8833333333333333, 1.0)",1,94.51666666666668,44567
"(0.9666666666666668, 1.0)",2,94.51666666666668,44569
"(0.95, 1.0)",1,94.51666666666668,44570
"(0.4871212121212121, 0.9981060606060606)",3,94.51590909090916,44573
"(0.2454545454545454, 0.996969696969697)",3,94.51515151515156,44576
"(0.8175, 0.95)",1,94.5150000000002,44577
"(0.9425, 0.9575)",2,94.51500000000004,44579
"(0.76, 0.95)",1,94.51499999999996,44580
"(0.86, 0.9475)",1,94.51499999999996,44581
"(0.855, 0.9575)",3,94.51499999999994,44584
"(0.9, 0.9571428571428572)",1,94.51428571428572,44585
"(0.8571428571428571, 0.9571428571428572)",1,94.5142857142857,44586
"(0.9464285714285714, 0.9607142857142856)",1,94.5142857142857,44587
"(0.9392857142857144, 0.9321428571428572)",1,94.51428571428568,44588
"(0.9357142857142856, 0.9678571428571427)",1,94.51428571428568,44589
"(0.9178571428571428, 0.9571428571428572)",1,94.51428571428568,44590
"(0.9357142857142856, 0.9464285714285714)",1,94.51428571428563,44591
"(0.9035714285714286, 0.9535714285714286)",1,94.51428571428562,44592
"(0.875, 0.9428571428571428)",1,94.5142857142855,44593
"(0.9321428571428572, 0.9428571428571428)",1,94.51428571428548,44594
"(0.9027777777777778, 0.9722222222222222)",1,94.51388888888906,44595
"(0.9027777777777778, 0.9861111111111112)",2,94.51388888888904,44597
"(0.8472222222222222, 0.9722222222222222)",1,94.51388888888904,44598
"(0.8888888888888888, 0.9861111111111112)",2,94.51388888888904,44600
"(0.9444444444444444, 0.9861111111111112)",1,94.51388888888904,44601
"(0.9305555555555556, 0.9861111111111112)",1,94.513888888889,44602
"(0.7638888888888888, 0.9722222222222222)",1,94.513888888889,44603
"(0.7083333333333334, 0.9861111111111112)",2,94.513888888889,44605
"(0.8611111111111112, 0.9861111111111112)",2,94.513888888889,44607
"(0.8472222222222222, 0.9861111111111112)",2,94.513888888889,44609
"(0.7222222222222222, 0.9722222222222222)",2,94.513888888889,44611
"(0.7638888888888888, 1.0)",1,94.51388888888896,44612
"(0.9583333333333334, 1.0)",1,94.51388888888896,44613
"(0.8055555555555556, 0.9722222222222222)",1,94.51388888888896,44614
"(0.7916666666666666, 0.9861111111111112)",1,94.51388888888894,44615
"(0.7083333333333334, 1.0)",1,94.51388888888889,44616
"(0.8888888888888888, 0.9583333333333334)",1,94.51388888888884,44617
"(0.8194444444444444, 0.9444444444444444)",1,94.51388888888884,44618
"(0.8611111111111112, 0.9583333333333334)",1,94.5138888888888,44619
"(0.59625, 0.96625)",1,94.51374999999994,44620
"(0.7192982456140351, 0.9605263157894736)",1,94.51315789473688,44621
"(0.8114035087719298, 0.9605263157894736)",1,94.51315789473686,44622
"(0.7719298245614035, 0.9736842105263158)",1,94.51315789473686,44623
"(0.8026315789473685, 0.9692982456140352)",2,94.51315789473682,44625
"(0.8728070175438597, 0.9649122807017544)",1,94.51315789473682,44626
"(0.8875, 0.95)",1,94.51250000000016,44627
"(0.85, 0.95)",2,94.51250000000016,44629
"(0.7375, 0.95)",2,94.51250000000016,44631
"(0.8125, 0.975)",1,94.51250000000016,44632
"(0.9125, 0.95)",1,94.51250000000016,44633
"(0.7375, 0.95)",1,94.5125000000001,44634
"(0.7375, 0.9525)",1,94.51250000000007,44635
"(0.825, 0.95)",1,94.51250000000007,44636
"(0.9, 0.975)",1,94.51250000000007,44637
"(0.6875, 0.95)",1,94.51250000000006,44638
"(0.94, 0.9525)",1,94.51250000000005,44639
"(0.825, 0.9625)",1,94.51250000000002,44640
"(0.8275, 0.9375)",1,94.51249999999996,44641
"(0.925, 0.955)",1,94.51249999999996,44642
"(0.875, 0.975)",2,94.51249999999987,44644
"(0.4053030303030303, 0.9984848484848484)",3,94.51174242424246,44647
"(0.9186046511627908, 1.0)",1,94.51162790697688,44648
"(0.7558139534883721, 0.9767441860465116)",1,94.51162790697688,44649
"(0.8837209302325582, 0.9651162790697676)",1,94.51162790697684,44650
"(0.8604651162790697, 0.9767441860465116)",1,94.51162790697676,44651
"(0.8372093023255814, 0.9534883720930232)",1,94.51162790697671,44652
"(0.627906976744186, 0.9767441860465116)",1,94.5116279069767,44653
"(0.8604651162790697, 0.9651162790697676)",1,94.51162790697668,44654
"(0.8372093023255814, 0.9534883720930232)",1,94.51162790697668,44655
"(0.8488372093023255, 0.9534883720930232)",1,94.51162790697664,44656
"(0.8604651162790697, 0.9651162790697676)",1,94.5116279069766,44657
"(0.7325581395348837, 0.9651162790697676)",1,94.5116279069766,44658
"(0.7790697674418605, 0.9534883720930232)",1,94.5116279069766,44659
"(0.7906976744186046, 0.9767441860465116)",2,94.5116279069766,44661
"(0.8953488372093024, 0.9418604651162792)",1,94.5116279069766,44662
"(0.5116279069767442, 0.9651162790697676)",1,94.51162790697656,44663
"(0.4883720930232558, 0.9534883720930232)",1,94.51162790697656,44664
"(0.8372093023255814, 0.9651162790697676)",1,94.51162790697656,44665
"(0.7441860465116279, 0.9534883720930232)",1,94.51162790697651,44666
"(0.9300675675675676, 0.9682432432432432)",1,94.51148648648652,44667
"(0.539527027027027, 0.9689189189189188)",4,94.5111486486487,44671
"(0.9178571428571428, 0.9607142857142856)",1,94.5107142857143,44672
"(0.7964285714285714, 0.9571428571428572)",5,94.51071428571426,44677
"(0.9607142857142856, 0.9642857142857144)",1,94.51071428571424,44678
"(0.8928571428571429, 0.9428571428571428)",1,94.51071428571407,44679
"(0.76, 0.95)",1,94.51000000000012,44680
"(0.6425, 0.9525)",1,94.5100000000001,44681
"(0.85, 0.95)",1,94.51000000000008,44682
"(0.8575, 0.9525)",1,94.51000000000003,44683
"(0.8275, 0.95)",1,94.51000000000003,44684
"(0.7825, 0.9525)",1,94.51000000000003,44685
"(0.8025, 0.9625)",1,94.51,44686
"(0.9475, 0.9525)",1,94.50999999999998,44687
"(0.9575, 0.9575)",2,94.50999999999998,44689
"(0.9525, 0.94)",3,94.50999999999996,44692
"(0.7375, 0.9575)",2,94.50999999999992,44694
"(0.7018181818181818, 0.990909090909091)",1,94.5095454545454,44695
"(0.772972972972973, 0.964527027027027)",2,94.50945945945946,44697
"(0.8753378378378378, 0.9685810810810812)",1,94.5091216216216,44698
"(0.7763157894736842, 0.9649122807017544)",2,94.50877192982465,44700
"(0.7675438596491229, 0.9692982456140352)",1,94.50877192982465,44701
"(0.7412280701754386, 0.9517543859649122)",1,94.50877192982465,44702
"(0.4035087719298245, 0.9736842105263158)",1,94.5087719298246,44703
"(0.7763157894736842, 0.9649122807017544)",1,94.5087719298246,44704
"(0.8552631578947368, 0.9429824561403508)",1,94.50877192982456,44705
"(0.8552631578947368, 0.9473684210526316)",3,94.50877192982456,44708
"(0.868421052631579, 0.9649122807017544)",1,94.50877192982456,44709
"(0.8859649122807017, 0.956140350877193)",1,94.50877192982456,44710
"(0.9429824561403508, 0.9649122807017544)",1,94.50877192982448,44711
"(0.9875, 0.9875)",4,94.5083333333332,44715
"(0.7577272727272727, 0.9918181818181818)",2,94.50818181818175,44717
"(0.925, 0.95)",1,94.50750000000014,44718
"(0.9375, 0.95)",2,94.50750000000008,44720
"(0.935, 0.95)",1,94.50750000000004,44721
"(0.9475, 0.9525)",1,94.50750000000004,44722
"(0.95, 0.9525)",1,94.50750000000004,44723
"(0.88, 0.945)",1,94.50749999999992,44724
"(0.9175, 0.9475)",1,94.50749999999992,44725
"(0.4575, 0.97625)",1,94.50749999999992,44726
"(0.839527027027027, 0.9638513513513514)",1,94.50743243243238,44727
"(0.9178571428571428, 0.9535714285714286)",1,94.5071428571428,44728
"(0.8571428571428571, 0.95)",1,94.5071428571428,44729
"(0.9285714285714286, 0.9571428571428572)",1,94.5071428571428,44730
"(0.95, 0.9642857142857144)",1,94.50714285714272,44731
"(0.8941176470588236, 0.8941176470588236)",1,94.50588235294116,44732
"(0.5176470588235295, 0.9294117647058824)",1,94.505882352941,44733
"(0.209090909090909, 0.993939393939394)",3,94.50568181818188,44736
"(0.5431818181818182, 0.9946969696969696)",2,94.50530303030308,44738
"(0.47125, 0.97875)",1,94.50500000000022,44739
"(0.85, 0.95)",1,94.50500000000018,44740
"(0.605, 0.98625)",1,94.50500000000008,44741
"(0.8325, 0.955)",1,94.505,44742
"(0.8575, 0.94)",1,94.505,44743
"(0.7325, 0.96)",1,94.50499999999992,44744
"(0.8025, 0.96)",1,94.50499999999988,44745
"(0.8, 0.96)",1,94.50499999999988,44746
"(0.8412162162162162, 0.9689189189189188)",2,94.50439189189196,44748
"(0.5162162162162162, 0.9682432432432432)",1,94.50439189189188,44749
"(0.5219298245614035, 0.9692982456140352)",1,94.50438596491234,44750
"(0.8771929824561403, 0.956140350877193)",1,94.50438596491227,44751
"(0.8070175438596491, 0.9605263157894736)",1,94.50438596491227,44752
"(0.8640350877192983, 0.956140350877193)",2,94.50438596491227,44754
"(0.95, 0.95)",1,94.5035714285716,44755
"(0.925, 0.9642857142857144)",1,94.50357142857143,44756
"(0.5964285714285714, 0.9678571428571427)",1,94.5035714285714,44757
"(0.9535714285714286, 0.9642857142857144)",1,94.5035714285714,44758
"(0.9357142857142856, 0.9571428571428572)",1,94.50357142857138,44759
"(0.95, 0.9464285714285714)",1,94.50357142857138,44760
"(0.9178571428571428, 0.9535714285714286)",1,94.50357142857132,44761
"(0.95, 0.9535714285714286)",3,94.50357142857123,44764
"(0.7040909090909091, 0.9940909090909092)",2,94.5031818181818,44766
"(0.6375, 0.95)",1,94.50250000000004,44767
"(0.785, 0.955)",5,94.5025,44772
"(0.768918918918919, 0.9712837837837838)",1,94.50033783783788,44773
"(0.8662162162162163, 0.9712837837837838)",1,94.50033783783783,44774
"(0.9166666666666666, 0.9722222222222222)",1,94.5000000000002,44775
"(0.8333333333333334, 1.0)",1,94.50000000000018,44776
"(0.8472222222222222, 0.9722222222222222)",1,94.50000000000016,44777
"(0.9186046511627908, 0.9767441860465116)",4,94.50000000000016,44781
"(0.8125, 0.95)",2,94.50000000000016,44783
"(0.8472222222222222, 0.9583333333333334)",1,94.50000000000016,44784
"(0.825, 0.95)",2,94.50000000000016,44786
"(0.855, 0.95)",1,94.50000000000014,44787
"(0.54, 0.9525)",1,94.50000000000011,44788
"(0.625, 0.9722222222222222)",1,94.50000000000011,44789
"(0.8888888888888888, 0.9861111111111112)",1,94.50000000000011,44790
"(0.6944444444444444, 0.9861111111111112)",1,94.5000000000001,44791
"(0.7790697674418605, 0.9767441860465116)",1,94.5000000000001,44792
"(0.9, 0.9625)",1,94.50000000000009,44793
"(0.8875, 0.9625)",1,94.50000000000009,44794
"(0.5972222222222222, 0.9861111111111112)",1,94.50000000000009,44795
"(0.8333333333333334, 0.9861111111111112)",1,94.50000000000009,44796
"(0.875, 0.9625)",1,94.50000000000009,44797
"(0.8055555555555556, 0.9861111111111112)",2,94.50000000000009,44799
"(0.8625, 0.975)",1,94.50000000000009,44800
"(0.9166666666666666, 0.9861111111111112)",1,94.50000000000009,44801
"(0.9666666666666668, 0.9833333333333332)",1,94.50000000000006,44802
"(0.5697674418604651, 0.9767441860465116)",1,94.50000000000006,44803
"(0.9, 0.95)",1,94.50000000000004,44804
"(0.9305555555555556, 0.9722222222222222)",1,94.50000000000004,44805
"(0.8892857142857142, 0.95)",1,94.50000000000004,44806
"(0.9078947368421052, 0.9517543859649122)",2,94.50000000000004,44808
"(0.8728070175438597, 0.9605263157894736)",1,94.5,44809
"(0.8833333333333333, 1.0)",1,94.5,44810
"(0.8377192982456141, 0.9649122807017544)",1,94.5,44811
"(0.8, 1.0)",1,94.5,44812
"(0.8508771929824561, 0.9692982456140352)",1,94.5,44813
"(0.9392857142857144, 0.9571428571428572)",1,94.49999999999996,44814
"(0.95, 0.975)",1,94.49999999999996,44815
"(0.6625, 0.975)",2,94.49999999999994,44817
"(0.9607142857142856, 0.9714285714285714)",1,94.49999999999994,44818
"(0.8372093023255814, 0.9651162790697676)",2,94.49999999999994,44820
"(0.9625, 0.9958333333333332)",1,94.49999999999994,44821
"(0.9666666666666668, 1.0)",1,94.49999999999991,44822
"(0.7441860465116279, 0.9767441860465116)",1,94.49999999999991,44823
"(0.9464285714285714, 0.9464285714285714)",1,94.49999999999991,44824
"(0.9464285714285714, 0.9464285714285714)",1,94.49999999999991,44825
"(0.8625, 0.96)",1,94.49999999999991,44826
"(0.8611111111111112, 0.9583333333333334)",1,94.4999999999999,44827
"(0.7209302325581395, 0.9534883720930232)",1,94.49999999999989,44828
"(0.875, 0.9583333333333334)",1,94.49999999999989,44829
"(0.9464285714285714, 0.9607142857142856)",1,94.49999999999989,44830
"(0.3488372093023256, 0.9534883720930232)",1,94.49999999999989,44831
"(0.9, 0.975)",1,94.49999999999986,44832
"(0.925, 0.975)",1,94.49999999999984,44833
"(0.5116279069767442, 0.9651162790697676)",1,94.49999999999984,44834
"(0.813953488372093, 0.9651162790697676)",1,94.49999999999982,44835
"(0.8372093023255814, 0.9651162790697676)",1,94.49999999999982,44836
"(0.8488372093023255, 0.9534883720930232)",1,94.49999999999982,44837
"(0.6511627906976745, 0.9534883720930232)",1,94.49999999999982,44838
"(0.9, 0.975)",1,94.4999999999998,44839
"(0.7209302325581395, 0.9534883720930232)",1,94.4999999999998,44840
"(0.8604651162790697, 0.9534883720930232)",1,94.4999999999998,44841
"(0.75, 0.975)",1,94.49999999999976,44842
"(0.9214285714285714, 0.9428571428571428)",1,94.49999999999976,44843
"(0.8023255813953488, 0.9534883720930232)",1,94.49999999999974,44844
"(0.5625, 0.9981060606060606)",1,94.49924242424248,44845
"(0.6475, 0.965)",1,94.49750000000004,44846
"(0.7275, 0.955)",1,94.49749999999996,44847
"(0.8025, 0.96)",6,94.4974999999999,44853
"(0.95, 0.95)",2,94.49642857142857,44855
"(0.8928571428571429, 0.9535714285714286)",1,94.49642857142852,44856
"(0.95, 0.9571428571428572)",1,94.49642857142852,44857
"(0.875, 0.9642857142857144)",1,94.49642857142852,44858
"(0.9535714285714286, 0.9642857142857144)",1,94.49642857142852,44859
"(0.8535714285714285, 0.9464285714285714)",1,94.49642857142844,44860
"(0.46625, 0.96125)",1,94.49625000000016,44861
"(0.9625, 0.9708333333333332)",1,94.49583333333332,44862
"(0.8903508771929824, 0.9692982456140352)",1,94.49561403508788,44863
"(0.75, 0.9649122807017544)",1,94.4956140350878,44864
"(0.7543859649122807, 0.9605263157894736)",3,94.49561403508775,44867
"(0.8552631578947368, 0.9649122807017544)",1,94.49561403508775,44868
"(0.8728070175438597, 0.9692982456140352)",1,94.49561403508774,44869
"(0.6578947368421053, 0.9605263157894736)",1,94.49561403508774,44870
"(0.9078947368421052, 0.9692982456140352)",1,94.49561403508773,44871
"(0.8859649122807017, 0.9473684210526316)",3,94.49561403508773,44874
"(0.9275, 0.955)",3,94.495,44877
"(0.835, 0.955)",1,94.49499999999998,44878
"(0.9275, 0.945)",1,94.49499999999998,44879
"(0.935, 0.955)",3,94.49499999999996,44882
"(0.9125, 0.96)",1,94.49499999999988,44883
"(0.7375, 0.96)",1,94.49499999999988,44884
"(0.5631756756756757, 0.975)",4,94.49459459459464,44888
"(0.5058823529411764, 0.9294117647058824)",6,94.4941176470586,44894
"(0.7427272727272727, 0.9931818181818182)",2,94.49409090909089,44896
"(0.9464285714285714, 0.9607142857142856)",1,94.4928571428573,44897
"(0.8571428571428571, 0.9607142857142856)",3,94.49285714285728,44900
"(0.9428571428571428, 0.9357142857142856)",1,94.49285714285712,44901
"(0.9464285714285714, 0.9571428571428572)",1,94.49285714285712,44902
"(0.9571428571428572, 0.9571428571428572)",2,94.49285714285712,44904
"(0.9, 0.9428571428571428)",1,94.4928571428571,44905
"(0.95, 0.9571428571428572)",2,94.4928571428571,44907
"(0.9428571428571428, 0.9428571428571428)",1,94.49285714285708,44908
"(0.95, 0.95)",2,94.49285714285708,44910
"(0.96, 0.9525)",2,94.49250000000008,44912
"(0.95, 0.9425)",1,94.49250000000002,44913
"(0.9425, 0.9575)",6,94.49249999999996,44919
"(0.795, 0.9575)",1,94.4924999999999,44920
"(0.5236486486486487, 0.9675675675675676)",1,94.49222972972971,44921
"(0.6708333333333333, 0.996969696969697)",1,94.49128787878796,44922
"(0.868421052631579, 0.9517543859649122)",1,94.4912280701755,44923
"(0.8903508771929824, 0.9429824561403508)",1,94.49122807017548,44924
"(0.6929824561403509, 0.956140350877193)",1,94.49122807017544,44925
"(0.868421052631579, 0.9649122807017544)",1,94.49122807017542,44926
"(0.925438596491228, 0.956140350877193)",1,94.4912280701754,44927
"(0.945, 0.9475)",1,94.49000000000008,44928
"(0.95, 0.95)",1,94.49000000000004,44929
"(0.925, 0.9525)",1,94.49000000000004,44930
"(0.8175, 0.9575)",1,94.48999999999997,44931
"(0.9375, 0.9575)",3,94.48999999999994,44934
"(0.7375, 0.9575)",3,94.48999999999988,44937
"(0.9357142857142856, 0.95)",1,94.48928571428571,44938
"(0.875, 0.9642857142857144)",1,94.48928571428571,44939
"(0.9571428571428572, 0.9571428571428572)",1,94.48928571428571,44940
"(0.9, 0.9535714285714286)",1,94.4892857142857,44941
"(0.8821428571428571, 0.9607142857142856)",6,94.4892857142857,44947
"(0.9071428571428573, 0.95)",1,94.48928571428569,44948
"(0.9428571428571428, 0.9464285714285714)",1,94.48928571428569,44949
"(0.9428571428571428, 0.9607142857142856)",1,94.48928571428566,44950
"(0.8392857142857143, 0.9607142857142856)",1,94.48928571428564,44951
"(0.925, 0.9464285714285714)",1,94.48928571428564,44952
"(0.95, 0.9642857142857144)",1,94.48928571428564,44953
"(0.9392857142857144, 0.9607142857142856)",1,94.4892857142856,44954
"(0.9142857142857144, 0.9428571428571428)",1,94.4892857142856,44955
"(0.9142857142857144, 0.9535714285714286)",1,94.48928571428551,44956
"(0.925, 0.9428571428571428)",2,94.48928571428546,44958
"(0.8953488372093024, 0.9651162790697676)",2,94.48837209302332,44960
"(0.7674418604651163, 0.9767441860465116)",1,94.48837209302324,44961
"(0.8604651162790697, 0.9651162790697676)",1,94.48837209302316,44962
"(0.5116279069767442, 0.9534883720930232)",1,94.48837209302312,44963
"(0.5232558139534884, 0.9534883720930232)",1,94.48837209302312,44964
"(0.4302325581395348, 0.9534883720930232)",1,94.4883720930231,44965
"(0.9069767441860463, 0.9418604651162792)",1,94.4883720930231,44966
"(0.872093023255814, 0.9651162790697676)",1,94.48837209302307,44967
"(0.8604651162790697, 0.9534883720930232)",1,94.48837209302307,44968
"(0.8604651162790697, 0.9534883720930232)",1,94.48837209302307,44969
"(0.5348837209302325, 0.9651162790697676)",1,94.48837209302305,44970
"(0.8372093023255814, 0.9651162790697676)",1,94.488372093023,44971
"(0.8125, 0.95)",1,94.48750000000015,44972
"(0.9125, 0.9625)",1,94.48750000000015,44973
"(0.825, 0.95)",1,94.48750000000013,44974
"(0.9125, 0.95)",1,94.48750000000013,44975
"(0.945, 0.9475)",1,94.48750000000004,44976
"(0.6037162162162162, 0.9699324324324324)",4,94.48750000000004,44980
"(0.8225, 0.95)",1,94.48750000000004,44981
"(0.96, 0.95)",3,94.48750000000004,44984
"(0.8875, 0.975)",1,94.48750000000004,44985
"(0.8425, 0.9525)",1,94.4875,44986
"(0.93, 0.94)",1,94.4875,44987
"(0.8458333333333333, 0.9791666666666666)",1,94.48749999999998,44988
"(0.9, 0.95)",1,94.48749999999988,44989
"(0.8552631578947368, 0.986842105263158)",2,94.4868421052633,44991
"(0.9429824561403508, 0.9692982456140352)",1,94.48684210526326,44992
"(0.8771929824561403, 0.9692982456140352)",2,94.48684210526324,44994
"(0.8464912280701754, 0.9605263157894736)",1,94.48684210526322,44995
"(0.8377192982456141, 0.9780701754385964)",1,94.48684210526322,44996
"(0.8070175438596491, 0.9473684210526316)",1,94.4868421052632,44997
"(0.8377192982456141, 0.9429824561403508)",3,94.4868421052632,45000
"(0.793859649122807, 0.956140350877193)",1,94.48684210526318,45001
"(0.6491228070175439, 0.9649122807017544)",1,94.48684210526316,45002
"(0.8464912280701754, 0.9473684210526316)",1,94.48684210526314,45003
"(0.3579545454545454, 0.9946969696969696)",3,94.4863636363637,45006
"(0.8611111111111112, 0.9861111111111112)",1,94.48611111111131,45007
"(0.6944444444444444, 0.9722222222222222)",1,94.48611111111128,45008
"(0.8472222222222222, 0.9861111111111112)",1,94.48611111111128,45009
"(0.9027777777777778, 0.9861111111111112)",1,94.48611111111128,45010
"(0.8472222222222222, 0.9722222222222222)",1,94.48611111111126,45011
"(0.875, 0.9722222222222222)",1,94.48611111111124,45012
"(0.8611111111111112, 0.9861111111111112)",1,94.4861111111112,45013
"(0.625, 0.9722222222222222)",1,94.4861111111112,45014
"(0.9027777777777778, 0.9861111111111112)",1,94.4861111111112,45015
"(0.7638888888888888, 1.0)",1,94.48611111111116,45016
"(0.875, 0.9861111111111112)",1,94.48611111111116,45017
"(0.875, 0.9722222222222222)",1,94.48611111111116,45018
"(0.8611111111111112, 0.9583333333333334)",1,94.48611111111109,45019
"(0.7638888888888888, 0.9583333333333334)",1,94.48611111111109,45020
"(0.9535714285714286, 0.9535714285714286)",1,94.48571428571428,45021
"(0.95, 0.9535714285714286)",1,94.48571428571428,45022
"(0.825, 0.9642857142857144)",2,94.4857142857142,45024
"(0.8928571428571429, 0.9535714285714286)",1,94.48571428571417,45025
"(0.9571428571428572, 0.9678571428571427)",1,94.48571428571414,45026
"(0.8535714285714285, 0.9464285714285714)",1,94.48571428571412,45027
"(0.2943181818181818, 0.9988636363636364)",3,94.48560606060612,45030
"(0.9375, 0.9525)",1,94.48500000000016,45031
"(0.8875, 0.9475)",3,94.48500000000006,45034
"(0.915, 0.945)",1,94.48500000000004,45035
"(0.7475, 0.9525)",1,94.485,45036
"(0.93, 0.9525)",1,94.485,45037
"(0.935, 0.955)",1,94.48499999999996,45038
"(0.7875, 0.9575)",1,94.48499999999996,45039
"(0.7875, 0.96)",1,94.48499999999991,45040
"(0.8875, 0.9575)",1,94.48499999999989,45041
"(0.5166666666666667, 0.9981060606060606)",3,94.48371212121218,45044
"(0.8833333333333333, 0.9833333333333332)",1,94.4833333333334,45045
"(0.8833333333333333, 0.9833333333333332)",1,94.4833333333334,45046
"(0.8, 1.0)",1,94.48333333333336,45047
"(0.9666666666666668, 1.0)",1,94.48333333333336,45048
"(0.75, 1.0)",1,94.48333333333336,45049
"(1.0, 1.0)",1,94.48333333333336,45050
"(0.9166666666666666, 1.0)",1,94.48333333333336,45051
"(0.9333333333333332, 0.9708333333333332)",1,94.48333333333332,45052
"(0.8833333333333333, 1.0)",1,94.48333333333332,45053
"(0.9625, 0.9833333333333332)",1,94.48333333333332,45054
"(0.9541666666666668, 0.9833333333333332)",4,94.4833333333333,45058
"(0.7825, 0.9525)",1,94.4825000000001,45059
"(0.7475, 0.9525)",1,94.48250000000004,45060
"(0.6475, 0.955)",1,94.48250000000002,45061
"(0.94, 0.9475)",1,94.4825,45062
"(0.8575, 0.9475)",3,94.4825,45065
"(0.83, 0.955)",4,94.48249999999996,45069
"(0.545, 0.9575)",1,94.48249999999992,45070
"(0.9342105263157896, 0.9692982456140352)",1,94.48245614035103,45071
"(0.868421052631579, 0.9605263157894736)",1,94.48245614035092,45072
"(0.5657894736842105, 0.9692982456140352)",1,94.48245614035092,45073
"(0.7631578947368421, 0.9692982456140352)",1,94.48245614035092,45074
"(0.8552631578947368, 0.956140350877193)",1,94.48245614035092,45075
"(0.8289473684210527, 0.9385964912280702)",3,94.48245614035088,45078
"(0.8464912280701754, 0.956140350877193)",1,94.48245614035088,45079
"(0.5570175438596491, 0.9692982456140352)",3,94.48245614035086,45082
"(0.4352941176470588, 0.9529411764705882)",1,94.48235294117644,45083
"(0.5411764705882353, 0.9411764705882352)",1,94.4823529411763,45084
"(0.8705882352941177, 0.9294117647058824)",1,94.48235294117627,45085
"(0.2454545454545454, 0.9931818181818182)",1,94.482196969697,45086
"(0.9642857142857144, 0.9642857142857144)",3,94.48214285714292,45089
"(0.8857142857142857, 0.9571428571428572)",1,94.48214285714286,45090
"(0.9285714285714286, 0.975)",1,94.48214285714286,45091
"(0.9464285714285714, 0.9464285714285714)",1,94.48214285714285,45092
"(0.9, 0.95)",1,94.48214285714282,45093
"(0.9392857142857144, 0.9571428571428572)",1,94.48214285714282,45094
"(0.9464285714285714, 0.9428571428571428)",1,94.48214285714272,45095
"(0.9, 0.9535714285714286)",2,94.48214285714272,45097
"(0.7543918918918919, 0.9652027027027028)",1,94.48175675675672,45098
"(0.63125, 0.96375)",1,94.48125000000005,45099
"(0.48, 0.9725)",1,94.48124999999986,45100
"(0.88, 0.965)",1,94.4800000000002,45101
"(0.89, 0.9525)",1,94.48000000000016,45102
"(0.94, 0.9475)",1,94.48000000000012,45103
"(0.8475, 0.9475)",1,94.48000000000008,45104
"(0.88, 0.9625)",1,94.48000000000005,45105
"(0.8025, 0.9525)",5,94.48000000000002,45110
"(0.7325, 0.96)",1,94.48,45111
"(0.6775, 0.94)",1,94.47999999999988,45112
"(0.975, 0.9708333333333332)",1,94.47916666666666,45113
"(0.925, 0.9708333333333332)",2,94.47916666666664,45115
"(0.515, 0.96125)",1,94.47875,45116
"(0.9321428571428572, 0.9321428571428572)",1,94.4785714285715,45117
"(0.9285714285714286, 0.9571428571428572)",1,94.4785714285714,45118
"(0.8773648648648649, 0.9689189189189188)",3,94.47837837837844,45121
"(0.9327702702702704, 0.9652027027027028)",4,94.47837837837834,45125
"(0.7456140350877193, 0.9692982456140352)",1,94.47807017543867,45126
"(0.7719298245614035, 0.9692982456140352)",1,94.47807017543865,45127
"(0.9429824561403508, 0.9692982456140352)",2,94.47807017543865,45129
"(0.7719298245614035, 0.9517543859649122)",1,94.47807017543865,45130
"(0.9078947368421052, 0.956140350877193)",1,94.47807017543862,45131
"(0.6359649122807017, 0.9649122807017544)",2,94.47807017543862,45133
"(0.905, 0.9525)",3,94.47750000000008,45136
"(0.8625, 0.9475)",2,94.47750000000008,45138
"(0.9525, 0.955)",1,94.4775,45139
"(0.9225, 0.935)",2,94.47749999999998,45141
"(0.9475, 0.9425)",1,94.47749999999988,45142
"(0.3409090909090909, 0.999621212121212)",1,94.47727272727276,45143
"(0.8023255813953488, 0.9767441860465116)",2,94.47674418604666,45145
"(0.7790697674418605, 0.9767441860465116)",1,94.47674418604664,45146
"(0.7906976744186046, 0.9767441860465116)",1,94.47674418604656,45147
"(0.7093023255813954, 0.9651162790697676)",1,94.47674418604652,45148
"(0.9302325581395348, 0.9302325581395348)",1,94.47674418604647,45149
"(0.8837209302325582, 0.9534883720930232)",1,94.47674418604647,45150
"(0.8023255813953488, 0.9418604651162792)",1,94.47674418604645,45151
"(0.7790697674418605, 0.9418604651162792)",1,94.4767441860464,45152
"(0.5465116279069767, 0.9767441860465116)",2,94.4767441860464,45154
"(0.8488372093023255, 0.9534883720930232)",1,94.4767441860464,45155
"(0.6046511627906976, 0.9651162790697676)",1,94.4767441860464,45156
"(0.7325581395348837, 0.9534883720930232)",1,94.47674418604636,45157
"(0.7790697674418605, 0.9418604651162792)",1,94.47674418604636,45158
"(0.5116279069767442, 0.9534883720930232)",1,94.47674418604636,45159
"(0.8837209302325582, 0.9534883720930232)",1,94.47674418604636,45160
"(0.7558139534883721, 0.9534883720930232)",1,94.47674418604636,45161
"(0.8837209302325582, 0.9534883720930232)",1,94.47674418604632,45162
"(0.8023255813953488, 0.9418604651162792)",1,94.47674418604632,45163
"(0.7325581395348837, 0.9651162790697676)",1,94.47674418604632,45164
"(0.7906976744186046, 0.9534883720930232)",1,94.4767441860463,45165
"(0.8604651162790697, 0.9651162790697676)",1,94.4767441860463,45166
"(0.9, 0.95)",3,94.47500000000018,45169
"(0.9, 0.95)",1,94.47500000000014,45170
"(0.95, 0.9607142857142856)",1,94.47500000000014,45171
"(0.93, 0.9475)",1,94.47500000000014,45172
"(0.7964285714285714, 0.95)",1,94.47500000000012,45173
"(0.825, 0.95)",1,94.47500000000012,45174
"(0.6875, 0.975)",1,94.47500000000012,45175
"(0.9, 0.9625)",2,94.4750000000001,45177
"(0.8375, 0.9625)",2,94.4750000000001,45179
"(0.9392857142857144, 0.9392857142857144)",1,94.47500000000008,45180
"(0.9, 0.9625)",1,94.47500000000008,45181
"(0.3954545454545454, 0.999621212121212)",1,94.47500000000008,45182
"(0.4625, 0.95125)",1,94.47500000000008,45183
"(0.775, 0.95)",1,94.47500000000004,45184
"(0.8928571428571429, 0.9464285714285714)",1,94.47500000000002,45185
"(0.9791666666666666, 0.9875)",1,94.475,45186
"(0.9392857142857144, 0.9607142857142856)",3,94.475,45189
"(0.9321428571428572, 0.9464285714285714)",1,94.475,45190
"(0.975, 0.8125)",1,94.47499999999998,45191
"(0.8575, 0.9525)",6,94.47499999999997,45197
"(0.9475, 0.94)",1,94.47499999999994,45198
"(0.9107142857142856, 0.9535714285714286)",1,94.47499999999994,45199
"(0.9208333333333332, 0.9875)",1,94.47499999999992,45200
"(0.975, 0.9875)",3,94.47499999999978,45203
"(0.3484848484848485, 0.9954545454545456)",3,94.47462121212124,45206
"(0.8991228070175439, 0.9692982456140352)",3,94.47368421052636,45209
"(0.8201754385964912, 0.9649122807017544)",1,94.47368421052636,45210
"(0.8289473684210527, 0.9517543859649122)",1,94.47368421052634,45211
"(0.8245614035087719, 0.956140350877193)",1,94.47368421052632,45212
"(0.8552631578947368, 0.9517543859649122)",1,94.47368421052632,45213
"(0.8640350877192983, 0.956140350877193)",1,94.4736842105263,45214
"(0.605909090909091, 0.9945454545454544)",1,94.4731818181818,45215
"(0.93, 0.9475)",1,94.47250000000008,45216
"(0.9275, 0.9525)",4,94.47250000000004,45220
"(0.7475, 0.955)",1,94.47250000000004,45221
"(0.9525, 0.9525)",1,94.4725,45222
"(0.9475, 0.9475)",1,94.4725,45223
"(0.8225, 0.955)",1,94.47249999999993,45224
"(0.8194444444444444, 0.9861111111111112)",1,94.4722222222224,45225
"(0.6388888888888888, 0.9861111111111112)",1,94.4722222222224,45226
"(0.9583333333333334, 1.0)",2,94.47222222222231,45228
"(0.9861111111111112, 0.9583333333333334)",1,94.47222222222229,45229
"(0.8055555555555556, 0.9861111111111112)",1,94.47222222222226,45230
"(0.75, 1.0)",1,94.47222222222226,45231
"(0.9305555555555556, 1.0)",1,94.47222222222224,45232
"(0.9166666666666666, 1.0)",1,94.47222222222224,45233
"(0.9444444444444444, 0.9722222222222222)",1,94.4722222222222,45234
"(0.4049242424242424, 0.9958333333333332)",3,94.47159090909092,45237
"(0.9428571428571428, 0.9464285714285714)",1,94.47142857142852,45238
"(0.9, 0.95)",6,94.47142857142852,45244
"(0.95, 0.95)",1,94.4714285714285,45245
"(0.8392857142857143, 0.9535714285714286)",1,94.47142857142842,45246
"(0.9291666666666668, 0.9708333333333332)",1,94.47083333333336,45247
"(0.5176470588235295, 0.9411764705882352)",1,94.470588235294,45248
"(0.8588235294117647, 0.9176470588235294)",1,94.47058823529396,45249
"(0.83, 0.9525)",1,94.47000000000006,45250
"(0.855, 0.955)",1,94.46999999999994,45251
"(0.529054054054054, 0.9682432432432432)",4,94.46993243243242,45255
"(0.8722972972972973, 0.9685810810810812)",4,94.46959459459455,45259
"(0.881578947368421, 0.9692982456140352)",1,94.46929824561416,45260
"(0.8464912280701754, 0.9780701754385964)",1,94.4692982456141,45261
"(0.9078947368421052, 0.9517543859649122)",3,94.46929824561408,45264
"(0.768918918918919, 0.9760135135135136)",4,94.46925675675676,45268
"(0.8891891891891892, 0.9722972972972972)",1,94.4689189189189,45269
"(0.9321428571428572, 0.95)",1,94.46785714285718,45270
"(0.8928571428571429, 0.9607142857142856)",1,94.46785714285711,45271
"(0.8535714285714285, 0.95)",1,94.46785714285711,45272
"(0.8964285714285715, 0.9392857142857144)",1,94.46785714285711,45273
"(0.9642857142857144, 0.9571428571428572)",1,94.46785714285711,45274
"(0.9428571428571428, 0.9714285714285714)",1,94.4678571428571,45275
"(0.9, 0.9535714285714286)",1,94.46785714285704,45276
"(0.9375, 0.95)",3,94.46750000000011,45279
"(0.9575, 0.95)",2,94.46750000000009,45281
"(0.7525, 0.9475)",1,94.46750000000006,45282
"(0.55, 0.97125)",1,94.46749999999996,45283
"(0.9575, 0.94)",2,94.46749999999992,45285
"(0.4291666666666666, 0.9973484848484848)",2,94.46742424242429,45287
"(1.0, 0.9833333333333332)",1,94.46666666666673,45288
"(0.9666666666666668, 1.0)",1,94.4666666666667,45289
"(0.8833333333333333, 1.0)",1,94.46666666666668,45290
"(0.9833333333333332, 1.0)",1,94.46666666666668,45291
"(0.8043918918918919, 0.9668918918918918)",4,94.4665540540541,45295
"(0.52625, 0.96875)",1,94.46625000000004,45296
"(0.4056818181818182, 0.9988636363636364)",1,94.46590909090912,45297
"(0.8033783783783783, 0.9662162162162162)",1,94.46587837837836,45298
"(0.8604651162790697, 0.9767441860465116)",2,94.46511627906992,45300
"(0.8604651162790697, 0.9767441860465116)",1,94.46511627906987,45301
"(0.8023255813953488, 0.9767441860465116)",1,94.46511627906986,45302
"(0.3604651162790697, 0.9767441860465116)",1,94.46511627906985,45303
"(0.7325581395348837, 0.9534883720930232)",1,94.46511627906978,45304
"(0.8604651162790697, 0.9651162790697676)",1,94.46511627906972,45305
"(0.7325581395348837, 0.9767441860465116)",1,94.4651162790697,45306
"(0.5465116279069767, 0.9534883720930232)",1,94.46511627906968,45307
"(0.3488372093023256, 0.9534883720930232)",1,94.46511627906963,45308
"(0.8488372093023255, 0.9534883720930232)",1,94.46511627906962,45309
"(0.8372093023255814, 0.9534883720930232)",1,94.4651162790696,45310
"(0.4883720930232558, 0.9534883720930232)",1,94.4651162790696,45311
"(0.7906976744186046, 0.9534883720930232)",1,94.4651162790696,45312
"(0.9651162790697676, 0.9651162790697676)",1,94.46511627906958,45313
"(0.8488372093023255, 0.9534883720930232)",1,94.46511627906958,45314
"(0.4302325581395348, 0.9651162790697676)",1,94.46511627906958,45315
"(0.7906976744186046, 0.9651162790697676)",1,94.46511627906956,45316
"(0.3488372093023256, 0.9534883720930232)",1,94.46511627906948,45317
"(0.935, 0.9475)",1,94.46500000000012,45318
"(0.7825, 0.95)",1,94.46500000000012,45319
"(0.96, 0.95)",3,94.4650000000001,45322
"(0.9525, 0.9525)",1,94.46500000000006,45323
"(0.9625, 0.9525)",1,94.46500000000005,45324
"(0.63, 0.9754545454545456)",1,94.46499999999996,45325
"(0.755, 0.96)",1,94.46499999999996,45326
"(0.9385964912280702, 0.9736842105263158)",2,94.46491228070188,45328
"(0.8070175438596491, 0.9692982456140352)",1,94.46491228070184,45329
"(0.5964912280701754, 0.9692982456140352)",1,94.4649122807018,45330
"(0.8728070175438597, 0.9605263157894736)",2,94.4649122807018,45332
"(0.8903508771929824, 0.9473684210526316)",2,94.4649122807018,45334
"(0.7236842105263158, 0.9605263157894736)",1,94.46491228070178,45335
"(0.9429824561403508, 0.9912280701754386)",1,94.46491228070175,45336
"(0.8070175438596491, 0.956140350877193)",3,94.46491228070175,45339
"(0.8114035087719298, 0.9736842105263158)",1,94.46491228070175,45340
"(0.868421052631579, 0.956140350877193)",1,94.46491228070175,45341
"(0.8771929824561403, 0.9649122807017544)",1,94.46491228070172,45342
"(0.9078947368421052, 0.9736842105263158)",1,94.46491228070168,45343
"(0.9392857142857144, 0.95)",2,94.46428571428577,45345
"(0.875, 0.9607142857142856)",3,94.46428571428574,45348
"(0.9714285714285714, 0.9785714285714284)",1,94.46428571428568,45349
"(0.9, 0.95)",1,94.46428571428568,45350
"(0.9035714285714286, 0.9571428571428572)",1,94.46428571428564,45351
"(0.9285714285714286, 0.9392857142857144)",1,94.46428571428564,45352
"(0.8071428571428572, 0.9535714285714286)",1,94.46428571428562,45353
"(0.9285714285714286, 0.9392857142857144)",1,94.46428571428557,45354
"(0.8810810810810811, 0.9550675675675676)",1,94.46418918918916,45355
"(0.5945945945945946, 0.9679054054054054)",2,94.46385135135132,45357
"(0.725, 0.9625)",1,94.4625000000002,45358
"(0.925, 0.95)",1,94.46250000000018,45359
"(0.75, 0.95)",2,94.46250000000018,45361
"(0.9375, 0.95)",1,94.46250000000018,45362
"(0.85, 0.95)",1,94.46250000000018,45363
"(0.8125, 0.95)",1,94.46250000000018,45364
"(0.9125, 0.95)",1,94.46250000000016,45365
"(0.9, 0.95)",1,94.46250000000016,45366
"(0.9, 0.9625)",1,94.46250000000016,45367
"(0.9, 0.95)",3,94.46250000000016,45370
"(0.8875, 0.95)",1,94.46250000000012,45371
"(0.9125, 0.9625)",1,94.46250000000012,45372
"(0.8125, 0.95)",2,94.46250000000012,45374
"(0.9125, 0.95)",1,94.4625000000001,45375
"(0.9125, 0.95)",1,94.46250000000008,45376
"(0.8875, 0.9625)",2,94.46250000000008,45378
"(0.925, 0.9625)",1,94.46250000000008,45379
"(0.8375, 0.95)",1,94.46250000000006,45380
"(0.8875, 0.9625)",1,94.46250000000006,45381
"(0.825, 0.975)",2,94.46250000000006,45383
"(0.775, 0.975)",1,94.4625,45384
"(0.8475, 0.9475)",1,94.46249999999998,45385
"(0.925, 0.975)",1,94.46249999999996,45386
"(0.8225, 0.945)",1,94.46249999999992,45387
"(0.9175, 0.96)",1,94.46249999999988,45388
"(0.8025, 0.96)",1,94.46249999999988,45389
"(0.9, 0.975)",1,94.46249999999986,45390
"(0.717948717948718, 0.9743589743589745)",1,94.46153846153852,45391
"(0.4340909090909091, 0.993939393939394)",1,94.46098484848486,45392
"(0.769090909090909, 0.9913636363636364)",2,94.46090909090913,45394
"(0.8571428571428571, 0.95)",1,94.4607142857144,45395
"(0.875, 0.95)",1,94.4607142857143,45396
"(0.9642857142857144, 0.9642857142857144)",3,94.46071428571427,45399
"(0.95, 0.9607142857142856)",1,94.46071428571427,45400
"(0.9285714285714286, 0.9535714285714286)",1,94.46071428571426,45401
"(0.8928571428571429, 0.9571428571428572)",2,94.46071428571425,45403
"(0.8964285714285715, 0.9571428571428572)",1,94.46071428571425,45404
"(0.8678571428571429, 0.9535714285714286)",1,94.46071428571425,45405
"(0.8678571428571429, 0.9535714285714286)",1,94.46071428571425,45406
"(0.9, 0.9535714285714286)",2,94.46071428571416,45408
"(0.9464285714285714, 0.9535714285714286)",4,94.46071428571408,45412
"(0.8728070175438597, 0.9649122807017544)",1,94.46052631578952,45413
"(0.6754385964912281, 0.9780701754385964)",1,94.46052631578952,45414
"(0.5877192982456141, 0.9605263157894736)",1,94.4605263157895,45415
"(0.8771929824561403, 0.9692982456140352)",1,94.4605263157895,45416
"(0.7456140350877193, 0.9342105263157896)",1,94.4605263157895,45417
"(0.7105263157894737, 0.9692982456140352)",1,94.46052631578948,45418
"(0.8026315789473685, 0.9429824561403508)",2,94.46052631578948,45420
"(0.7456140350877193, 0.9649122807017544)",1,94.4605263157894,45421
"(0.8525, 0.95)",1,94.46000000000012,45422
"(0.9475, 0.9475)",2,94.46000000000008,45424
"(0.9075, 0.9375)",2,94.46000000000004,45426
"(0.935, 0.95)",2,94.46000000000002,45428
"(0.8325, 0.955)",1,94.46000000000002,45429
"(0.95, 0.9475)",1,94.45999999999997,45430
"(0.93, 0.955)",4,94.45999999999997,45434
"(0.8725, 0.955)",1,94.45999999999994,45435
"(0.9575, 0.9425)",1,94.4599999999999,45436
"(0.8472222222222222, 0.9861111111111112)",1,94.45833333333348,45437
"(0.8611111111111112, 0.9722222222222222)",1,94.45833333333348,45438
"(0.8611111111111112, 0.9861111111111112)",2,94.45833333333348,45440
"(0.8333333333333334, 0.9861111111111112)",1,94.45833333333348,45441
"(0.625, 0.9722222222222222)",1,94.45833333333346,45442
"(0.7916666666666666, 0.9861111111111112)",1,94.45833333333346,45443
"(0.8611111111111112, 0.9861111111111112)",1,94.4583333333334,45444
"(0.9027777777777778, 0.9861111111111112)",1,94.4583333333334,45445
"(0.75, 0.9861111111111112)",1,94.4583333333334,45446
"(0.625, 1.0)",1,94.45833333333336,45447
"(0.8333333333333334, 1.0)",1,94.45833333333334,45448
"(0.9444444444444444, 0.9722222222222222)",2,94.4583333333333,45450
"(0.8472222222222222, 0.9444444444444444)",2,94.45833333333329,45452
"(0.905, 0.95)",3,94.45750000000004,45455
"(0.955, 0.9425)",1,94.45750000000004,45456
"(0.9325, 0.9525)",1,94.45750000000002,45457
"(0.96, 0.9625)",1,94.45749999999995,45458
"(0.5625, 0.97375)",1,94.45749999999994,45459
"(0.925, 0.945)",1,94.45749999999992,45460
"(0.86, 0.96)",1,94.45749999999988,45461
"(0.8043918918918919, 0.9743243243243244)",1,94.45743243243246,45462
"(0.8178571428571428, 0.9607142857142856)",3,94.45714285714298,45465
"(0.8178571428571428, 0.9571428571428572)",3,94.45714285714286,45468
"(0.8071428571428572, 0.9571428571428572)",1,94.45714285714286,45469
"(0.95, 0.9642857142857144)",1,94.45714285714284,45470
"(0.9428571428571428, 0.9428571428571428)",2,94.45714285714284,45472
"(0.9464285714285714, 0.9571428571428572)",3,94.4571428571428,45475
"(0.9321428571428572, 0.9464285714285714)",1,94.45714285714276,45476
"(0.875, 0.9535714285714286)",1,94.45714285714276,45477
"(0.9, 0.9535714285714286)",1,94.45714285714268,45478
"(0.4078947368421052, 0.9692982456140352)",4,94.4561403508773,45482
"(0.6929824561403509, 0.9692982456140352)",1,94.45614035087723,45483
"(0.8947368421052632, 0.9649122807017544)",1,94.45614035087723,45484
"(0.5877192982456141, 0.9605263157894736)",1,94.4561403508772,45485
"(0.5263157894736842, 0.9517543859649122)",3,94.4561403508772,45488
"(0.4956140350877193, 0.9649122807017544)",1,94.45614035087718,45489
"(0.8290540540540541, 0.9668918918918918)",4,94.45608108108114,45493
"(0.7622727272727273, 0.9922727272727272)",1,94.45590909090907,45494
"(0.6537162162162162, 0.9699324324324324)",1,94.45506756756754,45495
"(0.7875, 0.945)",1,94.45500000000008,45496
"(0.8825, 0.9525)",3,94.45500000000006,45499
"(0.9575, 0.9425)",1,94.45500000000004,45500
"(0.9225, 0.95)",1,94.45500000000004,45501
"(0.5443181818181818, 0.9977272727272728)",3,94.45492424242428,45504
"(0.8135135135135135, 0.9702702702702702)",1,94.45472972972972,45505
"(0.6006756756756757, 0.9679054054054054)",1,94.4547297297297,45506
"(0.9571428571428572, 0.9571428571428572)",1,94.45357142857142,45507
"(0.8785714285714286, 0.9535714285714286)",1,94.45357142857137,45508
"(0.8178571428571428, 0.9464285714285714)",1,94.45357142857137,45509
"(0.8821428571428571, 0.9535714285714286)",1,94.45357142857132,45510
"(0.8928571428571429, 0.9464285714285714)",1,94.45357142857124,45511
"(0.8285714285714286, 0.9428571428571428)",2,94.4535714285712,45513
"(0.4883720930232558, 0.9767441860465116)",1,94.453488372093,45514
"(0.8604651162790697, 0.9534883720930232)",1,94.45348837209288,45515
"(0.8023255813953488, 0.9534883720930232)",1,94.45348837209288,45516
"(0.9767441860465116, 0.9651162790697676)",1,94.45348837209286,45517
"(0.7790697674418605, 0.9767441860465116)",1,94.45348837209283,45518
"(0.8604651162790697, 0.9651162790697676)",1,94.4534883720928,45519
"(0.872093023255814, 0.9651162790697676)",1,94.45348837209276,45520
"(0.4659090909090909, 0.9984848484848484)",3,94.45340909090912,45523
"(0.89, 0.9525)",3,94.45250000000006,45526
"(0.5275, 0.9475)",3,94.45250000000004,45529
"(0.9075, 0.95)",1,94.4525,45530
"(0.9075, 0.9375)",2,94.45249999999996,45532
"(0.7375, 0.9575)",4,94.45249999999992,45536
"(0.8175, 0.9575)",1,94.45249999999992,45537
"(0.8991228070175439, 0.9692982456140352)",4,94.45175438596507,45541
"(0.5921052631578947, 0.9736842105263158)",8,94.451754385965,45549
"(0.5394736842105263, 0.956140350877193)",1,94.451754385965,45550
"(0.8552631578947368, 0.9473684210526316)",1,94.45175438596496,45551
"(0.8771929824561403, 0.9473684210526316)",1,94.45175438596492,45552
"(0.8377192982456141, 0.956140350877193)",1,94.45175438596492,45553
"(0.706140350877193, 0.9912280701754386)",3,94.45175438596492,45556
"(0.9298245614035088, 0.9429824561403508)",1,94.45175438596488,45557
"(0.8201754385964912, 0.9736842105263158)",1,94.45175438596488,45558
"(0.6969594594594595, 0.9716216216216216)",2,94.45168918918924,45560
"(0.8472972972972973, 0.9695945945945946)",1,94.45135135135136,45561
"(0.8584459459459459, 0.9695945945945946)",1,94.45033783783786,45562
"(0.5689189189189189, 0.979054054054054)",4,94.4503378378378,45566
"(0.9, 0.95)",1,94.4500000000002,45567
"(0.85, 0.95)",1,94.45000000000016,45568
"(0.9375, 0.95)",1,94.45000000000016,45569
"(0.9125, 0.9625)",1,94.45000000000016,45570
"(0.6375, 0.95)",1,94.45000000000012,45571
"(0.9, 0.95)",1,94.45000000000012,45572
"(0.8125, 0.9375)",1,94.45000000000007,45573
"(0.9833333333333332, 0.9833333333333332)",1,94.45000000000007,45574
"(0.9, 1.0)",2,94.45000000000006,45576
"(0.9464285714285714, 0.95)",1,94.45000000000006,45577
"(1.0, 0.9833333333333332)",2,94.45000000000006,45579
"(0.945, 0.9275)",1,94.45000000000002,45580
"(0.95, 1.0)",1,94.45,45581
"(0.5964285714285714, 0.9571428571428572)",1,94.45,45582
"(0.56625, 0.98625)",1,94.45,45583
"(0.8785714285714286, 0.95)",1,94.45,45584
"(0.8535714285714285, 0.9607142857142856)",1,94.44999999999996,45585
"(0.8175, 0.9575)",1,94.44999999999996,45586
"(0.8125, 0.975)",1,94.44999999999996,45587
"(0.9025, 0.94)",2,94.44999999999996,45589
"(0.8678571428571429, 0.9535714285714286)",1,94.44999999999996,45590
"(0.93, 0.945)",1,94.44999999999996,45591
"(0.875, 0.9642857142857144)",1,94.44999999999992,45592
"(0.8892857142857142, 0.9571428571428572)",1,94.44999999999987,45593
"(0.48, 0.9725)",1,94.44999999999986,45594
"(0.8327702702702703, 0.9638513513513514)",1,94.44932432432432,45595
"(0.8493243243243244, 0.9719594594594596)",2,94.44763513513516,45597
"(0.905, 0.9475)",1,94.44750000000012,45598
"(0.96, 0.955)",2,94.44750000000006,45600
"(0.905, 0.9475)",1,94.44750000000002,45601
"(0.895, 0.945)",1,94.44750000000002,45602
"(0.7, 0.9525)",1,94.4475,45603
"(0.725, 0.9575)",1,94.44749999999996,45604
"(0.805, 0.95)",2,94.44749999999996,45606
"(0.7719298245614035, 0.9824561403508772)",1,94.44736842105272,45607
"(0.5745614035087719, 0.9692982456140352)",1,94.4473684210527,45608
"(0.6403508771929824, 0.9692982456140352)",3,94.44736842105269,45611
"(0.7456140350877193, 0.9517543859649122)",1,94.44736842105269,45612
"(0.793859649122807, 0.9736842105263158)",1,94.44736842105269,45613
"(0.8596491228070176, 0.9736842105263158)",3,94.44736842105269,45616
"(0.7807017543859649, 0.9473684210526316)",3,94.44736842105266,45619
"(0.8728070175438597, 0.9517543859649122)",1,94.44736842105264,45620
"(0.6403508771929824, 0.9736842105263158)",1,94.44736842105264,45621
"(0.8421052631578947, 0.956140350877193)",1,94.4473684210526,45622
"(0.8352941176470589, 0.9411764705882352)",3,94.4470588235292,45625
"(0.6260135135135135, 0.9736486486486486)",3,94.44662162162165,45628
"(0.9, 0.9392857142857144)",1,94.44642857142884,45629
"(0.8607142857142858, 0.9571428571428572)",1,94.44642857142873,45630
"(0.8857142857142857, 0.9321428571428572)",1,94.44642857142864,45631
"(0.9464285714285714, 0.9571428571428572)",3,94.44642857142856,45634
"(0.9535714285714286, 0.9607142857142856)",1,94.44642857142856,45635
"(0.875, 0.9464285714285714)",2,94.44642857142854,45637
"(0.9107142857142856, 0.9535714285714286)",1,94.44642857142853,45638
"(0.9107142857142856, 0.95)",1,94.4464285714285,45639
"(0.9464285714285714, 0.9428571428571428)",1,94.44642857142846,45640
"(0.9666666666666668, 0.9958333333333332)",1,94.4458333333333,45641
"(0.95, 0.9875)",1,94.44583333333324,45642
"(0.533445945945946, 0.9668918918918918)",4,94.44560810810816,45646
"(0.7375, 0.9525)",1,94.44500000000008,45647
"(0.8475, 0.95)",1,94.44500000000004,45648
"(0.9075, 0.94)",1,94.44500000000002,45649
"(0.8216216216216217, 0.9695945945945946)",1,94.44459459459452,45650
"(0.8611111111111112, 0.9722222222222222)",1,94.44444444444464,45651
"(0.8888888888888888, 0.9861111111111112)",1,94.4444444444446,45652
"(0.9027777777777778, 0.9722222222222222)",1,94.44444444444458,45653
"(0.8888888888888888, 0.9722222222222222)",1,94.44444444444456,45654
"(0.9305555555555556, 1.0)",1,94.44444444444454,45655
"(0.8194444444444444, 0.9861111111111112)",1,94.44444444444451,45656
"(0.8472222222222222, 1.0)",1,94.4444444444445,45657
"(0.7777777777777778, 1.0)",1,94.44444444444449,45658
"(0.8611111111111112, 0.9583333333333334)",1,94.44444444444444,45659
"(0.75, 0.9722222222222222)",1,94.44444444444444,45660
"(0.7638888888888888, 1.0)",1,94.44444444444444,45661
"(0.9166666666666666, 1.0)",1,94.44444444444444,45662
"(0.8333333333333334, 0.9444444444444444)",1,94.4444444444444,45663
"(0.7996621621621621, 0.9736486486486486)",4,94.44358108108108,45667
"(0.8472972972972973, 0.9722972972972972)",3,94.44324324324327,45670
"(0.925438596491228, 0.9605263157894736)",1,94.44298245614044,45671
"(0.8728070175438597, 0.9780701754385964)",1,94.44298245614044,45672
"(0.5964912280701754, 0.9692982456140352)",1,94.44298245614038,45673
"(0.7280701754385965, 0.9692982456140352)",1,94.44298245614038,45674
"(0.868421052631579, 0.956140350877193)",1,94.44298245614036,45675
"(0.8026315789473685, 0.9429824561403508)",1,94.44298245614036,45676
"(0.9357142857142856, 0.9607142857142856)",1,94.44285714285714,45677
"(0.5964285714285714, 0.95)",1,94.44285714285712,45678
"(0.95, 0.9464285714285714)",1,94.4428571428571,45679
"(0.9035714285714286, 0.9392857142857144)",1,94.44285714285708,45680
"(0.8928571428571429, 0.9571428571428572)",1,94.44285714285708,45681
"(0.9571428571428572, 0.9571428571428572)",1,94.44285714285706,45682
"(0.8857142857142857, 0.9571428571428572)",6,94.44285714285704,45688
"(0.8775, 0.95)",1,94.44250000000017,45689
"(0.8475, 0.95)",1,94.44250000000014,45690
"(0.7825, 0.945)",1,94.44250000000012,45691
"(0.85, 0.95)",1,94.44250000000008,45692
"(0.55, 0.95)",1,94.44250000000004,45693
"(0.9125, 0.955)",1,94.44249999999998,45694
"(0.8025, 0.96)",2,94.4424999999999,45696
"(0.8255813953488372, 0.9883720930232558)",1,94.44186046511638,45697
"(0.6162790697674418, 0.9767441860465116)",1,94.44186046511638,45698
"(0.5465116279069767, 0.9767441860465116)",1,94.44186046511636,45699
"(0.872093023255814, 0.9767441860465116)",1,94.44186046511628,45700
"(0.9302325581395348, 0.9767441860465116)",1,94.44186046511628,45701
"(0.6976744186046512, 0.9651162790697676)",1,94.44186046511622,45702
"(0.8488372093023255, 0.9418604651162792)",1,94.4418604651162,45703
"(0.7906976744186046, 0.9651162790697676)",1,94.44186046511618,45704
"(0.7906976744186046, 0.9534883720930232)",1,94.44186046511618,45705
"(0.7558139534883721, 0.9534883720930232)",1,94.44186046511614,45706
"(0.8023255813953488, 0.9534883720930232)",1,94.44186046511614,45707
"(0.4418604651162791, 0.9534883720930232)",1,94.44186046511612,45708
"(0.8604651162790697, 0.9534883720930232)",1,94.44186046511612,45709
"(0.7325581395348837, 0.9651162790697676)",1,94.44186046511612,45710
"(0.8604651162790697, 0.9534883720930232)",1,94.44186046511606,45711
"(0.9875, 0.9958333333333332)",1,94.44166666666672,45712
"(0.9791666666666666, 0.9916666666666668)",4,94.44166666666656,45716
"(0.5886363636363636, 1.0)",3,94.4412878787879,45719
"(0.8263513513513514, 0.9689189189189188)",1,94.44054054054052,45720
"(0.95, 0.9525)",2,94.44000000000013,45722
"(0.6, 0.9625)",1,94.44000000000013,45723
"(0.945, 0.9475)",1,94.44000000000008,45724
"(0.83, 0.9375)",1,94.44000000000004,45725
"(0.93, 0.9525)",2,94.44000000000004,45727
"(0.95, 0.95)",1,94.44,45728
"(0.805, 0.955)",2,94.43999999999984,45730
"(0.9321428571428572, 0.9535714285714286)",1,94.43928571428572,45731
"(0.9178571428571428, 0.9678571428571427)",1,94.43928571428567,45732
"(0.9678571428571427, 0.9642857142857144)",1,94.43928571428556,45733
"(0.8885135135135135, 0.9712837837837838)",1,94.43885135135136,45734
"(0.8728070175438597, 0.9649122807017544)",2,94.43859649122813,45736
"(0.8377192982456141, 0.9736842105263158)",1,94.43859649122813,45737
"(0.8596491228070176, 0.9517543859649122)",1,94.43859649122808,45738
"(0.5263157894736842, 0.956140350877193)",3,94.43859649122808,45741
"(0.925438596491228, 0.9605263157894736)",1,94.43859649122804,45742
"(0.868421052631579, 0.9649122807017544)",1,94.43859649122804,45743
"(0.9166666666666666, 0.956140350877193)",2,94.43859649122804,45745
"(0.7192982456140351, 0.9649122807017544)",2,94.43859649122804,45747
"(0.8026315789473685, 0.9649122807017544)",1,94.438596491228,45748
"(0.8875, 0.95)",1,94.43750000000018,45749
"(0.8875, 0.95)",3,94.43750000000016,45752
"(0.8625, 0.9625)",1,94.43750000000011,45753
"(0.85, 0.95)",2,94.43750000000011,45755
"(0.7625, 0.95)",2,94.4375000000001,45757
"(0.8875, 0.95)",1,94.4375000000001,45758
"(0.925, 0.9625)",1,94.4375000000001,45759
"(0.875, 0.9625)",1,94.4375000000001,45760
"(0.9, 0.955)",1,94.43750000000009,45761
"(0.9625, 0.9625)",1,94.43750000000006,45762
"(0.7875, 0.955)",2,94.43750000000004,45764
"(0.8081081081081081, 0.9706081081081082)",4,94.43750000000004,45768
"(0.4125, 0.975)",2,94.4375,45770
"(0.9875, 0.9958333333333332)",1,94.4375,45771
"(1.0, 0.9958333333333332)",1,94.43749999999994,45772
"(0.295, 0.9625)",1,94.43749999999991,45773
"(0.795, 0.96)",1,94.43749999999984,45774
"(0.4291666666666666, 0.9984848484848484)",3,94.43712121212124,45777
"(0.7334459459459459, 0.9722972972972972)",1,94.43648648648652,45778
"(0.67125, 0.98625)",1,94.43625,45779
"(0.6304054054054054, 0.9675675675675676)",1,94.43581081081082,45780
"(0.8892857142857142, 0.9464285714285714)",1,94.4357142857143,45781
"(0.9607142857142856, 0.9535714285714286)",1,94.43571428571428,45782
"(0.9392857142857144, 0.9535714285714286)",1,94.43571428571428,45783
"(0.8928571428571429, 0.95)",1,94.43571428571424,45784
"(0.9035714285714286, 0.9464285714285714)",1,94.43571428571424,45785
"(0.9571428571428572, 0.95)",1,94.43571428571424,45786
"(0.9714285714285714, 0.9571428571428572)",1,94.43571428571424,45787
"(0.9321428571428572, 0.9535714285714286)",1,94.4357142857142,45788
"(0.9428571428571428, 0.9464285714285714)",1,94.43571428571416,45789
"(0.95, 0.9428571428571428)",1,94.43571428571416,45790
"(0.8535714285714285, 0.9464285714285714)",1,94.43571428571416,45791
"(0.9428571428571428, 0.9535714285714286)",1,94.4357142857141,45792
"(0.4079545454545454, 0.996969696969697)",1,94.43560606060608,45793
"(0.7411764705882353, 0.9411764705882352)",1,94.43529411764696,45794
"(0.875, 0.9475)",1,94.43500000000007,45795
"(0.925, 0.96)",1,94.43500000000004,45796
"(0.95, 0.9475)",1,94.43500000000004,45797
"(0.9425, 0.945)",1,94.435,45798
"(0.9625, 0.945)",1,94.43499999999996,45799
"(0.8025, 0.9525)",1,94.43499999999996,45800
"(0.8725, 0.9575)",2,94.43499999999992,45802
"(0.9342105263157896, 0.9692982456140352)",3,94.43421052631592,45805
"(0.881578947368421, 0.9692982456140352)",1,94.43421052631588,45806
"(0.912280701754386, 0.9605263157894736)",1,94.43421052631588,45807
"(0.8596491228070176, 0.956140350877193)",1,94.43421052631584,45808
"(0.7763157894736842, 0.9517543859649122)",1,94.43421052631584,45809
"(0.6403508771929824, 0.9649122807017544)",2,94.43421052631582,45811
"(0.6578947368421053, 0.9605263157894736)",1,94.43421052631582,45812
"(0.868421052631579, 0.9692982456140352)",1,94.4342105263158,45813
"(0.7982456140350878, 0.9605263157894736)",1,94.4342105263158,45814
"(0.8070175438596491, 0.9473684210526316)",1,94.43421052631578,45815
"(0.3991228070175439, 0.9649122807017544)",1,94.43421052631578,45816
"(0.912280701754386, 0.9649122807017544)",2,94.43421052631577,45818
"(0.8201754385964912, 0.9649122807017544)",2,94.43421052631577,45820
"(0.8947368421052632, 0.956140350877193)",1,94.43421052631577,45821
"(0.9298245614035088, 0.956140350877193)",1,94.43421052631577,45822
"(0.5034090909090909, 0.9973484848484848)",3,94.43371212121215,45825
"(0.5442567567567568, 0.9679054054054054)",1,94.43344594594592,45826
"(0.8333333333333334, 0.9833333333333332)",1,94.43333333333342,45827
"(0.9666666666666668, 0.9833333333333332)",1,94.43333333333342,45828
"(0.9833333333333332, 0.9833333333333332)",1,94.4333333333334,45829
"(0.9, 0.9833333333333332)",1,94.4333333333334,45830
"(1.0, 1.0)",1,94.43333333333337,45831
"(1.0, 1.0)",1,94.43333333333334,45832
"(0.9833333333333332, 1.0)",1,94.43333333333334,45833
"(0.7166666666666667, 1.0)",2,94.43333333333334,45835
"(0.9833333333333332, 0.9875)",1,94.43333333333328,45836
"(0.9375, 0.9875)",1,94.43333333333328,45837
"(0.5800675675675676, 0.9692567567567568)",4,94.43310810810812,45841
"(0.9275, 0.9475)",1,94.4325,45842
"(0.795, 0.9575)",1,94.43249999999998,45843
"(0.9375, 0.9425)",1,94.43249999999998,45844
"(0.7875, 0.955)",4,94.43249999999996,45848
"(0.84, 0.945)",1,94.43249999999996,45849
"(0.522972972972973, 0.9672297297297298)",4,94.43243243243246,45853
"(0.8178571428571428, 0.9607142857142856)",3,94.432142857143,45856
"(0.9535714285714286, 0.9571428571428572)",1,94.43214285714286,45857
"(0.9571428571428572, 0.9678571428571427)",1,94.43214285714286,45858
"(0.8678571428571429, 0.9535714285714286)",1,94.43214285714278,45859
"(0.9214285714285714, 0.9607142857142856)",1,94.43214285714278,45860
"(0.8571428571428571, 0.9642857142857144)",1,94.43214285714276,45861
"(0.8928571428571429, 0.9535714285714286)",1,94.43214285714276,45862
"(0.8260135135135135, 0.9712837837837838)",1,94.43209459459464,45863
"(0.572972972972973, 0.9587837837837838)",1,94.43175675675676,45864
"(0.6310810810810811, 0.972972972972973)",4,94.43175675675673,45868
"(0.9135135135135136, 0.9692567567567568)",3,94.43141891891896,45871
"(0.5658783783783784, 0.9706081081081082)",1,94.43141891891892,45872
"(0.8753378378378378, 0.9695945945945946)",1,94.43141891891892,45873
"(0.7916666666666666, 0.9722222222222222)",1,94.43055555555574,45874
"(0.8472222222222222, 0.9722222222222222)",2,94.43055555555571,45876
"(0.875, 0.9861111111111112)",1,94.43055555555571,45877
"(0.7638888888888888, 1.0)",1,94.4305555555557,45878
"(0.8055555555555556, 0.9861111111111112)",2,94.4305555555557,45880
"(0.875, 0.9861111111111112)",1,94.4305555555557,45881
"(0.8611111111111112, 0.9861111111111112)",2,94.43055555555569,45883
"(0.6944444444444444, 0.9861111111111112)",1,94.43055555555569,45884
"(0.8194444444444444, 0.9861111111111112)",2,94.43055555555569,45886
"(0.7916666666666666, 0.9722222222222222)",1,94.43055555555564,45887
"(0.8888888888888888, 0.9861111111111112)",1,94.43055555555564,45888
"(0.9027777777777778, 1.0)",2,94.43055555555554,45890
"(0.7083333333333334, 1.0)",2,94.43055555555554,45892
"(0.8055555555555556, 0.9444444444444444)",1,94.43055555555549,45893
"(0.9651162790697676, 0.9767441860465116)",2,94.43023255813968,45895
"(0.5697674418604651, 0.9767441860465116)",1,94.43023255813962,45896
"(0.8023255813953488, 0.9651162790697676)",1,94.4302325581395,45897
"(0.3023255813953488, 0.9767441860465116)",1,94.43023255813948,45898
"(0.8837209302325582, 0.9767441860465116)",1,94.43023255813942,45899
"(0.8372093023255814, 0.9418604651162792)",1,94.4302325581394,45900
"(0.8953488372093024, 0.9418604651162792)",1,94.4302325581394,45901
"(0.872093023255814, 0.9534883720930232)",1,94.43023255813938,45902
"(0.9302325581395348, 0.9534883720930232)",1,94.43023255813938,45903
"(0.9302325581395348, 0.9651162790697676)",1,94.43023255813938,45904
"(0.7906976744186046, 0.9534883720930232)",1,94.43023255813937,45905
"(0.872093023255814, 0.9534883720930232)",1,94.43023255813937,45906
"(0.8953488372093024, 0.9534883720930232)",1,94.43023255813937,45907
"(0.872093023255814, 0.9651162790697676)",1,94.43023255813937,45908
"(0.539527027027027, 0.9722972972972972)",2,94.43006756756752,45910
"(0.96, 0.95)",1,94.43000000000008,45911
"(0.51, 0.9525)",3,94.43000000000004,45914
"(0.935, 0.9375)",1,94.43000000000004,45915
"(0.8275, 0.945)",1,94.43,45916
"(0.7563636363636363, 0.9922727272727272)",1,94.42999999999998,45917
"(0.9275, 0.9525)",1,94.42999999999998,45918
"(0.50875, 0.97125)",1,94.42999999999996,45919
"(0.8225, 0.95)",1,94.42999999999996,45920
"(0.7475, 0.9425)",1,94.42999999999996,45921
"(0.9525, 0.94)",1,94.42999999999986,45922
"(0.955, 0.9525)",1,94.42999999999984,45923
"(0.8225, 0.945)",1,94.42999999999984,45924
"(0.6885964912280702, 0.9605263157894736)",2,94.42982456140356,45926
"(0.706140350877193, 0.9649122807017544)",1,94.42982456140356,45927
"(0.8201754385964912, 0.9649122807017544)",1,94.42982456140356,45928
"(0.5964912280701754, 0.9605263157894736)",1,94.42982456140352,45929
"(0.8289473684210527, 0.956140350877193)",1,94.4298245614034,45930
"(0.4174242424242424, 0.9992424242424244)",1,94.42954545454548,45931
"(0.9291666666666668, 0.9708333333333332)",1,94.42916666666672,45932
"(0.5964285714285714, 0.9678571428571427)",1,94.42857142857144,45933
"(0.95, 0.9571428571428572)",2,94.42857142857142,45935
"(0.9535714285714286, 0.95)",1,94.4285714285714,45936
"(0.9071428571428573, 0.95)",1,94.4285714285714,45937
"(0.9428571428571428, 0.9607142857142856)",1,94.42857142857136,45938
"(0.9285714285714286, 0.9428571428571428)",1,94.42857142857136,45939
"(0.8275, 0.95)",1,94.42750000000008,45940
"(0.8875, 0.9525)",2,94.42750000000002,45942
"(0.93, 0.9425)",1,94.4275,45943
"(0.8575, 0.945)",1,94.42749999999997,45944
"(0.83, 0.9575)",6,94.42749999999997,45950
"(0.9475, 0.9425)",1,94.42749999999984,45951
"(0.8023648648648649, 0.9706081081081082)",1,94.42668918918922,45952
"(0.8412162162162162, 0.9702702702702702)",1,94.42668918918916,45953
"(0.55, 0.98)",1,94.42624999999995,45954
"(0.6391891891891892, 0.9695945945945946)",1,94.42601351351342,45955
"(0.9298245614035088, 0.9429824561403508)",1,94.42543859649136,45956
"(0.7412280701754386, 0.9780701754385964)",1,94.42543859649128,45957
"(0.8333333333333334, 0.9692982456140352)",1,94.42543859649128,45958
"(0.8070175438596491, 0.956140350877193)",1,94.42543859649126,45959
"(0.8596491228070176, 0.9429824561403508)",1,94.42543859649123,45960
"(0.868421052631579, 0.956140350877193)",1,94.4254385964912,45961
"(0.8375, 0.9625)",1,94.42500000000015,45962
"(0.875, 0.95)",1,94.42500000000014,45963
"(0.75, 0.95)",1,94.42500000000013,45964
"(0.875, 0.95)",2,94.4250000000001,45966
"(0.5443181818181818, 0.9943181818181818)",1,94.42500000000008,45967
"(0.95, 0.95)",1,94.42500000000008,45968
"(0.6525, 0.94)",1,94.42500000000008,45969
"(0.8675, 0.96)",1,94.42500000000004,45970
"(0.6875, 0.95)",1,94.42500000000004,45971
"(0.9225, 0.9525)",1,94.42500000000004,45972
"(0.5344594594594595, 0.9777027027027028)",4,94.425,45976
"(0.9075, 0.9575)",2,94.425,45978
"(0.9464285714285714, 0.9678571428571427)",1,94.425,45979
"(0.9357142857142856, 0.9571428571428572)",1,94.42499999999998,45980
"(0.8714285714285714, 0.9535714285714286)",1,94.42499999999998,45981
"(0.9571428571428572, 0.9392857142857144)",1,94.42499999999998,45982
"(0.9607142857142856, 0.9642857142857144)",1,94.42499999999995,45983
"(0.6625, 0.975)",2,94.42499999999995,45985
"(0.95, 0.9535714285714286)",1,94.42499999999994,45986
"(0.8392857142857143, 0.95)",2,94.42499999999994,45988
"(0.825, 0.975)",1,94.42499999999993,45989
"(0.855, 0.9575)",2,94.42499999999993,45991
"(0.9, 0.9428571428571428)",2,94.4249999999999,45993
"(0.9107142857142856, 0.9321428571428572)",1,94.42499999999988,45994
"(0.8875, 0.975)",4,94.42499999999988,45998
"(0.5057432432432433, 0.9712837837837838)",4,94.42466216216216,46002
"(0.2431818181818182, 0.9973484848484848)",3,94.42348484848488,46005
"(0.8402027027027027, 0.9756756756756756)",1,94.42331081081085,46006
"(0.7496621621621622, 0.9712837837837838)",4,94.422972972973,46010
"(0.595945945945946, 0.966554054054054)",4,94.422972972973,46014
"(0.8510135135135135, 0.9699324324324324)",1,94.42297297297296,46015
"(0.93, 0.95)",3,94.42250000000008,46018
"(0.8325, 0.95)",1,94.42250000000008,46019
"(0.8392857142857143, 0.9607142857142856)",1,94.42142857142863,46020
"(0.8785714285714286, 0.9571428571428572)",1,94.42142857142862,46021
"(0.8607142857142858, 0.9392857142857144)",1,94.42142857142854,46022
"(0.9178571428571428, 0.9535714285714286)",1,94.42142857142852,46023
"(0.8289473684210527, 0.9692982456140352)",1,94.42105263157904,46024
"(0.4605263157894737, 0.9649122807017544)",1,94.421052631579,46025
"(0.8859649122807017, 0.9517543859649122)",2,94.421052631579,46027
"(0.4605263157894737, 0.9736842105263158)",1,94.421052631579,46028
"(0.8026315789473685, 0.9692982456140352)",3,94.42105263157896,46031
"(0.8333333333333334, 0.9736842105263158)",3,94.42105263157896,46034
"(0.8289473684210527, 0.9473684210526316)",3,94.42105263157896,46037
"(0.868421052631579, 0.9605263157894736)",1,94.42105263157896,46038
"(0.8070175438596491, 0.9649122807017544)",1,94.42105263157896,46039
"(0.975, 0.9875)",1,94.42083333333336,46040
"(0.9416666666666668, 0.9375)",1,94.42083333333332,46041
"(0.8625, 0.9916666666666668)",1,94.4208333333332,46042
"(0.935, 0.95)",1,94.42000000000012,46043
"(0.8525, 0.9475)",1,94.42000000000009,46044
"(0.9475, 0.955)",1,94.42000000000006,46045
"(0.8025, 0.9525)",1,94.42000000000004,46046
"(0.945, 0.9475)",1,94.42000000000004,46047
"(0.8175, 0.9525)",1,94.42,46048
"(0.8837209302325582, 0.9767441860465116)",1,94.41860465116288,46049
"(0.5465116279069767, 0.9534883720930232)",1,94.41860465116278,46050
"(0.7674418604651163, 0.9883720930232558)",1,94.41860465116278,46051
"(0.8372093023255814, 0.9651162790697676)",1,94.41860465116274,46052
"(0.6744186046511628, 0.9534883720930232)",1,94.4186046511627,46053
"(0.4418604651162791, 0.9534883720930232)",1,94.41860465116268,46054
"(0.9069767441860463, 0.9534883720930232)",1,94.41860465116268,46055
"(0.7790697674418605, 0.9418604651162792)",1,94.41860465116268,46056
"(0.4651162790697674, 0.9534883720930232)",2,94.41860465116262,46058
"(0.7558139534883721, 0.9534883720930232)",1,94.4186046511626,46059
"(0.8837209302325582, 0.9534883720930232)",1,94.4186046511626,46060
"(0.7906976744186046, 0.9534883720930232)",1,94.4186046511626,46061
"(0.9285714285714286, 0.9571428571428572)",1,94.41785714285714,46062
"(0.9571428571428572, 0.9607142857142856)",1,94.41785714285714,46063
"(0.9642857142857144, 0.95)",1,94.4178571428571,46064
"(0.9075, 0.9325)",3,94.41750000000002,46067
"(0.8625, 0.9525)",1,94.41749999999998,46068
"(0.89, 0.9575)",1,94.4174999999999,46069
"(0.431060606060606, 0.9973484848484848)",1,94.41704545454547,46070
"(0.8472222222222222, 0.9722222222222222)",1,94.41666666666684,46071
"(0.881578947368421, 0.9692982456140352)",3,94.4166666666668,46074
"(0.7222222222222222, 0.9583333333333334)",1,94.4166666666668,46075
"(0.5570175438596491, 0.9692982456140352)",4,94.41666666666676,46079
"(0.8611111111111112, 0.9861111111111112)",1,94.41666666666676,46080
"(0.625, 0.9722222222222222)",1,94.41666666666674,46081
"(0.8472222222222222, 0.9583333333333334)",1,94.41666666666674,46082
"(0.8333333333333334, 0.9666666666666668)",1,94.41666666666671,46083
"(0.9333333333333332, 0.9833333333333332)",1,94.41666666666671,46084
"(0.875, 1.0)",1,94.41666666666671,46085
"(0.7894736842105263, 0.9517543859649122)",3,94.41666666666671,46088
"(0.5614035087719298, 0.9692982456140352)",1,94.41666666666671,46089
"(0.6929824561403509, 0.9473684210526316)",1,94.4166666666667,46090
"(0.8289473684210527, 0.9736842105263158)",1,94.4166666666667,46091
"(0.7719298245614035, 0.9473684210526316)",1,94.41666666666669,46092
"(0.7166666666666667, 1.0)",1,94.41666666666669,46093
"(0.8421052631578947, 0.9649122807017544)",1,94.41666666666669,46094
"(0.8, 1.0)",1,94.41666666666664,46095
"(0.8666666666666667, 0.9833333333333332)",1,94.4166666666666,46096
"(0.8194444444444444, 0.9583333333333334)",1,94.4166666666666,46097
"(0.8611111111111112, 0.9444444444444444)",1,94.41666666666656,46098
"(0.9916666666666668, 0.9875)",3,94.41666666666652,46101
"(0.9958333333333332, 0.9916666666666668)",4,94.41666666666644,46105
"(0.8275, 0.9525)",1,94.41500000000008,46106
"(0.77, 0.945)",1,94.41500000000008,46107
"(0.8575, 0.9625)",1,94.41500000000006,46108
"(0.95, 0.9525)",2,94.41500000000003,46110
"(0.8775, 0.96)",2,94.41499999999994,46112
"(0.77, 0.9575)",1,94.4149999999999,46113
"(0.5141891891891892, 0.9702702702702702)",4,94.4148648648649,46117
"(0.5273648648648649, 0.9736486486486486)",1,94.41452702702703,46118
"(0.8285714285714286, 0.9535714285714286)",1,94.41428571428564,46119
"(0.9571428571428572, 0.9571428571428572)",1,94.41428571428564,46120
"(0.9428571428571428, 0.95)",1,94.41428571428564,46121
"(0.8142857142857143, 0.9535714285714286)",4,94.41428571428553,46125
"(0.9, 0.9535714285714286)",1,94.4142857142855,46126
"(0.8780405405405406, 0.9631756756756756)",1,94.4138513513513,46127
"(0.9125, 0.9625)",1,94.4125000000002,46128
"(0.925, 0.95)",1,94.41250000000018,46129
"(0.7875, 0.95)",1,94.41250000000016,46130
"(0.875, 0.95)",2,94.41250000000016,46132
"(0.7375, 0.95)",1,94.41250000000014,46133
"(0.8125, 0.95)",1,94.41250000000012,46134
"(0.9125, 0.9625)",1,94.41250000000012,46135
"(0.825, 0.95)",1,94.4125000000001,46136
"(0.925, 0.975)",1,94.4125000000001,46137
"(0.8625, 0.9625)",1,94.4125000000001,46138
"(0.85, 0.95)",1,94.4125000000001,46139
"(0.8275, 0.9525)",1,94.41250000000002,46140
"(0.925, 0.975)",1,94.41249999999997,46141
"(0.8675, 0.9575)",6,94.41249999999994,46147
"(0.94, 0.945)",1,94.41249999999992,46148
"(0.9666666666666668, 0.9916666666666668)",1,94.41249999999992,46149
"(0.8771929824561403, 0.9780701754385964)",1,94.4122807017545,46150
"(0.6578947368421053, 0.9692982456140352)",1,94.41228070175444,46151
"(0.8859649122807017, 0.9517543859649122)",1,94.41228070175444,46152
"(0.7105263157894737, 0.9605263157894736)",1,94.41228070175444,46153
"(0.7763157894736842, 0.9692982456140352)",2,94.41228070175444,46155
"(0.8114035087719298, 0.956140350877193)",1,94.4122807017544,46156
"(0.925438596491228, 0.9736842105263158)",1,94.4122807017544,46157
"(0.8947368421052632, 0.9692982456140352)",1,94.4122807017544,46158
"(0.8289473684210527, 0.9649122807017544)",1,94.4122807017544,46159
"(0.8552631578947368, 0.9605263157894736)",1,94.4122807017544,46160
"(0.8421052631578947, 0.9692982456140352)",1,94.4122807017544,46161
"(0.7719298245614035, 0.9517543859649122)",1,94.41228070175438,46162
"(0.3583333333333333, 0.9992424242424244)",3,94.41212121212124,46165
"(0.9285714285714286, 0.9607142857142856)",1,94.41071428571428,46166
"(0.9321428571428572, 0.95)",1,94.41071428571428,46167
"(0.9535714285714286, 0.9714285714285714)",1,94.41071428571428,46168
"(0.9535714285714286, 0.9357142857142856)",1,94.4107142857142,46169
"(0.9607142857142856, 0.9535714285714286)",1,94.4107142857142,46170
"(0.8857142857142857, 0.9607142857142856)",3,94.4107142857142,46173
"(0.8464285714285714, 0.9535714285714286)",1,94.41071428571418,46174
"(0.9428571428571428, 0.9428571428571428)",1,94.41071428571412,46175
"(0.9125, 0.9625)",1,94.41000000000012,46176
"(0.9575, 0.95)",2,94.41000000000008,46178
"(0.9125, 0.9525)",2,94.41000000000008,46180
"(0.84, 0.9525)",1,94.41000000000004,46181
"(0.8625, 0.965)",1,94.41000000000004,46182
"(0.905, 0.945)",2,94.41000000000004,46184
"(0.7675, 0.955)",1,94.41,46185
"(0.895, 0.9575)",3,94.40999999999995,46188
"(0.845, 0.955)",1,94.40999999999994,46189
"(0.9575, 0.945)",1,94.40999999999993,46190
"(0.925, 0.945)",1,94.4099999999998,46191
"(0.95, 0.9708333333333332)",1,94.40833333333332,46192
"(0.9208333333333332, 0.9833333333333332)",1,94.40833333333325,46193
"(0.8289473684210527, 0.9517543859649122)",1,94.40789473684214,46194
"(0.8552631578947368, 0.956140350877193)",1,94.40789473684208,46195
"(0.6754385964912281, 0.9649122807017544)",6,94.40789473684204,46201
"(0.54625, 0.99)",1,94.40749999999991,46202
"(0.9125, 0.945)",1,94.40749999999989,46203
"(0.8821428571428571, 0.9607142857142856)",3,94.407142857143,46206
"(0.9, 0.9571428571428572)",1,94.40714285714289,46207
"(0.9428571428571428, 0.9535714285714286)",1,94.40714285714284,46208
"(0.8928571428571429, 0.9428571428571428)",1,94.40714285714284,46209
"(0.9357142857142856, 0.95)",1,94.40714285714282,46210
"(0.8928571428571429, 0.9571428571428572)",1,94.4071428571428,46211
"(0.9535714285714286, 0.9464285714285714)",1,94.40714285714272,46212
"(0.9, 0.9535714285714286)",1,94.40714285714266,46213
"(0.9534883720930232, 0.9767441860465116)",4,94.40697674418622,46217
"(0.8604651162790697, 0.9767441860465116)",1,94.40697674418618,46218
"(0.6162790697674418, 0.9883720930232558)",2,94.40697674418612,46220
"(0.7441860465116279, 0.9883720930232558)",1,94.40697674418608,46221
"(0.8255813953488372, 0.9767441860465116)",1,94.40697674418608,46222
"(0.5930232558139535, 0.9883720930232558)",1,94.40697674418608,46223
"(0.872093023255814, 0.9534883720930232)",1,94.40697674418604,46224
"(0.8604651162790697, 0.9302325581395348)",1,94.406976744186,46225
"(0.9302325581395348, 0.9767441860465116)",1,94.406976744186,46226
"(0.4534883720930232, 0.9651162790697676)",1,94.40697674418598,46227
"(0.7790697674418605, 0.9418604651162792)",1,94.40697674418598,46228
"(0.4767441860465116, 0.9534883720930232)",1,94.40697674418598,46229
"(0.4534883720930232, 0.9534883720930232)",1,94.40697674418594,46230
"(0.7790697674418605, 0.9418604651162792)",1,94.40697674418593,46231
"(0.872093023255814, 0.9534883720930232)",1,94.4069767441859,46232
"(0.4883720930232558, 0.9534883720930232)",2,94.4069767441859,46234
"(0.8023255813953488, 0.9534883720930232)",1,94.40697674418588,46235
"(0.7558139534883721, 0.9534883720930232)",1,94.40697674418588,46236
"(0.8953488372093024, 0.9418604651162792)",1,94.40697674418588,46237
"(0.8837209302325582, 0.9418604651162792)",1,94.40697674418588,46238
"(0.4418604651162791, 0.9534883720930232)",1,94.40697674418584,46239
"(0.5116279069767442, 0.9651162790697676)",1,94.40697674418584,46240
"(0.8488372093023255, 0.9534883720930232)",1,94.40697674418584,46241
"(0.8953488372093024, 0.9651162790697676)",1,94.40697674418584,46242
"(0.5, 0.9534883720930232)",1,94.40697674418584,46243
"(0.813953488372093, 0.9534883720930232)",1,94.40697674418584,46244
"(0.8525, 0.95)",1,94.40500000000016,46245
"(0.925, 0.95)",1,94.40500000000004,46246
"(0.9575, 0.9575)",1,94.40500000000004,46247
"(0.77, 0.9575)",1,94.40499999999992,46248
"(0.4291666666666666, 0.9973484848484848)",1,94.40454545454548,46249
"(0.9166666666666666, 0.9583333333333334)",1,94.40416666666675,46250
"(0.8958333333333334, 0.9875)",1,94.40416666666658,46251
"(0.65125, 0.94375)",1,94.40375000000004,46252
"(0.6325, 0.99375)",1,94.40375,46253
"(0.522972972972973, 0.9648648648648648)",2,94.40371621621618,46255
"(0.9285714285714286, 0.9571428571428572)",2,94.40357142857148,46257
"(0.9107142857142856, 0.9678571428571427)",1,94.40357142857144,46258
"(0.9, 0.9607142857142856)",1,94.4035714285714,46259
"(0.8903508771929824, 0.956140350877193)",1,94.40350877192988,46260
"(0.8464912280701754, 0.9649122807017544)",1,94.40350877192984,46261
"(0.8728070175438597, 0.9473684210526316)",1,94.40350877192982,46262
"(0.7894736842105263, 0.9517543859649122)",1,94.4035087719298,46263
"(0.7105263157894737, 0.9824561403508772)",1,94.4035087719298,46264
"(0.8611111111111112, 0.9861111111111112)",1,94.40277777777796,46265
"(0.7222222222222222, 0.9722222222222222)",1,94.40277777777794,46266
"(0.5416666666666666, 0.9861111111111112)",1,94.40277777777794,46267
"(0.6944444444444444, 0.9861111111111112)",1,94.40277777777791,46268
"(0.875, 0.9861111111111112)",1,94.40277777777791,46269
"(0.8472222222222222, 0.9861111111111112)",1,94.40277777777791,46270
"(0.8472222222222222, 0.9722222222222222)",2,94.40277777777789,46272
"(0.8888888888888888, 0.9861111111111112)",1,94.40277777777789,46273
"(0.75, 1.0)",1,94.40277777777786,46274
"(0.7083333333333334, 1.0)",1,94.40277777777784,46275
"(0.6944444444444444, 1.0)",1,94.40277777777784,46276
"(0.9027777777777778, 0.9722222222222222)",1,94.40277777777784,46277
"(0.6944444444444444, 1.0)",1,94.40277777777784,46278
"(0.8194444444444444, 0.9583333333333334)",2,94.4027777777778,46280
"(0.73, 0.95)",1,94.40250000000016,46281
"(0.915, 0.9525)",1,94.4025000000001,46282
"(0.9425, 0.95)",1,94.40250000000006,46283
"(0.9125, 0.9575)",1,94.4024999999999,46284
"(0.4469696969696969, 0.9931818181818182)",1,94.40037878787878,46285
"(0.9, 0.95)",2,94.40000000000018,46287
"(0.8375, 0.95)",1,94.40000000000016,46288
"(0.75, 0.95)",1,94.4000000000001,46289
"(0.9916666666666668, 0.9958333333333332)",1,94.40000000000008,46290
"(0.9833333333333332, 0.9833333333333332)",1,94.40000000000008,46291
"(0.9575, 0.95)",1,94.40000000000006,46292
"(0.9142857142857144, 0.9607142857142856)",1,94.40000000000006,46293
"(0.9125, 0.95)",1,94.40000000000003,46294
"(0.9428571428571428, 0.9607142857142856)",2,94.40000000000003,46296
"(0.93, 0.95)",1,94.40000000000003,46297
"(0.8625, 0.95)",1,94.40000000000003,46298
"(0.8833333333333333, 1.0)",1,94.40000000000002,46299
"(0.8333333333333334, 1.0)",1,94.40000000000002,46300
"(0.8125, 0.9625)",1,94.4,46301
"(0.7166666666666667, 1.0)",1,94.4,46302
"(1.0, 1.0)",2,94.4,46304
"(0.905, 0.96)",1,94.4,46305
"(0.95, 0.95)",1,94.4,46306
"(0.8625, 0.975)",2,94.4,46308
"(0.9714285714285714, 0.9607142857142856)",1,94.39999999999996,46309
"(0.8425, 0.95)",1,94.39999999999996,46310
"(0.9464285714285714, 0.9714285714285714)",1,94.39999999999996,46311
"(0.7775, 0.9575)",1,94.39999999999992,46312
"(0.9321428571428572, 0.9464285714285714)",1,94.39999999999992,46313
"(0.9214285714285714, 0.9642857142857144)",2,94.39999999999986,46315
"(0.9, 0.975)",1,94.39999999999984,46316
"(0.9529411764705882, 0.9411764705882352)",1,94.39999999999984,46317
"(0.8875, 0.975)",1,94.39999999999982,46318
"(0.8928571428571429, 0.9535714285714286)",1,94.3999999999998,46319
"(0.8464912280701754, 0.956140350877193)",1,94.3991228070176,46320
"(0.8421052631578947, 0.9692982456140352)",2,94.3991228070176,46322
"(0.7807017543859649, 0.9605263157894736)",3,94.3991228070176,46325
"(0.8596491228070176, 0.9605263157894736)",1,94.39912280701758,46326
"(0.5701754385964912, 0.9517543859649122)",3,94.39912280701756,46329
"(0.8771929824561403, 0.9517543859649122)",1,94.39912280701756,46330
"(0.7149122807017544, 0.9649122807017544)",1,94.39912280701756,46331
"(0.8991228070175439, 0.956140350877193)",2,94.39912280701752,46333
"(0.9277027027027028, 0.970945945945946)",1,94.3989864864865,46334
"(0.61625, 0.9875)",1,94.39875000000004,46335
"(0.93, 0.9475)",1,94.39750000000006,46336
"(0.6525, 0.98625)",1,94.39750000000004,46337
"(0.8575, 0.955)",1,94.39750000000002,46338
"(0.9075, 0.945)",1,94.39749999999997,46339
"(0.3678030303030303, 0.9965909090909092)",2,94.39696969696972,46341
"(0.9464285714285714, 0.9607142857142856)",3,94.39642857142874,46344
"(0.9571428571428572, 0.9464285714285714)",1,94.3964285714286,46345
"(0.8928571428571429, 0.9607142857142856)",1,94.3964285714286,46346
"(0.9464285714285714, 0.9571428571428572)",1,94.3964285714286,46347
"(0.9357142857142856, 0.9607142857142856)",1,94.3964285714286,46348
"(0.9142857142857144, 0.95)",1,94.39642857142854,46349
"(0.9535714285714286, 0.9571428571428572)",1,94.39642857142854,46350
"(0.925, 0.9535714285714286)",1,94.39642857142852,46351
"(0.9642857142857144, 0.9571428571428572)",1,94.39642857142852,46352
"(0.95, 0.9607142857142856)",1,94.39642857142852,46353
"(0.95, 0.9571428571428572)",3,94.39642857142852,46356
"(0.9464285714285714, 0.9535714285714286)",1,94.39642857142836,46357
"(0.8255813953488372, 0.9767441860465116)",1,94.39534883720938,46358
"(0.8255813953488372, 0.9767441860465116)",1,94.39534883720933,46359
"(0.8372093023255814, 0.9651162790697676)",1,94.39534883720924,46360
"(0.7906976744186046, 0.9767441860465116)",2,94.39534883720924,46362
"(0.813953488372093, 0.9767441860465116)",1,94.39534883720924,46363
"(0.8604651162790697, 0.9534883720930232)",1,94.3953488372092,46364
"(0.5465116279069767, 0.9651162790697676)",1,94.3953488372092,46365
"(0.8604651162790697, 0.9418604651162792)",1,94.39534883720916,46366
"(0.8604651162790697, 0.9534883720930232)",1,94.39534883720916,46367
"(0.8372093023255814, 0.9651162790697676)",1,94.39534883720914,46368
"(0.872093023255814, 0.9651162790697676)",1,94.39534883720914,46369
"(0.7906976744186046, 0.9651162790697676)",1,94.39534883720911,46370
"(0.5116279069767442, 0.9534883720930232)",1,94.39534883720911,46371
"(0.8604651162790697, 0.9651162790697676)",1,94.39534883720908,46372
"(0.8125, 0.9475)",2,94.39500000000017,46374
"(0.935, 0.95)",3,94.39500000000012,46377
"(0.8175, 0.95)",1,94.39500000000008,46378
"(0.7775, 0.945)",2,94.39499999999994,46380
"(0.8125, 0.9425)",1,94.39499999999992,46381
"(0.945, 0.9575)",2,94.3949999999998,46383
"(0.881578947368421, 0.9605263157894736)",1,94.3947368421054,46384
"(0.9166666666666666, 0.9649122807017544)",1,94.39473684210536,46385
"(0.8157894736842105, 0.9473684210526316)",3,94.39473684210527,46388
"(0.9392857142857144, 0.9571428571428572)",1,94.39285714285712,46389
"(0.9607142857142856, 0.9535714285714286)",1,94.39285714285712,46390
"(0.8607142857142858, 0.9607142857142856)",1,94.3928571428571,46391
"(0.8928571428571429, 0.9464285714285714)",1,94.392857142857,46392
"(0.895, 0.9475)",2,94.39250000000013,46394
"(0.8275, 0.95)",1,94.39250000000013,46395
"(0.895, 0.95)",1,94.39250000000004,46396
"(0.8925, 0.955)",1,94.39250000000004,46397
"(0.9525, 0.945)",2,94.39250000000004,46399
"(0.9833333333333332, 0.9916666666666668)",4,94.39166666666654,46403
"(0.8608108108108108, 0.9655405405405404)",1,94.39054054054056,46404
"(0.9210526315789472, 0.956140350877193)",1,94.390350877193,46405
"(0.881578947368421, 0.956140350877193)",2,94.39035087719296,46407
"(0.8728070175438597, 0.9429824561403508)",1,94.39035087719294,46408
"(0.95, 0.945)",3,94.3900000000001,46411
"(0.7825, 0.95)",1,94.39000000000006,46412
"(0.9625, 0.945)",2,94.39000000000006,46414
"(0.905, 0.9475)",1,94.39000000000006,46415
"(0.95, 0.9475)",1,94.39000000000004,46416
"(0.9075, 0.955)",4,94.38999999999996,46420
"(0.8375, 0.96)",6,94.38999999999996,46426
"(0.60625, 0.97625)",1,94.38999999999996,46427
"(0.7275, 0.9575)",1,94.38999999999992,46428
"(0.945, 0.945)",1,94.3899999999999,46429
"(0.93, 0.9575)",1,94.3899999999999,46430
"(0.793918918918919, 0.9668918918918918)",4,94.38986486486483,46434
"(0.9321428571428572, 0.95)",1,94.38928571428578,46435
"(0.9428571428571428, 0.95)",1,94.38928571428572,46436
"(0.9464285714285714, 0.9464285714285714)",1,94.38928571428568,46437
"(0.925, 0.9571428571428572)",1,94.38928571428566,46438
"(0.9392857142857144, 0.9571428571428572)",1,94.38928571428566,46439
"(0.9, 0.95)",1,94.38928571428566,46440
"(0.9464285714285714, 0.9464285714285714)",1,94.38928571428566,46441
"(0.9357142857142856, 0.9464285714285714)",1,94.38928571428562,46442
"(0.95, 0.9571428571428572)",1,94.3892857142856,46443
"(0.9444444444444444, 0.9861111111111112)",1,94.38888888888908,46444
"(0.8611111111111112, 0.9861111111111112)",1,94.38888888888908,46445
"(0.9305555555555556, 0.9861111111111112)",2,94.38888888888906,46447
"(0.8055555555555556, 0.9861111111111112)",1,94.38888888888906,46448
"(0.7083333333333334, 0.9861111111111112)",1,94.38888888888906,46449
"(0.875, 0.9861111111111112)",1,94.38888888888904,46450
"(0.8055555555555556, 0.9722222222222222)",2,94.38888888888904,46452
"(0.8333333333333334, 0.9861111111111112)",1,94.388888888889,46453
"(0.875, 0.9583333333333334)",1,94.388888888889,46454
"(0.5277777777777778, 0.9861111111111112)",1,94.388888888889,46455
"(0.9444444444444444, 1.0)",1,94.38888888888891,46456
"(0.9305555555555556, 0.9861111111111112)",1,94.38888888888891,46457
"(0.8333333333333334, 1.0)",1,94.3888888888889,46458
"(0.7083333333333334, 1.0)",1,94.38888888888889,46459
"(0.8333333333333334, 0.9444444444444444)",1,94.38888888888889,46460
"(0.8888888888888888, 0.9583333333333334)",1,94.38888888888889,46461
"(0.9027777777777778, 0.9583333333333334)",1,94.3888888888888,46462
"(0.49, 0.97875)",1,94.38875000000004,46463
"(0.8352941176470589, 0.9411764705882352)",1,94.38823529411752,46464
"(0.6588235294117647, 0.9294117647058824)",3,94.38823529411744,46467
"(0.7875, 0.95)",1,94.38750000000016,46468
"(0.9375, 0.95)",1,94.38750000000016,46469
"(0.9125, 0.95)",2,94.38750000000016,46471
"(0.85, 0.95)",1,94.38750000000016,46472
"(0.875, 0.975)",2,94.38750000000007,46474
"(0.925, 0.975)",2,94.38750000000006,46476
"(0.5425, 0.955)",3,94.38750000000006,46479
"(0.6475, 0.95)",1,94.38750000000005,46480
"(0.925, 0.975)",2,94.38750000000005,46482
"(0.9125, 0.9575)",3,94.38749999999996,46485
"(0.7925, 0.96)",1,94.38749999999992,46486
"(0.86, 0.955)",1,94.38749999999987,46487
"(0.3537878787878787, 0.9992424242424244)",1,94.38598484848488,46488
"(0.6798245614035088, 0.9649122807017544)",1,94.38596491228076,46489
"(0.8552631578947368, 0.956140350877193)",1,94.38596491228073,46490
"(0.5745614035087719, 0.9692982456140352)",3,94.38596491228073,46493
"(0.8596491228070176, 0.956140350877193)",1,94.38596491228068,46494
"(0.9166666666666666, 0.9649122807017544)",1,94.38596491228064,46495
"(0.7, 0.9571428571428572)",2,94.38571428571436,46497
"(0.9428571428571428, 0.9607142857142856)",1,94.38571428571431,46498
"(0.9142857142857144, 0.95)",1,94.38571428571431,46499
"(0.7392857142857143, 0.9607142857142856)",1,94.38571428571431,46500
"(0.925, 0.9535714285714286)",1,94.38571428571429,46501
"(0.9285714285714286, 0.9464285714285714)",1,94.3857142857142,46502
"(0.9535714285714286, 0.9392857142857144)",1,94.3857142857142,46503
"(0.9037162162162162, 0.9712837837837838)",1,94.38513513513512,46504
"(0.9525, 0.9425)",1,94.38500000000008,46505
"(0.9025, 0.955)",1,94.385,46506
"(0.8325, 0.955)",1,94.385,46507
"(0.8975, 0.95)",1,94.38499999999998,46508
"(0.525, 0.9984848484848484)",3,94.38484848484856,46511
"(0.6923076923076923, 0.9743589743589745)",3,94.38461538461549,46514
"(0.4799242424242424, 0.999621212121212)",3,94.38446969696972,46517
"(0.5476351351351352, 0.9679054054054054)",1,94.38445945945944,46518
"(0.63125, 0.98125)",1,94.38374999999998,46519
"(0.3372093023255814, 0.9767441860465116)",2,94.38372093023264,46521
"(0.7674418604651163, 1.0)",1,94.38372093023258,46522
"(0.8488372093023255, 0.9418604651162792)",1,94.3837209302325,46523
"(0.8372093023255814, 0.9534883720930232)",1,94.38372093023249,46524
"(0.5813953488372093, 0.9534883720930232)",1,94.38372093023249,46525
"(0.9069767441860463, 0.9418604651162792)",4,94.38372093023249,46529
"(0.7209302325581395, 0.9767441860465116)",1,94.38372093023249,46530
"(0.7209302325581395, 0.9767441860465116)",1,94.38372093023249,46531
"(0.8604651162790697, 0.9418604651162792)",1,94.3837209302324,46532
"(0.9302325581395348, 0.9534883720930232)",1,94.3837209302324,46533
"(0.6744186046511628, 0.9534883720930232)",1,94.38372093023236,46534
"(0.8604651162790697, 0.9534883720930232)",1,94.38372093023236,46535
"(0.8023255813953488, 0.9534883720930232)",1,94.38372093023236,46536
"(0.9166666666666666, 0.9833333333333332)",1,94.3833333333334,46537
"(0.9, 1.0)",1,94.38333333333338,46538
"(0.9875, 0.9833333333333332)",2,94.38333333333338,46540
"(0.9, 1.0)",1,94.38333333333335,46541
"(0.9958333333333332, 0.9791666666666666)",2,94.38333333333334,46543
"(0.8175, 0.945)",1,94.3825000000002,46544
"(0.925, 0.955)",4,94.38250000000004,46548
"(0.835, 0.9525)",1,94.38250000000004,46549
"(0.8575, 0.9575)",1,94.38250000000004,46550
"(0.64125, 0.96625)",1,94.38250000000002,46551
"(0.84, 0.95)",1,94.3825,46552
"(0.6, 0.96)",4,94.38249999999994,46556
"(0.9175, 0.945)",1,94.38249999999988,46557
"(0.9035714285714286, 0.9464285714285714)",1,94.38214285714288,46558
"(0.9178571428571428, 0.9571428571428572)",1,94.38214285714284,46559
"(0.9571428571428572, 0.95)",1,94.38214285714284,46560
"(0.8892857142857142, 0.9571428571428572)",1,94.38214285714284,46561
"(0.9392857142857144, 0.9607142857142856)",1,94.38214285714284,46562
"(0.8607142857142858, 0.95)",1,94.38214285714282,46563
"(0.9392857142857144, 0.9571428571428572)",1,94.3821428571428,46564
"(0.9535714285714286, 0.9571428571428572)",1,94.3821428571428,46565
"(0.8964285714285715, 0.9428571428571428)",1,94.38214285714264,46566
"(0.5628378378378378, 0.981081081081081)",4,94.38209459459462,46570
"(0.5350877192982456, 0.9780701754385964)",4,94.38157894736857,46574
"(0.5307017543859649, 0.9692982456140352)",1,94.3815789473685,46575
"(0.8114035087719298, 0.9649122807017544)",1,94.3815789473685,46576
"(0.7719298245614035, 0.956140350877193)",1,94.38157894736848,46577
"(0.6425, 0.95)",1,94.38000000000004,46578
"(0.93, 0.9425)",2,94.38,46580
"(0.6, 0.96)",3,94.3799999999999,46583
"(0.9225, 0.96)",1,94.37999999999982,46584
"(0.4825757575757576, 0.9965909090909092)",3,94.37992424242424,46587
"(0.9428571428571428, 0.95)",1,94.37857142857146,46588
"(0.95, 0.9607142857142856)",1,94.37857142857142,46589
"(0.9571428571428572, 0.9607142857142856)",1,94.3785714285714,46590
"(0.8357142857142857, 0.95)",1,94.37857142857138,46591
"(0.8821428571428571, 0.9571428571428572)",1,94.37857142857136,46592
"(0.8678571428571429, 0.95)",1,94.37857142857136,46593
"(0.95, 0.9428571428571428)",1,94.37857142857136,46594
"(0.95, 0.95)",1,94.37857142857128,46595
"(0.5458333333333333, 0.9992424242424244)",1,94.37765151515156,46596
"(0.915, 0.9475)",1,94.3775000000001,46597
"(0.91, 0.9375)",3,94.37750000000008,46600
"(0.9525, 0.9575)",2,94.3775,46602
"(0.505, 0.97)",1,94.37749999999998,46603
"(0.8275, 0.9575)",1,94.37749999999996,46604
"(0.955, 0.9575)",2,94.37749999999994,46606
"(0.6008771929824561, 0.9605263157894736)",1,94.37719298245622,46607
"(0.9078947368421052, 0.9692982456140352)",1,94.3771929824562,46608
"(0.793859649122807, 0.9605263157894736)",5,94.37719298245618,46613
"(0.7807017543859649, 0.956140350877193)",3,94.37719298245618,46616
"(0.8552631578947368, 0.9692982456140352)",6,94.37719298245617,46622
"(0.868421052631579, 0.9692982456140352)",1,94.37719298245617,46623
"(0.8640350877192983, 0.9517543859649122)",1,94.37719298245614,46624
"(0.9078947368421052, 0.9473684210526316)",1,94.37719298245608,46625
"(0.572972972972973, 0.9722972972972972)",1,94.37702702702704,46626
"(0.4890151515151515, 0.993939393939394)",2,94.376893939394,46628
"(0.6352941176470588, 0.9294117647058824)",1,94.3764705882351,46629
"(0.4291666666666666, 0.9950757575757576)",3,94.37537878787882,46632
"(0.8333333333333334, 0.9722222222222222)",2,94.37500000000024,46634
"(0.9166666666666666, 0.9583333333333334)",1,94.37500000000018,46635
"(0.825, 0.95)",2,94.37500000000016,46637
"(0.8392857142857143, 0.9571428571428572)",1,94.37500000000016,46638
"(0.8125, 0.95)",2,94.37500000000016,46640
"(0.9, 0.95)",1,94.37500000000016,46641
"(0.7916666666666666, 0.9861111111111112)",1,94.37500000000016,46642
"(0.925, 0.95)",1,94.37500000000014,46643
"(0.8125, 0.9625)",1,94.37500000000011,46644
"(0.7638888888888888, 0.9861111111111112)",2,94.37500000000011,46646
"(0.875, 0.9861111111111112)",1,94.37500000000011,46647
"(0.875, 0.9625)",2,94.37500000000011,46649
"(0.8472222222222222, 0.9722222222222222)",1,94.37500000000009,46650
"(0.7625, 0.975)",1,94.37500000000009,46651
"(0.9166666666666666, 0.9722222222222222)",1,94.37500000000009,46652
"(0.95, 0.94)",1,94.37500000000006,46653
"(0.8571428571428571, 0.95)",1,94.37500000000006,46654
"(0.9428571428571428, 0.9571428571428572)",1,94.37500000000004,46655
"(0.9571428571428572, 0.9678571428571427)",1,94.375,46656
"(0.9305555555555556, 1.0)",1,94.375,46657
"(0.8333333333333334, 0.9722222222222222)",1,94.375,46658
"(0.8611111111111112, 0.9444444444444444)",1,94.375,46659
"(0.9107142857142856, 0.95)",1,94.375,46660
"(0.8194444444444444, 0.9583333333333334)",1,94.37499999999996,46661
"(0.9178571428571428, 0.9571428571428572)",2,94.37499999999996,46663
"(0.9025, 0.955)",2,94.37499999999996,46665
"(0.9428571428571428, 0.95)",1,94.37499999999996,46666
"(0.9142857142857144, 0.9571428571428572)",1,94.37499999999994,46667
"(0.9575, 0.94)",1,94.37499999999994,46668
"(0.945, 0.9475)",1,94.37499999999994,46669
"(0.83, 0.9525)",1,94.37499999999994,46670
"(0.8775, 0.955)",1,94.37499999999994,46671
"(0.9357142857142856, 0.9571428571428572)",1,94.37499999999991,46672
"(0.9392857142857144, 0.9571428571428572)",1,94.37499999999991,46673
"(0.9714285714285714, 0.9535714285714286)",1,94.37499999999991,46674
"(0.925, 0.9575)",1,94.3749999999999,46675
"(0.9357142857142856, 0.9464285714285714)",1,94.37499999999989,46676
"(0.875, 0.975)",1,94.37499999999984,46677
"(0.7912162162162162, 0.9719594594594596)",1,94.37466216216212,46678
"(0.440530303030303, 0.9912878787878788)",3,94.37462121212128,46681
"(0.7327702702702703, 0.9780405405405406)",2,94.37331081081088,46683
"(0.8324324324324325, 0.9702702702702702)",1,94.37331081081084,46684
"(0.5094594594594595, 0.9753378378378378)",1,94.37297297297287,46685
"(0.7543859649122807, 0.9517543859649122)",2,94.37280701754388,46687
"(0.8377192982456141, 0.956140350877193)",1,94.37280701754388,46688
"(0.8596491228070176, 0.9692982456140352)",1,94.37280701754383,46689
"(0.8070175438596491, 0.9385964912280702)",1,94.37280701754383,46690
"(0.935, 0.9475)",1,94.37250000000012,46691
"(0.9525, 0.9525)",1,94.37250000000006,46692
"(0.5425, 0.95)",1,94.37250000000004,46693
"(0.9575, 0.94)",1,94.3725,46694
"(0.7375, 0.945)",1,94.3725,46695
"(0.73, 0.9575)",1,94.37249999999996,46696
"(0.925, 0.9575)",4,94.37249999999992,46700
"(0.86, 0.9575)",3,94.37249999999992,46703
"(0.7558139534883721, 0.9651162790697676)",1,94.37209302325596,46704
"(0.8604651162790697, 0.9767441860465116)",2,94.37209302325594,46706
"(0.4883720930232558, 0.9767441860465116)",1,94.3720930232558,46707
"(0.6976744186046512, 0.9418604651162792)",1,94.3720930232558,46708
"(0.4883720930232558, 0.9651162790697676)",2,94.37209302325576,46710
"(0.7558139534883721, 0.9767441860465116)",1,94.37209302325572,46711
"(0.8953488372093024, 0.9418604651162792)",2,94.3720930232557,46713
"(0.5930232558139535, 0.9651162790697676)",1,94.37209302325569,46714
"(0.9302325581395348, 0.9534883720930232)",1,94.37209302325569,46715
"(0.813953488372093, 0.9651162790697676)",1,94.37209302325569,46716
"(0.8372093023255814, 0.9418604651162792)",1,94.37209302325569,46717
"(0.6976744186046512, 0.9534883720930232)",1,94.37209302325566,46718
"(0.8255813953488372, 0.9767441860465116)",1,94.37209302325566,46719
"(0.7674418604651163, 0.9418604651162792)",1,94.37209302325566,46720
"(0.7790697674418605, 0.9534883720930232)",1,94.37209302325566,46721
"(0.8023255813953488, 0.9534883720930232)",1,94.37209302325566,46722
"(0.4418604651162791, 0.9534883720930232)",1,94.37209302325564,46723
"(0.6976744186046512, 0.9534883720930232)",1,94.37209302325564,46724
"(0.8837209302325582, 0.9534883720930232)",1,94.37209302325564,46725
"(0.8488372093023255, 0.9651162790697676)",1,94.3720930232556,46726
"(0.9535714285714286, 0.9571428571428572)",1,94.3714285714286,46727
"(0.9214285714285714, 0.95)",1,94.37142857142858,46728
"(0.9178571428571428, 0.9714285714285714)",1,94.37142857142852,46729
"(0.9357142857142856, 0.9464285714285714)",1,94.37142857142848,46730
"(0.9392857142857144, 0.9607142857142856)",2,94.37142857142848,46732
"(0.9428571428571428, 0.9607142857142856)",2,94.37142857142848,46734
"(0.8714285714285714, 0.9535714285714286)",1,94.37142857142842,46735
"(0.9, 0.9428571428571428)",1,94.3714285714284,46736
"(0.875, 0.9535714285714286)",1,94.37142857142838,46737
"(0.9666666666666668, 0.9583333333333334)",1,94.37083333333338,46738
"(0.9166666666666666, 0.975)",2,94.37083333333332,46740
"(0.9, 0.9916666666666668)",1,94.37083333333328,46741
"(0.9791666666666666, 0.9916666666666668)",1,94.3708333333332,46742
"(0.935, 0.96)",1,94.37000000000003,46743
"(0.8925, 0.95)",1,94.37000000000003,46744
"(0.7275, 0.955)",1,94.37000000000003,46745
"(0.895, 0.9525)",1,94.37,46746
"(0.9625, 0.945)",3,94.37,46749
"(0.7925, 0.955)",1,94.36999999999998,46750
"(0.8275, 0.95)",1,94.36999999999996,46751
"(0.755, 0.9575)",1,94.36999999999992,46752
"(0.7875, 0.9625)",1,94.36999999999992,46753
"(0.805, 0.9575)",6,94.36999999999988,46759
"(0.8333333333333334, 0.9692982456140352)",3,94.36842105263176,46762
"(0.6929824561403509, 0.9649122807017544)",1,94.36842105263166,46763
"(0.8552631578947368, 0.9736842105263158)",1,94.36842105263165,46764
"(0.7719298245614035, 0.9605263157894736)",3,94.36842105263165,46767
"(0.8333333333333334, 0.9517543859649122)",1,94.36842105263162,46768
"(0.5877192982456141, 0.9605263157894736)",3,94.36842105263162,46771
"(0.8114035087719298, 0.9473684210526316)",1,94.3684210526316,46772
"(0.868421052631579, 0.9649122807017544)",1,94.3684210526316,46773
"(0.793859649122807, 0.9649122807017544)",1,94.36842105263158,46774
"(0.8333333333333334, 0.9649122807017544)",3,94.36842105263158,46777
"(0.7149122807017544, 0.956140350877193)",1,94.36842105263158,46778
"(0.8571428571428571, 0.9607142857142856)",2,94.36785714285732,46780
"(0.9464285714285714, 0.95)",1,94.36785714285718,46781
"(0.9285714285714286, 0.9535714285714286)",1,94.36785714285716,46782
"(0.9535714285714286, 0.95)",1,94.36785714285716,46783
"(0.9571428571428572, 0.9607142857142856)",1,94.36785714285716,46784
"(0.9607142857142856, 0.9607142857142856)",2,94.36785714285712,46786
"(0.8857142857142857, 0.9535714285714286)",1,94.36785714285712,46787
"(0.9285714285714286, 0.9535714285714286)",1,94.36785714285712,46788
"(0.9357142857142856, 0.95)",1,94.367857142857,46789
"(0.9535714285714286, 0.9642857142857144)",1,94.367857142857,46790
"(0.83, 0.9475)",2,94.36750000000004,46792
"(0.96, 0.95)",1,94.36750000000004,46793
"(0.9075, 0.95)",1,94.3674999999999,46794
"(0.9833333333333332, 1.0)",1,94.3666666666667,46795
"(0.8666666666666667, 1.0)",1,94.36666666666667,46796
"(0.9166666666666666, 1.0)",1,94.36666666666667,46797
"(0.9791666666666666, 0.9583333333333334)",1,94.36666666666665,46798
"(0.8575, 0.9525)",1,94.36500000000008,46799
"(0.9525, 0.9525)",3,94.36500000000004,46802
"(0.8125, 0.955)",1,94.36500000000002,46803
"(0.85, 0.9525)",1,94.36500000000002,46804
"(0.9075, 0.955)",1,94.365,46805
"(0.7764705882352941, 0.9058823529411764)",1,94.36470588235288,46806
"(0.8705882352941177, 0.9647058823529412)",1,94.3647058823528,46807
"(0.9428571428571428, 0.9607142857142856)",1,94.36428571428571,46808
"(0.9428571428571428, 0.9607142857142856)",1,94.3642857142857,46809
"(0.9035714285714286, 0.95)",1,94.36428571428569,46810
"(0.9607142857142856, 0.9678571428571427)",1,94.36428571428566,46811
"(0.9142857142857144, 0.9607142857142856)",1,94.3642857142856,46812
"(0.9464285714285714, 0.9571428571428572)",1,94.3642857142856,46813
"(0.8892857142857142, 0.9464285714285714)",1,94.3642857142856,46814
"(0.925438596491228, 0.9605263157894736)",1,94.36403508771936,46815
"(0.9210526315789472, 0.9692982456140352)",1,94.36403508771936,46816
"(0.8464912280701754, 0.9517543859649122)",1,94.36403508771934,46817
"(0.8640350877192983, 0.9692982456140352)",1,94.36403508771934,46818
"(0.8552631578947368, 0.9649122807017544)",3,94.36403508771932,46821
"(0.8508771929824561, 0.9605263157894736)",1,94.36403508771932,46822
"(0.5964912280701754, 0.9736842105263158)",1,94.36403508771932,46823
"(0.8289473684210527, 0.956140350877193)",1,94.36403508771932,46824
"(0.9078947368421052, 0.9385964912280702)",3,94.36403508771932,46827
"(0.8070175438596491, 0.9692982456140352)",1,94.3640350877193,46828
"(0.85, 0.9625)",1,94.36250000000024,46829
"(0.9, 0.95)",2,94.36250000000015,46831
"(0.7625, 0.95)",1,94.36250000000015,46832
"(0.825, 0.95)",1,94.36250000000015,46833
"(0.825, 0.95)",1,94.36250000000014,46834
"(0.8375, 0.9625)",1,94.36250000000013,46835
"(0.9375, 0.95)",1,94.3625000000001,46836
"(0.93, 0.95)",3,94.36250000000008,46839
"(0.8575, 0.9525)",1,94.36250000000008,46840
"(0.8125, 0.95)",1,94.36250000000004,46841
"(0.8875, 0.975)",1,94.36250000000004,46842
"(0.9525, 0.95)",1,94.36250000000004,46843
"(0.9275, 0.95)",1,94.36249999999995,46844
"(0.8175, 0.9425)",1,94.36249999999994,46845
"(0.7483108108108109, 0.9689189189189188)",1,94.36249999999994,46846
"(0.9958333333333332, 0.9958333333333332)",1,94.36249999999993,46847
"(0.9, 0.975)",1,94.3624999999999,46848
"(0.8375, 0.975)",1,94.36249999999976,46849
"(0.8611111111111112, 0.9861111111111112)",1,94.3611111111113,46850
"(0.9027777777777778, 0.9722222222222222)",2,94.36111111111126,46852
"(0.7777777777777778, 1.0)",1,94.36111111111126,46853
"(0.8611111111111112, 0.9861111111111112)",1,94.36111111111124,46854
"(0.875, 0.9722222222222222)",1,94.3611111111112,46855
"(0.5972222222222222, 0.9861111111111112)",1,94.3611111111112,46856
"(0.6944444444444444, 0.9861111111111112)",1,94.36111111111116,46857
"(0.7361111111111112, 1.0)",1,94.36111111111116,46858
"(0.9444444444444444, 1.0)",1,94.36111111111111,46859
"(0.8472222222222222, 0.9583333333333334)",1,94.36111111111109,46860
"(0.8333333333333334, 0.9305555555555556)",1,94.36111111111104,46861
"(0.8333333333333334, 0.9583333333333334)",1,94.36111111111104,46862
"(0.875, 0.9861111111111112)",1,94.361111111111,46863
"(0.875, 0.9583333333333334)",1,94.361111111111,46864
"(0.8821428571428571, 0.95)",1,94.3607142857144,46865
"(0.9535714285714286, 0.9607142857142856)",2,94.36071428571434,46867
"(0.8928571428571429, 0.9571428571428572)",1,94.3607142857143,46868
"(0.9392857142857144, 0.9607142857142856)",1,94.3607142857143,46869
"(0.9607142857142856, 0.9607142857142856)",1,94.36071428571428,46870
"(0.9214285714285714, 0.9678571428571427)",1,94.36071428571424,46871
"(0.9428571428571428, 0.95)",1,94.36071428571424,46872
"(0.9285714285714286, 0.9571428571428572)",1,94.36071428571424,46873
"(0.8892857142857142, 0.9428571428571428)",1,94.36071428571412,46874
"(0.7906976744186046, 0.9767441860465116)",4,94.3604651162792,46878
"(0.8255813953488372, 0.9767441860465116)",1,94.36046511627912,46879
"(0.9186046511627908, 0.9767441860465116)",1,94.36046511627906,46880
"(0.6744186046511628, 0.9651162790697676)",1,94.36046511627904,46881
"(0.4534883720930232, 0.9767441860465116)",1,94.36046511627902,46882
"(0.5232558139534884, 0.9883720930232558)",1,94.360465116279,46883
"(0.5813953488372093, 0.9534883720930232)",1,94.360465116279,46884
"(0.9302325581395348, 0.9418604651162792)",1,94.360465116279,46885
"(0.5465116279069767, 0.9418604651162792)",1,94.36046511627896,46886
"(0.7093023255813954, 0.9418604651162792)",1,94.36046511627892,46887
"(0.5, 0.9534883720930232)",1,94.36046511627892,46888
"(0.8953488372093024, 0.9651162790697676)",1,94.36046511627892,46889
"(0.5116279069767442, 0.9534883720930232)",1,94.36046511627887,46890
"(0.7906976744186046, 0.9534883720930232)",1,94.36046511627887,46891
"(0.8023255813953488, 0.9651162790697676)",1,94.36046511627886,46892
"(0.8255813953488372, 0.9651162790697676)",2,94.36046511627885,46894
"(0.94, 0.9425)",1,94.36000000000008,46895
"(0.775, 0.955)",1,94.36000000000004,46896
"(0.9175, 0.96)",2,94.35999999999989,46898
"(0.795, 0.9425)",1,94.35999999999989,46899
"(0.8675, 0.9425)",1,94.35999999999989,46900
"(0.8377192982456141, 0.9605263157894736)",1,94.35964912280708,46901
"(0.4517543859649123, 0.9736842105263158)",1,94.35964912280704,46902
"(0.8333333333333334, 0.9517543859649122)",1,94.35964912280704,46903
"(0.8464912280701754, 0.956140350877193)",2,94.359649122807,46905
"(0.868421052631579, 0.9736842105263158)",1,94.359649122807,46906
"(0.8903508771929824, 0.9649122807017544)",6,94.359649122807,46912
"(0.8991228070175439, 0.9649122807017544)",1,94.35964912280694,46913
"(0.5939189189189189, 0.9766891891891892)",4,94.35912162162158,46917
"(0.4725, 0.98625)",1,94.35875,46918
"(0.839527027027027, 0.9679054054054054)",4,94.35844594594596,46922
"(0.4556818181818182, 0.996969696969697)",3,94.35757575757584,46925
"(0.9075, 0.9475)",3,94.35750000000014,46928
"(0.95, 0.9475)",3,94.3575000000001,46931
"(0.8625, 0.9475)",2,94.3575000000001,46933
"(0.8975, 0.9325)",1,94.35750000000009,46934
"(0.8475, 0.95)",1,94.35750000000006,46935
"(0.95, 0.945)",3,94.35750000000004,46938
"(0.9575, 0.945)",1,94.35749999999996,46939
"(0.9075, 0.9575)",1,94.35749999999992,46940
"(0.84, 0.945)",1,94.3574999999999,46941
"(0.8584459459459459, 0.9689189189189188)",1,94.35743243243245,46942
"(0.9214285714285714, 0.9464285714285714)",1,94.35714285714292,46943
"(0.8678571428571429, 0.9571428571428572)",1,94.35714285714288,46944
"(0.9535714285714286, 0.9607142857142856)",5,94.35714285714286,46949
"(0.8571428571428571, 0.9571428571428572)",1,94.35714285714285,46950
"(0.9214285714285714, 0.9642857142857144)",1,94.35714285714282,46951
"(0.9321428571428572, 0.9571428571428572)",1,94.35714285714282,46952
"(0.8178571428571428, 0.9571428571428572)",1,94.3571428571428,46953
"(0.9107142857142856, 0.9607142857142856)",1,94.3571428571428,46954
"(0.8928571428571429, 0.9571428571428572)",2,94.35714285714276,46956
"(0.9, 0.9464285714285714)",1,94.35714285714276,46957
"(0.9535714285714286, 0.9428571428571428)",1,94.35714285714263,46958
"(0.4925, 0.97125)",1,94.35624999999996,46959
"(0.6969594594594595, 0.9689189189189188)",1,94.35540540540542,46960
"(0.5307017543859649, 0.9692982456140352)",8,94.3552631578948,46968
"(0.8070175438596491, 0.9605263157894736)",2,94.35526315789478,46970
"(0.868421052631579, 0.956140350877193)",1,94.35526315789475,46971
"(0.8728070175438597, 0.9517543859649122)",1,94.35526315789475,46972
"(0.868421052631579, 0.956140350877193)",1,94.35526315789475,46973
"(0.7719298245614035, 0.9605263157894736)",1,94.35526315789475,46974
"(0.8026315789473685, 0.9429824561403508)",2,94.35526315789475,46976
"(0.8508771929824561, 0.9605263157894736)",1,94.35526315789474,46977
"(0.9342105263157896, 0.9429824561403508)",1,94.35526315789473,46978
"(0.85, 0.9475)",1,94.35500000000008,46979
"(0.94, 0.9425)",1,94.35500000000006,46980
"(0.8575, 0.9525)",1,94.35500000000006,46981
"(0.8775, 0.95)",2,94.355,46983
"(0.8825, 0.9575)",4,94.35499999999996,46987
"(0.77, 0.9575)",1,94.35499999999992,46988
"(0.9833333333333332, 0.9875)",1,94.3541666666667,46989
"(0.9875, 0.9875)",4,94.3541666666666,46993
"(0.635472972972973, 0.9692567567567568)",4,94.35405405405405,46997
"(0.9428571428571428, 0.9535714285714286)",1,94.3535714285714,46998
"(0.9642857142857144, 0.9571428571428572)",1,94.3535714285714,46999
"(0.9285714285714286, 0.9535714285714286)",1,94.3535714285714,47000
"(0.9, 0.9571428571428572)",6,94.3535714285714,47006
"(0.9535714285714286, 0.9607142857142856)",1,94.3535714285714,47007
"(0.8857142857142857, 0.95)",1,94.3535714285714,47008
"(0.9392857142857144, 0.9464285714285714)",1,94.35357142857136,47009
"(0.925, 0.95)",1,94.35357142857134,47010
"(0.7647058823529411, 0.9529411764705882)",1,94.35294117647048,47011
"(0.8941176470588236, 0.9411764705882352)",6,94.35294117647037,47017
"(0.9375, 0.9525)",1,94.3525,47018
"(0.8575, 0.9525)",1,94.3524999999999,47019
"(0.8175, 0.9575)",1,94.3524999999999,47020
"(0.2454545454545454, 0.9958333333333332)",1,94.35189393939405,47021
"(0.925438596491228, 0.956140350877193)",1,94.35087719298257,47022
"(0.8026315789473685, 0.9605263157894736)",2,94.35087719298252,47024
"(0.5, 0.9692982456140352)",1,94.35087719298252,47025
"(0.868421052631579, 0.9605263157894736)",3,94.35087719298252,47028
"(0.8859649122807017, 0.9605263157894736)",1,94.3508771929825,47029
"(0.8114035087719298, 0.9736842105263158)",1,94.3508771929825,47030
"(0.8508771929824561, 0.9649122807017544)",1,94.3508771929825,47031
"(0.6228070175438597, 0.986842105263158)",2,94.35087719298248,47033
"(0.8377192982456141, 0.9605263157894736)",1,94.35087719298248,47034
"(0.912280701754386, 0.9692982456140352)",1,94.35087719298248,47035
"(0.8508771929824561, 0.9736842105263158)",1,94.35087719298248,47036
"(0.8859649122807017, 0.9824561403508772)",2,94.35087719298248,47038
"(0.8903508771929824, 0.956140350877193)",1,94.35087719298244,47039
"(0.8859649122807017, 0.9912280701754386)",1,94.35087719298244,47040
"(0.793859649122807, 0.9649122807017544)",3,94.35087719298244,47043
"(0.8640350877192983, 0.9649122807017544)",1,94.35087719298242,47044
"(0.7543918918918919, 0.9692567567567568)",1,94.35067567567567,47045
"(0.75, 0.990909090909091)",1,94.35045454545448,47046
"(0.85, 0.9625)",1,94.3500000000002,47047
"(0.85, 0.95)",2,94.35000000000018,47049
"(0.825, 0.95)",1,94.35000000000016,47050
"(0.9, 0.95)",1,94.35000000000016,47051
"(0.825, 0.95)",1,94.3500000000001,47052
"(0.9125, 0.95)",1,94.3500000000001,47053
"(0.875, 0.95)",1,94.3500000000001,47054
"(0.95, 0.9833333333333332)",1,94.35000000000008,47055
"(0.9125, 0.9625)",1,94.35000000000004,47056
"(0.9125, 0.95)",1,94.35000000000004,47057
"(0.855, 0.9525)",1,94.35000000000004,47058
"(0.725, 0.9625)",1,94.35000000000004,47059
"(0.8375, 0.975)",1,94.35000000000004,47060
"(0.8125, 0.9525)",2,94.35000000000004,47062
"(0.8025, 0.9475)",1,94.35000000000004,47063
"(0.7875, 0.9475)",1,94.35000000000002,47064
"(0.9285714285714286, 0.9571428571428572)",1,94.35,47065
"(0.925, 0.9525)",1,94.35,47066
"(0.9625, 0.9625)",1,94.35,47067
"(0.53125, 0.9825)",1,94.35,47068
"(0.5216216216216216, 0.966554054054054)",4,94.34999999999997,47072
"(0.9333333333333332, 0.9833333333333332)",1,94.34999999999997,47073
"(0.9428571428571428, 0.9571428571428572)",2,94.34999999999992,47075
"(0.975, 0.9958333333333332)",1,94.34999999999992,47076
"(0.9357142857142856, 0.9642857142857144)",3,94.34999999999988,47079
"(0.9125, 0.9791666666666666)",1,94.34999999999988,47080
"(0.9875, 0.9916666666666668)",3,94.34999999999988,47083
"(0.925, 0.975)",2,94.34999999999984,47085
"(0.9142857142857144, 0.9428571428571428)",1,94.34999999999978,47086
"(0.8023255813953488, 0.9767441860465116)",1,94.34883720930247,47087
"(0.7093023255813954, 0.9767441860465116)",1,94.34883720930245,47088
"(0.7790697674418605, 0.9767441860465116)",1,94.3488372093024,47089
"(0.8255813953488372, 0.9651162790697676)",1,94.34883720930232,47090
"(0.8372093023255814, 0.9302325581395348)",1,94.34883720930232,47091
"(0.8837209302325582, 0.9767441860465116)",1,94.34883720930232,47092
"(0.8372093023255814, 0.9651162790697676)",1,94.34883720930232,47093
"(0.6046511627906976, 0.9534883720930232)",1,94.34883720930227,47094
"(0.8372093023255814, 0.9767441860465116)",1,94.34883720930226,47095
"(0.3604651162790697, 0.9651162790697676)",1,94.34883720930225,47096
"(0.5697674418604651, 0.9651162790697676)",1,94.34883720930218,47097
"(0.4302325581395348, 0.9651162790697676)",1,94.34883720930218,47098
"(0.8023255813953488, 0.9418604651162792)",2,94.34883720930218,47100
"(0.5116279069767442, 0.9534883720930232)",1,94.34883720930218,47101
"(0.6976744186046512, 0.9534883720930232)",1,94.34883720930216,47102
"(0.8604651162790697, 0.9534883720930232)",1,94.34883720930216,47103
"(0.7325581395348837, 0.9534883720930232)",1,94.34883720930216,47104
"(0.8488372093023255, 0.9418604651162792)",1,94.34883720930216,47105
"(0.5116279069767442, 0.9534883720930232)",1,94.34883720930212,47106
"(0.7925675675675675, 0.9695945945945946)",4,94.3483108108108,47110
"(0.6425, 0.9475)",6,94.34750000000015,47116
"(0.8575, 0.9425)",1,94.34750000000014,47117
"(0.935, 0.9425)",3,94.34750000000012,47120
"(0.93, 0.9525)",1,94.3475,47121
"(0.86, 0.9475)",2,94.34749999999998,47123
"(0.8611111111111112, 0.9722222222222222)",1,94.34722222222244,47124
"(0.8194444444444444, 0.9722222222222222)",1,94.3472222222224,47125
"(0.8472222222222222, 0.9861111111111112)",1,94.3472222222224,47126
"(0.9027777777777778, 0.9722222222222222)",2,94.34722222222236,47128
"(0.75, 1.0)",1,94.34722222222231,47129
"(0.5277777777777778, 0.9861111111111112)",1,94.34722222222231,47130
"(0.9444444444444444, 0.9861111111111112)",1,94.34722222222231,47131
"(0.8611111111111112, 0.9722222222222222)",1,94.3472222222223,47132
"(0.8194444444444444, 1.0)",1,94.34722222222224,47133
"(0.875, 0.9583333333333334)",1,94.3472222222222,47134
"(0.7719298245614035, 0.956140350877193)",1,94.34649122807022,47135
"(0.8026315789473685, 0.9649122807017544)",1,94.3464912280702,47136
"(0.4956140350877193, 0.956140350877193)",1,94.3464912280702,47137
"(0.5263157894736842, 0.9473684210526316)",3,94.3464912280702,47140
"(0.6491228070175439, 0.9429824561403508)",3,94.3464912280702,47143
"(0.7763157894736842, 0.9649122807017544)",1,94.34649122807018,47144
"(0.8552631578947368, 0.9912280701754386)",1,94.34649122807016,47145
"(0.8535714285714285, 0.9607142857142856)",3,94.34642857142876,47148
"(0.8535714285714285, 0.9607142857142856)",2,94.34642857142866,47150
"(0.8678571428571429, 0.9392857142857144)",1,94.34642857142856,47151
"(0.9321428571428572, 0.9535714285714286)",1,94.34642857142846,47152
"(0.9357142857142856, 0.9464285714285714)",1,94.34642857142838,47153
"(0.8625, 0.975)",1,94.34583333333336,47154
"(0.7286363636363636, 0.9845454545454544)",1,94.34545454545452,47155
"(0.5307432432432433, 0.9716216216216216)",4,94.34527027027028,47159
"(0.84, 0.9475)",1,94.34500000000013,47160
"(0.8275, 0.9475)",3,94.34500000000008,47163
"(0.9175, 0.9575)",1,94.34500000000004,47164
"(0.96, 0.9475)",1,94.345,47165
"(0.915, 0.955)",3,94.34499999999998,47168
"(0.6425, 0.9425)",1,94.34499999999996,47169
"(0.7325, 0.96)",1,94.34499999999994,47170
"(0.93, 0.945)",1,94.34499999999994,47171
"(0.8675, 0.9575)",3,94.34499999999991,47174
"(0.5402027027027027, 0.966554054054054)",2,94.34493243243244,47176
"(0.8135135135135135, 0.9699324324324324)",1,94.34324324324328,47177
"(0.9178571428571428, 0.9428571428571428)",1,94.34285714285716,47178
"(0.9357142857142856, 0.9464285714285714)",2,94.34285714285716,47180
"(0.9392857142857144, 0.9464285714285714)",1,94.34285714285711,47181
"(0.9392857142857144, 0.95)",1,94.34285714285708,47182
"(0.8821428571428571, 0.9607142857142856)",1,94.34285714285708,47183
"(0.9025, 0.965)",2,94.34250000000011,47185
"(0.5, 0.95)",3,94.34250000000009,47188
"(0.845, 0.9575)",1,94.34249999999994,47189
"(0.7375, 0.96)",2,94.34249999999992,47191
"(0.8201754385964912, 0.9692982456140352)",1,94.34210526315792,47192
"(0.8947368421052632, 0.9517543859649122)",1,94.34210526315792,47193
"(0.7894736842105263, 0.956140350877193)",1,94.34210526315788,47194
"(0.7149122807017544, 0.9912280701754386)",3,94.34210526315788,47197
"(0.8991228070175439, 0.9736842105263158)",1,94.34210526315788,47198
"(0.881578947368421, 0.9736842105263158)",1,94.34210526315788,47199
"(0.4956140350877193, 0.9649122807017544)",1,94.34210526315786,47200
"(0.9342105263157896, 0.9429824561403508)",1,94.34210526315783,47201
"(0.5307017543859649, 0.9649122807017544)",1,94.34210526315783,47202
"(0.7712837837837838, 0.9668918918918918)",4,94.34189189189188,47206
"(0.7522727272727273, 0.9877272727272728)",1,94.34136363636368,47207
"(0.8352941176470589, 0.9529411764705882)",1,94.34117647058808,47208
"(0.5058823529411764, 0.9411764705882352)",1,94.34117647058808,47209
"(0.9575, 0.95)",2,94.34000000000006,47211
"(0.935, 0.945)",2,94.33999999999992,47213
"(0.83, 0.945)",1,94.33999999999992,47214
"(0.9321428571428572, 0.9607142857142856)",3,94.33928571428582,47217
"(0.8821428571428571, 0.95)",1,94.33928571428578,47218
"(0.9214285714285714, 0.95)",1,94.33928571428574,47219
"(0.9357142857142856, 0.9678571428571427)",1,94.33928571428572,47220
"(0.9321428571428572, 0.9357142857142856)",1,94.3392857142857,47221
"(0.440530303030303, 0.9954545454545456)",3,94.33863636363638,47224
"(0.772972972972973, 0.9682432432432432)",1,94.3381756756756,47225
"(0.8289473684210527, 0.9605263157894736)",1,94.33771929824567,47226
"(0.5964912280701754, 0.9605263157894736)",3,94.33771929824566,47229
"(0.8903508771929824, 0.9429824561403508)",1,94.33771929824566,47230
"(0.5657894736842105, 0.9605263157894736)",2,94.33771929824566,47232
"(0.6885964912280702, 0.9649122807017544)",1,94.33771929824564,47233
"(0.7105263157894737, 0.9605263157894736)",1,94.3377192982456,47234
"(0.7625, 0.95)",1,94.3375000000002,47235
"(0.75, 0.95)",2,94.33750000000018,47237
"(0.9, 0.95)",1,94.33750000000016,47238
"(0.8375, 0.95)",2,94.33750000000016,47240
"(0.875, 0.95)",1,94.33750000000016,47241
"(0.9375, 0.9625)",1,94.33750000000016,47242
"(0.8875, 0.95)",1,94.33750000000016,47243
"(0.7875, 0.95)",2,94.33750000000012,47245
"(0.85, 0.925)",1,94.33750000000008,47246
"(0.85, 0.95)",1,94.33750000000008,47247
"(0.58, 0.9425)",1,94.33750000000008,47248
"(0.825, 0.9625)",1,94.33750000000008,47249
"(0.6375, 0.9625)",2,94.33750000000006,47251
"(0.789527027027027, 0.9679054054054054)",1,94.33750000000003,47252
"(0.8275, 0.955)",1,94.33750000000003,47253
"(0.8375, 0.9625)",1,94.33750000000003,47254
"(0.895, 0.9475)",3,94.33750000000002,47257
"(0.9525, 0.9475)",2,94.33749999999998,47259
"(0.9666666666666668, 0.9791666666666666)",1,94.33749999999996,47260
"(0.5975, 0.955)",1,94.33749999999992,47261
"(0.795, 0.945)",1,94.33749999999988,47262
"(0.8875, 0.975)",1,94.33749999999986,47263
"(0.813953488372093, 0.9767441860465116)",1,94.33720930232562,47264
"(0.4767441860465116, 0.9651162790697676)",1,94.33720930232556,47265
"(0.8604651162790697, 0.9767441860465116)",1,94.33720930232556,47266
"(0.8953488372093024, 0.9883720930232558)",1,94.33720930232556,47267
"(0.7209302325581395, 0.9186046511627908)",1,94.33720930232552,47268
"(0.6046511627906976, 0.9534883720930232)",1,94.3372093023255,47269
"(0.7325581395348837, 0.9418604651162792)",1,94.33720930232543,47270
"(0.7325581395348837, 0.9534883720930232)",1,94.33720930232542,47271
"(0.6976744186046512, 0.9534883720930232)",1,94.3372093023254,47272
"(0.7325581395348837, 0.9534883720930232)",1,94.3372093023254,47273
"(0.8837209302325582, 0.9651162790697676)",1,94.33720930232538,47274
"(0.525, 0.975)",1,94.33624999999992,47275
"(0.8324324324324325, 0.9722972972972972)",4,94.33614864864866,47279
"(0.6260135135135135, 0.9679054054054054)",1,94.33581081081078,47280
"(0.5331081081081082, 0.9689189189189188)",2,94.33581081081078,47282
"(0.9357142857142856, 0.9571428571428572)",3,94.33571428571427,47285
"(0.9285714285714286, 0.9464285714285714)",1,94.33571428571427,47286
"(0.8857142857142857, 0.9607142857142856)",1,94.33571428571425,47287
"(0.9428571428571428, 0.9571428571428572)",1,94.33571428571425,47288
"(0.8678571428571429, 0.9571428571428572)",1,94.33571428571425,47289
"(0.9392857142857144, 0.9535714285714286)",1,94.3357142857142,47290
"(0.8928571428571429, 0.9642857142857144)",3,94.33571428571416,47293
"(0.9575, 0.95)",1,94.33500000000012,47294
"(0.955, 0.95)",1,94.33500000000008,47295
"(0.8625, 0.95)",1,94.33500000000006,47296
"(0.945, 0.9525)",1,94.33500000000004,47297
"(0.785, 0.9575)",2,94.33499999999994,47299
"(0.805, 0.96)",1,94.33499999999984,47300
"(0.5277027027027027, 0.9766891891891892)",4,94.33445945945944,47304
"(0.5179054054054054, 0.9655405405405404)",4,94.33412162162166,47308
"(0.6944444444444444, 0.9861111111111112)",2,94.33333333333351,47310
"(0.5277777777777778, 0.9861111111111112)",1,94.33333333333351,47311
"(0.8194444444444444, 0.9722222222222222)",2,94.33333333333348,47313
"(0.75, 0.9861111111111112)",1,94.33333333333348,47314
"(0.9305555555555556, 0.9722222222222222)",1,94.33333333333346,47315
"(0.8472222222222222, 0.9861111111111112)",1,94.33333333333344,47316
"(0.8194444444444444, 0.9861111111111112)",2,94.33333333333344,47318
"(0.7083333333333334, 0.9722222222222222)",1,94.33333333333344,47319
"(0.4102564102564102, 0.9615384615384616)",1,94.3333333333334,47320
"(0.9027777777777778, 1.0)",1,94.3333333333334,47321
"(0.8771929824561403, 0.9692982456140352)",1,94.3333333333334,47322
"(0.6578947368421053, 0.9780701754385964)",3,94.3333333333334,47325
"(0.7222222222222222, 1.0)",1,94.3333333333334,47326
"(0.8333333333333334, 0.9861111111111112)",1,94.3333333333334,47327
"(0.8771929824561403, 0.956140350877193)",3,94.33333333333336,47330
"(0.4956140350877193, 0.9692982456140352)",3,94.33333333333336,47333
"(0.6096491228070176, 0.9517543859649122)",1,94.33333333333336,47334
"(0.706140350877193, 0.956140350877193)",1,94.33333333333334,47335
"(0.9166666666666666, 1.0)",1,94.33333333333334,47336
"(0.9305555555555556, 1.0)",1,94.33333333333334,47337
"(0.7166666666666667, 1.0)",1,94.33333333333334,47338
"(0.85, 1.0)",2,94.33333333333334,47340
"(0.8640350877192983, 0.9605263157894736)",1,94.33333333333334,47341
"(0.95, 1.0)",1,94.33333333333334,47342
"(0.8472222222222222, 0.9444444444444444)",1,94.33333333333331,47343
"(1.0, 1.0)",1,94.33333333333331,47344
"(0.8333333333333334, 1.0)",1,94.33333333333331,47345
"(0.8333333333333334, 0.9583333333333334)",1,94.33333333333331,47346
"(0.8157894736842105, 0.9473684210526316)",2,94.33333333333331,47348
"(0.5657894736842105, 0.9649122807017544)",1,94.33333333333331,47349
"(0.8114035087719298, 0.9385964912280702)",1,94.3333333333333,47350
"(0.8611111111111112, 0.9583333333333334)",1,94.3333333333333,47351
"(0.7083333333333334, 1.0)",1,94.3333333333333,47352
"(0.8611111111111112, 0.9444444444444444)",1,94.33333333333326,47353
"(0.9166666666666666, 0.9722222222222222)",1,94.3333333333332,47354
"(0.8225, 0.95)",1,94.33250000000012,47355
"(0.945, 0.9475)",1,94.33250000000008,47356
"(0.9275, 0.95)",2,94.33250000000008,47358
"(0.9175, 0.9475)",2,94.33250000000008,47360
"(0.8025, 0.9525)",1,94.33250000000004,47361
"(0.85, 0.945)",1,94.33250000000004,47362
"(0.9575, 0.9425)",1,94.33249999999995,47363
"(0.945, 0.94)",1,94.33249999999995,47364
"(0.9425, 0.9575)",1,94.3324999999999,47365
"(0.755, 0.96)",1,94.33249999999988,47366
"(0.8324324324324325, 0.958108108108108)",1,94.3324324324324,47367
"(0.8142857142857143, 0.9607142857142856)",3,94.332142857143,47370
"(0.95, 0.9535714285714286)",1,94.33214285714295,47371
"(0.9178571428571428, 0.9535714285714286)",1,94.3321428571428,47372
"(0.8857142857142857, 0.95)",1,94.33214285714278,47373
"(0.9392857142857144, 0.9428571428571428)",2,94.33214285714271,47375
"(0.8142857142857143, 0.9535714285714286)",1,94.33214285714268,47376
"(0.95, 0.9642857142857144)",1,94.33214285714268,47377
"(0.46875, 0.9675)",1,94.33124999999995,47378
"(0.5337837837837838, 0.9685810810810812)",3,94.33040540540544,47381
"(0.5331081081081082, 0.9736486486486486)",2,94.3304054054054,47383
"(0.925, 0.9625)",1,94.33000000000013,47384
"(0.9575, 0.94)",1,94.33,47385
"(0.935, 0.93)",1,94.32999999999996,47386
"(0.9, 0.955)",6,94.32999999999994,47392
"(0.975, 0.9916666666666668)",4,94.3291666666666,47396
"(0.95, 0.9916666666666668)",4,94.32916666666658,47400
"(0.7763513513513514, 0.9675675675675676)",4,94.32905405405404,47404
"(0.7105263157894737, 0.9692982456140352)",1,94.32894736842114,47405
"(0.8903508771929824, 0.9692982456140352)",1,94.32894736842113,47406
"(0.868421052631579, 0.9605263157894736)",1,94.3289473684211,47407
"(0.5, 0.9649122807017544)",1,94.3289473684211,47408
"(0.8201754385964912, 0.9517543859649122)",1,94.32894736842108,47409
"(0.4517543859649123, 0.9605263157894736)",1,94.32894736842108,47410
"(0.8026315789473685, 0.9649122807017544)",1,94.32894736842108,47411
"(0.9473684210526316, 0.9649122807017544)",1,94.32894736842108,47412
"(0.9035087719298246, 0.9429824561403508)",2,94.32894736842108,47414
"(0.8026315789473685, 0.9517543859649122)",1,94.32894736842108,47415
"(0.6096491228070176, 0.9649122807017544)",1,94.32894736842108,47416
"(0.7149122807017544, 0.956140350877193)",1,94.32894736842108,47417
"(0.902027027027027, 0.9702702702702702)",1,94.32871621621628,47418
"(0.95, 0.95)",1,94.32857142857156,47419
"(0.9464285714285714, 0.95)",1,94.32857142857144,47420
"(0.9, 0.9535714285714286)",1,94.32857142857142,47421
"(0.9571428571428572, 0.9571428571428572)",1,94.3285714285714,47422
"(0.9214285714285714, 0.9678571428571427)",1,94.3285714285714,47423
"(0.925, 0.9571428571428572)",1,94.32857142857137,47424
"(0.9178571428571428, 0.95)",1,94.32857142857137,47425
"(0.875, 0.9535714285714286)",1,94.32857142857128,47426
"(0.440530303030303, 0.996969696969697)",1,94.32840909090912,47427
"(0.915, 0.9475)",2,94.3275000000001,47429
"(0.95, 0.9425)",1,94.3275000000001,47430
"(0.9575, 0.9525)",2,94.32750000000009,47432
"(0.945, 0.94)",1,94.32750000000004,47433
"(0.955, 0.9575)",1,94.3275,47434
"(0.9225, 0.9575)",1,94.32749999999989,47435
"(0.8875, 0.945)",2,94.32749999999984,47437
"(0.6927272727272727, 0.9927272727272728)",1,94.32727272727264,47438
"(0.9111486486486486, 0.966554054054054)",1,94.32635135135132,47439
"(0.7558139534883721, 0.9767441860465116)",2,94.32558139534896,47441
"(0.6976744186046512, 0.9767441860465116)",1,94.3255813953489,47442
"(0.5465116279069767, 0.9883720930232558)",1,94.32558139534886,47443
"(0.7674418604651163, 0.9767441860465116)",2,94.32558139534882,47445
"(0.9302325581395348, 0.9767441860465116)",1,94.3255813953488,47446
"(0.7093023255813954, 0.9767441860465116)",1,94.32558139534872,47447
"(0.8255813953488372, 0.9418604651162792)",1,94.32558139534872,47448
"(0.8023255813953488, 0.9534883720930232)",1,94.32558139534872,47449
"(0.8488372093023255, 0.9534883720930232)",1,94.3255813953487,47450
"(0.8023255813953488, 0.9534883720930232)",1,94.32558139534868,47451
"(0.7558139534883721, 0.9534883720930232)",1,94.32558139534868,47452
"(0.7790697674418605, 0.9534883720930232)",1,94.32558139534868,47453
"(0.6395348837209303, 0.9534883720930232)",1,94.32558139534866,47454
"(0.8372093023255814, 0.9534883720930232)",1,94.32558139534866,47455
"(0.686046511627907, 0.9534883720930232)",1,94.32558139534864,47456
"(0.7674418604651163, 0.9534883720930232)",1,94.32558139534862,47457
"(0.7906976744186046, 0.9534883720930232)",1,94.32558139534862,47458
"(0.8953488372093024, 0.9534883720930232)",1,94.3255813953486,47459
"(0.8255813953488372, 0.9651162790697676)",1,94.32558139534854,47460
"(0.8178571428571428, 0.9607142857142856)",3,94.32500000000016,47463
"(0.9375, 0.95)",1,94.32500000000016,47464
"(0.8, 0.9625)",1,94.32500000000016,47465
"(0.9, 0.95)",1,94.32500000000016,47466
"(0.8875, 0.95)",2,94.32500000000016,47468
"(0.9125, 0.95)",1,94.32500000000014,47469
"(0.825, 0.95)",2,94.32500000000014,47471
"(0.9, 0.9625)",1,94.32500000000012,47472
"(0.9475, 0.9475)",2,94.32500000000012,47474
"(0.825, 0.95)",1,94.32500000000012,47475
"(0.85, 0.975)",1,94.32500000000012,47476
"(0.95, 0.95)",1,94.32500000000012,47477
"(0.895, 0.9475)",3,94.32500000000007,47480
"(0.96, 0.9425)",3,94.32500000000006,47483
"(0.86, 0.935)",1,94.32500000000005,47484
"(0.975, 0.9458333333333332)",1,94.325,47485
"(0.9464285714285714, 0.95)",1,94.325,47486
"(0.9392857142857144, 0.9642857142857144)",1,94.325,47487
"(0.8892857142857142, 0.9428571428571428)",1,94.32499999999996,47488
"(0.9, 0.9464285714285714)",1,94.32499999999996,47489
"(0.9791666666666666, 0.9875)",1,94.32499999999996,47490
"(0.875, 0.975)",1,94.32499999999992,47491
"(0.9464285714285714, 0.9535714285714286)",1,94.32499999999992,47492
"(0.9125, 0.975)",1,94.3249999999999,47493
"(0.6875, 0.975)",1,94.32499999999987,47494
"(0.9178571428571428, 0.9535714285714286)",1,94.32499999999982,47495
"(0.847972972972973, 0.960472972972973)",1,94.3246621621622,47496
"(0.6969594594594595, 0.9682432432432432)",1,94.32466216216214,47497
"(0.9166666666666666, 0.9692982456140352)",1,94.32456140350884,47498
"(0.6973684210526315, 0.9517543859649122)",1,94.32456140350882,47499
"(0.868421052631579, 0.9736842105263158)",1,94.3245614035088,47500
"(0.7149122807017544, 0.9517543859649122)",1,94.3245614035088,47501
"(0.9078947368421052, 0.9517543859649122)",1,94.32456140350878,47502
"(0.7368421052631579, 0.956140350877193)",1,94.32456140350877,47503
"(0.8672297297297298, 0.9719594594594596)",1,94.32432432432437,47504
"(0.6718181818181819, 0.9927272727272728)",1,94.32409090909086,47505
"(0.8260135135135135, 0.9689189189189188)",2,94.32398648648648,47507
"(0.4462121212121212, 0.9920454545454546)",3,94.32348484848488,47510
"(0.5689189189189189, 0.9692567567567568)",1,94.32331081081084,47511
"(0.895, 0.9575)",1,94.3225000000001,47512
"(0.9475, 0.9475)",2,94.32250000000006,47514
"(0.845, 0.9575)",1,94.32250000000002,47515
"(0.905, 0.9425)",3,94.3225,47518
"(0.7875, 0.96)",1,94.32249999999986,47519
"(0.769090909090909, 0.9963636363636365)",1,94.32181818181816,47520
"(0.9607142857142856, 0.9535714285714286)",1,94.32142857142856,47521
"(0.9214285714285714, 0.9642857142857144)",1,94.32142857142856,47522
"(0.8964285714285715, 0.9571428571428572)",1,94.32142857142848,47523
"(0.9357142857142856, 0.9535714285714286)",2,94.32142857142848,47525
"(0.9142857142857144, 0.9535714285714286)",1,94.32142857142838,47526
"(0.6675, 0.97125)",1,94.32124999999998,47527
"(0.6986363636363636, 0.9918181818181818)",1,94.3209090909091,47528
"(0.8541666666666666, 0.9916666666666668)",1,94.3208333333332,47529
"(0.925438596491228, 0.9517543859649122)",1,94.32017543859656,47530
"(0.6578947368421053, 0.9342105263157896)",2,94.32017543859654,47532
"(0.8377192982456141, 0.9649122807017544)",1,94.32017543859652,47533
"(0.5087719298245614, 0.9517543859649122)",1,94.3201754385965,47534
"(0.706140350877193, 0.9736842105263158)",1,94.3201754385965,47535
"(0.9525, 0.94)",2,94.32000000000002,47537
"(0.88, 0.955)",4,94.32,47541
"(0.73, 0.9575)",3,94.31999999999998,47544
"(0.6925, 0.955)",1,94.31999999999992,47545
"(0.885, 0.9575)",1,94.31999999999988,47546
"(0.6388888888888888, 0.9722222222222222)",2,94.31944444444458,47548
"(0.9305555555555556, 0.9861111111111112)",1,94.31944444444458,47549
"(0.5972222222222222, 0.9861111111111112)",1,94.31944444444458,47550
"(0.8333333333333334, 0.9722222222222222)",2,94.31944444444456,47552
"(0.6805555555555556, 0.9861111111111112)",1,94.31944444444456,47553
"(0.8611111111111112, 0.9861111111111112)",1,94.31944444444451,47554
"(0.9166666666666666, 0.9861111111111112)",1,94.31944444444451,47555
"(0.9166666666666666, 0.9861111111111112)",2,94.3194444444445,47557
"(0.9444444444444444, 0.9583333333333334)",1,94.31944444444444,47558
"(0.8611111111111112, 1.0)",1,94.31944444444444,47559
"(0.9444444444444444, 1.0)",1,94.31944444444444,47560
"(0.8472222222222222, 0.9444444444444444)",1,94.3194444444444,47561
"(0.875, 0.9583333333333334)",1,94.3194444444444,47562
"(0.8194444444444444, 0.9305555555555556)",1,94.3194444444444,47563
"(0.8472222222222222, 0.9583333333333334)",1,94.31944444444436,47564
"(0.8472222222222222, 0.9444444444444444)",1,94.31944444444436,47565
"(0.3583333333333333, 0.9943181818181818)",3,94.31931818181825,47568
"(0.9300675675675676, 0.9695945945945946)",4,94.31790540540536,47572
"(0.85, 0.9607142857142856)",1,94.31785714285716,47573
"(0.9035714285714286, 0.9321428571428572)",1,94.31785714285714,47574
"(0.9178571428571428, 0.9571428571428572)",1,94.31785714285712,47575
"(0.8392857142857143, 0.9642857142857144)",1,94.31785714285712,47576
"(0.8142857142857143, 0.9535714285714286)",1,94.3178571428571,47577
"(0.9464285714285714, 0.9642857142857144)",1,94.31785714285708,47578
"(0.9571428571428572, 0.9642857142857144)",1,94.31785714285706,47579
"(0.9214285714285714, 0.9642857142857144)",1,94.31785714285704,47580
"(0.955, 0.945)",1,94.3175,47581
"(0.8225, 0.9225)",1,94.3175,47582
"(0.855, 0.9575)",5,94.31749999999997,47587
"(0.8025, 0.9575)",1,94.31749999999997,47588
"(0.96, 0.94)",1,94.31749999999994,47589
"(0.83, 0.96)",3,94.31749999999994,47592
"(0.8075, 0.9575)",1,94.31749999999992,47593
"(0.8575, 0.9475)",1,94.3174999999998,47594
"(0.8, 0.9833333333333332)",1,94.31666666666678,47595
"(0.85, 1.0)",1,94.31666666666668,47596
"(0.7666666666666667, 1.0)",1,94.31666666666666,47597
"(0.8333333333333334, 1.0)",1,94.31666666666666,47598
"(0.8833333333333333, 1.0)",1,94.31666666666666,47599
"(0.85, 1.0)",1,94.31666666666663,47600
"(0.5034090909090909, 0.9962121212121212)",3,94.31628787878788,47603
"(0.4753787878787879, 0.9973484848484848)",1,94.31590909090912,47604
"(0.7286363636363636, 0.9918181818181818)",1,94.31590909090902,47605
"(0.8640350877192983, 0.9692982456140352)",1,94.31578947368428,47606
"(0.9429824561403508, 0.9649122807017544)",1,94.31578947368428,47607
"(0.5745614035087719, 0.9649122807017544)",2,94.31578947368426,47609
"(0.7456140350877193, 0.9605263157894736)",3,94.31578947368423,47612
"(0.5657894736842105, 0.956140350877193)",1,94.31578947368423,47613
"(0.6578947368421053, 0.9473684210526316)",1,94.31578947368423,47614
"(0.8464912280701754, 0.9605263157894736)",1,94.31578947368423,47615
"(0.8114035087719298, 0.9649122807017544)",1,94.31578947368422,47616
"(0.75, 0.9649122807017544)",1,94.3157894736842,47617
"(0.73, 0.95)",1,94.31500000000014,47618
"(0.7675, 0.955)",1,94.31500000000008,47619
"(0.8575, 0.9525)",1,94.31500000000004,47620
"(0.9075, 0.95)",1,94.31500000000004,47621
"(0.9475, 0.96)",1,94.31499999999996,47622
"(0.9075, 0.95)",1,94.31499999999996,47623
"(0.805, 0.96)",1,94.31499999999988,47624
"(0.5079545454545454, 0.999621212121212)",1,94.3147727272728,47625
"(0.8964285714285715, 0.9607142857142856)",1,94.3142857142858,47626
"(0.9107142857142856, 0.9607142857142856)",1,94.31428571428576,47627
"(0.9392857142857144, 0.9642857142857144)",1,94.31428571428567,47628
"(0.8964285714285715, 0.9535714285714286)",1,94.31428571428556,47629
"(0.95, 0.9428571428571428)",1,94.31428571428548,47630
"(0.8604651162790697, 0.9767441860465116)",2,94.31395348837222,47632
"(0.8372093023255814, 0.9767441860465116)",1,94.31395348837208,47633
"(0.8837209302325582, 0.9418604651162792)",1,94.31395348837204,47634
"(0.5116279069767442, 0.9418604651162792)",1,94.31395348837204,47635
"(0.813953488372093, 0.9767441860465116)",1,94.31395348837204,47636
"(0.8604651162790697, 0.9651162790697676)",1,94.31395348837194,47637
"(0.4651162790697674, 0.9534883720930232)",1,94.31395348837194,47638
"(0.5, 0.9534883720930232)",1,94.31395348837192,47639
"(0.9302325581395348, 0.9418604651162792)",1,94.31395348837192,47640
"(0.7996621621621621, 0.9753378378378378)",1,94.31385135135132,47641
"(0.7386363636363636, 0.9713636363636364)",1,94.31363636363636,47642
"(0.8439189189189189, 0.964527027027027)",4,94.31283783783783,47646
"(0.9125, 0.95)",1,94.31250000000016,47647
"(0.875, 0.95)",2,94.31250000000016,47649
"(0.8375, 0.95)",1,94.31250000000016,47650
"(0.6375, 0.9625)",1,94.31250000000011,47651
"(0.925, 0.9625)",1,94.31250000000004,47652
"(0.8449324324324324, 0.9712837837837838)",2,94.3125,47654
"(0.85, 0.9425)",1,94.31249999999996,47655
"(0.96, 0.95)",1,94.31249999999996,47656
"(0.9125, 0.975)",1,94.31249999999994,47657
"(0.925, 0.9875)",2,94.3124999999999,47659
"(0.775, 0.975)",1,94.31249999999984,47660
"(0.9078947368421052, 0.986842105263158)",1,94.31140350877206,47661
"(0.8728070175438597, 0.9605263157894736)",1,94.31140350877206,47662
"(0.5219298245614035, 0.9385964912280702)",1,94.31140350877196,47663
"(0.8289473684210527, 0.9692982456140352)",1,94.31140350877196,47664
"(0.5964912280701754, 0.9605263157894736)",1,94.31140350877196,47665
"(0.8289473684210527, 0.956140350877193)",1,94.31140350877196,47666
"(0.7543859649122807, 0.9605263157894736)",1,94.31140350877196,47667
"(0.75, 0.9780701754385964)",1,94.31140350877196,47668
"(0.5964912280701754, 0.956140350877193)",2,94.31140350877196,47670
"(0.8596491228070176, 0.9605263157894736)",3,94.31140350877196,47673
"(0.8464912280701754, 0.9649122807017544)",1,94.3114035087719,47674
"(0.5939189189189189, 0.9672297297297298)",1,94.3108108108108,47675
"(0.9111486486486486, 0.9662162162162162)",1,94.31081081081074,47676
"(0.8464285714285714, 0.9607142857142856)",3,94.31071428571435,47679
"(0.8535714285714285, 0.9607142857142856)",2,94.31071428571435,47681
"(0.9178571428571428, 0.9607142857142856)",1,94.31071428571433,47682
"(0.9178571428571428, 0.9535714285714286)",1,94.31071428571428,47683
"(0.9285714285714286, 0.9571428571428572)",1,94.31071428571424,47684
"(0.95, 0.9535714285714286)",1,94.31071428571424,47685
"(0.9178571428571428, 0.9571428571428572)",1,94.31071428571424,47686
"(0.9535714285714286, 0.9571428571428572)",1,94.31071428571418,47687
"(0.8392857142857143, 0.9535714285714286)",2,94.31071428571416,47689
"(0.8928571428571429, 0.9535714285714286)",1,94.31071428571416,47690
"(0.9607142857142856, 0.9571428571428572)",2,94.31071428571414,47692
"(0.3678030303030303, 0.9821969696969696)",1,94.31060606060608,47693
"(0.7275, 0.9475)",1,94.31,47694
"(0.8725, 0.9475)",1,94.31,47695
"(0.93, 0.9375)",1,94.30999999999996,47696
"(0.8225, 0.9575)",3,94.30999999999996,47699
"(0.8445945945945946, 0.970945945945946)",1,94.30979729729728,47700
"(0.5628378378378378, 0.9712837837837838)",1,94.30945945945942,47701
"(0.8513513513513513, 0.9662162162162162)",1,94.3091216216216,47702
"(0.4625, 0.97125)",1,94.30875000000007,47703
"(0.4507575757575757, 0.9984848484848484)",3,94.30833333333338,47706
"(0.9791666666666666, 0.9875)",1,94.3083333333333,47707
"(0.89, 0.95)",1,94.30750000000006,47708
"(0.95, 0.9525)",1,94.30750000000006,47709
"(0.8275, 0.9575)",3,94.30749999999992,47712
"(0.9571428571428572, 0.9678571428571427)",1,94.30714285714288,47713
"(0.9535714285714286, 0.9571428571428572)",1,94.30714285714284,47714
"(0.9571428571428572, 0.9642857142857144)",1,94.3071428571428,47715
"(0.9392857142857144, 0.9535714285714286)",1,94.3071428571428,47716
"(0.9571428571428572, 0.9571428571428572)",1,94.3071428571428,47717
"(0.9392857142857144, 0.9642857142857144)",1,94.3071428571428,47718
"(0.6929824561403509, 0.9824561403508772)",6,94.30701754385971,47724
"(0.8070175438596491, 0.956140350877193)",3,94.3070175438597,47727
"(0.8552631578947368, 0.9692982456140352)",1,94.3070175438597,47728
"(0.881578947368421, 0.9429824561403508)",2,94.30701754385969,47730
"(0.8201754385964912, 0.956140350877193)",1,94.30701754385969,47731
"(0.8552631578947368, 0.9605263157894736)",1,94.30701754385969,47732
"(0.7763157894736842, 0.9605263157894736)",1,94.30701754385966,47733
"(0.8859649122807017, 0.956140350877193)",1,94.30701754385964,47734
"(0.7894736842105263, 0.9649122807017544)",5,94.30701754385964,47739
"(0.868421052631579, 0.9649122807017544)",1,94.30701754385962,47740
"(0.8771929824561403, 0.956140350877193)",3,94.30701754385956,47743
"(0.4291666666666666, 0.9962121212121212)",2,94.30643939393946,47745
"(0.8352941176470589, 0.9294117647058824)",1,94.305882352941,47746
"(0.9027777777777778, 0.9722222222222222)",1,94.30555555555576,47747
"(0.875, 0.9722222222222222)",1,94.30555555555571,47748
"(0.8611111111111112, 0.9722222222222222)",1,94.30555555555571,47749
"(0.8194444444444444, 0.9861111111111112)",1,94.3055555555557,47750
"(0.9027777777777778, 0.9861111111111112)",2,94.3055555555557,47752
"(0.9027777777777778, 0.9722222222222222)",1,94.30555555555569,47753
"(0.9027777777777778, 0.9861111111111112)",1,94.30555555555566,47754
"(0.9166666666666666, 1.0)",1,94.30555555555564,47755
"(0.8472222222222222, 0.9722222222222222)",1,94.3055555555556,47756
"(0.9166666666666666, 0.9722222222222222)",1,94.3055555555556,47757
"(0.8888888888888888, 1.0)",1,94.3055555555556,47758
"(0.7083333333333334, 1.0)",1,94.30555555555556,47759
"(0.9166666666666666, 1.0)",1,94.30555555555556,47760
"(0.8888888888888888, 0.9583333333333334)",1,94.30555555555554,47761
"(0.6111111111111112, 1.0)",1,94.30555555555551,47762
"(0.8055555555555556, 0.9444444444444444)",1,94.30555555555551,47763
"(0.875, 0.9583333333333334)",2,94.3055555555555,47765
"(0.8055555555555556, 0.9444444444444444)",1,94.30555555555546,47766
"(0.9075, 0.95)",1,94.30500000000016,47767
"(0.5975, 0.965)",1,94.30500000000008,47768
"(0.8475, 0.9525)",1,94.30500000000006,47769
"(0.83, 0.95)",1,94.30500000000002,47770
"(0.8175, 0.955)",1,94.305,47771
"(0.6475, 0.9575)",5,94.3049999999999,47776
"(0.4079545454545454, 0.9840909090909092)",3,94.30492424242428,47779
"(0.9875, 0.9875)",1,94.30416666666652,47780
"(0.95, 0.95)",2,94.30357142857152,47782
"(0.9428571428571428, 0.9678571428571427)",1,94.30357142857144,47783
"(0.9285714285714286, 0.95)",1,94.30357142857142,47784
"(0.9535714285714286, 0.9642857142857144)",2,94.30357142857136,47786
"(0.9392857142857144, 0.9464285714285714)",1,94.30357142857136,47787
"(0.9428571428571428, 0.9357142857142856)",1,94.30357142857132,47788
"(0.9464285714285714, 0.9428571428571428)",1,94.3035714285712,47789
"(0.2564393939393939, 0.999621212121212)",3,94.30340909090914,47792
"(0.5567567567567567, 0.9722972972972972)",1,94.3033783783784,47793
"(0.8157894736842105, 0.9649122807017544)",1,94.30263157894748,47794
"(0.8859649122807017, 0.9605263157894736)",1,94.30263157894746,47795
"(0.8552631578947368, 0.9824561403508772)",2,94.3026315789474,47797
"(0.8552631578947368, 0.956140350877193)",1,94.3026315789474,47798
"(0.8157894736842105, 0.9649122807017544)",2,94.3026315789474,47800
"(0.7894736842105263, 0.956140350877193)",1,94.3026315789474,47801
"(0.8771929824561403, 0.9780701754385964)",1,94.30263157894736,47802
"(0.8596491228070176, 0.9473684210526316)",1,94.30263157894736,47803
"(0.5263157894736842, 0.9517543859649122)",2,94.30263157894736,47805
"(0.8026315789473685, 0.9385964912280702)",2,94.30263157894731,47807
"(0.9210526315789472, 0.956140350877193)",4,94.30263157894728,47811
"(0.52, 0.945)",3,94.30250000000008,47814
"(0.88, 0.9575)",1,94.30250000000008,47815
"(0.9075, 0.9425)",1,94.3025,47816
"(0.8372093023255814, 0.9534883720930232)",1,94.30232558139537,47817
"(0.7674418604651163, 0.9767441860465116)",1,94.30232558139532,47818
"(0.5465116279069767, 0.9534883720930232)",1,94.30232558139532,47819
"(0.8953488372093024, 0.9767441860465116)",1,94.3023255813953,47820
"(0.8604651162790697, 0.9767441860465116)",1,94.3023255813953,47821
"(0.3953488372093023, 0.9767441860465116)",1,94.3023255813953,47822
"(0.8372093023255814, 0.9534883720930232)",1,94.30232558139528,47823
"(0.7790697674418605, 0.9418604651162792)",1,94.3023255813952,47824
"(0.8953488372093024, 0.9302325581395348)",1,94.3023255813952,47825
"(0.5116279069767442, 0.9534883720930232)",1,94.30232558139517,47826
"(0.4418604651162791, 0.9534883720930232)",1,94.30232558139517,47827
"(0.4378787878787878, 0.9886363636363636)",2,94.30189393939398,47829
"(0.5625, 0.96375)",1,94.30125000000002,47830
"(0.8445945945945946, 0.9648648648648648)",1,94.30033783783789,47831
"(0.8125, 0.9625)",1,94.30000000000015,47832
"(0.9125, 0.95)",1,94.30000000000015,47833
"(0.8, 0.95)",2,94.30000000000015,47835
"(0.9125, 0.95)",1,94.30000000000013,47836
"(0.9625, 0.9625)",1,94.30000000000013,47837
"(0.8875, 0.95)",1,94.30000000000013,47838
"(0.6625, 0.975)",1,94.30000000000013,47839
"(0.8525, 0.9475)",2,94.3000000000001,47841
"(0.6375, 0.9625)",1,94.30000000000008,47842
"(0.8375, 0.95)",1,94.30000000000008,47843
"(0.9125, 0.975)",1,94.30000000000008,47844
"(0.8, 1.0)",1,94.30000000000004,47845
"(0.453030303030303, 0.9958333333333332)",1,94.30000000000004,47846
"(0.9607142857142856, 0.9607142857142856)",1,94.30000000000004,47847
"(0.9791666666666666, 0.9666666666666668)",1,94.30000000000004,47848
"(1.0, 1.0)",1,94.30000000000004,47849
"(1.0, 1.0)",2,94.3,47851
"(0.8775, 0.935)",1,94.3,47852
"(0.8833333333333333, 1.0)",1,94.3,47853
"(0.875, 0.9575)",4,94.29999999999998,47857
"(0.8375, 0.9875)",1,94.29999999999995,47858
"(0.4125, 0.975)",1,94.29999999999994,47859
"(0.7877272727272727, 0.990909090909091)",1,94.29999999999994,47860
"(0.9791666666666666, 0.9958333333333332)",1,94.29999999999993,47861
"(0.8821428571428571, 0.9535714285714286)",2,94.29999999999984,47863
"(0.8023648648648649, 0.9655405405405404)",1,94.29898648648653,47864
"(0.209090909090909, 0.999621212121212)",3,94.29886363636366,47867
"(0.43875, 0.9775)",1,94.29875000000008,47868
"(0.912280701754386, 0.9692982456140352)",1,94.29824561403512,47869
"(0.8552631578947368, 0.9473684210526316)",1,94.29824561403512,47870
"(0.8026315789473685, 0.9385964912280702)",3,94.29824561403512,47873
"(0.805, 0.955)",1,94.29750000000014,47874
"(0.6, 0.95)",1,94.29750000000008,47875
"(0.775, 0.935)",1,94.29750000000006,47876
"(0.915, 0.9525)",1,94.29750000000004,47877
"(0.85, 0.95)",1,94.2975,47878
"(0.935, 0.9575)",2,94.29749999999996,47880
"(0.48, 0.9525)",3,94.29749999999991,47883
"(0.5570945945945946, 0.9672297297297298)",1,94.29695945945946,47884
"(0.9428571428571428, 0.9571428571428572)",1,94.29642857142863,47885
"(0.9321428571428572, 0.9571428571428572)",1,94.29642857142858,47886
"(0.8857142857142857, 0.95)",1,94.29642857142852,47887
"(0.9178571428571428, 0.95)",1,94.29642857142852,47888
"(0.875, 0.9428571428571428)",1,94.29642857142852,47889
"(0.8928571428571429, 0.95)",1,94.29642857142848,47890
"(0.9357142857142856, 0.9642857142857144)",3,94.29642857142842,47893
"(0.875, 0.9535714285714286)",1,94.29642857142836,47894
"(0.9, 0.9535714285714286)",3,94.29642857142834,47897
"(0.8375, 0.9875)",1,94.29583333333328,47898
"(0.8091216216216216, 0.9638513513513514)",4,94.29560810810813,47902
"(0.735, 0.96)",1,94.29500000000009,47903
"(0.945, 0.9475)",1,94.29500000000009,47904
"(0.925, 0.9475)",1,94.29500000000004,47905
"(0.9575, 0.955)",1,94.29500000000004,47906
"(0.8625, 0.945)",1,94.29499999999996,47907
"(0.9425, 0.9575)",4,94.29499999999992,47911
"(0.8527027027027027, 0.9699324324324324)",2,94.29493243243245,47913
"(0.8717948717948718, 1.0)",1,94.29487179487184,47914
"(0.4117647058823529, 0.9647058823529412)",1,94.29411764705873,47915
"(0.8464912280701754, 0.9605263157894736)",2,94.29385964912288,47917
"(0.8026315789473685, 0.9517543859649122)",1,94.29385964912284,47918
"(0.7543859649122807, 0.9473684210526316)",3,94.29385964912284,47921
"(0.7719298245614035, 0.9605263157894736)",1,94.29385964912284,47922
"(0.925438596491228, 0.9605263157894736)",1,94.29385964912282,47923
"(0.8903508771929824, 0.9517543859649122)",1,94.29385964912282,47924
"(0.793859649122807, 0.9605263157894736)",1,94.2938596491228,47925
"(0.66125, 0.97625)",1,94.29374999999996,47926
"(0.9035714285714286, 0.9464285714285714)",1,94.2928571428572,47927
"(0.8928571428571429, 0.95)",1,94.29285714285714,47928
"(0.9285714285714286, 0.95)",1,94.29285714285712,47929
"(0.8571428571428571, 0.9392857142857144)",1,94.2928571428571,47930
"(0.8392857142857143, 0.9535714285714286)",1,94.2928571428571,47931
"(0.8785714285714286, 0.9464285714285714)",1,94.29285714285702,47932
"(0.789527027027027, 0.970945945945946)",3,94.29256756756756,47935
"(0.8525, 0.95)",1,94.2925000000001,47936
"(0.545, 0.95)",1,94.2925000000001,47937
"(0.7675, 0.9525)",1,94.29250000000008,47938
"(0.95, 0.945)",1,94.29250000000008,47939
"(0.84, 0.9525)",2,94.29250000000005,47941
"(0.9425, 0.9425)",1,94.29249999999998,47942
"(0.8825, 0.9475)",1,94.29249999999992,47943
"(0.75, 0.9726351351351352)",4,94.29189189189188,47947
"(0.875, 0.9861111111111112)",1,94.29166666666686,47948
"(0.8055555555555556, 0.9861111111111112)",2,94.29166666666684,47950
"(0.9305555555555556, 0.9722222222222222)",1,94.2916666666668,47951
"(0.625, 0.9722222222222222)",1,94.2916666666668,47952
"(0.6944444444444444, 0.9722222222222222)",2,94.29166666666676,47954
"(0.9027777777777778, 0.9722222222222222)",1,94.29166666666674,47955
"(0.8888888888888888, 0.9861111111111112)",1,94.29166666666671,47956
"(0.5972222222222222, 1.0)",1,94.29166666666671,47957
"(0.8472222222222222, 0.9583333333333334)",1,94.29166666666669,47958
"(0.9027777777777778, 1.0)",2,94.29166666666669,47960
"(0.8611111111111112, 1.0)",2,94.29166666666669,47962
"(0.875, 0.9722222222222222)",1,94.29166666666664,47963
"(0.8472222222222222, 0.9583333333333334)",1,94.29166666666664,47964
"(0.8472222222222222, 0.9444444444444444)",1,94.2916666666666,47965
"(0.8611111111111112, 0.9305555555555556)",1,94.2916666666666,47966
"(0.7595454545454545, 0.9918181818181818)",1,94.29136363636358,47967
"(0.6162790697674418, 0.9767441860465116)",1,94.29069767441877,47968
"(0.9418604651162792, 0.9767441860465116)",2,94.29069767441874,47970
"(0.7674418604651163, 0.9767441860465116)",1,94.29069767441872,47971
"(0.8837209302325582, 0.9767441860465116)",1,94.29069767441872,47972
"(0.627906976744186, 0.9767441860465116)",1,94.29069767441854,47973
"(0.8953488372093024, 0.9418604651162792)",1,94.29069767441852,47974
"(0.872093023255814, 0.9534883720930232)",1,94.29069767441844,47975
"(0.8604651162790697, 0.9534883720930232)",1,94.29069767441844,47976
"(0.7325581395348837, 0.9534883720930232)",1,94.29069767441844,47977
"(0.5232558139534884, 0.9767441860465116)",1,94.29069767441842,47978
"(0.7325581395348837, 0.9534883720930232)",1,94.29069767441842,47979
"(0.5116279069767442, 0.9534883720930232)",1,94.2906976744184,47980
"(0.8625, 0.945)",1,94.29000000000008,47981
"(0.8575, 0.95)",2,94.29000000000003,47983
"(0.8825, 0.94)",2,94.29,47985
"(0.9525, 0.9375)",1,94.28999999999996,47986
"(0.955, 0.9575)",2,94.28999999999996,47988
"(0.955, 0.9525)",1,94.28999999999992,47989
"(0.8925, 0.9425)",1,94.28999999999988,47990
"(0.7675438596491229, 0.9736842105263158)",2,94.2894736842106,47992
"(0.8596491228070176, 0.9605263157894736)",1,94.28947368421058,47993
"(0.7543859649122807, 0.956140350877193)",3,94.28947368421056,47996
"(0.6885964912280702, 0.9692982456140352)",1,94.28947368421056,47997
"(0.8026315789473685, 0.956140350877193)",3,94.28947368421056,48000
"(0.8070175438596491, 0.9473684210526316)",2,94.28947368421056,48002
"(0.8991228070175439, 0.9429824561403508)",1,94.2894736842105,48003
"(0.8640350877192983, 0.9649122807017544)",1,94.2894736842105,48004
"(0.9714285714285714, 0.9357142857142856)",1,94.28928571428578,48005
"(0.9428571428571428, 0.9571428571428572)",1,94.28928571428574,48006
"(0.9428571428571428, 0.95)",1,94.28928571428574,48007
"(0.8785714285714286, 0.9464285714285714)",1,94.28928571428564,48008
"(0.8392857142857143, 0.9607142857142856)",1,94.28928571428564,48009
"(0.8821428571428571, 0.9535714285714286)",3,94.28928571428548,48012
"(0.8375, 0.95)",1,94.28750000000018,48013
"(0.8875, 0.95)",1,94.28750000000018,48014
"(0.85, 0.95)",1,94.28750000000016,48015
"(0.8, 0.95)",1,94.28750000000014,48016
"(0.925, 0.975)",1,94.28750000000012,48017
"(0.9125, 0.9625)",1,94.28750000000012,48018
"(0.8375, 0.95)",1,94.2875000000001,48019
"(0.7625, 0.9625)",2,94.28750000000008,48021
"(0.96, 0.9475)",3,94.28750000000008,48024
"(0.9075, 0.9475)",1,94.28750000000004,48025
"(0.91, 0.9475)",1,94.2875,48026
"(0.945, 0.9525)",3,94.2875,48029
"(0.9575, 0.94)",1,94.2875,48030
"(0.9425, 0.95)",1,94.2875,48031
"(0.9791666666666666, 0.9916666666666668)",2,94.28749999999997,48033
"(0.7825, 0.96)",1,94.28749999999992,48034
"(0.95, 0.9475)",1,94.28749999999992,48035
"(0.8875, 0.9475)",1,94.2874999999998,48036
"(0.4268939393939394, 0.9897727272727272)",1,94.28636363636365,48037
"(0.769090909090909, 0.965)",1,94.28636363636356,48038
"(0.4285714285714285, 0.975)",1,94.28571428571426,48039
"(0.8857142857142857, 0.9607142857142856)",1,94.28571428571423,48040
"(0.9285714285714286, 0.9571428571428572)",1,94.28571428571423,48041
"(0.8964285714285715, 0.9428571428571428)",1,94.28571428571423,48042
"(0.9178571428571428, 0.9642857142857144)",1,94.28571428571422,48043
"(0.6972727272727273, 0.9904545454545456)",1,94.28545454545448,48044
"(0.8640350877192983, 0.9692982456140352)",1,94.28508771929832,48045
"(0.7763157894736842, 0.9780701754385964)",1,94.2850877192983,48046
"(0.8771929824561403, 0.9517543859649122)",1,94.28508771929825,48047
"(0.7149122807017544, 0.9605263157894736)",1,94.28508771929825,48048
"(0.8859649122807017, 0.9298245614035088)",1,94.28508771929822,48049
"(0.8333333333333334, 0.9429824561403508)",1,94.2850877192982,48050
"(0.9525, 0.95)",1,94.28500000000012,48051
"(0.7375, 0.95)",1,94.28500000000012,48052
"(0.8025, 0.955)",2,94.2850000000001,48054
"(0.935, 0.945)",1,94.28499999999998,48055
"(0.85, 0.9475)",1,94.28499999999993,48056
"(0.9833333333333332, 0.9833333333333332)",1,94.2833333333334,48057
"(0.8333333333333334, 1.0)",1,94.28333333333336,48058
"(0.4814393939393939, 0.9988636363636364)",3,94.28257575757584,48061
"(0.92, 0.9475)",1,94.28250000000008,48062
"(0.96, 0.955)",1,94.28250000000004,48063
"(0.915, 0.95)",1,94.28250000000004,48064
"(0.9475, 0.94)",3,94.28249999999996,48067
"(0.845, 0.955)",3,94.28249999999996,48070
"(0.5058823529411764, 0.9411764705882352)",1,94.2823529411763,48071
"(0.4049242424242424, 0.9928030303030304)",1,94.28219696969704,48072
"(0.8392857142857143, 0.9571428571428572)",1,94.28214285714296,48073
"(0.8607142857142858, 0.9678571428571427)",1,94.28214285714289,48074
"(0.9428571428571428, 0.9535714285714286)",1,94.28214285714284,48075
"(0.9357142857142856, 0.9464285714285714)",1,94.28214285714284,48076
"(0.9357142857142856, 0.9571428571428572)",3,94.28214285714282,48079
"(0.9, 0.9428571428571428)",1,94.28214285714282,48080
"(0.95, 0.9464285714285714)",2,94.2821428571428,48082
"(0.5331081081081082, 0.975)",1,94.28141891891885,48083
"(0.9342105263157896, 0.9692982456140352)",3,94.28070175438611,48086
"(0.8903508771929824, 0.9780701754385964)",1,94.28070175438606,48087
"(0.8596491228070176, 0.9605263157894736)",1,94.28070175438604,48088
"(0.8333333333333334, 0.956140350877193)",1,94.280701754386,48089
"(0.7719298245614035, 0.9605263157894736)",3,94.280701754386,48092
"(0.7763157894736842, 0.956140350877193)",1,94.280701754386,48093
"(0.912280701754386, 0.9824561403508772)",1,94.280701754386,48094
"(0.8289473684210527, 0.956140350877193)",1,94.28070175438596,48095
"(0.7719298245614035, 0.9736842105263158)",3,94.28070175438594,48098
"(0.7719298245614035, 0.9429824561403508)",1,94.28070175438592,48099
"(0.5275, 0.9525)",3,94.28000000000009,48102
"(0.9125, 0.95)",1,94.28000000000009,48103
"(0.9525, 0.9525)",1,94.28000000000006,48104
"(0.8275, 0.9525)",1,94.28000000000004,48105
"(0.8875, 0.95)",1,94.28000000000004,48106
"(0.8875, 0.945)",1,94.28000000000004,48107
"(0.9525, 0.955)",1,94.28000000000002,48108
"(0.7675, 0.9475)",1,94.28000000000002,48109
"(0.85, 0.95)",1,94.28,48110
"(0.8402027027027027, 0.9672297297297298)",1,94.27939189189183,48111
"(0.9083333333333332, 0.9708333333333332)",1,94.27916666666668,48112
"(0.9651162790697676, 0.9767441860465116)",4,94.27906976744204,48116
"(0.8604651162790697, 0.9767441860465116)",1,94.279069767442,48117
"(0.7674418604651163, 0.9767441860465116)",2,94.27906976744195,48119
"(0.7674418604651163, 0.9883720930232558)",1,94.27906976744194,48120
"(0.8953488372093024, 0.9883720930232558)",1,94.27906976744192,48121
"(0.8255813953488372, 0.9651162790697676)",1,94.27906976744188,48122
"(0.872093023255814, 0.9651162790697676)",1,94.27906976744184,48123
"(0.5697674418604651, 0.9767441860465116)",1,94.27906976744184,48124
"(0.8372093023255814, 0.9534883720930232)",1,94.2790697674418,48125
"(0.8488372093023255, 0.9651162790697676)",1,94.2790697674418,48126
"(0.5465116279069767, 0.9767441860465116)",1,94.27906976744175,48127
"(0.8372093023255814, 0.9767441860465116)",1,94.27906976744174,48128
"(0.6976744186046512, 0.9418604651162792)",1,94.27906976744174,48129
"(0.8023255813953488, 0.9651162790697676)",1,94.27906976744168,48130
"(0.8372093023255814, 0.9418604651162792)",1,94.27906976744168,48131
"(0.8372093023255814, 0.9534883720930232)",1,94.27906976744164,48132
"(0.9135135135135136, 0.954054054054054)",1,94.2790540540541,48133
"(0.57625, 0.99125)",1,94.27874999999996,48134
"(0.8964285714285715, 0.95)",1,94.27857142857154,48135
"(0.9428571428571428, 0.9428571428571428)",1,94.2785714285714,48136
"(0.95, 0.9535714285714286)",1,94.27857142857138,48137
"(0.9285714285714286, 0.9571428571428572)",2,94.27857142857138,48139
"(0.9392857142857144, 0.9357142857142856)",1,94.2785714285713,48140
"(0.7086363636363636, 0.9918181818181818)",1,94.2781818181818,48141
"(0.4890151515151515, 0.9946969696969696)",3,94.27803030303036,48144
"(0.7638888888888888, 0.9861111111111112)",1,94.27777777777796,48145
"(0.75, 0.9722222222222222)",1,94.27777777777794,48146
"(0.8472222222222222, 0.9722222222222222)",1,94.27777777777794,48147
"(0.75, 0.9861111111111112)",1,94.27777777777791,48148
"(0.8194444444444444, 0.9722222222222222)",1,94.27777777777791,48149
"(0.5972222222222222, 0.9861111111111112)",1,94.27777777777789,48150
"(0.8472222222222222, 0.9861111111111112)",2,94.27777777777789,48152
"(0.9027777777777778, 0.9861111111111112)",2,94.27777777777789,48154
"(0.6111111111111112, 1.0)",1,94.2777777777778,48155
"(0.8611111111111112, 1.0)",1,94.2777777777778,48156
"(0.7083333333333334, 0.9444444444444444)",1,94.27777777777771,48157
"(0.7083333333333334, 0.9444444444444444)",1,94.27777777777769,48158
"(0.8611111111111112, 0.9444444444444444)",1,94.27777777777769,48159
"(0.8472222222222222, 0.9722222222222222)",1,94.27777777777764,48160
"(0.85, 0.9475)",1,94.27750000000016,48161
"(0.84, 0.9475)",1,94.27750000000012,48162
"(0.835, 0.9375)",1,94.27749999999996,48163
"(0.92, 0.96)",1,94.27749999999992,48164
"(0.912280701754386, 0.9605263157894736)",1,94.27631578947384,48165
"(0.8026315789473685, 0.9692982456140352)",1,94.2763157894738,48166
"(0.8289473684210527, 0.9517543859649122)",1,94.27631578947376,48167
"(0.7763157894736842, 0.9649122807017544)",1,94.27631578947374,48168
"(0.8640350877192983, 0.9649122807017544)",1,94.27631578947371,48169
"(0.9298245614035088, 0.956140350877193)",1,94.27631578947371,48170
"(0.8464912280701754, 0.9605263157894736)",1,94.27631578947371,48171
"(0.7894736842105263, 0.9649122807017544)",1,94.2763157894737,48172
"(0.7149122807017544, 0.9912280701754386)",1,94.2763157894737,48173
"(0.4692982456140351, 0.9385964912280702)",3,94.27631578947368,48176
"(0.9298245614035088, 0.9736842105263158)",3,94.27631578947368,48179
"(0.9078947368421052, 0.9517543859649122)",2,94.27631578947368,48181
"(0.925, 0.9625)",1,94.2750000000002,48182
"(0.9125, 0.95)",1,94.27500000000018,48183
"(0.875, 0.95)",1,94.27500000000018,48184
"(0.9, 0.95)",1,94.27500000000018,48185
"(0.8875, 0.95)",1,94.27500000000018,48186
"(0.85, 0.95)",1,94.27500000000016,48187
"(0.9, 0.925)",1,94.2750000000001,48188
"(0.8925, 0.9475)",2,94.27500000000008,48190
"(0.7, 0.95)",1,94.27500000000006,48191
"(0.8, 0.9525)",3,94.27500000000006,48194
"(0.875, 0.9625)",1,94.27500000000006,48195
"(0.9525, 0.9475)",2,94.27500000000003,48197
"(0.9125, 0.9625)",1,94.27500000000003,48198
"(0.495, 0.945)",3,94.27500000000002,48201
"(0.955, 0.95)",1,94.27500000000002,48202
"(0.9178571428571428, 0.9571428571428572)",1,94.275,48203
"(0.95, 0.975)",1,94.27499999999998,48204
"(0.9175, 0.955)",1,94.27499999999998,48205
"(0.9035714285714286, 0.9357142857142856)",1,94.27499999999998,48206
"(0.93, 0.9325)",1,94.27499999999996,48207
"(0.8775, 0.955)",1,94.27499999999996,48208
"(0.7325, 0.96)",1,94.27499999999992,48209
"(0.8575, 0.9575)",2,94.2749999999999,48211
"(0.9464285714285714, 0.9464285714285714)",1,94.27499999999988,48212
"(0.925, 0.975)",1,94.27499999999988,48213
"(0.925, 0.975)",2,94.27499999999984,48215
"(0.9178571428571428, 0.9535714285714286)",1,94.27499999999984,48216
"(0.8928571428571429, 0.9535714285714286)",1,94.27499999999984,48217
"(0.5567567567567567, 0.9679054054054054)",1,94.27466216216216,48218
"(0.9375, 0.9525)",3,94.2725,48221
"(0.935, 0.9475)",1,94.27249999999992,48222
"(0.83, 0.9575)",1,94.27249999999992,48223
"(0.8125, 0.9425)",1,94.2724999999998,48224
"(0.7807017543859649, 0.9473684210526316)",2,94.27192982456148,48226
"(0.6973684210526315, 0.956140350877193)",1,94.27192982456148,48227
"(0.6578947368421053, 0.9517543859649122)",1,94.27192982456144,48228
"(0.868421052631579, 0.956140350877193)",1,94.2719298245614,48229
"(0.881578947368421, 0.9649122807017544)",1,94.2719298245614,48230
"(0.9298245614035088, 0.956140350877193)",4,94.27192982456134,48234
"(0.9035714285714286, 0.9357142857142856)",1,94.27142857142856,48235
"(0.95, 0.9428571428571428)",1,94.27142857142852,48236
"(0.9428571428571428, 0.9464285714285714)",1,94.2714285714285,48237
"(0.9285714285714286, 0.9571428571428572)",1,94.27142857142849,48238
"(0.8785714285714286, 0.9464285714285714)",1,94.27142857142846,48239
"(0.5176470588235295, 0.9294117647058824)",1,94.27058823529396,48240
"(0.7925, 0.9575)",2,94.27000000000004,48242
"(0.85, 0.9475)",1,94.27,48243
"(0.855, 0.955)",1,94.26999999999992,48244
"(0.9175, 0.955)",1,94.2699999999999,48245
"(0.8493243243243244, 0.9635135135135136)",4,94.26993243243248,48249
"(0.5212837837837838, 0.9722972972972972)",4,94.26959459459462,48253
"(0.7051282051282052, 0.9871794871794872)",2,94.26923076923086,48255
"(0.9678571428571427, 0.9642857142857144)",3,94.26785714285715,48258
"(0.9464285714285714, 0.9357142857142856)",2,94.26785714285715,48260
"(0.8678571428571429, 0.9464285714285714)",1,94.26785714285712,48261
"(0.9214285714285714, 0.95)",1,94.26785714285712,48262
"(0.9607142857142856, 0.9607142857142856)",1,94.2678571428571,48263
"(0.9571428571428572, 0.9642857142857144)",1,94.26785714285708,48264
"(0.9428571428571428, 0.9428571428571428)",1,94.26785714285708,48265
"(0.9342105263157896, 0.9692982456140352)",3,94.26754385964928,48268
"(0.9342105263157896, 0.9736842105263158)",3,94.26754385964924,48271
"(0.8640350877192983, 0.9605263157894736)",1,94.26754385964917,48272
"(0.6929824561403509, 0.9649122807017544)",1,94.26754385964917,48273
"(0.8421052631578947, 0.9605263157894736)",1,94.26754385964917,48274
"(0.912280701754386, 0.9649122807017544)",1,94.26754385964917,48275
"(0.8859649122807017, 0.9517543859649122)",3,94.26754385964917,48278
"(0.881578947368421, 0.9736842105263158)",1,94.26754385964914,48279
"(0.7456140350877193, 0.9649122807017544)",1,94.26754385964914,48280
"(0.7675438596491229, 0.9912280701754386)",3,94.26754385964912,48283
"(0.8070175438596491, 0.9429824561403508)",3,94.26754385964912,48286
"(0.4875, 0.9425)",3,94.26750000000013,48289
"(0.735, 0.9475)",1,94.2675000000001,48290
"(0.5275, 0.95)",1,94.26750000000004,48291
"(0.9575, 0.9575)",2,94.26749999999996,48293
"(0.8175, 0.96)",1,94.26749999999988,48294
"(0.8372093023255814, 0.9767441860465116)",1,94.26744186046524,48295
"(0.6162790697674418, 0.9767441860465116)",1,94.26744186046524,48296
"(0.9302325581395348, 0.9534883720930232)",1,94.2674418604652,48297
"(0.8488372093023255, 1.0)",1,94.26744186046514,48298
"(0.8604651162790697, 0.9534883720930232)",1,94.26744186046504,48299
"(0.8255813953488372, 0.9534883720930232)",1,94.267441860465,48300
"(0.8604651162790697, 0.9534883720930232)",1,94.267441860465,48301
"(0.6046511627906976, 0.9534883720930232)",1,94.26744186046496,48302
"(0.4651162790697674, 0.9534883720930232)",1,94.26744186046494,48303
"(0.8023255813953488, 0.9651162790697676)",1,94.26744186046491,48304
"(0.8166666666666667, 0.9833333333333332)",1,94.26666666666674,48305
"(1.0, 1.0)",1,94.26666666666668,48306
"(0.7712837837837838, 0.9685810810810812)",2,94.266554054054,48308
"(0.8025, 0.9525)",1,94.26500000000009,48309
"(0.4625, 0.95)",3,94.26500000000004,48312
"(0.925, 0.9475)",1,94.26500000000004,48313
"(0.725, 0.9575)",4,94.26499999999996,48317
"(0.9475, 0.9425)",1,94.26499999999984,48318
"(0.522972972972973, 0.9733108108108108)",1,94.26486486486496,48319
"(0.75, 0.9685810810810812)",1,94.26452702702704,48320
"(0.9392857142857144, 0.95)",1,94.26428571428576,48321
"(0.9, 0.95)",1,94.26428571428572,48322
"(0.8928571428571429, 0.9607142857142856)",1,94.26428571428572,48323
"(0.9392857142857144, 0.9571428571428572)",1,94.2642857142857,48324
"(0.95, 0.9607142857142856)",3,94.2642857142857,48327
"(0.95, 0.9535714285714286)",1,94.26428571428556,48328
"(0.8928571428571429, 0.9535714285714286)",3,94.2642857142855,48331
"(0.9354729729729728, 0.9675675675675676)",1,94.26418918918914,48332
"(0.8888888888888888, 0.9722222222222222)",1,94.2638888888891,48333
"(0.9861111111111112, 0.9722222222222222)",1,94.2638888888891,48334
"(0.8333333333333334, 0.9722222222222222)",2,94.26388888888908,48336
"(0.8888888888888888, 0.9722222222222222)",1,94.26388888888908,48337
"(0.8194444444444444, 0.9861111111111112)",2,94.26388888888906,48339
"(0.8611111111111112, 0.9861111111111112)",3,94.26388888888904,48342
"(0.875, 0.9722222222222222)",1,94.263888888889,48343
"(0.8888888888888888, 1.0)",2,94.26388888888891,48345
"(0.9305555555555556, 0.9722222222222222)",1,94.2638888888889,48346
"(0.8194444444444444, 1.0)",4,94.26388888888889,48350
"(0.9444444444444444, 0.9722222222222222)",1,94.26388888888884,48351
"(0.8472222222222222, 0.9583333333333334)",1,94.26388888888884,48352
"(0.8194444444444444, 0.9722222222222222)",1,94.26388888888884,48353
"(0.8333333333333334, 0.9583333333333334)",1,94.26388888888884,48354
"(0.8991228070175439, 0.9517543859649122)",1,94.2631578947369,48355
"(0.8289473684210527, 0.956140350877193)",1,94.26315789473688,48356
"(0.8903508771929824, 0.9385964912280702)",3,94.26315789473686,48359
"(0.8947368421052632, 0.9517543859649122)",1,94.26315789473686,48360
"(0.8464912280701754, 0.9780701754385964)",1,94.26315789473682,48361
"(0.7149122807017544, 0.9736842105263158)",2,94.26315789473682,48363
"(0.8333333333333334, 0.9649122807017544)",2,94.26315789473676,48365
"(0.875, 0.95)",1,94.2625000000002,48366
"(0.825, 0.95)",1,94.26250000000016,48367
"(0.8125, 0.95)",2,94.26250000000016,48369
"(0.75, 0.95)",2,94.26250000000016,48371
"(0.775, 0.95)",1,94.26250000000012,48372
"(0.8375, 0.9375)",1,94.26250000000006,48373
"(0.6875, 0.95)",1,94.26250000000005,48374
"(0.9525, 0.9525)",3,94.26250000000002,48377
"(0.8625, 0.955)",2,94.26250000000002,48379
"(0.7875, 0.95)",1,94.2625,48380
"(0.8275, 0.9525)",6,94.2625,48386
"(0.9, 0.9875)",1,94.26249999999996,48387
"(0.9575, 0.94)",1,94.26249999999996,48388
"(0.4125, 0.9625)",1,94.26249999999996,48389
"(0.9833333333333332, 0.9916666666666668)",3,94.26249999999996,48392
"(0.8125, 0.975)",1,94.26249999999996,48393
"(0.8375, 0.975)",1,94.26249999999992,48394
"(0.9, 0.975)",1,94.26249999999992,48395
"(0.83, 0.96)",1,94.26249999999987,48396
"(0.4125, 0.975)",1,94.26249999999987,48397
"(0.775, 0.975)",1,94.26249999999986,48398
"(0.8025, 0.9575)",1,94.26249999999985,48399
"(0.6881756756756757, 0.9672297297297298)",4,94.26216216216216,48403
"(0.8535714285714285, 0.9535714285714286)",1,94.26071428571429,48404
"(0.8964285714285715, 0.9392857142857144)",2,94.26071428571429,48406
"(0.9178571428571428, 0.95)",3,94.26071428571429,48409
"(0.9178571428571428, 0.9607142857142856)",1,94.26071428571426,48410
"(0.9357142857142856, 0.9571428571428572)",2,94.2607142857142,48412
"(0.8928571428571429, 0.95)",1,94.2607142857142,48413
"(0.9, 0.9535714285714286)",1,94.26071428571416,48414
"(0.8892857142857142, 0.9535714285714286)",1,94.26071428571416,48415
"(0.9321428571428572, 0.9571428571428572)",1,94.26071428571414,48416
"(0.775, 0.9475)",1,94.26000000000003,48417
"(0.875, 0.9425)",1,94.25999999999996,48418
"(0.8263513513513514, 0.9706081081081082)",1,94.25979729729728,48419
"(0.3371212121212121, 0.999621212121212)",3,94.25909090909094,48422
"(0.4428030303030303, 0.9958333333333332)",3,94.25909090909092,48425
"(0.8588235294117647, 0.9294117647058824)",1,94.2588235294116,48426
"(0.8588235294117647, 0.9411764705882352)",1,94.25882352941156,48427
"(0.7192982456140351, 0.9605263157894736)",1,94.25877192982465,48428
"(0.8596491228070176, 0.956140350877193)",1,94.25877192982465,48429
"(0.4605263157894737, 0.9780701754385964)",3,94.2587719298246,48432
"(0.8157894736842105, 0.9649122807017544)",1,94.2587719298246,48433
"(0.8640350877192983, 0.956140350877193)",2,94.25877192982452,48435
"(0.7622727272727273, 0.9904545454545456)",2,94.2586363636364,48437
"(0.5476351351351352, 0.9722972972972972)",1,94.25844594594597,48438
"(0.9875, 0.9875)",1,94.25833333333328,48439
"(0.9354729729729728, 0.9695945945945946)",1,94.2577702702703,48440
"(0.51125, 0.96375)",1,94.25750000000004,48441
"(0.8625, 0.9525)",4,94.25750000000002,48445
"(0.95, 0.935)",1,94.2575,48446
"(0.7375, 0.9575)",1,94.2575,48447
"(0.9525, 0.945)",1,94.25749999999998,48448
"(0.7825, 0.96)",1,94.25749999999998,48449
"(0.8775, 0.94)",1,94.25749999999996,48450
"(0.945, 0.9425)",1,94.25749999999994,48451
"(0.8575, 0.9575)",1,94.25749999999992,48452
"(0.925, 0.9607142857142856)",3,94.25714285714294,48455
"(0.8607142857142858, 0.9464285714285714)",1,94.2571428571429,48456
"(0.9, 0.95)",1,94.25714285714282,48457
"(0.9428571428571428, 0.9535714285714286)",1,94.25714285714275,48458
"(0.9678571428571427, 0.9428571428571428)",1,94.25714285714275,48459
"(0.5358108108108108, 0.9689189189189188)",1,94.2564189189189,48460
"(0.8717948717948718, 0.9743589743589745)",1,94.2564102564103,48461
"(0.7307692307692307, 1.0)",1,94.2564102564103,48462
"(0.725, 0.9927272727272728)",1,94.255909090909,48463
"(0.8023255813953488, 0.9767441860465116)",4,94.25581395348856,48467
"(0.8023255813953488, 0.9767441860465116)",2,94.25581395348848,48469
"(0.9186046511627908, 0.9767441860465116)",1,94.25581395348846,48470
"(0.8372093023255814, 0.9767441860465116)",1,94.25581395348838,48471
"(0.5813953488372093, 0.9767441860465116)",1,94.2558139534883,48472
"(0.8837209302325582, 0.9767441860465116)",1,94.25581395348829,48473
"(0.7325581395348837, 0.9534883720930232)",1,94.25581395348826,48474
"(0.6162790697674418, 0.9534883720930232)",1,94.25581395348826,48475
"(0.813953488372093, 0.9767441860465116)",1,94.25581395348824,48476
"(0.7906976744186046, 0.9651162790697676)",1,94.25581395348824,48477
"(0.7790697674418605, 0.9418604651162792)",1,94.25581395348824,48478
"(0.8488372093023255, 0.9651162790697676)",2,94.2558139534882,48480
"(0.7906976744186046, 0.9651162790697676)",1,94.2558139534882,48481
"(0.7790697674418605, 0.9418604651162792)",1,94.25581395348816,48482
"(0.9475, 0.9525)",1,94.25500000000014,48483
"(0.83, 0.95)",1,94.25500000000004,48484
"(0.8125, 0.9525)",4,94.25500000000002,48488
"(0.945, 0.94)",1,94.25499999999998,48489
"(0.9575, 0.9575)",1,94.25499999999997,48490
"(0.8575, 0.9575)",6,94.25499999999988,48496
"(0.5310810810810811, 0.9692567567567568)",1,94.2543918918919,48497
"(0.8859649122807017, 0.9692982456140352)",1,94.2543859649124,48498
"(0.868421052631579, 0.9692982456140352)",1,94.25438596491236,48499
"(0.868421052631579, 0.9736842105263158)",1,94.25438596491236,48500
"(0.7587719298245614, 0.956140350877193)",1,94.25438596491232,48501
"(0.543859649122807, 0.9473684210526316)",3,94.2543859649123,48504
"(0.8991228070175439, 0.9736842105263158)",1,94.2543859649123,48505
"(0.7807017543859649, 0.9429824561403508)",1,94.2543859649123,48506
"(0.7105263157894737, 0.956140350877193)",1,94.2543859649123,48507
"(0.8903508771929824, 0.9649122807017544)",3,94.25438596491227,48510
"(0.5964912280701754, 0.956140350877193)",3,94.25438596491227,48513
"(0.9875, 0.8375)",1,94.25416666666668,48514
"(0.9625, 0.975)",1,94.25416666666668,48515
"(0.9357142857142856, 0.95)",1,94.2535714285715,48516
"(0.9392857142857144, 0.9392857142857144)",2,94.25357142857146,48518
"(0.8678571428571429, 0.9678571428571427)",1,94.25357142857143,48519
"(0.7392857142857143, 0.9535714285714286)",1,94.2535714285714,48520
"(0.9214285714285714, 0.9464285714285714)",1,94.25357142857132,48521
"(0.9214285714285714, 0.9535714285714286)",1,94.25357142857132,48522
"(0.8178571428571428, 0.9535714285714286)",1,94.2535714285713,48523
"(0.8475, 0.9425)",1,94.2525,48524
"(0.8725, 0.93)",1,94.2525,48525
"(0.8525, 0.9425)",1,94.25249999999998,48526
"(0.905, 0.945)",1,94.25249999999996,48527
"(0.955, 0.9575)",1,94.2524999999999,48528
"(0.545, 0.95)",1,94.2524999999999,48529
"(0.5996621621621622, 0.9726351351351352)",2,94.25202702702708,48531
"(0.7655405405405405, 0.9557432432432432)",1,94.25202702702708,48532
"(0.4291666666666666, 0.9837121212121211)",1,94.25189393939397,48533
"(0.4253787878787878, 0.9973484848484848)",3,94.25151515151522,48536
"(0.705, 0.9736363636363636)",1,94.250909090909,48537
"(0.8510135135135135, 0.9702702702702702)",1,94.25067567567564,48538
"(0.9, 0.9625)",1,94.2500000000002,48539
"(0.9027777777777778, 0.9722222222222222)",1,94.2500000000002,48540
"(0.6875, 0.95)",1,94.25000000000016,48541
"(0.875, 0.95)",2,94.25000000000016,48543
"(0.8375, 0.95)",1,94.25000000000016,48544
"(0.7280701754385965, 0.956140350877193)",1,94.25000000000011,48545
"(0.8055555555555556, 1.0)",1,94.25000000000011,48546
"(0.6578947368421053, 0.9517543859649122)",2,94.2500000000001,48548
"(0.8552631578947368, 0.9649122807017544)",1,94.2500000000001,48549
"(0.96, 0.95)",1,94.25000000000009,48550
"(0.8611111111111112, 0.9722222222222222)",1,94.25000000000009,48551
"(0.85, 0.925)",1,94.25000000000009,48552
"(0.9, 1.0)",1,94.25000000000009,48553
"(0.9535714285714286, 0.9607142857142856)",1,94.25000000000009,48554
"(0.7083333333333334, 1.0)",1,94.25000000000009,48555
"(0.955, 0.95)",2,94.25000000000006,48557
"(0.8875, 0.975)",1,94.25000000000006,48558
"(0.7916666666666666, 1.0)",1,94.25000000000006,48559
"(0.9083333333333332, 0.9833333333333332)",1,94.25000000000004,48560
"(0.775, 0.9475)",1,94.25000000000004,48561
"(0.9625, 0.9708333333333332)",1,94.25000000000004,48562
"(0.9210526315789472, 0.9385964912280702)",3,94.25000000000004,48565
"(0.7083333333333334, 1.0)",4,94.25,48569
"(0.9625, 0.96)",1,94.25,48570
"(0.8611111111111112, 0.9722222222222222)",1,94.25,48571
"(0.9333333333333332, 1.0)",2,94.25,48573
"(0.8640350877192983, 0.9605263157894736)",1,94.25,48574
"(0.8611111111111112, 0.9861111111111112)",2,94.25,48576
"(0.8857142857142857, 0.9642857142857144)",6,94.25,48582
"(0.6973684210526315, 0.956140350877193)",3,94.25,48585
"(0.9535714285714286, 0.9607142857142856)",1,94.24999999999996,48586
"(0.9275, 0.9425)",1,94.24999999999996,48587
"(0.9107142857142856, 0.95)",1,94.24999999999996,48588
"(0.8472222222222222, 0.9444444444444444)",1,94.24999999999994,48589
"(0.8888888888888888, 0.9583333333333334)",2,94.24999999999991,48591
"(0.8392857142857143, 0.9535714285714286)",1,94.24999999999991,48592
"(0.9175, 0.945)",1,94.24999999999991,48593
"(0.8675, 0.9425)",1,94.2499999999999,48594
"(0.8194444444444444, 0.9444444444444444)",1,94.2499999999999,48595
"(0.86, 0.945)",1,94.24999999999989,48596
"(0.9392857142857144, 0.9535714285714286)",1,94.2499999999998,48597
"(0.4825757575757576, 0.9992424242424244)",3,94.24924242424248,48600
"(0.735472972972973, 0.970945945945946)",1,94.24831081081088,48601
"(0.7912162162162162, 0.9668918918918918)",4,94.24763513513518,48605
"(0.8875, 0.9475)",1,94.24750000000012,48606
"(0.8125, 0.9475)",1,94.24750000000006,48607
"(0.6425, 0.9475)",1,94.24750000000006,48608
"(0.8175, 0.9475)",1,94.24750000000006,48609
"(0.94, 0.9475)",1,94.24750000000004,48610
"(0.645, 0.98)",1,94.24750000000004,48611
"(0.7475, 0.9525)",2,94.24750000000004,48613
"(0.8625, 0.94)",1,94.24749999999996,48614
"(0.955, 0.955)",2,94.24749999999992,48616
"(0.6352941176470588, 0.9294117647058824)",3,94.2470588235292,48619
"(0.8535714285714285, 0.9607142857142856)",1,94.24642857142868,48620
"(0.8785714285714286, 0.95)",1,94.2464285714286,48621
"(0.8928571428571429, 0.9571428571428572)",1,94.2464285714286,48622
"(0.9607142857142856, 0.9607142857142856)",1,94.24642857142858,48623
"(0.9428571428571428, 0.95)",3,94.24642857142854,48626
"(0.8464285714285714, 0.9428571428571428)",1,94.24642857142854,48627
"(0.9035714285714286, 0.9428571428571428)",1,94.24642857142852,48628
"(0.9428571428571428, 0.975)",1,94.24642857142852,48629
"(0.8392857142857143, 0.9428571428571428)",1,94.24642857142842,48630
"(0.8023648648648649, 0.9672297297297298)",1,94.24628378378374,48631
"(0.8875, 0.9958333333333332)",1,94.2458333333333,48632
"(0.9666666666666668, 0.9916666666666668)",1,94.2458333333332,48633
"(0.7412280701754386, 0.9517543859649122)",1,94.24561403508778,48634
"(0.6973684210526315, 0.9649122807017544)",1,94.24561403508775,48635
"(0.8245614035087719, 0.9605263157894736)",1,94.24561403508775,48636
"(0.3991228070175439, 0.956140350877193)",3,94.24561403508775,48639
"(0.8947368421052632, 0.9342105263157896)",1,94.24561403508775,48640
"(0.8377192982456141, 0.9649122807017544)",2,94.24561403508774,48642
"(0.8289473684210527, 0.9473684210526316)",3,94.24561403508774,48645
"(0.868421052631579, 0.9692982456140352)",1,94.24561403508773,48646
"(0.868421052631579, 0.9649122807017544)",1,94.24561403508773,48647
"(0.8771929824561403, 0.9605263157894736)",6,94.24561403508768,48653
"(0.9375, 0.9525)",1,94.24500000000003,48654
"(0.9425, 0.95)",1,94.24500000000003,48655
"(0.8412162162162162, 0.9668918918918918)",1,94.24459459459456,48656
"(0.4378787878787878, 0.9965909090909092)",3,94.24431818181826,48659
"(0.8255813953488372, 0.9767441860465116)",1,94.24418604651176,48660
"(0.9651162790697676, 0.9767441860465116)",1,94.24418604651174,48661
"(0.3023255813953488, 0.9767441860465116)",1,94.24418604651171,48662
"(0.8837209302325582, 0.9767441860465116)",2,94.24418604651171,48664
"(0.7674418604651163, 0.9883720930232558)",1,94.24418604651171,48665
"(0.7093023255813954, 0.9883720930232558)",1,94.24418604651164,48666
"(0.3023255813953488, 0.9767441860465116)",1,94.24418604651156,48667
"(0.7558139534883721, 0.9302325581395348)",1,94.24418604651156,48668
"(0.4534883720930232, 0.9651162790697676)",1,94.24418604651152,48669
"(0.5116279069767442, 0.9418604651162792)",1,94.24418604651152,48670
"(0.8372093023255814, 0.9534883720930232)",1,94.2441860465115,48671
"(0.8023255813953488, 0.9534883720930232)",1,94.24418604651147,48672
"(0.8023255813953488, 0.9534883720930232)",1,94.24418604651147,48673
"(0.872093023255814, 0.9534883720930232)",1,94.24418604651147,48674
"(0.8604651162790697, 0.9651162790697676)",1,94.24418604651147,48675
"(0.8023255813953488, 0.9651162790697676)",1,94.24418604651146,48676
"(0.8604651162790697, 0.9651162790697676)",1,94.24418604651144,48677
"(0.7790697674418605, 0.9418604651162792)",1,94.24418604651144,48678
"(0.4883720930232558, 0.9534883720930232)",1,94.24418604651142,48679
"(0.7638513513513514, 0.9739864864864864)",1,94.24391891891892,48680
"(0.625, 0.935)",1,94.24374999999998,48681
"(0.9428571428571428, 0.9535714285714286)",1,94.24285714285712,48682
"(0.9321428571428572, 0.95)",1,94.24285714285712,48683
"(0.8392857142857143, 0.9535714285714286)",1,94.2428571428571,48684
"(0.9392857142857144, 0.9535714285714286)",2,94.24285714285708,48686
"(0.9035714285714286, 0.9535714285714286)",1,94.24285714285702,48687
"(0.7, 0.9535714285714286)",1,94.242857142857,48688
"(0.9142857142857144, 0.9535714285714286)",2,94.24285714285696,48690
"(0.95, 0.9575)",2,94.24249999999994,48692
"(0.83, 0.9575)",1,94.2424999999999,48693
"(0.7675, 0.945)",1,94.2424999999999,48694
"(0.8791666666666667, 0.9833333333333332)",1,94.24166666666667,48695
"(0.8245614035087719, 0.9649122807017544)",1,94.24122807017548,48696
"(0.925438596491228, 0.9517543859649122)",1,94.24122807017548,48697
"(0.8070175438596491, 0.9517543859649122)",1,94.24122807017544,48698
"(0.868421052631579, 0.956140350877193)",1,94.24122807017544,48699
"(0.6403508771929824, 0.9649122807017544)",1,94.2412280701754,48700
"(0.8125, 0.95)",1,94.24000000000012,48701
"(0.83, 0.9475)",1,94.24000000000002,48702
"(0.88, 0.955)",3,94.23999999999998,48705
"(0.8928571428571429, 0.9214285714285714)",1,94.23928571428584,48706
"(0.8785714285714286, 0.95)",2,94.2392857142858,48708
"(0.8535714285714285, 0.9607142857142856)",3,94.2392857142858,48711
"(0.9, 0.9607142857142856)",1,94.23928571428578,48712
"(0.8928571428571429, 0.95)",1,94.23928571428576,48713
"(0.9535714285714286, 0.9571428571428572)",1,94.23928571428571,48714
"(0.9392857142857144, 0.95)",1,94.23928571428564,48715
"(0.8892857142857142, 0.9428571428571428)",1,94.2392857142856,48716
"(0.9, 0.9535714285714286)",4,94.23928571428551,48720
"(0.5523648648648649, 0.9726351351351352)",2,94.2388513513514,48722
"(0.5736486486486486, 0.9800675675675676)",1,94.23851351351354,48723
"(0.875, 0.95)",2,94.23750000000015,48725
"(0.8125, 0.95)",2,94.23750000000015,48727
"(0.7375, 0.95)",1,94.23750000000015,48728
"(0.875, 0.9625)",1,94.23750000000013,48729
"(0.925, 0.9625)",1,94.23750000000013,48730
"(0.9125, 0.9625)",2,94.2375000000001,48732
"(0.7875, 0.95)",1,94.23750000000008,48733
"(0.9125, 0.975)",1,94.23750000000008,48734
"(0.945, 0.95)",1,94.23750000000008,48735
"(0.96, 0.93)",2,94.23750000000004,48737
"(0.9525, 0.94)",2,94.2375,48739
"(0.6425, 0.9475)",1,94.23749999999988,48740
"(0.8875, 0.975)",2,94.23749999999984,48742
"(0.7894736842105263, 0.9692982456140352)",3,94.23684210526332,48745
"(0.6754385964912281, 0.9780701754385964)",1,94.23684210526328,48746
"(0.8859649122807017, 0.9605263157894736)",1,94.23684210526324,48747
"(0.5745614035087719, 0.9649122807017544)",1,94.2368421052632,48748
"(0.8289473684210527, 0.9342105263157896)",1,94.23684210526318,48749
"(0.4517543859649123, 0.9517543859649122)",1,94.23684210526318,48750
"(0.5307017543859649, 0.9649122807017544)",1,94.23684210526316,48751
"(0.8289473684210527, 0.9649122807017544)",1,94.23684210526316,48752
"(0.793859649122807, 0.9780701754385964)",1,94.23684210526316,48753
"(0.7807017543859649, 0.9385964912280702)",1,94.23684210526312,48754
"(0.8421052631578947, 0.9649122807017544)",1,94.2368421052631,48755
"(0.8194444444444444, 0.9861111111111112)",1,94.2361111111113,48756
"(0.9722222222222222, 0.9861111111111112)",1,94.23611111111128,48757
"(0.8611111111111112, 0.9861111111111112)",1,94.23611111111126,48758
"(0.6944444444444444, 0.9861111111111112)",1,94.23611111111126,48759
"(0.9027777777777778, 0.9861111111111112)",1,94.23611111111124,48760
"(0.7638888888888888, 0.9861111111111112)",1,94.23611111111124,48761
"(0.7916666666666666, 0.9722222222222222)",1,94.23611111111124,48762
"(0.75, 0.9583333333333334)",1,94.2361111111112,48763
"(0.875, 0.9444444444444444)",1,94.23611111111111,48764
"(0.7083333333333334, 1.0)",2,94.23611111111111,48766
"(0.9722222222222222, 1.0)",1,94.23611111111111,48767
"(0.875, 0.9444444444444444)",1,94.23611111111106,48768
"(0.8611111111111112, 0.9583333333333334)",1,94.23611111111104,48769
"(0.7916666666666666, 0.9444444444444444)",1,94.236111111111,48770
"(0.8611111111111112, 0.9444444444444444)",2,94.236111111111,48772
"(0.8472222222222222, 0.9444444444444444)",1,94.236111111111,48773
"(0.9428571428571428, 0.9571428571428572)",1,94.23571428571428,48774
"(0.9285714285714286, 0.9607142857142856)",3,94.23571428571424,48777
"(0.8425, 0.9475)",2,94.23500000000016,48779
"(0.7825, 0.9475)",1,94.235,48780
"(0.5975, 0.9525)",4,94.23499999999991,48784
"(0.9475, 0.945)",1,94.23499999999991,48785
"(0.935, 0.95)",2,94.2349999999999,48787
"(0.94, 0.94)",1,94.2349999999999,48788
"(0.86, 0.9425)",1,94.23499999999984,48789
"(0.5472972972972973, 0.9625)",2,94.2341216216217,48791
"(0.8666666666666667, 0.9833333333333332)",1,94.23333333333343,48792
"(0.8666666666666667, 0.9833333333333332)",1,94.2333333333334,48793
"(1.0, 1.0)",1,94.23333333333338,48794
"(0.8166666666666667, 1.0)",1,94.23333333333336,48795
"(0.9, 0.9833333333333332)",1,94.23333333333336,48796
"(0.8375, 0.9833333333333332)",1,94.23333333333328,48797
"(0.8587837837837838, 0.9783783783783784)",2,94.23310810810815,48799
"(0.8837209302325582, 0.9767441860465116)",1,94.232558139535,48800
"(0.8023255813953488, 0.9767441860465116)",2,94.23255813953496,48802
"(0.872093023255814, 1.0)",2,94.23255813953494,48804
"(0.9186046511627908, 0.9767441860465116)",1,94.2325581395349,48805
"(0.7790697674418605, 0.9767441860465116)",1,94.23255813953487,48806
"(0.6046511627906976, 0.9534883720930232)",1,94.23255813953485,48807
"(0.7906976744186046, 0.9651162790697676)",1,94.23255813953485,48808
"(0.8372093023255814, 0.9767441860465116)",1,94.23255813953482,48809
"(0.7674418604651163, 0.9767441860465116)",1,94.2325581395348,48810
"(0.8023255813953488, 0.9534883720930232)",1,94.23255813953476,48811
"(0.686046511627907, 0.9534883720930232)",1,94.23255813953476,48812
"(0.5581395348837209, 0.9534883720930232)",1,94.23255813953476,48813
"(0.8488372093023255, 0.9651162790697676)",1,94.23255813953476,48814
"(0.8023255813953488, 0.9418604651162792)",1,94.23255813953472,48815
"(0.8604651162790697, 0.9534883720930232)",1,94.23255813953472,48816
"(0.872093023255814, 0.9418604651162792)",1,94.23255813953472,48817
"(0.5116279069767442, 0.9651162790697676)",1,94.23255813953472,48818
"(0.8255813953488372, 0.9534883720930232)",1,94.23255813953472,48819
"(0.9069767441860463, 0.9534883720930232)",1,94.2325581395347,48820
"(0.6046511627906976, 0.9651162790697676)",1,94.2325581395347,48821
"(0.925, 0.95)",1,94.23250000000016,48822
"(0.8625, 0.95)",1,94.2325000000001,48823
"(0.9075, 0.9475)",1,94.23250000000006,48824
"(0.955, 0.9525)",1,94.23250000000002,48825
"(0.9125, 0.9525)",1,94.23250000000002,48826
"(0.8, 0.9475)",1,94.23250000000002,48827
"(0.8525, 0.955)",3,94.23249999999996,48830
"(0.9275, 0.9425)",1,94.23249999999992,48831
"(0.8333333333333334, 0.9692982456140352)",1,94.23245614035103,48832
"(0.8289473684210527, 0.9649122807017544)",3,94.23245614035092,48835
"(0.4956140350877193, 0.9605263157894736)",1,94.23245614035092,48836
"(0.5043859649122807, 0.9473684210526316)",1,94.2324561403509,48837
"(0.9166666666666666, 0.9649122807017544)",1,94.23245614035088,48838
"(0.8552631578947368, 0.9473684210526316)",2,94.23245614035088,48840
"(0.868421052631579, 0.9517543859649122)",1,94.23245614035088,48841
"(0.925, 0.9678571428571427)",1,94.23214285714288,48842
"(0.95, 0.9535714285714286)",1,94.23214285714286,48843
"(0.8857142857142857, 0.9607142857142856)",2,94.23214285714285,48845
"(0.8535714285714285, 0.9714285714285714)",1,94.23214285714285,48846
"(0.925, 0.9642857142857144)",3,94.23214285714278,48849
"(0.9571428571428572, 0.9428571428571428)",1,94.23214285714272,48850
"(0.8142857142857143, 0.9607142857142856)",1,94.23214285714272,48851
"(0.9354729729729728, 0.9675675675675676)",1,94.23108108108104,48852
"(0.7622727272727273, 0.9922727272727272)",2,94.23090909090902,48854
"(0.5679054054054054, 0.9679054054054054)",1,94.23040540540536,48855
"(0.895, 0.9475)",1,94.2300000000001,48856
"(0.8225, 0.9475)",2,94.23000000000005,48858
"(0.8125, 0.9525)",1,94.23,48859
"(0.9425, 0.9525)",1,94.22999999999996,48860
"(0.9458333333333332, 0.9541666666666668)",1,94.22916666666666,48861
"(0.7712837837837838, 0.9692567567567568)",1,94.22905405405405,48862
"(0.445, 0.9775)",1,94.22875000000003,48863
"(0.7283783783783784, 0.9689189189189188)",1,94.22871621621624,48864
"(0.8821428571428571, 0.9607142857142856)",3,94.22857142857156,48867
"(0.8607142857142858, 0.9571428571428572)",1,94.2285714285714,48868
"(0.9, 0.9571428571428572)",1,94.2285714285714,48869
"(0.9535714285714286, 0.9428571428571428)",1,94.2285714285714,48870
"(0.9392857142857144, 0.9535714285714286)",1,94.22857142857134,48871
"(0.847972972972973, 0.9652027027027028)",1,94.22837837837838,48872
"(0.6578947368421053, 0.9692982456140352)",4,94.22807017543876,48876
"(0.9078947368421052, 0.9517543859649122)",1,94.22807017543866,48877
"(0.8245614035087719, 0.9517543859649122)",1,94.22807017543866,48878
"(0.4517543859649123, 0.9692982456140352)",1,94.22807017543862,48879
"(0.8552631578947368, 0.9649122807017544)",1,94.2280701754386,48880
"(0.706140350877193, 0.9605263157894736)",1,94.2280701754386,48881
"(0.8070175438596491, 0.9473684210526316)",1,94.2280701754386,48882
"(0.581081081081081, 0.9682432432432432)",4,94.22770270270264,48886
"(0.8625, 0.9425)",1,94.22750000000008,48887
"(0.8325, 0.945)",1,94.2275,48888
"(0.83, 0.955)",6,94.2275,48894
"(0.8775, 0.9525)",1,94.2275,48895
"(0.945, 0.9375)",1,94.22749999999998,48896
"(0.5325, 0.975)",1,94.22749999999988,48897
"(0.9131756756756756, 0.9510135135135136)",1,94.227027027027,48898
"(0.7622727272727273, 0.973181818181818)",1,94.22590909090904,48899
"(0.5320945945945946, 0.966554054054054)",1,94.22567567567572,48900
"(0.825, 0.95)",2,94.22500000000018,48902
"(0.925, 0.95)",2,94.22500000000018,48904
"(0.8125, 0.95)",1,94.22500000000016,48905
"(0.7625, 0.95)",1,94.22500000000016,48906
"(0.85, 0.95)",1,94.22500000000016,48907
"(0.9, 0.95)",1,94.22500000000014,48908
"(0.9125, 0.95)",1,94.22500000000014,48909
"(0.75, 0.95)",1,94.2250000000001,48910
"(0.85, 0.925)",1,94.2250000000001,48911
"(0.8375, 0.9375)",2,94.2250000000001,48913
"(0.85, 0.9625)",1,94.22500000000008,48914
"(0.8375, 0.9625)",1,94.22500000000008,48915
"(0.8375, 0.95)",1,94.22500000000004,48916
"(0.7775, 0.9475)",1,94.22500000000004,48917
"(0.94, 0.95)",1,94.225,48918
"(0.85, 0.975)",1,94.225,48919
"(0.9833333333333332, 0.975)",1,94.225,48920
"(0.93, 0.9475)",1,94.225,48921
"(0.9075, 0.9575)",2,94.225,48923
"(0.9875, 0.9625)",1,94.225,48924
"(0.9575, 0.945)",1,94.22499999999998,48925
"(0.955, 0.9375)",1,94.22499999999997,48926
"(0.945, 0.945)",2,94.22499999999997,48928
"(0.8964285714285715, 0.9571428571428572)",1,94.22499999999997,48929
"(0.9642857142857144, 0.9571428571428572)",1,94.22499999999997,48930
"(0.9607142857142856, 0.9535714285714286)",1,94.22499999999997,48931
"(0.9607142857142856, 0.9357142857142856)",1,94.22499999999994,48932
"(0.955, 0.9475)",1,94.22499999999994,48933
"(0.93, 0.9425)",1,94.22499999999992,48934
"(0.6929824561403509, 0.956140350877193)",1,94.22368421052636,48935
"(0.8771929824561403, 0.9605263157894736)",1,94.22368421052636,48936
"(0.881578947368421, 0.9605263157894736)",2,94.22368421052632,48938
"(0.8421052631578947, 0.9605263157894736)",1,94.22368421052629,48939
"(0.7368181818181818, 0.9881818181818182)",1,94.22363636363636,48940
"(0.4753787878787879, 0.9954545454545456)",2,94.22272727272735,48942
"(0.5325, 0.97)",1,94.2225,48943
"(0.89, 0.95)",1,94.22249999999998,48944
"(0.6775, 0.955)",1,94.22249999999995,48945
"(0.5472972972972973, 0.9614864864864864)",1,94.2222972972973,48946
"(0.875, 0.9444444444444444)",1,94.22222222222234,48947
"(0.625, 0.9583333333333334)",1,94.22222222222234,48948
"(0.875, 0.9722222222222222)",1,94.22222222222234,48949
"(0.9166666666666666, 0.9722222222222222)",1,94.22222222222234,48950
"(0.8194444444444444, 0.9861111111111112)",1,94.22222222222231,48951
"(0.875, 1.0)",1,94.2222222222223,48952
"(0.8472222222222222, 0.9722222222222222)",1,94.22222222222229,48953
"(0.9444444444444444, 1.0)",2,94.2222222222222,48955
"(0.8472222222222222, 0.9861111111111112)",1,94.2222222222222,48956
"(0.7777777777777778, 0.9444444444444444)",1,94.2222222222222,48957
"(0.9583333333333334, 1.0)",2,94.2222222222222,48959
"(0.8472222222222222, 0.9444444444444444)",1,94.22222222222216,48960
"(0.8194444444444444, 0.9444444444444444)",2,94.22222222222214,48962
"(0.8892857142857142, 0.9392857142857144)",1,94.22142857142856,48963
"(0.9642857142857144, 0.9571428571428572)",1,94.22142857142856,48964
"(0.8571428571428571, 0.9571428571428572)",1,94.22142857142856,48965
"(0.9035714285714286, 0.9607142857142856)",1,94.22142857142852,48966
"(0.9535714285714286, 0.9678571428571427)",2,94.22142857142852,48968
"(0.95, 0.95)",1,94.2214285714285,48969
"(0.9, 0.9464285714285714)",1,94.22142857142848,48970
"(0.9607142857142856, 0.9571428571428572)",1,94.22142857142846,48971
"(0.9357142857142856, 0.9428571428571428)",1,94.2214285714284,48972
"(0.63125, 0.93125)",1,94.22125000000004,48973
"(0.9186046511627908, 0.9883720930232558)",1,94.22093023255826,48974
"(0.8372093023255814, 0.9534883720930232)",1,94.22093023255822,48975
"(0.7906976744186046, 0.9767441860465116)",1,94.22093023255816,48976
"(0.627906976744186, 0.9651162790697676)",2,94.2209302325581,48978
"(0.3604651162790697, 0.9534883720930232)",1,94.22093023255808,48979
"(0.4534883720930232, 0.9651162790697676)",1,94.22093023255808,48980
"(0.5465116279069767, 0.9767441860465116)",1,94.22093023255806,48981
"(0.9418604651162792, 0.9418604651162792)",1,94.22093023255806,48982
"(0.8604651162790697, 0.9534883720930232)",1,94.22093023255805,48983
"(0.8604651162790697, 0.9534883720930232)",1,94.220930232558,48984
"(0.4767441860465116, 0.9651162790697676)",1,94.22093023255798,48985
"(0.5116279069767442, 0.9418604651162792)",1,94.22093023255796,48986
"(0.9302325581395348, 0.9534883720930232)",1,94.22093023255796,48987
"(0.8488372093023255, 0.9651162790697676)",1,94.22093023255796,48988
"(0.8488372093023255, 0.9651162790697676)",2,94.22093023255788,48990
"(0.855, 0.9475)",1,94.22000000000016,48991
"(0.9525, 0.9525)",1,94.22000000000008,48992
"(0.955, 0.9525)",1,94.22000000000004,48993
"(0.7275, 0.955)",1,94.21999999999998,48994
"(0.8175, 0.945)",1,94.21999999999998,48995
"(0.945, 0.9425)",1,94.2199999999999,48996
"(0.7675438596491229, 0.9692982456140352)",3,94.21929824561413,48999
"(0.8157894736842105, 0.9605263157894736)",1,94.21929824561413,49000
"(0.9429824561403508, 0.9780701754385964)",1,94.21929824561413,49001
"(0.8201754385964912, 0.9692982456140352)",1,94.2192982456141,49002
"(0.8201754385964912, 0.956140350877193)",1,94.21929824561408,49003
"(0.7543859649122807, 0.9473684210526316)",1,94.21929824561404,49004
"(0.8947368421052632, 0.9517543859649122)",1,94.21929824561404,49005
"(0.8421052631578947, 0.9517543859649122)",1,94.21929824561404,49006
"(0.8461538461538461, 1.0)",1,94.21794871794876,49007
"(0.8392857142857143, 0.9607142857142856)",3,94.21785714285733,49010
"(0.9142857142857144, 0.9357142857142856)",1,94.21785714285718,49011
"(0.825, 0.95)",2,94.2178571428571,49013
"(0.9678571428571427, 0.9678571428571427)",1,94.21785714285708,49014
"(0.9107142857142856, 0.9428571428571428)",1,94.21785714285708,49015
"(0.9535714285714286, 0.95)",1,94.21785714285706,49016
"(0.8821428571428571, 0.9571428571428572)",1,94.217857142857,49017
"(0.8821428571428571, 0.9571428571428572)",1,94.217857142857,49018
"(0.484469696969697, 0.9973484848484848)",3,94.21780303030307,49021
"(0.8575, 0.9475)",2,94.21750000000004,49023
"(0.9075, 0.9525)",3,94.21750000000002,49026
"(0.7325, 0.955)",1,94.21749999999996,49027
"(0.2935606060606061, 0.999621212121212)",1,94.21742424242429,49028
"(0.7875, 0.9662162162162162)",4,94.21722972972972,49032
"(0.9333333333333332, 0.9833333333333332)",1,94.21666666666675,49033
"(0.5056818181818182, 0.999621212121212)",3,94.21666666666673,49036
"(0.9166666666666666, 0.9833333333333332)",1,94.21666666666673,49037
"(0.9333333333333332, 1.0)",1,94.21666666666668,49038
"(0.9833333333333332, 1.0)",2,94.21666666666668,49040
"(0.8773648648648649, 0.975)",2,94.2158783783784,49042
"(0.8075, 0.9475)",1,94.21500000000016,49043
"(0.915, 0.9475)",1,94.21500000000007,49044
"(0.9075, 0.95)",1,94.21500000000005,49045
"(0.955, 0.9475)",3,94.215,49048
"(0.8825, 0.9425)",1,94.21499999999988,49049
"(0.7149122807017544, 0.9605263157894736)",1,94.2149122807018,49050
"(0.8640350877192983, 0.9692982456140352)",1,94.2149122807018,49051
"(0.6578947368421053, 0.9780701754385964)",1,94.2149122807018,49052
"(0.4174242424242424, 0.9882575757575758)",1,94.21477272727276,49053
"(0.5443181818181818, 0.9950757575757576)",3,94.214393939394,49056
"(0.9607142857142856, 0.9607142857142856)",1,94.21428571428582,49057
"(0.9535714285714286, 0.95)",1,94.2142857142858,49058
"(0.9642857142857144, 0.9392857142857144)",1,94.21428571428577,49059
"(0.8714285714285714, 0.9678571428571427)",1,94.21428571428572,49060
"(0.9214285714285714, 0.9571428571428572)",1,94.2142857142857,49061
"(0.8071428571428572, 0.95)",1,94.21428571428568,49062
"(0.9178571428571428, 0.9464285714285714)",1,94.21428571428568,49063
"(0.9571428571428572, 0.9642857142857144)",1,94.21428571428568,49064
"(0.925, 0.95)",1,94.21250000000018,49065
"(0.9, 0.9375)",1,94.21250000000016,49066
"(0.8875, 0.95)",1,94.21250000000016,49067
"(0.85, 0.95)",1,94.21250000000012,49068
"(0.4875, 0.9725)",1,94.21250000000008,49069
"(0.9, 0.975)",1,94.21250000000008,49070
"(0.8625, 0.95)",1,94.21250000000008,49071
"(0.8375, 0.975)",1,94.21250000000008,49072
"(0.8875, 0.9375)",1,94.21250000000008,49073
"(0.9125, 0.95)",1,94.21250000000006,49074
"(0.85, 0.95)",1,94.21250000000006,49075
"(0.875, 0.95)",1,94.21250000000006,49076
"(0.9833333333333332, 0.9708333333333332)",1,94.21250000000003,49077
"(0.7875, 0.9525)",1,94.21250000000003,49078
"(0.8375, 0.975)",1,94.21250000000003,49079
"(0.8875, 0.9475)",1,94.21250000000002,49080
"(0.9475, 0.9425)",1,94.21249999999996,49081
"(0.735, 0.9475)",1,94.21249999999996,49082
"(0.8702702702702703, 0.9753378378378378)",2,94.21249999999992,49084
"(0.4125, 0.975)",1,94.2124999999999,49085
"(0.9375, 0.955)",2,94.2124999999999,49087
"(0.8125, 0.935)",1,94.21249999999988,49088
"(0.7543918918918919, 0.9641891891891892)",1,94.21182432432434,49089
"(0.8108108108108109, 0.970945945945946)",1,94.2118243243243,49090
"(0.7081818181818181, 0.9918181818181818)",1,94.21181818181807,49091
"(0.5411764705882353, 0.9411764705882352)",1,94.21176470588226,49092
"(0.9647058823529412, 0.9294117647058824)",1,94.21176470588216,49093
"(0.8941176470588236, 0.9294117647058824)",1,94.21176470588216,49094
"(0.7058823529411765, 0.9294117647058824)",1,94.21176470588206,49095
"(0.9135135135135136, 0.9601351351351352)",2,94.21148648648646,49097
"(0.9107142857142856, 0.9571428571428572)",1,94.21071428571425,49098
"(0.8785714285714286, 0.9428571428571428)",1,94.21071428571422,49099
"(0.8928571428571429, 0.9571428571428572)",1,94.21071428571418,49100
"(0.8571428571428571, 0.9428571428571428)",1,94.2107142857141,49101
"(0.881578947368421, 0.9605263157894736)",1,94.21052631578956,49102
"(0.8245614035087719, 0.9736842105263158)",1,94.21052631578952,49103
"(0.8552631578947368, 0.9605263157894736)",3,94.2105263157895,49106
"(0.6403508771929824, 0.9692982456140352)",1,94.21052631578948,49107
"(0.8289473684210527, 0.956140350877193)",2,94.2105263157894,49109
"(0.5155405405405405, 0.9567567567567568)",1,94.21047297297298,49110
"(0.7325, 0.96)",1,94.21000000000004,49111
"(0.8025, 0.96)",4,94.21000000000002,49115
"(0.95, 0.9275)",1,94.21000000000002,49116
"(0.6675, 0.9325)",1,94.20999999999997,49117
"(0.9575, 0.9575)",2,94.20999999999997,49119
"(0.7925, 0.94)",1,94.20999999999994,49120
"(0.8875, 0.955)",1,94.20999999999994,49121
"(0.875, 0.9575)",1,94.20999999999992,49122
"(0.89, 0.945)",1,94.20999999999982,49123
"(0.8837209302325582, 0.9883720930232558)",2,94.20930232558138,49125
"(0.8604651162790697, 0.9418604651162792)",1,94.20930232558132,49126
"(0.5116279069767442, 0.9418604651162792)",1,94.2093023255813,49127
"(0.5116279069767442, 0.9534883720930232)",1,94.20930232558128,49128
"(0.7558139534883721, 0.9534883720930232)",1,94.20930232558123,49129
"(0.8953488372093024, 0.9534883720930232)",1,94.20930232558123,49130
"(0.7790697674418605, 0.9418604651162792)",1,94.20930232558123,49131
"(0.8488372093023255, 0.9534883720930232)",1,94.2093023255812,49132
"(0.7325581395348837, 0.9534883720930232)",1,94.2093023255812,49133
"(0.7558139534883721, 0.9534883720930232)",1,94.20930232558116,49134
"(0.7084459459459459, 0.9702702702702702)",4,94.208445945946,49138
"(0.8611111111111112, 0.9583333333333334)",1,94.20833333333351,49139
"(0.7916666666666666, 0.9722222222222222)",1,94.20833333333351,49140
"(0.8888888888888888, 0.9861111111111112)",2,94.20833333333348,49142
"(0.8611111111111112, 0.9861111111111112)",1,94.20833333333348,49143
"(0.875, 0.9861111111111112)",1,94.20833333333346,49144
"(0.9027777777777778, 0.9861111111111112)",2,94.20833333333344,49146
"(0.8888888888888888, 0.9861111111111112)",1,94.2083333333334,49147
"(0.8611111111111112, 0.9722222222222222)",1,94.2083333333334,49148
"(0.7638888888888888, 1.0)",1,94.2083333333334,49149
"(0.8333333333333334, 0.9722222222222222)",1,94.20833333333336,49150
"(0.7916666666666666, 1.0)",1,94.20833333333334,49151
"(0.8194444444444444, 1.0)",1,94.20833333333331,49152
"(0.8333333333333334, 0.9444444444444444)",1,94.2083333333333,49153
"(0.875, 0.9583333333333334)",1,94.20833333333329,49154
"(0.875, 0.9583333333333334)",1,94.20833333333329,49155
"(0.8194444444444444, 0.9444444444444444)",1,94.20833333333329,49156
"(0.8333333333333334, 0.9305555555555556)",1,94.20833333333324,49157
"(0.8194444444444444, 0.9444444444444444)",3,94.20833333333324,49160
"(0.8780405405405406, 0.9712837837837838)",1,94.20777027027026,49161
"(0.902027027027027, 0.9692567567567568)",2,94.20777027027025,49163
"(0.8725, 0.945)",1,94.20749999999995,49164
"(0.7875, 0.95)",1,94.20749999999995,49165
"(0.8675, 0.9575)",1,94.20749999999992,49166
"(0.545, 0.9425)",1,94.2074999999998,49167
"(0.9607142857142856, 0.9607142857142856)",3,94.2071428571429,49170
"(0.9321428571428572, 0.95)",1,94.2071428571429,49171
"(0.8857142857142857, 0.9464285714285714)",1,94.20714285714284,49172
"(0.9464285714285714, 0.95)",1,94.20714285714284,49173
"(0.9035714285714286, 0.9428571428571428)",1,94.2071428571428,49174
"(0.9142857142857144, 0.9535714285714286)",2,94.20714285714266,49176
"(0.8377192982456141, 0.9649122807017544)",1,94.20614035087726,49177
"(0.9035087719298246, 0.9605263157894736)",1,94.20614035087723,49178
"(0.8552631578947368, 0.9692982456140352)",1,94.20614035087723,49179
"(0.5526315789473685, 0.956140350877193)",3,94.20614035087722,49182
"(0.8026315789473685, 0.9385964912280702)",3,94.2061403508772,49185
"(0.5350877192982456, 0.9736842105263158)",1,94.2061403508772,49186
"(0.8201754385964912, 0.9473684210526316)",1,94.2061403508772,49187
"(0.9166666666666666, 0.956140350877193)",1,94.20614035087718,49188
"(0.8525, 0.95)",1,94.20500000000013,49189
"(0.8225, 0.9475)",2,94.20500000000008,49191
"(0.945, 0.945)",3,94.20499999999996,49194
"(0.8575, 0.9525)",1,94.20499999999994,49195
"(0.9575, 0.94)",1,94.20499999999994,49196
"(0.8475, 0.955)",1,94.20499999999991,49197
"(0.5141891891891892, 0.970945945945946)",4,94.20371621621622,49201
"(0.8392857142857143, 0.9571428571428572)",1,94.2035714285715,49202
"(0.8928571428571429, 0.9642857142857144)",2,94.20357142857142,49204
"(0.9321428571428572, 0.9428571428571428)",2,94.2035714285714,49206
"(0.9535714285714286, 0.9642857142857144)",1,94.20357142857138,49207
"(0.9464285714285714, 0.9535714285714286)",1,94.20357142857132,49208
"(0.7286363636363636, 0.985)",1,94.20272727272732,49209
"(0.9525, 0.94)",1,94.20250000000014,49210
"(0.9175, 0.9525)",1,94.20250000000009,49211
"(0.76, 0.9475)",1,94.20250000000004,49212
"(0.8625, 0.9425)",2,94.2025,49214
"(0.93, 0.94)",1,94.20249999999996,49215
"(0.945, 0.9425)",1,94.20249999999989,49216
"(0.2975, 0.96)",1,94.20249999999989,49217
"(0.9078947368421052, 0.956140350877193)",1,94.20175438596492,49218
"(0.7192982456140351, 0.9649122807017544)",1,94.20175438596492,49219
"(0.7719298245614035, 0.9517543859649122)",1,94.20175438596492,49220
"(0.4956140350877193, 0.9736842105263158)",1,94.20175438596486,49221
"(0.925, 0.95)",1,94.20000000000016,49222
"(0.925, 0.95)",1,94.20000000000016,49223
"(0.8375, 0.95)",2,94.20000000000016,49225
"(0.8875, 0.95)",1,94.20000000000016,49226
"(0.5925, 0.9475)",1,94.20000000000014,49227
"(0.9, 0.95)",1,94.20000000000014,49228
"(0.8125, 0.95)",1,94.20000000000014,49229
"(0.9333333333333332, 0.9833333333333332)",1,94.20000000000012,49230
"(0.825, 0.9625)",1,94.20000000000012,49231
"(0.825, 0.95)",1,94.2000000000001,49232
"(0.925, 0.95)",1,94.2000000000001,49233
"(0.9166666666666666, 0.9833333333333332)",1,94.20000000000007,49234
"(0.875, 0.95)",1,94.20000000000007,49235
"(0.7475, 0.9525)",1,94.20000000000007,49236
"(0.8625, 0.95)",1,94.20000000000007,49237
"(0.85, 0.95)",1,94.20000000000007,49238
"(0.8825, 0.9475)",2,94.20000000000006,49240
"(0.915, 0.95)",3,94.20000000000005,49243
"(0.8928571428571429, 0.95)",2,94.20000000000005,49245
"(1.0, 1.0)",1,94.20000000000005,49246
"(0.9916666666666668, 0.7791666666666667)",1,94.20000000000002,49247
"(0.9666666666666668, 1.0)",1,94.2,49248
"(0.7529411764705882, 0.9176470588235294)",1,94.19999999999996,49249
"(0.945, 0.935)",1,94.19999999999996,49250
"(0.9785714285714284, 0.9571428571428572)",1,94.19999999999992,49251
"(0.9392857142857144, 0.9535714285714286)",1,94.1999999999999,49252
"(0.9833333333333332, 0.9875)",4,94.1999999999999,49256
"(0.875, 0.975)",2,94.19999999999987,49258
"(0.8527027027027027, 0.9648648648648648)",4,94.19898648648652,49262
"(0.813953488372093, 0.9767441860465116)",1,94.19767441860472,49263
"(0.5813953488372093, 0.9767441860465116)",1,94.19767441860466,49264
"(0.6744186046511628, 0.9651162790697676)",1,94.19767441860463,49265
"(0.8372093023255814, 0.9651162790697676)",1,94.19767441860458,49266
"(0.8604651162790697, 0.9534883720930232)",1,94.19767441860456,49267
"(0.7790697674418605, 0.9534883720930232)",1,94.19767441860456,49268
"(0.8255813953488372, 0.9651162790697676)",1,94.1976744186045,49269
"(0.8837209302325582, 0.9534883720930232)",1,94.19767441860448,49270
"(0.9186046511627908, 0.9534883720930232)",1,94.19767441860446,49271
"(0.45125, 0.965)",1,94.19750000000016,49272
"(0.85, 0.945)",2,94.19750000000003,49274
"(0.945, 0.955)",1,94.19750000000003,49275
"(0.8875, 0.95)",1,94.19750000000003,49276
"(0.9625, 0.9375)",1,94.19750000000002,49277
"(0.8425, 0.9475)",2,94.19750000000002,49279
"(0.84, 0.945)",2,94.1975,49281
"(0.8625, 0.94)",1,94.19749999999996,49282
"(0.7925, 0.96)",1,94.1974999999999,49283
"(0.845, 0.9575)",1,94.1974999999999,49284
"(0.6475, 0.9575)",3,94.19749999999988,49287
"(0.8575, 0.9475)",1,94.19749999999986,49288
"(0.7149122807017544, 0.9692982456140352)",1,94.19736842105272,49289
"(0.8552631578947368, 0.9473684210526316)",1,94.19736842105269,49290
"(0.8596491228070176, 0.9649122807017544)",1,94.19736842105266,49291
"(0.8903508771929824, 0.9692982456140352)",1,94.19736842105264,49292
"(0.706140350877193, 0.956140350877193)",1,94.19736842105264,49293
"(0.9298245614035088, 0.9517543859649122)",1,94.19736842105256,49294
"(0.9642857142857144, 0.95)",1,94.19642857142864,49295
"(0.9392857142857144, 0.9535714285714286)",1,94.1964285714286,49296
"(0.9142857142857144, 0.9642857142857144)",1,94.1964285714286,49297
"(0.9178571428571428, 0.9535714285714286)",1,94.19642857142853,49298
"(0.9464285714285714, 0.9464285714285714)",1,94.19642857142853,49299
"(0.8964285714285715, 0.9535714285714286)",1,94.19642857142848,49300
"(0.935, 0.9475)",4,94.19500000000004,49304
"(0.77, 0.945)",2,94.19500000000004,49306
"(0.9375, 0.94)",1,94.19499999999992,49307
"(0.7222222222222222, 0.9722222222222222)",1,94.1944444444446,49308
"(0.9027777777777778, 0.9861111111111112)",1,94.1944444444446,49309
"(0.9166666666666666, 0.9583333333333334)",1,94.19444444444458,49310
"(0.9166666666666666, 0.9861111111111112)",1,94.19444444444458,49311
"(0.5277777777777778, 0.9583333333333334)",1,94.19444444444456,49312
"(0.8611111111111112, 0.9861111111111112)",1,94.19444444444456,49313
"(0.7916666666666666, 0.9861111111111112)",1,94.19444444444456,49314
"(0.8611111111111112, 0.9583333333333334)",1,94.19444444444456,49315
"(0.8472222222222222, 1.0)",1,94.19444444444451,49316
"(0.8888888888888888, 0.9861111111111112)",1,94.19444444444449,49317
"(0.8333333333333334, 0.9444444444444444)",1,94.19444444444444,49318
"(0.875, 0.9583333333333334)",1,94.1944444444444,49319
"(0.8611111111111112, 0.9583333333333334)",1,94.19444444444436,49320
"(0.8449324324324324, 0.9682432432432432)",1,94.19391891891892,49321
"(0.7719298245614035, 0.9605263157894736)",1,94.19298245614048,49322
"(0.912280701754386, 0.9692982456140352)",1,94.19298245614048,49323
"(0.7105263157894737, 0.9692982456140352)",1,94.1929824561404,49324
"(0.8859649122807017, 0.956140350877193)",1,94.19298245614036,49325
"(0.8728070175438597, 0.9342105263157896)",2,94.19298245614036,49327
"(0.7456140350877193, 0.9605263157894736)",1,94.19298245614031,49328
"(0.8333333333333334, 0.9649122807017544)",1,94.19298245614029,49329
"(0.4285714285714285, 0.9785714285714284)",1,94.19285714285708,49330
"(0.95, 0.9464285714285714)",1,94.19285714285706,49331
"(0.9392857142857144, 0.9535714285714286)",3,94.19285714285697,49334
"(0.6475, 0.945)",1,94.19250000000014,49335
"(0.69, 0.95)",1,94.19250000000004,49336
"(0.52125, 0.99375)",1,94.19250000000004,49337
"(0.945, 0.95)",2,94.19250000000004,49339
"(0.935, 0.9575)",2,94.19249999999997,49341
"(0.9275, 0.945)",2,94.19249999999997,49343
"(0.5034090909090909, 0.9867424242424242)",1,94.19242424242422,49344
"(0.8205128205128205, 0.9743589743589745)",3,94.19230769230776,49347
"(0.8205128205128205, 0.9871794871794872)",3,94.19230769230772,49350
"(0.9916666666666668, 0.9916666666666668)",1,94.19166666666662,49351
"(0.975, 0.9791666666666666)",1,94.1916666666666,49352
"(0.7327702702702703, 0.9689189189189188)",1,94.19054054054052,49353
"(0.4356060606060606, 0.9946969696969696)",1,94.19015151515156,49354
"(0.8825, 0.9475)",1,94.19000000000008,49355
"(0.8225, 0.9475)",3,94.19000000000008,49358
"(0.94, 0.955)",2,94.19000000000004,49360
"(0.935, 0.9675)",1,94.19,49361
"(0.845, 0.955)",1,94.18999999999998,49362
"(0.48375, 0.97)",1,94.18999999999998,49363
"(0.895, 0.945)",1,94.18999999999996,49364
"(0.815, 0.9575)",3,94.18999999999993,49367
"(0.8571428571428571, 0.9607142857142856)",3,94.18928571428584,49370
"(0.8928571428571429, 0.9428571428571428)",1,94.18928571428572,49371
"(0.9428571428571428, 0.9357142857142856)",1,94.18928571428567,49372
"(0.9, 0.9571428571428572)",2,94.18928571428567,49374
"(0.9321428571428572, 0.9535714285714286)",1,94.1892857142856,49375
"(0.8070175438596491, 0.9517543859649122)",3,94.18859649122814,49378
"(0.868421052631579, 0.9649122807017544)",1,94.18859649122813,49379
"(0.9429824561403508, 0.956140350877193)",2,94.1885964912281,49381
"(0.8114035087719298, 0.9649122807017544)",1,94.1885964912281,49382
"(0.4956140350877193, 0.9736842105263158)",1,94.18859649122808,49383
"(0.8552631578947368, 0.9473684210526316)",1,94.18859649122808,49384
"(0.7456140350877193, 0.9649122807017544)",1,94.18859649122804,49385
"(0.735472972972973, 0.9719594594594596)",1,94.1885135135135,49386
"(0.4823529411764706, 0.9529411764705882)",1,94.18823529411746,49387
"(0.5337837837837838, 0.9658783783783784)",1,94.1881756756757,49388
"(0.9037162162162162, 0.964527027027027)",1,94.18783783783788,49389
"(0.8875, 0.95)",1,94.18750000000018,49390
"(0.85, 0.95)",1,94.18750000000016,49391
"(0.75, 0.95)",1,94.18750000000016,49392
"(0.8125, 0.95)",1,94.18750000000014,49393
"(0.825, 0.95)",1,94.18750000000011,49394
"(0.8125, 0.95)",1,94.18750000000011,49395
"(0.8375, 0.9625)",1,94.18750000000011,49396
"(0.875, 0.925)",1,94.18750000000011,49397
"(0.8375, 0.95)",1,94.18750000000011,49398
"(0.905, 0.9475)",1,94.1875000000001,49399
"(0.7575, 0.95)",1,94.1875000000001,49400
"(0.925, 0.95)",1,94.18750000000009,49401
"(0.6875, 0.95)",1,94.18750000000006,49402
"(0.895, 0.95)",4,94.18750000000004,49406
"(0.5939189189189189, 0.9635135135135136)",1,94.1875,49407
"(0.905, 0.9525)",1,94.1875,49408
"(0.8575, 0.95)",2,94.18749999999996,49410
"(0.9125, 0.955)",1,94.18749999999996,49411
"(0.7875, 0.975)",1,94.18749999999996,49412
"(0.8625, 0.96)",1,94.18749999999994,49413
"(0.875, 0.975)",1,94.18749999999994,49414
"(0.7375, 0.9525)",1,94.18749999999994,49415
"(0.9625, 0.975)",1,94.1874999999999,49416
"(0.93, 0.9575)",5,94.18749999999989,49421
"(0.8525, 0.9425)",1,94.18749999999984,49422
"(0.7875, 0.996969696969697)",1,94.18712121212124,49423
"(0.8255813953488372, 0.9767441860465116)",1,94.18604651162802,49424
"(0.7790697674418605, 0.9767441860465116)",2,94.186046511628,49426
"(0.8023255813953488, 0.9651162790697676)",1,94.186046511628,49427
"(0.872093023255814, 0.9767441860465116)",1,94.186046511628,49428
"(0.4883720930232558, 0.9883720930232558)",1,94.18604651162792,49429
"(0.8953488372093024, 0.9651162790697676)",1,94.18604651162784,49430
"(0.6976744186046512, 0.9302325581395348)",1,94.1860465116278,49431
"(0.8023255813953488, 0.9651162790697676)",1,94.1860465116278,49432
"(0.8604651162790697, 0.9651162790697676)",1,94.18604651162777,49433
"(0.8604651162790697, 0.9651162790697676)",1,94.18604651162774,49434
"(0.7558139534883721, 0.9534883720930232)",1,94.18604651162774,49435
"(0.7558139534883721, 0.9534883720930232)",1,94.18604651162772,49436
"(0.4579545454545454, 0.9958333333333332)",3,94.1859848484849,49439
"(0.9392857142857144, 0.9642857142857144)",1,94.18571428571428,49440
"(0.9428571428571428, 0.9571428571428572)",1,94.18571428571424,49441
"(0.8175, 0.955)",1,94.18499999999996,49442
"(0.7105263157894737, 0.9736842105263158)",1,94.18421052631584,49443
"(0.8596491228070176, 0.9736842105263158)",1,94.18421052631584,49444
"(0.7631578947368421, 0.9605263157894736)",1,94.18421052631582,49445
"(0.4692982456140351, 0.9473684210526316)",1,94.1842105263158,49446
"(0.8552631578947368, 0.956140350877193)",1,94.18421052631577,49447
"(0.7429054054054054, 0.970945945945946)",1,94.18412162162164,49448
"(0.8166666666666667, 0.9833333333333332)",1,94.1833333333334,49449
"(0.9333333333333332, 0.9833333333333332)",1,94.1833333333334,49450
"(0.9, 1.0)",1,94.18333333333338,49451
"(0.7833333333333333, 1.0)",1,94.18333333333337,49452
"(1.0, 1.0)",1,94.18333333333337,49453
"(0.7, 1.0)",1,94.18333333333334,49454
"(0.8166666666666667, 1.0)",1,94.18333333333334,49455
"(0.4079545454545454, 0.9984848484848484)",1,94.1825757575758,49456
"(0.7875, 0.95)",1,94.18250000000012,49457
"(0.83, 0.95)",1,94.18250000000003,49458
"(0.915, 0.9525)",1,94.18250000000003,49459
"(0.89, 0.9425)",1,94.18250000000003,49460
"(0.53, 0.9475)",3,94.18250000000003,49463
"(0.925, 0.95)",2,94.18249999999992,49465
"(0.9464285714285714, 0.9607142857142856)",1,94.18214285714284,49466
"(0.9107142857142856, 0.95)",1,94.18214285714282,49467
"(0.9178571428571428, 0.9571428571428572)",6,94.18214285714282,49473
"(0.8607142857142858, 0.9571428571428572)",1,94.18214285714282,49474
"(0.8892857142857142, 0.9607142857142856)",3,94.1821428571428,49477
"(0.9571428571428572, 0.9571428571428572)",1,94.1821428571428,49478
"(0.8007575757575758, 0.9962121212121212)",1,94.18143939393948,49479
"(0.5925675675675676, 0.9662162162162162)",1,94.18141891891894,49480
"(0.7425675675675676, 0.9641891891891892)",1,94.18074324324331,49481
"(0.518581081081081, 0.9716216216216216)",4,94.18074324324328,49485
"(0.8055555555555556, 0.9861111111111112)",1,94.18055555555574,49486
"(0.7222222222222222, 0.9722222222222222)",1,94.18055555555574,49487
"(0.8472222222222222, 0.9861111111111112)",1,94.18055555555574,49488
"(0.625, 0.9861111111111112)",1,94.18055555555571,49489
"(0.6944444444444444, 0.9722222222222222)",2,94.1805555555557,49491
"(0.8472222222222222, 0.9722222222222222)",1,94.1805555555557,49492
"(0.7638888888888888, 0.9722222222222222)",1,94.18055555555569,49493
"(0.6805555555555556, 0.9861111111111112)",2,94.18055555555569,49495
"(0.8888888888888888, 0.9861111111111112)",1,94.18055555555564,49496
"(0.8333333333333334, 0.9861111111111112)",2,94.18055555555564,49498
"(0.9305555555555556, 1.0)",1,94.1805555555556,49499
"(0.8472222222222222, 1.0)",1,94.18055555555556,49500
"(0.9583333333333334, 1.0)",2,94.18055555555556,49502
"(0.8611111111111112, 1.0)",2,94.18055555555554,49504
"(0.8611111111111112, 0.9583333333333334)",1,94.18055555555551,49505
"(0.8194444444444444, 0.9722222222222222)",1,94.18055555555551,49506
"(0.8333333333333334, 0.9583333333333334)",1,94.18055555555551,49507
"(0.8055555555555556, 0.9583333333333334)",1,94.18055555555549,49508
"(0.8055555555555556, 0.9305555555555556)",1,94.18055555555549,49509
"(0.8611111111111112, 0.9444444444444444)",1,94.18055555555546,49510
"(0.8510135135135135, 0.9672297297297298)",4,94.18006756756752,49514
"(0.9575, 0.95)",2,94.1800000000001,49516
"(0.795, 0.95)",1,94.1800000000001,49517
"(0.945, 0.955)",2,94.18000000000002,49519
"(0.925, 0.955)",1,94.18000000000002,49520
"(0.93, 0.9525)",1,94.18,49521
"(0.9175, 0.9475)",2,94.18,49523
"(0.9275, 0.9525)",3,94.17999999999996,49526
"(0.895, 0.9475)",1,94.17999999999996,49527
"(0.7763157894736842, 0.9692982456140352)",1,94.17982456140363,49528
"(0.8640350877192983, 0.9429824561403508)",1,94.17982456140356,49529
"(0.5877192982456141, 0.956140350877193)",3,94.17982456140354,49532
"(0.868421052631579, 0.956140350877193)",1,94.17982456140352,49533
"(0.8552631578947368, 0.9517543859649122)",1,94.17982456140352,49534
"(0.8157894736842105, 0.956140350877193)",1,94.1798245614035,49535
"(0.8552631578947368, 0.9429824561403508)",1,94.1798245614035,49536
"(0.7894736842105263, 0.9736842105263158)",1,94.17982456140348,49537
"(0.7543859649122807, 0.9473684210526316)",1,94.17982456140348,49538
"(0.9666666666666668, 0.95)",2,94.17916666666676,49540
"(0.9708333333333332, 0.9875)",1,94.17916666666667,49541
"(0.95, 0.975)",1,94.17916666666665,49542
"(0.8571428571428571, 0.9607142857142856)",2,94.17857142857156,49544
"(0.925, 0.9678571428571427)",1,94.17857142857144,49545
"(0.9428571428571428, 0.95)",1,94.17857142857144,49546
"(0.9428571428571428, 0.9535714285714286)",1,94.17857142857144,49547
"(0.9392857142857144, 0.9571428571428572)",3,94.1785714285714,49550
"(0.9535714285714286, 0.9535714285714286)",1,94.1785714285714,49551
"(0.8464285714285714, 0.9428571428571428)",1,94.17857142857125,49552
"(0.835, 0.9525)",1,94.1775000000001,49553
"(0.8975, 0.95)",1,94.17750000000008,49554
"(0.815, 0.95)",1,94.17750000000004,49555
"(0.7675, 0.95)",1,94.17750000000004,49556
"(0.93, 0.9475)",1,94.17750000000004,49557
"(0.8225, 0.9475)",1,94.17750000000004,49558
"(0.8575, 0.955)",1,94.17750000000002,49559
"(0.925, 0.955)",1,94.17749999999992,49560
"(0.8425, 0.96)",3,94.17749999999988,49563
"(0.8216216216216217, 0.9648648648648648)",3,94.17736486486488,49566
"(0.7386363636363636, 0.9904545454545456)",1,94.17727272727262,49567
"(0.8552631578947368, 0.9736842105263158)",1,94.17543859649132,49568
"(0.5921052631578947, 0.9780701754385964)",1,94.17543859649128,49569
"(0.4692982456140351, 0.9517543859649122)",3,94.17543859649126,49572
"(0.6885964912280702, 0.9692982456140352)",8,94.17543859649123,49580
"(0.8552631578947368, 0.9692982456140352)",1,94.17543859649122,49581
"(0.881578947368421, 0.956140350877193)",3,94.17543859649116,49584
"(0.7675438596491229, 0.956140350877193)",1,94.17543859649116,49585
"(0.925, 0.95)",1,94.17500000000018,49586
"(0.8, 0.95)",1,94.17500000000015,49587
"(0.9375, 0.95)",1,94.17500000000015,49588
"(0.8375, 0.95)",1,94.17500000000014,49589
"(0.7875, 0.95)",1,94.17500000000014,49590
"(0.8375, 0.9625)",2,94.17500000000013,49592
"(0.8425, 0.95)",1,94.17500000000004,49593
"(0.925, 0.9625)",1,94.17500000000004,49594
"(0.8178571428571428, 0.9535714285714286)",1,94.17500000000004,49595
"(0.9525, 0.9475)",2,94.17500000000004,49597
"(0.925, 0.9625)",1,94.175,49598
"(0.8928571428571429, 0.9428571428571428)",1,94.175,49599
"(0.9375, 0.9475)",1,94.175,49600
"(0.9392857142857144, 0.9571428571428572)",1,94.17499999999995,49601
"(0.9375, 0.975)",1,94.17499999999995,49602
"(0.8275, 0.955)",1,94.17499999999995,49603
"(0.8535714285714285, 0.9535714285714286)",1,94.17499999999995,49604
"(0.9428571428571428, 0.9535714285714286)",1,94.17499999999995,49605
"(0.8392857142857143, 0.9607142857142856)",2,94.17499999999995,49607
"(0.8928571428571429, 0.95)",1,94.17499999999994,49608
"(0.8975, 0.9425)",2,94.17499999999994,49610
"(0.9175, 0.9575)",1,94.17499999999993,49611
"(0.95, 0.945)",1,94.17499999999993,49612
"(0.8324324324324325, 0.9682432432432432)",2,94.17499999999993,49614
"(0.7825, 0.9575)",3,94.17499999999988,49617
"(0.8625, 0.975)",1,94.17499999999988,49618
"(0.8825, 0.9425)",1,94.17499999999986,49619
"(0.8875, 0.975)",1,94.17499999999986,49620
"(0.95, 0.9535714285714286)",1,94.1749999999998,49621
"(0.9, 0.9535714285714286)",3,94.17499999999978,49624
"(0.8837209302325582, 0.9767441860465116)",1,94.1744186046513,49625
"(0.8488372093023255, 0.9651162790697676)",1,94.17441860465117,49626
"(0.6511627906976745, 0.9767441860465116)",1,94.17441860465112,49627
"(0.8604651162790697, 0.9651162790697676)",1,94.17441860465112,49628
"(0.8837209302325582, 0.9534883720930232)",1,94.1744186046511,49629
"(0.9069767441860463, 0.9418604651162792)",1,94.17441860465108,49630
"(0.6744186046511628, 0.9534883720930232)",1,94.17441860465104,49631
"(0.8372093023255814, 0.9418604651162792)",1,94.17441860465102,49632
"(0.8604651162790697, 0.9534883720930232)",1,94.17441860465102,49633
"(0.872093023255814, 0.9651162790697676)",1,94.17441860465098,49634
"(0.8953488372093024, 0.9651162790697676)",1,94.17441860465094,49635
"(0.8837209302325582, 0.9651162790697676)",1,94.17441860465092,49636
"(0.5496212121212121, 0.9984848484848484)",1,94.17348484848492,49637
"(0.5074324324324324, 0.9689189189189188)",1,94.17263513513517,49638
"(0.8125, 0.9475)",1,94.17250000000008,49639
"(0.9475, 0.9525)",4,94.1725,49643
"(0.9525, 0.94)",1,94.17249999999996,49644
"(0.84, 0.9575)",1,94.17249999999991,49645
"(0.865, 0.96)",1,94.1724999999999,49646
"(0.8571428571428571, 0.9607142857142856)",3,94.17142857142868,49649
"(0.95, 0.9535714285714286)",1,94.1714285714286,49650
"(0.9464285714285714, 0.9464285714285714)",1,94.1714285714286,49651
"(0.9392857142857144, 0.9607142857142856)",1,94.17142857142856,49652
"(0.9714285714285714, 0.9678571428571427)",2,94.17142857142852,49654
"(0.8142857142857143, 0.9678571428571427)",2,94.17142857142852,49656
"(0.8607142857142858, 0.9571428571428572)",1,94.17142857142844,49657
"(0.56875, 0.98125)",1,94.17125,49658
"(0.868421052631579, 0.9649122807017544)",1,94.171052631579,49659
"(0.7719298245614035, 0.9912280701754386)",1,94.171052631579,49660
"(0.9166666666666666, 0.9692982456140352)",3,94.17105263157896,49663
"(0.5701754385964912, 0.9473684210526316)",2,94.17105263157896,49665
"(0.7894736842105263, 0.9692982456140352)",1,94.17105263157896,49666
"(0.8771929824561403, 0.9517543859649122)",1,94.17105263157892,49667
"(0.881578947368421, 0.9780701754385964)",1,94.17105263157892,49668
"(0.9078947368421052, 0.9824561403508772)",1,94.17105263157892,49669
"(0.9166666666666666, 0.9605263157894736)",1,94.1710526315789,49670
"(0.8891891891891892, 0.9695945945945946)",1,94.17060810810814,49671
"(0.2477272727272727, 0.993939393939394)",3,94.1700757575758,49674
"(0.905, 0.9625)",1,94.17000000000016,49675
"(0.905, 0.9525)",1,94.17000000000004,49676
"(0.65125, 0.965)",1,94.17000000000002,49677
"(0.895, 0.9475)",1,94.17,49678
"(0.5575, 0.98375)",1,94.17,49679
"(0.96, 0.94)",1,94.16999999999994,49680
"(0.5158783783783784, 0.9679054054054054)",1,94.16891891891896,49681
"(0.5658783783783784, 0.9621621621621622)",1,94.16858108108109,49682
"(0.9142857142857144, 0.95)",1,94.16785714285724,49683
"(0.6863636363636364, 0.9604545454545454)",1,94.16772727272723,49684
"(0.8425, 0.9525)",3,94.16750000000005,49687
"(0.9075, 0.95)",3,94.16749999999998,49690
"(0.94, 0.94)",1,94.16749999999992,49691
"(0.8225, 0.945)",1,94.16749999999986,49692
"(0.6388888888888888, 0.9861111111111112)",1,94.16666666666686,49693
"(0.9027777777777778, 0.9861111111111112)",2,94.16666666666684,49695
"(0.9027777777777778, 0.9861111111111112)",1,94.1666666666668,49696
"(0.625, 1.0)",2,94.16666666666674,49698
"(0.7587719298245614, 0.9517543859649122)",1,94.16666666666674,49699
"(0.7222222222222222, 1.0)",1,94.16666666666671,49700
"(0.9666666666666668, 1.0)",1,94.16666666666671,49701
"(0.8728070175438597, 0.956140350877193)",1,94.16666666666671,49702
"(0.9305555555555556, 1.0)",1,94.16666666666671,49703
"(0.8245614035087719, 0.9605263157894736)",1,94.16666666666671,49704
"(0.868421052631579, 0.9605263157894736)",1,94.16666666666671,49705
"(0.8552631578947368, 0.9517543859649122)",1,94.16666666666671,49706
"(0.7236842105263158, 0.9605263157894736)",1,94.16666666666671,49707
"(0.793859649122807, 0.9605263157894736)",1,94.1666666666667,49708
"(0.7777777777777778, 1.0)",1,94.1666666666667,49709
"(0.6359649122807017, 0.9517543859649122)",1,94.1666666666667,49710
"(0.7166666666666667, 1.0)",1,94.16666666666669,49711
"(0.9444444444444444, 1.0)",2,94.16666666666669,49713
"(0.8991228070175439, 0.956140350877193)",1,94.16666666666669,49714
"(1.0, 1.0)",1,94.16666666666669,49715
"(0.6008771929824561, 0.956140350877193)",1,94.16666666666669,49716
"(0.9027777777777778, 1.0)",1,94.16666666666669,49717
"(0.9166666666666666, 1.0)",2,94.16666666666666,49719
"(0.8472222222222222, 0.9722222222222222)",1,94.16666666666666,49720
"(0.8903508771929824, 0.9473684210526316)",1,94.16666666666666,49721
"(0.8289473684210527, 0.9649122807017544)",1,94.16666666666666,49722
"(0.7361111111111112, 1.0)",2,94.16666666666666,49724
"(0.8472222222222222, 0.9444444444444444)",2,94.16666666666664,49726
"(0.8611111111111112, 0.9305555555555556)",1,94.1666666666666,49727
"(0.8611111111111112, 0.9583333333333334)",1,94.1666666666666,49728
"(0.8333333333333334, 0.9444444444444444)",2,94.1666666666666,49730
"(0.8055555555555556, 0.9444444444444444)",1,94.1666666666666,49731
"(0.8055555555555556, 0.9583333333333334)",1,94.1666666666666,49732
"(0.8888888888888888, 0.9583333333333334)",1,94.1666666666666,49733
"(0.9833333333333332, 0.9916666666666668)",4,94.16666666666656,49737
"(0.8472222222222222, 0.9444444444444444)",1,94.16666666666656,49738
"(0.8611111111111112, 0.9444444444444444)",2,94.16666666666656,49740
"(0.915, 0.95)",3,94.16500000000008,49743
"(0.9275, 0.9475)",1,94.16500000000003,49744
"(0.955, 0.9525)",1,94.165,49745
"(0.7825, 0.9525)",1,94.165,49746
"(0.93, 0.9525)",1,94.16499999999998,49747
"(0.8275, 0.95)",1,94.16499999999996,49748
"(0.925, 0.945)",1,94.16499999999992,49749
"(0.5300675675675676, 0.9692567567567568)",1,94.1648648648649,49750
"(0.9176470588235294, 0.9411764705882352)",1,94.16470588235278,49751
"(0.8285714285714286, 0.9678571428571427)",1,94.16428571428574,49752
"(0.9321428571428572, 0.9464285714285714)",1,94.16428571428573,49753
"(0.875, 0.9571428571428572)",2,94.16428571428568,49755
"(0.8357142857142857, 0.9535714285714286)",1,94.16428571428564,49756
"(0.9, 0.9464285714285714)",1,94.16428571428564,49757
"(0.9, 0.9428571428571428)",1,94.1642857142856,49758
"(0.4204545454545454, 0.9973484848484848)",3,94.1632575757576,49761
"(0.8297297297297297, 0.9719594594594596)",1,94.1631756756757,49762
"(0.4469696969696969, 0.9962121212121212)",1,94.16287878787884,49763
"(0.3484848484848485, 0.9962121212121212)",3,94.16287878787882,49766
"(0.7209302325581395, 0.9767441860465116)",1,94.16279069767457,49767
"(0.7906976744186046, 0.9767441860465116)",2,94.16279069767454,49769
"(0.9186046511627908, 1.0)",1,94.16279069767442,49770
"(0.7441860465116279, 0.9418604651162792)",1,94.16279069767424,49771
"(0.9302325581395348, 0.9651162790697676)",1,94.16279069767424,49772
"(0.8604651162790697, 0.9534883720930232)",1,94.16279069767424,49773
"(0.8023255813953488, 0.9534883720930232)",1,94.16279069767424,49774
"(0.8023255813953488, 0.9534883720930232)",1,94.16279069767424,49775
"(0.9, 0.9625)",1,94.16250000000018,49776
"(0.7375, 0.95)",1,94.16250000000016,49777
"(0.9, 0.95)",1,94.16250000000016,49778
"(0.9, 0.965)",1,94.16250000000012,49779
"(0.805, 0.9475)",1,94.16250000000008,49780
"(0.8375, 0.975)",1,94.16250000000008,49781
"(0.85, 0.95)",1,94.16250000000004,49782
"(0.7125, 0.9625)",1,94.16250000000004,49783
"(0.85, 0.975)",1,94.16250000000002,49784
"(0.8625, 0.9525)",1,94.16250000000002,49785
"(0.8375, 0.9625)",1,94.1625,49786
"(0.9425, 0.955)",1,94.16249999999998,49787
"(0.8375, 0.975)",2,94.16249999999997,49789
"(0.8275, 0.94)",1,94.16249999999992,49790
"(0.7280701754385965, 0.956140350877193)",3,94.16228070175444,49793
"(0.7807017543859649, 0.9429824561403508)",3,94.16228070175444,49796
"(0.8070175438596491, 0.9736842105263158)",1,94.16228070175444,49797
"(0.7807017543859649, 0.9649122807017544)",1,94.16228070175444,49798
"(0.6535087719298246, 0.9605263157894736)",1,94.1622807017544,49799
"(0.8947368421052632, 0.9473684210526316)",1,94.1622807017544,49800
"(0.4298245614035088, 0.9736842105263158)",6,94.16228070175438,49806
"(0.8464912280701754, 0.956140350877193)",1,94.16228070175438,49807
"(0.6008771929824561, 0.9473684210526316)",1,94.16228070175436,49808
"(0.9078947368421052, 0.9429824561403508)",1,94.16228070175434,49809
"(0.9166666666666666, 0.9517543859649122)",1,94.16228070175433,49810
"(0.881578947368421, 0.9736842105263158)",3,94.16228070175433,49813
"(0.8333333333333334, 0.956140350877193)",1,94.16228070175433,49814
"(0.7084459459459459, 0.9689189189189188)",1,94.16182432432424,49815
"(0.5817567567567568, 0.9692567567567568)",1,94.16148648648644,49816
"(0.9642857142857144, 0.9607142857142856)",1,94.16071428571432,49817
"(0.95, 0.95)",1,94.16071428571432,49818
"(0.8964285714285715, 0.9464285714285714)",1,94.16071428571428,49819
"(0.8928571428571429, 0.9678571428571427)",1,94.16071428571428,49820
"(0.9428571428571428, 0.9571428571428572)",4,94.16071428571426,49824
"(0.9571428571428572, 0.9535714285714286)",1,94.16071428571426,49825
"(0.9535714285714286, 0.9535714285714286)",1,94.16071428571423,49826
"(0.9321428571428572, 0.9428571428571428)",1,94.16071428571418,49827
"(0.875, 0.9535714285714286)",3,94.16071428571408,49830
"(0.875, 0.9535714285714286)",4,94.16071428571408,49834
"(0.4340909090909091, 0.9931818181818182)",2,94.16060606060611,49836
"(0.915, 0.9475)",1,94.16000000000018,49837
"(0.8775, 0.9475)",2,94.16000000000012,49839
"(0.95, 0.9525)",1,94.16000000000008,49840
"(0.4925, 0.945)",3,94.16000000000008,49843
"(0.7295454545454545, 0.9668181818181818)",1,94.16000000000004,49844
"(0.835, 0.95)",6,94.16000000000004,49850
"(0.945, 0.945)",1,94.15999999999995,49851
"(0.945, 0.9425)",3,94.15999999999994,49854
"(0.875, 0.96)",1,94.15999999999993,49855
"(0.9354729729729728, 0.9668918918918918)",1,94.15945945945948,49856
"(0.9916666666666668, 0.7666666666666667)",1,94.15833333333336,49857
"(0.8640350877192983, 0.9649122807017544)",2,94.15789473684217,49859
"(0.8991228070175439, 0.956140350877193)",1,94.15789473684214,49860
"(0.8245614035087719, 0.9429824561403508)",3,94.15789473684214,49863
"(0.8771929824561403, 0.9517543859649122)",1,94.15789473684212,49864
"(0.9078947368421052, 0.9429824561403508)",1,94.15789473684212,49865
"(0.7017543859649122, 0.956140350877193)",3,94.15789473684212,49868
"(0.881578947368421, 0.9429824561403508)",1,94.15789473684208,49869
"(0.7456140350877193, 0.9429824561403508)",1,94.15789473684208,49870
"(0.9525, 0.9525)",1,94.15750000000014,49871
"(0.9575, 0.9525)",1,94.15750000000006,49872
"(0.8625, 0.9525)",1,94.1575,49873
"(0.925, 0.955)",2,94.15749999999998,49875
"(0.8025, 0.9575)",3,94.15749999999996,49878
"(0.95, 0.935)",1,94.15749999999991,49879
"(0.8225, 0.96)",1,94.15749999999984,49880
"(0.8493243243243244, 0.9655405405405404)",1,94.1574324324324,49881
"(0.5831081081081081, 0.9685810810810812)",1,94.1574324324324,49882
"(0.925, 0.9535714285714286)",1,94.15714285714289,49883
"(0.9678571428571427, 0.9571428571428572)",1,94.15714285714286,49884
"(0.925, 0.9428571428571428)",1,94.15714285714284,49885
"(0.9714285714285714, 0.9464285714285714)",1,94.15714285714284,49886
"(0.95, 0.9642857142857144)",1,94.15714285714284,49887
"(0.9428571428571428, 0.9535714285714286)",1,94.15714285714282,49888
"(0.9607142857142856, 0.9535714285714286)",1,94.15714285714276,49889
"(0.725, 0.990909090909091)",2,94.15681818181812,49891
"(0.8091216216216216, 0.9739864864864864)",1,94.15641891891887,49892
"(0.5067567567567568, 0.9706081081081082)",1,94.15608108108108,49893
"(0.9225, 0.9475)",3,94.15500000000004,49896
"(0.7825, 0.95)",2,94.15500000000004,49898
"(0.9075, 0.9575)",1,94.155,49899
"(0.9475, 0.9475)",2,94.15499999999996,49901
"(0.8575, 0.945)",1,94.15499999999992,49902
"(0.8, 0.95)",3,94.15499999999992,49905
"(0.9275, 0.9425)",1,94.15499999999987,49906
"(0.9916666666666668, 0.9833333333333332)",1,94.15416666666668,49907
"(0.6581818181818182, 0.9904545454545456)",1,94.15409090909084,49908
"(0.1859848484848484, 0.9981060606060606)",3,94.15378787878792,49911
"(0.5939189189189189, 0.9682432432432432)",1,94.15371621621622,49912
"(0.8142857142857143, 0.95)",1,94.15357142857162,49913
"(0.9214285714285714, 0.9571428571428572)",1,94.15357142857135,49914
"(0.9464285714285714, 0.9678571428571427)",1,94.15357142857135,49915
"(0.6578947368421053, 0.9473684210526316)",3,94.15350877192988,49918
"(0.7456140350877193, 0.9780701754385964)",1,94.15350877192986,49919
"(0.7587719298245614, 0.9649122807017544)",1,94.15350877192984,49920
"(0.8245614035087719, 0.9605263157894736)",1,94.15350877192982,49921
"(0.7222222222222222, 0.9722222222222222)",2,94.15277777777796,49923
"(0.8194444444444444, 0.9861111111111112)",1,94.15277777777796,49924
"(0.8055555555555556, 0.9861111111111112)",1,94.15277777777794,49925
"(0.8611111111111112, 0.9722222222222222)",1,94.1527777777779,49926
"(0.5, 0.9861111111111112)",1,94.15277777777786,49927
"(0.625, 0.9722222222222222)",1,94.15277777777784,49928
"(0.8888888888888888, 1.0)",1,94.1527777777778,49929
"(0.75, 0.9444444444444444)",1,94.15277777777776,49930
"(0.7222222222222222, 0.9722222222222222)",1,94.15277777777776,49931
"(0.8055555555555556, 0.9444444444444444)",1,94.15277777777771,49932
"(0.8888888888888888, 0.9583333333333334)",1,94.1527777777777,49933
"(0.8333333333333334, 0.9444444444444444)",2,94.15277777777769,49935
"(0.7775, 0.9375)",1,94.1525000000001,49936
"(0.7925, 0.95)",1,94.15250000000005,49937
"(0.8275, 0.955)",3,94.1525,49940
"(0.9425, 0.9525)",2,94.15249999999996,49942
"(0.95, 0.94)",3,94.15249999999996,49945
"(0.83, 0.9575)",1,94.15249999999996,49946
"(0.8125, 0.94)",1,94.15249999999988,49947
"(0.8604651162790697, 0.9767441860465116)",1,94.1511627906978,49948
"(0.8604651162790697, 0.9767441860465116)",1,94.15116279069778,49949
"(0.8023255813953488, 0.9767441860465116)",2,94.15116279069778,49951
"(0.8372093023255814, 1.0)",2,94.15116279069775,49953
"(0.8372093023255814, 0.9883720930232558)",1,94.15116279069773,49954
"(0.7674418604651163, 1.0)",2,94.15116279069768,49956
"(0.7674418604651163, 0.9651162790697676)",1,94.15116279069755,49957
"(0.872093023255814, 0.9418604651162792)",1,94.15116279069755,49958
"(0.7674418604651163, 0.9418604651162792)",1,94.15116279069754,49959
"(0.8953488372093024, 0.9651162790697676)",1,94.15116279069754,49960
"(0.6744186046511628, 0.9534883720930232)",1,94.15116279069753,49961
"(0.7325581395348837, 0.9534883720930232)",1,94.15116279069753,49962
"(0.7325581395348837, 0.9651162790697676)",1,94.15116279069753,49963
"(0.5116279069767442, 0.9534883720930232)",1,94.1511627906975,49964
"(0.5320945945945946, 0.9611486486486488)",1,94.15067567567566,49965
"(0.925, 0.9625)",1,94.1500000000002,49966
"(0.8, 0.95)",2,94.15000000000018,49968
"(0.875, 0.95)",1,94.15000000000016,49969
"(0.8, 0.95)",1,94.15000000000016,49970
"(0.875, 0.9625)",2,94.1500000000001,49972
"(0.8875, 0.95)",1,94.15000000000008,49973
"(0.835, 0.95)",1,94.15000000000008,49974
"(0.8625, 0.9475)",1,94.15000000000006,49975
"(0.95, 0.9833333333333332)",1,94.15000000000003,49976
"(0.915, 0.9325)",1,94.15000000000003,49977
"(0.8833333333333333, 1.0)",1,94.15000000000003,49978
"(0.8, 1.0)",1,94.15000000000003,49979
"(0.6666666666666666, 0.9833333333333332)",1,94.15000000000003,49980
"(0.95, 1.0)",1,94.15000000000003,49981
"(0.8375, 0.975)",1,94.15000000000002,49982
"(0.9375, 0.9425)",2,94.15000000000002,49984
"(0.9333333333333332, 1.0)",1,94.15,49985
"(0.8833333333333333, 1.0)",1,94.15,49986
"(0.9666666666666668, 1.0)",1,94.15,49987
"(0.8216216216216217, 0.970945945945946)",3,94.15,49990
"(0.895, 0.945)",2,94.14999999999998,49992
"(0.9, 0.975)",1,94.14999999999998,49993
"(0.7964285714285714, 0.9571428571428572)",1,94.14999999999996,49994
"(0.9392857142857144, 0.9535714285714286)",1,94.14999999999996,49995
"(0.95, 0.9535714285714286)",1,94.14999999999996,49996
"(0.93, 0.945)",3,94.14999999999992,49999
"(0.9285714285714286, 0.9571428571428572)",1,94.14999999999992,50000
