value,count,total,cumulative_sum
"(1.0, 1.0)",132,100.0,132
"(1.0, 1.0)",88,99.98333333333332,220
"(0.9833333333333332, 1.0)",77,99.98333333333332,297
"(0.9666666666666668, 1.0)",71,99.96666666666668,368
"(0.9833333333333332, 1.0)",48,99.96666666666668,416
"(1.0, 1.0)",61,99.96666666666668,477
"(0.95, 1.0)",50,99.95,527
"(0.9666666666666668, 1.0)",57,99.95,584
"(0.9833333333333332, 1.0)",40,99.95,624
"(1.0, 1.0)",53,99.95,677
"(0.9333333333333332, 1.0)",20,99.93333333333334,697
"(0.95, 1.0)",47,99.93333333333334,744
"(0.9666666666666668, 1.0)",37,99.93333333333334,781
"(1.0, 1.0)",38,99.93333333333334,819
"(0.9833333333333332, 1.0)",43,99.93333333333334,862
"(0.9833333333333332, 1.0)",3,99.91666666666669,865
"(1.0, 1.0)",12,99.91666666666669,877
"(0.95, 1.0)",22,99.91666666666669,899
"(0.9666666666666668, 1.0)",43,99.91666666666669,942
"(0.9833333333333332, 1.0)",23,99.91666666666666,965
"(0.9166666666666666, 1.0)",43,99.91666666666666,1008
"(0.95, 1.0)",8,99.91666666666666,1016
"(0.9444444444444444, 1.0)",1,99.91666666666666,1017
"(0.9333333333333332, 1.0)",27,99.91666666666666,1044
"(1.0, 1.0)",33,99.91666666666666,1077
"(0.9666666666666668, 1.0)",4,99.91666666666666,1081
"(0.9166666666666666, 1.0)",38,99.9,1119
"(0.9333333333333332, 1.0)",33,99.9,1152
"(0.9833333333333332, 1.0)",27,99.9,1179
"(1.0, 1.0)",38,99.9,1217
"(0.9666666666666668, 1.0)",26,99.9,1243
"(0.9, 1.0)",30,99.9,1273
"(0.95, 1.0)",31,99.9,1304
"(0.9583333333333334, 1.0)",1,99.88888888888889,1305
"(0.9666666666666668, 1.0)",26,99.88333333333333,1331
"(0.9833333333333332, 1.0)",38,99.88333333333333,1369
"(0.9166666666666666, 1.0)",21,99.88333333333333,1390
"(0.8833333333333333, 1.0)",97,99.88333333333333,1487
"(1.0, 1.0)",29,99.88333333333333,1516
"(0.9, 1.0)",29,99.88333333333333,1545
"(0.9333333333333332, 1.0)",33,99.88333333333333,1578
"(0.95, 1.0)",30,99.88333333333333,1608
"(0.9444444444444444, 1.0)",1,99.875,1609
"(0.9027777777777778, 1.0)",1,99.875,1610
"(0.9166666666666666, 1.0)",22,99.86666666666667,1632
"(1.0, 1.0)",44,99.86666666666667,1676
"(0.9333333333333332, 1.0)",37,99.86666666666667,1713
"(0.8833333333333333, 1.0)",68,99.86666666666667,1781
"(0.8666666666666667, 1.0)",31,99.86666666666667,1812
"(0.9666666666666668, 1.0)",27,99.86666666666667,1839
"(0.9, 1.0)",30,99.86666666666667,1869
"(0.95, 1.0)",21,99.86666666666667,1890
"(0.9833333333333332, 1.0)",32,99.86666666666667,1922
"(0.9305555555555556, 1.0)",1,99.86111111111111,1923
"(0.9444444444444444, 1.0)",1,99.86111111111111,1924
"(0.9333333333333332, 1.0)",35,99.85,1959
"(0.8666666666666667, 1.0)",65,99.85,2024
"(0.95, 1.0)",33,99.85,2057
"(0.9, 1.0)",22,99.85,2079
"(0.9833333333333332, 1.0)",27,99.85,2106
"(0.85, 1.0)",54,99.85,2160
"(0.8833333333333333, 1.0)",46,99.85,2206
"(0.9666666666666668, 1.0)",26,99.85,2232
"(0.9166666666666666, 1.0)",34,99.85,2266
"(1.0, 1.0)",29,99.85,2295
"(0.9305555555555556, 1.0)",1,99.84722222222224,2296
"(0.9444444444444444, 1.0)",1,99.84722222222224,2297
"(0.9333333333333332, 1.0)",1,99.83333333333334,2298
"(0.9444444444444444, 1.0)",1,99.83333333333334,2299
"(0.9166666666666666, 1.0)",1,99.83333333333334,2300
"(0.9833333333333332, 1.0)",1,99.83333333333334,2301
"(1.0, 1.0)",25,99.83333333333334,2326
"(0.9, 1.0)",1,99.83333333333334,2327
"(0.85, 1.0)",1,99.83333333333334,2328
"(0.95, 1.0)",2,99.83333333333334,2330
"(0.8833333333333333, 1.0)",1,99.83333333333334,2331
"(0.9666666666666668, 1.0)",10,99.83333333333334,2341
"(0.8333333333333334, 1.0)",34,99.83333333333334,2375
"(0.8666666666666667, 1.0)",23,99.83333333333334,2398
"(0.9833333333333332, 1.0)",28,99.83333333333331,2426
"(0.9666666666666668, 1.0)",17,99.83333333333331,2443
"(1.0, 1.0)",13,99.83333333333331,2456
"(0.9305555555555556, 1.0)",2,99.83333333333331,2458
"(0.95, 1.0)",18,99.83333333333331,2476
"(0.9333333333333332, 1.0)",25,99.83333333333331,2501
"(0.85, 1.0)",50,99.83333333333331,2551
"(0.8888888888888888, 1.0)",1,99.83333333333331,2552
"(0.9166666666666666, 1.0)",20,99.83333333333331,2572
"(0.9027777777777778, 1.0)",1,99.83333333333331,2573
"(0.8666666666666667, 1.0)",15,99.83333333333331,2588
"(0.9, 1.0)",19,99.83333333333331,2607
"(0.8833333333333333, 1.0)",55,99.83333333333331,2662
"(0.9305555555555556, 1.0)",5,99.81944444444444,2667
"(0.9444444444444444, 1.0)",4,99.81944444444444,2671
"(1.0, 1.0)",26,99.81666666666666,2697
"(0.85, 1.0)",34,99.81666666666666,2731
"(0.9666666666666668, 1.0)",22,99.81666666666666,2753
"(0.9, 1.0)",23,99.81666666666666,2776
"(0.8666666666666667, 1.0)",35,99.81666666666666,2811
"(0.9166666666666666, 1.0)",26,99.81666666666666,2837
"(0.8166666666666667, 1.0)",19,99.81666666666666,2856
"(0.9833333333333332, 1.0)",18,99.81666666666666,2874
"(0.9333333333333332, 1.0)",31,99.81666666666666,2905
"(0.8833333333333333, 1.0)",19,99.81666666666666,2924
"(0.8333333333333334, 1.0)",27,99.81666666666666,2951
"(0.95, 1.0)",21,99.81666666666666,2972
"(0.9305555555555556, 1.0)",2,99.80555555555556,2974
"(0.9027777777777778, 1.0)",4,99.80555555555556,2978
"(0.8333333333333334, 1.0)",1,99.80555555555556,2979
"(0.9583333333333334, 1.0)",1,99.80555555555556,2980
"(0.9444444444444444, 1.0)",2,99.80555555555556,2982
"(0.8, 1.0)",48,99.8,3030
"(1.0, 1.0)",42,99.8,3072
"(0.8333333333333334, 1.0)",36,99.8,3108
"(0.85, 1.0)",27,99.8,3135
"(0.8166666666666667, 1.0)",27,99.8,3162
"(0.9666666666666668, 1.0)",19,99.8,3181
"(0.95, 1.0)",16,99.8,3197
"(0.9, 1.0)",26,99.8,3223
"(0.8666666666666667, 1.0)",23,99.8,3246
"(0.9333333333333332, 1.0)",26,99.8,3272
"(0.9166666666666666, 1.0)",31,99.8,3303
"(0.9833333333333332, 1.0)",24,99.8,3327
"(0.8833333333333333, 1.0)",38,99.8,3365
"(0.9166666666666666, 1.0)",2,99.79166666666669,3367
"(0.9305555555555556, 1.0)",1,99.79166666666669,3368
"(0.9444444444444444, 1.0)",3,99.79166666666669,3371
"(0.9583333333333334, 1.0)",3,99.79166666666666,3374
"(0.9305555555555556, 1.0)",1,99.79166666666666,3375
"(0.9444444444444444, 1.0)",5,99.79166666666666,3380
"(0.9027777777777778, 1.0)",2,99.79166666666666,3382
"(0.9666666666666668, 1.0)",27,99.78333333333332,3409
"(0.8, 1.0)",28,99.78333333333332,3437
"(0.7833333333333333, 1.0)",42,99.78333333333332,3479
"(0.9333333333333332, 1.0)",22,99.78333333333332,3501
"(0.9166666666666666, 1.0)",20,99.78333333333332,3521
"(0.9, 1.0)",25,99.78333333333332,3546
"(0.85, 1.0)",21,99.78333333333332,3567
"(0.95, 1.0)",23,99.78333333333332,3590
"(0.8333333333333334, 1.0)",32,99.78333333333332,3622
"(0.8833333333333333, 1.0)",39,99.78333333333332,3661
"(1.0, 1.0)",36,99.78333333333332,3697
"(0.9833333333333332, 1.0)",27,99.78333333333332,3724
"(0.8166666666666667, 1.0)",26,99.78333333333332,3750
"(0.8666666666666667, 1.0)",25,99.78333333333332,3775
"(0.9166666666666666, 1.0)",4,99.77777777777776,3779
"(0.9027777777777778, 1.0)",1,99.77777777777776,3780
"(0.9444444444444444, 1.0)",3,99.77777777777776,3783
"(0.9305555555555556, 1.0)",6,99.77777777777776,3789
"(0.8, 1.0)",24,99.76666666666668,3813
"(0.9666666666666668, 1.0)",11,99.76666666666668,3824
"(0.9166666666666666, 1.0)",16,99.76666666666668,3840
"(0.9, 1.0)",30,99.76666666666668,3870
"(0.7666666666666667, 1.0)",40,99.76666666666668,3910
"(1.0, 1.0)",19,99.76666666666668,3929
"(0.8333333333333334, 1.0)",15,99.76666666666668,3944
"(0.9333333333333332, 1.0)",38,99.76666666666668,3982
"(0.85, 1.0)",19,99.76666666666668,4001
"(0.8666666666666667, 1.0)",34,99.76666666666668,4035
"(0.7833333333333333, 1.0)",13,99.76666666666668,4048
"(0.95, 1.0)",25,99.76666666666668,4073
"(0.9833333333333332, 1.0)",18,99.76666666666668,4091
"(0.8166666666666667, 1.0)",22,99.76666666666668,4113
"(0.8833333333333333, 1.0)",27,99.76666666666668,4140
"(0.95, 1.0)",2,99.76666666666664,4142
"(0.9166666666666666, 1.0)",2,99.76388888888889,4144
"(0.8194444444444444, 1.0)",1,99.76388888888889,4145
"(0.9583333333333334, 1.0)",1,99.76388888888889,4146
"(0.9305555555555556, 1.0)",5,99.76388888888889,4151
"(0.9444444444444444, 1.0)",4,99.76388888888889,4155
"(0.8611111111111112, 1.0)",3,99.76388888888889,4158
"(0.9027777777777778, 1.0)",4,99.76388888888889,4162
"(0.8166666666666667, 1.0)",20,99.75,4182
"(0.8666666666666667, 1.0)",27,99.75,4209
"(0.75, 1.0)",21,99.75,4230
"(0.9166666666666666, 1.0)",22,99.75,4252
"(0.85, 1.0)",13,99.75,4265
"(0.7666666666666667, 1.0)",33,99.75,4298
"(0.9444444444444444, 1.0)",4,99.75,4302
"(0.8833333333333333, 1.0)",32,99.75,4334
"(0.9027777777777778, 1.0)",5,99.75,4339
"(0.8611111111111112, 1.0)",1,99.75,4340
"(0.8472222222222222, 1.0)",1,99.75,4341
"(0.9583333333333334, 1.0)",2,99.75,4343
"(0.9666666666666668, 1.0)",18,99.75,4361
"(0.7833333333333333, 1.0)",17,99.75,4378
"(0.9833333333333332, 1.0)",27,99.75,4405
"(0.95, 1.0)",20,99.75,4425
"(0.9, 1.0)",28,99.75,4453
"(0.9305555555555556, 1.0)",5,99.75,4458
"(1.0, 1.0)",21,99.75,4479
"(0.8, 1.0)",12,99.75,4491
"(0.9333333333333332, 1.0)",8,99.75,4499
"(0.8194444444444444, 1.0)",1,99.75,4500
"(0.8333333333333334, 1.0)",28,99.75,4528
"(0.8888888888888888, 1.0)",1,99.73611111111111,4529
"(0.9305555555555556, 1.0)",3,99.73611111111111,4532
"(0.9583333333333334, 1.0)",3,99.73611111111111,4535
"(0.8611111111111112, 1.0)",1,99.73611111111111,4536
"(0.9444444444444444, 1.0)",5,99.73611111111111,4541
"(0.8472222222222222, 1.0)",1,99.73611111111111,4542
"(0.95, 1.0)",10,99.73333333333332,4552
"(0.9, 1.0)",2,99.73333333333332,4554
"(0.8666666666666667, 1.0)",32,99.73333333333332,4586
"(0.9, 1.0)",20,99.73333333333332,4606
"(1.0, 1.0)",4,99.73333333333332,4610
"(1.0, 1.0)",18,99.73333333333332,4628
"(0.9666666666666668, 1.0)",8,99.73333333333332,4636
"(0.7833333333333333, 1.0)",15,99.73333333333332,4651
"(0.9833333333333332, 1.0)",13,99.73333333333332,4664
"(0.9333333333333332, 1.0)",5,99.73333333333332,4669
"(0.8333333333333334, 1.0)",29,99.73333333333332,4698
"(0.75, 1.0)",18,99.73333333333332,4716
"(0.95, 1.0)",1,99.73333333333332,4717
"(0.7333333333333333, 1.0)",23,99.73333333333332,4740
"(0.85, 1.0)",19,99.73333333333332,4759
"(0.8166666666666667, 1.0)",17,99.73333333333332,4776
"(0.9333333333333332, 1.0)",23,99.73333333333332,4799
"(0.8, 1.0)",26,99.73333333333332,4825
"(0.85, 1.0)",1,99.73333333333332,4826
"(0.7666666666666667, 1.0)",12,99.73333333333332,4838
"(0.9166666666666666, 1.0)",22,99.73333333333332,4860
"(0.8833333333333333, 1.0)",25,99.73333333333332,4885
"(0.8611111111111112, 1.0)",5,99.72222222222224,4890
"(0.9444444444444444, 1.0)",3,99.72222222222224,4893
"(0.9305555555555556, 1.0)",7,99.72222222222224,4900
"(0.8194444444444444, 1.0)",1,99.72222222222224,4901
"(0.8333333333333334, 1.0)",1,99.72222222222224,4902
"(0.9027777777777778, 1.0)",2,99.72222222222224,4904
"(0.9166666666666666, 1.0)",3,99.72222222222224,4907
"(0.8888888888888888, 1.0)",1,99.72222222222224,4908
"(0.9583333333333334, 1.0)",1,99.72222222222224,4909
"(0.9069767441860463, 1.0)",1,99.72093023255816,4910
"(0.9166666666666666, 1.0)",26,99.71666666666668,4936
"(0.9833333333333332, 1.0)",15,99.71666666666668,4951
"(0.75, 1.0)",16,99.71666666666668,4967
"(0.7833333333333333, 1.0)",6,99.71666666666668,4973
"(0.9, 1.0)",25,99.71666666666668,4998
"(0.8666666666666667, 1.0)",28,99.71666666666668,5026
"(0.85, 1.0)",25,99.71666666666668,5051
"(0.7166666666666667, 1.0)",53,99.71666666666668,5104
"(0.7333333333333333, 1.0)",26,99.71666666666668,5130
"(0.8, 1.0)",11,99.71666666666668,5141
"(0.9666666666666668, 1.0)",10,99.71666666666668,5151
"(0.8333333333333334, 1.0)",21,99.71666666666668,5172
"(0.95, 1.0)",19,99.71666666666668,5191
"(0.8833333333333333, 1.0)",22,99.71666666666668,5213
"(0.8166666666666667, 1.0)",18,99.71666666666668,5231
"(0.9333333333333332, 1.0)",24,99.71666666666668,5255
"(1.0, 1.0)",13,99.71666666666668,5268
"(0.7666666666666667, 1.0)",17,99.71666666666668,5285
"(0.8472222222222222, 1.0)",1,99.70833333333334,5286
"(0.9166666666666666, 1.0)",1,99.70833333333334,5287
"(0.8888888888888888, 1.0)",1,99.70833333333331,5288
"(0.8472222222222222, 1.0)",1,99.70833333333331,5289
"(0.9583333333333334, 1.0)",2,99.70833333333331,5291
"(0.8611111111111112, 1.0)",4,99.70833333333331,5295
"(0.9027777777777778, 1.0)",1,99.70833333333331,5296
"(0.9305555555555556, 1.0)",4,99.70833333333331,5300
"(0.9166666666666666, 1.0)",3,99.70833333333331,5303
"(0.875, 1.0)",1,99.70833333333331,5304
"(0.9444444444444444, 1.0)",3,99.70833333333331,5307
"(0.8194444444444444, 1.0)",2,99.70833333333331,5309
"(1.0, 1.0)",4,99.7,5313
"(0.95, 1.0)",10,99.7,5323
"(0.7166666666666667, 1.0)",43,99.7,5366
"(0.9, 1.0)",28,99.7,5394
"(1.0, 1.0)",15,99.7,5409
"(0.9, 1.0)",1,99.7,5410
"(0.8333333333333334, 1.0)",22,99.7,5432
"(0.8333333333333334, 1.0)",1,99.7,5433
"(0.8666666666666667, 1.0)",25,99.7,5458
"(0.7833333333333333, 1.0)",11,99.7,5469
"(0.9666666666666668, 1.0)",9,99.7,5478
"(0.7, 1.0)",9,99.7,5487
"(0.7333333333333333, 1.0)",23,99.7,5510
"(0.8, 1.0)",15,99.7,5525
"(0.8833333333333333, 1.0)",27,99.7,5552
"(0.8833333333333333, 1.0)",2,99.7,5554
"(0.85, 1.0)",2,99.7,5556
"(0.85, 1.0)",15,99.7,5571
"(0.8166666666666667, 1.0)",22,99.7,5593
"(0.9166666666666666, 1.0)",3,99.7,5596
"(0.9833333333333332, 1.0)",17,99.7,5613
"(0.7666666666666667, 1.0)",7,99.7,5620
"(0.8666666666666667, 1.0)",2,99.7,5622
"(0.9166666666666666, 1.0)",20,99.7,5642
"(0.9333333333333332, 1.0)",2,99.7,5644
"(0.75, 1.0)",10,99.7,5654
"(0.9333333333333332, 1.0)",9,99.7,5663
"(0.9833333333333332, 1.0)",3,99.7,5666
"(0.9186046511627908, 1.0)",1,99.69767441860463,5667
"(0.8472222222222222, 1.0)",2,99.69444444444444,5669
"(0.9444444444444444, 1.0)",5,99.69444444444444,5674
"(0.9166666666666666, 1.0)",3,99.69444444444444,5677
"(0.9027777777777778, 1.0)",6,99.69444444444444,5683
"(0.9305555555555556, 1.0)",8,99.69444444444444,5691
"(0.8333333333333334, 1.0)",1,99.69444444444444,5692
"(0.8888888888888888, 1.0)",1,99.69444444444444,5693
"(0.8194444444444444, 1.0)",1,99.69444444444444,5694
"(0.7916666666666666, 1.0)",1,99.69444444444444,5695
"(0.8611111111111112, 1.0)",1,99.69444444444444,5696
"(0.9186046511627908, 1.0)",1,99.68604651162792,5697
"(1.0, 1.0)",13,99.68333333333334,5710
"(0.9666666666666668, 1.0)",19,99.68333333333334,5729
"(0.8666666666666667, 1.0)",25,99.68333333333334,5754
"(0.85, 1.0)",25,99.68333333333334,5779
"(0.95, 1.0)",10,99.68333333333334,5789
"(0.9833333333333332, 1.0)",18,99.68333333333334,5807
"(0.75, 1.0)",20,99.68333333333334,5827
"(0.9166666666666666, 1.0)",24,99.68333333333334,5851
"(0.6833333333333333, 1.0)",3,99.68333333333334,5854
"(0.7666666666666667, 1.0)",7,99.68333333333334,5861
"(0.9333333333333332, 1.0)",12,99.68333333333334,5873
"(0.7833333333333333, 1.0)",7,99.68333333333334,5880
"(0.8166666666666667, 1.0)",15,99.68333333333334,5895
"(0.7333333333333333, 1.0)",17,99.68333333333334,5912
"(0.7166666666666667, 1.0)",14,99.68333333333334,5926
"(0.8333333333333334, 1.0)",26,99.68333333333334,5952
"(0.9, 1.0)",26,99.68333333333334,5978
"(0.8, 1.0)",8,99.68333333333334,5986
"(0.8833333333333333, 1.0)",27,99.68333333333334,6013
"(0.9166666666666666, 1.0)",2,99.68333333333332,6015
"(0.9027777777777778, 1.0)",1,99.68055555555556,6016
"(0.75, 1.0)",1,99.68055555555556,6017
"(0.9444444444444444, 1.0)",5,99.68055555555556,6022
"(0.8888888888888888, 1.0)",1,99.68055555555556,6023
"(0.9166666666666666, 1.0)",3,99.68055555555556,6026
"(0.875, 1.0)",1,99.68055555555556,6027
"(0.7777777777777778, 1.0)",5,99.68055555555556,6032
"(0.9305555555555556, 1.0)",8,99.68055555555556,6040
"(0.8333333333333334, 1.0)",2,99.68055555555556,6042
"(0.8611111111111112, 1.0)",2,99.68055555555556,6044
"(0.8194444444444444, 1.0)",3,99.68055555555556,6047
"(0.8472222222222222, 1.0)",2,99.68055555555556,6049
"(0.9583333333333334, 1.0)",2,99.68055555555556,6051
"(0.9305555555555556, 1.0)",2,99.68055555555554,6053
"(0.8611111111111112, 1.0)",1,99.68055555555554,6054
"(0.9444444444444444, 1.0)",1,99.68055555555554,6055
"(0.9186046511627908, 1.0)",1,99.67441860465117,6056
"(0.8, 1.0)",12,99.66666666666669,6068
"(0.85, 1.0)",2,99.66666666666669,6070
"(0.7666666666666667, 1.0)",6,99.66666666666669,6076
"(0.9666666666666668, 1.0)",9,99.66666666666669,6085
"(0.9027777777777778, 1.0)",1,99.66666666666669,6086
"(0.7166666666666667, 1.0)",6,99.66666666666669,6092
"(0.7833333333333333, 1.0)",1,99.66666666666669,6093
"(0.9166666666666666, 1.0)",13,99.66666666666669,6106
"(0.75, 1.0)",1,99.66666666666669,6107
"(1.0, 1.0)",7,99.66666666666669,6114
"(0.8833333333333333, 1.0)",7,99.66666666666669,6121
"(0.9333333333333332, 1.0)",6,99.66666666666669,6127
"(0.7, 1.0)",3,99.66666666666669,6130
"(0.8333333333333334, 1.0)",20,99.66666666666669,6150
"(0.7333333333333333, 1.0)",1,99.66666666666669,6151
"(0.8666666666666667, 1.0)",13,99.66666666666669,6164
"(0.9305555555555556, 1.0)",1,99.66666666666669,6165
"(0.9, 1.0)",12,99.66666666666669,6177
"(0.9833333333333332, 1.0)",3,99.66666666666669,6180
"(0.95, 1.0)",4,99.66666666666669,6184
"(0.6833333333333333, 1.0)",1,99.66666666666669,6185
"(0.8166666666666667, 1.0)",3,99.66666666666669,6188
"(0.8472222222222222, 1.0)",2,99.66666666666669,6190
"(0.8194444444444444, 1.0)",2,99.66666666666669,6192
"(0.9444444444444444, 1.0)",8,99.66666666666666,6200
"(0.9666666666666668, 1.0)",5,99.66666666666666,6205
"(0.7, 1.0)",1,99.66666666666666,6206
"(0.9166666666666666, 1.0)",12,99.66666666666666,6218
"(0.875, 1.0)",3,99.66666666666666,6221
"(0.9583333333333334, 1.0)",1,99.66666666666666,6222
"(0.9, 1.0)",9,99.66666666666666,6231
"(0.8, 1.0)",5,99.66666666666666,6236
"(0.7166666666666667, 1.0)",8,99.66666666666666,6244
"(0.9027777777777778, 1.0)",5,99.66666666666666,6249
"(0.8194444444444444, 1.0)",3,99.66666666666666,6252
"(1.0, 1.0)",36,99.66666666666666,6288
"(0.8833333333333333, 1.0)",16,99.66666666666666,6304
"(0.85, 1.0)",25,99.66666666666666,6329
"(0.9305555555555556, 1.0)",3,99.66666666666666,6332
"(0.8166666666666667, 1.0)",7,99.66666666666666,6339
"(0.8055555555555556, 1.0)",1,99.66666666666666,6340
"(0.9333333333333332, 1.0)",14,99.66666666666666,6354
"(0.6833333333333333, 1.0)",4,99.66666666666666,6358
"(0.8472222222222222, 1.0)",2,99.66666666666666,6360
"(0.7666666666666667, 1.0)",2,99.66666666666666,6362
"(0.8611111111111112, 1.0)",1,99.66666666666666,6363
"(0.75, 1.0)",8,99.66666666666666,6371
"(0.7833333333333333, 1.0)",7,99.66666666666666,6378
"(0.8666666666666667, 1.0)",13,99.66666666666666,6391
"(0.7777777777777778, 1.0)",4,99.66666666666666,6395
"(0.8333333333333334, 1.0)",27,99.66666666666666,6422
"(0.95, 1.0)",3,99.66666666666666,6425
"(0.9833333333333332, 1.0)",13,99.66666666666666,6438
"(0.7333333333333333, 1.0)",10,99.66666666666666,6448
"(0.9186046511627908, 1.0)",1,99.6627906976744,6449
"(0.75, 1.0)",3,99.65277777777776,6452
"(0.8333333333333334, 1.0)",4,99.65277777777776,6456
"(0.9444444444444444, 1.0)",2,99.65277777777776,6458
"(0.7638888888888888, 1.0)",1,99.65277777777776,6459
"(0.9305555555555556, 1.0)",6,99.65277777777776,6465
"(0.8194444444444444, 1.0)",1,99.65277777777776,6466
"(0.875, 1.0)",2,99.65277777777776,6468
"(0.8611111111111112, 1.0)",1,99.65277777777776,6469
"(0.9027777777777778, 1.0)",1,99.65277777777776,6470
"(0.9583333333333334, 1.0)",2,99.65277777777776,6472
"(0.8055555555555556, 1.0)",1,99.65277777777776,6473
"(0.7777777777777778, 1.0)",4,99.65277777777776,6477
"(0.8888888888888888, 1.0)",1,99.65277777777776,6478
"(0.9166666666666666, 1.0)",6,99.65277777777776,6484
"(0.9186046511627908, 1.0)",1,99.65116279069768,6485
"(0.8666666666666667, 1.0)",2,99.65,6487
"(0.8833333333333333, 1.0)",29,99.65,6516
"(0.8333333333333334, 1.0)",34,99.65,6550
"(0.9333333333333332, 1.0)",1,99.65,6551
"(0.9166666666666666, 1.0)",25,99.65,6576
"(0.7, 1.0)",7,99.65,6583
"(0.8166666666666667, 1.0)",1,99.65,6584
"(0.9666666666666668, 1.0)",8,99.65,6592
"(0.75, 1.0)",12,99.65,6604
"(0.6833333333333333, 1.0)",9,99.65,6613
"(0.95, 1.0)",9,99.65,6622
"(0.9, 1.0)",2,99.65,6624
"(0.8333333333333334, 1.0)",1,99.65,6625
"(0.7833333333333333, 1.0)",6,99.65,6631
"(0.8, 1.0)",7,99.65,6638
"(0.7666666666666667, 1.0)",8,99.65,6646
"(0.9833333333333332, 1.0)",31,99.65,6677
"(1.0, 1.0)",14,99.65,6691
"(0.8166666666666667, 1.0)",10,99.65,6701
"(0.7166666666666667, 1.0)",23,99.65,6724
"(0.9166666666666666, 1.0)",1,99.65,6725
"(0.9, 1.0)",18,99.65,6743
"(0.8833333333333333, 1.0)",3,99.65,6746
"(0.85, 1.0)",12,99.65,6758
"(0.8666666666666667, 1.0)",20,99.65,6778
"(0.7333333333333333, 1.0)",12,99.65,6790
"(0.6666666666666666, 1.0)",3,99.65,6793
"(0.9333333333333332, 1.0)",14,99.65,6807
"(0.95, 1.0)",1,99.65,6808
"(0.9534883720930232, 1.0)",2,99.63953488372093,6810
"(0.9302325581395348, 1.0)",1,99.63953488372093,6811
"(0.8255813953488372, 1.0)",1,99.63953488372093,6812
"(0.9722222222222222, 1.0)",1,99.63888888888889,6813
"(0.7916666666666666, 1.0)",1,99.63888888888889,6814
"(0.8472222222222222, 1.0)",3,99.63888888888889,6817
"(0.9305555555555556, 1.0)",9,99.63888888888889,6826
"(0.7777777777777778, 1.0)",5,99.63888888888889,6831
"(0.7638888888888888, 1.0)",1,99.63888888888889,6832
"(0.875, 1.0)",1,99.63888888888889,6833
"(0.9444444444444444, 1.0)",6,99.63888888888889,6839
"(0.8333333333333334, 1.0)",6,99.63888888888889,6845
"(0.8611111111111112, 1.0)",2,99.63888888888889,6847
"(0.8194444444444444, 1.0)",1,99.63888888888889,6848
"(0.9166666666666666, 1.0)",6,99.63888888888889,6854
"(0.9583333333333334, 1.0)",4,99.63888888888889,6858
"(0.75, 1.0)",1,99.63888888888889,6859
"(0.9027777777777778, 1.0)",3,99.63888888888889,6862
"(0.7333333333333333, 1.0)",6,99.63333333333333,6868
"(0.8833333333333333, 1.0)",17,99.63333333333333,6885
"(0.9666666666666668, 1.0)",21,99.63333333333333,6906
"(0.7666666666666667, 1.0)",4,99.63333333333333,6910
"(0.8333333333333334, 1.0)",20,99.63333333333333,6930
"(0.7166666666666667, 1.0)",6,99.63333333333333,6936
"(0.9, 1.0)",23,99.63333333333333,6959
"(0.85, 1.0)",16,99.63333333333333,6975
"(0.6666666666666666, 1.0)",4,99.63333333333333,6979
"(0.7833333333333333, 1.0)",3,99.63333333333333,6982
"(0.9833333333333332, 1.0)",16,99.63333333333333,6998
"(0.6833333333333333, 1.0)",9,99.63333333333333,7007
"(0.8, 1.0)",12,99.63333333333333,7019
"(0.8666666666666667, 1.0)",23,99.63333333333333,7042
"(0.95, 1.0)",8,99.63333333333333,7050
"(0.8166666666666667, 1.0)",18,99.63333333333333,7068
"(0.9333333333333332, 1.0)",18,99.63333333333333,7086
"(1.0, 1.0)",18,99.63333333333333,7104
"(0.75, 1.0)",6,99.63333333333333,7110
"(0.7, 1.0)",2,99.63333333333333,7112
"(0.9166666666666666, 1.0)",17,99.63333333333333,7129
"(0.9302325581395348, 1.0)",1,99.6279069767442,7130
"(0.9186046511627908, 1.0)",3,99.6279069767442,7133
"(0.7083333333333334, 1.0)",1,99.625,7134
"(0.9583333333333334, 1.0)",4,99.625,7138
"(0.75, 1.0)",1,99.625,7139
"(0.7361111111111112, 1.0)",1,99.625,7140
"(0.8055555555555556, 1.0)",1,99.625,7141
"(0.7638888888888888, 1.0)",2,99.625,7143
"(0.8888888888888888, 1.0)",4,99.625,7147
"(0.9027777777777778, 1.0)",3,99.625,7150
"(0.8611111111111112, 1.0)",1,99.625,7151
"(0.9166666666666666, 1.0)",3,99.625,7154
"(0.8333333333333334, 1.0)",4,99.625,7158
"(0.9444444444444444, 1.0)",6,99.625,7164
"(0.9305555555555556, 1.0)",3,99.625,7167
"(0.8472222222222222, 1.0)",1,99.625,7168
"(0.8194444444444444, 1.0)",4,99.625,7172
"(0.6833333333333333, 1.0)",4,99.61666666666667,7176
"(0.7, 1.0)",6,99.61666666666667,7182
"(0.95, 1.0)",21,99.61666666666667,7203
"(0.9, 1.0)",17,99.61666666666667,7220
"(0.85, 1.0)",16,99.61666666666667,7236
"(0.7333333333333333, 1.0)",10,99.61666666666667,7246
"(0.7166666666666667, 1.0)",6,99.61666666666667,7252
"(0.8666666666666667, 1.0)",30,99.61666666666667,7282
"(0.8833333333333333, 1.0)",34,99.61666666666667,7316
"(0.8333333333333334, 1.0)",16,99.61666666666667,7332
"(0.9166666666666666, 1.0)",8,99.61666666666667,7340
"(0.8, 1.0)",14,99.61666666666667,7354
"(0.6666666666666666, 1.0)",1,99.61666666666667,7355
"(0.9833333333333332, 1.0)",4,99.61666666666667,7359
"(0.7833333333333333, 1.0)",7,99.61666666666667,7366
"(0.8166666666666667, 1.0)",16,99.61666666666667,7382
"(0.9333333333333332, 1.0)",17,99.61666666666667,7399
"(0.9666666666666668, 1.0)",12,99.61666666666667,7411
"(0.75, 1.0)",11,99.61666666666667,7422
"(0.7666666666666667, 1.0)",4,99.61666666666667,7426
"(1.0, 1.0)",12,99.61666666666667,7438
"(0.85, 1.0)",3,99.61666666666666,7441
"(0.9166666666666666, 1.0)",3,99.61666666666666,7444
"(0.9, 1.0)",1,99.61666666666666,7445
"(0.9833333333333332, 1.0)",1,99.61666666666666,7446
"(0.8666666666666667, 1.0)",1,99.61666666666666,7447
"(0.7333333333333333, 1.0)",1,99.61666666666666,7448
"(1.0, 1.0)",1,99.61666666666666,7449
"(0.9333333333333332, 1.0)",1,99.61666666666666,7450
"(0.8333333333333334, 1.0)",3,99.61666666666666,7453
"(0.95, 1.0)",2,99.61666666666666,7455
"(0.9534883720930232, 1.0)",1,99.61627906976744,7456
"(0.8255813953488372, 1.0)",1,99.61627906976744,7457
"(0.7638888888888888, 1.0)",4,99.61111111111111,7461
"(0.7777777777777778, 1.0)",2,99.61111111111111,7463
"(0.9027777777777778, 1.0)",3,99.61111111111111,7466
"(0.9444444444444444, 1.0)",6,99.61111111111111,7472
"(0.8055555555555556, 1.0)",4,99.61111111111111,7476
"(0.8472222222222222, 1.0)",1,99.61111111111111,7477
"(0.75, 1.0)",4,99.61111111111111,7481
"(0.8611111111111112, 1.0)",1,99.61111111111111,7482
"(0.8333333333333334, 1.0)",8,99.61111111111111,7490
"(0.8888888888888888, 1.0)",3,99.61111111111111,7493
"(0.8194444444444444, 1.0)",10,99.61111111111111,7503
"(0.9583333333333334, 1.0)",2,99.61111111111111,7505
"(0.7222222222222222, 1.0)",1,99.61111111111111,7506
"(0.9305555555555556, 1.0)",5,99.61111111111111,7511
"(0.9166666666666666, 1.0)",5,99.61111111111111,7516
"(0.9722222222222222, 1.0)",2,99.61111111111111,7518
"(0.872093023255814, 1.0)",1,99.6046511627907,7519
"(0.8953488372093024, 1.0)",1,99.6046511627907,7520
"(0.7833333333333333, 1.0)",14,99.6,7534
"(0.8166666666666667, 1.0)",19,99.6,7553
"(0.9166666666666666, 1.0)",21,99.6,7574
"(0.6833333333333333, 1.0)",5,99.6,7579
"(0.8833333333333333, 1.0)",21,99.6,7600
"(0.7, 1.0)",3,99.6,7603
"(0.95, 1.0)",17,99.6,7620
"(0.9666666666666668, 1.0)",14,99.6,7634
"(0.8, 1.0)",15,99.6,7649
"(0.6166666666666667, 1.0)",1,99.6,7650
"(0.8333333333333334, 1.0)",16,99.6,7666
"(0.7166666666666667, 1.0)",8,99.6,7674
"(0.7666666666666667, 1.0)",7,99.6,7681
"(0.6666666666666666, 1.0)",5,99.6,7686
"(0.7333333333333333, 1.0)",12,99.6,7698
"(0.85, 1.0)",16,99.6,7714
"(0.9333333333333332, 1.0)",21,99.6,7735
"(0.9, 1.0)",19,99.6,7754
"(0.75, 1.0)",11,99.6,7765
"(0.8666666666666667, 1.0)",21,99.6,7786
"(0.9833333333333332, 1.0)",14,99.6,7800
"(1.0, 1.0)",9,99.6,7809
"(0.7638888888888888, 1.0)",1,99.59722222222224,7810
"(0.9444444444444444, 1.0)",2,99.59722222222224,7812
"(0.8888888888888888, 1.0)",2,99.59722222222224,7814
"(0.8055555555555556, 1.0)",2,99.59722222222224,7816
"(0.7083333333333334, 1.0)",1,99.59722222222224,7817
"(0.9027777777777778, 1.0)",1,99.59722222222224,7818
"(0.875, 1.0)",2,99.59722222222224,7820
"(0.7777777777777778, 1.0)",3,99.59722222222224,7823
"(0.8194444444444444, 1.0)",2,99.59722222222224,7825
"(0.8611111111111112, 1.0)",2,99.59722222222224,7827
"(0.9166666666666666, 1.0)",4,99.59722222222224,7831
"(0.9305555555555556, 1.0)",4,99.59722222222224,7835
"(0.8472222222222222, 1.0)",2,99.59722222222224,7837
"(0.9583333333333334, 1.0)",2,99.59722222222224,7839
"(0.8333333333333334, 1.0)",4,99.59722222222224,7843
"(0.7916666666666666, 1.0)",1,99.59722222222224,7844
"(0.75, 1.0)",2,99.59722222222224,7846
"(0.9583333333333334, 1.0)",4,99.5972222222222,7850
"(0.9444444444444444, 1.0)",1,99.5972222222222,7851
"(0.9027777777777778, 1.0)",1,99.5972222222222,7852
"(0.9305555555555556, 1.0)",1,99.5972222222222,7853
"(0.8194444444444444, 1.0)",1,99.5972222222222,7854
"(0.9722222222222222, 1.0)",1,99.5972222222222,7855
"(0.9069767441860463, 1.0)",1,99.59302325581396,7856
"(0.9186046511627908, 1.0)",2,99.59302325581396,7858
"(0.8837209302325582, 1.0)",1,99.59302325581396,7859
"(0.8604651162790697, 1.0)",1,99.59302325581396,7860
"(0.813953488372093, 1.0)",1,99.59302325581396,7861
"(0.7166666666666667, 1.0)",6,99.58333333333334,7867
"(0.9333333333333332, 1.0)",2,99.58333333333334,7869
"(0.8611111111111112, 1.0)",5,99.58333333333334,7874
"(0.8, 1.0)",3,99.58333333333334,7877
"(0.9666666666666668, 1.0)",6,99.58333333333334,7883
"(0.8166666666666667, 1.0)",5,99.58333333333334,7888
"(0.9444444444444444, 1.0)",1,99.58333333333334,7889
"(0.8666666666666667, 1.0)",4,99.58333333333334,7893
"(0.95, 1.0)",3,99.58333333333334,7896
"(0.9166666666666666, 1.0)",7,99.58333333333334,7903
"(0.6666666666666666, 1.0)",1,99.58333333333334,7904
"(0.8472222222222222, 1.0)",2,99.58333333333334,7906
"(0.85, 1.0)",5,99.58333333333334,7911
"(0.6833333333333333, 1.0)",7,99.58333333333334,7918
"(0.9, 1.0)",4,99.58333333333334,7922
"(0.8833333333333333, 1.0)",7,99.58333333333334,7929
"(0.75, 1.0)",6,99.58333333333334,7935
"(0.7777777777777778, 1.0)",2,99.58333333333334,7937
"(1.0, 1.0)",6,99.58333333333334,7943
"(0.8194444444444444, 1.0)",1,99.58333333333334,7944
"(0.9305555555555556, 1.0)",1,99.58333333333334,7945
"(0.8333333333333334, 1.0)",3,99.58333333333334,7948
"(0.7666666666666667, 1.0)",4,99.58333333333334,7952
"(0.7361111111111112, 1.0)",1,99.58333333333334,7953
"(0.7333333333333333, 1.0)",2,99.58333333333334,7955
"(0.9833333333333332, 1.0)",3,99.58333333333334,7958
"(1.0, 1.0)",9,99.58333333333331,7967
"(0.875, 1.0)",2,99.58333333333331,7969
"(0.75, 1.0)",5,99.58333333333331,7974
"(0.7638888888888888, 1.0)",3,99.58333333333331,7977
"(0.6666666666666666, 1.0)",2,99.58333333333331,7979
"(0.9666666666666668, 1.0)",7,99.58333333333331,7986
"(0.95, 1.0)",6,99.58333333333331,7992
"(0.7833333333333333, 1.0)",7,99.58333333333331,7999
"(0.7777777777777778, 1.0)",3,99.58333333333331,8002
"(0.7333333333333333, 1.0)",10,99.58333333333331,8012
"(0.8333333333333334, 1.0)",14,99.58333333333331,8026
"(0.7, 1.0)",3,99.58333333333331,8029
"(0.7916666666666666, 1.0)",1,99.58333333333331,8030
"(0.7083333333333334, 1.0)",1,99.58333333333331,8031
"(0.8194444444444444, 1.0)",5,99.58333333333331,8036
"(0.7166666666666667, 1.0)",4,99.58333333333331,8040
"(0.8888888888888888, 1.0)",2,99.58333333333331,8042
"(0.9, 1.0)",15,99.58333333333331,8057
"(0.9333333333333332, 1.0)",15,99.58333333333331,8072
"(0.8472222222222222, 1.0)",1,99.58333333333331,8073
"(0.8, 1.0)",5,99.58333333333331,8078
"(0.8666666666666667, 1.0)",11,99.58333333333331,8089
"(0.7666666666666667, 1.0)",5,99.58333333333331,8094
"(0.8833333333333333, 1.0)",7,99.58333333333331,8101
"(0.8611111111111112, 1.0)",3,99.58333333333331,8104
"(0.9444444444444444, 1.0)",3,99.58333333333331,8107
"(0.9027777777777778, 1.0)",4,99.58333333333331,8111
"(0.8055555555555556, 1.0)",3,99.58333333333331,8114
"(0.9166666666666666, 1.0)",31,99.58333333333331,8145
"(0.6833333333333333, 1.0)",4,99.58333333333331,8149
"(0.8166666666666667, 1.0)",13,99.58333333333331,8162
"(0.9305555555555556, 1.0)",5,99.58333333333331,8167
"(0.7361111111111112, 1.0)",1,99.58333333333331,8168
"(0.6166666666666667, 1.0)",1,99.58333333333331,8169
"(0.9833333333333332, 1.0)",6,99.58333333333331,8175
"(0.85, 1.0)",9,99.58333333333331,8184
"(0.9722222222222222, 1.0)",1,99.58333333333331,8185
"(0.9186046511627908, 1.0)",1,99.5813953488372,8186
"(0.8953488372093024, 1.0)",1,99.5813953488372,8187
"(0.7906976744186046, 1.0)",1,99.5813953488372,8188
"(0.9186046511627908, 1.0)",1,99.56976744186046,8189
"(0.8055555555555556, 1.0)",2,99.56944444444444,8191
"(0.8333333333333334, 1.0)",3,99.56944444444444,8194
"(0.7916666666666666, 1.0)",1,99.56944444444444,8195
"(0.9166666666666666, 1.0)",3,99.56944444444444,8198
"(0.7777777777777778, 1.0)",1,99.56944444444444,8199
"(0.9305555555555556, 1.0)",1,99.56944444444444,8200
"(0.9722222222222222, 1.0)",1,99.56944444444444,8201
"(0.9305555555555556, 1.0)",2,99.56944444444444,8203
"(0.8611111111111112, 1.0)",3,99.56944444444444,8206
"(0.9027777777777778, 1.0)",3,99.56944444444444,8209
"(0.8194444444444444, 1.0)",8,99.56944444444444,8217
"(0.9583333333333334, 1.0)",5,99.56944444444444,8222
"(0.75, 1.0)",2,99.56944444444444,8224
"(0.7361111111111112, 1.0)",1,99.56944444444444,8225
"(0.9444444444444444, 1.0)",3,99.56944444444444,8228
"(0.7638888888888888, 1.0)",2,99.56944444444444,8230
"(0.8888888888888888, 1.0)",4,99.56944444444444,8234
"(0.8472222222222222, 1.0)",3,99.56944444444444,8237
"(0.8333333333333334, 1.0)",16,99.56666666666666,8253
"(1.0, 1.0)",10,99.56666666666666,8263
"(0.8166666666666667, 1.0)",14,99.56666666666666,8277
"(0.6666666666666666, 1.0)",3,99.56666666666666,8280
"(0.8833333333333333, 1.0)",21,99.56666666666666,8301
"(0.95, 1.0)",10,99.56666666666666,8311
"(0.7666666666666667, 1.0)",8,99.56666666666666,8319
"(0.7166666666666667, 1.0)",5,99.56666666666666,8324
"(0.8666666666666667, 1.0)",17,99.56666666666666,8341
"(0.9166666666666666, 1.0)",10,99.56666666666666,8351
"(0.6833333333333333, 1.0)",2,99.56666666666666,8353
"(0.7833333333333333, 1.0)",4,99.56666666666666,8357
"(0.85, 1.0)",11,99.56666666666666,8368
"(0.7333333333333333, 1.0)",10,99.56666666666666,8378
"(0.75, 1.0)",6,99.56666666666666,8384
"(0.9333333333333332, 1.0)",10,99.56666666666666,8394
"(0.9, 1.0)",16,99.56666666666666,8410
"(0.8, 1.0)",9,99.56666666666666,8419
"(0.9833333333333332, 1.0)",5,99.56666666666666,8424
"(0.9666666666666668, 1.0)",12,99.56666666666666,8436
"(0.8372093023255814, 1.0)",1,99.55813953488372,8437
"(0.8488372093023255, 1.0)",1,99.55813953488372,8438
"(0.8255813953488372, 1.0)",1,99.55813953488372,8439
"(0.872093023255814, 1.0)",1,99.55813953488372,8440
"(0.8372093023255814, 1.0)",2,99.55813953488372,8442
"(0.9583333333333334, 1.0)",3,99.55555555555556,8445
"(0.8472222222222222, 1.0)",1,99.55555555555556,8446
"(0.75, 1.0)",4,99.55555555555556,8450
"(0.7916666666666666, 1.0)",1,99.55555555555556,8451
"(0.7638888888888888, 1.0)",1,99.55555555555556,8452
"(0.6944444444444444, 1.0)",1,99.55555555555556,8453
"(0.9722222222222222, 1.0)",1,99.55555555555556,8454
"(0.875, 1.0)",1,99.55555555555556,8455
"(0.9166666666666666, 1.0)",1,99.55555555555556,8456
"(0.9027777777777778, 1.0)",6,99.55555555555556,8462
"(0.7222222222222222, 1.0)",1,99.55555555555556,8463
"(0.8333333333333334, 1.0)",7,99.55555555555556,8470
"(0.8194444444444444, 1.0)",4,99.55555555555556,8474
"(0.8055555555555556, 1.0)",3,99.55555555555556,8477
"(0.7777777777777778, 1.0)",3,99.55555555555556,8480
"(0.9305555555555556, 1.0)",10,99.55555555555556,8490
"(0.8611111111111112, 1.0)",3,99.55555555555556,8493
"(0.7083333333333334, 1.0)",3,99.55555555555556,8496
"(0.8888888888888888, 1.0)",1,99.55555555555556,8497
"(0.9444444444444444, 1.0)",5,99.55555555555556,8502
"(0.8333333333333334, 1.0)",1,99.55555555555554,8503
"(0.9166666666666666, 1.0)",16,99.55,8519
"(0.8666666666666667, 1.0)",14,99.55,8533
"(0.8333333333333334, 1.0)",27,99.55,8560
"(0.7, 1.0)",3,99.55,8563
"(0.9666666666666668, 1.0)",7,99.55,8570
"(0.9, 1.0)",2,99.55,8572
"(0.7166666666666667, 1.0)",8,99.55,8580
"(0.95, 1.0)",8,99.55,8588
"(0.6666666666666666, 1.0)",2,99.55,8590
"(0.9833333333333332, 1.0)",6,99.55,8596
"(0.9333333333333332, 1.0)",1,99.55,8597
"(0.9333333333333332, 1.0)",7,99.55,8604
"(0.7333333333333333, 1.0)",4,99.55,8608
"(0.8, 1.0)",11,99.55,8619
"(0.8833333333333333, 1.0)",32,99.55,8651
"(0.8166666666666667, 1.0)",10,99.55,8661
"(0.75, 1.0)",6,99.55,8667
"(0.85, 1.0)",15,99.55,8682
"(0.6833333333333333, 1.0)",1,99.55,8683
"(1.0, 1.0)",14,99.55,8697
"(0.9, 1.0)",16,99.55,8713
"(0.7666666666666667, 1.0)",5,99.55,8718
"(0.8255813953488372, 1.0)",3,99.54651162790698,8721
"(0.8488372093023255, 1.0)",1,99.54651162790697,8722
"(0.8255813953488372, 1.0)",1,99.54651162790697,8723
"(0.8333333333333334, 1.0)",3,99.54166666666669,8726
"(0.7916666666666666, 1.0)",1,99.54166666666669,8727
"(0.7777777777777778, 1.0)",1,99.54166666666669,8728
"(0.8611111111111112, 1.0)",2,99.54166666666669,8730
"(0.6111111111111112, 1.0)",1,99.54166666666669,8731
"(0.9166666666666666, 1.0)",1,99.54166666666669,8732
"(0.6527777777777778, 1.0)",1,99.54166666666669,8733
"(0.9027777777777778, 1.0)",2,99.54166666666669,8735
"(0.75, 1.0)",1,99.54166666666666,8736
"(0.8472222222222222, 1.0)",1,99.54166666666666,8737
"(0.9444444444444444, 1.0)",1,99.54166666666666,8738
"(0.9305555555555556, 1.0)",6,99.54166666666666,8744
"(0.7777777777777778, 1.0)",1,99.54166666666666,8745
"(0.8333333333333334, 1.0)",5,99.54166666666666,8750
"(0.9166666666666666, 1.0)",2,99.54166666666666,8752
"(0.7638888888888888, 1.0)",2,99.54166666666666,8754
"(0.7361111111111112, 1.0)",1,99.54166666666666,8755
"(0.9027777777777778, 1.0)",1,99.54166666666666,8756
"(0.8055555555555556, 1.0)",1,99.54166666666666,8757
"(0.7083333333333334, 1.0)",5,99.54166666666666,8762
"(0.9583333333333334, 1.0)",2,99.54166666666666,8764
"(0.8611111111111112, 1.0)",4,99.54166666666666,8768
"(0.8194444444444444, 1.0)",1,99.54166666666666,8769
"(0.9186046511627908, 1.0)",1,99.53488372093022,8770
"(0.9069767441860463, 1.0)",1,99.53488372093022,8771
"(0.8488372093023255, 1.0)",2,99.53488372093022,8773
"(0.7325581395348837, 1.0)",1,99.53488372093022,8774
"(0.8837209302325582, 1.0)",1,99.53488372093022,8775
"(0.7, 1.0)",1,99.53333333333332,8776
"(0.9166666666666666, 1.0)",14,99.53333333333332,8790
"(0.8666666666666667, 1.0)",23,99.53333333333332,8813
"(0.8833333333333333, 1.0)",24,99.53333333333332,8837
"(0.7833333333333333, 1.0)",1,99.53333333333332,8838
"(0.8166666666666667, 1.0)",7,99.53333333333332,8845
"(0.7166666666666667, 1.0)",18,99.53333333333332,8863
"(0.9833333333333332, 1.0)",2,99.53333333333332,8865
"(0.95, 1.0)",4,99.53333333333332,8869
"(0.8, 1.0)",9,99.53333333333332,8878
"(0.85, 1.0)",20,99.53333333333332,8898
"(0.6666666666666666, 1.0)",4,99.53333333333332,8902
"(0.75, 1.0)",11,99.53333333333332,8913
"(0.6833333333333333, 1.0)",2,99.53333333333332,8915
"(0.7666666666666667, 1.0)",8,99.53333333333332,8923
"(0.9, 1.0)",12,99.53333333333332,8935
"(0.7333333333333333, 1.0)",16,99.53333333333332,8951
"(0.9666666666666668, 1.0)",10,99.53333333333332,8961
"(1.0, 1.0)",8,99.53333333333332,8969
"(0.9333333333333332, 1.0)",11,99.53333333333332,8980
"(0.8333333333333334, 1.0)",20,99.53333333333332,9000
"(0.875, 1.0)",1,99.52777777777776,9001
"(0.7083333333333334, 1.0)",1,99.52777777777776,9002
"(0.9444444444444444, 1.0)",5,99.52777777777776,9007
"(0.75, 1.0)",1,99.52777777777776,9008
"(0.9722222222222222, 1.0)",1,99.52777777777776,9009
"(0.8333333333333334, 1.0)",2,99.52777777777776,9011
"(0.9305555555555556, 1.0)",8,99.52777777777776,9019
"(0.7777777777777778, 1.0)",5,99.52777777777776,9024
"(0.8194444444444444, 1.0)",2,99.52777777777776,9026
"(0.8472222222222222, 1.0)",5,99.52777777777776,9031
"(0.7638888888888888, 1.0)",2,99.52777777777776,9033
"(0.9166666666666666, 1.0)",5,99.52777777777776,9038
"(0.9583333333333334, 1.0)",2,99.52777777777776,9040
"(0.8611111111111112, 1.0)",5,99.52777777777776,9045
"(0.8888888888888888, 1.0)",3,99.52777777777776,9048
"(0.9027777777777778, 1.0)",3,99.52777777777776,9051
"(0.8837209302325582, 1.0)",1,99.52325581395348,9052
"(0.7441860465116279, 1.0)",1,99.52325581395348,9053
"(0.9186046511627908, 1.0)",1,99.52325581395348,9054
"(0.8023255813953488, 1.0)",2,99.52325581395348,9056
"(0.8255813953488372, 1.0)",1,99.52325581395348,9057
"(0.9833333333333332, 0.9958333333333332)",1,99.52083333333336,9058
"(0.9833333333333332, 0.9958333333333332)",1,99.51666666666672,9059
"(0.9833333333333332, 1.0)",9,99.51666666666668,9068
"(0.8333333333333334, 1.0)",15,99.51666666666668,9083
"(0.8833333333333333, 1.0)",8,99.51666666666668,9091
"(0.9166666666666666, 1.0)",15,99.51666666666668,9106
"(0.7666666666666667, 1.0)",12,99.51666666666668,9118
"(0.7333333333333333, 1.0)",13,99.51666666666668,9131
"(0.8666666666666667, 1.0)",12,99.51666666666668,9143
"(0.6666666666666666, 1.0)",2,99.51666666666668,9145
"(0.8166666666666667, 1.0)",8,99.51666666666668,9153
"(0.95, 1.0)",10,99.51666666666668,9163
"(0.75, 1.0)",10,99.51666666666668,9173
"(0.9666666666666668, 1.0)",10,99.51666666666668,9183
"(1.0, 1.0)",3,99.51666666666668,9186
"(0.9, 1.0)",15,99.51666666666668,9201
"(0.7, 1.0)",2,99.51666666666668,9203
"(0.7833333333333333, 1.0)",4,99.51666666666668,9207
"(0.6833333333333333, 1.0)",2,99.51666666666668,9209
"(0.7166666666666667, 1.0)",19,99.51666666666668,9228
"(0.8, 1.0)",17,99.51666666666668,9245
"(0.9333333333333332, 1.0)",15,99.51666666666668,9260
"(0.85, 1.0)",24,99.51666666666668,9284
"(0.8666666666666667, 1.0)",1,99.51666666666664,9285
"(0.8194444444444444, 1.0)",2,99.51388888888889,9287
"(0.75, 1.0)",3,99.51388888888889,9290
"(0.7361111111111112, 1.0)",1,99.51388888888889,9291
"(0.7222222222222222, 1.0)",1,99.51388888888889,9292
"(0.8611111111111112, 1.0)",2,99.51388888888889,9294
"(0.9166666666666666, 1.0)",1,99.51388888888889,9295
"(0.6111111111111112, 1.0)",1,99.51388888888889,9296
"(0.7083333333333334, 1.0)",1,99.51388888888889,9297
"(0.8333333333333334, 1.0)",1,99.51388888888889,9298
"(0.9027777777777778, 1.0)",3,99.51388888888889,9301
"(0.7777777777777778, 1.0)",1,99.51388888888889,9302
"(0.875, 1.0)",3,99.51388888888889,9305
"(0.9444444444444444, 1.0)",4,99.51388888888889,9309
"(0.9583333333333334, 1.0)",3,99.51388888888889,9312
"(0.8888888888888888, 1.0)",3,99.51388888888889,9315
"(0.8055555555555556, 1.0)",2,99.51388888888889,9317
"(0.7638888888888888, 1.0)",3,99.51388888888889,9320
"(0.9305555555555556, 1.0)",2,99.51388888888889,9322
"(0.8472222222222222, 1.0)",1,99.51388888888889,9323
"(0.9875, 0.9958333333333332)",1,99.51250000000005,9324
"(0.872093023255814, 1.0)",2,99.51162790697674,9326
"(0.8255813953488372, 1.0)",1,99.51162790697674,9327
"(0.8488372093023255, 1.0)",1,99.51162790697674,9328
"(0.9186046511627908, 1.0)",1,99.51162790697674,9329
"(0.8372093023255814, 1.0)",1,99.51162790697674,9330
"(0.9708333333333332, 0.9958333333333332)",1,99.50000000000006,9331
"(0.975, 0.9958333333333332)",1,99.50000000000004,9332
"(0.6666666666666666, 1.0)",1,99.5,9333
"(0.7666666666666667, 1.0)",5,99.5,9338
"(0.7361111111111112, 1.0)",1,99.5,9339
"(0.9, 1.0)",12,99.5,9351
"(0.875, 1.0)",5,99.5,9356
"(0.8888888888888888, 1.0)",4,99.5,9360
"(0.6944444444444444, 1.0)",1,99.5,9361
"(0.7674418604651163, 1.0)",1,99.5,9362
"(0.9583333333333334, 1.0)",3,99.5,9365
"(1.0, 1.0)",10,99.5,9375
"(0.8611111111111112, 1.0)",3,99.5,9378
"(0.8166666666666667, 1.0)",8,99.5,9386
"(0.85, 1.0)",19,99.5,9405
"(0.7638888888888888, 1.0)",1,99.5,9406
"(0.9666666666666668, 1.0)",8,99.5,9414
"(0.8372093023255814, 1.0)",1,99.5,9415
"(0.6833333333333333, 1.0)",2,99.5,9417
"(0.95, 1.0)",5,99.5,9422
"(0.8055555555555556, 1.0)",2,99.5,9424
"(0.9833333333333332, 1.0)",6,99.5,9430
"(0.7833333333333333, 1.0)",5,99.5,9435
"(0.9444444444444444, 1.0)",3,99.5,9438
"(0.8837209302325582, 1.0)",1,99.5,9439
"(0.8833333333333333, 1.0)",12,99.5,9451
"(0.9305555555555556, 1.0)",4,99.5,9455
"(0.7083333333333334, 1.0)",2,99.5,9457
"(0.7777777777777778, 1.0)",4,99.5,9461
"(0.7333333333333333, 1.0)",12,99.5,9473
"(0.8604651162790697, 1.0)",1,99.5,9474
"(0.8, 1.0)",9,99.5,9483
"(0.7166666666666667, 1.0)",4,99.5,9487
"(0.7, 1.0)",2,99.5,9489
"(0.8666666666666667, 1.0)",19,99.5,9508
"(0.9166666666666666, 1.0)",18,99.5,9526
"(0.8194444444444444, 1.0)",8,99.5,9534
"(0.8488372093023255, 1.0)",1,99.5,9535
"(0.75, 1.0)",8,99.5,9543
"(0.9333333333333332, 1.0)",9,99.5,9552
"(0.8333333333333334, 1.0)",23,99.5,9575
"(0.7222222222222222, 1.0)",1,99.5,9576
"(0.9875, 0.9958333333333332)",1,99.49583333333338,9577
"(0.975, 0.9958333333333332)",1,99.49166666666672,9578
"(0.7674418604651163, 1.0)",1,99.48837209302326,9579
"(0.8953488372093024, 1.0)",1,99.48837209302326,9580
"(0.7906976744186046, 1.0)",1,99.48837209302326,9581
"(0.9186046511627908, 1.0)",2,99.48837209302326,9583
"(0.7441860465116279, 1.0)",1,99.48837209302326,9584
"(0.8372093023255814, 1.0)",1,99.48837209302326,9585
"(0.8488372093023255, 1.0)",1,99.48837209302324,9586
"(0.975, 0.9958333333333332)",1,99.48750000000004,9587
"(0.9444444444444444, 1.0)",6,99.48611111111111,9593
"(0.6527777777777778, 1.0)",2,99.48611111111111,9595
"(0.8194444444444444, 1.0)",1,99.48611111111111,9596
"(0.6805555555555556, 1.0)",2,99.48611111111111,9598
"(0.8888888888888888, 1.0)",3,99.48611111111111,9601
"(0.8472222222222222, 1.0)",3,99.48611111111111,9604
"(0.9305555555555556, 1.0)",6,99.48611111111111,9610
"(0.7361111111111112, 1.0)",2,99.48611111111111,9612
"(0.8055555555555556, 1.0)",2,99.48611111111111,9614
"(0.7777777777777778, 1.0)",5,99.48611111111111,9619
"(0.7083333333333334, 1.0)",1,99.48611111111111,9620
"(0.8611111111111112, 1.0)",2,99.48611111111111,9622
"(0.7222222222222222, 1.0)",1,99.48611111111111,9623
"(0.8333333333333334, 1.0)",6,99.48611111111111,9629
"(0.7638888888888888, 1.0)",2,99.48611111111111,9631
"(0.9027777777777778, 1.0)",4,99.48611111111111,9635
"(0.75, 1.0)",1,99.48611111111111,9636
"(0.7916666666666666, 1.0)",1,99.48611111111111,9637
"(0.9166666666666666, 1.0)",3,99.48611111111111,9640
"(0.9583333333333334, 1.0)",3,99.48611111111111,9643
"(0.8194444444444444, 1.0)",2,99.4861111111111,9645
"(0.9833333333333332, 0.9958333333333332)",2,99.48333333333338,9647
"(0.8666666666666667, 1.0)",1,99.48333333333332,9648
"(0.7333333333333333, 1.0)",13,99.48333333333332,9661
"(0.7, 1.0)",1,99.48333333333332,9662
"(1.0, 1.0)",8,99.48333333333332,9670
"(0.7666666666666667, 1.0)",5,99.48333333333332,9675
"(0.8833333333333333, 1.0)",11,99.48333333333332,9686
"(0.8, 1.0)",6,99.48333333333332,9692
"(0.6, 1.0)",1,99.48333333333332,9693
"(0.9166666666666666, 1.0)",11,99.48333333333332,9704
"(0.9666666666666668, 1.0)",7,99.48333333333332,9711
"(0.95, 1.0)",7,99.48333333333332,9718
"(0.9666666666666668, 1.0)",2,99.48333333333332,9720
"(0.8, 1.0)",3,99.48333333333332,9723
"(0.6666666666666666, 1.0)",2,99.48333333333332,9725
"(0.7166666666666667, 1.0)",12,99.48333333333332,9737
"(0.85, 1.0)",1,99.48333333333332,9738
"(0.6833333333333333, 1.0)",3,99.48333333333332,9741
"(0.8166666666666667, 1.0)",14,99.48333333333332,9755
"(0.95, 1.0)",1,99.48333333333332,9756
"(0.9333333333333332, 1.0)",10,99.48333333333332,9766
"(0.9833333333333332, 1.0)",5,99.48333333333332,9771
"(0.85, 1.0)",14,99.48333333333332,9785
"(0.9333333333333332, 1.0)",2,99.48333333333332,9787
"(0.9, 1.0)",13,99.48333333333332,9800
"(0.75, 1.0)",7,99.48333333333332,9807
"(0.8333333333333334, 1.0)",16,99.48333333333332,9823
"(0.6333333333333333, 1.0)",1,99.48333333333332,9824
"(0.8666666666666667, 1.0)",18,99.48333333333332,9842
"(0.9875, 0.9958333333333332)",3,99.47916666666671,9845
"(0.9833333333333332, 0.9958333333333332)",1,99.47916666666671,9846
"(0.9916666666666668, 0.9958333333333332)",1,99.4791666666667,9847
"(0.8837209302325582, 1.0)",1,99.47674418604652,9848
"(0.7674418604651163, 1.0)",1,99.47674418604652,9849
"(0.8255813953488372, 1.0)",2,99.47674418604652,9851
"(0.813953488372093, 1.0)",1,99.4767441860465,9852
"(0.8488372093023255, 1.0)",1,99.4767441860465,9853
"(0.9791666666666666, 0.9958333333333332)",1,99.47500000000004,9854
"(0.8888888888888888, 1.0)",1,99.47222222222224,9855
"(0.7777777777777778, 1.0)",6,99.47222222222224,9861
"(0.8333333333333334, 1.0)",5,99.47222222222224,9866
"(0.9583333333333334, 1.0)",3,99.47222222222224,9869
"(0.9305555555555556, 1.0)",4,99.47222222222224,9873
"(0.8472222222222222, 1.0)",1,99.47222222222224,9874
"(0.9722222222222222, 1.0)",1,99.47222222222224,9875
"(0.9027777777777778, 1.0)",1,99.47222222222224,9876
"(0.875, 1.0)",1,99.47222222222224,9877
"(0.9166666666666666, 1.0)",3,99.47222222222224,9880
"(0.8055555555555556, 1.0)",2,99.47222222222224,9882
"(0.9444444444444444, 1.0)",2,99.47222222222224,9884
"(0.7361111111111112, 1.0)",1,99.47222222222224,9885
"(0.8194444444444444, 1.0)",1,99.47222222222224,9886
"(0.7083333333333334, 1.0)",1,99.47222222222224,9887
"(0.75, 1.0)",1,99.47222222222224,9888
"(0.8611111111111112, 1.0)",6,99.47222222222224,9894
"(0.7916666666666666, 1.0)",1,99.47222222222224,9895
"(0.8472222222222222, 1.0)",1,99.4722222222222,9896
"(0.8333333333333334, 1.0)",1,99.4722222222222,9897
"(0.7638888888888888, 1.0)",2,99.4722222222222,9899
"(0.9166666666666666, 1.0)",3,99.4722222222222,9902
"(0.8888888888888888, 1.0)",2,99.4722222222222,9904
"(0.8194444444444444, 1.0)",3,99.4722222222222,9907
"(0.8611111111111112, 1.0)",1,99.4722222222222,9908
"(0.9027777777777778, 1.0)",1,99.4722222222222,9909
"(0.7083333333333334, 1.0)",1,99.4722222222222,9910
"(0.9444444444444444, 1.0)",2,99.4722222222222,9912
"(0.9833333333333332, 0.9958333333333332)",2,99.47083333333336,9914
"(0.9875, 0.9958333333333332)",2,99.46666666666673,9916
"(0.7666666666666667, 1.0)",4,99.46666666666668,9920
"(0.9333333333333332, 1.0)",8,99.46666666666668,9928
"(0.85, 1.0)",11,99.46666666666668,9939
"(0.6666666666666666, 1.0)",5,99.46666666666668,9944
"(0.9666666666666668, 1.0)",2,99.46666666666668,9946
"(0.9, 1.0)",14,99.46666666666668,9960
"(0.7, 1.0)",2,99.46666666666668,9962
"(1.0, 1.0)",5,99.46666666666668,9967
"(0.8, 1.0)",8,99.46666666666668,9975
"(0.8166666666666667, 1.0)",8,99.46666666666668,9983
"(0.8333333333333334, 1.0)",13,99.46666666666668,9996
"(0.8833333333333333, 1.0)",10,99.46666666666668,10006
"(0.6833333333333333, 1.0)",2,99.46666666666668,10008
"(0.7333333333333333, 1.0)",6,99.46666666666668,10014
"(0.7833333333333333, 1.0)",4,99.46666666666668,10018
"(0.75, 1.0)",6,99.46666666666668,10024
"(0.7166666666666667, 1.0)",9,99.46666666666668,10033
"(0.9166666666666666, 1.0)",19,99.46666666666668,10052
"(0.9833333333333332, 1.0)",13,99.46666666666668,10065
"(0.95, 1.0)",4,99.46666666666668,10069
"(0.8666666666666667, 1.0)",13,99.46666666666668,10082
"(0.8488372093023255, 1.0)",1,99.46511627906976,10083
"(0.9186046511627908, 1.0)",2,99.46511627906976,10085
"(0.8837209302325582, 1.0)",1,99.46511627906976,10086
"(0.8023255813953488, 1.0)",1,99.46511627906976,10087
"(0.7674418604651163, 1.0)",1,99.46511627906976,10088
"(0.8255813953488372, 1.0)",1,99.46511627906976,10089
"(0.872093023255814, 1.0)",2,99.46511627906976,10091
"(0.813953488372093, 1.0)",1,99.46511627906976,10092
"(0.975, 0.9958333333333332)",1,99.46250000000006,10093
"(0.975, 0.9958333333333332)",1,99.46250000000003,10094
"(0.975, 0.9958333333333332)",1,99.46250000000003,10095
"(0.9708333333333332, 0.9958333333333332)",1,99.46250000000003,10096
"(0.9916666666666668, 0.9958333333333332)",1,99.46250000000003,10097
"(0.9833333333333332, 0.9958333333333332)",1,99.4583333333334,10098
"(0.9875, 0.9958333333333332)",2,99.45833333333336,10100
"(0.7361111111111112, 1.0)",1,99.45833333333334,10101
"(0.6805555555555556, 1.0)",1,99.45833333333334,10102
"(0.6111111111111112, 1.0)",1,99.45833333333334,10103
"(0.9305555555555556, 1.0)",2,99.45833333333334,10105
"(0.7222222222222222, 1.0)",1,99.45833333333334,10106
"(0.6944444444444444, 1.0)",1,99.45833333333334,10107
"(0.8194444444444444, 1.0)",2,99.45833333333331,10109
"(0.8055555555555556, 1.0)",1,99.45833333333331,10110
"(0.7361111111111112, 1.0)",2,99.45833333333331,10112
"(0.9027777777777778, 1.0)",3,99.45833333333331,10115
"(0.8611111111111112, 1.0)",4,99.45833333333331,10119
"(0.8333333333333334, 1.0)",6,99.45833333333331,10125
"(0.7777777777777778, 1.0)",1,99.45833333333331,10126
"(0.8888888888888888, 1.0)",2,99.45833333333331,10128
"(0.9305555555555556, 1.0)",3,99.45833333333331,10131
"(0.875, 1.0)",1,99.45833333333331,10132
"(0.9583333333333334, 1.0)",2,99.45833333333331,10134
"(0.9444444444444444, 1.0)",7,99.45833333333331,10141
"(0.7916666666666666, 1.0)",1,99.45833333333331,10142
"(0.75, 1.0)",2,99.45833333333331,10144
"(0.7638888888888888, 1.0)",4,99.45833333333331,10148
"(0.7083333333333334, 1.0)",2,99.45833333333331,10150
"(0.9166666666666666, 1.0)",2,99.45833333333331,10152
"(0.8472222222222222, 1.0)",4,99.45833333333331,10156
"(0.9791666666666666, 0.9958333333333332)",1,99.45416666666672,10157
"(0.9916666666666668, 0.9958333333333332)",2,99.45416666666672,10159
"(0.9875, 0.9958333333333332)",3,99.45416666666672,10162
"(1.0, 0.9958333333333332)",1,99.45416666666672,10163
"(0.9833333333333332, 0.9958333333333332)",1,99.45416666666672,10164
"(0.9833333333333332, 0.9958333333333332)",2,99.45416666666672,10166
"(0.9916666666666668, 0.9958333333333332)",1,99.45416666666672,10167
"(0.9186046511627908, 1.0)",1,99.45348837209302,10168
"(0.8837209302325582, 1.0)",1,99.45348837209302,10169
"(0.7674418604651163, 1.0)",2,99.45348837209302,10171
"(0.872093023255814, 1.0)",1,99.45348837209302,10172
"(0.8604651162790697, 1.0)",1,99.45348837209302,10173
"(0.7441860465116279, 1.0)",1,99.45348837209302,10174
"(0.8372093023255814, 1.0)",1,99.45348837209302,10175
"(0.7906976744186046, 1.0)",1,99.45348837209302,10176
"(0.8255813953488372, 1.0)",3,99.45348837209302,10179
"(0.9666666666666668, 0.9958333333333332)",1,99.45000000000006,10180
"(0.9791666666666666, 0.9958333333333332)",1,99.45000000000005,10181
"(0.9708333333333332, 0.9958333333333332)",1,99.45000000000005,10182
"(0.9833333333333332, 0.9958333333333332)",1,99.45000000000005,10183
"(1.0, 0.9958333333333332)",1,99.45000000000005,10184
"(0.7833333333333333, 1.0)",1,99.45,10185
"(0.8333333333333334, 1.0)",10,99.45,10195
"(0.8333333333333334, 1.0)",4,99.45,10199
"(0.9833333333333332, 1.0)",4,99.45,10203
"(0.7166666666666667, 1.0)",9,99.45,10212
"(0.9833333333333332, 1.0)",3,99.45,10215
"(0.8666666666666667, 1.0)",11,99.45,10226
"(0.9666666666666668, 1.0)",4,99.45,10230
"(0.6166666666666667, 1.0)",1,99.45,10231
"(0.8, 1.0)",1,99.45,10232
"(0.8166666666666667, 1.0)",7,99.45,10239
"(0.7, 1.0)",2,99.45,10241
"(0.8, 1.0)",6,99.45,10247
"(0.9333333333333332, 1.0)",4,99.45,10251
"(0.7333333333333333, 1.0)",8,99.45,10259
"(0.9666666666666668, 1.0)",1,99.45,10260
"(0.6666666666666666, 1.0)",1,99.45,10261
"(0.8833333333333333, 1.0)",12,99.45,10273
"(0.6666666666666666, 1.0)",2,99.45,10275
"(0.85, 1.0)",8,99.45,10283
"(0.9, 1.0)",8,99.45,10291
"(0.8666666666666667, 1.0)",4,99.45,10295
"(0.6833333333333333, 1.0)",1,99.45,10296
"(0.7666666666666667, 1.0)",1,99.45,10297
"(0.8166666666666667, 1.0)",1,99.45,10298
"(0.95, 1.0)",7,99.45,10305
"(0.7333333333333333, 1.0)",1,99.45,10306
"(0.9, 1.0)",2,99.45,10308
"(0.7166666666666667, 1.0)",2,99.45,10310
"(0.75, 1.0)",7,99.45,10317
"(0.9166666666666666, 1.0)",8,99.45,10325
"(0.8833333333333333, 1.0)",2,99.45,10327
"(1.0, 1.0)",5,99.45,10332
"(0.9166666666666666, 1.0)",3,99.45,10335
"(0.9875, 0.9958333333333332)",1,99.44583333333338,10336
"(0.975, 0.9958333333333332)",2,99.44583333333338,10338
"(0.9833333333333332, 0.9958333333333332)",2,99.44583333333338,10340
"(1.0, 0.9958333333333332)",1,99.44583333333335,10341
"(0.9916666666666668, 0.9958333333333332)",2,99.44583333333335,10343
"(0.7916666666666666, 1.0)",2,99.44444444444444,10345
"(0.9722222222222222, 1.0)",2,99.44444444444444,10347
"(0.8888888888888888, 1.0)",4,99.44444444444444,10351
"(0.8194444444444444, 1.0)",3,99.44444444444444,10354
"(0.8611111111111112, 1.0)",3,99.44444444444444,10357
"(0.8055555555555556, 1.0)",2,99.44444444444444,10359
"(0.6944444444444444, 1.0)",1,99.44444444444444,10360
"(0.9166666666666666, 1.0)",3,99.44444444444444,10363
"(0.8472222222222222, 1.0)",1,99.44444444444444,10364
"(0.7361111111111112, 1.0)",1,99.44444444444444,10365
"(0.875, 1.0)",2,99.44444444444444,10367
"(0.7083333333333334, 1.0)",4,99.44444444444444,10371
"(0.9583333333333334, 1.0)",2,99.44444444444444,10373
"(0.9444444444444444, 1.0)",6,99.44444444444444,10379
"(0.8333333333333334, 1.0)",5,99.44444444444444,10384
"(0.75, 1.0)",2,99.44444444444444,10386
"(0.9305555555555556, 1.0)",3,99.44444444444444,10389
"(0.7777777777777778, 1.0)",4,99.44444444444444,10393
"(0.7638888888888888, 1.0)",1,99.44444444444444,10394
"(0.9027777777777778, 1.0)",3,99.44444444444444,10397
"(0.7441860465116279, 1.0)",1,99.44186046511628,10398
"(0.6162790697674418, 1.0)",1,99.44186046511628,10399
"(0.8372093023255814, 1.0)",1,99.44186046511628,10400
"(0.7674418604651163, 1.0)",1,99.44186046511628,10401
"(0.8255813953488372, 1.0)",2,99.44186046511628,10403
"(0.9186046511627908, 1.0)",1,99.44186046511628,10404
"(0.8604651162790697, 1.0)",1,99.44186046511628,10405
"(0.9875, 0.9958333333333332)",1,99.44166666666672,10406
"(0.9708333333333332, 0.9958333333333332)",1,99.44166666666672,10407
"(0.9791666666666666, 0.9958333333333332)",1,99.44166666666672,10408
"(0.9625, 0.9958333333333332)",1,99.44166666666672,10409
"(0.975, 0.9958333333333332)",1,99.44166666666672,10410
"(0.9833333333333332, 0.9958333333333332)",1,99.44166666666672,10411
"(1.0, 0.9958333333333332)",1,99.4416666666667,10412
"(0.9833333333333332, 0.9958333333333332)",2,99.4416666666667,10414
"(0.9791666666666666, 0.9958333333333332)",1,99.4416666666667,10415
"(0.9916666666666668, 0.9958333333333332)",1,99.4416666666667,10416
"(0.9791666666666666, 0.9958333333333332)",2,99.43750000000006,10418
"(0.975, 0.9958333333333332)",1,99.43750000000006,10419
"(0.9625, 0.9958333333333332)",1,99.43750000000006,10420
"(0.9708333333333332, 0.9958333333333332)",1,99.43750000000004,10421
"(0.9833333333333332, 0.9958333333333332)",1,99.43750000000004,10422
"(0.9833333333333332, 0.9958333333333332)",2,99.43750000000004,10424
"(0.9791666666666666, 0.9958333333333332)",1,99.4333333333334,10425
"(0.9875, 0.9958333333333332)",1,99.4333333333334,10426
"(0.95, 0.9958333333333332)",1,99.4333333333334,10427
"(0.9791666666666666, 0.9958333333333332)",1,99.4333333333334,10428
"(0.975, 0.9958333333333332)",1,99.43333333333338,10429
"(0.9833333333333332, 0.9958333333333332)",3,99.43333333333338,10432
"(0.95, 0.9958333333333332)",1,99.43333333333338,10433
"(0.9875, 0.9958333333333332)",1,99.43333333333338,10434
"(1.0, 0.9958333333333332)",1,99.43333333333338,10435
"(0.975, 0.9958333333333332)",2,99.43333333333337,10437
"(0.95, 0.9958333333333332)",1,99.43333333333337,10438
"(0.9958333333333332, 0.9958333333333332)",1,99.43333333333337,10439
"(0.8333333333333334, 1.0)",7,99.43333333333334,10446
"(0.7333333333333333, 1.0)",3,99.43333333333334,10449
"(0.9833333333333332, 1.0)",5,99.43333333333334,10454
"(0.85, 1.0)",9,99.43333333333334,10463
"(0.7166666666666667, 1.0)",6,99.43333333333334,10469
"(1.0, 1.0)",5,99.43333333333334,10474
"(0.9333333333333332, 1.0)",9,99.43333333333334,10483
"(0.9, 1.0)",7,99.43333333333334,10490
"(0.7, 1.0)",4,99.43333333333334,10494
"(0.9666666666666668, 1.0)",4,99.43333333333334,10498
"(0.7833333333333333, 1.0)",3,99.43333333333334,10501
"(0.8833333333333333, 1.0)",7,99.43333333333334,10508
"(0.95, 1.0)",5,99.43333333333334,10513
"(0.8, 1.0)",9,99.43333333333334,10522
"(0.7666666666666667, 1.0)",10,99.43333333333334,10532
"(0.9166666666666666, 1.0)",10,99.43333333333334,10542
"(0.6833333333333333, 1.0)",2,99.43333333333334,10544
"(0.75, 1.0)",7,99.43333333333334,10551
"(0.8666666666666667, 1.0)",10,99.43333333333334,10561
"(0.8166666666666667, 1.0)",7,99.43333333333334,10568
"(0.5666666666666667, 1.0)",2,99.43333333333334,10570
"(0.9, 1.0)",1,99.43333333333332,10571
"(0.8055555555555556, 1.0)",1,99.43055555555556,10572
"(0.7638888888888888, 1.0)",1,99.43055555555556,10573
"(0.9583333333333334, 1.0)",3,99.43055555555556,10576
"(0.9166666666666666, 1.0)",2,99.43055555555556,10578
"(0.7777777777777778, 1.0)",4,99.43055555555556,10582
"(0.9444444444444444, 1.0)",4,99.43055555555556,10586
"(0.7361111111111112, 1.0)",1,99.43055555555556,10587
"(0.6944444444444444, 1.0)",1,99.43055555555556,10588
"(0.7916666666666666, 1.0)",1,99.43055555555556,10589
"(0.9027777777777778, 1.0)",7,99.43055555555556,10596
"(0.75, 1.0)",1,99.43055555555556,10597
"(0.9305555555555556, 1.0)",3,99.43055555555556,10600
"(0.8888888888888888, 1.0)",6,99.43055555555556,10606
"(0.7083333333333334, 1.0)",2,99.43055555555556,10608
"(0.8611111111111112, 1.0)",1,99.43055555555556,10609
"(0.8333333333333334, 1.0)",1,99.43055555555556,10610
"(0.7222222222222222, 1.0)",1,99.43055555555556,10611
"(0.875, 1.0)",2,99.43055555555556,10613
"(0.8472222222222222, 1.0)",1,99.43055555555556,10614
"(0.7638888888888888, 1.0)",1,99.43055555555554,10615
"(0.9027777777777778, 1.0)",2,99.43055555555554,10617
"(0.8888888888888888, 1.0)",2,99.43055555555554,10619
"(0.875, 1.0)",1,99.43055555555554,10620
"(0.8194444444444444, 1.0)",2,99.43055555555554,10622
"(0.7777777777777778, 1.0)",1,99.43055555555554,10623
"(0.9186046511627908, 1.0)",2,99.43023255813954,10625
"(0.7441860465116279, 1.0)",1,99.43023255813954,10626
"(0.7906976744186046, 1.0)",1,99.43023255813954,10627
"(0.872093023255814, 1.0)",1,99.43023255813954,10628
"(0.8023255813953488, 1.0)",1,99.43023255813954,10629
"(0.7674418604651163, 1.0)",1,99.43023255813954,10630
"(0.8488372093023255, 1.0)",1,99.43023255813952,10631
"(0.872093023255814, 1.0)",1,99.43023255813952,10632
"(0.8255813953488372, 1.0)",1,99.43023255813952,10633
"(0.9625, 0.9958333333333332)",1,99.42916666666672,10634
"(0.9875, 0.9958333333333332)",1,99.42916666666672,10635
"(0.9541666666666668, 0.9958333333333332)",1,99.42916666666672,10636
"(0.9833333333333332, 0.9958333333333332)",1,99.42916666666672,10637
"(0.9833333333333332, 0.9958333333333332)",1,99.42916666666672,10638
"(0.9791666666666666, 0.9958333333333332)",1,99.42916666666672,10639
"(0.9708333333333332, 0.9958333333333332)",1,99.42916666666672,10640
"(0.9833333333333332, 0.9958333333333332)",1,99.4291666666667,10641
"(0.9916666666666668, 0.9958333333333332)",1,99.4291666666667,10642
"(0.9708333333333332, 0.9958333333333332)",1,99.4291666666667,10643
"(0.975, 0.9958333333333332)",1,99.42500000000004,10644
"(1.0, 0.9958333333333332)",2,99.42500000000004,10646
"(0.9583333333333334, 0.9958333333333332)",1,99.42500000000004,10647
"(0.9833333333333332, 0.9958333333333332)",1,99.42500000000004,10648
"(0.9708333333333332, 0.9958333333333332)",1,99.42500000000004,10649
"(0.9708333333333332, 0.9958333333333332)",1,99.42500000000004,10650
"(0.9833333333333332, 0.9958333333333332)",3,99.42500000000004,10653
"(0.975, 0.9958333333333332)",3,99.42500000000004,10656
"(0.9791666666666666, 0.9958333333333332)",1,99.42500000000004,10657
"(0.9875, 0.9958333333333332)",2,99.42500000000004,10659
"(0.9916666666666668, 0.9958333333333332)",1,99.42500000000004,10660
"(0.975, 0.9958333333333332)",1,99.42083333333338,10661
"(0.9875, 0.9958333333333332)",4,99.42083333333338,10665
"(0.9791666666666666, 0.9958333333333332)",2,99.42083333333338,10667
"(0.9916666666666668, 0.9958333333333332)",1,99.42083333333338,10668
"(0.9708333333333332, 0.9958333333333332)",1,99.42083333333338,10669
"(0.9833333333333332, 0.9958333333333332)",1,99.42083333333338,10670
"(0.8837209302325582, 1.0)",1,99.4186046511628,10671
"(0.872093023255814, 1.0)",1,99.4186046511628,10672
"(0.7441860465116279, 1.0)",1,99.41860465116278,10673
"(0.872093023255814, 1.0)",1,99.41860465116278,10674
"(0.7906976744186046, 1.0)",1,99.41860465116278,10675
"(0.9186046511627908, 1.0)",1,99.41860465116278,10676
"(0.8837209302325582, 1.0)",2,99.41860465116278,10678
"(0.7674418604651163, 1.0)",1,99.41860465116278,10679
"(0.8488372093023255, 1.0)",2,99.41860465116278,10681
"(0.8255813953488372, 1.0)",2,99.41860465116278,10683
"(0.8023255813953488, 1.0)",1,99.41860465116278,10684
"(0.9625, 0.9958333333333332)",1,99.41666666666671,10685
"(0.9708333333333332, 0.9958333333333332)",1,99.41666666666671,10686
"(0.9666666666666668, 0.9958333333333332)",1,99.41666666666671,10687
"(1.0, 0.9958333333333332)",1,99.41666666666671,10688
"(0.9833333333333332, 0.9958333333333332)",3,99.41666666666671,10691
"(0.9916666666666668, 0.9958333333333332)",1,99.41666666666671,10692
"(0.9791666666666666, 0.9958333333333332)",1,99.41666666666671,10693
"(0.9875, 0.9958333333333332)",1,99.4166666666667,10694
"(0.9, 1.0)",2,99.41666666666669,10696
"(0.6833333333333333, 1.0)",2,99.41666666666669,10698
"(0.8833333333333333, 1.0)",5,99.41666666666669,10703
"(0.7333333333333333, 1.0)",3,99.41666666666669,10706
"(0.8166666666666667, 1.0)",1,99.41666666666669,10707
"(0.7666666666666667, 1.0)",1,99.41666666666669,10708
"(0.9833333333333332, 1.0)",5,99.41666666666669,10713
"(0.85, 1.0)",1,99.41666666666669,10714
"(0.9444444444444444, 1.0)",1,99.41666666666669,10715
"(0.8, 1.0)",1,99.41666666666669,10716
"(0.7166666666666667, 1.0)",2,99.41666666666669,10718
"(0.9666666666666668, 1.0)",2,99.41666666666669,10720
"(0.75, 1.0)",5,99.41666666666669,10725
"(0.9305555555555556, 1.0)",2,99.41666666666669,10727
"(0.8666666666666667, 1.0)",9,99.41666666666669,10736
"(0.9333333333333332, 1.0)",3,99.41666666666669,10739
"(0.7777777777777778, 1.0)",1,99.41666666666669,10740
"(0.7638888888888888, 1.0)",1,99.41666666666669,10741
"(0.6666666666666666, 1.0)",2,99.41666666666669,10743
"(0.7, 1.0)",1,99.41666666666669,10744
"(0.8333333333333334, 1.0)",7,99.41666666666669,10751
"(1.0, 1.0)",1,99.41666666666669,10752
"(0.9166666666666666, 1.0)",1,99.41666666666669,10753
"(0.8055555555555556, 1.0)",1,99.41666666666669,10754
"(0.8888888888888888, 1.0)",2,99.41666666666669,10756
"(0.8666666666666667, 1.0)",3,99.41666666666666,10759
"(0.7833333333333333, 1.0)",2,99.41666666666666,10761
"(0.6833333333333333, 1.0)",2,99.41666666666666,10763
"(0.8194444444444444, 1.0)",1,99.41666666666666,10764
"(0.6666666666666666, 1.0)",1,99.41666666666666,10765
"(0.9722222222222222, 1.0)",1,99.41666666666666,10766
"(0.6944444444444444, 1.0)",2,99.41666666666666,10768
"(0.9333333333333332, 1.0)",4,99.41666666666666,10772
"(0.9444444444444444, 1.0)",1,99.41666666666666,10773
"(0.9305555555555556, 1.0)",3,99.41666666666666,10776
"(0.7777777777777778, 1.0)",4,99.41666666666666,10780
"(0.75, 1.0)",12,99.41666666666666,10792
"(0.9, 1.0)",11,99.41666666666666,10803
"(0.85, 1.0)",9,99.41666666666666,10812
"(0.6111111111111112, 1.0)",1,99.41666666666666,10813
"(0.9027777777777778, 1.0)",2,99.41666666666666,10815
"(0.9666666666666668, 1.0)",5,99.41666666666666,10820
"(0.95, 1.0)",3,99.41666666666666,10823
"(0.7083333333333334, 1.0)",4,99.41666666666666,10827
"(0.8888888888888888, 1.0)",1,99.41666666666666,10828
"(0.6805555555555556, 1.0)",1,99.41666666666666,10829
"(0.7638888888888888, 1.0)",3,99.41666666666666,10832
"(1.0, 1.0)",2,99.41666666666666,10834
"(0.8, 1.0)",4,99.41666666666666,10838
"(0.8166666666666667, 1.0)",3,99.41666666666666,10841
"(0.8833333333333333, 1.0)",6,99.41666666666666,10847
"(0.7, 1.0)",1,99.41666666666666,10848
"(0.9166666666666666, 1.0)",8,99.41666666666666,10856
"(0.8055555555555556, 1.0)",2,99.41666666666666,10858
"(0.9833333333333332, 1.0)",5,99.41666666666666,10863
"(0.7166666666666667, 1.0)",5,99.41666666666666,10868
"(0.7666666666666667, 1.0)",4,99.41666666666666,10872
"(0.5972222222222222, 1.0)",1,99.41666666666666,10873
"(0.8333333333333334, 1.0)",9,99.41666666666666,10882
"(0.7333333333333333, 1.0)",13,99.41666666666666,10895
"(0.9833333333333332, 0.9958333333333332)",1,99.41250000000008,10896
"(0.9791666666666666, 0.9958333333333332)",1,99.41250000000004,10897
"(0.9916666666666668, 0.9958333333333332)",2,99.41250000000004,10899
"(0.9875, 0.9958333333333332)",2,99.41250000000004,10901
"(0.9833333333333332, 0.9958333333333332)",1,99.41250000000004,10902
"(0.975, 0.9958333333333332)",1,99.41250000000004,10903
"(0.9583333333333334, 0.9958333333333332)",1,99.41250000000004,10904
"(0.9958333333333332, 0.9958333333333332)",1,99.41250000000004,10905
"(0.9791666666666666, 0.9958333333333332)",1,99.4083333333334,10906
"(0.9791666666666666, 0.9958333333333332)",1,99.4083333333334,10907
"(0.975, 0.9958333333333332)",1,99.4083333333334,10908
"(0.9833333333333332, 0.9958333333333332)",1,99.4083333333334,10909
"(0.9875, 0.9958333333333332)",1,99.40833333333336,10910
"(0.9833333333333332, 0.9958333333333332)",1,99.40833333333336,10911
"(0.975, 0.9958333333333332)",2,99.40833333333336,10913
"(0.9666666666666668, 0.9958333333333332)",2,99.40833333333336,10915
"(0.8953488372093024, 1.0)",1,99.40697674418604,10916
"(0.9186046511627908, 1.0)",1,99.40697674418604,10917
"(0.8837209302325582, 1.0)",2,99.40697674418604,10919
"(0.7674418604651163, 1.0)",1,99.40697674418604,10920
"(0.7441860465116279, 1.0)",1,99.40697674418604,10921
"(0.872093023255814, 1.0)",3,99.40697674418604,10924
"(0.8488372093023255, 1.0)",1,99.40697674418604,10925
"(0.8023255813953488, 1.0)",1,99.40697674418604,10926
"(0.7906976744186046, 1.0)",1,99.40697674418604,10927
"(0.9833333333333332, 0.9958333333333332)",1,99.40416666666674,10928
"(0.9875, 0.9958333333333332)",1,99.40416666666674,10929
"(0.9791666666666666, 0.9958333333333332)",2,99.40416666666673,10931
"(0.9875, 0.9958333333333332)",1,99.40416666666673,10932
"(0.9833333333333332, 0.9958333333333332)",2,99.40416666666673,10934
"(0.9708333333333332, 0.9958333333333332)",1,99.40416666666673,10935
"(0.9541666666666668, 0.9958333333333332)",1,99.40416666666673,10936
"(0.9625, 0.9958333333333332)",1,99.40416666666673,10937
"(0.9875, 0.9958333333333332)",2,99.40416666666673,10939
"(0.9625, 0.9958333333333332)",1,99.40416666666673,10940
"(0.9833333333333332, 0.9958333333333332)",1,99.4041666666667,10941
"(0.9444444444444444, 1.0)",1,99.4027777777778,10942
"(0.9583333333333334, 1.0)",5,99.40277777777776,10947
"(0.8611111111111112, 1.0)",2,99.40277777777776,10949
"(0.9444444444444444, 1.0)",5,99.40277777777776,10954
"(0.7777777777777778, 1.0)",4,99.40277777777776,10958
"(0.8194444444444444, 1.0)",2,99.40277777777776,10960
"(0.8055555555555556, 1.0)",2,99.40277777777776,10962
"(0.7361111111111112, 1.0)",3,99.40277777777776,10965
"(0.7083333333333334, 1.0)",3,99.40277777777776,10968
"(0.9722222222222222, 1.0)",2,99.40277777777776,10970
"(0.8333333333333334, 1.0)",8,99.40277777777776,10978
"(0.8888888888888888, 1.0)",1,99.40277777777776,10979
"(0.7638888888888888, 1.0)",5,99.40277777777776,10984
"(0.9305555555555556, 1.0)",2,99.40277777777776,10986
"(0.8472222222222222, 1.0)",1,99.40277777777776,10987
"(0.9166666666666666, 1.0)",3,99.40277777777776,10990
"(0.75, 1.0)",3,99.40277777777776,10993
"(0.875, 1.0)",1,99.40277777777776,10994
"(0.9027777777777778, 1.0)",2,99.40277777777776,10996
"(0.9791666666666666, 0.9958333333333332)",1,99.40000000000006,10997
"(0.975, 0.9958333333333332)",1,99.40000000000003,10998
"(0.9583333333333334, 0.9958333333333332)",1,99.40000000000003,10999
"(0.9791666666666666, 0.9958333333333332)",1,99.40000000000003,11000
"(0.9791666666666666, 0.9958333333333332)",1,99.40000000000003,11001
"(0.975, 0.9958333333333332)",3,99.40000000000003,11004
"(0.9916666666666668, 0.9958333333333332)",1,99.40000000000003,11005
"(0.9875, 0.9958333333333332)",1,99.40000000000003,11006
"(0.9666666666666668, 1.0)",1,99.4,11007
"(0.95, 1.0)",1,99.4,11008
"(0.8833333333333333, 1.0)",8,99.4,11016
"(0.7333333333333333, 1.0)",9,99.4,11025
"(0.85, 1.0)",7,99.4,11032
"(0.7666666666666667, 1.0)",6,99.4,11038
"(0.9833333333333332, 1.0)",1,99.4,11039
"(0.9666666666666668, 1.0)",1,99.4,11040
"(0.8333333333333334, 1.0)",8,99.4,11048
"(0.6833333333333333, 1.0)",4,99.4,11052
"(0.7833333333333333, 1.0)",4,99.4,11056
"(1.0, 1.0)",5,99.4,11061
"(0.9833333333333332, 1.0)",4,99.4,11065
"(0.9166666666666666, 1.0)",4,99.4,11069
"(0.6666666666666666, 1.0)",2,99.4,11071
"(0.9, 1.0)",11,99.4,11082
"(0.9333333333333332, 1.0)",9,99.4,11091
"(0.8, 1.0)",9,99.4,11100
"(0.7166666666666667, 1.0)",2,99.4,11102
"(0.8166666666666667, 1.0)",7,99.4,11109
"(0.85, 1.0)",2,99.4,11111
"(0.8666666666666667, 1.0)",15,99.4,11126
"(0.7, 1.0)",1,99.4,11127
"(0.75, 1.0)",9,99.4,11136
"(0.9791666666666666, 0.9958333333333332)",3,99.3958333333334,11139
"(0.9833333333333332, 0.9958333333333332)",1,99.3958333333334,11140
"(0.9916666666666668, 0.9958333333333332)",1,99.3958333333334,11141
"(0.9875, 0.9958333333333332)",2,99.39583333333336,11143
"(0.9791666666666666, 0.9958333333333332)",1,99.39583333333336,11144
"(0.9625, 0.9958333333333332)",1,99.39583333333336,11145
"(0.9833333333333332, 0.9958333333333332)",1,99.39583333333336,11146
"(0.8837209302325582, 1.0)",1,99.3953488372093,11147
"(0.8488372093023255, 1.0)",2,99.3953488372093,11149
"(0.8255813953488372, 1.0)",1,99.3953488372093,11150
"(0.7325581395348837, 1.0)",1,99.3953488372093,11151
"(0.9875, 0.9958333333333332)",1,99.39166666666674,11152
"(0.975, 0.9958333333333332)",2,99.39166666666672,11154
"(0.975, 0.9958333333333332)",1,99.39166666666672,11155
"(0.9583333333333334, 0.9958333333333332)",1,99.39166666666672,11156
"(0.9916666666666668, 0.9958333333333332)",2,99.39166666666672,11158
"(0.9916666666666668, 0.9958333333333332)",1,99.39166666666672,11159
"(0.8194444444444444, 1.0)",4,99.38888888888889,11163
"(0.7361111111111112, 1.0)",2,99.38888888888889,11165
"(0.7222222222222222, 1.0)",1,99.38888888888889,11166
"(0.9166666666666666, 1.0)",1,99.38888888888889,11167
"(0.6944444444444444, 1.0)",4,99.38888888888889,11171
"(0.9444444444444444, 1.0)",1,99.38888888888889,11172
"(0.875, 1.0)",1,99.38888888888889,11173
"(0.8333333333333334, 1.0)",2,99.38888888888889,11175
"(0.75, 1.0)",2,99.38888888888889,11177
"(0.9305555555555556, 1.0)",6,99.38888888888889,11183
"(0.9027777777777778, 1.0)",2,99.38888888888889,11185
"(0.5972222222222222, 1.0)",1,99.38888888888889,11186
"(0.8055555555555556, 1.0)",1,99.38888888888889,11187
"(0.8888888888888888, 1.0)",3,99.38888888888889,11190
"(0.7638888888888888, 1.0)",1,99.38888888888889,11191
"(0.7777777777777778, 1.0)",2,99.38888888888889,11193
"(0.7083333333333334, 1.0)",2,99.38888888888889,11195
"(0.8472222222222222, 1.0)",2,99.38888888888889,11197
"(0.9916666666666668, 0.9958333333333332)",1,99.38750000000006,11198
"(0.9833333333333332, 0.9958333333333332)",2,99.38750000000005,11200
"(0.975, 0.9958333333333332)",1,99.38750000000005,11201
"(0.9791666666666666, 0.9958333333333332)",2,99.38750000000005,11203
"(0.9875, 0.9958333333333332)",3,99.38750000000005,11206
"(0.9916666666666668, 0.9958333333333332)",1,99.38750000000005,11207
"(0.975, 0.9958333333333332)",1,99.38750000000005,11208
"(0.9708333333333332, 0.9958333333333332)",1,99.38750000000005,11209
"(0.9583333333333334, 0.9958333333333332)",1,99.38750000000005,11210
"(0.7441860465116279, 1.0)",1,99.38372093023256,11211
"(0.872093023255814, 1.0)",2,99.38372093023256,11213
"(0.8488372093023255, 1.0)",1,99.38372093023256,11214
"(0.8837209302325582, 1.0)",1,99.38372093023256,11215
"(0.9186046511627908, 1.0)",1,99.38372093023256,11216
"(0.9418604651162792, 1.0)",1,99.38372093023256,11217
"(0.9708333333333332, 0.9958333333333332)",1,99.3833333333334,11218
"(0.9625, 0.9958333333333332)",1,99.3833333333334,11219
"(0.9916666666666668, 0.9958333333333332)",1,99.3833333333334,11220
"(0.9875, 0.9958333333333332)",1,99.38333333333338,11221
"(0.9708333333333332, 0.9958333333333332)",1,99.38333333333338,11222
"(0.9541666666666668, 0.9958333333333332)",1,99.38333333333338,11223
"(0.9791666666666666, 0.9958333333333332)",1,99.38333333333338,11224
"(0.9833333333333332, 0.9958333333333332)",1,99.38333333333338,11225
"(0.9875, 0.9958333333333332)",1,99.38333333333335,11226
"(0.9625, 0.9958333333333332)",1,99.38333333333335,11227
"(0.9916666666666668, 0.9958333333333332)",2,99.38333333333335,11229
"(0.8333333333333334, 1.0)",1,99.38333333333334,11230
"(0.75, 1.0)",1,99.38333333333334,11231
"(0.7, 1.0)",3,99.38333333333333,11234
"(0.9, 1.0)",16,99.38333333333333,11250
"(0.9666666666666668, 1.0)",8,99.38333333333333,11258
"(0.6833333333333333, 1.0)",3,99.38333333333333,11261
"(0.7333333333333333, 1.0)",6,99.38333333333333,11267
"(0.7666666666666667, 1.0)",4,99.38333333333333,11271
"(0.8833333333333333, 1.0)",5,99.38333333333333,11276
"(0.9333333333333332, 1.0)",6,99.38333333333333,11282
"(0.95, 1.0)",3,99.38333333333333,11285
"(1.0, 1.0)",3,99.38333333333333,11288
"(0.8666666666666667, 1.0)",6,99.38333333333333,11294
"(0.8333333333333334, 1.0)",6,99.38333333333333,11300
"(0.9166666666666666, 1.0)",10,99.38333333333333,11310
"(0.75, 1.0)",2,99.38333333333333,11312
"(0.6666666666666666, 1.0)",2,99.38333333333333,11314
"(0.9833333333333332, 1.0)",5,99.38333333333333,11319
"(0.85, 1.0)",1,99.38333333333333,11320
"(0.8, 1.0)",1,99.38333333333333,11321
"(0.7166666666666667, 1.0)",12,99.38333333333333,11333
"(0.8166666666666667, 1.0)",10,99.38333333333333,11343
"(0.9958333333333332, 0.9958333333333332)",1,99.37916666666676,11344
"(0.9583333333333334, 0.9958333333333332)",1,99.37916666666672,11345
"(0.9916666666666668, 0.9958333333333332)",1,99.37916666666672,11346
"(0.975, 0.9958333333333332)",1,99.37916666666672,11347
"(0.9875, 0.9958333333333332)",1,99.37916666666672,11348
"(0.9958333333333332, 0.9958333333333332)",1,99.37916666666672,11349
"(0.9708333333333332, 0.9958333333333332)",3,99.37916666666672,11352
"(0.9833333333333332, 0.9958333333333332)",5,99.3791666666667,11357
"(0.9958333333333332, 0.9958333333333332)",1,99.3791666666667,11358
"(1.0, 0.9958333333333332)",1,99.3791666666667,11359
"(0.9791666666666666, 0.9958333333333332)",1,99.3791666666667,11360
"(0.9625, 0.9958333333333332)",2,99.3791666666667,11362
"(0.975, 0.9958333333333332)",2,99.37500000000006,11364
"(0.9833333333333332, 0.9958333333333332)",2,99.37500000000006,11366
"(0.9625, 0.9958333333333332)",1,99.37500000000004,11367
"(0.975, 0.9958333333333332)",1,99.37500000000004,11368
"(0.9875, 0.9958333333333332)",2,99.37500000000004,11370
"(0.9708333333333332, 0.9958333333333332)",1,99.37500000000004,11371
"(0.9583333333333334, 0.9958333333333332)",1,99.37500000000004,11372
"(0.9916666666666668, 0.9958333333333332)",2,99.37500000000004,11374
"(1.0, 0.9958333333333332)",2,99.37500000000004,11376
"(0.8611111111111112, 1.0)",4,99.375,11380
"(0.7083333333333334, 1.0)",5,99.375,11385
"(0.9166666666666666, 1.0)",3,99.375,11388
"(0.9305555555555556, 1.0)",7,99.375,11395
"(0.8194444444444444, 1.0)",1,99.375,11396
"(0.9444444444444444, 1.0)",7,99.375,11403
"(0.875, 1.0)",4,99.375,11407
"(0.8333333333333334, 1.0)",6,99.375,11413
"(0.9027777777777778, 1.0)",1,99.375,11414
"(0.7777777777777778, 1.0)",4,99.375,11418
"(0.8055555555555556, 1.0)",1,99.375,11419
"(0.9583333333333334, 1.0)",1,99.375,11420
"(0.8888888888888888, 1.0)",1,99.375,11421
"(0.75, 1.0)",2,99.375,11423
"(0.7638888888888888, 1.0)",3,99.375,11426
"(0.6944444444444444, 1.0)",1,99.375,11427
"(0.8472222222222222, 1.0)",2,99.375,11429
"(0.7906976744186046, 1.0)",2,99.3720930232558,11431
"(0.8837209302325582, 1.0)",1,99.3720930232558,11432
"(0.7674418604651163, 1.0)",2,99.3720930232558,11434
"(0.9186046511627908, 1.0)",1,99.3720930232558,11435
"(0.872093023255814, 1.0)",4,99.3720930232558,11439
"(0.9875, 0.9958333333333332)",1,99.3708333333334,11440
"(0.975, 0.9958333333333332)",2,99.37083333333338,11442
"(0.9583333333333334, 0.9958333333333332)",2,99.37083333333338,11444
"(0.9625, 0.9958333333333332)",1,99.37083333333338,11445
"(0.9875, 0.9958333333333332)",1,99.37083333333338,11446
"(0.9375, 0.9958333333333332)",1,99.37083333333338,11447
"(0.9791666666666666, 0.9958333333333332)",2,99.37083333333337,11449
"(0.9833333333333332, 0.9958333333333332)",1,99.37083333333337,11450
"(0.9583333333333334, 0.9958333333333332)",1,99.36666666666672,11451
"(0.9916666666666668, 0.9958333333333332)",1,99.36666666666672,11452
"(0.9875, 0.9958333333333332)",2,99.36666666666672,11454
"(0.9833333333333332, 0.9958333333333332)",1,99.36666666666672,11455
"(0.9916666666666668, 0.9958333333333332)",2,99.36666666666672,11457
"(0.9791666666666666, 0.9958333333333332)",1,99.3666666666667,11458
"(0.9875, 0.9958333333333332)",2,99.3666666666667,11460
"(0.975, 0.9958333333333332)",2,99.3666666666667,11462
"(0.9625, 0.9958333333333332)",1,99.3666666666667,11463
"(1.0, 0.9958333333333332)",1,99.3666666666667,11464
"(0.8, 1.0)",6,99.36666666666667,11470
"(0.9166666666666666, 1.0)",9,99.36666666666667,11479
"(1.0, 1.0)",4,99.36666666666667,11483
"(0.9833333333333332, 1.0)",8,99.36666666666667,11491
"(0.6666666666666666, 1.0)",2,99.36666666666667,11493
"(0.7166666666666667, 1.0)",8,99.36666666666667,11501
"(0.95, 1.0)",2,99.36666666666667,11503
"(0.8333333333333334, 1.0)",9,99.36666666666667,11512
"(0.8833333333333333, 1.0)",10,99.36666666666667,11522
"(0.7333333333333333, 1.0)",3,99.36666666666667,11525
"(0.9, 1.0)",8,99.36666666666667,11533
"(0.7833333333333333, 1.0)",3,99.36666666666667,11536
"(0.8666666666666667, 1.0)",5,99.36666666666667,11541
"(0.7, 1.0)",2,99.36666666666667,11543
"(0.9666666666666668, 1.0)",3,99.36666666666667,11546
"(0.9333333333333332, 1.0)",4,99.36666666666667,11550
"(0.6833333333333333, 1.0)",2,99.36666666666667,11552
"(0.75, 1.0)",3,99.36666666666667,11555
"(0.8166666666666667, 1.0)",2,99.36666666666667,11557
"(0.85, 1.0)",4,99.36666666666667,11561
"(0.9166666666666666, 1.0)",2,99.36666666666666,11563
"(0.7333333333333333, 1.0)",1,99.36666666666666,11564
"(0.9833333333333332, 1.0)",1,99.36666666666666,11565
"(0.8333333333333334, 1.0)",3,99.36666666666666,11568
"(0.85, 1.0)",2,99.36666666666666,11570
"(0.8833333333333333, 1.0)",1,99.36666666666666,11571
"(0.9666666666666668, 1.0)",1,99.36666666666666,11572
"(0.95, 1.0)",1,99.36666666666666,11573
"(0.6666666666666666, 1.0)",2,99.36666666666666,11575
"(0.9, 1.0)",1,99.36666666666666,11576
"(0.7833333333333333, 1.0)",1,99.36666666666666,11577
"(0.9333333333333332, 1.0)",1,99.36666666666666,11578
"(0.75, 1.0)",1,99.36666666666666,11579
"(0.9916666666666668, 0.9958333333333332)",1,99.36250000000004,11580
"(0.9916666666666668, 0.9958333333333332)",1,99.36250000000004,11581
"(0.9833333333333332, 0.9958333333333332)",1,99.36250000000004,11582
"(0.9458333333333332, 0.9958333333333332)",1,99.36250000000004,11583
"(0.975, 0.9958333333333332)",2,99.36250000000004,11585
"(0.9791666666666666, 0.9958333333333332)",2,99.36250000000004,11587
"(0.9875, 0.9958333333333332)",1,99.36250000000004,11588
"(0.875, 1.0)",4,99.36111111111111,11592
"(0.7638888888888888, 1.0)",2,99.36111111111111,11594
"(0.8472222222222222, 1.0)",3,99.36111111111111,11597
"(0.75, 1.0)",1,99.36111111111111,11598
"(0.8194444444444444, 1.0)",1,99.36111111111111,11599
"(0.9027777777777778, 1.0)",4,99.36111111111111,11603
"(0.7361111111111112, 1.0)",2,99.36111111111111,11605
"(0.7083333333333334, 1.0)",1,99.36111111111111,11606
"(0.8333333333333334, 1.0)",7,99.36111111111111,11613
"(0.8888888888888888, 1.0)",2,99.36111111111111,11615
"(0.7777777777777778, 1.0)",2,99.36111111111111,11617
"(0.6944444444444444, 1.0)",1,99.36111111111111,11618
"(0.9166666666666666, 1.0)",4,99.36111111111111,11622
"(0.6111111111111112, 1.0)",1,99.36111111111111,11623
"(0.9444444444444444, 1.0)",3,99.36111111111111,11626
"(0.9305555555555556, 1.0)",4,99.36111111111111,11630
"(0.8611111111111112, 1.0)",3,99.36111111111111,11633
"(0.7916666666666666, 1.0)",1,99.36111111111111,11634
"(0.8055555555555556, 1.0)",2,99.36111111111111,11636
"(0.8888888888888888, 1.0)",2,99.3611111111111,11638
"(0.8611111111111112, 1.0)",1,99.3611111111111,11639
"(0.5930232558139535, 1.0)",1,99.36046511627907,11640
"(0.8837209302325582, 1.0)",1,99.36046511627907,11641
"(0.9186046511627908, 1.0)",2,99.36046511627907,11643
"(0.8372093023255814, 1.0)",1,99.36046511627907,11644
"(0.6162790697674418, 1.0)",1,99.36046511627906,11645
"(0.9833333333333332, 0.9958333333333332)",1,99.35833333333342,11646
"(0.9875, 0.9958333333333332)",1,99.35833333333342,11647
"(0.9875, 0.9958333333333332)",1,99.3583333333334,11648
"(0.975, 0.9958333333333332)",1,99.3583333333334,11649
"(0.9916666666666668, 0.9958333333333332)",1,99.3583333333334,11650
"(0.9708333333333332, 0.9958333333333332)",1,99.3583333333334,11651
"(0.9875, 0.9958333333333332)",1,99.3583333333334,11652
"(0.9666666666666668, 0.9958333333333332)",1,99.3583333333334,11653
"(1.0, 0.9958333333333332)",1,99.3583333333334,11654
"(0.9875, 0.9958333333333332)",2,99.35833333333338,11656
"(0.9666666666666668, 0.9958333333333332)",1,99.35833333333338,11657
"(1.0, 0.9958333333333332)",1,99.35833333333338,11658
"(0.9791666666666666, 0.9958333333333332)",1,99.35833333333338,11659
"(0.9916666666666668, 0.9958333333333332)",2,99.35833333333338,11661
"(0.9958333333333332, 0.9958333333333332)",1,99.35833333333338,11662
"(0.9833333333333332, 0.9958333333333332)",1,99.35833333333338,11663
"(0.9958333333333332, 0.9958333333333332)",1,99.35416666666676,11664
"(0.9875, 0.9958333333333332)",1,99.35416666666674,11665
"(0.975, 0.9958333333333332)",2,99.35416666666671,11667
"(0.9875, 0.9958333333333332)",1,99.35416666666671,11668
"(0.9791666666666666, 0.9958333333333332)",1,99.35416666666671,11669
"(0.9875, 0.9958333333333332)",1,99.35416666666671,11670
"(0.9833333333333332, 0.9958333333333332)",1,99.35416666666671,11671
"(0.9833333333333332, 0.9958333333333332)",2,99.35416666666671,11673
"(0.9666666666666668, 0.9958333333333332)",2,99.35416666666671,11675
"(0.9958333333333332, 0.9958333333333332)",1,99.35416666666671,11676
"(0.975, 0.9958333333333332)",1,99.35416666666671,11677
"(0.975, 0.9958333333333332)",1,99.3541666666667,11678
"(0.9875, 0.9958333333333332)",2,99.3541666666667,11680
"(0.9833333333333332, 0.9958333333333332)",1,99.35000000000008,11681
"(0.9833333333333332, 0.9958333333333332)",1,99.35000000000008,11682
"(0.9833333333333332, 0.9958333333333332)",1,99.35000000000004,11683
"(0.9833333333333332, 0.9958333333333332)",1,99.35000000000004,11684
"(0.975, 0.9958333333333332)",2,99.35000000000004,11686
"(0.9625, 0.9958333333333332)",2,99.35000000000004,11688
"(0.9958333333333332, 0.9958333333333332)",1,99.35000000000004,11689
"(0.9791666666666666, 0.9958333333333332)",1,99.35000000000004,11690
"(0.9708333333333332, 0.9958333333333332)",1,99.35000000000004,11691
"(0.9875, 0.9958333333333332)",1,99.35000000000004,11692
"(0.9791666666666666, 0.9958333333333332)",1,99.35000000000004,11693
"(0.9541666666666668, 0.9958333333333332)",1,99.35000000000004,11694
"(0.9666666666666668, 0.9958333333333332)",2,99.35000000000004,11696
"(0.9666666666666668, 0.9958333333333332)",1,99.35000000000004,11697
"(0.9875, 0.9958333333333332)",1,99.35000000000004,11698
"(0.9833333333333332, 1.0)",6,99.35,11704
"(0.8333333333333334, 1.0)",9,99.35,11713
"(0.75, 1.0)",2,99.35,11715
"(0.9333333333333332, 1.0)",4,99.35,11719
"(0.7333333333333333, 1.0)",6,99.35,11725
"(0.85, 1.0)",13,99.35,11738
"(0.8833333333333333, 1.0)",1,99.35,11739
"(0.6666666666666666, 1.0)",1,99.35,11740
"(0.9666666666666668, 1.0)",5,99.35,11745
"(0.8166666666666667, 1.0)",4,99.35,11749
"(0.8666666666666667, 1.0)",9,99.35,11758
"(0.7666666666666667, 1.0)",5,99.35,11763
"(0.8, 1.0)",4,99.35,11767
"(0.9, 1.0)",11,99.35,11778
"(1.0, 1.0)",3,99.35,11781
"(0.7, 1.0)",3,99.35,11784
"(0.7833333333333333, 1.0)",2,99.35,11786
"(0.9166666666666666, 1.0)",8,99.35,11794
"(0.7166666666666667, 1.0)",5,99.35,11799
"(0.7441860465116279, 1.0)",1,99.34883720930232,11800
"(0.627906976744186, 1.0)",1,99.34883720930232,11801
"(0.8488372093023255, 1.0)",2,99.34883720930232,11803
"(0.9186046511627908, 1.0)",1,99.34883720930232,11804
"(0.872093023255814, 1.0)",2,99.34883720930232,11806
"(0.9418604651162792, 1.0)",1,99.34883720930232,11807
"(0.9027777777777778, 1.0)",1,99.34722222222224,11808
"(0.8055555555555556, 1.0)",2,99.34722222222224,11810
"(0.625, 1.0)",1,99.34722222222224,11811
"(0.8611111111111112, 1.0)",5,99.34722222222224,11816
"(0.9305555555555556, 1.0)",4,99.34722222222224,11820
"(0.7638888888888888, 1.0)",2,99.34722222222224,11822
"(0.7916666666666666, 1.0)",1,99.34722222222224,11823
"(0.9166666666666666, 1.0)",3,99.34722222222224,11826
"(0.5972222222222222, 1.0)",1,99.34722222222224,11827
"(0.7361111111111112, 1.0)",1,99.34722222222224,11828
"(0.7083333333333334, 1.0)",2,99.34722222222224,11830
"(0.9444444444444444, 1.0)",2,99.34722222222224,11832
"(0.8333333333333334, 1.0)",7,99.34722222222224,11839
"(0.9722222222222222, 1.0)",1,99.34722222222224,11840
"(0.7777777777777778, 1.0)",2,99.34722222222224,11842
"(0.6944444444444444, 1.0)",2,99.34722222222224,11844
"(0.8194444444444444, 1.0)",1,99.34722222222224,11845
"(0.9583333333333334, 1.0)",1,99.3472222222222,11846
"(0.8055555555555556, 1.0)",2,99.3472222222222,11848
"(0.8611111111111112, 1.0)",2,99.3472222222222,11850
"(0.875, 1.0)",2,99.3472222222222,11852
"(0.9027777777777778, 1.0)",1,99.3472222222222,11853
"(0.9305555555555556, 1.0)",2,99.3472222222222,11855
"(0.8888888888888888, 1.0)",1,99.3472222222222,11856
"(0.7638888888888888, 1.0)",5,99.3472222222222,11861
"(0.9541666666666668, 0.9958333333333332)",1,99.3458333333334,11862
"(0.9458333333333332, 0.9958333333333332)",1,99.3458333333334,11863
"(0.9833333333333332, 0.9958333333333332)",1,99.34583333333336,11864
"(0.9916666666666668, 0.9958333333333332)",3,99.34583333333336,11867
"(0.9833333333333332, 0.9958333333333332)",1,99.34166666666674,11868
"(0.9791666666666666, 0.9958333333333332)",1,99.34166666666673,11869
"(0.9791666666666666, 0.9958333333333332)",1,99.34166666666673,11870
"(0.9875, 0.9958333333333332)",1,99.34166666666673,11871
"(0.975, 0.9958333333333332)",2,99.34166666666673,11873
"(0.9833333333333332, 0.9958333333333332)",2,99.34166666666673,11875
"(0.9666666666666668, 0.9958333333333332)",1,99.34166666666673,11876
"(0.9916666666666668, 0.9958333333333332)",2,99.34166666666673,11878
"(0.95, 0.9958333333333332)",1,99.34166666666673,11879
"(0.975, 0.9958333333333332)",1,99.3416666666667,11880
"(0.9875, 0.9958333333333332)",1,99.3416666666667,11881
"(0.9791666666666666, 0.9958333333333332)",1,99.3416666666667,11882
"(0.9875, 0.9958333333333332)",1,99.33750000000008,11883
"(0.9833333333333332, 0.9958333333333332)",1,99.33750000000008,11884
"(0.9833333333333332, 0.9958333333333332)",1,99.33750000000006,11885
"(0.9833333333333332, 0.9958333333333332)",2,99.33750000000003,11887
"(0.9791666666666666, 0.9958333333333332)",3,99.33750000000003,11890
"(0.9666666666666668, 0.9958333333333332)",3,99.33750000000003,11893
"(0.9791666666666666, 0.9958333333333332)",1,99.33750000000003,11894
"(0.9875, 0.9958333333333332)",1,99.33750000000003,11895
"(0.9875, 0.9958333333333332)",3,99.33750000000003,11898
"(0.872093023255814, 1.0)",3,99.33720930232558,11901
"(0.7674418604651163, 1.0)",2,99.33720930232558,11903
"(0.7441860465116279, 1.0)",1,99.33720930232558,11904
"(0.8255813953488372, 1.0)",1,99.33720930232558,11905
"(0.9791666666666666, 0.9958333333333332)",1,99.3333333333334,11906
"(0.9833333333333332, 0.9958333333333332)",1,99.3333333333334,11907
"(0.9375, 0.9958333333333332)",1,99.3333333333334,11908
"(0.975, 0.9958333333333332)",1,99.3333333333334,11909
"(0.9875, 0.9958333333333332)",1,99.3333333333334,11910
"(0.9916666666666668, 0.9958333333333332)",1,99.3333333333334,11911
"(0.9833333333333332, 0.9958333333333332)",1,99.3333333333334,11912
"(0.9958333333333332, 0.9958333333333332)",2,99.33333333333336,11914
"(0.9791666666666666, 0.9958333333333332)",3,99.33333333333336,11917
"(0.9583333333333334, 0.9958333333333332)",2,99.33333333333336,11919
"(0.9833333333333332, 0.9958333333333332)",2,99.33333333333336,11921
"(0.8472222222222222, 1.0)",2,99.33333333333334,11923
"(0.9, 1.0)",1,99.33333333333334,11924
"(0.9833333333333332, 1.0)",1,99.33333333333334,11925
"(0.5972222222222222, 1.0)",1,99.33333333333334,11926
"(0.9666666666666668, 1.0)",1,99.33333333333334,11927
"(0.7166666666666667, 1.0)",2,99.33333333333334,11929
"(0.9166666666666666, 1.0)",3,99.33333333333334,11932
"(0.9333333333333332, 1.0)",4,99.33333333333334,11936
"(0.8, 1.0)",1,99.33333333333334,11937
"(0.6833333333333333, 1.0)",1,99.33333333333334,11938
"(1.0, 1.0)",2,99.33333333333334,11940
"(0.7361111111111112, 1.0)",2,99.33333333333334,11942
"(0.9027777777777778, 1.0)",1,99.33333333333334,11943
"(0.8333333333333334, 1.0)",2,99.33333333333334,11945
"(0.7666666666666667, 1.0)",5,99.33333333333334,11950
"(0.7083333333333334, 1.0)",1,99.33333333333334,11951
"(0.8666666666666667, 1.0)",2,99.33333333333334,11953
"(0.75, 1.0)",1,99.33333333333334,11954
"(0.85, 1.0)",3,99.33333333333334,11957
"(1.0, 1.0)",9,99.33333333333331,11966
"(0.9305555555555556, 1.0)",4,99.33333333333331,11970
"(0.6666666666666666, 1.0)",1,99.33333333333331,11971
"(0.8194444444444444, 1.0)",2,99.33333333333331,11973
"(0.8, 1.0)",4,99.33333333333331,11977
"(0.9833333333333332, 1.0)",2,99.33333333333331,11979
"(0.9166666666666666, 1.0)",11,99.33333333333331,11990
"(0.8166666666666667, 1.0)",4,99.33333333333331,11994
"(0.8055555555555556, 1.0)",1,99.33333333333331,11995
"(0.7833333333333333, 1.0)",1,99.33333333333331,11996
"(0.9583333333333334, 1.0)",1,99.33333333333331,11997
"(0.875, 1.0)",3,99.33333333333331,12000
"(0.9444444444444444, 1.0)",7,99.33333333333331,12007
"(0.9722222222222222, 1.0)",1,99.33333333333331,12008
"(0.7083333333333334, 1.0)",7,99.33333333333331,12015
"(0.7166666666666667, 1.0)",7,99.33333333333331,12022
"(0.9333333333333332, 1.0)",2,99.33333333333331,12024
"(0.7333333333333333, 1.0)",4,99.33333333333331,12028
"(0.95, 1.0)",2,99.33333333333331,12030
"(0.9027777777777778, 1.0)",1,99.33333333333331,12031
"(0.9, 1.0)",4,99.33333333333331,12035
"(0.85, 1.0)",8,99.33333333333331,12043
"(0.6805555555555556, 1.0)",1,99.33333333333331,12044
"(0.7638888888888888, 1.0)",3,99.33333333333331,12047
"(0.8333333333333334, 1.0)",7,99.33333333333331,12054
"(0.7916666666666666, 1.0)",1,99.33333333333331,12055
"(0.8666666666666667, 1.0)",4,99.33333333333331,12059
"(0.8833333333333333, 1.0)",3,99.33333333333331,12062
"(0.8611111111111112, 1.0)",4,99.33333333333331,12066
"(0.9833333333333332, 0.9958333333333332)",1,99.32916666666677,12067
"(0.9791666666666666, 0.9958333333333332)",1,99.32916666666674,12068
"(0.9708333333333332, 0.9958333333333332)",1,99.32916666666674,12069
"(0.975, 0.9958333333333332)",1,99.32916666666672,12070
"(0.9916666666666668, 0.9958333333333332)",2,99.32916666666672,12072
"(0.9791666666666666, 0.9958333333333332)",3,99.32916666666672,12075
"(0.9875, 0.9958333333333332)",1,99.32916666666672,12076
"(0.9833333333333332, 0.9958333333333332)",1,99.32916666666672,12077
"(0.9875, 0.9958333333333332)",1,99.32916666666672,12078
"(0.95, 0.9958333333333332)",2,99.32916666666672,12080
"(0.5930232558139535, 1.0)",1,99.32558139534883,12081
"(0.872093023255814, 1.0)",3,99.32558139534883,12084
"(0.6162790697674418, 1.0)",2,99.32558139534883,12086
"(0.9186046511627908, 1.0)",2,99.32558139534883,12088
"(0.8488372093023255, 1.0)",1,99.32558139534883,12089
"(0.7906976744186046, 1.0)",1,99.32558139534883,12090
"(0.8837209302325582, 1.0)",1,99.32558139534883,12091
"(0.8488372093023255, 1.0)",1,99.32558139534882,12092
"(0.9833333333333332, 0.9958333333333332)",1,99.32500000000007,12093
"(0.9791666666666666, 0.9958333333333332)",1,99.32500000000007,12094
"(0.95, 0.9958333333333332)",1,99.32500000000007,12095
"(0.9833333333333332, 0.9958333333333332)",1,99.32500000000006,12096
"(0.9875, 0.9958333333333332)",1,99.32500000000006,12097
"(0.9583333333333334, 0.9958333333333332)",2,99.32500000000006,12099
"(0.975, 0.9958333333333332)",1,99.32500000000006,12100
"(0.9875, 0.9958333333333332)",3,99.32500000000005,12103
"(0.9833333333333332, 0.9958333333333332)",2,99.32500000000005,12105
"(0.95, 0.9958333333333332)",1,99.32500000000005,12106
"(0.9625, 0.9958333333333332)",1,99.32500000000005,12107
"(0.9916666666666668, 0.9958333333333332)",1,99.32500000000005,12108
"(0.9791666666666666, 0.9958333333333332)",2,99.32500000000005,12110
"(0.9625, 0.9958333333333332)",1,99.3208333333334,12111
"(0.9833333333333332, 0.9958333333333332)",1,99.3208333333334,12112
"(0.9791666666666666, 0.9958333333333332)",2,99.3208333333334,12114
"(0.975, 0.9958333333333332)",1,99.3208333333334,12115
"(0.9791666666666666, 0.9958333333333332)",2,99.32083333333338,12117
"(0.9875, 0.9958333333333332)",1,99.32083333333338,12118
"(0.9666666666666668, 0.9958333333333332)",2,99.32083333333338,12120
"(0.975, 0.9958333333333332)",1,99.32083333333338,12121
"(0.9916666666666668, 0.9958333333333332)",1,99.32083333333338,12122
"(0.9625, 0.9958333333333332)",2,99.32083333333338,12124
"(0.9791666666666666, 0.9958333333333332)",1,99.32083333333335,12125
"(0.8055555555555556, 1.0)",2,99.31944444444444,12127
"(0.9583333333333334, 1.0)",3,99.31944444444444,12130
"(0.7916666666666666, 1.0)",1,99.31944444444444,12131
"(0.8611111111111112, 1.0)",3,99.31944444444444,12134
"(0.7777777777777778, 1.0)",2,99.31944444444444,12136
"(0.7638888888888888, 1.0)",1,99.31944444444444,12137
"(0.8888888888888888, 1.0)",5,99.31944444444444,12142
"(0.6944444444444444, 1.0)",1,99.31944444444444,12143
"(0.9444444444444444, 1.0)",2,99.31944444444444,12145
"(0.6111111111111112, 1.0)",2,99.31944444444444,12147
"(0.875, 1.0)",2,99.31944444444444,12149
"(0.9305555555555556, 1.0)",1,99.31944444444444,12150
"(0.8194444444444444, 1.0)",7,99.31944444444444,12157
"(0.9722222222222222, 1.0)",2,99.31944444444444,12159
"(0.7083333333333334, 1.0)",1,99.31944444444444,12160
"(0.9027777777777778, 1.0)",7,99.31944444444444,12167
"(0.75, 1.0)",1,99.31944444444444,12168
"(0.8333333333333334, 1.0)",3,99.31944444444444,12171
"(0.9875, 0.9958333333333332)",1,99.31666666666676,12172
"(0.9791666666666666, 0.9958333333333332)",1,99.31666666666676,12173
"(0.975, 0.9958333333333332)",1,99.31666666666672,12174
"(0.9791666666666666, 0.9958333333333332)",1,99.31666666666672,12175
"(0.9791666666666666, 0.9958333333333332)",1,99.31666666666672,12176
"(0.9958333333333332, 0.9958333333333332)",1,99.31666666666672,12177
"(0.9875, 0.9958333333333332)",2,99.3166666666667,12179
"(0.9791666666666666, 0.9958333333333332)",1,99.3166666666667,12180
"(0.9666666666666668, 0.9958333333333332)",1,99.3166666666667,12181
"(0.8166666666666667, 1.0)",5,99.31666666666666,12186
"(0.7, 1.0)",2,99.31666666666666,12188
"(0.8333333333333334, 1.0)",7,99.31666666666666,12195
"(0.7333333333333333, 1.0)",1,99.31666666666666,12196
"(0.75, 1.0)",1,99.31666666666666,12197
"(0.9333333333333332, 1.0)",5,99.31666666666666,12202
"(0.85, 1.0)",6,99.31666666666666,12208
"(0.7666666666666667, 1.0)",3,99.31666666666666,12211
"(0.9833333333333332, 1.0)",7,99.31666666666666,12218
"(0.7166666666666667, 1.0)",8,99.31666666666666,12226
"(0.6833333333333333, 1.0)",2,99.31666666666666,12228
"(0.8833333333333333, 1.0)",6,99.31666666666666,12234
"(0.9666666666666668, 1.0)",3,99.31666666666666,12237
"(0.8666666666666667, 1.0)",10,99.31666666666666,12247
"(0.8, 1.0)",3,99.31666666666666,12250
"(0.95, 1.0)",1,99.31666666666666,12251
"(0.6666666666666666, 1.0)",1,99.31666666666666,12252
"(0.9, 1.0)",6,99.31666666666666,12258
"(1.0, 1.0)",14,99.31666666666666,12272
"(0.9166666666666666, 1.0)",7,99.31666666666666,12279
"(0.7833333333333333, 1.0)",3,99.31666666666666,12282
"(0.9186046511627908, 1.0)",1,99.31395348837208,12283
"(0.7441860465116279, 1.0)",1,99.31395348837208,12284
"(0.7674418604651163, 1.0)",2,99.31395348837208,12286
"(0.6162790697674418, 1.0)",1,99.31395348837208,12287
"(0.8372093023255814, 1.0)",1,99.31395348837208,12288
"(0.9186046511627908, 1.0)",1,99.31395348837208,12289
"(0.975, 0.9958333333333332)",1,99.31250000000011,12290
"(0.9458333333333332, 0.9958333333333332)",1,99.31250000000009,12291
"(0.9708333333333332, 0.9958333333333332)",1,99.31250000000009,12292
"(0.9875, 0.9958333333333332)",1,99.31250000000009,12293
"(0.9916666666666668, 0.9958333333333332)",1,99.31250000000009,12294
"(0.9875, 0.9958333333333332)",1,99.31250000000006,12295
"(0.975, 0.9958333333333332)",1,99.31250000000006,12296
"(0.9583333333333334, 0.9958333333333332)",1,99.31250000000006,12297
"(0.975, 0.9958333333333332)",1,99.31250000000004,12298
"(0.95, 0.9958333333333332)",1,99.31250000000004,12299
"(0.9791666666666666, 0.9958333333333332)",1,99.31250000000004,12300
"(0.9708333333333332, 0.9958333333333332)",1,99.31250000000004,12301
"(0.95, 0.9958333333333332)",1,99.30833333333344,12302
"(0.9458333333333332, 0.9958333333333332)",1,99.3083333333334,12303
"(0.9583333333333334, 0.9958333333333332)",1,99.3083333333334,12304
"(0.9833333333333332, 0.9958333333333332)",2,99.3083333333334,12306
"(0.9666666666666668, 0.9958333333333332)",1,99.3083333333334,12307
"(0.9958333333333332, 0.9958333333333332)",1,99.3083333333334,12308
"(0.9583333333333334, 0.9958333333333332)",1,99.30833333333338,12309
"(0.95, 0.9958333333333332)",2,99.30833333333338,12311
"(0.975, 0.9958333333333332)",1,99.30833333333338,12312
"(0.9833333333333332, 0.9958333333333332)",1,99.30833333333338,12313
"(0.9875, 0.9958333333333332)",1,99.30833333333338,12314
"(0.975, 0.9958333333333332)",1,99.30833333333337,12315
"(0.9875, 0.9958333333333332)",1,99.30833333333337,12316
"(0.8611111111111112, 1.0)",4,99.30555555555556,12320
"(0.7638888888888888, 1.0)",3,99.30555555555556,12323
"(0.875, 1.0)",4,99.30555555555556,12327
"(0.9305555555555556, 1.0)",4,99.30555555555556,12331
"(0.8194444444444444, 1.0)",3,99.30555555555556,12334
"(0.9166666666666666, 1.0)",3,99.30555555555556,12337
"(0.9444444444444444, 1.0)",1,99.30555555555556,12338
"(0.8333333333333334, 1.0)",4,99.30555555555556,12342
"(0.75, 1.0)",3,99.30555555555556,12345
"(0.8472222222222222, 1.0)",1,99.30555555555556,12346
"(0.9027777777777778, 1.0)",1,99.30555555555556,12347
"(0.7916666666666666, 1.0)",1,99.30555555555556,12348
"(0.8888888888888888, 1.0)",1,99.30555555555556,12349
"(0.9583333333333334, 1.0)",3,99.30555555555556,12352
"(0.6944444444444444, 1.0)",2,99.30555555555556,12354
"(0.7361111111111112, 1.0)",3,99.30555555555556,12357
"(0.7083333333333334, 1.0)",2,99.30555555555556,12359
"(0.8055555555555556, 1.0)",1,99.30555555555556,12360
"(0.7777777777777778, 1.0)",4,99.30555555555556,12364
"(0.9166666666666666, 1.0)",4,99.30555555555554,12368
"(0.8333333333333334, 1.0)",1,99.30555555555554,12369
"(0.9875, 0.9958333333333332)",1,99.30416666666676,12370
"(0.9791666666666666, 0.9958333333333332)",1,99.30416666666676,12371
"(0.9833333333333332, 0.9958333333333332)",1,99.30416666666672,12372
"(0.9833333333333332, 0.9958333333333332)",1,99.30416666666672,12373
"(0.9875, 0.9958333333333332)",2,99.30416666666672,12375
"(0.9458333333333332, 0.9958333333333332)",1,99.30416666666672,12376
"(0.9583333333333334, 0.9958333333333332)",1,99.30416666666672,12377
"(0.9583333333333334, 0.9958333333333332)",1,99.30416666666672,12378
"(0.9875, 0.9958333333333332)",1,99.30416666666672,12379
"(0.9541666666666668, 0.9958333333333332)",1,99.3041666666667,12380
"(0.9625, 0.9958333333333332)",1,99.3041666666667,12381
"(0.9875, 0.9958333333333332)",2,99.3041666666667,12383
"(0.9958333333333332, 0.9958333333333332)",1,99.3041666666667,12384
"(0.9708333333333332, 0.9958333333333332)",1,99.3041666666667,12385
"(0.95, 0.9958333333333332)",1,99.3041666666667,12386
"(0.6162790697674418, 1.0)",1,99.30232558139537,12387
"(0.5930232558139535, 1.0)",1,99.30232558139534,12388
"(0.8837209302325582, 1.0)",1,99.30232558139534,12389
"(0.7906976744186046, 1.0)",1,99.30232558139534,12390
"(0.8255813953488372, 1.0)",2,99.30232558139534,12392
"(0.9625, 0.9958333333333332)",1,99.3000000000001,12393
"(0.9791666666666666, 0.9958333333333332)",1,99.3000000000001,12394
"(0.9875, 0.9958333333333332)",1,99.30000000000008,12395
"(0.9916666666666668, 0.9958333333333332)",1,99.30000000000008,12396
"(0.975, 0.9958333333333332)",1,99.30000000000008,12397
"(0.9875, 0.9958333333333332)",1,99.30000000000008,12398
"(0.9416666666666668, 0.9958333333333332)",1,99.30000000000008,12399
"(0.9208333333333332, 0.9958333333333332)",1,99.30000000000004,12400
"(0.9875, 0.9958333333333332)",1,99.30000000000004,12401
"(0.9833333333333332, 0.9958333333333332)",2,99.30000000000004,12403
"(0.975, 0.9958333333333332)",1,99.30000000000004,12404
"(0.9375, 0.9958333333333332)",2,99.30000000000004,12406
"(0.975, 0.9958333333333332)",1,99.30000000000004,12407
"(0.9, 1.0)",7,99.3,12414
"(0.85, 1.0)",6,99.3,12420
"(0.7833333333333333, 1.0)",4,99.3,12424
"(0.7166666666666667, 1.0)",4,99.3,12428
"(0.8333333333333334, 1.0)",13,99.3,12441
"(0.7666666666666667, 1.0)",6,99.3,12447
"(0.8, 1.0)",9,99.3,12456
"(0.9166666666666666, 1.0)",6,99.3,12462
"(0.7, 1.0)",2,99.3,12464
"(0.7333333333333333, 1.0)",4,99.3,12468
"(0.95, 1.0)",3,99.3,12471
"(0.9833333333333332, 1.0)",10,99.3,12481
"(0.8666666666666667, 1.0)",8,99.3,12489
"(0.9333333333333332, 1.0)",6,99.3,12495
"(0.8833333333333333, 1.0)",10,99.3,12505
"(0.75, 1.0)",2,99.3,12507
"(1.0, 1.0)",7,99.3,12514
"(0.6666666666666666, 1.0)",1,99.3,12515
"(0.8166666666666667, 1.0)",1,99.3,12516
"(0.9666666666666668, 1.0)",1,99.3,12517
"(0.9583333333333334, 0.9958333333333332)",1,99.29583333333342,12518
"(0.9875, 0.9958333333333332)",1,99.2958333333334,12519
"(0.9833333333333332, 0.9958333333333332)",1,99.2958333333334,12520
"(1.0, 0.9958333333333332)",1,99.2958333333334,12521
"(0.9791666666666666, 0.9958333333333332)",3,99.2958333333334,12524
"(0.9875, 0.9958333333333332)",2,99.2958333333334,12526
"(0.925, 0.9958333333333332)",1,99.29583333333338,12527
"(0.9916666666666668, 0.9958333333333332)",1,99.29583333333338,12528
"(0.9625, 0.9958333333333332)",1,99.29583333333338,12529
"(0.9541666666666668, 0.9958333333333332)",1,99.29583333333338,12530
"(0.9791666666666666, 0.9958333333333332)",1,99.29583333333338,12531
"(0.9875, 0.9958333333333332)",1,99.29583333333338,12532
"(0.975, 0.9958333333333332)",1,99.29583333333338,12533
"(0.9958333333333332, 0.9958333333333332)",1,99.29583333333338,12534
"(0.9666666666666668, 0.9958333333333332)",1,99.29583333333336,12535
"(0.9833333333333332, 0.9958333333333332)",1,99.29166666666676,12536
"(0.9791666666666666, 0.9958333333333332)",1,99.29166666666676,12537
"(0.975, 0.9958333333333332)",1,99.29166666666674,12538
"(0.9833333333333332, 0.9958333333333332)",2,99.29166666666671,12540
"(0.9916666666666668, 0.9958333333333332)",1,99.29166666666671,12541
"(0.95, 0.9958333333333332)",1,99.29166666666671,12542
"(0.9875, 0.9958333333333332)",2,99.29166666666671,12544
"(0.9583333333333334, 0.9958333333333332)",1,99.29166666666671,12545
"(0.9875, 0.9958333333333332)",1,99.29166666666671,12546
"(0.9708333333333332, 0.9958333333333332)",1,99.29166666666671,12547
"(0.9625, 0.9958333333333332)",1,99.29166666666671,12548
"(0.9833333333333332, 0.9958333333333332)",1,99.2916666666667,12549
"(0.9916666666666668, 0.9958333333333332)",1,99.2916666666667,12550
"(0.8055555555555556, 1.0)",2,99.29166666666669,12552
"(0.9444444444444444, 1.0)",1,99.29166666666669,12553
"(0.9305555555555556, 1.0)",2,99.29166666666669,12555
"(0.9583333333333334, 1.0)",1,99.29166666666669,12556
"(0.8333333333333334, 1.0)",1,99.29166666666669,12557
"(0.7777777777777778, 1.0)",1,99.29166666666669,12558
"(0.9166666666666666, 1.0)",1,99.29166666666669,12559
"(0.8333333333333334, 1.0)",4,99.29166666666666,12563
"(0.9444444444444444, 1.0)",2,99.29166666666666,12565
"(0.9166666666666666, 1.0)",2,99.29166666666666,12567
"(0.8472222222222222, 1.0)",4,99.29166666666666,12571
"(0.6944444444444444, 1.0)",3,99.29166666666666,12574
"(0.7083333333333334, 1.0)",2,99.29166666666666,12576
"(0.9722222222222222, 1.0)",1,99.29166666666666,12577
"(0.7222222222222222, 1.0)",3,99.29166666666666,12580
"(0.9027777777777778, 1.0)",1,99.29166666666666,12581
"(0.75, 1.0)",1,99.29166666666666,12582
"(0.9583333333333334, 1.0)",1,99.29166666666666,12583
"(0.7777777777777778, 1.0)",3,99.29166666666666,12586
"(0.7916666666666666, 1.0)",1,99.29166666666666,12587
"(0.7638888888888888, 1.0)",3,99.29166666666666,12590
"(0.8611111111111112, 1.0)",3,99.29166666666666,12593
"(0.875, 1.0)",3,99.29166666666666,12596
"(0.8194444444444444, 1.0)",4,99.29166666666666,12600
"(0.8888888888888888, 1.0)",1,99.29166666666666,12601
"(0.7674418604651163, 1.0)",1,99.2906976744186,12602
"(0.6162790697674418, 1.0)",2,99.2906976744186,12604
"(0.9418604651162792, 1.0)",1,99.2906976744186,12605
"(0.8488372093023255, 1.0)",1,99.2906976744186,12606
"(0.872093023255814, 1.0)",1,99.2906976744186,12607
"(0.8837209302325582, 1.0)",1,99.2906976744186,12608
"(0.8372093023255814, 1.0)",1,99.2906976744186,12609
"(0.8488372093023255, 1.0)",1,99.2906976744186,12610
"(0.9186046511627908, 1.0)",1,99.2906976744186,12611
"(0.9708333333333332, 0.9958333333333332)",2,99.28750000000008,12613
"(0.9875, 0.9958333333333332)",1,99.28750000000008,12614
"(0.9583333333333334, 0.9958333333333332)",1,99.28750000000008,12615
"(0.9875, 0.9958333333333332)",1,99.28750000000004,12616
"(0.9458333333333332, 0.9958333333333332)",1,99.28750000000004,12617
"(0.9833333333333332, 0.9958333333333332)",1,99.28750000000004,12618
"(0.975, 0.9958333333333332)",1,99.28750000000004,12619
"(0.9916666666666668, 0.9958333333333332)",1,99.28750000000004,12620
"(0.9833333333333332, 0.9958333333333332)",1,99.28750000000004,12621
"(0.9791666666666666, 0.9958333333333332)",2,99.28750000000004,12623
"(0.9833333333333332, 0.9958333333333332)",1,99.28333333333347,12624
"(0.9833333333333332, 0.9958333333333332)",1,99.28333333333345,12625
"(0.9875, 0.9958333333333332)",1,99.28333333333345,12626
"(0.9625, 0.9958333333333332)",1,99.28333333333342,12627
"(0.9875, 0.9958333333333332)",1,99.28333333333342,12628
"(0.9791666666666666, 0.9958333333333332)",1,99.28333333333342,12629
"(0.975, 0.9958333333333332)",1,99.2833333333334,12630
"(0.9875, 0.9958333333333332)",1,99.2833333333334,12631
"(0.9791666666666666, 0.9958333333333332)",1,99.2833333333334,12632
"(0.9916666666666668, 0.9958333333333332)",1,99.2833333333334,12633
"(0.9875, 0.9958333333333332)",1,99.28333333333336,12634
"(0.9125, 0.9958333333333332)",1,99.28333333333336,12635
"(0.9833333333333332, 0.9958333333333332)",2,99.28333333333336,12637
"(0.9791666666666666, 0.9958333333333332)",1,99.28333333333336,12638
"(0.7833333333333333, 1.0)",3,99.28333333333332,12641
"(0.9333333333333332, 1.0)",1,99.28333333333332,12642
"(0.9166666666666666, 1.0)",11,99.28333333333332,12653
"(0.9833333333333332, 1.0)",4,99.28333333333332,12657
"(0.8166666666666667, 1.0)",2,99.28333333333332,12659
"(0.8833333333333333, 1.0)",11,99.28333333333332,12670
"(0.7333333333333333, 1.0)",5,99.28333333333332,12675
"(0.7166666666666667, 1.0)",1,99.28333333333332,12676
"(0.85, 1.0)",8,99.28333333333332,12684
"(0.8, 1.0)",4,99.28333333333332,12688
"(0.9, 1.0)",7,99.28333333333332,12695
"(0.7666666666666667, 1.0)",2,99.28333333333332,12697
"(0.6666666666666666, 1.0)",1,99.28333333333332,12698
"(0.9666666666666668, 1.0)",7,99.28333333333332,12705
"(0.8333333333333334, 1.0)",6,99.28333333333332,12711
"(0.95, 1.0)",2,99.28333333333332,12713
"(0.6833333333333333, 1.0)",3,99.28333333333332,12716
"(0.75, 1.0)",3,99.28333333333332,12719
"(0.8666666666666667, 1.0)",7,99.28333333333332,12726
"(0.7, 1.0)",2,99.28333333333332,12728
"(1.0, 1.0)",2,99.28333333333332,12730
"(0.8916666666666667, 0.9958333333333332)",1,99.27916666666674,12731
"(0.9833333333333332, 0.9958333333333332)",2,99.27916666666673,12733
"(0.975, 0.9958333333333332)",1,99.27916666666673,12734
"(0.9625, 0.9958333333333332)",1,99.27916666666673,12735
"(0.9916666666666668, 0.9958333333333332)",2,99.27916666666673,12737
"(0.9875, 0.9958333333333332)",1,99.27916666666673,12738
"(0.9791666666666666, 0.9958333333333332)",1,99.27916666666673,12739
"(0.9708333333333332, 0.9958333333333332)",1,99.27916666666673,12740
"(0.9791666666666666, 0.9958333333333332)",1,99.27916666666673,12741
"(0.9583333333333334, 0.9958333333333332)",1,99.27916666666673,12742
"(0.9916666666666668, 0.9958333333333332)",1,99.27916666666673,12743
"(0.9666666666666668, 0.9958333333333332)",1,99.2791666666667,12744
"(0.7674418604651163, 1.0)",1,99.27906976744184,12745
"(0.8488372093023255, 1.0)",1,99.27906976744184,12746
"(0.627906976744186, 1.0)",1,99.27906976744184,12747
"(0.5930232558139535, 1.0)",1,99.27906976744184,12748
"(0.6162790697674418, 1.0)",1,99.27906976744184,12749
"(0.8255813953488372, 1.0)",1,99.27906976744184,12750
"(0.8055555555555556, 1.0)",3,99.27777777777776,12753
"(0.9722222222222222, 1.0)",1,99.27777777777776,12754
"(0.8888888888888888, 1.0)",3,99.27777777777776,12757
"(0.8194444444444444, 1.0)",3,99.27777777777776,12760
"(0.75, 1.0)",4,99.27777777777776,12764
"(0.6944444444444444, 1.0)",3,99.27777777777776,12767
"(0.8611111111111112, 1.0)",3,99.27777777777776,12770
"(0.8333333333333334, 1.0)",1,99.27777777777776,12771
"(0.7083333333333334, 1.0)",4,99.27777777777776,12775
"(0.9583333333333334, 1.0)",1,99.27777777777776,12776
"(0.7777777777777778, 1.0)",5,99.27777777777776,12781
"(0.9444444444444444, 1.0)",3,99.27777777777776,12784
"(0.875, 1.0)",2,99.27777777777776,12786
"(0.9027777777777778, 1.0)",1,99.27777777777776,12787
"(0.9305555555555556, 1.0)",3,99.27777777777776,12790
"(0.7638888888888888, 1.0)",1,99.27777777777776,12791
"(0.9166666666666666, 1.0)",2,99.27777777777776,12793
"(0.7361111111111112, 1.0)",1,99.27777777777776,12794
"(0.9875, 0.9958333333333332)",1,99.27500000000008,12795
"(0.9708333333333332, 0.9958333333333332)",1,99.27500000000008,12796
"(0.975, 0.9958333333333332)",1,99.27500000000008,12797
"(0.9708333333333332, 0.9958333333333332)",2,99.27500000000006,12799
"(0.9791666666666666, 0.9958333333333332)",1,99.27500000000006,12800
"(0.9916666666666668, 0.9958333333333332)",1,99.27500000000006,12801
"(0.9041666666666668, 0.9958333333333332)",2,99.27500000000006,12803
"(0.9833333333333332, 0.9958333333333332)",1,99.27500000000006,12804
"(0.9875, 0.9958333333333332)",1,99.27500000000003,12805
"(0.9625, 0.9958333333333332)",1,99.27500000000003,12806
"(0.9833333333333332, 0.9958333333333332)",1,99.27500000000003,12807
"(0.9916666666666668, 0.9958333333333332)",1,99.27500000000003,12808
"(0.9375, 0.9958333333333332)",2,99.2708333333334,12810
"(0.9791666666666666, 0.9958333333333332)",1,99.2708333333334,12811
"(0.8791666666666667, 0.9958333333333332)",1,99.2708333333334,12812
"(0.9791666666666666, 0.9958333333333332)",2,99.2708333333334,12814
"(0.9333333333333332, 0.9958333333333332)",1,99.2708333333334,12815
"(0.9875, 0.9958333333333332)",1,99.2708333333334,12816
"(0.9833333333333332, 0.9958333333333332)",1,99.27083333333336,12817
"(0.95, 0.9958333333333332)",1,99.27083333333336,12818
"(0.9791666666666666, 0.9958333333333332)",1,99.27083333333336,12819
"(0.9875, 0.9958333333333332)",2,99.27083333333336,12821
"(0.9666666666666668, 0.9958333333333332)",1,99.27083333333336,12822
"(0.7674418604651163, 1.0)",1,99.26744186046513,12823
"(0.7325581395348837, 1.0)",1,99.26744186046513,12824
"(0.5930232558139535, 1.0)",3,99.26744186046513,12827
"(0.7441860465116279, 1.0)",1,99.26744186046513,12828
"(0.8255813953488372, 1.0)",1,99.26744186046513,12829
"(0.9833333333333332, 0.9958333333333332)",1,99.26666666666674,12830
"(0.975, 0.9958333333333332)",1,99.26666666666674,12831
"(0.9875, 0.9958333333333332)",2,99.26666666666674,12833
"(0.95, 0.9958333333333332)",1,99.26666666666672,12834
"(0.9791666666666666, 0.9958333333333332)",1,99.26666666666672,12835
"(0.8875, 0.9958333333333332)",1,99.26666666666672,12836
"(0.8791666666666667, 0.9958333333333332)",1,99.26666666666672,12837
"(0.9666666666666668, 0.9958333333333332)",2,99.26666666666672,12839
"(0.9791666666666666, 0.9958333333333332)",1,99.26666666666672,12840
"(0.975, 0.9958333333333332)",1,99.26666666666672,12841
"(0.9916666666666668, 0.9958333333333332)",1,99.26666666666672,12842
"(0.9, 1.0)",3,99.26666666666668,12845
"(0.9833333333333332, 1.0)",6,99.26666666666668,12851
"(0.9666666666666668, 1.0)",2,99.26666666666668,12853
"(0.7833333333333333, 1.0)",3,99.26666666666668,12856
"(0.8166666666666667, 1.0)",5,99.26666666666668,12861
"(1.0, 1.0)",6,99.26666666666668,12867
"(0.7166666666666667, 1.0)",5,99.26666666666668,12872
"(0.8333333333333334, 1.0)",8,99.26666666666668,12880
"(0.85, 1.0)",5,99.26666666666668,12885
"(0.9333333333333332, 1.0)",1,99.26666666666668,12886
"(0.6666666666666666, 1.0)",2,99.26666666666668,12888
"(0.8833333333333333, 1.0)",6,99.26666666666668,12894
"(0.7, 1.0)",1,99.26666666666668,12895
"(0.95, 1.0)",6,99.26666666666668,12901
"(0.7666666666666667, 1.0)",2,99.26666666666668,12903
"(0.7333333333333333, 1.0)",4,99.26666666666668,12907
"(0.6833333333333333, 1.0)",1,99.26666666666668,12908
"(0.8, 1.0)",3,99.26666666666668,12911
"(0.8666666666666667, 1.0)",3,99.26666666666668,12914
"(0.9166666666666666, 1.0)",10,99.26666666666668,12924
"(0.7916666666666666, 1.0)",1,99.26388888888889,12925
"(0.875, 1.0)",2,99.26388888888889,12927
"(0.7777777777777778, 1.0)",2,99.26388888888889,12929
"(0.7083333333333334, 1.0)",4,99.26388888888889,12933
"(0.7638888888888888, 1.0)",1,99.26388888888889,12934
"(0.9305555555555556, 1.0)",1,99.26388888888889,12935
"(0.8194444444444444, 1.0)",3,99.26388888888889,12938
"(0.9027777777777778, 1.0)",3,99.26388888888889,12941
"(0.9166666666666666, 1.0)",8,99.26388888888889,12949
"(0.8055555555555556, 1.0)",3,99.26388888888889,12952
"(0.8333333333333334, 1.0)",5,99.26388888888889,12957
"(0.6944444444444444, 1.0)",2,99.26388888888889,12959
"(0.9583333333333334, 1.0)",2,99.26388888888889,12961
"(0.8472222222222222, 1.0)",1,99.26388888888889,12962
"(0.75, 1.0)",3,99.26388888888889,12965
"(0.9722222222222222, 1.0)",1,99.26388888888889,12966
"(0.9444444444444444, 1.0)",2,99.26388888888889,12968
"(0.9791666666666666, 0.9958333333333332)",1,99.26250000000007,12969
"(0.975, 0.9958333333333332)",1,99.26250000000007,12970
"(0.9875, 0.9958333333333332)",1,99.26250000000006,12971
"(0.9625, 0.9958333333333332)",1,99.26250000000006,12972
"(0.975, 0.9958333333333332)",2,99.26250000000006,12974
"(0.9875, 0.9958333333333332)",1,99.26250000000005,12975
"(0.9666666666666668, 0.9958333333333332)",1,99.26250000000005,12976
"(0.9458333333333332, 0.9958333333333332)",1,99.26250000000005,12977
"(0.95, 0.9958333333333332)",1,99.26250000000005,12978
"(0.975, 0.9958333333333332)",1,99.26250000000005,12979
"(0.9791666666666666, 0.9958333333333332)",1,99.26250000000005,12980
"(0.9833333333333332, 0.9958333333333332)",1,99.26250000000005,12981
"(0.975, 0.9958333333333332)",1,99.26250000000005,12982
"(0.9833333333333332, 0.9958333333333332)",1,99.26250000000005,12983
"(0.9541666666666668, 0.9958333333333332)",1,99.25833333333344,12984
"(0.975, 0.9958333333333332)",1,99.2583333333334,12985
"(0.9791666666666666, 0.9958333333333332)",1,99.2583333333334,12986
"(0.9958333333333332, 0.9958333333333332)",1,99.25833333333338,12987
"(0.9583333333333334, 0.9958333333333332)",1,99.25833333333338,12988
"(0.9916666666666668, 0.9958333333333332)",2,99.25833333333338,12990
"(0.9791666666666666, 0.9958333333333332)",2,99.25833333333338,12992
"(0.9833333333333332, 0.9958333333333332)",1,99.25833333333338,12993
"(0.9791666666666666, 0.9958333333333332)",1,99.25833333333335,12994
"(0.9875, 0.9958333333333332)",1,99.25833333333335,12995
"(0.9458333333333332, 0.9958333333333332)",1,99.25833333333335,12996
"(0.5930232558139535, 1.0)",1,99.25581395348836,12997
"(0.6162790697674418, 1.0)",2,99.25581395348836,12999
"(0.8837209302325582, 1.0)",2,99.25581395348836,13001
"(0.4883720930232558, 1.0)",1,99.25581395348836,13002
"(0.7906976744186046, 1.0)",1,99.25581395348836,13003
"(0.872093023255814, 1.0)",1,99.25581395348836,13004
"(0.7674418604651163, 1.0)",1,99.25581395348836,13005
"(0.627906976744186, 1.0)",1,99.25581395348836,13006
"(0.8023255813953488, 1.0)",2,99.25581395348836,13008
"(0.9833333333333332, 0.9958333333333332)",1,99.25416666666676,13009
"(1.0, 0.9958333333333332)",1,99.25416666666676,13010
"(0.9916666666666668, 0.9958333333333332)",1,99.25416666666676,13011
"(0.9625, 0.9958333333333332)",1,99.25416666666676,13012
"(0.9833333333333332, 0.9958333333333332)",1,99.25416666666672,13013
"(0.9833333333333332, 0.9958333333333332)",2,99.25416666666672,13015
"(0.975, 0.9958333333333332)",1,99.25416666666672,13016
"(0.9625, 0.9958333333333332)",1,99.25416666666672,13017
"(0.9791666666666666, 0.9958333333333332)",1,99.25416666666672,13018
"(0.975, 0.9958333333333332)",1,99.25416666666672,13019
"(0.9875, 0.9958333333333332)",1,99.25416666666672,13020
"(0.8666666666666667, 0.9958333333333332)",1,99.25416666666672,13021
"(0.975, 0.9958333333333332)",1,99.2541666666667,13022
"(0.9833333333333332, 0.9958333333333332)",2,99.2541666666667,13024
"(0.9791666666666666, 0.9958333333333332)",1,99.2541666666667,13025
"(0.9666666666666668, 0.9958333333333332)",1,99.2541666666667,13026
"(0.95, 0.9958333333333332)",1,99.25416666666668,13027
"(0.9333333333333332, 0.9958333333333332)",2,99.25000000000009,13029
"(0.9041666666666668, 0.9958333333333332)",1,99.25000000000009,13030
"(0.9875, 0.9958333333333332)",1,99.25000000000006,13031
"(0.95, 0.9958333333333332)",1,99.25000000000004,13032
"(0.9625, 0.9958333333333332)",1,99.25000000000004,13033
"(0.9708333333333332, 0.9958333333333332)",1,99.25000000000004,13034
"(0.9833333333333332, 0.9958333333333332)",1,99.25000000000004,13035
"(0.9791666666666666, 0.9958333333333332)",2,99.25000000000004,13037
"(0.8541666666666666, 0.9958333333333332)",1,99.25000000000004,13038
"(0.8166666666666667, 1.0)",4,99.25,13042
"(0.7666666666666667, 1.0)",2,99.25,13044
"(0.8833333333333333, 1.0)",5,99.25,13049
"(0.8611111111111112, 1.0)",1,99.25,13050
"(0.9333333333333332, 1.0)",5,99.25,13055
"(0.7166666666666667, 1.0)",3,99.25,13058
"(0.6666666666666666, 1.0)",3,99.25,13061
"(0.9444444444444444, 1.0)",1,99.25,13062
"(0.8, 1.0)",3,99.25,13065
"(0.8055555555555556, 1.0)",4,99.25,13069
"(0.9666666666666668, 1.0)",6,99.25,13075
"(0.9027777777777778, 1.0)",2,99.25,13077
"(0.6944444444444444, 1.0)",2,99.25,13079
"(0.95, 1.0)",3,99.25,13082
"(0.7833333333333333, 1.0)",2,99.25,13084
"(0.8666666666666667, 1.0)",5,99.25,13089
"(1.0, 1.0)",1,99.25,13090
"(0.7333333333333333, 1.0)",3,99.25,13093
"(0.8333333333333334, 1.0)",8,99.25,13101
"(0.9305555555555556, 1.0)",3,99.25,13104
"(0.9166666666666666, 1.0)",9,99.25,13113
"(0.8194444444444444, 1.0)",6,99.25,13119
"(0.7, 1.0)",1,99.25,13120
"(0.875, 1.0)",1,99.25,13121
"(0.7083333333333334, 1.0)",1,99.25,13122
"(0.7916666666666666, 1.0)",2,99.25,13124
"(0.75, 1.0)",2,99.25,13126
"(0.9833333333333332, 1.0)",3,99.25,13129
"(0.8888888888888888, 1.0)",3,99.25,13132
"(0.6111111111111112, 1.0)",1,99.25,13133
"(0.9722222222222222, 1.0)",2,99.25,13135
"(0.85, 1.0)",4,99.25,13139
"(0.6833333333333333, 1.0)",1,99.25,13140
"(0.7777777777777778, 1.0)",2,99.25,13142
"(0.9, 1.0)",6,99.25,13148
"(0.9791666666666666, 0.9958333333333332)",1,99.2458333333334,13149
"(0.9833333333333332, 0.9958333333333332)",1,99.2458333333334,13150
"(0.9958333333333332, 0.9958333333333332)",1,99.2458333333334,13151
"(0.975, 0.9958333333333332)",1,99.2458333333334,13152
"(0.9833333333333332, 0.9958333333333332)",2,99.2458333333334,13154
"(0.9916666666666668, 0.9958333333333332)",1,99.2458333333334,13155
"(0.975, 0.9958333333333332)",1,99.2458333333334,13156
"(0.9208333333333332, 0.9958333333333332)",1,99.2458333333334,13157
"(0.9833333333333332, 0.9958333333333332)",1,99.24583333333338,13158
"(0.975, 0.9958333333333332)",1,99.24583333333338,13159
"(0.9916666666666668, 0.9958333333333332)",1,99.24583333333338,13160
"(0.9625, 0.9958333333333332)",1,99.24583333333338,13161
"(0.6162790697674418, 1.0)",1,99.24418604651164,13162
"(0.7906976744186046, 1.0)",1,99.24418604651164,13163
"(0.7441860465116279, 1.0)",1,99.24418604651164,13164
"(0.7674418604651163, 1.0)",4,99.24418604651164,13168
"(0.872093023255814, 1.0)",1,99.24418604651164,13169
"(0.9186046511627908, 1.0)",1,99.24418604651162,13170
"(0.975, 0.9958333333333332)",1,99.24166666666676,13171
"(0.9625, 0.9958333333333332)",1,99.24166666666676,13172
"(0.8958333333333334, 0.9958333333333332)",1,99.24166666666676,13173
"(0.975, 0.9958333333333332)",5,99.24166666666672,13178
"(0.9666666666666668, 0.9958333333333332)",1,99.24166666666672,13179
"(0.9708333333333332, 0.9958333333333332)",1,99.24166666666672,13180
"(0.9875, 0.9958333333333332)",1,99.24166666666672,13181
"(0.9958333333333332, 0.9958333333333332)",1,99.24166666666672,13182
"(0.9583333333333334, 0.9958333333333332)",1,99.24166666666672,13183
"(0.9875, 0.9958333333333332)",1,99.24166666666672,13184
"(0.8666666666666667, 0.9958333333333332)",1,99.24166666666672,13185
"(0.9375, 0.9958333333333332)",1,99.24166666666672,13186
"(0.9791666666666666, 0.9958333333333332)",1,99.2416666666667,13187
"(0.9875, 0.9958333333333332)",1,99.23750000000013,13188
"(0.9375, 0.9958333333333332)",1,99.23750000000008,13189
"(0.9541666666666668, 0.9958333333333332)",1,99.23750000000008,13190
"(0.95, 0.9958333333333332)",1,99.23750000000008,13191
"(0.9166666666666666, 0.9958333333333332)",1,99.23750000000004,13192
"(0.9208333333333332, 0.9958333333333332)",2,99.23750000000004,13194
"(0.9833333333333332, 0.9958333333333332)",1,99.23750000000004,13195
"(0.9708333333333332, 0.9958333333333332)",1,99.23750000000004,13196
"(0.9875, 0.9958333333333332)",2,99.23750000000004,13198
"(0.9166666666666666, 0.9958333333333332)",1,99.23750000000004,13199
"(0.9791666666666666, 0.9958333333333332)",1,99.23750000000004,13200
"(0.975, 0.9958333333333332)",3,99.23750000000004,13203
"(0.9916666666666668, 0.9958333333333332)",1,99.23750000000004,13204
"(0.9583333333333334, 0.9958333333333332)",1,99.23750000000004,13205
"(0.9583333333333334, 1.0)",1,99.23611111111111,13206
"(0.6944444444444444, 1.0)",5,99.23611111111111,13211
"(0.7916666666666666, 1.0)",1,99.23611111111111,13212
"(0.75, 1.0)",4,99.23611111111111,13216
"(0.8194444444444444, 1.0)",4,99.23611111111111,13220
"(0.7083333333333334, 1.0)",3,99.23611111111111,13223
"(0.9027777777777778, 1.0)",5,99.23611111111111,13228
"(0.7777777777777778, 1.0)",1,99.23611111111111,13229
"(0.8472222222222222, 1.0)",3,99.23611111111111,13232
"(0.7361111111111112, 1.0)",1,99.23611111111111,13233
"(0.8333333333333334, 1.0)",1,99.23611111111111,13234
"(0.9722222222222222, 1.0)",1,99.23611111111111,13235
"(0.7638888888888888, 1.0)",6,99.23611111111111,13241
"(0.8888888888888888, 1.0)",2,99.23611111111111,13243
"(0.8055555555555556, 1.0)",1,99.23611111111111,13244
"(0.9444444444444444, 1.0)",4,99.23611111111111,13248
"(0.9305555555555556, 1.0)",2,99.23611111111111,13250
"(0.8611111111111112, 1.0)",5,99.23611111111111,13255
"(0.9166666666666666, 1.0)",1,99.2361111111111,13256
"(0.9958333333333332, 0.9958333333333332)",1,99.23333333333343,13257
"(0.975, 0.9958333333333332)",1,99.23333333333342,13258
"(0.9166666666666666, 0.9958333333333332)",1,99.23333333333342,13259
"(0.9791666666666666, 0.9958333333333332)",1,99.23333333333342,13260
"(0.9833333333333332, 0.9958333333333332)",1,99.2333333333334,13261
"(0.9708333333333332, 0.9958333333333332)",1,99.2333333333334,13262
"(0.9458333333333332, 0.9958333333333332)",2,99.2333333333334,13264
"(0.975, 0.9958333333333332)",1,99.2333333333334,13265
"(0.9916666666666668, 0.9958333333333332)",1,99.2333333333334,13266
"(0.9875, 0.9958333333333332)",1,99.2333333333334,13267
"(0.95, 0.9958333333333332)",1,99.23333333333338,13268
"(0.9916666666666668, 0.9958333333333332)",1,99.23333333333338,13269
"(0.975, 0.9958333333333332)",2,99.23333333333338,13271
"(0.8166666666666667, 0.9958333333333332)",1,99.23333333333338,13272
"(0.9625, 0.9958333333333332)",1,99.23333333333338,13273
"(0.9833333333333332, 0.9958333333333332)",1,99.23333333333338,13274
"(0.8666666666666667, 1.0)",4,99.23333333333332,13278
"(0.95, 1.0)",2,99.23333333333332,13280
"(1.0, 1.0)",6,99.23333333333332,13286
"(0.5833333333333334, 1.0)",1,99.23333333333332,13287
"(0.7, 1.0)",1,99.23333333333332,13288
"(0.9833333333333332, 1.0)",5,99.23333333333332,13293
"(0.85, 1.0)",2,99.23333333333332,13295
"(0.9833333333333332, 1.0)",1,99.23333333333332,13296
"(0.9666666666666668, 1.0)",5,99.23333333333332,13301
"(0.75, 1.0)",2,99.23333333333332,13303
"(0.7333333333333333, 1.0)",4,99.23333333333332,13307
"(0.8333333333333334, 1.0)",6,99.23333333333332,13313
"(0.6833333333333333, 1.0)",2,99.23333333333332,13315
"(0.85, 1.0)",1,99.23333333333332,13316
"(0.6666666666666666, 1.0)",2,99.23333333333332,13318
"(0.8166666666666667, 1.0)",4,99.23333333333332,13322
"(0.9333333333333332, 1.0)",1,99.23333333333332,13323
"(0.9, 1.0)",7,99.23333333333332,13330
"(0.8, 1.0)",7,99.23333333333332,13337
"(0.7666666666666667, 1.0)",5,99.23333333333332,13342
"(0.7166666666666667, 1.0)",6,99.23333333333332,13348
"(0.9166666666666666, 1.0)",5,99.23333333333332,13353
"(0.8833333333333333, 1.0)",1,99.23333333333332,13354
"(0.8833333333333333, 1.0)",4,99.23333333333332,13358
"(0.7666666666666667, 1.0)",1,99.23333333333332,13359
"(0.5666666666666667, 1.0)",1,99.23333333333332,13360
"(0.813953488372093, 1.0)",1,99.23255813953487,13361
"(0.9186046511627908, 1.0)",1,99.23255813953487,13362
"(0.7441860465116279, 1.0)",1,99.23255813953487,13363
"(0.8837209302325582, 1.0)",1,99.23255813953487,13364
"(0.8372093023255814, 1.0)",1,99.23255813953487,13365
"(0.8488372093023255, 1.0)",1,99.23255813953487,13366
"(0.6395348837209303, 1.0)",1,99.23255813953487,13367
"(0.872093023255814, 1.0)",1,99.23255813953487,13368
"(0.7906976744186046, 1.0)",2,99.23255813953487,13370
"(0.6162790697674418, 1.0)",1,99.23255813953487,13371
"(0.6162790697674418, 1.0)",1,99.23255813953487,13372
"(0.627906976744186, 1.0)",1,99.23255813953487,13373
"(1.0, 0.9958333333333332)",1,99.22916666666674,13374
"(0.975, 0.9958333333333332)",2,99.22916666666671,13376
"(0.9333333333333332, 0.9958333333333332)",2,99.22916666666671,13378
"(0.9875, 0.9958333333333332)",1,99.22916666666671,13379
"(0.9666666666666668, 0.9958333333333332)",1,99.22916666666671,13380
"(0.95, 0.9958333333333332)",2,99.22916666666671,13382
"(0.9208333333333332, 0.9958333333333332)",1,99.22916666666671,13383
"(0.9791666666666666, 0.9958333333333332)",1,99.22916666666671,13384
"(0.9208333333333332, 0.9958333333333332)",1,99.2291666666667,13385
"(0.9875, 0.9958333333333332)",1,99.22500000000008,13386
"(0.9291666666666668, 0.9958333333333332)",1,99.22500000000008,13387
"(0.9208333333333332, 0.9958333333333332)",1,99.22500000000008,13388
"(0.9791666666666666, 0.9958333333333332)",2,99.22500000000004,13390
"(0.9875, 0.9958333333333332)",3,99.22500000000004,13393
"(0.95, 0.9958333333333332)",1,99.22500000000004,13394
"(0.9625, 0.9958333333333332)",1,99.22500000000004,13395
"(0.9708333333333332, 0.9958333333333332)",1,99.22500000000004,13396
"(0.8333333333333334, 1.0)",1,99.22222222222224,13397
"(0.6944444444444444, 1.0)",2,99.22222222222224,13399
"(0.9444444444444444, 1.0)",4,99.22222222222224,13403
"(0.9027777777777778, 1.0)",5,99.22222222222224,13408
"(0.9305555555555556, 1.0)",2,99.22222222222224,13410
"(0.8472222222222222, 1.0)",1,99.22222222222224,13411
"(0.7361111111111112, 1.0)",2,99.22222222222224,13413
"(0.9583333333333334, 1.0)",1,99.22222222222224,13414
"(0.7638888888888888, 1.0)",2,99.22222222222224,13416
"(0.7083333333333334, 1.0)",1,99.22222222222224,13417
"(0.8888888888888888, 1.0)",1,99.22222222222224,13418
"(0.8611111111111112, 1.0)",2,99.22222222222224,13420
"(0.75, 1.0)",2,99.22222222222224,13422
"(0.9583333333333334, 1.0)",3,99.2222222222222,13425
"(0.8055555555555556, 1.0)",1,99.2222222222222,13426
"(0.6111111111111112, 1.0)",1,99.2222222222222,13427
"(0.9027777777777778, 1.0)",1,99.2222222222222,13428
"(0.8194444444444444, 1.0)",3,99.2222222222222,13431
"(0.625, 1.0)",2,99.2222222222222,13433
"(0.9305555555555556, 1.0)",2,99.2222222222222,13435
"(0.7674418604651163, 1.0)",1,99.22093023255816,13436
"(0.7325581395348837, 1.0)",1,99.22093023255816,13437
"(0.7906976744186046, 1.0)",2,99.22093023255812,13439
"(0.8372093023255814, 1.0)",1,99.22093023255812,13440
"(0.9875, 0.9958333333333332)",1,99.22083333333342,13441
"(0.9541666666666668, 0.9958333333333332)",1,99.2208333333334,13442
"(0.975, 0.9958333333333332)",1,99.2208333333334,13443
"(0.975, 0.9958333333333332)",1,99.2208333333334,13444
"(0.9458333333333332, 0.9958333333333332)",1,99.2208333333334,13445
"(0.9125, 0.9958333333333332)",1,99.2208333333334,13446
"(0.9833333333333332, 0.9958333333333332)",1,99.2208333333334,13447
"(0.9625, 0.9958333333333332)",1,99.22083333333336,13448
"(0.9791666666666666, 0.9958333333333332)",1,99.22083333333336,13449
"(0.9375, 0.9958333333333332)",1,99.21666666666675,13450
"(0.9833333333333332, 0.9958333333333332)",1,99.21666666666674,13451
"(0.9791666666666666, 0.9958333333333332)",1,99.21666666666674,13452
"(0.9333333333333332, 0.9958333333333332)",1,99.21666666666674,13453
"(0.9291666666666668, 0.9958333333333332)",1,99.21666666666674,13454
"(0.9833333333333332, 0.9958333333333332)",1,99.21666666666673,13455
"(0.9458333333333332, 0.9958333333333332)",1,99.21666666666673,13456
"(0.9875, 0.9958333333333332)",1,99.21666666666673,13457
"(0.975, 0.9958333333333332)",1,99.21666666666673,13458
"(0.9791666666666666, 0.9958333333333332)",2,99.21666666666673,13460
"(0.9375, 0.9958333333333332)",1,99.21666666666673,13461
"(0.9708333333333332, 0.9958333333333332)",1,99.21666666666673,13462
"(0.9583333333333334, 0.9958333333333332)",1,99.21666666666673,13463
"(0.9708333333333332, 0.9958333333333332)",1,99.21666666666673,13464
"(0.9125, 0.9958333333333332)",1,99.21666666666673,13465
"(0.6833333333333333, 1.0)",3,99.21666666666668,13468
"(0.6666666666666666, 1.0)",2,99.21666666666668,13470
"(0.9, 1.0)",8,99.21666666666668,13478
"(0.7333333333333333, 1.0)",3,99.21666666666668,13481
"(0.7, 1.0)",1,99.21666666666668,13482
"(0.7833333333333333, 1.0)",1,99.21666666666668,13483
"(0.9166666666666666, 1.0)",4,99.21666666666668,13487
"(0.9666666666666668, 1.0)",4,99.21666666666668,13491
"(0.7166666666666667, 1.0)",1,99.21666666666668,13492
"(0.8833333333333333, 1.0)",8,99.21666666666668,13500
"(0.8, 1.0)",3,99.21666666666668,13503
"(0.75, 1.0)",3,99.21666666666668,13506
"(0.95, 1.0)",1,99.21666666666668,13507
"(0.9333333333333332, 1.0)",2,99.21666666666668,13509
"(0.8666666666666667, 1.0)",4,99.21666666666668,13513
"(1.0, 1.0)",1,99.21666666666668,13514
"(0.8333333333333334, 1.0)",4,99.21666666666668,13518
"(0.85, 1.0)",6,99.21666666666668,13524
"(0.7666666666666667, 1.0)",1,99.21666666666668,13525
"(0.8166666666666667, 1.0)",4,99.21666666666668,13529
"(0.9833333333333332, 1.0)",3,99.21666666666668,13532
"(0.9708333333333332, 0.9958333333333332)",1,99.21250000000008,13533
"(0.9625, 0.9958333333333332)",1,99.21250000000008,13534
"(0.9125, 0.9958333333333332)",1,99.21250000000006,13535
"(0.9625, 0.9958333333333332)",2,99.21250000000006,13537
"(0.9291666666666668, 0.9958333333333332)",1,99.21250000000003,13538
"(0.9708333333333332, 0.9958333333333332)",1,99.21250000000003,13539
"(0.9708333333333332, 0.9958333333333332)",1,99.21250000000003,13540
"(0.875, 0.9958333333333332)",1,99.21250000000003,13541
"(0.9916666666666668, 0.9958333333333332)",1,99.21250000000003,13542
"(0.8488372093023255, 1.0)",2,99.2093023255814,13544
"(0.6395348837209303, 1.0)",1,99.2093023255814,13545
"(0.9534883720930232, 1.0)",1,99.2093023255814,13546
"(0.7674418604651163, 1.0)",1,99.2093023255814,13547
"(0.8372093023255814, 1.0)",1,99.2093023255814,13548
"(0.8372093023255814, 1.0)",1,99.2093023255814,13549
"(0.9833333333333332, 0.9958333333333332)",1,99.2083333333334,13550
"(0.9708333333333332, 0.9958333333333332)",1,99.2083333333334,13551
"(0.9791666666666666, 0.9958333333333332)",1,99.2083333333334,13552
"(0.9625, 0.9958333333333332)",1,99.2083333333334,13553
"(0.975, 0.9958333333333332)",1,99.2083333333334,13554
"(0.9791666666666666, 0.9958333333333332)",2,99.20833333333336,13556
"(0.9666666666666668, 0.9958333333333332)",1,99.20833333333336,13557
"(0.9, 0.9958333333333332)",1,99.20833333333336,13558
"(0.875, 1.0)",1,99.20833333333334,13559
"(0.9166666666666666, 1.0)",1,99.20833333333334,13560
"(0.9444444444444444, 1.0)",1,99.20833333333334,13561
"(0.9305555555555556, 1.0)",2,99.20833333333334,13563
"(0.8194444444444444, 1.0)",2,99.20833333333334,13565
"(0.7083333333333334, 1.0)",2,99.20833333333334,13567
"(0.6111111111111112, 1.0)",2,99.20833333333331,13569
"(0.9027777777777778, 1.0)",1,99.20833333333331,13570
"(0.7777777777777778, 1.0)",4,99.20833333333331,13574
"(0.75, 1.0)",1,99.20833333333331,13575
"(0.9583333333333334, 1.0)",8,99.20833333333331,13583
"(0.8611111111111112, 1.0)",1,99.20833333333331,13584
"(0.6944444444444444, 1.0)",1,99.20833333333331,13585
"(0.8888888888888888, 1.0)",2,99.20833333333331,13587
"(0.7083333333333334, 1.0)",1,99.20833333333331,13588
"(0.9444444444444444, 1.0)",1,99.20833333333331,13589
"(0.8194444444444444, 1.0)",2,99.20833333333331,13591
"(0.8333333333333334, 1.0)",2,99.20833333333331,13593
"(0.7222222222222222, 1.0)",1,99.20833333333331,13594
"(0.875, 1.0)",1,99.20833333333331,13595
"(0.9305555555555556, 1.0)",1,99.20833333333331,13596
"(0.7638888888888888, 1.0)",5,99.20833333333331,13601
"(0.9166666666666666, 1.0)",1,99.20833333333331,13602
"(0.9458333333333332, 0.9958333333333332)",2,99.20416666666674,13604
"(0.9291666666666668, 0.9958333333333332)",1,99.20416666666672,13605
"(0.9583333333333334, 0.9958333333333332)",1,99.20416666666672,13606
"(0.975, 0.9958333333333332)",1,99.20416666666672,13607
"(0.9708333333333332, 0.9958333333333332)",1,99.20416666666672,13608
"(0.9666666666666668, 0.9958333333333332)",2,99.20416666666672,13610
"(0.8083333333333333, 0.9958333333333332)",1,99.20416666666672,13611
"(0.95, 0.9958333333333332)",1,99.20416666666672,13612
"(0.9833333333333332, 0.9958333333333332)",2,99.20416666666672,13614
"(0.9875, 0.9958333333333332)",1,99.20416666666672,13615
"(0.9541666666666668, 0.9958333333333332)",1,99.20416666666672,13616
"(0.9833333333333332, 0.9958333333333332)",1,99.20000000000012,13617
"(0.8916666666666667, 0.9958333333333332)",1,99.20000000000007,13618
"(0.9791666666666666, 0.9958333333333332)",1,99.20000000000007,13619
"(0.9041666666666668, 0.9958333333333332)",1,99.20000000000007,13620
"(0.9833333333333332, 0.9958333333333332)",1,99.20000000000007,13621
"(0.9625, 0.9958333333333332)",1,99.20000000000006,13622
"(0.9125, 0.9958333333333332)",1,99.20000000000006,13623
"(0.9541666666666668, 0.9958333333333332)",1,99.20000000000006,13624
"(0.8916666666666667, 0.9958333333333332)",2,99.20000000000006,13626
"(0.9791666666666666, 0.9958333333333332)",1,99.20000000000005,13627
"(0.9583333333333334, 0.9958333333333332)",1,99.20000000000005,13628
"(0.9916666666666668, 0.9958333333333332)",1,99.20000000000005,13629
"(0.85, 0.9958333333333332)",2,99.20000000000005,13631
"(0.975, 0.9958333333333332)",3,99.20000000000005,13634
"(0.8416666666666667, 0.9958333333333332)",1,99.20000000000005,13635
"(0.9333333333333332, 0.9958333333333332)",1,99.20000000000005,13636
"(0.6833333333333333, 1.0)",1,99.2,13637
"(0.85, 1.0)",2,99.2,13639
"(0.8666666666666667, 1.0)",1,99.2,13640
"(0.95, 1.0)",3,99.2,13643
"(0.75, 1.0)",1,99.2,13644
"(0.7666666666666667, 1.0)",2,99.2,13646
"(0.7166666666666667, 1.0)",2,99.2,13648
"(0.8, 1.0)",1,99.2,13649
"(1.0, 1.0)",2,99.2,13651
"(0.75, 1.0)",3,99.2,13654
"(0.9166666666666666, 1.0)",5,99.2,13659
"(0.9833333333333332, 1.0)",4,99.2,13663
"(0.8166666666666667, 1.0)",3,99.2,13666
"(0.8833333333333333, 1.0)",7,99.2,13673
"(0.9666666666666668, 1.0)",4,99.2,13677
"(0.8333333333333334, 1.0)",4,99.2,13681
"(0.8333333333333334, 1.0)",3,99.2,13684
"(0.8666666666666667, 1.0)",3,99.2,13687
"(0.8166666666666667, 1.0)",5,99.2,13692
"(0.7833333333333333, 1.0)",1,99.2,13693
"(0.9, 1.0)",1,99.2,13694
"(0.9833333333333332, 1.0)",1,99.2,13695
"(0.8372093023255814, 1.0)",1,99.19767441860463,13696
"(0.5930232558139535, 1.0)",1,99.19767441860463,13697
"(0.7441860465116279, 1.0)",1,99.19767441860463,13698
"(0.6395348837209303, 1.0)",1,99.19767441860463,13699
"(0.8023255813953488, 1.0)",1,99.19767441860463,13700
"(0.6162790697674418, 1.0)",1,99.19767441860463,13701
"(0.8837209302325582, 1.0)",2,99.19767441860463,13703
"(0.9833333333333332, 0.9958333333333332)",1,99.1958333333334,13704
"(0.9875, 0.9958333333333332)",1,99.1958333333334,13705
"(0.9333333333333332, 0.9958333333333332)",1,99.1958333333334,13706
"(0.9458333333333332, 0.9958333333333332)",1,99.1958333333334,13707
"(0.9791666666666666, 0.9958333333333332)",1,99.1958333333334,13708
"(0.9041666666666668, 0.9958333333333332)",1,99.1958333333334,13709
"(0.9875, 0.9958333333333332)",1,99.1958333333334,13710
"(0.95, 0.9958333333333332)",1,99.19583333333338,13711
"(0.9791666666666666, 0.9958333333333332)",1,99.19583333333338,13712
"(0.95, 0.9958333333333332)",1,99.19583333333335,13713
"(0.9791666666666666, 0.9958333333333332)",1,99.19583333333335,13714
"(0.85, 0.9958333333333332)",1,99.19583333333335,13715
"(0.9166666666666666, 1.0)",1,99.19444444444444,13716
"(0.8472222222222222, 1.0)",2,99.19444444444444,13718
"(0.7777777777777778, 1.0)",2,99.19444444444444,13720
"(0.6944444444444444, 1.0)",1,99.19444444444444,13721
"(0.8611111111111112, 1.0)",5,99.19444444444444,13726
"(0.7361111111111112, 1.0)",3,99.19444444444444,13729
"(0.7916666666666666, 1.0)",2,99.19444444444444,13731
"(0.9444444444444444, 1.0)",1,99.19444444444444,13732
"(0.9305555555555556, 1.0)",1,99.19444444444444,13733
"(0.9027777777777778, 1.0)",4,99.19444444444444,13737
"(0.9583333333333334, 1.0)",2,99.19444444444444,13739
"(0.9722222222222222, 1.0)",1,99.19444444444444,13740
"(0.7638888888888888, 1.0)",2,99.19444444444444,13742
"(0.875, 1.0)",2,99.19444444444444,13744
"(0.9791666666666666, 0.9958333333333332)",1,99.19166666666676,13745
"(0.9458333333333332, 0.9958333333333332)",1,99.19166666666672,13746
"(0.9666666666666668, 0.9958333333333332)",1,99.19166666666672,13747
"(0.95, 0.9958333333333332)",1,99.19166666666672,13748
"(0.9875, 0.9958333333333332)",1,99.19166666666672,13749
"(0.9875, 0.9958333333333332)",1,99.19166666666672,13750
"(0.9833333333333332, 0.9958333333333332)",1,99.19166666666672,13751
"(0.9208333333333332, 0.9958333333333332)",1,99.19166666666672,13752
"(0.9791666666666666, 0.9958333333333332)",1,99.1916666666667,13753
"(0.8375, 0.9958333333333332)",1,99.1916666666667,13754
"(0.9833333333333332, 0.9958333333333332)",1,99.1916666666667,13755
"(0.975, 0.9958333333333332)",1,99.1875000000001,13756
"(0.9791666666666666, 0.9958333333333332)",1,99.1875000000001,13757
"(0.9375, 0.9958333333333332)",1,99.18750000000009,13758
"(1.0, 0.9958333333333332)",1,99.18750000000009,13759
"(0.9458333333333332, 0.9958333333333332)",1,99.18750000000009,13760
"(0.9208333333333332, 0.9958333333333332)",1,99.18750000000006,13761
"(0.95, 0.9958333333333332)",1,99.18750000000006,13762
"(0.9625, 0.9958333333333332)",1,99.18750000000006,13763
"(0.975, 0.9958333333333332)",2,99.18750000000004,13765
"(0.8255813953488372, 1.0)",1,99.18604651162792,13766
"(0.6162790697674418, 1.0)",2,99.18604651162792,13768
"(0.4883720930232558, 1.0)",1,99.18604651162792,13769
"(0.7906976744186046, 1.0)",1,99.1860465116279,13770
"(0.6162790697674418, 1.0)",1,99.1860465116279,13771
"(0.7674418604651163, 1.0)",1,99.1860465116279,13772
"(0.9, 0.9958333333333332)",1,99.18333333333342,13773
"(0.9041666666666668, 0.9958333333333332)",1,99.1833333333334,13774
"(0.9625, 0.9958333333333332)",1,99.1833333333334,13775
"(0.8375, 0.9958333333333332)",1,99.1833333333334,13776
"(0.8791666666666667, 0.9958333333333332)",1,99.1833333333334,13777
"(0.9458333333333332, 0.9958333333333332)",1,99.1833333333334,13778
"(0.9375, 0.9958333333333332)",1,99.1833333333334,13779
"(0.9791666666666666, 0.9958333333333332)",1,99.18333333333338,13780
"(0.7833333333333333, 1.0)",1,99.18333333333334,13781
"(0.9666666666666668, 1.0)",1,99.18333333333334,13782
"(0.8166666666666667, 1.0)",3,99.18333333333334,13785
"(0.85, 1.0)",12,99.18333333333334,13797
"(1.0, 1.0)",5,99.18333333333334,13802
"(0.9, 1.0)",4,99.18333333333334,13806
"(0.9833333333333332, 1.0)",1,99.18333333333334,13807
"(0.8, 1.0)",2,99.18333333333334,13809
"(0.9166666666666666, 1.0)",4,99.18333333333334,13813
"(0.8833333333333333, 1.0)",8,99.18333333333334,13821
"(0.7166666666666667, 1.0)",3,99.18333333333334,13824
"(0.8333333333333334, 1.0)",1,99.18333333333334,13825
"(0.6833333333333333, 1.0)",2,99.18333333333334,13827
"(0.8666666666666667, 1.0)",1,99.18333333333334,13828
"(0.9333333333333332, 1.0)",3,99.18333333333334,13831
"(0.7666666666666667, 1.0)",1,99.18333333333334,13832
"(0.7333333333333333, 1.0)",1,99.18333333333332,13833
"(0.7361111111111112, 1.0)",1,99.18055555555556,13834
"(0.9166666666666666, 1.0)",5,99.18055555555556,13839
"(0.8611111111111112, 1.0)",5,99.18055555555556,13844
"(0.5972222222222222, 1.0)",1,99.18055555555556,13845
"(0.6805555555555556, 1.0)",1,99.18055555555556,13846
"(0.7222222222222222, 1.0)",1,99.18055555555556,13847
"(0.7638888888888888, 1.0)",4,99.18055555555556,13851
"(0.7916666666666666, 1.0)",1,99.18055555555556,13852
"(0.8888888888888888, 1.0)",1,99.18055555555556,13853
"(0.9305555555555556, 1.0)",1,99.18055555555556,13854
"(0.9027777777777778, 1.0)",2,99.18055555555556,13856
"(0.9444444444444444, 1.0)",1,99.18055555555556,13857
"(0.9583333333333334, 1.0)",3,99.18055555555556,13860
"(0.8333333333333334, 1.0)",4,99.18055555555556,13864
"(0.7083333333333334, 1.0)",2,99.18055555555556,13866
"(0.7638888888888888, 1.0)",2,99.18055555555554,13868
"(0.7222222222222222, 1.0)",1,99.18055555555554,13869
"(0.975, 0.9958333333333332)",1,99.17916666666676,13870
"(0.8958333333333334, 0.9958333333333332)",1,99.17916666666676,13871
"(0.9208333333333332, 0.9958333333333332)",1,99.17916666666676,13872
"(0.9916666666666668, 0.9958333333333332)",1,99.17916666666676,13873
"(0.9875, 0.9958333333333332)",1,99.17916666666676,13874
"(0.8791666666666667, 0.9958333333333332)",1,99.17916666666672,13875
"(0.875, 0.9958333333333332)",1,99.17916666666672,13876
"(0.975, 0.9958333333333332)",1,99.17916666666672,13877
"(0.9625, 0.9958333333333332)",1,99.17916666666672,13878
"(0.9541666666666668, 0.9958333333333332)",1,99.1791666666667,13879
"(0.9916666666666668, 0.9958333333333332)",1,99.1791666666667,13880
"(0.95, 0.9958333333333332)",1,99.17500000000013,13881
"(0.9, 0.9958333333333332)",1,99.1750000000001,13882
"(0.9375, 0.9958333333333332)",1,99.17500000000008,13883
"(0.9041666666666668, 0.9958333333333332)",1,99.17500000000008,13884
"(0.9875, 0.9958333333333332)",3,99.17500000000008,13887
"(0.9791666666666666, 0.9958333333333332)",1,99.17500000000008,13888
"(0.9875, 0.9958333333333332)",1,99.17500000000008,13889
"(0.9333333333333332, 0.9958333333333332)",1,99.17500000000008,13890
"(0.8666666666666667, 0.9958333333333332)",1,99.17500000000004,13891
"(0.9083333333333332, 0.9958333333333332)",1,99.17500000000004,13892
"(0.975, 0.9958333333333332)",1,99.17500000000004,13893
"(0.5930232558139535, 1.0)",1,99.17441860465117,13894
"(0.6162790697674418, 1.0)",1,99.17441860465117,13895
"(0.872093023255814, 1.0)",1,99.17441860465117,13896
"(0.6162790697674418, 1.0)",1,99.17441860465117,13897
"(0.8372093023255814, 1.0)",2,99.17441860465117,13899
"(0.7093023255813954, 1.0)",1,99.17441860465117,13900
"(0.9125, 0.9958333333333332)",1,99.17083333333342,13901
"(0.9625, 0.9958333333333332)",1,99.17083333333342,13902
"(0.825, 0.9958333333333332)",1,99.1708333333334,13903
"(0.8625, 0.9958333333333332)",1,99.1708333333334,13904
"(0.975, 0.9958333333333332)",1,99.1708333333334,13905
"(0.9458333333333332, 0.9958333333333332)",1,99.1708333333334,13906
"(0.9541666666666668, 0.9958333333333332)",1,99.1708333333334,13907
"(0.9208333333333332, 0.9958333333333332)",1,99.1708333333334,13908
"(0.9625, 0.9958333333333332)",1,99.1708333333334,13909
"(0.8875, 0.9958333333333332)",1,99.1708333333334,13910
"(0.8541666666666666, 0.9958333333333332)",1,99.1708333333334,13911
"(0.9708333333333332, 0.9958333333333332)",1,99.1708333333334,13912
"(0.9666666666666668, 0.9958333333333332)",1,99.17083333333338,13913
"(0.9875, 0.9958333333333332)",1,99.17083333333338,13914
"(0.8375, 0.9958333333333332)",1,99.17083333333338,13915
"(0.9333333333333332, 0.9958333333333332)",2,99.17083333333338,13917
"(0.875, 0.9958333333333332)",1,99.17083333333338,13918
"(0.8875, 0.9958333333333332)",1,99.16666666666676,13919
"(0.9625, 0.9958333333333332)",1,99.16666666666674,13920
"(0.9833333333333332, 0.9958333333333332)",1,99.16666666666674,13921
"(0.9041666666666668, 0.9958333333333332)",1,99.16666666666674,13922
"(0.9791666666666666, 0.9958333333333332)",1,99.16666666666671,13923
"(0.9208333333333332, 0.9958333333333332)",2,99.16666666666671,13925
"(0.9958333333333332, 0.9958333333333332)",1,99.16666666666671,13926
"(1.0, 1.0)",2,99.16666666666669,13928
"(0.85, 1.0)",1,99.16666666666669,13929
"(0.7777777777777778, 1.0)",1,99.16666666666669,13930
"(0.9166666666666666, 1.0)",4,99.16666666666669,13934
"(0.7361111111111112, 1.0)",1,99.16666666666669,13935
"(0.9444444444444444, 1.0)",1,99.16666666666669,13936
"(0.9333333333333332, 1.0)",1,99.16666666666669,13937
"(0.8666666666666667, 1.0)",2,99.16666666666669,13939
"(0.9305555555555556, 1.0)",2,99.16666666666669,13941
"(0.8, 1.0)",2,99.16666666666669,13943
"(0.8333333333333334, 1.0)",4,99.16666666666669,13947
"(0.7666666666666667, 1.0)",1,99.16666666666669,13948
"(0.8833333333333333, 1.0)",1,99.16666666666666,13949
"(0.7777777777777778, 1.0)",2,99.16666666666666,13951
"(0.9833333333333332, 1.0)",3,99.16666666666666,13954
"(0.9666666666666668, 1.0)",2,99.16666666666666,13956
"(0.9333333333333332, 1.0)",1,99.16666666666666,13957
"(0.7083333333333334, 1.0)",6,99.16666666666666,13963
"(0.9444444444444444, 1.0)",1,99.16666666666666,13964
"(0.9166666666666666, 1.0)",2,99.16666666666666,13966
"(0.8, 1.0)",1,99.16666666666666,13967
"(0.8194444444444444, 1.0)",4,99.16666666666666,13971
"(0.8166666666666667, 1.0)",1,99.16666666666666,13972
"(0.625, 1.0)",1,99.16666666666666,13973
"(0.7333333333333333, 1.0)",1,99.16666666666666,13974
"(0.9, 1.0)",3,99.16666666666666,13977
"(0.875, 1.0)",4,99.16666666666666,13981
"(0.85, 1.0)",5,99.16666666666666,13986
"(0.8333333333333334, 1.0)",5,99.16666666666666,13991
"(0.5972222222222222, 1.0)",2,99.16666666666666,13993
"(0.7638888888888888, 1.0)",3,99.16666666666666,13996
"(0.75, 1.0)",3,99.16666666666666,13999
"(0.9027777777777778, 1.0)",1,99.16666666666666,14000
"(0.9305555555555556, 1.0)",2,99.16666666666666,14002
"(0.7666666666666667, 1.0)",1,99.16666666666666,14003
"(0.8055555555555556, 1.0)",1,99.16666666666666,14004
"(0.627906976744186, 1.0)",2,99.1627906976744,14006
"(0.7906976744186046, 1.0)",1,99.1627906976744,14007
"(0.5930232558139535, 1.0)",1,99.1627906976744,14008
"(0.4534883720930232, 1.0)",1,99.1627906976744,14009
"(0.4651162790697674, 1.0)",1,99.1627906976744,14010
"(0.6162790697674418, 1.0)",1,99.1627906976744,14011
"(0.7674418604651163, 1.0)",1,99.1627906976744,14012
"(1.0, 0.9958333333333332)",1,99.16250000000012,14013
"(0.975, 0.9958333333333332)",1,99.16250000000008,14014
"(0.9625, 0.9958333333333332)",2,99.16250000000008,14016
"(0.9708333333333332, 0.9958333333333332)",1,99.16250000000008,14017
"(0.9833333333333332, 0.9958333333333332)",2,99.16250000000008,14019
"(0.975, 0.9958333333333332)",1,99.16250000000004,14020
"(0.9875, 0.9958333333333332)",1,99.16250000000004,14021
"(0.9916666666666668, 0.9958333333333332)",1,99.16250000000004,14022
"(0.8666666666666667, 0.9958333333333332)",2,99.16250000000004,14024
"(0.9458333333333332, 0.9958333333333332)",1,99.16250000000004,14025
"(0.9833333333333332, 0.9958333333333332)",1,99.15833333333342,14026
"(0.9791666666666666, 0.9958333333333332)",1,99.15833333333342,14027
"(0.975, 0.9958333333333332)",1,99.1583333333334,14028
"(0.85, 0.9958333333333332)",1,99.1583333333334,14029
"(0.9833333333333332, 0.9958333333333332)",2,99.1583333333334,14031
"(0.9875, 0.9958333333333332)",1,99.1583333333334,14032
"(0.975, 0.9958333333333332)",1,99.1583333333334,14033
"(0.9708333333333332, 0.9958333333333332)",1,99.1583333333334,14034
"(0.9458333333333332, 0.9958333333333332)",1,99.1583333333334,14035
"(0.9041666666666668, 0.9958333333333332)",1,99.1583333333334,14036
"(0.9791666666666666, 0.9958333333333332)",2,99.1583333333334,14038
"(0.9791666666666666, 0.9958333333333332)",2,99.1583333333334,14040
"(0.9916666666666668, 0.9958333333333332)",1,99.1583333333334,14041
"(0.9583333333333334, 0.9958333333333332)",1,99.15833333333336,14042
"(0.9916666666666668, 0.9958333333333332)",1,99.15833333333336,14043
"(0.9791666666666666, 0.9958333333333332)",1,99.15833333333336,14044
"(0.95, 0.9958333333333332)",1,99.15833333333336,14045
"(0.9708333333333332, 0.9958333333333332)",1,99.15416666666675,14046
"(0.9625, 0.9958333333333332)",1,99.15416666666674,14047
"(0.9291666666666668, 0.9958333333333332)",1,99.15416666666673,14048
"(0.8666666666666667, 0.9958333333333332)",1,99.15416666666673,14049
"(0.9458333333333332, 0.9958333333333332)",1,99.15416666666673,14050
"(0.9375, 0.9958333333333332)",1,99.15416666666673,14051
"(0.975, 0.9958333333333332)",1,99.15416666666673,14052
"(0.9833333333333332, 0.9958333333333332)",2,99.15416666666673,14054
"(0.9916666666666668, 0.9958333333333332)",1,99.15416666666673,14055
"(0.9791666666666666, 0.9958333333333332)",1,99.1541666666667,14056
"(0.9305555555555556, 1.0)",1,99.1527777777778,14057
"(0.6805555555555556, 1.0)",1,99.15277777777776,14058
"(0.9444444444444444, 1.0)",3,99.15277777777776,14061
"(0.8611111111111112, 1.0)",3,99.15277777777776,14064
"(0.8194444444444444, 1.0)",2,99.15277777777776,14066
"(0.9027777777777778, 1.0)",3,99.15277777777776,14069
"(0.7638888888888888, 1.0)",1,99.15277777777776,14070
"(0.7777777777777778, 1.0)",1,99.15277777777776,14071
"(0.8888888888888888, 1.0)",2,99.15277777777776,14073
"(0.7222222222222222, 1.0)",1,99.15277777777776,14074
"(0.8333333333333334, 1.0)",2,99.15277777777776,14076
"(0.875, 1.0)",3,99.15277777777776,14079
"(0.5972222222222222, 1.0)",1,99.15277777777776,14080
"(0.75, 1.0)",2,99.15277777777776,14082
"(0.7083333333333334, 1.0)",1,99.15277777777776,14083
"(0.8472222222222222, 1.0)",1,99.15277777777776,14084
"(0.8055555555555556, 1.0)",1,99.15277777777776,14085
"(0.9305555555555556, 1.0)",6,99.15277777777776,14091
"(0.5930232558139535, 1.0)",3,99.15116279069768,14094
"(0.7674418604651163, 1.0)",2,99.15116279069768,14096
"(0.8372093023255814, 1.0)",1,99.15116279069768,14097
"(0.6162790697674418, 1.0)",1,99.15116279069768,14098
"(0.7906976744186046, 1.0)",1,99.15116279069768,14099
"(0.4651162790697674, 1.0)",1,99.15116279069768,14100
"(0.8488372093023255, 1.0)",1,99.15116279069768,14101
"(0.8255813953488372, 1.0)",2,99.15116279069768,14103
"(0.8791666666666667, 0.9958333333333332)",1,99.15000000000008,14104
"(0.9375, 0.9958333333333332)",1,99.15000000000008,14105
"(0.975, 0.9958333333333332)",1,99.15000000000008,14106
"(0.9833333333333332, 0.9958333333333332)",1,99.15000000000006,14107
"(0.9333333333333332, 0.9958333333333332)",1,99.15000000000006,14108
"(0.9375, 0.9958333333333332)",1,99.15000000000006,14109
"(0.975, 0.9958333333333332)",1,99.15000000000003,14110
"(0.9666666666666668, 0.9958333333333332)",1,99.15000000000003,14111
"(0.9833333333333332, 0.9958333333333332)",1,99.15000000000003,14112
"(0.9875, 0.9958333333333332)",1,99.15000000000003,14113
"(0.9833333333333332, 0.9958333333333332)",1,99.15000000000003,14114
"(0.9, 1.0)",4,99.15,14118
"(0.8, 1.0)",9,99.15,14127
"(0.7333333333333333, 1.0)",1,99.15,14128
"(0.9666666666666668, 1.0)",5,99.15,14133
"(0.9833333333333332, 1.0)",1,99.15,14134
"(0.8666666666666667, 1.0)",2,99.15,14136
"(0.8333333333333334, 1.0)",6,99.15,14142
"(0.6666666666666666, 1.0)",1,99.15,14143
"(1.0, 1.0)",3,99.15,14146
"(0.9166666666666666, 1.0)",7,99.15,14153
"(0.85, 1.0)",4,99.15,14157
"(0.9333333333333332, 1.0)",1,99.15,14158
"(0.8833333333333333, 1.0)",3,99.15,14161
"(0.8333333333333334, 1.0)",1,99.15,14162
"(0.75, 1.0)",2,99.15,14164
"(0.9833333333333332, 1.0)",4,99.15,14168
"(0.8166666666666667, 1.0)",3,99.15,14171
"(0.95, 1.0)",1,99.15,14172
"(0.8958333333333334, 0.9958333333333332)",1,99.14583333333344,14173
"(0.925, 0.9958333333333332)",1,99.1458333333334,14174
"(0.9125, 0.9958333333333332)",1,99.1458333333334,14175
"(0.9791666666666666, 0.9958333333333332)",1,99.1458333333334,14176
"(0.9208333333333332, 0.9958333333333332)",1,99.14583333333336,14177
"(0.9666666666666668, 0.9958333333333332)",1,99.14583333333336,14178
"(0.9333333333333332, 0.9958333333333332)",1,99.14166666666677,14179
"(0.9291666666666668, 0.9958333333333332)",1,99.14166666666677,14180
"(0.9333333333333332, 0.9958333333333332)",1,99.14166666666674,14181
"(0.7958333333333333, 0.9958333333333332)",1,99.14166666666674,14182
"(0.9625, 0.9958333333333332)",1,99.14166666666672,14183
"(0.9791666666666666, 0.9958333333333332)",1,99.14166666666672,14184
"(0.9375, 0.9958333333333332)",2,99.14166666666672,14186
"(0.9875, 0.9958333333333332)",2,99.14166666666672,14188
"(0.8791666666666667, 0.9958333333333332)",1,99.14166666666672,14189
"(0.9375, 0.9958333333333332)",1,99.14166666666672,14190
"(0.9208333333333332, 0.9958333333333332)",3,99.14166666666672,14193
"(0.8255813953488372, 1.0)",2,99.13953488372093,14195
"(0.872093023255814, 1.0)",1,99.13953488372093,14196
"(0.627906976744186, 1.0)",2,99.13953488372093,14198
"(0.7674418604651163, 1.0)",1,99.13953488372093,14199
"(0.7441860465116279, 1.0)",1,99.13953488372093,14200
"(0.7906976744186046, 1.0)",1,99.13953488372093,14201
"(0.6944444444444444, 1.0)",1,99.13888888888889,14202
"(0.7777777777777778, 1.0)",2,99.13888888888889,14204
"(0.9305555555555556, 1.0)",5,99.13888888888889,14209
"(0.8333333333333334, 1.0)",3,99.13888888888889,14212
"(0.9027777777777778, 1.0)",3,99.13888888888889,14215
"(0.7083333333333334, 1.0)",6,99.13888888888889,14221
"(0.8888888888888888, 1.0)",2,99.13888888888889,14223
"(0.8055555555555556, 1.0)",4,99.13888888888889,14227
"(0.6805555555555556, 1.0)",2,99.13888888888889,14229
"(0.7638888888888888, 1.0)",3,99.13888888888889,14232
"(0.7916666666666666, 1.0)",4,99.13888888888889,14236
"(0.9583333333333334, 1.0)",3,99.13888888888889,14239
"(0.7361111111111112, 1.0)",2,99.13888888888889,14241
"(0.8194444444444444, 1.0)",2,99.13888888888889,14243
"(0.9444444444444444, 1.0)",5,99.13888888888889,14248
"(0.9166666666666666, 1.0)",1,99.13888888888889,14249
"(0.875, 1.0)",1,99.13888888888889,14250
"(0.8472222222222222, 1.0)",1,99.13888888888889,14251
"(0.9, 0.9958333333333332)",1,99.13750000000007,14252
"(0.9875, 0.9958333333333332)",1,99.13750000000007,14253
"(1.0, 0.9958333333333332)",1,99.13750000000006,14254
"(0.8625, 0.9958333333333332)",2,99.13750000000006,14256
"(0.9208333333333332, 0.9958333333333332)",1,99.13750000000005,14257
"(0.9125, 0.9958333333333332)",1,99.13333333333344,14258
"(0.9208333333333332, 0.9958333333333332)",1,99.13333333333344,14259
"(0.9416666666666668, 0.9958333333333332)",1,99.1333333333334,14260
"(0.9875, 0.9958333333333332)",1,99.1333333333334,14261
"(0.95, 0.9958333333333332)",1,99.1333333333334,14262
"(0.9041666666666668, 0.9958333333333332)",1,99.1333333333334,14263
"(0.9916666666666668, 0.9958333333333332)",1,99.1333333333334,14264
"(0.9833333333333332, 0.9958333333333332)",1,99.13333333333338,14265
"(0.9083333333333332, 0.9958333333333332)",1,99.13333333333338,14266
"(0.9791666666666666, 0.9958333333333332)",2,99.13333333333338,14268
"(0.8625, 0.9958333333333332)",1,99.13333333333335,14269
"(0.9666666666666668, 0.9958333333333332)",1,99.13333333333335,14270
"(1.0, 1.0)",2,99.13333333333333,14272
"(0.9833333333333332, 1.0)",2,99.13333333333333,14274
"(0.9166666666666666, 1.0)",3,99.13333333333333,14277
"(0.7, 1.0)",1,99.13333333333333,14278
"(0.85, 1.0)",4,99.13333333333333,14282
"(0.9, 1.0)",4,99.13333333333333,14286
"(0.6, 1.0)",1,99.13333333333333,14287
"(0.7333333333333333, 1.0)",1,99.13333333333333,14288
"(0.9333333333333332, 1.0)",2,99.13333333333333,14290
"(0.8333333333333334, 1.0)",1,99.13333333333333,14291
"(0.9666666666666668, 1.0)",3,99.13333333333333,14294
"(0.8666666666666667, 1.0)",2,99.13333333333333,14296
"(0.8833333333333333, 1.0)",4,99.13333333333333,14300
"(0.8, 1.0)",2,99.13333333333333,14302
"(0.75, 1.0)",1,99.13333333333333,14303
"(0.8166666666666667, 1.0)",1,99.13333333333333,14304
"(0.95, 1.0)",1,99.13333333333333,14305
"(0.9375, 0.9958333333333332)",1,99.12916666666676,14306
"(0.8916666666666667, 0.9958333333333332)",1,99.12916666666676,14307
"(0.9291666666666668, 0.9958333333333332)",1,99.12916666666672,14308
"(0.9666666666666668, 0.9958333333333332)",1,99.12916666666672,14309
"(0.9, 0.9958333333333332)",1,99.12916666666672,14310
"(0.9333333333333332, 0.9958333333333332)",1,99.12916666666672,14311
"(0.9791666666666666, 0.9958333333333332)",1,99.12916666666672,14312
"(0.9625, 0.9958333333333332)",1,99.12916666666672,14313
"(0.9166666666666666, 0.9958333333333332)",1,99.12916666666672,14314
"(0.9208333333333332, 0.9958333333333332)",1,99.12916666666672,14315
"(0.9833333333333332, 0.9958333333333332)",1,99.12916666666672,14316
"(0.8541666666666666, 0.9958333333333332)",1,99.12916666666672,14317
"(0.95, 0.9958333333333332)",2,99.12916666666672,14319
"(0.9625, 0.9958333333333332)",1,99.1291666666667,14320
"(0.9208333333333332, 0.9958333333333332)",1,99.12916666666668,14321
"(0.4651162790697674, 1.0)",1,99.1279069767442,14322
"(0.7441860465116279, 1.0)",1,99.1279069767442,14323
"(0.7906976744186046, 1.0)",1,99.1279069767442,14324
"(0.5930232558139535, 1.0)",1,99.1279069767442,14325
"(0.8488372093023255, 1.0)",1,99.1279069767442,14326
"(0.975, 0.9958333333333332)",1,99.1250000000001,14327
"(0.9916666666666668, 0.9958333333333332)",1,99.12500000000009,14328
"(0.9875, 0.9958333333333332)",3,99.12500000000009,14331
"(0.9833333333333332, 0.9958333333333332)",1,99.12500000000009,14332
"(0.8541666666666666, 0.9958333333333332)",1,99.12500000000009,14333
"(0.9375, 0.9958333333333332)",1,99.12500000000009,14334
"(0.9083333333333332, 0.9958333333333332)",1,99.12500000000009,14335
"(0.8916666666666667, 0.9958333333333332)",1,99.12500000000009,14336
"(0.95, 0.9958333333333332)",1,99.12500000000006,14337
"(0.9458333333333332, 0.9958333333333332)",1,99.12500000000006,14338
"(0.925, 0.9958333333333332)",1,99.12500000000006,14339
"(0.8625, 0.9958333333333332)",1,99.12500000000006,14340
"(0.9625, 0.9958333333333332)",1,99.12500000000006,14341
"(0.9666666666666668, 0.9958333333333332)",1,99.12500000000006,14342
"(0.95, 0.9958333333333332)",1,99.12500000000004,14343
"(0.975, 0.9958333333333332)",1,99.12500000000004,14344
"(0.875, 0.9958333333333332)",1,99.12500000000004,14345
"(0.9208333333333332, 0.9958333333333332)",1,99.12500000000004,14346
"(0.8055555555555556, 1.0)",1,99.125,14347
"(0.6944444444444444, 1.0)",3,99.125,14350
"(0.7083333333333334, 1.0)",3,99.125,14353
"(0.9305555555555556, 1.0)",2,99.125,14355
"(0.8333333333333334, 1.0)",1,99.125,14356
"(0.5972222222222222, 1.0)",2,99.125,14358
"(0.9444444444444444, 1.0)",4,99.125,14362
"(0.9166666666666666, 1.0)",1,99.125,14363
"(0.7361111111111112, 1.0)",1,99.125,14364
"(0.625, 1.0)",1,99.125,14365
"(0.8194444444444444, 1.0)",5,99.125,14370
"(0.9583333333333334, 1.0)",3,99.125,14373
"(0.9722222222222222, 1.0)",1,99.125,14374
"(0.875, 1.0)",1,99.125,14375
"(0.8611111111111112, 1.0)",4,99.125,14379
"(0.75, 1.0)",3,99.125,14382
"(0.8888888888888888, 1.0)",2,99.125,14384
"(0.9027777777777778, 1.0)",1,99.125,14385
"(0.9, 0.9916666666666668)",1,99.12499999999974,14386
"(0.9291666666666668, 0.9958333333333332)",1,99.12083333333344,14387
"(0.9375, 0.9958333333333332)",1,99.1208333333334,14388
"(0.9291666666666668, 0.9958333333333332)",1,99.1208333333334,14389
"(0.8833333333333333, 0.9958333333333332)",1,99.1208333333334,14390
"(0.9833333333333332, 0.9958333333333332)",1,99.1208333333334,14391
"(0.9041666666666668, 0.9958333333333332)",1,99.12083333333338,14392
"(0.925, 0.9958333333333332)",1,99.12083333333338,14393
"(0.9875, 0.9958333333333332)",1,99.11666666666676,14394
"(0.9375, 0.9958333333333332)",1,99.11666666666676,14395
"(0.9291666666666668, 0.9958333333333332)",3,99.11666666666676,14398
"(0.8791666666666667, 0.9958333333333332)",1,99.11666666666676,14399
"(0.9791666666666666, 0.9958333333333332)",1,99.11666666666676,14400
"(0.9208333333333332, 0.9958333333333332)",1,99.11666666666672,14401
"(0.9625, 0.9958333333333332)",1,99.11666666666672,14402
"(0.9916666666666668, 0.9958333333333332)",1,99.11666666666672,14403
"(0.9875, 0.9958333333333332)",1,99.11666666666672,14404
"(0.9208333333333332, 0.9958333333333332)",1,99.11666666666672,14405
"(0.9958333333333332, 0.9958333333333332)",1,99.11666666666672,14406
"(0.9625, 0.9958333333333332)",1,99.11666666666672,14407
"(0.9291666666666668, 0.9958333333333332)",1,99.11666666666672,14408
"(0.9791666666666666, 0.9958333333333332)",1,99.11666666666672,14409
"(0.9458333333333332, 0.9958333333333332)",1,99.11666666666672,14410
"(0.8375, 0.9958333333333332)",1,99.11666666666672,14411
"(0.9791666666666666, 0.9958333333333332)",1,99.1166666666667,14412
"(0.7333333333333333, 1.0)",1,99.11666666666667,14413
"(0.7166666666666667, 1.0)",1,99.11666666666667,14414
"(0.95, 1.0)",1,99.11666666666667,14415
"(0.85, 1.0)",2,99.11666666666667,14417
"(0.8833333333333333, 1.0)",1,99.11666666666667,14418
"(0.8333333333333334, 1.0)",5,99.11666666666667,14423
"(1.0, 1.0)",2,99.11666666666667,14425
"(0.7, 1.0)",2,99.11666666666667,14427
"(0.8166666666666667, 1.0)",8,99.11666666666667,14435
"(0.9, 1.0)",3,99.11666666666667,14438
"(0.9333333333333332, 1.0)",1,99.11666666666667,14439
"(0.7666666666666667, 1.0)",2,99.11666666666667,14441
"(0.9166666666666666, 1.0)",2,99.11666666666667,14443
"(0.9666666666666668, 1.0)",2,99.11666666666667,14445
"(0.8, 1.0)",2,99.11666666666667,14447
"(0.8666666666666667, 1.0)",1,99.11666666666667,14448
"(0.7333333333333333, 1.0)",1,99.11666666666666,14449
"(0.7833333333333333, 1.0)",1,99.11666666666666,14450
"(0.8666666666666667, 1.0)",1,99.11666666666666,14451
"(0.7666666666666667, 1.0)",1,99.11666666666666,14452
"(0.9166666666666666, 1.0)",2,99.11666666666666,14454
"(0.8166666666666667, 1.0)",2,99.11666666666666,14456
"(0.6162790697674418, 1.0)",2,99.11627906976744,14458
"(0.627906976744186, 1.0)",1,99.11627906976744,14459
"(0.4883720930232558, 1.0)",1,99.11627906976744,14460
"(0.8837209302325582, 1.0)",1,99.11627906976744,14461
"(0.8488372093023255, 1.0)",2,99.11627906976744,14463
"(0.7674418604651163, 1.0)",2,99.11627906976744,14465
"(0.8255813953488372, 1.0)",1,99.11627906976744,14466
"(0.872093023255814, 1.0)",1,99.11627906976744,14467
"(0.9916666666666668, 0.9958333333333332)",1,99.1125000000001,14468
"(0.9833333333333332, 0.9958333333333332)",1,99.1125000000001,14469
"(0.9125, 0.9958333333333332)",1,99.11250000000008,14470
"(0.9416666666666668, 0.9958333333333332)",1,99.11250000000008,14471
"(0.9083333333333332, 0.9958333333333332)",1,99.11250000000008,14472
"(0.9375, 0.9958333333333332)",1,99.11250000000008,14473
"(0.9458333333333332, 0.9958333333333332)",1,99.11250000000008,14474
"(0.9458333333333332, 0.9958333333333332)",1,99.11250000000004,14475
"(0.9916666666666668, 0.9958333333333332)",1,99.11250000000004,14476
"(0.9791666666666666, 0.9958333333333332)",1,99.11250000000004,14477
"(0.85, 0.9958333333333332)",1,99.11250000000004,14478
"(0.9305555555555556, 1.0)",1,99.11111111111111,14479
"(0.8611111111111112, 1.0)",2,99.11111111111111,14481
"(0.9444444444444444, 1.0)",4,99.11111111111111,14485
"(0.7222222222222222, 1.0)",1,99.11111111111111,14486
"(0.9166666666666666, 1.0)",1,99.11111111111111,14487
"(0.9722222222222222, 1.0)",1,99.11111111111111,14488
"(0.7083333333333334, 1.0)",5,99.11111111111111,14493
"(0.8194444444444444, 1.0)",1,99.11111111111111,14494
"(0.7361111111111112, 1.0)",1,99.11111111111111,14495
"(0.8333333333333334, 1.0)",3,99.11111111111111,14498
"(0.7777777777777778, 1.0)",2,99.11111111111111,14500
"(0.875, 1.0)",1,99.11111111111111,14501
"(0.8888888888888888, 1.0)",3,99.11111111111111,14504
"(0.9027777777777778, 1.0)",2,99.11111111111111,14506
"(0.8055555555555556, 1.0)",1,99.11111111111111,14507
"(0.6388888888888888, 1.0)",1,99.11111111111111,14508
"(0.9583333333333334, 1.0)",4,99.11111111111111,14512
"(0.5972222222222222, 1.0)",3,99.11111111111111,14515
"(0.7083333333333334, 1.0)",1,99.1111111111111,14516
"(0.9958333333333332, 0.9958333333333332)",1,99.10833333333342,14517
"(0.9375, 0.9958333333333332)",1,99.10833333333342,14518
"(0.9833333333333332, 0.9958333333333332)",1,99.10833333333342,14519
"(0.9916666666666668, 0.9958333333333332)",1,99.1083333333334,14520
"(0.9291666666666668, 0.9958333333333332)",1,99.1083333333334,14521
"(0.9875, 0.9958333333333332)",1,99.1083333333334,14522
"(0.9708333333333332, 0.9958333333333332)",1,99.10833333333338,14523
"(0.9875, 0.9958333333333332)",1,99.10833333333338,14524
"(0.9416666666666668, 0.9958333333333332)",1,99.10833333333338,14525
"(0.9583333333333334, 0.9958333333333332)",1,99.10833333333338,14526
"(0.975, 1.0)",1,99.10833333333328,14527
"(0.7441860465116279, 1.0)",1,99.1046511627907,14528
"(0.6162790697674418, 1.0)",1,99.1046511627907,14529
"(0.9186046511627908, 1.0)",1,99.1046511627907,14530
"(0.4883720930232558, 1.0)",2,99.1046511627907,14532
"(0.8255813953488372, 1.0)",2,99.10465116279067,14534
"(0.872093023255814, 1.0)",1,99.10465116279067,14535
"(0.5930232558139535, 1.0)",2,99.10465116279067,14537
"(0.7674418604651163, 1.0)",2,99.10465116279067,14539
"(0.9708333333333332, 0.9958333333333332)",1,99.10416666666676,14540
"(0.9875, 0.9958333333333332)",1,99.10416666666676,14541
"(0.9291666666666668, 0.9958333333333332)",1,99.10416666666676,14542
"(0.9041666666666668, 0.9958333333333332)",1,99.10416666666676,14543
"(0.9833333333333332, 0.9958333333333332)",1,99.10416666666674,14544
"(0.8916666666666667, 0.9958333333333332)",1,99.10416666666674,14545
"(0.9041666666666668, 0.9958333333333332)",1,99.10416666666671,14546
"(0.9166666666666666, 0.9958333333333332)",1,99.10416666666671,14547
"(0.9666666666666668, 0.9958333333333332)",1,99.10416666666671,14548
"(0.9875, 0.9958333333333332)",1,99.10416666666671,14549
"(0.9916666666666668, 0.9958333333333332)",1,99.10416666666671,14550
"(0.9375, 0.9958333333333332)",1,99.10416666666669,14551
"(0.95, 1.0)",1,99.10416666666664,14552
"(0.9291666666666668, 0.9958333333333332)",1,99.10000000000012,14553
"(0.9291666666666668, 0.9958333333333332)",1,99.10000000000008,14554
"(0.8625, 0.9958333333333332)",1,99.10000000000008,14555
"(0.9125, 0.9958333333333332)",2,99.10000000000004,14557
"(0.9041666666666668, 0.9958333333333332)",1,99.10000000000004,14558
"(0.9458333333333332, 0.9958333333333332)",1,99.10000000000004,14559
"(0.9291666666666668, 0.9958333333333332)",1,99.10000000000004,14560
"(0.8333333333333334, 1.0)",9,99.1,14569
"(0.9166666666666666, 1.0)",9,99.1,14578
"(0.9333333333333332, 1.0)",4,99.1,14582
"(0.6, 1.0)",1,99.1,14583
"(0.8666666666666667, 1.0)",3,99.1,14586
"(0.75, 1.0)",3,99.1,14589
"(1.0, 1.0)",4,99.1,14593
"(0.7, 1.0)",1,99.1,14594
"(0.9666666666666668, 1.0)",1,99.1,14595
"(0.8, 1.0)",1,99.1,14596
"(0.7333333333333333, 1.0)",2,99.1,14598
"(0.9, 1.0)",5,99.1,14603
"(0.7166666666666667, 1.0)",1,99.1,14604
"(0.85, 1.0)",2,99.1,14606
"(0.95, 1.0)",3,99.1,14609
"(0.8166666666666667, 1.0)",4,99.1,14613
"(0.7666666666666667, 1.0)",1,99.1,14614
"(0.8833333333333333, 1.0)",1,99.1,14615
"(0.7833333333333333, 1.0)",3,99.1,14618
"(0.9791666666666666, 1.0)",1,99.09999999999997,14619
"(0.7361111111111112, 1.0)",2,99.09722222222224,14621
"(0.7916666666666666, 1.0)",1,99.09722222222224,14622
"(0.75, 1.0)",1,99.09722222222224,14623
"(0.8888888888888888, 1.0)",1,99.09722222222224,14624
"(0.7083333333333334, 1.0)",2,99.09722222222224,14626
"(0.875, 1.0)",1,99.09722222222224,14627
"(0.9027777777777778, 1.0)",2,99.09722222222224,14629
"(0.8611111111111112, 1.0)",2,99.09722222222224,14631
"(0.7777777777777778, 1.0)",5,99.09722222222224,14636
"(0.7638888888888888, 1.0)",1,99.09722222222224,14637
"(0.8194444444444444, 1.0)",1,99.09722222222224,14638
"(0.6944444444444444, 1.0)",2,99.0972222222222,14640
"(0.9027777777777778, 1.0)",1,99.0972222222222,14641
"(0.9166666666666666, 1.0)",2,99.0972222222222,14643
"(0.7083333333333334, 1.0)",2,99.0972222222222,14645
"(0.9041666666666668, 0.9958333333333332)",1,99.09583333333345,14646
"(0.9708333333333332, 0.9958333333333332)",1,99.09583333333342,14647
"(0.9291666666666668, 0.9958333333333332)",1,99.09583333333342,14648
"(0.9791666666666666, 0.9958333333333332)",1,99.0958333333334,14649
"(0.9666666666666668, 0.9958333333333332)",1,99.0958333333334,14650
"(0.975, 0.9958333333333332)",1,99.09583333333336,14651
"(0.9186046511627908, 1.0)",1,99.09302325581396,14652
"(0.872093023255814, 1.0)",2,99.09302325581396,14654
"(0.7674418604651163, 1.0)",1,99.09302325581396,14655
"(0.4883720930232558, 1.0)",1,99.09302325581396,14656
"(0.8372093023255814, 1.0)",1,99.09302325581396,14657
"(0.8372093023255814, 1.0)",2,99.09302325581396,14659
"(0.6162790697674418, 1.0)",1,99.09302325581396,14660
"(0.813953488372093, 1.0)",1,99.09302325581396,14661
"(0.975, 0.9958333333333332)",1,99.09166666666675,14662
"(0.925, 0.9958333333333332)",1,99.09166666666674,14663
"(0.975, 0.9958333333333332)",1,99.09166666666674,14664
"(0.9208333333333332, 0.9958333333333332)",1,99.09166666666674,14665
"(0.8791666666666667, 0.9958333333333332)",1,99.09166666666673,14666
"(0.9208333333333332, 0.9958333333333332)",2,99.09166666666673,14668
"(0.9958333333333332, 0.9958333333333332)",1,99.09166666666673,14669
"(0.9083333333333332, 0.9958333333333332)",1,99.09166666666673,14670
"(0.9, 0.9958333333333332)",1,99.09166666666673,14671
"(0.9666666666666668, 0.9958333333333332)",1,99.0916666666667,14672
"(0.9333333333333332, 0.9916666666666668)",1,99.0916666666664,14673
"(0.9875, 0.9958333333333332)",1,99.08750000000016,14674
"(0.9833333333333332, 0.9958333333333332)",1,99.0875000000001,14675
"(0.9625, 0.9958333333333332)",1,99.0875000000001,14676
"(0.9875, 0.9958333333333332)",1,99.08750000000008,14677
"(0.825, 0.9958333333333332)",2,99.08750000000006,14679
"(0.9291666666666668, 0.9958333333333332)",1,99.08750000000006,14680
"(0.9666666666666668, 0.9958333333333332)",1,99.08750000000003,14681
"(0.975, 0.9958333333333332)",1,99.08750000000003,14682
"(0.9041666666666668, 0.9958333333333332)",1,99.08750000000003,14683
"(0.8625, 0.9958333333333332)",1,99.08750000000003,14684
"(0.9833333333333332, 0.9958333333333332)",1,99.08750000000003,14685
"(0.9208333333333332, 0.9958333333333332)",1,99.08750000000003,14686
"(0.9291666666666668, 0.9958333333333332)",1,99.08750000000003,14687
"(0.9833333333333332, 1.0)",1,99.08749999999996,14688
"(0.9833333333333332, 0.9958333333333332)",1,99.08333333333346,14689
"(0.975, 0.9958333333333332)",1,99.0833333333334,14690
"(0.9791666666666666, 0.9958333333333332)",1,99.0833333333334,14691
"(0.9625, 0.9958333333333332)",1,99.0833333333334,14692
"(0.9875, 0.9958333333333332)",1,99.0833333333334,14693
"(0.9708333333333332, 0.9958333333333332)",1,99.0833333333334,14694
"(0.9375, 0.9958333333333332)",1,99.0833333333334,14695
"(0.9041666666666668, 0.9958333333333332)",1,99.0833333333334,14696
"(0.95, 0.9958333333333332)",3,99.0833333333334,14699
"(0.8666666666666667, 0.9958333333333332)",1,99.08333333333336,14700
"(0.9208333333333332, 0.9958333333333332)",1,99.08333333333336,14701
"(0.8055555555555556, 1.0)",1,99.08333333333334,14702
"(0.8333333333333334, 1.0)",1,99.08333333333334,14703
"(0.5333333333333333, 1.0)",1,99.08333333333334,14704
"(0.9, 1.0)",5,99.08333333333334,14709
"(0.85, 1.0)",1,99.08333333333334,14710
"(0.8833333333333333, 1.0)",4,99.08333333333334,14714
"(0.8194444444444444, 1.0)",1,99.08333333333334,14715
"(0.75, 1.0)",2,99.08333333333334,14717
"(1.0, 1.0)",1,99.08333333333334,14718
"(0.95, 1.0)",1,99.08333333333334,14719
"(0.9305555555555556, 1.0)",1,99.08333333333334,14720
"(0.6666666666666666, 1.0)",1,99.08333333333334,14721
"(0.9333333333333332, 1.0)",1,99.08333333333334,14722
"(0.9027777777777778, 1.0)",1,99.08333333333334,14723
"(0.85, 1.0)",5,99.08333333333331,14728
"(0.8888888888888888, 1.0)",2,99.08333333333331,14730
"(0.8166666666666667, 1.0)",1,99.08333333333331,14731
"(1.0, 1.0)",1,99.08333333333331,14732
"(0.8194444444444444, 1.0)",2,99.08333333333331,14734
"(0.8333333333333334, 1.0)",3,99.08333333333331,14737
"(0.8666666666666667, 1.0)",2,99.08333333333331,14739
"(0.9027777777777778, 1.0)",1,99.08333333333331,14740
"(0.8833333333333333, 1.0)",1,99.08333333333331,14741
"(0.8055555555555556, 1.0)",2,99.08333333333331,14743
"(0.9583333333333334, 1.0)",4,99.08333333333331,14747
"(0.7166666666666667, 1.0)",1,99.08333333333331,14748
"(0.6944444444444444, 1.0)",1,99.08333333333331,14749
"(0.9833333333333332, 1.0)",2,99.08333333333331,14751
"(0.6833333333333333, 1.0)",1,99.08333333333331,14752
"(0.9166666666666666, 1.0)",2,99.08333333333331,14754
"(0.9333333333333332, 1.0)",1,99.08333333333331,14755
"(0.8472222222222222, 1.0)",1,99.08333333333331,14756
"(0.7333333333333333, 1.0)",1,99.08333333333331,14757
"(0.9, 1.0)",4,99.08333333333331,14761
"(0.75, 1.0)",4,99.08333333333331,14765
"(0.9305555555555556, 1.0)",1,99.08333333333331,14766
"(0.7666666666666667, 1.0)",1,99.08333333333331,14767
"(0.7777777777777778, 1.0)",1,99.08333333333331,14768
"(0.8, 1.0)",1,99.08333333333331,14769
"(0.7083333333333334, 1.0)",4,99.08333333333331,14773
"(0.9444444444444444, 1.0)",1,99.08333333333331,14774
"(0.875, 1.0)",1,99.08333333333331,14775
"(0.7674418604651163, 1.0)",1,99.0813953488372,14776
"(0.5930232558139535, 1.0)",3,99.0813953488372,14779
"(0.9186046511627908, 1.0)",2,99.0813953488372,14781
"(0.872093023255814, 1.0)",2,99.0813953488372,14783
"(0.6162790697674418, 1.0)",2,99.0813953488372,14785
"(0.4883720930232558, 1.0)",1,99.0813953488372,14786
"(0.627906976744186, 1.0)",1,99.0813953488372,14787
"(0.9291666666666668, 0.9958333333333332)",1,99.07916666666677,14788
"(0.9791666666666666, 0.9958333333333332)",1,99.07916666666677,14789
"(0.975, 0.9958333333333332)",1,99.07916666666677,14790
"(0.9541666666666668, 0.9958333333333332)",1,99.07916666666677,14791
"(0.9625, 0.9958333333333332)",1,99.07916666666677,14792
"(0.9375, 0.9958333333333332)",1,99.07916666666674,14793
"(0.9625, 0.9958333333333332)",1,99.07916666666674,14794
"(0.875, 0.9958333333333332)",1,99.07916666666672,14795
"(0.9125, 0.9958333333333332)",1,99.07916666666672,14796
"(0.8375, 0.9958333333333332)",1,99.07916666666672,14797
"(0.9208333333333332, 0.9958333333333332)",1,99.07916666666672,14798
"(0.8625, 0.9958333333333332)",1,99.07916666666672,14799
"(0.9458333333333332, 0.9958333333333332)",1,99.07500000000012,14800
"(0.825, 0.9958333333333332)",1,99.07500000000007,14801
"(0.9875, 0.9958333333333332)",1,99.07500000000007,14802
"(0.975, 0.9958333333333332)",1,99.07500000000007,14803
"(0.9291666666666668, 0.9958333333333332)",1,99.07500000000007,14804
"(0.9958333333333332, 0.9958333333333332)",1,99.07500000000007,14805
"(0.9208333333333332, 0.9958333333333332)",1,99.07500000000007,14806
"(0.9166666666666666, 0.9958333333333332)",1,99.07500000000006,14807
"(0.9875, 0.9958333333333332)",1,99.07500000000006,14808
"(0.9625, 0.9958333333333332)",1,99.07500000000006,14809
"(0.8625, 0.9958333333333332)",1,99.07500000000005,14810
"(0.9125, 0.9958333333333332)",1,99.07500000000005,14811
"(0.8666666666666667, 0.9958333333333332)",1,99.07500000000005,14812
"(0.9916666666666668, 0.9958333333333332)",1,99.07500000000005,14813
"(0.9541666666666668, 0.9958333333333332)",1,99.0708333333334,14814
"(0.9, 0.9958333333333332)",1,99.0708333333334,14815
"(0.9416666666666668, 0.9958333333333332)",1,99.0708333333334,14816
"(0.9708333333333332, 0.9958333333333332)",1,99.07083333333338,14817
"(0.9875, 0.9958333333333332)",1,99.07083333333338,14818
"(0.9208333333333332, 0.9958333333333332)",1,99.07083333333335,14819
"(0.9, 0.9958333333333332)",1,99.07083333333335,14820
"(0.872093023255814, 1.0)",1,99.06976744186046,14821
"(0.4651162790697674, 1.0)",1,99.06976744186046,14822
"(0.9186046511627908, 1.0)",1,99.06976744186046,14823
"(0.6627906976744186, 1.0)",1,99.06976744186046,14824
"(0.9069767441860463, 1.0)",2,99.06976744186046,14826
"(0.7674418604651163, 1.0)",1,99.06976744186046,14827
"(0.8837209302325582, 1.0)",1,99.06976744186044,14828
"(0.6162790697674418, 1.0)",1,99.06976744186044,14829
"(0.6805555555555556, 1.0)",1,99.06944444444444,14830
"(0.8194444444444444, 1.0)",2,99.06944444444444,14832
"(0.8333333333333334, 1.0)",5,99.06944444444444,14837
"(0.9305555555555556, 1.0)",2,99.06944444444444,14839
"(0.9583333333333334, 1.0)",3,99.06944444444444,14842
"(0.7916666666666666, 1.0)",1,99.06944444444444,14843
"(0.75, 1.0)",3,99.06944444444444,14846
"(0.875, 1.0)",1,99.06944444444444,14847
"(0.625, 1.0)",2,99.06944444444444,14849
"(0.6944444444444444, 1.0)",2,99.06944444444444,14851
"(0.7638888888888888, 1.0)",1,99.06944444444444,14852
"(0.9166666666666666, 1.0)",2,99.06944444444444,14854
"(0.7777777777777778, 1.0)",4,99.06944444444444,14858
"(0.7361111111111112, 1.0)",5,99.06944444444444,14863
"(0.8055555555555556, 1.0)",1,99.06944444444444,14864
"(0.8888888888888888, 1.0)",1,99.06944444444444,14865
"(0.8611111111111112, 1.0)",2,99.06944444444444,14867
"(0.9027777777777778, 1.0)",1,99.06944444444444,14868
"(0.9444444444444444, 1.0)",1,99.06944444444444,14869
"(0.7083333333333334, 1.0)",1,99.06944444444444,14870
"(0.9625, 0.9958333333333332)",1,99.06666666666676,14871
"(0.9875, 0.9958333333333332)",1,99.06666666666676,14872
"(0.9125, 0.9958333333333332)",1,99.06666666666672,14873
"(0.925, 0.9958333333333332)",2,99.06666666666672,14875
"(0.9458333333333332, 0.9958333333333332)",1,99.06666666666672,14876
"(0.8666666666666667, 0.9958333333333332)",1,99.06666666666672,14877
"(0.9791666666666666, 0.9958333333333332)",1,99.06666666666672,14878
"(0.975, 0.9958333333333332)",1,99.06666666666672,14879
"(0.9625, 0.9958333333333332)",1,99.06666666666672,14880
"(0.9833333333333332, 0.9958333333333332)",1,99.0666666666667,14881
"(0.8375, 0.9958333333333332)",1,99.0666666666667,14882
"(0.9333333333333332, 0.9958333333333332)",1,99.0666666666667,14883
"(0.6, 1.0)",1,99.06666666666666,14884
"(0.95, 1.0)",2,99.06666666666666,14886
"(0.9833333333333332, 1.0)",2,99.06666666666666,14888
"(0.9666666666666668, 1.0)",1,99.06666666666666,14889
"(0.9333333333333332, 1.0)",2,99.06666666666666,14891
"(0.8666666666666667, 1.0)",1,99.06666666666666,14892
"(0.7166666666666667, 1.0)",1,99.06666666666666,14893
"(0.8166666666666667, 1.0)",1,99.06666666666666,14894
"(1.0, 1.0)",6,99.06666666666666,14900
"(0.9166666666666666, 1.0)",5,99.06666666666666,14905
"(0.7333333333333333, 1.0)",5,99.06666666666666,14910
"(0.6833333333333333, 1.0)",2,99.06666666666666,14912
"(0.85, 1.0)",4,99.06666666666666,14916
"(0.9, 1.0)",9,99.06666666666666,14925
"(0.7, 1.0)",2,99.06666666666666,14927
"(0.8333333333333334, 1.0)",7,99.06666666666666,14934
"(0.8833333333333333, 1.0)",1,99.06666666666666,14935
"(0.9875, 0.9958333333333332)",1,99.06250000000011,14936
"(0.9833333333333332, 0.9958333333333332)",1,99.06250000000011,14937
"(0.925, 0.9958333333333332)",1,99.0625000000001,14938
"(0.9, 0.9958333333333332)",1,99.0625000000001,14939
"(0.9375, 0.9958333333333332)",1,99.06250000000009,14940
"(0.9583333333333334, 0.9958333333333332)",1,99.06250000000009,14941
"(0.9125, 0.9958333333333332)",3,99.06250000000009,14944
"(0.925, 0.9958333333333332)",2,99.06250000000009,14946
"(0.8041666666666667, 0.9958333333333332)",1,99.06250000000009,14947
"(0.975, 0.9958333333333332)",1,99.06250000000009,14948
"(0.9291666666666668, 0.9958333333333332)",2,99.06250000000006,14950
"(0.9375, 0.9958333333333332)",1,99.06250000000006,14951
"(0.975, 0.9958333333333332)",1,99.06250000000006,14952
"(0.925, 0.9958333333333332)",1,99.06250000000006,14953
"(0.9208333333333332, 0.9958333333333332)",1,99.06250000000006,14954
"(0.8625, 0.9958333333333332)",2,99.06250000000006,14956
"(0.9375, 0.9958333333333332)",1,99.06250000000004,14957
"(0.9958333333333332, 0.9958333333333332)",1,99.05833333333344,14958
"(0.9333333333333332, 0.9958333333333332)",2,99.05833333333344,14960
"(0.925, 0.9958333333333332)",1,99.05833333333342,14961
"(0.95, 0.9958333333333332)",1,99.0583333333334,14962
"(0.9875, 0.9958333333333332)",1,99.0583333333334,14963
"(0.975, 0.9958333333333332)",1,99.0583333333334,14964
"(0.9, 0.9958333333333332)",1,99.0583333333334,14965
"(0.85, 0.9958333333333332)",1,99.0583333333334,14966
"(0.9875, 0.9958333333333332)",1,99.0583333333334,14967
"(0.9791666666666666, 0.9958333333333332)",1,99.0583333333334,14968
"(0.9833333333333332, 0.9958333333333332)",1,99.0583333333334,14969
"(0.9375, 0.9958333333333332)",1,99.05833333333338,14970
"(0.9833333333333332, 0.9958333333333332)",1,99.05833333333337,14971
"(0.95, 0.9916666666666668)",1,99.05833333333308,14972
"(0.8625, 0.9916666666666668)",1,99.05833333333304,14973
"(0.8837209302325582, 1.0)",2,99.05813953488372,14975
"(0.7441860465116279, 1.0)",1,99.05813953488372,14976
"(0.872093023255814, 1.0)",1,99.05813953488372,14977
"(0.4651162790697674, 1.0)",1,99.05813953488372,14978
"(0.8611111111111112, 1.0)",1,99.05555555555556,14979
"(0.9444444444444444, 1.0)",1,99.05555555555556,14980
"(0.8333333333333334, 1.0)",2,99.05555555555556,14982
"(0.8194444444444444, 1.0)",1,99.05555555555556,14983
"(0.6944444444444444, 1.0)",2,99.05555555555556,14985
"(0.7083333333333334, 1.0)",2,99.05555555555556,14987
"(0.9583333333333334, 1.0)",1,99.05555555555556,14988
"(0.8472222222222222, 1.0)",3,99.05555555555556,14991
"(0.9305555555555556, 1.0)",3,99.05555555555556,14994
"(0.7638888888888888, 1.0)",2,99.05555555555556,14996
"(0.7777777777777778, 1.0)",1,99.05555555555556,14997
"(0.9166666666666666, 1.0)",1,99.05555555555554,14998
"(0.975, 0.9958333333333332)",1,99.0541666666668,14999
"(0.9666666666666668, 0.9958333333333332)",1,99.05416666666676,15000
"(0.9208333333333332, 0.9958333333333332)",1,99.05416666666676,15001
"(0.9875, 0.9958333333333332)",1,99.05416666666676,15002
"(0.875, 0.9958333333333332)",1,99.05416666666672,15003
"(0.9458333333333332, 0.9958333333333332)",2,99.05416666666672,15005
"(0.9, 0.9958333333333332)",1,99.05416666666672,15006
"(0.9208333333333332, 0.9958333333333332)",1,99.05416666666672,15007
"(0.9083333333333332, 0.9958333333333332)",1,99.05416666666672,15008
"(0.9375, 0.9958333333333332)",1,99.0541666666667,15009
"(0.95, 0.9958333333333332)",1,99.0541666666667,15010
"(0.9875, 0.9958333333333332)",2,99.0541666666667,15012
"(0.925, 0.9958333333333332)",1,99.0541666666667,15013
"(0.9458333333333332, 0.9916666666666668)",1,99.0541666666664,15014
"(0.9291666666666668, 0.9916666666666668)",1,99.0541666666664,15015
"(0.9625, 0.9958333333333332)",1,99.0500000000001,15016
"(0.9333333333333332, 0.9958333333333332)",1,99.05000000000008,15017
"(0.9291666666666668, 0.9958333333333332)",3,99.05000000000008,15020
"(0.9333333333333332, 0.9958333333333332)",1,99.05000000000008,15021
"(0.95, 0.9958333333333332)",1,99.05000000000008,15022
"(0.9833333333333332, 0.9958333333333332)",1,99.05000000000004,15023
"(0.95, 0.9958333333333332)",1,99.05000000000004,15024
"(0.9166666666666666, 0.9958333333333332)",1,99.05000000000004,15025
"(0.7333333333333333, 1.0)",3,99.05,15028
"(0.8, 1.0)",1,99.05,15029
"(0.7166666666666667, 1.0)",4,99.05,15033
"(0.8333333333333334, 1.0)",3,99.05,15036
"(0.9166666666666666, 1.0)",3,99.05,15039
"(0.8833333333333333, 1.0)",1,99.05,15040
"(0.8166666666666667, 1.0)",1,99.05,15041
"(0.8666666666666667, 1.0)",2,99.05,15043
"(0.9333333333333332, 1.0)",3,99.05,15046
"(0.9, 1.0)",4,99.05,15050
"(0.95, 1.0)",1,99.05,15051
"(0.9666666666666668, 1.0)",2,99.05,15053
"(1.0, 1.0)",1,99.05,15054
"(0.75, 1.0)",2,99.05,15056
"(0.9833333333333332, 1.0)",1,99.05,15057
"(0.7666666666666667, 1.0)",3,99.05,15060
"(0.9186046511627908, 1.0)",2,99.04651162790698,15062
"(0.6162790697674418, 1.0)",1,99.04651162790697,15063
"(0.8255813953488372, 1.0)",1,99.04651162790697,15064
"(0.872093023255814, 1.0)",1,99.04651162790697,15065
"(0.9186046511627908, 1.0)",2,99.04651162790697,15067
"(0.975, 0.9958333333333332)",1,99.04583333333346,15068
"(0.8541666666666666, 0.9958333333333332)",1,99.04583333333343,15069
"(0.9916666666666668, 0.9958333333333332)",1,99.04583333333343,15070
"(0.9375, 0.9958333333333332)",1,99.04583333333342,15071
"(0.9458333333333332, 0.9958333333333332)",1,99.04583333333342,15072
"(0.925, 0.9958333333333332)",1,99.04583333333342,15073
"(0.825, 0.9958333333333332)",1,99.0458333333334,15074
"(0.9708333333333332, 0.9958333333333332)",1,99.0458333333334,15075
"(0.9375, 0.9958333333333332)",1,99.0458333333334,15076
"(0.975, 0.9958333333333332)",1,99.0458333333334,15077
"(0.9833333333333332, 0.9958333333333332)",1,99.0458333333334,15078
"(0.9875, 0.9958333333333332)",1,99.0458333333334,15079
"(0.9333333333333332, 0.9958333333333332)",1,99.0458333333334,15080
"(0.95, 0.9958333333333332)",1,99.0458333333334,15081
"(0.9833333333333332, 0.9958333333333332)",1,99.04583333333338,15082
"(0.875, 0.9958333333333332)",1,99.04583333333338,15083
"(0.95, 0.9916666666666668)",1,99.04583333333304,15084
"(0.9208333333333332, 0.9958333333333332)",1,99.04166666666676,15085
"(0.9958333333333332, 0.9958333333333332)",1,99.04166666666674,15086
"(0.9083333333333332, 0.9958333333333332)",1,99.04166666666671,15087
"(0.8916666666666667, 0.9958333333333332)",1,99.04166666666671,15088
"(0.8666666666666667, 0.9958333333333332)",1,99.04166666666671,15089
"(0.95, 0.9958333333333332)",1,99.04166666666671,15090
"(0.85, 0.9958333333333332)",1,99.0416666666667,15091
"(0.75, 1.0)",1,99.04166666666669,15092
"(0.7083333333333334, 1.0)",1,99.04166666666669,15093
"(0.9027777777777778, 1.0)",1,99.04166666666669,15094
"(0.625, 1.0)",1,99.04166666666669,15095
"(0.9305555555555556, 1.0)",2,99.04166666666666,15097
"(0.7361111111111112, 1.0)",1,99.04166666666666,15098
"(0.9166666666666666, 1.0)",1,99.04166666666666,15099
"(0.7777777777777778, 1.0)",2,99.04166666666666,15101
"(0.875, 1.0)",1,99.04166666666666,15102
"(0.9722222222222222, 1.0)",2,99.04166666666666,15104
"(0.9027777777777778, 1.0)",1,99.04166666666666,15105
"(0.6111111111111112, 1.0)",1,99.04166666666666,15106
"(0.7083333333333334, 1.0)",6,99.04166666666666,15112
"(0.8611111111111112, 1.0)",2,99.04166666666666,15114
"(0.8194444444444444, 1.0)",7,99.04166666666666,15121
"(0.6944444444444444, 1.0)",3,99.04166666666666,15124
"(0.8055555555555556, 1.0)",1,99.04166666666666,15125
"(0.9458333333333332, 0.9916666666666668)",1,99.04166666666644,15126
"(0.9666666666666668, 0.9958333333333332)",1,99.03750000000008,15127
"(0.9875, 0.9958333333333332)",1,99.03750000000008,15128
"(0.925, 0.9958333333333332)",1,99.03750000000008,15129
"(0.9791666666666666, 0.9958333333333332)",1,99.03750000000004,15130
"(0.9041666666666668, 0.9958333333333332)",1,99.03750000000004,15131
"(0.9666666666666668, 0.9958333333333332)",1,99.03750000000004,15132
"(0.975, 0.9958333333333332)",1,99.03750000000004,15133
"(0.95, 0.9958333333333332)",1,99.03750000000004,15134
"(0.9186046511627908, 1.0)",3,99.03488372093022,15137
"(0.4651162790697674, 1.0)",1,99.03488372093022,15138
"(0.5930232558139535, 1.0)",2,99.03488372093022,15140
"(0.6162790697674418, 1.0)",1,99.03488372093022,15141
"(0.7906976744186046, 1.0)",1,99.03488372093022,15142
"(0.8488372093023255, 1.0)",1,99.03488372093022,15143
"(0.95, 0.9958333333333332)",1,99.03333333333345,15144
"(0.875, 0.9958333333333332)",1,99.03333333333342,15145
"(0.9208333333333332, 0.9958333333333332)",2,99.03333333333342,15147
"(0.9291666666666668, 0.9958333333333332)",1,99.03333333333342,15148
"(0.9625, 0.9958333333333332)",1,99.03333333333342,15149
"(0.9083333333333332, 0.9958333333333332)",1,99.03333333333342,15150
"(0.9208333333333332, 0.9958333333333332)",1,99.0333333333334,15151
"(0.9791666666666666, 0.9958333333333332)",1,99.0333333333334,15152
"(0.8666666666666667, 0.9958333333333332)",1,99.0333333333334,15153
"(0.8541666666666666, 0.9958333333333332)",1,99.0333333333334,15154
"(0.825, 0.9958333333333332)",1,99.0333333333334,15155
"(0.9375, 0.9958333333333332)",1,99.03333333333336,15156
"(0.9125, 0.9958333333333332)",1,99.03333333333336,15157
"(0.85, 1.0)",2,99.03333333333332,15159
"(0.9666666666666668, 1.0)",2,99.03333333333332,15161
"(0.9, 1.0)",5,99.03333333333332,15166
"(0.7833333333333333, 1.0)",1,99.03333333333332,15167
"(0.9333333333333332, 1.0)",2,99.03333333333332,15169
"(0.8, 1.0)",1,99.03333333333332,15170
"(0.8333333333333334, 1.0)",5,99.03333333333332,15175
"(0.8166666666666667, 1.0)",1,99.03333333333332,15176
"(0.9166666666666666, 1.0)",2,99.03333333333332,15178
"(0.8833333333333333, 1.0)",6,99.03333333333332,15184
"(0.6833333333333333, 1.0)",1,99.03333333333332,15185
"(0.9833333333333332, 1.0)",2,99.03333333333332,15187
"(0.75, 1.0)",1,99.03333333333332,15188
"(0.95, 1.0)",3,99.03333333333332,15191
"(0.7166666666666667, 1.0)",3,99.03333333333332,15194
"(1.0, 1.0)",3,99.03333333333332,15197
"(0.9375, 0.9916666666666668)",1,99.03333333333308,15198
"(0.95, 0.9958333333333332)",1,99.02916666666675,15199
"(1.0, 0.9958333333333332)",1,99.02916666666675,15200
"(0.9375, 0.9958333333333332)",1,99.02916666666675,15201
"(0.9583333333333334, 0.9958333333333332)",1,99.02916666666675,15202
"(0.9791666666666666, 0.9958333333333332)",1,99.02916666666674,15203
"(0.9416666666666668, 0.9958333333333332)",1,99.02916666666674,15204
"(0.9125, 0.9958333333333332)",1,99.02916666666674,15205
"(0.9041666666666668, 0.9958333333333332)",1,99.02916666666674,15206
"(0.975, 0.9958333333333332)",1,99.02916666666673,15207
"(0.9166666666666666, 0.9958333333333332)",1,99.02916666666673,15208
"(0.9458333333333332, 0.9958333333333332)",1,99.02916666666673,15209
"(0.8625, 0.9958333333333332)",1,99.02916666666673,15210
"(0.9916666666666668, 0.9958333333333332)",1,99.02916666666673,15211
"(0.95, 0.9958333333333332)",1,99.02916666666673,15212
"(0.9708333333333332, 0.9958333333333332)",1,99.02916666666673,15213
"(0.8625, 0.9958333333333332)",2,99.02916666666673,15215
"(0.95, 0.9916666666666668)",1,99.02916666666638,15216
"(0.8666666666666667, 0.9916666666666668)",1,99.02916666666638,15217
"(0.7777777777777778, 1.0)",2,99.02777777777776,15219
"(0.9027777777777778, 1.0)",2,99.02777777777776,15221
"(0.9583333333333334, 1.0)",1,99.02777777777776,15222
"(0.7638888888888888, 1.0)",2,99.02777777777776,15224
"(0.6944444444444444, 1.0)",1,99.02777777777776,15225
"(0.7222222222222222, 1.0)",2,99.02777777777776,15227
"(0.8333333333333334, 1.0)",1,99.02777777777776,15228
"(0.7916666666666666, 1.0)",1,99.02777777777776,15229
"(0.9166666666666666, 1.0)",1,99.02777777777776,15230
"(0.5972222222222222, 1.0)",2,99.02777777777776,15232
"(0.9305555555555556, 1.0)",1,99.02777777777776,15233
"(0.6805555555555556, 1.0)",2,99.02777777777776,15235
"(0.8472222222222222, 1.0)",1,99.02777777777776,15236
"(0.7361111111111112, 1.0)",1,99.02777777777776,15237
"(0.875, 1.0)",3,99.02777777777776,15240
"(0.7083333333333334, 1.0)",6,99.02777777777776,15246
"(0.9666666666666668, 0.9958333333333332)",1,99.02500000000008,15247
"(0.9208333333333332, 0.9958333333333332)",1,99.02500000000008,15248
"(0.9208333333333332, 0.9958333333333332)",1,99.02500000000008,15249
"(0.9291666666666668, 0.9958333333333332)",1,99.02500000000008,15250
"(0.9208333333333332, 0.9958333333333332)",1,99.02500000000006,15251
"(0.8625, 0.9958333333333332)",1,99.02500000000003,15252
"(0.9375, 0.9958333333333332)",1,99.02500000000003,15253
"(0.9833333333333332, 0.9958333333333332)",1,99.02500000000003,15254
"(0.85, 0.9958333333333332)",1,99.02500000000003,15255
"(0.9833333333333332, 1.0)",1,99.02499999999996,15256
"(0.872093023255814, 1.0)",1,99.02325581395348,15257
"(0.5930232558139535, 1.0)",1,99.02325581395348,15258
"(0.8372093023255814, 1.0)",1,99.02325581395348,15259
"(0.9458333333333332, 0.9958333333333332)",1,99.02083333333346,15260
"(0.9666666666666668, 0.9958333333333332)",1,99.02083333333344,15261
"(0.9625, 0.9958333333333332)",1,99.0208333333334,15262
"(0.975, 0.9958333333333332)",1,99.0208333333334,15263
"(0.925, 0.9958333333333332)",1,99.0208333333334,15264
"(0.95, 0.9958333333333332)",1,99.0208333333334,15265
"(0.9208333333333332, 0.9958333333333332)",1,99.0208333333334,15266
"(0.8916666666666667, 0.9958333333333332)",1,99.0208333333334,15267
"(0.9291666666666668, 0.9958333333333332)",1,99.0208333333334,15268
"(0.9875, 0.9958333333333332)",2,99.0208333333334,15270
"(0.85, 0.9958333333333332)",1,99.02083333333336,15271
"(0.9833333333333332, 1.0)",1,99.02083333333329,15272
"(0.9791666666666666, 0.9958333333333332)",1,99.01666666666678,15273
"(0.9291666666666668, 0.9958333333333332)",1,99.01666666666677,15274
"(0.9208333333333332, 0.9958333333333332)",1,99.01666666666677,15275
"(0.8958333333333334, 0.9958333333333332)",1,99.01666666666674,15276
"(0.8791666666666667, 0.9958333333333332)",1,99.01666666666672,15277
"(0.9, 0.9958333333333332)",1,99.01666666666672,15278
"(0.975, 0.9958333333333332)",1,99.01666666666672,15279
"(0.9125, 0.9958333333333332)",1,99.01666666666672,15280
"(0.9083333333333332, 0.9958333333333332)",1,99.01666666666672,15281
"(0.8958333333333334, 0.9958333333333332)",1,99.01666666666672,15282
"(0.9208333333333332, 0.9958333333333332)",1,99.01666666666672,15283
"(0.8666666666666667, 1.0)",2,99.01666666666668,15285
"(1.0, 1.0)",2,99.01666666666668,15287
"(0.9333333333333332, 1.0)",1,99.01666666666668,15288
"(0.7333333333333333, 1.0)",1,99.01666666666668,15289
"(0.85, 1.0)",4,99.01666666666668,15293
"(0.9, 1.0)",1,99.01666666666668,15294
"(0.8333333333333334, 1.0)",3,99.01666666666668,15297
"(0.9166666666666666, 1.0)",3,99.01666666666668,15300
"(0.7833333333333333, 1.0)",3,99.01666666666668,15303
"(0.8833333333333333, 1.0)",2,99.01666666666668,15305
"(0.9833333333333332, 1.0)",2,99.01666666666668,15307
"(0.8, 1.0)",3,99.01666666666668,15310
"(0.95, 1.0)",1,99.01666666666668,15311
"(0.7666666666666667, 1.0)",1,99.01666666666668,15312
"(0.9958333333333332, 1.0)",1,99.01666666666662,15313
"(0.9166666666666666, 1.0)",1,99.01388888888889,15314
"(0.8611111111111112, 1.0)",3,99.01388888888889,15317
"(0.8333333333333334, 1.0)",2,99.01388888888889,15319
"(0.7916666666666666, 1.0)",1,99.01388888888889,15320
"(0.9027777777777778, 1.0)",1,99.01388888888889,15321
"(0.9444444444444444, 1.0)",2,99.01388888888889,15323
"(0.7777777777777778, 1.0)",1,99.01388888888889,15324
"(0.9305555555555556, 1.0)",2,99.01388888888889,15326
"(0.8194444444444444, 1.0)",2,99.01388888888889,15328
"(0.625, 1.0)",2,99.01388888888889,15330
"(0.8472222222222222, 1.0)",2,99.01388888888889,15332
"(0.75, 1.0)",4,99.01388888888889,15336
"(0.7083333333333334, 1.0)",4,99.01388888888889,15340
"(0.6944444444444444, 1.0)",1,99.01388888888889,15341
"(0.8888888888888888, 1.0)",1,99.01388888888889,15342
"(0.9208333333333332, 0.9958333333333332)",2,99.01250000000007,15344
"(0.9791666666666666, 0.9958333333333332)",1,99.01250000000007,15345
"(0.8625, 0.9958333333333332)",1,99.01250000000007,15346
"(0.9583333333333334, 0.9958333333333332)",1,99.01250000000007,15347
"(0.9375, 0.9958333333333332)",2,99.01250000000006,15349
"(0.975, 0.9958333333333332)",1,99.01250000000006,15350
"(0.825, 0.9958333333333332)",1,99.01250000000006,15351
"(0.9541666666666668, 0.9958333333333332)",1,99.01250000000005,15352
"(0.9208333333333332, 0.9958333333333332)",1,99.01250000000005,15353
"(0.7674418604651163, 1.0)",1,99.01162790697674,15354
"(0.8255813953488372, 1.0)",1,99.01162790697674,15355
"(0.4883720930232558, 1.0)",1,99.01162790697674,15356
"(0.9534883720930232, 1.0)",1,99.01162790697674,15357
"(0.6162790697674418, 1.0)",1,99.01162790697674,15358
"(0.872093023255814, 1.0)",2,99.01162790697671,15360
"(0.5930232558139535, 1.0)",1,99.01162790697671,15361
"(0.925, 0.9958333333333332)",1,99.0083333333334,15362
"(0.9375, 0.9958333333333332)",1,99.0083333333334,15363
"(0.9708333333333332, 0.9958333333333332)",1,99.0083333333334,15364
"(0.9, 0.9958333333333332)",1,99.0083333333334,15365
"(0.9333333333333332, 0.9958333333333332)",1,99.0083333333334,15366
"(0.9375, 0.9958333333333332)",2,99.0083333333334,15368
"(0.9666666666666668, 0.9958333333333332)",1,99.00833333333338,15369
"(0.9541666666666668, 0.9958333333333332)",1,99.00833333333338,15370
"(0.8916666666666667, 0.9958333333333332)",1,99.00833333333335,15371
"(0.9833333333333332, 0.9958333333333332)",1,99.00833333333335,15372
"(0.9916666666666668, 0.9958333333333332)",1,99.00416666666676,15373
"(0.8625, 0.9958333333333332)",1,99.00416666666676,15374
"(0.95, 0.9958333333333332)",1,99.00416666666672,15375
"(0.9875, 0.9958333333333332)",1,99.00416666666672,15376
"(0.9, 0.9958333333333332)",1,99.00416666666672,15377
"(0.9833333333333332, 0.9958333333333332)",1,99.00416666666672,15378
"(0.9291666666666668, 0.9958333333333332)",1,99.00416666666672,15379
"(0.9041666666666668, 0.9958333333333332)",1,99.0041666666667,15380
"(0.9333333333333332, 0.9958333333333332)",1,99.0041666666667,15381
"(0.975, 0.9958333333333332)",1,99.0041666666667,15382
"(0.9958333333333332, 1.0)",1,99.00416666666662,15383
"(0.8958333333333334, 0.9958333333333332)",1,99.0000000000001,15384
"(0.9875, 0.9958333333333332)",2,99.0000000000001,15386
"(0.9708333333333332, 0.9958333333333332)",1,99.0000000000001,15387
"(0.9291666666666668, 0.9958333333333332)",2,99.00000000000009,15389
"(0.8708333333333333, 0.9958333333333332)",1,99.00000000000009,15390
"(0.9291666666666668, 0.9958333333333332)",1,99.00000000000009,15391
"(0.9583333333333334, 0.9958333333333332)",1,99.00000000000006,15392
"(0.9083333333333332, 0.9958333333333332)",1,99.00000000000006,15393
"(0.8541666666666666, 0.9958333333333332)",1,99.00000000000006,15394
"(0.9916666666666668, 0.9958333333333332)",1,99.00000000000006,15395
"(0.975, 0.9958333333333332)",1,99.00000000000006,15396
"(0.95, 0.9958333333333332)",1,99.00000000000006,15397
"(0.975, 0.9958333333333332)",1,99.00000000000004,15398
"(0.9541666666666668, 0.9958333333333332)",1,99.00000000000004,15399
"(0.9583333333333334, 0.9958333333333332)",1,99.00000000000004,15400
"(0.9208333333333332, 0.9958333333333332)",1,99.00000000000004,15401
"(0.85, 1.0)",1,99.0,15402
"(0.7361111111111112, 1.0)",2,99.0,15404
"(0.8055555555555556, 1.0)",1,99.0,15405
"(0.625, 1.0)",1,99.0,15406
"(0.7638888888888888, 1.0)",1,99.0,15407
"(0.7916666666666666, 1.0)",2,99.0,15409
"(0.7222222222222222, 1.0)",1,99.0,15410
"(0.8333333333333334, 1.0)",3,99.0,15413
"(0.6162790697674418, 1.0)",2,99.0,15415
"(0.7666666666666667, 1.0)",2,99.0,15417
"(0.8194444444444444, 1.0)",3,99.0,15420
"(0.8611111111111112, 1.0)",1,99.0,15421
"(0.6976744186046512, 1.0)",1,99.0,15422
"(0.9, 1.0)",2,99.0,15424
"(0.8833333333333333, 1.0)",2,99.0,15426
"(0.7166666666666667, 1.0)",1,99.0,15427
"(0.872093023255814, 1.0)",3,99.0,15430
"(0.7333333333333333, 1.0)",1,99.0,15431
"(0.6666666666666666, 1.0)",2,99.0,15433
"(0.9027777777777778, 1.0)",2,99.0,15435
"(0.9833333333333332, 1.0)",4,99.0,15439
"(0.627906976744186, 1.0)",1,99.0,15440
"(0.9166666666666666, 1.0)",4,99.0,15444
"(0.8888888888888888, 1.0)",1,99.0,15445
"(0.9666666666666668, 1.0)",2,99.0,15447
"(0.7083333333333334, 1.0)",1,99.0,15448
"(0.7441860465116279, 1.0)",2,99.0,15450
"(0.8166666666666667, 1.0)",1,99.0,15451
"(0.7777777777777778, 1.0)",1,99.0,15452
"(1.0, 1.0)",6,99.0,15458
"(0.9722222222222222, 1.0)",1,99.0,15459
"(0.7906976744186046, 1.0)",1,99.0,15460
"(0.9444444444444444, 1.0)",5,99.0,15465
"(0.9875, 0.9958333333333332)",1,98.99583333333344,15466
"(0.9833333333333332, 0.9958333333333332)",1,98.99583333333344,15467
"(0.9791666666666666, 0.9958333333333332)",1,98.99583333333344,15468
"(0.9375, 0.9958333333333332)",2,98.99583333333342,15470
"(0.9208333333333332, 0.9958333333333332)",1,98.9958333333334,15471
"(0.8791666666666667, 0.9958333333333332)",2,98.9958333333334,15473
"(0.95, 0.9958333333333332)",1,98.9958333333334,15474
"(0.9125, 0.9958333333333332)",1,98.9958333333334,15475
"(0.9833333333333332, 0.9958333333333332)",1,98.9958333333334,15476
"(0.9875, 0.9958333333333332)",2,98.9958333333334,15478
"(0.9375, 0.9958333333333332)",1,98.9958333333334,15479
"(0.9791666666666666, 0.9958333333333332)",1,98.9958333333334,15480
"(0.8666666666666667, 0.9958333333333332)",1,98.9958333333334,15481
"(0.9208333333333332, 0.9958333333333332)",1,98.99583333333338,15482
"(0.9, 0.9958333333333332)",1,98.99166666666676,15483
"(0.9208333333333332, 0.9958333333333332)",2,98.99166666666676,15485
"(0.9333333333333332, 0.9958333333333332)",1,98.99166666666676,15486
"(0.9291666666666668, 0.9958333333333332)",1,98.99166666666676,15487
"(0.9916666666666668, 0.9958333333333332)",1,98.99166666666676,15488
"(0.9583333333333334, 0.9958333333333332)",1,98.99166666666672,15489
"(0.95, 0.9958333333333332)",1,98.99166666666672,15490
"(0.9791666666666666, 0.9958333333333332)",1,98.99166666666672,15491
"(0.975, 0.9958333333333332)",2,98.99166666666672,15493
"(0.9833333333333332, 0.9958333333333332)",1,98.99166666666672,15494
"(0.9458333333333332, 0.9958333333333332)",1,98.99166666666672,15495
"(0.8791666666666667, 0.9958333333333332)",1,98.99166666666672,15496
"(0.9875, 0.9958333333333332)",1,98.9916666666667,15497
"(0.7674418604651163, 1.0)",2,98.98837209302326,15499
"(0.8953488372093024, 1.0)",1,98.98837209302326,15500
"(0.8488372093023255, 1.0)",1,98.98837209302326,15501
"(0.872093023255814, 1.0)",1,98.98837209302326,15502
"(0.627906976744186, 1.0)",1,98.98837209302326,15503
"(0.4651162790697674, 1.0)",2,98.98837209302324,15505
"(0.9791666666666666, 0.9958333333333332)",1,98.98750000000013,15506
"(0.9708333333333332, 0.9958333333333332)",1,98.98750000000013,15507
"(0.9625, 0.9958333333333332)",1,98.9875000000001,15508
"(0.95, 0.9958333333333332)",1,98.98750000000008,15509
"(0.9583333333333334, 0.9958333333333332)",1,98.98750000000008,15510
"(0.975, 0.9958333333333332)",1,98.98750000000008,15511
"(0.9291666666666668, 0.9958333333333332)",1,98.98750000000008,15512
"(0.9291666666666668, 0.9958333333333332)",1,98.98750000000004,15513
"(0.9833333333333332, 0.9958333333333332)",1,98.98750000000004,15514
"(0.8791666666666667, 0.9958333333333332)",1,98.98750000000004,15515
"(0.9708333333333332, 0.9958333333333332)",1,98.98750000000004,15516
"(0.9666666666666668, 0.9958333333333332)",1,98.98750000000004,15517
"(0.9625, 0.9916666666666668)",2,98.98749999999976,15519
"(0.7638888888888888, 1.0)",1,98.98611111111111,15520
"(0.7361111111111112, 1.0)",1,98.98611111111111,15521
"(0.625, 1.0)",1,98.98611111111111,15522
"(0.8472222222222222, 1.0)",3,98.98611111111111,15525
"(0.9305555555555556, 1.0)",2,98.98611111111111,15527
"(0.8611111111111112, 1.0)",2,98.98611111111111,15529
"(0.75, 1.0)",3,98.98611111111111,15532
"(0.9027777777777778, 1.0)",2,98.98611111111111,15534
"(0.8888888888888888, 1.0)",4,98.98611111111111,15538
"(0.8055555555555556, 1.0)",3,98.98611111111111,15541
"(0.9583333333333334, 1.0)",1,98.98611111111111,15542
"(0.6805555555555556, 1.0)",1,98.98611111111111,15543
"(0.7083333333333334, 1.0)",1,98.98611111111111,15544
"(0.6944444444444444, 1.0)",2,98.98611111111111,15546
"(0.7777777777777778, 1.0)",1,98.98611111111111,15547
"(0.875, 1.0)",1,98.98611111111111,15548
"(0.9444444444444444, 1.0)",2,98.98611111111111,15550
"(0.625, 1.0)",1,98.9861111111111,15551
"(0.9305555555555556, 1.0)",1,98.9861111111111,15552
"(1.0, 0.9958333333333332)",1,98.98333333333343,15553
"(0.9041666666666668, 0.9958333333333332)",1,98.98333333333343,15554
"(0.9916666666666668, 0.9958333333333332)",1,98.98333333333342,15555
"(0.9125, 0.9958333333333332)",1,98.98333333333342,15556
"(0.9166666666666666, 0.9958333333333332)",1,98.9833333333334,15557
"(0.9708333333333332, 0.9958333333333332)",1,98.9833333333334,15558
"(0.9958333333333332, 0.9958333333333332)",1,98.9833333333334,15559
"(0.9291666666666668, 0.9958333333333332)",1,98.9833333333334,15560
"(0.9208333333333332, 0.9958333333333332)",1,98.9833333333334,15561
"(0.9291666666666668, 0.9958333333333332)",1,98.9833333333334,15562
"(0.9916666666666668, 0.9958333333333332)",1,98.98333333333338,15563
"(0.7666666666666667, 1.0)",1,98.98333333333332,15564
"(0.8833333333333333, 1.0)",4,98.98333333333332,15568
"(0.8, 1.0)",1,98.98333333333332,15569
"(0.9333333333333332, 1.0)",1,98.98333333333332,15570
"(0.8333333333333334, 1.0)",3,98.98333333333332,15573
"(0.7, 1.0)",1,98.98333333333332,15574
"(0.75, 1.0)",1,98.98333333333332,15575
"(0.9166666666666666, 1.0)",1,98.98333333333332,15576
"(0.9833333333333332, 1.0)",2,98.98333333333332,15578
"(0.95, 1.0)",1,98.98333333333332,15579
"(0.8333333333333334, 1.0)",1,98.98333333333332,15580
"(0.8166666666666667, 1.0)",4,98.98333333333332,15584
"(0.9666666666666668, 1.0)",2,98.98333333333332,15586
"(0.7833333333333333, 1.0)",1,98.98333333333332,15587
"(0.7166666666666667, 1.0)",1,98.98333333333332,15588
"(0.85, 1.0)",3,98.98333333333332,15591
"(0.9041666666666668, 0.9916666666666668)",1,98.98333333333308,15592
"(0.9916666666666668, 0.9958333333333332)",1,98.97916666666676,15593
"(0.9875, 0.9958333333333332)",1,98.97916666666676,15594
"(0.9875, 0.9958333333333332)",2,98.97916666666676,15596
"(0.9, 0.9958333333333332)",2,98.97916666666674,15598
"(0.8916666666666667, 0.9958333333333332)",2,98.97916666666674,15600
"(0.9833333333333332, 0.9958333333333332)",1,98.97916666666671,15601
"(0.9208333333333332, 0.9958333333333332)",1,98.97916666666671,15602
"(0.9458333333333332, 0.9958333333333332)",1,98.97916666666671,15603
"(0.9208333333333332, 0.9958333333333332)",1,98.97916666666671,15604
"(0.9583333333333334, 0.9958333333333332)",2,98.97916666666671,15606
"(0.9625, 0.9958333333333332)",1,98.97916666666671,15607
"(0.9916666666666668, 0.9958333333333332)",1,98.97916666666671,15608
"(0.9791666666666666, 1.0)",1,98.97916666666664,15609
"(0.5697674418604651, 1.0)",1,98.97674418604652,15610
"(0.872093023255814, 1.0)",2,98.97674418604652,15612
"(0.8023255813953488, 1.0)",1,98.97674418604652,15613
"(0.3372093023255814, 1.0)",1,98.97674418604652,15614
"(0.9186046511627908, 1.0)",1,98.97674418604652,15615
"(0.872093023255814, 1.0)",1,98.9767441860465,15616
"(0.8255813953488372, 1.0)",1,98.9767441860465,15617
"(0.5930232558139535, 1.0)",1,98.9767441860465,15618
"(0.9186046511627908, 1.0)",1,98.9767441860465,15619
"(0.9791666666666666, 0.9958333333333332)",1,98.97500000000012,15620
"(0.9, 0.9958333333333332)",2,98.9750000000001,15622
"(0.9916666666666668, 0.9958333333333332)",1,98.97500000000008,15623
"(0.9125, 0.9958333333333332)",2,98.97500000000008,15625
"(0.9791666666666666, 0.9958333333333332)",1,98.97500000000008,15626
"(0.85, 0.9958333333333332)",1,98.97500000000004,15627
"(0.95, 0.9958333333333332)",2,98.97500000000004,15629
"(0.9458333333333332, 0.9958333333333332)",1,98.97500000000004,15630
"(0.975, 0.9958333333333332)",1,98.97500000000004,15631
"(0.8666666666666667, 0.9958333333333332)",1,98.97500000000004,15632
"(0.9791666666666666, 0.9958333333333332)",3,98.97500000000004,15635
"(0.9375, 0.9916666666666668)",1,98.97499999999977,15636
"(0.825, 0.9916666666666668)",1,98.97499999999972,15637
"(0.9722222222222222, 1.0)",1,98.97222222222224,15638
"(0.8055555555555556, 1.0)",1,98.97222222222224,15639
"(0.7361111111111112, 1.0)",3,98.97222222222224,15642
"(0.9305555555555556, 1.0)",2,98.97222222222224,15644
"(0.9583333333333334, 1.0)",1,98.97222222222224,15645
"(0.7916666666666666, 1.0)",1,98.97222222222224,15646
"(0.875, 1.0)",1,98.97222222222224,15647
"(0.8333333333333334, 1.0)",3,98.97222222222224,15650
"(0.9444444444444444, 1.0)",3,98.97222222222224,15653
"(0.8611111111111112, 1.0)",2,98.97222222222224,15655
"(0.75, 1.0)",1,98.97222222222224,15656
"(0.625, 1.0)",2,98.97222222222224,15658
"(0.8194444444444444, 1.0)",3,98.97222222222224,15661
"(0.9305555555555556, 1.0)",2,98.9722222222222,15663
"(0.9444444444444444, 1.0)",1,98.9722222222222,15664
"(0.8611111111111112, 1.0)",2,98.9722222222222,15666
"(0.975, 0.9958333333333332)",1,98.97083333333345,15667
"(0.9, 0.9958333333333332)",1,98.97083333333345,15668
"(0.9666666666666668, 0.9958333333333332)",1,98.9708333333334,15669
"(0.9208333333333332, 0.9958333333333332)",1,98.9708333333334,15670
"(0.8541666666666666, 0.9958333333333332)",1,98.9708333333334,15671
"(0.9791666666666666, 0.9958333333333332)",1,98.9708333333334,15672
"(1.0, 0.9958333333333332)",1,98.9708333333334,15673
"(0.925, 0.9916666666666668)",1,98.97083333333308,15674
"(0.9833333333333332, 0.9958333333333332)",1,98.96666666666675,15675
"(0.9458333333333332, 0.9958333333333332)",1,98.96666666666675,15676
"(0.9333333333333332, 0.9958333333333332)",1,98.96666666666675,15677
"(0.925, 0.9958333333333332)",1,98.96666666666675,15678
"(0.9375, 0.9958333333333332)",1,98.96666666666674,15679
"(0.9166666666666666, 0.9958333333333332)",2,98.96666666666674,15681
"(0.9875, 0.9958333333333332)",1,98.96666666666673,15682
"(0.9125, 0.9958333333333332)",1,98.96666666666673,15683
"(0.9875, 0.9958333333333332)",1,98.96666666666673,15684
"(0.9208333333333332, 0.9958333333333332)",1,98.96666666666673,15685
"(0.9708333333333332, 0.9958333333333332)",1,98.96666666666673,15686
"(0.8333333333333334, 1.0)",2,98.96666666666668,15688
"(0.7666666666666667, 1.0)",1,98.96666666666668,15689
"(0.95, 1.0)",1,98.96666666666668,15690
"(0.9333333333333332, 1.0)",3,98.96666666666668,15693
"(0.7166666666666667, 1.0)",1,98.96666666666668,15694
"(0.8666666666666667, 1.0)",1,98.96666666666668,15695
"(0.8833333333333333, 1.0)",1,98.96666666666668,15696
"(0.85, 1.0)",2,98.96666666666668,15698
"(1.0, 1.0)",3,98.96666666666668,15701
"(0.8166666666666667, 1.0)",1,98.96666666666668,15702
"(0.6666666666666666, 1.0)",1,98.96666666666668,15703
"(0.9, 1.0)",5,98.96666666666668,15708
"(0.75, 1.0)",1,98.96666666666668,15709
"(0.7333333333333333, 1.0)",3,98.96666666666668,15712
"(0.9833333333333332, 1.0)",4,98.96666666666668,15716
"(0.9666666666666668, 1.0)",1,98.96666666666668,15717
"(0.975, 0.9916666666666668)",1,98.96666666666644,15718
"(0.9625, 0.9916666666666668)",1,98.96666666666638,15719
"(0.8837209302325582, 1.0)",2,98.96511627906976,15721
"(0.5930232558139535, 1.0)",2,98.96511627906976,15723
"(0.4883720930232558, 1.0)",1,98.96511627906976,15724
"(0.9291666666666668, 0.9958333333333332)",1,98.9625000000001,15725
"(0.9791666666666666, 0.9958333333333332)",1,98.96250000000008,15726
"(0.9375, 0.9958333333333332)",2,98.96250000000008,15728
"(0.95, 0.9958333333333332)",1,98.96250000000008,15729
"(0.925, 0.9958333333333332)",1,98.96250000000008,15730
"(0.9208333333333332, 0.9958333333333332)",1,98.96250000000006,15731
"(0.9333333333333332, 0.9958333333333332)",1,98.96250000000006,15732
"(0.975, 0.9958333333333332)",1,98.96250000000003,15733
"(0.9916666666666668, 0.9958333333333332)",1,98.96250000000003,15734
"(0.8666666666666667, 0.9958333333333332)",1,98.96250000000003,15735
"(0.9208333333333332, 0.9958333333333332)",2,98.96250000000003,15737
"(0.9125, 0.9916666666666668)",1,98.96249999999974,15738
"(0.875, 0.9916666666666668)",1,98.96249999999974,15739
"(0.9375, 0.9958333333333332)",1,98.95833333333344,15740
"(0.9833333333333332, 0.9958333333333332)",1,98.9583333333334,15741
"(0.9166666666666666, 0.9958333333333332)",1,98.9583333333334,15742
"(0.9166666666666666, 0.9958333333333332)",1,98.9583333333334,15743
"(0.9291666666666668, 0.9958333333333332)",1,98.9583333333334,15744
"(0.925, 0.9958333333333332)",2,98.9583333333334,15746
"(0.9125, 0.9958333333333332)",1,98.9583333333334,15747
"(0.9791666666666666, 0.9958333333333332)",1,98.9583333333334,15748
"(0.9791666666666666, 0.9958333333333332)",1,98.9583333333334,15749
"(0.9666666666666668, 0.9958333333333332)",1,98.9583333333334,15750
"(0.9375, 0.9958333333333332)",1,98.9583333333334,15751
"(0.6805555555555556, 1.0)",1,98.95833333333334,15752
"(0.7916666666666666, 1.0)",1,98.95833333333334,15753
"(0.8472222222222222, 1.0)",1,98.95833333333334,15754
"(0.7361111111111112, 1.0)",2,98.95833333333331,15756
"(0.875, 1.0)",1,98.95833333333331,15757
"(0.8611111111111112, 1.0)",2,98.95833333333331,15759
"(0.8888888888888888, 1.0)",3,98.95833333333331,15762
"(0.8194444444444444, 1.0)",1,98.95833333333331,15763
"(0.7916666666666666, 1.0)",1,98.95833333333331,15764
"(0.9305555555555556, 1.0)",2,98.95833333333331,15766
"(0.7083333333333334, 1.0)",4,98.95833333333331,15770
"(0.9375, 0.9958333333333332)",1,98.95416666666677,15771
"(0.9791666666666666, 0.9958333333333332)",1,98.95416666666677,15772
"(0.9208333333333332, 0.9958333333333332)",1,98.95416666666677,15773
"(0.9375, 0.9958333333333332)",1,98.95416666666674,15774
"(0.9958333333333332, 0.9958333333333332)",1,98.95416666666674,15775
"(0.9125, 0.9958333333333332)",1,98.95416666666672,15776
"(0.9166666666666666, 0.9958333333333332)",1,98.95416666666672,15777
"(0.9916666666666668, 0.9958333333333332)",1,98.95416666666672,15778
"(0.9, 0.9958333333333332)",1,98.95416666666672,15779
"(0.875, 0.9958333333333332)",1,98.95416666666672,15780
"(0.925, 0.9958333333333332)",1,98.95416666666672,15781
"(0.95, 0.9958333333333332)",1,98.95416666666672,15782
"(0.9666666666666668, 0.9958333333333332)",1,98.9541666666667,15783
"(0.7906976744186046, 1.0)",2,98.95348837209302,15785
"(0.3372093023255814, 1.0)",2,98.95348837209302,15787
"(0.8837209302325582, 1.0)",1,98.95348837209302,15788
"(0.627906976744186, 1.0)",1,98.95348837209302,15789
"(0.872093023255814, 1.0)",1,98.953488372093,15790
"(0.9625, 0.9958333333333332)",1,98.95000000000007,15791
"(0.9333333333333332, 0.9958333333333332)",2,98.95000000000007,15793
"(0.9333333333333332, 0.9958333333333332)",1,98.95000000000006,15794
"(0.9375, 0.9958333333333332)",1,98.95000000000006,15795
"(0.9791666666666666, 0.9958333333333332)",1,98.95000000000006,15796
"(0.9291666666666668, 0.9958333333333332)",1,98.95000000000005,15797
"(0.9875, 0.9958333333333332)",1,98.95000000000005,15798
"(0.7666666666666667, 1.0)",1,98.95,15799
"(0.8, 1.0)",1,98.95,15800
"(0.6666666666666666, 1.0)",1,98.95,15801
"(0.55, 1.0)",1,98.95,15802
"(1.0, 1.0)",1,98.95,15803
"(0.9833333333333332, 1.0)",2,98.95,15805
"(0.9833333333333332, 1.0)",1,98.95,15806
"(0.8, 1.0)",4,98.95,15810
"(0.7333333333333333, 1.0)",1,98.95,15811
"(0.9, 1.0)",1,98.95,15812
"(0.9666666666666668, 1.0)",3,98.95,15815
"(0.8666666666666667, 1.0)",2,98.95,15817
"(0.6833333333333333, 1.0)",1,98.95,15818
"(0.8833333333333333, 1.0)",1,98.95,15819
"(0.95, 1.0)",1,98.95,15820
"(0.9166666666666666, 1.0)",1,98.95,15821
"(0.9, 1.0)",1,98.95,15822
"(0.85, 1.0)",1,98.95,15823
"(0.8166666666666667, 1.0)",1,98.95,15824
"(0.9333333333333332, 1.0)",1,98.95,15825
"(0.9166666666666666, 0.9916666666666668)",1,98.94999999999972,15826
"(0.9291666666666668, 0.9958333333333332)",2,98.94583333333348,15828
"(0.9875, 0.9958333333333332)",2,98.9458333333334,15830
"(0.9458333333333332, 0.9958333333333332)",1,98.9458333333334,15831
"(0.85, 0.9958333333333332)",1,98.9458333333334,15832
"(0.9375, 0.9958333333333332)",1,98.9458333333334,15833
"(0.9083333333333332, 0.9958333333333332)",1,98.94583333333338,15834
"(0.9625, 0.9958333333333332)",1,98.94583333333338,15835
"(0.9125, 0.9958333333333332)",1,98.94583333333335,15836
"(0.7638888888888888, 1.0)",1,98.94444444444444,15837
"(0.8194444444444444, 1.0)",1,98.94444444444444,15838
"(0.7083333333333334, 1.0)",2,98.94444444444444,15840
"(0.9027777777777778, 1.0)",2,98.94444444444444,15842
"(0.8611111111111112, 1.0)",1,98.94444444444444,15843
"(0.6944444444444444, 1.0)",1,98.94444444444444,15844
"(0.625, 1.0)",3,98.94444444444444,15847
"(0.8888888888888888, 1.0)",3,98.94444444444444,15850
"(0.9166666666666666, 1.0)",2,98.94444444444444,15852
"(0.7777777777777778, 1.0)",4,98.94444444444444,15856
"(0.9305555555555556, 1.0)",3,98.94444444444444,15859
"(0.7361111111111112, 1.0)",1,98.94444444444444,15860
"(0.75, 1.0)",1,98.94444444444444,15861
"(0.6162790697674418, 1.0)",1,98.94186046511628,15862
"(0.7674418604651163, 1.0)",1,98.94186046511626,15863
"(0.9291666666666668, 0.9958333333333332)",2,98.9416666666668,15865
"(0.9666666666666668, 0.9958333333333332)",1,98.94166666666678,15866
"(0.9208333333333332, 0.9958333333333332)",1,98.94166666666676,15867
"(0.9416666666666668, 0.9958333333333332)",1,98.94166666666676,15868
"(0.9625, 0.9958333333333332)",1,98.94166666666676,15869
"(0.9833333333333332, 0.9958333333333332)",1,98.94166666666676,15870
"(0.9375, 0.9958333333333332)",1,98.94166666666676,15871
"(0.9791666666666666, 0.9958333333333332)",1,98.94166666666672,15872
"(0.9875, 0.9958333333333332)",2,98.94166666666672,15874
"(0.9791666666666666, 0.9958333333333332)",1,98.94166666666672,15875
"(0.9625, 0.9958333333333332)",1,98.9416666666667,15876
"(0.8375, 0.9916666666666668)",2,98.9416666666664,15878
"(0.9208333333333332, 0.9958333333333332)",1,98.9375000000001,15879
"(0.9, 0.9958333333333332)",2,98.9375000000001,15881
"(0.8375, 0.9958333333333332)",1,98.93750000000009,15882
"(0.925, 0.9958333333333332)",1,98.93750000000009,15883
"(0.9541666666666668, 0.9958333333333332)",1,98.93750000000009,15884
"(0.9625, 0.9958333333333332)",1,98.93750000000009,15885
"(0.9208333333333332, 0.9916666666666668)",1,98.93749999999974,15886
"(0.8461538461538461, 1.0)",1,98.93589743589745,15887
"(0.9708333333333332, 0.9958333333333332)",1,98.93333333333344,15888
"(0.9041666666666668, 0.9958333333333332)",2,98.93333333333342,15890
"(0.9208333333333332, 0.9958333333333332)",1,98.93333333333342,15891
"(0.9125, 0.9958333333333332)",1,98.9333333333334,15892
"(0.9166666666666666, 0.9958333333333332)",1,98.9333333333334,15893
"(0.9875, 0.9958333333333332)",1,98.9333333333334,15894
"(0.9458333333333332, 0.9958333333333332)",2,98.9333333333334,15896
"(0.9833333333333332, 0.9958333333333332)",1,98.9333333333334,15897
"(0.9916666666666668, 0.9958333333333332)",1,98.93333333333338,15898
"(0.85, 0.9958333333333332)",1,98.93333333333337,15899
"(0.8333333333333334, 1.0)",2,98.93333333333334,15901
"(0.8833333333333333, 1.0)",5,98.93333333333334,15906
"(0.7666666666666667, 1.0)",1,98.93333333333334,15907
"(0.75, 1.0)",2,98.93333333333334,15909
"(0.7833333333333333, 1.0)",1,98.93333333333334,15910
"(0.9833333333333332, 1.0)",3,98.93333333333334,15913
"(0.9166666666666666, 1.0)",3,98.93333333333334,15916
"(1.0, 1.0)",2,98.93333333333334,15918
"(0.7, 1.0)",1,98.93333333333334,15919
"(0.95, 1.0)",1,98.93333333333334,15920
"(0.85, 1.0)",2,98.93333333333334,15922
"(0.8333333333333334, 1.0)",1,98.93333333333332,15923
"(0.8916666666666667, 0.9916666666666668)",1,98.9333333333331,15924
"(0.7638888888888888, 1.0)",1,98.93055555555556,15925
"(0.7083333333333334, 1.0)",1,98.93055555555556,15926
"(0.8333333333333334, 1.0)",5,98.93055555555556,15931
"(0.8888888888888888, 1.0)",1,98.93055555555556,15932
"(0.8055555555555556, 1.0)",3,98.93055555555556,15935
"(0.9444444444444444, 1.0)",1,98.93055555555556,15936
"(0.9305555555555556, 1.0)",1,98.93055555555556,15937
"(0.8611111111111112, 1.0)",1,98.93055555555556,15938
"(0.7777777777777778, 1.0)",1,98.93055555555556,15939
"(0.9027777777777778, 1.0)",1,98.93055555555556,15940
"(0.625, 1.0)",2,98.93055555555554,15942
"(0.5972222222222222, 1.0)",1,98.93055555555554,15943
"(0.7361111111111112, 1.0)",1,98.93055555555554,15944
"(0.4883720930232558, 1.0)",1,98.93023255813954,15945
"(0.9186046511627908, 1.0)",1,98.93023255813954,15946
"(0.8255813953488372, 1.0)",1,98.93023255813952,15947
"(0.8372093023255814, 1.0)",2,98.93023255813952,15949
"(0.4883720930232558, 1.0)",1,98.93023255813952,15950
"(0.7906976744186046, 1.0)",1,98.93023255813952,15951
"(0.7674418604651163, 1.0)",2,98.93023255813952,15953
"(0.95, 0.9958333333333332)",1,98.92916666666676,15954
"(0.9875, 0.9958333333333332)",1,98.92916666666676,15955
"(0.925, 0.9958333333333332)",1,98.92916666666676,15956
"(0.9125, 0.9958333333333332)",1,98.92916666666676,15957
"(0.9916666666666668, 0.9958333333333332)",1,98.92916666666676,15958
"(0.9375, 0.9958333333333332)",1,98.92916666666676,15959
"(0.9333333333333332, 0.9958333333333332)",1,98.92916666666676,15960
"(0.85, 0.9958333333333332)",1,98.92916666666672,15961
"(0.9375, 0.9958333333333332)",2,98.92916666666672,15963
"(1.0, 0.9958333333333332)",1,98.92916666666672,15964
"(0.9458333333333332, 0.9958333333333332)",1,98.92916666666672,15965
"(0.9083333333333332, 0.9958333333333332)",1,98.92916666666672,15966
"(0.9625, 0.9958333333333332)",1,98.9291666666667,15967
"(0.9833333333333332, 0.9958333333333332)",1,98.9291666666667,15968
"(0.975, 0.9958333333333332)",1,98.9291666666667,15969
"(0.9791666666666666, 0.9958333333333332)",1,98.9291666666667,15970
"(0.9208333333333332, 0.9958333333333332)",1,98.92916666666667,15971
"(0.9833333333333332, 0.9958333333333332)",1,98.92500000000013,15972
"(0.975, 0.9958333333333332)",1,98.92500000000013,15973
"(0.9583333333333334, 0.9958333333333332)",1,98.92500000000013,15974
"(0.9708333333333332, 0.9958333333333332)",1,98.9250000000001,15975
"(0.9291666666666668, 0.9958333333333332)",1,98.9250000000001,15976
"(0.9833333333333332, 0.9958333333333332)",1,98.9250000000001,15977
"(0.8916666666666667, 0.9958333333333332)",1,98.92500000000008,15978
"(0.9791666666666666, 0.9958333333333332)",1,98.92500000000008,15979
"(0.8625, 0.9958333333333332)",1,98.92500000000008,15980
"(0.9625, 0.9958333333333332)",1,98.92500000000008,15981
"(0.9125, 0.9958333333333332)",1,98.92500000000008,15982
"(0.9208333333333332, 0.9958333333333332)",1,98.92500000000008,15983
"(0.9416666666666668, 0.9958333333333332)",1,98.92500000000008,15984
"(0.9625, 0.9958333333333332)",1,98.92500000000004,15985
"(0.8666666666666667, 0.9958333333333332)",1,98.92500000000004,15986
"(0.9166666666666666, 0.9958333333333332)",1,98.92500000000004,15987
"(0.9375, 0.9958333333333332)",1,98.92500000000004,15988
"(0.95, 0.9958333333333332)",2,98.92083333333342,15990
"(0.9791666666666666, 0.9958333333333332)",1,98.92083333333342,15991
"(0.9875, 0.9958333333333332)",2,98.92083333333342,15993
"(1.0, 0.9958333333333332)",1,98.9208333333334,15994
"(0.8666666666666667, 0.9958333333333332)",1,98.9208333333334,15995
"(0.9166666666666666, 0.9958333333333332)",1,98.9208333333334,15996
"(0.9416666666666668, 0.9958333333333332)",1,98.9208333333334,15997
"(0.9625, 0.9958333333333332)",1,98.9208333333334,15998
"(0.9541666666666668, 0.9958333333333332)",1,98.92083333333338,15999
"(0.925, 0.9916666666666668)",1,98.92083333333308,16000
"(0.8791666666666667, 0.9916666666666668)",1,98.92083333333306,16001
"(0.6162790697674418, 1.0)",1,98.9186046511628,16002
"(0.8372093023255814, 1.0)",1,98.9186046511628,16003
"(0.627906976744186, 1.0)",1,98.91860465116278,16004
"(0.3372093023255814, 1.0)",1,98.91860465116278,16005
"(0.8255813953488372, 1.0)",1,98.91860465116278,16006
"(0.9333333333333332, 0.9958333333333332)",1,98.91666666666676,16007
"(0.9625, 0.9958333333333332)",1,98.91666666666674,16008
"(0.975, 0.9958333333333332)",2,98.91666666666674,16010
"(0.9208333333333332, 0.9958333333333332)",1,98.91666666666674,16011
"(0.9666666666666668, 0.9958333333333332)",1,98.91666666666671,16012
"(0.95, 0.9958333333333332)",1,98.91666666666671,16013
"(0.9708333333333332, 0.9958333333333332)",1,98.91666666666671,16014
"(0.9333333333333332, 1.0)",1,98.91666666666669,16015
"(0.85, 1.0)",1,98.91666666666669,16016
"(0.8333333333333334, 1.0)",1,98.91666666666669,16017
"(0.7833333333333333, 1.0)",1,98.91666666666669,16018
"(0.95, 1.0)",1,98.91666666666669,16019
"(0.8833333333333333, 1.0)",1,98.91666666666669,16020
"(0.7638888888888888, 1.0)",1,98.91666666666669,16021
"(0.9666666666666668, 1.0)",1,98.91666666666666,16022
"(0.9027777777777778, 1.0)",2,98.91666666666666,16024
"(0.8333333333333334, 1.0)",1,98.91666666666666,16025
"(0.8166666666666667, 1.0)",1,98.91666666666666,16026
"(0.7, 1.0)",1,98.91666666666666,16027
"(1.0, 1.0)",5,98.91666666666666,16032
"(0.9305555555555556, 1.0)",1,98.91666666666666,16033
"(0.7083333333333334, 1.0)",2,98.91666666666666,16035
"(0.9, 1.0)",1,98.91666666666666,16036
"(0.95, 1.0)",1,98.91666666666666,16037
"(0.9166666666666666, 1.0)",6,98.91666666666666,16043
"(0.9333333333333332, 1.0)",3,98.91666666666666,16046
"(0.8611111111111112, 1.0)",1,98.91666666666666,16047
"(0.9444444444444444, 1.0)",5,98.91666666666666,16052
"(0.8833333333333333, 1.0)",1,98.91666666666666,16053
"(0.9583333333333334, 1.0)",1,98.91666666666666,16054
"(0.75, 1.0)",1,98.91666666666666,16055
"(0.85, 1.0)",1,98.91666666666666,16056
"(0.9875, 0.9958333333333332)",1,98.91250000000012,16057
"(0.9125, 0.9958333333333332)",1,98.9125000000001,16058
"(0.9333333333333332, 0.9958333333333332)",2,98.9125000000001,16060
"(0.9666666666666668, 0.9958333333333332)",1,98.9125000000001,16061
"(0.9291666666666668, 0.9958333333333332)",1,98.91250000000008,16062
"(0.9, 0.9958333333333332)",1,98.91250000000008,16063
"(0.9333333333333332, 0.9958333333333332)",1,98.91250000000004,16064
"(0.975, 0.9958333333333332)",1,98.91250000000004,16065
"(0.9625, 0.9958333333333332)",1,98.91250000000004,16066
"(0.9083333333333332, 0.9958333333333332)",1,98.91250000000002,16067
"(0.975, 0.9958333333333332)",2,98.90833333333346,16069
"(0.925, 0.9958333333333332)",1,98.90833333333345,16070
"(0.95, 0.9958333333333332)",1,98.90833333333342,16071
"(0.9083333333333332, 0.9958333333333332)",1,98.9083333333334,16072
"(0.8791666666666667, 0.9958333333333332)",1,98.9083333333334,16073
"(0.9208333333333332, 0.9958333333333332)",2,98.9083333333334,16075
"(0.9833333333333332, 0.9958333333333332)",2,98.9083333333334,16077
"(0.9666666666666668, 0.9958333333333332)",1,98.9083333333334,16078
"(0.9291666666666668, 0.9958333333333332)",1,98.90833333333336,16079
"(0.9375, 0.9958333333333332)",1,98.90833333333336,16080
"(0.85, 0.9958333333333332)",1,98.90833333333336,16081
"(0.9291666666666668, 0.9958333333333332)",1,98.90833333333336,16082
"(0.825, 0.9958333333333332)",1,98.90833333333336,16083
"(0.9083333333333332, 0.9958333333333332)",1,98.90833333333336,16084
"(1.0, 1.0)",1,98.90833333333327,16085
"(0.9125, 0.9916666666666668)",1,98.90833333333308,16086
"(0.627906976744186, 1.0)",2,98.90697674418604,16088
"(0.8255813953488372, 1.0)",1,98.90697674418604,16089
"(0.8837209302325582, 1.0)",1,98.90697674418604,16090
"(0.4651162790697674, 1.0)",1,98.90697674418604,16091
"(0.6162790697674418, 1.0)",1,98.90697674418604,16092
"(0.8837209302325582, 1.0)",1,98.90697674418604,16093
"(0.5697674418604651, 1.0)",1,98.90697674418604,16094
"(0.2906976744186046, 1.0)",1,98.90697674418604,16095
"(0.9875, 0.9958333333333332)",1,98.90416666666678,16096
"(0.95, 0.9958333333333332)",2,98.90416666666675,16098
"(0.925, 0.9958333333333332)",1,98.90416666666675,16099
"(0.9333333333333332, 0.9958333333333332)",1,98.90416666666675,16100
"(0.9375, 0.9958333333333332)",1,98.90416666666675,16101
"(0.975, 0.9958333333333332)",1,98.90416666666674,16102
"(0.9875, 0.9958333333333332)",1,98.90416666666674,16103
"(0.9791666666666666, 0.9958333333333332)",1,98.90416666666674,16104
"(0.925, 0.9958333333333332)",2,98.90416666666673,16106
"(0.9666666666666668, 0.9958333333333332)",1,98.90416666666673,16107
"(0.8916666666666667, 0.9958333333333332)",1,98.90416666666673,16108
"(0.85, 0.9958333333333332)",1,98.90416666666673,16109
"(0.9791666666666666, 0.9958333333333332)",1,98.90416666666673,16110
"(0.95, 0.9958333333333332)",1,98.90416666666673,16111
"(0.9208333333333332, 0.9958333333333332)",1,98.9041666666667,16112
"(0.9333333333333332, 0.9916666666666668)",1,98.90416666666638,16113
"(0.8888888888888888, 1.0)",1,98.90277777777776,16114
"(0.75, 1.0)",2,98.90277777777776,16116
"(0.9027777777777778, 1.0)",3,98.90277777777776,16119
"(0.8333333333333334, 1.0)",1,98.90277777777776,16120
"(0.7361111111111112, 1.0)",3,98.90277777777776,16123
"(0.6944444444444444, 1.0)",1,98.90277777777776,16124
"(0.9305555555555556, 1.0)",2,98.90277777777776,16126
"(0.8611111111111112, 1.0)",1,98.90277777777776,16127
"(0.9444444444444444, 1.0)",1,98.90277777777776,16128
"(0.7777777777777778, 1.0)",1,98.90277777777776,16129
"(0.7083333333333334, 1.0)",2,98.90277777777776,16131
"(0.7638888888888888, 1.0)",2,98.90277777777776,16133
"(0.9625, 0.9958333333333332)",1,98.90000000000008,16134
"(0.9166666666666666, 0.9958333333333332)",1,98.90000000000008,16135
"(0.9208333333333332, 0.9958333333333332)",2,98.90000000000008,16137
"(0.9875, 0.9958333333333332)",1,98.90000000000008,16138
"(0.9375, 0.9958333333333332)",1,98.90000000000008,16139
"(0.9083333333333332, 0.9958333333333332)",1,98.90000000000006,16140
"(0.9375, 0.9958333333333332)",1,98.90000000000003,16141
"(0.9916666666666668, 0.9958333333333332)",1,98.90000000000003,16142
"(0.9875, 0.9958333333333332)",1,98.90000000000003,16143
"(0.9166666666666666, 1.0)",1,98.9,16144
"(0.8333333333333334, 1.0)",1,98.9,16145
"(0.7666666666666667, 1.0)",3,98.9,16148
"(0.6666666666666666, 1.0)",1,98.9,16149
"(0.8, 1.0)",1,98.9,16150
"(0.8333333333333334, 1.0)",1,98.9,16151
"(1.0, 1.0)",3,98.9,16154
"(0.8833333333333333, 1.0)",2,98.9,16156
"(0.6833333333333333, 1.0)",2,98.9,16158
"(0.7166666666666667, 1.0)",2,98.9,16160
"(0.9, 1.0)",2,98.9,16162
"(0.7, 1.0)",1,98.9,16163
"(0.9333333333333332, 1.0)",4,98.9,16167
"(0.9333333333333332, 1.0)",1,98.9,16168
"(0.85, 1.0)",1,98.9,16169
"(0.85, 1.0)",1,98.9,16170
"(0.9666666666666668, 1.0)",1,98.9,16171
"(0.8666666666666667, 1.0)",2,98.9,16173
"(0.9833333333333332, 1.0)",2,98.9,16175
"(0.9375, 0.9916666666666668)",1,98.89999999999976,16176
"(0.9791666666666666, 0.9958333333333332)",1,98.89583333333344,16177
"(0.9083333333333332, 0.9958333333333332)",1,98.8958333333334,16178
"(0.9125, 0.9958333333333332)",1,98.8958333333334,16179
"(0.975, 0.9958333333333332)",1,98.8958333333334,16180
"(0.9041666666666668, 0.9958333333333332)",1,98.8958333333334,16181
"(0.9791666666666666, 0.9958333333333332)",1,98.8958333333334,16182
"(0.8375, 0.9958333333333332)",1,98.8958333333334,16183
"(0.975, 0.9958333333333332)",1,98.8958333333334,16184
"(0.9916666666666668, 0.9958333333333332)",1,98.8958333333334,16185
"(0.8625, 0.9958333333333332)",1,98.8958333333334,16186
"(0.8666666666666667, 0.9958333333333332)",1,98.8958333333334,16187
"(0.9875, 0.9958333333333332)",2,98.8958333333334,16189
"(0.9416666666666668, 0.9958333333333332)",1,98.89583333333336,16190
"(0.7906976744186046, 1.0)",1,98.8953488372093,16191
"(0.9186046511627908, 1.0)",1,98.8953488372093,16192
"(0.813953488372093, 1.0)",1,98.8953488372093,16193
"(0.8837209302325582, 1.0)",1,98.8953488372093,16194
"(0.4883720930232558, 1.0)",1,98.8953488372093,16195
"(0.8488372093023255, 1.0)",1,98.8953488372093,16196
"(0.9916666666666668, 0.9958333333333332)",1,98.89166666666677,16197
"(0.975, 0.9958333333333332)",1,98.89166666666677,16198
"(0.9791666666666666, 0.9958333333333332)",1,98.89166666666677,16199
"(0.8958333333333334, 0.9958333333333332)",1,98.89166666666674,16200
"(0.9791666666666666, 0.9958333333333332)",2,98.89166666666674,16202
"(0.9541666666666668, 0.9958333333333332)",1,98.89166666666672,16203
"(0.9291666666666668, 0.9958333333333332)",1,98.89166666666672,16204
"(0.9333333333333332, 0.9958333333333332)",1,98.89166666666672,16205
"(0.9291666666666668, 0.9958333333333332)",1,98.89166666666672,16206
"(0.9208333333333332, 0.9958333333333332)",2,98.89166666666672,16208
"(0.9375, 0.9916666666666668)",1,98.89166666666644,16209
"(0.9444444444444444, 1.0)",1,98.88888888888889,16210
"(0.6111111111111112, 1.0)",1,98.88888888888889,16211
"(0.7638888888888888, 1.0)",4,98.88888888888889,16215
"(0.7361111111111112, 1.0)",1,98.88888888888889,16216
"(0.9027777777777778, 1.0)",4,98.88888888888889,16220
"(0.9305555555555556, 1.0)",1,98.88888888888889,16221
"(0.9166666666666666, 1.0)",1,98.88888888888889,16222
"(0.9583333333333334, 1.0)",2,98.88888888888889,16224
"(0.7222222222222222, 1.0)",1,98.88888888888889,16225
"(0.8611111111111112, 1.0)",5,98.88888888888889,16230
"(0.7083333333333334, 1.0)",1,98.88888888888889,16231
"(0.6805555555555556, 1.0)",1,98.88888888888889,16232
"(0.9875, 0.9958333333333332)",1,98.8875000000001,16233
"(0.9166666666666666, 0.9958333333333332)",1,98.88750000000007,16234
"(0.8916666666666667, 0.9958333333333332)",1,98.88750000000007,16235
"(0.8958333333333334, 0.9958333333333332)",2,98.88750000000007,16237
"(0.9208333333333332, 0.9958333333333332)",2,98.88750000000007,16239
"(0.9041666666666668, 0.9958333333333332)",1,98.88750000000007,16240
"(0.8791666666666667, 0.9958333333333332)",1,98.88750000000005,16241
"(0.9916666666666668, 0.9958333333333332)",1,98.88750000000005,16242
"(0.95, 0.9958333333333332)",1,98.88750000000005,16243
"(0.5930232558139535, 1.0)",1,98.88372093023256,16244
"(0.3372093023255814, 1.0)",1,98.88372093023256,16245
"(0.9666666666666668, 0.9958333333333332)",1,98.88333333333344,16246
"(0.9041666666666668, 0.9958333333333332)",1,98.8833333333334,16247
"(0.9375, 0.9958333333333332)",1,98.8833333333334,16248
"(0.8916666666666667, 0.9958333333333332)",1,98.8833333333334,16249
"(0.9375, 0.9958333333333332)",1,98.8833333333334,16250
"(0.9458333333333332, 0.9958333333333332)",1,98.88333333333338,16251
"(0.825, 0.9958333333333332)",1,98.88333333333338,16252
"(0.95, 0.9958333333333332)",1,98.88333333333338,16253
"(0.9166666666666666, 0.9958333333333332)",1,98.88333333333338,16254
"(0.925, 0.9958333333333332)",1,98.88333333333335,16255
"(0.85, 0.9958333333333332)",1,98.88333333333335,16256
"(0.9333333333333332, 1.0)",4,98.88333333333333,16260
"(0.75, 1.0)",1,98.88333333333333,16261
"(0.9666666666666668, 1.0)",2,98.88333333333333,16263
"(0.6833333333333333, 1.0)",1,98.88333333333333,16264
"(1.0, 1.0)",3,98.88333333333333,16267
"(0.8833333333333333, 1.0)",8,98.88333333333333,16275
"(0.9833333333333332, 1.0)",1,98.88333333333333,16276
"(0.95, 1.0)",1,98.88333333333333,16277
"(0.85, 1.0)",1,98.88333333333333,16278
"(0.8166666666666667, 1.0)",2,98.88333333333333,16280
"(0.9166666666666666, 1.0)",1,98.88333333333333,16281
"(0.7333333333333333, 1.0)",1,98.88333333333333,16282
"(0.9166666666666666, 0.9916666666666668)",1,98.88333333333308,16283
"(0.9125, 0.9916666666666668)",1,98.88333333333308,16284
"(0.9208333333333332, 0.9916666666666668)",1,98.88333333333308,16285
"(0.925, 0.9916666666666668)",1,98.88333333333306,16286
"(0.9291666666666668, 0.9958333333333332)",1,98.87916666666678,16287
"(0.975, 0.9958333333333332)",1,98.87916666666676,16288
"(0.9875, 0.9958333333333332)",1,98.87916666666676,16289
"(0.9791666666666666, 0.9958333333333332)",1,98.87916666666676,16290
"(0.9375, 0.9958333333333332)",2,98.87916666666672,16292
"(0.9708333333333332, 0.9958333333333332)",1,98.8791666666667,16293
"(0.9083333333333332, 0.9958333333333332)",1,98.8791666666667,16294
"(0.8375, 0.9958333333333332)",1,98.8791666666667,16295
"(0.9875, 0.9958333333333332)",1,98.8791666666667,16296
"(0.9916666666666668, 0.9958333333333332)",1,98.87916666666668,16297
"(0.9083333333333332, 0.9916666666666668)",1,98.8791666666664,16298
"(0.8625, 0.9958333333333332)",1,98.87500000000011,16299
"(0.9333333333333332, 0.9958333333333332)",2,98.87500000000009,16301
"(0.8666666666666667, 0.9958333333333332)",1,98.87500000000009,16302
"(0.925, 0.9958333333333332)",2,98.87500000000009,16304
"(0.975, 0.9958333333333332)",1,98.87500000000009,16305
"(0.8625, 0.9958333333333332)",1,98.87500000000006,16306
"(0.9333333333333332, 0.9958333333333332)",1,98.87500000000006,16307
"(0.9666666666666668, 0.9958333333333332)",1,98.87500000000006,16308
"(0.8958333333333334, 0.9958333333333332)",1,98.87500000000006,16309
"(0.9833333333333332, 0.9958333333333332)",2,98.87500000000006,16311
"(0.9708333333333332, 0.9958333333333332)",1,98.87500000000006,16312
"(0.8791666666666667, 0.9958333333333332)",1,98.87500000000004,16313
"(0.9, 0.9958333333333332)",1,98.87500000000004,16314
"(0.8888888888888888, 1.0)",1,98.875,16315
"(0.8472222222222222, 1.0)",1,98.875,16316
"(0.8333333333333334, 1.0)",3,98.875,16319
"(0.9305555555555556, 1.0)",1,98.875,16320
"(0.8194444444444444, 1.0)",5,98.875,16325
"(0.6805555555555556, 1.0)",1,98.875,16326
"(0.7083333333333334, 1.0)",3,98.875,16329
"(0.9027777777777778, 1.0)",1,98.875,16330
"(0.8611111111111112, 1.0)",1,98.875,16331
"(0.9166666666666666, 1.0)",2,98.875,16333
"(0.9722222222222222, 1.0)",1,98.875,16334
"(0.7361111111111112, 1.0)",1,98.875,16335
"(0.7916666666666666, 1.0)",2,98.875,16337
"(0.3372093023255814, 1.0)",1,98.8720930232558,16338
"(0.4883720930232558, 1.0)",2,98.8720930232558,16340
"(0.8255813953488372, 1.0)",1,98.8720930232558,16341
"(0.872093023255814, 1.0)",2,98.8720930232558,16343
"(0.8255813953488372, 1.0)",1,98.8720930232558,16344
"(0.9916666666666668, 0.9958333333333332)",1,98.87083333333344,16345
"(0.9, 0.9958333333333332)",1,98.87083333333342,16346
"(0.9916666666666668, 0.9958333333333332)",2,98.8708333333334,16348
"(0.9708333333333332, 0.9958333333333332)",2,98.8708333333334,16350
"(0.9208333333333332, 0.9958333333333332)",1,98.8708333333334,16351
"(0.9833333333333332, 0.9958333333333332)",1,98.8708333333334,16352
"(0.9833333333333332, 0.9958333333333332)",1,98.8708333333334,16353
"(0.9833333333333332, 0.9958333333333332)",1,98.87083333333338,16354
"(0.8833333333333333, 0.9958333333333332)",1,98.87083333333338,16355
"(0.8666666666666667, 0.9958333333333332)",1,98.87083333333337,16356
"(0.9958333333333332, 0.9958333333333332)",1,98.87083333333337,16357
"(0.9333333333333332, 0.9916666666666668)",1,98.87083333333308,16358
"(0.9375, 0.9958333333333332)",1,98.86666666666676,16359
"(0.8541666666666666, 0.9958333333333332)",1,98.86666666666676,16360
"(0.9791666666666666, 0.9958333333333332)",1,98.86666666666672,16361
"(0.8541666666666666, 0.9958333333333332)",1,98.86666666666672,16362
"(0.9791666666666666, 0.9958333333333332)",1,98.86666666666672,16363
"(0.95, 0.9958333333333332)",1,98.86666666666672,16364
"(0.9916666666666668, 0.9958333333333332)",1,98.86666666666672,16365
"(0.925, 0.9958333333333332)",1,98.86666666666672,16366
"(0.825, 0.9958333333333332)",1,98.86666666666672,16367
"(0.9375, 0.9958333333333332)",1,98.86666666666672,16368
"(0.975, 0.9958333333333332)",1,98.8666666666667,16369
"(0.9875, 0.9958333333333332)",1,98.8666666666667,16370
"(0.9666666666666668, 1.0)",1,98.86666666666667,16371
"(0.7333333333333333, 1.0)",1,98.86666666666667,16372
"(0.7833333333333333, 1.0)",2,98.86666666666667,16374
"(0.8333333333333334, 1.0)",3,98.86666666666667,16377
"(0.95, 1.0)",1,98.86666666666667,16378
"(0.9, 1.0)",1,98.86666666666667,16379
"(0.85, 1.0)",1,98.86666666666667,16380
"(1.0, 1.0)",1,98.86666666666667,16381
"(0.9833333333333332, 1.0)",2,98.86666666666667,16383
"(0.8166666666666667, 1.0)",2,98.86666666666667,16385
"(0.7, 1.0)",1,98.86666666666667,16386
"(0.9333333333333332, 1.0)",1,98.86666666666667,16387
"(0.8666666666666667, 1.0)",1,98.86666666666667,16388
"(0.85, 1.0)",2,98.86666666666666,16390
"(0.9, 1.0)",1,98.86666666666666,16391
"(0.75, 1.0)",2,98.86666666666666,16393
"(0.9125, 0.9916666666666668)",1,98.86666666666645,16394
"(0.8625, 0.9916666666666668)",1,98.86666666666645,16395
"(0.9541666666666668, 0.9958333333333332)",1,98.86250000000008,16396
"(0.975, 0.9958333333333332)",1,98.86250000000008,16397
"(0.85, 0.9958333333333332)",1,98.86250000000008,16398
"(0.9875, 0.9958333333333332)",2,98.86250000000004,16400
"(0.8708333333333333, 0.9958333333333332)",1,98.86250000000004,16401
"(0.9305555555555556, 1.0)",1,98.86111111111111,16402
"(0.8333333333333334, 1.0)",1,98.86111111111111,16403
"(0.7916666666666666, 1.0)",1,98.86111111111111,16404
"(0.75, 1.0)",1,98.86111111111111,16405
"(0.8472222222222222, 1.0)",1,98.86111111111111,16406
"(0.6111111111111112, 1.0)",1,98.86111111111111,16407
"(0.8055555555555556, 1.0)",1,98.86111111111111,16408
"(0.7638888888888888, 1.0)",2,98.86111111111111,16410
"(0.7083333333333334, 1.0)",5,98.86111111111111,16415
"(0.875, 1.0)",1,98.86111111111111,16416
"(0.6111111111111112, 1.0)",1,98.8611111111111,16417
"(0.9166666666666666, 1.0)",1,98.8611111111111,16418
"(0.3372093023255814, 1.0)",1,98.86046511627907,16419
"(0.5, 1.0)",1,98.86046511627907,16420
"(0.8255813953488372, 1.0)",1,98.86046511627907,16421
"(0.7674418604651163, 1.0)",1,98.86046511627906,16422
"(0.4534883720930232, 1.0)",1,98.86046511627906,16423
"(0.9291666666666668, 0.9958333333333332)",1,98.85833333333342,16424
"(0.9208333333333332, 0.9958333333333332)",1,98.85833333333342,16425
"(0.9083333333333332, 0.9958333333333332)",1,98.8583333333334,16426
"(0.9833333333333332, 0.9958333333333332)",1,98.8583333333334,16427
"(0.8958333333333334, 0.9958333333333332)",1,98.8583333333334,16428
"(0.8541666666666666, 0.9958333333333332)",1,98.8583333333334,16429
"(0.9291666666666668, 0.9958333333333332)",1,98.85833333333338,16430
"(0.8875, 0.9958333333333332)",1,98.85833333333338,16431
"(0.925, 0.9916666666666668)",1,98.85833333333306,16432
"(0.9375, 0.9916666666666668)",1,98.85833333333306,16433
"(0.9625, 0.9958333333333332)",2,98.85416666666676,16435
"(0.9916666666666668, 0.9958333333333332)",1,98.85416666666676,16436
"(0.9958333333333332, 0.9958333333333332)",1,98.85416666666676,16437
"(0.8625, 0.9958333333333332)",1,98.85416666666671,16438
"(0.9166666666666666, 0.9958333333333332)",2,98.85416666666671,16440
"(0.9125, 0.9958333333333332)",1,98.85416666666671,16441
"(0.9791666666666666, 0.9958333333333332)",1,98.85416666666671,16442
"(0.9791666666666666, 0.9958333333333332)",2,98.85416666666671,16444
"(0.9833333333333332, 0.9958333333333332)",1,98.85416666666671,16445
"(0.9583333333333334, 0.9958333333333332)",1,98.8541666666667,16446
"(0.8791666666666667, 0.9958333333333332)",1,98.8541666666667,16447
"(0.95, 1.0)",1,98.85416666666664,16448
"(0.9291666666666668, 0.9958333333333332)",1,98.85000000000008,16449
"(0.9041666666666668, 0.9958333333333332)",2,98.85000000000008,16451
"(0.9791666666666666, 0.9958333333333332)",1,98.85000000000008,16452
"(0.8541666666666666, 0.9958333333333332)",1,98.85000000000008,16453
"(0.9416666666666668, 0.9958333333333332)",1,98.85000000000008,16454
"(0.925, 0.9958333333333332)",1,98.85000000000004,16455
"(0.8958333333333334, 0.9958333333333332)",1,98.85000000000004,16456
"(0.8666666666666667, 0.9958333333333332)",1,98.85000000000004,16457
"(0.9291666666666668, 0.9958333333333332)",1,98.85000000000004,16458
"(0.9583333333333334, 0.9958333333333332)",1,98.85000000000004,16459
"(0.9791666666666666, 0.9958333333333332)",1,98.85000000000002,16460
"(0.9333333333333332, 1.0)",1,98.85,16461
"(0.8, 1.0)",1,98.85,16462
"(0.7166666666666667, 1.0)",1,98.85,16463
"(0.7333333333333333, 1.0)",1,98.85,16464
"(1.0, 1.0)",2,98.85,16466
"(0.85, 1.0)",6,98.85,16472
"(0.9833333333333332, 1.0)",1,98.85,16473
"(0.8833333333333333, 1.0)",5,98.85,16478
"(0.95, 1.0)",2,98.85,16480
"(0.7666666666666667, 1.0)",1,98.85,16481
"(0.9666666666666668, 1.0)",4,98.85,16485
"(0.9083333333333332, 0.9875)",1,98.84999999999984,16486
"(0.9041666666666668, 0.9916666666666668)",1,98.84999999999977,16487
"(0.9208333333333332, 0.9916666666666668)",1,98.84999999999974,16488
"(0.8255813953488372, 1.0)",1,98.84883720930232,16489
"(0.7441860465116279, 1.0)",1,98.84883720930232,16490
"(0.7441860465116279, 1.0)",1,98.84883720930232,16491
"(0.8488372093023255, 1.0)",2,98.84883720930232,16493
"(0.5930232558139535, 1.0)",1,98.84883720930232,16494
"(0.4651162790697674, 1.0)",1,98.84883720930232,16495
"(0.9444444444444444, 1.0)",1,98.84722222222224,16496
"(0.6944444444444444, 1.0)",4,98.84722222222224,16500
"(0.7916666666666666, 1.0)",1,98.84722222222224,16501
"(0.7083333333333334, 1.0)",1,98.84722222222224,16502
"(0.7777777777777778, 1.0)",1,98.84722222222224,16503
"(0.8055555555555556, 1.0)",1,98.84722222222224,16504
"(0.9027777777777778, 1.0)",1,98.84722222222224,16505
"(0.8472222222222222, 1.0)",2,98.84722222222224,16507
"(0.8333333333333334, 1.0)",1,98.84722222222224,16508
"(0.5972222222222222, 1.0)",1,98.8472222222222,16509
"(0.9875, 0.9958333333333332)",1,98.84583333333345,16510
"(0.9791666666666666, 0.9958333333333332)",1,98.84583333333345,16511
"(0.9291666666666668, 0.9958333333333332)",1,98.84583333333345,16512
"(0.8791666666666667, 0.9958333333333332)",1,98.8458333333334,16513
"(0.9625, 0.9958333333333332)",1,98.8458333333334,16514
"(0.9, 0.9958333333333332)",1,98.8458333333334,16515
"(0.95, 0.9958333333333332)",1,98.8458333333334,16516
"(0.975, 0.9958333333333332)",1,98.8458333333334,16517
"(0.975, 0.9958333333333332)",1,98.84583333333336,16518
"(0.975, 0.9958333333333332)",1,98.84166666666678,16519
"(0.9625, 0.9958333333333332)",1,98.84166666666678,16520
"(0.975, 0.9958333333333332)",1,98.84166666666675,16521
"(0.9791666666666666, 0.9958333333333332)",1,98.84166666666675,16522
"(0.9791666666666666, 0.9958333333333332)",1,98.84166666666675,16523
"(0.925, 0.9958333333333332)",1,98.84166666666674,16524
"(0.9375, 0.9958333333333332)",1,98.84166666666674,16525
"(0.9875, 0.9958333333333332)",3,98.84166666666674,16528
"(0.9916666666666668, 0.9958333333333332)",1,98.84166666666673,16529
"(0.9083333333333332, 0.9958333333333332)",1,98.84166666666673,16530
"(0.8958333333333334, 0.9958333333333332)",1,98.84166666666673,16531
"(0.9291666666666668, 0.9958333333333332)",2,98.84166666666673,16533
"(0.9791666666666666, 0.9958333333333332)",1,98.84166666666673,16534
"(0.8625, 0.9958333333333332)",1,98.84166666666673,16535
"(0.825, 0.9958333333333332)",1,98.8416666666667,16536
"(0.9791666666666666, 0.9958333333333332)",1,98.8416666666667,16537
"(0.9, 0.9958333333333332)",2,98.83750000000008,16539
"(0.975, 0.9958333333333332)",1,98.83750000000008,16540
"(0.9, 0.9958333333333332)",1,98.83750000000008,16541
"(0.925, 0.9958333333333332)",1,98.83750000000008,16542
"(0.9375, 0.9958333333333332)",1,98.83750000000006,16543
"(0.9875, 0.9958333333333332)",1,98.83750000000003,16544
"(0.975, 0.9958333333333332)",1,98.83750000000003,16545
"(0.9875, 0.9958333333333332)",1,98.83750000000003,16546
"(0.8375, 0.9958333333333332)",1,98.83750000000003,16547
"(0.9833333333333332, 0.9958333333333332)",1,98.83750000000002,16548
"(0.9302325581395348, 0.9883720930232558)",1,98.83720930232576,16549
"(0.8255813953488372, 1.0)",2,98.83720930232558,16551
"(0.4883720930232558, 1.0)",1,98.83720930232558,16552
"(0.6162790697674418, 1.0)",1,98.83720930232558,16553
"(0.7906976744186046, 1.0)",1,98.83720930232558,16554
"(0.9375, 0.9958333333333332)",1,98.83333333333344,16555
"(0.9875, 0.9958333333333332)",1,98.8333333333334,16556
"(0.975, 0.9958333333333332)",1,98.8333333333334,16557
"(0.9791666666666666, 0.9958333333333332)",1,98.8333333333334,16558
"(0.85, 0.9958333333333332)",1,98.8333333333334,16559
"(0.975, 0.9958333333333332)",1,98.8333333333334,16560
"(0.9666666666666668, 0.9958333333333332)",1,98.8333333333334,16561
"(0.9041666666666668, 0.9958333333333332)",1,98.8333333333334,16562
"(0.9166666666666666, 0.9958333333333332)",1,98.8333333333334,16563
"(0.9958333333333332, 0.9958333333333332)",1,98.8333333333334,16564
"(0.9791666666666666, 0.9958333333333332)",1,98.83333333333336,16565
"(0.8666666666666667, 0.9958333333333332)",1,98.83333333333336,16566
"(0.9916666666666668, 0.9958333333333332)",1,98.83333333333336,16567
"(0.9333333333333332, 1.0)",3,98.83333333333334,16570
"(1.0, 1.0)",1,98.83333333333334,16571
"(0.7083333333333334, 1.0)",3,98.83333333333334,16574
"(0.8472222222222222, 1.0)",1,98.83333333333334,16575
"(0.7166666666666667, 1.0)",2,98.83333333333334,16577
"(0.9166666666666666, 1.0)",1,98.83333333333334,16578
"(0.75, 1.0)",1,98.83333333333334,16579
"(0.9444444444444444, 1.0)",1,98.83333333333334,16580
"(0.8333333333333334, 1.0)",1,98.83333333333334,16581
"(0.6111111111111112, 1.0)",1,98.83333333333334,16582
"(0.8333333333333334, 1.0)",4,98.83333333333331,16586
"(0.85, 1.0)",1,98.83333333333331,16587
"(0.8, 1.0)",1,98.83333333333331,16588
"(0.8472222222222222, 1.0)",2,98.83333333333331,16590
"(0.7083333333333334, 1.0)",3,98.83333333333331,16593
"(0.8055555555555556, 1.0)",1,98.83333333333331,16594
"(1.0, 1.0)",2,98.83333333333331,16596
"(0.9333333333333332, 1.0)",1,98.83333333333331,16597
"(0.625, 1.0)",2,98.83333333333331,16599
"(0.6111111111111112, 1.0)",1,98.83333333333331,16600
"(0.7666666666666667, 1.0)",1,98.83333333333331,16601
"(0.875, 1.0)",1,98.83333333333331,16602
"(0.9, 1.0)",1,98.83333333333331,16603
"(0.9666666666666668, 1.0)",1,98.83333333333331,16604
"(0.8833333333333333, 1.0)",1,98.83333333333331,16605
"(0.7638888888888888, 1.0)",2,98.83333333333331,16607
"(0.9305555555555556, 1.0)",2,98.83333333333331,16609
"(0.9027777777777778, 1.0)",1,98.83333333333331,16610
"(0.8194444444444444, 1.0)",1,98.83333333333331,16611
"(0.8611111111111112, 1.0)",2,98.83333333333331,16613
"(0.9833333333333332, 1.0)",3,98.83333333333331,16616
"(0.9583333333333334, 0.9958333333333332)",1,98.82916666666677,16617
"(0.9375, 0.9958333333333332)",1,98.82916666666674,16618
"(0.95, 0.9958333333333332)",1,98.82916666666672,16619
"(0.9833333333333332, 0.9958333333333332)",1,98.82916666666672,16620
"(0.9916666666666668, 0.9958333333333332)",1,98.8291666666667,16621
"(0.95, 0.9958333333333332)",1,98.8291666666667,16622
"(0.9583333333333334, 0.9916666666666668)",1,98.8291666666664,16623
"(0.8666666666666667, 0.9916666666666668)",1,98.8291666666664,16624
"(0.6162790697674418, 1.0)",1,98.82558139534883,16625
"(0.7441860465116279, 1.0)",1,98.82558139534883,16626
"(0.9186046511627908, 1.0)",1,98.82558139534883,16627
"(0.627906976744186, 1.0)",2,98.82558139534883,16629
"(0.3372093023255814, 1.0)",3,98.82558139534883,16632
"(0.9041666666666668, 0.9958333333333332)",1,98.82500000000007,16633
"(0.875, 0.9958333333333332)",2,98.82500000000007,16635
"(0.9375, 0.9958333333333332)",1,98.82500000000007,16636
"(0.9791666666666666, 0.9958333333333332)",1,98.82500000000007,16637
"(0.95, 0.9958333333333332)",1,98.82500000000006,16638
"(0.8625, 0.9958333333333332)",1,98.82500000000005,16639
"(0.9875, 0.9958333333333332)",1,98.82500000000005,16640
"(0.9708333333333332, 0.9958333333333332)",1,98.82500000000005,16641
"(0.9916666666666668, 0.9958333333333332)",1,98.82500000000005,16642
"(0.8666666666666667, 0.9958333333333332)",1,98.82500000000005,16643
"(0.9291666666666668, 0.9958333333333332)",1,98.82083333333344,16644
"(0.925, 0.9958333333333332)",1,98.82083333333344,16645
"(0.9625, 0.9958333333333332)",1,98.8208333333334,16646
"(0.9791666666666666, 0.9958333333333332)",1,98.8208333333334,16647
"(0.975, 0.9958333333333332)",2,98.8208333333334,16649
"(0.9708333333333332, 0.9958333333333332)",1,98.8208333333334,16650
"(0.975, 0.9958333333333332)",1,98.8208333333334,16651
"(0.9833333333333332, 0.9958333333333332)",1,98.82083333333338,16652
"(0.95, 0.9958333333333332)",1,98.82083333333338,16653
"(0.8625, 0.9958333333333332)",1,98.82083333333335,16654
"(0.9791666666666666, 0.9958333333333332)",1,98.82083333333335,16655
"(0.9083333333333332, 0.9958333333333332)",1,98.82083333333335,16656
"(0.8375, 0.9916666666666668)",1,98.82083333333313,16657
"(0.9305555555555556, 1.0)",2,98.81944444444444,16659
"(0.8333333333333334, 1.0)",1,98.81944444444444,16660
"(0.8611111111111112, 1.0)",2,98.81944444444444,16662
"(0.75, 1.0)",1,98.81944444444444,16663
"(0.8194444444444444, 1.0)",1,98.81944444444444,16664
"(0.6944444444444444, 1.0)",1,98.81944444444444,16665
"(0.9166666666666666, 1.0)",1,98.81944444444444,16666
"(0.7361111111111112, 1.0)",2,98.81944444444444,16668
"(0.7083333333333334, 1.0)",1,98.81944444444444,16669
"(0.8888888888888888, 1.0)",1,98.81944444444444,16670
"(0.9444444444444444, 1.0)",1,98.81944444444444,16671
"(0.9791666666666666, 0.9958333333333332)",1,98.81666666666678,16672
"(0.8625, 0.9958333333333332)",1,98.81666666666676,16673
"(0.95, 0.9958333333333332)",1,98.81666666666676,16674
"(0.9833333333333332, 0.9958333333333332)",2,98.81666666666676,16676
"(0.9458333333333332, 0.9958333333333332)",1,98.81666666666672,16677
"(0.8541666666666666, 0.9958333333333332)",1,98.81666666666672,16678
"(0.925, 0.9958333333333332)",1,98.8166666666667,16679
"(0.8333333333333334, 1.0)",1,98.81666666666666,16680
"(0.6833333333333333, 1.0)",1,98.81666666666666,16681
"(0.9833333333333332, 1.0)",1,98.81666666666666,16682
"(0.9333333333333332, 1.0)",1,98.81666666666666,16683
"(0.9666666666666668, 1.0)",1,98.81666666666666,16684
"(0.8166666666666667, 1.0)",2,98.81666666666666,16686
"(0.9166666666666666, 1.0)",2,98.81666666666666,16688
"(0.9125, 0.9916666666666668)",1,98.8166666666664,16689
"(0.8372093023255814, 1.0)",3,98.81395348837208,16692
"(0.6162790697674418, 1.0)",2,98.81395348837208,16694
"(0.3372093023255814, 1.0)",2,98.81395348837208,16696
"(0.9791666666666666, 0.9958333333333332)",1,98.81250000000011,16697
"(0.9916666666666668, 0.9958333333333332)",1,98.8125000000001,16698
"(0.8916666666666667, 0.9958333333333332)",1,98.8125000000001,16699
"(0.9791666666666666, 0.9958333333333332)",1,98.81250000000009,16700
"(0.9125, 0.9958333333333332)",1,98.81250000000009,16701
"(0.9833333333333332, 0.9958333333333332)",1,98.81250000000009,16702
"(0.9208333333333332, 0.9958333333333332)",1,98.81250000000009,16703
"(0.9375, 0.9958333333333332)",1,98.81250000000009,16704
"(0.9125, 0.9958333333333332)",1,98.81250000000006,16705
"(0.8625, 0.9958333333333332)",2,98.81250000000006,16707
"(0.9083333333333332, 0.9958333333333332)",1,98.81250000000004,16708
"(0.975, 0.9958333333333332)",1,98.81250000000004,16709
"(0.9333333333333332, 0.9916666666666668)",1,98.81249999999976,16710
"(0.925, 0.9916666666666668)",1,98.81249999999974,16711
"(0.9416666666666668, 0.9916666666666668)",1,98.81249999999972,16712
"(0.9429824561403508, 0.9912280701754386)",1,98.81140350877192,16713
"(0.8791666666666667, 0.9958333333333332)",1,98.80833333333342,16714
"(0.8916666666666667, 0.9958333333333332)",1,98.80833333333342,16715
"(0.8708333333333333, 0.9958333333333332)",1,98.80833333333342,16716
"(0.9791666666666666, 0.9958333333333332)",1,98.80833333333342,16717
"(0.8625, 0.9958333333333332)",1,98.8083333333334,16718
"(0.95, 0.9958333333333332)",1,98.8083333333334,16719
"(0.85, 0.9958333333333332)",2,98.8083333333334,16721
"(1.0, 0.9958333333333332)",1,98.80833333333338,16722
"(0.9375, 0.9958333333333332)",1,98.80833333333338,16723
"(0.8375, 0.9916666666666668)",1,98.80833333333308,16724
"(0.9375, 0.9916666666666668)",1,98.80833333333304,16725
"(0.9583333333333334, 1.0)",1,98.80555555555556,16726
"(0.7361111111111112, 1.0)",1,98.80555555555556,16727
"(0.7777777777777778, 1.0)",1,98.80555555555556,16728
"(0.7083333333333334, 1.0)",1,98.80555555555556,16729
"(0.9305555555555556, 1.0)",3,98.80555555555556,16732
"(0.8888888888888888, 1.0)",1,98.80555555555556,16733
"(0.9027777777777778, 1.0)",1,98.80555555555556,16734
"(0.8055555555555556, 1.0)",1,98.80555555555556,16735
"(0.8333333333333334, 1.0)",2,98.80555555555556,16737
"(0.9027777777777778, 1.0)",1,98.80555555555554,16738
"(0.8194444444444444, 1.0)",1,98.80555555555554,16739
"(0.8333333333333334, 1.0)",1,98.80555555555554,16740
"(0.6944444444444444, 1.0)",2,98.80555555555554,16742
"(0.9444444444444444, 1.0)",1,98.80555555555554,16743
"(0.9375, 0.9958333333333332)",1,98.80416666666676,16744
"(0.9291666666666668, 0.9958333333333332)",1,98.80416666666676,16745
"(0.9375, 0.9958333333333332)",1,98.80416666666676,16746
"(0.9791666666666666, 0.9958333333333332)",1,98.80416666666672,16747
"(0.9708333333333332, 0.9958333333333332)",1,98.80416666666672,16748
"(0.95, 0.9958333333333332)",1,98.80416666666672,16749
"(0.975, 0.9958333333333332)",1,98.80416666666672,16750
"(0.9375, 0.9958333333333332)",2,98.80416666666672,16752
"(0.9291666666666668, 0.9958333333333332)",1,98.80416666666672,16753
"(0.8375, 0.9958333333333332)",1,98.8041666666667,16754
"(0.9041666666666668, 0.9958333333333332)",1,98.8041666666667,16755
"(0.9791666666666666, 0.9958333333333332)",1,98.8041666666667,16756
"(0.9125, 0.9958333333333332)",1,98.80416666666667,16757
"(0.7441860465116279, 1.0)",1,98.80232558139537,16758
"(0.5930232558139535, 1.0)",1,98.80232558139537,16759
"(0.4534883720930232, 1.0)",1,98.80232558139537,16760
"(0.4651162790697674, 1.0)",2,98.80232558139537,16762
"(0.9916666666666668, 0.9958333333333332)",2,98.80000000000008,16764
"(0.8541666666666666, 0.9958333333333332)",1,98.80000000000008,16765
"(0.925, 0.9958333333333332)",1,98.80000000000008,16766
"(0.925, 0.9958333333333332)",1,98.80000000000008,16767
"(0.9791666666666666, 0.9958333333333332)",1,98.80000000000008,16768
"(0.9458333333333332, 0.9958333333333332)",1,98.80000000000004,16769
"(0.9041666666666668, 0.9958333333333332)",1,98.80000000000004,16770
"(0.975, 0.9958333333333332)",1,98.80000000000004,16771
"(1.0, 1.0)",3,98.8,16774
"(0.7333333333333333, 1.0)",1,98.8,16775
"(0.95, 1.0)",2,98.8,16777
"(0.9833333333333332, 1.0)",1,98.8,16778
"(0.8333333333333334, 1.0)",1,98.8,16779
"(0.9666666666666668, 1.0)",2,98.8,16781
"(0.9333333333333332, 1.0)",2,98.8,16783
"(0.8166666666666667, 1.0)",2,98.8,16785
"(0.8833333333333333, 1.0)",1,98.8,16786
"(0.7166666666666667, 1.0)",2,98.8,16788
"(0.85, 1.0)",3,98.8,16791
"(0.9, 1.0)",1,98.8,16792
"(0.8625, 0.9958333333333332)",1,98.79583333333343,16793
"(0.975, 0.9958333333333332)",1,98.79583333333342,16794
"(0.9375, 0.9958333333333332)",1,98.79583333333342,16795
"(0.9875, 0.9958333333333332)",2,98.79583333333342,16797
"(0.9, 0.9958333333333332)",1,98.7958333333334,16798
"(0.9458333333333332, 0.9958333333333332)",1,98.7958333333334,16799
"(0.9125, 0.9958333333333332)",1,98.7958333333334,16800
"(0.975, 0.9958333333333332)",1,98.7958333333334,16801
"(0.8625, 0.9958333333333332)",1,98.7958333333334,16802
"(0.9375, 0.9958333333333332)",1,98.79583333333338,16803
"(0.925, 0.9958333333333332)",1,98.79583333333338,16804
"(0.9166666666666666, 0.9958333333333332)",1,98.79583333333336,16805
"(0.9375, 0.9958333333333332)",1,98.79583333333336,16806
"(0.9, 0.9958333333333332)",2,98.79166666666676,16808
"(0.9625, 0.9958333333333332)",1,98.79166666666676,16809
"(0.8375, 0.9958333333333332)",1,98.79166666666671,16810
"(0.925, 0.9958333333333332)",1,98.79166666666671,16811
"(0.8375, 0.9958333333333332)",1,98.79166666666671,16812
"(0.925, 0.9958333333333332)",1,98.79166666666671,16813
"(0.9375, 0.9958333333333332)",1,98.79166666666671,16814
"(0.9833333333333332, 0.9958333333333332)",1,98.79166666666669,16815
"(0.9208333333333332, 0.9958333333333332)",1,98.79166666666669,16816
"(0.9722222222222222, 1.0)",1,98.79166666666669,16817
"(0.7083333333333334, 1.0)",1,98.79166666666669,16818
"(0.8611111111111112, 1.0)",1,98.79166666666669,16819
"(0.9444444444444444, 1.0)",1,98.79166666666666,16820
"(0.9583333333333334, 1.0)",1,98.79166666666666,16821
"(0.75, 1.0)",2,98.79166666666666,16823
"(0.8333333333333334, 1.0)",3,98.79166666666666,16826
"(0.7638888888888888, 1.0)",1,98.79166666666666,16827
"(0.8888888888888888, 1.0)",2,98.79166666666666,16829
"(0.9166666666666666, 1.0)",1,98.79166666666666,16830
"(0.8055555555555556, 1.0)",2,98.79166666666666,16832
"(0.875, 1.0)",1,98.79166666666666,16833
"(0.9305555555555556, 1.0)",2,98.79166666666666,16835
"(0.6805555555555556, 1.0)",1,98.79166666666666,16836
"(0.8472222222222222, 1.0)",1,98.79166666666666,16837
"(0.95, 0.9916666666666668)",2,98.7916666666664,16839
"(0.3372093023255814, 1.0)",1,98.7906976744186,16840
"(0.4651162790697674, 1.0)",1,98.7906976744186,16841
"(0.6162790697674418, 1.0)",2,98.7906976744186,16843
"(0.95, 0.9958333333333332)",1,98.78750000000008,16844
"(0.9666666666666668, 0.9958333333333332)",1,98.78750000000008,16845
"(0.8916666666666667, 0.9958333333333332)",1,98.78750000000008,16846
"(0.9833333333333332, 0.9958333333333332)",2,98.78750000000008,16848
"(0.8958333333333334, 0.9958333333333332)",1,98.78750000000008,16849
"(0.9916666666666668, 0.9958333333333332)",1,98.78750000000008,16850
"(0.95, 0.9958333333333332)",1,98.78750000000004,16851
"(0.9833333333333332, 0.9958333333333332)",1,98.78750000000004,16852
"(0.9208333333333332, 0.9958333333333332)",1,98.78750000000004,16853
"(0.8625, 0.9958333333333332)",1,98.78750000000004,16854
"(0.9875, 0.9958333333333332)",1,98.78750000000002,16855
"(0.9083333333333332, 0.9875)",2,98.78749999999988,16857
"(0.8958333333333334, 0.9916666666666668)",1,98.78749999999972,16858
"(0.9541666666666668, 0.9958333333333332)",1,98.78333333333345,16859
"(0.8958333333333334, 0.9958333333333332)",1,98.78333333333342,16860
"(0.8541666666666666, 0.9958333333333332)",1,98.78333333333342,16861
"(0.9041666666666668, 0.9958333333333332)",1,98.7833333333334,16862
"(0.9541666666666668, 0.9958333333333332)",1,98.7833333333334,16863
"(0.9291666666666668, 0.9958333333333332)",1,98.7833333333334,16864
"(0.8375, 0.9958333333333332)",1,98.7833333333334,16865
"(0.9791666666666666, 0.9958333333333332)",1,98.7833333333334,16866
"(0.9625, 0.9958333333333332)",1,98.7833333333334,16867
"(0.9208333333333332, 0.9958333333333332)",1,98.7833333333334,16868
"(0.9833333333333332, 0.9958333333333332)",1,98.78333333333336,16869
"(0.9833333333333332, 0.9958333333333332)",1,98.78333333333336,16870
"(0.7333333333333333, 1.0)",1,98.78333333333332,16871
"(0.7, 1.0)",3,98.78333333333332,16874
"(0.9166666666666666, 1.0)",1,98.78333333333332,16875
"(0.8166666666666667, 1.0)",1,98.78333333333332,16876
"(0.9833333333333332, 1.0)",2,98.78333333333332,16878
"(0.8, 1.0)",1,98.78333333333332,16879
"(0.9, 1.0)",2,98.78333333333332,16881
"(0.8333333333333334, 1.0)",1,98.78333333333332,16882
"(0.8666666666666667, 1.0)",1,98.78333333333332,16883
"(0.95, 0.9916666666666668)",1,98.78333333333306,16884
"(0.9541666666666668, 0.9958333333333332)",1,98.77916666666675,16885
"(0.925, 0.9958333333333332)",1,98.77916666666674,16886
"(0.9333333333333332, 0.9958333333333332)",1,98.77916666666674,16887
"(0.875, 0.9958333333333332)",1,98.77916666666673,16888
"(0.9833333333333332, 0.9958333333333332)",2,98.77916666666673,16890
"(0.9416666666666668, 0.9958333333333332)",1,98.77916666666673,16891
"(0.9333333333333332, 0.9958333333333332)",1,98.77916666666673,16892
"(0.8625, 0.9958333333333332)",1,98.77916666666673,16893
"(0.8372093023255814, 0.9883720930232558)",1,98.77906976744202,16894
"(0.4651162790697674, 1.0)",1,98.77906976744184,16895
"(0.8255813953488372, 1.0)",2,98.77906976744184,16897
"(0.7083333333333334, 1.0)",3,98.77777777777776,16900
"(0.9444444444444444, 1.0)",1,98.77777777777776,16901
"(0.7361111111111112, 1.0)",1,98.77777777777776,16902
"(0.9305555555555556, 1.0)",1,98.77777777777776,16903
"(0.7777777777777778, 1.0)",1,98.77777777777776,16904
"(0.8055555555555556, 1.0)",1,98.77777777777776,16905
"(0.7222222222222222, 1.0)",1,98.77777777777776,16906
"(0.8888888888888888, 1.0)",1,98.77777777777776,16907
"(0.6111111111111112, 1.0)",1,98.77777777777776,16908
"(0.8333333333333334, 1.0)",3,98.77777777777776,16911
"(0.8194444444444444, 1.0)",1,98.77777777777776,16912
"(0.9083333333333332, 0.9958333333333332)",1,98.77500000000012,16913
"(0.9666666666666668, 0.9958333333333332)",1,98.77500000000008,16914
"(0.9666666666666668, 0.9958333333333332)",1,98.77500000000008,16915
"(0.9833333333333332, 0.9958333333333332)",1,98.77500000000008,16916
"(0.9, 0.9958333333333332)",1,98.77500000000008,16917
"(0.8666666666666667, 0.9958333333333332)",2,98.77500000000008,16919
"(0.975, 0.9958333333333332)",1,98.77500000000003,16920
"(0.9375, 0.9833333333333332)",1,98.77499999999996,16921
"(0.9791666666666666, 0.9958333333333332)",1,98.77083333333346,16922
"(0.9083333333333332, 0.9958333333333332)",1,98.77083333333344,16923
"(0.9375, 0.9958333333333332)",2,98.77083333333344,16925
"(0.9458333333333332, 0.9958333333333332)",1,98.77083333333344,16926
"(0.9041666666666668, 0.9958333333333332)",1,98.77083333333344,16927
"(0.9125, 0.9958333333333332)",1,98.77083333333344,16928
"(0.9458333333333332, 0.9958333333333332)",1,98.77083333333336,16929
"(0.8541666666666666, 0.9916666666666668)",1,98.7708333333331,16930
"(0.6162790697674418, 1.0)",1,98.76744186046513,16931
"(0.9833333333333332, 0.9958333333333332)",1,98.76666666666677,16932
"(0.9916666666666668, 0.9958333333333332)",1,98.76666666666674,16933
"(0.95, 0.9958333333333332)",2,98.76666666666672,16935
"(0.8666666666666667, 0.9958333333333332)",1,98.76666666666672,16936
"(0.9, 0.9958333333333332)",1,98.7666666666667,16937
"(0.975, 0.9958333333333332)",1,98.7666666666667,16938
"(0.8166666666666667, 1.0)",1,98.76666666666668,16939
"(0.85, 1.0)",1,98.76666666666668,16940
"(0.7333333333333333, 1.0)",2,98.76666666666668,16942
"(0.8833333333333333, 1.0)",3,98.76666666666668,16945
"(0.9166666666666666, 1.0)",1,98.76666666666668,16946
"(0.9166666666666666, 0.9958333333333332)",1,98.76666666666668,16947
"(0.75, 1.0)",1,98.76666666666668,16948
"(1.0, 1.0)",3,98.76666666666668,16951
"(0.7, 1.0)",2,98.76666666666668,16953
"(0.925, 0.9916666666666668)",1,98.76666666666642,16954
"(0.8958333333333334, 0.9916666666666668)",1,98.76666666666638,16955
"(0.9305555555555556, 0.9861111111111112)",1,98.7638888888891,16956
"(0.9027777777777778, 1.0)",3,98.76388888888889,16959
"(0.8472222222222222, 1.0)",1,98.76388888888889,16960
"(0.6944444444444444, 1.0)",1,98.76388888888889,16961
"(0.7916666666666666, 1.0)",1,98.76388888888889,16962
"(0.8333333333333334, 1.0)",4,98.76388888888889,16966
"(0.7361111111111112, 1.0)",2,98.76388888888889,16968
"(0.6805555555555556, 1.0)",1,98.76388888888889,16969
"(0.7777777777777778, 1.0)",1,98.76388888888889,16970
"(0.7083333333333334, 1.0)",2,98.76388888888889,16972
"(0.8194444444444444, 1.0)",2,98.76388888888889,16974
"(0.9444444444444444, 1.0)",3,98.76388888888889,16977
"(0.9305555555555556, 1.0)",4,98.76388888888889,16981
"(0.8888888888888888, 1.0)",1,98.76388888888889,16982
"(0.9208333333333332, 0.9958333333333332)",1,98.76250000000007,16983
"(0.9041666666666668, 0.9958333333333332)",1,98.76250000000007,16984
"(0.9125, 0.9958333333333332)",1,98.76250000000007,16985
"(0.975, 0.9958333333333332)",1,98.76250000000007,16986
"(0.9375, 0.9958333333333332)",2,98.76250000000007,16988
"(0.9875, 0.9958333333333332)",2,98.76250000000007,16990
"(0.9833333333333332, 0.9958333333333332)",1,98.76250000000005,16991
"(0.9375, 0.9958333333333332)",1,98.76250000000005,16992
"(0.9, 0.9958333333333332)",1,98.76250000000005,16993
"(0.9791666666666666, 0.9958333333333332)",1,98.76250000000005,16994
"(0.95, 0.9958333333333332)",2,98.76250000000005,16996
"(0.8541666666666666, 0.9958333333333332)",1,98.76250000000005,16997
"(0.9125, 0.9958333333333332)",1,98.76250000000005,16998
"(0.925, 0.9958333333333332)",1,98.76250000000005,16999
"(0.975, 0.9958333333333332)",1,98.76250000000005,17000
"(0.9375, 0.9916666666666668)",1,98.76249999999978,17001
"(0.8541666666666666, 0.9958333333333332)",1,98.75833333333344,17002
"(0.9666666666666668, 0.9958333333333332)",1,98.7583333333334,17003
"(0.9333333333333332, 0.9958333333333332)",1,98.7583333333334,17004
"(0.9291666666666668, 0.9958333333333332)",2,98.75833333333338,17006
"(0.9208333333333332, 0.9958333333333332)",1,98.75833333333338,17007
"(0.9625, 0.9916666666666668)",1,98.75833333333306,17008
"(0.8958333333333334, 0.9916666666666668)",1,98.75833333333304,17009
"(0.4651162790697674, 1.0)",1,98.75581395348836,17010
"(0.4883720930232558, 1.0)",1,98.75581395348836,17011
"(0.8488372093023255, 1.0)",1,98.75581395348836,17012
"(0.6162790697674418, 1.0)",1,98.75581395348836,17013
"(0.925, 0.9958333333333332)",1,98.75416666666676,17014
"(0.9791666666666666, 0.9958333333333332)",1,98.75416666666676,17015
"(0.9875, 0.9958333333333332)",1,98.75416666666676,17016
"(0.975, 0.9958333333333332)",1,98.75416666666672,17017
"(0.85, 0.9958333333333332)",1,98.75416666666672,17018
"(0.9583333333333334, 0.9958333333333332)",1,98.75416666666672,17019
"(0.9166666666666666, 0.9958333333333332)",1,98.7541666666667,17020
"(0.9, 0.9958333333333332)",1,98.7541666666667,17021
"(0.9833333333333332, 0.9958333333333332)",1,98.75416666666668,17022
"(0.9666666666666668, 1.0)",1,98.75416666666663,17023
"(0.975, 1.0)",1,98.75416666666662,17024
"(0.9041666666666668, 0.9916666666666668)",1,98.7541666666664,17025
"(0.9625, 0.9958333333333332)",1,98.75000000000009,17026
"(0.9583333333333334, 0.9958333333333332)",1,98.75000000000009,17027
"(0.9833333333333332, 0.9958333333333332)",1,98.75000000000009,17028
"(0.9375, 0.9958333333333332)",1,98.75000000000009,17029
"(0.9, 0.9958333333333332)",2,98.75000000000009,17031
"(0.9291666666666668, 0.9958333333333332)",1,98.75000000000009,17032
"(0.8791666666666667, 0.9958333333333332)",1,98.75000000000009,17033
"(0.9208333333333332, 0.9958333333333332)",1,98.75000000000009,17034
"(0.9583333333333334, 0.9958333333333332)",1,98.75000000000006,17035
"(0.975, 0.9958333333333332)",1,98.75000000000004,17036
"(0.9875, 0.9958333333333332)",1,98.75000000000004,17037
"(0.9, 1.0)",1,98.75,17038
"(0.9583333333333334, 1.0)",1,98.75,17039
"(0.95, 1.0)",1,98.75,17040
"(0.9166666666666666, 1.0)",1,98.75,17041
"(0.7777777777777778, 1.0)",2,98.75,17043
"(0.9333333333333332, 1.0)",1,98.75,17044
"(0.8194444444444444, 1.0)",1,98.75,17045
"(0.8888888888888888, 1.0)",1,98.75,17046
"(0.7333333333333333, 1.0)",1,98.75,17047
"(0.875, 1.0)",1,98.75,17048
"(0.7638888888888888, 1.0)",1,98.75,17049
"(0.8666666666666667, 1.0)",1,98.75,17050
"(1.0, 1.0)",4,98.75,17054
"(0.6805555555555556, 1.0)",1,98.75,17055
"(0.7222222222222222, 1.0)",2,98.75,17057
"(0.8333333333333334, 1.0)",2,98.75,17059
"(0.7916666666666666, 1.0)",1,98.75,17060
"(0.7083333333333334, 1.0)",2,98.75,17062
"(0.9444444444444444, 1.0)",2,98.75,17064
"(0.9305555555555556, 1.0)",1,98.75,17065
"(0.8833333333333333, 1.0)",1,98.75,17066
"(0.9041666666666668, 0.9916666666666668)",1,98.74999999999974,17067
"(0.975, 0.9958333333333332)",1,98.74583333333344,17068
"(0.9166666666666666, 0.9958333333333332)",2,98.7458333333334,17070
"(0.9833333333333332, 0.9958333333333332)",1,98.7458333333334,17071
"(0.8541666666666666, 0.9958333333333332)",1,98.74583333333338,17072
"(0.9791666666666666, 0.9958333333333332)",1,98.74583333333338,17073
"(0.9333333333333332, 0.9916666666666668)",1,98.7458333333331,17074
"(0.8837209302325582, 0.9883720930232558)",1,98.7441860465118,17075
"(0.7674418604651163, 1.0)",1,98.74418604651164,17076
"(0.627906976744186, 1.0)",4,98.74418604651164,17080
"(0.3372093023255814, 1.0)",1,98.74418604651164,17081
"(0.9625, 0.9958333333333332)",2,98.74166666666676,17083
"(0.9875, 0.9958333333333332)",1,98.74166666666676,17084
"(0.9125, 0.9958333333333332)",1,98.74166666666676,17085
"(0.9625, 0.9958333333333332)",1,98.74166666666672,17086
"(0.9916666666666668, 0.9958333333333332)",1,98.74166666666672,17087
"(0.825, 0.9958333333333332)",1,98.74166666666672,17088
"(0.9833333333333332, 0.9958333333333332)",1,98.74166666666672,17089
"(0.8666666666666667, 0.9958333333333332)",1,98.74166666666672,17090
"(0.9791666666666666, 0.9958333333333332)",1,98.74166666666672,17091
"(0.9666666666666668, 0.9958333333333332)",1,98.7416666666667,17092
"(0.925, 0.9958333333333332)",1,98.7416666666667,17093
"(0.85, 0.9916666666666668)",2,98.74166666666645,17095
"(0.9375, 0.9958333333333332)",1,98.7375000000001,17096
"(0.9041666666666668, 0.9958333333333332)",1,98.73750000000008,17097
"(0.875, 0.9958333333333332)",1,98.73750000000004,17098
"(0.9791666666666666, 0.9958333333333332)",1,98.73750000000004,17099
"(0.9833333333333332, 0.9958333333333332)",1,98.73750000000004,17100
"(0.9958333333333332, 0.9958333333333332)",1,98.73750000000004,17101
"(0.9958333333333332, 0.9958333333333332)",1,98.73750000000004,17102
"(0.9708333333333332, 0.9958333333333332)",1,98.73750000000004,17103
"(0.825, 0.9958333333333332)",2,98.73750000000004,17105
"(0.9416666666666668, 0.9833333333333332)",1,98.7375,17106
"(0.6805555555555556, 1.0)",1,98.73611111111111,17107
"(0.8611111111111112, 1.0)",4,98.73611111111111,17111
"(0.7777777777777778, 1.0)",1,98.73611111111111,17112
"(0.625, 1.0)",1,98.73611111111111,17113
"(0.9444444444444444, 1.0)",1,98.73611111111111,17114
"(0.8194444444444444, 1.0)",4,98.73611111111111,17118
"(0.8472222222222222, 1.0)",1,98.73611111111111,17119
"(0.9305555555555556, 1.0)",4,98.73611111111111,17123
"(0.7916666666666666, 1.0)",1,98.73611111111111,17124
"(0.75, 1.0)",1,98.73611111111111,17125
"(0.8888888888888888, 1.0)",1,98.73611111111111,17126
"(0.925, 0.9958333333333332)",1,98.73333333333342,17127
"(0.9333333333333332, 0.9958333333333332)",1,98.7333333333334,17128
"(0.9791666666666666, 0.9958333333333332)",2,98.7333333333334,17130
"(0.9041666666666668, 0.9958333333333332)",1,98.7333333333334,17131
"(0.9708333333333332, 0.9958333333333332)",1,98.7333333333334,17132
"(0.9375, 0.9958333333333332)",1,98.73333333333338,17133
"(0.8333333333333334, 1.0)",1,98.73333333333332,17134
"(0.95, 1.0)",3,98.73333333333332,17137
"(0.9333333333333332, 1.0)",1,98.73333333333332,17138
"(0.8666666666666667, 1.0)",1,98.73333333333332,17139
"(1.0, 1.0)",4,98.73333333333332,17143
"(0.8833333333333333, 1.0)",2,98.73333333333332,17145
"(0.8166666666666667, 1.0)",1,98.73333333333332,17146
"(0.85, 1.0)",2,98.73333333333332,17148
"(0.9833333333333332, 1.0)",2,98.73333333333332,17150
"(0.9458333333333332, 0.9916666666666668)",1,98.7333333333331,17151
"(0.6162790697674418, 1.0)",1,98.73255813953487,17152
"(0.7906976744186046, 1.0)",1,98.73255813953487,17153
"(0.872093023255814, 1.0)",2,98.73255813953487,17155
"(0.3372093023255814, 1.0)",1,98.73255813953487,17156
"(0.9125, 0.9958333333333332)",1,98.72916666666676,17157
"(0.8625, 0.9958333333333332)",1,98.72916666666676,17158
"(0.9291666666666668, 0.9958333333333332)",1,98.72916666666676,17159
"(0.975, 0.9958333333333332)",2,98.72916666666676,17161
"(0.9375, 0.9958333333333332)",1,98.72916666666676,17162
"(0.9333333333333332, 0.9958333333333332)",1,98.72916666666674,17163
"(0.8625, 0.9958333333333332)",1,98.72916666666674,17164
"(0.8791666666666667, 0.9958333333333332)",1,98.72916666666674,17165
"(0.9791666666666666, 0.9958333333333332)",1,98.72916666666671,17166
"(0.975, 0.9958333333333332)",1,98.72916666666671,17167
"(0.925, 0.9958333333333332)",1,98.72916666666671,17168
"(0.95, 0.9958333333333332)",1,98.72916666666671,17169
"(0.9041666666666668, 0.9958333333333332)",1,98.72916666666671,17170
"(0.9208333333333332, 0.9916666666666668)",1,98.72916666666636,17171
"(0.9375, 0.9958333333333332)",2,98.7250000000001,17173
"(0.9833333333333332, 0.9958333333333332)",2,98.72500000000008,17175
"(0.9208333333333332, 0.9958333333333332)",1,98.72500000000008,17176
"(0.8666666666666667, 0.9958333333333332)",1,98.72500000000008,17177
"(0.9875, 0.9958333333333332)",1,98.72500000000008,17178
"(0.9833333333333332, 0.9958333333333332)",1,98.72500000000004,17179
"(0.85, 0.9958333333333332)",1,98.72500000000004,17180
"(0.9416666666666668, 0.9958333333333332)",1,98.72500000000004,17181
"(0.975, 0.9958333333333332)",1,98.72500000000002,17182
"(0.975, 1.0)",1,98.72499999999997,17183
"(0.9416666666666668, 0.9916666666666668)",1,98.72499999999977,17184
"(0.9166666666666666, 0.9861111111111112)",1,98.72222222222244,17185
"(0.9444444444444444, 0.9861111111111112)",1,98.72222222222244,17186
"(0.7777777777777778, 1.0)",1,98.72222222222224,17187
"(0.8194444444444444, 1.0)",2,98.72222222222224,17189
"(0.9027777777777778, 1.0)",1,98.72222222222224,17190
"(0.8611111111111112, 1.0)",1,98.72222222222224,17191
"(0.8055555555555556, 1.0)",2,98.72222222222224,17193
"(0.6111111111111112, 1.0)",1,98.72222222222224,17194
"(0.9305555555555556, 1.0)",3,98.72222222222224,17197
"(0.6805555555555556, 1.0)",1,98.72222222222224,17198
"(0.75, 1.0)",3,98.72222222222224,17201
"(0.8333333333333334, 1.0)",2,98.72222222222224,17203
"(0.9583333333333334, 1.0)",1,98.7222222222222,17204
"(0.7916666666666666, 1.0)",1,98.7222222222222,17205
"(0.7083333333333334, 1.0)",1,98.7222222222222,17206
"(0.8194444444444444, 1.0)",2,98.7222222222222,17208
"(0.9186046511627908, 0.9883720930232558)",1,98.7209302325583,17209
"(0.7674418604651163, 1.0)",1,98.72093023255816,17210
"(0.7906976744186046, 1.0)",1,98.72093023255816,17211
"(0.4651162790697674, 1.0)",1,98.72093023255816,17212
"(0.4883720930232558, 1.0)",2,98.72093023255812,17214
"(0.7674418604651163, 1.0)",2,98.72093023255812,17216
"(0.9083333333333332, 0.9958333333333332)",1,98.72083333333345,17217
"(0.9916666666666668, 0.9958333333333332)",1,98.72083333333345,17218
"(1.0, 0.9958333333333332)",1,98.72083333333345,17219
"(0.9208333333333332, 0.9958333333333332)",1,98.72083333333342,17220
"(0.9208333333333332, 0.9958333333333332)",1,98.7208333333334,17221
"(0.9333333333333332, 0.9958333333333332)",1,98.7208333333334,17222
"(0.8791666666666667, 0.9958333333333332)",1,98.72083333333336,17223
"(0.9416666666666668, 0.9916666666666668)",1,98.72083333333303,17224
"(0.9833333333333332, 0.9958333333333332)",1,98.71666666666678,17225
"(0.8958333333333334, 0.9958333333333332)",1,98.71666666666675,17226
"(0.9416666666666668, 0.9958333333333332)",1,98.71666666666675,17227
"(0.9125, 0.9958333333333332)",1,98.71666666666674,17228
"(0.9708333333333332, 0.9958333333333332)",1,98.71666666666674,17229
"(0.9916666666666668, 0.9958333333333332)",1,98.71666666666674,17230
"(0.8625, 0.9958333333333332)",1,98.71666666666673,17231
"(0.9208333333333332, 0.9958333333333332)",1,98.71666666666673,17232
"(0.8875, 0.9958333333333332)",1,98.7166666666667,17233
"(0.9833333333333332, 0.9958333333333332)",1,98.7166666666667,17234
"(0.8333333333333334, 1.0)",1,98.71666666666668,17235
"(0.9666666666666668, 1.0)",1,98.71666666666668,17236
"(0.85, 1.0)",1,98.71666666666668,17237
"(0.8, 1.0)",2,98.71666666666668,17239
"(0.7666666666666667, 1.0)",1,98.71666666666668,17240
"(0.9, 1.0)",1,98.71666666666668,17241
"(0.9833333333333332, 1.0)",2,98.71666666666668,17243
"(0.8833333333333333, 1.0)",2,98.71666666666668,17245
"(1.0, 1.0)",2,98.71666666666668,17247
"(0.9875, 1.0)",1,98.7166666666666,17248
"(0.9625, 0.9875)",1,98.7166666666665,17249
"(0.9333333333333332, 0.9916666666666668)",1,98.71666666666644,17250
"(0.9166666666666666, 0.9916666666666668)",1,98.71666666666638,17251
"(0.9625, 0.9958333333333332)",1,98.71250000000008,17252
"(0.8625, 0.9958333333333332)",1,98.71250000000008,17253
"(0.9833333333333332, 0.9958333333333332)",1,98.71250000000008,17254
"(0.9, 0.9958333333333332)",1,98.71250000000006,17255
"(0.9208333333333332, 0.9958333333333332)",1,98.71250000000006,17256
"(0.825, 0.9958333333333332)",1,98.71250000000003,17257
"(0.8375, 0.9958333333333332)",1,98.71250000000003,17258
"(0.9875, 1.0)",1,98.71249999999996,17259
"(0.7674418604651163, 1.0)",1,98.7093023255814,17260
"(0.4883720930232558, 1.0)",1,98.7093023255814,17261
"(0.6162790697674418, 1.0)",1,98.7093023255814,17262
"(0.627906976744186, 1.0)",2,98.7093023255814,17264
"(0.3372093023255814, 1.0)",1,98.7093023255814,17265
"(0.925, 0.9958333333333332)",1,98.70833333333344,17266
"(0.9875, 0.9958333333333332)",1,98.70833333333344,17267
"(0.9291666666666668, 0.9958333333333332)",1,98.70833333333344,17268
"(0.85, 0.9958333333333332)",1,98.7083333333334,17269
"(0.9375, 0.9958333333333332)",1,98.7083333333334,17270
"(0.9666666666666668, 0.9958333333333332)",1,98.7083333333334,17271
"(0.9291666666666668, 0.9958333333333332)",1,98.7083333333334,17272
"(0.9708333333333332, 0.9958333333333332)",1,98.70833333333336,17273
"(0.9166666666666666, 1.0)",3,98.70833333333331,17276
"(0.9305555555555556, 1.0)",1,98.70833333333331,17277
"(0.9444444444444444, 1.0)",2,98.70833333333331,17279
"(0.7083333333333334, 1.0)",2,98.70833333333331,17281
"(0.8611111111111112, 1.0)",2,98.70833333333331,17283
"(0.6805555555555556, 1.0)",1,98.70833333333331,17284
"(0.75, 1.0)",1,98.70833333333331,17285
"(0.8333333333333334, 1.0)",1,98.70833333333331,17286
"(0.9, 0.9875)",1,98.7083333333332,17287
"(0.9208333333333332, 0.9875)",1,98.70833333333316,17288
"(0.9291666666666668, 0.9875)",1,98.70833333333316,17289
"(0.9583333333333334, 0.9916666666666668)",1,98.7083333333331,17290
"(0.9291666666666668, 0.9916666666666668)",1,98.70833333333309,17291
"(0.9375, 0.9958333333333332)",1,98.70416666666678,17292
"(0.9083333333333332, 0.9958333333333332)",1,98.70416666666677,17293
"(0.9, 0.9958333333333332)",1,98.70416666666677,17294
"(0.9625, 0.9958333333333332)",1,98.70416666666677,17295
"(0.925, 0.9958333333333332)",1,98.70416666666677,17296
"(0.9291666666666668, 0.9958333333333332)",1,98.70416666666677,17297
"(0.95, 0.9958333333333332)",1,98.70416666666677,17298
"(0.8666666666666667, 0.9958333333333332)",1,98.70416666666674,17299
"(0.8958333333333334, 0.9958333333333332)",1,98.70416666666674,17300
"(0.9791666666666666, 0.9958333333333332)",1,98.70416666666674,17301
"(0.9875, 0.9958333333333332)",2,98.70416666666674,17303
"(0.975, 0.9958333333333332)",1,98.70416666666672,17304
"(0.9208333333333332, 0.9958333333333332)",1,98.70416666666672,17305
"(0.975, 1.0)",1,98.70416666666662,17306
"(0.9875, 0.9958333333333332)",1,98.70000000000012,17307
"(0.9791666666666666, 0.9958333333333332)",1,98.7000000000001,17308
"(0.8625, 0.9958333333333332)",2,98.70000000000007,17310
"(0.9166666666666666, 0.9958333333333332)",1,98.70000000000007,17311
"(0.925, 0.9958333333333332)",1,98.70000000000006,17312
"(0.9541666666666668, 0.9958333333333332)",1,98.70000000000005,17313
"(0.8375, 0.9958333333333332)",1,98.70000000000005,17314
"(0.8166666666666667, 1.0)",1,98.7,17315
"(0.7, 1.0)",3,98.7,17318
"(0.9833333333333332, 1.0)",1,98.7,17319
"(0.85, 1.0)",1,98.7,17320
"(0.7166666666666667, 1.0)",1,98.7,17321
"(0.85, 1.0)",2,98.7,17323
"(0.8666666666666667, 1.0)",1,98.7,17324
"(0.9833333333333332, 1.0)",1,98.7,17325
"(0.9333333333333332, 1.0)",1,98.7,17326
"(0.8666666666666667, 1.0)",1,98.7,17327
"(0.8, 1.0)",1,98.7,17328
"(0.8333333333333334, 1.0)",2,98.7,17330
"(0.925, 0.9916666666666668)",2,98.69999999999976,17332
"(0.9186046511627908, 0.9883720930232558)",1,98.69767441860482,17333
"(0.6162790697674418, 1.0)",1,98.69767441860463,17334
"(0.9583333333333334, 0.9958333333333332)",1,98.69583333333344,17335
"(0.8541666666666666, 0.9958333333333332)",1,98.6958333333334,17336
"(0.95, 0.9958333333333332)",1,98.6958333333334,17337
"(0.8583333333333333, 0.9958333333333332)",1,98.69583333333338,17338
"(0.9833333333333332, 0.9958333333333332)",1,98.69583333333338,17339
"(0.9208333333333332, 0.9958333333333332)",1,98.69583333333335,17340
"(0.9916666666666668, 0.9958333333333332)",1,98.69583333333335,17341
"(0.95, 0.9875)",1,98.6958333333332,17342
"(0.8958333333333334, 0.9916666666666668)",1,98.69583333333308,17343
"(0.9291666666666668, 0.9916666666666668)",2,98.69583333333306,17345
"(0.8472222222222222, 1.0)",1,98.69444444444444,17346
"(0.9583333333333334, 1.0)",1,98.69444444444444,17347
"(0.8611111111111112, 1.0)",1,98.69444444444444,17348
"(0.7083333333333334, 1.0)",2,98.69444444444444,17350
"(0.8333333333333334, 1.0)",1,98.69444444444444,17351
"(0.9444444444444444, 1.0)",1,98.69444444444444,17352
"(0.7361111111111112, 1.0)",1,98.69444444444444,17353
"(0.8888888888888888, 1.0)",1,98.69444444444444,17354
"(0.9305555555555556, 1.0)",2,98.69444444444444,17356
"(0.875, 1.0)",1,98.69444444444444,17357
"(0.9027777777777778, 1.0)",1,98.69444444444444,17358
"(0.8194444444444444, 1.0)",1,98.69444444444444,17359
"(0.9429824561403508, 0.9912280701754386)",1,98.69298245614034,17360
"(0.8728070175438597, 0.9912280701754386)",1,98.69298245614031,17361
"(0.9958333333333332, 0.9958333333333332)",1,98.69166666666678,17362
"(0.975, 0.9958333333333332)",1,98.69166666666676,17363
"(0.9916666666666668, 0.9958333333333332)",1,98.69166666666676,17364
"(0.9791666666666666, 0.9958333333333332)",1,98.69166666666676,17365
"(0.9875, 0.9958333333333332)",1,98.69166666666676,17366
"(0.8625, 0.9958333333333332)",2,98.69166666666672,17368
"(0.925, 0.9958333333333332)",1,98.69166666666672,17369
"(0.9208333333333332, 0.9958333333333332)",1,98.69166666666672,17370
"(0.9333333333333332, 0.9958333333333332)",1,98.69166666666672,17371
"(0.9625, 0.9958333333333332)",1,98.69166666666672,17372
"(0.9375, 0.9958333333333332)",1,98.6916666666667,17373
"(0.9208333333333332, 0.9916666666666668)",1,98.6916666666664,17374
"(0.8859649122807017, 0.9912280701754386)",1,98.68859649122804,17375
"(0.9375, 0.9958333333333332)",1,98.68750000000011,17376
"(0.9291666666666668, 0.9958333333333332)",1,98.6875000000001,17377
"(0.9333333333333332, 0.9958333333333332)",1,98.68750000000009,17378
"(0.9708333333333332, 0.9958333333333332)",1,98.68750000000009,17379
"(0.8625, 0.9958333333333332)",1,98.68750000000009,17380
"(0.9333333333333332, 0.9958333333333332)",1,98.68750000000009,17381
"(0.9375, 0.9958333333333332)",1,98.68750000000009,17382
"(0.9625, 0.9958333333333332)",1,98.68750000000009,17383
"(0.9833333333333332, 0.9958333333333332)",1,98.68750000000009,17384
"(0.85, 0.9958333333333332)",1,98.68750000000009,17385
"(0.9625, 0.9958333333333332)",1,98.68750000000006,17386
"(0.9166666666666666, 0.9958333333333332)",1,98.68750000000004,17387
"(0.8958333333333334, 0.9916666666666668)",2,98.68749999999976,17389
"(0.9125, 0.9916666666666668)",1,98.68749999999972,17390
"(0.8488372093023255, 0.9883720930232558)",1,98.68604651162808,17391
"(0.8255813953488372, 0.9883720930232558)",1,98.68604651162808,17392
"(0.7906976744186046, 0.9883720930232558)",1,98.68604651162808,17393
"(0.9186046511627908, 0.9883720930232558)",2,98.68604651162808,17395
"(0.7674418604651163, 1.0)",1,98.68604651162792,17396
"(0.872093023255814, 1.0)",1,98.68604651162792,17397
"(0.7325581395348837, 1.0)",1,98.68604651162792,17398
"(0.8255813953488372, 1.0)",2,98.6860465116279,17400
"(0.9429824561403508, 0.9912280701754386)",1,98.68421052631577,17401
"(0.9833333333333332, 0.9958333333333332)",1,98.68333333333344,17402
"(0.8916666666666667, 0.9958333333333332)",1,98.6833333333334,17403
"(0.9833333333333332, 0.9958333333333332)",1,98.6833333333334,17404
"(0.8958333333333334, 0.9958333333333332)",1,98.68333333333338,17405
"(0.9916666666666668, 0.9958333333333332)",1,98.68333333333337,17406
"(0.8166666666666667, 1.0)",1,98.68333333333334,17407
"(0.7166666666666667, 1.0)",3,98.68333333333334,17410
"(0.8666666666666667, 1.0)",1,98.68333333333334,17411
"(0.9333333333333332, 1.0)",1,98.68333333333334,17412
"(0.9666666666666668, 1.0)",1,98.68333333333334,17413
"(0.9833333333333332, 1.0)",3,98.68333333333334,17416
"(0.9208333333333332, 0.9875)",1,98.6833333333332,17417
"(0.975, 0.9875)",1,98.68333333333317,17418
"(0.925, 0.9916666666666668)",1,98.68333333333312,17419
"(0.9333333333333332, 0.9916666666666668)",1,98.68333333333308,17420
"(0.9027777777777778, 0.9861111111111112)",1,98.68055555555576,17421
"(0.7083333333333334, 1.0)",3,98.68055555555556,17424
"(0.6805555555555556, 1.0)",1,98.68055555555556,17425
"(0.9444444444444444, 1.0)",1,98.68055555555556,17426
"(0.6111111111111112, 1.0)",1,98.68055555555556,17427
"(0.8611111111111112, 1.0)",1,98.68055555555556,17428
"(0.9583333333333334, 1.0)",1,98.68055555555556,17429
"(0.8472222222222222, 1.0)",1,98.68055555555556,17430
"(0.8055555555555556, 1.0)",1,98.68055555555554,17431
"(0.7916666666666666, 1.0)",1,98.68055555555554,17432
"(0.8888888888888888, 1.0)",2,98.68055555555554,17434
"(0.9833333333333332, 0.9958333333333332)",1,98.6791666666668,17435
"(0.8916666666666667, 0.9958333333333332)",1,98.67916666666676,17436
"(0.95, 0.9958333333333332)",1,98.67916666666672,17437
"(0.9375, 0.9958333333333332)",1,98.6791666666667,17438
"(0.8958333333333334, 0.9875)",1,98.67916666666652,17439
"(0.9, 0.9916666666666668)",1,98.6791666666664,17440
"(0.8625, 0.9916666666666668)",1,98.6791666666664,17441
"(0.95, 0.9958333333333332)",1,98.67500000000013,17442
"(0.9291666666666668, 0.9958333333333332)",2,98.6750000000001,17444
"(0.975, 0.9958333333333332)",1,98.6750000000001,17445
"(0.9916666666666668, 0.9958333333333332)",1,98.6750000000001,17446
"(0.9458333333333332, 0.9958333333333332)",2,98.6750000000001,17448
"(0.9333333333333332, 0.9958333333333332)",1,98.6750000000001,17449
"(0.9708333333333332, 0.9958333333333332)",1,98.67500000000008,17450
"(0.8625, 0.9958333333333332)",1,98.67500000000008,17451
"(0.9666666666666668, 0.9958333333333332)",2,98.67500000000008,17453
"(0.9375, 0.9958333333333332)",1,98.67500000000004,17454
"(0.8875, 0.9875)",1,98.67499999999993,17455
"(0.95, 0.9916666666666668)",1,98.67499999999971,17456
"(0.872093023255814, 0.9883720930232558)",1,98.67441860465132,17457
"(0.8255813953488372, 1.0)",1,98.67441860465117,17458
"(0.8372093023255814, 1.0)",1,98.67441860465117,17459
"(0.7441860465116279, 1.0)",1,98.67441860465117,17460
"(0.6162790697674418, 1.0)",1,98.67441860465117,17461
"(0.4883720930232558, 1.0)",1,98.67441860465117,17462
"(0.9625, 0.9958333333333332)",1,98.6708333333334,17463
"(0.8791666666666667, 0.9958333333333332)",1,98.6708333333334,17464
"(0.8375, 0.9958333333333332)",1,98.6708333333334,17465
"(0.9875, 0.9958333333333332)",1,98.67083333333336,17466
"(0.9291666666666668, 0.9833333333333332)",1,98.6708333333333,17467
"(0.8958333333333334, 0.9916666666666668)",1,98.67083333333308,17468
"(0.8666666666666667, 0.9916666666666668)",1,98.67083333333306,17469
"(0.9375, 0.9916666666666668)",1,98.67083333333304,17470
"(0.9166666666666666, 0.9861111111111112)",1,98.66666666666688,17471
"(0.9833333333333332, 0.9958333333333332)",1,98.66666666666676,17472
"(0.925, 0.9958333333333332)",1,98.66666666666671,17473
"(0.9, 0.9958333333333332)",1,98.66666666666671,17474
"(0.8625, 0.9958333333333332)",1,98.6666666666667,17475
"(0.9333333333333332, 1.0)",1,98.66666666666669,17476
"(0.7777777777777778, 1.0)",1,98.66666666666669,17477
"(0.8611111111111112, 1.0)",1,98.66666666666669,17478
"(1.0, 1.0)",3,98.66666666666669,17481
"(0.8666666666666667, 1.0)",1,98.66666666666669,17482
"(0.7777777777777778, 1.0)",2,98.66666666666666,17484
"(0.8333333333333334, 1.0)",4,98.66666666666666,17488
"(0.75, 1.0)",2,98.66666666666666,17490
"(0.7638888888888888, 1.0)",1,98.66666666666666,17491
"(0.9583333333333334, 1.0)",1,98.66666666666666,17492
"(0.85, 1.0)",1,98.66666666666666,17493
"(1.0, 1.0)",1,98.66666666666666,17494
"(0.9, 1.0)",1,98.66666666666666,17495
"(0.9666666666666668, 1.0)",1,98.66666666666666,17496
"(0.8611111111111112, 1.0)",1,98.66666666666666,17497
"(0.9027777777777778, 1.0)",1,98.66666666666666,17498
"(0.9833333333333332, 1.0)",1,98.66666666666666,17499
"(0.9444444444444444, 1.0)",2,98.66666666666666,17501
"(0.8194444444444444, 1.0)",1,98.66666666666666,17502
"(0.95, 1.0)",1,98.66666666666666,17503
"(0.8888888888888888, 1.0)",1,98.66666666666666,17504
"(0.8958333333333334, 0.9916666666666668)",1,98.66666666666642,17505
"(0.9208333333333332, 0.9916666666666668)",1,98.6666666666664,17506
"(0.9333333333333332, 0.9916666666666668)",1,98.66666666666636,17507
"(0.9208333333333332, 0.9916666666666668)",1,98.66666666666636,17508
"(0.9418604651162792, 0.9883720930232558)",1,98.66279069767458,17509
"(0.8255813953488372, 1.0)",1,98.66279069767442,17510
"(0.6395348837209303, 1.0)",1,98.6627906976744,17511
"(0.872093023255814, 1.0)",1,98.6627906976744,17512
"(0.8488372093023255, 1.0)",1,98.6627906976744,17513
"(0.9186046511627908, 1.0)",1,98.6627906976744,17514
"(0.7906976744186046, 1.0)",1,98.6627906976744,17515
"(0.9791666666666666, 0.9958333333333332)",1,98.66250000000008,17516
"(0.9416666666666668, 0.9958333333333332)",1,98.66250000000008,17517
"(0.9375, 0.9958333333333332)",2,98.66250000000008,17519
"(0.9375, 0.9958333333333332)",1,98.66250000000008,17520
"(0.9916666666666668, 0.9958333333333332)",1,98.66250000000008,17521
"(0.875, 0.9958333333333332)",2,98.66250000000008,17523
"(0.875, 0.9958333333333332)",1,98.66250000000004,17524
"(0.9875, 0.9958333333333332)",1,98.66250000000004,17525
"(0.9583333333333334, 0.9958333333333332)",1,98.66250000000004,17526
"(0.9916666666666668, 0.9958333333333332)",1,98.66250000000004,17527
"(0.9375, 0.9916666666666668)",1,98.66249999999977,17528
"(0.95, 0.9958333333333332)",1,98.65833333333345,17529
"(0.925, 0.9958333333333332)",1,98.6583333333334,17530
"(0.9, 0.9958333333333332)",1,98.6583333333334,17531
"(0.9916666666666668, 0.9958333333333332)",1,98.65833333333336,17532
"(0.975, 1.0)",1,98.6583333333333,17533
"(0.8625, 0.9916666666666668)",2,98.6583333333331,17535
"(0.9208333333333332, 0.9916666666666668)",1,98.65833333333306,17536
"(0.9625, 0.9916666666666668)",1,98.65833333333303,17537
"(0.9875, 0.9958333333333332)",1,98.65416666666675,17538
"(0.95, 0.9916666666666668)",1,98.65416666666646,17539
"(0.9444444444444444, 0.9861111111111112)",1,98.65277777777798,17540
"(0.9583333333333334, 0.9861111111111112)",1,98.65277777777798,17541
"(0.8194444444444444, 1.0)",1,98.65277777777776,17542
"(0.6111111111111112, 1.0)",2,98.65277777777776,17544
"(0.9027777777777778, 1.0)",2,98.65277777777776,17546
"(0.8333333333333334, 1.0)",1,98.65277777777776,17547
"(0.6805555555555556, 1.0)",1,98.65277777777776,17548
"(0.9583333333333334, 1.0)",1,98.65277777777776,17549
"(0.75, 1.0)",1,98.65277777777776,17550
"(0.8055555555555556, 1.0)",1,98.65277777777776,17551
"(0.7638888888888888, 1.0)",1,98.65277777777776,17552
"(0.7083333333333334, 1.0)",2,98.65277777777776,17554
"(0.9305555555555556, 1.0)",3,98.65277777777776,17557
"(0.8888888888888888, 1.0)",1,98.65277777777776,17558
"(0.9166666666666666, 1.0)",2,98.65277777777776,17560
"(0.3372093023255814, 1.0)",1,98.65116279069768,17561
"(0.627906976744186, 1.0)",1,98.65116279069768,17562
"(0.4883720930232558, 1.0)",1,98.65116279069768,17563
"(0.872093023255814, 1.0)",1,98.65116279069768,17564
"(0.6162790697674418, 1.0)",1,98.65116279069768,17565
"(0.9833333333333332, 0.9958333333333332)",2,98.65000000000012,17567
"(0.9625, 0.9958333333333332)",1,98.65000000000012,17568
"(0.85, 0.9958333333333332)",1,98.65000000000008,17569
"(0.9, 0.9958333333333332)",1,98.65000000000008,17570
"(0.8625, 0.9958333333333332)",1,98.65000000000003,17571
"(0.9875, 0.9958333333333332)",1,98.65000000000003,17572
"(0.9875, 0.9958333333333332)",2,98.65000000000003,17574
"(0.8333333333333334, 1.0)",1,98.65,17575
"(0.8666666666666667, 1.0)",1,98.65,17576
"(0.7166666666666667, 1.0)",1,98.65,17577
"(0.6666666666666666, 1.0)",1,98.65,17578
"(0.85, 1.0)",2,98.65,17580
"(0.9, 1.0)",2,98.65,17582
"(0.8833333333333333, 1.0)",1,98.65,17583
"(0.8833333333333333, 1.0)",1,98.65,17584
"(1.0, 1.0)",2,98.65,17586
"(1.0, 1.0)",1,98.64999999999996,17587
"(0.8875, 0.9875)",1,98.64999999999988,17588
"(0.925, 0.9875)",2,98.64999999999984,17590
"(0.9125, 0.9916666666666668)",1,98.64999999999976,17591
"(0.925, 0.9916666666666668)",1,98.64999999999972,17592
"(0.8859649122807017, 0.9912280701754386)",1,98.64912280701752,17593
"(0.9375, 0.9958333333333332)",1,98.6458333333334,17594
"(0.9041666666666668, 0.9958333333333332)",1,98.6458333333334,17595
"(0.8625, 0.9958333333333332)",1,98.6458333333334,17596
"(0.9375, 0.9958333333333332)",1,98.64583333333336,17597
"(0.9, 0.9958333333333332)",1,98.64583333333336,17598
"(0.9458333333333332, 0.9833333333333332)",2,98.64583333333331,17600
"(0.975, 1.0)",1,98.64583333333329,17601
"(0.8458333333333333, 0.9875)",1,98.64583333333324,17602
"(0.9333333333333332, 0.9875)",1,98.64583333333316,17603
"(0.9291666666666668, 0.9958333333333332)",1,98.64166666666677,17604
"(0.9833333333333332, 0.9958333333333332)",1,98.64166666666677,17605
"(0.9458333333333332, 0.9958333333333332)",1,98.64166666666674,17606
"(0.9, 0.9958333333333332)",1,98.64166666666672,17607
"(0.8541666666666666, 0.9958333333333332)",1,98.64166666666672,17608
"(0.9, 0.9958333333333332)",1,98.6416666666667,17609
"(0.9958333333333332, 1.0)",1,98.64166666666662,17610
"(0.9666666666666668, 0.9875)",1,98.64166666666652,17611
"(0.975, 0.9875)",1,98.6416666666665,17612
"(0.9416666666666668, 0.9916666666666668)",1,98.6416666666664,17613
"(0.9078947368421052, 0.9912280701754386)",1,98.64035087719296,17614
"(0.8372093023255814, 0.9883720930232558)",1,98.6395348837211,17615
"(0.9186046511627908, 0.9883720930232558)",1,98.6395348837211,17616
"(0.8255813953488372, 1.0)",1,98.63953488372093,17617
"(0.3372093023255814, 1.0)",1,98.63953488372093,17618
"(0.8837209302325582, 1.0)",1,98.63953488372093,17619
"(0.7083333333333334, 1.0)",1,98.63888888888889,17620
"(0.9444444444444444, 1.0)",1,98.63888888888889,17621
"(0.8333333333333334, 1.0)",2,98.63888888888889,17623
"(0.8888888888888888, 1.0)",1,98.63888888888889,17624
"(0.9027777777777778, 1.0)",1,98.63888888888889,17625
"(0.7361111111111112, 1.0)",1,98.63888888888889,17626
"(0.8611111111111112, 1.0)",1,98.63888888888889,17627
"(0.8055555555555556, 1.0)",1,98.63888888888889,17628
"(0.8194444444444444, 1.0)",1,98.63888888888889,17629
"(0.6805555555555556, 1.0)",1,98.63888888888889,17630
"(0.9166666666666666, 1.0)",1,98.63888888888889,17631
"(0.7777777777777778, 1.0)",1,98.63888888888889,17632
"(0.9583333333333334, 1.0)",1,98.63888888888889,17633
"(0.9305555555555556, 1.0)",2,98.63888888888889,17635
"(0.75, 1.0)",3,98.63888888888889,17638
"(0.9291666666666668, 0.9958333333333332)",1,98.6375000000001,17639
"(0.9541666666666668, 0.9958333333333332)",1,98.63750000000007,17640
"(0.9666666666666668, 0.9958333333333332)",1,98.63750000000007,17641
"(0.9625, 0.9958333333333332)",1,98.63750000000006,17642
"(0.85, 0.9958333333333332)",1,98.63750000000006,17643
"(0.9333333333333332, 0.9958333333333332)",1,98.63750000000005,17644
"(0.9666666666666668, 0.9958333333333332)",1,98.63750000000005,17645
"(0.9791666666666666, 1.0)",1,98.63749999999996,17646
"(0.9291666666666668, 0.9875)",1,98.63749999999985,17647
"(0.9541666666666668, 0.9875)",1,98.63749999999985,17648
"(0.9, 0.9875)",1,98.63749999999985,17649
"(0.8625, 0.9916666666666668)",1,98.63749999999978,17650
"(0.95, 0.9916666666666668)",1,98.63749999999972,17651
"(0.8859649122807017, 0.9912280701754386)",1,98.63596491228068,17652
"(0.9083333333333332, 0.9958333333333332)",1,98.63333333333344,17653
"(0.975, 0.9958333333333332)",1,98.63333333333344,17654
"(0.9375, 0.9958333333333332)",1,98.63333333333344,17655
"(0.9416666666666668, 0.9958333333333332)",1,98.6333333333334,17656
"(0.975, 0.9958333333333332)",1,98.63333333333338,17657
"(0.95, 0.9958333333333332)",1,98.63333333333338,17658
"(0.9916666666666668, 0.9958333333333332)",1,98.63333333333335,17659
"(0.9833333333333332, 0.9958333333333332)",1,98.63333333333335,17660
"(0.7166666666666667, 1.0)",1,98.63333333333333,17661
"(0.9, 1.0)",2,98.63333333333333,17663
"(0.9666666666666668, 1.0)",1,98.63333333333333,17664
"(0.9458333333333332, 0.9833333333333332)",1,98.63333333333333,17665
"(0.85, 1.0)",1,98.63333333333333,17666
"(0.8, 1.0)",2,98.63333333333333,17668
"(0.8833333333333333, 1.0)",2,98.63333333333333,17670
"(1.0, 1.0)",1,98.63333333333333,17671
"(0.8333333333333334, 1.0)",1,98.63333333333333,17672
"(0.9291666666666668, 0.9875)",1,98.63333333333318,17673
"(0.925, 0.9875)",1,98.63333333333318,17674
"(0.9125, 0.9875)",1,98.63333333333316,17675
"(0.9708333333333332, 0.9875)",1,98.63333333333316,17676
"(0.9125, 0.9916666666666668)",1,98.63333333333306,17677
"(0.9916666666666668, 0.9958333333333332)",2,98.62916666666676,17679
"(0.9, 0.9958333333333332)",1,98.62916666666676,17680
"(0.9791666666666666, 0.9958333333333332)",1,98.62916666666676,17681
"(0.9916666666666668, 0.9958333333333332)",1,98.62916666666672,17682
"(0.9625, 0.9875)",1,98.6291666666665,17683
"(0.8958333333333334, 0.9875)",1,98.62916666666648,17684
"(0.9, 0.9875)",1,98.62916666666648,17685
"(0.9375, 0.9916666666666668)",1,98.62916666666638,17686
"(0.8916666666666667, 0.9916666666666668)",1,98.62916666666638,17687
"(0.9186046511627908, 1.0)",1,98.6279069767442,17688
"(0.8837209302325582, 1.0)",1,98.6279069767442,17689
"(0.4651162790697674, 1.0)",2,98.6279069767442,17691
"(0.9473684210526316, 0.9912280701754386)",1,98.62719298245612,17692
"(0.9166666666666666, 0.9861111111111112)",2,98.6250000000002,17694
"(0.9444444444444444, 0.9861111111111112)",1,98.6250000000002,17695
"(0.9305555555555556, 0.9861111111111112)",1,98.6250000000002,17696
"(0.8541666666666666, 0.9958333333333332)",2,98.62500000000009,17698
"(0.9041666666666668, 0.9958333333333332)",1,98.62500000000009,17699
"(0.9125, 0.9958333333333332)",1,98.62500000000006,17700
"(0.9208333333333332, 0.9958333333333332)",1,98.62500000000006,17701
"(0.9583333333333334, 0.9958333333333332)",1,98.62500000000004,17702
"(0.95, 0.9958333333333332)",1,98.62500000000004,17703
"(0.8625, 0.9958333333333332)",1,98.62500000000004,17704
"(0.9791666666666666, 0.9958333333333332)",1,98.62500000000004,17705
"(0.9305555555555556, 1.0)",2,98.625,17707
"(0.7083333333333334, 1.0)",1,98.625,17708
"(0.8472222222222222, 1.0)",1,98.625,17709
"(0.8333333333333334, 1.0)",2,98.625,17711
"(0.8611111111111112, 1.0)",2,98.625,17713
"(0.9583333333333334, 1.0)",1,98.625,17714
"(0.875, 1.0)",2,98.625,17716
"(0.8194444444444444, 1.0)",3,98.625,17719
"(0.9375, 0.9875)",1,98.62499999999986,17720
"(0.9416666666666668, 0.9875)",1,98.62499999999984,17721
"(0.9375, 0.9916666666666668)",1,98.62499999999976,17722
"(0.9, 0.9916666666666668)",1,98.62499999999974,17723
"(0.9375, 0.9916666666666668)",1,98.62499999999972,17724
"(0.7719298245614035, 0.9912280701754386)",1,98.62280701754383,17725
"(0.9833333333333332, 0.9958333333333332)",1,98.62083333333344,17726
"(0.95, 0.9958333333333332)",1,98.62083333333342,17727
"(0.9625, 0.9958333333333332)",1,98.6208333333334,17728
"(0.8791666666666667, 0.9958333333333332)",1,98.6208333333334,17729
"(0.8541666666666666, 0.9958333333333332)",1,98.62083333333338,17730
"(0.9875, 0.9958333333333332)",1,98.62083333333337,17731
"(0.9416666666666668, 0.9875)",1,98.62083333333318,17732
"(0.9083333333333332, 0.9875)",1,98.62083333333318,17733
"(0.9, 0.9875)",2,98.62083333333318,17735
"(0.9291666666666668, 0.9916666666666668)",1,98.62083333333308,17736
"(0.9833333333333332, 0.9958333333333332)",1,98.61666666666676,17737
"(0.9333333333333332, 0.9958333333333332)",1,98.61666666666672,17738
"(0.8625, 0.9958333333333332)",1,98.61666666666672,17739
"(0.85, 1.0)",2,98.61666666666667,17741
"(0.8666666666666667, 1.0)",2,98.61666666666667,17743
"(0.8, 1.0)",1,98.61666666666667,17744
"(1.0, 1.0)",2,98.61666666666667,17746
"(0.8833333333333333, 1.0)",1,98.61666666666667,17747
"(0.8333333333333334, 1.0)",1,98.61666666666667,17748
"(0.7833333333333333, 1.0)",1,98.61666666666666,17749
"(0.9, 0.9875)",1,98.61666666666652,17750
"(0.9333333333333332, 0.9875)",1,98.6166666666665,17751
"(0.825, 0.9916666666666668)",1,98.61666666666642,17752
"(0.9541666666666668, 0.9916666666666668)",1,98.6166666666664,17753
"(0.872093023255814, 1.0)",1,98.61627906976744,17754
"(0.4651162790697674, 1.0)",1,98.61627906976744,17755
"(0.6162790697674418, 1.0)",1,98.61627906976744,17756
"(0.9186046511627908, 1.0)",1,98.61627906976744,17757
"(0.9791666666666666, 0.9958333333333332)",1,98.61250000000013,17758
"(0.9333333333333332, 0.9958333333333332)",1,98.6125000000001,17759
"(0.9125, 0.9958333333333332)",2,98.6125000000001,17761
"(0.95, 0.9958333333333332)",1,98.61250000000008,17762
"(0.975, 0.9958333333333332)",1,98.61250000000008,17763
"(0.95, 0.9958333333333332)",1,98.61250000000008,17764
"(0.9083333333333332, 0.9958333333333332)",1,98.61250000000008,17765
"(0.9916666666666668, 0.9958333333333332)",2,98.61250000000004,17767
"(0.9833333333333332, 0.9958333333333332)",1,98.61250000000004,17768
"(0.925, 0.9875)",2,98.61249999999986,17770
"(0.9291666666666668, 0.9916666666666668)",1,98.61249999999971,17771
"(0.9583333333333334, 1.0)",1,98.61111111111111,17772
"(0.7638888888888888, 1.0)",2,98.61111111111111,17774
"(0.8888888888888888, 1.0)",4,98.61111111111111,17778
"(0.8194444444444444, 1.0)",1,98.61111111111111,17779
"(0.8333333333333334, 1.0)",2,98.61111111111111,17781
"(0.9444444444444444, 1.0)",2,98.61111111111111,17783
"(0.8611111111111112, 1.0)",2,98.61111111111111,17785
"(0.9305555555555556, 1.0)",2,98.61111111111111,17787
"(0.8472222222222222, 1.0)",2,98.61111111111111,17789
"(0.9027777777777778, 1.0)",1,98.61111111111111,17790
"(0.7361111111111112, 1.0)",2,98.61111111111111,17792
"(0.6805555555555556, 1.0)",1,98.61111111111111,17793
"(0.9035087719298246, 0.9912280701754386)",4,98.609649122807,17797
"(0.975, 0.9958333333333332)",1,98.60833333333348,17798
"(0.95, 0.9958333333333332)",1,98.60833333333343,17799
"(0.8625, 0.9958333333333332)",2,98.60833333333343,17801
"(0.9125, 0.9958333333333332)",1,98.60833333333343,17802
"(0.9958333333333332, 0.9958333333333332)",1,98.6083333333334,17803
"(0.8375, 0.9958333333333332)",1,98.60833333333338,17804
"(0.9875, 1.0)",1,98.60833333333328,17805
"(0.95, 0.9875)",1,98.60833333333318,17806
"(0.9125, 0.9875)",1,98.60833333333316,17807
"(0.9, 0.9875)",1,98.60833333333316,17808
"(0.9333333333333332, 0.9916666666666668)",1,98.60833333333312,17809
"(0.8833333333333333, 0.9916666666666668)",1,98.60833333333304,17810
"(0.9385964912280702, 0.9912280701754386)",1,98.60526315789473,17811
"(0.7441860465116279, 0.9883720930232558)",1,98.60465116279086,17812
"(0.872093023255814, 0.9883720930232558)",1,98.60465116279086,17813
"(0.8255813953488372, 0.9883720930232558)",1,98.60465116279086,17814
"(0.9302325581395348, 0.9883720930232558)",1,98.60465116279086,17815
"(0.6162790697674418, 1.0)",3,98.6046511627907,17818
"(0.7674418604651163, 1.0)",2,98.6046511627907,17820
"(0.627906976744186, 1.0)",1,98.6046511627907,17821
"(0.9958333333333332, 0.9958333333333332)",1,98.60416666666676,17822
"(0.8958333333333334, 0.9958333333333332)",1,98.60416666666676,17823
"(0.975, 0.9958333333333332)",1,98.60416666666676,17824
"(0.9375, 0.9958333333333332)",1,98.60416666666674,17825
"(0.825, 0.9958333333333332)",2,98.60416666666674,17827
"(0.9958333333333332, 0.9958333333333332)",2,98.60416666666671,17829
"(0.975, 0.9958333333333332)",1,98.6041666666667,17830
"(1.0, 1.0)",1,98.6041666666666,17831
"(0.9375, 0.9875)",1,98.60416666666652,17832
"(0.8859649122807017, 0.9912280701754386)",1,98.60087719298244,17833
"(0.9375, 0.9958333333333332)",1,98.60000000000012,17834
"(0.9041666666666668, 0.9958333333333332)",1,98.6000000000001,17835
"(0.8958333333333334, 0.9958333333333332)",1,98.6000000000001,17836
"(0.9875, 0.9958333333333332)",1,98.60000000000008,17837
"(0.9583333333333334, 0.9958333333333332)",1,98.60000000000008,17838
"(0.9791666666666666, 0.9958333333333332)",1,98.60000000000004,17839
"(0.875, 0.9958333333333332)",1,98.60000000000004,17840
"(1.0, 1.0)",4,98.6,17844
"(0.9166666666666666, 1.0)",1,98.6,17845
"(0.8833333333333333, 1.0)",1,98.6,17846
"(0.8666666666666667, 1.0)",1,98.6,17847
"(0.7833333333333333, 1.0)",1,98.6,17848
"(0.9416666666666668, 0.9875)",1,98.59999999999984,17849
"(0.9444444444444444, 0.9861111111111112)",1,98.59722222222244,17850
"(0.9305555555555556, 0.9861111111111112)",2,98.59722222222244,17852
"(0.8333333333333334, 0.9861111111111112)",1,98.59722222222244,17853
"(0.9444444444444444, 1.0)",1,98.59722222222224,17854
"(0.7777777777777778, 1.0)",1,98.59722222222224,17855
"(0.9305555555555556, 1.0)",2,98.59722222222224,17857
"(0.8333333333333334, 1.0)",1,98.59722222222224,17858
"(0.7083333333333334, 1.0)",2,98.59722222222224,17860
"(0.875, 1.0)",1,98.59722222222224,17861
"(0.8888888888888888, 1.0)",2,98.59722222222224,17863
"(0.8194444444444444, 1.0)",1,98.59722222222224,17864
"(0.7916666666666666, 1.0)",2,98.59722222222224,17866
"(0.9027777777777778, 1.0)",1,98.59722222222224,17867
"(0.6944444444444444, 1.0)",2,98.5972222222222,17869
"(0.7083333333333334, 1.0)",1,98.5972222222222,17870
"(0.8333333333333334, 1.0)",1,98.5972222222222,17871
"(0.9385964912280702, 0.9912280701754386)",1,98.59649122807016,17872
"(0.9035087719298246, 0.9912280701754386)",3,98.59649122807016,17875
"(0.9375, 0.9791666666666666)",1,98.59583333333345,17876
"(0.975, 0.9958333333333332)",1,98.59583333333345,17877
"(0.9291666666666668, 0.9958333333333332)",1,98.59583333333345,17878
"(0.9875, 0.9958333333333332)",1,98.59583333333342,17879
"(0.8625, 0.9958333333333332)",1,98.59583333333342,17880
"(0.875, 0.9958333333333332)",1,98.59583333333342,17881
"(0.9291666666666668, 0.9958333333333332)",1,98.5958333333334,17882
"(0.9208333333333332, 0.9958333333333332)",1,98.5958333333334,17883
"(0.9583333333333334, 0.9958333333333332)",1,98.59583333333336,17884
"(0.9166666666666666, 0.9958333333333332)",1,98.59583333333336,17885
"(0.9791666666666666, 0.9958333333333332)",1,98.59583333333336,17886
"(0.975, 1.0)",1,98.59583333333332,17887
"(0.95, 0.9875)",1,98.59583333333316,17888
"(0.9291666666666668, 0.9916666666666668)",2,98.5958333333331,17890
"(0.9541666666666668, 0.9916666666666668)",1,98.59583333333306,17891
"(0.9186046511627908, 0.9883720930232558)",1,98.59302325581412,17892
"(0.872093023255814, 0.9883720930232558)",1,98.59302325581412,17893
"(0.7674418604651163, 0.9883720930232558)",1,98.59302325581412,17894
"(0.6046511627906976, 1.0)",1,98.59302325581396,17895
"(0.9375, 0.9958333333333332)",2,98.59166666666675,17897
"(0.9208333333333332, 0.9958333333333332)",1,98.59166666666674,17898
"(0.825, 0.9958333333333332)",1,98.59166666666673,17899
"(0.9791666666666666, 0.9958333333333332)",1,98.5916666666667,17900
"(0.9166666666666666, 0.9875)",1,98.59166666666653,17901
"(0.9208333333333332, 0.9875)",1,98.59166666666653,17902
"(0.925, 0.9875)",1,98.5916666666665,17903
"(0.9291666666666668, 0.9875)",1,98.5916666666665,17904
"(0.9125, 0.9916666666666668)",1,98.59166666666644,17905
"(0.9208333333333332, 0.9958333333333332)",1,98.5875000000001,17906
"(0.9916666666666668, 0.9958333333333332)",1,98.5875000000001,17907
"(0.8666666666666667, 0.9958333333333332)",1,98.58750000000008,17908
"(0.9291666666666668, 0.9958333333333332)",1,98.58750000000008,17909
"(0.9583333333333334, 0.9958333333333332)",1,98.58750000000008,17910
"(0.9958333333333332, 0.9958333333333332)",1,98.58750000000008,17911
"(0.9208333333333332, 0.9958333333333332)",1,98.58750000000008,17912
"(0.975, 0.9958333333333332)",1,98.58750000000008,17913
"(0.9041666666666668, 0.9958333333333332)",1,98.58750000000006,17914
"(0.9291666666666668, 0.9958333333333332)",1,98.58750000000006,17915
"(0.9916666666666668, 0.9958333333333332)",1,98.58750000000003,17916
"(0.9, 0.9875)",1,98.58749999999984,17917
"(0.9416666666666668, 0.9875)",1,98.58749999999984,17918
"(0.9208333333333332, 0.9916666666666668)",1,98.58749999999972,17919
"(0.7371212121212121, 1.0)",1,98.58409090909092,17920
"(0.9444444444444444, 0.9861111111111112)",1,98.58333333333354,17921
"(0.7777777777777778, 0.9861111111111112)",1,98.58333333333354,17922
"(0.9027777777777778, 0.9861111111111112)",1,98.58333333333354,17923
"(0.9722222222222222, 0.9861111111111112)",2,98.58333333333351,17925
"(0.9444444444444444, 0.9861111111111112)",1,98.58333333333351,17926
"(0.9041666666666668, 0.9958333333333332)",1,98.58333333333344,17927
"(0.9875, 0.9958333333333332)",1,98.5833333333334,17928
"(0.9125, 0.9958333333333332)",1,98.5833333333334,17929
"(0.9916666666666668, 0.9958333333333332)",1,98.5833333333334,17930
"(0.8611111111111112, 1.0)",1,98.58333333333334,17931
"(0.7361111111111112, 1.0)",2,98.58333333333334,17933
"(0.8333333333333334, 1.0)",1,98.58333333333334,17934
"(0.9166666666666666, 1.0)",1,98.58333333333334,17935
"(0.7666666666666667, 1.0)",2,98.58333333333334,17937
"(1.0, 1.0)",1,98.58333333333334,17938
"(0.75, 1.0)",1,98.58333333333334,17939
"(0.7777777777777778, 1.0)",1,98.58333333333334,17940
"(0.9027777777777778, 1.0)",2,98.58333333333334,17942
"(0.8888888888888888, 1.0)",1,98.58333333333334,17943
"(0.7083333333333334, 1.0)",1,98.58333333333334,17944
"(0.7638888888888888, 1.0)",2,98.58333333333334,17946
"(0.9666666666666668, 1.0)",1,98.58333333333331,17947
"(0.8333333333333334, 1.0)",1,98.58333333333331,17948
"(0.8166666666666667, 1.0)",1,98.58333333333331,17949
"(0.7763157894736842, 0.9912280701754386)",1,98.58333333333331,17950
"(0.9833333333333332, 1.0)",2,98.58333333333331,17952
"(0.9, 1.0)",1,98.58333333333331,17953
"(0.875, 1.0)",2,98.58333333333331,17955
"(0.8611111111111112, 1.0)",1,98.58333333333331,17956
"(0.75, 1.0)",2,98.58333333333331,17958
"(0.7777777777777778, 1.0)",2,98.58333333333331,17960
"(0.7083333333333334, 1.0)",2,98.58333333333331,17962
"(0.9027777777777778, 1.0)",1,98.58333333333331,17963
"(0.9, 0.9875)",1,98.58333333333314,17964
"(0.925, 0.9916666666666668)",1,98.5833333333331,17965
"(0.8958333333333334, 0.9916666666666668)",1,98.58333333333304,17966
"(0.9302325581395348, 0.9883720930232558)",2,98.58139534883738,17968
"(0.9186046511627908, 1.0)",2,98.5813953488372,17970
"(0.4069767441860465, 1.0)",1,98.5813953488372,17971
"(0.9125, 0.9958333333333332)",1,98.57916666666677,17972
"(0.9833333333333332, 0.9958333333333332)",2,98.57916666666677,17974
"(0.9375, 0.9958333333333332)",1,98.57916666666677,17975
"(0.9833333333333332, 0.9958333333333332)",2,98.57916666666674,17977
"(0.875, 0.9958333333333332)",1,98.57916666666674,17978
"(0.9041666666666668, 0.9958333333333332)",2,98.57916666666672,17980
"(0.9208333333333332, 0.9958333333333332)",1,98.57916666666672,17981
"(0.975, 0.9958333333333332)",1,98.57916666666672,17982
"(0.95, 0.9958333333333332)",1,98.57916666666672,17983
"(0.8958333333333334, 0.9958333333333332)",1,98.57916666666672,17984
"(0.8791666666666667, 0.9958333333333332)",1,98.57916666666668,17985
"(0.9375, 0.9875)",1,98.5791666666665,17986
"(0.9625, 0.9916666666666668)",1,98.57916666666635,17987
"(0.9916666666666668, 0.9958333333333332)",1,98.57500000000012,17988
"(0.9583333333333334, 0.9958333333333332)",1,98.57500000000012,17989
"(0.9583333333333334, 0.9958333333333332)",1,98.57500000000012,17990
"(0.9375, 0.9958333333333332)",1,98.57500000000007,17991
"(0.9375, 0.9958333333333332)",1,98.57500000000006,17992
"(0.9, 0.9958333333333332)",1,98.57500000000006,17993
"(0.9791666666666666, 0.9958333333333332)",1,98.57500000000006,17994
"(0.9208333333333332, 0.9958333333333332)",1,98.57500000000005,17995
"(0.925, 0.9875)",1,98.57499999999985,17996
"(0.9416666666666668, 0.9916666666666668)",1,98.57499999999976,17997
"(0.9791666666666666, 0.9958333333333332)",1,98.57083333333344,17998
"(0.9375, 0.9958333333333332)",1,98.5708333333334,17999
"(0.9791666666666666, 0.9958333333333332)",1,98.5708333333334,18000
"(0.9208333333333332, 0.9958333333333332)",1,98.57083333333335,18001
"(0.9166666666666666, 0.9875)",1,98.57083333333318,18002
"(0.9291666666666668, 0.9875)",1,98.57083333333316,18003
"(0.95, 0.9875)",1,98.57083333333316,18004
"(0.9291666666666668, 0.9875)",1,98.57083333333316,18005
"(0.925, 0.9875)",1,98.57083333333316,18006
"(0.9125, 0.9916666666666668)",1,98.57083333333304,18007
"(0.7149122807017544, 0.9912280701754386)",1,98.57017543859648,18008
"(0.9186046511627908, 0.9883720930232558)",1,98.56976744186063,18009
"(0.9302325581395348, 0.9883720930232558)",2,98.56976744186063,18011
"(0.8837209302325582, 0.9883720930232558)",1,98.56976744186063,18012
"(0.8837209302325582, 0.9883720930232558)",1,98.56976744186062,18013
"(0.4651162790697674, 1.0)",1,98.56976744186046,18014
"(0.8194444444444444, 0.9861111111111112)",3,98.56944444444466,18017
"(0.9305555555555556, 0.9861111111111112)",2,98.56944444444464,18019
"(0.8888888888888888, 1.0)",1,98.56944444444444,18020
"(0.75, 1.0)",1,98.56944444444444,18021
"(0.7916666666666666, 1.0)",1,98.56944444444444,18022
"(0.7083333333333334, 1.0)",1,98.56944444444444,18023
"(0.9444444444444444, 1.0)",1,98.56944444444444,18024
"(0.8472222222222222, 1.0)",1,98.56944444444444,18025
"(0.9166666666666666, 1.0)",1,98.56944444444444,18026
"(0.9583333333333334, 1.0)",5,98.56944444444444,18031
"(0.9027777777777778, 1.0)",2,98.56944444444444,18033
"(0.625, 1.0)",1,98.56944444444444,18034
"(0.8194444444444444, 1.0)",1,98.56944444444444,18035
"(0.8333333333333334, 1.0)",1,98.56944444444444,18036
"(0.925, 0.9958333333333332)",1,98.56666666666676,18037
"(0.9875, 0.9958333333333332)",2,98.56666666666672,18039
"(0.95, 0.9833333333333332)",1,98.56666666666672,18040
"(0.9708333333333332, 0.9958333333333332)",1,98.56666666666668,18041
"(0.85, 1.0)",3,98.56666666666666,18044
"(0.8166666666666667, 1.0)",1,98.56666666666666,18045
"(0.7333333333333333, 1.0)",1,98.56666666666666,18046
"(0.9833333333333332, 1.0)",2,98.56666666666666,18048
"(0.9166666666666666, 1.0)",1,98.56666666666666,18049
"(0.925, 0.9833333333333332)",1,98.56666666666666,18050
"(0.8666666666666667, 1.0)",2,98.56666666666666,18052
"(0.9333333333333332, 1.0)",2,98.56666666666666,18054
"(0.8833333333333333, 1.0)",1,98.56666666666666,18055
"(0.9666666666666668, 1.0)",1,98.56666666666666,18056
"(0.7166666666666667, 1.0)",1,98.56666666666666,18057
"(0.8333333333333334, 1.0)",1,98.56666666666666,18058
"(1.0, 1.0)",1,98.56666666666666,18059
"(0.9, 0.9875)",1,98.5666666666665,18060
"(0.925, 0.9875)",1,98.5666666666665,18061
"(0.9208333333333332, 0.9875)",1,98.56666666666648,18062
"(0.7149122807017544, 0.9912280701754386)",1,98.5657894736842,18063
"(0.9375, 0.9958333333333332)",1,98.56250000000011,18064
"(0.9, 0.9958333333333332)",1,98.56250000000011,18065
"(0.8625, 0.9958333333333332)",1,98.56250000000011,18066
"(0.975, 0.9958333333333332)",1,98.56250000000011,18067
"(0.9833333333333332, 0.9958333333333332)",1,98.5625000000001,18068
"(0.9375, 0.9958333333333332)",1,98.56250000000009,18069
"(0.9875, 0.9958333333333332)",1,98.56250000000009,18070
"(0.95, 0.9833333333333332)",1,98.5625,18071
"(0.95, 0.9875)",2,98.5624999999999,18073
"(0.95, 0.9875)",1,98.56249999999989,18074
"(0.9083333333333332, 0.9875)",1,98.56249999999986,18075
"(0.9291666666666668, 0.9875)",1,98.56249999999984,18076
"(0.8958333333333334, 0.9875)",1,98.56249999999984,18077
"(0.925, 0.9875)",1,98.56249999999984,18078
"(0.9208333333333332, 0.9875)",1,98.56249999999984,18079
"(0.8541666666666666, 0.9916666666666668)",2,98.56249999999976,18081
"(0.9291666666666668, 0.9916666666666668)",1,98.56249999999976,18082
"(0.95, 0.9916666666666668)",1,98.56249999999972,18083
"(0.925438596491228, 0.9912280701754386)",1,98.56140350877192,18084
"(0.9375, 0.9958333333333332)",1,98.55833333333344,18085
"(0.9708333333333332, 0.9958333333333332)",1,98.55833333333344,18086
"(0.9916666666666668, 0.9958333333333332)",1,98.5583333333334,18087
"(0.8375, 0.9958333333333332)",2,98.5583333333334,18089
"(0.9625, 0.9958333333333332)",1,98.55833333333338,18090
"(0.9208333333333332, 0.9833333333333332)",2,98.55833333333337,18092
"(0.9125, 0.9875)",1,98.5583333333332,18093
"(0.9166666666666666, 0.9875)",1,98.55833333333318,18094
"(0.9291666666666668, 0.9875)",1,98.55833333333318,18095
"(0.8958333333333334, 0.9875)",1,98.55833333333317,18096
"(0.9583333333333334, 0.9875)",1,98.55833333333317,18097
"(0.9125, 0.9875)",1,98.55833333333317,18098
"(0.95, 0.9875)",1,98.55833333333317,18099
"(0.9125, 0.9875)",1,98.55833333333317,18100
"(0.9375, 0.9916666666666668)",1,98.5583333333331,18101
"(0.9125, 0.9916666666666668)",1,98.55833333333308,18102
"(0.9333333333333332, 0.9916666666666668)",1,98.55833333333304,18103
"(0.8255813953488372, 0.9883720930232558)",1,98.55813953488388,18104
"(0.8953488372093024, 0.9883720930232558)",3,98.55813953488388,18107
"(0.7674418604651163, 0.9883720930232558)",2,98.55813953488388,18109
"(0.8552631578947368, 0.9912280701754386)",1,98.55701754385964,18110
"(0.7149122807017544, 0.9912280701754386)",1,98.55701754385964,18111
"(0.9027777777777778, 0.9861111111111112)",2,98.55555555555576,18113
"(0.8194444444444444, 0.9861111111111112)",2,98.55555555555576,18115
"(0.9444444444444444, 0.9861111111111112)",2,98.55555555555576,18117
"(0.9305555555555556, 0.9861111111111112)",1,98.55555555555576,18118
"(0.8611111111111112, 1.0)",1,98.55555555555556,18119
"(0.8888888888888888, 1.0)",2,98.55555555555556,18121
"(0.7777777777777778, 1.0)",3,98.55555555555556,18124
"(0.8472222222222222, 1.0)",1,98.55555555555556,18125
"(0.7361111111111112, 1.0)",3,98.55555555555556,18128
"(0.625, 1.0)",1,98.55555555555556,18129
"(0.7083333333333334, 1.0)",1,98.55555555555556,18130
"(0.8333333333333334, 1.0)",1,98.55555555555556,18131
"(0.75, 1.0)",2,98.55555555555556,18133
"(0.975, 0.9958333333333332)",1,98.5541666666668,18134
"(0.8958333333333334, 0.9958333333333332)",1,98.55416666666676,18135
"(0.9625, 0.9958333333333332)",1,98.55416666666676,18136
"(0.9333333333333332, 0.9958333333333332)",1,98.55416666666676,18137
"(0.9458333333333332, 0.9958333333333332)",1,98.55416666666676,18138
"(0.975, 0.9958333333333332)",1,98.55416666666672,18139
"(0.9791666666666666, 0.9958333333333332)",1,98.55416666666672,18140
"(0.9791666666666666, 0.9958333333333332)",1,98.5541666666667,18141
"(0.9125, 0.9875)",1,98.55416666666652,18142
"(0.9125, 0.9916666666666668)",1,98.55416666666646,18143
"(0.9416666666666668, 0.9916666666666668)",1,98.55416666666638,18144
"(0.706140350877193, 0.9912280701754386)",1,98.55263157894736,18145
"(0.8717948717948718, 1.0)",3,98.55128205128206,18148
"(0.9375, 0.9958333333333332)",2,98.55000000000013,18150
"(0.9625, 0.9958333333333332)",2,98.55000000000013,18152
"(0.9458333333333332, 0.9958333333333332)",1,98.55000000000013,18153
"(0.9833333333333332, 0.9958333333333332)",1,98.5500000000001,18154
"(1.0, 0.9833333333333332)",1,98.55000000000008,18155
"(0.9875, 0.9958333333333332)",1,98.55000000000008,18156
"(0.9125, 0.9958333333333332)",2,98.55000000000008,18158
"(0.8833333333333333, 1.0)",1,98.55,18159
"(0.95, 1.0)",1,98.55,18160
"(0.9333333333333332, 1.0)",1,98.55,18161
"(0.8458333333333333, 0.9875)",2,98.54999999999988,18163
"(0.8958333333333334, 0.9875)",1,98.54999999999984,18164
"(0.9166666666666666, 0.9875)",1,98.54999999999984,18165
"(0.9416666666666668, 0.9875)",1,98.54999999999984,18166
"(0.9, 0.9916666666666668)",1,98.54999999999971,18167
"(0.8552631578947368, 0.9912280701754386)",1,98.54824561403508,18168
"(0.9429824561403508, 0.9912280701754386)",3,98.54824561403508,18171
"(0.9302325581395348, 0.9883720930232558)",1,98.54651162790714,18172
"(0.8837209302325582, 0.9883720930232558)",2,98.54651162790714,18174
"(0.9418604651162792, 0.9883720930232558)",2,98.54651162790714,18176
"(0.9186046511627908, 1.0)",1,98.54651162790698,18177
"(0.925, 0.9958333333333332)",2,98.54583333333346,18179
"(0.95, 0.9958333333333332)",1,98.54583333333343,18180
"(0.8625, 0.9958333333333332)",1,98.54583333333343,18181
"(0.9791666666666666, 0.9958333333333332)",2,98.54583333333342,18183
"(0.9375, 0.9958333333333332)",1,98.54583333333342,18184
"(0.975, 0.9958333333333332)",1,98.5458333333334,18185
"(0.975, 0.9958333333333332)",1,98.54583333333338,18186
"(0.9875, 0.9958333333333332)",1,98.54583333333336,18187
"(0.9083333333333332, 0.9875)",1,98.54583333333326,18188
"(0.9375, 0.9875)",3,98.54583333333316,18191
"(0.9291666666666668, 0.9916666666666668)",1,98.54583333333308,18192
"(0.8958333333333334, 0.9916666666666668)",1,98.54583333333306,18193
"(0.9429824561403508, 0.9912280701754386)",1,98.5438596491228,18194
"(0.8472222222222222, 0.9861111111111112)",2,98.54166666666688,18196
"(0.8888888888888888, 0.9861111111111112)",1,98.54166666666688,18197
"(0.9444444444444444, 0.9861111111111112)",3,98.54166666666688,18200
"(0.8333333333333334, 0.9861111111111112)",4,98.54166666666688,18204
"(0.9305555555555556, 0.9861111111111112)",1,98.54166666666688,18205
"(0.9333333333333332, 0.9958333333333332)",1,98.5416666666667,18206
"(0.9791666666666666, 0.9958333333333332)",1,98.5416666666667,18207
"(0.7777777777777778, 1.0)",2,98.54166666666669,18209
"(0.9027777777777778, 1.0)",1,98.54166666666669,18210
"(0.8194444444444444, 1.0)",1,98.54166666666669,18211
"(0.5972222222222222, 1.0)",1,98.54166666666669,18212
"(0.9305555555555556, 1.0)",1,98.54166666666669,18213
"(0.7083333333333334, 1.0)",1,98.54166666666666,18214
"(0.7777777777777778, 1.0)",1,98.54166666666666,18215
"(0.9166666666666666, 1.0)",2,98.54166666666666,18217
"(0.6111111111111112, 1.0)",1,98.54166666666666,18218
"(0.9583333333333334, 1.0)",2,98.54166666666666,18220
"(0.875, 1.0)",3,98.54166666666666,18223
"(0.8055555555555556, 1.0)",1,98.54166666666666,18224
"(0.6805555555555556, 1.0)",2,98.54166666666666,18226
"(0.8888888888888888, 1.0)",2,98.54166666666666,18228
"(0.8611111111111112, 1.0)",1,98.54166666666666,18229
"(0.8333333333333334, 1.0)",1,98.54166666666666,18230
"(0.9208333333333332, 0.9833333333333332)",1,98.54166666666664,18231
"(0.9333333333333332, 0.9875)",1,98.54166666666652,18232
"(0.8958333333333334, 0.9875)",1,98.54166666666649,18233
"(0.9333333333333332, 0.9916666666666668)",1,98.54166666666644,18234
"(0.9083333333333332, 0.9916666666666668)",1,98.54166666666642,18235
"(0.9208333333333332, 0.9916666666666668)",1,98.54166666666642,18236
"(0.8916666666666667, 0.9916666666666668)",1,98.5416666666664,18237
"(0.9916666666666668, 0.9958333333333332)",2,98.5375000000001,18239
"(0.9708333333333332, 0.9958333333333332)",1,98.53750000000004,18240
"(0.8958333333333334, 0.9875)",2,98.53749999999984,18242
"(0.9416666666666668, 0.9916666666666668)",1,98.53749999999974,18243
"(0.9166666666666666, 0.9916666666666668)",1,98.53749999999972,18244
"(0.7149122807017544, 0.9912280701754386)",1,98.53508771929825,18245
"(0.7674418604651163, 0.9883720930232558)",2,98.5348837209304,18247
"(0.8255813953488372, 0.9883720930232558)",1,98.5348837209304,18248
"(0.8953488372093024, 0.9883720930232558)",1,98.5348837209304,18249
"(0.9418604651162792, 0.9883720930232558)",2,98.5348837209304,18251
"(0.9302325581395348, 0.9883720930232558)",2,98.5348837209304,18253
"(0.4651162790697674, 1.0)",1,98.53488372093022,18254
"(0.9186046511627908, 1.0)",1,98.53488372093022,18255
"(0.8625, 0.9958333333333332)",1,98.53333333333345,18256
"(0.9875, 0.9958333333333332)",1,98.53333333333345,18257
"(0.9916666666666668, 0.9958333333333332)",1,98.53333333333342,18258
"(0.9, 0.9833333333333332)",1,98.5333333333334,18259
"(0.9125, 0.9958333333333332)",1,98.5333333333334,18260
"(1.0, 0.9833333333333332)",1,98.5333333333334,18261
"(0.8625, 0.9958333333333332)",1,98.5333333333334,18262
"(0.9791666666666666, 0.9958333333333332)",1,98.53333333333336,18263
"(0.95, 1.0)",1,98.53333333333332,18264
"(1.0, 1.0)",1,98.53333333333332,18265
"(0.8833333333333333, 1.0)",1,98.53333333333332,18266
"(0.7166666666666667, 1.0)",1,98.53333333333332,18267
"(0.9, 1.0)",1,98.53333333333332,18268
"(0.9666666666666668, 1.0)",1,98.53333333333332,18269
"(0.9833333333333332, 1.0)",1,98.53333333333332,18270
"(0.9166666666666666, 1.0)",1,98.53333333333332,18271
"(0.95, 0.9875)",2,98.53333333333325,18273
"(0.9333333333333332, 0.9875)",1,98.5333333333332,18274
"(0.95, 0.9875)",1,98.5333333333332,18275
"(0.8916666666666667, 0.9916666666666668)",1,98.53333333333308,18276
"(0.7428030303030303, 1.0)",1,98.53219696969695,18277
"(0.8552631578947368, 0.9912280701754386)",1,98.53070175438594,18278
"(0.9625, 0.9958333333333332)",1,98.52916666666678,18279
"(0.9875, 0.9958333333333332)",2,98.52916666666675,18281
"(0.9, 0.9958333333333332)",1,98.52916666666675,18282
"(0.9041666666666668, 0.9958333333333332)",1,98.52916666666674,18283
"(0.9208333333333332, 0.9833333333333332)",1,98.5291666666667,18284
"(0.9666666666666668, 0.9833333333333332)",1,98.52916666666668,18285
"(0.9958333333333332, 1.0)",1,98.5291666666666,18286
"(0.9166666666666666, 0.9875)",1,98.52916666666653,18287
"(0.8916666666666667, 0.9875)",2,98.5291666666665,18289
"(0.925, 0.9875)",1,98.5291666666665,18290
"(0.95, 0.9875)",2,98.5291666666665,18292
"(0.8958333333333334, 0.9875)",1,98.5291666666665,18293
"(0.9333333333333332, 0.9875)",1,98.5291666666665,18294
"(0.9125, 0.9875)",2,98.5291666666665,18296
"(0.7638888888888888, 0.9861111111111112)",1,98.52777777777798,18297
"(0.75, 0.9861111111111112)",1,98.52777777777798,18298
"(0.9166666666666666, 0.9861111111111112)",1,98.52777777777798,18299
"(0.9444444444444444, 0.9861111111111112)",1,98.52777777777798,18300
"(0.8055555555555556, 0.9861111111111112)",1,98.52777777777798,18301
"(0.8611111111111112, 0.9861111111111112)",1,98.52777777777798,18302
"(0.8472222222222222, 1.0)",1,98.5277777777778,18303
"(0.6944444444444444, 1.0)",1,98.52777777777776,18304
"(0.7916666666666666, 1.0)",1,98.52777777777776,18305
"(0.9305555555555556, 1.0)",1,98.52777777777776,18306
"(0.8888888888888888, 1.0)",1,98.52777777777776,18307
"(0.7083333333333334, 1.0)",1,98.52777777777776,18308
"(0.8611111111111112, 1.0)",3,98.52777777777776,18311
"(0.9166666666666666, 1.0)",1,98.52777777777776,18312
"(0.7777777777777778, 1.0)",1,98.52777777777776,18313
"(0.9444444444444444, 1.0)",1,98.52777777777776,18314
"(0.8194444444444444, 1.0)",2,98.52777777777776,18316
"(0.9791666666666666, 0.9958333333333332)",1,98.52500000000012,18317
"(0.9583333333333334, 0.9958333333333332)",1,98.52500000000012,18318
"(0.9916666666666668, 0.9958333333333332)",1,98.5250000000001,18319
"(0.9791666666666666, 0.9958333333333332)",1,98.5250000000001,18320
"(0.9708333333333332, 0.9958333333333332)",1,98.5250000000001,18321
"(0.9125, 0.9958333333333332)",1,98.52500000000008,18322
"(0.975, 0.9958333333333332)",1,98.52500000000008,18323
"(0.95, 0.9958333333333332)",1,98.52500000000008,18324
"(0.9791666666666666, 0.9958333333333332)",1,98.52500000000006,18325
"(0.9208333333333332, 0.9875)",2,98.52499999999984,18327
"(0.95, 0.9875)",2,98.52499999999984,18329
"(0.9, 0.9875)",1,98.52499999999982,18330
"(0.9208333333333332, 0.9916666666666668)",1,98.52499999999976,18331
"(0.9302325581395348, 0.9883720930232558)",1,98.52325581395364,18332
"(0.7906976744186046, 0.9883720930232558)",1,98.52325581395364,18333
"(0.7674418604651163, 1.0)",1,98.52325581395348,18334
"(0.3372093023255814, 1.0)",1,98.52325581395348,18335
"(0.5930232558139535, 1.0)",1,98.52325581395348,18336
"(0.9875, 0.9958333333333332)",1,98.52083333333346,18337
"(0.975, 0.9958333333333332)",1,98.52083333333344,18338
"(0.85, 0.9958333333333332)",1,98.52083333333344,18339
"(0.825, 0.9958333333333332)",1,98.5208333333334,18340
"(0.8916666666666667, 0.9958333333333332)",1,98.5208333333334,18341
"(0.9, 0.9875)",1,98.5208333333332,18342
"(0.95, 0.9875)",1,98.5208333333332,18343
"(0.925, 0.9875)",1,98.5208333333332,18344
"(0.9375, 0.9875)",1,98.52083333333316,18345
"(0.9291666666666668, 0.9875)",1,98.52083333333316,18346
"(0.9041666666666668, 0.9916666666666668)",1,98.52083333333309,18347
"(0.8833333333333333, 0.9916666666666668)",1,98.52083333333304,18348
"(0.5458333333333333, 1.0)",1,98.52045454545456,18349
"(0.7675438596491229, 0.9912280701754386)",1,98.51754385964912,18350
"(0.925438596491228, 0.9912280701754386)",2,98.51754385964912,18352
"(0.9041666666666668, 0.9791666666666666)",2,98.5166666666668,18354
"(0.9958333333333332, 0.9958333333333332)",1,98.51666666666678,18355
"(0.9291666666666668, 0.9958333333333332)",1,98.51666666666677,18356
"(0.9083333333333332, 0.9958333333333332)",1,98.51666666666677,18357
"(0.9125, 0.9958333333333332)",1,98.51666666666674,18358
"(1.0, 0.9833333333333332)",3,98.51666666666674,18361
"(0.9875, 0.9958333333333332)",1,98.51666666666672,18362
"(0.9291666666666668, 0.9958333333333332)",1,98.51666666666672,18363
"(0.9125, 0.9958333333333332)",1,98.51666666666672,18364
"(0.9916666666666668, 0.9958333333333332)",1,98.51666666666672,18365
"(0.85, 1.0)",2,98.51666666666668,18367
"(0.9166666666666666, 1.0)",1,98.51666666666668,18368
"(0.8166666666666667, 1.0)",1,98.51666666666668,18369
"(0.7333333333333333, 1.0)",1,98.51666666666668,18370
"(1.0, 1.0)",4,98.51666666666668,18374
"(0.9833333333333332, 1.0)",2,98.51666666666668,18376
"(0.8, 1.0)",1,98.51666666666668,18377
"(0.925, 0.9875)",1,98.5166666666665,18378
"(0.95, 0.9875)",1,98.5166666666665,18379
"(0.9125, 0.9875)",1,98.5166666666665,18380
"(0.9166666666666666, 0.9916666666666668)",1,98.5166666666664,18381
"(0.543939393939394, 0.9992424242424244)",3,98.51477272727274,18384
"(0.9166666666666666, 0.9861111111111112)",1,98.5138888888891,18385
"(0.7638888888888888, 0.9861111111111112)",1,98.5138888888891,18386
"(0.8472222222222222, 0.9861111111111112)",1,98.5138888888891,18387
"(0.7777777777777778, 0.9861111111111112)",4,98.5138888888891,18391
"(0.9027777777777778, 0.9861111111111112)",1,98.51388888888908,18392
"(0.9166666666666666, 0.9861111111111112)",1,98.51388888888908,18393
"(0.8611111111111112, 0.9861111111111112)",1,98.51388888888908,18394
"(0.9444444444444444, 0.9861111111111112)",4,98.51388888888908,18398
"(0.6805555555555556, 1.0)",1,98.51388888888889,18399
"(0.8194444444444444, 1.0)",2,98.51388888888889,18401
"(0.7222222222222222, 1.0)",1,98.51388888888889,18402
"(0.7083333333333334, 1.0)",3,98.51388888888889,18405
"(0.8333333333333334, 1.0)",1,98.51388888888889,18406
"(0.9305555555555556, 1.0)",1,98.51388888888889,18407
"(0.9444444444444444, 1.0)",1,98.51388888888889,18408
"(0.625, 1.0)",1,98.51388888888889,18409
"(0.8611111111111112, 1.0)",3,98.51388888888889,18412
"(0.8055555555555556, 1.0)",4,98.51388888888889,18416
"(0.8472222222222222, 1.0)",1,98.51388888888889,18417
"(0.9583333333333334, 1.0)",2,98.51388888888889,18419
"(1.0, 0.9958333333333332)",1,98.51250000000012,18420
"(0.9291666666666668, 0.9958333333333332)",1,98.51250000000007,18421
"(0.9208333333333332, 0.9833333333333332)",1,98.5125,18422
"(0.975, 1.0)",1,98.51249999999996,18423
"(0.8916666666666667, 0.9875)",1,98.51249999999986,18424
"(0.9, 0.9875)",1,98.51249999999985,18425
"(0.9375, 0.9875)",1,98.51249999999985,18426
"(0.9208333333333332, 0.9875)",1,98.51249999999985,18427
"(0.8916666666666667, 0.9875)",1,98.51249999999985,18428
"(0.95, 0.9875)",1,98.51249999999985,18429
"(0.925, 0.9916666666666668)",1,98.51249999999976,18430
"(0.8837209302325582, 0.9883720930232558)",3,98.51162790697693,18433
"(0.8604651162790697, 0.9883720930232558)",1,98.5116279069769,18434
"(0.8837209302325582, 0.9883720930232558)",1,98.5116279069769,18435
"(0.8488372093023255, 0.9883720930232558)",1,98.5116279069769,18436
"(0.8953488372093024, 0.9883720930232558)",1,98.5116279069769,18437
"(0.3372093023255814, 1.0)",2,98.51162790697674,18439
"(0.6162790697674418, 1.0)",1,98.51162790697674,18440
"(0.4651162790697674, 1.0)",1,98.51162790697674,18441
"(0.9708333333333332, 0.9958333333333332)",1,98.50833333333344,18442
"(0.9458333333333332, 0.9958333333333332)",1,98.5083333333334,18443
"(0.9208333333333332, 0.9958333333333332)",2,98.5083333333334,18445
"(0.8625, 0.9958333333333332)",1,98.5083333333334,18446
"(0.9291666666666668, 0.9958333333333332)",1,98.50833333333338,18447
"(0.9, 0.9875)",1,98.50833333333324,18448
"(0.95, 0.9875)",1,98.50833333333318,18449
"(0.925, 0.9875)",1,98.50833333333316,18450
"(0.925, 0.9875)",1,98.50833333333316,18451
"(0.9583333333333334, 0.9875)",1,98.50833333333316,18452
"(0.9429824561403508, 0.9912280701754386)",2,98.50438596491226,18454
"(0.9458333333333332, 0.9958333333333332)",1,98.5041666666668,18455
"(0.925, 0.9958333333333332)",1,98.50416666666676,18456
"(0.9791666666666666, 0.9958333333333332)",1,98.50416666666676,18457
"(0.8958333333333334, 0.9958333333333332)",1,98.50416666666676,18458
"(0.9958333333333332, 0.9958333333333332)",1,98.50416666666672,18459
"(0.9208333333333332, 0.9958333333333332)",1,98.5041666666667,18460
"(0.9833333333333332, 1.0)",1,98.50416666666663,18461
"(0.9125, 0.9875)",1,98.50416666666648,18462
"(0.9375, 0.9916666666666668)",1,98.5041666666664,18463
"(0.8194444444444444, 0.9861111111111112)",1,98.5000000000002,18464
"(0.9166666666666666, 0.9861111111111112)",3,98.5000000000002,18467
"(0.9444444444444444, 0.9861111111111112)",1,98.5000000000002,18468
"(0.8472222222222222, 0.9861111111111112)",1,98.5000000000002,18469
"(0.9722222222222222, 0.9861111111111112)",1,98.5000000000002,18470
"(0.8888888888888888, 0.9861111111111112)",1,98.5000000000002,18471
"(0.8837209302325582, 0.9883720930232558)",2,98.50000000000016,18473
"(0.7441860465116279, 0.9883720930232558)",1,98.50000000000016,18474
"(0.8953488372093024, 0.9883720930232558)",1,98.50000000000016,18475
"(0.8372093023255814, 0.9883720930232558)",1,98.50000000000016,18476
"(0.9418604651162792, 0.9883720930232558)",1,98.50000000000016,18477
"(0.9418604651162792, 0.9883720930232558)",3,98.50000000000016,18480
"(0.8604651162790697, 0.9883720930232558)",1,98.50000000000016,18481
"(0.9708333333333332, 0.9958333333333332)",1,98.50000000000011,18482
"(0.9666666666666668, 0.9833333333333332)",2,98.50000000000009,18484
"(0.95, 0.9833333333333332)",1,98.50000000000009,18485
"(0.925, 0.9958333333333332)",1,98.50000000000009,18486
"(1.0, 0.9833333333333332)",2,98.50000000000009,18488
"(0.8541666666666666, 0.9958333333333332)",1,98.50000000000009,18489
"(0.975, 0.9958333333333332)",1,98.50000000000004,18490
"(0.7638888888888888, 1.0)",1,98.5,18491
"(0.8333333333333334, 1.0)",1,98.5,18492
"(0.8611111111111112, 1.0)",1,98.5,18493
"(0.7674418604651163, 1.0)",2,98.5,18495
"(0.8205128205128205, 1.0)",1,98.5,18496
"(0.7083333333333334, 1.0)",1,98.5,18497
"(0.7906976744186046, 1.0)",1,98.5,18498
"(0.85, 1.0)",1,98.5,18499
"(0.8717948717948718, 1.0)",1,98.5,18500
"(0.8888888888888888, 1.0)",1,98.5,18501
"(1.0, 1.0)",1,98.5,18502
"(0.9166666666666666, 1.0)",1,98.5,18503
"(0.9833333333333332, 1.0)",2,98.5,18505
"(0.875, 1.0)",1,98.5,18506
"(0.9305555555555556, 1.0)",4,98.5,18510
"(0.9444444444444444, 1.0)",1,98.5,18511
"(0.4651162790697674, 1.0)",1,98.5,18512
"(0.9027777777777778, 1.0)",1,98.5,18513
"(0.6805555555555556, 1.0)",1,98.5,18514
"(0.7916666666666666, 1.0)",1,98.5,18515
"(0.8472222222222222, 1.0)",1,98.5,18516
"(0.8708333333333333, 0.9875)",1,98.49999999999986,18517
"(0.9291666666666668, 0.9875)",1,98.49999999999984,18518
"(0.9916666666666668, 0.9958333333333332)",1,98.49583333333344,18519
"(0.95, 0.9958333333333332)",1,98.4958333333334,18520
"(0.9291666666666668, 0.9958333333333332)",1,98.4958333333334,18521
"(0.9208333333333332, 0.9958333333333332)",1,98.49583333333337,18522
"(0.9458333333333332, 0.9833333333333332)",1,98.49583333333332,18523
"(0.9666666666666668, 1.0)",1,98.49583333333328,18524
"(0.95, 0.9875)",2,98.49583333333322,18526
"(0.9, 0.9875)",1,98.49583333333318,18527
"(0.95, 0.9875)",1,98.49583333333318,18528
"(0.9291666666666668, 0.9875)",1,98.49583333333317,18529
"(0.9625, 0.9875)",1,98.49583333333317,18530
"(0.9208333333333332, 0.9916666666666668)",1,98.49583333333308,18531
"(0.8552631578947368, 0.9912280701754386)",1,98.4956140350877,18532
"(0.9429824561403508, 0.9912280701754386)",1,98.4956140350877,18533
"(0.765530303030303, 1.0)",1,98.4935606060606,18534
"(0.9583333333333334, 0.9958333333333332)",1,98.4916666666668,18535
"(0.9833333333333332, 0.9958333333333332)",1,98.49166666666676,18536
"(0.8916666666666667, 0.9958333333333332)",1,98.49166666666676,18537
"(0.9833333333333332, 0.9958333333333332)",1,98.49166666666676,18538
"(0.85, 0.9958333333333332)",1,98.49166666666676,18539
"(0.9208333333333332, 0.9791666666666666)",2,98.49166666666676,18541
"(0.9875, 0.9958333333333332)",1,98.4916666666667,18542
"(0.9291666666666668, 0.9833333333333332)",1,98.49166666666666,18543
"(0.8833333333333333, 0.9875)",2,98.49166666666652,18545
"(0.925, 0.9875)",1,98.49166666666652,18546
"(0.9, 0.9875)",1,98.4916666666665,18547
"(0.9208333333333332, 0.9916666666666668)",1,98.49166666666645,18548
"(0.9625, 0.9916666666666668)",1,98.49166666666642,18549
"(0.95, 0.9916666666666668)",1,98.4916666666664,18550
"(0.9473684210526316, 0.9912280701754386)",2,98.49122807017542,18552
"(0.872093023255814, 0.9883720930232558)",1,98.48837209302344,18553
"(0.627906976744186, 0.9883720930232558)",1,98.48837209302344,18554
"(0.8953488372093024, 0.9883720930232558)",3,98.4883720930234,18557
"(0.8837209302325582, 0.9883720930232558)",2,98.4883720930234,18559
"(0.8604651162790697, 0.9883720930232558)",3,98.4883720930234,18562
"(0.9302325581395348, 0.9883720930232558)",1,98.4883720930234,18563
"(0.9418604651162792, 0.9883720930232558)",1,98.4883720930234,18564
"(0.8255813953488372, 1.0)",2,98.48837209302326,18566
"(0.9041666666666668, 0.9958333333333332)",1,98.48750000000014,18567
"(0.975, 0.9958333333333332)",1,98.48750000000013,18568
"(0.9833333333333332, 0.9958333333333332)",1,98.4875000000001,18569
"(0.975, 0.9958333333333332)",1,98.48750000000008,18570
"(0.9125, 0.9958333333333332)",2,98.48750000000008,18572
"(0.9208333333333332, 0.9958333333333332)",1,98.48750000000004,18573
"(0.9791666666666666, 0.9958333333333332)",1,98.48750000000004,18574
"(0.9125, 0.9833333333333332)",1,98.48749999999994,18575
"(0.8916666666666667, 0.9875)",1,98.4874999999999,18576
"(0.9, 0.9875)",1,98.48749999999984,18577
"(0.9666666666666668, 0.9916666666666668)",1,98.4874999999998,18578
"(0.7435897435897436, 1.0)",1,98.48717948717947,18579
"(0.9078947368421052, 0.9912280701754386)",2,98.48684210526314,18581
"(0.9166666666666666, 0.9861111111111112)",1,98.48611111111131,18582
"(0.9722222222222222, 0.9861111111111112)",1,98.48611111111131,18583
"(0.8888888888888888, 0.9861111111111112)",2,98.48611111111131,18585
"(0.9444444444444444, 0.9861111111111112)",3,98.48611111111131,18588
"(0.9305555555555556, 0.9861111111111112)",1,98.48611111111131,18589
"(0.9027777777777778, 0.9861111111111112)",1,98.48611111111131,18590
"(0.7916666666666666, 1.0)",1,98.48611111111111,18591
"(0.7083333333333334, 1.0)",1,98.48611111111111,18592
"(0.75, 1.0)",1,98.48611111111111,18593
"(0.8333333333333334, 1.0)",1,98.48611111111111,18594
"(0.8055555555555556, 1.0)",1,98.48611111111111,18595
"(0.8194444444444444, 1.0)",2,98.48611111111111,18597
"(0.9722222222222222, 1.0)",1,98.48611111111111,18598
"(0.9583333333333334, 1.0)",1,98.48611111111111,18599
"(0.7777777777777778, 1.0)",1,98.48611111111111,18600
"(0.9027777777777778, 1.0)",1,98.48611111111111,18601
"(0.8611111111111112, 1.0)",1,98.48611111111111,18602
"(1.0, 0.9833333333333332)",3,98.4833333333334,18605
"(0.9666666666666668, 0.9833333333333332)",1,98.4833333333334,18606
"(0.95, 0.9833333333333332)",1,98.4833333333334,18607
"(0.925, 0.9958333333333332)",1,98.4833333333334,18608
"(0.6833333333333333, 1.0)",1,98.48333333333332,18609
"(0.8666666666666667, 1.0)",1,98.48333333333332,18610
"(0.9833333333333332, 1.0)",1,98.48333333333332,18611
"(0.8166666666666667, 1.0)",1,98.48333333333332,18612
"(0.9333333333333332, 1.0)",2,98.48333333333332,18614
"(0.7333333333333333, 1.0)",1,98.48333333333332,18615
"(0.9, 1.0)",1,98.48333333333332,18616
"(0.925, 0.9875)",1,98.4833333333332,18617
"(0.9375, 0.9875)",1,98.48333333333318,18618
"(0.8958333333333334, 0.9875)",1,98.48333333333316,18619
"(0.925, 0.9875)",1,98.48333333333316,18620
"(0.9, 0.9875)",1,98.48333333333316,18621
"(0.925438596491228, 0.9912280701754386)",1,98.48245614035083,18622
"(0.925, 0.9958333333333332)",1,98.4791666666668,18623
"(0.8541666666666666, 0.9958333333333332)",1,98.4791666666668,18624
"(0.9833333333333332, 0.9958333333333332)",1,98.47916666666676,18625
"(0.9166666666666666, 0.9958333333333332)",1,98.47916666666676,18626
"(0.9458333333333332, 0.9958333333333332)",1,98.47916666666674,18627
"(0.9125, 0.9875)",2,98.4791666666665,18629
"(0.925, 0.9875)",1,98.47916666666649,18630
"(0.9291666666666668, 0.9875)",1,98.47916666666649,18631
"(0.8958333333333334, 0.9916666666666668)",1,98.47916666666644,18632
"(0.8916666666666667, 0.9916666666666668)",1,98.47916666666644,18633
"(0.9375, 0.9916666666666668)",1,98.47916666666644,18634
"(0.95, 0.9916666666666668)",1,98.4791666666664,18635
"(0.9041666666666668, 0.9916666666666668)",1,98.47916666666636,18636
"(0.8958333333333334, 0.9916666666666668)",1,98.47916666666636,18637
"(0.9385964912280702, 0.9912280701754386)",3,98.47807017543856,18640
"(0.6621212121212121, 1.0)",1,98.47727272727272,18641
"(0.8023255813953488, 0.9883720930232558)",1,98.47674418604667,18642
"(0.8604651162790697, 0.9883720930232558)",1,98.47674418604667,18643
"(0.8837209302325582, 0.9883720930232558)",4,98.47674418604667,18647
"(0.9418604651162792, 0.9883720930232558)",2,98.47674418604667,18649
"(0.9302325581395348, 0.9883720930232558)",1,98.47674418604667,18650
"(0.8488372093023255, 0.9883720930232558)",2,98.47674418604667,18652
"(0.8953488372093024, 0.9883720930232558)",1,98.47674418604667,18653
"(0.4651162790697674, 1.0)",1,98.47674418604652,18654
"(0.975, 0.9958333333333332)",1,98.47500000000012,18655
"(0.9208333333333332, 0.9958333333333332)",1,98.4750000000001,18656
"(0.9291666666666668, 0.9958333333333332)",1,98.4750000000001,18657
"(0.9083333333333332, 0.9958333333333332)",1,98.4750000000001,18658
"(0.9833333333333332, 0.9958333333333332)",1,98.47500000000008,18659
"(0.9833333333333332, 0.9958333333333332)",1,98.47500000000004,18660
"(0.9791666666666666, 0.9958333333333332)",1,98.47500000000004,18661
"(0.925, 0.9833333333333332)",2,98.475,18663
"(0.975, 1.0)",1,98.47499999999997,18664
"(0.9458333333333332, 0.9875)",1,98.47499999999988,18665
"(0.9125, 0.9875)",1,98.47499999999988,18666
"(0.9208333333333332, 0.9875)",2,98.47499999999984,18668
"(0.6410256410256411, 1.0)",1,98.47435897435898,18669
"(0.925438596491228, 0.9912280701754386)",1,98.4736842105263,18670
"(0.9429824561403508, 0.9912280701754386)",1,98.4736842105263,18671
"(0.9722222222222222, 0.9861111111111112)",1,98.47222222222244,18672
"(0.7638888888888888, 0.9861111111111112)",1,98.47222222222244,18673
"(0.7222222222222222, 0.9861111111111112)",1,98.47222222222244,18674
"(0.8333333333333334, 0.9861111111111112)",2,98.47222222222244,18676
"(0.9305555555555556, 0.9861111111111112)",1,98.47222222222244,18677
"(0.8055555555555556, 0.9861111111111112)",1,98.47222222222244,18678
"(0.9027777777777778, 0.9861111111111112)",2,98.47222222222244,18680
"(0.9444444444444444, 0.9861111111111112)",2,98.47222222222244,18682
"(0.9583333333333334, 1.0)",1,98.47222222222224,18683
"(0.8194444444444444, 1.0)",2,98.47222222222224,18685
"(0.5972222222222222, 1.0)",2,98.47222222222224,18687
"(0.7638888888888888, 1.0)",1,98.47222222222224,18688
"(0.7916666666666666, 1.0)",1,98.47222222222224,18689
"(0.6111111111111112, 1.0)",1,98.47222222222224,18690
"(0.9305555555555556, 1.0)",1,98.4722222222222,18691
"(0.7361111111111112, 1.0)",2,98.4722222222222,18693
"(0.9875, 0.9958333333333332)",1,98.47083333333346,18694
"(0.9791666666666666, 0.9958333333333332)",1,98.47083333333345,18695
"(0.85, 0.9958333333333332)",1,98.47083333333345,18696
"(0.9208333333333332, 0.9791666666666666)",1,98.47083333333342,18697
"(0.9791666666666666, 0.9958333333333332)",1,98.47083333333336,18698
"(0.9916666666666668, 0.9958333333333332)",1,98.47083333333336,18699
"(0.9458333333333332, 0.9833333333333332)",1,98.47083333333336,18700
"(0.9166666666666666, 0.9875)",1,98.47083333333318,18701
"(0.8833333333333333, 0.9875)",1,98.47083333333318,18702
"(0.8958333333333334, 0.9875)",1,98.47083333333318,18703
"(0.8875, 0.9875)",1,98.47083333333316,18704
"(0.9166666666666666, 0.9875)",1,98.47083333333316,18705
"(0.9083333333333332, 0.9916666666666668)",1,98.47083333333308,18706
"(0.7303030303030303, 1.0)",1,98.46969696969695,18707
"(0.7105263157894737, 0.9912280701754386)",1,98.46929824561404,18708
"(0.6375, 1.0)",1,98.4689393939394,18709
"(0.8916666666666667, 0.9958333333333332)",1,98.46666666666675,18710
"(0.9208333333333332, 0.9958333333333332)",1,98.46666666666675,18711
"(0.8625, 0.9958333333333332)",1,98.46666666666675,18712
"(0.9458333333333332, 0.9791666666666666)",1,98.46666666666674,18713
"(0.9166666666666666, 0.9833333333333332)",2,98.46666666666674,18715
"(1.0, 0.9833333333333332)",3,98.46666666666674,18718
"(0.95, 0.9833333333333332)",1,98.46666666666674,18719
"(0.8625, 0.9958333333333332)",1,98.46666666666674,18720
"(0.875, 0.9958333333333332)",1,98.46666666666673,18721
"(0.9791666666666666, 0.9958333333333332)",2,98.46666666666673,18723
"(0.9333333333333332, 1.0)",1,98.46666666666668,18724
"(0.9458333333333332, 0.9833333333333332)",1,98.46666666666668,18725
"(0.8666666666666667, 1.0)",1,98.46666666666668,18726
"(0.7666666666666667, 1.0)",1,98.46666666666668,18727
"(0.8333333333333334, 1.0)",1,98.46666666666668,18728
"(1.0, 1.0)",2,98.46666666666668,18730
"(0.7166666666666667, 1.0)",1,98.46666666666668,18731
"(0.95, 1.0)",1,98.46666666666668,18732
"(0.8166666666666667, 1.0)",2,98.46666666666668,18734
"(0.9125, 0.9875)",1,98.4666666666665,18735
"(0.8958333333333334, 0.9916666666666668)",1,98.46666666666636,18736
"(0.8488372093023255, 0.9883720930232558)",1,98.46511627906992,18737
"(0.872093023255814, 0.9883720930232558)",1,98.46511627906992,18738
"(0.8488372093023255, 0.9883720930232558)",1,98.46511627906992,18739
"(0.8604651162790697, 0.9883720930232558)",6,98.46511627906992,18745
"(0.9302325581395348, 0.9883720930232558)",1,98.46511627906992,18746
"(0.9186046511627908, 0.9883720930232558)",1,98.46511627906992,18747
"(0.8255813953488372, 0.9883720930232558)",2,98.46511627906992,18749
"(0.7674418604651163, 0.9883720930232558)",1,98.46511627906992,18750
"(0.8953488372093024, 0.9883720930232558)",1,98.46511627906992,18751
"(0.2906976744186046, 1.0)",1,98.46511627906976,18752
"(0.7441860465116279, 1.0)",1,98.46511627906976,18753
"(0.7149122807017544, 0.9912280701754386)",3,98.46491228070174,18756
"(0.5431818181818182, 0.999621212121212)",2,98.4628787878788,18758
"(0.9916666666666668, 0.9958333333333332)",1,98.46250000000012,18759
"(0.9875, 0.9958333333333332)",1,98.4625000000001,18760
"(0.9791666666666666, 0.9958333333333332)",1,98.46250000000003,18761
"(0.9791666666666666, 0.9958333333333332)",1,98.46250000000003,18762
"(0.9291666666666668, 0.9875)",1,98.46249999999984,18763
"(0.9541666666666668, 0.9875)",1,98.46249999999984,18764
"(0.9, 0.9875)",1,98.46249999999984,18765
"(0.925, 0.9875)",1,98.46249999999982,18766
"(0.9375, 0.9916666666666668)",1,98.46249999999974,18767
"(0.8717948717948718, 1.0)",1,98.46153846153848,18768
"(0.6041666666666666, 0.999621212121212)",1,98.4594696969697,18769
"(0.9305555555555556, 0.9861111111111112)",1,98.45833333333354,18770
"(0.8333333333333334, 0.9861111111111112)",1,98.45833333333354,18771
"(0.9444444444444444, 0.9861111111111112)",3,98.45833333333351,18774
"(0.875, 0.9861111111111112)",1,98.45833333333351,18775
"(0.8888888888888888, 0.9861111111111112)",1,98.45833333333351,18776
"(0.9722222222222222, 0.9861111111111112)",1,98.45833333333351,18777
"(0.8958333333333334, 0.9958333333333332)",1,98.45833333333344,18778
"(0.9708333333333332, 0.9958333333333332)",1,98.45833333333336,18779
"(0.625, 1.0)",1,98.45833333333334,18780
"(0.8333333333333334, 1.0)",1,98.45833333333334,18781
"(0.6944444444444444, 1.0)",1,98.45833333333331,18782
"(0.9305555555555556, 1.0)",1,98.45833333333331,18783
"(0.7222222222222222, 1.0)",2,98.45833333333331,18785
"(0.8472222222222222, 1.0)",1,98.45833333333331,18786
"(0.8194444444444444, 1.0)",2,98.45833333333331,18788
"(0.9166666666666666, 1.0)",1,98.45833333333331,18789
"(0.625, 1.0)",1,98.45833333333331,18790
"(0.8888888888888888, 1.0)",1,98.45833333333331,18791
"(0.8333333333333334, 1.0)",1,98.45833333333331,18792
"(0.9583333333333334, 1.0)",1,98.45833333333331,18793
"(0.6111111111111112, 1.0)",1,98.45833333333331,18794
"(0.975, 1.0)",1,98.45833333333329,18795
"(0.9125, 0.9875)",1,98.4583333333332,18796
"(0.9666666666666668, 0.9875)",1,98.4583333333332,18797
"(0.9375, 0.9875)",1,98.4583333333332,18798
"(0.9208333333333332, 0.9875)",1,98.45833333333316,18799
"(0.9375, 0.9875)",1,98.45833333333316,18800
"(0.8833333333333333, 0.9916666666666668)",1,98.45833333333309,18801
"(0.925, 0.9916666666666668)",1,98.45833333333306,18802
"(0.8833333333333333, 0.9916666666666668)",1,98.45833333333304,18803
"(0.4356060606060606, 1.0)",3,98.4564393939394,18806
"(0.9375, 0.9958333333333332)",1,98.45416666666677,18807
"(0.95, 0.9833333333333332)",1,98.4541666666667,18808
"(0.9333333333333332, 0.9833333333333332)",2,98.45416666666668,18810
"(0.925, 0.9875)",1,98.45416666666652,18811
"(0.9166666666666666, 0.9875)",1,98.45416666666652,18812
"(0.8666666666666667, 0.9916666666666668)",1,98.45416666666642,18813
"(0.925, 0.9916666666666668)",1,98.4541666666664,18814
"(0.95, 0.9916666666666668)",1,98.4541666666664,18815
"(0.8488372093023255, 0.9883720930232558)",3,98.4534883720932,18818
"(0.7209302325581395, 0.9883720930232558)",2,98.4534883720932,18820
"(0.8837209302325582, 0.9883720930232558)",1,98.4534883720932,18821
"(0.7558139534883721, 0.9883720930232558)",1,98.4534883720932,18822
"(0.7674418604651163, 0.9883720930232558)",1,98.4534883720932,18823
"(0.8604651162790697, 0.9883720930232558)",1,98.45348837209318,18824
"(0.8255813953488372, 0.9883720930232558)",1,98.45348837209318,18825
"(0.8837209302325582, 0.9883720930232558)",1,98.45348837209318,18826
"(0.4651162790697674, 1.0)",2,98.45348837209302,18828
"(0.8837209302325582, 1.0)",2,98.45348837209302,18830
"(0.8372093023255814, 1.0)",2,98.45348837209302,18832
"(0.9291666666666668, 0.9958333333333332)",1,98.45000000000007,18833
"(0.9333333333333332, 0.9833333333333332)",3,98.45000000000007,18836
"(0.8833333333333333, 0.9833333333333332)",1,98.45000000000007,18837
"(0.95, 0.9833333333333332)",2,98.45000000000007,18839
"(0.8666666666666667, 0.9833333333333332)",1,98.45000000000007,18840
"(0.8791666666666667, 0.9958333333333332)",1,98.45000000000007,18841
"(0.9666666666666668, 0.9833333333333332)",1,98.45000000000007,18842
"(0.9041666666666668, 0.9958333333333332)",1,98.45000000000006,18843
"(0.8833333333333333, 1.0)",2,98.45,18845
"(0.9, 1.0)",2,98.45,18847
"(0.9833333333333332, 1.0)",2,98.45,18849
"(0.9208333333333332, 0.9833333333333332)",1,98.45,18850
"(0.9, 0.9833333333333332)",1,98.45,18851
"(0.75, 1.0)",2,98.45,18853
"(0.9833333333333332, 1.0)",1,98.44999999999992,18854
"(0.9125, 0.9875)",1,98.44999999999985,18855
"(0.9083333333333332, 0.9875)",1,98.44999999999985,18856
"(0.7564102564102564, 1.0)",3,98.44871794871796,18859
"(0.8717948717948718, 1.0)",1,98.44871794871796,18860
"(0.9, 0.9958333333333332)",1,98.44583333333344,18861
"(0.9, 0.9958333333333332)",1,98.44583333333344,18862
"(0.9291666666666668, 0.9791666666666666)",1,98.44583333333344,18863
"(0.8833333333333333, 0.9958333333333332)",1,98.4458333333334,18864
"(0.9916666666666668, 0.9958333333333332)",1,98.4458333333334,18865
"(0.9875, 0.9958333333333332)",1,98.4458333333334,18866
"(0.9666666666666668, 0.9958333333333332)",1,98.44583333333335,18867
"(0.9041666666666668, 0.9875)",1,98.44583333333324,18868
"(0.8958333333333334, 0.9875)",1,98.44583333333324,18869
"(0.8958333333333334, 0.9875)",2,98.4458333333332,18871
"(0.95, 0.9875)",1,98.44583333333316,18872
"(0.925, 0.9916666666666668)",1,98.44583333333306,18873
"(0.925, 0.9916666666666668)",1,98.44583333333304,18874
"(0.875, 0.9861111111111112)",1,98.44444444444464,18875
"(0.9305555555555556, 0.9861111111111112)",1,98.44444444444464,18876
"(0.9722222222222222, 0.9861111111111112)",2,98.44444444444464,18878
"(0.8194444444444444, 0.9861111111111112)",1,98.44444444444464,18879
"(0.9166666666666666, 0.9861111111111112)",4,98.44444444444464,18883
"(0.9444444444444444, 0.9861111111111112)",5,98.44444444444464,18888
"(0.8888888888888888, 0.9861111111111112)",1,98.44444444444464,18889
"(0.8472222222222222, 0.9861111111111112)",2,98.44444444444464,18891
"(0.8333333333333334, 0.9861111111111112)",2,98.44444444444464,18893
"(0.9305555555555556, 1.0)",1,98.44444444444444,18894
"(0.7638888888888888, 1.0)",2,98.44444444444444,18896
"(0.9444444444444444, 1.0)",2,98.44444444444444,18898
"(0.7083333333333334, 1.0)",1,98.44444444444444,18899
"(0.9027777777777778, 1.0)",1,98.44444444444444,18900
"(0.6805555555555556, 1.0)",2,98.44444444444444,18902
"(0.8194444444444444, 1.0)",1,98.44444444444444,18903
"(0.7763157894736842, 0.9912280701754386)",1,98.44298245614031,18904
"(0.9078947368421052, 0.9912280701754386)",3,98.44298245614031,18907
"(0.7790697674418605, 0.9883720930232558)",1,98.44186046511643,18908
"(0.7209302325581395, 0.9883720930232558)",2,98.44186046511643,18910
"(0.8023255813953488, 0.9883720930232558)",1,98.44186046511643,18911
"(0.9418604651162792, 0.9883720930232558)",5,98.44186046511643,18916
"(0.6162790697674418, 0.9883720930232558)",1,98.44186046511643,18917
"(0.813953488372093, 0.9883720930232558)",2,98.44186046511643,18919
"(0.8837209302325582, 0.9883720930232558)",1,98.44186046511643,18920
"(0.8255813953488372, 0.9883720930232558)",2,98.44186046511643,18922
"(0.3372093023255814, 1.0)",1,98.44186046511628,18923
"(0.9791666666666666, 0.9958333333333332)",2,98.44166666666676,18925
"(0.9416666666666668, 0.9958333333333332)",1,98.44166666666676,18926
"(0.8625, 0.9958333333333332)",1,98.44166666666676,18927
"(0.9125, 0.9958333333333332)",1,98.44166666666676,18928
"(0.9833333333333332, 0.9958333333333332)",2,98.44166666666676,18930
"(0.9916666666666668, 0.9958333333333332)",1,98.44166666666676,18931
"(0.9041666666666668, 0.9958333333333332)",1,98.44166666666676,18932
"(0.9708333333333332, 0.9958333333333332)",1,98.4416666666667,18933
"(0.95, 0.9833333333333332)",1,98.44166666666668,18934
"(0.9208333333333332, 0.9833333333333332)",1,98.44166666666666,18935
"(0.9875, 1.0)",1,98.44166666666658,18936
"(0.925, 0.9875)",1,98.44166666666656,18937
"(0.9291666666666668, 0.9875)",2,98.44166666666648,18939
"(0.9125, 0.9875)",1,98.44166666666648,18940
"(0.9125, 0.9916666666666668)",1,98.4416666666664,18941
"(0.7149122807017544, 0.9912280701754386)",3,98.43859649122804,18944
"(0.9791666666666666, 0.9958333333333332)",1,98.4375000000001,18945
"(0.9541666666666668, 0.9958333333333332)",2,98.43750000000009,18947
"(0.975, 0.9958333333333332)",1,98.43750000000009,18948
"(0.925, 0.9958333333333332)",1,98.43750000000009,18949
"(0.9916666666666668, 0.9958333333333332)",1,98.43750000000006,18950
"(0.9375, 0.9958333333333332)",1,98.43750000000004,18951
"(0.9125, 0.9875)",1,98.4374999999999,18952
"(0.9333333333333332, 0.9875)",1,98.43749999999986,18953
"(0.9333333333333332, 0.9875)",1,98.43749999999984,18954
"(0.925, 0.9875)",1,98.43749999999984,18955
"(0.9166666666666666, 0.9875)",1,98.43749999999984,18956
"(0.9208333333333332, 0.9875)",1,98.43749999999984,18957
"(0.9416666666666668, 0.9875)",1,98.43749999999984,18958
"(0.9333333333333332, 0.9916666666666668)",1,98.43749999999972,18959
"(0.5079545454545454, 1.0)",1,98.43674242424242,18960
"(0.925, 0.9958333333333332)",1,98.43333333333344,18961
"(0.975, 0.9958333333333332)",2,98.43333333333342,18963
"(0.9833333333333332, 0.9958333333333332)",1,98.43333333333342,18964
"(0.8541666666666666, 0.9958333333333332)",1,98.43333333333342,18965
"(1.0, 0.9833333333333332)",3,98.4333333333334,18968
"(0.8333333333333334, 0.9833333333333332)",2,98.4333333333334,18970
"(0.8666666666666667, 0.9833333333333332)",1,98.4333333333334,18971
"(0.9333333333333332, 0.9833333333333332)",4,98.4333333333334,18975
"(0.9, 0.9833333333333332)",3,98.4333333333334,18978
"(0.9166666666666666, 0.9833333333333332)",5,98.4333333333334,18983
"(0.8375, 0.9958333333333332)",1,98.4333333333334,18984
"(0.9666666666666668, 0.9833333333333332)",1,98.4333333333334,18985
"(0.9833333333333332, 0.9958333333333332)",1,98.43333333333338,18986
"(0.9916666666666668, 0.9958333333333332)",1,98.43333333333337,18987
"(0.75, 1.0)",3,98.43333333333334,18990
"(0.9, 1.0)",1,98.43333333333334,18991
"(0.8833333333333333, 1.0)",3,98.43333333333334,18994
"(0.8666666666666667, 1.0)",2,98.43333333333334,18996
"(0.95, 1.0)",2,98.43333333333334,18998
"(1.0, 1.0)",2,98.43333333333334,19000
"(0.7166666666666667, 1.0)",1,98.43333333333334,19001
"(0.7333333333333333, 1.0)",1,98.43333333333334,19002
"(0.9958333333333332, 1.0)",1,98.43333333333328,19003
"(0.9291666666666668, 0.9875)",2,98.43333333333318,19005
"(0.9375, 0.9875)",1,98.43333333333318,19006
"(0.95, 0.9875)",2,98.43333333333317,19008
"(0.9416666666666668, 0.9875)",2,98.43333333333317,19010
"(0.8625, 0.9916666666666668)",1,98.43333333333308,19011
"(0.8833333333333333, 0.9916666666666668)",1,98.43333333333304,19012
"(0.9, 0.9916666666666668)",1,98.43333333333304,19013
"(0.734469696969697, 1.0)",1,98.4318181818182,19014
"(0.9166666666666666, 0.9861111111111112)",1,98.43055555555576,19015
"(0.9027777777777778, 0.9861111111111112)",2,98.43055555555576,19017
"(0.8611111111111112, 0.9861111111111112)",3,98.43055555555576,19020
"(0.8888888888888888, 0.9861111111111112)",2,98.43055555555576,19022
"(0.9305555555555556, 0.9861111111111112)",6,98.43055555555576,19028
"(0.8472222222222222, 0.9861111111111112)",5,98.43055555555576,19033
"(0.9444444444444444, 0.9861111111111112)",1,98.43055555555576,19034
"(0.7083333333333334, 0.9861111111111112)",1,98.43055555555576,19035
"(0.7638888888888888, 0.9861111111111112)",1,98.43055555555576,19036
"(0.9722222222222222, 0.9861111111111112)",1,98.43055555555576,19037
"(0.7083333333333334, 1.0)",2,98.43055555555556,19039
"(0.7777777777777778, 1.0)",3,98.43055555555556,19042
"(0.8055555555555556, 1.0)",1,98.43055555555556,19043
"(0.9444444444444444, 1.0)",1,98.43055555555556,19044
"(0.8194444444444444, 1.0)",1,98.43055555555556,19045
"(0.9166666666666666, 1.0)",1,98.43055555555556,19046
"(0.8888888888888888, 1.0)",1,98.43055555555556,19047
"(0.9583333333333334, 1.0)",1,98.43055555555556,19048
"(0.9305555555555556, 1.0)",1,98.43055555555556,19049
"(0.7638888888888888, 1.0)",1,98.43055555555556,19050
"(0.7361111111111112, 1.0)",1,98.43055555555556,19051
"(0.875, 1.0)",2,98.43055555555556,19053
"(0.8611111111111112, 1.0)",1,98.43055555555556,19054
"(0.8055555555555556, 1.0)",1,98.43055555555554,19055
"(0.7906976744186046, 0.9883720930232558)",1,98.4302325581397,19056
"(0.7790697674418605, 0.9883720930232558)",1,98.43023255813968,19057
"(0.7906976744186046, 0.9883720930232558)",1,98.43023255813968,19058
"(0.9302325581395348, 0.9883720930232558)",1,98.43023255813968,19059
"(0.8023255813953488, 0.9883720930232558)",2,98.43023255813968,19061
"(0.8488372093023255, 0.9883720930232558)",2,98.43023255813968,19063
"(0.8255813953488372, 0.9883720930232558)",2,98.43023255813968,19065
"(0.8953488372093024, 0.9883720930232558)",2,98.43023255813968,19067
"(0.7674418604651163, 0.9883720930232558)",1,98.43023255813968,19068
"(0.8604651162790697, 0.9883720930232558)",2,98.43023255813968,19070
"(0.4651162790697674, 1.0)",1,98.43023255813954,19071
"(0.9385964912280702, 0.9912280701754386)",1,98.42982456140348,19072
"(0.9035087719298246, 0.9912280701754386)",1,98.42982456140348,19073
"(0.9125, 0.9958333333333332)",1,98.42916666666676,19074
"(0.9, 0.9958333333333332)",1,98.42916666666676,19075
"(0.95, 0.9958333333333332)",1,98.42916666666676,19076
"(0.8375, 0.9958333333333332)",1,98.42916666666672,19077
"(0.825, 0.9958333333333332)",1,98.42916666666672,19078
"(0.9875, 1.0)",1,98.4291666666666,19079
"(0.9291666666666668, 0.9875)",1,98.4291666666665,19080
"(0.9291666666666668, 0.9875)",1,98.42916666666648,19081
"(0.95, 0.9916666666666668)",1,98.42916666666642,19082
"(0.9875, 0.9958333333333332)",1,98.42500000000013,19083
"(0.9875, 0.9958333333333332)",1,98.42500000000008,19084
"(0.9375, 0.9958333333333332)",1,98.42500000000008,19085
"(0.9833333333333332, 1.0)",1,98.42499999999995,19086
"(0.9291666666666668, 0.9875)",1,98.42499999999984,19087
"(0.9375, 0.9916666666666668)",1,98.42499999999974,19088
"(0.9291666666666668, 0.9916666666666668)",1,98.42499999999971,19089
"(0.7136363636363636, 1.0)",1,98.42348484848486,19090
"(0.7246212121212121, 1.0)",1,98.42159090909092,19091
"(0.9375, 0.9958333333333332)",1,98.42083333333343,19092
"(0.9333333333333332, 0.9958333333333332)",1,98.42083333333343,19093
"(0.9916666666666668, 0.9958333333333332)",2,98.42083333333343,19095
"(0.9833333333333332, 0.9958333333333332)",1,98.42083333333342,19096
"(0.9833333333333332, 0.9958333333333332)",1,98.4208333333334,19097
"(0.9625, 0.9958333333333332)",1,98.4208333333334,19098
"(0.8791666666666667, 0.9958333333333332)",1,98.42083333333336,19099
"(0.9333333333333332, 0.9875)",1,98.42083333333323,19100
"(0.9291666666666668, 0.9875)",1,98.4208333333332,19101
"(0.8958333333333334, 0.9875)",1,98.42083333333318,19102
"(0.8833333333333333, 0.9875)",1,98.42083333333316,19103
"(0.4996212121212121, 1.0)",1,98.4189393939394,19104
"(0.872093023255814, 0.9883720930232558)",1,98.41860465116297,19105
"(0.7906976744186046, 0.9883720930232558)",1,98.41860465116297,19106
"(0.6162790697674418, 0.9883720930232558)",1,98.41860465116297,19107
"(0.9302325581395348, 0.9883720930232558)",1,98.41860465116297,19108
"(0.8604651162790697, 0.9883720930232558)",1,98.41860465116297,19109
"(0.7790697674418605, 0.9883720930232558)",1,98.41860465116297,19110
"(0.7558139534883721, 0.9883720930232558)",1,98.41860465116297,19111
"(0.7674418604651163, 1.0)",1,98.4186046511628,19112
"(0.4883720930232558, 1.0)",1,98.41860465116278,19113
"(0.3372093023255814, 1.0)",1,98.41860465116278,19114
"(0.8472222222222222, 0.9861111111111112)",1,98.41666666666688,19115
"(0.9444444444444444, 0.9861111111111112)",2,98.41666666666688,19117
"(0.6944444444444444, 0.9861111111111112)",1,98.41666666666688,19118
"(0.8194444444444444, 0.9861111111111112)",2,98.41666666666688,19120
"(0.8888888888888888, 0.9861111111111112)",2,98.41666666666688,19122
"(0.9166666666666666, 0.9861111111111112)",1,98.41666666666688,19123
"(0.9722222222222222, 0.9861111111111112)",2,98.41666666666688,19125
"(0.9305555555555556, 0.9861111111111112)",2,98.41666666666688,19127
"(0.9375, 0.9958333333333332)",1,98.41666666666676,19128
"(0.9166666666666666, 0.9833333333333332)",3,98.41666666666674,19131
"(0.9, 0.9833333333333332)",1,98.41666666666674,19132
"(0.9333333333333332, 0.9833333333333332)",1,98.41666666666674,19133
"(0.8333333333333334, 0.9833333333333332)",1,98.41666666666674,19134
"(0.9666666666666668, 0.9833333333333332)",1,98.41666666666674,19135
"(0.9208333333333332, 0.9958333333333332)",1,98.41666666666671,19136
"(0.9666666666666668, 0.9833333333333332)",1,98.41666666666671,19137
"(0.9833333333333332, 0.9958333333333332)",1,98.4166666666667,19138
"(0.9166666666666666, 1.0)",1,98.41666666666669,19139
"(0.9027777777777778, 1.0)",1,98.41666666666669,19140
"(0.9, 1.0)",1,98.41666666666669,19141
"(1.0, 1.0)",2,98.41666666666669,19143
"(0.7166666666666667, 1.0)",1,98.41666666666669,19144
"(0.8611111111111112, 1.0)",1,98.41666666666669,19145
"(0.9305555555555556, 1.0)",1,98.41666666666669,19146
"(0.9666666666666668, 1.0)",1,98.41666666666669,19147
"(0.9333333333333332, 1.0)",1,98.41666666666669,19148
"(0.8666666666666667, 1.0)",1,98.41666666666669,19149
"(0.7083333333333334, 1.0)",1,98.41666666666666,19150
"(0.7222222222222222, 1.0)",1,98.41666666666666,19151
"(0.9429824561403508, 0.9912280701754386)",1,98.41666666666666,19152
"(0.8666666666666667, 1.0)",1,98.41666666666666,19153
"(0.7666666666666667, 1.0)",1,98.41666666666666,19154
"(0.8194444444444444, 1.0)",1,98.41666666666666,19155
"(0.9166666666666666, 1.0)",3,98.41666666666666,19158
"(0.7777777777777778, 1.0)",1,98.41666666666666,19159
"(0.8333333333333334, 1.0)",1,98.41666666666666,19160
"(0.8166666666666667, 1.0)",1,98.41666666666666,19161
"(0.8833333333333333, 1.0)",1,98.41666666666666,19162
"(0.7166666666666667, 1.0)",1,98.41666666666666,19163
"(0.8611111111111112, 1.0)",2,98.41666666666666,19165
"(0.9027777777777778, 1.0)",1,98.41666666666666,19166
"(0.9305555555555556, 1.0)",1,98.41666666666666,19167
"(0.9429824561403508, 0.9912280701754386)",2,98.41666666666664,19169
"(0.925, 0.9875)",1,98.41666666666656,19170
"(0.95, 0.9875)",1,98.41666666666656,19171
"(0.9333333333333332, 0.9875)",1,98.41666666666652,19172
"(0.9291666666666668, 0.9875)",1,98.4166666666665,19173
"(0.9458333333333332, 0.9916666666666668)",1,98.41666666666644,19174
"(0.4284090909090909, 1.0)",3,98.4159090909091,19177
"(0.9916666666666668, 0.9958333333333332)",1,98.41250000000012,19178
"(0.9875, 0.9958333333333332)",1,98.41250000000004,19179
"(0.9208333333333332, 0.9833333333333332)",2,98.4125,19181
"(0.8833333333333333, 0.9875)",1,98.41249999999988,19182
"(0.925, 0.9875)",2,98.41249999999988,19184
"(0.8958333333333334, 0.9875)",1,98.41249999999984,19185
"(0.9208333333333332, 0.9875)",1,98.41249999999984,19186
"(0.925, 0.9875)",1,98.41249999999982,19187
"(0.9375, 0.9916666666666668)",1,98.41249999999978,19188
"(0.9429824561403508, 0.9912280701754386)",1,98.41228070175436,19189
"(0.8552631578947368, 0.9912280701754386)",1,98.41228070175436,19190
"(0.5484848484848485, 1.0)",1,98.41136363636365,19191
"(0.7435897435897436, 1.0)",3,98.4102564102564,19194
"(0.95, 0.9791666666666666)",1,98.40833333333346,19195
"(0.9166666666666666, 0.9958333333333332)",1,98.4083333333334,19196
"(0.825, 0.9958333333333332)",2,98.40833333333336,19198
"(0.9, 0.9833333333333332)",1,98.40833333333336,19199
"(0.9166666666666666, 0.9958333333333332)",1,98.40833333333336,19200
"(0.9125, 0.9875)",1,98.4083333333332,19201
"(0.8833333333333333, 0.9875)",1,98.40833333333318,19202
"(0.8023255813953488, 0.9883720930232558)",1,98.4069767441862,19203
"(0.7790697674418605, 0.9883720930232558)",1,98.4069767441862,19204
"(0.9418604651162792, 0.9883720930232558)",1,98.4069767441862,19205
"(0.8023255813953488, 0.9883720930232558)",1,98.4069767441862,19206
"(0.8604651162790697, 0.9883720930232558)",2,98.4069767441862,19208
"(0.8488372093023255, 0.9883720930232558)",2,98.4069767441862,19210
"(0.7674418604651163, 0.9883720930232558)",1,98.4069767441862,19211
"(0.8837209302325582, 0.9883720930232558)",1,98.4069767441862,19212
"(0.8255813953488372, 1.0)",1,98.40697674418604,19213
"(0.7906976744186046, 1.0)",1,98.40697674418604,19214
"(0.8372093023255814, 1.0)",1,98.40697674418604,19215
"(0.5287878787878788, 1.0)",1,98.40492424242424,19216
"(0.9583333333333334, 0.9958333333333332)",2,98.40416666666675,19218
"(0.9291666666666668, 0.9833333333333332)",1,98.40416666666668,19219
"(0.95, 0.9833333333333332)",1,98.40416666666664,19220
"(0.9125, 0.9833333333333332)",2,98.40416666666664,19222
"(0.9333333333333332, 0.9875)",1,98.40416666666658,19223
"(0.9125, 0.9875)",1,98.40416666666653,19224
"(0.9416666666666668, 0.9875)",1,98.4041666666665,19225
"(0.9208333333333332, 0.9875)",1,98.4041666666665,19226
"(0.9083333333333332, 0.9916666666666668)",1,98.40416666666644,19227
"(0.8916666666666667, 0.9916666666666668)",1,98.40416666666638,19228
"(0.6215909090909091, 1.0)",3,98.40378787878788,19231
"(0.8552631578947368, 0.9912280701754386)",1,98.4035087719298,19232
"(0.7083333333333334, 0.9861111111111112)",1,98.40277777777798,19233
"(0.9722222222222222, 0.9861111111111112)",2,98.40277777777798,19235
"(0.9444444444444444, 0.9861111111111112)",2,98.40277777777798,19237
"(0.875, 0.9861111111111112)",2,98.40277777777798,19239
"(0.9166666666666666, 0.9861111111111112)",1,98.40277777777798,19240
"(0.9305555555555556, 0.9861111111111112)",1,98.40277777777798,19241
"(0.9027777777777778, 0.9861111111111112)",2,98.40277777777798,19243
"(0.75, 0.9861111111111112)",3,98.40277777777798,19246
"(0.8611111111111112, 0.9861111111111112)",4,98.40277777777798,19250
"(0.8888888888888888, 0.9861111111111112)",4,98.40277777777798,19254
"(0.8472222222222222, 0.9861111111111112)",2,98.40277777777798,19256
"(0.9027777777777778, 0.9861111111111112)",1,98.40277777777796,19257
"(0.8611111111111112, 0.9861111111111112)",2,98.40277777777796,19259
"(0.9444444444444444, 1.0)",2,98.40277777777776,19261
"(0.8472222222222222, 1.0)",1,98.40277777777776,19262
"(0.9583333333333334, 1.0)",1,98.40277777777776,19263
"(0.7777777777777778, 1.0)",2,98.40277777777776,19265
"(0.9166666666666666, 1.0)",1,98.40277777777776,19266
"(0.8333333333333334, 1.0)",3,98.40277777777776,19269
"(0.6805555555555556, 1.0)",1,98.40277777777776,19270
"(0.9027777777777778, 1.0)",1,98.40277777777776,19271
"(0.8888888888888888, 1.0)",1,98.40277777777776,19272
"(0.7361111111111112, 1.0)",1,98.40277777777776,19273
"(0.9416666666666668, 0.9791666666666666)",1,98.40000000000012,19274
"(0.9541666666666668, 0.9958333333333332)",1,98.4000000000001,19275
"(0.9333333333333332, 0.9833333333333332)",1,98.40000000000008,19276
"(0.95, 0.9833333333333332)",1,98.40000000000008,19277
"(0.9375, 0.9791666666666666)",2,98.40000000000008,19279
"(0.8, 0.9833333333333332)",1,98.40000000000008,19280
"(0.8833333333333333, 0.9833333333333332)",1,98.40000000000008,19281
"(0.9166666666666666, 0.9833333333333332)",3,98.40000000000008,19284
"(0.8958333333333334, 0.9958333333333332)",1,98.40000000000008,19285
"(0.9666666666666668, 0.9958333333333332)",1,98.40000000000006,19286
"(0.8333333333333334, 1.0)",2,98.4,19288
"(1.0, 1.0)",3,98.4,19291
"(0.8, 1.0)",1,98.4,19292
"(0.7666666666666667, 1.0)",1,98.4,19293
"(0.9458333333333332, 0.9833333333333332)",1,98.4,19294
"(0.85, 1.0)",3,98.4,19297
"(0.9833333333333332, 1.0)",3,98.4,19300
"(0.975, 1.0)",1,98.39999999999996,19301
"(0.9291666666666668, 0.9875)",1,98.39999999999986,19302
"(0.8833333333333333, 0.9875)",1,98.39999999999984,19303
"(0.9208333333333332, 0.9875)",2,98.39999999999984,19305
"(0.9, 0.9875)",1,98.39999999999982,19306
"(0.6575757575757576, 0.999621212121212)",3,98.39924242424244,19309
"(0.9473684210526316, 0.9912280701754386)",1,98.39912280701752,19310
"(0.809469696969697, 1.0)",1,98.39659090909092,19311
"(0.9791666666666666, 0.9958333333333332)",1,98.39583333333348,19312
"(0.975, 0.9958333333333332)",1,98.39583333333336,19313
"(0.9791666666666666, 0.9958333333333332)",1,98.39583333333336,19314
"(0.9875, 0.9958333333333332)",1,98.39583333333336,19315
"(0.9208333333333332, 0.9833333333333332)",1,98.39583333333334,19316
"(0.975, 1.0)",1,98.39583333333329,19317
"(0.9833333333333332, 1.0)",1,98.39583333333329,19318
"(0.9, 0.9875)",2,98.39583333333324,19320
"(0.8958333333333334, 0.9875)",1,98.3958333333332,19321
"(0.9, 0.9875)",1,98.3958333333332,19322
"(0.9208333333333332, 0.9875)",1,98.3958333333332,19323
"(0.925, 0.9875)",1,98.39583333333316,19324
"(0.9166666666666666, 0.975)",1,98.39583333333312,19325
"(0.95, 0.9916666666666668)",1,98.3958333333331,19326
"(0.9, 0.9916666666666668)",1,98.39583333333309,19327
"(0.8604651162790697, 0.9883720930232558)",1,98.39534883720948,19328
"(0.8255813953488372, 0.9883720930232558)",2,98.39534883720948,19330
"(0.872093023255814, 0.9883720930232558)",1,98.39534883720948,19331
"(0.8837209302325582, 0.9883720930232558)",1,98.39534883720948,19332
"(0.9302325581395348, 0.9883720930232558)",1,98.39534883720948,19333
"(0.7790697674418605, 0.9883720930232558)",2,98.39534883720944,19335
"(0.9418604651162792, 0.9883720930232558)",1,98.39534883720944,19336
"(0.7558139534883721, 0.9883720930232558)",2,98.39534883720944,19338
"(0.8604651162790697, 0.9883720930232558)",1,98.39534883720944,19339
"(0.872093023255814, 1.0)",1,98.3953488372093,19340
"(0.9429824561403508, 0.9912280701754386)",2,98.39473684210525,19342
"(0.9078947368421052, 0.9912280701754386)",1,98.39473684210525,19343
"(0.5113636363636364, 1.0)",1,98.39469696969698,19344
"(0.5034090909090909, 1.0)",1,98.39318181818184,19345
"(0.9666666666666668, 0.9958333333333332)",2,98.39166666666677,19347
"(0.9416666666666668, 0.9958333333333332)",1,98.39166666666674,19348
"(0.8916666666666667, 0.9958333333333332)",1,98.39166666666674,19349
"(0.95, 0.9958333333333332)",1,98.39166666666672,19350
"(0.875, 0.9958333333333332)",1,98.39166666666672,19351
"(0.9708333333333332, 0.9958333333333332)",1,98.3916666666667,19352
"(0.975, 1.0)",1,98.39166666666662,19353
"(0.9791666666666666, 1.0)",1,98.39166666666662,19354
"(0.9291666666666668, 0.9875)",1,98.39166666666654,19355
"(0.9291666666666668, 0.9875)",1,98.39166666666652,19356
"(0.95, 0.9875)",1,98.39166666666652,19357
"(0.9, 0.9916666666666668)",1,98.3916666666664,19358
"(0.4174242424242424, 0.999621212121212)",3,98.39015151515152,19361
"(0.7777777777777778, 0.9861111111111112)",1,98.3888888888891,19362
"(0.9305555555555556, 0.9861111111111112)",1,98.3888888888891,19363
"(0.6944444444444444, 0.9861111111111112)",1,98.3888888888891,19364
"(0.7083333333333334, 0.9861111111111112)",1,98.3888888888891,19365
"(0.8472222222222222, 0.9861111111111112)",2,98.38888888888908,19367
"(0.875, 0.9861111111111112)",2,98.38888888888908,19369
"(0.9166666666666666, 0.9861111111111112)",2,98.38888888888908,19371
"(0.9444444444444444, 0.9861111111111112)",1,98.38888888888908,19372
"(0.9027777777777778, 0.9861111111111112)",3,98.38888888888908,19375
"(0.8888888888888888, 0.9861111111111112)",6,98.38888888888908,19381
"(0.9722222222222222, 0.9861111111111112)",6,98.38888888888908,19387
"(0.8611111111111112, 0.9861111111111112)",2,98.38888888888908,19389
"(0.7916666666666666, 0.9861111111111112)",1,98.38888888888908,19390
"(0.7638888888888888, 0.9861111111111112)",6,98.38888888888908,19396
"(0.7777777777777778, 0.9861111111111112)",2,98.38888888888908,19398
"(0.8888888888888888, 1.0)",1,98.38888888888889,19399
"(0.7916666666666666, 1.0)",1,98.38888888888889,19400
"(0.8333333333333334, 1.0)",2,98.38888888888889,19402
"(0.7777777777777778, 1.0)",1,98.38888888888889,19403
"(0.8472222222222222, 1.0)",1,98.38888888888889,19404
"(0.8055555555555556, 1.0)",2,98.38888888888889,19406
"(0.9583333333333334, 1.0)",1,98.38888888888889,19407
"(0.875, 1.0)",1,98.38888888888889,19408
"(0.8958333333333334, 0.9958333333333332)",2,98.3875000000001,19410
"(0.9375, 0.9958333333333332)",1,98.38750000000007,19411
"(0.9833333333333332, 0.9958333333333332)",1,98.38750000000005,19412
"(0.9916666666666668, 0.9958333333333332)",1,98.38750000000005,19413
"(0.925, 0.9833333333333332)",1,98.3875,19414
"(0.9791666666666666, 1.0)",1,98.38749999999996,19415
"(0.9208333333333332, 0.9875)",1,98.38749999999992,19416
"(0.9208333333333332, 0.9875)",1,98.38749999999985,19417
"(0.9416666666666668, 0.9875)",1,98.38749999999985,19418
"(0.9125, 0.9875)",1,98.38749999999985,19419
"(0.95, 0.9875)",1,98.38749999999985,19420
"(0.8953488372093024, 0.9883720930232558)",1,98.38372093023273,19421
"(0.7790697674418605, 0.9883720930232558)",1,98.38372093023273,19422
"(0.813953488372093, 0.9883720930232558)",2,98.38372093023273,19424
"(0.7674418604651163, 0.9883720930232558)",1,98.38372093023273,19425
"(0.8255813953488372, 0.9883720930232558)",2,98.38372093023273,19427
"(0.8255813953488372, 0.9883720930232558)",2,98.38372093023273,19429
"(0.4651162790697674, 1.0)",1,98.38372093023256,19430
"(0.9625, 0.9958333333333332)",1,98.38333333333344,19431
"(1.0, 0.9958333333333332)",1,98.38333333333344,19432
"(1.0, 0.9833333333333332)",1,98.3833333333334,19433
"(0.8333333333333334, 0.9833333333333332)",2,98.3833333333334,19435
"(1.0, 0.9833333333333332)",1,98.3833333333334,19436
"(0.9666666666666668, 0.9833333333333332)",1,98.3833333333334,19437
"(0.9833333333333332, 0.9833333333333332)",1,98.3833333333334,19438
"(0.8833333333333333, 0.9833333333333332)",1,98.3833333333334,19439
"(0.9333333333333332, 0.9833333333333332)",4,98.3833333333334,19443
"(0.8, 0.9833333333333332)",3,98.3833333333334,19446
"(0.9583333333333334, 0.9833333333333332)",2,98.38333333333335,19448
"(0.9916666666666668, 0.9958333333333332)",2,98.38333333333335,19450
"(0.975, 0.9958333333333332)",1,98.38333333333335,19451
"(1.0, 1.0)",2,98.38333333333333,19453
"(0.8166666666666667, 1.0)",1,98.38333333333333,19454
"(0.9666666666666668, 1.0)",1,98.38333333333333,19455
"(0.8333333333333334, 1.0)",1,98.38333333333333,19456
"(0.8666666666666667, 1.0)",1,98.38333333333333,19457
"(0.8833333333333333, 1.0)",1,98.38333333333333,19458
"(0.9583333333333334, 0.9833333333333332)",1,98.38333333333333,19459
"(0.7333333333333333, 1.0)",3,98.38333333333333,19462
"(0.75, 1.0)",2,98.38333333333333,19464
"(0.7, 1.0)",1,98.38333333333333,19465
"(0.9208333333333332, 0.9875)",1,98.3833333333332,19466
"(0.8958333333333334, 0.9875)",1,98.38333333333316,19467
"(0.8916666666666667, 0.9875)",1,98.38333333333316,19468
"(0.9375, 0.9875)",1,98.38333333333316,19469
"(0.9429824561403508, 0.9912280701754386)",1,98.3815789473684,19470
"(0.4556818181818182, 0.999621212121212)",3,98.38068181818184,19473
"(0.6147727272727272, 1.0)",1,98.37992424242424,19474
"(0.9583333333333334, 0.9958333333333332)",1,98.37916666666678,19475
"(0.9791666666666666, 0.9958333333333332)",1,98.37916666666676,19476
"(0.9375, 0.9958333333333332)",1,98.37916666666672,19477
"(0.9708333333333332, 0.9958333333333332)",1,98.37916666666672,19478
"(0.95, 0.9958333333333332)",1,98.37916666666668,19479
"(0.9375, 0.9833333333333332)",1,98.37916666666666,19480
"(0.9, 0.9875)",1,98.37916666666656,19481
"(0.9208333333333332, 0.9875)",1,98.37916666666656,19482
"(0.95, 0.9875)",1,98.3791666666665,19483
"(0.9, 0.9875)",1,98.3791666666665,19484
"(0.9416666666666668, 0.9875)",1,98.37916666666648,19485
"(0.9666666666666668, 0.9875)",1,98.37916666666648,19486
"(0.95, 0.9875)",1,98.37916666666648,19487
"(0.875, 0.9861111111111112)",1,98.3750000000002,19488
"(0.8888888888888888, 0.9861111111111112)",3,98.3750000000002,19491
"(0.8194444444444444, 0.9861111111111112)",1,98.3750000000002,19492
"(0.8055555555555556, 0.9861111111111112)",3,98.3750000000002,19495
"(0.9305555555555556, 0.9861111111111112)",1,98.3750000000002,19496
"(0.9722222222222222, 0.9861111111111112)",4,98.3750000000002,19500
"(0.8333333333333334, 0.9861111111111112)",4,98.3750000000002,19504
"(0.9027777777777778, 0.9861111111111112)",2,98.3750000000002,19506
"(0.8611111111111112, 0.9861111111111112)",3,98.3750000000002,19509
"(0.9166666666666666, 0.9861111111111112)",1,98.3750000000002,19510
"(0.7638888888888888, 0.9861111111111112)",5,98.3750000000002,19515
"(0.7777777777777778, 0.9861111111111112)",1,98.3750000000002,19516
"(0.9444444444444444, 0.9861111111111112)",3,98.3750000000002,19519
"(0.8472222222222222, 0.9861111111111112)",2,98.3750000000002,19521
"(0.95, 0.9791666666666666)",1,98.37500000000011,19522
"(0.9875, 0.9958333333333332)",1,98.37500000000004,19523
"(0.9291666666666668, 0.9958333333333332)",1,98.37500000000004,19524
"(0.9958333333333332, 0.9958333333333332)",1,98.37500000000004,19525
"(0.9916666666666668, 0.9958333333333332)",2,98.37500000000004,19527
"(0.8194444444444444, 1.0)",1,98.375,19528
"(0.8472222222222222, 1.0)",3,98.375,19531
"(0.8888888888888888, 1.0)",2,98.375,19533
"(0.9027777777777778, 1.0)",3,98.375,19536
"(0.8611111111111112, 1.0)",2,98.375,19538
"(0.9791666666666666, 1.0)",1,98.37499999999994,19539
"(0.9, 0.9875)",1,98.3749999999999,19540
"(0.8458333333333333, 0.9875)",1,98.37499999999989,19541
"(0.925, 0.9875)",1,98.37499999999984,19542
"(0.9416666666666668, 0.9875)",1,98.37499999999982,19543
"(0.8958333333333334, 0.9916666666666668)",1,98.37499999999972,19544
"(0.4181818181818181, 1.0)",3,98.37386363636364,19547
"(0.8552631578947368, 0.9912280701754386)",1,98.37280701754383,19548
"(0.925438596491228, 0.9912280701754386)",1,98.37280701754383,19549
"(0.8604651162790697, 0.9883720930232558)",1,98.372093023256,19550
"(0.9418604651162792, 0.9883720930232558)",1,98.372093023256,19551
"(0.9302325581395348, 0.9883720930232558)",2,98.37209302325596,19553
"(0.8255813953488372, 0.9883720930232558)",3,98.37209302325596,19556
"(0.8488372093023255, 0.9883720930232558)",1,98.37209302325596,19557
"(0.9418604651162792, 0.9883720930232558)",3,98.37209302325596,19560
"(0.5930232558139535, 0.9883720930232558)",1,98.37209302325596,19561
"(0.813953488372093, 0.9883720930232558)",1,98.37209302325596,19562
"(0.7558139534883721, 0.9883720930232558)",1,98.37209302325596,19563
"(0.7674418604651163, 1.0)",1,98.3720930232558,19564
"(0.3372093023255814, 1.0)",1,98.3720930232558,19565
"(0.4651162790697674, 1.0)",1,98.3720930232558,19566
"(0.8205128205128205, 1.0)",1,98.37179487179486,19567
"(0.9375, 0.9958333333333332)",1,98.37083333333342,19568
"(0.9916666666666668, 0.9958333333333332)",1,98.37083333333338,19569
"(0.9666666666666668, 0.9958333333333332)",1,98.37083333333338,19570
"(0.9208333333333332, 0.9833333333333332)",1,98.37083333333334,19571
"(0.925, 0.9875)",2,98.3708333333332,19573
"(0.8916666666666667, 0.9875)",1,98.37083333333318,19574
"(0.925, 0.9875)",1,98.37083333333318,19575
"(0.9166666666666666, 0.9875)",1,98.37083333333317,19576
"(0.9208333333333332, 0.9875)",1,98.37083333333317,19577
"(0.9291666666666668, 0.9875)",1,98.37083333333317,19578
"(0.9375, 0.9916666666666668)",2,98.37083333333312,19580
"(0.9375, 0.9916666666666668)",1,98.3708333333331,19581
"(0.8541666666666666, 0.9916666666666668)",1,98.3708333333331,19582
"(0.4992424242424242, 0.999621212121212)",3,98.36818181818182,19585
"(0.5890151515151515, 1.0)",3,98.36780303030304,19588
"(0.9166666666666666, 0.9833333333333332)",1,98.36666666666676,19589
"(0.925, 0.9791666666666666)",1,98.36666666666676,19590
"(0.8666666666666667, 0.9833333333333332)",3,98.36666666666676,19593
"(0.8333333333333334, 0.9833333333333332)",5,98.36666666666676,19598
"(0.975, 0.9958333333333332)",1,98.36666666666676,19599
"(0.9333333333333332, 0.9833333333333332)",3,98.36666666666676,19602
"(0.8833333333333333, 0.9833333333333332)",3,98.36666666666676,19605
"(0.95, 0.9958333333333332)",2,98.36666666666672,19607
"(0.9166666666666666, 0.9833333333333332)",2,98.36666666666672,19609
"(0.8, 0.9833333333333332)",1,98.36666666666672,19610
"(1.0, 0.9833333333333332)",4,98.36666666666672,19614
"(0.8333333333333334, 0.9833333333333332)",5,98.36666666666672,19619
"(0.9791666666666666, 0.9958333333333332)",1,98.3666666666667,19620
"(0.9916666666666668, 0.9958333333333332)",1,98.3666666666667,19621
"(0.9666666666666668, 1.0)",1,98.36666666666667,19622
"(0.8833333333333333, 1.0)",2,98.36666666666667,19624
"(0.9833333333333332, 1.0)",1,98.36666666666667,19625
"(0.8666666666666667, 1.0)",1,98.36666666666667,19626
"(0.9, 1.0)",1,98.36666666666667,19627
"(0.9041666666666668, 0.9875)",1,98.36666666666652,19628
"(0.9208333333333332, 0.9875)",1,98.36666666666652,19629
"(0.9333333333333332, 0.9875)",1,98.36666666666652,19630
"(0.7159090909090909, 1.0)",1,98.36628787878789,19631
"(0.8552631578947368, 0.9912280701754386)",1,98.36403508771927,19632
"(0.8625, 0.9958333333333332)",1,98.36250000000013,19633
"(0.9708333333333332, 0.9958333333333332)",1,98.3625000000001,19634
"(0.9833333333333332, 0.9958333333333332)",2,98.36250000000008,19636
"(0.9375, 0.9958333333333332)",1,98.36250000000008,19637
"(0.9833333333333332, 1.0)",1,98.36249999999995,19638
"(0.95, 0.9875)",1,98.36249999999984,19639
"(0.9166666666666666, 0.9875)",1,98.36249999999984,19640
"(0.9, 0.9875)",1,98.36249999999984,19641
"(0.9333333333333332, 0.9875)",2,98.36249999999984,19643
"(0.9458333333333332, 0.975)",1,98.3624999999998,19644
"(0.5106060606060606, 1.0)",1,98.36174242424244,19645
"(0.8194444444444444, 0.9861111111111112)",1,98.36111111111131,19646
"(0.8333333333333334, 0.9861111111111112)",2,98.36111111111131,19648
"(0.9166666666666666, 0.9861111111111112)",6,98.36111111111131,19654
"(0.9722222222222222, 0.9861111111111112)",2,98.36111111111131,19656
"(0.875, 0.9861111111111112)",1,98.36111111111131,19657
"(0.9305555555555556, 0.9861111111111112)",4,98.36111111111131,19661
"(0.8611111111111112, 0.9861111111111112)",4,98.36111111111131,19665
"(0.8888888888888888, 0.9861111111111112)",3,98.36111111111131,19668
"(0.9444444444444444, 0.9861111111111112)",4,98.36111111111131,19672
"(0.8472222222222222, 0.9861111111111112)",1,98.36111111111131,19673
"(0.7638888888888888, 1.0)",1,98.36111111111111,19674
"(0.7777777777777778, 1.0)",1,98.36111111111111,19675
"(0.9305555555555556, 1.0)",1,98.36111111111111,19676
"(0.9027777777777778, 1.0)",1,98.36111111111111,19677
"(0.8055555555555556, 1.0)",1,98.36111111111111,19678
"(0.9583333333333334, 1.0)",1,98.36111111111111,19679
"(0.8837209302325582, 0.9883720930232558)",3,98.36046511627924,19682
"(0.8023255813953488, 0.9883720930232558)",1,98.36046511627924,19683
"(0.813953488372093, 0.9883720930232558)",2,98.36046511627924,19685
"(0.872093023255814, 0.9883720930232558)",1,98.36046511627924,19686
"(0.7209302325581395, 0.9883720930232558)",1,98.36046511627924,19687
"(0.7674418604651163, 0.9883720930232558)",2,98.36046511627924,19689
"(0.9186046511627908, 0.9883720930232558)",1,98.36046511627924,19690
"(0.8255813953488372, 0.9883720930232558)",3,98.36046511627924,19693
"(0.7558139534883721, 0.9883720930232558)",2,98.36046511627924,19695
"(0.2906976744186046, 1.0)",1,98.36046511627907,19696
"(0.8255813953488372, 1.0)",2,98.36046511627907,19698
"(0.7692307692307693, 1.0)",1,98.35897435897436,19699
"(0.9291666666666668, 0.9791666666666666)",2,98.35833333333348,19701
"(0.9833333333333332, 0.9958333333333332)",1,98.35833333333343,19702
"(0.9875, 0.9958333333333332)",2,98.3583333333334,19704
"(0.9791666666666666, 1.0)",1,98.35833333333326,19705
"(0.9125, 0.9875)",1,98.35833333333316,19706
"(0.8958333333333334, 0.9916666666666668)",1,98.35833333333308,19707
"(0.9291666666666668, 0.9916666666666668)",1,98.35833333333308,19708
"(0.8916666666666667, 0.9916666666666668)",1,98.35833333333306,19709
"(0.6583333333333333, 1.0)",1,98.35606060606062,19710
"(0.9385964912280702, 0.9912280701754386)",1,98.35526315789473,19711
"(0.95, 0.9958333333333332)",1,98.3541666666668,19712
"(0.9875, 0.9958333333333332)",1,98.35416666666676,19713
"(0.9208333333333332, 0.9958333333333332)",1,98.35416666666671,19714
"(0.9375, 0.9958333333333332)",1,98.35416666666671,19715
"(0.9583333333333334, 0.9833333333333332)",1,98.35416666666669,19716
"(0.8875, 0.9833333333333332)",1,98.35416666666669,19717
"(0.4333333333333333, 0.9992424242424244)",3,98.35416666666669,19720
"(0.9291666666666668, 0.9833333333333332)",1,98.35416666666666,19721
"(0.95, 0.9875)",1,98.35416666666656,19722
"(0.6053030303030303, 1.0)",1,98.35189393939396,19723
"(0.7675438596491229, 0.9912280701754386)",1,98.35087719298244,19724
"(0.5106060606060606, 1.0)",1,98.3503787878788,19725
"(0.9416666666666668, 0.9791666666666666)",2,98.35000000000014,19727
"(0.9875, 0.9958333333333332)",1,98.3500000000001,19728
"(0.9541666666666668, 0.9958333333333332)",1,98.35000000000008,19729
"(0.8833333333333333, 0.9958333333333332)",1,98.35000000000008,19730
"(0.9833333333333332, 0.9958333333333332)",1,98.35000000000008,19731
"(0.8833333333333333, 0.9833333333333332)",2,98.35000000000008,19733
"(0.8333333333333334, 0.9833333333333332)",1,98.35000000000008,19734
"(0.9333333333333332, 0.9833333333333332)",3,98.35000000000008,19737
"(0.9, 0.9833333333333332)",3,98.35000000000008,19740
"(0.8666666666666667, 0.9833333333333332)",2,98.35000000000008,19742
"(0.8666666666666667, 0.9833333333333332)",1,98.35000000000008,19743
"(0.95, 0.9833333333333332)",2,98.35000000000008,19745
"(1.0, 0.9833333333333332)",3,98.35000000000008,19748
"(0.8166666666666667, 0.9833333333333332)",1,98.35000000000008,19749
"(0.9166666666666666, 0.9833333333333332)",2,98.35000000000008,19751
"(0.9666666666666668, 0.9833333333333332)",3,98.35000000000008,19754
"(0.7666666666666667, 0.9833333333333332)",1,98.35000000000008,19755
"(0.9333333333333332, 0.9833333333333332)",3,98.35000000000008,19758
"(0.8833333333333333, 0.9833333333333332)",1,98.35000000000008,19759
"(0.9666666666666668, 0.9958333333333332)",1,98.35000000000004,19760
"(0.9916666666666668, 0.9958333333333332)",1,98.35000000000004,19761
"(0.8666666666666667, 1.0)",2,98.35,19763
"(0.8, 1.0)",1,98.35,19764
"(0.6833333333333333, 1.0)",1,98.35,19765
"(0.9166666666666666, 1.0)",1,98.35,19766
"(0.9, 1.0)",1,98.35,19767
"(0.7666666666666667, 1.0)",1,98.35,19768
"(0.9833333333333332, 1.0)",1,98.35,19769
"(0.9208333333333332, 0.9833333333333332)",3,98.35,19772
"(0.85, 1.0)",1,98.35,19773
"(0.7333333333333333, 1.0)",1,98.35,19774
"(1.0, 1.0)",1,98.35,19775
"(0.9541666666666668, 0.9875)",1,98.34999999999984,19776
"(0.9208333333333332, 0.9875)",1,98.34999999999982,19777
"(0.8541666666666666, 0.9916666666666668)",1,98.34999999999977,19778
"(0.7209302325581395, 0.9883720930232558)",2,98.34883720930247,19780
"(0.9069767441860463, 0.9883720930232558)",1,98.34883720930247,19781
"(0.8837209302325582, 0.9883720930232558)",3,98.34883720930247,19784
"(0.8023255813953488, 0.9883720930232558)",1,98.34883720930247,19785
"(0.8953488372093024, 0.9883720930232558)",1,98.34883720930247,19786
"(0.8604651162790697, 0.9883720930232558)",1,98.34883720930247,19787
"(0.8255813953488372, 0.9883720930232558)",3,98.34883720930247,19790
"(0.9418604651162792, 0.9883720930232558)",2,98.34883720930247,19792
"(0.9302325581395348, 0.9883720930232558)",1,98.34883720930247,19793
"(0.8488372093023255, 0.9883720930232558)",1,98.34883720930247,19794
"(0.7906976744186046, 0.9883720930232558)",1,98.34883720930247,19795
"(0.7674418604651163, 1.0)",1,98.34883720930232,19796
"(0.8333333333333334, 0.9861111111111112)",3,98.34722222222244,19799
"(0.8194444444444444, 0.9861111111111112)",1,98.34722222222244,19800
"(0.8888888888888888, 0.9861111111111112)",4,98.34722222222244,19804
"(0.7638888888888888, 0.9861111111111112)",3,98.34722222222244,19807
"(0.7777777777777778, 0.9861111111111112)",1,98.34722222222244,19808
"(0.9722222222222222, 0.9861111111111112)",3,98.34722222222244,19811
"(0.9166666666666666, 0.9861111111111112)",6,98.34722222222244,19817
"(0.8611111111111112, 0.9861111111111112)",5,98.34722222222244,19822
"(0.9444444444444444, 0.9861111111111112)",2,98.34722222222244,19824
"(0.875, 0.9861111111111112)",2,98.34722222222244,19826
"(0.8888888888888888, 0.9861111111111112)",1,98.3472222222224,19827
"(0.9305555555555556, 0.9861111111111112)",3,98.3472222222224,19830
"(0.9305555555555556, 1.0)",1,98.34722222222224,19831
"(0.8194444444444444, 1.0)",1,98.34722222222224,19832
"(0.7361111111111112, 1.0)",1,98.34722222222224,19833
"(0.9027777777777778, 1.0)",2,98.34722222222224,19835
"(0.8611111111111112, 1.0)",2,98.34722222222224,19837
"(0.7777777777777778, 1.0)",1,98.3472222222222,19838
"(0.8541666666666666, 0.9958333333333332)",1,98.34583333333342,19839
"(0.9708333333333332, 0.9958333333333332)",2,98.3458333333334,19841
"(0.95, 0.9833333333333332)",1,98.34583333333336,19842
"(0.9916666666666668, 0.9958333333333332)",1,98.34583333333336,19843
"(0.9041666666666668, 0.9875)",2,98.34583333333325,19845
"(0.9375, 0.9875)",1,98.3458333333332,19846
"(0.8958333333333334, 0.9875)",2,98.34583333333318,19848
"(0.9208333333333332, 0.9875)",1,98.34583333333316,19849
"(0.95, 0.9875)",1,98.34583333333316,19850
"(0.8958333333333334, 0.9875)",1,98.34583333333316,19851
"(0.9166666666666666, 0.9916666666666668)",1,98.34583333333303,19852
"(0.9, 0.9916666666666668)",1,98.34583333333303,19853
"(0.6189393939393939, 1.0)",3,98.34318181818182,19856
"(0.9429824561403508, 0.9912280701754386)",2,98.34210526315788,19858
"(0.9473684210526316, 0.9912280701754386)",1,98.34210526315788,19859
"(0.8859649122807017, 0.9912280701754386)",1,98.34210526315788,19860
"(0.9385964912280702, 0.9912280701754386)",1,98.34210526315788,19861
"(0.9666666666666668, 0.9958333333333332)",1,98.34166666666675,19862
"(0.9125, 0.9958333333333332)",1,98.34166666666675,19863
"(0.9791666666666666, 0.9958333333333332)",2,98.34166666666675,19865
"(0.8958333333333334, 0.9958333333333332)",1,98.34166666666674,19866
"(0.9208333333333332, 0.9958333333333332)",1,98.34166666666673,19867
"(0.9208333333333332, 0.9833333333333332)",2,98.34166666666668,19869
"(0.875, 0.9833333333333332)",1,98.34166666666668,19870
"(0.8458333333333333, 0.9833333333333332)",1,98.34166666666668,19871
"(0.9083333333333332, 0.9833333333333332)",1,98.34166666666668,19872
"(0.9083333333333332, 0.9875)",1,98.34166666666654,19873
"(0.8958333333333334, 0.9875)",1,98.3416666666665,19874
"(0.9208333333333332, 0.9916666666666668)",1,98.34166666666646,19875
"(0.9041666666666668, 0.9916666666666668)",1,98.3416666666664,19876
"(0.8958333333333334, 0.9916666666666668)",1,98.3416666666664,19877
"(0.925438596491228, 0.9912280701754386)",1,98.3377192982456,19878
"(0.9078947368421052, 0.9912280701754386)",1,98.3377192982456,19879
"(0.9833333333333332, 0.9958333333333332)",1,98.33750000000012,19880
"(0.9458333333333332, 0.9958333333333332)",1,98.3375000000001,19881
"(0.9208333333333332, 0.9958333333333332)",1,98.33750000000003,19882
"(1.0, 0.9958333333333332)",2,98.33750000000003,19884
"(0.8916666666666667, 0.9833333333333332)",1,98.33749999999996,19885
"(0.8958333333333334, 0.9875)",1,98.33749999999986,19886
"(0.8916666666666667, 0.9875)",1,98.33749999999986,19887
"(0.9208333333333332, 0.9875)",1,98.33749999999984,19888
"(0.925, 0.9875)",1,98.33749999999984,19889
"(0.9, 0.9875)",1,98.33749999999982,19890
"(0.925, 0.9916666666666668)",1,98.33749999999972,19891
"(0.8255813953488372, 0.9883720930232558)",3,98.33720930232576,19894
"(0.9186046511627908, 0.9883720930232558)",1,98.33720930232576,19895
"(0.8604651162790697, 0.9883720930232558)",1,98.33720930232576,19896
"(0.8488372093023255, 0.9883720930232558)",1,98.33720930232576,19897
"(0.8953488372093024, 0.9883720930232558)",1,98.33720930232576,19898
"(0.9418604651162792, 0.9883720930232558)",1,98.33720930232576,19899
"(0.8023255813953488, 0.9883720930232558)",1,98.33720930232576,19900
"(0.627906976744186, 0.9883720930232558)",1,98.33720930232576,19901
"(0.8953488372093024, 0.9883720930232558)",2,98.33720930232572,19903
"(0.9418604651162792, 0.9883720930232558)",2,98.33720930232572,19905
"(0.8023255813953488, 0.9883720930232558)",1,98.33720930232572,19906
"(0.6162790697674418, 1.0)",2,98.33720930232558,19908
"(0.4651162790697674, 1.0)",2,98.33720930232558,19910
"(0.4901515151515151, 1.0)",1,98.3344696969697,19911
"(0.7638888888888888, 0.9861111111111112)",2,98.33333333333354,19913
"(0.9722222222222222, 0.9861111111111112)",1,98.33333333333354,19914
"(0.9305555555555556, 0.9861111111111112)",3,98.33333333333354,19917
"(0.8194444444444444, 0.9861111111111112)",1,98.33333333333354,19918
"(0.9444444444444444, 0.9861111111111112)",2,98.33333333333354,19920
"(0.8611111111111112, 0.9861111111111112)",1,98.33333333333354,19921
"(0.8333333333333334, 0.9861111111111112)",2,98.33333333333351,19923
"(0.8055555555555556, 0.9861111111111112)",2,98.33333333333351,19925
"(0.8472222222222222, 0.9861111111111112)",1,98.33333333333351,19926
"(0.8194444444444444, 0.9861111111111112)",2,98.33333333333351,19928
"(0.7638888888888888, 0.9861111111111112)",6,98.33333333333351,19934
"(0.9305555555555556, 0.9861111111111112)",2,98.33333333333351,19936
"(0.9722222222222222, 0.9861111111111112)",1,98.33333333333351,19937
"(0.9166666666666666, 0.9861111111111112)",1,98.33333333333351,19938
"(0.875, 0.9861111111111112)",1,98.33333333333351,19939
"(0.9444444444444444, 0.9861111111111112)",4,98.33333333333351,19943
"(0.8611111111111112, 0.9861111111111112)",4,98.33333333333351,19947
"(0.9027777777777778, 0.9861111111111112)",5,98.33333333333351,19952
"(0.8888888888888888, 0.9861111111111112)",3,98.33333333333351,19955
"(0.9583333333333334, 0.9791666666666666)",1,98.33333333333346,19956
"(0.9208333333333332, 0.9791666666666666)",1,98.33333333333346,19957
"(0.85, 0.9833333333333332)",1,98.3333333333334,19958
"(0.9166666666666666, 0.9833333333333332)",1,98.3333333333334,19959
"(0.8833333333333333, 0.9833333333333332)",2,98.3333333333334,19961
"(0.7666666666666667, 0.9833333333333332)",2,98.3333333333334,19963
"(0.95, 0.9833333333333332)",2,98.3333333333334,19965
"(0.9833333333333332, 0.9833333333333332)",1,98.3333333333334,19966
"(0.8, 0.9833333333333332)",1,98.3333333333334,19967
"(0.9, 0.9833333333333332)",1,98.3333333333334,19968
"(0.8166666666666667, 0.9833333333333332)",1,98.3333333333334,19969
"(0.9166666666666666, 0.9833333333333332)",3,98.3333333333334,19972
"(0.85, 0.9833333333333332)",2,98.3333333333334,19974
"(0.9666666666666668, 0.9833333333333332)",5,98.3333333333334,19979
"(0.9333333333333332, 0.9833333333333332)",1,98.3333333333334,19980
"(0.9, 0.9833333333333332)",1,98.3333333333334,19981
"(0.8333333333333334, 0.9833333333333332)",3,98.3333333333334,19984
"(0.8166666666666667, 1.0)",1,98.33333333333334,19985
"(0.9333333333333332, 1.0)",1,98.33333333333334,19986
"(0.9166666666666666, 1.0)",1,98.33333333333334,19987
"(0.7307692307692307, 1.0)",3,98.33333333333334,19990
"(0.7222222222222222, 1.0)",1,98.33333333333334,19991
"(0.7083333333333334, 1.0)",1,98.33333333333331,19992
"(0.8166666666666667, 1.0)",1,98.33333333333331,19993
"(0.7333333333333333, 1.0)",1,98.33333333333331,19994
"(0.7719298245614035, 0.9912280701754386)",2,98.33333333333331,19996
"(0.75, 1.0)",1,98.33333333333331,19997
"(0.9666666666666668, 1.0)",1,98.33333333333331,19998
"(0.9, 1.0)",3,98.33333333333331,20001
"(0.8194444444444444, 1.0)",1,98.33333333333331,20002
"(0.7638888888888888, 1.0)",1,98.33333333333331,20003
"(0.8888888888888888, 1.0)",1,98.33333333333331,20004
"(0.7777777777777778, 1.0)",1,98.33333333333331,20005
"(0.9041666666666668, 0.9875)",1,98.33333333333324,20006
"(0.9833333333333332, 1.0)",1,98.33333333333324,20007
"(0.9166666666666666, 0.9875)",1,98.3333333333332,20008
"(0.9291666666666668, 0.9875)",1,98.33333333333316,20009
"(0.9166666666666666, 0.9916666666666668)",1,98.33333333333309,20010
"(0.7571969696969697, 1.0)",1,98.33257575757575,20011
"(0.9875, 0.9958333333333332)",1,98.32916666666678,20012
"(0.9708333333333332, 0.9958333333333332)",1,98.32916666666677,20013
"(0.9833333333333332, 0.9958333333333332)",1,98.32916666666674,20014
"(0.8833333333333333, 0.9958333333333332)",1,98.32916666666674,20015
"(0.8916666666666667, 0.9958333333333332)",1,98.32916666666674,20016
"(0.975, 0.9958333333333332)",1,98.32916666666672,20017
"(0.9, 0.9833333333333332)",2,98.3291666666667,20019
"(0.9, 0.9833333333333332)",1,98.32916666666668,20020
"(0.9875, 1.0)",1,98.32916666666662,20021
"(0.9958333333333332, 1.0)",1,98.32916666666658,20022
"(0.8833333333333333, 0.9875)",1,98.32916666666657,20023
"(0.9208333333333332, 0.9875)",1,98.32916666666654,20024
"(0.9125, 0.9875)",1,98.32916666666652,20025
"(0.8958333333333334, 0.9875)",2,98.32916666666652,20027
"(0.8916666666666667, 0.9875)",1,98.3291666666665,20028
"(0.9375, 0.9875)",1,98.3291666666665,20029
"(0.9125, 0.9875)",1,98.3291666666665,20030
"(0.9125, 0.9916666666666668)",1,98.32916666666638,20031
"(0.7675438596491229, 0.9912280701754386)",1,98.32894736842104,20032
"(0.9385964912280702, 0.9912280701754386)",1,98.32894736842104,20033
"(0.3875, 1.0)",3,98.32689393939395,20036
"(0.8837209302325582, 0.9883720930232558)",1,98.325581395349,20037
"(0.813953488372093, 0.9883720930232558)",1,98.325581395349,20038
"(0.7906976744186046, 0.9883720930232558)",1,98.325581395349,20039
"(0.7790697674418605, 0.9883720930232558)",2,98.325581395349,20041
"(0.6162790697674418, 0.9883720930232558)",3,98.325581395349,20044
"(0.7674418604651163, 0.9883720930232558)",1,98.325581395349,20045
"(0.8488372093023255, 0.9883720930232558)",1,98.325581395349,20046
"(0.9418604651162792, 0.9883720930232558)",1,98.325581395349,20047
"(0.8372093023255814, 0.9883720930232558)",1,98.325581395349,20048
"(0.627906976744186, 0.9883720930232558)",1,98.325581395349,20049
"(0.8255813953488372, 0.9883720930232558)",2,98.325581395349,20051
"(0.8255813953488372, 0.9883720930232558)",2,98.325581395349,20053
"(0.872093023255814, 1.0)",2,98.32558139534883,20055
"(0.627906976744186, 1.0)",1,98.32558139534882,20056
"(0.9875, 0.9958333333333332)",1,98.32500000000006,20057
"(0.9708333333333332, 0.9958333333333332)",1,98.32500000000006,20058
"(0.9625, 0.9958333333333332)",1,98.32500000000005,20059
"(0.9083333333333332, 0.9833333333333332)",2,98.325,20061
"(0.9375, 0.9875)",1,98.3249999999999,20062
"(0.9, 0.9875)",1,98.3249999999999,20063
"(0.9333333333333332, 0.9875)",1,98.32499999999985,20064
"(0.9385964912280702, 0.9912280701754386)",1,98.32456140350877,20065
"(0.8552631578947368, 0.9912280701754386)",4,98.32456140350877,20069
"(0.7763157894736842, 0.9912280701754386)",1,98.32456140350877,20070
"(0.5303030303030303, 0.999621212121212)",1,98.32386363636364,20071
"(0.5526515151515151, 1.0)",1,98.32310606060608,20072
"(0.8958333333333334, 0.9958333333333332)",1,98.32083333333344,20073
"(0.9541666666666668, 0.9958333333333332)",1,98.32083333333344,20074
"(0.925, 0.9958333333333332)",1,98.3208333333334,20075
"(0.975, 0.9958333333333332)",2,98.3208333333334,20077
"(0.8625, 0.9958333333333332)",1,98.3208333333334,20078
"(0.9583333333333334, 0.9958333333333332)",1,98.3208333333334,20079
"(0.9208333333333332, 0.9958333333333332)",1,98.3208333333334,20080
"(0.9958333333333332, 0.9958333333333332)",1,98.32083333333335,20081
"(0.8625, 0.9958333333333332)",1,98.32083333333335,20082
"(0.9375, 0.9875)",1,98.32083333333318,20083
"(0.9333333333333332, 0.9875)",1,98.32083333333316,20084
"(0.8916666666666667, 0.9875)",1,98.32083333333316,20085
"(0.925438596491228, 0.9912280701754386)",1,98.32017543859648,20086
"(0.9078947368421052, 0.9912280701754386)",1,98.32017543859646,20087
"(0.9305555555555556, 0.9861111111111112)",2,98.31944444444464,20089
"(0.9722222222222222, 0.9861111111111112)",3,98.31944444444464,20092
"(0.8611111111111112, 0.9861111111111112)",11,98.31944444444464,20103
"(0.75, 0.9861111111111112)",3,98.31944444444464,20106
"(0.7916666666666666, 0.9861111111111112)",2,98.31944444444464,20108
"(0.8472222222222222, 0.9861111111111112)",3,98.31944444444464,20111
"(0.9027777777777778, 0.9861111111111112)",1,98.31944444444464,20112
"(0.8333333333333334, 0.9861111111111112)",1,98.31944444444464,20113
"(0.9444444444444444, 0.9861111111111112)",3,98.31944444444464,20116
"(0.8888888888888888, 0.9861111111111112)",5,98.31944444444464,20121
"(0.7638888888888888, 0.9861111111111112)",3,98.31944444444464,20124
"(0.9305555555555556, 1.0)",1,98.31944444444444,20125
"(0.7083333333333334, 1.0)",1,98.31944444444444,20126
"(0.8888888888888888, 1.0)",1,98.31944444444444,20127
"(0.9166666666666666, 1.0)",2,98.31944444444444,20129
"(0.7777777777777778, 1.0)",1,98.31944444444444,20130
"(0.9722222222222222, 1.0)",2,98.31944444444444,20132
"(0.9444444444444444, 1.0)",2,98.31944444444444,20134
"(0.75, 1.0)",4,98.31944444444444,20138
"(0.9027777777777778, 1.0)",1,98.31944444444444,20139
"(0.875, 1.0)",1,98.31944444444444,20140
"(0.9958333333333332, 0.9958333333333332)",1,98.3166666666668,20141
"(0.9583333333333334, 0.9791666666666666)",2,98.3166666666668,20143
"(0.9083333333333332, 0.9791666666666666)",2,98.3166666666668,20145
"(0.8625, 0.9958333333333332)",1,98.31666666666678,20146
"(0.85, 0.9958333333333332)",1,98.31666666666678,20147
"(0.975, 0.9958333333333332)",2,98.31666666666676,20149
"(0.9333333333333332, 0.9833333333333332)",2,98.31666666666672,20151
"(0.9666666666666668, 0.9833333333333332)",1,98.31666666666672,20152
"(0.8666666666666667, 0.9833333333333332)",1,98.31666666666672,20153
"(0.9375, 0.9958333333333332)",1,98.31666666666672,20154
"(0.7333333333333333, 0.9833333333333332)",1,98.31666666666672,20155
"(0.9833333333333332, 0.9833333333333332)",3,98.31666666666672,20158
"(0.8166666666666667, 0.9833333333333332)",2,98.31666666666672,20160
"(0.9166666666666666, 0.9833333333333332)",2,98.31666666666672,20162
"(0.8333333333333334, 0.9833333333333332)",4,98.31666666666672,20166
"(1.0, 0.9833333333333332)",3,98.31666666666672,20169
"(0.95, 0.9833333333333332)",2,98.31666666666672,20171
"(0.9, 0.9833333333333332)",4,98.31666666666672,20175
"(0.9666666666666668, 0.9833333333333332)",1,98.31666666666668,20176
"(0.9875, 0.9958333333333332)",1,98.31666666666668,20177
"(0.9833333333333332, 1.0)",1,98.31666666666666,20178
"(0.9666666666666668, 1.0)",1,98.31666666666666,20179
"(0.9, 1.0)",1,98.31666666666666,20180
"(1.0, 1.0)",2,98.31666666666666,20182
"(0.8333333333333334, 1.0)",1,98.31666666666666,20183
"(0.9291666666666668, 0.9875)",1,98.31666666666652,20184
"(0.9416666666666668, 0.9875)",1,98.31666666666652,20185
"(0.8958333333333334, 0.9875)",1,98.3166666666665,20186
"(0.9291666666666668, 0.9875)",1,98.31666666666648,20187
"(0.925438596491228, 0.9912280701754386)",2,98.3157894736842,20189
"(0.9385964912280702, 0.9912280701754386)",2,98.3157894736842,20191
"(0.7675438596491229, 0.9912280701754386)",3,98.3157894736842,20194
"(0.8837209302325582, 0.9883720930232558)",1,98.31395348837226,20195
"(0.8255813953488372, 0.9883720930232558)",1,98.31395348837226,20196
"(0.8953488372093024, 0.9883720930232558)",1,98.31395348837226,20197
"(0.6162790697674418, 0.9883720930232558)",1,98.31395348837226,20198
"(0.8255813953488372, 0.9883720930232558)",1,98.31395348837223,20199
"(0.7209302325581395, 0.9883720930232558)",3,98.31395348837223,20202
"(0.8791666666666667, 0.9958333333333332)",1,98.31250000000011,20203
"(0.8625, 0.9958333333333332)",1,98.31250000000011,20204
"(0.925, 0.9791666666666666)",2,98.3125000000001,20206
"(0.825, 0.9958333333333332)",1,98.31250000000009,20207
"(0.9291666666666668, 0.9958333333333332)",1,98.31250000000009,20208
"(0.8375, 0.9958333333333332)",2,98.31250000000009,20210
"(0.9791666666666666, 0.9958333333333332)",1,98.31250000000009,20211
"(0.9791666666666666, 0.9958333333333332)",1,98.31250000000004,20212
"(0.9, 0.9958333333333332)",1,98.31250000000004,20213
"(0.95, 1.0)",1,98.31249999999996,20214
"(0.9416666666666668, 0.9916666666666668)",1,98.3124999999998,20215
"(0.9375, 0.9916666666666668)",1,98.31249999999976,20216
"(0.925438596491228, 0.9912280701754386)",3,98.31140350877192,20219
"(0.4890151515151515, 1.0)",3,98.31060606060606,20222
"(0.5178030303030303, 1.0)",3,98.3094696969697,20225
"(0.925, 0.9791666666666666)",2,98.30833333333348,20227
"(0.9458333333333332, 0.9958333333333332)",1,98.30833333333344,20228
"(0.9208333333333332, 0.9791666666666666)",2,98.30833333333344,20230
"(0.9958333333333332, 0.9958333333333332)",2,98.3083333333334,20232
"(0.975, 0.9958333333333332)",1,98.30833333333337,20233
"(0.95, 1.0)",1,98.30833333333328,20234
"(0.8791666666666667, 0.9875)",1,98.30833333333324,20235
"(0.925, 0.9875)",2,98.30833333333324,20237
"(0.9, 0.9875)",1,98.30833333333317,20238
"(0.9125, 0.9875)",1,98.30833333333317,20239
"(0.925, 0.9875)",1,98.30833333333314,20240
"(0.9041666666666668, 0.9916666666666668)",1,98.30833333333314,20241
"(0.9375, 0.9916666666666668)",1,98.30833333333312,20242
"(0.9035087719298246, 0.9912280701754386)",1,98.30701754385964,20243
"(0.7763157894736842, 0.9912280701754386)",1,98.30701754385964,20244
"(0.8472222222222222, 0.9861111111111112)",2,98.30555555555576,20246
"(0.75, 0.9861111111111112)",1,98.30555555555576,20247
"(0.8888888888888888, 0.9861111111111112)",3,98.30555555555576,20250
"(0.8333333333333334, 0.9861111111111112)",7,98.30555555555576,20257
"(0.9444444444444444, 0.9861111111111112)",5,98.30555555555576,20262
"(0.875, 0.9861111111111112)",1,98.30555555555576,20263
"(0.9166666666666666, 0.9861111111111112)",4,98.30555555555576,20267
"(0.7083333333333334, 0.9861111111111112)",1,98.30555555555576,20268
"(0.9305555555555556, 0.9861111111111112)",4,98.30555555555576,20272
"(0.7916666666666666, 0.9861111111111112)",5,98.30555555555576,20277
"(0.8194444444444444, 0.9861111111111112)",1,98.30555555555576,20278
"(0.8055555555555556, 0.9861111111111112)",3,98.30555555555576,20281
"(0.9027777777777778, 0.9861111111111112)",3,98.30555555555576,20284
"(0.7638888888888888, 0.9861111111111112)",4,98.30555555555576,20288
"(0.9722222222222222, 0.9861111111111112)",2,98.30555555555576,20290
"(0.8611111111111112, 0.9861111111111112)",4,98.30555555555576,20294
"(0.8194444444444444, 1.0)",2,98.30555555555556,20296
"(0.7638888888888888, 1.0)",1,98.30555555555556,20297
"(0.9305555555555556, 1.0)",3,98.30555555555556,20300
"(0.875, 1.0)",1,98.30555555555556,20301
"(0.7222222222222222, 1.0)",1,98.30555555555556,20302
"(0.7361111111111112, 1.0)",2,98.30555555555556,20304
"(0.7777777777777778, 1.0)",1,98.30555555555556,20305
"(0.9583333333333334, 1.0)",1,98.30555555555556,20306
"(0.8541666666666666, 0.9958333333333332)",1,98.30416666666676,20307
"(0.825, 0.9958333333333332)",1,98.30416666666672,20308
"(0.9875, 0.9958333333333332)",1,98.30416666666672,20309
"(0.9833333333333332, 0.9958333333333332)",1,98.30416666666672,20310
"(0.975, 0.9958333333333332)",2,98.3041666666667,20312
"(0.9125, 0.9875)",1,98.3041666666665,20313
"(0.9416666666666668, 0.9875)",1,98.3041666666665,20314
"(0.9291666666666668, 0.9875)",1,98.30416666666648,20315
"(0.9416666666666668, 0.9916666666666668)",1,98.30416666666648,20316
"(0.5344696969696969, 1.0)",3,98.3034090909091,20319
"(0.9418604651162792, 0.9883720930232558)",2,98.30232558139552,20321
"(0.8488372093023255, 0.9883720930232558)",1,98.30232558139552,20322
"(0.4883720930232558, 0.9883720930232558)",1,98.30232558139552,20323
"(0.7790697674418605, 0.9883720930232558)",4,98.30232558139552,20327
"(0.813953488372093, 0.9883720930232558)",1,98.30232558139552,20328
"(0.8953488372093024, 0.9883720930232558)",1,98.30232558139552,20329
"(0.8255813953488372, 0.9883720930232558)",5,98.30232558139552,20334
"(0.8023255813953488, 0.9883720930232558)",3,98.30232558139552,20337
"(0.8837209302325582, 0.9883720930232558)",1,98.30232558139552,20338
"(0.8023255813953488, 0.9883720930232558)",1,98.30232558139552,20339
"(0.7674418604651163, 0.9883720930232558)",1,98.30232558139552,20340
"(0.7674418604651163, 0.9883720930232558)",1,98.30232558139552,20341
"(0.543939393939394, 1.0)",2,98.30151515151516,20343
"(0.95, 0.9958333333333332)",1,98.30000000000013,20344
"(0.9833333333333332, 0.9833333333333332)",1,98.30000000000008,20345
"(0.85, 0.9833333333333332)",1,98.30000000000008,20346
"(0.9, 0.9833333333333332)",1,98.30000000000008,20347
"(0.8833333333333333, 0.9833333333333332)",7,98.30000000000008,20354
"(0.9333333333333332, 0.9833333333333332)",3,98.30000000000008,20357
"(0.9666666666666668, 0.9833333333333332)",7,98.30000000000008,20364
"(1.0, 0.9833333333333332)",1,98.30000000000008,20365
"(0.95, 0.9833333333333332)",7,98.30000000000008,20372
"(0.9166666666666666, 0.9833333333333332)",1,98.30000000000008,20373
"(0.9, 0.9833333333333332)",1,98.30000000000008,20374
"(0.7666666666666667, 1.0)",2,98.3,20376
"(0.9, 1.0)",2,98.3,20378
"(0.7333333333333333, 1.0)",1,98.3,20379
"(0.9166666666666666, 1.0)",1,98.3,20380
"(0.8333333333333334, 1.0)",1,98.3,20381
"(0.85, 1.0)",3,98.3,20384
"(0.8166666666666667, 1.0)",1,98.3,20385
"(0.8833333333333333, 0.9875)",1,98.29999999999984,20386
"(0.9208333333333332, 0.9916666666666668)",2,98.29999999999978,20388
"(0.85, 0.9916666666666668)",1,98.29999999999976,20389
"(0.9385964912280702, 0.9912280701754386)",1,98.29824561403508,20390
"(0.6575757575757576, 0.9992424242424244)",1,98.29696969696973,20391
"(0.9375, 0.9791666666666666)",1,98.29583333333346,20392
"(0.9041666666666668, 0.9958333333333332)",1,98.29583333333343,20393
"(0.975, 0.9958333333333332)",1,98.29583333333343,20394
"(0.9916666666666668, 0.9958333333333332)",1,98.29583333333338,20395
"(0.9791666666666666, 1.0)",1,98.29583333333328,20396
"(0.9, 0.9875)",1,98.29583333333316,20397
"(0.925, 0.9875)",1,98.29583333333316,20398
"(0.9416666666666668, 0.9875)",1,98.29583333333316,20399
"(0.9208333333333332, 0.9875)",1,98.29583333333316,20400
"(0.8666666666666667, 0.9916666666666668)",1,98.2958333333331,20401
"(0.9035087719298246, 0.9912280701754386)",1,98.2938596491228,20402
"(0.7149122807017544, 0.9912280701754386)",2,98.2938596491228,20404
"(0.7719298245614035, 0.9912280701754386)",1,98.29385964912278,20405
"(0.8859649122807017, 0.9912280701754386)",1,98.29385964912278,20406
"(0.9385964912280702, 0.9912280701754386)",1,98.29385964912278,20407
"(0.8333333333333334, 0.9861111111111112)",5,98.29166666666688,20412
"(0.7916666666666666, 0.9861111111111112)",2,98.29166666666688,20414
"(0.7638888888888888, 0.9861111111111112)",13,98.29166666666688,20427
"(0.8472222222222222, 0.9861111111111112)",1,98.29166666666688,20428
"(0.6944444444444444, 0.9861111111111112)",1,98.29166666666688,20429
"(0.9722222222222222, 0.9861111111111112)",3,98.29166666666688,20432
"(0.9305555555555556, 0.9861111111111112)",7,98.29166666666688,20439
"(0.8888888888888888, 0.9861111111111112)",3,98.29166666666688,20442
"(0.9444444444444444, 0.9861111111111112)",5,98.29166666666688,20447
"(0.8194444444444444, 0.9861111111111112)",1,98.29166666666688,20448
"(0.9027777777777778, 0.9861111111111112)",1,98.29166666666688,20449
"(0.8611111111111112, 0.9861111111111112)",8,98.29166666666688,20457
"(0.875, 0.9861111111111112)",3,98.29166666666688,20460
"(0.9666666666666668, 0.9958333333333332)",1,98.29166666666674,20461
"(0.9583333333333334, 0.9958333333333332)",1,98.29166666666671,20462
"(0.9916666666666668, 0.9958333333333332)",1,98.2916666666667,20463
"(0.5972222222222222, 1.0)",1,98.29166666666669,20464
"(0.9, 0.9833333333333332)",1,98.29166666666669,20465
"(0.9208333333333332, 0.9833333333333332)",1,98.29166666666669,20466
"(0.7777777777777778, 1.0)",1,98.29166666666666,20467
"(0.9444444444444444, 1.0)",1,98.29166666666666,20468
"(0.7361111111111112, 1.0)",1,98.29166666666666,20469
"(0.9305555555555556, 1.0)",1,98.29166666666666,20470
"(0.6111111111111112, 1.0)",1,98.29166666666666,20471
"(0.9958333333333332, 1.0)",1,98.29166666666666,20472
"(0.8055555555555556, 1.0)",1,98.29166666666666,20473
"(0.9583333333333334, 1.0)",1,98.29166666666666,20474
"(0.9027777777777778, 1.0)",1,98.29166666666666,20475
"(0.7916666666666666, 1.0)",2,98.29166666666666,20477
"(0.9666666666666668, 1.0)",1,98.29166666666664,20478
"(0.9125, 0.9875)",1,98.2916666666665,20479
"(0.525, 0.9992424242424244)",3,98.29090909090912,20482
"(0.8604651162790697, 0.9883720930232558)",1,98.29069767441878,20483
"(0.8023255813953488, 0.9883720930232558)",2,98.29069767441877,20485
"(0.9302325581395348, 0.9883720930232558)",2,98.29069767441877,20487
"(0.8255813953488372, 0.9883720930232558)",4,98.29069767441877,20491
"(0.7790697674418605, 0.9883720930232558)",1,98.29069767441877,20492
"(0.8604651162790697, 0.9883720930232558)",2,98.29069767441877,20494
"(0.8837209302325582, 0.9883720930232558)",2,98.29069767441877,20496
"(0.9418604651162792, 0.9883720930232558)",2,98.29069767441877,20498
"(0.9385964912280702, 0.9912280701754386)",1,98.2894736842105,20499
"(0.8859649122807017, 0.9912280701754386)",2,98.2894736842105,20501
"(0.5034090909090909, 1.0)",1,98.28939393939396,20502
"(0.9875, 0.9958333333333332)",1,98.28750000000012,20503
"(0.9541666666666668, 0.9958333333333332)",1,98.28750000000012,20504
"(0.8625, 0.9958333333333332)",1,98.2875000000001,20505
"(0.975, 0.9958333333333332)",1,98.28750000000008,20506
"(0.9875, 0.9958333333333332)",1,98.28750000000008,20507
"(0.9208333333333332, 0.9958333333333332)",1,98.28750000000004,20508
"(0.9791666666666666, 0.9958333333333332)",1,98.28750000000004,20509
"(0.95, 0.9875)",1,98.28749999999984,20510
"(0.8833333333333333, 0.9875)",1,98.28749999999984,20511
"(0.9208333333333332, 0.9916666666666668)",1,98.28749999999978,20512
"(0.5034090909090909, 1.0)",3,98.28712121212122,20515
"(0.6929824561403509, 0.9912280701754386)",1,98.28508771929825,20516
"(0.4814393939393939, 1.0)",3,98.2848484848485,20519
"(0.9583333333333334, 0.9791666666666666)",1,98.28333333333346,20520
"(1.0, 0.9833333333333332)",3,98.2833333333334,20523
"(0.9666666666666668, 0.9833333333333332)",6,98.2833333333334,20529
"(0.8333333333333334, 0.9833333333333332)",2,98.2833333333334,20531
"(0.8, 0.9833333333333332)",1,98.2833333333334,20532
"(0.9916666666666668, 0.9958333333333332)",1,98.2833333333334,20533
"(0.9, 0.9833333333333332)",3,98.2833333333334,20536
"(0.9166666666666666, 0.9833333333333332)",7,98.2833333333334,20543
"(0.8833333333333333, 0.9833333333333332)",1,98.2833333333334,20544
"(0.9333333333333332, 0.9833333333333332)",2,98.2833333333334,20546
"(0.95, 0.9833333333333332)",1,98.28333333333336,20547
"(0.8333333333333334, 1.0)",1,98.28333333333332,20548
"(0.9666666666666668, 1.0)",1,98.28333333333332,20549
"(0.3602272727272727, 1.0)",3,98.28333333333332,20552
"(0.8, 1.0)",1,98.28333333333332,20553
"(0.8833333333333333, 1.0)",1,98.28333333333332,20554
"(0.8666666666666667, 1.0)",1,98.28333333333332,20555
"(0.9166666666666666, 0.9875)",1,98.2833333333332,20556
"(0.9, 0.9875)",1,98.28333333333316,20557
"(0.9375, 0.9916666666666668)",1,98.28333333333312,20558
"(0.9208333333333332, 0.9916666666666668)",1,98.28333333333303,20559
"(0.3814393939393939, 1.0)",3,98.28181818181818,20562
"(0.456060606060606, 1.0)",3,98.28068181818183,20565
"(0.9291666666666668, 0.9791666666666666)",2,98.2791666666668,20567
"(0.9791666666666666, 0.9958333333333332)",1,98.27916666666675,20568
"(0.9708333333333332, 0.9958333333333332)",1,98.27916666666674,20569
"(0.925, 0.9958333333333332)",1,98.27916666666673,20570
"(0.95, 0.9833333333333332)",1,98.2791666666667,20571
"(0.9, 0.9916666666666668)",1,98.27916666666644,20572
"(0.9208333333333332, 0.9916666666666668)",1,98.27916666666638,20573
"(0.7558139534883721, 0.9883720930232558)",1,98.27906976744202,20574
"(0.8604651162790697, 0.9883720930232558)",2,98.27906976744202,20576
"(0.813953488372093, 0.9883720930232558)",2,98.27906976744202,20578
"(0.9418604651162792, 0.9883720930232558)",1,98.27906976744202,20579
"(0.8255813953488372, 0.9883720930232558)",3,98.27906976744202,20582
"(0.8837209302325582, 0.9883720930232558)",3,98.27906976744202,20585
"(0.7674418604651163, 0.9883720930232558)",1,98.27906976744202,20586
"(0.7093023255813954, 0.9883720930232558)",1,98.27906976744202,20587
"(0.872093023255814, 1.0)",1,98.27906976744184,20588
"(0.4053030303030303, 1.0)",1,98.27878787878788,20589
"(0.9027777777777778, 0.9861111111111112)",3,98.27777777777798,20592
"(0.9166666666666666, 0.9861111111111112)",2,98.27777777777798,20594
"(0.8888888888888888, 0.9861111111111112)",1,98.27777777777798,20595
"(0.8611111111111112, 0.9861111111111112)",9,98.27777777777798,20604
"(0.8055555555555556, 0.9861111111111112)",2,98.27777777777798,20606
"(0.7638888888888888, 0.9861111111111112)",5,98.27777777777798,20611
"(0.6944444444444444, 0.9861111111111112)",1,98.27777777777798,20612
"(0.8333333333333334, 0.9861111111111112)",3,98.27777777777798,20615
"(0.7916666666666666, 0.9861111111111112)",6,98.27777777777798,20621
"(0.9444444444444444, 0.9861111111111112)",1,98.27777777777798,20622
"(0.875, 0.9861111111111112)",3,98.27777777777798,20625
"(0.9305555555555556, 0.9861111111111112)",2,98.27777777777798,20627
"(0.9027777777777778, 0.9861111111111112)",2,98.27777777777796,20629
"(0.9166666666666666, 0.9861111111111112)",1,98.27777777777796,20630
"(0.8888888888888888, 0.9861111111111112)",1,98.27777777777796,20631
"(0.9444444444444444, 0.9861111111111112)",1,98.27777777777796,20632
"(0.9305555555555556, 0.9861111111111112)",1,98.27777777777796,20633
"(0.8611111111111112, 0.9861111111111112)",1,98.27777777777796,20634
"(0.7638888888888888, 0.9861111111111112)",2,98.27777777777796,20636
"(0.8333333333333334, 0.9861111111111112)",2,98.27777777777796,20638
"(0.7638888888888888, 1.0)",1,98.27777777777776,20639
"(0.7083333333333334, 1.0)",2,98.27777777777776,20641
"(0.7777777777777778, 1.0)",1,98.27777777777776,20642
"(0.75, 1.0)",1,98.27777777777776,20643
"(0.8611111111111112, 1.0)",1,98.27777777777776,20644
"(0.8055555555555556, 1.0)",1,98.27777777777776,20645
"(0.9305555555555556, 1.0)",1,98.27777777777776,20646
"(0.8333333333333334, 1.0)",2,98.27777777777776,20648
"(0.7675438596491229, 0.9912280701754386)",1,98.27631578947368,20649
"(0.8728070175438597, 0.9912280701754386)",1,98.27631578947366,20650
"(0.9208333333333332, 0.9791666666666666)",1,98.27500000000012,20651
"(0.8791666666666667, 0.9958333333333332)",1,98.27500000000006,20652
"(0.9916666666666668, 0.9958333333333332)",1,98.27500000000003,20653
"(0.9375, 0.9958333333333332)",1,98.27500000000003,20654
"(0.9791666666666666, 0.9958333333333332)",1,98.27500000000003,20655
"(0.9958333333333332, 0.9958333333333332)",1,98.27500000000003,20656
"(0.9458333333333332, 0.9833333333333332)",1,98.275,20657
"(0.95, 0.9833333333333332)",1,98.275,20658
"(0.975, 1.0)",1,98.27499999999992,20659
"(0.8875, 0.9875)",2,98.27499999999988,20661
"(0.925, 0.9875)",1,98.27499999999984,20662
"(0.9, 0.9875)",1,98.27499999999984,20663
"(0.95, 0.9916666666666668)",1,98.2749999999998,20664
"(0.9078947368421052, 0.9912280701754386)",1,98.27192982456138,20665
"(0.8859649122807017, 0.9912280701754386)",1,98.27192982456138,20666
"(0.9791666666666666, 0.9958333333333332)",1,98.27083333333344,20667
"(0.9291666666666668, 0.9958333333333332)",1,98.2708333333334,20668
"(0.9458333333333332, 0.9958333333333332)",1,98.2708333333334,20669
"(0.9708333333333332, 0.9958333333333332)",1,98.27083333333336,20670
"(0.9541666666666668, 0.9833333333333332)",1,98.27083333333336,20671
"(0.9125, 0.9875)",1,98.27083333333326,20672
"(0.8833333333333333, 0.9875)",2,98.2708333333332,20674
"(0.8875, 0.9875)",1,98.27083333333316,20675
"(0.9166666666666666, 0.9875)",1,98.27083333333316,20676
"(0.6410256410256411, 1.0)",1,98.26923076923076,20677
"(0.8205128205128205, 1.0)",1,98.26923076923076,20678
"(0.4602272727272727, 1.0)",3,98.26818181818184,20681
"(0.8859649122807017, 0.9912280701754386)",1,98.2675438596491,20682
"(0.7790697674418605, 0.9883720930232558)",1,98.26744186046528,20683
"(0.8604651162790697, 0.9883720930232558)",1,98.26744186046528,20684
"(0.8953488372093024, 0.9883720930232558)",3,98.26744186046528,20687
"(0.8255813953488372, 0.9883720930232558)",2,98.26744186046528,20689
"(0.813953488372093, 0.9883720930232558)",1,98.26744186046528,20690
"(0.7209302325581395, 0.9883720930232558)",1,98.26744186046528,20691
"(0.7209302325581395, 0.9883720930232558)",2,98.26744186046528,20693
"(0.6162790697674418, 1.0)",1,98.26744186046513,20694
"(0.8916666666666667, 0.9958333333333332)",2,98.26666666666678,20696
"(1.0, 0.9833333333333332)",4,98.26666666666674,20700
"(0.8833333333333333, 0.9833333333333332)",6,98.26666666666674,20706
"(0.9, 0.9833333333333332)",3,98.26666666666674,20709
"(0.85, 0.9833333333333332)",2,98.26666666666674,20711
"(0.8333333333333334, 0.9833333333333332)",2,98.26666666666674,20713
"(0.9666666666666668, 0.9833333333333332)",5,98.26666666666674,20718
"(0.95, 0.9833333333333332)",9,98.26666666666674,20727
"(0.9166666666666666, 0.9833333333333332)",3,98.26666666666674,20730
"(0.9333333333333332, 0.9833333333333332)",1,98.26666666666674,20731
"(0.9833333333333332, 0.9833333333333332)",2,98.26666666666674,20733
"(0.9666666666666668, 1.0)",1,98.26666666666668,20734
"(0.9166666666666666, 1.0)",1,98.26666666666668,20735
"(0.85, 1.0)",1,98.26666666666668,20736
"(0.9833333333333332, 1.0)",2,98.26666666666668,20738
"(0.7333333333333333, 1.0)",1,98.26666666666668,20739
"(1.0, 1.0)",3,98.26666666666668,20742
"(0.8666666666666667, 1.0)",2,98.26666666666668,20744
"(0.9791666666666666, 1.0)",1,98.26666666666662,20745
"(0.9208333333333332, 0.9875)",1,98.26666666666652,20746
"(0.95, 0.9916666666666668)",1,98.26666666666644,20747
"(0.8625, 0.9916666666666668)",1,98.2666666666664,20748
"(0.5890151515151515, 1.0)",3,98.26439393939393,20751
"(0.8055555555555556, 0.9861111111111112)",1,98.2638888888891,20752
"(0.7083333333333334, 0.9861111111111112)",1,98.2638888888891,20753
"(0.8194444444444444, 0.9861111111111112)",2,98.26388888888908,20755
"(0.8055555555555556, 0.9861111111111112)",2,98.26388888888908,20757
"(0.8888888888888888, 0.9861111111111112)",2,98.26388888888908,20759
"(0.9305555555555556, 0.9861111111111112)",5,98.26388888888908,20764
"(0.9722222222222222, 0.9861111111111112)",1,98.26388888888908,20765
"(0.6944444444444444, 0.9861111111111112)",1,98.26388888888908,20766
"(0.9027777777777778, 0.9861111111111112)",4,98.26388888888908,20770
"(0.7916666666666666, 0.9861111111111112)",1,98.26388888888908,20771
"(0.7361111111111112, 0.9861111111111112)",1,98.26388888888908,20772
"(0.9166666666666666, 0.9861111111111112)",5,98.26388888888908,20777
"(0.875, 0.9861111111111112)",1,98.26388888888908,20778
"(0.9444444444444444, 0.9861111111111112)",3,98.26388888888908,20781
"(0.8333333333333334, 0.9861111111111112)",3,98.26388888888908,20784
"(0.8611111111111112, 0.9861111111111112)",4,98.26388888888908,20788
"(0.7638888888888888, 0.9861111111111112)",1,98.26388888888908,20789
"(0.9444444444444444, 1.0)",1,98.26388888888889,20790
"(0.7361111111111112, 1.0)",2,98.26388888888889,20792
"(0.75, 1.0)",1,98.26388888888889,20793
"(0.9027777777777778, 1.0)",2,98.26388888888889,20795
"(0.9305555555555556, 1.0)",1,98.26388888888889,20796
"(0.7083333333333334, 1.0)",3,98.26388888888889,20799
"(0.7916666666666666, 1.0)",1,98.26388888888889,20800
"(0.875, 1.0)",1,98.26388888888889,20801
"(0.4268939393939394, 1.0)",3,98.2632575757576,20804
"(0.9708333333333332, 0.9958333333333332)",2,98.26250000000007,20806
"(0.9375, 0.9833333333333332)",1,98.2625,20807
"(0.975, 1.0)",1,98.26249999999996,20808
"(0.3609848484848484, 1.0)",2,98.25984848484848,20810
"(0.9385964912280702, 0.9912280701754386)",1,98.25877192982456,20811
"(0.8859649122807017, 0.9912280701754386)",2,98.25877192982452,20813
"(0.9833333333333332, 0.9958333333333332)",1,98.25833333333344,20814
"(0.8458333333333333, 0.9791666666666666)",1,98.25833333333344,20815
"(0.9791666666666666, 0.9958333333333332)",1,98.25833333333344,20816
"(0.95, 0.9875)",1,98.25833333333324,20817
"(0.8833333333333333, 0.9916666666666668)",1,98.25833333333308,20818
"(0.6794871794871795, 1.0)",1,98.25641025641026,20819
"(0.8953488372093024, 0.9883720930232558)",1,98.25581395348854,20820
"(0.813953488372093, 0.9883720930232558)",1,98.25581395348854,20821
"(0.8604651162790697, 0.9883720930232558)",1,98.25581395348854,20822
"(0.8837209302325582, 0.9883720930232558)",2,98.25581395348854,20824
"(0.8255813953488372, 0.9883720930232558)",1,98.25581395348854,20825
"(0.7906976744186046, 0.9883720930232558)",1,98.25581395348854,20826
"(0.9418604651162792, 0.9883720930232558)",2,98.25581395348853,20828
"(0.8255813953488372, 0.9883720930232558)",2,98.25581395348853,20830
"(0.3372093023255814, 1.0)",1,98.25581395348836,20831
"(0.9035087719298246, 0.9912280701754386)",3,98.25438596491226,20834
"(0.8859649122807017, 0.9912280701754386)",1,98.25438596491226,20835
"(0.9375, 0.9791666666666666)",1,98.2541666666668,20836
"(0.9041666666666668, 0.9791666666666666)",1,98.25416666666678,20837
"(0.975, 0.9958333333333332)",1,98.25416666666678,20838
"(0.8458333333333333, 0.9958333333333332)",1,98.25416666666676,20839
"(0.9916666666666668, 0.9958333333333332)",1,98.25416666666672,20840
"(0.9333333333333332, 0.9958333333333332)",1,98.25416666666672,20841
"(0.9791666666666666, 1.0)",1,98.25416666666662,20842
"(0.9, 0.9875)",1,98.25416666666658,20843
"(0.9416666666666668, 0.9875)",1,98.2541666666665,20844
"(0.9208333333333332, 0.9875)",1,98.25416666666648,20845
"(0.8833333333333333, 0.9875)",1,98.25416666666648,20846
"(0.9291666666666668, 0.9916666666666668)",1,98.2541666666664,20847
"(0.5446969696969697, 1.0)",2,98.25075757575758,20849
"(0.8888888888888888, 0.9861111111111112)",3,98.2500000000002,20852
"(0.7916666666666666, 0.9861111111111112)",1,98.2500000000002,20853
"(0.9027777777777778, 0.9861111111111112)",4,98.2500000000002,20857
"(0.8611111111111112, 0.9861111111111112)",6,98.2500000000002,20863
"(0.7777777777777778, 0.9861111111111112)",1,98.2500000000002,20864
"(0.875, 0.9861111111111112)",5,98.2500000000002,20869
"(0.7638888888888888, 0.9861111111111112)",12,98.2500000000002,20881
"(0.7361111111111112, 0.9861111111111112)",1,98.2500000000002,20882
"(0.8472222222222222, 0.9861111111111112)",1,98.2500000000002,20883
"(0.8194444444444444, 0.9861111111111112)",5,98.2500000000002,20888
"(0.9444444444444444, 0.9861111111111112)",3,98.2500000000002,20891
"(0.8333333333333334, 0.9861111111111112)",2,98.2500000000002,20893
"(0.9305555555555556, 0.9861111111111112)",4,98.2500000000002,20897
"(0.9722222222222222, 0.9861111111111112)",3,98.2500000000002,20900
"(0.9208333333333332, 0.9958333333333332)",1,98.25000000000011,20901
"(0.95, 0.9791666666666666)",1,98.25000000000011,20902
"(0.9, 0.9833333333333332)",5,98.25000000000009,20907
"(0.8666666666666667, 0.9833333333333332)",2,98.25000000000009,20909
"(0.95, 0.9833333333333332)",3,98.25000000000009,20912
"(0.9833333333333332, 0.9833333333333332)",1,98.25000000000009,20913
"(1.0, 0.9833333333333332)",3,98.25000000000009,20916
"(0.9166666666666666, 0.9833333333333332)",6,98.25000000000009,20922
"(0.8833333333333333, 0.9833333333333332)",4,98.25000000000009,20926
"(0.9333333333333332, 0.9833333333333332)",7,98.25000000000009,20933
"(0.75, 0.9833333333333332)",1,98.25000000000009,20934
"(0.7666666666666667, 0.9833333333333332)",1,98.25000000000009,20935
"(0.9666666666666668, 0.9833333333333332)",5,98.25000000000009,20940
"(0.7333333333333333, 0.9833333333333332)",5,98.25000000000009,20945
"(0.8888888888888888, 1.0)",1,98.25,20946
"(0.7083333333333334, 1.0)",1,98.25,20947
"(0.8833333333333333, 1.0)",2,98.25,20949
"(0.9, 1.0)",1,98.25,20950
"(0.9833333333333332, 1.0)",1,98.25,20951
"(0.9305555555555556, 1.0)",1,98.25,20952
"(0.875, 1.0)",2,98.25,20954
"(0.9666666666666668, 1.0)",1,98.25,20955
"(0.9444444444444444, 1.0)",1,98.25,20956
"(0.7166666666666667, 1.0)",1,98.25,20957
"(0.625, 1.0)",1,98.25,20958
"(0.8055555555555556, 1.0)",2,98.25,20960
"(0.9583333333333334, 1.0)",1,98.25,20961
"(0.8333333333333334, 1.0)",1,98.25,20962
"(1.0, 1.0)",1,98.25,20963
"(0.8194444444444444, 1.0)",1,98.25,20964
"(0.706140350877193, 0.9912280701754386)",1,98.25,20965
"(0.8611111111111112, 1.0)",1,98.25,20966
"(0.9027777777777778, 1.0)",1,98.25,20967
"(0.8958333333333334, 0.9875)",1,98.24999999999989,20968
"(0.9625, 0.9875)",1,98.24999999999984,20969
"(0.9416666666666668, 0.9875)",1,98.24999999999984,20970
"(0.6098484848484849, 1.0)",1,98.2496212121212,20971
"(0.49375, 0.99875)",1,98.24750000000007,20972
"(0.7200757575757576, 1.0)",1,98.24734848484847,20973
"(0.9875, 0.9958333333333332)",1,98.24583333333342,20974
"(0.975, 0.9958333333333332)",1,98.24583333333342,20975
"(0.9583333333333334, 0.9958333333333332)",2,98.2458333333334,20977
"(0.8625, 0.9958333333333332)",1,98.2458333333334,20978
"(0.8875, 0.9833333333333332)",1,98.24583333333337,20979
"(0.95, 0.9875)",1,98.24583333333318,20980
"(0.9291666666666668, 0.9916666666666668)",1,98.24583333333308,20981
"(0.8958333333333334, 0.9916666666666668)",1,98.24583333333308,20982
"(0.8552631578947368, 0.9912280701754386)",1,98.2456140350877,20983
"(0.8859649122807017, 0.9912280701754386)",1,98.2456140350877,20984
"(0.8255813953488372, 0.9883720930232558)",5,98.2441860465118,20989
"(0.813953488372093, 0.9883720930232558)",2,98.2441860465118,20991
"(0.8488372093023255, 0.9883720930232558)",1,98.2441860465118,20992
"(0.9418604651162792, 0.9883720930232558)",2,98.2441860465118,20994
"(0.9418604651162792, 0.9883720930232558)",2,98.2441860465118,20996
"(0.8604651162790697, 0.9883720930232558)",1,98.2441860465118,20997
"(0.7558139534883721, 0.9883720930232558)",2,98.2441860465118,20999
"(0.4651162790697674, 0.9883720930232558)",1,98.2441860465118,21000
"(0.9302325581395348, 0.9883720930232558)",1,98.24418604651176,21001
"(0.6162790697674418, 1.0)",2,98.24418604651164,21003
"(0.8255813953488372, 1.0)",1,98.24418604651164,21004
"(0.8205128205128205, 1.0)",3,98.24358974358977,21007
"(0.6666666666666666, 1.0)",1,98.24358974358974,21008
"(0.4659090909090909, 1.0)",2,98.2435606060606,21010
"(0.4825757575757576, 1.0)",3,98.24204545454546,21013
"(0.975, 0.9958333333333332)",2,98.2416666666668,21015
"(0.9291666666666668, 0.9958333333333332)",1,98.24166666666676,21016
"(0.8958333333333334, 0.9791666666666666)",1,98.24166666666676,21017
"(0.95, 0.9958333333333332)",1,98.24166666666672,21018
"(0.9791666666666666, 0.9958333333333332)",1,98.24166666666672,21019
"(0.9791666666666666, 0.9958333333333332)",1,98.2416666666667,21020
"(0.9166666666666666, 0.9833333333333332)",1,98.24166666666666,21021
"(0.95, 0.9875)",1,98.24166666666652,21022
"(0.9416666666666668, 0.9875)",2,98.24166666666652,21024
"(0.9, 0.9875)",1,98.24166666666648,21025
"(0.9666666666666668, 0.975)",1,98.24166666666646,21026
"(0.925, 0.9916666666666668)",1,98.24166666666645,21027
"(0.925438596491228, 0.9912280701754386)",1,98.24122807017542,21028
"(0.8958333333333334, 0.9791666666666666)",1,98.23750000000014,21029
"(0.9166666666666666, 0.9958333333333332)",1,98.23750000000013,21030
"(0.9791666666666666, 0.9958333333333332)",1,98.23750000000013,21031
"(0.9791666666666666, 0.9958333333333332)",1,98.23750000000008,21032
"(0.9083333333333332, 0.9958333333333332)",1,98.23750000000008,21033
"(0.9791666666666666, 0.9958333333333332)",1,98.23750000000004,21034
"(0.925, 0.9833333333333332)",1,98.2375,21035
"(0.9125, 0.9875)",1,98.23749999999984,21036
"(0.8833333333333333, 0.9875)",1,98.23749999999984,21037
"(0.95, 0.9916666666666668)",1,98.2374999999998,21038
"(0.9473684210526316, 0.9912280701754386)",1,98.23684210526316,21039
"(0.8728070175438597, 0.9912280701754386)",1,98.23684210526316,21040
"(0.7719298245614035, 0.9912280701754386)",1,98.23684210526316,21041
"(0.7149122807017544, 0.9912280701754386)",2,98.23684210526314,21043
"(0.8859649122807017, 0.9912280701754386)",1,98.23684210526314,21044
"(0.8552631578947368, 0.9912280701754386)",1,98.23684210526314,21045
"(0.9027777777777778, 0.9861111111111112)",3,98.23611111111131,21048
"(0.8055555555555556, 0.9861111111111112)",2,98.23611111111131,21050
"(0.8333333333333334, 0.9861111111111112)",3,98.23611111111131,21053
"(0.7083333333333334, 0.9861111111111112)",5,98.23611111111131,21058
"(0.7777777777777778, 0.9861111111111112)",1,98.23611111111131,21059
"(0.875, 0.9861111111111112)",1,98.23611111111131,21060
"(0.9166666666666666, 0.9861111111111112)",2,98.23611111111131,21062
"(0.7222222222222222, 0.9861111111111112)",1,98.23611111111131,21063
"(0.8611111111111112, 0.9861111111111112)",2,98.23611111111131,21065
"(0.9722222222222222, 0.9861111111111112)",2,98.23611111111131,21067
"(0.6944444444444444, 0.9861111111111112)",2,98.23611111111131,21069
"(0.8472222222222222, 0.9861111111111112)",4,98.23611111111131,21073
"(0.8888888888888888, 0.9861111111111112)",3,98.23611111111131,21076
"(0.9305555555555556, 0.9861111111111112)",2,98.23611111111131,21078
"(0.7916666666666666, 0.9861111111111112)",2,98.23611111111131,21080
"(0.7638888888888888, 0.9861111111111112)",3,98.23611111111131,21083
"(0.9444444444444444, 0.9861111111111112)",5,98.23611111111131,21088
"(0.8055555555555556, 1.0)",1,98.23611111111111,21089
"(0.9027777777777778, 1.0)",1,98.23611111111111,21090
"(0.6805555555555556, 1.0)",1,98.23611111111111,21091
"(0.8472222222222222, 1.0)",2,98.23611111111111,21093
"(0.6944444444444444, 1.0)",1,98.23611111111111,21094
"(0.8333333333333334, 1.0)",1,98.23611111111111,21095
"(0.7083333333333334, 1.0)",2,98.23611111111111,21097
"(0.8194444444444444, 1.0)",1,98.23611111111111,21098
"(0.9444444444444444, 1.0)",1,98.23611111111111,21099
"(0.7666666666666667, 0.9833333333333332)",1,98.2333333333334,21100
"(0.95, 0.9833333333333332)",11,98.2333333333334,21111
"(0.9333333333333332, 0.9833333333333332)",5,98.2333333333334,21116
"(0.9166666666666666, 0.9833333333333332)",5,98.2333333333334,21121
"(1.0, 0.9833333333333332)",1,98.2333333333334,21122
"(0.8833333333333333, 0.9833333333333332)",2,98.2333333333334,21124
"(0.85, 0.9833333333333332)",1,98.2333333333334,21125
"(0.925, 0.9958333333333332)",1,98.2333333333334,21126
"(0.9, 0.9833333333333332)",6,98.2333333333334,21132
"(0.7333333333333333, 0.9833333333333332)",1,98.2333333333334,21133
"(0.9666666666666668, 0.9833333333333332)",7,98.2333333333334,21140
"(0.8666666666666667, 0.9833333333333332)",2,98.2333333333334,21142
"(0.8333333333333334, 0.9833333333333332)",1,98.2333333333334,21143
"(0.9583333333333334, 0.9833333333333332)",1,98.23333333333338,21144
"(0.9833333333333332, 0.9958333333333332)",1,98.23333333333336,21145
"(0.875, 0.9833333333333332)",1,98.23333333333336,21146
"(0.9208333333333332, 0.9833333333333332)",2,98.23333333333336,21148
"(0.8666666666666667, 1.0)",1,98.23333333333332,21149
"(0.8833333333333333, 1.0)",1,98.23333333333332,21150
"(0.9333333333333332, 1.0)",1,98.23333333333332,21151
"(0.8166666666666667, 1.0)",1,98.23333333333332,21152
"(1.0, 1.0)",1,98.23333333333332,21153
"(0.9583333333333334, 0.9833333333333332)",2,98.23333333333332,21155
"(0.7674418604651163, 0.9883720930232558)",1,98.23255813953506,21156
"(0.813953488372093, 0.9883720930232558)",1,98.23255813953506,21157
"(0.872093023255814, 0.9883720930232558)",1,98.23255813953506,21158
"(0.7906976744186046, 0.9883720930232558)",1,98.23255813953504,21159
"(0.813953488372093, 0.9883720930232558)",1,98.23255813953504,21160
"(0.8837209302325582, 0.9883720930232558)",3,98.23255813953504,21163
"(0.8255813953488372, 0.9883720930232558)",4,98.23255813953504,21167
"(0.7674418604651163, 0.9883720930232558)",1,98.23255813953504,21168
"(0.8488372093023255, 0.9883720930232558)",1,98.23255813953504,21169
"(0.8953488372093024, 0.9883720930232558)",1,98.23255813953504,21170
"(0.7209302325581395, 0.9883720930232558)",2,98.23255813953504,21172
"(0.7441860465116279, 0.9883720930232558)",1,98.23255813953504,21173
"(0.5930232558139535, 1.0)",1,98.23255813953487,21174
"(0.7719298245614035, 0.9912280701754386)",1,98.23245614035086,21175
"(0.9078947368421052, 0.9912280701754386)",1,98.23245614035086,21176
"(0.7307692307692307, 1.0)",1,98.23076923076924,21177
"(0.8717948717948718, 1.0)",1,98.23076923076924,21178
"(0.95, 0.9791666666666666)",1,98.2291666666668,21179
"(0.975, 0.9958333333333332)",1,98.22916666666674,21180
"(0.8625, 0.9958333333333332)",1,98.22916666666671,21181
"(0.95, 0.9958333333333332)",1,98.22916666666671,21182
"(0.9666666666666668, 0.9958333333333332)",1,98.2291666666667,21183
"(0.9791666666666666, 0.9958333333333332)",1,98.2291666666667,21184
"(0.9416666666666668, 0.9833333333333332)",1,98.22916666666669,21185
"(0.925, 0.9875)",1,98.22916666666654,21186
"(0.9625, 0.9875)",1,98.22916666666654,21187
"(0.8859649122807017, 0.9912280701754386)",1,98.22807017543856,21188
"(0.3678030303030303, 1.0)",1,98.22575757575756,21189
"(0.4909090909090909, 1.0)",3,98.2253787878788,21192
"(0.8625, 0.9958333333333332)",1,98.2250000000001,21193
"(0.9833333333333332, 0.9958333333333332)",1,98.22500000000008,21194
"(0.925, 0.9833333333333332)",1,98.22500000000004,21195
"(0.925, 0.9833333333333332)",1,98.22500000000002,21196
"(0.95, 0.9833333333333332)",1,98.22499999999997,21197
"(0.9375, 0.9875)",1,98.22499999999994,21198
"(0.9166666666666666, 0.9875)",1,98.22499999999992,21199
"(0.9, 0.9875)",1,98.22499999999992,21200
"(0.8916666666666667, 0.9916666666666668)",1,98.22499999999972,21201
"(0.9429824561403508, 0.9912280701754386)",1,98.22368421052629,21202
"(0.5098484848484849, 0.9992424242424244)",3,98.22272727272728,21205
"(0.4496212121212121, 0.999621212121212)",3,98.22272727272728,21208
"(0.9305555555555556, 0.9861111111111112)",7,98.22222222222244,21215
"(0.875, 0.9861111111111112)",3,98.22222222222244,21218
"(0.8472222222222222, 0.9861111111111112)",1,98.22222222222244,21219
"(0.8333333333333334, 0.9861111111111112)",4,98.22222222222244,21223
"(0.6944444444444444, 0.9861111111111112)",2,98.22222222222244,21225
"(0.7777777777777778, 0.9861111111111112)",1,98.22222222222244,21226
"(0.9722222222222222, 0.9861111111111112)",1,98.22222222222244,21227
"(0.7638888888888888, 0.9861111111111112)",7,98.22222222222244,21234
"(0.7361111111111112, 0.9861111111111112)",2,98.22222222222244,21236
"(0.8611111111111112, 0.9861111111111112)",5,98.22222222222244,21241
"(0.7916666666666666, 0.9861111111111112)",2,98.22222222222244,21243
"(0.9027777777777778, 0.9861111111111112)",8,98.22222222222244,21251
"(0.6666666666666666, 0.9861111111111112)",1,98.22222222222244,21252
"(0.8055555555555556, 0.9861111111111112)",1,98.22222222222244,21253
"(0.9166666666666666, 0.9861111111111112)",2,98.22222222222244,21255
"(0.8194444444444444, 0.9861111111111112)",6,98.22222222222244,21261
"(0.8888888888888888, 0.9861111111111112)",1,98.22222222222244,21262
"(0.9444444444444444, 0.9861111111111112)",4,98.22222222222244,21266
"(0.9444444444444444, 0.9861111111111112)",1,98.2222222222224,21267
"(0.875, 0.9861111111111112)",1,98.2222222222224,21268
"(0.7083333333333334, 1.0)",4,98.22222222222224,21272
"(0.9027777777777778, 1.0)",2,98.22222222222224,21274
"(0.8611111111111112, 1.0)",1,98.22222222222224,21275
"(0.7916666666666666, 1.0)",1,98.22222222222224,21276
"(0.7361111111111112, 1.0)",1,98.22222222222224,21277
"(0.9444444444444444, 1.0)",1,98.22222222222224,21278
"(0.75, 1.0)",2,98.22222222222224,21280
"(0.6805555555555556, 1.0)",1,98.22222222222224,21281
"(0.9418604651162792, 0.9883720930232558)",2,98.2209302325583,21283
"(0.627906976744186, 0.9883720930232558)",1,98.2209302325583,21284
"(0.8372093023255814, 0.9883720930232558)",1,98.2209302325583,21285
"(0.7674418604651163, 0.9883720930232558)",1,98.2209302325583,21286
"(0.7441860465116279, 1.0)",2,98.22093023255812,21288
"(0.9375, 0.9791666666666666)",1,98.22083333333347,21289
"(0.9791666666666666, 0.9958333333333332)",1,98.22083333333336,21290
"(0.9916666666666668, 0.9958333333333332)",1,98.22083333333336,21291
"(0.9375, 0.9833333333333332)",1,98.2208333333333,21292
"(0.9166666666666666, 0.9875)",1,98.22083333333322,21293
"(0.925, 0.9875)",1,98.22083333333316,21294
"(0.9208333333333332, 0.9875)",1,98.22083333333316,21295
"(0.4356060606060606, 1.0)",3,98.22007575757576,21298
"(0.3776515151515151, 1.0)",1,98.22007575757576,21299
"(0.4515151515151515, 1.0)",3,98.21856060606062,21302
"(0.5512820512820513, 1.0)",3,98.21794871794872,21305
"(0.9291666666666668, 0.9791666666666666)",1,98.2166666666668,21306
"(0.9875, 0.9958333333333332)",1,98.21666666666675,21307
"(0.9, 0.9833333333333332)",3,98.21666666666674,21310
"(0.9166666666666666, 0.9833333333333332)",2,98.21666666666674,21312
"(0.8166666666666667, 0.9833333333333332)",1,98.21666666666674,21313
"(0.9666666666666668, 0.9833333333333332)",8,98.21666666666674,21321
"(0.95, 0.9833333333333332)",6,98.21666666666674,21327
"(0.8666666666666667, 0.9833333333333332)",1,98.21666666666674,21328
"(0.8, 0.9833333333333332)",1,98.21666666666674,21329
"(0.9333333333333332, 0.9833333333333332)",2,98.21666666666674,21331
"(0.9833333333333332, 0.9833333333333332)",2,98.21666666666674,21333
"(0.8833333333333333, 0.9833333333333332)",1,98.21666666666674,21334
"(0.9708333333333332, 0.9958333333333332)",2,98.21666666666673,21336
"(0.8875, 0.9833333333333332)",1,98.21666666666668,21337
"(0.9666666666666668, 1.0)",1,98.21666666666668,21338
"(0.8333333333333334, 1.0)",1,98.21666666666668,21339
"(0.8166666666666667, 1.0)",1,98.21666666666668,21340
"(0.9166666666666666, 1.0)",1,98.21666666666668,21341
"(0.8666666666666667, 1.0)",1,98.21666666666668,21342
"(0.8, 1.0)",1,98.21666666666668,21343
"(0.9375, 0.9875)",1,98.21666666666653,21344
"(0.9429824561403508, 0.9912280701754386)",2,98.21491228070174,21346
"(0.7105263157894737, 0.9912280701754386)",1,98.21491228070174,21347
"(0.9429824561403508, 0.9912280701754386)",1,98.21491228070172,21348
"(0.3814393939393939, 1.0)",1,98.21363636363635,21349
"(0.9291666666666668, 0.9791666666666666)",1,98.21250000000012,21350
"(0.9666666666666668, 0.9958333333333332)",1,98.21250000000012,21351
"(0.95, 0.9958333333333332)",1,98.21250000000008,21352
"(0.9083333333333332, 0.9833333333333332)",1,98.21250000000002,21353
"(0.9, 0.9875)",1,98.21249999999988,21354
"(0.9666666666666668, 0.9875)",1,98.21249999999986,21355
"(0.95, 0.9875)",1,98.21249999999984,21356
"(0.95, 0.9875)",1,98.21249999999982,21357
"(0.4659090909090909, 1.0)",1,98.21060606060608,21358
"(0.9035087719298246, 0.9912280701754386)",1,98.21052631578944,21359
"(0.9429824561403508, 0.9912280701754386)",1,98.21052631578944,21360
"(0.7105263157894737, 0.9912280701754386)",1,98.21052631578944,21361
"(0.6231060606060606, 1.0)",1,98.2098484848485,21362
"(0.7093023255813954, 0.9883720930232558)",1,98.20930232558156,21363
"(0.7558139534883721, 0.9883720930232558)",1,98.20930232558156,21364
"(0.4883720930232558, 0.9883720930232558)",1,98.20930232558156,21365
"(0.8488372093023255, 0.9883720930232558)",1,98.20930232558156,21366
"(0.7674418604651163, 0.9883720930232558)",2,98.20930232558156,21368
"(0.9418604651162792, 0.9883720930232558)",1,98.20930232558156,21369
"(0.9418604651162792, 0.9883720930232558)",1,98.20930232558156,21370
"(0.8953488372093024, 0.9883720930232558)",1,98.20930232558156,21371
"(0.8604651162790697, 0.9883720930232558)",2,98.20930232558156,21373
"(0.6162790697674418, 0.9883720930232558)",1,98.20930232558156,21374
"(0.7790697674418605, 0.9883720930232558)",2,98.20930232558156,21376
"(0.9302325581395348, 0.9883720930232558)",1,98.20930232558156,21377
"(0.8055555555555556, 0.9861111111111112)",1,98.20833333333354,21378
"(0.75, 0.9861111111111112)",1,98.20833333333354,21379
"(0.9305555555555556, 0.9861111111111112)",1,98.20833333333354,21380
"(0.8333333333333334, 0.9861111111111112)",1,98.20833333333354,21381
"(0.8472222222222222, 0.9861111111111112)",1,98.20833333333354,21382
"(0.9166666666666666, 0.9861111111111112)",1,98.20833333333354,21383
"(0.9722222222222222, 0.9861111111111112)",1,98.20833333333351,21384
"(0.6944444444444444, 0.9861111111111112)",3,98.20833333333351,21387
"(0.9027777777777778, 0.9861111111111112)",9,98.20833333333351,21396
"(0.7222222222222222, 0.9861111111111112)",1,98.20833333333351,21397
"(0.7916666666666666, 0.9861111111111112)",5,98.20833333333351,21402
"(0.8194444444444444, 0.9861111111111112)",2,98.20833333333351,21404
"(0.7361111111111112, 0.9861111111111112)",1,98.20833333333351,21405
"(0.8611111111111112, 0.9861111111111112)",5,98.20833333333351,21410
"(0.6527777777777778, 0.9861111111111112)",1,98.20833333333351,21411
"(0.8055555555555556, 0.9861111111111112)",1,98.20833333333351,21412
"(0.9166666666666666, 0.9861111111111112)",5,98.20833333333351,21417
"(0.7638888888888888, 0.9861111111111112)",10,98.20833333333351,21427
"(0.8888888888888888, 0.9861111111111112)",2,98.20833333333351,21429
"(0.875, 0.9861111111111112)",3,98.20833333333351,21432
"(0.8472222222222222, 0.9861111111111112)",4,98.20833333333351,21436
"(0.8333333333333334, 0.9861111111111112)",2,98.20833333333351,21438
"(0.9444444444444444, 0.9861111111111112)",7,98.20833333333351,21445
"(0.9791666666666666, 0.9958333333333332)",1,98.20833333333344,21446
"(0.9125, 0.9791666666666666)",2,98.20833333333344,21448
"(0.9416666666666668, 0.9791666666666666)",1,98.20833333333344,21449
"(0.9875, 0.9958333333333332)",1,98.20833333333336,21450
"(0.9833333333333332, 0.9958333333333332)",1,98.20833333333336,21451
"(0.9916666666666668, 0.9958333333333332)",1,98.20833333333336,21452
"(0.7083333333333334, 1.0)",2,98.20833333333334,21454
"(0.8194444444444444, 1.0)",1,98.20833333333334,21455
"(0.9166666666666666, 1.0)",1,98.20833333333334,21456
"(0.8958333333333334, 0.9833333333333332)",2,98.20833333333334,21458
"(0.5972222222222222, 1.0)",1,98.20833333333334,21459
"(0.7361111111111112, 1.0)",1,98.20833333333331,21460
"(0.8888888888888888, 1.0)",1,98.20833333333331,21461
"(0.75, 1.0)",1,98.20833333333331,21462
"(0.9583333333333334, 1.0)",1,98.20833333333331,21463
"(0.8875, 0.9875)",1,98.20833333333329,21464
"(0.9583333333333334, 0.9875)",1,98.20833333333324,21465
"(0.9416666666666668, 0.9875)",1,98.2083333333332,21466
"(0.9458333333333332, 0.975)",1,98.20833333333309,21467
"(0.3814393939393939, 1.0)",3,98.2064393939394,21470
"(0.8728070175438597, 0.9912280701754386)",1,98.20614035087718,21471
"(0.8205128205128205, 1.0)",1,98.2051282051282,21472
"(0.4053030303030303, 1.0)",3,98.20492424242424,21475
"(0.8625, 0.9958333333333332)",2,98.20416666666677,21477
"(0.9875, 0.9958333333333332)",1,98.20416666666677,21478
"(0.9083333333333332, 0.9791666666666666)",1,98.20416666666677,21479
"(0.9666666666666668, 0.9958333333333332)",1,98.20416666666674,21480
"(0.9875, 0.9958333333333332)",1,98.20416666666672,21481
"(0.9833333333333332, 0.9958333333333332)",1,98.2041666666667,21482
"(0.8458333333333333, 0.9833333333333332)",2,98.20416666666668,21484
"(0.9375, 0.9833333333333332)",1,98.20416666666668,21485
"(0.9166666666666666, 0.9875)",2,98.20416666666654,21487
"(0.4507575757575757, 1.0)",3,98.20303030303032,21490
"(0.7719298245614035, 0.9912280701754386)",3,98.2017543859649,21493
"(0.3583333333333333, 0.999621212121212)",3,98.20151515151515,21496
"(0.9291666666666668, 0.9958333333333332)",1,98.20000000000012,21497
"(0.8625, 0.9958333333333332)",1,98.20000000000012,21498
"(0.975, 0.9958333333333332)",1,98.2000000000001,21499
"(0.6666666666666666, 0.9833333333333332)",1,98.20000000000007,21500
"(0.6833333333333333, 0.9833333333333332)",1,98.20000000000007,21501
"(0.7333333333333333, 0.9833333333333332)",3,98.20000000000007,21504
"(0.9166666666666666, 0.9833333333333332)",3,98.20000000000007,21507
"(0.7666666666666667, 0.9833333333333332)",2,98.20000000000007,21509
"(0.8333333333333334, 0.9833333333333332)",1,98.20000000000007,21510
"(0.8, 0.9833333333333332)",1,98.20000000000007,21511
"(0.8625, 0.9958333333333332)",2,98.20000000000007,21513
"(1.0, 0.9833333333333332)",1,98.20000000000007,21514
"(0.8666666666666667, 0.9833333333333332)",2,98.20000000000007,21516
"(0.95, 0.9833333333333332)",3,98.20000000000007,21519
"(0.8833333333333333, 0.9833333333333332)",10,98.20000000000007,21529
"(0.9666666666666668, 0.9833333333333332)",3,98.20000000000007,21532
"(0.9333333333333332, 0.9833333333333332)",9,98.20000000000007,21541
"(0.9, 0.9833333333333332)",8,98.20000000000007,21549
"(0.9, 0.9833333333333332)",1,98.20000000000006,21550
"(0.9, 1.0)",1,98.2,21551
"(0.85, 1.0)",1,98.2,21552
"(0.4837121212121212, 1.0)",2,98.2,21554
"(0.8833333333333333, 1.0)",2,98.2,21556
"(0.9833333333333332, 1.0)",1,98.2,21557
"(1.0, 1.0)",3,98.2,21560
"(0.85, 1.0)",1,98.2,21561
"(0.8833333333333333, 0.9875)",1,98.19999999999985,21562
"(0.9208333333333332, 0.9875)",2,98.19999999999985,21564
"(0.95, 0.9875)",1,98.19999999999982,21565
"(0.4068181818181818, 1.0)",3,98.19848484848488,21568
"(0.8255813953488372, 0.9883720930232558)",1,98.19767441860482,21569
"(0.7558139534883721, 0.9883720930232558)",1,98.19767441860482,21570
"(0.8837209302325582, 0.9883720930232558)",1,98.19767441860482,21571
"(0.7674418604651163, 0.9883720930232558)",3,98.1976744186048,21574
"(0.8023255813953488, 0.9883720930232558)",1,98.1976744186048,21575
"(0.872093023255814, 0.9883720930232558)",2,98.1976744186048,21577
"(0.7558139534883721, 0.9883720930232558)",1,98.1976744186048,21578
"(0.8255813953488372, 0.9883720930232558)",1,98.1976744186048,21579
"(0.9429824561403508, 0.9912280701754386)",1,98.19736842105262,21580
"(0.925438596491228, 0.9912280701754386)",1,98.1973684210526,21581
"(0.4890151515151515, 1.0)",1,98.1969696969697,21582
"(0.9458333333333332, 0.9791666666666666)",1,98.19583333333348,21583
"(0.9208333333333332, 0.9958333333333332)",1,98.19583333333344,21584
"(0.8666666666666667, 0.9958333333333332)",2,98.19583333333344,21586
"(0.9208333333333332, 0.9958333333333332)",1,98.19583333333344,21587
"(0.875, 0.9958333333333332)",1,98.1958333333334,21588
"(0.9166666666666666, 0.9833333333333332)",1,98.1958333333334,21589
"(0.9458333333333332, 0.9833333333333332)",1,98.19583333333338,21590
"(0.9708333333333332, 0.9958333333333332)",1,98.19583333333335,21591
"(0.9875, 0.9958333333333332)",1,98.19583333333335,21592
"(0.9125, 0.9958333333333332)",1,98.19583333333335,21593
"(0.9833333333333332, 0.9958333333333332)",1,98.19583333333335,21594
"(0.9583333333333334, 0.9833333333333332)",1,98.19583333333333,21595
"(0.925, 0.9875)",1,98.1958333333332,21596
"(0.95, 0.9875)",1,98.1958333333332,21597
"(0.9208333333333332, 0.9875)",1,98.19583333333316,21598
"(0.4579545454545454, 1.0)",1,98.19507575757576,21599
"(0.9722222222222222, 0.9861111111111112)",1,98.19444444444466,21600
"(0.9027777777777778, 0.9861111111111112)",1,98.19444444444466,21601
"(0.7916666666666666, 0.9861111111111112)",4,98.19444444444464,21605
"(0.7083333333333334, 0.9861111111111112)",1,98.19444444444464,21606
"(0.9305555555555556, 0.9861111111111112)",2,98.19444444444464,21608
"(0.9444444444444444, 0.9861111111111112)",6,98.19444444444464,21614
"(0.6527777777777778, 0.9861111111111112)",1,98.19444444444464,21615
"(0.7777777777777778, 0.9861111111111112)",1,98.19444444444464,21616
"(0.6944444444444444, 0.9861111111111112)",6,98.19444444444464,21622
"(0.9027777777777778, 0.9861111111111112)",7,98.19444444444464,21629
"(0.8194444444444444, 0.9861111111111112)",1,98.19444444444464,21630
"(0.8611111111111112, 0.9861111111111112)",5,98.19444444444464,21635
"(0.8333333333333334, 0.9861111111111112)",1,98.19444444444464,21636
"(0.875, 0.9861111111111112)",2,98.19444444444464,21638
"(0.9166666666666666, 0.9861111111111112)",6,98.19444444444464,21644
"(0.8055555555555556, 0.9861111111111112)",5,98.19444444444464,21649
"(0.7638888888888888, 0.9861111111111112)",1,98.19444444444464,21650
"(0.8888888888888888, 0.9861111111111112)",10,98.19444444444464,21660
"(0.8472222222222222, 1.0)",1,98.19444444444444,21661
"(0.8194444444444444, 1.0)",1,98.19444444444444,21662
"(0.5972222222222222, 1.0)",1,98.19444444444444,21663
"(0.9583333333333334, 1.0)",1,98.19444444444444,21664
"(0.4462121212121212, 1.0)",3,98.19318181818184,21667
"(0.9429824561403508, 0.9912280701754386)",1,98.19298245614031,21668
"(0.706140350877193, 0.9912280701754386)",1,98.19298245614031,21669
"(0.4469696969696969, 1.0)",1,98.19280303030304,21670
"(0.8717948717948718, 1.0)",3,98.1923076923077,21673
"(0.8916666666666667, 0.9958333333333332)",1,98.19166666666678,21674
"(0.9833333333333332, 0.9958333333333332)",1,98.19166666666676,21675
"(0.95, 0.9875)",1,98.19166666666652,21676
"(0.9291666666666668, 0.9875)",1,98.1916666666665,21677
"(0.3814393939393939, 1.0)",3,98.1909090909091,21680
"(0.3537878787878787, 1.0)",3,98.19015151515153,21683
"(0.4375, 0.9992424242424244)",1,98.18939393939397,21684
"(0.9078947368421052, 0.9912280701754386)",1,98.18859649122804,21685
"(0.5117424242424242, 1.0)",3,98.1878787878788,21688
"(0.9833333333333332, 0.9958333333333332)",1,98.18750000000009,21689
"(0.975, 0.9958333333333332)",1,98.18750000000009,21690
"(0.9791666666666666, 0.9958333333333332)",1,98.18750000000006,21691
"(0.9916666666666668, 0.9958333333333332)",1,98.18750000000004,21692
"(0.9916666666666668, 0.9958333333333332)",1,98.18750000000004,21693
"(0.9291666666666668, 0.9833333333333332)",1,98.1875,21694
"(0.9375, 0.9875)",1,98.18749999999991,21695
"(0.9291666666666668, 0.9875)",1,98.18749999999991,21696
"(0.5034090909090909, 1.0)",3,98.18636363636364,21699
"(0.7674418604651163, 0.9883720930232558)",1,98.18604651162808,21700
"(0.9418604651162792, 0.9883720930232558)",1,98.18604651162806,21701
"(0.7790697674418605, 0.9883720930232558)",3,98.18604651162806,21704
"(0.8837209302325582, 0.9883720930232558)",1,98.18604651162806,21705
"(0.8488372093023255, 0.9883720930232558)",1,98.18604651162806,21706
"(0.7674418604651163, 0.9883720930232558)",1,98.18604651162806,21707
"(0.8023255813953488, 0.9883720930232558)",2,98.18604651162806,21709
"(0.3372093023255814, 1.0)",1,98.18604651162792,21710
"(0.9035087719298246, 0.9912280701754386)",1,98.18421052631578,21711
"(0.706140350877193, 0.9912280701754386)",1,98.18421052631578,21712
"(0.9473684210526316, 0.9912280701754386)",1,98.18421052631577,21713
"(0.8859649122807017, 0.9912280701754386)",1,98.18421052631577,21714
"(0.9385964912280702, 0.9912280701754386)",1,98.18421052631577,21715
"(0.3534090909090909, 1.0)",3,98.18409090909093,21718
"(0.4579545454545454, 1.0)",3,98.18371212121212,21721
"(0.9125, 0.9958333333333332)",1,98.18333333333344,21722
"(0.9541666666666668, 0.9958333333333332)",1,98.18333333333344,21723
"(0.975, 0.9958333333333332)",2,98.18333333333342,21725
"(0.7333333333333333, 0.9833333333333332)",1,98.1833333333334,21726
"(0.8625, 0.9958333333333332)",1,98.1833333333334,21727
"(0.9666666666666668, 0.9833333333333332)",2,98.1833333333334,21729
"(1.0, 0.9833333333333332)",1,98.1833333333334,21730
"(0.9166666666666666, 0.9833333333333332)",1,98.1833333333334,21731
"(0.9833333333333332, 0.9833333333333332)",4,98.1833333333334,21735
"(0.9, 0.9833333333333332)",1,98.1833333333334,21736
"(0.7666666666666667, 0.9833333333333332)",2,98.1833333333334,21738
"(0.95, 0.9833333333333332)",2,98.1833333333334,21740
"(0.8666666666666667, 0.9833333333333332)",1,98.1833333333334,21741
"(0.9333333333333332, 0.9833333333333332)",3,98.1833333333334,21744
"(0.8666666666666667, 0.9833333333333332)",1,98.1833333333334,21745
"(0.8166666666666667, 0.9833333333333332)",1,98.1833333333334,21746
"(0.95, 0.9833333333333332)",1,98.1833333333334,21747
"(0.9166666666666666, 0.9833333333333332)",2,98.1833333333334,21749
"(0.9666666666666668, 0.9833333333333332)",4,98.1833333333334,21753
"(0.8, 0.9833333333333332)",1,98.1833333333334,21754
"(0.975, 0.9958333333333332)",2,98.18333333333338,21756
"(0.9083333333333332, 0.9833333333333332)",1,98.18333333333337,21757
"(0.9291666666666668, 0.9833333333333332)",1,98.18333333333337,21758
"(0.95, 0.9833333333333332)",1,98.18333333333337,21759
"(0.925, 0.9833333333333332)",1,98.18333333333337,21760
"(0.5625, 1.0)",1,98.18333333333334,21761
"(0.8333333333333334, 1.0)",1,98.18333333333334,21762
"(0.85, 1.0)",1,98.18333333333334,21763
"(1.0, 1.0)",1,98.18333333333334,21764
"(0.9833333333333332, 1.0)",2,98.18333333333334,21766
"(0.9, 1.0)",1,98.18333333333334,21767
"(0.9416666666666668, 0.9875)",1,98.18333333333324,21768
"(0.9291666666666668, 0.9875)",1,98.1833333333332,21769
"(0.9291666666666668, 0.9875)",1,98.18333333333317,21770
"(0.5443181818181818, 1.0)",3,98.18295454545456,21773
"(0.9027777777777778, 0.9861111111111112)",6,98.18055555555576,21779
"(0.7638888888888888, 0.9861111111111112)",5,98.18055555555576,21784
"(0.7361111111111112, 0.9861111111111112)",2,98.18055555555576,21786
"(0.875, 0.9861111111111112)",6,98.18055555555576,21792
"(0.8194444444444444, 0.9861111111111112)",6,98.18055555555576,21798
"(0.9722222222222222, 0.9861111111111112)",1,98.18055555555576,21799
"(0.75, 0.9861111111111112)",1,98.18055555555576,21800
"(0.8333333333333334, 0.9861111111111112)",6,98.18055555555576,21806
"(0.8472222222222222, 0.9861111111111112)",1,98.18055555555576,21807
"(0.7916666666666666, 0.9861111111111112)",1,98.18055555555576,21808
"(0.9583333333333334, 0.9861111111111112)",1,98.18055555555576,21809
"(0.9166666666666666, 0.9861111111111112)",1,98.18055555555576,21810
"(0.9305555555555556, 0.9861111111111112)",3,98.18055555555576,21813
"(0.8611111111111112, 0.9861111111111112)",5,98.18055555555576,21818
"(0.8888888888888888, 0.9861111111111112)",2,98.18055555555576,21820
"(0.6944444444444444, 0.9861111111111112)",3,98.18055555555576,21823
"(0.9444444444444444, 0.9861111111111112)",5,98.18055555555576,21828
"(0.8055555555555556, 0.9861111111111112)",1,98.18055555555576,21829
"(0.7361111111111112, 1.0)",1,98.18055555555556,21830
"(0.8333333333333334, 1.0)",1,98.18055555555556,21831
"(0.7916666666666666, 1.0)",1,98.18055555555556,21832
"(0.8888888888888888, 1.0)",1,98.18055555555556,21833
"(0.9027777777777778, 1.0)",2,98.18055555555556,21835
"(0.9583333333333334, 1.0)",2,98.18055555555556,21837
"(0.8472222222222222, 1.0)",1,98.18055555555556,21838
"(0.8611111111111112, 1.0)",1,98.18055555555556,21839
"(0.9166666666666666, 1.0)",1,98.18055555555556,21840
"(0.9444444444444444, 1.0)",1,98.18055555555556,21841
"(0.9305555555555556, 1.0)",1,98.18055555555556,21842
"(0.7638888888888888, 1.0)",1,98.18055555555554,21843
"(0.2454545454545454, 1.0)",1,98.18030303030304,21844
"(0.8552631578947368, 0.9912280701754386)",1,98.17982456140348,21845
"(0.706140350877193, 0.9912280701754386)",2,98.17982456140348,21847
"(0.8552631578947368, 0.9912280701754386)",1,98.17982456140348,21848
"(0.9429824561403508, 0.9912280701754386)",2,98.17982456140348,21850
"(0.9473684210526316, 0.9912280701754386)",1,98.17982456140348,21851
"(0.9035087719298246, 0.9912280701754386)",1,98.17982456140348,21852
"(0.6538461538461539, 1.0)",1,98.17948717948718,21853
"(0.7435897435897436, 1.0)",1,98.17948717948718,21854
"(0.9458333333333332, 0.9791666666666666)",1,98.1791666666668,21855
"(0.9625, 0.9958333333333332)",1,98.17916666666676,21856
"(0.9583333333333334, 0.9958333333333332)",1,98.17916666666676,21857
"(0.9708333333333332, 0.9958333333333332)",1,98.17916666666672,21858
"(0.9583333333333334, 0.9833333333333332)",1,98.17916666666672,21859
"(0.9791666666666666, 0.9958333333333332)",1,98.1791666666667,21860
"(0.9208333333333332, 0.9833333333333332)",1,98.1791666666667,21861
"(0.8859649122807017, 0.9912280701754386)",1,98.1754385964912,21862
"(0.95, 0.9791666666666666)",1,98.17500000000014,21863
"(0.8875, 0.9791666666666666)",1,98.17500000000013,21864
"(0.9333333333333332, 0.9791666666666666)",1,98.17500000000013,21865
"(0.9708333333333332, 0.9958333333333332)",1,98.17500000000008,21866
"(0.9625, 0.9958333333333332)",1,98.17500000000004,21867
"(0.9583333333333334, 0.9958333333333332)",1,98.17500000000004,21868
"(0.9416666666666668, 0.9833333333333332)",1,98.17500000000004,21869
"(0.9875, 0.9958333333333332)",1,98.17500000000004,21870
"(0.9416666666666668, 0.9833333333333332)",1,98.175,21871
"(0.9125, 0.9833333333333332)",1,98.175,21872
"(0.8958333333333334, 0.9875)",2,98.1749999999999,21874
"(0.9375, 0.9875)",1,98.17499999999988,21875
"(0.7674418604651163, 0.9883720930232558)",1,98.17441860465132,21876
"(0.8488372093023255, 0.9883720930232558)",1,98.17441860465132,21877
"(0.8837209302325582, 0.9883720930232558)",2,98.17441860465132,21879
"(0.872093023255814, 0.9883720930232558)",1,98.17441860465132,21880
"(0.7558139534883721, 0.9883720930232558)",1,98.17441860465132,21881
"(0.8837209302325582, 0.9883720930232558)",1,98.17441860465132,21882
"(0.8604651162790697, 0.9883720930232558)",1,98.17441860465132,21883
"(0.8255813953488372, 0.9883720930232558)",2,98.17441860465132,21885
"(0.443560606060606, 1.0)",3,98.17386363636366,21888
"(0.2935606060606061, 1.0)",1,98.1723484848485,21889
"(0.3537878787878787, 1.0)",3,98.17234848484848,21892
"(0.4753787878787879, 1.0)",1,98.17121212121214,21893
"(0.9473684210526316, 0.9912280701754386)",2,98.17105263157892,21895
"(0.6929824561403509, 0.9912280701754386)",1,98.17105263157892,21896
"(0.8859649122807017, 0.9912280701754386)",1,98.17105263157892,21897
"(0.8728070175438597, 0.9912280701754386)",1,98.17105263157892,21898
"(0.9791666666666666, 0.9958333333333332)",1,98.1708333333334,21899
"(0.9791666666666666, 0.9958333333333332)",1,98.17083333333338,21900
"(0.95, 0.9958333333333332)",1,98.17083333333336,21901
"(0.9416666666666668, 0.9833333333333332)",1,98.17083333333336,21902
"(0.9291666666666668, 0.9833333333333332)",1,98.17083333333336,21903
"(0.9125, 0.9833333333333332)",1,98.17083333333336,21904
"(0.9958333333333332, 1.0)",1,98.17083333333326,21905
"(0.9291666666666668, 0.9875)",1,98.1708333333332,21906
"(0.9166666666666666, 0.9875)",1,98.17083333333318,21907
"(0.9444444444444444, 0.9861111111111112)",2,98.16666666666688,21909
"(0.7916666666666666, 0.9861111111111112)",2,98.16666666666688,21911
"(0.6944444444444444, 0.9861111111111112)",2,98.16666666666688,21913
"(0.875, 0.9861111111111112)",4,98.16666666666688,21917
"(0.8888888888888888, 0.9861111111111112)",8,98.16666666666688,21925
"(0.7361111111111112, 0.9861111111111112)",3,98.16666666666688,21928
"(0.8472222222222222, 0.9861111111111112)",6,98.16666666666688,21934
"(0.8333333333333334, 0.9861111111111112)",4,98.16666666666688,21938
"(0.8194444444444444, 0.9861111111111112)",1,98.16666666666688,21939
"(0.9027777777777778, 0.9861111111111112)",2,98.16666666666688,21941
"(0.7638888888888888, 0.9861111111111112)",3,98.16666666666688,21944
"(0.6527777777777778, 0.9861111111111112)",1,98.16666666666688,21945
"(0.9305555555555556, 0.9861111111111112)",6,98.16666666666688,21951
"(0.8611111111111112, 0.9861111111111112)",4,98.16666666666688,21955
"(0.9166666666666666, 0.9861111111111112)",1,98.16666666666688,21956
"(0.7083333333333334, 0.9861111111111112)",4,98.16666666666688,21960
"(0.8472222222222222, 0.9861111111111112)",1,98.16666666666686,21961
"(0.75, 0.9861111111111112)",1,98.16666666666686,21962
"(0.9416666666666668, 0.9791666666666666)",1,98.1666666666668,21963
"(0.8541666666666666, 0.9958333333333332)",2,98.16666666666676,21965
"(0.7333333333333333, 0.9833333333333332)",1,98.16666666666674,21966
"(0.8833333333333333, 0.9833333333333332)",1,98.16666666666674,21967
"(0.9166666666666666, 0.9833333333333332)",3,98.16666666666674,21970
"(0.75, 0.9833333333333332)",1,98.16666666666674,21971
"(0.9625, 0.9958333333333332)",1,98.16666666666674,21972
"(0.8666666666666667, 0.9833333333333332)",1,98.16666666666674,21973
"(0.8333333333333334, 0.9833333333333332)",1,98.16666666666674,21974
"(0.7833333333333333, 0.9833333333333332)",1,98.16666666666674,21975
"(0.6666666666666666, 0.9833333333333332)",1,98.16666666666674,21976
"(0.9333333333333332, 0.9833333333333332)",1,98.16666666666674,21977
"(0.9833333333333332, 0.9833333333333332)",2,98.16666666666671,21979
"(0.8, 0.9833333333333332)",2,98.16666666666671,21981
"(0.8666666666666667, 0.9833333333333332)",1,98.16666666666671,21982
"(0.8333333333333334, 0.9833333333333332)",2,98.16666666666671,21984
"(0.8833333333333333, 0.9833333333333332)",3,98.16666666666671,21987
"(0.9333333333333332, 0.9833333333333332)",3,98.16666666666671,21990
"(0.8166666666666667, 0.9833333333333332)",1,98.16666666666671,21991
"(0.9666666666666668, 0.9958333333333332)",1,98.16666666666671,21992
"(0.95, 0.9833333333333332)",4,98.16666666666671,21996
"(0.9, 0.9833333333333332)",4,98.16666666666671,22000
"(0.9666666666666668, 0.9833333333333332)",3,98.16666666666671,22003
"(0.9166666666666666, 0.9833333333333332)",5,98.16666666666671,22008
"(0.8888888888888888, 1.0)",1,98.16666666666669,22009
"(0.9027777777777778, 1.0)",1,98.16666666666669,22010
"(0.8194444444444444, 1.0)",1,98.16666666666669,22011
"(0.5512820512820513, 1.0)",1,98.16666666666669,22012
"(1.0, 1.0)",1,98.16666666666669,22013
"(0.7361111111111112, 1.0)",2,98.16666666666666,22015
"(0.9166666666666666, 1.0)",1,98.16666666666666,22016
"(0.9, 1.0)",1,98.16666666666666,22017
"(0.625, 1.0)",1,98.16666666666666,22018
"(0.875, 1.0)",1,98.16666666666666,22019
"(0.7083333333333334, 1.0)",1,98.16666666666666,22020
"(1.0, 1.0)",1,98.16666666666666,22021
"(0.8333333333333334, 1.0)",1,98.16666666666666,22022
"(0.8076923076923077, 1.0)",1,98.16666666666666,22023
"(0.7916666666666666, 1.0)",1,98.16666666666666,22024
"(0.8552631578947368, 0.9912280701754386)",1,98.16666666666664,22025
"(0.8458333333333333, 0.9875)",1,98.1666666666666,22026
"(0.95, 0.9875)",1,98.16666666666654,22027
"(0.925, 0.9875)",1,98.16666666666652,22028
"(0.925, 0.9875)",1,98.1666666666665,22029
"(0.9375, 0.9916666666666668)",1,98.1666666666664,22030
"(0.603030303030303, 1.0)",1,98.16477272727272,22031
"(0.813953488372093, 0.9883720930232558)",1,98.1627906976746,22032
"(0.8488372093023255, 0.9883720930232558)",1,98.16279069767458,22033
"(0.7209302325581395, 0.9883720930232558)",1,98.16279069767458,22034
"(0.7441860465116279, 0.9883720930232558)",1,98.16279069767458,22035
"(0.7790697674418605, 0.9883720930232558)",1,98.16279069767458,22036
"(0.9418604651162792, 0.9883720930232558)",1,98.16279069767458,22037
"(0.7558139534883721, 0.9883720930232558)",1,98.16279069767457,22038
"(0.8604651162790697, 0.9883720930232558)",1,98.16279069767457,22039
"(0.8255813953488372, 0.9883720930232558)",4,98.16279069767457,22043
"(0.8953488372093024, 0.9883720930232558)",1,98.16279069767457,22044
"(0.9958333333333332, 0.9958333333333332)",1,98.16250000000012,22045
"(0.9375, 0.9791666666666666)",2,98.16250000000012,22047
"(0.9833333333333332, 0.9958333333333332)",1,98.1625000000001,22048
"(0.975, 0.9958333333333332)",1,98.16250000000008,22049
"(0.9708333333333332, 0.9958333333333332)",1,98.16250000000008,22050
"(0.975, 0.9958333333333332)",1,98.16250000000004,22051
"(0.9666666666666668, 0.9833333333333332)",2,98.16250000000004,22053
"(0.95, 0.9916666666666668)",1,98.1624999999998,22054
"(0.925438596491228, 0.9912280701754386)",1,98.16228070175436,22055
"(0.7149122807017544, 0.9912280701754386)",1,98.16228070175436,22056
"(0.9385964912280702, 0.9912280701754386)",2,98.16228070175436,22058
"(0.8859649122807017, 0.9912280701754386)",1,98.16228070175436,22059
"(0.5068181818181818, 1.0)",1,98.16174242424242,22060
"(0.9375, 0.9958333333333332)",2,98.15833333333346,22062
"(0.9875, 0.9958333333333332)",2,98.15833333333345,22064
"(0.8916666666666667, 0.9958333333333332)",1,98.1583333333334,22065
"(0.9208333333333332, 0.9916666666666668)",1,98.15833333333312,22066
"(0.925438596491228, 0.9912280701754386)",1,98.15789473684208,22067
"(0.7719298245614035, 0.9912280701754386)",2,98.15789473684208,22069
"(0.3746212121212121, 1.0)",2,98.157196969697,22071
"(0.4242424242424242, 1.0)",3,98.15454545454546,22074
"(0.9416666666666668, 0.9791666666666666)",1,98.1541666666668,22075
"(0.9791666666666666, 0.9958333333333332)",1,98.15416666666675,22076
"(0.9083333333333332, 0.9791666666666666)",1,98.15416666666674,22077
"(0.9458333333333332, 0.9833333333333332)",1,98.15416666666673,22078
"(0.9041666666666668, 0.9833333333333332)",1,98.15416666666673,22079
"(0.9791666666666666, 0.9958333333333332)",1,98.15416666666673,22080
"(0.975, 0.9958333333333332)",1,98.1541666666667,22081
"(0.9375, 0.9833333333333332)",1,98.15416666666668,22082
"(0.95, 0.9875)",1,98.15416666666655,22083
"(0.8916666666666667, 0.9875)",1,98.15416666666648,22084
"(0.5512820512820513, 1.0)",1,98.15384615384616,22085
"(0.5431818181818182, 1.0)",1,98.15378787878788,22086
"(0.7149122807017544, 0.9912280701754386)",1,98.1535087719298,22087
"(0.8552631578947368, 0.9912280701754386)",1,98.1535087719298,22088
"(0.4571969696969697, 0.999621212121212)",1,98.1530303030303,22089
"(0.6944444444444444, 0.9861111111111112)",1,98.15277777777798,22090
"(0.9166666666666666, 0.9861111111111112)",2,98.15277777777798,22092
"(0.9722222222222222, 0.9861111111111112)",3,98.15277777777798,22095
"(0.9305555555555556, 0.9861111111111112)",5,98.15277777777798,22100
"(0.875, 0.9861111111111112)",1,98.15277777777798,22101
"(0.7361111111111112, 0.9861111111111112)",2,98.15277777777798,22103
"(0.8333333333333334, 0.9861111111111112)",3,98.15277777777798,22106
"(0.8611111111111112, 0.9861111111111112)",5,98.15277777777798,22111
"(0.8888888888888888, 0.9861111111111112)",1,98.15277777777798,22112
"(0.9027777777777778, 0.9861111111111112)",4,98.15277777777798,22116
"(0.8472222222222222, 0.9861111111111112)",2,98.15277777777798,22118
"(0.75, 0.9861111111111112)",1,98.15277777777798,22119
"(0.8194444444444444, 0.9861111111111112)",3,98.15277777777798,22122
"(0.7638888888888888, 0.9861111111111112)",3,98.15277777777798,22125
"(0.7638888888888888, 0.9861111111111112)",2,98.15277777777796,22127
"(0.8888888888888888, 0.9861111111111112)",1,98.15277777777796,22128
"(0.9166666666666666, 0.9861111111111112)",1,98.15277777777796,22129
"(0.8611111111111112, 0.9861111111111112)",1,98.15277777777796,22130
"(0.9027777777777778, 0.9861111111111112)",3,98.15277777777796,22133
"(0.8333333333333334, 0.9861111111111112)",1,98.15277777777796,22134
"(0.6944444444444444, 0.9861111111111112)",1,98.15277777777796,22135
"(0.7222222222222222, 0.9861111111111112)",1,98.15277777777796,22136
"(0.8194444444444444, 0.9861111111111112)",2,98.15277777777796,22138
"(0.9444444444444444, 0.9861111111111112)",3,98.15277777777796,22141
"(0.8055555555555556, 0.9861111111111112)",1,98.15277777777796,22142
"(0.875, 0.9861111111111112)",4,98.15277777777796,22146
"(0.7777777777777778, 1.0)",1,98.15277777777776,22147
"(0.8472222222222222, 1.0)",1,98.15277777777776,22148
"(0.9166666666666666, 1.0)",1,98.15277777777776,22149
"(0.8333333333333334, 1.0)",2,98.15277777777776,22151
"(0.9583333333333334, 1.0)",1,98.15277777777776,22152
"(0.7083333333333334, 1.0)",4,98.15277777777776,22156
"(0.75, 1.0)",1,98.15277777777776,22157
"(0.7361111111111112, 1.0)",1,98.15277777777776,22158
"(0.9027777777777778, 1.0)",1,98.15277777777776,22159
"(0.875, 1.0)",1,98.15277777777776,22160
"(0.2696969696969697, 0.999621212121212)",3,98.15151515151516,22163
"(0.7441860465116279, 0.9883720930232558)",2,98.15116279069784,22165
"(0.4883720930232558, 0.9883720930232558)",1,98.15116279069784,22166
"(0.8953488372093024, 0.9883720930232558)",1,98.15116279069782,22167
"(0.8255813953488372, 0.9883720930232558)",4,98.15116279069782,22171
"(0.8023255813953488, 0.9883720930232558)",1,98.15116279069782,22172
"(0.7441860465116279, 1.0)",1,98.15116279069768,22173
"(0.7333333333333333, 0.9833333333333332)",2,98.15000000000008,22175
"(0.75, 0.9833333333333332)",1,98.15000000000008,22176
"(0.9333333333333332, 0.9833333333333332)",2,98.15000000000008,22178
"(0.8333333333333334, 0.9833333333333332)",1,98.15000000000008,22179
"(0.9333333333333332, 0.9833333333333332)",8,98.15000000000006,22187
"(0.9, 0.9833333333333332)",3,98.15000000000006,22190
"(0.8833333333333333, 0.9833333333333332)",2,98.15000000000006,22192
"(0.8666666666666667, 0.9833333333333332)",4,98.15000000000006,22196
"(0.95, 0.9833333333333332)",9,98.15000000000006,22205
"(0.9166666666666666, 0.9833333333333332)",5,98.15000000000006,22210
"(0.9208333333333332, 0.9833333333333332)",1,98.15000000000003,22211
"(0.8958333333333334, 0.9958333333333332)",1,98.15000000000003,22212
"(0.975, 0.9958333333333332)",1,98.15000000000003,22213
"(0.9833333333333332, 0.9958333333333332)",1,98.15000000000003,22214
"(0.9375, 0.9833333333333332)",1,98.15000000000002,22215
"(0.7666666666666667, 1.0)",1,98.15,22216
"(0.8, 1.0)",1,98.15,22217
"(0.9833333333333332, 1.0)",1,98.15,22218
"(1.0, 1.0)",1,98.15,22219
"(0.8333333333333334, 1.0)",1,98.15,22220
"(0.9333333333333332, 1.0)",1,98.15,22221
"(0.8833333333333333, 1.0)",2,98.15,22223
"(0.9125, 0.9833333333333332)",1,98.15,22224
"(0.8666666666666667, 1.0)",1,98.15,22225
"(0.9583333333333334, 0.9875)",1,98.14999999999988,22226
"(0.9125, 0.9875)",1,98.14999999999986,22227
"(0.7763157894736842, 0.9912280701754386)",1,98.14912280701752,22228
"(0.2579545454545454, 1.0)",3,98.14848484848486,22231
"(0.4492424242424242, 1.0)",1,98.14621212121212,22232
"(0.95, 0.9791666666666666)",1,98.14583333333348,22233
"(0.95, 0.9791666666666666)",1,98.14583333333346,22234
"(0.8458333333333333, 0.9791666666666666)",1,98.14583333333346,22235
"(0.9583333333333334, 0.9791666666666666)",1,98.14583333333346,22236
"(0.9875, 0.9958333333333332)",1,98.14583333333346,22237
"(0.9041666666666668, 0.9958333333333332)",2,98.14583333333344,22239
"(0.9833333333333332, 0.9958333333333332)",1,98.14583333333344,22240
"(0.8375, 0.9958333333333332)",1,98.1458333333334,22241
"(0.9916666666666668, 0.9958333333333332)",1,98.1458333333334,22242
"(0.925, 0.9833333333333332)",1,98.14583333333336,22243
"(0.9083333333333332, 0.9833333333333332)",1,98.14583333333336,22244
"(0.9416666666666668, 0.9833333333333332)",1,98.14583333333336,22245
"(0.95, 0.9875)",1,98.14583333333329,22246
"(0.9291666666666668, 0.9875)",1,98.14583333333324,22247
"(0.9208333333333332, 0.9875)",1,98.1458333333332,22248
"(0.925, 0.9875)",1,98.14583333333316,22249
"(0.9291666666666668, 0.9916666666666668)",1,98.14583333333312,22250
"(0.9208333333333332, 0.9916666666666668)",1,98.14583333333309,22251
"(0.4579545454545454, 1.0)",1,98.14507575757575,22252
"(0.7763157894736842, 0.9912280701754386)",3,98.14473684210525,22255
"(0.4428030303030303, 1.0)",3,98.14242424242424,22258
"(0.9416666666666668, 0.9791666666666666)",2,98.1416666666668,22260
"(0.8625, 0.9958333333333332)",1,98.14166666666677,22261
"(0.9875, 0.9958333333333332)",1,98.14166666666677,22262
"(0.9333333333333332, 0.9958333333333332)",1,98.14166666666677,22263
"(0.9916666666666668, 0.9958333333333332)",1,98.14166666666677,22264
"(0.9791666666666666, 0.9958333333333332)",3,98.14166666666674,22267
"(0.9291666666666668, 0.9833333333333332)",1,98.14166666666672,22268
"(0.9375, 0.9958333333333332)",1,98.14166666666672,22269
"(0.9833333333333332, 0.9958333333333332)",1,98.1416666666667,22270
"(0.8875, 0.9833333333333332)",1,98.14166666666664,22271
"(0.9083333333333332, 0.9875)",1,98.14166666666658,22272
"(0.8958333333333334, 0.9875)",1,98.14166666666657,22273
"(0.8076923076923077, 1.0)",3,98.14102564102564,22276
"(0.8461538461538461, 1.0)",1,98.14102564102564,22277
"(0.6410256410256411, 1.0)",1,98.14102564102564,22278
"(0.406060606060606, 1.0)",1,98.14053030303032,22279
"(0.925438596491228, 0.9912280701754386)",1,98.14035087719296,22280
"(0.8488372093023255, 0.9883720930232558)",1,98.1395348837211,22281
"(0.9418604651162792, 0.9883720930232558)",2,98.1395348837211,22283
"(0.8255813953488372, 0.9883720930232558)",1,98.1395348837211,22284
"(0.8837209302325582, 0.9883720930232558)",2,98.1395348837211,22286
"(0.8953488372093024, 0.9883720930232558)",2,98.13953488372108,22288
"(0.8837209302325582, 0.9883720930232558)",1,98.13953488372108,22289
"(0.7558139534883721, 0.9883720930232558)",1,98.13953488372108,22290
"(0.7674418604651163, 0.9883720930232558)",1,98.13953488372108,22291
"(0.9418604651162792, 0.9883720930232558)",1,98.13953488372108,22292
"(0.8604651162790697, 0.9883720930232558)",1,98.13953488372108,22293
"(0.813953488372093, 0.9883720930232558)",1,98.13953488372108,22294
"(0.7790697674418605, 0.9883720930232558)",1,98.13953488372108,22295
"(0.9186046511627908, 1.0)",1,98.13953488372093,22296
"(0.4329545454545455, 1.0)",3,98.13939393939395,22299
"(0.9444444444444444, 0.9861111111111112)",2,98.1388888888891,22301
"(0.9722222222222222, 0.9861111111111112)",1,98.1388888888891,22302
"(0.8611111111111112, 0.9861111111111112)",3,98.1388888888891,22305
"(0.9305555555555556, 0.9861111111111112)",1,98.1388888888891,22306
"(0.9027777777777778, 0.9861111111111112)",6,98.13888888888908,22312
"(0.6944444444444444, 0.9861111111111112)",2,98.13888888888908,22314
"(0.875, 0.9861111111111112)",8,98.13888888888908,22322
"(0.8333333333333334, 0.9861111111111112)",4,98.13888888888908,22326
"(0.7361111111111112, 0.9861111111111112)",2,98.13888888888908,22328
"(0.9166666666666666, 0.9861111111111112)",9,98.13888888888908,22337
"(0.8611111111111112, 0.9861111111111112)",6,98.13888888888908,22343
"(0.8194444444444444, 0.9861111111111112)",5,98.13888888888908,22348
"(0.9444444444444444, 0.9861111111111112)",1,98.13888888888908,22349
"(0.8472222222222222, 0.9861111111111112)",2,98.13888888888908,22351
"(0.7916666666666666, 0.9861111111111112)",2,98.13888888888908,22353
"(0.8888888888888888, 0.9861111111111112)",7,98.13888888888908,22360
"(0.9305555555555556, 0.9861111111111112)",3,98.13888888888908,22363
"(0.7638888888888888, 0.9861111111111112)",2,98.13888888888908,22365
"(0.7083333333333334, 0.9861111111111112)",1,98.13888888888908,22366
"(0.8888888888888888, 1.0)",1,98.13888888888889,22367
"(0.8333333333333334, 1.0)",1,98.13888888888889,22368
"(0.6111111111111112, 1.0)",1,98.13888888888889,22369
"(0.7638888888888888, 1.0)",2,98.13888888888889,22371
"(0.8472222222222222, 1.0)",1,98.13888888888889,22372
"(0.9027777777777778, 1.0)",1,98.13888888888889,22373
"(0.7083333333333334, 1.0)",1,98.13888888888889,22374
"(0.9166666666666666, 1.0)",1,98.13888888888889,22375
"(0.8611111111111112, 1.0)",3,98.13888888888889,22378
"(0.9444444444444444, 1.0)",3,98.13888888888889,22381
"(0.6805555555555556, 1.0)",1,98.13888888888889,22382
"(0.3583333333333333, 0.999621212121212)",3,98.13863636363638,22385
"(0.9333333333333332, 0.9791666666666666)",2,98.13750000000012,22387
"(0.9958333333333332, 0.9958333333333332)",1,98.1375000000001,22388
"(0.8958333333333334, 0.9958333333333332)",1,98.13750000000007,22389
"(0.9416666666666668, 0.9833333333333332)",1,98.13750000000005,22390
"(0.4916666666666666, 1.0)",1,98.1375,22391
"(0.9125, 0.9833333333333332)",1,98.1375,22392
"(0.9291666666666668, 0.9875)",3,98.13749999999985,22395
"(0.4079545454545454, 1.0)",3,98.13712121212122,22398
"(0.9078947368421052, 0.9912280701754386)",2,98.13596491228068,22400
"(0.9541666666666668, 0.9958333333333332)",1,98.13333333333344,22401
"(0.9875, 0.9958333333333332)",1,98.1333333333334,22402
"(0.9583333333333334, 0.9958333333333332)",1,98.1333333333334,22403
"(0.9666666666666668, 0.9833333333333332)",5,98.1333333333334,22408
"(0.8833333333333333, 0.9833333333333332)",2,98.1333333333334,22410
"(0.95, 0.9833333333333332)",6,98.1333333333334,22416
"(0.85, 0.9833333333333332)",1,98.1333333333334,22417
"(0.9166666666666666, 0.9833333333333332)",4,98.1333333333334,22421
"(1.0, 0.9833333333333332)",1,98.1333333333334,22422
"(0.9166666666666666, 0.9833333333333332)",2,98.1333333333334,22424
"(0.9833333333333332, 0.9833333333333332)",1,98.1333333333334,22425
"(1.0, 0.9833333333333332)",2,98.1333333333334,22427
"(0.9, 0.9833333333333332)",1,98.1333333333334,22428
"(0.8666666666666667, 0.9833333333333332)",1,98.1333333333334,22429
"(0.9333333333333332, 0.9833333333333332)",1,98.1333333333334,22430
"(0.9375, 0.9833333333333332)",1,98.13333333333338,22431
"(0.975, 0.9958333333333332)",1,98.13333333333335,22432
"(0.9083333333333332, 0.9833333333333332)",1,98.13333333333335,22433
"(0.9708333333333332, 0.9958333333333332)",1,98.13333333333335,22434
"(0.9458333333333332, 0.9833333333333332)",2,98.13333333333334,22436
"(0.9875, 1.0)",1,98.13333333333333,22437
"(0.8333333333333334, 1.0)",1,98.13333333333333,22438
"(0.9833333333333332, 1.0)",1,98.13333333333333,22439
"(0.9666666666666668, 1.0)",1,98.13333333333333,22440
"(0.7333333333333333, 1.0)",1,98.13333333333333,22441
"(0.85, 1.0)",1,98.13333333333333,22442
"(1.0, 1.0)",2,98.13333333333333,22444
"(0.7, 1.0)",1,98.13333333333333,22445
"(0.8458333333333333, 0.9875)",2,98.13333333333324,22447
"(0.8958333333333334, 0.9875)",2,98.13333333333324,22449
"(0.9291666666666668, 0.9875)",1,98.13333333333318,22450
"(0.8859649122807017, 0.9912280701754386)",1,98.1315789473684,22451
"(0.9385964912280702, 0.9912280701754386)",1,98.1315789473684,22452
"(0.5871212121212122, 1.0)",3,98.12992424242424,22455
"(0.95, 0.9791666666666666)",1,98.1291666666668,22456
"(0.9791666666666666, 0.9958333333333332)",1,98.12916666666678,22457
"(0.9375, 0.9791666666666666)",1,98.12916666666672,22458
"(0.975, 0.9958333333333332)",1,98.1291666666667,22459
"(0.9333333333333332, 0.9958333333333332)",1,98.1291666666667,22460
"(0.975, 0.9958333333333332)",1,98.12916666666668,22461
"(0.9083333333333332, 0.9833333333333332)",1,98.12916666666668,22462
"(0.9125, 0.9833333333333332)",1,98.12916666666668,22463
"(0.9125, 0.9833333333333332)",1,98.12916666666666,22464
"(0.8791666666666667, 0.9875)",1,98.1291666666666,22465
"(0.9416666666666668, 0.9875)",1,98.12916666666656,22466
"(0.9, 0.9875)",1,98.12916666666656,22467
"(0.9125, 0.9875)",2,98.12916666666656,22469
"(0.9666666666666668, 0.9875)",1,98.12916666666648,22470
"(0.8833333333333333, 0.9916666666666668)",1,98.12916666666646,22471
"(0.9125, 0.9916666666666668)",1,98.12916666666644,22472
"(0.7307692307692307, 1.0)",1,98.12820512820514,22473
"(0.4358974358974359, 1.0)",1,98.12820512820514,22474
"(0.7790697674418605, 0.9883720930232558)",1,98.12790697674436,22475
"(0.9302325581395348, 0.9883720930232558)",1,98.12790697674434,22476
"(0.8604651162790697, 0.9883720930232558)",1,98.12790697674434,22477
"(0.8953488372093024, 0.9883720930232558)",1,98.12790697674434,22478
"(0.9418604651162792, 0.9883720930232558)",1,98.12790697674434,22479
"(0.4883720930232558, 0.9883720930232558)",1,98.12790697674434,22480
"(0.813953488372093, 0.9883720930232558)",1,98.12790697674434,22481
"(0.8023255813953488, 0.9883720930232558)",1,98.12790697674434,22482
"(0.9473684210526316, 0.9912280701754386)",1,98.12719298245612,22483
"(0.9035087719298246, 0.9912280701754386)",1,98.12719298245612,22484
"(0.4825757575757576, 0.999621212121212)",1,98.1257575757576,22485
"(0.7916666666666666, 0.9861111111111112)",2,98.1250000000002,22487
"(0.7638888888888888, 0.9861111111111112)",1,98.1250000000002,22488
"(0.8194444444444444, 0.9861111111111112)",3,98.1250000000002,22491
"(0.8611111111111112, 0.9861111111111112)",4,98.1250000000002,22495
"(0.8472222222222222, 0.9861111111111112)",3,98.1250000000002,22498
"(0.75, 0.9861111111111112)",2,98.1250000000002,22500
"(0.875, 0.9861111111111112)",4,98.1250000000002,22504
"(0.6944444444444444, 0.9861111111111112)",3,98.1250000000002,22507
"(0.9305555555555556, 0.9861111111111112)",4,98.1250000000002,22511
"(0.7361111111111112, 0.9861111111111112)",2,98.1250000000002,22513
"(0.9444444444444444, 0.9861111111111112)",3,98.1250000000002,22516
"(0.9166666666666666, 0.9861111111111112)",3,98.1250000000002,22519
"(0.7083333333333334, 0.9861111111111112)",4,98.1250000000002,22523
"(0.8333333333333334, 0.9861111111111112)",9,98.1250000000002,22532
"(0.7777777777777778, 0.9861111111111112)",1,98.1250000000002,22533
"(0.9722222222222222, 0.9861111111111112)",2,98.1250000000002,22535
"(0.9027777777777778, 0.9861111111111112)",8,98.1250000000002,22543
"(0.8888888888888888, 0.9861111111111112)",8,98.1250000000002,22551
"(0.9916666666666668, 0.9958333333333332)",2,98.12500000000011,22553
"(0.9208333333333332, 0.9833333333333332)",1,98.125,22554
"(0.9444444444444444, 1.0)",1,98.125,22555
"(0.9027777777777778, 1.0)",1,98.125,22556
"(0.7777777777777778, 1.0)",2,98.125,22558
"(0.625, 1.0)",1,98.125,22559
"(0.9722222222222222, 1.0)",1,98.125,22560
"(0.9305555555555556, 1.0)",2,98.125,22562
"(0.8055555555555556, 1.0)",1,98.125,22563
"(0.8194444444444444, 1.0)",1,98.125,22564
"(0.8472222222222222, 1.0)",1,98.125,22565
"(0.7083333333333334, 1.0)",4,98.125,22569
"(0.9166666666666666, 1.0)",1,98.125,22570
"(0.7361111111111112, 1.0)",2,98.125,22572
"(0.8916666666666667, 0.9875)",1,98.12499999999986,22573
"(0.9125, 0.9875)",1,98.12499999999986,22574
"(0.9375, 0.9875)",1,98.12499999999984,22575
"(0.9375, 0.9916666666666668)",1,98.12499999999976,22576
"(0.9375, 0.9916666666666668)",1,98.12499999999972,22577
"(0.4537878787878788, 1.0)",1,98.12386363636364,22578
"(0.8552631578947368, 0.9912280701754386)",1,98.12280701754383,22579
"(0.9875, 0.9958333333333332)",1,98.12083333333348,22580
"(0.875, 0.9958333333333332)",1,98.12083333333342,22581
"(0.9625, 0.9958333333333332)",2,98.1208333333334,22583
"(0.925, 0.9833333333333332)",1,98.12083333333337,22584
"(0.9875, 0.9958333333333332)",1,98.12083333333337,22585
"(0.4356060606060606, 1.0)",1,98.12083333333334,22586
"(0.95, 0.9875)",1,98.12083333333328,22587
"(0.925, 0.9875)",1,98.12083333333324,22588
"(0.9208333333333332, 0.9875)",1,98.12083333333324,22589
"(0.95, 0.9875)",1,98.12083333333324,22590
"(0.9125, 0.9875)",1,98.12083333333324,22591
"(0.9375, 0.9875)",1,98.12083333333324,22592
"(0.9208333333333332, 0.9875)",2,98.1208333333332,22594
"(0.5075, 0.9975)",1,98.12000000000008,22595
"(0.7719298245614035, 0.9912280701754386)",1,98.11842105263156,22596
"(0.4890151515151515, 0.9992424242424244)",3,98.11704545454546,22599
"(0.7166666666666667, 0.9833333333333332)",1,98.11666666666676,22600
"(0.95, 0.9833333333333332)",1,98.11666666666676,22601
"(0.8, 0.9833333333333332)",1,98.11666666666676,22602
"(0.7333333333333333, 0.9833333333333332)",4,98.11666666666672,22606
"(1.0, 0.9958333333333332)",1,98.11666666666672,22607
"(0.9, 0.9833333333333332)",3,98.11666666666672,22610
"(0.9833333333333332, 0.9833333333333332)",2,98.11666666666672,22612
"(0.9666666666666668, 0.9833333333333332)",3,98.11666666666672,22615
"(0.8833333333333333, 0.9833333333333332)",1,98.11666666666672,22616
"(0.8666666666666667, 0.9833333333333332)",5,98.11666666666672,22621
"(0.8166666666666667, 0.9833333333333332)",2,98.11666666666672,22623
"(0.9166666666666666, 0.9833333333333332)",1,98.11666666666672,22624
"(0.9833333333333332, 0.9958333333333332)",1,98.11666666666672,22625
"(0.95, 0.9833333333333332)",2,98.11666666666672,22627
"(0.9791666666666666, 0.9958333333333332)",1,98.1166666666667,22628
"(0.9875, 0.9958333333333332)",1,98.1166666666667,22629
"(0.925, 0.9833333333333332)",1,98.1166666666667,22630
"(0.9291666666666668, 0.9833333333333332)",1,98.1166666666667,22631
"(0.9208333333333332, 0.9833333333333332)",2,98.11666666666667,22633
"(1.0, 1.0)",1,98.11666666666667,22634
"(0.8666666666666667, 1.0)",1,98.11666666666667,22635
"(0.8833333333333333, 1.0)",2,98.11666666666667,22637
"(0.75, 1.0)",1,98.11666666666667,22638
"(0.9333333333333332, 0.9875)",1,98.11666666666648,22639
"(0.4651162790697674, 0.9883720930232558)",1,98.1162790697676,22640
"(0.9186046511627908, 0.9883720930232558)",1,98.1162790697676,22641
"(0.8837209302325582, 0.9883720930232558)",4,98.1162790697676,22645
"(0.813953488372093, 0.9883720930232558)",2,98.1162790697676,22647
"(0.3372093023255814, 1.0)",1,98.11627906976744,22648
"(0.3844696969696969, 1.0)",1,98.11553030303033,22649
"(0.7692307692307693, 1.0)",1,98.1153846153846,22650
"(0.6929824561403509, 0.9912280701754386)",1,98.11403508771927,22651
"(0.9429824561403508, 0.9912280701754386)",1,98.11403508771927,22652
"(0.5208333333333334, 1.0)",1,98.11401515151516,22653
"(0.3954545454545454, 1.0)",3,98.1132575757576,22656
"(0.5443181818181818, 1.0)",3,98.1132575757576,22659
"(0.9583333333333334, 0.9791666666666666)",1,98.11250000000014,22660
"(0.975, 0.9958333333333332)",1,98.11250000000013,22661
"(0.825, 0.9958333333333332)",1,98.11250000000008,22662
"(0.9833333333333332, 0.9958333333333332)",1,98.11250000000008,22663
"(0.8875, 0.9833333333333332)",1,98.11250000000004,22664
"(0.9125, 0.9833333333333332)",1,98.11250000000004,22665
"(0.8875, 0.9875)",1,98.11249999999993,22666
"(0.9, 0.9875)",1,98.1124999999998,22667
"(0.9333333333333332, 0.9916666666666668)",1,98.11249999999976,22668
"(0.8833333333333333, 0.9916666666666668)",1,98.11249999999976,22669
"(0.4556818181818182, 0.999621212121212)",3,98.11136363636363,22672
"(0.7916666666666666, 0.9861111111111112)",1,98.11111111111131,22673
"(0.875, 0.9861111111111112)",5,98.11111111111131,22678
"(0.8888888888888888, 0.9861111111111112)",11,98.11111111111131,22689
"(0.9722222222222222, 0.9861111111111112)",2,98.11111111111131,22691
"(0.6944444444444444, 0.9861111111111112)",4,98.11111111111131,22695
"(0.8333333333333334, 0.9861111111111112)",2,98.11111111111131,22697
"(0.7777777777777778, 0.9861111111111112)",1,98.11111111111131,22698
"(0.8472222222222222, 0.9861111111111112)",1,98.11111111111131,22699
"(0.7222222222222222, 0.9861111111111112)",1,98.11111111111131,22700
"(0.75, 0.9861111111111112)",1,98.11111111111131,22701
"(0.8055555555555556, 0.9861111111111112)",4,98.11111111111131,22705
"(0.5416666666666666, 0.9861111111111112)",1,98.11111111111131,22706
"(0.7638888888888888, 0.9861111111111112)",6,98.11111111111131,22712
"(0.8194444444444444, 0.9861111111111112)",5,98.11111111111131,22717
"(0.9166666666666666, 0.9861111111111112)",7,98.11111111111131,22724
"(0.9444444444444444, 0.9861111111111112)",5,98.11111111111131,22729
"(0.8611111111111112, 0.9861111111111112)",8,98.11111111111131,22737
"(0.9027777777777778, 0.9861111111111112)",5,98.11111111111131,22742
"(0.7361111111111112, 0.9861111111111112)",1,98.11111111111131,22743
"(0.9305555555555556, 0.9861111111111112)",2,98.11111111111131,22745
"(0.9305555555555556, 1.0)",1,98.11111111111111,22746
"(0.8611111111111112, 1.0)",1,98.11111111111111,22747
"(0.8472222222222222, 1.0)",1,98.11111111111111,22748
"(0.9444444444444444, 1.0)",1,98.11111111111111,22749
"(0.6805555555555556, 1.0)",1,98.11111111111111,22750
"(0.8055555555555556, 1.0)",1,98.11111111111111,22751
"(0.7083333333333334, 1.0)",1,98.11111111111111,22752
"(0.75, 1.0)",1,98.11111111111111,22753
"(0.7361111111111112, 1.0)",1,98.11111111111111,22754
"(0.5443181818181818, 1.0)",3,98.11060606060607,22757
"(0.9385964912280702, 0.9912280701754386)",1,98.109649122807,22758
"(0.9473684210526316, 0.9912280701754386)",1,98.109649122807,22759
"(0.2356060606060606, 0.999621212121212)",2,98.10946969696968,22761
"(0.2803030303030303, 1.0)",1,98.10909090909092,22762
"(0.975, 0.9958333333333332)",1,98.10833333333343,22763
"(0.9916666666666668, 0.9958333333333332)",1,98.10833333333343,22764
"(0.9333333333333332, 0.9791666666666666)",1,98.10833333333343,22765
"(0.9875, 0.9958333333333332)",1,98.1083333333334,22766
"(0.9666666666666668, 0.9958333333333332)",1,98.10833333333336,22767
"(0.9833333333333332, 0.9958333333333332)",1,98.10833333333336,22768
"(0.9791666666666666, 0.9958333333333332)",2,98.10833333333336,22770
"(0.9458333333333332, 0.9833333333333332)",1,98.10833333333336,22771
"(0.9083333333333332, 0.9875)",1,98.10833333333323,22772
"(0.9125, 0.9875)",1,98.10833333333318,22773
"(0.9083333333333332, 0.9875)",1,98.10833333333318,22774
"(0.4106060606060606, 1.0)",3,98.1068181818182,22777
"(0.8007575757575758, 1.0)",1,98.10681818181818,22778
"(0.7675438596491229, 0.9912280701754386)",1,98.10526315789473,22779
"(0.8859649122807017, 0.9912280701754386)",1,98.10526315789473,22780
"(0.7105263157894737, 0.9912280701754386)",1,98.10526315789473,22781
"(0.5053030303030303, 1.0)",3,98.10492424242426,22784
"(0.4651162790697674, 0.9883720930232558)",1,98.10465116279086,22785
"(0.8488372093023255, 0.9883720930232558)",1,98.10465116279086,22786
"(0.8953488372093024, 0.9883720930232558)",1,98.10465116279086,22787
"(0.8837209302325582, 0.9883720930232558)",1,98.10465116279086,22788
"(0.9302325581395348, 0.9883720930232558)",1,98.10465116279086,22789
"(0.8255813953488372, 0.9883720930232558)",1,98.10465116279086,22790
"(0.8255813953488372, 0.9883720930232558)",1,98.10465116279084,22791
"(0.9418604651162792, 0.9883720930232558)",1,98.10465116279084,22792
"(0.9302325581395348, 0.9883720930232558)",1,98.10465116279084,22793
"(0.9375, 0.9791666666666666)",1,98.1041666666668,22794
"(0.875, 0.9791666666666666)",2,98.1041666666668,22796
"(0.9791666666666666, 0.9958333333333332)",1,98.10416666666674,22797
"(0.9375, 0.9833333333333332)",1,98.10416666666671,22798
"(1.0, 0.9958333333333332)",1,98.1041666666667,22799
"(0.975, 0.9958333333333332)",1,98.1041666666667,22800
"(0.9458333333333332, 0.9833333333333332)",1,98.10416666666669,22801
"(0.9, 0.9875)",1,98.10416666666656,22802
"(0.9125, 0.9875)",1,98.1041666666665,22803
"(0.6794871794871795, 1.0)",1,98.10256410256412,22804
"(0.6410256410256411, 1.0)",1,98.1025641025641,22805
"(0.8076923076923077, 1.0)",1,98.1025641025641,22806
"(0.9429824561403508, 0.9912280701754386)",1,98.10087719298244,22807
"(0.8859649122807017, 0.9912280701754386)",2,98.10087719298244,22809
"(0.9208333333333332, 0.9791666666666666)",1,98.10000000000014,22810
"(0.825, 0.9958333333333332)",1,98.10000000000012,22811
"(0.9958333333333332, 0.9958333333333332)",1,98.10000000000012,22812
"(0.49375, 0.9975)",1,98.1000000000001,22813
"(0.8166666666666667, 0.9833333333333332)",7,98.10000000000008,22820
"(0.9333333333333332, 0.9833333333333332)",3,98.10000000000008,22823
"(0.9666666666666668, 0.9833333333333332)",3,98.10000000000008,22826
"(0.8, 0.9833333333333332)",1,98.10000000000008,22827
"(0.9, 0.9833333333333332)",8,98.10000000000008,22835
"(0.9333333333333332, 0.9833333333333332)",3,98.10000000000008,22838
"(0.925, 0.9791666666666666)",1,98.10000000000008,22839
"(0.95, 0.9833333333333332)",4,98.10000000000008,22843
"(0.7333333333333333, 0.9833333333333332)",3,98.10000000000008,22846
"(0.95, 0.9958333333333332)",1,98.10000000000008,22847
"(0.6666666666666666, 0.9833333333333332)",2,98.10000000000008,22849
"(0.8833333333333333, 0.9833333333333332)",1,98.10000000000008,22850
"(0.8666666666666667, 0.9833333333333332)",2,98.10000000000008,22852
"(0.9166666666666666, 0.9833333333333332)",1,98.10000000000008,22853
"(0.9833333333333332, 0.9958333333333332)",1,98.10000000000004,22854
"(0.9875, 0.9958333333333332)",2,98.10000000000004,22856
"(0.975, 0.9958333333333332)",1,98.10000000000004,22857
"(0.9083333333333332, 0.9833333333333332)",1,98.10000000000002,22858
"(0.9833333333333332, 0.9958333333333332)",1,98.10000000000002,22859
"(0.9166666666666666, 1.0)",1,98.1,22860
"(1.0, 1.0)",3,98.1,22863
"(0.9666666666666668, 1.0)",1,98.1,22864
"(0.8666666666666667, 1.0)",2,98.1,22866
"(0.8833333333333333, 1.0)",1,98.1,22867
"(0.8333333333333334, 1.0)",1,98.1,22868
"(0.85, 1.0)",1,98.1,22869
"(0.925, 0.9875)",1,98.09999999999992,22870
"(0.9375, 0.9875)",1,98.09999999999982,22871
"(0.925, 0.9916666666666668)",1,98.0999999999998,22872
"(0.5034090909090909, 0.9992424242424244)",3,98.09886363636365,22875
"(0.5034090909090909, 1.0)",1,98.09886363636365,22876
"(0.9305555555555556, 0.9861111111111112)",5,98.09722222222244,22881
"(0.8333333333333334, 0.9861111111111112)",2,98.09722222222244,22883
"(0.8888888888888888, 0.9861111111111112)",5,98.09722222222244,22888
"(0.9166666666666666, 0.9861111111111112)",4,98.09722222222244,22892
"(0.7222222222222222, 0.9861111111111112)",1,98.09722222222244,22893
"(0.875, 0.9861111111111112)",4,98.09722222222244,22897
"(0.9027777777777778, 0.9861111111111112)",9,98.09722222222244,22906
"(0.7361111111111112, 0.9861111111111112)",2,98.09722222222244,22908
"(0.75, 0.9861111111111112)",3,98.09722222222244,22911
"(0.9444444444444444, 0.9861111111111112)",3,98.09722222222244,22914
"(0.8194444444444444, 0.9861111111111112)",9,98.09722222222244,22923
"(0.8472222222222222, 0.9861111111111112)",2,98.09722222222244,22925
"(0.8611111111111112, 0.9861111111111112)",13,98.09722222222244,22938
"(0.7083333333333334, 0.9861111111111112)",3,98.09722222222244,22941
"(0.6944444444444444, 0.9861111111111112)",1,98.09722222222244,22942
"(0.7638888888888888, 0.9861111111111112)",6,98.09722222222244,22948
"(0.9444444444444444, 0.9861111111111112)",2,98.0972222222224,22950
"(0.8888888888888888, 0.9861111111111112)",2,98.0972222222224,22952
"(0.8472222222222222, 0.9861111111111112)",2,98.0972222222224,22954
"(0.8333333333333334, 0.9861111111111112)",3,98.0972222222224,22957
"(0.9305555555555556, 0.9861111111111112)",2,98.0972222222224,22959
"(0.7083333333333334, 1.0)",1,98.09722222222224,22960
"(0.8055555555555556, 1.0)",1,98.09722222222224,22961
"(0.875, 1.0)",1,98.09722222222224,22962
"(0.9583333333333334, 1.0)",1,98.09722222222224,22963
"(0.9027777777777778, 1.0)",1,98.09722222222224,22964
"(0.625, 1.0)",1,98.09722222222224,22965
"(0.8472222222222222, 1.0)",2,98.09722222222224,22967
"(0.75, 1.0)",1,98.09722222222224,22968
"(0.8194444444444444, 1.0)",1,98.09722222222224,22969
"(0.9444444444444444, 1.0)",1,98.0972222222222,22970
"(0.9078947368421052, 0.9912280701754386)",1,98.09649122807016,22971
"(0.8859649122807017, 0.9912280701754386)",2,98.09649122807016,22973
"(0.9791666666666666, 0.9958333333333332)",1,98.09583333333346,22974
"(0.9791666666666666, 0.9958333333333332)",1,98.0958333333334,22975
"(0.9333333333333332, 0.9833333333333332)",1,98.09583333333336,22976
"(0.9416666666666668, 0.9833333333333332)",1,98.09583333333336,22977
"(0.9416666666666668, 0.9875)",1,98.09583333333325,22978
"(0.9666666666666668, 0.975)",1,98.09583333333316,22979
"(0.4132575757575757, 1.0)",3,98.09507575757576,22982
"(0.4227272727272727, 1.0)",1,98.09431818181818,22983
"(0.3579545454545454, 1.0)",3,98.09431818181818,22986
"(0.543939393939394, 1.0)",3,98.09431818181818,22989
"(0.4056818181818182, 1.0)",1,98.0935606060606,22990
"(0.9302325581395348, 0.9883720930232558)",1,98.09302325581412,22991
"(0.8837209302325582, 0.9883720930232558)",1,98.09302325581412,22992
"(0.8604651162790697, 0.9883720930232558)",1,98.0930232558141,22993
"(0.8488372093023255, 0.9883720930232558)",1,98.0930232558141,22994
"(0.8372093023255814, 0.9883720930232558)",1,98.0930232558141,22995
"(0.5333333333333333, 0.999621212121212)",1,98.09280303030305,22996
"(0.2454545454545454, 1.0)",2,98.09242424242424,22998
"(0.925438596491228, 0.9912280701754386)",1,98.09210526315788,22999
"(0.9385964912280702, 0.9912280701754386)",2,98.09210526315788,23001
"(0.9078947368421052, 0.9912280701754386)",1,98.09210526315788,23002
"(0.7763157894736842, 0.9912280701754386)",4,98.09210526315788,23006
"(0.271969696969697, 1.0)",3,98.09204545454546,23009
"(0.9875, 0.9958333333333332)",1,98.09166666666675,23010
"(0.9208333333333332, 0.9958333333333332)",1,98.09166666666674,23011
"(0.9791666666666666, 0.9958333333333332)",1,98.09166666666673,23012
"(0.9416666666666668, 0.9833333333333332)",1,98.0916666666667,23013
"(0.975, 0.9958333333333332)",1,98.0916666666667,23014
"(0.9083333333333332, 0.9833333333333332)",1,98.09166666666668,23015
"(0.9208333333333332, 0.9833333333333332)",1,98.09166666666668,23016
"(0.9875, 1.0)",1,98.0916666666666,23017
"(0.9208333333333332, 0.9875)",1,98.09166666666658,23018
"(0.9416666666666668, 0.9875)",1,98.09166666666655,23019
"(0.296969696969697, 1.0)",1,98.09090909090912,23020
"(0.4462121212121212, 0.9992424242424244)",1,98.08977272727272,23021
"(0.4257575757575758, 1.0)",3,98.08863636363635,23024
"(0.9, 0.9791666666666666)",1,98.08750000000012,23025
"(0.875, 0.9791666666666666)",2,98.08750000000012,23027
"(0.9833333333333332, 0.9958333333333332)",1,98.0875000000001,23028
"(0.925, 0.9833333333333332)",1,98.08750000000003,23029
"(0.9375, 0.9833333333333332)",1,98.08750000000003,23030
"(0.9583333333333334, 0.9833333333333332)",1,98.08750000000003,23031
"(0.9916666666666668, 0.9958333333333332)",1,98.08750000000003,23032
"(0.9208333333333332, 0.9833333333333332)",1,98.08750000000003,23033
"(0.925, 0.9875)",1,98.08749999999992,23034
"(0.9333333333333332, 0.9875)",1,98.08749999999984,23035
"(0.925, 0.9916666666666668)",1,98.08749999999974,23036
"(0.4462121212121212, 0.999621212121212)",1,98.08712121212122,23037
"(0.5348484848484848, 1.0)",1,98.0848484848485,23038
"(0.8472222222222222, 0.9861111111111112)",2,98.08333333333354,23040
"(0.9583333333333334, 0.9861111111111112)",1,98.08333333333354,23041
"(0.8888888888888888, 0.9861111111111112)",1,98.08333333333354,23042
"(0.75, 0.9861111111111112)",1,98.08333333333354,23043
"(0.6944444444444444, 0.9861111111111112)",1,98.08333333333354,23044
"(0.8333333333333334, 0.9861111111111112)",1,98.08333333333354,23045
"(0.8611111111111112, 0.9861111111111112)",1,98.08333333333354,23046
"(0.8194444444444444, 0.9861111111111112)",2,98.08333333333354,23048
"(0.7222222222222222, 0.9861111111111112)",1,98.08333333333354,23049
"(0.8472222222222222, 0.9861111111111112)",3,98.08333333333351,23052
"(0.7083333333333334, 0.9861111111111112)",2,98.08333333333351,23054
"(0.7916666666666666, 0.9861111111111112)",1,98.08333333333351,23055
"(0.875, 0.9861111111111112)",1,98.08333333333351,23056
"(0.7222222222222222, 0.9861111111111112)",1,98.08333333333351,23057
"(0.9166666666666666, 0.9861111111111112)",4,98.08333333333351,23061
"(0.9027777777777778, 0.9861111111111112)",4,98.08333333333351,23065
"(0.8611111111111112, 0.9861111111111112)",5,98.08333333333351,23070
"(0.6944444444444444, 0.9861111111111112)",2,98.08333333333351,23072
"(0.9444444444444444, 0.9861111111111112)",1,98.08333333333351,23073
"(0.9305555555555556, 0.9861111111111112)",5,98.08333333333351,23078
"(0.7638888888888888, 0.9861111111111112)",1,98.08333333333351,23079
"(0.8194444444444444, 0.9861111111111112)",3,98.08333333333351,23082
"(0.8888888888888888, 0.9861111111111112)",5,98.08333333333351,23087
"(0.8055555555555556, 0.9861111111111112)",2,98.08333333333351,23089
"(0.8333333333333334, 0.9861111111111112)",6,98.08333333333351,23095
"(0.9416666666666668, 0.9791666666666666)",1,98.08333333333348,23096
"(0.9625, 0.9958333333333332)",1,98.08333333333344,23097
"(0.8833333333333333, 0.9833333333333332)",1,98.0833333333334,23098
"(0.75, 0.9833333333333332)",1,98.0833333333334,23099
"(0.9333333333333332, 0.9833333333333332)",2,98.0833333333334,23101
"(0.8166666666666667, 0.9833333333333332)",3,98.0833333333334,23104
"(0.9, 0.9833333333333332)",1,98.0833333333334,23105
"(0.6666666666666666, 0.9833333333333332)",1,98.0833333333334,23106
"(0.7333333333333333, 0.9833333333333332)",4,98.0833333333334,23110
"(0.9666666666666668, 0.9833333333333332)",1,98.0833333333334,23111
"(0.9166666666666666, 0.9833333333333332)",3,98.0833333333334,23114
"(0.8666666666666667, 0.9833333333333332)",3,98.0833333333334,23117
"(0.95, 0.9833333333333332)",3,98.0833333333334,23120
"(0.6111111111111112, 1.0)",1,98.08333333333334,23121
"(0.9305555555555556, 1.0)",1,98.08333333333334,23122
"(0.7666666666666667, 1.0)",1,98.08333333333334,23123
"(0.9444444444444444, 1.0)",1,98.08333333333334,23124
"(0.9125, 0.9833333333333332)",1,98.08333333333334,23125
"(0.85, 1.0)",2,98.08333333333334,23127
"(0.4571969696969697, 1.0)",1,98.08333333333334,23128
"(0.7166666666666667, 1.0)",1,98.08333333333334,23129
"(0.8888888888888888, 1.0)",1,98.08333333333334,23130
"(0.7333333333333333, 1.0)",1,98.08333333333331,23131
"(0.9333333333333332, 1.0)",1,98.08333333333331,23132
"(0.8611111111111112, 1.0)",1,98.08333333333331,23133
"(0.9583333333333334, 1.0)",1,98.08333333333331,23134
"(0.8888888888888888, 1.0)",1,98.08333333333331,23135
"(1.0, 1.0)",1,98.08333333333331,23136
"(0.9305555555555556, 1.0)",1,98.08333333333331,23137
"(0.7083333333333334, 1.0)",1,98.08333333333331,23138
"(0.7222222222222222, 1.0)",1,98.08333333333331,23139
"(0.75, 1.0)",1,98.08333333333331,23140
"(0.7638888888888888, 1.0)",1,98.08333333333331,23141
"(0.8552631578947368, 0.9912280701754386)",1,98.08333333333331,23142
"(0.9444444444444444, 1.0)",1,98.08333333333331,23143
"(0.4863636363636364, 1.0)",3,98.08295454545456,23146
"(0.4291666666666666, 1.0)",1,98.08257575757575,23147
"(0.5930232558139535, 0.9883720930232558)",1,98.08139534883738,23148
"(0.7209302325581395, 0.9883720930232558)",2,98.08139534883738,23150
"(0.8255813953488372, 0.9883720930232558)",2,98.08139534883738,23152
"(0.813953488372093, 0.9883720930232558)",1,98.08139534883736,23153
"(0.7790697674418605, 0.9883720930232558)",1,98.08139534883736,23154
"(0.7558139534883721, 0.9883720930232558)",1,98.08139534883736,23155
"(0.8255813953488372, 0.9883720930232558)",1,98.08139534883736,23156
"(0.8953488372093024, 0.9883720930232558)",1,98.08139534883736,23157
"(0.6162790697674418, 1.0)",1,98.0813953488372,23158
"(0.5890151515151515, 1.0)",1,98.08106060606062,23159
"(0.4359848484848485, 1.0)",1,98.07954545454548,23160
"(0.9875, 0.9958333333333332)",1,98.0791666666668,23161
"(0.975, 0.9958333333333332)",1,98.07916666666677,23162
"(0.8375, 0.9958333333333332)",1,98.07916666666677,23163
"(0.9791666666666666, 0.9958333333333332)",1,98.07916666666677,23164
"(0.8666666666666667, 0.9833333333333332)",1,98.0791666666667,23165
"(0.8916666666666667, 0.9833333333333332)",1,98.0791666666667,23166
"(0.9333333333333332, 0.9833333333333332)",1,98.07916666666668,23167
"(0.875, 0.9833333333333332)",2,98.07916666666668,23169
"(0.9375, 0.9833333333333332)",1,98.07916666666668,23170
"(0.3814393939393939, 1.0)",1,98.07916666666668,23171
"(0.9429824561403508, 0.9912280701754386)",1,98.07894736842104,23172
"(0.440530303030303, 1.0)",1,98.0784090909091,23173
"(0.8717948717948718, 1.0)",1,98.07692307692308,23174
"(0.5545454545454546, 1.0)",1,98.07651515151515,23175
"(0.3409090909090909, 1.0)",3,98.07651515151515,23178
"(0.67125, 0.99375)",1,98.07624999999994,23179
"(0.5344696969696969, 1.0)",1,98.0753787878788,23180
"(0.95, 0.9958333333333332)",1,98.07500000000007,23181
"(0.9916666666666668, 0.9958333333333332)",1,98.07500000000007,23182
"(0.975, 0.9958333333333332)",1,98.07500000000006,23183
"(0.9708333333333332, 0.9958333333333332)",1,98.07500000000005,23184
"(0.9333333333333332, 0.9833333333333332)",1,98.07500000000002,23185
"(0.3678030303030303, 1.0)",3,98.075,23188
"(0.9625, 0.9875)",1,98.07499999999987,23189
"(0.9208333333333332, 0.9875)",1,98.07499999999987,23190
"(0.9, 0.9875)",1,98.07499999999985,23191
"(0.4102272727272727, 1.0)",1,98.07462121212122,23192
"(0.9429824561403508, 0.9912280701754386)",2,98.07456140350877,23194
"(0.3583333333333333, 1.0)",1,98.07424242424244,23195
"(0.4496212121212121, 0.999621212121212)",1,98.07424242424244,23196
"(0.5106060606060606, 0.9992424242424244)",2,98.07272727272728,23198
"(0.5875, 0.999621212121212)",1,98.07234848484848,23199
"(0.6575757575757576, 0.9988636363636364)",3,98.07159090909092,23202
"(0.925, 0.9791666666666666)",2,98.07083333333348,23204
"(0.9125, 0.9791666666666666)",2,98.07083333333344,23206
"(0.975, 0.9958333333333332)",2,98.07083333333344,23208
"(0.9708333333333332, 0.9958333333333332)",1,98.07083333333335,23209
"(0.9416666666666668, 0.9875)",2,98.0708333333332,23211
"(0.9166666666666666, 0.9875)",1,98.0708333333332,23212
"(0.9291666666666668, 0.9916666666666668)",1,98.07083333333313,23213
"(0.4053030303030303, 1.0)",3,98.07045454545457,23216
"(0.7105263157894737, 0.9912280701754386)",1,98.07017543859648,23217
"(0.7719298245614035, 0.9912280701754386)",1,98.07017543859646,23218
"(0.9429824561403508, 0.9912280701754386)",1,98.07017543859646,23219
"(0.8372093023255814, 0.9883720930232558)",1,98.06976744186063,23220
"(0.6162790697674418, 0.9883720930232558)",1,98.06976744186063,23221
"(0.627906976744186, 0.9883720930232558)",1,98.06976744186063,23222
"(0.813953488372093, 0.9883720930232558)",1,98.06976744186062,23223
"(0.8604651162790697, 0.9883720930232558)",1,98.06976744186062,23224
"(0.8837209302325582, 0.9883720930232558)",2,98.06976744186062,23226
"(0.8888888888888888, 0.9861111111111112)",10,98.06944444444464,23236
"(0.8333333333333334, 0.9861111111111112)",3,98.06944444444464,23239
"(0.9305555555555556, 0.9861111111111112)",3,98.06944444444464,23242
"(0.6944444444444444, 0.9861111111111112)",5,98.06944444444464,23247
"(0.7083333333333334, 0.9861111111111112)",1,98.06944444444464,23248
"(0.7361111111111112, 0.9861111111111112)",1,98.06944444444464,23249
"(0.9166666666666666, 0.9861111111111112)",1,98.06944444444464,23250
"(0.5416666666666666, 0.9861111111111112)",1,98.06944444444464,23251
"(0.6805555555555556, 0.9861111111111112)",1,98.06944444444464,23252
"(0.8611111111111112, 0.9861111111111112)",8,98.06944444444464,23260
"(0.8055555555555556, 0.9861111111111112)",1,98.06944444444464,23261
"(0.875, 0.9861111111111112)",6,98.06944444444464,23267
"(0.5833333333333334, 0.9861111111111112)",1,98.06944444444464,23268
"(0.9027777777777778, 0.9861111111111112)",6,98.06944444444464,23274
"(0.9444444444444444, 0.9861111111111112)",1,98.06944444444464,23275
"(0.8194444444444444, 0.9861111111111112)",9,98.06944444444464,23284
"(0.8472222222222222, 0.9861111111111112)",4,98.06944444444464,23288
"(0.7638888888888888, 0.9861111111111112)",2,98.06944444444464,23290
"(0.75, 0.9861111111111112)",1,98.06944444444464,23291
"(0.7916666666666666, 0.9861111111111112)",4,98.06944444444464,23295
"(0.7083333333333334, 1.0)",2,98.06944444444444,23297
"(0.7222222222222222, 1.0)",1,98.06944444444444,23298
"(0.9027777777777778, 1.0)",1,98.06944444444444,23299
"(0.8194444444444444, 1.0)",1,98.06944444444444,23300
"(0.5972222222222222, 1.0)",1,98.06944444444444,23301
"(0.7361111111111112, 1.0)",1,98.06944444444444,23302
"(0.9305555555555556, 1.0)",2,98.06944444444444,23304
"(0.8055555555555556, 1.0)",1,98.06944444444444,23305
"(0.8888888888888888, 1.0)",1,98.06944444444444,23306
"(0.7916666666666666, 1.0)",1,98.06944444444444,23307
"(0.9166666666666666, 1.0)",2,98.06944444444444,23309
"(0.9444444444444444, 1.0)",1,98.06944444444444,23310
"(0.1859848484848484, 0.9992424242424244)",1,98.0689393939394,23311
"(0.440530303030303, 1.0)",3,98.0685606060606,23314
"(0.5848484848484848, 1.0)",1,98.06742424242424,23315
"(0.9041666666666668, 0.9791666666666666)",1,98.0666666666668,23316
"(0.9083333333333332, 0.9791666666666666)",1,98.0666666666668,23317
"(0.9291666666666668, 0.9958333333333332)",2,98.06666666666676,23319
"(0.7666666666666667, 0.9833333333333332)",2,98.06666666666672,23321
"(0.9, 0.9833333333333332)",4,98.06666666666672,23325
"(0.9083333333333332, 0.9833333333333332)",1,98.06666666666672,23326
"(0.9666666666666668, 0.9833333333333332)",1,98.06666666666672,23327
"(0.9166666666666666, 0.9833333333333332)",4,98.06666666666672,23331
"(0.8333333333333334, 0.9833333333333332)",3,98.06666666666672,23334
"(0.9333333333333332, 0.9833333333333332)",2,98.06666666666672,23336
"(0.8166666666666667, 0.9833333333333332)",4,98.06666666666672,23340
"(0.8666666666666667, 0.9833333333333332)",2,98.06666666666672,23342
"(0.95, 0.9833333333333332)",4,98.06666666666672,23346
"(0.925, 0.9958333333333332)",1,98.06666666666668,23347
"(0.9333333333333332, 1.0)",1,98.06666666666666,23348
"(0.9666666666666668, 1.0)",1,98.06666666666666,23349
"(0.9875, 1.0)",1,98.06666666666663,23350
"(0.8958333333333334, 0.9833333333333332)",1,98.06666666666662,23351
"(0.9, 0.9875)",1,98.0666666666665,23352
"(0.9125, 0.9875)",1,98.06666666666648,23353
"(0.8552631578947368, 0.9912280701754386)",1,98.0657894736842,23354
"(0.4253787878787878, 0.999621212121212)",1,98.06515151515153,23355
"(0.5428030303030303, 1.0)",2,98.06515151515153,23357
"(0.717948717948718, 1.0)",1,98.06410256410255,23358
"(0.6794871794871795, 1.0)",1,98.06410256410255,23359
"(0.4428030303030303, 1.0)",3,98.06363636363636,23362
"(0.5189393939393939, 0.999621212121212)",1,98.0632575757576,23363
"(0.875, 0.9791666666666666)",1,98.06250000000016,23364
"(0.875, 0.9958333333333332)",1,98.06250000000011,23365
"(0.9583333333333334, 0.9791666666666666)",1,98.06250000000011,23366
"(0.8666666666666667, 0.9958333333333332)",1,98.06250000000009,23367
"(0.8541666666666666, 0.9958333333333332)",1,98.06250000000009,23368
"(0.9625, 0.9958333333333332)",1,98.06250000000009,23369
"(0.9208333333333332, 0.9833333333333332)",1,98.06250000000004,23370
"(0.975, 0.9958333333333332)",1,98.06250000000004,23371
"(0.9791666666666666, 0.9958333333333332)",1,98.06250000000004,23372
"(0.8458333333333333, 0.9875)",1,98.0624999999999,23373
"(0.925, 0.9875)",1,98.06249999999989,23374
"(0.9333333333333332, 0.9875)",1,98.06249999999986,23375
"(0.9458333333333332, 0.9916666666666668)",1,98.06249999999976,23376
"(0.9291666666666668, 0.9916666666666668)",1,98.06249999999976,23377
"(0.4340909090909091, 1.0)",2,98.0621212121212,23379
"(0.5106060606060606, 1.0)",3,98.0621212121212,23382
"(0.6929824561403509, 0.9912280701754386)",1,98.06140350877192,23383
"(0.1859848484848484, 1.0)",2,98.06098484848484,23385
"(0.3318181818181818, 1.0)",3,98.06060606060606,23388
"(0.9375, 0.9958333333333332)",1,98.05833333333344,23389
"(0.9791666666666666, 0.9958333333333332)",1,98.05833333333342,23390
"(0.9666666666666668, 0.9958333333333332)",2,98.05833333333338,23392
"(0.95, 0.9833333333333332)",1,98.05833333333337,23393
"(0.9125, 0.9833333333333332)",1,98.05833333333337,23394
"(0.9875, 0.9958333333333332)",2,98.05833333333337,23396
"(0.3556818181818181, 1.0)",1,98.05833333333334,23397
"(0.95, 1.0)",1,98.05833333333324,23398
"(0.8958333333333334, 0.9875)",1,98.05833333333317,23399
"(0.9333333333333332, 0.9916666666666668)",1,98.05833333333304,23400
"(0.8953488372093024, 0.9883720930232558)",1,98.05813953488388,23401
"(0.9418604651162792, 0.9883720930232558)",1,98.05813953488388,23402
"(0.6708333333333333, 1.0)",1,98.05795454545456,23403
"(0.8552631578947368, 0.9912280701754386)",2,98.05701754385964,23405
"(0.2761363636363636, 1.0)",2,98.0564393939394,23407
"(0.2803030303030303, 1.0)",3,98.0560606060606,23410
"(0.9722222222222222, 0.9861111111111112)",1,98.05555555555576,23411
"(0.8888888888888888, 0.9861111111111112)",9,98.05555555555576,23420
"(0.7361111111111112, 0.9861111111111112)",1,98.05555555555576,23421
"(0.875, 0.9861111111111112)",6,98.05555555555576,23427
"(0.8055555555555556, 0.9861111111111112)",1,98.05555555555576,23428
"(0.625, 0.9861111111111112)",2,98.05555555555576,23430
"(0.8472222222222222, 0.9861111111111112)",3,98.05555555555576,23433
"(0.8194444444444444, 0.9861111111111112)",8,98.05555555555576,23441
"(0.6944444444444444, 0.9861111111111112)",1,98.05555555555576,23442
"(0.7083333333333334, 0.9861111111111112)",4,98.05555555555576,23446
"(0.9305555555555556, 0.9861111111111112)",1,98.05555555555576,23447
"(0.9444444444444444, 0.9861111111111112)",1,98.05555555555576,23448
"(0.7916666666666666, 0.9861111111111112)",4,98.05555555555576,23452
"(0.7638888888888888, 0.9861111111111112)",3,98.05555555555576,23455
"(0.9027777777777778, 0.9861111111111112)",7,98.05555555555576,23462
"(0.8611111111111112, 0.9861111111111112)",4,98.05555555555576,23466
"(0.5416666666666666, 0.9861111111111112)",1,98.05555555555576,23467
"(0.8333333333333334, 0.9861111111111112)",1,98.05555555555576,23468
"(0.5833333333333334, 0.9861111111111112)",2,98.05555555555576,23470
"(0.7777777777777778, 1.0)",1,98.05555555555556,23471
"(0.5972222222222222, 1.0)",1,98.05555555555556,23472
"(0.9583333333333334, 1.0)",1,98.05555555555556,23473
"(0.8888888888888888, 1.0)",1,98.05555555555556,23474
"(0.9027777777777778, 1.0)",1,98.05555555555556,23475
"(0.7083333333333334, 1.0)",1,98.05555555555556,23476
"(0.8055555555555556, 1.0)",1,98.05555555555556,23477
"(0.7916666666666666, 1.0)",1,98.05555555555556,23478
"(0.8611111111111112, 1.0)",1,98.05555555555556,23479
"(0.3954545454545454, 0.999621212121212)",1,98.05492424242424,23480
"(0.6575757575757576, 0.9992424242424244)",3,98.05492424242424,23483
"(0.9416666666666668, 0.9791666666666666)",1,98.0541666666668,23484
"(0.9833333333333332, 0.9958333333333332)",1,98.05416666666676,23485
"(0.825, 0.9958333333333332)",1,98.05416666666676,23486
"(0.9916666666666668, 0.9958333333333332)",1,98.05416666666672,23487
"(0.9833333333333332, 0.9958333333333332)",2,98.05416666666672,23489
"(0.9791666666666666, 0.9958333333333332)",1,98.0541666666667,23490
"(0.9208333333333332, 0.9833333333333332)",1,98.05416666666667,23491
"(0.9208333333333332, 0.9875)",2,98.05416666666656,23493
"(0.4378787878787878, 1.0)",3,98.05265151515152,23496
"(0.8859649122807017, 0.9912280701754386)",1,98.05263157894736,23497
"(0.9473684210526316, 0.9912280701754386)",1,98.05263157894736,23498
"(0.7719298245614035, 0.9912280701754386)",1,98.05263157894734,23499
"(0.4242424242424242, 1.0)",3,98.05227272727274,23502
"(0.9666666666666668, 0.9833333333333332)",2,98.05000000000008,23504
"(0.8666666666666667, 0.9833333333333332)",1,98.05000000000008,23505
"(0.8333333333333334, 0.9833333333333332)",1,98.05000000000008,23506
"(0.9, 0.9833333333333332)",5,98.05000000000008,23511
"(0.8833333333333333, 0.9833333333333332)",1,98.05000000000008,23512
"(0.9333333333333332, 0.9833333333333332)",3,98.05000000000008,23515
"(0.8166666666666667, 0.9833333333333332)",1,98.05000000000008,23516
"(0.9833333333333332, 0.9833333333333332)",1,98.05000000000008,23517
"(0.75, 0.9833333333333332)",1,98.05000000000008,23518
"(1.0, 0.9833333333333332)",2,98.05000000000008,23520
"(0.95, 0.9833333333333332)",1,98.05000000000008,23521
"(0.9166666666666666, 0.9833333333333332)",4,98.05000000000008,23525
"(0.9333333333333332, 0.9833333333333332)",1,98.05000000000004,23526
"(1.0, 1.0)",1,98.05,23527
"(0.8833333333333333, 1.0)",1,98.05,23528
"(0.9166666666666666, 1.0)",1,98.05,23529
"(0.9666666666666668, 1.0)",3,98.05,23532
"(0.8333333333333334, 1.0)",3,98.05,23535
"(0.5056818181818182, 1.0)",3,98.04886363636363,23538
"(0.4242424242424242, 0.9984848484848484)",1,98.04810606060607,23539
"(0.2208333333333333, 0.999621212121212)",3,98.04772727272729,23542
"(0.4795454545454545, 1.0)",3,98.04696969696973,23545
"(0.7558139534883721, 0.9883720930232558)",1,98.04651162790714,23546
"(0.8837209302325582, 0.9883720930232558)",1,98.04651162790714,23547
"(0.8837209302325582, 0.9883720930232558)",1,98.04651162790712,23548
"(0.3372093023255814, 1.0)",1,98.04651162790697,23549
"(0.8791666666666667, 0.9791666666666666)",1,98.04583333333346,23550
"(0.9208333333333332, 0.9791666666666666)",1,98.04583333333343,23551
"(0.9916666666666668, 0.9958333333333332)",1,98.04583333333343,23552
"(0.975, 0.9958333333333332)",1,98.04583333333343,23553
"(0.9625, 0.9958333333333332)",1,98.0458333333334,23554
"(0.9916666666666668, 0.9958333333333332)",1,98.04583333333336,23555
"(0.9875, 0.9958333333333332)",1,98.04583333333336,23556
"(0.8125, 0.9833333333333332)",1,98.04583333333336,23557
"(0.95, 0.9833333333333332)",1,98.04583333333332,23558
"(0.9291666666666668, 0.9875)",1,98.04583333333326,23559
"(0.4772727272727273, 1.0)",3,98.0439393939394,23562
"(0.3159090909090909, 0.999621212121212)",3,98.0439393939394,23565
"(0.8728070175438597, 0.9912280701754386)",1,98.0438596491228,23566
"(0.4975, 0.99625)",1,98.04375000000016,23567
"(0.9722222222222222, 0.9861111111111112)",2,98.04166666666688,23569
"(0.75, 0.9861111111111112)",2,98.04166666666688,23571
"(0.8888888888888888, 0.9861111111111112)",1,98.04166666666688,23572
"(0.9027777777777778, 0.9861111111111112)",4,98.04166666666688,23576
"(0.7083333333333334, 0.9861111111111112)",2,98.04166666666688,23578
"(0.9444444444444444, 0.9861111111111112)",1,98.04166666666688,23579
"(0.8472222222222222, 0.9861111111111112)",2,98.04166666666688,23581
"(0.5555555555555556, 0.9861111111111112)",1,98.04166666666688,23582
"(0.7916666666666666, 0.9861111111111112)",1,98.04166666666688,23583
"(0.6944444444444444, 0.9861111111111112)",3,98.04166666666688,23586
"(0.9166666666666666, 0.9861111111111112)",2,98.04166666666688,23588
"(0.7638888888888888, 0.9861111111111112)",4,98.04166666666688,23592
"(0.7361111111111112, 0.9861111111111112)",1,98.04166666666688,23593
"(0.9305555555555556, 0.9861111111111112)",1,98.04166666666688,23594
"(0.8194444444444444, 0.9861111111111112)",1,98.04166666666688,23595
"(0.8611111111111112, 0.9861111111111112)",7,98.04166666666688,23602
"(0.8333333333333334, 0.9861111111111112)",1,98.04166666666688,23603
"(0.7638888888888888, 0.9861111111111112)",4,98.04166666666686,23607
"(0.8472222222222222, 0.9861111111111112)",2,98.04166666666686,23609
"(0.875, 0.9861111111111112)",4,98.04166666666686,23613
"(0.75, 0.9861111111111112)",1,98.04166666666686,23614
"(0.9722222222222222, 0.9861111111111112)",1,98.04166666666686,23615
"(0.9027777777777778, 0.9861111111111112)",4,98.04166666666686,23619
"(0.8888888888888888, 0.9861111111111112)",3,98.04166666666686,23622
"(0.7916666666666666, 0.9861111111111112)",2,98.04166666666686,23624
"(0.9444444444444444, 0.9861111111111112)",1,98.04166666666686,23625
"(0.8611111111111112, 0.9861111111111112)",3,98.04166666666686,23628
"(0.9305555555555556, 0.9861111111111112)",2,98.04166666666686,23630
"(0.8055555555555556, 0.9861111111111112)",1,98.04166666666686,23631
"(0.925, 0.9791666666666666)",1,98.0416666666668,23632
"(0.9916666666666668, 0.9958333333333332)",1,98.0416666666668,23633
"(0.9208333333333332, 0.9958333333333332)",1,98.04166666666676,23634
"(0.975, 0.9958333333333332)",1,98.04166666666676,23635
"(0.9333333333333332, 0.9833333333333332)",1,98.0416666666667,23636
"(0.975, 0.9958333333333332)",1,98.0416666666667,23637
"(0.925, 0.9833333333333332)",1,98.04166666666669,23638
"(0.9083333333333332, 0.9833333333333332)",1,98.04166666666669,23639
"(0.9, 0.9833333333333332)",1,98.04166666666669,23640
"(0.8611111111111112, 1.0)",1,98.04166666666666,23641
"(0.9027777777777778, 1.0)",1,98.04166666666666,23642
"(0.9444444444444444, 1.0)",1,98.04166666666666,23643
"(0.8472222222222222, 1.0)",1,98.04166666666666,23644
"(0.625, 1.0)",2,98.04166666666666,23646
"(0.8875, 0.9875)",1,98.04166666666654,23647
"(0.8958333333333334, 0.9875)",2,98.04166666666654,23649
"(0.9416666666666668, 0.9875)",1,98.04166666666652,23650
"(0.3954545454545454, 1.0)",2,98.03901515151516,23652
"(0.6794871794871795, 1.0)",1,98.03846153846156,23653
"(0.9, 0.9791666666666666)",2,98.03750000000012,23655
"(0.9125, 0.9791666666666666)",1,98.03750000000012,23656
"(0.9125, 0.9958333333333332)",1,98.03750000000008,23657
"(0.9, 0.9833333333333332)",1,98.03750000000004,23658
"(0.8791666666666667, 0.9958333333333332)",1,98.03750000000002,23659
"(0.9208333333333332, 0.9833333333333332)",1,98.03750000000002,23660
"(0.9333333333333332, 0.9875)",1,98.03749999999992,23661
"(0.8916666666666667, 0.9875)",1,98.03749999999988,23662
"(0.9, 0.9875)",2,98.03749999999988,23664
"(0.9333333333333332, 0.9875)",1,98.03749999999982,23665
"(0.9416666666666668, 0.9916666666666668)",1,98.03749999999974,23666
"(0.4890151515151515, 1.0)",1,98.03674242424243,23667
"(0.5189393939393939, 1.0)",3,98.03522727272728,23670
"(0.9473684210526316, 0.9912280701754386)",1,98.03508771929825,23671
"(0.8728070175438597, 0.9912280701754386)",1,98.03508771929825,23672
"(0.9078947368421052, 0.9912280701754386)",1,98.03508771929825,23673
"(0.8859649122807017, 0.9912280701754386)",3,98.03508771929825,23676
"(0.9385964912280702, 0.9912280701754386)",1,98.03508771929825,23677
"(0.9429824561403508, 0.9912280701754386)",1,98.03508771929822,23678
"(0.8837209302325582, 0.9883720930232558)",1,98.0348837209304,23679
"(0.8255813953488372, 0.9883720930232558)",1,98.0348837209304,23680
"(0.7674418604651163, 0.9883720930232558)",1,98.0348837209304,23681
"(0.7674418604651163, 0.9883720930232558)",2,98.03488372093038,23683
"(0.3844696969696969, 1.0)",3,98.0344696969697,23686
"(0.9416666666666668, 0.9791666666666666)",1,98.03333333333347,23687
"(0.9791666666666666, 0.9958333333333332)",1,98.03333333333345,23688
"(0.95, 0.9791666666666666)",2,98.03333333333345,23690
"(0.9583333333333334, 0.9958333333333332)",1,98.03333333333342,23691
"(0.8666666666666667, 0.9833333333333332)",1,98.0333333333334,23692
"(0.95, 0.9833333333333332)",6,98.0333333333334,23698
"(0.8333333333333334, 0.9833333333333332)",1,98.0333333333334,23699
"(0.75, 0.9833333333333332)",1,98.0333333333334,23700
"(0.7166666666666667, 0.9833333333333332)",1,98.0333333333334,23701
"(0.9291666666666668, 0.9833333333333332)",1,98.0333333333334,23702
"(0.6666666666666666, 0.9833333333333332)",1,98.0333333333334,23703
"(0.7333333333333333, 0.9833333333333332)",2,98.0333333333334,23705
"(0.9, 0.9833333333333332)",2,98.0333333333334,23707
"(0.9458333333333332, 0.9833333333333332)",1,98.0333333333334,23708
"(0.9333333333333332, 0.9833333333333332)",3,98.0333333333334,23711
"(0.9791666666666666, 0.9958333333333332)",1,98.03333333333336,23712
"(0.9083333333333332, 0.9833333333333332)",2,98.03333333333336,23714
"(0.9875, 0.9958333333333332)",1,98.03333333333336,23715
"(0.9916666666666668, 0.9958333333333332)",1,98.03333333333336,23716
"(0.8833333333333333, 1.0)",1,98.03333333333332,23717
"(0.9166666666666666, 1.0)",1,98.03333333333332,23718
"(0.9833333333333332, 1.0)",1,98.03333333333332,23719
"(0.7166666666666667, 1.0)",1,98.03333333333332,23720
"(0.925, 0.9875)",1,98.03333333333325,23721
"(0.9125, 0.9875)",2,98.03333333333322,23723
"(0.9291666666666668, 0.9875)",2,98.0333333333332,23725
"(0.8958333333333334, 0.9875)",1,98.03333333333318,23726
"(0.9208333333333332, 0.9875)",1,98.03333333333316,23727
"(0.9166666666666666, 0.975)",1,98.03333333333312,23728
"(0.68, 0.98875)",1,98.03124999999991,23729
"(0.5333333333333333, 0.999621212121212)",1,98.03106060606062,23730
"(0.8552631578947368, 0.9912280701754386)",1,98.03070175438594,23731
"(0.8859649122807017, 0.9912280701754386)",1,98.03070175438594,23732
"(0.7675438596491229, 0.9912280701754386)",2,98.03070175438594,23734
"(0.7763157894736842, 0.9912280701754386)",1,98.03070175438594,23735
"(0.9078947368421052, 0.9912280701754386)",1,98.03070175438594,23736
"(0.5443181818181818, 0.999621212121212)",1,98.03068181818182,23737
"(0.3920454545454545, 0.999621212121212)",2,98.03068181818182,23739
"(0.875, 0.9791666666666666)",1,98.0291666666668,23740
"(0.9791666666666666, 0.9958333333333332)",1,98.02916666666674,23741
"(0.9916666666666668, 0.9958333333333332)",1,98.02916666666674,23742
"(0.9875, 0.9958333333333332)",1,98.02916666666673,23743
"(0.9333333333333332, 0.9833333333333332)",1,98.02916666666673,23744
"(0.975, 0.9958333333333332)",1,98.0291666666667,23745
"(0.95, 0.9833333333333332)",1,98.0291666666667,23746
"(0.9375, 0.9875)",1,98.02916666666655,23747
"(0.9208333333333332, 0.9875)",2,98.02916666666654,23749
"(0.95, 0.9875)",1,98.0291666666665,23750
"(0.365530303030303, 1.0)",3,98.02878787878788,23753
"(0.9722222222222222, 0.9861111111111112)",2,98.02777777777798,23755
"(0.8333333333333334, 0.9861111111111112)",1,98.02777777777798,23756
"(0.8611111111111112, 0.9861111111111112)",2,98.02777777777798,23758
"(0.875, 0.9861111111111112)",1,98.02777777777798,23759
"(0.6944444444444444, 0.9861111111111112)",2,98.02777777777796,23761
"(0.9305555555555556, 0.9861111111111112)",4,98.02777777777796,23765
"(0.75, 0.9861111111111112)",1,98.02777777777796,23766
"(0.9444444444444444, 0.9861111111111112)",1,98.02777777777796,23767
"(0.7916666666666666, 0.9861111111111112)",3,98.02777777777796,23770
"(0.8888888888888888, 0.9861111111111112)",10,98.02777777777796,23780
"(0.8333333333333334, 0.9861111111111112)",5,98.02777777777796,23785
"(0.8611111111111112, 0.9861111111111112)",3,98.02777777777796,23788
"(0.7222222222222222, 0.9861111111111112)",1,98.02777777777796,23789
"(0.8194444444444444, 0.9861111111111112)",5,98.02777777777796,23794
"(0.7361111111111112, 0.9861111111111112)",1,98.02777777777796,23795
"(0.8055555555555556, 0.9861111111111112)",2,98.02777777777796,23797
"(0.5416666666666666, 0.9861111111111112)",3,98.02777777777796,23800
"(0.875, 0.9861111111111112)",1,98.02777777777796,23801
"(0.6805555555555556, 0.9861111111111112)",1,98.02777777777796,23802
"(0.9166666666666666, 0.9861111111111112)",2,98.02777777777796,23804
"(0.9027777777777778, 0.9861111111111112)",4,98.02777777777796,23808
"(0.8611111111111112, 1.0)",1,98.02777777777776,23809
"(0.9305555555555556, 1.0)",1,98.02777777777776,23810
"(0.9444444444444444, 1.0)",1,98.02777777777776,23811
"(0.7083333333333334, 1.0)",1,98.02777777777776,23812
"(0.9027777777777778, 1.0)",2,98.02777777777776,23814
"(0.7875, 0.9988636363636364)",1,98.02727272727272,23815
"(0.3174242424242424, 0.999621212121212)",1,98.02651515151516,23816
"(0.706140350877193, 0.9912280701754386)",1,98.02631578947368,23817
"(0.9385964912280702, 0.9912280701754386)",1,98.02631578947366,23818
"(0.9035087719298246, 0.9912280701754386)",1,98.02631578947364,23819
"(0.3939393939393939, 1.0)",3,98.02613636363635,23822
"(0.3632575757575758, 0.9992424242424244)",1,98.0253787878788,23823
"(0.9041666666666668, 0.9833333333333332)",1,98.02500000000003,23824
"(0.9833333333333332, 0.9958333333333332)",1,98.02500000000003,23825
"(0.9083333333333332, 0.9833333333333332)",1,98.02500000000002,23826
"(0.975, 0.9958333333333332)",1,98.02500000000002,23827
"(0.975, 1.0)",1,98.02499999999996,23828
"(0.925, 0.9875)",1,98.02499999999992,23829
"(0.5890151515151515, 0.9984848484848484)",1,98.02386363636364,23830
"(0.8255813953488372, 0.9883720930232558)",1,98.02325581395364,23831
"(0.8255813953488372, 0.9883720930232558)",2,98.02325581395364,23833
"(0.7674418604651163, 0.9883720930232558)",1,98.02325581395364,23834
"(0.8837209302325582, 0.9883720930232558)",1,98.02325581395364,23835
"(0.4534883720930232, 0.9883720930232558)",1,98.02325581395364,23836
"(0.3372093023255814, 1.0)",1,98.02325581395348,23837
"(0.706140350877193, 0.9912280701754386)",1,98.02192982456138,23838
"(0.8552631578947368, 0.9912280701754386)",1,98.02192982456138,23839
"(0.8728070175438597, 0.9912280701754386)",2,98.02192982456138,23841
"(0.4291666666666666, 1.0)",3,98.02121212121212,23844
"(0.9, 0.9791666666666666)",1,98.02083333333346,23845
"(0.9208333333333332, 0.9958333333333332)",1,98.02083333333344,23846
"(0.9875, 0.9958333333333332)",1,98.02083333333344,23847
"(0.8875, 0.9791666666666666)",1,98.0208333333334,23848
"(0.9791666666666666, 0.9958333333333332)",1,98.0208333333334,23849
"(0.975, 0.9958333333333332)",1,98.0208333333334,23850
"(0.8458333333333333, 0.9833333333333332)",1,98.02083333333336,23851
"(0.925, 0.9833333333333332)",1,98.02083333333334,23852
"(0.5333333333333333, 1.0)",3,98.02083333333334,23855
"(0.9333333333333332, 0.9875)",1,98.02083333333324,23856
"(0.9458333333333332, 0.9875)",1,98.02083333333324,23857
"(0.975, 1.0)",1,98.02083333333324,23858
"(0.9125, 0.9875)",2,98.0208333333332,23860
"(0.4242424242424242, 1.0)",2,98.01931818181818,23862
"(0.5257575757575758, 0.999621212121212)",3,98.01856060606062,23865
"(0.4537878787878788, 1.0)",1,98.01856060606062,23866
"(0.9035087719298246, 0.9912280701754386)",3,98.01754385964912,23869
"(0.7719298245614035, 0.9912280701754386)",1,98.01754385964912,23870
"(0.8859649122807017, 0.9912280701754386)",1,98.01754385964912,23871
"(0.7719298245614035, 0.9912280701754386)",1,98.0175438596491,23872
"(0.4174242424242424, 1.0)",1,98.01704545454548,23873
"(0.9208333333333332, 0.9791666666666666)",1,98.0166666666668,23874
"(0.9041666666666668, 0.9791666666666666)",1,98.01666666666677,23875
"(0.9666666666666668, 0.9958333333333332)",1,98.01666666666677,23876
"(0.9583333333333334, 0.9958333333333332)",1,98.01666666666677,23877
"(0.6666666666666666, 0.9833333333333332)",2,98.01666666666674,23879
"(1.0, 0.9833333333333332)",2,98.01666666666674,23881
"(0.9, 0.9833333333333332)",2,98.01666666666674,23883
"(0.9166666666666666, 0.9833333333333332)",3,98.01666666666674,23886
"(0.9666666666666668, 0.9833333333333332)",1,98.01666666666674,23887
"(0.95, 0.9833333333333332)",3,98.01666666666674,23890
"(0.9333333333333332, 0.9833333333333332)",3,98.01666666666674,23893
"(0.8166666666666667, 0.9833333333333332)",2,98.01666666666674,23895
"(0.7333333333333333, 0.9833333333333332)",1,98.01666666666674,23896
"(0.8, 0.9833333333333332)",1,98.01666666666674,23897
"(0.9916666666666668, 0.9958333333333332)",1,98.01666666666672,23898
"(0.9291666666666668, 0.9833333333333332)",1,98.01666666666672,23899
"(0.9833333333333332, 1.0)",1,98.01666666666668,23900
"(0.9, 1.0)",2,98.01666666666668,23902
"(0.8333333333333334, 1.0)",1,98.01666666666668,23903
"(0.8166666666666667, 1.0)",2,98.01666666666668,23905
"(0.8666666666666667, 1.0)",1,98.01666666666668,23906
"(0.875, 0.9833333333333332)",1,98.01666666666668,23907
"(0.9208333333333332, 0.9875)",1,98.01666666666657,23908
"(0.925, 0.9875)",1,98.01666666666657,23909
"(0.4469696969696969, 0.999621212121212)",1,98.01628787878788,23910
"(0.4333333333333333, 1.0)",3,98.01477272727271,23913
"(0.2712121212121212, 1.0)",3,98.01401515151515,23916
"(0.7916666666666666, 0.9861111111111112)",4,98.01388888888908,23920
"(0.6944444444444444, 0.9861111111111112)",1,98.01388888888908,23921
"(0.75, 0.9861111111111112)",3,98.01388888888908,23924
"(0.8611111111111112, 0.9861111111111112)",5,98.01388888888908,23929
"(0.7638888888888888, 0.9861111111111112)",5,98.01388888888908,23934
"(0.7083333333333334, 0.9861111111111112)",3,98.01388888888908,23937
"(0.9027777777777778, 0.9861111111111112)",6,98.01388888888908,23943
"(0.9305555555555556, 0.9861111111111112)",4,98.01388888888908,23947
"(0.8194444444444444, 0.9861111111111112)",4,98.01388888888908,23951
"(0.7777777777777778, 0.9861111111111112)",2,98.01388888888908,23953
"(0.5555555555555556, 0.9861111111111112)",1,98.01388888888908,23954
"(0.8055555555555556, 0.9861111111111112)",3,98.01388888888908,23957
"(0.875, 0.9861111111111112)",3,98.01388888888908,23960
"(0.9166666666666666, 0.9861111111111112)",1,98.01388888888908,23961
"(0.7222222222222222, 0.9861111111111112)",1,98.01388888888908,23962
"(0.8472222222222222, 0.9861111111111112)",4,98.01388888888908,23966
"(0.8888888888888888, 0.9861111111111112)",3,98.01388888888908,23969
"(0.8333333333333334, 0.9861111111111112)",4,98.01388888888908,23973
"(0.9444444444444444, 0.9861111111111112)",3,98.01388888888908,23976
"(0.7361111111111112, 0.9861111111111112)",1,98.01388888888908,23977
"(0.6805555555555556, 1.0)",1,98.01388888888889,23978
"(0.9305555555555556, 1.0)",2,98.01388888888889,23980
"(0.625, 1.0)",1,98.01388888888889,23981
"(0.7638888888888888, 1.0)",1,98.01388888888889,23982
"(0.8888888888888888, 1.0)",1,98.01388888888889,23983
"(0.7777777777777778, 1.0)",1,98.01388888888889,23984
"(0.8055555555555556, 1.0)",1,98.01388888888889,23985
"(0.5972222222222222, 1.0)",1,98.01388888888889,23986
"(0.7361111111111112, 1.0)",1,98.01388888888889,23987
"(0.7083333333333334, 1.0)",2,98.01388888888889,23989
"(0.6944444444444444, 1.0)",1,98.01388888888889,23990
"(0.9444444444444444, 1.0)",1,98.01388888888889,23991
"(0.8194444444444444, 1.0)",3,98.01388888888889,23994
"(0.8333333333333334, 1.0)",1,98.01388888888889,23995
"(0.7916666666666666, 1.0)",1,98.01388888888889,23996
"(0.4208333333333333, 0.9988636363636364)",1,98.01363636363637,23997
"(0.4428030303030303, 1.0)",3,98.01325757575758,24000
"(0.4556818181818182, 1.0)",3,98.01325757575758,24003
"(0.8728070175438597, 0.9912280701754386)",1,98.01315789473682,24004
"(0.7763157894736842, 0.9912280701754386)",2,98.01315789473682,24006
"(0.9473684210526316, 0.9912280701754386)",1,98.01315789473682,24007
"(0.925438596491228, 0.9912280701754386)",1,98.01315789473682,24008
"(0.7675438596491229, 0.9912280701754386)",3,98.01315789473682,24011
"(0.6929824561403509, 0.9912280701754386)",1,98.0131578947368,24012
"(0.4053030303030303, 1.0)",3,98.0128787878788,24015
"(0.7307692307692307, 1.0)",3,98.01282051282053,24018
"(0.9916666666666668, 0.9958333333333332)",1,98.01250000000007,24019
"(0.9208333333333332, 0.9833333333333332)",1,98.01250000000005,24020
"(0.9, 0.9958333333333332)",1,98.01250000000005,24021
"(0.875, 0.9833333333333332)",1,98.01250000000005,24022
"(0.9125, 0.9833333333333332)",1,98.01250000000005,24023
"(0.9875, 0.9958333333333332)",1,98.01250000000005,24024
"(0.8916666666666667, 0.9875)",1,98.01249999999992,24025
"(0.9291666666666668, 0.9875)",2,98.01249999999987,24027
"(0.8958333333333334, 0.9875)",1,98.01249999999986,24028
"(0.9, 0.9875)",1,98.01249999999985,24029
"(0.9291666666666668, 0.9875)",1,98.01249999999985,24030
"(0.7209302325581395, 0.9883720930232558)",1,98.0116279069769,24031
"(0.8255813953488372, 0.9883720930232558)",1,98.0116279069769,24032
"(0.9302325581395348, 0.9883720930232558)",1,98.0116279069769,24033
"(0.453030303030303, 1.0)",1,98.01098484848484,24034
"(0.3371212121212121, 0.999621212121212)",2,98.01022727272728,24036
"(0.4753787878787879, 1.0)",2,98.0094696969697,24038
"(0.8859649122807017, 0.9912280701754386)",1,98.00877192982456,24039
"(0.7105263157894737, 0.9912280701754386)",2,98.00877192982456,24041
"(0.9035087719298246, 0.9912280701754386)",1,98.00877192982456,24042
"(0.706140350877193, 0.9912280701754386)",1,98.00877192982452,24043
"(0.9625, 0.9958333333333332)",1,98.0083333333334,24044
"(0.9791666666666666, 0.9958333333333332)",1,98.00833333333335,24045
"(0.95, 0.9833333333333332)",1,98.00833333333335,24046
"(0.3325757575757576, 1.0)",3,98.0060606060606,24049
"(0.5912878787878788, 1.0)",1,98.00568181818184,24050
"(0.5431818181818182, 1.0)",1,98.0056818181818,24051
"(0.5325757575757576, 1.0)",3,98.00454545454544,24054
"(0.9429824561403508, 0.9912280701754386)",3,98.00438596491226,24057
"(0.7149122807017544, 0.9912280701754386)",1,98.00438596491226,24058
"(0.9385964912280702, 0.9912280701754386)",3,98.00438596491226,24061
"(0.8859649122807017, 0.9912280701754386)",1,98.00438596491226,24062
"(0.9166666666666666, 0.9791666666666666)",2,98.0041666666668,24064
"(0.9625, 0.9958333333333332)",2,98.00416666666672,24066
"(0.975, 0.9958333333333332)",1,98.0041666666667,24067
"(0.9875, 0.9958333333333332)",1,98.0041666666667,24068
"(0.509469696969697, 1.0)",1,98.00416666666668,24069
"(0.9, 0.9833333333333332)",2,98.00416666666668,24071
"(0.975, 1.0)",1,98.0041666666666,24072
"(0.925, 0.9875)",1,98.00416666666656,24073
"(0.4174242424242424, 0.999621212121212)",1,98.00265151515153,24074
"(0.3632575757575758, 1.0)",3,98.00227272727273,24077
"(0.4799242424242424, 0.999621212121212)",3,98.00113636363636,24080
"(0.7916666666666666, 0.9861111111111112)",6,98.0000000000002,24086
"(0.5972222222222222, 0.9861111111111112)",1,98.0000000000002,24087
"(0.8194444444444444, 0.9861111111111112)",5,98.0000000000002,24092
"(0.9027777777777778, 0.9861111111111112)",6,98.0000000000002,24098
"(0.9722222222222222, 0.9861111111111112)",2,98.0000000000002,24100
"(0.7638888888888888, 0.9861111111111112)",3,98.0000000000002,24103
"(0.6805555555555556, 0.9861111111111112)",2,98.0000000000002,24105
"(0.6944444444444444, 0.9861111111111112)",3,98.0000000000002,24108
"(0.8055555555555556, 0.9861111111111112)",2,98.0000000000002,24110
"(0.75, 0.9861111111111112)",2,98.0000000000002,24112
"(0.875, 0.9861111111111112)",2,98.0000000000002,24114
"(0.9305555555555556, 0.9861111111111112)",4,98.0000000000002,24118
"(0.8472222222222222, 0.9861111111111112)",1,98.0000000000002,24119
"(0.8611111111111112, 0.9861111111111112)",8,98.0000000000002,24127
"(0.7361111111111112, 0.9861111111111112)",2,98.0000000000002,24129
"(0.8333333333333334, 0.9861111111111112)",9,98.0000000000002,24138
"(0.8888888888888888, 0.9861111111111112)",5,98.0000000000002,24143
"(0.9444444444444444, 0.9861111111111112)",2,98.0000000000002,24145
"(0.8837209302325582, 0.9883720930232558)",1,98.00000000000016,24146
"(0.8604651162790697, 0.9883720930232558)",1,98.00000000000016,24147
"(0.7674418604651163, 0.9883720930232558)",2,98.00000000000016,24149
"(0.7558139534883721, 0.9883720930232558)",1,98.00000000000016,24150
"(0.9666666666666668, 0.9833333333333332)",1,98.00000000000009,24151
"(1.0, 0.9833333333333332)",3,98.00000000000009,24154
"(0.8333333333333334, 0.9833333333333332)",1,98.00000000000009,24155
"(0.9166666666666666, 0.9833333333333332)",3,98.00000000000009,24158
"(0.95, 0.9833333333333332)",1,98.00000000000009,24159
"(0.7333333333333333, 0.9833333333333332)",1,98.00000000000009,24160
"(0.9833333333333332, 0.9833333333333332)",1,98.00000000000009,24161
"(0.9333333333333332, 0.9833333333333332)",2,98.00000000000009,24163
"(0.9791666666666666, 0.9833333333333332)",1,98.00000000000004,24164
"(0.9875, 0.9958333333333332)",1,98.00000000000004,24165
"(0.9208333333333332, 0.9833333333333332)",1,98.00000000000004,24166
"(0.9916666666666668, 0.9958333333333332)",1,98.00000000000004,24167
"(0.9833333333333332, 0.9958333333333332)",2,98.00000000000004,24169
"(0.9305555555555556, 1.0)",2,98.0,24171
"(0.9458333333333332, 0.9833333333333332)",1,98.0,24172
"(0.9833333333333332, 1.0)",1,98.0,24173
"(0.8055555555555556, 1.0)",2,98.0,24175
"(0.7674418604651163, 1.0)",1,98.0,24176
"(0.7361111111111112, 1.0)",2,98.0,24178
"(0.75, 1.0)",2,98.0,24180
"(1.0, 1.0)",1,98.0,24181
"(0.9035087719298246, 0.9912280701754386)",1,98.0,24182
"(0.8472222222222222, 1.0)",1,98.0,24183
"(0.95, 0.9833333333333332)",1,98.0,24184
"(0.625, 1.0)",1,98.0,24185
"(0.9444444444444444, 1.0)",3,98.0,24188
"(0.9027777777777778, 1.0)",1,98.0,24189
"(0.9166666666666666, 1.0)",1,98.0,24190
"(0.9333333333333332, 0.9833333333333332)",1,98.0,24191
"(0.8194444444444444, 1.0)",2,98.0,24193
"(0.8166666666666667, 1.0)",1,98.0,24194
"(0.8666666666666667, 1.0)",2,98.0,24196
"(0.9375, 0.9875)",1,97.9999999999999,24197
"(0.9458333333333332, 0.9875)",1,97.99999999999989,24198
"(0.9208333333333332, 0.9875)",1,97.99999999999986,24199
"(0.9, 0.9875)",1,97.99999999999986,24200
"(0.8916666666666667, 0.9916666666666668)",1,97.99999999999976,24201
"(0.3174242424242424, 1.0)",3,97.99810606060606,24204
"(0.3534090909090909, 1.0)",1,97.99659090909093,24205
"(0.875, 0.9791666666666666)",1,97.99583333333348,24206
"(0.8916666666666667, 0.9791666666666666)",1,97.99583333333348,24207
"(0.975, 0.9958333333333332)",1,97.99583333333348,24208
"(0.875, 0.9958333333333332)",1,97.99583333333344,24209
"(0.9583333333333334, 0.9958333333333332)",1,97.99583333333344,24210
"(0.8875, 0.9833333333333332)",2,97.99583333333337,24212
"(0.9875, 0.9958333333333332)",1,97.99583333333337,24213
"(0.975, 0.9958333333333332)",1,97.99583333333337,24214
"(0.9583333333333334, 0.9875)",1,97.99583333333328,24215
"(0.925, 0.9875)",1,97.99583333333322,24216
"(0.9083333333333332, 0.975)",1,97.99583333333317,24217
"(0.9125, 0.9875)",1,97.99583333333317,24218
"(0.9083333333333332, 0.9916666666666668)",1,97.99583333333312,24219
"(0.8552631578947368, 0.9912280701754386)",1,97.9956140350877,24220
"(0.7149122807017544, 0.9912280701754386)",1,97.9956140350877,24221
"(0.7719298245614035, 0.9912280701754386)",1,97.9956140350877,24222
"(0.7105263157894737, 0.9912280701754386)",1,97.9956140350877,24223
"(0.925438596491228, 0.9912280701754386)",2,97.9956140350877,24225
"(0.9035087719298246, 0.9912280701754386)",2,97.9956140350877,24227
"(0.4340909090909091, 1.0)",2,97.99545454545456,24229
"(0.5238636363636363, 1.0)",1,97.9939393939394,24230
"(0.9208333333333332, 0.9791666666666666)",1,97.99166666666684,24231
"(0.8875, 0.9791666666666666)",1,97.99166666666684,24232
"(0.9041666666666668, 0.9791666666666666)",1,97.99166666666682,24233
"(0.8958333333333334, 0.9958333333333332)",1,97.9916666666668,24234
"(0.9458333333333332, 0.9791666666666666)",2,97.9916666666668,24236
"(0.9791666666666666, 0.9958333333333332)",2,97.99166666666676,24238
"(0.9625, 0.9958333333333332)",2,97.99166666666676,24240
"(0.95, 0.9958333333333332)",2,97.99166666666672,24242
"(0.9875, 0.9958333333333332)",1,97.99166666666672,24243
"(0.9708333333333332, 0.9958333333333332)",1,97.99166666666672,24244
"(0.9, 0.9833333333333332)",1,97.9916666666667,24245
"(0.9833333333333332, 0.9958333333333332)",1,97.99166666666667,24246
"(0.9125, 0.9833333333333332)",1,97.99166666666667,24247
"(0.9291666666666668, 0.9875)",1,97.99166666666652,24248
"(0.9, 0.9875)",1,97.99166666666652,24249
"(0.9083333333333332, 0.975)",1,97.99166666666645,24250
"(0.3484848484848485, 1.0)",3,97.99128787878789,24253
"(0.49875, 0.9975)",1,97.9912500000001,24254
"(0.8552631578947368, 0.9912280701754386)",1,97.99122807017542,24255
"(0.9078947368421052, 0.9912280701754386)",1,97.9912280701754,24256
"(0.3560606060606061, 1.0)",1,97.98977272727274,24257
"(0.4621212121212121, 1.0)",3,97.98939393939396,24260
"(0.8255813953488372, 0.9883720930232558)",1,97.98837209302344,24261
"(0.7790697674418605, 0.9883720930232558)",1,97.98837209302344,24262
"(0.8604651162790697, 0.9883720930232558)",2,97.9883720930234,24264
"(0.7209302325581395, 0.9883720930232558)",1,97.9883720930234,24265
"(0.8255813953488372, 0.9883720930232558)",3,97.9883720930234,24268
"(0.9291666666666668, 0.9791666666666666)",2,97.98750000000014,24270
"(0.9833333333333332, 0.9958333333333332)",2,97.98750000000008,24272
"(0.9708333333333332, 0.9958333333333332)",2,97.98750000000004,24274
"(0.8125, 0.9833333333333332)",1,97.98750000000004,24275
"(0.875, 0.9833333333333332)",1,97.9875,24276
"(0.9458333333333332, 0.9833333333333332)",1,97.9875,24277
"(0.4333333333333333, 0.999621212121212)",3,97.9875,24280
"(0.3159090909090909, 1.0)",3,97.9875,24283
"(0.975, 1.0)",1,97.98749999999998,24284
"(0.8875, 0.9916666666666668)",1,97.9874999999998,24285
"(0.9166666666666666, 0.9916666666666668)",1,97.98749999999978,24286
"(0.7435897435897436, 1.0)",1,97.9871794871795,24287
"(0.8859649122807017, 0.9912280701754386)",2,97.98684210526314,24289
"(0.7149122807017544, 0.9912280701754386)",1,97.98684210526314,24290
"(0.7719298245614035, 0.9912280701754386)",1,97.98684210526314,24291
"(0.8194444444444444, 0.9861111111111112)",12,97.98611111111131,24303
"(0.8333333333333334, 0.9861111111111112)",2,97.98611111111131,24305
"(0.5972222222222222, 0.9861111111111112)",1,97.98611111111131,24306
"(0.7916666666666666, 0.9861111111111112)",2,97.98611111111131,24308
"(0.7638888888888888, 0.9861111111111112)",2,97.98611111111131,24310
"(0.875, 0.9861111111111112)",4,97.98611111111131,24314
"(0.9861111111111112, 0.9861111111111112)",1,97.98611111111131,24315
"(0.9027777777777778, 0.9861111111111112)",5,97.98611111111131,24320
"(0.8055555555555556, 0.9861111111111112)",2,97.98611111111131,24322
"(0.9444444444444444, 0.9861111111111112)",1,97.98611111111131,24323
"(0.7083333333333334, 0.9861111111111112)",1,97.98611111111131,24324
"(0.9166666666666666, 0.9861111111111112)",1,97.98611111111131,24325
"(0.5416666666666666, 0.9861111111111112)",2,97.98611111111131,24327
"(0.75, 0.9861111111111112)",2,97.98611111111131,24329
"(0.8611111111111112, 0.9861111111111112)",3,97.98611111111131,24332
"(0.7361111111111112, 0.9861111111111112)",1,97.98611111111131,24333
"(0.8888888888888888, 0.9861111111111112)",4,97.98611111111131,24337
"(0.7638888888888888, 0.9861111111111112)",1,97.9861111111113,24338
"(0.8333333333333334, 0.9861111111111112)",1,97.9861111111113,24339
"(0.8194444444444444, 0.9861111111111112)",2,97.9861111111113,24341
"(0.8888888888888888, 0.9861111111111112)",1,97.9861111111113,24342
"(0.9444444444444444, 0.9861111111111112)",2,97.9861111111113,24344
"(0.9305555555555556, 0.9861111111111112)",1,97.9861111111113,24345
"(0.7916666666666666, 0.9861111111111112)",1,97.9861111111113,24346
"(0.9166666666666666, 0.9861111111111112)",1,97.9861111111113,24347
"(0.875, 0.9861111111111112)",3,97.9861111111113,24350
"(0.6944444444444444, 0.9861111111111112)",1,97.9861111111113,24351
"(0.8333333333333334, 1.0)",1,97.98611111111111,24352
"(0.6944444444444444, 1.0)",1,97.98611111111111,24353
"(0.9305555555555556, 1.0)",2,97.98611111111111,24355
"(0.75, 1.0)",2,97.98611111111111,24357
"(0.9583333333333334, 1.0)",1,97.98611111111111,24358
"(0.9444444444444444, 1.0)",1,97.98611111111111,24359
"(0.7361111111111112, 1.0)",1,97.98611111111111,24360
"(0.7083333333333334, 1.0)",1,97.98611111111111,24361
"(0.9027777777777778, 1.0)",1,97.98611111111111,24362
"(0.8194444444444444, 1.0)",1,97.98611111111111,24363
"(0.7222222222222222, 1.0)",2,97.98611111111111,24365
"(0.8611111111111112, 1.0)",1,97.98611111111111,24366
"(0.625, 1.0)",1,97.98611111111111,24367
"(0.4890151515151515, 1.0)",3,97.98560606060607,24370
"(0.9208333333333332, 0.9791666666666666)",1,97.98333333333348,24371
"(0.9208333333333332, 0.9958333333333332)",1,97.98333333333343,24372
"(0.8666666666666667, 0.9833333333333332)",2,97.9833333333334,24374
"(0.9333333333333332, 0.9833333333333332)",4,97.9833333333334,24378
"(0.8833333333333333, 0.9833333333333332)",1,97.9833333333334,24379
"(0.95, 0.9833333333333332)",5,97.9833333333334,24384
"(0.9, 0.9833333333333332)",2,97.9833333333334,24386
"(0.75, 0.9833333333333332)",1,97.9833333333334,24387
"(0.9791666666666666, 0.9958333333333332)",1,97.9833333333334,24388
"(0.9833333333333332, 0.9833333333333332)",1,97.9833333333334,24389
"(0.9166666666666666, 0.9833333333333332)",5,97.9833333333334,24394
"(0.8166666666666667, 0.9833333333333332)",1,97.9833333333334,24395
"(0.9833333333333332, 0.9958333333333332)",1,97.98333333333338,24396
"(0.9208333333333332, 0.9833333333333332)",1,97.98333333333338,24397
"(0.9458333333333332, 0.9958333333333332)",2,97.98333333333336,24399
"(0.9041666666666668, 0.9833333333333332)",1,97.98333333333336,24400
"(0.9208333333333332, 0.9833333333333332)",1,97.98333333333336,24401
"(0.9708333333333332, 0.9958333333333332)",1,97.98333333333336,24402
"(0.9625, 0.9833333333333332)",1,97.98333333333332,24403
"(0.75, 1.0)",1,97.98333333333332,24404
"(0.8333333333333334, 1.0)",1,97.98333333333332,24405
"(0.95, 1.0)",1,97.98333333333332,24406
"(0.9, 1.0)",1,97.98333333333332,24407
"(0.9166666666666666, 1.0)",1,97.98333333333332,24408
"(0.925, 0.9833333333333332)",2,97.9833333333333,24410
"(0.9291666666666668, 0.9875)",1,97.98333333333316,24411
"(0.9583333333333334, 0.9916666666666668)",1,97.98333333333314,24412
"(0.7719298245614035, 0.9912280701754386)",1,97.98245614035086,24413
"(0.4725, 0.9925)",1,97.98000000000006,24414
"(0.4132575757575757, 1.0)",1,97.97954545454546,24415
"(0.9791666666666666, 0.9958333333333332)",1,97.97916666666676,24416
"(0.9875, 0.9958333333333332)",1,97.97916666666676,24417
"(0.875, 0.9958333333333332)",1,97.97916666666676,24418
"(0.975, 0.9958333333333332)",1,97.97916666666674,24419
"(0.975, 0.9958333333333332)",1,97.97916666666671,24420
"(0.9833333333333332, 0.9958333333333332)",1,97.97916666666671,24421
"(0.9375, 0.9833333333333332)",1,97.9791666666667,24422
"(0.9208333333333332, 0.9833333333333332)",1,97.9791666666667,24423
"(0.9416666666666668, 0.9875)",1,97.9791666666666,24424
"(0.9333333333333332, 0.9875)",1,97.97916666666652,24425
"(0.9291666666666668, 0.9875)",1,97.9791666666665,24426
"(0.4049242424242424, 0.999621212121212)",3,97.97878787878788,24429
"(0.706140350877193, 0.9912280701754386)",1,97.97807017543856,24430
"(0.7719298245614035, 0.9912280701754386)",1,97.97807017543856,24431
"(0.3223484848484848, 1.0)",1,97.97765151515152,24432
"(0.4003787878787879, 0.999621212121212)",1,97.97727272727272,24433
"(0.3496212121212121, 0.999621212121212)",3,97.97689393939392,24436
"(0.7674418604651163, 0.9883720930232558)",2,97.97674418604667,24438
"(0.7209302325581395, 0.9883720930232558)",1,97.97674418604667,24439
"(0.8255813953488372, 0.9883720930232558)",1,97.97674418604667,24440
"(0.7558139534883721, 0.9883720930232558)",1,97.97674418604666,24441
"(0.8255813953488372, 1.0)",1,97.97674418604652,24442
"(0.296969696969697, 1.0)",3,97.97537878787878,24445
"(0.9458333333333332, 0.9791666666666666)",2,97.97500000000016,24447
"(0.51875, 0.99875)",1,97.9750000000001,24448
"(0.975, 0.9958333333333332)",1,97.97500000000004,24449
"(0.9, 0.9833333333333332)",1,97.97500000000002,24450
"(0.4382575757575757, 0.9992424242424244)",3,97.975,24453
"(0.875, 0.9833333333333332)",1,97.975,24454
"(0.9333333333333332, 0.9875)",1,97.97499999999984,24455
"(0.5431818181818182, 0.999621212121212)",3,97.97462121212122,24458
"(0.5512820512820513, 1.0)",1,97.97435897435898,24459
"(0.4253787878787878, 0.999621212121212)",3,97.97424242424243,24462
"(0.9078947368421052, 0.9912280701754386)",1,97.9736842105263,24463
"(0.7675438596491229, 0.9912280701754386)",1,97.9736842105263,24464
"(0.4871212121212121, 1.0)",3,97.97348484848486,24467
"(0.3496212121212121, 1.0)",1,97.97348484848486,24468
"(0.5257575757575758, 1.0)",3,97.97272727272728,24471
"(0.2446969696969697, 1.0)",2,97.9723484848485,24473
"(0.7638888888888888, 0.9861111111111112)",1,97.97222222222244,24474
"(0.9027777777777778, 0.9861111111111112)",1,97.97222222222244,24475
"(0.8888888888888888, 0.9861111111111112)",2,97.97222222222244,24477
"(0.7777777777777778, 0.9861111111111112)",1,97.97222222222244,24478
"(0.9166666666666666, 0.9861111111111112)",1,97.97222222222244,24479
"(0.9305555555555556, 0.9861111111111112)",1,97.97222222222244,24480
"(0.8611111111111112, 0.9861111111111112)",1,97.97222222222244,24481
"(0.7916666666666666, 0.9861111111111112)",2,97.97222222222244,24483
"(0.9027777777777778, 0.9861111111111112)",7,97.9722222222224,24490
"(0.9305555555555556, 0.9861111111111112)",2,97.9722222222224,24492
"(0.8055555555555556, 0.9861111111111112)",1,97.9722222222224,24493
"(0.6388888888888888, 0.9861111111111112)",1,97.9722222222224,24494
"(0.8888888888888888, 0.9861111111111112)",3,97.9722222222224,24497
"(0.9166666666666666, 0.9861111111111112)",1,97.9722222222224,24498
"(0.875, 0.9861111111111112)",3,97.9722222222224,24501
"(0.7916666666666666, 0.9861111111111112)",3,97.9722222222224,24504
"(0.6944444444444444, 0.9861111111111112)",1,97.9722222222224,24505
"(0.7083333333333334, 0.9861111111111112)",3,97.9722222222224,24508
"(0.8472222222222222, 0.9861111111111112)",4,97.9722222222224,24512
"(0.7361111111111112, 0.9861111111111112)",2,97.9722222222224,24514
"(0.6805555555555556, 0.9861111111111112)",1,97.9722222222224,24515
"(0.9444444444444444, 0.9861111111111112)",3,97.9722222222224,24518
"(0.8194444444444444, 0.9861111111111112)",7,97.9722222222224,24525
"(0.8333333333333334, 0.9861111111111112)",4,97.9722222222224,24529
"(0.5416666666666666, 0.9861111111111112)",3,97.9722222222224,24532
"(0.8611111111111112, 0.9861111111111112)",4,97.9722222222224,24536
"(0.8611111111111112, 1.0)",1,97.97222222222224,24537
"(0.8194444444444444, 1.0)",1,97.97222222222224,24538
"(0.8055555555555556, 1.0)",2,97.97222222222224,24540
"(0.7083333333333334, 1.0)",2,97.97222222222224,24542
"(0.9444444444444444, 1.0)",2,97.97222222222224,24544
"(0.75, 1.0)",1,97.9722222222222,24545
"(0.6111111111111112, 1.0)",1,97.9722222222222,24546
"(0.4753787878787879, 0.999621212121212)",3,97.9715909090909,24549
"(0.9333333333333332, 0.9791666666666666)",1,97.9708333333335,24550
"(0.9458333333333332, 0.9958333333333332)",1,97.97083333333345,24551
"(0.9125, 0.9791666666666666)",1,97.97083333333345,24552
"(0.9708333333333332, 0.9958333333333332)",1,97.9708333333334,24553
"(0.975, 0.9958333333333332)",1,97.9708333333334,24554
"(0.9625, 0.9958333333333332)",1,97.97083333333336,24555
"(0.9, 0.9833333333333332)",1,97.97083333333336,24556
"(0.9458333333333332, 0.9833333333333332)",1,97.97083333333336,24557
"(0.9833333333333332, 0.9958333333333332)",1,97.97083333333336,24558
"(0.95, 0.9833333333333332)",1,97.97083333333336,24559
"(0.95, 0.9833333333333332)",1,97.97083333333336,24560
"(0.9416666666666668, 0.9833333333333332)",1,97.97083333333336,24561
"(0.95, 0.9833333333333332)",1,97.97083333333336,24562
"(0.9208333333333332, 0.9833333333333332)",1,97.97083333333336,24563
"(0.9208333333333332, 0.9833333333333332)",1,97.97083333333336,24564
"(0.4208333333333333, 1.0)",3,97.97083333333332,24567
"(0.9791666666666666, 1.0)",1,97.97083333333327,24568
"(0.8958333333333334, 0.9875)",1,97.97083333333322,24569
"(0.9125, 0.975)",1,97.97083333333308,24570
"(0.5325, 0.98625)",1,97.96999999999991,24571
"(0.706140350877193, 0.9912280701754386)",3,97.96929824561404,24574
"(0.9035087719298246, 0.9912280701754386)",1,97.969298245614,24575
"(0.8552631578947368, 0.9912280701754386)",1,97.969298245614,24576
"(0.9473684210526316, 0.9912280701754386)",1,97.969298245614,24577
"(0.2704545454545454, 1.0)",1,97.9689393939394,24578
"(0.4659090909090909, 1.0)",1,97.96742424242424,24579
"(0.8791666666666667, 0.9791666666666666)",1,97.9666666666668,24580
"(0.9958333333333332, 0.9958333333333332)",1,97.96666666666675,24581
"(0.9833333333333332, 0.9958333333333332)",2,97.96666666666675,24583
"(0.9291666666666668, 0.9958333333333332)",1,97.96666666666675,24584
"(0.8375, 0.9958333333333332)",1,97.96666666666675,24585
"(0.9166666666666666, 0.9833333333333332)",3,97.96666666666674,24588
"(0.8833333333333333, 0.9833333333333332)",1,97.96666666666674,24589
"(0.8166666666666667, 0.9833333333333332)",2,97.96666666666674,24591
"(0.9833333333333332, 0.9958333333333332)",2,97.96666666666674,24593
"(0.9333333333333332, 0.9833333333333332)",1,97.96666666666674,24594
"(0.95, 0.9833333333333332)",4,97.96666666666674,24598
"(0.9666666666666668, 0.9833333333333332)",4,97.96666666666674,24602
"(0.8666666666666667, 0.9833333333333332)",1,97.96666666666674,24603
"(0.9, 0.9833333333333332)",1,97.96666666666674,24604
"(0.9125, 0.9833333333333332)",1,97.96666666666673,24605
"(0.975, 0.9958333333333332)",1,97.96666666666673,24606
"(0.8166666666666667, 1.0)",1,97.96666666666668,24607
"(0.9833333333333332, 1.0)",1,97.96666666666668,24608
"(0.925, 0.9833333333333332)",1,97.96666666666668,24609
"(0.8833333333333333, 1.0)",1,97.96666666666668,24610
"(1.0, 1.0)",2,97.96666666666668,24612
"(0.8666666666666667, 1.0)",2,97.96666666666668,24614
"(0.9166666666666666, 1.0)",1,97.96666666666668,24615
"(0.8958333333333334, 0.9833333333333332)",1,97.96666666666664,24616
"(0.9083333333333332, 0.9875)",1,97.96666666666655,24617
"(0.8958333333333334, 0.9875)",1,97.96666666666653,24618
"(0.9625, 0.9916666666666668)",1,97.9666666666664,24619
"(0.4068181818181818, 0.999621212121212)",3,97.9659090909091,24622
"(0.2784090909090909, 1.0)",3,97.9655303030303,24625
"(0.8255813953488372, 0.9883720930232558)",2,97.96511627906992,24627
"(0.8953488372093024, 0.9883720930232558)",1,97.96511627906992,24628
"(0.4651162790697674, 0.9883720930232558)",1,97.96511627906992,24629
"(0.7675438596491229, 0.9912280701754386)",1,97.96491228070174,24630
"(0.8552631578947368, 0.9912280701754386)",1,97.96491228070174,24631
"(0.9458333333333332, 0.9791666666666666)",1,97.96250000000016,24632
"(0.9458333333333332, 0.9791666666666666)",1,97.96250000000012,24633
"(0.9416666666666668, 0.9791666666666666)",1,97.96250000000012,24634
"(0.9625, 0.9958333333333332)",1,97.96250000000008,24635
"(0.9833333333333332, 0.9958333333333332)",1,97.96250000000008,24636
"(0.9833333333333332, 0.9958333333333332)",1,97.96250000000003,24637
"(0.9791666666666666, 0.9958333333333332)",1,97.96250000000003,24638
"(0.9833333333333332, 0.9958333333333332)",3,97.96250000000003,24641
"(0.4079545454545454, 1.0)",3,97.9625,24644
"(0.9875, 1.0)",1,97.96249999999996,24645
"(0.95, 0.9875)",1,97.96249999999992,24646
"(1.0, 1.0)",1,97.96249999999992,24647
"(0.8833333333333333, 0.9875)",2,97.96249999999988,24649
"(0.9125, 0.9875)",1,97.96249999999986,24650
"(0.5736486486486486, 0.9847972972972971)",1,97.9621621621621,24651
"(0.6538461538461539, 1.0)",3,97.96153846153848,24654
"(0.782051282051282, 1.0)",3,97.96153846153844,24657
"(0.4469696969696969, 1.0)",3,97.96098484848486,24660
"(0.4174242424242424, 1.0)",3,97.96060606060608,24663
"(0.7105263157894737, 0.9912280701754386)",3,97.96052631578944,24666
"(0.4469696969696969, 1.0)",3,97.96022727272728,24669
"(0.5257575757575758, 1.0)",1,97.96022727272728,24670
"(0.3409090909090909, 1.0)",3,97.9598484848485,24673
"(0.2356060606060606, 0.999621212121212)",3,97.95909090909092,24676
"(0.75, 0.9861111111111112)",2,97.95833333333354,24678
"(0.7638888888888888, 0.9861111111111112)",2,97.95833333333351,24680
"(0.6388888888888888, 0.9861111111111112)",1,97.95833333333351,24681
"(0.9166666666666666, 0.9861111111111112)",1,97.95833333333351,24682
"(0.9027777777777778, 0.9861111111111112)",4,97.95833333333351,24686
"(0.8194444444444444, 0.9861111111111112)",5,97.95833333333351,24691
"(0.6805555555555556, 0.9861111111111112)",1,97.95833333333351,24692
"(0.7222222222222222, 0.9861111111111112)",2,97.95833333333351,24694
"(0.8888888888888888, 0.9861111111111112)",4,97.95833333333351,24698
"(0.7361111111111112, 0.9861111111111112)",1,97.95833333333351,24699
"(0.8333333333333334, 0.9861111111111112)",3,97.95833333333351,24702
"(0.7083333333333334, 0.9861111111111112)",4,97.95833333333351,24706
"(0.6944444444444444, 0.9861111111111112)",3,97.95833333333351,24709
"(0.8055555555555556, 0.9861111111111112)",3,97.95833333333351,24712
"(0.5, 0.9861111111111112)",1,97.95833333333351,24713
"(0.875, 0.9861111111111112)",11,97.95833333333351,24724
"(0.5416666666666666, 0.9861111111111112)",2,97.95833333333351,24726
"(0.8611111111111112, 0.9861111111111112)",6,97.95833333333351,24732
"(0.925, 0.9791666666666666)",1,97.95833333333348,24733
"(0.925, 0.9791666666666666)",1,97.95833333333344,24734
"(0.9125, 0.9833333333333332)",1,97.9583333333334,24735
"(0.9625, 0.9958333333333332)",1,97.9583333333334,24736
"(0.9791666666666666, 0.9958333333333332)",1,97.9583333333334,24737
"(0.7361111111111112, 1.0)",1,97.95833333333334,24738
"(0.4825757575757576, 0.999621212121212)",1,97.95833333333334,24739
"(0.8611111111111112, 1.0)",1,97.95833333333334,24740
"(0.8333333333333334, 1.0)",2,97.95833333333334,24742
"(0.9666666666666668, 0.9833333333333332)",1,97.95833333333334,24743
"(0.9458333333333332, 0.9833333333333332)",1,97.95833333333334,24744
"(0.8611111111111112, 1.0)",1,97.95833333333331,24745
"(0.7916666666666666, 1.0)",1,97.95833333333331,24746
"(0.9583333333333334, 1.0)",2,97.95833333333331,24748
"(0.625, 1.0)",2,97.95833333333331,24750
"(0.7083333333333334, 1.0)",1,97.95833333333331,24751
"(0.8333333333333334, 1.0)",1,97.95833333333331,24752
"(0.8194444444444444, 1.0)",1,97.95833333333331,24753
"(0.8055555555555556, 1.0)",1,97.95833333333331,24754
"(0.925, 0.9875)",1,97.95833333333324,24755
"(0.9, 0.9875)",1,97.9583333333332,24756
"(0.8958333333333334, 0.9916666666666668)",1,97.9583333333331,24757
"(0.4053030303030303, 0.999621212121212)",1,97.95795454545456,24758
"(0.4359848484848485, 1.0)",3,97.9564393939394,24761
"(0.7719298245614035, 0.9912280701754386)",1,97.95614035087718,24762
"(0.9078947368421052, 0.9912280701754386)",2,97.95614035087718,24764
"(0.6929824561403509, 0.9912280701754386)",1,97.95614035087718,24765
"(0.9429824561403508, 0.9912280701754386)",1,97.95614035087718,24766
"(0.5333333333333333, 1.0)",3,97.95606060606062,24769
"(0.9541666666666668, 0.9791666666666666)",1,97.95416666666684,24770
"(0.975, 0.9958333333333332)",1,97.95416666666674,24771
"(0.9375, 0.9833333333333332)",1,97.95416666666672,24772
"(0.9208333333333332, 0.9833333333333332)",1,97.95416666666672,24773
"(0.9791666666666666, 0.9958333333333332)",1,97.9541666666667,24774
"(0.9666666666666668, 0.9833333333333332)",1,97.95416666666668,24775
"(0.8875, 0.9875)",1,97.95416666666657,24776
"(0.9166666666666666, 0.9875)",1,97.95416666666657,24777
"(0.8916666666666667, 0.9875)",1,97.95416666666657,24778
"(0.925, 0.9875)",1,97.95416666666654,24779
"(0.9125, 0.9875)",1,97.95416666666652,24780
"(0.9458333333333332, 0.975)",2,97.9541666666665,24782
"(0.8255813953488372, 0.9883720930232558)",1,97.9534883720932,24783
"(0.7209302325581395, 0.9883720930232558)",1,97.95348837209318,24784
"(0.8837209302325582, 0.9883720930232558)",1,97.95348837209318,24785
"(0.4883720930232558, 1.0)",2,97.95348837209302,24787
"(0.7674418604651163, 1.0)",1,97.95348837209302,24788
"(0.4378787878787878, 0.999621212121212)",1,97.9530303030303,24789
"(0.8859649122807017, 0.9912280701754386)",1,97.9517543859649,24790
"(0.8728070175438597, 0.9912280701754386)",1,97.95175438596488,24791
"(0.9791666666666666, 0.9958333333333332)",1,97.95000000000007,24792
"(0.9666666666666668, 0.9833333333333332)",2,97.95000000000007,24794
"(0.8833333333333333, 0.9833333333333332)",1,97.95000000000007,24795
"(0.9166666666666666, 0.9833333333333332)",1,97.95000000000007,24796
"(0.7333333333333333, 0.9833333333333332)",1,97.95000000000007,24797
"(1.0, 0.9833333333333332)",2,97.95000000000007,24799
"(0.9333333333333332, 0.9833333333333332)",2,97.95000000000007,24801
"(0.9, 0.9833333333333332)",4,97.95000000000007,24805
"(0.8166666666666667, 0.9833333333333332)",1,97.95000000000007,24806
"(0.9833333333333332, 0.9958333333333332)",1,97.95000000000006,24807
"(0.95, 0.9833333333333332)",1,97.95000000000006,24808
"(0.9416666666666668, 0.9833333333333332)",1,97.95000000000005,24809
"(0.9083333333333332, 0.9833333333333332)",1,97.95000000000002,24810
"(0.6666666666666666, 1.0)",1,97.95,24811
"(0.8458333333333333, 0.9833333333333332)",1,97.95,24812
"(0.95, 1.0)",1,97.95,24813
"(0.8833333333333333, 1.0)",1,97.95,24814
"(0.9, 1.0)",1,97.95,24815
"(0.9666666666666668, 1.0)",1,97.95,24816
"(0.9125, 0.9916666666666668)",1,97.94999999999972,24817
"(0.5443181818181818, 0.999621212121212)",1,97.94924242424244,24818
"(0.3484848484848485, 0.999621212121212)",3,97.94886363636364,24821
"(0.717948717948718, 1.0)",1,97.94871794871796,24822
"(0.6410256410256411, 1.0)",2,97.94871794871796,24824
"(0.6794871794871795, 1.0)",1,97.94871794871796,24825
"(0.4102564102564102, 1.0)",1,97.94871794871796,24826
"(0.3159090909090909, 1.0)",1,97.94810606060608,24827
"(0.50625, 0.99875)",1,97.94750000000008,24828
"(0.9125, 0.9791666666666666)",1,97.94583333333348,24829
"(0.9875, 0.9958333333333332)",1,97.9458333333334,24830
"(0.9833333333333332, 0.9958333333333332)",1,97.9458333333334,24831
"(0.9458333333333332, 0.9833333333333332)",1,97.94583333333335,24832
"(0.925, 0.9875)",1,97.94583333333324,24833
"(0.9375, 0.9875)",1,97.94583333333318,24834
"(0.9166666666666666, 0.9861111111111112)",2,97.94444444444464,24836
"(0.75, 0.9861111111111112)",1,97.94444444444464,24837
"(0.5416666666666666, 0.9861111111111112)",3,97.94444444444464,24840
"(0.7916666666666666, 0.9861111111111112)",2,97.94444444444464,24842
"(0.875, 0.9861111111111112)",4,97.94444444444464,24846
"(0.8055555555555556, 0.9861111111111112)",3,97.94444444444464,24849
"(0.8333333333333334, 0.9861111111111112)",1,97.94444444444464,24850
"(0.7222222222222222, 0.9861111111111112)",3,97.94444444444464,24853
"(0.6805555555555556, 0.9861111111111112)",1,97.94444444444464,24854
"(0.625, 0.9861111111111112)",1,97.94444444444464,24855
"(0.9027777777777778, 0.9861111111111112)",8,97.94444444444464,24863
"(0.9305555555555556, 0.9861111111111112)",7,97.94444444444464,24870
"(0.6944444444444444, 0.9861111111111112)",4,97.94444444444464,24874
"(0.8194444444444444, 0.9861111111111112)",8,97.94444444444464,24882
"(0.8888888888888888, 0.9861111111111112)",9,97.94444444444464,24891
"(0.9444444444444444, 0.9861111111111112)",3,97.94444444444464,24894
"(0.8472222222222222, 0.9861111111111112)",1,97.94444444444464,24895
"(0.7638888888888888, 0.9861111111111112)",3,97.94444444444464,24898
"(0.8611111111111112, 0.9861111111111112)",3,97.94444444444464,24901
"(0.8611111111111112, 1.0)",1,97.94444444444444,24902
"(0.8888888888888888, 1.0)",2,97.94444444444444,24904
"(0.75, 1.0)",1,97.94444444444444,24905
"(0.625, 1.0)",1,97.94444444444444,24906
"(0.9027777777777778, 1.0)",1,97.94444444444444,24907
"(0.9305555555555556, 1.0)",2,97.94444444444444,24909
"(0.9583333333333334, 1.0)",2,97.94444444444444,24911
"(0.8055555555555556, 1.0)",1,97.94444444444444,24912
"(0.706140350877193, 0.9912280701754386)",1,97.94298245614031,24913
"(0.543939393939394, 0.9992424242424244)",1,97.94280303030304,24914
"(0.7441860465116279, 0.9883720930232558)",1,97.94186046511643,24915
"(0.8255813953488372, 0.9883720930232558)",1,97.94186046511643,24916
"(0.8255813953488372, 0.9883720930232558)",1,97.94186046511642,24917
"(0.925, 0.9791666666666666)",1,97.94166666666682,24918
"(0.9416666666666668, 0.9791666666666666)",1,97.9416666666668,24919
"(0.95, 0.9791666666666666)",2,97.9416666666668,24921
"(0.9791666666666666, 0.9958333333333332)",1,97.94166666666678,24922
"(0.9458333333333332, 0.9833333333333332)",1,97.9416666666667,24923
"(0.9333333333333332, 0.9833333333333332)",2,97.94166666666668,24925
"(0.9583333333333334, 0.9833333333333332)",1,97.94166666666668,24926
"(0.9166666666666666, 0.9875)",1,97.94166666666658,24927
"(0.8916666666666667, 0.9875)",2,97.94166666666652,24929
"(0.9429824561403508, 0.9912280701754386)",3,97.93859649122804,24932
"(0.7719298245614035, 0.9912280701754386)",1,97.93859649122804,24933
"(0.8859649122807017, 0.9912280701754386)",1,97.93859649122804,24934
"(0.9035087719298246, 0.9912280701754386)",1,97.93859649122804,24935
"(0.9083333333333332, 0.9791666666666666)",1,97.93750000000014,24936
"(0.9125, 0.9791666666666666)",1,97.9375000000001,24937
"(0.9625, 0.9958333333333332)",1,97.93750000000009,24938
"(0.9791666666666666, 0.9958333333333332)",1,97.93750000000006,24939
"(0.9375, 0.9833333333333332)",2,97.93750000000004,24941
"(0.9291666666666668, 0.9833333333333332)",1,97.9375,24942
"(0.9041666666666668, 0.9833333333333332)",2,97.9375,24944
"(0.975, 1.0)",1,97.93749999999994,24945
"(0.9166666666666666, 0.9875)",1,97.93749999999991,24946
"(0.9208333333333332, 0.9875)",1,97.93749999999991,24947
"(0.8458333333333333, 0.9875)",1,97.93749999999989,24948
"(0.9125, 0.9875)",1,97.93749999999984,24949
"(0.925, 0.9875)",1,97.93749999999984,24950
"(0.9166666666666666, 0.975)",1,97.9374999999998,24951
"(0.9208333333333332, 0.9916666666666668)",1,97.93749999999974,24952
"(0.5496212121212121, 1.0)",1,97.93636363636364,24953
"(0.4291666666666666, 0.999621212121212)",1,97.9344696969697,24954
"(0.8728070175438597, 0.9912280701754386)",1,97.93421052631578,24955
"(0.6929824561403509, 0.9912280701754386)",1,97.93421052631578,24956
"(0.7719298245614035, 0.9912280701754386)",1,97.93421052631577,24957
"(0.8212121212121212, 1.0)",1,97.93409090909093,24958
"(0.2696969696969697, 0.999621212121212)",1,97.93409090909093,24959
"(0.4242424242424242, 0.9988636363636364)",1,97.93409090909093,24960
"(0.3583333333333333, 1.0)",1,97.93371212121212,24961
"(0.9083333333333332, 0.9958333333333332)",1,97.9333333333334,24962
"(0.9166666666666666, 0.9833333333333332)",1,97.9333333333334,24963
"(1.0, 0.9833333333333332)",1,97.9333333333334,24964
"(0.8666666666666667, 0.9833333333333332)",1,97.9333333333334,24965
"(0.9833333333333332, 0.9958333333333332)",1,97.9333333333334,24966
"(0.8166666666666667, 0.9833333333333332)",1,97.9333333333334,24967
"(0.9666666666666668, 0.9833333333333332)",1,97.9333333333334,24968
"(0.9333333333333332, 0.9833333333333332)",2,97.9333333333334,24970
"(0.9833333333333332, 0.9833333333333332)",1,97.9333333333334,24971
"(0.8833333333333333, 0.9833333333333332)",1,97.9333333333334,24972
"(0.9666666666666668, 0.9833333333333332)",5,97.9333333333334,24977
"(0.9, 0.9833333333333332)",1,97.9333333333334,24978
"(0.9, 0.9833333333333332)",1,97.93333333333338,24979
"(0.95, 0.9833333333333332)",1,97.93333333333338,24980
"(0.9583333333333334, 0.9833333333333332)",1,97.93333333333337,24981
"(0.9083333333333332, 0.9833333333333332)",1,97.93333333333337,24982
"(0.9041666666666668, 0.9833333333333332)",1,97.93333333333337,24983
"(0.8125, 0.9833333333333332)",1,97.93333333333337,24984
"(0.95, 1.0)",1,97.93333333333334,24985
"(0.8166666666666667, 1.0)",1,97.93333333333334,24986
"(0.9666666666666668, 1.0)",1,97.93333333333334,24987
"(1.0, 1.0)",1,97.93333333333334,24988
"(0.9833333333333332, 1.0)",2,97.93333333333334,24990
"(0.4579545454545454, 1.0)",1,97.93333333333334,24991
"(0.75, 1.0)",1,97.93333333333334,24992
"(0.975, 1.0)",1,97.93333333333328,24993
"(0.95, 0.9875)",2,97.93333333333322,24995
"(0.281060606060606, 1.0)",1,97.93295454545456,24996
"(0.4291666666666666, 0.999621212121212)",1,97.93219696969696,24997
"(0.4492424242424242, 1.0)",3,97.9318181818182,25000
"(0.7638888888888888, 0.9861111111111112)",6,97.93055555555576,25006
"(0.8611111111111112, 0.9861111111111112)",6,97.93055555555576,25012
"(0.9305555555555556, 0.9861111111111112)",4,97.93055555555576,25016
"(0.9444444444444444, 0.9861111111111112)",2,97.93055555555576,25018
"(0.8888888888888888, 0.9861111111111112)",6,97.93055555555576,25024
"(0.8055555555555556, 0.9861111111111112)",2,97.93055555555576,25026
"(0.7083333333333334, 0.9861111111111112)",4,97.93055555555576,25030
"(0.9027777777777778, 0.9861111111111112)",4,97.93055555555576,25034
"(0.6388888888888888, 0.9861111111111112)",1,97.93055555555576,25035
"(0.875, 0.9861111111111112)",6,97.93055555555576,25041
"(0.9166666666666666, 0.9861111111111112)",4,97.93055555555576,25045
"(0.8194444444444444, 0.9861111111111112)",9,97.93055555555576,25054
"(0.6944444444444444, 0.9861111111111112)",2,97.93055555555576,25056
"(0.75, 0.9861111111111112)",1,97.93055555555576,25057
"(0.7222222222222222, 0.9861111111111112)",1,97.93055555555576,25058
"(0.7777777777777778, 0.9861111111111112)",4,97.93055555555576,25062
"(0.7916666666666666, 0.9861111111111112)",5,97.93055555555576,25067
"(0.8472222222222222, 0.9861111111111112)",2,97.93055555555576,25069
"(0.8333333333333334, 0.9861111111111112)",9,97.93055555555576,25078
"(0.5555555555555556, 0.9861111111111112)",1,97.93055555555576,25079
"(0.8055555555555556, 1.0)",1,97.93055555555556,25080
"(0.8472222222222222, 1.0)",1,97.93055555555556,25081
"(0.7638888888888888, 1.0)",1,97.93055555555556,25082
"(0.9444444444444444, 1.0)",2,97.93055555555556,25084
"(0.8194444444444444, 1.0)",2,97.93055555555556,25086
"(0.75, 1.0)",1,97.93055555555556,25087
"(0.7638888888888888, 1.0)",1,97.93055555555554,25088
"(0.9186046511627908, 0.9883720930232558)",1,97.9302325581397,25089
"(0.8488372093023255, 0.9883720930232558)",1,97.93023255813968,25090
"(0.8255813953488372, 0.9883720930232558)",1,97.93023255813968,25091
"(0.8837209302325582, 0.9883720930232558)",1,97.93023255813968,25092
"(0.8372093023255814, 0.9883720930232558)",1,97.93023255813968,25093
"(0.7105263157894737, 0.9912280701754386)",3,97.92982456140348,25096
"(0.706140350877193, 0.9912280701754386)",3,97.92982456140348,25099
"(0.5890151515151515, 0.996969696969697)",1,97.92954545454552,25100
"(0.9583333333333334, 0.9833333333333332)",1,97.9291666666667,25101
"(0.9875, 0.9958333333333332)",1,97.9291666666667,25102
"(0.9833333333333332, 0.9958333333333332)",1,97.92916666666667,25103
"(0.8458333333333333, 0.9833333333333332)",1,97.92916666666667,25104
"(0.9291666666666668, 0.9833333333333332)",1,97.92916666666667,25105
"(0.9416666666666668, 0.9833333333333332)",1,97.92916666666667,25106
"(0.95, 0.9916666666666668)",1,97.92916666666646,25107
"(0.9125, 0.9916666666666668)",1,97.9291666666664,25108
"(0.4465909090909091, 1.0)",1,97.92689393939396,25109
"(0.4450757575757575, 1.0)",1,97.92613636363636,25110
"(0.7719298245614035, 0.9912280701754386)",2,97.9254385964912,25112
"(0.7149122807017544, 0.9912280701754386)",2,97.9254385964912,25114
"(0.9916666666666668, 0.9958333333333332)",1,97.92500000000008,25115
"(0.9125, 0.9833333333333332)",1,97.92500000000004,25116
"(0.8666666666666667, 0.9833333333333332)",1,97.92500000000004,25117
"(0.9458333333333332, 0.9833333333333332)",1,97.92500000000004,25118
"(0.3632575757575758, 1.0)",3,97.925,25121
"(0.925, 0.9875)",1,97.92499999999993,25122
"(0.8833333333333333, 0.9875)",1,97.92499999999988,25123
"(0.9666666666666668, 0.975)",1,97.9249999999998,25124
"(0.9541666666666668, 0.975)",2,97.9249999999998,25126
"(0.9208333333333332, 0.9916666666666668)",1,97.92499999999974,25127
"(0.4340909090909091, 1.0)",2,97.92424242424244,25129
"(0.3844696969696969, 0.999621212121212)",1,97.92386363636363,25130
"(0.8461538461538461, 1.0)",1,97.92307692307692,25131
"(0.3579545454545454, 1.0)",3,97.92272727272729,25134
"(0.3579545454545454, 1.0)",1,97.9223484848485,25135
"(0.3223484848484848, 1.0)",3,97.92159090909092,25138
"(0.55, 0.99)",1,97.92125,25139
"(0.9291666666666668, 0.9791666666666666)",1,97.9208333333335,25140
"(0.9083333333333332, 0.9791666666666666)",1,97.92083333333348,25141
"(0.975, 0.9958333333333332)",1,97.92083333333343,25142
"(0.9708333333333332, 0.9958333333333332)",1,97.9208333333334,25143
"(0.9208333333333332, 0.9833333333333332)",1,97.92083333333338,25144
"(0.9833333333333332, 0.9958333333333332)",1,97.92083333333338,25145
"(0.925, 0.9833333333333332)",2,97.92083333333336,25147
"(0.8958333333333334, 0.9833333333333332)",1,97.92083333333336,25148
"(0.9541666666666668, 0.9875)",1,97.92083333333323,25149
"(0.9208333333333332, 0.9875)",1,97.92083333333323,25150
"(0.9375, 0.9875)",1,97.92083333333323,25151
"(0.925, 0.9875)",1,97.92083333333322,25152
"(0.4356060606060606, 1.0)",1,97.92007575757576,25153
"(0.6575757575757576, 0.9992424242424244)",1,97.919696969697,25154
"(0.50875, 0.9975)",1,97.91875000000012,25155
"(0.8488372093023255, 0.9883720930232558)",1,97.91860465116297,25156
"(0.7674418604651163, 0.9883720930232558)",1,97.91860465116294,25157
"(0.8888888888888888, 0.9861111111111112)",4,97.91666666666688,25161
"(0.7638888888888888, 0.9861111111111112)",1,97.91666666666688,25162
"(0.9027777777777778, 0.9861111111111112)",5,97.91666666666688,25167
"(0.6944444444444444, 0.9861111111111112)",2,97.91666666666688,25169
"(0.875, 0.9861111111111112)",3,97.91666666666688,25172
"(0.8194444444444444, 0.9861111111111112)",7,97.91666666666688,25179
"(0.9166666666666666, 0.9861111111111112)",2,97.91666666666688,25181
"(0.7916666666666666, 0.9861111111111112)",3,97.91666666666688,25184
"(0.8611111111111112, 0.9861111111111112)",5,97.91666666666688,25189
"(0.5555555555555556, 0.9861111111111112)",1,97.91666666666688,25190
"(0.8055555555555556, 0.9861111111111112)",3,97.91666666666688,25193
"(0.9305555555555556, 0.9861111111111112)",1,97.91666666666688,25194
"(0.8333333333333334, 0.9861111111111112)",1,97.91666666666688,25195
"(0.8055555555555556, 0.9861111111111112)",1,97.91666666666686,25196
"(0.8611111111111112, 0.9861111111111112)",4,97.91666666666686,25200
"(0.7222222222222222, 0.9861111111111112)",1,97.91666666666686,25201
"(0.6666666666666666, 0.9861111111111112)",2,97.91666666666686,25203
"(0.7083333333333334, 0.9861111111111112)",1,97.91666666666686,25204
"(0.625, 0.9861111111111112)",1,97.91666666666686,25205
"(0.9305555555555556, 0.9861111111111112)",3,97.91666666666686,25208
"(0.8888888888888888, 0.9861111111111112)",1,97.91666666666686,25209
"(0.6944444444444444, 0.9861111111111112)",3,97.91666666666686,25212
"(0.9166666666666666, 0.9861111111111112)",2,97.91666666666686,25214
"(0.8194444444444444, 0.9861111111111112)",5,97.91666666666686,25219
"(0.7361111111111112, 0.9861111111111112)",1,97.91666666666686,25220
"(0.875, 0.9861111111111112)",1,97.91666666666686,25221
"(0.95, 0.9958333333333332)",1,97.9166666666668,25222
"(0.9875, 0.9958333333333332)",1,97.91666666666676,25223
"(0.9, 0.9833333333333332)",3,97.91666666666674,25226
"(0.8666666666666667, 0.9833333333333332)",1,97.91666666666674,25227
"(0.8333333333333334, 0.9833333333333332)",2,97.91666666666674,25229
"(0.9208333333333332, 0.9833333333333332)",1,97.91666666666671,25230
"(0.9041666666666668, 0.9958333333333332)",1,97.91666666666671,25231
"(0.9875, 0.9958333333333332)",1,97.91666666666671,25232
"(0.8166666666666667, 0.9833333333333332)",1,97.91666666666671,25233
"(0.9333333333333332, 0.9833333333333332)",3,97.91666666666671,25236
"(0.9, 0.9833333333333332)",2,97.91666666666671,25238
"(0.9666666666666668, 0.9833333333333332)",3,97.91666666666671,25241
"(0.95, 0.9833333333333332)",1,97.91666666666671,25242
"(0.9125, 0.9833333333333332)",1,97.9166666666667,25243
"(0.9291666666666668, 0.9833333333333332)",1,97.9166666666667,25244
"(0.9833333333333332, 1.0)",1,97.91666666666669,25245
"(0.75, 1.0)",1,97.91666666666666,25246
"(0.8055555555555556, 1.0)",2,97.91666666666666,25248
"(0.9027777777777778, 1.0)",2,97.91666666666666,25250
"(0.9305555555555556, 1.0)",2,97.91666666666666,25252
"(0.8333333333333334, 1.0)",1,97.91666666666666,25253
"(0.7361111111111112, 1.0)",1,97.91666666666666,25254
"(0.8194444444444444, 1.0)",1,97.91666666666666,25255
"(0.7222222222222222, 1.0)",1,97.91666666666666,25256
"(0.8888888888888888, 1.0)",1,97.91666666666666,25257
"(0.625, 1.0)",1,97.91666666666666,25258
"(0.7916666666666666, 1.0)",1,97.91666666666666,25259
"(0.8833333333333333, 1.0)",1,97.91666666666666,25260
"(0.8552631578947368, 0.9912280701754386)",1,97.91666666666664,25261
"(0.5356060606060606, 0.999621212121212)",1,97.9159090909091,25262
"(0.4132575757575757, 0.999621212121212)",3,97.9155303030303,25265
"(0.5515151515151515, 1.0)",1,97.91515151515152,25266
"(0.3537878787878787, 0.9984848484848484)",1,97.91401515151516,25267
"(0.4602272727272727, 1.0)",1,97.91325757575758,25268
"(0.9333333333333332, 0.9791666666666666)",1,97.91250000000014,25269
"(0.9916666666666668, 0.9958333333333332)",1,97.91250000000012,25270
"(0.9541666666666668, 0.9958333333333332)",1,97.91250000000012,25271
"(0.925, 0.9791666666666666)",1,97.91250000000012,25272
"(0.9833333333333332, 0.9958333333333332)",1,97.91250000000012,25273
"(0.9625, 0.9958333333333332)",1,97.9125000000001,25274
"(0.9583333333333334, 0.9958333333333332)",1,97.91250000000008,25275
"(0.975, 0.9958333333333332)",2,97.91250000000008,25277
"(0.9125, 0.9833333333333332)",1,97.91250000000004,25278
"(0.9875, 0.9958333333333332)",2,97.91250000000004,25280
"(0.9916666666666668, 0.9958333333333332)",1,97.91250000000004,25281
"(0.9166666666666666, 0.9833333333333332)",1,97.91250000000004,25282
"(0.925, 0.9875)",1,97.91249999999992,25283
"(0.5925, 0.98375)",1,97.9124999999999,25284
"(0.9083333333333332, 0.9916666666666668)",1,97.91249999999972,25285
"(0.95, 0.9916666666666668)",1,97.91249999999972,25286
"(0.7763157894736842, 0.9912280701754386)",1,97.91228070175436,25287
"(0.8552631578947368, 0.9912280701754386)",1,97.91228070175436,25288
"(0.8859649122807017, 0.9912280701754386)",1,97.91228070175436,25289
"(0.7675438596491229, 0.9912280701754386)",1,97.91228070175436,25290
"(0.717948717948718, 1.0)",1,97.9102564102564,25291
"(0.57375, 0.99)",1,97.91,25292
"(0.51, 0.99625)",1,97.90875000000013,25293
"(0.4753787878787879, 1.0)",3,97.90871212121212,25296
"(0.9125, 0.9791666666666666)",1,97.9083333333335,25297
"(0.9166666666666666, 0.9791666666666666)",1,97.90833333333346,25298
"(0.9666666666666668, 0.9791666666666666)",1,97.90833333333345,25299
"(0.5333333333333333, 1.0)",2,97.90833333333336,25301
"(0.9166666666666666, 0.975)",1,97.90833333333318,25302
"(0.9, 0.9916666666666668)",2,97.9083333333331,25304
"(0.8728070175438597, 0.9912280701754386)",1,97.90789473684208,25305
"(0.9473684210526316, 0.9912280701754386)",2,97.90789473684208,25307
"(0.8255813953488372, 0.9883720930232558)",1,97.9069767441862,25308
"(0.7674418604651163, 0.9883720930232558)",1,97.9069767441862,25309
"(0.8604651162790697, 0.9883720930232558)",1,97.9069767441862,25310
"(0.7441860465116279, 0.9883720930232558)",1,97.9069767441862,25311
"(0.6162790697674418, 1.0)",1,97.90697674418604,25312
"(0.2356060606060606, 1.0)",3,97.90681818181818,25315
"(0.51, 0.99625)",1,97.90625000000011,25316
"(0.4443181818181818, 1.0)",1,97.90568181818182,25317
"(0.9791666666666666, 0.9958333333333332)",1,97.90416666666675,25318
"(0.9666666666666668, 0.9958333333333332)",1,97.90416666666675,25319
"(0.4348484848484849, 1.0)",3,97.90416666666668,25322
"(1.0, 1.0)",1,97.9041666666666,25323
"(0.9041666666666668, 0.9875)",1,97.90416666666654,25324
"(0.925, 0.9875)",1,97.90416666666653,25325
"(0.8728070175438597, 0.9912280701754386)",1,97.9035087719298,25326
"(0.7675438596491229, 0.9912280701754386)",1,97.9035087719298,25327
"(0.7105263157894737, 0.9912280701754386)",5,97.9035087719298,25332
"(0.7361111111111112, 0.9861111111111112)",1,97.90277777777798,25333
"(0.7638888888888888, 0.9861111111111112)",1,97.90277777777798,25334
"(0.7222222222222222, 0.9861111111111112)",1,97.90277777777798,25335
"(0.8194444444444444, 0.9861111111111112)",1,97.90277777777798,25336
"(0.9166666666666666, 0.9861111111111112)",1,97.90277777777798,25337
"(0.9027777777777778, 0.9861111111111112)",1,97.90277777777798,25338
"(0.8611111111111112, 0.9861111111111112)",1,97.90277777777798,25339
"(0.9444444444444444, 0.9861111111111112)",3,97.90277777777796,25342
"(0.8611111111111112, 0.9861111111111112)",2,97.90277777777796,25344
"(0.7777777777777778, 0.9861111111111112)",2,97.90277777777796,25346
"(0.5972222222222222, 0.9861111111111112)",1,97.90277777777796,25347
"(0.7916666666666666, 0.9861111111111112)",3,97.90277777777796,25350
"(0.8472222222222222, 0.9861111111111112)",4,97.90277777777796,25354
"(0.9305555555555556, 0.9861111111111112)",1,97.90277777777796,25355
"(0.6805555555555556, 0.9861111111111112)",1,97.90277777777796,25356
"(0.9027777777777778, 0.9861111111111112)",2,97.90277777777796,25358
"(0.625, 0.9861111111111112)",2,97.90277777777796,25360
"(0.9166666666666666, 0.9861111111111112)",2,97.90277777777796,25362
"(0.8055555555555556, 0.9861111111111112)",3,97.90277777777796,25365
"(0.7638888888888888, 0.9861111111111112)",3,97.90277777777796,25368
"(0.875, 0.9861111111111112)",2,97.90277777777796,25370
"(0.8333333333333334, 0.9861111111111112)",2,97.90277777777796,25372
"(0.8888888888888888, 0.9861111111111112)",2,97.90277777777796,25374
"(0.8194444444444444, 0.9861111111111112)",9,97.90277777777796,25383
"(0.5555555555555556, 0.9861111111111112)",2,97.90277777777796,25385
"(0.8055555555555556, 1.0)",1,97.90277777777776,25386
"(0.9444444444444444, 1.0)",3,97.90277777777776,25389
"(0.7638888888888888, 1.0)",1,97.90277777777776,25390
"(0.7361111111111112, 1.0)",2,97.90277777777776,25392
"(0.7777777777777778, 1.0)",1,97.90277777777776,25393
"(0.8611111111111112, 1.0)",2,97.90277777777776,25395
"(0.66125, 0.99)",1,97.90250000000002,25396
"(0.9458333333333332, 0.9791666666666666)",1,97.90000000000018,25397
"(0.505, 0.99625)",1,97.90000000000012,25398
"(0.9666666666666668, 0.9958333333333332)",1,97.90000000000008,25399
"(0.9666666666666668, 0.9833333333333332)",1,97.90000000000008,25400
"(0.9, 0.9958333333333332)",1,97.90000000000008,25401
"(0.9, 0.9833333333333332)",2,97.90000000000008,25403
"(0.8833333333333333, 0.9833333333333332)",2,97.90000000000008,25405
"(0.85, 0.9833333333333332)",1,97.90000000000008,25406
"(0.9833333333333332, 0.9958333333333332)",1,97.90000000000008,25407
"(0.9333333333333332, 0.9833333333333332)",1,97.90000000000006,25408
"(0.9, 0.9833333333333332)",1,97.90000000000006,25409
"(0.9833333333333332, 0.9958333333333332)",1,97.90000000000006,25410
"(0.9666666666666668, 0.9833333333333332)",2,97.90000000000006,25412
"(0.95, 0.9833333333333332)",5,97.90000000000006,25417
"(1.0, 0.9833333333333332)",4,97.90000000000006,25421
"(0.8833333333333333, 0.9833333333333332)",2,97.90000000000006,25423
"(0.9166666666666666, 0.9833333333333332)",3,97.90000000000006,25426
"(0.8666666666666667, 0.9833333333333332)",3,97.90000000000006,25429
"(0.925, 0.9833333333333332)",1,97.90000000000003,25430
"(0.9875, 0.9958333333333332)",1,97.90000000000003,25431
"(0.9791666666666666, 0.9958333333333332)",1,97.90000000000003,25432
"(0.9291666666666668, 0.9833333333333332)",1,97.90000000000003,25433
"(0.875, 0.9833333333333332)",1,97.90000000000002,25434
"(0.8333333333333334, 1.0)",1,97.9,25435
"(0.9833333333333332, 1.0)",1,97.9,25436
"(0.85, 1.0)",1,97.9,25437
"(0.9, 1.0)",1,97.9,25438
"(0.9166666666666666, 0.975)",1,97.89999999999984,25439
"(0.9375, 0.9875)",1,97.89999999999982,25440
"(0.4378787878787878, 1.0)",3,97.89962121212122,25443
"(0.925438596491228, 0.9912280701754386)",1,97.89912280701752,25444
"(0.7763157894736842, 0.9912280701754386)",1,97.89912280701752,25445
"(0.8552631578947368, 0.9912280701754386)",2,97.89912280701752,25447
"(0.9078947368421052, 0.9912280701754386)",1,97.89912280701752,25448
"(0.8205128205128205, 1.0)",1,97.8974358974359,25449
"(0.7051282051282052, 1.0)",1,97.8974358974359,25450
"(0.3974358974358974, 1.0)",1,97.8974358974359,25451
"(0.2488636363636363, 0.999621212121212)",2,97.8973484848485,25453
"(0.3375, 1.0)",3,97.89621212121212,25456
"(0.9041666666666668, 0.9791666666666666)",1,97.89583333333348,25457
"(0.95, 0.9791666666666666)",1,97.89583333333346,25458
"(0.9916666666666668, 0.9958333333333332)",1,97.89583333333346,25459
"(0.9833333333333332, 0.9958333333333332)",1,97.89583333333346,25460
"(0.9833333333333332, 0.9958333333333332)",1,97.89583333333344,25461
"(0.9375, 0.9833333333333332)",2,97.89583333333336,25463
"(0.95, 0.9833333333333332)",1,97.89583333333336,25464
"(0.9333333333333332, 0.9833333333333332)",2,97.89583333333336,25466
"(0.925, 0.9833333333333332)",1,97.89583333333336,25467
"(0.925, 0.9833333333333332)",1,97.89583333333336,25468
"(0.2579545454545454, 1.0)",3,97.89583333333334,25471
"(0.9166666666666666, 0.9875)",2,97.8958333333332,25473
"(0.9541666666666668, 0.975)",1,97.8958333333331,25474
"(0.9208333333333332, 0.9916666666666668)",1,97.89583333333309,25475
"(0.8604651162790697, 0.9883720930232558)",1,97.89534883720944,25476
"(0.6162790697674418, 1.0)",1,97.8953488372093,25477
"(0.58625, 0.9875)",1,97.89499999999994,25478
"(0.7675438596491229, 0.9912280701754386)",1,97.89473684210525,25479
"(0.2943181818181818, 1.0)",1,97.89469696969698,25480
"(0.368560606060606, 0.999621212121212)",3,97.89469696969697,25483
"(0.49375, 0.995)",1,97.8937500000001,25484
"(0.9333333333333332, 0.9791666666666666)",1,97.89166666666682,25485
"(0.8958333333333334, 0.9791666666666666)",1,97.8916666666668,25486
"(0.9416666666666668, 0.9791666666666666)",1,97.8916666666668,25487
"(0.8875, 0.9791666666666666)",1,97.8916666666668,25488
"(0.9166666666666666, 0.9791666666666666)",1,97.89166666666678,25489
"(0.9916666666666668, 0.9958333333333332)",1,97.89166666666677,25490
"(0.9208333333333332, 0.9791666666666666)",1,97.89166666666677,25491
"(0.9416666666666668, 0.9833333333333332)",1,97.8916666666667,25492
"(0.9125, 0.9833333333333332)",1,97.89166666666668,25493
"(0.4488636363636363, 1.0)",1,97.89166666666668,25494
"(0.368560606060606, 1.0)",3,97.89166666666668,25497
"(0.9666666666666668, 1.0)",1,97.89166666666662,25498
"(0.8958333333333334, 0.975)",1,97.8916666666665,25499
"(0.925438596491228, 0.9912280701754386)",1,97.89035087719296,25500
"(0.925438596491228, 0.9912280701754386)",3,97.89035087719296,25503
"(0.3484848484848485, 1.0)",1,97.88977272727271,25504
"(0.8472222222222222, 0.9861111111111112)",2,97.8888888888891,25506
"(0.9444444444444444, 0.9861111111111112)",5,97.88888888888908,25511
"(0.8611111111111112, 0.9861111111111112)",3,97.88888888888908,25514
"(0.9305555555555556, 0.9861111111111112)",2,97.88888888888908,25516
"(0.8472222222222222, 0.9861111111111112)",4,97.88888888888908,25520
"(0.5555555555555556, 0.9861111111111112)",1,97.88888888888908,25521
"(0.8333333333333334, 0.9861111111111112)",1,97.88888888888908,25522
"(0.875, 0.9861111111111112)",6,97.88888888888908,25528
"(0.7361111111111112, 0.9861111111111112)",2,97.88888888888908,25530
"(0.6944444444444444, 0.9861111111111112)",2,97.88888888888908,25532
"(0.7777777777777778, 0.9861111111111112)",2,97.88888888888908,25534
"(0.8055555555555556, 0.9861111111111112)",4,97.88888888888908,25538
"(0.9027777777777778, 0.9861111111111112)",11,97.88888888888908,25549
"(0.7083333333333334, 0.9861111111111112)",2,97.88888888888908,25551
"(0.8194444444444444, 0.9861111111111112)",4,97.88888888888908,25555
"(0.7638888888888888, 0.9861111111111112)",4,97.88888888888908,25559
"(0.9166666666666666, 0.9861111111111112)",2,97.88888888888908,25561
"(0.5416666666666666, 0.9861111111111112)",1,97.88888888888908,25562
"(0.7916666666666666, 0.9861111111111112)",1,97.88888888888908,25563
"(0.75, 0.9861111111111112)",4,97.88888888888908,25567
"(0.5277777777777778, 0.9861111111111112)",2,97.88888888888908,25569
"(0.8888888888888888, 0.9861111111111112)",5,97.88888888888908,25574
"(0.75, 1.0)",2,97.88888888888889,25576
"(0.6805555555555556, 1.0)",1,97.88888888888889,25577
"(0.7083333333333334, 1.0)",1,97.88888888888889,25578
"(0.5, 0.99625)",1,97.88875000000012,25579
"(0.3731060606060606, 1.0)",1,97.88825757575758,25580
"(0.5331081081081082, 0.9861486486486486)",1,97.88783783783784,25581
"(0.9458333333333332, 0.9791666666666666)",1,97.88750000000014,25582
"(0.8875, 0.9791666666666666)",1,97.88750000000012,25583
"(0.9708333333333332, 0.9958333333333332)",1,97.88750000000012,25584
"(0.48, 0.98875)",1,97.88750000000006,25585
"(0.9916666666666668, 0.9958333333333332)",1,97.88750000000006,25586
"(0.9208333333333332, 0.9833333333333332)",1,97.88750000000005,25587
"(0.9458333333333332, 0.9833333333333332)",1,97.88750000000005,25588
"(0.975, 1.0)",1,97.88749999999996,25589
"(0.95, 0.9875)",1,97.88749999999987,25590
"(0.8958333333333334, 0.9875)",1,97.88749999999987,25591
"(0.8958333333333334, 0.9916666666666668)",1,97.88749999999972,25592
"(0.5825, 0.995)",1,97.88625000000002,25593
"(0.9078947368421052, 0.9912280701754386)",1,97.88596491228068,25594
"(0.2992424242424242, 1.0)",1,97.88522727272726,25595
"(0.717948717948718, 1.0)",1,97.8846153846154,25596
"(0.4358974358974359, 1.0)",1,97.8846153846154,25597
"(0.8604651162790697, 0.9883720930232558)",1,97.88372093023273,25598
"(0.8953488372093024, 0.9883720930232558)",1,97.88372093023273,25599
"(0.543939393939394, 0.9992424242424244)",1,97.88371212121211,25600
"(0.3318181818181818, 1.0)",1,97.88371212121211,25601
"(0.9125, 0.9791666666666666)",2,97.88333333333348,25603
"(0.9375, 0.9958333333333332)",1,97.88333333333344,25604
"(1.0, 0.9833333333333332)",1,97.8833333333334,25605
"(0.9166666666666666, 0.9833333333333332)",1,97.8833333333334,25606
"(0.9666666666666668, 0.9833333333333332)",1,97.8833333333334,25607
"(0.9333333333333332, 0.9833333333333332)",1,97.8833333333334,25608
"(0.8666666666666667, 0.9833333333333332)",2,97.8833333333334,25610
"(0.9, 0.9833333333333332)",3,97.8833333333334,25613
"(0.95, 0.9833333333333332)",2,97.8833333333334,25615
"(0.8833333333333333, 0.9833333333333332)",2,97.8833333333334,25617
"(0.9833333333333332, 0.9833333333333332)",1,97.8833333333334,25618
"(0.9666666666666668, 0.9958333333333332)",1,97.88333333333338,25619
"(0.9583333333333334, 0.9833333333333332)",1,97.88333333333335,25620
"(0.9416666666666668, 0.9833333333333332)",1,97.88333333333335,25621
"(0.925, 0.9833333333333332)",1,97.88333333333335,25622
"(0.8458333333333333, 0.9833333333333332)",1,97.88333333333334,25623
"(0.9083333333333332, 0.9833333333333332)",1,97.88333333333334,25624
"(0.8666666666666667, 1.0)",1,97.88333333333333,25625
"(0.9333333333333332, 1.0)",2,97.88333333333333,25627
"(0.9166666666666666, 1.0)",1,97.88333333333333,25628
"(0.6666666666666666, 1.0)",1,97.88333333333333,25629
"(0.9416666666666668, 0.9875)",1,97.8833333333332,25630
"(0.9385964912280702, 0.9912280701754386)",2,97.8815789473684,25632
"(0.925438596491228, 0.9912280701754386)",3,97.8815789473684,25635
"(0.61, 0.98875)",1,97.88000000000004,25636
"(0.9083333333333332, 0.9833333333333332)",1,97.87916666666672,25637
"(0.9333333333333332, 0.9958333333333332)",1,97.87916666666672,25638
"(0.9291666666666668, 0.9875)",1,97.87916666666658,25639
"(0.9166666666666666, 0.975)",1,97.87916666666648,25640
"(0.4242424242424242, 1.0)",2,97.87765151515153,25642
"(0.9429824561403508, 0.9912280701754386)",1,97.87719298245612,25643
"(0.706140350877193, 0.9912280701754386)",1,97.87719298245612,25644
"(0.5606060606060606, 1.0)",2,97.87651515151516,25646
"(0.75, 0.9861111111111112)",2,97.8750000000002,25648
"(0.9444444444444444, 0.9861111111111112)",2,97.8750000000002,25650
"(0.8472222222222222, 0.9861111111111112)",1,97.8750000000002,25651
"(0.5416666666666666, 0.9861111111111112)",4,97.8750000000002,25655
"(0.8333333333333334, 0.9861111111111112)",2,97.8750000000002,25657
"(0.6944444444444444, 0.9861111111111112)",4,97.8750000000002,25661
"(0.9305555555555556, 0.9861111111111112)",3,97.8750000000002,25664
"(0.8194444444444444, 0.9861111111111112)",2,97.8750000000002,25666
"(0.7777777777777778, 0.9861111111111112)",1,97.8750000000002,25667
"(0.9027777777777778, 0.9861111111111112)",7,97.8750000000002,25674
"(0.875, 0.9861111111111112)",4,97.8750000000002,25678
"(0.8611111111111112, 0.9861111111111112)",3,97.8750000000002,25681
"(0.6805555555555556, 0.9861111111111112)",2,97.8750000000002,25683
"(0.7638888888888888, 0.9861111111111112)",1,97.8750000000002,25684
"(0.7361111111111112, 0.9861111111111112)",2,97.8750000000002,25686
"(0.7222222222222222, 0.9861111111111112)",3,97.8750000000002,25689
"(0.8055555555555556, 0.9861111111111112)",2,97.8750000000002,25691
"(0.5277777777777778, 0.9861111111111112)",1,97.8750000000002,25692
"(0.9166666666666666, 0.9861111111111112)",3,97.8750000000002,25695
"(0.625, 0.9861111111111112)",1,97.8750000000002,25696
"(0.7916666666666666, 0.9861111111111112)",1,97.8750000000002,25697
"(0.8888888888888888, 0.9861111111111112)",6,97.8750000000002,25703
"(0.8833333333333333, 0.9791666666666666)",1,97.87500000000016,25704
"(0.925, 0.9791666666666666)",1,97.87500000000014,25705
"(0.9583333333333334, 0.9791666666666666)",1,97.87500000000011,25706
"(0.9916666666666668, 0.9958333333333332)",2,97.87500000000011,25708
"(0.9791666666666666, 0.9958333333333332)",1,97.87500000000009,25709
"(0.9833333333333332, 0.9958333333333332)",1,97.87500000000006,25710
"(0.9458333333333332, 0.9833333333333332)",1,97.87500000000004,25711
"(0.9166666666666666, 0.9833333333333332)",1,97.87500000000004,25712
"(0.9875, 0.9958333333333332)",1,97.87500000000004,25713
"(0.9916666666666668, 0.9958333333333332)",1,97.87500000000004,25714
"(0.9791666666666666, 0.9833333333333332)",1,97.875,25715
"(0.625, 1.0)",1,97.875,25716
"(0.4204545454545454, 1.0)",3,97.875,25719
"(0.9444444444444444, 1.0)",2,97.875,25721
"(0.9583333333333334, 1.0)",1,97.875,25722
"(0.8472222222222222, 1.0)",2,97.875,25724
"(0.6111111111111112, 1.0)",1,97.875,25725
"(0.7222222222222222, 1.0)",1,97.875,25726
"(0.4571969696969697, 1.0)",3,97.8746212121212,25729
"(0.2856060606060606, 1.0)",1,97.87424242424242,25730
"(0.7763157894736842, 0.9912280701754386)",1,97.87280701754383,25731
"(0.706140350877193, 0.9912280701754386)",1,97.87280701754383,25732
"(0.6929824561403509, 0.9912280701754386)",1,97.87280701754383,25733
"(0.706140350877193, 0.9912280701754386)",1,97.87280701754383,25734
"(0.872093023255814, 0.9883720930232558)",1,97.872093023256,25735
"(0.9418604651162792, 0.9883720930232558)",2,97.87209302325596,25737
"(0.7674418604651163, 0.9883720930232558)",1,97.87209302325596,25738
"(0.2102272727272727, 1.0)",3,97.8719696969697,25741
"(0.5628378378378378, 0.9837837837837838)",1,97.87162162162156,25742
"(0.875, 0.9791666666666666)",1,97.87083333333348,25743
"(0.95, 0.9791666666666666)",1,97.87083333333348,25744
"(0.9083333333333332, 0.9791666666666666)",2,97.87083333333344,25746
"(0.9, 0.9791666666666666)",1,97.87083333333344,25747
"(0.9375, 0.9833333333333332)",1,97.87083333333334,25748
"(0.9208333333333332, 0.9875)",1,97.87083333333324,25749
"(0.8916666666666667, 0.9875)",1,97.87083333333317,25750
"(0.3916666666666666, 1.0)",3,97.87007575757576,25753
"(0.4469696969696969, 0.999621212121212)",3,97.87007575757576,25756
"(0.4579545454545454, 0.999621212121212)",1,97.86931818181816,25757
"(0.4825757575757576, 1.0)",3,97.8685606060606,25760
"(0.6929824561403509, 0.9912280701754386)",1,97.86842105263156,25761
"(0.4204545454545454, 1.0)",3,97.86742424242424,25764
"(0.5375, 1.0)",1,97.86742424242424,25765
"(0.572972972972973, 0.9858108108108108)",1,97.8672297297296,25766
"(0.2651515151515151, 1.0)",1,97.86704545454546,25767
"(0.95, 0.9791666666666666)",1,97.86666666666682,25768
"(0.9333333333333332, 0.9791666666666666)",1,97.8666666666668,25769
"(0.9791666666666666, 0.9958333333333332)",1,97.86666666666676,25770
"(0.8333333333333334, 0.9833333333333332)",1,97.86666666666676,25771
"(0.975, 0.9958333333333332)",1,97.86666666666676,25772
"(1.0, 0.9833333333333332)",1,97.86666666666676,25773
"(0.8666666666666667, 0.9833333333333332)",1,97.86666666666672,25774
"(0.9666666666666668, 0.9833333333333332)",1,97.86666666666672,25775
"(0.9333333333333332, 0.9833333333333332)",1,97.86666666666672,25776
"(0.95, 0.9833333333333332)",5,97.86666666666672,25781
"(0.8833333333333333, 0.9833333333333332)",1,97.86666666666672,25782
"(0.9083333333333332, 0.9833333333333332)",1,97.86666666666672,25783
"(0.9166666666666666, 0.9833333333333332)",1,97.86666666666672,25784
"(0.9833333333333332, 0.9833333333333332)",2,97.86666666666672,25786
"(0.9708333333333332, 0.9958333333333332)",1,97.86666666666672,25787
"(0.9916666666666668, 0.9958333333333332)",1,97.86666666666672,25788
"(0.75, 0.9833333333333332)",1,97.86666666666672,25789
"(0.9083333333333332, 0.9833333333333332)",1,97.8666666666667,25790
"(0.9916666666666668, 0.9958333333333332)",1,97.8666666666667,25791
"(0.9166666666666666, 1.0)",2,97.86666666666667,25793
"(0.9125, 0.9833333333333332)",1,97.86666666666667,25794
"(0.8875, 0.9833333333333332)",1,97.86666666666667,25795
"(0.9083333333333332, 0.9833333333333332)",1,97.86666666666667,25796
"(0.9416666666666668, 0.9833333333333332)",1,97.86666666666667,25797
"(1.0, 1.0)",1,97.86666666666666,25798
"(0.9041666666666668, 0.9875)",1,97.8666666666666,25799
"(0.975, 1.0)",1,97.8666666666666,25800
"(0.9416666666666668, 0.9875)",1,97.8666666666665,25801
"(0.9458333333333332, 0.975)",1,97.86666666666646,25802
"(0.2102272727272727, 0.999621212121212)",1,97.86515151515152,25803
"(0.2431818181818182, 1.0)",3,97.86477272727274,25806
"(0.8859649122807017, 0.9912280701754386)",1,97.86403508771927,25807
"(0.9473684210526316, 0.9912280701754386)",1,97.86403508771927,25808
"(0.431060606060606, 1.0)",3,97.86363636363636,25811
"(0.9208333333333332, 0.9791666666666666)",1,97.86250000000013,25812
"(0.9833333333333332, 0.9958333333333332)",1,97.86250000000013,25813
"(0.975, 0.9958333333333332)",1,97.86250000000013,25814
"(0.9541666666666668, 0.9791666666666666)",1,97.86250000000013,25815
"(0.9875, 0.9958333333333332)",1,97.86250000000008,25816
"(0.9708333333333332, 0.9958333333333332)",1,97.86250000000004,25817
"(0.925, 0.9833333333333332)",1,97.86250000000004,25818
"(0.875, 0.9833333333333332)",1,97.86250000000004,25819
"(0.9916666666666668, 0.9958333333333332)",1,97.86250000000004,25820
"(0.9291666666666668, 0.9833333333333332)",1,97.86250000000004,25821
"(0.9416666666666668, 0.9833333333333332)",1,97.8625,25822
"(0.4428030303030303, 0.999621212121212)",1,97.8625,25823
"(0.8875, 0.9875)",1,97.86249999999993,25824
"(0.925, 0.9875)",1,97.86249999999984,25825
"(0.8611111111111112, 0.9861111111111112)",3,97.86111111111131,25828
"(0.5416666666666666, 0.9861111111111112)",1,97.86111111111131,25829
"(0.9722222222222222, 0.9861111111111112)",1,97.86111111111131,25830
"(0.7777777777777778, 0.9861111111111112)",1,97.86111111111131,25831
"(0.9027777777777778, 0.9861111111111112)",8,97.86111111111131,25839
"(0.5277777777777778, 0.9861111111111112)",1,97.86111111111131,25840
"(0.9166666666666666, 0.9861111111111112)",2,97.86111111111131,25842
"(0.8055555555555556, 0.9861111111111112)",2,97.86111111111131,25844
"(0.8888888888888888, 0.9861111111111112)",1,97.86111111111131,25845
"(0.8194444444444444, 0.9861111111111112)",1,97.86111111111131,25846
"(0.8333333333333334, 0.9861111111111112)",4,97.86111111111131,25850
"(0.7361111111111112, 0.9861111111111112)",3,97.86111111111131,25853
"(0.9305555555555556, 0.9861111111111112)",2,97.86111111111131,25855
"(0.8472222222222222, 0.9861111111111112)",1,97.86111111111131,25856
"(0.7638888888888888, 0.9861111111111112)",1,97.86111111111131,25857
"(0.875, 0.9861111111111112)",4,97.86111111111131,25861
"(0.7916666666666666, 0.9861111111111112)",1,97.86111111111131,25862
"(0.5, 0.9861111111111112)",1,97.86111111111131,25863
"(0.6944444444444444, 0.9861111111111112)",1,97.86111111111131,25864
"(0.6944444444444444, 0.9861111111111112)",3,97.8611111111113,25867
"(0.625, 0.9861111111111112)",1,97.8611111111113,25868
"(0.8611111111111112, 0.9861111111111112)",2,97.8611111111113,25870
"(0.6666666666666666, 0.9861111111111112)",1,97.8611111111113,25871
"(0.875, 0.9861111111111112)",1,97.8611111111113,25872
"(0.9027777777777778, 0.9861111111111112)",1,97.8611111111113,25873
"(0.8888888888888888, 0.9861111111111112)",2,97.8611111111113,25875
"(0.8055555555555556, 1.0)",1,97.86111111111111,25876
"(0.9444444444444444, 1.0)",5,97.86111111111111,25881
"(0.6111111111111112, 1.0)",1,97.86111111111111,25882
"(0.7083333333333334, 1.0)",1,97.86111111111111,25883
"(0.8194444444444444, 1.0)",1,97.86111111111111,25884
"(0.9583333333333334, 1.0)",1,97.86111111111111,25885
"(0.75, 1.0)",1,97.86111111111111,25886
"(0.7674418604651163, 0.9883720930232558)",1,97.86046511627924,25887
"(0.8255813953488372, 0.9883720930232558)",1,97.86046511627924,25888
"(0.9418604651162792, 0.9883720930232558)",1,97.86046511627924,25889
"(0.8372093023255814, 0.9883720930232558)",1,97.86046511627924,25890
"(0.2352272727272727, 0.9984848484848484)",1,97.85984848484848,25891
"(0.9035087719298246, 0.9912280701754386)",1,97.859649122807,25892
"(0.6410256410256411, 1.0)",1,97.85897435897436,25893
"(0.9333333333333332, 0.9791666666666666)",1,97.85833333333348,25894
"(0.9791666666666666, 0.9958333333333332)",1,97.85833333333343,25895
"(0.975, 0.9958333333333332)",1,97.8583333333334,25896
"(0.9375, 0.9833333333333332)",1,97.85833333333338,25897
"(0.925, 0.9833333333333332)",1,97.85833333333336,25898
"(0.875, 0.9833333333333332)",1,97.85833333333336,25899
"(0.9583333333333334, 0.9833333333333332)",1,97.85833333333336,25900
"(0.95, 0.9833333333333332)",1,97.85833333333336,25901
"(0.8125, 0.9875)",2,97.85833333333323,25903
"(0.8125, 0.975)",1,97.85833333333316,25904
"(0.5768939393939394, 1.0)",1,97.85757575757576,25905
"(0.3484848484848485, 1.0)",1,97.85719696969696,25906
"(0.3681818181818181, 1.0)",3,97.8564393939394,25909
"(0.2511363636363636, 1.0)",1,97.8564393939394,25910
"(0.343560606060606, 1.0)",2,97.8556818181818,25912
"(0.706140350877193, 0.9912280701754386)",4,97.85526315789473,25916
"(0.7763157894736842, 0.9912280701754386)",1,97.8552631578947,25917
"(0.875, 0.9791666666666666)",1,97.8541666666668,25918
"(0.9333333333333332, 0.9958333333333332)",1,97.85416666666676,25919
"(0.9833333333333332, 0.9958333333333332)",1,97.85416666666676,25920
"(0.9208333333333332, 0.9833333333333332)",1,97.85416666666669,25921
"(0.3174242424242424, 1.0)",1,97.85416666666669,25922
"(0.925, 0.9833333333333332)",1,97.85416666666664,25923
"(0.9875, 1.0)",1,97.8541666666666,25924
"(0.3026515151515151, 1.0)",1,97.85378787878788,25925
"(0.3409090909090909, 1.0)",1,97.8534090909091,25926
"(0.4291666666666666, 1.0)",1,97.85189393939396,25927
"(0.4462121212121212, 1.0)",3,97.85189393939396,25930
"(0.3223484848484848, 1.0)",1,97.85189393939392,25931
"(0.431060606060606, 1.0)",1,97.85189393939392,25932
"(0.7675438596491229, 0.9912280701754386)",1,97.85087719298244,25933
"(0.8552631578947368, 0.9912280701754386)",1,97.85087719298242,25934
"(0.9208333333333332, 0.9791666666666666)",1,97.85000000000016,25935
"(0.9458333333333332, 0.9791666666666666)",1,97.85000000000016,25936
"(0.9625, 0.9958333333333332)",1,97.8500000000001,25937
"(0.8958333333333334, 0.9958333333333332)",1,97.8500000000001,25938
"(0.9833333333333332, 0.9958333333333332)",1,97.85000000000008,25939
"(0.8833333333333333, 0.9833333333333332)",4,97.85000000000008,25943
"(0.8666666666666667, 0.9833333333333332)",1,97.85000000000008,25944
"(0.7666666666666667, 0.9833333333333332)",1,97.85000000000008,25945
"(0.9333333333333332, 0.9833333333333332)",1,97.85000000000008,25946
"(0.9166666666666666, 0.9833333333333332)",2,97.85000000000008,25948
"(0.9, 0.9833333333333332)",1,97.85000000000008,25949
"(0.9666666666666668, 0.9833333333333332)",1,97.85000000000008,25950
"(0.9, 1.0)",1,97.85,25951
"(1.0, 1.0)",1,97.85,25952
"(0.9333333333333332, 1.0)",1,97.85,25953
"(0.8333333333333334, 1.0)",2,97.85,25955
"(0.85, 1.0)",1,97.85,25956
"(0.5206081081081081, 0.9837837837837838)",1,97.84999999999998,25957
"(0.9875, 1.0)",1,97.84999999999997,25958
"(0.8916666666666667, 0.9875)",1,97.84999999999992,25959
"(0.9791666666666666, 1.0)",1,97.84999999999992,25960
"(0.9333333333333332, 0.9875)",2,97.84999999999992,25962
"(0.9166666666666666, 0.9875)",1,97.84999999999988,25963
"(0.9458333333333332, 0.975)",1,97.84999999999984,25964
"(0.9166666666666666, 0.975)",1,97.8499999999998,25965
"(0.4291666666666666, 1.0)",3,97.84924242424242,25968
"(0.3954545454545454, 1.0)",3,97.84924242424242,25971
"(0.872093023255814, 0.9883720930232558)",1,97.84883720930247,25972
"(0.8837209302325582, 0.9883720930232558)",2,97.84883720930247,25974
"(0.5930232558139535, 0.9883720930232558)",1,97.84883720930247,25975
"(0.8255813953488372, 0.9883720930232558)",1,97.84883720930247,25976
"(0.5890151515151515, 1.0)",3,97.8473484848485,25979
"(0.8888888888888888, 0.9861111111111112)",2,97.84722222222244,25981
"(0.875, 0.9861111111111112)",2,97.84722222222244,25983
"(0.8472222222222222, 0.9861111111111112)",1,97.84722222222244,25984
"(0.8611111111111112, 0.9861111111111112)",3,97.84722222222244,25987
"(0.9027777777777778, 0.9861111111111112)",2,97.84722222222244,25989
"(0.9166666666666666, 0.9861111111111112)",1,97.84722222222244,25990
"(0.75, 0.9861111111111112)",2,97.8472222222224,25992
"(0.8888888888888888, 0.9861111111111112)",4,97.8472222222224,25996
"(0.8055555555555556, 0.9861111111111112)",6,97.8472222222224,26002
"(0.9305555555555556, 0.9861111111111112)",1,97.8472222222224,26003
"(0.875, 0.9861111111111112)",2,97.8472222222224,26005
"(0.5416666666666666, 0.9861111111111112)",1,97.8472222222224,26006
"(0.9722222222222222, 0.9861111111111112)",2,97.8472222222224,26008
"(0.7638888888888888, 0.9861111111111112)",1,97.8472222222224,26009
"(0.625, 0.9861111111111112)",1,97.8472222222224,26010
"(0.4722222222222222, 0.9861111111111112)",1,97.8472222222224,26011
"(0.8194444444444444, 0.9861111111111112)",3,97.8472222222224,26014
"(0.8611111111111112, 0.9861111111111112)",1,97.8472222222224,26015
"(0.8472222222222222, 0.9861111111111112)",2,97.8472222222224,26017
"(0.9027777777777778, 0.9861111111111112)",3,97.8472222222224,26020
"(0.8333333333333334, 0.9861111111111112)",6,97.8472222222224,26026
"(0.7916666666666666, 0.9861111111111112)",1,97.8472222222224,26027
"(0.7222222222222222, 0.9861111111111112)",1,97.8472222222224,26028
"(0.5, 0.9861111111111112)",2,97.8472222222224,26030
"(0.7777777777777778, 1.0)",1,97.84722222222224,26031
"(0.9444444444444444, 1.0)",1,97.84722222222224,26032
"(0.7083333333333334, 1.0)",1,97.84722222222224,26033
"(0.9305555555555556, 1.0)",1,97.84722222222224,26034
"(0.6805555555555556, 1.0)",2,97.84722222222224,26036
"(0.7638888888888888, 1.0)",1,97.84722222222224,26037
"(0.8194444444444444, 1.0)",1,97.8472222222222,26038
"(0.8552631578947368, 0.9912280701754386)",1,97.84649122807016,26039
"(0.706140350877193, 0.9912280701754386)",1,97.84649122807016,26040
"(0.9035087719298246, 0.9912280701754386)",1,97.84649122807016,26041
"(0.9035087719298246, 0.9912280701754386)",1,97.84649122807016,26042
"(0.6794871794871795, 1.0)",1,97.84615384615384,26043
"(0.9333333333333332, 0.9791666666666666)",1,97.8458333333335,26044
"(0.9333333333333332, 0.9791666666666666)",1,97.84583333333347,26045
"(0.9791666666666666, 0.9958333333333332)",1,97.84583333333347,26046
"(0.9708333333333332, 0.9958333333333332)",1,97.8458333333334,26047
"(0.9833333333333332, 0.9958333333333332)",2,97.8458333333334,26049
"(0.9291666666666668, 0.9833333333333332)",1,97.84583333333336,26050
"(0.875, 0.9833333333333332)",1,97.84583333333336,26051
"(0.49375, 1.0)",1,97.84500000000004,26052
"(0.209090909090909, 1.0)",3,97.84242424242424,26055
"(0.7105263157894737, 0.9912280701754386)",3,97.84210526315788,26058
"(0.7675438596491229, 0.9912280701754386)",1,97.84210526315788,26059
"(0.9291666666666668, 0.9791666666666666)",1,97.8416666666668,26060
"(0.925, 0.9791666666666666)",2,97.84166666666678,26062
"(0.975, 0.9958333333333332)",1,97.84166666666675,26063
"(0.9958333333333332, 0.9958333333333332)",1,97.84166666666675,26064
"(0.9916666666666668, 0.9958333333333332)",1,97.84166666666674,26065
"(0.9708333333333332, 0.9958333333333332)",1,97.84166666666674,26066
"(0.9458333333333332, 0.9833333333333332)",1,97.84166666666673,26067
"(0.975, 1.0)",1,97.8416666666666,26068
"(0.9, 0.9875)",2,97.84166666666653,26070
"(0.9666666666666668, 0.975)",1,97.84166666666648,26071
"(0.3159090909090909, 1.0)",3,97.84015151515152,26074
"(0.2102272727272727, 0.9992424242424244)",1,97.83939393939396,26075
"(0.3295454545454545, 1.0)",3,97.83939393939394,26078
"(0.2356060606060606, 0.999621212121212)",1,97.83901515151516,26079
"(0.431060606060606, 1.0)",3,97.83901515151516,26082
"(0.3143939393939394, 0.9992424242424244)",3,97.83863636363635,26085
"(0.3431818181818182, 1.0)",1,97.83825757575758,26086
"(0.8552631578947368, 0.9912280701754386)",1,97.8377192982456,26087
"(0.9429824561403508, 0.9912280701754386)",1,97.8377192982456,26088
"(0.9083333333333332, 0.9791666666666666)",1,97.83750000000016,26089
"(0.9916666666666668, 0.9958333333333332)",1,97.83750000000012,26090
"(0.975, 0.9958333333333332)",1,97.83750000000006,26091
"(0.8791666666666667, 0.9958333333333332)",2,97.83750000000006,26093
"(0.9708333333333332, 0.9958333333333332)",1,97.83750000000003,26094
"(0.8875, 0.9833333333333332)",1,97.83750000000003,26095
"(0.975, 0.9958333333333332)",1,97.83750000000002,26096
"(0.9416666666666668, 0.9833333333333332)",1,97.8375,26097
"(0.9666666666666668, 0.975)",1,97.8374999999998,26098
"(0.8604651162790697, 0.9883720930232558)",1,97.83720930232576,26099
"(0.8255813953488372, 0.9883720930232558)",1,97.83720930232576,26100
"(0.8837209302325582, 0.9883720930232558)",1,97.83720930232572,26101
"(0.8255813953488372, 0.9883720930232558)",1,97.83720930232572,26102
"(0.9534883720930232, 0.9767441860465116)",1,97.83720930232568,26103
"(0.2943181818181818, 0.9992424242424244)",3,97.83674242424244,26106
"(0.4079545454545454, 1.0)",1,97.83560606060608,26107
"(0.4291666666666666, 1.0)",3,97.8344696969697,26110
"(0.5972222222222222, 0.9861111111111112)",1,97.83333333333351,26111
"(0.5416666666666666, 0.9861111111111112)",1,97.83333333333351,26112
"(0.5277777777777778, 0.9861111111111112)",1,97.83333333333351,26113
"(0.7638888888888888, 0.9861111111111112)",3,97.83333333333351,26116
"(0.8333333333333334, 0.9861111111111112)",3,97.83333333333351,26119
"(0.9166666666666666, 0.9861111111111112)",1,97.83333333333351,26120
"(0.8055555555555556, 0.9861111111111112)",5,97.83333333333351,26125
"(0.8194444444444444, 0.9861111111111112)",2,97.83333333333351,26127
"(0.75, 0.9861111111111112)",1,97.83333333333351,26128
"(0.9027777777777778, 0.9861111111111112)",5,97.83333333333351,26133
"(0.9444444444444444, 0.9861111111111112)",1,97.83333333333351,26134
"(0.7916666666666666, 0.9861111111111112)",3,97.83333333333351,26137
"(0.8888888888888888, 0.9861111111111112)",3,97.83333333333351,26140
"(0.9305555555555556, 0.9861111111111112)",2,97.83333333333351,26142
"(0.6944444444444444, 0.9861111111111112)",2,97.83333333333351,26144
"(0.8611111111111112, 0.9861111111111112)",6,97.83333333333351,26150
"(0.875, 0.9861111111111112)",1,97.83333333333351,26151
"(0.7222222222222222, 0.9861111111111112)",1,97.83333333333351,26152
"(0.5555555555555556, 0.9861111111111112)",1,97.83333333333351,26153
"(0.8472222222222222, 0.9861111111111112)",5,97.83333333333351,26158
"(0.5, 0.9861111111111112)",3,97.83333333333351,26161
"(0.9791666666666666, 0.9958333333333332)",1,97.83333333333344,26162
"(0.9333333333333332, 0.9833333333333332)",1,97.8333333333334,26163
"(0.9125, 0.9833333333333332)",1,97.8333333333334,26164
"(0.8333333333333334, 0.9833333333333332)",1,97.8333333333334,26165
"(0.9166666666666666, 0.9833333333333332)",3,97.8333333333334,26168
"(0.8666666666666667, 0.9833333333333332)",4,97.8333333333334,26172
"(0.9791666666666666, 0.9958333333333332)",1,97.8333333333334,26173
"(0.95, 0.9833333333333332)",2,97.8333333333334,26175
"(0.8166666666666667, 0.9833333333333332)",1,97.8333333333334,26176
"(0.9875, 0.9958333333333332)",1,97.8333333333334,26177
"(0.8166666666666667, 1.0)",1,97.83333333333334,26178
"(0.8076923076923077, 1.0)",1,97.83333333333334,26179
"(0.8833333333333333, 1.0)",1,97.83333333333334,26180
"(0.6805555555555556, 1.0)",1,97.83333333333334,26181
"(0.9444444444444444, 1.0)",1,97.83333333333334,26182
"(0.9027777777777778, 1.0)",1,97.83333333333334,26183
"(0.8611111111111112, 1.0)",1,97.83333333333331,26184
"(0.9429824561403508, 0.9912280701754386)",3,97.83333333333331,26187
"(0.5972222222222222, 1.0)",1,97.83333333333331,26188
"(0.8166666666666667, 1.0)",1,97.83333333333331,26189
"(0.8333333333333334, 1.0)",1,97.83333333333331,26190
"(0.8472222222222222, 1.0)",1,97.83333333333331,26191
"(0.7361111111111112, 1.0)",1,97.83333333333331,26192
"(0.75, 1.0)",2,97.83333333333331,26194
"(0.9833333333333332, 1.0)",1,97.83333333333331,26195
"(0.9166666666666666, 1.0)",1,97.83333333333331,26196
"(0.9, 0.9875)",1,97.8333333333332,26197
"(0.4291666666666666, 1.0)",3,97.83257575757575,26200
"(0.48625, 0.9925)",1,97.83250000000004,26201
"(0.49, 0.9975)",1,97.83125000000013,26202
"(0.43625, 0.99875)",1,97.83000000000013,26203
"(0.531439393939394, 1.0)",1,97.82992424242424,26204
"(0.9416666666666668, 0.9791666666666666)",1,97.8291666666668,26205
"(0.9791666666666666, 0.9958333333333332)",1,97.82916666666677,26206
"(0.925, 0.9833333333333332)",1,97.8291666666667,26207
"(0.9916666666666668, 0.9958333333333332)",1,97.8291666666667,26208
"(0.8458333333333333, 0.9833333333333332)",1,97.8291666666667,26209
"(0.9458333333333332, 0.9833333333333332)",1,97.82916666666668,26210
"(0.925, 0.9875)",1,97.82916666666657,26211
"(0.95, 0.9875)",1,97.8291666666665,26212
"(0.7105263157894737, 0.9912280701754386)",1,97.82894736842104,26213
"(0.706140350877193, 0.9912280701754386)",1,97.82894736842104,26214
"(0.7149122807017544, 0.9912280701754386)",1,97.82894736842104,26215
"(0.49625, 0.99625)",1,97.82750000000011,26216
"(0.543939393939394, 1.0)",1,97.82727272727271,26217
"(0.3731060606060606, 1.0)",1,97.8257575757576,26218
"(0.3731060606060606, 0.999621212121212)",3,97.8253787878788,26221
"(0.9083333333333332, 0.9791666666666666)",1,97.82500000000016,26222
"(0.9208333333333332, 0.9791666666666666)",1,97.82500000000016,26223
"(0.925, 0.9791666666666666)",1,97.82500000000014,26224
"(0.8125, 0.9791666666666666)",1,97.82500000000014,26225
"(0.9625, 0.9958333333333332)",1,97.82500000000007,26226
"(0.9291666666666668, 0.9833333333333332)",1,97.82500000000005,26227
"(0.8958333333333334, 0.9833333333333332)",1,97.82500000000005,26228
"(0.9708333333333332, 0.9958333333333332)",1,97.82500000000005,26229
"(0.9875, 0.9958333333333332)",1,97.82500000000002,26230
"(0.9125, 0.9875)",1,97.82499999999985,26231
"(0.9666666666666668, 0.975)",1,97.8249999999998,26232
"(0.8666666666666667, 0.975)",1,97.8249999999998,26233
"(0.95, 0.9916666666666668)",2,97.82499999999976,26235
"(0.3159090909090909, 1.0)",2,97.82310606060608,26237
"(0.50625, 0.995)",1,97.82250000000018,26238
"(0.3431818181818182, 1.0)",1,97.82234848484848,26239
"(0.9666666666666668, 0.9791666666666666)",1,97.8208333333335,26240
"(0.9625, 0.9958333333333332)",1,97.82083333333344,26241
"(0.975, 0.9958333333333332)",1,97.82083333333344,26242
"(0.9708333333333332, 0.9958333333333332)",1,97.8208333333334,26243
"(0.9791666666666666, 0.9958333333333332)",1,97.8208333333334,26244
"(0.9208333333333332, 0.9958333333333332)",1,97.8208333333334,26245
"(0.975, 0.9958333333333332)",1,97.82083333333335,26246
"(0.9291666666666668, 0.9833333333333332)",1,97.82083333333335,26247
"(0.8875, 0.9875)",2,97.82083333333324,26249
"(0.9416666666666668, 0.9875)",1,97.8208333333332,26250
"(0.8708333333333333, 0.9875)",1,97.82083333333316,26251
"(0.431060606060606, 1.0)",3,97.82045454545457,26254
"(0.9429824561403508, 0.9912280701754386)",1,97.82017543859646,26255
"(0.9035087719298246, 0.9912280701754386)",2,97.82017543859646,26257
"(0.3159090909090909, 0.9984848484848484)",1,97.82007575757576,26258
"(0.9305555555555556, 0.9861111111111112)",1,97.81944444444464,26259
"(0.9027777777777778, 0.9861111111111112)",3,97.81944444444464,26262
"(0.7638888888888888, 0.9861111111111112)",2,97.81944444444464,26264
"(0.9166666666666666, 0.9861111111111112)",2,97.81944444444464,26266
"(0.5555555555555556, 0.9861111111111112)",2,97.81944444444464,26268
"(0.8472222222222222, 0.9861111111111112)",1,97.81944444444464,26269
"(0.8611111111111112, 0.9861111111111112)",5,97.81944444444464,26274
"(0.625, 0.9861111111111112)",3,97.81944444444464,26277
"(0.8055555555555556, 0.9861111111111112)",5,97.81944444444464,26282
"(0.8333333333333334, 0.9861111111111112)",2,97.81944444444464,26284
"(0.8194444444444444, 0.9861111111111112)",8,97.81944444444464,26292
"(0.6944444444444444, 0.9861111111111112)",3,97.81944444444464,26295
"(0.5416666666666666, 0.9861111111111112)",4,97.81944444444464,26299
"(0.8888888888888888, 0.9861111111111112)",7,97.81944444444464,26306
"(0.7083333333333334, 0.9861111111111112)",1,97.81944444444464,26307
"(0.875, 0.9861111111111112)",7,97.81944444444464,26314
"(0.9444444444444444, 0.9861111111111112)",1,97.81944444444464,26315
"(0.5, 0.9861111111111112)",1,97.81944444444464,26316
"(0.7916666666666666, 0.9861111111111112)",2,97.81944444444464,26318
"(0.8611111111111112, 1.0)",1,97.81944444444444,26319
"(0.7083333333333334, 1.0)",2,97.81944444444444,26321
"(0.75, 1.0)",1,97.81944444444444,26322
"(0.875, 1.0)",1,97.81944444444444,26323
"(0.7222222222222222, 1.0)",2,97.81944444444444,26325
"(0.8472222222222222, 1.0)",1,97.81944444444444,26326
"(0.9027777777777778, 1.0)",1,97.81944444444444,26327
"(0.4825757575757576, 1.0)",3,97.81931818181818,26330
"(0.9208333333333332, 0.9791666666666666)",1,97.81666666666682,26331
"(0.8166666666666667, 0.9833333333333332)",1,97.81666666666676,26332
"(0.9791666666666666, 0.9958333333333332)",1,97.81666666666676,26333
"(0.8666666666666667, 0.9833333333333332)",1,97.81666666666672,26334
"(0.9333333333333332, 0.9833333333333332)",3,97.81666666666672,26337
"(0.7333333333333333, 0.9833333333333332)",1,97.81666666666672,26338
"(0.8833333333333333, 0.9833333333333332)",1,97.81666666666672,26339
"(0.8166666666666667, 0.9833333333333332)",1,97.81666666666672,26340
"(0.95, 0.9833333333333332)",2,97.81666666666672,26342
"(0.8333333333333334, 0.9833333333333332)",1,97.81666666666672,26343
"(0.9666666666666668, 0.9833333333333332)",1,97.81666666666672,26344
"(0.9791666666666666, 0.9958333333333332)",1,97.81666666666672,26345
"(0.9833333333333332, 0.9833333333333332)",1,97.81666666666672,26346
"(1.0, 0.9833333333333332)",2,97.81666666666672,26348
"(0.8958333333333334, 0.9833333333333332)",1,97.8166666666667,26349
"(0.85, 1.0)",2,97.81666666666666,26351
"(0.9, 1.0)",2,97.81666666666666,26353
"(0.8833333333333333, 1.0)",1,97.81666666666666,26354
"(1.0, 1.0)",1,97.81666666666666,26355
"(0.9333333333333332, 1.0)",2,97.81666666666666,26357
"(0.8, 1.0)",1,97.81666666666666,26358
"(0.8666666666666667, 1.0)",1,97.81666666666666,26359
"(0.95, 1.0)",1,97.8166666666666,26360
"(0.925, 0.9875)",1,97.81666666666658,26361
"(0.95, 0.9875)",2,97.81666666666652,26363
"(0.9291666666666668, 0.9916666666666668)",1,97.81666666666638,26364
"(0.2196969696969697, 1.0)",3,97.81628787878788,26367
"(0.2208333333333333, 0.9992424242424244)",1,97.81628787878788,26368
"(0.7719298245614035, 0.9912280701754386)",2,97.8157894736842,26370
"(0.8859649122807017, 0.9912280701754386)",1,97.8157894736842,26371
"(0.7719298245614035, 0.9912280701754386)",1,97.8157894736842,26372
"(0.431060606060606, 1.0)",1,97.81477272727273,26373
"(0.8255813953488372, 0.9883720930232558)",1,97.81395348837223,26374
"(0.9458333333333332, 0.9791666666666666)",1,97.81250000000016,26375
"(0.925, 0.9791666666666666)",1,97.81250000000016,26376
"(0.9583333333333334, 0.9791666666666666)",1,97.81250000000014,26377
"(0.95, 0.9791666666666666)",1,97.81250000000014,26378
"(0.505, 0.9975)",1,97.81250000000011,26379
"(0.95, 0.9958333333333332)",1,97.8125000000001,26380
"(0.9833333333333332, 0.9958333333333332)",1,97.81250000000009,26381
"(0.9666666666666668, 0.9833333333333332)",1,97.81250000000004,26382
"(0.9166666666666666, 0.9833333333333332)",1,97.8125,26383
"(0.975, 1.0)",1,97.81249999999994,26384
"(0.8916666666666667, 0.9875)",1,97.81249999999984,26385
"(0.9473684210526316, 0.9912280701754386)",1,97.8114035087719,26386
"(0.7105263157894737, 0.9912280701754386)",1,97.8114035087719,26387
"(0.49375, 0.99625)",1,97.81000000000014,26388
"(0.3102272727272727, 1.0)",3,97.80909090909093,26391
"(0.47625, 0.99875)",3,97.80875000000007,26394
"(0.9, 0.9791666666666666)",1,97.80833333333348,26395
"(0.9708333333333332, 0.9958333333333332)",1,97.8083333333334,26396
"(0.9, 0.9833333333333332)",1,97.80833333333338,26397
"(0.975, 0.9958333333333332)",1,97.80833333333337,26398
"(0.4049242424242424, 1.0)",1,97.80833333333334,26399
"(0.9166666666666666, 0.9875)",1,97.80833333333324,26400
"(0.9, 0.9916666666666668)",1,97.80833333333314,26401
"(0.9125, 0.9916666666666668)",1,97.8083333333331,26402
"(0.5570945945945946, 0.9851351351351352)",1,97.80810810810802,26403
"(0.4590909090909091, 1.0)",3,97.80795454545456,26406
"(0.8461538461538461, 0.9871794871794872)",1,97.80769230769243,26407
"(0.717948717948718, 1.0)",1,97.8076923076923,26408
"(0.3632575757575758, 1.0)",3,97.80719696969696,26411
"(0.7675438596491229, 0.9912280701754386)",1,97.80701754385964,26412
"(0.9078947368421052, 0.9912280701754386)",1,97.80701754385964,26413
"(0.577027027027027, 0.981418918918919)",1,97.80641891891888,26414
"(0.75, 0.9861111111111112)",2,97.80555555555576,26416
"(0.6944444444444444, 0.9861111111111112)",3,97.80555555555576,26419
"(0.7083333333333334, 0.9861111111111112)",1,97.80555555555576,26420
"(0.5555555555555556, 0.9861111111111112)",2,97.80555555555576,26422
"(0.8611111111111112, 0.9861111111111112)",6,97.80555555555576,26428
"(0.9027777777777778, 0.9861111111111112)",2,97.80555555555576,26430
"(0.6805555555555556, 0.9861111111111112)",1,97.80555555555576,26431
"(0.7916666666666666, 0.9861111111111112)",2,97.80555555555576,26433
"(0.7222222222222222, 0.9861111111111112)",1,97.80555555555576,26434
"(0.9305555555555556, 0.9861111111111112)",1,97.80555555555576,26435
"(0.5972222222222222, 0.9861111111111112)",1,97.80555555555576,26436
"(0.875, 0.9861111111111112)",4,97.80555555555576,26440
"(0.7777777777777778, 0.9861111111111112)",1,97.80555555555576,26441
"(0.8472222222222222, 0.9861111111111112)",1,97.80555555555576,26442
"(0.8888888888888888, 0.9861111111111112)",6,97.80555555555576,26448
"(0.8333333333333334, 0.9861111111111112)",4,97.80555555555576,26452
"(0.7638888888888888, 0.9861111111111112)",4,97.80555555555576,26456
"(0.8055555555555556, 0.9861111111111112)",6,97.80555555555576,26462
"(0.9166666666666666, 0.9861111111111112)",3,97.80555555555576,26465
"(0.8194444444444444, 0.9861111111111112)",4,97.80555555555576,26469
"(0.5, 0.9861111111111112)",1,97.80555555555576,26470
"(0.9166666666666666, 0.9861111111111112)",1,97.80555555555574,26471
"(0.6527777777777778, 0.9861111111111112)",1,97.80555555555574,26472
"(0.8194444444444444, 1.0)",1,97.80555555555556,26473
"(0.5972222222222222, 1.0)",1,97.80555555555556,26474
"(0.9583333333333334, 1.0)",1,97.80555555555556,26475
"(0.7222222222222222, 1.0)",1,97.80555555555556,26476
"(0.875, 1.0)",2,97.80555555555556,26478
"(0.8472222222222222, 1.0)",1,97.80555555555556,26479
"(0.9027777777777778, 1.0)",1,97.80555555555556,26480
"(0.975, 0.9958333333333332)",1,97.80416666666676,26481
"(0.9916666666666668, 0.9958333333333332)",1,97.8041666666667,26482
"(0.9208333333333332, 0.9833333333333332)",1,97.80416666666667,26483
"(0.9791666666666666, 0.9958333333333332)",1,97.80416666666667,26484
"(0.9958333333333332, 1.0)",1,97.80416666666667,26485
"(0.9833333333333332, 1.0)",1,97.8041666666666,26486
"(0.925, 0.975)",1,97.80416666666645,26487
"(0.8859649122807017, 0.9912280701754386)",1,97.80263157894734,26488
"(0.6162790697674418, 0.9883720930232558)",1,97.80232558139552,26489
"(0.8255813953488372, 1.0)",1,97.80232558139537,26490
"(0.3372093023255814, 1.0)",2,97.80232558139534,26492
"(0.9208333333333332, 0.9791666666666666)",1,97.80000000000014,26493
"(0.495, 0.99625)",1,97.80000000000013,26494
"(0.9583333333333334, 0.9958333333333332)",1,97.8000000000001,26495
"(0.9875, 0.9958333333333332)",1,97.8000000000001,26496
"(0.95, 0.9833333333333332)",3,97.80000000000008,26499
"(0.9666666666666668, 0.9833333333333332)",1,97.80000000000008,26500
"(0.8666666666666667, 0.9833333333333332)",2,97.80000000000008,26502
"(0.8, 0.9833333333333332)",1,97.80000000000008,26503
"(0.8166666666666667, 0.9833333333333332)",2,97.80000000000008,26505
"(0.8833333333333333, 0.9833333333333332)",1,97.80000000000008,26506
"(0.9333333333333332, 0.9833333333333332)",2,97.80000000000008,26508
"(0.9875, 0.9958333333333332)",1,97.80000000000008,26509
"(0.7666666666666667, 0.9833333333333332)",1,97.80000000000008,26510
"(0.9916666666666668, 0.9958333333333332)",1,97.80000000000004,26511
"(0.9666666666666668, 0.9833333333333332)",1,97.80000000000004,26512
"(0.9708333333333332, 0.9958333333333332)",1,97.80000000000004,26513
"(0.9625, 0.9958333333333332)",1,97.80000000000004,26514
"(0.7333333333333333, 1.0)",1,97.8,26515
"(0.7833333333333333, 1.0)",1,97.8,26516
"(0.9, 1.0)",2,97.8,26518
"(0.8666666666666667, 1.0)",1,97.8,26519
"(0.85, 1.0)",1,97.8,26520
"(0.8, 1.0)",1,97.8,26521
"(0.2943181818181818, 1.0)",3,97.8,26524
"(0.4443181818181818, 1.0)",3,97.8,26527
"(0.8125, 0.9833333333333332)",1,97.79999999999995,26528
"(0.9291666666666668, 0.9875)",1,97.79999999999988,26529
"(0.9125, 0.975)",1,97.7999999999998,26530
"(0.6233108108108109, 0.983108108108108)",1,97.79831081081085,26531
"(0.7719298245614035, 0.9912280701754386)",1,97.79824561403508,26532
"(0.4223484848484848, 1.0)",3,97.7973484848485,26535
"(0.5540540540540541, 0.9851351351351352)",1,97.79594594594585,26536
"(0.9791666666666666, 0.9958333333333332)",1,97.79583333333346,26537
"(0.9666666666666668, 0.9958333333333332)",1,97.79583333333343,26538
"(0.9875, 0.9958333333333332)",1,97.7958333333334,26539
"(0.9625, 0.9958333333333332)",1,97.7958333333334,26540
"(0.9041666666666668, 0.9833333333333332)",1,97.7958333333334,26541
"(0.9625, 0.9958333333333332)",1,97.7958333333334,26542
"(0.9041666666666668, 0.9833333333333332)",1,97.79583333333336,26543
"(0.9375, 0.9875)",1,97.79583333333316,26544
"(0.9541666666666668, 0.9875)",1,97.79583333333316,26545
"(0.9666666666666668, 0.975)",1,97.79583333333316,26546
"(0.7692307692307693, 1.0)",1,97.7948717948718,26547
"(0.4340909090909091, 1.0)",3,97.7939393939394,26550
"(0.706140350877193, 0.9912280701754386)",3,97.7938596491228,26553
"(0.58625, 0.9825)",1,97.79375000000006,26554
"(0.2893939393939393, 1.0)",1,97.79356060606062,26555
"(0.3223484848484848, 0.999621212121212)",2,97.79242424242426,26557
"(0.9444444444444444, 0.9861111111111112)",2,97.79166666666688,26559
"(0.625, 0.9861111111111112)",1,97.79166666666688,26560
"(0.8611111111111112, 0.9861111111111112)",7,97.79166666666688,26567
"(0.75, 0.9861111111111112)",3,97.79166666666688,26570
"(0.8333333333333334, 0.9861111111111112)",2,97.79166666666688,26572
"(0.8888888888888888, 0.9861111111111112)",1,97.79166666666688,26573
"(0.7916666666666666, 0.9861111111111112)",3,97.79166666666688,26576
"(0.7638888888888888, 0.9861111111111112)",2,97.79166666666688,26578
"(0.9166666666666666, 0.9861111111111112)",3,97.79166666666688,26581
"(0.9305555555555556, 0.9861111111111112)",1,97.79166666666688,26582
"(0.9027777777777778, 0.9861111111111112)",5,97.79166666666688,26587
"(0.8055555555555556, 0.9861111111111112)",3,97.79166666666688,26590
"(0.75, 0.9861111111111112)",2,97.79166666666686,26592
"(0.625, 0.9861111111111112)",4,97.79166666666686,26596
"(0.5277777777777778, 0.9861111111111112)",1,97.79166666666686,26597
"(0.8194444444444444, 0.9861111111111112)",4,97.79166666666686,26601
"(0.7638888888888888, 0.9861111111111112)",1,97.79166666666686,26602
"(0.8055555555555556, 0.9861111111111112)",2,97.79166666666686,26604
"(0.8888888888888888, 0.9861111111111112)",1,97.79166666666686,26605
"(0.9027777777777778, 0.9861111111111112)",3,97.79166666666686,26608
"(0.5, 0.9861111111111112)",1,97.79166666666686,26609
"(0.875, 0.9861111111111112)",2,97.79166666666686,26611
"(0.8611111111111112, 0.9861111111111112)",1,97.79166666666686,26612
"(0.7083333333333334, 0.9861111111111112)",1,97.79166666666686,26613
"(0.8875, 0.9791666666666666)",1,97.79166666666684,26614
"(0.95, 0.9791666666666666)",1,97.7916666666668,26615
"(0.9791666666666666, 0.9958333333333332)",1,97.79166666666676,26616
"(0.7222222222222222, 1.0)",1,97.79166666666669,26617
"(0.3920454545454545, 1.0)",1,97.79166666666669,26618
"(0.8611111111111112, 1.0)",1,97.79166666666666,26619
"(0.6805555555555556, 1.0)",1,97.79166666666666,26620
"(0.7916666666666666, 1.0)",1,97.79166666666666,26621
"(0.875, 0.9875)",1,97.79166666666654,26622
"(0.3431818181818182, 1.0)",3,97.79090909090912,26625
"(0.7209302325581395, 0.9883720930232558)",1,97.79069767441877,26626
"(0.8255813953488372, 0.9883720930232558)",1,97.79069767441877,26627
"(0.4883720930232558, 0.9883720930232558)",1,97.79069767441877,26628
"(0.5402027027027027, 0.987162162162162)",1,97.79020270270269,26629
"(0.8728070175438597, 0.9912280701754386)",2,97.7894736842105,26631
"(0.7105263157894737, 0.9912280701754386)",1,97.7894736842105,26632
"(0.9429824561403508, 0.9912280701754386)",1,97.7894736842105,26633
"(0.54625, 0.98375)",1,97.78874999999994,26634
"(0.8875, 0.9791666666666666)",1,97.78750000000016,26635
"(0.9, 0.9791666666666666)",1,97.78750000000016,26636
"(0.9208333333333332, 0.9791666666666666)",1,97.78750000000012,26637
"(0.875, 0.9875)",1,97.7874999999999,26638
"(0.9083333333333332, 0.9875)",1,97.7874999999999,26639
"(0.8833333333333333, 0.9875)",1,97.78749999999988,26640
"(0.8625, 0.975)",1,97.7874999999998,26641
"(0.2174242424242424, 1.0)",3,97.78674242424243,26644
"(0.3159090909090909, 0.9992424242424244)",1,97.78636363636366,26645
"(0.572972972972973, 0.9851351351351352)",1,97.78581081081076,26646
"(0.8458333333333333, 0.9791666666666666)",1,97.7833333333335,26647
"(0.9416666666666668, 0.9791666666666666)",1,97.78333333333345,26648
"(0.95, 0.9833333333333332)",4,97.7833333333334,26652
"(0.8333333333333334, 0.9833333333333332)",1,97.7833333333334,26653
"(0.8166666666666667, 0.9833333333333332)",1,97.7833333333334,26654
"(0.8833333333333333, 0.9833333333333332)",1,97.7833333333334,26655
"(0.9333333333333332, 0.9833333333333332)",2,97.7833333333334,26657
"(0.8833333333333333, 1.0)",1,97.78333333333332,26658
"(0.9333333333333332, 1.0)",1,97.78333333333332,26659
"(0.85, 1.0)",1,97.78333333333332,26660
"(0.8666666666666667, 1.0)",1,97.78333333333332,26661
"(0.9833333333333332, 1.0)",1,97.78333333333332,26662
"(0.9, 1.0)",1,97.78333333333332,26663
"(0.9125, 0.9875)",1,97.78333333333325,26664
"(0.9291666666666668, 0.9916666666666668)",1,97.78333333333303,26665
"(0.3, 1.0)",1,97.78295454545456,26666
"(0.5175, 0.99625)",1,97.78250000000016,26667
"(0.5225, 0.995)",1,97.78250000000016,26668
"(0.49375, 0.9975)",1,97.78250000000013,26669
"(0.5242424242424243, 1.0)",3,97.7810606060606,26672
"(0.5689189189189189, 0.9844594594594596)",1,97.78040540540532,26673
"(0.9208333333333332, 0.9791666666666666)",1,97.77916666666682,26674
"(0.9583333333333334, 0.9958333333333332)",1,97.77916666666675,26675
"(0.9666666666666668, 0.9833333333333332)",1,97.77916666666673,26676
"(0.975, 0.9958333333333332)",2,97.77916666666673,26678
"(0.4378787878787878, 1.0)",3,97.77916666666668,26681
"(0.8958333333333334, 0.9875)",1,97.77916666666653,26682
"(0.9125, 0.975)",2,97.77916666666648,26684
"(0.8255813953488372, 0.9883720930232558)",1,97.77906976744202,26685
"(0.7674418604651163, 0.9883720930232558)",1,97.77906976744202,26686
"(0.3372093023255814, 0.9883720930232558)",1,97.77906976744202,26687
"(0.6744186046511628, 0.9883720930232558)",1,97.77906976744202,26688
"(0.7558139534883721, 0.9883720930232558)",1,97.779069767442,26689
"(0.625, 0.9861111111111112)",2,97.77777777777798,26691
"(0.8472222222222222, 0.9861111111111112)",1,97.77777777777798,26692
"(0.75, 0.9861111111111112)",1,97.77777777777798,26693
"(0.7777777777777778, 0.9861111111111112)",3,97.77777777777798,26696
"(0.875, 0.9861111111111112)",1,97.77777777777798,26697
"(0.8194444444444444, 0.9861111111111112)",1,97.77777777777798,26698
"(0.8888888888888888, 0.9861111111111112)",4,97.77777777777796,26702
"(0.9027777777777778, 0.9861111111111112)",2,97.77777777777796,26704
"(0.5972222222222222, 0.9861111111111112)",2,97.77777777777796,26706
"(0.8472222222222222, 0.9861111111111112)",5,97.77777777777796,26711
"(0.6527777777777778, 0.9861111111111112)",1,97.77777777777796,26712
"(0.7222222222222222, 0.9861111111111112)",1,97.77777777777796,26713
"(0.625, 0.9861111111111112)",2,97.77777777777796,26715
"(0.6944444444444444, 0.9861111111111112)",5,97.77777777777796,26720
"(0.8194444444444444, 0.9861111111111112)",3,97.77777777777796,26723
"(0.7916666666666666, 0.9861111111111112)",3,97.77777777777796,26726
"(0.875, 0.9861111111111112)",2,97.77777777777796,26728
"(0.7638888888888888, 0.9861111111111112)",3,97.77777777777796,26731
"(0.8333333333333334, 0.9861111111111112)",3,97.77777777777796,26734
"(0.6805555555555556, 0.9861111111111112)",2,97.77777777777796,26736
"(0.9166666666666666, 0.9861111111111112)",2,97.77777777777796,26738
"(0.7777777777777778, 0.9861111111111112)",1,97.77777777777796,26739
"(0.8611111111111112, 0.9861111111111112)",3,97.77777777777796,26742
"(0.8055555555555556, 0.9861111111111112)",4,97.77777777777796,26746
"(0.9305555555555556, 0.9861111111111112)",2,97.77777777777796,26748
"(0.8333333333333334, 1.0)",1,97.7777777777778,26749
"(0.8333333333333334, 1.0)",1,97.77777777777776,26750
"(0.7083333333333334, 1.0)",3,97.77777777777776,26753
"(0.7638888888888888, 1.0)",1,97.77777777777776,26754
"(0.8055555555555556, 1.0)",1,97.77777777777776,26755
"(0.8611111111111112, 1.0)",1,97.77777777777776,26756
"(0.7777777777777778, 1.0)",1,97.77777777777776,26757
"(0.9305555555555556, 1.0)",3,97.77777777777776,26760
"(0.2943181818181818, 1.0)",3,97.77765151515152,26763
"(0.3325757575757576, 1.0)",3,97.77765151515152,26766
"(0.8552631578947368, 0.9912280701754386)",1,97.77631578947368,26767
"(0.209090909090909, 0.999621212121212)",3,97.77575757575758,26770
"(0.9375, 0.9791666666666666)",1,97.77500000000016,26771
"(0.9333333333333332, 0.9791666666666666)",1,97.77500000000016,26772
"(0.9208333333333332, 0.9791666666666666)",1,97.77500000000012,26773
"(0.9833333333333332, 0.9958333333333332)",1,97.77500000000003,26774
"(0.9916666666666668, 0.9958333333333332)",1,97.77500000000002,26775
"(0.9125, 0.9833333333333332)",1,97.77500000000002,26776
"(0.9416666666666668, 0.9833333333333332)",1,97.77500000000002,26777
"(0.925, 0.9833333333333332)",1,97.77500000000002,26778
"(0.3393939393939394, 1.0)",3,97.775,26781
"(0.2352272727272727, 1.0)",3,97.775,26784
"(0.9833333333333332, 1.0)",1,97.77499999999992,26785
"(1.0, 1.0)",1,97.77499999999992,26786
"(0.9375, 0.9875)",2,97.77499999999986,26788
"(0.8666666666666667, 0.975)",1,97.77499999999984,26789
"(0.8958333333333334, 0.9916666666666668)",1,97.7749999999998,26790
"(0.440530303030303, 1.0)",1,97.77462121212122,26791
"(0.4890151515151515, 0.9992424242424244)",1,97.77424242424246,26792
"(0.3814393939393939, 1.0)",1,97.77424242424246,26793
"(0.2458333333333333, 1.0)",2,97.77386363636364,26795
"(0.3556818181818181, 1.0)",3,97.77348484848486,26798
"(0.4333333333333333, 1.0)",1,97.77310606060608,26799
"(0.5371621621621622, 0.9841216216216216)",1,97.7719594594595,26800
"(0.6260135135135135, 0.9851351351351352)",1,97.7719594594594,26801
"(0.7719298245614035, 0.9912280701754386)",3,97.77192982456138,26804
"(0.8859649122807017, 0.9912280701754386)",1,97.77192982456138,26805
"(0.706140350877193, 0.9912280701754386)",2,97.77192982456138,26807
"(0.9385964912280702, 0.9912280701754386)",1,97.77192982456135,26808
"(0.48875, 0.99125)",1,97.77124999999997,26809
"(0.4356060606060606, 1.0)",3,97.77121212121212,26812
"(0.9541666666666668, 0.9791666666666666)",1,97.77083333333348,26813
"(0.875, 0.9791666666666666)",1,97.77083333333348,26814
"(0.975, 0.9958333333333332)",2,97.7708333333334,26816
"(0.5106060606060606, 0.9977272727272728)",1,97.7708333333334,26817
"(0.8875, 0.9833333333333332)",1,97.77083333333336,26818
"(0.9791666666666666, 1.0)",1,97.77083333333329,26819
"(0.3174242424242424, 1.0)",3,97.77045454545454,26822
"(0.3159090909090909, 0.999621212121212)",1,97.7693181818182,26823
"(0.3496212121212121, 0.9992424242424244)",3,97.7693181818182,26826
"(0.5512820512820513, 1.0)",1,97.76923076923076,26827
"(0.8076923076923077, 1.0)",1,97.76923076923076,26828
"(0.525, 0.99)",1,97.76750000000015,26829
"(0.48875, 0.99875)",1,97.76750000000006,26830
"(0.8953488372093024, 0.9883720930232558)",1,97.76744186046528,26831
"(0.627906976744186, 0.9883720930232558)",1,97.76744186046528,26832
"(0.9302325581395348, 0.9767441860465116)",2,97.7674418604652,26834
"(0.4651162790697674, 1.0)",1,97.76744186046513,26835
"(0.296969696969697, 1.0)",3,97.76742424242424,26838
"(0.9, 0.9791666666666666)",1,97.76666666666678,26839
"(0.9666666666666668, 0.9833333333333332)",2,97.76666666666674,26841
"(0.95, 0.9833333333333332)",3,97.76666666666674,26844
"(0.9166666666666666, 0.9833333333333332)",3,97.76666666666674,26847
"(0.9, 0.9833333333333332)",1,97.76666666666674,26848
"(0.85, 0.9833333333333332)",1,97.76666666666674,26849
"(0.8666666666666667, 0.9833333333333332)",2,97.76666666666674,26851
"(0.9333333333333332, 0.9833333333333332)",1,97.76666666666674,26852
"(0.9208333333333332, 0.9833333333333332)",1,97.7666666666667,26853
"(0.9916666666666668, 0.9958333333333332)",1,97.7666666666667,26854
"(0.8166666666666667, 1.0)",1,97.76666666666668,26855
"(0.8833333333333333, 1.0)",1,97.76666666666668,26856
"(0.8666666666666667, 1.0)",1,97.76666666666668,26857
"(0.9333333333333332, 0.9875)",1,97.76666666666658,26858
"(0.9166666666666666, 0.9875)",1,97.76666666666654,26859
"(0.7178030303030303, 1.0)",1,97.76401515151515,26860
"(0.8888888888888888, 0.9861111111111112)",4,97.76388888888908,26864
"(0.6944444444444444, 0.9861111111111112)",1,97.76388888888908,26865
"(0.5972222222222222, 0.9861111111111112)",1,97.76388888888908,26866
"(0.875, 0.9861111111111112)",2,97.76388888888908,26868
"(0.7638888888888888, 0.9861111111111112)",4,97.76388888888908,26872
"(0.8055555555555556, 0.9861111111111112)",4,97.76388888888908,26876
"(0.5, 0.9861111111111112)",1,97.76388888888908,26877
"(0.5277777777777778, 0.9861111111111112)",1,97.76388888888908,26878
"(0.9027777777777778, 0.9861111111111112)",2,97.76388888888908,26880
"(0.7916666666666666, 0.9861111111111112)",1,97.76388888888908,26881
"(0.8472222222222222, 0.9861111111111112)",1,97.76388888888908,26882
"(0.9722222222222222, 0.9861111111111112)",1,97.76388888888908,26883
"(0.75, 0.9861111111111112)",2,97.76388888888908,26885
"(0.8611111111111112, 0.9861111111111112)",7,97.76388888888908,26892
"(0.8333333333333334, 0.9861111111111112)",2,97.76388888888908,26894
"(0.5416666666666666, 0.9861111111111112)",1,97.76388888888908,26895
"(0.9166666666666666, 0.9861111111111112)",3,97.76388888888908,26898
"(0.8194444444444444, 0.9861111111111112)",6,97.76388888888908,26904
"(0.7222222222222222, 0.9861111111111112)",1,97.76388888888908,26905
"(0.9444444444444444, 1.0)",1,97.76388888888889,26906
"(0.9305555555555556, 1.0)",2,97.76388888888889,26908
"(0.8888888888888888, 1.0)",3,97.76388888888889,26911
"(0.875, 1.0)",1,97.76388888888889,26912
"(0.75, 1.0)",2,97.76388888888889,26914
"(0.4925, 0.9975)",1,97.76375000000012,26915
"(0.9125, 0.9791666666666666)",1,97.76250000000014,26916
"(0.9208333333333332, 0.9791666666666666)",1,97.76250000000012,26917
"(0.9375, 0.9791666666666666)",1,97.76250000000012,26918
"(0.9666666666666668, 0.9958333333333332)",1,97.76250000000006,26919
"(0.9791666666666666, 0.9958333333333332)",1,97.76250000000005,26920
"(0.975, 0.9958333333333332)",1,97.76250000000005,26921
"(0.9666666666666668, 0.9958333333333332)",1,97.76250000000005,26922
"(0.9208333333333332, 0.9833333333333332)",1,97.76250000000002,26923
"(0.9958333333333332, 1.0)",1,97.76249999999996,26924
"(0.9833333333333332, 1.0)",1,97.76249999999992,26925
"(0.8958333333333334, 0.9875)",1,97.76249999999985,26926
"(0.9375, 0.9916666666666668)",1,97.76249999999972,26927
"(0.5045454545454545, 1.0)",1,97.76098484848484,26928
"(0.65, 0.98375)",1,97.76000000000003,26929
"(0.3678030303030303, 1.0)",3,97.75909090909092,26932
"(0.9035087719298246, 0.9912280701754386)",1,97.75877192982456,26933
"(0.9208333333333332, 0.9791666666666666)",1,97.75833333333352,26934
"(0.925, 0.9791666666666666)",1,97.75833333333348,26935
"(0.9541666666666668, 0.9791666666666666)",1,97.75833333333348,26936
"(0.9625, 0.9958333333333332)",1,97.75833333333344,26937
"(0.9916666666666668, 0.9958333333333332)",1,97.7583333333334,26938
"(0.9791666666666666, 0.9958333333333332)",1,97.7583333333334,26939
"(0.9791666666666666, 0.9958333333333332)",1,97.7583333333334,26940
"(0.9791666666666666, 0.9958333333333332)",1,97.75833333333335,26941
"(0.9708333333333332, 0.9958333333333332)",1,97.75833333333335,26942
"(0.9833333333333332, 0.9958333333333332)",1,97.75833333333335,26943
"(0.3484848484848485, 1.0)",1,97.75795454545457,26944
"(0.49625, 0.99625)",1,97.75625000000008,26945
"(0.53, 0.98875)",1,97.75624999999994,26946
"(0.7558139534883721, 0.9883720930232558)",1,97.75581395348854,26947
"(0.7558139534883721, 0.9883720930232558)",1,97.75581395348853,26948
"(0.4925, 0.9975)",1,97.7550000000001,26949
"(0.48625, 0.99875)",1,97.75500000000008,26950
"(0.7763157894736842, 0.9912280701754386)",1,97.75438596491226,26951
"(0.825, 0.9791666666666666)",1,97.75416666666682,26952
"(0.8875, 0.9791666666666666)",1,97.75416666666682,26953
"(0.9541666666666668, 0.9833333333333332)",1,97.7541666666667,26954
"(0.95, 1.0)",1,97.75416666666663,26955
"(0.975, 1.0)",1,97.7541666666666,26956
"(0.5331081081081082, 0.9841216216216216)",1,97.75337837837829,26957
"(0.4428030303030303, 1.0)",1,97.7530303030303,26958
"(0.49375, 0.99625)",1,97.75250000000004,26959
"(0.625, 0.985)",1,97.75249999999994,26960
"(0.368560606060606, 0.999621212121212)",3,97.75189393939394,26963
"(0.50625, 0.9975)",1,97.7512500000001,26964
"(0.495, 0.985)",1,97.75124999999991,26965
"(0.4359848484848485, 1.0)",3,97.7503787878788,26968
"(0.7777777777777778, 0.9861111111111112)",1,97.7500000000002,26969
"(0.8055555555555556, 0.9861111111111112)",4,97.7500000000002,26973
"(0.875, 0.9861111111111112)",1,97.7500000000002,26974
"(0.9027777777777778, 0.9861111111111112)",3,97.7500000000002,26977
"(0.9305555555555556, 0.9861111111111112)",3,97.7500000000002,26980
"(0.5555555555555556, 0.9861111111111112)",1,97.7500000000002,26981
"(0.7638888888888888, 0.9861111111111112)",2,97.7500000000002,26983
"(0.625, 0.9861111111111112)",1,97.7500000000002,26984
"(0.75, 0.9861111111111112)",1,97.7500000000002,26985
"(0.9166666666666666, 0.9861111111111112)",1,97.7500000000002,26986
"(0.8194444444444444, 0.9861111111111112)",7,97.7500000000002,26993
"(0.8333333333333334, 0.9861111111111112)",3,97.7500000000002,26996
"(0.5972222222222222, 0.9861111111111112)",2,97.7500000000002,26998
"(0.7916666666666666, 0.9861111111111112)",1,97.7500000000002,26999
"(0.8611111111111112, 0.9861111111111112)",7,97.7500000000002,27006
"(0.6944444444444444, 0.9861111111111112)",2,97.7500000000002,27008
"(0.8888888888888888, 0.9861111111111112)",2,97.7500000000002,27010
"(0.7083333333333334, 0.9861111111111112)",2,97.7500000000002,27012
"(0.9444444444444444, 0.9861111111111112)",2,97.7500000000002,27014
"(0.9125, 0.9791666666666666)",2,97.75000000000014,27016
"(0.9833333333333332, 0.9958333333333332)",1,97.7500000000001,27017
"(0.825, 0.9958333333333332)",1,97.75000000000009,27018
"(0.95, 0.9833333333333332)",3,97.75000000000009,27021
"(0.9666666666666668, 0.9833333333333332)",1,97.75000000000009,27022
"(0.975, 0.9958333333333332)",1,97.75000000000009,27023
"(0.8166666666666667, 0.9833333333333332)",1,97.75000000000009,27024
"(0.8833333333333333, 0.9833333333333332)",2,97.75000000000009,27026
"(0.75, 0.9833333333333332)",1,97.75000000000009,27027
"(0.8666666666666667, 0.9833333333333332)",3,97.75000000000009,27030
"(1.0, 1.0)",2,97.75,27032
"(0.625, 1.0)",1,97.75,27033
"(0.8, 1.0)",2,97.75,27035
"(0.9666666666666668, 1.0)",1,97.75,27036
"(0.7777777777777778, 1.0)",1,97.75,27037
"(0.8194444444444444, 1.0)",1,97.75,27038
"(0.9333333333333332, 0.9833333333333332)",1,97.75,27039
"(0.9444444444444444, 1.0)",1,97.75,27040
"(0.5356060606060606, 1.0)",3,97.75,27043
"(0.5972222222222222, 1.0)",1,97.75,27044
"(0.9958333333333332, 1.0)",1,97.74999999999996,27045
"(0.95, 1.0)",1,97.74999999999996,27046
"(0.975, 1.0)",1,97.74999999999996,27047
"(0.7675438596491229, 0.9912280701754386)",1,97.74999999999996,27048
"(0.8791666666666667, 0.975)",1,97.7499999999998,27049
"(0.9300675675675676, 0.9760135135135136)",1,97.74966216216212,27050
"(0.3678030303030303, 0.9992424242424244)",1,97.74924242424242,27051
"(0.49, 0.99875)",1,97.74875000000002,27052
"(0.4049242424242424, 0.999621212121212)",1,97.7469696969697,27053
"(0.4871212121212121, 1.0)",3,97.74659090909093,27056
"(0.9916666666666668, 0.9958333333333332)",1,97.74583333333344,27057
"(0.9791666666666666, 0.9958333333333332)",1,97.74583333333342,27058
"(0.9833333333333332, 0.9958333333333332)",1,97.7458333333334,27059
"(0.975, 0.9958333333333332)",1,97.74583333333337,27060
"(0.8875, 0.9833333333333332)",1,97.74583333333337,27061
"(0.975, 0.9958333333333332)",1,97.74583333333337,27062
"(0.95, 0.9833333333333332)",1,97.74583333333337,27063
"(0.8875, 0.9833333333333332)",1,97.74583333333334,27064
"(0.9125, 0.975)",1,97.74583333333314,27065
"(0.9125, 0.975)",1,97.74583333333312,27066
"(0.9385964912280702, 0.9912280701754386)",1,97.7456140350877,27067
"(0.706140350877193, 0.9912280701754386)",1,97.7456140350877,27068
"(0.6929824561403509, 0.9912280701754386)",1,97.7456140350877,27069
"(0.6162790697674418, 0.9883720930232558)",1,97.7441860465118,27070
"(0.9186046511627908, 0.9883720930232558)",1,97.7441860465118,27071
"(0.7441860465116279, 1.0)",1,97.74418604651164,27072
"(0.7435897435897436, 1.0)",2,97.74358974358977,27074
"(0.6538461538461539, 1.0)",1,97.74358974358977,27075
"(0.9416666666666668, 0.9791666666666666)",1,97.74166666666682,27076
"(0.9208333333333332, 0.9791666666666666)",1,97.74166666666682,27077
"(0.9458333333333332, 0.9791666666666666)",1,97.7416666666668,27078
"(0.9541666666666668, 0.9958333333333332)",1,97.74166666666672,27079
"(0.8458333333333333, 0.9833333333333332)",1,97.74166666666667,27080
"(0.8916666666666667, 0.9875)",1,97.74166666666656,27081
"(0.9, 0.9875)",1,97.74166666666656,27082
"(0.9125, 0.9875)",1,97.74166666666652,27083
"(0.8958333333333334, 0.975)",1,97.74166666666648,27084
"(0.51625, 0.985)",1,97.74125000000002,27085
"(0.925438596491228, 0.9912280701754386)",1,97.74122807017542,27086
"(0.4208333333333333, 1.0)",3,97.7409090909091,27089
"(0.3496212121212121, 1.0)",3,97.73901515151516,27092
"(0.2704545454545454, 0.999621212121212)",3,97.7378787878788,27095
"(0.9916666666666668, 0.9958333333333332)",1,97.73750000000008,27096
"(0.9833333333333332, 0.9958333333333332)",1,97.73750000000004,27097
"(0.9916666666666668, 0.9958333333333332)",1,97.73750000000004,27098
"(0.9958333333333332, 0.9958333333333332)",1,97.73750000000004,27099
"(0.9708333333333332, 0.9958333333333332)",1,97.73750000000004,27100
"(0.9583333333333334, 0.9833333333333332)",1,97.7375,27101
"(0.975, 1.0)",1,97.73749999999995,27102
"(0.8552631578947368, 0.9912280701754386)",1,97.73684210526314,27103
"(0.706140350877193, 0.9912280701754386)",1,97.73684210526314,27104
"(0.5166666666666667, 0.999621212121212)",3,97.73636363636363,27107
"(0.5025, 0.99625)",1,97.7362500000001,27108
"(0.8472222222222222, 0.9861111111111112)",2,97.73611111111131,27110
"(0.8611111111111112, 0.9861111111111112)",5,97.73611111111131,27115
"(0.5416666666666666, 0.9861111111111112)",2,97.73611111111131,27117
"(0.7222222222222222, 0.9861111111111112)",3,97.73611111111131,27120
"(0.8194444444444444, 0.9861111111111112)",4,97.73611111111131,27124
"(0.8888888888888888, 0.9861111111111112)",4,97.73611111111131,27128
"(0.7777777777777778, 0.9861111111111112)",1,97.73611111111131,27129
"(0.75, 0.9861111111111112)",2,97.73611111111131,27131
"(0.5972222222222222, 0.9861111111111112)",1,97.73611111111131,27132
"(0.5555555555555556, 0.9861111111111112)",1,97.73611111111131,27133
"(0.9722222222222222, 0.9861111111111112)",1,97.73611111111131,27134
"(0.6944444444444444, 0.9861111111111112)",4,97.73611111111131,27138
"(0.875, 0.9861111111111112)",2,97.73611111111131,27140
"(0.8055555555555556, 0.9861111111111112)",4,97.73611111111131,27144
"(0.7916666666666666, 0.9861111111111112)",1,97.73611111111131,27145
"(0.8333333333333334, 0.9861111111111112)",3,97.73611111111131,27148
"(0.9027777777777778, 0.9861111111111112)",4,97.73611111111131,27152
"(0.5277777777777778, 0.9861111111111112)",1,97.73611111111131,27153
"(0.625, 0.9861111111111112)",2,97.7361111111113,27155
"(0.8888888888888888, 0.9861111111111112)",2,97.7361111111113,27157
"(0.9305555555555556, 0.9861111111111112)",1,97.7361111111113,27158
"(0.7222222222222222, 0.9861111111111112)",2,97.7361111111113,27160
"(0.9027777777777778, 0.9861111111111112)",1,97.7361111111113,27161
"(0.8611111111111112, 0.9861111111111112)",1,97.7361111111113,27162
"(0.6944444444444444, 0.9861111111111112)",1,97.7361111111113,27163
"(0.8888888888888888, 1.0)",1,97.73611111111111,27164
"(0.7361111111111112, 1.0)",1,97.73611111111111,27165
"(0.9305555555555556, 1.0)",2,97.73611111111111,27167
"(0.7916666666666666, 1.0)",1,97.73611111111111,27168
"(0.9444444444444444, 1.0)",1,97.73611111111111,27169
"(0.8194444444444444, 1.0)",2,97.73611111111111,27171
"(0.4174242424242424, 0.9992424242424244)",1,97.73560606060612,27172
"(0.2579545454545454, 1.0)",1,97.73560606060607,27173
"(0.4571969696969697, 1.0)",3,97.7348484848485,27176
"(0.3583333333333333, 1.0)",3,97.73484848484848,27179
"(0.5689189189189189, 0.9824324324324324)",1,97.73378378378378,27180
"(0.4825, 0.995)",1,97.7337500000001,27181
"(0.5192567567567568, 0.9861486486486486)",1,97.73344594594586,27182
"(0.9458333333333332, 0.9791666666666666)",1,97.73333333333348,27183
"(0.8541666666666666, 0.9791666666666666)",1,97.73333333333346,27184
"(0.95, 0.9833333333333332)",3,97.7333333333334,27187
"(0.8666666666666667, 0.9833333333333332)",1,97.7333333333334,27188
"(0.7166666666666667, 0.9833333333333332)",1,97.7333333333334,27189
"(0.8166666666666667, 0.9833333333333332)",1,97.7333333333334,27190
"(0.8833333333333333, 0.9833333333333332)",2,97.7333333333334,27192
"(0.9, 0.9833333333333332)",2,97.7333333333334,27194
"(0.9333333333333332, 0.9833333333333332)",5,97.7333333333334,27199
"(1.0, 0.9833333333333332)",1,97.7333333333334,27200
"(0.9166666666666666, 0.9833333333333332)",1,97.7333333333334,27201
"(0.85, 1.0)",2,97.73333333333332,27203
"(0.7166666666666667, 1.0)",1,97.73333333333332,27204
"(0.9666666666666668, 1.0)",1,97.73333333333332,27205
"(0.7666666666666667, 1.0)",1,97.73333333333332,27206
"(0.9, 0.9875)",1,97.7333333333332,27207
"(0.9291666666666668, 0.9875)",1,97.73333333333316,27208
"(0.9125, 0.975)",1,97.73333333333314,27209
"(0.9166666666666666, 0.975)",1,97.73333333333314,27210
"(0.8255813953488372, 0.9883720930232558)",2,97.73255813953504,27212
"(0.8372093023255814, 1.0)",1,97.73255813953487,27213
"(0.6929824561403509, 0.9912280701754386)",1,97.73245614035086,27214
"(0.8859649122807017, 0.9912280701754386)",1,97.73245614035083,27215
"(0.228030303030303, 1.0)",1,97.7318181818182,27216
"(0.6233108108108109, 0.9841216216216216)",1,97.73108108108104,27217
"(0.8717948717948718, 1.0)",1,97.73076923076924,27218
"(0.4615384615384615, 1.0)",2,97.73076923076924,27220
"(0.9625, 0.9958333333333332)",1,97.7291666666668,27221
"(0.9291666666666668, 0.9791666666666666)",1,97.72916666666676,27222
"(0.95, 0.9958333333333332)",1,97.72916666666676,27223
"(0.9, 0.9791666666666666)",1,97.72916666666676,27224
"(0.9875, 0.9958333333333332)",1,97.72916666666676,27225
"(0.9041666666666668, 0.9833333333333332)",1,97.72916666666671,27226
"(0.9375, 0.9833333333333332)",1,97.7291666666667,27227
"(0.9833333333333332, 1.0)",1,97.72916666666666,27228
"(0.9333333333333332, 0.9875)",1,97.72916666666654,27229
"(0.9166666666666666, 0.975)",1,97.7291666666665,27230
"(0.8666666666666667, 0.975)",1,97.7291666666665,27231
"(0.2564393939393939, 1.0)",3,97.72878787878788,27234
"(0.6575, 0.98875)",1,97.72874999999996,27235
"(0.9078947368421052, 0.9912280701754386)",1,97.72807017543856,27236
"(0.4579545454545454, 1.0)",3,97.72727272727272,27239
"(0.3814393939393939, 1.0)",3,97.72651515151514,27242
"(0.9083333333333332, 0.9791666666666666)",1,97.72500000000016,27243
"(0.9208333333333332, 0.9791666666666666)",1,97.72500000000016,27244
"(0.9291666666666668, 0.9791666666666666)",1,97.72500000000016,27245
"(0.9625, 0.9958333333333332)",1,97.7250000000001,27246
"(0.9833333333333332, 0.9958333333333332)",1,97.72500000000008,27247
"(0.4356060606060606, 0.999621212121212)",1,97.72500000000004,27248
"(0.9166666666666666, 0.9833333333333332)",1,97.72500000000004,27249
"(0.8916666666666667, 0.9875)",2,97.72499999999988,27251
"(0.8958333333333334, 0.9875)",1,97.72499999999984,27252
"(0.7105263157894737, 0.9912280701754386)",1,97.7236842105263,27253
"(0.7675438596491229, 0.9912280701754386)",2,97.7236842105263,27255
"(0.8552631578947368, 0.9912280701754386)",1,97.72368421052629,27256
"(0.5074324324324324, 0.9827702702702704)",1,97.72364864864858,27257
"(0.343560606060606, 0.999621212121212)",1,97.72348484848489,27258
"(0.431060606060606, 1.0)",3,97.72310606060609,27261
"(0.485, 0.99625)",1,97.72250000000018,27262
"(0.4925, 0.9875)",1,97.72250000000004,27263
"(0.8333333333333334, 0.9861111111111112)",3,97.72222222222244,27266
"(0.7638888888888888, 0.9861111111111112)",2,97.72222222222244,27268
"(0.6944444444444444, 0.9861111111111112)",1,97.72222222222244,27269
"(0.8888888888888888, 0.9861111111111112)",1,97.72222222222244,27270
"(0.9027777777777778, 0.9861111111111112)",2,97.72222222222244,27272
"(0.8055555555555556, 0.9861111111111112)",3,97.7222222222224,27275
"(0.625, 0.9861111111111112)",3,97.7222222222224,27278
"(0.8472222222222222, 0.9861111111111112)",3,97.7222222222224,27281
"(0.7777777777777778, 0.9861111111111112)",3,97.7222222222224,27284
"(0.8888888888888888, 0.9861111111111112)",2,97.7222222222224,27286
"(0.7916666666666666, 0.9861111111111112)",2,97.7222222222224,27288
"(0.8611111111111112, 0.9861111111111112)",3,97.7222222222224,27291
"(0.8333333333333334, 0.9861111111111112)",2,97.7222222222224,27293
"(0.7222222222222222, 0.9861111111111112)",1,97.7222222222224,27294
"(0.7083333333333334, 0.9861111111111112)",2,97.7222222222224,27296
"(0.75, 0.9861111111111112)",1,97.7222222222224,27297
"(0.9305555555555556, 0.9861111111111112)",1,97.7222222222224,27298
"(0.5972222222222222, 0.9861111111111112)",1,97.7222222222224,27299
"(0.8194444444444444, 0.9861111111111112)",5,97.7222222222224,27304
"(0.5555555555555556, 0.9861111111111112)",1,97.7222222222224,27305
"(0.6944444444444444, 0.9861111111111112)",1,97.7222222222224,27306
"(0.7083333333333334, 1.0)",1,97.72222222222224,27307
"(0.9305555555555556, 1.0)",1,97.72222222222224,27308
"(0.8611111111111112, 1.0)",1,97.72222222222224,27309
"(0.7638888888888888, 1.0)",1,97.72222222222224,27310
"(0.8333333333333334, 1.0)",1,97.72222222222224,27311
"(0.875, 1.0)",1,97.72222222222224,27312
"(0.9444444444444444, 1.0)",1,97.72222222222224,27313
"(0.8194444444444444, 1.0)",1,97.7222222222222,27314
"(0.3223484848484848, 0.9992424242424244)",3,97.72196969696972,27317
"(0.50625, 0.9975)",1,97.72125000000013,27318
"(0.4178030303030303, 1.0)",3,97.72121212121212,27321
"(0.627906976744186, 0.9883720930232558)",1,97.7209302325583,27322
"(0.3372093023255814, 0.9883720930232558)",1,97.7209302325583,27323
"(0.627906976744186, 1.0)",1,97.72093023255812,27324
"(0.9666666666666668, 0.9791666666666666)",1,97.72083333333346,27325
"(0.8625, 0.9791666666666666)",1,97.72083333333345,27326
"(0.9791666666666666, 0.9958333333333332)",1,97.7208333333334,27327
"(0.3159090909090909, 0.9973484848484848)",1,97.72083333333336,27328
"(0.4291666666666666, 1.0)",1,97.72083333333336,27329
"(0.9208333333333332, 0.9833333333333332)",1,97.72083333333336,27330
"(0.8958333333333334, 0.975)",1,97.72083333333316,27331
"(0.3678030303030303, 0.999621212121212)",3,97.72045454545454,27334
"(0.5175, 0.99625)",1,97.7200000000002,27335
"(0.7763157894736842, 0.9912280701754386)",2,97.719298245614,27337
"(0.9078947368421052, 0.9912280701754386)",1,97.719298245614,27338
"(0.4462121212121212, 0.996969696969697)",1,97.71818181818186,27339
"(0.6666666666666666, 1.0)",1,97.71794871794872,27340
"(0.3974358974358974, 1.0)",1,97.71794871794872,27341
"(0.4268939393939394, 0.999621212121212)",1,97.71780303030305,27342
"(0.4178030303030303, 0.9992424242424244)",1,97.71704545454546,27343
"(0.9833333333333332, 0.9958333333333332)",1,97.71666666666675,27344
"(0.9333333333333332, 0.9833333333333332)",1,97.71666666666674,27345
"(0.8666666666666667, 0.9833333333333332)",1,97.71666666666674,27346
"(0.9666666666666668, 0.9833333333333332)",2,97.71666666666674,27348
"(0.9166666666666666, 0.9833333333333332)",3,97.71666666666674,27351
"(0.95, 0.9833333333333332)",3,97.71666666666674,27354
"(0.9208333333333332, 0.9833333333333332)",2,97.71666666666668,27356
"(0.9166666666666666, 1.0)",1,97.71666666666668,27357
"(1.0, 1.0)",1,97.71666666666668,27358
"(0.9333333333333332, 1.0)",1,97.71666666666668,27359
"(0.9125, 0.9833333333333332)",1,97.71666666666668,27360
"(0.95, 1.0)",1,97.71666666666668,27361
"(0.85, 1.0)",3,97.71666666666668,27364
"(0.4109848484848485, 1.0)",3,97.71666666666668,27367
"(0.9833333333333332, 1.0)",1,97.7166666666666,27368
"(0.8958333333333334, 0.9875)",1,97.71666666666653,27369
"(0.2352272727272727, 0.999621212121212)",3,97.71628787878788,27372
"(0.2977272727272727, 1.0)",3,97.71628787878788,27375
"(0.3159090909090909, 1.0)",3,97.71628787878788,27378
"(0.59875, 0.995)",1,97.71499999999996,27379
"(0.7719298245614035, 0.9912280701754386)",3,97.71491228070174,27382
"(0.7763157894736842, 0.9912280701754386)",1,97.71491228070174,27383
"(0.3579545454545454, 1.0)",2,97.71363636363635,27385
"(0.5344594594594595, 0.983108108108108)",1,97.71351351351348,27386
"(0.925, 0.9791666666666666)",1,97.71250000000016,27387
"(0.9208333333333332, 0.9791666666666666)",1,97.71250000000012,27388
"(0.9666666666666668, 0.9791666666666666)",1,97.71250000000012,27389
"(0.9041666666666668, 0.9833333333333332)",1,97.71250000000003,27390
"(0.9208333333333332, 0.9833333333333332)",1,97.7125,27391
"(0.2553030303030303, 1.0)",3,97.7125,27394
"(0.925, 0.9833333333333332)",1,97.7125,27395
"(0.3393939393939394, 0.999621212121212)",1,97.71174242424244,27396
"(0.2803030303030303, 1.0)",3,97.71136363636364,27399
"(0.8552631578947368, 0.9912280701754386)",1,97.71052631578944,27400
"(0.7719298245614035, 0.9912280701754386)",1,97.71052631578944,27401
"(0.2454545454545454, 0.999621212121212)",1,97.7098484848485,27402
"(0.4883720930232558, 0.9883720930232558)",1,97.70930232558156,27403
"(0.9651162790697676, 0.9767441860465116)",2,97.70930232558148,27405
"(0.9302325581395348, 0.9767441860465116)",1,97.70930232558148,27406
"(0.4925, 0.9925)",1,97.70875000000018,27407
"(0.8194444444444444, 0.9861111111111112)",2,97.70833333333354,27409
"(0.8333333333333334, 0.9861111111111112)",1,97.70833333333354,27410
"(0.7361111111111112, 0.9861111111111112)",1,97.70833333333354,27411
"(0.8611111111111112, 0.9861111111111112)",1,97.70833333333354,27412
"(0.5416666666666666, 0.9861111111111112)",1,97.70833333333351,27413
"(0.9027777777777778, 0.9861111111111112)",3,97.70833333333351,27416
"(0.7916666666666666, 0.9861111111111112)",1,97.70833333333351,27417
"(0.6388888888888888, 0.9861111111111112)",1,97.70833333333351,27418
"(0.8194444444444444, 0.9861111111111112)",4,97.70833333333351,27422
"(0.6944444444444444, 0.9861111111111112)",2,97.70833333333351,27424
"(0.6666666666666666, 0.9861111111111112)",1,97.70833333333351,27425
"(0.7638888888888888, 0.9861111111111112)",2,97.70833333333351,27427
"(0.6805555555555556, 0.9861111111111112)",2,97.70833333333351,27429
"(0.875, 0.9861111111111112)",6,97.70833333333351,27435
"(0.5277777777777778, 0.9861111111111112)",2,97.70833333333351,27437
"(0.8055555555555556, 0.9861111111111112)",3,97.70833333333351,27440
"(0.9305555555555556, 0.9861111111111112)",4,97.70833333333351,27444
"(0.7777777777777778, 0.9861111111111112)",3,97.70833333333351,27447
"(0.7083333333333334, 0.9861111111111112)",1,97.70833333333351,27448
"(0.5555555555555556, 0.9861111111111112)",2,97.70833333333351,27450
"(0.8472222222222222, 0.9861111111111112)",4,97.70833333333351,27454
"(0.5972222222222222, 0.9861111111111112)",1,97.70833333333351,27455
"(0.8611111111111112, 0.9861111111111112)",6,97.70833333333351,27461
"(0.925, 0.9833333333333332)",1,97.70833333333336,27462
"(0.9083333333333332, 0.9833333333333332)",1,97.70833333333336,27463
"(0.9208333333333332, 0.9833333333333332)",1,97.70833333333334,27464
"(0.9444444444444444, 1.0)",1,97.70833333333334,27465
"(0.8958333333333334, 0.9833333333333332)",1,97.70833333333334,27466
"(0.875, 1.0)",1,97.70833333333334,27467
"(0.3579545454545454, 0.999621212121212)",1,97.70833333333334,27468
"(0.7222222222222222, 1.0)",1,97.70833333333334,27469
"(0.7083333333333334, 1.0)",1,97.70833333333331,27470
"(0.9444444444444444, 1.0)",1,97.70833333333331,27471
"(0.9583333333333334, 1.0)",2,97.70833333333331,27473
"(0.9027777777777778, 1.0)",1,97.70833333333331,27474
"(0.7777777777777778, 1.0)",1,97.70833333333331,27475
"(0.8472222222222222, 1.0)",1,97.70833333333331,27476
"(0.9305555555555556, 1.0)",1,97.70833333333331,27477
"(0.7638888888888888, 1.0)",1,97.70833333333331,27478
"(0.9083333333333332, 0.975)",1,97.7083333333331,27479
"(0.8810810810810811, 0.9773648648648648)",1,97.70709459459458,27480
"(0.228030303030303, 0.999621212121212)",1,97.7068181818182,27481
"(0.925438596491228, 0.9912280701754386)",2,97.70614035087718,27483
"(0.484469696969697, 0.999621212121212)",3,97.70530303030304,27486
"(0.6794871794871795, 1.0)",2,97.7051282051282,27488
"(0.3974358974358974, 1.0)",1,97.7051282051282,27489
"(0.3875, 1.0)",3,97.70454545454544,27492
"(0.8458333333333333, 0.9791666666666666)",1,97.70416666666678,27493
"(0.9583333333333334, 0.9958333333333332)",2,97.70416666666677,27495
"(0.8791666666666667, 0.9958333333333332)",1,97.70416666666677,27496
"(0.9541666666666668, 0.9833333333333332)",1,97.70416666666672,27497
"(0.9125, 0.9833333333333332)",1,97.70416666666672,27498
"(0.9, 0.9833333333333332)",1,97.70416666666672,27499
"(0.2579545454545454, 0.999621212121212)",1,97.70416666666668,27500
"(0.3996212121212121, 1.0)",3,97.70416666666668,27503
"(0.925, 0.9833333333333332)",1,97.70416666666668,27504
"(0.9208333333333332, 0.9875)",1,97.70416666666652,27505
"(0.4132575757575757, 1.0)",3,97.70378787878786,27508
"(0.5074324324324324, 0.9827702702702704)",1,97.7013513513513,27509
"(0.56125, 0.995)",1,97.70125000000012,27510
"(0.49375, 0.99625)",1,97.70125000000006,27511
"(0.95, 0.9791666666666666)",1,97.70000000000016,27512
"(0.8875, 0.9791666666666666)",1,97.70000000000012,27513
"(0.75, 0.9833333333333332)",1,97.70000000000007,27514
"(0.8666666666666667, 0.9833333333333332)",1,97.70000000000007,27515
"(0.9166666666666666, 0.9833333333333332)",1,97.70000000000007,27516
"(0.9875, 0.9958333333333332)",1,97.70000000000007,27517
"(0.95, 0.9833333333333332)",2,97.70000000000007,27519
"(0.9041666666666668, 0.9958333333333332)",1,97.70000000000007,27520
"(0.9791666666666666, 0.9833333333333332)",1,97.70000000000005,27521
"(0.9333333333333332, 0.9833333333333332)",1,97.70000000000005,27522
"(0.9583333333333334, 0.9958333333333332)",1,97.70000000000005,27523
"(0.9666666666666668, 0.9958333333333332)",1,97.70000000000005,27524
"(0.8958333333333334, 0.9833333333333332)",2,97.70000000000002,27526
"(0.85, 1.0)",2,97.7,27528
"(0.8, 1.0)",1,97.7,27529
"(0.8875, 0.9833333333333332)",1,97.7,27530
"(0.8333333333333334, 1.0)",1,97.7,27531
"(0.8833333333333333, 1.0)",1,97.7,27532
"(0.9, 1.0)",1,97.7,27533
"(0.9833333333333332, 1.0)",1,97.7,27534
"(0.9166666666666666, 1.0)",1,97.7,27535
"(0.8666666666666667, 1.0)",1,97.7,27536
"(0.9958333333333332, 1.0)",1,97.69999999999992,27537
"(0.975, 1.0)",1,97.69999999999992,27538
"(0.925, 0.975)",1,97.69999999999982,27539
"(0.8958333333333334, 0.975)",1,97.6999999999998,27540
"(0.4340909090909091, 0.9992424242424244)",1,97.69886363636364,27541
"(0.7674418604651163, 0.9883720930232558)",1,97.69767441860482,27542
"(0.9186046511627908, 0.9883720930232558)",1,97.69767441860482,27543
"(0.8255813953488372, 0.9883720930232558)",1,97.6976744186048,27544
"(0.4556818181818182, 0.999621212121212)",1,97.69659090909096,27545
"(0.9327702702702704, 0.9783783783783784)",1,97.69628378378384,27546
"(0.5525, 0.9925)",1,97.69624999999996,27547
"(0.8958333333333334, 0.9791666666666666)",2,97.69583333333348,27549
"(0.9875, 0.9958333333333332)",1,97.69583333333344,27550
"(0.95, 0.9958333333333332)",2,97.69583333333338,27552
"(0.3284090909090909, 1.0)",1,97.69545454545457,27553
"(0.456060606060606, 1.0)",1,97.69507575757576,27554
"(0.4725, 0.985)",1,97.69499999999996,27555
"(0.5416666666666666, 0.9861111111111112)",1,97.69444444444464,27556
"(0.8055555555555556, 0.9861111111111112)",5,97.69444444444464,27561
"(0.7222222222222222, 0.9861111111111112)",1,97.69444444444464,27562
"(0.7638888888888888, 0.9861111111111112)",2,97.69444444444464,27564
"(0.8333333333333334, 0.9861111111111112)",2,97.69444444444464,27566
"(0.7777777777777778, 0.9861111111111112)",1,97.69444444444464,27567
"(0.6944444444444444, 0.9861111111111112)",2,97.69444444444464,27569
"(0.5277777777777778, 0.9861111111111112)",2,97.69444444444464,27571
"(0.8888888888888888, 0.9861111111111112)",7,97.69444444444464,27578
"(0.9166666666666666, 0.9861111111111112)",2,97.69444444444464,27580
"(0.875, 0.9861111111111112)",1,97.69444444444464,27581
"(0.7916666666666666, 0.9861111111111112)",3,97.69444444444464,27584
"(0.625, 0.9861111111111112)",1,97.69444444444464,27585
"(0.8194444444444444, 0.9861111111111112)",6,97.69444444444464,27591
"(0.9305555555555556, 0.9861111111111112)",2,97.69444444444464,27593
"(0.5555555555555556, 0.9861111111111112)",1,97.69444444444464,27594
"(0.8611111111111112, 0.9861111111111112)",4,97.69444444444464,27598
"(0.7361111111111112, 1.0)",1,97.69444444444444,27599
"(0.625, 1.0)",1,97.69444444444444,27600
"(0.75, 1.0)",1,97.69444444444444,27601
"(0.9583333333333334, 1.0)",1,97.69444444444444,27602
"(0.9027777777777778, 1.0)",1,97.69444444444444,27603
"(0.8888888888888888, 1.0)",1,97.69444444444444,27604
"(0.7777777777777778, 1.0)",1,97.69444444444444,27605
"(0.9305555555555556, 1.0)",2,97.69444444444444,27607
"(0.7638888888888888, 1.0)",1,97.69444444444444,27608
"(0.7083333333333334, 1.0)",1,97.69444444444444,27609
"(0.431060606060606, 0.9992424242424244)",1,97.6943181818182,27610
"(0.5512820512820513, 1.0)",1,97.6923076923077,27611
"(0.3560606060606061, 1.0)",3,97.69204545454546,27614
"(0.9916666666666668, 0.9958333333333332)",1,97.69166666666678,27615
"(0.9958333333333332, 0.9958333333333332)",1,97.69166666666676,27616
"(0.9, 0.9958333333333332)",1,97.69166666666676,27617
"(0.9708333333333332, 0.9958333333333332)",1,97.69166666666672,27618
"(0.4204545454545454, 1.0)",3,97.69166666666668,27621
"(0.8125, 0.975)",1,97.69166666666644,27622
"(0.51, 0.99875)",1,97.69000000000013,27623
"(0.2477272727272727, 1.0)",3,97.68901515151516,27626
"(0.3321969696969697, 1.0)",3,97.68901515151516,27629
"(0.296969696969697, 1.0)",3,97.68901515151516,27632
"(0.9625, 0.9958333333333332)",1,97.68750000000011,27633
"(0.95, 0.9958333333333332)",1,97.6875000000001,27634
"(0.975, 0.9958333333333332)",1,97.68750000000009,27635
"(0.975, 0.9958333333333332)",1,97.68750000000006,27636
"(0.9958333333333332, 0.9958333333333332)",2,97.68750000000006,27638
"(0.8780405405405406, 0.981081081081081)",1,97.68750000000006,27639
"(0.9791666666666666, 0.9958333333333332)",1,97.68750000000004,27640
"(0.9583333333333334, 0.9833333333333332)",1,97.68750000000004,27641
"(0.95, 1.0)",1,97.68749999999996,27642
"(0.8666666666666667, 0.9875)",1,97.68749999999991,27643
"(0.975, 1.0)",1,97.68749999999991,27644
"(0.8125, 0.975)",1,97.68749999999984,27645
"(0.4602272727272727, 1.0)",1,97.68636363636364,27646
"(0.9302325581395348, 0.9767441860465116)",1,97.686046511628,27647
"(0.5736486486486486, 0.983445945945946)",1,97.68513513513513,27648
"(0.4925, 0.99625)",1,97.68500000000012,27649
"(0.228030303030303, 0.999621212121212)",1,97.6844696969697,27650
"(0.7719298245614035, 0.9912280701754386)",2,97.68421052631577,27652
"(0.4825757575757576, 0.9981060606060606)",1,97.68371212121215,27653
"(0.228030303030303, 1.0)",3,97.68371212121212,27656
"(0.8958333333333334, 0.9791666666666666)",1,97.68333333333352,27657
"(0.9208333333333332, 0.9791666666666666)",1,97.6833333333335,27658
"(0.8833333333333333, 0.9833333333333332)",1,97.6833333333334,27659
"(0.95, 0.9833333333333332)",1,97.6833333333334,27660
"(0.9958333333333332, 0.9958333333333332)",1,97.6833333333334,27661
"(0.975, 0.9958333333333332)",1,97.6833333333334,27662
"(0.95, 0.9833333333333332)",2,97.6833333333334,27664
"(0.9166666666666666, 0.9833333333333332)",1,97.6833333333334,27665
"(0.8166666666666667, 0.9833333333333332)",1,97.6833333333334,27666
"(0.8333333333333334, 0.9833333333333332)",1,97.6833333333334,27667
"(0.8666666666666667, 0.9833333333333332)",1,97.6833333333334,27668
"(0.9666666666666668, 0.9833333333333332)",2,97.6833333333334,27670
"(0.9833333333333332, 0.9958333333333332)",1,97.6833333333334,27671
"(0.9541666666666668, 0.9833333333333332)",1,97.68333333333338,27672
"(0.9166666666666666, 0.9833333333333332)",1,97.68333333333338,27673
"(0.8333333333333334, 1.0)",1,97.68333333333334,27674
"(0.85, 1.0)",2,97.68333333333334,27676
"(0.9666666666666668, 1.0)",1,97.68333333333334,27677
"(0.9833333333333332, 1.0)",1,97.68333333333334,27678
"(0.7666666666666667, 1.0)",1,97.68333333333334,27679
"(0.9833333333333332, 1.0)",1,97.68333333333328,27680
"(0.8666666666666667, 0.9875)",2,97.6833333333332,27682
"(0.8833333333333333, 0.9875)",1,97.68333333333317,27683
"(0.8702702702702703, 0.979054054054054)",1,97.68277027027034,27684
"(0.577027027027027, 0.9837837837837838)",1,97.68243243243242,27685
"(0.5890151515151515, 0.9965909090909092)",1,97.6814393939395,27686
"(0.456060606060606, 1.0)",3,97.6810606060606,27689
"(0.8043918918918919, 0.9800675675675676)",1,97.68074324324331,27690
"(0.8888888888888888, 0.9861111111111112)",2,97.68055555555576,27692
"(0.7916666666666666, 0.9861111111111112)",1,97.68055555555576,27693
"(0.6666666666666666, 0.9861111111111112)",1,97.68055555555576,27694
"(0.9444444444444444, 0.9861111111111112)",3,97.68055555555576,27697
"(0.7777777777777778, 0.9861111111111112)",1,97.68055555555576,27698
"(0.75, 0.9861111111111112)",2,97.68055555555576,27700
"(0.9166666666666666, 0.9861111111111112)",4,97.68055555555576,27704
"(0.7638888888888888, 0.9861111111111112)",3,97.68055555555576,27707
"(0.5277777777777778, 0.9861111111111112)",1,97.68055555555576,27708
"(0.875, 0.9861111111111112)",1,97.68055555555576,27709
"(0.8194444444444444, 0.9861111111111112)",2,97.68055555555576,27711
"(0.6805555555555556, 0.9861111111111112)",1,97.68055555555576,27712
"(0.9305555555555556, 0.9861111111111112)",1,97.68055555555576,27713
"(0.8611111111111112, 0.9861111111111112)",1,97.68055555555576,27714
"(0.5555555555555556, 0.9861111111111112)",1,97.68055555555576,27715
"(0.8472222222222222, 0.9861111111111112)",1,97.68055555555576,27716
"(0.8333333333333334, 0.9861111111111112)",6,97.68055555555576,27722
"(0.7361111111111112, 0.9861111111111112)",1,97.68055555555576,27723
"(0.5416666666666666, 0.9861111111111112)",1,97.68055555555576,27724
"(0.9027777777777778, 0.9861111111111112)",5,97.68055555555576,27729
"(0.6944444444444444, 0.9861111111111112)",1,97.68055555555576,27730
"(0.8055555555555556, 0.9861111111111112)",5,97.68055555555576,27735
"(0.875, 1.0)",2,97.68055555555556,27737
"(0.9305555555555556, 1.0)",3,97.68055555555556,27740
"(0.9583333333333334, 1.0)",1,97.68055555555556,27741
"(0.7361111111111112, 1.0)",1,97.68055555555556,27742
"(0.5972222222222222, 1.0)",1,97.68055555555556,27743
"(0.8333333333333334, 1.0)",1,97.68055555555556,27744
"(0.50875, 0.9975)",1,97.68000000000008,27745
"(0.4871794871794871, 1.0)",1,97.67948717948718,27746
"(0.8458333333333333, 0.9791666666666666)",1,97.67916666666684,27747
"(0.9791666666666666, 0.9958333333333332)",1,97.67916666666672,27748
"(0.9708333333333332, 0.9958333333333332)",1,97.67916666666672,27749
"(0.9083333333333332, 0.9958333333333332)",1,97.67916666666672,27750
"(0.8791666666666667, 0.9833333333333332)",1,97.67916666666672,27751
"(0.9833333333333332, 1.0)",1,97.67916666666662,27752
"(0.4291666666666666, 1.0)",1,97.67878787878794,27753
"(0.3814393939393939, 1.0)",1,97.67727272727274,27754
"(0.4378787878787878, 0.9992424242424244)",3,97.67689393939396,27757
"(0.2393939393939393, 1.0)",3,97.67689393939396,27760
"(0.443560606060606, 1.0)",3,97.67651515151516,27763
"(0.5516891891891892, 0.9837837837837838)",1,97.67635135135129,27764
"(0.8859649122807017, 0.9912280701754386)",2,97.6754385964912,27766
"(0.7105263157894737, 0.9912280701754386)",1,97.6754385964912,27767
"(0.7675438596491229, 0.9912280701754386)",3,97.6754385964912,27770
"(0.8043918918918919, 0.9807432432432432)",1,97.67533783783786,27771
"(0.925, 0.9791666666666666)",1,97.67500000000015,27772
"(0.9791666666666666, 0.9958333333333332)",1,97.67500000000008,27773
"(0.875, 0.9958333333333332)",1,97.67500000000008,27774
"(0.8666666666666667, 0.9958333333333332)",1,97.67500000000004,27775
"(0.8458333333333333, 0.9833333333333332)",1,97.67500000000004,27776
"(0.9791666666666666, 0.9833333333333332)",1,97.67500000000004,27777
"(0.9458333333333332, 0.9958333333333332)",1,97.67500000000004,27778
"(0.9791666666666666, 1.0)",1,97.67499999999995,27779
"(0.9166666666666666, 0.975)",2,97.6749999999998,27781
"(0.8953488372093024, 0.9883720930232558)",2,97.67441860465132,27783
"(0.8488372093023255, 0.9767441860465116)",1,97.67441860465128,27784
"(0.9534883720930232, 0.9767441860465116)",1,97.67441860465124,27785
"(0.4333333333333333, 0.9992424242424244)",1,97.67424242424244,27786
"(0.2208333333333333, 1.0)",3,97.67386363636363,27789
"(0.271969696969697, 1.0)",3,97.67386363636363,27792
"(0.4359848484848485, 0.999621212121212)",1,97.67348484848485,27793
"(0.4125, 0.9992424242424244)",3,97.6723484848485,27796
"(0.4268939393939394, 1.0)",3,97.67196969696973,27799
"(0.4174242424242424, 0.9988636363636364)",3,97.67159090909092,27802
"(0.6929824561403509, 0.9912280701754386)",1,97.67105263157892,27803
"(0.9833333333333332, 0.9958333333333332)",2,97.67083333333343,27805
"(0.9791666666666666, 0.9958333333333332)",1,97.67083333333343,27806
"(0.9625, 0.9958333333333332)",1,97.6708333333334,27807
"(0.9625, 0.9958333333333332)",1,97.67083333333338,27808
"(0.9791666666666666, 0.9958333333333332)",1,97.67083333333336,27809
"(0.8666666666666667, 0.9833333333333332)",1,97.67083333333336,27810
"(0.8958333333333334, 0.9875)",1,97.6708333333332,27811
"(0.9375, 0.9875)",2,97.6708333333332,27813
"(0.9458333333333332, 0.975)",1,97.6708333333331,27814
"(0.49875, 0.9975)",1,97.6700000000001,27815
"(0.50125, 0.99)",1,97.66749999999998,27816
"(0.2208333333333333, 0.9992424242424244)",1,97.66742424242426,27817
"(0.5356060606060606, 0.9992424242424244)",3,97.66742424242425,27820
"(0.6944444444444444, 0.9861111111111112)",2,97.66666666666688,27822
"(0.5972222222222222, 0.9861111111111112)",1,97.66666666666688,27823
"(0.8888888888888888, 0.9861111111111112)",2,97.66666666666688,27825
"(0.8472222222222222, 0.9861111111111112)",6,97.66666666666688,27831
"(0.8333333333333334, 0.9861111111111112)",3,97.66666666666688,27834
"(0.9166666666666666, 0.9861111111111112)",1,97.66666666666688,27835
"(0.9444444444444444, 0.9861111111111112)",1,97.66666666666688,27836
"(0.5, 0.9861111111111112)",1,97.66666666666688,27837
"(0.8611111111111112, 0.9861111111111112)",1,97.66666666666688,27838
"(0.8194444444444444, 0.9861111111111112)",1,97.66666666666688,27839
"(0.75, 0.9861111111111112)",2,97.66666666666688,27841
"(0.7777777777777778, 0.9861111111111112)",1,97.66666666666686,27842
"(0.9305555555555556, 0.9861111111111112)",1,97.66666666666686,27843
"(0.8888888888888888, 0.9861111111111112)",2,97.66666666666686,27845
"(0.875, 0.9861111111111112)",1,97.66666666666686,27846
"(0.9416666666666668, 0.9791666666666666)",2,97.66666666666676,27848
"(0.8166666666666667, 0.9833333333333332)",1,97.66666666666674,27849
"(0.95, 0.9833333333333332)",2,97.66666666666674,27851
"(0.9958333333333332, 0.9958333333333332)",1,97.66666666666671,27852
"(0.9, 0.9833333333333332)",1,97.66666666666671,27853
"(0.9166666666666666, 0.9833333333333332)",1,97.66666666666671,27854
"(0.9666666666666668, 0.9833333333333332)",3,97.66666666666671,27857
"(0.9333333333333332, 0.9833333333333332)",3,97.66666666666671,27860
"(0.9305555555555556, 1.0)",1,97.66666666666669,27861
"(0.7777777777777778, 1.0)",1,97.66666666666669,27862
"(0.95, 1.0)",1,97.66666666666669,27863
"(0.9541666666666668, 0.9833333333333332)",1,97.66666666666669,27864
"(0.7222222222222222, 1.0)",1,97.66666666666666,27865
"(0.9666666666666668, 1.0)",2,97.66666666666666,27867
"(0.7916666666666666, 1.0)",1,97.66666666666666,27868
"(0.8888888888888888, 1.0)",1,97.66666666666666,27869
"(0.9429824561403508, 0.9912280701754386)",1,97.66666666666666,27870
"(0.4487179487179487, 1.0)",1,97.66666666666666,27871
"(0.7361111111111112, 1.0)",1,97.66666666666666,27872
"(0.7777777777777778, 1.0)",1,97.66666666666666,27873
"(0.6929824561403509, 0.9912280701754386)",1,97.66666666666664,27874
"(0.975, 1.0)",1,97.6666666666666,27875
"(0.975, 1.0)",1,97.66666666666656,27876
"(0.925, 0.975)",2,97.6666666666665,27878
"(0.8666666666666667, 0.975)",1,97.66666666666649,27879
"(0.2856060606060606, 1.0)",3,97.66628787878788,27882
"(0.4378787878787878, 0.9981060606060606)",1,97.66590909090915,27883
"(0.4049242424242424, 1.0)",3,97.66553030303032,27886
"(0.3325757575757576, 0.9992424242424244)",3,97.66401515151516,27889
"(0.525, 1.0)",1,97.66401515151516,27890
"(0.5325757575757576, 1.0)",1,97.66401515151514,27891
"(0.61375, 0.98375)",1,97.6637499999999,27892
"(0.2356060606060606, 0.9973484848484848)",1,97.6628787878788,27893
"(0.7674418604651163, 0.9883720930232558)",1,97.66279069767458,27894
"(0.9302325581395348, 0.9767441860465116)",1,97.66279069767452,27895
"(0.50125, 0.9975)",1,97.66250000000014,27896
"(0.9125, 0.9791666666666666)",1,97.66250000000012,27897
"(0.9291666666666668, 0.9958333333333332)",1,97.66250000000008,27898
"(0.9041666666666668, 0.9833333333333332)",1,97.66250000000004,27899
"(0.9125, 0.9833333333333332)",1,97.66250000000002,27900
"(0.9625, 0.9958333333333332)",1,97.66250000000002,27901
"(0.9, 0.9833333333333332)",1,97.66250000000002,27902
"(0.8791666666666667, 0.9833333333333332)",1,97.6625,27903
"(0.2893939393939393, 1.0)",1,97.6625,27904
"(0.9541666666666668, 0.975)",1,97.6624999999998,27905
"(0.8791666666666667, 0.975)",1,97.6624999999998,27906
"(0.7719298245614035, 0.9912280701754386)",1,97.66228070175436,27907
"(0.7763157894736842, 0.9912280701754386)",1,97.66228070175436,27908
"(0.6929824561403509, 0.9912280701754386)",1,97.66228070175436,27909
"(0.4925, 0.99875)",1,97.66000000000004,27910
"(0.95, 0.9791666666666666)",1,97.65833333333347,27911
"(0.9291666666666668, 0.9833333333333332)",1,97.65833333333336,27912
"(0.9833333333333332, 0.9958333333333332)",1,97.65833333333336,27913
"(0.9958333333333332, 0.9958333333333332)",1,97.65833333333336,27914
"(0.925, 0.9833333333333332)",1,97.65833333333336,27915
"(0.8875, 0.975)",1,97.65833333333312,27916
"(0.9429824561403508, 0.9912280701754386)",1,97.6578947368421,27917
"(0.5523648648648649, 0.983108108108108)",1,97.65777027027028,27918
"(0.5155405405405405, 0.983108108108108)",1,97.6570945945946,27919
"(0.2352272727272727, 1.0)",3,97.6564393939394,27922
"(0.51875, 0.99875)",1,97.65625000000009,27923
"(0.3102272727272727, 1.0)",3,97.65606060606062,27926
"(0.9541666666666668, 0.9791666666666666)",1,97.65416666666684,27927
"(0.95, 0.9958333333333332)",1,97.65416666666675,27928
"(0.9333333333333332, 0.9958333333333332)",1,97.65416666666675,27929
"(0.9666666666666668, 0.9958333333333332)",1,97.65416666666673,27930
"(0.9791666666666666, 0.9958333333333332)",1,97.65416666666673,27931
"(1.0, 0.9958333333333332)",1,97.65416666666673,27932
"(0.9708333333333332, 0.9958333333333332)",1,97.65416666666673,27933
"(0.2522727272727272, 1.0)",2,97.65416666666668,27935
"(0.9083333333333332, 0.9833333333333332)",1,97.65416666666668,27936
"(0.9416666666666668, 0.9833333333333332)",1,97.65416666666668,27937
"(0.9333333333333332, 0.9833333333333332)",1,97.65416666666664,27938
"(0.8625, 0.975)",1,97.65416666666648,27939
"(0.7307692307692307, 0.9871794871794872)",1,97.6538461538463,27940
"(0.782051282051282, 1.0)",1,97.65384615384616,27941
"(0.3318181818181818, 1.0)",3,97.65378787878788,27944
"(0.296969696969697, 0.9992424242424244)",1,97.65303030303032,27945
"(0.8194444444444444, 0.9861111111111112)",1,97.65277777777798,27946
"(0.6388888888888888, 0.9861111111111112)",2,97.65277777777798,27948
"(0.8333333333333334, 0.9861111111111112)",1,97.65277777777798,27949
"(0.5277777777777778, 0.9861111111111112)",1,97.65277777777796,27950
"(0.9027777777777778, 0.9861111111111112)",3,97.65277777777796,27953
"(0.5972222222222222, 0.9861111111111112)",1,97.65277777777796,27954
"(0.7638888888888888, 0.9861111111111112)",2,97.65277777777796,27956
"(0.8194444444444444, 0.9861111111111112)",2,97.65277777777796,27958
"(0.9444444444444444, 0.9861111111111112)",3,97.65277777777796,27961
"(0.7777777777777778, 0.9861111111111112)",3,97.65277777777796,27964
"(0.5, 0.9861111111111112)",1,97.65277777777796,27965
"(0.7916666666666666, 0.9861111111111112)",1,97.65277777777796,27966
"(0.6805555555555556, 0.9861111111111112)",1,97.65277777777796,27967
"(0.8888888888888888, 0.9861111111111112)",8,97.65277777777796,27975
"(0.8055555555555556, 0.9861111111111112)",3,97.65277777777796,27978
"(0.9166666666666666, 0.9861111111111112)",1,97.65277777777796,27979
"(0.5416666666666666, 0.9861111111111112)",1,97.65277777777796,27980
"(0.8333333333333334, 0.9861111111111112)",1,97.65277777777796,27981
"(0.6944444444444444, 0.9861111111111112)",1,97.65277777777796,27982
"(0.8472222222222222, 0.9861111111111112)",2,97.65277777777796,27984
"(0.7361111111111112, 1.0)",2,97.65277777777776,27986
"(0.8611111111111112, 1.0)",1,97.65277777777776,27987
"(0.8055555555555556, 1.0)",1,97.65277777777776,27988
"(0.7222222222222222, 1.0)",1,97.65277777777776,27989
"(0.4132575757575757, 0.999621212121212)",1,97.65265151515152,27990
"(0.4268939393939394, 1.0)",3,97.65227272727272,27993
"(0.4883720930232558, 0.9883720930232558)",1,97.65116279069784,27994
"(0.8255813953488372, 0.9767441860465116)",1,97.65116279069778,27995
"(0.9302325581395348, 0.9767441860465116)",1,97.65116279069778,27996
"(0.831081081081081, 0.979054054054054)",1,97.65067567567571,27997
"(0.9125, 0.9791666666666666)",1,97.6500000000002,27998
"(0.9833333333333332, 0.9958333333333332)",1,97.65000000000012,27999
"(0.9583333333333334, 0.9791666666666666)",1,97.65000000000012,28000
"(0.9833333333333332, 0.9958333333333332)",1,97.65000000000008,28001
"(0.7666666666666667, 0.9833333333333332)",1,97.65000000000008,28002
"(0.9, 0.9833333333333332)",2,97.65000000000006,28004
"(0.9666666666666668, 0.9833333333333332)",3,97.65000000000006,28007
"(0.95, 0.9833333333333332)",2,97.65000000000006,28009
"(0.9791666666666666, 0.9958333333333332)",1,97.65000000000006,28010
"(0.9333333333333332, 0.9833333333333332)",2,97.65000000000006,28012
"(0.8833333333333333, 1.0)",1,97.65,28013
"(0.209090909090909, 0.999621212121212)",1,97.65,28014
"(0.7666666666666667, 1.0)",1,97.65,28015
"(0.6625, 0.98625)",1,97.6499999999999,28016
"(0.7719298245614035, 0.9912280701754386)",1,97.64912280701752,28017
"(0.7675438596491229, 0.9912280701754386)",1,97.64912280701752,28018
"(0.9300675675675676, 0.9780405405405406)",1,97.64898648648652,28019
"(0.5075, 0.99625)",3,97.6462500000002,28022
"(0.875, 0.9791666666666666)",1,97.64583333333348,28023
"(0.9791666666666666, 0.9958333333333332)",1,97.6458333333334,28024
"(0.9833333333333332, 0.9958333333333332)",1,97.6458333333334,28025
"(0.9791666666666666, 0.9833333333333332)",1,97.6458333333334,28026
"(0.9083333333333332, 0.9875)",1,97.64583333333326,28027
"(0.9125, 0.9875)",1,97.64583333333324,28028
"(0.5402027027027027, 0.9817567567567568)",1,97.64560810810804,28029
"(0.50875, 0.9975)",1,97.64500000000008,28030
"(0.61, 0.99375)",1,97.64499999999995,28031
"(0.5570945945945946, 0.9827702702702704)",1,97.64493243243231,28032
"(0.8728070175438597, 0.9912280701754386)",1,97.64473684210525,28033
"(0.4079545454545454, 0.999621212121212)",1,97.64356060606066,28034
"(0.3393939393939394, 0.9988636363636364)",3,97.64280303030304,28037
"(0.48625, 0.995)",1,97.64250000000008,28038
"(0.5431818181818182, 0.999621212121212)",3,97.64242424242424,28041
"(0.9416666666666668, 0.9791666666666666)",1,97.6416666666668,28042
"(0.8458333333333333, 0.9791666666666666)",1,97.6416666666668,28043
"(0.8666666666666667, 0.9791666666666666)",1,97.64166666666678,28044
"(0.9916666666666668, 0.9958333333333332)",1,97.64166666666677,28045
"(0.9791666666666666, 0.9958333333333332)",1,97.64166666666677,28046
"(0.9958333333333332, 0.9958333333333332)",1,97.64166666666677,28047
"(0.9666666666666668, 0.9958333333333332)",1,97.64166666666674,28048
"(0.9833333333333332, 0.9958333333333332)",1,97.64166666666672,28049
"(0.9291666666666668, 0.9958333333333332)",1,97.64166666666672,28050
"(0.875, 0.9833333333333332)",1,97.6416666666667,28051
"(0.9583333333333334, 0.9833333333333332)",1,97.6416666666667,28052
"(0.9791666666666666, 0.9958333333333332)",1,97.6416666666667,28053
"(0.9916666666666668, 0.9958333333333332)",1,97.6416666666667,28054
"(0.9666666666666668, 0.9833333333333332)",1,97.64166666666668,28055
"(0.95, 0.9833333333333332)",1,97.64166666666668,28056
"(0.8833333333333333, 0.9875)",1,97.6416666666665,28057
"(0.7435897435897436, 1.0)",1,97.64102564102564,28058
"(0.7307692307692307, 1.0)",2,97.64102564102564,28060
"(0.6929824561403509, 0.9912280701754386)",1,97.64035087719296,28061
"(0.925438596491228, 0.9912280701754386)",1,97.64035087719294,28062
"(0.4571969696969697, 1.0)",3,97.64015151515152,28065
"(0.4925, 0.99625)",1,97.6400000000001,28066
"(0.60375, 0.9875)",1,97.63999999999996,28067
"(0.627906976744186, 0.9883720930232558)",1,97.6395348837211,28068
"(0.627906976744186, 0.9883720930232558)",1,97.63953488372108,28069
"(0.8255813953488372, 0.9883720930232558)",1,97.63953488372108,28070
"(0.9302325581395348, 0.9767441860465116)",1,97.63953488372104,28071
"(0.8604651162790697, 0.9767441860465116)",1,97.63953488372104,28072
"(0.8255813953488372, 0.9767441860465116)",1,97.63953488372104,28073
"(0.7912162162162162, 0.9777027027027028)",1,97.63918918918915,28074
"(0.7638888888888888, 0.9861111111111112)",1,97.63888888888908,28075
"(0.6805555555555556, 0.9861111111111112)",1,97.63888888888908,28076
"(0.8333333333333334, 0.9861111111111112)",1,97.63888888888908,28077
"(0.8055555555555556, 0.9861111111111112)",6,97.63888888888908,28083
"(0.9027777777777778, 0.9861111111111112)",3,97.63888888888908,28086
"(0.7777777777777778, 0.9861111111111112)",3,97.63888888888908,28089
"(0.8472222222222222, 0.9861111111111112)",4,97.63888888888908,28093
"(0.7916666666666666, 0.9861111111111112)",2,97.63888888888908,28095
"(0.9444444444444444, 0.9861111111111112)",1,97.63888888888908,28096
"(0.5972222222222222, 0.9861111111111112)",1,97.63888888888908,28097
"(0.7222222222222222, 0.9861111111111112)",2,97.63888888888908,28099
"(0.8888888888888888, 0.9861111111111112)",5,97.63888888888908,28104
"(0.8611111111111112, 0.9861111111111112)",7,97.63888888888908,28111
"(0.8194444444444444, 0.9861111111111112)",6,97.63888888888908,28117
"(0.5555555555555556, 0.9861111111111112)",2,97.63888888888908,28119
"(0.7083333333333334, 1.0)",2,97.63888888888889,28121
"(0.9166666666666666, 1.0)",1,97.63888888888889,28122
"(0.875, 1.0)",1,97.63888888888889,28123
"(0.8194444444444444, 1.0)",1,97.63888888888889,28124
"(0.9583333333333334, 0.9791666666666666)",1,97.63750000000014,28125
"(0.9125, 0.9958333333333332)",1,97.63750000000007,28126
"(0.9875, 0.9958333333333332)",1,97.63750000000006,28127
"(0.9083333333333332, 0.9833333333333332)",1,97.63750000000005,28128
"(0.8958333333333334, 0.9833333333333332)",1,97.63750000000005,28129
"(0.9583333333333334, 0.9833333333333332)",1,97.63750000000005,28130
"(0.9458333333333332, 0.9875)",1,97.63749999999992,28131
"(0.545, 0.9925)",1,97.63625,28132
"(0.3537878787878787, 0.9992424242424244)",1,97.63560606060612,28133
"(0.52125, 0.98125)",1,97.63375000000008,28134
"(0.49875, 0.9875)",1,97.63374999999988,28135
"(0.3875, 1.0)",1,97.63371212121211,28136
"(0.8166666666666667, 0.9833333333333332)",1,97.6333333333334,28137
"(0.9333333333333332, 0.9833333333333332)",2,97.6333333333334,28139
"(0.9333333333333332, 0.9833333333333332)",1,97.6333333333334,28140
"(1.0, 0.9833333333333332)",2,97.6333333333334,28142
"(0.6666666666666666, 0.9833333333333332)",1,97.6333333333334,28143
"(0.8666666666666667, 0.9833333333333332)",1,97.6333333333334,28144
"(0.9, 0.9833333333333332)",5,97.6333333333334,28149
"(0.9666666666666668, 0.9833333333333332)",3,97.6333333333334,28152
"(0.9333333333333332, 1.0)",1,97.63333333333333,28153
"(0.85, 1.0)",2,97.63333333333333,28155
"(0.9, 1.0)",1,97.63333333333333,28156
"(0.8666666666666667, 1.0)",1,97.63333333333333,28157
"(0.9166666666666666, 1.0)",1,97.63333333333333,28158
"(0.9125, 0.975)",1,97.63333333333313,28159
"(0.9078947368421052, 0.9912280701754386)",1,97.6315789473684,28160
"(0.4659090909090909, 1.0)",3,97.6314393939394,28163
"(0.48625, 0.9875)",1,97.63124999999997,28164
"(0.540530303030303, 1.0)",1,97.6310606060606,28165
"(0.5075, 0.9975)",1,97.63000000000017,28166
"(0.3159090909090909, 1.0)",3,97.62992424242424,28169
"(0.875, 0.9958333333333332)",1,97.6291666666668,28170
"(0.9208333333333332, 0.9791666666666666)",1,97.6291666666668,28171
"(0.9708333333333332, 0.9958333333333332)",1,97.62916666666676,28172
"(0.9541666666666668, 0.9958333333333332)",1,97.62916666666676,28173
"(0.9541666666666668, 0.9833333333333332)",1,97.62916666666668,28174
"(0.9958333333333332, 1.0)",1,97.6291666666666,28175
"(0.8791666666666667, 0.975)",1,97.62916666666648,28176
"(0.9125, 0.975)",1,97.62916666666648,28177
"(0.9375, 0.975)",1,97.62916666666644,28178
"(0.8625, 0.975)",1,97.62916666666644,28179
"(0.51125, 0.99875)",1,97.62875000000004,28180
"(0.8205128205128205, 1.0)",3,97.62820512820512,28183
"(0.8837209302325582, 0.9767441860465116)",1,97.62790697674428,28184
"(0.9418604651162792, 0.9767441860465116)",2,97.62790697674428,28186
"(0.4883720930232558, 1.0)",1,97.6279069767442,28187
"(0.5192567567567568, 0.983445945945946)",1,97.6273648648648,28188
"(0.8552631578947368, 0.9912280701754386)",1,97.62719298245612,28189
"(0.3731060606060606, 1.0)",3,97.62689393939394,28192
"(0.5972222222222222, 0.9861111111111112)",1,97.6250000000002,28193
"(0.9027777777777778, 0.9861111111111112)",1,97.6250000000002,28194
"(0.8333333333333334, 0.9861111111111112)",3,97.6250000000002,28197
"(0.9305555555555556, 0.9861111111111112)",1,97.6250000000002,28198
"(0.9722222222222222, 0.9861111111111112)",1,97.6250000000002,28199
"(0.6944444444444444, 0.9861111111111112)",2,97.6250000000002,28201
"(0.8888888888888888, 0.9861111111111112)",1,97.6250000000002,28202
"(0.7083333333333334, 0.9861111111111112)",3,97.6250000000002,28205
"(0.875, 0.9861111111111112)",2,97.6250000000002,28207
"(0.8472222222222222, 0.9861111111111112)",3,97.6250000000002,28210
"(0.8194444444444444, 0.9861111111111112)",6,97.6250000000002,28216
"(0.8611111111111112, 0.9861111111111112)",1,97.6250000000002,28217
"(0.7638888888888888, 0.9861111111111112)",2,97.6250000000002,28219
"(0.8055555555555556, 0.9861111111111112)",6,97.6250000000002,28225
"(0.48375, 0.995)",1,97.62500000000014,28226
"(0.9875, 0.9958333333333332)",1,97.62500000000004,28227
"(0.9166666666666666, 0.9833333333333332)",1,97.62500000000004,28228
"(0.8666666666666667, 0.9833333333333332)",1,97.62500000000004,28229
"(0.9791666666666666, 0.9958333333333332)",1,97.62500000000004,28230
"(0.9583333333333334, 1.0)",1,97.625,28231
"(0.7083333333333334, 1.0)",1,97.625,28232
"(0.6805555555555556, 1.0)",1,97.625,28233
"(0.8194444444444444, 1.0)",2,97.625,28235
"(0.4340909090909091, 1.0)",1,97.625,28236
"(0.9305555555555556, 1.0)",1,97.625,28237
"(0.8875, 0.9875)",1,97.62499999999994,28238
"(0.9666666666666668, 0.975)",1,97.62499999999984,28239
"(0.8666666666666667, 0.975)",1,97.6249999999998,28240
"(0.4462121212121212, 1.0)",3,97.62310606060606,28243
"(0.8552631578947368, 0.9912280701754386)",1,97.62280701754383,28244
"(0.7763157894736842, 0.9912280701754386)",1,97.62280701754383,28245
"(0.706140350877193, 0.9912280701754386)",1,97.62280701754383,28246
"(0.7149122807017544, 0.9912280701754386)",1,97.62280701754383,28247
"(0.7719298245614035, 0.9912280701754386)",1,97.62280701754382,28248
"(0.53, 0.995)",1,97.6225,28249
"(0.4291666666666666, 1.0)",3,97.62159090909093,28252
"(0.2784090909090909, 1.0)",2,97.62159090909093,28254
"(0.49375, 0.995)",1,97.62125000000006,28255
"(0.48, 0.9875)",1,97.62124999999988,28256
"(0.9458333333333332, 0.9791666666666666)",1,97.62083333333352,28257
"(0.9375, 0.9791666666666666)",1,97.62083333333348,28258
"(0.9791666666666666, 0.9958333333333332)",1,97.62083333333342,28259
"(0.8875, 0.9833333333333332)",1,97.6208333333334,28260
"(0.9833333333333332, 0.9958333333333332)",1,97.6208333333334,28261
"(0.9875, 0.9958333333333332)",1,97.62083333333338,28262
"(0.9916666666666668, 0.9958333333333332)",1,97.62083333333337,28263
"(0.9791666666666666, 1.0)",1,97.6208333333333,28264
"(0.8875, 0.975)",1,97.62083333333317,28265
"(0.8958333333333334, 0.975)",1,97.62083333333314,28266
"(0.4333333333333333, 0.9981060606060606)",1,97.6200757575758,28267
"(0.228030303030303, 0.999621212121212)",3,97.62007575757576,28270
"(0.3484848484848485, 1.0)",3,97.62007575757576,28273
"(0.271969696969697, 1.0)",1,97.61969696969696,28274
"(0.3814393939393939, 0.999621212121212)",3,97.6189393939394,28277
"(0.47625, 0.9975)",1,97.61875000000002,28278
"(0.535, 0.98375)",1,97.61874999999998,28279
"(0.3814393939393939, 1.0)",3,97.6185606060606,28282
"(0.5523648648648649, 0.9804054054054054)",1,97.61824324324328,28283
"(0.4208333333333333, 1.0)",3,97.61818181818182,28286
"(0.50875, 0.99625)",1,97.61750000000016,28287
"(0.48, 0.98875)",1,97.61749999999986,28288
"(0.3409090909090909, 0.999621212121212)",2,97.61742424242424,28290
"(0.9083333333333332, 0.9791666666666666)",1,97.61666666666684,28291
"(0.9125, 0.9791666666666666)",1,97.61666666666682,28292
"(0.9458333333333332, 0.9791666666666666)",1,97.6166666666668,28293
"(0.9666666666666668, 0.9833333333333332)",1,97.61666666666672,28294
"(0.9333333333333332, 0.9833333333333332)",2,97.61666666666672,28296
"(0.8666666666666667, 0.9833333333333332)",2,97.61666666666672,28298
"(0.8166666666666667, 0.9833333333333332)",1,97.61666666666672,28299
"(0.9875, 0.9958333333333332)",1,97.61666666666672,28300
"(0.9, 0.9833333333333332)",1,97.61666666666672,28301
"(0.9625, 0.9958333333333332)",1,97.61666666666672,28302
"(0.9708333333333332, 0.9958333333333332)",1,97.6166666666667,28303
"(0.8458333333333333, 0.9833333333333332)",1,97.6166666666667,28304
"(0.9166666666666666, 1.0)",1,97.61666666666667,28305
"(0.8833333333333333, 1.0)",1,97.61666666666667,28306
"(0.9, 1.0)",1,97.61666666666667,28307
"(0.9833333333333332, 1.0)",1,97.61666666666667,28308
"(0.7666666666666667, 1.0)",1,97.61666666666666,28309
"(0.9958333333333332, 1.0)",1,97.61666666666665,28310
"(0.4651162790697674, 0.9883720930232558)",1,97.6162790697676,28311
"(0.7558139534883721, 0.9883720930232558)",2,97.6162790697676,28313
"(0.9302325581395348, 0.9767441860465116)",3,97.61627906976754,28316
"(0.8953488372093024, 0.9767441860465116)",4,97.61627906976754,28320
"(0.9651162790697676, 0.9767441860465116)",1,97.61627906976754,28321
"(0.8255813953488372, 0.9767441860465116)",1,97.61627906976754,28322
"(0.9418604651162792, 0.9767441860465116)",1,97.61627906976754,28323
"(0.9186046511627908, 0.9767441860465116)",1,97.61627906976751,28324
"(0.8488372093023255, 0.9767441860465116)",1,97.61627906976751,28325
"(0.717948717948718, 1.0)",1,97.6153846153846,28326
"(0.8717948717948718, 1.0)",1,97.6153846153846,28327
"(0.49375, 0.9925)",1,97.615,28328
"(0.5375, 0.98375)",1,97.61499999999997,28329
"(0.8527027027027027, 0.979054054054054)",1,97.61418918918918,28330
"(0.5075, 0.995)",1,97.61375000000012,28331
"(0.56875, 0.98625)",1,97.61375000000002,28332
"(0.4068181818181818, 1.0)",1,97.61363636363636,28333
"(0.9458333333333332, 0.9791666666666666)",1,97.61250000000014,28334
"(0.9916666666666668, 0.9958333333333332)",1,97.61250000000004,28335
"(0.9791666666666666, 0.9958333333333332)",1,97.61250000000004,28336
"(0.4314393939393939, 1.0)",2,97.6125,28338
"(0.8625, 0.9833333333333332)",1,97.6125,28339
"(0.53375, 0.98625)",1,97.61249999999995,28340
"(0.975, 1.0)",1,97.61249999999995,28341
"(0.9, 0.9875)",1,97.61249999999993,28342
"(0.9666666666666668, 0.975)",1,97.61249999999984,28343
"(0.9310810810810812, 0.9780405405405406)",1,97.61114864864868,28344
"(0.8194444444444444, 0.9861111111111112)",5,97.61111111111131,28349
"(0.8055555555555556, 0.9861111111111112)",5,97.61111111111131,28354
"(0.8472222222222222, 0.9861111111111112)",1,97.61111111111131,28355
"(0.9305555555555556, 0.9861111111111112)",2,97.61111111111131,28357
"(0.6944444444444444, 0.9861111111111112)",2,97.61111111111131,28359
"(0.8611111111111112, 0.9861111111111112)",1,97.61111111111131,28360
"(0.7916666666666666, 0.9861111111111112)",5,97.61111111111131,28365
"(0.875, 0.9861111111111112)",3,97.61111111111131,28368
"(0.5277777777777778, 0.9861111111111112)",3,97.61111111111131,28371
"(0.7222222222222222, 0.9861111111111112)",1,97.61111111111131,28372
"(0.5555555555555556, 0.9861111111111112)",1,97.61111111111131,28373
"(0.8333333333333334, 0.9861111111111112)",2,97.61111111111131,28375
"(0.9444444444444444, 0.9861111111111112)",1,97.61111111111131,28376
"(0.6805555555555556, 0.9861111111111112)",1,97.61111111111131,28377
"(0.75, 0.9861111111111112)",1,97.61111111111131,28378
"(0.9166666666666666, 0.9861111111111112)",2,97.61111111111131,28380
"(0.7777777777777778, 0.9861111111111112)",1,97.61111111111131,28381
"(0.9444444444444444, 1.0)",1,97.61111111111111,28382
"(0.9166666666666666, 1.0)",1,97.61111111111111,28383
"(0.8611111111111112, 1.0)",1,97.61111111111111,28384
"(0.5972222222222222, 1.0)",1,97.61111111111111,28385
"(0.875, 1.0)",1,97.61111111111111,28386
"(0.9027777777777778, 1.0)",1,97.61111111111111,28387
"(0.9583333333333334, 1.0)",1,97.61111111111111,28388
"(0.8194444444444444, 1.0)",1,97.61111111111111,28389
"(0.46125, 0.985)",1,97.6100000000001,28390
"(0.8728070175438597, 0.9912280701754386)",1,97.609649122807,28391
"(0.902027027027027, 0.9777027027027028)",1,97.60945945945949,28392
"(0.5628378378378378, 0.9844594594594596)",1,97.60945945945944,28393
"(0.3875, 1.0)",1,97.60909090909092,28394
"(0.975, 0.9958333333333332)",1,97.6083333333334,28395
"(0.9791666666666666, 0.9958333333333332)",1,97.6083333333334,28396
"(0.9458333333333332, 0.9833333333333332)",1,97.60833333333338,28397
"(0.5257575757575758, 1.0)",1,97.60833333333336,28398
"(0.3534090909090909, 1.0)",3,97.60833333333336,28401
"(0.8416666666666667, 0.9875)",1,97.60833333333323,28402
"(0.3844696969696969, 0.999621212121212)",3,97.60795454545456,28405
"(0.8587837837837838, 0.9783783783783784)",1,97.60743243243247,28406
"(0.51, 0.9975)",1,97.60625000000006,28407
"(0.3159090909090909, 0.9992424242424244)",1,97.60530303030308,28408
"(0.343560606060606, 1.0)",1,97.60530303030303,28409
"(0.7675438596491229, 0.9912280701754386)",1,97.60526315789473,28410
"(0.7105263157894737, 0.9912280701754386)",1,97.60526315789473,28411
"(0.7719298245614035, 0.9912280701754386)",1,97.60526315789473,28412
"(0.9429824561403508, 0.9912280701754386)",1,97.6052631578947,28413
"(0.5155405405405405, 0.981418918918919)",1,97.60506756756752,28414
"(0.5425, 0.9875)",1,97.60499999999996,28415
"(0.7674418604651163, 0.9883720930232558)",1,97.60465116279086,28416
"(0.627906976744186, 0.9883720930232558)",2,97.60465116279086,28418
"(0.9418604651162792, 0.9767441860465116)",1,97.6046511627908,28419
"(0.9302325581395348, 0.9767441860465116)",3,97.6046511627908,28422
"(0.8604651162790697, 0.9767441860465116)",1,97.6046511627908,28423
"(0.9186046511627908, 0.9767441860465116)",1,97.6046511627908,28424
"(0.8255813953488372, 0.9767441860465116)",2,97.6046511627908,28426
"(0.8255813953488372, 0.9767441860465116)",2,97.6046511627908,28428
"(0.8953488372093024, 0.9767441860465116)",3,97.6046511627908,28431
"(0.9125, 0.9833333333333332)",1,97.6041666666667,28432
"(0.925, 0.9833333333333332)",2,97.6041666666667,28434
"(0.875, 0.9833333333333332)",1,97.6041666666667,28435
"(0.9708333333333332, 0.9958333333333332)",1,97.60416666666669,28436
"(0.4579545454545454, 0.999621212121212)",3,97.60416666666669,28439
"(0.8875, 0.975)",1,97.60416666666649,28440
"(0.3954545454545454, 0.9988636363636364)",1,97.6034090909091,28441
"(0.4615384615384615, 1.0)",1,97.6025641025641,28442
"(0.4358974358974359, 1.0)",1,97.6025641025641,28443
"(0.545, 0.99125)",1,97.6025,28444
"(0.4753787878787879, 0.999621212121212)",1,97.60151515151516,28445
"(0.4575, 0.9925)",1,97.60125000000002,28446
"(0.925438596491228, 0.9912280701754386)",1,97.60087719298244,28447
"(0.8859649122807017, 0.9912280701754386)",1,97.60087719298242,28448
"(0.2704545454545454, 0.999621212121212)",3,97.60075757575758,28451
"(0.9666666666666668, 0.9833333333333332)",2,97.60000000000008,28453
"(0.9, 0.9833333333333332)",2,97.60000000000008,28455
"(0.95, 0.9833333333333332)",2,97.60000000000008,28457
"(0.8333333333333334, 0.9833333333333332)",1,97.60000000000008,28458
"(0.9166666666666666, 0.9833333333333332)",1,97.60000000000008,28459
"(0.9333333333333332, 0.9833333333333332)",4,97.60000000000008,28463
"(0.8833333333333333, 0.9833333333333332)",3,97.60000000000008,28466
"(0.8666666666666667, 0.9833333333333332)",1,97.60000000000008,28467
"(0.9625, 0.9958333333333332)",1,97.60000000000004,28468
"(0.9458333333333332, 0.9833333333333332)",2,97.60000000000004,28470
"(0.925, 0.9958333333333332)",1,97.60000000000004,28471
"(0.9083333333333332, 0.9833333333333332)",1,97.60000000000002,28472
"(0.8, 1.0)",2,97.6,28474
"(0.9166666666666666, 1.0)",1,97.6,28475
"(1.0, 1.0)",2,97.6,28477
"(0.9, 1.0)",2,97.6,28479
"(0.9833333333333332, 1.0)",1,97.6,28480
"(0.440530303030303, 0.999621212121212)",3,97.59962121212122,28483
"(0.49375, 0.9975)",1,97.59875000000014,28484
"(0.41875, 0.99125)",1,97.59874999999994,28485
"(0.2856060606060606, 0.9988636363636364)",1,97.59848484848489,28486
"(0.2981060606060606, 0.999621212121212)",3,97.59734848484848,28489
"(0.8333333333333334, 0.9861111111111112)",1,97.59722222222244,28490
"(0.8194444444444444, 0.9861111111111112)",1,97.59722222222244,28491
"(0.9722222222222222, 0.9861111111111112)",1,97.59722222222244,28492
"(0.8611111111111112, 0.9861111111111112)",1,97.59722222222244,28493
"(0.9027777777777778, 0.9861111111111112)",1,97.59722222222244,28494
"(0.7361111111111112, 0.9861111111111112)",1,97.59722222222244,28495
"(0.9166666666666666, 0.9861111111111112)",1,97.59722222222244,28496
"(0.7638888888888888, 0.9861111111111112)",2,97.59722222222244,28498
"(0.8055555555555556, 0.9861111111111112)",2,97.5972222222224,28500
"(0.9722222222222222, 0.9861111111111112)",1,97.5972222222224,28501
"(0.9166666666666666, 0.9861111111111112)",1,97.5972222222224,28502
"(0.6805555555555556, 0.9861111111111112)",2,97.5972222222224,28504
"(0.8333333333333334, 0.9861111111111112)",4,97.5972222222224,28508
"(0.9027777777777778, 0.9861111111111112)",1,97.5972222222224,28509
"(0.6944444444444444, 0.9861111111111112)",3,97.5972222222224,28512
"(0.8472222222222222, 0.9861111111111112)",1,97.5972222222224,28513
"(0.7222222222222222, 0.9861111111111112)",1,97.5972222222224,28514
"(0.8888888888888888, 0.9861111111111112)",4,97.5972222222224,28518
"(0.8194444444444444, 0.9861111111111112)",2,97.5972222222224,28520
"(0.8611111111111112, 0.9861111111111112)",4,97.5972222222224,28524
"(0.7638888888888888, 0.9861111111111112)",1,97.5972222222224,28525
"(0.9583333333333334, 1.0)",1,97.59722222222224,28526
"(0.7777777777777778, 1.0)",1,97.59722222222224,28527
"(0.75, 1.0)",1,97.59722222222224,28528
"(0.8194444444444444, 1.0)",1,97.59722222222224,28529
"(0.8055555555555556, 1.0)",1,97.59722222222224,28530
"(0.8472222222222222, 1.0)",1,97.59722222222224,28531
"(0.8611111111111112, 1.0)",2,97.59722222222224,28533
"(0.875, 1.0)",1,97.59722222222224,28534
"(0.2943181818181818, 0.999621212121212)",1,97.5969696969697,28535
"(0.7675438596491229, 0.9912280701754386)",1,97.59649122807016,28536
"(0.8916666666666667, 0.9791666666666666)",1,97.5958333333335,28537
"(0.9666666666666668, 0.9791666666666666)",1,97.59583333333347,28538
"(0.9666666666666668, 0.9958333333333332)",1,97.5958333333334,28539
"(0.975, 0.9958333333333332)",1,97.5958333333334,28540
"(0.9, 0.9833333333333332)",1,97.59583333333336,28541
"(0.9083333333333332, 0.9833333333333332)",1,97.59583333333336,28542
"(0.8625, 0.9833333333333332)",1,97.59583333333336,28543
"(0.9041666666666668, 0.9833333333333332)",1,97.59583333333336,28544
"(0.9875, 1.0)",1,97.59583333333327,28545
"(0.9208333333333332, 0.9875)",1,97.59583333333318,28546
"(0.3318181818181818, 1.0)",3,97.5939393939394,28549
"(0.4602272727272727, 1.0)",3,97.5935606060606,28552
"(0.4883720930232558, 0.9883720930232558)",1,97.59302325581412,28553
"(0.6162790697674418, 0.9883720930232558)",1,97.59302325581412,28554
"(0.8837209302325582, 0.9767441860465116)",1,97.59302325581406,28555
"(0.8953488372093024, 0.9767441860465116)",2,97.59302325581406,28557
"(0.9302325581395348, 0.9767441860465116)",1,97.59302325581406,28558
"(0.9302325581395348, 0.9767441860465116)",1,97.59302325581405,28559
"(0.8953488372093024, 0.9767441860465116)",1,97.59302325581405,28560
"(0.9186046511627908, 0.9767441860465116)",1,97.59302325581405,28561
"(0.831081081081081, 0.9773648648648648)",1,97.5925675675676,28562
"(0.50625, 0.9975)",1,97.5925000000001,28563
"(0.5025, 0.99125)",1,97.5924999999999,28564
"(0.8324324324324325, 0.979054054054054)",1,97.59222972972977,28565
"(0.8552631578947368, 0.9912280701754386)",1,97.59210526315788,28566
"(0.925438596491228, 0.9912280701754386)",1,97.59210526315788,28567
"(0.4340909090909091, 1.0)",3,97.59204545454548,28570
"(0.9208333333333332, 0.9791666666666666)",1,97.59166666666684,28571
"(0.9375, 0.9791666666666666)",1,97.5916666666668,28572
"(0.95, 0.9791666666666666)",1,97.5916666666668,28573
"(0.9041666666666668, 0.9791666666666666)",1,97.5916666666668,28574
"(0.9458333333333332, 0.9958333333333332)",1,97.59166666666675,28575
"(0.9791666666666666, 0.9958333333333332)",1,97.59166666666675,28576
"(0.4753787878787879, 0.999621212121212)",1,97.5916666666667,28577
"(0.9125, 0.9833333333333332)",1,97.5916666666667,28578
"(0.9041666666666668, 0.9833333333333332)",1,97.5916666666667,28579
"(0.9833333333333332, 1.0)",1,97.59166666666664,28580
"(0.6575, 0.99625)",1,97.5912500000002,28581
"(0.2696969696969697, 1.0)",3,97.59015151515152,28584
"(0.4496212121212121, 1.0)",3,97.59015151515152,28587
"(0.5175, 0.995)",1,97.59000000000005,28588
"(0.7307692307692307, 0.9871794871794872)",1,97.58974358974372,28589
"(0.525, 0.99)",1,97.58874999999996,28590
"(0.4003787878787879, 1.0)",3,97.58863636363635,28593
"(0.50875, 0.99375)",1,97.5875000000002,28594
"(0.9541666666666668, 0.9791666666666666)",1,97.58750000000018,28595
"(0.9375, 0.9791666666666666)",1,97.58750000000016,28596
"(0.9375, 0.9791666666666666)",1,97.58750000000016,28597
"(0.8625, 0.9958333333333332)",2,97.58750000000008,28599
"(0.9041666666666668, 0.9958333333333332)",1,97.58750000000008,28600
"(0.9875, 0.9958333333333332)",1,97.58750000000003,28601
"(0.9166666666666666, 0.9833333333333332)",1,97.58750000000003,28602
"(0.975, 1.0)",1,97.58749999999996,28603
"(0.9333333333333332, 0.9875)",1,97.58749999999984,28604
"(0.9083333333333332, 0.975)",2,97.58749999999982,28606
"(0.9166666666666666, 0.975)",1,97.5874999999998,28607
"(0.3537878787878787, 1.0)",1,97.58712121212122,28608
"(0.5344594594594595, 0.981081081081081)",1,97.58648648648648,28609
"(0.54625, 0.9925)",1,97.58624999999992,28610
"(0.456060606060606, 1.0)",3,97.58598484848486,28613
"(0.4496212121212121, 0.9981060606060606)",1,97.58560606060612,28614
"(0.505, 0.9975)",1,97.58500000000004,28615
"(0.4825757575757576, 0.9992424242424244)",1,97.58446969696976,28616
"(0.8888888888888888, 0.9861111111111112)",1,97.58333333333354,28617
"(0.8888888888888888, 0.9861111111111112)",3,97.58333333333351,28620
"(0.7916666666666666, 0.9861111111111112)",1,97.58333333333351,28621
"(0.8194444444444444, 0.9861111111111112)",6,97.58333333333351,28627
"(0.9027777777777778, 0.9861111111111112)",1,97.58333333333351,28628
"(0.5694444444444444, 0.9861111111111112)",1,97.58333333333351,28629
"(0.6944444444444444, 0.9861111111111112)",3,97.58333333333351,28632
"(0.8333333333333334, 0.9861111111111112)",2,97.58333333333351,28634
"(0.875, 0.9861111111111112)",2,97.58333333333351,28636
"(0.8472222222222222, 0.9861111111111112)",2,97.58333333333351,28638
"(0.8611111111111112, 0.9861111111111112)",2,97.58333333333351,28640
"(0.7222222222222222, 0.9861111111111112)",1,97.58333333333351,28641
"(0.8055555555555556, 0.9861111111111112)",5,97.58333333333351,28646
"(0.9305555555555556, 0.9861111111111112)",1,97.58333333333351,28647
"(0.9444444444444444, 0.9861111111111112)",2,97.58333333333351,28649
"(0.7777777777777778, 0.9861111111111112)",3,97.58333333333351,28652
"(0.5277777777777778, 0.9861111111111112)",1,97.58333333333351,28653
"(0.9291666666666668, 0.9791666666666666)",1,97.58333333333348,28654
"(0.9333333333333332, 0.9791666666666666)",1,97.58333333333344,28655
"(0.975, 0.9958333333333332)",1,97.5833333333334,28656
"(0.8666666666666667, 0.9833333333333332)",3,97.5833333333334,28659
"(0.9333333333333332, 0.9833333333333332)",3,97.5833333333334,28662
"(0.8666666666666667, 0.9833333333333332)",1,97.58333333333336,28663
"(0.9458333333333332, 0.9833333333333332)",1,97.58333333333336,28664
"(0.9958333333333332, 0.9958333333333332)",1,97.58333333333336,28665
"(0.8625, 0.9833333333333332)",2,97.58333333333336,28667
"(0.5886363636363636, 1.0)",3,97.58333333333334,28670
"(0.8833333333333333, 1.0)",1,97.58333333333334,28671
"(0.7083333333333334, 1.0)",1,97.58333333333334,28672
"(0.8194444444444444, 1.0)",1,97.58333333333334,28673
"(0.368560606060606, 1.0)",1,97.58333333333334,28674
"(0.8888888888888888, 1.0)",1,97.58333333333334,28675
"(0.8, 1.0)",1,97.58333333333331,28676
"(0.9333333333333332, 1.0)",1,97.58333333333331,28677
"(0.7719298245614035, 0.9912280701754386)",1,97.58333333333331,28678
"(0.8728070175438597, 0.9912280701754386)",1,97.58333333333331,28679
"(0.9666666666666668, 1.0)",1,97.58333333333331,28680
"(0.75, 1.0)",1,97.58333333333331,28681
"(0.9458333333333332, 0.9833333333333332)",1,97.58333333333331,28682
"(0.7361111111111112, 1.0)",1,97.58333333333331,28683
"(0.9035087719298246, 0.9912280701754386)",1,97.58333333333331,28684
"(0.8333333333333334, 1.0)",2,97.58333333333331,28686
"(0.95, 0.9875)",1,97.5833333333332,28687
"(0.8587837837837838, 0.9787162162162162)",1,97.5827702702703,28688
"(0.53, 0.99)",1,97.58249999999995,28689
"(0.8255813953488372, 0.9767441860465116)",1,97.58139534883732,28690
"(0.8372093023255814, 0.9767441860465116)",1,97.58139534883732,28691
"(0.9418604651162792, 0.9767441860465116)",1,97.58139534883732,28692
"(0.8837209302325582, 0.9767441860465116)",1,97.5813953488373,28693
"(0.9186046511627908, 0.9767441860465116)",2,97.5813953488373,28695
"(0.228030303030303, 1.0)",3,97.5810606060606,28698
"(0.49375, 0.9975)",1,97.58000000000008,28699
"(0.9833333333333332, 0.9958333333333332)",1,97.57916666666677,28700
"(0.9833333333333332, 0.9958333333333332)",1,97.57916666666677,28701
"(0.9666666666666668, 0.9958333333333332)",1,97.57916666666677,28702
"(0.975, 0.9958333333333332)",1,97.5791666666667,28703
"(0.4753787878787879, 0.999621212121212)",3,97.57916666666668,28706
"(0.49, 0.99875)",1,97.57750000000006,28707
"(0.8076923076923077, 0.9871794871794872)",3,97.57692307692322,28710
"(0.7435897435897436, 1.0)",1,97.57692307692308,28711
"(0.4358974358974359, 1.0)",1,97.57692307692308,28712
"(0.5175, 0.99375)",1,97.5762500000001,28713
"(0.3632575757575758, 1.0)",1,97.57575757575758,28714
"(0.9125, 0.9791666666666666)",1,97.57500000000012,28715
"(0.8875, 0.9791666666666666)",1,97.57500000000012,28716
"(0.8791666666666667, 0.9791666666666666)",1,97.57500000000012,28717
"(0.9708333333333332, 0.9958333333333332)",1,97.5750000000001,28718
"(0.9583333333333334, 0.9958333333333332)",1,97.57500000000007,28719
"(0.9791666666666666, 0.9958333333333332)",1,97.57500000000007,28720
"(0.8666666666666667, 0.9833333333333332)",1,97.57500000000005,28721
"(0.9, 0.9833333333333332)",1,97.57500000000005,28722
"(0.9958333333333332, 0.9958333333333332)",1,97.57500000000005,28723
"(0.9541666666666668, 0.975)",1,97.57499999999976,28724
"(0.5516891891891892, 0.9807432432432432)",1,97.5746621621622,28725
"(0.9473684210526316, 0.9912280701754386)",1,97.57456140350877,28726
"(0.7719298245614035, 0.9912280701754386)",1,97.57456140350877,28727
"(0.4178030303030303, 0.999621212121212)",1,97.57272727272728,28728
"(0.66125, 0.99)",1,97.57249999999996,28729
"(0.543939393939394, 0.9984848484848484)",1,97.57196969696976,28730
"(0.9131756756756756, 0.9763513513513512)",1,97.5716216216215,28731
"(0.50375, 0.9925)",1,97.57124999999996,28732
"(0.4625, 0.98625)",1,97.57124999999994,28733
"(0.59375, 0.98625)",1,97.5712499999999,28734
"(0.9083333333333332, 0.9791666666666666)",1,97.5708333333335,28735
"(0.9125, 0.9791666666666666)",1,97.5708333333335,28736
"(0.9833333333333332, 0.9958333333333332)",1,97.57083333333344,28737
"(0.825, 0.9958333333333332)",1,97.57083333333344,28738
"(0.9625, 0.9958333333333332)",1,97.5708333333334,28739
"(0.9916666666666668, 0.9958333333333332)",1,97.5708333333334,28740
"(0.9458333333333332, 0.9958333333333332)",2,97.5708333333334,28742
"(0.9583333333333334, 0.9958333333333332)",2,97.57083333333335,28744
"(0.975, 0.9958333333333332)",1,97.57083333333335,28745
"(0.9166666666666666, 0.9833333333333332)",1,97.57083333333334,28746
"(0.4556818181818182, 0.9988636363636364)",1,97.57083333333334,28747
"(0.9166666666666666, 0.975)",1,97.57083333333314,28748
"(0.7906976744186046, 0.9883720930232558)",1,97.56976744186063,28749
"(0.5930232558139535, 0.9883720930232558)",1,97.56976744186063,28750
"(0.8255813953488372, 0.9767441860465116)",1,97.56976744186058,28751
"(0.9651162790697676, 0.9767441860465116)",1,97.56976744186056,28752
"(0.7674418604651163, 0.9767441860465116)",1,97.56976744186056,28753
"(0.8604651162790697, 0.9767441860465116)",1,97.56976744186056,28754
"(0.8953488372093024, 0.9767441860465116)",2,97.56976744186056,28756
"(0.9302325581395348, 0.9767441860465116)",3,97.56976744186056,28759
"(0.813953488372093, 0.9767441860465116)",3,97.56976744186056,28762
"(0.8255813953488372, 0.9767441860465116)",1,97.56976744186056,28763
"(0.9186046511627908, 0.9767441860465116)",2,97.56976744186056,28765
"(0.8194444444444444, 0.9861111111111112)",3,97.56944444444464,28768
"(0.8472222222222222, 0.9861111111111112)",1,97.56944444444464,28769
"(0.8611111111111112, 0.9861111111111112)",4,97.56944444444464,28773
"(0.5555555555555556, 0.9861111111111112)",1,97.56944444444464,28774
"(0.875, 0.9861111111111112)",2,97.56944444444464,28776
"(0.75, 0.9861111111111112)",1,97.56944444444464,28777
"(0.9305555555555556, 0.9861111111111112)",4,97.56944444444464,28781
"(0.7638888888888888, 0.9861111111111112)",5,97.56944444444464,28786
"(0.8888888888888888, 0.9861111111111112)",2,97.56944444444464,28788
"(0.6388888888888888, 0.9861111111111112)",1,97.56944444444464,28789
"(0.8055555555555556, 0.9861111111111112)",2,97.56944444444464,28791
"(0.5416666666666666, 0.9861111111111112)",1,97.56944444444464,28792
"(0.9444444444444444, 0.9861111111111112)",1,97.56944444444464,28793
"(0.7916666666666666, 0.9861111111111112)",2,97.56944444444464,28795
"(0.8333333333333334, 0.9861111111111112)",3,97.56944444444464,28798
"(0.5972222222222222, 0.9861111111111112)",1,97.56944444444464,28799
"(0.6944444444444444, 0.9861111111111112)",1,97.56944444444464,28800
"(0.9027777777777778, 0.9861111111111112)",4,97.56944444444464,28804
"(0.9166666666666666, 0.9861111111111112)",3,97.56944444444464,28807
"(0.8055555555555556, 1.0)",1,97.56944444444444,28808
"(0.8472222222222222, 1.0)",1,97.56944444444444,28809
"(0.8194444444444444, 1.0)",2,97.56944444444444,28811
"(0.535, 0.99125)",1,97.56874999999984,28812
"(0.9131756756756756, 0.9763513513513512)",1,97.56824324324322,28813
"(0.5739864864864865, 0.9797297297297296)",1,97.5672297297298,28814
"(0.8166666666666667, 0.9833333333333332)",1,97.56666666666672,28815
"(0.75, 0.9833333333333332)",1,97.56666666666672,28816
"(0.9, 0.9833333333333332)",1,97.56666666666672,28817
"(0.9166666666666666, 0.9833333333333332)",1,97.56666666666672,28818
"(0.8666666666666667, 0.9833333333333332)",3,97.56666666666672,28821
"(0.95, 0.9833333333333332)",1,97.56666666666672,28822
"(0.9333333333333332, 0.9833333333333332)",1,97.56666666666672,28823
"(0.975, 0.9958333333333332)",1,97.56666666666672,28824
"(0.9833333333333332, 0.9958333333333332)",1,97.56666666666672,28825
"(1.0, 0.9958333333333332)",1,97.56666666666672,28826
"(0.9875, 0.9958333333333332)",1,97.56666666666668,28827
"(0.85, 1.0)",1,97.56666666666666,28828
"(0.9833333333333332, 1.0)",2,97.56666666666666,28830
"(0.8833333333333333, 1.0)",1,97.56666666666666,28831
"(0.9375, 0.9875)",1,97.5666666666665,28832
"(0.9375, 0.975)",2,97.5666666666665,28834
"(0.5175, 0.995)",1,97.56625000000012,28835
"(0.9429824561403508, 0.9912280701754386)",1,97.5657894736842,28836
"(0.5, 0.9975)",1,97.56500000000013,28837
"(0.7307692307692307, 0.9871794871794872)",1,97.5641025641027,28838
"(0.8717948717948718, 0.9871794871794872)",1,97.5641025641027,28839
"(0.6794871794871795, 1.0)",1,97.56410256410255,28840
"(0.47625, 0.99875)",3,97.56250000000009,28843
"(0.9916666666666668, 0.9958333333333332)",1,97.56250000000009,28844
"(0.9875, 0.9958333333333332)",1,97.56250000000006,28845
"(0.975, 0.9958333333333332)",1,97.56250000000004,28846
"(0.8958333333333334, 0.9833333333333332)",1,97.56250000000004,28847
"(0.9791666666666666, 0.9958333333333332)",1,97.56250000000004,28848
"(0.9791666666666666, 1.0)",1,97.56249999999996,28849
"(0.5206081081081081, 0.9824324324324324)",1,97.5618243243243,28850
"(0.4253787878787878, 1.0)",1,97.5594696969697,28851
"(0.8958333333333334, 0.9791666666666666)",2,97.55833333333348,28853
"(0.9041666666666668, 0.9791666666666666)",1,97.55833333333348,28854
"(0.975, 0.9958333333333332)",1,97.55833333333344,28855
"(0.8666666666666667, 0.9791666666666666)",1,97.55833333333344,28856
"(0.9541666666666668, 0.9958333333333332)",1,97.55833333333342,28857
"(0.925, 0.9833333333333332)",1,97.5583333333334,28858
"(0.8255813953488372, 0.9767441860465116)",1,97.55813953488384,28859
"(0.9302325581395348, 0.9767441860465116)",1,97.55813953488382,28860
"(0.8604651162790697, 0.9767441860465116)",1,97.55813953488382,28861
"(0.8488372093023255, 0.9767441860465116)",1,97.55813953488382,28862
"(0.8255813953488372, 0.9767441860465116)",2,97.55813953488382,28864
"(0.9651162790697676, 0.9767441860465116)",1,97.55813953488382,28865
"(0.8953488372093024, 0.9767441860465116)",1,97.55813953488382,28866
"(0.9186046511627908, 0.9767441860465116)",4,97.55813953488382,28870
"(0.8837209302325582, 0.9767441860465116)",2,97.55813953488382,28872
"(0.813953488372093, 0.9767441860465116)",2,97.55813953488382,28874
"(0.9418604651162792, 0.9767441860465116)",1,97.55813953488382,28875
"(0.8327702702702703, 0.9766891891891892)",1,97.55810810810816,28876
"(0.456060606060606, 1.0)",3,97.55795454545456,28879
"(0.535, 0.98875)",1,97.5575,28880
"(0.7763157894736842, 0.9912280701754386)",3,97.55701754385964,28883
"(0.8552631578947368, 0.9912280701754386)",1,97.55701754385964,28884
"(0.7675438596491229, 0.9912280701754386)",1,97.55701754385964,28885
"(0.7149122807017544, 0.9912280701754386)",1,97.55701754385964,28886
"(0.381060606060606, 1.0)",3,97.5564393939394,28889
"(0.9027777777777778, 0.9861111111111112)",4,97.55555555555576,28893
"(0.5555555555555556, 0.9861111111111112)",1,97.55555555555576,28894
"(0.875, 0.9861111111111112)",2,97.55555555555576,28896
"(0.8611111111111112, 0.9861111111111112)",1,97.55555555555576,28897
"(0.8888888888888888, 0.9861111111111112)",1,97.55555555555576,28898
"(0.9305555555555556, 0.9861111111111112)",2,97.55555555555576,28900
"(0.8472222222222222, 0.9861111111111112)",3,97.55555555555576,28903
"(0.7083333333333334, 0.9861111111111112)",1,97.55555555555576,28904
"(0.9166666666666666, 0.9861111111111112)",2,97.55555555555576,28906
"(0.8194444444444444, 0.9861111111111112)",4,97.55555555555576,28910
"(0.7777777777777778, 0.9861111111111112)",2,97.55555555555576,28912
"(0.8055555555555556, 0.9861111111111112)",2,97.55555555555576,28914
"(0.6805555555555556, 0.9861111111111112)",1,97.55555555555576,28915
"(0.5277777777777778, 0.9861111111111112)",3,97.55555555555576,28918
"(0.8333333333333334, 0.9861111111111112)",2,97.55555555555576,28920
"(0.7083333333333334, 1.0)",1,97.55555555555556,28921
"(0.7222222222222222, 1.0)",1,97.55555555555556,28922
"(0.75, 1.0)",1,97.55555555555556,28923
"(0.8888888888888888, 1.0)",1,97.55555555555556,28924
"(0.9583333333333334, 1.0)",1,97.55555555555556,28925
"(0.8333333333333334, 1.0)",1,97.55555555555556,28926
"(0.7638888888888888, 1.0)",1,97.55555555555556,28927
"(0.7361111111111112, 1.0)",1,97.55555555555556,28928
"(0.4268939393939394, 0.9992424242424244)",1,97.55454545454548,28929
"(0.9166666666666666, 0.9791666666666666)",1,97.55416666666684,28930
"(0.9833333333333332, 0.9958333333333332)",1,97.55416666666672,28931
"(0.9125, 0.9833333333333332)",1,97.55416666666672,28932
"(0.9083333333333332, 0.9833333333333332)",1,97.55416666666672,28933
"(0.8458333333333333, 0.9833333333333332)",1,97.55416666666672,28934
"(0.975, 0.9958333333333332)",1,97.5541666666667,28935
"(0.9375, 0.9833333333333332)",1,97.55416666666667,28936
"(1.0, 1.0)",1,97.55416666666667,28937
"(0.9833333333333332, 1.0)",1,97.5541666666666,28938
"(0.63, 0.9875)",1,97.55375000000004,28939
"(0.3409090909090909, 0.9992424242424244)",1,97.55265151515154,28940
"(0.7675438596491229, 0.9912280701754386)",1,97.55263157894736,28941
"(0.8552631578947368, 0.9912280701754386)",1,97.55263157894736,28942
"(0.8552631578947368, 0.9912280701754386)",1,97.55263157894734,28943
"(0.60875, 0.99375)",1,97.55250000000004,28944
"(0.4204545454545454, 1.0)",3,97.55227272727274,28947
"(0.8449324324324324, 0.9783783783783784)",1,97.55168918918922,28948
"(0.8461538461538461, 1.0)",1,97.55128205128204,28949
"(0.343560606060606, 1.0)",3,97.55037878787878,28952
"(0.925, 0.9791666666666666)",1,97.55000000000018,28953
"(0.925, 0.9791666666666666)",1,97.55000000000015,28954
"(0.9666666666666668, 0.9791666666666666)",1,97.55000000000014,28955
"(0.9666666666666668, 0.9833333333333332)",1,97.55000000000008,28956
"(0.9958333333333332, 0.9958333333333332)",1,97.55000000000008,28957
"(0.8666666666666667, 0.9833333333333332)",4,97.55000000000008,28961
"(0.9833333333333332, 0.9833333333333332)",1,97.55000000000008,28962
"(0.9791666666666666, 0.9958333333333332)",1,97.55000000000008,28963
"(0.8833333333333333, 0.9833333333333332)",1,97.55000000000008,28964
"(0.9625, 0.9833333333333332)",1,97.55000000000004,28965
"(0.9875, 0.9958333333333332)",1,97.55000000000004,28966
"(0.8916666666666667, 0.9833333333333332)",1,97.55000000000004,28967
"(0.9708333333333332, 0.9958333333333332)",1,97.55000000000004,28968
"(0.4068181818181818, 0.999621212121212)",2,97.55,28970
"(0.7666666666666667, 1.0)",1,97.55,28971
"(0.9333333333333332, 1.0)",1,97.55,28972
"(1.0, 1.0)",1,97.55,28973
"(0.9333333333333332, 1.0)",1,97.55,28974
"(0.7333333333333333, 1.0)",1,97.55,28975
"(0.9666666666666668, 1.0)",1,97.55,28976
"(0.9666666666666668, 1.0)",1,97.54999999999993,28977
"(0.3393939393939394, 0.9988636363636364)",1,97.54962121212128,28978
"(0.5540540540540541, 0.979391891891892)",1,97.54898648648653,28979
"(0.9037162162162162, 0.9773648648648648)",1,97.54831081081076,28980
"(0.9385964912280702, 0.9912280701754386)",1,97.54824561403508,28981
"(0.6929824561403509, 0.9912280701754386)",1,97.54824561403508,28982
"(0.4003787878787879, 1.0)",3,97.54734848484848,28985
"(0.9534883720930232, 0.9767441860465116)",1,97.5465116279071,28986
"(0.9186046511627908, 0.9767441860465116)",3,97.54651162790708,28989
"(0.7906976744186046, 0.9767441860465116)",1,97.54651162790708,28990
"(0.8488372093023255, 0.9767441860465116)",1,97.54651162790708,28991
"(0.9651162790697676, 0.9767441860465116)",1,97.54651162790708,28992
"(0.9302325581395348, 0.9767441860465116)",4,97.54651162790708,28996
"(0.8837209302325582, 0.9767441860465116)",1,97.54651162790708,28997
"(0.8023255813953488, 0.9767441860465116)",2,97.54651162790708,28999
"(0.8953488372093024, 0.9767441860465116)",6,97.54651162790708,29005
"(0.9186046511627908, 0.9767441860465116)",1,97.54651162790708,29006
"(0.875, 0.9791666666666666)",1,97.5458333333335,29007
"(0.9041666666666668, 0.9958333333333332)",1,97.5458333333334,29008
"(0.9708333333333332, 0.9958333333333332)",1,97.5458333333334,29009
"(0.9833333333333332, 0.9958333333333332)",2,97.5458333333334,29011
"(0.95, 0.9833333333333332)",1,97.54583333333336,29012
"(0.8625, 0.9833333333333332)",1,97.54583333333332,29013
"(0.9125, 0.9833333333333332)",1,97.5458333333333,29014
"(0.9791666666666666, 1.0)",1,97.54583333333328,29015
"(0.875, 0.9875)",1,97.54583333333326,29016
"(0.95, 0.975)",1,97.54583333333316,29017
"(0.4382575757575757, 0.9992424242424244)",3,97.54545454545456,29020
"(0.9473684210526316, 0.9912280701754386)",3,97.5438596491228,29023
"(0.7149122807017544, 0.9912280701754386)",1,97.54385964912278,29024
"(0.52125, 0.99125)",1,97.54250000000002,29025
"(0.296969696969697, 0.9992424242424244)",1,97.54204545454547,29026
"(0.8888888888888888, 0.9861111111111112)",6,97.54166666666688,29032
"(0.625, 0.9861111111111112)",1,97.54166666666688,29033
"(0.5555555555555556, 0.9861111111111112)",1,97.54166666666688,29034
"(0.75, 0.9861111111111112)",3,97.54166666666688,29037
"(0.9305555555555556, 0.9861111111111112)",2,97.54166666666688,29039
"(0.8472222222222222, 0.9861111111111112)",4,97.54166666666688,29043
"(0.9027777777777778, 0.9861111111111112)",4,97.54166666666688,29047
"(0.6944444444444444, 0.9861111111111112)",2,97.54166666666688,29049
"(0.7083333333333334, 0.9861111111111112)",1,97.54166666666688,29050
"(0.8611111111111112, 0.9861111111111112)",4,97.54166666666688,29054
"(0.5972222222222222, 0.9861111111111112)",2,97.54166666666688,29056
"(0.7916666666666666, 0.9861111111111112)",1,97.54166666666688,29057
"(0.875, 0.9861111111111112)",1,97.54166666666688,29058
"(0.7222222222222222, 0.9861111111111112)",2,97.54166666666686,29060
"(0.7777777777777778, 0.9861111111111112)",2,97.54166666666686,29062
"(0.5555555555555556, 0.9861111111111112)",1,97.54166666666686,29063
"(0.9375, 0.9791666666666666)",2,97.54166666666684,29065
"(0.9666666666666668, 0.9791666666666666)",1,97.5416666666668,29066
"(0.9875, 0.9958333333333332)",1,97.54166666666671,29067
"(0.9791666666666666, 0.9958333333333332)",1,97.54166666666671,29068
"(0.9083333333333332, 0.9833333333333332)",1,97.5416666666667,29069
"(0.8888888888888888, 1.0)",1,97.54166666666666,29070
"(0.7083333333333334, 1.0)",1,97.54166666666666,29071
"(0.4428030303030303, 0.999621212121212)",1,97.54166666666666,29072
"(0.925, 0.975)",1,97.54166666666644,29073
"(0.4204545454545454, 1.0)",1,97.54053030303032,29074
"(0.4975, 0.9925)",1,97.53875000000008,29075
"(0.7948717948717948, 0.9871794871794872)",3,97.53846153846168,29078
"(0.7307692307692307, 0.9871794871794872)",1,97.53846153846168,29079
"(0.4276515151515151, 1.0)",1,97.53825757575758,29080
"(0.875, 0.9791666666666666)",1,97.53750000000014,29081
"(0.9458333333333332, 0.9958333333333332)",1,97.53750000000008,29082
"(0.9125, 0.9833333333333332)",1,97.53750000000004,29083
"(0.9666666666666668, 0.9833333333333332)",1,97.53750000000002,29084
"(0.9083333333333332, 0.9833333333333332)",1,97.5375,29085
"(0.2704545454545454, 0.9992424242424244)",3,97.53598484848489,29088
"(0.9142857142857144, 0.975)",1,97.5357142857142,29089
"(0.4178030303030303, 0.9965909090909092)",1,97.53522727272735,29090
"(0.9429824561403508, 0.9912280701754386)",1,97.5350877192982,29091
"(0.8953488372093024, 0.9767441860465116)",2,97.53488372093034,29093
"(0.8255813953488372, 0.9767441860465116)",2,97.53488372093034,29095
"(0.9651162790697676, 0.9767441860465116)",1,97.53488372093034,29096
"(0.7790697674418605, 0.9767441860465116)",1,97.53488372093034,29097
"(0.9302325581395348, 0.9767441860465116)",5,97.53488372093034,29102
"(0.7906976744186046, 0.9767441860465116)",1,97.53488372093032,29103
"(0.7558139534883721, 0.9767441860465116)",1,97.53488372093032,29104
"(0.7790697674418605, 0.9767441860465116)",1,97.53488372093032,29105
"(0.9186046511627908, 0.9767441860465116)",2,97.53488372093032,29107
"(0.9186046511627908, 1.0)",1,97.53488372093024,29108
"(0.485, 0.9975)",1,97.53375000000013,29109
"(0.49, 0.98875)",1,97.53375000000004,29110
"(0.875, 0.9791666666666666)",1,97.53333333333347,29111
"(0.8666666666666667, 0.9833333333333332)",1,97.5333333333334,29112
"(0.9, 0.9833333333333332)",1,97.5333333333334,29113
"(0.8166666666666667, 0.9833333333333332)",3,97.5333333333334,29116
"(0.9833333333333332, 0.9833333333333332)",1,97.5333333333334,29117
"(0.9166666666666666, 0.9833333333333332)",1,97.5333333333334,29118
"(0.9791666666666666, 0.9958333333333332)",1,97.5333333333334,29119
"(0.8833333333333333, 0.9833333333333332)",2,97.5333333333334,29121
"(0.7333333333333333, 1.0)",2,97.53333333333332,29123
"(0.7666666666666667, 1.0)",1,97.53333333333332,29124
"(0.8166666666666667, 1.0)",1,97.53333333333332,29125
"(0.9458333333333332, 0.975)",1,97.53333333333316,29126
"(0.8666666666666667, 0.975)",1,97.53333333333312,29127
"(0.5825, 0.99)",1,97.53249999999989,29128
"(0.50375, 0.99375)",1,97.53125000000009,29129
"(0.8791666666666667, 0.9791666666666666)",1,97.52916666666682,29130
"(0.9958333333333332, 0.9958333333333332)",1,97.52916666666675,29131
"(0.95, 0.9958333333333332)",1,97.52916666666674,29132
"(0.9125, 0.9833333333333332)",2,97.52916666666673,29134
"(0.9833333333333332, 0.9958333333333332)",2,97.52916666666673,29136
"(0.4462121212121212, 1.0)",1,97.52916666666668,29137
"(0.8412162162162162, 0.9773648648648648)",1,97.529054054054,29138
"(0.271969696969697, 1.0)",3,97.52878787878788,29141
"(0.8194444444444444, 0.9861111111111112)",1,97.52777777777798,29142
"(0.9027777777777778, 0.9861111111111112)",1,97.52777777777798,29143
"(0.8472222222222222, 0.9861111111111112)",1,97.52777777777798,29144
"(0.7916666666666666, 0.9861111111111112)",1,97.52777777777798,29145
"(0.8055555555555556, 0.9861111111111112)",1,97.52777777777796,29146
"(0.5277777777777778, 0.9861111111111112)",1,97.52777777777796,29147
"(0.9027777777777778, 0.9861111111111112)",2,97.52777777777796,29149
"(0.8472222222222222, 0.9861111111111112)",1,97.52777777777796,29150
"(0.7777777777777778, 0.9861111111111112)",1,97.52777777777796,29151
"(0.6944444444444444, 0.9861111111111112)",1,97.52777777777796,29152
"(0.8333333333333334, 0.9861111111111112)",1,97.52777777777796,29153
"(0.9166666666666666, 0.9861111111111112)",1,97.52777777777796,29154
"(0.8611111111111112, 0.9861111111111112)",2,97.52777777777796,29156
"(0.9305555555555556, 0.9861111111111112)",2,97.52777777777796,29158
"(0.6805555555555556, 0.9861111111111112)",1,97.52777777777796,29159
"(0.5555555555555556, 0.9861111111111112)",1,97.52777777777796,29160
"(0.875, 0.9861111111111112)",1,97.52777777777796,29161
"(0.8194444444444444, 0.9861111111111112)",2,97.52777777777796,29163
"(0.9444444444444444, 0.9861111111111112)",1,97.52777777777796,29164
"(0.8888888888888888, 0.9861111111111112)",3,97.52777777777796,29167
"(0.7083333333333334, 1.0)",1,97.52777777777776,29168
"(0.2462121212121212, 1.0)",1,97.52765151515152,29169
"(0.3875, 0.999621212121212)",3,97.52689393939394,29172
"(0.7149122807017544, 0.9912280701754386)",1,97.52631578947368,29173
"(0.8859649122807017, 0.9912280701754386)",3,97.52631578947368,29176
"(0.8552631578947368, 0.9912280701754386)",2,97.52631578947368,29178
"(0.9385964912280702, 0.9912280701754386)",1,97.52631578947366,29179
"(0.8728070175438597, 0.9912280701754386)",1,97.52631578947366,29180
"(0.2102272727272727, 1.0)",1,97.52575757575758,29181
"(0.8205128205128205, 0.9871794871794872)",3,97.52564102564116,29184
"(0.8205128205128205, 1.0)",2,97.52564102564102,29186
"(0.4723484848484848, 0.999621212121212)",1,97.5253787878788,29187
"(0.9666666666666668, 0.9958333333333332)",1,97.5250000000001,29188
"(0.9625, 0.9958333333333332)",1,97.52500000000006,29189
"(0.9916666666666668, 0.9958333333333332)",1,97.52500000000003,29190
"(0.9125, 0.9875)",1,97.52499999999988,29191
"(0.6162790697674418, 0.9883720930232558)",1,97.52325581395364,29192
"(0.8604651162790697, 0.9767441860465116)",3,97.5232558139536,29195
"(0.9186046511627908, 0.9767441860465116)",1,97.5232558139536,29196
"(0.7790697674418605, 0.9767441860465116)",1,97.5232558139536,29197
"(0.8488372093023255, 0.9767441860465116)",2,97.5232558139536,29199
"(0.9651162790697676, 0.9767441860465116)",3,97.5232558139536,29202
"(0.8953488372093024, 0.9767441860465116)",1,97.5232558139536,29203
"(0.8837209302325582, 0.9767441860465116)",2,97.5232558139536,29205
"(0.7674418604651163, 0.9767441860465116)",3,97.5232558139536,29208
"(0.9534883720930232, 0.9767441860465116)",1,97.5232558139536,29209
"(0.9302325581395348, 0.9767441860465116)",1,97.5232558139536,29210
"(0.8255813953488372, 0.9767441860465116)",2,97.5232558139536,29212
"(0.813953488372093, 0.9767441860465116)",1,97.52325581395358,29213
"(0.9302325581395348, 0.9767441860465116)",2,97.52325581395358,29215
"(0.8837209302325582, 0.9767441860465116)",2,97.52325581395358,29217
"(0.8953488372093024, 0.9767441860465116)",2,97.52325581395358,29219
"(0.7790697674418605, 0.9767441860465116)",1,97.52325581395358,29220
"(0.8488372093023255, 0.9767441860465116)",1,97.52325581395358,29221
"(0.5375, 0.9825)",1,97.52250000000002,29222
"(0.6929824561403509, 0.9912280701754386)",2,97.52192982456138,29224
"(0.8702702702702703, 0.9763513513513512)",1,97.52094594594588,29225
"(0.9375, 0.9791666666666666)",1,97.52083333333351,29226
"(0.9666666666666668, 0.9958333333333332)",1,97.52083333333344,29227
"(0.9375, 0.9958333333333332)",1,97.5208333333334,29228
"(0.9833333333333332, 0.9958333333333332)",1,97.5208333333334,29229
"(0.925, 0.9833333333333332)",1,97.52083333333336,29230
"(0.9958333333333332, 1.0)",1,97.52083333333326,29231
"(0.4253787878787878, 1.0)",2,97.52007575757575,29233
"(0.49875, 0.9975)",1,97.52000000000012,29234
"(0.49375, 0.995)",1,97.52000000000008,29235
"(0.2401515151515151, 1.0)",1,97.5189393939394,29236
"(0.4291666666666666, 0.9992424242424244)",1,97.51856060606065,29237
"(0.2696969696969697, 1.0)",1,97.51818181818182,29238
"(0.3556818181818181, 0.9992424242424244)",1,97.51780303030304,29239
"(0.706140350877193, 0.9912280701754386)",1,97.51754385964912,29240
"(0.9385964912280702, 0.9912280701754386)",1,97.51754385964908,29241
"(0.60875, 0.985)",1,97.5175,29242
"(0.4109848484848485, 1.0)",3,97.51742424242424,29245
"(0.875, 0.9791666666666666)",1,97.51666666666684,29246
"(0.9666666666666668, 0.9833333333333332)",1,97.51666666666674,29247
"(0.9833333333333332, 0.9833333333333332)",1,97.51666666666674,29248
"(0.9, 0.9833333333333332)",3,97.51666666666674,29251
"(0.7666666666666667, 0.9833333333333332)",2,97.51666666666674,29253
"(0.8166666666666667, 0.9833333333333332)",3,97.51666666666674,29256
"(0.9583333333333334, 0.9958333333333332)",1,97.51666666666674,29257
"(0.9166666666666666, 0.9833333333333332)",1,97.51666666666674,29258
"(0.8666666666666667, 0.9833333333333332)",1,97.51666666666674,29259
"(0.95, 0.9833333333333332)",1,97.51666666666674,29260
"(0.9875, 0.9958333333333332)",1,97.51666666666672,29261
"(0.9416666666666668, 0.9833333333333332)",1,97.5166666666667,29262
"(0.9166666666666666, 1.0)",1,97.51666666666668,29263
"(0.9333333333333332, 1.0)",1,97.51666666666668,29264
"(0.7333333333333333, 1.0)",1,97.51666666666668,29265
"(0.8, 1.0)",1,97.51666666666668,29266
"(1.0, 1.0)",1,97.51666666666668,29267
"(0.85, 1.0)",1,97.51666666666668,29268
"(0.8791666666666667, 0.975)",1,97.51666666666648,29269
"(0.8666666666666667, 0.975)",1,97.51666666666644,29270
"(0.47625, 0.99875)",1,97.51625000000008,29271
"(0.7007575757575758, 1.0)",1,97.51515151515152,29272
"(0.8055555555555556, 0.9861111111111112)",1,97.5138888888891,29273
"(0.8888888888888888, 0.9861111111111112)",2,97.51388888888908,29275
"(0.8055555555555556, 0.9861111111111112)",4,97.51388888888908,29279
"(0.8194444444444444, 0.9861111111111112)",5,97.51388888888908,29284
"(0.8611111111111112, 0.9861111111111112)",3,97.51388888888908,29287
"(0.9027777777777778, 0.9861111111111112)",2,97.51388888888908,29289
"(0.8472222222222222, 0.9861111111111112)",1,97.51388888888908,29290
"(0.5555555555555556, 0.9861111111111112)",1,97.51388888888908,29291
"(0.7638888888888888, 0.9861111111111112)",1,97.51388888888908,29292
"(0.7083333333333334, 0.9861111111111112)",1,97.51388888888908,29293
"(0.625, 0.9861111111111112)",3,97.51388888888908,29296
"(0.7777777777777778, 0.9861111111111112)",3,97.51388888888908,29299
"(0.6111111111111112, 1.0)",1,97.51388888888889,29300
"(0.7083333333333334, 1.0)",1,97.51388888888889,29301
"(0.9444444444444444, 1.0)",2,97.51388888888889,29303
"(0.8333333333333334, 1.0)",1,97.51388888888889,29304
"(0.49625, 0.995)",1,97.51375000000006,29305
"(0.8891891891891892, 0.9780405405405406)",1,97.51317567567564,29306
"(0.7105263157894737, 0.9912280701754386)",1,97.51315789473684,29307
"(0.717948717948718, 0.9871794871794872)",1,97.51282051282064,29308
"(0.8076923076923077, 0.9871794871794872)",2,97.51282051282064,29310
"(0.8833333333333333, 0.9791666666666666)",1,97.51250000000016,29311
"(0.8791666666666667, 0.9791666666666666)",1,97.51250000000014,29312
"(0.9291666666666668, 0.9875)",2,97.51249999999987,29314
"(0.9166666666666666, 0.975)",1,97.51249999999985,29315
"(0.9083333333333332, 0.975)",1,97.51249999999985,29316
"(0.9083333333333332, 0.975)",1,97.5124999999998,29317
"(0.8255813953488372, 0.9883720930232558)",1,97.51162790697693,29318
"(0.9302325581395348, 0.9767441860465116)",1,97.51162790697686,29319
"(0.8488372093023255, 0.9767441860465116)",2,97.51162790697686,29321
"(0.8255813953488372, 0.9767441860465116)",2,97.51162790697686,29323
"(0.7790697674418605, 0.9767441860465116)",1,97.51162790697686,29324
"(0.9418604651162792, 0.9767441860465116)",1,97.51162790697686,29325
"(0.9651162790697676, 0.9767441860465116)",2,97.51162790697686,29327
"(0.8837209302325582, 0.9767441860465116)",6,97.51162790697686,29333
"(0.8953488372093024, 0.9767441860465116)",3,97.51162790697684,29336
"(0.7790697674418605, 0.9767441860465116)",1,97.51162790697684,29337
"(0.8837209302325582, 0.9767441860465116)",2,97.51162790697684,29339
"(0.9302325581395348, 0.9767441860465116)",2,97.51162790697684,29341
"(0.8023255813953488, 0.9767441860465116)",1,97.51162790697684,29342
"(0.8255813953488372, 0.9767441860465116)",1,97.51162790697684,29343
"(0.9186046511627908, 0.9767441860465116)",2,97.51162790697684,29345
"(0.9186046511627908, 1.0)",1,97.51162790697674,29346
"(0.4253787878787878, 0.999621212121212)",2,97.51022727272728,29348
"(0.50125, 0.98)",1,97.51000000000008,29349
"(0.5075, 0.99625)",1,97.50875000000012,29350
"(0.45125, 0.9825)",1,97.50875000000003,29351
"(0.925, 0.9791666666666666)",1,97.50833333333348,29352
"(0.9166666666666666, 0.9833333333333332)",1,97.50833333333338,29353
"(0.9125, 0.9875)",1,97.50833333333324,29354
"(0.8125, 0.975)",1,97.50833333333314,29355
"(0.8324324324324325, 0.9787162162162162)",1,97.50810810810816,29356
"(0.7518939393939394, 0.9988636363636364)",1,97.50681818181822,29357
"(0.4276515151515151, 0.999621212121212)",3,97.5064393939394,29360
"(0.49625, 0.99875)",1,97.50625000000014,29361
"(0.49625, 0.995)",1,97.50625000000012,29362
"(0.7638513513513514, 0.9787162162162162)",1,97.50608108108112,29363
"(0.2215909090909091, 1.0)",1,97.5056818181818,29364
"(0.4659090909090909, 0.9992424242424244)",1,97.50492424242428,29365
"(0.9583333333333334, 0.9791666666666666)",1,97.50416666666682,29366
"(0.975, 0.9958333333333332)",1,97.50416666666676,29367
"(0.9791666666666666, 0.9958333333333332)",1,97.5041666666667,29368
"(0.3431818181818182, 1.0)",3,97.5030303030303,29371
"(0.4462121212121212, 1.0)",3,97.50151515151516,29374
"(0.8472222222222222, 0.9861111111111112)",3,97.5000000000002,29377
"(0.6805555555555556, 0.9861111111111112)",2,97.5000000000002,29379
"(0.6388888888888888, 0.9861111111111112)",1,97.5000000000002,29380
"(0.9027777777777778, 0.9861111111111112)",2,97.5000000000002,29382
"(0.8611111111111112, 0.9861111111111112)",2,97.5000000000002,29384
"(0.7777777777777778, 0.9861111111111112)",2,97.5000000000002,29386
"(0.9166666666666666, 0.9861111111111112)",1,97.5000000000002,29387
"(0.8194444444444444, 0.9861111111111112)",2,97.5000000000002,29389
"(0.8888888888888888, 0.9861111111111112)",3,97.5000000000002,29392
"(0.5277777777777778, 0.9861111111111112)",1,97.5000000000002,29393
"(0.8055555555555556, 0.9861111111111112)",1,97.5000000000002,29394
"(0.625, 0.9861111111111112)",2,97.5000000000002,29396
"(0.9444444444444444, 0.9861111111111112)",2,97.5000000000002,29398
"(0.6944444444444444, 0.9861111111111112)",1,97.5000000000002,29399
"(0.813953488372093, 0.9883720930232558)",1,97.50000000000016,29400
"(0.9651162790697676, 0.9767441860465116)",2,97.5000000000001,29402
"(0.8023255813953488, 0.9767441860465116)",1,97.5000000000001,29403
"(0.9418604651162792, 0.9767441860465116)",1,97.5000000000001,29404
"(0.9541666666666668, 0.9958333333333332)",1,97.5000000000001,29405
"(0.7674418604651163, 0.9767441860465116)",1,97.5000000000001,29406
"(0.8953488372093024, 0.9767441860465116)",2,97.5000000000001,29408
"(0.7790697674418605, 0.9767441860465116)",1,97.5000000000001,29409
"(0.9186046511627908, 0.9767441860465116)",1,97.5000000000001,29410
"(0.9302325581395348, 0.9767441860465116)",6,97.5000000000001,29416
"(0.8488372093023255, 0.9767441860465116)",1,97.5000000000001,29417
"(0.8837209302325582, 0.9767441860465116)",5,97.5000000000001,29422
"(0.8666666666666667, 0.9833333333333332)",2,97.50000000000009,29424
"(0.8958333333333334, 0.9833333333333332)",1,97.50000000000009,29425
"(0.9833333333333332, 0.9833333333333332)",1,97.50000000000009,29426
"(0.8166666666666667, 0.9833333333333332)",1,97.50000000000009,29427
"(0.9791666666666666, 0.9958333333333332)",1,97.50000000000004,29428
"(0.7166666666666667, 1.0)",1,97.5,29429
"(0.8611111111111112, 1.0)",1,97.5,29430
"(0.9166666666666666, 1.0)",1,97.5,29431
"(0.8194444444444444, 1.0)",2,97.5,29433
"(0.8255813953488372, 1.0)",1,97.5,29434
"(0.8055555555555556, 1.0)",1,97.5,29435
"(1.0, 1.0)",1,97.5,29436
"(0.5972222222222222, 1.0)",1,97.5,29437
"(0.75, 1.0)",1,97.5,29438
"(0.8958333333333334, 0.9875)",1,97.49999999999989,29439
"(0.9666666666666668, 0.975)",2,97.49999999999984,29441
"(0.9277027027027028, 0.977027027027027)",1,97.49966216216208,29442
"(0.2856060606060606, 0.999621212121212)",1,97.4996212121212,29443
"(0.8216216216216217, 0.977027027027027)",1,97.4989864864866,29444
"(0.48875, 0.99375)",1,97.49875,29445
"(0.1859848484848484, 0.9984848484848484)",1,97.4977272727273,29446
"(0.54625, 0.99)",1,97.4975,29447
"(0.8712837837837838, 0.9760135135135136)",1,97.49628378378372,29448
"(0.485, 0.99625)",1,97.49625000000005,29449
"(0.9, 0.9791666666666666)",1,97.49583333333348,29450
"(0.8625, 0.9958333333333332)",1,97.49583333333344,29451
"(0.9041666666666668, 0.9833333333333332)",1,97.4958333333334,29452
"(0.9041666666666668, 0.9833333333333332)",1,97.49583333333338,29453
"(0.95, 1.0)",1,97.49583333333324,29454
"(0.7719298245614035, 0.9912280701754386)",2,97.4956140350877,29456
"(0.8728070175438597, 0.9912280701754386)",1,97.49561403508768,29457
"(0.49375, 0.9925)",1,97.49500000000016,29458
"(0.9354729729729728, 0.9763513513513512)",1,97.49493243243238,29459
"(0.49625, 0.99375)",1,97.49249999999996,29460
"(0.9, 0.9791666666666666)",1,97.49166666666676,29461
"(0.975, 0.9958333333333332)",1,97.4916666666667,29462
"(0.9125, 0.975)",1,97.49166666666648,29463
"(0.9166666666666666, 0.9916666666666668)",1,97.49166666666645,29464
"(0.9310810810810812, 0.9773648648648648)",1,97.49121621621616,29465
"(0.3632575757575758, 0.9992424242424244)",1,97.49090909090916,29466
"(0.2401515151515151, 1.0)",1,97.4909090909091,29467
"(0.4469696969696969, 0.9988636363636364)",1,97.49053030303035,29468
"(0.2856060606060606, 1.0)",3,97.49053030303033,29471
"(0.49375, 0.9975)",1,97.49000000000012,29472
"(0.49375, 0.99625)",1,97.4900000000001,29473
"(0.55625, 0.99125)",1,97.49,29474
"(0.9418604651162792, 0.9883720930232558)",1,97.48837209302344,29475
"(0.8837209302325582, 0.9767441860465116)",1,97.48837209302336,29476
"(0.9651162790697676, 0.9767441860465116)",2,97.48837209302336,29478
"(0.8604651162790697, 0.9767441860465116)",2,97.48837209302336,29480
"(0.8953488372093024, 0.9767441860465116)",1,97.48837209302336,29481
"(0.8255813953488372, 0.9767441860465116)",2,97.48837209302336,29483
"(0.8255813953488372, 0.9767441860465116)",1,97.48837209302336,29484
"(0.8488372093023255, 0.9767441860465116)",3,97.48837209302336,29487
"(0.9302325581395348, 0.9767441860465116)",2,97.48837209302336,29489
"(0.8488372093023255, 0.9767441860465116)",1,97.48837209302336,29490
"(0.7790697674418605, 0.9767441860465116)",2,97.48837209302336,29492
"(0.8953488372093024, 0.9767441860465116)",1,97.48837209302336,29493
"(0.8953488372093024, 0.9767441860465116)",2,97.48837209302334,29495
"(0.6575757575757576, 0.9977272727272728)",1,97.4878787878789,29496
"(0.925, 0.9791666666666666)",1,97.48750000000015,29497
"(0.9166666666666666, 0.9791666666666666)",1,97.48750000000014,29498
"(0.9541666666666668, 0.9833333333333332)",1,97.48750000000004,29499
"(0.95, 1.0)",1,97.48749999999998,29500
"(0.3974358974358974, 1.0)",1,97.48717948717947,29501
"(0.7675438596491229, 0.9912280701754386)",1,97.48684210526314,29502
"(0.9429824561403508, 0.9912280701754386)",3,97.48684210526314,29505
"(0.9473684210526316, 0.9912280701754386)",1,97.48684210526312,29506
"(0.3965909090909091, 1.0)",1,97.48674242424244,29507
"(0.7361111111111112, 0.9861111111111112)",2,97.48611111111131,29509
"(0.8472222222222222, 0.9861111111111112)",1,97.48611111111131,29510
"(0.7083333333333334, 0.9861111111111112)",1,97.48611111111131,29511
"(0.8055555555555556, 0.9861111111111112)",5,97.48611111111131,29516
"(0.7638888888888888, 0.9861111111111112)",1,97.48611111111131,29517
"(0.8333333333333334, 0.9861111111111112)",4,97.48611111111131,29521
"(0.9027777777777778, 0.9861111111111112)",9,97.48611111111131,29530
"(0.9166666666666666, 0.9861111111111112)",3,97.48611111111131,29533
"(0.8888888888888888, 0.9861111111111112)",2,97.48611111111131,29535
"(0.7777777777777778, 0.9861111111111112)",1,97.48611111111131,29536
"(0.6944444444444444, 0.9861111111111112)",5,97.48611111111131,29541
"(0.875, 0.9861111111111112)",1,97.48611111111131,29542
"(0.625, 0.9861111111111112)",1,97.48611111111131,29543
"(0.7222222222222222, 0.9861111111111112)",2,97.48611111111131,29545
"(0.6805555555555556, 0.9861111111111112)",1,97.48611111111131,29546
"(0.8194444444444444, 0.9861111111111112)",5,97.48611111111131,29551
"(0.7777777777777778, 1.0)",1,97.48611111111111,29552
"(0.7222222222222222, 1.0)",1,97.48611111111111,29553
"(0.75, 1.0)",2,97.48611111111111,29555
"(0.8194444444444444, 1.0)",2,97.48611111111111,29557
"(0.2401515151515151, 0.9992424242424244)",1,97.4856060606061,29558
"(0.7084459459459459, 0.9777027027027028)",1,97.48547297297304,29559
"(0.8672297297297298, 0.979054054054054)",1,97.48513513513522,29560
"(0.60375, 0.99125)",1,97.48499999999996,29561
"(0.2579545454545454, 0.999621212121212)",2,97.4848484848485,29563
"(0.8449324324324324, 0.977027027027027)",1,97.4844594594594,29564
"(0.7746621621621622, 0.9780405405405406)",1,97.48378378378384,29565
"(0.4068181818181818, 0.999621212121212)",1,97.48371212121216,29566
"(0.4174242424242424, 0.9984848484848484)",1,97.48371212121214,29567
"(0.9791666666666666, 0.9958333333333332)",1,97.48333333333343,29568
"(0.9666666666666668, 0.9833333333333332)",1,97.4833333333334,29569
"(0.9, 0.9833333333333332)",1,97.4833333333334,29570
"(0.95, 0.9833333333333332)",1,97.4833333333334,29571
"(0.9458333333333332, 0.9958333333333332)",1,97.48333333333336,29572
"(0.8333333333333334, 1.0)",1,97.48333333333332,29573
"(0.9833333333333332, 1.0)",1,97.48333333333332,29574
"(0.975, 1.0)",1,97.48333333333326,29575
"(0.9458333333333332, 0.975)",2,97.48333333333316,29577
"(0.9416666666666668, 0.975)",1,97.48333333333316,29578
"(0.9429824561403508, 0.9912280701754386)",1,97.48245614035083,29579
"(0.8859649122807017, 0.9912280701754386)",1,97.48245614035083,29580
"(0.8859649122807017, 0.9912280701754386)",1,97.48245614035083,29581
"(0.3223484848484848, 0.9988636363636364)",1,97.4818181818182,29582
"(0.5025, 0.995)",1,97.48125000000012,29583
"(0.3159090909090909, 0.9988636363636364)",1,97.48030303030308,29584
"(0.49625, 0.99875)",1,97.48000000000005,29585
"(0.8958333333333334, 0.9791666666666666)",1,97.4791666666668,29586
"(0.9916666666666668, 0.9958333333333332)",1,97.47916666666674,29587
"(0.9791666666666666, 0.9958333333333332)",1,97.47916666666671,29588
"(0.9666666666666668, 0.9958333333333332)",1,97.47916666666671,29589
"(0.9916666666666668, 0.9958333333333332)",1,97.47916666666671,29590
"(0.8125, 0.9833333333333332)",1,97.47916666666664,29591
"(0.9333333333333332, 0.9875)",2,97.47916666666652,29593
"(0.9333333333333332, 0.975)",1,97.4791666666665,29594
"(0.9458333333333332, 0.975)",2,97.47916666666649,29596
"(0.7719298245614035, 0.9912280701754386)",1,97.47807017543856,29597
"(0.768918918918919, 0.9780405405405406)",1,97.47804054054058,29598
"(0.50875, 0.995)",1,97.47750000000006,29599
"(0.7655405405405405, 0.979054054054054)",1,97.47736486486492,29600
"(0.8488372093023255, 0.9767441860465116)",1,97.47674418604664,29601
"(0.7790697674418605, 0.9767441860465116)",2,97.47674418604662,29603
"(0.8837209302325582, 0.9767441860465116)",2,97.47674418604662,29605
"(0.8023255813953488, 0.9767441860465116)",1,97.47674418604662,29606
"(0.8255813953488372, 0.9767441860465116)",1,97.47674418604662,29607
"(0.9186046511627908, 0.9767441860465116)",1,97.47674418604662,29608
"(0.8953488372093024, 0.9767441860465116)",4,97.47674418604662,29612
"(0.813953488372093, 0.9767441860465116)",1,97.47674418604662,29613
"(0.8488372093023255, 0.9767441860465116)",2,97.47674418604662,29615
"(0.9069767441860463, 0.9767441860465116)",1,97.47674418604662,29616
"(0.9302325581395348, 0.9767441860465116)",2,97.47674418604662,29618
"(0.8372093023255814, 0.9767441860465116)",1,97.4767441860466,29619
"(0.8604651162790697, 0.9767441860465116)",1,97.4767441860466,29620
"(0.8255813953488372, 0.9767441860465116)",1,97.4767441860466,29621
"(0.9302325581395348, 0.9767441860465116)",4,97.4767441860466,29625
"(0.8488372093023255, 0.9767441860465116)",1,97.4767441860466,29626
"(0.5890151515151515, 0.9965909090909092)",1,97.47651515151529,29627
"(0.5333333333333333, 0.999621212121212)",1,97.47537878787884,29628
"(0.4462121212121212, 0.999621212121212)",1,97.4753787878788,29629
"(0.9833333333333332, 0.9958333333333332)",2,97.4750000000001,29631
"(0.95, 0.9833333333333332)",1,97.4750000000001,29632
"(0.9666666666666668, 0.9958333333333332)",1,97.47500000000008,29633
"(0.975, 0.9958333333333332)",1,97.47500000000008,29634
"(0.9708333333333332, 0.9958333333333332)",1,97.47500000000008,29635
"(0.975, 0.9958333333333332)",1,97.47500000000004,29636
"(0.9875, 0.9958333333333332)",2,97.47500000000002,29638
"(0.9083333333333332, 0.9833333333333332)",1,97.47500000000002,29639
"(0.48375, 0.99125)",1,97.4749999999998,29640
"(0.296969696969697, 0.999621212121212)",1,97.47462121212124,29641
"(0.8076923076923077, 0.9871794871794872)",5,97.47435897435912,29646
"(0.8205128205128205, 0.9871794871794872)",5,97.4743589743591,29651
"(0.7307692307692307, 0.9871794871794872)",1,97.4743589743591,29652
"(0.7435897435897436, 0.9871794871794872)",1,97.4743589743591,29653
"(0.5512820512820513, 1.0)",1,97.47435897435898,29654
"(0.4615384615384615, 1.0)",1,97.47435897435898,29655
"(0.456060606060606, 0.9965909090909092)",1,97.47424242424248,29656
"(0.8552631578947368, 0.9912280701754386)",3,97.4736842105263,29659
"(0.9035087719298246, 0.9912280701754386)",1,97.4736842105263,29660
"(0.9078947368421052, 0.9912280701754386)",1,97.47368421052629,29661
"(0.4079545454545454, 1.0)",3,97.47310606060606,29664
"(0.3556818181818181, 1.0)",1,97.47272727272728,29665
"(0.5075, 0.99875)",1,97.47250000000014,29666
"(0.5257575757575758, 1.0)",3,97.47234848484848,29669
"(0.9166666666666666, 0.9861111111111112)",3,97.47222222222244,29672
"(0.8611111111111112, 0.9861111111111112)",3,97.47222222222244,29675
"(0.7638888888888888, 0.9861111111111112)",1,97.47222222222244,29676
"(0.9305555555555556, 0.9861111111111112)",1,97.47222222222244,29677
"(0.8055555555555556, 0.9861111111111112)",1,97.47222222222244,29678
"(0.7916666666666666, 0.9861111111111112)",2,97.47222222222244,29680
"(0.6944444444444444, 0.9861111111111112)",1,97.47222222222244,29681
"(0.875, 0.9861111111111112)",1,97.47222222222244,29682
"(0.8611111111111112, 0.9861111111111112)",2,97.4722222222224,29684
"(0.9444444444444444, 0.9722222222222222)",1,97.4722222222224,29685
"(0.8194444444444444, 0.9861111111111112)",3,97.4722222222224,29688
"(0.6388888888888888, 0.9861111111111112)",2,97.4722222222224,29690
"(0.9027777777777778, 0.9861111111111112)",1,97.4722222222224,29691
"(0.8333333333333334, 0.9861111111111112)",1,97.4722222222224,29692
"(0.7777777777777778, 0.9861111111111112)",2,97.4722222222224,29694
"(0.8055555555555556, 0.9861111111111112)",3,97.4722222222224,29697
"(0.5972222222222222, 0.9861111111111112)",2,97.4722222222224,29699
"(0.7916666666666666, 0.9861111111111112)",1,97.4722222222224,29700
"(0.7083333333333334, 1.0)",1,97.47222222222224,29701
"(0.9444444444444444, 1.0)",1,97.47222222222224,29702
"(0.7222222222222222, 1.0)",1,97.47222222222224,29703
"(0.8472222222222222, 1.0)",1,97.47222222222224,29704
"(0.8194444444444444, 1.0)",1,97.47222222222224,29705
"(0.8888888888888888, 1.0)",1,97.47222222222224,29706
"(0.8055555555555556, 1.0)",1,97.47222222222224,29707
"(0.7638888888888888, 1.0)",2,97.47222222222224,29709
"(0.8402027027027027, 0.9760135135135136)",1,97.4712837837838,29710
"(0.67125, 0.985)",1,97.47125000000004,29711
"(0.54375, 0.98375)",1,97.47125,29712
"(0.4602272727272727, 0.9984848484848484)",1,97.47121212121216,29713
"(0.9125, 0.9791666666666666)",1,97.47083333333346,29714
"(0.975, 0.9958333333333332)",1,97.47083333333342,29715
"(0.9791666666666666, 0.9958333333333332)",1,97.4708333333334,29716
"(0.9833333333333332, 0.9958333333333332)",1,97.4708333333334,29717
"(0.9208333333333332, 0.9916666666666668)",1,97.47083333333308,29718
"(0.655, 0.99625)",1,97.47,29719
"(0.3954545454545454, 0.9981060606060606)",1,97.46969696969704,29720
"(0.7719298245614035, 0.9912280701754386)",1,97.469298245614,29721
"(0.9473684210526316, 0.9912280701754386)",1,97.469298245614,29722
"(0.7763157894736842, 0.9912280701754386)",1,97.469298245614,29723
"(0.8043918918918919, 0.9780405405405406)",1,97.46925675675674,29724
"(0.49375, 0.99125)",1,97.46750000000009,29725
"(0.9208333333333332, 0.9791666666666666)",1,97.46666666666682,29726
"(0.95, 0.9791666666666666)",1,97.46666666666675,29727
"(0.9333333333333332, 0.9833333333333332)",1,97.46666666666674,29728
"(0.9166666666666666, 0.9833333333333332)",1,97.46666666666674,29729
"(0.9166666666666666, 0.9833333333333332)",1,97.46666666666673,29730
"(0.9916666666666668, 0.9958333333333332)",1,97.4666666666667,29731
"(0.6833333333333333, 1.0)",1,97.46666666666668,29732
"(0.9666666666666668, 1.0)",1,97.46666666666668,29733
"(0.2553030303030303, 1.0)",1,97.46666666666668,29734
"(0.9166666666666666, 0.975)",1,97.46666666666653,29735
"(0.9125, 0.975)",1,97.46666666666648,29736
"(0.8958333333333334, 0.975)",1,97.46666666666646,29737
"(0.9162162162162162, 0.9760135135135136)",1,97.46554054054045,29738
"(0.8023255813953488, 0.9883720930232558)",1,97.46511627906992,29739
"(0.8837209302325582, 0.9767441860465116)",3,97.46511627906987,29742
"(0.8372093023255814, 0.9767441860465116)",4,97.46511627906987,29746
"(0.8953488372093024, 0.9767441860465116)",1,97.46511627906987,29747
"(0.9302325581395348, 0.9767441860465116)",2,97.46511627906987,29749
"(0.7093023255813954, 0.9767441860465116)",1,97.46511627906987,29750
"(0.8604651162790697, 0.9767441860465116)",1,97.46511627906987,29751
"(0.8488372093023255, 0.9767441860465116)",1,97.46511627906987,29752
"(0.7790697674418605, 0.9767441860465116)",1,97.46511627906986,29753
"(0.9302325581395348, 0.9767441860465116)",4,97.46511627906986,29757
"(0.8023255813953488, 0.9767441860465116)",1,97.46511627906986,29758
"(0.8488372093023255, 0.9767441860465116)",1,97.46511627906986,29759
"(0.8837209302325582, 0.9767441860465116)",3,97.46511627906986,29762
"(0.9651162790697676, 0.9767441860465116)",1,97.46511627906986,29763
"(0.9473684210526316, 0.9912280701754386)",1,97.46491228070172,29764
"(0.3534090909090909, 0.999621212121212)",3,97.46477272727272,29767
"(0.2401515151515151, 0.999621212121212)",3,97.46401515151516,29770
"(0.505, 0.9975)",1,97.46375000000008,29771
"(0.485, 0.9975)",1,97.46375000000006,29772
"(0.3102272727272727, 1.0)",1,97.46363636363635,29773
"(0.9125, 0.9791666666666666)",1,97.46250000000016,29774
"(0.9833333333333332, 0.9958333333333332)",1,97.4625000000001,29775
"(0.8125, 0.9833333333333332)",1,97.46250000000008,29776
"(0.975, 0.9958333333333332)",1,97.46250000000006,29777
"(0.9875, 0.9958333333333332)",1,97.46250000000006,29778
"(0.9791666666666666, 0.9958333333333332)",1,97.46250000000003,29779
"(0.52125, 0.98625)",1,97.46249999999992,29780
"(0.8125, 0.975)",1,97.46249999999986,29781
"(0.717948717948718, 0.9871794871794872)",1,97.4615384615386,29782
"(0.7051282051282052, 0.9871794871794872)",3,97.4615384615386,29785
"(0.5512820512820513, 1.0)",1,97.46153846153848,29786
"(0.3461538461538461, 1.0)",1,97.46153846153848,29787
"(0.53375, 0.9925)",1,97.46124999999998,29788
"(0.5925, 0.99125)",1,97.46124999999994,29789
"(0.9078947368421052, 0.9912280701754386)",3,97.46052631578944,29792
"(0.65125, 0.98375)",1,97.45999999999994,29793
"(0.9722222222222222, 0.9861111111111112)",1,97.45833333333354,29794
"(0.8888888888888888, 0.9861111111111112)",1,97.45833333333351,29795
"(0.875, 0.9861111111111112)",2,97.45833333333351,29797
"(0.8333333333333334, 0.9861111111111112)",2,97.45833333333351,29799
"(0.5277777777777778, 0.9861111111111112)",1,97.45833333333351,29800
"(0.8194444444444444, 0.9861111111111112)",4,97.45833333333351,29804
"(0.8611111111111112, 0.9861111111111112)",2,97.45833333333351,29806
"(0.6944444444444444, 0.9861111111111112)",1,97.45833333333351,29807
"(0.75, 0.9861111111111112)",1,97.45833333333351,29808
"(0.9027777777777778, 0.9861111111111112)",2,97.45833333333351,29810
"(0.8916666666666667, 0.9791666666666666)",1,97.4583333333335,29811
"(0.9875, 0.9958333333333332)",1,97.4583333333334,29812
"(0.9875, 0.9958333333333332)",1,97.45833333333336,29813
"(0.9791666666666666, 0.9958333333333332)",1,97.45833333333336,29814
"(0.8333333333333334, 1.0)",1,97.45833333333331,29815
"(0.9583333333333334, 1.0)",1,97.45833333333331,29816
"(0.8055555555555556, 1.0)",1,97.45833333333331,29817
"(0.925, 0.975)",1,97.45833333333316,29818
"(0.5175, 0.9975)",1,97.45750000000004,29819
"(0.7469594594594594, 0.9787162162162162)",1,97.45641891891891,29820
"(0.9078947368421052, 0.9912280701754386)",2,97.45614035087718,29822
"(0.7105263157894737, 0.9912280701754386)",3,97.45614035087718,29825
"(0.5425, 0.985)",1,97.45500000000004,29826
"(0.768918918918919, 0.9777027027027028)",1,97.4547297297298,29827
"(0.8958333333333334, 0.9791666666666666)",1,97.45416666666684,29828
"(0.9833333333333332, 0.9958333333333332)",1,97.45416666666677,29829
"(0.9708333333333332, 0.9958333333333332)",1,97.4541666666667,29830
"(0.8958333333333334, 0.975)",1,97.4541666666665,29831
"(0.8891891891891892, 0.9773648648648648)",1,97.45405405405404,29832
"(0.7543918918918919, 0.9780405405405406)",1,97.45371621621628,29833
"(0.7334459459459459, 0.9753378378378378)",1,97.45371621621626,29834
"(0.8255813953488372, 0.9883720930232558)",1,97.45348837209318,29835
"(0.8837209302325582, 0.9767441860465116)",3,97.45348837209312,29838
"(0.8255813953488372, 0.9767441860465116)",2,97.45348837209312,29840
"(0.9418604651162792, 0.9767441860465116)",1,97.45348837209312,29841
"(0.7790697674418605, 0.9767441860465116)",1,97.45348837209312,29842
"(0.8837209302325582, 0.9767441860465116)",1,97.45348837209312,29843
"(0.9302325581395348, 0.9767441860465116)",5,97.45348837209312,29848
"(0.8953488372093024, 0.9767441860465116)",1,97.45348837209312,29849
"(0.813953488372093, 0.9767441860465116)",1,97.45348837209312,29850
"(0.789527027027027, 0.9777027027027028)",1,97.45337837837847,29851
"(0.7256756756756757, 0.9777027027027028)",1,97.45236486486486,29852
"(0.4356060606060606, 0.9988636363636364)",1,97.45227272727276,29853
"(0.7719298245614035, 0.9912280701754386)",1,97.45175438596488,29854
"(0.4079545454545454, 1.0)",1,97.45151515151515,29855
"(0.44125, 0.9875)",1,97.45124999999994,29856
"(0.8958333333333334, 0.9791666666666666)",1,97.45000000000012,29857
"(0.7166666666666667, 0.9833333333333332)",1,97.45000000000007,29858
"(0.9833333333333332, 0.9833333333333332)",1,97.45000000000006,29859
"(0.8791666666666667, 0.9833333333333332)",1,97.45000000000006,29860
"(0.9666666666666668, 0.9833333333333332)",2,97.45000000000006,29862
"(0.8666666666666667, 0.9833333333333332)",2,97.45000000000006,29864
"(0.9833333333333332, 0.9958333333333332)",1,97.45000000000005,29865
"(0.8833333333333333, 0.9833333333333332)",1,97.45000000000005,29866
"(0.9375, 0.9833333333333332)",1,97.45000000000002,29867
"(0.9333333333333332, 1.0)",1,97.45,29868
"(0.85, 1.0)",1,97.45,29869
"(0.9291666666666668, 0.9833333333333332)",1,97.45,29870
"(0.8166666666666667, 1.0)",1,97.45,29871
"(0.95, 1.0)",1,97.45,29872
"(0.8875, 0.975)",1,97.44999999999985,29873
"(0.8958333333333334, 0.9875)",1,97.44999999999985,29874
"(0.2553030303030303, 1.0)",3,97.44962121212124,29877
"(0.8472972972972973, 0.9777027027027028)",1,97.44932432432434,29878
"(0.9037162162162162, 0.9773648648648648)",1,97.44898648648648,29879
"(0.8513513513513513, 0.9773648648648648)",1,97.44898648648643,29880
"(0.4291666666666666, 1.0)",1,97.44886363636364,29881
"(0.50875, 0.9875)",1,97.44874999999992,29882
"(0.8717948717948718, 0.9871794871794872)",5,97.4487179487181,29887
"(0.7692307692307693, 0.9871794871794872)",1,97.4487179487181,29888
"(0.6410256410256411, 0.9871794871794872)",6,97.44871794871808,29894
"(0.8076923076923077, 0.9871794871794872)",1,97.44871794871808,29895
"(0.8076923076923077, 1.0)",1,97.44871794871796,29896
"(0.228030303030303, 0.9988636363636364)",1,97.44810606060608,29897
"(0.2265151515151515, 1.0)",3,97.44810606060608,29900
"(0.8728070175438597, 0.9912280701754386)",1,97.4473684210526,29901
"(0.2704545454545454, 0.9992424242424244)",1,97.44734848484848,29902
"(0.3556818181818181, 0.9977272727272728)",1,97.4469696969698,29903
"(0.2893939393939393, 1.0)",3,97.44696969696967,29906
"(0.2856060606060606, 0.999621212121212)",1,97.44659090909094,29907
"(0.7638513513513514, 0.9780405405405406)",1,97.44628378378374,29908
"(0.9327702702702704, 0.9780405405405406)",1,97.44594594594597,29909
"(0.9125, 0.9791666666666666)",1,97.44583333333352,29910
"(0.9458333333333332, 0.9791666666666666)",1,97.4458333333335,29911
"(0.8416666666666667, 0.9791666666666666)",1,97.4458333333335,29912
"(0.925, 0.9791666666666666)",1,97.44583333333348,29913
"(0.8958333333333334, 0.9791666666666666)",1,97.44583333333348,29914
"(0.9833333333333332, 0.9958333333333332)",1,97.44583333333344,29915
"(0.975, 0.9958333333333332)",2,97.4458333333334,29917
"(0.9875, 0.9958333333333332)",1,97.4458333333334,29918
"(0.9916666666666668, 0.9958333333333332)",1,97.4458333333334,29919
"(0.8791666666666667, 0.9833333333333332)",1,97.44583333333333,29920
"(0.9458333333333332, 0.975)",1,97.44583333333318,29921
"(0.8263513513513514, 0.9783783783783784)",1,97.44560810810812,29922
"(0.49875, 0.9975)",1,97.44500000000012,29923
"(0.7638888888888888, 0.9861111111111112)",1,97.44444444444464,29924
"(0.8055555555555556, 0.9861111111111112)",1,97.44444444444464,29925
"(0.6944444444444444, 0.9861111111111112)",4,97.44444444444464,29929
"(0.6805555555555556, 0.9861111111111112)",1,97.44444444444464,29930
"(0.5277777777777778, 0.9861111111111112)",1,97.44444444444464,29931
"(0.9444444444444444, 0.9861111111111112)",1,97.44444444444464,29932
"(0.8333333333333334, 0.9861111111111112)",4,97.44444444444464,29936
"(0.7083333333333334, 0.9861111111111112)",1,97.44444444444464,29937
"(0.5555555555555556, 0.9861111111111112)",1,97.44444444444464,29938
"(0.8611111111111112, 0.9861111111111112)",3,97.44444444444464,29941
"(0.8472222222222222, 0.9861111111111112)",2,97.44444444444464,29943
"(0.7916666666666666, 0.9861111111111112)",1,97.44444444444464,29944
"(0.6388888888888888, 0.9861111111111112)",3,97.44444444444464,29947
"(0.75, 0.9861111111111112)",1,97.44444444444464,29948
"(0.4166666666666667, 0.9861111111111112)",1,97.44444444444464,29949
"(0.5, 0.9861111111111112)",1,97.44444444444464,29950
"(0.9027777777777778, 0.9861111111111112)",8,97.44444444444464,29958
"(0.8194444444444444, 0.9861111111111112)",1,97.44444444444464,29959
"(0.7777777777777778, 0.9861111111111112)",1,97.44444444444464,29960
"(0.8888888888888888, 0.9861111111111112)",2,97.44444444444464,29962
"(0.8888888888888888, 1.0)",1,97.44444444444444,29963
"(0.8333333333333334, 1.0)",1,97.44444444444444,29964
"(0.7916666666666666, 1.0)",1,97.44444444444444,29965
"(0.9583333333333334, 1.0)",1,97.44444444444444,29966
"(0.7222222222222222, 1.0)",1,97.44444444444444,29967
"(0.9305555555555556, 1.0)",1,97.44444444444444,29968
"(0.7083333333333334, 1.0)",1,97.44444444444444,29969
"(0.8859649122807017, 0.9912280701754386)",1,97.44298245614031,29970
"(0.7149122807017544, 0.9912280701754386)",1,97.44298245614031,29971
"(0.8255813953488372, 0.9883720930232558)",1,97.44186046511643,29972
"(0.6744186046511628, 0.9883720930232558)",1,97.44186046511643,29973
"(0.813953488372093, 0.9883720930232558)",1,97.44186046511643,29974
"(0.7209302325581395, 0.9883720930232558)",1,97.44186046511643,29975
"(0.8837209302325582, 0.9767441860465116)",2,97.4418604651164,29977
"(0.8953488372093024, 0.9767441860465116)",1,97.4418604651164,29978
"(0.813953488372093, 0.9767441860465116)",1,97.4418604651164,29979
"(0.8488372093023255, 0.9767441860465116)",2,97.44186046511638,29981
"(0.8604651162790697, 0.9767441860465116)",1,97.44186046511638,29982
"(0.8837209302325582, 0.9767441860465116)",5,97.44186046511638,29987
"(0.7790697674418605, 0.9767441860465116)",2,97.44186046511638,29989
"(0.8023255813953488, 0.9767441860465116)",2,97.44186046511638,29991
"(0.9302325581395348, 0.9767441860465116)",8,97.44186046511638,29999
"(0.9186046511627908, 0.9767441860465116)",3,97.44186046511638,30002
"(0.9534883720930232, 0.9767441860465116)",1,97.44186046511638,30003
"(0.7674418604651163, 0.9767441860465116)",1,97.44186046511638,30004
"(0.4291666666666666, 0.9984848484848484)",1,97.4416666666668,30005
"(0.9458333333333332, 0.9833333333333332)",1,97.4416666666667,30006
"(0.925, 0.9833333333333332)",2,97.44166666666668,30008
"(0.9208333333333332, 0.9875)",1,97.44166666666656,30009
"(0.9125, 0.975)",1,97.44166666666648,30010
"(0.9375, 0.975)",1,97.44166666666648,30011
"(0.2579545454545454, 0.9992424242424244)",1,97.44015151515154,30012
"(0.5075, 0.995)",1,97.44000000000004,30013
"(0.8780405405405406, 0.9780405405405406)",1,97.43952702702708,30014
"(0.6575757575757576, 0.9977272727272728)",1,97.43863636363648,30015
"(0.9429824561403508, 0.9912280701754386)",1,97.43859649122804,30016
"(0.6929824561403509, 0.9912280701754386)",1,97.43859649122804,30017
"(0.7719298245614035, 0.9912280701754386)",1,97.43859649122804,30018
"(0.50625, 0.99625)",3,97.43750000000018,30021
"(0.49875, 0.995)",1,97.43750000000016,30022
"(0.9916666666666668, 0.9958333333333332)",1,97.43750000000009,30023
"(0.9791666666666666, 0.9958333333333332)",1,97.43750000000009,30024
"(0.925, 0.9958333333333332)",1,97.43750000000009,30025
"(0.9125, 0.9833333333333332)",1,97.43750000000004,30026
"(0.9458333333333332, 0.9833333333333332)",1,97.43750000000004,30027
"(0.8462837837837838, 0.9766891891891892)",1,97.43749999999989,30028
"(0.4276515151515151, 0.999621212121212)",1,97.43674242424248,30029
"(0.8875, 0.9756756756756756)",1,97.43648648648644,30030
"(0.2102272727272727, 0.9984848484848484)",3,97.43636363636364,30033
"(0.49875, 0.99625)",1,97.43625000000011,30034
"(0.48875, 0.99875)",1,97.43625000000011,30035
"(0.8717948717948718, 0.9871794871794872)",1,97.4358974358976,30036
"(0.8076923076923077, 0.9871794871794872)",1,97.43589743589756,30037
"(0.6410256410256411, 0.9871794871794872)",1,97.43589743589756,30038
"(0.6794871794871795, 0.9871794871794872)",1,97.43589743589756,30039
"(0.7307692307692307, 0.9871794871794872)",1,97.43589743589756,30040
"(0.6794871794871795, 1.0)",1,97.43589743589745,30041
"(0.7051282051282052, 1.0)",1,97.43589743589745,30042
"(0.3534090909090909, 0.999621212121212)",3,97.43560606060608,30045
"(0.3174242424242424, 1.0)",1,97.43371212121212,30046
"(1.0, 0.9833333333333332)",1,97.4333333333334,30047
"(0.9333333333333332, 0.9833333333333332)",1,97.4333333333334,30048
"(0.8166666666666667, 0.9833333333333332)",1,97.4333333333334,30049
"(0.95, 0.9833333333333332)",1,97.4333333333334,30050
"(0.9833333333333332, 0.9833333333333332)",3,97.4333333333334,30053
"(0.9666666666666668, 0.9958333333333332)",1,97.43333333333338,30054
"(0.95, 0.9833333333333332)",1,97.43333333333337,30055
"(0.8833333333333333, 1.0)",1,97.43333333333334,30056
"(0.8666666666666667, 1.0)",1,97.43333333333334,30057
"(0.9166666666666666, 0.975)",2,97.43333333333318,30059
"(0.8833333333333333, 0.9875)",1,97.43333333333317,30060
"(0.9208333333333332, 0.9875)",1,97.43333333333317,30061
"(0.925, 0.975)",1,97.43333333333312,30062
"(0.5075, 0.99625)",1,97.43250000000016,30063
"(0.3954545454545454, 0.9992424242424244)",1,97.43068181818184,30064
"(0.8055555555555556, 0.9861111111111112)",3,97.43055555555576,30067
"(0.7916666666666666, 0.9861111111111112)",2,97.43055555555576,30069
"(0.8611111111111112, 0.9861111111111112)",2,97.43055555555576,30071
"(0.9166666666666666, 0.9861111111111112)",1,97.43055555555576,30072
"(0.8472222222222222, 0.9861111111111112)",3,97.43055555555576,30075
"(0.75, 0.9861111111111112)",1,97.43055555555576,30076
"(0.6944444444444444, 0.9861111111111112)",2,97.43055555555576,30078
"(0.7638888888888888, 0.9861111111111112)",1,97.43055555555576,30079
"(0.5277777777777778, 0.9861111111111112)",1,97.43055555555576,30080
"(0.5555555555555556, 0.9861111111111112)",1,97.43055555555576,30081
"(0.7361111111111112, 0.9861111111111112)",1,97.43055555555576,30082
"(0.8333333333333334, 0.9861111111111112)",2,97.43055555555576,30084
"(0.6388888888888888, 0.9861111111111112)",1,97.43055555555576,30085
"(0.8888888888888888, 0.9861111111111112)",3,97.43055555555576,30088
"(0.8194444444444444, 0.9861111111111112)",4,97.43055555555576,30092
"(0.7777777777777778, 0.9861111111111112)",2,97.43055555555576,30094
"(0.8888888888888888, 0.9722222222222222)",1,97.43055555555574,30095
"(0.7638888888888888, 1.0)",1,97.43055555555556,30096
"(0.9166666666666666, 1.0)",2,97.43055555555556,30098
"(0.75, 1.0)",1,97.43055555555556,30099
"(0.9305555555555556, 1.0)",1,97.43055555555556,30100
"(0.7083333333333334, 1.0)",1,97.43055555555556,30101
"(0.8194444444444444, 1.0)",1,97.43055555555556,30102
"(0.9444444444444444, 1.0)",1,97.43055555555556,30103
"(0.9305555555555556, 1.0)",1,97.43055555555554,30104
"(0.9166666666666666, 1.0)",1,97.43055555555554,30105
"(0.9583333333333334, 1.0)",1,97.43055555555554,30106
"(0.8488372093023255, 0.9767441860465116)",5,97.43023255813964,30111
"(0.9302325581395348, 0.9767441860465116)",8,97.43023255813964,30119
"(0.7790697674418605, 0.9767441860465116)",4,97.43023255813964,30123
"(0.9418604651162792, 0.9767441860465116)",1,97.43023255813964,30124
"(0.8953488372093024, 0.9767441860465116)",1,97.43023255813964,30125
"(0.8488372093023255, 0.9767441860465116)",1,97.43023255813964,30126
"(0.8953488372093024, 0.9767441860465116)",1,97.43023255813964,30127
"(0.9651162790697676, 0.9767441860465116)",1,97.43023255813964,30128
"(0.8837209302325582, 0.9767441860465116)",5,97.43023255813964,30133
"(0.8372093023255814, 0.9767441860465116)",3,97.43023255813964,30136
"(0.8604651162790697, 0.9767441860465116)",2,97.43023255813964,30138
"(0.8255813953488372, 0.9767441860465116)",1,97.43023255813964,30139
"(0.8023255813953488, 0.9767441860465116)",1,97.43023255813964,30140
"(0.8953488372093024, 0.9767441860465116)",1,97.43023255813962,30141
"(0.7790697674418605, 0.9767441860465116)",1,97.43023255813962,30142
"(0.50875, 0.995)",1,97.43000000000008,30143
"(0.9473684210526316, 0.9912280701754386)",1,97.42982456140348,30144
"(0.9035087719298246, 0.9912280701754386)",1,97.42982456140348,30145
"(0.9429824561403508, 0.9912280701754386)",1,97.42982456140348,30146
"(0.9035087719298246, 0.9912280701754386)",1,97.42982456140346,30147
"(0.8875, 0.9791666666666666)",1,97.42916666666676,30148
"(0.9791666666666666, 0.9958333333333332)",2,97.42916666666672,30150
"(0.9791666666666666, 0.9958333333333332)",1,97.42916666666672,30151
"(0.9875, 0.9958333333333332)",1,97.42916666666667,30152
"(0.9458333333333332, 0.9875)",1,97.4291666666666,30153
"(0.4049242424242424, 0.9992424242424244)",1,97.4284090909091,30154
"(0.45125, 0.98875)",1,97.4275,30155
"(0.3431818181818182, 0.9992424242424244)",1,97.42689393939398,30156
"(0.5, 0.9925)",1,97.42625000000018,30157
"(0.48375, 0.99375)",1,97.42625000000002,30158
"(0.3954545454545454, 1.0)",1,97.4253787878788,30159
"(0.4825, 0.99625)",1,97.42500000000014,30160
"(0.9916666666666668, 0.9958333333333332)",1,97.42500000000004,30161
"(0.8958333333333334, 0.9833333333333332)",1,97.42500000000004,30162
"(0.95, 1.0)",1,97.42499999999993,30163
"(0.9125, 0.975)",1,97.42499999999984,30164
"(0.9458333333333332, 0.975)",1,97.4249999999998,30165
"(0.9541666666666668, 0.975)",1,97.4249999999998,30166
"(0.2996212121212121, 0.9992424242424244)",1,97.42386363636363,30167
"(0.9037162162162162, 0.9746621621621622)",1,97.42331081081072,30168
"(0.717948717948718, 0.9871794871794872)",1,97.42307692307706,30169
"(0.7307692307692307, 0.9871794871794872)",1,97.42307692307706,30170
"(0.7655405405405405, 0.979054054054054)",1,97.42162162162168,30171
"(0.4462121212121212, 1.0)",3,97.42121212121214,30174
"(0.7719298245614035, 0.9912280701754386)",1,97.42105263157892,30175
"(0.9473684210526316, 0.9912280701754386)",1,97.42105263157892,30176
"(0.9125, 0.9791666666666666)",2,97.4208333333335,30178
"(0.9, 0.9791666666666666)",1,97.42083333333346,30179
"(0.9791666666666666, 0.9958333333333332)",1,97.42083333333343,30180
"(0.9916666666666668, 0.9958333333333332)",1,97.4208333333334,30181
"(0.8791666666666667, 0.975)",2,97.42083333333316,30183
"(0.9083333333333332, 0.975)",1,97.42083333333316,30184
"(0.9375, 0.975)",1,97.42083333333314,30185
"(0.9277027027027028, 0.9753378378378378)",1,97.42027027027014,30186
"(0.49, 0.99625)",1,97.42000000000004,30187
"(0.49, 0.98875)",1,97.42,30188
"(0.431060606060606, 0.9992424242424244)",1,97.419696969697,30189
"(0.7912162162162162, 0.9766891891891892)",1,97.41925675675672,30190
"(0.7441860465116279, 0.9883720930232558)",1,97.41860465116297,30191
"(0.3372093023255814, 0.9883720930232558)",1,97.41860465116297,30192
"(0.8953488372093024, 0.9883720930232558)",1,97.41860465116297,30193
"(0.8023255813953488, 0.9883720930232558)",1,97.41860465116297,30194
"(0.7441860465116279, 0.9767441860465116)",1,97.4186046511629,30195
"(0.8488372093023255, 0.9767441860465116)",1,97.4186046511629,30196
"(0.9302325581395348, 0.9767441860465116)",6,97.4186046511629,30202
"(0.7906976744186046, 0.9767441860465116)",1,97.4186046511629,30203
"(0.9651162790697676, 0.9767441860465116)",1,97.4186046511629,30204
"(0.8604651162790697, 0.9767441860465116)",1,97.4186046511629,30205
"(0.7790697674418605, 0.9767441860465116)",8,97.4186046511629,30213
"(0.7209302325581395, 0.9767441860465116)",1,97.4186046511629,30214
"(0.8953488372093024, 0.9767441860465116)",5,97.4186046511629,30219
"(0.7558139534883721, 0.9767441860465116)",1,97.4186046511629,30220
"(0.9186046511627908, 0.9767441860465116)",3,97.4186046511629,30223
"(0.8372093023255814, 0.9767441860465116)",6,97.4186046511629,30229
"(0.6046511627906976, 0.9767441860465116)",1,97.41860465116288,30230
"(0.8372093023255814, 0.9767441860465116)",2,97.41860465116288,30232
"(0.7906976744186046, 0.9767441860465116)",1,97.41860465116288,30233
"(0.9302325581395348, 0.9767441860465116)",1,97.41860465116288,30234
"(0.8488372093023255, 0.9767441860465116)",1,97.41860465116288,30235
"(0.55625, 0.98625)",1,97.41750000000002,30236
"(0.7222222222222222, 0.9861111111111112)",2,97.41666666666688,30238
"(0.8333333333333334, 0.9861111111111112)",1,97.41666666666688,30239
"(0.8055555555555556, 0.9861111111111112)",1,97.41666666666688,30240
"(0.9166666666666666, 0.9861111111111112)",1,97.41666666666688,30241
"(0.8194444444444444, 0.9861111111111112)",1,97.41666666666688,30242
"(0.7777777777777778, 0.9861111111111112)",1,97.41666666666688,30243
"(0.8472222222222222, 0.9861111111111112)",4,97.41666666666688,30247
"(0.6944444444444444, 0.9861111111111112)",1,97.41666666666688,30248
"(0.8611111111111112, 0.9861111111111112)",3,97.41666666666688,30251
"(0.5972222222222222, 0.9861111111111112)",1,97.41666666666688,30252
"(0.7916666666666666, 0.9861111111111112)",1,97.41666666666688,30253
"(0.6388888888888888, 0.9861111111111112)",1,97.41666666666688,30254
"(0.9027777777777778, 0.9861111111111112)",3,97.41666666666688,30257
"(0.7777777777777778, 0.9861111111111112)",2,97.41666666666686,30259
"(0.7916666666666666, 0.9861111111111112)",1,97.41666666666686,30260
"(0.8888888888888888, 0.9861111111111112)",1,97.41666666666686,30261
"(0.7222222222222222, 0.9861111111111112)",1,97.41666666666686,30262
"(0.9458333333333332, 0.9791666666666666)",1,97.41666666666684,30263
"(0.9083333333333332, 0.9791666666666666)",1,97.4166666666668,30264
"(0.9833333333333332, 0.9958333333333332)",1,97.41666666666676,30265
"(0.9791666666666666, 0.9958333333333332)",1,97.41666666666676,30266
"(0.8833333333333333, 0.9833333333333332)",1,97.41666666666674,30267
"(0.8666666666666667, 0.9833333333333332)",1,97.41666666666674,30268
"(0.9833333333333332, 0.9958333333333332)",2,97.41666666666671,30270
"(0.9666666666666668, 0.9833333333333332)",1,97.41666666666671,30271
"(0.9833333333333332, 0.9833333333333332)",1,97.41666666666671,30272
"(0.9125, 0.9833333333333332)",1,97.41666666666671,30273
"(0.9708333333333332, 0.9958333333333332)",1,97.41666666666671,30274
"(0.8666666666666667, 0.9833333333333332)",2,97.41666666666671,30276
"(0.9541666666666668, 0.9958333333333332)",1,97.4166666666667,30277
"(0.9416666666666668, 0.9833333333333332)",1,97.4166666666667,30278
"(0.9305555555555556, 1.0)",1,97.41666666666669,30279
"(0.9583333333333334, 1.0)",1,97.41666666666669,30280
"(0.9027777777777778, 1.0)",1,97.41666666666669,30281
"(0.8666666666666667, 1.0)",1,97.41666666666669,30282
"(0.8333333333333334, 1.0)",1,97.41666666666669,30283
"(0.9, 1.0)",1,97.41666666666666,30284
"(0.7222222222222222, 1.0)",1,97.41666666666666,30285
"(0.9305555555555556, 1.0)",1,97.41666666666666,30286
"(0.9666666666666668, 1.0)",1,97.41666666666666,30287
"(0.8333333333333334, 1.0)",2,97.41666666666666,30289
"(1.0, 1.0)",1,97.41666666666666,30290
"(0.85, 1.0)",1,97.41666666666666,30291
"(0.7719298245614035, 0.9912280701754386)",1,97.41666666666664,30292
"(0.4079545454545454, 1.0)",2,97.41628787878788,30294
"(0.49375, 0.9975)",1,97.41625000000008,30295
"(0.8216216216216217, 0.9766891891891892)",1,97.41520270270262,30296
"(0.4276515151515151, 0.999621212121212)",1,97.41515151515154,30297
"(0.772972972972973, 0.979054054054054)",1,97.41486486486488,30298
"(0.925, 0.9791666666666666)",1,97.41250000000016,30299
"(0.49625, 0.99875)",1,97.41250000000008,30300
"(0.9875, 0.9958333333333332)",1,97.41250000000002,30301
"(0.9833333333333332, 0.9958333333333332)",1,97.41250000000002,30302
"(0.48625, 0.99125)",1,97.41249999999988,30303
"(0.8728070175438597, 0.9912280701754386)",3,97.41228070175436,30306
"(0.2704545454545454, 0.999621212121212)",1,97.41212121212126,30307
"(0.4178030303030303, 1.0)",3,97.41174242424242,30310
"(0.2401515151515151, 1.0)",3,97.41136363636365,30313
"(0.4825, 0.99625)",1,97.4112500000002,30314
"(0.5075, 0.9925)",1,97.41125000000004,30315
"(0.49125, 0.98625)",1,97.41125,30316
"(0.431060606060606, 0.9992424242424244)",1,97.41060606060611,30317
"(0.8076923076923077, 0.9871794871794872)",3,97.41025641025657,30320
"(0.7307692307692307, 1.0)",2,97.4102564102564,30322
"(0.6025641025641025, 1.0)",2,97.4102564102564,30324
"(0.7543918918918919, 0.9787162162162162)",1,97.40912162162162,30325
"(0.9666666666666668, 0.9791666666666666)",1,97.40833333333352,30326
"(0.925, 0.9791666666666666)",1,97.40833333333346,30327
"(0.9625, 0.9958333333333332)",1,97.40833333333336,30328
"(0.9375, 0.9833333333333332)",1,97.40833333333336,30329
"(0.9041666666666668, 0.975)",1,97.40833333333318,30330
"(0.95, 0.975)",1,97.40833333333316,30331
"(0.8728070175438597, 0.9912280701754386)",1,97.40789473684208,30332
"(0.4109848484848485, 1.0)",3,97.40757575757576,30335
"(0.9186046511627908, 0.9767441860465116)",1,97.40697674418615,30336
"(0.8604651162790697, 0.9767441860465116)",1,97.40697674418615,30337
"(0.8953488372093024, 0.9767441860465116)",1,97.40697674418615,30338
"(0.8837209302325582, 0.9767441860465116)",5,97.40697674418615,30343
"(0.9302325581395348, 0.9767441860465116)",2,97.40697674418615,30345
"(0.8023255813953488, 0.9767441860465116)",1,97.40697674418615,30346
"(0.8255813953488372, 0.9767441860465116)",2,97.40697674418615,30348
"(0.9534883720930232, 0.9767441860465116)",1,97.40697674418615,30349
"(0.7906976744186046, 0.9767441860465116)",1,97.40697674418615,30350
"(0.7790697674418605, 0.9767441860465116)",1,97.40697674418615,30351
"(0.813953488372093, 0.9767441860465116)",1,97.40697674418614,30352
"(0.9302325581395348, 0.9767441860465116)",2,97.40697674418614,30354
"(0.8023255813953488, 0.9767441860465116)",1,97.40697674418614,30355
"(0.8372093023255814, 0.9767441860465116)",1,97.40697674418614,30356
"(0.8837209302325582, 0.9767441860465116)",5,97.40697674418614,30361
"(0.8953488372093024, 0.9767441860465116)",1,97.40697674418614,30362
"(0.9186046511627908, 0.9767441860465116)",2,97.40697674418614,30364
"(0.63, 0.98)",1,97.40499999999996,30365
"(0.51, 0.9925)",1,97.40499999999992,30366
"(0.975, 0.9958333333333332)",1,97.4041666666667,30367
"(0.9083333333333332, 0.9833333333333332)",1,97.4041666666667,30368
"(0.9791666666666666, 1.0)",1,97.40416666666668,30369
"(0.9541666666666668, 0.975)",1,97.40416666666653,30370
"(0.2893939393939393, 1.0)",3,97.40378787878788,30373
"(0.1859848484848484, 1.0)",3,97.40378787878788,30376
"(0.7925675675675675, 0.9760135135135136)",1,97.4037162162162,30377
"(0.8859649122807017, 0.9912280701754386)",1,97.4035087719298,30378
"(0.8552631578947368, 0.9912280701754386)",3,97.4035087719298,30381
"(0.8055555555555556, 0.9861111111111112)",2,97.40277777777798,30383
"(0.8472222222222222, 0.9861111111111112)",1,97.40277777777798,30384
"(0.7916666666666666, 0.9861111111111112)",1,97.40277777777796,30385
"(0.9444444444444444, 0.9861111111111112)",1,97.40277777777796,30386
"(0.6805555555555556, 0.9861111111111112)",1,97.40277777777796,30387
"(0.6388888888888888, 0.9861111111111112)",1,97.40277777777796,30388
"(0.8472222222222222, 0.9861111111111112)",2,97.40277777777796,30390
"(0.5277777777777778, 0.9861111111111112)",1,97.40277777777796,30391
"(0.75, 0.9861111111111112)",1,97.40277777777796,30392
"(0.6944444444444444, 0.9861111111111112)",2,97.40277777777796,30394
"(0.8194444444444444, 0.9861111111111112)",2,97.40277777777796,30396
"(0.5972222222222222, 0.9861111111111112)",1,97.40277777777796,30397
"(0.875, 0.9861111111111112)",1,97.40277777777796,30398
"(0.7777777777777778, 0.9861111111111112)",1,97.40277777777796,30399
"(0.8611111111111112, 0.9861111111111112)",1,97.40277777777796,30400
"(0.9027777777777778, 0.9861111111111112)",3,97.40277777777796,30403
"(0.8333333333333334, 1.0)",1,97.40277777777776,30404
"(0.8611111111111112, 1.0)",1,97.40277777777776,30405
"(0.7222222222222222, 1.0)",1,97.40277777777776,30406
"(0.8194444444444444, 1.0)",1,97.40277777777776,30407
"(0.9305555555555556, 1.0)",1,97.40277777777776,30408
"(0.4875, 0.995)",1,97.4025000000001,30409
"(0.56875, 0.99625)",1,97.40250000000007,30410
"(0.6233108108108109, 0.9817567567567568)",1,97.4023648648649,30411
"(0.839527027027027, 0.9780405405405406)",2,97.40101351351358,30413
"(0.7084459459459459, 0.9763513513513512)",1,97.40101351351346,30414
"(0.9458333333333332, 0.9791666666666666)",1,97.40000000000016,30415
"(0.9125, 0.9791666666666666)",1,97.40000000000016,30416
"(0.9833333333333332, 0.9958333333333332)",1,97.40000000000012,30417
"(0.9875, 0.9958333333333332)",1,97.4000000000001,30418
"(0.8125, 0.9833333333333332)",1,97.40000000000008,30419
"(0.7333333333333333, 0.9833333333333332)",1,97.40000000000008,30420
"(0.9666666666666668, 0.9833333333333332)",1,97.40000000000006,30421
"(0.8666666666666667, 0.9833333333333332)",1,97.40000000000006,30422
"(0.95, 0.9833333333333332)",1,97.40000000000006,30423
"(0.9666666666666668, 1.0)",1,97.4,30424
"(0.7166666666666667, 1.0)",1,97.4,30425
"(0.9, 1.0)",1,97.4,30426
"(0.85, 1.0)",1,97.4,30427
"(0.8666666666666667, 1.0)",1,97.4,30428
"(0.7833333333333333, 1.0)",1,97.4,30429
"(1.0, 1.0)",1,97.4,30430
"(0.9833333333333332, 1.0)",1,97.4,30431
"(0.8958333333333334, 0.975)",1,97.39999999999984,30432
"(0.9541666666666668, 0.975)",1,97.3999999999998,30433
"(0.4068181818181818, 1.0)",1,97.39924242424244,30434
"(0.4583333333333333, 1.0)",1,97.39924242424244,30435
"(0.7763157894736842, 0.9912280701754386)",1,97.39912280701752,30436
"(0.7719298245614035, 0.9912280701754386)",1,97.39912280701752,30437
"(0.4462121212121212, 1.0)",3,97.39886363636364,30440
"(0.8461538461538461, 0.9871794871794872)",1,97.39743589743604,30441
"(0.8205128205128205, 1.0)",2,97.3974358974359,30443
"(0.4358974358974359, 1.0)",1,97.3974358974359,30444
"(0.4615384615384615, 1.0)",1,97.3974358974359,30445
"(0.6410256410256411, 1.0)",1,97.3974358974359,30446
"(0.8875, 0.9833333333333332)",1,97.39583333333336,30447
"(0.8125, 0.9833333333333332)",1,97.39583333333336,30448
"(0.8666666666666667, 0.975)",2,97.39583333333316,30450
"(0.8255813953488372, 0.9883720930232558)",1,97.39534883720948,30451
"(0.6162790697674418, 0.9883720930232558)",1,97.39534883720948,30452
"(0.8837209302325582, 0.9767441860465116)",1,97.3953488372094,30453
"(0.8488372093023255, 0.9767441860465116)",1,97.3953488372094,30454
"(0.8255813953488372, 0.9767441860465116)",4,97.3953488372094,30458
"(0.7790697674418605, 0.9767441860465116)",1,97.3953488372094,30459
"(0.8255813953488372, 0.9767441860465116)",2,97.3953488372094,30461
"(0.813953488372093, 0.9767441860465116)",1,97.3953488372094,30462
"(0.8953488372093024, 0.9767441860465116)",3,97.3953488372094,30465
"(0.8953488372093024, 0.9767441860465116)",3,97.3953488372094,30468
"(0.872093023255814, 0.9767441860465116)",2,97.3953488372094,30470
"(0.8604651162790697, 0.9767441860465116)",1,97.3953488372094,30471
"(0.8372093023255814, 0.9767441860465116)",1,97.3953488372094,30472
"(0.8837209302325582, 0.9767441860465116)",1,97.3953488372094,30473
"(0.7558139534883721, 0.9767441860465116)",2,97.3953488372094,30475
"(0.7790697674418605, 0.9767441860465116)",1,97.3953488372094,30476
"(0.9418604651162792, 0.9767441860465116)",1,97.3953488372094,30477
"(0.9651162790697676, 0.9767441860465116)",1,97.3953488372094,30478
"(0.8604651162790697, 0.9767441860465116)",3,97.3953488372094,30481
"(0.7906976744186046, 0.9767441860465116)",1,97.3953488372094,30482
"(0.50625, 0.99125)",1,97.39375000000013,30483
"(0.50875, 0.9975)",1,97.39375000000013,30484
"(0.48375, 0.995)",1,97.39250000000013,30485
"(0.368560606060606, 0.9992424242424244)",1,97.39242424242428,30486
"(0.975, 0.9958333333333332)",1,97.39166666666674,30487
"(0.9916666666666668, 0.9958333333333332)",1,97.39166666666672,30488
"(0.9166666666666666, 0.9833333333333332)",1,97.39166666666672,30489
"(0.925, 0.9875)",1,97.39166666666652,30490
"(0.9666666666666668, 0.975)",1,97.3916666666665,30491
"(0.9125, 0.975)",1,97.3916666666665,30492
"(0.9541666666666668, 0.975)",1,97.3916666666665,30493
"(0.9354729729729728, 0.9753378378378378)",1,97.39121621621618,30494
"(0.8402027027027027, 0.9766891891891892)",1,97.39087837837828,30495
"(0.4053030303030303, 1.0)",1,97.39053030303032,30496
"(0.9429824561403508, 0.9912280701754386)",2,97.39035087719296,30498
"(0.7719298245614035, 0.9912280701754386)",3,97.39035087719296,30501
"(0.8611111111111112, 0.9861111111111112)",2,97.38888888888908,30503
"(0.6388888888888888, 0.9861111111111112)",1,97.38888888888908,30504
"(0.6944444444444444, 0.9861111111111112)",2,97.38888888888908,30506
"(0.7638888888888888, 0.9861111111111112)",1,97.38888888888908,30507
"(0.8472222222222222, 0.9861111111111112)",4,97.38888888888908,30511
"(0.9166666666666666, 0.9861111111111112)",1,97.38888888888908,30512
"(0.9027777777777778, 0.9861111111111112)",1,97.38888888888908,30513
"(0.8888888888888888, 0.9861111111111112)",4,97.38888888888908,30517
"(0.8055555555555556, 0.9861111111111112)",3,97.38888888888908,30520
"(0.7361111111111112, 1.0)",2,97.38888888888889,30522
"(0.8194444444444444, 1.0)",1,97.38888888888889,30523
"(0.9305555555555556, 1.0)",1,97.38888888888889,30524
"(0.9444444444444444, 1.0)",1,97.38888888888889,30525
"(0.64125, 0.9925)",1,97.38875000000012,30526
"(0.51375, 0.98875)",1,97.38875000000009,30527
"(0.9833333333333332, 0.9958333333333332)",1,97.38750000000006,30528
"(0.8666666666666667, 0.9833333333333332)",1,97.38750000000005,30529
"(0.875, 0.9833333333333332)",1,97.38750000000005,30530
"(0.2356060606060606, 0.9965909090909092)",1,97.38674242424251,30531
"(0.50875, 0.9925)",1,97.38625000000016,30532
"(0.9078947368421052, 0.9912280701754386)",1,97.38596491228068,30533
"(0.9607142857142856, 0.975)",1,97.3857142857142,30534
"(0.2893939393939393, 1.0)",1,97.38560606060608,30535
"(0.577027027027027, 0.9824324324324324)",1,97.38547297297296,30536
"(0.7564102564102564, 0.9871794871794872)",1,97.38461538461551,30537
"(0.8717948717948718, 0.9871794871794872)",1,97.38461538461551,30538
"(0.1666666666666666, 1.0)",1,97.3846153846154,30539
"(0.543939393939394, 0.9981060606060606)",1,97.38446969696976,30540
"(0.8875, 0.975)",1,97.38445945945946,30541
"(0.5523648648648649, 0.9837837837837838)",1,97.38378378378378,30542
"(0.6976744186046512, 0.9883720930232558)",1,97.38372093023273,30543
"(0.9651162790697676, 0.9767441860465116)",4,97.38372093023268,30547
"(0.8837209302325582, 0.9767441860465116)",5,97.38372093023268,30552
"(0.9302325581395348, 0.9767441860465116)",1,97.38372093023268,30553
"(0.7790697674418605, 0.9767441860465116)",2,97.38372093023268,30555
"(0.8255813953488372, 0.9767441860465116)",4,97.38372093023268,30559
"(0.9418604651162792, 0.9767441860465116)",2,97.38372093023268,30561
"(0.9651162790697676, 0.9767441860465116)",1,97.38372093023266,30562
"(0.9186046511627908, 0.9767441860465116)",1,97.38372093023266,30563
"(0.8255813953488372, 0.9767441860465116)",1,97.38372093023266,30564
"(0.8372093023255814, 0.9767441860465116)",1,97.38372093023266,30565
"(0.7674418604651163, 0.9767441860465116)",2,97.38372093023266,30567
"(0.9534883720930232, 0.9767441860465116)",1,97.38372093023266,30568
"(0.8953488372093024, 0.9767441860465116)",4,97.38372093023266,30572
"(0.5939189189189189, 0.9777027027027028)",1,97.38344594594592,30573
"(0.9166666666666666, 0.9833333333333332)",1,97.3833333333334,30574
"(0.9333333333333332, 0.9833333333333332)",1,97.3833333333334,30575
"(0.9, 0.9833333333333332)",1,97.3833333333334,30576
"(0.9916666666666668, 0.9958333333333332)",1,97.3833333333334,30577
"(0.9875, 0.9958333333333332)",1,97.3833333333334,30578
"(0.9833333333333332, 0.9833333333333332)",2,97.3833333333334,30580
"(0.9666666666666668, 0.9833333333333332)",1,97.3833333333334,30581
"(0.95, 0.9833333333333332)",1,97.3833333333334,30582
"(0.9666666666666668, 0.9833333333333332)",1,97.3833333333334,30583
"(0.8625, 0.9833333333333332)",1,97.38333333333335,30584
"(0.95, 0.9833333333333332)",1,97.38333333333335,30585
"(0.8666666666666667, 1.0)",1,97.38333333333333,30586
"(0.8833333333333333, 1.0)",1,97.38333333333333,30587
"(0.8, 1.0)",1,97.38333333333333,30588
"(0.9, 1.0)",1,97.38333333333333,30589
"(0.85, 1.0)",1,97.38333333333333,30590
"(0.95, 1.0)",1,97.38333333333333,30591
"(0.9541666666666668, 0.975)",1,97.38333333333318,30592
"(0.209090909090909, 0.999621212121212)",1,97.38257575757576,30593
"(0.9285714285714286, 0.975)",1,97.38214285714274,30594
"(0.3579545454545454, 0.9981060606060606)",1,97.38181818181825,30595
"(0.8552631578947368, 0.9912280701754386)",3,97.3815789473684,30598
"(0.925438596491228, 0.9912280701754386)",1,97.38157894736838,30599
"(0.4333333333333333, 0.9984848484848484)",1,97.37954545454552,30600
"(0.8666666666666667, 0.9791666666666666)",1,97.37916666666683,30601
"(0.9166666666666666, 0.9791666666666666)",1,97.37916666666682,30602
"(0.9625, 0.9958333333333332)",1,97.37916666666678,30603
"(0.95, 0.9833333333333332)",1,97.37916666666668,30604
"(0.9458333333333332, 0.975)",1,97.37916666666648,30605
"(0.4775, 0.9875)",1,97.37875000000008,30606
"(0.47625, 0.99625)",1,97.37750000000014,30607
"(0.65, 0.98375)",1,97.37750000000004,30608
"(0.7105263157894737, 0.9912280701754386)",1,97.37719298245612,30609
"(0.6944444444444444, 0.9861111111111112)",1,97.3750000000002,30610
"(0.5, 0.9861111111111112)",1,97.3750000000002,30611
"(0.9444444444444444, 0.9861111111111112)",1,97.3750000000002,30612
"(0.8888888888888888, 0.9861111111111112)",7,97.3750000000002,30619
"(0.8194444444444444, 0.9861111111111112)",1,97.3750000000002,30620
"(0.8333333333333334, 0.9861111111111112)",3,97.3750000000002,30623
"(0.8472222222222222, 0.9861111111111112)",1,97.3750000000002,30624
"(0.9027777777777778, 0.9861111111111112)",4,97.3750000000002,30628
"(0.8055555555555556, 0.9861111111111112)",2,97.3750000000002,30630
"(0.8611111111111112, 0.9861111111111112)",1,97.3750000000002,30631
"(0.50125, 0.9975)",1,97.37500000000016,30632
"(0.8625, 0.9791666666666666)",1,97.37500000000014,30633
"(0.975, 0.9958333333333332)",1,97.3750000000001,30634
"(0.9916666666666668, 0.9958333333333332)",1,97.37500000000006,30635
"(0.9625, 0.9958333333333332)",1,97.37500000000004,30636
"(0.8333333333333334, 1.0)",1,97.375,30637
"(0.9444444444444444, 1.0)",2,97.375,30639
"(0.8611111111111112, 1.0)",2,97.375,30641
"(0.75, 1.0)",2,97.375,30643
"(0.7777777777777778, 1.0)",1,97.375,30644
"(0.7638888888888888, 1.0)",1,97.375,30645
"(0.6111111111111112, 1.0)",1,97.375,30646
"(0.8888888888888888, 1.0)",1,97.375,30647
"(0.9833333333333332, 1.0)",1,97.37499999999991,30648
"(0.9208333333333332, 0.975)",1,97.37499999999986,30649
"(0.8875, 0.975)",1,97.37499999999982,30650
"(0.908445945945946, 0.9753378378378378)",1,97.37364864864855,30651
"(0.8091216216216216, 0.9753378378378378)",1,97.37297297297287,30652
"(0.9035087719298246, 0.9912280701754386)",1,97.37280701754383,30653
"(0.9078947368421052, 0.9912280701754386)",1,97.37280701754382,30654
"(0.505, 1.0)",1,97.37250000000007,30655
"(0.4651162790697674, 0.9883720930232558)",1,97.372093023256,30656
"(0.7906976744186046, 0.9883720930232558)",2,97.372093023256,30658
"(0.8837209302325582, 0.9883720930232558)",1,97.372093023256,30659
"(0.8604651162790697, 0.9767441860465116)",1,97.37209302325591,30660
"(0.8604651162790697, 0.9767441860465116)",2,97.37209302325591,30662
"(0.7906976744186046, 0.9767441860465116)",2,97.37209302325591,30664
"(0.7558139534883721, 0.9767441860465116)",1,97.37209302325591,30665
"(0.8837209302325582, 0.9767441860465116)",2,97.37209302325591,30667
"(0.8255813953488372, 0.9767441860465116)",1,97.37209302325591,30668
"(0.8255813953488372, 0.9767441860465116)",1,97.37209302325591,30669
"(0.8372093023255814, 0.9767441860465116)",1,97.37209302325591,30670
"(0.8023255813953488, 0.9767441860465116)",1,97.37209302325591,30671
"(0.9302325581395348, 0.9767441860465116)",2,97.37209302325591,30673
"(0.7209302325581395, 0.9767441860465116)",1,97.37209302325591,30674
"(0.7790697674418605, 0.9767441860465116)",1,97.37209302325591,30675
"(0.8953488372093024, 0.9767441860465116)",6,97.37209302325591,30681
"(0.7674418604651163, 0.9767441860465116)",1,97.37209302325591,30682
"(0.8837209302325582, 0.9767441860465116)",4,97.37209302325591,30686
"(0.8837209302325582, 0.9767441860465116)",1,97.3720930232559,30687
"(0.6794871794871795, 0.9871794871794872)",3,97.371794871795,30690
"(0.8076923076923077, 0.9871794871794872)",2,97.371794871795,30692
"(0.717948717948718, 1.0)",1,97.37179487179488,30693
"(0.1666666666666666, 1.0)",1,97.37179487179488,30694
"(0.9607142857142856, 0.975)",1,97.37142857142844,30695
"(0.48875, 0.99625)",1,97.3712500000001,30696
"(0.4725, 0.9925)",1,97.37125,30697
"(0.9, 0.9791666666666666)",1,97.37083333333352,30698
"(0.9916666666666668, 0.9958333333333332)",1,97.37083333333348,30699
"(0.9625, 0.9958333333333332)",1,97.37083333333344,30700
"(0.9625, 0.9958333333333332)",1,97.3708333333334,30701
"(0.8125, 0.975)",1,97.37083333333318,30702
"(0.9583333333333334, 0.975)",1,97.37083333333317,30703
"(0.9166666666666666, 0.975)",1,97.37083333333317,30704
"(0.9708333333333332, 0.9916666666666668)",1,97.37083333333308,30705
"(0.4291666666666666, 1.0)",3,97.36742424242424,30708
"(0.5257575757575758, 0.9992424242424244)",1,97.36704545454548,30709
"(0.1859848484848484, 1.0)",1,97.36704545454546,30710
"(0.9458333333333332, 0.9791666666666666)",1,97.36666666666684,30711
"(0.9, 0.9833333333333332)",1,97.36666666666672,30712
"(0.9833333333333332, 0.9958333333333332)",1,97.36666666666672,30713
"(0.9166666666666666, 0.9833333333333332)",1,97.36666666666672,30714
"(0.8916666666666667, 0.9958333333333332)",1,97.36666666666672,30715
"(0.9333333333333332, 0.9833333333333332)",1,97.36666666666672,30716
"(0.95, 0.9833333333333332)",4,97.36666666666672,30720
"(0.2553030303030303, 0.9992424242424244)",1,97.3666666666667,30721
"(0.9083333333333332, 0.9833333333333332)",1,97.3666666666667,30722
"(0.9333333333333332, 0.9833333333333332)",1,97.36666666666667,30723
"(0.4003787878787879, 0.9988636363636364)",3,97.36666666666667,30726
"(0.8833333333333333, 1.0)",1,97.36666666666667,30727
"(0.7666666666666667, 1.0)",1,97.36666666666667,30728
"(0.8, 1.0)",1,97.36666666666666,30729
"(0.9333333333333332, 1.0)",1,97.36666666666666,30730
"(0.7333333333333333, 1.0)",1,97.36666666666666,30731
"(0.4675, 0.975)",1,97.36624999999997,30732
"(0.9642857142857144, 0.9714285714285714)",1,97.3642857142857,30733
"(0.8859649122807017, 0.9912280701754386)",1,97.36403508771927,30734
"(0.9035087719298246, 0.9912280701754386)",1,97.36403508771927,30735
"(0.9125, 0.9791666666666666)",1,97.36250000000015,30736
"(0.9041666666666668, 0.9791666666666666)",1,97.36250000000015,30737
"(0.9083333333333332, 0.9791666666666666)",1,97.36250000000015,30738
"(0.975, 0.9958333333333332)",1,97.36250000000008,30739
"(0.9791666666666666, 0.9958333333333332)",1,97.36250000000004,30740
"(0.925, 0.975)",1,97.36249999999984,30741
"(0.9083333333333332, 0.975)",1,97.36249999999984,30742
"(0.59875, 0.9925)",1,97.36124999999996,30743
"(0.6944444444444444, 0.9861111111111112)",2,97.36111111111131,30745
"(0.8333333333333334, 0.9861111111111112)",1,97.36111111111131,30746
"(0.6805555555555556, 0.9861111111111112)",2,97.36111111111131,30748
"(0.8888888888888888, 0.9861111111111112)",1,97.36111111111131,30749
"(0.7777777777777778, 0.9861111111111112)",1,97.36111111111131,30750
"(0.8055555555555556, 0.9861111111111112)",1,97.36111111111131,30751
"(0.5277777777777778, 0.9861111111111112)",1,97.36111111111131,30752
"(0.8194444444444444, 0.9861111111111112)",2,97.36111111111131,30754
"(0.8611111111111112, 0.9861111111111112)",3,97.36111111111131,30757
"(0.5, 0.9861111111111112)",2,97.36111111111131,30759
"(0.75, 0.9861111111111112)",1,97.36111111111131,30760
"(0.6388888888888888, 0.9861111111111112)",1,97.36111111111131,30761
"(0.7777777777777778, 0.9861111111111112)",1,97.3611111111113,30762
"(0.9444444444444444, 0.9722222222222222)",1,97.36111111111128,30763
"(0.8333333333333334, 1.0)",1,97.36111111111111,30764
"(0.9583333333333334, 1.0)",1,97.36111111111111,30765
"(0.8055555555555556, 1.0)",1,97.36111111111111,30766
"(0.7361111111111112, 1.0)",2,97.36111111111111,30768
"(0.8888888888888888, 1.0)",1,97.36111111111111,30769
"(0.8194444444444444, 1.0)",1,97.3611111111111,30770
"(0.6162790697674418, 0.9883720930232558)",1,97.36046511627924,30771
"(0.8255813953488372, 0.9883720930232558)",1,97.36046511627924,30772
"(0.8604651162790697, 0.9767441860465116)",1,97.3604651162792,30773
"(0.8023255813953488, 0.9767441860465116)",2,97.36046511627916,30775
"(0.9534883720930232, 0.9767441860465116)",1,97.36046511627916,30776
"(0.7790697674418605, 0.9767441860465116)",1,97.36046511627916,30777
"(0.8372093023255814, 0.9767441860465116)",1,97.36046511627916,30778
"(0.9186046511627908, 0.9767441860465116)",1,97.36046511627916,30779
"(0.8604651162790697, 0.9767441860465116)",1,97.36046511627916,30780
"(0.7674418604651163, 0.9767441860465116)",1,97.36046511627916,30781
"(0.9651162790697676, 0.9767441860465116)",1,97.36046511627916,30782
"(0.813953488372093, 0.9767441860465116)",2,97.36046511627916,30784
"(0.8604651162790697, 0.9767441860465116)",5,97.36046511627916,30789
"(0.8837209302325582, 0.9767441860465116)",3,97.36046511627916,30792
"(0.8255813953488372, 0.9767441860465116)",2,97.36046511627916,30794
"(0.4208333333333333, 1.0)",1,97.36022727272729,30795
"(0.50625, 0.99875)",3,97.36000000000006,30798
"(0.5025, 0.98)",1,97.36,30799
"(0.7675438596491229, 0.9912280701754386)",1,97.359649122807,30800
"(0.271969696969697, 0.999621212121212)",3,97.35909090909092,30803
"(0.6794871794871795, 0.9871794871794872)",6,97.3589743589745,30809
"(0.8461538461538461, 0.9871794871794872)",1,97.35897435897448,30810
"(0.717948717948718, 0.9871794871794872)",3,97.35897435897448,30813
"(0.6538461538461539, 1.0)",1,97.35897435897436,30814
"(0.8445945945945946, 0.9760135135135136)",1,97.35844594594587,30815
"(0.9125, 0.9791666666666666)",1,97.35833333333352,30816
"(0.95, 0.9791666666666666)",1,97.35833333333348,30817
"(0.9125, 0.9791666666666666)",1,97.35833333333348,30818
"(0.9916666666666668, 0.9958333333333332)",1,97.35833333333343,30819
"(0.9916666666666668, 0.9958333333333332)",1,97.3583333333334,30820
"(0.9708333333333332, 0.9958333333333332)",1,97.35833333333338,30821
"(0.9833333333333332, 0.9958333333333332)",1,97.35833333333338,30822
"(0.8375, 0.9958333333333332)",1,97.35833333333336,30823
"(0.9458333333333332, 0.9833333333333332)",1,97.3583333333333,30824
"(0.925, 0.975)",1,97.35833333333318,30825
"(0.8958333333333334, 0.975)",1,97.35833333333318,30826
"(0.4753787878787879, 0.9981060606060606)",1,97.35795454545458,30827
"(0.9107142857142856, 0.975)",1,97.35714285714272,30828
"(0.47625, 0.99625)",1,97.35625000000016,30829
"(0.51125, 0.99875)",3,97.3562500000001,30832
"(0.2856060606060606, 0.999621212121212)",1,97.35606060606062,30833
"(0.7105263157894737, 0.9912280701754386)",1,97.35526315789473,30834
"(0.7149122807017544, 0.9912280701754386)",1,97.35526315789473,30835
"(0.4333333333333333, 0.9977272727272728)",1,97.35492424242436,30836
"(0.2784090909090909, 1.0)",2,97.35454545454546,30838
"(0.8712837837837838, 0.979054054054054)",1,97.35439189189192,30839
"(0.9916666666666668, 0.9958333333333332)",1,97.3541666666668,30840
"(0.9875, 0.9958333333333332)",1,97.35416666666676,30841
"(0.9791666666666666, 0.9958333333333332)",1,97.35416666666671,30842
"(0.5431818181818182, 0.9984848484848484)",1,97.3541666666667,30843
"(0.9083333333333332, 0.975)",1,97.3541666666665,30844
"(0.4625, 0.99375)",1,97.35125000000008,30845
"(0.5106060606060606, 0.9981060606060606)",1,97.35113636363646,30846
"(0.3534090909090909, 1.0)",1,97.35113636363636,30847
"(0.4238636363636364, 1.0)",1,97.35113636363636,30848
"(0.8885135135135135, 0.9773648648648648)",1,97.3506756756757,30849
"(0.2981060606060606, 1.0)",3,97.3503787878788,30852
"(0.925, 0.9791666666666666)",1,97.35000000000018,30853
"(0.5025, 0.99375)",1,97.35000000000016,30854
"(0.95, 0.9833333333333332)",2,97.35000000000008,30856
"(1.0, 0.9833333333333332)",1,97.35000000000008,30857
"(0.9875, 0.9958333333333332)",1,97.35000000000008,30858
"(0.9833333333333332, 0.9833333333333332)",2,97.35000000000008,30860
"(0.9333333333333332, 0.9833333333333332)",1,97.35000000000008,30861
"(0.7333333333333333, 0.9833333333333332)",1,97.35000000000008,30862
"(0.9166666666666666, 0.9833333333333332)",1,97.35000000000008,30863
"(0.9791666666666666, 0.9958333333333332)",1,97.35000000000004,30864
"(0.9666666666666668, 1.0)",1,97.35,30865
"(0.8333333333333334, 1.0)",1,97.35,30866
"(0.9625, 0.975)",4,97.34999999999988,30870
"(0.9625, 0.975)",1,97.34999999999984,30871
"(0.8952702702702703, 0.9763513513513512)",1,97.34932432432429,30872
"(0.5116279069767442, 0.9883720930232558)",1,97.34883720930247,30873
"(0.8488372093023255, 0.9767441860465116)",1,97.34883720930245,30874
"(0.8953488372093024, 0.9767441860465116)",1,97.34883720930245,30875
"(0.8837209302325582, 0.9767441860465116)",2,97.34883720930245,30877
"(0.8023255813953488, 0.9767441860465116)",2,97.34883720930245,30879
"(0.8604651162790697, 0.9767441860465116)",2,97.34883720930245,30881
"(0.9302325581395348, 0.9767441860465116)",1,97.34883720930245,30882
"(0.8372093023255814, 0.9767441860465116)",1,97.34883720930245,30883
"(0.813953488372093, 0.9767441860465116)",3,97.34883720930245,30886
"(0.7209302325581395, 0.9767441860465116)",1,97.34883720930245,30887
"(0.8255813953488372, 0.9767441860465116)",1,97.34883720930245,30888
"(0.8372093023255814, 0.9767441860465116)",3,97.34883720930242,30891
"(0.9186046511627908, 0.9767441860465116)",1,97.34883720930242,30892
"(0.7790697674418605, 0.9767441860465116)",1,97.34883720930242,30893
"(0.8953488372093024, 0.9767441860465116)",1,97.34883720930242,30894
"(0.48625, 0.9925)",1,97.34875000000008,30895
"(0.48375, 0.99375)",1,97.3474999999999,30896
"(0.8462837837837838, 0.9780405405405406)",1,97.34729729729736,30897
"(0.8055555555555556, 0.9861111111111112)",1,97.34722222222244,30898
"(0.8194444444444444, 0.9861111111111112)",3,97.34722222222244,30901
"(0.7638888888888888, 0.9861111111111112)",1,97.34722222222244,30902
"(0.8611111111111112, 0.9861111111111112)",1,97.34722222222244,30903
"(0.7916666666666666, 0.9861111111111112)",1,97.34722222222244,30904
"(0.8888888888888888, 0.9861111111111112)",2,97.34722222222244,30906
"(0.9305555555555556, 0.9861111111111112)",2,97.34722222222244,30908
"(0.7083333333333334, 0.9861111111111112)",2,97.34722222222244,30910
"(0.7638888888888888, 0.9861111111111112)",2,97.3472222222224,30912
"(0.8888888888888888, 0.9861111111111112)",1,97.3472222222224,30913
"(0.4722222222222222, 0.9861111111111112)",1,97.3472222222224,30914
"(0.6388888888888888, 0.9861111111111112)",1,97.3472222222224,30915
"(0.9444444444444444, 0.9861111111111112)",1,97.3472222222224,30916
"(0.875, 0.9722222222222222)",1,97.3472222222224,30917
"(0.9166666666666666, 0.9861111111111112)",1,97.3472222222224,30918
"(0.5, 0.9861111111111112)",1,97.3472222222224,30919
"(0.6944444444444444, 0.9861111111111112)",1,97.3472222222224,30920
"(0.8055555555555556, 0.9861111111111112)",1,97.3472222222224,30921
"(0.6944444444444444, 1.0)",2,97.34722222222224,30923
"(0.9444444444444444, 1.0)",1,97.34722222222224,30924
"(0.7777777777777778, 1.0)",1,97.34722222222224,30925
"(0.8888888888888888, 1.0)",1,97.34722222222224,30926
"(0.595945945945946, 0.9766891891891892)",1,97.34662162162162,30927
"(0.6929824561403509, 0.9912280701754386)",1,97.34649122807016,30928
"(0.6575, 0.98625)",1,97.34624999999994,30929
"(0.6410256410256411, 0.9871794871794872)",3,97.34615384615398,30932
"(0.6794871794871795, 1.0)",1,97.34615384615384,30933
"(0.8076923076923077, 1.0)",2,97.34615384615384,30935
"(0.8108108108108109, 0.9760135135135136)",1,97.34594594594589,30936
"(0.8125, 0.9791666666666666)",1,97.34583333333352,30937
"(0.9125, 0.9791666666666666)",1,97.3458333333335,30938
"(0.9166666666666666, 0.9791666666666666)",1,97.34583333333347,30939
"(0.95, 0.9958333333333332)",2,97.34583333333345,30941
"(0.9833333333333332, 0.9958333333333332)",1,97.34583333333345,30942
"(0.228030303030303, 1.0)",1,97.34583333333332,30943
"(0.975, 1.0)",1,97.3458333333333,30944
"(0.9125, 0.975)",1,97.3458333333332,30945
"(0.9541666666666668, 0.975)",1,97.34583333333312,30946
"(0.9125, 0.975)",1,97.34583333333312,30947
"(0.2696969696969697, 1.0)",3,97.34507575757576,30950
"(0.440530303030303, 1.0)",3,97.34507575757576,30953
"(0.8672297297297298, 0.975)",1,97.3442567567567,30954
"(0.65, 0.98625)",1,97.34374999999996,30955
"(0.2352272727272727, 0.999621212121212)",1,97.3435606060606,30956
"(0.95, 0.9785714285714284)",1,97.34285714285708,30957
"(0.2428030303030303, 1.0)",3,97.34280303030305,30960
"(0.5875, 0.9875)",1,97.34250000000004,30961
"(0.9429824561403508, 0.9912280701754386)",3,97.34210526315788,30964
"(0.9666666666666668, 0.9791666666666666)",1,97.3416666666668,30965
"(0.9875, 0.9958333333333332)",1,97.34166666666674,30966
"(0.9375, 0.975)",1,97.3416666666665,30967
"(0.8958333333333334, 0.975)",1,97.34166666666648,30968
"(0.8958333333333334, 0.975)",2,97.34166666666648,30970
"(0.8958333333333334, 0.975)",1,97.34166666666644,30971
"(0.925, 0.975)",1,97.3392857142856,30972
"(0.4003787878787879, 0.999621212121212)",1,97.33863636363635,30973
"(0.9385964912280702, 0.9912280701754386)",1,97.3377192982456,30974
"(0.49, 0.99875)",1,97.33750000000012,30975
"(0.8625, 0.9833333333333332)",1,97.33750000000002,30976
"(0.9166666666666666, 0.975)",1,97.33749999999986,30977
"(0.9125, 0.975)",2,97.33749999999984,30979
"(0.8255813953488372, 0.9767441860465116)",1,97.33720930232568,30980
"(0.8837209302325582, 0.9767441860465116)",2,97.33720930232568,30982
"(0.7906976744186046, 0.9767441860465116)",4,97.33720930232568,30986
"(0.9651162790697676, 0.9767441860465116)",1,97.33720930232568,30987
"(0.7790697674418605, 0.9767441860465116)",3,97.33720930232568,30990
"(0.8023255813953488, 0.9767441860465116)",3,97.33720930232568,30993
"(0.7906976744186046, 0.9767441860465116)",1,97.33720930232568,30994
"(0.7790697674418605, 0.9767441860465116)",1,97.33720930232568,30995
"(0.8255813953488372, 0.9767441860465116)",1,97.33720930232568,30996
"(0.8604651162790697, 0.9767441860465116)",2,97.33720930232568,30998
"(0.9302325581395348, 0.9767441860465116)",2,97.33720930232568,31000
"(0.8372093023255814, 0.9767441860465116)",2,97.33720930232568,31002
"(0.8604651162790697, 0.9767441860465116)",1,97.33720930232568,31003
"(0.9302325581395348, 0.9767441860465116)",1,97.33720930232568,31004
"(0.8953488372093024, 0.9767441860465116)",1,97.33720930232568,31005
"(0.8372093023255814, 0.9767441860465116)",4,97.33720930232568,31009
"(0.7674418604651163, 0.9767441860465116)",1,97.33720930232568,31010
"(0.4242424242424242, 0.9984848484848484)",1,97.33674242424252,31011
"(0.1859848484848484, 1.0)",3,97.33674242424244,31014
"(0.925, 0.975)",1,97.33571428571412,31015
"(0.8608108108108108, 0.975)",1,97.33547297297297,31016
"(0.7256756756756757, 0.9763513513513512)",1,97.3334459459459,31017
"(0.8333333333333334, 0.9861111111111112)",1,97.33333333333354,31018
"(0.75, 0.9861111111111112)",1,97.33333333333351,31019
"(0.8611111111111112, 0.9861111111111112)",5,97.33333333333351,31024
"(0.9444444444444444, 0.9861111111111112)",1,97.33333333333351,31025
"(0.9027777777777778, 0.9861111111111112)",4,97.33333333333351,31029
"(0.8472222222222222, 0.9861111111111112)",1,97.33333333333351,31030
"(0.6805555555555556, 0.9861111111111112)",1,97.33333333333351,31031
"(0.9166666666666666, 0.9722222222222222)",1,97.33333333333351,31032
"(0.8194444444444444, 0.9861111111111112)",2,97.33333333333351,31034
"(0.7638888888888888, 0.9861111111111112)",1,97.33333333333351,31035
"(0.9027777777777778, 0.9722222222222222)",1,97.33333333333351,31036
"(0.925, 0.9791666666666666)",2,97.3333333333335,31038
"(0.8461538461538461, 0.9871794871794872)",1,97.33333333333348,31039
"(0.7692307692307693, 0.9871794871794872)",1,97.33333333333348,31040
"(0.8205128205128205, 0.9871794871794872)",1,97.33333333333348,31041
"(0.8717948717948718, 0.9871794871794872)",1,97.33333333333348,31042
"(0.9833333333333332, 0.9958333333333332)",1,97.33333333333346,31043
"(0.9833333333333332, 0.9958333333333332)",1,97.3333333333334,31044
"(0.9666666666666668, 0.9833333333333332)",2,97.3333333333334,31046
"(0.5972222222222222, 1.0)",1,97.33333333333334,31047
"(0.7916666666666666, 1.0)",1,97.33333333333334,31048
"(0.7105263157894737, 0.9912280701754386)",1,97.33333333333331,31049
"(0.8055555555555556, 1.0)",1,97.33333333333331,31050
"(0.9083333333333332, 0.975)",1,97.33333333333316,31051
"(0.9125, 0.975)",2,97.33333333333316,31053
"(0.8791666666666667, 0.975)",1,97.33333333333316,31054
"(0.925, 0.975)",1,97.33333333333314,31055
"(0.456060606060606, 0.9958333333333332)",1,97.33219696969704,31056
"(0.4359848484848485, 0.999621212121212)",3,97.33219696969698,31059
"(0.9607142857142856, 0.9785714285714284)",2,97.33214285714276,31061
"(0.53625, 0.98875)",1,97.32999999999996,31062
"(0.8791666666666667, 0.9791666666666666)",1,97.32916666666684,31063
"(0.9291666666666668, 0.9958333333333332)",1,97.32916666666678,31064
"(0.8958333333333334, 0.975)",1,97.32916666666652,31065
"(0.9125, 0.975)",1,97.3291666666665,31066
"(0.8666666666666667, 0.975)",1,97.3291666666665,31067
"(0.8728070175438597, 0.9912280701754386)",1,97.32894736842104,31068
"(0.9428571428571428, 0.9714285714285714)",1,97.32857142857144,31069
"(0.4049242424242424, 1.0)",3,97.32765151515152,31072
"(0.3159090909090909, 0.9958333333333332)",1,97.32727272727284,31073
"(0.8263513513513514, 0.975)",1,97.327027027027,31074
"(0.4018939393939394, 0.999621212121212)",1,97.32689393939395,31075
"(0.8837209302325582, 0.9767441860465116)",2,97.32558139534896,31077
"(0.7790697674418605, 0.9767441860465116)",1,97.32558139534896,31078
"(0.8372093023255814, 0.9767441860465116)",1,97.32558139534896,31079
"(0.8604651162790697, 0.9767441860465116)",2,97.32558139534896,31081
"(0.813953488372093, 0.9767441860465116)",1,97.32558139534896,31082
"(0.9302325581395348, 0.9767441860465116)",1,97.32558139534896,31083
"(0.6511627906976745, 0.9767441860465116)",1,97.32558139534896,31084
"(0.8023255813953488, 0.9767441860465116)",3,97.32558139534896,31087
"(0.813953488372093, 0.9767441860465116)",2,97.32558139534892,31089
"(0.7906976744186046, 0.9767441860465116)",1,97.32558139534892,31090
"(0.8837209302325582, 0.9767441860465116)",7,97.32558139534892,31097
"(0.7674418604651163, 0.9767441860465116)",1,97.32558139534892,31098
"(0.8604651162790697, 0.9767441860465116)",2,97.32558139534892,31100
"(0.9534883720930232, 0.9767441860465116)",1,97.32558139534892,31101
"(0.8953488372093024, 0.9767441860465116)",1,97.32558139534892,31102
"(0.9302325581395348, 0.9767441860465116)",4,97.32558139534892,31106
"(0.8372093023255814, 0.9767441860465116)",2,97.32558139534892,31108
"(0.9651162790697676, 0.9767441860465116)",2,97.32558139534892,31110
"(0.7558139534883721, 0.9767441860465116)",1,97.32558139534892,31111
"(0.8255813953488372, 0.9767441860465116)",1,97.32558139534892,31112
"(0.7790697674418605, 0.9767441860465116)",3,97.32558139534892,31115
"(0.8488372093023255, 0.9767441860465116)",2,97.32558139534892,31117
"(0.7906976744186046, 1.0)",1,97.32558139534883,31118
"(0.2196969696969697, 1.0)",3,97.3253787878788,31121
"(0.8958333333333334, 0.9791666666666666)",1,97.32500000000016,31122
"(0.9875, 0.9958333333333332)",1,97.32500000000007,31123
"(0.9958333333333332, 0.9958333333333332)",1,97.32500000000006,31124
"(0.975, 0.9958333333333332)",1,97.32500000000005,31125
"(0.9875, 0.9958333333333332)",2,97.32500000000005,31127
"(0.8875, 0.975)",1,97.32499999999987,31128
"(0.52125, 0.985)",1,97.32499999999987,31129
"(0.8625, 0.975)",1,97.32499999999985,31130
"(0.9166666666666666, 0.975)",1,97.32499999999985,31131
"(0.7719298245614035, 0.9912280701754386)",1,97.32456140350877,31132
"(0.49375, 0.99625)",1,97.32375000000016,31133
"(0.4890151515151515, 0.999621212121212)",1,97.32272727272732,31134
"(0.3678030303030303, 0.999621212121212)",1,97.32196969696976,31135
"(0.95, 0.9785714285714284)",1,97.32142857142854,31136
"(0.6310810810810811, 0.9763513513513512)",1,97.32128378378388,31137
"(0.9125, 0.9791666666666666)",1,97.32083333333348,31138
"(0.9791666666666666, 0.9958333333333332)",1,97.32083333333335,31139
"(0.7564102564102564, 0.9871794871794872)",3,97.32051282051296,31142
"(0.8717948717948718, 0.9871794871794872)",1,97.32051282051296,31143
"(0.7435897435897436, 0.9871794871794872)",1,97.32051282051296,31144
"(0.50625, 0.9975)",1,97.32000000000006,31145
"(0.6388888888888888, 0.9861111111111112)",2,97.31944444444464,31147
"(0.9305555555555556, 0.9722222222222222)",2,97.31944444444464,31149
"(0.8055555555555556, 0.9861111111111112)",1,97.31944444444464,31150
"(0.6805555555555556, 0.9861111111111112)",1,97.31944444444464,31151
"(0.9166666666666666, 0.9722222222222222)",2,97.31944444444464,31153
"(0.8888888888888888, 0.9861111111111112)",2,97.31944444444464,31155
"(0.6944444444444444, 0.9861111111111112)",3,97.31944444444464,31158
"(0.5, 0.9861111111111112)",2,97.31944444444464,31160
"(0.5277777777777778, 0.9861111111111112)",1,97.31944444444464,31161
"(0.9027777777777778, 0.9861111111111112)",4,97.31944444444464,31165
"(0.7916666666666666, 0.9861111111111112)",1,97.31944444444464,31166
"(0.8472222222222222, 0.9861111111111112)",1,97.31944444444464,31167
"(0.9444444444444444, 1.0)",1,97.31944444444444,31168
"(0.8055555555555556, 1.0)",1,97.31944444444444,31169
"(0.8472222222222222, 1.0)",1,97.31944444444444,31170
"(0.8194444444444444, 1.0)",1,97.31944444444444,31171
"(0.8888888888888888, 1.0)",2,97.31944444444444,31173
"(0.50125, 0.995)",1,97.31875000000012,31174
"(0.9037162162162162, 0.9763513513513512)",2,97.31824324324324,31176
"(0.793918918918919, 0.9743243243243244)",1,97.31790540540538,31177
"(0.95, 0.9714285714285714)",1,97.31785714285716,31178
"(0.9291666666666668, 0.9791666666666666)",1,97.31666666666683,31179
"(1.0, 0.9833333333333332)",1,97.31666666666672,31180
"(0.95, 0.9833333333333332)",2,97.31666666666672,31182
"(0.4166666666666667, 0.9833333333333332)",1,97.31666666666672,31183
"(0.9833333333333332, 0.9958333333333332)",1,97.31666666666672,31184
"(0.7333333333333333, 0.9833333333333332)",1,97.31666666666672,31185
"(0.9666666666666668, 1.0)",1,97.31666666666666,31186
"(0.8958333333333334, 0.975)",1,97.3166666666665,31187
"(0.8875, 0.975)",1,97.3166666666665,31188
"(0.9666666666666668, 0.975)",1,97.3166666666665,31189
"(0.9458333333333332, 0.975)",1,97.31666666666648,31190
"(0.8728070175438597, 0.9912280701754386)",1,97.3157894736842,31191
"(0.4556818181818182, 0.999621212121212)",1,97.31515151515153,31192
"(0.53625, 0.9825)",1,97.31499999999996,31193
"(0.9535714285714286, 0.975)",1,97.31428571428556,31194
"(0.8527027027027027, 0.9773648648648648)",2,97.3141891891892,31196
"(0.8604651162790697, 0.9767441860465116)",1,97.3139534883722,31197
"(0.8837209302325582, 0.9767441860465116)",3,97.3139534883722,31200
"(0.8488372093023255, 0.9767441860465116)",1,97.3139534883722,31201
"(0.8953488372093024, 0.9767441860465116)",1,97.3139534883722,31202
"(0.7790697674418605, 0.9767441860465116)",1,97.3139534883722,31203
"(0.8604651162790697, 0.9767441860465116)",1,97.3139534883722,31204
"(0.7906976744186046, 0.9767441860465116)",1,97.3139534883722,31205
"(0.7790697674418605, 0.9767441860465116)",1,97.3139534883722,31206
"(0.9651162790697676, 0.9767441860465116)",2,97.3139534883722,31208
"(0.6511627906976745, 0.9767441860465116)",1,97.3139534883722,31209
"(0.8255813953488372, 0.9767441860465116)",5,97.3139534883722,31214
"(0.8372093023255814, 0.9767441860465116)",3,97.3139534883722,31217
"(0.7558139534883721, 0.9767441860465116)",1,97.3139534883722,31218
"(0.8023255813953488, 0.9767441860465116)",2,97.3139534883722,31220
"(0.7209302325581395, 0.9767441860465116)",1,97.3139534883722,31221
"(0.9534883720930232, 0.9767441860465116)",1,97.3139534883722,31222
"(0.9186046511627908, 0.9767441860465116)",1,97.3139534883722,31223
"(0.9302325581395348, 0.9767441860465116)",1,97.3139534883722,31224
"(0.7674418604651163, 0.9767441860465116)",1,97.3139534883722,31225
"(0.8023255813953488, 0.9767441860465116)",2,97.3139534883722,31227
"(0.8081081081081081, 0.979054054054054)",1,97.31283783783788,31228
"(0.8958333333333334, 0.9791666666666666)",2,97.31250000000016,31230
"(0.8791666666666667, 0.9791666666666666)",1,97.31250000000016,31231
"(0.9666666666666668, 0.9958333333333332)",1,97.31250000000004,31232
"(0.8791666666666667, 0.9833333333333332)",1,97.31250000000004,31233
"(0.4725, 0.9875)",1,97.3125,31234
"(0.47875, 0.98625)",1,97.31249999999996,31235
"(0.8412162162162162, 0.9766891891891892)",1,97.31249999999996,31236
"(0.9625, 0.975)",1,97.31249999999989,31237
"(0.9375, 0.975)",1,97.31249999999984,31238
"(0.9666666666666668, 0.975)",1,97.31249999999984,31239
"(0.8958333333333334, 0.975)",1,97.31249999999984,31240
"(0.9458333333333332, 0.975)",1,97.31249999999984,31241
"(0.925, 0.975)",1,97.31249999999982,31242
"(0.9083333333333332, 0.975)",1,97.31249999999982,31243
"(0.9541666666666668, 0.975)",1,97.31249999999982,31244
"(0.9375, 0.975)",1,97.3124999999998,31245
"(0.925, 0.9916666666666668)",1,97.31249999999976,31246
"(0.6881756756756757, 0.979391891891892)",1,97.3118243243244,31247
"(0.48375, 0.99)",1,97.31124999999992,31248
"(0.9571428571428572, 0.975)",3,97.31071428571418,31251
"(0.7827702702702702, 0.9760135135135136)",1,97.31047297297287,31252
"(0.48625, 0.9975)",1,97.3100000000002,31253
"(0.55, 0.98125)",1,97.31000000000004,31254
"(0.51375, 0.99125)",1,97.3099999999999,31255
"(0.7327702702702703, 0.9780405405405406)",1,97.30945945945952,31256
"(0.902027027027027, 0.9756756756756756)",1,97.30912162162166,31257
"(0.8625, 0.9791666666666666)",1,97.30833333333348,31258
"(0.8958333333333334, 0.9833333333333332)",1,97.30833333333338,31259
"(0.9458333333333332, 0.9958333333333332)",1,97.30833333333338,31260
"(0.8625, 0.975)",1,97.30833333333317,31261
"(0.5034090909090909, 0.9992424242424244)",1,97.30795454545463,31262
"(0.7307692307692307, 0.9871794871794872)",3,97.30769230769243,31265
"(0.8076923076923077, 0.9871794871794872)",2,97.30769230769243,31267
"(0.6410256410256411, 0.9871794871794872)",2,97.30769230769243,31269
"(0.7564102564102564, 0.9871794871794872)",1,97.30769230769243,31270
"(0.7435897435897436, 0.9871794871794872)",1,97.30769230769243,31271
"(0.8205128205128205, 0.9871794871794872)",1,97.30769230769243,31272
"(0.7307692307692307, 1.0)",1,97.3076923076923,31273
"(0.7435897435897436, 1.0)",1,97.3076923076923,31274
"(0.3318181818181818, 1.0)",2,97.30757575757576,31276
"(0.49375, 0.9975)",1,97.30750000000012,31277
"(0.6847972972972973, 0.9773648648648648)",1,97.30709459459467,31278
"(0.7105263157894737, 0.9912280701754386)",1,97.30701754385962,31279
"(0.8472222222222222, 0.9861111111111112)",1,97.30555555555576,31280
"(0.7638888888888888, 0.9861111111111112)",1,97.30555555555576,31281
"(0.9027777777777778, 0.9861111111111112)",3,97.30555555555576,31284
"(0.8055555555555556, 0.9861111111111112)",1,97.30555555555576,31285
"(0.5277777777777778, 0.9861111111111112)",2,97.30555555555576,31287
"(0.6388888888888888, 0.9861111111111112)",1,97.30555555555576,31288
"(0.8611111111111112, 0.9861111111111112)",2,97.30555555555576,31290
"(0.8333333333333334, 0.9861111111111112)",1,97.30555555555576,31291
"(0.8888888888888888, 0.9861111111111112)",2,97.30555555555576,31293
"(0.7083333333333334, 0.9861111111111112)",1,97.30555555555576,31294
"(0.75, 0.9722222222222222)",1,97.30555555555574,31295
"(0.875, 0.9722222222222222)",1,97.30555555555574,31296
"(0.9305555555555556, 0.9722222222222222)",1,97.30555555555571,31297
"(0.9166666666666666, 1.0)",1,97.30555555555556,31298
"(0.7083333333333334, 1.0)",1,97.30555555555556,31299
"(0.5875, 0.9825)",1,97.30500000000006,31300
"(0.3556818181818181, 1.0)",3,97.30492424242424,31303
"(0.8791666666666667, 0.9791666666666666)",2,97.30416666666682,31305
"(0.95, 0.9958333333333332)",1,97.30416666666676,31306
"(0.975, 0.9958333333333332)",1,97.30416666666667,31307
"(0.8625, 0.9833333333333332)",1,97.30416666666667,31308
"(0.9875, 1.0)",1,97.30416666666662,31309
"(0.8625, 0.975)",1,97.30416666666652,31310
"(0.8666666666666667, 0.975)",1,97.30416666666648,31311
"(0.2784090909090909, 1.0)",1,97.30378787878789,31312
"(0.51, 0.99625)",1,97.30375000000018,31313
"(0.50125, 0.9975)",1,97.30375000000008,31314
"(0.9607142857142856, 0.975)",3,97.30357142857127,31317
"(0.9642857142857144, 0.975)",1,97.30357142857126,31318
"(0.4579545454545454, 0.999621212121212)",1,97.30340909090911,31319
"(0.5525, 0.98875)",1,97.30249999999992,31320
"(0.8023255813953488, 0.9767441860465116)",1,97.30232558139546,31321
"(0.813953488372093, 0.9767441860465116)",1,97.30232558139546,31322
"(0.8953488372093024, 0.9767441860465116)",1,97.30232558139546,31323
"(0.9418604651162792, 0.9767441860465116)",1,97.30232558139546,31324
"(0.9302325581395348, 0.9767441860465116)",2,97.30232558139544,31326
"(0.8604651162790697, 0.9767441860465116)",12,97.30232558139544,31338
"(0.8837209302325582, 0.9767441860465116)",5,97.30232558139544,31343
"(0.9186046511627908, 0.9767441860465116)",1,97.30232558139544,31344
"(0.813953488372093, 0.9767441860465116)",1,97.30232558139544,31345
"(0.7093023255813954, 0.9767441860465116)",1,97.30232558139544,31346
"(0.813953488372093, 0.9767441860465116)",1,97.30232558139544,31347
"(0.8023255813953488, 0.9767441860465116)",4,97.30232558139544,31351
"(0.7674418604651163, 0.9767441860465116)",2,97.30232558139544,31353
"(0.8255813953488372, 0.9767441860465116)",2,97.30232558139544,31355
"(0.8372093023255814, 0.9767441860465116)",3,97.30232558139544,31358
"(0.4602272727272727, 0.9992424242424244)",3,97.30189393939396,31361
"(0.4359848484848485, 1.0)",1,97.30151515151516,31362
"(0.2253787878787878, 1.0)",3,97.30037878787878,31365
"(0.8666666666666667, 0.9791666666666666)",1,97.30000000000015,31366
"(0.8791666666666667, 0.9791666666666666)",1,97.30000000000014,31367
"(0.9125, 0.9791666666666666)",2,97.30000000000014,31369
"(0.95, 0.9833333333333332)",2,97.30000000000008,31371
"(0.9333333333333332, 0.9833333333333332)",1,97.30000000000008,31372
"(0.9083333333333332, 0.9833333333333332)",1,97.30000000000008,31373
"(0.9708333333333332, 0.9958333333333332)",1,97.30000000000008,31374
"(0.8916666666666667, 0.9958333333333332)",1,97.30000000000008,31375
"(0.9833333333333332, 0.9958333333333332)",1,97.30000000000004,31376
"(1.0, 1.0)",1,97.3,31377
"(0.8791666666666667, 0.9833333333333332)",1,97.3,31378
"(0.8666666666666667, 1.0)",1,97.3,31379
"(0.8375, 0.975)",1,97.29999999999988,31380
"(0.8125, 0.975)",2,97.29999999999986,31382
"(0.8625, 0.975)",1,97.29999999999984,31383
"(0.9166666666666666, 0.975)",1,97.29999999999984,31384
"(0.47625, 0.99625)",1,97.29875000000013,31385
"(0.57375, 0.98375)",1,97.29875000000004,31386
"(0.925438596491228, 0.9780701754385964)",1,97.29824561403528,31387
"(0.7719298245614035, 0.9912280701754386)",1,97.29824561403504,31388
"(0.75, 0.977027027027027)",1,97.29797297297296,31389
"(0.228030303030303, 0.999621212121212)",3,97.29659090909092,31392
"(0.8672297297297298, 0.979054054054054)",1,97.29628378378386,31393
"(0.228030303030303, 1.0)",3,97.29621212121214,31396
"(0.8625, 0.9833333333333332)",1,97.29583333333336,31397
"(0.9125, 0.975)",1,97.29583333333316,31398
"(0.9458333333333332, 0.975)",1,97.29583333333316,31399
"(0.5356060606060606, 0.999621212121212)",3,97.29545454545456,31402
"(0.6625, 0.99)",1,97.29500000000004,31403
"(0.6794871794871795, 0.9871794871794872)",3,97.29487179487194,31406
"(0.8076923076923077, 0.9871794871794872)",3,97.29487179487194,31409
"(0.8717948717948718, 0.9871794871794872)",1,97.29487179487192,31410
"(0.8205128205128205, 0.9871794871794872)",3,97.29487179487192,31413
"(0.8076923076923077, 0.9871794871794872)",3,97.29487179487192,31416
"(0.1923076923076923, 1.0)",3,97.2948717948718,31419
"(0.5736486486486486, 0.983108108108108)",1,97.29459459459464,31420
"(0.3393939393939394, 0.9981060606060606)",1,97.2943181818182,31421
"(0.7719298245614035, 0.9912280701754386)",1,97.29385964912277,31422
"(0.52125, 0.98875)",1,97.29375,31423
"(0.925, 0.9678571428571427)",1,97.29285714285707,31424
"(0.9392857142857144, 0.975)",1,97.292857142857,31425
"(0.8055555555555556, 0.9861111111111112)",1,97.29166666666688,31426
"(0.8333333333333334, 0.9861111111111112)",2,97.29166666666688,31428
"(0.5, 0.9861111111111112)",1,97.29166666666688,31429
"(0.7083333333333334, 0.9861111111111112)",1,97.29166666666688,31430
"(0.5555555555555556, 0.9861111111111112)",1,97.29166666666688,31431
"(0.7777777777777778, 0.9861111111111112)",1,97.29166666666688,31432
"(0.875, 0.9861111111111112)",1,97.29166666666688,31433
"(0.9305555555555556, 0.9861111111111112)",1,97.29166666666688,31434
"(0.9305555555555556, 0.9722222222222222)",1,97.29166666666686,31435
"(0.9444444444444444, 0.9722222222222222)",1,97.29166666666684,31436
"(0.8888888888888888, 0.9722222222222222)",1,97.29166666666684,31437
"(0.975, 0.9958333333333332)",1,97.29166666666676,31438
"(0.9666666666666668, 0.9958333333333332)",2,97.2916666666667,31440
"(0.8194444444444444, 1.0)",1,97.29166666666666,31441
"(0.8055555555555556, 1.0)",1,97.29166666666666,31442
"(0.9583333333333334, 1.0)",1,97.29166666666666,31443
"(0.9791666666666666, 0.975)",1,97.29166666666652,31444
"(0.8625, 0.975)",1,97.2916666666665,31445
"(0.9083333333333332, 0.975)",1,97.29166666666649,31446
"(0.95, 0.975)",1,97.29166666666649,31447
"(0.2943181818181818, 0.9984848484848484)",1,97.29090909090914,31448
"(0.3255813953488372, 0.9883720930232558)",1,97.29069767441877,31449
"(0.8604651162790697, 0.9767441860465116)",5,97.29069767441872,31454
"(0.7674418604651163, 0.9767441860465116)",1,97.29069767441872,31455
"(0.8372093023255814, 0.9767441860465116)",1,97.29069767441872,31456
"(0.9302325581395348, 0.9767441860465116)",1,97.29069767441872,31457
"(0.8953488372093024, 0.9767441860465116)",3,97.29069767441872,31460
"(0.8023255813953488, 0.9767441860465116)",1,97.29069767441872,31461
"(0.813953488372093, 0.9767441860465116)",1,97.29069767441872,31462
"(0.9302325581395348, 0.9767441860465116)",1,97.29069767441872,31463
"(0.7209302325581395, 0.9767441860465116)",2,97.29069767441872,31465
"(0.8837209302325582, 0.9767441860465116)",2,97.29069767441872,31467
"(0.7558139534883721, 0.9767441860465116)",1,97.29069767441872,31468
"(0.8255813953488372, 0.9767441860465116)",2,97.29069767441872,31470
"(0.9651162790697676, 0.9767441860465116)",1,97.29069767441872,31471
"(0.7790697674418605, 0.9767441860465116)",2,97.29069767441872,31473
"(0.8023255813953488, 0.9767441860465116)",1,97.2906976744187,31474
"(0.8604651162790697, 0.9767441860465116)",1,97.2906976744187,31475
"(0.8837209302325582, 0.9767441860465116)",1,97.2906976744187,31476
"(0.7790697674418605, 0.9767441860465116)",1,97.2906976744187,31477
"(0.8255813953488372, 0.9767441860465116)",1,97.2906976744187,31478
"(0.8953488372093024, 0.9767441860465116)",1,97.2906976744187,31479
"(0.65125, 0.98125)",1,97.29000000000006,31480
"(0.8087837837837838, 0.9746621621621622)",1,97.28986486486488,31481
"(0.9385964912280702, 0.9912280701754386)",1,97.2894736842105,31482
"(0.9392857142857144, 0.975)",1,97.28928571428564,31483
"(0.9678571428571427, 0.975)",1,97.28928571428558,31484
"(0.9535714285714286, 0.975)",3,97.28928571428555,31487
"(0.5658783783783784, 0.9777027027027028)",1,97.28851351351356,31488
"(0.8891891891891892, 0.9777027027027028)",2,97.28817567567565,31490
"(0.8043918918918919, 0.975)",1,97.28783783783776,31491
"(0.9708333333333332, 0.9958333333333332)",1,97.28750000000008,31492
"(0.8625, 0.9833333333333332)",1,97.28750000000002,31493
"(0.3496212121212121, 1.0)",1,97.2875,31494
"(0.925, 0.975)",2,97.28749999999984,31496
"(0.8875, 0.975)",1,97.28749999999984,31497
"(0.9166666666666666, 0.975)",1,97.28749999999982,31498
"(0.9125, 0.975)",1,97.2874999999998,31499
"(0.9125, 0.975)",1,97.2874999999998,31500
"(0.4268939393939394, 1.0)",1,97.28636363636365,31501
"(0.2856060606060606, 1.0)",3,97.28636363636365,31504
"(0.8462837837837838, 0.979054054054054)",1,97.28614864864868,31505
"(0.8412162162162162, 0.977027027027027)",1,97.2861486486486,31506
"(0.9142857142857144, 0.975)",1,97.28571428571416,31507
"(0.3844696969696969, 1.0)",3,97.28560606060609,31510
"(0.6847972972972973, 0.9763513513513512)",1,97.28513513513512,31511
"(0.66875, 0.99)",1,97.28375000000008,31512
"(0.7327702702702703, 0.9760135135135136)",1,97.2834459459459,31513
"(0.9291666666666668, 0.9791666666666666)",1,97.28333333333347,31514
"(0.9, 0.9833333333333332)",1,97.2833333333334,31515
"(0.9833333333333332, 0.9958333333333332)",2,97.2833333333334,31517
"(0.9833333333333332, 0.9833333333333332)",1,97.2833333333334,31518
"(0.9333333333333332, 0.9833333333333332)",3,97.2833333333334,31521
"(0.7166666666666667, 1.0)",1,97.28333333333332,31522
"(0.9125, 0.9875)",1,97.28333333333325,31523
"(0.9666666666666668, 0.975)",1,97.28333333333316,31524
"(0.9166666666666666, 0.975)",1,97.28333333333316,31525
"(0.4382575757575757, 1.0)",3,97.28295454545454,31528
"(0.48875, 0.99625)",1,97.28250000000018,31529
"(0.50875, 0.99)",1,97.28249999999996,31530
"(0.50375, 0.99125)",1,97.28249999999996,31531
"(0.9714285714285714, 0.9678571428571427)",1,97.2821428571428,31532
"(0.5949324324324324, 0.9777027027027028)",1,97.28209459459468,31533
"(0.5512820512820513, 0.9871794871794872)",1,97.28205128205144,31534
"(0.782051282051282, 0.9871794871794872)",1,97.28205128205144,31535
"(0.717948717948718, 1.0)",1,97.28205128205128,31536
"(0.47625, 0.9975)",1,97.28125000000016,31537
"(0.51875, 0.99125)",1,97.28124999999991,31538
"(0.7469594594594594, 0.979054054054054)",2,97.28074324324324,31540
"(0.9473684210526316, 0.9912280701754386)",1,97.28070175438594,31541
"(0.49, 0.9975)",1,97.2800000000001,31542
"(0.9375, 0.9791666666666666)",1,97.27916666666684,31543
"(0.9083333333333332, 0.9791666666666666)",1,97.27916666666682,31544
"(0.925, 0.9791666666666666)",1,97.2791666666668,31545
"(0.9458333333333332, 0.9833333333333332)",1,97.2791666666667,31546
"(0.9791666666666666, 1.0)",1,97.27916666666664,31547
"(0.8958333333333334, 0.9875)",1,97.2791666666666,31548
"(0.8958333333333334, 0.975)",1,97.2791666666665,31549
"(0.9541666666666668, 0.975)",1,97.2791666666665,31550
"(0.8953488372093024, 0.9883720930232558)",1,97.27906976744202,31551
"(0.3372093023255814, 0.9883720930232558)",1,97.27906976744202,31552
"(0.8023255813953488, 0.9767441860465116)",2,97.27906976744195,31554
"(0.8372093023255814, 0.9767441860465116)",1,97.27906976744195,31555
"(0.8604651162790697, 0.9767441860465116)",2,97.27906976744195,31557
"(0.8255813953488372, 0.9767441860465116)",1,97.27906976744195,31558
"(0.9186046511627908, 0.9767441860465116)",2,97.27906976744195,31560
"(0.8837209302325582, 0.9767441860465116)",4,97.27906976744195,31564
"(0.7906976744186046, 0.9767441860465116)",1,97.27906976744195,31565
"(0.7674418604651163, 0.9767441860465116)",1,97.27906976744195,31566
"(0.7790697674418605, 0.9767441860465116)",3,97.27906976744195,31569
"(0.872093023255814, 0.9767441860465116)",1,97.27906976744195,31570
"(0.9302325581395348, 0.9767441860465116)",2,97.27906976744195,31572
"(0.8604651162790697, 0.9767441860465116)",5,97.27906976744195,31577
"(0.8953488372093024, 0.9767441860465116)",1,97.27906976744195,31578
"(0.9186046511627908, 0.9767441860465116)",2,97.27906976744195,31580
"(0.7674418604651163, 0.9767441860465116)",2,97.27906976744195,31582
"(0.9302325581395348, 0.9767441860465116)",2,97.27906976744195,31584
"(0.6511627906976745, 0.9767441860465116)",2,97.27906976744195,31586
"(0.8372093023255814, 0.9767441860465116)",2,97.27906976744195,31588
"(0.8837209302325582, 0.9767441860465116)",4,97.27906976744195,31592
"(0.8953488372093024, 0.9767441860465116)",1,97.27906976744195,31593
"(0.7746621621621622, 0.9763513513513512)",1,97.27905405405406,31594
"(0.4268939393939394, 0.9984848484848484)",1,97.27878787878792,31595
"(0.8493243243243244, 0.9753378378378378)",1,97.27871621621618,31596
"(0.9678571428571427, 0.975)",1,97.2785714285713,31597
"(0.7083333333333334, 0.9861111111111112)",1,97.27777777777798,31598
"(0.5, 0.9861111111111112)",1,97.27777777777798,31599
"(0.7777777777777778, 0.9861111111111112)",1,97.27777777777796,31600
"(0.9027777777777778, 0.9861111111111112)",2,97.27777777777796,31602
"(0.8888888888888888, 0.9861111111111112)",1,97.27777777777796,31603
"(0.8611111111111112, 0.9861111111111112)",2,97.27777777777796,31605
"(0.9444444444444444, 0.9861111111111112)",2,97.27777777777796,31607
"(0.9166666666666666, 0.9861111111111112)",1,97.27777777777796,31608
"(0.9444444444444444, 0.9722222222222222)",2,97.27777777777796,31610
"(0.8472222222222222, 0.9861111111111112)",3,97.27777777777796,31613
"(0.7638888888888888, 0.9861111111111112)",1,97.27777777777796,31614
"(0.6944444444444444, 0.9861111111111112)",2,97.27777777777796,31616
"(0.8194444444444444, 0.9861111111111112)",2,97.27777777777796,31618
"(0.9305555555555556, 0.9722222222222222)",2,97.27777777777796,31620
"(0.8333333333333334, 0.9861111111111112)",2,97.27777777777796,31622
"(0.9583333333333334, 1.0)",1,97.27777777777776,31623
"(0.8055555555555556, 1.0)",1,97.27777777777776,31624
"(0.47375, 0.985)",1,97.27750000000005,31625
"(0.4068181818181818, 0.999621212121212)",1,97.27727272727276,31626
"(0.8753378378378378, 0.9739864864864864)",1,97.27702702702696,31627
"(0.8859649122807017, 0.9912280701754386)",2,97.27631578947368,31629
"(0.7149122807017544, 0.9912280701754386)",2,97.27631578947366,31631
"(0.50875, 0.9925)",1,97.27624999999996,31632
"(0.3814393939393939, 1.0)",1,97.27613636363635,31633
"(0.9666666666666668, 0.9791666666666666)",1,97.27500000000016,31634
"(0.925, 0.9791666666666666)",1,97.27500000000012,31635
"(0.9041666666666668, 0.9791666666666666)",1,97.27500000000012,31636
"(0.9916666666666668, 0.9958333333333332)",1,97.27500000000008,31637
"(0.975, 0.9958333333333332)",1,97.27500000000006,31638
"(0.9791666666666666, 0.9958333333333332)",1,97.27500000000006,31639
"(0.9375, 0.9833333333333332)",1,97.27500000000003,31640
"(0.9791666666666666, 0.9958333333333332)",1,97.27500000000003,31641
"(0.9678571428571427, 0.9785714285714284)",1,97.27499999999992,31642
"(0.9125, 0.975)",1,97.27499999999988,31643
"(0.925, 0.975)",1,97.27499999999986,31644
"(0.9041666666666668, 0.975)",1,97.27499999999984,31645
"(0.9083333333333332, 0.975)",1,97.27499999999976,31646
"(0.5075, 0.99875)",1,97.27250000000004,31647
"(0.8584459459459459, 0.9763513513513512)",1,97.27195945945938,31648
"(0.4462121212121212, 0.9981060606060606)",1,97.271590909091,31649
"(0.9535714285714286, 0.9714285714285714)",3,97.27142857142856,31652
"(0.95, 0.975)",1,97.27142857142844,31653
"(0.505, 0.99125)",1,97.27125000000002,31654
"(0.2568181818181818, 1.0)",2,97.27121212121212,31656
"(0.8773648648648649, 0.972972972972973)",1,97.27094594594593,31657
"(0.9833333333333332, 0.9958333333333332)",1,97.27083333333344,31658
"(0.9583333333333334, 0.9958333333333332)",1,97.27083333333344,31659
"(0.95, 0.9958333333333332)",1,97.2708333333334,31660
"(0.9791666666666666, 0.9958333333333332)",1,97.2708333333334,31661
"(0.9791666666666666, 0.9958333333333332)",1,97.27083333333336,31662
"(0.9541666666666668, 0.975)",1,97.27083333333314,31663
"(0.5300675675675676, 0.979054054054054)",1,97.27060810810812,31664
"(0.325, 1.0)",3,97.27007575757575,31667
"(0.49875, 0.9925)",1,97.27000000000017,31668
"(0.495, 0.9975)",1,97.27000000000012,31669
"(0.51, 0.9925)",1,97.27,31670
"(0.8033783783783783, 0.975)",1,97.26959459459452,31671
"(0.3223484848484848, 0.999621212121212)",1,97.26931818181822,31672
"(0.8205128205128205, 0.9871794871794872)",3,97.26923076923092,31675
"(0.7307692307692307, 0.9871794871794872)",2,97.2692307692309,31677
"(0.6538461538461539, 1.0)",1,97.26923076923076,31678
"(0.8472972972972973, 0.9773648648648648)",1,97.26891891891889,31679
"(0.49875, 0.9975)",1,97.26875000000013,31680
"(0.49125, 0.9875)",1,97.26875,31681
"(0.53, 0.985)",1,97.26874999999994,31682
"(0.4659090909090909, 0.9992424242424244)",1,97.26818181818186,31683
"(0.9357142857142856, 0.975)",1,97.267857142857,31684
"(0.9571428571428572, 0.975)",3,97.26785714285698,31687
"(0.9418604651162792, 0.9883720930232558)",1,97.26744186046528,31688
"(0.8372093023255814, 0.9767441860465116)",1,97.26744186046524,31689
"(0.8837209302325582, 0.9767441860465116)",2,97.26744186046524,31691
"(0.8604651162790697, 0.9767441860465116)",2,97.26744186046524,31693
"(0.8023255813953488, 0.9767441860465116)",1,97.26744186046524,31694
"(0.8488372093023255, 0.9767441860465116)",1,97.26744186046524,31695
"(0.8255813953488372, 0.9767441860465116)",2,97.26744186046524,31697
"(0.9302325581395348, 0.9767441860465116)",2,97.26744186046524,31699
"(0.7790697674418605, 0.9767441860465116)",1,97.26744186046524,31700
"(0.7558139534883721, 0.9767441860465116)",1,97.26744186046524,31701
"(0.9186046511627908, 0.9767441860465116)",1,97.26744186046524,31702
"(0.6976744186046512, 0.9767441860465116)",1,97.2674418604652,31703
"(0.7790697674418605, 0.9767441860465116)",3,97.2674418604652,31706
"(0.8255813953488372, 0.9767441860465116)",1,97.2674418604652,31707
"(0.8837209302325582, 0.9767441860465116)",2,97.2674418604652,31709
"(0.813953488372093, 0.9767441860465116)",1,97.2674418604652,31710
"(0.7674418604651163, 0.9767441860465116)",2,97.2674418604652,31712
"(0.8604651162790697, 0.9767441860465116)",2,97.2674418604652,31714
"(0.8372093023255814, 0.9767441860465116)",3,97.2674418604652,31717
"(0.3372093023255814, 1.0)",1,97.26744186046513,31718
"(0.3393939393939394, 1.0)",3,97.26742424242424,31721
"(0.9310810810810812, 0.9756756756756756)",2,97.26689189189182,31723
"(0.95, 0.9958333333333332)",1,97.2666666666668,31724
"(1.0, 0.9833333333333332)",1,97.26666666666674,31725
"(0.8166666666666667, 0.9833333333333332)",1,97.26666666666674,31726
"(0.9, 0.9833333333333332)",1,97.26666666666674,31727
"(0.8666666666666667, 0.9833333333333332)",2,97.26666666666674,31729
"(0.9708333333333332, 0.9958333333333332)",1,97.26666666666672,31730
"(0.9708333333333332, 0.9958333333333332)",1,97.2666666666667,31731
"(0.8666666666666667, 1.0)",1,97.26666666666668,31732
"(0.9166666666666666, 1.0)",1,97.26666666666668,31733
"(0.7, 1.0)",1,97.26666666666668,31734
"(0.8833333333333333, 1.0)",1,97.26666666666668,31735
"(0.975, 1.0)",1,97.26666666666658,31736
"(0.9125, 0.975)",1,97.26666666666652,31737
"(0.9111486486486486, 0.9743243243243244)",1,97.26520270270268,31738
"(0.6662162162162162, 0.9756756756756756)",1,97.264527027027,31739
"(0.8327702702702703, 0.9763513513513512)",1,97.2645270270269,31740
"(0.9464285714285714, 0.975)",1,97.26428571428563,31741
"(0.8055555555555556, 0.9861111111111112)",1,97.2638888888891,31742
"(0.8611111111111112, 0.9722222222222222)",1,97.26388888888908,31743
"(0.8472222222222222, 0.9722222222222222)",1,97.26388888888908,31744
"(0.7916666666666666, 0.9861111111111112)",1,97.26388888888908,31745
"(0.7222222222222222, 0.9861111111111112)",2,97.26388888888908,31747
"(0.875, 0.9861111111111112)",1,97.26388888888908,31748
"(0.7777777777777778, 0.9861111111111112)",1,97.26388888888908,31749
"(0.9444444444444444, 0.9722222222222222)",1,97.26388888888908,31750
"(0.9305555555555556, 0.9722222222222222)",1,97.26388888888908,31751
"(0.8194444444444444, 0.9861111111111112)",1,97.26388888888908,31752
"(0.8888888888888888, 0.9861111111111112)",2,97.26388888888908,31754
"(0.6944444444444444, 0.9861111111111112)",1,97.26388888888908,31755
"(0.9027777777777778, 0.9861111111111112)",4,97.26388888888908,31759
"(0.875, 0.9722222222222222)",2,97.26388888888908,31761
"(0.8611111111111112, 0.9861111111111112)",1,97.26388888888908,31762
"(0.8888888888888888, 0.9722222222222222)",1,97.26388888888908,31763
"(0.6388888888888888, 0.9861111111111112)",1,97.26388888888908,31764
"(0.8472222222222222, 0.9861111111111112)",1,97.26388888888908,31765
"(0.9166666666666666, 0.9861111111111112)",1,97.26388888888908,31766
"(0.8611111111111112, 1.0)",1,97.26388888888889,31767
"(0.5175, 0.99625)",1,97.2637500000002,31768
"(0.8439189189189189, 0.9753378378378378)",1,97.26351351351356,31769
"(0.8608108108108108, 0.9743243243243244)",1,97.26351351351347,31770
"(0.7655405405405405, 0.977027027027027)",2,97.2631756756757,31772
"(0.8810810810810811, 0.9746621621621622)",1,97.26317567567564,31773
"(0.7719298245614035, 0.9912280701754386)",3,97.26315789473682,31776
"(0.9625, 0.9958333333333332)",1,97.26250000000005,31777
"(0.9708333333333332, 0.9958333333333332)",1,97.26250000000005,31778
"(0.9916666666666668, 0.9958333333333332)",1,97.26250000000005,31779
"(0.66, 0.99)",1,97.26249999999992,31780
"(0.8625, 0.975)",1,97.26249999999987,31781
"(0.9, 0.975)",1,97.26249999999987,31782
"(0.9666666666666668, 0.975)",1,97.26249999999986,31783
"(0.8375, 0.975)",1,97.26249999999986,31784
"(0.9666666666666668, 0.975)",1,97.26249999999985,31785
"(0.8666666666666667, 0.975)",1,97.26249999999982,31786
"(0.8958333333333334, 0.975)",1,97.2624999999998,31787
"(0.3537878787878787, 0.9988636363636364)",1,97.26212121212124,31788
"(0.8081081081081081, 0.9766891891891892)",1,97.26148648648646,31789
"(0.46625, 0.985)",1,97.26124999999996,31790
"(0.645, 0.9875)",1,97.26124999999996,31791
"(0.51875, 0.9975)",1,97.26124999999992,31792
"(0.8043918918918919, 0.9780405405405406)",2,97.26081081081088,31794
"(0.9714285714285714, 0.9714285714285714)",1,97.26071428571426,31795
"(0.9285714285714286, 0.975)",3,97.26071428571416,31798
"(0.50625, 0.9975)",1,97.25875000000008,31799
"(0.4675, 0.99125)",1,97.25875000000003,31800
"(0.51125, 0.99)",1,97.25875000000003,31801
"(0.9458333333333332, 0.9791666666666666)",1,97.25833333333344,31802
"(0.9916666666666668, 0.9958333333333332)",1,97.2583333333334,31803
"(0.9833333333333332, 0.9958333333333332)",1,97.25833333333335,31804
"(0.9125, 0.9833333333333332)",1,97.25833333333335,31805
"(0.95, 0.9833333333333332)",1,97.25833333333335,31806
"(0.9208333333333332, 0.9833333333333332)",1,97.25833333333333,31807
"(0.9125, 0.975)",1,97.25833333333316,31808
"(0.925, 0.975)",1,97.25833333333314,31809
"(0.8952702702702703, 0.9756756756756756)",1,97.25810810810805,31810
"(0.67625, 0.99375)",1,97.25749999999996,31811
"(0.59875, 0.98875)",1,97.25749999999992,31812
"(0.343560606060606, 1.0)",1,97.257196969697,31813
"(0.9535714285714286, 0.9714285714285714)",1,97.25714285714284,31814
"(0.925, 0.975)",1,97.25714285714275,31815
"(0.9535714285714286, 0.975)",1,97.25714285714272,31816
"(0.9535714285714286, 0.975)",1,97.2571428571427,31817
"(0.4636363636363636, 1.0)",1,97.25643939393944,31818
"(0.8205128205128205, 0.9871794871794872)",2,97.2564102564104,31820
"(0.7307692307692307, 0.9871794871794872)",1,97.2564102564104,31821
"(0.6794871794871795, 0.9871794871794872)",1,97.2564102564104,31822
"(0.782051282051282, 0.9871794871794872)",3,97.2564102564104,31825
"(0.7051282051282052, 0.9871794871794872)",3,97.2564102564104,31828
"(0.7307692307692307, 1.0)",1,97.25641025641026,31829
"(0.8023255813953488, 0.9767441860465116)",3,97.25581395348848,31832
"(0.9186046511627908, 0.9767441860465116)",1,97.25581395348848,31833
"(0.7558139534883721, 0.9767441860465116)",2,97.25581395348848,31835
"(0.8372093023255814, 0.9767441860465116)",4,97.25581395348848,31839
"(0.8604651162790697, 0.9767441860465116)",6,97.25581395348848,31845
"(0.7906976744186046, 0.9767441860465116)",2,97.25581395348848,31847
"(0.7209302325581395, 0.9767441860465116)",1,97.25581395348848,31848
"(0.7674418604651163, 0.9767441860465116)",2,97.25581395348848,31850
"(0.7209302325581395, 0.9767441860465116)",1,97.25581395348848,31851
"(0.8604651162790697, 0.9767441860465116)",1,97.25581395348848,31852
"(0.7790697674418605, 0.9767441860465116)",4,97.25581395348848,31856
"(0.8837209302325582, 0.9767441860465116)",1,97.25581395348848,31857
"(0.9302325581395348, 0.9767441860465116)",1,97.25581395348848,31858
"(0.813953488372093, 0.9767441860465116)",2,97.25581395348848,31860
"(0.8255813953488372, 0.9767441860465116)",2,97.25581395348848,31862
"(0.6511627906976745, 0.9767441860465116)",1,97.25581395348848,31863
"(0.7906976744186046, 1.0)",1,97.25581395348836,31864
"(0.9135135135135136, 0.9733108108108108)",1,97.25574324324336,31865
"(0.8875, 0.9791666666666666)",1,97.25416666666682,31866
"(0.9041666666666668, 0.9791666666666666)",1,97.25416666666682,31867
"(0.9833333333333332, 0.9958333333333332)",1,97.25416666666676,31868
"(0.9083333333333332, 0.9833333333333332)",1,97.25416666666672,31869
"(0.8958333333333334, 0.9833333333333332)",1,97.25416666666668,31870
"(0.8875, 0.975)",1,97.25416666666652,31871
"(0.9125, 0.975)",1,97.25416666666648,31872
"(0.9541666666666668, 0.975)",1,97.25416666666648,31873
"(0.9464285714285714, 0.9714285714285714)",1,97.25357142857148,31874
"(0.9607142857142856, 0.9785714285714284)",3,97.25357142857142,31877
"(0.9607142857142856, 0.975)",1,97.25357142857128,31878
"(0.48875, 0.99625)",1,97.25250000000004,31879
"(0.48875, 0.9925)",1,97.25249999999998,31880
"(0.6175, 0.975)",1,97.25249999999998,31881
"(0.52625, 0.98375)",1,97.25249999999996,31882
"(0.8033783783783783, 0.9756756756756756)",1,97.252027027027,31883
"(0.5443181818181818, 1.0)",1,97.25151515151516,31884
"(0.6310810810810811, 0.9773648648648648)",1,97.2513513513514,31885
"(0.54625, 0.985)",1,97.25124999999998,31886
"(0.525, 1.0)",1,97.25075757575758,31887
"(0.7469594594594594, 0.977027027027027)",1,97.25067567567568,31888
"(0.9027777777777778, 0.9861111111111112)",1,97.2500000000002,31889
"(0.6805555555555556, 0.9861111111111112)",1,97.2500000000002,31890
"(0.8333333333333334, 0.9861111111111112)",2,97.2500000000002,31892
"(0.6388888888888888, 0.9861111111111112)",2,97.2500000000002,31894
"(0.7083333333333334, 0.9861111111111112)",1,97.2500000000002,31895
"(0.7916666666666666, 0.9861111111111112)",1,97.2500000000002,31896
"(0.8194444444444444, 0.9861111111111112)",1,97.2500000000002,31897
"(0.8888888888888888, 0.9861111111111112)",2,97.2500000000002,31899
"(0.8611111111111112, 0.9861111111111112)",1,97.2500000000002,31900
"(0.9027777777777778, 0.9722222222222222)",1,97.25000000000018,31901
"(0.8958333333333334, 0.9791666666666666)",1,97.25000000000014,31902
"(0.95, 0.9833333333333332)",1,97.25000000000009,31903
"(0.9166666666666666, 0.9833333333333332)",1,97.25000000000009,31904
"(0.9333333333333332, 0.9833333333333332)",3,97.25000000000009,31907
"(0.9285714285714286, 0.9714285714285714)",1,97.25000000000004,31908
"(0.8194444444444444, 1.0)",1,97.25,31909
"(0.9166666666666666, 1.0)",1,97.25,31910
"(0.9333333333333332, 1.0)",1,97.25,31911
"(0.8666666666666667, 1.0)",2,97.25,31913
"(0.85, 1.0)",2,97.25,31915
"(0.8771929824561403, 0.9736842105263158)",1,97.24999999999996,31916
"(0.9535714285714286, 0.975)",1,97.24999999999994,31917
"(0.9535714285714286, 0.9785714285714284)",1,97.24999999999991,31918
"(0.925, 0.975)",1,97.24999999999989,31919
"(0.9375, 0.975)",1,97.24999999999989,31920
"(0.9, 0.975)",1,97.24999999999986,31921
"(0.8958333333333334, 0.975)",1,97.24999999999984,31922
"(0.5516891891891892, 0.983445945945946)",1,97.24966216216217,31923
"(0.5570945945945946, 0.9827702702702704)",1,97.24898648648644,31924
"(0.635472972972973, 0.9780405405405406)",1,97.24797297297292,31925
"(0.9107142857142856, 0.9714285714285714)",1,97.2464285714286,31926
"(0.9714285714285714, 0.9714285714285714)",3,97.24642857142858,31929
"(0.95, 0.9785714285714284)",1,97.24642857142857,31930
"(0.9392857142857144, 0.9785714285714284)",2,97.24642857142852,31932
"(0.9607142857142856, 0.975)",3,97.24642857142844,31935
"(0.9714285714285714, 0.975)",1,97.2464285714284,31936
"(0.4556818181818182, 0.9988636363636364)",1,97.24621212121215,31937
"(0.8875, 0.9791666666666666)",1,97.2458333333335,31938
"(0.9125, 0.9791666666666666)",1,97.24583333333348,31939
"(0.925, 0.9791666666666666)",1,97.24583333333348,31940
"(0.9666666666666668, 0.9958333333333332)",1,97.24583333333342,31941
"(0.9, 0.9958333333333332)",1,97.2458333333334,31942
"(0.9666666666666668, 0.9958333333333332)",2,97.2458333333334,31944
"(0.9791666666666666, 0.9958333333333332)",1,97.24583333333338,31945
"(0.9208333333333332, 0.9833333333333332)",1,97.24583333333337,31946
"(0.8625, 0.9833333333333332)",1,97.24583333333337,31947
"(0.9125, 0.975)",1,97.24583333333318,31948
"(0.9166666666666666, 0.975)",1,97.24583333333318,31949
"(0.9458333333333332, 0.975)",1,97.24583333333317,31950
"(0.9125, 0.975)",1,97.24583333333317,31951
"(0.8552631578947368, 0.9912280701754386)",1,97.24561403508768,31952
"(0.9429824561403508, 0.9912280701754386)",1,97.24561403508768,31953
"(0.52125, 0.97875)",1,97.24500000000003,31954
"(0.8587837837837838, 0.972972972972973)",1,97.2449324324324,31955
"(0.7674418604651163, 0.9883720930232558)",1,97.2441860465118,31956
"(0.8372093023255814, 0.9767441860465116)",1,97.24418604651174,31957
"(0.9186046511627908, 0.9767441860465116)",1,97.24418604651174,31958
"(0.9418604651162792, 0.9767441860465116)",1,97.24418604651174,31959
"(0.8604651162790697, 0.9767441860465116)",1,97.24418604651174,31960
"(0.7093023255813954, 0.9767441860465116)",1,97.24418604651174,31961
"(0.9186046511627908, 0.9767441860465116)",1,97.24418604651171,31962
"(0.8837209302325582, 0.9767441860465116)",2,97.24418604651171,31964
"(0.7209302325581395, 0.9767441860465116)",3,97.24418604651171,31967
"(0.7790697674418605, 0.9767441860465116)",1,97.24418604651171,31968
"(0.813953488372093, 0.9767441860465116)",1,97.24418604651171,31969
"(0.8255813953488372, 0.9767441860465116)",3,97.24418604651171,31972
"(0.7558139534883721, 0.9767441860465116)",2,97.24418604651171,31974
"(0.8953488372093024, 0.9767441860465116)",1,97.24418604651171,31975
"(0.6511627906976745, 0.9767441860465116)",2,97.24418604651171,31977
"(0.7906976744186046, 0.9767441860465116)",6,97.24418604651171,31983
"(0.7674418604651163, 0.9767441860465116)",4,97.24418604651171,31987
"(0.8023255813953488, 0.9767441860465116)",2,97.24418604651171,31989
"(0.7093023255813954, 0.9767441860465116)",1,97.24418604651171,31990
"(0.8372093023255814, 0.9767441860465116)",9,97.24418604651171,31999
"(0.8604651162790697, 0.9767441860465116)",10,97.24418604651171,32009
"(0.4897727272727272, 0.9984848484848484)",1,97.24393939393944,32010
"(0.6666666666666666, 0.9871794871794872)",3,97.2435897435899,32013
"(0.8205128205128205, 0.9871794871794872)",1,97.24358974358988,32014
"(0.6794871794871795, 0.9871794871794872)",1,97.24358974358988,32015
"(0.6794871794871795, 1.0)",1,97.24358974358977,32016
"(0.4242424242424242, 0.9973484848484848)",1,97.2435606060607,32017
"(0.75, 0.9756756756756756)",1,97.2432432432432,32018
"(0.5773648648648648, 0.977027027027027)",1,97.24290540540537,32019
"(0.9535714285714286, 0.9714285714285714)",1,97.24285714285716,32020
"(0.95, 0.975)",6,97.24285714285703,32026
"(0.9535714285714286, 0.975)",3,97.242857142857,32029
"(0.9535714285714286, 0.975)",1,97.242857142857,32030
"(0.8964285714285715, 0.975)",1,97.24285714285696,32031
"(0.9791666666666666, 0.9958333333333332)",1,97.24166666666672,32032
"(0.9833333333333332, 0.9958333333333332)",1,97.24166666666672,32033
"(0.3102272727272727, 1.0)",1,97.24166666666666,32034
"(0.9458333333333332, 0.975)",1,97.24166666666648,32035
"(0.3537878787878787, 1.0)",3,97.24128787878789,32038
"(0.49625, 0.99625)",3,97.24125000000016,32041
"(0.4975, 0.995)",1,97.24125000000004,32042
"(0.7149122807017544, 0.9912280701754386)",1,97.2412280701754,32043
"(0.95, 0.975)",3,97.2392857142856,32046
"(0.9178571428571428, 0.975)",1,97.2392857142856,32047
"(0.9678571428571427, 0.975)",1,97.23928571428556,32048
"(0.9428571428571428, 0.975)",3,97.23928571428554,32051
"(0.495, 0.9975)",1,97.23875000000014,32052
"(0.50875, 0.9925)",1,97.23874999999998,32053
"(0.228030303030303, 1.0)",3,97.2378787878788,32056
"(0.925, 0.9791666666666666)",1,97.23750000000014,32057
"(0.8666666666666667, 0.9833333333333332)",1,97.23750000000008,32058
"(0.9625, 0.9958333333333332)",1,97.23750000000008,32059
"(0.9541666666666668, 0.9958333333333332)",1,97.23750000000004,32060
"(0.8875, 0.975)",1,97.23749999999988,32061
"(0.9125, 0.975)",1,97.23749999999988,32062
"(0.875, 0.975)",1,97.23749999999988,32063
"(0.925, 0.975)",4,97.23749999999988,32067
"(0.7149122807017544, 0.9912280701754386)",1,97.23684210526314,32068
"(0.7763157894736842, 0.9912280701754386)",1,97.23684210526314,32069
"(0.7675438596491229, 0.9912280701754386)",1,97.23684210526314,32070
"(0.5106060606060606, 0.9981060606060606)",1,97.23674242424252,32071
"(0.8333333333333334, 0.9861111111111112)",1,97.23611111111131,32072
"(0.9444444444444444, 0.9861111111111112)",1,97.23611111111131,32073
"(0.8611111111111112, 0.9861111111111112)",7,97.23611111111131,32080
"(0.8055555555555556, 0.9861111111111112)",1,97.23611111111131,32081
"(0.8472222222222222, 0.9861111111111112)",2,97.23611111111131,32083
"(0.9722222222222222, 0.9861111111111112)",1,97.23611111111131,32084
"(0.8194444444444444, 0.9861111111111112)",1,97.23611111111131,32085
"(0.8888888888888888, 0.9861111111111112)",1,97.23611111111131,32086
"(0.9027777777777778, 0.9861111111111112)",2,97.23611111111131,32088
"(0.6944444444444444, 0.9861111111111112)",2,97.23611111111131,32090
"(0.875, 0.9722222222222222)",1,97.2361111111113,32091
"(0.8333333333333334, 0.9722222222222222)",2,97.23611111111128,32093
"(0.9166666666666666, 0.9722222222222222)",4,97.23611111111128,32097
"(0.9444444444444444, 0.9722222222222222)",1,97.23611111111128,32098
"(0.8888888888888888, 0.9722222222222222)",1,97.23611111111128,32099
"(0.8333333333333334, 1.0)",1,97.23611111111111,32100
"(0.9305555555555556, 1.0)",1,97.23611111111111,32101
"(0.7361111111111112, 1.0)",1,97.23611111111111,32102
"(0.8055555555555556, 1.0)",1,97.23611111111111,32103
"(0.7916666666666666, 1.0)",1,97.23611111111111,32104
"(0.9583333333333334, 1.0)",1,97.23611111111111,32105
"(0.4571969696969697, 0.999621212121212)",1,97.23598484848486,32106
"(0.4204545454545454, 1.0)",1,97.23598484848486,32107
"(0.9607142857142856, 0.975)",1,97.23571428571417,32108
"(0.9214285714285714, 0.975)",1,97.23571428571412,32109
"(0.6905405405405406, 0.9766891891891892)",1,97.23547297297296,32110
"(0.51, 0.99625)",1,97.23500000000011,32111
"(0.44125, 0.99)",1,97.23500000000004,32112
"(0.4496212121212121, 0.999621212121212)",3,97.2344696969697,32115
"(0.5025, 0.99875)",1,97.23375000000006,32116
"(0.9916666666666668, 0.9958333333333332)",1,97.23333333333343,32117
"(0.95, 0.9833333333333332)",1,97.2333333333334,32118
"(0.8666666666666667, 0.9833333333333332)",2,97.2333333333334,32120
"(0.8166666666666667, 0.9833333333333332)",1,97.2333333333334,32121
"(0.8833333333333333, 0.9833333333333332)",4,97.2333333333334,32125
"(0.8333333333333334, 1.0)",1,97.23333333333332,32126
"(0.95, 1.0)",1,97.23333333333332,32127
"(0.8958333333333334, 0.975)",1,97.23333333333318,32128
"(0.8875, 0.975)",1,97.23333333333318,32129
"(0.8791666666666667, 0.975)",1,97.23333333333318,32130
"(0.8666666666666667, 0.975)",1,97.23333333333316,32131
"(0.8837209302325582, 0.9883720930232558)",1,97.23255813953504,32132
"(0.8953488372093024, 0.9767441860465116)",2,97.232558139535,32134
"(0.6627906976744186, 0.9767441860465116)",1,97.232558139535,32135
"(0.7209302325581395, 0.9767441860465116)",7,97.232558139535,32142
"(0.7906976744186046, 0.9767441860465116)",2,97.232558139535,32144
"(0.7790697674418605, 0.9767441860465116)",3,97.232558139535,32147
"(0.6511627906976745, 0.9767441860465116)",3,97.232558139535,32150
"(0.7674418604651163, 0.9767441860465116)",2,97.232558139535,32152
"(0.813953488372093, 0.9767441860465116)",2,97.232558139535,32154
"(0.8372093023255814, 0.9767441860465116)",4,97.232558139535,32158
"(0.9302325581395348, 0.9767441860465116)",1,97.232558139535,32159
"(0.8604651162790697, 0.9767441860465116)",9,97.232558139535,32168
"(0.9534883720930232, 0.9767441860465116)",2,97.232558139535,32170
"(0.8837209302325582, 0.9767441860465116)",2,97.232558139535,32172
"(0.7558139534883721, 0.9767441860465116)",1,97.232558139535,32173
"(0.8372093023255814, 0.9767441860465116)",1,97.23255813953496,32174
"(0.5697674418604651, 0.9767441860465116)",1,97.23255813953496,32175
"(0.9302325581395348, 0.9767441860465116)",1,97.23255813953496,32176
"(0.95, 0.9714285714285714)",3,97.23214285714286,32179
"(0.9142857142857144, 0.9785714285714284)",1,97.2321428571428,32180
"(0.9178571428571428, 0.975)",3,97.23214285714276,32183
"(0.8535714285714285, 0.975)",1,97.23214285714272,32184
"(0.9464285714285714, 0.975)",3,97.23214285714272,32187
"(0.456060606060606, 0.9992424242424244)",1,97.23106060606062,32188
"(0.7307692307692307, 0.9871794871794872)",1,97.23076923076938,32189
"(0.7692307692307693, 0.9871794871794872)",3,97.23076923076935,32192
"(0.7435897435897436, 0.9871794871794872)",1,97.23076923076935,32193
"(0.717948717948718, 0.9871794871794872)",1,97.23076923076935,32194
"(0.6794871794871795, 0.9871794871794872)",2,97.23076923076935,32196
"(0.8461538461538461, 0.9871794871794872)",3,97.23076923076935,32199
"(0.6666666666666666, 0.9871794871794872)",3,97.23076923076935,32202
"(0.8076923076923077, 0.9871794871794872)",3,97.23076923076935,32205
"(0.3409090909090909, 0.9981060606060606)",1,97.23068181818188,32206
"(0.209090909090909, 0.9977272727272728)",1,97.23068181818188,32207
"(0.8297297297297297, 0.9760135135135136)",1,97.2300675675675,32208
"(0.3731060606060606, 1.0)",3,97.22954545454547,32211
"(0.9166666666666666, 0.9833333333333332)",1,97.22916666666671,32212
"(0.9875, 0.9958333333333332)",1,97.22916666666671,32213
"(0.9666666666666668, 0.9958333333333332)",1,97.22916666666669,32214
"(0.9375, 0.9875)",1,97.22916666666656,32215
"(0.9392857142857144, 0.9714285714285714)",3,97.2285714285714,32218
"(0.95, 0.9785714285714284)",3,97.22857142857136,32221
"(0.95, 0.975)",1,97.22857142857129,32222
"(0.9642857142857144, 0.975)",2,97.22857142857129,32224
"(0.9607142857142856, 0.975)",1,97.22857142857124,32225
"(0.9178571428571428, 0.975)",1,97.22857142857124,32226
"(0.7827702702702702, 0.9739864864864864)",1,97.22837837837844,32227
"(0.7763157894736842, 0.9912280701754386)",1,97.22807017543856,32228
"(0.7763513513513514, 0.9763513513513512)",1,97.22736486486488,32229
"(0.8493243243243244, 0.9763513513513512)",1,97.22702702702696,32230
"(0.4109848484848485, 0.999621212121212)",1,97.22651515151516,32231
"(0.49625, 0.995)",1,97.22500000000016,32232
"(0.8791666666666667, 0.9791666666666666)",1,97.22500000000014,32233
"(0.48375, 0.9925)",1,97.22500000000012,32234
"(0.9916666666666668, 0.9958333333333332)",1,97.2250000000001,32235
"(0.9916666666666668, 0.9958333333333332)",1,97.22500000000004,32236
"(0.9285714285714286, 0.9785714285714284)",1,97.225,32237
"(0.975, 1.0)",1,97.225,32238
"(0.8662162162162163, 0.9736486486486486)",1,97.22499999999998,32239
"(0.95, 0.9678571428571427)",1,97.22499999999997,32240
"(0.9625, 0.975)",2,97.22499999999988,32242
"(0.8875, 0.975)",1,97.22499999999988,32243
"(0.9375, 0.975)",1,97.22499999999988,32244
"(0.9, 0.975)",5,97.22499999999988,32249
"(0.85, 0.975)",1,97.22499999999988,32250
"(0.9357142857142856, 0.975)",1,97.22499999999984,32251
"(0.4291666666666666, 1.0)",1,97.22462121212122,32252
"(0.2742424242424242, 1.0)",3,97.22348484848486,32255
"(0.505, 0.99)",1,97.22249999999988,32256
"(0.9027777777777778, 0.9861111111111112)",1,97.22222222222244,32257
"(0.8888888888888888, 0.9861111111111112)",1,97.22222222222244,32258
"(0.8611111111111112, 0.9861111111111112)",1,97.22222222222244,32259
"(0.6388888888888888, 0.9861111111111112)",1,97.22222222222244,32260
"(0.8194444444444444, 0.9861111111111112)",2,97.22222222222244,32262
"(0.9444444444444444, 0.9722222222222222)",2,97.2222222222224,32264
"(0.4166666666666667, 0.9861111111111112)",1,97.2222222222224,32265
"(0.9305555555555556, 0.9722222222222222)",1,97.2222222222224,32266
"(0.875, 0.9861111111111112)",1,97.2222222222224,32267
"(0.8888888888888888, 0.9861111111111112)",2,97.2222222222224,32269
"(0.8055555555555556, 0.9861111111111112)",1,97.2222222222224,32270
"(0.5416666666666666, 0.9861111111111112)",1,97.2222222222224,32271
"(0.9583333333333334, 0.9722222222222222)",1,97.2222222222224,32272
"(0.9166666666666666, 0.9722222222222222)",1,97.2222222222224,32273
"(0.8611111111111112, 1.0)",1,97.22222222222224,32274
"(0.8472222222222222, 1.0)",1,97.22222222222224,32275
"(0.9166666666666666, 1.0)",1,97.2222222222222,32276
"(0.9678571428571427, 0.9678571428571427)",1,97.2214285714285,32277
"(0.9428571428571428, 0.975)",1,97.22142857142843,32278
"(0.5225, 0.98875)",1,97.22124999999996,32279
"(0.60375, 0.9825)",1,97.22124999999993,32280
"(0.8255813953488372, 0.9883720930232558)",1,97.2209302325583,32281
"(0.3372093023255814, 0.9883720930232558)",1,97.22093023255827,32282
"(0.7209302325581395, 0.9767441860465116)",1,97.22093023255826,32283
"(0.9302325581395348, 0.9767441860465116)",1,97.22093023255826,32284
"(0.9186046511627908, 0.9767441860465116)",1,97.22093023255826,32285
"(0.7790697674418605, 0.9767441860465116)",1,97.22093023255825,32286
"(0.8837209302325582, 0.9767441860465116)",1,97.22093023255825,32287
"(0.8372093023255814, 0.9767441860465116)",1,97.22093023255825,32288
"(0.8023255813953488, 0.9767441860465116)",2,97.22093023255825,32290
"(0.813953488372093, 0.9767441860465116)",2,97.22093023255825,32292
"(0.8837209302325582, 0.9767441860465116)",3,97.22093023255825,32295
"(0.8604651162790697, 0.9767441860465116)",10,97.22093023255825,32305
"(0.872093023255814, 0.9767441860465116)",1,97.22093023255825,32306
"(0.8255813953488372, 0.9767441860465116)",3,97.22093023255825,32309
"(0.8604651162790697, 0.9767441860465116)",7,97.22093023255825,32316
"(0.7325581395348837, 0.9767441860465116)",2,97.22093023255825,32318
"(0.7674418604651163, 0.9767441860465116)",2,97.22093023255825,32320
"(0.6511627906976745, 0.9767441860465116)",1,97.22093023255825,32321
"(0.8953488372093024, 0.9767441860465116)",1,97.22093023255825,32322
"(0.7674418604651163, 0.9767441860465116)",1,97.22093023255825,32323
"(0.8023255813953488, 0.9767441860465116)",2,97.22093023255825,32325
"(0.7209302325581395, 0.9767441860465116)",2,97.22093023255825,32327
"(0.5465116279069767, 0.9767441860465116)",2,97.22093023255825,32329
"(0.8255813953488372, 0.9767441860465116)",3,97.22093023255825,32332
"(0.9625, 0.9958333333333332)",1,97.22083333333342,32333
"(0.9791666666666666, 0.9958333333333332)",1,97.22083333333342,32334
"(0.9625, 0.9958333333333332)",2,97.2208333333334,32336
"(0.9166666666666666, 0.975)",1,97.22083333333318,32337
"(0.7875, 0.9753378378378378)",1,97.21993243243246,32338
"(0.8859649122807017, 0.9736842105263158)",3,97.21929824561396,32341
"(0.49, 0.99)",1,97.21874999999984,32342
"(0.3484848484848485, 0.9977272727272728)",1,97.21856060606063,32343
"(0.717948717948718, 0.9871794871794872)",5,97.21794871794886,32348
"(0.4358974358974359, 0.9871794871794872)",1,97.21794871794886,32349
"(0.8717948717948718, 0.9871794871794872)",1,97.21794871794886,32350
"(0.7051282051282052, 0.9871794871794872)",3,97.21794871794886,32353
"(0.9392857142857144, 0.9714285714285714)",3,97.21785714285711,32356
"(0.8964285714285715, 0.9678571428571427)",1,97.2178571428571,32357
"(0.5075, 0.9925)",1,97.21750000000002,32358
"(0.8216216216216217, 0.9736486486486486)",1,97.21722972972968,32359
"(0.9791666666666666, 0.9958333333333332)",1,97.21666666666674,32360
"(0.9833333333333332, 0.9833333333333332)",1,97.21666666666674,32361
"(0.975, 0.9958333333333332)",2,97.2166666666667,32363
"(0.9, 1.0)",1,97.21666666666668,32364
"(0.9166666666666666, 1.0)",1,97.21666666666668,32365
"(0.8833333333333333, 1.0)",1,97.21666666666668,32366
"(0.9083333333333332, 0.975)",1,97.21666666666653,32367
"(0.9541666666666668, 0.975)",1,97.2166666666665,32368
"(0.9125, 0.975)",1,97.21666666666648,32369
"(0.49875, 0.9975)",1,97.21625000000014,32370
"(0.4925, 0.9925)",1,97.21625000000004,32371
"(0.772972972972973, 0.9756756756756756)",1,97.2155405405405,32372
"(0.925, 0.9714285714285714)",1,97.21428571428578,32373
"(0.9392857142857144, 0.9714285714285714)",1,97.21428571428574,32374
"(0.925, 0.9714285714285714)",3,97.21428571428568,32377
"(0.9392857142857144, 0.975)",1,97.2142857142856,32378
"(0.9535714285714286, 0.975)",1,97.2142857142856,32379
"(0.9607142857142856, 0.975)",1,97.21428571428557,32380
"(0.9642857142857144, 0.975)",1,97.21428571428554,32381
"(0.539527027027027, 0.9780405405405406)",1,97.2141891891892,32382
"(0.3579545454545454, 0.9988636363636364)",1,97.21401515151518,32383
"(0.5075, 0.9975)",3,97.21375000000012,32386
"(0.51875, 0.9925)",1,97.2137500000001,32387
"(0.3583333333333333, 0.999621212121212)",1,97.2132575757576,32388
"(0.4109848484848485, 1.0)",1,97.2128787878788,32389
"(0.8625, 0.9791666666666666)",1,97.21250000000016,32390
"(0.8625, 0.9958333333333332)",1,97.21250000000008,32391
"(0.3583333333333333, 0.9992424242424244)",1,97.21250000000002,32392
"(0.9125, 0.975)",1,97.21249999999988,32393
"(0.825, 0.975)",1,97.21249999999988,32394
"(0.9625, 0.975)",1,97.21249999999988,32395
"(0.8125, 0.975)",1,97.21249999999988,32396
"(0.9375, 0.975)",1,97.21249999999986,32397
"(0.8875, 0.975)",1,97.21249999999986,32398
"(0.925, 0.975)",2,97.21249999999986,32400
"(0.9, 0.975)",1,97.21249999999986,32401
"(0.9166666666666666, 0.975)",1,97.21249999999984,32402
"(0.8958333333333334, 0.975)",1,97.21249999999982,32403
"(0.5891891891891892, 0.9777027027027028)",1,97.21216216216226,32404
"(0.228030303030303, 0.9992424242424244)",1,97.21212121212122,32405
"(0.9310810810810812, 0.9777027027027028)",1,97.21148648648642,32406
"(0.8712837837837838, 0.9736486486486486)",1,97.21148648648636,32407
"(0.2454545454545454, 0.999621212121212)",1,97.21136363636369,32408
"(0.49375, 0.99625)",1,97.21125000000012,32409
"(0.50875, 0.99875)",1,97.21125000000006,32410
"(0.61, 0.98875)",1,97.21125,32411
"(0.9571428571428572, 0.9714285714285714)",1,97.21071428571436,32412
"(0.9714285714285714, 0.9714285714285714)",1,97.21071428571432,32413
"(0.9357142857142856, 0.9714285714285714)",3,97.2107142857143,32416
"(0.925, 0.9714285714285714)",1,97.21071428571427,32417
"(0.95, 0.975)",1,97.21071428571418,32418
"(0.9607142857142856, 0.975)",1,97.21071428571416,32419
"(0.6929824561403509, 0.9912280701754386)",1,97.21052631578944,32420
"(0.7496621621621622, 0.9736486486486486)",1,97.20979729729734,32421
"(0.7674418604651163, 0.9767441860465116)",1,97.2093023255815,32422
"(0.8604651162790697, 0.9767441860465116)",1,97.2093023255815,32423
"(0.872093023255814, 0.9767441860465116)",1,97.2093023255815,32424
"(0.9302325581395348, 0.9767441860465116)",1,97.2093023255815,32425
"(0.6046511627906976, 0.9767441860465116)",1,97.2093023255815,32426
"(0.8255813953488372, 0.9767441860465116)",4,97.20930232558148,32430
"(0.9302325581395348, 0.9767441860465116)",2,97.20930232558148,32432
"(0.7674418604651163, 0.9767441860465116)",3,97.20930232558148,32435
"(0.7790697674418605, 0.9767441860465116)",1,97.20930232558148,32436
"(0.8023255813953488, 0.9767441860465116)",1,97.20930232558148,32437
"(0.7209302325581395, 0.9767441860465116)",1,97.20930232558148,32438
"(0.813953488372093, 0.9767441860465116)",4,97.20930232558148,32442
"(0.7558139534883721, 0.9767441860465116)",1,97.20930232558148,32443
"(0.8372093023255814, 0.9767441860465116)",4,97.20930232558148,32447
"(0.9186046511627908, 0.9767441860465116)",1,97.20930232558148,32448
"(0.7906976744186046, 0.9767441860465116)",1,97.20930232558148,32449
"(0.8953488372093024, 0.9767441860465116)",2,97.20930232558148,32451
"(0.8604651162790697, 0.9767441860465116)",10,97.20930232558148,32461
"(0.8837209302325582, 0.9767441860465116)",1,97.20930232558148,32462
"(0.8412162162162162, 0.9773648648648648)",2,97.20844594594595,32464
"(0.8194444444444444, 0.9861111111111112)",1,97.20833333333354,32465
"(0.7777777777777778, 0.9861111111111112)",1,97.20833333333354,32466
"(0.8472222222222222, 0.9861111111111112)",1,97.20833333333354,32467
"(0.8611111111111112, 0.9861111111111112)",1,97.20833333333354,32468
"(0.6944444444444444, 0.9861111111111112)",1,97.20833333333351,32469
"(0.8611111111111112, 0.9861111111111112)",3,97.20833333333351,32472
"(0.875, 0.9722222222222222)",1,97.20833333333351,32473
"(0.7916666666666666, 0.9861111111111112)",1,97.20833333333351,32474
"(0.9305555555555556, 0.9722222222222222)",2,97.20833333333351,32476
"(0.8055555555555556, 0.9861111111111112)",1,97.20833333333351,32477
"(0.9166666666666666, 0.9722222222222222)",2,97.20833333333351,32479
"(0.875, 0.9861111111111112)",1,97.20833333333351,32480
"(0.8194444444444444, 0.9861111111111112)",2,97.20833333333351,32482
"(0.9027777777777778, 0.9861111111111112)",2,97.20833333333351,32484
"(0.7777777777777778, 0.9861111111111112)",1,97.20833333333351,32485
"(0.9722222222222222, 0.9861111111111112)",1,97.20833333333351,32486
"(0.7083333333333334, 0.9861111111111112)",1,97.20833333333351,32487
"(0.8472222222222222, 0.9861111111111112)",2,97.20833333333351,32489
"(0.8888888888888888, 0.9722222222222222)",3,97.20833333333351,32492
"(0.8888888888888888, 0.9861111111111112)",3,97.20833333333351,32495
"(0.5555555555555556, 0.9861111111111112)",1,97.20833333333351,32496
"(0.7638888888888888, 0.9861111111111112)",2,97.20833333333351,32498
"(0.9625, 0.9958333333333332)",1,97.20833333333346,32499
"(0.925, 0.9833333333333332)",1,97.20833333333336,32500
"(0.9833333333333332, 0.9958333333333332)",1,97.20833333333336,32501
"(0.2784090909090909, 1.0)",1,97.20833333333334,32502
"(0.7083333333333334, 1.0)",1,97.20833333333331,32503
"(0.9583333333333334, 1.0)",1,97.20833333333331,32504
"(0.8194444444444444, 1.0)",2,97.20833333333331,32506
"(0.8125, 0.975)",1,97.20833333333316,32507
"(0.8958333333333334, 0.975)",1,97.20833333333316,32508
"(0.8510135135135135, 0.9753378378378378)",1,97.20810810810808,32509
"(0.3496212121212121, 0.999621212121212)",1,97.20757575757578,32510
"(0.51625, 0.99125)",1,97.20749999999992,32511
"(0.9535714285714286, 0.9714285714285714)",3,97.20714285714288,32514
"(0.9607142857142856, 0.9714285714285714)",1,97.20714285714288,32515
"(0.9714285714285714, 0.9714285714285714)",1,97.20714285714284,32516
"(0.9714285714285714, 0.975)",3,97.20714285714271,32519
"(0.9571428571428572, 0.975)",1,97.2071428571427,32520
"(0.4462121212121212, 0.9973484848484848)",1,97.20681818181826,32521
"(0.7807432432432433, 0.9733108108108108)",1,97.20675675675666,32522
"(0.51125, 0.9975)",1,97.20625000000015,32523
"(0.925438596491228, 0.9912280701754386)",1,97.20614035087716,32524
"(0.8552631578947368, 0.9912280701754386)",1,97.20614035087716,32525
"(0.2553030303030303, 0.999621212121212)",1,97.20530303030304,32526
"(0.4871794871794871, 0.9871794871794872)",3,97.20512820512836,32529
"(0.6153846153846154, 0.9871794871794872)",3,97.20512820512836,32532
"(0.7051282051282052, 0.9871794871794872)",2,97.20512820512836,32534
"(0.8205128205128205, 1.0)",1,97.2051282051282,32535
"(0.4487179487179487, 1.0)",1,97.2051282051282,32536
"(0.485, 0.99)",1,97.20499999999991,32537
"(0.4746212121212121, 0.9981060606060606)",1,97.20492424242428,32538
"(0.5320945945945946, 0.9780405405405406)",1,97.2047297297298,32539
"(0.8510135135135135, 0.9746621621621622)",1,97.20472972972972,32540
"(0.925, 0.9791666666666666)",1,97.20416666666682,32541
"(0.9875, 0.9958333333333332)",1,97.20416666666677,32542
"(0.9875, 0.9958333333333332)",1,97.20416666666674,32543
"(0.8625, 0.9833333333333332)",2,97.2041666666667,32545
"(0.9375, 0.975)",1,97.2041666666665,32546
"(0.5175, 0.99625)",1,97.2037500000002,32547
"(0.9571428571428572, 0.9714285714285714)",1,97.20357142857146,32548
"(0.9392857142857144, 0.9714285714285714)",3,97.20357142857144,32551
"(0.9642857142857144, 0.9714285714285714)",1,97.20357142857142,32552
"(0.9678571428571427, 0.975)",3,97.2035714285713,32555
"(0.7477272727272727, 1.0)",1,97.2034090909091,32556
"(0.4678030303030303, 0.9962121212121212)",2,97.20265151515166,32558
"(0.7105263157894737, 0.9912280701754386)",1,97.20175438596488,32559
"(0.7719298245614035, 0.9912280701754386)",1,97.20175438596488,32560
"(0.6391891891891892, 0.9760135135135136)",2,97.2013513513514,32562
"(0.5273648648648649, 0.9787162162162162)",1,97.20033783783788,32563
"(0.8833333333333333, 0.9833333333333332)",1,97.20000000000007,32564
"(0.9333333333333332, 0.9833333333333332)",1,97.20000000000007,32565
"(0.95, 0.9833333333333332)",1,97.20000000000007,32566
"(0.975, 0.9958333333333332)",1,97.20000000000007,32567
"(0.975, 0.9958333333333332)",1,97.20000000000006,32568
"(0.95, 0.9714285714285714)",1,97.20000000000006,32569
"(0.9166666666666666, 0.9833333333333332)",1,97.20000000000006,32570
"(0.9708333333333332, 0.9958333333333332)",1,97.20000000000005,32571
"(0.975, 0.9958333333333332)",1,97.20000000000005,32572
"(0.95, 0.9714285714285714)",3,97.20000000000002,32575
"(0.8324324324324325, 0.979054054054054)",1,97.19999999999996,32576
"(0.9642857142857144, 0.975)",1,97.19999999999992,32577
"(0.8625, 0.975)",1,97.19999999999987,32578
"(0.8875, 0.975)",3,97.19999999999987,32581
"(0.9607142857142856, 0.975)",1,97.19999999999987,32582
"(0.925, 0.975)",1,97.19999999999987,32583
"(0.85, 0.975)",1,97.19999999999987,32584
"(0.8625, 0.975)",2,97.19999999999986,32586
"(0.9375, 0.975)",1,97.19999999999986,32587
"(0.9291666666666668, 0.975)",1,97.19999999999986,32588
"(0.9285714285714286, 0.975)",1,97.19999999999986,32589
"(0.9, 0.975)",3,97.19999999999986,32592
"(0.9392857142857144, 0.975)",1,97.19999999999986,32593
"(0.9083333333333332, 0.975)",1,97.19999999999985,32594
"(0.9571428571428572, 0.975)",3,97.19999999999982,32597
"(0.95, 0.975)",1,97.19999999999982,32598
"(0.7283783783783784, 0.9760135135135136)",1,97.19966216216211,32599
"(0.8091216216216216, 0.9760135135135136)",1,97.19966216216208,32600
"(0.55, 0.98625)",1,97.19875000000002,32601
"(0.8662162162162163, 0.9733108108108108)",1,97.197972972973,32602
"(0.4883720930232558, 0.9883720930232558)",1,97.1976744186048,32603
"(0.8255813953488372, 0.9767441860465116)",3,97.19767441860476,32606
"(0.8488372093023255, 0.9767441860465116)",1,97.19767441860476,32607
"(0.8953488372093024, 0.9767441860465116)",1,97.19767441860476,32608
"(0.6511627906976745, 0.9767441860465116)",3,97.19767441860476,32611
"(0.8372093023255814, 0.9767441860465116)",5,97.19767441860476,32616
"(0.7790697674418605, 0.9767441860465116)",3,97.19767441860476,32619
"(0.8837209302325582, 0.9767441860465116)",1,97.19767441860476,32620
"(0.7674418604651163, 0.9767441860465116)",1,97.19767441860476,32621
"(0.9302325581395348, 0.9767441860465116)",1,97.19767441860476,32622
"(0.8023255813953488, 0.9767441860465116)",1,97.19767441860476,32623
"(0.8604651162790697, 0.9767441860465116)",6,97.19767441860476,32629
"(0.9418604651162792, 0.9767441860465116)",1,97.19767441860476,32630
"(0.7325581395348837, 0.9767441860465116)",1,97.19767441860476,32631
"(0.8953488372093024, 0.9767441860465116)",1,97.19767441860472,32632
"(0.9186046511627908, 0.9767441860465116)",1,97.19767441860472,32633
"(0.7209302325581395, 0.9767441860465116)",1,97.19767441860472,32634
"(0.7906976744186046, 0.9767441860465116)",1,97.19767441860472,32635
"(0.8488372093023255, 1.0)",1,97.19767441860463,32636
"(0.51, 0.9925)",1,97.19750000000012,32637
"(0.56, 0.99375)",1,97.19750000000003,32638
"(0.8552631578947368, 0.9912280701754386)",1,97.19736842105262,32639
"(0.925438596491228, 0.9736842105263158)",3,97.1973684210526,32642
"(0.5344594594594595, 0.9817567567567568)",1,97.19729729729728,32643
"(0.9428571428571428, 0.9714285714285714)",1,97.1964285714286,32644
"(0.9142857142857144, 0.975)",2,97.19642857142844,32646
"(0.49375, 0.995)",1,97.1962500000001,32647
"(0.50375, 0.99125)",1,97.19624999999992,32648
"(0.9125, 0.9791666666666666)",1,97.19583333333348,32649
"(0.9166666666666666, 0.9958333333333332)",1,97.19583333333344,32650
"(0.975, 0.9958333333333332)",1,97.1958333333334,32651
"(0.8666666666666667, 0.9833333333333332)",1,97.19583333333338,32652
"(0.9791666666666666, 0.9958333333333332)",1,97.19583333333338,32653
"(0.8458333333333333, 0.9833333333333332)",1,97.19583333333334,32654
"(0.9083333333333332, 0.975)",1,97.19583333333318,32655
"(0.5192567567567568, 0.9837837837837838)",1,97.1956081081081,32656
"(0.5847972972972973, 0.9760135135135136)",1,97.1952702702702,32657
"(0.4651515151515151, 1.0)",1,97.1950757575758,32658
"(0.63125, 0.9925)",1,97.19499999999994,32659
"(0.3556818181818181, 0.9988636363636364)",1,97.19469696969702,32660
"(0.4178030303030303, 1.0)",3,97.19469696969696,32663
"(0.9166666666666666, 0.9722222222222222)",1,97.19444444444464,32664
"(0.7638888888888888, 0.9861111111111112)",1,97.19444444444464,32665
"(0.6388888888888888, 0.9861111111111112)",1,97.19444444444464,32666
"(0.8333333333333334, 0.9722222222222222)",1,97.19444444444464,32667
"(0.9027777777777778, 0.9861111111111112)",8,97.19444444444464,32675
"(0.7638888888888888, 0.9722222222222222)",1,97.19444444444464,32676
"(0.9861111111111112, 0.9722222222222222)",1,97.19444444444464,32677
"(0.8472222222222222, 0.9861111111111112)",1,97.19444444444464,32678
"(0.9305555555555556, 0.9722222222222222)",2,97.19444444444464,32680
"(0.8888888888888888, 0.9722222222222222)",2,97.19444444444464,32682
"(0.9722222222222222, 0.9861111111111112)",1,97.19444444444464,32683
"(0.5, 0.9861111111111112)",2,97.19444444444464,32685
"(0.6944444444444444, 0.9861111111111112)",2,97.19444444444464,32687
"(0.8194444444444444, 0.9861111111111112)",2,97.19444444444464,32689
"(0.7083333333333334, 0.9861111111111112)",1,97.19444444444464,32690
"(0.9027777777777778, 0.9722222222222222)",2,97.19444444444464,32692
"(0.8055555555555556, 0.9861111111111112)",3,97.19444444444464,32695
"(0.875, 0.9722222222222222)",1,97.19444444444464,32696
"(0.8611111111111112, 0.9861111111111112)",2,97.19444444444464,32698
"(0.9583333333333334, 1.0)",2,97.19444444444444,32700
"(0.7777777777777778, 1.0)",1,97.19444444444444,32701
"(0.8194444444444444, 1.0)",1,97.19444444444444,32702
"(0.9166666666666666, 1.0)",1,97.19444444444444,32703
"(0.5277027027027027, 0.9766891891891892)",1,97.19391891891895,32704
"(0.6304054054054054, 0.9773648648648648)",1,97.19324324324326,32705
"(0.8108108108108109, 0.977027027027027)",1,97.19324324324324,32706
"(0.9473684210526316, 0.9912280701754386)",1,97.19298245614031,32707
"(0.95, 0.9714285714285714)",1,97.19285714285716,32708
"(0.9464285714285714, 0.9714285714285714)",1,97.19285714285716,32709
"(0.8964285714285715, 0.9714285714285714)",1,97.19285714285716,32710
"(0.9535714285714286, 0.9714285714285714)",1,97.19285714285716,32711
"(0.9714285714285714, 0.9678571428571427)",1,97.19285714285708,32712
"(0.9464285714285714, 0.975)",1,97.19285714285704,32713
"(0.9428571428571428, 0.975)",1,97.192857142857,32714
"(0.925, 0.975)",3,97.19285714285698,32717
"(0.51875, 0.9875)",1,97.19249999999994,32718
"(0.46625, 0.99125)",1,97.19249999999992,32719
"(0.8205128205128205, 0.9871794871794872)",1,97.19230769230784,32720
"(0.8461538461538461, 0.9871794871794872)",1,97.19230769230782,32721
"(0.5945945945945946, 0.9763513513513512)",1,97.19189189189188,32722
"(0.9125, 0.9791666666666666)",1,97.19166666666682,32723
"(0.9875, 0.9958333333333332)",1,97.19166666666672,32724
"(0.9916666666666668, 0.9958333333333332)",2,97.1916666666667,32726
"(0.9166666666666666, 0.975)",1,97.19166666666652,32727
"(0.5141891891891892, 0.9783783783783784)",1,97.19087837837846,32728
"(0.5402027027027027, 0.9820945945945946)",1,97.18986486486484,32729
"(0.7469594594594594, 0.979054054054054)",1,97.18885135135136,32730
"(0.66375, 0.99625)",1,97.18875000000004,32731
"(0.925438596491228, 0.9912280701754386)",1,97.18859649122804,32732
"(0.8859649122807017, 0.9912280701754386)",1,97.18859649122804,32733
"(0.8859649122807017, 0.9912280701754386)",1,97.18859649122804,32734
"(0.49375, 0.99375)",1,97.18750000000011,32735
"(0.67125, 0.995)",1,97.18750000000009,32736
"(0.9791666666666666, 0.9958333333333332)",1,97.18750000000009,32737
"(0.9916666666666668, 0.9958333333333332)",1,97.18750000000004,32738
"(0.3534090909090909, 1.0)",1,97.1875,32739
"(0.8875, 0.975)",2,97.18749999999989,32741
"(0.875, 0.975)",1,97.18749999999989,32742
"(0.825, 0.975)",1,97.18749999999989,32743
"(0.85, 0.975)",1,97.18749999999989,32744
"(0.925, 0.975)",1,97.18749999999989,32745
"(0.9, 0.975)",3,97.18749999999989,32748
"(0.9125, 0.975)",2,97.18749999999984,32750
"(0.8958333333333334, 0.975)",1,97.18749999999984,32751
"(0.8023648648648649, 0.9760135135135136)",1,97.18716216216214,32752
"(0.5075, 0.9975)",1,97.18625000000011,32753
"(0.8953488372093024, 0.9883720930232558)",1,97.18604651162806,32754
"(0.8023255813953488, 0.9767441860465116)",1,97.186046511628,32755
"(0.9069767441860463, 0.9767441860465116)",1,97.186046511628,32756
"(0.8837209302325582, 0.9767441860465116)",3,97.186046511628,32759
"(0.7209302325581395, 0.9767441860465116)",1,97.186046511628,32760
"(0.8255813953488372, 0.9767441860465116)",2,97.186046511628,32762
"(0.7906976744186046, 0.9767441860465116)",1,97.186046511628,32763
"(0.8372093023255814, 0.9767441860465116)",2,97.186046511628,32765
"(0.8604651162790697, 0.9767441860465116)",1,97.186046511628,32766
"(0.7093023255813954, 0.9767441860465116)",1,97.186046511628,32767
"(0.7093023255813954, 0.9767441860465116)",1,97.186046511628,32768
"(0.6511627906976745, 0.9767441860465116)",1,97.186046511628,32769
"(0.8488372093023255, 0.9767441860465116)",2,97.186046511628,32771
"(0.9651162790697676, 0.9767441860465116)",1,97.186046511628,32772
"(0.813953488372093, 0.9767441860465116)",1,97.186046511628,32773
"(0.8953488372093024, 0.9767441860465116)",2,97.186046511628,32775
"(0.7790697674418605, 0.9767441860465116)",1,97.186046511628,32776
"(0.8372093023255814, 0.9767441860465116)",4,97.186046511628,32780
"(0.9535714285714286, 0.9714285714285714)",1,97.18571428571433,32781
"(0.9571428571428572, 0.9714285714285714)",1,97.18571428571428,32782
"(0.9107142857142856, 0.9714285714285714)",1,97.18571428571428,32783
"(0.925, 0.975)",1,97.18571428571413,32784
"(0.50125, 0.9975)",1,97.18500000000012,32785
"(0.49875, 0.9975)",3,97.18500000000012,32788
"(0.50375, 0.9925)",1,97.18499999999996,32789
"(0.49, 0.99125)",1,97.18499999999985,32790
"(0.902027027027027, 0.9777027027027028)",1,97.18412162162156,32791
"(0.5658783783783784, 0.9766891891891892)",1,97.18378378378372,32792
"(0.2579545454545454, 0.9992424242424244)",1,97.18371212121218,32793
"(0.9166666666666666, 0.9833333333333332)",1,97.1833333333334,32794
"(0.8166666666666667, 0.9833333333333332)",1,97.1833333333334,32795
"(0.8666666666666667, 0.9833333333333332)",1,97.1833333333334,32796
"(0.9791666666666666, 0.9958333333333332)",2,97.18333333333338,32798
"(0.8666666666666667, 1.0)",1,97.18333333333334,32799
"(0.8833333333333333, 1.0)",1,97.18333333333334,32800
"(1.0, 1.0)",1,97.18333333333334,32801
"(0.9583333333333334, 0.9833333333333332)",1,97.1833333333333,32802
"(0.925, 0.975)",1,97.18333333333317,32803
"(0.9166666666666666, 0.975)",1,97.18333333333312,32804
"(0.50375, 0.9975)",1,97.18250000000016,32805
"(0.51125, 0.995)",1,97.18250000000016,32806
"(0.9392857142857144, 0.9714285714285714)",1,97.1821428571429,32807
"(0.9464285714285714, 0.9714285714285714)",1,97.18214285714288,32808
"(0.925, 0.9678571428571427)",1,97.1821428571428,32809
"(0.9464285714285714, 0.975)",3,97.18214285714272,32812
"(0.9285714285714286, 0.975)",1,97.18214285714268,32813
"(0.539527027027027, 0.9760135135135136)",1,97.18209459459456,32814
"(0.9037162162162162, 0.9766891891891892)",1,97.1817567567567,32815
"(0.61875, 0.9925)",1,97.18124999999998,32816
"(0.839527027027027, 0.9736486486486486)",1,97.18108108108108,32817
"(0.6944444444444444, 0.9861111111111112)",2,97.18055555555576,32819
"(0.8194444444444444, 0.9861111111111112)",4,97.18055555555576,32823
"(0.7777777777777778, 0.9861111111111112)",1,97.18055555555576,32824
"(0.8333333333333334, 0.9861111111111112)",1,97.18055555555576,32825
"(0.8055555555555556, 0.9861111111111112)",1,97.18055555555576,32826
"(0.8611111111111112, 0.9861111111111112)",2,97.18055555555576,32828
"(0.5972222222222222, 0.9861111111111112)",1,97.18055555555576,32829
"(0.8888888888888888, 0.9861111111111112)",1,97.18055555555576,32830
"(0.75, 0.9861111111111112)",1,97.18055555555576,32831
"(0.9305555555555556, 0.9861111111111112)",1,97.18055555555576,32832
"(0.9444444444444444, 0.9861111111111112)",1,97.18055555555576,32833
"(0.9027777777777778, 0.9861111111111112)",1,97.18055555555576,32834
"(0.8888888888888888, 0.9722222222222222)",1,97.18055555555574,32835
"(0.8333333333333334, 0.9722222222222222)",1,97.18055555555574,32836
"(0.7222222222222222, 0.9722222222222222)",1,97.18055555555574,32837
"(0.8611111111111112, 0.9722222222222222)",1,97.18055555555574,32838
"(0.9166666666666666, 0.9722222222222222)",2,97.18055555555574,32840
"(0.9305555555555556, 0.9722222222222222)",2,97.18055555555574,32842
"(0.9444444444444444, 0.9722222222222222)",2,97.18055555555571,32844
"(0.9027777777777778, 0.9722222222222222)",1,97.18055555555571,32845
"(0.8888888888888888, 0.9722222222222222)",2,97.18055555555571,32847
"(0.9166666666666666, 0.9722222222222222)",2,97.18055555555571,32849
"(0.7083333333333334, 1.0)",2,97.18055555555556,32851
"(0.8055555555555556, 1.0)",1,97.18055555555556,32852
"(0.9166666666666666, 1.0)",1,97.18055555555556,32853
"(0.47625, 0.99875)",1,97.18000000000008,32854
"(0.505, 0.99)",1,97.17999999999984,32855
"(0.209090909090909, 1.0)",3,97.17954545454546,32858
"(0.7307692307692307, 0.9871794871794872)",3,97.17948717948732,32861
"(0.6794871794871795, 0.9871794871794872)",1,97.17948717948732,32862
"(0.717948717948718, 0.9871794871794872)",3,97.17948717948732,32865
"(0.5512820512820513, 0.9871794871794872)",1,97.17948717948732,32866
"(0.2948717948717949, 1.0)",1,97.17948717948718,32867
"(0.7307692307692307, 1.0)",1,97.17948717948718,32868
"(0.9875, 1.0)",2,97.17916666666667,32870
"(0.975, 1.0)",1,97.17916666666665,32871
"(0.9333333333333332, 0.9875)",1,97.17916666666656,32872
"(0.8958333333333334, 0.9875)",1,97.17916666666656,32873
"(0.8666666666666667, 0.975)",1,97.17916666666648,32874
"(0.9125, 0.975)",1,97.17916666666648,32875
"(0.789527027027027, 0.9760135135135136)",1,97.17905405405402,32876
"(0.9607142857142856, 0.9785714285714284)",3,97.17857142857136,32879
"(0.9214285714285714, 0.9785714285714284)",1,97.17857142857136,32880
"(0.925, 0.975)",1,97.17857142857132,32881
"(0.9642857142857144, 0.9678571428571427)",1,97.17857142857132,32882
"(0.925, 0.975)",1,97.17857142857127,32883
"(0.2696969696969697, 1.0)",1,97.17803030303033,32884
"(0.547972972972973, 0.9773648648648648)",1,97.17770270270276,32885
"(0.847972972972973, 0.9753378378378378)",1,97.17770270270262,32886
"(0.4925, 0.98875)",1,97.1774999999999,32887
"(0.5817567567567568, 0.9753378378378378)",1,97.17736486486476,32888
"(0.4659090909090909, 1.0)",3,97.17727272727274,32891
"(0.518581081081081, 0.9777027027027028)",1,97.17668918918925,32892
"(0.48875, 0.99125)",1,97.17624999999994,32893
"(0.9111486486486486, 0.9719594594594596)",1,97.17567567567568,32894
"(0.7763157894736842, 0.9912280701754386)",1,97.1754385964912,32895
"(0.8702702702702703, 0.9760135135135136)",2,97.17533783783776,32897
"(0.9791666666666666, 0.9958333333333332)",1,97.17500000000004,32898
"(0.9642857142857144, 0.9714285714285714)",2,97.17500000000004,32900
"(0.9642857142857144, 0.9678571428571427)",1,97.17499999999993,32901
"(0.9, 0.975)",2,97.17499999999988,32903
"(0.7875, 0.975)",1,97.17499999999988,32904
"(0.8625, 0.975)",1,97.17499999999988,32905
"(0.9625, 0.975)",1,97.17499999999988,32906
"(0.925, 0.975)",1,97.17499999999988,32907
"(0.9607142857142856, 0.975)",1,97.17499999999988,32908
"(0.8875, 0.975)",2,97.17499999999988,32910
"(0.9392857142857144, 0.975)",1,97.17499999999986,32911
"(0.7425675675675676, 0.9753378378378378)",1,97.17499999999986,32912
"(0.8535714285714285, 0.975)",3,97.17499999999984,32915
"(0.8666666666666667, 0.975)",1,97.17499999999984,32916
"(0.8472972972972973, 0.977027027027027)",1,97.17466216216212,32917
"(0.8023255813953488, 0.9767441860465116)",1,97.17441860465128,32918
"(0.9302325581395348, 0.9767441860465116)",1,97.17441860465128,32919
"(0.8837209302325582, 0.9767441860465116)",1,97.17441860465128,32920
"(0.8255813953488372, 0.9767441860465116)",1,97.17441860465128,32921
"(0.8488372093023255, 0.9767441860465116)",1,97.17441860465128,32922
"(0.6627906976744186, 0.9767441860465116)",2,97.17441860465128,32924
"(0.8604651162790697, 0.9767441860465116)",1,97.17441860465128,32925
"(0.8837209302325582, 0.9767441860465116)",1,97.17441860465128,32926
"(0.7209302325581395, 0.9767441860465116)",1,97.17441860465128,32927
"(0.9186046511627908, 0.9767441860465116)",2,97.17441860465124,32929
"(0.6511627906976745, 0.9767441860465116)",1,97.17441860465124,32930
"(0.813953488372093, 0.9767441860465116)",3,97.17441860465124,32933
"(0.7790697674418605, 0.9767441860465116)",1,97.17441860465124,32934
"(0.8255813953488372, 0.9767441860465116)",5,97.17441860465124,32939
"(0.8372093023255814, 0.9767441860465116)",2,97.17441860465124,32941
"(0.7906976744186046, 0.9767441860465116)",1,97.17441860465124,32942
"(0.8604651162790697, 0.9767441860465116)",5,97.17441860465124,32947
"(0.9651162790697676, 0.9767441860465116)",1,97.17441860465124,32948
"(0.8023255813953488, 0.9767441860465116)",5,97.17441860465124,32953
"(0.8255813953488372, 1.0)",1,97.17441860465117,32954
"(0.47875, 0.995)",1,97.17374999999994,32955
"(0.50375, 0.99)",1,97.17374999999988,32956
"(0.3102272727272727, 1.0)",3,97.17310606060607,32959
"(0.8587837837837838, 0.9773648648648648)",2,97.17263513513508,32961
"(0.5141891891891892, 0.9797297297297296)",1,97.17229729729728,32962
"(0.8584459459459459, 0.9746621621621622)",1,97.17195945945949,32963
"(0.9607142857142856, 0.9714285714285714)",1,97.17142857142863,32964
"(0.9642857142857144, 0.9714285714285714)",3,97.17142857142856,32967
"(0.9214285714285714, 0.9714285714285714)",1,97.17142857142856,32968
"(0.9642857142857144, 0.9714285714285714)",1,97.17142857142854,32969
"(0.9714285714285714, 0.9785714285714284)",3,97.17142857142852,32972
"(0.925, 0.9678571428571427)",1,97.17142857142848,32973
"(0.9214285714285714, 0.975)",3,97.17142857142844,32976
"(0.9571428571428572, 0.975)",3,97.1714285714284,32979
"(0.8445945945945946, 0.9763513513513512)",1,97.17128378378376,32980
"(0.8712837837837838, 0.9766891891891892)",2,97.17128378378374,32982
"(0.8771929824561403, 0.9736842105263158)",1,97.1710526315789,32983
"(0.925438596491228, 0.9736842105263158)",1,97.17105263157887,32984
"(0.5277027027027027, 0.979054054054054)",1,97.17094594594606,32985
"(0.8125, 0.9791666666666666)",1,97.1708333333335,32986
"(0.9458333333333332, 0.9791666666666666)",1,97.17083333333346,32987
"(0.9791666666666666, 0.9958333333333332)",1,97.17083333333343,32988
"(0.9708333333333332, 0.9958333333333332)",1,97.1708333333334,32989
"(0.4821969696969697, 1.0)",1,97.17083333333336,32990
"(0.9125, 0.975)",1,97.17083333333316,32991
"(0.46625, 0.9925)",1,97.16999999999996,32992
"(0.60875, 0.99375)",1,97.16875000000005,32993
"(0.5925, 0.98625)",1,97.16874999999992,32994
"(0.9642857142857144, 0.9714285714285714)",1,97.16785714285716,32995
"(0.9642857142857144, 0.9714285714285714)",1,97.16785714285716,32996
"(0.9321428571428572, 0.9714285714285714)",1,97.16785714285716,32997
"(0.95, 0.975)",1,97.16785714285702,32998
"(0.9428571428571428, 0.975)",1,97.167857142857,32999
"(0.925, 0.975)",3,97.167857142857,33002
"(0.8571428571428571, 0.975)",3,97.167857142857,33005
"(0.9571428571428572, 0.975)",3,97.16785714285696,33008
"(0.5025, 0.995)",1,97.16750000000016,33009
"(0.625, 0.98375)",1,97.16749999999996,33010
"(0.8333333333333334, 0.9861111111111112)",3,97.16666666666688,33013
"(0.7222222222222222, 0.9861111111111112)",1,97.16666666666688,33014
"(0.8611111111111112, 0.9861111111111112)",1,97.16666666666688,33015
"(0.5416666666666666, 0.9861111111111112)",1,97.16666666666688,33016
"(0.9444444444444444, 0.9861111111111112)",1,97.16666666666688,33017
"(0.8055555555555556, 0.9861111111111112)",1,97.16666666666688,33018
"(0.7777777777777778, 0.9861111111111112)",1,97.16666666666688,33019
"(0.75, 0.9861111111111112)",1,97.16666666666688,33020
"(0.6805555555555556, 0.9861111111111112)",1,97.16666666666688,33021
"(0.9027777777777778, 0.9861111111111112)",1,97.16666666666688,33022
"(0.8194444444444444, 0.9861111111111112)",1,97.16666666666688,33023
"(0.6388888888888888, 0.9861111111111112)",1,97.16666666666688,33024
"(0.7638888888888888, 0.9861111111111112)",1,97.16666666666688,33025
"(0.8472222222222222, 0.9861111111111112)",1,97.16666666666688,33026
"(0.8611111111111112, 0.9861111111111112)",2,97.16666666666686,33028
"(0.8194444444444444, 0.9861111111111112)",2,97.16666666666686,33030
"(0.9027777777777778, 0.9861111111111112)",1,97.16666666666686,33031
"(0.9166666666666666, 0.9861111111111112)",1,97.16666666666686,33032
"(0.7916666666666666, 0.9861111111111112)",2,97.16666666666686,33034
"(0.875, 0.9722222222222222)",1,97.16666666666684,33035
"(0.9166666666666666, 0.9722222222222222)",2,97.16666666666684,33037
"(0.9027777777777778, 0.9722222222222222)",1,97.16666666666684,33038
"(0.9305555555555556, 0.9722222222222222)",4,97.16666666666684,33042
"(0.8333333333333334, 0.9722222222222222)",2,97.16666666666684,33044
"(0.9444444444444444, 0.9722222222222222)",3,97.16666666666684,33047
"(0.8472222222222222, 0.9722222222222222)",1,97.16666666666684,33048
"(0.7916666666666666, 0.9722222222222222)",1,97.16666666666684,33049
"(0.4615384615384615, 0.9871794871794872)",1,97.1666666666668,33050
"(0.7307692307692307, 0.9871794871794872)",1,97.1666666666668,33051
"(0.782051282051282, 0.9871794871794872)",1,97.1666666666668,33052
"(0.8205128205128205, 0.9871794871794872)",1,97.1666666666668,33053
"(1.0, 0.9833333333333332)",1,97.16666666666674,33054
"(0.9166666666666666, 0.9833333333333332)",1,97.16666666666674,33055
"(0.95, 0.9833333333333332)",2,97.16666666666674,33057
"(0.8833333333333333, 0.9833333333333332)",1,97.16666666666674,33058
"(0.8666666666666667, 0.9833333333333332)",1,97.16666666666671,33059
"(0.6111111111111112, 1.0)",1,97.16666666666669,33060
"(0.9166666666666666, 1.0)",1,97.16666666666669,33061
"(0.8194444444444444, 1.0)",1,97.16666666666666,33062
"(0.7083333333333334, 1.0)",1,97.16666666666666,33063
"(0.85, 1.0)",1,97.16666666666666,33064
"(0.9166666666666666, 1.0)",1,97.16666666666666,33065
"(0.7719298245614035, 0.9912280701754386)",1,97.16666666666664,33066
"(0.9083333333333332, 0.975)",2,97.16666666666652,33068
"(0.9458333333333332, 0.975)",1,97.1666666666665,33069
"(0.925, 0.975)",1,97.16666666666649,33070
"(0.2208333333333333, 0.9988636363636364)",1,97.16628787878788,33071
"(0.8702702702702703, 0.9780405405405406)",1,97.16520270270262,33072
"(0.5890151515151515, 0.9992424242424244)",3,97.16515151515152,33075
"(0.8964285714285715, 0.975)",1,97.16428571428564,33076
"(0.9464285714285714, 0.975)",1,97.16428571428555,33077
"(0.8162162162162162, 0.975)",1,97.16418918918907,33078
"(0.522972972972973, 0.9763513513513512)",1,97.16351351351356,33079
"(0.531060606060606, 0.9988636363636364)",3,97.16325757575768,33082
"(0.2352272727272727, 0.9984848484848484)",1,97.16325757575764,33083
"(0.4359848484848485, 1.0)",1,97.1628787878788,33084
"(0.5489864864864865, 0.979391891891892)",1,97.1628378378378,33085
"(0.7763513513513514, 0.9756756756756756)",1,97.1628378378378,33086
"(0.8488372093023255, 0.9767441860465116)",2,97.16279069767452,33088
"(0.7906976744186046, 0.9767441860465116)",1,97.16279069767452,33089
"(0.8255813953488372, 0.9767441860465116)",2,97.16279069767452,33091
"(0.8604651162790697, 0.9767441860465116)",4,97.16279069767452,33095
"(0.8604651162790697, 0.9767441860465116)",2,97.16279069767452,33097
"(0.8255813953488372, 0.9767441860465116)",1,97.16279069767452,33098
"(0.7093023255813954, 0.9767441860465116)",2,97.16279069767452,33100
"(0.7790697674418605, 0.9767441860465116)",1,97.16279069767452,33101
"(0.7906976744186046, 0.9767441860465116)",1,97.16279069767452,33102
"(0.8372093023255814, 0.9767441860465116)",2,97.16279069767452,33104
"(0.7674418604651163, 0.9767441860465116)",2,97.16279069767452,33106
"(0.7790697674418605, 0.9767441860465116)",4,97.16279069767452,33110
"(0.8023255813953488, 0.9767441860465116)",2,97.16279069767452,33112
"(0.5465116279069767, 0.9767441860465116)",1,97.16279069767452,33113
"(0.8837209302325582, 0.9767441860465116)",1,97.16279069767452,33114
"(0.9302325581395348, 0.9767441860465116)",1,97.16279069767452,33115
"(0.9125, 0.9833333333333332)",1,97.16250000000008,33116
"(0.56125, 0.97125)",1,97.16250000000008,33117
"(0.8791666666666667, 0.9833333333333332)",1,97.16250000000004,33118
"(0.4545454545454545, 0.999621212121212)",1,97.16250000000002,33119
"(0.3556818181818181, 1.0)",3,97.1625,33122
"(0.8885135135135135, 0.9777027027027028)",2,97.16249999999992,33124
"(0.8625, 0.975)",1,97.16249999999988,33125
"(0.9625, 0.975)",1,97.16249999999988,33126
"(0.8875, 0.975)",2,97.16249999999988,33128
"(0.925, 0.975)",4,97.16249999999988,33132
"(0.9, 0.975)",2,97.16249999999988,33134
"(0.9375, 0.975)",2,97.16249999999988,33136
"(0.8596491228070176, 0.9736842105263158)",1,97.16228070175436,33137
"(0.8771929824561403, 0.9736842105263158)",1,97.16228070175434,33138
"(0.8903508771929824, 0.9736842105263158)",2,97.16228070175434,33140
"(0.9131756756756756, 0.9777027027027028)",1,97.16216216216212,33141
"(0.5108108108108108, 0.9773648648648648)",1,97.16182432432429,33142
"(0.8885135135135135, 0.9756756756756756)",1,97.16114864864856,33143
"(0.5939189189189189, 0.9787162162162162)",1,97.16081081081084,33144
"(0.9714285714285714, 0.9714285714285714)",1,97.16071428571432,33145
"(0.9392857142857144, 0.9714285714285714)",1,97.16071428571432,33146
"(0.9464285714285714, 0.9714285714285714)",1,97.16071428571428,33147
"(0.9142857142857144, 0.9678571428571427)",1,97.16071428571423,33148
"(0.95, 0.975)",1,97.1607142857142,33149
"(0.95, 0.975)",1,97.16071428571418,33150
"(0.95, 0.975)",1,97.16071428571416,33151
"(0.9107142857142856, 0.975)",1,97.16071428571416,33152
"(0.8449324324324324, 0.9763513513513512)",2,97.16047297297295,33154
"(0.831081081081081, 0.9763513513513512)",2,97.16013513513506,33156
"(0.8290540540540541, 0.9722972972972972)",1,97.15878378378372,33157
"(0.4920454545454545, 0.9984848484848484)",1,97.1587121212122,33158
"(0.4340909090909091, 0.9973484848484848)",1,97.1583333333334,33159
"(0.9916666666666668, 0.9958333333333332)",1,97.15833333333336,33160
"(0.9708333333333332, 0.9958333333333332)",1,97.15833333333336,33161
"(0.925, 0.9833333333333332)",1,97.15833333333332,33162
"(0.8958333333333334, 0.9875)",1,97.15833333333322,33163
"(0.572972972972973, 0.9817567567567568)",1,97.15810810810812,33164
"(0.8722972972972973, 0.9743243243243244)",1,97.15810810810812,33165
"(0.7675438596491229, 0.9912280701754386)",1,97.1578947368421,33166
"(0.6929824561403509, 0.9912280701754386)",1,97.15789473684208,33167
"(0.9464285714285714, 0.9714285714285714)",1,97.15714285714289,33168
"(0.9428571428571428, 0.9714285714285714)",1,97.15714285714286,33169
"(0.9642857142857144, 0.9785714285714284)",3,97.1571428571428,33172
"(0.95, 0.9678571428571427)",1,97.1571428571428,33173
"(0.9714285714285714, 0.9678571428571427)",1,97.15714285714276,33174
"(0.9535714285714286, 0.975)",1,97.15714285714272,33175
"(0.8081081081081081, 0.975)",1,97.15709459459455,33176
"(0.525, 0.9992424242424244)",1,97.15681818181822,33177
"(0.8439189189189189, 0.972972972972973)",1,97.15608108108104,33178
"(0.47625, 0.9975)",1,97.15500000000014,33179
"(0.60375, 0.98375)",1,97.155,33180
"(0.6006756756756757, 0.9743243243243244)",1,97.15472972972964,33181
"(0.8875, 0.9791666666666666)",1,97.15416666666682,33182
"(0.8666666666666667, 0.9958333333333332)",1,97.15416666666675,33183
"(0.9791666666666666, 0.9958333333333332)",1,97.15416666666673,33184
"(0.925, 0.975)",1,97.15416666666653,33185
"(0.8791666666666667, 0.975)",1,97.1541666666665,33186
"(0.8717948717948718, 0.9871794871794872)",1,97.1538461538463,33187
"(0.4358974358974359, 0.9871794871794872)",1,97.15384615384627,33188
"(0.6923076923076923, 0.9871794871794872)",1,97.15384615384627,33189
"(0.7307692307692307, 0.9871794871794872)",1,97.15384615384627,33190
"(0.6794871794871795, 1.0)",1,97.15384615384616,33191
"(0.9678571428571427, 0.9714285714285714)",3,97.15357142857144,33194
"(0.95, 0.9714285714285714)",1,97.15357142857144,33195
"(0.9607142857142856, 0.9714285714285714)",1,97.15357142857144,33196
"(0.9535714285714286, 0.9785714285714284)",1,97.15357142857134,33197
"(0.9214285714285714, 0.975)",1,97.15357142857133,33198
"(0.9107142857142856, 0.975)",1,97.1535714285713,33199
"(0.9607142857142856, 0.975)",1,97.15357142857128,33200
"(0.7719298245614035, 0.9912280701754386)",1,97.1535087719298,33201
"(0.4496212121212121, 0.999621212121212)",1,97.1534090909091,33202
"(0.875, 0.9722222222222222)",1,97.15277777777796,33203
"(0.8472222222222222, 0.9722222222222222)",1,97.15277777777796,33204
"(0.8055555555555556, 0.9861111111111112)",1,97.15277777777796,33205
"(0.9027777777777778, 0.9722222222222222)",1,97.15277777777796,33206
"(0.8333333333333334, 0.9722222222222222)",1,97.15277777777796,33207
"(0.6388888888888888, 0.9861111111111112)",1,97.15277777777796,33208
"(0.8472222222222222, 0.9861111111111112)",2,97.15277777777796,33210
"(0.8194444444444444, 0.9722222222222222)",2,97.15277777777796,33212
"(0.9444444444444444, 0.9722222222222222)",1,97.15277777777796,33213
"(0.8888888888888888, 0.9861111111111112)",2,97.15277777777796,33215
"(0.9166666666666666, 0.9722222222222222)",4,97.15277777777796,33219
"(0.8611111111111112, 0.9861111111111112)",1,97.15277777777796,33220
"(0.5416666666666666, 0.9861111111111112)",1,97.15277777777796,33221
"(0.8333333333333334, 0.9861111111111112)",1,97.15277777777796,33222
"(0.9305555555555556, 0.9722222222222222)",2,97.15277777777796,33224
"(0.8055555555555556, 0.9722222222222222)",1,97.15277777777796,33225
"(0.8611111111111112, 0.9722222222222222)",1,97.15277777777796,33226
"(0.75, 1.0)",2,97.15277777777776,33228
"(0.9444444444444444, 1.0)",1,97.15277777777776,33229
"(0.8611111111111112, 1.0)",2,97.15277777777776,33231
"(0.522972972972973, 0.9777027027027028)",1,97.15270270270268,33232
"(0.2803030303030303, 1.0)",3,97.15265151515152,33235
"(0.46875, 0.99)",1,97.15249999999992,33236
"(0.8260135135135135, 0.9756756756756756)",1,97.15135135135128,33237
"(0.6162790697674418, 0.9767441860465116)",1,97.15116279069778,33238
"(0.8372093023255814, 0.9767441860465116)",1,97.15116279069778,33239
"(0.8953488372093024, 0.9767441860465116)",1,97.15116279069778,33240
"(0.813953488372093, 0.9767441860465116)",1,97.15116279069778,33241
"(0.813953488372093, 0.9767441860465116)",1,97.15116279069775,33242
"(0.8837209302325582, 0.9767441860465116)",3,97.15116279069775,33245
"(0.5930232558139535, 0.9767441860465116)",1,97.15116279069775,33246
"(0.6511627906976745, 0.9767441860465116)",1,97.15116279069775,33247
"(0.7674418604651163, 0.9767441860465116)",1,97.15116279069775,33248
"(0.8255813953488372, 0.9767441860465116)",3,97.15116279069775,33251
"(0.9302325581395348, 0.9767441860465116)",2,97.15116279069775,33253
"(0.7790697674418605, 0.9767441860465116)",5,97.15116279069775,33258
"(0.8604651162790697, 0.9767441860465116)",1,97.15116279069775,33259
"(0.6511627906976745, 0.9767441860465116)",1,97.15116279069775,33260
"(0.7209302325581395, 0.9767441860465116)",1,97.15116279069775,33261
"(0.8372093023255814, 0.9767441860465116)",2,97.15116279069775,33263
"(0.8372093023255814, 0.9767441860465116)",1,97.15116279069775,33264
"(0.7558139534883721, 0.9767441860465116)",1,97.15116279069775,33265
"(0.8023255813953488, 0.9767441860465116)",3,97.15116279069775,33268
"(0.5697674418604651, 0.9767441860465116)",1,97.15116279069775,33269
"(0.2454545454545454, 0.9992424242424244)",1,97.1503787878788,33270
"(0.925, 0.9791666666666666)",1,97.15000000000016,33271
"(0.9958333333333332, 0.9958333333333332)",1,97.1500000000001,33272
"(0.49375, 0.99875)",3,97.15000000000006,33275
"(0.8666666666666667, 0.9833333333333332)",1,97.15000000000006,33276
"(0.9166666666666666, 0.9833333333333332)",1,97.15000000000006,33277
"(0.9642857142857144, 0.9714285714285714)",1,97.15000000000003,33278
"(0.9571428571428572, 0.9714285714285714)",1,97.15000000000003,33279
"(0.9142857142857144, 0.9714285714285714)",1,97.15000000000002,33280
"(0.95, 0.9833333333333332)",1,97.15,33281
"(0.85, 1.0)",1,97.15,33282
"(0.95, 0.9714285714285714)",3,97.15,33285
"(0.9642857142857144, 0.9678571428571427)",3,97.14999999999996,33288
"(0.95, 0.9678571428571427)",1,97.14999999999996,33289
"(0.9178571428571428, 0.975)",3,97.14999999999988,33292
"(0.9, 0.975)",2,97.14999999999988,33294
"(0.9607142857142856, 0.975)",1,97.14999999999988,33295
"(0.9625, 0.975)",1,97.14999999999988,33296
"(0.925, 0.975)",1,97.14999999999988,33297
"(0.8375, 0.975)",2,97.14999999999988,33299
"(0.9375, 0.975)",3,97.14999999999986,33302
"(0.8375, 0.975)",1,97.14999999999986,33303
"(0.925, 0.975)",2,97.14999999999986,33305
"(0.9625, 0.975)",1,97.14999999999986,33306
"(0.9125, 0.975)",2,97.14999999999984,33308
"(0.925, 0.975)",1,97.1499999999998,33309
"(0.7429054054054054, 0.9760135135135136)",1,97.14966216216207,33310
"(0.8552631578947368, 0.9912280701754386)",3,97.14912280701752,33313
"(0.925438596491228, 0.9736842105263158)",1,97.14912280701748,33314
"(0.7327702702702703, 0.9787162162162162)",1,97.14831081081084,33315
"(0.4852272727272727, 0.9984848484848484)",1,97.14772727272732,33316
"(0.9277027027027028, 0.979054054054054)",1,97.14729729729736,33317
"(0.6391891891891892, 0.9753378378378378)",1,97.14695945945935,33318
"(0.9428571428571428, 0.9714285714285714)",3,97.14642857142864,33321
"(0.9571428571428572, 0.9714285714285714)",3,97.1464285714286,33324
"(0.9535714285714286, 0.9714285714285714)",3,97.1464285714286,33327
"(0.9392857142857144, 0.9714285714285714)",3,97.1464285714286,33330
"(0.9607142857142856, 0.9714285714285714)",1,97.14642857142856,33331
"(0.925, 0.9678571428571427)",3,97.1464285714285,33334
"(0.8412162162162162, 0.9753378378378378)",1,97.14628378378376,33335
"(0.9125, 0.9791666666666666)",1,97.14583333333348,33336
"(0.9916666666666668, 0.9958333333333332)",2,97.14583333333336,33338
"(0.9458333333333332, 0.975)",1,97.1458333333332,33339
"(0.95, 0.975)",1,97.14583333333316,33340
"(0.8666666666666667, 0.975)",1,97.14583333333316,33341
"(0.9083333333333332, 0.975)",1,97.14583333333316,33342
"(0.48625, 0.9975)",1,97.14375000000008,33343
"(0.5307432432432433, 0.9763513513513512)",1,97.14358108108108,33344
"(0.9535714285714286, 0.9714285714285714)",3,97.14285714285715,33347
"(0.8964285714285715, 0.9714285714285714)",1,97.14285714285714,33348
"(0.9642857142857144, 0.9678571428571427)",1,97.14285714285704,33349
"(0.8964285714285715, 0.975)",1,97.14285714285704,33350
"(0.9357142857142856, 0.975)",3,97.14285714285704,33353
"(0.4378787878787878, 0.9984848484848484)",1,97.14242424242433,33354
"(0.8780405405405406, 0.977027027027027)",2,97.14222972972962,33356
"(0.902027027027027, 0.9763513513513512)",2,97.14189189189185,33358
"(0.9458333333333332, 0.9791666666666666)",1,97.14166666666684,33359
"(0.8625, 0.9958333333333332)",1,97.14166666666672,33360
"(0.9166666666666666, 0.975)",1,97.14166666666652,33361
"(0.8958333333333334, 0.975)",1,97.14166666666648,33362
"(0.48125, 0.98875)",1,97.14124999999991,33363
"(0.8076923076923077, 0.9871794871794872)",4,97.14102564102578,33367
"(0.8205128205128205, 0.9871794871794872)",1,97.14102564102578,33368
"(0.7307692307692307, 0.9871794871794872)",1,97.14102564102578,33369
"(0.7456140350877193, 0.9736842105263158)",1,97.14035087719292,33370
"(0.9186046511627908, 0.9883720930232558)",2,97.1395348837211,33372
"(0.8372093023255814, 0.9767441860465116)",2,97.13953488372104,33374
"(0.7325581395348837, 0.9767441860465116)",1,97.13953488372104,33375
"(0.7906976744186046, 0.9767441860465116)",1,97.13953488372104,33376
"(0.8604651162790697, 0.9767441860465116)",1,97.13953488372104,33377
"(0.8604651162790697, 0.9767441860465116)",5,97.13953488372104,33382
"(0.813953488372093, 0.9767441860465116)",1,97.13953488372104,33383
"(0.8255813953488372, 0.9767441860465116)",2,97.13953488372104,33385
"(0.7790697674418605, 0.9767441860465116)",5,97.13953488372104,33390
"(0.6511627906976745, 0.9767441860465116)",1,97.13953488372104,33391
"(0.7093023255813954, 0.9767441860465116)",1,97.13953488372104,33392
"(0.9651162790697676, 0.9767441860465116)",2,97.13953488372104,33394
"(0.8023255813953488, 0.9767441860465116)",3,97.13953488372104,33397
"(0.8488372093023255, 0.9767441860465116)",1,97.13953488372104,33398
"(0.8023255813953488, 0.9767441860465116)",1,97.13953488372104,33399
"(0.7790697674418605, 0.9767441860465116)",1,97.139534883721,33400
"(0.6511627906976745, 0.9767441860465116)",1,97.139534883721,33401
"(0.8953488372093024, 0.9767441860465116)",1,97.139534883721,33402
"(0.9186046511627908, 0.9767441860465116)",1,97.139534883721,33403
"(0.8837209302325582, 1.0)",1,97.13953488372093,33404
"(0.9535714285714286, 0.9714285714285714)",1,97.13928571428578,33405
"(0.925, 0.9714285714285714)",1,97.13928571428572,33406
"(0.95, 0.9678571428571427)",1,97.13928571428563,33407
"(0.9535714285714286, 0.9785714285714284)",3,97.13928571428563,33410
"(0.9464285714285714, 0.975)",1,97.1392857142856,33411
"(0.95, 0.9642857142857144)",1,97.13928571428556,33412
"(0.925, 0.975)",1,97.13928571428556,33413
"(0.9642857142857144, 0.9642857142857144)",1,97.13928571428552,33414
"(0.5, 0.9861111111111112)",1,97.13888888888908,33415
"(0.8888888888888888, 0.9861111111111112)",1,97.13888888888908,33416
"(0.8055555555555556, 0.9861111111111112)",1,97.13888888888908,33417
"(0.875, 0.9722222222222222)",2,97.13888888888908,33419
"(0.875, 0.9861111111111112)",1,97.13888888888908,33420
"(0.9027777777777778, 0.9722222222222222)",3,97.13888888888908,33423
"(0.9166666666666666, 0.9722222222222222)",5,97.13888888888908,33428
"(0.8888888888888888, 0.9722222222222222)",2,97.13888888888908,33430
"(0.9861111111111112, 0.9722222222222222)",1,97.13888888888908,33431
"(0.8472222222222222, 0.9722222222222222)",5,97.13888888888908,33436
"(0.7916666666666666, 0.9861111111111112)",1,97.13888888888908,33437
"(0.8194444444444444, 0.9861111111111112)",1,97.13888888888908,33438
"(0.7361111111111112, 0.9722222222222222)",1,97.13888888888908,33439
"(0.9444444444444444, 0.9722222222222222)",1,97.13888888888908,33440
"(0.8333333333333334, 0.9722222222222222)",1,97.13888888888908,33441
"(0.6111111111111112, 1.0)",1,97.13888888888889,33442
"(0.7083333333333334, 1.0)",1,97.13888888888889,33443
"(0.51, 0.99875)",1,97.13875000000014,33444
"(0.9791666666666666, 0.9958333333333332)",1,97.13750000000006,33445
"(0.9125, 0.9833333333333332)",1,97.13750000000005,33446
"(0.9625, 0.975)",1,97.13749999999987,33447
"(0.9375, 0.975)",1,97.13749999999987,33448
"(0.8875, 0.975)",3,97.13749999999987,33451
"(0.95, 0.975)",1,97.13749999999987,33452
"(0.9125, 0.975)",1,97.13749999999987,33453
"(0.925, 0.975)",2,97.13749999999987,33455
"(0.85, 0.975)",1,97.13749999999987,33456
"(0.8375, 0.975)",1,97.13749999999987,33457
"(0.9, 0.975)",5,97.13749999999987,33462
"(0.925, 0.975)",3,97.13749999999985,33465
"(0.8791666666666667, 0.975)",1,97.13749999999982,33466
"(0.9375, 0.975)",1,97.13749999999982,33467
"(0.8449324324324324, 0.9760135135135136)",1,97.13682432432422,33468
"(0.4431818181818182, 1.0)",1,97.13636363636368,33469
"(0.49375, 0.99875)",1,97.13625000000006,33470
"(0.5094594594594595, 0.9783783783783784)",1,97.13614864864876,33471
"(0.8903508771929824, 0.9736842105263158)",2,97.13596491228066,33473
"(0.8464912280701754, 0.9736842105263158)",1,97.13596491228064,33474
"(0.635472972972973, 0.9763513513513512)",1,97.13581081081074,33475
"(0.9464285714285714, 0.9714285714285714)",2,97.13571428571426,33477
"(0.925, 0.9678571428571427)",1,97.1357142857142,33478
"(0.9428571428571428, 0.975)",1,97.13571428571416,33479
"(0.925, 0.975)",1,97.13571428571414,33480
"(0.9107142857142856, 0.975)",1,97.13571428571414,33481
"(0.839527027027027, 0.972972972972973)",1,97.13445945945948,33482
"(0.5831081081081081, 0.9753378378378378)",1,97.1341216216216,33483
"(0.8449324324324324, 0.9777027027027028)",1,97.13378378378373,33484
"(0.5025, 0.99875)",1,97.13375000000006,33485
"(0.9, 0.9666666666666668)",1,97.13333333333348,33486
"(0.9833333333333332, 0.9833333333333332)",1,97.1333333333334,33487
"(0.9666666666666668, 0.9833333333333332)",1,97.1333333333334,33488
"(0.95, 0.9833333333333332)",1,97.1333333333334,33489
"(0.9166666666666666, 0.9833333333333332)",1,97.1333333333334,33490
"(0.6446969696969697, 1.0)",3,97.13333333333333,33493
"(0.8333333333333334, 1.0)",1,97.13333333333333,33494
"(0.8875, 0.975)",1,97.13333333333318,33495
"(0.9166666666666666, 0.975)",1,97.13333333333316,33496
"(0.8810810810810811, 0.9787162162162162)",1,97.13277027027031,33497
"(0.5996621621621622, 0.979391891891892)",1,97.13277027027026,33498
"(0.8043918918918919, 0.9787162162162162)",1,97.13243243243252,33499
"(0.8357142857142857, 0.9714285714285714)",1,97.13214285714292,33500
"(0.9678571428571427, 0.9714285714285714)",2,97.13214285714284,33502
"(0.9321428571428572, 0.9714285714285714)",1,97.13214285714284,33503
"(0.9428571428571428, 0.9714285714285714)",3,97.13214285714284,33506
"(0.8392857142857143, 0.9785714285714284)",3,97.1321428571428,33509
"(0.925, 0.9785714285714284)",1,97.13214285714275,33510
"(0.9142857142857144, 0.9678571428571427)",1,97.13214285714275,33511
"(0.9714285714285714, 0.9642857142857144)",1,97.13214285714272,33512
"(0.9429824561403508, 0.9912280701754386)",1,97.1315789473684,33513
"(0.9429824561403508, 0.9912280701754386)",1,97.1315789473684,33514
"(0.7456140350877193, 0.9736842105263158)",2,97.13157894736835,33516
"(0.9327702702702704, 0.9780405405405406)",1,97.13074324324324,33517
"(0.4825757575757576, 1.0)",1,97.13068181818184,33518
"(0.9037162162162162, 0.977027027027027)",1,97.13006756756756,33519
"(0.51125, 0.99125)",1,97.13000000000008,33520
"(0.8753378378378378, 0.9733108108108108)",1,97.12939189189188,33521
"(0.8527027027027027, 0.9780405405405406)",2,97.12939189189184,33523
"(0.9833333333333332, 0.9958333333333332)",1,97.12916666666676,33524
"(0.975, 0.9958333333333332)",1,97.12916666666672,33525
"(0.9833333333333332, 1.0)",1,97.12916666666668,33526
"(0.4621212121212121, 0.999621212121212)",1,97.12878787878792,33527
"(0.5331081081081082, 0.975)",1,97.12871621621623,33528
"(0.9464285714285714, 0.9714285714285714)",3,97.12857142857146,33531
"(0.9285714285714286, 0.9714285714285714)",1,97.12857142857143,33532
"(0.9642857142857144, 0.9678571428571427)",3,97.12857142857132,33535
"(0.6410256410256411, 0.9871794871794872)",2,97.12820512820528,33537
"(0.7307692307692307, 0.9871794871794872)",1,97.12820512820528,33538
"(0.6025641025641025, 0.9871794871794872)",1,97.12820512820528,33539
"(0.4102564102564102, 0.9871794871794872)",1,97.12820512820528,33540
"(0.8461538461538461, 0.9871794871794872)",2,97.12820512820528,33542
"(0.7051282051282052, 0.9871794871794872)",3,97.12820512820528,33545
"(0.1923076923076923, 1.0)",1,97.12820512820512,33546
"(0.872093023255814, 0.9767441860465116)",1,97.1279069767443,33547
"(0.8372093023255814, 0.9767441860465116)",1,97.1279069767443,33548
"(0.7790697674418605, 0.9767441860465116)",5,97.12790697674428,33553
"(0.8023255813953488, 0.9767441860465116)",1,97.12790697674428,33554
"(0.8023255813953488, 0.9767441860465116)",1,97.12790697674428,33555
"(0.9302325581395348, 0.9767441860465116)",1,97.12790697674428,33556
"(0.8604651162790697, 0.9767441860465116)",2,97.12790697674428,33558
"(0.7790697674418605, 0.9767441860465116)",1,97.12790697674428,33559
"(0.7674418604651163, 0.9767441860465116)",3,97.12790697674428,33562
"(0.7674418604651163, 0.9767441860465116)",2,97.12790697674428,33564
"(0.6511627906976745, 0.9767441860465116)",2,97.12790697674428,33566
"(0.7906976744186046, 0.9767441860465116)",2,97.12790697674428,33568
"(0.8837209302325582, 0.9767441860465116)",1,97.12790697674428,33569
"(0.8604651162790697, 0.9767441860465116)",6,97.12790697674428,33575
"(0.813953488372093, 0.9767441860465116)",1,97.12790697674428,33576
"(0.7209302325581395, 0.9767441860465116)",2,97.12790697674428,33578
"(0.7558139534883721, 0.9767441860465116)",2,97.12790697674428,33580
"(0.9651162790697676, 0.9767441860465116)",1,97.12790697674428,33581
"(0.7093023255813954, 0.9767441860465116)",1,97.12790697674428,33582
"(0.9651162790697676, 0.9767441860465116)",2,97.12790697674428,33584
"(0.8372093023255814, 0.9767441860465116)",2,97.12790697674428,33586
"(0.49375, 0.99875)",3,97.12750000000008,33589
"(0.7149122807017544, 0.9912280701754386)",1,97.12719298245612,33590
"(0.7763157894736842, 0.9736842105263158)",1,97.1271929824561,33591
"(0.8464912280701754, 0.9736842105263158)",1,97.1271929824561,33592
"(0.8771929824561403, 0.9736842105263158)",1,97.12719298245608,33593
"(0.228030303030303, 0.9973484848484848)",1,97.126893939394,33594
"(0.49375, 0.9975)",1,97.12625000000014,33595
"(0.9135135135135136, 0.9773648648648648)",1,97.1256756756756,33596
"(0.2553030303030303, 0.9984848484848484)",1,97.12537878787884,33597
"(0.5689189189189189, 0.983108108108108)",1,97.12533783783783,33598
"(0.8888888888888888, 0.9861111111111112)",4,97.1250000000002,33602
"(0.8055555555555556, 0.9861111111111112)",2,97.1250000000002,33604
"(0.7916666666666666, 0.9861111111111112)",1,97.1250000000002,33605
"(0.625, 0.9861111111111112)",1,97.1250000000002,33606
"(0.7638888888888888, 0.9861111111111112)",2,97.1250000000002,33608
"(0.875, 0.9861111111111112)",1,97.1250000000002,33609
"(0.9166666666666666, 0.9861111111111112)",2,97.1250000000002,33611
"(0.8611111111111112, 0.9861111111111112)",1,97.1250000000002,33612
"(0.7777777777777778, 0.9861111111111112)",2,97.1250000000002,33614
"(0.8194444444444444, 0.9861111111111112)",3,97.1250000000002,33617
"(0.9444444444444444, 0.9861111111111112)",1,97.1250000000002,33618
"(0.875, 0.9722222222222222)",3,97.12500000000018,33621
"(0.8194444444444444, 0.9722222222222222)",2,97.12500000000018,33623
"(0.8611111111111112, 0.9722222222222222)",2,97.12500000000018,33625
"(0.8472222222222222, 0.9722222222222222)",4,97.12500000000018,33629
"(0.8333333333333334, 0.9722222222222222)",2,97.12500000000018,33631
"(0.9166666666666666, 0.9722222222222222)",1,97.12500000000018,33632
"(0.9444444444444444, 0.9722222222222222)",1,97.12500000000018,33633
"(0.9027777777777778, 0.9722222222222222)",1,97.12500000000018,33634
"(0.9583333333333334, 0.9722222222222222)",1,97.12500000000018,33635
"(0.875, 0.9722222222222222)",2,97.12500000000016,33637
"(0.9444444444444444, 0.9722222222222222)",2,97.12500000000016,33639
"(0.95, 0.9958333333333332)",1,97.12500000000006,33640
"(0.975, 0.9958333333333332)",2,97.12500000000006,33642
"(0.95, 0.9714285714285714)",1,97.12500000000006,33643
"(0.9833333333333332, 0.9958333333333332)",1,97.12500000000006,33644
"(0.9583333333333334, 1.0)",1,97.125,33645
"(0.5972222222222222, 1.0)",1,97.125,33646
"(0.8611111111111112, 1.0)",1,97.125,33647
"(0.75, 1.0)",1,97.125,33648
"(0.9535714285714286, 0.9714285714285714)",1,97.125,33649
"(0.8194444444444444, 1.0)",1,97.125,33650
"(0.9027777777777778, 1.0)",1,97.125,33651
"(0.9392857142857144, 0.975)",1,97.1249999999999,33652
"(0.8125, 0.975)",1,97.12499999999989,33653
"(0.8375, 0.975)",1,97.12499999999989,33654
"(0.9, 0.975)",3,97.12499999999989,33657
"(0.8875, 0.975)",1,97.12499999999989,33658
"(0.9642857142857144, 0.975)",1,97.12499999999989,33659
"(0.9625, 0.975)",1,97.12499999999989,33660
"(0.925, 0.975)",2,97.12499999999989,33662
"(0.8625, 0.975)",1,97.12499999999989,33663
"(0.925, 0.975)",1,97.12499999999989,33664
"(0.775, 0.975)",1,97.12499999999989,33665
"(0.9125, 0.975)",1,97.12499999999989,33666
"(0.8875, 0.975)",1,97.12499999999989,33667
"(0.7875, 0.975)",1,97.12499999999989,33668
"(0.9464285714285714, 0.975)",1,97.12499999999984,33669
"(0.8535714285714285, 0.975)",2,97.12499999999984,33671
"(0.95, 0.975)",1,97.12499999999984,33672
"(0.95, 0.975)",1,97.12499999999984,33673
"(0.8875, 0.975)",1,97.12499999999982,33674
"(0.3920454545454545, 1.0)",3,97.1246212121212,33677
"(0.4208333333333333, 0.9988636363636364)",1,97.12424242424252,33678
"(0.4784090909090909, 0.9992424242424244)",1,97.12424242424244,33679
"(0.53, 0.98125)",1,97.12374999999992,33680
"(0.3174242424242424, 1.0)",3,97.12310606060606,33683
"(0.793918918918919, 0.9746621621621622)",1,97.12229729729732,33684
"(0.5391891891891892, 0.9777027027027028)",1,97.12195945945945,33685
"(0.925, 0.9714285714285714)",3,97.1214285714286,33688
"(0.9642857142857144, 0.9714285714285714)",1,97.12142857142858,33689
"(0.9035714285714286, 0.9714285714285714)",3,97.12142857142858,33692
"(0.9642857142857144, 0.9678571428571427)",3,97.12142857142852,33695
"(0.9214285714285714, 0.975)",3,97.12142857142844,33698
"(0.9571428571428572, 0.975)",1,97.12142857142844,33699
"(0.9714285714285714, 0.975)",1,97.12142857142842,33700
"(0.9428571428571428, 0.975)",3,97.12142857142842,33703
"(0.925, 0.975)",1,97.1214285714284,33704
"(0.9178571428571428, 0.975)",1,97.1214285714284,33705
"(0.8402027027027027, 0.9777027027027028)",2,97.12128378378368,33707
"(0.5625, 0.98875)",1,97.12124999999992,33708
"(0.9833333333333332, 0.9958333333333332)",2,97.12083333333337,33710
"(0.9791666666666666, 1.0)",2,97.12083333333332,33712
"(0.9666666666666668, 0.975)",1,97.12083333333318,33713
"(0.49875, 0.99875)",1,97.12000000000008,33714
"(0.3325757575757576, 0.999621212121212)",1,97.119696969697,33715
"(0.7334459459459459, 0.977027027027027)",1,97.11959459459452,33716
"(0.3579545454545454, 0.9984848484848484)",1,97.11893939393948,33717
"(0.5631756756756757, 0.9760135135135136)",1,97.11891891891878,33718
"(0.8464912280701754, 0.9736842105263158)",1,97.11842105263152,33719
"(0.925438596491228, 0.9736842105263158)",1,97.11842105263152,33720
"(0.95, 0.9714285714285714)",3,97.11785714285718,33723
"(0.8964285714285715, 0.9714285714285714)",1,97.11785714285716,33724
"(0.9607142857142856, 0.9714285714285714)",1,97.11785714285712,33725
"(0.9107142857142856, 0.9714285714285714)",1,97.11785714285712,33726
"(0.9714285714285714, 0.9714285714285714)",1,97.11785714285712,33727
"(0.9678571428571427, 0.9678571428571427)",1,97.11785714285708,33728
"(0.9285714285714286, 0.975)",3,97.11785714285702,33731
"(0.9642857142857144, 0.975)",1,97.11785714285698,33732
"(0.9321428571428572, 0.975)",3,97.11785714285698,33735
"(0.4825, 0.99375)",1,97.11750000000016,33736
"(0.505, 0.9975)",2,97.1175000000001,33738
"(0.66375, 0.9925)",1,97.11749999999996,33739
"(0.7327702702702703, 0.9777027027027028)",1,97.11722972972966,33740
"(1.0, 0.9666666666666668)",2,97.11666666666682,33742
"(0.8166666666666667, 0.9833333333333332)",1,97.11666666666672,33743
"(0.9166666666666666, 0.9833333333333332)",2,97.11666666666672,33745
"(0.95, 0.9833333333333332)",1,97.11666666666672,33746
"(0.95, 1.0)",1,97.11666666666667,33747
"(0.9125, 0.975)",1,97.11666666666652,33748
"(0.9125, 0.975)",1,97.1166666666665,33749
"(0.8958333333333334, 0.975)",1,97.11666666666648,33750
"(0.5739864864864865, 0.9824324324324324)",1,97.11655405405403,33751
"(0.9186046511627908, 0.9767441860465116)",1,97.11627906976754,33752
"(0.8837209302325582, 0.9767441860465116)",1,97.11627906976754,33753
"(0.7093023255813954, 0.9767441860465116)",1,97.11627906976754,33754
"(0.8023255813953488, 0.9767441860465116)",1,97.11627906976754,33755
"(0.8372093023255814, 0.9767441860465116)",2,97.11627906976754,33757
"(0.5697674418604651, 0.9767441860465116)",1,97.11627906976754,33758
"(0.8488372093023255, 0.9767441860465116)",1,97.11627906976754,33759
"(0.7674418604651163, 0.9767441860465116)",2,97.11627906976751,33761
"(0.9534883720930232, 0.9767441860465116)",1,97.11627906976751,33762
"(0.7093023255813954, 0.9767441860465116)",3,97.11627906976751,33765
"(0.8023255813953488, 0.9767441860465116)",2,97.11627906976751,33767
"(0.8604651162790697, 0.9767441860465116)",2,97.11627906976751,33769
"(0.8953488372093024, 0.9767441860465116)",1,97.11627906976751,33770
"(0.5465116279069767, 0.9767441860465116)",1,97.11627906976751,33771
"(0.8837209302325582, 0.9767441860465116)",3,97.11627906976751,33774
"(0.9302325581395348, 0.9767441860465116)",1,97.11627906976751,33775
"(0.4518939393939394, 0.9981060606060606)",3,97.11590909090916,33778
"(0.4340909090909091, 0.999621212121212)",1,97.11553030303034,33779
"(0.7564102564102564, 0.9871794871794872)",2,97.11538461538476,33781
"(0.7307692307692307, 0.9871794871794872)",2,97.11538461538476,33783
"(0.8205128205128205, 0.9871794871794872)",2,97.11538461538476,33785
"(0.8076923076923077, 0.9871794871794872)",2,97.11538461538476,33787
"(0.7692307692307693, 0.9871794871794872)",3,97.11538461538474,33790
"(0.8717948717948718, 0.9871794871794872)",1,97.11538461538474,33791
"(0.9357142857142856, 0.9714285714285714)",2,97.11428571428571,33793
"(0.9535714285714286, 0.9714285714285714)",3,97.11428571428569,33796
"(0.9178571428571428, 0.975)",1,97.1142857142856,33797
"(0.7912162162162162, 0.9773648648648648)",2,97.11418918918918,33799
"(0.7719298245614035, 0.9912280701754386)",1,97.11403508771927,33800
"(0.4575, 0.9925)",1,97.11375,33801
"(0.5939189189189189, 0.9780405405405406)",1,97.11351351351357,33802
"(0.51, 0.9975)",1,97.11250000000015,33803
"(0.8702702702702703, 0.9777027027027028)",1,97.11249999999993,33804
"(0.825, 0.975)",1,97.11249999999988,33805
"(0.825, 0.975)",2,97.11249999999988,33807
"(0.925, 0.975)",2,97.11249999999988,33809
"(0.925, 0.975)",3,97.11249999999988,33812
"(0.8375, 0.975)",1,97.11249999999988,33813
"(0.9, 0.975)",3,97.11249999999988,33816
"(0.9125, 0.975)",2,97.11249999999988,33818
"(0.9625, 0.975)",1,97.11249999999988,33819
"(0.85, 0.975)",1,97.11249999999988,33820
"(0.9, 0.975)",3,97.11249999999988,33823
"(0.8375, 0.975)",2,97.11249999999988,33825
"(0.8666666666666667, 0.975)",1,97.11249999999986,33826
"(0.925, 0.975)",1,97.11249999999984,33827
"(0.4469696969696969, 0.9988636363636364)",1,97.11136363636368,33828
"(0.8472222222222222, 0.9861111111111112)",1,97.11111111111131,33829
"(0.8055555555555556, 0.9861111111111112)",2,97.11111111111131,33831
"(0.7222222222222222, 0.9861111111111112)",1,97.11111111111131,33832
"(0.8611111111111112, 0.9861111111111112)",1,97.11111111111131,33833
"(0.8888888888888888, 0.9861111111111112)",4,97.11111111111131,33837
"(0.6944444444444444, 0.9861111111111112)",1,97.11111111111131,33838
"(0.9027777777777778, 0.9861111111111112)",1,97.11111111111131,33839
"(0.9444444444444444, 0.9861111111111112)",1,97.11111111111131,33840
"(0.8194444444444444, 0.9861111111111112)",1,97.11111111111131,33841
"(0.6388888888888888, 0.9861111111111112)",1,97.11111111111131,33842
"(0.8333333333333334, 0.9861111111111112)",2,97.11111111111131,33844
"(0.7638888888888888, 0.9861111111111112)",1,97.11111111111131,33845
"(0.8194444444444444, 0.9722222222222222)",1,97.1111111111113,33846
"(0.9027777777777778, 0.9722222222222222)",2,97.1111111111113,33848
"(0.8472222222222222, 0.9722222222222222)",1,97.11111111111128,33849
"(0.875, 0.9722222222222222)",6,97.11111111111128,33855
"(0.8194444444444444, 0.9722222222222222)",2,97.11111111111128,33857
"(0.9444444444444444, 0.9722222222222222)",3,97.11111111111128,33860
"(0.7222222222222222, 0.9722222222222222)",1,97.11111111111128,33861
"(0.9027777777777778, 0.9722222222222222)",2,97.11111111111128,33863
"(0.8888888888888888, 0.9722222222222222)",1,97.11111111111128,33864
"(0.9305555555555556, 0.9722222222222222)",5,97.11111111111128,33869
"(0.9166666666666666, 0.9722222222222222)",5,97.11111111111128,33874
"(0.9444444444444444, 1.0)",1,97.11111111111111,33875
"(0.8194444444444444, 1.0)",2,97.11111111111111,33877
"(0.5331081081081082, 0.9827702702702704)",1,97.11081081081082,33878
"(0.8260135135135135, 0.9736486486486486)",1,97.11081081081072,33879
"(0.9571428571428572, 0.9714285714285714)",1,97.11071428571432,33880
"(0.9607142857142856, 0.9714285714285714)",1,97.11071428571432,33881
"(0.925, 0.9714285714285714)",1,97.1107142857143,33882
"(0.9214285714285714, 0.9678571428571427)",3,97.11071428571422,33885
"(0.9392857142857144, 0.975)",1,97.11071428571418,33886
"(0.9571428571428572, 0.975)",1,97.11071428571418,33887
"(0.9428571428571428, 0.975)",1,97.11071428571412,33888
"(0.8722972972972973, 0.972972972972973)",1,97.1101351351352,33889
"(0.7412280701754386, 0.9736842105263158)",1,97.10964912280696,33890
"(0.839527027027027, 0.979054054054054)",1,97.10912162162168,33891
"(0.4803030303030303, 1.0)",3,97.10909090909092,33894
"(0.5486486486486486, 0.9763513513513512)",1,97.10878378378376,33895
"(0.51, 0.99875)",1,97.10875000000006,33896
"(0.8958333333333334, 0.9833333333333332)",1,97.10833333333336,33897
"(0.9541666666666668, 0.975)",1,97.10833333333316,33898
"(0.8666666666666667, 0.975)",1,97.10833333333316,33899
"(0.9458333333333332, 0.975)",2,97.10833333333314,33901
"(0.8513513513513513, 0.9712837837837838)",1,97.10777027027028,33902
"(0.902027027027027, 0.9753378378378378)",1,97.10777027027024,33903
"(0.529054054054054, 0.9756756756756756)",1,97.10743243243242,33904
"(0.95, 0.9714285714285714)",1,97.10714285714288,33905
"(0.8357142857142857, 0.9714285714285714)",1,97.10714285714288,33906
"(0.9107142857142856, 0.9714285714285714)",1,97.10714285714285,33907
"(0.9428571428571428, 0.975)",1,97.10714285714272,33908
"(0.60125, 0.9875)",1,97.10625,33909
"(0.2401515151515151, 1.0)",2,97.1060606060606,33911
"(0.5773648648648648, 0.9753378378378378)",1,97.10574324324324,33912
"(0.7105263157894737, 0.9912280701754386)",1,97.10526315789473,33913
"(0.7675438596491229, 0.9912280701754386)",3,97.10526315789473,33916
"(0.7456140350877193, 0.9736842105263158)",3,97.10526315789468,33919
"(0.8771929824561403, 0.9736842105263158)",1,97.10526315789468,33920
"(0.60875, 0.98875)",1,97.105,33921
"(0.5831081081081081, 0.9787162162162162)",1,97.10472972972974,33922
"(0.872093023255814, 0.9883720930232558)",1,97.10465116279086,33923
"(0.7558139534883721, 0.9767441860465116)",4,97.1046511627908,33927
"(0.6046511627906976, 0.9767441860465116)",1,97.1046511627908,33928
"(0.8255813953488372, 0.9767441860465116)",3,97.1046511627908,33931
"(0.8604651162790697, 0.9767441860465116)",3,97.1046511627908,33934
"(0.8953488372093024, 0.9767441860465116)",2,97.1046511627908,33936
"(0.7558139534883721, 0.9767441860465116)",1,97.1046511627908,33937
"(0.8023255813953488, 0.9767441860465116)",1,97.1046511627908,33938
"(0.9302325581395348, 0.9767441860465116)",1,97.1046511627908,33939
"(0.8604651162790697, 0.9767441860465116)",3,97.1046511627908,33942
"(0.8372093023255814, 0.9767441860465116)",3,97.1046511627908,33945
"(0.813953488372093, 0.9767441860465116)",1,97.1046511627908,33946
"(0.7674418604651163, 0.9767441860465116)",1,97.1046511627908,33947
"(0.7790697674418605, 0.9767441860465116)",3,97.1046511627908,33950
"(0.7674418604651163, 0.9767441860465116)",1,97.1046511627908,33951
"(0.8875, 0.9791666666666666)",1,97.1041666666668,33952
"(0.8458333333333333, 0.9791666666666666)",1,97.10416666666676,33953
"(0.975, 0.9958333333333332)",1,97.10416666666674,33954
"(0.9166666666666666, 0.9833333333333332)",1,97.10416666666666,33955
"(0.9458333333333332, 0.975)",1,97.1041666666665,33956
"(0.5, 0.98875)",1,97.10374999999986,33957
"(0.52625, 0.99125)",3,97.10374999999982,33960
"(0.5331081081081082, 0.9773648648648648)",1,97.10371621621609,33961
"(0.95, 0.9714285714285714)",1,97.1035714285715,33962
"(0.8535714285714285, 0.9714285714285714)",1,97.10357142857144,33963
"(0.9, 0.9714285714285714)",1,97.1035714285714,33964
"(0.925, 0.9785714285714284)",2,97.10357142857136,33966
"(0.9714285714285714, 0.9678571428571427)",4,97.10357142857134,33970
"(0.9428571428571428, 0.975)",1,97.10357142857131,33971
"(0.9392857142857144, 0.975)",1,97.1035714285713,33972
"(0.95, 0.975)",1,97.1035714285713,33973
"(0.7307692307692307, 0.9871794871794872)",1,97.10256410256424,33974
"(0.8205128205128205, 1.0)",2,97.1025641025641,33976
"(0.4356060606060606, 0.9984848484848484)",1,97.10227272727276,33977
"(0.7560606060606061, 1.0)",1,97.10227272727272,33978
"(0.5945945945945946, 0.9756756756756756)",1,97.10168918918914,33979
"(0.9166666666666666, 0.9666666666666668)",1,97.10000000000016,33980
"(0.9607142857142856, 0.9714285714285714)",1,97.10000000000008,33981
"(0.8666666666666667, 0.9833333333333332)",1,97.10000000000008,33982
"(0.8166666666666667, 0.9833333333333332)",1,97.10000000000008,33983
"(0.8166666666666667, 1.0)",1,97.1,33984
"(0.8833333333333333, 1.0)",2,97.1,33986
"(0.95, 0.9785714285714284)",1,97.09999999999997,33987
"(0.8357142857142857, 0.975)",3,97.09999999999992,33990
"(0.9535714285714286, 0.975)",1,97.0999999999999,33991
"(0.925, 0.975)",3,97.09999999999988,33994
"(0.9, 0.975)",2,97.09999999999988,33996
"(0.825, 0.975)",1,97.09999999999988,33997
"(0.9, 0.975)",1,97.09999999999988,33998
"(0.875, 0.975)",1,97.09999999999988,33999
"(0.925, 0.9642857142857144)",1,97.09999999999988,34000
"(0.7875, 0.975)",1,97.09999999999988,34001
"(0.925, 0.975)",3,97.09999999999988,34004
"(0.9607142857142856, 0.9642857142857144)",1,97.09999999999988,34005
"(0.9625, 0.975)",1,97.09999999999988,34006
"(0.825, 0.975)",1,97.09999999999988,34007
"(0.925, 0.975)",1,97.09999999999984,34008
"(0.9166666666666666, 0.975)",1,97.09999999999984,34009
"(0.95, 0.975)",1,97.0999999999998,34010
"(0.4571969696969697, 0.9981060606060606)",1,97.09924242424246,34011
"(0.50375, 0.99125)",1,97.09874999999988,34012
"(0.8527027027027027, 0.9736486486486486)",1,97.09864864864862,34013
"(0.4943181818181818, 0.9988636363636364)",1,97.09810606060609,34014
"(0.4681818181818182, 0.9992424242424244)",1,97.09734848484852,34015
"(0.875, 0.9861111111111112)",1,97.09722222222244,34016
"(0.6944444444444444, 0.9861111111111112)",2,97.09722222222244,34018
"(0.9166666666666666, 0.9861111111111112)",1,97.09722222222244,34019
"(0.8888888888888888, 0.9861111111111112)",1,97.09722222222244,34020
"(0.7777777777777778, 0.9861111111111112)",1,97.09722222222244,34021
"(0.9027777777777778, 0.9861111111111112)",4,97.0972222222224,34025
"(0.8472222222222222, 0.9861111111111112)",1,97.0972222222224,34026
"(0.8472222222222222, 0.9722222222222222)",1,97.0972222222224,34027
"(0.7638888888888888, 0.9861111111111112)",1,97.0972222222224,34028
"(0.875, 0.9722222222222222)",6,97.0972222222224,34034
"(0.9861111111111112, 0.9722222222222222)",1,97.0972222222224,34035
"(0.8194444444444444, 0.9722222222222222)",1,97.0972222222224,34036
"(0.9305555555555556, 0.9722222222222222)",3,97.0972222222224,34039
"(0.9444444444444444, 0.9722222222222222)",2,97.0972222222224,34041
"(0.9166666666666666, 0.9722222222222222)",5,97.0972222222224,34046
"(0.9027777777777778, 0.9722222222222222)",1,97.0972222222224,34047
"(0.8888888888888888, 0.9722222222222222)",10,97.0972222222224,34057
"(0.8888888888888888, 0.9861111111111112)",4,97.0972222222224,34061
"(0.9444444444444444, 0.9861111111111112)",1,97.0972222222224,34062
"(0.8333333333333334, 0.9722222222222222)",4,97.0972222222224,34066
"(0.8194444444444444, 1.0)",1,97.09722222222224,34067
"(0.9444444444444444, 1.0)",1,97.09722222222224,34068
"(0.8377192982456141, 0.9736842105263158)",3,97.09649122807012,34071
"(0.9571428571428572, 0.9714285714285714)",3,97.0964285714286,34074
"(0.9142857142857144, 0.9714285714285714)",1,97.09642857142858,34075
"(0.9464285714285714, 0.9678571428571427)",1,97.09642857142852,34076
"(0.9142857142857144, 0.9678571428571427)",1,97.09642857142848,34077
"(0.8964285714285715, 0.975)",1,97.09642857142843,34078
"(0.9535714285714286, 0.975)",1,97.09642857142842,34079
"(0.9178571428571428, 0.975)",3,97.0964285714284,34082
"(0.4606060606060606, 0.9992424242424244)",1,97.09621212121216,34083
"(0.8043918918918919, 0.9783783783783784)",1,97.09594594594589,34084
"(0.9833333333333332, 0.9958333333333332)",1,97.09583333333342,34085
"(0.9166666666666666, 0.975)",1,97.09583333333316,34086
"(0.50125, 0.9925)",1,97.095,34087
"(0.6006756756756757, 0.979054054054054)",2,97.09493243243244,34089
"(0.5121621621621621, 0.9773648648648648)",1,97.0945945945946,34090
"(0.4003787878787879, 0.9988636363636364)",1,97.09431818181828,34091
"(0.471969696969697, 0.9988636363636364)",1,97.09431818181824,34092
"(0.48625, 0.9925)",1,97.09374999999986,34093
"(0.2553030303030303, 1.0)",1,97.09318181818183,34094
"(0.4848484848484848, 1.0)",3,97.09318181818182,34097
"(0.8837209302325582, 0.9883720930232558)",1,97.09302325581412,34098
"(0.9302325581395348, 0.9883720930232558)",1,97.0930232558141,34099
"(0.8023255813953488, 0.9767441860465116)",3,97.09302325581406,34102
"(0.8372093023255814, 0.9767441860465116)",3,97.09302325581406,34105
"(0.8837209302325582, 0.9767441860465116)",1,97.09302325581406,34106
"(0.9302325581395348, 0.9767441860465116)",2,97.09302325581406,34108
"(0.7325581395348837, 0.9767441860465116)",1,97.09302325581406,34109
"(0.8604651162790697, 0.9767441860465116)",2,97.09302325581406,34111
"(0.813953488372093, 0.9767441860465116)",1,97.09302325581406,34112
"(0.872093023255814, 0.9767441860465116)",1,97.09302325581406,34113
"(0.9186046511627908, 0.9767441860465116)",1,97.09302325581405,34114
"(0.9534883720930232, 0.9767441860465116)",1,97.09302325581405,34115
"(0.7558139534883721, 0.9767441860465116)",3,97.09302325581405,34118
"(0.5697674418604651, 0.9767441860465116)",2,97.09302325581405,34120
"(0.7093023255813954, 0.9767441860465116)",1,97.09302325581405,34121
"(0.8023255813953488, 0.9767441860465116)",1,97.09302325581405,34122
"(0.7906976744186046, 0.9767441860465116)",1,97.09302325581405,34123
"(0.8255813953488372, 0.9767441860465116)",1,97.09302325581405,34124
"(0.7674418604651163, 0.9767441860465116)",2,97.09302325581405,34126
"(0.8604651162790697, 0.9767441860465116)",2,97.09302325581405,34128
"(0.7790697674418605, 0.9767441860465116)",1,97.09302325581405,34129
"(0.8488372093023255, 0.9767441860465116)",1,97.09302325581405,34130
"(0.9714285714285714, 0.9714285714285714)",1,97.09285714285718,34131
"(0.9535714285714286, 0.9714285714285714)",1,97.09285714285716,34132
"(0.9571428571428572, 0.9714285714285714)",3,97.09285714285716,34135
"(0.9107142857142856, 0.9714285714285714)",1,97.09285714285714,34136
"(0.9357142857142856, 0.975)",1,97.09285714285704,34137
"(0.6969594594594595, 0.9756756756756756)",1,97.09256756756749,34138
"(0.8903508771929824, 0.9736842105263158)",1,97.09210526315783,34139
"(0.7807017543859649, 0.9736842105263158)",3,97.09210526315783,34142
"(0.75, 0.9736842105263158)",1,97.09210526315783,34143
"(0.6503787878787879, 1.0)",1,97.09204545454546,34144
"(0.9375, 0.9791666666666666)",1,97.0916666666668,34145
"(0.8625, 0.9833333333333332)",1,97.09166666666673,34146
"(0.5034090909090909, 1.0)",1,97.09166666666668,34147
"(0.9375, 0.975)",1,97.09166666666653,34148
"(0.4606060606060606, 0.9958333333333332)",3,97.091287878788,34151
"(0.47625, 0.9975)",1,97.09125000000012,34152
"(0.5325, 0.9825)",1,97.09124999999996,34153
"(0.5631756756756757, 0.9773648648648648)",1,97.09121621621622,34154
"(0.7875, 0.9726351351351352)",1,97.09087837837843,34155
"(0.9327702702702704, 0.9766891891891892)",2,97.0898648648648,34157
"(0.6666666666666666, 0.9871794871794872)",1,97.08974358974372,34158
"(0.717948717948718, 0.9871794871794872)",3,97.08974358974372,34161
"(0.6794871794871795, 0.9871794871794872)",1,97.08974358974372,34162
"(0.7692307692307693, 0.9871794871794872)",1,97.08974358974372,34163
"(0.7564102564102564, 0.9871794871794872)",1,97.08974358974372,34164
"(0.6666666666666666, 1.0)",1,97.0897435897436,34165
"(0.908445945945946, 0.9746621621621622)",1,97.08952702702702,34166
"(0.4378787878787878, 0.999621212121212)",1,97.08939393939394,34167
"(0.9607142857142856, 0.9714285714285714)",1,97.08928571428572,34168
"(0.925, 0.9714285714285714)",1,97.08928571428572,34169
"(0.9285714285714286, 0.9678571428571427)",3,97.08928571428568,34172
"(0.9571428571428572, 0.9678571428571427)",1,97.08928571428564,34173
"(0.8357142857142857, 0.975)",1,97.08928571428562,34174
"(0.9285714285714286, 0.975)",1,97.0892857142856,34175
"(0.8552631578947368, 0.9912280701754386)",1,97.0877192982456,34176
"(0.8245614035087719, 0.9736842105263158)",1,97.08771929824556,34177
"(0.8903508771929824, 0.9736842105263158)",3,97.08771929824556,34180
"(0.925, 0.9791666666666666)",1,97.08750000000016,34181
"(0.9916666666666668, 0.9958333333333332)",1,97.08750000000008,34182
"(0.4276515151515151, 0.999621212121212)",3,97.0875,34185
"(0.8625, 0.975)",1,97.08749999999988,34186
"(0.725, 0.975)",1,97.08749999999988,34187
"(0.75, 0.975)",1,97.08749999999988,34188
"(0.85, 0.975)",2,97.08749999999988,34190
"(0.9125, 0.975)",1,97.08749999999988,34191
"(0.8375, 0.975)",1,97.08749999999988,34192
"(0.95, 0.975)",1,97.08749999999988,34193
"(0.7875, 0.975)",1,97.08749999999988,34194
"(0.925, 0.975)",1,97.08749999999988,34195
"(0.9, 0.975)",2,97.08749999999988,34197
"(0.875, 0.975)",1,97.08749999999988,34198
"(0.9625, 0.975)",2,97.08749999999988,34200
"(0.825, 0.975)",1,97.08749999999988,34201
"(0.9625, 0.975)",2,97.08749999999986,34203
"(0.9125, 0.975)",1,97.08749999999986,34204
"(0.8125, 0.975)",1,97.08749999999984,34205
"(0.8125, 0.975)",1,97.08749999999982,34206
"(0.6391891891891892, 0.979391891891892)",1,97.08648648648656,34207
"(0.8885135135135135, 0.979391891891892)",1,97.08648648648654,34208
"(0.772972972972973, 0.979391891891892)",1,97.08648648648652,34209
"(0.3564393939393939, 1.0)",1,97.08636363636366,34210
"(0.49, 0.98625)",1,97.08624999999998,34211
"(0.9535714285714286, 0.9714285714285714)",1,97.0857142857143,34212
"(0.9107142857142856, 0.9714285714285714)",1,97.08571428571426,34213
"(0.9464285714285714, 0.9714285714285714)",1,97.08571428571425,34214
"(0.9428571428571428, 0.9785714285714284)",3,97.08571428571425,34217
"(0.9642857142857144, 0.9785714285714284)",1,97.08571428571422,34218
"(0.9642857142857144, 0.975)",3,97.0857142857142,34221
"(0.95, 0.9785714285714284)",1,97.0857142857142,34222
"(0.5034090909090909, 0.9977272727272728)",1,97.08522727272734,34223
"(0.8527027027027027, 0.9777027027027028)",1,97.08479729729724,34224
"(0.50625, 0.9975)",1,97.08375000000012,34225
"(0.5925, 0.98375)",1,97.08375,34226
"(0.6944444444444444, 0.9861111111111112)",2,97.08333333333351,34228
"(0.9166666666666666, 0.9861111111111112)",1,97.08333333333351,34229
"(0.7777777777777778, 0.9861111111111112)",1,97.08333333333351,34230
"(0.8472222222222222, 0.9722222222222222)",5,97.08333333333351,34235
"(0.9027777777777778, 0.9722222222222222)",1,97.08333333333351,34236
"(0.7638888888888888, 0.9722222222222222)",1,97.08333333333351,34237
"(0.8194444444444444, 0.9861111111111112)",4,97.08333333333351,34241
"(0.7222222222222222, 0.9722222222222222)",1,97.08333333333351,34242
"(0.9305555555555556, 0.9861111111111112)",1,97.08333333333351,34243
"(0.8333333333333334, 0.9722222222222222)",1,97.08333333333351,34244
"(0.8194444444444444, 0.9722222222222222)",2,97.08333333333351,34246
"(0.9027777777777778, 0.9861111111111112)",2,97.08333333333351,34248
"(0.9444444444444444, 0.9722222222222222)",3,97.08333333333351,34251
"(0.8611111111111112, 0.9861111111111112)",2,97.08333333333351,34253
"(0.8333333333333334, 0.9861111111111112)",2,97.08333333333351,34255
"(0.8888888888888888, 0.9861111111111112)",2,97.08333333333351,34257
"(0.9305555555555556, 0.9722222222222222)",2,97.08333333333351,34259
"(0.8888888888888888, 0.9722222222222222)",8,97.08333333333351,34267
"(0.875, 0.9722222222222222)",4,97.08333333333351,34271
"(0.6388888888888888, 0.9861111111111112)",1,97.08333333333351,34272
"(0.9166666666666666, 0.9722222222222222)",9,97.08333333333351,34281
"(0.875, 0.9861111111111112)",1,97.08333333333351,34282
"(0.9333333333333332, 0.9666666666666668)",1,97.08333333333348,34283
"(0.9333333333333332, 0.9833333333333332)",1,97.0833333333334,34284
"(0.9833333333333332, 0.9833333333333332)",1,97.0833333333334,34285
"(0.9666666666666668, 0.9833333333333332)",1,97.0833333333334,34286
"(0.9875, 0.9958333333333332)",1,97.0833333333334,34287
"(0.9833333333333332, 0.9958333333333332)",1,97.0833333333334,34288
"(0.7, 1.0)",1,97.08333333333334,34289
"(0.8194444444444444, 1.0)",1,97.08333333333331,34290
"(0.8666666666666667, 1.0)",1,97.08333333333331,34291
"(0.9305555555555556, 1.0)",1,97.08333333333331,34292
"(0.9, 1.0)",1,97.08333333333331,34293
"(0.7166666666666667, 1.0)",1,97.08333333333331,34294
"(0.9333333333333332, 1.0)",1,97.08333333333331,34295
"(0.8875, 0.9833333333333332)",1,97.0833333333333,34296
"(0.8421052631578947, 0.9736842105263158)",1,97.08333333333329,34297
"(0.925438596491228, 0.9736842105263158)",1,97.08333333333329,34298
"(0.8412162162162162, 0.9777027027027028)",1,97.08243243243238,34299
"(0.9678571428571427, 0.9714285714285714)",1,97.08214285714288,34300
"(0.9607142857142856, 0.9714285714285714)",1,97.08214285714288,34301
"(0.9464285714285714, 0.9714285714285714)",1,97.08214285714288,34302
"(0.9357142857142856, 0.9785714285714284)",1,97.0821428571428,34303
"(0.9107142857142856, 0.9642857142857144)",1,97.08214285714271,34304
"(0.9642857142857144, 0.975)",1,97.0821428571427,34305
"(0.368560606060606, 0.9984848484848484)",1,97.08143939393946,34306
"(0.8372093023255814, 0.9767441860465116)",2,97.08139534883732,34308
"(0.7906976744186046, 0.9767441860465116)",1,97.08139534883732,34309
"(0.8837209302325582, 0.9767441860465116)",1,97.0813953488373,34310
"(0.5930232558139535, 0.9767441860465116)",2,97.0813953488373,34312
"(0.813953488372093, 0.9767441860465116)",2,97.0813953488373,34314
"(0.6511627906976745, 0.9767441860465116)",2,97.0813953488373,34316
"(0.7093023255813954, 0.9767441860465116)",4,97.0813953488373,34320
"(0.8023255813953488, 0.9767441860465116)",1,97.0813953488373,34321
"(0.8255813953488372, 0.9767441860465116)",1,97.0813953488373,34322
"(0.6976744186046512, 0.9767441860465116)",1,97.0813953488373,34323
"(0.5465116279069767, 0.9767441860465116)",1,97.0813953488373,34324
"(0.7674418604651163, 0.9767441860465116)",4,97.0813953488373,34328
"(0.7558139534883721, 0.9767441860465116)",2,97.0813953488373,34330
"(0.8604651162790697, 0.9767441860465116)",2,97.0813953488373,34332
"(0.8953488372093024, 0.9767441860465116)",1,97.0813953488373,34333
"(0.872093023255814, 0.9767441860465116)",1,97.0813953488373,34334
"(0.7209302325581395, 0.9767441860465116)",1,97.0813953488373,34335
"(0.7906976744186046, 0.9767441860465116)",3,97.0813953488373,34338
"(0.49875, 0.99625)",1,97.08125000000008,34339
"(0.46625, 0.99375)",1,97.08125000000008,34340
"(0.5925675675675676, 0.9756756756756756)",1,97.08108108108108,34341
"(0.4291666666666666, 1.0)",1,97.08068181818184,34342
"(0.4291666666666666, 0.9928030303030304)",1,97.08068181818184,34343
"(0.6847972972972973, 0.9783783783783784)",2,97.0800675675676,34345
"(0.768918918918919, 0.9777027027027028)",1,97.07972972972964,34346
"(0.831081081081081, 0.979054054054054)",1,97.07939189189192,34347
"(0.831081081081081, 0.9773648648648648)",1,97.07939189189182,34348
"(0.9166666666666666, 0.9791666666666666)",2,97.07916666666682,34350
"(0.975, 0.9958333333333332)",1,97.07916666666672,34351
"(0.8791666666666667, 0.975)",1,97.07916666666652,34352
"(0.8958333333333334, 0.975)",1,97.0791666666665,34353
"(0.5635135135135135, 0.9763513513513512)",1,97.07905405405404,34354
"(0.9298245614035088, 0.9736842105263158)",1,97.078947368421,34355
"(0.9642857142857144, 0.9714285714285714)",1,97.07857142857146,34356
"(0.9607142857142856, 0.9714285714285714)",3,97.0785714285714,34359
"(0.8785714285714286, 0.9714285714285714)",1,97.0785714285714,34360
"(0.925, 0.9678571428571427)",1,97.0785714285714,34361
"(0.9678571428571427, 0.9678571428571427)",1,97.07857142857137,34362
"(0.8357142857142857, 0.975)",1,97.07857142857134,34363
"(0.9392857142857144, 0.975)",2,97.07857142857132,34365
"(0.9535714285714286, 0.975)",1,97.07857142857132,34366
"(0.9535714285714286, 0.975)",1,97.07857142857128,34367
"(0.9107142857142856, 0.975)",3,97.07857142857128,34370
"(0.9571428571428572, 0.975)",1,97.07857142857128,34371
"(0.8472972972972973, 0.9777027027027028)",1,97.07804054054054,34372
"(0.5635135135135135, 0.977027027027027)",1,97.07770270270264,34373
"(0.8461538461538461, 0.9871794871794872)",1,97.07692307692322,34374
"(0.6666666666666666, 0.9871794871794872)",3,97.07692307692322,34377
"(0.8461538461538461, 0.9871794871794872)",2,97.0769230769232,34379
"(0.6794871794871795, 0.9871794871794872)",2,97.0769230769232,34381
"(0.7051282051282052, 0.9871794871794872)",3,97.0769230769232,34384
"(0.5253378378378378, 0.9760135135135136)",1,97.0763513513513,34385
"(0.8472972972972973, 0.9736486486486486)",1,97.0756756756756,34386
"(0.9166666666666666, 0.9791666666666666)",1,97.07500000000016,34387
"(0.9458333333333332, 0.9791666666666666)",1,97.07500000000016,34388
"(0.9541666666666668, 0.9958333333333332)",1,97.07500000000007,34389
"(0.95, 0.9714285714285714)",1,97.07500000000005,34390
"(0.9791666666666666, 0.9958333333333332)",1,97.07500000000005,34391
"(0.9178571428571428, 0.9714285714285714)",1,97.07500000000002,34392
"(0.9535714285714286, 0.9714285714285714)",2,97.07500000000002,34394
"(0.49375, 0.9925)",2,97.075,34396
"(0.9791666666666666, 1.0)",1,97.075,34397
"(0.9571428571428572, 0.9785714285714284)",2,97.07499999999996,34399
"(0.8875, 0.975)",1,97.07499999999987,34400
"(0.85, 0.975)",1,97.07499999999987,34401
"(0.9375, 0.975)",2,97.07499999999987,34403
"(0.8625, 0.975)",2,97.07499999999987,34405
"(0.8964285714285715, 0.975)",1,97.07499999999987,34406
"(0.925, 0.975)",3,97.07499999999987,34409
"(0.8125, 0.975)",1,97.07499999999987,34410
"(0.875, 0.975)",3,97.07499999999987,34413
"(0.9, 0.975)",2,97.07499999999987,34415
"(0.9, 0.975)",1,97.07499999999986,34416
"(0.9125, 0.975)",1,97.07499999999986,34417
"(0.9166666666666666, 0.975)",1,97.07499999999985,34418
"(0.868421052631579, 0.9736842105263158)",1,97.07456140350872,34419
"(0.4803030303030303, 0.9992424242424244)",1,97.07424242424248,34420
"(0.5084459459459459, 0.9773648648648648)",1,97.0736486486487,34421
"(0.3920454545454545, 0.9992424242424244)",1,97.0727272727273,34422
"(0.49625, 0.99)",1,97.0725,34423
"(0.2356060606060606, 0.9977272727272728)",1,97.07159090909096,34424
"(0.9642857142857144, 0.9714285714285714)",1,97.07142857142858,34425
"(0.9535714285714286, 0.9714285714285714)",2,97.07142857142856,34427
"(0.9535714285714286, 0.9678571428571427)",3,97.07142857142853,34430
"(0.51875, 0.9925)",1,97.07124999999998,34431
"(0.9875, 0.9958333333333332)",1,97.07083333333338,34432
"(0.975, 1.0)",1,97.07083333333328,34433
"(0.9385964912280702, 0.9912280701754386)",1,97.07017543859648,34434
"(0.8728070175438597, 0.9912280701754386)",1,97.07017543859646,34435
"(0.868421052631579, 0.9736842105263158)",1,97.07017543859644,34436
"(0.61375, 0.99125)",1,97.06999999999992,34437
"(0.8953488372093024, 0.9883720930232558)",1,97.06976744186062,34438
"(0.9302325581395348, 0.9767441860465116)",1,97.06976744186058,34439
"(0.6627906976744186, 0.9767441860465116)",1,97.06976744186058,34440
"(0.7674418604651163, 0.9767441860465116)",2,97.06976744186056,34442
"(0.872093023255814, 0.9767441860465116)",1,97.06976744186056,34443
"(0.7790697674418605, 0.9767441860465116)",1,97.06976744186056,34444
"(0.8604651162790697, 0.9767441860465116)",1,97.06976744186056,34445
"(0.8372093023255814, 0.9767441860465116)",2,97.06976744186056,34447
"(0.8023255813953488, 0.9767441860465116)",2,97.06976744186056,34449
"(0.7558139534883721, 0.9767441860465116)",3,97.06976744186056,34452
"(0.7674418604651163, 0.9767441860465116)",1,97.06976744186056,34453
"(0.8837209302325582, 0.9767441860465116)",1,97.06976744186056,34454
"(0.2208333333333333, 1.0)",1,97.06969696969702,34455
"(0.5405405405405406, 0.9766891891891892)",1,97.06959459459448,34456
"(0.8888888888888888, 0.9861111111111112)",3,97.06944444444464,34459
"(0.9305555555555556, 0.9861111111111112)",1,97.06944444444464,34460
"(0.875, 0.9722222222222222)",4,97.06944444444464,34464
"(0.8888888888888888, 0.9722222222222222)",4,97.06944444444464,34468
"(0.9166666666666666, 0.9861111111111112)",1,97.06944444444464,34469
"(0.9166666666666666, 0.9722222222222222)",3,97.06944444444464,34472
"(0.9027777777777778, 0.9722222222222222)",1,97.06944444444464,34473
"(0.9027777777777778, 0.9861111111111112)",3,97.06944444444464,34476
"(0.9305555555555556, 0.9722222222222222)",5,97.06944444444464,34481
"(0.8611111111111112, 0.9722222222222222)",1,97.06944444444464,34482
"(0.7916666666666666, 0.9861111111111112)",1,97.06944444444464,34483
"(0.8194444444444444, 0.9861111111111112)",1,97.06944444444464,34484
"(0.8194444444444444, 0.9722222222222222)",2,97.06944444444464,34486
"(0.8611111111111112, 0.9861111111111112)",2,97.06944444444464,34488
"(0.875, 0.9861111111111112)",1,97.06944444444464,34489
"(0.7916666666666666, 0.9722222222222222)",1,97.06944444444464,34490
"(0.8472222222222222, 0.9722222222222222)",4,97.06944444444464,34494
"(0.8472222222222222, 0.9861111111111112)",1,97.06944444444464,34495
"(0.9444444444444444, 0.9722222222222222)",5,97.06944444444464,34500
"(0.9861111111111112, 0.9722222222222222)",2,97.06944444444464,34502
"(0.8472222222222222, 0.9722222222222222)",1,97.0694444444446,34503
"(0.9861111111111112, 0.9722222222222222)",1,97.0694444444446,34504
"(0.9166666666666666, 0.9722222222222222)",2,97.0694444444446,34506
"(0.875, 0.9722222222222222)",1,97.0694444444446,34507
"(0.9583333333333334, 1.0)",1,97.06944444444444,34508
"(0.8333333333333334, 1.0)",1,97.06944444444444,34509
"(0.4875, 0.9925)",1,97.06875000000014,34510
"(0.7483108108108109, 0.9753378378378378)",1,97.06858108108104,34511
"(0.5310810810810811, 0.9756756756756756)",1,97.06790540540544,34512
"(0.9571428571428572, 0.9714285714285714)",1,97.0678571428572,34513
"(0.9607142857142856, 0.9714285714285714)",1,97.06785714285718,34514
"(0.8535714285714285, 0.9714285714285714)",1,97.06785714285716,34515
"(0.9464285714285714, 0.9714285714285714)",2,97.06785714285716,34517
"(0.9107142857142856, 0.9714285714285714)",3,97.06785714285716,34520
"(0.925, 0.9714285714285714)",3,97.06785714285714,34523
"(0.9357142857142856, 0.9714285714285714)",1,97.06785714285712,34524
"(0.95, 0.975)",3,97.06785714285702,34527
"(0.9535714285714286, 0.9642857142857144)",1,97.067857142857,34528
"(0.4253787878787878, 0.9981060606060606)",1,97.06704545454552,34529
"(0.5939189189189189, 0.975)",1,97.06689189189186,34530
"(0.9833333333333332, 0.9666666666666668)",1,97.06666666666682,34531
"(1.0, 1.0)",1,97.06666666666666,34532
"(0.8333333333333334, 1.0)",1,97.06666666666666,34533
"(0.925, 0.975)",1,97.06666666666648,34534
"(0.5489864864864865, 0.977027027027027)",1,97.06655405405408,34535
"(0.9300675675675676, 0.977027027027027)",2,97.06587837837832,34537
"(0.6969594594594595, 0.9726351351351352)",1,97.06587837837829,34538
"(0.7763157894736842, 0.9912280701754386)",1,97.0657894736842,34539
"(0.7719298245614035, 0.9912280701754386)",1,97.0657894736842,34540
"(0.8771929824561403, 0.9736842105263158)",3,97.06578947368416,34543
"(0.9210526315789472, 0.9736842105263158)",1,97.06578947368416,34544
"(0.868421052631579, 0.9736842105263158)",3,97.06578947368416,34547
"(0.868421052631579, 0.9736842105263158)",1,97.06578947368416,34548
"(0.8087837837837838, 0.9739864864864864)",1,97.06554054054055,34549
"(0.5125, 0.98625)",1,97.06499999999996,34550
"(0.525, 0.9773648648648648)",1,97.06486486486492,34551
"(0.9285714285714286, 0.9714285714285714)",1,97.06428571428572,34552
"(0.95, 0.9714285714285714)",1,97.06428571428572,34553
"(0.9607142857142856, 0.9714285714285714)",1,97.06428571428572,34554
"(0.8357142857142857, 0.9785714285714284)",1,97.06428571428567,34555
"(0.9535714285714286, 0.975)",3,97.06428571428556,34558
"(0.6794871794871795, 0.9871794871794872)",1,97.06410256410273,34559
"(0.6794871794871795, 1.0)",1,97.06410256410255,34560
"(0.509469696969697, 0.9954545454545456)",3,97.06401515151528,34563
"(0.49375, 0.9975)",1,97.06375000000013,34564
"(0.5575, 0.98125)",1,97.06374999999996,34565
"(0.735472972972973, 0.9743243243243244)",1,97.06317567567564,34566
"(0.5075, 0.9975)",1,97.06250000000014,34567
"(0.51875, 0.9925)",1,97.06250000000006,34568
"(0.5025, 0.99375)",1,97.06250000000004,34569
"(0.9666666666666668, 0.9958333333333332)",1,97.06250000000004,34570
"(0.9375, 0.9833333333333332)",1,97.0625,34571
"(0.8458333333333333, 0.9833333333333332)",1,97.0625,34572
"(0.8875, 0.975)",2,97.06249999999989,34574
"(0.925, 0.975)",2,97.06249999999989,34576
"(0.85, 0.975)",1,97.06249999999989,34577
"(0.8625, 0.975)",3,97.06249999999989,34580
"(0.825, 0.975)",1,97.06249999999989,34581
"(0.9125, 0.975)",2,97.06249999999989,34583
"(0.775, 0.975)",1,97.06249999999989,34584
"(0.9, 0.975)",5,97.06249999999989,34589
"(0.85, 0.975)",1,97.06249999999989,34590
"(0.7625, 0.975)",1,97.06249999999989,34591
"(0.8375, 0.975)",1,97.06249999999989,34592
"(0.95, 0.975)",2,97.06249999999986,34594
"(0.925, 0.975)",1,97.06249999999986,34595
"(0.775, 0.975)",1,97.06249999999986,34596
"(0.9, 0.975)",1,97.06249999999986,34597
"(0.85, 0.975)",2,97.06249999999986,34599
"(0.5327702702702702, 0.975)",1,97.06148648648636,34600
"(0.8859649122807017, 0.9912280701754386)",1,97.06140350877192,34601
"(0.7763157894736842, 0.9912280701754386)",1,97.0614035087719,34602
"(0.6881756756756757, 0.9756756756756756)",1,97.06114864864855,34603
"(0.9678571428571427, 0.9714285714285714)",1,97.06071428571435,34604
"(0.9642857142857144, 0.975)",5,97.06071428571414,34609
"(0.9107142857142856, 0.9642857142857144)",1,97.06071428571413,34610
"(0.9178571428571428, 0.975)",2,97.06071428571413,34612
"(0.605, 0.99)",1,97.06000000000006,34613
"(0.5075, 0.99375)",2,97.05999999999996,34615
"(0.4253787878787878, 0.9973484848484848)",1,97.0594696969698,34616
"(0.9135135135135136, 0.9739864864864864)",1,97.0594594594594,34617
"(0.59625, 0.99375)",1,97.05874999999996,34618
"(0.975, 0.9958333333333332)",1,97.05833333333342,34619
"(0.9791666666666666, 0.9958333333333332)",1,97.05833333333342,34620
"(0.9875, 0.9958333333333332)",2,97.05833333333338,34622
"(0.9833333333333332, 0.9958333333333332)",1,97.05833333333337,34623
"(0.9583333333333334, 0.9958333333333332)",1,97.05833333333337,34624
"(0.9375, 0.9916666666666668)",1,97.0583333333331,34625
"(0.7674418604651163, 0.9883720930232558)",2,97.05813953488388,34627
"(0.5930232558139535, 0.9883720930232558)",2,97.05813953488388,34629
"(0.8488372093023255, 0.9883720930232558)",1,97.05813953488388,34630
"(0.813953488372093, 0.9883720930232558)",1,97.05813953488386,34631
"(0.7906976744186046, 0.9767441860465116)",1,97.05813953488384,34632
"(0.8255813953488372, 0.9767441860465116)",1,97.05813953488382,34633
"(0.8604651162790697, 0.9767441860465116)",1,97.05813953488382,34634
"(0.8953488372093024, 0.9767441860465116)",1,97.05813953488382,34635
"(0.7093023255813954, 0.9767441860465116)",2,97.05813953488382,34637
"(0.7209302325581395, 0.9767441860465116)",1,97.05813953488382,34638
"(0.7790697674418605, 0.9767441860465116)",1,97.05813953488382,34639
"(0.7558139534883721, 0.9767441860465116)",1,97.05813953488382,34640
"(0.7906976744186046, 0.9767441860465116)",1,97.05813953488382,34641
"(0.9534883720930232, 0.9767441860465116)",2,97.05813953488382,34643
"(0.8255813953488372, 0.9767441860465116)",2,97.0581395348838,34645
"(0.7674418604651163, 0.9767441860465116)",1,97.0581395348838,34646
"(0.9651162790697676, 0.9767441860465116)",1,97.0581395348838,34647
"(0.9186046511627908, 0.9767441860465116)",2,97.0581395348838,34649
"(0.7558139534883721, 0.9767441860465116)",1,97.0581395348838,34650
"(0.8837209302325582, 0.9767441860465116)",1,97.0581395348838,34651
"(0.7209302325581395, 0.9767441860465116)",1,97.0581395348838,34652
"(0.7790697674418605, 0.9767441860465116)",2,97.0581395348838,34654
"(0.5697674418604651, 0.9767441860465116)",1,97.0581395348838,34655
"(0.8297297297297297, 0.975)",1,97.05810810810809,34656
"(0.4537878787878788, 1.0)",1,97.05795454545458,34657
"(0.509469696969697, 1.0)",1,97.05757575757578,34658
"(0.9285714285714286, 0.9714285714285714)",1,97.05714285714288,34659
"(0.9607142857142856, 0.9714285714285714)",1,97.05714285714286,34660
"(0.8357142857142857, 0.9714285714285714)",1,97.05714285714286,34661
"(0.9107142857142856, 0.9714285714285714)",1,97.05714285714286,34662
"(0.9078947368421052, 0.9736842105263158)",2,97.0570175438596,34664
"(0.5022727272727273, 0.9981060606060606)",1,97.05643939393946,34665
"(0.2401515151515151, 1.0)",1,97.0564393939394,34666
"(0.48625, 0.98625)",1,97.05624999999996,34667
"(0.8472972972972973, 0.9777027027027028)",1,97.056081081081,34668
"(0.3473484848484848, 0.9992424242424244)",1,97.0560606060606,34669
"(0.5138513513513514, 0.9780405405405406)",1,97.05574324324331,34670
"(0.7638888888888888, 0.9861111111111112)",1,97.05555555555576,34671
"(0.8611111111111112, 0.9861111111111112)",1,97.05555555555576,34672
"(0.9027777777777778, 0.9861111111111112)",1,97.05555555555576,34673
"(0.8055555555555556, 0.9861111111111112)",1,97.05555555555576,34674
"(0.6388888888888888, 0.9861111111111112)",1,97.05555555555576,34675
"(0.8472222222222222, 0.9861111111111112)",1,97.05555555555576,34676
"(0.875, 0.9861111111111112)",1,97.05555555555574,34677
"(0.8888888888888888, 0.9861111111111112)",1,97.05555555555574,34678
"(0.9444444444444444, 0.9722222222222222)",1,97.05555555555571,34679
"(0.8888888888888888, 0.9722222222222222)",5,97.05555555555571,34684
"(0.9166666666666666, 0.9722222222222222)",3,97.05555555555571,34687
"(0.7638888888888888, 0.9722222222222222)",2,97.05555555555571,34689
"(0.8194444444444444, 0.9722222222222222)",2,97.05555555555571,34691
"(0.9305555555555556, 0.9722222222222222)",3,97.05555555555571,34694
"(0.8472222222222222, 0.9722222222222222)",4,97.05555555555571,34698
"(0.7916666666666666, 0.9722222222222222)",1,97.05555555555571,34699
"(0.9027777777777778, 0.9722222222222222)",2,97.05555555555571,34701
"(0.875, 0.9722222222222222)",4,97.05555555555571,34705
"(0.7222222222222222, 0.9722222222222222)",2,97.05555555555571,34707
"(0.9444444444444444, 1.0)",1,97.05555555555556,34708
"(0.8194444444444444, 1.0)",1,97.05555555555556,34709
"(0.5972222222222222, 1.0)",1,97.05555555555556,34710
"(0.9583333333333334, 1.0)",1,97.05555555555556,34711
"(0.5094594594594595, 0.9763513513513512)",1,97.05540540540544,34712
"(0.8891891891891892, 0.979391891891892)",1,97.0550675675676,34713
"(0.51, 0.99)",2,97.05499999999984,34715
"(0.4276515151515151, 0.9981060606060606)",1,97.05492424242428,34716
"(0.5371621621621622, 0.9827702702702704)",1,97.05472972972971,34717
"(0.533445945945946, 0.977027027027027)",1,97.05472972972964,34718
"(0.9541666666666668, 0.9958333333333332)",1,97.05416666666676,34719
"(0.9083333333333332, 0.9833333333333332)",1,97.0541666666667,34720
"(0.9791666666666666, 0.9958333333333332)",2,97.0541666666667,34722
"(0.925, 0.975)",1,97.05416666666648,34723
"(0.522972972972973, 0.9753378378378378)",1,97.05405405405403,34724
"(0.5950757575757576, 0.9954545454545456)",3,97.05378787878804,34727
"(0.4325, 0.99875)",1,97.05375000000008,34728
"(0.65125, 0.99125)",1,97.05375,34729
"(0.9607142857142856, 0.9714285714285714)",1,97.05357142857146,34730
"(0.9214285714285714, 0.975)",1,97.05357142857136,34731
"(0.925, 0.975)",1,97.05357142857127,34732
"(0.8216216216216217, 0.972972972972973)",1,97.05337837837835,34733
"(0.5236486486486487, 0.9773648648648648)",1,97.05270270270265,34734
"(0.706140350877193, 0.9912280701754386)",1,97.05263157894734,34735
"(0.8771929824561403, 0.9736842105263158)",1,97.05263157894731,34736
"(0.8903508771929824, 0.9736842105263158)",1,97.05263157894731,34737
"(0.8205128205128205, 0.9871794871794872)",1,97.0512820512822,34738
"(0.717948717948718, 0.9871794871794872)",1,97.0512820512822,34739
"(0.5512820512820513, 0.9871794871794872)",6,97.0512820512822,34745
"(0.7307692307692307, 0.9871794871794872)",4,97.0512820512822,34749
"(0.7051282051282052, 1.0)",1,97.05128205128204,34750
"(0.3159090909090909, 0.9965909090909092)",1,97.05113636363632,34751
"(0.8162162162162162, 0.9733108108108108)",1,97.05067567567566,34752
"(0.6537162162162162, 0.9777027027027028)",1,97.05033783783784,34753
"(0.9333333333333332, 0.9666666666666668)",2,97.05000000000015,34755
"(0.9178571428571428, 0.9714285714285714)",1,97.05000000000008,34756
"(0.8666666666666667, 0.9833333333333332)",1,97.05000000000008,34757
"(0.9333333333333332, 0.9833333333333332)",1,97.05000000000008,34758
"(0.9708333333333332, 0.9958333333333332)",1,97.05000000000004,34759
"(0.50875, 0.99875)",1,97.05000000000004,34760
"(0.9875, 0.9958333333333332)",1,97.05000000000004,34761
"(0.6833333333333333, 1.0)",1,97.05,34762
"(0.522972972972973, 0.9780405405405406)",1,97.04999999999998,34763
"(0.5300675675675676, 0.9797297297297296)",1,97.04999999999995,34764
"(0.775, 0.975)",2,97.04999999999988,34766
"(0.9, 0.975)",3,97.04999999999988,34769
"(0.7875, 0.975)",3,97.04999999999988,34772
"(0.9642857142857144, 0.975)",1,97.04999999999988,34773
"(0.8125, 0.975)",1,97.04999999999988,34774
"(0.825, 0.975)",2,97.04999999999988,34776
"(0.8375, 0.975)",1,97.04999999999988,34777
"(0.85, 0.975)",1,97.04999999999988,34778
"(0.875, 0.975)",1,97.04999999999988,34779
"(0.95, 0.975)",1,97.04999999999988,34780
"(0.9, 0.975)",3,97.04999999999988,34783
"(0.85, 0.975)",1,97.04999999999988,34784
"(0.9625, 0.975)",1,97.04999999999988,34785
"(0.8875, 0.975)",1,97.04999999999988,34786
"(0.8125, 0.975)",1,97.04999999999988,34787
"(0.925, 0.975)",1,97.04999999999988,34788
"(0.8625, 0.975)",1,97.04999999999988,34789
"(0.925, 0.975)",2,97.04999999999986,34791
"(0.8535714285714285, 0.9642857142857144)",1,97.04999999999984,34792
"(0.925, 0.9642857142857144)",1,97.04999999999984,34793
"(0.831081081081081, 0.9777027027027028)",1,97.04966216216212,34794
"(0.772972972972973, 0.9760135135135136)",2,97.04932432432436,34796
"(0.63125, 0.985)",1,97.04874999999996,34797
"(0.51, 0.98875)",1,97.04874999999988,34798
"(0.9131756756756756, 0.9777027027027028)",1,97.04864864864874,34799
"(0.9310810810810812, 0.9756756756756756)",1,97.0486486486486,34800
"(0.5443181818181818, 0.999621212121212)",1,97.04848484848488,34801
"(0.8640350877192983, 0.9736842105263158)",1,97.04824561403504,34802
"(0.2412878787878788, 1.0)",3,97.04810606060607,34805
"(0.2401515151515151, 0.996969696969697)",1,97.04772727272731,34806
"(0.4571969696969697, 0.9882575757575758)",1,97.0477272727272,34807
"(0.529054054054054, 0.9756756756756756)",1,97.04763513513502,34808
"(0.48625, 0.9975)",1,97.04750000000016,34809
"(0.8372093023255814, 0.9767441860465116)",1,97.04651162790708,34810
"(0.8023255813953488, 0.9767441860465116)",2,97.04651162790708,34812
"(0.813953488372093, 0.9767441860465116)",1,97.04651162790708,34813
"(0.7093023255813954, 0.9767441860465116)",1,97.04651162790708,34814
"(0.7674418604651163, 0.9767441860465116)",4,97.04651162790708,34818
"(0.8372093023255814, 0.9767441860465116)",2,97.04651162790708,34820
"(0.7093023255813954, 0.9767441860465116)",1,97.04651162790708,34821
"(0.6511627906976745, 0.9767441860465116)",1,97.04651162790708,34822
"(0.7790697674418605, 0.9767441860465116)",1,97.04651162790708,34823
"(0.5697674418604651, 0.9767441860465116)",1,97.04651162790708,34824
"(0.8604651162790697, 0.9767441860465116)",1,97.04651162790708,34825
"(0.7209302325581395, 0.9767441860465116)",1,97.04651162790708,34826
"(0.8953488372093024, 0.9767441860465116)",2,97.04651162790708,34828
"(0.8604651162790697, 0.9767441860465116)",1,97.04651162790708,34829
"(0.627906976744186, 0.9767441860465116)",1,97.04651162790708,34830
"(0.8255813953488372, 0.9767441860465116)",1,97.04651162790708,34831
"(0.8023255813953488, 0.9767441860465116)",1,97.04651162790708,34832
"(0.6046511627906976, 0.9767441860465116)",1,97.04651162790708,34833
"(0.686046511627907, 0.9767441860465116)",1,97.04651162790708,34834
"(0.9186046511627908, 0.9767441860465116)",1,97.04651162790708,34835
"(0.9186046511627908, 0.9767441860465116)",1,97.04651162790708,34836
"(0.7925675675675675, 0.9787162162162162)",1,97.04628378378378,34837
"(0.5226351351351352, 0.9787162162162162)",1,97.04594594594587,34838
"(0.9875, 0.9958333333333332)",1,97.0458333333334,34839
"(0.9708333333333332, 0.9958333333333332)",1,97.0458333333334,34840
"(0.9541666666666668, 0.9958333333333332)",2,97.04583333333338,34842
"(0.9125, 0.9833333333333332)",1,97.04583333333338,34843
"(0.9125, 0.9833333333333332)",1,97.04583333333332,34844
"(0.925, 0.975)",1,97.0458333333332,34845
"(0.9208333333333332, 0.9875)",1,97.04583333333318,34846
"(0.9375, 0.975)",1,97.04583333333314,34847
"(0.5216216216216216, 0.979391891891892)",1,97.0445945945946,34848
"(0.484090909090909, 0.9992424242424244)",1,97.0443181818182,34849
"(0.8449324324324324, 0.977027027027027)",1,97.04425675675672,34850
"(0.5358108108108108, 0.9753378378378378)",1,97.04425675675668,34851
"(0.7763157894736842, 0.9912280701754386)",1,97.0438596491228,34852
"(0.925438596491228, 0.9736842105263158)",1,97.04385964912277,34853
"(0.9298245614035088, 0.9736842105263158)",1,97.04385964912277,34854
"(0.925438596491228, 0.9736842105263158)",1,97.04385964912274,34855
"(0.48625, 0.99375)",2,97.04375000000007,34857
"(0.9131756756756756, 0.977027027027027)",1,97.04290540540534,34858
"(0.95, 0.9714285714285714)",1,97.04285714285722,34859
"(0.9428571428571428, 0.9714285714285714)",1,97.04285714285716,34860
"(0.9285714285714286, 0.975)",3,97.04285714285705,34863
"(0.49875, 0.99375)",2,97.04250000000012,34865
"(0.5075, 0.9975)",1,97.04250000000012,34866
"(0.577027027027027, 0.9817567567567568)",2,97.04222972972968,34868
"(0.5, 0.9861111111111112)",1,97.04166666666688,34869
"(0.8055555555555556, 0.9861111111111112)",1,97.04166666666688,34870
"(0.9027777777777778, 0.9861111111111112)",1,97.04166666666688,34871
"(0.9444444444444444, 0.9861111111111112)",1,97.04166666666686,34872
"(0.5416666666666666, 0.9861111111111112)",1,97.04166666666686,34873
"(0.8055555555555556, 0.9861111111111112)",2,97.04166666666686,34875
"(0.6944444444444444, 0.9861111111111112)",2,97.04166666666686,34877
"(0.8611111111111112, 0.9861111111111112)",2,97.04166666666686,34879
"(0.875, 0.9861111111111112)",1,97.04166666666686,34880
"(0.8888888888888888, 0.9861111111111112)",1,97.04166666666686,34881
"(0.8194444444444444, 0.9861111111111112)",1,97.04166666666686,34882
"(0.5, 0.9861111111111112)",1,97.04166666666686,34883
"(0.8333333333333334, 0.9861111111111112)",1,97.04166666666686,34884
"(0.75, 0.9861111111111112)",1,97.04166666666686,34885
"(0.9027777777777778, 0.9861111111111112)",1,97.04166666666686,34886
"(0.8888888888888888, 0.9722222222222222)",2,97.04166666666684,34888
"(0.8472222222222222, 0.9722222222222222)",5,97.04166666666684,34893
"(0.9027777777777778, 0.9722222222222222)",5,97.04166666666684,34898
"(0.9166666666666666, 0.9722222222222222)",8,97.04166666666684,34906
"(0.7638888888888888, 0.9722222222222222)",3,97.04166666666684,34909
"(0.5833333333333334, 0.9722222222222222)",1,97.04166666666684,34910
"(0.8194444444444444, 0.9722222222222222)",2,97.04166666666684,34912
"(0.9305555555555556, 0.9722222222222222)",2,97.04166666666684,34914
"(0.8611111111111112, 0.9722222222222222)",2,97.04166666666684,34916
"(0.75, 0.9722222222222222)",1,97.04166666666684,34917
"(0.7222222222222222, 0.9722222222222222)",1,97.04166666666684,34918
"(0.875, 0.9722222222222222)",3,97.04166666666684,34921
"(0.8055555555555556, 0.9722222222222222)",2,97.04166666666684,34923
"(0.8333333333333334, 0.9722222222222222)",5,97.04166666666684,34928
"(0.625, 0.9722222222222222)",1,97.04166666666684,34929
"(0.9375, 0.9958333333333332)",1,97.04166666666676,34930
"(0.9916666666666668, 0.9958333333333332)",1,97.04166666666674,34931
"(0.8194444444444444, 1.0)",1,97.04166666666669,34932
"(0.8055555555555556, 1.0)",1,97.04166666666666,34933
"(0.9166666666666666, 1.0)",1,97.04166666666666,34934
"(0.6805555555555556, 1.0)",1,97.04166666666666,34935
"(0.8333333333333334, 1.0)",2,97.04166666666666,34937
"(0.5925675675675676, 0.975)",1,97.04020270270262,34938
"(0.4925, 0.99875)",1,97.04000000000003,34939
"(0.48625, 0.98875)",1,97.03999999999988,34940
"(0.7283783783783784, 0.9766891891891892)",1,97.03986486486478,34941
"(0.925438596491228, 0.9692982456140352)",2,97.03947368421068,34943
"(0.706140350877193, 0.9912280701754386)",1,97.03947368421048,34944
"(0.4068181818181818, 0.9931818181818182)",1,97.03939393939392,34945
"(0.9428571428571428, 0.9714285714285714)",3,97.03928571428575,34948
"(0.9285714285714286, 0.9678571428571427)",3,97.03928571428568,34951
"(0.9571428571428572, 0.975)",3,97.03928571428564,34954
"(0.9607142857142856, 0.9678571428571427)",3,97.0392857142856,34957
"(0.9357142857142856, 0.975)",1,97.03928571428558,34958
"(0.8964285714285715, 0.975)",1,97.03928571428555,34959
"(0.9214285714285714, 0.975)",1,97.03928571428555,34960
"(0.9178571428571428, 0.975)",1,97.03928571428553,34961
"(0.75, 0.9787162162162162)",1,97.0391891891892,34962
"(0.49375, 0.99)",2,97.03874999999998,34964
"(0.3537878787878787, 0.999621212121212)",1,97.03863636363636,34965
"(0.6666666666666666, 0.9871794871794872)",1,97.03846153846168,34966
"(0.7564102564102564, 0.9871794871794872)",1,97.03846153846168,34967
"(0.717948717948718, 0.9871794871794872)",1,97.03846153846168,34968
"(0.6794871794871795, 0.9871794871794872)",3,97.03846153846168,34971
"(0.8461538461538461, 1.0)",1,97.03846153846156,34972
"(0.4615384615384615, 1.0)",1,97.03846153846156,34973
"(0.8625, 0.9791666666666666)",1,97.03750000000016,34974
"(0.9875, 0.9958333333333332)",1,97.0375000000001,34975
"(0.9, 0.9791666666666666)",1,97.0375000000001,34976
"(0.5333333333333333, 1.0)",1,97.03750000000002,34977
"(0.975, 1.0)",2,97.0375,34979
"(0.9625, 0.975)",1,97.03749999999988,34980
"(0.7875, 0.975)",2,97.03749999999988,34982
"(0.9125, 0.975)",2,97.03749999999988,34984
"(0.8125, 0.975)",2,97.03749999999988,34986
"(0.8125, 0.975)",2,97.03749999999988,34988
"(0.9, 0.975)",1,97.03749999999988,34989
"(0.9, 0.975)",4,97.03749999999988,34993
"(0.8875, 0.975)",3,97.03749999999988,34996
"(0.8375, 0.975)",1,97.03749999999988,34997
"(0.85, 0.975)",2,97.03749999999988,34999
"(0.85, 0.975)",1,97.03749999999988,35000
"(0.925, 0.975)",2,97.03749999999988,35002
"(0.9375, 0.975)",2,97.03749999999988,35004
"(0.9083333333333332, 0.975)",1,97.03749999999984,35005
"(0.456060606060606, 0.9988636363636364)",1,97.03712121212126,35006
"(0.5381756756756757, 0.975)",1,97.03648648648642,35007
"(0.485, 0.99875)",1,97.03625000000014,35008
"(0.6756756756756757, 0.9756756756756756)",1,97.03614864864858,35009
"(0.7912162162162162, 0.9777027027027028)",1,97.03581081081076,35010
"(0.9428571428571428, 0.9714285714285714)",2,97.03571428571436,35012
"(0.9392857142857144, 0.9714285714285714)",1,97.03571428571432,35013
"(0.9642857142857144, 0.9714285714285714)",1,97.03571428571432,35014
"(0.9142857142857144, 0.9714285714285714)",1,97.03571428571428,35015
"(0.9571428571428572, 0.9678571428571427)",1,97.03571428571422,35016
"(0.9428571428571428, 0.9678571428571427)",1,97.03571428571422,35017
"(0.9571428571428572, 0.9678571428571427)",1,97.0357142857142,35018
"(0.9678571428571427, 0.975)",1,97.03571428571414,35019
"(0.6575757575757576, 0.9981060606060606)",1,97.03560606060614,35020
"(0.535472972972973, 0.9766891891891892)",1,97.0351351351351,35021
"(0.8289473684210527, 0.9692982456140352)",1,97.03508771929842,35022
"(0.6625, 0.9925)",1,97.03499999999995,35023
"(0.49375, 0.98875)",1,97.03499999999988,35024
"(0.8604651162790697, 0.9883720930232558)",1,97.0348837209304,35025
"(0.7209302325581395, 0.9883720930232558)",1,97.03488372093038,35026
"(0.8837209302325582, 0.9767441860465116)",1,97.03488372093034,35027
"(0.8604651162790697, 0.9767441860465116)",2,97.03488372093034,35029
"(0.872093023255814, 0.9767441860465116)",1,97.03488372093034,35030
"(0.9302325581395348, 0.9767441860465116)",1,97.03488372093034,35031
"(0.7906976744186046, 0.9767441860465116)",1,97.03488372093032,35032
"(0.7674418604651163, 0.9767441860465116)",2,97.03488372093032,35034
"(0.7790697674418605, 0.9767441860465116)",3,97.03488372093032,35037
"(0.813953488372093, 0.9767441860465116)",1,97.03488372093032,35038
"(0.8604651162790697, 0.9767441860465116)",1,97.03488372093032,35039
"(0.8372093023255814, 0.9767441860465116)",3,97.03488372093032,35042
"(0.8023255813953488, 0.9767441860465116)",2,97.03488372093032,35044
"(0.7558139534883721, 0.9767441860465116)",1,97.03488372093032,35045
"(0.8372093023255814, 1.0)",1,97.03488372093022,35046
"(0.8773648648648649, 0.9743243243243244)",1,97.03378378378372,35047
"(0.5025, 0.98875)",1,97.03375,35048
"(0.5025, 0.98625)",1,97.03374999999988,35049
"(0.5679054054054054, 0.977027027027027)",1,97.03344594594596,35050
"(0.9916666666666668, 0.9958333333333332)",1,97.03333333333345,35051
"(0.9, 0.9833333333333332)",1,97.0333333333334,35052
"(0.9333333333333332, 0.9833333333333332)",1,97.0333333333334,35053
"(0.9, 1.0)",1,97.03333333333332,35054
"(0.9416666666666668, 0.9875)",1,97.03333333333322,35055
"(0.7084459459459459, 0.977027027027027)",2,97.03277027027022,35057
"(0.5405405405405406, 0.977027027027027)",1,97.03277027027016,35058
"(0.8357142857142857, 0.9714285714285714)",1,97.0321428571429,35059
"(0.9428571428571428, 0.9714285714285714)",1,97.03214285714286,35060
"(0.9714285714285714, 0.9678571428571427)",1,97.0321428571428,35061
"(0.9, 0.975)",1,97.03214285714272,35062
"(0.3393939393939394, 0.9984848484848484)",1,97.03181818181824,35063
"(0.49875, 0.99)",1,97.03124999999989,35064
"(0.6798245614035088, 0.9780701754385964)",3,97.03070175438614,35067
"(0.7105263157894737, 0.9912280701754386)",1,97.03070175438592,35068
"(0.6228070175438597, 0.9736842105263158)",1,97.03070175438592,35069
"(0.75, 0.9736842105263158)",1,97.0307017543859,35070
"(0.9166666666666666, 0.9736842105263158)",1,97.0307017543859,35071
"(0.5949324324324324, 0.9736486486486486)",1,97.0300675675675,35072
"(0.2208333333333333, 1.0)",3,97.02992424242424,35075
"(0.5206081081081081, 0.979054054054054)",2,97.02939189189192,35077
"(0.7712837837837838, 0.9739864864864864)",1,97.02939189189183,35078
"(0.9107142857142856, 0.9714285714285714)",1,97.02857142857144,35079
"(0.9107142857142856, 0.9714285714285714)",1,97.02857142857142,35080
"(0.9714285714285714, 0.9714285714285714)",1,97.02857142857142,35081
"(0.925, 0.975)",1,97.02857142857133,35082
"(0.9607142857142856, 0.975)",3,97.0285714285713,35085
"(0.6388888888888888, 0.9861111111111112)",1,97.02777777777796,35086
"(0.8333333333333334, 0.9861111111111112)",1,97.02777777777796,35087
"(0.8611111111111112, 0.9722222222222222)",1,97.02777777777796,35088
"(0.7222222222222222, 0.9722222222222222)",1,97.02777777777796,35089
"(0.9305555555555556, 0.9722222222222222)",2,97.02777777777796,35091
"(0.9166666666666666, 0.9861111111111112)",1,97.02777777777796,35092
"(0.8888888888888888, 0.9861111111111112)",1,97.02777777777796,35093
"(0.9722222222222222, 0.9861111111111112)",1,97.02777777777796,35094
"(0.8055555555555556, 0.9861111111111112)",1,97.02777777777796,35095
"(0.9861111111111112, 0.9722222222222222)",1,97.02777777777796,35096
"(0.7083333333333334, 0.9861111111111112)",2,97.02777777777796,35098
"(0.8472222222222222, 0.9722222222222222)",1,97.02777777777796,35099
"(0.8888888888888888, 0.9722222222222222)",4,97.02777777777796,35103
"(0.8472222222222222, 0.9861111111111112)",2,97.02777777777796,35105
"(0.8194444444444444, 0.9861111111111112)",2,97.02777777777796,35107
"(0.9027777777777778, 0.9861111111111112)",2,97.02777777777796,35109
"(0.9027777777777778, 0.9722222222222222)",1,97.02777777777796,35110
"(0.7222222222222222, 0.9722222222222222)",1,97.02777777777794,35111
"(0.8611111111111112, 0.9722222222222222)",4,97.02777777777794,35115
"(0.625, 0.9722222222222222)",1,97.02777777777794,35116
"(0.9444444444444444, 0.9722222222222222)",5,97.02777777777794,35121
"(0.8333333333333334, 0.9722222222222222)",6,97.02777777777794,35127
"(0.7638888888888888, 0.9722222222222222)",2,97.02777777777794,35129
"(0.9166666666666666, 0.9722222222222222)",4,97.02777777777794,35133
"(0.8472222222222222, 0.9722222222222222)",3,97.02777777777794,35136
"(0.8888888888888888, 0.9722222222222222)",3,97.02777777777794,35139
"(0.8194444444444444, 0.9722222222222222)",1,97.02777777777794,35140
"(0.9027777777777778, 0.9722222222222222)",1,97.02777777777794,35141
"(0.875, 0.9722222222222222)",2,97.02777777777794,35143
"(0.9305555555555556, 0.9722222222222222)",1,97.02777777777794,35144
"(0.5972222222222222, 1.0)",1,97.02777777777776,35145
"(0.8194444444444444, 1.0)",1,97.02777777777776,35146
"(0.8888888888888888, 1.0)",1,97.02777777777776,35147
"(0.7083333333333334, 1.0)",1,97.02777777777776,35148
"(0.7916666666666666, 1.0)",1,97.02777777777776,35149
"(0.9166666666666666, 1.0)",2,97.02777777777776,35151
"(0.5503378378378379, 0.9756756756756756)",1,97.0277027027026,35152
"(0.51875, 0.9925)",2,97.0275000000001,35154
"(0.49375, 0.99375)",1,97.0275000000001,35155
"(0.605, 0.9925)",1,97.02750000000007,35156
"(0.75, 0.9787162162162162)",1,97.0266891891892,35157
"(0.5273648648648649, 0.977027027027027)",1,97.0266891891892,35158
"(0.8245614035087719, 0.9692982456140352)",3,97.02631578947386,35161
"(0.6929824561403509, 0.9912280701754386)",1,97.02631578947368,35162
"(0.8903508771929824, 0.9736842105263158)",1,97.02631578947364,35163
"(0.7719298245614035, 0.9912280701754386)",1,97.02631578947364,35164
"(0.8464912280701754, 0.9736842105263158)",4,97.02631578947364,35168
"(0.7807017543859649, 0.9736842105263158)",3,97.02631578947364,35171
"(0.50125, 0.9925)",1,97.02624999999996,35172
"(0.5074324324324324, 0.983445945945946)",1,97.02601351351352,35173
"(0.3920454545454545, 0.999621212121212)",1,97.02575757575758,35174
"(0.5503378378378379, 0.9780405405405406)",1,97.0256756756757,35175
"(0.6923076923076923, 0.9871794871794872)",1,97.02564102564116,35176
"(0.9958333333333332, 0.9958333333333332)",1,97.02500000000008,35177
"(0.9535714285714286, 0.9714285714285714)",1,97.02500000000002,35178
"(0.9392857142857144, 0.9714285714285714)",1,97.02500000000002,35179
"(0.9714285714285714, 0.9678571428571427)",1,97.02499999999992,35180
"(0.9392857142857144, 0.9678571428571427)",1,97.0249999999999,35181
"(0.8625, 0.975)",2,97.02499999999988,35183
"(0.8875, 0.975)",2,97.02499999999988,35185
"(0.925, 0.975)",3,97.02499999999988,35188
"(0.8125, 0.975)",4,97.02499999999988,35192
"(0.95, 0.975)",1,97.02499999999988,35193
"(0.85, 0.975)",2,97.02499999999988,35195
"(0.9, 0.975)",1,97.02499999999988,35196
"(0.9125, 0.975)",3,97.02499999999988,35199
"(0.9, 0.975)",2,97.02499999999986,35201
"(0.8875, 0.975)",3,97.02499999999986,35204
"(0.925, 0.975)",2,97.02499999999986,35206
"(0.875, 0.975)",1,97.02499999999986,35207
"(0.9392857142857144, 0.975)",1,97.02499999999986,35208
"(0.8625, 0.975)",1,97.02499999999986,35209
"(0.95, 0.975)",1,97.02499999999986,35210
"(0.8791666666666667, 0.975)",1,97.0249999999998,35211
"(0.9208333333333332, 0.9916666666666668)",1,97.02499999999974,35212
"(0.8263513513513514, 0.9777027027027028)",2,97.02466216216207,35214
"(0.49875, 0.9875)",1,97.02374999999992,35215
"(0.7084459459459459, 0.9773648648648648)",1,97.02364864864856,35216
"(0.5108108108108108, 0.9753378378378378)",1,97.02331081081084,35217
"(0.8953488372093024, 0.9883720930232558)",1,97.02325581395364,35218
"(0.872093023255814, 0.9767441860465116)",1,97.0232558139536,35219
"(0.8837209302325582, 0.9767441860465116)",1,97.0232558139536,35220
"(0.8372093023255814, 0.9767441860465116)",1,97.0232558139536,35221
"(0.8604651162790697, 0.9767441860465116)",3,97.0232558139536,35224
"(0.8255813953488372, 0.9767441860465116)",1,97.0232558139536,35225
"(0.8953488372093024, 0.9767441860465116)",1,97.02325581395358,35226
"(0.813953488372093, 0.9767441860465116)",1,97.02325581395358,35227
"(0.8372093023255814, 0.9767441860465116)",3,97.02325581395358,35230
"(0.5930232558139535, 0.9767441860465116)",1,97.02325581395358,35231
"(0.7093023255813954, 0.9767441860465116)",2,97.02325581395358,35233
"(0.8604651162790697, 0.9767441860465116)",3,97.02325581395358,35236
"(0.8023255813953488, 0.9767441860465116)",1,97.02325581395358,35237
"(0.7674418604651163, 0.9767441860465116)",2,97.02325581395358,35239
"(0.5465116279069767, 0.9767441860465116)",1,97.02325581395358,35240
"(0.7790697674418605, 0.9767441860465116)",3,97.02325581395358,35243
"(0.8837209302325582, 0.9767441860465116)",1,97.02325581395358,35244
"(0.872093023255814, 1.0)",1,97.02325581395348,35245
"(0.8488372093023255, 1.0)",1,97.02325581395348,35246
"(0.8402027027027027, 0.9787162162162162)",1,97.02229729729726,35247
"(0.8608108108108108, 0.9763513513513512)",1,97.02195945945938,35248
"(0.9166666666666666, 0.9736842105263158)",1,97.02192982456135,35249
"(0.9035087719298246, 0.9912280701754386)",1,97.02192982456135,35250
"(0.9078947368421052, 0.9736842105263158)",1,97.02192982456134,35251
"(0.9357142857142856, 0.9714285714285714)",1,97.02142857142856,35252
"(0.9642857142857144, 0.9678571428571427)",1,97.0214285714285,35253
"(0.5391891891891892, 0.9760135135135136)",1,97.02128378378376,35254
"(0.525, 0.999621212121212)",1,97.02121212121216,35255
"(0.9166666666666666, 0.9791666666666666)",1,97.02083333333348,35256
"(0.9125, 0.9791666666666666)",1,97.02083333333348,35257
"(0.8875, 0.9791666666666666)",1,97.02083333333344,35258
"(0.5761363636363637, 1.0)",1,97.02083333333331,35259
"(1.0, 1.0)",1,97.0208333333333,35260
"(0.8780405405405406, 0.979054054054054)",1,97.0202702702703,35261
"(0.5540540540540541, 0.983108108108108)",1,97.02027027027027,35262
"(0.8135135135135135, 0.9743243243243244)",1,97.02027027027025,35263
"(0.4568181818181818, 0.9992424242424244)",1,97.02007575757582,35264
"(0.51, 0.99375)",1,97.0200000000002,35265
"(0.8587837837837838, 0.979054054054054)",1,97.0199324324325,35266
"(0.9162162162162162, 0.9733108108108108)",1,97.01993243243246,35267
"(0.4553030303030303, 0.9988636363636364)",1,97.01931818181826,35268
"(0.50875, 0.99875)",1,97.01875000000008,35269
"(0.4925, 0.99875)",1,97.01875000000004,35270
"(0.49875, 0.99125)",1,97.01875,35271
"(0.4651515151515151, 0.9992424242424244)",1,97.01856060606066,35272
"(0.343560606060606, 0.999621212121212)",3,97.01818181818182,35275
"(0.5800675675675676, 0.9743243243243244)",1,97.0179054054054,35276
"(0.9571428571428572, 0.9714285714285714)",1,97.01785714285715,35277
"(0.95, 0.9714285714285714)",2,97.01785714285715,35279
"(0.9285714285714286, 0.975)",1,97.01785714285704,35280
"(0.8964285714285715, 0.9678571428571427)",1,97.01785714285704,35281
"(0.8535714285714285, 0.975)",1,97.017857142857,35282
"(0.9285714285714286, 0.975)",3,97.01785714285698,35285
"(0.95, 0.975)",1,97.01785714285695,35286
"(0.7105263157894737, 0.9912280701754386)",1,97.0175438596491,35287
"(0.8464912280701754, 0.9736842105263158)",1,97.01754385964908,35288
"(0.912280701754386, 0.9736842105263158)",1,97.01754385964908,35289
"(0.7894736842105263, 0.9736842105263158)",3,97.01754385964908,35292
"(0.5141891891891892, 0.9766891891891892)",1,97.01722972972962,35293
"(0.9, 0.9666666666666668)",1,97.01666666666682,35294
"(0.9875, 0.9958333333333332)",1,97.01666666666678,35295
"(0.9333333333333332, 0.9833333333333332)",1,97.01666666666674,35296
"(0.9166666666666666, 0.9833333333333332)",2,97.01666666666674,35298
"(0.9791666666666666, 0.9958333333333332)",1,97.01666666666672,35299
"(0.9125, 0.9958333333333332)",1,97.01666666666672,35300
"(0.8333333333333334, 1.0)",1,97.01666666666668,35301
"(0.7333333333333333, 1.0)",1,97.01666666666668,35302
"(0.925, 0.9875)",1,97.01666666666654,35303
"(0.925, 0.975)",1,97.0166666666664,35304
"(0.6675, 0.99)",1,97.01624999999996,35305
"(0.4975, 0.99)",1,97.0162499999999,35306
"(0.768918918918919, 0.9777027027027028)",2,97.01621621621614,35308
"(0.4784090909090909, 0.9992424242424244)",1,97.01590909090912,35309
"(0.518581081081081, 0.9783783783783784)",1,97.01587837837836,35310
"(0.209090909090909, 0.999621212121212)",1,97.01553030303032,35311
"(0.5679054054054054, 0.9753378378378378)",1,97.0152027027027,35312
"(0.5175, 0.99625)",1,97.0150000000002,35313
"(0.4382575757575757, 0.999621212121212)",1,97.01439393939395,35314
"(0.9357142857142856, 0.9714285714285714)",1,97.01428571428572,35315
"(0.8964285714285715, 0.9714285714285714)",1,97.01428571428572,35316
"(0.925, 0.9714285714285714)",3,97.01428571428568,35319
"(0.9714285714285714, 0.9714285714285714)",1,97.01428571428568,35320
"(0.9714285714285714, 0.9678571428571427)",1,97.01428571428563,35321
"(0.8888888888888888, 0.9861111111111112)",1,97.01388888888908,35322
"(0.8194444444444444, 0.9861111111111112)",2,97.01388888888908,35324
"(0.6388888888888888, 0.9861111111111112)",1,97.01388888888908,35325
"(0.8333333333333334, 0.9861111111111112)",1,97.01388888888908,35326
"(0.9027777777777778, 0.9861111111111112)",2,97.01388888888908,35328
"(0.625, 0.9722222222222222)",2,97.01388888888908,35330
"(0.8055555555555556, 0.9861111111111112)",1,97.01388888888908,35331
"(0.875, 0.9861111111111112)",1,97.01388888888908,35332
"(0.8194444444444444, 0.9722222222222222)",3,97.01388888888906,35335
"(0.8888888888888888, 0.9722222222222222)",2,97.01388888888906,35337
"(0.7222222222222222, 0.9722222222222222)",1,97.01388888888906,35338
"(0.7638888888888888, 0.9722222222222222)",3,97.01388888888906,35341
"(0.875, 0.9722222222222222)",3,97.01388888888906,35344
"(0.9027777777777778, 0.9722222222222222)",4,97.01388888888906,35348
"(0.8472222222222222, 0.9722222222222222)",7,97.01388888888906,35355
"(0.9166666666666666, 0.9722222222222222)",1,97.01388888888906,35356
"(0.6944444444444444, 0.9722222222222222)",1,97.01388888888906,35357
"(0.7916666666666666, 0.9722222222222222)",1,97.01388888888906,35358
"(0.9583333333333334, 0.9722222222222222)",1,97.01388888888906,35359
"(0.9444444444444444, 0.9722222222222222)",1,97.01388888888906,35360
"(0.9861111111111112, 0.9722222222222222)",1,97.01388888888906,35361
"(0.8611111111111112, 0.9722222222222222)",7,97.01388888888906,35368
"(0.9305555555555556, 0.9722222222222222)",3,97.01388888888906,35371
"(0.8333333333333334, 0.9722222222222222)",1,97.01388888888906,35372
"(0.8194444444444444, 1.0)",1,97.01388888888889,35373
"(0.7105263157894737, 0.9736842105263158)",3,97.0131578947368,35376
"(0.8903508771929824, 0.9736842105263158)",1,97.01315789473678,35377
"(0.9078947368421052, 0.9736842105263158)",3,97.01315789473678,35380
"(0.3974358974358974, 0.9871794871794872)",1,97.01282051282064,35381
"(0.7051282051282052, 0.9871794871794872)",3,97.01282051282064,35384
"(0.4825, 0.99625)",3,97.0125000000002,35387
"(0.5075, 0.985)",1,97.01250000000006,35388
"(0.9791666666666666, 0.9958333333333332)",1,97.01250000000005,35389
"(0.5709459459459459, 0.9753378378378378)",1,97.01249999999992,35390
"(0.8875, 0.975)",2,97.01249999999987,35392
"(0.775, 0.975)",2,97.01249999999987,35394
"(0.9125, 0.975)",4,97.01249999999987,35398
"(0.85, 0.975)",1,97.01249999999987,35399
"(0.9, 0.975)",6,97.01249999999987,35405
"(0.8625, 0.975)",1,97.01249999999987,35406
"(0.925, 0.975)",1,97.01249999999987,35407
"(0.8375, 0.975)",1,97.01249999999987,35408
"(0.8125, 0.975)",1,97.01249999999987,35409
"(0.95, 0.975)",1,97.01249999999987,35410
"(0.8875, 0.975)",1,97.01249999999986,35411
"(0.8125, 0.975)",1,97.01249999999986,35412
"(0.85, 0.975)",1,97.01249999999986,35413
"(0.9, 0.975)",1,97.01249999999986,35414
"(0.8604651162790697, 0.9767441860465116)",1,97.01162790697686,35415
"(0.8372093023255814, 0.9767441860465116)",1,97.01162790697686,35416
"(0.813953488372093, 0.9767441860465116)",1,97.01162790697686,35417
"(0.8837209302325582, 0.9767441860465116)",1,97.01162790697686,35418
"(0.8023255813953488, 0.9767441860465116)",3,97.01162790697684,35421
"(0.7790697674418605, 0.9767441860465116)",3,97.01162790697684,35424
"(0.7906976744186046, 0.9767441860465116)",1,97.01162790697684,35425
"(0.6511627906976745, 0.9767441860465116)",1,97.01162790697684,35426
"(0.5697674418604651, 0.9767441860465116)",2,97.01162790697684,35428
"(0.5581395348837209, 0.9767441860465116)",1,97.01162790697684,35429
"(0.8372093023255814, 0.9767441860465116)",1,97.01162790697684,35430
"(0.7674418604651163, 0.9767441860465116)",1,97.01162790697684,35431
"(0.8837209302325582, 0.9767441860465116)",1,97.01162790697684,35432
"(0.8587837837837838, 0.9777027027027028)",1,97.01148648648643,35433
"(0.9107142857142856, 0.9714285714285714)",1,97.01071428571431,35434
"(0.9535714285714286, 0.9714285714285714)",1,97.01071428571431,35435
"(0.9428571428571428, 0.9714285714285714)",1,97.0107142857143,35436
"(0.9642857142857144, 0.9714285714285714)",1,97.01071428571429,35437
"(0.8535714285714285, 0.9714285714285714)",1,97.01071428571429,35438
"(0.8357142857142857, 0.975)",3,97.01071428571416,35441
"(0.4003787878787879, 0.9992424242424244)",1,97.01060606060612,35442
"(0.3159090909090909, 0.9988636363636364)",1,97.01022727272732,35443
"(0.5736486486486486, 0.9824324324324324)",1,97.01013513513507,35444
"(0.49125, 0.99125)",3,97.00999999999982,35447
"(0.8324324324324325, 0.977027027027027)",2,97.00912162162165,35449
"(0.9078947368421052, 0.9736842105263158)",1,97.0087719298245,35450
"(0.495, 0.9925)",2,97.00875000000016,35452
"(0.49125, 0.9875)",1,97.00874999999992,35453
"(0.50625, 0.98875)",1,97.00874999999984,35454
"(0.51875, 0.99125)",1,97.00874999999982,35455
"(0.9833333333333332, 0.9958333333333332)",1,97.0083333333334,35456
"(0.975, 0.9958333333333332)",1,97.0083333333334,35457
"(0.9875, 0.9958333333333332)",1,97.00833333333338,35458
"(0.9708333333333332, 0.9958333333333332)",2,97.00833333333335,35460
"(0.9458333333333332, 0.975)",1,97.00833333333316,35461
"(0.9607142857142856, 0.9714285714285714)",1,97.00714285714284,35462
"(0.8535714285714285, 0.975)",1,97.00714285714274,35463
"(0.9714285714285714, 0.975)",1,97.0071428571427,35464
"(0.5709459459459459, 0.977027027027027)",1,97.0067567567568,35465
"(0.6006756756756757, 0.9743243243243244)",1,97.00675675675672,35466
"(0.5125, 0.99125)",1,97.00624999999992,35467
"(0.2803030303030303, 0.999621212121212)",1,97.0060606060606,35468
"(0.50625, 0.9975)",1,97.00500000000012,35469
"(0.49625, 0.99625)",1,97.00500000000004,35470
"(0.7425675675675676, 0.9756756756756756)",1,97.00472972972976,35471
"(0.8903508771929824, 0.9692982456140352)",1,97.00438596491246,35472
"(0.7675438596491229, 0.9912280701754386)",1,97.00438596491226,35473
"(0.706140350877193, 0.9912280701754386)",1,97.00438596491226,35474
"(0.8640350877192983, 0.9736842105263158)",1,97.00438596491225,35475
"(0.9208333333333332, 0.9791666666666666)",1,97.0041666666668,35476
"(0.95, 0.9833333333333332)",1,97.00416666666666,35477
"(0.8958333333333334, 0.975)",1,97.0041666666665,35478
"(0.9166666666666666, 0.975)",1,97.00416666666648,35479
"(0.8125, 0.975)",1,97.00416666666646,35480
"(0.5472972972972973, 0.9746621621621622)",1,97.00405405405394,35481
"(0.9642857142857144, 0.9714285714285714)",3,97.00357142857143,35484
"(0.9142857142857144, 0.9678571428571427)",3,97.0035714285714,35487
"(0.9607142857142856, 0.9785714285714284)",1,97.00357142857138,35488
"(0.95, 0.975)",1,97.0035714285713,35489
"(0.8964285714285715, 0.975)",3,97.00357142857126,35492
"(0.4087121212121212, 0.9992424242424244)",1,97.0034090909091,35493
"(0.8810810810810811, 0.9763513513513512)",1,97.0030405405405,35494
"(0.4053030303030303, 0.9992424242424244)",1,97.00265151515153,35495
"(0.6, 0.98875)",1,97.0025,35496
"(0.505, 0.99)",1,97.0024999999999,35497
"(0.9354729729729728, 0.9736486486486486)",2,97.00236486486487,35499
"(0.4049242424242424, 0.9988636363636364)",1,97.00227272727275,35500
"(0.3875, 1.0)",3,97.00227272727274,35503
"(0.7912162162162162, 0.9780405405405406)",2,97.002027027027,35505
"(0.577027027027027, 0.9837837837837838)",1,97.00202702702698,35506
"(0.4268939393939394, 0.9988636363636364)",1,97.0015151515152,35507
"(0.5992424242424242, 1.0)",1,97.00151515151516,35508
"(0.4276515151515151, 0.9897727272727272)",1,97.00151515151516,35509
"(0.50625, 0.9975)",1,97.00125000000014,35510
"(0.5408783783783784, 0.9756756756756756)",1,97.00067567567572,35511
"(0.3731060606060606, 0.999621212121212)",1,97.00037878787876,35512
"(0.875, 0.9861111111111112)",2,97.0000000000002,35514
"(0.9027777777777778, 0.9861111111111112)",2,97.0000000000002,35516
"(0.8194444444444444, 0.9861111111111112)",2,97.0000000000002,35518
"(0.7916666666666666, 0.9861111111111112)",3,97.0000000000002,35521
"(0.6944444444444444, 0.9861111111111112)",1,97.0000000000002,35522
"(0.8333333333333334, 0.9722222222222222)",6,97.00000000000016,35528
"(0.8472222222222222, 0.9722222222222222)",9,97.00000000000016,35537
"(0.9444444444444444, 0.9722222222222222)",1,97.00000000000016,35538
"(0.8194444444444444, 0.9722222222222222)",7,97.00000000000016,35545
"(0.6944444444444444, 0.9722222222222222)",1,97.00000000000016,35546
"(0.9861111111111112, 0.9722222222222222)",1,97.00000000000016,35547
"(0.8611111111111112, 0.9722222222222222)",7,97.00000000000016,35554
"(0.8837209302325582, 0.9883720930232558)",1,97.00000000000016,35555
"(0.875, 0.9722222222222222)",8,97.00000000000016,35563
"(0.75, 0.9722222222222222)",2,97.00000000000016,35565
"(0.9166666666666666, 0.9722222222222222)",6,97.00000000000016,35571
"(0.7916666666666666, 0.9722222222222222)",1,97.00000000000016,35572
"(0.9027777777777778, 0.9722222222222222)",1,97.00000000000016,35573
"(0.5930232558139535, 0.9883720930232558)",1,97.00000000000016,35574
"(0.9722222222222222, 0.9722222222222222)",1,97.00000000000016,35575
"(0.9305555555555556, 0.9722222222222222)",4,97.00000000000016,35579
"(0.8888888888888888, 0.9722222222222222)",8,97.00000000000016,35587
"(0.9333333333333332, 0.9666666666666668)",1,97.00000000000016,35588
"(0.9166666666666666, 0.9666666666666668)",1,97.00000000000014,35589
"(0.8205128205128205, 0.9871794871794872)",2,97.00000000000014,35591
"(0.7564102564102564, 0.9871794871794872)",1,97.00000000000011,35592
"(0.9302325581395348, 0.9767441860465116)",1,97.00000000000011,35593
"(0.7674418604651163, 0.9767441860465116)",1,97.00000000000011,35594
"(0.7435897435897436, 0.9871794871794872)",1,97.00000000000011,35595
"(0.8837209302325582, 0.9767441860465116)",1,97.00000000000011,35596
"(0.8372093023255814, 0.9767441860465116)",3,97.00000000000011,35599
"(0.7692307692307693, 0.9871794871794872)",1,97.00000000000011,35600
"(0.7906976744186046, 0.9767441860465116)",1,97.00000000000011,35601
"(0.872093023255814, 0.9767441860465116)",2,97.00000000000011,35603
"(0.7325581395348837, 0.9767441860465116)",2,97.0000000000001,35605
"(0.8953488372093024, 0.9767441860465116)",1,97.0000000000001,35606
"(0.6744186046511628, 0.9767441860465116)",2,97.0000000000001,35608
"(0.7674418604651163, 0.9767441860465116)",1,97.0000000000001,35609
"(0.8372093023255814, 0.9767441860465116)",2,97.0000000000001,35611
"(0.9302325581395348, 0.9767441860465116)",1,97.0000000000001,35612
"(0.8023255813953488, 0.9767441860465116)",1,97.0000000000001,35613
"(0.5697674418604651, 0.9767441860465116)",2,97.0000000000001,35615
"(0.7790697674418605, 0.9767441860465116)",4,97.0000000000001,35619
"(0.813953488372093, 0.9767441860465116)",1,97.0000000000001,35620
"(0.9418604651162792, 0.9767441860465116)",2,97.0000000000001,35622
"(0.7906976744186046, 0.9767441860465116)",1,97.0000000000001,35623
"(0.7790697674418605, 0.9767441860465116)",2,97.00000000000009,35625
"(0.8604651162790697, 0.9767441860465116)",1,97.00000000000009,35626
"(0.9708333333333332, 0.9958333333333332)",1,97.00000000000009,35627
"(0.9333333333333332, 0.9833333333333332)",1,97.00000000000009,35628
"(0.7093023255813954, 0.9767441860465116)",1,97.00000000000009,35629
"(0.9166666666666666, 0.9833333333333332)",1,97.00000000000009,35630
"(0.8372093023255814, 0.9767441860465116)",2,97.00000000000009,35632
"(0.3731060606060606, 1.0)",1,97.00000000000006,35633
"(0.9916666666666668, 0.9958333333333332)",1,97.00000000000006,35634
"(0.9464285714285714, 0.9714285714285714)",2,97.00000000000004,35636
"(0.9583333333333334, 0.9958333333333332)",1,97.00000000000004,35637
"(0.925, 0.9714285714285714)",1,97.00000000000004,35638
"(0.8055555555555556, 1.0)",1,97.0,35639
"(1.0, 1.0)",1,97.0,35640
"(0.9107142857142856, 0.9714285714285714)",3,97.0,35643
"(0.9071428571428573, 0.9714285714285714)",3,97.0,35646
"(0.5769230769230769, 1.0)",2,97.0,35648
"(0.8717948717948718, 1.0)",1,97.0,35649
"(0.4102564102564102, 1.0)",1,97.0,35650
"(0.7166666666666667, 1.0)",1,97.0,35651
"(0.85, 1.0)",1,97.0,35652
"(0.9285714285714286, 0.9785714285714284)",1,96.99999999999996,35653
"(0.9714285714285714, 0.9785714285714284)",1,96.99999999999991,35654
"(0.8875, 0.975)",1,96.99999999999989,35655
"(0.7875, 0.975)",1,96.99999999999989,35656
"(0.875, 0.975)",1,96.99999999999989,35657
"(0.8375, 0.975)",4,96.99999999999989,35661
"(0.775, 0.975)",1,96.99999999999989,35662
"(0.8625, 0.975)",1,96.99999999999989,35663
"(0.9535714285714286, 0.9785714285714284)",3,96.99999999999989,35666
"(0.925, 0.975)",1,96.99999999999989,35667
"(0.9, 0.975)",3,96.99999999999989,35670
"(0.9625, 0.975)",2,96.99999999999989,35672
"(0.8875, 0.975)",1,96.99999999999986,35673
"(0.925, 0.975)",1,96.99999999999986,35674
"(0.925, 0.975)",1,96.99999999999984,35675
"(0.5356060606060606, 0.999621212121212)",1,96.9996212121212,35676
"(0.6954545454545454, 1.0)",3,96.99886363636364,35679
"(0.5325, 0.99)",1,96.99875,35680
"(0.68, 0.99375)",1,96.99875,35681
"(0.5817567567567568, 0.9777027027027028)",1,96.99831081081076,35682
"(0.4462121212121212, 1.0)",1,96.99659090909093,35683
"(0.9392857142857144, 0.9714285714285714)",1,96.9964285714286,35684
"(0.9178571428571428, 0.9714285714285714)",1,96.9964285714286,35685
"(0.9392857142857144, 0.9714285714285714)",1,96.99642857142857,35686
"(0.9607142857142856, 0.9714285714285714)",1,96.99642857142857,35687
"(0.9535714285714286, 0.9678571428571427)",3,96.99642857142854,35690
"(0.9607142857142856, 0.9678571428571427)",1,96.99642857142852,35691
"(0.9107142857142856, 0.975)",1,96.9964285714284,35692
"(0.50875, 0.99625)",1,96.99625000000022,35693
"(0.2579545454545454, 0.9992424242424244)",1,96.99621212121218,35694
"(0.55, 0.9875)",1,96.99500000000003,35695
"(0.8587837837837838, 0.9743243243243244)",1,96.9949324324324,35696
"(0.49125, 0.99625)",1,96.99375000000012,35697
"(0.49375, 0.99875)",1,96.99375000000008,35698
"(0.9642857142857144, 0.9785714285714284)",1,96.99285714285708,35699
"(0.925, 0.975)",1,96.99285714285703,35700
"(0.9178571428571428, 0.975)",2,96.99285714285703,35702
"(0.9607142857142856, 0.975)",1,96.992857142857,35703
"(0.572972972972973, 0.9817567567567568)",1,96.99256756756756,35704
"(0.925, 0.9791666666666666)",1,96.99166666666684,35705
"(0.9, 0.9791666666666666)",1,96.99166666666676,35706
"(0.9833333333333332, 0.9958333333333332)",1,96.99166666666676,35707
"(0.595945945945946, 0.9777027027027028)",1,96.99155405405394,35708
"(0.49375, 0.99625)",1,96.9912500000002,35709
"(0.5025, 0.99)",1,96.99124999999984,35710
"(0.7763157894736842, 0.9912280701754386)",3,96.99122807017542,35713
"(0.5739864864864865, 0.9827702702702704)",1,96.99121621621624,35714
"(0.5025, 0.9975)",1,96.99000000000017,35715
"(0.51625, 0.9975)",3,96.99000000000012,35718
"(0.48875, 0.99875)",2,96.99000000000008,35720
"(0.7327702702702703, 0.9777027027027028)",1,96.98952702702697,35721
"(0.9464285714285714, 0.9714285714285714)",1,96.98928571428576,35722
"(0.9428571428571428, 0.975)",1,96.9892857142856,35723
"(0.925, 0.975)",1,96.98928571428551,35724
"(0.57125, 0.99625)",1,96.98875000000008,35725
"(0.48875, 0.99)",1,96.9887499999999,35726
"(0.3372093023255814, 0.9883720930232558)",1,96.9883720930234,35727
"(0.8604651162790697, 0.9767441860465116)",2,96.98837209302336,35729
"(0.8023255813953488, 0.9767441860465116)",1,96.98837209302336,35730
"(0.7093023255813954, 0.9767441860465116)",1,96.98837209302336,35731
"(0.7558139534883721, 0.9767441860465116)",1,96.98837209302336,35732
"(0.7790697674418605, 0.9767441860465116)",3,96.98837209302336,35735
"(0.872093023255814, 0.9767441860465116)",1,96.98837209302336,35736
"(0.8488372093023255, 0.9767441860465116)",1,96.98837209302336,35737
"(0.7674418604651163, 0.9767441860465116)",1,96.98837209302336,35738
"(0.6744186046511628, 0.9767441860465116)",1,96.98837209302336,35739
"(0.8372093023255814, 0.9767441860465116)",2,96.98837209302336,35741
"(0.7209302325581395, 0.9767441860465116)",1,96.98837209302336,35742
"(0.813953488372093, 0.9767441860465116)",1,96.98837209302336,35743
"(0.5465116279069767, 0.9767441860465116)",2,96.98837209302334,35745
"(0.7674418604651163, 0.9767441860465116)",1,96.98837209302334,35746
"(0.8837209302325582, 0.9767441860465116)",2,96.98837209302334,35748
"(0.7906976744186046, 0.9767441860465116)",1,96.98837209302334,35749
"(0.228030303030303, 1.0)",1,96.9882575757576,35750
"(0.9208333333333332, 0.9958333333333332)",1,96.98750000000008,35751
"(0.7287878787878788, 1.0)",1,96.9875,35752
"(0.9333333333333332, 0.9833333333333332)",1,96.98749999999998,35753
"(0.825, 0.975)",1,96.98749999999988,35754
"(0.95, 0.975)",1,96.98749999999988,35755
"(0.85, 0.975)",2,96.98749999999988,35757
"(0.925, 0.975)",2,96.98749999999988,35759
"(0.8375, 0.975)",2,96.98749999999988,35761
"(0.8375, 0.975)",2,96.98749999999988,35763
"(0.8875, 0.975)",1,96.98749999999988,35764
"(0.85, 0.975)",3,96.98749999999988,35767
"(0.9375, 0.975)",1,96.98749999999988,35768
"(0.9, 0.975)",1,96.98749999999988,35769
"(0.9, 0.975)",3,96.98749999999988,35772
"(0.9, 0.975)",1,96.98749999999986,35773
"(0.6794871794871795, 0.9871794871794872)",1,96.98717948717965,35774
"(0.7051282051282052, 0.9871794871794872)",3,96.98717948717962,35777
"(0.6923076923076923, 0.9871794871794872)",1,96.98717948717962,35778
"(0.4358974358974359, 0.9871794871794872)",1,96.98717948717962,35779
"(0.6410256410256411, 1.0)",1,96.98717948717947,35780
"(0.717948717948718, 1.0)",1,96.98717948717947,35781
"(0.7435897435897436, 1.0)",1,96.98717948717947,35782
"(0.5087837837837837, 0.977027027027027)",1,96.9871621621622,35783
"(0.3321969696969697, 0.9981060606060606)",1,96.98712121212124,35784
"(0.868421052631579, 0.9692982456140352)",3,96.98684210526332,35787
"(0.868421052631579, 0.9736842105263158)",1,96.98684210526312,35788
"(0.912280701754386, 0.9736842105263158)",1,96.9868421052631,35789
"(0.5431818181818182, 0.9992424242424244)",1,96.98636363636363,35790
"(0.50625, 0.99375)",2,96.98625000000006,35792
"(0.8611111111111112, 0.9861111111111112)",2,96.98611111111131,35794
"(0.7916666666666666, 0.9861111111111112)",1,96.98611111111131,35795
"(0.7777777777777778, 0.9861111111111112)",1,96.98611111111131,35796
"(0.9305555555555556, 0.9861111111111112)",1,96.98611111111131,35797
"(0.9027777777777778, 0.9861111111111112)",2,96.9861111111113,35799
"(0.6944444444444444, 0.9861111111111112)",1,96.9861111111113,35800
"(0.6388888888888888, 0.9861111111111112)",2,96.9861111111113,35802
"(0.8055555555555556, 0.9861111111111112)",1,96.9861111111113,35803
"(0.9305555555555556, 0.9722222222222222)",4,96.98611111111128,35807
"(0.8611111111111112, 0.9722222222222222)",7,96.98611111111128,35814
"(0.9027777777777778, 0.9722222222222222)",3,96.98611111111128,35817
"(0.8194444444444444, 0.9722222222222222)",6,96.98611111111128,35823
"(0.75, 0.9722222222222222)",3,96.98611111111128,35826
"(0.9444444444444444, 0.9722222222222222)",3,96.98611111111128,35829
"(0.8472222222222222, 0.9722222222222222)",5,96.98611111111128,35834
"(0.875, 0.9722222222222222)",8,96.98611111111128,35842
"(0.6944444444444444, 0.9722222222222222)",2,96.98611111111128,35844
"(0.8888888888888888, 0.9722222222222222)",5,96.98611111111128,35849
"(0.8333333333333334, 0.9722222222222222)",6,96.98611111111128,35855
"(0.9166666666666666, 0.9722222222222222)",5,96.98611111111128,35860
"(0.7083333333333334, 1.0)",1,96.98611111111111,35861
"(0.9305555555555556, 1.0)",1,96.98611111111111,35862
"(0.4621212121212121, 0.996969696969697)",3,96.9859848484849,35865
"(0.5212837837837838, 0.9783783783783784)",1,96.98581081081086,35866
"(0.9178571428571428, 0.9714285714285714)",1,96.9857142857143,35867
"(0.9642857142857144, 0.9714285714285714)",1,96.98571428571428,35868
"(0.9785714285714284, 0.9714285714285714)",1,96.98571428571428,35869
"(0.9142857142857144, 0.9714285714285714)",1,96.98571428571424,35870
"(0.9285714285714286, 0.975)",3,96.98571428571417,35873
"(0.2329545454545454, 1.0)",3,96.98522727272729,35876
"(0.47125, 0.9975)",3,96.98500000000011,35879
"(0.8672297297297298, 0.979391891891892)",2,96.9841216216216,35881
"(0.5390151515151516, 0.9886363636363636)",3,96.98409090909084,35884
"(0.49625, 0.99)",1,96.98374999999986,35885
"(0.9166666666666666, 0.9666666666666668)",1,96.98333333333348,35886
"(0.85, 0.9666666666666668)",1,96.98333333333348,35887
"(0.8833333333333333, 0.9666666666666668)",1,96.98333333333348,35888
"(0.9666666666666668, 0.9833333333333332)",2,96.9833333333334,35890
"(1.0, 0.9833333333333332)",1,96.9833333333334,35891
"(0.9833333333333332, 0.9833333333333332)",1,96.9833333333334,35892
"(0.509469696969697, 1.0)",1,96.98333333333336,35893
"(0.8833333333333333, 1.0)",1,96.98333333333332,35894
"(0.2893939393939393, 0.9950757575757576)",1,96.98333333333328,35895
"(0.9833333333333332, 1.0)",1,96.98333333333326,35896
"(0.9429824561403508, 0.9912280701754386)",1,96.98245614035082,35897
"(0.7894736842105263, 0.9736842105263158)",3,96.98245614035082,35900
"(0.4901515151515151, 1.0)",1,96.98219696969696,35901
"(0.9535714285714286, 0.9678571428571427)",1,96.98214285714282,35902
"(0.9285714285714286, 0.975)",1,96.98214285714272,35903
"(0.9214285714285714, 0.975)",1,96.98214285714272,35904
"(0.9607142857142856, 0.975)",3,96.9821428571427,35907
"(0.8135135135135135, 0.9722972972972972)",1,96.98175675675674,35908
"(0.552027027027027, 0.977027027027027)",1,96.98141891891882,35909
"(0.535, 0.98375)",1,96.98124999999996,35910
"(0.5800675675675676, 0.975)",1,96.98108108108104,35911
"(0.5743243243243243, 0.9756756756756756)",1,96.9807432432432,35912
"(0.8662162162162163, 0.9739864864864864)",1,96.98040540540536,35913
"(0.6675, 0.98625)",1,96.97999999999996,35914
"(0.3875, 0.999621212121212)",1,96.97954545454547,35915
"(0.8958333333333334, 0.9791666666666666)",1,96.97916666666684,35916
"(0.9958333333333332, 0.9958333333333332)",1,96.97916666666671,35917
"(0.9791666666666666, 0.9958333333333332)",1,96.9791666666667,35918
"(0.9875, 1.0)",2,96.97916666666669,35920
"(0.5736486486486486, 0.9837837837837838)",1,96.979054054054,35921
"(0.456060606060606, 0.9973484848484848)",1,96.97878787878795,35922
"(0.49375, 0.99625)",2,96.97875000000008,35924
"(0.49375, 0.99875)",1,96.97875000000006,35925
"(0.5402027027027027, 0.981418918918919)",1,96.9787162162162,35926
"(0.8535714285714285, 0.9714285714285714)",1,96.97857142857144,35927
"(0.8571428571428571, 0.975)",1,96.97857142857129,35928
"(0.7149122807017544, 0.9692982456140352)",1,96.97807017543876,35929
"(0.7894736842105263, 0.9692982456140352)",1,96.97807017543876,35930
"(0.7655405405405405, 0.9777027027027028)",1,96.97804054054048,35931
"(0.8043918918918919, 0.977027027027027)",1,96.97804054054043,35932
"(0.8023648648648649, 0.977027027027027)",1,96.97770270270264,35933
"(0.49625, 0.99875)",1,96.97750000000016,35934
"(0.495, 0.9875)",1,96.97749999999996,35935
"(0.3875, 0.9867424242424242)",1,96.97689393939388,35936
"(0.6395348837209303, 0.9767441860465116)",1,96.97674418604662,35937
"(0.627906976744186, 0.9767441860465116)",1,96.97674418604662,35938
"(0.8837209302325582, 0.9767441860465116)",3,96.97674418604662,35941
"(0.8604651162790697, 0.9767441860465116)",1,96.97674418604662,35942
"(0.5581395348837209, 0.9767441860465116)",2,96.97674418604662,35944
"(0.5930232558139535, 0.9767441860465116)",1,96.97674418604662,35945
"(0.8023255813953488, 0.9767441860465116)",1,96.9767441860466,35946
"(0.5930232558139535, 0.9767441860465116)",2,96.9767441860466,35948
"(0.5697674418604651, 0.9767441860465116)",1,96.9767441860466,35949
"(0.7790697674418605, 0.9767441860465116)",1,96.9767441860466,35950
"(0.8604651162790697, 0.9767441860465116)",1,96.9767441860466,35951
"(0.7674418604651163, 0.9767441860465116)",1,96.9767441860466,35952
"(0.5465116279069767, 0.9767441860465116)",1,96.9767441860466,35953
"(0.4825757575757576, 0.9920454545454546)",1,96.97651515151507,35954
"(0.49375, 0.99875)",1,96.97625000000006,35955
"(0.4925, 0.98875)",1,96.97625000000004,35956
"(0.8023648648648649, 0.9716216216216216)",1,96.9753378378378,35957
"(0.5025, 0.995)",1,96.9750000000001,35958
"(0.9833333333333332, 0.9958333333333332)",1,96.97500000000008,35959
"(0.9571428571428572, 0.9714285714285714)",1,96.97500000000002,35960
"(0.6675, 0.995)",1,96.975,35961
"(0.7518939393939394, 0.9992424242424244)",1,96.975,35962
"(0.9642857142857144, 0.9714285714285714)",1,96.975,35963
"(0.9428571428571428, 0.9714285714285714)",1,96.975,35964
"(0.8357142857142857, 0.9678571428571427)",1,96.97499999999997,35965
"(0.9535714285714286, 0.9678571428571427)",1,96.97499999999992,35966
"(0.925, 0.975)",4,96.97499999999988,35970
"(0.825, 0.975)",2,96.97499999999988,35972
"(0.8125, 0.975)",1,96.97499999999988,35973
"(0.8375, 0.975)",1,96.97499999999988,35974
"(0.85, 0.975)",1,96.97499999999988,35975
"(0.875, 0.975)",3,96.97499999999988,35978
"(0.9285714285714286, 0.975)",1,96.97499999999988,35979
"(0.8625, 0.975)",1,96.97499999999988,35980
"(0.8125, 0.975)",1,96.97499999999988,35981
"(0.8875, 0.975)",2,96.97499999999988,35983
"(0.8375, 0.975)",2,96.97499999999988,35985
"(0.9125, 0.975)",1,96.97499999999988,35986
"(0.75, 0.975)",2,96.97499999999988,35988
"(0.6625, 0.975)",1,96.97499999999988,35989
"(0.775, 0.975)",1,96.97499999999988,35990
"(0.9, 0.975)",5,96.97499999999988,35995
"(0.95, 0.975)",2,96.97499999999988,35997
"(0.825, 0.975)",3,96.97499999999988,36000
"(0.552027027027027, 0.9780405405405406)",1,96.97466216216218,36001
"(0.7307692307692307, 0.9871794871794872)",1,96.9743589743591,36002
"(0.7435897435897436, 0.9871794871794872)",1,96.9743589743591,36003
"(0.5769230769230769, 0.9871794871794872)",3,96.9743589743591,36006
"(0.6666666666666666, 0.9871794871794872)",4,96.9743589743591,36010
"(0.8076923076923077, 0.9871794871794872)",2,96.9743589743591,36012
"(0.4871794871794871, 0.9871794871794872)",1,96.9743589743591,36013
"(0.57625, 0.9875)",1,96.97374999999997,36014
"(0.7675438596491229, 0.9912280701754386)",1,96.97368421052629,36015
"(0.8070175438596491, 0.9736842105263158)",1,96.97368421052626,36016
"(0.8903508771929824, 0.9736842105263158)",1,96.97368421052626,36017
"(0.6842105263157895, 0.9736842105263158)",3,96.97368421052626,36020
"(0.2488636363636363, 0.9984848484848484)",1,96.97348484848492,36021
"(0.6304054054054054, 0.9746621621621622)",1,96.972635135135,36022
"(0.50375, 0.99125)",1,96.97250000000012,36023
"(0.7638513513513514, 0.9797297297297296)",2,96.97229729729727,36025
"(0.7222222222222222, 0.9722222222222222)",5,96.9722222222224,36030
"(0.75, 0.9722222222222222)",2,96.9722222222224,36032
"(0.7777777777777778, 0.9861111111111112)",1,96.9722222222224,36033
"(0.9444444444444444, 0.9722222222222222)",2,96.9722222222224,36035
"(0.8611111111111112, 0.9722222222222222)",4,96.9722222222224,36039
"(0.5, 0.9861111111111112)",1,96.9722222222224,36040
"(0.6944444444444444, 0.9861111111111112)",1,96.9722222222224,36041
"(0.8194444444444444, 0.9722222222222222)",3,96.9722222222224,36044
"(0.875, 0.9861111111111112)",1,96.9722222222224,36045
"(0.8333333333333334, 0.9722222222222222)",6,96.9722222222224,36051
"(0.8055555555555556, 0.9722222222222222)",1,96.9722222222224,36052
"(0.8194444444444444, 0.9861111111111112)",2,96.9722222222224,36054
"(0.7916666666666666, 0.9861111111111112)",1,96.9722222222224,36055
"(0.8472222222222222, 0.9722222222222222)",8,96.9722222222224,36063
"(0.7777777777777778, 0.9722222222222222)",1,96.9722222222224,36064
"(0.7638888888888888, 0.9861111111111112)",1,96.9722222222224,36065
"(0.9027777777777778, 0.9722222222222222)",3,96.9722222222224,36068
"(0.9166666666666666, 0.9722222222222222)",2,96.9722222222224,36070
"(0.9027777777777778, 0.9861111111111112)",1,96.9722222222224,36071
"(0.8888888888888888, 0.9861111111111112)",5,96.9722222222224,36076
"(0.875, 0.9722222222222222)",6,96.9722222222224,36082
"(0.5972222222222222, 0.9861111111111112)",1,96.9722222222224,36083
"(0.7916666666666666, 0.9722222222222222)",2,96.9722222222224,36085
"(0.9305555555555556, 0.9722222222222222)",3,96.9722222222224,36088
"(0.8611111111111112, 0.9861111111111112)",2,96.9722222222224,36090
"(0.6805555555555556, 0.9861111111111112)",1,96.9722222222224,36091
"(0.8888888888888888, 0.9722222222222222)",1,96.97222222222238,36092
"(0.9305555555555556, 0.9722222222222222)",1,96.97222222222238,36093
"(0.875, 0.9722222222222222)",2,96.97222222222238,36095
"(0.8472222222222222, 0.9722222222222222)",3,96.97222222222238,36098
"(0.8611111111111112, 0.9722222222222222)",1,96.97222222222238,36099
"(0.9166666666666666, 0.9722222222222222)",2,96.97222222222238,36101
"(0.6111111111111112, 1.0)",1,96.97222222222224,36102
"(0.4053030303030303, 0.9988636363636364)",1,96.97196969696972,36103
"(0.577027027027027, 0.981418918918919)",3,96.9716216216216,36106
"(0.4606060606060606, 0.999621212121212)",1,96.97159090909096,36107
"(0.4939393939393939, 1.0)",1,96.9715909090909,36108
"(0.8535714285714285, 0.9785714285714284)",1,96.97142857142852,36109
"(0.9142857142857144, 0.975)",3,96.97142857142846,36112
"(0.95, 0.975)",2,96.9714285714284,36114
"(0.51125, 0.9975)",1,96.9712500000002,36115
"(0.9791666666666666, 0.9958333333333332)",1,96.97083333333336,36116
"(0.9833333333333332, 1.0)",2,96.97083333333332,36118
"(0.465530303030303, 1.0)",3,96.97045454545456,36121
"(0.8216216216216217, 0.975)",1,96.9702702702702,36122
"(0.48375, 0.99)",1,96.97000000000008,36123
"(0.51375, 0.9825)",1,96.96999999999996,36124
"(0.7412280701754386, 0.9692982456140352)",1,96.9692982456142,36125
"(0.8552631578947368, 0.9736842105263158)",3,96.96929824561398,36128
"(0.8070175438596491, 0.9736842105263158)",1,96.96929824561398,36129
"(0.505, 0.99875)",1,96.96875000000009,36130
"(0.49375, 0.9975)",1,96.96875000000009,36131
"(0.49, 0.98125)",1,96.96875000000006,36132
"(0.50875, 0.98875)",1,96.96874999999991,36133
"(0.7996621621621621, 0.972972972972973)",1,96.9679054054054,36134
"(0.8571428571428571, 0.9714285714285714)",1,96.96785714285716,36135
"(0.9428571428571428, 0.9714285714285714)",1,96.96785714285716,36136
"(0.9678571428571427, 0.9714285714285714)",1,96.96785714285716,36137
"(0.9107142857142856, 0.9714285714285714)",3,96.96785714285714,36140
"(0.9714285714285714, 0.9678571428571427)",1,96.96785714285706,36141
"(0.9392857142857144, 0.975)",1,96.967857142857,36142
"(0.9327702702702704, 0.9739864864864864)",1,96.96756756756756,36143
"(0.5847972972972973, 0.9787162162162162)",1,96.96756756756749,36144
"(0.5408783783783784, 0.9739864864864864)",1,96.96722972972972,36145
"(0.8023648648648649, 0.9773648648648648)",1,96.9668918918918,36146
"(0.9875, 0.9958333333333332)",1,96.9666666666668,36147
"(0.9, 0.9666666666666668)",1,96.9666666666668,36148
"(0.95, 0.9833333333333332)",1,96.96666666666674,36149
"(0.9833333333333332, 0.9958333333333332)",1,96.96666666666673,36150
"(0.9958333333333332, 1.0)",1,96.96666666666668,36151
"(0.7833333333333333, 1.0)",2,96.96666666666668,36153
"(0.7, 1.0)",1,96.96666666666668,36154
"(0.95, 0.9875)",1,96.96666666666653,36155
"(0.48625, 0.99875)",3,96.96625000000007,36158
"(0.8260135135135135, 0.9746621621621622)",1,96.9662162162162,36159
"(0.8297297297297297, 0.977027027027027)",2,96.9662162162161,36161
"(0.4883720930232558, 0.9883720930232558)",1,96.96511627906992,36162
"(0.8604651162790697, 0.9767441860465116)",2,96.96511627906987,36164
"(0.8837209302325582, 0.9767441860465116)",1,96.96511627906987,36165
"(0.872093023255814, 0.9767441860465116)",1,96.96511627906987,36166
"(0.9651162790697676, 0.9767441860465116)",1,96.96511627906987,36167
"(0.8372093023255814, 0.9767441860465116)",1,96.96511627906987,36168
"(0.7558139534883721, 0.9767441860465116)",2,96.96511627906987,36170
"(0.813953488372093, 0.9767441860465116)",2,96.96511627906987,36172
"(0.8255813953488372, 0.9767441860465116)",1,96.96511627906987,36173
"(0.6744186046511628, 0.9767441860465116)",1,96.96511627906987,36174
"(0.8953488372093024, 0.9767441860465116)",1,96.96511627906986,36175
"(0.5697674418604651, 0.9767441860465116)",1,96.96511627906986,36176
"(0.7674418604651163, 0.9767441860465116)",2,96.96511627906986,36178
"(0.7906976744186046, 0.9767441860465116)",2,96.96511627906986,36180
"(0.8255813953488372, 0.9767441860465116)",2,96.96511627906986,36182
"(0.5930232558139535, 0.9767441860465116)",1,96.96511627906986,36183
"(0.8372093023255814, 0.9767441860465116)",3,96.96511627906986,36186
"(0.7093023255813954, 0.9767441860465116)",1,96.96511627906986,36187
"(0.5465116279069767, 0.9767441860465116)",1,96.96511627906986,36188
"(0.4767441860465116, 0.9767441860465116)",1,96.96511627906986,36189
"(0.7790697674418605, 0.9767441860465116)",2,96.96511627906986,36191
"(0.7209302325581395, 0.9767441860465116)",1,96.96511627906986,36192
"(0.5325, 0.98)",1,96.96500000000002,36193
"(0.48375, 0.98875)",1,96.96499999999992,36194
"(0.7763157894736842, 0.9912280701754386)",1,96.96491228070172,36195
"(0.868421052631579, 0.9736842105263158)",3,96.9649122807017,36198
"(0.7456140350877193, 0.9736842105263158)",1,96.9649122807017,36199
"(0.7412280701754386, 0.9736842105263158)",1,96.9649122807017,36200
"(0.5155405405405405, 0.981418918918919)",1,96.96452702702705,36201
"(0.525, 0.9931818181818182)",1,96.96439393939391,36202
"(0.9464285714285714, 0.9714285714285714)",2,96.96428571428577,36204
"(0.9607142857142856, 0.9714285714285714)",1,96.96428571428577,36205
"(0.9607142857142856, 0.9714285714285714)",1,96.96428571428574,36206
"(0.9464285714285714, 0.9785714285714284)",1,96.96428571428572,36207
"(0.925, 0.9714285714285714)",1,96.96428571428572,36208
"(0.9642857142857144, 0.9714285714285714)",1,96.9642857142857,36209
"(0.8857142857142857, 0.975)",1,96.96428571428557,36210
"(0.8885135135135135, 0.9773648648648648)",1,96.96385135135132,36211
"(0.47375, 0.99125)",1,96.96374999999992,36212
"(0.4925, 0.995)",2,96.96250000000012,36214
"(0.9375, 0.9958333333333332)",1,96.9625000000001,36215
"(0.9875, 0.9958333333333332)",1,96.96250000000008,36216
"(0.9625, 0.9958333333333332)",1,96.96250000000003,36217
"(0.7625, 0.975)",1,96.96249999999988,36218
"(0.8875, 0.975)",2,96.96249999999988,36220
"(0.95, 0.975)",1,96.96249999999988,36221
"(0.9, 0.975)",2,96.96249999999988,36223
"(0.825, 0.975)",6,96.96249999999988,36229
"(0.925, 0.975)",1,96.96249999999988,36230
"(0.8125, 0.975)",1,96.96249999999988,36231
"(0.85, 0.975)",1,96.96249999999988,36232
"(0.875, 0.975)",1,96.96249999999988,36233
"(0.7875, 0.975)",1,96.96249999999988,36234
"(0.775, 0.975)",3,96.96249999999988,36237
"(0.75, 0.975)",1,96.96249999999988,36238
"(0.85, 0.975)",1,96.96249999999986,36239
"(0.825, 0.975)",1,96.96249999999986,36240
"(0.9, 0.975)",1,96.96249999999986,36241
"(0.925, 0.975)",2,96.96249999999986,36243
"(0.9125, 0.975)",1,96.96249999999984,36244
"(0.6794871794871795, 0.9871794871794872)",1,96.9615384615386,36245
"(0.6923076923076923, 0.9871794871794872)",1,96.9615384615386,36246
"(0.8461538461538461, 0.9871794871794872)",2,96.9615384615386,36248
"(0.7435897435897436, 0.9871794871794872)",1,96.9615384615386,36249
"(0.7307692307692307, 0.9871794871794872)",1,96.9615384615386,36250
"(0.5, 0.9871794871794872)",3,96.9615384615386,36253
"(0.7307692307692307, 1.0)",1,96.96153846153844,36254
"(0.8535714285714285, 0.9714285714285714)",1,96.9607142857143,36255
"(0.9285714285714286, 0.9714285714285714)",1,96.9607142857143,36256
"(0.9607142857142856, 0.9714285714285714)",1,96.96071428571427,36257
"(0.9428571428571428, 0.9714285714285714)",1,96.96071428571427,36258
"(0.7392857142857143, 0.975)",1,96.96071428571422,36259
"(0.8640350877192983, 0.9736842105263158)",1,96.96052631578942,36260
"(0.868421052631579, 0.9736842105263158)",1,96.96052631578942,36261
"(0.9298245614035088, 0.9736842105263158)",2,96.96052631578942,36263
"(0.7280701754385965, 0.9736842105263158)",1,96.9605263157894,36264
"(0.8584459459459459, 0.9722972972972972)",2,96.9601351351352,36266
"(0.7638513513513514, 0.9773648648648648)",1,96.95979729729729,36267
"(0.8333333333333334, 0.9722222222222222)",1,96.95833333333351,36268
"(0.8472222222222222, 0.9861111111111112)",1,96.95833333333351,36269
"(0.875, 0.9722222222222222)",2,96.95833333333351,36271
"(0.9861111111111112, 0.9722222222222222)",2,96.95833333333351,36273
"(0.9444444444444444, 0.9861111111111112)",2,96.95833333333351,36275
"(0.8611111111111112, 0.9861111111111112)",3,96.95833333333351,36278
"(0.875, 0.9861111111111112)",2,96.95833333333351,36280
"(0.6944444444444444, 0.9861111111111112)",3,96.95833333333351,36283
"(0.9027777777777778, 0.9861111111111112)",1,96.95833333333351,36284
"(0.8472222222222222, 0.9722222222222222)",1,96.95833333333351,36285
"(0.8888888888888888, 0.9722222222222222)",4,96.95833333333351,36289
"(0.8055555555555556, 0.9861111111111112)",2,96.95833333333351,36291
"(0.75, 0.9722222222222222)",1,96.95833333333351,36292
"(0.7083333333333334, 0.9861111111111112)",1,96.95833333333351,36293
"(0.8194444444444444, 0.9861111111111112)",4,96.95833333333351,36297
"(0.9166666666666666, 0.9722222222222222)",2,96.9583333333335,36299
"(0.7638888888888888, 0.9722222222222222)",2,96.9583333333335,36301
"(0.9444444444444444, 0.9722222222222222)",1,96.9583333333335,36302
"(0.9305555555555556, 0.9722222222222222)",1,96.9583333333335,36303
"(0.8333333333333334, 0.9722222222222222)",4,96.9583333333335,36307
"(0.8472222222222222, 0.9722222222222222)",9,96.9583333333335,36316
"(0.8888888888888888, 0.9722222222222222)",3,96.9583333333335,36319
"(0.875, 0.9722222222222222)",4,96.9583333333335,36323
"(0.9027777777777778, 0.9722222222222222)",5,96.9583333333335,36328
"(0.7222222222222222, 0.9722222222222222)",6,96.9583333333335,36334
"(0.8611111111111112, 0.9722222222222222)",6,96.9583333333335,36340
"(0.6944444444444444, 0.9722222222222222)",2,96.9583333333335,36342
"(0.9625, 0.9958333333333332)",1,96.9583333333334,36343
"(0.975, 0.9958333333333332)",2,96.95833333333336,36345
"(0.75, 1.0)",1,96.95833333333331,36346
"(0.625, 1.0)",1,96.95833333333331,36347
"(0.5075, 0.9975)",1,96.95750000000012,36348
"(0.9428571428571428, 0.9714285714285714)",1,96.9571428571429,36349
"(0.9392857142857144, 0.9714285714285714)",1,96.95714285714286,36350
"(0.925, 0.9678571428571427)",1,96.9571428571428,36351
"(0.7996621621621621, 0.9722972972972972)",1,96.95641891891891,36352
"(0.51, 0.99625)",2,96.95625000000014,36354
"(0.7763157894736842, 0.9736842105263158)",1,96.95614035087712,36355
"(0.8640350877192983, 0.9736842105263158)",3,96.95614035087712,36358
"(0.8771929824561403, 0.9736842105263158)",2,96.95614035087712,36360
"(0.6037162162162162, 0.9736486486486486)",1,96.95608108108108,36361
"(0.8087837837837838, 0.9743243243243244)",2,96.95574324324326,36363
"(0.9300675675675676, 0.9739864864864864)",1,96.95506756756755,36364
"(0.9875, 0.9958333333333332)",1,96.95416666666677,36365
"(0.9541666666666668, 0.9958333333333332)",2,96.95416666666674,36367
"(0.9916666666666668, 0.9958333333333332)",1,96.9541666666667,36368
"(0.975, 1.0)",1,96.95416666666668,36369
"(0.95, 0.975)",1,96.95416666666652,36370
"(0.9125, 0.975)",1,96.95416666666652,36371
"(0.9357142857142856, 0.9714285714285714)",1,96.95357142857146,36372
"(0.9214285714285714, 0.9714285714285714)",1,96.95357142857142,36373
"(0.9642857142857144, 0.9678571428571427)",1,96.9535714285714,36374
"(0.9428571428571428, 0.9678571428571427)",1,96.9535714285714,36375
"(0.9535714285714286, 0.9678571428571427)",1,96.95357142857138,36376
"(0.9642857142857144, 0.9678571428571427)",3,96.95357142857138,36379
"(0.925, 0.975)",2,96.95357142857128,36381
"(0.9535714285714286, 0.975)",2,96.95357142857128,36383
"(0.95, 0.975)",1,96.95357142857128,36384
"(0.9285714285714286, 0.975)",2,96.95357142857128,36386
"(0.9642857142857144, 0.975)",1,96.95357142857122,36387
"(0.8255813953488372, 0.9883720930232558)",1,96.9534883720932,36388
"(0.8488372093023255, 0.9767441860465116)",1,96.95348837209312,36389
"(0.8837209302325582, 0.9767441860465116)",1,96.95348837209312,36390
"(0.8837209302325582, 0.9767441860465116)",1,96.95348837209312,36391
"(0.8604651162790697, 0.9767441860465116)",1,96.95348837209312,36392
"(0.9534883720930232, 0.9767441860465116)",1,96.95348837209312,36393
"(0.7093023255813954, 0.9767441860465116)",2,96.95348837209312,36395
"(0.8372093023255814, 0.9767441860465116)",2,96.95348837209312,36397
"(0.7790697674418605, 0.9767441860465116)",2,96.95348837209312,36399
"(0.5697674418604651, 0.9767441860465116)",1,96.95348837209312,36400
"(0.7209302325581395, 0.9767441860465116)",1,96.95348837209312,36401
"(0.813953488372093, 0.9767441860465116)",1,96.95348837209312,36402
"(0.8953488372093024, 0.9767441860465116)",2,96.95348837209312,36404
"(0.627906976744186, 0.9767441860465116)",1,96.95348837209312,36405
"(0.8372093023255814, 0.9767441860465116)",1,96.95348837209312,36406
"(0.7906976744186046, 0.9767441860465116)",2,96.95348837209312,36408
"(0.6046511627906976, 0.9767441860465116)",1,96.95348837209312,36409
"(0.5067567567567568, 0.9760135135135136)",1,96.95337837837828,36410
"(0.5158783783783784, 0.9763513513513512)",1,96.95337837837826,36411
"(0.8462837837837838, 0.9743243243243244)",1,96.95304054054051,36412
"(0.5037878787878788, 1.0)",1,96.9530303030303,36413
"(0.7325757575757575, 1.0)",3,96.95265151515152,36416
"(0.6929824561403509, 0.9912280701754386)",1,96.95175438596488,36417
"(0.7763157894736842, 0.9736842105263158)",1,96.95175438596486,36418
"(0.8771929824561403, 0.9736842105263158)",2,96.95175438596486,36420
"(0.8771929824561403, 0.9736842105263158)",3,96.95175438596485,36423
"(0.8552631578947368, 0.9736842105263158)",3,96.95175438596485,36426
"(0.868421052631579, 0.9736842105263158)",2,96.95175438596485,36428
"(0.8245614035087719, 0.9736842105263158)",3,96.95175438596485,36431
"(0.7638513513513514, 0.9756756756756756)",1,96.95168918918912,36432
"(0.3920454545454545, 0.9981060606060606)",1,96.95151515151522,36433
"(0.5736486486486486, 0.9827702702702704)",1,96.95135135135136,36434
"(0.5179054054054054, 0.9773648648648648)",1,96.95135135135136,36435
"(0.8702702702702703, 0.9726351351351352)",1,96.95101351351356,36436
"(0.8587837837837838, 0.9773648648648648)",1,96.9510135135135,36437
"(0.5212837837837838, 0.9760135135135136)",1,96.95101351351346,36438
"(0.8587837837837838, 0.9777027027027028)",1,96.95067567567568,36439
"(0.7807432432432433, 0.9726351351351352)",1,96.95033783783786,36440
"(1.0, 0.9666666666666668)",1,96.95000000000016,36441
"(0.8333333333333334, 0.9666666666666668)",1,96.95000000000014,36442
"(0.9875, 0.9958333333333332)",1,96.95000000000007,36443
"(0.5632575757575757, 0.9977272727272728)",1,96.95000000000007,36444
"(0.9833333333333332, 0.9958333333333332)",1,96.95000000000006,36445
"(0.8357142857142857, 0.9785714285714284)",1,96.94999999999992,36446
"(0.9607142857142856, 0.9678571428571427)",1,96.94999999999992,36447
"(0.7875, 0.975)",5,96.94999999999987,36452
"(0.875, 0.975)",1,96.94999999999987,36453
"(0.8875, 0.975)",1,96.94999999999987,36454
"(0.6875, 0.975)",1,96.94999999999987,36455
"(0.85, 0.975)",3,96.94999999999987,36458
"(0.8375, 0.975)",3,96.94999999999987,36461
"(0.6625, 0.975)",1,96.94999999999987,36462
"(0.925, 0.975)",1,96.94999999999987,36463
"(0.9642857142857144, 0.975)",1,96.94999999999987,36464
"(0.9, 0.975)",2,96.94999999999987,36466
"(0.8625, 0.975)",3,96.94999999999987,36469
"(0.825, 0.975)",1,96.94999999999987,36470
"(0.775, 0.975)",1,96.94999999999986,36471
"(0.9, 0.975)",2,96.94999999999986,36473
"(0.8375, 0.975)",1,96.94999999999986,36474
"(0.9392857142857144, 0.975)",1,96.94999999999982,36475
"(0.7483108108108109, 0.9743243243243244)",1,96.94932432432428,36476
"(0.4469696969696969, 0.9988636363636364)",1,96.94924242424248,36477
"(0.5950757575757576, 1.0)",1,96.94886363636368,36478
"(0.4975, 0.98875)",1,96.94874999999988,36479
"(0.5769230769230769, 0.9871794871794872)",3,96.94871794871808,36482
"(0.6794871794871795, 0.9871794871794872)",1,96.94871794871808,36483
"(0.8461538461538461, 0.9871794871794872)",1,96.94871794871808,36484
"(0.4615384615384615, 1.0)",1,96.94871794871796,36485
"(0.9300675675675676, 0.9746621621621622)",1,96.94797297297292,36486
"(0.925438596491228, 0.9692982456140352)",3,96.9473684210528,36489
"(0.9342105263157896, 0.9692982456140352)",1,96.9473684210528,36490
"(0.706140350877193, 0.9912280701754386)",1,96.94736842105262,36491
"(0.9429824561403508, 0.9912280701754386)",1,96.94736842105262,36492
"(0.7149122807017544, 0.9736842105263158)",3,96.94736842105256,36495
"(0.868421052631579, 0.9736842105263158)",1,96.94736842105256,36496
"(0.3431818181818182, 1.0)",3,96.94734848484848,36499
"(0.5272727272727272, 0.9946969696969696)",3,96.94659090909109,36502
"(0.4632575757575757, 0.9984848484848484)",1,96.94659090909096,36503
"(0.9392857142857144, 0.9714285714285714)",1,96.94642857142868,36504
"(0.8964285714285715, 0.9714285714285714)",1,96.94642857142864,36505
"(0.8357142857142857, 0.9714285714285714)",3,96.9464285714286,36508
"(0.9285714285714286, 0.9714285714285714)",3,96.94642857142856,36511
"(0.9714285714285714, 0.9714285714285714)",3,96.94642857142856,36514
"(0.9428571428571428, 0.975)",2,96.94642857142846,36516
"(0.6696969696969697, 0.9950757575757576)",3,96.94621212121224,36519
"(0.8875, 0.9791666666666666)",1,96.94583333333344,36520
"(0.9708333333333332, 0.9958333333333332)",1,96.9458333333334,36521
"(0.9916666666666668, 0.9958333333333332)",1,96.94583333333338,36522
"(0.9708333333333332, 0.9958333333333332)",1,96.94583333333338,36523
"(0.9875, 1.0)",1,96.9458333333333,36524
"(0.9583333333333334, 0.9875)",1,96.94583333333324,36525
"(0.5739864864864865, 0.981418918918919)",1,96.9456081081081,36526
"(0.4534090909090909, 0.9992424242424244)",1,96.94545454545458,36527
"(0.902027027027027, 0.9780405405405406)",1,96.94527027027036,36528
"(0.8611111111111112, 0.9861111111111112)",1,96.94444444444464,36529
"(0.8194444444444444, 0.9861111111111112)",1,96.94444444444464,36530
"(0.7777777777777778, 0.9861111111111112)",1,96.94444444444464,36531
"(0.8055555555555556, 0.9861111111111112)",1,96.94444444444464,36532
"(0.9027777777777778, 0.9861111111111112)",2,96.94444444444464,36534
"(0.6944444444444444, 0.9861111111111112)",1,96.94444444444464,36535
"(0.9444444444444444, 0.9722222222222222)",1,96.9444444444446,36536
"(0.8611111111111112, 0.9722222222222222)",4,96.9444444444446,36540
"(0.7638888888888888, 0.9722222222222222)",3,96.9444444444446,36543
"(0.9166666666666666, 0.9722222222222222)",1,96.9444444444446,36544
"(0.8055555555555556, 0.9722222222222222)",2,96.9444444444446,36546
"(0.9027777777777778, 0.9722222222222222)",2,96.9444444444446,36548
"(0.8888888888888888, 0.9722222222222222)",3,96.9444444444446,36551
"(0.9861111111111112, 0.9722222222222222)",2,96.9444444444446,36553
"(0.875, 0.9722222222222222)",3,96.9444444444446,36556
"(0.9305555555555556, 0.9722222222222222)",4,96.9444444444446,36560
"(0.75, 0.9722222222222222)",1,96.9444444444446,36561
"(0.8194444444444444, 0.9722222222222222)",1,96.9444444444446,36562
"(0.8472222222222222, 0.9722222222222222)",8,96.9444444444446,36570
"(0.8333333333333334, 0.9722222222222222)",6,96.9444444444446,36576
"(0.7222222222222222, 0.9722222222222222)",6,96.9444444444446,36582
"(0.7083333333333334, 1.0)",1,96.94444444444444,36583
"(0.8888888888888888, 1.0)",1,96.94444444444444,36584
"(0.9305555555555556, 1.0)",1,96.94444444444444,36585
"(0.7429054054054054, 0.9777027027027028)",1,96.9432432432432,36586
"(0.4178030303030303, 0.9988636363636364)",1,96.94318181818184,36587
"(0.925438596491228, 0.9736842105263158)",2,96.9429824561403,36589
"(0.868421052631579, 0.9736842105263158)",2,96.9429824561403,36591
"(0.8728070175438597, 0.9736842105263158)",1,96.9429824561403,36592
"(0.8289473684210527, 0.9736842105263158)",1,96.9429824561403,36593
"(0.7763157894736842, 0.9736842105263158)",1,96.94298245614029,36594
"(0.9142857142857144, 0.9785714285714284)",1,96.94285714285706,36595
"(0.9464285714285714, 0.9678571428571427)",1,96.94285714285706,36596
"(0.9607142857142856, 0.975)",3,96.94285714285702,36599
"(0.4821969696969697, 1.0)",3,96.94280303030304,36602
"(0.813953488372093, 0.9767441860465116)",1,96.9418604651164,36603
"(0.7093023255813954, 0.9767441860465116)",1,96.9418604651164,36604
"(0.7209302325581395, 0.9767441860465116)",1,96.94186046511638,36605
"(0.9651162790697676, 0.9767441860465116)",1,96.94186046511638,36606
"(0.7093023255813954, 0.9767441860465116)",1,96.94186046511638,36607
"(0.5813953488372093, 0.9767441860465116)",1,96.94186046511638,36608
"(0.5930232558139535, 0.9767441860465116)",1,96.94186046511638,36609
"(0.7558139534883721, 0.9767441860465116)",3,96.94186046511638,36612
"(0.5697674418604651, 0.9767441860465116)",1,96.94186046511638,36613
"(0.8604651162790697, 0.9767441860465116)",3,96.94186046511638,36616
"(0.7790697674418605, 0.9767441860465116)",4,96.94186046511638,36620
"(0.6046511627906976, 0.9767441860465116)",1,96.94186046511638,36621
"(0.813953488372093, 0.9767441860465116)",2,96.94186046511638,36623
"(0.5930232558139535, 0.9767441860465116)",1,96.94186046511636,36624
"(0.9916666666666668, 0.9958333333333332)",3,96.94166666666676,36627
"(0.9875, 0.9958333333333332)",1,96.94166666666676,36628
"(0.9791666666666666, 0.9958333333333332)",1,96.94166666666672,36629
"(0.9125, 0.975)",1,96.94166666666644,36630
"(0.4856060606060606, 1.0)",1,96.94053030303031,36631
"(0.4359848484848485, 0.9992424242424244)",1,96.94053030303031,36632
"(0.47625, 0.99375)",2,96.94000000000018,36634
"(0.9535714285714286, 0.9714285714285714)",1,96.93928571428572,36635
"(0.9535714285714286, 0.9714285714285714)",1,96.9392857142857,36636
"(0.9607142857142856, 0.9714285714285714)",1,96.9392857142857,36637
"(0.8535714285714285, 0.9678571428571427)",3,96.93928571428567,36640
"(0.9642857142857144, 0.9678571428571427)",1,96.93928571428567,36641
"(0.9607142857142856, 0.9714285714285714)",1,96.93928571428567,36642
"(0.9714285714285714, 0.975)",1,96.93928571428556,36643
"(0.533445945945946, 0.9743243243243244)",1,96.93918918918922,36644
"(0.6798245614035088, 0.9736842105263158)",1,96.938596491228,36645
"(0.8771929824561403, 0.9736842105263158)",1,96.938596491228,36646
"(0.868421052631579, 0.9736842105263158)",1,96.938596491228,36647
"(0.8885135135135135, 0.979054054054054)",1,96.93851351351356,36648
"(0.4477272727272727, 0.999621212121212)",1,96.93825757575762,36649
"(0.8510135135135135, 0.9739864864864864)",1,96.93817567567562,36650
"(0.8625, 0.9791666666666666)",1,96.93750000000014,36651
"(0.9166666666666666, 0.9791666666666666)",1,96.93750000000011,36652
"(0.51, 0.99875)",3,96.93750000000009,36655
"(0.9791666666666666, 0.9958333333333332)",1,96.93750000000004,36656
"(0.975, 1.0)",2,96.9375,36658
"(0.495, 0.9875)",1,96.93749999999996,36659
"(0.9375, 0.975)",1,96.93749999999989,36660
"(0.8375, 0.975)",1,96.93749999999989,36661
"(0.8125, 0.975)",1,96.93749999999989,36662
"(0.85, 0.975)",2,96.93749999999989,36664
"(0.875, 0.975)",1,96.93749999999989,36665
"(0.8625, 0.975)",4,96.93749999999989,36669
"(0.9, 0.975)",3,96.93749999999989,36672
"(0.7875, 0.975)",2,96.93749999999989,36674
"(0.775, 0.975)",1,96.93749999999989,36675
"(0.825, 0.975)",1,96.93749999999989,36676
"(0.9625, 0.975)",1,96.93749999999989,36677
"(0.8875, 0.975)",2,96.93749999999989,36679
"(0.925, 0.975)",5,96.93749999999989,36684
"(0.485, 0.9975)",1,96.93625000000011,36685
"(0.465, 0.99)",1,96.93624999999996,36686
"(0.58875, 0.98625)",1,96.93624999999992,36687
"(0.2143939393939394, 0.9984848484848484)",1,96.93598484848488,36688
"(0.5537878787878788, 1.0)",1,96.93598484848484,36689
"(0.8076923076923077, 0.9871794871794872)",1,96.93589743589756,36690
"(0.6923076923076923, 0.9871794871794872)",1,96.93589743589756,36691
"(0.6794871794871795, 0.9871794871794872)",1,96.93589743589756,36692
"(0.5408783783783784, 0.9787162162162162)",2,96.93581081081082,36694
"(0.625, 0.99)",1,96.93499999999996,36695
"(0.50375, 0.99125)",1,96.93499999999987,36696
"(0.5037878787878788, 1.0)",1,96.9344696969697,36697
"(0.9429824561403508, 0.9912280701754386)",1,96.93421052631577,36698
"(0.8640350877192983, 0.9736842105263158)",1,96.93421052631574,36699
"(0.7068181818181818, 1.0)",1,96.93409090909093,36700
"(0.8753378378378378, 0.9739864864864864)",1,96.9337837837837,36701
"(0.485, 0.99875)",1,96.93375000000005,36702
"(0.48375, 0.9925)",1,96.93374999999996,36703
"(0.9333333333333332, 0.9666666666666668)",1,96.93333333333348,36704
"(0.85, 0.9666666666666668)",1,96.93333333333348,36705
"(0.9, 0.9666666666666668)",1,96.93333333333348,36706
"(0.9166666666666666, 0.9666666666666668)",1,96.93333333333348,36707
"(0.9916666666666668, 0.9958333333333332)",1,96.93333333333342,36708
"(0.9666666666666668, 0.9833333333333332)",1,96.9333333333334,36709
"(0.9708333333333332, 0.9958333333333332)",2,96.93333333333337,36711
"(1.0, 1.0)",1,96.93333333333334,36712
"(0.8, 1.0)",1,96.93333333333334,36713
"(0.8527027027027027, 0.9780405405405406)",3,96.93310810810816,36716
"(0.5034090909090909, 0.9984848484848484)",1,96.9329545454546,36717
"(0.3409090909090909, 1.0)",1,96.93295454545456,36718
"(0.4784090909090909, 1.0)",1,96.93219696969702,36719
"(0.9107142857142856, 0.9714285714285714)",1,96.93214285714288,36720
"(0.9607142857142856, 0.9714285714285714)",1,96.93214285714284,36721
"(0.368560606060606, 1.0)",1,96.93143939393944,36722
"(0.9131756756756756, 0.9777027027027028)",1,96.93141891891896,36723
"(0.48875, 0.995)",2,96.93125000000018,36725
"(0.51625, 0.99125)",1,96.93124999999996,36726
"(0.4821969696969697, 1.0)",3,96.9310606060606,36729
"(0.8055555555555556, 0.9861111111111112)",2,96.93055555555576,36731
"(0.875, 0.9861111111111112)",1,96.93055555555576,36732
"(0.8888888888888888, 0.9861111111111112)",3,96.93055555555576,36735
"(0.6944444444444444, 0.9861111111111112)",1,96.93055555555576,36736
"(0.8194444444444444, 0.9861111111111112)",2,96.93055555555576,36738
"(0.8472222222222222, 0.9861111111111112)",1,96.93055555555576,36739
"(0.9027777777777778, 0.9861111111111112)",1,96.93055555555576,36740
"(0.9027777777777778, 0.9861111111111112)",1,96.93055555555574,36741
"(0.8333333333333334, 0.9861111111111112)",1,96.93055555555574,36742
"(0.7777777777777778, 0.9861111111111112)",1,96.93055555555574,36743
"(0.8472222222222222, 0.9722222222222222)",4,96.93055555555571,36747
"(0.75, 0.9722222222222222)",3,96.93055555555571,36750
"(0.7638888888888888, 0.9722222222222222)",2,96.93055555555571,36752
"(0.7916666666666666, 0.9722222222222222)",1,96.93055555555571,36753
"(0.8333333333333334, 0.9722222222222222)",5,96.93055555555571,36758
"(0.8611111111111112, 0.9722222222222222)",13,96.93055555555571,36771
"(0.9305555555555556, 0.9722222222222222)",2,96.93055555555571,36773
"(0.9166666666666666, 0.9722222222222222)",3,96.93055555555571,36776
"(0.7083333333333334, 0.9722222222222222)",1,96.93055555555571,36777
"(0.9444444444444444, 0.9722222222222222)",6,96.93055555555571,36783
"(0.875, 0.9722222222222222)",7,96.93055555555571,36790
"(0.8055555555555556, 0.9722222222222222)",1,96.93055555555571,36791
"(0.7222222222222222, 0.9722222222222222)",4,96.93055555555571,36795
"(0.8888888888888888, 0.9722222222222222)",7,96.93055555555571,36802
"(0.9027777777777778, 0.9722222222222222)",3,96.93055555555571,36805
"(0.8194444444444444, 0.9722222222222222)",2,96.93055555555571,36807
"(0.7083333333333334, 1.0)",1,96.93055555555556,36808
"(0.9166666666666666, 1.0)",1,96.93055555555556,36809
"(0.8888888888888888, 1.0)",1,96.93055555555556,36810
"(0.2943181818181818, 0.996969696969697)",1,96.93030303030314,36811
"(0.8372093023255814, 0.9767441860465116)",1,96.93023255813964,36812
"(0.813953488372093, 0.9767441860465116)",1,96.93023255813964,36813
"(0.5116279069767442, 0.9767441860465116)",1,96.93023255813964,36814
"(0.813953488372093, 0.9767441860465116)",1,96.93023255813964,36815
"(0.9302325581395348, 0.9767441860465116)",1,96.93023255813964,36816
"(0.7674418604651163, 0.9767441860465116)",1,96.93023255813964,36817
"(0.7441860465116279, 0.9767441860465116)",1,96.93023255813964,36818
"(0.7906976744186046, 0.9767441860465116)",1,96.93023255813964,36819
"(0.8604651162790697, 0.9767441860465116)",2,96.93023255813962,36821
"(0.8255813953488372, 0.9767441860465116)",1,96.93023255813962,36822
"(0.7906976744186046, 0.9767441860465116)",1,96.93023255813962,36823
"(0.4651162790697674, 1.0)",1,96.93023255813954,36824
"(0.9111486486486486, 0.9739864864864864)",1,96.93006756756756,36825
"(0.8043918918918919, 0.9773648648648648)",1,96.93006756756752,36826
"(0.50875, 0.9925)",1,96.93000000000012,36827
"(0.459469696969697, 0.9973484848484848)",1,96.92992424242432,36828
"(0.868421052631579, 0.9736842105263158)",1,96.92982456140344,36829
"(0.9210526315789472, 0.9736842105263158)",1,96.92982456140344,36830
"(0.8728070175438597, 0.9736842105263158)",1,96.92982456140344,36831
"(0.6233108108108109, 0.9766891891891892)",1,96.9293918918918,36832
"(0.8875, 0.9791666666666666)",1,96.9291666666668,36833
"(0.9791666666666666, 0.9958333333333332)",1,96.92916666666676,36834
"(0.3814393939393939, 0.9992424242424244)",1,96.92916666666667,36835
"(0.9958333333333332, 1.0)",1,96.92916666666665,36836
"(0.8885135135135135, 0.9787162162162162)",1,96.92905405405403,36837
"(0.6662162162162162, 0.9739864864864864)",1,96.92905405405402,36838
"(0.5226351351351352, 0.9756756756756756)",1,96.92905405405396,36839
"(0.925, 0.9714285714285714)",1,96.92857142857147,36840
"(0.9035714285714286, 0.9714285714285714)",1,96.92857142857146,36841
"(0.9392857142857144, 0.9714285714285714)",1,96.92857142857144,36842
"(0.9714285714285714, 0.975)",1,96.9285714285713,36843
"(0.9285714285714286, 0.975)",3,96.9285714285713,36846
"(0.2981060606060606, 0.9984848484848484)",1,96.92840909090911,36847
"(0.735472972972973, 0.9719594594594596)",1,96.92837837837838,36848
"(0.7638513513513514, 0.9766891891891892)",1,96.9280405405404,36849
"(0.6260135135135135, 0.9817567567567568)",1,96.92770270270266,36850
"(0.2893939393939393, 0.999621212121212)",1,96.92765151515157,36851
"(0.59625, 0.98875)",1,96.92749999999988,36852
"(0.4450757575757575, 1.0)",1,96.92689393939396,36853
"(0.8462837837837838, 0.9780405405405406)",2,96.92668918918916,36855
"(0.547972972972973, 0.9736486486486486)",1,96.92635135135129,36856
"(0.50375, 0.99)",1,96.92624999999988,36857
"(0.8712837837837838, 0.9739864864864864)",1,96.92567567567563,36858
"(0.9429824561403508, 0.9692982456140352)",1,96.9254385964914,36859
"(0.925438596491228, 0.9692982456140352)",1,96.9254385964914,36860
"(0.8289473684210527, 0.9736842105263158)",3,96.92543859649118,36863
"(0.9625, 0.9958333333333332)",2,96.9250000000001,36865
"(0.975, 0.9958333333333332)",1,96.92500000000008,36866
"(0.9571428571428572, 0.9714285714285714)",2,96.92500000000004,36868
"(0.9875, 0.9958333333333332)",2,96.92500000000004,36870
"(0.8810810810810811, 0.9739864864864864)",1,96.925,36871
"(0.9071428571428573, 0.9678571428571427)",1,96.92499999999993,36872
"(0.8875, 0.975)",1,96.92499999999988,36873
"(0.85, 0.975)",2,96.92499999999988,36875
"(0.95, 0.975)",1,96.92499999999988,36876
"(0.925, 0.975)",1,96.92499999999988,36877
"(0.8375, 0.975)",1,96.92499999999988,36878
"(0.925, 0.975)",4,96.92499999999988,36882
"(0.8875, 0.975)",1,96.92499999999988,36883
"(0.8125, 0.975)",1,96.92499999999988,36884
"(0.775, 0.975)",3,96.92499999999988,36887
"(0.875, 0.975)",1,96.92499999999988,36888
"(0.8625, 0.975)",2,96.92499999999988,36890
"(0.825, 0.975)",1,96.92499999999988,36891
"(0.85, 0.975)",1,96.92499999999988,36892
"(0.75, 0.975)",2,96.92499999999988,36894
"(0.9, 0.975)",4,96.92499999999988,36898
"(0.8875, 0.975)",2,96.92499999999986,36900
"(0.8625, 0.975)",1,96.92499999999984,36901
"(0.9125, 0.975)",1,96.92499999999984,36902
"(0.8885135135135135, 0.979054054054054)",1,96.9246621621622,36903
"(0.7746621621621622, 0.9787162162162162)",1,96.92466216216214,36904
"(0.793918918918919, 0.9739864864864864)",1,96.92364864864858,36905
"(0.6794871794871795, 0.9871794871794872)",1,96.92307692307703,36906
"(0.1923076923076923, 1.0)",1,96.92307692307692,36907
"(0.4621212121212121, 0.999621212121212)",1,96.92272727272731,36908
"(0.9285714285714286, 0.9714285714285714)",1,96.92142857142858,36909
"(0.9678571428571427, 0.9714285714285714)",1,96.92142857142856,36910
"(0.7256756756756757, 0.9780405405405406)",1,96.92128378378374,36911
"(0.575, 0.99125)",1,96.92124999999984,36912
"(0.9473684210526316, 0.9912280701754386)",3,96.92105263157892,36915
"(0.868421052631579, 0.9736842105263158)",1,96.9210526315789,36916
"(0.8903508771929824, 0.9736842105263158)",1,96.92105263157887,36917
"(0.7149122807017544, 0.9736842105263158)",1,96.92105263157887,36918
"(0.8333333333333334, 0.9736842105263158)",1,96.92105263157887,36919
"(0.9958333333333332, 0.9958333333333332)",2,96.9208333333334,36921
"(0.9791666666666666, 0.9958333333333332)",1,96.92083333333338,36922
"(0.9458333333333332, 0.975)",1,96.92083333333316,36923
"(0.8327702702702703, 0.9787162162162162)",1,96.92060810810813,36924
"(0.7912162162162162, 0.9739864864864864)",1,96.92060810810806,36925
"(0.7439393939393939, 1.0)",1,96.92045454545456,36926
"(0.4253787878787878, 0.9984848484848484)",1,96.92007575757584,36927
"(0.4825, 0.99625)",1,96.9200000000001,36928
"(0.63375, 0.985)",1,96.9199999999999,36929
"(0.5402027027027027, 0.981418918918919)",1,96.91993243243242,36930
"(0.484090909090909, 0.9988636363636364)",1,96.919696969697,36931
"(0.5303030303030303, 0.996969696969697)",3,96.919696969697,36934
"(0.8527027027027027, 0.9787162162162162)",1,96.91925675675668,36935
"(0.505, 0.99875)",1,96.91875000000006,36936
"(0.7674418604651163, 0.9883720930232558)",1,96.91860465116297,36937
"(0.8023255813953488, 0.9767441860465116)",1,96.9186046511629,36938
"(0.7906976744186046, 0.9767441860465116)",2,96.9186046511629,36940
"(0.8255813953488372, 0.9767441860465116)",1,96.9186046511629,36941
"(0.6744186046511628, 0.9767441860465116)",1,96.9186046511629,36942
"(0.872093023255814, 0.9767441860465116)",1,96.9186046511629,36943
"(0.7209302325581395, 0.9767441860465116)",1,96.9186046511629,36944
"(0.6046511627906976, 0.9767441860465116)",2,96.9186046511629,36946
"(0.8837209302325582, 0.9767441860465116)",2,96.9186046511629,36948
"(0.8372093023255814, 0.9767441860465116)",2,96.9186046511629,36950
"(0.9302325581395348, 0.9767441860465116)",1,96.9186046511629,36951
"(0.7790697674418605, 0.9767441860465116)",2,96.9186046511629,36953
"(0.8604651162790697, 0.9767441860465116)",1,96.91860465116288,36954
"(0.813953488372093, 0.9767441860465116)",1,96.91860465116288,36955
"(0.5465116279069767, 0.9767441860465116)",1,96.91860465116288,36956
"(0.8535714285714285, 0.975)",2,96.91785714285702,36958
"(0.46875, 0.98375)",1,96.91750000000008,36959
"(0.50375, 0.9925)",1,96.91749999999988,36960
"(0.768918918918919, 0.9773648648648648)",1,96.91689189189194,36961
"(0.875, 0.9861111111111112)",1,96.91666666666688,36962
"(0.8055555555555556, 0.9861111111111112)",1,96.91666666666688,36963
"(0.75, 0.9861111111111112)",2,96.91666666666688,36965
"(0.9027777777777778, 0.9861111111111112)",1,96.91666666666686,36966
"(0.8611111111111112, 0.9861111111111112)",2,96.91666666666686,36968
"(0.9444444444444444, 0.9861111111111112)",1,96.91666666666686,36969
"(0.8194444444444444, 0.9861111111111112)",1,96.91666666666686,36970
"(0.75, 0.9861111111111112)",2,96.91666666666686,36972
"(0.8055555555555556, 0.9722222222222222)",1,96.91666666666684,36973
"(0.7222222222222222, 0.9722222222222222)",1,96.91666666666684,36974
"(0.8888888888888888, 0.9722222222222222)",1,96.91666666666684,36975
"(0.7916666666666666, 0.9722222222222222)",3,96.91666666666684,36978
"(0.9861111111111112, 0.9722222222222222)",3,96.91666666666684,36981
"(0.9444444444444444, 0.9722222222222222)",2,96.91666666666684,36983
"(0.9027777777777778, 0.9722222222222222)",3,96.91666666666684,36986
"(0.8194444444444444, 0.9722222222222222)",1,96.91666666666684,36987
"(0.9166666666666666, 0.9722222222222222)",4,96.91666666666684,36991
"(0.875, 0.9722222222222222)",4,96.91666666666684,36995
"(0.8333333333333334, 0.9722222222222222)",4,96.91666666666684,36999
"(0.9305555555555556, 0.9722222222222222)",9,96.91666666666684,37008
"(0.8611111111111112, 0.9722222222222222)",3,96.91666666666684,37011
"(0.875, 0.9722222222222222)",1,96.91666666666684,37012
"(0.75, 0.9722222222222222)",2,96.91666666666684,37014
"(0.8472222222222222, 0.9722222222222222)",4,96.91666666666684,37018
"(0.95, 0.9666666666666668)",1,96.9166666666668,37019
"(0.9, 0.9666666666666668)",1,96.9166666666668,37020
"(0.4079545454545454, 0.9981060606060606)",1,96.91666666666676,37021
"(0.8666666666666667, 0.9833333333333332)",1,96.91666666666674,37022
"(0.9833333333333332, 0.9958333333333332)",1,96.91666666666671,37023
"(0.9, 1.0)",1,96.91666666666669,37024
"(0.85, 1.0)",1,96.91666666666666,37025
"(0.75, 1.0)",1,96.91666666666666,37026
"(0.8194444444444444, 1.0)",1,96.91666666666666,37027
"(0.8991228070175439, 0.9736842105263158)",2,96.9166666666666,37029
"(0.7850877192982456, 0.9736842105263158)",1,96.9166666666666,37030
"(0.9210526315789472, 0.9736842105263158)",3,96.9166666666666,37033
"(0.8771929824561403, 0.9736842105263158)",1,96.9166666666666,37034
"(0.8125, 0.975)",1,96.9166666666665,37035
"(0.9166666666666666, 0.975)",1,96.91666666666649,37036
"(0.8135135135135135, 0.9739864864864864)",1,96.916554054054,37037
"(0.49875, 0.9975)",1,96.91625000000012,37038
"(0.8702702702702703, 0.9773648648648648)",1,96.91554054054048,37039
"(0.4628787878787879, 0.9981060606060606)",1,96.9155303030304,37040
"(0.5257575757575758, 0.9992424242424244)",1,96.91553030303032,37041
"(0.9142857142857144, 0.9714285714285714)",4,96.91428571428573,37045
"(0.9535714285714286, 0.975)",1,96.91428571428555,37046
"(0.9107142857142856, 0.975)",1,96.91428571428555,37047
"(0.50375, 0.98125)",1,96.91375,37048
"(0.49625, 0.99625)",1,96.9125000000001,37049
"(0.2803030303030303, 0.999621212121212)",1,96.91250000000004,37050
"(0.9875, 0.9958333333333332)",1,96.91250000000002,37051
"(0.9875, 1.0)",1,96.9125,37052
"(0.975, 1.0)",1,96.91249999999994,37053
"(0.825, 0.975)",1,96.91249999999988,37054
"(0.775, 0.975)",2,96.91249999999988,37056
"(0.85, 0.975)",1,96.91249999999988,37057
"(0.925, 0.975)",2,96.91249999999988,37059
"(0.85, 0.975)",2,96.91249999999988,37061
"(0.8125, 0.975)",2,96.91249999999988,37063
"(0.95, 0.975)",1,96.91249999999988,37064
"(0.95, 0.975)",1,96.91249999999988,37065
"(0.9125, 0.975)",1,96.91249999999988,37066
"(0.8625, 0.975)",1,96.91249999999988,37067
"(0.9, 0.975)",3,96.91249999999988,37070
"(0.6625, 0.975)",1,96.91249999999988,37071
"(0.8375, 0.975)",1,96.91249999999988,37072
"(0.8625, 0.975)",1,96.91249999999988,37073
"(0.8875, 0.975)",2,96.91249999999988,37075
"(0.8375, 0.975)",1,96.91249999999988,37076
"(0.8875, 0.975)",2,96.91249999999988,37078
"(0.8464912280701754, 0.9780701754385964)",1,96.91228070175455,37079
"(0.868421052631579, 0.9780701754385964)",1,96.91228070175455,37080
"(0.868421052631579, 0.9736842105263158)",1,96.91228070175434,37081
"(0.8464912280701754, 0.9736842105263158)",1,96.91228070175433,37082
"(0.7763157894736842, 0.9736842105263158)",1,96.91228070175433,37083
"(0.8991228070175439, 0.9736842105263158)",1,96.91228070175433,37084
"(0.2352272727272727, 0.9977272727272728)",1,96.91174242424248,37085
"(0.6260135135135135, 0.977027027027027)",1,96.91148648648644,37086
"(0.53375, 0.985)",1,96.91125000000004,37087
"(0.475, 0.98625)",1,96.91125,37088
"(0.271969696969697, 1.0)",1,96.91098484848484,37089
"(0.95, 0.975)",2,96.91071428571416,37091
"(0.4462121212121212, 0.9965909090909092)",1,96.91060606060618,37092
"(0.7051282051282052, 0.9871794871794872)",1,96.91025641025657,37093
"(0.7435897435897436, 0.9871794871794872)",3,96.91025641025657,37096
"(0.8205128205128205, 0.9871794871794872)",1,96.91025641025654,37097
"(0.7875, 0.9739864864864864)",1,96.91013513513504,37098
"(0.64125, 0.99)",1,96.90999999999995,37099
"(0.5337121212121212, 1.0)",1,96.90984848484852,37100
"(0.8108108108108109, 0.979391891891892)",1,96.90979729729736,37101
"(0.6260135135135135, 0.9804054054054054)",1,96.90979729729732,37102
"(0.5939189189189189, 0.977027027027027)",2,96.90912162162152,37104
"(0.49625, 0.9975)",1,96.9087500000002,37105
"(0.9875, 0.9958333333333332)",1,96.90833333333347,37106
"(0.975, 0.9958333333333332)",2,96.90833333333336,37108
"(0.9875, 1.0)",1,96.90833333333332,37109
"(0.9666666666666668, 1.0)",1,96.9083333333333,37110
"(0.8791666666666667, 0.975)",1,96.90833333333318,37111
"(0.9125, 0.975)",1,96.90833333333318,37112
"(0.6096491228070176, 0.9736842105263158)",3,96.90789473684204,37115
"(0.49375, 0.9975)",1,96.9075000000002,37116
"(0.5, 0.9825)",1,96.9074999999999,37117
"(0.49625, 0.99125)",1,96.90749999999984,37118
"(0.5390151515151516, 0.9977272727272728)",1,96.90719696969704,37119
"(0.9107142857142856, 0.9678571428571427)",3,96.90714285714276,37122
"(0.8372093023255814, 0.9767441860465116)",1,96.90697674418615,37123
"(0.8604651162790697, 0.9767441860465116)",2,96.90697674418615,37125
"(0.5930232558139535, 0.9767441860465116)",1,96.90697674418615,37126
"(0.9069767441860463, 0.9767441860465116)",1,96.90697674418615,37127
"(0.7093023255813954, 0.9767441860465116)",1,96.90697674418615,37128
"(0.5232558139534884, 0.9767441860465116)",1,96.90697674418615,37129
"(0.7441860465116279, 0.9767441860465116)",2,96.90697674418615,37131
"(0.7209302325581395, 0.9767441860465116)",1,96.90697674418614,37132
"(0.7093023255813954, 0.9767441860465116)",1,96.90697674418614,37133
"(0.5697674418604651, 0.9767441860465116)",2,96.90697674418614,37135
"(0.5813953488372093, 0.9767441860465116)",1,96.90697674418614,37136
"(0.813953488372093, 0.9767441860465116)",1,96.90697674418614,37137
"(0.7674418604651163, 0.9767441860465116)",1,96.90697674418614,37138
"(0.5930232558139535, 0.9767441860465116)",1,96.90697674418614,37139
"(0.9186046511627908, 0.9767441860465116)",1,96.90697674418614,37140
"(0.8837209302325582, 0.9767441860465116)",1,96.90697674418614,37141
"(0.6511627906976745, 0.9767441860465116)",1,96.90697674418614,37142
"(0.9131756756756756, 0.9777027027027028)",1,96.90641891891887,37143
"(0.5325, 0.98625)",1,96.90625000000004,37144
"(0.8263513513513514, 0.979391891891892)",1,96.9060810810811,37145
"(0.6233108108108109, 0.9820945945945946)",1,96.90574324324324,37146
"(0.9131756756756756, 0.9777027027027028)",1,96.9057432432432,37147
"(0.9300675675675676, 0.9763513513513512)",1,96.90540540540536,37148
"(0.772972972972973, 0.9787162162162162)",1,96.9050675675676,37149
"(0.50375, 0.9975)",1,96.90500000000014,37150
"(0.9916666666666668, 0.9958333333333332)",1,96.90416666666673,37151
"(0.8260135135135135, 0.9743243243243244)",2,96.9037162162162,37153
"(0.9178571428571428, 0.9642857142857144)",1,96.9035714285713,37154
"(0.9607142857142856, 0.975)",1,96.90357142857124,37155
"(0.925438596491228, 0.9692982456140352)",1,96.90350877193,37156
"(0.868421052631579, 0.9736842105263158)",1,96.9035087719298,37157
"(0.8245614035087719, 0.9736842105263158)",1,96.90350877192978,37158
"(0.912280701754386, 0.9736842105263158)",1,96.90350877192976,37159
"(0.9210526315789472, 0.9736842105263158)",1,96.90350877192976,37160
"(0.847972972972973, 0.970945945945946)",1,96.90337837837842,37161
"(0.9444444444444444, 0.9861111111111112)",1,96.90277777777798,37162
"(0.8333333333333334, 0.9861111111111112)",1,96.90277777777796,37163
"(0.8611111111111112, 0.9861111111111112)",1,96.90277777777796,37164
"(0.9861111111111112, 0.9722222222222222)",1,96.90277777777796,37165
"(0.8194444444444444, 0.9861111111111112)",3,96.90277777777796,37168
"(0.8888888888888888, 0.9861111111111112)",3,96.90277777777796,37171
"(0.7916666666666666, 0.9722222222222222)",1,96.90277777777796,37172
"(0.9027777777777778, 0.9722222222222222)",5,96.90277777777796,37177
"(0.8888888888888888, 0.9722222222222222)",3,96.90277777777796,37180
"(0.8472222222222222, 0.9722222222222222)",3,96.90277777777796,37183
"(0.9444444444444444, 0.9722222222222222)",1,96.90277777777796,37184
"(0.75, 0.9722222222222222)",2,96.90277777777796,37186
"(0.7916666666666666, 0.9861111111111112)",1,96.90277777777796,37187
"(0.875, 0.9722222222222222)",2,96.90277777777796,37189
"(0.6944444444444444, 0.9722222222222222)",1,96.90277777777796,37190
"(0.875, 0.9861111111111112)",1,96.90277777777796,37191
"(0.8055555555555556, 0.9861111111111112)",1,96.90277777777796,37192
"(0.625, 0.9722222222222222)",4,96.90277777777796,37196
"(0.9305555555555556, 0.9722222222222222)",3,96.90277777777796,37199
"(0.7777777777777778, 0.9861111111111112)",2,96.90277777777796,37201
"(0.8472222222222222, 0.9722222222222222)",6,96.90277777777794,37207
"(0.9027777777777778, 0.9722222222222222)",1,96.90277777777794,37208
"(0.75, 0.9722222222222222)",1,96.90277777777794,37209
"(0.7222222222222222, 0.9722222222222222)",2,96.90277777777794,37211
"(0.8611111111111112, 0.9722222222222222)",3,96.90277777777794,37214
"(0.9305555555555556, 0.9722222222222222)",1,96.90277777777794,37215
"(0.7916666666666666, 0.9722222222222222)",1,96.90277777777794,37216
"(0.9166666666666666, 0.9722222222222222)",1,96.90277777777794,37217
"(0.8194444444444444, 0.9722222222222222)",1,96.90277777777794,37218
"(0.9444444444444444, 0.9722222222222222)",4,96.90277777777794,37222
"(0.8333333333333334, 0.9722222222222222)",1,96.90277777777794,37223
"(0.8888888888888888, 0.9722222222222222)",2,96.90277777777794,37225
"(0.875, 0.9722222222222222)",2,96.90277777777794,37227
"(0.8194444444444444, 1.0)",1,96.90277777777776,37228
"(0.9037162162162162, 0.9739864864864864)",1,96.90236486486486,37229
"(0.5442567567567568, 0.9743243243243244)",1,96.90202702702705,37230
"(0.5158783783783784, 0.9753378378378378)",1,96.90135135135132,37231
"(0.43875, 0.995)",1,96.90125000000003,37232
"(0.8216216216216217, 0.975)",1,96.90101351351348,37233
"(0.5736486486486486, 0.9773648648648648)",2,96.9003378378378,37235
"(0.8773648648648649, 0.9736486486486486)",2,96.9003378378378,37237
"(0.9166666666666666, 0.9666666666666668)",3,96.90000000000016,37240
"(0.9333333333333332, 0.9666666666666668)",1,96.90000000000016,37241
"(0.9125, 0.9958333333333332)",1,96.90000000000008,37242
"(0.9166666666666666, 0.9833333333333332)",1,96.90000000000008,37243
"(0.9666666666666668, 0.9833333333333332)",1,96.90000000000006,37244
"(0.49875, 0.99875)",3,96.90000000000006,37247
"(0.9428571428571428, 0.9714285714285714)",1,96.90000000000003,37248
"(0.9875, 0.9958333333333332)",2,96.90000000000003,37250
"(0.9625, 0.9958333333333332)",1,96.90000000000003,37251
"(0.925, 0.9714285714285714)",1,96.9,37252
"(0.8333333333333334, 1.0)",1,96.9,37253
"(0.5871212121212122, 1.0)",3,96.9,37256
"(0.9642857142857144, 0.9714285714285714)",1,96.9,37257
"(0.9714285714285714, 0.9678571428571427)",3,96.89999999999996,37260
"(0.9107142857142856, 0.9678571428571427)",1,96.89999999999996,37261
"(0.9142857142857144, 0.9678571428571427)",1,96.89999999999992,37262
"(0.775, 0.975)",2,96.89999999999988,37264
"(0.9, 0.975)",1,96.89999999999988,37265
"(0.6625, 0.975)",2,96.89999999999988,37267
"(0.75, 0.975)",1,96.89999999999988,37268
"(0.85, 0.975)",1,96.89999999999988,37269
"(0.9375, 0.975)",2,96.89999999999988,37271
"(0.925, 0.975)",2,96.89999999999988,37273
"(0.825, 0.975)",1,96.89999999999988,37274
"(0.95, 0.975)",1,96.89999999999988,37275
"(0.6875, 0.975)",1,96.89999999999988,37276
"(0.7875, 0.975)",1,96.89999999999988,37277
"(0.95, 0.975)",1,96.89999999999986,37278
"(0.9, 0.975)",2,96.89999999999986,37280
"(0.8535714285714285, 0.975)",1,96.89999999999984,37281
"(0.912280701754386, 0.9692982456140352)",1,96.89912280701772,37282
"(0.8289473684210527, 0.9692982456140352)",1,96.89912280701772,37283
"(0.7456140350877193, 0.9692982456140352)",1,96.8991228070177,37284
"(0.8903508771929824, 0.9692982456140352)",1,96.8991228070177,37285
"(0.8771929824561403, 0.9736842105263158)",2,96.89912280701748,37287
"(0.6096491228070176, 0.9736842105263158)",1,96.89912280701748,37288
"(0.8245614035087719, 0.9736842105263158)",2,96.89912280701748,37290
"(0.8587837837837838, 0.977027027027027)",1,96.89797297297288,37291
"(0.5075, 0.99625)",2,96.89750000000008,37293
"(0.52125, 1.0)",3,96.89750000000006,37296
"(0.7435897435897436, 0.9871794871794872)",1,96.89743589743604,37297
"(0.8076923076923077, 0.9871794871794872)",2,96.89743589743604,37299
"(0.4871794871794871, 0.9871794871794872)",1,96.89743589743604,37300
"(0.6794871794871795, 1.0)",1,96.8974358974359,37301
"(0.4174242424242424, 0.9984848484848484)",1,96.89734848484852,37302
"(0.5216216216216216, 0.975)",1,96.8972972972973,37303
"(0.7827702702702702, 0.9743243243243244)",2,96.89729729729729,37305
"(0.8162162162162162, 0.977027027027027)",1,96.8966216216216,37306
"(0.9357142857142856, 0.9714285714285714)",1,96.8964285714286,37307
"(0.9714285714285714, 0.9678571428571427)",1,96.89642857142852,37308
"(0.9071428571428573, 0.9678571428571427)",3,96.89642857142849,37311
"(0.9428571428571428, 0.975)",3,96.89642857142846,37314
"(0.572972972972973, 0.9763513513513512)",1,96.89594594594588,37315
"(0.5034090909090909, 0.996969696969697)",1,96.89583333333346,37316
"(0.9416666666666668, 0.9833333333333332)",1,96.89583333333336,37317
"(0.9916666666666668, 0.9958333333333332)",1,96.89583333333336,37318
"(0.9458333333333332, 0.975)",1,96.8958333333332,37319
"(0.9333333333333332, 0.9875)",1,96.8958333333332,37320
"(0.813953488372093, 0.9883720930232558)",1,96.89534883720948,37321
"(0.7790697674418605, 0.9767441860465116)",1,96.8953488372094,37322
"(0.8372093023255814, 0.9767441860465116)",1,96.8953488372094,37323
"(0.7441860465116279, 0.9767441860465116)",1,96.8953488372094,37324
"(0.8604651162790697, 0.9767441860465116)",2,96.8953488372094,37326
"(0.7674418604651163, 0.9767441860465116)",2,96.8953488372094,37328
"(0.6046511627906976, 0.9767441860465116)",1,96.8953488372094,37329
"(0.5465116279069767, 0.9767441860465116)",2,96.8953488372094,37331
"(0.8255813953488372, 0.9767441860465116)",1,96.8953488372094,37332
"(0.5930232558139535, 0.9767441860465116)",1,96.8953488372094,37333
"(0.8023255813953488, 0.9767441860465116)",1,96.8953488372094,37334
"(0.9302325581395348, 0.9767441860465116)",1,96.8953488372094,37335
"(0.6976744186046512, 0.9767441860465116)",1,96.8953488372094,37336
"(0.6744186046511628, 0.9767441860465116)",1,96.8953488372094,37337
"(0.813953488372093, 0.9767441860465116)",1,96.8953488372094,37338
"(0.5697674418604651, 0.9767441860465116)",1,96.8953488372094,37339
"(0.8837209302325582, 0.9767441860465116)",1,96.8953488372094,37340
"(0.459469696969697, 0.9973484848484848)",3,96.89507575757582,37343
"(0.7763157894736842, 0.9692982456140352)",1,96.89473684210544,37344
"(0.9078947368421052, 0.9736842105263158)",1,96.89473684210522,37345
"(0.9078947368421052, 0.9736842105263158)",1,96.8947368421052,37346
"(0.7638513513513514, 0.9760135135135136)",1,96.89459459459452,37347
"(0.5481060606060606, 0.9992424242424244)",1,96.8943181818182,37348
"(0.5537878787878788, 1.0)",1,96.89431818181818,37349
"(0.495, 0.98875)",1,96.89374999999993,37350
"(0.8952702702702703, 0.9733108108108108)",2,96.89358108108108,37352
"(0.5746212121212121, 1.0)",3,96.89318181818182,37355
"(0.9642857142857144, 0.9714285714285714)",1,96.89285714285718,37356
"(0.9642857142857144, 0.9785714285714284)",1,96.89285714285712,37357
"(0.95, 0.9678571428571427)",3,96.89285714285708,37360
"(0.95, 0.975)",1,96.89285714285704,37361
"(0.95, 0.975)",1,96.892857142857,37362
"(0.9607142857142856, 0.975)",1,96.892857142857,37363
"(0.4867424242424242, 0.9988636363636364)",1,96.89280303030309,37364
"(0.9791666666666666, 0.9958333333333332)",1,96.89166666666678,37365
"(0.9583333333333334, 0.9958333333333332)",2,96.89166666666677,37367
"(0.5736486486486486, 0.9820945945945946)",1,96.89155405405408,37368
"(0.2454545454545454, 1.0)",3,96.89128787878788,37371
"(0.8402027027027027, 0.9773648648648648)",1,96.89054054054046,37372
"(0.75, 0.9780701754385964)",1,96.89035087719316,37373
"(0.6228070175438597, 0.9692982456140352)",1,96.89035087719316,37374
"(0.7763157894736842, 0.9912280701754386)",1,96.89035087719296,37375
"(0.6954545454545454, 1.0)",3,96.89015151515152,37378
"(0.8290540540540541, 0.9756756756756756)",1,96.88986486486488,37379
"(0.4768939393939393, 0.9988636363636364)",1,96.8897727272728,37380
"(0.7712837837837838, 0.9739864864864864)",1,96.88952702702696,37381
"(0.5132575757575758, 0.9988636363636364)",1,96.88939393939404,37382
"(0.9714285714285714, 0.9714285714285714)",1,96.88928571428576,37383
"(0.9321428571428572, 0.9714285714285714)",1,96.88928571428572,37384
"(0.9392857142857144, 0.9714285714285714)",1,96.88928571428572,37385
"(0.9178571428571428, 0.975)",1,96.88928571428558,37386
"(0.9535714285714286, 0.975)",1,96.88928571428556,37387
"(0.9607142857142856, 0.975)",2,96.88928571428556,37389
"(0.75, 0.9787162162162162)",1,96.88918918918915,37390
"(0.8194444444444444, 0.9861111111111112)",1,96.88888888888908,37391
"(0.8888888888888888, 0.9861111111111112)",3,96.88888888888908,37394
"(0.9861111111111112, 0.9722222222222222)",1,96.88888888888908,37395
"(0.7083333333333334, 0.9861111111111112)",1,96.88888888888908,37396
"(0.6944444444444444, 0.9722222222222222)",1,96.88888888888908,37397
"(0.7916666666666666, 0.9722222222222222)",1,96.88888888888908,37398
"(0.4166666666666667, 0.9861111111111112)",1,96.88888888888908,37399
"(0.9027777777777778, 0.9861111111111112)",1,96.88888888888908,37400
"(0.8055555555555556, 0.9861111111111112)",1,96.88888888888908,37401
"(0.9722222222222222, 0.9861111111111112)",1,96.88888888888908,37402
"(0.8472222222222222, 0.9722222222222222)",1,96.88888888888908,37403
"(0.8611111111111112, 0.9861111111111112)",2,96.88888888888908,37405
"(0.8888888888888888, 0.9722222222222222)",5,96.88888888888906,37410
"(0.8333333333333334, 0.9722222222222222)",9,96.88888888888906,37419
"(0.8611111111111112, 0.9722222222222222)",4,96.88888888888906,37423
"(0.7916666666666666, 0.9722222222222222)",4,96.88888888888906,37427
"(0.9166666666666666, 0.9722222222222222)",6,96.88888888888906,37433
"(0.8472222222222222, 0.9722222222222222)",4,96.88888888888906,37437
"(0.7222222222222222, 0.9722222222222222)",2,96.88888888888906,37439
"(0.7638888888888888, 0.9722222222222222)",1,96.88888888888906,37440
"(0.8194444444444444, 0.9722222222222222)",3,96.88888888888906,37443
"(0.9027777777777778, 0.9722222222222222)",2,96.88888888888906,37445
"(0.9305555555555556, 0.9722222222222222)",1,96.88888888888906,37446
"(0.875, 0.9722222222222222)",6,96.88888888888906,37452
"(0.75, 1.0)",1,96.88888888888889,37453
"(0.49875, 0.9975)",1,96.88875000000012,37454
"(0.48625, 0.99875)",1,96.88875000000009,37455
"(0.2943181818181818, 0.9981060606060606)",1,96.88863636363644,37456
"(0.525, 0.9992424242424244)",3,96.88863636363638,37459
"(0.8402027027027027, 0.9777027027027028)",1,96.8881756756756,37460
"(0.3875, 0.9984848484848484)",1,96.88787878787882,37461
"(0.577027027027027, 0.9763513513513512)",1,96.88749999999992,37462
"(0.925, 0.975)",1,96.88749999999987,37463
"(0.85, 0.975)",2,96.88749999999987,37465
"(0.9125, 0.975)",2,96.88749999999987,37467
"(0.8875, 0.975)",3,96.88749999999987,37470
"(0.95, 0.975)",1,96.88749999999987,37471
"(0.6875, 0.975)",1,96.88749999999987,37472
"(0.9375, 0.975)",1,96.88749999999987,37473
"(0.775, 0.975)",1,96.88749999999986,37474
"(0.875, 0.975)",1,96.88749999999986,37475
"(0.9625, 0.975)",1,96.88749999999986,37476
"(0.925, 0.975)",1,96.88749999999986,37477
"(0.8625, 0.975)",1,96.88749999999986,37478
"(0.5424242424242425, 1.0)",3,96.88636363636364,37481
"(0.66, 0.98125)",1,96.88625,37482
"(0.8289473684210527, 0.9692982456140352)",1,96.88596491228088,37483
"(0.7149122807017544, 0.9736842105263158)",1,96.88596491228066,37484
"(0.868421052631579, 0.9736842105263158)",1,96.88596491228066,37485
"(0.9078947368421052, 0.9736842105263158)",1,96.88596491228064,37486
"(0.925, 0.9714285714285714)",1,96.88571428571431,37487
"(0.9428571428571428, 0.9714285714285714)",1,96.88571428571429,37488
"(0.9535714285714286, 0.975)",1,96.88571428571412,37489
"(0.2102272727272727, 0.999621212121212)",3,96.88560606060608,37492
"(0.8449324324324324, 0.9783783783783784)",2,96.88513513513516,37494
"(0.5265151515151515, 0.9981060606060606)",1,96.88484848484852,37495
"(0.8076923076923077, 0.9871794871794872)",1,96.88461538461551,37496
"(0.4230769230769231, 0.9871794871794872)",2,96.88461538461551,37498
"(0.7435897435897436, 0.9871794871794872)",6,96.88461538461551,37504
"(0.6794871794871795, 0.9871794871794872)",2,96.88461538461551,37506
"(0.6025641025641025, 0.9871794871794872)",1,96.88461538461551,37507
"(0.717948717948718, 0.9871794871794872)",1,96.88461538461551,37508
"(0.7692307692307693, 1.0)",1,96.8846153846154,37509
"(0.6233108108108109, 0.9817567567567568)",1,96.88445945945946,37510
"(0.5486486486486486, 0.977027027027027)",1,96.88412162162156,37511
"(0.9186046511627908, 0.9767441860465116)",1,96.88372093023268,37512
"(0.7441860465116279, 0.9767441860465116)",1,96.88372093023268,37513
"(0.8837209302325582, 0.9767441860465116)",1,96.88372093023268,37514
"(0.6976744186046512, 0.9767441860465116)",2,96.88372093023268,37516
"(0.5930232558139535, 0.9767441860465116)",1,96.88372093023266,37517
"(0.9186046511627908, 0.9767441860465116)",1,96.88372093023266,37518
"(0.7906976744186046, 0.9767441860465116)",2,96.88372093023266,37520
"(0.9651162790697676, 0.9767441860465116)",1,96.88372093023266,37521
"(0.5465116279069767, 0.9767441860465116)",1,96.88372093023266,37522
"(0.8604651162790697, 0.9767441860465116)",1,96.88372093023266,37523
"(0.5348837209302325, 0.9767441860465116)",1,96.88372093023266,37524
"(0.8837209302325582, 0.9767441860465116)",2,96.88372093023266,37526
"(0.5697674418604651, 0.9767441860465116)",3,96.88372093023266,37529
"(0.627906976744186, 0.9767441860465116)",1,96.88372093023266,37530
"(0.813953488372093, 0.9767441860465116)",1,96.88372093023266,37531
"(0.7674418604651163, 0.9767441860465116)",1,96.88372093023264,37532
"(0.5697674418604651, 0.9767441860465116)",1,96.88372093023264,37533
"(0.9186046511627908, 1.0)",1,96.88372093023256,37534
"(0.4534090909090909, 0.9992424242424244)",1,96.88371212121216,37535
"(0.4534090909090909, 0.999621212121212)",1,96.88371212121216,37536
"(0.9333333333333332, 0.9666666666666668)",1,96.88333333333348,37537
"(0.8833333333333333, 0.9666666666666668)",1,96.88333333333348,37538
"(1.0, 0.9666666666666668)",2,96.88333333333348,37540
"(0.9791666666666666, 0.9958333333333332)",1,96.88333333333344,37541
"(0.9916666666666668, 0.9958333333333332)",1,96.88333333333344,37542
"(0.95, 0.9833333333333332)",1,96.8833333333334,37543
"(0.9666666666666668, 0.9833333333333332)",1,96.8833333333334,37544
"(0.9333333333333332, 0.9833333333333332)",2,96.8833333333334,37546
"(0.9166666666666666, 0.9833333333333332)",1,96.8833333333334,37547
"(0.4651515151515151, 0.9988636363636364)",1,96.88333333333335,37548
"(0.9833333333333332, 1.0)",1,96.88333333333333,37549
"(0.5402027027027027, 0.983445945945946)",1,96.88310810810812,37550
"(0.831081081081081, 0.9773648648648648)",1,96.88310810810808,37551
"(0.5310810810810811, 0.9719594594594596)",1,96.88277027027026,37552
"(0.52125, 0.99)",1,96.88249999999984,37553
"(0.52125, 0.99125)",1,96.88249999999982,37554
"(0.6037162162162162, 0.9736486486486486)",1,96.88243243243248,37555
"(0.9178571428571428, 0.975)",1,96.88214285714272,37556
"(0.95, 0.9642857142857144)",1,96.8821428571427,37557
"(0.908445945945946, 0.9746621621621622)",1,96.88209459459456,37558
"(0.8584459459459459, 0.9746621621621622)",1,96.88175675675674,37559
"(0.8070175438596491, 0.9780701754385964)",2,96.8815789473686,37561
"(0.8464912280701754, 0.9736842105263158)",1,96.88157894736835,37562
"(0.7456140350877193, 0.9736842105263158)",1,96.88157894736835,37563
"(0.868421052631579, 0.9736842105263158)",1,96.88157894736835,37564
"(0.4556818181818182, 0.9988636363636364)",1,96.88143939393944,37565
"(0.5325, 0.98)",1,96.88125000000008,37566
"(0.572972972972973, 0.981418918918919)",1,96.88108108108108,37567
"(0.4689393939393939, 1.0)",2,96.8810606060606,37569
"(0.6284090909090909, 0.9992424242424244)",1,96.88068181818184,37570
"(0.4996212121212121, 1.0)",2,96.87992424242424,37572
"(0.5481060606060606, 0.999621212121212)",1,96.87954545454544,37573
"(0.9833333333333332, 0.9958333333333332)",2,96.8791666666668,37575
"(0.9208333333333332, 0.9958333333333332)",1,96.87916666666672,37576
"(0.5871212121212122, 1.0)",1,96.87916666666666,37577
"(0.60625, 0.99375)",1,96.87875,37578
"(0.46125, 0.98625)",1,96.87874999999994,37579
"(0.9607142857142856, 0.9714285714285714)",1,96.87857142857143,37580
"(0.95, 0.9714285714285714)",1,96.87857142857143,37581
"(0.9642857142857144, 0.9678571428571427)",1,96.87857142857132,37582
"(0.7280701754385965, 0.9736842105263158)",1,96.87719298245608,37583
"(0.7149122807017544, 0.9736842105263158)",1,96.87719298245608,37584
"(0.8552631578947368, 0.9736842105263158)",1,96.87719298245608,37585
"(0.5057432432432433, 0.975)",1,96.87668918918918,37586
"(0.6175, 0.99375)",1,96.87624999999998,37587
"(0.8439189189189189, 0.9743243243243244)",2,96.8760135135135,37589
"(0.456060606060606, 0.9954545454545456)",3,96.87575757575776,37592
"(0.5570945945945946, 0.9780405405405406)",1,96.87567567567568,37593
"(0.7925675675675675, 0.977027027027027)",1,96.87567567567568,37594
"(0.9037162162162162, 0.9736486486486486)",1,96.87533783783788,37595
"(0.9027777777777778, 0.9861111111111112)",1,96.8750000000002,37596
"(0.48875, 0.99375)",1,96.8750000000002,37597
"(0.9166666666666666, 0.9861111111111112)",1,96.8750000000002,37598
"(0.8611111111111112, 0.9861111111111112)",1,96.8750000000002,37599
"(0.9444444444444444, 0.9861111111111112)",1,96.8750000000002,37600
"(0.8888888888888888, 0.9861111111111112)",1,96.8750000000002,37601
"(0.8194444444444444, 0.9861111111111112)",1,96.8750000000002,37602
"(0.8055555555555556, 0.9861111111111112)",1,96.8750000000002,37603
"(0.9722222222222222, 0.9861111111111112)",1,96.8750000000002,37604
"(0.9861111111111112, 0.9722222222222222)",3,96.87500000000016,37607
"(0.8194444444444444, 0.9722222222222222)",3,96.87500000000016,37610
"(0.9027777777777778, 0.9722222222222222)",9,96.87500000000016,37619
"(0.8472222222222222, 0.9722222222222222)",8,96.87500000000016,37627
"(0.8055555555555556, 0.9722222222222222)",2,96.87500000000016,37629
"(0.8333333333333334, 0.9722222222222222)",6,96.87500000000016,37635
"(0.8611111111111112, 0.9722222222222222)",3,96.87500000000016,37638
"(0.875, 0.9722222222222222)",7,96.87500000000016,37645
"(0.9166666666666666, 0.9722222222222222)",4,96.87500000000016,37649
"(0.6944444444444444, 0.9722222222222222)",2,96.87500000000016,37651
"(0.7222222222222222, 0.9722222222222222)",2,96.87500000000016,37653
"(0.9305555555555556, 0.9722222222222222)",2,96.87500000000016,37655
"(0.8888888888888888, 0.9722222222222222)",3,96.87500000000016,37658
"(0.9791666666666666, 0.9958333333333332)",1,96.8750000000001,37659
"(0.9916666666666668, 0.9958333333333332)",1,96.87500000000009,37660
"(0.95, 0.9958333333333332)",2,96.87500000000009,37662
"(0.9916666666666668, 0.9958333333333332)",1,96.87500000000006,37663
"(0.75, 1.0)",1,96.875,37664
"(0.9642857142857144, 0.9714285714285714)",2,96.875,37666
"(0.7916666666666666, 1.0)",1,96.875,37667
"(0.8357142857142857, 0.9714285714285714)",1,96.875,37668
"(0.9166666666666666, 1.0)",1,96.875,37669
"(0.925, 0.9678571428571427)",1,96.87499999999996,37670
"(0.8445945945945946, 0.9739864864864864)",1,96.87499999999991,37671
"(0.8375, 0.975)",3,96.87499999999989,37674
"(0.9, 0.975)",5,96.87499999999989,37679
"(0.8875, 0.975)",3,96.87499999999989,37682
"(0.95, 0.975)",1,96.87499999999989,37683
"(0.6625, 0.975)",1,96.87499999999989,37684
"(0.9607142857142856, 0.975)",1,96.87499999999989,37685
"(0.4125, 0.975)",1,96.87499999999989,37686
"(0.75, 0.975)",1,96.87499999999989,37687
"(0.925, 0.975)",1,96.87499999999989,37688
"(0.9125, 0.975)",1,96.87499999999989,37689
"(0.9375, 0.975)",2,96.87499999999989,37691
"(0.85, 0.975)",1,96.87499999999989,37692
"(0.5390151515151516, 0.9962121212121212)",1,96.87462121212133,37693
"(0.7712837837837838, 0.9743243243243244)",2,96.87432432432428,37695
"(0.6260135135135135, 0.981418918918919)",1,96.87432432432428,37696
"(0.5155405405405405, 0.9817567567567568)",1,96.87398648648649,37697
"(0.49875, 0.99625)",2,96.87375000000004,37699
"(0.8527027027027027, 0.9777027027027028)",1,96.87297297297296,37700
"(0.912280701754386, 0.9736842105263158)",1,96.8728070175438,37701
"(0.8640350877192983, 0.9736842105263158)",1,96.8728070175438,37702
"(0.8771929824561403, 0.9736842105263158)",1,96.8728070175438,37703
"(0.75, 0.9736842105263158)",1,96.8728070175438,37704
"(0.9166666666666666, 0.9736842105263158)",1,96.8728070175438,37705
"(0.52125, 0.98625)",1,96.87249999999987,37706
"(0.5465116279069767, 0.9767441860465116)",1,96.87209302325591,37707
"(0.7790697674418605, 0.9767441860465116)",1,96.87209302325591,37708
"(0.5930232558139535, 0.9767441860465116)",2,96.87209302325591,37710
"(0.8604651162790697, 0.9767441860465116)",3,96.87209302325591,37713
"(0.5348837209302325, 0.9767441860465116)",1,96.87209302325591,37714
"(0.5232558139534884, 0.9767441860465116)",1,96.87209302325591,37715
"(0.872093023255814, 0.9767441860465116)",1,96.87209302325591,37716
"(0.6046511627906976, 0.9767441860465116)",2,96.87209302325591,37718
"(0.7441860465116279, 0.9767441860465116)",1,96.87209302325591,37719
"(0.7558139534883721, 0.9767441860465116)",1,96.87209302325591,37720
"(0.5465116279069767, 0.9767441860465116)",1,96.8720930232559,37721
"(0.8023255813953488, 0.9767441860465116)",2,96.8720930232559,37723
"(0.6046511627906976, 0.9767441860465116)",3,96.8720930232559,37726
"(0.3814393939393939, 0.9988636363636364)",1,96.8719696969697,37727
"(0.7307692307692307, 0.9871794871794872)",1,96.871794871795,37728
"(0.2179487179487179, 1.0)",1,96.87179487179486,37729
"(0.4621212121212121, 0.9984848484848484)",1,96.87159090909094,37730
"(0.9285714285714286, 0.9714285714285714)",2,96.8714285714286,37732
"(0.9392857142857144, 0.9714285714285714)",1,96.8714285714286,37733
"(0.925, 0.9678571428571427)",2,96.87142857142852,37735
"(0.9714285714285714, 0.975)",1,96.87142857142848,37736
"(0.9535714285714286, 0.975)",1,96.87142857142844,37737
"(0.9291666666666668, 0.9791666666666666)",1,96.87083333333352,37738
"(0.9708333333333332, 0.9958333333333332)",1,96.87083333333342,37739
"(0.9916666666666668, 0.9958333333333332)",1,96.87083333333337,37740
"(0.8875, 0.975)",1,96.87083333333317,37741
"(0.6260135135135135, 0.9827702702702704)",1,96.87027027027024,37742
"(0.5331081081081082, 0.9760135135135136)",1,96.8702702702702,37743
"(0.3223484848484848, 0.9992424242424244)",1,96.86893939393944,37744
"(0.531060606060606, 0.999621212121212)",1,96.8689393939394,37745
"(0.5871212121212122, 1.0)",3,96.8689393939394,37748
"(0.49375, 0.9975)",1,96.86875000000012,37749
"(0.48875, 0.9975)",1,96.86875000000003,37750
"(0.595, 0.9925)",1,96.86875,37751
"(0.51, 0.9875)",2,96.86874999999992,37753
"(0.9300675675675676, 0.9787162162162162)",1,96.86858108108106,37754
"(0.3443181818181818, 1.0)",1,96.8685606060606,37755
"(0.9078947368421052, 0.9736842105263158)",3,96.86842105263152,37758
"(0.8333333333333334, 0.9736842105263158)",1,96.86842105263152,37759
"(0.8596491228070176, 0.9736842105263158)",1,96.86842105263152,37760
"(0.8608108108108108, 0.9783783783783784)",1,96.86824324324331,37761
"(0.8608108108108108, 0.9739864864864864)",1,96.86790540540542,37762
"(0.9142857142857144, 0.9714285714285714)",1,96.86785714285718,37763
"(0.9357142857142856, 0.9714285714285714)",2,96.86785714285718,37765
"(0.9035714285714286, 0.9714285714285714)",1,96.86785714285712,37766
"(0.9142857142857144, 0.9678571428571427)",1,96.8678571428571,37767
"(0.9642857142857144, 0.9678571428571427)",1,96.8678571428571,37768
"(0.9285714285714286, 0.975)",1,96.867857142857,37769
"(0.9428571428571428, 0.975)",1,96.867857142857,37770
"(0.9428571428571428, 0.975)",1,96.86785714285698,37771
"(0.296969696969697, 0.9984848484848484)",1,96.86780303030308,37772
"(0.4049242424242424, 0.9988636363636364)",1,96.86780303030304,37773
"(0.6681818181818182, 1.0)",1,96.86780303030304,37774
"(0.49875, 0.99875)",1,96.86750000000006,37775
"(0.2704545454545454, 0.9992424242424244)",1,96.86704545454546,37776
"(0.9166666666666666, 0.9666666666666668)",2,96.86666666666682,37778
"(0.9583333333333334, 0.9791666666666666)",1,96.86666666666682,37779
"(0.8166666666666667, 0.9833333333333332)",1,96.86666666666672,37780
"(0.9333333333333332, 0.9833333333333332)",1,96.86666666666672,37781
"(0.9666666666666668, 0.9958333333333332)",1,96.86666666666672,37782
"(1.0, 0.9958333333333332)",1,96.86666666666672,37783
"(0.9791666666666666, 0.9958333333333332)",1,96.86666666666672,37784
"(0.75, 1.0)",1,96.86666666666667,37785
"(0.7333333333333333, 1.0)",1,96.86666666666667,37786
"(0.5320945945945946, 0.9726351351351352)",1,96.86520270270276,37787
"(0.7655405405405405, 0.9756756756756756)",2,96.86520270270267,37789
"(0.4666666666666667, 1.0)",2,96.86515151515152,37791
"(0.51875, 0.9975)",1,96.86500000000008,37792
"(0.61625, 0.985)",1,96.865,37793
"(0.5689189189189189, 0.977027027027027)",2,96.86452702702692,37795
"(0.95, 0.9714285714285714)",1,96.86428571428578,37796
"(0.9428571428571428, 0.9714285714285714)",1,96.86428571428571,37797
"(0.9642857142857144, 0.9678571428571427)",1,96.8642857142856,37798
"(0.925, 0.975)",3,96.86428571428556,37801
"(0.9035087719298246, 0.9912280701754386)",1,96.86403508771927,37802
"(0.9385964912280702, 0.9912280701754386)",1,96.86403508771927,37803
"(0.8289473684210527, 0.9736842105263158)",1,96.86403508771924,37804
"(0.7280701754385965, 0.9736842105263158)",1,96.86403508771924,37805
"(0.8333333333333334, 0.9736842105263158)",2,96.86403508771924,37807
"(0.8771929824561403, 0.9736842105263158)",1,96.86403508771924,37808
"(0.8290540540540541, 0.9726351351351352)",1,96.8638513513514,37809
"(0.5300675675675676, 0.9760135135135136)",2,96.86385135135124,37811
"(0.49, 0.9925)",1,96.86375000000004,37812
"(0.8439189189189189, 0.9733108108108108)",1,96.86351351351354,37813
"(0.975, 0.9958333333333332)",2,96.86250000000004,37815
"(0.58125, 0.99)",1,96.86249999999998,37816
"(0.8, 0.975)",1,96.86249999999988,37817
"(0.9125, 0.975)",1,96.86249999999988,37818
"(0.925, 0.975)",1,96.86249999999988,37819
"(0.725, 0.975)",1,96.86249999999988,37820
"(0.7625, 0.975)",2,96.86249999999988,37822
"(0.775, 0.975)",1,96.86249999999988,37823
"(0.6625, 0.975)",7,96.86249999999988,37830
"(0.85, 0.975)",4,96.86249999999988,37834
"(0.9375, 0.975)",1,96.86249999999988,37835
"(0.95, 0.975)",2,96.86249999999988,37837
"(0.8875, 0.975)",2,96.86249999999988,37839
"(0.875, 0.975)",1,96.86249999999988,37840
"(0.7875, 0.975)",2,96.86249999999988,37842
"(0.9, 0.975)",3,96.86249999999988,37845
"(0.8625, 0.975)",2,96.86249999999988,37847
"(0.8375, 0.975)",2,96.86249999999988,37849
"(0.50875, 0.99)",1,96.86249999999984,37850
"(0.5371621621621622, 0.9824324324324324)",1,96.8618243243243,37851
"(0.5736486486486486, 0.9773648648648648)",1,96.86182432432425,37852
"(0.4208333333333333, 0.9988636363636364)",1,96.8617424242425,37853
"(0.465530303030303, 1.0)",3,96.86174242424244,37856
"(0.48375, 0.99125)",2,96.86124999999994,37858
"(0.9027777777777778, 0.9861111111111112)",3,96.86111111111131,37861
"(0.8472222222222222, 0.9861111111111112)",1,96.86111111111131,37862
"(0.8055555555555556, 0.9861111111111112)",2,96.8611111111113,37864
"(0.6944444444444444, 0.9861111111111112)",1,96.8611111111113,37865
"(0.8194444444444444, 0.9861111111111112)",4,96.8611111111113,37869
"(0.7638888888888888, 0.9861111111111112)",1,96.8611111111113,37870
"(0.8611111111111112, 0.9861111111111112)",1,96.8611111111113,37871
"(0.9166666666666666, 0.9722222222222222)",4,96.86111111111128,37875
"(0.7638888888888888, 0.9722222222222222)",2,96.86111111111128,37877
"(0.625, 0.9722222222222222)",5,96.86111111111128,37882
"(0.9305555555555556, 0.9722222222222222)",1,96.86111111111128,37883
"(0.7361111111111112, 0.9722222222222222)",1,96.86111111111128,37884
"(0.7916666666666666, 0.9722222222222222)",2,96.86111111111128,37886
"(0.8055555555555556, 0.9722222222222222)",1,96.86111111111128,37887
"(0.8333333333333334, 0.9722222222222222)",3,96.86111111111128,37890
"(0.8888888888888888, 0.9722222222222222)",2,96.86111111111128,37892
"(0.9444444444444444, 0.9722222222222222)",1,96.86111111111128,37893
"(0.8611111111111112, 0.9722222222222222)",5,96.86111111111128,37898
"(0.8194444444444444, 0.9722222222222222)",1,96.86111111111128,37899
"(0.9027777777777778, 0.9722222222222222)",1,96.86111111111128,37900
"(0.8472222222222222, 0.9722222222222222)",9,96.86111111111128,37909
"(0.875, 0.9722222222222222)",10,96.86111111111128,37919
"(0.6068181818181818, 1.0)",1,96.86098484848486,37920
"(0.6681818181818182, 1.0)",3,96.86098484848485,37923
"(0.9285714285714286, 0.975)",1,96.8607142857142,37924
"(0.8372093023255814, 0.9767441860465116)",1,96.86046511627916,37925
"(0.6046511627906976, 0.9767441860465116)",1,96.86046511627916,37926
"(0.8953488372093024, 0.9767441860465116)",1,96.86046511627916,37927
"(0.9534883720930232, 0.9767441860465116)",2,96.86046511627916,37929
"(0.6395348837209303, 0.9767441860465116)",1,96.86046511627916,37930
"(0.8604651162790697, 0.9767441860465116)",1,96.86046511627916,37931
"(0.7093023255813954, 0.9767441860465116)",1,96.86046511627916,37932
"(0.9186046511627908, 0.9767441860465116)",2,96.86046511627916,37934
"(0.627906976744186, 0.9767441860465116)",1,96.86046511627916,37935
"(0.5465116279069767, 0.9767441860465116)",2,96.86046511627916,37937
"(0.6744186046511628, 0.9767441860465116)",1,96.86046511627916,37938
"(0.8372093023255814, 0.9767441860465116)",1,96.86046511627916,37939
"(0.7906976744186046, 0.9767441860465116)",1,96.86046511627916,37940
"(0.7674418604651163, 0.9767441860465116)",2,96.86046511627916,37942
"(0.8023255813953488, 0.9767441860465116)",1,96.86046511627916,37943
"(0.5, 0.9875)",1,96.85999999999994,37944
"(0.8859649122807017, 0.9912280701754386)",1,96.859649122807,37945
"(0.9078947368421052, 0.9736842105263158)",6,96.85964912280696,37951
"(0.8640350877192983, 0.9736842105263158)",1,96.85964912280696,37952
"(0.8596491228070176, 0.9736842105263158)",2,96.85964912280696,37954
"(0.881578947368421, 0.9736842105263158)",1,96.85964912280696,37955
"(0.9342105263157896, 0.9736842105263158)",3,96.85964912280696,37958
"(0.8510135135135135, 0.9763513513513512)",1,96.8591216216216,37959
"(0.1666666666666666, 0.9871794871794872)",1,96.8589743589745,37960
"(0.7051282051282052, 0.9871794871794872)",1,96.85897435897448,37961
"(0.975, 0.9958333333333332)",1,96.85833333333342,37962
"(0.8513513513513513, 0.9739864864864864)",1,96.8581081081081,37963
"(0.5523648648648649, 0.9763513513513512)",1,96.8577702702702,37964
"(0.5337837837837838, 0.9743243243243244)",1,96.85743243243246,37965
"(0.9607142857142856, 0.9714285714285714)",1,96.85714285714288,37966
"(0.9107142857142856, 0.9714285714285714)",1,96.85714285714288,37967
"(0.9571428571428572, 0.9714285714285714)",2,96.85714285714285,37969
"(0.9392857142857144, 0.9678571428571427)",2,96.8571428571428,37971
"(0.9678571428571427, 0.975)",2,96.85714285714272,37973
"(0.9642857142857144, 0.975)",1,96.8571428571427,37974
"(0.5739864864864865, 0.9820945945945946)",1,96.8570945945946,37975
"(0.43, 0.9975)",1,96.85625000000007,37976
"(0.3814393939393939, 0.9981060606060606)",1,96.85606060606062,37977
"(0.5192567567567568, 0.981418918918919)",1,96.85574324324324,37978
"(0.5358108108108108, 0.9726351351351352)",1,96.85574324324315,37979
"(0.8412162162162162, 0.9773648648648648)",1,96.85540540540536,37980
"(0.8162162162162162, 0.9726351351351352)",1,96.85540540540536,37981
"(0.6216216216216216, 0.9763513513513512)",1,96.85540540540534,37982
"(0.5424242424242425, 1.0)",3,96.85530303030303,37985
"(0.9429824561403508, 0.9692982456140352)",1,96.85526315789492,37986
"(0.7763157894736842, 0.9692982456140352)",1,96.8552631578949,37987
"(0.8596491228070176, 0.9692982456140352)",1,96.8552631578949,37988
"(0.868421052631579, 0.9736842105263158)",1,96.85526315789468,37989
"(0.7280701754385965, 0.9736842105263158)",2,96.85526315789468,37991
"(0.8640350877192983, 0.9736842105263158)",1,96.85526315789468,37992
"(0.8702702702702703, 0.979391891891892)",1,96.85472972972974,37993
"(0.789527027027027, 0.9753378378378378)",2,96.8543918918919,37995
"(0.9833333333333332, 0.9958333333333332)",1,96.85416666666671,37996
"(0.975, 0.9958333333333332)",1,96.85416666666671,37997
"(0.9541666666666668, 0.9875)",1,96.85416666666656,37998
"(0.925, 0.975)",1,96.85416666666649,37999
"(0.5162162162162162, 0.9756756756756756)",1,96.85371621621618,38000
"(0.9571428571428572, 0.975)",1,96.85357142857131,38001
"(0.9285714285714286, 0.975)",2,96.8535714285713,38003
"(0.2893939393939393, 0.9992424242424244)",1,96.8534090909091,38004
"(0.5273648648648649, 0.9746621621621622)",1,96.85337837837837,38005
"(0.5307432432432433, 0.9739864864864864)",1,96.8530405405405,38006
"(0.552027027027027, 0.9773648648648648)",2,96.85304054054046,38008
"(0.228030303030303, 0.9984848484848484)",1,96.85303030303034,38009
"(0.5402027027027027, 0.9763513513513512)",1,96.85270270270269,38010
"(0.485, 0.99375)",2,96.85250000000012,38012
"(0.5570945945945946, 0.9820945945945946)",1,96.8523648648649,38013
"(0.8108108108108109, 0.9766891891891892)",2,96.8523648648648,38015
"(0.9310810810810812, 0.9766891891891892)",1,96.8516891891892,38016
"(0.8327702702702703, 0.9763513513513512)",1,96.8513513513513,38017
"(0.7712837837837838, 0.977027027027027)",1,96.85135135135128,38018
"(0.5075, 0.9975)",3,96.85125000000012,38021
"(0.56125, 0.975)",1,96.85124999999992,38022
"(0.5138513513513514, 0.9733108108108108)",1,96.85101351351354,38023
"(0.8464912280701754, 0.9692982456140352)",1,96.85087719298262,38024
"(0.8640350877192983, 0.9736842105263158)",3,96.8508771929824,38027
"(0.9166666666666666, 0.9736842105263158)",3,96.8508771929824,38030
"(0.6798245614035088, 0.9736842105263158)",1,96.8508771929824,38031
"(0.5027027027027027, 0.9753378378378378)",1,96.85033783783786,38032
"(0.7166666666666667, 0.9666666666666668)",1,96.85000000000016,38033
"(0.9, 0.9666666666666668)",1,96.85000000000016,38034
"(0.8333333333333334, 0.9666666666666668)",2,96.85000000000016,38036
"(0.8666666666666667, 0.9666666666666668)",1,96.85000000000016,38037
"(0.9791666666666666, 0.9958333333333332)",1,96.8500000000001,38038
"(0.8, 0.9833333333333332)",1,96.85000000000008,38039
"(0.9875, 0.9958333333333332)",1,96.85000000000002,38040
"(1.0, 1.0)",1,96.85,38041
"(0.7833333333333333, 1.0)",1,96.85,38042
"(0.9107142857142856, 0.9714285714285714)",2,96.85,38044
"(0.7333333333333333, 1.0)",1,96.85,38045
"(0.9107142857142856, 0.9714285714285714)",1,96.84999999999998,38046
"(0.9, 0.975)",3,96.84999999999988,38049
"(0.875, 0.975)",2,96.84999999999988,38051
"(0.9125, 0.975)",1,96.84999999999988,38052
"(0.7875, 0.975)",1,96.84999999999988,38053
"(0.85, 0.975)",1,96.84999999999988,38054
"(0.85, 0.975)",2,96.84999999999988,38056
"(0.8375, 0.975)",3,96.84999999999988,38059
"(0.95, 0.975)",1,96.84999999999988,38060
"(0.9607142857142856, 0.975)",1,96.84999999999988,38061
"(0.8125, 0.975)",1,96.84999999999988,38062
"(0.9375, 0.975)",1,96.84999999999988,38063
"(0.9375, 0.975)",3,96.84999999999988,38066
"(0.875, 0.975)",1,96.84999999999988,38067
"(0.9642857142857144, 0.975)",1,96.84999999999988,38068
"(0.8625, 0.975)",1,96.8499999999998,38069
"(0.4852272727272727, 0.9893939393939394)",3,96.8492424242423,38072
"(0.7209302325581395, 0.9767441860465116)",1,96.84883720930245,38073
"(0.7790697674418605, 0.9767441860465116)",1,96.84883720930245,38074
"(0.8837209302325582, 0.9767441860465116)",1,96.84883720930245,38075
"(0.6744186046511628, 0.9767441860465116)",2,96.84883720930245,38077
"(0.8372093023255814, 0.9767441860465116)",1,96.84883720930245,38078
"(0.5232558139534884, 0.9767441860465116)",1,96.84883720930245,38079
"(0.7093023255813954, 0.9767441860465116)",1,96.84883720930245,38080
"(0.5697674418604651, 0.9767441860465116)",1,96.84883720930245,38081
"(0.7325581395348837, 0.9767441860465116)",1,96.84883720930245,38082
"(0.627906976744186, 0.9767441860465116)",1,96.84883720930245,38083
"(0.8604651162790697, 0.9767441860465116)",1,96.84883720930242,38084
"(0.7906976744186046, 0.9767441860465116)",1,96.84883720930242,38085
"(0.9534883720930232, 0.9767441860465116)",1,96.84883720930242,38086
"(0.9651162790697676, 0.9767441860465116)",2,96.84883720930242,38088
"(0.8023255813953488, 0.9767441860465116)",1,96.84883720930242,38089
"(0.5465116279069767, 0.9767441860465116)",1,96.84883720930242,38090
"(0.5697674418604651, 0.9767441860465116)",2,96.84883720930242,38092
"(0.8837209302325582, 0.9767441860465116)",2,96.84883720930242,38094
"(0.9186046511627908, 1.0)",1,96.84883720930232,38095
"(0.5540540540540541, 0.9824324324324324)",1,96.84864864864863,38096
"(0.5327702702702702, 0.9773648648648648)",1,96.84831081081084,38097
"(0.847972972972973, 0.9736486486486486)",2,96.84831081081076,38099
"(0.8810810810810811, 0.9736486486486486)",1,96.84797297297295,38100
"(0.9135135135135136, 0.9756756756756756)",1,96.84797297297295,38101
"(0.581081081081081, 0.9722972972972972)",1,96.84763513513518,38102
"(0.48625, 0.98875)",1,96.84749999999995,38103
"(0.9444444444444444, 0.9861111111111112)",1,96.84722222222244,38104
"(0.7083333333333334, 0.9861111111111112)",1,96.84722222222244,38105
"(0.75, 0.9722222222222222)",1,96.8472222222224,38106
"(0.9027777777777778, 0.9722222222222222)",1,96.8472222222224,38107
"(0.7083333333333334, 0.9722222222222222)",1,96.8472222222224,38108
"(0.625, 0.9722222222222222)",2,96.8472222222224,38110
"(0.6944444444444444, 0.9722222222222222)",1,96.8472222222224,38111
"(0.9444444444444444, 0.9722222222222222)",4,96.8472222222224,38115
"(0.7777777777777778, 0.9861111111111112)",1,96.8472222222224,38116
"(0.8333333333333334, 0.9722222222222222)",3,96.8472222222224,38119
"(0.875, 0.9722222222222222)",2,96.8472222222224,38121
"(0.8055555555555556, 0.9861111111111112)",2,96.8472222222224,38123
"(0.8888888888888888, 0.9722222222222222)",4,96.8472222222224,38127
"(0.8194444444444444, 0.9861111111111112)",1,96.8472222222224,38128
"(0.8472222222222222, 0.9722222222222222)",3,96.8472222222224,38131
"(0.8611111111111112, 0.9722222222222222)",5,96.8472222222224,38136
"(0.7222222222222222, 0.9722222222222222)",4,96.8472222222224,38140
"(0.9305555555555556, 0.9861111111111112)",1,96.8472222222224,38141
"(0.7638888888888888, 0.9722222222222222)",1,96.8472222222224,38142
"(0.8888888888888888, 0.9861111111111112)",2,96.8472222222224,38144
"(0.8194444444444444, 0.9722222222222222)",3,96.8472222222224,38147
"(0.9305555555555556, 0.9722222222222222)",3,96.8472222222224,38150
"(0.875, 0.9861111111111112)",1,96.8472222222224,38151
"(0.6805555555555556, 0.9722222222222222)",1,96.8472222222224,38152
"(0.8472222222222222, 0.9722222222222222)",1,96.84722222222238,38153
"(0.75, 0.9722222222222222)",1,96.84722222222238,38154
"(0.6944444444444444, 0.9722222222222222)",2,96.84722222222238,38156
"(0.8611111111111112, 0.9722222222222222)",2,96.84722222222238,38158
"(0.9305555555555556, 0.9722222222222222)",2,96.84722222222238,38160
"(0.7222222222222222, 1.0)",1,96.84722222222224,38161
"(0.868421052631579, 0.9736842105263158)",1,96.84649122807014,38162
"(0.8640350877192983, 0.9736842105263158)",7,96.84649122807012,38169
"(0.7456140350877193, 0.9736842105263158)",1,96.84649122807012,38170
"(0.7280701754385965, 0.9736842105263158)",1,96.84649122807012,38171
"(0.49, 1.0)",1,96.84625000000004,38172
"(0.4871794871794871, 0.9871794871794872)",3,96.84615384615398,38175
"(0.6794871794871795, 0.9871794871794872)",1,96.84615384615398,38176
"(0.5516891891891892, 0.9763513513513512)",1,96.84594594594589,38177
"(0.925, 0.9791666666666666)",1,96.84583333333347,38178
"(0.9833333333333332, 0.9958333333333332)",2,96.8458333333334,38180
"(0.577027027027027, 0.981418918918919)",1,96.8456081081081,38181
"(0.50125, 0.9975)",1,96.84500000000013,38182
"(0.605, 0.99)",1,96.84499999999996,38183
"(0.6799242424242424, 1.0)",3,96.84469696969695,38186
"(0.2723484848484848, 0.9973484848484848)",1,96.84431818181828,38187
"(0.7746621621621622, 0.9787162162162162)",1,96.84358108108113,38188
"(0.8535714285714285, 0.9714285714285714)",1,96.84285714285716,38189
"(0.9571428571428572, 0.9678571428571427)",1,96.8428571428571,38190
"(0.9428571428571428, 0.9785714285714284)",1,96.84285714285706,38191
"(0.9107142857142856, 0.975)",1,96.84285714285704,38192
"(0.9142857142857144, 0.975)",3,96.84285714285704,38195
"(0.7425675675675676, 0.9760135135135136)",1,96.84256756756754,38196
"(0.56125, 0.9825)",1,96.8425,38197
"(0.5950757575757576, 0.9988636363636364)",1,96.84242424242431,38198
"(0.4553030303030303, 1.0)",1,96.84242424242429,38199
"(0.8640350877192983, 0.9736842105263158)",1,96.84210526315783,38200
"(0.7412280701754386, 0.9736842105263158)",4,96.84210526315783,38204
"(0.881578947368421, 0.9736842105263158)",1,96.84210526315783,38205
"(0.7763157894736842, 0.9736842105263158)",2,96.84210526315783,38207
"(0.5476351351351352, 0.9756756756756756)",1,96.8418918918918,38208
"(0.975, 0.9958333333333332)",1,96.84166666666674,38209
"(0.9791666666666666, 0.9958333333333332)",1,96.84166666666673,38210
"(0.975, 1.0)",1,96.84166666666668,38211
"(0.9833333333333332, 0.9958333333333332)",2,96.84166666666668,38213
"(0.925, 0.9875)",1,96.84166666666654,38214
"(0.51375, 0.99)",1,96.84124999999992,38215
"(0.5206081081081081, 0.9820945945945946)",1,96.8412162162162,38216
"(0.5628378378378378, 0.9817567567567568)",1,96.84054054054052,38217
"(0.8527027027027027, 0.9763513513513512)",1,96.84054054054052,38218
"(0.4583333333333333, 0.9988636363636364)",1,96.84053030303036,38219
"(0.6799242424242424, 1.0)",1,96.83977272727272,38220
"(0.9714285714285714, 0.9714285714285714)",1,96.83928571428577,38221
"(0.8357142857142857, 0.9714285714285714)",1,96.83928571428574,38222
"(0.9392857142857144, 0.9714285714285714)",1,96.83928571428572,38223
"(0.9642857142857144, 0.9642857142857144)",1,96.83928571428557,38224
"(0.9607142857142856, 0.975)",1,96.83928571428557,38225
"(0.5155405405405405, 0.981418918918919)",1,96.83918918918916,38226
"(0.5068181818181818, 1.0)",3,96.83901515151516,38229
"(0.48375, 0.9975)",1,96.83875000000018,38230
"(0.4537878787878788, 1.0)",1,96.8386363636364,38231
"(0.7827702702702702, 0.9777027027027028)",1,96.83817567567564,38232
"(0.7084459459459459, 0.9773648648648648)",1,96.8381756756756,38233
"(0.7280701754385965, 0.9692982456140352)",1,96.83771929824576,38234
"(0.9473684210526316, 0.9912280701754386)",3,96.8377192982456,38237
"(0.868421052631579, 0.9736842105263158)",2,96.83771929824556,38239
"(0.7543859649122807, 0.9736842105263158)",3,96.83771929824556,38242
"(0.9078947368421052, 0.9736842105263158)",1,96.83771929824556,38243
"(0.9166666666666666, 0.9736842105263158)",1,96.83771929824556,38244
"(0.8289473684210527, 0.9736842105263158)",2,96.83771929824556,38246
"(0.9210526315789472, 0.9736842105263158)",3,96.83771929824556,38249
"(0.7850877192982456, 0.9736842105263158)",1,96.83771929824556,38250
"(0.49375, 0.99875)",1,96.83750000000006,38251
"(0.9833333333333332, 0.9958333333333332)",2,96.83750000000006,38253
"(0.9791666666666666, 0.9958333333333332)",1,96.83750000000003,38254
"(0.9875, 0.9958333333333332)",1,96.83750000000003,38255
"(0.4939393939393939, 1.0)",1,96.8375,38256
"(0.42125, 0.98625)",1,96.83749999999998,38257
"(0.6, 0.98875)",1,96.83749999999992,38258
"(0.925, 0.975)",4,96.83749999999988,38262
"(0.8125, 0.975)",2,96.83749999999988,38264
"(0.8375, 0.975)",5,96.83749999999988,38269
"(0.75, 0.975)",1,96.83749999999988,38270
"(0.8875, 0.975)",4,96.83749999999988,38274
"(0.9, 0.975)",4,96.83749999999988,38278
"(0.8375, 0.975)",5,96.83749999999986,38283
"(0.875, 0.975)",2,96.83749999999986,38285
"(0.9333333333333332, 0.9875)",1,96.83749999999986,38286
"(0.7625, 0.975)",1,96.83749999999986,38287
"(0.6744186046511628, 0.9767441860465116)",1,96.83720930232568,38288
"(0.5465116279069767, 0.9767441860465116)",3,96.83720930232568,38291
"(0.813953488372093, 0.9767441860465116)",1,96.83720930232568,38292
"(0.8604651162790697, 0.9767441860465116)",1,96.83720930232568,38293
"(0.7790697674418605, 0.9767441860465116)",5,96.83720930232568,38298
"(0.5697674418604651, 0.9767441860465116)",1,96.83720930232568,38299
"(0.8372093023255814, 0.9767441860465116)",2,96.83720930232568,38301
"(0.8837209302325582, 0.9767441860465116)",1,96.83720930232568,38302
"(0.813953488372093, 0.9767441860465116)",3,96.83720930232568,38305
"(0.7674418604651163, 0.9767441860465116)",1,96.83720930232568,38306
"(0.6046511627906976, 0.9767441860465116)",2,96.83720930232568,38308
"(0.7209302325581395, 0.9767441860465116)",1,96.83720930232568,38309
"(0.7674418604651163, 1.0)",1,96.83720930232558,38310
"(0.572972972972973, 0.9817567567567568)",1,96.83716216216222,38311
"(0.4579545454545454, 1.0)",1,96.8371212121212,38312
"(0.5192567567567568, 0.9763513513513512)",1,96.83682432432428,38313
"(0.5689189189189189, 0.9763513513513512)",1,96.8364864864864,38314
"(0.4821969696969697, 1.0)",1,96.83636363636364,38315
"(0.7996621621621621, 0.9726351351351352)",1,96.8361486486486,38316
"(0.5398648648648648, 0.9743243243243244)",1,96.83581081081078,38317
"(0.9535714285714286, 0.9714285714285714)",1,96.8357142857143,38318
"(0.7892857142857143, 0.9714285714285714)",1,96.83571428571427,38319
"(0.9607142857142856, 0.9714285714285714)",1,96.83571428571427,38320
"(0.9785714285714284, 0.975)",3,96.83571428571416,38323
"(0.8135135135135135, 0.9773648648648648)",1,96.83547297297292,38324
"(0.5371621621621622, 0.9763513513513512)",1,96.83547297297292,38325
"(0.7712837837837838, 0.9726351351351352)",1,96.8351351351351,38326
"(0.4537878787878788, 1.0)",1,96.83484848484852,38327
"(0.5381756756756757, 0.9763513513513512)",1,96.83445945945944,38328
"(0.5570945945945946, 0.981418918918919)",1,96.83412162162163,38329
"(0.5192567567567568, 0.9817567567567568)",1,96.8341216216216,38330
"(0.8333333333333334, 0.9722222222222222)",1,96.83333333333351,38331
"(0.9305555555555556, 0.9722222222222222)",1,96.83333333333351,38332
"(0.8888888888888888, 0.9861111111111112)",1,96.83333333333351,38333
"(0.8055555555555556, 0.9861111111111112)",3,96.83333333333351,38336
"(0.8472222222222222, 0.9722222222222222)",1,96.83333333333351,38337
"(0.6805555555555556, 0.9722222222222222)",1,96.83333333333351,38338
"(0.7222222222222222, 0.9722222222222222)",1,96.83333333333351,38339
"(0.7777777777777778, 0.9861111111111112)",1,96.83333333333351,38340
"(0.9027777777777778, 0.9861111111111112)",2,96.83333333333351,38342
"(0.9861111111111112, 0.9722222222222222)",1,96.83333333333351,38343
"(0.875, 0.9722222222222222)",2,96.83333333333351,38345
"(0.7222222222222222, 0.9861111111111112)",1,96.83333333333351,38346
"(0.9166666666666666, 0.9722222222222222)",3,96.8333333333335,38349
"(0.8333333333333334, 0.9722222222222222)",2,96.8333333333335,38351
"(0.6944444444444444, 0.9722222222222222)",1,96.8333333333335,38352
"(0.8888888888888888, 0.9722222222222222)",5,96.8333333333335,38357
"(0.7916666666666666, 0.9722222222222222)",1,96.8333333333335,38358
"(0.7222222222222222, 0.9722222222222222)",1,96.8333333333335,38359
"(0.9027777777777778, 0.9722222222222222)",1,96.8333333333335,38360
"(0.7638888888888888, 0.9722222222222222)",2,96.8333333333335,38362
"(0.8472222222222222, 0.9722222222222222)",4,96.8333333333335,38366
"(0.875, 0.9722222222222222)",4,96.8333333333335,38370
"(0.75, 0.9722222222222222)",3,96.8333333333335,38373
"(0.9305555555555556, 0.9722222222222222)",3,96.8333333333335,38376
"(0.8611111111111112, 0.9722222222222222)",7,96.8333333333335,38383
"(0.9444444444444444, 0.9722222222222222)",1,96.8333333333335,38384
"(0.625, 0.9722222222222222)",3,96.8333333333335,38387
"(0.8194444444444444, 0.9722222222222222)",4,96.8333333333335,38391
"(0.6410256410256411, 0.9871794871794872)",1,96.83333333333348,38392
"(0.7666666666666667, 0.9666666666666668)",1,96.83333333333348,38393
"(0.9166666666666666, 0.9833333333333332)",1,96.8333333333334,38394
"(0.8333333333333334, 0.9833333333333332)",1,96.8333333333334,38395
"(0.8666666666666667, 1.0)",1,96.83333333333334,38396
"(0.8194444444444444, 1.0)",1,96.83333333333331,38397
"(0.7222222222222222, 1.0)",1,96.83333333333331,38398
"(0.8076923076923077, 1.0)",1,96.83333333333331,38399
"(1.0, 1.0)",1,96.83333333333331,38400
"(0.8640350877192983, 0.9736842105263158)",1,96.83333333333329,38401
"(0.9210526315789472, 0.9736842105263158)",1,96.83333333333329,38402
"(0.8289473684210527, 0.9736842105263158)",1,96.83333333333329,38403
"(0.9791666666666666, 1.0)",1,96.83333333333326,38404
"(0.7543918918918919, 0.9746621621621622)",1,96.83310810810804,38405
"(0.6117424242424242, 1.0)",3,96.83295454545456,38408
"(0.4606060606060606, 0.9992424242424244)",1,96.83257575757575,38409
"(0.505, 0.995)",1,96.83250000000012,38410
"(0.4285714285714285, 0.9714285714285714)",1,96.83214285714288,38411
"(0.9607142857142856, 0.9714285714285714)",1,96.83214285714286,38412
"(0.9285714285714286, 0.9714285714285714)",1,96.83214285714286,38413
"(0.9464285714285714, 0.9714285714285714)",1,96.83214285714284,38414
"(0.9607142857142856, 0.9678571428571427)",1,96.8321428571428,38415
"(0.8464285714285714, 0.975)",1,96.83214285714271,38416
"(0.572972972972973, 0.9787162162162162)",2,96.83209459459462,38418
"(0.5331081081081082, 0.981418918918919)",1,96.83141891891891,38419
"(0.6625, 0.9825)",1,96.83125000000004,38420
"(0.50875, 0.98875)",1,96.83124999999995,38421
"(0.505, 0.99125)",3,96.83124999999984,38424
"(0.4632575757575757, 0.9984848484848484)",1,96.83106060606067,38425
"(0.8412162162162162, 0.977027027027027)",1,96.8300675675676,38426
"(0.7439393939393939, 1.0)",1,96.82954545454548,38427
"(0.5523648648648649, 0.9820945945945946)",1,96.82939189189192,38428
"(0.5209459459459459, 0.9773648648648648)",1,96.82939189189192,38429
"(0.9958333333333332, 0.9958333333333332)",1,96.82916666666672,38430
"(0.868421052631579, 0.9692982456140352)",2,96.82894736842124,38432
"(0.9473684210526316, 0.9912280701754386)",1,96.82894736842104,38433
"(0.6929824561403509, 0.9912280701754386)",1,96.82894736842104,38434
"(0.9078947368421052, 0.9736842105263158)",1,96.828947368421,38435
"(0.8464912280701754, 0.9736842105263158)",1,96.828947368421,38436
"(0.8608108108108108, 0.9787162162162162)",1,96.82871621621624,38437
"(0.9714285714285714, 0.9714285714285714)",1,96.82857142857142,38438
"(0.9357142857142856, 0.9714285714285714)",1,96.82857142857142,38439
"(0.9571428571428572, 0.9714285714285714)",1,96.82857142857142,38440
"(0.9428571428571428, 0.9714285714285714)",1,96.8285714285714,38441
"(0.9642857142857144, 0.975)",1,96.82857142857132,38442
"(0.49375, 0.99875)",1,96.82750000000009,38443
"(0.5739864864864865, 0.9763513513513512)",1,96.82736486486478,38444
"(0.9300675675675676, 0.979054054054054)",1,96.82702702702704,38445
"(0.5206081081081081, 0.9763513513513512)",1,96.82668918918912,38446
"(0.8953488372093024, 0.9767441860465116)",1,96.82558139534896,38447
"(0.8837209302325582, 0.9767441860465116)",1,96.82558139534896,38448
"(0.872093023255814, 0.9767441860465116)",1,96.82558139534896,38449
"(0.6976744186046512, 0.9767441860465116)",1,96.82558139534896,38450
"(0.9186046511627908, 0.9767441860465116)",2,96.82558139534896,38452
"(0.7790697674418605, 0.9767441860465116)",1,96.82558139534896,38453
"(0.7674418604651163, 0.9767441860465116)",1,96.82558139534892,38454
"(0.5697674418604651, 0.9767441860465116)",1,96.82558139534892,38455
"(0.6046511627906976, 0.9767441860465116)",3,96.82558139534892,38458
"(0.7325581395348837, 0.9767441860465116)",1,96.82558139534892,38459
"(0.8604651162790697, 0.9767441860465116)",1,96.82558139534892,38460
"(0.5465116279069767, 0.9767441860465116)",1,96.82558139534892,38461
"(0.7558139534883721, 0.9767441860465116)",1,96.82558139534892,38462
"(0.6976744186046512, 0.9767441860465116)",2,96.82558139534892,38464
"(0.8023255813953488, 0.9767441860465116)",1,96.82558139534892,38465
"(0.8372093023255814, 0.9767441860465116)",1,96.82558139534892,38466
"(0.9302325581395348, 0.9767441860465116)",2,96.82558139534892,38468
"(0.5155405405405405, 0.9763513513513512)",1,96.82533783783778,38469
"(0.9791666666666666, 0.9958333333333332)",1,96.8250000000001,38470
"(0.5425, 0.985)",1,96.825,38471
"(0.95, 0.9678571428571427)",1,96.8249999999999,38472
"(0.9, 0.975)",1,96.82499999999987,38473
"(0.9125, 0.975)",1,96.82499999999987,38474
"(0.6875, 0.975)",4,96.82499999999987,38478
"(0.8875, 0.975)",1,96.82499999999987,38479
"(0.925, 0.975)",6,96.82499999999987,38485
"(0.875, 0.975)",4,96.82499999999987,38489
"(0.8375, 0.975)",1,96.82499999999986,38490
"(0.9285714285714286, 0.975)",1,96.82499999999985,38491
"(0.9392857142857144, 0.975)",1,96.82499999999985,38492
"(0.9571428571428572, 0.975)",1,96.82499999999982,38493
"(0.9166666666666666, 0.9736842105263158)",1,96.82456140350872,38494
"(0.881578947368421, 0.9736842105263158)",1,96.82456140350872,38495
"(0.7456140350877193, 0.9736842105263158)",1,96.82456140350872,38496
"(0.8771929824561403, 0.9736842105263158)",3,96.82456140350872,38499
"(0.9298245614035088, 0.9736842105263158)",3,96.82456140350872,38502
"(0.8991228070175439, 0.9736842105263158)",1,96.82456140350872,38503
"(0.8297297297297297, 0.975)",1,96.82432432432432,38504
"(0.789527027027027, 0.9787162162162162)",1,96.82398648648648,38505
"(0.49375, 0.99625)",1,96.8237500000002,38506
"(0.49, 0.99625)",1,96.8237500000001,38507
"(0.48625, 0.99875)",1,96.82375000000005,38508
"(0.8033783783783783, 0.9743243243243244)",1,96.82297297297296,38509
"(0.5022727272727273, 0.9992424242424244)",1,96.82272727272732,38510
"(0.7256756756756757, 0.977027027027027)",1,96.82263513513504,38511
"(0.4825, 0.99375)",2,96.82250000000016,38513
"(0.4746212121212121, 0.9984848484848484)",1,96.821590909091,38514
"(0.4462121212121212, 0.9992424242424244)",1,96.82159090909096,38515
"(0.5863636363636363, 1.0)",3,96.8215909090909,38518
"(0.9357142857142856, 0.9678571428571427)",1,96.82142857142853,38519
"(0.9642857142857144, 0.9678571428571427)",1,96.8214285714285,38520
"(0.9392857142857144, 0.975)",1,96.82142857142844,38521
"(0.8357142857142857, 0.975)",1,96.82142857142844,38522
"(0.8535714285714285, 0.975)",3,96.8214285714284,38525
"(0.9607142857142856, 0.9642857142857144)",1,96.8214285714284,38526
"(0.5257575757575758, 0.999621212121212)",1,96.82121212121216,38527
"(0.9875, 0.9958333333333332)",1,96.82083333333338,38528
"(0.9958333333333332, 1.0)",2,96.82083333333335,38530
"(0.9958333333333332, 0.9958333333333332)",2,96.82083333333335,38532
"(0.9875, 1.0)",1,96.82083333333333,38533
"(0.9541666666666668, 0.975)",1,96.82083333333314,38534
"(0.9208333333333332, 0.9916666666666668)",1,96.82083333333313,38535
"(0.7051282051282052, 0.9871794871794872)",2,96.82051282051296,38537
"(0.717948717948718, 0.9871794871794872)",1,96.82051282051296,38538
"(0.8205128205128205, 0.9871794871794872)",1,96.82051282051296,38539
"(0.3318181818181818, 0.9875)",1,96.8204545454545,38540
"(0.868421052631579, 0.9692982456140352)",3,96.82017543859666,38543
"(0.8333333333333334, 0.9736842105263158)",1,96.82017543859644,38544
"(0.7894736842105263, 0.9736842105263158)",1,96.82017543859644,38545
"(0.9078947368421052, 0.9736842105263158)",1,96.82017543859644,38546
"(0.8640350877192983, 0.9736842105263158)",3,96.82017543859644,38549
"(0.9429824561403508, 0.9912280701754386)",1,96.82017543859644,38550
"(0.75, 0.9736842105263158)",1,96.82017543859644,38551
"(0.8991228070175439, 0.9736842105263158)",1,96.82017543859644,38552
"(0.51, 0.995)",1,96.82000000000016,38553
"(0.4431818181818182, 0.9992424242424244)",1,96.81969696969703,38554
"(0.5371621621621622, 0.9820945945945946)",1,96.81959459459463,38555
"(0.9305555555555556, 0.9722222222222222)",1,96.81944444444464,38556
"(0.8472222222222222, 0.9722222222222222)",2,96.81944444444464,38558
"(0.8472222222222222, 0.9861111111111112)",1,96.81944444444464,38559
"(0.8333333333333334, 0.9861111111111112)",1,96.81944444444464,38560
"(0.7638888888888888, 0.9861111111111112)",1,96.81944444444464,38561
"(0.8194444444444444, 0.9861111111111112)",1,96.81944444444464,38562
"(0.6944444444444444, 0.9722222222222222)",3,96.8194444444446,38565
"(0.6666666666666666, 0.9722222222222222)",1,96.8194444444446,38566
"(0.9027777777777778, 0.9722222222222222)",1,96.8194444444446,38567
"(0.8333333333333334, 0.9722222222222222)",9,96.8194444444446,38576
"(0.8472222222222222, 0.9722222222222222)",6,96.8194444444446,38582
"(0.875, 0.9722222222222222)",4,96.8194444444446,38586
"(0.7222222222222222, 0.9722222222222222)",1,96.8194444444446,38587
"(0.8194444444444444, 0.9722222222222222)",1,96.8194444444446,38588
"(0.5972222222222222, 0.9722222222222222)",1,96.8194444444446,38589
"(0.75, 0.9722222222222222)",1,96.8194444444446,38590
"(0.8888888888888888, 0.9722222222222222)",1,96.8194444444446,38591
"(0.9305555555555556, 0.9722222222222222)",4,96.8194444444446,38595
"(0.8611111111111112, 0.9722222222222222)",5,96.8194444444446,38600
"(0.9166666666666666, 0.9722222222222222)",3,96.8194444444446,38603
"(0.7916666666666666, 0.9722222222222222)",2,96.8194444444446,38605
"(0.8055555555555556, 0.9722222222222222)",2,96.8194444444446,38607
"(0.9861111111111112, 0.9722222222222222)",1,96.8194444444446,38608
"(0.9305555555555556, 1.0)",1,96.81944444444444,38609
"(0.7083333333333334, 1.0)",1,96.81944444444444,38610
"(0.7777777777777778, 1.0)",1,96.81944444444444,38611
"(0.4507575757575757, 1.0)",1,96.8193181818182,38612
"(0.7334459459459459, 0.9760135135135136)",1,96.81925675675669,38613
"(0.7425675675675676, 0.9787162162162162)",1,96.81891891891898,38614
"(0.7925675675675675, 0.9746621621621622)",1,96.81891891891894,38615
"(0.8885135135135135, 0.9743243243243244)",1,96.81858108108104,38616
"(0.95, 0.9678571428571427)",3,96.8178571428571,38619
"(0.8964285714285715, 0.9785714285714284)",3,96.81785714285704,38622
"(0.9392857142857144, 0.975)",1,96.817857142857,38623
"(0.5871212121212122, 1.0)",1,96.81742424242424,38624
"(0.9125, 0.9791666666666666)",1,96.81666666666683,38625
"(0.9166666666666666, 0.9666666666666668)",1,96.81666666666682,38626
"(0.9833333333333332, 0.9958333333333332)",2,96.8166666666668,38628
"(0.9541666666666668, 0.9958333333333332)",2,96.81666666666676,38630
"(0.9166666666666666, 0.9833333333333332)",1,96.81666666666672,38631
"(0.8333333333333334, 0.9833333333333332)",1,96.81666666666672,38632
"(0.9708333333333332, 0.9958333333333332)",1,96.8166666666667,38633
"(0.4382575757575757, 0.9992424242424244)",1,96.81666666666668,38634
"(0.9666666666666668, 1.0)",1,96.81666666666666,38635
"(0.975, 1.0)",1,96.8166666666666,38636
"(0.49375, 0.99)",1,96.8162500000001,38637
"(0.6905405405405406, 0.9733108108108108)",1,96.8158783783784,38638
"(0.868421052631579, 0.9692982456140352)",3,96.81578947368438,38641
"(0.8771929824561403, 0.9736842105263158)",1,96.81578947368416,38642
"(0.8070175438596491, 0.9736842105263158)",1,96.81578947368416,38643
"(0.9166666666666666, 0.9736842105263158)",1,96.81578947368416,38644
"(0.8552631578947368, 0.9736842105263158)",1,96.81578947368416,38645
"(0.9166666666666666, 0.9736842105263158)",3,96.81578947368416,38648
"(0.4689393939393939, 1.0)",3,96.8155303030303,38651
"(0.445, 0.9975)",1,96.81500000000015,38652
"(0.4925, 0.99375)",1,96.81499999999993,38653
"(0.48375, 0.99125)",1,96.81499999999984,38654
"(0.2981060606060606, 1.0)",1,96.81477272727273,38655
"(0.9535714285714286, 0.9714285714285714)",1,96.81428571428576,38656
"(0.95, 0.9714285714285714)",2,96.81428571428572,38658
"(0.9464285714285714, 0.975)",1,96.81428571428556,38659
"(0.5027027027027027, 0.9739864864864864)",1,96.81418918918912,38660
"(0.8604651162790697, 0.9883720930232558)",1,96.81395348837223,38661
"(0.8837209302325582, 0.9767441860465116)",1,96.8139534883722,38662
"(0.7674418604651163, 0.9767441860465116)",1,96.8139534883722,38663
"(0.5930232558139535, 0.9767441860465116)",1,96.8139534883722,38664
"(0.627906976744186, 0.9767441860465116)",1,96.8139534883722,38665
"(0.8604651162790697, 0.9767441860465116)",1,96.8139534883722,38666
"(0.8372093023255814, 0.9767441860465116)",2,96.8139534883722,38668
"(0.813953488372093, 0.9767441860465116)",1,96.8139534883722,38669
"(0.8372093023255814, 0.9767441860465116)",1,96.8139534883722,38670
"(0.7790697674418605, 0.9767441860465116)",1,96.8139534883722,38671
"(0.8023255813953488, 0.9767441860465116)",1,96.8139534883722,38672
"(0.9651162790697676, 0.9767441860465116)",1,96.8139534883722,38673
"(0.6046511627906976, 0.9767441860465116)",2,96.8139534883722,38675
"(0.7209302325581395, 0.9767441860465116)",1,96.8139534883722,38676
"(0.7906976744186046, 0.9767441860465116)",3,96.8139534883722,38679
"(0.5465116279069767, 0.9767441860465116)",4,96.8139534883722,38683
"(0.5697674418604651, 0.9767441860465116)",1,96.8139534883722,38684
"(0.7906976744186046, 0.9767441860465116)",1,96.81395348837218,38685
"(0.8604651162790697, 0.9767441860465116)",1,96.81395348837218,38686
"(0.7084459459459459, 0.9773648648648648)",1,96.81385135135136,38687
"(0.8445945945945946, 0.9773648648648648)",1,96.81385135135127,38688
"(0.5725, 0.98625)",1,96.81374999999996,38689
"(0.6425, 0.99)",1,96.81374999999994,38690
"(0.6216216216216216, 0.9733108108108108)",1,96.81351351351348,38691
"(0.95, 0.9958333333333332)",1,96.81250000000009,38692
"(0.9916666666666668, 0.9958333333333332)",1,96.81250000000006,38693
"(0.9458333333333332, 0.9958333333333332)",2,96.8125,38695
"(0.8666666666666667, 0.9833333333333332)",1,96.8125,38696
"(0.56875, 0.99125)",1,96.81249999999996,38697
"(0.95, 0.975)",1,96.81249999999989,38698
"(0.9375, 0.975)",1,96.81249999999989,38699
"(0.725, 0.975)",1,96.81249999999989,38700
"(0.9, 0.975)",3,96.81249999999989,38703
"(0.48375, 0.9825)",1,96.81249999999989,38704
"(0.7875, 0.975)",1,96.81249999999989,38705
"(0.875, 0.975)",1,96.81249999999989,38706
"(0.8375, 0.975)",4,96.81249999999989,38710
"(0.775, 0.975)",3,96.81249999999989,38713
"(0.925, 0.975)",2,96.81249999999989,38715
"(0.85, 0.975)",3,96.81249999999989,38718
"(0.9625, 0.975)",1,96.81249999999986,38719
"(0.925, 0.975)",1,96.81249999999986,38720
"(0.5540540540540541, 0.981418918918919)",1,96.8121621621622,38721
"(0.75, 0.9692982456140352)",1,96.8114035087721,38722
"(0.7894736842105263, 0.9692982456140352)",2,96.8114035087721,38724
"(0.9429824561403508, 0.9912280701754386)",1,96.81140350877192,38725
"(0.7719298245614035, 0.9912280701754386)",1,96.8114035087719,38726
"(0.9078947368421052, 0.9736842105263158)",2,96.81140350877187,38728
"(0.7763157894736842, 0.9736842105263158)",1,96.81140350877187,38729
"(0.8596491228070176, 0.9736842105263158)",1,96.81140350877187,38730
"(0.881578947368421, 0.9736842105263158)",2,96.81140350877187,38732
"(0.5333333333333333, 0.9992424242424244)",1,96.81136363636368,38733
"(0.9354729729729728, 0.972972972972973)",1,96.81114864864864,38734
"(0.9327702702702704, 0.9706081081081082)",1,96.81081081081084,38735
"(0.9392857142857144, 0.975)",1,96.8107142857141,38736
"(0.768918918918919, 0.9787162162162162)",1,96.8101351351351,38737
"(0.8753378378378378, 0.9773648648648648)",1,96.8101351351351,38738
"(0.6233108108108109, 0.981418918918919)",1,96.8101351351351,38739
"(0.5253378378378378, 0.9753378378378378)",1,96.81013513513504,38740
"(0.75, 0.977027027027027)",1,96.80979729729728,38741
"(0.8712837837837838, 0.977027027027027)",1,96.80878378378374,38742
"(0.9875, 0.9958333333333332)",1,96.8083333333334,38743
"(0.9916666666666668, 0.9958333333333332)",2,96.80833333333337,38745
"(0.6923076923076923, 0.9871794871794872)",1,96.80769230769243,38746
"(0.8717948717948718, 0.9871794871794872)",1,96.80769230769243,38747
"(0.4871794871794871, 0.9871794871794872)",1,96.80769230769243,38748
"(0.6794871794871795, 0.9871794871794872)",1,96.80769230769243,38749
"(0.50375, 0.97875)",1,96.80750000000016,38750
"(0.7469594594594594, 0.979054054054054)",1,96.80743243243246,38751
"(0.4204545454545454, 0.996969696969697)",1,96.80719696969706,38752
"(0.8535714285714285, 0.9714285714285714)",1,96.80714285714286,38753
"(0.9428571428571428, 0.9714285714285714)",1,96.80714285714286,38754
"(0.9321428571428572, 0.9642857142857144)",1,96.80714285714272,38755
"(0.8464912280701754, 0.9692982456140352)",1,96.8070175438598,38756
"(0.7149122807017544, 0.9692982456140352)",2,96.8070175438598,38758
"(0.7280701754385965, 0.9692982456140352)",1,96.8070175438598,38759
"(0.8728070175438597, 0.9912280701754386)",3,96.80701754385964,38762
"(0.868421052631579, 0.9736842105263158)",1,96.8070175438596,38763
"(0.75, 0.9736842105263158)",2,96.8070175438596,38765
"(0.9342105263157896, 0.9736842105263158)",1,96.8070175438596,38766
"(0.7719298245614035, 0.9736842105263158)",1,96.8070175438596,38767
"(0.9166666666666666, 0.9736842105263158)",3,96.8070175438596,38770
"(0.5333333333333333, 0.9943181818181818)",3,96.80643939393951,38773
"(0.4651515151515151, 0.9988636363636364)",1,96.80643939393946,38774
"(0.4356060606060606, 0.9958333333333332)",1,96.80643939393946,38775
"(0.572972972972973, 0.975)",1,96.80641891891892,38776
"(0.5025, 0.9975)",1,96.80625000000008,38777
"(0.8810810810810811, 0.9756756756756756)",2,96.80608108108105,38779
"(0.5555555555555556, 0.9861111111111112)",1,96.80555555555576,38780
"(0.8611111111111112, 0.9861111111111112)",1,96.80555555555576,38781
"(0.9027777777777778, 0.9861111111111112)",3,96.80555555555576,38784
"(0.5277777777777778, 0.9861111111111112)",1,96.80555555555576,38785
"(0.8194444444444444, 0.9861111111111112)",2,96.80555555555576,38787
"(0.8055555555555556, 0.9861111111111112)",1,96.80555555555576,38788
"(0.6944444444444444, 0.9861111111111112)",1,96.80555555555576,38789
"(0.875, 0.9861111111111112)",1,96.80555555555574,38790
"(0.9444444444444444, 0.9722222222222222)",1,96.80555555555571,38791
"(0.8333333333333334, 0.9722222222222222)",8,96.80555555555571,38799
"(0.8611111111111112, 0.9722222222222222)",1,96.80555555555571,38800
"(0.8888888888888888, 0.9722222222222222)",1,96.80555555555571,38801
"(0.7222222222222222, 0.9722222222222222)",3,96.80555555555571,38804
"(0.6944444444444444, 0.9722222222222222)",1,96.80555555555571,38805
"(0.9166666666666666, 0.9722222222222222)",6,96.80555555555571,38811
"(0.7638888888888888, 0.9722222222222222)",1,96.80555555555571,38812
"(0.9305555555555556, 0.9722222222222222)",2,96.80555555555571,38814
"(0.9027777777777778, 0.9722222222222222)",3,96.80555555555571,38817
"(0.625, 0.9722222222222222)",3,96.80555555555571,38820
"(0.8055555555555556, 0.9722222222222222)",1,96.80555555555571,38821
"(0.875, 0.9722222222222222)",2,96.80555555555571,38823
"(0.8194444444444444, 0.9722222222222222)",3,96.80555555555571,38826
"(0.8472222222222222, 0.9722222222222222)",8,96.80555555555571,38834
"(0.7083333333333334, 0.9722222222222222)",1,96.80555555555571,38835
"(0.9583333333333334, 1.0)",1,96.80555555555556,38836
"(0.5972222222222222, 1.0)",1,96.80555555555556,38837
"(0.8055555555555556, 1.0)",1,96.80555555555554,38838
"(0.48375, 0.99625)",1,96.8050000000002,38839
"(0.4975, 0.995)",2,96.80500000000012,38841
"(0.5025, 0.99)",1,96.80499999999986,38842
"(0.365530303030303, 0.9973484848484848)",1,96.80492424242438,38843
"(0.9875, 0.9958333333333332)",1,96.80416666666676,38844
"(0.9541666666666668, 0.9958333333333332)",1,96.80416666666676,38845
"(0.8625, 0.9958333333333332)",1,96.80416666666672,38846
"(0.271969696969697, 0.9988636363636364)",1,96.8041666666667,38847
"(0.9791666666666666, 0.9958333333333332)",2,96.80416666666667,38849
"(0.875, 0.9833333333333332)",1,96.80416666666665,38850
"(0.5067567567567568, 0.9753378378378378)",1,96.80371621621616,38851
"(0.9607142857142856, 0.9714285714285714)",1,96.80357142857144,38852
"(0.95, 0.975)",1,96.8035714285713,38853
"(0.9285714285714286, 0.975)",1,96.80357142857126,38854
"(0.3537878787878787, 0.9901515151515152)",1,96.80340909090906,38855
"(0.925438596491228, 0.9912280701754386)",1,96.80263157894734,38856
"(0.7105263157894737, 0.9736842105263158)",1,96.80263157894731,38857
"(0.8596491228070176, 0.9736842105263158)",1,96.80263157894731,38858
"(0.9342105263157896, 0.9736842105263158)",1,96.80263157894731,38859
"(0.9166666666666666, 0.9736842105263158)",1,96.80263157894731,38860
"(0.6096491228070176, 0.9736842105263158)",1,96.80263157894731,38861
"(0.8552631578947368, 0.9736842105263158)",1,96.80263157894731,38862
"(0.8771929824561403, 0.9736842105263158)",1,96.80263157894731,38863
"(0.6046511627906976, 0.9767441860465116)",1,96.80232558139546,38864
"(0.8604651162790697, 0.9767441860465116)",2,96.80232558139544,38866
"(0.6976744186046512, 0.9767441860465116)",1,96.80232558139544,38867
"(0.7906976744186046, 0.9767441860465116)",1,96.80232558139544,38868
"(0.7674418604651163, 0.9767441860465116)",2,96.80232558139544,38870
"(0.8372093023255814, 0.9767441860465116)",1,96.80232558139544,38871
"(0.6744186046511628, 0.9767441860465116)",1,96.80232558139544,38872
"(0.8604651162790697, 0.9767441860465116)",1,96.80232558139544,38873
"(0.5813953488372093, 0.9767441860465116)",1,96.80232558139544,38874
"(0.5930232558139535, 0.9767441860465116)",1,96.80232558139544,38875
"(0.813953488372093, 0.9767441860465116)",1,96.80232558139544,38876
"(0.7093023255813954, 0.9767441860465116)",1,96.80232558139544,38877
"(0.6046511627906976, 0.9767441860465116)",2,96.80232558139544,38879
"(0.8023255813953488, 0.9767441860465116)",2,96.80232558139544,38881
"(0.9534883720930232, 0.9767441860465116)",2,96.80232558139544,38883
"(0.5813953488372093, 0.9767441860465116)",1,96.80232558139544,38884
"(0.5465116279069767, 0.9767441860465116)",1,96.80232558139544,38885
"(0.5540540540540541, 0.9804054054054054)",2,96.80202702702708,38887
"(0.5628378378378378, 0.9817567567567568)",1,96.80202702702697,38888
"(0.5628378378378378, 0.981418918918919)",1,96.80168918918916,38889
"(0.7912162162162162, 0.9773648648648648)",3,96.8013513513514,38892
"(0.5516891891891892, 0.983108108108108)",1,96.80135135135131,38893
"(0.9300675675675676, 0.9787162162162162)",1,96.80135135135131,38894
"(0.56125, 0.9825)",1,96.80124999999998,38895
"(0.577027027027027, 0.981081081081081)",1,96.80101351351352,38896
"(0.8216216216216217, 0.9787162162162162)",1,96.8010135135135,38897
"(0.75, 0.9743243243243244)",1,96.80067567567568,38898
"(0.5057432432432433, 0.9746621621621622)",1,96.80067567567566,38899
"(0.4856060606060606, 1.0)",3,96.8003787878788,38902
"(0.6284090909090909, 1.0)",1,96.8003787878788,38903
"(0.8166666666666667, 0.9666666666666668)",1,96.80000000000015,38904
"(0.9333333333333332, 0.9666666666666668)",1,96.80000000000015,38905
"(0.9875, 0.9958333333333332)",2,96.8000000000001,38907
"(0.9708333333333332, 0.9958333333333332)",1,96.80000000000008,38908
"(0.9357142857142856, 0.9714285714285714)",1,96.80000000000004,38909
"(0.9642857142857144, 0.9714285714285714)",1,96.80000000000004,38910
"(0.9535714285714286, 0.9714285714285714)",1,96.8,38911
"(0.8297297297297297, 0.9773648648648648)",1,96.8,38912
"(0.925, 0.9714285714285714)",1,96.8,38913
"(0.9833333333333332, 1.0)",1,96.79999999999998,38914
"(0.7875, 0.975)",2,96.79999999999988,38916
"(0.9125, 0.975)",1,96.79999999999988,38917
"(0.9, 0.975)",1,96.79999999999988,38918
"(0.925, 0.975)",3,96.79999999999988,38921
"(0.8625, 0.975)",1,96.79999999999988,38922
"(0.8375, 0.975)",3,96.79999999999988,38925
"(0.875, 0.975)",3,96.79999999999988,38928
"(0.8375, 0.975)",1,96.79999999999988,38929
"(0.9625, 0.975)",2,96.79999999999988,38931
"(0.85, 0.975)",3,96.79999999999988,38934
"(0.8875, 0.975)",3,96.79999999999988,38937
"(0.8875, 0.975)",3,96.79999999999988,38940
"(0.6875, 0.975)",1,96.79999999999988,38941
"(0.9375, 0.975)",1,96.79999999999988,38942
"(0.9, 0.975)",1,96.79999999999988,38943
"(0.925, 0.975)",1,96.79999999999986,38944
"(0.2803030303030303, 0.9958333333333332)",1,96.79962121212128,38945
"(0.505, 0.99625)",2,96.79875000000014,38947
"(0.5175, 0.99625)",1,96.79875,38948
"(0.4132575757575757, 1.0)",1,96.79848484848488,38949
"(0.8289473684210527, 0.9780701754385964)",1,96.79824561403528,38950
"(0.868421052631579, 0.9692982456140352)",3,96.79824561403524,38953
"(0.7149122807017544, 0.9692982456140352)",1,96.79824561403524,38954
"(0.9473684210526316, 0.9912280701754386)",3,96.79824561403508,38957
"(0.8289473684210527, 0.9736842105263158)",1,96.79824561403504,38958
"(0.4568181818181818, 0.9992424242424244)",1,96.79696969696973,38959
"(0.8402027027027027, 0.979054054054054)",1,96.79695945945944,38960
"(0.9357142857142856, 0.9714285714285714)",1,96.7964285714286,38961
"(0.95, 0.9714285714285714)",1,96.79642857142856,38962
"(0.9178571428571428, 0.9785714285714284)",1,96.79642857142848,38963
"(0.9535714285714286, 0.9678571428571427)",1,96.79642857142848,38964
"(0.9607142857142856, 0.9785714285714284)",1,96.79642857142848,38965
"(0.9607142857142856, 0.975)",1,96.79642857142844,38966
"(0.7429054054054054, 0.9739864864864864)",1,96.79628378378372,38967
"(0.4625, 0.99125)",1,96.7962499999999,38968
"(0.4787878787878787, 0.9973484848484848)",1,96.79621212121218,38969
"(0.4965909090909091, 1.0)",1,96.79621212121214,38970
"(0.9541666666666668, 0.9791666666666666)",1,96.79583333333346,38971
"(0.975, 0.9958333333333332)",1,96.7958333333334,38972
"(0.8875, 0.9833333333333332)",1,96.79583333333336,38973
"(0.8412162162162162, 0.9716216216216216)",2,96.79560810810808,38975
"(0.4689393939393939, 1.0)",1,96.79545454545456,38976
"(0.51, 0.9975)",1,96.79500000000012,38977
"(0.4825, 0.99)",2,96.79500000000004,38979
"(0.6666666666666666, 0.9871794871794872)",1,96.79487179487194,38980
"(0.7051282051282052, 0.9871794871794872)",2,96.79487179487194,38982
"(0.6666666666666666, 0.9871794871794872)",1,96.79487179487192,38983
"(0.6025641025641025, 0.9871794871794872)",1,96.79487179487192,38984
"(0.8076923076923077, 0.9871794871794872)",1,96.79487179487192,38985
"(0.782051282051282, 0.9871794871794872)",1,96.79487179487192,38986
"(0.6794871794871795, 1.0)",1,96.7948717948718,38987
"(0.535472972972973, 0.9739864864864864)",1,96.79459459459464,38988
"(0.5027027027027027, 0.9756756756756756)",2,96.79459459459454,38990
"(0.5155405405405405, 0.983445945945946)",1,96.79425675675677,38991
"(0.8527027027027027, 0.9780405405405406)",3,96.7939189189189,38994
"(0.8245614035087719, 0.9692982456140352)",1,96.79385964912298,38995
"(0.8859649122807017, 0.9912280701754386)",3,96.7938596491228,38998
"(0.868421052631579, 0.9736842105263158)",1,96.79385964912277,38999
"(0.9298245614035088, 0.9736842105263158)",1,96.79385964912277,39000
"(0.49875, 0.99625)",1,96.79375000000012,39001
"(0.902027027027027, 0.9760135135135136)",1,96.79324324324315,39002
"(0.3814393939393939, 0.9992424242424244)",1,96.79318181818184,39003
"(0.8297297297297297, 0.9736486486486486)",1,96.7929054054053,39004
"(0.9178571428571428, 0.9714285714285714)",1,96.79285714285716,39005
"(0.9357142857142856, 0.9714285714285714)",1,96.79285714285716,39006
"(0.8964285714285715, 0.9678571428571427)",1,96.79285714285706,39007
"(0.8964285714285715, 0.9678571428571427)",1,96.79285714285705,39008
"(0.9392857142857144, 0.975)",1,96.792857142857,39009
"(0.8875, 0.9756756756756756)",1,96.7925675675675,39010
"(0.6881756756756757, 0.975)",1,96.79256756756747,39011
"(0.5625, 0.99)",1,96.7925,39012
"(0.4606060606060606, 0.9984848484848484)",1,96.79242424242427,39013
"(0.8194444444444444, 0.9861111111111112)",1,96.79166666666688,39014
"(0.8055555555555556, 0.9861111111111112)",1,96.79166666666688,39015
"(0.875, 0.9861111111111112)",1,96.79166666666688,39016
"(0.9305555555555556, 0.9861111111111112)",1,96.79166666666688,39017
"(0.6944444444444444, 0.9861111111111112)",1,96.79166666666686,39018
"(0.8611111111111112, 0.9861111111111112)",1,96.79166666666686,39019
"(0.8472222222222222, 0.9861111111111112)",1,96.79166666666686,39020
"(0.8611111111111112, 0.9722222222222222)",1,96.79166666666684,39021
"(0.875, 0.9722222222222222)",3,96.79166666666684,39024
"(0.7361111111111112, 0.9722222222222222)",1,96.79166666666684,39025
"(0.9861111111111112, 0.9722222222222222)",1,96.79166666666684,39026
"(0.9027777777777778, 0.9722222222222222)",1,96.79166666666684,39027
"(0.8194444444444444, 0.9722222222222222)",1,96.79166666666684,39028
"(0.7916666666666666, 0.9722222222222222)",2,96.79166666666684,39030
"(0.5972222222222222, 0.9722222222222222)",2,96.79166666666684,39032
"(0.8611111111111112, 0.9722222222222222)",4,96.79166666666684,39036
"(0.6944444444444444, 0.9722222222222222)",5,96.79166666666684,39041
"(0.9166666666666666, 0.9722222222222222)",3,96.79166666666684,39044
"(0.8888888888888888, 0.9722222222222222)",2,96.79166666666684,39046
"(0.8333333333333334, 0.9722222222222222)",4,96.79166666666684,39050
"(0.8333333333333334, 0.9722222222222222)",1,96.79166666666684,39051
"(0.7222222222222222, 0.9722222222222222)",4,96.79166666666684,39055
"(0.625, 0.9722222222222222)",1,96.79166666666684,39056
"(0.8472222222222222, 0.9722222222222222)",2,96.79166666666684,39058
"(0.9305555555555556, 0.9722222222222222)",5,96.79166666666684,39063
"(0.9875, 0.9958333333333332)",1,96.79166666666671,39064
"(0.8888888888888888, 1.0)",1,96.79166666666669,39065
"(0.9027777777777778, 1.0)",1,96.79166666666669,39066
"(0.9791666666666666, 1.0)",1,96.79166666666664,39067
"(0.4617424242424242, 0.9886363636363636)",1,96.7916666666665,39068
"(0.4925, 0.98875)",1,96.79124999999988,39069
"(0.5344594594594595, 0.981418918918919)",1,96.79121621621618,39070
"(0.5206081081081081, 0.9847972972972971)",1,96.79121621621618,39071
"(0.5628378378378378, 0.9824324324324324)",1,96.79087837837838,39072
"(0.7790697674418605, 0.9883720930232558)",1,96.79069767441877,39073
"(0.7441860465116279, 0.9767441860465116)",2,96.79069767441872,39075
"(0.813953488372093, 0.9767441860465116)",1,96.79069767441872,39076
"(0.9651162790697676, 0.9767441860465116)",1,96.79069767441872,39077
"(0.6976744186046512, 0.9767441860465116)",1,96.79069767441872,39078
"(0.6046511627906976, 0.9767441860465116)",1,96.79069767441872,39079
"(0.4767441860465116, 0.9767441860465116)",1,96.79069767441872,39080
"(0.5465116279069767, 0.9767441860465116)",1,96.79069767441872,39081
"(0.627906976744186, 0.9767441860465116)",1,96.79069767441872,39082
"(0.9651162790697676, 0.9767441860465116)",1,96.7906976744187,39083
"(0.5930232558139535, 0.9767441860465116)",1,96.7906976744187,39084
"(0.5697674418604651, 0.9767441860465116)",1,96.7906976744187,39085
"(0.8372093023255814, 0.9767441860465116)",3,96.7906976744187,39088
"(0.7906976744186046, 0.9767441860465116)",1,96.7906976744187,39089
"(0.6976744186046512, 0.9767441860465116)",1,96.7906976744187,39090
"(0.7763513513513514, 0.9773648648648648)",1,96.78986486486475,39091
"(0.4359848484848485, 1.0)",3,96.78977272727276,39094
"(0.8728070175438597, 0.9912280701754386)",3,96.7894736842105,39097
"(0.6710526315789473, 0.9736842105263158)",3,96.78947368421048,39100
"(0.8289473684210527, 0.9736842105263158)",2,96.78947368421048,39102
"(0.9342105263157896, 0.9736842105263158)",3,96.78947368421048,39105
"(0.8728070175438597, 0.9736842105263158)",1,96.78947368421048,39106
"(0.868421052631579, 0.9736842105263158)",3,96.78947368421046,39109
"(0.9642857142857144, 0.9714285714285714)",3,96.78928571428575,39112
"(0.9642857142857144, 0.9714285714285714)",1,96.78928571428573,39113
"(0.925, 0.975)",1,96.7892857142856,39114
"(0.9428571428571428, 0.975)",1,96.7892857142856,39115
"(0.8892857142857142, 0.9642857142857144)",1,96.78928571428555,39116
"(0.8964285714285715, 0.975)",1,96.78928571428555,39117
"(0.7996621621621621, 0.9773648648648648)",3,96.7891891891891,39120
"(0.3079545454545455, 1.0)",1,96.78863636363636,39121
"(0.8510135135135135, 0.9773648648648648)",1,96.78817567567565,39122
"(0.9875, 0.9958333333333332)",1,96.78750000000004,39123
"(0.95, 1.0)",1,96.78749999999997,39124
"(0.9958333333333332, 1.0)",1,96.78749999999997,39125
"(0.75, 0.975)",1,96.78749999999988,39126
"(0.9375, 0.975)",1,96.78749999999988,39127
"(0.8125, 0.975)",2,96.78749999999988,39129
"(0.875, 0.975)",1,96.78749999999988,39130
"(0.925, 0.975)",3,96.78749999999988,39133
"(0.8875, 0.975)",2,96.78749999999988,39135
"(0.75, 0.975)",1,96.78749999999988,39136
"(0.6625, 0.975)",2,96.78749999999988,39138
"(0.7875, 0.975)",1,96.78749999999988,39139
"(0.8625, 0.975)",2,96.78749999999988,39141
"(0.925, 0.975)",2,96.78749999999988,39143
"(0.9125, 0.975)",1,96.78749999999988,39144
"(0.95, 0.975)",1,96.78749999999988,39145
"(0.7827702702702702, 0.9739864864864864)",1,96.78716216216208,39146
"(0.6954545454545454, 1.0)",3,96.78712121212122,39149
"(0.9037162162162162, 0.979391891891892)",1,96.78648648648644,39150
"(0.902027027027027, 0.9780405405405406)",1,96.78648648648644,39151
"(0.50375, 0.99)",1,96.78624999999988,39152
"(0.51, 0.99125)",1,96.78624999999984,39153
"(0.9571428571428572, 0.9714285714285714)",1,96.78571428571436,39154
"(0.9607142857142856, 0.9714285714285714)",1,96.78571428571432,39155
"(0.7035714285714286, 0.9714285714285714)",1,96.7857142857143,39156
"(0.9571428571428572, 0.9714285714285714)",1,96.78571428571428,39157
"(0.9642857142857144, 0.9714285714285714)",1,96.78571428571428,39158
"(0.4285714285714285, 0.9714285714285714)",1,96.78571428571428,39159
"(0.9714285714285714, 0.9642857142857144)",1,96.78571428571416,39160
"(0.9214285714285714, 0.975)",1,96.78571428571416,39161
"(0.95, 0.975)",3,96.78571428571412,39164
"(0.6799242424242424, 1.0)",2,96.78560606060609,39166
"(0.5516891891891892, 0.981418918918919)",1,96.785472972973,39167
"(0.5472972972972973, 0.9736486486486486)",1,96.78547297297293,39168
"(0.3159090909090909, 0.9973484848484848)",1,96.78522727272735,39169
"(0.9078947368421052, 0.9736842105263158)",1,96.7850877192982,39170
"(0.8991228070175439, 0.9736842105263158)",1,96.7850877192982,39171
"(0.49375, 0.98625)",1,96.78500000000004,39172
"(0.4617424242424242, 0.999621212121212)",1,96.78446969696972,39173
"(0.440530303030303, 0.999621212121212)",1,96.78409090909096,39174
"(0.459469696969697, 0.999621212121212)",1,96.78371212121216,39175
"(0.9166666666666666, 0.9666666666666668)",1,96.78333333333347,39176
"(0.9875, 0.9958333333333332)",1,96.7833333333334,39177
"(0.9791666666666666, 0.9958333333333332)",1,96.7833333333334,39178
"(0.8, 1.0)",1,96.78333333333332,39179
"(0.839527027027027, 0.9777027027027028)",1,96.78310810810804,39180
"(0.4431818181818182, 0.9984848484848484)",1,96.7829545454546,39181
"(0.4784090909090909, 0.9863636363636364)",1,96.78257575757576,39182
"(0.4925, 0.9975)",1,96.7825000000002,39183
"(0.49875, 0.99375)",1,96.78250000000006,39184
"(0.9071428571428573, 0.9714285714285714)",1,96.78214285714284,39185
"(0.9535714285714286, 0.9714285714285714)",1,96.78214285714284,39186
"(0.9107142857142856, 0.9714285714285714)",1,96.78214285714284,39187
"(0.9571428571428572, 0.975)",1,96.78214285714272,39188
"(0.95, 0.975)",1,96.78214285714272,39189
"(0.4358974358974359, 0.9871794871794872)",1,96.78205128205144,39190
"(0.8461538461538461, 0.9871794871794872)",1,96.78205128205144,39191
"(0.1923076923076923, 0.9871794871794872)",1,96.7820512820514,39192
"(0.1666666666666666, 0.9871794871794872)",1,96.7820512820514,39193
"(0.8076923076923077, 0.9871794871794872)",1,96.7820512820514,39194
"(0.6538461538461539, 0.9871794871794872)",1,96.7820512820514,39195
"(0.8205128205128205, 1.0)",1,96.78205128205128,39196
"(0.8587837837837838, 0.9777027027027028)",3,96.78175675675676,39199
"(0.5074324324324324, 0.9763513513513512)",1,96.78175675675668,39200
"(0.8587837837837838, 0.9780405405405406)",1,96.78108108108114,39201
"(0.7763513513513514, 0.9743243243243244)",1,96.7807432432432,39202
"(0.881578947368421, 0.9692982456140352)",1,96.78070175438614,39203
"(0.706140350877193, 0.9912280701754386)",1,96.78070175438596,39204
"(0.881578947368421, 0.9736842105263158)",1,96.78070175438592,39205
"(0.7456140350877193, 0.9736842105263158)",1,96.78070175438592,39206
"(0.6228070175438597, 0.9736842105263158)",2,96.78070175438592,39208
"(0.8552631578947368, 0.9912280701754386)",1,96.78070175438592,39209
"(0.8947368421052632, 0.9736842105263158)",2,96.7807017543859,39211
"(0.8289473684210527, 0.9736842105263158)",1,96.7807017543859,39212
"(0.8464912280701754, 0.9736842105263158)",2,96.7807017543859,39214
"(0.4518939393939394, 0.9984848484848484)",1,96.78068181818183,39215
"(0.8402027027027027, 0.9739864864864864)",1,96.7804054054054,39216
"(0.9162162162162162, 0.9716216216216216)",1,96.78006756756751,39217
"(0.50875, 0.99625)",3,96.7800000000002,39220
"(0.9916666666666668, 0.9958333333333332)",1,96.77916666666673,39221
"(0.4632575757575757, 1.0)",1,96.7791666666667,39222
"(0.9833333333333332, 0.9958333333333332)",1,96.7791666666667,39223
"(0.5930232558139535, 0.9767441860465116)",1,96.77906976744195,39224
"(0.6744186046511628, 0.9767441860465116)",2,96.77906976744195,39226
"(0.7209302325581395, 0.9767441860465116)",2,96.77906976744195,39228
"(0.872093023255814, 0.9767441860465116)",2,96.77906976744195,39230
"(0.9186046511627908, 0.9767441860465116)",1,96.77906976744195,39231
"(0.8837209302325582, 0.9767441860465116)",1,96.77906976744195,39232
"(0.6976744186046512, 0.9767441860465116)",1,96.77906976744195,39233
"(0.8604651162790697, 0.9767441860465116)",3,96.77906976744195,39236
"(0.5930232558139535, 0.9767441860465116)",1,96.77906976744195,39237
"(0.7790697674418605, 0.9767441860465116)",1,96.77906976744195,39238
"(0.7558139534883721, 0.9767441860465116)",1,96.77906976744195,39239
"(0.5813953488372093, 0.9767441860465116)",1,96.77906976744195,39240
"(0.5465116279069767, 0.9767441860465116)",1,96.77906976744195,39241
"(0.9277027027027028, 0.9780405405405406)",1,96.77905405405409,39242
"(0.789527027027027, 0.9739864864864864)",1,96.77905405405409,39243
"(0.7875, 0.977027027027027)",1,96.77905405405394,39244
"(0.4852272727272727, 0.9984848484848484)",1,96.77878787878797,39245
"(0.50875, 0.98875)",1,96.7787499999999,39246
"(0.5570945945945946, 0.983108108108108)",1,96.77871621621622,39247
"(0.9321428571428572, 0.9571428571428572)",1,96.77857142857135,39248
"(0.95, 0.975)",1,96.7785714285713,39249
"(0.9571428571428572, 0.975)",1,96.77857142857124,39250
"(0.902027027027027, 0.9780405405405406)",3,96.77837837837842,39253
"(0.793918918918919, 0.9777027027027028)",1,96.7783783783783,39254
"(0.8722972972972973, 0.9756756756756756)",1,96.7780405405405,39255
"(0.7638888888888888, 0.9861111111111112)",1,96.77777777777796,39256
"(0.8611111111111112, 0.9722222222222222)",1,96.77777777777796,39257
"(0.875, 0.9722222222222222)",6,96.77777777777796,39263
"(0.625, 0.9722222222222222)",1,96.77777777777796,39264
"(0.9305555555555556, 0.9722222222222222)",1,96.77777777777796,39265
"(0.9027777777777778, 0.9722222222222222)",2,96.77777777777796,39267
"(0.9444444444444444, 0.9722222222222222)",1,96.77777777777796,39268
"(0.9583333333333334, 0.9722222222222222)",1,96.77777777777796,39269
"(0.6388888888888888, 0.9861111111111112)",1,96.77777777777796,39270
"(0.9166666666666666, 0.9861111111111112)",3,96.77777777777796,39273
"(0.875, 0.9861111111111112)",2,96.77777777777796,39275
"(0.9027777777777778, 0.9861111111111112)",2,96.77777777777796,39277
"(0.8055555555555556, 0.9861111111111112)",2,96.77777777777796,39279
"(0.8333333333333334, 0.9722222222222222)",1,96.77777777777796,39280
"(0.8888888888888888, 0.9722222222222222)",2,96.77777777777796,39282
"(0.8472222222222222, 0.9861111111111112)",1,96.77777777777796,39283
"(0.9166666666666666, 0.9722222222222222)",2,96.77777777777796,39285
"(0.875, 0.9722222222222222)",4,96.77777777777794,39289
"(0.6666666666666666, 0.9722222222222222)",1,96.77777777777794,39290
"(0.8333333333333334, 0.9722222222222222)",2,96.77777777777794,39292
"(0.9305555555555556, 0.9722222222222222)",2,96.77777777777794,39294
"(0.625, 0.9722222222222222)",1,96.77777777777794,39295
"(0.8888888888888888, 0.9722222222222222)",1,96.77777777777794,39296
"(0.6527777777777778, 0.9722222222222222)",1,96.77777777777794,39297
"(0.8472222222222222, 0.9722222222222222)",4,96.77777777777794,39301
"(0.7222222222222222, 0.9722222222222222)",4,96.77777777777794,39305
"(0.9166666666666666, 1.0)",1,96.77777777777776,39306
"(0.8333333333333334, 1.0)",1,96.77777777777776,39307
"(0.572972972972973, 0.981418918918919)",1,96.77770270270264,39308
"(0.6537162162162162, 0.9722972972972972)",1,96.77736486486492,39309
"(0.5540540540540541, 0.981418918918919)",1,96.77736486486488,39310
"(0.8043918918918919, 0.9756756756756756)",1,96.7773648648648,39311
"(0.5206081081081081, 0.981418918918919)",1,96.7766891891892,39312
"(0.6696969696969697, 0.9984848484848484)",1,96.7765151515152,39313
"(0.7334459459459459, 0.9746621621621622)",1,96.77635135135132,39314
"(0.7456140350877193, 0.9692982456140352)",1,96.77631578947388,39315
"(0.8464912280701754, 0.9692982456140352)",1,96.77631578947386,39316
"(0.7149122807017544, 0.9912280701754386)",1,96.77631578947366,39317
"(0.868421052631579, 0.9736842105263158)",1,96.77631578947364,39318
"(0.75, 0.9736842105263158)",3,96.77631578947364,39321
"(0.6096491228070176, 0.9736842105263158)",1,96.77631578947364,39322
"(0.8640350877192983, 0.9736842105263158)",1,96.77631578947364,39323
"(0.3814393939393939, 0.9988636363636364)",1,96.77613636363638,39324
"(0.7429054054054054, 0.9773648648648648)",1,96.7760135135135,39325
"(0.7712837837837838, 0.9766891891891892)",3,96.77533783783778,39328
"(0.9708333333333332, 0.9958333333333332)",1,96.77500000000008,39329
"(0.9916666666666668, 0.9958333333333332)",1,96.77500000000002,39330
"(0.9708333333333332, 0.9958333333333332)",1,96.77500000000002,39331
"(0.9464285714285714, 0.9714285714285714)",1,96.77500000000002,39332
"(0.9107142857142856, 0.9714285714285714)",1,96.77500000000002,39333
"(0.9607142857142856, 0.9714285714285714)",1,96.77500000000002,39334
"(0.9428571428571428, 0.9678571428571427)",1,96.77499999999992,39335
"(0.9375, 0.975)",1,96.77499999999988,39336
"(0.8875, 0.975)",1,96.77499999999988,39337
"(0.6875, 0.975)",2,96.77499999999988,39339
"(0.775, 0.975)",1,96.77499999999988,39340
"(0.8375, 0.975)",1,96.77499999999988,39341
"(0.925, 0.975)",6,96.77499999999988,39347
"(0.6625, 0.975)",3,96.77499999999988,39350
"(0.7625, 0.975)",1,96.77499999999988,39351
"(0.95, 0.975)",2,96.77499999999988,39353
"(0.9, 0.975)",2,96.77499999999988,39355
"(0.725, 0.975)",1,96.77499999999986,39356
"(0.9, 0.9875)",1,96.77499999999986,39357
"(0.925, 0.975)",1,96.77499999999986,39358
"(0.6875, 0.975)",1,96.77499999999986,39359
"(0.8875, 0.975)",1,96.77499999999986,39360
"(0.775, 0.975)",1,96.77499999999986,39361
"(0.5192567567567568, 0.9827702702702704)",1,96.77466216216212,39362
"(0.9327702702702704, 0.9787162162162162)",1,96.77432432432433,39363
"(0.2352272727272727, 0.9977272727272728)",1,96.77272727272737,39364
"(0.50875, 0.9975)",1,96.77250000000014,39365
"(0.51625, 0.9925)",1,96.77250000000008,39366
"(0.6775, 0.995)",1,96.7725,39367
"(0.8728070175438597, 0.9692982456140352)",1,96.77192982456155,39368
"(0.8859649122807017, 0.9912280701754386)",2,96.77192982456138,39370
"(0.8771929824561403, 0.9736842105263158)",3,96.77192982456135,39373
"(0.8640350877192983, 0.9736842105263158)",2,96.77192982456134,39375
"(0.6096491228070176, 0.9736842105263158)",1,96.77192982456134,39376
"(0.8753378378378378, 0.9783783783783784)",2,96.77162162162162,39378
"(0.9464285714285714, 0.9714285714285714)",1,96.7714285714286,39379
"(0.9642857142857144, 0.9714285714285714)",1,96.7714285714286,39380
"(0.9642857142857144, 0.9714285714285714)",1,96.77142857142856,39381
"(0.9357142857142856, 0.975)",1,96.77142857142844,39382
"(0.6117424242424242, 1.0)",1,96.77121212121212,39383
"(0.8662162162162163, 0.970945945945946)",2,96.77094594594595,39385
"(0.8043918918918919, 0.9773648648648648)",2,96.77094594594588,39387
"(0.9791666666666666, 0.9958333333333332)",1,96.77083333333344,39388
"(0.9375, 0.9958333333333332)",1,96.7708333333334,39389
"(0.9833333333333332, 0.9958333333333332)",3,96.7708333333334,39392
"(0.9791666666666666, 0.9958333333333332)",1,96.7708333333334,39393
"(0.9833333333333332, 1.0)",1,96.77083333333329,39394
"(0.2803030303030303, 0.9992424242424244)",1,96.77007575757575,39395
"(0.8527027027027027, 0.9783783783783784)",1,96.76993243243244,39396
"(0.8449324324324324, 0.9773648648648648)",1,96.7695945945946,39397
"(0.8461538461538461, 0.9743589743589745)",1,96.76923076923102,39398
"(0.7948717948717948, 0.9871794871794872)",1,96.7692307692309,39399
"(0.7307692307692307, 0.9871794871794872)",1,96.7692307692309,39400
"(0.4102564102564102, 1.0)",1,96.76923076923076,39401
"(0.4359848484848485, 0.9992424242424244)",1,96.76893939393943,39402
"(0.6881756756756757, 0.9766891891891892)",2,96.76858108108108,39404
"(0.4693181818181818, 1.0)",3,96.7685606060606,39407
"(0.5689189189189189, 0.9827702702702704)",1,96.76790540540544,39408
"(0.577027027027027, 0.9824324324324324)",1,96.7679054054054,39409
"(0.7429054054054054, 0.9777027027027028)",1,96.76790540540536,39410
"(0.9392857142857144, 0.9714285714285714)",2,96.76785714285715,39412
"(0.9678571428571427, 0.9714285714285714)",3,96.76785714285715,39415
"(0.925, 0.9714285714285714)",1,96.76785714285714,39416
"(0.9392857142857144, 0.9714285714285714)",1,96.76785714285714,39417
"(0.9535714285714286, 0.9714285714285714)",1,96.76785714285714,39418
"(0.9535714285714286, 0.9785714285714284)",1,96.76785714285708,39419
"(0.8464912280701754, 0.9692982456140352)",2,96.7675438596493,39421
"(0.8859649122807017, 0.9912280701754386)",3,96.76754385964912,39424
"(0.7149122807017544, 0.9912280701754386)",1,96.7675438596491,39425
"(0.8991228070175439, 0.9736842105263158)",1,96.76754385964908,39426
"(0.868421052631579, 0.9736842105263158)",1,96.76754385964908,39427
"(0.49625, 0.98625)",2,96.76749999999994,39429
"(0.5116279069767442, 0.9767441860465116)",1,96.76744186046524,39430
"(0.9186046511627908, 0.9767441860465116)",1,96.76744186046524,39431
"(0.8372093023255814, 0.9767441860465116)",1,96.76744186046524,39432
"(0.5465116279069767, 0.9767441860465116)",2,96.76744186046524,39434
"(0.5697674418604651, 0.9767441860465116)",1,96.76744186046524,39435
"(0.8488372093023255, 0.9767441860465116)",2,96.76744186046524,39437
"(0.9186046511627908, 0.9767441860465116)",1,96.7674418604652,39438
"(0.7674418604651163, 0.9767441860465116)",2,96.7674418604652,39440
"(0.7790697674418605, 0.9767441860465116)",1,96.7674418604652,39441
"(0.5930232558139535, 0.9767441860465116)",1,96.7674418604652,39442
"(0.8837209302325582, 0.9767441860465116)",1,96.7674418604652,39443
"(0.9302325581395348, 0.9767441860465116)",1,96.7674418604652,39444
"(0.8837209302325582, 0.9767441860465116)",2,96.7674418604652,39446
"(0.4534090909090909, 0.9981060606060606)",1,96.7670454545455,39447
"(0.8875, 0.9791666666666666)",1,96.76666666666684,39448
"(0.9, 0.9666666666666668)",1,96.76666666666682,39449
"(0.9875, 0.9958333333333332)",2,96.76666666666672,39451
"(0.9875, 0.9958333333333332)",3,96.76666666666668,39454
"(0.8166666666666667, 1.0)",1,96.76666666666668,39455
"(0.5238636363636363, 1.0)",1,96.76666666666668,39456
"(0.9833333333333332, 1.0)",1,96.76666666666662,39457
"(0.440530303030303, 0.9992424242424244)",1,96.7662878787879,39458
"(0.6175, 0.9775)",1,96.76625000000008,39459
"(0.46875, 0.98125)",1,96.76624999999996,39460
"(0.8087837837837838, 0.9716216216216216)",1,96.76621621621624,39461
"(0.7746621621621622, 0.9739864864864864)",1,96.76621621621618,39462
"(0.9277027027027028, 0.9756756756756756)",1,96.76621621621612,39463
"(0.2784090909090909, 0.999621212121212)",1,96.7659090909091,39464
"(0.5371621621621622, 0.9820945945945946)",1,96.76554054054056,39465
"(0.8662162162162163, 0.975)",1,96.76554054054054,39466
"(0.7283783783783784, 0.9773648648648648)",2,96.76520270270272,39468
"(0.49625, 0.99875)",2,96.7650000000001,39470
"(0.5141891891891892, 0.9763513513513512)",2,96.764527027027,39472
"(0.9142857142857144, 0.9714285714285714)",1,96.76428571428572,39473
"(0.8857142857142857, 0.9678571428571427)",1,96.76428571428566,39474
"(0.9428571428571428, 0.9678571428571427)",3,96.76428571428562,39477
"(0.9178571428571428, 0.975)",1,96.76428571428558,39478
"(0.9464285714285714, 0.975)",1,96.76428571428556,39479
"(0.7638888888888888, 0.9722222222222222)",1,96.76388888888908,39480
"(0.8611111111111112, 0.9861111111111112)",1,96.76388888888908,39481
"(0.8055555555555556, 0.9861111111111112)",3,96.76388888888908,39484
"(0.9027777777777778, 0.9861111111111112)",1,96.76388888888908,39485
"(0.9444444444444444, 0.9722222222222222)",1,96.76388888888908,39486
"(0.8194444444444444, 0.9861111111111112)",1,96.76388888888908,39487
"(0.7638888888888888, 0.9861111111111112)",1,96.76388888888908,39488
"(0.9444444444444444, 0.9861111111111112)",1,96.76388888888908,39489
"(0.8611111111111112, 0.9722222222222222)",1,96.76388888888908,39490
"(0.8194444444444444, 0.9722222222222222)",1,96.76388888888908,39491
"(0.8888888888888888, 0.9722222222222222)",1,96.76388888888908,39492
"(0.8333333333333334, 0.9861111111111112)",1,96.76388888888908,39493
"(0.875, 0.9722222222222222)",2,96.76388888888908,39495
"(0.9305555555555556, 0.9722222222222222)",1,96.76388888888908,39496
"(0.9861111111111112, 0.9722222222222222)",1,96.76388888888908,39497
"(0.9166666666666666, 0.9722222222222222)",1,96.76388888888908,39498
"(0.8888888888888888, 0.9861111111111112)",2,96.76388888888908,39500
"(0.8055555555555556, 0.9722222222222222)",2,96.76388888888906,39502
"(0.9305555555555556, 0.9722222222222222)",1,96.76388888888906,39503
"(0.625, 0.9722222222222222)",2,96.76388888888906,39505
"(0.875, 0.9722222222222222)",3,96.76388888888906,39508
"(0.75, 0.9722222222222222)",2,96.76388888888906,39510
"(0.7916666666666666, 0.9722222222222222)",1,96.76388888888906,39511
"(0.8611111111111112, 0.9722222222222222)",4,96.76388888888906,39515
"(0.9861111111111112, 0.9722222222222222)",3,96.76388888888906,39518
"(0.8194444444444444, 0.9722222222222222)",1,96.76388888888906,39519
"(0.8472222222222222, 0.9722222222222222)",9,96.76388888888906,39528
"(0.9444444444444444, 0.9722222222222222)",1,96.76388888888906,39529
"(0.9027777777777778, 0.9722222222222222)",2,96.76388888888906,39531
"(0.6805555555555556, 0.9722222222222222)",1,96.76388888888906,39532
"(0.6111111111111112, 0.9722222222222222)",1,96.76388888888906,39533
"(0.7222222222222222, 0.9722222222222222)",3,96.76388888888906,39536
"(0.8333333333333334, 0.9722222222222222)",2,96.76388888888906,39538
"(0.8194444444444444, 1.0)",1,96.76388888888889,39539
"(0.9444444444444444, 1.0)",2,96.76388888888889,39541
"(0.9027777777777778, 1.0)",1,96.76388888888889,39542
"(0.9305555555555556, 1.0)",1,96.76388888888889,39543
"(0.7777777777777778, 1.0)",1,96.76388888888889,39544
"(0.49, 1.0)",1,96.76375000000004,39545
"(0.54375, 0.9925)",1,96.76375,39546
"(0.6525, 0.99625)",1,96.76374999999992,39547
"(0.5446969696969697, 1.0)",1,96.76363636363638,39548
"(0.3325757575757576, 0.9943181818181818)",1,96.76363636363637,39549
"(0.5628378378378378, 0.9763513513513512)",1,96.7635135135135,39550
"(0.868421052631579, 0.9692982456140352)",1,96.763157894737,39551
"(0.7763157894736842, 0.9692982456140352)",3,96.763157894737,39554
"(0.8903508771929824, 0.9692982456140352)",1,96.763157894737,39555
"(0.8859649122807017, 0.9912280701754386)",3,96.76315789473682,39558
"(0.75, 0.9736842105263158)",1,96.7631578947368,39559
"(0.8771929824561403, 0.9736842105263158)",1,96.7631578947368,39560
"(0.7763157894736842, 0.9736842105263158)",1,96.7631578947368,39561
"(0.9078947368421052, 0.9736842105263158)",4,96.76315789473678,39565
"(0.8493243243243244, 0.9739864864864864)",2,96.76283783783784,39567
"(0.8108108108108109, 0.9763513513513512)",1,96.76283783783778,39568
"(0.735472972972973, 0.9746621621621622)",1,96.76249999999996,39569
"(0.8875, 0.975)",2,96.76249999999987,39571
"(0.775, 0.975)",1,96.76249999999987,39572
"(0.75, 0.975)",1,96.76249999999987,39573
"(0.925, 0.975)",6,96.76249999999987,39579
"(0.725, 0.975)",1,96.76249999999987,39580
"(0.9, 0.975)",2,96.76249999999987,39582
"(0.9, 0.9875)",1,96.76249999999987,39583
"(0.825, 0.975)",2,96.76249999999987,39585
"(0.8375, 0.975)",3,96.76249999999987,39588
"(0.8125, 0.975)",1,96.76249999999987,39589
"(0.825, 0.975)",2,96.76249999999986,39591
"(0.775, 0.975)",1,96.76249999999986,39592
"(0.9375, 0.975)",1,96.76249999999986,39593
"(0.4897727272727272, 0.9988636363636364)",1,96.76212121212124,39594
"(0.8324324324324325, 0.9783783783783784)",1,96.7618243243244,39595
"(0.3484848484848485, 0.9992424242424244)",1,96.76174242424246,39596
"(0.4602272727272727, 1.0)",1,96.7613636363637,39597
"(0.485, 0.99375)",1,96.76125000000006,39598
"(0.5025, 0.9875)",1,96.76124999999992,39599
"(0.8091216216216216, 0.979054054054054)",1,96.76081081081084,39600
"(0.9357142857142856, 0.9714285714285714)",2,96.76071428571431,39602
"(0.95, 0.9714285714285714)",1,96.7607142857143,39603
"(0.9607142857142856, 0.9714285714285714)",3,96.76071428571429,39606
"(0.9714285714285714, 0.9678571428571427)",3,96.76071428571424,39609
"(0.9607142857142856, 0.9678571428571427)",1,96.76071428571424,39610
"(0.9642857142857144, 0.9678571428571427)",1,96.7607142857142,39611
"(0.9178571428571428, 0.975)",1,96.76071428571416,39612
"(0.9107142857142856, 0.9642857142857144)",3,96.76071428571414,39615
"(0.8753378378378378, 0.9706081081081082)",2,96.76047297297302,39617
"(0.5863636363636363, 1.0)",3,96.76022727272726,39620
"(0.9037162162162162, 0.979054054054054)",1,96.76013513513516,39621
"(0.7543918918918919, 0.9739864864864864)",1,96.76013513513514,39622
"(0.5344594594594595, 0.981418918918919)",1,96.76013513513507,39623
"(0.61, 0.9975)",1,96.76000000000002,39624
"(0.64875, 0.99)",1,96.76,39625
"(0.41875, 0.9875)",3,96.75999999999983,39628
"(0.4791666666666667, 1.0)",1,96.75984848484848,39629
"(0.7655405405405405, 0.9773648648648648)",1,96.75979729729733,39630
"(0.9162162162162162, 0.975)",1,96.75945945945948,39631
"(0.75, 0.9783783783783784)",1,96.75945945945944,39632
"(0.5273648648648649, 0.9739864864864864)",1,96.75945945945942,39633
"(0.5442567567567568, 0.9733108108108108)",1,96.75912162162167,39634
"(0.7894736842105263, 0.9692982456140352)",1,96.75877192982472,39635
"(0.868421052631579, 0.9736842105263158)",2,96.7587719298245,39637
"(0.8596491228070176, 0.9736842105263158)",3,96.7587719298245,39640
"(0.9078947368421052, 0.9736842105263158)",4,96.7587719298245,39644
"(0.49375, 0.9975)",1,96.75875000000012,39645
"(0.3496212121212121, 0.9992424242424244)",1,96.75871212121216,39646
"(0.7543918918918919, 0.9756756756756756)",2,96.75810810810802,39648
"(0.5192567567567568, 0.981418918918919)",1,96.75777027027026,39649
"(0.49, 0.99875)",1,96.75750000000004,39650
"(0.4768939393939393, 0.9958333333333332)",3,96.75719696969708,39653
"(0.9571428571428572, 0.9678571428571427)",1,96.7571428571428,39654
"(0.9535714285714286, 0.975)",1,96.75714285714268,39655
"(0.5333333333333333, 0.9924242424242424)",3,96.75643939393956,39658
"(0.7334459459459459, 0.9783783783783784)",1,96.75641891891894,39659
"(0.4615384615384615, 0.9871794871794872)",1,96.7564102564104,39660
"(0.6923076923076923, 0.9871794871794872)",1,96.7564102564104,39661
"(0.7692307692307693, 0.9871794871794872)",1,96.7564102564104,39662
"(0.7435897435897436, 0.9871794871794872)",2,96.7564102564104,39664
"(0.4487179487179487, 0.9871794871794872)",1,96.7564102564104,39665
"(0.5512820512820513, 0.9871794871794872)",1,96.7564102564104,39666
"(0.717948717948718, 0.9871794871794872)",2,96.7564102564104,39668
"(0.4615384615384615, 1.0)",1,96.75641025641023,39669
"(0.50875, 0.98375)",1,96.75624999999997,39670
"(0.9300675675675676, 0.9712837837837838)",1,96.75608108108112,39671
"(0.343560606060606, 0.993560606060606)",1,96.7560606060606,39672
"(0.6046511627906976, 0.9767441860465116)",1,96.75581395348848,39673
"(0.5930232558139535, 0.9767441860465116)",1,96.75581395348848,39674
"(0.6976744186046512, 0.9767441860465116)",1,96.75581395348848,39675
"(0.8837209302325582, 0.9767441860465116)",1,96.75581395348848,39676
"(0.7906976744186046, 0.9767441860465116)",1,96.75581395348848,39677
"(0.7325581395348837, 0.9767441860465116)",1,96.75581395348848,39678
"(0.3023255813953488, 0.9767441860465116)",1,96.75581395348848,39679
"(0.9302325581395348, 0.9767441860465116)",1,96.75581395348848,39680
"(0.7093023255813954, 0.9767441860465116)",1,96.75581395348848,39681
"(0.6744186046511628, 0.9767441860465116)",1,96.75581395348848,39682
"(0.9186046511627908, 0.9767441860465116)",1,96.75581395348848,39683
"(0.5567567567567567, 0.9716216216216216)",1,96.75574324324327,39684
"(0.6284090909090909, 1.0)",3,96.75568181818184,39687
"(0.6310810810810811, 0.9746621621621622)",1,96.75540540540538,39688
"(0.8091216216216216, 0.9736486486486486)",1,96.75540540540536,39689
"(0.50375, 0.99)",1,96.75499999999982,39690
"(0.7894736842105263, 0.9692982456140352)",1,96.75438596491244,39691
"(0.8552631578947368, 0.9912280701754386)",1,96.75438596491226,39692
"(0.868421052631579, 0.9736842105263158)",2,96.75438596491225,39694
"(0.7412280701754386, 0.9736842105263158)",1,96.75438596491225,39695
"(0.8464912280701754, 0.9736842105263158)",1,96.75438596491225,39696
"(0.9791666666666666, 0.9958333333333332)",2,96.75416666666676,39698
"(0.4003787878787879, 1.0)",3,96.75416666666666,39701
"(0.9166666666666666, 0.975)",1,96.75416666666644,39702
"(0.4431818181818182, 0.999621212121212)",1,96.75378787878792,39703
"(0.52875, 0.985)",1,96.75375000000004,39704
"(0.5075, 0.9925)",1,96.75374999999993,39705
"(0.8571428571428571, 0.9714285714285714)",1,96.75357142857143,39706
"(0.9428571428571428, 0.9714285714285714)",1,96.75357142857142,39707
"(0.9357142857142856, 0.9785714285714284)",1,96.75357142857138,39708
"(0.925, 0.975)",1,96.75357142857132,39709
"(0.925, 0.975)",1,96.75357142857128,39710
"(0.9392857142857144, 0.975)",3,96.75357142857123,39713
"(0.459469696969697, 0.9977272727272728)",1,96.75340909090916,39714
"(0.3575757575757576, 1.0)",2,96.7530303030303,39716
"(0.8135135135135135, 0.9763513513513512)",2,96.75270270270266,39718
"(0.5540540540540541, 0.9837837837837838)",1,96.75270270270262,39719
"(0.5481060606060606, 1.0)",1,96.75265151515153,39720
"(0.51, 0.995)",2,96.75250000000013,39722
"(0.49875, 0.9975)",1,96.75250000000013,39723
"(0.6268939393939394, 1.0)",1,96.75189393939394,39724
"(0.51875, 1.0)",1,96.75125000000006,39725
"(0.4746212121212121, 0.9988636363636364)",1,96.75075757575765,39726
"(0.5567567567567567, 0.9753378378378378)",1,96.7506756756756,39727
"(0.4087121212121212, 0.9867424242424242)",1,96.7503787878788,39728
"(0.8611111111111112, 0.9861111111111112)",1,96.7500000000002,39729
"(0.9305555555555556, 0.9861111111111112)",1,96.7500000000002,39730
"(0.7777777777777778, 0.9861111111111112)",2,96.7500000000002,39732
"(0.7638888888888888, 0.9861111111111112)",1,96.7500000000002,39733
"(0.9166666666666666, 0.9861111111111112)",1,96.7500000000002,39734
"(0.7638888888888888, 0.9861111111111112)",1,96.75000000000018,39735
"(0.8472222222222222, 0.9722222222222222)",1,96.75000000000018,39736
"(0.7222222222222222, 0.9722222222222222)",2,96.75000000000016,39738
"(0.5, 0.9722222222222222)",1,96.75000000000016,39739
"(0.8055555555555556, 0.9722222222222222)",1,96.75000000000016,39740
"(0.9027777777777778, 0.9722222222222222)",1,96.75000000000016,39741
"(0.8333333333333334, 0.9722222222222222)",2,96.75000000000016,39743
"(0.8888888888888888, 0.9722222222222222)",3,96.75000000000016,39746
"(0.625, 0.9722222222222222)",8,96.75000000000016,39754
"(0.8194444444444444, 0.9722222222222222)",4,96.75000000000016,39758
"(0.7638888888888888, 0.9722222222222222)",1,96.75000000000016,39759
"(0.75, 0.9722222222222222)",1,96.75000000000016,39760
"(0.8991228070175439, 0.9692982456140352)",1,96.75000000000016,39761
"(0.8611111111111112, 0.9722222222222222)",4,96.75000000000016,39765
"(0.8472222222222222, 0.9722222222222222)",6,96.75000000000016,39771
"(0.9305555555555556, 0.9722222222222222)",1,96.75000000000016,39772
"(0.6666666666666666, 0.9722222222222222)",1,96.75000000000016,39773
"(0.6944444444444444, 0.9722222222222222)",2,96.75000000000016,39775
"(0.9166666666666666, 0.9666666666666668)",1,96.75000000000016,39776
"(0.875, 0.9722222222222222)",3,96.75000000000016,39779
"(0.343560606060606, 0.9984848484848484)",1,96.75000000000006,39780
"(0.8891891891891892, 0.9787162162162162)",3,96.75000000000006,39783
"(0.9791666666666666, 0.9958333333333332)",1,96.75000000000004,39784
"(0.75, 1.0)",1,96.75,39785
"(0.9214285714285714, 0.9714285714285714)",2,96.75,39787
"(0.66875, 0.985)",1,96.75,39788
"(0.8333333333333334, 1.0)",1,96.75,39789
"(0.6954545454545454, 1.0)",1,96.75,39790
"(0.975, 1.0)",1,96.74999999999996,39791
"(0.9166666666666666, 0.9736842105263158)",1,96.74999999999994,39792
"(0.7149122807017544, 0.9736842105263158)",1,96.74999999999994,39793
"(0.75, 0.9736842105263158)",1,96.74999999999994,39794
"(0.9078947368421052, 0.9736842105263158)",2,96.74999999999994,39796
"(0.868421052631579, 0.9736842105263158)",1,96.74999999999994,39797
"(0.9285714285714286, 0.975)",3,96.74999999999989,39800
"(0.775, 0.975)",2,96.74999999999989,39802
"(0.9375, 0.975)",1,96.74999999999989,39803
"(0.875, 0.975)",1,96.74999999999989,39804
"(0.6625, 0.975)",1,96.74999999999989,39805
"(0.7875, 0.975)",1,96.74999999999989,39806
"(0.8125, 0.975)",1,96.74999999999989,39807
"(0.8875, 0.975)",2,96.74999999999989,39809
"(0.925, 0.975)",5,96.74999999999989,39814
"(0.9714285714285714, 0.975)",1,96.74999999999989,39815
"(0.9125, 0.975)",2,96.74999999999989,39817
"(0.8875, 0.975)",1,96.74999999999986,39818
"(0.775, 0.975)",1,96.74999999999986,39819
"(0.925, 0.975)",1,96.74999999999986,39820
"(0.875, 0.975)",1,96.74999999999986,39821
"(0.9625, 0.975)",1,96.74999999999986,39822
"(0.8791666666666667, 0.975)",1,96.74999999999984,39823
"(0.465530303030303, 1.0)",1,96.74962121212124,39824
"(0.4428030303030303, 1.0)",1,96.7496212121212,39825
"(0.48375, 0.99125)",1,96.74874999999984,39826
"(0.4651515151515151, 0.999621212121212)",1,96.74848484848488,39827
"(0.9300675675675676, 0.9760135135135136)",1,96.74831081081078,39828
"(0.4087121212121212, 0.9992424242424244)",1,96.74810606060608,39829
"(0.4996212121212121, 1.0)",3,96.74772727272727,39832
"(0.6662162162162162, 0.9766891891891892)",1,96.7476351351351,39833
"(0.4568181818181818, 0.9988636363636364)",1,96.74696969696976,39834
"(0.7496621621621622, 0.9719594594594596)",1,96.7466216216216,39835
"(0.925, 0.9714285714285714)",1,96.74642857142862,39836
"(0.9678571428571427, 0.9714285714285714)",3,96.74642857142857,39839
"(0.9285714285714286, 0.9678571428571427)",1,96.74642857142848,39840
"(0.9428571428571428, 0.975)",1,96.74642857142844,39841
"(0.5875, 0.99)",1,96.74625,39842
"(0.50375, 0.99125)",1,96.74624999999982,39843
"(0.4712121212121212, 1.0)",1,96.74621212121212,39844
"(0.4518939393939394, 0.9859848484848484)",1,96.74621212121204,39845
"(0.8587837837837838, 0.9787162162162162)",1,96.74594594594592,39846
"(0.9791666666666666, 0.9958333333333332)",2,96.74583333333348,39848
"(0.9916666666666668, 0.9958333333333332)",1,96.74583333333342,39849
"(0.9916666666666668, 0.9958333333333332)",1,96.74583333333338,39850
"(0.9708333333333332, 0.9958333333333332)",1,96.74583333333337,39851
"(0.6045454545454545, 1.0)",3,96.74583333333334,39854
"(0.9833333333333332, 1.0)",2,96.74583333333332,39856
"(0.975, 1.0)",1,96.7458333333333,39857
"(0.8070175438596491, 0.9692982456140352)",2,96.7456140350879,39859
"(0.8552631578947368, 0.9912280701754386)",1,96.7456140350877,39860
"(0.9385964912280702, 0.9912280701754386)",1,96.7456140350877,39861
"(0.868421052631579, 0.9736842105263158)",1,96.74561403508768,39862
"(0.8070175438596491, 0.9736842105263158)",1,96.74561403508766,39863
"(0.9166666666666666, 0.9736842105263158)",1,96.74561403508766,39864
"(0.3920454545454545, 0.9984848484848484)",1,96.74507575757583,39865
"(0.4852272727272727, 1.0)",3,96.7443181818182,39868
"(0.872093023255814, 0.9883720930232558)",1,96.7441860465118,39869
"(0.8837209302325582, 0.9767441860465116)",1,96.74418604651174,39870
"(0.6744186046511628, 0.9767441860465116)",1,96.74418604651174,39871
"(0.5930232558139535, 0.9767441860465116)",1,96.74418604651174,39872
"(0.627906976744186, 0.9767441860465116)",1,96.74418604651171,39873
"(0.8372093023255814, 0.9767441860465116)",1,96.74418604651171,39874
"(0.7906976744186046, 0.9767441860465116)",1,96.74418604651171,39875
"(0.5232558139534884, 0.9767441860465116)",1,96.74418604651171,39876
"(0.5116279069767442, 0.9767441860465116)",1,96.74418604651171,39877
"(0.7093023255813954, 0.9767441860465116)",1,96.74418604651171,39878
"(0.5465116279069767, 0.9767441860465116)",1,96.74418604651171,39879
"(0.66875, 0.99375)",1,96.74374999999998,39880
"(0.8205128205128205, 0.9871794871794872)",3,96.74358974358988,39883
"(0.8076923076923077, 0.9871794871794872)",1,96.74358974358988,39884
"(0.8461538461538461, 0.9871794871794872)",1,96.74358974358988,39885
"(0.717948717948718, 0.9871794871794872)",2,96.74358974358988,39887
"(0.7435897435897436, 0.9871794871794872)",1,96.74358974358988,39888
"(0.6799242424242424, 1.0)",3,96.74356060606064,39891
"(0.8513513513513513, 0.9773648648648648)",1,96.7432432432432,39892
"(0.8297297297297297, 0.970945945945946)",2,96.7429054054054,39894
"(0.9714285714285714, 0.9714285714285714)",1,96.74285714285716,39895
"(0.9535714285714286, 0.975)",1,96.74285714285698,39896
"(0.95, 0.975)",1,96.74285714285698,39897
"(0.3632575757575758, 1.0)",1,96.74280303030304,39898
"(0.51, 0.99625)",3,96.7425000000002,39901
"(0.465, 0.98625)",1,96.74250000000002,39902
"(0.4975, 0.9925)",1,96.74249999999996,39903
"(0.46875, 0.99125)",1,96.74249999999994,39904
"(0.51, 0.99125)",2,96.74249999999994,39906
"(0.9833333333333332, 0.9958333333333332)",2,96.7416666666667,39908
"(0.4628787878787879, 0.990909090909091)",3,96.74166666666666,39911
"(0.7429054054054054, 0.9699324324324324)",1,96.74155405405412,39912
"(0.8780405405405406, 0.9760135135135136)",2,96.74155405405402,39914
"(0.8859649122807017, 0.9912280701754386)",3,96.74122807017542,39917
"(0.8859649122807017, 0.9912280701754386)",2,96.7412280701754,39919
"(0.881578947368421, 0.9736842105263158)",1,96.74122807017538,39920
"(0.8771929824561403, 0.9736842105263158)",3,96.74122807017538,39923
"(0.868421052631579, 0.9736842105263158)",4,96.74122807017538,39927
"(0.8289473684210527, 0.9736842105263158)",1,96.74122807017538,39928
"(0.8552631578947368, 0.9736842105263158)",3,96.74122807017538,39931
"(0.6969594594594595, 0.9756756756756756)",1,96.74121621621624,39932
"(0.5121212121212121, 1.0)",1,96.7405303030303,39933
"(0.4939393939393939, 1.0)",3,96.74015151515152,39936
"(0.49375, 0.9975)",1,96.74000000000012,39937
"(0.8043918918918919, 0.977027027027027)",1,96.739527027027,39938
"(0.6795454545454546, 1.0)",1,96.73939393939396,39939
"(0.9392857142857144, 0.9714285714285714)",3,96.73928571428571,39942
"(0.9535714285714286, 0.9714285714285714)",1,96.73928571428571,39943
"(0.9678571428571427, 0.9714285714285714)",1,96.7392857142857,39944
"(0.95, 0.975)",3,96.73928571428554,39947
"(0.831081081081081, 0.9760135135135136)",1,96.73918918918918,39948
"(0.5337837837837838, 0.975)",1,96.73885135135124,39949
"(0.50875, 0.99875)",2,96.73875000000004,39951
"(0.50375, 0.99)",1,96.73874999999988,39952
"(0.2784090909090909, 0.9867424242424242)",1,96.73863636363636,39953
"(0.5570945945945946, 0.979054054054054)",2,96.73851351351357,39955
"(0.3295454545454545, 0.999621212121212)",1,96.7382575757576,39956
"(0.7655405405405405, 0.9773648648648648)",1,96.73783783783784,39957
"(0.9208333333333332, 0.9958333333333332)",1,96.73750000000013,39958
"(0.9625, 0.9958333333333332)",2,96.73750000000008,39960
"(0.9833333333333332, 0.9958333333333332)",1,96.73750000000004,39961
"(0.656439393939394, 1.0)",1,96.73750000000004,39962
"(0.8702702702702703, 0.9777027027027028)",1,96.7375,39963
"(1.0, 1.0)",1,96.73749999999995,39964
"(0.9791666666666666, 1.0)",1,96.73749999999995,39965
"(0.95, 1.0)",1,96.73749999999995,39966
"(0.95, 0.975)",1,96.73749999999988,39967
"(0.925, 0.975)",2,96.73749999999988,39969
"(0.9, 0.975)",1,96.73749999999988,39970
"(0.8625, 0.975)",1,96.73749999999988,39971
"(0.6625, 0.975)",1,96.73749999999988,39972
"(0.9, 0.975)",1,96.73749999999988,39973
"(0.9125, 0.975)",1,96.73749999999988,39974
"(0.75, 0.975)",1,96.73749999999988,39975
"(0.775, 0.975)",2,96.73749999999988,39977
"(0.8875, 0.975)",1,96.73749999999988,39978
"(0.875, 0.975)",2,96.73749999999988,39980
"(0.7625, 0.975)",2,96.73749999999986,39982
"(0.9162162162162162, 0.9756756756756756)",1,96.7371621621621,39983
"(0.8771929824561403, 0.9692982456140352)",1,96.73684210526334,39984
"(0.7456140350877193, 0.9692982456140352)",1,96.73684210526332,39985
"(0.8596491228070176, 0.9736842105263158)",1,96.73684210526312,39986
"(0.881578947368421, 0.9736842105263158)",1,96.73684210526312,39987
"(0.7456140350877193, 0.9736842105263158)",1,96.73684210526312,39988
"(0.8728070175438597, 0.9736842105263158)",3,96.73684210526312,39991
"(0.8421052631578947, 0.9736842105263158)",1,96.7368421052631,39992
"(0.8245614035087719, 0.9736842105263158)",1,96.7368421052631,39993
"(0.6798245614035088, 0.9736842105263158)",1,96.7368421052631,39994
"(0.8327702702702703, 0.9739864864864864)",1,96.73682432432427,39995
"(0.50875, 0.99875)",3,96.73625000000013,39998
"(0.9305555555555556, 0.9861111111111112)",1,96.73611111111131,39999
"(0.8611111111111112, 0.9861111111111112)",1,96.73611111111131,40000
"(0.6388888888888888, 0.9861111111111112)",1,96.7361111111113,40001
"(0.8888888888888888, 0.9861111111111112)",1,96.7361111111113,40002
"(0.875, 0.9861111111111112)",2,96.7361111111113,40004
"(0.9444444444444444, 0.9861111111111112)",1,96.7361111111113,40005
"(0.8194444444444444, 0.9861111111111112)",1,96.7361111111113,40006
"(0.9166666666666666, 0.9722222222222222)",2,96.73611111111128,40008
"(0.8194444444444444, 0.9722222222222222)",1,96.73611111111128,40009
"(0.75, 0.9722222222222222)",1,96.73611111111128,40010
"(0.9305555555555556, 0.9722222222222222)",1,96.73611111111128,40011
"(0.625, 0.9722222222222222)",5,96.73611111111128,40016
"(0.9027777777777778, 0.9722222222222222)",1,96.73611111111128,40017
"(0.8611111111111112, 0.9722222222222222)",6,96.73611111111128,40023
"(0.7222222222222222, 0.9722222222222222)",5,96.73611111111128,40028
"(0.875, 0.9722222222222222)",6,96.73611111111128,40034
"(0.8888888888888888, 0.9722222222222222)",1,96.73611111111128,40035
"(0.8472222222222222, 0.9722222222222222)",3,96.73611111111128,40038
"(0.6944444444444444, 0.9722222222222222)",2,96.73611111111128,40040
"(0.9305555555555556, 1.0)",1,96.73611111111111,40041
"(0.7083333333333334, 1.0)",1,96.73611111111111,40042
"(0.9583333333333334, 1.0)",1,96.73611111111111,40043
"(0.8857142857142857, 0.9714285714285714)",1,96.73571428571434,40044
"(0.9464285714285714, 0.975)",1,96.73571428571418,40045
"(0.9535714285714286, 0.975)",1,96.73571428571417,40046
"(0.925, 0.975)",1,96.73571428571414,40047
"(0.9107142857142856, 0.975)",1,96.73571428571412,40048
"(0.5155405405405405, 0.9827702702702704)",1,96.73513513513512,40049
"(0.5025, 0.99375)",2,96.73500000000014,40051
"(0.5121212121212121, 0.9984848484848484)",1,96.73484848484853,40052
"(0.6216216216216216, 0.9736486486486486)",2,96.7344594594594,40054
"(0.3409090909090909, 0.9984848484848484)",1,96.73409090909094,40055
"(0.7996621621621621, 0.9746621621621622)",2,96.73378378378376,40057
"(0.6268939393939394, 1.0)",3,96.73371212121212,40060
"(0.5141891891891892, 0.975)",1,96.73344594594592,40061
"(0.7166666666666667, 0.9666666666666668)",1,96.73333333333348,40062
"(0.9333333333333332, 0.9666666666666668)",1,96.73333333333348,40063
"(0.8833333333333333, 0.9666666666666668)",1,96.73333333333348,40064
"(0.85, 0.9833333333333332)",1,96.7333333333334,40065
"(0.95, 0.9833333333333332)",1,96.7333333333334,40066
"(0.8666666666666667, 0.9833333333333332)",1,96.7333333333334,40067
"(0.9875, 1.0)",1,96.73333333333336,40068
"(0.975, 0.9958333333333332)",1,96.73333333333336,40069
"(0.6284090909090909, 1.0)",3,96.73333333333336,40072
"(0.9666666666666668, 0.9958333333333332)",2,96.73333333333336,40074
"(0.8833333333333333, 1.0)",1,96.73333333333332,40075
"(0.9, 1.0)",1,96.73333333333332,40076
"(0.7327702702702703, 0.9777027027027028)",1,96.73310810810808,40077
"(0.6627906976744186, 0.9767441860465116)",1,96.732558139535,40078
"(0.5116279069767442, 0.9767441860465116)",1,96.732558139535,40079
"(0.8604651162790697, 0.9767441860465116)",1,96.732558139535,40080
"(0.8837209302325582, 0.9767441860465116)",1,96.732558139535,40081
"(0.8255813953488372, 0.9767441860465116)",1,96.732558139535,40082
"(0.6976744186046512, 0.9767441860465116)",1,96.732558139535,40083
"(0.5697674418604651, 0.9767441860465116)",2,96.732558139535,40085
"(0.6046511627906976, 0.9767441860465116)",1,96.732558139535,40086
"(0.7441860465116279, 0.9767441860465116)",1,96.732558139535,40087
"(0.4767441860465116, 0.9767441860465116)",1,96.732558139535,40088
"(0.8372093023255814, 0.9767441860465116)",1,96.732558139535,40089
"(0.9186046511627908, 0.9767441860465116)",1,96.732558139535,40090
"(0.9534883720930232, 0.9767441860465116)",1,96.73255813953496,40091
"(0.5465116279069767, 0.9767441860465116)",1,96.73255813953496,40092
"(0.8023255813953488, 0.9767441860465116)",3,96.73255813953496,40095
"(0.7906976744186046, 0.9767441860465116)",1,96.73255813953496,40096
"(0.8953488372093024, 0.9767441860465116)",1,96.73255813953496,40097
"(0.7894736842105263, 0.9692982456140352)",1,96.73245614035106,40098
"(0.8333333333333334, 0.9736842105263158)",1,96.73245614035082,40099
"(0.9078947368421052, 0.9736842105263158)",3,96.73245614035082,40102
"(0.8289473684210527, 0.9736842105263158)",1,96.73245614035082,40103
"(0.8596491228070176, 0.9736842105263158)",2,96.73245614035082,40105
"(0.6096491228070176, 0.9736842105263158)",1,96.73245614035082,40106
"(0.7894736842105263, 0.9736842105263158)",1,96.73245614035082,40107
"(0.6260135135135135, 0.983108108108108)",1,96.73243243243242,40108
"(0.9357142857142856, 0.9714285714285714)",3,96.73214285714285,40111
"(0.9107142857142856, 0.9678571428571427)",1,96.73214285714276,40112
"(0.9464285714285714, 0.975)",1,96.73214285714276,40113
"(0.4285714285714285, 0.975)",1,96.73214285714272,40114
"(0.9464285714285714, 0.975)",1,96.73214285714272,40115
"(0.9535714285714286, 0.9642857142857144)",1,96.7321428571427,40116
"(0.8875, 0.9716216216216216)",1,96.7320945945946,40117
"(0.6284090909090909, 1.0)",1,96.7314393939394,40118
"(0.8722972972972973, 0.972972972972973)",1,96.73141891891892,40119
"(0.7435897435897436, 0.9871794871794872)",1,96.73076923076935,40120
"(0.4615384615384615, 0.9871794871794872)",1,96.73076923076935,40121
"(0.3461538461538461, 0.9871794871794872)",1,96.73076923076935,40122
"(0.8205128205128205, 0.9871794871794872)",3,96.73076923076935,40125
"(0.7307692307692307, 0.9871794871794872)",1,96.73076923076935,40126
"(0.717948717948718, 0.9871794871794872)",1,96.73076923076935,40127
"(0.7746621621621622, 0.9746621621621622)",1,96.7307432432432,40128
"(0.4545454545454545, 0.9973484848484848)",3,96.73068181818188,40131
"(0.8324324324324325, 0.979054054054054)",1,96.7304054054055,40132
"(0.49375, 0.99875)",1,96.73000000000006,40133
"(0.4602272727272727, 0.9920454545454546)",1,96.72954545454544,40134
"(0.8702702702702703, 0.9773648648648648)",1,96.72939189189192,40135
"(0.8412162162162162, 0.9777027027027028)",3,96.72939189189184,40138
"(0.975, 0.9958333333333332)",1,96.72916666666671,40139
"(0.9833333333333332, 0.9958333333333332)",1,96.7291666666667,40140
"(0.9791666666666666, 1.0)",2,96.72916666666669,40142
"(0.459469696969697, 0.9992424242424244)",1,96.72878787878793,40143
"(0.58125, 0.9925)",1,96.72875,40144
"(0.9714285714285714, 0.9714285714285714)",1,96.7285714285714,40145
"(0.9, 0.975)",3,96.72857142857129,40148
"(0.912280701754386, 0.9736842105263158)",3,96.72807017543856,40151
"(0.6096491228070176, 0.9736842105263158)",2,96.72807017543852,40153
"(0.8952702702702703, 0.9746621621621622)",1,96.72804054054056,40154
"(0.7543918918918919, 0.9787162162162162)",1,96.7277027027027,40155
"(0.908445945945946, 0.9722972972972972)",2,96.72770270270264,40157
"(0.63125, 0.9925)",1,96.72749999999998,40158
"(0.48125, 0.99125)",1,96.72749999999998,40159
"(0.5570945945945946, 0.981418918918919)",1,96.72736486486488,40160
"(0.5175, 0.99625)",1,96.7262500000002,40161
"(0.51, 1.0)",1,96.72625000000004,40162
"(0.49, 0.99125)",1,96.72625000000002,40163
"(0.5875, 0.9925)",1,96.72624999999996,40164
"(0.3556818181818181, 1.0)",1,96.7257575757576,40165
"(0.456060606060606, 0.999621212121212)",1,96.72537878787878,40166
"(0.9875, 0.9958333333333332)",1,96.72500000000004,40167
"(0.975, 0.9958333333333332)",2,96.72500000000002,40169
"(0.5863636363636363, 1.0)",1,96.725,40170
"(0.9833333333333332, 1.0)",1,96.72499999999997,40171
"(0.875, 0.975)",1,96.72499999999988,40172
"(0.9, 0.975)",2,96.72499999999988,40174
"(0.8375, 0.975)",1,96.72499999999988,40175
"(0.875, 0.975)",1,96.72499999999988,40176
"(0.8875, 0.975)",1,96.72499999999988,40177
"(0.9642857142857144, 0.975)",1,96.72499999999988,40178
"(0.85, 0.975)",2,96.72499999999988,40180
"(0.925, 0.975)",1,96.72499999999988,40181
"(0.9, 0.975)",5,96.72499999999988,40186
"(0.8375, 0.975)",1,96.72499999999988,40187
"(0.825, 0.975)",1,96.72499999999988,40188
"(0.8625, 0.975)",1,96.72499999999988,40189
"(0.75, 0.975)",1,96.72499999999988,40190
"(0.8672297297297298, 0.979391891891892)",1,96.72466216216208,40191
"(0.4825757575757576, 0.9916666666666668)",1,96.72424242424236,40192
"(0.735472972972973, 0.9722972972972972)",2,96.7239864864865,40194
"(0.3473484848484848, 0.9984848484848484)",1,96.72386363636367,40195
"(0.505, 0.99875)",2,96.72375000000008,40197
"(0.7324561403508771, 0.9692982456140352)",1,96.72368421052649,40198
"(0.6228070175438597, 0.9736842105263158)",1,96.72368421052629,40199
"(0.6798245614035088, 0.9736842105263158)",1,96.72368421052629,40200
"(0.7149122807017544, 0.9736842105263158)",1,96.72368421052626,40201
"(0.9166666666666666, 0.9736842105263158)",1,96.72368421052626,40202
"(0.8439189189189189, 0.975)",1,96.72364864864863,40203
"(0.9131756756756756, 0.9756756756756756)",2,96.72263513513504,40205
"(0.8472222222222222, 0.9722222222222222)",3,96.7222222222224,40208
"(0.5972222222222222, 0.9722222222222222)",1,96.7222222222224,40209
"(0.8888888888888888, 0.9722222222222222)",2,96.7222222222224,40211
"(0.6944444444444444, 0.9861111111111112)",1,96.7222222222224,40212
"(0.8055555555555556, 0.9722222222222222)",1,96.7222222222224,40213
"(0.8194444444444444, 0.9722222222222222)",4,96.7222222222224,40217
"(0.9861111111111112, 0.9722222222222222)",2,96.7222222222224,40219
"(0.8055555555555556, 0.9861111111111112)",2,96.7222222222224,40221
"(0.9027777777777778, 0.9861111111111112)",2,96.7222222222224,40223
"(0.9166666666666666, 0.9722222222222222)",1,96.7222222222224,40224
"(0.8194444444444444, 0.9861111111111112)",2,96.7222222222224,40226
"(0.8472222222222222, 0.9861111111111112)",1,96.7222222222224,40227
"(0.875, 0.9722222222222222)",3,96.7222222222224,40230
"(0.6944444444444444, 0.9722222222222222)",2,96.7222222222224,40232
"(0.75, 0.9722222222222222)",1,96.7222222222224,40233
"(0.8611111111111112, 0.9722222222222222)",1,96.7222222222224,40234
"(0.8333333333333334, 0.9722222222222222)",2,96.7222222222224,40236
"(0.7222222222222222, 0.9722222222222222)",1,96.7222222222224,40237
"(0.6944444444444444, 0.9722222222222222)",1,96.72222222222238,40238
"(0.875, 0.9722222222222222)",2,96.72222222222238,40240
"(0.9027777777777778, 0.9722222222222222)",2,96.72222222222238,40242
"(0.8194444444444444, 0.9722222222222222)",1,96.72222222222238,40243
"(0.8611111111111112, 0.9722222222222222)",1,96.72222222222238,40244
"(0.8472222222222222, 0.9722222222222222)",1,96.72222222222238,40245
"(0.7222222222222222, 0.9722222222222222)",1,96.72222222222238,40246
"(0.8194444444444444, 1.0)",1,96.72222222222224,40247
"(0.6111111111111112, 1.0)",1,96.72222222222224,40248
"(0.4340909090909091, 0.9946969696969696)",1,96.7219696969697,40249
"(0.8043918918918919, 0.9787162162162162)",1,96.72162162162172,40250
"(0.2875, 0.9977272727272728)",1,96.72159090909098,40251
"(0.9357142857142856, 0.9678571428571427)",3,96.72142857142848,40254
"(0.7084459459459459, 0.9756756756756756)",1,96.72128378378372,40255
"(0.435, 0.985)",1,96.72124999999994,40256
"(0.2628787878787879, 0.9977272727272728)",1,96.72121212121216,40257
"(0.9186046511627908, 0.9767441860465116)",1,96.72093023255825,40258
"(0.9534883720930232, 0.9767441860465116)",1,96.72093023255825,40259
"(0.8604651162790697, 0.9767441860465116)",2,96.72093023255825,40261
"(0.7674418604651163, 0.9767441860465116)",1,96.72093023255825,40262
"(0.5813953488372093, 0.9767441860465116)",1,96.72093023255825,40263
"(0.7790697674418605, 0.9767441860465116)",2,96.72093023255825,40265
"(0.3953488372093023, 0.9767441860465116)",1,96.72093023255825,40266
"(0.813953488372093, 0.9767441860465116)",1,96.72093023255825,40267
"(0.5930232558139535, 0.9767441860465116)",1,96.72093023255825,40268
"(0.8023255813953488, 0.9767441860465116)",1,96.72093023255825,40269
"(0.8953488372093024, 0.9767441860465116)",1,96.72093023255825,40270
"(0.8837209302325582, 0.9767441860465116)",1,96.72093023255825,40271
"(0.5697674418604651, 0.9767441860465116)",2,96.72093023255825,40273
"(0.5465116279069767, 0.9767441860465116)",1,96.72093023255825,40274
"(0.7906976744186046, 0.9767441860465116)",1,96.72093023255825,40275
"(0.9916666666666668, 0.9958333333333332)",1,96.72083333333345,40276
"(0.9833333333333332, 0.9958333333333332)",2,96.72083333333345,40278
"(0.228030303030303, 0.993560606060606)",1,96.72083333333332,40279
"(0.9833333333333332, 1.0)",1,96.72083333333327,40280
"(0.4939393939393939, 1.0)",1,96.72007575757576,40281
"(0.49625, 0.9875)",1,96.7199999999999,40282
"(0.4975, 0.99125)",1,96.7199999999998,40283
"(0.6280405405405406, 0.9722972972972972)",1,96.7195945945946,40284
"(0.5265151515151515, 0.993939393939394)",3,96.71931818181834,40287
"(0.4856060606060606, 1.0)",1,96.71931818181818,40288
"(0.925438596491228, 0.9692982456140352)",1,96.7192982456142,40289
"(0.9473684210526316, 0.9912280701754386)",1,96.719298245614,40290
"(0.868421052631579, 0.9736842105263158)",1,96.71929824561398,40291
"(0.8070175438596491, 0.9736842105263158)",1,96.71929824561398,40292
"(0.8640350877192983, 0.9736842105263158)",1,96.71929824561398,40293
"(0.4996212121212121, 1.0)",1,96.7185606060606,40294
"(0.4487179487179487, 0.9871794871794872)",1,96.71794871794886,40295
"(0.7564102564102564, 0.9871794871794872)",1,96.71794871794886,40296
"(0.7692307692307693, 0.9871794871794872)",1,96.71794871794886,40297
"(0.3974358974358974, 0.9871794871794872)",1,96.71794871794886,40298
"(0.8205128205128205, 0.9871794871794872)",1,96.71794871794886,40299
"(0.7051282051282052, 0.9871794871794872)",1,96.71794871794886,40300
"(0.7307692307692307, 0.9871794871794872)",1,96.71794871794884,40301
"(0.4102564102564102, 1.0)",1,96.71794871794872,40302
"(0.9607142857142856, 0.9714285714285714)",2,96.71785714285716,40304
"(0.9142857142857144, 0.9714285714285714)",1,96.71785714285714,40305
"(0.9571428571428572, 0.9714285714285714)",1,96.71785714285711,40306
"(0.9428571428571428, 0.9678571428571427)",1,96.7178571428571,40307
"(0.8857142857142857, 0.9678571428571427)",1,96.71785714285706,40308
"(0.902027027027027, 0.9777027027027028)",1,96.7168918918919,40309
"(0.75, 0.972972972972973)",2,96.71689189189188,40311
"(0.9, 0.9666666666666668)",1,96.71666666666682,40312
"(0.9958333333333332, 0.9958333333333332)",1,96.71666666666674,40313
"(0.8666666666666667, 0.9833333333333332)",1,96.71666666666674,40314
"(0.9833333333333332, 0.9958333333333332)",2,96.71666666666674,40316
"(0.95, 0.9833333333333332)",1,96.71666666666674,40317
"(0.9166666666666666, 0.9833333333333332)",1,96.71666666666674,40318
"(0.8833333333333333, 0.9833333333333332)",1,96.71666666666674,40319
"(0.9791666666666666, 0.9958333333333332)",2,96.71666666666673,40321
"(0.9708333333333332, 0.9958333333333332)",1,96.71666666666673,40322
"(0.975, 0.9958333333333332)",2,96.7166666666667,40324
"(0.3473484848484848, 0.999621212121212)",1,96.7166666666667,40325
"(0.8, 1.0)",1,96.71666666666668,40326
"(0.925, 0.9875)",1,96.71666666666654,40327
"(0.5277027027027027, 0.9733108108108108)",2,96.71655405405396,40329
"(0.48375, 0.9975)",1,96.71625000000006,40330
"(0.3174242424242424, 0.999621212121212)",1,96.71590909090912,40331
"(0.7477272727272727, 1.0)",3,96.7159090909091,40334
"(0.6117424242424242, 1.0)",3,96.7159090909091,40337
"(0.6969594594594595, 0.9736486486486486)",2,96.71587837837836,40339
"(0.4102272727272727, 1.0)",1,96.71515151515152,40340
"(0.8289473684210527, 0.9692982456140352)",1,96.71491228070192,40341
"(0.6929824561403509, 0.9912280701754386)",3,96.71491228070174,40344
"(0.7719298245614035, 0.9912280701754386)",1,96.71491228070174,40345
"(0.868421052631579, 0.9736842105263158)",1,96.71491228070172,40346
"(0.8771929824561403, 0.9736842105263158)",3,96.7149122807017,40349
"(0.9166666666666666, 0.9736842105263158)",1,96.7149122807017,40350
"(0.8289473684210527, 0.9736842105263158)",1,96.7149122807017,40351
"(0.8081081081081081, 0.9756756756756756)",2,96.71486486486492,40353
"(0.5022727272727273, 1.0)",1,96.71477272727272,40354
"(0.5545454545454546, 1.0)",3,96.71439393939391,40357
"(0.9321428571428572, 0.9714285714285714)",2,96.7142857142858,40359
"(0.925, 0.9714285714285714)",1,96.71428571428572,40360
"(0.9428571428571428, 0.9678571428571427)",1,96.7142857142857,40361
"(0.9428571428571428, 0.9571428571428572)",1,96.71428571428568,40362
"(0.9607142857142856, 0.9678571428571427)",1,96.71428571428564,40363
"(0.9571428571428572, 0.9642857142857144)",1,96.7142857142856,40364
"(0.7334459459459459, 0.9787162162162162)",1,96.7141891891892,40365
"(0.6272727272727273, 1.0)",1,96.71401515151516,40366
"(0.8672297297297298, 0.979054054054054)",1,96.71385135135144,40367
"(0.48875, 0.99875)",1,96.71375000000008,40368
"(0.5022727272727273, 0.996969696969697)",3,96.71325757575768,40371
"(0.3575757575757576, 1.0)",1,96.7128787878788,40372
"(0.4268939393939394, 0.996969696969697)",1,96.7128787878788,40373
"(0.4431818181818182, 0.9901515151515152)",1,96.71287878787864,40374
"(0.5371621621621622, 0.9817567567567568)",1,96.7128378378378,40375
"(0.8023648648648649, 0.9760135135135136)",1,96.7128378378378,40376
"(0.365530303030303, 0.9977272727272728)",1,96.7125000000001,40377
"(0.9791666666666666, 0.9958333333333332)",1,96.71250000000008,40378
"(0.9041666666666668, 0.9833333333333332)",1,96.71250000000008,40379
"(0.52375, 0.9825)",1,96.71250000000003,40380
"(0.8875, 0.975)",2,96.71249999999988,40382
"(0.8625, 0.975)",1,96.71249999999988,40383
"(0.8375, 0.975)",2,96.71249999999988,40385
"(0.775, 0.975)",1,96.71249999999988,40386
"(0.925, 0.975)",5,96.71249999999988,40391
"(0.9, 0.975)",3,96.71249999999988,40394
"(0.6625, 0.975)",1,96.71249999999986,40395
"(0.8875, 0.975)",1,96.71249999999986,40396
"(0.8375, 0.975)",1,96.71249999999986,40397
"(0.8125, 0.975)",1,96.71249999999982,40398
"(0.9037162162162162, 0.9760135135135136)",1,96.71148648648644,40399
"(0.5481060606060606, 1.0)",1,96.71136363636364,40400
"(0.64875, 0.9925)",1,96.71125000000004,40401
"(0.839527027027027, 0.9766891891891892)",1,96.71114864864867,40402
"(0.8162162162162162, 0.9760135135135136)",2,96.71114864864865,40404
"(0.9607142857142856, 0.9714285714285714)",1,96.7107142857143,40405
"(0.9642857142857144, 0.9714285714285714)",1,96.71071428571427,40406
"(0.8892857142857142, 0.9607142857142856)",1,96.71071428571427,40407
"(0.9535714285714286, 0.975)",1,96.71071428571416,40408
"(0.3575757575757576, 1.0)",3,96.71060606060608,40411
"(0.8070175438596491, 0.9692982456140352)",1,96.71052631578964,40412
"(0.8157894736842105, 0.9692982456140352)",1,96.71052631578964,40413
"(0.75, 0.9736842105263158)",1,96.71052631578942,40414
"(0.8771929824561403, 0.9736842105263158)",1,96.71052631578942,40415
"(0.8640350877192983, 0.9736842105263158)",1,96.71052631578942,40416
"(0.6798245614035088, 0.9736842105263158)",1,96.71052631578942,40417
"(0.912280701754386, 0.9736842105263158)",1,96.7105263157894,40418
"(0.8640350877192983, 0.9736842105263158)",3,96.7105263157894,40421
"(0.41875, 0.98625)",1,96.71,40422
"(0.9354729729729728, 0.9722972972972972)",1,96.7094594594595,40423
"(0.813953488372093, 0.9767441860465116)",1,96.7093023255815,40424
"(0.8023255813953488, 0.9767441860465116)",1,96.7093023255815,40425
"(0.3604651162790697, 0.9767441860465116)",1,96.7093023255815,40426
"(0.7209302325581395, 0.9767441860465116)",1,96.7093023255815,40427
"(0.9302325581395348, 0.9767441860465116)",2,96.7093023255815,40429
"(0.7093023255813954, 0.9767441860465116)",1,96.7093023255815,40430
"(0.8837209302325582, 0.9767441860465116)",2,96.7093023255815,40432
"(0.5930232558139535, 0.9767441860465116)",1,96.7093023255815,40433
"(0.9186046511627908, 0.9767441860465116)",2,96.7093023255815,40435
"(0.7906976744186046, 0.9767441860465116)",2,96.70930232558148,40437
"(0.8604651162790697, 0.9767441860465116)",2,96.70930232558148,40439
"(0.8023255813953488, 0.9767441860465116)",2,96.70930232558148,40441
"(0.8837209302325582, 0.9767441860465116)",3,96.70930232558148,40444
"(0.7790697674418605, 0.9767441860465116)",1,96.70930232558148,40445
"(0.9186046511627908, 0.9767441860465116)",1,96.70930232558148,40446
"(0.5465116279069767, 0.9767441860465116)",1,96.70930232558148,40447
"(0.5348837209302325, 0.9767441860465116)",1,96.70930232558148,40448
"(0.5930232558139535, 0.9767441860465116)",1,96.70930232558148,40449
"(0.813953488372093, 0.9767441860465116)",2,96.70930232558148,40451
"(0.8043918918918919, 0.9777027027027028)",3,96.70912162162163,40454
"(0.7807432432432433, 0.9756756756756756)",1,96.70878378378376,40455
"(0.7425675675675676, 0.9739864864864864)",1,96.70878378378372,40456
"(0.4825, 0.99375)",1,96.7087500000002,40457
"(0.5537878787878788, 1.0)",3,96.70871212121212,40460
"(0.8888888888888888, 0.9861111111111112)",2,96.70833333333351,40462
"(0.8611111111111112, 0.9861111111111112)",3,96.70833333333351,40465
"(0.8888888888888888, 0.9722222222222222)",2,96.70833333333351,40467
"(0.8194444444444444, 0.9861111111111112)",2,96.70833333333351,40469
"(0.8333333333333334, 0.9722222222222222)",3,96.70833333333351,40472
"(0.7777777777777778, 0.9861111111111112)",1,96.70833333333351,40473
"(0.8333333333333334, 0.9861111111111112)",1,96.70833333333351,40474
"(0.9027777777777778, 0.9722222222222222)",3,96.70833333333351,40477
"(0.7916666666666666, 0.9722222222222222)",1,96.70833333333351,40478
"(0.8472222222222222, 0.9722222222222222)",1,96.70833333333351,40479
"(0.9166666666666666, 0.9722222222222222)",1,96.70833333333351,40480
"(0.9027777777777778, 0.9861111111111112)",2,96.70833333333351,40482
"(0.875, 0.9722222222222222)",1,96.70833333333351,40483
"(0.875, 0.9861111111111112)",1,96.70833333333351,40484
"(0.8194444444444444, 0.9722222222222222)",1,96.70833333333351,40485
"(0.8472222222222222, 0.9861111111111112)",1,96.70833333333351,40486
"(0.8055555555555556, 0.9722222222222222)",1,96.7083333333335,40487
"(0.6388888888888888, 0.9722222222222222)",1,96.7083333333335,40488
"(0.8611111111111112, 0.9722222222222222)",6,96.7083333333335,40494
"(0.8194444444444444, 0.9722222222222222)",1,96.7083333333335,40495
"(0.8888888888888888, 0.9722222222222222)",5,96.7083333333335,40500
"(0.75, 0.9722222222222222)",1,96.7083333333335,40501
"(0.9166666666666666, 0.9722222222222222)",1,96.7083333333335,40502
"(0.7083333333333334, 0.9722222222222222)",1,96.7083333333335,40503
"(0.6944444444444444, 0.9722222222222222)",2,96.7083333333335,40505
"(0.8333333333333334, 0.9722222222222222)",3,96.7083333333335,40508
"(0.9027777777777778, 0.9722222222222222)",1,96.7083333333335,40509
"(0.8472222222222222, 0.9722222222222222)",4,96.7083333333335,40513
"(0.7222222222222222, 0.9722222222222222)",3,96.7083333333335,40516
"(0.875, 0.9722222222222222)",1,96.7083333333335,40517
"(0.625, 0.9722222222222222)",1,96.7083333333335,40518
"(0.9916666666666668, 0.9958333333333332)",1,96.7083333333334,40519
"(0.8611111111111112, 1.0)",1,96.70833333333331,40520
"(0.9583333333333334, 1.0)",1,96.70833333333331,40521
"(0.8333333333333334, 1.0)",1,96.70833333333331,40522
"(0.7777777777777778, 1.0)",1,96.70833333333331,40523
"(0.8888888888888888, 1.0)",1,96.70833333333331,40524
"(0.8055555555555556, 1.0)",1,96.70833333333331,40525
"(0.9875, 1.0)",1,96.70833333333329,40526
"(0.9333333333333332, 0.975)",1,96.7083333333332,40527
"(0.8875, 0.975)",1,96.70833333333316,40528
"(0.4666666666666667, 1.0)",1,96.70795454545456,40529
"(0.5424242424242425, 1.0)",1,96.70795454545456,40530
"(0.5689189189189189, 0.9817567567567568)",1,96.70777027027025,40531
"(0.9642857142857144, 0.9714285714285714)",1,96.70714285714286,40532
"(0.9035714285714286, 0.9714285714285714)",1,96.70714285714286,40533
"(0.5516891891891892, 0.9817567567567568)",1,96.70709459459457,40534
"(0.52125, 0.98875)",1,96.70624999999995,40535
"(0.881578947368421, 0.9692982456140352)",1,96.70614035087736,40536
"(0.6798245614035088, 0.9692982456140352)",1,96.70614035087736,40537
"(0.9342105263157896, 0.9736842105263158)",2,96.70614035087712,40539
"(0.8289473684210527, 0.9736842105263158)",3,96.70614035087712,40542
"(0.7719298245614035, 0.9736842105263158)",3,96.70614035087712,40545
"(0.8472972972972973, 0.9777027027027028)",1,96.70608108108104,40546
"(0.7307692307692307, 0.9871794871794872)",1,96.70512820512836,40547
"(0.782051282051282, 0.9871794871794872)",1,96.70512820512836,40548
"(0.8076923076923077, 0.9871794871794872)",1,96.70512820512836,40549
"(0.6410256410256411, 0.9871794871794872)",1,96.70512820512836,40550
"(0.8076923076923077, 0.9871794871794872)",1,96.70512820512832,40551
"(0.7692307692307693, 1.0)",1,96.7051282051282,40552
"(0.4487179487179487, 1.0)",1,96.7051282051282,40553
"(0.54375, 0.97875)",1,96.705,40554
"(0.3496212121212121, 0.9992424242424244)",1,96.70492424242428,40555
"(0.9135135135135136, 0.9756756756756756)",2,96.70472972972972,40557
"(0.8527027027027027, 0.9773648648648648)",3,96.70472972972968,40560
"(0.7807432432432433, 0.9746621621621622)",1,96.7043918918919,40561
"(0.8791666666666667, 0.9791666666666666)",1,96.70416666666684,40562
"(0.975, 0.9958333333333332)",1,96.70416666666672,40563
"(0.95, 0.9714285714285714)",1,96.70357142857144,40564
"(0.9607142857142856, 0.9785714285714284)",1,96.7035714285714,40565
"(0.9392857142857144, 0.975)",2,96.7035714285713,40567
"(0.7429054054054054, 0.9760135135135136)",2,96.70270270270264,40569
"(0.50875, 0.9925)",2,96.70250000000009,40571
"(0.5925, 0.9875)",3,96.70249999999984,40574
"(0.7912162162162162, 0.9773648648648648)",1,96.7023648648649,40575
"(0.4617424242424242, 0.9931818181818182)",3,96.70227272727284,40578
"(0.706140350877193, 0.9912280701754386)",1,96.70175438596488,40579
"(0.75, 0.9736842105263158)",1,96.70175438596486,40580
"(0.868421052631579, 0.9736842105263158)",1,96.70175438596486,40581
"(0.9210526315789472, 0.9736842105263158)",1,96.70175438596485,40582
"(0.8991228070175439, 0.9736842105263158)",2,96.70175438596485,40584
"(0.67125, 0.995)",1,96.70125,40585
"(0.4761363636363636, 0.9984848484848484)",1,96.70113636363644,40586
"(0.5628378378378378, 0.9797297297297296)",1,96.70067567567573,40587
"(0.595945945945946, 0.977027027027027)",1,96.70033783783776,40588
"(0.9333333333333332, 0.9666666666666668)",1,96.70000000000016,40589
"(0.7666666666666667, 0.9666666666666668)",1,96.70000000000014,40590
"(0.975, 0.9958333333333332)",2,96.7000000000001,40592
"(0.7333333333333333, 1.0)",1,96.7,40593
"(0.75, 1.0)",1,96.7,40594
"(0.50625, 0.98875)",1,96.69999999999996,40595
"(0.9714285714285714, 0.9714285714285714)",1,96.69999999999996,40596
"(0.9392857142857144, 0.9785714285714284)",1,96.69999999999992,40597
"(0.9642857142857144, 0.9678571428571427)",1,96.69999999999992,40598
"(0.9625, 0.975)",1,96.69999999999987,40599
"(0.8375, 0.975)",2,96.69999999999987,40601
"(0.8125, 0.975)",1,96.69999999999987,40602
"(0.9392857142857144, 0.975)",1,96.69999999999987,40603
"(0.875, 0.975)",1,96.69999999999987,40604
"(0.6625, 0.975)",1,96.69999999999987,40605
"(0.8875, 0.975)",6,96.69999999999987,40611
"(0.925, 0.975)",1,96.69999999999987,40612
"(0.8625, 0.975)",1,96.69999999999986,40613
"(0.9285714285714286, 0.975)",1,96.69999999999986,40614
"(0.4285714285714285, 0.975)",1,96.69999999999986,40615
"(0.7625, 0.975)",1,96.69999999999986,40616
"(0.2628787878787879, 0.9977272727272728)",1,96.69924242424246,40617
"(0.5378787878787878, 1.0)",3,96.69924242424244,40620
"(0.2723484848484848, 0.9981060606060606)",1,96.69886363636368,40621
"(0.4674242424242424, 1.0)",1,96.69772727272728,40622
"(0.6046511627906976, 0.9767441860465116)",1,96.69767441860476,40623
"(0.8372093023255814, 0.9767441860465116)",1,96.69767441860476,40624
"(0.8604651162790697, 0.9767441860465116)",2,96.69767441860476,40626
"(0.6511627906976745, 0.9767441860465116)",1,96.69767441860476,40627
"(0.8837209302325582, 0.9767441860465116)",2,96.69767441860476,40629
"(0.5697674418604651, 0.9767441860465116)",1,96.69767441860476,40630
"(0.7906976744186046, 0.9767441860465116)",3,96.69767441860476,40633
"(0.5930232558139535, 0.9767441860465116)",4,96.69767441860476,40637
"(0.5116279069767442, 0.9767441860465116)",1,96.69767441860476,40638
"(0.9302325581395348, 0.9767441860465116)",2,96.69767441860476,40640
"(0.8255813953488372, 0.9767441860465116)",1,96.69767441860476,40641
"(0.4069767441860465, 0.9767441860465116)",1,96.69767441860476,40642
"(0.8604651162790697, 0.9767441860465116)",2,96.69767441860472,40644
"(0.581081081081081, 0.9743243243243244)",1,96.69763513513524,40645
"(0.4925, 0.99125)",1,96.69749999999988,40646
"(0.8289473684210527, 0.9692982456140352)",2,96.6973684210528,40648
"(0.7763157894736842, 0.9692982456140352)",3,96.6973684210528,40651
"(0.868421052631579, 0.9692982456140352)",3,96.6973684210528,40654
"(0.7412280701754386, 0.9736842105263158)",1,96.6973684210526,40655
"(0.7719298245614035, 0.9912280701754386)",1,96.6973684210526,40656
"(0.8640350877192983, 0.9736842105263158)",1,96.69736842105256,40657
"(0.9298245614035088, 0.9736842105263158)",1,96.69736842105256,40658
"(0.9078947368421052, 0.9736842105263158)",4,96.69736842105256,40662
"(0.8552631578947368, 0.9736842105263158)",1,96.69736842105256,40663
"(0.925438596491228, 0.9736842105263158)",1,96.69736842105256,40664
"(0.8289473684210527, 0.9736842105263158)",1,96.69736842105256,40665
"(0.868421052631579, 0.9736842105263158)",2,96.69736842105256,40667
"(0.912280701754386, 0.9736842105263158)",1,96.69736842105256,40668
"(0.6847972972972973, 0.9766891891891892)",2,96.69729729729724,40670
"(0.478030303030303, 0.9992424242424244)",1,96.69696969696976,40671
"(0.95, 0.9714285714285714)",1,96.6964285714286,40672
"(0.8535714285714285, 0.9714285714285714)",1,96.69642857142858,40673
"(0.95, 0.9714285714285714)",1,96.69642857142856,40674
"(0.9678571428571427, 0.9678571428571427)",1,96.69642857142853,40675
"(0.9642857142857144, 0.975)",2,96.69642857142844,40677
"(0.9642857142857144, 0.975)",3,96.69642857142844,40680
"(0.4285714285714285, 0.975)",1,96.6964285714284,40681
"(0.5709459459459459, 0.9743243243243244)",1,96.69628378378374,40682
"(0.5344594594594595, 0.9820945945945946)",1,96.69628378378374,40683
"(0.6881756756756757, 0.9743243243243244)",1,96.69560810810812,40684
"(0.3579545454545454, 0.9943181818181818)",1,96.69507575757576,40685
"(0.4515151515151515, 1.0)",3,96.69507575757576,40688
"(0.5416666666666666, 0.9861111111111112)",1,96.69444444444464,40689
"(0.7083333333333334, 0.9861111111111112)",1,96.69444444444464,40690
"(0.7361111111111112, 0.9861111111111112)",1,96.69444444444464,40691
"(0.9027777777777778, 0.9861111111111112)",2,96.69444444444464,40693
"(0.875, 0.9722222222222222)",1,96.69444444444464,40694
"(0.8194444444444444, 0.9861111111111112)",2,96.69444444444464,40696
"(0.8472222222222222, 0.9722222222222222)",1,96.69444444444464,40697
"(0.6388888888888888, 0.9861111111111112)",1,96.69444444444464,40698
"(0.8333333333333334, 0.9861111111111112)",2,96.69444444444464,40700
"(0.7222222222222222, 0.9722222222222222)",3,96.6944444444446,40703
"(0.7638888888888888, 0.9722222222222222)",2,96.6944444444446,40705
"(0.8333333333333334, 0.9722222222222222)",1,96.6944444444446,40706
"(0.6944444444444444, 0.9722222222222222)",4,96.6944444444446,40710
"(0.8888888888888888, 0.9722222222222222)",5,96.6944444444446,40715
"(0.8194444444444444, 0.9722222222222222)",1,96.6944444444446,40716
"(0.9166666666666666, 0.9722222222222222)",1,96.6944444444446,40717
"(0.9861111111111112, 0.9722222222222222)",1,96.6944444444446,40718
"(0.8611111111111112, 0.9722222222222222)",5,96.6944444444446,40723
"(0.625, 0.9722222222222222)",6,96.6944444444446,40729
"(0.9027777777777778, 0.9722222222222222)",2,96.6944444444446,40731
"(0.875, 0.9722222222222222)",4,96.6944444444446,40735
"(0.8472222222222222, 0.9722222222222222)",1,96.6944444444446,40736
"(0.7916666666666666, 0.9722222222222222)",1,96.6944444444446,40737
"(0.9305555555555556, 0.9722222222222222)",1,96.6944444444446,40738
"(0.5972222222222222, 0.9722222222222222)",1,96.6944444444446,40739
"(0.75, 0.9722222222222222)",2,96.6944444444446,40741
"(0.6111111111111112, 1.0)",1,96.69444444444444,40742
"(0.7777777777777778, 1.0)",1,96.69444444444444,40743
"(0.505, 0.9975)",1,96.6937500000001,40744
"(0.8216216216216217, 0.9780405405405406)",1,96.69324324324332,40745
"(0.4553030303030303, 0.9950757575757576)",3,96.69318181818193,40748
"(0.253030303030303, 1.0)",1,96.6931818181818,40749
"(0.8771929824561403, 0.9692982456140352)",1,96.69298245614053,40750
"(0.8640350877192983, 0.9692982456140352)",2,96.69298245614053,40752
"(0.8289473684210527, 0.9736842105263158)",1,96.6929824561403,40753
"(0.9166666666666666, 0.9736842105263158)",1,96.69298245614029,40754
"(0.8421052631578947, 0.9736842105263158)",1,96.69298245614029,40755
"(0.9078947368421052, 0.9736842105263158)",1,96.69298245614029,40756
"(0.9571428571428572, 0.9714285714285714)",1,96.69285714285716,40757
"(0.9642857142857144, 0.9714285714285714)",1,96.69285714285714,40758
"(0.9678571428571427, 0.9714285714285714)",1,96.69285714285714,40759
"(0.9714285714285714, 0.9714285714285714)",2,96.69285714285712,40761
"(0.9392857142857144, 0.975)",1,96.69285714285706,40762
"(0.9428571428571428, 0.975)",1,96.69285714285704,40763
"(0.9357142857142856, 0.975)",2,96.69285714285702,40765
"(0.9392857142857144, 0.975)",1,96.69285714285702,40766
"(0.9607142857142856, 0.975)",1,96.69285714285698,40767
"(0.95, 0.975)",1,96.69285714285697,40768
"(0.4431818181818182, 0.9988636363636364)",1,96.6928030303031,40769
"(0.4666666666666667, 1.0)",2,96.69280303030304,40771
"(0.6538461538461539, 0.9871794871794872)",1,96.69230769230784,40772
"(0.4487179487179487, 0.9871794871794872)",1,96.69230769230784,40773
"(0.9791666666666666, 0.9958333333333332)",1,96.6916666666667,40774
"(0.5545454545454546, 1.0)",1,96.69166666666666,40775
"(0.4132575757575757, 0.9867424242424242)",1,96.69166666666663,40776
"(0.8445945945945946, 0.9773648648648648)",1,96.6912162162162,40777
"(0.3223484848484848, 0.987121212121212)",1,96.69053030303024,40778
"(0.48, 0.98875)",1,96.69,40779
"(0.5540540540540541, 0.9773648648648648)",1,96.68952702702693,40780
"(0.9714285714285714, 0.9714285714285714)",1,96.68928571428576,40781
"(0.9392857142857144, 0.9714285714285714)",1,96.68928571428576,40782
"(0.9642857142857144, 0.9678571428571427)",3,96.68928571428565,40785
"(0.8357142857142857, 0.975)",1,96.68928571428562,40786
"(0.9535714285714286, 0.975)",1,96.68928571428556,40787
"(0.8297297297297297, 0.977027027027027)",1,96.68918918918912,40788
"(0.4666666666666667, 1.0)",3,96.68863636363636,40791
"(0.4693181818181818, 1.0)",1,96.68863636363636,40792
"(0.7763157894736842, 0.9692982456140352)",1,96.68859649122824,40793
"(0.8026315789473685, 0.9692982456140352)",1,96.68859649122824,40794
"(0.868421052631579, 0.9736842105263158)",1,96.68859649122804,40795
"(0.9078947368421052, 0.9736842105263158)",1,96.68859649122804,40796
"(0.7149122807017544, 0.9736842105263158)",1,96.688596491228,40797
"(0.912280701754386, 0.9736842105263158)",1,96.688596491228,40798
"(0.6578947368421053, 0.9736842105263158)",1,96.688596491228,40799
"(0.7719298245614035, 0.9736842105263158)",1,96.688596491228,40800
"(0.881578947368421, 0.9736842105263158)",1,96.688596491228,40801
"(0.4583333333333333, 1.0)",1,96.68825757575762,40802
"(0.49375, 0.99625)",2,96.68750000000018,40804
"(0.48875, 0.99625)",1,96.68750000000016,40805
"(0.9875, 0.9958333333333332)",1,96.68750000000009,40806
"(0.9958333333333332, 0.9958333333333332)",2,96.68750000000004,40808
"(0.9916666666666668, 0.9958333333333332)",1,96.68750000000004,40809
"(1.0, 1.0)",2,96.68749999999996,40811
"(0.8875, 0.975)",2,96.68749999999989,40813
"(0.7875, 0.975)",2,96.68749999999989,40815
"(0.8125, 0.975)",1,96.68749999999989,40816
"(0.925, 0.975)",2,96.68749999999989,40818
"(0.8375, 0.975)",2,96.68749999999989,40820
"(0.9, 0.975)",2,96.68749999999989,40822
"(0.85, 0.975)",1,96.68749999999989,40823
"(0.95, 0.975)",2,96.68749999999989,40825
"(0.51, 0.99)",1,96.68749999999986,40826
"(0.8375, 0.975)",1,96.68749999999986,40827
"(0.5074324324324324, 0.981418918918919)",1,96.68716216216212,40828
"(0.4556818181818182, 0.9984848484848484)",1,96.68712121212124,40829
"(0.2696969696969697, 0.999621212121212)",1,96.68712121212124,40830
"(0.6799242424242424, 1.0)",1,96.68674242424244,40831
"(0.49875, 0.99625)",1,96.68625000000011,40832
"(0.8412162162162162, 0.9783783783783784)",1,96.68614864864864,40833
"(0.8372093023255814, 0.9767441860465116)",1,96.68604651162802,40834
"(0.5697674418604651, 0.9767441860465116)",1,96.68604651162802,40835
"(0.813953488372093, 0.9767441860465116)",2,96.686046511628,40837
"(0.7674418604651163, 0.9767441860465116)",1,96.686046511628,40838
"(0.5697674418604651, 0.9767441860465116)",1,96.686046511628,40839
"(0.7906976744186046, 0.9767441860465116)",1,96.686046511628,40840
"(0.8837209302325582, 0.9767441860465116)",1,96.686046511628,40841
"(0.8953488372093024, 0.9767441860465116)",1,96.686046511628,40842
"(0.8372093023255814, 0.9767441860465116)",1,96.686046511628,40843
"(0.5930232558139535, 0.9767441860465116)",1,96.686046511628,40844
"(0.8604651162790697, 0.9767441860465116)",1,96.686046511628,40845
"(0.8837209302325582, 0.9767441860465116)",1,96.686046511628,40846
"(0.7790697674418605, 0.9767441860465116)",1,96.686046511628,40847
"(0.9651162790697676, 0.9767441860465116)",1,96.686046511628,40848
"(0.9767441860465116, 0.9651162790697676)",1,96.68604651162774,40849
"(0.9678571428571427, 0.9678571428571427)",1,96.6857142857142,40850
"(0.9642857142857144, 0.975)",1,96.68571428571413,40851
"(0.4382575757575757, 0.9893939393939394)",1,96.68560606060603,40852
"(0.902027027027027, 0.9777027027027028)",2,96.68547297297296,40854
"(0.8513513513513513, 0.979054054054054)",1,96.68547297297296,40855
"(0.6310810810810811, 0.9733108108108108)",2,96.68513513513508,40857
"(0.60125, 0.9875)",1,96.68499999999996,40858
"(0.1859848484848484, 0.9943181818181818)",1,96.68484848484847,40859
"(0.7850877192982456, 0.9692982456140352)",3,96.68421052631597,40862
"(0.9385964912280702, 0.9912280701754386)",1,96.68421052631577,40863
"(0.8464912280701754, 0.9736842105263158)",3,96.68421052631574,40866
"(0.868421052631579, 0.9736842105263158)",4,96.68421052631574,40870
"(0.8333333333333334, 0.9736842105263158)",1,96.68421052631574,40871
"(0.8728070175438597, 0.9736842105263158)",1,96.68421052631574,40872
"(0.9078947368421052, 0.9736842105263158)",2,96.68421052631572,40874
"(0.7256756756756757, 0.9787162162162162)",1,96.6841216216216,40875
"(0.50875, 0.99875)",1,96.68375000000006,40876
"(0.3632575757575758, 0.993939393939394)",1,96.68371212121212,40877
"(0.4939393939393939, 1.0)",2,96.68371212121212,40879
"(0.9135135135135136, 0.9733108108108108)",1,96.683445945946,40880
"(0.6537162162162162, 0.9773648648648648)",1,96.6834459459459,40881
"(0.8916666666666667, 0.9791666666666666)",1,96.68333333333352,40882
"(0.9166666666666666, 0.9666666666666668)",1,96.68333333333348,40883
"(0.9666666666666668, 0.9833333333333332)",1,96.6833333333334,40884
"(0.9, 0.9833333333333332)",1,96.6833333333334,40885
"(0.9666666666666668, 0.9958333333333332)",2,96.6833333333334,40887
"(0.9708333333333332, 0.9958333333333332)",1,96.68333333333337,40888
"(0.3321969696969697, 0.9984848484848484)",1,96.68333333333337,40889
"(0.75, 1.0)",1,96.68333333333334,40890
"(0.8666666666666667, 1.0)",1,96.68333333333334,40891
"(0.9166666666666666, 1.0)",1,96.68333333333334,40892
"(0.5344594594594595, 0.9766891891891892)",1,96.68310810810809,40893
"(0.9037162162162162, 0.9760135135135136)",1,96.68277027027015,40894
"(0.5265151515151515, 0.9981060606060606)",1,96.68257575757582,40895
"(0.48875, 0.98)",1,96.68249999999998,40896
"(0.4996212121212121, 1.0)",1,96.68219696969696,40897
"(0.9642857142857144, 0.9678571428571427)",1,96.6821428571428,40898
"(0.8892857142857142, 0.9678571428571427)",3,96.6821428571428,40901
"(0.9678571428571427, 0.9678571428571427)",1,96.68214285714276,40902
"(0.9392857142857144, 0.975)",1,96.68214285714274,40903
"(0.9642857142857144, 0.975)",1,96.68214285714274,40904
"(0.95, 0.975)",1,96.68214285714272,40905
"(0.925, 0.975)",1,96.68214285714272,40906
"(0.9642857142857144, 0.975)",1,96.68214285714268,40907
"(0.5084459459459459, 0.9763513513513512)",1,96.6820945945945,40908
"(0.5950757575757576, 0.9931818181818182)",3,96.68181818181834,40911
"(0.3534090909090909, 0.9916666666666668)",1,96.68181818181812,40912
"(0.456060606060606, 0.9958333333333332)",3,96.68143939393948,40915
"(0.5847972972972973, 0.9726351351351352)",2,96.68074324324316,40917
"(0.6268939393939394, 1.0)",3,96.68068181818182,40920
"(0.5378787878787878, 1.0)",3,96.68068181818182,40923
"(0.5416666666666666, 0.9861111111111112)",1,96.68055555555576,40924
"(0.8333333333333334, 0.9861111111111112)",1,96.68055555555576,40925
"(0.8194444444444444, 0.9861111111111112)",1,96.68055555555576,40926
"(0.8472222222222222, 0.9861111111111112)",1,96.68055555555576,40927
"(0.8611111111111112, 0.9861111111111112)",1,96.68055555555576,40928
"(0.625, 0.9861111111111112)",1,96.68055555555576,40929
"(0.9166666666666666, 0.9861111111111112)",1,96.68055555555576,40930
"(0.8888888888888888, 0.9861111111111112)",1,96.68055555555576,40931
"(0.9027777777777778, 0.9861111111111112)",2,96.68055555555574,40933
"(0.9305555555555556, 0.9722222222222222)",1,96.68055555555571,40934
"(0.875, 0.9722222222222222)",4,96.68055555555571,40938
"(0.6944444444444444, 0.9722222222222222)",3,96.68055555555571,40941
"(0.75, 0.9722222222222222)",1,96.68055555555571,40942
"(0.9444444444444444, 0.9722222222222222)",1,96.68055555555571,40943
"(0.7638888888888888, 0.9722222222222222)",1,96.68055555555571,40944
"(0.5972222222222222, 0.9722222222222222)",1,96.68055555555571,40945
"(0.7916666666666666, 0.9722222222222222)",1,96.68055555555571,40946
"(0.9166666666666666, 0.9722222222222222)",1,96.68055555555571,40947
"(0.8611111111111112, 0.9722222222222222)",5,96.68055555555571,40952
"(0.8333333333333334, 0.9722222222222222)",3,96.68055555555571,40955
"(0.9027777777777778, 0.9722222222222222)",2,96.68055555555571,40957
"(0.8472222222222222, 0.9722222222222222)",1,96.68055555555571,40958
"(0.7222222222222222, 0.9722222222222222)",4,96.68055555555571,40962
"(0.8333333333333334, 1.0)",1,96.68055555555556,40963
"(0.9166666666666666, 1.0)",1,96.68055555555556,40964
"(0.5, 0.98875)",1,96.67999999999992,40965
"(0.8508771929824561, 0.9692982456140352)",1,96.67982456140368,40966
"(0.7719298245614035, 0.9912280701754386)",1,96.67982456140348,40967
"(0.8289473684210527, 0.9736842105263158)",1,96.67982456140344,40968
"(0.8771929824561403, 0.9736842105263158)",3,96.67982456140344,40971
"(0.7692307692307693, 0.9871794871794872)",1,96.67948717948732,40972
"(0.4102564102564102, 0.9871794871794872)",3,96.67948717948732,40975
"(0.7051282051282052, 0.9871794871794872)",1,96.67948717948732,40976
"(0.7307692307692307, 0.9871794871794872)",1,96.67948717948732,40977
"(0.8461538461538461, 0.9871794871794872)",1,96.67948717948732,40978
"(0.6794871794871795, 0.9871794871794872)",1,96.67948717948732,40979
"(0.7307692307692307, 1.0)",1,96.67948717948718,40980
"(0.4534090909090909, 0.9931818181818182)",3,96.67916666666686,40983
"(0.975, 1.0)",2,96.67916666666667,40985
"(0.9310810810810812, 0.9777027027027028)",1,96.679054054054,40986
"(0.48625, 0.99875)",1,96.67875000000004,40987
"(0.9607142857142856, 0.9714285714285714)",1,96.67857142857147,40988
"(0.9678571428571427, 0.9571428571428572)",1,96.67857142857136,40989
"(0.9392857142857144, 0.9678571428571427)",3,96.67857142857136,40992
"(0.8892857142857142, 0.9678571428571427)",1,96.67857142857136,40993
"(0.8535714285714285, 0.975)",1,96.67857142857132,40994
"(0.9535714285714286, 0.975)",2,96.67857142857127,40996
"(0.4890151515151515, 0.9992424242424244)",1,96.67840909090911,40997
"(0.5939189189189189, 0.9773648648648648)",1,96.6780405405405,40998
"(0.8875, 0.9722972972972972)",2,96.6773648648649,41000
"(0.5628378378378378, 0.9824324324324324)",1,96.67635135135136,41001
"(0.7334459459459459, 0.9733108108108108)",1,96.67567567567572,41002
"(0.8552631578947368, 0.9912280701754386)",3,96.67543859649122,41005
"(0.8859649122807017, 0.9912280701754386)",1,96.6754385964912,41006
"(0.925438596491228, 0.9912280701754386)",2,96.6754385964912,41008
"(0.868421052631579, 0.9736842105263158)",1,96.67543859649118,41009
"(0.6096491228070176, 0.9736842105263158)",1,96.67543859649118,41010
"(0.9210526315789472, 0.9736842105263158)",1,96.67543859649118,41011
"(0.8903508771929824, 0.9736842105263158)",1,96.67543859649118,41012
"(0.868421052631579, 0.9736842105263158)",2,96.67543859649116,41014
"(0.8333333333333334, 0.9736842105263158)",1,96.67543859649116,41015
"(0.8771929824561403, 0.9736842105263158)",1,96.67543859649116,41016
"(0.9833333333333332, 0.9958333333333332)",1,96.67500000000008,41017
"(0.8108108108108109, 0.9736486486486486)",1,96.67500000000008,41018
"(0.9708333333333332, 0.9958333333333332)",2,96.67500000000008,41020
"(0.3318181818181818, 0.9988636363636364)",1,96.67500000000004,41021
"(0.9642857142857144, 0.9714285714285714)",1,96.675,41022
"(0.975, 1.0)",2,96.67499999999995,41024
"(0.9791666666666666, 1.0)",1,96.67499999999995,41025
"(0.925, 0.9714285714285714)",1,96.67499999999995,41026
"(0.9392857142857144, 0.9678571428571427)",1,96.67499999999994,41027
"(0.9678571428571427, 0.9678571428571427)",3,96.67499999999993,41030
"(0.9607142857142856, 0.9678571428571427)",1,96.67499999999993,41031
"(0.505, 0.9875)",1,96.67499999999993,41032
"(0.9464285714285714, 0.975)",1,96.6749999999999,41033
"(0.8375, 0.975)",1,96.67499999999988,41034
"(0.8625, 0.975)",1,96.67499999999988,41035
"(0.8875, 0.975)",2,96.67499999999988,41037
"(0.925, 0.975)",2,96.67499999999988,41039
"(0.75, 0.975)",2,96.67499999999988,41041
"(0.875, 0.975)",1,96.67499999999988,41042
"(0.8375, 0.975)",4,96.67499999999988,41046
"(0.9, 0.975)",2,96.67499999999988,41048
"(0.85, 0.975)",1,96.67499999999988,41049
"(0.85, 0.975)",1,96.67499999999986,41050
"(0.3920454545454545, 1.0)",3,96.67462121212122,41053
"(0.5537878787878788, 1.0)",3,96.6746212121212,41056
"(0.8837209302325582, 0.9767441860465116)",1,96.67441860465128,41057
"(0.5232558139534884, 0.9767441860465116)",1,96.67441860465128,41058
"(0.8953488372093024, 0.9767441860465116)",1,96.67441860465128,41059
"(0.9186046511627908, 0.9767441860465116)",1,96.67441860465128,41060
"(0.813953488372093, 0.9767441860465116)",2,96.67441860465128,41062
"(0.4302325581395348, 0.9767441860465116)",1,96.67441860465128,41063
"(0.8372093023255814, 0.9767441860465116)",2,96.67441860465128,41065
"(0.8604651162790697, 0.9767441860465116)",2,96.67441860465128,41067
"(0.5465116279069767, 0.9767441860465116)",2,96.67441860465128,41069
"(0.6511627906976745, 0.9767441860465116)",1,96.67441860465128,41070
"(0.5465116279069767, 0.9767441860465116)",1,96.67441860465124,41071
"(0.8372093023255814, 0.9767441860465116)",1,96.67441860465124,41072
"(0.9186046511627908, 0.9767441860465116)",2,96.67441860465124,41074
"(0.5930232558139535, 0.9767441860465116)",1,96.67441860465124,41075
"(0.8837209302325582, 0.9767441860465116)",4,96.67441860465124,41079
"(0.9651162790697676, 0.9767441860465116)",1,96.67441860465124,41080
"(0.8891891891891892, 0.979054054054054)",3,96.6743243243244,41083
"(0.5074324324324324, 0.981418918918919)",1,96.67297297297296,41084
"(0.53625, 0.9875)",3,96.6724999999998,41087
"(0.8964285714285715, 0.9714285714285714)",1,96.6714285714286,41088
"(0.9107142857142856, 0.9714285714285714)",1,96.6714285714286,41089
"(0.9357142857142856, 0.9714285714285714)",1,96.67142857142858,41090
"(0.9392857142857144, 0.9714285714285714)",1,96.67142857142858,41091
"(0.9607142857142856, 0.9678571428571427)",1,96.67142857142852,41092
"(0.9714285714285714, 0.9678571428571427)",1,96.67142857142852,41093
"(0.9571428571428572, 0.975)",1,96.67142857142842,41094
"(0.9178571428571428, 0.975)",1,96.6714285714284,41095
"(0.7763513513513514, 0.9736486486486486)",2,96.67128378378372,41097
"(0.7456140350877193, 0.9692982456140352)",2,96.67105263157912,41099
"(0.7719298245614035, 0.9912280701754386)",1,96.67105263157892,41100
"(0.7763157894736842, 0.9736842105263158)",2,96.6710526315789,41102
"(0.7675438596491229, 0.9736842105263158)",1,96.6710526315789,41103
"(0.8640350877192983, 0.9736842105263158)",3,96.6710526315789,41106
"(0.868421052631579, 0.9736842105263158)",1,96.67105263157887,41107
"(0.881578947368421, 0.9736842105263158)",2,96.67105263157887,41109
"(0.9458333333333332, 0.9791666666666666)",1,96.67083333333346,41110
"(0.5481060606060606, 1.0)",3,96.67083333333332,41113
"(0.9875, 1.0)",1,96.67083333333328,41114
"(0.8780405405405406, 0.979054054054054)",1,96.67060810810813,41115
"(0.509469696969697, 0.9943181818181818)",3,96.67045454545465,41118
"(0.8263513513513514, 0.9800675675675676)",1,96.67027027027034,41119
"(0.5817567567567568, 0.9753378378378378)",1,96.67027027027024,41120
"(0.415, 0.99)",1,96.66999999999996,41121
"(0.48625, 0.99125)",1,96.66999999999982,41122
"(0.8662162162162163, 0.9773648648648648)",1,96.66993243243238,41123
"(0.4803030303030303, 1.0)",1,96.669696969697,41124
"(0.8672297297297298, 0.975)",1,96.66959459459451,41125
"(0.8033783783783783, 0.9746621621621622)",2,96.66891891891888,41127
"(0.51375, 0.99125)",3,96.66874999999985,41130
"(0.5108108108108108, 0.9726351351351352)",2,96.66824324324328,41132
"(0.7483108108108109, 0.972972972972973)",2,96.66824324324324,41134
"(0.9678571428571427, 0.9714285714285714)",1,96.66785714285722,41135
"(0.8785714285714286, 0.9714285714285714)",3,96.66785714285716,41138
"(0.9714285714285714, 0.9714285714285714)",2,96.66785714285714,41140
"(0.8535714285714285, 0.9678571428571427)",1,96.66785714285707,41141
"(0.9392857142857144, 0.9785714285714284)",1,96.66785714285707,41142
"(0.9464285714285714, 0.975)",1,96.667857142857,41143
"(0.8964285714285715, 0.975)",1,96.66785714285696,41144
"(0.8412162162162162, 0.9736486486486486)",1,96.6675675675675,41145
"(0.5344696969696969, 1.0)",1,96.66742424242425,41146
"(0.7638888888888888, 0.9861111111111112)",2,96.66666666666686,41148
"(0.8194444444444444, 0.9861111111111112)",2,96.66666666666686,41150
"(0.8611111111111112, 0.9861111111111112)",4,96.66666666666686,41154
"(0.6805555555555556, 0.9861111111111112)",1,96.66666666666686,41155
"(0.9027777777777778, 0.9861111111111112)",1,96.66666666666686,41156
"(0.9385964912280702, 0.9692982456140352)",1,96.66666666666684,41157
"(0.875, 0.9722222222222222)",2,96.66666666666684,41159
"(0.5416666666666666, 0.9722222222222222)",1,96.66666666666684,41160
"(0.625, 0.9722222222222222)",1,96.66666666666684,41161
"(0.8245614035087719, 0.9692982456140352)",1,96.66666666666684,41162
"(0.8611111111111112, 0.9722222222222222)",3,96.66666666666684,41165
"(0.9027777777777778, 0.9722222222222222)",2,96.66666666666684,41167
"(0.6944444444444444, 0.9722222222222222)",3,96.66666666666684,41170
"(0.8472222222222222, 0.9722222222222222)",3,96.66666666666684,41173
"(0.9305555555555556, 0.9722222222222222)",1,96.66666666666684,41174
"(0.9166666666666666, 0.9722222222222222)",1,96.66666666666684,41175
"(0.7916666666666666, 0.9722222222222222)",3,96.66666666666684,41178
"(0.7638888888888888, 0.9722222222222222)",1,96.66666666666684,41179
"(0.8194444444444444, 0.9722222222222222)",4,96.66666666666684,41183
"(0.9342105263157896, 0.9692982456140352)",1,96.66666666666684,41184
"(0.8333333333333334, 0.9722222222222222)",3,96.66666666666684,41187
"(0.75, 0.9722222222222222)",4,96.66666666666684,41191
"(0.7222222222222222, 0.9722222222222222)",2,96.66666666666684,41193
"(0.8888888888888888, 0.9722222222222222)",3,96.66666666666684,41196
"(0.3717948717948718, 0.9871794871794872)",3,96.6666666666668,41199
"(0.6794871794871795, 0.9871794871794872)",1,96.6666666666668,41200
"(0.717948717948718, 0.9871794871794872)",1,96.6666666666668,41201
"(0.8717948717948718, 0.9871794871794872)",1,96.6666666666668,41202
"(0.95, 0.9833333333333332)",1,96.66666666666674,41203
"(0.975, 0.9958333333333332)",1,96.66666666666674,41204
"(0.9833333333333332, 0.9958333333333332)",1,96.6666666666667,41205
"(0.6666666666666666, 1.0)",1,96.66666666666669,41206
"(0.975, 1.0)",2,96.66666666666666,41208
"(0.9, 1.0)",1,96.66666666666666,41209
"(0.925438596491228, 0.9912280701754386)",1,96.66666666666664,41210
"(0.975, 1.0)",1,96.66666666666664,41211
"(0.8903508771929824, 0.9736842105263158)",1,96.6666666666666,41212
"(0.793859649122807, 0.9736842105263158)",3,96.6666666666666,41215
"(0.9875, 1.0)",1,96.6666666666666,41216
"(0.9078947368421052, 0.9736842105263158)",1,96.6666666666666,41217
"(0.8552631578947368, 0.9736842105263158)",1,96.6666666666666,41218
"(0.8445945945945946, 0.9719594594594596)",2,96.66621621621626,41220
"(0.9310810810810812, 0.9763513513513512)",1,96.66621621621624,41221
"(0.3462121212121212, 1.0)",1,96.66553030303032,41222
"(0.9357142857142856, 0.9714285714285714)",1,96.66428571428578,41223
"(0.9642857142857144, 0.9714285714285714)",1,96.66428571428574,41224
"(0.9607142857142856, 0.9714285714285714)",1,96.66428571428574,41225
"(0.8892857142857142, 0.9714285714285714)",1,96.66428571428574,41226
"(0.9571428571428572, 0.9678571428571427)",1,96.66428571428564,41227
"(0.9607142857142856, 0.975)",1,96.6642857142856,41228
"(0.9785714285714284, 0.9571428571428572)",1,96.6642857142856,41229
"(0.5481060606060606, 1.0)",3,96.66401515151514,41232
"(0.5025, 0.98625)",2,96.66374999999998,41234
"(0.6117424242424242, 1.0)",3,96.66363636363636,41237
"(0.5709459459459459, 0.979054054054054)",1,96.66283783783788,41238
"(0.3604651162790697, 0.9767441860465116)",1,96.66279069767454,41239
"(0.8255813953488372, 0.9767441860465116)",1,96.66279069767452,41240
"(0.6511627906976745, 0.9767441860465116)",1,96.66279069767452,41241
"(0.813953488372093, 0.9767441860465116)",1,96.66279069767452,41242
"(0.6976744186046512, 0.9767441860465116)",2,96.66279069767452,41244
"(0.4534883720930232, 0.9767441860465116)",1,96.66279069767452,41245
"(0.872093023255814, 0.9767441860465116)",2,96.66279069767452,41247
"(0.8837209302325582, 0.9767441860465116)",1,96.66279069767452,41248
"(0.6046511627906976, 0.9767441860465116)",1,96.66279069767452,41249
"(0.9186046511627908, 0.9767441860465116)",2,96.66279069767452,41251
"(0.9534883720930232, 0.9767441860465116)",2,96.66279069767452,41253
"(0.5581395348837209, 0.9767441860465116)",1,96.66279069767452,41254
"(0.9302325581395348, 0.9767441860465116)",1,96.66279069767452,41255
"(0.7093023255813954, 0.9767441860465116)",1,96.66279069767452,41256
"(0.625, 0.9925)",1,96.66249999999997,41257
"(0.48625, 0.9925)",2,96.6624999999999,41259
"(0.9, 0.975)",1,96.66249999999988,41260
"(0.85, 0.975)",2,96.66249999999988,41262
"(0.925, 0.975)",2,96.66249999999988,41264
"(0.9, 0.975)",1,96.66249999999988,41265
"(0.95, 0.975)",1,96.66249999999988,41266
"(0.8625, 0.975)",2,96.66249999999988,41268
"(0.6875, 0.975)",2,96.66249999999988,41270
"(0.775, 0.975)",2,96.66249999999988,41272
"(0.6875, 0.975)",1,96.66249999999988,41273
"(0.875, 0.975)",1,96.66249999999988,41274
"(0.9375, 0.975)",1,96.66249999999988,41275
"(0.8875, 0.975)",1,96.66249999999988,41276
"(0.775, 0.975)",1,96.66249999999988,41277
"(0.9125, 0.975)",2,96.66249999999988,41279
"(0.9035087719298246, 0.9692982456140352)",1,96.66228070175455,41280
"(0.7280701754385965, 0.9692982456140352)",3,96.66228070175455,41283
"(0.8464912280701754, 0.9736842105263158)",1,96.66228070175434,41284
"(0.8596491228070176, 0.9736842105263158)",1,96.66228070175434,41285
"(0.8333333333333334, 0.9736842105263158)",3,96.66228070175433,41288
"(0.75, 0.9736842105263158)",3,96.66228070175433,41291
"(0.868421052631579, 0.9736842105263158)",1,96.66228070175433,41292
"(0.7719298245614035, 0.9736842105263158)",3,96.66228070175433,41295
"(0.9078947368421052, 0.9736842105263158)",4,96.66228070175433,41299
"(0.7675438596491229, 0.9736842105263158)",3,96.66228070175433,41302
"(0.8771929824561403, 0.9736842105263158)",1,96.66228070175433,41303
"(0.9078947368421052, 0.9736842105263158)",1,96.66228070175433,41304
"(0.8464912280701754, 0.9736842105263158)",1,96.66228070175433,41305
"(0.8773648648648649, 0.972972972972973)",1,96.66216216216218,41306
"(0.2553030303030303, 0.9924242424242424)",1,96.6617424242424,41307
"(0.49625, 0.98625)",1,96.66124999999998,41308
"(0.7246212121212121, 0.9958333333333332)",3,96.66098484848494,41311
"(0.4439393939393939, 1.0)",3,96.66098484848484,41314
"(0.5545454545454546, 1.0)",3,96.66060606060606,41317
"(0.2776515151515151, 1.0)",3,96.66022727272728,41320
"(0.5209459459459459, 0.9753378378378378)",1,96.66013513513514,41321
"(0.5075, 0.99375)",1,96.66000000000014,41322
"(0.645, 0.98375)",1,96.65999999999995,41323
"(0.4975, 0.9925)",1,96.65999999999995,41324
"(0.68, 0.98875)",1,96.65999999999984,41325
"(0.4272727272727272, 1.0)",1,96.6598484848485,41326
"(0.9277027027027028, 0.9753378378378378)",1,96.65979729729727,41327
"(0.8773648648648649, 0.975)",1,96.65979729729726,41328
"(0.471969696969697, 0.9950757575757576)",3,96.65946969696984,41331
"(0.8402027027027027, 0.9783783783783784)",3,96.65945945945944,41334
"(0.7763513513513514, 0.9773648648648648)",1,96.6587837837838,41335
"(0.4925, 0.995)",2,96.65875000000014,41337
"(0.48625, 0.9775)",1,96.65874999999998,41338
"(0.67875, 0.9875)",1,96.65874999999993,41339
"(0.5025, 0.99)",1,96.6587499999999,41340
"(0.456060606060606, 0.9973484848484848)",1,96.65871212121218,41341
"(0.5121621621621621, 0.9726351351351352)",1,96.658445945946,41342
"(0.8875, 0.9722972972972972)",2,96.65844594594596,41344
"(0.8722972972972973, 0.9739864864864864)",1,96.65844594594596,41345
"(0.9875, 0.9958333333333332)",1,96.65833333333336,41346
"(0.975, 0.9958333333333332)",2,96.65833333333336,41348
"(0.9791666666666666, 0.9958333333333332)",1,96.65833333333336,41349
"(0.9833333333333332, 0.9958333333333332)",2,96.65833333333336,41351
"(0.8875, 0.975)",1,96.65833333333318,41352
"(0.831081081081081, 0.9780405405405406)",1,96.65810810810817,41353
"(0.6798245614035088, 0.9692982456140352)",1,96.65789473684228,41354
"(0.7456140350877193, 0.9692982456140352)",1,96.65789473684228,41355
"(0.8070175438596491, 0.9692982456140352)",1,96.65789473684228,41356
"(0.8070175438596491, 0.9692982456140352)",3,96.65789473684228,41359
"(0.8289473684210527, 0.9692982456140352)",2,96.65789473684228,41361
"(0.8903508771929824, 0.9736842105263158)",1,96.65789473684204,41362
"(0.8289473684210527, 0.9736842105263158)",1,96.65789473684204,41363
"(0.9298245614035088, 0.9736842105263158)",1,96.65789473684204,41364
"(0.9166666666666666, 0.9736842105263158)",1,96.65789473684204,41365
"(0.9342105263157896, 0.9736842105263158)",1,96.65789473684204,41366
"(0.75, 0.9736842105263158)",1,96.65789473684204,41367
"(0.9078947368421052, 0.9736842105263158)",1,96.65789473684204,41368
"(0.8412162162162162, 0.9722972972972972)",1,96.65777027027028,41369
"(0.902027027027027, 0.9783783783783784)",1,96.6574324324325,41370
"(0.5939189189189189, 0.9719594594594596)",2,96.65743243243249,41372
"(0.9035714285714286, 0.9714285714285714)",1,96.65714285714292,41373
"(0.9607142857142856, 0.9714285714285714)",2,96.65714285714289,41375
"(0.9535714285714286, 0.9714285714285714)",1,96.65714285714289,41376
"(0.7256756756756757, 0.9773648648648648)",1,96.65675675675668,41377
"(0.8672297297297298, 0.979054054054054)",1,96.65641891891902,41378
"(0.9111486486486486, 0.9787162162162162)",1,96.6564189189189,41379
"(0.5141891891891892, 0.9753378378378378)",2,96.6554054054054,41381
"(0.4132575757575757, 0.9962121212121212)",1,96.65530303030306,41382
"(0.4803030303030303, 1.0)",1,96.65492424242429,41383
"(0.465530303030303, 1.0)",1,96.65454545454548,41384
"(0.4568181818181818, 0.9988636363636364)",1,96.65454545454548,41385
"(0.9916666666666668, 0.9958333333333332)",1,96.65416666666675,41386
"(0.9875, 0.9958333333333332)",1,96.65416666666673,41387
"(0.9791666666666666, 0.9958333333333332)",2,96.6541666666667,41389
"(0.9833333333333332, 0.9958333333333332)",1,96.65416666666668,41390
"(0.95, 1.0)",1,96.65416666666658,41391
"(0.7307692307692307, 0.9871794871794872)",1,96.65384615384627,41392
"(0.6410256410256411, 0.9871794871794872)",1,96.65384615384627,41393
"(0.6794871794871795, 0.9871794871794872)",1,96.65384615384627,41394
"(0.4358974358974359, 0.9871794871794872)",1,96.65384615384627,41395
"(0.782051282051282, 0.9871794871794872)",1,96.65384615384627,41396
"(0.6666666666666666, 0.9871794871794872)",2,96.65384615384627,41398
"(0.5175, 0.9975)",3,96.6537500000002,41401
"(0.8672297297297298, 0.9736486486486486)",1,96.65371621621615,41402
"(0.9785714285714284, 0.9714285714285714)",3,96.6535714285715,41405
"(0.9535714285714286, 0.9714285714285714)",1,96.65357142857144,41406
"(0.9142857142857144, 0.9714285714285714)",1,96.65357142857144,41407
"(0.9035714285714286, 0.9678571428571427)",3,96.65357142857135,41410
"(0.95, 0.9678571428571427)",1,96.65357142857135,41411
"(0.9642857142857144, 0.9678571428571427)",1,96.65357142857135,41412
"(0.9178571428571428, 0.975)",1,96.6535714285713,41413
"(0.912280701754386, 0.9780701754385964)",3,96.65350877193,41416
"(0.8903508771929824, 0.9736842105263158)",1,96.65350877192978,41417
"(0.925438596491228, 0.9736842105263158)",2,96.65350877192976,41419
"(0.8245614035087719, 0.9736842105263158)",1,96.65350877192976,41420
"(0.8640350877192983, 0.9736842105263158)",1,96.65350877192976,41421
"(0.8333333333333334, 0.9736842105263158)",1,96.65350877192976,41422
"(0.8552631578947368, 0.9736842105263158)",1,96.65350877192976,41423
"(0.7875, 0.9756756756756756)",1,96.6533783783784,41424
"(0.8891891891891892, 0.9753378378378378)",1,96.65337837837832,41425
"(0.7333333333333333, 1.0)",2,96.6530303030303,41427
"(0.4598484848484848, 1.0)",1,96.6530303030303,41428
"(0.9166666666666666, 0.9722222222222222)",1,96.65277777777796,41429
"(0.8194444444444444, 0.9722222222222222)",1,96.65277777777796,41430
"(0.9305555555555556, 0.9861111111111112)",1,96.65277777777796,41431
"(0.7222222222222222, 0.9722222222222222)",2,96.65277777777796,41433
"(0.8333333333333334, 0.9722222222222222)",1,96.65277777777796,41434
"(0.6944444444444444, 0.9722222222222222)",3,96.65277777777796,41437
"(0.8055555555555556, 0.9861111111111112)",1,96.65277777777796,41438
"(0.8472222222222222, 0.9722222222222222)",6,96.65277777777796,41444
"(0.625, 0.9722222222222222)",1,96.65277777777796,41445
"(0.9861111111111112, 0.9722222222222222)",2,96.65277777777796,41447
"(0.7916666666666666, 0.9722222222222222)",1,96.65277777777796,41448
"(0.8888888888888888, 0.9722222222222222)",1,96.65277777777796,41449
"(0.9027777777777778, 0.9861111111111112)",2,96.65277777777796,41451
"(0.8888888888888888, 0.9861111111111112)",1,96.65277777777796,41452
"(0.8611111111111112, 0.9722222222222222)",2,96.65277777777796,41454
"(0.8194444444444444, 0.9861111111111112)",1,96.65277777777796,41455
"(0.8611111111111112, 0.9861111111111112)",2,96.65277777777796,41457
"(0.875, 0.9722222222222222)",2,96.65277777777796,41459
"(0.6944444444444444, 0.9722222222222222)",2,96.65277777777794,41461
"(0.8611111111111112, 0.9722222222222222)",3,96.65277777777794,41464
"(0.875, 0.9722222222222222)",2,96.65277777777794,41466
"(0.8472222222222222, 0.9722222222222222)",1,96.65277777777794,41467
"(0.625, 0.9722222222222222)",2,96.65277777777794,41469
"(0.7638888888888888, 1.0)",1,96.65277777777776,41470
"(0.75, 1.0)",1,96.65277777777776,41471
"(0.8333333333333334, 1.0)",1,96.65277777777776,41472
"(0.4571969696969697, 1.0)",1,96.65227272727272,41473
"(0.8162162162162162, 0.9746621621621622)",1,96.65202702702705,41474
"(0.8449324324324324, 0.9739864864864864)",1,96.652027027027,41475
"(0.9131756756756756, 0.9743243243243244)",2,96.6516891891892,41477
"(0.7996621621621621, 0.9753378378378378)",1,96.65135135135134,41478
"(0.66375, 0.99)",1,96.65124999999996,41479
"(0.7209302325581395, 0.9767441860465116)",1,96.65116279069778,41480
"(0.7558139534883721, 0.9767441860465116)",2,96.65116279069778,41482
"(0.5465116279069767, 0.9767441860465116)",1,96.65116279069778,41483
"(0.8604651162790697, 0.9767441860465116)",3,96.65116279069778,41486
"(0.9302325581395348, 0.9767441860465116)",1,96.65116279069778,41487
"(0.5930232558139535, 0.9767441860465116)",2,96.65116279069775,41489
"(0.9186046511627908, 0.9767441860465116)",2,96.65116279069775,41491
"(0.6046511627906976, 0.9767441860465116)",1,96.65116279069775,41492
"(0.7906976744186046, 0.9767441860465116)",1,96.65116279069775,41493
"(0.8702702702702703, 0.975)",2,96.6510135135135,41495
"(0.5162162162162162, 0.9753378378378378)",2,96.65067567567571,41497
"(0.4852272727272727, 0.9954545454545456)",2,96.65037878787888,41499
"(0.5476351351351352, 0.9716216216216216)",1,96.65033783783784,41500
"(0.9, 0.9666666666666668)",2,96.65000000000016,41502
"(0.7666666666666667, 0.9666666666666668)",1,96.65000000000016,41503
"(0.95, 0.9666666666666668)",1,96.65000000000016,41504
"(0.8333333333333334, 0.9666666666666668)",1,96.65000000000016,41505
"(0.9625, 0.9958333333333332)",2,96.65000000000008,41507
"(0.9333333333333332, 0.9833333333333332)",1,96.65000000000006,41508
"(0.9791666666666666, 0.9958333333333332)",1,96.65000000000006,41509
"(0.49375, 0.99875)",2,96.65000000000003,41511
"(0.9428571428571428, 0.9714285714285714)",1,96.65000000000002,41512
"(0.9571428571428572, 0.9714285714285714)",1,96.65000000000002,41513
"(0.8892857142857142, 0.9714285714285714)",1,96.65000000000002,41514
"(0.85, 1.0)",1,96.65,41515
"(0.975, 1.0)",1,96.64999999999996,41516
"(0.9642857142857144, 0.9678571428571427)",1,96.64999999999992,41517
"(0.8375, 0.975)",1,96.64999999999988,41518
"(0.9375, 0.975)",1,96.64999999999988,41519
"(0.8875, 0.975)",1,96.64999999999988,41520
"(0.9, 0.975)",3,96.64999999999988,41523
"(0.95, 0.975)",2,96.64999999999988,41525
"(0.8875, 0.975)",1,96.64999999999986,41526
"(0.875, 0.975)",1,96.64999999999986,41527
"(0.775, 0.975)",1,96.64999999999986,41528
"(0.925, 0.975)",1,96.64999999999986,41529
"(0.6875, 0.975)",1,96.64999999999986,41530
"(0.41, 0.99125)",1,96.64999999999984,41531
"(0.7429054054054054, 0.9773648648648648)",1,96.6496621621622,41532
"(0.6881756756756757, 0.9733108108108108)",1,96.64932432432435,41533
"(0.2875, 0.996969696969697)",1,96.64924242424252,41534
"(0.9385964912280702, 0.9692982456140352)",1,96.64912280701772,41535
"(0.9385964912280702, 0.9692982456140352)",1,96.6491228070177,41536
"(0.8245614035087719, 0.9736842105263158)",1,96.64912280701748,41537
"(0.7105263157894737, 0.9736842105263158)",1,96.64912280701748,41538
"(0.8728070175438597, 0.9736842105263158)",3,96.64912280701748,41541
"(0.868421052631579, 0.9736842105263158)",1,96.64912280701748,41542
"(0.8952702702702703, 0.9736486486486486)",2,96.64898648648644,41544
"(0.62125, 0.9875)",1,96.64875,41545
"(0.8033783783783783, 0.9787162162162162)",1,96.64864864864866,41546
"(0.7912162162162162, 0.977027027027027)",1,96.64864864864856,41547
"(0.4784090909090909, 0.999621212121212)",1,96.64848484848488,41548
"(0.9037162162162162, 0.9753378378378378)",1,96.64797297297297,41549
"(0.4496212121212121, 1.0)",3,96.64772727272728,41552
"(0.6625, 0.99125)",1,96.6475,41553
"(0.839527027027027, 0.9787162162162162)",1,96.64695945945944,41554
"(0.9214285714285714, 0.9714285714285714)",1,96.64642857142856,41555
"(0.9607142857142856, 0.975)",1,96.64642857142849,41556
"(0.4875, 0.99375)",1,96.64625000000004,41557
"(0.60625, 0.98375)",1,96.64625,41558
"(0.9875, 0.9958333333333332)",1,96.6458333333334,41559
"(0.4606060606060606, 1.0)",1,96.64583333333336,41560
"(0.8260135135135135, 0.9746621621621622)",1,96.64560810810812,41561
"(0.5310810810810811, 0.9746621621621622)",2,96.64560810810808,41563
"(0.5602272727272727, 1.0)",3,96.64545454545456,41566
"(0.4643939393939394, 1.0)",3,96.64545454545454,41569
"(0.51, 0.9975)",1,96.64500000000014,41570
"(0.4975, 0.99625)",1,96.64500000000012,41571
"(0.8771929824561403, 0.9692982456140352)",3,96.64473684210544,41574
"(0.8464912280701754, 0.9692982456140352)",2,96.64473684210544,41576
"(0.8552631578947368, 0.9692982456140352)",1,96.64473684210544,41577
"(0.9078947368421052, 0.9736842105263158)",1,96.6447368421052,41578
"(0.8596491228070176, 0.9736842105263158)",1,96.6447368421052,41579
"(0.9166666666666666, 0.9736842105263158)",2,96.6447368421052,41581
"(0.8464912280701754, 0.9736842105263158)",1,96.6447368421052,41582
"(0.7763157894736842, 0.9736842105263158)",1,96.6447368421052,41583
"(0.5303030303030303, 1.0)",1,96.64431818181824,41584
"(0.8493243243243244, 0.9756756756756756)",1,96.64391891891891,41585
"(0.48625, 0.99625)",1,96.64375000000004,41586
"(0.6117424242424242, 1.0)",1,96.64318181818184,41587
"(0.8722972972972973, 0.9739864864864864)",1,96.64290540540532,41588
"(0.9535714285714286, 0.9714285714285714)",3,96.64285714285715,41591
"(0.9607142857142856, 0.9607142857142856)",1,96.64285714285715,41592
"(0.9535714285714286, 0.9714285714285714)",1,96.64285714285715,41593
"(0.9678571428571427, 0.9714285714285714)",1,96.64285714285715,41594
"(0.9607142857142856, 0.975)",1,96.64285714285698,41595
"(0.8260135135135135, 0.9736486486486486)",1,96.64256756756758,41596
"(0.65125, 0.99)",1,96.64249999999994,41597
"(0.8081081081081081, 0.979054054054054)",1,96.6422297297298,41598
"(0.9208333333333332, 0.9958333333333332)",1,96.64166666666677,41599
"(0.9875, 0.9958333333333332)",1,96.64166666666672,41600
"(0.9666666666666668, 0.9958333333333332)",1,96.6416666666667,41601
"(0.9791666666666666, 0.9958333333333332)",1,96.6416666666667,41602
"(0.975, 1.0)",1,96.64166666666662,41603
"(0.8449324324324324, 0.977027027027027)",1,96.64155405405396,41604
"(0.7283783783783784, 0.979054054054054)",3,96.6412162162163,41607
"(0.782051282051282, 0.9871794871794872)",1,96.64102564102578,41608
"(0.717948717948718, 0.9871794871794872)",1,96.64102564102578,41609
"(0.7051282051282052, 0.9871794871794872)",1,96.64102564102578,41610
"(0.9310810810810812, 0.9743243243243244)",2,96.64087837837842,41612
"(0.8780405405405406, 0.9787162162162162)",3,96.64087837837836,41615
"(0.7149122807017544, 0.9692982456140352)",1,96.64035087719314,41616
"(0.8070175438596491, 0.9692982456140352)",1,96.64035087719314,41617
"(0.8245614035087719, 0.9736842105263158)",1,96.64035087719292,41618
"(0.9078947368421052, 0.9736842105263158)",1,96.64035087719292,41619
"(0.8245614035087719, 0.9736842105263158)",1,96.64035087719292,41620
"(0.868421052631579, 0.9736842105263158)",1,96.64035087719292,41621
"(0.9166666666666666, 0.9736842105263158)",3,96.64035087719292,41624
"(0.8596491228070176, 0.9736842105263158)",1,96.64035087719292,41625
"(0.8584459459459459, 0.9722972972972972)",1,96.64020270270264,41626
"(0.3617424242424242, 1.0)",3,96.63977272727271,41629
"(0.7209302325581395, 0.9767441860465116)",1,96.63953488372104,41630
"(0.7558139534883721, 0.9767441860465116)",1,96.63953488372104,41631
"(0.9186046511627908, 0.9767441860465116)",2,96.63953488372104,41633
"(0.5465116279069767, 0.9767441860465116)",1,96.63953488372104,41634
"(0.7209302325581395, 0.9767441860465116)",1,96.63953488372104,41635
"(0.8953488372093024, 0.9767441860465116)",1,96.63953488372104,41636
"(0.8604651162790697, 0.9767441860465116)",2,96.63953488372104,41638
"(0.8023255813953488, 0.9767441860465116)",2,96.63953488372104,41640
"(0.7906976744186046, 0.9767441860465116)",1,96.63953488372104,41641
"(0.8837209302325582, 0.9767441860465116)",1,96.63953488372104,41642
"(0.6976744186046512, 0.9767441860465116)",1,96.63953488372104,41643
"(0.8372093023255814, 0.9767441860465116)",1,96.63953488372104,41644
"(0.8837209302325582, 0.9767441860465116)",2,96.63953488372104,41646
"(0.6511627906976745, 0.9767441860465116)",1,96.63953488372104,41647
"(0.6162790697674418, 1.0)",1,96.63953488372093,41648
"(0.872093023255814, 0.9651162790697676)",1,96.63953488372076,41649
"(0.8702702702702703, 0.9780405405405406)",3,96.639527027027,41652
"(0.4285714285714285, 0.9714285714285714)",1,96.63928571428572,41653
"(0.8357142857142857, 0.9678571428571427)",1,96.6392857142857,41654
"(0.9785714285714284, 0.9678571428571427)",1,96.63928571428568,41655
"(0.9678571428571427, 0.9678571428571427)",1,96.63928571428568,41656
"(0.9607142857142856, 0.9714285714285714)",1,96.63928571428566,41657
"(0.9571428571428572, 0.975)",1,96.63928571428562,41658
"(0.925, 0.975)",1,96.63928571428562,41659
"(0.9607142857142856, 0.975)",1,96.6392857142856,41660
"(0.9571428571428572, 0.975)",1,96.63928571428558,41661
"(0.5192567567567568, 0.9783783783783784)",2,96.6391891891891,41663
"(0.7916666666666666, 0.9722222222222222)",1,96.63888888888908,41664
"(0.875, 0.9861111111111112)",1,96.63888888888908,41665
"(0.8055555555555556, 0.9861111111111112)",3,96.63888888888908,41668
"(0.875, 0.9722222222222222)",1,96.63888888888908,41669
"(0.8333333333333334, 0.9722222222222222)",2,96.63888888888908,41671
"(0.8611111111111112, 0.9861111111111112)",4,96.63888888888908,41675
"(0.9166666666666666, 0.9722222222222222)",2,96.63888888888908,41677
"(0.75, 0.9722222222222222)",1,96.63888888888908,41678
"(0.8611111111111112, 0.9722222222222222)",2,96.63888888888908,41680
"(0.8472222222222222, 0.9722222222222222)",1,96.63888888888908,41681
"(0.8333333333333334, 0.9861111111111112)",2,96.63888888888908,41683
"(0.875, 0.9722222222222222)",1,96.63888888888906,41684
"(0.7638888888888888, 0.9722222222222222)",1,96.63888888888906,41685
"(0.75, 0.9722222222222222)",1,96.63888888888906,41686
"(0.8472222222222222, 0.9722222222222222)",2,96.63888888888906,41688
"(0.8888888888888888, 0.9722222222222222)",1,96.63888888888906,41689
"(0.7361111111111112, 0.9722222222222222)",1,96.63888888888906,41690
"(0.9027777777777778, 0.9722222222222222)",2,96.63888888888906,41692
"(0.8611111111111112, 0.9722222222222222)",2,96.63888888888906,41694
"(0.8055555555555556, 1.0)",1,96.63888888888889,41695
"(0.8891891891891892, 0.972972972972973)",2,96.6388513513514,41697
"(0.8722972972972973, 0.970945945945946)",2,96.63817567567573,41699
"(0.7827702702702702, 0.9746621621621622)",1,96.63817567567568,41700
"(0.8263513513513514, 0.9783783783783784)",1,96.63817567567568,41701
"(0.8135135135135135, 0.9746621621621622)",1,96.63783783783778,41702
"(0.9291666666666668, 0.9875)",1,96.63749999999987,41703
"(0.8875, 0.975)",4,96.63749999999987,41707
"(0.6875, 0.975)",1,96.63749999999987,41708
"(0.925, 0.975)",1,96.63749999999987,41709
"(0.775, 0.975)",1,96.63749999999987,41710
"(0.9, 0.975)",1,96.63749999999987,41711
"(0.9166666666666666, 0.9875)",1,96.63749999999987,41712
"(0.6625, 0.975)",1,96.63749999999987,41713
"(0.85, 0.975)",1,96.63749999999986,41714
"(0.875, 0.975)",1,96.63749999999986,41715
"(0.5074324324324324, 0.9817567567567568)",1,96.63682432432428,41716
"(0.8412162162162162, 0.9773648648648648)",1,96.63648648648643,41717
"(0.9135135135135136, 0.9773648648648648)",1,96.63614864864864,41718
"(0.8991228070175439, 0.9692982456140352)",1,96.63596491228088,41719
"(0.7456140350877193, 0.9692982456140352)",1,96.63596491228088,41720
"(0.8070175438596491, 0.9736842105263158)",1,96.63596491228066,41721
"(0.868421052631579, 0.9736842105263158)",1,96.63596491228066,41722
"(0.9078947368421052, 0.9736842105263158)",1,96.63596491228064,41723
"(0.7763157894736842, 0.9736842105263158)",1,96.63596491228064,41724
"(0.8903508771929824, 0.9736842105263158)",2,96.63596491228064,41726
"(0.9298245614035088, 0.9736842105263158)",1,96.63596491228064,41727
"(0.7719298245614035, 0.9736842105263158)",1,96.63596491228064,41728
"(0.7280701754385965, 0.9736842105263158)",1,96.63596491228064,41729
"(0.8640350877192983, 0.9736842105263158)",2,96.63596491228064,41731
"(0.9428571428571428, 0.9714285714285714)",3,96.63571428571431,41734
"(0.8892857142857142, 0.9714285714285714)",3,96.63571428571431,41737
"(0.9535714285714286, 0.9714285714285714)",1,96.6357142857143,41738
"(0.95, 0.9714285714285714)",1,96.63571428571429,41739
"(0.9107142857142856, 0.975)",1,96.63571428571416,41740
"(0.9392857142857144, 0.975)",1,96.63571428571416,41741
"(0.5891891891891892, 0.9706081081081082)",1,96.63547297297308,41742
"(0.768918918918919, 0.9766891891891892)",1,96.63547297297292,41743
"(0.595945945945946, 0.9736486486486486)",2,96.63513513513516,41745
"(0.49375, 0.99625)",1,96.6350000000002,41746
"(0.49375, 1.0)",1,96.63500000000012,41747
"(0.7477272727272727, 1.0)",3,96.63446969696967,41750
"(0.5481060606060606, 1.0)",1,96.63409090909092,41751
"(0.4534090909090909, 0.9984848484848484)",1,96.63371212121218,41752
"(0.7212121212121212, 1.0)",1,96.63371212121211,41753
"(0.847972972972973, 0.9736486486486486)",1,96.63344594594598,41754
"(0.577027027027027, 0.9773648648648648)",1,96.63344594594597,41755
"(0.8702702702702703, 0.9773648648648648)",3,96.63344594594592,41758
"(0.9166666666666666, 0.9666666666666668)",1,96.63333333333348,41759
"(0.9291666666666668, 0.9958333333333332)",1,96.63333333333344,41760
"(0.9666666666666668, 0.9958333333333332)",1,96.6333333333334,41761
"(0.4681818181818182, 0.9988636363636364)",1,96.63333333333335,41762
"(0.7166666666666667, 1.0)",1,96.63333333333333,41763
"(0.8166666666666667, 1.0)",1,96.63333333333333,41764
"(0.9958333333333332, 1.0)",2,96.6333333333333,41766
"(0.9416666666666668, 0.9875)",1,96.63333333333316,41767
"(0.9458333333333332, 0.975)",1,96.63333333333313,41768
"(0.5890151515151515, 0.9867424242424242)",1,96.63295454545454,41769
"(0.7477272727272727, 1.0)",3,96.63257575757576,41772
"(0.4975, 0.995)",1,96.63250000000008,41773
"(0.49625, 0.9975)",2,96.63250000000008,41775
"(0.5025, 0.99125)",1,96.63249999999988,41776
"(0.9037162162162162, 0.9766891891891892)",1,96.6324324324324,41777
"(0.5481060606060606, 1.0)",2,96.63219696969698,41779
"(0.9535714285714286, 0.9714285714285714)",1,96.63214285714288,41780
"(0.9607142857142856, 0.9678571428571427)",1,96.63214285714282,41781
"(0.95, 0.9678571428571427)",1,96.63214285714282,41782
"(0.9642857142857144, 0.9678571428571427)",1,96.6321428571428,41783
"(0.9642857142857144, 0.9642857142857144)",1,96.63214285714274,41784
"(0.9642857142857144, 0.9678571428571427)",1,96.63214285714274,41785
"(0.8702702702702703, 0.9780405405405406)",1,96.63209459459452,41786
"(0.7894736842105263, 0.9692982456140352)",1,96.6315789473686,41787
"(0.8728070175438597, 0.9912280701754386)",2,96.6315789473684,41789
"(0.8333333333333334, 0.9736842105263158)",1,96.63157894736835,41790
"(0.6710526315789473, 0.9736842105263158)",1,96.63157894736835,41791
"(0.7368421052631579, 0.9736842105263158)",3,96.63157894736835,41794
"(0.9342105263157896, 0.9736842105263158)",2,96.63157894736835,41796
"(0.9166666666666666, 0.9736842105263158)",1,96.63157894736835,41797
"(0.868421052631579, 0.9736842105263158)",2,96.63157894736835,41799
"(0.49875, 0.99875)",1,96.63125000000008,41800
"(0.4825, 0.99125)",1,96.63125000000002,41801
"(0.8584459459459459, 0.9702702702702702)",1,96.6310810810811,41802
"(0.3575757575757576, 1.0)",3,96.63106060606064,41805
"(0.5689189189189189, 0.9827702702702704)",1,96.63006756756754,41806
"(0.9791666666666666, 0.9958333333333332)",1,96.62916666666676,41807
"(0.975, 0.9958333333333332)",1,96.6291666666667,41808
"(0.9791666666666666, 0.9958333333333332)",1,96.6291666666667,41809
"(0.9916666666666668, 0.9958333333333332)",2,96.62916666666668,41811
"(0.48875, 0.99875)",2,96.62875000000004,41813
"(0.8810810810810811, 0.9787162162162162)",1,96.6287162162162,41814
"(0.9178571428571428, 0.9714285714285714)",1,96.62857142857148,41815
"(0.9035714285714286, 0.9714285714285714)",1,96.62857142857148,41816
"(0.9357142857142856, 0.9714285714285714)",3,96.62857142857146,41819
"(0.9571428571428572, 0.9714285714285714)",3,96.62857142857143,41822
"(0.9642857142857144, 0.9678571428571427)",1,96.6285714285714,41823
"(0.925, 0.975)",1,96.6285714285713,41824
"(0.9607142857142856, 0.975)",2,96.62857142857128,41826
"(0.2435897435897435, 0.9871794871794872)",3,96.62820512820528,41829
"(0.3461538461538461, 0.9871794871794872)",3,96.62820512820528,41832
"(0.717948717948718, 0.9871794871794872)",1,96.62820512820528,41833
"(0.8205128205128205, 0.9871794871794872)",1,96.62820512820528,41834
"(0.4487179487179487, 0.9871794871794872)",1,96.62820512820528,41835
"(0.3076923076923077, 0.9871794871794872)",3,96.62820512820528,41838
"(0.6794871794871795, 1.0)",1,96.62820512820514,41839
"(0.5465116279069767, 0.9767441860465116)",1,96.6279069767443,41840
"(0.7209302325581395, 0.9767441860465116)",1,96.6279069767443,41841
"(0.8604651162790697, 0.9767441860465116)",1,96.6279069767443,41842
"(0.7906976744186046, 0.9767441860465116)",1,96.62790697674428,41843
"(0.8837209302325582, 0.9767441860465116)",1,96.62790697674428,41844
"(0.5813953488372093, 0.9767441860465116)",1,96.62790697674428,41845
"(0.3953488372093023, 0.9767441860465116)",1,96.62790697674428,41846
"(0.8953488372093024, 0.9651162790697676)",1,96.627906976744,41847
"(0.8412162162162162, 0.9777027027027028)",1,96.6277027027027,41848
"(0.8596491228070176, 0.9692982456140352)",1,96.62719298245632,41849
"(0.7456140350877193, 0.9780701754385964)",1,96.62719298245632,41850
"(0.912280701754386, 0.9692982456140352)",2,96.62719298245632,41852
"(0.8552631578947368, 0.9912280701754386)",1,96.62719298245612,41853
"(0.7105263157894737, 0.9912280701754386)",1,96.62719298245612,41854
"(0.7719298245614035, 0.9912280701754386)",1,96.62719298245612,41855
"(0.8289473684210527, 0.9736842105263158)",1,96.6271929824561,41856
"(0.9210526315789472, 0.9736842105263158)",1,96.62719298245608,41857
"(0.8245614035087719, 0.9736842105263158)",3,96.62719298245608,41860
"(0.8728070175438597, 0.9736842105263158)",1,96.62719298245608,41861
"(0.868421052631579, 0.9736842105263158)",2,96.62719298245608,41863
"(0.6446969696969697, 1.0)",1,96.62651515151516,41864
"(0.8780405405405406, 0.9736486486486486)",1,96.62635135135136,41865
"(0.8445945945945946, 0.9773648648648648)",1,96.62635135135127,41866
"(0.4856060606060606, 1.0)",3,96.62575757575758,41869
"(0.793918918918919, 0.9706081081081082)",2,96.62533783783788,41871
"(0.9027777777777778, 0.9861111111111112)",1,96.6250000000002,41872
"(0.75, 0.9861111111111112)",1,96.6250000000002,41873
"(0.8194444444444444, 0.9861111111111112)",3,96.6250000000002,41876
"(0.8055555555555556, 0.9861111111111112)",1,96.6250000000002,41877
"(0.8611111111111112, 0.9861111111111112)",1,96.6250000000002,41878
"(0.875, 0.9861111111111112)",1,96.6250000000002,41879
"(0.8194444444444444, 0.9722222222222222)",1,96.62500000000018,41880
"(0.7916666666666666, 0.9722222222222222)",1,96.62500000000016,41881
"(0.5416666666666666, 0.9722222222222222)",1,96.62500000000016,41882
"(0.8611111111111112, 0.9722222222222222)",6,96.62500000000016,41888
"(0.9027777777777778, 0.9722222222222222)",2,96.62500000000016,41890
"(0.8472222222222222, 0.9722222222222222)",5,96.62500000000016,41895
"(0.8333333333333334, 0.9722222222222222)",1,96.62500000000016,41896
"(0.625, 0.9722222222222222)",1,96.62500000000016,41897
"(0.7083333333333334, 0.9722222222222222)",1,96.62500000000016,41898
"(0.8888888888888888, 0.9722222222222222)",1,96.62500000000016,41899
"(0.8194444444444444, 0.9722222222222222)",1,96.62500000000016,41900
"(0.6944444444444444, 0.9722222222222222)",4,96.62500000000016,41904
"(0.7222222222222222, 0.9722222222222222)",2,96.62500000000016,41906
"(0.75, 0.9722222222222222)",1,96.62500000000016,41907
"(0.48125, 0.9975)",2,96.6250000000001,41909
"(0.9535714285714286, 0.9714285714285714)",1,96.62500000000004,41910
"(0.4890151515151515, 0.984469696969697)",1,96.625,41911
"(0.7361111111111112, 1.0)",1,96.625,41912
"(0.8043918918918919, 0.9763513513513512)",1,96.62499999999996,41913
"(0.9607142857142856, 0.9678571428571427)",1,96.62499999999991,41914
"(0.9678571428571427, 0.9571428571428572)",1,96.62499999999991,41915
"(0.9642857142857144, 0.9678571428571427)",2,96.62499999999991,41917
"(0.9535714285714286, 0.9678571428571427)",3,96.62499999999991,41920
"(0.925, 0.975)",2,96.62499999999989,41922
"(0.7625, 0.975)",1,96.62499999999989,41923
"(0.8375, 0.975)",2,96.62499999999989,41925
"(0.8875, 0.975)",2,96.62499999999989,41927
"(0.7875, 0.975)",1,96.62499999999989,41928
"(0.9, 0.975)",3,96.62499999999989,41931
"(0.9464285714285714, 0.975)",1,96.62499999999986,41932
"(0.925, 0.975)",1,96.62499999999986,41933
"(0.9125, 0.975)",1,96.62499999999986,41934
"(0.85, 0.975)",1,96.62499999999986,41935
"(0.8125, 0.975)",1,96.62499999999986,41936
"(0.7875, 0.975)",1,96.62499999999986,41937
"(0.875, 0.975)",1,96.62499999999986,41938
"(0.6847972972972973, 0.9773648648648648)",1,96.62364864864855,41939
"(0.4178030303030303, 0.9859848484848484)",1,96.62310606060598,41940
"(0.5570945945945946, 0.9837837837837838)",1,96.6229729729729,41941
"(0.8508771929824561, 0.9692982456140352)",1,96.62280701754402,41942
"(0.8026315789473685, 0.9692982456140352)",1,96.62280701754402,41943
"(0.9078947368421052, 0.9736842105263158)",1,96.6228070175438,41944
"(0.8640350877192983, 0.9736842105263158)",1,96.6228070175438,41945
"(0.868421052631579, 0.9736842105263158)",1,96.6228070175438,41946
"(0.8245614035087719, 0.9736842105263158)",1,96.6228070175438,41947
"(0.9035087719298246, 0.9736842105263158)",1,96.6228070175438,41948
"(0.8439189189189189, 0.9736486486486486)",2,96.6226351351352,41950
"(0.5950757575757576, 0.9856060606060606)",1,96.62234848484852,41951
"(0.4534090909090909, 0.9992424242424244)",1,96.62196969696974,41952
"(0.5287878787878788, 1.0)",1,96.62196969696969,41953
"(0.9428571428571428, 0.9714285714285714)",1,96.62142857142862,41954
"(0.9714285714285714, 0.9714285714285714)",1,96.62142857142857,41955
"(0.9428571428571428, 0.9678571428571427)",1,96.62142857142852,41956
"(0.9678571428571427, 0.9678571428571427)",1,96.62142857142852,41957
"(0.9464285714285714, 0.9678571428571427)",1,96.6214285714285,41958
"(0.8891891891891892, 0.979054054054054)",1,96.62128378378388,41959
"(0.7996621621621621, 0.9773648648648648)",1,96.62094594594598,41960
"(0.9916666666666668, 0.9958333333333332)",2,96.62083333333348,41962
"(0.9541666666666668, 0.9958333333333332)",1,96.6208333333334,41963
"(0.9791666666666666, 0.9958333333333332)",2,96.62083333333338,41965
"(0.2776515151515151, 1.0)",1,96.62083333333334,41966
"(0.9791666666666666, 1.0)",2,96.62083333333332,41968
"(0.7496621621621622, 0.9733108108108108)",1,96.62060810810809,41969
"(0.5481060606060606, 1.0)",3,96.62007575757576,41972
"(0.4625, 1.0)",1,96.6193181818182,41973
"(0.55, 0.99125)",1,96.61875,41974
"(0.7256756756756757, 0.9766891891891892)",2,96.618581081081,41976
"(0.925438596491228, 0.9692982456140352)",1,96.61842105263176,41977
"(0.8596491228070176, 0.9736842105263158)",1,96.61842105263152,41978
"(0.8026315789473685, 0.9736842105263158)",1,96.61842105263152,41979
"(0.8552631578947368, 0.9736842105263158)",3,96.6184210526315,41982
"(0.7543918918918919, 0.9763513513513512)",1,96.61790540540537,41983
"(0.9392857142857144, 0.9714285714285714)",1,96.61785714285718,41984
"(0.9607142857142856, 0.9678571428571427)",1,96.6178571428571,41985
"(0.9285714285714286, 0.9785714285714284)",1,96.61785714285708,41986
"(0.9464285714285714, 0.975)",1,96.617857142857,41987
"(0.7212121212121212, 1.0)",1,96.61780303030304,41988
"(0.4621212121212121, 0.999621212121212)",1,96.61780303030304,41989
"(0.4477272727272727, 0.9981060606060606)",1,96.61780303030304,41990
"(0.4276515151515151, 1.0)",3,96.61780303030304,41993
"(0.49875, 0.99375)",2,96.61750000000018,41995
"(0.50625, 0.99375)",1,96.61750000000012,41996
"(0.48625, 0.98625)",1,96.6174999999999,41997
"(0.50875, 0.98875)",2,96.61749999999986,41999
"(0.5125, 0.99125)",1,96.61749999999982,42000
"(0.4636363636363636, 0.9992424242424244)",1,96.61704545454548,42001
"(0.8333333333333334, 0.9666666666666668)",1,96.61666666666682,42002
"(0.9708333333333332, 0.9958333333333332)",2,96.61666666666676,42004
"(0.9666666666666668, 0.9958333333333332)",1,96.61666666666672,42005
"(0.8833333333333333, 0.9833333333333332)",1,96.61666666666672,42006
"(0.975, 0.9958333333333332)",1,96.61666666666672,42007
"(0.9958333333333332, 1.0)",1,96.61666666666667,42008
"(1.0, 1.0)",1,96.61666666666667,42009
"(0.9708333333333332, 0.9958333333333332)",1,96.61666666666667,42010
"(0.9041666666666668, 0.9916666666666668)",1,96.61666666666646,42011
"(0.6905405405405406, 0.9736486486486486)",1,96.61655405405403,42012
"(0.6881756756756757, 0.9766891891891892)",1,96.61655405405403,42013
"(0.8023255813953488, 0.9883720930232558)",1,96.6162790697676,42014
"(0.7558139534883721, 0.9883720930232558)",1,96.6162790697676,42015
"(0.7558139534883721, 0.9883720930232558)",1,96.6162790697676,42016
"(0.8255813953488372, 0.9883720930232558)",1,96.6162790697676,42017
"(0.7558139534883721, 0.9767441860465116)",1,96.61627906976756,42018
"(0.3604651162790697, 0.9767441860465116)",1,96.61627906976756,42019
"(0.4767441860465116, 0.9767441860465116)",1,96.61627906976756,42020
"(0.872093023255814, 0.9767441860465116)",1,96.61627906976754,42021
"(0.7558139534883721, 0.9767441860465116)",2,96.61627906976754,42023
"(0.7674418604651163, 0.9767441860465116)",1,96.61627906976754,42024
"(0.8837209302325582, 0.9767441860465116)",1,96.61627906976751,42025
"(0.8604651162790697, 0.9767441860465116)",1,96.61627906976751,42026
"(0.6046511627906976, 0.9767441860465116)",1,96.61627906976751,42027
"(0.7906976744186046, 0.9767441860465116)",1,96.61627906976751,42028
"(0.8023255813953488, 0.9767441860465116)",1,96.61627906976751,42029
"(0.5930232558139535, 0.9767441860465116)",1,96.61627906976751,42030
"(0.9186046511627908, 1.0)",1,96.61627906976744,42031
"(0.8837209302325582, 0.9651162790697676)",1,96.61627906976727,42032
"(0.8953488372093024, 0.9651162790697676)",1,96.61627906976727,42033
"(0.7712837837837838, 0.9773648648648648)",3,96.61587837837838,42036
"(0.518581081081081, 0.9766891891891892)",1,96.61587837837833,42037
"(0.8327702702702703, 0.9760135135135136)",1,96.61554054054056,42038
"(0.8260135135135135, 0.9743243243243244)",1,96.61554054054056,42039
"(0.1923076923076923, 0.9871794871794872)",1,96.61538461538476,42040
"(0.6025641025641025, 0.9871794871794872)",2,96.61538461538476,42042
"(0.1666666666666666, 1.0)",1,96.6153846153846,42043
"(0.3844696969696969, 0.9977272727272728)",1,96.61515151515162,42044
"(0.4518939393939394, 0.9916666666666668)",3,96.6151515151516,42047
"(0.484090909090909, 0.9988636363636364)",1,96.61515151515157,42048
"(0.6675, 0.98875)",1,96.61499999999997,42049
"(0.56625, 0.9875)",1,96.61499999999997,42050
"(0.625, 0.9875)",3,96.61499999999988,42053
"(0.4651515151515151, 0.9981060606060606)",1,96.61477272727276,42054
"(0.4602272727272727, 0.9946969696969696)",1,96.61477272727272,42055
"(0.6233108108108109, 0.9773648648648648)",1,96.61452702702708,42056
"(0.7256756756756757, 0.9773648648648648)",1,96.61452702702704,42057
"(0.8773648648648649, 0.9712837837837838)",1,96.61452702702702,42058
"(0.7996621621621621, 0.9763513513513512)",1,96.61452702702697,42059
"(0.5401515151515152, 0.9981060606060606)",1,96.614393939394,42060
"(0.95, 0.9714285714285714)",1,96.61428571428574,42061
"(0.9678571428571427, 0.9714285714285714)",1,96.61428571428574,42062
"(0.8535714285714285, 0.9714285714285714)",1,96.61428571428574,42063
"(0.9642857142857144, 0.9714285714285714)",1,96.6142857142857,42064
"(0.9678571428571427, 0.9678571428571427)",1,96.61428571428569,42065
"(0.9392857142857144, 0.9678571428571427)",1,96.61428571428566,42066
"(0.9607142857142856, 0.9678571428571427)",1,96.61428571428564,42067
"(0.9571428571428572, 0.9678571428571427)",1,96.61428571428564,42068
"(0.912280701754386, 0.9692982456140352)",1,96.61403508771949,42069
"(0.8640350877192983, 0.9692982456140352)",3,96.61403508771946,42072
"(0.7456140350877193, 0.9736842105263158)",1,96.61403508771924,42073
"(0.6798245614035088, 0.9736842105263158)",1,96.61403508771924,42074
"(0.8026315789473685, 0.9736842105263158)",3,96.61403508771924,42077
"(0.7675438596491229, 0.9736842105263158)",1,96.61403508771924,42078
"(0.9210526315789472, 0.9736842105263158)",1,96.61403508771924,42079
"(0.8771929824561403, 0.9736842105263158)",1,96.61403508771924,42080
"(0.509469696969697, 1.0)",1,96.6140151515152,42081
"(0.48375, 0.99125)",1,96.61374999999995,42082
"(0.51, 0.9875)",1,96.61374999999992,42083
"(0.7746621621621622, 0.9743243243243244)",2,96.61351351351352,42085
"(0.7429054054054054, 0.9756756756756756)",1,96.61351351351348,42086
"(0.3992424242424242, 0.9988636363636364)",1,96.6132575757576,42087
"(0.9135135135135136, 0.9685810810810812)",2,96.61283783783789,42089
"(0.5236486486486487, 0.975)",1,96.61283783783784,42090
"(0.9708333333333332, 0.9958333333333332)",2,96.61250000000008,42092
"(0.975, 0.9958333333333332)",1,96.61250000000008,42093
"(0.9875, 0.9958333333333332)",2,96.61250000000004,42095
"(0.9833333333333332, 0.9958333333333332)",1,96.61250000000004,42096
"(0.49375, 0.99875)",1,96.61250000000004,42097
"(0.9958333333333332, 0.9958333333333332)",1,96.61250000000004,42098
"(0.975, 0.9958333333333332)",1,96.61250000000004,42099
"(0.64, 0.985)",1,96.6125,42100
"(0.975, 1.0)",1,96.61249999999995,42101
"(0.8952702702702703, 0.9773648648648648)",1,96.61249999999994,42102
"(0.95, 0.975)",1,96.61249999999988,42103
"(0.6875, 0.975)",1,96.61249999999988,42104
"(0.8875, 0.975)",3,96.61249999999988,42107
"(0.9, 0.975)",1,96.61249999999988,42108
"(0.7625, 0.975)",2,96.61249999999988,42110
"(0.8125, 0.975)",1,96.61249999999988,42111
"(0.8625, 0.975)",3,96.61249999999988,42114
"(0.75, 0.975)",2,96.61249999999988,42116
"(0.925, 0.975)",2,96.61249999999988,42118
"(0.8375, 0.975)",1,96.61249999999986,42119
"(0.48625, 0.99125)",1,96.61249999999984,42120
"(0.902027027027027, 0.9780405405405406)",3,96.6121621621622,42123
"(0.9310810810810812, 0.9773648648648648)",1,96.61216216216216,42124
"(0.6847972972972973, 0.977027027027027)",1,96.61216216216212,42125
"(0.6765151515151515, 0.9943181818181818)",3,96.61174242424254,42128
"(0.6625, 0.9925)",1,96.61124999999991,42129
"(0.8055555555555556, 0.9861111111111112)",1,96.61111111111131,42130
"(0.9027777777777778, 0.9861111111111112)",1,96.6111111111113,42131
"(0.8333333333333334, 0.9722222222222222)",2,96.61111111111128,42133
"(0.8194444444444444, 0.9722222222222222)",2,96.61111111111128,42135
"(0.7916666666666666, 0.9722222222222222)",1,96.61111111111128,42136
"(0.8472222222222222, 0.9722222222222222)",3,96.61111111111128,42139
"(0.8888888888888888, 0.9722222222222222)",1,96.61111111111128,42140
"(0.625, 0.9722222222222222)",1,96.61111111111128,42141
"(0.75, 0.9722222222222222)",1,96.61111111111128,42142
"(0.9166666666666666, 0.9722222222222222)",1,96.61111111111128,42143
"(0.5277777777777778, 0.9722222222222222)",1,96.61111111111128,42144
"(0.9027777777777778, 0.9722222222222222)",2,96.61111111111128,42146
"(0.8611111111111112, 0.9722222222222222)",3,96.61111111111128,42149
"(0.9305555555555556, 0.9722222222222222)",1,96.61111111111128,42150
"(0.875, 0.9722222222222222)",2,96.61111111111128,42152
"(0.6944444444444444, 0.9722222222222222)",1,96.61111111111128,42153
"(0.75, 1.0)",1,96.61111111111111,42154
"(0.7361111111111112, 1.0)",1,96.61111111111111,42155
"(0.7916666666666666, 1.0)",1,96.61111111111111,42156
"(0.7543918918918919, 0.975)",1,96.6108108108107,42157
"(0.9464285714285714, 0.9714285714285714)",1,96.61071428571434,42158
"(0.9357142857142856, 0.9714285714285714)",1,96.61071428571432,42159
"(0.8535714285714285, 0.9714285714285714)",1,96.61071428571432,42160
"(0.9142857142857144, 0.9714285714285714)",1,96.61071428571432,42161
"(0.9607142857142856, 0.9607142857142856)",3,96.6107142857143,42164
"(0.9607142857142856, 0.9678571428571427)",1,96.61071428571424,42165
"(0.9642857142857144, 0.9678571428571427)",3,96.61071428571422,42168
"(0.9035714285714286, 0.9571428571428572)",1,96.61071428571417,42169
"(0.3041666666666666, 0.999621212121212)",3,96.61022727272729,42172
"(0.4666666666666667, 1.0)",1,96.61022727272726,42173
"(0.49, 0.99625)",2,96.61,42175
"(0.7280701754385965, 0.9692982456140352)",2,96.60964912280718,42177
"(0.8464912280701754, 0.9736842105263158)",3,96.60964912280696,42180
"(0.7412280701754386, 0.9736842105263158)",1,96.60964912280696,42181
"(0.9166666666666666, 0.9736842105263158)",1,96.60964912280696,42182
"(0.8991228070175439, 0.9736842105263158)",1,96.60964912280696,42183
"(0.7105263157894737, 0.9736842105263158)",1,96.60964912280696,42184
"(0.5350877192982456, 0.9736842105263158)",1,96.60964912280696,42185
"(0.912280701754386, 0.9736842105263158)",1,96.60964912280696,42186
"(0.8552631578947368, 0.9736842105263158)",1,96.60964912280694,42187
"(0.9111486486486486, 0.9746621621621622)",1,96.60945945945942,42188
"(0.8891891891891892, 0.9773648648648648)",1,96.60912162162164,42189
"(0.51875, 0.9975)",1,96.60875000000009,42190
"(0.445, 0.98125)",1,96.60874999999996,42191
"(0.5300675675675676, 0.977027027027027)",1,96.6084459459459,42192
"(0.9916666666666668, 0.9958333333333332)",1,96.60833333333346,42193
"(0.9583333333333334, 0.9958333333333332)",1,96.60833333333342,42194
"(0.4666666666666667, 1.0)",3,96.60833333333332,42197
"(0.9208333333333332, 0.9875)",1,96.6083333333332,42198
"(0.8608108108108108, 0.9746621621621622)",2,96.60810810810804,42200
"(0.5516891891891892, 0.9766891891891892)",2,96.60810810810804,42202
"(0.8216216216216217, 0.9760135135135136)",2,96.6077702702702,42204
"(0.525, 0.999621212121212)",1,96.6075757575758,42205
"(0.4689393939393939, 1.0)",3,96.60757575757576,42208
"(0.6765151515151515, 0.9950757575757576)",3,96.60719696969709,42211
"(0.9392857142857144, 0.9714285714285714)",3,96.6071428571429,42214
"(0.9285714285714286, 0.9678571428571427)",1,96.60714285714285,42215
"(0.9392857142857144, 0.9678571428571427)",3,96.6071428571428,42218
"(0.9642857142857144, 0.9785714285714284)",1,96.6071428571428,42219
"(0.9571428571428572, 0.9571428571428572)",1,96.60714285714276,42220
"(0.9535714285714286, 0.975)",1,96.60714285714276,42221
"(0.9321428571428572, 0.9642857142857144)",1,96.60714285714272,42222
"(0.9392857142857144, 0.975)",1,96.60714285714268,42223
"(0.7084459459459459, 0.9766891891891892)",1,96.60675675675677,42224
"(0.8043918918918919, 0.9787162162162162)",1,96.60574324324324,42225
"(0.8462837837837838, 0.979054054054054)",3,96.60540540540543,42228
"(0.8464912280701754, 0.9692982456140352)",2,96.60526315789492,42230
"(0.868421052631579, 0.9692982456140352)",1,96.60526315789492,42231
"(0.8728070175438597, 0.9692982456140352)",1,96.6052631578949,42232
"(0.6228070175438597, 0.9736842105263158)",1,96.60526315789468,42233
"(0.9298245614035088, 0.9736842105263158)",1,96.60526315789468,42234
"(0.868421052631579, 0.9736842105263158)",1,96.60526315789468,42235
"(0.4078947368421052, 0.9736842105263158)",1,96.60526315789468,42236
"(0.8552631578947368, 0.9736842105263158)",1,96.60526315789468,42237
"(0.9078947368421052, 0.9736842105263158)",2,96.60526315789468,42239
"(0.9166666666666666, 0.9736842105263158)",4,96.60526315789468,42243
"(0.8026315789473685, 0.9736842105263158)",1,96.60526315789468,42244
"(0.8640350877192983, 0.9736842105263158)",1,96.60526315789468,42245
"(0.9111486486486486, 0.9787162162162162)",1,96.60506756756754,42246
"(0.50625, 0.995)",2,96.60500000000012,42248
"(0.59875, 0.98875)",1,96.60499999999992,42249
"(0.48625, 0.99125)",1,96.60499999999983,42250
"(0.5232558139534884, 0.9767441860465116)",1,96.60465116279082,42251
"(0.4767441860465116, 0.9767441860465116)",1,96.60465116279082,42252
"(0.9186046511627908, 0.9767441860465116)",1,96.6046511627908,42253
"(0.8953488372093024, 0.9767441860465116)",1,96.6046511627908,42254
"(0.7093023255813954, 0.9767441860465116)",1,96.6046511627908,42255
"(0.5465116279069767, 0.9767441860465116)",2,96.6046511627908,42257
"(0.8372093023255814, 0.9767441860465116)",1,96.6046511627908,42258
"(0.9534883720930232, 0.9767441860465116)",1,96.6046511627908,42259
"(0.8604651162790697, 0.9767441860465116)",1,96.6046511627908,42260
"(0.9302325581395348, 0.9767441860465116)",2,96.6046511627908,42262
"(0.7790697674418605, 0.9767441860465116)",1,96.6046511627908,42263
"(0.872093023255814, 0.9767441860465116)",1,96.6046511627908,42264
"(0.9302325581395348, 0.9651162790697676)",1,96.60465116279052,42265
"(0.8372093023255814, 0.9651162790697676)",1,96.60465116279052,42266
"(0.793918918918919, 0.9753378378378378)",1,96.60439189189186,42267
"(0.9791666666666666, 0.9958333333333332)",2,96.60416666666676,42269
"(0.9916666666666668, 0.9958333333333332)",1,96.60416666666671,42270
"(0.9625, 0.9958333333333332)",1,96.6041666666667,42271
"(0.975, 1.0)",1,96.60416666666666,42272
"(0.3473484848484848, 0.9954545454545456)",3,96.60378787878795,42275
"(0.495, 0.9975)",1,96.60375000000012,42276
"(0.51, 0.9925)",1,96.6037500000001,42277
"(0.51125, 0.99)",1,96.60375,42278
"(0.9107142857142856, 0.9714285714285714)",1,96.60357142857146,42279
"(0.9428571428571428, 0.9714285714285714)",3,96.60357142857144,42282
"(0.9107142857142856, 0.9678571428571427)",3,96.60357142857136,42285
"(0.9535714285714286, 0.9642857142857144)",1,96.60357142857129,42286
"(0.9178571428571428, 0.975)",1,96.60357142857129,42287
"(0.9571428571428572, 0.975)",1,96.60357142857126,42288
"(0.8402027027027027, 0.979391891891892)",3,96.60304054054058,42291
"(0.75, 0.9763513513513512)",1,96.6030405405405,42292
"(0.4083333333333333, 1.0)",3,96.60265151515154,42295
"(0.5512820512820513, 0.9871794871794872)",1,96.60256410256424,42296
"(0.3974358974358974, 0.9871794871794872)",1,96.60256410256424,42297
"(0.6923076923076923, 0.9871794871794872)",1,96.60256410256424,42298
"(0.5512820512820513, 1.0)",1,96.6025641025641,42299
"(0.4875, 0.99625)",1,96.6025000000002,42300
"(0.5523648648648649, 0.9797297297297296)",1,96.60168918918924,42301
"(0.3363636363636363, 1.0)",1,96.60151515151516,42302
"(0.7469594594594594, 0.9766891891891892)",1,96.60101351351344,42303
"(0.7456140350877193, 0.9692982456140352)",1,96.60087719298264,42304
"(0.868421052631579, 0.9692982456140352)",2,96.60087719298262,42306
"(0.9078947368421052, 0.9692982456140352)",1,96.60087719298262,42307
"(0.8201754385964912, 0.9736842105263158)",1,96.6008771929824,42308
"(0.9298245614035088, 0.9736842105263158)",1,96.6008771929824,42309
"(0.7912162162162162, 0.9760135135135136)",1,96.60067567567566,42310
"(0.5545454545454546, 1.0)",1,96.60037878787878,42311
"(0.8333333333333334, 0.9666666666666668)",1,96.60000000000016,42312
"(0.9333333333333332, 0.9833333333333332)",1,96.60000000000008,42313
"(0.8964285714285715, 0.9714285714285714)",1,96.60000000000004,42314
"(0.9791666666666666, 0.9958333333333332)",2,96.60000000000002,42316
"(0.9916666666666668, 0.9958333333333332)",1,96.60000000000002,42317
"(0.95, 0.9714285714285714)",2,96.6,42319
"(0.9428571428571428, 0.9714285714285714)",1,96.6,42320
"(0.9833333333333332, 1.0)",1,96.6,42321
"(0.9428571428571428, 0.9785714285714284)",1,96.59999999999997,42322
"(0.9607142857142856, 0.9678571428571427)",1,96.59999999999997,42323
"(0.51, 0.9875)",1,96.59999999999992,42324
"(0.875, 0.975)",1,96.59999999999988,42325
"(0.6875, 0.975)",1,96.59999999999988,42326
"(0.9125, 0.975)",3,96.59999999999988,42329
"(0.8875, 0.975)",1,96.59999999999988,42330
"(0.7625, 0.975)",1,96.59999999999988,42331
"(0.8375, 0.975)",1,96.59999999999988,42332
"(0.9, 0.975)",1,96.59999999999988,42333
"(0.8964285714285715, 0.975)",1,96.59999999999984,42334
"(0.9291666666666668, 0.975)",1,96.59999999999984,42335
"(0.9642857142857144, 0.975)",1,96.59999999999984,42336
"(0.505, 0.99125)",1,96.59999999999982,42337
"(0.6481060606060606, 1.0)",1,96.59962121212124,42338
"(0.4975, 0.99875)",1,96.59875000000004,42339
"(0.4025, 0.99125)",1,96.59874999999984,42340
"(0.6905405405405406, 0.9756756756756756)",1,96.5986486486486,42341
"(0.4609848484848485, 1.0)",1,96.59848484848484,42342
"(0.7746621621621622, 0.975)",1,96.59831081081084,42343
"(0.2981060606060606, 1.0)",3,96.59772727272728,42346
"(0.5481060606060606, 1.0)",3,96.59772727272728,42349
"(0.9166666666666666, 0.9861111111111112)",1,96.59722222222244,42350
"(0.8194444444444444, 0.9861111111111112)",1,96.59722222222244,42351
"(0.5555555555555556, 0.9861111111111112)",1,96.5972222222224,42352
"(0.8472222222222222, 0.9861111111111112)",1,96.5972222222224,42353
"(0.8611111111111112, 0.9722222222222222)",3,96.5972222222224,42356
"(0.9305555555555556, 0.9722222222222222)",1,96.5972222222224,42357
"(0.8888888888888888, 0.9861111111111112)",1,96.5972222222224,42358
"(0.8194444444444444, 0.9722222222222222)",1,96.5972222222224,42359
"(0.7222222222222222, 0.9861111111111112)",1,96.5972222222224,42360
"(0.8333333333333334, 0.9722222222222222)",1,96.5972222222224,42361
"(0.8472222222222222, 0.9722222222222222)",2,96.5972222222224,42363
"(0.8333333333333334, 0.9861111111111112)",1,96.5972222222224,42364
"(0.875, 0.9722222222222222)",3,96.5972222222224,42367
"(0.7638888888888888, 0.9722222222222222)",1,96.5972222222224,42368
"(0.8194444444444444, 0.9861111111111112)",1,96.5972222222224,42369
"(0.7638888888888888, 0.9861111111111112)",1,96.5972222222224,42370
"(0.6944444444444444, 0.9722222222222222)",1,96.5972222222224,42371
"(0.8611111111111112, 0.9722222222222222)",1,96.59722222222238,42372
"(0.9305555555555556, 0.9722222222222222)",1,96.59722222222238,42373
"(0.8611111111111112, 1.0)",1,96.59722222222224,42374
"(0.8552631578947368, 0.9692982456140352)",1,96.59649122807036,42375
"(0.6228070175438597, 0.9692982456140352)",1,96.59649122807036,42376
"(0.8245614035087719, 0.9692982456140352)",1,96.59649122807036,42377
"(0.8728070175438597, 0.9692982456140352)",1,96.59649122807036,42378
"(0.8728070175438597, 0.9692982456140352)",3,96.59649122807032,42381
"(0.7675438596491229, 0.9692982456140352)",1,96.59649122807032,42382
"(0.9473684210526316, 0.9912280701754386)",2,96.59649122807016,42384
"(0.8771929824561403, 0.9736842105263158)",1,96.59649122807014,42385
"(0.6228070175438597, 0.9736842105263158)",2,96.59649122807014,42387
"(0.6885964912280702, 0.9736842105263158)",1,96.59649122807012,42388
"(0.4736842105263157, 0.9736842105263158)",1,96.59649122807012,42389
"(0.9035087719298246, 0.9736842105263158)",1,96.59649122807012,42390
"(0.868421052631579, 0.9736842105263158)",1,96.59649122807012,42391
"(0.9298245614035088, 0.9736842105263158)",1,96.59649122807012,42392
"(0.9357142857142856, 0.9714285714285714)",1,96.5964285714286,42393
"(0.9535714285714286, 0.9714285714285714)",1,96.59642857142858,42394
"(0.925, 0.9678571428571427)",1,96.59642857142852,42395
"(0.8928571428571429, 0.9678571428571427)",1,96.59642857142852,42396
"(0.9571428571428572, 0.9642857142857144)",1,96.59642857142842,42397
"(0.9464285714285714, 0.975)",3,96.59642857142842,42400
"(0.5743243243243243, 0.9726351351351352)",1,96.59628378378385,42401
"(0.51375, 0.9875)",1,96.59624999999993,42402
"(0.9875, 0.9958333333333332)",1,96.59583333333346,42403
"(0.9125, 0.9958333333333332)",1,96.59583333333345,42404
"(0.9791666666666666, 0.9958333333333332)",1,96.5958333333334,42405
"(0.9875, 0.9958333333333332)",1,96.5958333333334,42406
"(1.0, 0.9958333333333332)",1,96.5958333333334,42407
"(0.975, 0.9958333333333332)",2,96.59583333333336,42409
"(0.4571969696969697, 0.9981060606060606)",1,96.59583333333336,42410
"(0.9791666666666666, 1.0)",1,96.59583333333332,42411
"(0.2803030303030303, 0.9848484848484848)",1,96.5950757575757,42412
"(0.4925, 0.99875)",1,96.59500000000006,42413
"(0.6931818181818182, 1.0)",3,96.59469696969695,42416
"(0.9354729729729728, 0.9739864864864864)",1,96.59459459459453,42417
"(0.9327702702702704, 0.9739864864864864)",1,96.59391891891896,42418
"(0.8108108108108109, 0.979054054054054)",1,96.59391891891886,42419
"(0.6756756756756757, 0.9777027027027028)",1,96.59391891891886,42420
"(0.5025, 0.99)",1,96.59374999999989,42421
"(0.5628378378378378, 0.979391891891892)",1,96.59358108108114,42422
"(0.4613636363636363, 1.0)",1,96.5935606060606,42423
"(0.9037162162162162, 0.979054054054054)",1,96.59324324324328,42424
"(0.4518939393939394, 0.9992424242424244)",1,96.59318181818182,42425
"(0.7906976744186046, 0.9767441860465116)",1,96.59302325581406,42426
"(0.3488372093023256, 0.9767441860465116)",1,96.59302325581406,42427
"(0.3604651162790697, 0.9767441860465116)",1,96.59302325581406,42428
"(0.4302325581395348, 0.9767441860465116)",1,96.59302325581406,42429
"(0.6976744186046512, 0.9767441860465116)",1,96.59302325581406,42430
"(0.5116279069767442, 0.9767441860465116)",1,96.59302325581406,42431
"(0.6046511627906976, 0.9767441860465116)",1,96.59302325581405,42432
"(0.9651162790697676, 0.9767441860465116)",1,96.59302325581405,42433
"(0.8604651162790697, 0.9767441860465116)",2,96.59302325581405,42435
"(0.9186046511627908, 0.9767441860465116)",2,96.59302325581405,42437
"(0.7558139534883721, 0.9767441860465116)",1,96.59302325581405,42438
"(0.8023255813953488, 0.9767441860465116)",1,96.59302325581405,42439
"(0.5930232558139535, 0.9767441860465116)",1,96.59302325581405,42440
"(0.7906976744186046, 0.9767441860465116)",1,96.59302325581405,42441
"(0.9302325581395348, 0.9651162790697676)",1,96.59302325581378,42442
"(0.8108108108108109, 0.9753378378378378)",1,96.59290540540538,42443
"(0.9392857142857144, 0.9678571428571427)",1,96.59285714285711,42444
"(0.9392857142857144, 0.9678571428571427)",2,96.59285714285708,42446
"(0.9357142857142856, 0.9678571428571427)",1,96.59285714285708,42447
"(0.9714285714285714, 0.9678571428571427)",3,96.59285714285706,42450
"(0.95, 0.975)",1,96.59285714285704,42451
"(0.9678571428571427, 0.975)",1,96.592857142857,42452
"(0.7439393939393939, 1.0)",3,96.59280303030305,42455
"(0.4613636363636363, 1.0)",3,96.59242424242424,42458
"(0.525, 1.0)",3,96.59242424242424,42461
"(0.768918918918919, 0.9783783783783784)",1,96.59222972972978,42462
"(0.7149122807017544, 0.9692982456140352)",1,96.59210526315807,42463
"(0.8201754385964912, 0.9692982456140352)",1,96.59210526315806,42464
"(0.7456140350877193, 0.9736842105263158)",1,96.59210526315783,42465
"(0.8245614035087719, 0.9736842105263158)",1,96.59210526315783,42466
"(0.9078947368421052, 0.9736842105263158)",1,96.59210526315783,42467
"(0.868421052631579, 0.9736842105263158)",1,96.59210526315783,42468
"(0.912280701754386, 0.9736842105263158)",1,96.59210526315783,42469
"(0.9354729729729728, 0.972972972972973)",1,96.59189189189188,42470
"(0.9958333333333332, 0.9958333333333332)",1,96.5916666666668,42471
"(0.9791666666666666, 0.9958333333333332)",1,96.59166666666675,42472
"(0.975, 0.9958333333333332)",2,96.59166666666674,42474
"(0.9875, 0.9958333333333332)",1,96.59166666666674,42475
"(0.9791666666666666, 0.9958333333333332)",1,96.59166666666674,42476
"(0.9916666666666668, 0.9958333333333332)",1,96.59166666666673,42477
"(0.9791666666666666, 0.9958333333333332)",1,96.59166666666673,42478
"(0.9916666666666668, 0.9958333333333332)",2,96.5916666666667,42480
"(0.9833333333333332, 1.0)",1,96.59166666666668,42481
"(0.9875, 0.9958333333333332)",2,96.59166666666668,42483
"(0.9833333333333332, 1.0)",1,96.59166666666664,42484
"(0.5725, 0.99)",1,96.59124999999996,42485
"(0.5075, 0.99125)",1,96.59124999999992,42486
"(0.53625, 0.9875)",3,96.59124999999982,42489
"(0.8712837837837838, 0.9739864864864864)",1,96.59121621621622,42490
"(0.8327702702702703, 0.9777027027027028)",1,96.59121621621615,42491
"(0.2454545454545454, 0.9931818181818182)",1,96.59090909090902,42492
"(0.8081081081081081, 0.979054054054054)",1,96.5905405405406,42493
"(0.4856060606060606, 1.0)",3,96.5905303030303,42496
"(0.4761363636363636, 0.9950757575757576)",2,96.58977272727286,42498
"(0.5628787878787879, 1.0)",3,96.58977272727272,42501
"(0.543939393939394, 0.9893939393939394)",1,96.58977272727267,42502
"(0.6666666666666666, 0.9871794871794872)",1,96.58974358974372,42503
"(0.8076923076923077, 0.9871794871794872)",2,96.58974358974372,42505
"(0.717948717948718, 0.9871794871794872)",1,96.58974358974372,42506
"(0.717948717948718, 0.9871794871794872)",3,96.58974358974372,42509
"(0.7307692307692307, 0.9871794871794872)",1,96.58974358974372,42510
"(0.7307692307692307, 0.9871794871794872)",1,96.58974358974372,42511
"(0.839527027027027, 0.979054054054054)",1,96.5895270270271,42512
"(0.9428571428571428, 0.9714285714285714)",1,96.58928571428577,42513
"(0.9464285714285714, 0.9714285714285714)",1,96.58928571428577,42514
"(0.9464285714285714, 0.9714285714285714)",1,96.58928571428574,42515
"(0.9571428571428572, 0.9714285714285714)",3,96.58928571428574,42518
"(0.9642857142857144, 0.9714285714285714)",3,96.58928571428572,42521
"(0.9392857142857144, 0.9714285714285714)",1,96.58928571428572,42522
"(0.9678571428571427, 0.9678571428571427)",3,96.5892857142857,42525
"(0.9107142857142856, 0.9678571428571427)",1,96.58928571428568,42526
"(0.9642857142857144, 0.9678571428571427)",3,96.58928571428564,42529
"(0.9642857142857144, 0.975)",1,96.5892857142856,42530
"(0.9642857142857144, 0.975)",1,96.58928571428558,42531
"(0.6260135135135135, 0.9777027027027028)",1,96.58918918918918,42532
"(0.7256756756756757, 0.977027027027027)",1,96.58918918918911,42533
"(0.8449324324324324, 0.977027027027027)",1,96.5888513513513,42534
"(0.51375, 0.99125)",1,96.58874999999992,42535
"(0.4965909090909091, 1.0)",1,96.58863636363635,42536
"(0.5192567567567568, 0.981081081081081)",1,96.58851351351352,42537
"(0.5570945945945946, 0.9797297297297296)",1,96.58817567567571,42538
"(0.7827702702702702, 0.977027027027027)",1,96.58817567567564,42539
"(0.9429824561403508, 0.9692982456140352)",1,96.5877192982458,42540
"(0.8552631578947368, 0.9692982456140352)",1,96.5877192982458,42541
"(0.8245614035087719, 0.9692982456140352)",1,96.58771929824576,42542
"(0.8903508771929824, 0.9692982456140352)",1,96.58771929824576,42543
"(0.8640350877192983, 0.9692982456140352)",1,96.58771929824576,42544
"(0.7280701754385965, 0.9736842105263158)",1,96.58771929824556,42545
"(0.8421052631578947, 0.9736842105263158)",1,96.58771929824556,42546
"(0.5394736842105263, 0.9736842105263158)",1,96.58771929824556,42547
"(0.54625, 0.98)",1,96.5875,42548
"(0.975, 1.0)",2,96.5875,42550
"(0.9, 0.975)",3,96.58749999999988,42553
"(0.9375, 0.975)",1,96.58749999999988,42554
"(0.7875, 0.975)",1,96.58749999999988,42555
"(0.85, 0.975)",1,96.58749999999988,42556
"(0.925, 0.975)",2,96.58749999999986,42558
"(0.9, 0.975)",1,96.58749999999986,42559
"(0.6875, 0.975)",1,96.58749999999986,42560
"(0.875, 0.975)",1,96.58749999999986,42561
"(0.6321969696969697, 0.9984848484848484)",1,96.58712121212127,42562
"(0.4886363636363636, 1.0)",1,96.58712121212125,42563
"(0.5378787878787878, 1.0)",3,96.58636363636364,42566
"(0.7708333333333334, 1.0)",1,96.58636363636364,42567
"(0.58875, 0.9875)",1,96.58624999999996,42568
"(0.9357142857142856, 0.9714285714285714)",1,96.58571428571432,42569
"(0.4285714285714285, 0.9714285714285714)",1,96.5857142857143,42570
"(0.9428571428571428, 0.9714285714285714)",1,96.58571428571427,42571
"(0.9392857142857144, 0.9678571428571427)",1,96.58571428571426,42572
"(0.925, 0.9785714285714284)",1,96.5857142857142,42573
"(0.925, 0.9642857142857144)",1,96.58571428571416,42574
"(0.8535714285714285, 0.975)",1,96.58571428571416,42575
"(0.4761363636363636, 0.9946969696969696)",3,96.5856060606062,42578
"(0.7469594594594594, 0.9797297297297296)",1,96.58547297297297,42579
"(0.772972972972973, 0.9753378378378378)",1,96.58547297297297,42580
"(0.8091216216216216, 0.9787162162162162)",1,96.5851351351351,42581
"(0.5075, 0.99375)",1,96.58499999999998,42582
"(0.49875, 0.99)",2,96.5849999999999,42584
"(0.9037162162162162, 0.9773648648648648)",1,96.58479729729729,42585
"(0.8449324324324324, 0.9777027027027028)",1,96.58445945945948,42586
"(0.8135135135135135, 0.9743243243243244)",1,96.58378378378384,42587
"(0.4867424242424242, 0.9837121212121211)",1,96.58371212121216,42588
"(0.8472222222222222, 0.9722222222222222)",2,96.58333333333351,42590
"(0.8611111111111112, 0.9861111111111112)",1,96.58333333333351,42591
"(0.9027777777777778, 0.9861111111111112)",2,96.58333333333351,42593
"(0.8194444444444444, 0.9861111111111112)",1,96.58333333333351,42594
"(0.7149122807017544, 0.9692982456140352)",3,96.58333333333351,42597
"(0.8611111111111112, 0.9722222222222222)",1,96.58333333333351,42598
"(0.8888888888888888, 0.9722222222222222)",1,96.58333333333351,42599
"(0.9166666666666666, 0.9861111111111112)",1,96.58333333333351,42600
"(0.9027777777777778, 0.9722222222222222)",2,96.5833333333335,42602
"(0.8472222222222222, 0.9722222222222222)",1,96.5833333333335,42603
"(0.9166666666666666, 0.9722222222222222)",2,96.5833333333335,42605
"(0.6096491228070176, 0.9692982456140352)",1,96.5833333333335,42606
"(0.9305555555555556, 0.9722222222222222)",2,96.5833333333335,42608
"(0.875, 0.9722222222222222)",1,96.5833333333335,42609
"(0.8611111111111112, 0.9722222222222222)",1,96.5833333333335,42610
"(0.793859649122807, 0.9692982456140352)",3,96.5833333333335,42613
"(0.8333333333333334, 0.9722222222222222)",1,96.5833333333335,42614
"(0.868421052631579, 0.9692982456140352)",3,96.5833333333335,42617
"(0.6228070175438597, 0.9692982456140352)",1,96.5833333333335,42618
"(0.625, 0.9722222222222222)",1,96.5833333333335,42619
"(0.8464912280701754, 0.9692982456140352)",1,96.58333333333348,42620
"(0.8245614035087719, 0.9692982456140352)",1,96.58333333333348,42621
"(0.9, 0.9666666666666668)",1,96.58333333333348,42622
"(0.9416666666666668, 0.9833333333333332)",1,96.58333333333336,42623
"(0.9833333333333332, 0.9958333333333332)",1,96.58333333333336,42624
"(0.9027777777777778, 1.0)",1,96.58333333333334,42625
"(0.6944444444444444, 1.0)",1,96.58333333333334,42626
"(0.8333333333333334, 1.0)",1,96.58333333333334,42627
"(0.7083333333333334, 1.0)",1,96.58333333333331,42628
"(0.8055555555555556, 1.0)",1,96.58333333333331,42629
"(0.8611111111111112, 1.0)",1,96.58333333333331,42630
"(0.8728070175438597, 0.9912280701754386)",1,96.5833333333333,42631
"(0.9078947368421052, 0.9736842105263158)",1,96.58333333333329,42632
"(0.706140350877193, 0.9736842105263158)",1,96.58333333333329,42633
"(0.881578947368421, 0.9736842105263158)",1,96.58333333333329,42634
"(0.8991228070175439, 0.9649122807017544)",1,96.58333333333329,42635
"(0.8552631578947368, 0.9736842105263158)",2,96.58333333333329,42637
"(0.9333333333333332, 0.9916666666666668)",1,96.58333333333312,42638
"(0.5, 0.98875)",1,96.58249999999994,42639
"(0.8928571428571429, 0.9714285714285714)",1,96.5821428571429,42640
"(0.925, 0.9714285714285714)",1,96.58214285714286,42641
"(0.9357142857142856, 0.9678571428571427)",2,96.58214285714278,42643
"(0.8857142857142857, 0.9642857142857144)",1,96.5821428571427,42644
"(0.6756756756756757, 0.9739864864864864)",1,96.5817567567567,42645
"(0.4431818181818182, 0.9977272727272728)",3,96.58143939393943,42648
"(0.6068181818181818, 1.0)",3,96.5814393939394,42651
"(0.3023255813953488, 0.9767441860465116)",1,96.58139534883732,42652
"(0.686046511627907, 0.9767441860465116)",1,96.58139534883732,42653
"(0.5465116279069767, 0.9767441860465116)",1,96.58139534883732,42654
"(0.5116279069767442, 0.9767441860465116)",1,96.58139534883732,42655
"(0.9534883720930232, 0.9767441860465116)",1,96.5813953488373,42656
"(0.9186046511627908, 0.9767441860465116)",2,96.5813953488373,42658
"(0.8837209302325582, 0.9767441860465116)",1,96.5813953488373,42659
"(0.8604651162790697, 0.9767441860465116)",1,96.5813953488373,42660
"(0.8023255813953488, 0.9767441860465116)",1,96.5813953488373,42661
"(0.8604651162790697, 0.9767441860465116)",1,96.58139534883728,42662
"(0.8953488372093024, 0.9651162790697676)",1,96.58139534883703,42663
"(0.7906976744186046, 0.9651162790697676)",2,96.58139534883702,42665
"(0.50875, 0.9975)",1,96.58125000000015,42666
"(0.8462837837837838, 0.9783783783783784)",1,96.58108108108112,42667
"(0.8712837837837838, 0.9739864864864864)",2,96.58108108108104,42669
"(0.4674242424242424, 1.0)",3,96.5810606060606,42672
"(0.8108108108108109, 0.9780405405405406)",1,96.5804054054054,42673
"(0.5412878787878788, 1.0)",3,96.58030303030304,42676
"(0.7256756756756757, 0.9777027027027028)",1,96.58006756756755,42677
"(0.9037162162162162, 0.9743243243243244)",2,96.5800675675675,42679
"(0.4234848484848484, 1.0)",1,96.57954545454548,42680
"(0.9708333333333332, 0.9958333333333332)",1,96.57916666666677,42681
"(0.9791666666666666, 0.9958333333333332)",1,96.57916666666672,42682
"(0.7894736842105263, 0.9692982456140352)",1,96.57894736842124,42683
"(0.8421052631578947, 0.9692982456140352)",1,96.5789473684212,42684
"(0.8640350877192983, 0.9692982456140352)",1,96.5789473684212,42685
"(0.8114035087719298, 0.9736842105263158)",1,96.578947368421,42686
"(0.8552631578947368, 0.9736842105263158)",1,96.57894736842098,42687
"(0.8157894736842105, 0.9736842105263158)",3,96.57894736842098,42690
"(0.65375, 0.99125)",1,96.57874999999996,42691
"(0.46875, 0.98375)",1,96.57874999999996,42692
"(0.9285714285714286, 0.9714285714285714)",1,96.57857142857146,42693
"(0.925, 0.9714285714285714)",2,96.57857142857142,42695
"(0.95, 0.9678571428571427)",1,96.57857142857134,42696
"(0.8892857142857142, 0.9642857142857144)",1,96.57857142857128,42697
"(0.2696969696969697, 0.9988636363636364)",1,96.57840909090916,42698
"(0.4965909090909091, 1.0)",2,96.57840909090908,42700
"(0.5371212121212121, 1.0)",1,96.5780303030303,42701
"(0.4003787878787879, 0.9973484848484848)",1,96.57765151515162,42702
"(0.4571969696969697, 0.999621212121212)",1,96.57765151515156,42703
"(0.4674242424242424, 1.0)",1,96.57765151515152,42704
"(0.5025, 0.99875)",3,96.57750000000009,42707
"(0.51, 1.0)",1,96.57750000000009,42708
"(0.8023648648648649, 0.9699324324324324)",1,96.5773648648649,42709
"(0.8885135135135135, 0.9753378378378378)",1,96.57736486486483,42710
"(0.8712837837837838, 0.9753378378378378)",1,96.577027027027,42711
"(0.7692307692307693, 0.9743589743589745)",1,96.57692307692332,42712
"(0.4487179487179487, 0.9871794871794872)",1,96.57692307692322,42713
"(0.8076923076923077, 0.9871794871794872)",1,96.57692307692322,42714
"(0.7307692307692307, 0.9871794871794872)",3,96.5769230769232,42717
"(0.6410256410256411, 1.0)",1,96.57692307692308,42718
"(0.4049242424242424, 1.0)",1,96.57689393939393,42719
"(0.7763513513513514, 0.9682432432432432)",2,96.57668918918915,42721
"(0.7655405405405405, 0.9773648648648648)",1,96.57668918918914,42722
"(0.6325, 0.98625)",1,96.57624999999996,42723
"(0.4568181818181818, 0.9992424242424244)",1,96.5757575757576,42724
"(0.8527027027027027, 0.9743243243243244)",2,96.5756756756757,42726
"(0.8449324324324324, 0.9773648648648648)",1,96.5756756756756,42727
"(0.54125, 0.97125)",1,96.57500000000007,42728
"(0.53, 0.98375)",1,96.57500000000005,42729
"(0.9916666666666668, 0.9958333333333332)",1,96.57500000000005,42730
"(0.9357142857142856, 0.9714285714285714)",1,96.57500000000005,42731
"(0.9571428571428572, 0.9714285714285714)",1,96.57500000000005,42732
"(0.4285714285714285, 0.9714285714285714)",3,96.57500000000005,42735
"(0.9607142857142856, 0.9607142857142856)",3,96.57500000000002,42738
"(0.9607142857142856, 0.9785714285714284)",1,96.57500000000002,42739
"(0.9428571428571428, 0.9714285714285714)",1,96.57500000000002,42740
"(0.9666666666666668, 1.0)",2,96.575,42742
"(0.9357142857142856, 0.9714285714285714)",3,96.575,42745
"(0.9642857142857144, 0.9714285714285714)",1,96.575,42746
"(0.49, 0.985)",1,96.575,42747
"(0.95, 1.0)",2,96.57499999999996,42749
"(0.95, 0.9678571428571427)",1,96.57499999999996,42750
"(0.9392857142857144, 0.9714285714285714)",3,96.57499999999996,42753
"(0.9535714285714286, 0.9678571428571427)",1,96.57499999999992,42754
"(0.925, 0.975)",1,96.57499999999987,42755
"(0.4125, 0.975)",1,96.57499999999987,42756
"(0.9375, 0.975)",1,96.57499999999987,42757
"(0.8875, 0.975)",2,96.57499999999987,42759
"(0.875, 0.975)",1,96.57499999999987,42760
"(0.75, 0.975)",1,96.57499999999987,42761
"(0.9125, 0.975)",1,96.57499999999987,42762
"(0.9, 0.975)",3,96.57499999999987,42765
"(0.9035714285714286, 0.9678571428571427)",1,96.57499999999987,42766
"(0.8875, 0.975)",2,96.57499999999986,42768
"(0.7625, 0.975)",1,96.57499999999986,42769
"(0.6875, 0.975)",1,96.57499999999986,42770
"(0.7763513513513514, 0.9746621621621622)",1,96.57466216216211,42771
"(0.9131756756756756, 0.9780405405405406)",1,96.57466216216208,42772
"(0.7280701754385965, 0.9692982456140352)",1,96.57456140350897,42773
"(0.868421052631579, 0.9692982456140352)",1,96.57456140350892,42774
"(0.6929824561403509, 0.9912280701754386)",3,96.57456140350877,42777
"(0.8552631578947368, 0.9736842105263158)",3,96.57456140350872,42780
"(0.6929824561403509, 0.9736842105263158)",3,96.57456140350872,42783
"(0.868421052631579, 0.9736842105263158)",1,96.57456140350872,42784
"(0.881578947368421, 0.9736842105263158)",1,96.57456140350872,42785
"(0.706140350877193, 0.9736842105263158)",3,96.57456140350872,42788
"(0.8991228070175439, 0.9736842105263158)",1,96.57456140350872,42789
"(0.6885964912280702, 0.9736842105263158)",1,96.57456140350872,42790
"(0.8903508771929824, 0.9736842105263158)",1,96.57456140350872,42791
"(0.6284090909090909, 1.0)",3,96.57424242424244,42794
"(0.2356060606060606, 0.9965909090909092)",1,96.57310606060614,42795
"(0.8891891891891892, 0.979054054054054)",3,96.57263513513526,42798
"(0.902027027027027, 0.9777027027027028)",1,96.5726351351352,42799
"(0.8672297297297298, 0.9753378378378378)",1,96.5726351351351,42800
"(0.55, 0.9875)",2,96.57249999999988,42802
"(0.8023648648648649, 0.977027027027027)",1,96.57229729729728,42803
"(0.9571428571428572, 0.9678571428571427)",1,96.57142857142853,42804
"(0.9035714285714286, 0.9642857142857144)",3,96.57142857142846,42807
"(0.8587837837837838, 0.9743243243243244)",2,96.57128378378376,42809
"(0.4659090909090909, 1.0)",3,96.57121212121211,42812
"(0.9541666666666668, 0.9958333333333332)",1,96.5708333333334,42813
"(0.9791666666666666, 0.9958333333333332)",1,96.5708333333334,42814
"(0.9791666666666666, 0.9958333333333332)",2,96.57083333333335,42816
"(0.9958333333333332, 0.9958333333333332)",1,96.57083333333335,42817
"(0.9958333333333332, 0.9958333333333332)",1,96.57083333333335,42818
"(0.9791666666666666, 1.0)",1,96.5708333333333,42819
"(0.6068181818181818, 1.0)",1,96.57045454545457,42820
"(0.8903508771929824, 0.9692982456140352)",1,96.57017543859666,42821
"(0.8640350877192983, 0.9692982456140352)",1,96.57017543859666,42822
"(0.8289473684210527, 0.9692982456140352)",3,96.57017543859664,42825
"(0.9429824561403508, 0.9912280701754386)",2,96.57017543859646,42827
"(0.7719298245614035, 0.9736842105263158)",1,96.57017543859644,42828
"(0.8771929824561403, 0.9736842105263158)",1,96.57017543859644,42829
"(0.9035087719298246, 0.9912280701754386)",1,96.57017543859644,42830
"(0.8245614035087719, 0.9736842105263158)",3,96.57017543859644,42833
"(0.8596491228070176, 0.9736842105263158)",2,96.57017543859644,42835
"(0.8640350877192983, 0.9736842105263158)",3,96.57017543859644,42838
"(0.7280701754385965, 0.9736842105263158)",1,96.57017543859642,42839
"(0.8947368421052632, 0.9736842105263158)",3,96.57017543859642,42842
"(0.52125, 0.98625)",1,96.56999999999992,42843
"(0.49625, 0.98625)",2,96.56999999999992,42845
"(0.8091216216216216, 0.979054054054054)",1,96.56993243243242,42846
"(0.813953488372093, 0.9767441860465116)",1,96.56976744186058,42847
"(0.5232558139534884, 0.9767441860465116)",1,96.56976744186058,42848
"(0.3953488372093023, 0.9767441860465116)",1,96.56976744186058,42849
"(0.6744186046511628, 0.9767441860465116)",1,96.56976744186058,42850
"(0.8604651162790697, 0.9767441860465116)",1,96.56976744186056,42851
"(0.7906976744186046, 0.9767441860465116)",1,96.56976744186056,42852
"(0.8023255813953488, 0.9767441860465116)",2,96.56976744186056,42854
"(0.9186046511627908, 0.9767441860465116)",2,96.56976744186056,42856
"(0.5930232558139535, 0.9767441860465116)",1,96.56976744186056,42857
"(0.4767441860465116, 0.9767441860465116)",1,96.56976744186056,42858
"(0.8023255813953488, 0.9767441860465116)",1,96.56976744186056,42859
"(0.8837209302325582, 0.9767441860465116)",1,96.56976744186056,42860
"(0.6046511627906976, 0.9767441860465116)",2,96.56976744186056,42862
"(0.8953488372093024, 0.9651162790697676)",2,96.5697674418603,42864
"(0.5337121212121212, 1.0)",1,96.56969696969698,42865
"(0.8033783783783783, 0.9756756756756756)",1,96.5695945945946,42866
"(0.5689189189189189, 0.9783783783783784)",1,96.5695945945946,42867
"(0.8194444444444444, 0.9722222222222222)",1,96.56944444444464,42868
"(0.7222222222222222, 0.9722222222222222)",3,96.56944444444464,42871
"(0.8472222222222222, 0.9722222222222222)",1,96.56944444444464,42872
"(0.8611111111111112, 0.9861111111111112)",1,96.56944444444464,42873
"(0.9166666666666666, 0.9722222222222222)",1,96.56944444444464,42874
"(0.8194444444444444, 0.9861111111111112)",3,96.56944444444464,42877
"(0.9027777777777778, 0.9861111111111112)",1,96.56944444444464,42878
"(0.8888888888888888, 0.9722222222222222)",1,96.56944444444464,42879
"(0.8472222222222222, 0.9722222222222222)",2,96.5694444444446,42881
"(0.9305555555555556, 0.9722222222222222)",1,96.5694444444446,42882
"(0.875, 0.9722222222222222)",2,96.5694444444446,42884
"(0.8055555555555556, 0.9722222222222222)",1,96.5694444444446,42885
"(0.625, 0.9722222222222222)",3,96.5694444444446,42888
"(0.9027777777777778, 0.9722222222222222)",1,96.5694444444446,42889
"(0.7083333333333334, 0.9722222222222222)",1,96.5694444444446,42890
"(0.8611111111111112, 0.9722222222222222)",3,96.5694444444446,42893
"(0.8333333333333334, 0.9722222222222222)",3,96.5694444444446,42896
"(0.75, 0.9722222222222222)",1,96.5694444444446,42897
"(0.5402027027027027, 0.975)",2,96.56925675675672,42899
"(0.3102272727272727, 0.9984848484848484)",1,96.5689393939395,42900
"(0.478030303030303, 0.999621212121212)",1,96.56893939393942,42901
"(0.415, 0.98625)",1,96.56875,42902
"(0.8445945945945946, 0.9756756756756756)",1,96.56858108108106,42903
"(0.8445945945945946, 0.9777027027027028)",1,96.56858108108104,42904
"(0.4621212121212121, 1.0)",3,96.5685606060606,42907
"(0.9135135135135136, 0.9753378378378378)",1,96.56824324324326,42908
"(0.9642857142857144, 0.9714285714285714)",1,96.56785714285718,42909
"(0.9535714285714286, 0.9607142857142856)",1,96.56785714285716,42910
"(0.9571428571428572, 0.9714285714285714)",1,96.56785714285712,42911
"(0.9142857142857144, 0.9678571428571427)",1,96.5678571428571,42912
"(0.7392857142857143, 0.9678571428571427)",1,96.5678571428571,42913
"(0.9642857142857144, 0.9678571428571427)",3,96.56785714285706,42916
"(0.9464285714285714, 0.9785714285714284)",1,96.56785714285704,42917
"(0.95, 0.9678571428571427)",1,96.56785714285704,42918
"(0.4285714285714285, 0.9678571428571427)",3,96.56785714285704,42921
"(0.9392857142857144, 0.9678571428571427)",1,96.56785714285702,42922
"(0.8964285714285715, 0.975)",1,96.56785714285698,42923
"(0.8263513513513514, 0.979054054054054)",1,96.56756756756758,42924
"(0.6765151515151515, 0.9977272727272728)",1,96.56742424242434,42925
"(0.4625, 1.0)",1,96.56704545454544,42926
"(0.8462837837837838, 0.9760135135135136)",1,96.56689189189188,42927
"(0.7166666666666667, 0.9666666666666668)",1,96.56666666666682,42928
"(0.9, 0.9666666666666668)",1,96.56666666666682,42929
"(0.975, 0.9958333333333332)",1,96.5666666666668,42930
"(0.9833333333333332, 0.9958333333333332)",1,96.56666666666676,42931
"(0.9583333333333334, 0.9958333333333332)",1,96.56666666666672,42932
"(0.9166666666666666, 0.9833333333333332)",2,96.56666666666672,42934
"(0.9791666666666666, 0.9958333333333332)",2,96.56666666666668,42936
"(0.9333333333333332, 1.0)",1,96.56666666666666,42937
"(0.8166666666666667, 1.0)",1,96.56666666666666,42938
"(0.9541666666666668, 0.975)",1,96.5666666666665,42939
"(0.3348484848484848, 1.0)",3,96.56628787878788,42942
"(0.7325757575757575, 1.0)",2,96.56628787878788,42944
"(0.5, 0.9975)",1,96.56625000000014,42945
"(0.47625, 0.98875)",1,96.56625000000004,42946
"(0.4984848484848485, 1.0)",1,96.5659090909091,42947
"(0.5635135135135135, 0.9743243243243244)",1,96.56587837837836,42948
"(0.7256756756756757, 0.9766891891891892)",1,96.56587837837836,42949
"(0.6228070175438597, 0.9692982456140352)",1,96.5657894736844,42950
"(0.7412280701754386, 0.9692982456140352)",1,96.56578947368438,42951
"(0.868421052631579, 0.9692982456140352)",1,96.56578947368438,42952
"(0.8552631578947368, 0.9692982456140352)",2,96.56578947368438,42954
"(0.7763157894736842, 0.9912280701754386)",1,96.5657894736842,42955
"(0.7456140350877193, 0.9736842105263158)",1,96.56578947368416,42956
"(0.5921052631578947, 0.9736842105263158)",3,96.56578947368416,42959
"(0.8333333333333334, 0.9736842105263158)",1,96.56578947368416,42960
"(0.6798245614035088, 0.9736842105263158)",1,96.56578947368416,42961
"(0.8596491228070176, 0.9736842105263158)",1,96.56578947368416,42962
"(0.8952702702702703, 0.9722972972972972)",1,96.56554054054058,42963
"(0.9300675675675676, 0.9733108108108108)",1,96.5652027027027,42964
"(0.9037162162162162, 0.9777027027027028)",1,96.564527027027,42965
"(0.4897727272727272, 1.0)",1,96.56439393939397,42966
"(0.9607142857142856, 0.9714285714285714)",1,96.56428571428576,42967
"(0.9464285714285714, 0.9714285714285714)",1,96.56428571428576,42968
"(0.95, 0.9714285714285714)",3,96.56428571428572,42971
"(0.925, 0.9714285714285714)",1,96.5642857142857,42972
"(0.95, 0.9678571428571427)",1,96.56428571428565,42973
"(0.9642857142857144, 0.9785714285714284)",1,96.56428571428565,42974
"(0.9642857142857144, 0.9642857142857144)",3,96.5642857142856,42977
"(0.8964285714285715, 0.9642857142857144)",3,96.56428571428556,42980
"(0.9277027027027028, 0.9753378378378378)",2,96.56418918918912,42982
"(0.4871794871794871, 0.9871794871794872)",1,96.56410256410273,42983
"(0.6794871794871795, 0.9871794871794872)",1,96.5641025641027,42984
"(0.8076923076923077, 0.9871794871794872)",1,96.5641025641027,42985
"(0.7307692307692307, 0.9871794871794872)",1,96.5641025641027,42986
"(0.6538461538461539, 0.9871794871794872)",1,96.5641025641027,42987
"(0.6681818181818182, 1.0)",1,96.56363636363636,42988
"(0.8891891891891892, 0.979054054054054)",1,96.56351351351358,42989
"(0.6881756756756757, 0.9783783783783784)",1,96.56317567567564,42990
"(0.3579545454545454, 0.9886363636363636)",1,96.56287878787874,42991
"(0.7655405405405405, 0.9743243243243244)",1,96.5628378378378,42992
"(0.8712837837837838, 0.979054054054054)",3,96.56250000000009,42995
"(0.9833333333333332, 0.9958333333333332)",1,96.56250000000009,42996
"(0.9875, 0.9958333333333332)",1,96.56250000000006,42997
"(0.9625, 0.9958333333333332)",1,96.56250000000004,42998
"(0.9875, 0.9958333333333332)",1,96.56250000000004,42999
"(0.8625, 0.9958333333333332)",1,96.56250000000004,43000
"(0.975, 0.9958333333333332)",1,96.56250000000004,43001
"(0.975, 0.9958333333333332)",1,96.5625,43002
"(0.925, 0.975)",3,96.56249999999989,43005
"(0.95, 0.975)",1,96.56249999999989,43006
"(0.8875, 0.975)",1,96.56249999999989,43007
"(0.4875, 0.975)",1,96.56249999999989,43008
"(0.9, 0.975)",1,96.56249999999989,43009
"(0.7625, 0.975)",2,96.56249999999989,43011
"(0.4975, 0.98625)",1,96.56249999999989,43012
"(0.8375, 0.975)",2,96.56249999999989,43014
"(0.875, 0.975)",1,96.56249999999986,43015
"(0.50875, 0.9875)",3,96.56249999999984,43018
"(0.4606060606060606, 1.0)",3,96.56174242424242,43021
"(0.8903508771929824, 0.9692982456140352)",1,96.5614035087721,43022
"(0.8552631578947368, 0.9692982456140352)",1,96.56140350877207,43023
"(0.8464912280701754, 0.9692982456140352)",1,96.56140350877207,43024
"(0.9078947368421052, 0.9912280701754386)",2,96.5614035087719,43026
"(0.8333333333333334, 0.9736842105263158)",3,96.56140350877187,43029
"(0.6578947368421053, 0.9736842105263158)",1,96.56140350877187,43030
"(0.8640350877192983, 0.9736842105263158)",1,96.56140350877187,43031
"(0.8114035087719298, 0.9736842105263158)",1,96.56140350877187,43032
"(0.8026315789473685, 0.9736842105263158)",1,96.56140350877186,43033
"(0.49375, 0.99125)",1,96.56125000000004,43034
"(0.9357142857142856, 0.9714285714285714)",1,96.56071428571433,43035
"(0.9285714285714286, 0.9714285714285714)",3,96.56071428571433,43038
"(0.9357142857142856, 0.9678571428571427)",1,96.56071428571428,43039
"(0.9607142857142856, 0.9678571428571427)",3,96.56071428571428,43042
"(0.9464285714285714, 0.9678571428571427)",1,96.56071428571424,43043
"(0.95, 0.9678571428571427)",1,96.56071428571424,43044
"(0.8091216216216216, 0.9726351351351352)",1,96.56047297297305,43045
"(0.4378787878787878, 0.9984848484848484)",1,96.5598484848486,43046
"(0.228030303030303, 0.999621212121212)",1,96.55984848484852,43047
"(0.7746621621621622, 0.9753378378378378)",1,96.55945945945945,43048
"(0.831081081081081, 0.9743243243243244)",2,96.55878378378377,43050
"(0.4675, 0.99)",1,96.55874999999992,43051
"(0.4674242424242424, 1.0)",1,96.55871212121214,43052
"(0.9625, 0.9958333333333332)",2,96.5583333333334,43054
"(0.3534090909090909, 0.9988636363636364)",1,96.55833333333337,43055
"(0.975, 1.0)",1,96.5583333333333,43056
"(0.8125, 0.975)",1,96.55833333333317,43057
"(0.8023255813953488, 0.9767441860465116)",1,96.55813953488384,43058
"(0.5465116279069767, 0.9767441860465116)",1,96.55813953488384,43059
"(0.8604651162790697, 0.9767441860465116)",2,96.55813953488384,43061
"(0.9418604651162792, 0.9767441860465116)",1,96.55813953488384,43062
"(0.8255813953488372, 0.9767441860465116)",1,96.55813953488384,43063
"(0.5465116279069767, 0.9767441860465116)",1,96.55813953488382,43064
"(0.6511627906976745, 0.9767441860465116)",1,96.55813953488382,43065
"(0.8953488372093024, 0.9767441860465116)",1,96.55813953488382,43066
"(0.5116279069767442, 0.9767441860465116)",3,96.55813953488382,43069
"(0.6744186046511628, 0.9767441860465116)",1,96.55813953488382,43070
"(0.8604651162790697, 0.9767441860465116)",2,96.55813953488382,43072
"(0.8023255813953488, 0.9767441860465116)",3,96.5581395348838,43075
"(0.8604651162790697, 0.9651162790697676)",1,96.55813953488357,43076
"(0.9767441860465116, 0.9651162790697676)",1,96.55813953488357,43077
"(0.8091216216216216, 0.9766891891891892)",1,96.55810810810812,43078
"(0.4689393939393939, 1.0)",1,96.55795454545456,43079
"(0.902027027027027, 0.9780405405405406)",1,96.55743243243252,43080
"(0.5579545454545455, 1.0)",1,96.55719696969696,43081
"(0.9357142857142856, 0.9714285714285714)",1,96.55714285714288,43082
"(0.9464285714285714, 0.9714285714285714)",3,96.55714285714288,43085
"(0.9571428571428572, 0.9678571428571427)",1,96.55714285714284,43086
"(0.9428571428571428, 0.9571428571428572)",1,96.55714285714278,43087
"(0.9131756756756756, 0.9773648648648648)",1,96.55709459459452,43088
"(0.8245614035087719, 0.9692982456140352)",1,96.55701754385984,43089
"(0.7412280701754386, 0.9692982456140352)",1,96.55701754385984,43090
"(0.8157894736842105, 0.9692982456140352)",1,96.5570175438598,43091
"(0.8903508771929824, 0.9692982456140352)",1,96.5570175438598,43092
"(0.6929824561403509, 0.9912280701754386)",3,96.55701754385964,43095
"(0.7105263157894737, 0.9912280701754386)",1,96.55701754385962,43096
"(0.7763157894736842, 0.9912280701754386)",2,96.55701754385962,43098
"(0.6228070175438597, 0.9736842105263158)",3,96.5570175438596,43101
"(0.7412280701754386, 0.9736842105263158)",1,96.5570175438596,43102
"(0.8289473684210527, 0.9736842105263158)",1,96.5570175438596,43103
"(0.5106060606060606, 0.9893939393939394)",1,96.55643939393936,43104
"(0.6525, 0.9975)",1,96.55625000000002,43105
"(0.789527027027027, 0.9739864864864864)",1,96.55574324324326,43106
"(0.8194444444444444, 0.9861111111111112)",1,96.55555555555576,43107
"(0.8611111111111112, 0.9861111111111112)",1,96.55555555555576,43108
"(0.9166666666666666, 0.9861111111111112)",1,96.55555555555576,43109
"(0.8888888888888888, 0.9861111111111112)",1,96.55555555555576,43110
"(0.7638888888888888, 0.9861111111111112)",1,96.55555555555576,43111
"(0.9166666666666666, 0.9861111111111112)",2,96.55555555555574,43113
"(0.8611111111111112, 0.9861111111111112)",1,96.55555555555574,43114
"(0.875, 0.9861111111111112)",1,96.55555555555574,43115
"(0.5972222222222222, 0.9861111111111112)",1,96.55555555555574,43116
"(0.7916666666666666, 0.9722222222222222)",2,96.55555555555571,43118
"(0.9027777777777778, 0.9722222222222222)",1,96.55555555555571,43119
"(0.8611111111111112, 0.9722222222222222)",1,96.55555555555571,43120
"(0.75, 0.9722222222222222)",1,96.55555555555571,43121
"(0.8888888888888888, 0.9722222222222222)",1,96.55555555555571,43122
"(0.625, 0.9722222222222222)",4,96.55555555555571,43126
"(0.7222222222222222, 0.9722222222222222)",2,96.55555555555571,43128
"(0.9305555555555556, 0.9722222222222222)",4,96.55555555555571,43132
"(0.8472222222222222, 0.9722222222222222)",5,96.55555555555571,43137
"(0.9166666666666666, 0.9722222222222222)",1,96.55555555555571,43138
"(0.8333333333333334, 0.9722222222222222)",4,96.55555555555571,43142
"(0.8194444444444444, 0.9722222222222222)",2,96.55555555555571,43144
"(0.7083333333333334, 0.9722222222222222)",1,96.55555555555571,43145
"(0.875, 1.0)",1,96.55555555555556,43146
"(0.8194444444444444, 1.0)",1,96.55555555555556,43147
"(0.7083333333333334, 1.0)",1,96.55555555555556,43148
"(0.8108108108108109, 0.979054054054054)",1,96.55540540540548,43149
"(0.8462837837837838, 0.9753378378378378)",1,96.55540540540537,43150
"(0.5037878787878788, 1.0)",1,96.55530303030304,43151
"(0.8780405405405406, 0.9787162162162162)",1,96.55506756756752,43152
"(0.6425, 0.99)",1,96.55499999999996,43153
"(0.50625, 0.99)",1,96.55499999999986,43154
"(0.7655405405405405, 0.9787162162162162)",1,96.55472972972974,43155
"(0.9111486486486486, 0.9756756756756756)",2,96.55472972972964,43157
"(0.4242424242424242, 0.9965909090909092)",1,96.55454545454558,43158
"(0.5442567567567568, 0.9739864864864864)",2,96.55439189189192,43160
"(1.0, 0.9958333333333332)",1,96.55416666666676,43161
"(0.9875, 0.9958333333333332)",1,96.55416666666672,43162
"(0.9875, 0.9958333333333332)",1,96.5541666666667,43163
"(0.9708333333333332, 0.9958333333333332)",1,96.55416666666667,43164
"(0.9083333333333332, 0.975)",1,96.5541666666665,43165
"(0.8449324324324324, 0.9746621621621622)",2,96.5540540540541,43167
"(0.4791666666666667, 0.9977272727272728)",1,96.55378787878796,43168
"(0.50625, 0.99)",1,96.5537499999999,43169
"(0.50375, 0.99)",1,96.5537499999999,43170
"(0.9571428571428572, 0.9714285714285714)",1,96.55357142857147,43171
"(0.9428571428571428, 0.9607142857142856)",1,96.55357142857146,43172
"(0.95, 0.9714285714285714)",1,96.55357142857146,43173
"(0.9428571428571428, 0.9714285714285714)",1,96.55357142857144,43174
"(0.9607142857142856, 0.9678571428571427)",1,96.5535714285714,43175
"(0.9428571428571428, 0.975)",1,96.55357142857132,43176
"(0.9607142857142856, 0.975)",1,96.55357142857132,43177
"(0.9321428571428572, 0.9642857142857144)",1,96.5535714285713,43178
"(0.9285714285714286, 0.975)",1,96.55357142857127,43179
"(0.9357142857142856, 0.9642857142857144)",1,96.55357142857127,43180
"(0.9354729729729728, 0.9726351351351352)",1,96.55304054054054,43181
"(0.9111486486486486, 0.9783783783783784)",1,96.55270270270272,43182
"(0.4943181818181818, 0.9950757575757576)",3,96.55265151515164,43185
"(0.8289473684210527, 0.9692982456140352)",1,96.55263157894754,43186
"(0.8903508771929824, 0.9692982456140352)",1,96.55263157894754,43187
"(0.75, 0.9692982456140352)",1,96.55263157894754,43188
"(0.881578947368421, 0.9780701754385964)",3,96.55263157894754,43191
"(0.8947368421052632, 0.9692982456140352)",1,96.55263157894753,43192
"(0.925438596491228, 0.9912280701754386)",1,96.55263157894734,43193
"(0.8289473684210527, 0.9736842105263158)",3,96.55263157894731,43196
"(0.868421052631579, 0.9736842105263158)",1,96.55263157894731,43197
"(0.9078947368421052, 0.9736842105263158)",3,96.55263157894731,43200
"(0.6885964912280702, 0.9736842105263158)",3,96.55263157894731,43203
"(0.9166666666666666, 0.9736842105263158)",1,96.55263157894731,43204
"(0.7894736842105263, 0.9736842105263158)",2,96.55263157894731,43206
"(0.49625, 0.9925)",1,96.55250000000012,43207
"(0.49875, 0.99125)",1,96.55249999999982,43208
"(0.471969696969697, 0.9977272727272728)",1,96.551893939394,43209
"(0.8513513513513513, 0.9722972972972972)",1,96.55168918918918,43210
"(0.4615384615384615, 0.9871794871794872)",1,96.5512820512822,43211
"(0.7307692307692307, 0.9871794871794872)",1,96.5512820512822,43212
"(0.5939189189189189, 0.9746621621621622)",2,96.55101351351344,43214
"(0.4897727272727272, 0.9943181818181818)",2,96.55075757575769,43216
"(0.5761363636363637, 1.0)",1,96.5507575757576,43217
"(0.4496212121212121, 0.9973484848484848)",1,96.55037878787888,43218
"(0.9666666666666668, 0.9666666666666668)",1,96.55000000000015,43219
"(0.9642857142857144, 0.9714285714285714)",3,96.55000000000004,43222
"(0.9357142857142856, 0.9714285714285714)",2,96.55000000000004,43224
"(0.9607142857142856, 0.9714285714285714)",1,96.55000000000004,43225
"(0.9625, 0.9958333333333332)",1,96.55000000000004,43226
"(0.9791666666666666, 0.9958333333333332)",1,96.55000000000004,43227
"(0.9321428571428572, 0.9607142857142856)",3,96.55000000000004,43230
"(0.6337121212121212, 1.0)",1,96.55000000000004,43231
"(0.9035714285714286, 0.9714285714285714)",1,96.55000000000004,43232
"(0.9428571428571428, 0.9607142857142856)",1,96.55,43233
"(0.75, 1.0)",1,96.55,43234
"(0.9607142857142856, 0.9678571428571427)",3,96.54999999999995,43237
"(0.875, 0.9678571428571427)",1,96.54999999999995,43238
"(0.7625, 0.975)",1,96.54999999999988,43239
"(0.75, 0.975)",1,96.54999999999988,43240
"(0.9, 0.975)",2,96.54999999999988,43242
"(0.4285714285714285, 0.975)",1,96.54999999999988,43243
"(0.925, 0.975)",1,96.54999999999988,43244
"(0.85, 0.975)",1,96.54999999999988,43245
"(0.925, 0.975)",1,96.54999999999988,43246
"(0.8875, 0.975)",3,96.54999999999988,43249
"(0.8875, 0.975)",1,96.54999999999988,43250
"(0.8402027027027027, 0.9780405405405406)",1,96.54932432432436,43251
"(0.49375, 0.9925)",1,96.54875000000013,43252
"(0.4579545454545454, 0.9973484848484848)",1,96.54848484848496,43253
"(0.8596491228070176, 0.9692982456140352)",1,96.54824561403524,43254
"(0.75, 0.9692982456140352)",1,96.54824561403524,43255
"(0.7894736842105263, 0.9692982456140352)",1,96.54824561403524,43256
"(0.868421052631579, 0.9692982456140352)",1,96.54824561403524,43257
"(0.9078947368421052, 0.9736842105263158)",3,96.54824561403504,43260
"(0.75, 0.9736842105263158)",1,96.54824561403504,43261
"(0.6578947368421053, 0.9736842105263158)",1,96.54824561403504,43262
"(0.706140350877193, 0.9736842105263158)",1,96.54824561403504,43263
"(0.8026315789473685, 0.9736842105263158)",1,96.54824561403504,43264
"(0.925438596491228, 0.9736842105263158)",1,96.54824561403504,43265
"(0.7894736842105263, 0.9736842105263158)",1,96.54824561403504,43266
"(0.8108108108108109, 0.9763513513513512)",1,96.54763513513512,43267
"(0.49375, 0.99625)",1,96.5475000000002,43268
"(0.64, 0.98375)",1,96.54750000000004,43269
"(0.66125, 0.9925)",1,96.5475,43270
"(0.7246212121212121, 0.9992424242424244)",1,96.54696969696973,43271
"(0.3023255813953488, 0.9767441860465116)",1,96.5465116279071,43272
"(0.9534883720930232, 0.9767441860465116)",1,96.5465116279071,43273
"(0.5697674418604651, 0.9767441860465116)",2,96.54651162790708,43275
"(0.8604651162790697, 0.9767441860465116)",2,96.54651162790708,43277
"(0.8953488372093024, 0.9767441860465116)",1,96.54651162790708,43278
"(0.6976744186046512, 0.9767441860465116)",2,96.54651162790708,43280
"(0.8023255813953488, 0.9767441860465116)",1,96.54651162790708,43281
"(0.8837209302325582, 0.9767441860465116)",1,96.54651162790708,43282
"(0.9186046511627908, 0.9767441860465116)",1,96.54651162790708,43283
"(0.7790697674418605, 0.9767441860465116)",2,96.54651162790708,43285
"(0.9767441860465116, 0.9651162790697676)",1,96.5465116279068,43286
"(0.8488372093023255, 0.9651162790697676)",1,96.5465116279068,43287
"(0.8837209302325582, 0.9651162790697676)",1,96.5465116279068,43288
"(0.9464285714285714, 0.9714285714285714)",1,96.54642857142858,43289
"(0.7392857142857143, 0.9607142857142856)",1,96.54642857142858,43290
"(0.9178571428571428, 0.9714285714285714)",1,96.54642857142856,43291
"(0.9535714285714286, 0.9607142857142856)",1,96.54642857142856,43292
"(0.9428571428571428, 0.9678571428571427)",3,96.54642857142852,43295
"(0.9678571428571427, 0.9678571428571427)",1,96.54642857142852,43296
"(0.8964285714285715, 0.9785714285714284)",1,96.54642857142848,43297
"(0.9107142857142856, 0.975)",1,96.54642857142844,43298
"(0.67125, 0.99375)",1,96.54625,43299
"(0.625, 0.9875)",3,96.54624999999984,43302
"(0.9291666666666668, 0.9833333333333332)",1,96.54583333333338,43303
"(0.9708333333333332, 0.9958333333333332)",1,96.54583333333336,43304
"(0.4674242424242424, 1.0)",3,96.54545454545456,43307
"(0.902027027027027, 0.9743243243243244)",2,96.54527027027024,43309
"(0.768918918918919, 0.977027027027027)",1,96.54527027027018,43310
"(0.471969696969697, 0.9988636363636364)",1,96.54507575757582,43311
"(0.3875, 0.9984848484848484)",1,96.5450757575758,43312
"(0.66375, 0.98875)",1,96.54499999999992,43313
"(0.4579545454545454, 0.9977272727272728)",1,96.54469696969706,43314
"(0.6765151515151515, 0.9977272727272728)",1,96.54431818181824,43315
"(0.4568181818181818, 1.0)",3,96.54431818181816,43318
"(0.6954545454545454, 0.999621212121212)",1,96.5439393939394,43319
"(0.635472972972973, 0.9733108108108108)",2,96.54391891891892,43321
"(0.6847972972972973, 0.979054054054054)",1,96.54391891891892,43322
"(0.8552631578947368, 0.9692982456140352)",1,96.54385964912296,43323
"(0.9078947368421052, 0.9736842105263158)",1,96.54385964912277,43324
"(0.9078947368421052, 0.9736842105263158)",1,96.54385964912277,43325
"(0.67875, 0.99)",1,96.54374999999996,43326
"(0.49625, 0.98625)",1,96.54374999999992,43327
"(0.9135135135135136, 0.9777027027027028)",3,96.54358108108102,43330
"(0.5034090909090909, 0.9977272727272728)",1,96.5435606060607,43331
"(0.9571428571428572, 0.9714285714285714)",1,96.5428571428572,43332
"(0.925, 0.9714285714285714)",1,96.5428571428572,43333
"(0.9678571428571427, 0.9607142857142856)",2,96.54285714285712,43335
"(0.9535714285714286, 0.9714285714285714)",1,96.54285714285712,43336
"(0.8357142857142857, 0.9714285714285714)",1,96.54285714285712,43337
"(0.9607142857142856, 0.9678571428571427)",1,96.54285714285712,43338
"(0.4285714285714285, 0.9714285714285714)",3,96.54285714285712,43341
"(0.95, 0.9678571428571427)",1,96.5428571428571,43342
"(0.8892857142857142, 0.9678571428571427)",1,96.54285714285707,43343
"(0.9464285714285714, 0.9678571428571427)",1,96.54285714285707,43344
"(0.9607142857142856, 0.9678571428571427)",1,96.54285714285707,43345
"(0.9607142857142856, 0.9642857142857144)",1,96.54285714285707,43346
"(0.9464285714285714, 0.9678571428571427)",3,96.54285714285706,43349
"(0.9464285714285714, 0.975)",1,96.54285714285705,43350
"(0.9571428571428572, 0.9642857142857144)",1,96.54285714285702,43351
"(0.505, 0.99875)",1,96.54250000000006,43352
"(0.62125, 0.98375)",1,96.5425,43353
"(0.8472972972972973, 0.9753378378378378)",2,96.54222972972966,43355
"(0.9277027027027028, 0.9763513513513512)",1,96.54189189189186,43356
"(0.7777777777777778, 0.9861111111111112)",2,96.54166666666686,43358
"(0.9166666666666666, 0.9861111111111112)",1,96.54166666666686,43359
"(0.9027777777777778, 0.9861111111111112)",1,96.54166666666686,43360
"(0.8333333333333334, 0.9861111111111112)",1,96.54166666666686,43361
"(0.8611111111111112, 0.9861111111111112)",3,96.54166666666686,43364
"(0.8611111111111112, 0.9722222222222222)",1,96.54166666666684,43365
"(0.8333333333333334, 0.9722222222222222)",5,96.54166666666684,43370
"(0.8194444444444444, 0.9722222222222222)",1,96.54166666666684,43371
"(0.6944444444444444, 0.9722222222222222)",2,96.54166666666684,43373
"(0.7222222222222222, 0.9722222222222222)",1,96.54166666666684,43374
"(0.7916666666666666, 0.9722222222222222)",1,96.54166666666684,43375
"(0.625, 0.9722222222222222)",2,96.54166666666684,43377
"(0.9166666666666666, 0.9722222222222222)",2,96.54166666666684,43379
"(0.8472222222222222, 0.9722222222222222)",2,96.54166666666684,43381
"(0.875, 0.9722222222222222)",3,96.54166666666684,43384
"(0.9305555555555556, 0.9722222222222222)",1,96.54166666666684,43385
"(0.9875, 0.9958333333333332)",1,96.54166666666671,43386
"(0.9583333333333334, 0.9958333333333332)",1,96.5416666666667,43387
"(0.7083333333333334, 1.0)",1,96.54166666666669,43388
"(0.2875, 0.9856060606060606)",1,96.54166666666666,43389
"(0.9125, 0.975)",1,96.54166666666646,43390
"(0.4537878787878788, 0.9958333333333332)",3,96.54128787878804,43393
"(0.7246212121212121, 0.999621212121212)",1,96.54090909090915,43394
"(0.5647727272727273, 1.0)",3,96.5409090909091,43397
"(0.5378787878787878, 1.0)",1,96.5409090909091,43398
"(0.7875, 0.9719594594594596)",1,96.5405405405406,43399
"(0.8608108108108108, 0.9773648648648648)",1,96.54054054054056,43400
"(0.75, 0.9743243243243244)",1,96.54054054054052,43401
"(0.635472972972973, 0.9736486486486486)",1,96.5405405405405,43402
"(0.8412162162162162, 0.9777027027027028)",3,96.54020270270269,43405
"(0.9111486486486486, 0.9760135135135136)",1,96.54020270270264,43406
"(0.902027027027027, 0.9760135135135136)",2,96.5402027027026,43408
"(0.49625, 0.99625)",1,96.54000000000018,43409
"(0.8333333333333334, 0.9692982456140352)",1,96.5394736842107,43410
"(0.8377192982456141, 0.9692982456140352)",1,96.53947368421068,43411
"(0.8728070175438597, 0.9692982456140352)",3,96.53947368421068,43414
"(0.868421052631579, 0.9692982456140352)",1,96.53947368421068,43415
"(0.9429824561403508, 0.9912280701754386)",1,96.5394736842105,43416
"(0.8903508771929824, 0.9736842105263158)",1,96.53947368421048,43417
"(0.9166666666666666, 0.9736842105263158)",1,96.53947368421048,43418
"(0.9298245614035088, 0.9736842105263158)",1,96.53947368421046,43419
"(0.8289473684210527, 0.9736842105263158)",1,96.53947368421046,43420
"(0.9166666666666666, 0.9736842105263158)",1,96.53947368421046,43421
"(0.9078947368421052, 0.9736842105263158)",1,96.53947368421046,43422
"(0.8728070175438597, 0.9649122807017544)",1,96.53947368421044,43423
"(0.9285714285714286, 0.9678571428571427)",1,96.53928571428568,43424
"(0.8087837837837838, 0.9760135135135136)",2,96.5391891891892,43426
"(0.8780405405405406, 0.9783783783783784)",1,96.53885135135134,43427
"(0.50375, 0.995)",1,96.53875000000016,43428
"(0.8717948717948718, 0.9743589743589745)",1,96.5384615384618,43429
"(0.7692307692307693, 0.9743589743589745)",1,96.53846153846176,43430
"(0.7307692307692307, 0.9743589743589745)",1,96.53846153846176,43431
"(0.7051282051282052, 0.9871794871794872)",1,96.53846153846168,43432
"(0.6794871794871795, 0.9871794871794872)",1,96.53846153846168,43433
"(0.7435897435897436, 1.0)",3,96.53846153846156,43436
"(0.9875, 0.9958333333333332)",1,96.5375000000001,43437
"(0.5025, 0.995)",2,96.53750000000002,43439
"(0.9791666666666666, 1.0)",1,96.53749999999997,43440
"(0.825, 0.975)",2,96.53749999999988,43442
"(0.875, 0.975)",1,96.53749999999988,43443
"(0.9125, 0.975)",4,96.53749999999988,43447
"(0.75, 0.975)",1,96.53749999999988,43448
"(0.8375, 0.975)",2,96.53749999999988,43450
"(0.775, 0.975)",1,96.53749999999988,43451
"(0.9, 0.975)",1,96.53749999999988,43452
"(0.85, 0.975)",1,96.53749999999988,43453
"(0.9125, 0.975)",1,96.53749999999988,43454
"(0.875, 0.975)",1,96.53749999999984,43455
"(0.8958333333333334, 0.975)",1,96.53749999999982,43456
"(0.8513513513513513, 0.9783783783783784)",1,96.53682432432431,43457
"(0.656439393939394, 1.0)",3,96.53674242424242,43460
"(0.5125, 0.9975)",1,96.53625000000008,43461
"(0.8584459459459459, 0.9726351351351352)",2,96.53614864864868,43463
"(0.9678571428571427, 0.9714285714285714)",1,96.53571428571432,43464
"(0.9607142857142856, 0.9714285714285714)",1,96.53571428571432,43465
"(0.9571428571428572, 0.9714285714285714)",3,96.53571428571432,43468
"(0.9678571428571427, 0.9607142857142856)",1,96.5357142857143,43469
"(0.8357142857142857, 0.9714285714285714)",2,96.5357142857143,43471
"(0.4285714285714285, 0.9714285714285714)",1,96.53571428571426,43472
"(0.9392857142857144, 0.9678571428571427)",2,96.53571428571423,43474
"(0.9607142857142856, 0.9678571428571427)",1,96.53571428571423,43475
"(0.9428571428571428, 0.9678571428571427)",3,96.53571428571422,43478
"(0.9321428571428572, 0.9678571428571427)",3,96.53571428571422,43481
"(0.9464285714285714, 0.9678571428571427)",1,96.5357142857142,43482
"(0.9392857142857144, 0.9642857142857144)",1,96.53571428571418,43483
"(0.5863636363636363, 1.0)",1,96.53560606060609,43484
"(0.8439189189189189, 0.9695945945945946)",1,96.535472972973,43485
"(0.4920454545454545, 0.9977272727272728)",1,96.53522727272733,43486
"(0.8462837837837838, 0.979054054054054)",1,96.53513513513514,43487
"(0.7894736842105263, 0.9692982456140352)",1,96.53508771929842,43488
"(0.868421052631579, 0.9692982456140352)",2,96.53508771929842,43490
"(0.8114035087719298, 0.9692982456140352)",1,96.53508771929842,43491
"(0.8464912280701754, 0.9692982456140352)",3,96.53508771929842,43494
"(0.8333333333333334, 0.9692982456140352)",1,96.53508771929842,43495
"(0.868421052631579, 0.9692982456140352)",1,96.5350877192984,43496
"(0.7105263157894737, 0.9736842105263158)",1,96.5350877192982,43497
"(0.9342105263157896, 0.9736842105263158)",1,96.5350877192982,43498
"(0.8245614035087719, 0.9736842105263158)",1,96.5350877192982,43499
"(0.8596491228070176, 0.9736842105263158)",1,96.5350877192982,43500
"(0.9078947368421052, 0.9736842105263158)",1,96.5350877192982,43501
"(0.868421052631579, 0.9736842105263158)",2,96.5350877192982,43503
"(0.8728070175438597, 0.9736842105263158)",1,96.5350877192982,43504
"(0.9166666666666666, 0.9736842105263158)",1,96.5350877192982,43505
"(0.3604651162790697, 0.9767441860465116)",1,96.53488372093034,43506
"(0.9186046511627908, 0.9767441860465116)",1,96.53488372093034,43507
"(0.7209302325581395, 0.9767441860465116)",2,96.53488372093034,43509
"(0.9418604651162792, 0.9767441860465116)",1,96.53488372093034,43510
"(0.6627906976744186, 0.9767441860465116)",1,96.53488372093034,43511
"(0.4883720930232558, 0.9767441860465116)",1,96.53488372093034,43512
"(0.8023255813953488, 0.9767441860465116)",1,96.53488372093034,43513
"(0.6976744186046512, 0.9767441860465116)",1,96.53488372093034,43514
"(0.872093023255814, 0.9767441860465116)",2,96.53488372093034,43516
"(0.6744186046511628, 0.9767441860465116)",1,96.53488372093034,43517
"(0.7674418604651163, 0.9767441860465116)",1,96.53488372093032,43518
"(0.8023255813953488, 0.9767441860465116)",2,96.53488372093032,43520
"(0.5465116279069767, 0.9767441860465116)",1,96.53488372093032,43521
"(0.6046511627906976, 0.9767441860465116)",2,96.53488372093032,43523
"(0.8837209302325582, 0.9651162790697676)",1,96.53488372093008,43524
"(0.8953488372093024, 0.9651162790697676)",3,96.53488372093008,43527
"(0.465530303030303, 0.999621212121212)",1,96.53446969696974,43528
"(0.49, 0.99875)",2,96.5337500000001,43530
"(0.440530303030303, 1.0)",1,96.53371212121216,43531
"(0.5709459459459459, 0.979054054054054)",1,96.533445945946,43532
"(0.85, 0.9666666666666668)",1,96.53333333333347,43533
"(0.9541666666666668, 0.9958333333333332)",1,96.5333333333334,43534
"(0.8833333333333333, 0.9833333333333332)",1,96.5333333333334,43535
"(0.975, 0.9958333333333332)",1,96.5333333333334,43536
"(0.9166666666666666, 0.9833333333333332)",1,96.5333333333334,43537
"(0.9833333333333332, 0.9958333333333332)",1,96.53333333333336,43538
"(0.7666666666666667, 1.0)",1,96.53333333333332,43539
"(0.6068181818181818, 1.0)",1,96.53333333333332,43540
"(0.95, 1.0)",1,96.53333333333332,43541
"(0.9958333333333332, 1.0)",1,96.53333333333327,43542
"(0.9535714285714286, 0.9714285714285714)",3,96.5321428571429,43545
"(0.9035714285714286, 0.9607142857142856)",3,96.53214285714289,43548
"(0.9714285714285714, 0.9714285714285714)",1,96.53214285714289,43549
"(0.875, 0.9714285714285714)",1,96.53214285714289,43550
"(0.9571428571428572, 0.9678571428571427)",1,96.53214285714286,43551
"(0.9392857142857144, 0.9678571428571427)",1,96.53214285714284,43552
"(0.9357142857142856, 0.9678571428571427)",4,96.53214285714282,43556
"(0.9285714285714286, 0.9678571428571427)",1,96.5321428571428,43557
"(0.95, 0.9678571428571427)",4,96.5321428571428,43561
"(0.9464285714285714, 0.9678571428571427)",1,96.5321428571428,43562
"(0.8928571428571429, 0.9642857142857144)",1,96.53214285714272,43563
"(0.9392857142857144, 0.9642857142857144)",1,96.53214285714272,43564
"(0.4534090909090909, 0.9954545454545456)",3,96.53181818181828,43567
"(0.43, 0.985)",1,96.53124999999994,43568
"(0.52125, 0.9875)",1,96.5312499999999,43569
"(0.8903508771929824, 0.9692982456140352)",1,96.53070175438614,43570
"(0.6798245614035088, 0.9692982456140352)",1,96.53070175438614,43571
"(0.7192982456140351, 0.9692982456140352)",2,96.53070175438614,43573
"(0.8201754385964912, 0.9692982456140352)",1,96.53070175438611,43574
"(0.8596491228070176, 0.9692982456140352)",1,96.53070175438611,43575
"(0.75, 0.9692982456140352)",1,96.53070175438611,43576
"(0.8771929824561403, 0.9736842105263158)",1,96.53070175438592,43577
"(0.9166666666666666, 0.9736842105263158)",1,96.53070175438592,43578
"(0.9342105263157896, 0.9736842105263158)",2,96.53070175438592,43580
"(0.8289473684210527, 0.9736842105263158)",3,96.5307017543859,43583
"(0.8771929824561403, 0.9736842105263158)",1,96.5307017543859,43584
"(0.8552631578947368, 0.9649122807017544)",1,96.5307017543859,43585
"(0.868421052631579, 0.9736842105263158)",1,96.5307017543859,43586
"(0.9166666666666666, 0.9736842105263158)",1,96.5307017543859,43587
"(0.9298245614035088, 0.9736842105263158)",1,96.5307017543859,43588
"(0.8464912280701754, 0.9736842105263158)",1,96.5307017543859,43589
"(0.6481060606060606, 1.0)",1,96.53030303030302,43590
"(0.7807432432432433, 0.975)",2,96.53006756756758,43592
"(0.50875, 0.995)",2,96.53000000000009,43594
"(0.4049242424242424, 0.9890151515151516)",1,96.52992424242426,43595
"(0.353030303030303, 0.999621212121212)",1,96.52954545454548,43596
"(0.9875, 0.9958333333333332)",1,96.5291666666668,43597
"(0.9083333333333332, 0.9791666666666666)",1,96.52916666666678,43598
"(0.9708333333333332, 0.9958333333333332)",1,96.52916666666675,43599
"(0.9791666666666666, 0.9958333333333332)",1,96.52916666666673,43600
"(0.9833333333333332, 0.9958333333333332)",1,96.52916666666673,43601
"(0.95, 1.0)",1,96.52916666666664,43602
"(0.8510135135135135, 0.9773648648648648)",1,96.52905405405404,43603
"(0.9392857142857144, 0.9714285714285714)",1,96.52857142857148,43604
"(0.9357142857142856, 0.9678571428571427)",1,96.52857142857138,43605
"(0.9357142857142856, 0.9678571428571427)",1,96.52857142857135,43606
"(0.9535714285714286, 0.9678571428571427)",3,96.52857142857135,43609
"(0.9392857142857144, 0.9785714285714284)",1,96.52857142857135,43610
"(0.9785714285714284, 0.9571428571428572)",1,96.52857142857133,43611
"(0.95, 0.9642857142857144)",1,96.52857142857133,43612
"(0.4621212121212121, 1.0)",1,96.5284090909091,43613
"(0.8043918918918919, 0.9766891891891892)",1,96.52837837837828,43614
"(0.4571969696969697, 0.999621212121212)",1,96.52803030303032,43615
"(0.6268939393939394, 1.0)",1,96.5280303030303,43616
"(0.8194444444444444, 0.9722222222222222)",1,96.52777777777796,43617
"(0.625, 0.9722222222222222)",1,96.52777777777796,43618
"(0.9722222222222222, 0.9861111111111112)",1,96.52777777777796,43619
"(0.7777777777777778, 0.9861111111111112)",1,96.52777777777796,43620
"(0.7638888888888888, 0.9861111111111112)",1,96.52777777777796,43621
"(0.8888888888888888, 0.9722222222222222)",1,96.52777777777796,43622
"(0.6944444444444444, 0.9722222222222222)",4,96.52777777777796,43626
"(0.9027777777777778, 0.9722222222222222)",1,96.52777777777796,43627
"(0.8611111111111112, 0.9861111111111112)",1,96.52777777777796,43628
"(0.75, 0.9722222222222222)",1,96.52777777777796,43629
"(0.8472222222222222, 0.9722222222222222)",2,96.52777777777796,43631
"(0.75, 0.9722222222222222)",1,96.52777777777794,43632
"(0.7916666666666666, 0.9722222222222222)",1,96.52777777777794,43633
"(0.8333333333333334, 0.9722222222222222)",3,96.52777777777794,43636
"(0.7222222222222222, 0.9722222222222222)",1,96.52777777777794,43637
"(0.7638888888888888, 1.0)",1,96.52777777777776,43638
"(0.7916666666666666, 1.0)",1,96.52777777777776,43639
"(0.8584459459459459, 0.9739864864864864)",1,96.52770270270268,43640
"(0.5075, 0.99375)",1,96.52750000000007,43641
"(0.40875, 0.99875)",1,96.52750000000006,43642
"(0.48625, 0.99125)",1,96.52749999999992,43643
"(0.58625, 0.98875)",3,96.52749999999988,43646
"(0.6284090909090909, 1.0)",1,96.52689393939394,43647
"(0.9327702702702704, 0.9733108108108108)",1,96.52635135135134,43648
"(0.868421052631579, 0.9692982456140352)",1,96.52631578947386,43649
"(0.7675438596491229, 0.9692982456140352)",1,96.52631578947386,43650
"(0.8947368421052632, 0.9692982456140352)",1,96.52631578947384,43651
"(0.7807017543859649, 0.9736842105263158)",1,96.52631578947364,43652
"(0.8421052631578947, 0.9736842105263158)",1,96.52631578947364,43653
"(0.9166666666666666, 0.9736842105263158)",1,96.52631578947364,43654
"(0.868421052631579, 0.9736842105263158)",1,96.52631578947364,43655
"(0.6885964912280702, 0.9736842105263158)",2,96.52631578947364,43657
"(0.3117424242424242, 1.0)",1,96.52613636363635,43658
"(0.6696969696969697, 0.9981060606060606)",1,96.52575757575764,43659
"(0.4920454545454545, 0.9981060606060606)",1,96.52575757575764,43660
"(0.3666666666666666, 0.9992424242424244)",1,96.5257575757576,43661
"(0.4469696969696969, 0.993560606060606)",1,96.52575757575758,43662
"(0.8205128205128205, 0.9743589743589745)",1,96.52564102564126,43663
"(0.8076923076923077, 0.9743589743589745)",1,96.52564102564126,43664
"(0.2179487179487179, 0.9871794871794872)",1,96.52564102564116,43665
"(0.7307692307692307, 0.9871794871794872)",1,96.52564102564116,43666
"(0.7948717948717948, 0.9871794871794872)",1,96.52564102564116,43667
"(0.8076923076923077, 0.9871794871794872)",1,96.52564102564116,43668
"(0.6666666666666666, 0.9871794871794872)",1,96.52564102564116,43669
"(0.5025, 0.99875)",1,96.5250000000001,43670
"(0.9666666666666668, 0.9958333333333332)",1,96.5250000000001,43671
"(0.9916666666666668, 0.9958333333333332)",1,96.52500000000008,43672
"(0.9833333333333332, 0.9958333333333332)",1,96.52500000000006,43673
"(0.9392857142857144, 0.9714285714285714)",1,96.52500000000002,43674
"(0.9035714285714286, 0.9607142857142856)",3,96.52500000000002,43677
"(0.8081081081081081, 0.9787162162162162)",1,96.525,43678
"(0.56, 0.98125)",1,96.52499999999996,43679
"(0.9833333333333332, 1.0)",1,96.52499999999992,43680
"(0.9357142857142856, 0.9678571428571427)",3,96.52499999999992,43683
"(0.9, 0.975)",1,96.52499999999988,43684
"(0.85, 0.975)",1,96.52499999999988,43685
"(0.8875, 0.975)",3,96.52499999999988,43688
"(0.875, 0.975)",1,96.52499999999988,43689
"(0.8625, 0.975)",1,96.52499999999988,43690
"(0.925, 0.975)",1,96.52499999999988,43691
"(0.875, 0.975)",1,96.52499999999986,43692
"(0.8875, 0.975)",1,96.52499999999986,43693
"(0.6875, 0.975)",1,96.52499999999986,43694
"(0.7625, 0.975)",1,96.52499999999986,43695
"(0.9571428571428572, 0.975)",1,96.52499999999984,43696
"(0.9785714285714284, 0.9642857142857144)",1,96.52499999999984,43697
"(0.6905405405405406, 0.9763513513513512)",2,96.5246621621622,43699
"(0.709469696969697, 0.999621212121212)",1,96.52424242424244,43700
"(0.7708333333333334, 0.9965909090909092)",1,96.52386363636364,43701
"(0.5424242424242425, 1.0)",1,96.52348484848488,43702
"(0.5635135135135135, 0.970945945945946)",2,96.52331081081084,43704
"(0.627906976744186, 0.9883720930232558)",1,96.52325581395364,43705
"(0.8604651162790697, 0.9767441860465116)",1,96.5232558139536,43706
"(0.872093023255814, 0.9767441860465116)",1,96.5232558139536,43707
"(0.4302325581395348, 0.9767441860465116)",1,96.5232558139536,43708
"(0.7790697674418605, 0.9767441860465116)",1,96.5232558139536,43709
"(0.9302325581395348, 0.9767441860465116)",1,96.52325581395358,43710
"(0.3023255813953488, 0.9767441860465116)",1,96.52325581395358,43711
"(0.813953488372093, 0.9767441860465116)",1,96.52325581395358,43712
"(0.9186046511627908, 0.9767441860465116)",1,96.52325581395358,43713
"(0.8023255813953488, 0.9767441860465116)",1,96.52325581395358,43714
"(0.4886363636363636, 1.0)",3,96.52272727272728,43717
"(0.4875, 0.98625)",1,96.52250000000006,43718
"(0.5325, 0.9775)",1,96.5225,43719
"(0.4882575757575758, 1.0)",3,96.5223484848485,43722
"(0.4965909090909091, 1.0)",3,96.5223484848485,43725
"(0.8108108108108109, 0.9743243243243244)",1,96.52229729729729,43726
"(0.6578947368421053, 0.9692982456140352)",1,96.52192982456158,43727
"(0.6885964912280702, 0.9692982456140352)",1,96.52192982456158,43728
"(0.8289473684210527, 0.9692982456140352)",1,96.52192982456158,43729
"(0.8728070175438597, 0.9692982456140352)",1,96.52192982456158,43730
"(0.925438596491228, 0.9692982456140352)",1,96.52192982456155,43731
"(0.7763157894736842, 0.9692982456140352)",1,96.52192982456155,43732
"(0.9035087719298246, 0.9692982456140352)",3,96.52192982456155,43735
"(0.868421052631579, 0.9692982456140352)",1,96.52192982456155,43736
"(0.9298245614035088, 0.9692982456140352)",3,96.52192982456155,43739
"(0.7675438596491229, 0.9692982456140352)",1,96.52192982456155,43740
"(0.8640350877192983, 0.9736842105263158)",1,96.52192982456135,43741
"(0.881578947368421, 0.9736842105263158)",1,96.52192982456135,43742
"(0.7675438596491229, 0.9736842105263158)",1,96.52192982456135,43743
"(0.7149122807017544, 0.9736842105263158)",1,96.52192982456135,43744
"(0.8245614035087719, 0.9736842105263158)",1,96.52192982456135,43745
"(0.7763157894736842, 0.9736842105263158)",1,96.52192982456135,43746
"(0.8771929824561403, 0.9736842105263158)",1,96.52192982456134,43747
"(0.7149122807017544, 0.9736842105263158)",1,96.52192982456134,43748
"(0.8596491228070176, 0.9736842105263158)",1,96.52192982456134,43749
"(0.8903508771929824, 0.9736842105263158)",1,96.52192982456134,43750
"(0.5394736842105263, 0.9736842105263158)",3,96.52192982456134,43753
"(0.6228070175438597, 0.9736842105263158)",1,96.52192982456134,43754
"(0.8875, 0.975)",1,96.5216216216216,43755
"(0.9678571428571427, 0.9714285714285714)",1,96.52142857142864,43756
"(0.9321428571428572, 0.9607142857142856)",2,96.5214285714286,43758
"(0.4285714285714285, 0.9714285714285714)",2,96.5214285714286,43760
"(0.9607142857142856, 0.9607142857142856)",1,96.5214285714286,43761
"(0.9285714285714286, 0.9607142857142856)",1,96.52142857142856,43762
"(0.8857142857142857, 0.9714285714285714)",3,96.52142857142856,43765
"(0.9357142857142856, 0.9678571428571427)",3,96.52142857142852,43768
"(0.9357142857142856, 0.975)",1,96.52142857142846,43769
"(0.9464285714285714, 0.975)",1,96.52142857142844,43770
"(0.9607142857142856, 0.9642857142857144)",1,96.52142857142842,43771
"(0.8702702702702703, 0.9743243243243244)",2,96.5212837837838,43773
"(0.5025, 0.9975)",1,96.52125000000014,43774
"(0.49375, 0.99375)",1,96.52125000000012,43775
"(0.65125, 0.98625)",1,96.52125,43776
"(0.7439393939393939, 1.0)",3,96.52121212121212,43779
"(0.8445945945945946, 0.9763513513513512)",1,96.52094594594594,43780
"(0.9916666666666668, 0.9958333333333332)",1,96.52083333333344,43781
"(0.9708333333333332, 0.9958333333333332)",1,96.5208333333334,43782
"(0.9833333333333332, 0.9958333333333332)",2,96.5208333333334,43784
"(0.9791666666666666, 0.9958333333333332)",1,96.5208333333334,43785
"(0.9541666666666668, 0.9958333333333332)",2,96.52083333333336,43787
"(0.3666666666666666, 0.9988636363636364)",1,96.52083333333336,43788
"(0.9708333333333332, 0.9958333333333332)",2,96.52083333333336,43790
"(0.4848484848484848, 1.0)",1,96.52045454545456,43791
"(0.8527027027027027, 0.9773648648648648)",1,96.52027027027026,43792
"(0.50625, 0.9975)",1,96.52000000000017,43793
"(0.7425675675675676, 0.9756756756756756)",1,96.51959459459458,43794
"(0.6333333333333333, 1.0)",2,96.5189393939394,43796
"(0.5739864864864865, 0.979391891891892)",1,96.518918918919,43797
"(0.48625, 0.9975)",1,96.5187500000002,43798
"(0.5075, 0.9925)",1,96.51875000000008,43799
"(0.9111486486486486, 0.9787162162162162)",3,96.5185810810811,43802
"(0.7325757575757575, 1.0)",3,96.51818181818184,43805
"(0.9678571428571427, 0.9714285714285714)",1,96.5178571428572,43806
"(0.9285714285714286, 0.9714285714285714)",1,96.51785714285715,43807
"(0.9714285714285714, 0.9714285714285714)",1,96.51785714285714,43808
"(0.9357142857142856, 0.9678571428571427)",1,96.51785714285708,43809
"(0.9535714285714286, 0.9571428571428572)",2,96.51785714285708,43811
"(0.3575757575757576, 1.0)",1,96.51780303030304,43812
"(0.8070175438596491, 0.9692982456140352)",1,96.51754385964932,43813
"(0.8464912280701754, 0.9692982456140352)",2,96.5175438596493,43815
"(0.8201754385964912, 0.9692982456140352)",3,96.5175438596493,43818
"(0.75, 0.9692982456140352)",1,96.5175438596493,43819
"(0.8157894736842105, 0.9692982456140352)",1,96.5175438596493,43820
"(0.8464912280701754, 0.9692982456140352)",1,96.51754385964928,43821
"(0.8728070175438597, 0.9692982456140352)",1,96.51754385964928,43822
"(0.8596491228070176, 0.9736842105263158)",1,96.51754385964908,43823
"(0.9342105263157896, 0.9736842105263158)",1,96.51754385964908,43824
"(0.868421052631579, 0.9736842105263158)",2,96.51754385964908,43826
"(0.7412280701754386, 0.9736842105263158)",1,96.51754385964908,43827
"(0.7149122807017544, 0.9912280701754386)",1,96.51754385964908,43828
"(0.575, 0.9875)",1,96.51750000000004,43829
"(0.2431818181818182, 1.0)",1,96.51742424242424,43830
"(0.9037162162162162, 0.9787162162162162)",1,96.51689189189192,43831
"(0.9, 0.9666666666666668)",1,96.51666666666682,43832
"(0.9916666666666668, 0.9958333333333332)",2,96.51666666666678,43834
"(0.9708333333333332, 0.9958333333333332)",1,96.51666666666674,43835
"(0.9791666666666666, 0.9958333333333332)",1,96.51666666666674,43836
"(0.975, 0.9958333333333332)",2,96.51666666666672,43838
"(0.9833333333333332, 0.9958333333333332)",1,96.51666666666672,43839
"(0.85, 1.0)",1,96.51666666666668,43840
"(0.9333333333333332, 1.0)",1,96.51666666666668,43841
"(0.8, 1.0)",1,96.51666666666668,43842
"(0.4462121212121212, 1.0)",3,96.51628787878788,43845
"(0.7496621621621622, 0.975)",1,96.51554054054051,43846
"(0.4651515151515151, 0.9988636363636364)",1,96.51553030303036,43847
"(0.5272727272727272, 0.9886363636363636)",3,96.51515151515136,43850
"(0.9642857142857144, 0.9714285714285714)",1,96.51428571428572,43851
"(0.9142857142857144, 0.9678571428571427)",1,96.51428571428566,43852
"(0.9571428571428572, 0.9678571428571427)",1,96.51428571428563,43853
"(0.9285714285714286, 0.9678571428571427)",1,96.51428571428562,43854
"(0.9678571428571427, 0.975)",1,96.51428571428556,43855
"(0.8216216216216217, 0.9746621621621622)",1,96.51418918918918,43856
"(0.8722972972972973, 0.975)",1,96.51418918918915,43857
"(0.9166666666666666, 0.9861111111111112)",1,96.51388888888908,43858
"(0.9444444444444444, 0.9861111111111112)",1,96.51388888888908,43859
"(0.6944444444444444, 0.9722222222222222)",1,96.51388888888908,43860
"(0.9027777777777778, 0.9861111111111112)",1,96.51388888888908,43861
"(0.8611111111111112, 0.9861111111111112)",1,96.51388888888908,43862
"(0.8194444444444444, 0.9861111111111112)",1,96.51388888888908,43863
"(0.7222222222222222, 0.9722222222222222)",2,96.51388888888908,43865
"(0.7777777777777778, 0.9861111111111112)",2,96.51388888888908,43867
"(0.8611111111111112, 0.9722222222222222)",1,96.51388888888908,43868
"(0.75, 0.9861111111111112)",1,96.51388888888908,43869
"(0.8055555555555556, 0.9861111111111112)",2,96.51388888888908,43871
"(0.9305555555555556, 0.9861111111111112)",1,96.51388888888908,43872
"(0.6388888888888888, 0.9861111111111112)",1,96.51388888888908,43873
"(0.75, 0.9722222222222222)",2,96.51388888888906,43875
"(0.8055555555555556, 0.9722222222222222)",1,96.51388888888906,43876
"(0.625, 0.9722222222222222)",1,96.51388888888906,43877
"(0.8472222222222222, 0.9722222222222222)",1,96.51388888888906,43878
"(0.875, 0.9722222222222222)",1,96.51388888888906,43879
"(0.7222222222222222, 0.9722222222222222)",1,96.51388888888906,43880
"(0.9861111111111112, 0.9722222222222222)",1,96.51388888888906,43881
"(0.6944444444444444, 0.9722222222222222)",3,96.51388888888906,43884
"(0.9027777777777778, 0.9722222222222222)",1,96.51388888888906,43885
"(0.6805555555555556, 1.0)",1,96.51388888888889,43886
"(0.9583333333333334, 1.0)",1,96.51388888888889,43887
"(0.8194444444444444, 1.0)",1,96.51388888888889,43888
"(0.5972222222222222, 1.0)",1,96.51388888888889,43889
"(0.8081081081081081, 0.979054054054054)",3,96.5138513513514,43892
"(0.5075, 0.995)",1,96.51374999999996,43893
"(0.4925, 0.9875)",3,96.51374999999987,43896
"(0.8472972972972973, 0.9746621621621622)",1,96.5135135135134,43897
"(0.5481060606060606, 1.0)",3,96.51325757575758,43900
"(0.8421052631578947, 0.9692982456140352)",2,96.51315789473702,43902
"(0.912280701754386, 0.9692982456140352)",2,96.513157894737,43904
"(0.8201754385964912, 0.9692982456140352)",3,96.513157894737,43907
"(0.8552631578947368, 0.9692982456140352)",1,96.513157894737,43908
"(0.8289473684210527, 0.9692982456140352)",1,96.513157894737,43909
"(0.8377192982456141, 0.9692982456140352)",1,96.513157894737,43910
"(0.925438596491228, 0.9912280701754386)",1,96.51315789473682,43911
"(0.9342105263157896, 0.9736842105263158)",1,96.5131578947368,43912
"(0.5394736842105263, 0.9736842105263158)",1,96.5131578947368,43913
"(0.6228070175438597, 0.9736842105263158)",1,96.51315789473678,43914
"(0.8289473684210527, 0.9736842105263158)",2,96.51315789473678,43916
"(0.868421052631579, 0.9736842105263158)",1,96.51315789473678,43917
"(0.5871212121212122, 1.0)",1,96.5128787878788,43918
"(0.8780405405405406, 0.979054054054054)",3,96.51283783783788,43921
"(0.6662162162162162, 0.9726351351351352)",1,96.51283783783788,43922
"(0.8513513513513513, 0.9777027027027028)",1,96.5128378378378,43923
"(0.525, 0.9736486486486486)",2,96.5128378378378,43925
"(0.8587837837837838, 0.9777027027027028)",3,96.51283783783776,43928
"(0.6794871794871795, 0.9743589743589745)",1,96.51282051282077,43929
"(0.8717948717948718, 0.9743589743589745)",1,96.51282051282077,43930
"(0.7307692307692307, 0.9743589743589745)",1,96.51282051282077,43931
"(0.717948717948718, 0.9871794871794872)",3,96.51282051282064,43934
"(0.6923076923076923, 0.9871794871794872)",2,96.51282051282064,43936
"(0.8076923076923077, 0.9871794871794872)",1,96.51282051282064,43937
"(0.7307692307692307, 1.0)",1,96.51282051282053,43938
"(0.4487179487179487, 1.0)",6,96.51282051282053,43944
"(0.5025, 0.9975)",1,96.51250000000012,43945
"(0.9791666666666666, 0.9958333333333332)",1,96.51250000000006,43946
"(0.50625, 0.9925)",2,96.51250000000006,43948
"(0.9875, 0.9958333333333332)",1,96.51250000000005,43949
"(0.9875, 0.9958333333333332)",1,96.51250000000005,43950
"(0.9791666666666666, 0.9958333333333332)",1,96.51250000000005,43951
"(0.6875, 0.975)",1,96.51249999999987,43952
"(0.9, 0.975)",1,96.51249999999987,43953
"(0.7625, 0.975)",1,96.51249999999987,43954
"(0.75, 0.975)",1,96.51249999999987,43955
"(0.8375, 0.975)",1,96.51249999999987,43956
"(0.4875, 0.975)",1,96.51249999999987,43957
"(0.8875, 0.975)",1,96.51249999999987,43958
"(0.6625, 0.975)",1,96.51249999999986,43959
"(0.9125, 0.975)",1,96.51249999999986,43960
"(0.875, 0.975)",1,96.51249999999986,43961
"(0.572972972972973, 0.9841216216216216)",1,96.51216216216208,43962
"(0.4617424242424242, 0.9988636363636364)",1,96.51212121212124,43963
"(0.8885135135135135, 0.9783783783783784)",1,96.5118243243243,43964
"(0.4867424242424242, 0.9992424242424244)",1,96.51174242424246,43965
"(0.8255813953488372, 0.9767441860465116)",1,96.51162790697686,43966
"(0.8604651162790697, 0.9767441860465116)",1,96.51162790697684,43967
"(0.4534883720930232, 0.9767441860465116)",1,96.51162790697684,43968
"(0.8837209302325582, 0.9767441860465116)",1,96.51162790697684,43969
"(0.7558139534883721, 0.9767441860465116)",1,96.51162790697684,43970
"(0.3023255813953488, 0.9767441860465116)",1,96.51162790697684,43971
"(0.8023255813953488, 0.9767441860465116)",1,96.51162790697684,43972
"(0.6976744186046512, 0.9767441860465116)",1,96.51162790697684,43973
"(0.9186046511627908, 0.9767441860465116)",1,96.51162790697684,43974
"(0.872093023255814, 0.9651162790697676)",1,96.51162790697656,43975
"(0.8837209302325582, 0.9651162790697676)",1,96.51162790697656,43976
"(0.8953488372093024, 0.9651162790697676)",1,96.51162790697656,43977
"(0.8263513513513514, 0.9753378378378378)",1,96.51148648648646,43978
"(0.8462837837837838, 0.972972972972973)",2,96.5108108108108,43980
"(0.8608108108108108, 0.977027027027027)",1,96.51081081081078,43981
"(0.9535714285714286, 0.9714285714285714)",1,96.51071428571431,43982
"(0.925, 0.9714285714285714)",1,96.51071428571429,43983
"(0.9035714285714286, 0.9678571428571427)",3,96.51071428571424,43986
"(0.9607142857142856, 0.9678571428571427)",1,96.51071428571422,43987
"(0.9357142857142856, 0.9678571428571427)",3,96.51071428571422,43990
"(0.9428571428571428, 0.9678571428571427)",1,96.51071428571422,43991
"(0.9571428571428572, 0.975)",1,96.51071428571416,43992
"(0.8892857142857142, 0.9642857142857144)",3,96.51071428571414,43995
"(0.902027027027027, 0.9712837837837838)",1,96.51047297297303,43996
"(0.8043918918918919, 0.9780405405405406)",3,96.51047297297302,43999
"(0.8952702702702703, 0.975)",1,96.50979729729724,44000
"(0.4568181818181818, 0.990530303030303)",3,96.50909090909096,44003
"(0.2102272727272727, 0.9984848484848484)",1,96.50909090909094,44004
"(0.8263513513513514, 0.9739864864864864)",2,96.50878378378373,44006
"(0.8552631578947368, 0.9692982456140352)",1,96.50877192982472,44007
"(0.8771929824561403, 0.9692982456140352)",1,96.50877192982472,44008
"(0.8464912280701754, 0.9692982456140352)",1,96.50877192982472,44009
"(0.881578947368421, 0.9692982456140352)",1,96.50877192982472,44010
"(0.881578947368421, 0.9692982456140352)",1,96.50877192982472,44011
"(0.7456140350877193, 0.9736842105263158)",1,96.5087719298245,44012
"(0.9298245614035088, 0.9736842105263158)",1,96.5087719298245,44013
"(0.6228070175438597, 0.9736842105263158)",2,96.5087719298245,44015
"(0.881578947368421, 0.9736842105263158)",1,96.5087719298245,44016
"(0.8333333333333334, 0.9736842105263158)",1,96.5087719298245,44017
"(0.9385964912280702, 0.9649122807017544)",3,96.50877192982448,44020
"(0.49875, 0.9975)",1,96.50875000000008,44021
"(0.9, 0.9958333333333332)",1,96.50833333333344,44022
"(0.9916666666666668, 0.9958333333333332)",2,96.50833333333344,44024
"(0.9875, 0.9958333333333332)",1,96.5083333333334,44025
"(0.9625, 0.9958333333333332)",1,96.50833333333338,44026
"(0.271969696969697, 0.9992424242424244)",1,96.50833333333334,44027
"(0.9666666666666668, 1.0)",1,96.5083333333333,44028
"(0.9166666666666666, 0.9916666666666668)",1,96.50833333333308,44029
"(0.7429054054054054, 0.977027027027027)",1,96.50810810810808,44030
"(0.4632575757575757, 1.0)",1,96.50795454545457,44031
"(0.6166666666666667, 1.0)",1,96.50795454545457,44032
"(0.7334459459459459, 0.9787162162162162)",1,96.50777027027031,44033
"(0.9327702702702704, 0.9743243243243244)",1,96.50777027027031,44034
"(0.60875, 0.99375)",1,96.50749999999998,44035
"(0.6216216216216216, 0.9743243243243244)",1,96.50743243243242,44036
"(0.9357142857142856, 0.9714285714285714)",1,96.50714285714288,44037
"(0.9571428571428572, 0.9607142857142856)",1,96.50714285714288,44038
"(0.9428571428571428, 0.9571428571428572)",1,96.50714285714288,44039
"(0.9321428571428572, 0.9678571428571427)",1,96.5071428571428,44040
"(0.9607142857142856, 0.9678571428571427)",1,96.5071428571428,44041
"(0.9535714285714286, 0.9678571428571427)",1,96.5071428571428,44042
"(0.9392857142857144, 0.9642857142857144)",1,96.50714285714274,44043
"(0.839527027027027, 0.9753378378378378)",1,96.50709459459456,44044
"(0.8672297297297298, 0.9787162162162162)",1,96.50675675675674,44045
"(0.8135135135135135, 0.9712837837837838)",1,96.50641891891892,44046
"(0.6847972972972973, 0.9780405405405406)",1,96.50641891891888,44047
"(0.56625, 0.98125)",1,96.50625000000004,44048
"(0.5, 0.99625)",1,96.50625000000004,44049
"(0.9037162162162162, 0.9726351351351352)",1,96.50574324324327,44050
"(0.8722972972972973, 0.9716216216216216)",2,96.5057432432432,44052
"(0.4890151515151515, 0.9920454545454546)",1,96.5056818181818,44053
"(0.7327702702702703, 0.9746621621621622)",2,96.50540540540536,44055
"(0.4109848484848485, 0.9992424242424244)",1,96.50530303030308,44056
"(0.7469594594594594, 0.979054054054054)",1,96.50472972972982,44057
"(0.8875, 0.972972972972973)",1,96.50439189189188,44058
"(0.8640350877192983, 0.9692982456140352)",1,96.50438596491244,44059
"(0.881578947368421, 0.9692982456140352)",1,96.50438596491244,44060
"(0.8508771929824561, 0.9692982456140352)",3,96.50438596491244,44063
"(0.7894736842105263, 0.9692982456140352)",1,96.50438596491244,44064
"(0.8947368421052632, 0.9692982456140352)",1,96.50438596491244,44065
"(0.5394736842105263, 0.9736842105263158)",1,96.50438596491225,44066
"(0.5921052631578947, 0.9736842105263158)",1,96.50438596491225,44067
"(0.7280701754385965, 0.9736842105263158)",1,96.50438596491225,44068
"(0.9166666666666666, 0.9736842105263158)",1,96.50438596491225,44069
"(0.8552631578947368, 0.9912280701754386)",1,96.50438596491225,44070
"(0.6885964912280702, 0.9649122807017544)",1,96.50438596491222,44071
"(0.7456140350877193, 0.9736842105263158)",3,96.50438596491222,44074
"(0.8991228070175439, 0.9736842105263158)",1,96.50438596491222,44075
"(0.8552631578947368, 0.9736842105263158)",1,96.50438596491222,44076
"(0.9875, 0.9958333333333332)",2,96.50416666666676,44078
"(0.9875, 0.9958333333333332)",2,96.50416666666672,44080
"(0.95, 0.9958333333333332)",1,96.50416666666672,44081
"(0.8625, 0.975)",1,96.5041666666665,44082
"(0.8891891891891892, 0.9743243243243244)",1,96.50405405405412,44083
"(0.4053030303030303, 0.9890151515151516)",1,96.50378787878786,44084
"(0.50375, 0.99625)",1,96.5037500000002,44085
"(0.49875, 1.0)",1,96.50375000000014,44086
"(0.5, 0.9975)",1,96.50375000000012,44087
"(0.51, 0.9975)",1,96.50375000000012,44088
"(0.48875, 0.97875)",1,96.50375000000008,44089
"(0.49625, 0.99125)",1,96.50374999999984,44090
"(0.95, 0.9714285714285714)",1,96.50357142857148,44091
"(0.9607142857142856, 0.9714285714285714)",1,96.50357142857148,44092
"(0.9678571428571427, 0.9714285714285714)",1,96.50357142857146,44093
"(0.9678571428571427, 0.9607142857142856)",3,96.50357142857146,44096
"(0.8892857142857142, 0.9714285714285714)",1,96.50357142857143,44097
"(0.9142857142857144, 0.9678571428571427)",1,96.5035714285714,44098
"(0.9392857142857144, 0.9678571428571427)",1,96.50357142857138,44099
"(0.9571428571428572, 0.9678571428571427)",1,96.50357142857138,44100
"(0.9392857142857144, 0.9678571428571427)",3,96.50357142857136,44103
"(0.9785714285714284, 0.975)",1,96.50357142857136,44104
"(0.9142857142857144, 0.9678571428571427)",3,96.50357142857136,44107
"(0.9571428571428572, 0.975)",1,96.50357142857136,44108
"(0.9571428571428572, 0.9642857142857144)",1,96.50357142857132,44109
"(0.9357142857142856, 0.9642857142857144)",1,96.50357142857128,44110
"(0.9678571428571427, 0.975)",1,96.50357142857128,44111
"(0.902027027027027, 0.9773648648648648)",1,96.5033783783784,44112
"(0.789527027027027, 0.9756756756756756)",1,96.5033783783783,44113
"(0.9277027027027028, 0.9743243243243244)",1,96.50304054054055,44114
"(0.8712837837837838, 0.9766891891891892)",1,96.5030405405405,44115
"(0.5393939393939394, 0.9984848484848484)",1,96.5030303030304,44116
"(0.2553030303030303, 1.0)",3,96.5030303030303,44119
"(0.5658783783783784, 0.975)",1,96.50270270270268,44120
"(0.459469696969697, 0.9946969696969696)",3,96.50265151515164,44123
"(0.49875, 0.9975)",1,96.50250000000008,44124
"(0.50375, 0.99125)",3,96.50249999999984,44127
"(0.4606060606060606, 0.9852272727272728)",1,96.50227272727284,44128
"(0.7477272727272727, 1.0)",1,96.50227272727274,44129
"(0.3583333333333333, 0.9992424242424244)",1,96.50189393939397,44130
"(0.8402027027027027, 0.9746621621621622)",2,96.5016891891892,44132
"(0.7763513513513514, 0.9753378378378378)",1,96.50168918918918,44133
"(0.4689393939393939, 1.0)",1,96.50151515151518,44134
"(0.4925, 0.9975)",1,96.5012500000002,44135
"(0.50875, 0.99375)",2,96.50124999999998,44137
"(0.535, 0.98875)",1,96.5012499999999,44138
"(0.49625, 0.9875)",1,96.50124999999989,44139
"(0.8033783783783783, 0.9780405405405406)",3,96.50101351351358,44142
"(0.4609848484848485, 1.0)",2,96.50075757575756,44144
"(0.7051282051282052, 0.9743589743589745)",1,96.50000000000024,44145
"(0.9166666666666666, 0.9861111111111112)",1,96.5000000000002,44146
"(0.8611111111111112, 0.9861111111111112)",1,96.5000000000002,44147
"(0.9722222222222222, 0.9861111111111112)",1,96.5000000000002,44148
"(0.7777777777777778, 0.9861111111111112)",1,96.5000000000002,44149
"(0.6388888888888888, 0.9861111111111112)",1,96.5000000000002,44150
"(0.9027777777777778, 0.9861111111111112)",1,96.5000000000002,44151
"(0.8194444444444444, 0.9861111111111112)",1,96.5000000000002,44152
"(0.8333333333333334, 0.9861111111111112)",1,96.5000000000002,44153
"(0.6096491228070176, 0.9692982456140352)",1,96.50000000000018,44154
"(0.8055555555555556, 0.9722222222222222)",3,96.50000000000016,44157
"(0.875, 0.9722222222222222)",1,96.50000000000016,44158
"(0.8947368421052632, 0.9692982456140352)",3,96.50000000000016,44161
"(0.7675438596491229, 0.9692982456140352)",1,96.50000000000016,44162
"(0.625, 0.9722222222222222)",3,96.50000000000016,44165
"(0.8333333333333334, 0.9692982456140352)",1,96.50000000000016,44166
"(0.85, 0.9666666666666668)",1,96.50000000000016,44167
"(0.8194444444444444, 0.9722222222222222)",2,96.50000000000016,44169
"(0.8472222222222222, 0.9722222222222222)",1,96.50000000000016,44170
"(0.8888888888888888, 0.9722222222222222)",1,96.50000000000016,44171
"(0.8728070175438597, 0.9692982456140352)",3,96.50000000000016,44174
"(0.8333333333333334, 0.9722222222222222)",1,96.50000000000016,44175
"(0.9027777777777778, 0.9722222222222222)",2,96.50000000000016,44177
"(0.9166666666666666, 0.9722222222222222)",1,96.50000000000016,44178
"(0.7222222222222222, 0.9722222222222222)",2,96.50000000000016,44180
"(0.8289473684210527, 0.9692982456140352)",1,96.50000000000016,44181
"(0.8833333333333333, 0.9666666666666668)",1,96.50000000000016,44182
"(0.7307692307692307, 0.9871794871794872)",1,96.50000000000014,44183
"(0.6666666666666666, 0.9871794871794872)",1,96.50000000000011,44184
"(0.782051282051282, 0.9871794871794872)",1,96.50000000000011,44185
"(0.5930232558139535, 0.9767441860465116)",1,96.50000000000011,44186
"(0.4883720930232558, 0.9767441860465116)",1,96.50000000000011,44187
"(0.9916666666666668, 0.9958333333333332)",2,96.50000000000011,44189
"(0.8604651162790697, 0.9767441860465116)",1,96.50000000000011,44190
"(0.7209302325581395, 0.9767441860465116)",1,96.5000000000001,44191
"(0.813953488372093, 0.9767441860465116)",2,96.5000000000001,44193
"(0.9625, 0.9958333333333332)",2,96.5000000000001,44195
"(0.7906976744186046, 0.9767441860465116)",2,96.5000000000001,44197
"(0.4883720930232558, 0.9767441860465116)",1,96.5000000000001,44198
"(0.8953488372093024, 0.9767441860465116)",2,96.5000000000001,44200
"(0.8837209302325582, 0.9767441860465116)",1,96.5000000000001,44201
"(0.3023255813953488, 0.9767441860465116)",1,96.5000000000001,44202
"(0.9186046511627908, 0.9767441860465116)",1,96.5000000000001,44203
"(0.8372093023255814, 0.9767441860465116)",1,96.5000000000001,44204
"(0.9666666666666668, 0.9833333333333332)",1,96.50000000000009,44205
"(0.9916666666666668, 0.9958333333333332)",1,96.50000000000006,44206
"(0.9625, 0.9958333333333332)",1,96.50000000000006,44207
"(0.8892857142857142, 0.9714285714285714)",1,96.50000000000004,44208
"(0.9791666666666666, 0.9958333333333332)",2,96.50000000000004,44210
"(0.8043918918918919, 0.9780405405405406)",1,96.50000000000004,44211
"(0.4674242424242424, 1.0)",3,96.5,44214
"(0.5972222222222222, 1.0)",1,96.5,44215
"(0.8892857142857142, 0.9607142857142856)",1,96.5,44216
"(0.9571428571428572, 0.9607142857142856)",1,96.5,44217
"(0.75, 1.0)",1,96.5,44218
"(0.9392857142857144, 0.9678571428571427)",1,96.49999999999996,44219
"(0.9321428571428572, 0.9678571428571427)",1,96.49999999999996,44220
"(0.8464912280701754, 0.9736842105263158)",1,96.49999999999994,44221
"(0.8245614035087719, 0.9736842105263158)",3,96.49999999999994,44224
"(0.435, 0.9925)",1,96.49999999999994,44225
"(0.9285714285714286, 0.9678571428571427)",1,96.49999999999994,44226
"(0.881578947368421, 0.9736842105263158)",1,96.49999999999994,44227
"(0.9357142857142856, 0.9678571428571427)",3,96.49999999999994,44230
"(0.9142857142857144, 0.975)",1,96.49999999999991,44231
"(0.8771929824561403, 0.9736842105263158)",1,96.49999999999991,44232
"(0.9298245614035088, 0.9736842105263158)",1,96.49999999999991,44233
"(0.85, 0.975)",1,96.49999999999989,44234
"(0.7625, 0.975)",1,96.49999999999989,44235
"(0.4125, 0.975)",1,96.49999999999989,44236
"(0.8875, 0.975)",2,96.49999999999989,44238
"(0.9, 0.975)",1,96.49999999999989,44239
"(0.925, 0.975)",4,96.49999999999989,44243
"(0.8625, 0.975)",1,96.49999999999989,44244
"(0.8875, 0.975)",2,96.49999999999986,44246
"(0.8255813953488372, 0.9651162790697676)",1,96.49999999999984,44247
"(0.8837209302325582, 0.9651162790697676)",1,96.49999999999984,44248
"(0.9767441860465116, 0.9651162790697676)",2,96.49999999999984,44250
"(0.8953488372093024, 0.9651162790697676)",1,96.49999999999984,44251
"(0.872093023255814, 0.9651162790697676)",1,96.49999999999984,44252
"(0.2492424242424242, 1.0)",1,96.49962121212126,44253
"(0.4787878787878787, 1.0)",1,96.49924242424242,44254
"(0.7283783783783784, 0.979054054054054)",1,96.4986486486487,44255
"(0.7084459459459459, 0.9780405405405406)",2,96.49864864864868,44257
"(0.5331081081081082, 0.9841216216216216)",1,96.4983108108108,44258
"(0.4886363636363636, 1.0)",3,96.49810606060606,44261
"(0.7283783783783784, 0.979054054054054)",1,96.497972972973,44262
"(0.49375, 0.9975)",1,96.49750000000012,44263
"(0.5344594594594595, 0.983445945945946)",1,96.49729729729724,44264
"(0.7283783783783784, 0.9777027027027028)",1,96.49662162162156,44265
"(0.9285714285714286, 0.9714285714285714)",1,96.4964285714286,44266
"(0.8107142857142857, 0.9714285714285714)",3,96.4964285714286,44269
"(0.925, 0.9607142857142856)",1,96.4964285714286,44270
"(0.9607142857142856, 0.9678571428571427)",1,96.49642857142854,44271
"(0.9642857142857144, 0.9678571428571427)",3,96.49642857142854,44274
"(0.9035714285714286, 0.9642857142857144)",3,96.49642857142842,44277
"(0.9607142857142856, 0.9642857142857144)",1,96.4964285714284,44278
"(0.8608108108108108, 0.9722972972972972)",1,96.49628378378377,44279
"(0.577027027027027, 0.9844594594594596)",1,96.49594594594592,44280
"(0.9916666666666668, 0.9958333333333332)",1,96.4958333333334,44281
"(0.975, 0.9958333333333332)",1,96.4958333333334,44282
"(0.3174242424242424, 0.9897727272727272)",1,96.49583333333334,44283
"(0.7675438596491229, 0.9692982456140352)",1,96.4956140350879,44284
"(0.75, 0.9692982456140352)",1,96.49561403508788,44285
"(0.8552631578947368, 0.9692982456140352)",3,96.49561403508788,44288
"(0.8377192982456141, 0.9692982456140352)",1,96.49561403508788,44289
"(0.6929824561403509, 0.9912280701754386)",1,96.4956140350877,44290
"(0.8596491228070176, 0.9736842105263158)",1,96.49561403508768,44291
"(0.8114035087719298, 0.9736842105263158)",1,96.49561403508768,44292
"(0.9210526315789472, 0.9736842105263158)",1,96.49561403508766,44293
"(0.8289473684210527, 0.9736842105263158)",1,96.49561403508766,44294
"(0.8026315789473685, 0.9736842105263158)",1,96.49561403508766,44295
"(0.7675438596491229, 0.9736842105263158)",1,96.49561403508766,44296
"(0.8728070175438597, 0.9649122807017544)",2,96.49561403508764,44298
"(0.4617424242424242, 0.9992424242424244)",1,96.4950757575758,44299
"(0.9037162162162162, 0.9743243243243244)",1,96.4945945945946,44300
"(0.465530303030303, 1.0)",1,96.4943181818182,44301
"(0.3325757575757576, 0.999621212121212)",1,96.49393939393944,44302
"(0.8412162162162162, 0.9777027027027028)",3,96.49391891891888,44305
"(0.47625, 0.995)",1,96.49375000000012,44306
"(0.4975, 0.9925)",1,96.49374999999998,44307
"(0.56875, 0.98625)",1,96.49374999999996,44308
"(0.9571428571428572, 0.9714285714285714)",1,96.49285714285722,44309
"(0.9642857142857144, 0.9714285714285714)",1,96.4928571428572,44310
"(0.9607142857142856, 0.9607142857142856)",3,96.49285714285718,44313
"(0.925, 0.9607142857142856)",1,96.49285714285718,44314
"(0.9464285714285714, 0.9714285714285714)",2,96.49285714285718,44316
"(0.9285714285714286, 0.9714285714285714)",1,96.49285714285712,44317
"(0.875, 0.9678571428571427)",1,96.49285714285708,44318
"(0.95, 0.9678571428571427)",1,96.49285714285708,44319
"(0.9357142857142856, 0.9678571428571427)",1,96.49285714285703,44320
"(0.95, 0.9642857142857144)",1,96.49285714285703,44321
"(0.5265151515151515, 0.9981060606060606)",1,96.4928030303031,44322
"(0.5631756756756757, 0.9726351351351352)",2,96.4925675675676,44324
"(0.55125, 0.99625)",1,96.4925000000002,44325
"(0.8043918918918919, 0.9780405405405406)",3,96.49189189189192,44328
"(0.9208333333333332, 0.9791666666666666)",1,96.49166666666682,44329
"(0.9708333333333332, 0.9958333333333332)",2,96.49166666666676,44331
"(0.9916666666666668, 0.9958333333333332)",1,96.49166666666676,44332
"(0.9916666666666668, 0.9958333333333332)",2,96.49166666666672,44334
"(0.49375, 0.98625)",1,96.49124999999997,44335
"(0.8289473684210527, 0.9692982456140352)",1,96.4912280701756,44336
"(0.8552631578947368, 0.9692982456140352)",3,96.4912280701756,44339
"(0.8289473684210527, 0.9692982456140352)",1,96.4912280701756,44340
"(0.7149122807017544, 0.9736842105263158)",3,96.49122807017538,44343
"(0.6973684210526315, 0.9736842105263158)",1,96.49122807017538,44344
"(0.6228070175438597, 0.9736842105263158)",4,96.49122807017538,44348
"(0.7719298245614035, 0.9736842105263158)",1,96.49122807017538,44349
"(0.7084459459459459, 0.9760135135135136)",1,96.49121621621622,44350
"(0.7712837837837838, 0.9777027027027028)",1,96.49121621621622,44351
"(0.8412162162162162, 0.9780405405405406)",1,96.4905405405406,44352
"(0.2803030303030303, 0.9988636363636364)",1,96.49053030303034,44353
"(0.5709459459459459, 0.977027027027027)",1,96.49020270270265,44354
"(0.5175, 0.9875)",2,96.48999999999992,44356
"(0.46375, 0.9875)",1,96.48999999999988,44357
"(0.7084459459459459, 0.9783783783783784)",1,96.48952702702708,44358
"(0.9785714285714284, 0.9607142857142856)",3,96.48928571428574,44361
"(0.9535714285714286, 0.9714285714285714)",2,96.48928571428571,44363
"(0.9142857142857144, 0.9678571428571427)",1,96.48928571428566,44364
"(0.9214285714285714, 0.9678571428571427)",3,96.48928571428564,44367
"(0.9642857142857144, 0.9678571428571427)",1,96.48928571428564,44368
"(0.4571969696969697, 0.9988636363636364)",1,96.48901515151518,44369
"(0.49625, 0.99625)",1,96.4887500000002,44370
"(0.49, 0.9875)",1,96.48875000000012,44371
"(0.50875, 0.99125)",1,96.48874999999992,44372
"(0.7283783783783784, 0.979054054054054)",1,96.48851351351357,44373
"(0.7441860465116279, 0.9767441860465116)",1,96.48837209302336,44374
"(0.8604651162790697, 0.9767441860465116)",1,96.48837209302336,44375
"(0.7209302325581395, 0.9767441860465116)",2,96.48837209302336,44377
"(0.4534883720930232, 0.9767441860465116)",1,96.48837209302336,44378
"(0.7558139534883721, 0.9767441860465116)",1,96.48837209302336,44379
"(0.6744186046511628, 0.9767441860465116)",2,96.48837209302336,44381
"(0.3604651162790697, 0.9767441860465116)",1,96.48837209302336,44382
"(0.4883720930232558, 0.9767441860465116)",1,96.48837209302336,44383
"(0.7674418604651163, 0.9767441860465116)",1,96.48837209302336,44384
"(0.8604651162790697, 0.9767441860465116)",1,96.48837209302334,44385
"(0.7906976744186046, 0.9767441860465116)",1,96.48837209302334,44386
"(0.8023255813953488, 0.9651162790697676)",1,96.48837209302307,44387
"(0.8837209302325582, 0.9651162790697676)",1,96.48837209302307,44388
"(0.8372093023255814, 0.9651162790697676)",1,96.48837209302307,44389
"(0.8488372093023255, 0.9651162790697676)",1,96.48837209302307,44390
"(0.8604651162790697, 0.9651162790697676)",1,96.48837209302307,44391
"(0.8837209302325582, 0.9651162790697676)",3,96.48837209302307,44394
"(0.4545454545454545, 1.0)",1,96.4882575757576,44395
"(0.8402027027027027, 0.9763513513513512)",1,96.48817567567562,44396
"(0.6117424242424242, 1.0)",1,96.4878787878788,44397
"(0.9833333333333332, 0.9958333333333332)",1,96.48750000000008,44398
"(0.9916666666666668, 0.9958333333333332)",2,96.48750000000008,44400
"(0.9833333333333332, 0.9958333333333332)",1,96.48750000000004,44401
"(0.9916666666666668, 0.9958333333333332)",1,96.48750000000004,44402
"(0.9708333333333332, 0.9958333333333332)",1,96.48750000000004,44403
"(0.5545454545454546, 1.0)",1,96.48749999999998,44404
"(0.59875, 0.98125)",1,96.48749999999998,44405
"(0.775, 0.975)",3,96.48749999999988,44408
"(0.9, 0.975)",1,96.48749999999988,44409
"(0.8375, 0.975)",3,96.48749999999988,44412
"(0.85, 0.975)",2,96.48749999999988,44414
"(0.925, 0.975)",3,96.48749999999988,44417
"(0.8875, 0.975)",1,96.48749999999988,44418
"(0.8625, 0.975)",1,96.48749999999988,44419
"(0.925, 0.975)",3,96.48749999999988,44422
"(0.925, 0.975)",1,96.48749999999986,44423
"(0.8076923076923077, 0.9743589743589745)",1,96.48717948717972,44424
"(0.7692307692307693, 0.9871794871794872)",1,96.48717948717965,44425
"(0.7564102564102564, 0.9871794871794872)",1,96.48717948717962,44426
"(0.4230769230769231, 0.9871794871794872)",1,96.48717948717962,44427
"(0.8076923076923077, 0.9871794871794872)",1,96.48717948717962,44428
"(0.8461538461538461, 0.9871794871794872)",1,96.48717948717962,44429
"(0.7746621621621622, 0.979391891891892)",1,96.48716216216218,44430
"(0.868421052631579, 0.9692982456140352)",1,96.48684210526334,44431
"(0.8728070175438597, 0.9692982456140352)",3,96.48684210526334,44434
"(0.9078947368421052, 0.9692982456140352)",1,96.48684210526332,44435
"(0.8552631578947368, 0.9692982456140352)",1,96.48684210526332,44436
"(0.8026315789473685, 0.9736842105263158)",1,96.48684210526312,44437
"(0.6096491228070176, 0.9736842105263158)",1,96.48684210526312,44438
"(0.9166666666666666, 0.9736842105263158)",1,96.48684210526312,44439
"(0.7763157894736842, 0.9736842105263158)",1,96.48684210526312,44440
"(0.8991228070175439, 0.9736842105263158)",1,96.48684210526312,44441
"(0.9298245614035088, 0.9736842105263158)",3,96.48684210526312,44444
"(0.8552631578947368, 0.9736842105263158)",1,96.48684210526312,44445
"(0.7719298245614035, 0.9736842105263158)",1,96.4868421052631,44446
"(0.9078947368421052, 0.9649122807017544)",1,96.4868421052631,44447
"(0.8640350877192983, 0.9736842105263158)",1,96.4868421052631,44448
"(0.8289473684210527, 0.9736842105263158)",1,96.4868421052631,44449
"(0.7543918918918919, 0.9777027027027028)",1,96.48682432432427,44450
"(0.831081081081081, 0.9763513513513512)",1,96.48648648648646,44451
"(0.440530303030303, 0.9897727272727272)",1,96.4863636363636,44452
"(0.66625, 0.99)",1,96.48625,44453
"(0.8611111111111112, 0.9861111111111112)",1,96.48611111111131,44454
"(0.8194444444444444, 0.9861111111111112)",2,96.4861111111113,44456
"(0.7638888888888888, 0.9861111111111112)",1,96.4861111111113,44457
"(0.5, 0.9722222222222222)",1,96.48611111111128,44458
"(0.7222222222222222, 0.9722222222222222)",1,96.48611111111128,44459
"(0.8333333333333334, 0.9722222222222222)",2,96.48611111111128,44461
"(0.9166666666666666, 0.9722222222222222)",1,96.48611111111128,44462
"(0.8611111111111112, 1.0)",1,96.48611111111111,44463
"(0.7083333333333334, 1.0)",1,96.48611111111111,44464
"(0.8888888888888888, 1.0)",1,96.48611111111111,44465
"(0.5972222222222222, 1.0)",1,96.48611111111111,44466
"(0.3768939393939394, 0.9992424242424244)",1,96.48598484848492,44467
"(0.4791666666666667, 0.9977272727272728)",1,96.48598484848492,44468
"(0.9535714285714286, 0.9714285714285714)",1,96.48571428571432,44469
"(0.9428571428571428, 0.9714285714285714)",1,96.48571428571432,44470
"(0.9607142857142856, 0.9714285714285714)",1,96.48571428571432,44471
"(0.9428571428571428, 0.9678571428571427)",1,96.48571428571424,44472
"(0.9607142857142856, 0.9678571428571427)",3,96.48571428571422,44475
"(0.925, 0.9678571428571427)",1,96.4857142857142,44476
"(0.9285714285714286, 0.975)",1,96.4857142857142,44477
"(0.925, 0.975)",1,96.48571428571418,44478
"(0.875, 0.9642857142857144)",1,96.48571428571414,44479
"(0.4079545454545454, 0.9992424242424244)",1,96.4856060606061,44480
"(0.8722972972972973, 0.9712837837837838)",1,96.485472972973,44481
"(0.8033783783783783, 0.9712837837837838)",1,96.485472972973,44482
"(0.8891891891891892, 0.9743243243243244)",1,96.485472972973,44483
"(0.7996621621621621, 0.977027027027027)",1,96.4854729729729,44484
"(0.3295454545454545, 1.0)",1,96.48522727272734,44485
"(0.8445945945945946, 0.9763513513513512)",1,96.48513513513512,44486
"(0.4568181818181818, 1.0)",1,96.48484848484848,44487
"(0.793918918918919, 0.9773648648648648)",1,96.48479729729728,44488
"(0.4689393939393939, 1.0)",1,96.4844696969697,44489
"(0.6756756756756757, 0.9722972972972972)",2,96.4844594594595,44491
"(0.5393939393939394, 0.9981060606060606)",1,96.48409090909098,44492
"(0.3731060606060606, 1.0)",1,96.48409090909094,44493
"(0.8263513513513514, 0.9743243243243244)",1,96.4834459459459,44494
"(0.8, 0.9666666666666668)",1,96.48333333333348,44495
"(0.7666666666666667, 0.9666666666666668)",1,96.48333333333348,44496
"(0.9166666666666666, 0.9833333333333332)",1,96.4833333333334,44497
"(0.9833333333333332, 0.9958333333333332)",1,96.4833333333334,44498
"(0.8666666666666667, 0.9833333333333332)",1,96.4833333333334,44499
"(0.4731060606060606, 1.0)",1,96.48333333333336,44500
"(0.9875, 0.9958333333333332)",2,96.48333333333336,44502
"(0.975, 1.0)",1,96.48333333333336,44503
"(0.8833333333333333, 1.0)",1,96.48333333333332,44504
"(0.9166666666666666, 1.0)",1,96.48333333333332,44505
"(0.735472972972973, 0.972972972972973)",1,96.48310810810814,44506
"(0.5034090909090909, 0.9981060606060606)",1,96.4829545454546,44507
"(0.656439393939394, 1.0)",1,96.48295454545456,44508
"(0.6117424242424242, 1.0)",1,96.48295454545456,44509
"(0.8091216216216216, 0.979054054054054)",1,96.48277027027032,44510
"(0.8245614035087719, 0.9692982456140352)",2,96.48245614035103,44512
"(0.7719298245614035, 0.9692982456140352)",1,96.48245614035103,44513
"(0.7675438596491229, 0.9692982456140352)",2,96.48245614035103,44515
"(0.8157894736842105, 0.9692982456140352)",3,96.48245614035103,44518
"(0.8114035087719298, 0.9692982456140352)",1,96.48245614035103,44519
"(0.9429824561403508, 0.9912280701754386)",2,96.48245614035083,44521
"(0.7149122807017544, 0.9736842105263158)",1,96.48245614035083,44522
"(0.8070175438596491, 0.9736842105263158)",1,96.48245614035082,44523
"(0.8640350877192983, 0.9649122807017544)",1,96.4824561403508,44524
"(0.4799242424242424, 1.0)",1,96.482196969697,44525
"(0.9535714285714286, 0.9714285714285714)",1,96.4821428571429,44526
"(0.9607142857142856, 0.9607142857142856)",1,96.48214285714288,44527
"(0.9357142857142856, 0.9714285714285714)",1,96.48214285714288,44528
"(0.9535714285714286, 0.9714285714285714)",1,96.48214285714288,44529
"(0.9607142857142856, 0.9714285714285714)",1,96.48214285714288,44530
"(0.8857142857142857, 0.9714285714285714)",1,96.48214285714288,44531
"(0.9107142857142856, 0.9678571428571427)",2,96.4821428571428,44533
"(0.9392857142857144, 0.9678571428571427)",1,96.4821428571428,44534
"(0.9464285714285714, 0.9678571428571427)",1,96.4821428571428,44535
"(0.8964285714285715, 0.9642857142857144)",1,96.48214285714272,44536
"(0.9357142857142856, 0.975)",1,96.48214285714272,44537
"(0.8449324324324324, 0.9777027027027028)",1,96.4820945945946,44538
"(0.4613636363636363, 1.0)",3,96.4818181818182,44541
"(0.4636363636363636, 1.0)",1,96.4814393939394,44542
"(0.4553030303030303, 0.999621212121212)",1,96.4814393939394,44543
"(0.7746621621621622, 0.9753378378378378)",1,96.48074324324315,44544
"(0.525, 0.975)",1,96.48040540540536,44545
"(0.4291666666666666, 0.9992424242424244)",1,96.4803030303031,44546
"(0.9131756756756756, 0.970945945945946)",1,96.4800675675676,44547
"(0.8402027027027027, 0.9780405405405406)",3,96.48006756756756,44550
"(0.7429054054054054, 0.9702702702702702)",2,96.47972972972973,44552
"(0.9833333333333332, 0.9958333333333332)",1,96.47916666666676,44553
"(0.9833333333333332, 0.9958333333333332)",1,96.47916666666674,44554
"(0.4852272727272727, 0.9981060606060606)",1,96.47916666666671,44555
"(0.7827702702702702, 0.9692567567567568)",2,96.47871621621626,44557
"(0.7496621621621622, 0.9773648648648648)",1,96.4787162162162,44558
"(0.8928571428571429, 0.9714285714285714)",1,96.47857142857148,44559
"(0.9571428571428572, 0.9607142857142856)",1,96.47857142857148,44560
"(0.9535714285714286, 0.9714285714285714)",1,96.47857142857146,44561
"(0.9321428571428572, 0.9607142857142856)",1,96.47857142857144,44562
"(0.9642857142857144, 0.9607142857142856)",2,96.47857142857144,44564
"(0.9714285714285714, 0.9785714285714284)",1,96.4785714285714,44565
"(0.8071428571428572, 0.9678571428571427)",1,96.47857142857136,44566
"(0.9607142857142856, 0.9571428571428572)",3,96.47857142857136,44569
"(0.9392857142857144, 0.975)",1,96.47857142857131,44570
"(0.4920454545454545, 0.996969696969697)",3,96.47840909090915,44573
"(0.456060606060606, 0.9981060606060606)",1,96.47840909090912,44574
"(0.768918918918919, 0.977027027027027)",1,96.47837837837837,44575
"(0.8728070175438597, 0.9692982456140352)",1,96.47807017543876,44576
"(0.9078947368421052, 0.9692982456140352)",1,96.47807017543876,44577
"(0.8947368421052632, 0.9692982456140352)",1,96.47807017543876,44578
"(0.75, 0.9692982456140352)",2,96.47807017543876,44580
"(0.5657894736842105, 0.9780701754385964)",1,96.47807017543876,44581
"(0.868421052631579, 0.9692982456140352)",1,96.47807017543876,44582
"(0.8289473684210527, 0.9692982456140352)",1,96.47807017543876,44583
"(0.7807017543859649, 0.9692982456140352)",1,96.47807017543876,44584
"(0.8245614035087719, 0.9692982456140352)",2,96.47807017543876,44586
"(0.8640350877192983, 0.9692982456140352)",1,96.47807017543876,44587
"(0.9078947368421052, 0.9912280701754386)",1,96.47807017543856,44588
"(0.868421052631579, 0.9736842105263158)",3,96.47807017543856,44591
"(0.8640350877192983, 0.9736842105263158)",1,96.47807017543856,44592
"(0.9210526315789472, 0.9736842105263158)",1,96.47807017543856,44593
"(0.8771929824561403, 0.9736842105263158)",2,96.47807017543856,44595
"(0.8026315789473685, 0.9736842105263158)",1,96.47807017543852,44596
"(0.51875, 0.99125)",1,96.47750000000008,44597
"(0.515, 0.985)",1,96.47750000000002,44598
"(0.4632575757575757, 0.9962121212121212)",3,96.47727272727283,44601
"(0.8672297297297298, 0.9783783783783784)",1,96.477027027027,44602
"(0.6744186046511628, 0.9767441860465116)",1,96.47674418604662,44603
"(0.8837209302325582, 0.9767441860465116)",2,96.47674418604662,44605
"(0.8372093023255814, 0.9767441860465116)",1,96.47674418604662,44606
"(0.4883720930232558, 0.9767441860465116)",1,96.47674418604662,44607
"(0.6976744186046512, 0.9767441860465116)",1,96.47674418604662,44608
"(0.7906976744186046, 0.9767441860465116)",2,96.4767441860466,44610
"(0.7674418604651163, 0.9767441860465116)",1,96.4767441860466,44611
"(0.6976744186046512, 0.9767441860465116)",2,96.4767441860466,44613
"(0.6046511627906976, 0.9767441860465116)",1,96.4767441860466,44614
"(0.7558139534883721, 0.9767441860465116)",1,96.4767441860466,44615
"(0.8837209302325582, 0.9767441860465116)",1,96.4767441860466,44616
"(0.8953488372093024, 0.9767441860465116)",1,96.4767441860466,44617
"(0.9186046511627908, 0.9767441860465116)",1,96.4767441860466,44618
"(0.6162790697674418, 1.0)",1,96.47674418604652,44619
"(0.872093023255814, 0.9651162790697676)",1,96.47674418604636,44620
"(0.8604651162790697, 0.9651162790697676)",1,96.47674418604636,44621
"(0.9302325581395348, 0.9651162790697676)",1,96.47674418604636,44622
"(0.8953488372093024, 0.9651162790697676)",1,96.47674418604636,44623
"(0.8488372093023255, 0.9651162790697676)",1,96.47674418604636,44624
"(0.8953488372093024, 0.9651162790697676)",1,96.47674418604632,44625
"(0.9302325581395348, 0.9651162790697676)",1,96.47674418604632,44626
"(0.7429054054054054, 0.9746621621621622)",1,96.47635135135133,44627
"(0.48625, 0.99)",2,96.47625000000004,44629
"(0.5486486486486486, 0.972972972972973)",2,96.47601351351352,44631
"(0.4583333333333333, 0.9984848484848484)",1,96.47575757575764,44632
"(0.9135135135135136, 0.9773648648648648)",1,96.4756756756756,44633
"(0.3318181818181818, 1.0)",1,96.4753787878788,44634
"(0.9791666666666666, 0.9958333333333332)",1,96.47500000000008,44635
"(0.9791666666666666, 0.9958333333333332)",1,96.47500000000004,44636
"(0.9875, 0.9958333333333332)",2,96.47500000000002,44638
"(0.4943181818181818, 0.9992424242424244)",1,96.47500000000002,44639
"(0.975, 0.9958333333333332)",1,96.47500000000002,44640
"(0.839527027027027, 0.979054054054054)",3,96.475,44643
"(0.5325, 0.99375)",1,96.475,44644
"(0.9535714285714286, 0.9714285714285714)",1,96.47499999999998,44645
"(0.875, 0.9678571428571427)",1,96.47499999999997,44646
"(0.9464285714285714, 0.9678571428571427)",3,96.47499999999997,44649
"(0.60875, 0.98875)",1,96.47499999999997,44650
"(0.47875, 0.985)",1,96.47499999999997,44651
"(0.9035714285714286, 0.9678571428571427)",3,96.47499999999997,44654
"(0.875, 0.9678571428571427)",1,96.47499999999994,44655
"(0.9357142857142856, 0.9678571428571427)",1,96.47499999999994,44656
"(0.9607142857142856, 0.9571428571428572)",1,96.47499999999992,44657
"(0.9392857142857144, 0.9678571428571427)",3,96.47499999999992,44660
"(0.875, 0.975)",1,96.47499999999988,44661
"(0.925, 0.975)",1,96.47499999999988,44662
"(0.8875, 0.975)",2,96.47499999999988,44664
"(0.95, 0.975)",1,96.47499999999988,44665
"(0.95, 0.975)",1,96.47499999999988,44666
"(0.9125, 0.975)",2,96.47499999999988,44668
"(0.85, 0.975)",1,96.47499999999988,44669
"(0.8375, 0.975)",1,96.47499999999988,44670
"(0.9535714285714286, 0.975)",1,96.47499999999988,44671
"(0.925, 0.975)",2,96.47499999999988,44673
"(0.9535714285714286, 0.975)",1,96.47499999999984,44674
"(0.50375, 0.98875)",1,96.4749999999998,44675
"(0.8043918918918919, 0.9777027027027028)",1,96.4746621621622,44676
"(0.543939393939394, 1.0)",1,96.47462121212124,44677
"(0.2147727272727272, 1.0)",3,96.47462121212122,44680
"(0.6321969696969697, 0.9863636363636364)",3,96.4746212121211,44683
"(0.8205128205128205, 0.9743589743589745)",3,96.47435897435922,44686
"(0.7307692307692307, 0.9743589743589745)",1,96.47435897435922,44687
"(0.6794871794871795, 0.9871794871794872)",2,96.4743589743591,44689
"(0.282051282051282, 0.9871794871794872)",2,96.4743589743591,44691
"(0.4358974358974359, 0.9871794871794872)",6,96.4743589743591,44697
"(0.5769230769230769, 0.9871794871794872)",1,96.4743589743591,44698
"(0.4487179487179487, 0.9871794871794872)",1,96.4743589743591,44699
"(0.3333333333333333, 0.9871794871794872)",1,96.4743589743591,44700
"(0.1923076923076923, 1.0)",1,96.47435897435898,44701
"(0.5320945945945946, 0.9726351351351352)",2,96.4743243243243,44703
"(0.8672297297297298, 0.9736486486486486)",2,96.47398648648644,44705
"(0.605, 0.99625)",1,96.47375000000008,44706
"(0.545, 0.98375)",1,96.47375,44707
"(0.8859649122807017, 0.9692982456140352)",1,96.47368421052649,44708
"(0.8289473684210527, 0.9692982456140352)",3,96.47368421052649,44711
"(0.8640350877192983, 0.9692982456140352)",3,96.47368421052649,44714
"(0.8157894736842105, 0.9692982456140352)",1,96.47368421052649,44715
"(0.9429824561403508, 0.9692982456140352)",1,96.47368421052649,44716
"(0.8991228070175439, 0.9692982456140352)",1,96.47368421052649,44717
"(0.9035087719298246, 0.9692982456140352)",3,96.47368421052649,44720
"(0.9473684210526316, 0.9912280701754386)",1,96.47368421052629,44721
"(0.5394736842105263, 0.9736842105263158)",3,96.47368421052626,44724
"(0.5570175438596491, 0.9736842105263158)",1,96.47368421052626,44725
"(0.9298245614035088, 0.9736842105263158)",1,96.47368421052626,44726
"(0.8289473684210527, 0.9736842105263158)",1,96.47368421052626,44727
"(0.6798245614035088, 0.9736842105263158)",1,96.47368421052626,44728
"(0.8114035087719298, 0.9736842105263158)",3,96.47368421052626,44731
"(0.7456140350877193, 0.9736842105263158)",1,96.47368421052626,44732
"(0.912280701754386, 0.9736842105263158)",1,96.47368421052626,44733
"(0.9078947368421052, 0.9649122807017544)",1,96.47368421052624,44734
"(0.8412162162162162, 0.9702702702702702)",2,96.47331081081086,44736
"(0.8108108108108109, 0.979054054054054)",1,96.47297297297308,44737
"(0.908445945945946, 0.9746621621621622)",1,96.47263513513508,44738
"(0.59625, 0.98875)",1,96.47249999999995,44739
"(0.49875, 0.9925)",1,96.47249999999995,44740
"(0.75, 0.9722222222222222)",1,96.4722222222224,44741
"(0.7638888888888888, 0.9722222222222222)",1,96.4722222222224,44742
"(0.5972222222222222, 0.9722222222222222)",2,96.4722222222224,44744
"(0.6944444444444444, 0.9861111111111112)",1,96.4722222222224,44745
"(0.9444444444444444, 0.9722222222222222)",2,96.4722222222224,44747
"(0.8472222222222222, 0.9722222222222222)",1,96.4722222222224,44748
"(0.8055555555555556, 0.9722222222222222)",1,96.4722222222224,44749
"(0.6944444444444444, 0.9722222222222222)",3,96.4722222222224,44752
"(0.9444444444444444, 0.9861111111111112)",2,96.4722222222224,44754
"(0.8611111111111112, 0.9722222222222222)",2,96.4722222222224,44756
"(0.8194444444444444, 0.9722222222222222)",2,96.4722222222224,44758
"(0.9027777777777778, 0.9722222222222222)",1,96.4722222222224,44759
"(0.8888888888888888, 0.9722222222222222)",1,96.4722222222224,44760
"(0.7777777777777778, 0.9861111111111112)",1,96.4722222222224,44761
"(0.7083333333333334, 0.9722222222222222)",1,96.4722222222224,44762
"(0.9861111111111112, 0.9722222222222222)",1,96.4722222222224,44763
"(0.7222222222222222, 0.9722222222222222)",2,96.4722222222224,44765
"(0.9166666666666666, 0.9861111111111112)",1,96.4722222222224,44766
"(0.875, 0.9722222222222222)",1,96.4722222222224,44767
"(0.8194444444444444, 0.9861111111111112)",2,96.4722222222224,44769
"(0.8194444444444444, 1.0)",1,96.47222222222224,44770
"(0.7916666666666666, 1.0)",1,96.47222222222224,44771
"(0.7777777777777778, 1.0)",1,96.47222222222224,44772
"(0.8333333333333334, 1.0)",1,96.47222222222224,44773
"(0.6111111111111112, 1.0)",1,96.47222222222224,44774
"(0.7283783783783784, 0.9756756756756756)",2,96.47195945945944,44776
"(0.9327702702702704, 0.9736486486486486)",2,96.4719594594594,44778
"(0.3295454545454545, 0.9981060606060606)",3,96.47159090909102,44781
"(0.9357142857142856, 0.9607142857142856)",1,96.47142857142858,44782
"(0.9535714285714286, 0.9678571428571427)",1,96.47142857142856,44783
"(0.8928571428571429, 0.9678571428571427)",3,96.47142857142852,44786
"(0.9392857142857144, 0.9678571428571427)",3,96.47142857142852,44789
"(0.9535714285714286, 0.9571428571428572)",3,96.47142857142852,44792
"(0.8857142857142857, 0.9678571428571427)",1,96.47142857142852,44793
"(0.9428571428571428, 0.9571428571428572)",1,96.47142857142848,44794
"(0.66375, 0.98375)",1,96.47125,44795
"(0.5775, 0.97875)",1,96.47124999999998,44796
"(0.4943181818181818, 1.0)",1,96.47121212121212,44797
"(0.7469594594594594, 0.9753378378378378)",1,96.47094594594594,44798
"(0.4204545454545454, 0.9973484848484848)",1,96.47083333333345,44799
"(0.9833333333333332, 0.9958333333333332)",1,96.47083333333342,44800
"(0.9875, 0.9958333333333332)",2,96.4708333333334,44802
"(0.9791666666666666, 0.9958333333333332)",1,96.4708333333334,44803
"(0.9958333333333332, 0.9958333333333332)",1,96.47083333333336,44804
"(0.4087121212121212, 1.0)",1,96.47083333333332,44805
"(0.9791666666666666, 1.0)",1,96.4708333333333,44806
"(0.3814393939393939, 0.9946969696969696)",1,96.47083333333326,44807
"(0.51375, 0.995)",2,96.47000000000014,44809
"(0.4575, 0.99)",1,96.46999999999991,44810
"(0.8810810810810811, 0.9699324324324324)",1,96.46993243243244,44811
"(0.5344594594594595, 0.975)",2,96.46959459459454,44813
"(0.456060606060606, 0.999621212121212)",1,96.46931818181824,44814
"(0.5443181818181818, 0.993939393939394)",1,96.46931818181814,44815
"(0.8245614035087719, 0.9692982456140352)",1,96.4692982456142,44816
"(0.7763157894736842, 0.9692982456140352)",1,96.4692982456142,44817
"(0.8991228070175439, 0.9692982456140352)",1,96.4692982456142,44818
"(0.8728070175438597, 0.9692982456140352)",4,96.4692982456142,44822
"(0.868421052631579, 0.9736842105263158)",2,96.46929824561398,44824
"(0.7763157894736842, 0.9736842105263158)",1,96.46929824561398,44825
"(0.9078947368421052, 0.9736842105263158)",2,96.46929824561398,44827
"(0.5394736842105263, 0.9736842105263158)",1,96.46929824561398,44828
"(0.6973684210526315, 0.9736842105263158)",1,96.46929824561396,44829
"(0.9078947368421052, 0.9736842105263158)",2,96.46929824561396,44831
"(0.8114035087719298, 0.9736842105263158)",1,96.46929824561396,44832
"(0.9298245614035088, 0.9736842105263158)",1,96.46929824561396,44833
"(0.8324324324324325, 0.975)",1,96.46925675675668,44834
"(0.49375, 0.99375)",2,96.4687500000002,44836
"(0.49625, 0.9975)",1,96.46875000000018,44837
"(0.5175, 0.9925)",1,96.4687499999999,44838
"(0.51375, 0.99125)",1,96.46874999999984,44839
"(0.9354729729729728, 0.9702702702702702)",2,96.46858108108113,44841
"(0.6006756756756757, 0.9753378378378378)",1,96.46858108108108,44842
"(0.8324324324324325, 0.9763513513513512)",1,96.468581081081,44843
"(0.4761363636363636, 0.9954545454545456)",3,96.46856060606076,44846
"(0.8513513513513513, 0.9743243243243244)",2,96.4682432432433,44848
"(0.8885135135135135, 0.9716216216216216)",1,96.4682432432433,44849
"(0.8952702702702703, 0.972972972972973)",1,96.46824324324324,44850
"(0.4943181818181818, 0.9833333333333332)",1,96.46818181818188,44851
"(0.9571428571428572, 0.9714285714285714)",1,96.4678571428572,44852
"(0.95, 0.9714285714285714)",1,96.46785714285718,44853
"(0.9392857142857144, 0.9714285714285714)",1,96.46785714285716,44854
"(0.9142857142857144, 0.9714285714285714)",1,96.46785714285716,44855
"(0.9642857142857144, 0.9714285714285714)",1,96.46785714285716,44856
"(0.9607142857142856, 0.9678571428571427)",1,96.46785714285711,44857
"(0.9142857142857144, 0.9678571428571427)",1,96.46785714285711,44858
"(0.9464285714285714, 0.9678571428571427)",1,96.4678571428571,44859
"(0.9607142857142856, 0.9678571428571427)",3,96.46785714285708,44862
"(0.9535714285714286, 0.9678571428571427)",1,96.46785714285708,44863
"(0.8071428571428572, 0.9642857142857144)",1,96.467857142857,44864
"(0.8810810810810811, 0.975)",2,96.46756756756751,44866
"(0.49375, 0.99875)",2,96.46750000000009,44868
"(0.63125, 0.99375)",1,96.46750000000006,44869
"(0.6685606060606061, 1.0)",1,96.46742424242424,44870
"(0.7477272727272727, 1.0)",1,96.46742424242424,44871
"(0.5402027027027027, 0.9824324324324324)",1,96.46722972972978,44872
"(0.8087837837837838, 0.972972972972973)",1,96.46722972972977,44873
"(0.5094594594594595, 0.9736486486486486)",2,96.46722972972974,44875
"(0.4518939393939394, 0.9943181818181818)",3,96.46704545454556,44878
"(0.518581081081081, 0.9746621621621622)",2,96.4668918918919,44880
"(0.7925675675675675, 0.977027027027027)",1,96.46689189189183,44881
"(0.8333333333333334, 0.9666666666666668)",1,96.46666666666682,44882
"(0.85, 0.9666666666666668)",1,96.46666666666682,44883
"(0.9875, 0.9958333333333332)",1,96.46666666666675,44884
"(0.95, 0.9958333333333332)",1,96.46666666666675,44885
"(0.9833333333333332, 0.9958333333333332)",1,96.46666666666675,44886
"(0.9708333333333332, 0.9958333333333332)",2,96.46666666666673,44888
"(0.8666666666666667, 0.9833333333333332)",1,96.46666666666673,44889
"(0.4613636363636363, 1.0)",1,96.46666666666664,44890
"(0.9833333333333332, 1.0)",1,96.4666666666666,44891
"(0.847972972972973, 0.9712837837837838)",1,96.46655405405411,44892
"(0.59375, 0.98)",1,96.46625000000004,44893
"(0.6025, 0.9925)",1,96.46625000000002,44894
"(0.3393939393939394, 0.9890151515151516)",1,96.46590909090908,44895
"(0.4492424242424242, 1.0)",3,96.46515151515152,44898
"(0.6046511627906976, 0.9767441860465116)",1,96.46511627906987,44899
"(0.3604651162790697, 0.9767441860465116)",1,96.46511627906987,44900
"(0.8372093023255814, 0.9767441860465116)",1,96.46511627906987,44901
"(0.872093023255814, 0.9767441860465116)",1,96.46511627906987,44902
"(0.6511627906976745, 0.9767441860465116)",1,96.46511627906987,44903
"(0.6976744186046512, 0.9767441860465116)",1,96.46511627906987,44904
"(0.8255813953488372, 0.9767441860465116)",1,96.46511627906987,44905
"(0.813953488372093, 0.9767441860465116)",1,96.46511627906987,44906
"(0.3023255813953488, 0.9767441860465116)",2,96.46511627906987,44908
"(0.7441860465116279, 0.9767441860465116)",1,96.46511627906986,44909
"(0.7093023255813954, 0.9767441860465116)",1,96.46511627906986,44910
"(0.8837209302325582, 0.9767441860465116)",1,96.46511627906986,44911
"(0.7906976744186046, 0.9767441860465116)",1,96.46511627906986,44912
"(0.8953488372093024, 0.9767441860465116)",1,96.46511627906986,44913
"(0.9651162790697676, 0.9767441860465116)",1,96.46511627906986,44914
"(0.6976744186046512, 0.9767441860465116)",1,96.46511627906986,44915
"(0.8953488372093024, 0.9651162790697676)",1,96.4651162790696,44916
"(0.8837209302325582, 0.9651162790697676)",1,96.4651162790696,44917
"(0.9767441860465116, 0.9651162790697676)",1,96.4651162790696,44918
"(0.8488372093023255, 0.9651162790697676)",1,96.4651162790696,44919
"(0.813953488372093, 0.9651162790697676)",1,96.46511627906958,44920
"(0.868421052631579, 0.9692982456140352)",3,96.46491228070192,44923
"(0.8114035087719298, 0.9736842105263158)",1,96.46491228070172,44924
"(0.7412280701754386, 0.9736842105263158)",1,96.4649122807017,44925
"(0.9078947368421052, 0.9736842105263158)",1,96.4649122807017,44926
"(0.9342105263157896, 0.9736842105263158)",1,96.4649122807017,44927
"(0.7280701754385965, 0.9736842105263158)",1,96.4649122807017,44928
"(0.925438596491228, 0.9736842105263158)",1,96.4649122807017,44929
"(0.8991228070175439, 0.9736842105263158)",1,96.4649122807017,44930
"(0.9166666666666666, 0.9736842105263158)",2,96.4649122807017,44932
"(0.7763157894736842, 0.9736842105263158)",2,96.4649122807017,44934
"(0.8552631578947368, 0.9649122807017544)",3,96.46491228070168,44937
"(0.9078947368421052, 0.9649122807017544)",3,96.46491228070168,44940
"(0.831081081081081, 0.9743243243243244)",2,96.46486486486486,44942
"(0.8324324324324325, 0.975)",2,96.46486486486484,44944
"(0.8753378378378378, 0.9743243243243244)",1,96.464527027027,44945
"(0.9428571428571428, 0.9607142857142856)",3,96.46428571428572,44948
"(0.9607142857142856, 0.9714285714285714)",1,96.46428571428572,44949
"(0.9107142857142856, 0.9714285714285714)",1,96.46428571428572,44950
"(0.9714285714285714, 0.9714285714285714)",1,96.46428571428568,44951
"(0.9428571428571428, 0.9678571428571427)",3,96.46428571428564,44954
"(0.9428571428571428, 0.9571428571428572)",1,96.46428571428564,44955
"(0.9392857142857144, 0.9678571428571427)",3,96.46428571428564,44958
"(0.9107142857142856, 0.9678571428571427)",1,96.46428571428562,44959
"(0.4285714285714285, 0.975)",1,96.4642857142856,44960
"(0.9392857142857144, 0.9642857142857144)",2,96.46428571428558,44962
"(0.9571428571428572, 0.9642857142857144)",1,96.46428571428557,44963
"(0.9571428571428572, 0.975)",1,96.46428571428554,44964
"(0.8412162162162162, 0.9743243243243244)",2,96.46418918918916,44966
"(0.4583333333333333, 0.9992424242424244)",1,96.46401515151516,44967
"(0.8081081081081081, 0.9783783783783784)",1,96.46385135135137,44968
"(0.49875, 0.9975)",1,96.46375000000012,44969
"(0.49375, 0.99375)",1,96.46375000000003,44970
"(0.48125, 0.99)",1,96.46374999999988,44971
"(0.54625, 0.98875)",1,96.46374999999988,44972
"(0.5272727272727272, 0.987121212121212)",1,96.46363636363638,44973
"(0.7925675675675675, 0.9787162162162162)",1,96.46351351351352,44974
"(0.4488636363636363, 1.0)",1,96.46325757575757,44975
"(0.8135135135135135, 0.9773648648648648)",1,96.4631756756756,44976
"(0.9300675675675676, 0.9780405405405406)",3,96.46283783783784,44979
"(0.8043918918918919, 0.9746621621621622)",2,96.46283783783784,44981
"(0.9916666666666668, 0.9958333333333332)",1,96.4625000000001,44982
"(0.9541666666666668, 0.9958333333333332)",2,96.4625000000001,44984
"(0.9791666666666666, 0.9958333333333332)",2,96.4625000000001,44986
"(0.50875, 0.99375)",1,96.46250000000008,44987
"(0.9833333333333332, 0.9958333333333332)",1,96.46250000000008,44988
"(0.975, 0.9958333333333332)",1,96.46250000000006,44989
"(0.9666666666666668, 0.9958333333333332)",1,96.46250000000003,44990
"(0.9875, 0.9958333333333332)",1,96.46250000000002,44991
"(0.9833333333333332, 0.9958333333333332)",1,96.46250000000002,44992
"(0.925, 0.975)",1,96.46249999999988,44993
"(0.8875, 0.975)",3,96.46249999999988,44996
"(0.8375, 0.975)",2,96.46249999999988,44998
"(0.9, 0.975)",1,96.46249999999988,44999
"(0.875, 0.975)",1,96.46249999999988,45000
"(0.85, 0.975)",2,96.46249999999988,45002
"(0.8125, 0.975)",2,96.46249999999986,45004
"(0.875, 0.975)",2,96.46249999999986,45006
"(0.4875, 0.975)",2,96.46249999999986,45008
"(0.5925, 0.99)",1,96.46249999999984,45009
"(0.7996621621621621, 0.9756756756756756)",1,96.46216216216216,45010
"(0.9037162162162162, 0.975)",1,96.46216216216212,45011
"(0.5428030303030303, 1.0)",3,96.46174242424244,45014
"(0.782051282051282, 0.9743589743589745)",3,96.46153846153872,45017
"(0.717948717948718, 0.9871794871794872)",1,96.4615384615386,45018
"(0.4615384615384615, 0.9871794871794872)",1,96.4615384615386,45019
"(0.7051282051282052, 0.9871794871794872)",1,96.4615384615386,45020
"(0.6794871794871795, 0.9871794871794872)",1,96.4615384615386,45021
"(0.8205128205128205, 0.9871794871794872)",1,96.4615384615386,45022
"(0.4230769230769231, 0.9871794871794872)",1,96.4615384615386,45023
"(0.1794871794871795, 1.0)",3,96.46153846153848,45026
"(0.48375, 0.99125)",1,96.46124999999988,45027
"(0.49125, 0.99125)",1,96.46124999999982,45028
"(0.4518939393939394, 0.9821969696969696)",1,96.4609848484849,45029
"(0.456060606060606, 0.9992424242424244)",1,96.46098484848488,45030
"(0.4659090909090909, 0.9757575757575756)",1,96.46098484848484,45031
"(0.7283783783783784, 0.979391891891892)",1,96.46081081081076,45032
"(0.9642857142857144, 0.9714285714285714)",2,96.46071428571432,45034
"(0.9607142857142856, 0.9785714285714284)",2,96.46071428571426,45036
"(0.9142857142857144, 0.9678571428571427)",1,96.46071428571425,45037
"(0.9571428571428572, 0.9678571428571427)",1,96.46071428571425,45038
"(0.925, 0.9678571428571427)",1,96.46071428571425,45039
"(0.9428571428571428, 0.9642857142857144)",1,96.4607142857142,45040
"(0.9107142857142856, 0.975)",1,96.46071428571416,45041
"(0.6666666666666666, 0.9692982456140352)",1,96.46052631578964,45042
"(0.7149122807017544, 0.9736842105263158)",1,96.46052631578942,45043
"(0.7149122807017544, 0.9912280701754386)",1,96.46052631578942,45044
"(0.8728070175438597, 0.9736842105263158)",2,96.46052631578942,45046
"(0.8596491228070176, 0.9736842105263158)",1,96.46052631578942,45047
"(0.8596491228070176, 0.9736842105263158)",2,96.4605263157894,45049
"(0.9166666666666666, 0.9736842105263158)",1,96.4605263157894,45050
"(0.8070175438596491, 0.9736842105263158)",3,96.4605263157894,45053
"(0.868421052631579, 0.9736842105263158)",1,96.4605263157894,45054
"(0.8216216216216217, 0.9760135135135136)",1,96.46013513513503,45055
"(0.50625, 0.9975)",1,96.46000000000006,45056
"(0.55375, 0.98125)",1,96.45999999999997,45057
"(0.57125, 0.99875)",1,96.45999999999997,45058
"(0.49625, 0.99125)",1,96.45999999999988,45059
"(0.5303030303030303, 1.0)",1,96.4594696969697,45060
"(0.5709459459459459, 0.9753378378378378)",2,96.45912162162152,45062
"(0.5121212121212121, 0.9962121212121212)",3,96.45909090909105,45065
"(0.8324324324324325, 0.979054054054054)",1,96.45878378378384,45066
"(0.8780405405405406, 0.9753378378378378)",1,96.45878378378376,45067
"(0.5075, 0.9925)",1,96.45875000000017,45068
"(0.495, 0.99125)",1,96.45874999999988,45069
"(0.7746621621621622, 0.9763513513513512)",1,96.45844594594593,45070
"(0.8333333333333334, 0.9722222222222222)",1,96.45833333333351,45071
"(0.8888888888888888, 0.9861111111111112)",2,96.45833333333351,45073
"(0.875, 0.9861111111111112)",1,96.45833333333351,45074
"(0.6805555555555556, 0.9722222222222222)",1,96.45833333333351,45075
"(0.8472222222222222, 0.9722222222222222)",2,96.45833333333351,45077
"(0.8611111111111112, 0.9861111111111112)",1,96.45833333333351,45078
"(0.875, 0.9722222222222222)",2,96.45833333333351,45080
"(0.8194444444444444, 0.9861111111111112)",1,96.45833333333351,45081
"(0.9305555555555556, 0.9722222222222222)",2,96.45833333333351,45083
"(0.625, 0.9722222222222222)",1,96.45833333333351,45084
"(0.625, 0.9722222222222222)",1,96.4583333333335,45085
"(0.8194444444444444, 0.9722222222222222)",1,96.4583333333335,45086
"(0.7222222222222222, 0.9722222222222222)",2,96.4583333333335,45088
"(0.8611111111111112, 0.9722222222222222)",2,96.4583333333335,45090
"(0.8888888888888888, 0.9722222222222222)",1,96.4583333333335,45091
"(0.8333333333333334, 0.9722222222222222)",1,96.4583333333335,45092
"(0.9708333333333332, 0.9958333333333332)",1,96.4583333333334,45093
"(0.875, 1.0)",1,96.45833333333334,45094
"(0.8055555555555556, 1.0)",1,96.45833333333331,45095
"(0.625, 1.0)",1,96.45833333333331,45096
"(0.5925675675675676, 0.9777027027027028)",1,96.45777027027025,45097
"(0.3678030303030303, 0.9988636363636364)",1,96.45757575757575,45098
"(0.67, 0.9825)",1,96.4575,45099
"(0.8928571428571429, 0.9714285714285714)",1,96.45714285714293,45100
"(0.9357142857142856, 0.9714285714285714)",1,96.45714285714288,45101
"(0.8928571428571429, 0.9678571428571427)",3,96.45714285714284,45104
"(0.8928571428571429, 0.9678571428571427)",3,96.4571428571428,45107
"(0.9285714285714286, 0.9678571428571427)",3,96.4571428571428,45110
"(0.9142857142857144, 0.9678571428571427)",2,96.4571428571428,45112
"(0.875, 0.9678571428571427)",3,96.4571428571428,45115
"(0.95, 0.9678571428571427)",1,96.45714285714278,45116
"(0.95, 0.975)",1,96.45714285714271,45117
"(0.9392857142857144, 0.9642857142857144)",1,96.45714285714271,45118
"(0.9571428571428572, 0.9642857142857144)",1,96.4571428571427,45119
"(0.8357142857142857, 0.975)",1,96.45714285714268,45120
"(0.868421052631579, 0.9692982456140352)",1,96.45614035087738,45121
"(0.8464912280701754, 0.9692982456140352)",1,96.45614035087736,45122
"(0.8728070175438597, 0.9692982456140352)",7,96.45614035087736,45129
"(0.868421052631579, 0.9692982456140352)",1,96.45614035087736,45130
"(0.8640350877192983, 0.9692982456140352)",3,96.45614035087736,45133
"(0.8640350877192983, 0.9692982456140352)",3,96.45614035087736,45136
"(0.8991228070175439, 0.9736842105263158)",1,96.45614035087716,45137
"(0.7456140350877193, 0.9736842105263158)",1,96.45614035087712,45138
"(0.7719298245614035, 0.9736842105263158)",1,96.45614035087712,45139
"(0.7280701754385965, 0.9736842105263158)",2,96.45614035087712,45141
"(0.8771929824561403, 0.9736842105263158)",1,96.45614035087712,45142
"(0.9166666666666666, 0.9736842105263158)",1,96.45614035087712,45143
"(0.9078947368421052, 0.9649122807017544)",1,96.45614035087712,45144
"(0.8245614035087719, 0.9736842105263158)",1,96.45614035087712,45145
"(0.8771929824561403, 0.9736842105263158)",1,96.45614035087712,45146
"(0.9078947368421052, 0.9736842105263158)",1,96.45614035087712,45147
"(0.7412280701754386, 0.9736842105263158)",3,96.45614035087712,45150
"(0.8885135135135135, 0.9783783783783784)",1,96.45608108108114,45151
"(0.67125, 0.9925)",1,96.45499999999996,45152
"(0.50625, 0.985)",1,96.45499999999996,45153
"(0.8216216216216217, 0.9746621621621622)",1,96.4547297297297,45154
"(0.5428030303030303, 1.0)",1,96.45454545454548,45155
"(0.4049242424242424, 0.9924242424242424)",1,96.4545454545454,45156
"(0.5257575757575758, 0.9890151515151516)",1,96.45454545454538,45157
"(0.7638513513513514, 0.9719594594594596)",1,96.45439189189187,45158
"(0.9708333333333332, 0.9958333333333332)",1,96.45416666666677,45159
"(0.9708333333333332, 0.9958333333333332)",1,96.45416666666674,45160
"(0.9708333333333332, 0.9958333333333332)",1,96.45416666666672,45161
"(0.6321969696969697, 0.9837121212121211)",1,96.4541666666667,45162
"(0.9833333333333332, 1.0)",1,96.45416666666664,45163
"(0.4109848484848485, 0.9992424242424244)",1,96.45416666666664,45164
"(0.9458333333333332, 0.975)",1,96.45416666666644,45165
"(0.8875, 0.9736486486486486)",1,96.45405405405408,45166
"(0.4821969696969697, 1.0)",3,96.45378787878788,45169
"(0.4984848484848485, 1.0)",1,96.45378787878788,45170
"(0.50875, 0.9975)",1,96.45375000000011,45171
"(0.53625, 0.9875)",2,96.45374999999986,45173
"(0.9535714285714286, 0.9714285714285714)",1,96.45357142857148,45174
"(0.9642857142857144, 0.9678571428571427)",1,96.4535714285714,45175
"(0.875, 0.9678571428571427)",3,96.45357142857138,45178
"(0.9607142857142856, 0.9678571428571427)",1,96.45357142857138,45179
"(0.9142857142857144, 0.9678571428571427)",1,96.45357142857137,45180
"(0.9392857142857144, 0.9678571428571427)",3,96.45357142857137,45183
"(0.9535714285714286, 0.9642857142857144)",1,96.45357142857132,45184
"(0.9607142857142856, 0.9642857142857144)",1,96.45357142857128,45185
"(0.9428571428571428, 0.975)",1,96.45357142857128,45186
"(0.8255813953488372, 0.9883720930232558)",1,96.45348837209318,45187
"(0.8372093023255814, 0.9767441860465116)",1,96.45348837209312,45188
"(0.6744186046511628, 0.9767441860465116)",1,96.45348837209312,45189
"(0.9186046511627908, 0.9767441860465116)",1,96.45348837209312,45190
"(0.9186046511627908, 0.9767441860465116)",1,96.45348837209312,45191
"(0.8023255813953488, 0.9767441860465116)",2,96.45348837209312,45193
"(0.7209302325581395, 0.9767441860465116)",1,96.45348837209312,45194
"(0.8488372093023255, 0.9767441860465116)",1,96.45348837209312,45195
"(0.7093023255813954, 0.9767441860465116)",1,96.45348837209312,45196
"(0.4767441860465116, 0.9767441860465116)",1,96.45348837209312,45197
"(0.9651162790697676, 0.9767441860465116)",2,96.45348837209312,45199
"(0.8488372093023255, 0.9651162790697676)",1,96.45348837209286,45200
"(0.8953488372093024, 0.9651162790697676)",2,96.45348837209286,45202
"(0.8837209302325582, 0.9651162790697676)",2,96.45348837209286,45204
"(0.8604651162790697, 0.9651162790697676)",1,96.45348837209286,45205
"(0.872093023255814, 0.9651162790697676)",2,96.45348837209283,45207
"(0.8372093023255814, 0.9651162790697676)",1,96.45348837209283,45208
"(0.8604651162790697, 0.9651162790697676)",1,96.45348837209283,45209
"(0.4606060606060606, 1.0)",1,96.45340909090908,45210
"(0.6662162162162162, 0.9780405405405406)",1,96.45304054054064,45211
"(0.6847972972972973, 0.9783783783783784)",1,96.45304054054051,45212
"(0.4617424242424242, 0.9852272727272728)",1,96.45265151515152,45213
"(0.8070175438596491, 0.9692982456140352)",1,96.45175438596507,45214
"(0.8552631578947368, 0.9692982456140352)",2,96.45175438596507,45216
"(0.8640350877192983, 0.9692982456140352)",3,96.45175438596507,45219
"(0.868421052631579, 0.9692982456140352)",1,96.45175438596507,45220
"(0.7192982456140351, 0.9780701754385964)",3,96.45175438596507,45223
"(0.8903508771929824, 0.9692982456140352)",1,96.45175438596507,45224
"(0.8377192982456141, 0.9692982456140352)",1,96.45175438596507,45225
"(0.6929824561403509, 0.9912280701754386)",1,96.4517543859649,45226
"(0.8728070175438597, 0.9736842105263158)",1,96.45175438596486,45227
"(0.8245614035087719, 0.9736842105263158)",1,96.45175438596486,45228
"(0.8026315789473685, 0.9736842105263158)",1,96.45175438596485,45229
"(0.8596491228070176, 0.9736842105263158)",1,96.45175438596485,45230
"(0.7850877192982456, 0.9736842105263158)",1,96.45175438596485,45231
"(0.4689393939393939, 1.0)",1,96.45151515151515,45232
"(0.8608108108108108, 0.9783783783783784)",3,96.4513513513514,45235
"(0.49375, 0.9925)",1,96.45125,45236
"(0.4625, 0.97375)",1,96.45124999999996,45237
"(0.50875, 0.9875)",3,96.45124999999985,45240
"(0.5481060606060606, 1.0)",3,96.45113636363638,45243
"(0.8712837837837838, 0.9743243243243244)",1,96.4506756756757,45244
"(0.6233108108108109, 0.9760135135135136)",2,96.4506756756756,45246
"(0.4109848484848485, 0.987121212121212)",1,96.45037878787878,45247
"(0.38375, 0.9975)",1,96.4500000000002,45248
"(0.9333333333333332, 0.9666666666666668)",1,96.45000000000014,45249
"(0.8333333333333334, 0.9666666666666668)",1,96.45000000000014,45250
"(0.4775, 0.98)",1,96.4500000000001,45251
"(0.5125, 0.9925)",2,96.45000000000007,45253
"(0.8666666666666667, 0.9833333333333332)",2,96.45000000000006,45255
"(0.975, 0.9958333333333332)",1,96.45000000000006,45256
"(0.9833333333333332, 0.9958333333333332)",2,96.45000000000005,45258
"(0.9285714285714286, 0.9714285714285714)",1,96.45000000000005,45259
"(0.9607142857142856, 0.9607142857142856)",1,96.45000000000005,45260
"(0.9642857142857144, 0.9607142857142856)",3,96.45000000000002,45263
"(0.61375, 0.98625)",1,96.45000000000002,45264
"(0.9166666666666666, 1.0)",1,96.45,45265
"(0.95, 1.0)",1,96.45,45266
"(0.8885135135135135, 0.9743243243243244)",1,96.45,45267
"(0.8, 1.0)",1,96.45,45268
"(0.9285714285714286, 0.9678571428571427)",1,96.44999999999996,45269
"(0.9535714285714286, 0.9571428571428572)",3,96.44999999999996,45272
"(0.9321428571428572, 0.9678571428571427)",1,96.44999999999996,45273
"(0.655, 0.9925)",1,96.44999999999996,45274
"(0.9035714285714286, 0.9678571428571427)",1,96.44999999999996,45275
"(0.9642857142857144, 0.9571428571428572)",1,96.44999999999996,45276
"(0.6391891891891892, 0.977027027027027)",1,96.44999999999996,45277
"(0.9642857142857144, 0.9678571428571427)",1,96.44999999999996,45278
"(0.9642857142857144, 0.9678571428571427)",1,96.44999999999992,45279
"(0.9357142857142856, 0.9571428571428572)",1,96.4499999999999,45280
"(0.9125, 0.975)",1,96.44999999999987,45281
"(0.875, 0.975)",2,96.44999999999987,45283
"(0.775, 0.975)",1,96.44999999999987,45284
"(0.7625, 0.975)",1,96.44999999999987,45285
"(0.8875, 0.975)",2,96.44999999999987,45287
"(0.65, 0.975)",1,96.44999999999986,45288
"(0.7875, 0.975)",1,96.44999999999986,45289
"(0.9166666666666666, 0.975)",1,96.4499999999998,45290
"(0.5333333333333333, 0.9992424242424244)",1,96.44962121212126,45291
"(0.625, 0.9875)",1,96.44874999999983,45292
"(0.7692307692307693, 0.9743589743589745)",6,96.4487179487182,45298
"(0.8076923076923077, 0.9743589743589745)",1,96.4487179487182,45299
"(0.8205128205128205, 0.9743589743589745)",1,96.4487179487182,45300
"(0.782051282051282, 0.9871794871794872)",1,96.44871794871808,45301
"(0.8461538461538461, 0.9871794871794872)",1,96.44871794871808,45302
"(0.7051282051282052, 0.9871794871794872)",3,96.44871794871808,45305
"(0.8717948717948718, 0.9871794871794872)",1,96.44871794871808,45306
"(0.6923076923076923, 0.9871794871794872)",1,96.44871794871808,45307
"(0.8076923076923077, 0.9871794871794872)",2,96.44871794871808,45309
"(0.717948717948718, 0.9871794871794872)",1,96.44871794871808,45310
"(0.7763513513513514, 0.9773648648648648)",3,96.44831081081075,45313
"(0.625, 0.9875)",1,96.44749999999983,45314
"(0.8421052631578947, 0.9692982456140352)",1,96.4473684210528,45315
"(0.8771929824561403, 0.9692982456140352)",1,96.4473684210528,45316
"(0.8421052631578947, 0.9692982456140352)",1,96.4473684210528,45317
"(0.8245614035087719, 0.9692982456140352)",1,96.4473684210528,45318
"(0.912280701754386, 0.9692982456140352)",1,96.4473684210528,45319
"(0.7456140350877193, 0.9736842105263158)",1,96.4473684210526,45320
"(0.8552631578947368, 0.9736842105263158)",1,96.44736842105256,45321
"(0.7719298245614035, 0.9736842105263158)",1,96.44736842105256,45322
"(0.9078947368421052, 0.9736842105263158)",1,96.44736842105256,45323
"(0.7894736842105263, 0.9736842105263158)",1,96.44736842105256,45324
"(0.868421052631579, 0.9649122807017544)",3,96.44736842105256,45327
"(0.9298245614035088, 0.9736842105263158)",2,96.44736842105256,45329
"(0.8771929824561403, 0.9736842105263158)",1,96.44736842105256,45330
"(0.7543918918918919, 0.9783783783783784)",1,96.44695945945952,45331
"(0.925, 0.9607142857142856)",1,96.4464285714286,45332
"(0.9785714285714284, 0.9678571428571427)",1,96.44642857142854,45333
"(0.9392857142857144, 0.9678571428571427)",1,96.44642857142853,45334
"(0.9214285714285714, 0.9785714285714284)",1,96.44642857142853,45335
"(0.9428571428571428, 0.9571428571428572)",1,96.4464285714285,45336
"(0.875, 0.9642857142857144)",1,96.44642857142846,45337
"(0.9392857142857144, 0.9642857142857144)",1,96.44642857142844,45338
"(0.485, 0.99625)",1,96.44625000000012,45339
"(0.5025, 0.99)",2,96.44624999999988,45341
"(0.4925, 0.99)",1,96.44624999999982,45342
"(0.656439393939394, 1.0)",3,96.44621212121211,45345
"(0.4897727272727272, 1.0)",1,96.44621212121211,45346
"(0.9083333333333332, 0.9958333333333332)",1,96.44583333333344,45347
"(0.9833333333333332, 0.9958333333333332)",1,96.44583333333338,45348
"(0.8780405405405406, 0.9739864864864864)",1,96.44560810810812,45349
"(0.5108108108108108, 0.9766891891891892)",1,96.44560810810808,45350
"(0.4803030303030303, 0.9928030303030304)",3,96.44545454545468,45353
"(0.7777777777777778, 0.9861111111111112)",1,96.44444444444464,45354
"(0.6388888888888888, 0.9861111111111112)",1,96.44444444444464,45355
"(0.8055555555555556, 0.9861111111111112)",1,96.44444444444464,45356
"(0.9027777777777778, 0.9861111111111112)",3,96.44444444444464,45359
"(0.8611111111111112, 0.9861111111111112)",1,96.44444444444464,45360
"(0.8888888888888888, 0.9861111111111112)",1,96.44444444444464,45361
"(0.7916666666666666, 0.9722222222222222)",1,96.4444444444446,45362
"(0.8611111111111112, 0.9722222222222222)",2,96.4444444444446,45364
"(0.8888888888888888, 0.9722222222222222)",1,96.4444444444446,45365
"(0.9166666666666666, 0.9722222222222222)",1,96.4444444444446,45366
"(0.625, 0.9722222222222222)",2,96.4444444444446,45368
"(0.8333333333333334, 0.9722222222222222)",2,96.4444444444446,45370
"(0.875, 0.9722222222222222)",2,96.4444444444446,45372
"(0.9305555555555556, 0.9722222222222222)",2,96.4444444444446,45374
"(0.8194444444444444, 1.0)",1,96.44444444444444,45375
"(0.5333333333333333, 0.9992424242424244)",1,96.44431818181822,45376
"(0.8875, 0.9753378378378378)",1,96.44425675675676,45377
"(0.547972972972973, 0.9719594594594596)",1,96.44425675675669,45378
"(0.9037162162162162, 0.9783783783783784)",1,96.44358108108112,45379
"(0.8753378378378378, 0.9692567567567568)",1,96.4435810810811,45380
"(0.4943181818181818, 0.999621212121212)",1,96.44356060606069,45381
"(0.5378787878787878, 1.0)",1,96.44318181818184,45382
"(0.8596491228070176, 0.9692982456140352)",1,96.44298245614053,45383
"(0.8157894736842105, 0.9692982456140352)",1,96.44298245614053,45384
"(0.8991228070175439, 0.9692982456140352)",3,96.44298245614053,45387
"(0.8289473684210527, 0.9692982456140352)",3,96.44298245614053,45390
"(0.8728070175438597, 0.9692982456140352)",3,96.44298245614053,45393
"(0.8201754385964912, 0.9692982456140352)",1,96.44298245614053,45394
"(0.5570175438596491, 0.9736842105263158)",3,96.4429824561403,45397
"(0.925438596491228, 0.9912280701754386)",1,96.4429824561403,45398
"(0.8552631578947368, 0.9736842105263158)",2,96.4429824561403,45400
"(0.8640350877192983, 0.9736842105263158)",1,96.44298245614029,45401
"(0.7456140350877193, 0.9736842105263158)",1,96.44298245614029,45402
"(0.9078947368421052, 0.9736842105263158)",1,96.44298245614029,45403
"(0.7192982456140351, 0.9736842105263158)",3,96.44298245614029,45406
"(0.7483108108108109, 0.975)",1,96.4429054054054,45407
"(0.5658783783783784, 0.9760135135135136)",1,96.44290540540536,45408
"(0.9642857142857144, 0.9607142857142856)",1,96.44285714285728,45409
"(0.9214285714285714, 0.9714285714285714)",1,96.4428571428572,45410
"(0.925, 0.9714285714285714)",2,96.4428571428572,45412
"(0.9428571428571428, 0.9714285714285714)",1,96.44285714285718,45413
"(0.95, 0.9714285714285714)",1,96.44285714285718,45414
"(0.9678571428571427, 0.9714285714285714)",1,96.44285714285716,45415
"(0.9142857142857144, 0.9714285714285714)",1,96.44285714285712,45416
"(0.875, 0.9678571428571427)",1,96.4428571428571,45417
"(0.9392857142857144, 0.9678571428571427)",1,96.4428571428571,45418
"(0.9678571428571427, 0.9678571428571427)",1,96.44285714285708,45419
"(0.8928571428571429, 0.9642857142857144)",3,96.44285714285702,45422
"(0.9107142857142856, 0.975)",1,96.44285714285702,45423
"(0.9392857142857144, 0.9642857142857144)",1,96.442857142857,45424
"(0.9392857142857144, 0.9642857142857144)",1,96.442857142857,45425
"(0.95, 0.9642857142857144)",3,96.442857142857,45428
"(0.9642857142857144, 0.975)",1,96.44285714285698,45429
"(0.5516891891891892, 0.9827702702702704)",1,96.44256756756756,45430
"(0.7807432432432433, 0.9756756756756756)",1,96.44256756756754,45431
"(0.5074324324324324, 0.979391891891892)",1,96.44222972972968,45432
"(0.7674418604651163, 0.9767441860465116)",1,96.4418604651164,45433
"(0.8255813953488372, 0.9767441860465116)",1,96.4418604651164,45434
"(0.7906976744186046, 0.9767441860465116)",1,96.44186046511638,45435
"(0.5930232558139535, 0.9767441860465116)",1,96.44186046511638,45436
"(0.6976744186046512, 0.9767441860465116)",2,96.44186046511638,45438
"(0.8604651162790697, 0.9767441860465116)",1,96.44186046511638,45439
"(0.5697674418604651, 0.9767441860465116)",2,96.44186046511638,45441
"(0.5813953488372093, 0.9767441860465116)",1,96.44186046511638,45442
"(0.8837209302325582, 0.9767441860465116)",1,96.44186046511638,45443
"(0.7674418604651163, 0.9767441860465116)",1,96.44186046511638,45444
"(0.5465116279069767, 0.9767441860465116)",3,96.44186046511638,45447
"(0.7906976744186046, 0.9767441860465116)",1,96.44186046511636,45448
"(0.7674418604651163, 0.9651162790697676)",1,96.44186046511612,45449
"(0.9302325581395348, 0.9651162790697676)",1,96.44186046511612,45450
"(0.872093023255814, 0.9651162790697676)",1,96.44186046511612,45451
"(0.8372093023255814, 0.9651162790697676)",1,96.44186046511612,45452
"(0.9708333333333332, 0.9958333333333332)",1,96.44166666666672,45453
"(0.9791666666666666, 0.9958333333333332)",2,96.44166666666668,45455
"(0.975, 0.9958333333333332)",2,96.44166666666668,45457
"(0.50625, 0.995)",2,96.4412500000001,45459
"(0.515, 0.9825)",1,96.44124999999998,45460
"(0.475, 0.98625)",1,96.44124999999993,45461
"(0.2784090909090909, 0.9988636363636364)",1,96.44090909090912,45462
"(0.5523648648648649, 0.9824324324324324)",1,96.44054054054052,45463
"(0.8810810810810811, 0.9777027027027028)",1,96.4405405405405,45464
"(0.8584459459459459, 0.9753378378378378)",1,96.44020270270268,45465
"(0.4659090909090909, 0.9981060606060606)",1,96.44015151515154,45466
"(0.50875, 0.9975)",1,96.44000000000013,45467
"(0.535, 0.9875)",3,96.43999999999988,45470
"(0.8672297297297298, 0.9743243243243244)",1,96.43952702702704,45471
"(0.3318181818181818, 1.0)",1,96.43939393939397,45472
"(0.4897727272727272, 1.0)",1,96.43939393939397,45473
"(0.9214285714285714, 0.9714285714285714)",1,96.43928571428576,45474
"(0.9607142857142856, 0.9714285714285714)",1,96.43928571428576,45475
"(0.9571428571428572, 0.9714285714285714)",1,96.43928571428572,45476
"(0.9285714285714286, 0.975)",1,96.4392857142856,45477
"(0.9037162162162162, 0.979054054054054)",1,96.43918918918924,45478
"(0.4178030303030303, 1.0)",1,96.43901515151516,45479
"(0.8552631578947368, 0.9692982456140352)",3,96.43859649122824,45482
"(0.8552631578947368, 0.9692982456140352)",3,96.43859649122822,45485
"(0.8552631578947368, 0.9736842105263158)",1,96.43859649122804,45486
"(0.8070175438596491, 0.9736842105263158)",1,96.43859649122804,45487
"(0.7149122807017544, 0.9736842105263158)",3,96.438596491228,45490
"(0.8464912280701754, 0.9736842105263158)",1,96.438596491228,45491
"(0.8552631578947368, 0.9736842105263158)",1,96.438596491228,45492
"(0.4078947368421052, 0.9736842105263158)",1,96.438596491228,45493
"(0.8891891891891892, 0.9733108108108108)",1,96.43817567567562,45494
"(0.4867424242424242, 0.993939393939394)",3,96.43787878787884,45497
"(0.3431818181818182, 1.0)",1,96.4378787878788,45498
"(0.8773648648648649, 0.975)",1,96.43783783783783,45499
"(0.7, 0.99625)",1,96.4375000000002,45500
"(0.9791666666666666, 0.9958333333333332)",1,96.43750000000006,45501
"(0.9375, 0.9958333333333332)",1,96.43750000000006,45502
"(0.975, 0.9958333333333332)",1,96.43750000000004,45503
"(0.4125, 0.975)",2,96.43749999999989,45505
"(0.925, 0.975)",1,96.43749999999989,45506
"(0.9, 0.975)",3,96.43749999999989,45509
"(0.75, 0.975)",1,96.43749999999989,45510
"(0.875, 0.975)",1,96.43749999999989,45511
"(0.925, 0.975)",1,96.43749999999989,45512
"(0.4875, 0.975)",1,96.43749999999989,45513
"(0.85, 0.975)",2,96.43749999999989,45515
"(0.6875, 0.975)",2,96.43749999999989,45517
"(0.8375, 0.975)",1,96.43749999999989,45518
"(0.7625, 0.975)",1,96.43749999999986,45519
"(0.8439189189189189, 0.9722972972972972)",1,96.43716216216218,45520
"(0.3696969696969697, 1.0)",1,96.43712121212124,45521
"(0.4825, 0.9975)",1,96.4362500000002,45522
"(0.44375, 0.99)",1,96.43625,45523
"(0.50625, 0.9925)",1,96.43624999999996,45524
"(0.4925, 0.98875)",2,96.4362499999999,45526
"(0.717948717948718, 0.9743589743589745)",3,96.43589743589769,45529
"(0.4871794871794871, 0.9871794871794872)",3,96.43589743589756,45532
"(0.4102564102564102, 0.9871794871794872)",2,96.43589743589756,45534
"(0.8205128205128205, 0.9871794871794872)",1,96.43589743589756,45535
"(0.9535714285714286, 0.9714285714285714)",1,96.4357142857144,45536
"(0.9607142857142856, 0.9607142857142856)",1,96.43571428571434,45537
"(0.95, 0.9714285714285714)",1,96.43571428571433,45538
"(0.9607142857142856, 0.9678571428571427)",1,96.43571428571424,45539
"(0.9392857142857144, 0.9785714285714284)",1,96.43571428571424,45540
"(0.9571428571428572, 0.9571428571428572)",1,96.43571428571424,45541
"(0.9392857142857144, 0.9678571428571427)",3,96.43571428571424,45544
"(0.9285714285714286, 0.975)",1,96.43571428571416,45545
"(0.9535714285714286, 0.975)",1,96.43571428571414,45546
"(0.5523648648648649, 0.981418918918919)",1,96.43513513513516,45547
"(0.6068181818181818, 1.0)",1,96.4344696969697,45548
"(0.8903508771929824, 0.9692982456140352)",1,96.43421052631597,45549
"(0.7763157894736842, 0.9692982456140352)",3,96.43421052631597,45552
"(0.8289473684210527, 0.9692982456140352)",1,96.43421052631597,45553
"(0.8464912280701754, 0.9692982456140352)",1,96.43421052631597,45554
"(0.8026315789473685, 0.9692982456140352)",1,96.43421052631597,45555
"(0.7719298245614035, 0.9912280701754386)",1,96.43421052631577,45556
"(0.8552631578947368, 0.9736842105263158)",1,96.43421052631574,45557
"(0.5570175438596491, 0.9736842105263158)",1,96.43421052631574,45558
"(0.8333333333333334, 0.9736842105263158)",4,96.43421052631574,45562
"(0.868421052631579, 0.9736842105263158)",1,96.43421052631574,45563
"(0.75, 0.9736842105263158)",1,96.43421052631572,45564
"(0.8552631578947368, 0.9736842105263158)",1,96.43421052631572,45565
"(0.8947368421052632, 0.9649122807017544)",1,96.43421052631572,45566
"(0.7456140350877193, 0.9736842105263158)",1,96.43421052631572,45567
"(0.4875, 0.99625)",1,96.43375000000016,45568
"(0.9708333333333332, 0.9958333333333332)",1,96.43333333333342,45569
"(0.9833333333333332, 0.9958333333333332)",1,96.4333333333334,45570
"(0.4621212121212121, 1.0)",1,96.43333333333337,45571
"(0.9916666666666668, 0.9958333333333332)",1,96.43333333333337,45572
"(0.7333333333333333, 1.0)",1,96.43333333333334,45573
"(0.75, 1.0)",1,96.43333333333334,45574
"(0.9833333333333332, 1.0)",1,96.43333333333332,45575
"(0.789527027027027, 0.9736486486486486)",1,96.4327702702703,45576
"(0.8043918918918919, 0.9777027027027028)",1,96.4327702702703,45577
"(0.8952702702702703, 0.9746621621621622)",1,96.43277027027024,45578
"(0.63125, 0.9875)",1,96.43249999999998,45579
"(0.847972972972973, 0.970945945945946)",1,96.43243243243242,45580
"(0.2856060606060606, 0.9943181818181818)",1,96.43219696969692,45581
"(0.9428571428571428, 0.9714285714285714)",1,96.4321428571429,45582
"(0.9571428571428572, 0.9607142857142856)",1,96.43214285714288,45583
"(0.95, 0.9785714285714284)",1,96.43214285714286,45584
"(0.9571428571428572, 0.9607142857142856)",3,96.43214285714284,45587
"(0.9357142857142856, 0.9642857142857144)",1,96.43214285714274,45588
"(0.9607142857142856, 0.9642857142857144)",3,96.43214285714274,45591
"(0.9607142857142856, 0.975)",1,96.43214285714272,45592
"(0.9607142857142856, 0.9642857142857144)",1,96.43214285714272,45593
"(0.9607142857142856, 0.9642857142857144)",3,96.43214285714272,45596
"(0.9571428571428572, 0.9642857142857144)",3,96.43214285714272,45599
"(0.875, 0.9642857142857144)",1,96.4321428571427,45600
"(0.9354729729729728, 0.9716216216216216)",1,96.43209459459462,45601
"(0.5356060606060606, 0.9988636363636364)",1,96.4314393939394,45602
"(0.2454545454545454, 0.9916666666666668)",1,96.4314393939394,45603
"(0.5175, 0.98625)",1,96.43125,45604
"(0.8885135135135135, 0.9719594594594596)",2,96.43074324324316,45606
"(0.3768939393939394, 1.0)",1,96.43068181818184,45607
"(0.8333333333333334, 0.9861111111111112)",1,96.43055555555576,45608
"(0.8194444444444444, 0.9861111111111112)",1,96.43055555555576,45609
"(0.8611111111111112, 0.9861111111111112)",1,96.43055555555576,45610
"(0.9722222222222222, 0.9861111111111112)",1,96.43055555555576,45611
"(0.9305555555555556, 0.9722222222222222)",1,96.43055555555574,45612
"(0.8055555555555556, 0.9722222222222222)",1,96.43055555555571,45613
"(0.7916666666666666, 0.9722222222222222)",2,96.43055555555571,45615
"(0.625, 0.9722222222222222)",3,96.43055555555571,45618
"(0.9861111111111112, 0.9722222222222222)",1,96.43055555555571,45619
"(0.8611111111111112, 0.9722222222222222)",2,96.43055555555571,45621
"(0.9305555555555556, 0.9722222222222222)",1,96.43055555555571,45622
"(0.7222222222222222, 0.9722222222222222)",2,96.43055555555571,45624
"(0.75, 0.9722222222222222)",1,96.43055555555571,45625
"(0.9444444444444444, 0.9722222222222222)",1,96.43055555555571,45626
"(0.8472222222222222, 0.9722222222222222)",2,96.43055555555571,45628
"(0.9166666666666666, 0.9722222222222222)",2,96.43055555555571,45630
"(0.8333333333333334, 0.9722222222222222)",1,96.43055555555571,45631
"(0.7916666666666666, 1.0)",1,96.43055555555556,45632
"(0.8953488372093024, 0.9883720930232558)",1,96.43023255813968,45633
"(0.3023255813953488, 0.9767441860465116)",1,96.43023255813964,45634
"(0.3953488372093023, 0.9767441860465116)",1,96.43023255813964,45635
"(0.8837209302325582, 0.9767441860465116)",1,96.43023255813964,45636
"(0.8604651162790697, 0.9767441860465116)",2,96.43023255813964,45638
"(0.813953488372093, 0.9767441860465116)",1,96.43023255813964,45639
"(0.5465116279069767, 0.9767441860465116)",1,96.43023255813964,45640
"(0.8023255813953488, 0.9767441860465116)",2,96.43023255813964,45642
"(0.8372093023255814, 0.9767441860465116)",2,96.43023255813964,45644
"(0.813953488372093, 0.9767441860465116)",5,96.43023255813964,45649
"(0.6976744186046512, 0.9767441860465116)",1,96.43023255813962,45650
"(0.6046511627906976, 0.9767441860465116)",1,96.43023255813962,45651
"(0.8837209302325582, 0.9767441860465116)",1,96.43023255813962,45652
"(0.8604651162790697, 0.9767441860465116)",1,96.43023255813962,45653
"(0.8372093023255814, 0.9651162790697676)",1,96.43023255813937,45654
"(0.8837209302325582, 0.9651162790697676)",1,96.43023255813937,45655
"(0.9302325581395348, 0.9651162790697676)",2,96.43023255813937,45657
"(0.9302325581395348, 0.9651162790697676)",1,96.43023255813937,45658
"(0.8488372093023255, 0.9651162790697676)",1,96.43023255813937,45659
"(0.8604651162790697, 0.9651162790697676)",1,96.43023255813937,45660
"(0.5075, 0.99)",1,96.42999999999988,45661
"(0.706140350877193, 0.9692982456140352)",1,96.42982456140368,45662
"(0.8903508771929824, 0.9692982456140352)",4,96.42982456140368,45666
"(0.8114035087719298, 0.9692982456140352)",3,96.42982456140368,45669
"(0.7587719298245614, 0.9692982456140352)",1,96.42982456140366,45670
"(0.8859649122807017, 0.9912280701754386)",1,96.42982456140348,45671
"(0.7412280701754386, 0.9736842105263158)",1,96.42982456140346,45672
"(0.9298245614035088, 0.9736842105263158)",2,96.42982456140344,45674
"(0.9342105263157896, 0.9736842105263158)",1,96.42982456140344,45675
"(0.8596491228070176, 0.9736842105263158)",1,96.42982456140344,45676
"(0.7456140350877193, 0.9736842105263158)",1,96.42982456140344,45677
"(0.9078947368421052, 0.9736842105263158)",3,96.42982456140344,45680
"(0.8245614035087719, 0.9736842105263158)",1,96.42982456140344,45681
"(0.8552631578947368, 0.9736842105263158)",1,96.42982456140344,45682
"(0.9166666666666666, 0.9736842105263158)",3,96.42982456140344,45685
"(0.7746621621621622, 0.9753378378378378)",1,96.42939189189184,45686
"(0.5034090909090909, 0.9946969696969696)",3,96.42916666666684,45689
"(0.9916666666666668, 0.9958333333333332)",1,96.42916666666667,45690
"(0.3556818181818181, 0.990530303030303)",1,96.42916666666665,45691
"(0.9958333333333332, 1.0)",1,96.42916666666662,45692
"(0.5025, 0.99625)",1,96.42875000000014,45693
"(0.58125, 0.99125)",1,96.42874999999998,45694
"(0.47625, 0.98875)",1,96.42874999999992,45695
"(0.60375, 0.98875)",3,96.42874999999988,45698
"(0.8071428571428572, 0.9714285714285714)",1,96.42857142857144,45699
"(0.9357142857142856, 0.9714285714285714)",1,96.42857142857144,45700
"(0.9357142857142856, 0.9678571428571427)",1,96.42857142857144,45701
"(0.8071428571428572, 0.9678571428571427)",1,96.4285714285714,45702
"(0.9678571428571427, 0.9678571428571427)",1,96.4285714285714,45703
"(0.9357142857142856, 0.9571428571428572)",1,96.42857142857136,45704
"(0.9178571428571428, 0.9678571428571427)",3,96.42857142857136,45707
"(0.9607142857142856, 0.9642857142857144)",1,96.42857142857132,45708
"(0.9214285714285714, 0.975)",1,96.42857142857132,45709
"(0.9714285714285714, 0.975)",1,96.4285714285713,45710
"(0.9392857142857144, 0.9642857142857144)",1,96.42857142857127,45711
"(0.9357142857142856, 0.9642857142857144)",1,96.42857142857127,45712
"(0.4537878787878788, 1.0)",1,96.42840909090911,45713
"(0.7875, 0.9746621621621622)",2,96.42837837837835,45715
"(0.847972972972973, 0.975)",3,96.42837837837834,45718
"(0.9277027027027028, 0.979054054054054)",1,96.4280405405406,45719
"(0.3534090909090909, 0.996969696969697)",1,96.42803030303028,45720
"(0.50375, 0.985)",1,96.42749999999997,45721
"(0.5106060606060606, 1.0)",3,96.42689393939392,45724
"(0.5481060606060606, 1.0)",1,96.42613636363636,45725
"(0.8991228070175439, 0.9692982456140352)",2,96.4254385964914,45727
"(0.7894736842105263, 0.9692982456140352)",1,96.4254385964914,45728
"(0.8640350877192983, 0.9692982456140352)",3,96.4254385964914,45731
"(0.8114035087719298, 0.9692982456140352)",3,96.4254385964914,45734
"(0.9429824561403508, 0.9692982456140352)",1,96.4254385964914,45735
"(0.9429824561403508, 0.9692982456140352)",3,96.4254385964914,45738
"(0.8114035087719298, 0.9692982456140352)",1,96.4254385964914,45739
"(0.8157894736842105, 0.9649122807017544)",2,96.42543859649118,45741
"(0.9166666666666666, 0.9736842105263158)",1,96.42543859649118,45742
"(0.912280701754386, 0.9736842105263158)",1,96.42543859649118,45743
"(0.9166666666666666, 0.9736842105263158)",1,96.42543859649116,45744
"(0.8640350877192983, 0.9736842105263158)",1,96.42543859649116,45745
"(0.8712837837837838, 0.979391891891892)",1,96.42533783783792,45746
"(0.5, 0.99375)",2,96.42500000000015,45748
"(0.9833333333333332, 0.9958333333333332)",1,96.4250000000001,45749
"(0.9791666666666666, 0.9958333333333332)",1,96.42500000000008,45750
"(0.9875, 0.9958333333333332)",2,96.42500000000004,45752
"(0.9785714285714284, 0.9714285714285714)",1,96.42500000000004,45753
"(0.9392857142857144, 0.9678571428571427)",1,96.425,45754
"(0.9428571428571428, 0.9714285714285714)",1,96.425,45755
"(0.9607142857142856, 0.9678571428571427)",1,96.42499999999995,45756
"(0.975, 1.0)",1,96.42499999999995,45757
"(0.8324324324324325, 0.9753378378378378)",1,96.42499999999995,45758
"(0.9642857142857144, 0.9678571428571427)",1,96.42499999999994,45759
"(0.9035714285714286, 0.9571428571428572)",1,96.42499999999994,45760
"(0.9607142857142856, 0.9678571428571427)",1,96.42499999999993,45761
"(0.9375, 0.975)",1,96.42499999999988,45762
"(0.51, 0.99)",1,96.42499999999988,45763
"(0.7625, 0.975)",1,96.42499999999988,45764
"(0.8375, 0.975)",1,96.42499999999988,45765
"(0.6625, 0.975)",1,96.42499999999988,45766
"(0.925, 0.975)",1,96.42499999999988,45767
"(0.85, 0.975)",1,96.42499999999988,45768
"(0.9607142857142856, 0.9642857142857144)",3,96.42499999999984,45771
"(0.9162162162162162, 0.9746621621621622)",1,96.42466216216216,45772
"(0.8081081081081081, 0.9773648648648648)",1,96.42466216216216,45773
"(0.6847972972972973, 0.9783783783783784)",1,96.42432432432436,45774
"(0.4549242424242424, 1.0)",1,96.42424242424244,45775
"(0.8472972972972973, 0.9739864864864864)",2,96.4239864864865,45777
"(0.4784090909090909, 0.9946969696969696)",3,96.42386363636378,45780
"(0.5428030303030303, 1.0)",3,96.42386363636363,45783
"(0.50625, 0.99625)",1,96.42375000000018,45784
"(0.59625, 0.9825)",1,96.42375000000006,45785
"(0.8712837837837838, 0.9763513513513512)",1,96.4236486486486,45786
"(0.3159090909090909, 0.9988636363636364)",1,96.42348484848488,45787
"(0.8513513513513513, 0.9787162162162162)",1,96.42331081081076,45788
"(0.5333333333333333, 0.9984848484848484)",1,96.42310606060612,45789
"(0.8461538461538461, 0.9743589743589745)",1,96.42307692307718,45790
"(0.7948717948717948, 0.9743589743589745)",3,96.42307692307716,45793
"(0.6666666666666666, 0.9871794871794872)",1,96.42307692307706,45794
"(0.7564102564102564, 0.9871794871794872)",3,96.42307692307706,45797
"(0.66125, 0.9875)",1,96.4224999999999,45798
"(0.6391891891891892, 0.975)",1,96.4222972972973,45799
"(0.4571969696969697, 0.9954545454545456)",3,96.4219696969698,45802
"(0.7746621621621622, 0.9783783783783784)",1,96.42162162162164,45803
"(0.9214285714285714, 0.9714285714285714)",1,96.4214285714286,45804
"(0.9178571428571428, 0.9714285714285714)",1,96.4214285714286,45805
"(0.9607142857142856, 0.9607142857142856)",1,96.4214285714286,45806
"(0.925, 0.9714285714285714)",1,96.42142857142858,45807
"(0.9607142857142856, 0.9678571428571427)",1,96.42142857142856,45808
"(0.9357142857142856, 0.9678571428571427)",1,96.42142857142856,45809
"(0.9607142857142856, 0.9678571428571427)",1,96.42142857142856,45810
"(0.9607142857142856, 0.9678571428571427)",1,96.42142857142854,45811
"(0.8857142857142857, 0.9571428571428572)",1,96.42142857142848,45812
"(0.8857142857142857, 0.9642857142857144)",1,96.42142857142846,45813
"(0.9678571428571427, 0.9642857142857144)",1,96.42142857142844,45814
"(0.9535714285714286, 0.975)",1,96.42142857142842,45815
"(0.5075, 0.9975)",1,96.42125000000011,45816
"(0.5189393939393939, 1.0)",3,96.42121212121212,45819
"(0.8728070175438597, 0.9692982456140352)",1,96.42105263157912,45820
"(0.706140350877193, 0.9692982456140352)",3,96.42105263157912,45823
"(0.8991228070175439, 0.9692982456140352)",1,96.42105263157912,45824
"(0.9035087719298246, 0.9912280701754386)",1,96.4210526315789,45825
"(0.6885964912280702, 0.9736842105263158)",1,96.4210526315789,45826
"(0.7456140350877193, 0.9736842105263158)",1,96.4210526315789,45827
"(0.9078947368421052, 0.9736842105263158)",1,96.42105263157887,45828
"(0.868421052631579, 0.9736842105263158)",1,96.42105263157887,45829
"(0.8289473684210527, 0.9736842105263158)",1,96.42105263157887,45830
"(0.912280701754386, 0.9736842105263158)",1,96.42105263157887,45831
"(0.6798245614035088, 0.9736842105263158)",1,96.42105263157887,45832
"(0.9078947368421052, 0.9649122807017544)",1,96.42105263157887,45833
"(0.7105263157894737, 0.9736842105263158)",1,96.42105263157887,45834
"(0.95, 0.9791666666666666)",1,96.42083333333346,45835
"(0.4359848484848485, 0.9852272727272728)",1,96.4204545454545,45836
"(0.5025, 0.99)",1,96.41999999999987,45837
"(0.8891891891891892, 0.977027027027027)",1,96.4199324324324,45838
"(0.8043918918918919, 0.975)",2,96.4195945945946,45840
"(0.5192567567567568, 0.983108108108108)",1,96.41925675675677,45841
"(0.4925, 0.99625)",1,96.41875000000012,45842
"(0.485, 0.9875)",1,96.41875000000002,45843
"(0.48, 0.9875)",3,96.41874999999985,45846
"(0.4883720930232558, 0.9767441860465116)",1,96.4186046511629,45847
"(0.3023255813953488, 0.9767441860465116)",2,96.4186046511629,45849
"(0.3953488372093023, 0.9767441860465116)",1,96.4186046511629,45850
"(0.8372093023255814, 0.9767441860465116)",1,96.4186046511629,45851
"(0.5465116279069767, 0.9767441860465116)",1,96.4186046511629,45852
"(0.7906976744186046, 0.9767441860465116)",2,96.41860465116288,45854
"(0.8023255813953488, 0.9767441860465116)",1,96.41860465116288,45855
"(0.8604651162790697, 0.9767441860465116)",1,96.41860465116288,45856
"(0.8837209302325582, 0.9767441860465116)",1,96.41860465116288,45857
"(0.9186046511627908, 0.9767441860465116)",1,96.41860465116288,45858
"(0.7209302325581395, 0.9767441860465116)",1,96.41860465116288,45859
"(0.9302325581395348, 0.9651162790697676)",2,96.41860465116262,45861
"(0.8837209302325582, 0.9651162790697676)",4,96.41860465116262,45865
"(0.8488372093023255, 0.9651162790697676)",2,96.41860465116262,45867
"(0.9767441860465116, 0.9651162790697676)",1,96.41860465116262,45868
"(0.872093023255814, 0.9651162790697676)",1,96.41860465116262,45869
"(0.8255813953488372, 0.9651162790697676)",1,96.41860465116262,45870
"(0.8604651162790697, 0.9651162790697676)",1,96.41860465116262,45871
"(0.8953488372093024, 0.9651162790697676)",4,96.41860465116262,45875
"(0.8372093023255814, 0.9651162790697676)",1,96.41860465116262,45876
"(0.5390151515151516, 0.9981060606060606)",1,96.41856060606072,45877
"(0.6337121212121212, 0.987878787878788)",1,96.41856060606057,45878
"(0.7469594594594594, 0.9746621621621622)",1,96.41824324324318,45879
"(0.9285714285714286, 0.9714285714285714)",1,96.4178571428572,45880
"(0.9535714285714286, 0.9714285714285714)",1,96.41785714285716,45881
"(0.9571428571428572, 0.9714285714285714)",1,96.41785714285716,45882
"(0.9642857142857144, 0.9678571428571427)",1,96.41785714285714,45883
"(0.95, 0.9714285714285714)",1,96.41785714285714,45884
"(0.8928571428571429, 0.9607142857142856)",1,96.41785714285714,45885
"(0.9392857142857144, 0.9678571428571427)",1,96.41785714285712,45886
"(0.9285714285714286, 0.9678571428571427)",1,96.41785714285712,45887
"(0.9571428571428572, 0.9678571428571427)",3,96.41785714285707,45890
"(0.9642857142857144, 0.9678571428571427)",2,96.41785714285707,45892
"(0.875, 0.9678571428571427)",1,96.41785714285707,45893
"(0.9535714285714286, 0.975)",1,96.41785714285702,45894
"(0.9428571428571428, 0.9642857142857144)",1,96.41785714285702,45895
"(0.875, 0.9642857142857144)",1,96.417857142857,45896
"(0.368560606060606, 0.993560606060606)",1,96.41780303030308,45897
"(0.5265151515151515, 0.9950757575757576)",2,96.41704545454556,45899
"(0.7827702702702702, 0.9743243243243244)",1,96.41689189189192,45900
"(0.5939189189189189, 0.977027027027027)",1,96.41689189189186,45901
"(0.908445945945946, 0.975)",1,96.41689189189184,45902
"(0.8333333333333334, 0.9861111111111112)",1,96.41666666666688,45903
"(0.9027777777777778, 0.9861111111111112)",1,96.41666666666686,45904
"(0.6944444444444444, 0.9861111111111112)",2,96.41666666666686,45906
"(0.8611111111111112, 0.9861111111111112)",1,96.41666666666686,45907
"(0.9444444444444444, 0.9861111111111112)",1,96.41666666666686,45908
"(0.8194444444444444, 0.9861111111111112)",1,96.41666666666686,45909
"(0.8333333333333334, 0.9861111111111112)",1,96.41666666666686,45910
"(0.875, 0.9861111111111112)",2,96.41666666666686,45912
"(0.8611111111111112, 0.9722222222222222)",1,96.41666666666684,45913
"(0.5, 0.9722222222222222)",1,96.41666666666684,45914
"(0.5972222222222222, 0.9722222222222222)",1,96.41666666666684,45915
"(0.8888888888888888, 0.9722222222222222)",2,96.41666666666684,45917
"(0.9166666666666666, 0.9722222222222222)",1,96.41666666666684,45918
"(0.8728070175438597, 0.9692982456140352)",1,96.41666666666684,45919
"(0.8289473684210527, 0.9692982456140352)",1,96.41666666666684,45920
"(0.7916666666666666, 0.9722222222222222)",1,96.41666666666684,45921
"(0.8552631578947368, 0.9692982456140352)",1,96.41666666666684,45922
"(0.4956140350877193, 0.9692982456140352)",1,96.41666666666684,45923
"(0.8333333333333334, 0.9722222222222222)",3,96.41666666666684,45926
"(0.6578947368421053, 0.9692982456140352)",1,96.41666666666684,45927
"(0.8472222222222222, 0.9722222222222222)",1,96.41666666666684,45928
"(0.912280701754386, 0.9692982456140352)",1,96.41666666666684,45929
"(0.8640350877192983, 0.9692982456140352)",4,96.41666666666684,45933
"(0.6944444444444444, 0.9722222222222222)",2,96.41666666666684,45935
"(0.8833333333333333, 0.9666666666666668)",1,96.4166666666668,45936
"(0.9541666666666668, 0.9958333333333332)",2,96.41666666666676,45938
"(0.9833333333333332, 0.9958333333333332)",1,96.41666666666671,45939
"(0.9333333333333332, 0.9833333333333332)",1,96.41666666666671,45940
"(0.9666666666666668, 0.9958333333333332)",1,96.41666666666671,45941
"(0.975, 0.9958333333333332)",1,96.4166666666667,45942
"(0.9791666666666666, 0.9958333333333332)",1,96.4166666666667,45943
"(0.8194444444444444, 1.0)",1,96.41666666666669,45944
"(0.9875, 0.9958333333333332)",1,96.41666666666669,45945
"(1.0, 1.0)",1,96.41666666666666,45946
"(0.9875, 1.0)",1,96.41666666666666,45947
"(0.975, 1.0)",1,96.41666666666664,45948
"(0.7675438596491229, 0.9912280701754386)",1,96.41666666666664,45949
"(0.8859649122807017, 0.9912280701754386)",2,96.41666666666664,45951
"(0.9210526315789472, 0.9736842105263158)",1,96.4166666666666,45952
"(0.8245614035087719, 0.9736842105263158)",1,96.4166666666666,45953
"(0.8947368421052632, 0.9649122807017544)",1,96.4166666666666,45954
"(0.881578947368421, 0.9736842105263158)",1,96.4166666666666,45955
"(0.7925675675675675, 0.9733108108108108)",1,96.41655405405405,45956
"(0.4681818181818182, 0.9946969696969696)",3,96.41628787878794,45959
"(0.2628787878787879, 0.9984848484848484)",1,96.41628787878793,45960
"(0.4825, 0.9975)",1,96.4162500000001,45961
"(0.49125, 0.99125)",3,96.41624999999982,45964
"(0.8412162162162162, 0.9753378378378378)",1,96.41621621621614,45965
"(0.6847972972972973, 0.9783783783783784)",1,96.4158783783784,45966
"(0.7334459459459459, 0.9736486486486486)",1,96.41587837837838,45967
"(0.6537162162162162, 0.9736486486486486)",1,96.41554054054048,45968
"(0.4965909090909091, 1.0)",3,96.41553030303032,45971
"(0.8081081081081081, 0.9766891891891892)",2,96.4152027027026,45973
"(0.5356060606060606, 1.0)",1,96.41515151515156,45974
"(0.3431818181818182, 0.9992424242424244)",1,96.41515151515154,45975
"(0.5481060606060606, 1.0)",3,96.41477272727272,45978
"(0.735472972972973, 0.9699324324324324)",1,96.41452702702708,45979
"(0.7712837837837838, 0.977027027027027)",1,96.41452702702694,45980
"(0.5537878787878788, 1.0)",3,96.41439393939396,45983
"(0.9607142857142856, 0.9714285714285714)",1,96.41428571428582,45984
"(0.9642857142857144, 0.9714285714285714)",1,96.4142857142858,45985
"(0.9392857142857144, 0.9678571428571427)",1,96.41428571428573,45986
"(0.9535714285714286, 0.9607142857142856)",1,96.4142857142857,45987
"(0.9392857142857144, 0.9678571428571427)",1,96.41428571428568,45988
"(0.9285714285714286, 0.9678571428571427)",3,96.41428571428568,45991
"(0.9071428571428573, 0.9678571428571427)",1,96.41428571428568,45992
"(0.9392857142857144, 0.9678571428571427)",1,96.41428571428564,45993
"(0.9428571428571428, 0.9642857142857144)",3,96.4142857142856,45996
"(0.7912162162162162, 0.9756756756756756)",1,96.41418918918916,45997
"(0.5939189189189189, 0.9746621621621622)",1,96.41418918918912,45998
"(0.9300675675675676, 0.9736486486486486)",2,96.41418918918912,46000
"(0.39, 0.99625)",1,96.41375000000016,46001
"(0.5175, 0.9975)",1,96.41375000000006,46002
"(0.8493243243243244, 0.9746621621621622)",1,96.41351351351352,46003
"(0.7256756756756757, 0.9743243243243244)",2,96.4135135135135,46005
"(0.4613636363636363, 1.0)",1,96.41325757575758,46006
"(0.8081081081081081, 0.9773648648648648)",1,96.41317567567567,46007
"(0.459469696969697, 0.9984848484848484)",1,96.41287878787884,46008
"(0.2208333333333333, 0.990530303030303)",1,96.41287878787875,46009
"(0.9666666666666668, 0.9958333333333332)",1,96.41250000000008,46010
"(0.9875, 0.9958333333333332)",1,96.41250000000008,46011
"(0.271969696969697, 0.999621212121212)",1,96.41250000000004,46012
"(0.9375, 0.9958333333333332)",1,96.41250000000004,46013
"(0.6166666666666667, 1.0)",1,96.4125,46014
"(0.61375, 0.98875)",1,96.41249999999997,46015
"(0.95, 0.975)",1,96.41249999999988,46016
"(0.8875, 0.975)",1,96.41249999999988,46017
"(0.85, 0.975)",1,96.41249999999988,46018
"(0.4125, 0.975)",1,96.41249999999988,46019
"(0.8552631578947368, 0.9692982456140352)",1,96.41228070175455,46020
"(0.8771929824561403, 0.9692982456140352)",3,96.41228070175455,46023
"(0.8289473684210527, 0.9692982456140352)",1,96.41228070175455,46024
"(0.8245614035087719, 0.9692982456140352)",1,96.41228070175455,46025
"(0.7149122807017544, 0.9692982456140352)",3,96.41228070175455,46028
"(0.8596491228070176, 0.9692982456140352)",1,96.41228070175455,46029
"(0.8114035087719298, 0.9692982456140352)",1,96.41228070175455,46030
"(0.8991228070175439, 0.9692982456140352)",1,96.41228070175454,46031
"(0.8464912280701754, 0.9736842105263158)",1,96.41228070175433,46032
"(0.7412280701754386, 0.9736842105263158)",1,96.41228070175433,46033
"(0.881578947368421, 0.9736842105263158)",1,96.41228070175433,46034
"(0.6929824561403509, 0.9736842105263158)",1,96.41228070175433,46035
"(0.4736842105263157, 0.9736842105263158)",1,96.41228070175433,46036
"(0.9166666666666666, 0.9736842105263158)",1,96.41228070175433,46037
"(0.2939393939393939, 0.9920454545454546)",3,96.4121212121214,46040
"(0.5022727272727273, 0.9856060606060606)",1,96.41174242424248,46041
"(0.5428030303030303, 1.0)",1,96.41174242424243,46042
"(0.8324324324324325, 0.9743243243243244)",1,96.41148648648652,46043
"(0.8043918918918919, 0.9766891891891892)",1,96.4114864864864,46044
"(0.49375, 0.9925)",1,96.41125000000012,46045
"(0.5325, 0.98875)",1,96.41124999999992,46046
"(0.5025, 0.99125)",1,96.41124999999982,46047
"(0.9428571428571428, 0.9714285714285714)",3,96.4107142857143,46050
"(0.9464285714285714, 0.9678571428571427)",1,96.41071428571428,46051
"(0.9357142857142856, 0.9678571428571427)",1,96.41071428571426,46052
"(0.8571428571428571, 0.9714285714285714)",3,96.41071428571426,46055
"(0.9428571428571428, 0.9678571428571427)",3,96.41071428571423,46058
"(0.9571428571428572, 0.9678571428571427)",2,96.41071428571423,46060
"(0.9035714285714286, 0.9678571428571427)",3,96.41071428571422,46063
"(0.8892857142857142, 0.9678571428571427)",1,96.41071428571422,46064
"(0.9035714285714286, 0.9642857142857144)",1,96.41071428571416,46065
"(0.3678030303030303, 1.0)",3,96.41060606060609,46068
"(0.8076923076923077, 0.9743589743589745)",1,96.41025641025664,46069
"(0.6794871794871795, 0.9743589743589745)",6,96.41025641025664,46075
"(0.717948717948718, 0.9871794871794872)",2,96.41025641025654,46077
"(0.7518939393939394, 0.9931818181818182)",3,96.41022727272728,46080
"(0.7429054054054054, 0.9777027027027028)",3,96.41013513513506,46083
"(0.9277027027027028, 0.9743243243243244)",1,96.4097972972973,46084
"(0.5847972972972973, 0.9763513513513512)",1,96.40979729729726,46085
"(0.7638513513513514, 0.9773648648648648)",1,96.40979729729725,46086
"(0.4871212121212121, 1.0)",1,96.40909090909092,46087
"(0.9310810810810812, 0.9746621621621622)",2,96.40878378378368,46089
"(0.48375, 0.9925)",1,96.40875000000004,46090
"(0.4768939393939393, 0.9916666666666668)",3,96.40871212121225,46093
"(0.5428030303030303, 1.0)",1,96.40871212121212,46094
"(0.6909090909090909, 1.0)",3,96.40871212121212,46097
"(0.7638513513513514, 0.9780405405405406)",1,96.40844594594596,46098
"(0.7763513513513514, 0.975)",1,96.40844594594591,46099
"(0.975, 0.9958333333333332)",1,96.40833333333342,46100
"(0.9625, 0.9958333333333332)",1,96.4083333333334,46101
"(0.9666666666666668, 0.975)",1,96.40833333333316,46102
"(0.4356060606060606, 0.9837121212121211)",1,96.40795454545456,46103
"(0.9078947368421052, 0.9605263157894736)",1,96.40789473684228,46104
"(0.8552631578947368, 0.9692982456140352)",3,96.40789473684228,46107
"(0.8157894736842105, 0.9692982456140352)",1,96.40789473684228,46108
"(0.868421052631579, 0.9692982456140352)",1,96.40789473684228,46109
"(0.8289473684210527, 0.9692982456140352)",2,96.40789473684228,46111
"(0.9385964912280702, 0.9692982456140352)",1,96.40789473684228,46112
"(0.9078947368421052, 0.9692982456140352)",1,96.40789473684228,46113
"(0.9035087719298246, 0.9912280701754386)",1,96.4078947368421,46114
"(0.868421052631579, 0.9649122807017544)",1,96.40789473684204,46115
"(0.6885964912280702, 0.9736842105263158)",1,96.40789473684204,46116
"(0.868421052631579, 0.9736842105263158)",1,96.40789473684204,46117
"(0.8508771929824561, 0.9649122807017544)",1,96.40789473684204,46118
"(0.8377192982456141, 0.9736842105263158)",3,96.40789473684204,46121
"(0.8771929824561403, 0.9736842105263158)",1,96.40789473684204,46122
"(0.9078947368421052, 0.9736842105263158)",1,96.40789473684204,46123
"(0.8728070175438597, 0.9649122807017544)",1,96.40789473684204,46124
"(0.8771929824561403, 0.9649122807017544)",1,96.40789473684202,46125
"(0.8885135135135135, 0.9733108108108108)",1,96.40777027027036,46126
"(0.49375, 0.9975)",1,96.40750000000014,46127
"(0.5025, 0.9975)",2,96.40750000000013,46129
"(0.4675, 0.9925)",1,96.4075,46130
"(0.4791666666666667, 0.9977272727272728)",1,96.40719696969704,46131
"(0.5303030303030303, 1.0)",1,96.407196969697,46132
"(0.9035714285714286, 0.9714285714285714)",1,96.40714285714296,46133
"(0.9642857142857144, 0.9714285714285714)",1,96.4071428571429,46134
"(0.9678571428571427, 0.9714285714285714)",1,96.40714285714286,46135
"(0.9142857142857144, 0.9714285714285714)",1,96.40714285714286,46136
"(0.95, 0.9714285714285714)",2,96.40714285714284,46138
"(0.9428571428571428, 0.9678571428571427)",1,96.40714285714284,46139
"(0.9535714285714286, 0.9678571428571427)",1,96.4071428571428,46140
"(0.8857142857142857, 0.9678571428571427)",3,96.4071428571428,46143
"(0.9178571428571428, 0.9678571428571427)",1,96.4071428571428,46144
"(0.9607142857142856, 0.9642857142857144)",3,96.40714285714274,46147
"(0.8604651162790697, 0.9883720930232558)",1,96.4069767441862,46148
"(0.6744186046511628, 0.9767441860465116)",2,96.40697674418615,46150
"(0.8604651162790697, 0.9767441860465116)",1,96.40697674418615,46151
"(0.5465116279069767, 0.9767441860465116)",1,96.40697674418615,46152
"(0.3604651162790697, 0.9767441860465116)",1,96.40697674418615,46153
"(0.6046511627906976, 0.9767441860465116)",1,96.40697674418615,46154
"(0.7906976744186046, 0.9767441860465116)",1,96.40697674418614,46155
"(0.7558139534883721, 0.9767441860465116)",1,96.40697674418614,46156
"(0.6976744186046512, 0.9767441860465116)",1,96.40697674418614,46157
"(0.6162790697674418, 1.0)",1,96.40697674418604,46158
"(0.8837209302325582, 0.9651162790697676)",4,96.40697674418588,46162
"(0.9302325581395348, 0.9651162790697676)",2,96.40697674418588,46164
"(0.9302325581395348, 0.9651162790697676)",1,96.40697674418588,46165
"(0.8488372093023255, 0.9651162790697676)",2,96.40697674418588,46167
"(0.872093023255814, 0.9651162790697676)",2,96.40697674418588,46169
"(0.872093023255814, 0.9651162790697676)",1,96.40697674418588,46170
"(0.8953488372093024, 0.9651162790697676)",2,96.40697674418588,46172
"(0.8604651162790697, 0.9651162790697676)",1,96.40697674418588,46173
"(0.9767441860465116, 0.9651162790697676)",5,96.40697674418588,46178
"(0.8837209302325582, 0.9651162790697676)",1,96.40697674418588,46179
"(0.6756756756756757, 0.9763513513513512)",1,96.40675675675674,46180
"(0.3992424242424242, 0.9977272727272728)",2,96.40643939393948,46182
"(0.4579545454545454, 1.0)",1,96.40643939393938,46183
"(0.5658783783783784, 0.9712837837837838)",2,96.40608108108113,46185
"(0.831081081081081, 0.9777027027027028)",3,96.4054054054054,46188
"(0.552027027027027, 0.979054054054054)",1,96.40506756756766,46189
"(0.48625, 0.98375)",1,96.40500000000006,46190
"(0.7712837837837838, 0.9753378378378378)",1,96.4047297297297,46191
"(0.9458333333333332, 0.9791666666666666)",1,96.4041666666668,46192
"(0.9833333333333332, 0.9958333333333332)",1,96.40416666666674,46193
"(0.9708333333333332, 0.9958333333333332)",2,96.40416666666674,46195
"(0.9916666666666668, 0.9958333333333332)",1,96.40416666666673,46196
"(0.5371212121212121, 1.0)",1,96.40416666666668,46197
"(0.975, 1.0)",2,96.40416666666664,46199
"(0.6756756756756757, 0.9746621621621622)",1,96.404054054054,46200
"(0.5303030303030303, 1.0)",1,96.40378787878788,46201
"(0.9571428571428572, 0.9714285714285714)",1,96.4035714285715,46202
"(0.9428571428571428, 0.9678571428571427)",3,96.4035714285714,46205
"(0.9535714285714286, 0.9571428571428572)",1,96.40357142857138,46206
"(0.9285714285714286, 0.9678571428571427)",1,96.40357142857135,46207
"(0.9607142857142856, 0.9678571428571427)",1,96.40357142857135,46208
"(0.9428571428571428, 0.9678571428571427)",1,96.40357142857135,46209
"(0.9607142857142856, 0.9642857142857144)",3,96.40357142857128,46212
"(0.8070175438596491, 0.9692982456140352)",3,96.40350877193,46215
"(0.7719298245614035, 0.9692982456140352)",3,96.40350877193,46218
"(0.8640350877192983, 0.9692982456140352)",1,96.40350877193,46219
"(0.706140350877193, 0.9912280701754386)",1,96.4035087719298,46220
"(0.4736842105263157, 0.9736842105263158)",1,96.40350877192976,46221
"(0.7850877192982456, 0.9736842105263158)",1,96.40350877192976,46222
"(0.7412280701754386, 0.9736842105263158)",1,96.40350877192976,46223
"(0.7280701754385965, 0.9736842105263158)",1,96.40350877192976,46224
"(0.8201754385964912, 0.9649122807017544)",1,96.40350877192976,46225
"(0.9035087719298246, 0.9649122807017544)",1,96.40350877192976,46226
"(0.8596491228070176, 0.9736842105263158)",1,96.40350877192976,46227
"(0.9166666666666666, 0.9736842105263158)",1,96.40350877192976,46228
"(0.2102272727272727, 0.9893939393939394)",1,96.40340909090904,46229
"(0.7638513513513514, 0.9773648648648648)",1,96.40337837837838,46230
"(0.5206081081081081, 0.9807432432432432)",1,96.40304054054056,46231
"(0.7327702702702703, 0.977027027027027)",1,96.40304054054047,46232
"(0.4568181818181818, 1.0)",3,96.4030303030303,46235
"(0.8194444444444444, 0.9722222222222222)",1,96.40277777777796,46236
"(0.9305555555555556, 0.9722222222222222)",1,96.40277777777796,46237
"(0.4861111111111111, 0.9861111111111112)",1,96.40277777777796,46238
"(0.8611111111111112, 0.9722222222222222)",1,96.40277777777796,46239
"(0.7916666666666666, 0.9722222222222222)",1,96.40277777777796,46240
"(0.9027777777777778, 0.9861111111111112)",1,96.40277777777796,46241
"(0.875, 0.9722222222222222)",1,96.40277777777796,46242
"(0.8333333333333334, 0.9722222222222222)",2,96.40277777777796,46244
"(0.8333333333333334, 0.9861111111111112)",1,96.40277777777796,46245
"(0.8472222222222222, 0.9722222222222222)",1,96.40277777777796,46246
"(0.8611111111111112, 0.9861111111111112)",1,96.40277777777796,46247
"(0.9027777777777778, 0.9722222222222222)",2,96.40277777777796,46249
"(0.5, 0.9722222222222222)",1,96.40277777777796,46250
"(0.8888888888888888, 0.9722222222222222)",2,96.40277777777796,46252
"(0.8055555555555556, 0.9722222222222222)",1,96.40277777777796,46253
"(0.9166666666666666, 0.9722222222222222)",1,96.40277777777796,46254
"(0.7638888888888888, 0.9861111111111112)",1,96.40277777777796,46255
"(0.8888888888888888, 0.9861111111111112)",2,96.40277777777796,46257
"(0.9722222222222222, 0.9861111111111112)",2,96.40277777777796,46259
"(0.5, 0.9722222222222222)",1,96.40277777777794,46260
"(0.9444444444444444, 0.9722222222222222)",1,96.40277777777794,46261
"(0.9166666666666666, 0.9722222222222222)",1,96.40277777777794,46262
"(0.8055555555555556, 1.0)",1,96.40277777777776,46263
"(0.2295454545454545, 1.0)",1,96.40265151515152,46264
"(0.48875, 0.99125)",1,96.40249999999988,46265
"(0.6905405405405406, 0.9783783783783784)",1,96.40202702702702,46266
"(0.9300675675675676, 0.9753378378378378)",1,96.402027027027,46267
"(0.8472972972972973, 0.9773648648648648)",1,96.40202702702696,46268
"(0.471969696969697, 0.9886363636363636)",1,96.40189393939382,46269
"(0.8722972972972973, 0.970945945945946)",1,96.4016891891892,46270
"(0.5075, 0.995)",2,96.40125000000012,46272
"(0.4632575757575757, 0.9920454545454546)",3,96.40113636363644,46275
"(0.839527027027027, 0.972972972972973)",1,96.40101351351352,46276
"(0.4848484848484848, 1.0)",3,96.40075757575757,46279
"(0.5472972972972973, 0.9716216216216216)",2,96.40067567567569,46281
"(0.9333333333333332, 0.9666666666666668)",1,96.40000000000016,46282
"(0.9166666666666666, 0.9666666666666668)",1,96.40000000000016,46283
"(0.9791666666666666, 0.9958333333333332)",1,96.40000000000008,46284
"(0.95, 0.9833333333333332)",1,96.40000000000006,46285
"(0.9791666666666666, 0.9958333333333332)",1,96.40000000000003,46286
"(0.459469696969697, 0.999621212121212)",1,96.40000000000003,46287
"(0.9785714285714284, 0.9607142857142856)",3,96.40000000000003,46290
"(0.9708333333333332, 0.9958333333333332)",1,96.40000000000002,46291
"(1.0, 1.0)",1,96.4,46292
"(0.9833333333333332, 1.0)",1,96.4,46293
"(0.58875, 0.97625)",1,96.39999999999998,46294
"(0.9833333333333332, 1.0)",1,96.39999999999996,46295
"(0.9785714285714284, 0.9571428571428572)",1,96.39999999999992,46296
"(0.9208333333333332, 0.9875)",1,96.39999999999992,46297
"(0.9035714285714286, 0.9678571428571427)",1,96.39999999999992,46298
"(0.9357142857142856, 0.975)",1,96.39999999999988,46299
"(0.85, 0.975)",1,96.39999999999988,46300
"(0.8875, 0.975)",3,96.39999999999988,46303
"(0.875, 0.975)",1,96.39999999999988,46304
"(0.9428571428571428, 0.9535714285714286)",1,96.39999999999986,46305
"(0.825, 0.975)",1,96.39999999999986,46306
"(0.95, 0.975)",1,96.39999999999984,46307
"(0.8091216216216216, 0.9766891891891892)",1,96.39932432432433,46308
"(0.8026315789473685, 0.9692982456140352)",1,96.39912280701772,46309
"(0.8114035087719298, 0.9692982456140352)",1,96.3991228070177,46310
"(0.9078947368421052, 0.9736842105263158)",1,96.3991228070175,46311
"(0.7719298245614035, 0.9736842105263158)",1,96.39912280701748,46312
"(0.9078947368421052, 0.9736842105263158)",6,96.39912280701748,46318
"(0.9166666666666666, 0.9736842105263158)",1,96.39912280701748,46319
"(0.8771929824561403, 0.9736842105263158)",3,96.39912280701748,46322
"(0.4666666666666667, 1.0)",1,96.39886363636364,46323
"(0.7483108108108109, 0.9689189189189188)",1,96.39864864864865,46324
"(0.8091216216216216, 0.9783783783783784)",1,96.3983108108108,46325
"(0.9354729729729728, 0.9702702702702702)",1,96.39763513513525,46326
"(0.51, 0.9775)",1,96.3975,46327
"(0.8205128205128205, 0.9743589743589745)",1,96.39743589743614,46328
"(0.782051282051282, 0.9743589743589745)",3,96.39743589743614,46331
"(0.6923076923076923, 0.9871794871794872)",1,96.39743589743604,46332
"(0.7051282051282052, 0.9871794871794872)",1,96.39743589743604,46333
"(0.4545454545454545, 0.9950757575757576)",3,96.3969696969698,46336
"(0.6847972972972973, 0.9777027027027028)",1,96.3966216216216,46337
"(0.296969696969697, 0.9981060606060606)",1,96.396590909091,46338
"(0.95, 0.9714285714285714)",1,96.39642857142864,46339
"(0.8892857142857142, 0.9714285714285714)",1,96.39642857142864,46340
"(0.9285714285714286, 0.9714285714285714)",1,96.39642857142864,46341
"(0.9392857142857144, 0.9607142857142856)",2,96.3964285714286,46343
"(0.9571428571428572, 0.9714285714285714)",1,96.39642857142856,46344
"(0.9392857142857144, 0.9678571428571427)",1,96.39642857142854,46345
"(0.95, 0.9678571428571427)",1,96.39642857142852,46346
"(0.875, 0.9678571428571427)",3,96.39642857142852,46349
"(0.8357142857142857, 0.975)",1,96.3964285714285,46350
"(0.9607142857142856, 0.975)",1,96.39642857142849,46351
"(0.95, 0.9642857142857144)",1,96.39642857142849,46352
"(0.9392857142857144, 0.9642857142857144)",3,96.39642857142846,46355
"(0.9392857142857144, 0.9642857142857144)",1,96.39642857142844,46356
"(0.5175, 0.9875)",1,96.39625000000008,46357
"(0.5333333333333333, 0.9821969696969696)",1,96.3962121212121,46358
"(0.8402027027027027, 0.9736486486486486)",2,96.39594594594593,46360
"(0.9875, 0.9958333333333332)",1,96.39583333333336,46361
"(0.9625, 0.9958333333333332)",1,96.39583333333336,46362
"(0.9916666666666668, 0.9958333333333332)",3,96.39583333333336,46365
"(0.5540540540540541, 0.9787162162162162)",1,96.39560810810808,46366
"(0.4575757575757576, 1.0)",3,96.39545454545456,46369
"(0.9186046511627908, 0.9767441860465116)",1,96.3953488372094,46370
"(0.6976744186046512, 0.9767441860465116)",1,96.3953488372094,46371
"(0.8837209302325582, 0.9767441860465116)",1,96.3953488372094,46372
"(0.4767441860465116, 0.9767441860465116)",1,96.3953488372094,46373
"(0.8604651162790697, 0.9767441860465116)",2,96.3953488372094,46375
"(0.8953488372093024, 0.9767441860465116)",1,96.3953488372094,46376
"(0.6046511627906976, 0.9767441860465116)",1,96.3953488372094,46377
"(0.3604651162790697, 0.9767441860465116)",1,96.3953488372094,46378
"(0.7906976744186046, 0.9767441860465116)",1,96.3953488372094,46379
"(0.8604651162790697, 0.9767441860465116)",2,96.3953488372094,46381
"(0.9186046511627908, 0.9651162790697676)",1,96.39534883720914,46382
"(0.9302325581395348, 0.9651162790697676)",1,96.39534883720914,46383
"(0.8837209302325582, 0.9651162790697676)",4,96.39534883720914,46387
"(0.813953488372093, 0.9651162790697676)",1,96.39534883720914,46388
"(0.8953488372093024, 0.9651162790697676)",2,96.39534883720914,46390
"(0.872093023255814, 0.9651162790697676)",3,96.39534883720914,46393
"(0.8488372093023255, 0.9651162790697676)",1,96.39534883720914,46394
"(0.9767441860465116, 0.9651162790697676)",3,96.39534883720914,46397
"(0.813953488372093, 0.9651162790697676)",1,96.39534883720911,46398
"(0.9302325581395348, 0.9651162790697676)",1,96.39534883720911,46399
"(0.872093023255814, 0.9651162790697676)",2,96.39534883720911,46401
"(0.8033783783783783, 0.977027027027027)",1,96.39527027027025,46402
"(0.40875, 0.9775)",1,96.39499999999998,46403
"(0.49625, 0.98625)",2,96.39499999999995,46405
"(0.547972972972973, 0.9756756756756756)",1,96.39493243243238,46406
"(0.8070175438596491, 0.9692982456140352)",1,96.39473684210544,46407
"(0.8245614035087719, 0.9692982456140352)",2,96.39473684210544,46409
"(0.8552631578947368, 0.9692982456140352)",3,96.39473684210544,46412
"(0.8201754385964912, 0.9692982456140352)",3,96.39473684210544,46415
"(0.912280701754386, 0.9692982456140352)",1,96.39473684210544,46416
"(0.9429824561403508, 0.9692982456140352)",3,96.39473684210544,46419
"(0.8333333333333334, 0.9692982456140352)",3,96.39473684210544,46422
"(0.6885964912280702, 0.9692982456140352)",1,96.39473684210544,46423
"(0.8289473684210527, 0.9692982456140352)",1,96.39473684210544,46424
"(0.8947368421052632, 0.9692982456140352)",1,96.39473684210544,46425
"(0.7280701754385965, 0.9736842105263158)",1,96.39473684210522,46426
"(0.912280701754386, 0.9736842105263158)",3,96.39473684210522,46429
"(0.5043859649122807, 0.9736842105263158)",3,96.3947368421052,46432
"(0.7456140350877193, 0.9736842105263158)",1,96.3947368421052,46433
"(0.881578947368421, 0.9736842105263158)",1,96.3947368421052,46434
"(0.8552631578947368, 0.9649122807017544)",1,96.3947368421052,46435
"(0.9166666666666666, 0.9736842105263158)",3,96.3947368421052,46438
"(0.8070175438596491, 0.9736842105263158)",3,96.3947368421052,46441
"(0.868421052631579, 0.9736842105263158)",3,96.3947368421052,46444
"(0.9298245614035088, 0.9736842105263158)",1,96.3947368421052,46445
"(0.8552631578947368, 0.9736842105263158)",2,96.3947368421052,46447
"(0.9078947368421052, 0.9736842105263158)",1,96.3947368421052,46448
"(0.5394736842105263, 0.9736842105263158)",1,96.3947368421052,46449
"(0.9342105263157896, 0.9736842105263158)",1,96.3947368421052,46450
"(0.8952702702702703, 0.9716216216216216)",1,96.3945945945946,46451
"(0.4897727272727272, 1.0)",1,96.3943181818182,46452
"(0.5950757575757576, 1.0)",1,96.3943181818182,46453
"(0.47625, 0.99625)",1,96.3937500000001,46454
"(0.4606060606060606, 1.0)",3,96.39356060606062,46457
"(0.7925675675675675, 0.9783783783783784)",1,96.39324324324322,46458
"(0.3075757575757575, 1.0)",2,96.39318181818184,46460
"(0.4799242424242424, 1.0)",1,96.39318181818184,46461
"(0.9428571428571428, 0.9714285714285714)",1,96.39285714285722,46462
"(0.9321428571428572, 0.9714285714285714)",1,96.39285714285722,46463
"(0.9642857142857144, 0.9607142857142856)",1,96.39285714285718,46464
"(0.9571428571428572, 0.9607142857142856)",1,96.39285714285715,46465
"(0.9607142857142856, 0.9607142857142856)",3,96.39285714285714,46468
"(0.95, 0.9678571428571427)",1,96.39285714285712,46469
"(0.9428571428571428, 0.9678571428571427)",1,96.39285714285712,46470
"(0.95, 0.9642857142857144)",3,96.39285714285704,46473
"(0.925, 0.975)",1,96.39285714285704,46474
"(0.9535714285714286, 0.9642857142857144)",3,96.392857142857,46477
"(0.7496621621621622, 0.9702702702702702)",1,96.39256756756758,46478
"(0.7996621621621621, 0.9702702702702702)",2,96.39256756756754,46480
"(0.5658783783783784, 0.9763513513513512)",1,96.39256756756753,46481
"(0.575, 0.98625)",1,96.39249999999994,46482
"(0.2723484848484848, 0.9962121212121212)",3,96.39204545454558,46485
"(0.8513513513513513, 0.9702702702702702)",1,96.39189189189192,46486
"(0.4579545454545454, 0.990909090909091)",1,96.3916666666667,46487
"(0.8810810810810811, 0.9736486486486486)",2,96.39155405405404,46489
"(0.485, 0.99125)",3,96.39124999999984,46492
"(0.75, 0.9716216216216216)",1,96.39121621621624,46493
"(0.5635135135135135, 0.970945945945946)",1,96.39087837837836,46494
"(0.8552631578947368, 0.9692982456140352)",1,96.39035087719316,46495
"(0.8114035087719298, 0.9692982456140352)",4,96.39035087719316,46499
"(0.75, 0.9692982456140352)",1,96.39035087719316,46500
"(0.8245614035087719, 0.9692982456140352)",1,96.39035087719314,46501
"(0.8552631578947368, 0.9692982456140352)",3,96.39035087719314,46504
"(0.8070175438596491, 0.9692982456140352)",1,96.39035087719314,46505
"(0.8991228070175439, 0.9692982456140352)",3,96.39035087719314,46508
"(0.9078947368421052, 0.9736842105263158)",2,96.39035087719292,46510
"(0.9078947368421052, 0.9736842105263158)",2,96.39035087719292,46512
"(0.8245614035087719, 0.9736842105263158)",1,96.39035087719292,46513
"(0.912280701754386, 0.9736842105263158)",2,96.39035087719292,46515
"(0.7894736842105263, 0.9736842105263158)",1,96.39035087719292,46516
"(0.8903508771929824, 0.9736842105263158)",2,96.39035087719292,46518
"(0.8421052631578947, 0.9736842105263158)",1,96.39035087719292,46519
"(0.9135135135135136, 0.9773648648648648)",1,96.39020270270264,46520
"(0.4568181818181818, 0.9977272727272728)",1,96.3901515151516,46521
"(0.4621212121212121, 0.9992424242424244)",1,96.39015151515156,46522
"(0.9037162162162162, 0.9777027027027028)",3,96.38986486486483,46525
"(0.9642857142857144, 0.9607142857142856)",1,96.38928571428582,46526
"(0.9607142857142856, 0.9607142857142856)",1,96.38928571428572,46527
"(0.925, 0.9714285714285714)",1,96.3892857142857,46528
"(0.9392857142857144, 0.9678571428571427)",1,96.3892857142857,46529
"(0.9285714285714286, 0.9678571428571427)",3,96.38928571428563,46532
"(0.9357142857142856, 0.9571428571428572)",1,96.38928571428563,46533
"(0.9285714285714286, 0.9642857142857144)",3,96.3892857142856,46536
"(0.9035714285714286, 0.9642857142857144)",1,96.38928571428558,46537
"(0.2488636363636363, 0.9981060606060606)",1,96.3890151515152,46538
"(0.8194444444444444, 0.9861111111111112)",1,96.38888888888908,46539
"(0.9166666666666666, 0.9861111111111112)",1,96.38888888888908,46540
"(0.75, 0.9861111111111112)",1,96.38888888888908,46541
"(0.8611111111111112, 0.9722222222222222)",1,96.38888888888908,46542
"(0.6944444444444444, 0.9861111111111112)",2,96.38888888888908,46544
"(0.7777777777777778, 0.9861111111111112)",1,96.38888888888908,46545
"(0.8055555555555556, 0.9722222222222222)",1,96.38888888888908,46546
"(0.8888888888888888, 0.9722222222222222)",2,96.38888888888908,46548
"(0.9027777777777778, 0.9722222222222222)",1,96.38888888888908,46549
"(0.8888888888888888, 0.9861111111111112)",1,96.38888888888908,46550
"(0.625, 0.9722222222222222)",2,96.38888888888906,46552
"(0.7222222222222222, 0.9722222222222222)",1,96.38888888888906,46553
"(0.5555555555555556, 0.9722222222222222)",1,96.38888888888906,46554
"(0.875, 0.9722222222222222)",2,96.38888888888906,46556
"(0.8472222222222222, 0.9722222222222222)",2,96.38888888888906,46558
"(0.8194444444444444, 0.9722222222222222)",1,96.38888888888906,46559
"(0.7638888888888888, 0.9722222222222222)",1,96.38888888888906,46560
"(0.8611111111111112, 0.9722222222222222)",1,96.38888888888906,46561
"(0.75, 1.0)",1,96.38888888888889,46562
"(0.6944444444444444, 1.0)",1,96.38888888888889,46563
"(0.6111111111111112, 1.0)",1,96.38888888888889,46564
"(0.7543918918918919, 0.9736486486486486)",1,96.3888513513514,46565
"(0.505, 0.99875)",1,96.38875000000009,46566
"(0.51, 0.99)",1,96.38874999999992,46567
"(0.5121212121212121, 0.9962121212121212)",3,96.38863636363646,46570
"(0.3295454545454545, 0.9981060606060606)",1,96.38863636363638,46571
"(0.5925675675675676, 0.9780405405405406)",1,96.3885135135136,46572
"(0.8445945945945946, 0.972972972972973)",1,96.38851351351354,46573
"(0.4253787878787878, 0.999621212121212)",1,96.3882575757576,46574
"(0.8510135135135135, 0.9743243243243244)",2,96.38783783783784,46576
"(0.8043918918918919, 0.9746621621621622)",2,96.38783783783776,46578
"(0.4975, 0.98875)",2,96.38750000000007,46580
"(0.9875, 0.9958333333333332)",1,96.38750000000007,46581
"(0.9916666666666668, 0.9958333333333332)",2,96.38750000000005,46583
"(0.9791666666666666, 0.9958333333333332)",1,96.38750000000005,46584
"(0.9833333333333332, 0.9958333333333332)",1,96.38750000000005,46585
"(0.6068181818181818, 0.9992424242424244)",3,96.3875,46588
"(0.8510135135135135, 0.9773648648648648)",2,96.38749999999996,46590
"(0.5087837837837837, 0.9763513513513512)",1,96.38749999999996,46591
"(0.455, 0.98125)",1,96.38749999999996,46592
"(0.875, 0.975)",1,96.38749999999987,46593
"(0.9, 0.975)",2,96.38749999999987,46595
"(0.85, 0.975)",2,96.38749999999987,46597
"(0.8875, 0.975)",4,96.38749999999987,46601
"(0.4125, 0.975)",2,96.38749999999987,46603
"(0.925, 0.975)",1,96.38749999999987,46604
"(0.925, 0.975)",1,96.38749999999986,46605
"(0.9208333333333332, 0.9875)",1,96.38749999999986,46606
"(0.9327702702702704, 0.9783783783783784)",3,96.38716216216216,46609
"(0.8135135135135135, 0.9780405405405406)",1,96.38716216216216,46610
"(0.50125, 0.9975)",1,96.38625000000012,46611
"(0.49625, 0.975)",1,96.38624999999996,46612
"(0.8108108108108109, 0.9739864864864864)",2,96.38614864864864,46614
"(0.7912162162162162, 0.9739864864864864)",2,96.3861486486486,46616
"(0.8662162162162163, 0.9766891891891892)",1,96.3861486486486,46617
"(0.7007575757575758, 1.0)",3,96.38598484848484,46620
"(0.868421052631579, 0.9692982456140352)",3,96.38596491228088,46623
"(0.9385964912280702, 0.9692982456140352)",1,96.38596491228088,46624
"(0.8114035087719298, 0.9692982456140352)",1,96.38596491228088,46625
"(0.8947368421052632, 0.9692982456140352)",1,96.38596491228088,46626
"(0.7631578947368421, 0.9692982456140352)",1,96.38596491228088,46627
"(0.8245614035087719, 0.9692982456140352)",3,96.38596491228088,46630
"(0.6929824561403509, 0.9692982456140352)",1,96.38596491228088,46631
"(0.9078947368421052, 0.9736842105263158)",1,96.38596491228066,46632
"(0.7105263157894737, 0.9736842105263158)",1,96.38596491228064,46633
"(0.7456140350877193, 0.9736842105263158)",1,96.38596491228064,46634
"(0.8026315789473685, 0.9736842105263158)",1,96.38596491228064,46635
"(0.5925675675675676, 0.9777027027027028)",1,96.38581081081084,46636
"(0.9214285714285714, 0.9607142857142856)",1,96.3857142857143,46637
"(0.95, 0.9607142857142856)",3,96.3857142857143,46640
"(0.95, 0.9714285714285714)",3,96.38571428571429,46643
"(0.9535714285714286, 0.975)",1,96.38571428571416,46644
"(0.9535714285714286, 0.9642857142857144)",1,96.38571428571416,46645
"(0.9607142857142856, 0.9642857142857144)",1,96.38571428571416,46646
"(0.9285714285714286, 0.975)",1,96.38571428571414,46647
"(0.2492424242424242, 0.999621212121212)",1,96.3856060606061,46648
"(0.4761363636363636, 0.9984848484848484)",1,96.3856060606061,46649
"(0.5037878787878788, 1.0)",3,96.38560606060608,46652
"(0.3409090909090909, 0.9867424242424242)",1,96.38560606060604,46653
"(0.8891891891891892, 0.9783783783783784)",1,96.38513513513516,46654
"(0.66875, 0.98375)",1,96.385,46655
"(0.7655405405405405, 0.9743243243243244)",2,96.38479729729728,46657
"(0.717948717948718, 0.9743589743589745)",1,96.38461538461564,46658
"(0.7307692307692307, 0.9743589743589745)",1,96.38461538461564,46659
"(0.6794871794871795, 0.9743589743589745)",1,96.38461538461564,46660
"(0.5769230769230769, 0.9871794871794872)",2,96.38461538461551,46662
"(0.8076923076923077, 0.9871794871794872)",2,96.38461538461551,46664
"(0.5512820512820513, 0.9871794871794872)",1,96.38461538461551,46665
"(0.717948717948718, 0.9871794871794872)",1,96.38461538461551,46666
"(0.7307692307692307, 0.9871794871794872)",1,96.38461538461551,46667
"(0.4230769230769231, 0.9871794871794872)",1,96.38461538461551,46668
"(0.7435897435897436, 1.0)",1,96.3846153846154,46669
"(0.7439393939393939, 1.0)",1,96.3844696969697,46670
"(0.4515151515151515, 0.9992424242424244)",3,96.38446969696967,46673
"(0.5277027027027027, 0.9763513513513512)",1,96.38412162162165,46674
"(0.8672297297297298, 0.9780405405405406)",1,96.3841216216216,46675
"(0.4087121212121212, 0.9924242424242424)",3,96.38409090909104,46678
"(0.9135135135135136, 0.9763513513513512)",1,96.38378378378376,46679
"(0.8402027027027027, 0.9739864864864864)",1,96.38378378378374,46680
"(0.48875, 0.99875)",1,96.38375000000008,46681
"(0.495, 0.99)",1,96.38374999999988,46682
"(0.8604651162790697, 0.9883720930232558)",1,96.38372093023273,46683
"(0.8837209302325582, 0.9883720930232558)",1,96.38372093023273,46684
"(0.872093023255814, 0.9767441860465116)",2,96.38372093023268,46686
"(0.8953488372093024, 0.9767441860465116)",1,96.38372093023268,46687
"(0.9651162790697676, 0.9767441860465116)",2,96.38372093023266,46689
"(0.9186046511627908, 0.9767441860465116)",1,96.38372093023266,46690
"(0.7209302325581395, 0.9767441860465116)",1,96.38372093023266,46691
"(0.8837209302325582, 0.9767441860465116)",1,96.38372093023266,46692
"(0.6976744186046512, 0.9767441860465116)",1,96.38372093023264,46693
"(0.8488372093023255, 0.9651162790697676)",1,96.3837209302324,46694
"(0.8953488372093024, 0.9651162790697676)",2,96.3837209302324,46696
"(0.872093023255814, 0.9651162790697676)",2,96.3837209302324,46698
"(0.8837209302325582, 0.9651162790697676)",4,96.3837209302324,46702
"(0.9069767441860463, 0.9651162790697676)",1,96.3837209302324,46703
"(0.8837209302325582, 0.9651162790697676)",1,96.3837209302324,46704
"(0.8604651162790697, 0.9651162790697676)",1,96.3837209302324,46705
"(0.9767441860465116, 0.9651162790697676)",1,96.3837209302324,46706
"(0.9302325581395348, 0.9651162790697676)",2,96.3837209302324,46708
"(0.872093023255814, 0.9651162790697676)",1,96.38372093023236,46709
"(0.4852272727272727, 0.9988636363636364)",1,96.38371212121218,46710
"(0.8666666666666667, 0.9666666666666668)",1,96.38333333333348,46711
"(0.95, 0.9958333333333332)",2,96.38333333333344,46713
"(0.9833333333333332, 0.9958333333333332)",1,96.38333333333335,46714
"(0.9916666666666668, 0.9958333333333332)",1,96.38333333333335,46715
"(0.9791666666666666, 0.9958333333333332)",2,96.38333333333335,46717
"(0.9833333333333332, 1.0)",1,96.38333333333333,46718
"(0.9958333333333332, 1.0)",1,96.3833333333333,46719
"(0.9791666666666666, 1.0)",1,96.38333333333324,46720
"(0.7327702702702703, 0.9773648648648648)",1,96.38310810810812,46721
"(0.4571969696969697, 1.0)",2,96.38295454545454,46723
"(0.772972972972973, 0.979054054054054)",1,96.38277027027031,46724
"(0.831081081081081, 0.977027027027027)",1,96.38277027027024,46725
"(0.7246212121212121, 0.9946969696969696)",3,96.38257575757586,46728
"(0.4871212121212121, 1.0)",1,96.3825757575758,46729
"(0.4632575757575757, 1.0)",3,96.38257575757578,46732
"(0.5481060606060606, 1.0)",1,96.38257575757576,46733
"(0.95, 0.9678571428571427)",1,96.38214285714284,46734
"(0.8964285714285715, 0.9678571428571427)",3,96.3821428571428,46737
"(0.95, 0.975)",1,96.38214285714274,46738
"(0.9571428571428572, 0.975)",1,96.38214285714272,46739
"(0.8714285714285714, 0.9642857142857144)",1,96.3821428571427,46740
"(0.5443181818181818, 0.9992424242424244)",1,96.3818181818182,46741
"(0.8464912280701754, 0.9692982456140352)",1,96.3815789473686,46742
"(0.8157894736842105, 0.9692982456140352)",1,96.3815789473686,46743
"(0.8114035087719298, 0.9692982456140352)",4,96.3815789473686,46747
"(0.8728070175438597, 0.9692982456140352)",1,96.3815789473686,46748
"(0.8245614035087719, 0.9692982456140352)",1,96.3815789473686,46749
"(0.8114035087719298, 0.9692982456140352)",1,96.38157894736858,46750
"(0.8596491228070176, 0.9692982456140352)",1,96.38157894736858,46751
"(0.6096491228070176, 0.9692982456140352)",1,96.38157894736858,46752
"(0.6798245614035088, 0.9692982456140352)",1,96.38157894736858,46753
"(0.8771929824561403, 0.9692982456140352)",1,96.38157894736858,46754
"(0.9035087719298246, 0.9605263157894736)",3,96.38157894736857,46757
"(0.7456140350877193, 0.9736842105263158)",1,96.38157894736835,46758
"(0.75, 0.9736842105263158)",1,96.38157894736835,46759
"(0.8947368421052632, 0.9649122807017544)",1,96.38157894736835,46760
"(0.8245614035087719, 0.9736842105263158)",1,96.38157894736835,46761
"(0.868421052631579, 0.9736842105263158)",2,96.38157894736835,46763
"(0.8728070175438597, 0.9736842105263158)",1,96.38157894736835,46764
"(0.4583333333333333, 1.0)",3,96.3814393939394,46767
"(0.772972972972973, 0.9760135135135136)",1,96.3807432432432,46768
"(0.5075, 0.99125)",2,96.37999999999992,46770
"(0.6969594594594595, 0.9736486486486486)",3,96.3797297297297,46773
"(0.4681818181818182, 0.9859848484848484)",1,96.37954545454546,46774
"(0.5891891891891892, 0.9783783783783784)",1,96.379391891892,46775
"(0.522972972972973, 0.9716216216216216)",2,96.37939189189191,46777
"(0.8875, 0.9791666666666666)",1,96.37916666666683,46778
"(0.9666666666666668, 0.9958333333333332)",1,96.37916666666672,46779
"(0.9791666666666666, 0.9958333333333332)",1,96.37916666666668,46780
"(0.5743243243243243, 0.9706081081081082)",2,96.37905405405408,46782
"(0.7655405405405405, 0.9773648648648648)",1,96.37905405405408,46783
"(0.53125, 0.99)",1,96.37874999999998,46784
"(0.51625, 0.99125)",1,96.37874999999995,46785
"(0.9607142857142856, 0.9714285714285714)",2,96.37857142857148,46787
"(0.9678571428571427, 0.9607142857142856)",1,96.37857142857146,46788
"(0.9535714285714286, 0.9714285714285714)",1,96.37857142857143,46789
"(0.9392857142857144, 0.9714285714285714)",1,96.37857142857143,46790
"(0.9607142857142856, 0.9607142857142856)",3,96.37857142857143,46793
"(0.9214285714285714, 0.9607142857142856)",1,96.37857142857142,46794
"(0.9428571428571428, 0.9678571428571427)",3,96.37857142857138,46797
"(0.9071428571428573, 0.9642857142857144)",3,96.37857142857136,46800
"(0.9392857142857144, 0.9678571428571427)",1,96.37857142857136,46801
"(0.9392857142857144, 0.9642857142857144)",1,96.3785714285713,46802
"(0.9035714285714286, 0.9642857142857144)",1,96.37857142857128,46803
"(0.9392857142857144, 0.9642857142857144)",1,96.37857142857128,46804
"(0.4628787878787879, 0.9981060606060606)",1,96.37840909090914,46805
"(0.4715909090909091, 1.0)",1,96.37765151515153,46806
"(0.343560606060606, 1.0)",1,96.37727272727275,46807
"(0.4617424242424242, 1.0)",1,96.37727272727275,46808
"(0.5481060606060606, 1.0)",1,96.37727272727273,46809
"(0.4753787878787879, 0.9886363636363636)",1,96.3772727272727,46810
"(0.6228070175438597, 0.9692982456140352)",1,96.37719298245632,46811
"(0.8114035087719298, 0.9692982456140352)",1,96.37719298245632,46812
"(0.8114035087719298, 0.9692982456140352)",1,96.37719298245632,46813
"(0.7324561403508771, 0.9692982456140352)",3,96.37719298245632,46816
"(0.8903508771929824, 0.9692982456140352)",1,96.37719298245632,46817
"(0.912280701754386, 0.9692982456140352)",1,96.3771929824563,46818
"(0.8991228070175439, 0.9692982456140352)",1,96.3771929824563,46819
"(0.8640350877192983, 0.9736842105263158)",1,96.3771929824561,46820
"(0.7456140350877193, 0.9736842105263158)",2,96.37719298245608,46822
"(0.5394736842105263, 0.9736842105263158)",1,96.37719298245608,46823
"(0.9166666666666666, 0.9736842105263158)",1,96.37719298245608,46824
"(0.8070175438596491, 0.9736842105263158)",1,96.37719298245608,46825
"(0.6578947368421053, 0.9736842105263158)",1,96.37719298245608,46826
"(0.8333333333333334, 0.9736842105263158)",1,96.37719298245608,46827
"(0.4078947368421052, 0.9736842105263158)",1,96.37719298245608,46828
"(0.8728070175438597, 0.9736842105263158)",1,96.37719298245608,46829
"(0.5057432432432433, 0.9739864864864864)",2,96.37702702702704,46831
"(0.5216216216216216, 0.9766891891891892)",1,96.37668918918914,46832
"(0.52125, 0.97625)",1,96.37624999999996,46833
"(0.3117424242424242, 1.0)",1,96.37575757575758,46834
"(0.6280405405405406, 0.9780405405405406)",1,96.37533783783796,46835
"(0.5939189189189189, 0.9763513513513512)",1,96.3753378378378,46836
"(0.5555555555555556, 0.9861111111111112)",1,96.3750000000002,46837
"(0.8333333333333334, 0.9861111111111112)",1,96.3750000000002,46838
"(0.8888888888888888, 0.9861111111111112)",1,96.3750000000002,46839
"(0.9722222222222222, 0.9861111111111112)",2,96.3750000000002,46841
"(0.75, 0.9861111111111112)",1,96.3750000000002,46842
"(0.6388888888888888, 0.9861111111111112)",2,96.3750000000002,46844
"(0.8194444444444444, 0.9861111111111112)",1,96.3750000000002,46845
"(0.9444444444444444, 0.9722222222222222)",1,96.37500000000016,46846
"(0.9166666666666666, 0.9722222222222222)",1,96.37500000000016,46847
"(0.875, 0.9722222222222222)",2,96.37500000000016,46849
"(0.8611111111111112, 0.9722222222222222)",2,96.37500000000016,46851
"(0.9305555555555556, 0.9722222222222222)",1,96.37500000000016,46852
"(0.7222222222222222, 0.9722222222222222)",1,96.37500000000016,46853
"(0.5277777777777778, 0.9722222222222222)",1,96.37500000000016,46854
"(0.8888888888888888, 0.9722222222222222)",3,96.37500000000016,46857
"(0.8194444444444444, 0.9722222222222222)",2,96.37500000000016,46859
"(0.7916666666666666, 0.9722222222222222)",1,96.37500000000016,46860
"(0.975, 0.9958333333333332)",1,96.37500000000011,46861
"(0.9833333333333332, 0.9958333333333332)",1,96.3750000000001,46862
"(0.9791666666666666, 0.9958333333333332)",1,96.37500000000009,46863
"(0.8357142857142857, 0.9714285714285714)",1,96.37500000000009,46864
"(0.95, 0.9607142857142856)",1,96.37500000000009,46865
"(0.9571428571428572, 0.9714285714285714)",1,96.37500000000006,46866
"(0.6310810810810811, 0.9763513513513512)",1,96.37500000000006,46867
"(0.9416666666666668, 0.9833333333333332)",1,96.37500000000004,46868
"(0.9833333333333332, 0.9958333333333332)",1,96.37500000000004,46869
"(0.925, 0.9714285714285714)",1,96.37500000000004,46870
"(0.9178571428571428, 0.9714285714285714)",1,96.37500000000004,46871
"(0.7912162162162162, 0.9783783783783784)",1,96.37500000000004,46872
"(0.8055555555555556, 1.0)",1,96.375,46873
"(0.9607142857142856, 0.9607142857142856)",3,96.375,46876
"(0.9142857142857144, 0.9678571428571427)",1,96.375,46877
"(0.9305555555555556, 1.0)",1,96.375,46878
"(0.9571428571428572, 0.9678571428571427)",1,96.375,46879
"(0.9214285714285714, 0.9714285714285714)",1,96.375,46880
"(0.975, 0.9958333333333332)",1,96.375,46881
"(0.9833333333333332, 0.9958333333333332)",1,96.375,46882
"(0.772972972972973, 0.9780405405405406)",1,96.375,46883
"(0.975, 1.0)",1,96.37499999999996,46884
"(0.9107142857142856, 0.9714285714285714)",1,96.37499999999996,46885
"(0.8071428571428572, 0.9678571428571427)",3,96.37499999999994,46888
"(0.9357142857142856, 0.9678571428571427)",1,96.37499999999991,46889
"(0.925, 0.975)",1,96.3749999999999,46890
"(0.9392857142857144, 0.9642857142857144)",1,96.3749999999999,46891
"(0.48625, 0.9925)",1,96.3749999999999,46892
"(0.9, 0.975)",1,96.37499999999989,46893
"(0.8875, 0.975)",1,96.37499999999989,46894
"(0.9, 0.975)",1,96.37499999999989,46895
"(0.4875, 0.975)",1,96.37499999999989,46896
"(0.8625, 0.975)",1,96.37499999999989,46897
"(0.775, 0.975)",1,96.37499999999989,46898
"(0.85, 0.975)",1,96.37499999999989,46899
"(0.8375, 0.975)",1,96.37499999999989,46900
"(0.8375, 0.975)",1,96.37499999999986,46901
"(0.9464285714285714, 0.9642857142857144)",1,96.37499999999984,46902
"(0.95, 0.9642857142857144)",1,96.37499999999984,46903
"(0.49875, 0.99125)",1,96.37499999999984,46904
"(0.4825757575757576, 1.0)",1,96.3746212121212,46905
"(0.7256756756756757, 0.9736486486486486)",2,96.37432432432432,46907
"(0.8081081081081081, 0.9756756756756756)",1,96.37398648648649,46908
"(0.8810810810810811, 0.972972972972973)",1,96.37398648648649,46909
"(0.5087837837837837, 0.9739864864864864)",1,96.37398648648644,46910
"(0.539527027027027, 0.977027027027027)",1,96.37364864864858,46911
"(0.6481060606060606, 1.0)",1,96.37348484848484,46912
"(0.8472972972972973, 0.9773648648648648)",1,96.3733108108108,46913
"(0.522972972972973, 0.9753378378378378)",2,96.37331081081076,46915
"(0.8462837837837838, 0.9743243243243244)",1,96.372972972973,46916
"(0.8753378378378378, 0.9746621621621622)",1,96.37297297297292,46917
"(0.8640350877192983, 0.9692982456140352)",1,96.37280701754403,46918
"(0.8596491228070176, 0.9692982456140352)",3,96.37280701754403,46921
"(0.8903508771929824, 0.9692982456140352)",3,96.37280701754403,46924
"(0.8464912280701754, 0.9692982456140352)",1,96.37280701754403,46925
"(0.8201754385964912, 0.9692982456140352)",1,96.37280701754402,46926
"(0.6754385964912281, 0.9692982456140352)",1,96.37280701754402,46927
"(0.9342105263157896, 0.9692982456140352)",1,96.37280701754402,46928
"(0.8552631578947368, 0.9692982456140352)",1,96.37280701754402,46929
"(0.868421052631579, 0.9692982456140352)",2,96.37280701754402,46931
"(0.4605263157894737, 0.9736842105263158)",1,96.3728070175438,46932
"(0.8640350877192983, 0.9649122807017544)",1,96.3728070175438,46933
"(0.881578947368421, 0.9736842105263158)",1,96.3728070175438,46934
"(0.7675438596491229, 0.9736842105263158)",1,96.3728070175438,46935
"(0.7149122807017544, 0.9736842105263158)",1,96.3728070175438,46936
"(0.5773648648648648, 0.9783783783783784)",1,96.3726351351352,46937
"(0.49875, 0.9975)",1,96.37250000000012,46938
"(0.49, 0.99875)",1,96.37250000000007,46939
"(0.55375, 0.98875)",1,96.37249999999992,46940
"(0.6976744186046512, 0.9767441860465116)",2,96.37209302325591,46942
"(0.7558139534883721, 0.9767441860465116)",1,96.37209302325591,46943
"(0.8604651162790697, 0.9767441860465116)",1,96.37209302325591,46944
"(0.8604651162790697, 0.9767441860465116)",1,96.37209302325591,46945
"(0.9651162790697676, 0.9767441860465116)",1,96.37209302325591,46946
"(0.7674418604651163, 0.9767441860465116)",2,96.37209302325591,46948
"(0.8953488372093024, 0.9767441860465116)",1,96.3720930232559,46949
"(0.7674418604651163, 0.9767441860465116)",1,96.3720930232559,46950
"(0.8023255813953488, 0.9767441860465116)",1,96.3720930232559,46951
"(0.8837209302325582, 1.0)",1,96.3720930232558,46952
"(0.8604651162790697, 0.9651162790697676)",3,96.37209302325564,46955
"(0.9302325581395348, 0.9651162790697676)",2,96.37209302325564,46957
"(0.8488372093023255, 0.9651162790697676)",1,96.37209302325564,46958
"(0.8488372093023255, 0.9651162790697676)",3,96.37209302325564,46961
"(0.8023255813953488, 0.9651162790697676)",1,96.37209302325564,46962
"(0.8023255813953488, 0.9651162790697676)",2,96.37209302325564,46964
"(0.8837209302325582, 0.9651162790697676)",4,96.37209302325564,46968
"(0.8953488372093024, 0.9651162790697676)",7,96.37209302325564,46975
"(0.872093023255814, 0.9651162790697676)",5,96.37209302325564,46980
"(0.8372093023255814, 0.9651162790697676)",1,96.37209302325564,46981
"(0.9302325581395348, 0.9651162790697676)",1,96.37209302325562,46982
"(0.3583333333333333, 0.9890151515151516)",1,96.37196969696969,46983
"(0.4087121212121212, 0.9920454545454546)",3,96.37196969696964,46986
"(0.8205128205128205, 0.9743589743589745)",1,96.37179487179512,46987
"(0.6923076923076923, 0.9743589743589745)",1,96.37179487179512,46988
"(0.782051282051282, 0.9743589743589745)",3,96.37179487179512,46991
"(0.7051282051282052, 0.9871794871794872)",1,96.371794871795,46992
"(0.4487179487179487, 0.9871794871794872)",1,96.371794871795,46993
"(0.8076923076923077, 0.9871794871794872)",1,96.371794871795,46994
"(0.717948717948718, 0.9871794871794872)",1,96.371794871795,46995
"(0.908445945945946, 0.9736486486486486)",3,96.3716216216216,46998
"(0.4632575757575757, 0.9852272727272728)",1,96.37159090909093,46999
"(0.8535714285714285, 0.9714285714285714)",1,96.3714285714286,47000
"(0.9285714285714286, 0.9714285714285714)",1,96.37142857142858,47001
"(0.9571428571428572, 0.9678571428571427)",1,96.37142857142857,47002
"(0.9642857142857144, 0.9678571428571427)",1,96.37142857142857,47003
"(0.875, 0.9678571428571427)",3,96.37142857142854,47006
"(0.8071428571428572, 0.9678571428571427)",3,96.37142857142852,47009
"(0.9428571428571428, 0.9678571428571427)",1,96.3714285714285,47010
"(0.9357142857142856, 0.9642857142857144)",2,96.37142857142844,47012
"(0.9642857142857144, 0.975)",1,96.3714285714284,47013
"(0.4571969696969697, 1.0)",1,96.37121212121212,47014
"(0.6696969696969697, 0.9965909090909092)",1,96.37083333333344,47015
"(0.975, 0.9958333333333332)",2,96.37083333333344,47017
"(0.9791666666666666, 0.9958333333333332)",2,96.37083333333342,47019
"(0.4477272727272727, 0.9958333333333332)",3,96.3708333333334,47022
"(0.5412878787878788, 0.9977272727272728)",1,96.3708333333334,47023
"(0.975, 0.9958333333333332)",1,96.37083333333338,47024
"(0.9833333333333332, 0.9958333333333332)",1,96.37083333333337,47025
"(0.9916666666666668, 0.9958333333333332)",1,96.37083333333337,47026
"(0.9791666666666666, 0.9958333333333332)",2,96.37083333333337,47028
"(0.4848484848484848, 1.0)",1,96.37083333333334,47029
"(0.7655405405405405, 0.9780405405405406)",1,96.37060810810816,47030
"(0.8327702702702703, 0.975)",2,96.37027027027028,47032
"(0.735472972972973, 0.975)",1,96.37027027027024,47033
"(0.8327702702702703, 0.9777027027027028)",2,96.3702702702702,47035
"(0.3174242424242424, 1.0)",1,96.3700757575758,47036
"(0.4291666666666666, 0.9988636363636364)",1,96.3700757575758,47037
"(0.4897727272727272, 1.0)",3,96.37007575757576,47040
"(0.46875, 0.9825)",1,96.37000000000002,47041
"(0.5, 0.98625)",1,96.36999999999998,47042
"(0.7638513513513514, 0.9736486486486486)",2,96.3699324324324,47044
"(0.8043918918918919, 0.9773648648648648)",1,96.3699324324324,47045
"(0.8662162162162163, 0.9722972972972972)",1,96.36959459459467,47046
"(0.8780405405405406, 0.9722972972972972)",1,96.3692567567568,47047
"(0.4340909090909091, 0.9984848484848484)",1,96.36893939393944,47048
"(0.4632575757575757, 1.0)",3,96.3689393939394,47051
"(0.63125, 0.98875)",1,96.36875,47052
"(0.8552631578947368, 0.9692982456140352)",1,96.36842105263176,47053
"(0.8947368421052632, 0.9692982456140352)",1,96.36842105263176,47054
"(0.8157894736842105, 0.9692982456140352)",2,96.36842105263176,47056
"(0.912280701754386, 0.9692982456140352)",1,96.36842105263176,47057
"(0.8377192982456141, 0.9692982456140352)",2,96.36842105263176,47059
"(0.8026315789473685, 0.9736842105263158)",2,96.36842105263152,47061
"(0.6096491228070176, 0.9736842105263158)",1,96.36842105263152,47062
"(0.8771929824561403, 0.9736842105263158)",1,96.36842105263152,47063
"(0.8596491228070176, 0.9736842105263158)",1,96.36842105263152,47064
"(0.7850877192982456, 0.9736842105263158)",1,96.36842105263152,47065
"(0.5570175438596491, 0.9736842105263158)",1,96.36842105263152,47066
"(0.7456140350877193, 0.9736842105263158)",1,96.36842105263152,47067
"(0.9298245614035088, 0.9736842105263158)",1,96.36842105263152,47068
"(0.9166666666666666, 0.9736842105263158)",2,96.36842105263152,47070
"(0.8552631578947368, 0.9649122807017544)",1,96.3684210526315,47071
"(0.8702702702702703, 0.9780405405405406)",3,96.36824324324324,47074
"(0.525, 0.984469696969697)",1,96.36818181818184,47075
"(0.5925675675675676, 0.9722972972972972)",1,96.36790540540544,47076
"(0.9642857142857144, 0.9714285714285714)",1,96.3678571428572,47077
"(0.7392857142857143, 0.9714285714285714)",3,96.36785714285718,47080
"(0.95, 0.9607142857142856)",1,96.36785714285716,47081
"(0.9571428571428572, 0.9714285714285714)",1,96.36785714285712,47082
"(0.8857142857142857, 0.9678571428571427)",3,96.36785714285712,47085
"(0.95, 0.9678571428571427)",1,96.36785714285708,47086
"(0.9464285714285714, 0.9642857142857144)",1,96.36785714285702,47087
"(0.9392857142857144, 0.9642857142857144)",3,96.367857142857,47090
"(0.4568181818181818, 1.0)",3,96.36780303030302,47093
"(0.4053030303030303, 0.9943181818181818)",1,96.36780303030302,47094
"(0.6037162162162162, 0.9739864864864864)",1,96.36722972972971,47095
"(0.975, 0.9958333333333332)",1,96.36666666666676,47096
"(0.9791666666666666, 0.9958333333333332)",1,96.36666666666672,47097
"(0.4579545454545454, 1.0)",3,96.36666666666667,47100
"(0.975, 1.0)",1,96.36666666666662,47101
"(0.9375, 0.9916666666666668)",1,96.36666666666645,47102
"(0.535472972972973, 0.9783783783783784)",1,96.3665540540541,47103
"(0.49, 0.985)",1,96.36625,47104
"(0.48875, 0.99125)",1,96.36624999999988,47105
"(0.7496621621621622, 0.9780405405405406)",1,96.36587837837835,47106
"(0.793918918918919, 0.9773648648648648)",1,96.3655405405405,47107
"(0.529054054054054, 0.9753378378378378)",1,96.36520270270266,47108
"(0.53, 0.98125)",1,96.36499999999997,47109
"(0.9354729729729728, 0.9746621621621622)",1,96.3648648648648,47110
"(0.5939189189189189, 0.9763513513513512)",1,96.36452702702704,47111
"(0.5331081081081082, 0.981418918918919)",1,96.36452702702704,47112
"(0.2704545454545454, 1.0)",1,96.36439393939398,47113
"(0.925, 0.9714285714285714)",1,96.36428571428578,47114
"(0.9607142857142856, 0.9607142857142856)",1,96.36428571428576,47115
"(0.9428571428571428, 0.9714285714285714)",1,96.3642857142857,47116
"(0.9607142857142856, 0.9678571428571427)",1,96.36428571428566,47117
"(0.9142857142857144, 0.9642857142857144)",3,96.3642857142856,47120
"(0.9035714285714286, 0.975)",1,96.3642857142856,47121
"(0.9607142857142856, 0.975)",1,96.3642857142856,47122
"(0.9607142857142856, 0.9642857142857144)",3,96.3642857142856,47125
"(0.95, 0.9642857142857144)",2,96.36428571428556,47127
"(0.868421052631579, 0.9692982456140352)",3,96.36403508771949,47130
"(0.7105263157894737, 0.9692982456140352)",1,96.36403508771949,47131
"(0.7236842105263158, 0.9692982456140352)",3,96.36403508771949,47134
"(0.5921052631578947, 0.9692982456140352)",1,96.36403508771949,47135
"(0.8991228070175439, 0.9692982456140352)",3,96.36403508771949,47138
"(0.5964912280701754, 0.9692982456140352)",1,96.36403508771946,47139
"(0.8070175438596491, 0.9692982456140352)",1,96.36403508771946,47140
"(0.7894736842105263, 0.9736842105263158)",1,96.36403508771926,47141
"(0.9035087719298246, 0.9649122807017544)",1,96.36403508771924,47142
"(0.8991228070175439, 0.9736842105263158)",3,96.36403508771924,47145
"(0.9298245614035088, 0.9736842105263158)",1,96.36403508771924,47146
"(0.7149122807017544, 0.9736842105263158)",1,96.36403508771924,47147
"(0.912280701754386, 0.9736842105263158)",2,96.36403508771924,47149
"(0.9166666666666666, 0.9736842105263158)",1,96.36403508771924,47150
"(0.8157894736842105, 0.9649122807017544)",1,96.36403508771924,47151
"(0.5863636363636363, 1.0)",2,96.36401515151516,47153
"(0.8885135135135135, 0.9746621621621622)",1,96.36385135135136,47154
"(0.5503378378378379, 0.9766891891891892)",1,96.36385135135129,47155
"(0.5725, 0.985)",1,96.36375000000002,47156
"(0.4681818181818182, 0.9920454545454546)",3,96.36363636363647,47159
"(0.4871212121212121, 1.0)",3,96.36363636363636,47162
"(0.9327702702702704, 0.9743243243243244)",1,96.36351351351344,47163
"(0.4469696969696969, 1.0)",1,96.3632575757576,47164
"(0.8513513513513513, 0.9743243243243244)",1,96.36317567567568,47165
"(0.8290540540540541, 0.975)",1,96.36317567567563,47166
"(0.5443181818181818, 0.9992424242424244)",1,96.3628787878788,47167
"(0.48375, 0.99375)",2,96.36250000000013,47169
"(0.975, 0.9958333333333332)",2,96.36250000000008,47171
"(0.67875, 0.98125)",1,96.36250000000004,47172
"(0.9833333333333332, 0.9958333333333332)",2,96.36250000000004,47174
"(0.925, 0.9833333333333332)",1,96.36249999999998,47175
"(0.85, 0.975)",1,96.36249999999988,47176
"(0.75, 0.975)",1,96.36249999999988,47177
"(0.875, 0.975)",1,96.36249999999988,47178
"(0.4625, 0.975)",1,96.36249999999988,47179
"(0.8625, 0.975)",2,96.36249999999988,47181
"(0.8375, 0.975)",1,96.36249999999988,47182
"(0.8875, 0.975)",1,96.36249999999986,47183
"(0.825, 0.975)",1,96.36249999999986,47184
"(0.55, 0.9875)",3,96.36249999999984,47187
"(0.8439189189189189, 0.975)",1,96.36216216216216,47188
"(0.6756756756756757, 0.9777027027027028)",1,96.36216216216212,47189
"(0.6847972972972973, 0.9753378378378378)",1,96.3621621621621,47190
"(0.509469696969697, 1.0)",1,96.36212121212122,47191
"(0.5863636363636363, 1.0)",1,96.36212121212122,47192
"(0.4556818181818182, 1.0)",1,96.36174242424246,47193
"(0.2723484848484848, 0.9984848484848484)",1,96.36136363636376,47194
"(0.51, 0.995)",2,96.36125000000008,47196
"(0.635472972972973, 0.9760135135135136)",1,96.36114864864857,47197
"(0.8333333333333334, 0.9861111111111112)",1,96.36111111111131,47198
"(0.9305555555555556, 0.9861111111111112)",1,96.36111111111131,47199
"(0.8472222222222222, 0.9861111111111112)",1,96.36111111111131,47200
"(0.8194444444444444, 0.9861111111111112)",1,96.3611111111113,47201
"(0.4722222222222222, 0.9861111111111112)",1,96.3611111111113,47202
"(0.9166666666666666, 0.9861111111111112)",1,96.3611111111113,47203
"(0.8472222222222222, 0.9861111111111112)",1,96.3611111111113,47204
"(0.8888888888888888, 0.9861111111111112)",1,96.3611111111113,47205
"(0.8333333333333334, 0.9722222222222222)",1,96.36111111111128,47206
"(0.875, 0.9722222222222222)",1,96.36111111111128,47207
"(0.7222222222222222, 0.9722222222222222)",3,96.36111111111128,47210
"(0.6944444444444444, 0.9722222222222222)",1,96.36111111111128,47211
"(0.9305555555555556, 0.9722222222222222)",1,96.36111111111128,47212
"(0.7916666666666666, 0.9722222222222222)",1,96.36111111111128,47213
"(0.7638888888888888, 0.9722222222222222)",1,96.36111111111128,47214
"(0.6944444444444444, 1.0)",1,96.36111111111111,47215
"(0.6280405405405406, 0.9780405405405406)",1,96.36081081081085,47216
"(0.9464285714285714, 0.9714285714285714)",1,96.36071428571437,47217
"(0.9535714285714286, 0.9607142857142856)",1,96.36071428571434,47218
"(0.9535714285714286, 0.9678571428571427)",1,96.36071428571428,47219
"(0.9714285714285714, 0.975)",1,96.3607142857142,47220
"(0.9535714285714286, 0.9642857142857144)",3,96.36071428571417,47223
"(0.872093023255814, 0.9767441860465116)",1,96.3604651162792,47224
"(0.5465116279069767, 0.9767441860465116)",2,96.36046511627916,47226
"(0.5930232558139535, 0.9767441860465116)",1,96.36046511627916,47227
"(0.7093023255813954, 0.9767441860465116)",2,96.36046511627916,47229
"(0.3604651162790697, 0.9767441860465116)",3,96.36046511627916,47232
"(0.8837209302325582, 0.9767441860465116)",1,96.36046511627916,47233
"(0.813953488372093, 0.9767441860465116)",1,96.36046511627916,47234
"(0.9186046511627908, 0.9767441860465116)",1,96.36046511627916,47235
"(0.8837209302325582, 0.9651162790697676)",2,96.3604651162789,47237
"(0.8372093023255814, 0.9651162790697676)",2,96.3604651162789,47239
"(0.872093023255814, 0.9651162790697676)",5,96.3604651162789,47244
"(0.8023255813953488, 0.9651162790697676)",1,96.3604651162789,47245
"(0.8488372093023255, 0.9651162790697676)",2,96.3604651162789,47247
"(0.7906976744186046, 0.9651162790697676)",1,96.3604651162789,47248
"(0.8604651162790697, 0.9651162790697676)",1,96.3604651162789,47249
"(0.9302325581395348, 0.9651162790697676)",10,96.3604651162789,47259
"(0.9767441860465116, 0.9651162790697676)",1,96.3604651162789,47260
"(0.8953488372093024, 0.9651162790697676)",1,96.3604651162789,47261
"(0.8953488372093024, 0.9651162790697676)",1,96.36046511627887,47262
"(0.8372093023255814, 0.9651162790697676)",2,96.36046511627887,47264
"(0.8604651162790697, 0.9651162790697676)",3,96.36046511627887,47267
"(0.478030303030303, 0.999621212121212)",1,96.36022727272731,47268
"(0.8722972972972973, 0.9726351351351352)",1,96.36013513513517,47269
"(0.5075, 0.9975)",1,96.36000000000011,47270
"(0.8245614035087719, 0.9692982456140352)",1,96.3596491228072,47271
"(0.8464912280701754, 0.9692982456140352)",1,96.3596491228072,47272
"(0.8201754385964912, 0.9692982456140352)",1,96.35964912280718,47273
"(0.8333333333333334, 0.9692982456140352)",2,96.35964912280718,47275
"(0.8728070175438597, 0.9692982456140352)",1,96.35964912280718,47276
"(0.8157894736842105, 0.9692982456140352)",3,96.35964912280718,47279
"(0.8552631578947368, 0.9912280701754386)",2,96.359649122807,47281
"(0.8201754385964912, 0.9736842105263158)",1,96.35964912280696,47282
"(0.881578947368421, 0.9736842105263158)",2,96.35964912280696,47284
"(0.8421052631578947, 0.9736842105263158)",2,96.35964912280696,47286
"(0.9078947368421052, 0.9649122807017544)",3,96.35964912280694,47289
"(0.6905405405405406, 0.9787162162162162)",1,96.35945945945942,47290
"(0.9277027027027028, 0.977027027027027)",1,96.35912162162164,47291
"(0.7051282051282052, 0.9743589743589745)",3,96.3589743589746,47294
"(0.717948717948718, 0.9743589743589745)",3,96.3589743589746,47297
"(0.7307692307692307, 0.9743589743589745)",6,96.3589743589746,47303
"(0.8076923076923077, 0.9743589743589745)",3,96.3589743589746,47306
"(0.7692307692307693, 0.9743589743589745)",1,96.3589743589746,47307
"(0.4102564102564102, 0.9871794871794872)",1,96.3589743589745,47308
"(0.7307692307692307, 0.9871794871794872)",1,96.35897435897448,47309
"(0.6538461538461539, 0.9871794871794872)",1,96.35897435897448,47310
"(0.717948717948718, 0.9871794871794872)",1,96.35897435897448,47311
"(0.49375, 0.99625)",1,96.3587500000002,47312
"(0.50375, 0.99)",1,96.35874999999989,47313
"(0.9916666666666668, 0.9958333333333332)",1,96.35833333333342,47314
"(0.9708333333333332, 0.9958333333333332)",1,96.35833333333336,47315
"(0.9833333333333332, 0.9958333333333332)",1,96.35833333333336,47316
"(0.8493243243243244, 0.9712837837837838)",1,96.35810810810815,47317
"(0.5371621621621622, 0.972972972972973)",2,96.35810810810808,47319
"(0.4579545454545454, 0.9977272727272728)",1,96.3579545454546,47320
"(0.4920454545454545, 0.9848484848484848)",1,96.35757575757584,47321
"(0.2981060606060606, 1.0)",1,96.35757575757576,47322
"(0.49875, 0.99125)",1,96.35749999999985,47323
"(0.3223484848484848, 0.999621212121212)",1,96.35719696969704,47324
"(0.9214285714285714, 0.9607142857142856)",1,96.35714285714292,47325
"(0.9428571428571428, 0.9607142857142856)",3,96.35714285714288,47328
"(0.925, 0.9714285714285714)",1,96.35714285714282,47329
"(0.95, 0.9785714285714284)",1,96.3571428571428,47330
"(0.9607142857142856, 0.9678571428571427)",1,96.3571428571428,47331
"(0.9607142857142856, 0.9678571428571427)",1,96.35714285714276,47332
"(0.8392857142857143, 0.9642857142857144)",1,96.35714285714263,47333
"(0.8081081081081081, 0.9739864864864864)",1,96.3570945945946,47334
"(0.7496621621621622, 0.9773648648648648)",1,96.35675675675672,47335
"(0.49375, 0.9925)",1,96.35624999999996,47336
"(0.7719298245614035, 0.9692982456140352)",3,96.35526315789492,47339
"(0.8640350877192983, 0.9692982456140352)",2,96.35526315789492,47341
"(0.8289473684210527, 0.9692982456140352)",1,96.35526315789492,47342
"(0.7412280701754386, 0.9692982456140352)",2,96.35526315789492,47344
"(0.7192982456140351, 0.9692982456140352)",1,96.35526315789492,47345
"(0.8728070175438597, 0.9692982456140352)",1,96.3552631578949,47346
"(0.8070175438596491, 0.9692982456140352)",2,96.3552631578949,47348
"(0.9298245614035088, 0.9605263157894736)",1,96.35526315789488,47349
"(0.7149122807017544, 0.9736842105263158)",1,96.35526315789468,47350
"(0.881578947368421, 0.9736842105263158)",1,96.35526315789468,47351
"(0.8464912280701754, 0.9736842105263158)",1,96.35526315789468,47352
"(0.9166666666666666, 0.9736842105263158)",1,96.35526315789468,47353
"(0.7149122807017544, 0.9736842105263158)",1,96.35526315789468,47354
"(0.9035087719298246, 0.9649122807017544)",1,96.35526315789468,47355
"(0.8245614035087719, 0.9736842105263158)",1,96.35526315789468,47356
"(0.4736842105263157, 0.9736842105263158)",2,96.35526315789468,47358
"(0.8157894736842105, 0.9736842105263158)",1,96.35526315789468,47359
"(0.8289473684210527, 0.9649122807017544)",3,96.35526315789468,47362
"(0.7675438596491229, 0.9736842105263158)",3,96.35526315789468,47365
"(0.868421052631579, 0.9736842105263158)",4,96.35526315789468,47369
"(0.5925675675675676, 0.9780405405405406)",1,96.35506756756764,47370
"(0.8875, 0.9743243243243244)",1,96.35506756756756,47371
"(0.5025, 0.9975)",2,96.35500000000005,47373
"(0.49375, 0.9925)",1,96.35500000000002,47374
"(0.8662162162162163, 0.977027027027027)",1,96.3543918918918,47375
"(0.9833333333333332, 0.9958333333333332)",2,96.35416666666676,47377
"(0.9875, 0.9958333333333332)",1,96.3541666666667,47378
"(0.975, 0.9958333333333332)",1,96.3541666666667,47379
"(0.9708333333333332, 0.9958333333333332)",2,96.3541666666667,47381
"(0.8753378378378378, 0.9773648648648648)",3,96.35405405405405,47384
"(0.9357142857142856, 0.9607142857142856)",1,96.35357142857156,47385
"(0.9035714285714286, 0.9714285714285714)",1,96.35357142857144,47386
"(0.925, 0.9678571428571427)",3,96.3535714285714,47389
"(0.9035714285714286, 0.9714285714285714)",1,96.3535714285714,47390
"(0.9392857142857144, 0.9678571428571427)",1,96.3535714285714,47391
"(0.9464285714285714, 0.9678571428571427)",1,96.35357142857136,47392
"(0.9678571428571427, 0.9642857142857144)",1,96.35357142857136,47393
"(0.9607142857142856, 0.9678571428571427)",3,96.35357142857136,47396
"(0.7712837837837838, 0.972972972972973)",1,96.3527027027028,47397
"(0.9162162162162162, 0.9722972972972972)",1,96.35270270270274,47398
"(0.7827702702702702, 0.9722972972972972)",1,96.35270270270274,47399
"(0.3583333333333333, 1.0)",1,96.35265151515156,47400
"(0.4382575757575757, 0.999621212121212)",1,96.35265151515156,47401
"(0.49875, 0.99)",1,96.35249999999988,47402
"(0.54625, 0.9875)",3,96.35249999999984,47405
"(0.8513513513513513, 0.9739864864864864)",2,96.35236486486484,47407
"(0.4545454545454545, 0.9943181818181818)",3,96.35227272727283,47410
"(0.4681818181818182, 0.9992424242424244)",1,96.35227272727276,47411
"(0.772972972972973, 0.9773648648648648)",2,96.352027027027,47413
"(0.2981060606060606, 0.999621212121212)",1,96.3515151515152,47414
"(0.8439189189189189, 0.9719594594594596)",1,96.35135135135134,47415
"(0.793918918918919, 0.9763513513513512)",1,96.3513513513513,47416
"(0.49375, 0.995)",1,96.35125000000008,47417
"(0.6125, 0.99)",1,96.35124999999984,47418
"(0.5025, 0.99125)",1,96.35124999999982,47419
"(0.4651515151515151, 0.9928030303030304)",3,96.35113636363651,47422
"(0.7912162162162162, 0.9777027027027028)",1,96.35101351351356,47423
"(0.912280701754386, 0.9692982456140352)",1,96.35087719298262,47424
"(0.8421052631578947, 0.9692982456140352)",3,96.35087719298262,47427
"(0.881578947368421, 0.9692982456140352)",1,96.35087719298262,47428
"(0.8903508771929824, 0.9692982456140352)",1,96.35087719298262,47429
"(0.7719298245614035, 0.9692982456140352)",3,96.35087719298262,47432
"(0.4429824561403508, 0.9736842105263158)",1,96.3508771929824,47433
"(0.5921052631578947, 0.9736842105263158)",1,96.3508771929824,47434
"(0.868421052631579, 0.9736842105263158)",1,96.3508771929824,47435
"(0.4956140350877193, 0.9736842105263158)",3,96.3508771929824,47438
"(0.8026315789473685, 0.9736842105263158)",1,96.3508771929824,47439
"(0.6885964912280702, 0.9736842105263158)",1,96.3508771929824,47440
"(0.881578947368421, 0.9736842105263158)",1,96.3508771929824,47441
"(0.6008771929824561, 0.9736842105263158)",3,96.35087719298238,47444
"(0.2454545454545454, 0.9984848484848484)",1,96.35037878787884,47445
"(0.9416666666666668, 0.9791666666666666)",1,96.35000000000016,47446
"(0.9464285714285714, 0.9607142857142856)",1,96.35000000000012,47447
"(0.9833333333333332, 0.9958333333333332)",2,96.35000000000012,47449
"(0.9333333333333332, 0.9833333333333332)",1,96.35000000000008,47450
"(0.9166666666666666, 0.9833333333333332)",1,96.35000000000008,47451
"(0.839527027027027, 0.9743243243243244)",1,96.35000000000004,47452
"(0.7666666666666667, 1.0)",1,96.35,47453
"(0.9071428571428573, 0.9607142857142856)",3,96.35,47456
"(0.768918918918919, 0.9777027027027028)",1,96.35,47457
"(0.7166666666666667, 1.0)",1,96.35,47458
"(0.8333333333333334, 1.0)",1,96.35,47459
"(0.9607142857142856, 0.9607142857142856)",3,96.35,47462
"(0.9392857142857144, 0.9678571428571427)",1,96.34999999999997,47463
"(0.9357142857142856, 0.9678571428571427)",1,96.34999999999992,47464
"(0.6875, 0.975)",1,96.34999999999988,47465
"(0.9125, 0.975)",1,96.34999999999988,47466
"(0.9678571428571427, 0.9642857142857144)",1,96.34999999999988,47467
"(0.9, 0.975)",1,96.34999999999988,47468
"(0.4125, 0.975)",1,96.34999999999988,47469
"(0.95, 0.975)",1,96.34999999999988,47470
"(0.7625, 0.975)",1,96.34999999999988,47471
"(0.8375, 0.975)",1,96.34999999999988,47472
"(0.85, 0.975)",1,96.34999999999988,47473
"(0.8375, 0.975)",1,96.34999999999988,47474
"(0.75, 0.975)",1,96.34999999999988,47475
"(0.8662162162162163, 0.977027027027027)",1,96.34966216216218,47476
"(0.5132575757575758, 0.9981060606060606)",1,96.34924242424252,47477
"(0.8608108108108108, 0.9753378378378378)",2,96.34898648648648,47479
"(0.872093023255814, 0.9767441860465116)",1,96.34883720930245,47480
"(0.5465116279069767, 0.9767441860465116)",2,96.34883720930245,47482
"(0.5116279069767442, 0.9767441860465116)",1,96.34883720930245,47483
"(0.3023255813953488, 0.9767441860465116)",2,96.34883720930245,47485
"(0.4534883720930232, 0.9767441860465116)",1,96.34883720930245,47486
"(0.9534883720930232, 0.9767441860465116)",2,96.34883720930245,47488
"(0.8837209302325582, 0.9767441860465116)",1,96.34883720930242,47489
"(0.7906976744186046, 0.9767441860465116)",1,96.34883720930242,47490
"(0.8604651162790697, 0.9767441860465116)",1,96.34883720930242,47491
"(0.7441860465116279, 0.9651162790697676)",1,96.34883720930216,47492
"(0.9767441860465116, 0.9651162790697676)",1,96.34883720930216,47493
"(0.8604651162790697, 0.9651162790697676)",2,96.34883720930216,47495
"(0.9302325581395348, 0.9651162790697676)",7,96.34883720930216,47502
"(0.8953488372093024, 0.9651162790697676)",5,96.34883720930216,47507
"(0.9186046511627908, 0.9651162790697676)",1,96.34883720930216,47508
"(0.9069767441860463, 0.9651162790697676)",2,96.34883720930216,47510
"(0.872093023255814, 0.9651162790697676)",4,96.34883720930216,47514
"(0.8488372093023255, 0.9651162790697676)",2,96.34883720930216,47516
"(0.8023255813953488, 0.9651162790697676)",1,96.34883720930216,47517
"(0.8372093023255814, 0.9651162790697676)",1,96.34883720930216,47518
"(0.8837209302325582, 0.9651162790697676)",1,96.34883720930216,47519
"(0.8372093023255814, 0.9651162790697676)",5,96.34883720930216,47524
"(0.9302325581395348, 0.9651162790697676)",3,96.34883720930216,47527
"(0.872093023255814, 0.9651162790697676)",1,96.34883720930216,47528
"(0.581081081081081, 0.972972972972973)",1,96.34864864864863,47529
"(0.5739864864864865, 0.9773648648648648)",2,96.34864864864858,47531
"(0.4537878787878788, 0.9962121212121212)",3,96.34848484848492,47534
"(0.7827702702702702, 0.9766891891891892)",1,96.34831081081076,47535
"(0.8510135135135135, 0.9685810810810812)",2,96.34831081081072,47537
"(0.5037878787878788, 1.0)",3,96.34772727272728,47540
"(0.50625, 0.98875)",1,96.34749999999995,47541
"(0.51, 0.98625)",1,96.34749999999993,47542
"(0.7777777777777778, 0.9861111111111112)",1,96.3472222222224,47543
"(0.8472222222222222, 0.9722222222222222)",1,96.3472222222224,47544
"(0.8194444444444444, 0.9861111111111112)",1,96.3472222222224,47545
"(0.7222222222222222, 0.9722222222222222)",2,96.3472222222224,47547
"(0.8333333333333334, 0.9722222222222222)",2,96.3472222222224,47549
"(0.9027777777777778, 0.9722222222222222)",1,96.3472222222224,47550
"(0.8888888888888888, 0.9722222222222222)",1,96.3472222222224,47551
"(0.6944444444444444, 0.9722222222222222)",1,96.3472222222224,47552
"(0.7083333333333334, 0.9722222222222222)",1,96.3472222222224,47553
"(0.875, 0.9722222222222222)",1,96.3472222222224,47554
"(0.8194444444444444, 0.9722222222222222)",1,96.3472222222224,47555
"(0.9305555555555556, 0.9722222222222222)",1,96.3472222222224,47556
"(0.5, 0.9722222222222222)",1,96.3472222222224,47557
"(0.7916666666666666, 0.9861111111111112)",1,96.3472222222224,47558
"(0.8888888888888888, 1.0)",1,96.34722222222224,47559
"(0.7638888888888888, 1.0)",1,96.34722222222224,47560
"(0.8611111111111112, 1.0)",1,96.34722222222224,47561
"(0.5545454545454546, 1.0)",3,96.3469696969697,47564
"(0.5939189189189189, 0.9763513513513512)",1,96.3466216216216,47565
"(0.4882575757575758, 1.0)",1,96.3465909090909,47566
"(0.4606060606060606, 1.0)",3,96.3465909090909,47569
"(0.7192982456140351, 0.9692982456140352)",3,96.34649122807036,47572
"(0.8903508771929824, 0.9692982456140352)",1,96.34649122807036,47573
"(0.6929824561403509, 0.9692982456140352)",1,96.34649122807036,47574
"(0.8640350877192983, 0.9692982456140352)",1,96.34649122807036,47575
"(0.7324561403508771, 0.9692982456140352)",1,96.34649122807036,47576
"(0.8333333333333334, 0.9692982456140352)",1,96.34649122807036,47577
"(0.7149122807017544, 0.9692982456140352)",1,96.34649122807036,47578
"(0.8421052631578947, 0.9692982456140352)",3,96.34649122807036,47581
"(0.8333333333333334, 0.9692982456140352)",1,96.34649122807032,47582
"(0.8201754385964912, 0.9692982456140352)",1,96.34649122807032,47583
"(0.8289473684210527, 0.9692982456140352)",1,96.34649122807032,47584
"(0.7719298245614035, 0.9692982456140352)",1,96.34649122807032,47585
"(0.8596491228070176, 0.9692982456140352)",1,96.34649122807032,47586
"(0.7675438596491229, 0.9736842105263158)",1,96.34649122807012,47587
"(0.4078947368421052, 0.9736842105263158)",1,96.34649122807012,47588
"(0.8070175438596491, 0.9736842105263158)",1,96.34649122807012,47589
"(0.8728070175438597, 0.9736842105263158)",1,96.34649122807012,47590
"(0.9078947368421052, 0.9736842105263158)",1,96.34649122807012,47591
"(0.8947368421052632, 0.9649122807017544)",1,96.34649122807012,47592
"(0.868421052631579, 0.9736842105263158)",1,96.34649122807012,47593
"(0.8640350877192983, 0.9736842105263158)",2,96.34649122807012,47595
"(0.706140350877193, 0.9736842105263158)",1,96.34649122807012,47596
"(0.75, 0.9649122807017544)",1,96.34649122807012,47597
"(0.95, 0.9714285714285714)",1,96.34642857142865,47598
"(0.9571428571428572, 0.9714285714285714)",3,96.34642857142862,47601
"(0.9392857142857144, 0.9607142857142856)",1,96.3464285714286,47602
"(0.9285714285714286, 0.9714285714285714)",1,96.34642857142858,47603
"(0.9285714285714286, 0.9607142857142856)",3,96.34642857142858,47606
"(0.9571428571428572, 0.9678571428571427)",2,96.34642857142852,47608
"(0.9107142857142856, 0.975)",1,96.34642857142846,47609
"(0.9607142857142856, 0.9642857142857144)",3,96.34642857142846,47612
"(0.7692307692307693, 0.9743589743589745)",1,96.3461538461541,47613
"(0.6923076923076923, 0.9743589743589745)",3,96.34615384615408,47616
"(0.6666666666666666, 0.9871794871794872)",1,96.34615384615398,47617
"(0.7564102564102564, 0.9871794871794872)",1,96.34615384615398,47618
"(0.1666666666666666, 1.0)",1,96.34615384615384,47619
"(0.9708333333333332, 0.9958333333333332)",1,96.34583333333345,47620
"(0.9791666666666666, 0.9958333333333332)",1,96.34583333333342,47621
"(0.9833333333333332, 0.9958333333333332)",1,96.3458333333334,47622
"(0.975, 0.9958333333333332)",1,96.3458333333334,47623
"(0.9875, 0.9958333333333332)",1,96.34583333333336,47624
"(0.3325757575757576, 0.999621212121212)",1,96.34545454545456,47625
"(0.5632575757575757, 0.9981060606060606)",1,96.34507575757584,47626
"(0.3768939393939394, 1.0)",1,96.3450757575758,47627
"(0.4791666666666667, 0.9977272727272728)",1,96.34469696969708,47628
"(0.8033783783783783, 0.9743243243243244)",1,96.34459459459464,47629
"(0.4477272727272727, 1.0)",1,96.34431818181822,47630
"(0.5371212121212121, 1.0)",3,96.3439393939394,47633
"(0.51375, 0.995)",2,96.34375000000009,47635
"(0.5025, 0.99875)",1,96.34375000000006,47636
"(0.6325, 0.99125)",1,96.34375,47637
"(0.5375, 0.99)",1,96.34374999999984,47638
"(0.5891891891891892, 0.9722972972972972)",1,96.34358108108113,47639
"(0.9111486486486486, 0.9736486486486486)",2,96.34358108108104,47641
"(0.8327702702702703, 0.9753378378378378)",1,96.34358108108104,47642
"(0.8108108108108109, 0.9743243243243244)",1,96.34324324324326,47643
"(0.595945945945946, 0.9763513513513512)",1,96.34324324324324,47644
"(0.6260135135135135, 0.981081081081081)",3,96.34290540540545,47647
"(0.8216216216216217, 0.9739864864864864)",1,96.34290540540536,47648
"(0.9285714285714286, 0.9714285714285714)",1,96.34285714285716,47649
"(0.9392857142857144, 0.9607142857142856)",3,96.34285714285716,47652
"(0.9428571428571428, 0.9571428571428572)",3,96.34285714285711,47655
"(0.8821428571428571, 0.9678571428571427)",1,96.3428571428571,47656
"(0.9607142857142856, 0.9571428571428572)",1,96.34285714285708,47657
"(0.9035714285714286, 0.9642857142857144)",1,96.342857142857,47658
"(0.7357142857142858, 0.9642857142857144)",3,96.342857142857,47661
"(0.4606060606060606, 0.9931818181818182)",3,96.34280303030316,47664
"(0.7425675675675676, 0.979054054054054)",1,96.34256756756758,47665
"(0.54375, 0.99)",1,96.34250000000004,47666
"(0.868421052631579, 0.9692982456140352)",1,96.34210526315807,47667
"(0.8552631578947368, 0.9692982456140352)",1,96.34210526315807,47668
"(0.9385964912280702, 0.9692982456140352)",1,96.34210526315807,47669
"(0.8947368421052632, 0.9692982456140352)",1,96.34210526315806,47670
"(0.8728070175438597, 0.9692982456140352)",1,96.34210526315806,47671
"(0.8640350877192983, 0.9692982456140352)",3,96.34210526315806,47674
"(0.7763157894736842, 0.9780701754385964)",3,96.34210526315806,47677
"(0.8421052631578947, 0.9692982456140352)",1,96.34210526315806,47678
"(0.8245614035087719, 0.9692982456140352)",1,96.34210526315806,47679
"(0.8289473684210527, 0.9692982456140352)",3,96.34210526315806,47682
"(0.868421052631579, 0.9692982456140352)",1,96.34210526315806,47683
"(0.8771929824561403, 0.9736842105263158)",1,96.34210526315783,47684
"(0.9166666666666666, 0.9736842105263158)",1,96.34210526315783,47685
"(0.4078947368421052, 0.9736842105263158)",1,96.34210526315783,47686
"(0.8859649122807017, 0.9649122807017544)",1,96.34210526315783,47687
"(0.6578947368421053, 0.9736842105263158)",1,96.34210526315783,47688
"(0.9208333333333332, 0.9958333333333332)",1,96.34166666666678,47689
"(0.9958333333333332, 0.9958333333333332)",2,96.34166666666675,47691
"(0.9916666666666668, 0.9958333333333332)",1,96.34166666666673,47692
"(0.9916666666666668, 0.9958333333333332)",1,96.34166666666668,47693
"(0.8510135135135135, 0.9773648648648648)",3,96.341554054054,47696
"(0.3681818181818181, 1.0)",1,96.3412878787879,47697
"(0.4965909090909091, 1.0)",3,96.34128787878788,47700
"(0.50375, 0.98375)",2,96.3412499999999,47702
"(0.53625, 0.9875)",3,96.34124999999985,47705
"(0.768918918918919, 0.9743243243243244)",2,96.3412162162162,47707
"(0.8087837837837838, 0.9719594594594596)",1,96.3412162162162,47708
"(0.8412162162162162, 0.9777027027027028)",1,96.34121621621615,47709
"(0.7712837837837838, 0.9773648648648648)",2,96.34121621621615,47711
"(0.5344696969696969, 1.0)",1,96.3409090909091,47712
"(0.7712837837837838, 0.9760135135135136)",1,96.34087837837836,47713
"(0.5391891891891892, 0.9763513513513512)",1,96.3408783783783,47714
"(0.4583333333333333, 0.9859848484848484)",1,96.34053030303028,47715
"(0.6662162162162162, 0.9780405405405406)",1,96.34020270270284,47716
"(0.509469696969697, 1.0)",1,96.34015151515152,47717
"(0.4975, 0.9925)",2,96.34000000000012,47719
"(0.4825, 0.99875)",2,96.34000000000007,47721
"(0.47625, 1.0)",2,96.34000000000006,47723
"(0.50375, 0.99375)",1,96.34,47724
"(0.67875, 0.9875)",1,96.34,47725
"(0.55, 0.99125)",1,96.34,47726
"(0.4583333333333333, 0.999621212121212)",1,96.33977272727276,47727
"(0.8091216216216216, 0.975)",1,96.339527027027,47728
"(0.9607142857142856, 0.9607142857142856)",1,96.33928571428584,47729
"(0.9214285714285714, 0.9607142857142856)",1,96.3392857142858,47730
"(0.9392857142857144, 0.9714285714285714)",1,96.33928571428578,47731
"(0.9642857142857144, 0.9607142857142856)",1,96.33928571428572,47732
"(0.9357142857142856, 0.9678571428571427)",1,96.33928571428568,47733
"(0.9535714285714286, 0.9571428571428572)",1,96.33928571428568,47734
"(0.9285714285714286, 0.9678571428571427)",1,96.33928571428564,47735
"(0.8857142857142857, 0.9678571428571427)",3,96.33928571428564,47738
"(0.9178571428571428, 0.9642857142857144)",2,96.33928571428558,47740
"(0.875, 0.9642857142857144)",1,96.33928571428557,47741
"(0.9607142857142856, 0.9642857142857144)",3,96.33928571428557,47744
"(0.735472972972973, 0.970945945945946)",1,96.3388513513514,47745
"(0.5141891891891892, 0.9746621621621622)",1,96.33885135135132,47746
"(0.7912162162162162, 0.9780405405405406)",3,96.33817567567569,47749
"(0.8162162162162162, 0.9763513513513512)",1,96.33817567567564,47750
"(0.6304054054054054, 0.979054054054054)",2,96.3381756756756,47752
"(0.4613636363636363, 1.0)",3,96.33787878787878,47755
"(0.5443181818181818, 1.0)",1,96.33787878787876,47756
"(0.5567567567567567, 0.9743243243243244)",1,96.33783783783788,47757
"(0.5736486486486486, 0.9820945945945946)",3,96.3378378378378,47760
"(0.7192982456140351, 0.9692982456140352)",3,96.3377192982458,47763
"(0.8377192982456141, 0.9692982456140352)",3,96.3377192982458,47766
"(0.8201754385964912, 0.9692982456140352)",1,96.3377192982458,47767
"(0.7149122807017544, 0.9692982456140352)",1,96.3377192982458,47768
"(0.8289473684210527, 0.9692982456140352)",1,96.3377192982458,47769
"(0.8640350877192983, 0.9692982456140352)",2,96.3377192982458,47771
"(0.8070175438596491, 0.9692982456140352)",1,96.33771929824576,47772
"(0.6929824561403509, 0.9692982456140352)",1,96.33771929824576,47773
"(0.9078947368421052, 0.9692982456140352)",1,96.33771929824576,47774
"(0.8859649122807017, 0.9605263157894736)",1,96.33771929824576,47775
"(0.8157894736842105, 0.9692982456140352)",1,96.33771929824576,47776
"(0.8552631578947368, 0.9912280701754386)",2,96.3377192982456,47778
"(0.8552631578947368, 0.9736842105263158)",1,96.33771929824556,47779
"(0.912280701754386, 0.9736842105263158)",1,96.33771929824556,47780
"(0.8552631578947368, 0.9736842105263158)",1,96.33771929824556,47781
"(0.7456140350877193, 0.9736842105263158)",2,96.33771929824556,47783
"(0.8289473684210527, 0.9736842105263158)",1,96.33771929824556,47784
"(0.8070175438596491, 0.9736842105263158)",1,96.33771929824556,47785
"(0.8157894736842105, 0.9736842105263158)",1,96.33771929824556,47786
"(0.7149122807017544, 0.9736842105263158)",1,96.33771929824556,47787
"(0.9078947368421052, 0.9736842105263158)",3,96.33771929824556,47790
"(0.8026315789473685, 0.9736842105263158)",1,96.33771929824556,47791
"(0.9833333333333332, 0.9958333333333332)",1,96.33750000000012,47792
"(0.9833333333333332, 0.9958333333333332)",1,96.3375000000001,47793
"(0.50625, 0.995)",1,96.33750000000008,47794
"(0.9791666666666666, 0.9958333333333332)",1,96.33750000000002,47795
"(0.4975, 0.99)",1,96.3375,47796
"(0.60125, 0.985)",1,96.3375,47797
"(0.8091216216216216, 0.979054054054054)",1,96.33749999999998,47798
"(0.6875, 0.975)",1,96.33749999999988,47799
"(0.8875, 0.975)",1,96.33749999999988,47800
"(0.9, 0.975)",1,96.33749999999988,47801
"(0.95, 0.975)",2,96.33749999999988,47803
"(0.4875, 0.975)",1,96.33749999999988,47804
"(0.5930232558139535, 0.9767441860465116)",2,96.33720930232568,47806
"(0.4534883720930232, 0.9767441860465116)",1,96.33720930232568,47807
"(0.3953488372093023, 0.9767441860465116)",1,96.33720930232568,47808
"(0.8604651162790697, 0.9767441860465116)",1,96.33720930232568,47809
"(0.8837209302325582, 0.9767441860465116)",2,96.33720930232568,47811
"(0.8255813953488372, 0.9767441860465116)",1,96.33720930232568,47812
"(0.7906976744186046, 0.9767441860465116)",2,96.33720930232568,47814
"(0.8604651162790697, 0.9651162790697676)",4,96.33720930232542,47818
"(0.872093023255814, 0.9651162790697676)",6,96.33720930232542,47824
"(0.813953488372093, 0.9651162790697676)",1,96.33720930232542,47825
"(0.9767441860465116, 0.9651162790697676)",3,96.33720930232542,47828
"(0.9302325581395348, 0.9651162790697676)",1,96.33720930232542,47829
"(0.9186046511627908, 0.9651162790697676)",2,96.33720930232542,47831
"(0.8953488372093024, 0.9651162790697676)",4,96.33720930232542,47835
"(0.8488372093023255, 0.9651162790697676)",1,96.33720930232542,47836
"(0.8837209302325582, 0.9651162790697676)",2,96.33720930232542,47838
"(0.8372093023255814, 0.9651162790697676)",1,96.3372093023254,47839
"(0.7441860465116279, 0.9651162790697676)",1,96.3372093023254,47840
"(0.8953488372093024, 0.9651162790697676)",2,96.3372093023254,47842
"(0.8488372093023255, 0.9651162790697676)",1,96.3372093023254,47843
"(0.813953488372093, 0.9651162790697676)",1,96.3372093023254,47844
"(0.4856060606060606, 1.0)",1,96.33712121212122,47845
"(0.7283783783783784, 0.9787162162162162)",2,96.33682432432433,47847
"(0.4606060606060606, 1.0)",1,96.33674242424244,47848
"(0.768918918918919, 0.9736486486486486)",2,96.33648648648648,47850
"(0.4549242424242424, 1.0)",1,96.33636363636366,47851
"(0.48625, 0.995)",2,96.33625000000006,47853
"(0.49125, 0.9875)",1,96.33625000000002,47854
"(0.9607142857142856, 0.9607142857142856)",1,96.33571428571436,47855
"(0.95, 0.9714285714285714)",1,96.33571428571432,47856
"(0.9357142857142856, 0.9714285714285714)",1,96.3357142857143,47857
"(0.9607142857142856, 0.9678571428571427)",1,96.33571428571425,47858
"(0.9464285714285714, 0.9678571428571427)",1,96.33571428571425,47859
"(0.9321428571428572, 0.9642857142857144)",1,96.3357142857142,47860
"(0.8821428571428571, 0.9642857142857144)",3,96.33571428571416,47863
"(0.9607142857142856, 0.9642857142857144)",1,96.33571428571416,47864
"(0.6825757575757576, 1.0)",3,96.33522727272728,47867
"(0.6321969696969697, 0.990530303030303)",3,96.33522727272728,47870
"(0.51, 0.99125)",2,96.33499999999984,47872
"(0.7543918918918919, 0.9780405405405406)",1,96.3347972972973,47873
"(0.8587837837837838, 0.979391891891892)",2,96.33445945945944,47875
"(0.5094594594594595, 0.9766891891891892)",1,96.3344594594594,47876
"(0.8216216216216217, 0.9763513513513512)",1,96.33412162162163,47877
"(0.65375, 0.99625)",1,96.33375000000004,47878
"(0.505, 0.99)",1,96.33375000000004,47879
"(0.41875, 0.9875)",3,96.33374999999982,47882
"(0.8712837837837838, 0.9780405405405406)",1,96.333445945946,47883
"(0.5847972972972973, 0.9763513513513512)",1,96.33344594594593,47884
"(0.7435897435897436, 0.9743589743589745)",2,96.33333333333356,47886
"(0.8076923076923077, 0.9743589743589745)",3,96.33333333333356,47889
"(0.7916666666666666, 0.9861111111111112)",1,96.33333333333351,47890
"(0.6388888888888888, 0.9861111111111112)",1,96.33333333333351,47891
"(0.7083333333333334, 0.9722222222222222)",1,96.33333333333351,47892
"(0.7222222222222222, 0.9722222222222222)",2,96.33333333333351,47894
"(0.8472222222222222, 0.9722222222222222)",2,96.33333333333351,47896
"(0.9444444444444444, 0.9861111111111112)",1,96.33333333333351,47897
"(0.9027777777777778, 0.9861111111111112)",1,96.33333333333351,47898
"(0.8194444444444444, 0.9861111111111112)",1,96.33333333333351,47899
"(0.625, 0.9722222222222222)",1,96.33333333333351,47900
"(0.875, 0.9861111111111112)",1,96.33333333333351,47901
"(0.9722222222222222, 0.9861111111111112)",1,96.33333333333351,47902
"(0.875, 0.9722222222222222)",1,96.33333333333351,47903
"(0.7916666666666666, 0.9722222222222222)",1,96.3333333333335,47904
"(0.8728070175438597, 0.9692982456140352)",2,96.3333333333335,47906
"(0.9305555555555556, 0.9722222222222222)",1,96.3333333333335,47907
"(0.7719298245614035, 0.9692982456140352)",1,96.3333333333335,47908
"(0.8289473684210527, 0.9692982456140352)",1,96.3333333333335,47909
"(0.8472222222222222, 0.9722222222222222)",1,96.3333333333335,47910
"(0.8464912280701754, 0.9692982456140352)",3,96.3333333333335,47913
"(0.4722222222222222, 0.9722222222222222)",1,96.3333333333335,47914
"(0.717948717948718, 0.9871794871794872)",1,96.33333333333348,47915
"(0.6410256410256411, 0.9871794871794872)",1,96.33333333333348,47916
"(0.8, 0.9666666666666668)",1,96.33333333333348,47917
"(0.6666666666666666, 0.9871794871794872)",1,96.33333333333348,47918
"(0.9666666666666668, 0.9833333333333332)",1,96.3333333333334,47919
"(0.9791666666666666, 0.9958333333333332)",1,96.33333333333336,47920
"(0.975, 0.9958333333333332)",1,96.33333333333336,47921
"(0.9305555555555556, 1.0)",1,96.33333333333334,47922
"(0.8333333333333334, 1.0)",1,96.33333333333334,47923
"(0.9666666666666668, 1.0)",1,96.33333333333334,47924
"(0.7916666666666666, 1.0)",1,96.33333333333334,47925
"(0.75, 1.0)",1,96.33333333333331,47926
"(0.8464912280701754, 0.9649122807017544)",1,96.33333333333329,47927
"(0.9078947368421052, 0.9736842105263158)",1,96.33333333333329,47928
"(0.8596491228070176, 0.9736842105263158)",1,96.33333333333329,47929
"(0.8771929824561403, 0.9736842105263158)",1,96.33333333333329,47930
"(0.8033783783783783, 0.9780405405405406)",3,96.33310810810816,47933
"(0.9277027027027028, 0.970945945945946)",2,96.33310810810808,47935
"(0.4553030303030303, 1.0)",1,96.33295454545458,47936
"(0.4606060606060606, 1.0)",3,96.33295454545456,47939
"(0.5739864864864865, 0.983445945945946)",1,96.33277027027025,47940
"(0.7496621621621622, 0.9763513513513512)",1,96.33277027027016,47941
"(0.7518939393939394, 0.9988636363636364)",1,96.3325757575758,47942
"(0.2893939393939393, 0.9984848484848484)",1,96.3325757575758,47943
"(0.5, 0.99)",1,96.33249999999988,47944
"(0.6280405405405406, 0.9722972972972972)",1,96.33243243243248,47945
"(0.5481060606060606, 1.0)",2,96.33219696969698,47947
"(0.3484848484848485, 0.9916666666666668)",1,96.33219696969692,47948
"(0.9571428571428572, 0.9607142857142856)",1,96.3321428571429,47949
"(0.9571428571428572, 0.9714285714285714)",1,96.33214285714288,47950
"(0.9535714285714286, 0.9607142857142856)",1,96.33214285714286,47951
"(0.875, 0.9678571428571427)",1,96.33214285714286,47952
"(0.9178571428571428, 0.9678571428571427)",1,96.3321428571428,47953
"(0.9607142857142856, 0.9678571428571427)",3,96.3321428571428,47956
"(0.9357142857142856, 0.9678571428571427)",1,96.33214285714278,47957
"(0.9178571428571428, 0.9642857142857144)",1,96.33214285714276,47958
"(0.8857142857142857, 0.9642857142857144)",3,96.33214285714274,47961
"(0.9111486486486486, 0.9736486486486486)",2,96.33209459459462,47963
"(0.5503378378378379, 0.9766891891891892)",1,96.3320945945946,47964
"(0.6969594594594595, 0.9736486486486486)",3,96.33175675675676,47967
"(0.4534090909090909, 0.9852272727272728)",1,96.3314393939394,47968
"(0.8445945945945946, 0.9706081081081082)",1,96.3314189189189,47969
"(0.55125, 0.98)",1,96.33124999999995,47970
"(0.50125, 0.9925)",1,96.33124999999994,47971
"(0.5094594594594595, 0.9753378378378378)",1,96.33074324324323,47972
"(0.8891891891891892, 0.9763513513513512)",1,96.33006756756754,47973
"(0.9708333333333332, 0.9958333333333332)",1,96.32916666666677,47974
"(0.9958333333333332, 0.9958333333333332)",1,96.32916666666672,47975
"(0.9791666666666666, 0.9958333333333332)",2,96.32916666666672,47977
"(0.9541666666666668, 0.9958333333333332)",1,96.32916666666672,47978
"(0.9310810810810812, 0.9773648648648648)",1,96.32905405405408,47979
"(0.8157894736842105, 0.9692982456140352)",1,96.32894736842124,47980
"(0.7675438596491229, 0.9692982456140352)",4,96.32894736842124,47984
"(0.8903508771929824, 0.9692982456140352)",1,96.32894736842124,47985
"(0.793859649122807, 0.9692982456140352)",1,96.32894736842124,47986
"(0.8114035087719298, 0.9692982456140352)",2,96.32894736842124,47988
"(0.8552631578947368, 0.9692982456140352)",6,96.32894736842124,47994
"(0.868421052631579, 0.9692982456140352)",3,96.32894736842124,47997
"(0.7192982456140351, 0.9692982456140352)",4,96.32894736842124,48001
"(0.8201754385964912, 0.9692982456140352)",1,96.3289473684212,48002
"(0.8640350877192983, 0.9692982456140352)",1,96.3289473684212,48003
"(0.8859649122807017, 0.9692982456140352)",1,96.3289473684212,48004
"(0.9385964912280702, 0.9692982456140352)",2,96.3289473684212,48006
"(0.9605263157894736, 0.9692982456140352)",3,96.3289473684212,48009
"(0.8464912280701754, 0.9692982456140352)",2,96.3289473684212,48011
"(0.9342105263157896, 0.9736842105263158)",4,96.328947368421,48015
"(0.8640350877192983, 0.9736842105263158)",1,96.328947368421,48016
"(0.4078947368421052, 0.9736842105263158)",1,96.328947368421,48017
"(0.5, 0.9736842105263158)",1,96.328947368421,48018
"(0.868421052631579, 0.9736842105263158)",1,96.328947368421,48019
"(0.6885964912280702, 0.9736842105263158)",3,96.328947368421,48022
"(0.8552631578947368, 0.9649122807017544)",6,96.32894736842098,48028
"(0.868421052631579, 0.9649122807017544)",3,96.32894736842098,48031
"(0.8157894736842105, 0.9649122807017544)",3,96.32894736842098,48034
"(0.6625, 0.9825)",1,96.32875,48035
"(0.9607142857142856, 0.9607142857142856)",1,96.32857142857152,48036
"(0.9785714285714284, 0.9714285714285714)",1,96.32857142857148,48037
"(0.9571428571428572, 0.9714285714285714)",1,96.32857142857148,48038
"(0.9571428571428572, 0.9714285714285714)",1,96.32857142857146,48039
"(0.8928571428571429, 0.9607142857142856)",3,96.32857142857144,48042
"(0.9428571428571428, 0.9607142857142856)",1,96.32857142857142,48043
"(0.9357142857142856, 0.9678571428571427)",1,96.32857142857142,48044
"(0.9428571428571428, 0.9678571428571427)",1,96.32857142857138,48045
"(0.9464285714285714, 0.9678571428571427)",1,96.32857142857137,48046
"(0.9535714285714286, 0.975)",1,96.3285714285713,48047
"(0.9178571428571428, 0.975)",1,96.3285714285713,48048
"(0.8216216216216217, 0.9787162162162162)",3,96.32837837837836,48051
"(0.8662162162162163, 0.9777027027027028)",3,96.32804054054051,48054
"(0.6662162162162162, 0.9739864864864864)",2,96.32770270270272,48056
"(0.4606060606060606, 0.9856060606060606)",1,96.32765151515156,48057
"(0.4675, 0.98875)",2,96.3275,48059
"(0.735472972972973, 0.9753378378378378)",1,96.32736486486482,48060
"(0.5925675675675676, 0.9773648648648648)",1,96.32702702702704,48061
"(0.8462837837837838, 0.9736486486486486)",1,96.327027027027,48062
"(0.5481060606060606, 1.0)",1,96.32689393939395,48063
"(0.5996621621621622, 0.977027027027027)",1,96.32668918918914,48064
"(0.48625, 0.98625)",1,96.32624999999996,48065
"(0.5739864864864865, 0.979054054054054)",1,96.32601351351356,48066
"(0.8327702702702703, 0.9780405405405406)",1,96.32567567567568,48067
"(0.8604651162790697, 0.9767441860465116)",2,96.32558139534896,48069
"(0.7674418604651163, 0.9767441860465116)",1,96.32558139534896,48070
"(0.7093023255813954, 0.9767441860465116)",1,96.32558139534896,48071
"(0.627906976744186, 0.9767441860465116)",1,96.32558139534892,48072
"(0.4767441860465116, 0.9767441860465116)",2,96.32558139534892,48074
"(0.7558139534883721, 0.9767441860465116)",1,96.32558139534892,48075
"(0.5813953488372093, 0.9767441860465116)",1,96.32558139534892,48076
"(0.8023255813953488, 0.9767441860465116)",1,96.32558139534892,48077
"(0.7674418604651163, 1.0)",1,96.32558139534883,48078
"(0.8372093023255814, 0.9651162790697676)",2,96.32558139534868,48080
"(0.7906976744186046, 0.9651162790697676)",1,96.32558139534868,48081
"(0.813953488372093, 0.9651162790697676)",2,96.32558139534868,48083
"(0.872093023255814, 0.9651162790697676)",13,96.32558139534868,48096
"(0.8953488372093024, 0.9651162790697676)",7,96.32558139534868,48103
"(0.8837209302325582, 0.9651162790697676)",2,96.32558139534868,48105
"(0.9767441860465116, 0.9651162790697676)",1,96.32558139534866,48106
"(0.872093023255814, 0.9651162790697676)",6,96.32558139534866,48112
"(0.8953488372093024, 0.9651162790697676)",5,96.32558139534866,48117
"(0.9302325581395348, 0.9651162790697676)",6,96.32558139534866,48123
"(0.7441860465116279, 0.9651162790697676)",1,96.32558139534866,48124
"(0.8372093023255814, 0.9651162790697676)",4,96.32558139534866,48128
"(0.7325581395348837, 0.9651162790697676)",1,96.32558139534866,48129
"(0.813953488372093, 0.9651162790697676)",2,96.32558139534866,48131
"(0.8488372093023255, 0.9651162790697676)",1,96.32558139534866,48132
"(0.8023255813953488, 0.9651162790697676)",1,96.32558139534864,48133
"(0.7712837837837838, 0.9712837837837838)",2,96.32533783783788,48135
"(0.6391891891891892, 0.9783783783783784)",1,96.32533783783784,48136
"(0.49875, 0.9975)",1,96.32500000000012,48137
"(0.51875, 0.995)",2,96.32500000000007,48139
"(0.9535714285714286, 0.9607142857142856)",1,96.32500000000007,48140
"(0.9625, 0.9958333333333332)",1,96.32500000000006,48141
"(0.9607142857142856, 0.9714285714285714)",1,96.32500000000005,48142
"(0.9875, 0.9958333333333332)",1,96.32500000000005,48143
"(0.9607142857142856, 0.9714285714285714)",1,96.32500000000005,48144
"(0.9642857142857144, 0.9607142857142856)",1,96.32500000000005,48145
"(0.95, 0.9958333333333332)",1,96.32500000000005,48146
"(0.9958333333333332, 0.9958333333333332)",2,96.32500000000005,48148
"(0.9642857142857144, 0.9714285714285714)",1,96.32500000000005,48149
"(0.9916666666666668, 0.9958333333333332)",1,96.32500000000005,48150
"(0.9916666666666668, 0.9958333333333332)",1,96.32500000000005,48151
"(0.9785714285714284, 0.9714285714285714)",1,96.32500000000002,48152
"(0.9875, 0.9958333333333332)",1,96.32500000000002,48153
"(0.9142857142857144, 0.9714285714285714)",2,96.325,48155
"(0.9535714285714286, 0.9714285714285714)",1,96.325,48156
"(0.975, 1.0)",2,96.325,48158
"(0.9791666666666666, 1.0)",1,96.32499999999996,48159
"(0.9178571428571428, 0.9678571428571427)",1,96.32499999999992,48160
"(0.9833333333333332, 1.0)",1,96.32499999999992,48161
"(0.9, 0.9642857142857144)",1,96.32499999999992,48162
"(0.6625, 0.975)",1,96.32499999999987,48163
"(0.9535714285714286, 0.9642857142857144)",3,96.32499999999987,48166
"(0.9, 0.975)",2,96.32499999999987,48168
"(0.775, 0.975)",2,96.32499999999986,48170
"(0.9, 0.975)",2,96.32499999999986,48172
"(0.6375, 0.975)",1,96.32499999999986,48173
"(0.9375, 0.975)",1,96.32499999999986,48174
"(0.875, 0.975)",1,96.32499999999986,48175
"(0.9571428571428572, 0.9642857142857144)",1,96.32499999999986,48176
"(0.4975, 0.99125)",1,96.32499999999985,48177
"(0.4518939393939394, 1.0)",1,96.32462121212126,48178
"(0.8289473684210527, 0.9692982456140352)",1,96.32456140350894,48179
"(0.8640350877192983, 0.9692982456140352)",3,96.32456140350894,48182
"(0.8070175438596491, 0.9736842105263158)",3,96.32456140350872,48185
"(0.912280701754386, 0.9736842105263158)",1,96.32456140350872,48186
"(0.8070175438596491, 0.9736842105263158)",1,96.32456140350872,48187
"(0.8728070175438597, 0.9736842105263158)",3,96.32456140350872,48190
"(0.9298245614035088, 0.9736842105263158)",1,96.32456140350872,48191
"(0.9166666666666666, 0.9736842105263158)",1,96.32456140350872,48192
"(0.456060606060606, 0.9954545454545456)",3,96.32424242424251,48195
"(0.52125, 0.98625)",1,96.32374999999998,48196
"(0.5925, 0.9875)",3,96.32374999999983,48199
"(0.793918918918919, 0.977027027027027)",1,96.32364864864856,48200
"(0.4848484848484848, 1.0)",1,96.32310606060604,48201
"(0.5679054054054054, 0.9766891891891892)",1,96.32297297297296,48202
"(0.8780405405405406, 0.9719594594594596)",1,96.32297297297296,48203
"(0.8297297297297297, 0.9766891891891892)",1,96.32297297297292,48204
"(0.5025, 0.9875)",1,96.32249999999996,48205
"(0.5113636363636364, 1.0)",1,96.32234848484848,48206
"(0.95, 0.9607142857142856)",1,96.32142857142864,48207
"(0.9607142857142856, 0.9714285714285714)",1,96.3214285714286,48208
"(0.8857142857142857, 0.9714285714285714)",1,96.32142857142858,48209
"(0.9428571428571428, 0.9678571428571427)",1,96.32142857142856,48210
"(0.9321428571428572, 0.9607142857142856)",1,96.32142857142856,48211
"(0.95, 0.9678571428571427)",1,96.32142857142856,48212
"(0.9785714285714284, 0.9571428571428572)",1,96.32142857142854,48213
"(0.925, 0.9642857142857144)",3,96.32142857142844,48216
"(0.5523648648648649, 0.9827702702702704)",1,96.32128378378378,48217
"(0.7996621621621621, 0.9773648648648648)",3,96.32128378378376,48220
"(0.50625, 0.995)",1,96.32125000000018,48221
"(0.7518939393939394, 0.990909090909091)",3,96.32121212121216,48224
"(0.9037162162162162, 0.9753378378378378)",2,96.32094594594592,48226
"(0.9791666666666666, 0.9958333333333332)",2,96.32083333333344,48228
"(0.9833333333333332, 0.9958333333333332)",1,96.32083333333338,48229
"(0.9875, 0.9958333333333332)",1,96.32083333333338,48230
"(0.9833333333333332, 0.9958333333333332)",1,96.32083333333335,48231
"(0.9875, 0.9958333333333332)",1,96.32083333333335,48232
"(0.9666666666666668, 0.9958333333333332)",1,96.32083333333335,48233
"(0.6391891891891892, 0.9756756756756756)",1,96.32060810810808,48234
"(0.3974358974358974, 0.9743589743589745)",1,96.32051282051307,48235
"(0.8076923076923077, 0.9743589743589745)",2,96.32051282051306,48237
"(0.4871794871794871, 0.9871794871794872)",2,96.32051282051296,48239
"(0.7564102564102564, 0.9871794871794872)",1,96.32051282051296,48240
"(0.5381756756756757, 0.9783783783783784)",1,96.32027027027036,48241
"(0.572972972972973, 0.979391891891892)",1,96.32027027027031,48242
"(0.6403508771929824, 0.9692982456140352)",1,96.32017543859666,48243
"(0.8640350877192983, 0.9692982456140352)",1,96.32017543859666,48244
"(0.6228070175438597, 0.9692982456140352)",1,96.32017543859666,48245
"(0.8991228070175439, 0.9692982456140352)",1,96.32017543859666,48246
"(0.8640350877192983, 0.9692982456140352)",3,96.32017543859664,48249
"(0.9078947368421052, 0.9736842105263158)",1,96.32017543859646,48250
"(0.7149122807017544, 0.9736842105263158)",1,96.32017543859644,48251
"(0.8333333333333334, 0.9736842105263158)",1,96.32017543859644,48252
"(0.7719298245614035, 0.9736842105263158)",1,96.32017543859644,48253
"(0.9166666666666666, 0.9736842105263158)",1,96.32017543859644,48254
"(0.5350877192982456, 0.9736842105263158)",1,96.32017543859644,48255
"(0.8903508771929824, 0.9736842105263158)",1,96.32017543859644,48256
"(0.868421052631579, 0.9736842105263158)",1,96.32017543859644,48257
"(0.7456140350877193, 0.9736842105263158)",1,96.32017543859644,48258
"(0.7149122807017544, 0.9912280701754386)",1,96.32017543859644,48259
"(0.9078947368421052, 0.9736842105263158)",1,96.32017543859644,48260
"(0.9078947368421052, 0.9649122807017544)",1,96.32017543859642,48261
"(0.9298245614035088, 0.9736842105263158)",1,96.32017543859642,48262
"(0.8640350877192983, 0.9649122807017544)",3,96.3201754385964,48265
"(0.6068181818181818, 1.0)",1,96.3200757575758,48266
"(0.65125, 0.98625)",1,96.32000000000004,48267
"(0.4925, 0.99125)",1,96.31999999999992,48268
"(0.8216216216216217, 0.9685810810810812)",1,96.31993243243248,48269
"(0.3223484848484848, 0.9984848484848484)",1,96.319696969697,48270
"(0.5972222222222222, 0.9722222222222222)",2,96.31944444444464,48272
"(0.625, 0.9722222222222222)",1,96.31944444444464,48273
"(0.9166666666666666, 0.9861111111111112)",1,96.31944444444464,48274
"(0.8055555555555556, 0.9722222222222222)",1,96.3194444444446,48275
"(0.875, 0.9722222222222222)",1,96.3194444444446,48276
"(0.9444444444444444, 0.9722222222222222)",1,96.3194444444446,48277
"(0.8472222222222222, 0.9722222222222222)",2,96.3194444444446,48279
"(0.5972222222222222, 0.9722222222222222)",1,96.3194444444446,48280
"(0.625, 0.9722222222222222)",1,96.3194444444446,48281
"(0.7083333333333334, 0.9722222222222222)",1,96.3194444444446,48282
"(0.8194444444444444, 0.9722222222222222)",1,96.3194444444446,48283
"(0.6944444444444444, 0.9722222222222222)",1,96.3194444444446,48284
"(0.75, 1.0)",1,96.31944444444444,48285
"(0.5972222222222222, 1.0)",1,96.31944444444444,48286
"(0.63125, 0.99625)",1,96.31875,48287
"(0.41875, 0.9875)",3,96.31874999999984,48290
"(0.5398648648648648, 0.9780405405405406)",1,96.3185810810811,48291
"(0.7327702702702703, 0.9756756756756756)",1,96.31824324324332,48292
"(0.5192567567567568, 0.979054054054054)",1,96.31824324324332,48293
"(0.8324324324324325, 0.9719594594594596)",1,96.31824324324332,48294
"(0.8412162162162162, 0.9773648648648648)",1,96.31824324324316,48295
"(0.8449324324324324, 0.975)",1,96.31790540540544,48296
"(0.9571428571428572, 0.9714285714285714)",1,96.31785714285724,48297
"(0.9535714285714286, 0.9607142857142856)",1,96.31785714285722,48298
"(0.9392857142857144, 0.9678571428571427)",1,96.31785714285716,48299
"(0.8928571428571429, 0.9607142857142856)",1,96.31785714285716,48300
"(0.925, 0.9607142857142856)",1,96.31785714285716,48301
"(0.9607142857142856, 0.9714285714285714)",3,96.31785714285714,48304
"(0.9607142857142856, 0.9785714285714284)",1,96.31785714285712,48305
"(0.9392857142857144, 0.9642857142857144)",1,96.317857142857,48306
"(0.7256756756756757, 0.9780405405405406)",2,96.31756756756762,48308
"(0.8722972972972973, 0.9716216216216216)",1,96.3175675675676,48309
"(0.49625, 0.99625)",1,96.31750000000017,48310
"(0.51, 0.99)",1,96.31749999999988,48311
"(0.5925, 0.9875)",2,96.31749999999988,48313
"(0.2696969696969697, 0.9958333333333332)",1,96.31742424242428,48314
"(0.7283783783783784, 0.9787162162162162)",1,96.3168918918919,48315
"(0.8135135135135135, 0.9773648648648648)",1,96.31689189189188,48316
"(0.8662162162162163, 0.9760135135135136)",1,96.31689189189188,48317
"(0.4568181818181818, 0.9943181818181818)",2,96.3166666666668,48319
"(0.925, 0.9958333333333332)",1,96.31666666666676,48320
"(0.9916666666666668, 0.9958333333333332)",2,96.31666666666676,48322
"(0.9833333333333332, 0.9958333333333332)",1,96.31666666666676,48323
"(0.531060606060606, 0.999621212121212)",1,96.31666666666672,48324
"(0.8666666666666667, 0.9833333333333332)",2,96.31666666666672,48326
"(0.9708333333333332, 0.9958333333333332)",1,96.31666666666672,48327
"(0.9958333333333332, 0.9958333333333332)",1,96.3166666666667,48328
"(0.975, 0.9958333333333332)",1,96.31666666666668,48329
"(0.8666666666666667, 1.0)",2,96.31666666666666,48331
"(0.9277027027027028, 0.9783783783783784)",1,96.31655405405404,48332
"(0.8510135135135135, 0.9722972972972972)",1,96.31621621621626,48333
"(0.8773648648648649, 0.975)",1,96.31621621621623,48334
"(0.5412878787878788, 0.9886363636363636)",3,96.315909090909,48337
"(0.8201754385964912, 0.9692982456140352)",1,96.3157894736844,48338
"(0.7236842105263158, 0.9692982456140352)",3,96.3157894736844,48341
"(0.8114035087719298, 0.9692982456140352)",1,96.31578947368438,48342
"(0.6096491228070176, 0.9692982456140352)",3,96.31578947368438,48345
"(0.868421052631579, 0.9692982456140352)",1,96.31578947368438,48346
"(0.8289473684210527, 0.9692982456140352)",2,96.31578947368438,48348
"(0.7587719298245614, 0.9692982456140352)",1,96.31578947368438,48349
"(0.8640350877192983, 0.9692982456140352)",1,96.31578947368438,48350
"(0.6929824561403509, 0.9692982456140352)",3,96.31578947368438,48353
"(0.7850877192982456, 0.9692982456140352)",1,96.31578947368436,48354
"(0.8771929824561403, 0.9692982456140352)",1,96.31578947368436,48355
"(0.8070175438596491, 0.9692982456140352)",3,96.31578947368436,48358
"(0.8552631578947368, 0.9912280701754386)",1,96.3157894736842,48359
"(0.7149122807017544, 0.9736842105263158)",1,96.31578947368416,48360
"(0.7763157894736842, 0.9736842105263158)",1,96.31578947368416,48361
"(0.5350877192982456, 0.9736842105263158)",3,96.31578947368416,48364
"(0.8070175438596491, 0.9736842105263158)",1,96.31578947368416,48365
"(0.9298245614035088, 0.9736842105263158)",3,96.31578947368416,48368
"(0.9166666666666666, 0.9736842105263158)",1,96.31578947368416,48369
"(0.9078947368421052, 0.9736842105263158)",3,96.31578947368416,48372
"(0.8245614035087719, 0.9736842105263158)",1,96.31578947368416,48373
"(0.8245614035087719, 0.9649122807017544)",1,96.31578947368416,48374
"(0.8596491228070176, 0.9736842105263158)",1,96.31578947368416,48375
"(0.8070175438596491, 0.9649122807017544)",1,96.31578947368412,48376
"(0.533445945945946, 0.9780405405405406)",1,96.3155405405406,48377
"(0.7084459459459459, 0.9760135135135136)",1,96.31554054054052,48378
"(0.8439189189189189, 0.9736486486486486)",1,96.31554054054052,48379
"(0.5939189189189189, 0.9763513513513512)",1,96.31520270270266,48380
"(0.4875, 0.9925)",1,96.31500000000008,48381
"(0.49875, 0.99125)",2,96.31499999999986,48383
"(0.8891891891891892, 0.9726351351351352)",1,96.31486486486484,48384
"(0.9131756756756756, 0.9787162162162162)",2,96.31486486486484,48386
"(0.6233108108108109, 0.9797297297297296)",1,96.31452702702694,48387
"(0.9428571428571428, 0.9607142857142856)",1,96.3142857142858,48388
"(0.9464285714285714, 0.9714285714285714)",1,96.31428571428576,48389
"(0.9357142857142856, 0.9678571428571427)",1,96.31428571428572,48390
"(0.9035714285714286, 0.9714285714285714)",1,96.31428571428572,48391
"(0.9357142857142856, 0.9714285714285714)",1,96.31428571428572,48392
"(0.9035714285714286, 0.975)",1,96.31428571428562,48393
"(0.9285714285714286, 0.9642857142857144)",3,96.31428571428556,48396
"(0.533445945945946, 0.9780405405405406)",1,96.3141891891893,48397
"(0.5581395348837209, 0.9767441860465116)",1,96.3139534883722,48398
"(0.8255813953488372, 0.9767441860465116)",1,96.3139534883722,48399
"(0.7906976744186046, 0.9767441860465116)",1,96.3139534883722,48400
"(0.8604651162790697, 0.9767441860465116)",1,96.3139534883722,48401
"(0.6976744186046512, 0.9767441860465116)",1,96.3139534883722,48402
"(0.6744186046511628, 0.9767441860465116)",1,96.3139534883722,48403
"(0.9186046511627908, 0.9767441860465116)",1,96.3139534883722,48404
"(0.8837209302325582, 0.9767441860465116)",1,96.3139534883722,48405
"(0.8023255813953488, 0.9767441860465116)",3,96.3139534883722,48408
"(0.5465116279069767, 0.9767441860465116)",1,96.3139534883722,48409
"(0.7558139534883721, 0.9767441860465116)",1,96.3139534883722,48410
"(0.4767441860465116, 0.9767441860465116)",1,96.3139534883722,48411
"(0.6046511627906976, 0.9767441860465116)",1,96.3139534883722,48412
"(0.9186046511627908, 0.9767441860465116)",1,96.3139534883722,48413
"(0.7558139534883721, 0.9767441860465116)",1,96.31395348837218,48414
"(0.6976744186046512, 0.9767441860465116)",1,96.31395348837218,48415
"(0.8953488372093024, 0.9767441860465116)",1,96.31395348837218,48416
"(0.7906976744186046, 0.9767441860465116)",2,96.31395348837218,48418
"(0.9767441860465116, 0.9651162790697676)",2,96.31395348837192,48420
"(0.8372093023255814, 0.9651162790697676)",6,96.31395348837192,48426
"(0.8837209302325582, 0.9651162790697676)",4,96.31395348837192,48430
"(0.8255813953488372, 0.9651162790697676)",2,96.31395348837192,48432
"(0.9767441860465116, 0.9651162790697676)",1,96.31395348837192,48433
"(0.813953488372093, 0.9651162790697676)",1,96.31395348837192,48434
"(0.8023255813953488, 0.9651162790697676)",2,96.31395348837192,48436
"(0.872093023255814, 0.9651162790697676)",6,96.31395348837192,48442
"(0.7674418604651163, 0.9651162790697676)",2,96.31395348837192,48444
"(0.8953488372093024, 0.9651162790697676)",8,96.31395348837192,48452
"(0.9302325581395348, 0.9651162790697676)",2,96.31395348837192,48454
"(0.8488372093023255, 0.9651162790697676)",6,96.31395348837192,48460
"(0.7209302325581395, 0.9651162790697676)",1,96.31395348837192,48461
"(0.8584459459459459, 0.9753378378378378)",1,96.31385135135132,48462
"(0.7439393939393939, 1.0)",3,96.31325757575758,48465
"(0.5489864864864865, 0.977027027027027)",1,96.3131756756756,48466
"(0.9875, 0.9958333333333332)",1,96.31250000000009,48467
"(0.9791666666666666, 0.9958333333333332)",1,96.31250000000006,48468
"(0.4575, 0.98625)",1,96.31250000000006,48469
"(0.9791666666666666, 0.9958333333333332)",1,96.31250000000004,48470
"(0.9791666666666666, 0.9958333333333332)",1,96.31250000000004,48471
"(0.9958333333333332, 0.9958333333333332)",1,96.31250000000004,48472
"(0.52625, 0.985)",1,96.3125,48473
"(0.57125, 0.9925)",1,96.31249999999996,48474
"(0.48375, 0.985)",1,96.31249999999996,48475
"(0.875, 0.975)",4,96.31249999999989,48479
"(0.9, 0.975)",1,96.31249999999989,48480
"(0.95, 0.975)",1,96.31249999999989,48481
"(0.8875, 0.975)",1,96.31249999999989,48482
"(0.51375, 0.99125)",1,96.31249999999982,48483
"(0.48375, 0.99125)",1,96.31249999999982,48484
"(0.4617424242424242, 0.9988636363636364)",1,96.3121212121212,48485
"(0.8263513513513514, 0.972972972972973)",1,96.31182432432436,48486
"(0.5472972972972973, 0.977027027027027)",1,96.31182432432432,48487
"(0.8584459459459459, 0.975)",1,96.31182432432428,48488
"(0.6216216216216216, 0.9736486486486486)",3,96.31148648648649,48491
"(0.8026315789473685, 0.9692982456140352)",1,96.3114035087721,48492
"(0.9385964912280702, 0.9692982456140352)",1,96.3114035087721,48493
"(0.912280701754386, 0.9692982456140352)",1,96.3114035087721,48494
"(0.8026315789473685, 0.9780701754385964)",1,96.3114035087721,48495
"(0.6754385964912281, 0.9692982456140352)",1,96.3114035087721,48496
"(0.8157894736842105, 0.9692982456140352)",1,96.3114035087721,48497
"(0.8245614035087719, 0.9692982456140352)",1,96.3114035087721,48498
"(0.8771929824561403, 0.9692982456140352)",2,96.31140350877207,48500
"(0.7719298245614035, 0.9692982456140352)",2,96.31140350877207,48502
"(0.8464912280701754, 0.9692982456140352)",1,96.31140350877207,48503
"(0.8596491228070176, 0.9736842105263158)",2,96.31140350877187,48505
"(0.8947368421052632, 0.9649122807017544)",3,96.31140350877186,48508
"(0.9166666666666666, 0.9736842105263158)",2,96.31140350877186,48510
"(0.4087121212121212, 1.0)",1,96.31136363636364,48511
"(0.55, 0.97625)",1,96.31125000000009,48512
"(0.49, 0.99875)",1,96.31125000000006,48513
"(0.3275, 0.99125)",1,96.31124999999984,48514
"(0.4787878787878787, 0.9981060606060606)",1,96.31098484848494,48515
"(0.5327702702702702, 0.9780405405405406)",1,96.31081081081086,48516
"(0.9162162162162162, 0.975)",1,96.31081081081076,48517
"(0.9535714285714286, 0.9607142857142856)",1,96.31071428571438,48518
"(0.9571428571428572, 0.9714285714285714)",3,96.31071428571435,48521
"(0.9357142857142856, 0.9607142857142856)",1,96.31071428571433,48522
"(0.975, 0.9714285714285714)",1,96.3107142857143,48523
"(0.9607142857142856, 0.9678571428571427)",1,96.31071428571428,48524
"(0.9607142857142856, 0.9571428571428572)",3,96.31071428571424,48527
"(0.9357142857142856, 0.9678571428571427)",1,96.31071428571424,48528
"(0.9642857142857144, 0.9678571428571427)",1,96.31071428571424,48529
"(0.9428571428571428, 0.9571428571428572)",1,96.3107142857142,48530
"(0.9392857142857144, 0.9678571428571427)",1,96.3107142857142,48531
"(0.9571428571428572, 0.9642857142857144)",1,96.31071428571416,48532
"(0.4693181818181818, 0.9988636363636364)",1,96.31022727272732,48533
"(0.48375, 0.99375)",1,96.31000000000004,48534
"(0.51375, 0.99125)",3,96.30999999999985,48537
"(0.509469696969697, 0.999621212121212)",1,96.30984848484852,48538
"(0.8493243243243244, 0.975)",1,96.3097972972973,48539
"(0.772972972972973, 0.9739864864864864)",1,96.3097972972973,48540
"(0.8780405405405406, 0.9746621621621622)",1,96.30979729729728,48541
"(0.3731060606060606, 0.9893939393939394)",1,96.30946969696969,48542
"(0.6662162162162162, 0.9739864864864864)",1,96.30945945945942,48543
"(0.9162162162162162, 0.9736486486486486)",3,96.30912162162156,48546
"(0.8087837837837838, 0.9753378378378378)",1,96.3087837837838,48547
"(0.8439189189189189, 0.9739864864864864)",1,96.30878378378378,48548
"(0.5, 0.98875)",1,96.30875,48549
"(0.5025, 0.9875)",3,96.30874999999985,48552
"(0.5925, 0.9875)",3,96.30874999999985,48555
"(0.9916666666666668, 0.9958333333333332)",1,96.30833333333344,48556
"(0.9791666666666666, 0.9958333333333332)",1,96.30833333333342,48557
"(0.9708333333333332, 0.9958333333333332)",1,96.3083333333334,48558
"(0.9791666666666666, 1.0)",1,96.30833333333332,48559
"(0.6280405405405406, 0.9783783783783784)",1,96.30777027027028,48560
"(0.8076923076923077, 0.9743589743589745)",2,96.30769230769256,48562
"(0.7435897435897436, 0.9743589743589745)",4,96.30769230769256,48566
"(0.4358974358974359, 0.9743589743589745)",1,96.30769230769256,48567
"(0.782051282051282, 0.9743589743589745)",1,96.30769230769256,48568
"(0.7307692307692307, 0.9743589743589745)",2,96.30769230769256,48570
"(0.4358974358974359, 0.9871794871794872)",1,96.30769230769243,48571
"(0.1923076923076923, 0.9871794871794872)",1,96.30769230769243,48572
"(0.95, 0.965)",1,96.30750000000012,48573
"(0.50875, 1.0)",1,96.30750000000008,48574
"(0.50875, 0.98875)",2,96.30749999999986,48576
"(0.9214285714285714, 0.9714285714285714)",1,96.30714285714294,48577
"(0.925, 0.9607142857142856)",1,96.30714285714294,48578
"(0.8892857142857142, 0.9714285714285714)",1,96.30714285714292,48579
"(0.9535714285714286, 0.9607142857142856)",1,96.30714285714292,48580
"(0.8678571428571429, 0.9607142857142856)",1,96.30714285714288,48581
"(0.9571428571428572, 0.9785714285714284)",1,96.30714285714286,48582
"(0.9321428571428572, 0.9678571428571427)",2,96.30714285714282,48584
"(0.95, 0.9678571428571427)",1,96.30714285714282,48585
"(0.9392857142857144, 0.9642857142857144)",1,96.30714285714276,48586
"(0.9571428571428572, 0.9642857142857144)",3,96.30714285714272,48589
"(0.8928571428571429, 0.9642857142857144)",1,96.30714285714272,48590
"(0.8297297297297297, 0.9689189189189188)",1,96.30709459459464,48591
"(0.7334459459459459, 0.977027027027027)",1,96.30709459459456,48592
"(0.6754385964912281, 0.9692982456140352)",3,96.30701754385984,48595
"(0.8289473684210527, 0.9692982456140352)",1,96.3070175438598,48596
"(0.8026315789473685, 0.9780701754385964)",1,96.3070175438598,48597
"(0.6929824561403509, 0.9692982456140352)",3,96.3070175438598,48600
"(0.8201754385964912, 0.9692982456140352)",1,96.3070175438598,48601
"(0.868421052631579, 0.9692982456140352)",1,96.3070175438598,48602
"(0.9035087719298246, 0.9912280701754386)",2,96.30701754385962,48604
"(0.8947368421052632, 0.9736842105263158)",2,96.3070175438596,48606
"(0.9166666666666666, 0.9736842105263158)",1,96.3070175438596,48607
"(0.9035087719298246, 0.9649122807017544)",3,96.3070175438596,48610
"(0.8464912280701754, 0.9736842105263158)",1,96.3070175438596,48611
"(0.6228070175438597, 0.9736842105263158)",1,96.3070175438596,48612
"(0.5921052631578947, 0.9736842105263158)",1,96.3070175438596,48613
"(0.706140350877193, 0.9736842105263158)",1,96.3070175438596,48614
"(0.7719298245614035, 0.9736842105263158)",1,96.3070175438596,48615
"(0.5, 0.9736842105263158)",1,96.3070175438596,48616
"(0.868421052631579, 0.9736842105263158)",1,96.3070175438596,48617
"(0.4078947368421052, 0.9736842105263158)",1,96.3070175438596,48618
"(0.6710526315789473, 0.9736842105263158)",3,96.3070175438596,48621
"(0.8947368421052632, 0.9649122807017544)",3,96.30701754385956,48624
"(0.2875, 0.9984848484848484)",1,96.30643939393948,48625
"(0.7712837837837838, 0.9753378378378378)",1,96.30641891891892,48626
"(0.5074324324324324, 0.983445945945946)",1,96.30641891891888,48627
"(0.485, 0.99125)",1,96.30625000000002,48628
"(0.49125, 0.9875)",3,96.30624999999988,48631
"(0.51, 0.99125)",1,96.30624999999986,48632
"(0.8194444444444444, 0.9861111111111112)",2,96.30555555555576,48634
"(0.9027777777777778, 0.9861111111111112)",1,96.30555555555576,48635
"(0.8333333333333334, 0.9861111111111112)",1,96.30555555555576,48636
"(0.875, 0.9722222222222222)",2,96.30555555555571,48638
"(0.8194444444444444, 0.9722222222222222)",1,96.30555555555571,48639
"(0.8472222222222222, 0.9722222222222222)",2,96.30555555555571,48641
"(0.9444444444444444, 0.9722222222222222)",1,96.30555555555571,48642
"(0.5, 0.9722222222222222)",1,96.30555555555571,48643
"(0.9166666666666666, 0.9722222222222222)",2,96.30555555555571,48645
"(0.6111111111111112, 1.0)",1,96.30555555555556,48646
"(0.6944444444444444, 1.0)",1,96.30555555555554,48647
"(0.49625, 0.9925)",1,96.3049999999999,48648
"(0.48875, 0.9875)",2,96.30499999999984,48650
"(0.5121212121212121, 1.0)",1,96.30454545454548,48651
"(0.5022727272727273, 1.0)",3,96.30454545454546,48654
"(0.5773648648648648, 0.9780405405405406)",1,96.304391891892,48655
"(0.9958333333333332, 0.9958333333333332)",1,96.30416666666676,48656
"(0.9916666666666668, 0.9958333333333332)",1,96.30416666666676,48657
"(0.9833333333333332, 0.9958333333333332)",1,96.30416666666676,48658
"(0.9875, 0.9958333333333332)",1,96.30416666666672,48659
"(0.9833333333333332, 0.9958333333333332)",1,96.30416666666672,48660
"(0.9458333333333332, 0.9958333333333332)",1,96.30416666666667,48661
"(0.9875, 1.0)",1,96.30416666666665,48662
"(0.8875, 0.975)",1,96.30416666666645,48663
"(0.5277027027027027, 0.9760135135135136)",1,96.30405405405396,48664
"(0.6799242424242424, 1.0)",1,96.30378787878789,48665
"(0.4571969696969697, 0.9988636363636364)",1,96.30378787878784,48666
"(0.49625, 0.99625)",1,96.3037500000002,48667
"(0.5075, 0.9975)",1,96.30375000000014,48668
"(0.5, 0.99125)",1,96.30374999999988,48669
"(0.9214285714285714, 0.9607142857142856)",1,96.30357142857152,48670
"(0.8857142857142857, 0.9714285714285714)",1,96.30357142857147,48671
"(0.8892857142857142, 0.9678571428571427)",1,96.30357142857144,48672
"(0.9428571428571428, 0.9678571428571427)",1,96.30357142857144,48673
"(0.9535714285714286, 0.9678571428571427)",1,96.3035714285714,48674
"(0.9285714285714286, 0.9678571428571427)",1,96.3035714285714,48675
"(0.7392857142857143, 0.9642857142857144)",1,96.30357142857127,48676
"(0.9392857142857144, 0.9642857142857144)",1,96.30357142857127,48677
"(0.789527027027027, 0.972972972972973)",1,96.3030405405406,48678
"(0.5265151515151515, 1.0)",1,96.30303030303033,48679
"(0.7425675675675676, 0.9763513513513512)",1,96.30270270270266,48680
"(0.8552631578947368, 0.9692982456140352)",2,96.30263157894754,48682
"(0.8903508771929824, 0.9692982456140352)",5,96.30263157894754,48687
"(0.7280701754385965, 0.9692982456140352)",1,96.30263157894754,48688
"(0.9342105263157896, 0.9692982456140352)",1,96.30263157894754,48689
"(0.8991228070175439, 0.9692982456140352)",1,96.30263157894754,48690
"(0.9429824561403508, 0.9692982456140352)",1,96.30263157894754,48691
"(0.8596491228070176, 0.9692982456140352)",1,96.30263157894754,48692
"(0.7719298245614035, 0.9692982456140352)",1,96.30263157894753,48693
"(0.8201754385964912, 0.9692982456140352)",1,96.30263157894753,48694
"(0.8201754385964912, 0.9605263157894736)",1,96.30263157894753,48695
"(0.5921052631578947, 0.9692982456140352)",1,96.30263157894753,48696
"(0.8728070175438597, 0.9736842105263158)",1,96.30263157894731,48697
"(0.8333333333333334, 0.9736842105263158)",1,96.30263157894731,48698
"(0.8771929824561403, 0.9736842105263158)",1,96.30263157894731,48699
"(0.8289473684210527, 0.9736842105263158)",3,96.30263157894731,48702
"(0.6228070175438597, 0.9736842105263158)",1,96.30263157894731,48703
"(0.881578947368421, 0.9736842105263158)",3,96.30263157894731,48706
"(0.49625, 0.9975)",3,96.30250000000018,48709
"(0.49625, 0.99)",2,96.30249999999998,48711
"(0.495, 0.98875)",2,96.30249999999992,48713
"(0.51, 0.98875)",1,96.30249999999992,48714
"(0.9037162162162162, 0.9743243243243244)",2,96.30236486486488,48716
"(0.7469594594594594, 0.9777027027027028)",1,96.3023648648648,48717
"(0.8255813953488372, 0.9883720930232558)",2,96.30232558139552,48719
"(0.8604651162790697, 0.9767441860465116)",1,96.30232558139546,48720
"(0.7558139534883721, 0.9767441860465116)",2,96.30232558139544,48722
"(0.7209302325581395, 0.9767441860465116)",1,96.30232558139544,48723
"(0.5697674418604651, 0.9767441860465116)",1,96.30232558139544,48724
"(0.7790697674418605, 0.9767441860465116)",1,96.30232558139544,48725
"(0.8837209302325582, 0.9767441860465116)",2,96.30232558139544,48727
"(0.9186046511627908, 0.9767441860465116)",2,96.30232558139544,48729
"(0.9651162790697676, 0.9767441860465116)",1,96.30232558139544,48730
"(0.7674418604651163, 0.9651162790697676)",1,96.30232558139518,48731
"(0.8372093023255814, 0.9651162790697676)",6,96.30232558139518,48737
"(0.9302325581395348, 0.9651162790697676)",3,96.30232558139518,48740
"(0.8488372093023255, 0.9651162790697676)",2,96.30232558139518,48742
"(0.7325581395348837, 0.9651162790697676)",2,96.30232558139518,48744
"(0.7906976744186046, 0.9651162790697676)",1,96.30232558139518,48745
"(0.8837209302325582, 0.9651162790697676)",2,96.30232558139518,48747
"(0.8953488372093024, 0.9651162790697676)",11,96.30232558139518,48758
"(0.872093023255814, 0.9651162790697676)",8,96.30232558139518,48766
"(0.8604651162790697, 0.9651162790697676)",7,96.30232558139518,48773
"(0.813953488372093, 0.9651162790697676)",1,96.30232558139518,48774
"(0.9302325581395348, 0.9651162790697676)",2,96.30232558139517,48776
"(0.7906976744186046, 0.9651162790697676)",1,96.30232558139517,48777
"(0.4545454545454545, 0.999621212121212)",1,96.30189393939398,48778
"(0.772972972972973, 0.9753378378378378)",1,96.30168918918912,48779
"(0.6969594594594595, 0.9753378378378378)",1,96.3016891891891,48780
"(0.8162162162162162, 0.9689189189189188)",2,96.3013513513514,48782
"(0.8216216216216217, 0.972972972972973)",2,96.30135135135134,48784
"(0.8662162162162163, 0.9672297297297298)",1,96.30135135135129,48785
"(0.2704545454545454, 0.990909090909091)",1,96.3007575757576,48786
"(0.6037162162162162, 0.970945945945946)",1,96.30067567567572,48787
"(0.8216216216216217, 0.977027027027027)",1,96.30067567567558,48788
"(0.8091216216216216, 0.979054054054054)",3,96.30033783783796,48791
"(0.8263513513513514, 0.9783783783783784)",1,96.30033783783784,48792
"(0.7333333333333333, 0.9666666666666668)",1,96.30000000000015,48793
"(0.8333333333333334, 0.9666666666666668)",1,96.30000000000015,48794
"(0.50875, 0.995)",1,96.30000000000014,48795
"(0.9458333333333332, 0.9958333333333332)",2,96.30000000000013,48797
"(0.9666666666666668, 0.9833333333333332)",1,96.30000000000008,48798
"(0.9333333333333332, 0.9833333333333332)",1,96.30000000000008,48799
"(0.9166666666666666, 0.9833333333333332)",1,96.30000000000008,48800
"(0.9357142857142856, 0.9607142857142856)",1,96.30000000000008,48801
"(0.49375, 0.9925)",2,96.30000000000004,48803
"(0.95, 0.9607142857142856)",1,96.30000000000004,48804
"(0.9357142857142856, 0.9714285714285714)",1,96.30000000000004,48805
"(0.95, 1.0)",1,96.3,48806
"(0.9142857142857144, 0.9678571428571427)",1,96.3,48807
"(0.8135135135135135, 0.9766891891891892)",1,96.29999999999998,48808
"(0.9357142857142856, 0.9678571428571427)",1,96.29999999999995,48809
"(0.9535714285714286, 0.9607142857142856)",1,96.29999999999994,48810
"(0.9785714285714284, 0.9571428571428572)",1,96.29999999999994,48811
"(0.9285714285714286, 0.9642857142857144)",1,96.29999999999993,48812
"(0.8375, 0.975)",1,96.29999999999988,48813
"(0.85, 0.975)",2,96.29999999999988,48815
"(0.925, 0.975)",2,96.29999999999988,48817
"(0.6375, 0.975)",1,96.29999999999988,48818
"(0.8625, 0.975)",1,96.29999999999988,48819
"(0.9125, 0.975)",1,96.2999999999998,48820
"(0.9291666666666668, 0.9916666666666668)",1,96.29999999999978,48821
"(0.8412162162162162, 0.9760135135135136)",1,96.29966216216216,48822
"(0.839527027027027, 0.9773648648648648)",1,96.29966216216212,48823
"(0.5321969696969697, 1.0)",1,96.29962121212122,48824
"(0.9354729729729728, 0.9736486486486486)",3,96.29932432432432,48827
"(0.656439393939394, 1.0)",3,96.29924242424244,48830
"(0.5939189189189189, 0.975)",1,96.29898648648644,48831
"(0.2723484848484848, 0.9981060606060606)",1,96.2988636363637,48832
"(0.5371212121212121, 1.0)",3,96.29886363636363,48835
"(0.63125, 0.99125)",1,96.29875,48836
"(0.45125, 0.9875)",3,96.29874999999986,48839
"(0.3321969696969697, 1.0)",1,96.29848484848488,48840
"(0.8947368421052632, 0.9692982456140352)",1,96.29824561403528,48841
"(0.8640350877192983, 0.9692982456140352)",3,96.29824561403528,48844
"(0.8552631578947368, 0.9692982456140352)",1,96.29824561403524,48845
"(0.6798245614035088, 0.9692982456140352)",3,96.29824561403524,48848
"(0.8728070175438597, 0.9692982456140352)",1,96.29824561403524,48849
"(0.8947368421052632, 0.9649122807017544)",1,96.29824561403504,48850
"(0.9210526315789472, 0.9736842105263158)",3,96.29824561403504,48853
"(0.8640350877192983, 0.9736842105263158)",1,96.29824561403504,48854
"(0.8596491228070176, 0.9736842105263158)",2,96.29824561403504,48856
"(0.9078947368421052, 0.9736842105263158)",1,96.29824561403504,48857
"(0.8245614035087719, 0.9736842105263158)",1,96.29824561403504,48858
"(0.8289473684210527, 0.9649122807017544)",3,96.29824561403504,48861
"(0.7719298245614035, 0.9912280701754386)",1,96.29824561403504,48862
"(0.7719298245614035, 0.9649122807017544)",1,96.29824561403504,48863
"(0.7246212121212121, 1.0)",1,96.29810606060605,48864
"(0.8033783783783783, 0.979054054054054)",1,96.297972972973,48865
"(0.8023648648648649, 0.9773648648648648)",1,96.29797297297291,48866
"(0.5307432432432433, 0.9773648648648648)",1,96.29797297297289,48867
"(0.772972972972973, 0.9760135135135136)",1,96.29763513513517,48868
"(0.4925, 0.99875)",2,96.2975000000001,48870
"(0.5632575757575757, 0.9924242424242424)",3,96.29734848484868,48873
"(0.4882575757575758, 1.0)",1,96.29734848484853,48874
"(0.5679054054054054, 0.977027027027027)",1,96.29729729729728,48875
"(0.772972972972973, 0.9760135135135136)",1,96.29662162162164,48876
"(0.8087837837837838, 0.9746621621621622)",1,96.29662162162164,48877
"(0.9357142857142856, 0.9714285714285714)",1,96.29642857142862,48878
"(0.9392857142857144, 0.9714285714285714)",1,96.2964285714286,48879
"(0.925, 0.9607142857142856)",1,96.2964285714286,48880
"(0.9571428571428572, 0.9607142857142856)",2,96.2964285714286,48882
"(0.9535714285714286, 0.9678571428571427)",2,96.29642857142854,48884
"(0.9392857142857144, 0.9678571428571427)",1,96.29642857142854,48885
"(0.9392857142857144, 0.9678571428571427)",1,96.29642857142852,48886
"(0.9392857142857144, 0.9642857142857144)",1,96.29642857142844,48887
"(0.8857142857142857, 0.9642857142857144)",1,96.29642857142842,48888
"(0.95, 0.9642857142857144)",1,96.2964285714284,48889
"(0.5209459459459459, 0.9783783783783784)",1,96.29628378378382,48890
"(0.5891891891891892, 0.9766891891891892)",1,96.29628378378372,48891
"(0.7875, 0.9760135135135136)",1,96.2962837837837,48892
"(0.6675, 0.995)",1,96.29625000000004,48893
"(0.4087121212121212, 1.0)",3,96.29621212121212,48896
"(0.4678030303030303, 0.9931818181818182)",2,96.29583333333348,48898
"(0.9958333333333332, 0.9958333333333332)",1,96.29583333333343,48899
"(0.9541666666666668, 0.9958333333333332)",1,96.29583333333338,48900
"(0.9833333333333332, 0.9958333333333332)",1,96.29583333333336,48901
"(0.95, 1.0)",1,96.29583333333332,48902
"(0.8327702702702703, 0.9722972972972972)",2,96.29560810810815,48904
"(0.3295454545454545, 1.0)",1,96.29545454545452,48905
"(0.8885135135135135, 0.9719594594594596)",2,96.29527027027032,48907
"(0.6310810810810811, 0.9763513513513512)",1,96.29527027027024,48908
"(0.8412162162162162, 0.9777027027027028)",2,96.29527027027024,48910
"(0.8216216216216217, 0.9746621621621622)",1,96.2952702702702,48911
"(0.63125, 0.9925)",1,96.29500000000002,48912
"(0.46875, 0.985)",1,96.2949999999999,48913
"(0.8461538461538461, 0.9743589743589745)",6,96.29487179487204,48919
"(0.7435897435897436, 0.9743589743589745)",1,96.29487179487202,48920
"(0.1923076923076923, 0.9871794871794872)",1,96.29487179487194,48921
"(0.4358974358974359, 0.9871794871794872)",1,96.29487179487194,48922
"(0.7307692307692307, 0.9871794871794872)",1,96.29487179487192,48923
"(0.7051282051282052, 0.9871794871794872)",1,96.29487179487192,48924
"(0.3333333333333333, 0.9871794871794872)",1,96.29487179487192,48925
"(0.1666666666666666, 1.0)",1,96.2948717948718,48926
"(0.8773648648648649, 0.9756756756756756)",1,96.29459459459456,48927
"(0.3564393939393939, 1.0)",1,96.2943181818182,48928
"(0.4606060606060606, 0.9950757575757576)",3,96.29393939393948,48931
"(0.4681818181818182, 0.9992424242424244)",1,96.2939393939394,48932
"(0.5084459459459459, 0.9780405405405406)",1,96.29391891891902,48933
"(0.6006756756756757, 0.9712837837837838)",1,96.29391891891898,48934
"(0.7084459459459459, 0.9743243243243244)",2,96.29391891891892,48936
"(0.8508771929824561, 0.9692982456140352)",1,96.29385964912298,48937
"(0.7324561403508771, 0.9692982456140352)",1,96.29385964912298,48938
"(0.6798245614035088, 0.9692982456140352)",1,96.29385964912298,48939
"(0.912280701754386, 0.9692982456140352)",1,96.29385964912298,48940
"(0.7719298245614035, 0.9692982456140352)",1,96.29385964912298,48941
"(0.8377192982456141, 0.9692982456140352)",1,96.29385964912298,48942
"(0.5964912280701754, 0.9692982456140352)",1,96.29385964912298,48943
"(0.8728070175438597, 0.9692982456140352)",3,96.29385964912298,48946
"(0.868421052631579, 0.9692982456140352)",1,96.29385964912298,48947
"(0.7763157894736842, 0.9692982456140352)",1,96.29385964912296,48948
"(0.8947368421052632, 0.9692982456140352)",3,96.29385964912296,48951
"(0.8903508771929824, 0.9692982456140352)",1,96.29385964912296,48952
"(0.8947368421052632, 0.9605263157894736)",2,96.29385964912296,48954
"(0.881578947368421, 0.9736842105263158)",2,96.29385964912277,48956
"(0.868421052631579, 0.9736842105263158)",1,96.29385964912277,48957
"(0.8771929824561403, 0.9736842105263158)",1,96.29385964912277,48958
"(0.7850877192982456, 0.9736842105263158)",1,96.29385964912277,48959
"(0.5394736842105263, 0.9736842105263158)",3,96.29385964912277,48962
"(0.8026315789473685, 0.9736842105263158)",2,96.29385964912277,48964
"(0.7149122807017544, 0.9736842105263158)",3,96.29385964912274,48967
"(0.7719298245614035, 0.9649122807017544)",1,96.29385964912274,48968
"(0.8552631578947368, 0.9649122807017544)",1,96.29385964912274,48969
"(0.9166666666666666, 0.9736842105263158)",1,96.29385964912274,48970
"(0.6675, 0.9875)",1,96.29375,48971
"(0.45125, 0.98875)",1,96.29374999999986,48972
"(0.7925675675675675, 0.9736486486486486)",2,96.29290540540538,48974
"(0.8462837837837838, 0.9756756756756756)",1,96.29290540540534,48975
"(0.9214285714285714, 0.9714285714285714)",1,96.29285714285724,48976
"(0.9464285714285714, 0.9607142857142856)",1,96.2928571428572,48977
"(0.9392857142857144, 0.9607142857142856)",1,96.29285714285716,48978
"(0.9535714285714286, 0.9607142857142856)",3,96.29285714285716,48981
"(0.9607142857142856, 0.9714285714285714)",1,96.29285714285716,48982
"(0.8535714285714285, 0.9714285714285714)",1,96.29285714285714,48983
"(0.9607142857142856, 0.9678571428571427)",1,96.2928571428571,48984
"(0.9535714285714286, 0.9678571428571427)",1,96.29285714285707,48985
"(0.9607142857142856, 0.9678571428571427)",3,96.29285714285707,48988
"(0.9142857142857144, 0.9678571428571427)",1,96.29285714285707,48989
"(0.8964285714285715, 0.975)",1,96.29285714285702,48990
"(0.50375, 0.99625)",1,96.29250000000012,48991
"(0.4768939393939393, 0.993560606060606)",3,96.2924242424244,48994
"(0.9111486486486486, 0.9783783783783784)",1,96.29222972972973,48995
"(0.635472972972973, 0.970945945945946)",1,96.29222972972966,48996
"(0.75, 0.9861111111111112)",1,96.29166666666686,48997
"(0.8194444444444444, 0.9861111111111112)",4,96.29166666666686,49001
"(0.9027777777777778, 0.9722222222222222)",2,96.29166666666684,49003
"(0.8611111111111112, 0.9722222222222222)",1,96.29166666666684,49004
"(0.8333333333333334, 0.9722222222222222)",1,96.29166666666684,49005
"(0.8472222222222222, 0.9722222222222222)",3,96.29166666666684,49008
"(0.875, 0.9722222222222222)",1,96.29166666666684,49009
"(0.6944444444444444, 0.9722222222222222)",2,96.29166666666684,49011
"(0.8194444444444444, 0.9722222222222222)",2,96.29166666666684,49013
"(0.7777777777777778, 0.9722222222222222)",1,96.29166666666684,49014
"(0.5, 0.9722222222222222)",2,96.29166666666684,49016
"(0.7361111111111112, 0.9722222222222222)",1,96.29166666666684,49017
"(0.9708333333333332, 0.9958333333333332)",1,96.29166666666676,49018
"(0.9375, 0.9958333333333332)",1,96.29166666666674,49019
"(0.9916666666666668, 0.9958333333333332)",1,96.29166666666671,49020
"(0.9833333333333332, 0.9958333333333332)",2,96.2916666666667,49022
"(0.8125, 0.9833333333333332)",1,96.29166666666669,49023
"(0.95, 0.9958333333333332)",2,96.29166666666669,49025
"(0.75, 1.0)",1,96.29166666666669,49026
"(0.8055555555555556, 1.0)",1,96.29166666666666,49027
"(0.7638888888888888, 1.0)",1,96.29166666666666,49028
"(0.9135135135135136, 0.9689189189189188)",1,96.29155405405407,49029
"(0.59875, 0.98875)",3,96.29124999999988,49032
"(0.6847972972972973, 0.9743243243243244)",2,96.2912162162162,49034
"(0.552027027027027, 0.9777027027027028)",1,96.29121621621614,49035
"(0.8953488372093024, 0.9767441860465116)",1,96.29069767441872,49036
"(0.7906976744186046, 0.9767441860465116)",1,96.29069767441872,49037
"(0.9651162790697676, 0.9767441860465116)",1,96.2906976744187,49038
"(0.8023255813953488, 0.9767441860465116)",1,96.2906976744187,49039
"(0.8604651162790697, 0.9767441860465116)",1,96.2906976744187,49040
"(0.9302325581395348, 0.9651162790697676)",1,96.29069767441844,49041
"(0.8953488372093024, 0.9651162790697676)",12,96.29069767441844,49053
"(0.8372093023255814, 0.9651162790697676)",6,96.29069767441844,49059
"(0.8604651162790697, 0.9651162790697676)",5,96.29069767441844,49064
"(0.8255813953488372, 0.9651162790697676)",1,96.29069767441844,49065
"(0.872093023255814, 0.9651162790697676)",1,96.29069767441844,49066
"(0.8488372093023255, 0.9651162790697676)",2,96.29069767441844,49068
"(0.9186046511627908, 0.9651162790697676)",1,96.29069767441842,49069
"(0.635472972972973, 0.9766891891891892)",1,96.29054054054043,49070
"(0.8608108108108108, 0.9736486486486486)",2,96.29020270270269,49072
"(0.8712837837837838, 0.9763513513513512)",1,96.2902027027026,49073
"(0.7912162162162162, 0.977027027027027)",1,96.29020270270256,49074
"(0.353030303030303, 0.9988636363636364)",3,96.29015151515156,49077
"(0.51, 0.995)",1,96.29000000000018,49078
"(0.8289473684210527, 0.9692982456140352)",3,96.28947368421068,49081
"(0.912280701754386, 0.9692982456140352)",1,96.28947368421068,49082
"(0.8377192982456141, 0.9692982456140352)",1,96.28947368421068,49083
"(0.8508771929824561, 0.9692982456140352)",1,96.28947368421068,49084
"(0.8991228070175439, 0.9692982456140352)",1,96.28947368421068,49085
"(0.6929824561403509, 0.9692982456140352)",2,96.28947368421068,49087
"(0.8070175438596491, 0.9692982456140352)",3,96.28947368421068,49090
"(0.7719298245614035, 0.9692982456140352)",2,96.28947368421068,49092
"(0.7719298245614035, 0.9736842105263158)",1,96.28947368421048,49093
"(0.4605263157894737, 0.9736842105263158)",1,96.28947368421046,49094
"(0.9166666666666666, 0.9736842105263158)",1,96.28947368421046,49095
"(0.868421052631579, 0.9736842105263158)",2,96.28947368421046,49097
"(0.9078947368421052, 0.9736842105263158)",1,96.28947368421046,49098
"(0.8771929824561403, 0.9736842105263158)",1,96.28947368421046,49099
"(0.8289473684210527, 0.9649122807017544)",3,96.28947368421046,49102
"(0.8026315789473685, 0.9736842105263158)",1,96.28947368421046,49103
"(0.5333333333333333, 0.9840909090909092)",1,96.289393939394,49104
"(0.3325757575757576, 0.9867424242424242)",1,96.28939393939392,49105
"(0.9321428571428572, 0.9607142857142856)",1,96.28928571428575,49106
"(0.9642857142857144, 0.9607142857142856)",1,96.28928571428573,49107
"(0.95, 0.9678571428571427)",3,96.28928571428568,49110
"(0.9785714285714284, 0.9571428571428572)",1,96.28928571428568,49111
"(0.9571428571428572, 0.9678571428571427)",3,96.28928571428568,49114
"(0.9607142857142856, 0.9678571428571427)",1,96.28928571428568,49115
"(0.8071428571428572, 0.9678571428571427)",1,96.28928571428564,49116
"(0.9607142857142856, 0.9642857142857144)",3,96.28928571428555,49119
"(0.9037162162162162, 0.977027027027027)",1,96.2891891891892,49120
"(0.4340909090909091, 0.9965909090909092)",1,96.28901515151507,49121
"(0.4753787878787879, 0.999621212121212)",1,96.28787878787882,49122
"(0.6905405405405406, 0.9773648648648648)",1,96.2878378378378,49123
"(0.4534090909090909, 0.993560606060606)",3,96.28750000000016,49126
"(0.9708333333333332, 0.9958333333333332)",2,96.28750000000014,49128
"(0.9791666666666666, 0.9958333333333332)",1,96.28750000000008,49129
"(0.9916666666666668, 0.9958333333333332)",2,96.28750000000004,49131
"(0.9708333333333332, 0.9958333333333332)",1,96.28750000000002,49132
"(0.9875, 0.9958333333333332)",1,96.28750000000002,49133
"(0.85, 0.975)",1,96.28749999999988,49134
"(0.775, 0.975)",1,96.28749999999988,49135
"(0.9, 0.975)",2,96.28749999999988,49137
"(0.9, 0.975)",1,96.28749999999988,49138
"(0.7875, 0.9763513513513512)",1,96.28716216216212,49139
"(0.8297297297297297, 0.975)",1,96.28648648648644,49140
"(0.8297297297297297, 0.9760135135135136)",1,96.28648648648644,49141
"(0.5075, 0.9975)",1,96.28625000000014,49142
"(0.65, 0.9875)",1,96.2862499999999,49143
"(0.8260135135135135, 0.975)",1,96.28614864864858,49144
"(0.740530303030303, 1.0)",3,96.28598484848484,49147
"(0.5489864864864865, 0.9780405405405406)",1,96.28581081081091,49148
"(0.5179054054054054, 0.9777027027027028)",1,96.28581081081072,49149
"(0.9607142857142856, 0.9607142857142856)",1,96.28571428571436,49150
"(0.95, 0.9607142857142856)",1,96.28571428571436,49151
"(0.8857142857142857, 0.9607142857142856)",1,96.2857142857143,49152
"(0.9321428571428572, 0.9607142857142856)",1,96.2857142857143,49153
"(0.4285714285714285, 0.9714285714285714)",1,96.28571428571428,49154
"(0.9428571428571428, 0.9678571428571427)",1,96.28571428571428,49155
"(0.9571428571428572, 0.9678571428571427)",1,96.28571428571426,49156
"(0.9392857142857144, 0.9678571428571427)",1,96.28571428571426,49157
"(0.9535714285714286, 0.9678571428571427)",3,96.28571428571423,49160
"(0.875, 0.9678571428571427)",1,96.28571428571423,49161
"(0.95, 0.9678571428571427)",1,96.28571428571422,49162
"(0.9357142857142856, 0.9678571428571427)",2,96.2857142857142,49164
"(0.8785714285714286, 0.9642857142857144)",1,96.28571428571416,49165
"(0.925, 0.975)",1,96.28571428571416,49166
"(0.9642857142857144, 0.975)",1,96.28571428571416,49167
"(0.9678571428571427, 0.975)",1,96.28571428571414,49168
"(0.8033783783783783, 0.9733108108108108)",2,96.285472972973,49170
"(0.5773648648648648, 0.9722972972972972)",1,96.28513513513516,49171
"(0.8584459459459459, 0.9733108108108108)",1,96.28513513513516,49172
"(0.7469594594594594, 0.9743243243243244)",1,96.28513513513514,49173
"(0.8327702702702703, 0.9777027027027028)",1,96.28513513513508,49174
"(0.7456140350877193, 0.9692982456140352)",1,96.28508771929842,49175
"(0.5307017543859649, 0.9692982456140352)",3,96.28508771929842,49178
"(0.6754385964912281, 0.9692982456140352)",1,96.28508771929842,49179
"(0.8508771929824561, 0.9692982456140352)",3,96.28508771929842,49182
"(0.8333333333333334, 0.9692982456140352)",1,96.28508771929842,49183
"(0.8903508771929824, 0.9692982456140352)",1,96.28508771929842,49184
"(0.8070175438596491, 0.9692982456140352)",1,96.28508771929842,49185
"(0.868421052631579, 0.9692982456140352)",3,96.2850877192984,49188
"(0.8947368421052632, 0.9692982456140352)",1,96.2850877192984,49189
"(0.8596491228070176, 0.9736842105263158)",2,96.2850877192982,49191
"(0.793859649122807, 0.9649122807017544)",1,96.2850877192982,49192
"(0.8552631578947368, 0.9736842105263158)",1,96.2850877192982,49193
"(0.8421052631578947, 0.9736842105263158)",1,96.2850877192982,49194
"(0.881578947368421, 0.9736842105263158)",3,96.28508771929818,49197
"(0.8596491228070176, 0.9736842105263158)",1,96.28508771929818,49198
"(0.8552631578947368, 0.9649122807017544)",1,96.28508771929818,49199
"(0.5175, 0.99125)",1,96.28500000000012,49200
"(0.4897727272727272, 0.9950757575757576)",3,96.28484848484862,49203
"(0.4670454545454545, 1.0)",3,96.28484848484848,49206
"(0.5939189189189189, 0.9753378378378378)",1,96.28479729729726,49207
"(0.8672297297297298, 0.975)",1,96.28479729729725,49208
"(0.7283783783783784, 0.972972972972973)",1,96.28445945945946,49209
"(0.4132575757575757, 1.0)",1,96.28409090909092,49210
"(0.5337121212121212, 0.987121212121212)",1,96.28409090909086,49211
"(0.50375, 0.99125)",2,96.28374999999993,49213
"(0.9916666666666668, 0.9958333333333332)",1,96.28333333333342,49214
"(0.2875, 0.9984848484848484)",1,96.28333333333342,49215
"(0.975, 0.9958333333333332)",1,96.28333333333342,49216
"(0.9166666666666666, 0.9833333333333332)",1,96.2833333333334,49217
"(0.975, 0.9958333333333332)",1,96.2833333333334,49218
"(0.9833333333333332, 0.9958333333333332)",2,96.2833333333334,49220
"(0.465530303030303, 0.999621212121212)",1,96.28333333333336,49221
"(0.975, 0.9958333333333332)",2,96.28333333333336,49223
"(0.9333333333333332, 1.0)",1,96.28333333333332,49224
"(0.9833333333333332, 1.0)",1,96.28333333333332,49225
"(0.9958333333333332, 1.0)",2,96.28333333333327,49227
"(0.459469696969697, 0.9962121212121212)",2,96.28295454545464,49229
"(0.6068181818181818, 1.0)",3,96.28257575757578,49232
"(0.9357142857142856, 0.9607142857142856)",1,96.282142857143,49233
"(0.9535714285714286, 0.9607142857142856)",1,96.28214285714296,49234
"(0.9178571428571428, 0.9714285714285714)",1,96.28214285714292,49235
"(0.9642857142857144, 0.9607142857142856)",1,96.28214285714289,49236
"(0.9428571428571428, 0.9714285714285714)",1,96.28214285714286,49237
"(0.9285714285714286, 0.9678571428571427)",1,96.28214285714284,49238
"(0.9214285714285714, 0.9642857142857144)",3,96.28214285714272,49241
"(0.5273648648648649, 0.972972972972973)",2,96.2820945945946,49243
"(0.7051282051282052, 0.9743589743589745)",1,96.28205128205153,49244
"(0.6025641025641025, 0.9743589743589745)",1,96.28205128205153,49245
"(0.8076923076923077, 0.9743589743589745)",4,96.28205128205153,49249
"(0.717948717948718, 0.9743589743589745)",1,96.28205128205153,49250
"(0.3974358974358974, 0.9871794871794872)",1,96.2820512820514,49251
"(0.7307692307692307, 0.9871794871794872)",2,96.2820512820514,49253
"(0.8439189189189189, 0.9702702702702702)",1,96.28175675675683,49254
"(0.8952702702702703, 0.9719594594594596)",1,96.2817567567568,49255
"(0.8216216216216217, 0.9746621621621622)",1,96.28175675675668,49256
"(0.4871212121212121, 0.9981060606060606)",1,96.2814393939394,49257
"(0.7256756756756757, 0.9760135135135136)",1,96.28141891891887,49258
"(0.7875, 0.9689189189189188)",2,96.28108108108106,49260
"(0.6685606060606061, 1.0)",1,96.28106060606062,49261
"(0.5179054054054054, 0.9783783783783784)",1,96.28074324324326,49262
"(0.6578947368421053, 0.9692982456140352)",1,96.28070175438614,49263
"(0.8157894736842105, 0.9692982456140352)",3,96.28070175438614,49266
"(0.7719298245614035, 0.9692982456140352)",1,96.28070175438611,49267
"(0.8026315789473685, 0.9692982456140352)",1,96.28070175438611,49268
"(0.7894736842105263, 0.9692982456140352)",1,96.28070175438611,49269
"(0.9429824561403508, 0.9692982456140352)",1,96.28070175438611,49270
"(0.8596491228070176, 0.9692982456140352)",3,96.28070175438611,49273
"(0.868421052631579, 0.9692982456140352)",1,96.28070175438611,49274
"(0.8114035087719298, 0.9692982456140352)",1,96.28070175438611,49275
"(0.868421052631579, 0.9736842105263158)",1,96.28070175438592,49276
"(0.4736842105263157, 0.9736842105263158)",1,96.28070175438592,49277
"(0.881578947368421, 0.9736842105263158)",2,96.2807017543859,49279
"(0.7456140350877193, 0.9736842105263158)",1,96.2807017543859,49280
"(0.8552631578947368, 0.9736842105263158)",1,96.2807017543859,49281
"(0.8771929824561403, 0.9736842105263158)",1,96.2807017543859,49282
"(0.9078947368421052, 0.9736842105263158)",1,96.2807017543859,49283
"(0.925438596491228, 0.9649122807017544)",1,96.28070175438587,49284
"(0.868421052631579, 0.9649122807017544)",1,96.28070175438587,49285
"(0.8510135135135135, 0.975)",1,96.28040540540532,49286
"(0.6037162162162162, 0.9743243243243244)",1,96.2800675675676,49287
"(0.6310810810810811, 0.9763513513513512)",1,96.28006756756756,49288
"(0.8324324324324325, 0.9773648648648648)",1,96.28006756756751,49289
"(0.8513513513513513, 0.9773648648648648)",1,96.2800675675675,49290
"(0.485, 0.98375)",1,96.27999999999996,49291
"(0.485, 0.99125)",1,96.27999999999984,49292
"(0.7283783783783784, 0.9763513513513512)",1,96.27972972972968,49293
"(0.789527027027027, 0.9773648648648648)",1,96.27972972972968,49294
"(0.9916666666666668, 0.9958333333333332)",1,96.27916666666675,49295
"(0.9708333333333332, 0.9958333333333332)",1,96.27916666666673,49296
"(0.9708333333333332, 0.9958333333333332)",1,96.2791666666667,49297
"(0.4556818181818182, 0.9992424242424244)",1,96.27916666666668,49298
"(0.6976744186046512, 0.9767441860465116)",1,96.27906976744195,49299
"(0.7325581395348837, 0.9767441860465116)",1,96.27906976744195,49300
"(0.5465116279069767, 0.9767441860465116)",1,96.27906976744195,49301
"(0.8604651162790697, 0.9767441860465116)",1,96.27906976744195,49302
"(0.8837209302325582, 0.9767441860465116)",1,96.27906976744195,49303
"(0.8372093023255814, 0.9767441860465116)",3,96.27906976744195,49306
"(0.9302325581395348, 0.9651162790697676)",2,96.2790697674417,49308
"(0.7325581395348837, 0.9651162790697676)",2,96.2790697674417,49310
"(0.8372093023255814, 0.9651162790697676)",7,96.2790697674417,49317
"(0.8604651162790697, 0.9651162790697676)",3,96.2790697674417,49320
"(0.8953488372093024, 0.9651162790697676)",5,96.2790697674417,49325
"(0.872093023255814, 0.9651162790697676)",3,96.2790697674417,49328
"(0.8488372093023255, 0.9651162790697676)",3,96.2790697674417,49331
"(0.6046511627906976, 0.9651162790697676)",1,96.2790697674417,49332
"(0.9767441860465116, 0.9651162790697676)",1,96.27906976744168,49333
"(0.872093023255814, 0.9651162790697676)",1,96.27906976744168,49334
"(0.8604651162790697, 0.9651162790697676)",3,96.27906976744168,49337
"(0.6744186046511628, 0.9651162790697676)",1,96.27906976744168,49338
"(0.7906976744186046, 0.9651162790697676)",1,96.27906976744168,49339
"(0.7906976744186046, 0.9651162790697676)",1,96.27906976744168,49340
"(0.5155405405405405, 0.9797297297297296)",1,96.27905405405409,49341
"(0.5216216216216216, 0.9763513513513512)",1,96.279054054054,49342
"(0.505, 0.9975)",1,96.27875000000012,49343
"(0.67125, 0.99)",1,96.27875,49344
"(0.8135135135135135, 0.9689189189189188)",2,96.27871621621632,49346
"(0.925, 0.9607142857142856)",1,96.2785714285715,49347
"(0.9678571428571427, 0.9714285714285714)",1,96.27857142857148,49348
"(0.9535714285714286, 0.9714285714285714)",1,96.27857142857144,49349
"(0.9392857142857144, 0.9678571428571427)",1,96.27857142857142,49350
"(0.9285714285714286, 0.9785714285714284)",1,96.2785714285714,49351
"(0.9357142857142856, 0.9678571428571427)",2,96.2785714285714,49353
"(0.9607142857142856, 0.9785714285714284)",1,96.27857142857135,49354
"(0.875, 0.9678571428571427)",1,96.27857142857135,49355
"(0.3632575757575758, 0.9988636363636364)",1,96.27840909090914,49356
"(0.839527027027027, 0.9787162162162162)",1,96.2783783783784,49357
"(0.635472972972973, 0.9766891891891892)",1,96.27837837837832,49358
"(0.5307432432432433, 0.9722972972972972)",1,96.2780405405406,49359
"(0.8493243243243244, 0.9733108108108108)",1,96.27804054054047,49360
"(0.3401515151515151, 1.0)",1,96.2780303030303,49361
"(0.4462121212121212, 0.9856060606060606)",1,96.27803030303023,49362
"(0.8472222222222222, 0.9861111111111112)",1,96.27777777777796,49363
"(0.9722222222222222, 0.9861111111111112)",1,96.27777777777796,49364
"(0.7916666666666666, 0.9722222222222222)",2,96.27777777777796,49366
"(0.8194444444444444, 0.9722222222222222)",1,96.27777777777796,49367
"(0.8194444444444444, 0.9861111111111112)",1,96.27777777777796,49368
"(0.8333333333333334, 0.9722222222222222)",2,96.27777777777796,49370
"(0.875, 0.9722222222222222)",2,96.27777777777796,49372
"(0.5, 0.9722222222222222)",2,96.27777777777796,49374
"(0.8194444444444444, 1.0)",2,96.27777777777776,49376
"(0.51625, 0.99125)",1,96.27749999999985,49377
"(0.735472972972973, 0.9746621621621622)",1,96.27736486486484,49378
"(0.5773648648648648, 0.9783783783783784)",1,96.2773648648648,49379
"(0.5257575757575758, 0.9928030303030304)",1,96.27727272727276,49380
"(0.6268939393939394, 1.0)",1,96.27727272727272,49381
"(0.595945945945946, 0.9763513513513512)",1,96.277027027027,49382
"(0.847972972972973, 0.975)",1,96.27702702702696,49383
"(0.9429824561403508, 0.9692982456140352)",1,96.27631578947386,49384
"(0.6578947368421053, 0.9692982456140352)",1,96.27631578947386,49385
"(0.8596491228070176, 0.9692982456140352)",1,96.27631578947384,49386
"(0.9078947368421052, 0.9605263157894736)",1,96.27631578947384,49387
"(0.8947368421052632, 0.9605263157894736)",3,96.27631578947384,49390
"(0.8245614035087719, 0.9692982456140352)",1,96.27631578947384,49391
"(0.9166666666666666, 0.9736842105263158)",1,96.27631578947364,49392
"(0.8640350877192983, 0.9736842105263158)",1,96.27631578947364,49393
"(0.4605263157894737, 0.9736842105263158)",1,96.27631578947364,49394
"(0.9035087719298246, 0.9736842105263158)",1,96.27631578947364,49395
"(0.8640350877192983, 0.9649122807017544)",1,96.27631578947364,49396
"(0.8991228070175439, 0.9736842105263158)",1,96.27631578947364,49397
"(0.7149122807017544, 0.9736842105263158)",1,96.27631578947364,49398
"(0.4824561403508772, 0.9736842105263158)",3,96.27631578947364,49401
"(0.4736842105263157, 0.9736842105263158)",1,96.27631578947364,49402
"(0.9210526315789472, 0.9736842105263158)",2,96.27631578947364,49404
"(0.8157894736842105, 0.9649122807017544)",1,96.2763157894736,49405
"(0.8464912280701754, 0.9736842105263158)",2,96.2763157894736,49407
"(0.4518939393939394, 0.999621212121212)",1,96.27575757575762,49408
"(0.5121621621621621, 0.9783783783783784)",1,96.27567567567569,49409
"(0.9162162162162162, 0.972972972972973)",2,96.27533783783788,49411
"(0.9111486486486486, 0.9780405405405406)",2,96.27533783783784,49413
"(0.735472972972973, 0.9743243243243244)",1,96.27533783783784,49414
"(0.95, 0.9607142857142856)",1,96.2750000000001,49415
"(0.9916666666666668, 0.9958333333333332)",1,96.27500000000008,49416
"(0.9428571428571428, 0.9607142857142856)",1,96.27500000000008,49417
"(0.4975, 1.0)",1,96.27500000000008,49418
"(0.9791666666666666, 0.9958333333333332)",1,96.27500000000006,49419
"(0.615, 0.9775)",1,96.27500000000006,49420
"(0.9875, 0.9958333333333332)",1,96.27500000000003,49421
"(0.9833333333333332, 0.9958333333333332)",1,96.27500000000003,49422
"(0.5890151515151515, 0.9988636363636364)",1,96.27500000000003,49423
"(0.9571428571428572, 0.9607142857142856)",3,96.27500000000002,49426
"(0.5, 0.98375)",1,96.275,49427
"(0.9607142857142856, 0.9678571428571427)",2,96.27499999999996,49429
"(0.2401515151515151, 0.9882575757575758)",1,96.27499999999996,49430
"(0.9607142857142856, 0.9642857142857144)",1,96.27499999999992,49431
"(0.5570945945945946, 0.975)",1,96.27499999999992,49432
"(0.4875, 0.975)",1,96.27499999999988,49433
"(0.8625, 0.975)",2,96.27499999999988,49435
"(0.9642857142857144, 0.9535714285714286)",3,96.27499999999988,49438
"(0.75, 0.975)",1,96.27499999999988,49439
"(0.775, 0.975)",1,96.27499999999988,49440
"(0.8375, 0.975)",2,96.27499999999986,49442
"(0.9, 0.975)",1,96.27499999999986,49443
"(0.6375, 0.975)",1,96.27499999999986,49444
"(0.4925, 0.9875)",3,96.27499999999984,49447
"(0.5489864864864865, 0.9780405405405406)",1,96.27466216216226,49448
"(0.8891891891891892, 0.970945945945946)",2,96.27466216216216,49450
"(0.5567567567567567, 0.9719594594594596)",1,96.27466216216214,49451
"(0.5939189189189189, 0.9743243243243244)",1,96.27466216216212,49452
"(0.4606060606060606, 1.0)",1,96.27462121212122,49453
"(0.533445945945946, 0.9722972972972972)",1,96.27398648648656,49454
"(0.4431818181818182, 0.999621212121212)",1,96.27386363636369,49455
"(0.50375, 0.99)",2,96.27375,49457
"(0.839527027027027, 0.975)",2,96.2733108108108,49459
"(0.8033783783783783, 0.9753378378378378)",2,96.2733108108108,49461
"(0.4829545454545454, 0.9984848484848484)",1,96.27310606060612,49462
"(0.5481060606060606, 1.0)",1,96.27310606060608,49463
"(0.5503378378378379, 0.9760135135135136)",1,96.27297297297288,49464
"(0.9162162162162162, 0.9743243243243244)",1,96.2726351351352,49465
"(0.7763513513513514, 0.9780405405405406)",1,96.27263513513512,49466
"(0.50875, 0.99375)",1,96.27250000000006,49467
"(0.66375, 0.98375)",1,96.27250000000004,49468
"(0.5034090909090909, 0.9928030303030304)",3,96.27196969696986,49471
"(0.5371212121212121, 1.0)",3,96.2719696969697,49474
"(0.8640350877192983, 0.9692982456140352)",1,96.27192982456158,49475
"(0.8289473684210527, 0.9692982456140352)",1,96.27192982456158,49476
"(0.8201754385964912, 0.9692982456140352)",1,96.27192982456155,49477
"(0.6535087719298246, 0.9692982456140352)",1,96.27192982456155,49478
"(0.8903508771929824, 0.9692982456140352)",1,96.27192982456155,49479
"(0.7236842105263158, 0.9692982456140352)",3,96.27192982456155,49482
"(0.881578947368421, 0.9692982456140352)",3,96.27192982456155,49485
"(0.5570175438596491, 0.9736842105263158)",1,96.27192982456135,49486
"(0.7105263157894737, 0.9736842105263158)",1,96.27192982456135,49487
"(0.9298245614035088, 0.9736842105263158)",3,96.27192982456135,49490
"(0.5350877192982456, 0.9736842105263158)",3,96.27192982456134,49493
"(0.868421052631579, 0.9736842105263158)",1,96.27192982456134,49494
"(0.9078947368421052, 0.9736842105263158)",1,96.27192982456134,49495
"(0.8552631578947368, 0.9736842105263158)",1,96.27192982456134,49496
"(0.8596491228070176, 0.9649122807017544)",3,96.27192982456133,49499
"(0.3318181818181818, 0.9992424242424244)",1,96.27159090909092,49500
"(0.6681818181818182, 1.0)",1,96.2715909090909,49501
"(0.9214285714285714, 0.9607142857142856)",1,96.27142857142864,49502
"(0.8571428571428571, 0.9607142857142856)",1,96.27142857142864,49503
"(0.9607142857142856, 0.9678571428571427)",1,96.27142857142856,49504
"(0.9392857142857144, 0.9678571428571427)",1,96.27142857142854,49505
"(0.9607142857142856, 0.9678571428571427)",1,96.27142857142852,49506
"(0.9464285714285714, 0.9642857142857144)",1,96.27142857142849,49507
"(0.9714285714285714, 0.975)",1,96.27142857142849,49508
"(0.6280405405405406, 0.970945945945946)",1,96.2712837837838,49509
"(0.5847972972972973, 0.9763513513513512)",1,96.27128378378376,49510
"(0.55, 0.98625)",1,96.27125,49511
"(0.6337121212121212, 0.9992424242424244)",1,96.27121212121214,49512
"(0.5412878787878788, 1.0)",1,96.27121212121212,49513
"(0.8445945945945946, 0.9736486486486486)",2,96.27094594594595,49515
"(0.9875, 0.9958333333333332)",1,96.27083333333344,49516
"(0.9791666666666666, 0.9958333333333332)",2,96.27083333333344,49518
"(0.9916666666666668, 0.9958333333333332)",1,96.2708333333334,49519
"(0.9875, 0.9958333333333332)",1,96.2708333333334,49520
"(0.8916666666666667, 0.9875)",1,96.2708333333332,49521
"(0.5800675675675676, 0.9777027027027028)",1,96.27060810810804,49522
"(0.7807432432432433, 0.9746621621621622)",1,96.27027027027026,49523
"(0.7469594594594594, 0.9766891891891892)",1,96.27027027027025,49524
"(0.5075, 0.9925)",1,96.27000000000004,49525
"(0.51375, 0.97375)",1,96.27000000000002,49526
"(0.59, 0.98875)",1,96.26999999999995,49527
"(0.48375, 0.99125)",3,96.26999999999984,49530
"(0.2268939393939394, 1.0)",1,96.26969696969698,49531
"(0.4636363636363636, 1.0)",1,96.26969696969698,49532
"(0.4583333333333333, 1.0)",3,96.26969696969698,49535
"(0.8462837837837838, 0.979054054054054)",1,96.26959459459464,49536
"(0.2352272727272727, 0.9988636363636364)",1,96.2693181818182,49537
"(0.8162162162162162, 0.9743243243243244)",1,96.26925675675672,49538
"(0.717948717948718, 0.9743589743589745)",3,96.269230769231,49541
"(0.7435897435897436, 0.9743589743589745)",3,96.269230769231,49544
"(0.7051282051282052, 0.9743589743589745)",1,96.269230769231,49545
"(0.782051282051282, 0.9743589743589745)",1,96.269230769231,49546
"(0.5512820512820513, 0.9871794871794872)",2,96.2692307692309,49548
"(0.7307692307692307, 0.9871794871794872)",1,96.2692307692309,49549
"(0.6794871794871795, 1.0)",1,96.26923076923076,49550
"(0.6391891891891892, 0.979391891891892)",1,96.26891891891898,49551
"(0.8263513513513514, 0.9780405405405406)",1,96.26891891891891,49552
"(0.9037162162162162, 0.9736486486486486)",2,96.26858108108108,49554
"(0.6681818181818182, 1.0)",3,96.2685606060606,49557
"(0.5390151515151516, 0.993939393939394)",3,96.268181818182,49560
"(0.7429054054054054, 0.9689189189189188)",1,96.26790540540544,49561
"(0.9035714285714286, 0.9714285714285714)",2,96.26785714285722,49563
"(0.9642857142857144, 0.9607142857142856)",1,96.2678571428572,49564
"(0.9392857142857144, 0.9678571428571427)",1,96.26785714285714,49565
"(0.8928571428571429, 0.9678571428571427)",1,96.26785714285712,49566
"(0.9285714285714286, 0.9642857142857144)",1,96.26785714285708,49567
"(0.925, 0.975)",1,96.26785714285704,49568
"(0.8892857142857142, 0.9678571428571427)",1,96.26785714285704,49569
"(0.9571428571428572, 0.975)",1,96.26785714285698,49570
"(0.7996621621621621, 0.9753378378378378)",1,96.26756756756758,49571
"(0.5891891891891892, 0.977027027027027)",1,96.26756756756753,49572
"(0.8640350877192983, 0.9692982456140352)",1,96.2675438596493,49573
"(0.8201754385964912, 0.9692982456140352)",1,96.2675438596493,49574
"(0.6447368421052632, 0.9692982456140352)",1,96.2675438596493,49575
"(0.6929824561403509, 0.9692982456140352)",3,96.2675438596493,49578
"(0.8903508771929824, 0.9692982456140352)",1,96.2675438596493,49579
"(0.6578947368421053, 0.9692982456140352)",1,96.2675438596493,49580
"(0.9429824561403508, 0.9692982456140352)",1,96.2675438596493,49581
"(0.8596491228070176, 0.9692982456140352)",3,96.2675438596493,49584
"(0.8464912280701754, 0.9605263157894736)",1,96.26754385964928,49585
"(0.9078947368421052, 0.9912280701754386)",3,96.26754385964912,49588
"(0.6929824561403509, 0.9912280701754386)",1,96.26754385964908,49589
"(0.6885964912280702, 0.9736842105263158)",1,96.26754385964908,49590
"(0.8552631578947368, 0.9736842105263158)",1,96.26754385964908,49591
"(0.8070175438596491, 0.9649122807017544)",1,96.26754385964908,49592
"(0.7412280701754386, 0.9736842105263158)",1,96.26754385964908,49593
"(0.4605263157894737, 0.9736842105263158)",3,96.26754385964908,49596
"(0.9298245614035088, 0.9736842105263158)",2,96.26754385964904,49598
"(0.6535087719298246, 0.9649122807017544)",1,96.26754385964904,49599
"(0.3023255813953488, 0.9767441860465116)",1,96.26744186046524,49600
"(0.7558139534883721, 0.9767441860465116)",1,96.26744186046524,49601
"(0.8604651162790697, 0.9767441860465116)",2,96.26744186046524,49603
"(0.8023255813953488, 0.9767441860465116)",1,96.26744186046524,49604
"(0.9651162790697676, 0.9767441860465116)",1,96.26744186046524,49605
"(0.7674418604651163, 0.9767441860465116)",1,96.26744186046524,49606
"(0.5465116279069767, 0.9767441860465116)",1,96.26744186046524,49607
"(0.7906976744186046, 0.9767441860465116)",2,96.2674418604652,49609
"(0.8604651162790697, 0.9767441860465116)",1,96.2674418604652,49610
"(0.3023255813953488, 0.9767441860465116)",1,96.2674418604652,49611
"(0.8953488372093024, 0.9651162790697676)",3,96.26744186046496,49614
"(0.8604651162790697, 0.9651162790697676)",2,96.26744186046496,49616
"(0.7325581395348837, 0.9651162790697676)",1,96.26744186046496,49617
"(0.8837209302325582, 0.9651162790697676)",1,96.26744186046496,49618
"(0.872093023255814, 0.9651162790697676)",4,96.26744186046496,49622
"(0.8372093023255814, 0.9651162790697676)",3,96.26744186046496,49625
"(0.8255813953488372, 0.9651162790697676)",1,96.26744186046496,49626
"(0.7441860465116279, 0.9651162790697676)",2,96.26744186046494,49628
"(0.8953488372093024, 0.9651162790697676)",2,96.26744186046494,49630
"(0.8372093023255814, 0.9651162790697676)",3,96.26744186046494,49633
"(0.7906976744186046, 0.9651162790697676)",2,96.26744186046494,49635
"(0.8023255813953488, 0.9651162790697676)",2,96.26744186046494,49637
"(0.8604651162790697, 0.9651162790697676)",4,96.26744186046494,49641
"(0.872093023255814, 0.9651162790697676)",5,96.26744186046494,49646
"(0.9186046511627908, 0.9651162790697676)",1,96.26744186046494,49647
"(0.8837209302325582, 0.9651162790697676)",2,96.26744186046494,49649
"(0.813953488372093, 0.9651162790697676)",1,96.26744186046491,49650
"(0.847972972972973, 0.9739864864864864)",1,96.26722972972972,49651
"(0.4621212121212121, 0.9946969696969696)",3,96.26704545454558,49654
"(0.8043918918918919, 0.9773648648648648)",3,96.2668918918919,49657
"(0.9916666666666668, 0.9958333333333332)",1,96.26666666666677,49658
"(0.9875, 0.9958333333333332)",1,96.26666666666677,49659
"(0.9666666666666668, 0.9833333333333332)",2,96.26666666666674,49661
"(0.9958333333333332, 0.9958333333333332)",1,96.26666666666672,49662
"(0.9833333333333332, 0.9958333333333332)",1,96.2666666666667,49663
"(0.9333333333333332, 1.0)",1,96.26666666666668,49664
"(0.5155405405405405, 0.977027027027027)",2,96.266554054054,49666
"(0.51, 0.99625)",1,96.2662500000002,49667
"(0.525, 0.98875)",3,96.26624999999989,49670
"(0.9310810810810812, 0.9777027027027028)",3,96.26621621621624,49673
"(0.518581081081081, 0.9763513513513512)",1,96.26621621621618,49674
"(0.6905405405405406, 0.9753378378378378)",2,96.26587837837836,49676
"(0.8216216216216217, 0.9760135135135136)",1,96.26587837837836,49677
"(0.4079545454545454, 0.9837121212121211)",1,96.26553030303032,49678
"(0.6216216216216216, 0.9746621621621622)",1,96.26520270270272,49679
"(0.2488636363636363, 0.9958333333333332)",3,96.26515151515162,49682
"(0.5424242424242425, 1.0)",1,96.26515151515152,49683
"(0.47625, 0.9875)",1,96.26499999999996,49684
"(0.5216216216216216, 0.9722972972972972)",1,96.26486486486492,49685
"(0.3768939393939394, 0.9981060606060606)",1,96.26439393939395,49686
"(0.925, 0.9607142857142856)",1,96.26428571428582,49687
"(0.8928571428571429, 0.9607142857142856)",1,96.2642857142858,49688
"(0.8928571428571429, 0.9607142857142856)",2,96.26428571428578,49690
"(0.9357142857142856, 0.9714285714285714)",1,96.26428571428576,49691
"(0.9571428571428572, 0.9607142857142856)",1,96.26428571428576,49692
"(0.9642857142857144, 0.9607142857142856)",1,96.26428571428576,49693
"(0.9428571428571428, 0.9607142857142856)",3,96.26428571428576,49696
"(0.9428571428571428, 0.9607142857142856)",1,96.26428571428576,49697
"(0.8785714285714286, 0.9607142857142856)",3,96.26428571428576,49700
"(0.9607142857142856, 0.9678571428571427)",1,96.2642857142857,49701
"(0.9535714285714286, 0.9678571428571427)",1,96.2642857142857,49702
"(0.9107142857142856, 0.9678571428571427)",2,96.2642857142856,49704
"(0.8472972972972973, 0.9766891891891892)",1,96.26418918918915,49705
"(0.8194444444444444, 0.9861111111111112)",1,96.26388888888908,49706
"(0.875, 0.9722222222222222)",1,96.26388888888908,49707
"(0.8611111111111112, 0.9861111111111112)",1,96.26388888888908,49708
"(0.5277777777777778, 0.9861111111111112)",1,96.26388888888908,49709
"(0.7777777777777778, 0.9722222222222222)",1,96.26388888888906,49710
"(0.9166666666666666, 0.9722222222222222)",1,96.26388888888906,49711
"(0.9305555555555556, 0.9583333333333334)",1,96.2638888888888,49712
"(0.6881756756756757, 0.9783783783783784)",1,96.26385135135136,49713
"(0.5075, 0.9975)",1,96.26375000000012,49714
"(0.505, 0.99875)",1,96.26375000000009,49715
"(0.6, 0.9875)",1,96.26375000000004,49716
"(0.4965909090909091, 1.0)",1,96.2632575757576,49717
"(0.8728070175438597, 0.9692982456140352)",1,96.26315789473702,49718
"(0.8289473684210527, 0.9692982456140352)",3,96.26315789473702,49721
"(0.8289473684210527, 0.9692982456140352)",1,96.263157894737,49722
"(0.8552631578947368, 0.9692982456140352)",1,96.263157894737,49723
"(0.7324561403508771, 0.9692982456140352)",1,96.263157894737,49724
"(0.881578947368421, 0.9692982456140352)",1,96.263157894737,49725
"(0.868421052631579, 0.9692982456140352)",1,96.263157894737,49726
"(0.8728070175438597, 0.9692982456140352)",2,96.263157894737,49728
"(0.706140350877193, 0.9692982456140352)",3,96.263157894737,49731
"(0.8728070175438597, 0.9736842105263158)",1,96.2631578947368,49732
"(0.4736842105263157, 0.9736842105263158)",1,96.2631578947368,49733
"(0.868421052631579, 0.9736842105263158)",2,96.2631578947368,49735
"(0.9342105263157896, 0.9736842105263158)",1,96.2631578947368,49736
"(0.4824561403508772, 0.9736842105263158)",3,96.2631578947368,49739
"(0.8289473684210527, 0.9736842105263158)",2,96.26315789473678,49741
"(0.8903508771929824, 0.9736842105263158)",3,96.26315789473678,49744
"(0.8640350877192983, 0.9736842105263158)",1,96.26315789473678,49745
"(0.6096491228070176, 0.9736842105263158)",1,96.26315789473678,49746
"(0.912280701754386, 0.9736842105263158)",2,96.26315789473678,49748
"(0.9298245614035088, 0.9649122807017544)",1,96.26315789473678,49749
"(0.6929824561403509, 0.9649122807017544)",1,96.26315789473678,49750
"(0.793859649122807, 0.9649122807017544)",1,96.26315789473678,49751
"(0.7719298245614035, 0.9736842105263158)",1,96.26315789473678,49752
"(0.868421052631579, 0.9736842105263158)",3,96.26315789473678,49755
"(0.4556818181818182, 1.0)",1,96.26287878787883,49756
"(0.4632575757575757, 1.0)",1,96.2628787878788,49757
"(0.8780405405405406, 0.9739864864864864)",1,96.26283783783782,49758
"(0.9875, 0.9958333333333332)",1,96.26250000000014,49759
"(0.9875, 0.9958333333333332)",1,96.26250000000006,49760
"(0.9791666666666666, 0.9958333333333332)",1,96.26250000000006,49761
"(0.975, 0.9958333333333332)",1,96.26250000000005,49762
"(0.9791666666666666, 0.9958333333333332)",1,96.26250000000005,49763
"(0.9916666666666668, 0.9958333333333332)",1,96.26250000000005,49764
"(0.9458333333333332, 0.9958333333333332)",1,96.26250000000005,49765
"(0.9916666666666668, 0.9958333333333332)",1,96.26250000000002,49766
"(0.975, 1.0)",1,96.26249999999992,49767
"(0.875, 0.975)",1,96.26249999999987,49768
"(0.8875, 0.975)",1,96.26249999999987,49769
"(0.4875, 0.975)",1,96.26249999999986,49770
"(0.9125, 0.975)",2,96.26249999999986,49772
"(0.475, 0.975)",1,96.26249999999986,49773
"(0.825, 0.975)",1,96.26249999999986,49774
"(0.8472972972972973, 0.9780405405405406)",1,96.26216216216218,49775
"(0.5736486486486486, 0.9824324324324324)",1,96.26216216216211,49776
"(0.4886363636363636, 1.0)",3,96.2621212121212,49779
"(0.8875, 0.9716216216216216)",1,96.2614864864865,49780
"(0.61375, 0.985)",1,96.26125000000005,49781
"(0.67625, 0.9875)",1,96.2612499999999,49782
"(0.49875, 0.99)",1,96.26124999999986,49783
"(0.8091216216216216, 0.9739864864864864)",1,96.26114864864871,49784
"(0.8472972972972973, 0.977027027027027)",3,96.26114864864864,49787
"(0.522972972972973, 0.9760135135135136)",1,96.26081081081075,49788
"(0.95, 0.9607142857142856)",1,96.2607142857144,49789
"(0.9321428571428572, 0.9714285714285714)",1,96.26071428571436,49790
"(0.9035714285714286, 0.9607142857142856)",1,96.26071428571434,49791
"(0.9392857142857144, 0.9714285714285714)",2,96.2607142857143,49793
"(0.9642857142857144, 0.9714285714285714)",1,96.26071428571429,49794
"(0.9678571428571427, 0.9571428571428572)",3,96.26071428571424,49797
"(0.9392857142857144, 0.9678571428571427)",1,96.26071428571424,49798
"(0.9535714285714286, 0.9678571428571427)",1,96.26071428571424,49799
"(0.9571428571428572, 0.9571428571428572)",2,96.26071428571422,49801
"(0.9214285714285714, 0.9642857142857144)",1,96.2607142857142,49802
"(0.7763513513513514, 0.9773648648648648)",1,96.26047297297288,49803
"(0.5450757575757575, 1.0)",1,96.26022727272728,49804
"(0.50875, 0.9975)",1,96.26000000000012,49805
"(0.56875, 0.985)",1,96.26000000000002,49806
"(0.52125, 0.99125)",2,96.25999999999992,49808
"(0.8023648648648649, 0.977027027027027)",1,96.25979729729728,49809
"(0.8952702702702703, 0.9699324324324324)",1,96.2591216216216,49810
"(0.8596491228070176, 0.9692982456140352)",1,96.25877192982472,49811
"(0.8421052631578947, 0.9692982456140352)",1,96.25877192982472,49812
"(0.8114035087719298, 0.9692982456140352)",1,96.25877192982472,49813
"(0.868421052631579, 0.9692982456140352)",1,96.25877192982472,49814
"(0.9210526315789472, 0.9736842105263158)",1,96.2587719298245,49815
"(0.8771929824561403, 0.9736842105263158)",1,96.2587719298245,49816
"(0.8728070175438597, 0.9736842105263158)",3,96.2587719298245,49819
"(0.5350877192982456, 0.9736842105263158)",2,96.2587719298245,49821
"(0.7149122807017544, 0.9736842105263158)",1,96.2587719298245,49822
"(0.9078947368421052, 0.9736842105263158)",1,96.2587719298245,49823
"(0.8640350877192983, 0.9736842105263158)",1,96.2587719298245,49824
"(0.9298245614035088, 0.9736842105263158)",1,96.2587719298245,49825
"(0.7719298245614035, 0.9736842105263158)",1,96.25877192982448,49826
"(0.8464912280701754, 0.9649122807017544)",3,96.25877192982448,49829
"(0.7719298245614035, 0.9649122807017544)",1,96.25877192982448,49830
"(0.975, 0.9958333333333332)",1,96.25833333333344,49831
"(0.4537878787878788, 0.993560606060606)",3,96.25833333333344,49834
"(0.9791666666666666, 0.9958333333333332)",1,96.25833333333338,49835
"(0.4931818181818181, 1.0)",1,96.25833333333335,49836
"(0.975, 0.9958333333333332)",1,96.25833333333335,49837
"(0.9916666666666668, 0.9958333333333332)",1,96.25833333333335,49838
"(0.9791666666666666, 0.9958333333333332)",1,96.25833333333335,49839
"(0.975, 1.0)",1,96.25833333333334,49840
"(0.9666666666666668, 1.0)",1,96.2583333333333,49841
"(0.8666666666666667, 0.975)",1,96.25833333333316,49842
"(0.7483108108108109, 0.9739864864864864)",1,96.25810810810808,49843
"(0.3681818181818181, 1.0)",3,96.25795454545457,49846
"(0.6216216216216216, 0.9716216216216216)",1,96.2577702702703,49847
"(0.4606060606060606, 0.9962121212121212)",1,96.25757575757576,49848
"(0.8324324324324325, 0.9746621621621622)",1,96.25743243243242,49849
"(0.9535714285714286, 0.9607142857142856)",1,96.257142857143,49850
"(0.95, 0.9607142857142856)",1,96.25714285714298,49851
"(0.9285714285714286, 0.9714285714285714)",1,96.25714285714284,49852
"(0.9571428571428572, 0.9678571428571427)",1,96.25714285714282,49853
"(0.9607142857142856, 0.9678571428571427)",1,96.2571428571428,49854
"(0.7392857142857143, 0.975)",1,96.2571428571428,49855
"(0.95, 0.975)",1,96.25714285714274,49856
"(0.4285714285714285, 0.975)",1,96.25714285714272,49857
"(0.9607142857142856, 0.975)",1,96.25714285714272,49858
"(0.7543918918918919, 0.9736486486486486)",2,96.25709459459456,49860
"(0.2143939393939394, 0.9837121212121211)",1,96.25681818181836,49861
"(0.8043918918918919, 0.9780405405405406)",3,96.25675675675676,49864
"(0.6666666666666666, 0.9743589743589745)",3,96.25641025641048,49867
"(0.6538461538461539, 0.9743589743589745)",1,96.25641025641048,49868
"(0.7307692307692307, 0.9743589743589745)",1,96.25641025641048,49869
"(0.8205128205128205, 0.9743589743589745)",1,96.25641025641048,49870
"(0.4102564102564102, 0.9871794871794872)",1,96.2564102564104,49871
"(0.717948717948718, 0.9871794871794872)",1,96.2564102564104,49872
"(0.7051282051282052, 0.9871794871794872)",1,96.2564102564104,49873
"(0.6025641025641025, 0.9871794871794872)",1,96.2564102564104,49874
"(0.46875, 0.98875)",1,96.25624999999982,49875
"(0.6954545454545454, 0.9931818181818182)",1,96.2560606060606,49876
"(0.8604651162790697, 0.9767441860465116)",1,96.25581395348848,49877
"(0.8837209302325582, 0.9767441860465116)",1,96.25581395348848,49878
"(0.8604651162790697, 0.9767441860465116)",2,96.25581395348848,49880
"(0.7093023255813954, 0.9767441860465116)",1,96.25581395348848,49881
"(0.8023255813953488, 0.9767441860465116)",2,96.25581395348848,49883
"(0.5116279069767442, 0.9767441860465116)",1,96.25581395348848,49884
"(0.7674418604651163, 0.9767441860465116)",1,96.25581395348848,49885
"(0.8953488372093024, 0.9767441860465116)",1,96.25581395348846,49886
"(0.8604651162790697, 0.9767441860465116)",1,96.25581395348846,49887
"(0.872093023255814, 0.9651162790697676)",5,96.2558139534882,49892
"(0.7906976744186046, 0.9651162790697676)",1,96.2558139534882,49893
"(0.6046511627906976, 0.9651162790697676)",1,96.2558139534882,49894
"(0.8488372093023255, 0.9651162790697676)",5,96.2558139534882,49899
"(0.8255813953488372, 0.9651162790697676)",7,96.2558139534882,49906
"(0.8023255813953488, 0.9651162790697676)",2,96.2558139534882,49908
"(0.813953488372093, 0.9651162790697676)",3,96.2558139534882,49911
"(0.8023255813953488, 0.9651162790697676)",1,96.2558139534882,49912
"(0.8953488372093024, 0.9651162790697676)",3,96.2558139534882,49915
"(0.8372093023255814, 0.9651162790697676)",6,96.2558139534882,49921
"(0.8604651162790697, 0.9651162790697676)",4,96.2558139534882,49925
"(0.9069767441860463, 0.9651162790697676)",1,96.2558139534882,49926
"(0.7441860465116279, 0.9651162790697676)",1,96.2558139534882,49927
"(0.7674418604651163, 0.9651162790697676)",1,96.2558139534882,49928
"(0.9302325581395348, 0.9651162790697676)",1,96.2558139534882,49929
"(0.8837209302325582, 0.9651162790697676)",4,96.2558139534882,49933
"(0.8108108108108109, 0.979054054054054)",2,96.25574324324332,49935
"(0.7827702702702702, 0.9763513513513512)",1,96.25574324324322,49936
"(0.5847972972972973, 0.9756756756756756)",1,96.25574324324316,49937
"(0.4571969696969697, 1.0)",3,96.25568181818184,49940
"(0.7827702702702702, 0.9736486486486486)",1,96.2554054054054,49941
"(0.5405405405405406, 0.9722972972972972)",1,96.2554054054054,49942
"(0.4791666666666667, 0.9958333333333332)",3,96.25530303030312,49945
"(0.6481060606060606, 1.0)",1,96.25530303030304,49946
"(0.53375, 0.98125)",1,96.25500000000008,49947
"(0.47625, 0.99875)",1,96.25500000000004,49948
"(0.52125, 0.99375)",1,96.25499999999997,49949
"(0.4518939393939394, 1.0)",3,96.25492424242424,49952
"(0.4731060606060606, 1.0)",3,96.25492424242424,49955
"(0.7283783783783784, 0.9712837837837838)",1,96.25472972972976,49956
"(0.9111486486486486, 0.9756756756756756)",1,96.2547297297297,49957
"(0.6166666666666667, 1.0)",1,96.25454545454546,49958
"(0.5162162162162162, 0.9716216216216216)",1,96.25439189189191,49959
"(0.5320945945945946, 0.9766891891891892)",1,96.25439189189191,49960
"(0.8421052631578947, 0.9692982456140352)",3,96.25438596491246,49963
"(0.7719298245614035, 0.9692982456140352)",1,96.25438596491246,49964
"(0.8377192982456141, 0.9692982456140352)",1,96.25438596491246,49965
"(0.8903508771929824, 0.9692982456140352)",2,96.25438596491246,49967
"(0.7149122807017544, 0.9692982456140352)",1,96.25438596491244,49968
"(0.9429824561403508, 0.9692982456140352)",1,96.25438596491244,49969
"(0.8903508771929824, 0.9692982456140352)",1,96.25438596491244,49970
"(0.8377192982456141, 0.9692982456140352)",1,96.25438596491244,49971
"(0.7763157894736842, 0.9692982456140352)",1,96.25438596491244,49972
"(0.7719298245614035, 0.9912280701754386)",1,96.25438596491226,49973
"(0.9078947368421052, 0.9736842105263158)",3,96.25438596491225,49976
"(0.7456140350877193, 0.9736842105263158)",1,96.25438596491225,49977
"(0.8114035087719298, 0.9736842105263158)",1,96.25438596491222,49978
"(0.7719298245614035, 0.9649122807017544)",1,96.25438596491222,49979
"(0.8640350877192983, 0.9736842105263158)",1,96.25438596491222,49980
"(0.8201754385964912, 0.9649122807017544)",1,96.25438596491222,49981
"(0.9035087719298246, 0.9649122807017544)",1,96.25438596491222,49982
"(0.8070175438596491, 0.9736842105263158)",1,96.25438596491222,49983
"(0.8157894736842105, 0.9649122807017544)",1,96.2543859649122,49984
"(0.9625, 0.9958333333333332)",1,96.25416666666672,49985
"(0.9916666666666668, 0.9958333333333332)",1,96.25416666666672,49986
"(0.9833333333333332, 0.9958333333333332)",2,96.25416666666672,49988
"(0.9833333333333332, 0.9958333333333332)",2,96.2541666666667,49990
"(0.9791666666666666, 0.9958333333333332)",1,96.25416666666668,49991
"(0.8875, 0.9716216216216216)",1,96.25405405405408,49992
"(0.5658783783783784, 0.9763513513513512)",1,96.25405405405404,49993
"(0.4553030303030303, 0.9988636363636364)",1,96.25378787878792,49994
"(0.5025, 0.9975)",1,96.25375000000012,49995
"(0.6675, 0.99125)",1,96.25374999999998,49996
"(0.535, 0.98875)",3,96.25374999999988,49999
"(0.5273648648648649, 0.9766891891891892)",1,96.25371621621622,50000
