value,count,cumulative_sum
"(0.2196969696969697, 1.0)",6,6
"(0.5454545454545454, 1.0)",35,41
"(0.2696969696969697, 1.0)",9,50
"(0.48875, 1.0)",7,57
"(0.2352272727272727, 1.0)",6,63
"(0.543939393939394, 1.0)",7,70
"(0.2371212121212121, 1.0)",2,72
"(0.6708333333333333, 1.0)",1,73
"(0.4253787878787878, 1.0)",3,76
"(0.4784090909090909, 1.0)",11,87
"(0.4488636363636363, 1.0)",5,92
"(0.343560606060606, 1.0)",13,105
"(0.5132575757575758, 1.0)",2,107
"(0.4791666666666667, 1.0)",2,109
"(0.4965909090909091, 1.0)",33,142
"(0.5026515151515152, 1.0)",2,144
"(0.4587121212121212, 1.0)",7,151
"(0.734469696969697, 1.0)",2,153
"(0.3026515151515151, 1.0)",2,155
"(0.49375, 1.0)",27,182
"(0.2208333333333333, 1.0)",9,191
"(0.50875, 1.0)",18,209
"(0.353030303030303, 1.0)",5,214
"(0.4087121212121212, 1.0)",31,245
"(0.368560606060606, 1.0)",9,254
"(0.6098484848484849, 1.0)",1,255
"(0.5412878787878788, 1.0)",29,284
"(0.3325757575757576, 1.0)",8,292
"(0.2553030303030303, 1.0)",15,307
"(0.7477272727272727, 1.0)",30,337
"(0.5481060606060606, 1.0)",95,432
"(0.4825, 1.0)",9,441
"(0.2424242424242424, 1.0)",30,471
"(0.3681818181818181, 1.0)",34,505
"(0.7708333333333334, 1.0)",28,533
"(0.3363636363636363, 1.0)",2,535
"(0.4925, 1.0)",12,547
"(0.4462121212121212, 1.0)",32,579
"(0.6284090909090909, 1.0)",26,605
"(0.3174242424242424, 1.0)",16,621
"(0.5458333333333333, 1.0)",33,654
"(0.8205128205128205, 1.0)",8,662
"(0.5992424242424242, 1.0)",1,663
"(0.8958333333333334, 1.0)",5,668
"(0.782051282051282, 1.0)",3,671
"(0.4975, 1.0)",6,677
"(0.6275, 1.0)",1,678
"(0.63625, 1.0)",1,679
"(0.36875, 1.0)",1,680
"(0.4712121212121212, 1.0)",4,684
"(0.5321969696969697, 1.0)",31,715
"(0.675, 1.0)",1,716
"(0.4553030303030303, 1.0)",12,728
"(0.4431818181818182, 1.0)",2,730
"(0.4537878787878788, 1.0)",12,742
"(0.7051282051282052, 1.0)",7,749
"(0.1923076923076923, 1.0)",8,757
"(0.6923076923076923, 1.0)",7,764
"(0.6538461538461539, 1.0)",10,774
"(0.4418604651162791, 1.0)",3,777
"(0.468560606060606, 1.0)",34,811
"(0.717948717948718, 1.0)",9,820
"(0.9791666666666666, 1.0)",30,850
"(0.7307692307692307, 1.0)",25,875
"(0.6794871794871795, 1.0)",27,902
"(0.3461538461538461, 1.0)",4,906
"(0.2051282051282051, 1.0)",4,910
"(0.1666666666666666, 1.0)",7,917
"(0.4358974358974359, 1.0)",8,925
"(0.4871794871794871, 1.0)",4,929
"(0.9458333333333332, 1.0)",4,933
"(0.3974358974358974, 1.0)",4,937
"(0.8625, 1.0)",4,941
"(0.9125, 1.0)",4,945
"(0.7790697674418605, 1.0)",14,959
"(0.5465116279069767, 1.0)",6,965
"(0.9861111111111112, 1.0)",6,971
"(0.3372093023255814, 1.0)",23,994
"(0.4102564102564102, 1.0)",3,997
"(0.4204545454545454, 1.0)",14,1011
"(0.2295454545454545, 1.0)",30,1041
"(0.8076923076923077, 1.0)",10,1051
"(0.5303030303030302, 1.0)",30,1081
"(0.3318181818181818, 1.0)",21,1102
"(0.4234848484848484, 1.0)",28,1130
"(0.3431818181818182, 1.0)",14,1144
"(0.4003787878787879, 1.0)",12,1156
"(0.4507575757575757, 1.0)",31,1187
"(0.3102272727272727, 1.0)",11,1198
"(0.4571969696969697, 1.0)",52,1250
"(0.6481060606060606, 1.0)",29,1279
"(0.228030303030303, 1.0)",20,1299
"(0.4689393939393939, 1.0)",56,1355
"(0.440530303030303, 1.0)",10,1365
"(0.3223484848484848, 1.0)",9,1374
"(0.4469696969696969, 1.0)",8,1382
"(0.4867424242424242, 1.0)",1,1383
"(0.505, 1.0)",11,1394
"(0.3117424242424242, 1.0)",30,1424
"(0.49625, 1.0)",2,1426
"(0.5121212121212121, 1.0)",7,1433
"(0.6829545454545455, 1.0)",28,1461
"(0.7178030303030303, 1.0)",1,1462
"(0.5232558139534884, 1.0)",4,1466
"(0.3443181818181818, 1.0)",2,1468
"(0.4242424242424242, 1.0)",10,1478
"(0.4890151515151515, 1.0)",14,1492
"(0.7692307692307693, 1.0)",7,1499
"(0.531439393939394, 1.0)",35,1534
"(0.3954545454545454, 1.0)",14,1548
"(0.6744186046511628, 1.0)",5,1553
"(0.5555555555555556, 1.0)",4,1557
"(0.4068181818181818, 1.0)",8,1565
"(0.1859848484848484, 1.0)",10,1575
"(0.9083333333333332, 1.0)",4,1579
"(0.7325757575757575, 1.0)",26,1605
"(0.8717948717948718, 1.0)",9,1614
"(0.4174242424242424, 1.0)",7,1621
"(0.4886363636363636, 1.0)",29,1650
"(0.7435897435897436, 1.0)",13,1663
"(0.3333333333333333, 1.0)",2,1665
"(0.825, 1.0)",1,1666
"(0.5912878787878788, 1.0)",1,1667
"(0.3632575757575758, 1.0)",15,1682
"(0.7212121212121212, 1.0)",30,1712
"(0.7159090909090909, 1.0)",1,1713
"(0.431060606060606, 1.0)",14,1727
"(0.2579545454545454, 1.0)",9,1736
"(0.5602272727272727, 1.0)",30,1766
"(0.4178030303030303, 1.0)",10,1776
"(0.4356060606060606, 1.0)",14,1790
"(0.4465909090909091, 1.0)",1,1791
"(0.3731060606060606, 1.0)",11,1802
"(0.2102272727272727, 1.0)",8,1810
"(0.3678030303030303, 1.0)",32,1842
"(0.6799242424242424, 1.0)",29,1871
"(0.5272727272727272, 1.0)",29,1900
"(0.3575757575757576, 1.0)",28,1928
"(0.3484848484848485, 1.0)",12,1940
"(0.2356060606060606, 1.0)",11,1951
"(0.49875, 1.0)",9,1960
"(0.6268939393939394, 1.0)",27,1987
"(0.5446969696969697, 1.0)",7,1994
"(0.5526515151515151, 1.0)",4,1998
"(0.2431818181818182, 1.0)",29,2027
"(0.4443181818181818, 1.0)",5,2032
"(0.4848484848484848, 1.0)",32,2064
"(0.48625, 1.0)",3,2067
"(0.5496212121212121, 1.0)",2,2069
"(0.709469696969697, 1.0)",28,2097
"(0.4901515151515151, 1.0)",8,2105
"(0.5428030303030303, 1.0)",31,2136
"(0.4268939393939394, 1.0)",13,2149
"(0.4662878787878788, 1.0)",29,2178
"(0.5257575757575758, 1.0)",19,2197
"(0.6117424242424242, 1.0)",29,2226
"(0.6685606060606061, 1.0)",27,2253
"(0.7439393939393939, 1.0)",31,2284
"(0.5371212121212121, 1.0)",30,2314
"(0.5537878787878788, 1.0)",28,2342
"(0.4230769230769231, 1.0)",2,2344
"(0.9625, 1.0)",14,2358
"(0.4109848484848485, 1.0)",16,2374
"(0.5068181818181818, 1.0)",8,2382
"(0.4715909090909091, 1.0)",29,2411
"(0.2511363636363636, 1.0)",1,2412
"(0.459469696969697, 1.0)",6,2418
"(0.3401515151515151, 1.0)",31,2449
"(0.396969696969697, 1.0)",2,2451
"(0.5113636363636364, 1.0)",3,2454
"(0.4871212121212121, 1.0)",43,2497
"(0.4446969696969697, 1.0)",2,2499
"(0.809469696969697, 1.0)",1,2500
"(0.5443181818181818, 1.0)",18,2518
"(0.6375, 1.0)",1,2519
"(0.5204545454545455, 1.0)",2,2521
"(0.4625, 1.0)",8,2529
"(0.3462121212121212, 1.0)",2,2531
"(0.4272727272727272, 1.0)",1,2532
"(0.5284090909090909, 1.0)",8,2540
"(0.5545454545454546, 1.0)",33,2573
"(0.4299242424242424, 1.0)",2,2575
"(0.4996212121212121, 1.0)",31,2606
"(0.4056818181818182, 1.0)",2,2608
"(0.3219696969696969, 1.0)",2,2610
"(0.5287878787878788, 1.0)",47,2657
"(0.7844696969696969, 1.0)",2,2659
"(0.5348484848484848, 1.0)",1,2660
"(0.7136363636363636, 1.0)",1,2661
"(0.4776515151515151, 1.0)",7,2668
"(0.465530303030303, 1.0)",32,2700
"(0.4583333333333333, 1.0)",17,2717
"(0.253030303030303, 1.0)",1,2718
"(0.2651515151515151, 1.0)",2,2720
"(0.4492424242424242, 1.0)",13,2733
"(0.5325757575757576, 1.0)",4,2737
"(0.3053030303030303, 1.0)",6,2743
"(0.3564393939393939, 1.0)",7,2750
"(0.5484848484848485, 1.0)",1,2751
"(0.5681818181818182, 1.0)",2,2753
"(0.5450757575757575, 1.0)",2,2755
"(0.5303030303030303, 1.0)",7,2762
"(0.6583333333333334, 1.0)",2,2764
"(0.765530303030303, 1.0)",2,2766
"(0.281060606060606, 1.0)",1,2767
"(0.603030303030303, 1.0)",2,2769
"(0.7371212121212121, 1.0)",7,2776
"(0.7560606060606061, 1.0)",2,2778
"(0.3159090909090909, 1.0)",24,2802
"(0.2776515151515151, 1.0)",5,2807
"(0.5875, 1.0)",1,2808
"(0.3696969696969697, 1.0)",31,2839
"(0.4609848484848485, 1.0)",10,2849
"(0.453030303030303, 1.0)",1,2850
"(0.4852272727272727, 1.0)",8,2858
"(0.7246212121212121, 1.0)",6,2864
"(0.406060606060606, 1.0)",2,2866
"(0.4371212121212121, 1.0)",30,2896
"(0.531060606060606, 1.0)",5,2901
"(0.5674242424242424, 1.0)",1,2902
"(0.540530303030303, 1.0)",1,2903
"(0.6503787878787879, 1.0)",1,2904
"(0.4534090909090909, 1.0)",35,2939
"(0.3, 1.0)",1,2940
"(0.4102272727272727, 1.0)",3,2943
"(0.3284090909090909, 1.0)",2,2945
"(0.4575757575757576, 1.0)",22,2967
"(0.4359848484848485, 1.0)",15,2982
"(0.7303030303030303, 1.0)",1,2983
"(0.4291666666666666, 1.0)",30,3013
"(0.4568181818181818, 1.0)",39,3052
"(0.2382575757575757, 1.0)",2,3054
"(0.4678030303030303, 1.0)",11,3065
"(0.4166666666666667, 1.0)",3,3068
"(0.6621212121212121, 1.0)",2,3070
"(0.5238636363636363, 1.0)",4,3074
"(0.6981060606060606, 1.0)",2,3076
"(0.5193181818181818, 1.0)",2,3078
"(0.2992424242424242, 1.0)",2,3080
"(0.4238636363636364, 1.0)",1,3081
"(0.5579545454545455, 1.0)",2,3083
"(0.4196969696969697, 1.0)",2,3085
"(0.4518939393939394, 1.0)",8,3093
"(0.9291666666666668, 1.0)",6,3099
"(0.7428030303030303, 1.0)",2,3101
"(0.5424242424242425, 1.0)",121,3222
"(0.3992424242424242, 1.0)",2,3224
"(0.4882575757575758, 1.0)",30,3254
"(0.4674242424242424, 1.0)",33,3287
"(0.4613636363636363, 1.0)",32,3319
"(0.2492424242424242, 1.0)",6,3325
"(0.5344696969696969, 1.0)",5,3330
"(0.9541666666666668, 1.0)",5,3335
"(0.9708333333333332, 1.0)",17,3352
"(0.5, 1.0)",13,3365
"(0.6102272727272727, 1.0)",2,3367
"(0.2462121212121212, 1.0)",1,3368
"(0.3560606060606061, 1.0)",7,3375
"(0.8007575757575758, 1.0)",1,3376
"(0.3481060606060606, 1.0)",1,3377
"(0.4549242424242424, 1.0)",6,3383
"(0.7007575757575758, 1.0)",7,3390
"(0.7068181818181817, 1.0)",2,3392
"(0.4666666666666667, 1.0)",36,3428
"(0.5208333333333334, 1.0)",1,3429
"(0.6046511627906976, 1.0)",8,3437
"(0.4598484848484848, 1.0)",2,3439
"(0.4787878787878787, 1.0)",2,3441
"(0.5333333333333333, 1.0)",11,3452
"(0.55, 1.0)",3,3455
"(0.65, 1.0)",2,3457
"(0.5833333333333334, 1.0)",4,3461
"(0.7093023255813954, 1.0)",1,3462
"(0.9534883720930232, 1.0)",4,3466
"(0.5378787878787878, 1.0)",65,3531
"(0.3255813953488372, 1.0)",1,3532
"(0.6395348837209303, 1.0)",5,3537
"(0.4069767441860465, 1.0)",1,3538
"(0.5025, 1.0)",6,3544
"(0.5697674418604651, 1.0)",3,3547
"(0.6976744186046512, 1.0)",5,3552
"(0.2268939393939394, 1.0)",2,3554
"(0.4821969696969697, 1.0)",29,3583
"(0.4477272727272727, 1.0)",5,3588
"(0.4590909090909091, 1.0)",7,3595
"(0.3079545454545455, 1.0)",2,3597
"(0.4615384615384615, 1.0)",5,3602
"(0.4723484848484848, 1.0)",1,3603
"(0.6147727272727272, 1.0)",1,3604
"(0.5473484848484849, 1.0)",2,3606
"(0.5848484848484848, 1.0)",1,3607
"(0.7287878787878788, 1.0)",2,3609
"(0.4606060606060606, 1.0)",61,3670
"(0.5768939393939394, 1.0)",2,3672
"(0.7200757575757577, 1.0)",1,3673
"(0.5337121212121212, 1.0)",6,3679
"(0.7571969696969696, 1.0)",1,3680
"(0.5515151515151515, 1.0)",2,3682
"(0.5034090909090909, 1.0)",14,3696
"(0.3768939393939394, 1.0)",6,3702
"(0.5625, 1.0)",2,3704
"(0.3776515151515151, 1.0)",1,3705
"(0.6681818181818182, 1.0)",31,3736
"(0.509469696969697, 1.0)",35,3771
"(0.4515151515151515, 1.0)",16,3787
"(0.925, 1.0)",3,3790
"(0.4227272727272727, 1.0)",1,3791
"(0.2935606060606061, 1.0)",2,3793
"(0.5761363636363637, 1.0)",4,3797
"(0.6272727272727273, 1.0)",2,3799
"(0.5295454545454545, 1.0)",1,3800
"(0.2704545454545454, 1.0)",2,3802
"(0.8125, 1.0)",1,3803
"(0.4636363636363636, 1.0)",36,3839
"(0.6410256410256411, 1.0)",3,3842
"(0.4564393939393939, 1.0)",2,3844
"(0.4545454545454545, 1.0)",6,3850
"(0.3746212121212121, 1.0)",4,3854
"(0.2215909090909091, 1.0)",2,3856
"(0.4943181818181818, 1.0)",3,3859
"(0.6371212121212121, 1.0)",2,3861
"(0.8461538461538461, 1.0)",8,3869
"(0.5450757575757574, 1.0)",31,3900
"(0.271969696969697, 1.0)",14,3914
"(0.5079545454545454, 1.0)",2,3916
"(0.381060606060606, 1.0)",3,3919
"(0.5056818181818182, 1.0)",3,3922
"(0.2329545454545454, 1.0)",3,3925
"(0.4276515151515151, 1.0)",11,3936
"(0.740530303030303, 1.0)",6,3942
"(0.2477272727272727, 1.0)",6,3948
"(0.5431818181818182, 1.0)",4,3952
"(0.5189393939393939, 1.0)",9,3961
"(0.4496212121212121, 1.0)",9,3970
"(0.4837121212121212, 1.0)",2,3972
"(0.3348484848484848, 1.0)",6,3978
"(0.5367424242424242, 1.0)",6,3984
"(0.4742424242424242, 1.0)",6,3990
"(0.490530303030303, 1.0)",6,3996
"(0.49, 1.0)",11,4007
"(0.5503787878787879, 1.0)",6,4013
"(0.47625, 1.0)",5,4018
"(0.2458333333333333, 1.0)",5,4023
"(0.696969696969697, 1.0)",6,4029
"(0.6825757575757576, 1.0)",6,4035
"(0.2564393939393939, 1.0)",3,4038
"(0.4643939393939394, 1.0)",6,4044
"(0.6909090909090909, 1.0)",6,4050
"(0.4814393939393939, 1.0)",9,4059
"(0.3996212121212121, 1.0)",6,4065
"(0.9041666666666668, 1.0)",5,4070
"(0.7659090909090909, 1.0)",5,4075
"(0.3518939393939393, 1.0)",6,4081
"(0.2147727272727272, 1.0)",6,4087
"(0.6931818181818182, 1.0)",5,4092
"(0.2393939393939393, 1.0)",5,4097
"(0.3321969696969697, 1.0)",8,4105
"(0.5886363636363636, 1.0)",6,4111
"(0.5416666666666667, 1.0)",6,4117
"(0.2412878787878788, 1.0)",6,4123
"(0.4651515151515151, 1.0)",4,4127
"(0.50125, 1.0)",1,4128
"(0.3106060606060606, 1.0)",6,4134
"(0.4859848484848484, 1.0)",6,4140
"(0.5606060606060606, 1.0)",2,4142
"(0.8837209302325582, 1.0)",46,4188
"(0.3075757575757575, 1.0)",4,4192
"(0.3549242424242424, 1.0)",6,4198
"(0.3602272727272727, 1.0)",6,4204
"(0.5299242424242424, 1.0)",12,4216
"(0.5022727272727273, 1.0)",7,4223
"(0.409469696969697, 1.0)",6,4229
"(0.51, 1.0)",16,4245
"(0.525, 1.0)",6,4251
"(0.52125, 1.0)",3,4254
"(0.3916666666666666, 1.0)",6,4260
"(0.4106060606060606, 1.0)",6,4266
"(0.2977272727272727, 1.0)",6,4272
"(0.3496212121212121, 1.0)",5,4277
"(0.7948717948717948, 1.0)",1,4278
"(0.2174242424242424, 1.0)",3,4281
"(0.4681818181818182, 1.0)",6,4287
"(0.2522727272727272, 1.0)",2,4289
"(0.2712121212121212, 1.0)",3,4292
"(0.5231060606060606, 1.0)",6,4298
"(0.3382575757575757, 1.0)",6,4304
"(0.6181818181818182, 1.0)",6,4310
"(0.3617424242424242, 1.0)",3,4313
"(0.2446969696969697, 1.0)",2,4315
"(0.6189393939393939, 1.0)",6,4321
"(0.4806818181818181, 1.0)",6,4327
"(0.534469696969697, 1.0)",3,4330
"(0.5628787878787879, 1.0)",6,4336
"(0.5852272727272727, 1.0)",6,4342
"(0.4333333333333333, 1.0)",7,4349
"(0.4803030303030303, 1.0)",8,4357
"(0.5178030303030303, 1.0)",3,4360
"(0.365530303030303, 1.0)",6,4366
"(0.5053030303030303, 1.0)",3,4369
"(0.9651162790697676, 1.0)",1,4370
"(0.4753787878787879, 1.0)",13,4383
"(0.5647727272727273, 1.0)",3,4386
"(0.3939393939393939, 1.0)",3,4389
"(0.3583333333333333, 1.0)",9,4398
"(0.443560606060606, 1.0)",12,4410
"(0.6659090909090909, 1.0)",6,4416
"(0.8791666666666667, 1.0)",1,4417
"(0.2761363636363636, 1.0)",5,4422
"(0.9166666666666666, 1.0)",2216,6638
"(0.9833333333333332, 1.0)",1814,8452
"(0.95, 1.0)",1618,10070
"(0.7333333333333333, 1.0)",716,10786
"(0.8333333333333334, 1.0)",2025,12811
"(0.9333333333333332, 1.0)",1833,14644
"(0.85, 1.0)",1477,16121
"(0.7, 1.0)",190,16311
"(0.9, 1.0)",1805,18116
"(0.6666666666666666, 1.0)",176,18292
"(0.7166666666666667, 1.0)",747,19039
"(0.8666666666666667, 1.0)",1819,20858
"(0.7833333333333333, 1.0)",426,21284
"(0.8, 1.0)",884,22168
"(0.7666666666666667, 1.0)",614,22782
"(0.8166666666666667, 1.0)",1044,23826
"(0.6833333333333333, 1.0)",200,24026
"(0.8833333333333333, 1.0)",2130,26156
"(1.0, 1.0)",2447,28603
"(0.75, 1.0)",840,29443
"(0.5116279069767442, 1.0)",6,29449
"(0.7674418604651163, 1.0)",54,29503
"(0.8372093023255814, 1.0)",34,29537
"(0.872093023255814, 1.0)",73,29610
"(0.4883720930232558, 1.0)",26,29636
"(0.8953488372093024, 1.0)",29,29665
"(0.9186046511627908, 1.0)",59,29724
"(0.7558139534883721, 1.0)",8,29732
"(0.627906976744186, 1.0)",22,29754
"(0.9666666666666668, 1.0)",1730,31484
"(0.7906976744186046, 1.0)",35,31519
"(0.7441860465116279, 1.0)",26,31545
"(0.5930232558139535, 1.0)",21,31566
"(0.8488372093023255, 1.0)",38,31604
"(0.8604651162790697, 1.0)",38,31642
"(0.6162790697674418, 1.0)",47,31689
"(0.8255813953488372, 1.0)",62,31751
"(0.7777777777777778, 1.0)",274,32025
"(0.9027777777777778, 1.0)",446,32471
"(0.7638888888888888, 1.0)",263,32734
"(0.475, 1.0)",6,32740
"(0.4329545454545455, 1.0)",9,32749
"(0.4193181818181818, 1.0)",6,32755
"(0.4340909090909091, 1.0)",17,32772
"(0.4223484848484848, 1.0)",6,32778
"(0.2488636363636363, 1.0)",6,32784
"(0.4621212121212121, 1.0)",14,32798
"(0.2428030303030303, 1.0)",3,32801
"(0.8023255813953488, 1.0)",26,32827
"(0.9722222222222222, 1.0)",76,32903
"(0.4863636363636364, 1.0)",3,32906
"(0.9302325581395348, 1.0)",15,32921
"(0.4727272727272727, 1.0)",6,32927
"(0.3375, 1.0)",5,32932
"(0.4458333333333333, 1.0)",6,32938
"(0.2253787878787878, 1.0)",6,32944
"(0.6388888888888888, 1.0)",28,32972
"(0.4772727272727273, 1.0)",3,32975
"(0.5972222222222222, 1.0)",59,33034
"(0.8611111111111112, 1.0)",512,33546
"(0.8472222222222222, 1.0)",334,33880
"(0.7361111111111112, 1.0)",180,34060
"(0.8888888888888888, 1.0)",397,34457
"(0.8194444444444444, 1.0)",553,35010
"(0.7916666666666666, 1.0)",169,35179
"(0.6944444444444444, 1.0)",153,35332
"(0.7083333333333334, 1.0)",370,35702
"(0.9305555555555556, 1.0)",525,36227
"(0.7222222222222222, 1.0)",103,36330
"(0.6805555555555556, 1.0)",65,36395
"(0.625, 1.0)",77,36472
"(0.9583333333333334, 1.0)",275,36747
"(0.8055555555555556, 1.0)",306,37053
"(0.875, 1.0)",289,37342
"(0.9444444444444444, 1.0)",473,37815
"(0.6111111111111112, 1.0)",54,37869
"(0.5277777777777778, 1.0)",11,37880
"(0.4768939393939393, 1.0)",6,37886
"(0.4670454545454545, 1.0)",31,37917
"(0.4795454545454545, 1.0)",3,37920
"(0.3143939393939394, 1.0)",3,37923
"(0.8212121212121212, 1.0)",1,37924
"(0.4079545454545454, 1.0)",16,37940
"(0.4450757575757575, 1.0)",5,37945
"(0.3965909090909091, 1.0)",1,37946
"(0.6795454545454546, 1.0)",2,37948
"(0.5117424242424242, 1.0)",3,37951
"(0.5106060606060606, 1.0)",11,37962
"(0.686046511627907, 1.0)",5,37967
"(0.4602272727272727, 1.0)",10,37977
"(0.5037878787878788, 1.0)",28,38005
"(0.5512820512820513, 1.0)",5,38010
"(0.4487179487179487, 1.0)",11,38021
"(0.8458333333333333, 1.0)",6,38027
"(0.2943181818181818, 1.0)",7,38034
"(0.5045454545454545, 1.0)",2,38036
"(0.4132575757575757, 1.0)",12,38048
"(0.5950757575757576, 1.0)",27,38075
"(0.3814393939393939, 1.0)",25,38100
"(0.2784090909090909, 1.0)",10,38110
"(0.209090909090909, 1.0)",8,38118
"(0.4767441860465116, 1.0)",1,38119
"(0.56125, 1.0)",1,38120
"(0.5863636363636363, 1.0)",29,38149
"(0.5212121212121212, 1.0)",6,38155
"(0.575, 1.0)",1,38156
"(0.43, 1.0)",1,38157
"(0.7209302325581395, 1.0)",2,38159
"(0.3953488372093023, 1.0)",1,38160
"(0.4348484848484849, 1.0)",3,38163
"(0.6166666666666667, 1.0)",36,38199
"(0.5265151515151515, 1.0)",34,38233
"(0.4659090909090909, 1.0)",21,38254
"(0.4651162790697674, 1.0)",31,38285
"(0.4579545454545454, 1.0)",20,38305
"(0.4693181818181818, 1.0)",32,38337
"(0.4939393939393939, 1.0)",30,38367
"(0.3295454545454545, 1.0)",12,38379
"(0.4049242424242424, 1.0)",11,38390
"(0.2454545454545454, 1.0)",7,38397
"(0.656439393939394, 1.0)",29,38426
"(0.5890151515151515, 1.0)",12,38438
"(0.4428030303030303, 1.0)",11,38449
"(0.6068181818181818, 1.0)",29,38478
"(0.5871212121212122, 1.0)",38,38516
"(0.51875, 1.0)",7,38523
"(0.4799242424242424, 1.0)",25,38548
"(0.4731060606060606, 1.0)",27,38575
"(0.3579545454545454, 1.0)",9,38584
"(0.2893939393939393, 1.0)",10,38594
"(0.2856060606060606, 1.0)",11,38605
"(0.6053030303030303, 1.0)",2,38607
"(0.4897727272727272, 1.0)",31,38638
"(0.4053030303030303, 1.0)",11,38649
"(0.3393939393939394, 1.0)",7,38656
"(0.4083333333333333, 1.0)",30,38686
"(0.5329545454545455, 1.0)",24,38710
"(0.4931818181818181, 1.0)",29,38739
"(0.4632575757575757, 1.0)",31,38770
"(0.5280303030303031, 1.0)",30,38800
"(0.6231060606060606, 1.0)",1,38801
"(0.456060606060606, 1.0)",13,38814
"(0.3534090909090909, 1.0)",13,38827
"(0.4916666666666666, 1.0)",2,38829
"(0.2981060606060606, 1.0)",11,38840
"(0.4856060606060606, 1.0)",30,38870
"(0.4617424242424242, 1.0)",31,38901
"(0.4378787878787878, 1.0)",13,38914
"(0.6446969696969697, 1.0)",30,38944
"(0.4984848484848485, 1.0)",4,38948
"(0.2401515151515151, 1.0)",9,38957
"(0.3920454545454545, 1.0)",11,38968
"(0.6954545454545454, 1.0)",27,38995
"(0.4647727272727273, 1.0)",30,39025
"(0.4556818181818182, 1.0)",14,39039
"(0.4382575757575757, 1.0)",6,39045
"(0.3409090909090909, 1.0)",14,39059
"(0.7518939393939394, 1.0)",1,39060
"(0.5813953488372093, 1.0)",1,39061
"(0.4825757575757576, 1.0)",18,39079
"(0.6215909090909091, 1.0)",3,39082
"(0.5746212121212121, 1.0)",6,39088
"(0.8875, 1.0)",2,39090
"(0.4534883720930232, 1.0)",6,39096
"(0.2906976744186046, 1.0)",2,39098
"(0.9418604651162792, 1.0)",12,39110
"(0.5666666666666667, 1.0)",8,39118
"(0.6333333333333333, 1.0)",7,39125
"(0.6, 1.0)",15,39140
"(0.6527777777777778, 1.0)",5,39145
"(0.8916666666666667, 1.0)",2,39147
"(0.6045454545454545, 1.0)",3,39150
"(0.2742424242424242, 1.0)",5,39155
"(0.2590909090909091, 1.0)",5,39160
"(0.3844696969696969, 1.0)",10,39170
"(0.3875, 1.0)",14,39184
"(0.325, 1.0)",3,39187
"(0.9958333333333332, 1.0)",15,39202
"(0.4284090909090909, 1.0)",3,39205
"(0.9208333333333332, 1.0)",9,39214
"(0.5384615384615384, 1.0)",3,39217
"(0.2265151515151515, 1.0)",6,39223
"(0.975, 1.0)",61,39284
"(0.5581395348837209, 1.0)",1,39285
"(0.7564102564102564, 1.0)",3,39288
"(0.5318181818181819, 1.0)",6,39294
"(0.4314393939393939, 1.0)",2,39296
"(0.9416666666666668, 1.0)",5,39301
"(0.9375, 1.0)",9,39310
"(0.4909090909090909, 1.0)",3,39313
"(0.9875, 1.0)",29,39342
"(0.2568181818181818, 1.0)",2,39344
"(0.4439393939393939, 1.0)",6,39350
"(0.4181818181818181, 1.0)",3,39353
"(0.3556818181818181, 1.0)",15,39368
"(0.5393939393939394, 1.0)",6,39374
"(0.4962121212121212, 1.0)",6,39380
"(0.3609848484848484, 1.0)",5,39385
"(0.65875, 1.0)",2,39387
"(0.5356060606060606, 1.0)",10,39397
"(0.4208333333333333, 1.0)",10,39407
"(0.2803030303030303, 1.0)",14,39421
"(0.5242424242424243, 1.0)",6,39427
"(0.41, 1.0)",1,39428
"(0.9069767441860463, 1.0)",12,39440
"(0.6337121212121212, 1.0)",2,39442
"(0.37875, 1.0)",1,39443
"(0.5075757575757576, 1.0)",6,39449
"(0.3537878787878787, 1.0)",12,39461
"(0.6113636363636363, 1.0)",25,39486
"(0.9916666666666668, 1.0)",20,39506
"(0.296969696969697, 1.0)",12,39518
"(0.6511627906976745, 1.0)",1,39519
"(0.3604651162790697, 1.0)",2,39521
"(0.5375, 1.0)",6,39527
"(0.813953488372093, 1.0)",13,39540
"(0.4257575757575758, 1.0)",3,39543
"(0.7325581395348837, 1.0)",11,39554
"(0.4992424242424242, 1.0)",3,39557
"(0.5416666666666666, 1.0)",10,39567
"(0.4018939393939394, 0.999621212121212)",2,39569
"(0.4450757575757575, 0.999621212121212)",1,39570
"(0.4291666666666666, 0.999621212121212)",2,39572
"(0.453030303030303, 0.999621212121212)",1,39573
"(0.2981060606060606, 0.999621212121212)",5,39578
"(0.2492424242424242, 0.999621212121212)",2,39580
"(0.465530303030303, 0.999621212121212)",10,39590
"(0.4996212121212121, 0.999621212121212)",2,39592
"(0.296969696969697, 0.999621212121212)",5,39597
"(0.4132575757575757, 0.999621212121212)",6,39603
"(0.2579545454545454, 0.999621212121212)",4,39607
"(0.543939393939394, 0.999621212121212)",4,39611
"(0.4890151515151515, 0.999621212121212)",5,39616
"(0.2401515151515151, 0.999621212121212)",4,39620
"(0.4784090909090909, 0.999621212121212)",2,39622
"(0.2462121212121212, 0.999621212121212)",1,39623
"(0.4079545454545454, 0.999621212121212)",4,39627
"(0.4632575757575757, 0.999621212121212)",1,39628
"(0.3223484848484849, 0.999621212121212)",1,39629
"(0.478030303030303, 0.999621212121212)",3,39632
"(0.3295454545454545, 0.999621212121212)",1,39633
"(0.5912878787878788, 0.999621212121212)",1,39634
"(0.7518939393939394, 0.999621212121212)",1,39635
"(0.5344696969696969, 0.999621212121212)",1,39636
"(0.6231060606060606, 0.999621212121212)",1,39637
"(0.5768939393939394, 0.999621212121212)",1,39638
"(0.4465909090909091, 0.999621212121212)",1,39639
"(0.2511363636363636, 0.999621212121212)",1,39640
"(0.5113636363636364, 0.999621212121212)",1,39641
"(0.4723484848484848, 0.999621212121212)",2,39643
"(0.6113636363636363, 0.999621212121212)",3,39646
"(0.3174242424242424, 0.999621212121212)",5,39651
"(0.4901515151515151, 0.999621212121212)",1,39652
"(0.2102272727272727, 0.999621212121212)",4,39656
"(0.4428030303030303, 0.999621212121212)",9,39665
"(0.4621212121212121, 0.999621212121212)",6,39671
"(0.4276515151515151, 0.999621212121212)",10,39681
"(0.431060606060606, 0.999621212121212)",13,39694
"(0.5053030303030303, 0.999621212121212)",3,39697
"(0.4378787878787878, 0.999621212121212)",5,39702
"(0.3632575757575758, 0.999621212121212)",3,39705
"(0.4462121212121212, 0.999621212121212)",14,39719
"(0.3916666666666666, 0.999621212121212)",3,39722
"(0.2712121212121212, 0.999621212121212)",3,39725
"(0.381060606060606, 0.999621212121212)",3,39728
"(0.4431818181818182, 0.999621212121212)",6,39734
"(0.2329545454545454, 0.999621212121212)",3,39737
"(0.3401515151515151, 0.999621212121212)",1,39738
"(0.3537878787878787, 0.999621212121212)",4,39742
"(0.4223484848484848, 0.999621212121212)",3,39745
"(0.5431818181818182, 0.999621212121212)",11,39756
"(0.4253787878787878, 0.999621212121212)",10,39766
"(0.2428030303030303, 0.999621212121212)",3,39769
"(0.4814393939393939, 0.999621212121212)",3,39772
"(0.3325757575757576, 0.999621212121212)",10,39782
"(0.228030303030303, 0.999621212121212)",19,39801
"(0.4257575757575758, 0.999621212121212)",3,39804
"(0.4049242424242424, 0.999621212121212)",9,39813
"(0.2893939393939393, 0.999621212121212)",12,39825
"(0.3159090909090909, 0.999621212121212)",4,39829
"(0.3920454545454545, 0.999621212121212)",4,39833
"(0.4837121212121212, 0.999621212121212)",1,39834
"(0.3875, 0.999621212121212)",8,39842
"(0.5287878787878788, 0.999621212121212)",4,39846
"(0.2784090909090909, 0.999621212121212)",15,39861
"(0.3223484848484848, 0.999621212121212)",6,39867
"(0.3954545454545454, 0.999621212121212)",6,39873
"(0.4753787878787879, 0.999621212121212)",13,39886
"(0.4356060606060606, 0.999621212121212)",6,39892
"(0.4371212121212121, 0.999621212121212)",1,39893
"(0.3409090909090909, 0.999621212121212)",6,39899
"(0.4496212121212121, 0.999621212121212)",9,39908
"(0.3431818181818182, 0.999621212121212)",3,39911
"(0.4174242424242424, 0.999621212121212)",5,39916
"(0.343560606060606, 0.999621212121212)",4,39920
"(0.2704545454545454, 0.999621212121212)",8,39928
"(0.2696969696969697, 0.999621212121212)",6,39934
"(0.4348484848484849, 0.999621212121212)",3,39937
"(0.6045454545454545, 0.999621212121212)",3,39940
"(0.3746212121212121, 0.999621212121212)",3,39943
"(0.4284090909090909, 0.999621212121212)",3,39946
"(0.3041666666666666, 0.999621212121212)",3,39949
"(0.4795454545454545, 0.999621212121212)",3,39952
"(0.2446969696969697, 0.999621212121212)",6,39958
"(0.5166666666666667, 0.999621212121212)",3,39961
"(0.3371212121212121, 0.999621212121212)",5,39966
"(0.4204545454545454, 0.999621212121212)",12,39978
"(0.4590909090909091, 0.999621212121212)",6,39984
"(0.5098484848484849, 0.999621212121212)",3,39987
"(0.4340909090909091, 0.999621212121212)",4,39991
"(0.2174242424242424, 0.999621212121212)",3,39994
"(0.4443181818181818, 0.999621212121212)",3,39997
"(0.4799242424242424, 0.999621212121212)",6,40003
"(0.2568181818181818, 0.999621212121212)",5,40008
"(0.4863636363636364, 0.999621212121212)",3,40011
"(0.2977272727272727, 0.999621212121212)",3,40014
"(0.4507575757575757, 0.999621212121212)",5,40019
"(0.6215909090909091, 0.999621212121212)",6,40025
"(0.1859848484848484, 0.999621212121212)",3,40028
"(0.6799242424242424, 0.999621212121212)",2,40030
"(0.484469696969697, 0.999621212121212)",3,40033
"(0.2488636363636363, 0.999621212121212)",5,40038
"(0.5056818181818182, 0.999621212121212)",3,40041
"(0.5446969696969697, 0.999621212121212)",3,40044
"(0.4314393939393939, 0.999621212121212)",3,40047
"(0.4909090909090909, 0.999621212121212)",3,40050
"(0.4359848484848485, 0.999621212121212)",10,40060
"(0.2196969696969697, 0.999621212121212)",3,40063
"(0.271969696969697, 0.999621212121212)",8,40071
"(0.4992424242424242, 0.999621212121212)",3,40074
"(0.3534090909090909, 0.999621212121212)",6,40080
"(0.5606060606060606, 0.999621212121212)",2,40082
"(0.2564393939393939, 0.999621212121212)",6,40088
"(0.5428030303030303, 0.999621212121212)",6,40094
"(0.3556818181818181, 0.999621212121212)",4,40098
"(0.5356060606060606, 0.999621212121212)",9,40107
"(0.5079545454545454, 0.999621212121212)",1,40108
"(0.440530303030303, 0.999621212121212)",12,40120
"(0.5303030303030303, 0.999621212121212)",2,40122
"(0.4477272727272727, 0.999621212121212)",1,40123
"(0.7007575757575758, 0.999621212121212)",1,40124
"(0.5208333333333334, 0.999621212121212)",1,40125
"(0.4265151515151515, 0.999621212121212)",1,40126
"(0.3776515151515151, 0.999621212121212)",1,40127
"(0.281060606060606, 0.999621212121212)",1,40128
"(0.4545454545454545, 0.999621212121212)",3,40131
"(0.7428030303030303, 0.999621212121212)",1,40132
"(0.809469696969697, 0.999621212121212)",1,40133
"(0.5545454545454546, 0.999621212121212)",1,40134
"(0.4583333333333333, 0.999621212121212)",1,40135
"(0.6829545454545455, 0.999621212121212)",2,40137
"(0.3496212121212121, 0.999621212121212)",4,40141
"(0.5443181818181818, 0.999621212121212)",3,40144
"(0.5378787878787878, 0.999621212121212)",2,40146
"(0.5450757575757574, 0.999621212121212)",2,40148
"(0.7136363636363636, 0.999621212121212)",1,40149
"(0.3560606060606061, 0.999621212121212)",4,40153
"(0.4515151515151515, 0.999621212121212)",1,40154
"(0.4534090909090909, 0.999621212121212)",1,40155
"(0.4549242424242424, 0.999621212121212)",2,40157
"(0.4617424242424242, 0.999621212121212)",2,40159
"(0.6041666666666666, 0.999621212121212)",2,40161
"(0.2996212121212121, 0.999621212121212)",1,40162
"(0.353030303030303, 0.999621212121212)",3,40165
"(0.2935606060606061, 0.999621212121212)",1,40166
"(0.7303030303030303, 0.999621212121212)",1,40167
"(0.6503787878787879, 0.999621212121212)",1,40168
"(0.459469696969697, 0.999621212121212)",5,40173
"(0.5875, 0.999621212121212)",1,40174
"(0.5189393939393939, 0.999621212121212)",1,40175
"(0.7178030303030303, 0.999621212121212)",1,40176
"(0.765530303030303, 0.999621212121212)",1,40177
"(0.531060606060606, 0.999621212121212)",3,40180
"(0.5295454545454545, 0.999621212121212)",1,40181
"(0.4238636363636364, 0.999621212121212)",1,40182
"(0.4931818181818181, 0.999621212121212)",2,40184
"(0.5458333333333333, 0.999621212121212)",2,40186
"(0.4825757575757576, 0.999621212121212)",2,40188
"(0.4469696969696969, 0.999621212121212)",16,40204
"(0.4579545454545454, 0.999621212121212)",7,40211
"(0.5257575757575758, 0.999621212121212)",5,40216
"(0.3102272727272727, 0.999621212121212)",3,40219
"(0.6575757575757576, 0.999621212121212)",3,40222
"(0.209090909090909, 0.999621212121212)",13,40235
"(0.3583333333333333, 0.999621212121212)",7,40242
"(0.3579545454545454, 0.999621212121212)",7,40249
"(0.2208333333333333, 0.999621212121212)",6,40255
"(0.2356060606060606, 0.999621212121212)",8,40263
"(0.4178030303030303, 0.999621212121212)",8,40271
"(0.2352272727272727, 0.999621212121212)",7,40278
"(0.4068181818181818, 0.999621212121212)",11,40289
"(0.3731060606060606, 0.999621212121212)",9,40298
"(0.4556818181818182, 0.999621212121212)",10,40308
"(0.3814393939393939, 0.999621212121212)",14,40322
"(0.3678030303030303, 0.999621212121212)",12,40334
"(0.4333333333333333, 0.999621212121212)",3,40337
"(0.368560606060606, 0.999621212121212)",9,40346
"(0.4109848484848485, 0.999621212121212)",4,40350
"(0.3484848484848485, 0.999621212121212)",9,40359
"(0.4553030303030303, 0.999621212121212)",1,40360
"(0.4606060606060606, 0.999621212121212)",3,40363
"(0.2856060606060606, 0.999621212121212)",8,40371
"(0.5022727272727273, 0.999621212121212)",1,40372
"(0.3473484848484848, 0.999621212121212)",2,40374
"(0.7477272727272727, 0.999621212121212)",1,40375
"(0.3318181818181818, 0.999621212121212)",6,40381
"(0.3393939393939394, 0.999621212121212)",8,40389
"(0.525, 0.999621212121212)",6,40395
"(0.2454545454545454, 0.999621212121212)",9,40404
"(0.5106060606060606, 0.999621212121212)",3,40407
"(0.456060606060606, 0.999621212121212)",6,40413
"(0.5333333333333333, 0.999621212121212)",11,40424
"(0.3844696969696969, 0.999621212121212)",5,40429
"(0.4083333333333333, 0.999621212121212)",1,40430
"(0.4268939393939394, 0.999621212121212)",4,40434
"(0.509469696969697, 0.999621212121212)",3,40437
"(0.2412878787878788, 0.999621212121212)",3,40440
"(0.4965909090909091, 0.999621212121212)",1,40441
"(0.6481060606060606, 0.999621212121212)",1,40442
"(0.3666666666666666, 0.999621212121212)",2,40444
"(0.4087121212121212, 0.999621212121212)",1,40445
"(0.2431818181818182, 0.999621212121212)",1,40446
"(0.4871212121212121, 0.999621212121212)",1,40447
"(0.6681818181818182, 0.999621212121212)",1,40448
"(0.6068181818181818, 0.999621212121212)",1,40449
"(0.2943181818181818, 0.999621212121212)",1,40450
"(0.5265151515151515, 0.999621212121212)",1,40451
"(0.5412878787878788, 0.999621212121212)",1,40452
"(0.5121212121212121, 0.999621212121212)",1,40453
"(0.2803030303030303, 0.999621212121212)",3,40456
"(0.3992424242424242, 0.999621212121212)",1,40457
"(0.3939393939393939, 0.999621212121212)",2,40459
"(0.6685606060606061, 0.999621212121212)",1,40460
"(0.5303030303030302, 0.999621212121212)",1,40461
"(0.4537878787878788, 0.999621212121212)",1,40462
"(0.6446969696969697, 0.999621212121212)",1,40463
"(0.709469696969697, 0.999621212121212)",2,40465
"(0.4943181818181818, 0.999621212121212)",1,40466
"(0.4693181818181818, 0.999621212121212)",2,40468
"(0.3681818181818181, 0.999621212121212)",1,40469
"(0.2553030303030303, 0.999621212121212)",6,40475
"(0.4659090909090909, 0.999621212121212)",1,40476
"(0.5454545454545454, 0.999621212121212)",1,40477
"(0.4715909090909091, 0.999621212121212)",1,40478
"(0.4571969696969697, 0.999621212121212)",11,40489
"(0.4689393939393939, 0.999621212121212)",2,40491
"(0.4678030303030303, 0.999621212121212)",1,40492
"(0.4518939393939394, 0.999621212121212)",1,40493
"(0.5034090909090909, 0.999621212121212)",1,40494
"(0.5321969696969697, 0.999621212121212)",1,40495
"(0.4651515151515151, 0.999621212121212)",1,40496
"(0.5481060606060606, 0.999621212121212)",8,40504
"(0.5329545454545455, 0.999621212121212)",4,40508
"(0.5371212121212121, 0.999621212121212)",1,40509
"(0.4939393939393939, 0.999621212121212)",1,40510
"(0.4003787878787879, 0.999621212121212)",2,40512
"(0.4053030303030303, 0.999621212121212)",2,40514
"(0.5537878787878788, 0.999621212121212)",1,40515
"(0.6284090909090909, 0.999621212121212)",1,40516
"(0.4234848484848484, 0.999621212121212)",1,40517
"(0.7246212121212121, 0.999621212121212)",2,40519
"(0.4382575757575757, 0.999621212121212)",3,40522
"(0.4674242424242424, 0.999621212121212)",1,40523
"(0.4602272727272727, 0.999621212121212)",2,40525
"(0.4636363636363636, 0.999621212121212)",1,40526
"(0.6954545454545454, 0.999621212121212)",1,40527
"(0.4333333333333333, 0.9992424242424244)",7,40534
"(0.5458333333333333, 0.9992424242424244)",2,40536
"(0.4515151515151515, 0.9992424242424244)",7,40543
"(0.7246212121212121, 0.9992424242424244)",2,40545
"(0.4382575757575757, 0.9992424242424244)",17,40562
"(0.4268939393939394, 0.9992424242424244)",4,40566
"(0.3768939393939394, 0.9992424242424244)",2,40568
"(0.353030303030303, 0.9992424242424244)",1,40569
"(0.6147727272727272, 0.9992424242424244)",1,40570
"(0.6041666666666666, 0.9992424242424244)",1,40571
"(0.2704545454545454, 0.9992424242424244)",11,40582
"(0.5337121212121212, 0.9992424242424244)",1,40583
"(0.4359848484848485, 0.9992424242424244)",11,40594
"(0.3401515151515151, 0.9992424242424244)",1,40595
"(0.4356060606060606, 0.9992424242424244)",7,40602
"(0.6685606060606061, 0.9992424242424244)",4,40606
"(0.4003787878787879, 0.9992424242424244)",8,40614
"(0.459469696969697, 0.9992424242424244)",4,40618
"(0.5424242424242425, 0.9992424242424244)",2,40620
"(0.734469696969697, 0.9992424242424244)",1,40621
"(0.253030303030303, 0.9992424242424244)",1,40622
"(0.4731060606060606, 0.9992424242424244)",3,40625
"(0.5303030303030302, 0.9992424242424244)",1,40626
"(0.525, 0.9992424242424244)",12,40638
"(0.5875, 0.9992424242424244)",1,40639
"(0.343560606060606, 0.9992424242424244)",4,40643
"(0.2492424242424242, 0.9992424242424244)",1,40644
"(0.3920454545454545, 0.9992424242424244)",4,40648
"(0.2943181818181818, 0.9992424242424244)",6,40654
"(0.2102272727272727, 0.9992424242424244)",3,40657
"(0.456060606060606, 0.9992424242424244)",2,40659
"(0.3481060606060606, 0.9992424242424244)",1,40660
"(0.4371212121212121, 0.9992424242424244)",2,40662
"(0.5348484848484848, 0.9992424242424244)",1,40663
"(0.5208333333333334, 0.9992424242424244)",1,40664
"(0.3814393939393939, 0.9992424242424244)",10,40674
"(0.5481060606060606, 0.9992424242424244)",15,40689
"(0.3484848484848485, 0.9992424242424244)",7,40696
"(0.3666666666666666, 0.9992424242424244)",1,40697
"(0.3632575757575758, 0.9992424242424244)",11,40708
"(0.4204545454545454, 0.9992424242424244)",1,40709
"(0.4965909090909091, 0.9992424242424244)",4,40713
"(0.2208333333333333, 0.9992424242424244)",6,40719
"(0.2454545454545454, 0.9992424242424244)",4,40723
"(0.2696969696969697, 0.9992424242424244)",1,40724
"(0.296969696969697, 0.9992424242424244)",6,40730
"(0.2431818181818182, 0.9992424242424244)",5,40735
"(0.3954545454545454, 0.9992424242424244)",1,40736
"(0.4784090909090909, 0.9992424242424244)",2,40738
"(0.5265151515151515, 0.9992424242424244)",1,40739
"(0.368560606060606, 0.9992424242424244)",4,40743
"(0.271969696969697, 0.9992424242424244)",6,40749
"(0.3583333333333333, 0.9992424242424244)",12,40761
"(0.3159090909090909, 0.9992424242424244)",11,40772
"(0.3325757575757576, 0.9992424242424244)",11,40783
"(0.3496212121212121, 0.9992424242424244)",9,40792
"(0.2803030303030303, 0.9992424242424244)",8,40800
"(0.4825757575757576, 0.9992424242424244)",4,40804
"(0.509469696969697, 0.9992424242424244)",1,40805
"(0.478030303030303, 0.9992424242424244)",2,40807
"(0.4579545454545454, 0.9992424242424244)",6,40813
"(0.3844696969696969, 0.9992424242424244)",3,40816
"(0.6708333333333333, 0.9992424242424244)",1,40817
"(0.4272727272727272, 0.9992424242424244)",1,40818
"(0.4602272727272727, 0.9992424242424244)",7,40825
"(0.4340909090909091, 0.9992424242424244)",12,40837
"(0.4462121212121212, 0.9992424242424244)",4,40841
"(0.4496212121212121, 0.9992424242424244)",7,40848
"(0.2996212121212121, 0.9992424242424244)",1,40849
"(0.4477272727272727, 0.9992424242424244)",1,40850
"(0.2981060606060606, 0.9992424242424244)",6,40856
"(0.4636363636363636, 0.9992424242424244)",3,40859
"(0.4556818181818182, 0.9992424242424244)",5,40864
"(0.5333333333333333, 0.9992424242424244)",9,40873
"(0.5034090909090909, 0.9992424242424244)",6,40879
"(0.4208333333333333, 0.9992424242424244)",1,40880
"(0.3174242424242424, 0.9992424242424244)",9,40889
"(0.4571969696969697, 0.9992424242424244)",9,40898
"(0.4568181818181818, 0.9992424242424244)",3,40901
"(0.4803030303030303, 0.9992424242424244)",1,40902
"(0.4083333333333333, 0.9992424242424244)",3,40905
"(0.3473484848484848, 0.9992424242424244)",1,40906
"(0.6375, 0.9992424242424244)",1,40907
"(0.3431818181818182, 0.9992424242424244)",8,40915
"(0.5344696969696969, 0.9992424242424244)",1,40916
"(0.809469696969697, 0.9992424242424244)",1,40917
"(0.4681818181818182, 0.9992424242424244)",4,40921
"(0.7325757575757575, 0.9992424242424244)",3,40924
"(0.4943181818181818, 0.9992424242424244)",1,40925
"(0.3223484848484849, 0.9992424242424244)",1,40926
"(0.4821969696969697, 0.9992424242424244)",1,40927
"(0.6284090909090909, 0.9992424242424244)",4,40931
"(0.6113636363636363, 0.9992424242424244)",1,40932
"(0.6481060606060606, 0.9992424242424244)",1,40933
"(0.4753787878787879, 0.9992424242424244)",1,40934
"(0.3556818181818181, 0.9992424242424244)",2,40936
"(0.4606060606060606, 0.9992424242424244)",2,40938
"(0.4886363636363636, 0.9992424242424244)",2,40940
"(0.709469696969697, 0.9992424242424244)",4,40944
"(0.4583333333333333, 0.9992424242424244)",2,40946
"(0.4674242424242424, 0.9992424242424244)",1,40947
"(0.5950757575757576, 0.9992424242424244)",2,40949
"(0.5454545454545454, 0.9992424242424244)",2,40951
"(0.3409090909090909, 0.9992424242424244)",4,40955
"(0.4867424242424242, 0.9992424242424244)",1,40956
"(0.5378787878787878, 0.9992424242424244)",3,40959
"(0.4518939393939394, 0.9992424242424244)",3,40962
"(0.2352272727272727, 0.9992424242424244)",1,40963
"(0.4534090909090909, 0.9992424242424244)",5,40968
"(0.7518939393939394, 0.9992424242424244)",1,40969
"(0.5022727272727273, 0.9992424242424244)",1,40970
"(0.3992424242424242, 0.9992424242424244)",2,40972
"(0.4109848484848485, 0.9992424242424244)",3,40975
"(0.4049242424242424, 0.9992424242424244)",2,40977
"(0.4428030303030303, 0.9992424242424244)",1,40978
"(0.4431818181818182, 0.9992424242424244)",1,40979
"(0.3564393939393939, 0.9992424242424244)",1,40980
"(0.656439393939394, 0.9992424242424244)",2,40982
"(0.7571969696969696, 0.9992424242424244)",1,40983
"(0.4102272727272727, 0.9992424242424244)",1,40984
"(0.543939393939394, 0.9992424242424244)",10,40994
"(0.3537878787878787, 0.9992424242424244)",6,41000
"(0.2553030303030303, 0.9992424242424244)",5,41005
"(0.5674242424242424, 0.9992424242424244)",1,41006
"(0.4507575757575757, 0.9992424242424244)",3,41009
"(0.5890151515151515, 0.9992424242424244)",5,41014
"(0.4178030303030303, 0.9992424242424244)",5,41019
"(0.4678030303030303, 0.9992424242424244)",1,41020
"(0.5431818181818182, 0.9992424242424244)",7,41027
"(0.7159090909090909, 0.9992424242424244)",1,41028
"(0.4890151515151515, 0.9992424242424244)",9,41037
"(0.3223484848484848, 0.9992424242424244)",5,41042
"(0.5272727272727272, 0.9992424242424244)",1,41043
"(0.4378787878787878, 0.9992424242424244)",5,41048
"(0.2579545454545454, 0.9992424242424244)",6,41054
"(0.2401515151515151, 0.9992424242424244)",7,41061
"(0.3875, 0.9992424242424244)",5,41066
"(0.3731060606060606, 0.9992424242424244)",7,41073
"(0.2893939393939393, 0.9992424242424244)",4,41077
"(0.5106060606060606, 0.9992424242424244)",3,41080
"(0.440530303030303, 0.9992424242424244)",3,41083
"(0.4087121212121212, 0.9992424242424244)",2,41085
"(0.4174242424242424, 0.9992424242424244)",5,41090
"(0.6053030303030303, 0.9992424242424244)",1,41091
"(0.4613636363636363, 0.9992424242424244)",1,41092
"(0.484090909090909, 0.9992424242424244)",1,41093
"(0.5325757575757576, 0.9992424242424244)",4,41097
"(0.4253787878787878, 0.9992424242424244)",1,41098
"(0.431060606060606, 0.9992424242424244)",6,41104
"(0.8212121212121212, 0.9992424242424244)",1,41105
"(0.4469696969696969, 0.9992424242424244)",1,41106
"(0.5189393939393939, 0.9992424242424244)",4,41110
"(0.3534090909090909, 0.9992424242424244)",2,41112
"(0.7007575757575758, 0.9992424242424244)",1,41113
"(0.4689393939393939, 0.9992424242424244)",1,41114
"(0.3678030303030303, 0.9992424242424244)",12,41126
"(0.5848484848484848, 0.9992424242424244)",1,41127
"(0.4291666666666666, 0.9992424242424244)",13,41140
"(0.1859848484848484, 0.9992424242424244)",3,41143
"(0.4492424242424242, 0.9992424242424244)",1,41144
"(0.4617424242424242, 0.9992424242424244)",10,41154
"(0.4375, 0.9992424242424244)",1,41155
"(0.4132575757575757, 0.9992424242424244)",7,41162
"(0.5287878787878788, 0.9992424242424244)",8,41170
"(0.2196969696969697, 0.9992424242424244)",5,41175
"(0.4242424242424242, 0.9992424242424244)",6,41181
"(0.443560606060606, 0.9992424242424244)",3,41184
"(0.3746212121212121, 0.9992424242424244)",3,41187
"(0.4659090909090909, 0.9992424242424244)",5,41192
"(0.3041666666666666, 0.9992424242424244)",3,41195
"(0.2143939393939394, 0.9992424242424244)",1,41196
"(0.5443181818181818, 0.9992424242424244)",4,41200
"(0.3609848484848484, 0.9992424242424244)",3,41203
"(0.5871212121212122, 0.9992424242424244)",1,41204
"(0.3681818181818181, 0.9992424242424244)",3,41207
"(0.5647727272727273, 0.9992424242424244)",3,41210
"(0.2174242424242424, 0.9992424242424244)",3,41213
"(0.4257575757575758, 0.9992424242424244)",3,41216
"(0.4799242424242424, 0.9992424242424244)",3,41219
"(0.465530303030303, 0.9992424242424244)",4,41223
"(0.4647727272727273, 0.9992424242424244)",1,41224
"(0.3295454545454545, 0.9992424242424244)",4,41228
"(0.6068181818181818, 0.9992424242424244)",3,41231
"(0.4992424242424242, 0.9992424242424244)",3,41234
"(0.4871212121212121, 0.9992424242424244)",3,41237
"(0.3143939393939394, 0.9992424242424244)",3,41240
"(0.4795454545454545, 0.9992424242424244)",3,41243
"(0.3371212121212121, 0.9992424242424244)",3,41246
"(0.2428030303030303, 0.9992424242424244)",3,41249
"(0.4609848484848485, 0.9992424242424244)",1,41250
"(0.534469696969697, 0.9992424242424244)",3,41253
"(0.4276515151515151, 0.9992424242424244)",3,41256
"(0.4284090909090909, 0.9992424242424244)",2,41258
"(0.4079545454545454, 0.9992424242424244)",13,41271
"(0.2522727272727272, 0.9992424242424244)",3,41274
"(0.209090909090909, 0.9992424242424244)",1,41275
"(0.6575757575757576, 0.9992424242424244)",6,41281
"(0.4125, 0.9992424242424244)",3,41284
"(0.4549242424242424, 0.9992424242424244)",1,41285
"(0.2742424242424242, 0.9992424242424244)",3,41288
"(0.2329545454545454, 0.9992424242424244)",3,41291
"(0.4053030303030303, 0.9992424242424244)",10,41301
"(0.2356060606060606, 0.9992424242424244)",3,41304
"(0.228030303030303, 0.9992424242424244)",9,41313
"(0.6166666666666667, 0.9992424242424244)",1,41314
"(0.365530303030303, 0.9992424242424244)",3,41317
"(0.531060606060606, 0.9992424242424244)",1,41318
"(0.4651515151515151, 0.9992424242424244)",4,41322
"(0.5098484848484849, 0.9992424242424244)",6,41328
"(0.5303030303030303, 0.9992424242424244)",1,41329
"(0.4553030303030303, 0.9992424242424244)",1,41330
"(0.2776515151515151, 0.9992424242424244)",3,41333
"(0.4621212121212121, 0.9992424242424244)",5,41338
"(0.5257575757575758, 0.9992424242424244)",6,41344
"(0.3579545454545454, 0.9992424242424244)",5,41349
"(0.5053030303030303, 0.9992424242424244)",3,41352
"(0.6337121212121212, 0.9992424242424244)",3,41355
"(0.5606060606060606, 0.9992424242424244)",3,41358
"(0.5329545454545455, 0.9992424242424244)",7,41365
"(0.3602272727272727, 0.9992424242424244)",3,41368
"(0.3318181818181818, 0.9992424242424244)",5,41373
"(0.3617424242424242, 0.9992424242424244)",3,41376
"(0.5356060606060606, 0.9992424242424244)",8,41384
"(0.4863636363636364, 0.9992424242424244)",3,41387
"(0.4068181818181818, 0.9992424242424244)",4,41391
"(0.3920454545454545, 0.9988636363636364)",7,41398
"(0.4079545454545454, 0.9988636363636364)",5,41403
"(0.484090909090909, 0.9988636363636364)",8,41411
"(0.5545454545454546, 0.9988636363636364)",1,41412
"(0.2553030303030303, 0.9988636363636364)",3,41415
"(0.4056818181818182, 0.9988636363636364)",1,41416
"(0.2208333333333333, 0.9988636363636364)",7,41423
"(0.2352272727272727, 0.9988636363636364)",4,41427
"(0.5325757575757576, 0.9988636363636364)",3,41430
"(0.6765151515151515, 0.9988636363636364)",1,41431
"(0.7200757575757577, 0.9988636363636364)",1,41432
"(0.5257575757575758, 0.9988636363636364)",1,41433
"(0.4583333333333333, 0.9988636363636364)",6,41439
"(0.4867424242424242, 0.9988636363636364)",6,41445
"(0.5950757575757576, 0.9988636363636364)",1,41446
"(0.4571969696969697, 0.9988636363636364)",4,41450
"(0.4109848484848485, 0.9988636363636364)",3,41453
"(0.3117424242424242, 0.9988636363636364)",1,41454
"(0.531439393939394, 0.9988636363636364)",3,41457
"(0.4068181818181818, 0.9988636363636364)",7,41464
"(0.4943181818181818, 0.9988636363636364)",1,41465
"(0.4242424242424242, 0.9988636363636364)",4,41469
"(0.3992424242424242, 0.9988636363636364)",4,41473
"(0.4125, 0.9988636363636364)",3,41476
"(0.4681818181818182, 0.9988636363636364)",5,41481
"(0.4518939393939394, 0.9988636363636364)",6,41487
"(0.3159090909090909, 0.9988636363636364)",5,41492
"(0.2761363636363636, 0.9988636363636364)",3,41495
"(0.4768939393939393, 0.9988636363636364)",2,41497
"(0.271969696969697, 0.9988636363636364)",1,41498
"(0.5632575757575757, 0.9988636363636364)",1,41499
"(0.4651515151515151, 0.9988636363636364)",4,41503
"(0.2401515151515151, 0.9988636363636364)",3,41506
"(0.4772727272727273, 0.9988636363636364)",2,41508
"(0.2628787878787879, 0.9988636363636364)",1,41509
"(0.4602272727272727, 0.9988636363636364)",8,41517
"(0.4753787878787879, 0.9988636363636364)",12,41529
"(0.3431818181818182, 0.9988636363636364)",3,41532
"(0.4613636363636363, 0.9988636363636364)",1,41533
"(0.4799242424242424, 0.9988636363636364)",3,41536
"(0.2803030303030303, 0.9988636363636364)",5,41541
"(0.5886363636363636, 0.9988636363636364)",2,41543
"(0.7571969696969696, 0.9988636363636364)",1,41544
"(0.2712121212121212, 0.9988636363636364)",3,41547
"(0.431060606060606, 0.9988636363636364)",1,41548
"(0.5890151515151515, 0.9988636363636364)",13,41561
"(0.6098484848484849, 0.9988636363636364)",2,41563
"(0.4852272727272727, 0.9988636363636364)",2,41565
"(0.4787878787878787, 0.9988636363636364)",1,41566
"(0.4897727272727272, 0.9988636363636364)",1,41567
"(0.4469696969696969, 0.9988636363636364)",8,41575
"(0.6621212121212121, 0.9988636363636364)",1,41576
"(0.4931818181818181, 0.9988636363636364)",1,41577
"(0.4579545454545454, 0.9988636363636364)",1,41578
"(0.2776515151515151, 0.9988636363636364)",3,41581
"(0.2102272727272727, 0.9988636363636364)",10,41591
"(0.4227272727272727, 0.9988636363636364)",1,41592
"(0.4507575757575757, 0.9988636363636364)",2,41594
"(0.6268939393939394, 0.9988636363636364)",1,41595
"(0.4617424242424242, 0.9988636363636364)",9,41604
"(0.209090909090909, 0.9988636363636364)",4,41608
"(0.471969696969697, 0.9988636363636364)",3,41611
"(0.5117424242424242, 0.9988636363636364)",3,41614
"(0.4276515151515151, 0.9988636363636364)",5,41619
"(0.3666666666666666, 0.9988636363636364)",1,41620
"(0.7708333333333334, 0.9988636363636364)",1,41621
"(0.6954545454545454, 0.9988636363636364)",1,41622
"(0.3, 0.9988636363636364)",1,41623
"(0.4568181818181818, 0.9988636363636364)",7,41630
"(0.4450757575757575, 0.9988636363636364)",1,41631
"(0.5378787878787878, 0.9988636363636364)",1,41632
"(0.443560606060606, 0.9988636363636364)",3,41635
"(0.4359848484848485, 0.9988636363636364)",4,41639
"(0.4268939393939394, 0.9988636363636364)",5,41644
"(0.2488636363636363, 0.9988636363636364)",2,41646
"(0.7371212121212121, 0.9988636363636364)",1,41647
"(0.5602272727272727, 0.9988636363636364)",1,41648
"(0.7477272727272727, 0.9988636363636364)",2,41650
"(0.7159090909090909, 0.9988636363636364)",1,41651
"(0.4477272727272727, 0.9988636363636364)",4,41655
"(0.459469696969697, 0.9988636363636364)",3,41658
"(0.2696969696969697, 0.9988636363636364)",12,41670
"(0.540530303030303, 0.9988636363636364)",1,41671
"(0.4890151515151515, 0.9988636363636364)",1,41672
"(0.4556818181818182, 0.9988636363636364)",4,41676
"(0.6337121212121212, 0.9988636363636364)",2,41678
"(0.3814393939393939, 0.9988636363636364)",9,41687
"(0.4659090909090909, 0.9988636363636364)",7,41694
"(0.4333333333333333, 0.9988636363636364)",3,41697
"(0.3965909090909091, 0.9988636363636364)",1,41698
"(0.531060606060606, 0.9988636363636364)",3,41701
"(0.4265151515151515, 0.9988636363636364)",1,41702
"(0.2723484848484848, 0.9988636363636364)",1,41703
"(0.5454545454545454, 0.9988636363636364)",1,41704
"(0.8007575757575758, 0.9988636363636364)",1,41705
"(0.456060606060606, 0.9988636363636364)",10,41715
"(0.543939393939394, 0.9988636363636364)",1,41716
"(0.4821969696969697, 0.9988636363636364)",1,41717
"(0.353030303030303, 0.9988636363636364)",3,41720
"(0.4003787878787879, 0.9988636363636364)",4,41724
"(0.4621212121212121, 0.9988636363636364)",6,41730
"(0.4431818181818182, 0.9988636363636364)",4,41734
"(0.3954545454545454, 0.9988636363636364)",6,41740
"(0.4428030303030303, 0.9988636363636364)",3,41743
"(0.3496212121212121, 0.9988636363636364)",3,41746
"(0.4083333333333333, 0.9988636363636364)",1,41747
"(0.5484848484848485, 0.9988636363636364)",1,41748
"(0.4087121212121212, 0.9988636363636364)",4,41752
"(0.5265151515151515, 0.9988636363636364)",1,41753
"(0.4678030303030303, 0.9988636363636364)",2,41755
"(0.4553030303030303, 0.9988636363636364)",2,41757
"(0.2356060606060606, 0.9988636363636364)",1,41758
"(0.5356060606060606, 0.9988636363636364)",2,41760
"(0.6446969696969697, 0.9988636363636364)",2,41762
"(0.3632575757575758, 0.9988636363636364)",4,41766
"(0.4662878787878788, 0.9988636363636364)",2,41768
"(0.1859848484848484, 0.9988636363636364)",1,41769
"(0.7178030303030303, 0.9988636363636364)",1,41770
"(0.4689393939393939, 0.9988636363636364)",3,41773
"(0.6166666666666667, 0.9988636363636364)",3,41776
"(0.3223484848484848, 0.9988636363636364)",6,41782
"(0.7518939393939394, 0.9988636363636364)",6,41788
"(0.3556818181818181, 0.9988636363636364)",1,41789
"(0.2579545454545454, 0.9988636363636364)",3,41792
"(0.3223484848484849, 0.9988636363636364)",1,41793
"(0.4632575757575757, 0.9988636363636364)",1,41794
"(0.4356060606060606, 0.9988636363636364)",4,41798
"(0.5113636363636364, 0.9988636363636364)",1,41799
"(0.3393939393939394, 0.9988636363636364)",7,41806
"(0.5458333333333333, 0.9988636363636364)",1,41807
"(0.2875, 0.9988636363636364)",1,41808
"(0.2295454545454545, 0.9988636363636364)",1,41809
"(0.4693181818181818, 0.9988636363636364)",3,41812
"(0.5178030303030303, 0.9988636363636364)",6,41818
"(0.4784090909090909, 0.9988636363636364)",4,41822
"(0.4761363636363636, 0.9988636363636364)",1,41823
"(0.4746212121212121, 0.9988636363636364)",2,41825
"(0.4814393939393939, 0.9988636363636364)",3,41828
"(0.5424242424242425, 0.9988636363636364)",4,41832
"(0.4208333333333333, 0.9988636363636364)",11,41843
"(0.4825757575757576, 0.9988636363636364)",2,41845
"(0.3174242424242424, 0.9988636363636364)",5,41850
"(0.3534090909090909, 0.9988636363636364)",5,41855
"(0.343560606060606, 0.9988636363636364)",2,41857
"(0.2943181818181818, 0.9988636363636364)",4,41861
"(0.5321969696969697, 0.9988636363636364)",3,41864
"(0.3579545454545454, 0.9988636363636364)",3,41867
"(0.6829545454545455, 0.9988636363636364)",2,41869
"(0.5303030303030302, 0.9988636363636364)",2,41871
"(0.4291666666666666, 0.9988636363636364)",16,41887
"(0.525, 0.9988636363636364)",7,41894
"(0.4965909090909091, 0.9988636363636364)",2,41896
"(0.2784090909090909, 0.9988636363636364)",3,41899
"(0.3617424242424242, 0.9988636363636364)",3,41902
"(0.4204545454545454, 0.9988636363636364)",3,41905
"(0.3484848484848485, 0.9988636363636364)",1,41906
"(0.6696969696969697, 0.9988636363636364)",1,41907
"(0.3325757575757576, 0.9988636363636364)",1,41908
"(0.4462121212121212, 0.9988636363636364)",7,41915
"(0.6575757575757576, 0.9988636363636364)",6,41921
"(0.3678030303030303, 0.9988636363636364)",4,41925
"(0.7439393939393939, 0.9988636363636364)",2,41927
"(0.2981060606060606, 0.9988636363636364)",3,41930
"(0.4174242424242424, 0.9988636363636364)",10,41940
"(0.2856060606060606, 0.9988636363636364)",10,41950
"(0.2893939393939393, 0.9988636363636364)",1,41951
"(0.228030303030303, 0.9988636363636364)",8,41959
"(0.3409090909090909, 0.9988636363636364)",1,41960
"(0.4053030303030303, 0.9988636363636364)",1,41961
"(0.4534090909090909, 0.9988636363636364)",4,41965
"(0.5132575757575758, 0.9988636363636364)",2,41967
"(0.478030303030303, 0.9988636363636364)",4,41971
"(0.4178030303030303, 0.9988636363636364)",3,41974
"(0.5034090909090909, 0.9988636363636364)",1,41975
"(0.534469696969697, 0.9988636363636364)",3,41978
"(0.440530303030303, 0.9988636363636364)",2,41980
"(0.2704545454545454, 0.9988636363636364)",1,41981
"(0.5056818181818182, 0.9988636363636364)",3,41984
"(0.7875, 0.9988636363636364)",2,41986
"(0.4340909090909091, 0.9988636363636364)",6,41992
"(0.4606060606060606, 0.9988636363636364)",6,41998
"(0.5428030303030303, 0.9988636363636364)",2,42000
"(0.3537878787878787, 0.9988636363636364)",2,42002
"(0.5443181818181818, 0.9988636363636364)",3,42005
"(0.5303030303030303, 0.9988636363636364)",1,42006
"(0.3875, 0.9988636363636364)",4,42010
"(0.4132575757575757, 0.9988636363636364)",2,42012
"(0.465530303030303, 0.9988636363636364)",4,42016
"(0.3321969696969697, 0.9988636363636364)",3,42019
"(0.4049242424242424, 0.9988636363636364)",5,42024
"(0.4882575757575758, 0.9988636363636364)",1,42025
"(0.3318181818181818, 0.9988636363636364)",4,42029
"(0.4496212121212121, 0.9988636363636364)",1,42030
"(0.6068181818181818, 0.9988636363636364)",1,42031
"(0.3731060606060606, 0.9988636363636364)",1,42032
"(0.5175, 0.99875)",5,42037
"(0.61875, 0.99875)",5,42042
"(0.51125, 0.99875)",11,42053
"(0.49, 0.99875)",90,42143
"(0.48625, 0.99875)",45,42188
"(0.49875, 0.99875)",47,42235
"(0.56125, 0.99875)",2,42237
"(0.4525, 0.99875)",3,42240
"(0.65125, 0.99875)",2,42242
"(0.53, 0.99875)",3,42245
"(0.39, 0.99875)",1,42246
"(0.43625, 0.99875)",4,42250
"(0.48875, 0.99875)",60,42310
"(0.42375, 0.99875)",4,42314
"(0.40875, 0.99875)",4,42318
"(0.6, 0.99875)",3,42321
"(0.4975, 0.99875)",53,42374
"(0.6575, 0.99875)",1,42375
"(0.48375, 0.99875)",2,42377
"(0.47625, 0.99875)",46,42423
"(0.485, 0.99875)",2,42425
"(0.43, 0.99875)",3,42428
"(0.51875, 0.99875)",42,42470
"(0.6275, 0.99875)",4,42474
"(0.32875, 0.99875)",1,42475
"(0.63125, 0.99875)",1,42476
"(0.575, 0.99875)",4,42480
"(0.49625, 0.99875)",45,42525
"(0.50375, 0.99875)",9,42534
"(0.37875, 0.99875)",2,42536
"(0.51, 0.99875)",53,42589
"(0.36875, 0.99875)",4,42593
"(0.57125, 0.99875)",1,42594
"(0.605, 0.99875)",1,42595
"(0.495, 0.99875)",1,42596
"(0.4925, 0.99875)",115,42711
"(0.6175, 0.99875)",1,42712
"(0.61125, 0.99875)",1,42713
"(0.555, 0.99875)",1,42714
"(0.675, 0.99875)",3,42717
"(0.51375, 0.99875)",6,42723
"(0.49125, 0.99875)",1,42724
"(0.5075, 0.99875)",5,42729
"(0.4875, 0.99875)",6,42735
"(0.50625, 0.99875)",17,42752
"(0.67125, 0.99875)",1,42753
"(0.5125, 0.99875)",1,42754
"(0.5025, 0.99875)",48,42802
"(0.5375, 0.99875)",2,42804
"(0.49375, 0.99875)",142,42946
"(0.535, 0.99875)",1,42947
"(0.46625, 0.99875)",3,42950
"(0.60625, 0.99875)",1,42951
"(0.50875, 0.99875)",64,43015
"(0.66875, 0.99875)",1,43016
"(0.63625, 0.99875)",4,43020
"(0.4325, 0.99875)",3,43023
"(0.65875, 0.99875)",3,43026
"(0.4825, 0.99875)",44,43070
"(0.41, 0.99875)",6,43076
"(0.505, 0.99875)",49,43125
"(0.515, 0.99875)",6,43131
"(0.7404545454545455, 0.9986363636363637)",1,43132
"(0.6559090909090909, 0.9986363636363637)",1,43133
"(0.6640909090909091, 0.9986363636363637)",1,43134
"(0.7059090909090909, 0.9986363636363637)",1,43135
"(0.3583333333333333, 0.9984848484848484)",3,43138
"(0.3560606060606061, 0.9984848484848484)",1,43139
"(0.4787878787878787, 0.9984848484848484)",2,43141
"(0.465530303030303, 0.9984848484848484)",3,43144
"(0.5034090909090909, 0.9984848484848484)",4,43148
"(0.5871212121212122, 0.9984848484848484)",2,43150
"(0.7246212121212121, 0.9984848484848484)",1,43151
"(0.2454545454545454, 0.9984848484848484)",6,43157
"(0.6575757575757576, 0.9984848484848484)",4,43161
"(0.4890151515151515, 0.9984848484848484)",2,43163
"(0.4746212121212121, 0.9984848484848484)",2,43165
"(0.3409090909090909, 0.9984848484848484)",2,43167
"(0.5132575757575758, 0.9984848484848484)",2,43169
"(0.4003787878787879, 0.9984848484848484)",1,43170
"(0.5356060606060606, 0.9984848484848484)",1,43171
"(0.5412878787878788, 0.9984848484848484)",2,43173
"(0.3666666666666666, 0.9984848484848484)",4,43177
"(0.4571969696969697, 0.9984848484848484)",6,43183
"(0.5238636363636363, 0.9984848484848484)",1,43184
"(0.6113636363636363, 0.9984848484848484)",2,43186
"(0.3431818181818182, 0.9984848484848484)",3,43189
"(0.2893939393939393, 0.9984848484848484)",4,43193
"(0.2723484848484848, 0.9984848484848484)",1,43194
"(0.4556818181818182, 0.9984848484848484)",8,43202
"(0.5117424242424242, 0.9984848484848484)",3,43205
"(0.4553030303030303, 0.9984848484848484)",1,43206
"(0.4462121212121212, 0.9984848484848484)",6,43212
"(0.4174242424242424, 0.9984848484848484)",5,43217
"(0.5333333333333333, 0.9984848484848484)",6,43223
"(0.5242424242424243, 0.9984848484848484)",3,43226
"(0.459469696969697, 0.9984848484848484)",3,43229
"(0.3401515151515151, 0.9984848484848484)",2,43231
"(0.4109848484848485, 0.9984848484848484)",2,43233
"(0.471969696969697, 0.9984848484848484)",1,43234
"(0.4791666666666667, 0.9984848484848484)",1,43235
"(0.4125, 0.9984848484848484)",3,43238
"(0.4178030303030303, 0.9984848484848484)",2,43240
"(0.4382575757575757, 0.9984848484848484)",2,43242
"(0.4049242424242424, 0.9984848484848484)",4,43246
"(0.5950757575757576, 0.9984848484848484)",3,43249
"(0.5121212121212121, 0.9984848484848484)",1,43250
"(0.2784090909090909, 0.9984848484848484)",2,43252
"(0.2803030303030303, 0.9984848484848484)",1,43253
"(0.4375, 0.9984848484848484)",1,43254
"(0.2401515151515151, 0.9984848484848484)",1,43255
"(0.5431818181818182, 0.9984848484848484)",3,43258
"(0.5303030303030303, 0.9984848484848484)",1,43259
"(0.4537878787878788, 0.9984848484848484)",1,43260
"(0.6321969696969697, 0.9984848484848484)",3,43263
"(0.4079545454545454, 0.9984848484848484)",2,43265
"(0.3537878787878787, 0.9984848484848484)",4,43269
"(0.6189393939393939, 0.9984848484848484)",3,43272
"(0.2696969696969697, 0.9984848484848484)",3,43275
"(0.5272727272727272, 0.9984848484848484)",1,43276
"(0.5454545454545454, 0.9984848484848484)",1,43277
"(0.5393939393939394, 0.9984848484848484)",1,43278
"(0.4378787878787878, 0.9984848484848484)",7,43285
"(0.5632575757575757, 0.9984848484848484)",2,43287
"(0.440530303030303, 0.9984848484848484)",1,43288
"(0.3321969696969697, 0.9984848484848484)",4,43292
"(0.3223484848484848, 0.9984848484848484)",3,43295
"(0.7212121212121212, 0.9984848484848484)",1,43296
"(0.2352272727272727, 0.9984848484848484)",2,43298
"(0.3159090909090909, 0.9984848484848484)",9,43307
"(0.4359848484848485, 0.9984848484848484)",1,43308
"(0.4087121212121212, 0.9984848484848484)",2,43310
"(0.3102272727272727, 0.9984848484848484)",3,43313
"(0.2488636363636363, 0.9984848484848484)",3,43316
"(0.6268939393939394, 0.9984848484848484)",1,43317
"(0.4939393939393939, 0.9984848484848484)",2,43319
"(0.296969696969697, 0.9984848484848484)",3,43322
"(0.4356060606060606, 0.9984848484848484)",2,43324
"(0.4204545454545454, 0.9984848484848484)",7,43331
"(0.4632575757575757, 0.9984848484848484)",7,43338
"(0.3844696969696969, 0.9984848484848484)",4,43342
"(0.4583333333333333, 0.9984848484848484)",8,43350
"(0.4651515151515151, 0.9984848484848484)",10,43360
"(0.431060606060606, 0.9984848484848484)",1,43361
"(0.4621212121212121, 0.9984848484848484)",9,43370
"(0.2102272727272727, 0.9984848484848484)",8,43378
"(0.4469696969696969, 0.9984848484848484)",2,43380
"(0.4492424242424242, 0.9984848484848484)",1,43381
"(0.5287878787878788, 0.9984848484848484)",2,43383
"(0.2143939393939394, 0.9984848484848484)",2,43385
"(0.6829545454545455, 0.9984848484848484)",3,43388
"(0.6799242424242424, 0.9984848484848484)",1,43389
"(0.3632575757575758, 0.9984848484848484)",3,43392
"(0.5045454545454545, 0.9984848484848484)",1,43393
"(0.2579545454545454, 0.9984848484848484)",8,43401
"(0.5303030303030302, 0.9984848484848484)",1,43402
"(0.343560606060606, 0.9984848484848484)",3,43405
"(0.2939393939393939, 0.9984848484848484)",1,43406
"(0.3223484848484849, 0.9984848484848484)",6,43412
"(0.4897727272727272, 0.9984848484848484)",5,43417
"(0.3473484848484848, 0.9984848484848484)",5,43422
"(0.5450757575757574, 0.9984848484848484)",1,43423
"(0.4886363636363636, 0.9984848484848484)",1,43424
"(0.5375, 0.9984848484848484)",1,43425
"(0.2875, 0.9984848484848484)",3,43428
"(0.4534090909090909, 0.9984848484848484)",5,43433
"(0.3284090909090909, 0.9984848484848484)",1,43434
"(0.4996212121212121, 0.9984848484848484)",1,43435
"(0.7325757575757575, 0.9984848484848484)",1,43436
"(0.368560606060606, 0.9984848484848484)",4,43440
"(0.5022727272727273, 0.9984848484848484)",4,43444
"(0.3174242424242424, 0.9984848484848484)",4,43448
"(0.4291666666666666, 0.9984848484848484)",7,43455
"(0.4931818181818181, 0.9984848484848484)",1,43456
"(0.4901515151515151, 0.9984848484848484)",1,43457
"(0.4227272727272727, 0.9984848484848484)",1,43458
"(0.4617424242424242, 0.9984848484848484)",1,43459
"(0.3678030303030303, 0.9984848484848484)",4,43463
"(0.484469696969697, 0.9984848484848484)",3,43466
"(0.4825757575757576, 0.9984848484848484)",3,43469
"(0.5037878787878788, 0.9984848484848484)",3,43472
"(0.3534090909090909, 0.9984848484848484)",8,43480
"(0.271969696969697, 0.9984848484848484)",4,43484
"(0.4496212121212121, 0.9984848484848484)",1,43485
"(0.2553030303030303, 0.9984848484848484)",5,43490
"(0.4253787878787878, 0.9984848484848484)",7,43497
"(0.4431818181818182, 0.9984848484848484)",5,43502
"(0.2704545454545454, 0.9984848484848484)",5,43507
"(0.5890151515151515, 0.9984848484848484)",1,43508
"(0.4852272727272727, 0.9984848484848484)",3,43511
"(0.3556818181818181, 0.9984848484848484)",3,43514
"(0.4943181818181818, 0.9984848484848484)",3,43517
"(0.3318181818181818, 0.9984848484848484)",1,43518
"(0.5496212121212121, 0.9984848484848484)",1,43519
"(0.2628787878787879, 0.9984848484848484)",3,43522
"(0.3496212121212121, 0.9984848484848484)",6,43528
"(0.1859848484848484, 0.9984848484848484)",10,43538
"(0.2356060606060606, 0.9984848484848484)",3,43541
"(0.3920454545454545, 0.9984848484848484)",3,43544
"(0.543939393939394, 0.9984848484848484)",3,43547
"(0.4871212121212121, 0.9984848484848484)",1,43548
"(0.3814393939393939, 0.9984848484848484)",4,43552
"(0.484090909090909, 0.9984848484848484)",3,43555
"(0.4208333333333333, 0.9984848484848484)",3,43558
"(0.3875, 0.9984848484848484)",6,43564
"(0.4579545454545454, 0.9984848484848484)",3,43567
"(0.4053030303030303, 0.9984848484848484)",6,43573
"(0.3731060606060606, 0.9984848484848484)",1,43574
"(0.209090909090909, 0.9984848484848484)",6,43580
"(0.3117424242424242, 0.9984848484848484)",2,43582
"(0.228030303030303, 0.9984848484848484)",5,43587
"(0.4829545454545454, 0.9984848484848484)",1,43588
"(0.4606060606060606, 0.9984848484848484)",6,43594
"(0.4132575757575757, 0.9984848484848484)",1,43595
"(0.4314393939393939, 0.9984848484848484)",3,43598
"(0.5401515151515152, 0.9984848484848484)",2,43600
"(0.4761363636363636, 0.9984848484848484)",4,43604
"(0.3579545454545454, 0.9984848484848484)",2,43606
"(0.5378787878787878, 0.9984848484848484)",2,43608
"(0.4920454545454545, 0.9984848484848484)",4,43612
"(0.6696969696969697, 0.9984848484848484)",2,43614
"(0.3954545454545454, 0.9984848484848484)",1,43615
"(0.5106060606060606, 0.9984848484848484)",3,43618
"(0.2943181818181818, 0.9984848484848484)",2,43620
"(0.4276515151515151, 0.9984848484848484)",4,43624
"(0.4443181818181818, 0.9984848484848484)",4,43628
"(0.5458333333333333, 0.9984848484848484)",2,43630
"(0.4518939393939394, 0.9984848484848484)",5,43635
"(0.4333333333333333, 0.9984848484848484)",4,43639
"(0.456060606060606, 0.9984848484848484)",5,43644
"(0.3375, 0.9984848484848484)",2,43646
"(0.3393939393939394, 0.9984848484848484)",7,43653
"(0.4856060606060606, 0.9984848484848484)",1,43654
"(0.4507575757575757, 0.9984848484848484)",3,43657
"(0.4242424242424242, 0.9984848484848484)",5,43662
"(0.4659090909090909, 0.9984848484848484)",4,43666
"(0.2253787878787878, 0.9984848484848484)",3,43669
"(0.5257575757575758, 0.9984848484848484)",1,43670
"(0.325, 0.9984848484848484)",3,43673
"(0.2981060606060606, 0.9984848484848484)",4,43677
"(0.7477272727272727, 0.9984848484848484)",1,43678
"(0.525, 0.9984848484848484)",6,43684
"(0.3484848484848485, 0.9984848484848484)",2,43686
"(0.4803030303030303, 0.9984848484848484)",7,43693
"(0.4602272727272727, 0.9984848484848484)",1,43694
"(0.4268939393939394, 0.9984848484848484)",3,43697
"(0.5424242424242425, 0.9984848484848484)",7,43704
"(0.4340909090909091, 0.9984848484848484)",4,43708
"(0.7059090909090909, 0.9981818181818182)",1,43709
"(0.625, 0.9981818181818182)",1,43710
"(0.7363636363636363, 0.9981818181818182)",1,43711
"(0.6445454545454545, 0.9981818181818182)",1,43712
"(0.605909090909091, 0.9981818181818182)",1,43713
"(0.6640909090909091, 0.9981818181818182)",1,43714
"(0.6190909090909091, 0.9981818181818182)",2,43716
"(0.6863636363636364, 0.9981818181818182)",1,43717
"(0.6927272727272727, 0.9981818181818182)",1,43718
"(0.7018181818181818, 0.9981818181818182)",1,43719
"(0.7004545454545454, 0.9981818181818182)",1,43720
"(0.7295454545454545, 0.9981818181818182)",1,43721
"(0.6854545454545454, 0.9981818181818182)",1,43722
"(0.6768181818181818, 0.9981818181818182)",1,43723
"(0.7140909090909091, 0.9981818181818182)",2,43725
"(0.7836363636363637, 0.9981818181818182)",1,43726
"(0.565, 0.9981818181818182)",1,43727
"(0.7577272727272727, 0.9981818181818182)",1,43728
"(0.6318181818181818, 0.9981818181818182)",1,43729
"(0.6168181818181818, 0.9981818181818182)",1,43730
"(0.7195454545454546, 0.9981818181818182)",1,43731
"(0.3496212121212121, 0.9981060606060606)",8,43739
"(0.228030303030303, 0.9981060606060606)",1,43740
"(0.4897727272727272, 0.9981060606060606)",5,43745
"(0.3318181818181818, 0.9981060606060606)",4,43749
"(0.2856060606060606, 0.9981060606060606)",4,43753
"(0.5166666666666667, 0.9981060606060606)",6,43759
"(0.543939393939394, 0.9981060606060606)",2,43761
"(0.4492424242424242, 0.9981060606060606)",3,43764
"(0.5329545454545455, 0.9981060606060606)",1,43765
"(0.3579545454545454, 0.9981060606060606)",5,43770
"(0.4242424242424242, 0.9981060606060606)",5,43775
"(0.5106060606060606, 0.9981060606060606)",8,43783
"(0.3814393939393939, 0.9981060606060606)",7,43790
"(0.5602272727272727, 0.9981060606060606)",1,43791
"(0.3768939393939394, 0.9981060606060606)",1,43792
"(0.4253787878787878, 0.9981060606060606)",2,43794
"(0.3954545454545454, 0.9981060606060606)",6,43800
"(0.2102272727272727, 0.9981060606060606)",2,43802
"(0.4518939393939394, 0.9981060606060606)",7,43809
"(0.4689393939393939, 0.9981060606060606)",4,43813
"(0.4606060606060606, 0.9981060606060606)",2,43815
"(0.484090909090909, 0.9981060606060606)",3,43818
"(0.4348484848484849, 0.9981060606060606)",3,43821
"(0.4753787878787879, 0.9981060606060606)",2,43823
"(0.2696969696969697, 0.9981060606060606)",7,43830
"(0.4477272727272727, 0.9981060606060606)",1,43831
"(0.3295454545454545, 0.9981060606060606)",7,43838
"(0.4882575757575758, 0.9981060606060606)",1,43839
"(0.368560606060606, 0.9981060606060606)",5,43844
"(0.6696969696969697, 0.9981060606060606)",3,43847
"(0.4276515151515151, 0.9981060606060606)",2,43849
"(0.5132575757575758, 0.9981060606060606)",4,43853
"(0.4825757575757576, 0.9981060606060606)",1,43854
"(0.7212121212121212, 0.9981060606060606)",1,43855
"(0.4996212121212121, 0.9981060606060606)",1,43856
"(0.440530303030303, 0.9981060606060606)",4,43860
"(0.5272727272727272, 0.9981060606060606)",5,43865
"(0.4431818181818182, 0.9981060606060606)",1,43866
"(0.271969696969697, 0.9981060606060606)",4,43870
"(0.5356060606060606, 0.9981060606060606)",4,43874
"(0.5333333333333333, 0.9981060606060606)",2,43876
"(0.2265151515151515, 0.9981060606060606)",3,43879
"(0.2454545454545454, 0.9981060606060606)",5,43884
"(0.3556818181818181, 0.9981060606060606)",4,43888
"(0.5443181818181818, 0.9981060606060606)",1,43889
"(0.343560606060606, 0.9981060606060606)",5,43894
"(0.4678030303030303, 0.9981060606060606)",2,43896
"(0.381060606060606, 0.9981060606060606)",2,43898
"(0.4204545454545454, 0.9981060606060606)",2,43900
"(0.4428030303030303, 0.9981060606060606)",2,43902
"(0.4617424242424242, 0.9981060606060606)",3,43905
"(0.3143939393939394, 0.9981060606060606)",3,43908
"(0.2943181818181818, 0.9981060606060606)",1,43909
"(0.2875, 0.9981060606060606)",2,43911
"(0.4462121212121212, 0.9981060606060606)",5,43916
"(0.525, 0.9981060606060606)",1,43917
"(0.6284090909090909, 0.9981060606060606)",1,43918
"(0.4053030303030303, 0.9981060606060606)",1,43919
"(0.2981060606060606, 0.9981060606060606)",1,43920
"(0.3666666666666666, 0.9981060606060606)",1,43921
"(0.3393939393939394, 0.9981060606060606)",5,43926
"(0.5632575757575757, 0.9981060606060606)",3,43929
"(0.5890151515151515, 0.9981060606060606)",3,43932
"(0.4920454545454545, 0.9981060606060606)",3,43935
"(0.4378787878787878, 0.9981060606060606)",7,43942
"(0.3102272727272727, 0.9981060606060606)",8,43950
"(0.4181818181818181, 0.9981060606060606)",3,43953
"(0.3409090909090909, 0.9981060606060606)",1,43954
"(0.5454545454545454, 0.9981060606060606)",1,43955
"(0.6446969696969697, 0.9981060606060606)",1,43956
"(0.209090909090909, 0.9981060606060606)",1,43957
"(0.431060606060606, 0.9981060606060606)",6,43963
"(0.6575757575757576, 0.9981060606060606)",3,43966
"(0.2208333333333333, 0.9981060606060606)",1,43967
"(0.2143939393939394, 0.9981060606060606)",4,43971
"(0.2352272727272727, 0.9981060606060606)",3,43974
"(0.4356060606060606, 0.9981060606060606)",1,43975
"(0.2401515151515151, 0.9981060606060606)",1,43976
"(0.3174242424242424, 0.9981060606060606)",1,43977
"(0.3875, 0.9981060606060606)",7,43984
"(0.456060606060606, 0.9981060606060606)",6,43990
"(0.3992424242424242, 0.9981060606060606)",8,43998
"(0.6481060606060606, 0.9981060606060606)",1,43999
"(0.2784090909090909, 0.9981060606060606)",1,44000
"(0.1859848484848484, 0.9981060606060606)",5,44005
"(0.2893939393939393, 0.9981060606060606)",4,44009
"(0.471969696969697, 0.9981060606060606)",2,44011
"(0.7708333333333334, 0.9981060606060606)",1,44012
"(0.5625, 0.9981060606060606)",1,44013
"(0.4553030303030303, 0.9981060606060606)",3,44016
"(0.3731060606060606, 0.9981060606060606)",2,44018
"(0.4579545454545454, 0.9981060606060606)",12,44030
"(0.3776515151515151, 0.9981060606060606)",1,44031
"(0.7200757575757577, 0.9981060606060606)",1,44032
"(0.4916666666666666, 0.9981060606060606)",1,44033
"(0.4556818181818182, 0.9981060606060606)",3,44036
"(0.5848484848484848, 0.9981060606060606)",1,44037
"(0.5034090909090909, 0.9981060606060606)",9,44046
"(0.4871212121212121, 0.9981060606060606)",4,44050
"(0.6321969696969697, 0.9981060606060606)",4,44054
"(0.4602272727272727, 0.9981060606060606)",5,44059
"(0.4848484848484848, 0.9981060606060606)",3,44062
"(0.3681818181818181, 0.9981060606060606)",1,44063
"(0.468560606060606, 0.9981060606060606)",1,44064
"(0.4651515151515151, 0.9981060606060606)",1,44065
"(0.4488636363636363, 0.9981060606060606)",1,44066
"(0.6954545454545454, 0.9981060606060606)",2,44068
"(0.5950757575757576, 0.9981060606060606)",5,44073
"(0.5340909090909091, 0.9981060606060606)",8,44081
"(0.4803030303030303, 0.9981060606060606)",2,44083
"(0.2939393939393939, 0.9981060606060606)",6,44089
"(0.4791666666666667, 0.9981060606060606)",3,44092
"(0.2803030303030303, 0.9981060606060606)",1,44093
"(0.2704545454545454, 0.9981060606060606)",1,44094
"(0.2723484848484848, 0.9981060606060606)",5,44099
"(0.4583333333333333, 0.9981060606060606)",1,44100
"(0.4852272727272727, 0.9981060606060606)",3,44103
"(0.4829545454545454, 0.9981060606060606)",5,44108
"(0.3583333333333333, 0.9981060606060606)",3,44111
"(0.4003787878787879, 0.9981060606060606)",3,44114
"(0.5022727272727273, 0.9981060606060606)",2,44116
"(0.6765151515151515, 0.9981060606060606)",4,44120
"(0.4068181818181818, 0.9981060606060606)",2,44122
"(0.2628787878787879, 0.9981060606060606)",2,44124
"(0.4534090909090909, 0.9981060606060606)",2,44126
"(0.4628787878787879, 0.9981060606060606)",6,44132
"(0.459469696969697, 0.9981060606060606)",4,44136
"(0.4715909090909091, 0.9981060606060606)",2,44138
"(0.2996212121212121, 0.9981060606060606)",1,44139
"(0.4382575757575757, 0.9981060606060606)",2,44141
"(0.4856060606060606, 0.9981060606060606)",1,44142
"(0.4109848484848485, 0.9981060606060606)",1,44143
"(0.296969696969697, 0.9981060606060606)",7,44150
"(0.365530303030303, 0.9981060606060606)",5,44155
"(0.4943181818181818, 0.9981060606060606)",5,44160
"(0.4371212121212121, 0.9981060606060606)",1,44161
"(0.4340909090909091, 0.9981060606060606)",3,44164
"(0.4746212121212121, 0.9981060606060606)",3,44167
"(0.2488636363636363, 0.9981060606060606)",3,44170
"(0.2553030303030303, 0.9981060606060606)",1,44171
"(0.3325757575757576, 0.9981060606060606)",1,44172
"(0.4568181818181818, 0.9981060606060606)",13,44185
"(0.4787878787878787, 0.9981060606060606)",3,44188
"(0.3632575757575758, 0.9981060606060606)",1,44189
"(0.3401515151515151, 0.9981060606060606)",2,44191
"(0.5393939393939394, 0.9981060606060606)",6,44197
"(0.4079545454545454, 0.9981060606060606)",7,44204
"(0.5401515151515152, 0.9981060606060606)",4,44208
"(0.4571969696969697, 0.9981060606060606)",7,44215
"(0.4132575757575757, 0.9981060606060606)",1,44216
"(0.4087121212121212, 0.9981060606060606)",1,44217
"(0.4670454545454545, 0.9981060606060606)",1,44218
"(0.6113636363636363, 0.9981060606060606)",1,44219
"(0.5412878787878788, 0.9981060606060606)",4,44223
"(0.2992424242424242, 0.9981060606060606)",1,44224
"(0.4291666666666666, 0.9981060606060606)",1,44225
"(0.406060606060606, 0.9981060606060606)",1,44226
"(0.4666666666666667, 0.9981060606060606)",1,44227
"(0.4496212121212121, 0.9981060606060606)",1,44228
"(0.4632575757575757, 0.9981060606060606)",5,44233
"(0.3321969696969697, 0.9981060606060606)",3,44236
"(0.4768939393939393, 0.9981060606060606)",4,44240
"(0.4469696969696969, 0.9981060606060606)",1,44241
"(0.4333333333333333, 0.9981060606060606)",1,44242
"(0.4049242424242424, 0.9981060606060606)",2,44244
"(0.4375, 0.9981060606060606)",1,44245
"(0.3920454545454545, 0.9981060606060606)",5,44250
"(0.5424242424242425, 0.9981060606060606)",2,44252
"(0.5390151515151516, 0.9981060606060606)",5,44257
"(0.5481060606060606, 0.9981060606060606)",2,44259
"(0.4208333333333333, 0.9981060606060606)",2,44261
"(0.4613636363636363, 0.9981060606060606)",3,44264
"(0.5287878787878788, 0.9981060606060606)",2,44266
"(0.465530303030303, 0.9981060606060606)",1,44267
"(0.4761363636363636, 0.9981060606060606)",3,44270
"(0.3678030303030303, 0.9981060606060606)",3,44273
"(0.5265151515151515, 0.9981060606060606)",8,44281
"(0.4659090909090909, 0.9981060606060606)",5,44286
"(0.6117424242424242, 0.9981060606060606)",2,44288
"(0.7877272727272727, 0.9977272727272728)",2,44290
"(0.465530303030303, 0.9977272727272728)",1,44291
"(0.6768181818181818, 0.9977272727272728)",1,44292
"(0.4871212121212121, 0.9977272727272728)",2,44294
"(0.4003787878787879, 0.9977272727272728)",5,44299
"(0.7040909090909091, 0.9977272727272728)",4,44303
"(0.4571969696969697, 0.9977272727272728)",3,44306
"(0.6986363636363636, 0.9977272727272728)",1,44307
"(0.6645454545454546, 0.9977272727272728)",1,44308
"(0.6259090909090909, 0.9977272727272728)",1,44309
"(0.6695454545454546, 0.9977272727272728)",2,44311
"(0.2102272727272727, 0.9977272727272728)",1,44312
"(0.3159090909090909, 0.9977272727272728)",6,44318
"(0.6268939393939394, 0.9977272727272728)",4,44322
"(0.5863636363636363, 0.9977272727272728)",1,44323
"(0.1859848484848484, 0.9977272727272728)",3,44326
"(0.6446969696969697, 0.9977272727272728)",1,44327
"(0.5265151515151515, 0.9977272727272728)",2,44329
"(0.4431818181818182, 0.9977272727272728)",4,44333
"(0.5424242424242425, 0.9977272727272728)",7,44340
"(0.7313636363636363, 0.9977272727272728)",5,44345
"(0.4579545454545454, 0.9977272727272728)",4,44349
"(0.7439393939393939, 0.9977272727272728)",1,44350
"(0.3681818181818181, 0.9977272727272728)",2,44352
"(0.4787878787878787, 0.9977272727272728)",2,44354
"(0.745, 0.9977272727272728)",2,44356
"(0.4465909090909091, 0.9977272727272728)",1,44357
"(0.5371212121212121, 0.9977272727272728)",1,44358
"(0.4428030303030303, 0.9977272727272728)",4,44362
"(0.5329545454545455, 0.9977272727272728)",2,44364
"(0.2704545454545454, 0.9977272727272728)",2,44366
"(0.72, 0.9977272727272728)",4,44370
"(0.4636363636363636, 0.9977272727272728)",3,44373
"(0.6445454545454545, 0.9977272727272728)",4,44377
"(0.4469696969696969, 0.9977272727272728)",1,44378
"(0.4659090909090909, 0.9977272727272728)",1,44379
"(0.4583333333333333, 0.9977272727272728)",3,44382
"(0.5037878787878788, 0.9977272727272728)",2,44384
"(0.656439393939394, 0.9977272727272728)",3,44387
"(0.605909090909091, 0.9977272727272728)",2,44389
"(0.7109090909090909, 0.9977272727272728)",3,44392
"(0.4291666666666666, 0.9977272727272728)",5,44397
"(0.5412878787878788, 0.9977272727272728)",1,44398
"(0.3223484848484848, 0.9977272727272728)",1,44399
"(0.4083333333333333, 0.9977272727272728)",4,44403
"(0.4996212121212121, 0.9977272727272728)",1,44404
"(0.6318181818181818, 0.9977272727272728)",3,44407
"(0.7363636363636363, 0.9977272727272728)",1,44408
"(0.4621212121212121, 0.9977272727272728)",3,44411
"(0.3939393939393939, 0.9977272727272728)",3,44414
"(0.4821969696969697, 0.9977272727272728)",1,44415
"(0.8212121212121212, 0.9977272727272728)",1,44416
"(0.685, 0.9977272727272728)",4,44420
"(0.7227272727272728, 0.9977272727272728)",1,44421
"(0.2893939393939393, 0.9977272727272728)",1,44422
"(0.705, 0.9977272727272728)",1,44423
"(0.7004545454545454, 0.9977272727272728)",1,44424
"(0.4268939393939394, 0.9977272727272728)",5,44429
"(0.5977272727272728, 0.9977272727272728)",3,44432
"(0.4371212121212121, 0.9977272727272728)",1,44433
"(0.4556818181818182, 0.9977272727272728)",1,44434
"(0.228030303030303, 0.9977272727272728)",2,44436
"(0.6718181818181819, 0.9977272727272728)",1,44437
"(0.5431818181818182, 0.9977272727272728)",2,44439
"(0.3223484848484849, 0.9977272727272728)",6,44445
"(0.7427272727272727, 0.9977272727272728)",3,44448
"(0.3393939393939394, 0.9977272727272728)",3,44451
"(0.6809090909090909, 0.9977272727272728)",3,44454
"(0.3556818181818181, 0.9977272727272728)",2,44456
"(0.7709090909090909, 0.9977272727272728)",1,44457
"(0.565, 0.9977272727272728)",3,44460
"(0.7086363636363636, 0.9977272727272728)",4,44464
"(0.6117424242424242, 0.9977272727272728)",2,44466
"(0.6927272727272727, 0.9977272727272728)",1,44467
"(0.4204545454545454, 0.9977272727272728)",1,44468
"(0.6854545454545454, 0.9977272727272728)",1,44469
"(0.6518181818181819, 0.9977272727272728)",1,44470
"(0.4768939393939393, 0.9977272727272728)",2,44472
"(0.2356060606060606, 0.9977272727272728)",3,44475
"(0.6513636363636364, 0.9977272727272728)",1,44476
"(0.296969696969697, 0.9977272727272728)",3,44479
"(0.4715909090909091, 0.9977272727272728)",1,44480
"(0.531439393939394, 0.9977272727272728)",2,44482
"(0.715, 0.9977272727272728)",7,44489
"(0.4534090909090909, 0.9977272727272728)",9,44498
"(0.2696969696969697, 0.9977272727272728)",2,44500
"(0.4049242424242424, 0.9977272727272728)",3,44503
"(0.5545454545454546, 0.9977272727272728)",1,44504
"(0.5272727272727272, 0.9977272727272728)",2,44506
"(0.5632575757575757, 0.9977272727272728)",2,44508
"(0.4496212121212121, 0.9977272727272728)",3,44511
"(0.6559090909090909, 0.9977272727272728)",1,44512
"(0.6147727272727272, 0.9977272727272728)",1,44513
"(0.7331818181818182, 0.9977272727272728)",1,44514
"(0.7295454545454545, 0.9977272727272728)",4,44518
"(0.4549242424242424, 0.9977272727272728)",3,44521
"(0.725, 0.9977272727272728)",2,44523
"(0.4276515151515151, 0.9977272727272728)",4,44527
"(0.468560606060606, 0.9977272727272728)",1,44528
"(0.6765151515151515, 0.9977272727272728)",3,44531
"(0.5287878787878788, 0.9977272727272728)",1,44532
"(0.6354545454545455, 0.9977272727272728)",2,44534
"(0.4689393939393939, 0.9977272727272728)",1,44535
"(0.6395454545454545, 0.9977272727272728)",1,44536
"(0.209090909090909, 0.9977272727272728)",5,44541
"(0.3920454545454545, 0.9977272727272728)",4,44545
"(0.6672727272727272, 0.9977272727272728)",3,44548
"(0.3575757575757576, 0.9977272727272728)",2,44550
"(0.5393939393939394, 0.9977272727272728)",1,44551
"(0.4867424242424242, 0.9977272727272728)",3,44554
"(0.7240909090909091, 0.9977272727272728)",1,44555
"(0.2875, 0.9977272727272728)",1,44556
"(0.5034090909090909, 0.9977272727272728)",3,44559
"(0.459469696969697, 0.9977272727272728)",1,44560
"(0.4606060606060606, 0.9977272727272728)",2,44562
"(0.4109848484848485, 0.9977272727272728)",5,44567
"(0.4791666666666667, 0.9977272727272728)",4,44571
"(0.7136363636363636, 0.9977272727272728)",1,44572
"(0.4939393939393939, 0.9977272727272728)",2,44574
"(0.4829545454545454, 0.9977272727272728)",1,44575
"(0.5401515151515152, 0.9977272727272728)",1,44576
"(0.3844696969696969, 0.9977272727272728)",7,44583
"(0.4602272727272727, 0.9977272727272728)",1,44584
"(0.3102272727272727, 0.9977272727272728)",1,44585
"(0.5106060606060606, 0.9977272727272728)",1,44586
"(0.2401515151515151, 0.9977272727272728)",1,44587
"(0.6954545454545454, 0.9977272727272728)",4,44591
"(0.7059090909090909, 0.9977272727272728)",4,44595
"(0.2803030303030303, 0.9977272727272728)",1,44596
"(0.4378787878787878, 0.9977272727272728)",4,44600
"(0.4882575757575758, 0.9977272727272728)",1,44601
"(0.2943181818181818, 0.9977272727272728)",4,44605
"(0.4333333333333333, 0.9977272727272728)",1,44606
"(0.525, 0.9977272727272728)",5,44611
"(0.2295454545454545, 0.9977272727272728)",5,44616
"(0.2208333333333333, 0.9977272727272728)",3,44619
"(0.7018181818181818, 0.9977272727272728)",2,44621
"(0.6863636363636364, 0.9977272727272728)",3,44624
"(0.4632575757575757, 0.9977272727272728)",1,44625
"(0.675, 0.9977272727272728)",4,44629
"(0.5950757575757576, 0.9977272727272728)",2,44631
"(0.4242424242424242, 0.9977272727272728)",7,44638
"(0.6284090909090909, 0.9977272727272728)",1,44639
"(0.6736363636363636, 0.9977272727272728)",2,44641
"(0.3579545454545454, 0.9977272727272728)",1,44642
"(0.343560606060606, 0.9977272727272728)",1,44643
"(0.2352272727272727, 0.9977272727272728)",2,44645
"(0.3534090909090909, 0.9977272727272728)",2,44647
"(0.4920454545454545, 0.9977272727272728)",2,44649
"(0.6509090909090909, 0.9977272727272728)",2,44651
"(0.2981060606060606, 0.9977272727272728)",2,44653
"(0.7318181818181818, 0.9977272727272728)",2,44655
"(0.543939393939394, 0.9977272727272728)",1,44656
"(0.2579545454545454, 0.9977272727272728)",2,44658
"(0.5959090909090909, 0.9977272727272728)",1,44659
"(0.6640909090909091, 0.9977272727272728)",3,44662
"(0.5356060606060606, 0.9977272727272728)",1,44663
"(0.471969696969697, 0.9977272727272728)",1,44664
"(0.3814393939393939, 0.9977272727272728)",1,44665
"(0.4670454545454545, 0.9977272727272728)",5,44670
"(0.5537878787878788, 0.9977272727272728)",1,44671
"(0.368560606060606, 0.9977272727272728)",2,44673
"(0.6575757575757576, 0.9977272727272728)",3,44676
"(0.3318181818181818, 0.9977272727272728)",1,44677
"(0.2553030303030303, 0.9977272727272728)",2,44679
"(0.5068181818181818, 0.9977272727272728)",1,44680
"(0.5871212121212122, 0.9977272727272728)",1,44681
"(0.3632575757575758, 0.9977272727272728)",2,44683
"(0.6409090909090909, 0.9977272727272728)",2,44685
"(0.4053030303030303, 0.9977272727272728)",1,44686
"(0.5443181818181818, 0.9977272727272728)",5,44691
"(0.3996212121212121, 0.9977272727272728)",3,44694
"(0.4825757575757576, 0.9977272727272728)",5,44699
"(0.4931818181818181, 0.9977272727272728)",1,44700
"(0.4568181818181818, 0.9977272727272728)",2,44702
"(0.4693181818181818, 0.9977272727272728)",1,44703
"(0.6104545454545455, 0.9977272727272728)",1,44704
"(0.456060606060606, 0.9977272727272728)",7,44711
"(0.2424242424242424, 0.9977272727272728)",1,44712
"(0.4382575757575757, 0.9977272727272728)",3,44715
"(0.4537878787878788, 0.9977272727272728)",1,44716
"(0.5868181818181818, 0.9977272727272728)",4,44720
"(0.3409090909090909, 0.9977272727272728)",2,44722
"(0.5257575757575758, 0.9977272727272728)",4,44726
"(0.6422727272727272, 0.9977272727272728)",4,44730
"(0.4359848484848485, 0.9977272727272728)",1,44731
"(0.3875, 0.9977272727272728)",1,44732
"(0.2458333333333333, 0.9977272727272728)",3,44735
"(0.4174242424242424, 0.9977272727272728)",1,44736
"(0.6663636363636364, 0.9977272727272728)",1,44737
"(0.6795454545454546, 0.9977272727272728)",1,44738
"(0.3484848484848485, 0.9977272727272728)",4,44742
"(0.4087121212121212, 0.9977272727272728)",1,44743
"(0.2628787878787879, 0.9977272727272728)",2,44745
"(0.4208333333333333, 0.9977272727272728)",1,44746
"(0.6427272727272727, 0.9977272727272728)",1,44747
"(0.7195454545454546, 0.9977272727272728)",2,44749
"(0.4178030303030303, 0.9977272727272728)",2,44751
"(0.5321969696969697, 0.9977272727272728)",1,44752
"(0.6190909090909091, 0.9977272727272728)",3,44755
"(0.3731060606060606, 0.9977272727272728)",4,44759
"(0.2856060606060606, 0.9977272727272728)",2,44761
"(0.6413636363636364, 0.9977272727272728)",2,44763
"(0.5659090909090909, 0.9977272727272728)",2,44765
"(0.3325757575757576, 0.9977272727272728)",1,44766
"(0.4753787878787879, 0.9977272727272728)",2,44768
"(0.7708333333333334, 0.9977272727272728)",2,44770
"(0.6486363636363637, 0.9977272727272728)",4,44774
"(0.509469696969697, 0.9977272727272728)",1,44775
"(0.6604545454545454, 0.9977272727272728)",1,44776
"(0.6168181818181818, 0.9977272727272728)",1,44777
"(0.5390151515151516, 0.9977272727272728)",2,44779
"(0.365530303030303, 0.9977272727272728)",1,44780
"(0.3992424242424242, 0.9977272727272728)",2,44782
"(0.5481060606060606, 0.9977272727272728)",2,44784
"(0.4102272727272727, 0.9977272727272728)",1,44785
"(0.775, 0.9977272727272728)",4,44789
"(0.4068181818181818, 0.9977272727272728)",1,44790
"(0.4925, 0.9975)",38,44828
"(0.495, 0.9975)",56,44884
"(0.57125, 0.9975)",4,44888
"(0.4975, 0.9975)",14,44902
"(0.5025, 0.9975)",71,44973
"(0.61, 0.9975)",1,44974
"(0.52625, 0.9975)",2,44976
"(0.3675, 0.9975)",1,44977
"(0.38375, 0.9975)",2,44979
"(0.50375, 0.9975)",46,45025
"(0.66375, 0.9975)",1,45026
"(0.6175, 0.9975)",7,45033
"(0.5875, 0.9975)",5,45038
"(0.65375, 0.9975)",8,45046
"(0.66875, 0.9975)",6,45052
"(0.50125, 0.9975)",60,45112
"(0.61625, 0.9975)",1,45113
"(0.50875, 0.9975)",96,45209
"(0.48375, 0.9975)",27,45236
"(0.425, 0.9975)",4,45240
"(0.64, 0.9975)",2,45242
"(0.57625, 0.9975)",2,45244
"(0.63, 0.9975)",5,45249
"(0.46875, 0.9975)",1,45250
"(0.55875, 0.9975)",2,45252
"(0.4425, 0.9975)",2,45254
"(0.47375, 0.9975)",1,45255
"(0.35625, 0.9975)",2,45257
"(0.37875, 0.9975)",1,45258
"(0.55375, 0.9975)",1,45259
"(0.5825, 0.9975)",5,45264
"(0.4525, 0.9975)",1,45265
"(0.56125, 0.9975)",1,45266
"(0.5175, 0.9975)",59,45325
"(0.555, 0.9975)",1,45326
"(0.3775, 0.9975)",2,45328
"(0.49875, 0.9975)",167,45495
"(0.485, 0.9975)",47,45542
"(0.4325, 0.9975)",1,45543
"(0.445, 0.9975)",5,45548
"(0.60375, 0.9975)",3,45551
"(0.5, 0.9975)",52,45603
"(0.49, 0.9975)",13,45616
"(0.64625, 0.9975)",2,45618
"(0.41375, 0.9975)",1,45619
"(0.7, 0.9975)",1,45620
"(0.49375, 0.9975)",168,45788
"(0.61125, 0.9975)",1,45789
"(0.5075, 0.9975)",227,46016
"(0.48125, 0.9975)",11,46027
"(0.56375, 0.9975)",2,46029
"(0.64875, 0.9975)",5,46034
"(0.63125, 0.9975)",6,46040
"(0.5325, 0.9975)",9,46049
"(0.60625, 0.9975)",8,46057
"(0.6675, 0.9975)",16,46073
"(0.4875, 0.9975)",21,46094
"(0.5425, 0.9975)",2,46096
"(0.67125, 0.9975)",7,46103
"(0.4825, 0.9975)",35,46138
"(0.51125, 0.9975)",17,46155
"(0.4225, 0.9975)",1,46156
"(0.505, 0.9975)",57,46213
"(0.6525, 0.9975)",5,46218
"(0.47, 0.9975)",6,46224
"(0.605, 0.9975)",3,46227
"(0.525, 0.9975)",1,46228
"(0.59375, 0.9975)",3,46231
"(0.65125, 0.9975)",10,46241
"(0.68125, 0.9975)",2,46243
"(0.545, 0.9975)",1,46244
"(0.51375, 0.9975)",1,46245
"(0.4375, 0.9975)",3,46248
"(0.5125, 0.9975)",1,46249
"(0.47125, 0.9975)",8,46257
"(0.52125, 0.9975)",9,46266
"(0.51625, 0.9975)",9,46275
"(0.51875, 0.9975)",11,46286
"(0.51, 0.9975)",76,46362
"(0.48625, 0.9975)",31,46393
"(0.535, 0.9975)",3,46396
"(0.6, 0.9975)",2,46398
"(0.5675, 0.9975)",2,46400
"(0.6625, 0.9975)",7,46407
"(0.43, 0.9975)",1,46408
"(0.47625, 0.9975)",56,46464
"(0.6575, 0.9975)",1,46465
"(0.49625, 0.9975)",44,46509
"(0.465, 0.9975)",9,46518
"(0.48875, 0.9975)",23,46541
"(0.32875, 0.9975)",1,46542
"(0.50625, 0.9975)",117,46659
"(0.53625, 0.9975)",15,46674
"(0.625, 0.9975)",1,46675
"(0.5375, 0.9975)",4,46679
"(0.55, 0.9975)",12,46691
"(0.35125, 0.9975)",2,46693
"(0.42375, 0.9975)",2,46695
"(0.48, 0.9975)",1,46696
"(0.52375, 0.9975)",4,46700
"(0.4768939393939393, 0.9973484848484848)",1,46701
"(0.3473484848484848, 0.9973484848484848)",3,46704
"(0.4670454545454545, 0.9973484848484848)",2,46706
"(0.4799242424242424, 0.9973484848484848)",2,46708
"(0.2723484848484848, 0.9973484848484848)",2,46710
"(0.5121212121212121, 0.9973484848484848)",3,46713
"(0.543939393939394, 0.9973484848484848)",1,46714
"(0.4049242424242424, 0.9973484848484848)",2,46716
"(0.3875, 0.9973484848484848)",1,46717
"(0.4568181818181818, 0.9973484848484848)",2,46719
"(0.2462121212121212, 0.9973484848484848)",1,46720
"(0.4053030303030303, 0.9973484848484848)",5,46725
"(0.6268939393939394, 0.9973484848484848)",1,46726
"(0.3583333333333333, 0.9973484848484848)",2,46728
"(0.4606060606060606, 0.9973484848484848)",3,46731
"(0.5393939393939394, 0.9973484848484848)",1,46732
"(0.2943181818181818, 0.9973484848484848)",4,46736
"(0.2579545454545454, 0.9973484848484848)",1,46737
"(0.4518939393939394, 0.9973484848484848)",3,46740
"(0.3537878787878787, 0.9973484848484848)",1,46741
"(0.1859848484848484, 0.9973484848484848)",1,46742
"(0.2553030303030303, 0.9973484848484848)",1,46743
"(0.4689393939393939, 0.9973484848484848)",1,46744
"(0.4359848484848485, 0.9973484848484848)",2,46746
"(0.2401515151515151, 0.9973484848484848)",2,46748
"(0.4428030303030303, 0.9973484848484848)",1,46749
"(0.4856060606060606, 0.9973484848484848)",2,46751
"(0.3844696969696969, 0.9973484848484848)",2,46753
"(0.4268939393939394, 0.9973484848484848)",1,46754
"(0.4003787878787879, 0.9973484848484848)",6,46760
"(0.2431818181818182, 0.9973484848484848)",6,46766
"(0.2893939393939393, 0.9973484848484848)",1,46767
"(0.271969696969697, 0.9973484848484848)",3,46770
"(0.4753787878787879, 0.9973484848484848)",1,46771
"(0.5443181818181818, 0.9973484848484848)",1,46772
"(0.3431818181818182, 0.9973484848484848)",1,46773
"(0.4553030303030303, 0.9973484848484848)",1,46774
"(0.3534090909090909, 0.9973484848484848)",4,46778
"(0.228030303030303, 0.9973484848484848)",4,46782
"(0.5356060606060606, 0.9973484848484848)",1,46783
"(0.3159090909090909, 0.9973484848484848)",5,46788
"(0.2628787878787879, 0.9973484848484848)",1,46789
"(0.4242424242424242, 0.9973484848484848)",2,46791
"(0.5371212121212121, 0.9973484848484848)",2,46793
"(0.4829545454545454, 0.9973484848484848)",1,46794
"(0.471969696969697, 0.9973484848484848)",1,46795
"(0.2295454545454545, 0.9973484848484848)",2,46797
"(0.3484848484848485, 0.9973484848484848)",1,46798
"(0.6696969696969697, 0.9973484848484848)",1,46799
"(0.5912878787878788, 0.9973484848484848)",1,46800
"(0.3026515151515151, 0.9973484848484848)",1,46801
"(0.525, 0.9973484848484848)",1,46802
"(0.4890151515151515, 0.9973484848484848)",1,46803
"(0.4821969696969697, 0.9973484848484848)",1,46804
"(0.3579545454545454, 0.9973484848484848)",1,46805
"(0.2651515151515151, 0.9973484848484848)",1,46806
"(0.343560606060606, 0.9973484848484848)",3,46809
"(0.431060606060606, 0.9973484848484848)",4,46813
"(0.2352272727272727, 0.9973484848484848)",8,46821
"(0.6337121212121212, 0.9973484848484848)",3,46824
"(0.3920454545454545, 0.9973484848484848)",3,46827
"(0.4253787878787878, 0.9973484848484848)",5,46832
"(0.2784090909090909, 0.9973484848484848)",1,46833
"(0.4772727272727273, 0.9973484848484848)",2,46835
"(0.4837121212121212, 0.9973484848484848)",3,46838
"(0.3102272727272727, 0.9973484848484848)",1,46839
"(0.4662878787878788, 0.9973484848484848)",3,46842
"(0.5337121212121212, 0.9973484848484848)",3,46845
"(0.3681818181818181, 0.9973484848484848)",1,46846
"(0.5450757575757574, 0.9973484848484848)",1,46847
"(0.3696969696969697, 0.9973484848484848)",1,46848
"(0.5412878787878788, 0.9973484848484848)",3,46851
"(0.5037878787878788, 0.9973484848484848)",2,46853
"(0.2356060606060606, 0.9973484848484848)",2,46855
"(0.4340909090909091, 0.9973484848484848)",4,46859
"(0.6446969696969697, 0.9973484848484848)",1,46860
"(0.4886363636363636, 0.9973484848484848)",1,46861
"(0.4291666666666666, 0.9973484848484848)",3,46864
"(0.3556818181818181, 0.9973484848484848)",4,46868
"(0.4579545454545454, 0.9973484848484848)",4,46872
"(0.6765151515151515, 0.9973484848484848)",1,46873
"(0.4602272727272727, 0.9973484848484848)",1,46874
"(0.5431818181818182, 0.9973484848484848)",1,46875
"(0.459469696969697, 0.9973484848484848)",4,46879
"(0.296969696969697, 0.9973484848484848)",4,46883
"(0.4636363636363636, 0.9973484848484848)",3,46886
"(0.3632575757575758, 0.9973484848484848)",1,46887
"(0.4825757575757576, 0.9973484848484848)",4,46891
"(0.4852272727272727, 0.9973484848484848)",1,46892
"(0.4462121212121212, 0.9973484848484848)",4,46896
"(0.4496212121212121, 0.9973484848484848)",5,46901
"(0.456060606060606, 0.9973484848484848)",7,46908
"(0.4204545454545454, 0.9973484848484848)",5,46913
"(0.468560606060606, 0.9973484848484848)",1,46914
"(0.4378787878787878, 0.9973484848484848)",2,46916
"(0.4628787878787879, 0.9973484848484848)",2,46918
"(0.5378787878787878, 0.9973484848484848)",1,46919
"(0.6481060606060606, 0.9973484848484848)",2,46921
"(0.484469696969697, 0.9973484848484848)",3,46924
"(0.4659090909090909, 0.9973484848484848)",3,46927
"(0.4787878787878787, 0.9973484848484848)",1,46928
"(0.6575757575757576, 0.9973484848484848)",4,46932
"(0.3731060606060606, 0.9973484848484848)",4,46936
"(0.3992424242424242, 0.9973484848484848)",3,46939
"(0.2488636363636363, 0.9973484848484848)",1,46940
"(0.440530303030303, 0.9973484848484848)",1,46941
"(0.4534090909090909, 0.9973484848484848)",3,46944
"(0.3954545454545454, 0.9973484848484848)",4,46948
"(0.4803030303030303, 0.9973484848484848)",3,46951
"(0.4545454545454545, 0.9973484848484848)",3,46954
"(0.3409090909090909, 0.9973484848484848)",2,46956
"(0.4651515151515151, 0.9973484848484848)",3,46959
"(0.2704545454545454, 0.9973484848484848)",2,46961
"(0.4174242424242424, 0.9973484848484848)",4,46965
"(0.5333333333333333, 0.9973484848484848)",2,46967
"(0.4276515151515151, 0.9973484848484848)",1,46968
"(0.365530303030303, 0.9973484848484848)",2,46970
"(0.5537878787878788, 0.9973484848484848)",1,46971
"(0.5034090909090909, 0.9973484848484848)",6,46977
"(0.4761363636363636, 0.9973484848484848)",1,46978
"(0.5481060606060606, 0.9973484848484848)",4,46982
"(0.3318181818181818, 0.9973484848484848)",4,46986
"(0.6321969696969697, 0.9973484848484848)",1,46987
"(0.5890151515151515, 0.9973484848484848)",5,46992
"(0.5132575757575758, 0.9973484848484848)",1,46993
"(0.5321969696969697, 0.9973484848484848)",1,46994
"(0.4178030303030303, 0.9973484848484848)",2,46996
"(0.3678030303030303, 0.9973484848484848)",1,46997
"(0.4715909090909091, 0.9973484848484848)",5,47002
"(0.4791666666666667, 0.9973484848484848)",1,47003
"(0.5545454545454546, 0.9973484848484848)",1,47004
"(0.368560606060606, 0.9973484848484848)",3,47007
"(0.3117424242424242, 0.9973484848484848)",2,47009
"(0.2208333333333333, 0.9973484848484848)",3,47012
"(0.4632575757575757, 0.9973484848484848)",1,47013
"(0.5424242424242425, 0.9973484848484848)",2,47015
"(0.7159090909090909, 0.9972727272727272)",1,47016
"(0.6986363636363636, 0.9972727272727272)",1,47017
"(0.7086363636363636, 0.9972727272727272)",2,47019
"(0.7131818181818181, 0.9972727272727272)",1,47020
"(0.6127272727272727, 0.9972727272727272)",3,47023
"(0.5904545454545455, 0.9972727272727272)",1,47024
"(0.7622727272727273, 0.9972727272727272)",7,47031
"(0.6513636363636364, 0.9972727272727272)",1,47032
"(0.715, 0.9972727272727272)",3,47035
"(0.7195454545454546, 0.9972727272727272)",3,47038
"(0.565, 0.9972727272727272)",2,47040
"(0.685, 0.9972727272727272)",3,47043
"(0.68, 0.9972727272727272)",1,47044
"(0.6640909090909091, 0.9972727272727272)",1,47045
"(0.7109090909090909, 0.9972727272727272)",3,47048
"(0.6672727272727272, 0.9972727272727272)",5,47053
"(0.7572727272727273, 0.9972727272727272)",1,47054
"(0.6927272727272727, 0.9972727272727272)",1,47055
"(0.6272727272727273, 0.9972727272727272)",1,47056
"(0.6577272727272727, 0.9972727272727272)",1,47057
"(0.6431818181818182, 0.9972727272727272)",1,47058
"(0.6104545454545455, 0.9972727272727272)",1,47059
"(0.6259090909090909, 0.9972727272727272)",1,47060
"(0.6868181818181818, 0.9972727272727272)",1,47061
"(0.6904545454545454, 0.9972727272727272)",1,47062
"(0.6486363636363637, 0.9972727272727272)",1,47063
"(0.6945454545454546, 0.9972727272727272)",1,47064
"(0.7790909090909091, 0.9972727272727272)",1,47065
"(0.7318181818181818, 0.9972727272727272)",4,47069
"(0.7427272727272727, 0.9972727272727272)",2,47071
"(0.72, 0.9972727272727272)",2,47073
"(0.7245454545454545, 0.9972727272727272)",4,47077
"(0.6663636363636364, 0.9972727272727272)",3,47080
"(0.6954545454545454, 0.9972727272727272)",4,47084
"(0.705, 0.9972727272727272)",1,47085
"(0.769090909090909, 0.9972727272727272)",4,47089
"(0.6736363636363636, 0.9972727272727272)",8,47097
"(0.6604545454545454, 0.9972727272727272)",1,47098
"(0.7877272727272727, 0.9972727272727272)",4,47102
"(0.7095454545454546, 0.9972727272727272)",3,47105
"(0.6509090909090909, 0.9972727272727272)",4,47109
"(0.7118181818181818, 0.9972727272727272)",1,47110
"(0.6872727272727273, 0.9972727272727272)",3,47113
"(0.7313636363636363, 0.9972727272727272)",4,47117
"(0.7404545454545455, 0.9972727272727272)",1,47118
"(0.6413636363636364, 0.9972727272727272)",1,47119
"(0.6318181818181818, 0.9972727272727272)",5,47124
"(0.6559090909090909, 0.9972727272727272)",6,47130
"(0.7363636363636363, 0.9972727272727272)",1,47131
"(0.6422727272727272, 0.9972727272727272)",1,47132
"(0.7004545454545454, 0.9972727272727272)",4,47136
"(0.6136363636363636, 0.9972727272727272)",3,47139
"(0.5868181818181818, 0.9972727272727272)",2,47141
"(0.6190909090909091, 0.9972727272727272)",3,47144
"(0.6677272727272727, 0.9972727272727272)",3,47147
"(0.6795454545454546, 0.9972727272727272)",2,47149
"(0.6409090909090909, 0.9972727272727272)",2,47151
"(0.6427272727272727, 0.9972727272727272)",2,47153
"(0.7018181818181818, 0.9972727272727272)",4,47157
"(0.7040909090909091, 0.9972727272727272)",1,47158
"(0.725, 0.9972727272727272)",3,47161
"(0.675, 0.9972727272727272)",2,47163
"(0.6768181818181818, 0.9972727272727272)",5,47168
"(0.6831818181818182, 0.9972727272727272)",1,47169
"(0.7140909090909091, 0.9972727272727272)",5,47174
"(0.6722727272727272, 0.9972727272727272)",3,47177
"(0.7240909090909091, 0.9972727272727272)",2,47179
"(0.625, 0.9972727272727272)",1,47180
"(0.7045454545454546, 0.9972727272727272)",4,47184
"(0.6863636363636364, 0.9972727272727272)",4,47188
"(0.605909090909091, 0.9972727272727272)",1,47189
"(0.6445454545454545, 0.9972727272727272)",4,47193
"(0.6527272727272727, 0.9972727272727272)",1,47194
"(0.6168181818181818, 0.9972727272727272)",3,47197
"(0.7227272727272728, 0.9972727272727272)",1,47198
"(0.6781818181818182, 0.9972727272727272)",2,47200
"(0.7577272727272727, 0.9972727272727272)",2,47202
"(0.7059090909090909, 0.9972727272727272)",8,47210
"(0.7295454545454545, 0.9972727272727272)",2,47212
"(0.6913636363636364, 0.9972727272727272)",2,47214
"(0.745, 0.9972727272727272)",1,47215
"(0.6718181818181819, 0.9972727272727272)",1,47216
"(0.6518181818181819, 0.9972727272727272)",3,47219
"(0.6804545454545454, 0.9972727272727272)",2,47221
"(0.6686363636363636, 0.9972727272727272)",2,47223
"(0.2943181818181818, 0.996969696969697)",2,47225
"(0.4333333333333333, 0.996969696969697)",4,47229
"(0.4867424242424242, 0.996969696969697)",3,47232
"(0.4920454545454545, 0.996969696969697)",3,47235
"(0.5378787878787878, 0.996969696969697)",2,47237
"(0.5424242424242425, 0.996969696969697)",1,47238
"(0.5443181818181818, 0.996969696969697)",3,47241
"(0.4617424242424242, 0.996969696969697)",1,47242
"(0.7518939393939394, 0.996969696969697)",1,47243
"(0.4689393939393939, 0.996969696969697)",2,47245
"(0.5333333333333333, 0.996969696969697)",2,47247
"(0.509469696969697, 0.996969696969697)",1,47248
"(0.4556818181818182, 0.996969696969697)",11,47259
"(0.2393939393939393, 0.996969696969697)",3,47262
"(0.4996212121212121, 0.996969696969697)",1,47263
"(0.3159090909090909, 0.996969696969697)",6,47269
"(0.4083333333333333, 0.996969696969697)",1,47270
"(0.4234848484848484, 0.996969696969697)",3,47273
"(0.2356060606060606, 0.996969696969697)",5,47278
"(0.4242424242424242, 0.996969696969697)",1,47279
"(0.4647727272727273, 0.996969696969697)",1,47280
"(0.4583333333333333, 0.996969696969697)",3,47283
"(0.484090909090909, 0.996969696969697)",3,47286
"(0.5037878787878788, 0.996969696969697)",1,47287
"(0.2579545454545454, 0.996969696969697)",4,47291
"(0.543939393939394, 0.996969696969697)",4,47295
"(0.4621212121212121, 0.996969696969697)",3,47298
"(0.5280303030303031, 0.996969696969697)",1,47299
"(0.3473484848484848, 0.996969696969697)",3,47302
"(0.3534090909090909, 0.996969696969697)",5,47307
"(0.3537878787878787, 0.996969696969697)",5,47312
"(0.2522727272727272, 0.996969696969697)",3,47315
"(0.3814393939393939, 0.996969696969697)",7,47322
"(0.4178030303030303, 0.996969696969697)",3,47325
"(0.3325757575757576, 0.996969696969697)",3,47328
"(0.2939393939393939, 0.996969696969697)",1,47329
"(0.3223484848484849, 0.996969696969697)",3,47332
"(0.440530303030303, 0.996969696969697)",1,47333
"(0.3844696969696969, 0.996969696969697)",2,47335
"(0.2875, 0.996969696969697)",4,47339
"(0.325, 0.996969696969697)",3,47342
"(0.2295454545454545, 0.996969696969697)",1,47343
"(0.4106060606060606, 0.996969696969697)",3,47346
"(0.3632575757575758, 0.996969696969697)",3,47349
"(0.5303030303030303, 0.996969696969697)",3,47352
"(0.5106060606060606, 0.996969696969697)",4,47356
"(0.5022727272727273, 0.996969696969697)",3,47359
"(0.5265151515151515, 0.996969696969697)",1,47360
"(0.459469696969697, 0.996969696969697)",3,47363
"(0.4109848484848485, 0.996969696969697)",2,47365
"(0.4571969696969697, 0.996969696969697)",1,47366
"(0.4204545454545454, 0.996969696969697)",1,47367
"(0.3496212121212121, 0.996969696969697)",3,47370
"(0.2784090909090909, 0.996969696969697)",3,47373
"(0.3409090909090909, 0.996969696969697)",1,47374
"(0.4787878787878787, 0.996969696969697)",3,47377
"(0.5863636363636363, 0.996969696969697)",6,47383
"(0.4534090909090909, 0.996969696969697)",3,47386
"(0.5356060606060606, 0.996969696969697)",1,47387
"(0.4821969696969697, 0.996969696969697)",1,47388
"(0.7212121212121212, 0.996969696969697)",2,47390
"(0.4079545454545454, 0.996969696969697)",6,47396
"(0.4359848484848485, 0.996969696969697)",6,47402
"(0.5325757575757576, 0.996969696969697)",1,47403
"(0.4291666666666666, 0.996969696969697)",1,47404
"(0.4132575757575757, 0.996969696969697)",1,47405
"(0.4253787878787878, 0.996969696969697)",2,47407
"(0.4268939393939394, 0.996969696969697)",1,47408
"(0.5272727272727272, 0.996969696969697)",2,47410
"(0.4579545454545454, 0.996969696969697)",1,47411
"(0.4087121212121212, 0.996969696969697)",1,47412
"(0.2431818181818182, 0.996969696969697)",1,47413
"(0.7325757575757575, 0.996969696969697)",3,47416
"(0.5481060606060606, 0.996969696969697)",5,47421
"(0.4662878787878788, 0.996969696969697)",2,47423
"(0.6954545454545454, 0.996969696969697)",2,47425
"(0.3102272727272727, 0.996969696969697)",1,47426
"(0.2454545454545454, 0.996969696969697)",7,47433
"(0.3579545454545454, 0.996969696969697)",6,47439
"(0.4003787878787879, 0.996969696969697)",1,47440
"(0.4174242424242424, 0.996969696969697)",3,47443
"(0.3696969696969697, 0.996969696969697)",1,47444
"(0.4602272727272727, 0.996969696969697)",3,47447
"(0.2803030303030303, 0.996969696969697)",1,47448
"(0.4568181818181818, 0.996969696969697)",1,47449
"(0.4613636363636363, 0.996969696969697)",1,47450
"(0.4356060606060606, 0.996969696969697)",1,47451
"(0.343560606060606, 0.996969696969697)",2,47453
"(0.5321969696969697, 0.996969696969697)",1,47454
"(0.7246212121212121, 0.996969696969697)",6,47460
"(0.5450757575757574, 0.996969696969697)",1,47461
"(0.5340909090909091, 0.996969696969697)",1,47462
"(0.6231060606060606, 0.996969696969697)",1,47463
"(0.4636363636363636, 0.996969696969697)",1,47464
"(0.6799242424242424, 0.996969696969697)",1,47465
"(0.4693181818181818, 0.996969696969697)",1,47466
"(0.4882575757575758, 0.996969696969697)",1,47467
"(0.6708333333333333, 0.996969696969697)",1,47468
"(0.4208333333333333, 0.996969696969697)",1,47469
"(0.4606060606060606, 0.996969696969697)",5,47474
"(0.4674242424242424, 0.996969696969697)",2,47476
"(0.465530303030303, 0.996969696969697)",2,47478
"(0.4825757575757576, 0.996969696969697)",1,47479
"(0.6375, 0.996969696969697)",1,47480
"(0.4965909090909091, 0.996969696969697)",1,47481
"(0.603030303030303, 0.996969696969697)",1,47482
"(0.4462121212121212, 0.996969696969697)",1,47483
"(0.6284090909090909, 0.996969696969697)",2,47485
"(0.540530303030303, 0.996969696969697)",1,47486
"(0.6681818181818182, 0.996969696969697)",1,47487
"(0.2553030303030303, 0.996969696969697)",2,47489
"(0.5484848484848485, 0.996969696969697)",1,47490
"(0.4939393939393939, 0.996969696969697)",1,47491
"(0.5034090909090909, 0.996969696969697)",1,47492
"(0.2511363636363636, 0.996969696969697)",1,47493
"(0.4897727272727272, 0.996969696969697)",4,47497
"(0.6446969696969697, 0.996969696969697)",1,47498
"(0.6575757575757576, 0.996969696969697)",3,47501
"(0.2352272727272727, 0.996969696969697)",2,47503
"(0.3583333333333333, 0.996969696969697)",1,47504
"(0.5890151515151515, 0.996969696969697)",1,47505
"(0.7875, 0.996969696969697)",1,47506
"(0.2401515151515151, 0.996969696969697)",1,47507
"(0.6781818181818182, 0.9968181818181818)",1,47508
"(0.6127272727272727, 0.9968181818181818)",3,47511
"(0.6768181818181818, 0.9968181818181818)",2,47513
"(0.7159090909090909, 0.9968181818181818)",1,47514
"(0.6722727272727272, 0.9968181818181818)",5,47519
"(0.7059090909090909, 0.9968181818181818)",6,47525
"(0.775, 0.9968181818181818)",2,47527
"(0.7109090909090909, 0.9968181818181818)",2,47529
"(0.6509090909090909, 0.9968181818181818)",3,47532
"(0.6168181818181818, 0.9968181818181818)",2,47534
"(0.715, 0.9968181818181818)",1,47535
"(0.6259090909090909, 0.9968181818181818)",1,47536
"(0.5659090909090909, 0.9968181818181818)",1,47537
"(0.6413636363636364, 0.9968181818181818)",6,47543
"(0.6718181818181819, 0.9968181818181818)",1,47544
"(0.675, 0.9968181818181818)",4,47548
"(0.7622727272727273, 0.9968181818181818)",3,47551
"(0.7404545454545455, 0.9968181818181818)",4,47555
"(0.6663636363636364, 0.9968181818181818)",4,47559
"(0.6559090909090909, 0.9968181818181818)",1,47560
"(0.7195454545454546, 0.9968181818181818)",3,47563
"(0.6913636363636364, 0.9968181818181818)",1,47564
"(0.7709090909090909, 0.9968181818181818)",1,47565
"(0.5959090909090909, 0.9968181818181818)",1,47566
"(0.685, 0.9968181818181818)",4,47570
"(0.6831818181818182, 0.9968181818181818)",7,47577
"(0.7240909090909091, 0.9968181818181818)",4,47581
"(0.6531818181818182, 0.9968181818181818)",1,47582
"(0.6395454545454545, 0.9968181818181818)",2,47584
"(0.6695454545454546, 0.9968181818181818)",1,47585
"(0.6354545454545455, 0.9968181818181818)",1,47586
"(0.6272727272727273, 0.9968181818181818)",1,47587
"(0.6322727272727273, 0.9968181818181818)",2,47589
"(0.7877272727272727, 0.9968181818181818)",4,47593
"(0.7318181818181818, 0.9968181818181818)",2,47595
"(0.7668181818181818, 0.9968181818181818)",2,47597
"(0.7790909090909091, 0.9968181818181818)",1,47598
"(0.649090909090909, 0.9968181818181818)",1,47599
"(0.6863636363636364, 0.9968181818181818)",7,47606
"(0.6954545454545454, 0.9968181818181818)",6,47612
"(0.6190909090909091, 0.9968181818181818)",2,47614
"(0.565, 0.9968181818181818)",3,47617
"(0.7577272727272727, 0.9968181818181818)",6,47623
"(0.6795454545454546, 0.9968181818181818)",6,47629
"(0.7313636363636363, 0.9968181818181818)",3,47632
"(0.6686363636363636, 0.9968181818181818)",1,47633
"(0.6672727272727272, 0.9968181818181818)",3,47636
"(0.6104545454545455, 0.9968181818181818)",1,47637
"(0.7245454545454545, 0.9968181818181818)",4,47641
"(0.605909090909091, 0.9968181818181818)",4,47645
"(0.6804545454545454, 0.9968181818181818)",1,47646
"(0.7427272727272727, 0.9968181818181818)",7,47653
"(0.74, 0.9968181818181818)",1,47654
"(0.7018181818181818, 0.9968181818181818)",8,47662
"(0.6445454545454545, 0.9968181818181818)",1,47663
"(0.7181818181818181, 0.9968181818181818)",2,47665
"(0.6927272727272727, 0.9968181818181818)",2,47667
"(0.7040909090909091, 0.9968181818181818)",2,47669
"(0.7368181818181818, 0.9968181818181818)",2,47671
"(0.7331818181818182, 0.9968181818181818)",2,47673
"(0.7140909090909091, 0.9968181818181818)",2,47675
"(0.6904545454545454, 0.9968181818181818)",1,47676
"(0.6736363636363636, 0.9968181818181818)",5,47681
"(0.745, 0.9968181818181818)",2,47683
"(0.6518181818181819, 0.9968181818181818)",2,47685
"(0.6409090909090909, 0.9968181818181818)",2,47687
"(0.6136363636363636, 0.9968181818181818)",2,47689
"(0.7518181818181818, 0.9968181818181818)",2,47691
"(0.625, 0.9968181818181818)",1,47692
"(0.705, 0.9968181818181818)",1,47693
"(0.7004545454545454, 0.9968181818181818)",2,47695
"(0.6677272727272727, 0.9968181818181818)",3,47698
"(0.6640909090909091, 0.9968181818181818)",3,47701
"(0.6527272727272727, 0.9968181818181818)",1,47702
"(0.6513636363636364, 0.9968181818181818)",2,47704
"(0.6868181818181818, 0.9968181818181818)",1,47705
"(0.7295454545454545, 0.9968181818181818)",3,47708
"(0.6427272727272727, 0.9968181818181818)",6,47714
"(0.7836363636363637, 0.9968181818181818)",1,47715
"(0.6318181818181818, 0.9968181818181818)",7,47722
"(0.6381818181818182, 0.9968181818181818)",1,47723
"(0.5868181818181818, 0.9968181818181818)",5,47728
"(0.6431818181818182, 0.9968181818181818)",1,47729
"(0.7363636363636363, 0.9968181818181818)",4,47733
"(0.7118181818181818, 0.9968181818181818)",1,47734
"(0.769090909090909, 0.9968181818181818)",4,47738
"(0.725, 0.9968181818181818)",1,47739
"(0.63, 0.9968181818181818)",1,47740
"(0.72, 0.9968181818181818)",3,47743
"(0.6486363636363637, 0.9968181818181818)",2,47745
"(0.6422727272727272, 0.9968181818181818)",4,47749
"(0.7045454545454546, 0.9968181818181818)",5,47754
"(0.7572727272727273, 0.9968181818181818)",1,47755
"(0.2981060606060606, 0.9965909090909092)",6,47761
"(0.3696969696969697, 0.9965909090909092)",1,47762
"(0.440530303030303, 0.9965909090909092)",3,47765
"(0.2803030303030303, 0.9965909090909092)",1,47766
"(0.5950757575757576, 0.9965909090909092)",3,47769
"(0.5265151515151515, 0.9965909090909092)",1,47770
"(0.5189393939393939, 0.9965909090909092)",3,47773
"(0.4378787878787878, 0.9965909090909092)",3,47776
"(0.271969696969697, 0.9965909090909092)",1,47777
"(0.5257575757575758, 0.9965909090909092)",5,47782
"(0.4965909090909091, 0.9965909090909092)",1,47783
"(0.459469696969697, 0.9965909090909092)",2,47785
"(0.4791666666666667, 0.9965909090909092)",3,47788
"(0.2196969696969697, 0.9965909090909092)",3,47791
"(0.4083333333333333, 0.9965909090909092)",2,47793
"(0.3401515151515151, 0.9965909090909092)",1,47794
"(0.3666666666666666, 0.9965909090909092)",3,47797
"(0.4291666666666666, 0.9965909090909092)",3,47800
"(0.543939393939394, 0.9965909090909092)",1,47801
"(0.4662878787878788, 0.9965909090909092)",1,47802
"(0.4606060606060606, 0.9965909090909092)",8,47810
"(0.3556818181818181, 0.9965909090909092)",3,47813
"(0.6113636363636363, 0.9965909090909092)",1,47814
"(0.2492424242424242, 0.9965909090909092)",3,47817
"(0.4049242424242424, 0.9965909090909092)",1,47818
"(0.5106060606060606, 0.9965909090909092)",1,47819
"(0.5431818181818182, 0.9965909090909092)",1,47820
"(0.2943181818181818, 0.9965909090909092)",4,47824
"(0.7708333333333334, 0.9965909090909092)",2,47826
"(0.2143939393939394, 0.9965909090909092)",1,47827
"(0.478030303030303, 0.9965909090909092)",3,47830
"(0.5287878787878788, 0.9965909090909092)",1,47831
"(0.4636363636363636, 0.9965909090909092)",1,47832
"(0.7325757575757575, 0.9965909090909092)",1,47833
"(0.2431818181818182, 0.9965909090909092)",1,47834
"(0.4340909090909091, 0.9965909090909092)",1,47835
"(0.3678030303030303, 0.9965909090909092)",3,47838
"(0.2208333333333333, 0.9965909090909092)",1,47839
"(0.4821969696969697, 0.9965909090909092)",2,47841
"(0.6068181818181818, 0.9965909090909092)",1,47842
"(0.4276515151515151, 0.9965909090909092)",1,47843
"(0.4731060606060606, 0.9965909090909092)",2,47845
"(0.4856060606060606, 0.9965909090909092)",1,47846
"(0.4079545454545454, 0.9965909090909092)",1,47847
"(0.4632575757575757, 0.9965909090909092)",1,47848
"(0.4829545454545454, 0.9965909090909092)",1,47849
"(0.6799242424242424, 0.9965909090909092)",1,47850
"(0.2356060606060606, 0.9965909090909092)",4,47854
"(0.3575757575757576, 0.9965909090909092)",1,47855
"(0.709469696969697, 0.9965909090909092)",2,47857
"(0.4882575757575758, 0.9965909090909092)",1,47858
"(0.468560606060606, 0.9965909090909092)",1,47859
"(0.4931818181818181, 0.9965909090909092)",1,47860
"(0.4553030303030303, 0.9965909090909092)",3,47863
"(0.5871212121212122, 0.9965909090909092)",1,47864
"(0.4507575757575757, 0.9965909090909092)",2,47866
"(0.4462121212121212, 0.9965909090909092)",3,47869
"(0.5428030303030303, 0.9965909090909092)",2,47871
"(0.5424242424242425, 0.9965909090909092)",1,47872
"(0.4371212121212121, 0.9965909090909092)",3,47875
"(0.6446969696969697, 0.9965909090909092)",1,47876
"(0.4208333333333333, 0.9965909090909092)",1,47877
"(0.4886363636363636, 0.9965909090909092)",1,47878
"(0.4897727272727272, 0.9965909090909092)",3,47881
"(0.5329545454545455, 0.9965909090909092)",3,47884
"(0.3583333333333333, 0.9965909090909092)",1,47885
"(0.456060606060606, 0.9965909090909092)",5,47890
"(0.5863636363636363, 0.9965909090909092)",3,47893
"(0.7439393939393939, 0.9965909090909092)",1,47894
"(0.4556818181818182, 0.9965909090909092)",3,47897
"(0.4848484848484848, 0.9965909090909092)",2,47899
"(0.4253787878787878, 0.9965909090909092)",5,47904
"(0.4178030303030303, 0.9965909090909092)",1,47905
"(0.4549242424242424, 0.9965909090909092)",3,47908
"(0.4087121212121212, 0.9965909090909092)",2,47910
"(0.5272727272727272, 0.9965909090909092)",2,47912
"(0.5378787878787878, 0.9965909090909092)",3,47915
"(0.2401515151515151, 0.9965909090909092)",1,47916
"(0.5412878787878788, 0.9965909090909092)",1,47917
"(0.3159090909090909, 0.9965909090909092)",3,47920
"(0.4053030303030303, 0.9965909090909092)",2,47922
"(0.484090909090909, 0.9965909090909092)",3,47925
"(0.6681818181818182, 0.9965909090909092)",1,47926
"(0.228030303030303, 0.9965909090909092)",2,47928
"(0.5890151515151515, 0.9965909090909092)",6,47934
"(0.6765151515151515, 0.9965909090909092)",3,47937
"(0.4204545454545454, 0.9965909090909092)",2,47939
"(0.5537878787878788, 0.9965909090909092)",3,47942
"(0.4242424242424242, 0.9965909090909092)",3,47945
"(0.6337121212121212, 0.9965909090909092)",3,47948
"(0.3844696969696969, 0.9965909090909092)",1,47949
"(0.4784090909090909, 0.9965909090909092)",3,47952
"(0.531060606060606, 0.9965909090909092)",2,47954
"(0.4996212121212121, 0.9965909090909092)",2,47956
"(0.3393939393939394, 0.9965909090909092)",4,47960
"(0.4825757575757576, 0.9965909090909092)",3,47963
"(0.5450757575757574, 0.9965909090909092)",1,47964
"(0.431060606060606, 0.9965909090909092)",3,47967
"(0.4469696969696969, 0.9965909090909092)",3,47970
"(0.5602272727272727, 0.9965909090909092)",3,47973
"(0.2424242424242424, 0.9965909090909092)",3,47976
"(0.5132575757575758, 0.9965909090909092)",3,47979
"(0.3496212121212121, 0.9965909090909092)",1,47980
"(0.5371212121212121, 0.9965909090909092)",1,47981
"(0.6696969696969697, 0.9965909090909092)",1,47982
"(0.7477272727272727, 0.9965909090909092)",2,47984
"(0.1859848484848484, 0.9965909090909092)",1,47985
"(0.4003787878787879, 0.9965909090909092)",1,47986
"(0.5280303030303031, 0.9965909090909092)",1,47987
"(0.5034090909090909, 0.9965909090909092)",2,47989
"(0.3102272727272727, 0.9965909090909092)",5,47994
"(0.296969696969697, 0.9965909090909092)",1,47995
"(0.2579545454545454, 0.9965909090909092)",1,47996
"(0.3174242424242424, 0.9965909090909092)",3,47999
"(0.4132575757575757, 0.9965909090909092)",3,48002
"(0.3632575757575758, 0.9965909090909092)",2,48004
"(0.2893939393939393, 0.9965909090909092)",6,48010
"(0.2704545454545454, 0.9965909090909092)",3,48013
"(0.4496212121212121, 0.9965909090909092)",3,48016
"(0.7059090909090909, 0.9963636363636365)",2,48018
"(0.7563636363636363, 0.9963636363636365)",2,48020
"(0.6513636363636364, 0.9963636363636365)",2,48022
"(0.6431818181818182, 0.9963636363636365)",1,48023
"(0.7572727272727273, 0.9963636363636365)",1,48024
"(0.7709090909090909, 0.9963636363636365)",1,48025
"(0.72, 0.9963636363636365)",2,48027
"(0.705, 0.9963636363636365)",1,48028
"(0.6168181818181818, 0.9963636363636365)",3,48031
"(0.6959090909090909, 0.9963636363636365)",3,48034
"(0.6527272727272727, 0.9963636363636365)",1,48035
"(0.6645454545454546, 0.9963636363636365)",1,48036
"(0.5918181818181818, 0.9963636363636365)",1,48037
"(0.6945454545454546, 0.9963636363636365)",1,48038
"(0.5904545454545455, 0.9963636363636365)",1,48039
"(0.7318181818181818, 0.9963636363636365)",1,48040
"(0.7295454545454545, 0.9963636363636365)",2,48042
"(0.7622727272727273, 0.9963636363636365)",1,48043
"(0.6409090909090909, 0.9963636363636365)",6,48049
"(0.7159090909090909, 0.9963636363636365)",1,48050
"(0.7181818181818181, 0.9963636363636365)",2,48052
"(0.7227272727272728, 0.9963636363636365)",1,48053
"(0.6795454545454546, 0.9963636363636365)",1,48054
"(0.6854545454545454, 0.9963636363636365)",1,48055
"(0.6904545454545454, 0.9963636363636365)",1,48056
"(0.6445454545454545, 0.9963636363636365)",1,48057
"(0.6272727272727273, 0.9963636363636365)",1,48058
"(0.6722727272727272, 0.9963636363636365)",4,48062
"(0.7040909090909091, 0.9963636363636365)",3,48065
"(0.6640909090909091, 0.9963636363636365)",3,48068
"(0.7036363636363636, 0.9963636363636365)",2,48070
"(0.7086363636363636, 0.9963636363636365)",4,48074
"(0.6518181818181819, 0.9963636363636365)",1,48075
"(0.6954545454545454, 0.9963636363636365)",3,48078
"(0.6995454545454546, 0.9963636363636365)",2,48080
"(0.715, 0.9963636363636365)",3,48083
"(0.775, 0.9963636363636365)",5,48088
"(0.6486363636363637, 0.9963636363636365)",3,48091
"(0.769090909090909, 0.9963636363636365)",2,48093
"(0.7427272727272727, 0.9963636363636365)",1,48094
"(0.7804545454545454, 0.9963636363636365)",1,48095
"(0.6572727272727272, 0.9963636363636365)",1,48096
"(0.7240909090909091, 0.9963636363636365)",3,48099
"(0.7313636363636363, 0.9963636363636365)",1,48100
"(0.6927272727272727, 0.9963636363636365)",1,48101
"(0.7131818181818181, 0.9963636363636365)",1,48102
"(0.6863636363636364, 0.9963636363636365)",5,48107
"(0.7004545454545454, 0.9963636363636365)",1,48108
"(0.605909090909091, 0.9963636363636365)",4,48112
"(0.7877272727272727, 0.9963636363636365)",1,48113
"(0.6663636363636364, 0.9963636363636365)",3,48116
"(0.6581818181818182, 0.9963636363636365)",1,48117
"(0.7140909090909091, 0.9963636363636365)",2,48119
"(0.7436363636363637, 0.9963636363636365)",2,48121
"(0.745, 0.9963636363636365)",2,48123
"(0.725, 0.9963636363636365)",4,48127
"(0.6604545454545454, 0.9963636363636365)",1,48128
"(0.7363636363636363, 0.9963636363636365)",2,48130
"(0.6422727272727272, 0.9963636363636365)",1,48131
"(0.6318181818181818, 0.9963636363636365)",3,48134
"(0.7018181818181818, 0.9963636363636365)",3,48137
"(0.7404545454545455, 0.9963636363636365)",6,48143
"(0.6136363636363636, 0.9963636363636365)",6,48149
"(0.6786363636363636, 0.9963636363636365)",1,48150
"(0.7577272727272727, 0.9963636363636365)",2,48152
"(0.6577272727272727, 0.9963636363636365)",1,48153
"(0.565, 0.9963636363636365)",1,48154
"(0.6677272727272727, 0.9963636363636365)",3,48157
"(0.7109090909090909, 0.9963636363636365)",2,48159
"(0.7836363636363637, 0.9963636363636365)",1,48160
"(0.730909090909091, 0.9963636363636365)",2,48162
"(0.7245454545454545, 0.9963636363636365)",1,48163
"(0.6986363636363636, 0.9963636363636365)",1,48164
"(0.56375, 0.99625)",2,48166
"(0.4925, 0.99625)",34,48200
"(0.56, 0.99625)",1,48201
"(0.4375, 0.99625)",4,48205
"(0.66375, 0.99625)",1,48206
"(0.55, 0.99625)",8,48214
"(0.5449999999999999, 0.99625)",1,48215
"(0.61625, 0.99625)",1,48216
"(0.6575, 0.99625)",1,48217
"(0.3975, 0.99625)",2,48219
"(0.46, 0.99625)",1,48220
"(0.5075, 0.99625)",75,48295
"(0.55125, 0.99625)",2,48297
"(0.35375, 0.99625)",2,48299
"(0.41, 0.99625)",2,48301
"(0.59875, 0.99625)",2,48303
"(0.64125, 0.99625)",2,48305
"(0.355, 0.99625)",2,48307
"(0.5825, 0.99625)",3,48310
"(0.57375, 0.99625)",2,48312
"(0.535, 0.99625)",4,48316
"(0.35875, 0.99625)",2,48318
"(0.5425, 0.99625)",4,48322
"(0.47375, 0.99625)",2,48324
"(0.49, 0.99625)",16,48340
"(0.50375, 0.99625)",76,48416
"(0.67125, 0.99625)",7,48423
"(0.615, 0.99625)",2,48425
"(0.51, 0.99625)",56,48481
"(0.51125, 0.99625)",51,48532
"(0.37, 0.99625)",2,48534
"(0.57125, 0.99625)",11,48545
"(0.41375, 0.99625)",1,48546
"(0.52375, 0.99625)",5,48551
"(0.51375, 0.99625)",1,48552
"(0.7, 0.99625)",2,48554
"(0.495, 0.99625)",14,48568
"(0.49625, 0.99625)",70,48638
"(0.5675, 0.99625)",1,48639
"(0.39, 0.99625)",1,48640
"(0.52625, 0.99625)",4,48644
"(0.555, 0.99625)",1,48645
"(0.52125, 0.99625)",9,48654
"(0.55625, 0.99625)",2,48656
"(0.5175, 0.99625)",58,48714
"(0.445, 0.99625)",3,48717
"(0.48875, 0.99625)",40,48757
"(0.3675, 0.99625)",3,48760
"(0.47625, 0.99625)",10,48770
"(0.4875, 0.99625)",30,48800
"(0.5375, 0.99625)",7,48807
"(0.46875, 0.99625)",1,48808
"(0.50875, 0.99625)",45,48853
"(0.3075, 0.99625)",4,48857
"(0.3625, 0.99625)",2,48859
"(0.485, 0.99625)",9,48868
"(0.48625, 0.99625)",44,48912
"(0.49875, 0.99625)",34,48946
"(0.66875, 0.99625)",8,48954
"(0.50625, 0.99625)",40,48994
"(0.48375, 0.99625)",48,49042
"(0.64625, 0.99625)",1,49043
"(0.5, 0.99625)",13,49056
"(0.50125, 0.99625)",9,49065
"(0.5125, 0.99625)",1,49066
"(0.525, 0.99625)",3,49069
"(0.6525, 0.99625)",14,49083
"(0.65375, 0.99625)",8,49091
"(0.61, 0.99625)",1,49092
"(0.605, 0.99625)",16,49108
"(0.47, 0.99625)",4,49112
"(0.49375, 0.99625)",121,49233
"(0.36, 0.99625)",2,49235
"(0.65875, 0.99625)",1,49236
"(0.48, 0.99625)",6,49242
"(0.6625, 0.99625)",15,49257
"(0.48125, 0.99625)",11,49268
"(0.505, 0.99625)",22,49290
"(0.58375, 0.99625)",2,49292
"(0.60125, 0.99625)",3,49295
"(0.5875, 0.99625)",10,49305
"(0.5575, 0.99625)",1,49306
"(0.63375, 0.99625)",1,49307
"(0.5325, 0.99625)",7,49314
"(0.655, 0.99625)",1,49315
"(0.52, 0.99625)",5,49320
"(0.46625, 0.99625)",3,49323
"(0.4825, 0.99625)",32,49355
"(0.64875, 0.99625)",9,49364
"(0.4725, 0.99625)",10,49374
"(0.53, 0.99625)",3,49377
"(0.60625, 0.99625)",6,49383
"(0.6325, 0.99625)",3,49386
"(0.51625, 0.99625)",2,49388
"(0.55375, 0.99625)",1,49389
"(0.65125, 0.99625)",12,49401
"(0.6675, 0.99625)",14,49415
"(0.6425, 0.99625)",1,49416
"(0.69, 0.99625)",2,49418
"(0.62875, 0.99625)",1,49419
"(0.63, 0.99625)",9,49428
"(0.465, 0.99625)",3,49431
"(0.425, 0.99625)",2,49433
"(0.63125, 0.99625)",25,49458
"(0.4975, 0.99625)",8,49466
"(0.5025, 0.99625)",8,49474
"(0.51875, 0.99625)",11,49485
"(0.6175, 0.99625)",9,49494
"(0.56875, 0.99625)",2,49496
"(0.53625, 0.99625)",3,49499
"(0.65, 0.99625)",1,49500
"(0.49125, 0.99625)",4,49504
"(0.4666666666666667, 0.9962121212121212)",2,49506
"(0.296969696969697, 0.9962121212121212)",1,49507
"(0.5378787878787878, 0.9962121212121212)",2,49509
"(0.3696969696969697, 0.9962121212121212)",1,49510
"(0.656439393939394, 0.9962121212121212)",3,49513
"(0.3117424242424242, 0.9962121212121212)",2,49515
"(0.4579545454545454, 0.9962121212121212)",1,49516
"(0.6284090909090909, 0.9962121212121212)",1,49517
"(0.3575757575757576, 0.9962121212121212)",2,49519
"(0.709469696969697, 0.9962121212121212)",1,49520
"(0.2431818181818182, 0.9962121212121212)",1,49521
"(0.3159090909090909, 0.9962121212121212)",2,49523
"(0.4276515151515151, 0.9962121212121212)",4,49527
"(0.4787878787878787, 0.9962121212121212)",3,49530
"(0.4356060606060606, 0.9962121212121212)",2,49532
"(0.5412878787878788, 0.9962121212121212)",1,49533
"(0.3678030303030303, 0.9962121212121212)",1,49534
"(0.7325757575757575, 0.9962121212121212)",1,49535
"(0.4821969696969697, 0.9962121212121212)",2,49537
"(0.2981060606060606, 0.9962121212121212)",1,49538
"(0.5321969696969697, 0.9962121212121212)",1,49539
"(0.7708333333333334, 0.9962121212121212)",1,49540
"(0.209090909090909, 0.9962121212121212)",1,49541
"(0.4204545454545454, 0.9962121212121212)",4,49545
"(0.5390151515151516, 0.9962121212121212)",1,49546
"(0.5272727272727272, 0.9962121212121212)",1,49547
"(0.4359848484848485, 0.9962121212121212)",2,49549
"(0.6954545454545454, 0.9962121212121212)",1,49550
"(0.5333333333333333, 0.9962121212121212)",1,49551
"(0.4462121212121212, 0.9962121212121212)",4,49555
"(0.3768939393939394, 0.9962121212121212)",3,49558
"(0.459469696969697, 0.9962121212121212)",2,49560
"(0.4333333333333333, 0.9962121212121212)",3,49563
"(0.4753787878787879, 0.9962121212121212)",3,49566
"(0.4799242424242424, 0.9962121212121212)",1,49567
"(0.2784090909090909, 0.9962121212121212)",3,49570
"(0.5356060606060606, 0.9962121212121212)",3,49573
"(0.6321969696969697, 0.9962121212121212)",3,49576
"(0.4632575757575757, 0.9962121212121212)",6,49582
"(0.2943181818181818, 0.9962121212121212)",4,49586
"(0.3321969696969697, 0.9962121212121212)",3,49589
"(0.4848484848484848, 0.9962121212121212)",1,49590
"(0.4208333333333333, 0.9962121212121212)",1,49591
"(0.4636363636363636, 0.9962121212121212)",3,49594
"(0.5950757575757576, 0.9962121212121212)",2,49596
"(0.5265151515151515, 0.9962121212121212)",1,49597
"(0.2352272727272727, 0.9962121212121212)",5,49602
"(0.6575757575757576, 0.9962121212121212)",4,49606
"(0.4965909090909091, 0.9962121212121212)",1,49607
"(0.4621212121212121, 0.9962121212121212)",3,49610
"(0.2102272727272727, 0.9962121212121212)",2,49612
"(0.468560606060606, 0.9962121212121212)",3,49615
"(0.2723484848484848, 0.9962121212121212)",3,49618
"(0.4556818181818182, 0.9962121212121212)",4,49622
"(0.456060606060606, 0.9962121212121212)",2,49624
"(0.4659090909090909, 0.9962121212121212)",1,49625
"(0.3484848484848485, 0.9962121212121212)",3,49628
"(0.4537878787878788, 0.9962121212121212)",3,49631
"(0.4568181818181818, 0.9962121212121212)",1,49632
"(0.4378787878787878, 0.9962121212121212)",1,49633
"(0.3473484848484848, 0.9962121212121212)",3,49636
"(0.3318181818181818, 0.9962121212121212)",3,49639
"(0.4469696969696969, 0.9962121212121212)",1,49640
"(0.5890151515151515, 0.9962121212121212)",1,49641
"(0.6799242424242424, 0.9962121212121212)",1,49642
"(0.5443181818181818, 0.9962121212121212)",1,49643
"(0.5428030303030303, 0.9962121212121212)",1,49644
"(0.4291666666666666, 0.9962121212121212)",2,49646
"(0.7246212121212121, 0.9962121212121212)",3,49649
"(0.6681818181818182, 0.9962121212121212)",2,49651
"(0.5037878787878788, 0.9962121212121212)",1,49652
"(0.531439393939394, 0.9962121212121212)",2,49654
"(0.4549242424242424, 0.9962121212121212)",3,49657
"(0.4496212121212121, 0.9962121212121212)",1,49658
"(0.3844696969696969, 0.9962121212121212)",1,49659
"(0.5121212121212121, 0.9962121212121212)",6,49665
"(0.4678030303030303, 0.9962121212121212)",2,49667
"(0.5431818181818182, 0.9962121212121212)",3,49670
"(0.4079545454545454, 0.9962121212121212)",1,49671
"(0.2424242424242424, 0.9962121212121212)",2,49673
"(0.4856060606060606, 0.9962121212121212)",2,49675
"(0.5602272727272727, 0.9962121212121212)",3,49678
"(0.509469696969697, 0.9962121212121212)",4,49682
"(0.6068181818181818, 0.9962121212121212)",1,49683
"(0.3409090909090909, 0.9962121212121212)",6,49689
"(0.5481060606060606, 0.9962121212121212)",3,49692
"(0.5287878787878788, 0.9962121212121212)",1,49693
"(0.4909090909090909, 0.9962121212121212)",3,49696
"(0.8007575757575758, 0.9962121212121212)",1,49697
"(0.4507575757575757, 0.9962121212121212)",1,49698
"(0.3666666666666666, 0.9962121212121212)",3,49701
"(0.4340909090909091, 0.9962121212121212)",3,49704
"(0.4132575757575757, 0.9962121212121212)",4,49708
"(0.4428030303030303, 0.9962121212121212)",5,49713
"(0.4647727272727273, 0.9962121212121212)",1,49714
"(0.4253787878787878, 0.9962121212121212)",3,49717
"(0.6765151515151515, 0.9962121212121212)",3,49720
"(0.4617424242424242, 0.9962121212121212)",1,49721
"(0.4382575757575757, 0.9962121212121212)",2,49723
"(0.4553030303030303, 0.9962121212121212)",3,49726
"(0.4803030303030303, 0.9962121212121212)",3,49729
"(0.4518939393939394, 0.9962121212121212)",3,49732
"(0.5871212121212122, 0.9962121212121212)",1,49733
"(0.440530303030303, 0.9962121212121212)",1,49734
"(0.4606060606060606, 0.9962121212121212)",6,49740
"(0.6685606060606061, 0.9962121212121212)",2,49742
"(0.4662878787878788, 0.9962121212121212)",1,49743
"(0.228030303030303, 0.9962121212121212)",5,49748
"(0.484090909090909, 0.9962121212121212)",1,49749
"(0.3431818181818182, 0.9962121212121212)",1,49750
"(0.5034090909090909, 0.9962121212121212)",4,49754
"(0.7212121212121212, 0.9962121212121212)",2,49756
"(0.6559090909090909, 0.9959090909090909)",2,49758
"(0.7059090909090909, 0.9959090909090909)",1,49759
"(0.5918181818181818, 0.9959090909090909)",1,49760
"(0.7318181818181818, 0.9959090909090909)",1,49761
"(0.74, 0.9959090909090909)",2,49763
"(0.7427272727272727, 0.9959090909090909)",1,49764
"(0.775, 0.9959090909090909)",1,49765
"(0.7413636363636363, 0.9959090909090909)",2,49767
"(0.7004545454545454, 0.9959090909090909)",1,49768
"(0.7368181818181818, 0.9959090909090909)",1,49769
"(0.6318181818181818, 0.9959090909090909)",1,49770
"(0.7109090909090909, 0.9959090909090909)",1,49771
"(0.6609090909090909, 0.9959090909090909)",2,49773
"(0.6327272727272727, 0.9959090909090909)",1,49774
"(0.705, 0.9959090909090909)",1,49775
"(0.6509090909090909, 0.9959090909090909)",1,49776
"(0.7622727272727273, 0.9959090909090909)",1,49777
"(0.7086363636363636, 0.9959090909090909)",8,49785
"(0.745, 0.9959090909090909)",3,49788
"(0.6777272727272727, 0.9959090909090909)",1,49789
"(0.7045454545454546, 0.9959090909090909)",2,49791
"(0.5904545454545455, 0.9959090909090909)",1,49792
"(0.6577272727272727, 0.9959090909090909)",1,49793
"(0.5868181818181818, 0.9959090909090909)",1,49794
"(0.6663636363636364, 0.9959090909090909)",1,49795
"(0.7295454545454545, 0.9959090909090909)",1,49796
"(0.7804545454545454, 0.9959090909090909)",2,49798
"(0.7522727272727273, 0.9959090909090909)",1,49799
"(0.6486363636363637, 0.9959090909090909)",1,49800
"(0.7140909090909091, 0.9959090909090909)",2,49802
"(0.7040909090909091, 0.9959090909090909)",1,49803
"(0.649090909090909, 0.9959090909090909)",1,49804
"(0.7404545454545455, 0.9959090909090909)",2,49806
"(0.7563636363636363, 0.9959090909090909)",3,49809
"(0.7709090909090909, 0.9959090909090909)",1,49810
"(0.6322727272727273, 0.9959090909090909)",1,49811
"(0.6945454545454546, 0.9959090909090909)",1,49812
"(0.6736363636363636, 0.9959090909090909)",1,49813
"(0.7, 0.9959090909090909)",1,49814
"(0.6409090909090909, 0.9959090909090909)",3,49817
"(0.6795454545454546, 0.9959090909090909)",1,49818
"(0.6995454545454546, 0.9959090909090909)",3,49821
"(0.6863636363636364, 0.9959090909090909)",1,49822
"(0.7118181818181818, 0.9959090909090909)",1,49823
"(0.7195454545454546, 0.9959090909090909)",1,49824
"(0.6722727272727272, 0.9959090909090909)",2,49826
"(0.6427272727272727, 0.9959090909090909)",1,49827
"(0.7436363636363637, 0.9959090909090909)",2,49829
"(0.7018181818181818, 0.9959090909090909)",3,49832
"(0.6168181818181818, 0.9959090909090909)",1,49833
"(0.6831818181818182, 0.9959090909090909)",1,49834
"(0.6127272727272727, 0.9959090909090909)",3,49837
"(0.6677272727272727, 0.9959090909090909)",1,49838
"(0.68, 0.9959090909090909)",2,49840
"(0.634090909090909, 0.9959090909090909)",1,49841
"(0.7731818181818182, 0.9959090909090909)",1,49842
"(0.6718181818181819, 0.9959090909090909)",1,49843
"(0.7768181818181819, 0.9959090909090909)",6,49849
"(0.7036363636363636, 0.9959090909090909)",2,49851
"(0.725, 0.9959090909090909)",1,49852
"(0.7245454545454545, 0.9959090909090909)",2,49854
"(0.6572727272727272, 0.9959090909090909)",1,49855
"(0.6518181818181819, 0.9959090909090909)",1,49856
"(0.4291666666666666, 0.9958333333333332)",1,49857
"(0.3496212121212121, 0.9958333333333332)",2,49859
"(0.7477272727272727, 0.9958333333333332)",2,49861
"(0.4242424242424242, 0.9958333333333332)",2,49863
"(0.2696969696969697, 0.9958333333333332)",2,49865
"(0.3768939393939394, 0.9958333333333332)",3,49868
"(0.3534090909090909, 0.9958333333333332)",2,49870
"(0.3696969696969697, 0.9958333333333332)",3,49873
"(0.4821969696969697, 0.9958333333333332)",2,49875
"(0.3681818181818181, 0.9958333333333332)",2,49877
"(0.3875, 0.9958333333333332)",2,49879
"(0.6068181818181818, 0.9958333333333332)",1,49880
"(0.2431818181818182, 0.9958333333333332)",2,49882
"(0.4715909090909091, 0.9958333333333332)",1,49883
"(0.8583333333333333, 0.9958333333333332)",1,49884
"(0.5272727272727272, 0.9958333333333332)",1,49885
"(0.6446969696969697, 0.9958333333333332)",2,49887
"(0.8125, 0.9958333333333332)",9,49896
"(0.5280303030303031, 0.9958333333333332)",1,49897
"(0.368560606060606, 0.9958333333333332)",1,49898
"(0.8625, 0.9958333333333332)",74,49972
"(0.3844696969696969, 0.9958333333333332)",1,49973
"(0.4920454545454545, 0.9958333333333332)",6,49979
"(0.3159090909090909, 0.9958333333333332)",7,49986
"(0.3678030303030303, 0.9958333333333332)",1,49987
"(0.4208333333333333, 0.9958333333333332)",2,49989
"(0.2704545454545454, 0.9958333333333332)",3,49992
"(0.6829545454545455, 0.9958333333333332)",1,49993
"(0.5537878787878788, 0.9958333333333332)",2,49995
"(0.3174242424242424, 0.9958333333333332)",5,50000
