value,count,total,cumulative_sum
"(1.0, 1.0)",509,100.0,509
"(0.9841269841269842, 1.0)",290,99.984126984127,799
"(1.0, 1.0)",204,99.984126984127,1003
"(0.9696969696969696, 1.0)",190,99.96969696969695,1193
"(1.0, 1.0)",88,99.96969696969695,1281
"(1.0, 1.0)",58,99.96825396825398,1339
"(0.9841269841269842, 1.0)",153,99.96825396825398,1492
"(1.0, 1.0)",19,99.96746031746032,1511
"(0.9674603174603176, 1.0)",48,99.96746031746032,1559
"(0.9666666666666668, 1.0)",10,99.96666666666668,1569
"(1.0, 1.0)",7,99.96666666666668,1576
"(0.9615343915343916, 1.0)",1,99.9615343915344,1577
"(0.9565217391304348, 1.0)",162,99.95652173913044,1739
"(1.0, 1.0)",69,99.95652173913044,1808
"(1.0, 1.0)",35,99.95382395382396,1843
"(0.9696969696969696, 1.0)",100,99.95382395382396,1943
"(0.9841269841269842, 1.0)",63,99.95382395382396,2006
"(0.9523809523809524, 1.0)",1,99.95238095238096,2007
"(0.9841269841269842, 1.0)",47,99.95238095238096,2054
"(1.0, 1.0)",21,99.95238095238096,2075
"(1.0, 1.0)",9,99.95215311004785,2084
"(0.9521531100478468, 1.0)",15,99.95215311004785,2099
"(1.0, 1.0)",4,99.9515873015873,2103
"(0.9841269841269842, 1.0)",5,99.9515873015873,2108
"(0.9674603174603176, 1.0)",35,99.9515873015873,2143
"(1.0, 1.0)",2,99.95079365079366,2145
"(0.9841269841269842, 1.0)",3,99.95079365079366,2148
"(0.9666666666666668, 1.0)",5,99.95079365079366,2153
"(1.0, 1.0)",4,99.95071010860484,2157
"(0.9507101086048454, 1.0)",22,99.95071010860484,2179
"(0.9497685185185184, 1.0)",1,99.94976851851852,2180
"(0.9615343915343916, 1.0)",1,99.94820105820104,2181
"(0.9444444444444444, 1.0)",97,99.94444444444444,2278
"(1.0, 1.0)",35,99.94444444444444,2313
"(0.9407729468599032, 1.0)",1,99.94077294685992,2314
"(1.0, 1.0)",21,99.94064872325742,2335
"(0.9841269841269842, 1.0)",24,99.94064872325742,2359
"(0.9565217391304348, 1.0)",72,99.94064872325742,2431
"(0.9696969696969696, 1.0)",36,99.93939393939394,2467
"(1.0, 1.0)",5,99.93939393939394,2472
"(0.9386724386724388, 1.0)",5,99.93867243867244,2477
"(0.9380032206119162, 1.0)",13,99.93800322061192,2490
"(1.0, 1.0)",1,99.93800322061192,2491
"(0.9682539682539684, 1.0)",1,99.93795093795094,2492
"(0.9841269841269842, 1.0)",30,99.93795093795094,2522
"(0.9696969696969696, 1.0)",23,99.93795093795094,2545
"(1.0, 1.0)",13,99.93795093795094,2558
"(1.0, 1.0)",1,99.93715728715728,2559
"(0.9841269841269842, 1.0)",5,99.93715728715728,2564
"(0.9696969696969696, 1.0)",8,99.93715728715728,2572
"(0.9674603174603176, 1.0)",15,99.93715728715728,2587
"(1.0, 1.0)",13,99.93700159489632,2600
"(1.0, 1.0)",10,99.93650793650794,2610
"(0.9523809523809524, 1.0)",1,99.93650793650794,2611
"(0.9841269841269842, 1.0)",31,99.93650793650794,2642
"(0.9363636363636364, 1.0)",7,99.93636363636364,2649
"(0.9666666666666668, 1.0)",9,99.93636363636364,2658
"(0.9521531100478468, 1.0)",12,99.93628009417483,2670
"(0.9841269841269842, 1.0)",6,99.93628009417483,2676
"(1.0, 1.0)",3,99.93628009417483,2679
"(0.936026936026936, 1.0)",5,99.93602693602692,2684
"(1.0, 1.0)",5,99.93571428571428,2689
"(0.9674603174603176, 1.0)",9,99.93571428571428,2698
"(0.9841269841269842, 1.0)",1,99.93571428571428,2699
"(0.9674603174603176, 1.0)",2,99.93492063492064,2701
"(0.9666666666666668, 1.0)",2,99.93492063492064,2703
"(0.9841269841269842, 1.0)",7,99.93492063492064,2710
"(0.9507101086048454, 1.0)",19,99.93483709273184,2729
"(0.9841269841269842, 1.0)",4,99.93483709273184,2733
"(0.9674603174603176, 1.0)",1,99.93412698412698,2734
"(0.9333333333333332, 1.0)",55,99.93333333333334,2789
"(1.0, 1.0)",33,99.93333333333334,2822
"(0.9666666666666668, 1.0)",1,99.93333333333334,2823
"(0.9445350241545892, 1.0)",1,99.93110909822866,2824
"(1.0, 1.0)",17,99.92857142857144,2841
"(0.9841269841269842, 1.0)",31,99.92857142857144,2872
"(0.9444444444444444, 1.0)",62,99.92857142857144,2934
"(0.9407729468599032, 1.0)",1,99.92743961352656,2935
"(0.9565217391304348, 1.0)",34,99.9262187088274,2969
"(0.9696969696969696, 1.0)",18,99.9262187088274,2987
"(1.0, 1.0)",7,99.9262187088274,2994
"(1.0, 1.0)",2,99.92615596963424,2996
"(0.9391865079365078, 1.0)",2,99.92585317460318,2998
"(0.9248366013071896, 1.0)",1,99.9248366013072,2999
"(1.0, 1.0)",5,99.9247757073844,3004
"(0.9565217391304348, 1.0)",11,99.9247757073844,3015
"(0.9841269841269842, 1.0)",35,99.9247757073844,3050
"(0.9674603174603176, 1.0)",8,99.92398205659076,3058
"(0.9565217391304348, 1.0)",2,99.92398205659076,3060
"(0.9841269841269842, 1.0)",2,99.92398205659076,3062
"(0.9497685185185184, 1.0)",1,99.92378285543607,3063
"(0.9841269841269842, 1.0)",6,99.92352092352093,3069
"(0.9696969696969696, 1.0)",22,99.92352092352093,3091
"(1.0, 1.0)",7,99.92352092352093,3098
"(0.9497685185185184, 1.0)",1,99.92337962962964,3099
"(0.9666666666666668, 1.0)",4,99.9231884057971,3103
"(0.9565217391304348, 1.0)",2,99.9231884057971,3105
"(0.9230769230769232, 1.0)",125,99.92307692307692,3230
"(1.0, 1.0)",27,99.92307692307692,3257
"(0.9386724386724388, 1.0)",6,99.9227994227994,3263
"(1.0, 1.0)",1,99.92272727272729,3264
"(0.9224211423699916, 1.0)",35,99.92242114236998,3299
"(1.0, 1.0)",4,99.92242114236998,3303
"(0.9380032206119162, 1.0)",24,99.92213020473888,3327
"(0.9841269841269842, 1.0)",1,99.92213020473888,3328
"(0.9841269841269842, 1.0)",12,99.92207792207792,3340
"(0.9696969696969696, 1.0)",8,99.92207792207792,3348
"(1.0, 1.0)",8,99.92207792207792,3356
"(1.0, 1.0)",2,99.9218500797448,3358
"(0.9696969696969696, 1.0)",12,99.9218500797448,3370
"(0.9521531100478468, 1.0)",3,99.9218500797448,3373
"(0.9214340198321892, 1.0)",16,99.9214340198322,3389
"(0.9696969696969696, 1.0)",3,99.92128427128426,3392
"(0.9674603174603176, 1.0)",5,99.92128427128426,3397
"(1.0, 1.0)",10,99.92063492063492,3407
"(0.9841269841269842, 1.0)",6,99.92063492063492,3413
"(0.9666666666666668, 1.0)",5,99.92049062049064,3418
"(1.0, 1.0)",1,99.92049062049064,3419
"(0.9696969696969696, 1.0)",1,99.92049062049064,3420
"(0.9363636363636364, 1.0)",8,99.92049062049064,3428
"(0.9841269841269842, 1.0)",3,99.92040707830182,3431
"(0.9507101086048454, 1.0)",8,99.92040707830182,3439
"(0.9521531100478468, 1.0)",8,99.92040707830182,3447
"(0.936026936026936, 1.0)",11,99.92015392015392,3458
"(0.9465811965811968, 1.0)",1,99.92005341880342,3459
"(0.9674603174603176, 1.0)",3,99.91984126984129,3462
"(1.0, 1.0)",2,99.91984126984129,3464
"(0.9841269841269842, 1.0)",1,99.91984126984129,3465
"(0.9466207660652104, 1.0)",1,99.91976891421336,3466
"(0.9674603174603176, 1.0)",1,99.91961342750815,3467
"(0.9327096052096052, 1.0)",2,99.91937627187627,3469
"(0.919047619047619, 1.0)",1,99.91904761904762,3470
"(0.9674603174603176, 1.0)",1,99.91904761904762,3471
"(0.9666666666666668, 1.0)",5,99.91904761904762,3476
"(0.9507101086048454, 1.0)",13,99.9189640768588,3489
"(0.9841269841269842, 1.0)",2,99.9189640768588,3491
"(0.9589484126984128, 1.0)",2,99.91867063492064,3493
"(0.9674603174603176, 1.0)",2,99.91817042606516,3495
"(0.9841269841269842, 1.0)",23,99.91746031746032,3518
"(1.0, 1.0)",24,99.91746031746032,3542
"(0.9333333333333332, 1.0)",39,99.91746031746032,3581
"(0.9666666666666668, 1.0)",1,99.91737677527152,3582
"(0.9172932330827066, 1.0)",73,99.9172932330827,3655
"(1.0, 1.0)",2,99.9172932330827,3657
"(0.9289529914529916, 1.0)",2,99.91575854700856,3659
"(1.0, 1.0)",4,99.9141414141414,3663
"(0.9696969696969696, 1.0)",14,99.9141414141414,3677
"(0.9444444444444444, 1.0)",22,99.9141414141414,3699
"(0.9391865079365078, 1.0)",2,99.91405423280423,3701
"(1.0, 1.0)",38,99.91358024691358,3739
"(0.9135802469135802, 1.0)",200,99.91358024691358,3939
"(1.0, 1.0)",2,99.91304347826087,3941
"(0.9565217391304348, 1.0)",24,99.91304347826087,3965
"(1.0, 1.0)",1,99.9126984126984,3966
"(0.9444444444444444, 1.0)",15,99.9126984126984,3981
"(0.9841269841269842, 1.0)",10,99.9126984126984,3991
"(0.9391865079365078, 1.0)",1,99.91265873015874,3992
"(1.0, 1.0)",3,99.9125,3995
"(0.9674603174603176, 1.0)",6,99.91190476190476,4001
"(0.9444444444444444, 1.0)",1,99.91190476190476,4002
"(0.9666666666666668, 1.0)",3,99.91111111111113,4005
"(0.9444444444444444, 1.0)",1,99.91111111111113,4006
"(0.9841269841269842, 1.0)",1,99.9103456929544,4007
"(0.9565217391304348, 1.0)",18,99.9103456929544,4025
"(0.9696969696969696, 1.0)",2,99.9103456929544,4027
"(1.0, 1.0)",4,99.9103456929544,4031
"(0.9497685185185184, 1.0)",2,99.9098148148148,4033
"(0.909722222222222, 1.0)",20,99.90972222222224,4053
"(1.0, 1.0)",1,99.90972222222224,4054
"(0.9696969696969696, 1.0)",4,99.9090909090909,4058
"(1.0, 1.0)",2,99.9090909090909,4060
"(0.9248366013071896, 1.0)",2,99.90896358543418,4062
"(0.9841269841269842, 1.0)",2,99.90896358543418,4064
"(1.0, 1.0)",7,99.9089026915114,4071
"(0.9523809523809524, 1.0)",1,99.9089026915114,4072
"(0.9841269841269842, 1.0)",9,99.9089026915114,4081
"(0.9565217391304348, 1.0)",13,99.9089026915114,4094
"(0.9087026014109348, 1.0)",1,99.90870260141094,4095
"(0.9615343915343916, 1.0)",2,99.90861772486772,4097
"(1.0, 1.0)",1,99.90810904071772,4098
"(0.9674603174603176, 1.0)",1,99.90810904071772,4099
"(0.9380032206119162, 1.0)",4,99.90770019030889,4103
"(0.9696969696969696, 1.0)",5,99.90770019030889,4108
"(0.9696969696969696, 1.0)",8,99.90764790764791,4116
"(1.0, 1.0)",1,99.90764790764791,4117
"(0.9841269841269842, 1.0)",5,99.90764790764791,4122
"(0.9592592592592591, 1.0)",2,99.90746031746032,4124
"(0.9841269841269842, 1.0)",1,99.9073153899241,4125
"(0.9666666666666668, 1.0)",2,99.9073153899241,4127
"(0.9565217391304348, 1.0)",1,99.9073153899241,4128
"(0.9507101086048454, 1.0)",12,99.90723184773528,4140
"(0.9565217391304348, 1.0)",3,99.90723184773528,4143
"(0.9230769230769232, 1.0)",67,99.90720390720392,4210
"(0.9841269841269842, 1.0)",13,99.90720390720392,4223
"(1.0, 1.0)",8,99.90720390720392,4231
"(0.9592592592592591, 1.0)",1,99.90699786324788,4232
"(0.9386724386724388, 1.0)",4,99.9069264069264,4236
"(0.9674603174603176, 1.0)",3,99.90685425685426,4239
"(0.9696969696969696, 1.0)",1,99.90685425685426,4240
"(0.9224211423699916, 1.0)",19,99.90654812649696,4259
"(0.9466207660652104, 1.0)",1,99.90634298828743,4260
"(0.9380032206119162, 1.0)",4,99.90625718886588,4264
"(0.9841269841269842, 1.0)",1,99.90625718886588,4265
"(0.9841269841269842, 1.0)",3,99.9062049062049,4268
"(0.9696969696969696, 1.0)",3,99.9062049062049,4271
"(1.0, 1.0)",7,99.9062049062049,4278
"(0.9327096052096052, 1.0)",1,99.90618182743182,4279
"(0.9363636363636364, 1.0)",16,99.9060606060606,4295
"(0.9696969696969696, 1.0)",1,99.9060606060606,4296
"(0.9666666666666668, 1.0)",1,99.9060606060606,4297
"(0.9521531100478468, 1.0)",1,99.9059770638718,4298
"(0.9696969696969696, 1.0)",6,99.9059770638718,4304
"(1.0, 1.0)",1,99.9057239057239,4305
"(0.9696969696969696, 1.0)",2,99.9057239057239,4307
"(0.9214340198321892, 1.0)",2,99.90556100395918,4309
"(0.9696969696969696, 1.0)",1,99.90541125541124,4310
"(1.0, 1.0)",1,99.90541125541124,4311
"(1.0, 1.0)",1,99.90525556315028,4312
"(0.9589484126984128, 1.0)",1,99.90496693121692,4313
"(0.9841269841269842, 1.0)",3,99.9047619047619,4316
"(1.0, 1.0)",16,99.9047619047619,4332
"(0.9206349206349206, 1.0)",1,99.9047619047619,4333
"(0.9047619047619048, 1.0)",102,99.9047619047619,4435
"(0.9666666666666668, 1.0)",1,99.9046176046176,4436
"(0.9363636363636364, 1.0)",1,99.9046176046176,4437
"(0.9507101086048454, 1.0)",10,99.9045340624288,4447
"(0.9507101086048454, 1.0)",1,99.9045340624288,4448
"(0.9841269841269842, 1.0)",1,99.9045340624288,4449
"(0.936026936026936, 1.0)",5,99.90428090428092,4454
"(1.0, 1.0)",1,99.90412698412698,4455
"(0.904126984126984, 1.0)",29,99.90412698412698,4484
"(1.0, 1.0)",2,99.90396825396826,4486
"(0.9841269841269842, 1.0)",2,99.90396825396826,4488
"(0.9674603174603176, 1.0)",1,99.90396825396826,4489
"(0.9841269841269842, 1.0)",1,99.90374041163514,4490
"(0.9841269841269842, 1.0)",3,99.9035847193742,4493
"(0.9841269841269842, 1.0)",5,99.9031746031746,4498
"(0.9674603174603176, 1.0)",1,99.9031746031746,4499
"(0.9841269841269842, 1.0)",2,99.9030910609858,4501
"(0.9507101086048454, 1.0)",4,99.9030910609858,4505
"(1.0, 1.0)",4,99.9030303030303,4509
"(0.9333333333333332, 1.0)",14,99.9030303030303,4523
"(0.9696969696969696, 1.0)",11,99.9030303030303,4534
"(0.9289529914529916, 1.0)",1,99.90242521367522,4535
"(0.9023569023569024, 1.0)",18,99.9023569023569,4553
"(1.0, 1.0)",8,99.9015873015873,4561
"(0.9841269841269842, 1.0)",15,99.9015873015873,4576
"(0.9333333333333332, 1.0)",17,99.9015873015873,4593
"(0.9507101086048454, 1.0)",1,99.90142021720968,4594
"(0.9172932330827066, 1.0)",37,99.90142021720968,4631
"(0.9444444444444444, 1.0)",16,99.90096618357488,4647
"(0.9565217391304348, 1.0)",11,99.90096618357488,4658
"(1.0, 1.0)",2,99.90096618357488,4660
"(0.900854700854701, 1.0)",9,99.9008547008547,4669
"(1.0, 1.0)",2,99.9008547008547,4671
"(0.9666666666666668, 1.0)",2,99.9,4673
"(0.9333333333333332, 1.0)",1,99.9,4674
"(0.9523809523809524, 1.0)",1,99.89963603003926,4675
"(0.8991666666666667, 1.0)",15,99.89916666666667,4690
"(0.9696969696969696, 1.0)",11,99.8982683982684,4701
"(0.9444444444444444, 1.0)",12,99.8982683982684,4713
"(0.9841269841269842, 1.0)",3,99.8982683982684,4716
"(0.9497685185185184, 1.0)",1,99.89796957671958,4717
"(0.9841269841269842, 1.0)",2,99.89785247432306,4719
"(0.8977777777777779, 1.0)",21,99.89777777777778,4740
"(1.0, 1.0)",16,99.89770723104056,4756
"(0.9135802469135802, 1.0)",76,99.89770723104056,4832
"(0.9841269841269842, 1.0)",19,99.89770723104056,4851
"(1.0, 1.0)",1,99.89747474747476,4852
"(0.9841269841269842, 1.0)",8,99.89717046238786,4860
"(1.0, 1.0)",1,99.89717046238786,4861
"(0.9565217391304348, 1.0)",16,99.89717046238786,4877
"(1.0, 1.0)",1,99.89717046238783,4878
"(0.9445350241545892, 1.0)",5,99.89691597653554,4883
"(1.0, 1.0)",2,99.8968253968254,4885
"(0.9444444444444444, 1.0)",7,99.8968253968254,4892
"(0.9841269841269842, 1.0)",2,99.8968253968254,4894
"(1.0, 1.0)",1,99.89662698412698,4895
"(0.9841269841269842, 1.0)",2,99.89662698412698,4897
"(0.9521531100478468, 1.0)",3,99.89659755449227,4900
"(0.896551724137931, 1.0)",103,99.89655172413794,5003
"(1.0, 1.0)",12,99.89655172413794,5015
"(0.958531746031746, 1.0)",1,99.89628427128427,5016
"(0.9497685185185184, 1.0)",1,99.8961574074074,5017
"(0.9444444444444444, 1.0)",3,99.89603174603177,5020
"(0.9674603174603176, 1.0)",1,99.89603174603177,5021
"(0.9740143369175628, 1.0)",1,99.89597614247312,5022
"(0.9565217391304348, 1.0)",3,99.89591567852436,5025
"(0.9696969696969696, 1.0)",4,99.89591567852436,5029
"(0.9327096052096052, 1.0)",1,99.89567256817256,5030
"(0.9666666666666668, 1.0)",1,99.8952380952381,5031
"(0.9565217391304348, 1.0)",5,99.89519417780288,5036
"(0.9507101086048454, 1.0)",10,99.89515455304928,5046
"(0.9444444444444444, 1.0)",1,99.89515455304928,5047
"(0.9109477124183006, 1.0)",1,99.8950746965453,5048
"(0.947088068181818, 1.0)",1,99.89482667217042,5049
"(0.9248366013071896, 1.0)",2,99.89453357100416,5051
"(0.9380032206119162, 1.0)",7,99.89452495974236,5058
"(0.9565217391304348, 1.0)",2,99.89452495974236,5060
"(1.0, 1.0)",2,99.89452495974236,5062
"(0.9696969696969696, 1.0)",4,99.89447267708138,5066
"(1.0, 1.0)",2,99.89447267708138,5068
"(0.9841269841269842, 1.0)",6,99.89447267708138,5074
"(0.9565217391304348, 1.0)",3,99.89447267708138,5077
"(1.0, 1.0)",2,99.89447267708135,5079
"(0.9213117283950616, 1.0)",3,99.89422839506172,5082
"(0.9445350241545892, 1.0)",1,99.89416465378422,5083
"(0.9841269841269842, 1.0)",1,99.8938492063492,5084
"(0.909722222222222, 1.0)",4,99.8938492063492,5088
"(0.9674603174603176, 1.0)",5,99.89367902628771,5093
"(0.9615343915343916, 1.0)",1,99.89353835978837,5094
"(0.932852564102564, 1.0)",1,99.8935335676868,5095
"(1.0, 1.0)",2,99.8932178932179,5097
"(0.9696969696969696, 1.0)",4,99.8932178932179,5101
"(0.9248366013071896, 1.0)",4,99.89309056956117,5105
"(0.9841269841269842, 1.0)",1,99.89309056956117,5106
"(1.0, 1.0)",1,99.89309056956117,5107
"(0.9565217391304348, 1.0)",3,99.89302967563836,5110
"(0.9841269841269842, 1.0)",5,99.89302967563836,5115
"(1.0, 1.0)",4,99.89302967563836,5119
"(0.9466207660652104, 1.0)",2,99.8929170623615,5121
"(0.9363636363636364, 1.0)",8,99.89288537549407,5129
"(0.9327096052096052, 1.0)",1,99.8928484940985,5130
"(0.9841269841269842, 1.0)",1,99.89280183330528,5131
"(0.9521531100478468, 1.0)",1,99.89280183330528,5132
"(0.9696969696969696, 1.0)",6,99.89277389277387,5138
"(0.9230769230769232, 1.0)",37,99.89277389277387,5175
"(1.0, 1.0)",6,99.89277389277387,5181
"(0.936026936026936, 1.0)",1,99.89254867515736,5182
"(0.9565217391304348, 1.0)",1,99.89223602484472,5183
"(0.9224211423699916, 1.0)",9,99.89211811206695,5192
"(1.0, 1.0)",2,99.89211811206695,5194
"(0.9696969696969696, 1.0)",1,99.89182717443587,5195
"(1.0, 1.0)",1,99.89182717443587,5196
"(0.9841269841269842, 1.0)",1,99.89182717443586,5197
"(0.9841269841269842, 1.0)",4,99.8917748917749,5201
"(0.922077922077922, 1.0)",1,99.8917748917749,5202
"(0.9696969696969696, 1.0)",10,99.8917748917749,5212
"(1.0, 1.0)",1,99.8917748917749,5213
"(0.9507101086048454, 1.0)",5,99.89135883186226,5218
"(0.9230769230769232, 1.0)",16,99.8913308913309,5234
"(0.9841269841269842, 1.0)",7,99.8913308913309,5241
"(1.0, 1.0)",8,99.8913308913309,5249
"(0.9214340198321892, 1.0)",2,99.89113098952916,5251
"(0.9386724386724388, 1.0)",1,99.8910533910534,5252
"(0.9674603174603176, 1.0)",4,99.89098124098123,5256
"(0.9224211423699916, 1.0)",2,99.89067511062396,5258
"(0.9841269841269842, 1.0)",1,99.8906487232574,5259
"(0.9230769230769232, 1.0)",3,99.89053724053724,5262
"(0.9674603174603176, 1.0)",2,99.89053724053724,5264
"(0.8904991948470209, 1.0)",2,99.89049919484702,5266
"(0.9306746031746032, 1.0)",1,99.8904894179894,5267
"(0.9380032206119162, 1.0)",3,99.89038417299288,5270
"(1.0, 1.0)",2,99.8903318903319,5272
"(0.9841269841269842, 1.0)",6,99.8903318903319,5278
"(0.9696969696969696, 1.0)",3,99.8903318903319,5281
"(0.9363636363636364, 1.0)",1,99.8901875901876,5282
"(1.0, 1.0)",1,99.8901875901876,5283
"(0.9841269841269842, 1.0)",6,99.8901875901876,5289
"(0.9696969696969696, 1.0)",1,99.8901040479988,5290
"(0.9507101086048454, 1.0)",1,99.8901040479988,5291
"(0.9565217391304348, 1.0)",13,99.88985507246376,5304
"(1.0, 1.0)",3,99.88985507246376,5307
"(0.9333333333333332, 1.0)",15,99.88985507246376,5322
"(0.936026936026936, 1.0)",4,99.88985088985088,5326
"(0.9841269841269842, 1.0)",1,99.88985088985088,5327
"(0.8897707231040564, 1.0)",21,99.88977072310404,5348
"(0.9230769230769232, 1.0)",1,99.8897435897436,5349
"(0.9666666666666668, 1.0)",4,99.8897435897436,5353
"(0.9214340198321892, 1.0)",2,99.88968798808617,5355
"(0.9674603174603176, 1.0)",1,99.88953823953824,5356
"(0.9841269841269842, 1.0)",1,99.88953823953824,5357
"(0.9696969696969696, 1.0)",1,99.88953823953824,5358
"(0.8888888888888888, 1.0)",30,99.88888888888889,5388
"(0.9841269841269842, 1.0)",14,99.88888888888889,5402
"(0.9047619047619048, 1.0)",128,99.88888888888889,5530
"(1.0, 1.0)",34,99.88888888888889,5564
"(0.9444444444444444, 1.0)",10,99.88888888888889,5574
"(0.9523809523809524, 1.0)",2,99.88881613756614,5576
"(0.9380032206119162, 1.0)",1,99.88879687140556,5577
"(0.9666666666666668, 1.0)",1,99.8887445887446,5578
"(1.0, 1.0)",1,99.8887445887446,5579
"(0.9696969696969696, 1.0)",1,99.8887445887446,5580
"(0.9682539682539684, 1.0)",1,99.8887445887446,5581
"(0.9841269841269842, 1.0)",2,99.8887445887446,5583
"(1.0, 1.0)",1,99.88866104655578,5584
"(0.9696969696969696, 1.0)",2,99.88866104655578,5586
"(0.9841269841269842, 1.0)",1,99.88866104655578,5587
"(0.9521531100478468, 1.0)",1,99.88866104655578,5588
"(1.0, 1.0)",1,99.88843320422268,5589
"(0.8883205456095482, 1.0)",48,99.88832054560956,5637
"(1.0, 1.0)",1,99.88832054560956,5638
"(0.904126984126984, 1.0)",13,99.88825396825396,5651
"(0.936026936026936, 1.0)",1,99.88818004607478,5652
"(1.0, 1.0)",1,99.88809523809525,5653
"(0.9666666666666668, 1.0)",1,99.88795093795092,5654
"(0.9674603174603176, 1.0)",1,99.88795093795092,5655
"(0.919047619047619, 1.0)",2,99.88730158730158,5657
"(1.0, 1.0)",1,99.88730158730158,5658
"(0.9841269841269842, 1.0)",2,99.88721804511276,5660
"(0.9507101086048454, 1.0)",2,99.88721804511276,5662
"(0.9497685185185184, 1.0)",1,99.8871632996633,5663
"(0.9696969696969696, 1.0)",4,99.8871572871573,5667
"(1.0, 1.0)",5,99.8871572871573,5672
"(0.9333333333333332, 1.0)",14,99.8871572871573,5686
"(0.9841269841269842, 1.0)",3,99.8871572871573,5689
"(0.9674603174603176, 1.0)",1,99.88707374496848,5690
"(0.9172932330827066, 1.0)",1,99.88699020277969,5691
"(0.8867623604465709, 1.0)",3,99.88676236044655,5694
"(1.0, 1.0)",1,99.8867370446318,5695
"(0.936026936026936, 1.0)",1,99.8867370446318,5696
"(0.9023569023569024, 1.0)",14,99.88648388648387,5710
"(0.9841269841269842, 1.0)",1,99.88648388648387,5711
"(0.8864468864468864, 1.0)",18,99.88644688644688,5729
"(0.9391865079365078, 1.0)",1,99.8864415855948,5730
"(0.9507101086048454, 1.0)",1,99.88642439431914,5731
"(1.0, 1.0)",3,99.88571428571429,5734
"(0.9333333333333332, 1.0)",14,99.88571428571429,5748
"(0.9841269841269842, 1.0)",4,99.88571428571429,5752
"(0.9523809523809524, 1.0)",1,99.88562881562882,5753
"(0.9507101086048454, 1.0)",3,99.88554720133668,5756
"(0.9172932330827066, 1.0)",12,99.88554720133668,5768
"(0.9333333333333332, 1.0)",2,99.88548644338118,5770
"(0.9521531100478468, 1.0)",4,99.88548644338118,5774
"(0.9523809523809524, 1.0)",1,99.88525132275132,5775
"(0.9444444444444444, 1.0)",12,99.88509316770188,5787
"(0.9565217391304348, 1.0)",7,99.88509316770188,5794
"(0.900854700854701, 1.0)",12,99.88498168498168,5806
"(0.9674603174603176, 1.0)",10,99.88492063492065,5816
"(0.9333333333333332, 1.0)",1,99.88492063492065,5817
"(1.0, 1.0)",1,99.8845117845118,5818
"(0.9497685185185184, 1.0)",1,99.88426638176638,5819
"(1.0, 1.0)",1,99.884126984127,5820
"(0.9666666666666668, 1.0)",7,99.884126984127,5827
"(0.9333333333333332, 1.0)",1,99.884126984127,5828
"(0.9333333333333332, 1.0)",1,99.88404344193818,5829
"(0.883876357560568, 1.0)",17,99.88387635756057,5846
"(0.9696969696969696, 1.0)",5,99.88383838383838,5851
"(1.0, 1.0)",4,99.88383838383838,5855
"(0.9444444444444444, 1.0)",7,99.88383838383838,5862
"(0.9445350241545892, 1.0)",2,99.8835826432022,5864
"(0.9497685185185184, 1.0)",1,99.88357193732192,5865
"(0.8991666666666667, 1.0)",4,99.88329365079365,5869
"(1.0, 1.0)",1,99.88329365079365,5870
"(0.9696969696969696, 1.0)",3,99.88327721661057,5873
"(0.9135802469135802, 1.0)",39,99.88327721661057,5912
"(0.8832772166105499, 1.0)",30,99.88327721661057,5942
"(1.0, 1.0)",5,99.88327721661057,5947
"(0.9497685185185184, 1.0)",1,99.88324531949532,5948
"(0.9696969696969696, 1.0)",1,99.88274044795784,5949
"(0.9565217391304348, 1.0)",1,99.88274044795784,5950
"(1.0, 1.0)",2,99.88274044795784,5952
"(0.9466207660652104, 1.0)",1,99.88273187717633,5953
"(0.9740143369175628, 1.0)",2,99.8825394691927,5955
"(0.9380032206119162, 1.0)",1,99.88244766505636,5956
"(1.0, 1.0)",1,99.88244766505636,5957
"(0.9444444444444444, 1.0)",1,99.88244766505636,5958
"(0.9696969696969696, 1.0)",3,99.8823953823954,5961
"(0.9841269841269842, 1.0)",4,99.8823953823954,5965
"(0.9444444444444444, 1.0)",1,99.8823953823954,5966
"(0.9696969696969696, 1.0)",1,99.88239538239536,5967
"(0.9444444444444444, 1.0)",9,99.88239538239536,5976
"(0.8822954822954823, 1.0)",1,99.88229548229548,5977
"(0.9087026014109348, 1.0)",1,99.88203593474428,5978
"(0.8977777777777779, 1.0)",14,99.88190476190476,5992
"(0.9841269841269842, 1.0)",1,99.88190476190476,5993
"(0.9087026014109348, 1.0)",1,99.88185074955908,5994
"(0.9135802469135802, 1.0)",33,99.88183421516754,6027
"(0.9841269841269842, 1.0)",7,99.88183421516754,6034
"(1.0, 1.0)",10,99.88183421516754,6044
"(0.8817204301075269, 1.0)",44,99.88172043010752,6088
"(1.0, 1.0)",18,99.88172043010752,6106
"(0.9444444444444444, 1.0)",1,99.88160173160172,6107
"(0.9565217391304348, 1.0)",1,99.88129744651484,6108
"(0.9841269841269842, 1.0)",3,99.88129744651484,6111
"(0.932852564102564, 1.0)",1,99.881203258547,6112
"(0.9674603174603176, 1.0)",1,99.8810405643739,6113
"(0.9135802469135802, 1.0)",2,99.8810405643739,6115
"(1.0, 1.0)",1,99.88095238095238,6116
"(0.9841269841269842, 1.0)",1,99.88095238095238,6117
"(0.9444444444444444, 1.0)",12,99.88095238095238,6129
"(0.9521531100478468, 1.0)",2,99.88072453861928,6131
"(0.9841269841269842, 1.0)",1,99.88072453861928,6132
"(0.9444444444444444, 1.0)",4,99.88072453861928,6136
"(1.0, 1.0)",2,99.88067870826492,6138
"(0.896551724137931, 1.0)",1,99.88067870826492,6139
"(0.9841269841269842, 1.0)",13,99.88067870826492,6152
"(0.896551724137931, 1.0)",80,99.88067870826492,6232
"(0.9565217391304348, 1.0)",1,99.88050379572118,6233
"(0.9674603174603176, 1.0)",2,99.88050379572118,6235
"(0.8803174603174604, 1.0)",6,99.88031746031746,6241
"(0.9135802469135802, 1.0)",3,99.88024691358024,6244
"(0.9666666666666668, 1.0)",2,99.88024691358024,6246
"(0.9444444444444444, 1.0)",1,99.88015873015873,6247
"(0.9841269841269842, 1.0)",2,99.88015873015873,6249
"(0.9589484126984128, 1.0)",1,99.88006613756612,6250
"(0.9696969696969696, 1.0)",3,99.88004266265136,6253
"(0.9565217391304348, 1.0)",2,99.88004266265136,6255
"(1.0, 1.0)",1,99.87997992345818,6256
"(0.9696969696969696, 1.0)",1,99.87997992345818,6257
"(1.0, 1.0)",5,99.87959866220736,6262
"(0.9565217391304348, 1.0)",16,99.87959866220736,6278
"(0.9230769230769232, 1.0)",16,99.87959866220736,6294
"(0.9592592592592591, 1.0)",1,99.87956989247311,6295
"(0.909722222222222, 1.0)",8,99.8794191919192,6303
"(0.9666666666666668, 1.0)",1,99.87936507936509,6304
"(0.9565217391304348, 1.0)",1,99.87932116192984,6305
"(0.9444444444444444, 1.0)",1,99.87928153717628,6306
"(0.9841269841269842, 1.0)",1,99.87928153717628,6307
"(0.9507101086048454, 1.0)",3,99.87928153717628,6310
"(0.9109477124183006, 1.0)",5,99.87920168067228,6315
"(1.0, 1.0)",1,99.87920168067228,6316
"(0.8791208791208792, 1.0)",37,99.87912087912088,6353
"(0.9565217391304348, 1.0)",1,99.87894288150042,6354
"(0.9224211423699916, 1.0)",4,99.87894288150042,6358
"(0.9445350241545892, 1.0)",1,99.87884770221729,6359
"(0.9592592592592591, 1.0)",1,99.87883942703388,6360
"(0.9696969696969696, 1.0)",1,99.87878787878788,6361
"(1.0, 1.0)",2,99.87878787878788,6363
"(0.932852564102564, 1.0)",1,99.8786858974359,6364
"(0.9380032206119162, 1.0)",2,99.87865194386931,6366
"(0.9841269841269842, 1.0)",1,99.87865194386931,6367
"(1.0, 1.0)",3,99.87859966120836,6370
"(0.9841269841269842, 1.0)",4,99.87859966120836,6374
"(0.9565217391304348, 1.0)",3,99.87859966120836,6377
"(0.8785714285714287, 1.0)",1,99.87857142857143,6378
"(0.9841269841269842, 1.0)",1,99.8785369220152,6379
"(0.9841269841269842, 1.0)",1,99.87848788638264,6380
"(0.958531746031746, 1.0)",1,99.87839285714286,6381
"(0.9306746031746032, 1.0)",1,99.8783669108669,6382
"(0.9391865079365078, 1.0)",1,99.87814153439152,6383
"(0.9841269841269842, 1.0)",1,99.8779761904762,6384
"(0.909722222222222, 1.0)",2,99.8779761904762,6386
"(0.9214340198321892, 1.0)",1,99.87795575896264,6387
"(0.9841269841269842, 1.0)",1,99.8778060104147,6388
"(0.9333333333333332, 1.0)",14,99.87777777777778,6402
"(1.0, 1.0)",1,99.87777777777778,6403
"(0.9444444444444444, 1.0)",7,99.87777777777778,6410
"(0.9445350241545892, 1.0)",1,99.87772986429388,6411
"(0.9047101449275364, 1.0)",1,99.8776268115942,6412
"(1.0, 1.0)",3,99.87745098039215,6415
"(1.0, 1.0)",5,99.87742504409172,6420
"(0.9696969696969696, 1.0)",2,99.87739716000586,6422
"(1.0, 1.0)",4,99.87734487734488,6426
"(0.9407729468599032, 1.0)",1,99.8773139521509,6427
"(0.9248366013071896, 1.0)",5,99.87721755368814,6432
"(0.9841269841269842, 1.0)",2,99.87715665976536,6434
"(0.9565217391304348, 1.0)",1,99.87715665976536,6435
"(0.9666666666666668, 1.0)",1,99.87701235962106,6436
"(0.9363636363636364, 1.0)",1,99.87701235962106,6437
"(0.9696969696969696, 1.0)",2,99.87692881743226,6439
"(0.9696969696969696, 1.0)",2,99.87690087690088,6441
"(1.0, 1.0)",1,99.87690087690088,6442
"(0.9230769230769232, 1.0)",15,99.87690087690088,6457
"(0.9841269841269842, 1.0)",2,99.87690087690088,6459
"(0.9386724386724388, 1.0)",1,99.87662337662336,6460
"(0.8763636363636363, 1.0)",9,99.87636363636364,6469
"(1.0, 1.0)",1,99.87636300897172,6470
"(0.9674603174603176, 1.0)",1,99.87636300897172,6471
"(0.9027274557165862, 1.0)",1,99.8763385668277,6472
"(0.9224211423699916, 1.0)",8,99.87624509619394,6480
"(0.9841269841269842, 1.0)",1,99.87624509619394,6481
"(0.9027274557165862, 1.0)",2,99.8761996779388,6483
"(0.9230769230769232, 1.0)",1,99.87610722610722,6484
"(0.9380032206119162, 1.0)",1,99.87595415856283,6485
"(0.9841269841269842, 1.0)",3,99.87590187590187,6488
"(1.0, 1.0)",3,99.87590187590187,6491
"(0.9696969696969696, 1.0)",4,99.87590187590187,6495
"(0.9521531100478468, 1.0)",3,99.87567403356876,6498
"(0.875593542260209, 1.0)",1,99.8755935422602,6499
"(1.0, 1.0)",1,99.87556935817804,6500
"(0.9507101086048454, 1.0)",3,99.87548581598924,6503
"(0.9841269841269842, 1.0)",4,99.87545787545788,6507
"(1.0, 1.0)",7,99.87545787545788,6514
"(0.9230769230769232, 1.0)",5,99.87545787545788,6519
"(0.9841269841269842, 1.0)",1,99.87545787545788,6520
"(0.9521531100478468, 1.0)",3,99.87523003312477,6523
"(0.9230769230769232, 1.0)",1,99.87523003312477,6524
"(0.9407729468599032, 1.0)",1,99.87517821751516,6525
"(0.9674603174603176, 1.0)",1,99.87510822510822,6526
"(0.875, 1.0)",80,99.875,6606
"(1.0, 1.0)",15,99.875,6621
"(0.9224211423699916, 1.0)",3,99.87480209475096,6624
"(0.9841269841269842, 1.0)",1,99.8747757073844,6625
"(0.936026936026936, 1.0)",1,99.87469937469938,6626
"(1.0, 1.0)",1,99.87466422466424,6627
"(0.9230769230769232, 1.0)",4,99.87466422466424,6631
"(0.8904991948470209, 1.0)",4,99.874626178974,6635
"(0.9047619047619048, 1.0)",46,99.87445887445888,6681
"(0.9841269841269842, 1.0)",2,99.87445887445888,6683
"(1.0, 1.0)",9,99.87445887445888,6692
"(0.9696969696969696, 1.0)",7,99.87445887445888,6699
"(0.9363636363636364, 1.0)",1,99.87431457431458,6700
"(0.9666666666666668, 1.0)",3,99.87431457431458,6703
"(0.9380032206119162, 1.0)",2,99.87428331478677,6705
"(0.9521531100478468, 1.0)",1,99.87428331478677,6706
"(0.9507101086048454, 1.0)",1,99.87423103212578,6707
"(0.8740392648287385, 1.0)",2,99.87403926482874,6709
"(0.9224211423699916, 1.0)",1,99.8740084439573,6710
"(0.9521531100478468, 1.0)",1,99.87400318979266,6711
"(1.0, 1.0)",4,99.87398205659076,6715
"(0.9841269841269842, 1.0)",3,99.87398205659076,6718
"(0.9333333333333332, 1.0)",9,99.87398205659076,6727
"(0.9565217391304348, 1.0)",14,99.87398205659076,6741
"(0.936026936026936, 1.0)",2,99.87397787397788,6743
"(0.8897707231040564, 1.0)",21,99.87389770723104,6764
"(0.9841269841269842, 1.0)",1,99.87389770723104,6765
"(1.0, 1.0)",1,99.87389770723104,6766
"(1.0, 1.0)",1,99.87387057387058,6767
"(0.9230769230769232, 1.0)",1,99.87387057387058,6768
"(0.9666666666666668, 1.0)",4,99.87387057387058,6772
"(0.904126984126984, 1.0)",1,99.87382395382396,6773
"(0.9172932330827066, 1.0)",2,99.87381497221314,6775
"(0.9507101086048454, 1.0)",4,99.87378703168176,6779
"(0.9230769230769232, 1.0)",1,99.87378703168176,6780
"(0.9445350241545892, 1.0)",1,99.87373042645343,6781
"(0.9391865079365078, 1.0)",1,99.87368437118435,6782
"(0.9523809523809524, 1.0)",1,99.87366522366524,6783
"(0.9391865079365078, 1.0)",1,99.8732677045177,6784
"(0.9224211423699916, 1.0)",1,99.87321479316364,6785
"(0.9391865079365078, 1.0)",1,99.87321428571428,6786
"(0.9206349206349206, 1.0)",1,99.87301587301587,6787
"(0.9841269841269842, 1.0)",18,99.87301587301587,6805
"(0.9047619047619048, 1.0)",32,99.87301587301587,6837
"(0.8888888888888888, 1.0)",25,99.87301587301587,6862
"(0.9444444444444444, 1.0)",4,99.87301587301587,6866
"(1.0, 1.0)",10,99.87301587301587,6876
"(0.9696969696969696, 1.0)",2,99.87287157287156,6878
"(0.919047619047619, 1.0)",1,99.87287157287156,6879
"(1.0, 1.0)",1,99.87287157287156,6880
"(0.9380032206119162, 1.0)",1,99.87284031334374,6881
"(1.0, 1.0)",1,99.87278803068276,6882
"(0.9206349206349206, 1.0)",1,99.87278803068276,6883
"(0.9507101086048454, 1.0)",1,99.87278803068276,6884
"(0.9841269841269842, 1.0)",1,99.87278803068276,6885
"(1.0, 1.0)",2,99.87272727272727,6887
"(0.9333333333333332, 1.0)",3,99.87272727272727,6890
"(0.936026936026936, 1.0)",4,99.87253487253489,6894
"(0.8883205456095482, 1.0)",16,99.87244752973652,6910
"(0.9841269841269842, 1.0)",3,99.87238095238096,6913
"(0.9674603174603176, 1.0)",2,99.87222222222222,6915
"(1.0, 1.0)",7,99.87222222222222,6922
"(0.9696969696969696, 1.0)",3,99.87207792207792,6925
"(0.9391865079365078, 1.0)",1,99.87205687830688,6926
"(0.9023569023569024, 1.0)",10,99.87205387205388,6936
"(0.9386724386724388, 1.0)",1,99.87200577200576,6937
"(0.9194577352472088, 1.0)",2,99.87183868762816,6939
"(0.936026936026936, 1.0)",1,99.87174122174122,6940
"(0.9666666666666668, 1.0)",2,99.87142857142857,6942
"(0.919047619047619, 1.0)",1,99.87142857142857,6943
"(0.9507101086048454, 1.0)",8,99.87134502923976,6951
"(0.9841269841269842, 1.0)",1,99.87134502923976,6952
"(0.9380032206119162, 1.0)",3,99.87133655394524,6955
"(1.0, 1.0)",1,99.87128427128428,6956
"(0.9333333333333332, 1.0)",7,99.87128427128428,6963
"(0.9696969696969696, 1.0)",3,99.87128427128428,6966
"(0.9841269841269842, 1.0)",1,99.87128427128428,6967
"(0.9507101086048454, 1.0)",1,99.87120072909546,6968
"(0.9674603174603176, 1.0)",1,99.87120072909546,6969
"(0.936026936026936, 1.0)",1,99.87094757094758,6970
"(0.8867623604465709, 1.0)",3,99.87088934457356,6973
"(0.9444444444444444, 1.0)",2,99.87066315327183,6975
"(0.9696969696969696, 1.0)",4,99.87066315327183,6979
"(0.9565217391304348, 1.0)",2,99.87066315327183,6981
"(0.9262187088274044, 1.0)",1,99.87066315327183,6982
"(1.0, 1.0)",1,99.87066315327183,6983
"(0.9674603174603176, 1.0)",1,99.87063492063491,6984
"(0.9023569023569024, 1.0)",3,99.87061087061088,6987
"(0.8864468864468864, 1.0)",15,99.87057387057388,7002
"(0.9696969696969696, 1.0)",1,99.87055167055166,7003
"(0.900854700854701, 1.0)",2,99.87055167055166,7005
"(0.9674603174603176, 1.0)",1,99.8704906204906,7006
"(0.9841269841269842, 1.0)",3,99.8704906204906,7009
"(0.9333333333333332, 1.0)",1,99.8704906204906,7010
"(0.9615343915343916, 1.0)",2,99.8701984126984,7012
"(1.0, 1.0)",3,99.87010198604402,7015
"(0.9135802469135802, 1.0)",11,99.87010198604402,7026
"(0.9565217391304348, 1.0)",2,99.870101986044,7028
"(0.9135802469135802, 1.0)",23,99.870101986044,7051
"(0.9333333333333332, 1.0)",5,99.86984126984127,7056
"(0.9674603174603176, 1.0)",1,99.86984126984127,7057
"(0.9841269841269842, 1.0)",2,99.86984126984127,7059
"(0.9841269841269842, 1.0)",1,99.86975772765246,7060
"(0.9363636363636364, 1.0)",1,99.86969696969696,7061
"(0.9507101086048454, 1.0)",1,99.86967418546368,7062
"(0.9172932330827066, 1.0)",4,99.86967418546364,7066
"(0.9333333333333332, 1.0)",2,99.86961342750816,7068
"(0.9521531100478468, 1.0)",1,99.86961342750816,7069
"(1.0, 1.0)",2,99.86956521739133,7071
"(0.9565217391304348, 1.0)",4,99.86956521739133,7075
"(0.9333333333333332, 1.0)",1,99.86936026936029,7076
"(0.9444444444444444, 1.0)",2,99.86928104575163,7078
"(0.9248366013071896, 1.0)",2,99.86928104575163,7080
"(0.9444444444444444, 1.0)",1,99.86922015182884,7081
"(0.9841269841269842, 1.0)",1,99.86922015182884,7082
"(1.0, 1.0)",2,99.86918445539136,7084
"(0.900854700854701, 1.0)",5,99.86910866910868,7089
"(0.8822954822954823, 1.0)",2,99.86910103785104,7091
"(0.9674603174603176, 1.0)",3,99.86904761904762,7094
"(1.0, 1.0)",1,99.86904761904762,7095
"(0.9023569023569024, 1.0)",1,99.86902356902355,7096
"(0.8991666666666667, 1.0)",3,99.86886363636364,7099
"(1.0, 1.0)",2,99.86877394636016,7101
"(0.8686868686868687, 1.0)",37,99.86868686868686,7138
"(1.0, 1.0)",9,99.86868686868686,7147
"(0.9565217391304348, 1.0)",2,99.8684265010352,7149
"(0.9740143369175628, 1.0)",1,99.86838250981396,7150
"(0.9333333333333332, 1.0)",1,99.86825396825397,7151
"(0.9841269841269842, 1.0)",1,99.86825396825397,7152
"(0.9087026014109348, 1.0)",1,99.86819334215168,7153
"(0.9507101086048454, 1.0)",3,99.86817042606516,7156
"(0.9333333333333332, 1.0)",1,99.86817042606516,7157
"(0.883876357560568, 1.0)",19,99.86800334168755,7176
"(0.9696969696969696, 1.0)",2,99.86796536796535,7178
"(0.9444444444444444, 1.0)",3,99.86796536796535,7181
"(0.9841269841269842, 1.0)",1,99.86796536796535,7182
"(0.9313762626262628, 1.0)",1,99.86771885521884,7183
"(0.9666666666666668, 1.0)",1,99.86763285024156,7184
"(0.9444444444444444, 1.0)",8,99.86752136752136,7192
"(0.9230769230769232, 1.0)",9,99.86752136752136,7201
"(0.8675136116152449, 1.0)",1,99.86751361161524,7202
"(0.9696969696969696, 1.0)",1,99.86747474747474,7203
"(0.8977777777777779, 1.0)",2,99.86747474747474,7205
"(0.9109477124183006, 1.0)",1,99.86746945154874,7206
"(1.0, 1.0)",5,99.86742063492063,7211
"(0.9135802469135802, 1.0)",3,99.86740420073754,7214
"(0.9841269841269842, 1.0)",2,99.86740420073752,7216
"(0.8832772166105499, 1.0)",9,99.86740420073752,7225
"(0.9696969696969696, 1.0)",7,99.86740420073752,7232
"(0.9135802469135802, 1.0)",8,99.86740420073752,7240
"(1.0, 1.0)",4,99.86740420073752,7244
"(0.9465811965811968, 1.0)",1,99.86732905982906,7245
"(0.9327096052096052, 1.0)",1,99.86716066341066,7246
"(0.9841269841269842, 1.0)",1,99.8670634920635,7247
"(0.9696969696969696, 1.0)",1,99.86686743208485,7248
"(0.9565217391304348, 1.0)",4,99.86686743208485,7252
"(0.9444444444444444, 1.0)",1,99.86686558681444,7253
"(0.9224211423699916, 1.0)",6,99.86686558681444,7259
"(0.8666666666666667, 1.0)",1,99.86666666666667,7260
"(0.9333333333333332, 1.0)",6,99.86666666666667,7266
"(0.9380032206119162, 1.0)",4,99.86657464918336,7270
"(0.9444444444444444, 1.0)",1,99.86657464918336,7271
"(0.9696969696969696, 1.0)",1,99.86652236652236,7272
"(1.0, 1.0)",2,99.86652236652236,7274
"(0.9444444444444444, 1.0)",3,99.86652236652236,7277
"(1.0, 1.0)",5,99.8662486938349,7282
"(0.9696969696969696, 1.0)",5,99.8662486938349,7287
"(0.896551724137931, 1.0)",20,99.8662486938349,7307
"(0.909722222222222, 1.0)",3,99.86624396135268,7310
"(1.0, 1.0)",2,99.86624396135268,7312
"(0.9592592592592591, 1.0)",1,99.86606481481482,7313
"(0.8977777777777779, 1.0)",4,99.86603174603177,7317
"(0.9135802469135802, 1.0)",9,99.86596119929452,7326
"(0.9841269841269842, 1.0)",5,99.86596119929452,7331
"(1.0, 1.0)",2,99.86596119929452,7333
"(1.0, 1.0)",5,99.86584741423452,7338
"(0.8817204301075269, 1.0)",35,99.86584741423452,7373
"(0.9841269841269842, 1.0)",7,99.86584741423452,7380
"(0.8991666666666667, 1.0)",1,99.86583333333334,7381
"(0.9521531100478468, 1.0)",10,99.86573335696144,7391
"(0.9135802469135802, 1.0)",1,99.86573335696144,7392
"(0.9674603174603176, 1.0)",1,99.86572871572872,7393
"(0.9327096052096052, 1.0)",1,99.86562627187628,7394
"(1.0, 1.0)",1,99.86561264822134,7395
"(0.9407729468599032, 1.0)",1,99.86560799084818,7396
"(0.9444444444444444, 1.0)",1,99.86557302346776,7397
"(0.9248366013071896, 1.0)",2,99.86548532456462,7399
"(0.9565217391304348, 1.0)",1,99.86542443064182,7400
"(0.9445350241545892, 1.0)",1,99.86542177629134,7401
"(0.9507101086048454, 1.0)",1,99.86539264828738,7402
"(0.9674603174603176, 1.0)",2,99.86516754850088,7404
"(0.9135802469135802, 1.0)",1,99.86516754850088,7405
"(0.9444444444444444, 1.0)",7,99.86507936507935,7412
"(1.0, 1.0)",2,99.865,7414
"(0.9444444444444444, 1.0)",1,99.86493506493508,7415
"(0.9841269841269842, 1.0)",4,99.86488095238096,7419
"(0.9507101086048454, 1.0)",4,99.86485152274626,7423
"(0.9444444444444444, 1.0)",1,99.86485152274626,7424
"(0.896551724137931, 1.0)",29,99.8648056923919,7453
"(0.9841269841269842, 1.0)",4,99.8648056923919,7457
"(1.0, 1.0)",1,99.8648056923919,7458
"(0.9109477124183006, 1.0)",1,99.86477166624226,7459
"(0.9674603174603176, 1.0)",2,99.86463077984816,7461
"(0.9841269841269842, 1.0)",1,99.86459836459836,7462
"(0.9592592592592591, 1.0)",1,99.86450396825396,7463
"(0.8803174603174604, 1.0)",10,99.86444444444444,7473
"(0.9666666666666668, 1.0)",2,99.86437389770722,7475
"(0.89, 1.0)",3,99.86435897435898,7478
"(0.9507101086048454, 1.0)",1,99.86429035551842,7479
"(0.9135802469135802, 1.0)",2,99.86429035551842,7481
"(0.9565217391304348, 1.0)",1,99.86416964677836,7482
"(0.9696969696969696, 1.0)",2,99.86416964677836,7484
"(0.9841269841269842, 1.0)",1,99.86416964677836,7485
"(1.0, 1.0)",2,99.86416964677836,7487
"(0.89, 1.0)",1,99.86401433691756,7488
"(0.9674603174603176, 1.0)",6,99.86401204159824,7494
"(0.896551724137931, 1.0)",3,99.86401204159824,7497
"(0.8796296296296295, 1.0)",1,99.8637566137566,7498
"(0.9841269841269842, 1.0)",3,99.86372564633434,7501
"(0.9230769230769232, 1.0)",8,99.86372564633434,7509
"(0.909722222222222, 1.0)",1,99.8635461760462,7510
"(0.9841269841269842, 1.0)",1,99.86344814605684,7511
"(0.9565217391304348, 1.0)",1,99.86344814605684,7512
"(0.9507101086048454, 1.0)",2,99.86340852130326,7514
"(0.9674603174603176, 1.0)",1,99.86337599598468,7515
"(0.9109477124183006, 1.0)",2,99.86332866479924,7517
"(0.9666666666666668, 1.0)",1,99.86329365079364,7518
"(0.8791208791208792, 1.0)",27,99.86324786324786,7545
"(0.9841269841269842, 1.0)",1,99.86324786324786,7546
"(0.9666666666666668, 1.0)",1,99.8632183908046,7547
"(0.9841269841269842, 1.0)",1,99.8630698656274,7548
"(0.9224211423699916, 1.0)",4,99.8630698656274,7552
"(1.0, 1.0)",2,99.86291486291486,7554
"(0.9027274557165862, 1.0)",1,99.86286634460548,7555
"(0.9380032206119162, 1.0)",2,99.86283982191912,7557
"(0.9841269841269842, 1.0)",2,99.86277892799632,7559
"(1.0, 1.0)",3,99.8627450980392,7562
"(0.8627450980392157, 1.0)",62,99.8627450980392,7624
"(0.9841269841269842, 1.0)",3,99.86272664533534,7627
"(0.9565217391304348, 1.0)",1,99.86272664533534,7628
"(0.9696969696969696, 1.0)",1,99.86272664533534,7629
"(1.0, 1.0)",2,99.86272664533534,7631
"(0.9666666666666668, 1.0)",1,99.86269841269842,7632
"(0.9386724386724388, 1.0)",1,99.8626544952632,7633
"(0.9466207660652104, 1.0)",2,99.86262172391962,7635
"(0.9696969696969696, 1.0)",1,99.86258234519104,7636
"(0.9363636363636364, 1.0)",2,99.86258234519104,7638
"(0.9696969696969696, 1.0)",2,99.86247086247089,7640
"(0.9230769230769232, 1.0)",8,99.86247086247089,7648
"(0.8622222222222222, 1.0)",18,99.8622222222222,7666
"(0.936026936026936, 1.0)",1,99.86218290566116,7667
"(0.9214340198321892, 1.0)",1,99.86208274308962,7668
"(0.9674603174603176, 1.0)",1,99.86193299454168,7669
"(0.9333333333333332, 1.0)",2,99.86190476190475,7671
"(0.9841269841269842, 1.0)",2,99.86190476190475,7673
"(0.9444444444444444, 1.0)",11,99.86190476190475,7684
"(0.9224211423699916, 1.0)",2,99.86181508176392,7686
"(0.9172932330827066, 1.0)",4,99.86173767752716,7690
"(1.0, 1.0)",1,99.8615520282187,7691
"(0.9841269841269842, 1.0)",1,99.86152414413284,7692
"(0.9380032206119162, 1.0)",2,99.86152414413284,7694
"(0.9841269841269842, 1.0)",2,99.86147186147188,7696
"(1.0, 1.0)",1,99.86147186147188,7697
"(0.9696969696969696, 1.0)",3,99.86147186147188,7700
"(0.9248366013071896, 1.0)",6,99.86134453781511,7706
"(0.8873002904865649, 1.0)",2,99.86131462740413,7708
"(0.9047619047619048, 1.0)",28,99.86128364389234,7736
"(0.9206349206349206, 1.0)",1,99.86128364389234,7737
"(0.9565217391304348, 1.0)",3,99.86128364389234,7740
"(0.9696969696969696, 1.0)",1,99.86123136123136,7741
"(0.9445350241545892, 1.0)",1,99.86108595008052,7742
"(0.9841269841269842, 1.0)",2,99.86105580155925,7744
"(0.9507101086048454, 1.0)",1,99.86105580155925,7745
"(0.9230769230769232, 1.0)",10,99.86102786102786,7755
"(1.0, 1.0)",2,99.86102786102786,7757
"(0.9841269841269842, 1.0)",3,99.86102786102786,7760
"(0.9696969696969696, 1.0)",3,99.86102786102786,7763
"(0.8873002904865649, 1.0)",1,99.86091140159768,7764
"(0.9565217391304348, 1.0)",1,99.8606487232574,7765
"(0.904126984126984, 1.0)",1,99.8606487232574,7766
"(0.909722222222222, 1.0)",1,99.86051587301588,7767
"(0.8763636363636363, 1.0)",8,99.86049062049062,7775
"(0.9841269841269842, 1.0)",4,99.86049062049062,7779
"(0.9674603174603176, 1.0)",2,99.8604899930987,7781
"(0.909722222222222, 1.0)",1,99.86043233082708,7782
"(0.9224211423699916, 1.0)",1,99.86037208032091,7783
"(0.8904991948470209, 1.0)",1,99.860196164544,7784
"(0.9380032206119162, 1.0)",1,99.86008114268984,7785
"(0.9841269841269842, 1.0)",2,99.86008114268984,7787
"(1.0, 1.0)",1,99.86002886002886,7788
"(0.9696969696969696, 1.0)",3,99.86002886002886,7791
"(0.8731060606060606, 1.0)",1,99.8599116161616,7792
"(0.9521531100478468, 1.0)",1,99.85980101769576,7793
"(0.9248366013071896, 1.0)",1,99.85975723622782,7794
"(0.875593542260209, 1.0)",1,99.8597205263872,7795
"(0.9565217391304348, 1.0)",1,99.85969634230504,7796
"(0.919047619047619, 1.0)",1,99.85969634230504,7797
"(0.9841269841269842, 1.0)",1,99.85958485958486,7798
"(1.0, 1.0)",1,99.85958485958486,7799
"(0.9230769230769232, 1.0)",5,99.85958485958486,7804
"(0.9333333333333332, 1.0)",1,99.85955204216074,7805
"(0.9696969696969696, 1.0)",3,99.85955204216074,7808
"(0.936026936026936, 1.0)",1,99.85954785954786,7809
"(0.9696969696969696, 1.0)",1,99.85946769280102,7810
"(0.8897707231040564, 1.0)",4,99.85946769280102,7814
"(0.9666666666666668, 1.0)",2,99.85944055944056,7816
"(0.9363636363636364, 1.0)",3,99.85944055944056,7819
"(1.0, 1.0)",1,99.85935701725175,7820
"(0.9391865079365078, 1.0)",2,99.8593253968254,7822
"(0.9696969696969696, 1.0)",1,99.8592352092352,7823
"(0.875, 1.0)",43,99.859126984127,7866
"(1.0, 1.0)",8,99.859126984127,7874
"(0.9841269841269842, 1.0)",7,99.859126984127,7881
"(0.9444444444444444, 1.0)",2,99.859126984127,7883
"(0.9230769230769232, 1.0)",1,99.85910385910388,7884
"(0.9696969696969696, 1.0)",1,99.85909437625683,7885
"(0.9521531100478468, 1.0)",1,99.8590073669021,7886
"(0.9224211423699916, 1.0)",3,99.85892907887794,7889
"(0.9364583333333332, 1.0)",1,99.85892577330075,7890
"(0.9023569023569024, 1.0)",7,99.85887864148734,7897
"(0.9696969696969696, 1.0)",2,99.85885167464114,7899
"(0.936026936026936, 1.0)",1,99.85882635882636,7900
"(0.9224211423699916, 1.0)",2,99.85878477873362,7902
"(0.8904991948470209, 1.0)",3,99.858753163101,7905
"(1.0, 1.0)",1,99.858753163101,7906
"(0.9466207660652104, 1.0)",1,99.85872394066838,7907
"(0.9206349206349206, 1.0)",2,99.85858585858584,7909
"(0.9841269841269842, 1.0)",1,99.85858585858584,7910
"(0.922077922077922, 1.0)",1,99.85858585858584,7911
"(0.9047619047619048, 1.0)",19,99.85858585858584,7930
"(0.8585858585858586, 1.0)",1,99.85858585858584,7931
"(1.0, 1.0)",11,99.85858585858584,7942
"(0.9696969696969696, 1.0)",17,99.85858585858584,7959
"(0.8888888888888888, 1.0)",8,99.85858585858584,7967
"(0.9444444444444444, 1.0)",1,99.85858585858584,7968
"(0.9521531100478468, 1.0)",2,99.85835801625277,7970
"(0.9841269841269842, 1.0)",1,99.85835801625277,7971
"(0.9507101086048454, 1.0)",1,99.85835801625277,7972
"(0.9248366013071896, 1.0)",1,99.85816993464051,7973
"(0.9333333333333332, 1.0)",2,99.85816993464051,7975
"(0.9466207660652104, 1.0)",2,99.85815750441648,7977
"(0.9224211423699916, 1.0)",2,99.85813542808428,7979
"(0.9565217391304348, 1.0)",2,99.85810904071774,7981
"(0.9333333333333332, 1.0)",2,99.85810904071774,7983
"(0.9841269841269842, 1.0)",1,99.85810904071774,7984
"(0.936026936026936, 1.0)",1,99.85810485810488,7985
"(0.9444444444444444, 1.0)",4,99.85802469135804,7989
"(0.8897707231040564, 1.0)",8,99.85802469135804,7997
"(0.9135802469135802, 1.0)",5,99.85802469135804,8002
"(1.0, 1.0)",9,99.85802469135804,8011
"(0.8883205456095482, 1.0)",12,99.85801751530651,8023
"(0.9666666666666668, 1.0)",1,99.85799755799756,8024
"(0.9230769230769232, 1.0)",1,99.85799755799756,8025
"(0.9565217391304348, 1.0)",1,99.85748792270532,8026
"(0.9444444444444444, 1.0)",1,99.85748792270532,8027
"(0.9194577352472088, 1.0)",2,99.85740867319817,8029
"(0.900854700854701, 1.0)",1,99.85737643998512,8030
"(0.9565217391304348, 1.0)",1,99.85737643998512,8031
"(0.9466207660652104, 1.0)",1,99.8572899579844,8032
"(0.9224211423699916, 1.0)",1,99.85725823510182,8033
"(0.8897707231040564, 1.0)",1,99.85723104056436,8034
"(0.9351258309591644, 1.0)",1,99.85717711301044,8035
"(1.0, 1.0)",1,99.85714285714288,8036
"(0.8888888888888888, 1.0)",27,99.85714285714286,8063
"(0.8571428571428572, 1.0)",42,99.85714285714286,8105
"(0.9047619047619048, 1.0)",8,99.85714285714286,8113
"(0.9841269841269842, 1.0)",10,99.85714285714286,8123
"(1.0, 1.0)",6,99.85714285714286,8129
"(0.9104993386243384, 1.0)",1,99.85712010468956,8130
"(0.9445350241545892, 1.0)",1,99.85705486542444,8131
"(0.9696969696969696, 1.0)",1,99.85699855699856,8132
"(0.9523809523809524, 1.0)",1,99.85699855699856,8133
"(0.9841269841269842, 1.0)",1,99.85699855699856,8134
"(0.9047619047619048, 1.0)",2,99.85691501480974,8136
"(1.0, 1.0)",1,99.85691501480974,8137
"(0.9507101086048454, 1.0)",3,99.85691501480974,8140
"(0.9521531100478468, 1.0)",1,99.85691501480974,8141
"(1.0, 1.0)",1,99.85685425685426,8142
"(0.9333333333333332, 1.0)",3,99.85685425685426,8145
"(0.9696969696969696, 1.0)",3,99.85685425685426,8148
"(0.9172932330827066, 1.0)",1,99.85668717247664,8149
"(0.9087026014109348, 1.0)",1,99.856672686881,8150
"(0.8883205456095482, 1.0)",7,99.85657451386352,8157
"(0.9841269841269842, 1.0)",1,99.85650793650794,8158
"(0.9466207660652104, 1.0)",1,99.85646006449826,8159
"(0.9230769230769232, 1.0)",17,99.85641025641026,8176
"(0.9333333333333332, 1.0)",7,99.85641025641026,8183
"(0.9674603174603176, 1.0)",3,99.8563492063492,8186
"(0.9206349206349206, 1.0)",1,99.8563492063492,8187
"(1.0, 1.0)",6,99.8563492063492,8193
"(0.9023569023569024, 1.0)",2,99.85618085618086,8195
"(0.9465811965811968, 1.0)",1,99.85616452991454,8196
"(0.8864468864468864, 1.0)",3,99.85614385614386,8199
"(0.9213117283950616, 1.0)",1,99.8560868606702,8200
"(0.9104993386243384, 1.0)",1,99.85602182539682,8201
"(0.9306746031746032, 1.0)",1,99.8558771494709,8202
"(0.8970659722222223, 1.0)",1,99.85586226851852,8203
"(0.8883205456095482, 1.0)",1,99.85578086306988,8204
"(0.9224211423699916, 1.0)",9,99.85575447570332,8213
"(0.9666666666666668, 1.0)",1,99.85555555555555,8214
"(0.9841269841269842, 1.0)",1,99.85555555555555,8215
"(0.9507101086048454, 1.0)",2,99.85547201336676,8217
"(0.9206349206349206, 1.0)",1,99.85547201336676,8218
"(0.9047619047619048, 1.0)",2,99.85547201336676,8220
"(0.9333333333333332, 1.0)",1,99.85546353807224,8221
"(0.9380032206119162, 1.0)",3,99.85546353807224,8224
"(0.9333333333333332, 1.0)",5,99.85541125541124,8229
"(0.9841269841269842, 1.0)",1,99.85541125541124,8230
"(1.0, 1.0)",2,99.85541125541124,8232
"(0.9565217391304348, 1.0)",3,99.85533126293996,8235
"(0.9172932330827066, 1.0)",1,99.85524417103365,8236
"(0.855094726062468, 1.0)",2,99.85509472606248,8238
"(0.936026936026936, 1.0)",1,99.85507455507457,8239
"(0.8867623604465709, 1.0)",1,99.85501632870054,8240
"(0.9696969696969696, 1.0)",4,99.85479013739884,8244
"(0.9565217391304348, 1.0)",4,99.85479013739884,8248
"(0.9087026014109348, 1.0)",2,99.85476741622574,8250
"(0.8547544409613373, 1.0)",9,99.85475444096132,8259
"(0.8547544409613376, 1.0)",2,99.85475444096132,8261
"(0.9023569023569024, 1.0)",1,99.85473785473786,8262
"(0.9841269841269842, 1.0)",1,99.85472739820564,8263
"(0.8864468864468864, 1.0)",7,99.85470085470084,8270
"(0.9333333333333332, 1.0)",1,99.8546176046176,8271
"(0.9466207660652104, 1.0)",1,99.85460314360404,8272
"(0.9172932330827066, 1.0)",1,99.85445052024,8273
"(0.8977777777777779, 1.0)",4,99.8542995169082,8277
"(0.9565217391304348, 1.0)",2,99.854228970171,8279
"(0.9841269841269842, 1.0)",1,99.854228970171,8280
"(0.9135802469135802, 1.0)",8,99.854228970171,8288
"(0.8542199488491048, 1.0)",4,99.8542199488491,8292
"(0.909722222222222, 1.0)",1,99.85416666666666,8293
"(0.9444444444444444, 1.0)",1,99.85416666666666,8294
"(0.8943650793650794, 1.0)",1,99.8540873015873,8295
"(0.854066985645933, 1.0)",3,99.85406698564591,8298
"(0.9333333333333332, 1.0)",5,99.85396825396823,8303
"(0.8864468864468864, 1.0)",2,99.8539072039072,8305
"(0.9333333333333332, 1.0)",1,99.85382395382396,8306
"(0.9363636363636364, 1.0)",2,99.85382395382396,8308
"(0.9696969696969696, 1.0)",2,99.85382395382396,8310
"(1.0, 1.0)",1,99.85380116959064,8311
"(0.9172932330827066, 1.0)",2,99.85380116959064,8313
"(0.9507101086048454, 1.0)",1,99.85380116959064,8314
"(0.9629629629629628, 1.0)",1,99.85379525738922,8315
"(0.9333333333333332, 1.0)",2,99.85374041163514,8317
"(0.9841269841269842, 1.0)",1,99.85369220151829,8318
"(0.9565217391304348, 1.0)",3,99.85369220151829,8321
"(0.9327096052096052, 1.0)",1,99.85368844118844,8322
"(0.8536155202821869, 1.0)",3,99.8536155202822,8325
"(0.9696969696969696, 1.0)",1,99.85353535353536,8326
"(0.9841269841269842, 1.0)",1,99.85348725348726,8327
"(0.9466207660652104, 1.0)",1,99.85344573619663,8328
"(0.9444444444444444, 1.0)",2,99.85340802987862,8330
"(0.9841269841269842, 1.0)",1,99.85340802987862,8331
"(0.9248366013071896, 1.0)",2,99.85340802987862,8333
"(0.9466207660652104, 1.0)",2,99.85339986659432,8335
"(0.9444444444444444, 1.0)",1,99.85334713595584,8336
"(1.0, 1.0)",1,99.85334713595584,8337
"(0.900854700854701, 1.0)",6,99.85323565323566,8343
"(0.9333333333333332, 1.0)",1,99.8531746031746,8344
"(0.9674603174603176, 1.0)",1,99.8531746031746,8345
"(0.9565217391304348, 1.0)",1,99.85314872325742,8346
"(0.8864468864468864, 1.0)",1,99.85311355311356,8347
"(0.9466207660652104, 1.0)",1,99.8531022475467,8348
"(0.9565217391304348, 1.0)",3,99.85307346326836,8351
"(0.896551724137931, 1.0)",19,99.85307346326836,8370
"(0.900854700854701, 1.0)",1,99.85300781090254,8371
"(0.9135802469135802, 1.0)",4,99.85297418630752,8375
"(0.9696969696969696, 1.0)",4,99.85297418630752,8379
"(0.8832772166105499, 1.0)",4,99.85297418630752,8383
"(0.8687739463601533, 1.0)",1,99.85290093048714,8384
"(0.958531746031746, 1.0)",2,99.8528373015873,8386
"(0.9841269841269842, 1.0)",5,99.85281385281384,8391
"(1.0, 1.0)",2,99.85281385281384,8393
"(0.8686868686868687, 1.0)",19,99.85281385281384,8412
"(0.8527777777777779, 1.0)",1,99.85277777777776,8413
"(0.900854700854701, 1.0)",1,99.852442002442,8414
"(0.9565217391304348, 1.0)",1,99.8524374176548,8415
"(0.9666666666666668, 1.0)",1,99.85238095238095,8416
"(1.0, 1.0)",1,99.85238095238095,8417
"(0.9696969696969696, 1.0)",1,99.85237467846164,8418
"(0.9841269841269842, 1.0)",1,99.85229741019216,8419
"(0.9333333333333332, 1.0)",10,99.85229741019216,8429
"(0.9386724386724388, 1.0)",1,99.85225268558602,8430
"(0.883876357560568, 1.0)",2,99.85213032581451,8432
"(0.8915343915343915, 1.0)",1,99.85212280252604,8433
"(0.9696969696969696, 1.0)",2,99.85209235209236,8435
"(1.0, 1.0)",1,99.85208189556016,8436
"(0.9306746031746032, 1.0)",1,99.85194401775048,8437
"(0.8518518518518519, 1.0)",17,99.85185185185183,8454
"(1.0, 1.0)",4,99.85185185185183,8458
"(0.9565217391304348, 1.0)",1,99.8517159169333,8459
"(0.9565217391304348, 1.0)",3,99.85167629217972,8462
"(0.9230769230769232, 1.0)",11,99.85164835164836,8473
"(0.9841269841269842, 1.0)",1,99.85164835164836,8474
"(1.0, 1.0)",1,99.85164835164836,8475
"(0.9444444444444444, 1.0)",10,99.85164835164836,8485
"(0.8675136116152449, 1.0)",4,99.85164059574224,8489
"(0.8977777777777779, 1.0)",9,99.85160173160172,8498
"(0.9466207660652104, 1.0)",2,99.85155259349705,8500
"(0.9841269841269842, 1.0)",1,99.85153118486453,8501
"(0.9135802469135802, 1.0)",14,99.85153118486453,8515
"(0.9696969696969696, 1.0)",1,99.85153118486453,8516
"(1.0, 1.0)",2,99.85153118486453,8518
"(0.8832772166105499, 1.0)",1,99.85153118486453,8519
"(0.9466207660652104, 1.0)",1,99.85144880839326,8520
"(0.8817204301075269, 1.0)",15,99.85141739980448,8535
"(0.9696969696969696, 1.0)",7,99.85141739980448,8542
"(1.0, 1.0)",4,99.85141739980448,8546
"(0.883876357560568, 1.0)",2,99.85133667502087,8548
"(0.9696969696969696, 1.0)",1,99.8512987012987,8549
"(0.9740143369175628, 1.0)",1,99.85127256737024,8550
"(0.9027274557165862, 1.0)",1,99.85120629169542,8551
"(0.8510802469135802, 1.0)",1,99.85108024691358,8552
"(0.9666666666666668, 1.0)",1,99.85104617604615,8553
"(0.9565217391304348, 1.0)",2,99.8509944162118,8555
"(0.9841269841269842, 1.0)",1,99.8509944162118,8556
"(0.9696969696969696, 1.0)",1,99.8509944162118,8557
"(0.9444444444444444, 1.0)",1,99.85099257094144,8558
"(0.9224211423699916, 1.0)",3,99.85099257094144,8561
"(1.0, 1.0)",1,99.85079365079363,8562
"(0.9841269841269842, 1.0)",1,99.85079365079363,8563
"(0.9333333333333332, 1.0)",10,99.85079365079363,8573
"(0.9407729468599032, 1.0)",1,99.85078617437313,8574
"(0.9523809523809524, 1.0)",1,99.85064935064936,8575
"(0.9696969696969696, 1.0)",2,99.85064935064936,8577
"(0.9363636363636364, 1.0)",1,99.85050505050503,8578
"(0.9380032206119162, 1.0)",1,99.85050322061193,8579
"(0.9696969696969696, 1.0)",1,99.85042150831624,8580
"(0.932852564102564, 1.0)",1,99.85037901912902,8581
"(0.9841269841269842, 1.0)",4,99.85037567796188,8585
"(0.896551724137931, 1.0)",15,99.85037567796188,8600
"(0.9696969696969696, 1.0)",3,99.85037567796188,8603
"(0.8977777777777779, 1.0)",7,99.85015873015874,8610
"(1.0, 1.0)",1,99.85008818342152,8611
"(0.9841269841269842, 1.0)",1,99.85008818342152,8612
"(0.9135802469135802, 1.0)",3,99.85008818342152,8615
"(1.0, 1.0)",4,99.8499743983615,8619
"(0.9841269841269842, 1.0)",1,99.8499743983615,8620
"(0.8817204301075269, 1.0)",11,99.8499743983615,8631
"(0.9363636363636364, 1.0)",5,99.84994388327722,8636
"(0.9521531100478468, 1.0)",2,99.84993088782562,8638
"(1.0, 1.0)",1,99.84986034108842,8639
"(0.9444444444444444, 1.0)",2,99.84985569985572,8641
"(0.8498168498168498, 1.0)",22,99.84981684981685,8663
"(1.0, 1.0)",1,99.8495514147688,8664
"(0.9363636363636364, 1.0)",2,99.84940711462453,8666
"(0.9841269841269842, 1.0)",2,99.84932357243572,8668
"(0.9565217391304348, 1.0)",1,99.84929563190433,8669
"(0.9230769230769232, 1.0)",1,99.84929563190433,8670
"(0.9135802469135802, 1.0)",1,99.84929453262788,8671
"(0.9674603174603176, 1.0)",1,99.84929453262788,8672
"(1.0, 1.0)",1,99.84923289271116,8673
"(0.9444444444444444, 1.0)",11,99.84920634920636,8684
"(0.865079365079365, 1.0)",4,99.84920634920636,8688
"(0.9047619047619048, 1.0)",18,99.84920634920636,8706
"(0.8817204301075269, 1.0)",1,99.84918074756784,8707
"(0.9674603174603176, 1.0)",1,99.84918074756784,8708
"(0.9407729468599032, 1.0)",1,99.84915969899666,8709
"(0.909722222222222, 1.0)",1,99.84911616161617,8710
"(0.9230769230769232, 1.0)",1,99.84900284900286,8711
"(0.896551724137931, 1.0)",9,99.84893267651888,8720
"(0.9841269841269842, 1.0)",2,99.84893267651888,8722
"(0.8791208791208792, 1.0)",9,99.84881784881784,8731
"(0.9674603174603176, 1.0)",1,99.84875776397516,8732
"(0.8487103174603176, 1.0)",21,99.84871031746032,8753
"(0.896551724137931, 1.0)",2,99.84870483418578,8755
"(0.8803174603174604, 1.0)",2,99.84857142857145,8757
"(0.904126984126984, 1.0)",3,99.84857142857145,8760
"(0.8977777777777779, 1.0)",1,99.84857142857145,8761
"(0.9135802469135802, 1.0)",1,99.8485008818342,8762
"(1.0, 1.0)",1,99.84848484848484,8763
"(0.9841269841269842, 1.0)",1,99.8484173396454,8764
"(0.9507101086048454, 1.0)",6,99.8484173396454,8770
"(1.0, 1.0)",1,99.8484126984127,8771
"(0.9674603174603176, 1.0)",1,99.8484126984127,8772
"(0.9666666666666668, 1.0)",1,99.8483870967742,8773
"(1.0, 1.0)",1,99.8483870967742,8774
"(0.9248366013071896, 1.0)",1,99.84835752482812,8775
"(0.9380032206119162, 1.0)",1,99.8483489135663,8776
"(0.8873002904865649, 1.0)",2,99.8483259315122,8778
"(0.9565217391304348, 1.0)",1,99.84829663090532,8779
"(0.9696969696969696, 1.0)",2,99.84829663090532,8781
"(1.0, 1.0)",2,99.84829663090532,8783
"(0.9841269841269842, 1.0)",1,99.84829663090532,8784
"(0.9674603174603176, 1.0)",1,99.84813902572525,8785
"(0.896551724137931, 1.0)",1,99.84813902572525,8786
"(0.9521531100478468, 1.0)",4,99.84806878857222,8790
"(0.8740392648287385, 1.0)",1,99.8480536017463,8791
"(0.9333333333333332, 1.0)",1,99.84801587301588,8792
"(0.9248366013071896, 1.0)",1,99.84791352438413,8793
"(0.9087026014109348, 1.0)",2,99.84788910934743,8795
"(0.9230769230769232, 1.0)",4,99.84785263046132,8799
"(0.9565217391304348, 1.0)",3,99.84785263046132,8802
"(0.9445350241545892, 1.0)",1,99.8477526167472,8803
"(0.9380032206119162, 1.0)",1,99.84772544283412,8804
"(0.919047619047619, 1.0)",1,99.84761904761903,8805
"(0.9592592592592591, 1.0)",1,99.8475419631454,8806
"(0.9507101086048454, 1.0)",4,99.84753550543024,8810
"(0.9444444444444444, 1.0)",2,99.84747474747476,8812
"(0.9333333333333332, 1.0)",3,99.84747474747476,8815
"(0.9109477124183006, 1.0)",3,99.84745564892624,8818
"(0.8791208791208792, 1.0)",6,99.84737484737484,8824
"(0.9841269841269842, 1.0)",2,99.84737484737484,8826
"(0.8873002904865649, 1.0)",1,99.84734658678286,8827
"(0.9666666666666668, 1.0)",4,99.84734537493158,8831
"(0.896551724137931, 1.0)",2,99.84734537493158,8833
"(0.896551724137931, 1.0)",1,99.84726183274276,8834
"(0.9565217391304348, 1.0)",1,99.8471968497544,8835
"(0.8740392648287385, 1.0)",1,99.8471874129769,8836
"(0.8904991948470209, 1.0)",2,99.84702093397746,8838
"(0.9333333333333332, 1.0)",18,99.8469135802469,8856
"(1.0, 1.0)",4,99.8469135802469,8860
"(0.9135802469135802, 1.0)",14,99.8469135802469,8874
"(0.9380032206119162, 1.0)",2,99.8469059121233,8876
"(0.8627450980392157, 1.0)",18,99.8468720821662,8894
"(1.0, 1.0)",8,99.8468720821662,8902
"(0.9841269841269842, 1.0)",4,99.8468720821662,8906
"(1.0, 1.0)",1,99.84685362946232,8907
"(0.9696969696969696, 1.0)",2,99.84685362946232,8909
"(0.9841269841269842, 1.0)",3,99.84685362946232,8912
"(0.9565217391304348, 1.0)",2,99.84685362946232,8914
"(0.8468468468468467, 1.0)",87,99.84684684684684,9001
"(1.0, 1.0)",8,99.84684684684684,9009
"(0.9023569023569024, 1.0)",1,99.84680134680134,9010
"(0.9192180611357128, 1.0)",1,99.84673338704084,9011
"(0.9380032206119162, 1.0)",1,99.8466780697902,9012
"(0.9230769230769232, 1.0)",7,99.84659784659785,9019
"(0.9696969696969696, 1.0)",3,99.84659784659785,9022
"(0.8791208791208792, 1.0)",2,99.8465811965812,9024
"(0.9087026014109348, 1.0)",1,99.84645512666346,9025
"(0.9523809523809524, 1.0)",1,99.84641585266586,9026
"(0.9224211423699916, 1.0)",1,99.84640319896074,9027
"(0.9333333333333332, 1.0)",1,99.8463768115942,9028
"(0.936026936026936, 1.0)",1,99.84637262898131,9029
"(0.8622222222222222, 1.0)",7,99.8463492063492,9036
"(1.0, 1.0)",1,99.8463492063492,9037
"(0.8897707231040564, 1.0)",5,99.84629246223447,9042
"(0.9230769230769232, 1.0)",6,99.84615384615384,9048
"(1.0, 1.0)",1,99.84615384615384,9049
"(0.9444444444444444, 1.0)",2,99.84603174603174,9051
"(0.9333333333333332, 1.0)",1,99.84603174603174,9052
"(1.0, 1.0)",1,99.84603174603174,9053
"(0.9224211423699916, 1.0)",2,99.84594206589092,9055
"(0.9172932330827066, 1.0)",1,99.84586466165412,9056
"(0.8791208791208792, 1.0)",3,99.84578754578754,9059
"(0.909722222222222, 1.0)",1,99.84574915824916,9060
"(0.9841269841269842, 1.0)",1,99.84559884559884,9061
"(0.9696969696969696, 1.0)",1,99.84559884559884,9062
"(0.909209656084656, 1.0)",1,99.84550595238096,9063
"(0.9224211423699916, 1.0)",3,99.84549806544692,9066
"(0.9248366013071896, 1.0)",1,99.8454715219421,9067
"(0.9047619047619048, 1.0)",7,99.84541062801932,9074
"(0.9565217391304348, 1.0)",11,99.84541062801932,9085
"(1.0, 1.0)",4,99.84541062801932,9089
"(0.8888888888888888, 1.0)",3,99.84541062801932,9092
"(1.0, 1.0)",1,99.84529914529917,9093
"(0.9444444444444444, 1.0)",1,99.8452380952381,9094
"(0.9380032206119162, 1.0)",1,99.84520712781584,9095
"(0.9696969696969696, 1.0)",1,99.84518278568622,9096
"(0.9507101086048454, 1.0)",2,99.84518278568622,9098
"(0.9841269841269842, 1.0)",1,99.84515484515484,9099
"(0.9230769230769232, 1.0)",3,99.84515484515484,9102
"(0.9696969696969696, 1.0)",1,99.84492700282176,9103
"(0.8883205456095482, 1.0)",4,99.84484228473998,9107
"(1.0, 1.0)",2,99.84469696969695,9109
"(0.875, 1.0)",34,99.84469696969695,9143
"(0.9696969696969696, 1.0)",2,99.84469696969695,9145
"(0.9696969696969696, 1.0)",1,99.84464950254424,9146
"(0.9497685185185184, 1.0)",1,99.84463624338623,9147
"(0.8763636363636363, 1.0)",1,99.8446176046176,9148
"(0.909722222222222, 1.0)",5,99.84455931495404,9153
"(0.9214340198321892, 1.0)",4,99.84451094290912,9157
"(0.9841269841269842, 1.0)",1,99.84449906444792,9158
"(0.9224211423699916, 1.0)",1,99.84449906444792,9159
"(0.9391865079365078, 1.0)",1,99.84446428571428,9160
"(0.9666666666666668, 1.0)",1,99.84444444444443,9161
"(0.9302579365079364, 1.0)",1,99.84440553999376,9162
"(0.8904991948470209, 1.0)",2,99.84432314867098,9164
"(0.9507101086048454, 1.0)",1,99.84429985219458,9165
"(0.9380032206119162, 1.0)",1,99.84420812681682,9166
"(1.0, 1.0)",6,99.84415584415584,9172
"(0.9047619047619048, 1.0)",5,99.84415584415584,9177
"(0.9696969696969696, 1.0)",1,99.84415584415584,9178
"(0.9841269841269842, 1.0)",1,99.84415584415584,9179
"(0.9363636363636364, 1.0)",1,99.84401154401156,9180
"(0.8822954822954823, 1.0)",1,99.84396876271876,9181
"(0.9521531100478468, 1.0)",1,99.84392800182276,9182
"(1.0, 1.0)",1,99.84382332643202,9183
"(0.9351258309591644, 1.0)",1,99.84375118708452,9184
"(1.0, 1.0)",1,99.84371184371184,9185
"(0.9230769230769232, 1.0)",1,99.84371184371184,9186
"(1.0, 1.0)",1,99.84367902628772,9187
"(0.9696969696969696, 1.0)",1,99.84367902628772,9188
"(0.9333333333333332, 1.0)",3,99.84367902628772,9191
"(0.9589484126984128, 1.0)",1,99.84363983294932,9192
"(0.9333333333333332, 1.0)",1,99.84361628709456,9193
"(0.8991666666666667, 1.0)",1,99.8436111111111,9194
"(0.8897707231040564, 1.0)",1,99.843594676928,9195
"(0.904126984126984, 1.0)",1,99.84352092352091,9196
"(0.9202401372212692, 1.0)",1,99.84351410559628,9197
"(0.9230769230769232, 1.0)",2,99.84348400137874,9199
"(1.0, 1.0)",1,99.84348400137874,9200
"(0.9104993386243384, 1.0)",1,99.8434025644308,9201
"(0.8867623604465709, 1.0)",1,99.843284099577,9202
"(1.0, 1.0)",1,99.84325396825398,9203
"(0.875, 1.0)",16,99.84325396825398,9219
"(0.9841269841269842, 1.0)",9,99.84325396825398,9228
"(0.9351258309591644, 1.0)",1,99.84322136445792,9229
"(0.9407729468599032, 1.0)",1,99.8432142011394,9230
"(0.9224211423699916, 1.0)",4,99.84305606300492,9234
"(0.909722222222222, 1.0)",2,99.84305555555557,9236
"(0.9841269841269842, 1.0)",1,99.84302967563838,9237
"(0.9023569023569024, 1.0)",1,99.84300562561432,9238
"(0.8864468864468864, 1.0)",2,99.84296862557731,9240
"(0.8904991948470209, 1.0)",2,99.84288014722796,9242
"(0.9047619047619048, 1.0)",3,99.84276512537384,9245
"(0.9380032206119162, 1.0)",1,99.84276512537384,9246
"(0.9047619047619048, 1.0)",4,99.84271284271284,9250
"(0.9444444444444444, 1.0)",1,99.84271284271284,9251
"(0.9841269841269842, 1.0)",6,99.84271284271284,9257
"(0.8888888888888888, 1.0)",11,99.84271284271284,9268
"(0.8585858585858586, 1.0)",1,99.84271284271284,9269
"(1.0, 1.0)",6,99.84271284271284,9275
"(0.9696969696969696, 1.0)",12,99.84271284271284,9287
"(0.8904991948470209, 1.0)",1,99.84265230489488,9288
"(0.9465811965811968, 1.0)",1,99.8426499316469,9289
"(0.947088068181818, 1.0)",1,99.84262386452406,9290
"(0.9364583333333332, 1.0)",1,99.84262085036542,9291
"(0.8425925925925927, 1.0)",2,99.8425925925926,9293
"(0.9224211423699916, 1.0)",1,99.8425750625239,9294
"(0.8952380952380952, 1.0)",1,99.8424931728964,9295
"(0.9674603174603176, 1.0)",2,99.84246031746032,9297
"(0.9087026014109348, 1.0)",1,99.84243916055073,9298
"(0.9333333333333332, 1.0)",2,99.84242424242424,9300
"(0.9696969696969696, 1.0)",7,99.84242424242424,9307
"(0.9407729468599032, 1.0)",1,99.84236081318925,9308
"(0.9333333333333332, 1.0)",3,99.84229691876752,9311
"(0.9248366013071896, 1.0)",1,99.84229691876752,9312
"(0.9333333333333332, 1.0)",1,99.84223602484472,9313
"(1.0, 1.0)",1,99.84223602484472,9314
"(0.9565217391304348, 1.0)",2,99.84223602484472,9316
"(0.9615343915343916, 1.0)",1,99.84223595848596,9317
"(0.936026936026936, 1.0)",1,99.84223184223184,9318
"(0.9841269841269842, 1.0)",1,99.84223184223184,9319
"(0.8977777777777779, 1.0)",1,99.84222222222222,9320
"(0.9444444444444444, 1.0)",1,99.84222222222222,9321
"(0.958531746031746, 1.0)",1,99.84218915343916,9322
"(0.9507101086048454, 1.0)",1,99.84215248265592,9323
"(0.9841269841269842, 1.0)",1,99.842151675485,9324
"(0.9444444444444444, 1.0)",4,99.842151675485,9328
"(0.8897707231040564, 1.0)",2,99.842151675485,9330
"(0.9135802469135802, 1.0)",5,99.842151675485,9335
"(1.0, 1.0)",1,99.842151675485,9336
"(0.8883205456095482, 1.0)",24,99.8421444994335,9360
"(0.9172932330827066, 1.0)",1,99.8421298343899,9361
"(0.8421052631578948, 1.0)",1,99.84210526315788,9362
"(1.0, 1.0)",4,99.84210526315788,9366
"(0.9206349206349206, 1.0)",1,99.8420689404671,9367
"(0.9465811965811968, 1.0)",1,99.8420686431624,9368
"(0.9507101086048454, 1.0)",1,99.84204099993572,9369
"(0.9230769230769232, 1.0)",2,99.84204099993572,9371
"(0.9674603174603176, 1.0)",1,99.8419191919192,9372
"(0.958531746031746, 1.0)",1,99.84180335097004,9373
"(0.9674603174603176, 1.0)",1,99.84169134958609,9374
"(0.875, 1.0)",2,99.84166666666668,9376
"(0.9565217391304348, 1.0)",1,99.84161490683228,9377
"(0.9224211423699916, 1.0)",5,99.84146876141762,9382
"(0.9674603174603176, 1.0)",1,99.84144237405108,9383
"(0.936026936026936, 1.0)",1,99.8414381914382,9384
"(0.9224211423699916, 1.0)",2,99.8413852192288,9386
"(0.9047619047619048, 1.0)",5,99.84126984126983,9391
"(0.9841269841269842, 1.0)",10,99.84126984126983,9401
"(0.9444444444444444, 1.0)",4,99.84126984126983,9405
"(0.8888888888888888, 1.0)",16,99.84126984126983,9421
"(0.8571428571428572, 1.0)",12,99.84126984126983,9433
"(1.0, 1.0)",8,99.84126984126983,9441
"(0.8952020202020202, 1.0)",3,99.84126683501684,9444
"(0.919047619047619, 1.0)",1,99.84112554112554,9445
"(0.8943650793650794, 1.0)",1,99.84112433862434,9446
"(0.9444444444444444, 1.0)",1,99.84107142857142,9447
"(1.0, 1.0)",5,99.84104199893672,9452
"(0.9444444444444444, 1.0)",1,99.84104199893672,9453
"(1.0, 1.0)",1,99.84099616858238,9454
"(0.896551724137931, 1.0)",14,99.84099616858238,9468
"(0.9444444444444444, 1.0)",3,99.84099616858238,9471
"(0.9333333333333332, 1.0)",2,99.84098124098124,9473
"(0.9333333333333332, 1.0)",2,99.84098124098124,9475
"(0.936026936026936, 1.0)",1,99.84078884078885,9476
"(0.9230769230769232, 1.0)",7,99.84053724053724,9483
"(0.9333333333333332, 1.0)",5,99.84053724053724,9488
"(0.9841269841269842, 1.0)",3,99.84053724053724,9491
"(0.9674603174603176, 1.0)",1,99.84047619047618,9492
"(0.8888888888888888, 1.0)",3,99.84047619047618,9495
"(0.8925865800865801, 1.0)",1,99.84041777666778,9496
"(0.883876357560568, 1.0)",1,99.840398096691,9497
"(0.9172932330827066, 1.0)",6,99.84037015615962,9503
"(0.9565217391304348, 1.0)",1,99.84036012296882,9504
"(0.9696969696969696, 1.0)",1,99.84036012296882,9505
"(1.0, 1.0)",1,99.84036012296882,9506
"(0.9444444444444444, 1.0)",1,99.84036012296882,9507
"(0.9674603174603176, 1.0)",2,99.8403318903319,9509
"(0.8402777777777779, 1.0)",1,99.84027777777776,9510
"(0.8864468864468864, 1.0)",2,99.84027084027085,9512
"(0.9696969696969696, 1.0)",1,99.84024864024865,9513
"(0.904126984126984, 1.0)",1,99.84015392015392,9514
"(0.9224211423699916, 1.0)",4,99.83988145983032,9518
"(0.9333333333333332, 1.0)",2,99.83988145983032,9520
"(0.9466207660652104, 1.0)",1,99.83984806594574,9521
"(0.9565217391304348, 1.0)",1,99.839798955741,9522
"(0.9135802469135802, 1.0)",5,99.839798955741,9527
"(0.8832772166105499, 1.0)",1,99.839798955741,9528
"(0.9172932330827066, 1.0)",1,99.8397143754527,9529
"(0.9351258309591644, 1.0)",1,99.83968932302264,9530
"(0.9047619047619048, 1.0)",3,99.83968253968254,9533
"(0.9666666666666668, 1.0)",1,99.83968253968254,9534
"(0.9565217391304348, 1.0)",1,99.83963862224732,9535
"(0.9507101086048454, 1.0)",2,99.83959899749374,9537
"(0.9306746031746032, 1.0)",1,99.83956349206348,9538
"(1.0, 1.0)",2,99.83953823953824,9540
"(0.9333333333333332, 1.0)",1,99.83953823953824,9541
"(0.9841269841269842, 1.0)",3,99.83953823953824,9544
"(0.9172932330827066, 1.0)",2,99.83937115516062,9546
"(0.9565217391304348, 1.0)",1,99.83926218708828,9547
"(0.936026936026936, 1.0)",1,99.83920153920154,9548
"(0.8867623604465709, 1.0)",2,99.83914331282752,9550
"(0.936026936026936, 1.0)",1,99.83911799701274,9551
"(0.9507101086048454, 1.0)",1,99.83911799701274,9552
"(0.9213117283950616, 1.0)",1,99.839069664903,9553
"(0.9351258309591644, 1.0)",1,99.8389948785782,9554
"(0.9248366013071896, 1.0)",2,99.8389780154486,9556
"(0.8547544409613373, 1.0)",6,99.83888142508832,9562
"(0.8547544409613376, 1.0)",3,99.83888142508832,9565
"(0.8864468864468864, 1.0)",1,99.83882783882784,9566
"(0.9696969696969696, 1.0)",1,99.83880563880564,9567
"(0.9407729468599032, 1.0)",1,99.8387557510927,9568
"(0.9333333333333332, 1.0)",2,99.8387445887446,9570
"(0.9391865079365078, 1.0)",1,99.83860987631768,9571
"(0.9521531100478468, 1.0)",1,99.83859999649474,9572
"(0.9333333333333332, 1.0)",1,99.83858889648364,9573
"(0.8991666666666667, 1.0)",1,99.8385606060606,9574
"(0.9841269841269842, 1.0)",1,99.83850119758048,9575
"(0.8687739463601533, 1.0)",1,99.83847091605712,9576
"(0.8977777777777779, 1.0)",1,99.8384265010352,9577
"(0.9135802469135802, 1.0)",2,99.83841684822076,9579
"(0.9248366013071896, 1.0)",1,99.83841684822076,9580
"(0.9696969696969696, 1.0)",6,99.83838383838383,9586
"(1.0, 1.0)",5,99.83838383838383,9591
"(0.8686868686868687, 1.0)",2,99.83838383838383,9593
"(0.8771929824561403, 1.0)",1,99.83835751237066,9594
"(0.9135802469135802, 1.0)",3,99.83835595429798,9597
"(0.9841269841269842, 1.0)",1,99.83835595429798,9598
"(0.9565217391304348, 1.0)",1,99.83835595429798,9599
"(0.9391865079365078, 1.0)",1,99.83834716209716,9600
"(0.8542199488491048, 1.0)",1,99.8383469329761,9601
"(0.932852564102564, 1.0)",2,99.8383206366902,9603
"(0.9565217391304348, 1.0)",2,99.83824216923796,9605
"(0.8817204301075269, 1.0)",9,99.83824216923796,9614
"(0.9444444444444444, 1.0)",1,99.83812347073216,9615
"(0.9047619047619048, 1.0)",9,99.83809523809524,9624
"(0.9333333333333332, 1.0)",5,99.83809523809524,9629
"(0.9841269841269842, 1.0)",1,99.83809523809524,9630
"(1.0, 1.0)",2,99.83809523809524,9632
"(0.9444444444444444, 1.0)",1,99.8380341880342,9633
"(0.9696969696969696, 1.0)",3,99.83795093795094,9636
"(0.9172932330827066, 1.0)",2,99.83792815371764,9638
"(1.0, 1.0)",1,99.8378787878788,9639
"(0.9565217391304348, 1.0)",1,99.83787094547964,9640
"(0.9333333333333332, 1.0)",1,99.83786739576212,9641
"(0.9696969696969696, 1.0)",1,99.83770031138452,9642
"(0.883876357560568, 1.0)",5,99.83770031138452,9647
"(0.9444444444444444, 1.0)",1,99.83766233766234,9648
"(0.8376068376068376, 1.0)",12,99.83760683760684,9660
"(0.8376068376068375, 1.0)",3,99.83760683760684,9663
"(1.0, 1.0)",4,99.83760683760684,9667
"(0.9445350241545892, 1.0)",2,99.83759057971014,9669
"(0.9289529914529916, 1.0)",1,99.83757071632073,9670
"(0.9445350241545892, 1.0)",1,99.8375646334342,9671
"(0.9248366013071896, 1.0)",1,99.8375350140056,9672
"(0.9444444444444444, 1.0)",2,99.83747412008282,9674
"(0.904126984126984, 1.0)",6,99.83746031746033,9680
"(0.9841269841269842, 1.0)",1,99.83743842364532,9681
"(0.8915343915343915, 1.0)",2,99.83736772486772,9683
"(0.9841269841269842, 1.0)",1,99.83736263736265,9684
"(0.8373015873015873, 1.0)",24,99.8373015873016,9708
"(0.9674603174603176, 1.0)",1,99.8373015873016,9709
"(0.9023569023569024, 1.0)",1,99.83727753727754,9710
"(0.9230769230769232, 1.0)",2,99.83721833721832,9712
"(0.9444444444444444, 1.0)",2,99.83721833721832,9714
"(0.9674603174603176, 1.0)",1,99.83721804511278,9715
"(0.896551724137931, 1.0)",8,99.83720044739536,9723
"(0.9565217391304348, 1.0)",2,99.83720044739536,9725
"(0.9023569023569024, 1.0)",1,99.83719399508874,9726
"(0.932852564102564, 1.0)",1,99.83718457468456,9727
"(0.8977777777777779, 1.0)",2,99.83717171717171,9729
"(1.0, 1.0)",1,99.83710117043452,9730
"(0.9696969696969696, 1.0)",1,99.83710117043452,9731
"(0.9135802469135802, 1.0)",4,99.83710117043452,9735
"(1.0, 1.0)",1,99.8371011704345,9736
"(0.9592592592592591, 1.0)",1,99.8370126705653,9737
"(0.9841269841269842, 1.0)",5,99.83694083694084,9742
"(1.0, 1.0)",3,99.83694083694084,9745
"(0.8686868686868687, 1.0)",6,99.83694083694084,9751
"(0.9841269841269842, 1.0)",1,99.83676046176046,9752
"(0.9135802469135802, 1.0)",17,99.8366571699905,9769
"(0.9230769230769232, 1.0)",6,99.8366571699905,9775
"(1.0, 1.0)",1,99.8366571699905,9776
"(0.9565217391304348, 1.0)",2,99.8365644017818,9778
"(0.9224211423699916, 1.0)",1,99.8365625565114,9779
"(0.9333333333333332, 1.0)",1,99.83650793650791,9780
"(0.9019607843137254, 1.0)",1,99.83646204694,9781
"(0.9696969696969696, 1.0)",1,99.83636363636364,9782
"(1.0, 1.0)",1,99.83636363636364,9783
"(0.8666666666666667, 1.0)",1,99.83636363636364,9784
"(0.9333333333333332, 1.0)",6,99.83636363636364,9790
"(0.9674603174603176, 1.0)",1,99.83632395382396,9791
"(0.9380032206119162, 1.0)",3,99.83627161888032,9794
"(0.9319444444444444, 1.0)",1,99.83623015873016,9795
"(0.9444444444444444, 1.0)",3,99.83621933621932,9798
"(0.9841269841269842, 1.0)",1,99.83621933621932,9799
"(0.9674603174603176, 1.0)",1,99.8361471861472,9800
"(0.9230769230769232, 1.0)",1,99.8361204013378,9801
"(0.9565217391304348, 1.0)",2,99.8361204013378,9803
"(0.9841269841269842, 1.0)",6,99.83597883597884,9809
"(0.8518518518518519, 1.0)",10,99.83597883597884,9819
"(0.896551724137931, 1.0)",1,99.83594566353187,9820
"(0.9696969696969696, 1.0)",3,99.83594566353187,9823
"(1.0, 1.0)",3,99.83594566353187,9826
"(0.909722222222222, 1.0)",1,99.83594093104963,9827
"(0.9666666666666668, 1.0)",1,99.83588681849552,9828
"(0.9565217391304348, 1.0)",1,99.8358032763067,9829
"(0.9351258309591644, 1.0)",1,99.83580121222278,9830
"(0.9841269841269842, 1.0)",1,99.83577533577534,9831
"(0.9230769230769232, 1.0)",3,99.83577533577534,9834
"(0.9444444444444444, 1.0)",1,99.83577533577534,9835
"(0.9142520753512132, 1.0)",1,99.8357735347759,9836
"(0.8675136116152449, 1.0)",5,99.8357675798692,9841
"(0.9674603174603176, 1.0)",1,99.83571428571427,9842
"(0.9380032206119162, 1.0)",1,99.83571045165247,9843
"(0.9135802469135802, 1.0)",5,99.8356581689915,9848
"(0.9696969696969696, 1.0)",2,99.8356581689915,9850
"(0.9391865079365078, 1.0)",1,99.835594427714,9851
"(0.9230769230769232, 1.0)",1,99.83557692307691,9852
"(0.9841269841269842, 1.0)",1,99.83554438393148,9853
"(0.8817204301075269, 1.0)",18,99.83554438393148,9871
"(0.9445350241545892, 1.0)",1,99.8355195256812,9872
"(0.883876357560568, 1.0)",3,99.83546365914788,9875
"(0.9589484126984128, 1.0)",1,99.8354281921102,9876
"(0.9565217391304348, 1.0)",1,99.83530961791833,9877
"(0.947088068181818, 1.0)",2,99.83526979386356,9879
"(0.9380032206119162, 1.0)",1,99.83523642219292,9880
"(0.9213117283950616, 1.0)",2,99.8352270723104,9882
"(0.896551724137931, 1.0)",1,99.83522416281036,9883
"(0.8510802469135802, 1.0)",1,99.83520723104056,9884
"(0.9565217391304348, 1.0)",1,99.8351214003388,9885
"(0.9696969696969696, 1.0)",1,99.8351214003388,9886
"(0.9224211423699916, 1.0)",1,99.8351195550684,9887
"(0.8350168350168351, 1.0)",63,99.83501683501684,9950
"(0.9213117283950616, 1.0)",1,99.83499636891794,9951
"(0.8666666666666667, 1.0)",1,99.83492063492064,9952
"(0.9696969696969696, 1.0)",1,99.83477633477634,9953
"(0.9444444444444444, 1.0)",2,99.83477633477634,9955
"(0.865079365079365, 1.0)",2,99.83477633477634,9957
"(0.932852564102564, 1.0)",2,99.83477055352056,9959
"(0.9333333333333332, 1.0)",1,99.83475355054304,9960
"(1.0, 1.0)",2,99.83475355054304,9962
"(0.9465811965811968, 1.0)",1,99.83467395451773,9963
"(0.896551724137931, 1.0)",4,99.83455494474984,9967
"(0.896551724137931, 1.0)",8,99.83450266208888,9975
"(1.0, 1.0)",1,99.83450266208888,9976
"(0.9696969696969696, 1.0)",1,99.83450266208888,9977
"(0.9674603174603176, 1.0)",1,99.83432774954514,9978
"(1.0, 1.0)",1,99.83429951690822,9979
"(0.9444444444444444, 1.0)",1,99.83429951690822,9980
"(0.9333333333333332, 1.0)",1,99.83429951690822,9981
"(0.8977777777777779, 1.0)",5,99.83428571428573,9986
"(1.0, 1.0)",1,99.8342151675485,9987
"(0.8897707231040564, 1.0)",2,99.8342151675485,9989
"(0.9135802469135802, 1.0)",2,99.8342151675485,9991
"(0.900854700854701, 1.0)",1,99.83418803418805,9992
"(0.8803174603174604, 1.0)",3,99.8341414141414,9995
"(0.9841269841269842, 1.0)",4,99.83410138248848,9999
"(0.8817204301075269, 1.0)",6,99.83410138248848,10005
"(0.9109477124183006, 1.0)",1,99.83402463549524,10006
"(0.9135802469135802, 1.0)",2,99.8339873252154,10008
"(0.9696969696969696, 1.0)",3,99.8339873252154,10011
"(0.8498168498168499, 1.0)",2,99.83394383394383,10013
"(0.8498168498168498, 1.0)",13,99.83394383394383,10026
"(0.8339307048984469, 1.0)",33,99.83393070489844,10059
"(0.8817204301075269, 1.0)",1,99.83387354015537,10060
"(0.9696969696969696, 1.0)",1,99.83386661647532,10061
"(0.9674603174603176, 1.0)",2,99.8337090112952,10063
"(0.9565217391304348, 1.0)",1,99.83367839889578,10064
"(0.8873002904865649, 1.0)",1,99.83359658678286,10065
"(0.9565217391304348, 1.0)",3,99.83342261603131,10068
"(0.9230769230769232, 1.0)",1,99.83342261603131,10069
"(0.9841269841269842, 1.0)",1,99.83342151675484,10070
"(1.0, 1.0)",1,99.83342151675484,10071
"(0.9135802469135802, 1.0)",1,99.83342151675484,10072
"(0.9589484126984128, 1.0)",2,99.83341931216933,10074
"(0.8731060606060606, 1.0)",2,99.83338383838384,10076
"(0.9230769230769232, 1.0)",1,99.83335987683812,10077
"(0.9142520753512132, 1.0)",1,99.83333937693853,10078
"(1.0, 1.0)",3,99.83333333333334,10081
"(0.9047619047619048, 1.0)",4,99.83333333333334,10085
"(0.9444444444444444, 1.0)",13,99.83333333333334,10098
"(0.865079365079365, 1.0)",2,99.83333333333334,10100
"(0.8333333333333334, 1.0)",1,99.83333333333334,10101
"(0.9444444444444444, 1.0)",7,99.83333333333331,10108
"(0.9841269841269842, 1.0)",3,99.83333333333331,10111
"(0.8888888888888888, 1.0)",5,99.83333333333331,10116
"(0.8817204301075269, 1.0)",1,99.83330773169484,10117
"(0.8592532467532467, 1.0)",1,99.83326758367082,10118
"(0.9696969696969696, 1.0)",1,99.83318903318904,10119
"(0.833064949006978, 1.0)",3,99.83306494900698,10122
"(0.896551724137931, 1.0)",7,99.83305966064586,10129
"(0.8791208791208792, 1.0)",2,99.83294483294485,10131
"(0.9696969696969696, 1.0)",1,99.83294483294485,10132
"(0.9302579365079364, 1.0)",1,99.832925561029,10133
"(0.8487103174603176, 1.0)",7,99.8328373015873,10140
"(0.9521531100478468, 1.0)",3,99.83283181831275,10143
"(0.909722222222222, 1.0)",1,99.83279914529916,10144
"(0.9565217391304348, 1.0)",1,99.83276683532438,10145
"(0.8883205456095482, 1.0)",1,99.832764990054,10146
"(0.9465811965811968, 1.0)",1,99.83270703311028,10147
"(0.8803174603174604, 1.0)",8,99.83269841269842,10155
"(0.9466207660652104, 1.0)",1,99.83268182712628,10156
"(0.9135802469135802, 1.0)",3,99.8326278659612,10159
"(0.919047619047619, 1.0)",1,99.8326278659612,10160
"(0.8873002904865649, 1.0)",1,99.8326223516782,10161
"(0.9696969696969696, 1.0)",1,99.83261183261185,10162
"(0.9841269841269842, 1.0)",1,99.83261183261185,10163
"(0.8589726631393297, 1.0)",1,99.83258377425044,10164
"(0.9507101086048454, 1.0)",7,99.8325443237724,10171
"(1.0, 1.0)",1,99.83251408090118,10172
"(0.9666666666666668, 1.0)",1,99.83251408090118,10173
"(0.8817204301075269, 1.0)",1,99.83251408090118,10174
"(0.9248366013071896, 1.0)",1,99.8324845089551,10175
"(0.9465811965811968, 1.0)",2,99.83247690929144,10177
"(0.8627450980392157, 1.0)",3,99.83244206773618,10180
"(1.0, 1.0)",4,99.83244206773618,10184
"(0.9696969696969696, 1.0)",4,99.83244206773618,10188
"(0.9507101086048454, 1.0)",2,99.83243053871236,10190
"(1.0, 1.0)",1,99.83243053871236,10191
"(0.9289529914529916, 1.0)",2,99.8324252136752,10193
"(0.9696969696969696, 1.0)",4,99.83242361503233,10197
"(1.0, 1.0)",1,99.83242361503233,10198
"(0.9306746031746032, 1.0)",1,99.83237562546388,10199
"(0.9696969696969696, 1.0)",1,99.83233433233434,10200
"(0.9363636363636364, 1.0)",2,99.832279314888,10202
"(0.9696969696969696, 1.0)",1,99.832279314888,10203
"(0.9674603174603176, 1.0)",1,99.83226600985222,10204
"(0.9230769230769232, 1.0)",2,99.83216783216784,10206
"(0.909722222222222, 1.0)",2,99.8321433645922,10208
"(0.9224211423699916, 1.0)",1,99.8321433645922,10209
"(0.9666666666666668, 1.0)",2,99.83209109730848,10211
"(0.9841269841269842, 1.0)",1,99.83204365079364,10212
"(0.9841269841269842, 1.0)",1,99.8319796145883,10213
"(0.8622222222222222, 1.0)",2,99.83191919191918,10215
"(0.9465811965811968, 1.0)",1,99.83184084434085,10216
"(0.9391865079365078, 1.0)",2,99.83180994308272,10218
"(0.8925865800865801, 1.0)",2,99.83177308802308,10220
"(0.9230769230769232, 1.0)",1,99.8317517722552,10221
"(0.9841269841269842, 1.0)",2,99.83174603174604,10223
"(0.9104993386243384, 1.0)",1,99.83171016483516,10224
"(0.9386724386724388, 1.0)",1,99.8317021143108,10225
"(0.9565217391304348, 1.0)",1,99.8317021143108,10226
"(0.9507101086048454, 1.0)",2,99.83166248955725,10228
"(0.9104993386243384, 1.0)",1,99.83161757224258,10229
"(0.9696969696969696, 1.0)",1,99.83160173160172,10230
"(0.9444444444444444, 1.0)",2,99.83160173160172,10232
"(0.875, 1.0)",8,99.83152173913044,10240
"(1.0, 1.0)",3,99.83152173913044,10243
"(0.9565217391304348, 1.0)",2,99.83152173913044,10245
"(0.8791208791208792, 1.0)",1,99.83150183150184,10246
"(0.9841269841269842, 1.0)",1,99.83138881686976,10247
"(0.896551724137931, 1.0)",3,99.83138881686976,10250
"(0.9224211423699916, 1.0)",1,99.83138472780416,10251
"(0.9391865079365078, 1.0)",1,99.83131613756612,10252
"(0.9841269841269842, 1.0)",1,99.8312211138298,10253
"(0.9380032206119162, 1.0)",1,99.8312211138298,10254
"(0.9302579365079364, 1.0)",2,99.8312049062049,10256
"(0.9841269841269842, 1.0)",1,99.83116883116884,10257
"(0.9696969696969696, 1.0)",1,99.83116883116882,10258
"(0.9214340198321892, 1.0)",1,99.83115624205442,10259
"(0.9019607843137254, 1.0)",2,99.83115618661256,10261
"(0.8977777777777779, 1.0)",4,99.83111111111111,10265
"(0.8803174603174604, 1.0)",1,99.83111111111111,10266
"(0.9109477124183006, 1.0)",1,99.83110163257224,10267
"(0.9841269841269842, 1.0)",2,99.8310405643739,10269
"(1.0, 1.0)",1,99.8310405643739,10270
"(0.9333333333333332, 1.0)",4,99.8310405643739,10274
"(0.9135802469135802, 1.0)",3,99.8310405643739,10277
"(1.0, 1.0)",2,99.8309990662932,10279
"(0.9047619047619048, 1.0)",1,99.8309806135893,10280
"(1.0, 1.0)",2,99.8309806135893,10282
"(0.9565217391304348, 1.0)",2,99.8309806135893,10284
"(0.9696969696969696, 1.0)",1,99.8309806135893,10285
"(0.8468468468468467, 1.0)",71,99.83097383097385,10356
"(1.0, 1.0)",2,99.83097383097385,10358
"(0.9841269841269842, 1.0)",4,99.83097383097385,10362
"(0.9521531100478468, 1.0)",1,99.83094098883572,10363
"(0.9047619047619048, 1.0)",1,99.83091787439614,10364
"(0.8864468864468864, 1.0)",6,99.83089133089132,10370
"(0.9172932330827066, 1.0)",3,99.83087347999628,10373
"(0.9230769230769232, 1.0)",1,99.83072483072483,10374
"(0.8791208791208792, 1.0)",2,99.83070818070816,10376
"(0.9248366013071896, 1.0)",1,99.8305605070311,10377
"(0.9565217391304348, 1.0)",1,99.8305037957212,10378
"(0.9333333333333332, 1.0)",1,99.8305037957212,10379
"(0.9841269841269842, 1.0)",1,99.8305037957212,10380
"(0.8622222222222222, 1.0)",2,99.8304761904762,10382
"(0.9230769230769232, 1.0)",1,99.830392313001,10383
"(0.9841269841269842, 1.0)",1,99.83033671134358,10384
"(0.9230769230769232, 1.0)",1,99.8303087708122,10385
"(0.9230769230769232, 1.0)",11,99.83028083028084,10396
"(0.9841269841269842, 1.0)",2,99.83028083028084,10398
"(0.909722222222222, 1.0)",1,99.83021284271284,10399
"(0.9674603174603176, 1.0)",2,99.83020541549952,10401
"(0.9841269841269842, 1.0)",1,99.8301875901876,10402
"(0.9333333333333332, 1.0)",1,99.82996031746032,10403
"(0.9065438871473354, 1.0)",1,99.82992351677696,10404
"(0.8791208791208792, 1.0)",1,99.82991452991452,10405
"(0.9109477124183006, 1.0)",1,99.8299117892771,10406
"(0.896551724137931, 1.0)",5,99.82988505747127,10411
"(0.9333333333333332, 1.0)",3,99.82988505747127,10414
"(1.0, 1.0)",2,99.82988505747127,10416
"(0.909722222222222, 1.0)",1,99.82987614237616,10417
"(0.9696969696969696, 1.0)",1,99.82972582972585,10418
"(0.9224211423699916, 1.0)",2,99.8296250495739,10420
"(0.936026936026936, 1.0)",2,99.82961667961668,10422
"(0.9047619047619048, 1.0)",1,99.82959850606908,10423
"(1.0, 1.0)",2,99.82959850606908,10425
"(0.9248366013071896, 1.0)",2,99.82959850606908,10427
"(0.8952380952380952, 1.0)",1,99.82955077330078,10428
"(0.9206349206349206, 1.0)",1,99.82953761214632,10429
"(1.0, 1.0)",3,99.82953761214632,10432
"(0.9841269841269842, 1.0)",1,99.82953761214632,10433
"(0.9047619047619048, 1.0)",2,99.82953761214632,10435
"(0.9565217391304348, 1.0)",3,99.82953761214632,10438
"(0.8888888888888888, 1.0)",1,99.82953761214632,10439
"(1.0, 1.0)",1,99.82949798739271,10440
"(0.932852564102564, 1.0)",1,99.82949397824396,10441
"(0.900854700854701, 1.0)",3,99.82942612942614,10444
"(0.875593542260209, 1.0)",1,99.82941749608416,10445
"(0.8627450980392157, 1.0)",3,99.82941176470588,10448
"(0.9666666666666668, 1.0)",1,99.829393312002,10449
"(0.9391865079365078, 1.0)",1,99.829325042912,10450
"(0.9230769230769232, 1.0)",3,99.82928182928184,10453
"(0.9841269841269842, 1.0)",1,99.82928182928184,10454
"(1.0, 1.0)",1,99.82926829268293,10455
"(0.8883205456095482, 1.0)",4,99.82896926886696,10459
"(0.9841269841269842, 1.0)",4,99.82882395382396,10463
"(0.875, 1.0)",11,99.82882395382396,10474
"(1.0, 1.0)",2,99.82882395382396,10476
"(0.9696969696969696, 1.0)",7,99.82882395382396,10483
"(0.8763636363636363, 1.0)",1,99.8287445887446,10484
"(0.9674603174603176, 1.0)",1,99.82874396135266,10485
"(0.932852564102564, 1.0)",1,99.82866636798089,10486
"(0.9224211423699916, 1.0)",2,99.8286260485749,10488
"(0.9696969696969696, 1.0)",1,99.8285756111843,10489
"(0.9023569023569024, 1.0)",2,99.8285756111843,10491
"(0.9841269841269842, 1.0)",1,99.82857142857142,10492
"(0.8952020202020202, 1.0)",2,99.82853535353536,10494
"(0.8763636363636363, 1.0)",2,99.82851674641148,10496
"(0.8904991948470209, 1.0)",2,99.82845013279795,10498
"(0.8822954822954823, 1.0)",1,99.82840659340658,10499
"(0.9380032206119162, 1.0)",1,99.8283873936048,10500
"(0.9194577352472088, 1.0)",1,99.8283604267586,10501
"(1.0, 1.0)",1,99.82828282828282,10502
"(0.9444444444444444, 1.0)",2,99.82828282828282,10504
"(0.9696969696969696, 1.0)",4,99.82828282828282,10508
"(0.9047619047619048, 1.0)",3,99.82828282828282,10511
"(0.9841269841269842, 1.0)",1,99.82828282828282,10512
"(0.9206349206349206, 1.0)",1,99.82828282828282,10513
"(0.8888888888888888, 1.0)",1,99.82828282828282,10514
"(0.932852564102564, 1.0)",1,99.82819399928776,10515
"(0.947088068181818, 1.0)",1,99.8280797049799,10516
"(0.9521531100478468, 1.0)",2,99.82805498594972,10518
"(0.9104993386243384, 1.0)",1,99.8280257936508,10519
"(0.9666666666666668, 1.0)",1,99.8279761904762,10520
"(0.9047619047619048, 1.0)",1,99.827950310559,10521
"(0.9696969696969696, 1.0)",1,99.8278669043375,10522
"(0.9507101086048454, 1.0)",3,99.8278667683702,10525
"(0.9380032206119162, 1.0)",2,99.82785829307568,10527
"(0.9230769230769232, 1.0)",8,99.82783882783885,10535
"(0.9047619047619048, 1.0)",14,99.82783882783885,10549
"(1.0, 1.0)",3,99.82783882783885,10552
"(0.9333333333333332, 1.0)",1,99.8278060104147,10553
"(0.8897707231040564, 1.0)",1,99.82777394371595,10554
"(0.9521531100478468, 1.0)",8,99.82774665230806,10562
"(1.0, 1.0)",1,99.827721661055,10563
"(0.9444444444444444, 1.0)",1,99.827721661055,10564
"(0.8832772166105499, 1.0)",3,99.827721661055,10567
"(0.9135802469135802, 1.0)",1,99.827721661055,10568
"(0.8883205456095482, 1.0)",1,99.82771448500348,10569
"(1.0, 1.0)",1,99.82769452769452,10570
"(0.9674603174603176, 1.0)",1,99.82769452769452,10571
"(0.9172932330827066, 1.0)",1,99.8276389260371,10572
"(1.0, 1.0)",2,99.82761098550571,10574
"(0.9230769230769232, 1.0)",1,99.82761098550571,10575
"(0.8275809031622985, 1.0)",1,99.8275809031623,10576
"(0.9386724386724388, 1.0)",2,99.82756132756133,10578
"(0.875, 1.0)",12,99.82738095238096,10590
"(0.9841269841269842, 1.0)",2,99.82738095238096,10592
"(0.904126984126984, 1.0)",1,99.82720390720392,10593
"(0.9023569023569024, 1.0)",3,99.82719350366408,10596
"(0.9444444444444444, 1.0)",1,99.82718489240229,10597
"(0.9224211423699916, 1.0)",8,99.8271830471319,10605
"(1.0, 1.0)",1,99.82716049382717,10606
"(0.9135802469135802, 1.0)",12,99.82716049382717,10618
"(0.947088068181818, 1.0)",1,99.82713436447813,10619
"(0.9023569023569024, 1.0)",1,99.82713260974133,10620
"(0.9465811965811968, 1.0)",1,99.82712331127654,10621
"(0.8864468864468864, 1.0)",3,99.8270956097043,10624
"(0.900854700854701, 1.0)",1,99.8270734096821,10625
"(0.9407729468599032, 1.0)",2,99.82704940188636,10627
"(1.0, 1.0)",1,99.8270202020202,10628
"(0.8904991948470209, 1.0)",2,99.82700713135496,10630
"(0.9444444444444444, 1.0)",1,99.82683982683984,10631
"(1.0, 1.0)",2,99.82683982683984,10633
"(0.8888888888888888, 1.0)",7,99.82683982683984,10640
"(0.9047619047619048, 1.0)",10,99.82683982683984,10650
"(0.8571428571428572, 1.0)",4,99.82683982683984,10654
"(0.9696969696969696, 1.0)",3,99.82683982683984,10657
"(0.9841269841269842, 1.0)",3,99.82683982683984,10660
"(0.8585858585858586, 1.0)",1,99.82683982683984,10661
"(0.8425925925925927, 1.0)",3,99.82671957671955,10664
"(0.8266666666666667, 1.0)",26,99.82666666666668,10690
"(0.9696969696969696, 1.0)",1,99.82664141414142,10691
"(0.9565217391304348, 1.0)",1,99.82662372517444,10692
"(0.9135802469135802, 1.0)",5,99.82662372517444,10697
"(0.9841269841269842, 1.0)",1,99.82661198450673,10698
"(0.9333333333333332, 1.0)",1,99.82655122655125,10699
"(0.904126984126984, 1.0)",3,99.82654812649696,10702
"(0.932852564102564, 1.0)",3,99.8265129583678,10705
"(0.9407729468599032, 1.0)",1,99.82646137879834,10706
"(0.9333333333333332, 1.0)",1,99.8263630089717,10707
"(0.9565217391304348, 1.0)",1,99.8263630089717,10708
"(0.8977777777777779, 1.0)",3,99.8263492063492,10711
"(0.8925865800865801, 1.0)",2,99.82631012506012,10713
"(0.9135802469135802, 1.0)",1,99.826278659612,10714
"(0.9841269841269842, 1.0)",1,99.826278659612,10715
"(0.9615343915343916, 1.0)",1,99.82627854358115,10716
"(0.9230769230769232, 1.0)",1,99.82625152625153,10717
"(0.9841269841269842, 1.0)",1,99.82623224728488,10718
"(1.0, 1.0)",4,99.82623224728488,10722
"(0.9363636363636364, 1.0)",1,99.8262187088274,10723
"(0.8904991948470209, 1.0)",1,99.82621348056132,10724
"(0.9444444444444444, 1.0)",5,99.82616487455198,10729
"(0.8817204301075269, 1.0)",4,99.82616487455198,10733
"(0.9333333333333332, 1.0)",1,99.82610722610724,10734
"(0.9696969696969696, 1.0)",3,99.82610722610724,10737
"(0.9230769230769232, 1.0)",4,99.82610722610724,10741
"(0.8578431372549019, 1.0)",1,99.82609710550886,10742
"(1.0, 1.0)",1,99.82604617604618,10743
"(0.9696969696969696, 1.0)",2,99.82604617604618,10745
"(0.8771929824561403, 1.0)",1,99.82600663986356,10746
"(0.9466207660652104, 1.0)",1,99.82588002532448,10747
"(0.9023569023569024, 1.0)",1,99.82587782587782,10748
"(0.932852564102564, 1.0)",1,99.82580636955636,10749
"(0.9507101086048454, 1.0)",2,99.82571010860484,10751
"(0.875, 1.0)",1,99.82571010860484,10752
"(0.9841269841269842, 1.0)",1,99.8256304082391,10753
"(0.936026936026936, 1.0)",1,99.82556517556516,10754
"(0.9224211423699916, 1.0)",1,99.8255122033558,10755
"(0.8897707231040564, 1.0)",1,99.82548500881832,10756
"(0.8666666666666667, 1.0)",1,99.82546296296296,10757
"(0.9224211423699916, 1.0)",2,99.82545144540028,10759
"(1.0, 1.0)",1,99.825451309433,10760
"(0.8571428571428572, 1.0)",4,99.82539682539682,10764
"(0.9841269841269842, 1.0)",2,99.82539682539682,10766
"(1.0, 1.0)",8,99.82539682539682,10774
"(0.9047619047619048, 1.0)",4,99.82539682539682,10778
"(0.9444444444444444, 1.0)",4,99.82539682539682,10782
"(0.8888888888888888, 1.0)",7,99.82539682539682,10789
"(0.8253968253968256, 1.0)",28,99.82539682539682,10817
"(0.9289529914529916, 1.0)",1,99.82533880728326,10818
"(0.9666666666666668, 1.0)",1,99.82525252525252,10819
"(0.8888888888888888, 1.0)",1,99.82525252525252,10820
"(0.9696969696969696, 1.0)",1,99.82525252525252,10821
"(0.9565217391304348, 1.0)",2,99.8252086078173,10823
"(1.0, 1.0)",2,99.8252086078173,10825
"(1.0, 1.0)",1,99.82516898306372,10826
"(0.9507101086048454, 1.0)",1,99.82516898306372,10827
"(0.896551724137931, 1.0)",4,99.82512315270937,10831
"(0.9841269841269842, 1.0)",2,99.82512315270937,10833
"(0.9444444444444444, 1.0)",1,99.82512315270937,10834
"(0.9333333333333332, 1.0)",4,99.82510822510822,10838
"(0.9109477124183006, 1.0)",1,99.82508912655972,10839
"(0.9172932330827066, 1.0)",1,99.82494114073062,10840
"(0.936026936026936, 1.0)",1,99.82491582491582,10841
"(0.9047619047619048, 1.0)",2,99.82491582491582,10843
"(0.9380032206119162, 1.0)",2,99.82476558105849,10845
"(0.9507101086048454, 1.0)",1,99.8246921651956,10846
"(0.8883205456095482, 1.0)",1,99.82468418197318,10847
"(0.9230769230769232, 1.0)",3,99.82466422466422,10850
"(0.9333333333333332, 1.0)",2,99.82466422466422,10852
"(0.8904991948470209, 1.0)",1,99.824626178974,10853
"(0.8897707231040564, 1.0)",1,99.82460781583588,10854
"(0.9674603174603176, 1.0)",1,99.82460317460315,10855
"(0.8888888888888888, 1.0)",3,99.82460317460315,10858
"(0.9841269841269842, 1.0)",1,99.82460317460315,10859
"(1.0, 1.0)",1,99.82460317460315,10860
"(0.9109477124183006, 1.0)",2,99.82452795933187,10862
"(0.9565217391304348, 1.0)",1,99.82452508081798,10863
"(0.883876357560568, 1.0)",2,99.82452508081798,10865
"(0.9445350241545892, 1.0)",1,99.82449258588298,10866
"(0.8547544409613373, 1.0)",7,99.8244514106583,10873
"(0.9023569023569024, 1.0)",2,99.82443482443485,10875
"(0.9104993386243384, 1.0)",2,99.8244154606287,10877
"(0.9351258309591644, 1.0)",2,99.8244138258506,10879
"(0.8402777777777779, 1.0)",1,99.82440476190476,10880
"(0.9674603174603176, 1.0)",2,99.82437533227008,10882
"(0.8883205456095482, 1.0)",2,99.82434748163648,10884
"(0.9674603174603176, 1.0)",1,99.82414748993696,10885
"(0.936026936026936, 1.0)",1,99.82412217412218,10886
"(0.9444444444444444, 1.0)",1,99.8240431066518,10887
"(0.9230769230769232, 1.0)",3,99.8240431066518,10890
"(0.9224211423699916, 1.0)",3,99.8240084439573,10893
"(0.9589484126984128, 1.0)",2,99.82397034252298,10895
"(0.900854700854701, 1.0)",2,99.82393162393164,10897
"(0.9696969696969696, 1.0)",1,99.82392593986796,10898
"(0.9135802469135802, 1.0)",2,99.82392593986796,10900
"(0.8542199488491048, 1.0)",5,99.82391691854608,10905
"(0.932852564102564, 1.0)",1,99.82391536603492,10906
"(0.9224211423699916, 1.0)",1,99.82384135957967,10907
"(0.8888888888888888, 1.0)",3,99.82380952380952,10910
"(0.9047619047619048, 1.0)",2,99.82380952380952,10912
"(0.9666666666666668, 1.0)",1,99.82380952380952,10913
"(0.9445350241545892, 1.0)",2,99.82373526835484,10915
"(0.9047619047619048, 1.0)",3,99.82372598162073,10918
"(0.8888888888888888, 1.0)",2,99.82372598162073,10920
"(0.9507101086048454, 1.0)",2,99.82372598162073,10922
"(0.8915343915343915, 1.0)",2,99.82371031746032,10924
"(1.0, 1.0)",2,99.82366522366522,10926
"(0.8698412698412699, 1.0)",1,99.82366522366522,10927
"(0.9333333333333332, 1.0)",2,99.82366522366522,10929
"(0.8791208791208792, 1.0)",1,99.82356532356532,10930
"(0.8791208791208792, 1.0)",1,99.82356532356532,10931
"(0.9333333333333332, 1.0)",1,99.82352092352092,10932
"(0.9224211423699916, 1.0)",1,99.82338732594488,10933
"(0.9841269841269842, 1.0)",2,99.82334869431644,10935
"(0.947088068181818, 1.0)",1,99.82333605529936,10936
"(0.909722222222222, 1.0)",1,99.8233024691358,10937
"(0.8867623604465709, 1.0)",3,99.8232702969545,10940
"(0.9507101086048454, 1.0)",1,99.82324498113972,10941
"(0.9444444444444444, 1.0)",1,99.82323232323232,10942
"(0.9333333333333332, 1.0)",1,99.8231884057971,10943
"(0.9380032206119162, 1.0)",1,99.8230963883138,10944
"(0.9444444444444444, 1.0)",1,99.8230441056528,10945
"(0.8547544409613373, 1.0)",4,99.8230084092153,10949
"(0.9023569023569024, 1.0)",1,99.82299182299182,10950
"(0.8864468864468864, 1.0)",4,99.82295482295484,10954
"(0.8900759734093067, 1.0)",1,99.82294634377968,10955
"(0.8229166666666666, 1.0)",6,99.82291666666666,10961
"(0.9445350241545892, 1.0)",1,99.82290832266678,10962
"(0.9445350241545892, 1.0)",1,99.82284520933976,10963
"(0.9445350241545892, 1.0)",1,99.82277576489533,10964
"(0.896551724137931, 1.0)",2,99.82277043296534,10966
"(0.9521531100478468, 1.0)",1,99.82272698062172,10967
"(0.9135802469135802, 1.0)",2,99.82267115600447,10969
"(0.89, 1.0)",2,99.82263888888887,10971
"(1.0, 1.0)",1,99.8225534851622,10972
"(0.947088068181818, 1.0)",1,99.82252107471776,10973
"(1.0, 1.0)",2,99.82251082251082,10975
"(0.9841269841269842, 1.0)",1,99.82251082251082,10976
"(0.9696969696969696, 1.0)",1,99.82251082251082,10977
"(0.9194577352472088, 1.0)",1,99.82248803827753,10978
"(1.0, 1.0)",2,99.82236915336496,10980
"(0.8817204301075269, 1.0)",3,99.82236915336496,10983
"(0.9841269841269842, 1.0)",1,99.82236915336496,10984
"(0.9565217391304348, 1.0)",3,99.82236915336496,10987
"(0.9289529914529916, 1.0)",1,99.82230243415589,10988
"(0.922050500014663, 1.0)",1,99.82229163409713,10989
"(0.8991666666666667, 1.0)",1,99.8222435897436,10990
"(0.9333333333333332, 1.0)",10,99.82222222222222,11000
"(0.9444444444444444, 1.0)",2,99.82222222222222,11002
"(0.9047619047619048, 1.0)",6,99.82222222222222,11008
"(0.8888888888888888, 1.0)",5,99.82222222222222,11013
"(0.9047619047619048, 1.0)",1,99.82213868003342,11014
"(0.9206349206349206, 1.0)",1,99.82213868003342,11015
"(0.9841269841269842, 1.0)",1,99.82208994708996,11016
"(0.837962962962963, 1.0)",1,99.82208994708996,11017
"(0.9, 1.0)",2,99.82207792207792,11019
"(0.9696969696969696, 1.0)",1,99.82207792207792,11020
"(0.9172932330827066, 1.0)",4,99.8220551378446,11024
"(0.9333333333333332, 1.0)",1,99.82199437988912,11025
"(0.883876357560568, 1.0)",1,99.8218272955115,11026
"(0.9444444444444444, 1.0)",1,99.82178932178932,11027
"(0.9841269841269842, 1.0)",1,99.82178932178932,11028
"(0.8376068376068376, 1.0)",8,99.82173382173384,11036
"(0.9841269841269842, 1.0)",6,99.82173382173384,11042
"(0.9565217391304348, 1.0)",1,99.82171832743916,11043
"(0.8867623604465709, 1.0)",1,99.8215994531784,11044
"(0.9841269841269842, 1.0)",1,99.82156540777233,11045
"(0.9696969696969696, 1.0)",1,99.82154882154882,11046
"(0.9444444444444444, 1.0)",3,99.82154882154882,11049
"(0.8518518518518519, 1.0)",4,99.82154882154882,11053
"(0.9363636363636364, 1.0)",1,99.82145680406548,11054
"(0.932852564102564, 1.0)",1,99.82143722018722,11055
"(0.9841269841269842, 1.0)",1,99.82142857142856,11056
"(0.9333333333333332, 1.0)",1,99.82142857142856,11057
"(0.8373015873015873, 1.0)",21,99.82142857142856,11078
"(0.896551724137931, 1.0)",1,99.82138832544511,11079
"(0.9248366013071896, 1.0)",1,99.82138832544511,11080
"(0.9230769230769232, 1.0)",2,99.82134532134532,11082
"(0.9023809523809524, 1.0)",2,99.82134502923977,11084
"(0.8675136116152449, 1.0)",1,99.8213375654392,11085
"(0.896551724137931, 1.0)",7,99.82132743152232,11092
"(0.8977777777777779, 1.0)",1,99.8212987012987,11093
"(0.8740392648287385, 1.0)",1,99.82112259816208,11094
"(0.8817204301075269, 1.0)",3,99.82111436950146,11097
"(0.8536155202821869, 1.0)",1,99.82107583774253,11098
"(0.9841269841269842, 1.0)",3,99.82106782106784,11101
"(0.8686868686868687, 1.0)",4,99.82106782106784,11105
"(1.0, 1.0)",1,99.82106782106784,11106
"(0.8527777777777779, 1.0)",1,99.82103174603176,11107
"(0.932852564102564, 1.0)",1,99.82101450450595,11108
"(0.8803174603174604, 1.0)",2,99.82096618357488,11110
"(0.8977777777777779, 1.0)",3,99.82085470085472,11113
"(0.8763636363636363, 1.0)",1,99.82080808080808,11114
"(0.9841269841269842, 1.0)",1,99.82080745341617,11115
"(1.0, 1.0)",1,99.82078415411748,11116
"(0.9230769230769232, 1.0)",3,99.82078415411748,11119
"(0.9135802469135802, 1.0)",7,99.82078415411748,11126
"(1.0, 1.0)",1,99.82075412510196,11127
"(0.9841269841269842, 1.0)",2,99.82069138590876,11129
"(0.9444444444444444, 1.0)",1,99.8206895406384,11130
"(0.9333333333333332, 1.0)",1,99.82063492063492,11131
"(0.9507101086048454, 1.0)",2,99.82055137844613,11133
"(0.9333333333333332, 1.0)",2,99.82055137844613,11135
"(0.9135802469135802, 1.0)",1,99.82050665383998,11136
"(0.9104993386243384, 1.0)",1,99.82047408609908,11137
"(0.8469839324618735, 1.0)",2,99.8204561546841,11139
"(0.9333333333333332, 1.0)",1,99.82041062801932,11140
"(0.9104993386243384, 1.0)",1,99.82036436998636,11141
"(0.9142520753512132, 1.0)",1,99.82036318646232,11142
"(0.9444444444444444, 1.0)",3,99.82034632034632,11145
"(0.9172932330827066, 1.0)",3,99.820323536113,11148
"(0.8796296296296295, 1.0)",1,99.82027835288704,11149
"(0.9230769230769232, 1.0)",2,99.82024738546475,11151
"(0.8873002904865649, 1.0)",1,99.82017066085692,11152
"(0.9224211423699916, 1.0)",1,99.82012837341055,11153
"(0.8518518518518519, 1.0)",7,99.82010582010582,11160
"(0.9841269841269842, 1.0)",2,99.82010582010582,11162
"(1.0, 1.0)",2,99.82010582010582,11164
"(0.9135802469135802, 1.0)",1,99.82010198604402,11165
"(0.9142520753512132, 1.0)",2,99.82008540868456,11167
"(0.896551724137931, 1.0)",2,99.82007264765886,11169
"(0.9696969696969696, 1.0)",2,99.82007264765886,11171
"(0.8822954822954823, 1.0)",1,99.820048007548,11172
"(0.8358511220580186, 1.0)",1,99.819978106185,11173
"(0.8952380952380952, 1.0)",1,99.8199692780338,11174
"(0.9507101086048454, 1.0)",1,99.8199302604337,11175
"(0.8465418823841762, 1.0)",1,99.8199215120138,11176
"(0.8977777777777779, 1.0)",1,99.81990798251668,11177
"(1.0, 1.0)",1,99.81990231990233,11178
"(0.9841269841269842, 1.0)",1,99.81990231990233,11179
"(0.8675136116152449, 1.0)",1,99.8198945639962,11180
"(0.9696969696969696, 1.0)",2,99.81978515311847,11182
"(0.9135802469135802, 1.0)",3,99.81978515311847,11185
"(0.9333333333333332, 1.0)",2,99.81978021978024,11187
"(0.9333333333333332, 1.0)",1,99.81975772765249,11188
"(0.85, 1.0)",1,99.81969696969696,11189
"(0.9565217391304348, 1.0)",1,99.81967963386728,11190
"(0.9841269841269842, 1.0)",1,99.81967136805848,11191
"(0.8817204301075269, 1.0)",8,99.81967136805848,11199
"(1.0, 1.0)",1,99.81965013543962,11200
"(0.896551724137931, 1.0)",8,99.81962864721486,11208
"(0.9230769230769232, 1.0)",3,99.81962864721486,11211
"(1.0, 1.0)",1,99.81962864721486,11212
"(0.9224211423699916, 1.0)",1,99.81959160475785,11213
"(0.8498168498168498, 1.0)",5,99.81951381951382,11218
"(0.9243650793650792, 1.0)",1,99.81947503306878,11219
"(0.875, 1.0)",14,99.81944444444444,11233
"(0.9444444444444444, 1.0)",2,99.81944444444444,11235
"(0.8731060606060606, 1.0)",1,99.81940235690236,11236
"(0.9507101086048454, 1.0)",2,99.81939697729172,11238
"(0.9065438871473354, 1.0)",1,99.81934150619496,11239
"(0.9674603174603176, 1.0)",1,99.81931216931216,11240
"(0.8627450980392157, 1.0)",2,99.81926683716964,11242
"(0.9565217391304348, 1.0)",6,99.81926683716964,11248
"(0.9302579365079364, 1.0)",1,99.81918909592822,11249
"(0.8350168350168351, 1.0)",14,99.81914381914382,11263
"(0.9, 1.0)",1,99.81904761904762,11264
"(0.9841269841269842, 1.0)",3,99.81904761904762,11267
"(0.936026936026936, 1.0)",2,99.81896344396344,11269
"(1.0, 1.0)",1,99.81890331890332,11270
"(0.9047619047619048, 1.0)",3,99.81890331890332,11273
"(0.865079365079365, 1.0)",3,99.81890331890332,11276
"(0.9444444444444444, 1.0)",2,99.81890331890332,11278
"(0.9172932330827066, 1.0)",1,99.81888053467,11279
"(1.0, 1.0)",2,99.81888053467,11281
"(0.8622222222222222, 1.0)",2,99.81874396135264,11283
"(0.9333333333333332, 1.0)",1,99.81869488536157,11284
"(0.896551724137931, 1.0)",4,99.81868192887684,11288
"(0.9444444444444444, 1.0)",1,99.81867547657022,11289
"(0.9841269841269842, 1.0)",1,99.8186754765702,11290
"(0.896551724137931, 1.0)",7,99.81862964621584,11297
"(0.909722222222222, 1.0)",1,99.8186249137336,11298
"(0.8952380952380952, 1.0)",1,99.81861772486772,11299
"(0.8518518518518519, 1.0)",2,99.81851851851852,11301
"(0.9666666666666668, 1.0)",1,99.81851851851852,11302
"(0.9841269841269842, 1.0)",1,99.8184126984127,11303
"(0.8977777777777779, 1.0)",2,99.8184126984127,11305
"(0.8487103174603176, 1.0)",5,99.81840728715729,11310
"(0.896551724137931, 1.0)",2,99.81840180388276,11312
"(1.0, 1.0)",3,99.81834215167548,11315
"(0.9135802469135802, 1.0)",16,99.81834215167548,11331
"(0.8897707231040564, 1.0)",1,99.81834215167548,11332
"(0.9047619047619048, 1.0)",7,99.81834215167548,11339
"(0.9444444444444444, 1.0)",1,99.81834215167548,11340
"(0.9565217391304348, 1.0)",1,99.81833682089436,11341
"(0.900854700854701, 1.0)",3,99.81831501831502,11344
"(0.9172932330827066, 1.0)",1,99.81825941665758,11345
"(0.9841269841269842, 1.0)",3,99.81822836661549,11348
"(0.8817204301075269, 1.0)",6,99.81822836661549,11354
"(0.8991666666666667, 1.0)",4,99.81821428571428,11358
"(0.9243650793650792, 1.0)",1,99.81816849816848,11359
"(0.9327096052096052, 1.0)",1,99.81816706441708,11360
"(0.9696969696969696, 1.0)",4,99.81810966810968,11364
"(0.9363636363636364, 1.0)",1,99.81808406647116,11365
"(0.8498168498168499, 1.0)",7,99.81807081807082,11372
"(0.8498168498168498, 1.0)",11,99.81807081807082,11383
"(0.8339307048984469, 1.0)",2,99.81805768902544,11385
"(0.8592532467532467, 1.0)",3,99.81804954304954,11388
"(0.8817204301075269, 1.0)",1,99.81800052428235,11389
"(0.9841269841269842, 1.0)",2,99.81799360060228,11391
"(0.9696969696969696, 1.0)",1,99.81799360060228,11392
"(0.9565217391304348, 1.0)",1,99.81799360060228,11393
"(0.8439484126984128, 1.0)",1,99.81796274961596,11394
"(0.922050500014663, 1.0)",1,99.8179316758224,11395
"(0.9243650793650792, 1.0)",2,99.81782386072707,11397
"(0.9565217391304348, 1.0)",6,99.81780538302276,11403
"(0.9047619047619048, 1.0)",6,99.81780538302276,11409
"(0.9243650793650792, 1.0)",1,99.81772967772967,11410
"(0.9135802469135802, 1.0)",1,99.81770723104056,11411
"(0.9363636363636364, 1.0)",1,99.81766108287847,11412
"(0.9523809523809524, 1.0)",1,99.81757462653049,11413
"(0.9230769230769232, 1.0)",1,99.81754960015827,11414
"(0.8888888888888888, 1.0)",5,99.81746031746032,11419
"(0.9047619047619048, 1.0)",3,99.81746031746032,11422
"(0.9230769230769232, 1.0)",1,99.81746031746032,11423
"(0.9444444444444444, 1.0)",12,99.81746031746032,11435
"(0.9841269841269842, 1.0)",4,99.81746031746032,11439
"(0.9674603174603176, 1.0)",1,99.8174347158218,11440
"(0.9333333333333332, 1.0)",2,99.81737677527153,11442
"(0.9696969696969696, 1.0)",2,99.81731601731602,11444
"(1.0, 1.0)",1,99.81731601731602,11445
"(0.8498168498168498, 1.0)",2,99.81727716727715,11447
"(0.9521531100478468, 1.0)",3,99.8172324751272,11450
"(0.833064949006978, 1.0)",8,99.81719193313396,11458
"(0.896551724137931, 1.0)",2,99.81718664477285,11460
"(0.9696969696969696, 1.0)",1,99.81717171717172,11461
"(0.8170426065162907, 1.0)",6,99.81704260651628,11467
"(0.896551724137931, 1.0)",1,99.81704234462856,11468
"(0.8487103174603176, 1.0)",4,99.81696428571428,11472
"(0.9391865079365078, 1.0)",1,99.81693991924254,11473
"(0.909722222222222, 1.0)",1,99.81692612942612,11474
"(0.8883205456095482, 1.0)",3,99.81689197418098,11477
"(0.8803174603174604, 1.0)",3,99.8168253968254,11480
"(0.9841269841269842, 1.0)",1,99.81673881673882,11481
"(0.8822954822954823, 1.0)",1,99.81670075295077,11482
"(0.9674603174603176, 1.0)",1,99.81666666666666,11483
"(1.0, 1.0)",1,99.81666666666666,11484
"(1.0, 1.0)",1,99.81664106502816,11485
"(0.9696969696969696, 1.0)",1,99.81661054994387,11486
"(0.8832772166105499, 1.0)",1,99.81661054994387,11487
"(0.9333333333333332, 1.0)",2,99.81661054994387,11489
"(1.0, 1.0)",2,99.81661054994387,11491
"(0.9135802469135802, 1.0)",2,99.81661054994387,11493
"(0.9696969696969696, 1.0)",1,99.81656905186315,11494
"(0.8627450980392157, 1.0)",9,99.81656905186315,11503
"(0.9841269841269842, 1.0)",1,99.8165505991593,11504
"(0.8468468468468467, 1.0)",9,99.8165438165438,11513
"(1.0, 1.0)",1,99.8165438165438,11514
"(0.9135802469135802, 1.0)",1,99.81652700775508,11515
"(0.9497685185185184, 1.0)",2,99.81648148148147,11517
"(0.896551724137931, 1.0)",1,99.8163929939792,11518
"(0.9172932330827066, 1.0)",4,99.81633249791145,11522
"(0.9230769230769232, 1.0)",3,99.8162948162948,11525
"(0.875593542260209, 1.0)",1,99.81624226551764,11526
"(0.9365750528541228, 1.0)",1,99.8161900464512,11527
"(0.9696969696969696, 1.0)",1,99.81607378129118,11528
"(0.9333333333333332, 1.0)",1,99.81607378129118,11529
"(0.9565217391304348, 1.0)",1,99.8160695986783,11530
"(0.9243650793650792, 1.0)",1,99.81603174603174,11531
"(0.9363636363636364, 1.0)",1,99.815962298571,11532
"(0.9565217391304348, 1.0)",1,99.815962298571,11533
"(0.9230769230769232, 1.0)",1,99.815962298571,11534
"(0.9100706889685384, 1.0)",1,99.81588856855922,11535
"(0.9521531100478468, 1.0)",1,99.8158787563822,11536
"(0.9135802469135802, 1.0)",1,99.81587765710572,11537
"(0.9047619047619048, 1.0)",1,99.81587301587302,11538
"(0.9230769230769232, 1.0)",4,99.8158508158508,11542
"(0.9507101086048454, 1.0)",5,99.81578947368422,11547
"(0.9841269841269842, 1.0)",1,99.8157894736842,11548
"(0.8970659722222223, 1.0)",1,99.81576766304347,11549
"(0.9243650793650792, 1.0)",1,99.81573420904066,11550
"(0.9444444444444444, 1.0)",1,99.81572871572872,11551
"(0.9333333333333332, 1.0)",1,99.81572871572872,11552
"(0.9109477124183006, 1.0)",1,99.8157096171802,11553
"(0.9445350241545892, 1.0)",1,99.8156990453186,11554
"(0.9841269841269842, 1.0)",5,99.81564872325742,11559
"(0.9565217391304348, 1.0)",2,99.81564872325742,11561
"(0.875, 1.0)",14,99.81564872325742,11575
"(0.9696969696969696, 1.0)",1,99.8156451735399,11576
"(0.9224211423699916, 1.0)",2,99.81563903558788,11578
"(0.896551724137931, 1.0)",2,99.81559934318555,11580
"(0.958531746031746, 1.0)",1,99.81559193121691,11581
"(1.0, 1.0)",2,99.81552543566274,11583
"(0.896551724137931, 1.0)",1,99.81551580099676,11584
"(0.9445350241545892, 1.0)",1,99.81551436888394,11585
"(0.8791208791208792, 1.0)",4,99.81540097329572,11589
"(0.9049919484702094, 1.0)",1,99.8153376414246,11590
"(0.9674603174603176, 1.0)",1,99.81531294792164,11591
"(0.9302579365079364, 1.0)",2,99.8151863876864,11593
"(0.9333333333333332, 1.0)",1,99.81516754850088,11594
"(0.9135802469135802, 1.0)",3,99.81516754850088,11597
"(0.8791208791208792, 1.0)",1,99.8151478151478,11598
"(0.9466207660652104, 1.0)",1,99.81513928458372,11599
"(0.8151260504201681, 1.0)",15,99.81512605042016,11614
"(0.8627450980392157, 1.0)",1,99.81512605042016,11615
"(0.9696969696969696, 1.0)",1,99.81510759771628,11616
"(0.9047619047619048, 1.0)",1,99.81510759771628,11617
"(1.0, 1.0)",1,99.81510759771628,11618
"(0.9565217391304348, 1.0)",1,99.81510759771628,11619
"(0.9841269841269842, 1.0)",2,99.81510759771628,11621
"(0.8888888888888888, 1.0)",2,99.81510759771628,11623
"(0.8468468468468467, 1.0)",7,99.8151008151008,11630
"(0.8817204301075269, 1.0)",6,99.81505376344086,11636
"(1.0, 1.0)",2,99.81505376344086,11638
"(0.8864468864468864, 1.0)",3,99.8150183150183,11641
"(0.9172932330827066, 1.0)",3,99.81500046412329,11644
"(0.900854700854701, 1.0)",1,99.81499611499612,11645
"(1.0, 1.0)",1,99.8148518148518,11646
"(0.9466207660652104, 1.0)",1,99.81485099262878,11647
"(0.8791208791208792, 1.0)",2,99.81483516483516,11649
"(0.9592592592592591, 1.0)",1,99.81479505560152,11650
"(0.9104993386243384, 1.0)",1,99.81459986772488,11651
"(0.9565217391304348, 1.0)",1,99.81454643048846,11652
"(0.9135802469135802, 1.0)",1,99.81454643048846,11653
"(0.9444444444444444, 1.0)",3,99.81454643048846,11656
"(0.8883205456095482, 1.0)",1,99.81453925443697,11657
"(0.9327096052096052, 1.0)",1,99.81453059286392,11658
"(0.909722222222222, 1.0)",6,99.81448412698413,11664
"(0.9841269841269842, 1.0)",1,99.81446369547056,11665
"(0.9507101086048454, 1.0)",3,99.81443575493918,11668
"(0.900854700854701, 1.0)",1,99.81443494776828,11669
"(0.9230769230769232, 1.0)",2,99.81443494776828,11671
"(0.9445350241545892, 1.0)",1,99.81441648528605,11672
"(0.9230769230769232, 1.0)",2,99.81440781440782,11674
"(0.875, 1.0)",3,99.81439393939394,11677
"(1.0, 1.0)",1,99.81439393939394,11678
"(0.9333333333333332, 1.0)",3,99.81437389770724,11681
"(0.9674603174603176, 1.0)",1,99.81430716430717,11682
"(1.0, 1.0)",1,99.81428571428572,11683
"(0.9445350241545892, 1.0)",1,99.81426695366474,11684
"(0.8888888888888888, 1.0)",1,99.81425120772948,11685
"(0.9507101086048454, 1.0)",1,99.81420217209693,11686
"(0.9224211423699916, 1.0)",3,99.81419603414489,11689
"(0.9589484126984128, 1.0)",1,99.81419000354484,11690
"(0.8904991948470209, 1.0)",1,99.81402011836796,11691
"(0.9333333333333332, 1.0)",2,99.81401204159825,11693
"(0.896551724137931, 1.0)",3,99.81401204159825,11696
"(0.9194577352472088, 1.0)",1,99.81393041232856,11697
"(0.8952020202020202, 1.0)",2,99.81390572390572,11699
"(0.8952020202020202, 1.0)",1,99.81389543583988,11700
"(0.9565217391304348, 1.0)",1,99.81386351642108,11701
"(0.9047619047619048, 1.0)",2,99.8138528138528,11703
"(0.896551724137931, 1.0)",1,99.81384495722064,11704
"(0.9589484126984128, 1.0)",1,99.81377061935883,11705
"(0.936026936026936, 1.0)",1,99.81374366374368,11706
"(0.9047619047619048, 1.0)",5,99.81372549019608,11711
"(0.9248366013071896, 1.0)",1,99.81372549019608,11712
"(0.875, 1.0)",1,99.81367243867244,11713
"(1.0, 1.0)",4,99.8136645962733,11717
"(0.8571428571428572, 1.0)",1,99.8136645962733,11718
"(0.8888888888888888, 1.0)",5,99.8136645962733,11723
"(0.9047619047619048, 1.0)",4,99.8136645962733,11727
"(0.9565217391304348, 1.0)",3,99.8136645962733,11730
"(0.9168478260869564, 1.0)",1,99.8136399407823,11731
"(0.8666666666666667, 1.0)",2,99.81361111111111,11733
"(0.9, 1.0)",1,99.81358024691356,11734
"(0.8813492063492063, 1.0)",1,99.81347883597884,11735
"(0.9047619047619048, 1.0)",1,99.81343675394018,11736
"(0.9230769230769232, 1.0)",3,99.8134088134088,11739
"(0.936026936026936, 1.0)",2,99.81337181337182,11741
"(0.9230769230769232, 1.0)",2,99.81326451326451,11743
"(0.9230769230769232, 1.0)",1,99.81318097107572,11744
"(0.9386724386724388, 1.0)",1,99.81313131313132,11745
"(0.9444444444444444, 1.0)",4,99.81313131313132,11749
"(0.8686868686868687, 1.0)",10,99.81313131313132,11759
"(0.875, 1.0)",4,99.81295093795094,11763
"(1.0, 1.0)",1,99.8129319955407,11764
"(0.9466207660652104, 1.0)",1,99.8127647326124,11765
"(0.9224211423699916, 1.0)",2,99.81275303270188,11767
"(0.9841269841269842, 1.0)",1,99.8126984126984,11768
"(0.9213117283950616, 1.0)",1,99.81267687559354,11769
"(0.8864468864468864, 1.0)",2,99.8126655952743,11771
"(0.9264176245210728, 1.0)",1,99.81265006385696,11772
"(0.8904991948470209, 1.0)",1,99.81262939958592,11773
"(0.9444444444444444, 1.0)",1,99.8126148705096,11774
"(0.9333333333333332, 1.0)",1,99.8126148705096,11775
"(0.9507101086048454, 1.0)",1,99.8126148705096,11776
"(0.8904991948470209, 1.0)",1,99.81257711692494,11777
"(1.0, 1.0)",1,99.81251960599786,11778
"(0.9696969696969696, 1.0)",1,99.8124620950708,11779
"(0.8791208791208792, 1.0)",2,99.8124542124542,11781
"(0.909722222222222, 1.0)",1,99.81241582491585,11782
"(1.0, 1.0)",1,99.8124098124098,11783
"(0.9444444444444444, 1.0)",2,99.8124098124098,11785
"(0.9206349206349206, 1.0)",2,99.8124098124098,11787
"(0.8888888888888888, 1.0)",1,99.8124098124098,11788
"(0.9696969696969696, 1.0)",3,99.8124098124098,11791
"(0.9841269841269842, 1.0)",1,99.8124098124098,11792
"(0.9466207660652104, 1.0)",1,99.81239436224205,11793
"(0.9135802469135802, 1.0)",1,99.8123897707231,11794
"(0.9740143369175628, 1.0)",1,99.81234087677264,11795
"(0.9589484126984128, 1.0)",1,99.8123005616388,11796
"(0.8425925925925927, 1.0)",1,99.81228956228956,11797
"(0.919047619047619, 1.0)",1,99.81226551226553,11798
"(0.9465811965811968, 1.0)",2,99.81226355782808,11800
"(0.8666666666666667, 1.0)",2,99.81218915343916,11802
"(0.9192180611357128, 1.0)",1,99.81218714033388,11803
"(0.9466207660652104, 1.0)",1,99.8121525926947,11804
"(0.9333333333333332, 1.0)",1,99.8121212121212,11805
"(0.9023569023569024, 1.0)",1,99.81207912457911,11806
"(0.9047619047619048, 1.0)",1,99.812077294686,11807
"(0.9565217391304348, 1.0)",1,99.812077294686,11808
"(0.9168478260869564, 1.0)",1,99.81197399621313,11809
"(0.9230769230769232, 1.0)",13,99.81196581196582,11822
"(0.9047619047619048, 1.0)",8,99.81196581196582,11830
"(0.8888888888888888, 1.0)",6,99.81196581196582,11836
"(0.9841269841269842, 1.0)",1,99.81196581196582,11837
"(0.9444444444444444, 1.0)",3,99.81196581196582,11840
"(0.9521531100478468, 1.0)",1,99.8119541277436,11841
"(0.9565217391304348, 1.0)",1,99.81193299454168,11842
"(0.9333333333333332, 1.0)",8,99.81193299454168,11850
"(1.0, 1.0)",6,99.81193299454168,11856
"(0.8832772166105499, 1.0)",1,99.81184864518198,11857
"(0.9444444444444444, 1.0)",1,99.81184864518198,11858
"(0.9333333333333332, 1.0)",2,99.81184371184372,11860
"(1.0, 1.0)",1,99.81180223285486,11861
"(0.8421052631578948, 1.0)",1,99.81180223285486,11862
"(0.9696969696969696, 1.0)",2,99.81180223285486,11864
"(0.9589484126984128, 1.0)",1,99.81172302491748,11865
"(0.932852564102564, 1.0)",1,99.81166960611404,11866
"(0.9380032206119162, 1.0)",1,99.81166844427712,11867
"(0.875, 1.0)",5,99.81150793650794,11872
"(0.936026936026936, 1.0)",1,99.8114848114848,11873
"(0.9230769230769232, 1.0)",2,99.8113308913309,11875
"(0.9444444444444444, 1.0)",1,99.81131187652926,11876
"(0.9565217391304348, 1.0)",1,99.81131187652926,11877
"(0.9224211423699916, 1.0)",3,99.81131003125888,11880
"(0.9047619047619048, 1.0)",1,99.81131003125888,11881
"(0.9135802469135802, 1.0)",4,99.81128747795417,11885
"(0.9841269841269842, 1.0)",1,99.81128747795417,11886
"(1.0, 1.0)",1,99.81128747795417,11887
"(0.8547544409613376, 1.0)",1,99.81127618009177,11888
"(0.8547544409613373, 1.0)",2,99.81127618009177,11890
"(0.8864468864468864, 1.0)",2,99.81122259383127,11892
"(0.8270202020202021, 1.0)",2,99.8111471861472,11894
"(0.9696969696969696, 1.0)",1,99.8111471861472,11895
"(0.8904991948470209, 1.0)",1,99.81113411548192,11896
"(0.9333333333333332, 1.0)",1,99.8111111111111,11897
"(0.8952020202020202, 1.0)",1,99.81111038546383,11898
"(0.875, 1.0)",1,99.81102693602692,11899
"(0.936026936026936, 1.0)",1,99.81102693602692,11900
"(0.8904991948470209, 1.0)",1,99.81098981533763,11901
"(0.9523809523809524, 1.0)",2,99.81097020512344,11903
"(0.9523809523809524, 1.0)",1,99.81096681096682,11904
"(0.8888888888888888, 1.0)",10,99.81096681096682,11914
"(0.9047619047619048, 1.0)",4,99.81096681096682,11918
"(0.8109668109668109, 1.0)",21,99.81096681096682,11939
"(0.9841269841269842, 1.0)",1,99.81096681096682,11940
"(0.9696969696969696, 1.0)",3,99.81096681096682,11943
"(1.0, 1.0)",5,99.81096681096682,11948
"(0.8571428571428572, 1.0)",4,99.81096681096682,11952
"(0.9351258309591644, 1.0)",1,99.81093601614435,11953
"(0.8904991948470209, 1.0)",1,99.81090627314885,11954
"(0.8425925925925927, 1.0)",8,99.81084656084656,11962
"(0.9363636363636364, 1.0)",2,99.8108225108225,11964
"(0.919047619047619, 1.0)",1,99.8108225108225,11965
"(0.8266666666666667, 1.0)",8,99.81079365079364,11973
"(0.8883205456095482, 1.0)",1,99.81074168797954,11974
"(0.8542199488491048, 1.0)",1,99.81074168797954,11975
"(0.9507101086048454, 1.0)",1,99.8107389686337,11976
"(0.9047619047619048, 1.0)",1,99.8107389686337,11977
"(0.896551724137931, 1.0)",2,99.81069313827936,11979
"(0.9333333333333332, 1.0)",1,99.81067821067822,11980
"(0.9230769230769232, 1.0)",1,99.81067298714358,11981
"(0.9224211423699916, 1.0)",1,99.81051638046524,11982
"(0.8977777777777779, 1.0)",2,99.8104761904762,11984
"(0.8897707231040564, 1.0)",1,99.81040564373896,11985
"(0.9444444444444444, 1.0)",1,99.81040564373896,11986
"(0.9172932330827066, 1.0)",2,99.81032290872108,11988
"(0.9214340198321892, 1.0)",1,99.81032290872108,11989
"(0.9333333333333332, 1.0)",1,99.81031746031746,11990
"(0.89, 1.0)",1,99.81031063321386,11991
"(0.9841269841269842, 1.0)",1,99.81029185867897,11992
"(0.8817204301075269, 1.0)",5,99.81029185867897,11997
"(0.9444444444444444, 1.0)",3,99.81029185867897,12000
"(0.8867623604465709, 1.0)",1,99.8102832839675,12001
"(0.9333333333333332, 1.0)",1,99.81026215076558,12002
"(1.0, 1.0)",1,99.8102342102342,12003
"(0.9445350241545892, 1.0)",1,99.81021602773882,12004
"(0.9565217391304348, 1.0)",1,99.81021394064872,12005
"(0.8888888888888888, 1.0)",1,99.81017316017316,12006
"(0.9135802469135802, 1.0)",7,99.8101319710515,12013
"(1.0, 1.0)",1,99.8101319710515,12014
"(0.896551724137931, 1.0)",9,99.8101319710515,12023
"(0.9497685185185184, 1.0)",1,99.8100937025937,12024
"(0.8402777777777779, 1.0)",1,99.80997474747474,12025
"(0.9213117283950616, 1.0)",2,99.80995551924474,12027
"(0.9445350241545892, 1.0)",1,99.80995147747429,12028
"(0.875, 1.0)",2,99.80992063492064,12030
"(0.875, 1.0)",1,99.80983709273184,12031
"(0.9507101086048454, 1.0)",1,99.80983709273184,12032
"(0.9674603174603176, 1.0)",1,99.80975723622782,12033
"(0.936026936026936, 1.0)",1,99.80969215969216,12034
"(0.9224211423699916, 1.0)",2,99.80963918748276,12036
"(0.9507101086048454, 1.0)",1,99.80963918748276,12037
"(0.9023569023569024, 1.0)",1,99.8095887500922,12038
"(0.9023569023569024, 1.0)",1,99.8095608095608,12039
"(0.8888888888888888, 1.0)",4,99.8095238095238,12043
"(1.0, 1.0)",3,99.8095238095238,12046
"(0.9841269841269842, 1.0)",3,99.8095238095238,12049
"(0.8253968253968256, 1.0)",10,99.8095238095238,12059
"(0.9444444444444444, 1.0)",1,99.8095238095238,12060
"(0.9047619047619048, 1.0)",8,99.8095238095238,12068
"(0.8864468864468864, 1.0)",1,99.8095238095238,12069
"(0.8729166666666666, 1.0)",3,99.80951522435898,12072
"(0.8832772166105499, 1.0)",1,99.80949592543796,12073
"(0.9135802469135802, 1.0)",1,99.80949592543796,12074
"(0.8970659722222223, 1.0)",1,99.80945443501392,12075
"(0.9230769230769232, 1.0)",3,99.80944055944056,12078
"(0.8740392648287385, 1.0)",1,99.80942388021336,12079
"(0.9224211423699916, 1.0)",1,99.80941134514968,12080
"(0.9391865079365078, 1.0)",1,99.80938933751436,12081
"(0.8888888888888888, 1.0)",1,99.80937950937953,12082
"(0.9565217391304348, 1.0)",3,99.80933559194428,12085
"(0.9841269841269842, 1.0)",1,99.80933559194428,12086
"(1.0, 1.0)",2,99.80933559194428,12088
"(0.9206349206349206, 1.0)",1,99.8092959671907,12089
"(0.9047619047619048, 1.0)",1,99.8092959671907,12090
"(0.896551724137931, 1.0)",2,99.80925013683634,12092
"(0.8864468864468864, 1.0)",2,99.8092463092463,12094
"(0.9333333333333332, 1.0)",2,99.8092352092352,12096
"(0.9243650793650792, 1.0)",2,99.80921788088456,12098
"(0.9841269841269842, 1.0)",1,99.8090681248576,12099
"(0.8915343915343915, 1.0)",1,99.80906084656084,12100
"(0.9740143369175628, 1.0)",2,99.80905366554384,12102
"(0.8616898148148148, 1.0)",1,99.80891203703705,12103
"(0.9380032206119162, 1.0)",2,99.80889256518547,12105
"(0.8803174603174604, 1.0)",1,99.80888888888887,12106
"(0.904126984126984, 1.0)",3,99.80888888888887,12109
"(0.9019607843137254, 1.0)",1,99.80884549160166,12110
"(0.9841269841269842, 1.0)",1,99.8087912087912,12111
"(0.9674603174603176, 1.0)",3,99.80873015873016,12114
"(0.958531746031746, 1.0)",1,99.80872648442092,12115
"(0.883876357560568, 1.0)",1,99.80871295886776,12116
"(0.9109477124183006, 1.0)",1,99.80865494345886,12117
"(0.8740392648287385, 1.0)",1,99.80862921191869,12118
"(1.0, 1.0)",1,99.80861409122278,12119
"(0.8589726631393297, 1.0)",1,99.80860229276897,12120
"(0.9047619047619048, 1.0)",1,99.80858585858586,12121
"(0.8547544409613373, 1.0)",3,99.80857839478529,12124
"(0.9023569023569024, 1.0)",2,99.8085618085618,12126
"(0.8864468864468864, 1.0)",2,99.8085248085248,12128
"(0.9333333333333332, 1.0)",1,99.80851370851371,12129
"(0.896551724137931, 1.0)",1,99.8084564860427,12130
"(0.9674603174603176, 1.0)",1,99.80844155844156,12131
"(0.9565217391304348, 1.0)",3,99.80837359098228,12134
"(0.8518518518518519, 1.0)",2,99.80837359098228,12136
"(0.9194577352472088, 1.0)",1,99.8083466241361,12137
"(0.875, 1.0)",7,99.80833333333334,12144
"(0.9333333333333332, 1.0)",2,99.80833333333334,12146
"(0.8083333333333333, 1.0)",1,99.80833333333334,12147
"(0.9521531100478468, 1.0)",1,99.8082969661917,12148
"(0.8731060606060606, 1.0)",2,99.80825156325156,12150
"(0.8796296296296295, 1.0)",1,99.80820105820106,12151
"(0.8888888888888888, 1.0)",1,99.80819444444444,12152
"(0.9230769230769232, 1.0)",1,99.8081700907788,12153
"(0.9565217391304348, 1.0)",3,99.8081700907788,12156
"(0.8675136116152449, 1.0)",1,99.80816233487266,12157
"(0.9224211423699916, 1.0)",1,99.80813542808428,12158
"(0.8686868686868687, 1.0)",1,99.8080808080808,12159
"(0.900854700854701, 1.0)",4,99.80805860805862,12163
"(0.9135802469135802, 1.0)",2,99.80805292399496,12165
"(0.8904991948470209, 1.0)",2,99.80795951230732,12167
"(0.8817204301075269, 1.0)",1,99.80793913893493,12168
"(0.9047619047619048, 1.0)",1,99.80793650793652,12169
"(0.9841269841269842, 1.0)",1,99.80793650793652,12170
"(0.919047619047619, 1.0)",2,99.80793650793652,12172
"(1.0, 1.0)",1,99.8079365079365,12173
"(0.8571428571428572, 1.0)",2,99.8078529657477,12175
"(0.8888888888888888, 1.0)",2,99.8078529657477,12177
"(0.9696969696969696, 1.0)",2,99.8077922077922,12179
"(0.9333333333333332, 1.0)",1,99.8077922077922,12180
"(0.9023569023569024, 1.0)",2,99.80776815776817,12182
"(0.8616898148148148, 1.0)",1,99.80775462962964,12183
"(0.8345959595959597, 1.0)",1,99.8077441077441,12184
"(0.9142520753512132, 1.0)",1,99.80772079038064,12185
"(0.8833628057765988, 1.0)",1,99.80756314247694,12186
"(0.909722222222222, 1.0)",1,99.8075,12187
"(0.9109477124183006, 1.0)",1,99.80749943655624,12188
"(0.9380032206119162, 1.0)",1,99.80749175676712,12189
"(0.8536155202821869, 1.0)",1,99.80743947410612,12190
"(0.9065438871473354, 1.0)",1,99.80740367550712,12191
"(0.9202401372212692, 1.0)",1,99.8073930729962,12192
"(1.0, 1.0)",1,99.8073593073593,12193
"(0.8686868686868687, 1.0)",2,99.8073593073593,12195
"(0.9386724386724388, 1.0)",1,99.8073593073593,12196
"(0.9565217391304348, 1.0)",2,99.80731538992409,12198
"(0.9841269841269842, 1.0)",1,99.80731538992409,12199
"(1.0, 1.0)",2,99.8073038073038,12201
"(0.8376068376068376, 1.0)",3,99.8073038073038,12204
"(0.9696969696969696, 1.0)",1,99.8073038073038,12205
"(0.9019607843137254, 1.0)",1,99.8072385620915,12206
"(0.9, 1.0)",2,99.8072039072039,12208
"(0.9142520753512132, 1.0)",2,99.80719767720306,12210
"(0.9444444444444444, 1.0)",1,99.80718954248366,12211
"(0.8627450980392157, 1.0)",5,99.80718954248366,12216
"(1.0, 1.0)",1,99.8071710897798,12217
"(0.904126984126984, 1.0)",1,99.80715728715728,12218
"(0.9172932330827066, 1.0)",1,99.80714830554648,12219
"(0.9230769230769232, 1.0)",3,99.8071203650151,12222
"(0.8864468864468864, 1.0)",4,99.8070818070818,12226
"(0.8373015873015873, 1.0)",7,99.80699855699856,12233
"(0.9841269841269842, 1.0)",1,99.80699855699856,12234
"(0.9333333333333332, 1.0)",1,99.80699855699856,12235
"(0.8504594820384294, 1.0)",1,99.80698122116888,12236
"(0.9023569023569024, 1.0)",1,99.80697450697453,12237
"(0.8864468864468864, 1.0)",1,99.80693750693752,12238
"(0.9445350241545892, 1.0)",1,99.80693581780538,12239
"(0.9696969696969696, 1.0)",1,99.8069153069153,12240
"(0.9696969696969696, 1.0)",1,99.80689741709232,12241
"(0.896551724137931, 1.0)",3,99.80689741709232,12244
"(1.0, 1.0)",1,99.80689741709232,12245
"(0.936026936026936, 1.0)",1,99.80689096478572,12246
"(0.9213117283950616, 1.0)",1,99.80688712522046,12247
"(0.9135802469135802, 1.0)",2,99.80679814013148,12249
"(0.9465811965811968, 1.0)",2,99.80676142697882,12251
"(0.9497685185185184, 1.0)",2,99.80669062419062,12253
"(0.8977777777777779, 1.0)",1,99.80668046928916,12254
"(0.8686868686868687, 1.0)",2,99.8066378066378,12256
"(1.0, 1.0)",2,99.8066378066378,12258
"(0.9841269841269842, 1.0)",5,99.8066378066378,12263
"(0.9135802469135802, 1.0)",3,99.80660992255196,12266
"(0.85, 1.0)",1,99.80652173913045,12267
"(0.8817204301075269, 1.0)",1,99.80649613749192,12268
"(1.0, 1.0)",1,99.80649613749192,12269
"(0.8465418823841762, 1.0)",1,99.80649558608788,12270
"(0.9142520753512132, 1.0)",1,99.80647429757344,12271
"(0.9363636363636364, 1.0)",2,99.80646562240764,12273
"(0.9224211423699916, 1.0)",1,99.80646458430816,12274
"(0.8771929824561403, 1.0)",2,99.806388384755,12276
"(0.9841269841269842, 1.0)",1,99.80637743898612,12277
"(0.9135802469135802, 1.0)",1,99.80635413968749,12278
"(0.8832772166105499, 1.0)",1,99.80635413968749,12279
"(0.9230769230769232, 1.0)",3,99.80635413968749,12282
"(0.8063492063492064, 1.0)",2,99.8063492063492,12284
"(0.9047619047619048, 1.0)",2,99.8063492063492,12286
"(0.9841269841269842, 1.0)",1,99.8063492063492,12287
"(0.9666666666666668, 1.0)",1,99.8063492063492,12288
"(0.9333333333333332, 1.0)",1,99.8063492063492,12289
"(0.8888888888888888, 1.0)",10,99.8063492063492,12299
"(0.8498168498168498, 1.0)",1,99.80633858894728,12300
"(0.909722222222222, 1.0)",3,99.80627394636016,12303
"(0.9841269841269842, 1.0)",1,99.80621693121694,12304
"(0.8675136116152449, 1.0)",1,99.80618605028768,12305
"(0.9047619047619048, 1.0)",1,99.8061821219716,12306
"(0.9172932330827066, 1.0)",1,99.8061821219716,12307
"(0.9135802469135802, 1.0)",1,99.80607663940998,12308
"(0.9565217391304348, 1.0)",2,99.80607315389923,12310
"(1.0, 1.0)",1,99.8060606060606,12311
"(0.9333333333333332, 1.0)",1,99.8060606060606,12312
"(0.9696969696969696, 1.0)",1,99.80600448933782,12313
"(0.8731060606060606, 1.0)",1,99.80597643097644,12314
"(0.9047619047619048, 1.0)",1,99.80595427963848,12315
"(0.9333333333333332, 1.0)",1,99.8058682058682,12316
"(0.9351258309591644, 1.0)",1,99.80586381460036,12317
"(0.8376068376068376, 1.0)",1,99.8058608058608,12318
"(0.9841269841269842, 1.0)",1,99.8058608058608,12319
"(0.9565217391304348, 1.0)",4,99.80581737103476,12323
"(0.8729166666666666, 1.0)",1,99.80578703703704,12324
"(0.8883205456095482, 1.0)",2,99.80578086306988,12326
"(0.9047619047619048, 1.0)",3,99.8057280883368,12329
"(0.9444444444444444, 1.0)",1,99.8057280883368,12330
"(0.9224211423699916, 1.0)",1,99.80569835898056,12331
"(0.9521531100478468, 1.0)",1,99.8056884635832,12332
"(0.8518518518518519, 1.0)",1,99.8056758056758,12333
"(0.9841269841269842, 1.0)",5,99.8056758056758,12338
"(0.9696969696969696, 1.0)",3,99.8056758056758,12341
"(1.0, 1.0)",1,99.80564263322884,12342
"(0.900854700854701, 1.0)",2,99.8056166056166,12344
"(0.9444444444444444, 1.0)",1,99.80556113992648,12345
"(0.8055555555555555, 1.0)",11,99.80555555555556,12356
"(0.8373015873015873, 1.0)",2,99.80555555555556,12358
"(0.9333333333333332, 1.0)",1,99.80555555555556,12359
"(0.8547544409613373, 1.0)",1,99.805548091755,12360
"(0.9243650793650792, 1.0)",1,99.80553791887124,12361
"(0.919047619047619, 1.0)",1,99.8055315055315,12362
"(0.896551724137931, 1.0)",1,99.8055153095721,12363
"(0.9444444444444444, 1.0)",1,99.8054723054723,12364
"(0.896551724137931, 1.0)",2,99.80545441564932,12366
"(0.9023569023569024, 1.0)",1,99.8054479633427,12367
"(0.9674603174603176, 1.0)",2,99.80541125541126,12369
"(0.9023569023569024, 1.0)",2,99.8053872053872,12371
"(0.9135802469135802, 1.0)",1,99.80535513868848,12372
"(0.9386724386724388, 1.0)",1,99.8053391053391,12373
"(0.8053221288515406, 1.0)",10,99.80532212885154,12383
"(0.8817204301075269, 1.0)",5,99.80524135362845,12388
"(0.9592592592592591, 1.0)",1,99.80523540173238,12389
"(0.8487103174603176, 1.0)",1,99.80523205659075,12390
"(0.8686868686868687, 1.0)",1,99.8051948051948,12391
"(0.9333333333333332, 1.0)",1,99.80517202096148,12392
"(0.9168478260869564, 1.0)",1,99.8051229224503,12393
"(0.9565217391304348, 1.0)",1,99.80500658761528,12394
"(0.9696969696969696, 1.0)",1,99.80500658761528,12395
"(0.8833628057765988, 1.0)",1,99.8049440023578,12396
"(0.9507101086048454, 1.0)",1,99.80493907877585,12397
"(0.896551724137931, 1.0)",1,99.80492113250732,12398
"(0.9135802469135802, 1.0)",2,99.80491113824448,12400
"(0.9841269841269842, 1.0)",6,99.80491113824448,12406
"(0.9230769230769232, 1.0)",1,99.80491113824448,12407
"(0.9104993386243384, 1.0)",1,99.8049041005291,12408
"(0.8817204301075269, 1.0)",6,99.80479735318444,12414
"(0.9230769230769232, 1.0)",2,99.80479735318444,12416
"(0.9047619047619048, 1.0)",4,99.8047619047619,12420
"(0.9302579365079364, 1.0)",2,99.80472883597884,12422
"(0.8350168350168351, 1.0)",7,99.8047138047138,12429
"(0.9214340198321892, 1.0)",1,99.80471123644274,12430
"(0.9674603174603176, 1.0)",1,99.80465431254903,12431
"(0.8904991948470209, 1.0)",2,99.80464060898844,12433
"(0.9, 1.0)",1,99.8045340624288,12434
"(0.9444444444444444, 1.0)",1,99.8044733044733,12435
"(0.865079365079365, 1.0)",1,99.8044733044733,12436
"(0.8897707231040564, 1.0)",4,99.8044532627866,12440
"(0.9172932330827066, 1.0)",1,99.80445052024,12441
"(0.9003279610194903, 1.0)",1,99.80443471483213,12442
"(1.0, 1.0)",1,99.8042454621402,12443
"(0.8518518518518519, 1.0)",3,99.8042328042328,12446
"(0.9841269841269842, 1.0)",1,99.8042328042328,12447
"(0.8867623604465709, 1.0)",1,99.80422267790688,12448
"(0.896551724137931, 1.0)",4,99.80419963178583,12452
"(0.9841269841269842, 1.0)",1,99.80419963178583,12453
"(0.9696969696969696, 1.0)",1,99.80419963178583,12454
"(0.9214340198321892, 1.0)",1,99.80417446779003,12455
"(0.9466207660652104, 1.0)",1,99.80416069454655,12456
"(0.9224211423699916, 1.0)",1,99.80414157247752,12457
"(0.8343943638061285, 1.0)",1,99.8040913335031,12458
"(0.8904991948470209, 1.0)",1,99.8040794417606,12459
"(0.883876357560568, 1.0)",1,99.80403027771447,12460
"(0.89, 1.0)",1,99.80400871459696,12461
"(0.9444444444444444, 1.0)",1,99.8039923039923,12462
"(0.8977777777777779, 1.0)",2,99.80398268398268,12464
"(0.9696969696969696, 1.0)",1,99.80398268398268,12465
"(0.9109477124183006, 1.0)",2,99.80397738805668,12467
"(0.8373015873015873, 1.0)",1,99.80396825396824,12468
"(0.9407729468599032, 1.0)",1,99.80394974168992,12469
"(0.8991666666666667, 1.0)",1,99.80392857142856,12470
"(0.8864468864468864, 1.0)",1,99.8039072039072,12471
"(0.9466207660652104, 1.0)",1,99.8038745944128,12472
"(0.9327096052096052, 1.0)",1,99.80384469118844,12473
"(0.9230769230769232, 1.0)",3,99.8038014616962,12476
"(0.8817204301075269, 1.0)",7,99.80379835218544,12483
"(1.0, 1.0)",1,99.80379835218544,12484
"(0.9135802469135802, 1.0)",2,99.80376783710116,12486
"(0.9363636363636364, 1.0)",2,99.80376783710116,12488
"(0.896551724137931, 1.0)",6,99.80375563134184,12494
"(0.9230769230769232, 1.0)",2,99.80375563134184,12496
"(0.8498168498168498, 1.0)",4,99.8036408036408,12500
"(0.8339307048984469, 1.0)",5,99.80362767459542,12505
"(0.9841269841269842, 1.0)",1,99.80357142857144,12506
"(0.9444444444444444, 1.0)",3,99.80357142857144,12509
"(0.9507101086048454, 1.0)",1,99.8035239614187,12510
"(0.896551724137931, 1.0)",2,99.80347813106434,12512
"(0.9248366013071896, 1.0)",1,99.80343626251556,12513
"(0.9135802469135802, 1.0)",2,99.80343531937734,12515
"(0.8627450980392157, 1.0)",1,99.80339382129664,12516
"(0.9565217391304348, 1.0)",6,99.80339382129664,12522
"(0.9841269841269842, 1.0)",1,99.80339382129664,12523
"(1.0, 1.0)",1,99.80337536859275,12524
"(0.8468468468468467, 1.0)",7,99.80336858597728,12531
"(1.0, 1.0)",1,99.80336858597728,12532
"(0.9565217391304348, 1.0)",2,99.80336858597728,12534
"(0.8897707231040564, 1.0)",1,99.80335097001765,12535
"(0.8350168350168351, 1.0)",3,99.8032708032708,12538
"(0.8666666666666667, 1.0)",1,99.80326522435897,12539
"(0.9333333333333332, 1.0)",1,99.8031746031746,12540
"(0.9214340198321892, 1.0)",1,99.80315444993973,12541
"(0.9351258309591644, 1.0)",2,99.80310422602088,12543
"(0.8791208791208792, 1.0)",1,99.80310293571164,12544
"(0.9466207660652104, 1.0)",1,99.80306663501108,12545
"(0.9696969696969696, 1.0)",3,99.80303030303033,12548
"(0.9841269841269842, 1.0)",1,99.80303030303033,12549
"(0.865079365079365, 1.0)",1,99.80303030303033,12550
"(1.0, 1.0)",1,99.80303030303033,12551
"(0.9047619047619048, 1.0)",4,99.80303030303033,12555
"(0.8333333333333334, 1.0)",1,99.80303030303033,12556
"(0.8817204301075269, 1.0)",1,99.8030047013918,12557
"(0.9466207660652104, 1.0)",1,99.80292220639444,12558
"(0.9696969696969696, 1.0)",1,99.80284208545078,12559
"(0.9213117283950616, 1.0)",2,99.80282958553792,12561
"(0.9243650793650792, 1.0)",1,99.802791005291,12562
"(0.833064949006978, 1.0)",1,99.80276191870396,12563
"(0.896551724137931, 1.0)",2,99.80275663034284,12565
"(0.9264176245210728, 1.0)",1,99.80273432682924,12566
"(0.9230769230769232, 1.0)",2,99.80267558528428,12568
"(0.9696969696969696, 1.0)",1,99.80261233019854,12569
"(0.9363636363636364, 1.0)",1,99.80260759771627,12570
"(0.8518518518518519, 1.0)",1,99.8025619604567,12571
"(0.9507101086048454, 1.0)",2,99.8025619604567,12573
"(0.9565217391304348, 1.0)",1,99.80255348516218,12574
"(0.9444444444444444, 1.0)",1,99.80255348516218,12575
"(0.8487103174603176, 1.0)",3,99.80253427128427,12578
"(0.9465811965811968, 1.0)",1,99.80248397435898,12579
"(1.0, 1.0)",1,99.80246913580248,12580
"(0.9047619047619048, 1.0)",5,99.80246913580248,12585
"(0.9841269841269842, 1.0)",2,99.80246913580248,12587
"(0.9135802469135802, 1.0)",17,99.80246913580248,12604
"(0.8888888888888888, 1.0)",5,99.80246913580248,12609
"(0.9666666666666668, 1.0)",1,99.802442002442,12610
"(0.9465811965811968, 1.0)",1,99.80243708452042,12611
"(0.9172932330827066, 1.0)",2,99.80238640078456,12613
"(0.8817204301075269, 1.0)",2,99.80235535074245,12615
"(0.9841269841269842, 1.0)",2,99.80235535074245,12617
"(0.8991666666666667, 1.0)",1,99.80234126984126,12618
"(0.9109477124183006, 1.0)",1,99.8022786037492,12619
"(0.948045267489712, 1.0)",1,99.80224252278072,12620
"(0.9135802469135802, 1.0)",1,99.80224129346936,12621
"(0.8791208791208792, 1.0)",3,99.8021978021978,12624
"(0.9230769230769232, 1.0)",1,99.8021978021978,12625
"(0.8498168498168499, 1.0)",7,99.8021978021978,12632
"(0.8498168498168498, 1.0)",4,99.8021978021978,12636
"(0.8339307048984469, 1.0)",3,99.8021846731524,12639
"(0.8952380952380952, 1.0)",2,99.80218253968256,12641
"(0.9445350241545892, 1.0)",3,99.80213462619864,12644
"(1.0, 1.0)",1,99.80212058472928,12645
"(0.9740143369175628, 1.0)",1,99.80207701498024,12646
"(0.8666666666666667, 1.0)",1,99.80205439814814,12647
"(0.9696969696969696, 1.0)",1,99.80203130203132,12648
"(0.8686868686868687, 1.0)",2,99.8020202020202,12650
"(0.9333333333333332, 1.0)",2,99.8020202020202,12652
"(0.9841269841269842, 1.0)",2,99.80201526221016,12654
"(0.8498168498168498, 1.0)",1,99.80196995986468,12655
"(0.9047619047619048, 1.0)",1,99.80193236714976,12656
"(0.9841269841269842, 1.0)",2,99.80193236714976,12658
"(0.9565217391304348, 1.0)",1,99.80193236714976,12659
"(0.9696969696969696, 1.0)",1,99.80189274239618,12660
"(0.9243650793650792, 1.0)",1,99.80171274961596,12661
"(0.900854700854701, 1.0)",1,99.8017094017094,12662
"(0.9172932330827066, 1.0)",1,99.80169021587784,12663
"(0.9243650793650792, 1.0)",1,99.8016798941799,12664
"(0.9230769230769232, 1.0)",4,99.80167658428527,12668
"(0.9171090534979424, 1.0)",1,99.8016532130421,12669
"(0.8622222222222222, 1.0)",1,99.80161616161617,12670
"(0.8333333333333334, 1.0)",1,99.8015873015873,12671
"(0.9444444444444444, 1.0)",2,99.8015873015873,12673
"(0.9333333333333332, 1.0)",1,99.8015873015873,12674
"(0.9047619047619048, 1.0)",1,99.8015873015873,12675
"(0.865079365079365, 1.0)",1,99.8015873015873,12676
"(0.9841269841269842, 1.0)",1,99.8015873015873,12677
"(1.0, 1.0)",4,99.8015873015873,12681
"(0.8571428571428572, 1.0)",3,99.8015873015873,12684
"(0.8952380952380952, 1.0)",1,99.80158108352552,12685
"(0.8952380952380952, 1.0)",1,99.80154151404152,12686
"(0.9740143369175628, 1.0)",1,99.80143462514934,12687
"(0.9333333333333332, 1.0)",1,99.80142021720968,12688
"(0.9841269841269842, 1.0)",1,99.8013594592542,12689
"(0.8013468013468013, 1.0)",1,99.8013468013468,12690
"(0.883876357560568, 1.0)",2,99.80133667502088,12692
"(0.833064949006978, 1.0)",6,99.80131891726094,12698
"(0.9047619047619048, 1.0)",2,99.80131362889983,12700
"(0.9206349206349206, 1.0)",1,99.80131362889983,12701
"(0.896551724137931, 1.0)",11,99.80131362889983,12712
"(1.0, 1.0)",2,99.80131362889983,12714
"(0.9696969696969696, 1.0)",1,99.8012987012987,12715
"(0.9841269841269842, 1.0)",2,99.80128730918204,12717
"(0.9696969696969696, 1.0)",1,99.8012187088274,12718
"(0.9565217391304348, 1.0)",1,99.8012187088274,12719
"(0.875, 1.0)",2,99.8012187088274,12721
"(0.9224211423699916, 1.0)",3,99.80120902115787,12724
"(0.8791208791208792, 1.0)",2,99.8011988011988,12726
"(0.8170426065162907, 1.0)",25,99.80116959064328,12751
"(0.875, 1.0)",1,99.80115596963424,12752
"(0.8487103174603176, 1.0)",1,99.80109126984128,12753
"(0.9841269841269842, 1.0)",1,99.8009944162118,12754
"(0.9444444444444444, 1.0)",1,99.8008547008547,12755
"(0.9230769230769232, 1.0)",2,99.8008547008547,12757
"(0.9214340198321892, 1.0)",1,99.8008532117514,12758
"(0.9027274557165862, 1.0)",2,99.80077038500951,12760
"(0.9243650793650792, 1.0)",1,99.80074353009698,12761
"(0.8952020202020202, 1.0)",1,99.80070099139544,12762
"(0.9841269841269842, 1.0)",3,99.80069603599016,12765
"(0.9841269841269842, 1.0)",1,99.80067758328627,12766
"(0.9264176245210728, 1.0)",1,99.80067508002853,12767
"(0.8468468468468467, 1.0)",6,99.8006708006708,12773
"(0.9696969696969696, 1.0)",1,99.8006708006708,12774
"(0.9168478260869564, 1.0)",1,99.80060678666044,12775
"(0.9172932330827066, 1.0)",1,99.80057044969324,12776
"(0.9135802469135802, 1.0)",3,99.80057044969324,12779
"(0.9465811965811968, 1.0)",1,99.80055886142844,12780
"(1.0, 1.0)",6,99.8005199781062,12786
"(0.8271652864044169, 1.0)",1,99.80049861973777,12787
"(0.9589484126984128, 1.0)",1,99.80043728602551,12788
"(0.8791208791208792, 1.0)",1,99.80040515040515,12789
"(0.9407679738562092, 1.0)",1,99.80033338604258,12790
"(0.9465811965811968, 1.0)",1,99.80028178356368,12791
"(0.8622222222222222, 1.0)",1,99.80017316017316,12792
"(0.9135802469135802, 1.0)",1,99.80008818342152,12793
"(0.9023569023569024, 1.0)",2,99.80006413339748,12795
"(0.9351258309591644, 1.0)",1,99.80003122548412,12796
"(0.8864468864468864, 1.0)",3,99.80002713336046,12799
"(0.9248366013071896, 1.0)",3,99.80001697648756,12802
"(0.9230769230769232, 1.0)",1,99.80000574050916,12803
"(0.9333333333333332, 1.0)",2,99.8,12805
"(0.8, 1.0)",31,99.8,12836
"(0.9047619047619048, 1.0)",1,99.8,12837
"(0.9466207660652104, 1.0)",1,99.79998564193008,12838
"(0.9230769230769232, 1.0)",1,99.7999777999778,12839
"(0.9674603174603176, 1.0)",1,99.7999023851965,12840
"(0.9696969696969696, 1.0)",1,99.7999023851965,12841
"(0.9841269841269842, 1.0)",1,99.79988393249263,12842
"(0.919047619047619, 1.0)",1,99.7998556998557,12843
"(1.0, 1.0)",1,99.7998556998557,12844
"(0.9248366013071896, 1.0)",1,99.7998366013072,12845
"(0.875, 1.0)",1,99.7997757073844,12846
"(0.9224211423699916, 1.0)",1,99.79976601971488,12847
"(0.9243650793650792, 1.0)",1,99.79975529100528,12848
"(0.9306746031746032, 1.0)",1,99.7997222222222,12849
"(0.9507101086048454, 1.0)",2,99.79964278512372,12851
"(0.9213117283950616, 1.0)",1,99.79962099116828,12852
"(0.7996201329534663, 1.0)",34,99.79962013295346,12886
"(0.896551724137931, 1.0)",1,99.79958202716824,12887
"(0.9333333333333332, 1.0)",1,99.79958202716824,12888
"(0.8791208791208792, 1.0)",2,99.7995279574227,12890
"(0.8864468864468864, 1.0)",1,99.79949036470776,12891
"(0.8763636363636363, 1.0)",3,99.79944055944055,12894
"(0.9696969696969696, 1.0)",1,99.7994227994228,12895
"(0.8925865800865801, 1.0)",1,99.79936568061568,12896
"(0.9109477124183006, 1.0)",1,99.7993556008262,12897
"(0.8970659722222223, 1.0)",1,99.79931693007664,12898
"(0.9333333333333332, 1.0)",1,99.79929453262788,12899
"(0.9135802469135802, 1.0)",1,99.79929453262788,12900
"(0.9521531100478468, 1.0)",3,99.79927512383652,12903
"(0.8627450980392157, 1.0)",2,99.79925303454716,12905
"(0.8151260504201681, 1.0)",18,99.79925303454716,12923
"(0.9444444444444444, 1.0)",2,99.79923458184328,12925
"(0.9047619047619048, 1.0)",4,99.79923458184328,12929
"(0.8888888888888888, 1.0)",2,99.79923458184328,12931
"(0.9841269841269842, 1.0)",1,99.7992277992278,12932
"(0.8468468468468467, 1.0)",5,99.7992277992278,12937
"(0.9351258309591644, 1.0)",1,99.7992218348578,12938
"(0.9109477124183006, 1.0)",1,99.79920168067228,12939
"(0.8547544409613373, 1.0)",3,99.7991988854058,12942
"(0.8817204301075269, 1.0)",6,99.79918074756785,12948
"(0.9333333333333332, 1.0)",3,99.79918074756785,12951
"(0.9841269841269842, 1.0)",1,99.79918074756785,12952
"(0.8888888888888888, 1.0)",1,99.79917184265013,12953
"(0.8864468864468864, 1.0)",1,99.7991452991453,12954
"(0.9351258309591644, 1.0)",2,99.7991333784226,12956
"(0.9306746031746032, 1.0)",1,99.79905677655675,12957
"(0.8817204301075269, 1.0)",1,99.79901366319024,12958
"(1.0, 1.0)",1,99.7989417989418,12959
"(0.936026936026936, 1.0)",1,99.7989417989418,12960
"(0.9507101086048454, 1.0)",1,99.79892439431912,12961
"(0.8888888888888888, 1.0)",1,99.79886363636363,12962
"(0.9674603174603176, 1.0)",1,99.79884913433008,12963
"(0.932852564102564, 1.0)",1,99.79884513634514,12964
"(0.9248366013071896, 1.0)",1,99.79881865789794,12965
"(0.8666666666666667, 1.0)",1,99.79876322751323,12966
"(0.936026936026936, 1.0)",1,99.79875358136228,12967
"(0.9230769230769232, 1.0)",1,99.79875095664568,12968
"(0.8977777777777779, 1.0)",1,99.79874396135266,12969
"(0.9135802469135802, 1.0)",2,99.79867341461544,12971
"(0.8421052631578948, 1.0)",1,99.79862700228831,12972
"(0.909722222222222, 1.0)",4,99.79861111111111,12976
"(0.9363636363636364, 1.0)",2,99.79860928121798,12978
"(0.9841269841269842, 1.0)",2,99.79859067959757,12980
"(0.9507101086048454, 1.0)",1,99.79856273906616,12981
"(1.0, 1.0)",2,99.79852092352093,12983
"(0.9333333333333332, 1.0)",1,99.79850088183422,12984
"(0.8888888888888888, 1.0)",1,99.79849537037038,12985
"(0.8468468468468467, 1.0)",4,99.79843414843415,12989
"(0.9444444444444444, 1.0)",1,99.7984126984127,12990
"(0.9333333333333332, 1.0)",1,99.7984126984127,12991
"(0.7982954545454546, 1.0)",16,99.79829545454544,13007
"(0.9592592592592591, 1.0)",1,99.7982304526749,13008
"(0.8771929824561403, 1.0)",1,99.7981681915362,13009
"(0.896551724137931, 1.0)",3,99.79813902572523,13012
"(0.9333333333333332, 1.0)",1,99.79813902572523,13013
"(0.9565217391304348, 1.0)",2,99.79813664596271,13015
"(0.9230769230769232, 1.0)",4,99.79807692307692,13019
"(0.875, 1.0)",12,99.79807692307692,13031
"(0.9407729468599032, 1.0)",1,99.7980394939702,13032
"(0.9391865079365078, 1.0)",1,99.79799332611832,13033
"(0.9104993386243384, 1.0)",1,99.7979802754435,13034
"(0.9444444444444444, 1.0)",1,99.7979797979798,13035
"(0.9047619047619048, 1.0)",3,99.7979797979798,13038
"(0.9696969696969696, 1.0)",1,99.7979797979798,13039
"(0.896551724137931, 1.0)",3,99.79797194134764,13042
"(0.9172932330827066, 1.0)",1,99.79797194134764,13043
"(0.8750600325600326, 1.0)",1,99.797888026885,13044
"(0.9047619047619048, 1.0)",2,99.79779158040029,13046
"(0.8888888888888888, 1.0)",2,99.79779158040029,13048
"(0.9523809523809524, 1.0)",1,99.79779158040029,13049
"(1.0, 1.0)",1,99.79779158040029,13050
"(0.9565217391304348, 1.0)",1,99.79779158040029,13051
"(0.8731060606060606, 1.0)",1,99.79775673400673,13052
"(0.9465811965811968, 1.0)",1,99.79775002775004,13053
"(0.9, 1.0)",1,99.79770723104056,13054
"(0.9168478260869564, 1.0)",2,99.7976882819274,13056
"(0.8952020202020202, 1.0)",1,99.7976844595379,13057
"(0.900854700854701, 1.0)",1,99.7976800976801,13058
"(0.8888888888888888, 1.0)",1,99.79764899825383,13059
"(0.8468468468468467, 1.0)",1,99.7976404976405,13060
"(0.9507101086048454, 1.0)",1,99.79756373806715,13061
"(0.9047619047619048, 1.0)",1,99.7975357975358,13062
"(0.9696969696969696, 1.0)",1,99.7975357975358,13063
"(0.9230769230769232, 1.0)",1,99.7975357975358,13064
"(0.9333333333333332, 1.0)",2,99.79750298011167,13066
"(0.8642623716153127, 1.0)",1,99.79745681605976,13067
"(0.875, 1.0)",2,99.79742114236998,13069
"(0.9363636363636364, 1.0)",1,99.79741943792288,13070
"(0.8897707231040564, 1.0)",1,99.79741863075196,13071
"(0.9027274557165862, 1.0)",1,99.79741050414964,13072
"(0.896551724137931, 1.0)",1,99.79740642499264,13073
"(0.9841269841269842, 1.0)",1,99.79731057991928,13074
"(0.9351258309591644, 1.0)",1,99.79727860873696,13075
"(1.0, 1.0)",1,99.7972582972583,13076
"(0.8686868686868687, 1.0)",2,99.7972582972583,13078
"(0.9444444444444444, 1.0)",6,99.7972582972583,13084
"(0.9841269841269842, 1.0)",1,99.79717046238784,13085
"(0.875, 1.0)",3,99.79707792207792,13088
"(0.9019607843137254, 1.0)",1,99.79707073801742,13089
"(0.9230769230769232, 1.0)",1,99.79705897966768,13090
"(0.9333333333333332, 1.0)",2,99.79705897966768,13092
"(0.9674603174603176, 1.0)",1,99.79699792960662,13093
"(0.936026936026936, 1.0)",2,99.7969934548882,13095
"(0.9224211423699916, 1.0)",2,99.79688001682888,13097
"(0.9444444444444444, 1.0)",1,99.7967418546366,13098
"(0.8864468864468864, 1.0)",1,99.7967298402081,13099
"(0.8270202020202021, 1.0)",2,99.79671717171718,13101
"(0.9224211423699916, 1.0)",1,99.79665217449576,13102
"(0.9407729468599032, 1.0)",1,99.79655666119623,13103
"(0.896551724137931, 1.0)",2,99.79655172413791,13105
"(0.8888888888888888, 1.0)",3,99.7965367965368,13108
"(0.8571428571428572, 1.0)",3,99.7965367965368,13111
"(0.9047619047619048, 1.0)",1,99.7965367965368,13112
"(0.8425925925925927, 1.0)",2,99.79641654641654,13114
"(0.8266666666666667, 1.0)",1,99.79636363636364,13115
"(0.9027274557165862, 1.0)",1,99.7963385668277,13116
"(0.9135802469135802, 1.0)",1,99.7963206948714,13117
"(0.9565217391304348, 1.0)",3,99.7963206948714,13120
"(0.9351258309591644, 1.0)",1,99.79630129023806,13121
"(0.9166666666666666, 1.0)",1,99.79629727027168,13122
"(0.8518518518518519, 1.0)",5,99.7962962962963,13127
"(0.9444444444444444, 1.0)",3,99.7962962962963,13130
"(0.9047619047619048, 1.0)",1,99.7962962962963,13131
"(0.9333333333333332, 1.0)",1,99.7962481962482,13132
"(0.9841269841269842, 1.0)",1,99.79611226132964,13133
"(0.9047619047619048, 1.0)",2,99.7960927960928,13135
"(0.8888888888888888, 1.0)",1,99.7960927960928,13136
"(0.9230769230769232, 1.0)",6,99.7960927960928,13142
"(0.8675136116152449, 1.0)",1,99.79608504018668,13143
"(0.9333333333333332, 1.0)",1,99.79607843137256,13144
"(0.8627450980392157, 1.0)",1,99.79607843137256,13145
"(1.0, 1.0)",2,99.79605997866868,13147
"(0.9135802469135802, 1.0)",1,99.79597562930896,13148
"(0.9019607843137254, 1.0)",1,99.7959751212313,13149
"(0.9333333333333332, 1.0)",1,99.7959706959707,13150
"(0.919047619047619, 1.0)",1,99.7959484959485,13151
"(0.9047619047619048, 1.0)",1,99.79589289429106,13152
"(0.9444444444444444, 1.0)",3,99.79586184424896,13155
"(0.9230769230769232, 1.0)",1,99.7958041958042,13156
"(0.9243650793650792, 1.0)",3,99.79579195495862,13159
"(0.9565217391304348, 1.0)",2,99.79574344931989,13161
"(0.8991666666666667, 1.0)",1,99.7957183908046,13162
"(0.8867623604465709, 1.0)",2,99.79566505195795,13164
"(0.9841269841269842, 1.0)",1,99.79563973614316,13165
"(0.875, 1.0)",4,99.79563492063492,13169
"(0.9674603174603176, 1.0)",2,99.79559884559885,13171
"(0.9023569023569024, 1.0)",1,99.7955747955748,13172
"(0.8611111111111112, 1.0)",1,99.79551224611708,13173
"(0.8977777777777779, 1.0)",1,99.79548500881836,13174
"(0.8958964646464646, 1.0)",1,99.79546073479898,13175
"(0.9230769230769232, 1.0)",2,99.79545787545788,13177
"(0.9224211423699916, 1.0)",1,99.79543701538586,13178
"(0.9135802469135802, 1.0)",1,99.79541446208113,13179
"(0.8864468864468864, 1.0)",1,99.79541047188106,13180
"(0.8547544409613373, 1.0)",3,99.79540316421875,13183
"(0.9087026014109348, 1.0)",1,99.79538932155351,13184
"(0.909209656084656, 1.0)",1,99.7953633097383,13185
"(0.9135802469135802, 1.0)",6,99.7953006770211,13191
"(0.8817204301075269, 1.0)",1,99.7953006770211,13192
"(1.0, 1.0)",2,99.79527417027415,13194
"(0.9841269841269842, 1.0)",1,99.79523809523808,13195
"(0.9696969696969696, 1.0)",1,99.79515484515484,13196
"(0.875, 1.0)",1,99.79515392015392,13197
"(0.8858975827700768, 1.0)",1,99.79511583941496,13198
"(0.9264176245210728, 1.0)",1,99.79510551973335,13199
"(0.9841269841269842, 1.0)",1,99.7950937950938,13200
"(0.9206349206349206, 1.0)",1,99.7950937950938,13201
"(0.8888888888888888, 1.0)",5,99.7950937950938,13206
"(0.8253968253968256, 1.0)",8,99.7950937950938,13214
"(0.9047619047619048, 1.0)",2,99.7950937950938,13216
"(0.9047619047619048, 1.0)",8,99.7950937950938,13224
"(0.8109668109668109, 1.0)",34,99.7950937950938,13258
"(0.9696969696969696, 1.0)",3,99.7950937950938,13261
"(0.8870701058201058, 1.0)",1,99.7949938949939,13262
"(0.9019607843137254, 1.0)",1,99.79499039359334,13263
"(0.9364583333333332, 1.0)",2,99.79498802681992,13265
"(0.8425925925925927, 1.0)",8,99.79497354497354,13273
"(0.9364583333333332, 1.0)",2,99.79497134809634,13275
"(0.8888888888888888, 1.0)",1,99.79494949494948,13276
"(0.9740143369175628, 1.0)",1,99.7949435697218,13277
"(0.8611111111111112, 1.0)",1,99.79494026284348,13278
"(0.9444444444444444, 1.0)",1,99.79490557751429,13279
"(0.8686868686868687, 1.0)",1,99.79490557751429,13280
"(0.8504594820384294, 1.0)",1,99.79490392648287,13281
"(0.9565217391304348, 1.0)",1,99.79486867210652,13282
"(0.9206349206349206, 1.0)",1,99.79486595276067,13283
"(0.8686868686868687, 1.0)",1,99.7948428383211,13284
"(0.9444444444444444, 1.0)",1,99.79482012240632,13285
"(0.896551724137931, 1.0)",1,99.79482012240632,13286
"(0.9674603174603176, 1.0)",1,99.79481814481817,13287
"(0.9333333333333332, 1.0)",1,99.7948051948052,13288
"(0.8345959595959597, 1.0)",1,99.79478114478115,13289
"(0.9674603174603176, 1.0)",1,99.7947216526164,13290
"(0.9224211423699916, 1.0)",1,99.79464336459222,13291
"(1.0, 1.0)",1,99.79461697722569,13292
"(0.9565217391304348, 1.0)",3,99.79461697722569,13295
"(0.8888888888888888, 1.0)",1,99.7946127946128,13296
"(0.8977777777777779, 1.0)",1,99.79460317460315,13297
"(0.8883205456095482, 1.0)",1,99.79452545181444,13298
"(0.9666666666666668, 1.0)",1,99.7945054945055,13299
"(0.8571428571428572, 1.0)",1,99.7944647944648,13300
"(0.9444444444444444, 1.0)",1,99.79441884280594,13301
"(0.9696969696969696, 1.0)",1,99.79438495227969,13302
"(1.0, 1.0)",1,99.7943611943612,13303
"(0.8578431372549019, 1.0)",1,99.79435107376284,13304
"(0.9104993386243384, 1.0)",1,99.79434905372406,13305
"(0.8977777777777779, 1.0)",1,99.79432950191573,13306
"(0.8611111111111112, 1.0)",3,99.79430555555555,13309
"(0.9674603174603176, 1.0)",3,99.79430014430014,13312
"(0.9206349206349206, 1.0)",1,99.79430014430014,13313
"(0.8498168498168498, 1.0)",7,99.79426129426128,13320
"(1.0, 1.0)",1,99.79425895517848,13321
"(0.896551724137931, 1.0)",2,99.79425895517848,13323
"(0.9135802469135802, 1.0)",2,99.79425895517848,13325
"(0.9168478260869564, 1.0)",1,99.79423149180396,13326
"(0.8611111111111112, 1.0)",2,99.79421296296296,13328
"(0.9172932330827066, 1.0)",2,99.79419410998358,13330
"(0.9306746031746032, 1.0)",1,99.79418104439844,13331
"(0.8547544409613373, 1.0)",3,99.79414838035528,13334
"(0.8376068376068376, 1.0)",1,99.79412857673728,13335
"(0.9565217391304348, 1.0)",2,99.79412857673728,13337
"(0.8402777777777779, 1.0)",1,99.79410173160171,13338
"(0.8719806763285025, 1.0)",1,99.79405859840642,13339
"(0.883580779054917, 1.0)",2,99.794050864525,13341
"(0.9466207660652104, 1.0)",1,99.79404196572789,13342
"(0.9306746031746032, 1.0)",1,99.7939962842207,13343
"(0.8611111111111112, 1.0)",1,99.79398148148148,13344
"(0.9507101086048454, 1.0)",1,99.7939640768588,13345
"(0.875, 1.0)",1,99.7939640768588,13346
"(0.9135802469135802, 1.0)",2,99.79382716049383,13348
"(0.8373015873015873, 1.0)",2,99.79382332643202,13350
"(0.8750600325600326, 1.0)",2,99.79382326007324,13352
"(0.896551724137931, 1.0)",1,99.79372218652578,13353
"(0.9023569023569024, 1.0)",1,99.7936877936878,13354
"(0.9565217391304348, 1.0)",1,99.79367873418217,13355
"(0.9047619047619048, 1.0)",16,99.7936507936508,13371
"(0.8888888888888888, 1.0)",9,99.7936507936508,13380
"(0.9206349206349206, 1.0)",2,99.7936507936508,13382
"(0.9444444444444444, 1.0)",2,99.7936507936508,13384
"(0.8571428571428572, 1.0)",1,99.7936507936508,13385
"(1.0, 1.0)",1,99.7936285936286,13386
"(0.947088068181818, 1.0)",1,99.79357595007292,13387
"(0.9224211423699916, 1.0)",1,99.79353832927666,13388
"(0.8888888888888888, 1.0)",2,99.7935064935065,13390
"(0.8731060606060606, 1.0)",1,99.79347643097644,13391
"(0.8589726631393297, 1.0)",1,99.7934705263872,13392
"(0.9565217391304348, 1.0)",2,99.79346257607128,13394
"(0.9841269841269842, 1.0)",3,99.79346257607128,13397
"(0.8686868686868687, 1.0)",3,99.79346257607128,13400
"(0.9507101086048454, 1.0)",1,99.7934229513177,13401
"(0.9065438871473354, 1.0)",1,99.79337817833508,13402
"(0.896551724137931, 1.0)",1,99.79337712096331,13403
"(0.9841269841269842, 1.0)",2,99.79337712096331,13405
"(0.9243650793650792, 1.0)",1,99.79334656084656,13406
"(0.8266666666666667, 1.0)",1,99.79333333333334,13407
"(0.8883205456095482, 1.0)",1,99.79331249407976,13408
"(0.8469839324618735, 1.0)",1,99.79328022875816,13409
"(0.9444444444444444, 1.0)",1,99.79326494761276,13410
"(0.9523809523809524, 1.0)",1,99.79323370029016,13411
"(0.9565217391304348, 1.0)",1,99.79317890912094,13412
"(0.8571428571428572, 1.0)",1,99.7931697931698,13413
"(0.936026936026936, 1.0)",2,99.7931697931698,13415
"(0.9047619047619048, 1.0)",1,99.7931697931698,13416
"(1.0, 1.0)",1,99.7931697931698,13417
"(0.8487103174603176, 1.0)",1,99.79315476190476,13418
"(0.896551724137931, 1.0)",6,99.79310344827586,13424
"(0.8883205456095482, 1.0)",5,99.79308245037146,13429
"(0.8536155202821869, 1.0)",1,99.79300945967611,13430
"(0.8832772166105499, 1.0)",1,99.79299943883277,13431
"(0.8864468864468864, 1.0)",2,99.79299501294386,13433
"(0.932852564102564, 1.0)",1,99.7929279620812,13434
"(0.9696969696969696, 1.0)",1,99.79288537549408,13435
"(0.9666666666666668, 1.0)",1,99.79286259126076,13436
"(0.9674603174603176, 1.0)",1,99.79285714285714,13437
"(0.8469839324618735, 1.0)",1,99.7928172657952,13438
"(0.8897707231040564, 1.0)",1,99.79280102613436,13439
"(1.0, 1.0)",1,99.7927960927961,13440
"(0.808641975308642, 1.0)",1,99.79276895943562,13441
"(0.9243650793650792, 1.0)",1,99.79275132275131,13442
"(0.9172932330827066, 1.0)",1,99.7927511085406,13443
"(0.8791208791208792, 1.0)",1,99.79270112603446,13444
"(0.9109477124183006, 1.0)",2,99.79266814252584,13446
"(0.8402777777777779, 1.0)",3,99.79265873015872,13449
"(0.8864468864468864, 1.0)",2,99.7926517926518,13451
"(1.0, 1.0)",1,99.79262930052404,13452
"(0.9674603174603176, 1.0)",1,99.79255808603637,13453
"(0.8666666666666667, 1.0)",1,99.79251984126984,13454
"(0.9565217391304348, 1.0)",3,99.79250057510929,13457
"(0.9841269841269842, 1.0)",1,99.79250057510929,13458
"(1.0, 1.0)",1,99.79250057510929,13459
"(0.896551724137931, 1.0)",1,99.79246740266233,13460
"(0.875, 1.0)",2,99.79246031746032,13462
"(0.896551724137931, 1.0)",1,99.79240466346911,13463
"(0.9306746031746032, 1.0)",1,99.79240117349492,13464
"(0.9135802469135802, 1.0)",1,99.79236812570146,13465
"(0.9213117283950616, 1.0)",1,99.7923368606702,13466
"(0.8771929824561403, 1.0)",2,99.79232490367502,13468
"(0.9172932330827066, 1.0)",1,99.7922932330827,13469
"(0.9224211423699916, 1.0)",1,99.79226241221126,13470
"(0.9168478260869564, 1.0)",2,99.79226082706448,13472
"(0.9841269841269842, 1.0)",1,99.7922077922078,13473
"(0.8592532467532467, 1.0)",1,99.79212361712362,13474
"(0.9135802469135802, 1.0)",1,99.79209062542397,13475
"(0.8817204301075269, 1.0)",4,99.79206612306191,13479
"(0.8888888888888888, 1.0)",4,99.79206349206348,13483
"(0.8253968253968256, 1.0)",2,99.79206349206348,13485
"(0.9841269841269842, 1.0)",1,99.79206349206348,13486
"(0.8817204301075269, 1.0)",1,99.79200338386876,13487
"(0.8970659722222223, 1.0)",1,99.7919888117284,13488
"(0.9104993386243384, 1.0)",1,99.79198082010582,13489
"(0.8888888888888888, 1.0)",3,99.79197994987469,13492
"(0.9444444444444444, 1.0)",1,99.7919191919192,13493
"(1.0, 1.0)",1,99.7919191919192,13494
"(0.8729166666666666, 1.0)",1,99.79189814814816,13495
"(0.9565217391304348, 1.0)",1,99.79187936396174,13496
"(0.9589484126984128, 1.0)",2,99.79176698301698,13498
"(0.9230769230769232, 1.0)",4,99.7917637917638,13502
"(0.8686868686868687, 1.0)",2,99.7917637917638,13504
"(0.9172932330827066, 1.0)",3,99.79175210754158,13507
"(0.9213117283950616, 1.0)",1,99.79173551756884,13508
"(0.896551724137931, 1.0)",1,99.79170627718722,13509
"(0.9333333333333332, 1.0)",1,99.79169134958607,13510
"(0.8319664902998236, 1.0)",1,99.79168871252205,13511
"(0.932852564102564, 1.0)",3,99.79168447293448,13514
"(0.8952380952380952, 1.0)",1,99.7915878103378,13515
"(0.8350168350168351, 1.0)",9,99.79153857414728,13524
"(0.9243650793650792, 1.0)",1,99.7915275644308,13525
"(0.9230769230769232, 1.0)",3,99.79150342411212,13528
"(0.9507101086048454, 1.0)",1,99.79149894939368,13529
"(0.8686868686868687, 1.0)",3,99.7914862914863,13532
"(0.909722222222222, 1.0)",1,99.79144265232976,13533
"(0.8376068376068375, 1.0)",1,99.7914307914308,13534
"(0.9696969696969696, 1.0)",1,99.7914307914308,13535
"(0.9841269841269842, 1.0)",2,99.7914307914308,13537
"(0.8376068376068376, 1.0)",4,99.7914307914308,13541
"(0.9674603174603176, 1.0)",4,99.79138625732828,13545
"(0.9444444444444444, 1.0)",1,99.79135802469136,13546
"(0.9444444444444444, 1.0)",1,99.79131652661064,13547
"(1.0, 1.0)",2,99.79131652661064,13549
"(1.0, 1.0)",2,99.79129807390676,13551
"(0.8468468468468467, 1.0)",6,99.79129129129127,13557
"(0.9444444444444444, 1.0)",4,99.79129129129127,13561
"(1.0, 1.0)",1,99.79126984126984,13562
"(0.8864468864468864, 1.0)",1,99.7912087912088,13563
"(0.8309016086793863, 1.0)",1,99.79117938645716,13564
"(0.9047619047619048, 1.0)",2,99.79112554112554,13566
"(0.9224211423699916, 1.0)",1,99.79110801105686,13567
"(0.9023569023569024, 1.0)",1,99.7911014911015,13568
"(0.9230769230769232, 1.0)",1,99.79108026476447,13569
"(0.9444444444444444, 1.0)",1,99.79104229104227,13570
"(0.9696969696969696, 1.0)",1,99.79104229104227,13571
"(0.8774509803921569, 1.0)",1,99.79103122730574,13572
"(0.896551724137931, 1.0)",3,99.7910244012193,13575
"(0.9391865079365078, 1.0)",1,99.79099832333527,13576
"(0.9674603174603176, 1.0)",1,99.79095845674792,13577
"(0.9135802469135802, 1.0)",2,99.79092512425844,13579
"(0.9696969696969696, 1.0)",2,99.79092512425844,13581
"(0.9168478260869564, 1.0)",1,99.79091087723334,13582
"(0.9466207660652104, 1.0)",1,99.790851535296,13583
"(0.9243650793650792, 1.0)",2,99.79084656084656,13585
"(0.8977777777777779, 1.0)",1,99.79080745341616,13586
"(0.8622222222222222, 1.0)",1,99.79079365079366,13587
"(0.9523809523809524, 1.0)",1,99.79075029394474,13588
"(0.8527777777777779, 1.0)",1,99.79072871572872,13589
"(0.9696969696969696, 1.0)",2,99.79068462401796,13591
"(0.9248366013071896, 1.0)",1,99.7906840155417,13592
"(0.8817204301075269, 1.0)",1,99.7906840155417,13593
"(0.9589484126984128, 1.0)",1,99.79067680776016,13594
"(0.8817204301075269, 1.0)",1,99.79062312161892,13595
"(0.9444444444444444, 1.0)",1,99.7905982905983,13596
"(0.9230769230769232, 1.0)",2,99.7905982905983,13598
"(0.8675136116152449, 1.0)",1,99.79059053469216,13599
"(0.9135802469135802, 1.0)",2,99.79056437389772,13601
"(0.9230769230769232, 1.0)",3,99.79048112381446,13604
"(0.9135802469135802, 1.0)",1,99.79048112381446,13605
"(0.9047619047619048, 1.0)",2,99.7904761904762,13607
"(0.8888888888888888, 1.0)",2,99.7904761904762,13609
"(0.8571428571428572, 1.0)",2,99.7904761904762,13611
"(0.9333333333333332, 1.0)",3,99.7904761904762,13614
"(0.8498168498168498, 1.0)",4,99.79046557307429,13618
"(0.8498168498168499, 1.0)",1,99.79046557307429,13619
"(0.8864468864468864, 1.0)",1,99.79041514041516,13620
"(0.909722222222222, 1.0)",1,99.79040093048714,13621
"(0.9507101086048454, 1.0)",1,99.7903926482874,13622
"(0.8439484126984128, 1.0)",1,99.7903373015873,13623
"(0.9172932330827066, 1.0)",1,99.79030910609858,13624
"(0.9674603174603176, 1.0)",1,99.79023075042564,13625
"(0.9841269841269842, 1.0)",1,99.7901875901876,13626
"(0.9213117283950616, 1.0)",1,99.7901563122262,13627
"(0.9351258309591644, 1.0)",1,99.79014126305792,13628
"(0.9230769230769232, 1.0)",1,99.7901404151404,13629
"(0.9674603174603176, 1.0)",1,99.7901314734648,13630
"(0.8376068376068376, 1.0)",3,99.7899877899878,13633
"(0.9142520753512132, 1.0)",1,99.78994651979563,13634
"(0.9565217391304348, 1.0)",5,99.78985507246377,13639
"(0.9047619047619048, 1.0)",1,99.78985507246377,13640
"(1.0, 1.0)",1,99.7898027898028,13641
"(0.9841269841269842, 1.0)",1,99.7898027898028,13642
"(0.9696969696969696, 1.0)",1,99.7898027898028,13643
"(0.8518518518518519, 1.0)",3,99.7898027898028,13646
"(0.896551724137931, 1.0)",2,99.78976961735584,13648
"(0.8376068376068376, 1.0)",1,99.78975994765467,13649
"(0.9230769230769232, 1.0)",1,99.7897435897436,13650
"(0.900854700854701, 1.0)",6,99.7897435897436,13656
"(0.9333333333333332, 1.0)",1,99.78968253968254,13657
"(0.9674603174603176, 1.0)",1,99.78968253968252,13658
"(0.8055555555555555, 1.0)",5,99.78968253968252,13663
"(0.9565217391304348, 1.0)",1,99.78966685488425,13664
"(0.9565217391304348, 1.0)",1,99.78965157226028,13665
"(0.9264176245210728, 1.0)",2,99.7896408045977,13667
"(0.9333333333333332, 1.0)",1,99.78962148962148,13668
"(0.9444444444444444, 1.0)",2,99.7895992895993,13670
"(0.9230769230769232, 1.0)",2,99.7895992895993,13672
"(0.833064949006978, 1.0)",1,99.7895866881374,13673
"(0.9565217391304348, 1.0)",1,99.78958139977632,13674
"(0.896551724137931, 1.0)",1,99.7895813997763,13675
"(0.9565217391304348, 1.0)",2,99.7895813997763,13677
"(0.8423371647509579, 1.0)",1,99.78955938697318,13678
"(0.9135802469135802, 1.0)",1,99.78948212281546,13679
"(0.8053221288515406, 1.0)",7,99.78944911297852,13686
"(0.9213117283950616, 1.0)",3,99.789403659612,13689
"(0.9327096052096052, 1.0)",1,99.7893894993895,13690
"(0.8817204301075269, 1.0)",2,99.78936833775543,13692
"(0.9224211423699916, 1.0)",2,99.78935131364798,13694
"(0.9230769230769232, 1.0)",4,99.78932561691182,13698
"(0.9841269841269842, 1.0)",2,99.7893217893218,13700
"(0.8686868686868687, 1.0)",2,99.7893217893218,13702
"(0.9444444444444444, 1.0)",1,99.78928672918444,13703
"(0.9444444444444444, 1.0)",1,99.78924963924965,13704
"(0.8571428571428572, 1.0)",1,99.78923941798942,13705
"(0.9740143369175628, 1.0)",1,99.7892161437726,13706
"(0.936026936026936, 1.0)",1,99.78917565928435,13707
"(0.875, 1.0)",1,99.7891414141414,13708
"(0.9696969696969696, 1.0)",2,99.7891414141414,13710
"(0.9565217391304348, 1.0)",1,99.78913660964004,13711
"(0.9565217391304348, 1.0)",1,99.78913357174228,13712
"(0.9306746031746032, 1.0)",1,99.78909485221548,13713
"(0.9507101086048454, 1.0)",1,99.78909394698869,13714
"(0.9507101086048454, 1.0)",2,99.78906606290283,13716
"(0.9674603174603176, 1.0)",1,99.78906142167013,13717
"(0.9135802469135802, 1.0)",1,99.78903812237144,13718
"(0.9674603174603176, 1.0)",2,99.78900913900914,13720
"(0.9565217391304348, 1.0)",1,99.78893489763055,13721
"(0.8817204301075269, 1.0)",1,99.78892433731144,13722
"(0.9230769230769232, 1.0)",5,99.78892433731144,13727
"(0.9841269841269842, 1.0)",1,99.78892433731144,13728
"(0.8373015873015873, 1.0)",1,99.78888888888888,13729
"(0.8350168350168351, 1.0)",1,99.7888407888408,13730
"(0.9333333333333332, 1.0)",1,99.78880534670007,13731
"(0.909209656084656, 1.0)",1,99.78879338511284,13732
"(0.9841269841269842, 1.0)",1,99.7887445887446,13733
"(1.0, 1.0)",1,99.7887445887446,13734
"(0.883876357560568, 1.0)",7,99.78863826232248,13741
"(0.9047619047619048, 1.0)",1,99.78860028860028,13742
"(1.0, 1.0)",1,99.78858024691358,13743
"(0.9135802469135802, 1.0)",8,99.78858024691358,13751
"(0.875, 1.0)",4,99.78858024691358,13755
"(0.932852564102564, 1.0)",2,99.78857309614254,13757
"(0.9592592592592591, 1.0)",1,99.78854166666667,13758
"(0.9333333333333332, 1.0)",1,99.78839185505852,13759
"(0.9224211423699916, 1.0)",1,99.78838234166452,13760
"(0.8201193520886615, 1.0)",1,99.78837332034264,13761
"(0.8518518518518519, 1.0)",2,99.78835978835978,13763
"(0.8883205456095482, 1.0)",4,99.78832054560957,13767
"(0.9306746031746032, 1.0)",1,99.7883071737104,13768
"(0.9302579365079364, 1.0)",1,99.7883019179894,13769
"(0.9214340198321892, 1.0)",3,99.78830145191702,13772
"(0.9104993386243384, 1.0)",1,99.78827711640211,13773
"(0.9104993386243384, 1.0)",1,99.78825274993038,13774
"(0.9319444444444444, 1.0)",1,99.7882102599494,13775
"(0.8791208791208792, 1.0)",1,99.78808446455506,13776
"(0.8991666666666667, 1.0)",2,99.78805555555556,13778
"(0.875, 1.0)",1,99.78804347826087,13779
"(0.9047619047619048, 1.0)",3,99.78803912137246,13782
"(0.9696969696969696, 1.0)",2,99.78803912137246,13784
"(0.9135802469135802, 1.0)",1,99.78803912137246,13785
"(0.8897707231040564, 1.0)",3,99.78803912137246,13788
"(0.8373015873015873, 1.0)",2,99.78801169590643,13790
"(0.8817204301075269, 1.0)",2,99.78792533631244,13792
"(0.8281746031746032, 1.0)",1,99.78789682539684,13793
"(0.9135802469135802, 1.0)",1,99.78789482122816,13794
"(0.9230769230769232, 1.0)",1,99.78788261546882,13795
"(0.896551724137931, 1.0)",3,99.78788261546882,13798
"(0.9674603174603176, 1.0)",1,99.78784461152884,13799
"(0.8339307048984469, 1.0)",3,99.7877546587224,13802
"(0.9192180611357128, 1.0)",1,99.78774167490056,13803
"(0.8904991948470209, 1.0)",1,99.78773239642804,13804
"(0.8275809031622985, 1.0)",2,99.7877197920512,13806
"(0.875, 1.0)",1,99.7876984126984,13807
"(0.947088068181818, 1.0)",1,99.78764959745304,13808
"(0.8527777777777779, 1.0)",2,99.7876148705096,13810
"(0.936026936026936, 1.0)",1,99.78760796369492,13811
"(0.9674603174603176, 1.0)",1,99.78756613756612,13812
"(0.8642623716153127, 1.0)",1,99.7875262605042,13813
"(0.9565217391304348, 1.0)",1,99.7875208054236,13814
"(1.0, 1.0)",1,99.7875208054236,13815
"(0.9841269841269842, 1.0)",2,99.78750235271974,13817
"(0.8468468468468467, 1.0)",2,99.78749557010428,13819
"(0.9565217391304348, 1.0)",2,99.78749557010428,13821
"(0.8813492063492063, 1.0)",1,99.78734991859992,13822
"(0.8952020202020202, 1.0)",1,99.78725228475228,13823
"(0.9565217391304348, 1.0)",1,99.78724656985528,13824
"(0.9224211423699916, 1.0)",2,99.7872268347619,13826
"(0.9674603174603176, 1.0)",2,99.78718396817976,13828
"(0.8350168350168351, 1.0)",1,99.78716994506468,13829
"(0.865079365079365, 1.0)",1,99.78715728715729,13830
"(0.9444444444444444, 1.0)",4,99.78715728715729,13834
"(1.0, 1.0)",1,99.78715728715729,13835
"(0.9740143369175628, 1.0)",1,99.78713272316097,13836
"(0.896551724137931, 1.0)",5,99.78708896467518,13841
"(0.9407729468599032, 1.0)",2,99.78707462644648,13843
"(0.8817204301075269, 1.0)",1,99.78705953544664,13844
"(0.9565217391304348, 1.0)",1,99.78702135223875,13845
"(0.9465811965811968, 1.0)",1,99.78700178349877,13846
"(0.896551724137931, 1.0)",2,99.78688361446982,13848
"(0.9696969696969696, 1.0)",1,99.78688361446982,13849
"(0.9444444444444444, 1.0)",1,99.78686868686869,13850
"(0.9565217391304348, 1.0)",1,99.78680256941126,13851
"(0.8170426065162907, 1.0)",2,99.78673957621326,13853
"(1.0, 1.0)",1,99.78671237857772,13854
"(0.8518518518518519, 1.0)",3,99.78668894458367,13857
"(0.8888888888888888, 1.0)",1,99.78666666666666,13858
"(0.8977777777777779, 1.0)",1,99.78666666666666,13859
"(0.8487103174603176, 1.0)",1,99.78666125541125,13860
"(0.9589484126984128, 1.0)",1,99.78665953599776,13861
"(0.9507101086048454, 1.0)",1,99.78665577213673,13862
"(0.909722222222222, 1.0)",1,99.78662309912308,13863
"(0.8529040404040403, 1.0)",1,99.78661073096558,13864
"(0.8350168350168351, 1.0)",1,99.78660413660414,13865
"(0.9841269841269842, 1.0)",2,99.78659611992946,13867
"(0.8888888888888888, 1.0)",2,99.78659611992946,13869
"(0.9047619047619048, 1.0)",6,99.78659611992946,13875
"(0.9135802469135802, 1.0)",2,99.78659611992946,13877
"(0.9444444444444444, 1.0)",1,99.78654970760236,13878
"(0.8803174603174604, 1.0)",2,99.78652236652236,13880
"(0.9172932330827066, 1.0)",1,99.78651338491156,13881
"(0.9047619047619048, 1.0)",4,99.78648233486943,13885
"(0.8817204301075269, 1.0)",2,99.78648233486943,13887
"(0.9466207660652104, 1.0)",1,99.78646843631611,13888
"(0.9565217391304348, 1.0)",1,99.7864067966017,13889
"(0.896551724137931, 1.0)",1,99.78640261398884,13890
"(0.909722222222222, 1.0)",2,99.78639788150656,13892
"(0.8831018518518517, 1.0)",1,99.7863425925926,13893
"(0.8129629629629629, 1.0)",1,99.7863425925926,13894
"(0.9243650793650792, 1.0)",1,99.7863382594417,13895
"(0.8791208791208792, 1.0)",1,99.78632478632478,13896
"(0.958531746031746, 1.0)",1,99.78627218808673,13897
"(0.9841269841269842, 1.0)",1,99.78626602156014,13898
"(0.8627450980392157, 1.0)",1,99.78626602156014,13899
"(0.8468468468468467, 1.0)",2,99.78624078624078,13901
"(1.0, 1.0)",2,99.78624078624078,13903
"(0.9023569023569024, 1.0)",2,99.78623325991748,13905
"(0.9206349206349206, 1.0)",1,99.78618482966309,13906
"(0.9841269841269842, 1.0)",1,99.7861471861472,13907
"(0.896551724137931, 1.0)",1,99.78614224633716,13908
"(0.875, 1.0)",1,99.78611111111113,13909
"(0.8129629629629629, 1.0)",1,99.78611111111113,13910
"(0.9841269841269842, 1.0)",1,99.78605935127676,13911
"(0.9565217391304348, 1.0)",1,99.78605935127676,13912
"(0.9740143369175628, 1.0)",1,99.78605408776632,13913
"(0.8883205456095482, 1.0)",1,99.78602777665012,13914
"(0.9230769230769232, 1.0)",2,99.78599178599178,13916
"(0.9172932330827066, 1.0)",1,99.78598010176958,13917
"(0.9363636363636364, 1.0)",1,99.78591505113243,13918
"(0.9351258309591644, 1.0)",1,99.78588850152448,13919
"(0.904126984126984, 1.0)",7,99.78584741423452,13926
"(0.8627450980392157, 1.0)",5,99.78582202111612,13931
"(0.9230769230769232, 1.0)",6,99.78582202111612,13937
"(0.9230769230769232, 1.0)",2,99.78580356841226,13939
"(0.9444444444444444, 1.0)",2,99.78571428571428,13941
"(0.9841269841269842, 1.0)",1,99.78571428571428,13942
"(0.9047619047619048, 1.0)",2,99.78571428571428,13944
"(0.8015873015873017, 1.0)",1,99.78571428571428,13945
"(1.0, 1.0)",1,99.78571428571428,13946
"(0.8368686868686868, 1.0)",1,99.78558663558664,13947
"(0.865079365079365, 1.0)",1,99.78556998557,13948
"(1.0, 1.0)",1,99.785561730413,13949
"(0.9386724386724388, 1.0)",1,99.78551928551929,13950
"(0.8013468013468013, 1.0)",7,99.78547378547378,13957
"(0.9740143369175628, 1.0)",1,99.78546586197204,13958
"(0.833064949006978, 1.0)",3,99.78544590138792,13961
"(0.896551724137931, 1.0)",10,99.78544061302682,13971
"(0.8888888888888888, 1.0)",6,99.78544061302682,13977
"(0.9047619047619048, 1.0)",1,99.78544061302682,13978
"(0.875, 1.0)",3,99.7853456929544,13981
"(0.8791208791208792, 1.0)",1,99.78532578532578,13982
"(0.8170426065162907, 1.0)",2,99.78529657477026,13984
"(0.936026936026936, 1.0)",2,99.78523328523328,13986
"(0.8487103174603176, 1.0)",1,99.78521825396824,13987
"(0.896551724137931, 1.0)",6,99.78521277069372,13993
"(0.8518518518518519, 1.0)",1,99.78518518518518,13994
"(0.9333333333333332, 1.0)",1,99.78518518518518,13995
"(0.8925865800865801, 1.0)",2,99.78517917267916,13997
"(0.9224211423699916, 1.0)",2,99.7851662404092,13999
"(0.8977777777777779, 1.0)",1,99.78507936507935,14000
"(0.9565217391304348, 1.0)",2,99.78504925026664,14002
"(0.8666666666666667, 1.0)",1,99.78501322751322,14003
"(0.9507101086048454, 1.0)",1,99.78499582289056,14004
"(0.8675136116152449, 1.0)",1,99.78497392907556,14005
"(0.8504594820384294, 1.0)",1,99.78497126655022,14006
"(0.8817204301075269, 1.0)",1,99.78489503328213,14007
"(0.9333333333333332, 1.0)",1,99.78488095238096,14008
"(0.896551724137931, 1.0)",1,99.78487226974748,14009
"(0.9306746031746032, 1.0)",1,99.78486874236874,14010
"(1.0, 1.0)",1,99.78484254113545,14011
"(0.8151260504201681, 1.0)",4,99.78482302011712,14015
"(0.8627450980392157, 1.0)",3,99.78482302011712,14018
"(0.9696969696969696, 1.0)",1,99.78482302011712,14019
"(0.9172932330827066, 1.0)",1,99.78481460060408,14020
"(0.8817204301075269, 1.0)",3,99.78481149109332,14023
"(0.904126984126984, 1.0)",3,99.7848056923919,14026
"(0.9206349206349206, 1.0)",1,99.78480456741326,14027
"(0.9047619047619048, 1.0)",4,99.78480456741326,14031
"(0.8468468468468467, 1.0)",2,99.7847977847978,14033
"(0.9696969696969696, 1.0)",1,99.78478097600905,14034
"(0.9521531100478468, 1.0)",1,99.78476494265968,14035
"(0.8817204301075269, 1.0)",2,99.78475073313784,14037
"(0.909722222222222, 1.0)",4,99.78472222222224,14041
"(0.9135802469135802, 1.0)",1,99.78469743382024,14042
"(0.9565217391304348, 1.0)",1,99.78467724375652,14043
"(0.9172932330827066, 1.0)",2,99.78458646616542,14045
"(0.9230769230769232, 1.0)",1,99.7845487845488,14046
"(0.936026936026936, 1.0)",1,99.78451178451178,14047
"(0.8170426065162907, 1.0)",9,99.78450292397662,14056
"(0.875593542260209, 1.0)",1,99.7844962337716,14057
"(0.8803174603174604, 1.0)",1,99.78444444444445,14058
"(0.9171090534979424, 1.0)",2,99.78442386831276,14060
"(0.9248366013071896, 1.0)",1,99.78442146089203,14061
"(0.8666666666666667, 1.0)",1,99.78441137566138,14062
"(0.9104993386243384, 1.0)",2,99.7843691643324,14064
"(0.9047619047619048, 1.0)",1,99.78436056696928,14065
"(0.9230769230769232, 1.0)",1,99.78436056696928,14066
"(0.9135802469135802, 1.0)",1,99.78424340018545,14067
"(0.9696969696969696, 1.0)",1,99.7841810966811,14068
"(0.909722222222222, 1.0)",1,99.7841810966811,14069
"(0.8864468864468864, 1.0)",2,99.78415411748745,14071
"(0.8666666666666667, 1.0)",1,99.78414682539682,14072
"(0.8, 1.0)",20,99.78412698412698,14092
"(0.9, 1.0)",1,99.78412698412698,14093
"(0.9023569023569024, 1.0)",4,99.78407733246442,14097
"(0.8112794612794614, 1.0)",1,99.78405723905723,14098
"(0.9507101086048454, 1.0)",1,99.78404344193818,14099
"(0.865079365079365, 1.0)",1,99.78404344193818,14100
"(0.9841269841269842, 1.0)",1,99.78404344193818,14101
"(0.8502976190476191, 1.0)",1,99.7840341781874,14102
"(1.0, 1.0)",1,99.78401154401156,14103
"(0.9248366013071896, 1.0)",1,99.78396358543418,14104
"(0.9109477124183006, 1.0)",5,99.78396358543418,14109
"(0.8729166666666666, 1.0)",2,99.78390993265992,14111
"(0.875, 1.0)",1,99.7839026915114,14112
"(0.9224211423699916, 1.0)",2,99.78389300384184,14114
"(0.9047619047619048, 1.0)",1,99.7838827838828,14115
"(0.8791208791208792, 1.0)",1,99.7838827838828,14116
"(0.896551724137931, 1.0)",1,99.78385331143951,14117
"(0.8731060606060606, 1.0)",1,99.78377525252526,14118
"(0.896551724137931, 1.0)",1,99.78376976925072,14119
"(0.9224211423699916, 1.0)",1,99.78376568018513,14120
"(0.7996201329534663, 1.0)",13,99.78374711708044,14133
"(0.8791208791208792, 1.0)",1,99.78373848373847,14134
"(0.932852564102564, 1.0)",1,99.78373057654458,14135
"(0.8904991948470209, 1.0)",1,99.78371708806492,14136
"(0.9696969696969696, 1.0)",1,99.78370901129522,14137
"(0.8774509803921569, 1.0)",1,99.78370816925803,14138
"(0.9135802469135802, 1.0)",1,99.7836822329576,14139
"(0.8763636363636363, 1.0)",1,99.78356754356754,14140
"(0.8977777777777779, 1.0)",1,99.78349206349206,14141
"(0.932852564102564, 1.0)",1,99.78347263224542,14142
"(0.9224211423699916, 1.0)",1,99.78344900339783,14143
"(0.8616898148148148, 1.0)",1,99.78342013888889,14144
"(0.8888888888888888, 1.0)",1,99.78341384863124,14145
"(0.8791208791208792, 1.0)",1,99.7834017834018,14146
"(0.8151260504201681, 1.0)",3,99.78338001867414,14149
"(0.8686868686868687, 1.0)",1,99.7833694083694,14150
"(0.8888888888888888, 1.0)",3,99.78336156597028,14153
"(0.9047619047619048, 1.0)",1,99.78336156597028,14154
"(0.9841269841269842, 1.0)",1,99.78336156597028,14155
"(0.8468468468468467, 1.0)",1,99.78335478335478,14156
"(1.0, 1.0)",2,99.78332194121668,14158
"(0.8817204301075269, 1.0)",3,99.78330773169483,14161
"(0.9333333333333332, 1.0)",1,99.78330773169483,14162
"(0.8559368191721133, 1.0)",1,99.7832788671024,14163
"(0.9047619047619048, 1.0)",1,99.78327228327228,14164
"(0.8864468864468864, 1.0)",1,99.78327228327228,14165
"(0.865079365079365, 1.0)",1,99.78324979114451,14166
"(0.9841269841269842, 1.0)",1,99.78322061080682,14167
"(0.919047619047619, 1.0)",1,99.78321726582595,14168
"(0.8468468468468467, 1.0)",1,99.78321048321048,14169
"(0.8266666666666667, 1.0)",3,99.7831884057971,14172
"(0.9507101086048454, 1.0)",1,99.78315217634103,14173
"(0.8498168498168498, 1.0)",1,99.78315018315018,14174
"(0.9172932330827066, 1.0)",2,99.78314064731724,14176
"(0.875, 1.0)",1,99.78310904071772,14177
"(0.9230769230769232, 1.0)",2,99.78310578310578,14179
"(0.9696969696969696, 1.0)",1,99.78310578310578,14180
"(0.8791208791208792, 1.0)",1,99.78308913308912,14181
"(0.9696969696969696, 1.0)",1,99.78307296568168,14182
"(0.896551724137931, 1.0)",1,99.78305966064588,14183
"(0.8616898148148148, 1.0)",1,99.78303952991452,14184
"(0.8864468864468864, 1.0)",2,99.78299861058484,14186
"(0.947088068181818, 1.0)",1,99.7829939532849,14187
"(0.8897707231040564, 1.0)",1,99.78298861632194,14188
"(0.9230769230769232, 1.0)",1,99.78296148296148,14189
"(0.9841269841269842, 1.0)",1,99.78290588130405,14190
"(0.9230769230769232, 1.0)",1,99.78287794077268,14191
"(0.8883205456095482, 1.0)",1,99.7828455053519,14192
"(0.8611111111111112, 1.0)",1,99.78283068783068,14193
"(0.9841269841269842, 1.0)",1,99.78280039874242,14194
"(0.8897707231040564, 1.0)",1,99.78280039874242,14195
"(0.8883205456095482, 1.0)",1,99.78279322269093,14196
"(0.9615343915343916, 1.0)",1,99.78271164021164,14197
"(0.9003279610194903, 1.0)",2,99.78269106336916,14199
"(0.9230769230769232, 1.0)",1,99.78268972319316,14200
"(0.8817204301075269, 1.0)",1,99.78268661368242,14201
"(0.9565217391304348, 1.0)",1,99.78268661368242,14202
"(0.875, 1.0)",1,99.78264790764791,14203
"(0.900854700854701, 1.0)",1,99.78257513096224,14204
"(0.9523809523809524, 1.0)",1,99.78256854256854,14205
"(0.8468468468468467, 1.0)",3,99.78256113256114,14208
"(0.8611111111111112, 1.0)",2,99.78254928315413,14210
"(0.9444444444444444, 1.0)",1,99.78253968253968,14211
"(0.9333333333333332, 1.0)",1,99.78253968253968,14212
"(0.9841269841269842, 1.0)",2,99.78251408090118,14214
"(0.7982954545454546, 1.0)",5,99.78242243867244,14219
"(0.9841269841269842, 1.0)",1,99.78238428238429,14220
"(0.9135802469135802, 1.0)",8,99.78226711560043,14228
"(0.8686868686868687, 1.0)",1,99.78226711560043,14229
"(0.9841269841269842, 1.0)",1,99.7822660098522,14230
"(0.9565217391304348, 1.0)",1,99.78226363008972,14231
"(0.9230769230769232, 1.0)",3,99.78220390720392,14234
"(0.875, 1.0)",2,99.78220390720392,14236
"(0.8888888888888888, 1.0)",2,99.78210678210678,14238
"(0.9841269841269842, 1.0)",1,99.78210678210678,14239
"(0.9444444444444444, 1.0)",1,99.78210678210678,14240
"(0.932852564102564, 1.0)",1,99.78210294165255,14241
"(0.9087026014109348, 1.0)",1,99.7820559882202,14242
"(0.8487103174603176, 1.0)",1,99.78204365079364,14243
"(0.9248366013071896, 1.0)",2,99.78197945845004,14245
"(0.919047619047619, 1.0)",1,99.78196248196248,14246
"(0.8888888888888888, 1.0)",1,99.78191856452726,14247
"(0.8253968253968256, 1.0)",2,99.78191856452726,14249
"(0.9565217391304348, 1.0)",2,99.78191856452726,14251
"(0.9, 1.0)",1,99.78183421516756,14252
"(0.9565217391304348, 1.0)",2,99.78173034694774,14254
"(0.9507101086048454, 1.0)",1,99.78170917489804,14255
"(0.9841269841269842, 1.0)",1,99.78169072219416,14256
"(0.9507101086048454, 1.0)",1,99.78168393957868,14257
"(0.8468468468468467, 1.0)",1,99.78168393957868,14258
"(0.9696969696969696, 1.0)",2,99.7816627816628,14260
"(0.8888888888888888, 1.0)",1,99.7816627816628,14261
"(0.9230769230769232, 1.0)",5,99.7816627816628,14266
"(0.947088068181818, 1.0)",1,99.78165067529233,14267
"(0.896551724137931, 1.0)",1,99.7816448918398,14268
"(0.9047619047619048, 1.0)",1,99.781627983001,14269
"(0.9171090534979424, 1.0)",1,99.78161522633744,14270
"(0.9841269841269842, 1.0)",1,99.78154642204986,14271
"(0.900854700854701, 1.0)",6,99.78153340911962,14277
"(0.9230769230769232, 1.0)",1,99.78152500147384,14278
"(0.875, 1.0)",2,99.78152173913044,14280
"(0.9172932330827066, 1.0)",1,99.78146287986104,14281
"(0.9696969696969696, 1.0)",4,99.78146287986104,14285
"(0.8550741594067247, 1.0)",1,99.78141102909616,14286
"(0.9444444444444444, 1.0)",1,99.78138528138528,14287
"(0.8686868686868687, 1.0)",1,99.78138528138528,14288
"(0.9841269841269842, 1.0)",2,99.78138528138528,14290
"(0.875, 1.0)",1,99.78125718886588,14291
"(0.875, 1.0)",3,99.7812049062049,14294
"(0.8686868686868687, 1.0)",1,99.78118686868686,14295
"(0.9364583333333332, 1.0)",1,99.78115410052912,14296
"(0.9023569023569024, 1.0)",2,99.78114478114476,14298
"(0.8763636363636363, 1.0)",1,99.78112554112552,14299
"(0.9230769230769232, 1.0)",3,99.78110161443496,14302
"(0.9523809523809524, 1.0)",1,99.78107938515907,14303
"(0.875, 1.0)",1,99.7810606060606,14304
"(0.9264176245210728, 1.0)",1,99.78102741288086,14305
"(0.9172932330827066, 1.0)",1,99.78101887941703,14306
"(0.9674603174603176, 1.0)",1,99.7809990662932,14307
"(0.9214340198321892, 1.0)",1,99.78098606199292,14308
"(0.8864468864468864, 1.0)",1,99.78091956352826,14309
"(0.9230769230769232, 1.0)",1,99.78086913086914,14310
"(0.9142520753512132, 1.0)",1,99.7808689385288,14311
"(0.9049919484702094, 1.0)",1,99.7807495242278,14312
"(0.9171090534979424, 1.0)",2,99.78072737961628,14314
"(0.8977777777777779, 1.0)",1,99.78071428571428,14315
"(0.8791208791208792, 1.0)",1,99.7807081807082,14316
"(0.8109668109668109, 1.0)",1,99.7806637806638,14317
"(0.8888888888888888, 1.0)",1,99.7806637806638,14318
"(1.0, 1.0)",1,99.7806637806638,14319
"(0.8589726631393297, 1.0)",1,99.78059964726631,14320
"(0.8817204301075269, 1.0)",1,99.78052995391704,14321
"(0.8266666666666667, 1.0)",2,99.78049062049062,14323
"(0.8729166666666666, 1.0)",1,99.78043608124251,14324
"(0.9841269841269842, 1.0)",1,99.78043593833068,14325
"(0.9841269841269842, 1.0)",1,99.78042328042328,14326
"(0.8518518518518519, 1.0)",1,99.78042328042328,14327
"(0.9444444444444444, 1.0)",3,99.78042328042328,14330
"(0.8888888888888888, 1.0)",1,99.78033126293997,14331
"(0.9589484126984128, 1.0)",2,99.78023368606702,14333
"(0.9230769230769232, 1.0)",6,99.78021978021978,14339
"(0.8571428571428572, 1.0)",2,99.78021978021978,14341
"(0.8888888888888888, 1.0)",2,99.78021978021978,14343
"(0.9841269841269842, 1.0)",2,99.78021978021978,14345
"(0.9224211423699916, 1.0)",2,99.7802133501622,14347
"(1.0, 1.0)",1,99.78020541549954,14348
"(0.9172932330827066, 1.0)",3,99.78018497097445,14351
"(0.9445350241545892, 1.0)",1,99.78018317230274,14352
"(0.936026936026936, 1.0)",1,99.78018278018278,14353
"(0.8468468468468467, 1.0)",4,99.78018018018018,14357
"(0.9135802469135802, 1.0)",2,99.78010261343594,14359
"(0.8883205456095482, 1.0)",1,99.78009543738445,14360
"(0.8915343915343915, 1.0)",1,99.7800692499222,14361
"(0.9172932330827066, 1.0)",2,99.78003833112192,14363
"(0.9444444444444444, 1.0)",1,99.77998882837592,14364
"(0.936026936026936, 1.0)",1,99.77995493784968,14365
"(0.9523809523809524, 1.0)",1,99.77995378576024,14366
"(0.9386724386724388, 1.0)",1,99.77994227994228,14367
"(0.9333333333333332, 1.0)",2,99.77993117993118,14369
"(1.0, 1.0)",1,99.77993117993118,14370
"(0.9230769230769232, 1.0)",2,99.77993117993118,14372
"(0.9047101449275364, 1.0)",1,99.77986264117378,14373
"(0.8611111111111112, 1.0)",1,99.7798611111111,14374
"(0.8469839324618735, 1.0)",1,99.77985430283223,14375
"(0.9206349206349206, 1.0)",1,99.7797619047619,14376
"(0.875, 1.0)",11,99.7797619047619,14387
"(0.9047619047619048, 1.0)",5,99.7797619047619,14392
"(0.9333333333333332, 1.0)",1,99.77973653229408,14393
"(0.9407679738562092, 1.0)",1,99.77972056073482,14394
"(0.8666666666666667, 1.0)",1,99.77971014492752,14395
"(0.9565217391304348, 1.0)",1,99.779626738706,14396
"(0.8970659722222223, 1.0)",2,99.77962600478226,14398
"(0.9230769230769232, 1.0)",1,99.77959866220736,14399
"(0.9, 1.0)",1,99.77959866220736,14400
"(0.9224211423699916, 1.0)",2,99.77956399951285,14402
"(0.8592532467532467, 1.0)",1,99.7795638799671,14403
"(0.9391865079365078, 1.0)",2,99.77954695767195,14405
"(0.9135802469135802, 1.0)",1,99.77954144620811,14406
"(0.875, 1.0)",1,99.7795340624288,14407
"(0.9230769230769232, 1.0)",1,99.77948717948718,14408
"(1.0, 1.0)",1,99.77948717948718,14409
"(0.8350168350168351, 1.0)",2,99.77946127946127,14411
"(0.9065438871473354, 1.0)",1,99.779460553814,14412
"(0.8817204301075269, 1.0)",1,99.77942766114808,14413
"(0.9841269841269842, 1.0)",2,99.77942766114808,14415
"(0.9135802469135802, 1.0)",2,99.77942766114808,14417
"(0.9192180611357128, 1.0)",1,99.77942699377124,14418
"(0.9445350241545892, 1.0)",1,99.7794190511582,14419
"(0.8666666666666667, 1.0)",1,99.77936507936508,14420
"(0.8952380952380952, 1.0)",1,99.77932838368322,14421
"(0.875, 1.0)",1,99.77928090428092,14422
"(0.8888888888888888, 1.0)",1,99.77927306188175,14423
"(0.8571428571428572, 1.0)",1,99.77922077922078,14424
"(0.8109668109668109, 1.0)",2,99.77922077922078,14426
"(0.9047619047619048, 1.0)",3,99.77922077922078,14429
"(0.9696969696969696, 1.0)",1,99.77922077922078,14430
"(0.8253968253968256, 1.0)",2,99.77922077922078,14432
"(0.9206349206349206, 1.0)",1,99.77922077922078,14433
"(0.8888888888888888, 1.0)",1,99.77922077922078,14434
"(0.9841269841269842, 1.0)",1,99.77922077922078,14435
"(0.9087026014109348, 1.0)",1,99.77918871252204,14436
"(0.8977777777777779, 1.0)",1,99.7791361182154,14437
"(0.904126984126984, 1.0)",5,99.77912698412698,14442
"(0.8425925925925927, 1.0)",3,99.77910052910052,14445
"(0.8266666666666667, 1.0)",1,99.77904761904762,14446
"(0.9841269841269842, 1.0)",1,99.77903256164126,14447
"(0.8504594820384294, 1.0)",1,99.77903091060986,14448
"(0.9023569023569024, 1.0)",1,99.77898027898028,14449
"(0.8686868686868687, 1.0)",1,99.77896982244808,14450
"(0.875, 1.0)",1,99.77896825396826,14451
"(0.8817204301075269, 1.0)",3,99.77895363168857,14454
"(0.9696969696969696, 1.0)",1,99.77894710653332,14455
"(0.8611111111111112, 1.0)",1,99.7789351851852,14456
"(0.9333333333333332, 1.0)",2,99.77893217893218,14458
"(1.0, 1.0)",1,99.77893217893218,14459
"(0.9674603174603176, 1.0)",1,99.77881834215168,14460
"(0.9565217391304348, 1.0)",1,99.77874396135266,14461
"(1.0, 1.0)",2,99.77874396135266,14463
"(0.9841269841269842, 1.0)",1,99.77874396135266,14464
"(0.936026936026936, 1.0)",1,99.77873977873978,14465
"(0.8977777777777779, 1.0)",1,99.77873015873016,14466
"(0.9351258309591644, 1.0)",1,99.77866539324872,14467
"(0.9047619047619048, 1.0)",2,99.77865961199296,14469
"(0.8897707231040564, 1.0)",4,99.77865961199296,14473
"(0.8883205456095482, 1.0)",2,99.77865243594144,14475
"(0.900854700854701, 1.0)",1,99.77863247863247,14476
"(0.883580779054917, 1.0)",1,99.77855184386974,14477
"(0.9444444444444444, 1.0)",3,99.77854582693293,14480
"(1.0, 1.0)",1,99.77854582693293,14481
"(0.8312992626493769, 1.0)",1,99.77846174771508,14482
"(0.8796296296296295, 1.0)",1,99.77843915343917,14483
"(0.9674603174603176, 1.0)",1,99.77842712842713,14484
"(1.0, 1.0)",1,99.77842712842713,14485
"(0.9213117283950616, 1.0)",1,99.77840694799028,14486
"(0.8498168498168499, 1.0)",1,99.77838827838828,14487
"(0.8498168498168498, 1.0)",1,99.77838827838828,14488
"(0.9380032206119162, 1.0)",1,99.7783873936048,14489
"(0.8339307048984469, 1.0)",2,99.77837514934288,14491
"(0.943982716990723, 1.0)",1,99.77835679587136,14492
"(0.8817204301075269, 1.0)",1,99.7783474142345,14493
"(0.9466207660652104, 1.0)",1,99.77834051236827,14494
"(0.9230769230769232, 1.0)",1,99.77832109411057,14495
"(0.8547544409613373, 1.0)",1,99.77827536448224,14496
"(0.896551724137931, 1.0)",11,99.77827215424546,14507
"(0.8817204301075269, 1.0)",1,99.77827215424546,14508
"(0.9565217391304348, 1.0)",1,99.77825556086424,14509
"(0.8376068376068376, 1.0)",5,99.77825556086424,14514
"(0.8740392648287385, 1.0)",2,99.7782412808842,14516
"(0.8402777777777779, 1.0)",1,99.77822871572872,14517
"(0.9466207660652104, 1.0)",1,99.77818642263088,14518
"(0.9248366013071896, 1.0)",1,99.77818373726302,14519
"(0.9391865079365078, 1.0)",1,99.77813492063493,14520
"(0.936026936026936, 1.0)",1,99.77813219918482,14521
"(0.875, 1.0)",1,99.7780910609858,14522
"(0.8373015873015873, 1.0)",1,99.777950310559,14523
"(0.9194577352472088, 1.0)",1,99.77789929368876,14524
"(0.8666666666666667, 1.0)",1,99.77787698412698,14525
"(0.9444444444444444, 1.0)",1,99.77786706047576,14526
"(0.896551724137931, 1.0)",1,99.77784917065276,14527
"(0.9224211423699916, 1.0)",1,99.77783239778124,14528
"(0.9351258309591644, 1.0)",3,99.777828063089,14531
"(0.8833628057765988, 1.0)",1,99.7778226823198,14532
"(0.8675136116152449, 1.0)",1,99.77779656537646,14533
"(0.8611111111111112, 1.0)",1,99.77777777777776,14534
"(0.9444444444444444, 1.0)",1,99.77777777777776,14535
"(1.0, 1.0)",1,99.77777777777776,14536
"(0.9841269841269842, 1.0)",1,99.77777777777776,14537
"(0.9047619047619048, 1.0)",8,99.77777777777776,14545
"(0.8888888888888888, 1.0)",6,99.77777777777776,14551
"(0.8686868686868687, 1.0)",1,99.77777777777776,14552
"(0.8309016086793863, 1.0)",2,99.77775346053124,14554
"(0.8904991948470209, 1.0)",1,99.7777172399598,14555
"(0.8332521117608837, 1.0)",1,99.77769655620531,14556
"(0.9230769230769232, 1.0)",1,99.77769452769454,14557
"(0.9319444444444444, 1.0)",1,99.7776428091398,14558
"(0.8888888888888888, 1.0)",1,99.77763347763349,14559
"(0.919047619047619, 1.0)",1,99.77763347763349,14560
"(0.8109668109668109, 1.0)",5,99.77763347763349,14565
"(0.8686868686868687, 1.0)",1,99.77758956019828,14566
"(0.9466207660652104, 1.0)",1,99.7775621240899,14567
"(0.9507101086048454, 1.0)",2,99.77754993544468,14569
"(0.8888888888888888, 1.0)",2,99.77754993544468,14571
"(0.947088068181818, 1.0)",1,99.77751369542196,14572
"(0.8425925925925927, 1.0)",2,99.77751322751324,14574
"(0.9565217391304348, 1.0)",1,99.77750939345142,14575
"(0.8864468864468864, 1.0)",1,99.77750027750028,14576
"(0.8900759734093067, 1.0)",1,99.77746431763588,14577
"(0.8439484126984128, 1.0)",2,99.77745349035672,14579
"(0.8266666666666667, 1.0)",1,99.7773767752715,14580
"(0.875, 1.0)",1,99.7773569023569,14581
"(0.9592592592592591, 1.0)",1,99.77731863044365,14582
"(0.958531746031746, 1.0)",2,99.77730972730971,14584
"(0.9135802469135802, 1.0)",2,99.77730589324791,14586
"(0.8888888888888888, 1.0)",1,99.77729677729678,14587
"(0.936026936026936, 1.0)",1,99.77729677729678,14588
"(0.8487103174603176, 1.0)",1,99.77728174603176,14589
"(0.9407729468599032, 1.0)",1,99.7772373563991,14590
"(0.9407729468599032, 1.0)",1,99.77723211526352,14591
"(0.896551724137931, 1.0)",4,99.77723043240285,14595
"(0.9696969696969696, 1.0)",1,99.7772131250392,14596
"(0.9565217391304348, 1.0)",1,99.7772131250392,14597
"(0.8883205456095482, 1.0)",1,99.77720943449845,14598
"(0.9224211423699916, 1.0)",1,99.7771830471319,14599
"(0.9333333333333332, 1.0)",1,99.77715665976535,14600
"(0.8888888888888888, 1.0)",1,99.77714285714283,14601
"(0.904126984126984, 1.0)",1,99.77714285714283,14602
"(0.8857001484413657, 1.0)",1,99.77711063146452,14603
"(0.8864468864468864, 1.0)",1,99.7770956097043,14604
"(0.8698412698412699, 1.0)",1,99.77704517704518,14605
"(0.8666666666666667, 1.0)",1,99.77701235962104,14606
"(0.8897707231040564, 1.0)",1,99.77698876821684,14607
"(0.9230769230769232, 1.0)",2,99.77690087690088,14609
"(0.9243650793650792, 1.0)",2,99.77689430790238,14611
"(0.8791208791208792, 1.0)",1,99.77682811016145,14612
"(0.9230769230769232, 1.0)",1,99.77681733471206,14613
"(0.9666666666666668, 1.0)",1,99.77679863771816,14614
"(0.8864468864468864, 1.0)",1,99.77677877677876,14615
"(1.0, 1.0)",1,99.776756284651,14616
"(0.9841269841269842, 1.0)",1,99.77672843401744,14617
"(0.9264176245210728, 1.0)",1,99.77669834174624,14618
"(0.9696969696969696, 1.0)",1,99.77667819086584,14619
"(0.8883205456095482, 1.0)",1,99.77664109121908,14620
"(0.8518518518518519, 1.0)",4,99.77662755923626,14624
"(0.9841269841269842, 1.0)",2,99.77662755923626,14626
"(0.896551724137931, 1.0)",1,99.77659438678928,14627
"(0.9023569023569024, 1.0)",1,99.77658793448268,14628
"(0.9589484126984128, 1.0)",1,99.77658646908648,14629
"(0.8952380952380952, 1.0)",1,99.7765743694776,14630
"(0.875593542260209, 1.0)",1,99.77655972583509,14631
"(0.7765567765567766, 1.0)",33,99.77655677655676,14664
"(0.896551724137931, 1.0)",1,99.77653164759612,14665
"(0.9135802469135802, 1.0)",2,99.77649510982845,14667
"(0.9444444444444444, 1.0)",1,99.77642405903276,14668
"(0.9230769230769232, 1.0)",1,99.77638836259526,14669
"(0.9364583333333332, 1.0)",1,99.7763254181601,14670
"(0.9135802469135802, 1.0)",4,99.7763253449528,14674
"(0.8627450980392157, 1.0)",1,99.7763253449528,14675
"(0.9192180611357128, 1.0)",1,99.7762621122234,14676
"(0.9565217391304348, 1.0)",1,99.7761931071889,14677
"(0.8817204301075269, 1.0)",1,99.7761931071889,14678
"(0.8571428571428572, 1.0)",1,99.77619047619048,14679
"(0.9224211423699916, 1.0)",1,99.77616155400514,14680
"(0.896551724137931, 1.0)",1,99.7761503863453,14681
"(0.9230769230769232, 1.0)",1,99.7761503863453,14682
"(0.9507101086048454, 1.0)",3,99.77610693400167,14685
"(0.8253968253968256, 1.0)",1,99.77610693400167,14686
"(0.9230769230769232, 1.0)",1,99.77605110938444,14687
"(0.8888888888888888, 1.0)",3,99.77604617604618,14690
"(0.9135802469135802, 1.0)",1,99.77595186222638,14691
"(0.9313762626262628, 1.0)",1,99.77592235763431,14692
"(0.8686868686868687, 1.0)",4,99.77589077589076,14696
"(0.9230769230769232, 1.0)",5,99.77589077589076,14701
"(0.9172932330827066, 1.0)",1,99.77587909166856,14702
"(0.8915343915343915, 1.0)",1,99.7758146945647,14703
"(0.9565217391304348, 1.0)",1,99.77578857630007,14704
"(0.9696969696969696, 1.0)",1,99.77575757575758,14705
"(0.8158948980794156, 1.0)",1,99.77570971289424,14706
"(0.932852564102564, 1.0)",1,99.77569347319348,14707
"(0.8888888888888888, 1.0)",1,99.77567511192512,14708
"(1.0, 1.0)",1,99.77561327561328,14709
"(0.8616898148148148, 1.0)",1,99.77560593681918,14710
"(0.9224211423699916, 1.0)",1,99.7755957455446,14711
"(1.0, 1.0)",1,99.77555777555776,14712
"(0.8376068376068376, 1.0)",1,99.77555777555776,14713
"(0.9696969696969696, 1.0)",1,99.77555777555776,14714
"(0.9380032206119162, 1.0)",1,99.77555408702526,14715
"(0.9, 1.0)",1,99.77545787545787,14716
"(0.9589484126984128, 1.0)",1,99.77544413919414,14717
"(0.8952020202020202, 1.0)",1,99.77542006082328,14718
"(0.8468468468468467, 1.0)",8,99.77541827541828,14726
"(0.9444444444444444, 1.0)",3,99.77541827541828,14729
"(0.9224211423699916, 1.0)",1,99.77539532867752,14730
"(0.8616898148148148, 1.0)",1,99.7753744553377,14731
"(0.9047619047619048, 1.0)",2,99.77536231884058,14733
"(0.8864468864468864, 1.0)",1,99.77533577533578,14734
"(0.8666666666666667, 1.0)",1,99.7752951388889,14735
"(0.8415692007797271, 1.0)",1,99.77527589134124,14736
"(0.8055555555555555, 1.0)",3,99.77525252525253,14739
"(0.9306746031746032, 1.0)",1,99.775184696265,14740
"(0.9444444444444444, 1.0)",1,99.77516927516928,14741
"(0.9230769230769232, 1.0)",1,99.77516927516928,14742
"(0.9104993386243384, 1.0)",1,99.77516497648442,14743
"(0.8547544409613373, 1.0)",1,99.77516151926316,14744
"(0.896551724137931, 1.0)",1,99.77515138534628,14745
"(0.9104993386243384, 1.0)",5,99.77515089807852,14750
"(0.9243650793650792, 1.0)",1,99.77512426767215,14751
"(0.8704453441295547, 1.0)",1,99.77506294874716,14752
"(0.9674603174603176, 1.0)",1,99.77502468291942,14753
"(0.8053221288515406, 1.0)",3,99.77501909854853,14756
"(0.9444444444444444, 1.0)",1,99.77494824016564,14757
"(0.8504594820384294, 1.0)",1,99.77494460789656,14758
"(0.8817204301075269, 1.0)",3,99.77493832332542,14761
"(0.8487103174603176, 1.0)",2,99.77492902628772,14763
"(0.9230769230769232, 1.0)",8,99.77492877492878,14771
"(0.9135802469135802, 1.0)",2,99.77486389080592,14773
"(0.8897707231040564, 1.0)",1,99.77486389080592,14774
"(0.8527777777777779, 1.0)",2,99.77485569985568,14776
"(0.8864468864468864, 1.0)",1,99.77485477485476,14777
"(0.9615343915343916, 1.0)",1,99.77475673951903,14778
"(0.8731060606060606, 1.0)",1,99.77474747474749,14779
"(0.9841269841269842, 1.0)",1,99.77471959066162,14780
"(0.9224211423699916, 1.0)",1,99.77471855256212,14781
"(0.8675136116152449, 1.0)",1,99.77471751881916,14782
"(0.8897707231040564, 1.0)",1,99.77469135802468,14783
"(0.9230769230769232, 1.0)",1,99.77466039060242,14784
"(0.9104993386243384, 1.0)",1,99.77464616402116,14785
"(0.8729166666666666, 1.0)",1,99.77461768895591,14786
"(0.9135802469135802, 1.0)",1,99.77460810794145,14787
"(1.0, 1.0)",1,99.77460317460316,14788
"(0.9333333333333332, 1.0)",1,99.77460317460316,14789
"(0.8888888888888888, 1.0)",5,99.77460317460316,14794
"(0.8571428571428572, 1.0)",3,99.77460317460316,14797
"(0.9841269841269842, 1.0)",5,99.77460317460316,14802
"(0.8281746031746032, 1.0)",2,99.77456349206348,14804
"(0.8415692007797271, 1.0)",1,99.77453216374268,14805
"(0.8319664902998236, 1.0)",2,99.774495225932,14807
"(0.9230769230769232, 1.0)",1,99.77449432288142,14808
"(1.0, 1.0)",1,99.77449432288142,14809
"(0.9065438871473354, 1.0)",1,99.774460553814,14810
"(0.9206349206349206, 1.0)",1,99.77445887445889,14811
"(0.9047619047619048, 1.0)",1,99.77443609022556,14812
"(0.9172932330827066, 1.0)",1,99.77443609022556,14813
"(0.8571428571428572, 1.0)",5,99.77443609022556,14818
"(0.9841269841269842, 1.0)",2,99.77437533227008,14820
"(0.9333333333333332, 1.0)",1,99.77437533227008,14821
"(0.9507101086048454, 1.0)",1,99.77435623372156,14822
"(0.8904991948470209, 1.0)",1,99.7743375786854,14823
"(0.8281746031746032, 1.0)",1,99.774332010582,14824
"(0.896551724137931, 1.0)",1,99.7743295019157,14825
"(0.9565217391304348, 1.0)",1,99.7743271221532,14826
"(0.9696969696969696, 1.0)",2,99.77431457431456,14828
"(0.9674603174603176, 1.0)",1,99.7742584575918,14829
"(0.9047619047619048, 1.0)",1,99.77425044091711,14830
"(0.9696969696969696, 1.0)",1,99.77423103212575,14831
"(0.8991666666666667, 1.0)",2,99.77416666666667,14833
"(0.8465418823841762, 1.0)",2,99.77411541179596,14835
"(0.9230769230769232, 1.0)",1,99.77407133928872,14836
"(0.9135802469135802, 1.0)",1,99.7740708674042,14837
"(0.8763636363636363, 1.0)",1,99.7740708674042,14838
"(0.865079365079365, 1.0)",1,99.77398205659075,14839
"(0.9047619047619048, 1.0)",1,99.77398205659075,14840
"(0.8376068376068376, 1.0)",1,99.77397047397048,14841
"(0.9243650793650792, 1.0)",1,99.77396457965902,14842
"(0.9224211423699916, 1.0)",2,99.77395232723453,14844
"(1.0, 1.0)",1,99.77392977392978,14845
"(0.896551724137931, 1.0)",2,99.7738966014828,14847
"(0.9841269841269842, 1.0)",1,99.77388693178168,14848
"(0.900854700854701, 1.0)",3,99.77387057387055,14851
"(0.8888888888888888, 1.0)",1,99.77387057387055,14852
"(1.0, 1.0)",1,99.77387057387055,14853
"(0.9224211423699916, 1.0)",4,99.77383854217447,14857
"(0.919047619047619, 1.0)",1,99.77383775644644,14858
"(0.875, 1.0)",1,99.77380952380952,14859
"(0.9523809523809524, 1.0)",1,99.77375429603252,14860
"(0.8864468864468864, 1.0)",2,99.77374847374848,14862
"(0.9230769230769232, 1.0)",1,99.77372627372628,14863
"(0.9444444444444444, 1.0)",2,99.77371273712735,14865
"(0.8229166666666666, 1.0)",1,99.77371031746031,14866
"(0.9172932330827066, 1.0)",1,99.77370348949296,14867
"(0.9565217391304348, 1.0)",1,99.77369345630215,14868
"(0.936026936026936, 1.0)",1,99.77368927368929,14869
"(0.9023809523809524, 1.0)",1,99.77366522366523,14870
"(0.8791208791208792, 1.0)",1,99.77364583886325,14871
"(0.8373015873015873, 1.0)",1,99.7735816814764,14872
"(0.9289529914529916, 1.0)",1,99.77357931420433,14873
"(0.8053221288515406, 1.0)",2,99.7735760971055,14875
"(0.9230769230769232, 1.0)",1,99.77349843139316,14876
"(0.8817204301075269, 1.0)",1,99.77349532188242,14877
"(0.896551724137931, 1.0)",1,99.7734526010388,14878
"(0.8686868686868687, 1.0)",3,99.77344877344878,14881
"(0.9841269841269842, 1.0)",1,99.77344877344878,14882
"(0.9047619047619048, 1.0)",4,99.77344877344878,14886
"(0.8527777777777779, 1.0)",1,99.7734126984127,14887
"(0.9135802469135802, 1.0)",1,99.77338126460933,14888
"(0.9135802469135802, 1.0)",1,99.77336860670194,14889
"(0.8339307048984469, 1.0)",1,99.7733246442924,14890
"(0.9465811965811968, 1.0)",1,99.77329807979504,14891
"(0.8642623716153127, 1.0)",1,99.77325396246177,14892
"(0.9696969696969696, 1.0)",1,99.7730907909936,14893
"(0.9565217391304348, 1.0)",1,99.77307233828974,14894
"(0.9224211423699916, 1.0)",1,99.77307049301936,14895
"(0.8468468468468467, 1.0)",6,99.77306555567424,14901
"(0.9363636363636364, 1.0)",1,99.77302080635414,14902
"(0.9, 1.0)",1,99.77301587301588,14903
"(0.9521531100478468, 1.0)",1,99.77299308878256,14904
"(0.8350168350168351, 1.0)",2,99.77296777296776,14906
"(0.9104993386243384, 1.0)",2,99.77293548166392,14908
"(0.9047619047619048, 1.0)",1,99.77293233082708,14909
"(0.896551724137931, 1.0)",1,99.77291473310964,14910
"(0.8859337035751476, 1.0)",1,99.77290216700248,14911
"(0.8904991948470209, 1.0)",1,99.7728945772424,14912
"(0.8864468864468864, 1.0)",2,99.77289377289378,14914
"(0.8498168498168498, 1.0)",2,99.77289377289378,14916
"(0.8666666666666667, 1.0)",3,99.7728701570234,14919
"(0.9230769230769232, 1.0)",1,99.77281655542524,14920
"(0.8888888888888888, 1.0)",1,99.7727386039886,14921
"(0.8319664902998236, 1.0)",1,99.77273446415604,14922
"(0.9444444444444444, 1.0)",2,99.77272727272728,14924
"(0.865079365079365, 1.0)",1,99.77272727272728,14925
"(0.9696969696969696, 1.0)",1,99.77272727272728,14926
"(0.8585858585858586, 1.0)",1,99.77272727272728,14927
"(0.9135802469135802, 1.0)",2,99.77270723104056,14929
"(0.875, 1.0)",2,99.77270723104056,14931
"(0.9444444444444444, 1.0)",1,99.77258297258297,14932
"(0.8518518518518519, 1.0)",2,99.77248677248676,14934
"(0.9465811965811968, 1.0)",1,99.77234756562882,14935
"(0.8343943638061285, 1.0)",1,99.77234530175708,14936
"(0.9351258309591644, 1.0)",2,99.77232821191154,14938
"(0.865079365079365, 1.0)",1,99.77228327228327,14939
"(0.9047619047619048, 1.0)",2,99.77228327228327,14941
"(0.8675136116152449, 1.0)",1,99.77227551637716,14942
"(0.9841269841269842, 1.0)",1,99.77225045485916,14943
"(0.9333333333333332, 1.0)",1,99.77225045485916,14944
"(0.8498168498168498, 1.0)",2,99.77223799218685,14946
"(0.8977777777777779, 1.0)",1,99.77223665223666,14947
"(0.875, 1.0)",1,99.77223320158105,14948
"(0.8487103174603176, 1.0)",1,99.77223124098124,14949
"(0.8373015873015873, 1.0)",1,99.77222222222224,14950
"(0.9023569023569024, 1.0)",1,99.77219817219816,14951
"(0.9841269841269842, 1.0)",1,99.77216610549944,14952
"(0.9047619047619048, 1.0)",1,99.77216610549944,14953
"(0.9135802469135802, 1.0)",2,99.77216610549944,14955
"(0.8373015873015873, 1.0)",2,99.77213868003342,14957
"(0.9507101086048454, 1.0)",1,99.77212299523512,14958
"(0.896551724137931, 1.0)",1,99.7720095995958,14959
"(0.9230769230769232, 1.0)",1,99.7720095995958,14960
"(0.89, 1.0)",1,99.7719967144564,14961
"(0.9674603174603176, 1.0)",1,99.77199437988912,14962
"(0.8053221288515406, 1.0)",1,99.7719887955182,14963
"(0.8817204301075269, 1.0)",1,99.77190802029511,14964
"(0.8498168498168499, 1.0)",1,99.77189477189478,14965
"(0.8339307048984469, 1.0)",1,99.7718816428494,14966
"(0.8925865800865801, 1.0)",1,99.77184583934584,14967
"(0.9523809523809524, 1.0)",1,99.77184574684574,14968
"(0.9841269841269842, 1.0)",1,99.7718253968254,14969
"(0.9565217391304348, 1.0)",1,99.77181755442624,14970
"(0.9192180611357128, 1.0)",1,99.77173744098069,14971
"(0.9230769230769232, 1.0)",1,99.77164835164837,14972
"(0.9248366013071896, 1.0)",1,99.77162749157634,14973
"(0.9224211423699916, 1.0)",1,99.77162749157634,14974
"(1.0, 1.0)",1,99.77162255423124,14975
"(0.8271652864044169, 1.0)",2,99.77160973084888,14977
"(0.9135802469135802, 1.0)",1,99.77157780491116,14978
"(0.936026936026936, 1.0)",1,99.7715713199584,14979
"(0.9168478260869564, 1.0)",1,99.77157004830916,14980
"(0.9230769230769232, 1.0)",1,99.77156177156178,14981
"(0.875, 1.0)",1,99.77155172413794,14982
"(0.896551724137931, 1.0)",1,99.77155172413794,14983
"(0.8864468864468864, 1.0)",1,99.77154005414874,14984
"(0.9213117283950616, 1.0)",1,99.77149288781536,14985
"(0.8897707231040564, 1.0)",3,99.77149115321158,14988
"(0.8888888888888888, 1.0)",1,99.77140313390314,14989
"(1.0, 1.0)",1,99.77140149451364,14990
"(1.0, 1.0)",1,99.77136309745006,14991
"(0.9224211423699916, 1.0)",2,99.77135381888888,14993
"(0.9444444444444444, 1.0)",2,99.77133655394525,14995
"(0.8589726631393297, 1.0)",1,99.77132776174444,14996
"(0.8616898148148148, 1.0)",2,99.7712962962963,14998
"(0.8112491373360938, 1.0)",1,99.7712954336324,14999
"(0.8439484126984128, 1.0)",1,99.7712904606287,15000
"(0.9444444444444444, 1.0)",2,99.77128427128427,15002
"(0.8015873015873017, 1.0)",1,99.77128427128427,15003
"(0.8571428571428572, 1.0)",1,99.77128427128427,15004
"(0.9696969696969696, 1.0)",1,99.77128427128427,15005
"(0.9047619047619048, 1.0)",1,99.77128427128427,15006
"(0.958531746031746, 1.0)",1,99.77126322751324,15007
"(0.8904991948470209, 1.0)",1,99.771253163101,15008
"(0.9444444444444444, 1.0)",1,99.77116402116404,15009
"(0.865079365079365, 1.0)",1,99.77113997113996,15010
"(0.9466207660652104, 1.0)",1,99.7711247343192,15011
"(0.9444444444444444, 1.0)",1,99.77111111111113,15012
"(0.8350168350168351, 1.0)",1,99.77104377104376,15013
"(0.833064949006978, 1.0)",1,99.77101588695793,15014
"(0.896551724137931, 1.0)",1,99.7710105985968,15015
"(0.9047619047619048, 1.0)",2,99.7710105985968,15017
"(0.909722222222222, 1.0)",1,99.77100586611456,15018
"(0.9027274557165862, 1.0)",1,99.77097481021394,15019
"(0.9104993386243384, 1.0)",3,99.77094323840647,15022
"(0.8376068376068376, 1.0)",2,99.77094017094018,15024
"(0.9565217391304348, 1.0)",1,99.77091567852436,15025
"(0.9224211423699916, 1.0)",2,99.77090599085484,15027
"(0.896551724137931, 1.0)",3,99.7708662984525,15030
"(0.7708333333333334, 1.0)",21,99.77083333333334,15051
"(0.9674603174603176, 1.0)",1,99.7708289034376,15052
"(0.9444444444444444, 1.0)",1,99.77082858661804,15053
"(0.9565217391304348, 1.0)",1,99.77080745341615,15054
"(0.936026936026936, 1.0)",1,99.77080327080328,15055
"(0.9047619047619048, 1.0)",2,99.77079365079364,15057
"(0.9135802469135802, 1.0)",5,99.77072310405644,15062
"(0.8571428571428572, 1.0)",3,99.77072310405644,15065
"(0.8888888888888888, 1.0)",1,99.77072310405644,15066
"(0.9047619047619048, 1.0)",1,99.77072310405644,15067
"(0.9444444444444444, 1.0)",1,99.77067669172932,15068
"(0.9841269841269842, 1.0)",1,99.77065897065896,15069
"(0.8487002627627628, 1.0)",1,99.77065793472045,15070
"(0.865079365079365, 1.0)",1,99.77064036903856,15071
"(0.8373015873015873, 1.0)",1,99.77063492063492,15072
"(0.8817204301075269, 1.0)",1,99.77060931899642,15073
"(1.0, 1.0)",1,99.7706093189964,15074
"(0.8888888888888888, 1.0)",2,99.7706093189964,15076
"(0.8817204301075269, 1.0)",2,99.7706093189964,15078
"(0.8888888888888888, 1.0)",1,99.77057291666668,15079
"(0.9841269841269842, 1.0)",1,99.77053378072868,15080
"(0.896551724137931, 1.0)",1,99.77053378072868,15081
"(0.909722222222222, 1.0)",2,99.77052486563356,15083
"(0.8897707231040564, 1.0)",1,99.77052469135802,15084
"(0.8864468864468864, 1.0)",1,99.77049032838508,15085
"(0.8498168498168499, 1.0)",2,99.77045177045176,15087
"(0.9230769230769232, 1.0)",1,99.77045177045176,15088
"(0.8498168498168498, 1.0)",4,99.77045177045176,15092
"(0.8897707231040564, 1.0)",1,99.77044943136896,15093
"(0.8627450980392157, 1.0)",1,99.77039300568713,15094
"(0.8817204301075269, 1.0)",3,99.77038147666332,15097
"(1.0, 1.0)",1,99.77037455298324,15098
"(0.8468468468468467, 1.0)",1,99.77036777036776,15099
"(1.0, 1.0)",1,99.77036777036776,15100
"(0.9023809523809524, 1.0)",1,99.77034632034632,15101
"(0.922050500014663, 1.0)",1,99.77027453663293,15102
"(0.8686868686868687, 1.0)",2,99.77027417027418,15104
"(0.7861409796893668, 1.0)",1,99.77026796381637,15105
"(0.8888888888888888, 1.0)",1,99.7702490745969,15106
"(0.9047619047619048, 1.0)",1,99.77024722932651,15107
"(1.0, 1.0)",1,99.7701536343302,15108
"(0.8817204301075269, 1.0)",1,99.77012831851542,15109
"(0.9445350241545892, 1.0)",1,99.77004428341384,15110
"(0.8883205456095482, 1.0)",2,99.77004097571708,15112
"(0.8817204301075269, 1.0)",1,99.77004097571708,15113
"(0.8817204301075269, 1.0)",1,99.7699743983615,15114
"(0.909209656084656, 1.0)",2,99.7699730936626,15116
"(0.8627450980392157, 1.0)",2,99.76994900524312,15118
"(0.9230769230769232, 1.0)",7,99.76994900524312,15125
"(0.9230769230769232, 1.0)",2,99.76993055253924,15127
"(0.8468468468468467, 1.0)",4,99.76992376992376,15131
"(0.8900759734093067, 1.0)",1,99.76991113824448,15132
"(0.9224211423699916, 1.0)",2,99.76989588984476,15134
"(0.932852564102564, 1.0)",1,99.7698433048433,15135
"(0.9047619047619048, 1.0)",1,99.76984126984128,15136
"(0.8253968253968256, 1.0)",2,99.76984126984128,15138
"(0.9444444444444444, 1.0)",2,99.76984126984128,15140
"(0.8345959595959597, 1.0)",2,99.76978114478116,15142
"(0.9445350241545892, 1.0)",1,99.76977402383804,15143
"(0.9224211423699916, 1.0)",1,99.76976651730158,15144
"(0.8864468864468864, 1.0)",2,99.76972410305744,15146
"(0.9135802469135802, 1.0)",1,99.76970161092969,15147
"(0.8, 1.0)",1,99.76969696969697,15148
"(0.9230769230769232, 1.0)",1,99.76967476967477,15149
"(0.9444444444444444, 1.0)",2,99.76965305226176,15151
"(0.9386724386724388, 1.0)",4,99.76964626964627,15155
"(0.9047619047619048, 1.0)",1,99.76964285714286,15156
"(0.8832772166105499, 1.0)",1,99.7696408529742,15157
"(0.8559368191721133, 1.0)",1,99.769621459695,15158
"(0.8904991948470209, 1.0)",1,99.7696200739679,15159
"(0.932852564102564, 1.0)",1,99.76959124723014,15160
"(0.883876357560568, 1.0)",1,99.76959064327484,15161
"(0.8888888888888888, 1.0)",1,99.76959045584046,15162
"(0.833064949006978, 1.0)",3,99.76957288551492,15165
"(0.8888888888888888, 1.0)",10,99.7695675971538,15175
"(0.9047619047619048, 1.0)",1,99.7695675971538,15176
"(0.896551724137931, 1.0)",9,99.7695675971538,15185
"(0.9444444444444444, 1.0)",1,99.76955266955268,15186
"(0.9109477124183006, 1.0)",1,99.76953357100416,15187
"(0.8791208791208792, 1.0)",5,99.76950505211374,15192
"(0.812957157784744, 1.0)",1,99.76947889691516,15193
"(0.875, 1.0)",1,99.76947267708138,15194
"(0.896551724137931, 1.0)",1,99.76942329700952,15195
"(0.9065438871473354, 1.0)",1,99.76938118873464,15196
"(0.875, 1.0)",1,99.76936090225564,15197
"(0.9444444444444444, 1.0)",1,99.76936026936028,15198
"(0.896551724137931, 1.0)",1,99.76933975482068,15199
"(0.7996201329534663, 1.0)",7,99.76931710265043,15206
"(0.8518518518518519, 1.0)",1,99.76931216931216,15207
"(0.8900759734093067, 1.0)",1,99.7693021638855,15208
"(0.9224211423699916, 1.0)",1,99.7692932245362,15209
"(0.896551724137931, 1.0)",1,99.7692789968652,15210
"(0.8857001484413657, 1.0)",1,99.76924539483348,15211
"(0.9306746031746032, 1.0)",1,99.7692394179894,15212
"(0.9230769230769232, 1.0)",1,99.76923076923076,15213
"(0.947088068181818, 1.0)",1,99.76917521714395,15214
"(0.9206349206349206, 1.0)",1,99.76911976911975,15215
"(0.8504594820384294, 1.0)",1,99.7690982506772,15216
"(0.833064949006978, 1.0)",1,99.76909188503392,15217
"(0.936026936026936, 1.0)",1,99.7690865966728,15218
"(0.9135802469135802, 1.0)",2,99.76905226028032,15220
"(0.8883205456095482, 1.0)",1,99.76899925387444,15221
"(0.8873002904865649, 1.0)",1,99.76898431826434,15222
"(0.8151260504201681, 1.0)",5,99.76895000424412,15227
"(0.904126984126984, 1.0)",10,99.76893267651889,15237
"(0.8888888888888888, 1.0)",1,99.76893155154023,15238
"(0.9565217391304348, 1.0)",1,99.76893155154023,15239
"(1.0, 1.0)",1,99.76893155154023,15240
"(0.9047619047619048, 1.0)",1,99.76893155154023,15241
"(0.8468468468468467, 1.0)",1,99.76892476892476,15242
"(0.8415692007797271, 1.0)",1,99.76891124871,15243
"(0.9047619047619048, 1.0)",1,99.76890331890333,15244
"(0.9264176245210728, 1.0)",1,99.76888557323902,15245
"(0.8817204301075269, 1.0)",1,99.7688777172648,15246
"(0.909722222222222, 1.0)",1,99.7688492063492,15247
"(0.875, 1.0)",3,99.7688492063492,15250
"(0.9172932330827066, 1.0)",1,99.76884085213032,15251
"(0.9135802469135802, 1.0)",1,99.76882441794724,15252
"(0.9391865079365078, 1.0)",1,99.768792037379,15253
"(0.9391865079365078, 1.0)",1,99.7687892558457,15254
"(0.9696969696969696, 1.0)",1,99.76872805133677,15255
"(0.9445350241545892, 1.0)",1,99.76870463026864,15256
"(0.8686868686868687, 1.0)",1,99.76868686868688,15257
"(0.9565217391304348, 1.0)",1,99.76867902628771,15258
"(0.9230769230769232, 1.0)",1,99.76867576867576,15259
"(0.9333333333333332, 1.0)",1,99.76864295125164,15260
"(0.936026936026936, 1.0)",2,99.76863876863877,15262
"(0.8170426065162907, 1.0)",7,99.7686299081036,15269
"(0.9019607843137254, 1.0)",1,99.76860981429608,15270
"(0.9248366013071896, 1.0)",1,99.76851562759492,15271
"(0.9380032206119162, 1.0)",2,99.7685070163331,15273
"(0.9302579365079364, 1.0)",1,99.7685006578389,15274
"(0.9047619047619048, 1.0)",1,99.76848755109624,15275
"(0.9841269841269842, 1.0)",1,99.76845473367212,15276
"(0.9333333333333332, 1.0)",1,99.76842295131767,15277
"(0.9497685185185184, 1.0)",1,99.76840828924162,15278
"(0.8453267162944582, 1.0)",1,99.7684036393714,15279
"(0.8897707231040564, 1.0)",1,99.76837038431242,15280
"(0.9333333333333332, 1.0)",1,99.76835016835015,15281
"(0.8350168350168351, 1.0)",12,99.76835016835015,15293
"(0.8547544409613373, 1.0)",3,99.76833468787493,15296
"(0.9565217391304348, 1.0)",1,99.7683239719853,15297
"(0.9666666666666668, 1.0)",2,99.76825396825396,15299
"(0.9444444444444444, 1.0)",2,99.76825396825396,15301
"(0.9230769230769232, 1.0)",2,99.76823176823176,15303
"(0.9023569023569024, 1.0)",1,99.7682043165914,15304
"(0.8864468864468864, 1.0)",2,99.7681673165544,15306
"(0.9465811965811968, 1.0)",1,99.76814844355168,15307
"(0.8958964646464646, 1.0)",1,99.7681128512011,15308
"(0.9223809523809524, 1.0)",1,99.768051655135,15309
"(0.833064949006978, 1.0)",2,99.7679855839276,15311
"(0.8750600325600326, 1.0)",1,99.76797648587971,15312
"(0.8731060606060606, 1.0)",1,99.76793630751963,15313
"(0.9172932330827066, 1.0)",1,99.76791979949874,15314
"(0.9194577352472088, 1.0)",1,99.7678750748926,15315
"(0.7996201329534663, 1.0)",2,99.76787410120744,15317
"(0.9109477124183006, 1.0)",1,99.76786272722804,15318
"(0.8991666666666667, 1.0)",1,99.76785353535354,15319
"(0.896551724137931, 1.0)",3,99.7678359954222,15322
"(0.9333333333333332, 1.0)",2,99.7678359954222,15324
"(0.9444444444444444, 1.0)",2,99.7678336156597,15326
"(0.9224211423699916, 1.0)",2,99.76783177038932,15328
"(0.9302579365079364, 1.0)",2,99.76782820767195,15330
"(0.9224211423699916, 1.0)",1,99.76779214563572,15331
"(0.9230769230769232, 1.0)",1,99.76777389277387,15332
"(0.8864468864468864, 1.0)",1,99.76774433296173,15333
"(0.8763636363636363, 1.0)",2,99.767721661055,15335
"(0.8729166666666666, 1.0)",1,99.7676851851852,15336
"(0.8888888888888888, 1.0)",1,99.76767676767676,15337
"(0.8774250440917107, 1.0)",1,99.7676126342793,15338
"(0.9740143369175628, 1.0)",1,99.76756032796357,15339
"(0.9333333333333332, 1.0)",1,99.76754850088184,15340
"(0.919047619047619, 1.0)",1,99.76753246753248,15341
"(0.9523809523809524, 1.0)",1,99.76753246753246,15342
"(0.9047619047619048, 1.0)",3,99.76750700280112,15345
"(0.8627450980392157, 1.0)",2,99.76750700280112,15347
"(0.8109668109668109, 1.0)",1,99.76748855009726,15348
"(0.9696969696969696, 1.0)",1,99.76748855009726,15349
"(0.8888888888888888, 1.0)",1,99.76748855009724,15350
"(0.8991666666666667, 1.0)",1,99.76748168498168,15351
"(0.8547544409613373, 1.0)",1,99.76745285365976,15352
"(0.8817204301075269, 1.0)",1,99.76743471582182,15353
"(0.8888888888888888, 1.0)",1,99.76742581090409,15354
"(0.9666666666666668, 1.0)",2,99.76740420073752,15356
"(0.9172932330827066, 1.0)",1,99.76738141650422,15357
"(0.8627450980392157, 1.0)",1,99.7673627026568,15358
"(0.8229166666666666, 1.0)",1,99.76736111111111,15359
"(0.919047619047619, 1.0)",1,99.76734424995294,15360
"(0.8266666666666667, 1.0)",1,99.76731538992408,15361
"(0.9507101086048454, 1.0)",1,99.767279160468,15362
"(0.8339307048984469, 1.0)",8,99.7672640382318,15370
"(0.9230769230769232, 1.0)",1,99.76723276723276,15371
"(0.9696969696969696, 1.0)",1,99.76723276723276,15372
"(0.896551724137931, 1.0)",1,99.76718664477283,15373
"(0.8864468864468864, 1.0)",1,99.7671255947118,15374
"(0.883580779054917, 1.0)",1,99.76712034134448,15375
"(0.9841269841269842, 1.0)",1,99.76711640761984,15376
"(0.8888888888888888, 1.0)",2,99.76700375490698,15378
"(0.8977777777777779, 1.0)",1,99.76699792960662,15379
"(0.8622222222222222, 1.0)",2,99.76698412698413,15381
"(0.9444444444444444, 1.0)",3,99.76695526695526,15384
"(0.9391865079365078, 1.0)",1,99.76695130553829,15385
"(0.9135802469135802, 1.0)",1,99.7669273828694,15386
"(0.8883205456095482, 1.0)",1,99.7669202068179,15387
"(0.9466207660652104, 1.0)",1,99.76688225505517,15388
"(0.9363636363636364, 1.0)",1,99.76686743208482,15389
"(0.8977777777777779, 1.0)",1,99.7667995169082,15390
"(0.8616898148148148, 1.0)",1,99.7667824074074,15391
"(0.875, 1.0)",2,99.7667748917749,15393
"(0.8415692007797271, 1.0)",2,99.76677174707602,15395
"(1.0, 1.0)",1,99.76673567977916,15396
"(0.8817204301075269, 1.0)",1,99.7667021150892,15397
"(0.900854700854701, 1.0)",1,99.7667021150892,15398
"(0.9135802469135802, 1.0)",1,99.76665371018194,15399
"(0.8870701058201058, 1.0)",2,99.76658978174603,15401
"(0.8822954822954823, 1.0)",1,99.76658946377697,15402
"(0.9696969696969696, 1.0)",1,99.76656092445566,15403
"(0.9135802469135802, 1.0)",1,99.7665544332211,15404
"(0.7982954545454546, 1.0)",5,99.7665494227994,15409
"(0.9, 1.0)",1,99.76652236652237,15410
"(0.9047619047619048, 1.0)",6,99.76649958228906,15416
"(0.9172932330827066, 1.0)",2,99.76649958228906,15418
"(0.9230769230769232, 1.0)",1,99.76649139910008,15419
"(0.8977777777777779, 1.0)",1,99.76646464646464,15420
"(0.9565217391304348, 1.0)",1,99.76644237405108,15421
"(0.875, 1.0)",2,99.76644237405108,15423
"(0.8611111111111112, 1.0)",2,99.7664351851852,15425
"(0.833064949006978, 1.0)",1,99.7663982823403,15426
"(0.9135802469135802, 1.0)",2,99.76639409972744,15428
"(0.8686868686868687, 1.0)",1,99.76639409972744,15429
"(0.9333333333333332, 1.0)",1,99.7663929939792,15430
"(0.9142520753512132, 1.0)",1,99.76633540868454,15431
"(0.9841269841269842, 1.0)",1,99.7663308913309,15432
"(1.0, 1.0)",1,99.7663308913309,15433
"(0.9230769230769232, 1.0)",3,99.7663308913309,15436
"(0.875, 1.0)",1,99.7663308913309,15437
"(0.7996201329534663, 1.0)",1,99.76628679962012,15438
"(0.8319664902998236, 1.0)",1,99.7662791683625,15439
"(0.8571428571428572, 1.0)",1,99.76623376623375,15440
"(0.9696969696969696, 1.0)",3,99.76623376623375,15443
"(0.9243650793650792, 1.0)",2,99.7661937830688,15445
"(0.8282352941176471, 1.0)",1,99.76618623206858,15446
"(0.8592532467532467, 1.0)",1,99.76613795404118,15447
"(0.936026936026936, 1.0)",1,99.7661246161246,15448
"(1.0, 1.0)",1,99.76611694152923,15449
"(0.9213117283950616, 1.0)",1,99.76610152827558,15450
"(0.9206349206349206, 1.0)",1,99.76608946608948,15451
"(0.9047619047619048, 1.0)",1,99.76604554865423,15452
"(1.0, 1.0)",2,99.76604554865423,15454
"(0.9565217391304348, 1.0)",1,99.76604554865423,15455
"(0.8571428571428572, 1.0)",1,99.76604554865423,15456
"(0.8253968253968256, 1.0)",2,99.76604554865423,15458
"(0.9841269841269842, 1.0)",2,99.76604554865423,15460
"(0.9565217391304348, 1.0)",1,99.76601766456838,15461
"(0.9206349206349206, 1.0)",1,99.76600592390066,15462
"(0.9444444444444444, 1.0)",1,99.76599326599327,15463
"(0.9445350241545892, 1.0)",1,99.76596206933164,15464
"(0.9047619047619048, 1.0)",1,99.76585052374526,15465
"(0.9230769230769232, 1.0)",8,99.76578976578976,15473
"(0.8888888888888888, 1.0)",1,99.76578976578976,15474
"(0.9333333333333332, 1.0)",1,99.76575694836563,15475
"(0.8897707231040564, 1.0)",1,99.76575019748172,15476
"(0.8423371647509579, 1.0)",1,99.76573783815164,15477
"(0.8423371647509579, 1.0)",1,99.76568372559753,15478
"(0.875, 1.0)",1,99.76567511062396,15479
"(0.9444444444444444, 1.0)",1,99.76567259900594,15480
"(0.8817204301075269, 1.0)",1,99.76555881394592,15481
"(0.9444444444444444, 1.0)",1,99.76551226551226,15482
"(0.9230769230769232, 1.0)",1,99.76550116550116,15483
"(0.9563953488372092, 1.0)",1,99.76549942220606,15484
"(0.9565217391304348, 1.0)",1,99.76548089591569,15485
"(0.8518518518518519, 1.0)",1,99.76543209876544,15486
"(0.9135802469135802, 1.0)",4,99.76543209876544,15490
"(0.8264567669172932, 1.0)",1,99.76541179337232,15491
"(0.875, 1.0)",2,99.7653318903319,15493
"(0.8527131782945736, 1.0)",1,99.76527931586072,15494
"(0.8592532467532467, 1.0)",1,99.76527176527176,15495
"(0.8763636363636363, 1.0)",1,99.76525252525252,15496
"(0.896551724137931, 1.0)",2,99.7652385928248,15498
"(1.0, 1.0)",1,99.76514586354403,15499
"(0.900854700854701, 1.0)",1,99.76514041514042,15500
"(0.947088068181818, 1.0)",1,99.7651228689048,15501
"(0.9841269841269842, 1.0)",1,99.76511481350192,15502
"(0.9023569023569024, 1.0)",1,99.76510200039613,15503
"(0.9333333333333332, 1.0)",1,99.76507936507936,15504
"(0.883580779054917, 1.0)",1,99.76507769263516,15505
"(0.8864468864468864, 1.0)",4,99.76504654765525,15509
"(0.7650293586269196, 1.0)",1,99.76502935862692,15510
"(0.9445350241545892, 1.0)",1,99.7649715320911,15511
"(0.7982954545454546, 1.0)",1,99.76496212121212,15512
"(0.8572796934865898, 1.0)",1,99.7649276011345,15513
"(0.9386724386724388, 1.0)",2,99.76490468595732,15515
"(0.9841269841269842, 1.0)",2,99.76479076479076,15517
"(0.8109668109668109, 1.0)",3,99.76479076479076,15520
"(0.8571428571428572, 1.0)",1,99.76479076479076,15521
"(0.8731060606060606, 1.0)",1,99.76477272727271,15522
"(0.9333333333333332, 1.0)",2,99.76476798055744,15524
"(0.9466207660652104, 1.0)",1,99.76471193415638,15525
"(0.8510802469135802, 1.0)",1,99.76466049382717,15526
"(0.883580779054917, 1.0)",1,99.7645907124086,15527
"(0.9445350241545892, 1.0)",1,99.764588442958,15528
"(0.9444444444444444, 1.0)",1,99.76455026455028,15529
"(0.9224211423699916, 1.0)",1,99.76452640552787,15530
"(0.9243650793650792, 1.0)",2,99.76450396825396,15532
"(0.8571428571428572, 1.0)",1,99.76445824706694,15533
"(0.9565217391304348, 1.0)",1,99.76445824706694,15534
"(0.8571428571428572, 1.0)",1,99.76437470487814,15535
"(0.9230769230769232, 1.0)",1,99.76434676434678,15536
"(0.8571428571428572, 1.0)",1,99.76434676434675,15537
"(0.9841269841269842, 1.0)",1,99.76434676434675,15538
"(1.0, 1.0)",2,99.76434676434675,15540
"(0.9230769230769232, 1.0)",3,99.76434676434675,15543
"(0.9047619047619048, 1.0)",3,99.76434676434675,15546
"(0.9445350241545892, 1.0)",1,99.76432491019447,15547
"(0.9333333333333332, 1.0)",1,99.76431394692264,15548
"(0.9333333333333332, 1.0)",2,99.76430716430716,15550
"(0.8468468468468467, 1.0)",2,99.76430716430716,15552
"(0.8977777777777779, 1.0)",1,99.76430014430017,15553
"(0.8897707231040564, 1.0)",2,99.7642818802239,15555
"(0.9391865079365078, 1.0)",1,99.76426881246326,15556
"(0.8439484126984128, 1.0)",1,99.76425904591228,15557
"(0.8612121212121212, 1.0)",1,99.76424242424244,15558
"(0.8897707231040564, 1.0)",1,99.76422959756292,15559
"(0.9364583333333332, 1.0)",1,99.76422647170632,15560
"(0.8833628057765988, 1.0)",1,99.76418138534518,15561
"(0.8888888888888888, 1.0)",1,99.76411892201368,15562
"(0.8867623604465709, 1.0)",1,99.76410723779144,15563
"(0.9740143369175628, 1.0)",1,99.76410627249862,15564
"(0.9230769230769232, 1.0)",4,99.7640730916593,15568
"(0.9168478260869564, 1.0)",1,99.7640713351487,15569
"(0.8888888888888888, 1.0)",1,99.76406926406926,15570
"(0.8977777777777779, 1.0)",1,99.76402647161268,15571
"(0.896551724137931, 1.0)",2,99.76395592487546,15573
"(0.9302579365079364, 1.0)",1,99.76393837892492,15574
"(0.9592592592592591, 1.0)",1,99.7638927045177,15575
"(0.875, 1.0)",13,99.76388888888889,15588
"(0.8888888888888888, 1.0)",1,99.76388888888889,15589
"(0.9740143369175628, 1.0)",1,99.7638839640342,15590
"(0.9696969696969696, 1.0)",1,99.76388104648974,15591
"(0.9696969696969696, 1.0)",1,99.7638202011267,15592
"(0.8731060606060606, 1.0)",1,99.76381373256372,15593
"(0.8402777777777779, 1.0)",1,99.7637987012987,15594
"(0.8864468864468864, 1.0)",1,99.76378130725956,15595
"(0.8977777777777779, 1.0)",1,99.76373897707232,15596
"(0.932852564102564, 1.0)",1,99.76372190566636,15597
"(0.8888888888888888, 1.0)",2,99.76369098363983,15599
"(0.9841269841269842, 1.0)",1,99.76355464527508,15600
"(1.0, 1.0)",1,99.76352813852812,15601
"(0.9363636363636364, 1.0)",1,99.7635241301908,15602
"(0.9194577352472088, 1.0)",1,99.76346927925876,15603
"(0.8864468864468864, 1.0)",1,99.76343101343102,15604
"(0.8498168498168498, 1.0)",1,99.76339709673044,15605
"(0.9589484126984128, 1.0)",1,99.76337505087506,15606
"(0.8675136116152449, 1.0)",1,99.76336655094644,15607
"(0.9841269841269842, 1.0)",1,99.76334776334777,15608
"(0.9047619047619048, 1.0)",2,99.76334776334777,15610
"(0.8888888888888888, 1.0)",2,99.76334776334777,15612
"(0.8571428571428572, 1.0)",1,99.76334776334777,15613
"(0.8109668109668109, 1.0)",1,99.76334776334777,15614
"(0.9696969696969696, 1.0)",3,99.76334776334777,15617
"(0.8883205456095482, 1.0)",1,99.76332054560956,15618
"(0.9135802469135802, 1.0)",1,99.7633198792619,15619
"(0.9351258309591644, 1.0)",1,99.76328941120607,15620
"(0.875, 1.0)",1,99.76325396825396,15621
"(0.904126984126984, 1.0)",1,99.76325396825396,15622
"(0.9565217391304348, 1.0)",1,99.76324442820606,15623
"(0.8425925925925927, 1.0)",4,99.76322751322752,15627
"(0.9333333333333332, 1.0)",1,99.7632183908046,15628
"(0.8622222222222222, 1.0)",1,99.76318840579712,15629
"(0.8925865800865801, 1.0)",1,99.7631758056758,15630
"(0.9264176245210728, 1.0)",1,99.76314029477196,15631
"(0.8831064306064307, 1.0)",1,99.76313288563288,15632
"(0.9065438871473354, 1.0)",1,99.7631179612214,15633
"(0.9213117283950616, 1.0)",1,99.763104657688,15634
"(0.8817204301075269, 1.0)",1,99.76308061581554,15635
"(0.8686868686868687, 1.0)",1,99.76307026307026,15636
"(0.8817204301075269, 1.0)",1,99.76301787662236,15637
"(0.9391865079365078, 1.0)",1,99.76295033670031,15638
"(0.9841269841269842, 1.0)",1,99.76287567796189,15639
"(0.9224211423699916, 1.0)",1,99.76287484071842,15640
"(0.9565217391304348, 1.0)",2,99.76287094547963,15642
"(0.9333333333333332, 1.0)",1,99.76287094547963,15643
"(0.8977777777777779, 1.0)",1,99.76285714285714,15644
"(0.8487103174603176, 1.0)",1,99.76285173160171,15645
"(0.896551724137931, 1.0)",1,99.76280041797284,15646
"(0.9109477124183006, 1.0)",1,99.76279956427015,15647
"(0.8897707231040564, 1.0)",2,99.76278659611992,15649
"(0.9224211423699916, 1.0)",1,99.76278126533882,15650
"(0.9213117283950616, 1.0)",1,99.76274691358024,15651
"(1.0, 1.0)",1,99.7627401837928,15652
"(0.8731060606060606, 1.0)",1,99.7627358450728,15653
"(0.8266666666666667, 1.0)",1,99.7626936026936,15654
"(0.8867623604465709, 1.0)",1,99.76266423634844,15655
"(0.8867623604465709, 1.0)",1,99.76265377981623,15656
"(0.8883205456095482, 1.0)",1,99.76263511992413,15657
"(0.9444444444444444, 1.0)",1,99.76262626262628,15658
"(0.9592592592592591, 1.0)",1,99.76261592741936,15659
"(0.8952020202020202, 1.0)",3,99.76259874384874,15662
"(0.9333333333333332, 1.0)",1,99.76258234519103,15663
"(0.9444444444444444, 1.0)",2,99.76255875378682,15665
"(0.909722222222222, 1.0)",1,99.76253607503608,15666
"(0.8498168498168498, 1.0)",1,99.76251526251528,15667
"(0.896551724137931, 1.0)",1,99.76251292343248,15668
"(0.8817204301075269, 1.0)",1,99.76247439836148,15669
"(0.8611111111111112, 1.0)",1,99.76246749595896,15670
"(0.808641975308642, 1.0)",1,99.7624659291326,15671
"(0.8785714285714287, 1.0)",1,99.762447786132,15672
"(0.8771929824561403, 1.0)",1,99.76244430520748,15673
"(0.9444444444444444, 1.0)",1,99.76243804504674,15674
"(0.8817204301075269, 1.0)",2,99.76239913837244,15676
"(0.896551724137931, 1.0)",4,99.76239913837244,15680
"(0.8376068376068376, 1.0)",2,99.76238254499124,15682
"(0.9364583333333332, 1.0)",1,99.76235989278752,15683
"(0.8275809031622985, 1.0)",1,99.76235654418794,15684
"(0.919047619047619, 1.0)",1,99.7623078071354,15685
"(0.875, 1.0)",1,99.76221804511276,15686
"(0.8518518518518519, 1.0)",1,99.76219754480624,15687
"(1.0, 1.0)",1,99.76216437235928,15688
"(0.9391865079365078, 1.0)",1,99.7621591781874,15689
"(0.8281746031746032, 1.0)",1,99.76211691086692,15690
"(0.9019607843137254, 1.0)",2,99.76210356014803,15692
"(0.8055555555555555, 1.0)",2,99.762077294686,15694
"(0.9565217391304348, 1.0)",1,99.762077294686,15695
"(0.9104993386243384, 1.0)",1,99.7620734126984,15696
"(0.9135802469135802, 1.0)",1,99.76206509539844,15697
"(0.8731060606060606, 1.0)",1,99.7619813329372,15698
"(0.9230769230769232, 1.0)",1,99.76195834816524,15699
"(0.8547544409613373, 1.0)",1,99.76195834816524,15700
"(0.9841269841269842, 1.0)",6,99.76190476190476,15706
"(0.8571428571428572, 1.0)",2,99.76190476190476,15708
"(0.9047619047619048, 1.0)",4,99.76190476190476,15712
"(0.9444444444444444, 1.0)",1,99.76190476190476,15713
"(0.8888888888888888, 1.0)",5,99.76190476190476,15718
"(0.7777777777777776, 1.0)",1,99.76190476190476,15719
"(0.9135802469135802, 1.0)",1,99.7618768778189,15720
"(0.8109668109668109, 1.0)",4,99.76176046176046,15724
"(0.932852564102564, 1.0)",2,99.76172564450005,15726
"(0.8904991948470209, 1.0)",2,99.76169992394249,15728
"(0.8109668109668109, 1.0)",5,99.76167691957166,15733
"(0.9507101086048454, 1.0)",1,99.76167691957166,15734
"(0.8571428571428572, 1.0)",2,99.76167691957166,15736
"(0.7616334283000951, 1.0)",1,99.76163342830009,15737
"(0.8740392648287385, 1.0)",1,99.76161983240932,15738
"(0.9333333333333332, 1.0)",1,99.76161616161616,15739
"(0.8831064306064307, 1.0)",1,99.76158376245333,15740
"(0.7932875667429442, 1.0)",1,99.76154153499692,15741
"(0.9306746031746032, 1.0)",1,99.76153880070548,15742
"(0.9230769230769232, 1.0)",2,99.7614937712977,15744
"(0.8170426065162907, 1.0)",2,99.76148705096074,15746
"(0.896551724137931, 1.0)",1,99.761486789073,15747
"(0.875, 1.0)",2,99.76144688644688,15749
"(0.936026936026936, 1.0)",1,99.76142376142376,15750
"(0.8253968253968256, 1.0)",1,99.76142376142376,15751
"(0.8551296720061023, 1.0)",1,99.76140002202644,15752
"(0.9333333333333332, 1.0)",2,99.76138831928306,15754
"(0.9696969696969696, 1.0)",1,99.76138831928306,15755
"(0.8925865800865801, 1.0)",1,99.76136706789146,15756
"(0.8952380952380952, 1.0)",1,99.76135632885632,15757
"(0.8883205456095482, 1.0)",1,99.76133641862542,15758
"(0.8803174603174604, 1.0)",1,99.76126984126984,15759
"(0.8740392648287385, 1.0)",1,99.76124997078944,15760
"(0.8867623604465709, 1.0)",2,99.76122123490543,15762
"(0.9444444444444444, 1.0)",1,99.76118326118326,15763
"(0.9333333333333332, 1.0)",1,99.76117216117215,15764
"(0.9047619047619048, 1.0)",1,99.76117216117215,15765
"(0.9841269841269842, 1.0)",1,99.76113934374804,15766
"(0.9109477124183006, 1.0)",1,99.76111606258664,15767
"(0.9047619047619048, 1.0)",1,99.76111111111112,15768
"(0.8897707231040564, 1.0)",1,99.76105499438832,15769
"(0.8803174603174604, 1.0)",1,99.76099616858238,15770
"(0.9444444444444444, 1.0)",1,99.76098826098826,15771
"(0.8952020202020202, 1.0)",1,99.76094276094275,15772
"(0.8112794612794614, 1.0)",2,99.7609090909091,15774
"(0.8864468864468864, 1.0)",1,99.76090576090576,15775
"(0.896551724137931, 1.0)",2,99.76084207965636,15777
"(0.9224211423699916, 1.0)",4,99.76080498075385,15781
"(0.8518518518518519, 1.0)",2,99.76075454336323,15783
"(0.896551724137931, 1.0)",1,99.76072137091629,15784
"(0.875, 1.0)",1,99.76071428571429,15785
"(0.9333333333333332, 1.0)",1,99.76071428571429,15786
"(0.9047619047619048, 1.0)",1,99.76070077153668,15787
"(0.7765567765567766, 1.0)",15,99.76068376068376,15802
"(0.8376068376068375, 1.0)",1,99.76068376068376,15803
"(0.8817204301075269, 1.0)",1,99.7605083088954,15804
"(0.8627450980392157, 1.0)",2,99.76045232907978,15806
"(0.9194577352472088, 1.0)",1,99.76043897622844,15807
"(0.9696969696969696, 1.0)",1,99.76043387637591,15808
"(0.9135802469135802, 1.0)",9,99.76042709376044,15817
"(0.8468468468468467, 1.0)",1,99.76042709376044,15818
"(0.9023569023569024, 1.0)",1,99.76038159371492,15819
"(0.8129629629629629, 1.0)",1,99.76035692951017,15820
"(0.8817204301075269, 1.0)",1,99.76032009131588,15821
"(0.8415692007797271, 1.0)",1,99.76031920077972,15822
"(0.9674603174603176, 1.0)",1,99.76031641466425,15823
"(0.8271652864044169, 1.0)",1,99.76026713825628,15824
"(0.8832772166105499, 1.0)",1,99.76026134359468,15825
"(0.9507101086048454, 1.0)",1,99.76023391812863,15826
"(0.8888888888888888, 1.0)",1,99.76023391812863,15827
"(0.9224211423699916, 1.0)",1,99.76020499594333,15828
"(0.9248366013071896, 1.0)",1,99.76019013666073,15829
"(0.9135802469135802, 1.0)",2,99.76017809351144,15831
"(0.9230769230769232, 1.0)",1,99.76017809351144,15832
"(0.8571428571428572, 1.0)",4,99.76017316017315,15836
"(0.9333333333333332, 1.0)",1,99.76017316017315,15837
"(0.875, 1.0)",1,99.76009316770188,15838
"(0.9696969696969696, 1.0)",1,99.76008532530273,15839
"(0.9172932330827066, 1.0)",2,99.76000607579556,15841
"(0.9444444444444444, 1.0)",1,99.76000607579554,15842
"(0.8266666666666667, 1.0)",1,99.76,15843
"(0.8904991948470209, 1.0)",1,99.75998773100224,15844
"(0.900854700854701, 1.0)",2,99.75998168498168,15846
"(0.8415692007797271, 1.0)",1,99.75993854234352,15847
"(0.9565217391304348, 1.0)",2,99.75989032510772,15849
"(0.8666666666666667, 1.0)",1,99.75988455988455,15850
"(0.922050500014663, 1.0)",1,99.75986276941347,15851
"(0.919047619047619, 1.0)",1,99.75986177565125,15852
"(0.8439484126984128, 1.0)",2,99.75985677796022,15854
"(0.773034398034398, 1.0)",1,99.75983995358996,15855
"(0.922050500014663, 1.0)",1,99.7598343060467,15856
"(0.8867623604465709, 1.0)",3,99.75977823346244,15859
"(0.936026936026936, 1.0)",1,99.75975291764766,15860
"(0.9230769230769232, 1.0)",1,99.75973409306742,15861
"(0.9333333333333332, 1.0)",1,99.75971747550696,15862
"(0.773034398034398, 1.0)",2,99.75970106470106,15864
"(0.8376068376068376, 1.0)",1,99.75968475968476,15865
"(0.9466207660652104, 1.0)",1,99.75967770289496,15866
"(0.9109477124183006, 1.0)",1,99.75967306114364,15867
"(0.8832772166105499, 1.0)",1,99.7596408529742,15868
"(0.8897707231040564, 1.0)",1,99.75961199294532,15869
"(0.8883205456095482, 1.0)",1,99.7596048168938,15870
"(0.9230769230769232, 1.0)",1,99.75958485958486,15871
"(0.8271652864044169, 1.0)",1,99.75957248046484,15872
"(0.8151260504201681, 1.0)",1,99.75957049486462,15873
"(0.9087026014109348, 1.0)",1,99.75956861448284,15874
"(0.9444444444444444, 1.0)",2,99.75955204216072,15876
"(0.9565217391304348, 1.0)",2,99.75955204216072,15878
"(0.9841269841269842, 1.0)",1,99.75955204216072,15879
"(0.8468468468468467, 1.0)",1,99.75954525954526,15880
"(0.8666666666666667, 1.0)",1,99.75953743273188,15881
"(0.9027274557165862, 1.0)",2,99.75951757917338,15883
"(0.9023569023569024, 1.0)",1,99.75949975949976,15884
"(0.8817204301075269, 1.0)",1,99.7594982078853,15885
"(0.896551724137931, 1.0)",1,99.7594665870528,15886
"(0.8864468864468864, 1.0)",2,99.75946275946276,15888
"(0.9333333333333332, 1.0)",3,99.75944055944056,15891
"(0.808641975308642, 1.0)",1,99.75943562610227,15892
"(0.9243650793650792, 1.0)",1,99.75940527065526,15893
"(0.8055555555555555, 1.0)",2,99.75937950937951,15895
"(0.808641975308642, 1.0)",1,99.75935208391348,15896
"(0.896551724137931, 1.0)",1,99.75929682217716,15897
"(1.0, 1.0)",1,99.75929682217716,15898
"(0.9023809523809524, 1.0)",2,99.7592959671907,15900
"(0.833064949006978, 1.0)",1,99.75928365783436,15901
"(0.9696969696969696, 1.0)",1,99.75923491712965,15902
"(0.8053221288515406, 1.0)",2,99.7591460826755,15904
"(0.8257407407407408, 1.0)",2,99.7591274928775,15906
"(0.8083333333333333, 1.0)",1,99.759126984127,15907
"(0.947088068181818, 1.0)",1,99.7591187741014,15908
"(0.9696969696969696, 1.0)",2,99.7590653074524,15910
"(0.8977777777777779, 1.0)",1,99.75906142167013,15911
"(0.9230769230769232, 1.0)",6,99.75905575905576,15917
"(0.8666666666666667, 1.0)",3,99.75902777777776,15920
"(0.896551724137931, 1.0)",1,99.7590225866088,15921
"(0.9047619047619048, 1.0)",1,99.7589908749329,15922
"(0.8542199488491048, 1.0)",2,99.758981853611,15924
"(0.8864468864468864, 1.0)",1,99.75898175898176,15925
"(0.9674603174603176, 1.0)",1,99.75894660894662,15926
"(0.9841269841269842, 1.0)",1,99.75891982413722,15927
"(0.8817204301075269, 1.0)",1,99.75887708987288,15928
"(0.883876357560568, 1.0)",1,99.75887635756057,15929
"(0.875, 1.0)",2,99.75887635756057,15931
"(0.9444444444444444, 1.0)",1,99.75883838383838,15932
"(0.8666666666666667, 1.0)",1,99.7587962962963,15933
"(0.9224211423699916, 1.0)",1,99.75878477873364,15934
"(0.8622222222222222, 1.0)",2,99.75877394636017,15936
"(0.8253968253968256, 1.0)",3,99.75873015873016,15939
"(1.0, 1.0)",4,99.75873015873016,15943
"(0.8888888888888888, 1.0)",1,99.75873015873016,15944
"(0.9333333333333332, 1.0)",3,99.75873015873016,15947
"(0.8345959595959597, 1.0)",3,99.75872345247345,15950
"(0.8498168498168498, 1.0)",1,99.75871954132823,15951
"(0.8904991948470209, 1.0)",1,99.7586696209122,15952
"(0.9230769230769232, 1.0)",1,99.75865384615383,15953
"(0.9523809523809524, 1.0)",1,99.7586513024013,15954
"(0.9230769230769232, 1.0)",1,99.7586213070084,15955
"(0.9047619047619048, 1.0)",1,99.75856307435257,15956
"(0.8350168350168351, 1.0)",1,99.75853775853776,15957
"(0.936026936026936, 1.0)",1,99.75853775853776,15958
"(0.9104993386243384, 1.0)",2,99.7585276991527,15960
"(0.9168478260869564, 1.0)",1,99.75847211670822,15961
"(0.9841269841269842, 1.0)",1,99.75845648604268,15962
"(0.8373015873015873, 1.0)",1,99.7584301663249,15963
"(0.9407729468599032, 1.0)",1,99.75842506326202,15964
"(0.9327096052096052, 1.0)",2,99.75842017617634,15966
"(0.9521531100478468, 1.0)",1,99.7584144815266,15967
"(0.9391865079365078, 1.0)",1,99.75839404024887,15968
"(0.9674603174603176, 1.0)",1,99.75838715378188,15969
"(0.9230769230769232, 1.0)",1,99.75838654099525,15970
"(0.8666666666666667, 1.0)",2,99.75837962962964,15972
"(0.9444444444444444, 1.0)",1,99.75829725829726,15973
"(0.9841269841269842, 1.0)",1,99.75829725829726,15974
"(0.9135802469135802, 1.0)",1,99.75827721661057,15975
"(0.875, 1.0)",2,99.75827721661057,15977
"(0.9841269841269842, 1.0)",1,99.7582592173385,15978
"(0.865079365079365, 1.0)",1,99.75816993464052,15979
"(0.8977777777777779, 1.0)",1,99.7581498580987,15980
"(0.8666666666666667, 1.0)",1,99.75814814814817,15981
"(0.9386724386724388, 1.0)",1,99.75811688311688,15982
"(0.9444444444444444, 1.0)",2,99.75810904071774,15984
"(0.8571428571428572, 1.0)",2,99.75810904071771,15986
"(0.9047619047619048, 1.0)",1,99.75810904071771,15987
"(0.8833628057765988, 1.0)",1,99.75809637660392,15988
"(0.8350168350168351, 1.0)",1,99.75809375809376,15989
"(0.8817204301075269, 1.0)",1,99.75808406647116,15990
"(0.8763636363636363, 1.0)",2,99.75808406647116,15992
"(0.8686868686868687, 1.0)",1,99.75806941596414,15993
"(0.8904991948470209, 1.0)",1,99.75801280646226,15994
"(0.9592592592592591, 1.0)",1,99.75795013114458,15995
"(0.8547544409613373, 1.0)",1,99.75792904413596,15996
"(0.9333333333333332, 1.0)",1,99.75787545787546,15997
"(0.9302579365079364, 1.0)",1,99.75786754710668,15998
"(0.9047619047619048, 1.0)",2,99.75783536803029,16000
"(0.8822954822954823, 1.0)",1,99.75780053280052,16001
"(0.8373015873015873, 1.0)",1,99.7577922077922,16002
"(0.883876357560568, 1.0)",1,99.7577740647916,16003
"(0.9023569023569024, 1.0)",2,99.75776815776815,16005
"(0.9841269841269842, 1.0)",1,99.75773609106945,16006
"(0.8864468864468864, 1.0)",1,99.75773115773116,16007
"(0.9333333333333332, 1.0)",1,99.75770019030888,16008
"(0.896551724137931, 1.0)",2,99.75763186782676,16010
"(0.8817204301075269, 1.0)",3,99.7576223060094,16013
"(0.8888888888888888, 1.0)",2,99.75757575757576,16015
"(0.8686868686868687, 1.0)",1,99.75757575757576,16016
"(0.9047619047619048, 1.0)",4,99.75757575757576,16020
"(0.896551724137931, 1.0)",1,99.75754478650398,16021
"(0.8817204301075269, 1.0)",1,99.7574780058651,16022
"(0.8498168498168498, 1.0)",1,99.75746475746476,16023
"(0.9666666666666668, 1.0)",1,99.7574035733456,16024
"(0.9444444444444444, 1.0)",1,99.75739538239536,16025
"(0.9230769230769232, 1.0)",1,99.75737643998514,16026
"(0.9841269841269842, 1.0)",1,99.75735068220835,16027
"(0.9224211423699916, 1.0)",1,99.75734177729063,16028
"(0.9194577352472088, 1.0)",1,99.75732513100934,16029
"(0.8527777777777779, 1.0)",1,99.75731184020655,16030
"(0.9521531100478468, 1.0)",2,99.75729684058632,16032
"(0.9135802469135802, 1.0)",2,99.75729209062544,16034
"(0.8518518518518519, 1.0)",1,99.7572631072631,16035
"(0.904126984126984, 1.0)",1,99.75720044739536,16036
"(0.875, 1.0)",1,99.75719696969696,16037
"(0.8468468468468467, 1.0)",1,99.75719253980124,16038
"(0.9087026014109348, 1.0)",1,99.75718143738978,16039
"(0.8817204301075269, 1.0)",1,99.7571783055654,16040
"(0.8888888888888888, 1.0)",1,99.75714699074074,16041
"(0.8373015873015873, 1.0)",1,99.75714285714288,16042
"(0.9047619047619048, 1.0)",1,99.75714285714284,16043
"(0.9615343915343916, 1.0)",1,99.75712962962965,16044
"(0.8112794612794614, 1.0)",1,99.7571127946128,16045
"(0.8350168350168351, 1.0)",1,99.75709475709476,16046
"(0.8831018518518517, 1.0)",1,99.75702509636334,16047
"(0.8616898148148148, 1.0)",2,99.75694444444444,16049
"(0.8977777777777779, 1.0)",1,99.75690476190476,16050
"(0.9172932330827066, 1.0)",1,99.75689223057644,16051
"(0.8666666666666667, 1.0)",1,99.75685425685424,16052
"(0.8817204301075269, 1.0)",2,99.75672043010752,16054
"(1.0, 1.0)",2,99.75672043010752,16056
"(0.8731060606060606, 1.0)",1,99.7566378066378,16057
"(0.8518518518518519, 1.0)",5,99.75661375661376,16062
"(0.9047619047619048, 1.0)",4,99.75661375661376,16066
"(0.896551724137931, 1.0)",2,99.75658058416678,16068
"(0.9363636363636364, 1.0)",1,99.75656565656566,16069
"(0.9841269841269842, 1.0)",1,99.75655542017098,16070
"(0.8, 1.0)",2,99.75652173913043,16072
"(0.9507101086048454, 1.0)",1,99.75643819694164,16073
"(0.9230769230769232, 1.0)",2,99.75643679991506,16075
"(0.8170426065162907, 1.0)",1,99.75643654591023,16076
"(0.8822954822954823, 1.0)",2,99.7564214401499,16078
"(0.9230769230769232, 1.0)",1,99.75641025641023,16079
"(0.9047619047619048, 1.0)",1,99.75641025641023,16080
"(0.8977777777777779, 1.0)",5,99.75636363636364,16085
"(0.875, 1.0)",1,99.75636018570802,16086
"(0.9023569023569024, 1.0)",1,99.75632515632516,16087
"(0.9047619047619048, 1.0)",1,99.75629308962642,16088
"(0.9696969696969696, 1.0)",1,99.75629308962642,16089
"(0.8888888888888888, 1.0)",3,99.75629308962642,16092
"(0.9302579365079364, 1.0)",1,99.75628357753358,16093
"(0.9230769230769232, 1.0)",1,99.75627432149172,16094
"(0.8055555555555555, 1.0)",4,99.7562656641604,16098
"(0.8970659722222223, 1.0)",1,99.75617371632995,16099
"(0.8571428571428572, 1.0)",1,99.75614457558902,16100
"(0.7996201329534663, 1.0)",8,99.7561418720839,16108
"(0.8952020202020202, 1.0)",1,99.7561369067014,16109
"(0.9230769230769232, 1.0)",2,99.7561365837228,16111
"(0.8498168498168499, 1.0)",1,99.75602175602177,16112
"(0.932852564102564, 1.0)",1,99.7560143354588,16113
"(0.9497685185185184, 1.0)",2,99.75598975880048,16115
"(0.8686868686868687, 1.0)",1,99.75598845598846,16116
"(0.9696969696969696, 1.0)",1,99.7559629912571,16117
"(0.875, 1.0)",1,99.75595238095238,16118
"(0.9444444444444444, 1.0)",1,99.75595238095238,16119
"(0.8487103174603176, 1.0)",2,99.75591422466422,16121
"(0.909722222222222, 1.0)",3,99.75587606837608,16124
"(0.9841269841269842, 1.0)",1,99.75584415584416,16125
"(0.9333333333333332, 1.0)",1,99.75584415584416,16126
"(0.9230769230769232, 1.0)",2,99.75584375840133,16128
"(0.9248366013071896, 1.0)",1,99.75583566760037,16129
"(0.9444444444444444, 1.0)",1,99.7558024691358,16130
"(0.8803174603174604, 1.0)",1,99.75577533577534,16131
"(0.9565217391304348, 1.0)",1,99.7557747736776,16132
"(0.8151260504201681, 1.0)",7,99.7557747736776,16139
"(0.9264176245210728, 1.0)",1,99.75576947637292,16140
"(0.9047619047619048, 1.0)",1,99.75575632097372,16141
"(0.875, 1.0)",1,99.75575396825396,16142
"(0.8468468468468467, 1.0)",1,99.75574953835824,16143
"(0.9444444444444444, 1.0)",1,99.75573192239858,16144
"(0.9230769230769232, 1.0)",1,99.75568875568877,16145
"(0.9135802469135802, 1.0)",3,99.75568551007149,16148
"(0.875, 1.0)",1,99.75567870826492,16149
"(0.896551724137931, 1.0)",1,99.75567870826492,16150
"(0.9135802469135802, 1.0)",1,99.75566778900112,16151
"(0.936026936026936, 1.0)",1,99.7556555832418,16152
"(0.9172932330827066, 1.0)",1,99.7556401660588,16153
"(0.9264176245210728, 1.0)",1,99.75562139274923,16154
"(0.8897707231040564, 1.0)",2,99.75561813733856,16156
"(0.9445350241545892, 1.0)",1,99.75556897477188,16157
"(0.8750600325600326, 1.0)",1,99.75555585095908,16158
"(0.9047619047619048, 1.0)",2,99.75555555555556,16160
"(0.7555555555555554, 1.0)",22,99.75555555555556,16182
"(0.8627450980392157, 1.0)",2,99.7555189908131,16184
"(0.9230769230769232, 1.0)",1,99.7555189908131,16185
"(1.0, 1.0)",1,99.7555189908131,16186
"(0.9674603174603176, 1.0)",1,99.75549943883276,16187
"(0.922050500014663, 1.0)",1,99.7554770437254,16188
"(0.9, 1.0)",1,99.75547201336676,16189
"(0.9740143369175628, 1.0)",1,99.75542541389316,16190
"(0.9444444444444444, 1.0)",1,99.75541125541126,16191
"(0.8571428571428572, 1.0)",1,99.75541125541125,16192
"(0.9696969696969696, 1.0)",2,99.75541125541125,16194
"(0.9444444444444444, 1.0)",3,99.75541125541125,16197
"(0.8888888888888888, 1.0)",1,99.75541125541125,16198
"(0.9023809523809524, 1.0)",1,99.75538847117797,16199
"(0.9674603174603176, 1.0)",1,99.7553391053391,16200
"(0.9135802469135802, 1.0)",1,99.75528298861632,16201
"(1.0, 1.0)",1,99.75518341307816,16202
"(0.9023569023569024, 1.0)",1,99.75517075517077,16203
"(0.8888888888888888, 1.0)",1,99.75515873015873,16204
"(0.8592532467532467, 1.0)",2,99.75514971139972,16206
"(0.833064949006978, 1.0)",1,99.7551428710849,16207
"(1.0, 1.0)",1,99.7551375827238,16208
"(0.9696969696969696, 1.0)",1,99.7551375827238,16209
"(0.896551724137931, 1.0)",1,99.7551375827238,16210
"(0.9223809523809524, 1.0)",1,99.7551158026158,16211
"(0.9841269841269842, 1.0)",1,99.75506715506717,16212
"(0.8376068376068376, 1.0)",1,99.75506715506717,16213
"(1.0, 1.0)",1,99.75504266265136,16214
"(0.875, 1.0)",1,99.75504266265136,16215
"(0.8550741594067247, 1.0)",1,99.75502947159993,16216
"(0.8518518518518519, 1.0)",1,99.75502645502644,16217
"(0.8731060606060606, 1.0)",1,99.75497334455667,16218
"(0.7708333333333334, 1.0)",25,99.75496031746032,16243
"(0.8550741594067247, 1.0)",1,99.75491872962871,16244
"(0.896551724137931, 1.0)",1,99.75490974039069,16245
"(0.9333333333333332, 1.0)",1,99.75488215488215,16246
"(0.9224211423699916, 1.0)",1,99.75485168108236,16247
"(0.8571428571428572, 1.0)",3,99.75485008818342,16250
"(0.8888888888888888, 1.0)",2,99.75485008818342,16252
"(0.9135802469135802, 1.0)",9,99.75485008818342,16261
"(0.7982954545454546, 1.0)",2,99.75481719367588,16263
"(0.8452297093744462, 1.0)",1,99.75481304270778,16264
"(0.9444444444444444, 1.0)",1,99.75480367585632,16265
"(0.8977777777777779, 1.0)",1,99.75477633477634,16266
"(0.9589484126984128, 1.0)",1,99.75475281084655,16267
"(0.8469839324618735, 1.0)",1,99.75474600256769,16268
"(0.9047619047619048, 1.0)",1,99.7547363031234,16269
"(0.8817204301075269, 1.0)",3,99.7547363031234,16272
"(0.9444444444444444, 1.0)",2,99.7547363031234,16274
"(0.8888888888888888, 1.0)",1,99.7547363031234,16275
"(0.9841269841269842, 1.0)",2,99.7547363031234,16277
"(0.8469839324618735, 1.0)",1,99.75473482851922,16278
"(0.9445350241545892, 1.0)",1,99.7547273318469,16279
"(0.9565217391304348, 1.0)",1,99.75466076485569,16280
"(0.8731060606060606, 1.0)",1,99.75460297418633,16281
"(0.8423371647509579, 1.0)",1,99.75459967076348,16282
"(0.8586378737541528, 1.0)",1,99.75459892901654,16283
"(0.875, 1.0)",1,99.75459866220736,16284
"(0.9230769230769232, 1.0)",1,99.75459866220736,16285
"(0.8498168498168499, 1.0)",3,99.75457875457876,16288
"(0.9333333333333332, 1.0)",3,99.75457792207791,16291
"(0.896551724137931, 1.0)",1,99.75454928213549,16292
"(1.0, 1.0)",2,99.75453377032323,16294
"(0.8859337035751476, 1.0)",1,99.75452564664288,16295
"(0.8627450980392157, 1.0)",1,99.7545199898141,16296
"(0.8888888888888888, 1.0)",2,99.75450153711024,16298
"(0.8468468468468467, 1.0)",1,99.75449475449476,16299
"(0.9172932330827066, 1.0)",1,99.75449368047803,16300
"(0.936026936026936, 1.0)",1,99.75443963443963,16301
"(0.8498168498168499, 1.0)",2,99.75443445443446,16303
"(0.8686868686868687, 1.0)",1,99.75440115440117,16304
"(0.8888888888888888, 1.0)",1,99.75439814814814,16305
"(0.9224211423699916, 1.0)",1,99.7543637569213,16306
"(0.8319664902998236, 1.0)",1,99.75435413849392,16307
"(0.9386724386724388, 1.0)",2,99.75432116192984,16309
"(0.919047619047619, 1.0)",1,99.75429449777276,16310
"(0.8616898148148148, 1.0)",1,99.7542824074074,16311
"(0.8873002904865649, 1.0)",1,99.75425185743812,16312
"(0.9230769230769232, 1.0)",1,99.75424575424576,16313
"(0.9172932330827066, 1.0)",1,99.75423407002354,16314
"(0.9023569023569024, 1.0)",1,99.75420875420876,16315
"(0.900854700854701, 1.0)",4,99.75420183681054,16319
"(0.9333333333333332, 1.0)",1,99.75417331206803,16320
"(0.8883205456095482, 1.0)",11,99.75416795984408,16331
"(0.9248366013071896, 1.0)",1,99.75416717411602,16332
"(1.0, 1.0)",1,99.75411748745084,16333
"(0.9841269841269842, 1.0)",1,99.75405753666624,16334
"(0.8666666666666667, 1.0)",2,99.7540554065881,16336
"(0.8468468468468467, 1.0)",2,99.75405075405077,16338
"(0.9841269841269842, 1.0)",1,99.75405075405077,16339
"(0.8958964646464646, 1.0)",1,99.75403437419062,16340
"(0.9171090534979424, 1.0)",1,99.75400720164608,16341
"(0.9740143369175628, 1.0)",1,99.75398347272002,16342
"(0.9841269841269842, 1.0)",2,99.75396825396824,16344
"(0.8888888888888888, 1.0)",1,99.75396825396824,16345
"(1.0, 1.0)",1,99.75396825396824,16346
"(0.8991666666666667, 1.0)",2,99.75392857142856,16348
"(0.9023569023569024, 1.0)",1,99.7538880872214,16349
"(0.9224211423699916, 1.0)",1,99.75384406727116,16350
"(0.9444444444444444, 1.0)",1,99.75382395382395,16351
"(0.8, 1.0)",1,99.75382395382395,16352
"(0.875, 1.0)",1,99.75378787878788,16353
"(0.9444444444444444, 1.0)",1,99.75378003638872,16354
"(0.9047619047619048, 1.0)",2,99.75376984126984,16356
"(0.8589726631393297, 1.0)",2,99.75374779541444,16358
"(0.8013468013468013, 1.0)",2,99.75372775372776,16360
"(0.833064949006978, 1.0)",2,99.7536998696419,16362
"(0.8888888888888888, 1.0)",1,99.7536945812808,16363
"(0.9047619047619048, 1.0)",1,99.7536945812808,16364
"(0.8571428571428572, 1.0)",6,99.7536945812808,16370
"(0.896551724137931, 1.0)",2,99.7536945812808,16372
"(1.0, 1.0)",1,99.7536945812808,16373
"(0.8415692007797271, 1.0)",3,99.75368070039124,16376
"(0.9109477124183006, 1.0)",1,99.75366055513116,16377
"(0.8309016086793863, 1.0)",2,99.75360053012832,16379
"(0.875, 1.0)",2,99.75359966120836,16381
"(0.9391865079365078, 1.0)",1,99.7535973542918,16382
"(0.9224211423699916, 1.0)",1,99.75358997353882,16383
"(0.9445350241545892, 1.0)",1,99.75355771442727,16384
"(0.896551724137931, 1.0)",1,99.75355028113648,16385
"(0.9104993386243384, 1.0)",2,99.75351928164427,16387
"(0.9047619047619048, 1.0)",1,99.75347222222224,16388
"(0.896551724137931, 1.0)",3,99.75346673894768,16391
"(0.9507101086048454, 1.0)",1,99.75346673894768,16392
"(0.8611111111111112, 1.0)",1,99.75345441595442,16393
"(0.7996201329534663, 1.0)",2,99.75344408677742,16395
"(0.9391865079365078, 1.0)",1,99.75344339302671,16396
"(1.0, 1.0)",1,99.75343915343916,16397
"(0.8883205456095482, 1.0)",1,99.75339991068893,16398
"(0.9224211423699916, 1.0)",3,99.75339497334384,16401
"(0.909722222222222, 1.0)",1,99.75328976578976,16402
"(0.9465811965811968, 1.0)",1,99.7532826476963,16403
"(0.9172932330827066, 1.0)",1,99.75327206906157,16404
"(0.9135802469135802, 1.0)",1,99.75326278659614,16405
"(0.9047619047619048, 1.0)",1,99.7531792444073,16406
"(0.9023569023569024, 1.0)",1,99.75315055315056,16407
"(0.8817204301075269, 1.0)",1,99.7531490015361,16408
"(0.9248366013071896, 1.0)",2,99.75311942959,16410
"(0.9135802469135802, 1.0)",2,99.75311848645184,16412
"(0.8468468468468467, 1.0)",1,99.75310403571274,16413
"(0.9104993386243384, 1.0)",1,99.75309082892416,16414
"(0.9841269841269842, 1.0)",1,99.7530654593473,16415
"(0.8571428571428572, 1.0)",2,99.75305853566724,16417
"(0.9507101086048454, 1.0)",2,99.75303494426302,16419
"(0.9289529914529916, 1.0)",2,99.75302706552706,16421
"(0.8547544409613373, 1.0)",1,99.75302283922974,16422
"(0.9135802469135802, 1.0)",1,99.75297418630753,16423
"(0.8864468864468864, 1.0)",1,99.75296925296924,16424
"(0.9333333333333332, 1.0)",3,99.75296198054818,16427
"(0.9135802469135802, 1.0)",1,99.75295140207422,16428
"(0.883580779054917, 1.0)",1,99.7529397534139,16429
"(0.9224211423699916, 1.0)",1,99.75292493809118,16430
"(0.8817204301075269, 1.0)",1,99.752921159203,16431
"(0.9142520753512132, 1.0)",1,99.75290580844938,16432
"(0.9445350241545892, 1.0)",1,99.75287129693533,16433
"(0.9465811965811968, 1.0)",1,99.75285862558304,16434
"(0.8686868686868687, 1.0)",1,99.75281385281386,16435
"(0.7861409796893668, 1.0)",1,99.75280764635605,16436
"(0.9230769230769232, 1.0)",1,99.75280275280276,16437
"(0.9445350241545892, 1.0)",2,99.75279040560442,16439
"(0.875, 1.0)",5,99.75277777777778,16444
"(0.9444444444444444, 1.0)",1,99.75277777777778,16445
"(0.9213117283950616, 1.0)",1,99.75275587415372,16446
"(0.8867623604465709, 1.0)",1,99.7527235597411,16447
"(0.9592592592592591, 1.0)",2,99.75271384479716,16449
"(0.9171090534979424, 1.0)",1,99.75267821641086,16450
"(0.9224211423699916, 1.0)",2,99.75260873255758,16452
"(0.936026936026936, 1.0)",1,99.7525959878901,16453
"(0.9444444444444444, 1.0)",1,99.75252525252526,16454
"(0.9444444444444444, 1.0)",1,99.7524973684394,16455
"(0.9327096052096052, 1.0)",2,99.75248233248232,16457
"(0.8350168350168351, 1.0)",1,99.75247715247716,16458
"(0.9465811965811968, 1.0)",1,99.75246468423552,16459
"(0.9444444444444444, 1.0)",2,99.75238095238096,16461
"(0.8, 1.0)",1,99.75238095238096,16462
"(0.8831064306064307, 1.0)",1,99.75237993487994,16463
"(0.9230769230769232, 1.0)",1,99.75235875235876,16464
"(0.9696969696969696, 1.0)",1,99.75234487734488,16465
"(0.875, 1.0)",1,99.75234487734488,16466
"(0.9023569023569024, 1.0)",1,99.7523313007184,16467
"(0.8817204301075269, 1.0)",2,99.7522943006814,16469
"(0.9230769230769232, 1.0)",1,99.75224158557492,16470
"(0.9224211423699916, 1.0)",1,99.75214697209584,16471
"(0.8485941734417344, 1.0)",1,99.75213841212486,16472
"(0.8791208791208792, 1.0)",1,99.75213675213676,16473
"(0.7982954545454546, 1.0)",4,99.7521194083694,16477
"(0.9213117283950616, 1.0)",1,99.7521161887694,16478
"(0.8309016086793863, 1.0)",1,99.7520656298434,16479
"(0.9027274557165862, 1.0)",1,99.75201914371794,16480
"(0.9565217391304348, 1.0)",1,99.75201235962106,16481
"(0.8991666666666667, 1.0)",1,99.75198051948053,16482
"(0.8547544409613373, 1.0)",1,99.75197666318356,16483
"(0.9466207660652104, 1.0)",1,99.75196927806697,16484
"(0.8832772166105499, 1.0)",3,99.75196408529742,16487
"(0.9333333333333332, 1.0)",1,99.7519629795492,16488
"(0.896551724137931, 1.0)",1,99.7519629795492,16489
"(1.0, 1.0)",1,99.75196059978668,16490
"(0.9135802469135802, 1.0)",1,99.75193620121156,16491
"(0.7822222222222222, 1.0)",1,99.7519191919192,16492
"(0.9230769230769232, 1.0)",3,99.75190087690088,16495
"(0.8312992626493769, 1.0)",1,99.75189479614814,16496
"(0.8729166666666666, 1.0)",2,99.75188850874336,16498
"(0.8439484126984128, 1.0)",2,99.75188449394096,16500
"(0.8312992626493769, 1.0)",1,99.75184137734472,16501
"(0.7650293586269196, 1.0)",1,99.75183491418248,16502
"(0.8817204301075269, 1.0)",1,99.75182241615154,16503
"(0.9135802469135802, 1.0)",1,99.75182241615154,16504
"(0.9841269841269842, 1.0)",1,99.75180375180376,16505
"(0.9047619047619048, 1.0)",1,99.75180375180376,16506
"(0.9386724386724388, 1.0)",1,99.75180375180376,16507
"(0.9104993386243384, 1.0)",2,99.75178571428572,16509
"(0.9333333333333332, 1.0)",1,99.75167548500882,16510
"(0.9047619047619048, 1.0)",2,99.75167548500882,16512
"(0.9135802469135802, 1.0)",1,99.75167548500882,16513
"(0.896551724137931, 1.0)",1,99.7516464502004,16514
"(0.8888888888888888, 1.0)",1,99.75163398692813,16515
"(0.9047619047619048, 1.0)",1,99.75163398692813,16516
"(0.8151260504201681, 1.0)",1,99.75163398692813,16517
"(0.8627450980392157, 1.0)",2,99.75163398692813,16519
"(0.9696969696969696, 1.0)",1,99.75161553422424,16520
"(0.8109668109668109, 1.0)",4,99.75161553422424,16524
"(0.8468468468468467, 1.0)",1,99.75160875160876,16525
"(1.0, 1.0)",1,99.75160875160876,16526
"(0.9466207660652104, 1.0)",1,99.75159359603803,16527
"(0.9674603174603176, 1.0)",2,99.7515651015651,16529
"(0.8571428571428572, 1.0)",1,99.75152625152626,16530
"(0.9248366013071896, 1.0)",1,99.75150326797386,16531
"(0.9674603174603176, 1.0)",1,99.75145942434943,16532
"(0.9224211423699916, 1.0)",1,99.75142547137432,16533
"(0.8498168498168498, 1.0)",3,99.75140415140416,16536
"(0.9047619047619048, 1.0)",2,99.75135975135976,16538
"(0.896551724137931, 1.0)",1,99.75134186153676,16539
"(0.8330439814814815, 1.0)",1,99.75129794973546,16540
"(0.9364583333333332, 1.0)",1,99.75127314814814,16541
"(0.9696969696969696, 1.0)",2,99.75126419474245,16543
"(0.9224211423699916, 1.0)",1,99.75124509619394,16544
"(0.8729166666666666, 1.0)",1,99.75120370370372,16545
"(0.9465811965811968, 1.0)",1,99.75119384050836,16546
"(1.0, 1.0)",1,99.75113190902664,16547
"(0.9444444444444444, 1.0)",1,99.75108225108224,16548
"(0.8883205456095482, 1.0)",2,99.75104719094487,16550
"(0.8433333333333334, 1.0)",1,99.75098124098125,16551
"(1.0, 1.0)",3,99.75091575091577,16554
"(0.9047619047619048, 1.0)",2,99.75091575091577,16556
"(0.875, 1.0)",1,99.75090187590187,16557
"(0.9230769230769232, 1.0)",1,99.75088293349162,16558
"(0.8465418823841762, 1.0)",1,99.75087389296618,16559
"(0.9135802469135802, 1.0)",1,99.75086614941688,16560
"(0.9023569023569024, 1.0)",1,99.75084175084174,16561
"(0.8832772166105499, 1.0)",1,99.75079858413191,16562
"(0.9230769230769232, 1.0)",1,99.75079858413191,16563
"(0.9047619047619048, 1.0)",1,99.75079365079364,16564
"(0.8888888888888888, 1.0)",2,99.75079365079364,16566
"(0.9841269841269842, 1.0)",2,99.75079365079364,16568
"(0.8542199488491048, 1.0)",1,99.75077167298704,16569
"(0.9243650793650792, 1.0)",1,99.75073690049496,16570
"(0.9172932330827066, 1.0)",3,99.75071584911402,16573
"(0.8, 1.0)",1,99.75071010860484,16574
"(0.9214340198321892, 1.0)",1,99.7506830316899,16575
"(0.9027274557165862, 1.0)",1,99.75067719116632,16576
"(0.7982954545454546, 1.0)",2,99.7506764069264,16578
"(0.875, 1.0)",1,99.75067403356876,16579
"(0.8970659722222223, 1.0)",2,99.75063740079364,16581
"(0.8692635658914728, 1.0)",1,99.75062931287204,16582
"(0.9047619047619048, 1.0)",1,99.75059523809524,16583
"(0.9087026014109348, 1.0)",1,99.75058421516756,16584
"(0.9135802469135802, 1.0)",1,99.7505210838544,16585
"(0.8686868686868687, 1.0)",1,99.7505210838544,16586
"(0.8572796934865898, 1.0)",1,99.75049758670448,16587
"(0.9386724386724388, 1.0)",3,99.7504746715273,16590
"(0.875, 1.0)",1,99.75045787545788,16591
"(0.8832772166105499, 1.0)",1,99.75041008374342,16592
"(0.9589484126984128, 1.0)",1,99.7504080400276,16593
"(0.8817204301075269, 1.0)",1,99.7504072987944,16594
"(0.8170426065162907, 1.0)",1,99.75037593984962,16595
"(0.9, 1.0)",1,99.75037567796188,16596
"(0.9142520753512132, 1.0)",2,99.75036318646232,16598
"(0.9696969696969696, 1.0)",3,99.75036075036076,16601
"(0.896551724137931, 1.0)",1,99.75035289372858,16602
"(0.8857001484413657, 1.0)",1,99.75027987651156,16603
"(0.9444444444444444, 1.0)",1,99.75027685492802,16604
"(0.9615343915343916, 1.0)",1,99.7502411310608,16605
"(0.7502088554720134, 1.0)",2,99.750208855472,16607
"(0.9047619047619048, 1.0)",2,99.75017253278122,16609
"(0.8888888888888888, 1.0)",3,99.75017253278122,16612
"(0.896551724137931, 1.0)",1,99.75012505139549,16613
"(0.8270202020202021, 1.0)",1,99.75009712509711,16614
"(0.8831018518518517, 1.0)",1,99.7500862742395,16615
"(0.8055555555555555, 1.0)",3,99.75,16618
"(0.875, 1.0)",1,99.75,16619
"(0.75, 1.0)",5,99.75,16624
"(0.8151260504201681, 1.0)",1,99.749963143152,16625
"(0.896551724137931, 1.0)",1,99.74995975401654,16626
"(0.9230769230769232, 1.0)",5,99.74991674991676,16631
"(0.8571428571428572, 1.0)",1,99.74991674991676,16632
"(1.0, 1.0)",4,99.7499023851965,16636
"(0.9333333333333332, 1.0)",1,99.74988393249262,16637
"(0.9696969696969696, 1.0)",1,99.74988393249262,16638
"(0.8468468468468467, 1.0)",1,99.74987714987716,16639
"(0.9302579365079364, 1.0)",1,99.74986943611944,16640
"(0.9674603174603176, 1.0)",3,99.7498556998557,16643
"(0.8859337035751476, 1.0)",1,99.74984145677,16644
"(0.9224211423699916, 1.0)",2,99.74980831458475,16646
"(0.9391865079365078, 1.0)",1,99.74978834571226,16647
"(0.8053221288515406, 1.0)",3,99.749766573296,16650
"(0.8791208791208792, 1.0)",1,99.7497557997558,16651
"(0.9172932330827066, 1.0)",1,99.74973530081888,16652
"(0.883876357560568, 1.0)",3,99.74972377179508,16655
"(1.0, 1.0)",1,99.74970064825138,16656
"(0.8275809031622985, 1.0)",1,99.74967085025224,16657
"(0.8822954822954823, 1.0)",1,99.74965347668538,16658
"(0.9230769230769232, 1.0)",2,99.74962814962817,16660
"(0.8904991948470209, 1.0)",1,99.749626178974,16661
"(0.9565217391304348, 1.0)",1,99.74960788004266,16662
"(0.9391865079365078, 1.0)",1,99.7495620853973,16663
"(0.9135802469135802, 1.0)",3,99.74955908289242,16666
"(0.8518518518518519, 1.0)",1,99.74955908289242,16667
"(0.9194577352472088, 1.0)",1,99.7495267852651,16668
"(0.896551724137931, 1.0)",1,99.74952591044544,16669
"(0.9047619047619048, 1.0)",1,99.74949494949496,16670
"(0.9047619047619048, 1.0)",2,99.74945887445888,16672
"(0.9841269841269842, 1.0)",1,99.74945887445888,16673
"(0.8275809031622985, 1.0)",1,99.74943936877077,16674
"(0.9023569023569024, 1.0)",1,99.74939874939876,16675
"(0.8686868686868687, 1.0)",1,99.7493655769518,16676
"(0.904126984126984, 1.0)",1,99.74936507936508,16677
"(0.8675136116152449, 1.0)",1,99.7493478267828,16678
"(0.875, 1.0)",1,99.74931457431458,16679
"(0.9230769230769232, 1.0)",1,99.7493091703618,16680
"(0.808641975308642, 1.0)",3,99.74929069856606,16683
"(0.9224211423699916, 1.0)",2,99.7492609692098,16685
"(0.9047619047619048, 1.0)",1,99.7492609692098,16686
"(0.9264176245210728, 1.0)",1,99.74925156245564,16687
"(0.8833628057765988, 1.0)",1,99.7492237966376,16688
"(0.9230769230769232, 1.0)",1,99.74918414918416,16689
"(0.922050500014663, 1.0)",1,99.74917636304032,16690
"(0.9142520753512132, 1.0)",1,99.74917372777288,16691
"(0.8817204301075269, 1.0)",2,99.74912463084506,16693
"(0.9224211423699916, 1.0)",1,99.74911666906551,16694
"(0.8904991948470209, 1.0)",2,99.74908505343288,16696
"(0.896551724137931, 1.0)",1,99.74906951286262,16697
"(0.9521531100478468, 1.0)",1,99.74903261942735,16698
"(0.936026936026936, 1.0)",1,99.74897787397788,16699
"(0.8888888888888888, 1.0)",1,99.74891774891776,16700
"(0.9444444444444444, 1.0)",1,99.74891774891776,16701
"(0.8897707231040564, 1.0)",4,99.74889770723104,16705
"(0.9391865079365078, 1.0)",1,99.74887566137566,16706
"(0.9171090534979424, 1.0)",1,99.7488605967078,16707
"(0.8915343915343915, 1.0)",1,99.74884644924968,16708
"(0.8312992626493769, 1.0)",2,99.74882571767584,16710
"(0.9224211423699916, 1.0)",1,99.7487841513417,16711
"(0.8275809031622985, 1.0)",1,99.74874543307683,16712
"(0.9497685185185184, 1.0)",1,99.7487264049764,16713
"(1.0, 1.0)",1,99.74870164725236,16714
"(0.9135802469135802, 1.0)",1,99.74870164725236,16715
"(0.9224211423699916, 1.0)",1,99.748699801982,16716
"(0.896551724137931, 1.0)",1,99.74868204995246,16717
"(0.8518518518518519, 1.0)",3,99.74867724867724,16720
"(0.9333333333333332, 1.0)",1,99.74862914862916,16721
"(0.919047619047619, 1.0)",1,99.74862914862916,16722
"(0.8551296720061023, 1.0)",2,99.74860189422832,16724
"(0.8350168350168351, 1.0)",2,99.7485970819304,16726
"(0.919047619047619, 1.0)",2,99.74854560644036,16728
"(0.9674603174603176, 1.0)",1,99.74854560644036,16729
"(0.896551724137931, 1.0)",1,99.74849640064402,16730
"(0.8888888888888888, 1.0)",1,99.74847374847376,16731
"(0.8888888888888888, 1.0)",2,99.74847374847374,16733
"(0.9230769230769232, 1.0)",1,99.74847374847374,16734
"(1.0, 1.0)",2,99.74847374847374,16736
"(0.8253968253968256, 1.0)",2,99.74847374847374,16738
"(0.8151260504201681, 1.0)",5,99.7484593837535,16743
"(0.9696969696969696, 1.0)",2,99.74844093104964,16745
"(0.8468468468468467, 1.0)",3,99.74843414843414,16748
"(0.896551724137931, 1.0)",1,99.74840357598978,16749
"(0.8518518518518519, 1.0)",5,99.74840357598978,16754
"(0.8112794612794614, 1.0)",2,99.74838676948052,16756
"(0.9364583333333332, 1.0)",1,99.74837589605735,16757
"(0.9507101086048454, 1.0)",1,99.7483758415647,16758
"(0.9135802469135802, 1.0)",1,99.74835658168992,16759
"(0.8897707231040564, 1.0)",1,99.74835658168992,16760
"(0.9172932330827066, 1.0)",2,99.74829229937588,16762
"(0.9333333333333332, 1.0)",1,99.7482683982684,16763
"(0.9696969696969696, 1.0)",1,99.7482683982684,16764
"(0.8864468864468864, 1.0)",1,99.7482619682108,16765
"(0.8915343915343915, 1.0)",1,99.74822999338625,16766
"(0.9224211423699916, 1.0)",1,99.74816303332928,16767
"(0.9104993386243384, 1.0)",1,99.74812298711755,16768
"(0.8498168498168498, 1.0)",1,99.74808524808525,16769
"(0.9696969696969696, 1.0)",1,99.74808290900243,16770
"(0.896551724137931, 1.0)",2,99.74808290900243,16772
"(0.8350168350168351, 1.0)",2,99.7480603132777,16774
"(0.8867623604465709, 1.0)",2,99.7480460043389,16776
"(0.8888888888888888, 1.0)",2,99.74802120669057,16778
"(0.9230769230769232, 1.0)",1,99.74801806380754,16779
"(0.8888888888888888, 1.0)",3,99.74801587301587,16782
"(0.9841269841269842, 1.0)",2,99.74801587301587,16784
"(1.0, 1.0)",2,99.74801587301587,16786
"(0.875, 1.0)",3,99.74801587301587,16789
"(0.9444444444444444, 1.0)",1,99.74801587301587,16790
"(0.9266149870801036, 1.0)",1,99.74800902118582,16791
"(0.8893558268973552, 1.0)",1,99.74797721301312,16792
"(0.8129629629629629, 1.0)",2,99.74796957671958,16794
"(0.896551724137931, 1.0)",2,99.74796912394244,16796
"(0.9615343915343916, 1.0)",1,99.74796612606396,16797
"(0.8771929824561403, 1.0)",1,99.74796458739442,16798
"(0.8376068376068376, 1.0)",1,99.74795253056124,16799
"(0.8402777777777779, 1.0)",1,99.74792568542568,16800
"(0.9135802469135802, 1.0)",2,99.7478797638218,16802
"(0.9696969696969696, 1.0)",1,99.74787258777027,16803
"(0.8627450980392157, 1.0)",1,99.74783826574108,16804
"(0.9224211423699916, 1.0)",1,99.74781796776682,16805
"(0.8468468468468467, 1.0)",5,99.74781303042172,16810
"(0.9565217391304348, 1.0)",1,99.74781303042172,16811
"(0.9135802469135802, 1.0)",1,99.74779541446208,16812
"(0.8704453441295547, 1.0)",1,99.74779022147445,16813
"(0.875, 1.0)",2,99.74778803068276,16815
"(1.0, 1.0)",1,99.74776753037622,16816
"(0.8675136116152449, 1.0)",1,99.74776052519547,16817
"(0.9333333333333332, 1.0)",2,99.74772727272727,16819
"(0.8952020202020202, 1.0)",1,99.74768445953792,16820
"(0.9135802469135802, 1.0)",1,99.74768162940204,16821
"(0.958531746031746, 1.0)",2,99.74766309576091,16823
"(0.8904991948470209, 1.0)",1,99.74764205198989,16824
"(0.9333333333333332, 1.0)",1,99.74761904761904,16825
"(0.8977777777777779, 1.0)",1,99.74759462759462,16826
"(0.8817204301075269, 1.0)",1,99.74756784434204,16827
"(0.875, 1.0)",1,99.74753487253489,16828
"(0.947088068181818, 1.0)",1,99.74753194422914,16829
"(0.9224211423699916, 1.0)",2,99.74752936747822,16831
"(0.8547544409613373, 1.0)",1,99.74752833373525,16832
"(0.8498168498168498, 1.0)",1,99.74752408085742,16833
"(0.8339307048984469, 1.0)",2,99.74751095181202,16835
"(1.0, 1.0)",1,99.74747474747475,16836
"(0.8888888888888888, 1.0)",1,99.74747474747474,16837
"(0.8864468864468864, 1.0)",1,99.74747474747474,16838
"(1.0, 1.0)",2,99.74747474747474,16840
"(0.9047619047619048, 1.0)",1,99.74747474747474,16841
"(0.8883205456095482, 1.0)",1,99.74744752973652,16842
"(0.9135802469135802, 1.0)",1,99.74744686338887,16843
"(0.8904991948470209, 1.0)",2,99.74741420965675,16845
"(0.875, 1.0)",1,99.74738095238096,16846
"(0.8425925925925927, 1.0)",5,99.7473544973545,16851
"(0.9047619047619048, 1.0)",1,99.7473514704636,16852
"(0.896551724137931, 1.0)",2,99.74734537493158,16854
"(0.909722222222222, 1.0)",1,99.74733645983646,16855
"(0.9466207660652104, 1.0)",1,99.74732272871162,16856
"(0.9565217391304348, 1.0)",1,99.74728652989523,16857
"(0.9333333333333332, 1.0)",1,99.74718614718614,16858
"(0.8415692007797271, 1.0)",2,99.74712475633528,16860
"(0.8740392648287385, 1.0)",1,99.74712127541076,16861
"(0.8858975827700768, 1.0)",1,99.74711288659604,16862
"(0.9023569023569024, 1.0)",1,99.74705387205388,16863
"(0.932852564102564, 1.0)",2,99.74704149643664,16865
"(0.9206349206349206, 1.0)",1,99.74701906280852,16866
"(0.9386724386724388, 1.0)",1,99.74700577200576,16867
"(0.9230769230769232, 1.0)",1,99.7470028629449,16868
"(0.8888888888888888, 1.0)",1,99.74699792960662,16869
"(0.9565217391304348, 1.0)",1,99.74699792960662,16870
"(0.936026936026936, 1.0)",1,99.74699374699377,16871
"(0.8487103174603176, 1.0)",2,99.74697871572872,16873
"(0.8771929824561403, 1.0)",1,99.74696150097466,16874
"(0.896551724137931, 1.0)",2,99.7469274020998,16876
"(0.9202401372212692, 1.0)",1,99.74692664583154,16877
"(0.9109477124183006, 1.0)",1,99.74692654839714,16878
"(0.9135802469135802, 1.0)",5,99.74691358024693,16883
"(0.9444444444444444, 1.0)",1,99.74691358024693,16884
"(0.8897707231040564, 1.0)",1,99.74691358024693,16885
"(0.9841269841269842, 1.0)",1,99.74691009473618,16886
"(0.9445350241545892, 1.0)",1,99.7468869405309,16887
"(0.9192180611357128, 1.0)",1,99.74687230929712,16888
"(0.9192180611357128, 1.0)",1,99.74686947458484,16889
"(0.9047619047619048, 1.0)",2,99.7468671679198,16891
"(0.8129629629629629, 1.0)",1,99.74685185185186,16892
"(0.8904991948470209, 1.0)",1,99.74684840119625,16893
"(0.8888888888888888, 1.0)",1,99.74683982683982,16894
"(0.9172932330827066, 1.0)",2,99.746830845229,16896
"(0.8867623604465709, 1.0)",2,99.74679122047544,16898
"(0.8867623604465709, 1.0)",1,99.74678076394324,16899
"(0.8299319727891157, 1.0)",1,99.74676398337112,16900
"(0.9696969696969696, 1.0)",1,99.74675324675324,16901
"(1.0, 1.0)",1,99.74674214674216,16902
"(0.932852564102564, 1.0)",1,99.74672801213124,16903
"(0.900854700854701, 1.0)",1,99.74671936250884,16904
"(0.7625830959164293, 1.0)",1,99.7467100800434,16905
"(0.8831018518518517, 1.0)",1,99.74669782003303,16906
"(0.9674603174603176, 1.0)",1,99.7466810966811,16907
"(0.8686868686868687, 1.0)",2,99.74666305916304,16909
"(0.8952020202020202, 1.0)",1,99.74665043290042,16910
"(0.833064949006978, 1.0)",1,99.74664519592056,16911
"(0.896551724137931, 1.0)",3,99.74663990755946,16914
"(0.883876357560568, 1.0)",1,99.74662145559978,16915
"(0.9444444444444444, 1.0)",1,99.7465834818776,16916
"(0.9230769230769232, 1.0)",1,99.74657506236454,16917
"(0.9444444444444444, 1.0)",1,99.74656502917372,16918
"(0.8425925925925927, 1.0)",1,99.74656084656084,16919
"(0.9841269841269842, 1.0)",1,99.74652612249945,16920
"(0.8817204301075269, 1.0)",1,99.74652612249945,16921
"(0.8376068376068376, 1.0)",1,99.74650952911824,16922
"(1.0, 1.0)",1,99.74645325434798,16923
"(0.9104993386243384, 1.0)",1,99.74641843744666,16924
"(0.9023569023569024, 1.0)",2,99.74636844636844,16926
"(1.0, 1.0)",1,99.746349844748,16927
"(0.8518518518518519, 1.0)",1,99.74632452893324,16928
"(0.9565217391304348, 1.0)",1,99.74632452893324,16929
"(0.9333333333333332, 1.0)",1,99.74629171624056,16930
"(0.8551296720061023, 1.0)",1,99.74625401063044,16931
"(0.8421052631578948, 1.0)",1,99.74623224728488,16932
"(0.9224211423699916, 1.0)",1,99.74623066617951,16933
"(0.9104993386243384, 1.0)",1,99.7462280020704,16934
"(0.8642623716153127, 1.0)",1,99.74622224815852,16935
"(0.9135802469135802, 1.0)",2,99.7461920795254,16937
"(0.9589484126984128, 1.0)",1,99.74617063492065,16938
"(0.9507101086048454, 1.0)",1,99.74616798406272,16939
"(0.9696969696969696, 1.0)",1,99.7461489692611,16940
"(0.8952020202020202, 1.0)",1,99.74612276768678,16941
"(0.9172932330827066, 1.0)",1,99.74611718690666,16942
"(0.8015873015873017, 1.0)",1,99.74603174603176,16943
"(0.7777777777777776, 1.0)",1,99.74603174603176,16944
"(0.8864468864468864, 1.0)",1,99.74603174603176,16945
"(0.7460317460317459, 1.0)",3,99.74603174603176,16948
"(0.8571428571428572, 1.0)",5,99.74603174603176,16953
"(0.9444444444444444, 1.0)",1,99.74603174603176,16954
"(0.8888888888888888, 1.0)",4,99.74603174603176,16958
"(1.0, 1.0)",6,99.74603174603176,16964
"(0.9047619047619048, 1.0)",3,99.74603174603176,16967
"(0.9391865079365078, 1.0)",1,99.74601787847756,16968
"(0.8791208791208792, 1.0)",1,99.7459883112057,16969
"(0.8053221288515406, 1.0)",2,99.74597085210895,16971
"(0.8888888888888888, 1.0)",1,99.7459473653918,16972
"(0.8915343915343915, 1.0)",1,99.74592622132946,16973
"(0.8109668109668109, 1.0)",1,99.74588744588743,16974
"(0.8888888888888888, 1.0)",2,99.74588744588743,16976
"(0.8271652864044169, 1.0)",1,99.7458658245494,16977
"(0.9230769230769232, 1.0)",1,99.74584735604226,16978
"(0.896551724137931, 1.0)",1,99.7458462567658,16979
"(0.9841269841269842, 1.0)",1,99.74584352845224,16980
"(0.8666666666666667, 1.0)",1,99.74583333333334,16981
"(0.8952020202020202, 1.0)",1,99.74581709956708,16982
"(0.8109668109668109, 1.0)",2,99.74580390369864,16984
"(0.9592592592592591, 1.0)",1,99.7457671957672,16985
"(0.833064949006978, 1.0)",1,99.7457633617054,16986
"(0.9333333333333332, 1.0)",1,99.74574314574318,16987
"(0.8888888888888888, 1.0)",1,99.74574314574316,16988
"(0.8502976190476191, 1.0)",1,99.74572439507924,16989
"(0.9351258309591644, 1.0)",1,99.74572310405644,16990
"(0.8527777777777779, 1.0)",1,99.74566315327183,16991
"(0.9565217391304348, 1.0)",1,99.74566315327183,16992
"(0.9391865079365078, 1.0)",1,99.74563532066053,16993
"(0.9674603174603176, 1.0)",1,99.7456117956118,16994
"(0.932852564102564, 1.0)",1,99.74559502474824,16995
"(0.9230769230769232, 1.0)",1,99.74558774558774,16996
"(0.9206349206349206, 1.0)",1,99.74557606136554,16997
"(0.8281746031746032, 1.0)",2,99.7455710636745,16999
"(0.896551724137931, 1.0)",1,99.7454844006568,17000
"(0.9841269841269842, 1.0)",1,99.74546709329316,17001
"(0.9565217391304348, 1.0)",1,99.74546709329316,17002
"(0.8883205456095482, 1.0)",1,99.7454634027524,17003
"(0.9333333333333332, 1.0)",1,99.74545454545456,17004
"(1.0, 1.0)",1,99.74545454545456,17005
"(0.932852564102564, 1.0)",1,99.7454519450084,17006
"(0.9230769230769232, 1.0)",1,99.74544607644188,17007
"(0.8867623604465709, 1.0)",1,99.74534821903242,17008
"(0.932852564102564, 1.0)",1,99.74532948383757,17009
"(0.8897707231040564, 1.0)",1,99.7452342611763,17010
"(0.9507101086048454, 1.0)",1,99.74521560311034,17011
"(0.9444444444444444, 1.0)",1,99.7451404804346,17012
"(0.9592592592592591, 1.0)",1,99.74513888888887,17013
"(0.9172932330827066, 1.0)",2,99.74513206092152,17015
"(0.8468468468468467, 1.0)",2,99.74511524511524,17017
"(0.9565217391304348, 1.0)",1,99.7450992434974,17018
"(0.8345959595959597, 1.0)",1,99.74506604506604,17019
"(0.8977777777777779, 1.0)",2,99.7450626566416,17021
"(0.8864468864468864, 1.0)",1,99.74503274503274,17022
"(0.808641975308642, 1.0)",1,99.74500561167228,17023
"(0.9380032206119162, 1.0)",1,99.74500177761048,17024
"(0.9523809523809524, 1.0)",1,99.7449938949939,17025
"(0.8616898148148148, 1.0)",1,99.74498753561254,17026
"(0.8831064306064307, 1.0)",1,99.74496196511822,17027
"(0.8055555555555555, 1.0)",1,99.7449494949495,17028
"(0.7705882352941177, 1.0)",2,99.74494720965308,17030
"(0.9224211423699916, 1.0)",2,99.7449319648808,17032
"(0.9333333333333332, 1.0)",2,99.74492753623188,17034
"(0.9224211423699916, 1.0)",1,99.74490408079495,17035
"(0.8415692007797271, 1.0)",1,99.74490253411308,17036
"(0.8271652864044169, 1.0)",3,99.7448504715896,17039
"(0.875, 1.0)",2,99.74484126984127,17041
"(0.7765567765567766, 1.0)",3,99.74481074481076,17044
"(0.8376068376068376, 1.0)",1,99.74481074481076,17045
"(0.8771929824561403, 1.0)",1,99.7448010071475,17046
"(0.9841269841269842, 1.0)",2,99.74473892120952,17048
"(0.8600272232304901, 1.0)",2,99.74473681919008,17050
"(0.932852564102564, 1.0)",1,99.74473307556642,17051
"(0.8675136116152449, 1.0)",1,99.7447311653034,17052
"(0.8053221288515406, 1.0)",1,99.74471606824548,17053
"(0.8888888888888888, 1.0)",1,99.74464387464388,17054
"(0.9104993386243384, 1.0)",1,99.74462632275132,17055
"(0.9230769230769232, 1.0)",1,99.74462574462576,17056
"(0.8468468468468467, 1.0)",1,99.74462462462462,17057
"(0.9135802469135802, 1.0)",2,99.74457931320676,17059
"(0.9565217391304348, 1.0)",1,99.74456521739133,17060
"(0.9841269841269842, 1.0)",1,99.7445540778874,17061
"(0.8468468468468467, 1.0)",1,99.7445540778874,17062
"(0.9135802469135802, 1.0)",1,99.7445540778874,17063
"(0.8527777777777779, 1.0)",2,99.74455266955266,17065
"(0.9230769230769232, 1.0)",1,99.74453372714244,17066
"(0.9444444444444444, 1.0)",1,99.7444871070958,17067
"(0.8627450980392157, 1.0)",3,99.74446552814676,17070
"(0.8817204301075269, 1.0)",2,99.74444707544286,17072
"(0.9333333333333332, 1.0)",1,99.74444444444444,17073
"(0.9696969696969696, 1.0)",1,99.74442224442224,17074
"(0.81681801994302, 1.0)",1,99.7443915493548,17075
"(0.9565217391304348, 1.0)",1,99.74436731214224,17076
"(0.9507101086048454, 1.0)",1,99.74436090225564,17077
"(0.8774250440917107, 1.0)",1,99.74435521536972,17078
"(0.8888888888888888, 1.0)",1,99.74432601205856,17079
"(0.8571428571428572, 1.0)",1,99.74430014430014,17080
"(0.9333333333333332, 1.0)",2,99.74430014430014,17082
"(1.0, 1.0)",1,99.74430014430014,17083
"(0.8791208791208792, 1.0)",1,99.74428842762175,17084
"(0.9444444444444444, 1.0)",1,99.74421046415932,17085
"(0.8915343915343915, 1.0)",2,99.74418436144282,17087
"(0.9047619047619048, 1.0)",1,99.74415584415584,17088
"(0.9230769230769232, 1.0)",1,99.74414474414476,17089
"(0.8571428571428572, 1.0)",1,99.74413305992252,17090
"(0.9172932330827066, 1.0)",1,99.74413305992252,17091
"(0.7996201329534663, 1.0)",2,99.7440645773979,17093
"(0.9109477124183006, 1.0)",1,99.74405320341852,17094
"(0.9333333333333332, 1.0)",1,99.74402647161268,17095
"(1.0, 1.0)",1,99.74401154401154,17096
"(0.922050500014663, 1.0)",1,99.74399556473516,17097
"(0.9224211423699916, 1.0)",1,99.7439865501423,17098
"(0.8266666666666667, 1.0)",3,99.74395989974936,17101
"(0.9168478260869564, 1.0)",1,99.74392840232076,17102
"(0.896551724137931, 1.0)",1,99.7439265715128,17103
"(0.8750600325600326, 1.0)",1,99.74390461639118,17104
"(0.8991666666666667, 1.0)",4,99.74386363636364,17108
"(0.9135802469135802, 1.0)",2,99.7438610771944,17110
"(0.8900759734093067, 1.0)",1,99.74384208277888,17111
"(0.9466207660652104, 1.0)",1,99.74380991950436,17112
"(0.8750600325600326, 1.0)",1,99.74374792777232,17113
"(0.9445350241545892, 1.0)",1,99.74370554884597,17114
"(0.8151260504201681, 1.0)",1,99.7436974789916,17115
"(0.9333333333333332, 1.0)",1,99.7436925647452,17116
"(0.875, 1.0)",2,99.74368686868686,17118
"(0.8686868686868687, 1.0)",1,99.74368686868686,17119
"(0.9565217391304348, 1.0)",1,99.74367902628772,17120
"(0.8547544409613373, 1.0)",1,99.74364332985024,17121
"(0.8518518518518519, 1.0)",2,99.74362674362676,17123
"(0.9333333333333332, 1.0)",1,99.74362519201227,17124
"(0.8817204301075269, 1.0)",3,99.74362519201227,17127
"(0.8915343915343915, 1.0)",1,99.74361772486772,17128
"(1.0, 1.0)",1,99.74359357117976,17129
"(0.8864468864468864, 1.0)",1,99.74358974358977,17130
"(0.947088068181818, 1.0)",1,99.7435695496633,17131
"(0.8055555555555555, 1.0)",1,99.74350649350647,17132
"(0.9465811965811968, 1.0)",1,99.7434492628041,17133
"(0.896551724137931, 1.0)",5,99.74342380630412,17138
"(0.896551724137931, 1.0)",2,99.74339857098478,17140
"(0.8468468468468467, 1.0)",2,99.74339857098478,17142
"(0.9087026014109348, 1.0)",1,99.74334766313932,17143
"(0.9047619047619048, 1.0)",1,99.74323282081905,17144
"(0.8817204301075269, 1.0)",1,99.74323026530158,17145
"(0.9333333333333332, 1.0)",1,99.74321789321787,17146
"(0.9364583333333332, 1.0)",1,99.74320163483468,17147
"(0.8518518518518519, 1.0)",1,99.74318274318274,17148
"(0.9230769230769232, 1.0)",1,99.74318274318274,17149
"(0.9023569023569024, 1.0)",1,99.74317105896054,17150
"(0.9135802469135802, 1.0)",2,99.74311785905988,17152
"(0.875593542260209, 1.0)",1,99.74311490978158,17153
"(0.9351258309591644, 1.0)",1,99.74310303893635,17154
"(0.8547544409613376, 1.0)",2,99.74307498657087,17156
"(0.883876357560568, 1.0)",2,99.74300334168755,17158
"(0.9841269841269842, 1.0)",1,99.7429735589156,17159
"(0.9206349206349206, 1.0)",1,99.74296536796535,17160
"(0.8785714285714287, 1.0)",1,99.74294532627866,17161
"(0.8622222222222222, 1.0)",1,99.74290093048714,17162
"(0.9841269841269842, 1.0)",1,99.7428620761954,17163
"(0.8888888888888888, 1.0)",1,99.74285714285716,17164
"(0.9047619047619048, 1.0)",1,99.74285714285716,17165
"(0.9333333333333332, 1.0)",1,99.74285714285716,17166
"(0.9841269841269842, 1.0)",1,99.74285714285716,17167
"(0.9135802469135802, 1.0)",1,99.74284853959652,17168
"(0.8498168498168498, 1.0)",1,99.74284652545522,17169
"(0.896551724137931, 1.0)",1,99.74284418637242,17170
"(0.8817204301075269, 1.0)",2,99.74283154121864,17172
"(0.9135802469135802, 1.0)",1,99.74282925877128,17173
"(0.8319664902998236, 1.0)",1,99.74278379799212,17174
"(0.85, 1.0)",1,99.7427738927739,17175
"(0.9023569023569024, 1.0)",1,99.7427549990479,17176
"(0.9106275784016648, 1.0)",1,99.7427536683106,17177
"(0.7982954545454546, 1.0)",4,99.7427398989899,17181
"(1.0, 1.0)",1,99.74270557029178,17182
"(0.8611111111111112, 1.0)",1,99.74267676767676,17183
"(0.9565217391304348, 1.0)",1,99.74266892527764,17184
"(0.8859337035751476, 1.0)",1,99.74262929565558,17185
"(0.8439484126984128, 1.0)",1,99.74262566137564,17186
"(0.8897707231040564, 1.0)",2,99.7425845759179,17188
"(0.9047619047619048, 1.0)",2,99.7425845759179,17190
"(0.8888888888888888, 1.0)",1,99.7425810904072,17191
"(0.8675136116152449, 1.0)",1,99.74251361161524,17192
"(0.9230769230769232, 1.0)",1,99.74251352512222,17193
"(1.0, 1.0)",2,99.74242424242424,17195
"(0.9172932330827066, 1.0)",1,99.74240145819093,17196
"(0.9047619047619048, 1.0)",1,99.74236874236874,17197
"(0.8627450980392157, 1.0)",1,99.74234376024656,17198
"(0.9230769230769232, 1.0)",1,99.74234376024656,17199
"(0.8867623604465709, 1.0)",1,99.74231791600212,17200
"(0.9248366013071896, 1.0)",1,99.74229691876752,17201
"(0.9087026014109348, 1.0)",1,99.74224835304491,17202
"(0.8571428571428572, 1.0)",1,99.74223602484471,17203
"(0.9172932330827066, 1.0)",1,99.74220905799854,17204
"(0.8518518518518519, 1.0)",2,99.74218374218374,17206
"(0.9466207660652104, 1.0)",1,99.74215876095666,17207
"(0.8873002904865649, 1.0)",1,99.74212935031562,17208
"(0.900854700854701, 1.0)",1,99.74212454212454,17209
"(0.8332521117608837, 1.0)",1,99.74210894936772,17210
"(0.875, 1.0)",1,99.7420634920635,17211
"(0.9333333333333332, 1.0)",1,99.7420634920635,17212
"(0.8373015873015873, 1.0)",1,99.7420634920635,17213
"(0.9230769230769232, 1.0)",1,99.74204099993574,17214
"(0.9230769230769232, 1.0)",1,99.74198024198024,17215
"(0.9615343915343916, 1.0)",1,99.74197466382248,17216
"(0.833064949006978, 1.0)",1,99.74196764051835,17217
"(1.0, 1.0)",1,99.74194742455612,17218
"(0.9696969696969696, 1.0)",1,99.74186743208485,17219
"(0.8833628057765988, 1.0)",1,99.74184164175544,17220
"(0.9047619047619048, 1.0)",1,99.74178981937602,17221
"(0.8551296720061023, 1.0)",1,99.74177287050414,17222
"(0.9230769230769232, 1.0)",1,99.74170656929276,17223
"(0.896551724137931, 1.0)",1,99.74170656929276,17224
"(0.9047619047619048, 1.0)",6,99.74170274170274,17230
"(0.8686868686868687, 1.0)",4,99.74170274170274,17234
"(1.0, 1.0)",1,99.74170274170274,17235
"(0.8888888888888888, 1.0)",3,99.74170274170274,17238
"(0.875, 1.0)",2,99.74166666666667,17240
"(0.8952020202020202, 1.0)",1,99.74162906537909,17241
"(0.8817204301075269, 1.0)",1,99.74160498999208,17242
"(0.8883205456095482, 1.0)",1,99.74160125183144,17243
"(0.8055555555555555, 1.0)",1,99.74158249158248,17244
"(0.8373015873015873, 1.0)",1,99.74158249158248,17245
"(0.9302579365079364, 1.0)",1,99.74151815575728,17246
"(0.8547544409613373, 1.0)",1,99.74151680140793,17247
"(0.9224211423699916, 1.0)",1,99.7414687614176,17248
"(0.8977777777777779, 1.0)",1,99.7414568040655,17249
"(0.9194577352472088, 1.0)",1,99.74145211513633,17250
"(0.9135802469135802, 1.0)",1,99.7414190747524,17251
"(0.9047619047619048, 1.0)",2,99.7414190747524,17253
"(0.9466207660652104, 1.0)",1,99.74140804984268,17254
"(0.8518518518518519, 1.0)",1,99.74139009139007,17255
"(0.9333333333333332, 1.0)",1,99.74138625732829,17256
"(0.9523809523809524, 1.0)",1,99.74137707931747,17257
"(0.8345959595959597, 1.0)",1,99.74135981972938,17258
"(0.9023569023569024, 1.0)",2,99.7413263065437,17260
"(0.9565217391304348, 1.0)",1,99.7413263065437,17261
"(0.875, 1.0)",1,99.74132395382397,17262
"(0.8468468468468467, 1.0)",1,99.7413195239282,17263
"(0.8832772166105499, 1.0)",2,99.74130190796858,17265
"(0.9444444444444444, 1.0)",1,99.74130190796858,17266
"(0.9521531100478468, 1.0)",1,99.74128668179011,17267
"(0.8373015873015873, 1.0)",1,99.74126984126984,17268
"(0.8888888888888888, 1.0)",1,99.74126984126984,17269
"(0.8559368191721133, 1.0)",1,99.74125641295944,17270
"(0.875, 1.0)",1,99.7412486938349,17271
"(0.896551724137931, 1.0)",2,99.7412486938349,17273
"(0.9243650793650792, 1.0)",1,99.74123833703136,17274
"(0.9135802469135802, 1.0)",1,99.74119123241933,17275
"(0.8888888888888888, 1.0)",1,99.74118629908104,17276
"(0.8571428571428572, 1.0)",1,99.74118629908104,17277
"(0.9224211423699916, 1.0)",1,99.7410966189402,17278
"(0.7410714285714286, 1.0)",14,99.74107142857144,17292
"(0.8616898148148148, 1.0)",2,99.74107015669516,17294
"(0.8686868686868687, 1.0)",1,99.74106782106782,17295
"(0.8831064306064307, 1.0)",1,99.7410594892728,17296
"(0.865079365079365, 1.0)",1,99.74103352364222,17297
"(0.8977777777777779, 1.0)",1,99.74103174603177,17298
"(0.936026936026936, 1.0)",1,99.74100862100862,17299
"(0.8502976190476191, 1.0)",1,99.74097222222224,17300
"(0.875, 1.0)",1,99.74096119929452,17301
"(0.9841269841269842, 1.0)",1,99.74084741423452,17302
"(0.875, 1.0)",2,99.74084741423452,17304
"(0.8817204301075269, 1.0)",2,99.74084741423452,17306
"(0.740829346092504, 1.0)",5,99.74082934609253,17311
"(0.9696969696969696, 1.0)",1,99.7408114761056,17312
"(0.8857001484413657, 1.0)",1,99.7408095470162,17313
"(0.8266666666666667, 1.0)",1,99.74080808080808,17314
"(0.9135802469135802, 1.0)",1,99.74074074074072,17315
"(0.9047619047619048, 1.0)",3,99.74074074074072,17318
"(0.833064949006978, 1.0)",1,99.74071285665488,17319
"(0.9142520753512132, 1.0)",1,99.74069794429708,17320
"(0.9386724386724388, 1.0)",2,99.74069264069264,17322
"(0.9445350241545892, 1.0)",1,99.74069041867956,17323
"(0.9407679738562092, 1.0)",1,99.74064189421928,17324
"(0.9230769230769232, 1.0)",2,99.74053724053724,17326
"(0.7708333333333334, 1.0)",6,99.74053030303033,17332
"(0.9047619047619048, 1.0)",1,99.74052948463113,17333
"(0.9333333333333332, 1.0)",2,99.74050442311312,17335
"(0.8373015873015873, 1.0)",1,99.7404761904762,17336
"(0.9135802469135802, 1.0)",1,99.7404200737534,17337
"(0.9135802469135802, 1.0)",3,99.7404200737534,17340
"(0.8888888888888888, 1.0)",1,99.7404200737534,17341
"(0.8858975827700768, 1.0)",1,99.74041031809676,17342
"(0.958531746031746, 1.0)",1,99.74039623249692,17343
"(0.896551724137931, 1.0)",5,99.74037505056997,17348
"(0.9444444444444444, 1.0)",1,99.74037366142628,17349
"(0.8338275775775775, 1.0)",1,99.74036603911604,17350
"(0.8373015873015873, 1.0)",1,99.74033189033187,17351
"(0.8857001484413657, 1.0)",1,99.74031546863785,17352
"(0.9047619047619048, 1.0)",1,99.7403062886934,17353
"(0.8817204301075269, 1.0)",1,99.7403062886934,17354
"(0.8611111111111112, 1.0)",1,99.74027777777778,17355
"(0.9740143369175628, 1.0)",1,99.74025294655895,17356
"(0.9444444444444444, 1.0)",1,99.74024864024864,17357
"(0.8266666666666667, 1.0)",1,99.74024691358024,17358
"(0.8498168498168498, 1.0)",1,99.74014874014874,17359
"(0.8897707231040564, 1.0)",2,99.74014640106594,17361
"(0.8731060606060606, 1.0)",1,99.74014608450092,17362
"(0.8864468864468864, 1.0)",1,99.74013908796518,17363
"(0.9333333333333332, 1.0)",1,99.7401314734648,17364
"(0.8170426065162907, 1.0)",3,99.74011952959322,17367
"(0.8627450980392157, 1.0)",1,99.7400899753841,17368
"(0.8977777777777779, 1.0)",2,99.74007469654528,17370
"(0.8740392648287385, 1.0)",1,99.74001148705096,17371
"(0.8622222222222222, 1.0)",3,99.74,17374
"(0.9230769230769232, 1.0)",4,99.73997074252829,17378
"(0.9243650793650792, 1.0)",1,99.73995149911816,17379
"(0.9391865079365078, 1.0)",2,99.73991822991825,17381
"(0.7650293586269196, 1.0)",2,99.73989708349464,17383
"(0.9841269841269842, 1.0)",1,99.73987652248522,17384
"(0.9841269841269842, 1.0)",1,99.73982873851295,17385
"(0.9841269841269842, 1.0)",2,99.73982056590752,17387
"(0.8350168350168351, 1.0)",3,99.73977873977874,17390
"(0.9172932330827066, 1.0)",1,99.73977617150769,17391
"(0.9023569023569024, 1.0)",1,99.73976671476672,17392
"(0.8883205456095482, 1.0)",1,99.73973794541403,17393
"(0.9142520753512132, 1.0)",1,99.73971503831416,17394
"(0.8832772166105499, 1.0)",2,99.7396874730208,17396
"(0.7555555555555554, 1.0)",17,99.73968253968256,17413
"(0.9230769230769232, 1.0)",2,99.73964597494007,17415
"(0.9230769230769232, 1.0)",1,99.73962073962072,17416
"(0.8893558268973552, 1.0)",1,99.73955412493264,17417
"(0.8109668109668109, 1.0)",1,99.73953823953823,17418
"(0.8888888888888888, 1.0)",1,99.73953823953823,17419
"(0.9444444444444444, 1.0)",1,99.73953823953823,17420
"(0.87531328320802, 1.0)",1,99.73948292998637,17421
"(0.8520449077786689, 1.0)",1,99.7394471316378,17422
"(0.9407729468599032, 1.0)",2,99.7393936197951,17424
"(0.8822954822954823, 1.0)",1,99.73933251933252,17425
"(0.8611111111111112, 1.0)",1,99.73927248677248,17426
"(0.833064949006978, 1.0)",2,99.73926985521187,17428
"(0.896551724137931, 1.0)",2,99.73926456685078,17430
"(0.9047619047619048, 1.0)",1,99.73926456685078,17431
"(0.9465811965811968, 1.0)",1,99.73921675397482,17432
"(0.9172932330827066, 1.0)",1,99.73920407078302,17433
"(0.9224211423699916, 1.0)",3,99.7391599591088,17436
"(0.8627450980392157, 1.0)",1,99.73910873440283,17437
"(0.7708333333333334, 1.0)",4,99.7390873015873,17441
"(0.9109477124183006, 1.0)",1,99.73900269836804,17442
"(0.9224211423699916, 1.0)",1,99.73899019423315,17443
"(0.9135802469135802, 1.0)",1,99.7389770723104,17444
"(0.8253968253968256, 1.0)",4,99.7389770723104,17448
"(0.8888888888888888, 1.0)",1,99.7389770723104,17449
"(0.9224211423699916, 1.0)",1,99.73897174152928,17450
"(0.9740143369175628, 1.0)",1,99.73897168393135,17451
"(0.7982954545454546, 1.0)",1,99.73894417780288,17452
"(0.8803174603174604, 1.0)",1,99.73890331890333,17453
"(0.8055555555555555, 1.0)",2,99.73888888888888,17455
"(0.8611111111111112, 1.0)",1,99.73886452241716,17456
"(0.8817204301075269, 1.0)",2,99.73886328725038,17458
"(0.9841269841269842, 1.0)",1,99.73886328725038,17459
"(0.8888888888888888, 1.0)",1,99.73886328725038,17460
"(0.8571428571428572, 1.0)",1,99.73886328725038,17461
"(0.8469839324618735, 1.0)",1,99.73883578431372,17462
"(0.8864468864468864, 1.0)",1,99.73882783882785,17463
"(0.8415692007797271, 1.0)",1,99.738812466773,17464
"(0.8904991948470209, 1.0)",1,99.73879582575236,17465
"(0.9135802469135802, 1.0)",1,99.73878885473088,17466
"(0.9109477124183006, 1.0)",1,99.73878654025714,17467
"(0.9023569023569024, 1.0)",1,99.73878129667604,17468
"(0.8977777777777779, 1.0)",1,99.73877394636015,17469
"(0.9445350241545892, 1.0)",1,99.73875868584147,17470
"(0.9047619047619048, 1.0)",1,99.7387492299773,17471
"(0.9841269841269842, 1.0)",1,99.73872564633434,17472
"(0.8498168498168499, 1.0)",1,99.73870573870572,17473
"(0.8498168498168498, 1.0)",3,99.73870573870572,17476
"(0.9135802469135802, 1.0)",1,99.73870339962296,17477
"(0.8958964646464646, 1.0)",1,99.73869949494949,17478
"(0.8339307048984469, 1.0)",8,99.73869260966036,17486
"(0.8729166666666666, 1.0)",1,99.73868645973909,17487
"(0.9230769230769232, 1.0)",2,99.73867626626247,17489
"(0.896551724137931, 1.0)",1,99.73865698729584,17490
"(0.8053221288515406, 1.0)",1,99.73865546218488,17491
"(0.9507101086048454, 1.0)",1,99.73863544491728,17492
"(0.9565217391304348, 1.0)",1,99.73862852123722,17493
"(0.8666666666666667, 1.0)",1,99.73862535612535,17494
"(0.9172932330827066, 1.0)",2,99.7385919343814,17496
"(0.9565217391304348, 1.0)",1,99.73857302118172,17497
"(1.0, 1.0)",4,99.73857302118172,17501
"(0.8774509803921569, 1.0)",1,99.73856209150328,17502
"(0.8571428571428572, 1.0)",1,99.73855311355312,17503
"(0.8536155202821869, 1.0)",2,99.73853615520282,17505
"(0.9135802469135802, 1.0)",1,99.7385213876442,17506
"(0.9224211423699916, 1.0)",1,99.73849492366116,17507
"(0.8502976190476191, 1.0)",2,99.73846173143588,17509
"(0.9306746031746032, 1.0)",1,99.73845908141686,17510
"(0.9841269841269842, 1.0)",1,99.7384403036577,17511
"(0.9333333333333332, 1.0)",1,99.73841713841712,17512
"(0.9243650793650792, 1.0)",1,99.73840235381904,17513
"(0.9135802469135802, 1.0)",1,99.738371942673,17514
"(0.8904991948470209, 1.0)",1,99.7383608032585,17515
"(0.9109477124183006, 1.0)",1,99.73833488463306,17516
"(0.8750600325600326, 1.0)",1,99.73832069024289,17517
"(0.919047619047619, 1.0)",1,99.7382960035134,17518
"(1.0, 1.0)",2,99.73829354531108,17520
"(0.8520449077786689, 1.0)",1,99.7382779868926,17521
"(0.8813492063492063, 1.0)",1,99.73825803825804,17522
"(0.8977777777777779, 1.0)",1,99.73825396825396,17523
"(0.9507101086048454, 1.0)",1,99.73820567870912,17524
"(0.8151260504201681, 1.0)",2,99.7382029734971,17526
"(0.9230769230769232, 1.0)",1,99.73818452079324,17527
"(0.8888888888888888, 1.0)",1,99.73818452079324,17528
"(0.8686868686868687, 1.0)",2,99.73817540484208,17530
"(0.8888888888888888, 1.0)",1,99.73815235690236,17531
"(0.8804909560723515, 1.0)",1,99.7381165574684,17532
"(0.9047619047619048, 1.0)",1,99.73809523809524,17533
"(0.8888888888888888, 1.0)",1,99.73809523809524,17534
"(0.8571428571428572, 1.0)",1,99.73809523809524,17535
"(0.9444444444444444, 1.0)",1,99.73809523809524,17536
"(0.8817204301075269, 1.0)",1,99.73806963645674,17537
"(0.9333333333333332, 1.0)",1,99.73803992854336,17538
"(0.9023569023569024, 1.0)",1,99.7380150713484,17539
"(0.9213117283950616, 1.0)",1,99.73801154590132,17540
"(0.9243650793650792, 1.0)",1,99.73797372878018,17541
"(0.9135802469135802, 1.0)",1,99.73789482122817,17542
"(0.8883205456095482, 1.0)",1,99.7378664245672,17543
"(0.9243650793650792, 1.0)",1,99.73785574915364,17544
"(0.8013468013468013, 1.0)",4,99.73785473785476,17548
"(0.896551724137931, 1.0)",6,99.73782156540776,17554
"(0.9841269841269842, 1.0)",2,99.73782156540776,17556
"(0.9047619047619048, 1.0)",1,99.73782156540776,17557
"(0.8571428571428572, 1.0)",2,99.73782156540776,17559
"(0.875, 1.0)",1,99.7377450980392,17560
"(0.9224211423699916, 1.0)",1,99.7377169576658,17561
"(0.8791208791208792, 1.0)",2,99.73770673770672,17563
"(0.8337928153717628, 1.0)",1,99.73767767849576,17564
"(0.9023569023569024, 1.0)",1,99.7376665202752,17565
"(0.9264176245210728, 1.0)",1,99.73763542471188,17566
"(0.9444444444444444, 1.0)",1,99.73762335356538,17567
"(1.0, 1.0)",1,99.73762335356538,17568
"(0.9333333333333332, 1.0)",1,99.73761676919572,17569
"(0.9507101086048454, 1.0)",1,99.73759372307468,17570
"(0.896551724137931, 1.0)",1,99.73759372307468,17571
"(0.8518518518518519, 1.0)",1,99.73756613756612,17572
"(0.9224211423699916, 1.0)",1,99.7375219574708,17573
"(0.8858975827700768, 1.0)",1,99.7375174243781,17574
"(0.9230769230769232, 1.0)",1,99.73747086247089,17575
"(0.8803174603174604, 1.0)",1,99.73746031746032,17576
"(0.9230769230769232, 1.0)",1,99.73740932270344,17577
"(0.8423371647509579, 1.0)",1,99.73739728981108,17578
"(1.0, 1.0)",2,99.73737373737372,17580
"(0.8822954822954823, 1.0)",1,99.7373313245894,17581
"(0.8312992626493769, 1.0)",1,99.73731778116787,17582
"(0.919047619047619, 1.0)",1,99.73722943722944,17583
"(0.8774250440917107, 1.0)",1,99.73722606178748,17584
"(0.8319664902998236, 1.0)",1,99.73721119929452,17585
"(0.9047619047619048, 1.0)",1,99.7372039724981,17586
"(0.9696969696969696, 1.0)",1,99.7372039724981,17587
"(0.9696969696969696, 1.0)",1,99.73718551979422,17588
"(0.8468468468468467, 1.0)",1,99.73717873717874,17589
"(0.932852564102564, 1.0)",1,99.73714808496209,17590
"(0.8867623604465709, 1.0)",1,99.73713803840846,17591
"(0.9023809523809524, 1.0)",1,99.73713450292398,17592
"(0.875, 1.0)",2,99.73710317460318,17594
"(0.9243650793650792, 1.0)",1,99.73706762566138,17595
"(0.9302579365079364, 1.0)",1,99.73705973830974,17596
"(0.9168478260869564, 1.0)",1,99.73704481228884,17597
"(0.9363636363636364, 1.0)",2,99.73695193695194,17599
"(0.9841269841269842, 1.0)",2,99.73692973692974,17601
"(0.875, 1.0)",2,99.73690476190475,17603
"(0.9841269841269842, 1.0)",2,99.73690476190475,17605
"(0.9444444444444444, 1.0)",1,99.73689727463312,17606
"(0.8864468864468864, 1.0)",1,99.73682256440875,17607
"(0.8831064306064307, 1.0)",2,99.73681588540283,17609
"(0.9351258309591644, 1.0)",1,99.73680674264008,17610
"(0.8857001484413657, 1.0)",1,99.7367991472113,17611
"(0.8813492063492063, 1.0)",1,99.73678632951888,17612
"(0.8888888888888888, 1.0)",1,99.73674151935022,17613
"(0.9230769230769232, 1.0)",3,99.73674151935022,17616
"(0.9565217391304348, 1.0)",1,99.73674151935022,17617
"(0.9142520753512132, 1.0)",1,99.7367040769852,17618
"(0.8731060606060606, 1.0)",2,99.73668630751963,17620
"(0.8622222222222222, 1.0)",1,99.7366810966811,17621
"(0.8888888888888888, 1.0)",1,99.73666988416988,17622
"(0.8686868686868687, 1.0)",1,99.73665223665223,17623
"(0.8897707231040564, 1.0)",1,99.73661756995092,17624
"(0.8991666666666667, 1.0)",1,99.73657435701554,17625
"(0.8571428571428572, 1.0)",1,99.73656204906204,17626
"(0.8439484126984128, 1.0)",1,99.7365231990232,17627
"(0.8, 1.0)",1,99.73650793650792,17628
"(0.8666666666666667, 1.0)",1,99.73650793650792,17629
"(1.0, 1.0)",1,99.73647808130566,17630
"(0.8015873015873017, 1.0)",1,99.73642439431912,17631
"(0.8864468864468864, 1.0)",3,99.7364212848084,17634
"(0.8729166666666666, 1.0)",1,99.73636944331388,17635
"(0.9841269841269842, 1.0)",1,99.73636363636363,17636
"(0.9333333333333332, 1.0)",2,99.73636363636363,17638
"(0.9841269841269842, 1.0)",1,99.73636363636363,17639
"(0.9444444444444444, 1.0)",3,99.73636363636363,17642
"(0.8925865800865801, 1.0)",1,99.73635762385764,17643
"(0.9841269841269842, 1.0)",1,99.73628845940058,17644
"(0.8915343915343915, 1.0)",1,99.73628671209316,17645
"(1.0, 1.0)",1,99.73628364389234,17646
"(0.9172932330827066, 1.0)",3,99.73626609959064,17649
"(0.8791208791208792, 1.0)",4,99.73626373626374,17653
"(0.8888888888888888, 1.0)",1,99.73623426382048,17654
"(0.8729166666666666, 1.0)",1,99.73618312757202,17655
"(0.8589726631393297, 1.0)",1,99.73614772640136,17656
"(0.9380032206119162, 1.0)",1,99.73614224633717,17657
"(0.8415692007797271, 1.0)",1,99.73612565239264,17658
"(0.9135802469135802, 1.0)",1,99.7360910694244,17659
"(0.9135802469135802, 1.0)",1,99.73606318533857,17660
"(0.8859337035751476, 1.0)",1,99.736046610112,17661
"(0.751918158567775, 1.0)",1,99.73604514269476,17662
"(0.936026936026936, 1.0)",1,99.73603267653613,17663
"(0.9696969696969696, 1.0)",1,99.73602786102786,17664
"(0.9333333333333332, 1.0)",1,99.7360089186176,17665
"(0.896551724137931, 1.0)",1,99.73600642148736,17666
"(0.9592592592592591, 1.0)",1,99.73599305264628,17667
"(0.8731060606060606, 1.0)",1,99.73595328282828,17668
"(1.0, 1.0)",3,99.73593073593074,17671
"(0.9386724386724388, 1.0)",3,99.73593073593074,17674
"(0.8415692007797271, 1.0)",1,99.73590534495962,17675
"(0.8312992626493769, 1.0)",5,99.73590452580729,17680
"(0.896551724137931, 1.0)",1,99.73577343432738,17681
"(0.8888888888888888, 1.0)",4,99.73576097105509,17685
"(0.9047619047619048, 1.0)",2,99.73576097105509,17687
"(0.8151260504201681, 1.0)",2,99.73576097105509,17689
"(0.9047619047619048, 1.0)",9,99.73573573573574,17698
"(0.8888888888888888, 1.0)",1,99.73573573573574,17699
"(0.9444444444444444, 1.0)",1,99.73573573573574,17700
"(0.8468468468468467, 1.0)",4,99.73573573573574,17704
"(0.8867623604465709, 1.0)",4,99.73569503696544,17708
"(0.9230769230769232, 1.0)",2,99.73569208569208,17710
"(0.9841269841269842, 1.0)",1,99.73568868407578,17711
"(0.8007240252422808, 1.0)",1,99.73567141059289,17712
"(0.8616898148148148, 1.0)",1,99.7356526288103,17713
"(0.9380032206119162, 1.0)",6,99.73565050086788,17719
"(0.8888888888888888, 1.0)",1,99.73563131103454,17720
"(0.9841269841269842, 1.0)",1,99.7356098008272,17721
"(0.9333333333333332, 1.0)",1,99.73556998556998,17722
"(0.8791208791208792, 1.0)",2,99.73553113553112,17724
"(0.8281746031746032, 1.0)",1,99.73550925925926,17725
"(0.8415692007797271, 1.0)",2,99.73549132803518,17727
"(0.9306746031746032, 1.0)",1,99.7354884583832,17728
"(0.9047619047619048, 1.0)",1,99.73548673548672,17729
"(0.8616898148148148, 1.0)",1,99.73544163035584,17730
"(0.8547544409613373, 1.0)",1,99.73543314922624,17731
"(0.9465811965811968, 1.0)",2,99.7354304029304,17733
"(0.9023569023569024, 1.0)",2,99.73541656300276,17735
"(0.9444444444444444, 1.0)",1,99.73538748832868,17736
"(0.9444444444444444, 1.0)",1,99.73536956870292,17737
"(0.8339307048984469, 1.0)",1,99.73535092210814,17738
"(0.8977777777777779, 1.0)",1,99.7352518978606,17739
"(0.9333333333333332, 1.0)",1,99.73523412585646,17740
"(0.8904991948470209, 1.0)",1,99.735196164544,17741
"(0.875593542260209, 1.0)",1,99.73514140180806,17742
"(0.9206349206349206, 1.0)",1,99.73513708513708,17743
"(0.8832772166105499, 1.0)",1,99.7351290684624,17744
"(0.9142520753512132, 1.0)",1,99.73511414431673,17745
"(0.9841269841269842, 1.0)",1,99.73510081510082,17746
"(0.9047619047619048, 1.0)",3,99.73504273504274,17749
"(0.9230769230769232, 1.0)",1,99.73504273504274,17750
"(0.9363636363636364, 1.0)",1,99.73503705097907,17751
"(0.8415692007797271, 1.0)",1,99.73502798214172,17752
"(0.9213117283950616, 1.0)",2,99.73501816882565,17754
"(0.9841269841269842, 1.0)",1,99.73497822517314,17755
"(0.8977777777777779, 1.0)",1,99.73497822517314,17756
"(0.8686868686868687, 1.0)",1,99.73493556252176,17757
"(0.896551724137931, 1.0)",1,99.73493556252176,17758
"(0.922050500014663, 1.0)",1,99.73492529857928,17759
"(0.8571428571428572, 1.0)",1,99.73492063492064,17760
"(0.8542199488491048, 1.0)",1,99.73489865711402,17761
"(0.8339307048984469, 1.0)",1,99.73489688847332,17762
"(0.9444444444444444, 1.0)",1,99.73489553924335,17763
"(0.9230769230769232, 1.0)",2,99.7348791559318,17765
"(0.9696969696969696, 1.0)",1,99.7348791559318,17766
"(0.9444444444444444, 1.0)",1,99.73484537493158,17767
"(0.8888888888888888, 1.0)",1,99.73483709273182,17768
"(0.9696969696969696, 1.0)",1,99.73480840147506,17769
"(0.8925865800865801, 1.0)",2,99.73478946978946,17771
"(0.8376068376068376, 1.0)",1,99.73477729999468,17772
"(0.9, 1.0)",1,99.73477633477634,17773
"(0.8402777777777779, 1.0)",1,99.73475045485915,17774
"(0.8375771604938271, 1.0)",1,99.7347444376611,17775
"(0.7982954545454546, 1.0)",1,99.73465909090908,17776
"(0.8686868686868687, 1.0)",2,99.7346480679814,17778
"(0.9135802469135802, 1.0)",2,99.7346480679814,17780
"(0.9047619047619048, 1.0)",1,99.73464696223316,17781
"(0.8817204301075269, 1.0)",2,99.73453428292136,17783
"(0.8888888888888888, 1.0)",1,99.73448773448774,17784
"(0.8109668109668109, 1.0)",1,99.73448773448774,17785
"(0.8888888888888888, 1.0)",2,99.73448773448771,17787
"(0.9565217391304348, 1.0)",1,99.73447204968944,17788
"(0.8129629629629629, 1.0)",1,99.73440527065527,17789
"(0.9135802469135802, 1.0)",2,99.73439234156244,17791
"(0.8831018518518517, 1.0)",1,99.73437126642771,17792
"(0.9563953488372092, 1.0)",1,99.73433958803356,17793
"(0.9243650793650792, 1.0)",1,99.73433754733462,17794
"(0.875, 1.0)",2,99.73430735930737,17796
"(0.8275809031622985, 1.0)",2,99.73430098863238,17798
"(0.9444444444444444, 1.0)",2,99.7342995169082,17800
"(0.8888888888888888, 1.0)",3,99.7342995169082,17803
"(0.9109477124183006, 1.0)",1,99.73429640673471,17804
"(0.8586378737541528, 1.0)",1,99.73428594268005,17805
"(0.9589484126984128, 1.0)",1,99.73426968864467,17806
"(0.9206349206349206, 1.0)",2,99.73425989215464,17808
"(0.8518518518518519, 1.0)",1,99.73424723424723,17809
"(0.9224211423699916, 1.0)",1,99.73422337522486,17810
"(0.9841269841269842, 1.0)",1,99.73421626682496,17811
"(0.8883205456095482, 1.0)",1,99.734207991497,17812
"(0.8952020202020202, 1.0)",2,99.73418328833652,17814
"(0.8415692007797271, 1.0)",2,99.73416179337232,17816
"(0.9047619047619048, 1.0)",1,99.73415856174478,17817
"(1.0, 1.0)",1,99.73415856174478,17818
"(0.75, 1.0)",9,99.734126984127,17827
"(0.9615343915343916, 1.0)",1,99.73407407407409,17828
"(0.9230769230769232, 1.0)",8,99.73404373404374,17836
"(0.8897707231040564, 1.0)",1,99.73403113258186,17837
"(0.8627450980392157, 1.0)",1,99.73402936932348,17838
"(0.734006734006734, 1.0)",2,99.73400673400673,17840
"(0.9674603174603176, 1.0)",1,99.73398268398267,17841
"(0.8053221288515406, 1.0)",1,99.73389355742296,17842
"(0.9192180611357128, 1.0)",1,99.7338481713494,17843
"(0.9172932330827066, 1.0)",1,99.73383704962652,17844
"(0.9213117283950616, 1.0)",1,99.73377611585946,17845
"(0.9230769230769232, 1.0)",1,99.73375513375512,17846
"(0.896551724137931, 1.0)",2,99.73375217153328,17848
"(0.8883205456095482, 1.0)",1,99.73373117362888,17849
"(0.9171090534979424, 1.0)",1,99.73370568217793,17850
"(0.9615343915343916, 1.0)",1,99.73368145743146,17851
"(0.9135802469135802, 1.0)",1,99.73365289457244,17852
"(0.896551724137931, 1.0)",1,99.73365289457244,17853
"(0.8750600325600326, 1.0)",1,99.7336492853025,17854
"(0.8888888888888888, 1.0)",1,99.73358585858584,17855
"(0.9047619047619048, 1.0)",2,99.73358585858584,17857
"(0.8817204301075269, 1.0)",3,99.73357228195938,17860
"(0.8518518518518519, 1.0)",1,99.73357228195938,17861
"(0.909722222222222, 1.0)",1,99.73353174603174,17862
"(0.9565217391304348, 1.0)",1,99.73350586611456,17863
"(0.9696969696969696, 1.0)",1,99.73350297519096,17864
"(0.8402777777777779, 1.0)",2,99.73349567099568,17866
"(0.9841269841269842, 1.0)",2,99.7333897986072,17868
"(0.9224211423699916, 1.0)",2,99.7333879533368,17870
"(0.8468468468468467, 1.0)",2,99.73335478335478,17872
"(0.9333333333333332, 1.0)",1,99.73333797456604,17873
"(1.0, 1.0)",1,99.73333333333332,17874
"(0.8350168350168351, 1.0)",4,99.73328523328524,17878
"(0.8589726631393297, 1.0)",1,99.73325296616964,17879
"(0.9521531100478468, 1.0)",2,99.73315960355434,17881
"(0.8817204301075269, 1.0)",1,99.73313782991202,17882
"(0.7982954545454546, 1.0)",1,99.73313254727728,17883
"(0.773034398034398, 1.0)",1,99.7330806943307,17884
"(0.7765567765567766, 1.0)",1,99.7330785156872,17885
"(0.9333333333333332, 1.0)",1,99.73305966064586,17886
"(0.9047619047619048, 1.0)",1,99.73304473304474,17887
"(0.8109668109668109, 1.0)",1,99.73304473304474,17888
"(0.9696969696969696, 1.0)",1,99.73304473304474,17889
"(0.9306746031746032, 1.0)",1,99.73302946903752,17890
"(0.9135802469135802, 1.0)",1,99.73302469135804,17891
"(0.9444444444444444, 1.0)",1,99.73302194881144,17892
"(0.8883205456095482, 1.0)",1,99.73301751530651,17893
"(0.9497685185185184, 1.0)",1,99.73301618926618,17894
"(0.8803174603174604, 1.0)",1,99.73295093795092,17895
"(1.0, 1.0)",1,99.73294026235205,17896
"(0.9507101086048454, 1.0)",1,99.73291401580876,17897
"(0.9351258309591644, 1.0)",2,99.73287953817682,17899
"(0.9333333333333332, 1.0)",1,99.7328622358034,17900
"(0.9565217391304348, 1.0)",1,99.73284708408325,17901
"(0.9220333929636256, 1.0)",1,99.73284601512776,17902
"(0.9696969696969696, 1.0)",2,99.73282863137936,17904
"(0.9333333333333332, 1.0)",1,99.73280841541713,17905
"(0.8666666666666667, 1.0)",1,99.7327965924292,17906
"(0.8592532467532467, 1.0)",1,99.7327545706578,17907
"(0.8571428571428572, 1.0)",1,99.73273639940308,17908
"(0.8740392648287385, 1.0)",2,99.7326756284651,17910
"(0.8264567669172932, 1.0)",1,99.732660470621,17911
"(1.0, 1.0)",1,99.73260073260072,17912
"(0.8888888888888888, 1.0)",2,99.73260073260072,17914
"(0.9230769230769232, 1.0)",2,99.73260073260072,17916
"(0.8151260504201681, 1.0)",3,99.73258636788049,17919
"(0.8468468468468467, 1.0)",2,99.73256113256112,17921
"(0.8373015873015873, 1.0)",2,99.73253968253968,17923
"(0.8518518518518519, 1.0)",2,99.73253056011676,17925
"(0.9333333333333332, 1.0)",1,99.73251408090118,17926
"(0.8330439814814815, 1.0)",2,99.73250826719575,17928
"(0.8817204301075269, 1.0)",1,99.7324579641784,17929
"(0.8373015873015873, 1.0)",2,99.73245614035088,17931
"(0.8627450980392157, 1.0)",1,99.73241928350288,17932
"(0.8750600325600326, 1.0)",1,99.7324173899174,17933
"(0.8731060606060606, 1.0)",1,99.7324056036556,17934
"(0.9072191055010128, 1.0)",1,99.73239196761833,17935
"(0.900854700854701, 1.0)",3,99.73237643998512,17938
"(0.9696969696969696, 1.0)",1,99.73236978075688,17939
"(0.9070736434108526, 1.0)",1,99.73233811770515,17940
"(0.9333333333333332, 1.0)",1,99.73227931488802,17941
"(0.9333333333333332, 1.0)",1,99.73227513227512,17942
"(0.9444444444444444, 1.0)",1,99.73225108225108,17943
"(0.9135802469135802, 1.0)",1,99.73220989312944,17944
"(0.9523809523809524, 1.0)",1,99.73219730719732,17945
"(0.9, 1.0)",1,99.73216783216785,17946
"(0.8888888888888888, 1.0)",1,99.73214285714286,17947
"(0.875, 1.0)",3,99.73214285714286,17950
"(0.8571428571428572, 1.0)",1,99.73214285714286,17951
"(0.9135802469135802, 1.0)",1,99.7320987654321,17952
"(0.9696969696969696, 1.0)",1,99.7320961080694,17953
"(0.896551724137931, 1.0)",1,99.7320961080694,17954
"(0.8817204301075269, 1.0)",1,99.7320961080694,17955
"(0.9224211423699916, 1.0)",1,99.7319449518938,17956
"(0.9565217391304348, 1.0)",1,99.73194001454873,17957
"(0.8468468468468467, 1.0)",1,99.73194001454873,17958
"(0.9444444444444444, 1.0)",1,99.73194001454873,17959
"(0.9466207660652104, 1.0)",2,99.73191422484658,17961
"(0.9023809523809524, 1.0)",1,99.73187893977368,17962
"(0.8893558268973552, 1.0)",1,99.73186577798197,17963
"(0.8864468864468864, 1.0)",1,99.7318575144662,17964
"(0.875, 1.0)",1,99.73185425685426,17965
"(0.9497685185185184, 1.0)",1,99.73177910052912,17966
"(0.8904991948470209, 1.0)",1,99.73167701863356,17967
"(0.9696969696969696, 1.0)",1,99.73166431338474,17968
"(0.9351258309591644, 1.0)",1,99.73165956227112,17969
"(0.7982954545454546, 1.0)",1,99.7316287878788,17970
"(0.8991666666666667, 1.0)",1,99.73160873440284,17971
"(0.9696969696969696, 1.0)",2,99.73160173160171,17973
"(0.9047619047619048, 1.0)",2,99.73160173160171,17975
"(0.8571428571428572, 1.0)",3,99.73160173160171,17978
"(1.0, 1.0)",1,99.73160173160171,17979
"(0.8888888888888888, 1.0)",1,99.73160173160171,17980
"(0.8817204301075269, 1.0)",1,99.73157612996324,17981
"(0.8350168350168351, 1.0)",3,99.73156855915477,17984
"(0.8527777777777779, 1.0)",1,99.73156565656566,17985
"(0.8616898148148148, 1.0)",1,99.7315616096866,17986
"(0.8498168498168498, 1.0)",1,99.73153727992435,17987
"(0.875, 1.0)",1,99.73150793650794,17988
"(0.9171090534979424, 1.0)",2,99.7314609053498,17990
"(0.9230769230769232, 1.0)",7,99.73145051405922,17997
"(0.875, 1.0)",1,99.73141025641026,17998
"(0.8368686868686868, 1.0)",2,99.73140572390572,18000
"(0.8332521117608837, 1.0)",1,99.73138506098758,18001
"(0.8893558268973552, 1.0)",1,99.7313768735357,18002
"(0.8109668109668109, 1.0)",3,99.73137388926862,18005
"(0.9674603174603176, 1.0)",1,99.731355426183,18006
"(0.9027274557165862, 1.0)",2,99.73135490669698,18008
"(0.896551724137931, 1.0)",1,99.73132805891429,18009
"(0.9444444444444444, 1.0)",1,99.7312925170068,18010
"(0.8686868686868687, 1.0)",1,99.73126921387792,18011
"(0.9478270609318996, 1.0)",1,99.7312288124371,18012
"(0.9070736434108526, 1.0)",1,99.73120360725753,18013
"(0.8977777777777779, 1.0)",1,99.73120039380908,18014
"(0.896551724137931, 1.0)",1,99.73113819030334,18015
"(0.9135802469135802, 1.0)",1,99.73112984707188,18016
"(0.9364583333333332, 1.0)",1,99.73111669859514,18017
"(0.9696969696969696, 1.0)",1,99.73108528898004,18018
"(0.9444444444444444, 1.0)",3,99.7310405643739,18021
"(0.8312992626493769, 1.0)",1,99.73101773111784,18022
"(0.9666666666666668, 1.0)",1,99.73101343101342,18023
"(0.8888888888888888, 1.0)",1,99.73099415204678,18024
"(0.8791208791208792, 1.0)",1,99.73097273097272,18025
"(0.9047619047619048, 1.0)",1,99.73092677931388,18026
"(0.9230769230769232, 1.0)",1,99.73089736350606,18027
"(0.9027274557165862, 1.0)",1,99.73085714193452,18028
"(0.9135802469135802, 1.0)",1,99.73076689168644,18029
"(0.8339307048984469, 1.0)",1,99.73075610172384,18030
"(0.883876357560568, 1.0)",2,99.7307232044074,18032
"(0.8452297093744462, 1.0)",1,99.73071251360724,18033
"(0.8803174603174604, 1.0)",1,99.73069313827936,18034
"(0.8873002904865649, 1.0)",1,99.73066448801742,18035
"(0.9565217391304348, 1.0)",2,99.7306365132452,18037
"(0.8170426065162907, 1.0)",2,99.73062285342988,18039
"(0.9444444444444444, 1.0)",1,99.73059163059165,18040
"(0.8425595238095238, 1.0)",1,99.73058257532404,18041
"(0.8740392648287385, 1.0)",1,99.73058027011976,18042
"(0.8675136116152449, 1.0)",1,99.73055708987611,18043
"(0.8527777777777779, 1.0)",1,99.73055555555555,18044
"(0.9444444444444444, 1.0)",2,99.73054276783176,18046
"(0.9445350241545892, 1.0)",1,99.73052032983524,18047
"(0.8888888888888888, 1.0)",1,99.7305037957212,18048
"(0.8498168498168498, 1.0)",2,99.73049555808176,18050
"(0.936026936026936, 1.0)",1,99.73047939714608,18051
"(0.8817204301075269, 1.0)",1,99.73043074756784,18052
"(0.8675136116152449, 1.0)",1,99.7304284745301,18053
"(0.875, 1.0)",1,99.73041125541124,18054
"(0.9230769230769232, 1.0)",5,99.73038073038072,18059
"(0.8376068376068376, 1.0)",1,99.73038073038072,18060
"(0.8675136116152449, 1.0)",1,99.73025870965446,18061
"(0.8345959595959597, 1.0)",1,99.7302344683393,18062
"(0.932852564102564, 1.0)",1,99.73023351648352,18063
"(0.9172932330827066, 1.0)",1,99.7302252286234,18064
"(0.8832772166105499, 1.0)",1,99.73019079685749,18065
"(0.9841269841269842, 1.0)",1,99.73015873015872,18066
"(0.7460317460317459, 1.0)",1,99.73015873015872,18067
"(0.8571428571428572, 1.0)",1,99.73015873015872,18068
"(0.8888888888888888, 1.0)",4,99.73015873015872,18072
"(0.9047619047619048, 1.0)",4,99.73015873015872,18076
"(1.0, 1.0)",3,99.73015873015872,18079
"(0.9087026014109348, 1.0)",1,99.73015321869488,18080
"(0.9135802469135802, 1.0)",1,99.73014929877677,18081
"(0.8229166666666666, 1.0)",1,99.73014851440196,18082
"(0.8817204301075269, 1.0)",1,99.73013312852022,18083
"(0.9135802469135802, 1.0)",2,99.7301240634574,18085
"(0.8904991948470209, 1.0)",1,99.73010364074436,18086
"(0.9224211423699916, 1.0)",1,99.7300690500179,18087
"(0.9364583333333332, 1.0)",1,99.73006612879458,18088
"(0.8888888888888888, 1.0)",1,99.7300636574074,18089
"(0.9023569023569024, 1.0)",1,99.73005143005145,18090
"(0.9333333333333332, 1.0)",1,99.73004266265136,18091
"(0.9364583333333332, 1.0)",1,99.73002431129952,18092
"(0.9497685185185184, 1.0)",1,99.72998316498315,18093
"(0.865079365079365, 1.0)",1,99.72996031746032,18094
"(0.8859337035751476, 1.0)",1,99.72994821979852,18095
"(0.9465811965811968, 1.0)",1,99.72993171437616,18096
"(0.8109668109668109, 1.0)",1,99.72993088782562,18097
"(0.9696969696969696, 1.0)",3,99.72989836250706,18100
"(0.8888888888888888, 1.0)",1,99.72988505747126,18101
"(0.909722222222222, 1.0)",1,99.7298786739576,18102
"(0.9696969696969696, 1.0)",1,99.72987012987014,18103
"(0.9230769230769232, 1.0)",1,99.72983624562572,18104
"(0.833064949006978, 1.0)",1,99.7296166731449,18105
"(0.9230769230769232, 1.0)",1,99.72959866220737,18106
"(0.9224211423699916, 1.0)",1,99.72959223214978,18107
"(0.9, 1.0)",1,99.72953761214632,18108
"(0.8803174603174604, 1.0)",1,99.7295238095238,18109
"(0.8502976190476191, 1.0)",1,99.72949714115038,18110
"(1.0, 1.0)",1,99.7294895120982,18111
"(0.8977777777777779, 1.0)",1,99.729440267335,18112
"(0.8063492063492064, 1.0)",2,99.72942612942612,18114
"(0.9047619047619048, 1.0)",1,99.72942612942612,18115
"(0.9333333333333332, 1.0)",1,99.72942612942612,18116
"(0.8888888888888888, 1.0)",1,99.72936507936508,18117
"(0.8666666666666667, 1.0)",2,99.72933429118774,18119
"(0.9224211423699916, 1.0)",1,99.72931855946231,18120
"(0.9243650793650792, 1.0)",1,99.72928932178932,18121
"(0.808641975308642, 1.0)",2,99.72927689594356,18123
"(0.8151260504201681, 1.0)",1,99.7292674645616,18124
"(0.904126984126984, 1.0)",1,99.72925013683634,18125
"(0.8888888888888888, 1.0)",1,99.7292490118577,18126
"(0.8468468468468467, 1.0)",2,99.72924222924225,18128
"(0.875, 1.0)",1,99.729228970171,18129
"(0.8547544409613373, 1.0)",1,99.7292133154202,18130
"(0.9023569023569024, 1.0)",1,99.72919672919672,18131
"(0.8977777777777779, 1.0)",1,99.7291896407686,18132
"(0.8498168498168498, 1.0)",1,99.72918192918192,18133
"(0.8864468864468864, 1.0)",1,99.72915972915972,18134
"(0.8373015873015873, 1.0)",1,99.72912876173746,18135
"(0.9230769230769232, 1.0)",1,99.72911474490422,18136
"(0.8857001484413657, 1.0)",1,99.7290672301173,18137
"(0.8675136116152449, 1.0)",1,99.7290234468093,18138
"(0.875, 1.0)",1,99.72896825396823,18139
"(0.9333333333333332, 1.0)",1,99.72896825396823,18140
"(0.9194577352472088, 1.0)",1,99.72895366068516,18141
"(0.9003279610194903, 1.0)",1,99.72892982842065,18142
"(0.9135802469135802, 1.0)",2,99.7288760622094,18144
"(0.8729166666666666, 1.0)",1,99.72884651284348,18145
"(0.883876357560568, 1.0)",1,99.72880598509887,18146
"(0.9696969696969696, 1.0)",1,99.72877528205746,18147
"(0.9333333333333332, 1.0)",1,99.72877219398958,18148
"(0.8977777777777779, 1.0)",1,99.72875839136708,18149
"(0.7765567765567766, 1.0)",3,99.72870988660462,18152
"(0.9565217391304348, 1.0)",1,99.72868784462987,18153
"(0.8832772166105499, 1.0)",1,99.72868784462987,18154
"(0.9135802469135802, 1.0)",1,99.7286810620144,18155
"(0.8055555555555555, 1.0)",5,99.72863247863248,18160
"(0.8157070897278975, 1.0)",1,99.72862283792416,18161
"(0.875, 1.0)",1,99.7286155202822,18162
"(0.8817204301075269, 1.0)",1,99.72859251227374,18163
"(0.8817204301075269, 1.0)",1,99.72857405956984,18164
"(0.8888888888888888, 1.0)",1,99.72857142857144,18165
"(0.7777777777777776, 1.0)",1,99.72857142857144,18166
"(0.8888888888888888, 1.0)",1,99.72848788638262,18167
"(0.9507101086048454, 1.0)",2,99.72848788638262,18169
"(0.808641975308642, 1.0)",1,99.7284832451499,18170
"(0.8571428571428572, 1.0)",1,99.72842712842711,18171
"(0.9333333333333332, 1.0)",2,99.72842712842711,18173
"(0.8888888888888888, 1.0)",1,99.72842712842711,18174
"(0.8813492063492063, 1.0)",1,99.72841191491428,18175
"(0.9507101086048454, 1.0)",1,99.72834358623832,18176
"(0.8857001484413657, 1.0)",1,99.72832567080656,18177
"(0.875, 1.0)",1,99.72831143951834,18178
"(0.8831018518518517, 1.0)",1,99.72830871256257,18179
"(0.958531746031746, 1.0)",1,99.72828703703703,18180
"(0.9333333333333332, 1.0)",1,99.72828282828284,18181
"(0.8109668109668109, 1.0)",1,99.72826004404952,18182
"(0.9589484126984128, 1.0)",1,99.72824586316008,18183
"(0.9674603174603176, 1.0)",1,99.7282415809639,18184
"(0.9391865079365078, 1.0)",1,99.72823773448772,18185
"(0.8817204301075269, 1.0)",1,99.7282207388504,18186
"(0.9230769230769232, 1.0)",1,99.7281915615249,18187
"(0.8888888888888888, 1.0)",1,99.72815107597717,18188
"(0.89, 1.0)",1,99.72812481491692,18189
"(0.8266666666666667, 1.0)",1,99.72808688387636,18190
"(0.9230769230769232, 1.0)",1,99.72808351069222,18191
"(0.896551724137931, 1.0)",1,99.72807346326836,18192
"(0.875, 1.0)",1,99.72807346326836,18193
"(0.9224211423699916, 1.0)",1,99.72806377559884,18194
"(0.896551724137931, 1.0)",1,99.72806008505806,18195
"(0.8952380952380952, 1.0)",1,99.72804872845197,18196
"(0.9391865079365078, 1.0)",1,99.72800625300626,18197
"(0.7279693486590039, 1.0)",1,99.727969348659,18198
"(0.9202401372212692, 1.0)",1,99.72795760667395,18199
"(0.936026936026936, 1.0)",1,99.72794612794613,18200
"(0.875, 1.0)",1,99.72790093048714,18201
"(0.9674603174603176, 1.0)",1,99.72788741122076,18202
"(0.9047619047619048, 1.0)",1,99.72786596119929,18203
"(0.8338275775775775, 1.0)",1,99.72786417369753,18204
"(0.9507101086048454, 1.0)",1,99.72786258575732,18205
"(0.9507101086048454, 1.0)",1,99.7278529657477,18206
"(0.9333333333333332, 1.0)",1,99.72781954887218,18207
"(0.9841269841269842, 1.0)",1,99.72781385281384,18208
"(0.875, 1.0)",1,99.72781385281384,18209
"(0.9696969696969696, 1.0)",1,99.72780601041472,18210
"(0.8888888888888888, 1.0)",2,99.72780601041472,18212
"(0.9230769230769232, 1.0)",1,99.72778351828696,18213
"(0.9841269841269842, 1.0)",1,99.72775217613928,18214
"(0.8345959595959597, 1.0)",1,99.7276978114478,18215
"(0.909209656084656, 1.0)",1,99.72767857142856,18216
"(0.958531746031746, 1.0)",1,99.72766947751325,18217
"(0.9192180611357128, 1.0)",1,99.727669387374,18218
"(0.9444444444444444, 1.0)",1,99.72763285024156,18219
"(0.8791208791208792, 1.0)",2,99.72762176095507,18221
"(0.8686868686868687, 1.0)",1,99.7276159475648,18222
"(0.9230769230769232, 1.0)",2,99.72761453522324,18224
"(0.9, 1.0)",1,99.72761098550572,18225
"(0.883876357560568, 1.0)",1,99.7275882012724,18226
"(0.896551724137931, 1.0)",1,99.72755079043112,18227
"(0.8468468468468467, 1.0)",4,99.72752555511175,18231
"(0.896551724137931, 1.0)",2,99.72752555511175,18233
"(0.932852564102564, 1.0)",1,99.7275066358762,18234
"(0.8822954822954823, 1.0)",1,99.72750050875052,18235
"(0.9142520753512132, 1.0)",1,99.72747774527978,18236
"(0.8952020202020202, 1.0)",1,99.72744679703013,18237
"(0.7708333333333334, 1.0)",4,99.72735507246377,18241
"(0.8831018518518517, 1.0)",1,99.72734993273188,18242
"(0.8502976190476191, 1.0)",1,99.72731951315473,18243
"(0.8817204301075269, 1.0)",5,99.72731927570638,18248
"(0.904126984126984, 1.0)",1,99.72731538992409,18249
"(0.922050500014663, 1.0)",1,99.7273022648634,18250
"(0.8888888888888888, 1.0)",1,99.72728538518012,18251
"(0.8888888888888888, 1.0)",1,99.72727272727272,18252
"(0.8686868686868687, 1.0)",2,99.72727272727272,18254
"(0.9023569023569024, 1.0)",1,99.72727272727272,18255
"(0.9109477124183006, 1.0)",2,99.72727046924447,18257
"(0.8611111111111112, 1.0)",1,99.7272550776583,18258
"(0.9135802469135802, 1.0)",1,99.72724484318688,18259
"(0.9135802469135802, 1.0)",1,99.72720521843328,18260
"(0.9264176245210728, 1.0)",2,99.72716993933588,18262
"(0.8888888888888888, 1.0)",1,99.72713105812684,18263
"(0.883876357560568, 1.0)",1,99.72713032581451,18264
"(0.8592532467532467, 1.0)",1,99.72712959083928,18265
"(0.8527777777777779, 1.0)",1,99.72709235209236,18266
"(0.9444444444444444, 1.0)",2,99.72709235209236,18268
"(0.9565217391304348, 1.0)",1,99.7270531400966,18269
"(0.8571428571428572, 1.0)",1,99.72699052739377,18270
"(0.9230769230769232, 1.0)",6,99.7269890603224,18276
"(0.8571428571428572, 1.0)",1,99.72698412698414,18277
"(0.9333333333333332, 1.0)",2,99.72698412698412,18279
"(0.8253968253968256, 1.0)",2,99.72698412698412,18281
"(0.8468468468468467, 1.0)",2,99.7268895094982,18283
"(0.7982954545454546, 1.0)",1,99.72686688311688,18284
"(0.8729166666666666, 1.0)",1,99.72685483870968,18285
"(0.875, 1.0)",3,99.72685185185183,18288
"(0.9, 1.0)",1,99.72683982683984,18289
"(0.9230769230769232, 1.0)",1,99.72683255441876,18290
"(0.9109477124183006, 1.0)",1,99.72682072829132,18291
"(0.8970659722222223, 1.0)",1,99.72682031501868,18292
"(0.9507101086048454, 1.0)",2,99.72681704260654,18294
"(0.8888888888888888, 1.0)",1,99.72681704260653,18295
"(0.8253968253968256, 1.0)",1,99.72681704260653,18296
"(0.8791208791208792, 1.0)",1,99.72679403929403,18297
"(0.8952020202020202, 1.0)",2,99.72674963924965,18299
"(0.8791208791208792, 1.0)",1,99.72673992673992,18300
"(0.8031953522149601, 1.0)",1,99.72671627573588,18301
"(0.9565217391304348, 1.0)",1,99.72670807453416,18302
"(0.9565217391304348, 1.0)",1,99.72667629217972,18303
"(0.85, 1.0)",1,99.72662337662338,18304
"(0.9565217391304348, 1.0)",1,99.72660992255196,18305
"(0.875, 1.0)",1,99.72660173160172,18306
"(0.9507101086048454, 1.0)",1,99.72660088449562,18307
"(0.883876357560568, 1.0)",1,99.7265892002734,18308
"(0.8731060606060606, 1.0)",2,99.72656047656048,18310
"(0.9213117283950616, 1.0)",1,99.72651325344953,18311
"(0.8376068376068376, 1.0)",1,99.72649572649571,18312
"(0.7650293586269196, 1.0)",1,99.72647115756872,18313
"(0.9230769230769232, 1.0)",1,99.72645229166967,18314
"(0.9135802469135802, 1.0)",1,99.72645181978515,18315
"(0.9230769230769232, 1.0)",1,99.7264455090542,18316
"(0.896551724137931, 1.0)",1,99.7264367816092,18317
"(0.9230769230769232, 1.0)",1,99.72642789309457,18318
"(0.8883205456095482, 1.0)",2,99.7264157837048,18320
"(0.9047619047619048, 1.0)",1,99.7263630089717,18321
"(0.8888888888888888, 1.0)",1,99.7263630089717,18322
"(0.9592433605358742, 1.0)",1,99.72632850726228,18323
"(0.8332521117608837, 1.0)",1,99.72631162426484,18324
"(0.9047619047619048, 1.0)",1,99.72631072631071,18325
"(0.8518518518518519, 1.0)",2,99.72631072631071,18327
"(0.9142520753512132, 1.0)",1,99.72627130612044,18328
"(0.9364583333333332, 1.0)",1,99.72626653439151,18329
"(0.8502976190476191, 1.0)",1,99.726250778089,18330
"(0.9171090534979424, 1.0)",1,99.72624305221528,18331
"(0.8, 1.0)",1,99.7262187088274,18332
"(0.8055555555555555, 1.0)",1,99.72619047619048,18333
"(0.875, 1.0)",1,99.72619047619048,18334
"(0.9333333333333332, 1.0)",2,99.72619047619048,18336
"(0.9444444444444444, 1.0)",1,99.72617479139218,18337
"(0.896551724137931, 1.0)",1,99.72613325371948,18338
"(0.9696969696969696, 1.0)",1,99.72610722610722,18339
"(0.808641975308642, 1.0)",1,99.72610229276896,18340
"(0.8415692007797271, 1.0)",1,99.72608287632164,18341
"(0.8731060606060606, 1.0)",1,99.7260555827088,18342
"(0.8904991948470209, 1.0)",1,99.7260435787785,18343
"(0.8452297093744462, 1.0)",1,99.72604320143792,18344
"(0.8731060606060606, 1.0)",1,99.72599584555228,18345
"(0.875, 1.0)",1,99.7259944162118,18346
"(0.8791208791208792, 1.0)",1,99.72599296128708,18347
"(0.9135802469135802, 1.0)",2,99.7259900593234,18349
"(0.9224211423699916, 1.0)",1,99.72598472854229,18350
"(0.8611111111111112, 1.0)",1,99.72592592592594,18351
"(0.9047619047619048, 1.0)",1,99.725916803503,18352
"(0.947088068181818, 1.0)",1,99.7259012130979,18353
"(0.8439484126984128, 1.0)",1,99.72589883085853,18354
"(0.9047619047619048, 1.0)",1,99.7258377425044,18355
"(0.8571428571428572, 1.0)",1,99.7258329285211,18356
"(1.0, 1.0)",2,99.72582972582973,18358
"(0.8888888888888888, 1.0)",1,99.72582972582973,18359
"(0.8571428571428572, 1.0)",1,99.72582972582973,18360
"(0.9109477124183006, 1.0)",1,99.72582746780148,18361
"(0.8864468864468864, 1.0)",1,99.72581804160752,18362
"(1.0, 1.0)",1,99.72580694159642,18363
"(0.896551724137931, 1.0)",1,99.72571638663592,18364
"(0.9135802469135802, 1.0)",1,99.7257014590348,18365
"(0.9565217391304348, 1.0)",2,99.72569797352406,18367
"(0.8627450980392157, 1.0)",2,99.72565996095408,18369
"(0.9194577352472088, 1.0)",1,99.72557909926331,18370
"(0.8888888888888888, 1.0)",2,99.72555555555556,18372
"(0.8616898148148148, 1.0)",1,99.72549475986976,18373
"(0.8627450980392157, 1.0)",1,99.72549019607844,18374
"(0.8151260504201681, 1.0)",1,99.72547174337456,18375
"(0.8817204301075269, 1.0)",2,99.72546021435076,18377
"(0.8468468468468467, 1.0)",1,99.7254465080552,18378
"(0.8888888888888888, 1.0)",1,99.72539682539684,18379
"(0.8373015873015873, 1.0)",1,99.72539682539684,18380
"(0.936026936026936, 1.0)",1,99.72539527378235,18381
"(0.9230769230769232, 1.0)",1,99.72538572538572,18382
"(0.875, 1.0)",1,99.72537567796188,18383
"(0.875, 1.0)",1,99.72537094547964,18384
"(0.9841269841269842, 1.0)",1,99.72528075788944,18385
"(0.7555555555555554, 1.0)",2,99.72525252525251,18387
"(0.922050500014663, 1.0)",1,99.72524332467744,18388
"(0.7410714285714286, 1.0)",10,99.7251984126984,18398
"(0.9214340198321892, 1.0)",1,99.72518965117402,18399
"(0.8705805822084891, 1.0)",1,99.72514104609496,18400
"(1.0, 1.0)",1,99.72509037421318,18401
"(0.8439484126984128, 1.0)",1,99.72503264208908,18402
"(0.8952020202020202, 1.0)",1,99.72499592701206,18403
"(0.9171090534979424, 1.0)",1,99.72498071070784,18404
"(0.8817204301075269, 1.0)",2,99.7249743983615,18406
"(0.9841269841269842, 1.0)",1,99.7249743983615,18407
"(0.865079365079365, 1.0)",1,99.72496392496392,18408
"(0.740829346092504, 1.0)",26,99.72495633021948,18434
"(0.9674603174603176, 1.0)",1,99.72489177489176,18435
"(0.865079365079365, 1.0)",1,99.72488038277513,18436
"(0.8518518518518519, 1.0)",5,99.72486772486772,18441
"(0.8888888888888888, 1.0)",1,99.72486772486772,18442
"(0.9047619047619048, 1.0)",1,99.72486772486772,18443
"(0.8970659722222223, 1.0)",1,99.7248466894474,18444
"(0.9272486772486772, 1.0)",1,99.72484357418182,18445
"(0.833064949006978, 1.0)",1,99.72483984078188,18446
"(0.896551724137931, 1.0)",1,99.72483455242076,18447
"(0.8864468864468864, 1.0)",1,99.72483072483072,18448
"(0.8498168498168498, 1.0)",1,99.72481684981685,18449
"(0.8, 1.0)",3,99.7247757073844,18452
"(0.9047619047619048, 1.0)",3,99.7247757073844,18455
"(0.9333333333333332, 1.0)",1,99.72476412476412,18456
"(0.8312992626493769, 1.0)",1,99.72475804401138,18457
"(0.9047619047619048, 1.0)",2,99.72474874053822,18459
"(0.8518518518518519, 1.0)",1,99.72472342472342,18460
"(0.8129898303922073, 1.0)",1,99.72467074207312,18461
"(0.8571428571428572, 1.0)",1,99.72466422466422,18462
"(0.9230769230769232, 1.0)",1,99.72466422466422,18463
"(0.7708333333333334, 1.0)",3,99.72465728715729,18466
"(0.8468468468468467, 1.0)",1,99.72462462462462,18467
"(0.9333333333333332, 1.0)",3,99.72462462462462,18470
"(0.8977777777777779, 1.0)",1,99.7246176046176,18471
"(0.8373015873015873, 1.0)",1,99.72460317460316,18472
"(0.9466207660652104, 1.0)",1,99.72459094403538,18473
"(0.9243650793650792, 1.0)",1,99.72457139981596,18474
"(0.9507101086048454, 1.0)",1,99.72454865077933,18475
"(0.9135802469135802, 1.0)",1,99.7245470578804,18476
"(0.9047619047619048, 1.0)",2,99.7245470578804,18478
"(0.9213117283950616, 1.0)",1,99.72451940035272,18479
"(0.7982954545454546, 1.0)",1,99.72451416337286,18480
"(0.922050500014663, 1.0)",1,99.72448150218204,18481
"(0.9194577352472088, 1.0)",1,99.72448035621186,18482
"(0.8266666666666667, 1.0)",1,99.72444444444444,18483
"(0.7996201329534663, 1.0)",1,99.72439584033788,18484
"(0.9047619047619048, 1.0)",3,99.72439055197675,18487
"(0.896551724137931, 1.0)",1,99.72439055197675,18488
"(1.0, 1.0)",1,99.72438672438672,18489
"(0.8266666666666667, 1.0)",1,99.72437389770724,18490
"(0.8542199488491048, 1.0)",1,99.72432193489313,18491
"(0.875, 1.0)",1,99.72429563190433,18492
"(0.8498168498168498, 1.0)",1,99.72427572427571,18493
"(0.9444444444444444, 1.0)",1,99.72427338519292,18494
"(0.919047619047619, 1.0)",1,99.72424242424242,18495
"(0.8817204301075269, 1.0)",2,99.72420543048726,18497
"(0.904126984126984, 1.0)",1,99.72419963178584,18498
"(0.9841269841269842, 1.0)",2,99.7241985068072,18500
"(0.8468468468468467, 1.0)",1,99.72419172419173,18501
"(0.9213117283950616, 1.0)",2,99.72412435284748,18503
"(0.8831018518518517, 1.0)",1,99.72409511784512,18504
"(0.9841269841269842, 1.0)",2,99.72407407407408,18506
"(0.936026936026936, 1.0)",1,99.7240660573994,18507
"(0.8151260504201681, 1.0)",1,99.72402874193156,18508
"(0.8897707231040564, 1.0)",1,99.72395875729208,18509
"(0.8129629629629629, 1.0)",1,99.7239417989418,18510
"(0.9135802469135802, 1.0)",1,99.72393947832543,18511
"(0.896551724137931, 1.0)",1,99.72393267651888,18512
"(0.8350168350168351, 1.0)",2,99.72390572390572,18514
"(0.9023569023569024, 1.0)",1,99.72390572390572,18515
"(0.8271652864044169, 1.0)",2,99.72389859733632,18517
"(0.8129629629629629, 1.0)",1,99.72386363636365,18518
"(0.7555555555555554, 1.0)",10,99.72380952380952,18528
"(0.9351258309591644, 1.0)",1,99.72377393054477,18529
"(0.9674603174603176, 1.0)",1,99.72375340708676,18530
"(0.8487103174603176, 1.0)",2,99.72371031746032,18532
"(0.9565217391304348, 1.0)",1,99.72367067206883,18533
"(0.9696969696969696, 1.0)",1,99.72355460456149,18534
"(0.9230769230769232, 1.0)",1,99.72352666403008,18535
"(0.9696969696969696, 1.0)",1,99.72352092352092,18536
"(0.9592592592592591, 1.0)",1,99.72351497162484,18537
"(0.9230769230769232, 1.0)",1,99.72349872349872,18538
"(0.8686868686868687, 1.0)",1,99.7234770060857,18539
"(0.9444444444444444, 1.0)",1,99.7234770060857,18540
"(0.9444444444444444, 1.0)",1,99.72343738133212,18541
"(0.8013468013468013, 1.0)",1,99.72342472342471,18542
"(0.8729166666666666, 1.0)",2,99.72342171717172,18544
"(0.9135802469135802, 1.0)",1,99.72342151675484,18545
"(0.9696969696969696, 1.0)",2,99.72339155097777,18547
"(0.8915343915343915, 1.0)",1,99.72331349206348,18548
"(0.9407729468599032, 1.0)",1,99.7233094835373,18549
"(0.8791208791208792, 1.0)",1,99.72327672327673,18550
"(0.9674603174603176, 1.0)",1,99.7232765892186,18551
"(0.8627450980392157, 1.0)",1,99.72323571852984,18552
"(0.8502976190476191, 1.0)",1,99.72322068612392,18553
"(0.7708333333333334, 1.0)",2,99.72321428571428,18555
"(0.9202401372212692, 1.0)",1,99.72318989191923,18556
"(0.8616898148148148, 1.0)",3,99.72314814814814,18559
"(0.8319664902998236, 1.0)",1,99.7231458275318,18560
"(0.9841269841269842, 1.0)",1,99.72313612313611,18561
"(0.8897707231040564, 1.0)",1,99.7231040564374,18562
"(0.9333333333333332, 1.0)",1,99.72310295068915,18563
"(0.9841269841269842, 1.0)",1,99.7230826635861,18564
"(0.9230769230769232, 1.0)",1,99.72302080635414,18565
"(0.8055555555555555, 1.0)",3,99.72301587301588,18568
"(0.8858975827700768, 1.0)",1,99.72300948808832,18569
"(0.8888888888888888, 1.0)",1,99.72299027137736,18570
"(0.8817204301075269, 1.0)",2,99.72299027137736,18572
"(0.9230769230769232, 1.0)",1,99.72297930827342,18573
"(0.9047619047619048, 1.0)",1,99.72294372294373,18574
"(0.9135802469135802, 1.0)",1,99.72291583885789,18575
"(0.9194577352472088, 1.0)",1,99.72289584303314,18576
"(0.8332521117608837, 1.0)",2,99.72288895639772,18578
"(0.9135802469135802, 1.0)",1,99.72287621410428,18579
"(0.8055555555555555, 1.0)",1,99.72284878863826,18580
"(0.9224211423699916, 1.0)",1,99.7228429427918,18581
"(0.8415692007797271, 1.0)",1,99.72283463287847,18582
"(0.8498168498168498, 1.0)",2,99.72283272283272,18584
"(0.8339307048984469, 1.0)",2,99.72281959378734,18586
"(0.896551724137931, 1.0)",2,99.7228085426548,18588
"(0.8731060606060606, 1.0)",2,99.72280844155844,18590
"(0.8888888888888888, 1.0)",1,99.72269276617102,18591
"(0.8774509803921569, 1.0)",1,99.72268907563026,18592
"(0.8415692007797271, 1.0)",1,99.72268743439795,18593
"(0.875, 1.0)",5,99.72267316017316,18598
"(0.936026936026936, 1.0)",4,99.7226230559564,18602
"(0.8817204301075269, 1.0)",1,99.72261812889997,18603
"(0.919047619047619, 1.0)",1,99.72261120521988,18604
"(0.8675136116152449, 1.0)",1,99.72260833767773,18605
"(0.875, 1.0)",1,99.72257513018384,18606
"(0.9565217391304348, 1.0)",1,99.72255348516218,18607
"(0.9523809523809524, 1.0)",1,99.7225401912902,18608
"(0.833064949006978, 1.0)",1,99.72253103847306,18609
"(0.8271652864044169, 1.0)",2,99.72247630254876,18611
"(0.9047619047619048, 1.0)",1,99.72247474747476,18612
"(0.9333333333333332, 1.0)",1,99.722442002442,18613
"(0.909209656084656, 1.0)",1,99.72238527676028,18614
"(0.922050500014663, 1.0)",1,99.72235648886848,18615
"(0.9364583333333332, 1.0)",1,99.72234688821644,18616
"(0.8627450980392157, 1.0)",1,99.72232995762408,18617
"(0.8888888888888888, 1.0)",1,99.7223115049202,18618
"(0.9841269841269842, 1.0)",1,99.7223115049202,18619
"(0.9230769230769232, 1.0)",2,99.7223115049202,18621
"(0.9674603174603176, 1.0)",1,99.72231040564374,18622
"(0.883876357560568, 1.0)",1,99.7222601959444,18623
"(0.7555555555555554, 1.0)",1,99.72222222222224,18624
"(0.9047619047619048, 1.0)",1,99.72222222222224,18625
"(0.9444444444444444, 1.0)",1,99.72222222222224,18626
"(0.8888888888888888, 1.0)",1,99.72222222222224,18627
"(0.8897707231040564, 1.0)",1,99.72221279084025,18628
"(0.8350168350168351, 1.0)",2,99.72217412217412,18630
"(0.900854700854701, 1.0)",4,99.7221481062274,18634
"(0.9444444444444444, 1.0)",1,99.72208055307637,18635
"(0.7996201329534663, 1.0)",2,99.72204127532346,18637
"(0.9023569023569024, 1.0)",2,99.72202827041536,18639
"(0.9230769230769232, 1.0)",1,99.7220095995958,18640
"(0.8013468013468013, 1.0)",3,99.72198172198172,18643
"(0.9243650793650792, 1.0)",2,99.72195767195768,18645
"(0.833064949006978, 1.0)",1,99.72195383789588,18646
"(0.8571428571428572, 1.0)",1,99.72194854953476,18647
"(0.8888888888888888, 1.0)",2,99.72194854953476,18649
"(0.896551724137931, 1.0)",4,99.72194854953476,18653
"(0.9213117283950616, 1.0)",2,99.72188669852648,18655
"(0.9841269841269842, 1.0)",1,99.7218720821662,18656
"(0.8468468468468467, 1.0)",1,99.72184684684684,18657
"(0.875, 1.0)",4,99.72184684684684,18661
"(0.8350168350168351, 1.0)",1,99.72183742183742,18662
"(0.8791208791208792, 1.0)",1,99.72183372183372,18663
"(0.9065438871473354, 1.0)",1,99.7218117442902,18664
"(0.9202401372212692, 1.0)",1,99.72180829652038,18665
"(0.896551724137931, 1.0)",2,99.72180424939046,18667
"(0.8803174603174604, 1.0)",1,99.72178622173509,18668
"(0.9743589743589745, 1.0)",1,99.72178374287748,18669
"(0.8857001484413657, 1.0)",1,99.72172968264294,18670
"(0.9521531100478468, 1.0)",1,99.72172070720164,18671
"(0.958531746031746, 1.0)",1,99.72171296296295,18672
"(0.9230769230769232, 1.0)",1,99.72170392536526,18673
"(0.936026936026936, 1.0)",1,99.7216576795524,18674
"(0.9172932330827066, 1.0)",1,99.72161913735746,18675
"(0.9224211423699916, 1.0)",1,99.72161609945968,18676
"(0.9674603174603176, 1.0)",1,99.7216085338511,18677
"(0.9696969696969696, 1.0)",1,99.72159784659785,18678
"(0.8686868686868687, 1.0)",1,99.721587799174,18679
"(0.8803174603174604, 1.0)",1,99.7215873015873,18680
"(0.8977777777777779, 1.0)",1,99.7215873015873,18681
"(0.8867623604465709, 1.0)",1,99.7215386952229,18682
"(0.900854700854701, 1.0)",1,99.72152463549524,18683
"(0.9023569023569024, 1.0)",1,99.72150072150072,18684
"(0.8787878787878788, 1.0)",1,99.72150072150072,18685
"(0.9841269841269842, 1.0)",1,99.72150072150072,18686
"(0.8666666666666667, 1.0)",1,99.72144230769231,18687
"(0.919047619047619, 1.0)",1,99.72135642135642,18688
"(0.8299319727891157, 1.0)",1,99.72135443921158,18689
"(0.896551724137931, 1.0)",1,99.72134341989737,18690
"(0.947088068181818, 1.0)",1,99.72133487640164,18691
"(0.9565217391304348, 1.0)",1,99.7213125039212,18692
"(1.0, 1.0)",2,99.7213125039212,18694
"(0.8468468468468467, 1.0)",3,99.72130572130573,18697
"(0.9047619047619048, 1.0)",1,99.72130572130573,18698
"(0.9135802469135802, 1.0)",1,99.72128891251698,18699
"(0.8867623604465709, 1.0)",2,99.72126502253543,18701
"(0.9047619047619048, 1.0)",1,99.72122322122324,18702
"(0.9841269841269842, 1.0)",1,99.72120072909549,18703
"(1.0, 1.0)",4,99.7211168948011,18707
"(0.8817204301075269, 1.0)",1,99.72109158526816,18708
"(0.9047619047619048, 1.0)",1,99.7210846615881,18709
"(0.9444444444444444, 1.0)",1,99.7210720036807,18710
"(0.9230769230769232, 1.0)",1,99.72105672105673,18711
"(0.8264567669172932, 1.0)",1,99.72090465955964,18712
"(0.8991666666666667, 1.0)",2,99.72090048840047,18714
"(0.9135802469135802, 1.0)",1,99.72089145422478,18715
"(0.9230769230769232, 1.0)",1,99.7208685034772,18716
"(0.9230769230769232, 1.0)",3,99.7208685034772,18719
"(0.9333333333333332, 1.0)",1,99.72083568605308,18720
"(0.9135802469135802, 1.0)",1,99.72083322785078,18721
"(0.9351258309591644, 1.0)",1,99.7208213592634,18722
"(0.8616898148148148, 1.0)",1,99.720771011396,18723
"(0.9213117283950616, 1.0)",1,99.72067470338304,18724
"(0.9047619047619048, 1.0)",1,99.72061272061272,18725
"(0.8858975827700768, 1.0)",2,99.72061100126162,18727
"(0.875, 1.0)",2,99.72059884559884,18729
"(0.9465811965811968, 1.0)",1,99.72059326668702,18730
"(0.8771929824561403, 1.0)",1,99.720557179987,18731
"(0.8468468468468467, 1.0)",1,99.72051207051209,18732
"(0.85, 1.0)",1,99.72049062049062,18733
"(0.8, 1.0)",1,99.72049062049062,18734
"(0.922050500014663, 1.0)",1,99.72047517495726,18735
"(0.9364583333333332, 1.0)",1,99.72046984484484,18736
"(0.875, 1.0)",1,99.72045454545454,18737
"(0.8387082903336773, 1.0)",1,99.72042517354754,18738
"(0.9047619047619048, 1.0)",1,99.72041062801932,18739
"(0.875, 1.0)",4,99.72041062801932,18743
"(0.8520449077786689, 1.0)",1,99.72039019827416,18744
"(0.9135802469135802, 1.0)",1,99.72037838704506,18745
"(0.9109477124183006, 1.0)",1,99.72037038203588,18746
"(0.7705882352941177, 1.0)",1,99.72035675381264,18747
"(0.9444444444444444, 1.0)",1,99.72033522033522,18748
"(0.9507101086048454, 1.0)",1,99.7203007518797,18749
"(0.9333333333333332, 1.0)",1,99.7203007518797,18750
"(0.8125, 1.0)",1,99.72026748971194,18751
"(0.8271652864044169, 1.0)",1,99.7202279644671,18752
"(0.9333333333333332, 1.0)",1,99.72021694780317,18753
"(0.9841269841269842, 1.0)",1,99.72021694780317,18754
"(0.947088068181818, 1.0)",1,99.72018158879813,18755
"(0.8977777777777779, 1.0)",1,99.72014693114272,18756
"(0.9327096052096052, 1.0)",1,99.72011910117172,18757
"(0.8686868686868687, 1.0)",1,99.72010426849135,18758
"(0.8817204301075269, 1.0)",1,99.7200763844055,18759
"(0.9, 1.0)",1,99.72007264765884,18760
"(0.936026936026936, 1.0)",1,99.72007037796511,18761
"(0.7200000000000001, 1.0)",37,99.72,18798
"(0.8832772166105499, 1.0)",4,99.71993438660104,18802
"(0.9135802469135802, 1.0)",1,99.71992945326278,18803
"(0.9407729468599032, 1.0)",1,99.71990233598927,18804
"(0.8904991948470209, 1.0)",1,99.71989250684902,18805
"(0.8888888888888888, 1.0)",1,99.71988795518207,18806
"(0.8627450980392157, 1.0)",2,99.71988795518207,18808
"(0.936026936026936, 1.0)",1,99.71988024746643,18809
"(0.9841269841269842, 1.0)",2,99.71988024746643,18811
"(0.9841269841269842, 1.0)",1,99.7198695024782,18812
"(0.8888888888888888, 1.0)",1,99.7198695024782,18813
"(0.8468468468468467, 1.0)",1,99.71986271986272,18814
"(0.8888888888888888, 1.0)",1,99.71986271986272,18815
"(0.9047619047619048, 1.0)",1,99.71986271986272,18816
"(0.883876357560568, 1.0)",1,99.7198551935394,18817
"(0.9023809523809524, 1.0)",1,99.71984126984128,18818
"(0.8518518518518519, 1.0)",1,99.71981721981722,18819
"(1.0, 1.0)",1,99.71969696969695,18820
"(0.75, 1.0)",9,99.71969696969695,18829
"(0.8791208791208792, 1.0)",1,99.71965811965812,18830
"(0.9047619047619048, 1.0)",1,99.71961371961372,18831
"(0.9230769230769232, 1.0)",1,99.71961371961372,18832
"(0.8627450980392157, 1.0)",1,99.71959935489348,18833
"(0.896551724137931, 1.0)",2,99.71959582979072,18835
"(0.9696969696969696, 1.0)",1,99.71951816299642,18836
"(0.8883205456095482, 1.0)",1,99.71948937677836,18837
"(0.8053221288515406, 1.0)",1,99.71946354299295,18838
"(0.883876357560568, 1.0)",2,99.71942074149204,18840
"(0.9841269841269842, 1.0)",1,99.71939268461009,18841
"(0.8622222222222222, 1.0)",1,99.71936507936508,18842
"(0.8571428571428572, 1.0)",1,99.71936507936508,18843
"(0.936026936026936, 1.0)",1,99.719364910593,18844
"(0.8763636363636363, 1.0)",1,99.71935880544576,18845
"(0.8977777777777779, 1.0)",1,99.7193265993266,18846
"(0.896551724137931, 1.0)",2,99.71932215710326,18848
"(0.8897707231040564, 1.0)",1,99.71930833525036,18849
"(0.8952020202020202, 1.0)",1,99.71923232135968,18850
"(0.8266666666666667, 1.0)",1,99.71921534182404,18851
"(0.8731060606060606, 1.0)",2,99.71921381365826,18853
"(0.8817204301075269, 1.0)",4,99.71919455019034,18857
"(0.735042735042735, 1.0)",1,99.71916971916971,18858
"(0.9230769230769232, 1.0)",1,99.71916971916971,18859
"(0.9841269841269842, 1.0)",2,99.71916971916971,18861
"(0.875, 1.0)",2,99.71915584415584,18863
"(0.8350168350168351, 1.0)",1,99.71914381914382,18864
"(0.8055555555555555, 1.0)",1,99.71913580246914,18865
"(0.8151260504201681, 1.0)",2,99.71909430438842,18867
"(0.9224211423699916, 1.0)",1,99.71908314050258,18868
"(0.8402777777777779, 1.0)",1,99.71906565656565,18869
"(0.896551724137931, 1.0)",2,99.71906254664876,18871
"(0.8858975827700768, 1.0)",1,99.71905721829084,18872
"(0.8888888888888888, 1.0)",2,99.7190476190476,18874
"(0.9135802469135802, 1.0)",1,99.7190346625629,18875
"(0.8373015873015873, 1.0)",1,99.71902201740912,18876
"(0.8502976190476191, 1.0)",1,99.71895894670592,18877
"(0.932852564102564, 1.0)",1,99.71894434269434,18878
"(0.9135802469135802, 1.0)",1,99.71893538560204,18879
"(0.8616898148148148, 1.0)",1,99.71888678451178,18880
"(0.8857001484413657, 1.0)",1,99.71883959012686,18881
"(0.9224211423699916, 1.0)",2,99.71881363876248,18883
"(0.9202401372212692, 1.0)",1,99.71878759599008,18884
"(0.7982954545454546, 1.0)",1,99.71878607503608,18885
"(0.9243650793650792, 1.0)",1,99.71878543144533,18886
"(0.9135802469135802, 1.0)",1,99.71877505210838,18887
"(0.9047619047619048, 1.0)",1,99.71877394636016,18888
"(0.896551724137931, 1.0)",1,99.71877394636016,18889
"(0.8157070897278975, 1.0)",1,99.71873725903492,18890
"(0.8345959595959597, 1.0)",1,99.71872345247344,18891
"(0.8589726631393297, 1.0)",2,99.71869488536154,18893
"(0.8109668109668109, 1.0)",1,99.71861471861472,18894
"(0.8666666666666667, 1.0)",2,99.71851851851852,18896
"(0.8518518518518519, 1.0)",1,99.71851851851852,18897
"(0.9230769230769232, 1.0)",1,99.71851578373318,18898
"(0.9465811965811968, 1.0)",1,99.71851553841827,18899
"(0.85, 1.0)",1,99.7185064935065,18900
"(0.8817204301075269, 1.0)",1,99.7184890828182,18901
"(0.9248366013071896, 1.0)",1,99.71848739495798,18902
"(0.8774250440917107, 1.0)",1,99.71846704302844,18903
"(0.7502088554720134, 1.0)",1,99.718462823726,18904
"(0.8264567669172932, 1.0)",2,99.71846073517126,18906
"(0.8822954822954823, 1.0)",1,99.71843966218968,18907
"(0.9047619047619048, 1.0)",3,99.7184265010352,18910
"(0.8888888888888888, 1.0)",1,99.7184265010352,18911
"(0.8571428571428572, 1.0)",1,99.7184265010352,18912
"(0.9135802469135802, 1.0)",1,99.71839861694934,18913
"(0.9696969696969696, 1.0)",1,99.7183868762816,18914
"(0.9333333333333332, 1.0)",1,99.71838624338623,18915
"(0.8817204301075269, 1.0)",1,99.71837760009802,18916
"(0.9224211423699916, 1.0)",1,99.71835035935185,18917
"(0.8600272232304901, 1.0)",1,99.7183479303012,18918
"(0.75, 1.0)",2,99.71825396825398,18920
"(0.9674603174603176, 1.0)",1,99.71824257613731,18921
"(0.8817204301075269, 1.0)",2,99.71822836661546,18923
"(0.9841269841269842, 1.0)",1,99.7182230008317,18924
"(0.8527777777777779, 1.0)",1,99.7182022084196,18925
"(0.7616334283000951, 1.0)",1,99.71815516743052,18926
"(0.8817204301075269, 1.0)",1,99.71814482442666,18927
"(0.734006734006734, 1.0)",1,99.71813371813371,18928
"(0.936026936026936, 1.0)",1,99.71813371813371,18929
"(0.8518518518518519, 1.0)",1,99.71810054568677,18930
"(1.0, 1.0)",1,99.71810054568677,18931
"(0.9135802469135802, 1.0)",1,99.71809152510906,18932
"(0.8498168498168498, 1.0)",2,99.7180708180708,18934
"(0.9444444444444444, 1.0)",1,99.71805355138687,18935
"(0.8791208791208792, 1.0)",1,99.7180380006467,18936
"(0.936026936026936, 1.0)",1,99.7180329379818,18937
"(0.8586378737541528, 1.0)",1,99.718029965759,18938
"(0.8373015873015873, 1.0)",1,99.7179802955665,18939
"(0.8915343915343915, 1.0)",1,99.71792328042328,18940
"(0.9047619047619048, 1.0)",1,99.71789321789322,18941
"(0.9213117283950616, 1.0)",1,99.71785927214374,18942
"(0.8731060606060606, 1.0)",1,99.71785644910643,18943
"(0.875, 1.0)",2,99.71771284271284,18945
"(0.8817204301075269, 1.0)",1,99.71769926608636,18946
"(0.8518518518518519, 1.0)",8,99.71769926608636,18954
"(0.9841269841269842, 1.0)",1,99.71769926608636,18955
"(0.8888888888888888, 1.0)",1,99.71765271765273,18956
"(0.8740392648287385, 1.0)",1,99.71762493841442,18957
"(0.8402777777777779, 1.0)",1,99.71762265512264,18958
"(0.9003279610194903, 1.0)",1,99.71759284845596,18959
"(0.9666666666666668, 1.0)",1,99.7175707333602,18960
"(0.808641975308642, 1.0)",1,99.71754466682005,18961
"(0.9230769230769232, 1.0)",1,99.71752681592498,18962
"(0.9841269841269842, 1.0)",1,99.71751493746382,18963
"(0.8675136116152449, 1.0)",2,99.71751361161525,18965
"(0.9023569023569024, 1.0)",1,99.7174645000732,18966
"(0.9171090534979424, 1.0)",1,99.71739395378285,18967
"(0.8858975827700768, 1.0)",1,99.71737828523472,18968
"(0.896551724137931, 1.0)",1,99.71733587825544,18969
"(0.9230769230769232, 1.0)",1,99.71733587825544,18970
"(0.9142520753512132, 1.0)",1,99.71732499201788,18971
"(0.9109477124183006, 1.0)",1,99.7172969187675,18972
"(0.812957157784744, 1.0)",1,99.71723806206565,18973
"(0.9230769230769232, 1.0)",1,99.71722137511613,18974
"(0.8345959595959597, 1.0)",1,99.71721704221704,18975
"(0.896551724137931, 1.0)",1,99.71718664477284,18976
"(0.919047619047619, 1.0)",1,99.71718664477284,18977
"(0.9444444444444444, 1.0)",1,99.71717171717172,18978
"(0.8502976190476191, 1.0)",1,99.7171529540064,18979
"(0.8883205456095482, 1.0)",1,99.7171444994335,18980
"(0.875, 1.0)",2,99.71710526315788,18982
"(0.9135802469135802, 1.0)",1,99.71697406821022,18983
"(0.8627450980392157, 1.0)",1,99.71697406821022,18984
"(0.9135802469135802, 1.0)",2,99.71694883289086,18986
"(0.9444444444444444, 1.0)",1,99.7169312169312,18987
"(0.8740392648287385, 1.0)",1,99.71691665084192,18988
"(0.8817204301075269, 1.0)",1,99.7169045696395,18989
"(0.9333333333333332, 1.0)",1,99.71688311688312,18990
"(0.8671328671328671, 1.0)",1,99.7168724994812,18991
"(0.7167919799498746, 1.0)",23,99.71679197994987,19014
"(0.9087026014109348, 1.0)",1,99.71673774843626,19015
"(1.0, 1.0)",1,99.71672771672776,19016
"(0.8791208791208792, 1.0)",3,99.71672771672772,19019
"(0.8571428571428572, 1.0)",1,99.71672771672772,19020
"(0.8888888888888888, 1.0)",3,99.71672771672772,19023
"(0.9230769230769232, 1.0)",2,99.71672771672772,19025
"(0.9333333333333332, 1.0)",1,99.71670274170272,19026
"(0.9135802469135802, 1.0)",1,99.71669983264186,19027
"(0.8571428571428572, 1.0)",1,99.7166948993036,19028
"(0.936026936026936, 1.0)",2,99.71669071669072,19030
"(0.8468468468468467, 1.0)",1,99.71668811668812,19031
"(0.8518518518518519, 1.0)",1,99.71665754424376,19032
"(0.9333333333333332, 1.0)",1,99.71665527455,19033
"(0.8817204301075269, 1.0)",1,99.71664106502816,19034
"(0.9696969696969696, 1.0)",1,99.71660706443316,19035
"(1.0, 1.0)",1,99.71655124892004,19036
"(0.8817204301075269, 1.0)",1,99.71649676488386,19037
"(0.8675136116152449, 1.0)",1,99.71644628813414,19038
"(0.8857001484413657, 1.0)",1,99.71643528183868,19039
"(0.9135802469135802, 1.0)",1,99.71642068133296,19040
"(0.883876357560568, 1.0)",1,99.71639043846174,19041
"(1.0, 1.0)",1,99.71637553155928,19042
"(0.8498168498168499, 1.0)",1,99.7163392163392,19043
"(0.9214340198321892, 1.0)",2,99.7163117132606,19045
"(0.808641975308642, 1.0)",2,99.71628988295654,19047
"(0.9507101086048454, 1.0)",1,99.71627203206153,19048
"(0.875, 1.0)",3,99.71626984126983,19051
"(0.8813492063492063, 1.0)",1,99.71626082251082,19052
"(0.9696969696969696, 1.0)",1,99.71623921463738,19053
"(0.896551724137931, 1.0)",1,99.7162230921964,19054
"(0.9696969696969696, 1.0)",1,99.7162230921964,19055
"(0.9003322259136212, 1.0)",1,99.71621311332927,19056
"(0.8376068376068376, 1.0)",2,99.7162064988152,19058
"(0.8332521117608837, 1.0)",2,99.71619370720248,19060
"(0.8883205456095482, 1.0)",1,99.71615937344838,19061
"(0.8345959595959597, 1.0)",2,99.71607934844587,19063
"(0.8686868686868687, 1.0)",1,99.71606171606172,19064
"(0.9104993386243384, 1.0)",1,99.71605379188712,19065
"(0.896551724137931, 1.0)",1,99.71599616858238,19066
"(0.9047619047619048, 1.0)",1,99.71599616858238,19067
"(0.8750600325600326, 1.0)",1,99.71593106209905,19068
"(0.8817204301075269, 1.0)",1,99.715821812596,19069
"(0.896551724137931, 1.0)",5,99.7158185613076,19074
"(0.9027274557165862, 1.0)",1,99.71578573458368,19075
"(0.8791208791208792, 1.0)",3,99.71577804911138,19078
"(0.8952020202020202, 1.0)",1,99.71574765512266,19079
"(0.9289529914529916, 1.0)",2,99.71573234966093,19081
"(0.9047619047619048, 1.0)",4,99.71572871572872,19085
"(0.9444444444444444, 1.0)",2,99.71572871572872,19087
"(0.7777777777777776, 1.0)",3,99.71572871572872,19090
"(0.9243650793650792, 1.0)",1,99.71569743130227,19091
"(0.8350168350168351, 1.0)",2,99.71569554328175,19093
"(0.8586378737541528, 1.0)",1,99.71566789418486,19094
"(0.8339307048984469, 1.0)",3,99.71565113500596,19097
"(0.8425925925925927, 1.0)",1,99.71560846560848,19098
"(0.8686868686868687, 1.0)",1,99.71560044893378,19099
"(0.9104993386243384, 1.0)",1,99.7155970408416,19100
"(0.9224211423699916, 1.0)",1,99.71559093553978,19101
"(0.8705805822084891, 1.0)",1,99.71557593160205,19102
"(0.9135802469135802, 1.0)",1,99.71554322646276,19103
"(0.8686868686868687, 1.0)",1,99.71553371553372,19104
"(0.8468468468468467, 1.0)",1,99.71553371553372,19105
"(0.9565217391304348, 1.0)",1,99.71551261406334,19106
"(0.8888888888888888, 1.0)",1,99.7155008733956,19107
"(0.8888888888888888, 1.0)",1,99.71547619047618,19108
"(0.8368686868686868, 1.0)",1,99.71538616648012,19109
"(0.9135802469135802, 1.0)",1,99.71536831391904,19110
"(0.8873002904865649, 1.0)",1,99.71536296854924,19111
"(0.9444444444444444, 1.0)",1,99.71536012296882,19112
"(0.8731060606060606, 1.0)",5,99.7153521941022,19117
"(0.9391865079365078, 1.0)",1,99.71534024103468,19118
"(0.8611111111111112, 1.0)",1,99.7153311965812,19119
"(0.9230769230769232, 1.0)",2,99.71528471528472,19121
"(0.9565217391304348, 1.0)",1,99.7152518978606,19122
"(0.9365750528541228, 1.0)",1,99.71517966184828,19123
"(0.9444444444444444, 1.0)",1,99.71516754850089,19124
"(0.8571428571428572, 1.0)",4,99.71516037244938,19128
"(0.9047619047619048, 1.0)",2,99.71512113617376,19130
"(0.8368686868686868, 1.0)",2,99.71506974506974,19132
"(0.8817204301075269, 1.0)",1,99.71505376344086,19133
"(0.8345959595959597, 1.0)",1,99.71500429502709,19134
"(0.8266666666666667, 1.0)",2,99.7149872122762,19136
"(0.8415692007797271, 1.0)",1,99.71497606352484,19137
"(0.9841269841269842, 1.0)",1,99.71496329757198,19138
"(0.9696969696969696, 1.0)",1,99.71495171495172,19139
"(0.9696969696969696, 1.0)",1,99.71493506493508,19140
"(0.8729166666666666, 1.0)",2,99.71491883116884,19142
"(0.9135802469135802, 1.0)",1,99.71489387581342,19143
"(0.9841269841269842, 1.0)",4,99.71489329384066,19147
"(0.8518518518518519, 1.0)",1,99.71476671476672,19148
"(0.8925865800865801, 1.0)",1,99.71475249600248,19149
"(0.8170426065162907, 1.0)",1,99.71474983755684,19150
"(0.8791208791208792, 1.0)",1,99.7146978021978,19151
"(0.9444444444444444, 1.0)",1,99.71463077984816,19152
"(0.9407679738562092, 1.0)",1,99.71462566916976,19153
"(0.8339307048984469, 1.0)",1,99.71460941316336,19154
"(0.8627450980392157, 1.0)",1,99.71459694989107,19155
"(0.8518518518518519, 1.0)",2,99.7145784971872,19157
"(0.7765567765567766, 1.0)",1,99.71455999716868,19158
"(0.8487103174603176, 1.0)",1,99.71455773169482,19159
"(0.896551724137931, 1.0)",1,99.71454532474024,19160
"(0.875, 1.0)",3,99.71453823953824,19163
"(0.9333333333333332, 1.0)",3,99.71453823953824,19166
"(0.9289529914529916, 1.0)",1,99.71450922075924,19167
"(0.8857001484413657, 1.0)",1,99.71447616337828,19168
"(0.8803174603174604, 1.0)",2,99.71441884280594,19170
"(0.9104993386243384, 1.0)",1,99.71441503413308,19171
"(0.9224211423699916, 1.0)",2,99.71440109224469,19173
"(0.89, 1.0)",1,99.71437848143492,19174
"(0.8977777777777779, 1.0)",1,99.71434682964096,19175
"(0.9214340198321892, 1.0)",1,99.71431939532626,19176
"(0.8817204301075269, 1.0)",2,99.7142990902724,19178
"(0.8373015873015873, 1.0)",1,99.71429129865663,19179
"(0.8888888888888888, 1.0)",2,99.71428571428572,19181
"(0.904126984126984, 1.0)",1,99.7142589551785,19182
"(0.875, 1.0)",1,99.71420153920154,19183
"(0.7141994478951, 1.0)",14,99.7141994478951,19197
"(0.8817204301075269, 1.0)",1,99.7141963278008,19198
"(0.8616898148148148, 1.0)",2,99.714183317089,19200
"(0.9224211423699916, 1.0)",1,99.71417324991155,19201
"(0.875, 1.0)",1,99.71411799701274,19202
"(0.9565217391304348, 1.0)",2,99.71410132429622,19204
"(0.9047619047619048, 1.0)",1,99.7140974967062,19205
"(0.9565217391304348, 1.0)",1,99.7140974967062,19206
"(0.9104993386243384, 1.0)",1,99.71408685471184,19207
"(0.8611111111111112, 1.0)",1,99.71406063321386,19208
"(0.7616334283000951, 1.0)",1,99.71401438068104,19209
"(0.9444444444444444, 1.0)",1,99.71401204159824,19210
"(0.8831018518518517, 1.0)",1,99.71400183150185,19211
"(0.8731060606060606, 1.0)",1,99.71400112233444,19212
"(0.9407729468599032, 1.0)",1,99.71399862469084,19213
"(0.9047619047619048, 1.0)",1,99.71399711399712,19214
"(0.8109668109668109, 1.0)",1,99.71399711399712,19215
"(0.8339307048984469, 1.0)",2,99.7139733675498,19217
"(0.8763636363636363, 1.0)",2,99.71397047397048,19219
"(0.8904991948470209, 1.0)",1,99.71393657617914,19220
"(0.8791208791208792, 1.0)",1,99.713923757402,19221
"(0.8312992626493769, 1.0)",2,99.71391440984786,19223
"(0.8547544409613373, 1.0)",1,99.71388142508832,19224
"(0.9589484126984128, 1.0)",1,99.71386592947076,19225
"(0.9047619047619048, 1.0)",1,99.7138047138047,19226
"(0.936026936026936, 1.0)",1,99.7138047138047,19227
"(0.947088068181818, 1.0)",1,99.71380007108334,19228
"(0.9696969696969696, 1.0)",1,99.713769271664,19229
"(0.8970659722222223, 1.0)",1,99.71376843972266,19230
"(0.896551724137931, 1.0)",1,99.71373836891078,19231
"(0.9444444444444444, 1.0)",1,99.71372344130964,19232
"(0.8253968253968256, 1.0)",1,99.71371737100635,19233
"(0.7765567765567766, 1.0)",1,99.71371406371406,19234
"(0.909722222222222, 1.0)",3,99.71360722610724,19237
"(0.9206349206349206, 1.0)",1,99.7136021872864,19238
"(0.8952020202020202, 1.0)",1,99.71359907316896,19239
"(0.8170426065162907, 1.0)",1,99.71359433065422,19240
"(0.8129898303922073, 1.0)",2,99.71357184097424,19242
"(0.9841269841269842, 1.0)",1,99.71355311355312,19243
"(0.8904991948470209, 1.0)",1,99.71354330049982,19244
"(0.8858975827700768, 1.0)",1,99.71348909974286,19245
"(0.8675136116152449, 1.0)",1,99.71348430758594,19246
"(0.8817204301075269, 1.0)",6,99.71346646185356,19252
"(0.9333333333333332, 1.0)",2,99.71345238095238,19254
"(0.9507101086048454, 1.0)",1,99.71341653797792,19255
"(0.875, 1.0)",1,99.71338383838383,19256
"(1.0, 1.0)",1,99.71337599598468,19257
"(0.9466207660652104, 1.0)",1,99.71336767490442,19258
"(0.9135802469135802, 1.0)",1,99.71335595429798,19259
"(0.875, 1.0)",1,99.71335595429798,19260
"(0.9841269841269842, 1.0)",1,99.71335321175138,19261
"(0.9047619047619048, 1.0)",1,99.71333333333334,19262
"(0.9023569023569024, 1.0)",1,99.71332371332372,19263
"(0.8518518518518519, 1.0)",2,99.71332371332372,19265
"(0.8589726631393297, 1.0)",2,99.71327821869488,19267
"(0.8888888888888888, 1.0)",1,99.71326422115897,19268
"(0.875, 1.0)",1,99.71324216923796,19269
"(0.875, 1.0)",1,99.71320346320346,19270
"(0.9224211423699916, 1.0)",1,99.71318593313478,19271
"(0.8266666666666667, 1.0)",1,99.71315055315056,19272
"(0.8518518518518519, 1.0)",1,99.71313549574418,19273
"(1.0, 1.0)",2,99.71313549574418,19275
"(0.9565217391304348, 1.0)",1,99.71313549574418,19276
"(0.896551724137931, 1.0)",1,99.71310232329722,19277
"(0.8468468468468467, 1.0)",1,99.71309554068176,19278
"(0.875, 1.0)",1,99.71309523809524,19279
"(0.909722222222222, 1.0)",1,99.7130908081995,19280
"(0.9523809523809524, 1.0)",1,99.71307911752328,19281
"(0.8332521117608837, 1.0)",1,99.71307605308571,19282
"(0.8864468864468864, 1.0)",1,99.71307061162132,19283
"(0.9142520753512132, 1.0)",1,99.71306155495114,19284
"(0.936026936026936, 1.0)",1,99.71301106301108,19285
"(0.8864468864468864, 1.0)",1,99.71299811299812,19286
"(0.9445350241545892, 1.0)",4,99.71295051192352,19290
"(0.9841269841269842, 1.0)",1,99.71294532627866,19291
"(0.8198261686633779, 1.0)",1,99.71292841621008,19292
"(0.9333333333333332, 1.0)",1,99.71291486291486,19293
"(0.9841269841269842, 1.0)",2,99.71289733284618,19295
"(0.8991666666666667, 1.0)",1,99.71289215686276,19296
"(0.9465811965811968, 1.0)",1,99.71288071038072,19297
"(0.9230769230769232, 1.0)",1,99.71287971287973,19298
"(0.9023569023569024, 1.0)",1,99.71286802865752,19299
"(0.7650293586269196, 1.0)",1,99.71286055520812,19300
"(0.9047619047619048, 1.0)",1,99.71284271284271,19301
"(0.8319664902998236, 1.0)",1,99.71283566592706,19302
"(0.9135802469135802, 1.0)",1,99.71283328146072,19303
"(0.875, 1.0)",1,99.71281918564527,19304
"(0.8888888888888888, 1.0)",1,99.71281482875686,19305
"(0.9135802469135802, 1.0)",1,99.71281482875686,19306
"(0.8867623604465709, 1.0)",1,99.71280853649274,19307
"(0.9135802469135802, 1.0)",1,99.71280804614138,19308
"(0.8858975827700768, 1.0)",1,99.71280366937224,19309
"(0.8547544409613373, 1.0)",1,99.71277913231935,19310
"(0.9841269841269842, 1.0)",1,99.71275946275946,19311
"(0.8055555555555555, 1.0)",1,99.71275946275946,19312
"(0.8791208791208792, 1.0)",1,99.71274699535569,19313
"(0.8817204301075269, 1.0)",1,99.71271949640072,19314
"(0.919047619047619, 1.0)",1,99.71269841269842,19315
"(0.9087026014109348, 1.0)",1,99.71268408289242,19316
"(0.9135802469135802, 1.0)",1,99.71267052861256,19317
"(0.8976612797267113, 1.0)",1,99.71266802054237,19318
"(0.8518518518518519, 1.0)",1,99.7126544952632,19319
"(1.0, 1.0)",1,99.7126148705096,19320
"(0.7777777777777776, 1.0)",1,99.7126148705096,19321
"(0.875, 1.0)",1,99.71260683760684,19322
"(0.7765567765567766, 1.0)",1,99.71258371258372,19323
"(0.9135802469135802, 1.0)",2,99.71255904589238,19325
"(0.8611111111111112, 1.0)",1,99.7125,19326
"(0.9465811965811968, 1.0)",1,99.7124692938792,19327
"(0.8817204301075269, 1.0)",1,99.71244526083235,19328
"(0.833064949006978, 1.0)",1,99.71243002837204,19329
"(0.9666666666666668, 1.0)",1,99.71242474001096,19330
"(0.9109477124183006, 1.0)",2,99.71239071386132,19332
"(0.9019607843137254, 1.0)",1,99.71236091658886,19333
"(0.9289529914529916, 1.0)",1,99.71228734228734,19334
"(0.9047619047619048, 1.0)",2,99.71228154561489,19336
"(0.8897707231040564, 1.0)",1,99.71228154561489,19337
"(0.9230769230769232, 1.0)",1,99.7122544122544,19338
"(0.8729166666666666, 1.0)",1,99.71222240457008,19339
"(0.936026936026936, 1.0)",1,99.71222004321584,19340
"(0.8421052631578948, 1.0)",1,99.71220724920192,19341
"(0.9230769230769232, 1.0)",1,99.71220387990256,19342
"(0.875, 1.0)",1,99.71217171717171,19343
"(0.8867623604465709, 1.0)",1,99.7121591858434,19344
"(0.936026936026936, 1.0)",1,99.7121338700286,19345
"(0.8857001484413657, 1.0)",1,99.7120974033777,19346
"(0.7555555555555554, 1.0)",2,99.712077294686,19348
"(0.9696969696969696, 1.0)",4,99.71206571206572,19352
"(0.8977777777777779, 1.0)",2,99.71206349206348,19354
"(1.0, 1.0)",1,99.71204072994354,19355
"(0.9067629419191918, 1.0)",1,99.711998363511,19356
"(0.9327096052096052, 1.0)",1,99.71197521681218,19357
"(0.8627450980392157, 1.0)",1,99.71195144724555,19358
"(0.8547544409613373, 1.0)",1,99.7118972981042,19359
"(0.8518518518518519, 1.0)",1,99.71188071188072,19360
"(0.7982954545454546, 1.0)",1,99.71187570145904,19361
"(0.896551724137931, 1.0)",1,99.7118451660761,19362
"(0.9264176245210728, 1.0)",1,99.71183429118774,19363
"(0.9465811965811968, 1.0)",1,99.71173044282811,19364
"(0.896551724137931, 1.0)",1,99.711720215777,19365
"(0.883876357560568, 1.0)",2,99.7117151853994,19367
"(0.9674603174603176, 1.0)",1,99.71170875534182,19368
"(0.8339307048984469, 1.0)",1,99.71170848267622,19369
"(0.875, 1.0)",1,99.71168046928916,19370
"(0.896551724137931, 1.0)",2,99.71165932185424,19372
"(0.9135802469135802, 1.0)",4,99.7116571699905,19376
"(0.8468468468468467, 1.0)",1,99.71165253923874,19377
"(0.9674603174603176, 1.0)",1,99.71159337738284,19378
"(0.9696969696969696, 1.0)",1,99.71156004489336,19379
"(0.8864468864468864, 1.0)",2,99.71155511155511,19381
"(0.9023809523809524, 1.0)",1,99.71153261942736,19382
"(0.8897707231040564, 1.0)",1,99.71147614946064,19383
"(0.9171090534979424, 1.0)",1,99.71146219218932,19384
"(0.8487103174603176, 1.0)",5,99.71145541549951,19389
"(0.9135802469135802, 1.0)",1,99.71141574474908,19390
"(0.8518518518518519, 1.0)",1,99.7114038940126,19391
"(0.8686868686868687, 1.0)",1,99.71139971139972,19392
"(0.8559368191721133, 1.0)",1,99.7113995687881,19393
"(0.8542199488491048, 1.0)",1,99.71136280599195,19394
"(0.8803174603174604, 1.0)",1,99.71135802469136,19395
"(0.8803174603174604, 1.0)",1,99.71129129129127,19396
"(0.9047619047619048, 1.0)",1,99.71125804225385,19397
"(0.8888888888888888, 1.0)",2,99.71125804225385,19399
"(0.8817204301075269, 1.0)",1,99.71125804225385,19400
"(0.9264176245210728, 1.0)",1,99.711246535823,19401
"(0.8893558268973552, 1.0)",2,99.7112449302042,19403
"(0.8627450980392157, 1.0)",1,99.71122994652409,19404
"(1.0, 1.0)",1,99.7112114938202,19405
"(0.9230769230769232, 1.0)",1,99.7112088691036,19406
"(0.8888888888888888, 1.0)",1,99.71117724867725,19407
"(0.8527777777777779, 1.0)",1,99.71113579403053,19408
"(0.8763636363636363, 1.0)",4,99.71111436950147,19412
"(0.8888888888888888, 1.0)",2,99.71111111111112,19414
"(0.9047619047619048, 1.0)",3,99.71111111111112,19417
"(0.9444444444444444, 1.0)",2,99.71111111111112,19419
"(0.9206349206349206, 1.0)",1,99.71108601543384,19420
"(0.8817204301075269, 1.0)",1,99.7110855094726,19421
"(0.8952020202020202, 1.0)",1,99.71103564893887,19422
"(0.8312992626493769, 1.0)",1,99.71102860737872,19423
"(0.8275809031622985, 1.0)",1,99.71102147454329,19424
"(0.9230769230769232, 1.0)",1,99.71095953854577,19425
"(0.9109477124183006, 1.0)",1,99.7109477124183,19426
"(0.883580779054917, 1.0)",1,99.71094388140456,19427
"(0.8520449077786689, 1.0)",1,99.71091173671792,19428
"(0.9194577352472088, 1.0)",1,99.71090010929828,19429
"(0.8190277777777778, 1.0)",1,99.71087761674718,19430
"(0.8831018518518517, 1.0)",1,99.71087660398145,19431
"(0.9047619047619048, 1.0)",1,99.71083854417188,19432
"(0.9444444444444444, 1.0)",1,99.71083854417188,19433
"(0.9589484126984128, 1.0)",1,99.71082391267736,19434
"(0.7982954545454546, 1.0)",1,99.71079545454546,19435
"(0.9230769230769232, 1.0)",1,99.71077533577534,19436
"(0.9172932330827066, 1.0)",1,99.7106930699608,19437
"(0.8883205456095482, 1.0)",1,99.71068969897448,19438
"(0.9444444444444444, 1.0)",1,99.7106782106782,19439
"(0.9391865079365078, 1.0)",2,99.7106782106782,19441
"(0.875, 1.0)",2,99.7106581689915,19443
"(0.9841269841269842, 1.0)",1,99.71062271062272,19444
"(0.9589484126984128, 1.0)",2,99.7105980936626,19446
"(0.8468468468468467, 1.0)",1,99.7105724931812,19447
"(0.7869981325863679, 1.0)",1,99.71054950654096,19448
"(0.875, 1.0)",1,99.71054438393148,19449
"(0.740829346092504, 1.0)",9,99.71052631578948,19458
"(0.9465811965811968, 1.0)",1,99.71051638176638,19459
"(0.9023809523809524, 1.0)",1,99.71046176046175,19460
"(0.9135802469135802, 1.0)",3,99.7104377104377,19463
"(0.8731060606060606, 1.0)",2,99.71040142984587,19465
"(0.904126984126984, 1.0)",2,99.71040093048714,19467
"(0.8616898148148148, 1.0)",1,99.71039386991356,19468
"(0.8681932021466906, 1.0)",1,99.71037218951648,19469
"(0.875, 1.0)",1,99.71031746031748,19470
"(0.8055555555555555, 1.0)",3,99.71031746031748,19473
"(0.875, 1.0)",1,99.71030961791833,19474
"(0.9224211423699916, 1.0)",1,99.71029993024878,19475
"(0.8518518518518519, 1.0)",1,99.71029341029342,19476
"(0.9248366013071896, 1.0)",1,99.710277214334,19477
"(0.9674603174603176, 1.0)",1,99.71026089125668,19478
"(0.9333333333333332, 1.0)",1,99.71023936653228,19479
"(0.808641975308642, 1.0)",1,99.71022927689594,19480
"(0.9289529914529916, 1.0)",1,99.71021900301793,19481
"(0.896551724137931, 1.0)",3,99.71018062397371,19484
"(0.896551724137931, 1.0)",1,99.71017669565764,19485
"(0.8373015873015873, 1.0)",1,99.71017316017316,19486
"(0.8686868686868687, 1.0)",1,99.71015563010448,19487
"(0.9135802469135802, 1.0)",1,99.71011704345038,19488
"(0.9465811965811968, 1.0)",1,99.71010678814498,19489
"(0.8053221288515406, 1.0)",1,99.71008403361344,19490
"(0.8888888888888888, 1.0)",1,99.71000325839036,19491
"(0.9230769230769232, 1.0)",3,99.70996053754676,19494
"(1.0, 1.0)",1,99.70995670995671,19495
"(0.9841269841269842, 1.0)",1,99.70995670995671,19496
"(0.8904991948470209, 1.0)",1,99.70989617213874,19497
"(0.9306746031746032, 1.0)",1,99.70977084892408,19498
"(0.8589726631393297, 1.0)",1,99.70970640107896,19499
"(0.9230769230769232, 1.0)",1,99.70967304300638,19500
"(0.900854700854701, 1.0)",1,99.70964590964591,19501
"(0.8750600325600326, 1.0)",1,99.70961303383716,19502
"(0.8468468468468467, 1.0)",1,99.70959194488606,19503
"(0.9696969696969696, 1.0)",1,99.70958811719682,19504
"(0.9444444444444444, 1.0)",1,99.70958027479767,19505
"(0.9224211423699916, 1.0)",1,99.70957842952728,19506
"(0.8468468468468467, 1.0)",1,99.7095734921822,19507
"(0.8817204301075269, 1.0)",1,99.70955925794637,19508
"(0.9047619047619048, 1.0)",2,99.70955925794637,19510
"(0.8832772166105499, 1.0)",2,99.70955587622254,19512
"(0.8858975827700768, 1.0)",1,99.70953047793972,19513
"(0.8817204301075269, 1.0)",1,99.70952644052224,19514
"(0.896551724137931, 1.0)",1,99.70950266208888,19515
"(0.875, 1.0)",2,99.70950266208888,19517
"(0.9507101086048454, 1.0)",1,99.7095010252905,19518
"(0.8350168350168351, 1.0)",1,99.70947570947573,19519
"(0.8415692007797271, 1.0)",1,99.70947557938057,19520
"(0.8253968253968256, 1.0)",2,99.709440267335,19522
"(0.909722222222222, 1.0)",1,99.70941083770032,19523
"(0.9224211423699916, 1.0)",1,99.70938856091637,19524
"(0.9333333333333332, 1.0)",1,99.70938444271778,19525
"(0.8817204301075269, 1.0)",1,99.70935935614465,19526
"(0.9230769230769232, 1.0)",3,99.70934294463706,19529
"(0.9230769230769232, 1.0)",1,99.7093177093177,19530
"(0.875, 1.0)",1,99.70929533429532,19531
"(0.865079365079365, 1.0)",1,99.7092874918962,19532
"(0.883876357560568, 1.0)",2,99.7092731829574,19534
"(0.8729166666666666, 1.0)",1,99.70923580838904,19535
"(0.8888888888888888, 1.0)",1,99.7092352092352,19536
"(0.8586378737541528, 1.0)",1,99.70922473232253,19537
"(0.8675136116152449, 1.0)",1,99.7091802782819,19538
"(0.9444444444444444, 1.0)",1,99.70913627435368,19539
"(0.8258037694013303, 1.0)",1,99.70910149019906,19540
"(0.9696969696969696, 1.0)",2,99.70909927431666,19542
"(0.8627450980392157, 1.0)",2,99.70909430438844,19544
"(0.740829346092504, 1.0)",2,99.70908331434649,19546
"(0.8616898148148148, 1.0)",1,99.70905274146696,19547
"(0.9023809523809524, 1.0)",1,99.70901875901876,19548
"(0.8518518518518519, 1.0)",3,99.70899470899472,19551
"(0.9023569023569024, 1.0)",1,99.70899470899472,19552
"(0.8888888888888888, 1.0)",1,99.70899470899472,19553
"(1.0, 1.0)",1,99.70899470899472,19554
"(0.8319664902998236, 1.0)",1,99.70898838440692,19555
"(0.875, 1.0)",2,99.70898205659076,19557
"(1.0, 1.0)",2,99.70896153654776,19559
"(0.8498168498168498, 1.0)",1,99.70894383394383,19560
"(0.8281746031746032, 1.0)",1,99.70892246642246,19561
"(0.9230769230769232, 1.0)",1,99.70889894419308,19562
"(1.0, 1.0)",1,99.7088888888889,19563
"(0.8358511220580186, 1.0)",1,99.70886699507388,19564
"(0.9087026014109348, 1.0)",1,99.70880548206938,19565
"(0.9230769230769232, 1.0)",1,99.7087912087912,19566
"(0.7708333333333334, 1.0)",1,99.70878427128427,19567
"(0.8915343915343915, 1.0)",1,99.70876856118792,19568
"(0.9230769230769232, 1.0)",1,99.70876560715271,19569
"(0.8904991948470209, 1.0)",1,99.70872291506711,19570
"(0.9333333333333332, 1.0)",1,99.70870610870612,19571
"(0.9023569023569024, 1.0)",1,99.70868101302884,19572
"(0.9135802469135802, 1.0)",1,99.70867404200736,19573
"(0.8253968253968256, 1.0)",1,99.70867404200736,19574
"(0.8888888888888888, 1.0)",1,99.70867404200736,19575
"(0.8109668109668109, 1.0)",1,99.70867404200736,19576
"(0.8864468864468864, 1.0)",1,99.70866910866911,19577
"(0.9407729468599032, 1.0)",2,99.70863059846756,19579
"(0.9666666666666668, 1.0)",1,99.70862901882391,19580
"(0.8904991948470209, 1.0)",1,99.70858326131818,19581
"(0.8888888888888888, 1.0)",1,99.70856025694737,19582
"(0.8817204301075269, 1.0)",2,99.70856025694737,19584
"(0.9230769230769232, 1.0)",1,99.70851753610374,19585
"(0.922050500014663, 1.0)",2,99.70850857848018,19587
"(0.8883205456095482, 1.0)",1,99.70847699734496,19588
"(0.9168478260869564, 1.0)",1,99.70845811158613,19589
"(0.9047619047619048, 1.0)",1,99.70844619967428,19590
"(0.8498168498168498, 1.0)",1,99.7084027084027,19591
"(0.8897707231040564, 1.0)",1,99.70840036931992,19592
"(0.875, 1.0)",1,99.70836127386472,19593
"(0.8053221288515406, 1.0)",1,99.70835243188183,19594
"(0.909722222222222, 1.0)",1,99.70834922451056,19595
"(0.8627450980392157, 1.0)",2,99.70834394363806,19597
"(0.8129629629629629, 1.0)",2,99.70832701498024,19599
"(0.9172932330827066, 1.0)",1,99.708317634302,19600
"(0.8666666666666667, 1.0)",1,99.70828151007362,19601
"(0.9047619047619048, 1.0)",1,99.70820105820106,19602
"(0.9047619047619048, 1.0)",1,99.70819722413924,19603
"(0.9565217391304348, 1.0)",2,99.70819722413924,19605
"(0.8803174603174604, 1.0)",1,99.70818422868766,19606
"(0.8864468864468864, 1.0)",1,99.7081807081807,19607
"(0.9047619047619048, 1.0)",1,99.70815572605854,19608
"(0.9168478260869564, 1.0)",1,99.7081513008819,19609
"(0.9224211423699916, 1.0)",1,99.70813542808428,19610
"(0.8897707231040564, 1.0)",1,99.70811287477954,19611
"(0.8897707231040564, 1.0)",1,99.70808574141908,19612
"(0.9230769230769232, 1.0)",1,99.7080586080586,19613
"(0.8350168350168351, 1.0)",3,99.7080327080327,19616
"(0.8266666666666667, 1.0)",1,99.70802500710428,19617
"(0.7708333333333334, 1.0)",1,99.70799062049062,19618
"(0.8832772166105499, 1.0)",1,99.70794144127478,19619
"(0.8383129000541765, 1.0)",1,99.70793807726608,19620
"(0.8498168498168498, 1.0)",1,99.70792589053458,19621
"(0.9135802469135802, 1.0)",1,99.70792117168928,19622
"(0.8817204301075269, 1.0)",1,99.7078853046595,19623
"(0.904126984126984, 1.0)",1,99.70788261546882,19624
"(0.9444444444444444, 1.0)",1,99.70787545787546,19625
"(0.9565217391304348, 1.0)",1,99.7078636006672,19626
"(0.8487103174603176, 1.0)",1,99.7078373015873,19627
"(0.9109477124183006, 1.0)",1,99.70782772924716,19628
"(0.9565217391304348, 1.0)",1,99.70780738662928,19629
"(0.8332521117608837, 1.0)",1,99.70779984752184,19630
"(0.9047619047619048, 1.0)",2,99.7077922077922,19632
"(0.9172932330827066, 1.0)",1,99.7077694235589,19633
"(0.7410714285714286, 1.0)",2,99.7077380952381,19635
"(0.7973856209150327, 1.0)",1,99.70773131386944,19636
"(0.8803174603174604, 1.0)",1,99.70771801869628,19637
"(0.9565217391304348, 1.0)",1,99.70770882365083,19638
"(0.896551724137931, 1.0)",3,99.70769891028512,19641
"(0.9391865079365078, 1.0)",1,99.70768187830689,19642
"(0.8864468864468864, 1.0)",1,99.70767504100836,19643
"(0.9386724386724388, 1.0)",1,99.70766394099728,19644
"(0.9104993386243384, 1.0)",1,99.70758012820514,19645
"(0.8013468013468013, 1.0)",1,99.70755170755172,19646
"(0.8109668109668109, 1.0)",1,99.70751853510474,19647
"(0.9696969696969696, 1.0)",1,99.70751853510474,19648
"(0.896551724137931, 1.0)",1,99.70751853510474,19649
"(0.8888888888888888, 1.0)",2,99.70751853510474,19651
"(0.9142520753512132, 1.0)",1,99.7075131661123,19652
"(0.8264567669172932, 1.0)",1,99.7074787336337,19653
"(0.8611111111111112, 1.0)",1,99.7074074074074,19654
"(0.8281746031746032, 1.0)",1,99.70734126984128,19655
"(0.9507101086048454, 1.0)",1,99.7073238652186,19656
"(0.9565217391304348, 1.0)",1,99.70731538992408,19657
"(0.8125, 1.0)",1,99.70730452674896,19658
"(0.896551724137931, 1.0)",1,99.70729069277164,19659
"(0.9224211423699916, 1.0)",1,99.70728566056783,19660
"(0.8518518518518519, 1.0)",1,99.70726310726312,19661
"(0.9214340198321892, 1.0)",2,99.70725604094832,19663
"(0.9465811965811968, 1.0)",1,99.70725371120108,19664
"(0.9172932330827066, 1.0)",1,99.70723574297406,19665
"(0.8888888888888888, 1.0)",1,99.70723104056438,19666
"(0.9135802469135802, 1.0)",2,99.70723104056438,19668
"(0.8, 1.0)",1,99.7072039072039,19669
"(0.948045267489712, 1.0)",1,99.70719533804406,19670
"(0.8498168498168498, 1.0)",1,99.70719328980198,19671
"(0.9142520753512132, 1.0)",1,99.70719177702748,19672
"(1.0, 1.0)",1,99.70718793030004,19673
"(0.896551724137931, 1.0)",1,99.70714639262734,19674
"(0.9333333333333332, 1.0)",1,99.70714285714286,19675
"(0.8888888888888888, 1.0)",1,99.70711725550436,19676
"(0.8817204301075269, 1.0)",3,99.70711725550436,19679
"(0.9351258309591644, 1.0)",1,99.70708763651471,19680
"(0.9696969696969696, 1.0)",2,99.7070707070707,19682
"(0.9224211423699916, 1.0)",1,99.70705317700202,19683
"(0.9230769230769232, 1.0)",1,99.70702341137124,19684
"(0.9106275784016648, 1.0)",1,99.7070059076481,19685
"(0.8015873015873017, 1.0)",1,99.70699855699856,19686
"(0.9289529914529916, 1.0)",1,99.70696203736526,19687
"(0.8498168498168499, 1.0)",2,99.70695970695972,19689
"(0.8498168498168498, 1.0)",1,99.70695970695972,19690
"(0.8571428571428572, 1.0)",2,99.70695970695972,19692
"(1.0, 1.0)",1,99.70694338341396,19693
"(0.936026936026936, 1.0)",1,99.70694261455132,19694
"(0.833064949006978, 1.0)",1,99.70693552287756,19695
"(1.0, 1.0)",1,99.70692903792482,19696
"(0.9466207660652104, 1.0)",1,99.70691397594176,19697
"(0.9841269841269842, 1.0)",1,99.70684358281687,19698
"(0.932852564102564, 1.0)",1,99.70680263024012,19699
"(0.9565217391304348, 1.0)",1,99.70679859405844,19700
"(0.8897707231040564, 1.0)",1,99.7067947646895,19701
"(0.8229166666666666, 1.0)",1,99.70679302422724,19702
"(0.9047619047619048, 1.0)",1,99.7067821067821,19703
"(0.8675136116152449, 1.0)",1,99.7067353218047,19704
"(0.8487103174603176, 1.0)",1,99.70673500881834,19705
"(0.9523809523809524, 1.0)",1,99.70670011529388,19706
"(0.9565217391304348, 1.0)",1,99.70669427191166,19707
"(0.8888888888888888, 1.0)",2,99.70669427191166,19709
"(0.896551724137931, 1.0)",1,99.70668369518944,19710
"(0.9135802469135802, 1.0)",1,99.70668369518944,19711
"(0.8468468468468467, 1.0)",1,99.7066478645426,19712
"(0.8332521117608837, 1.0)",1,99.70655674250858,19713
"(0.8527131782945736, 1.0)",1,99.70654960023585,19714
"(0.8518518518518519, 1.0)",1,99.70653021442496,19715
"(0.75, 1.0)",2,99.70652173913044,19717
"(0.9047619047619048, 1.0)",1,99.70649924700268,19718
"(0.9230769230769232, 1.0)",1,99.7064384890472,19719
"(0.8686868686868687, 1.0)",1,99.70642937309604,19720
"(0.9333333333333332, 1.0)",1,99.70642412432692,19721
"(1.0, 1.0)",1,99.70640567162306,19722
"(0.81681801994302, 1.0)",1,99.70639965120664,19723
"(0.9047619047619048, 1.0)",1,99.70634920634922,19724
"(0.9841269841269842, 1.0)",1,99.70634920634922,19725
"(0.8750600325600326, 1.0)",1,99.70634820675144,19726
"(0.9445350241545892, 1.0)",2,99.70629467910868,19728
"(0.8376068376068375, 1.0)",1,99.7062937062937,19729
"(0.8053221288515406, 1.0)",1,99.70628831242642,19730
"(0.8833628057765988, 1.0)",1,99.70627233586004,19731
"(0.8271652864044169, 1.0)",1,99.7062359031632,19732
"(0.9327096052096052, 1.0)",1,99.70623424506128,19733
"(1.0, 1.0)",1,99.70622909941795,19734
"(0.8502976190476191, 1.0)",2,99.706190984941,19736
"(0.9327096052096052, 1.0)",1,99.70617791746312,19737
"(1.0, 1.0)",1,99.70617505100265,19738
"(0.8822954822954823, 1.0)",1,99.70617028100725,19739
"(0.9302579365079364, 1.0)",1,99.70616775937428,19740
"(0.8904991948470209, 1.0)",1,99.70614791810443,19741
"(0.8571428571428572, 1.0)",1,99.7061213640161,19742
"(0.8299319727891157, 1.0)",1,99.70611042396756,19743
"(0.8013468013468013, 1.0)",1,99.70610870610872,19744
"(0.883876357560568, 1.0)",1,99.7060985797828,19745
"(0.9674603174603176, 1.0)",2,99.70608883869754,19747
"(0.9565217391304348, 1.0)",1,99.70608082202286,19748
"(0.9243650793650792, 1.0)",1,99.70607960639212,19749
"(0.8253968253968256, 1.0)",1,99.70607553366172,19750
"(0.896551724137931, 1.0)",2,99.70607553366172,19752
"(1.0, 1.0)",1,99.7060606060606,19753
"(0.9592592592592591, 1.0)",1,99.70603876167456,19754
"(0.8817204301075269, 1.0)",1,99.70603192108568,19755
"(0.875, 1.0)",1,99.70597383097385,19756
"(0.9696969696969696, 1.0)",1,99.7059704184704,19757
"(0.8675136116152449, 1.0)",1,99.70594167101105,19758
"(0.8264567669172932, 1.0)",1,99.70590121136172,19759
"(0.8675136116152449, 1.0)",1,99.70589744999909,19760
"(0.8046935824713601, 1.0)",1,99.70588319599791,19761
"(0.8521317829457364, 1.0)",1,99.70586564966769,19762
"(0.8487103174603176, 1.0)",1,99.70585317460318,19763
"(0.9224211423699916, 1.0)",1,99.70580116104412,19764
"(0.8468468468468467, 1.0)",1,99.70574953835823,19765
"(0.9224211423699916, 1.0)",2,99.70574308358668,19767
"(0.7975164658278694, 1.0)",1,99.70572392443856,19768
"(0.8129898303922073, 1.0)",1,99.7056748022304,19769
"(0.9565217391304348, 1.0)",1,99.70565028665716,19770
"(0.8977777777777779, 1.0)",1,99.70563074352548,19771
"(0.9333333333333332, 1.0)",1,99.7056166056166,19772
"(0.9047619047619048, 1.0)",1,99.7056166056166,19773
"(0.9243650793650792, 1.0)",3,99.70561507936507,19776
"(0.9106275784016648, 1.0)",1,99.70559883034124,19777
"(0.9047619047619048, 1.0)",2,99.70556019678828,19779
"(0.8571428571428572, 1.0)",3,99.70552995391704,19782
"(0.7982954545454546, 1.0)",1,99.70552730228071,19783
"(0.8622222222222222, 1.0)",1,99.7054761904762,19784
"(0.8170426065162907, 1.0)",1,99.70547581073896,19785
"(0.8888888888888888, 1.0)",1,99.70545794075204,19786
"(0.909209656084656, 1.0)",1,99.70545001667986,19787
"(0.9230769230769232, 1.0)",2,99.705449521239,19789
"(0.9047619047619048, 1.0)",1,99.70543270543271,19790
"(0.8468468468468467, 1.0)",2,99.70543270543271,19792
"(0.9047619047619048, 1.0)",1,99.7053872053872,19793
"(0.8977777777777779, 1.0)",1,99.70538011695906,19794
"(0.8817204301075269, 1.0)",1,99.70537455376166,19795
"(0.8857001484413657, 1.0)",1,99.7053552446599,19796
"(0.937878787878788, 1.0)",1,99.70532771322245,19797
"(0.9065438871473354, 1.0)",2,99.70531703529548,19799
"(0.9135802469135802, 1.0)",1,99.70527159649968,19800
"(0.8345959595959597, 1.0)",2,99.70519781144782,19802
"(0.9230769230769232, 1.0)",1,99.70518370518371,19803
"(0.896551724137931, 1.0)",1,99.70517584855152,19804
"(0.7765567765567766, 1.0)",1,99.7051282051282,19805
"(0.8376068376068375, 1.0)",1,99.7051282051282,19806
"(0.8880341880341881, 1.0)",1,99.705106005106,19807
"(0.8867623604465709, 1.0)",1,99.70510451212206,19808
"(0.9523809523809524, 1.0)",1,99.70509899300222,19809
"(0.8468468468468467, 1.0)",1,99.7050479050479,19810
"(0.958531746031746, 1.0)",1,99.70501595082476,19811
"(0.9248366013071896, 1.0)",1,99.70499533146592,19812
"(0.883876357560568, 1.0)",2,99.70499072706204,19814
"(0.9333333333333332, 1.0)",1,99.70495588756458,19815
"(0.8345959595959597, 1.0)",1,99.7049279603312,19816
"(0.896551724137931, 1.0)",1,99.70492531512022,19817
"(0.9192180611357128, 1.0)",1,99.7049248015508,19818
"(0.8151260504201681, 1.0)",1,99.70489677352424,19819
"(0.9224211423699916, 1.0)",1,99.70487728272089,19820
"(0.8527777777777779, 1.0)",2,99.70487012987012,19822
"(0.854066985645933, 1.0)",1,99.70486063643958,19823
"(0.9507101086048454, 1.0)",1,99.70482759605568,19824
"(0.8229166666666666, 1.0)",1,99.70482142857142,19825
"(0.8368686868686868, 1.0)",1,99.70480775496904,19826
"(0.9135802469135802, 1.0)",1,99.70476654599462,19827
"(0.8817204301075269, 1.0)",1,99.70476453576032,19828
"(0.9841269841269842, 1.0)",1,99.70473970473972,19829
"(0.9230769230769232, 1.0)",1,99.70473970473972,19830
"(0.8547544409613373, 1.0)",1,99.70472883932284,19831
"(0.8350168350168351, 1.0)",1,99.7047138047138,19832
"(0.9333333333333332, 1.0)",1,99.70470688731558,19833
"(0.8686868686868687, 1.0)",1,99.70468825797045,19834
"(0.8468468468468467, 1.0)",2,99.70463905463905,19836
"(0.9696969696969696, 1.0)",1,99.70462253795588,19837
"(0.8, 1.0)",2,99.7046176046176,19839
"(0.8888888888888888, 1.0)",1,99.7046176046176,19840
"(0.9109477124183006, 1.0)",1,99.70459850606908,19841
"(0.9192180611357128, 1.0)",1,99.7045867439942,19842
"(0.9230769230769232, 1.0)",1,99.70457612562876,19843
"(0.883580779054917, 1.0)",1,99.70456934114642,19844
"(0.9224211423699916, 1.0)",1,99.70452792447678,19845
"(0.8686868686868687, 1.0)",1,99.70449014499356,19846
"(0.9696969696969696, 1.0)",1,99.70448532948532,19847
"(0.8376068376068376, 1.0)",1,99.70447426969166,19848
"(0.9565217391304348, 1.0)",1,99.70444587431444,19849
"(0.8266666666666667, 1.0)",1,99.70444444444443,19850
"(0.947088068181818, 1.0)",1,99.70444358303732,19851
"(0.8448736477904788, 1.0)",1,99.70434994478109,19852
"(0.8129898303922073, 1.0)",2,99.7042861266885,19854
"(0.9333333333333332, 1.0)",2,99.70424901185773,19856
"(0.8550741594067247, 1.0)",1,99.70423343112378,19857
"(0.9135802469135802, 1.0)",1,99.70420336853248,19858
"(0.9333333333333332, 1.0)",1,99.70419963178584,19859
"(0.8571428571428572, 1.0)",1,99.70418470418473,19860
"(0.7708333333333334, 1.0)",1,99.70416666666668,19861
"(0.8831064306064307, 1.0)",2,99.70415293040293,19863
"(0.8518518518518519, 1.0)",1,99.704149262044,19864
"(0.7200000000000001, 1.0)",11,99.704126984127,19875
"(0.896551724137931, 1.0)",1,99.70411608959704,19876
"(0.8731060606060606, 1.0)",1,99.70408588573912,19877
"(0.9674603174603176, 1.0)",1,99.7040846700267,19878
"(0.9230769230769232, 1.0)",3,99.70407598937012,19881
"(0.9380032206119162, 1.0)",1,99.70404876926617,19882
"(0.9333333333333332, 1.0)",1,99.70403459629466,19883
"(0.7502088554720134, 1.0)",1,99.70403280929597,19884
"(1.0, 1.0)",1,99.70401493930906,19885
"(0.8888888888888888, 1.0)",2,99.70401493930906,19887
"(0.8627450980392157, 1.0)",1,99.70401493930906,19888
"(0.8421052631578948, 1.0)",1,99.70401002506266,19889
"(0.8750600325600326, 1.0)",2,99.70399893135188,19891
"(0.919047619047619, 1.0)",1,99.70399648660518,19892
"(0.9047619047619048, 1.0)",1,99.70399648660518,19893
"(0.9841269841269842, 1.0)",1,99.7039897039897,19894
"(0.8468468468468467, 1.0)",4,99.7039897039897,19898
"(0.947088068181818, 1.0)",1,99.70394580590056,19899
"(0.8518518518518519, 1.0)",1,99.7039442039442,19900
"(0.8611111111111112, 1.0)",1,99.70393723278784,19901
"(0.9087026014109348, 1.0)",1,99.70388586889764,19902
"(0.7975164658278694, 1.0)",1,99.7038794084408,19903
"(0.9027274557165862, 1.0)",2,99.70384790389583,19905
"(0.875, 1.0)",1,99.70382395382396,19906
"(0.75, 1.0)",2,99.70382395382396,19908
"(0.8055555555555556, 1.0)",1,99.70382395382396,19909
"(0.8817204301075269, 1.0)",1,99.70381037719748,19910
"(0.9841269841269842, 1.0)",1,99.70376864427207,19911
"(0.9047619047619048, 1.0)",1,99.7037407037407,19912
"(0.7975164658278694, 1.0)",1,99.70374051955191,19913
"(0.734006734006734, 1.0)",1,99.7037037037037,19914
"(0.8350168350168351, 1.0)",1,99.7037037037037,19915
"(0.8332521117608837, 1.0)",1,99.70369275329529,19916
"(0.900854700854701, 1.0)",1,99.70366855366856,19917
"(0.922050500014663, 1.0)",1,99.70366494894994,19918
"(0.9224211423699916, 1.0)",1,99.70363226840873,19919
"(0.8686868686868687, 1.0)",1,99.7036075036075,19920
"(0.8053221288515406, 1.0)",1,99.70359052711994,19921
"(0.9363636363636364, 1.0)",1,99.70353849049502,19922
"(0.9507101086048454, 1.0)",1,99.70349932480867,19923
"(0.8170426065162907, 1.0)",2,99.70348949296316,19925
"(0.936026936026936, 1.0)",1,99.7034758613706,19926
"(0.8977777777777779, 1.0)",1,99.70345358345358,19927
"(0.896551724137931, 1.0)",1,99.70344914123024,19928
"(0.9135802469135802, 1.0)",2,99.70343531937736,19930
"(0.8888888888888888, 1.0)",1,99.70343531937736,19931
"(0.932852564102564, 1.0)",1,99.70342326833378,19932
"(0.7705882352941177, 1.0)",1,99.70339886850796,19933
"(0.8883205456095482, 1.0)",1,99.70337430905042,19934
"(0.9, 1.0)",1,99.70336858597727,19935
"(0.8873002904865649, 1.0)",1,99.70330735938342,19936
"(0.8925865800865801, 1.0)",1,99.70330499939875,19937
"(0.9195842916773148, 1.0)",1,99.70330213160388,19938
"(0.9696969696969696, 1.0)",1,99.70328282828282,19939
"(0.875, 1.0)",1,99.70328282828282,19940
"(0.8817204301075269, 1.0)",2,99.70326925165637,19942
"(0.9230769230769232, 1.0)",1,99.7032638858726,19943
"(0.8055555555555555, 1.0)",1,99.70326278659611,19944
"(0.8468468468468467, 1.0)",1,99.7032571032571,19945
"(0.9248366013071896, 1.0)",1,99.70324569221629,19946
"(0.8686868686868687, 1.0)",1,99.7032353611301,19947
"(0.9674603174603176, 1.0)",1,99.7032212885154,19948
"(0.8883205456095482, 1.0)",1,99.70317236046137,19949
"(0.8897707231040564, 1.0)",1,99.70314671908876,19950
"(0.8952380952380952, 1.0)",1,99.70314255189255,19951
"(0.8332521117608837, 1.0)",1,99.70312786832704,19952
"(0.9224211423699916, 1.0)",1,99.70308492303376,19953
"(0.8750600325600326, 1.0)",1,99.70307746175394,19954
"(0.896551724137931, 1.0)",1,99.70304786162988,19955
"(0.8468980343980343, 1.0)",1,99.70299371341038,19956
"(0.9333333333333332, 1.0)",1,99.70298638559508,19957
"(0.8952020202020202, 1.0)",1,99.70296223731567,19958
"(0.8502976190476191, 1.0)",1,99.70295685795683,19959
"(0.833064949006978, 1.0)",1,99.70290621884826,19960
"(0.896551724137931, 1.0)",1,99.70290093048712,19961
"(0.9386724386724388, 1.0)",2,99.70285562390823,19963
"(0.875, 1.0)",4,99.70283882783885,19967
"(0.9224211423699916, 1.0)",1,99.70279632274516,19968
"(0.8498168498168499, 1.0)",1,99.70279103612437,19969
"(0.896551724137931, 1.0)",1,99.70276865535486,19970
"(0.8571428571428572, 1.0)",1,99.7027417027417,19971
"(0.9565217391304348, 1.0)",1,99.7027260179434,19972
"(0.9224211423699916, 1.0)",1,99.70266886312116,19973
"(0.883580779054917, 1.0)",1,99.70263509391567,19974
"(0.8339307048984469, 1.0)",1,99.70261757358531,19975
"(0.896551724137931, 1.0)",1,99.70258954596522,19976
"(0.9674603174603176, 1.0)",1,99.7025589335658,19977
"(0.8053221288515406, 1.0)",1,99.70255533043256,19978
"(0.9047619047619048, 1.0)",1,99.70255348516218,19979
"(0.833064949006978, 1.0)",1,99.70255348516218,19980
"(0.9407729468599032, 1.0)",1,99.70254910794162,19981
"(0.8729166666666666, 1.0)",1,99.7025462962963,19982
"(0.9841269841269842, 1.0)",1,99.70251085941624,19983
"(0.8373015873015873, 1.0)",1,99.70246913580247,19984
"(0.9171090534979424, 1.0)",2,99.70245469743732,19986
"(0.8611111111111112, 1.0)",1,99.70245132953464,19987
"(0.909722222222222, 1.0)",6,99.7024363307258,19993
"(0.8571428571428572, 1.0)",2,99.70243336910004,19995
"(0.8253968253968256, 1.0)",1,99.70240918501788,19996
"(0.932852564102564, 1.0)",2,99.7023648916794,19998
"(0.8, 1.0)",1,99.70235690235693,19999
"(0.8468468468468467, 1.0)",1,99.7023188602136,20000
"(0.8675136116152449, 1.0)",1,99.70228994639156,20001
"(0.833064949006978, 1.0)",1,99.70228510083582,20002
"(0.8888888888888888, 1.0)",1,99.7022841656988,20003
"(0.9674603174603176, 1.0)",1,99.70223665223666,20004
"(0.8151260504201681, 1.0)",2,99.70219979538864,20006
"(0.9224211423699916, 1.0)",1,99.7021892669657,20007
"(0.900854700854701, 1.0)",1,99.70216832975451,20008
"(0.9135802469135802, 1.0)",2,99.70216049382717,20010
"(0.9333333333333332, 1.0)",1,99.70209699332506,20011
"(0.9019607843137254, 1.0)",1,99.70203745588736,20012
"(0.9224211423699916, 1.0)",1,99.70201562196448,20013
"(0.9740143369175628, 1.0)",1,99.70201257324914,20014
"(0.7996201329534663, 1.0)",1,99.70197703531036,20015
"(0.919687006945461, 1.0)",1,99.70190833102164,20016
"(0.896551724137931, 1.0)",1,99.7019068628264,20017
"(0.9023569023569024, 1.0)",1,99.70184726706466,20018
"(0.8571428571428572, 1.0)",1,99.70183982683984,20019
"(0.9696969696969696, 1.0)",2,99.70183982683984,20021
"(0.875, 1.0)",4,99.70183982683984,20025
"(0.9168478260869564, 1.0)",1,99.70182672641216,20026
"(0.8518518518518519, 1.0)",1,99.70182625021334,20027
"(0.8817204301075269, 1.0)",1,99.70182625021334,20028
"(0.9333333333333332, 1.0)",2,99.70182088442958,20030
"(0.8600272232304901, 1.0)",1,99.70181933792584,20031
"(0.89, 1.0)",1,99.70181874427844,20032
"(0.8817204301075269, 1.0)",2,99.70179307776638,20034
"(0.896551724137931, 1.0)",1,99.70179307776638,20035
"(0.9674603174603176, 1.0)",1,99.70168320957796,20036
"(0.8112794612794614, 1.0)",1,99.70167628667627,20037
"(0.8266666666666667, 1.0)",1,99.70166666666668,20038
"(0.8675136116152449, 1.0)",1,99.70164059574223,20039
"(0.9615343915343916, 1.0)",2,99.70155779729308,20041
"(0.9023569023569024, 1.0)",2,99.7015518594466,20043
"(0.9135802469135802, 1.0)",1,99.70153118486452,20044
"(0.8600272232304901, 1.0)",1,99.70152854598182,20045
"(0.8487103174603176, 1.0)",1,99.70152417027415,20046
"(0.9327096052096052, 1.0)",1,99.70152259513122,20047
"(0.8332521117608837, 1.0)",1,99.70149865051977,20048
"(0.9248366013071896, 1.0)",1,99.70146416054344,20049
"(0.9213117283950616, 1.0)",1,99.7014370223398,20050
"(0.9019607843137254, 1.0)",1,99.70135932815673,20051
"(0.8729166666666666, 1.0)",1,99.7013122988123,20052
"(0.883876357560568, 1.0)",1,99.7013110733824,20053
"(0.9264176245210728, 1.0)",1,99.70130620815964,20054
"(0.9264176245210728, 1.0)",2,99.70130269315617,20056
"(0.9841269841269842, 1.0)",1,99.70129870129873,20057
"(0.9047619047619048, 1.0)",2,99.7012987012987,20059
"(1.0, 1.0)",1,99.7012987012987,20060
"(0.9444444444444444, 1.0)",2,99.7012987012987,20062
"(0.8888888888888888, 1.0)",3,99.7012987012987,20065
"(0.875, 1.0)",1,99.70127148356048,20066
"(0.8350168350168351, 1.0)",2,99.70126552885174,20068
"(0.8527777777777779, 1.0)",1,99.70126262626265,20069
"(0.8498168498168498, 1.0)",1,99.70123424962136,20070
"(0.8425925925925927, 1.0)",2,99.70117845117844,20072
"(0.9565217391304348, 1.0)",1,99.70114255041791,20073
"(0.8627450980392157, 1.0)",1,99.70112893642306,20074
"(0.8622222222222222, 1.0)",1,99.70111111111112,20075
"(0.9465811965811968, 1.0)",1,99.7010644482152,20076
"(0.9047619047619048, 1.0)",1,99.7010582010582,20077
"(0.7996201329534663, 1.0)",1,99.70104035016315,20078
"(0.8976612797267113, 1.0)",1,99.70103465054194,20079
"(0.948045267489712, 1.0)",1,99.70096983475251,20080
"(0.7167919799498746, 1.0)",25,99.70091896407686,20105
"(0.9230769230769232, 1.0)",1,99.70090932085816,20106
"(0.947088068181818, 1.0)",1,99.70090757006584,20107
"(0.9109477124183006, 1.0)",1,99.70090710702884,20108
"(0.9333333333333332, 1.0)",2,99.70088183421517,20110
"(0.8170426065162907, 1.0)",1,99.70088099035468,20111
"(0.896551724137931, 1.0)",1,99.70088072846691,20112
"(0.8350168350168351, 1.0)",1,99.70086424925134,20113
"(0.9230769230769232, 1.0)",3,99.7008547008547,20116
"(0.8791208791208792, 1.0)",3,99.70083920656003,20119
"(1.0, 1.0)",1,99.70082681676884,20120
"(0.8468468468468467, 1.0)",1,99.7008151008151,20121
"(0.8897707231040564, 1.0)",1,99.70078981673184,20122
"(0.9364583333333332, 1.0)",1,99.70077198118976,20123
"(0.9230769230769232, 1.0)",1,99.70077145077146,20124
"(0.896551724137931, 1.0)",1,99.70074908623003,20125
"(0.8109668109668109, 1.0)",2,99.70073753407088,20127
"(0.9172932330827066, 1.0)",1,99.7007294807066,20128
"(0.9230769230769232, 1.0)",1,99.7007104007104,20129
"(0.8803174603174604, 1.0)",1,99.70066378066376,20130
"(0.8817204301075269, 1.0)",2,99.70062374901084,20132
"(0.8833628057765988, 1.0)",1,99.70062212956032,20133
"(0.8622222222222222, 1.0)",1,99.70060606060606,20134
"(0.8817204301075269, 1.0)",1,99.70060096477754,20135
"(0.8339307048984469, 1.0)",1,99.70059737156512,20136
"(0.9444444444444444, 1.0)",1,99.7005772005772,20137
"(0.8672161172161172, 1.0)",1,99.70054945054946,20138
"(0.9248366013071896, 1.0)",1,99.7005470020176,20139
"(1.0, 1.0)",1,99.70050505050506,20140
"(0.9023569023569024, 1.0)",1,99.70049592808212,20141
"(0.8498168498168498, 1.0)",2,99.7004662004662,20143
"(0.896551724137931, 1.0)",1,99.7004638613834,20144
"(0.875, 1.0)",1,99.70045144540028,20145
"(0.8803174603174604, 1.0)",2,99.70042328042328,20147
"(0.8888888888888888, 1.0)",1,99.70039682539682,20148
"(0.8977777777777779, 1.0)",1,99.70039010797632,20149
"(0.8425925925925927, 1.0)",1,99.7003848003848,20150
"(0.9841269841269842, 1.0)",1,99.70036075036074,20151
"(0.9333333333333332, 1.0)",1,99.700338258233,20152
"(0.8864468864468864, 1.0)",1,99.70027983288853,20153
"(0.875, 1.0)",1,99.7002641078728,20154
"(0.9674603174603176, 1.0)",1,99.70021645021646,20155
"(0.8888888888888888, 1.0)",1,99.7001984126984,20156
"(0.8547544409613373, 1.0)",1,99.70016506898064,20157
"(0.875, 1.0)",1,99.70012315270937,20158
"(0.9023569023569024, 1.0)",1,99.7001088580036,20159
"(0.8831018518518517, 1.0)",1,99.70009484458858,20160
"(0.883580779054917, 1.0)",2,99.70006638189452,20162
"(0.8897707231040564, 1.0)",1,99.70006258178302,20163
"(1.0, 1.0)",1,99.70006105006108,20164
"(0.8373015873015873, 1.0)",1,99.7000466853408,20165
"(0.8833628057765988, 1.0)",1,99.700043208707,20166
"(0.9135802469135802, 1.0)",2,99.70001603334936,20168
"(0.9224211423699916, 1.0)",1,99.70001070256824,20169
"(0.8750600325600326, 1.0)",1,99.70000101750102,20170
"(0.7555555555555554, 1.0)",1,99.7,20171
"(0.9135802469135802, 1.0)",1,99.6999828609024,20172
"(0.8375771604938271, 1.0)",1,99.6999614197531,20173
"(0.8350168350168351, 1.0)",2,99.6999518999519,20175
"(0.9192180611357128, 1.0)",1,99.69994578112193,20176
"(0.8817204301075269, 1.0)",2,99.69990224828936,20178
"(0.8832772166105499, 1.0)",1,99.69988776655444,20179
"(0.9841269841269842, 1.0)",1,99.6998556998557,20180
"(0.7460317460317459, 1.0)",2,99.6998556998557,20182
"(0.7777777777777776, 1.0)",1,99.6998556998557,20183
"(0.9047619047619048, 1.0)",1,99.6998556998557,20184
"(0.8571428571428572, 1.0)",1,99.6998556998557,20185
"(1.0, 1.0)",1,99.6998556998557,20186
"(0.8109668109668109, 1.0)",2,99.6998556998557,20188
"(0.9696969696969696, 1.0)",2,99.6998556998557,20190
"(0.9224211423699916, 1.0)",1,99.6998508276944,20191
"(0.8468468468468467, 1.0)",1,99.69982103315436,20192
"(0.9674603174603176, 1.0)",1,99.69978737737358,20193
"(0.8822954822954823, 1.0)",1,99.69978199336896,20194
"(0.9171090534979424, 1.0)",1,99.699776108665,20195
"(0.8373015873015873, 1.0)",1,99.69976190476191,20196
"(0.8425925925925927, 1.0)",2,99.69973544973544,20198
"(0.8317460317460318, 1.0)",1,99.6997113997114,20199
"(0.9230769230769232, 1.0)",1,99.69970448231318,20200
"(0.9565217391304348, 1.0)",1,99.69966748227615,20201
"(0.8083333333333333, 1.0)",1,99.69966422466422,20202
"(0.8468468468468467, 1.0)",2,99.6996606996607,20204
"(0.7765567765567766, 1.0)",1,99.6996336996337,20205
"(0.8498168498168498, 1.0)",1,99.6996336996337,20206
"(0.7616334283000951, 1.0)",1,99.69958436625105,20207
"(0.9333333333333332, 1.0)",1,99.6995670995671,20208
"(0.900854700854701, 1.0)",1,99.69952811547014,20209
"(0.9172932330827066, 1.0)",1,99.69949874686716,20210
"(0.8547544409613373, 1.0)",2,99.6994514106583,20212
"(0.896551724137931, 1.0)",1,99.69943772702392,20213
"(0.9740143369175628, 1.0)",1,99.69941336689992,20214
"(0.9243650793650792, 1.0)",1,99.69940145502645,20215
"(0.8271652864044169, 1.0)",1,99.6993830283399,20216
"(0.9565217391304348, 1.0)",1,99.69935328034909,20217
"(0.8616898148148148, 1.0)",2,99.69934193121694,20219
"(0.9407729468599032, 1.0)",1,99.69929807913503,20220
"(0.8729166666666666, 1.0)",1,99.69929511739856,20221
"(0.8611111111111112, 1.0)",1,99.6992488873134,20222
"(0.8571428571428572, 1.0)",1,99.69924812030077,20223
"(0.8373015873015873, 1.0)",1,99.69920634920636,20224
"(0.9841269841269842, 1.0)",1,99.69915597299274,20225
"(0.8831064306064307, 1.0)",1,99.6991402973536,20226
"(0.8832772166105499, 1.0)",1,99.69912803246136,20227
"(0.883580779054917, 1.0)",1,99.6991256508498,20228
"(0.8585858585858586, 1.0)",1,99.6991230991231,20229
"(0.8415692007797271, 1.0)",1,99.69912261958316,20230
"(0.9047619047619048, 1.0)",1,99.69910631504834,20231
"(0.8897707231040564, 1.0)",1,99.69910631504834,20232
"(0.896551724137931, 1.0)",1,99.69910520930011,20233
"(0.8729166666666666, 1.0)",1,99.69908505323828,20234
"(0.8498168498168498, 1.0)",1,99.6990231990232,20235
"(0.8888888888888888, 1.0)",1,99.6990208599404,20236
"(0.9135802469135802, 1.0)",1,99.6990208599404,20237
"(0.875, 1.0)",1,99.69899648660518,20238
"(0.8666666666666667, 1.0)",1,99.6989773478836,20239
"(0.8468980343980343, 1.0)",1,99.69896775117364,20240
"(0.9172932330827066, 1.0)",3,99.69896036387264,20243
"(0.9206349206349206, 1.0)",1,99.69895601474548,20244
"(0.9444444444444444, 1.0)",4,99.6989391989392,20248
"(0.9407729468599032, 1.0)",1,99.6988992747277,20249
"(1.0, 1.0)",1,99.6988936988937,20250
"(0.9047619047619048, 1.0)",2,99.69889048149918,20252
"(0.8402777777777779, 1.0)",1,99.69886363636364,20253
"(0.896551724137931, 1.0)",1,99.69886052644674,20254
"(0.8571428571428572, 1.0)",1,99.69880952380952,20255
"(0.7650293586269196, 1.0)",1,99.69877935862692,20256
"(0.8046935824713601, 1.0)",1,99.69876765654544,20257
"(0.9592592592592591, 1.0)",1,99.69873093681916,20258
"(0.8518518518518519, 1.0)",1,99.69872393401803,20259
"(0.8376068376068376, 1.0)",1,99.69871794871796,20260
"(0.8518518518518519, 1.0)",1,99.6986986986987,20261
"(0.8468468468468467, 1.0)",2,99.6986986986987,20263
"(0.8125, 1.0)",2,99.69867724867726,20265
"(0.7765567765567766, 1.0)",1,99.69863469863468,20266
"(0.8376068376068376, 1.0)",1,99.69863469863468,20267
"(0.9565217391304348, 1.0)",1,99.69858523119392,20268
"(0.8468468468468467, 1.0)",1,99.69856276378016,20269
"(0.9248366013071896, 1.0)",1,99.69854498521048,20270
"(0.9407729468599032, 1.0)",1,99.6985424675355,20271
"(0.9841269841269842, 1.0)",1,99.6984951984952,20272
"(0.8439484126984128, 1.0)",1,99.69849329023724,20273
"(0.9351258309591644, 1.0)",1,99.69845483114162,20274
"(0.9135802469135802, 1.0)",1,99.69844476511145,20275
"(0.7777777777777776, 1.0)",3,99.6984126984127,20278
"(0.8888888888888888, 1.0)",1,99.6984126984127,20279
"(0.7460317460317459, 1.0)",2,99.6984126984127,20281
"(0.9135802469135802, 1.0)",1,99.69840800257724,20282
"(0.9224211423699916, 1.0)",4,99.69838732594488,20286
"(0.9224211423699916, 1.0)",1,99.69838377622736,20287
"(0.896551724137931, 1.0)",1,99.69835518383611,20288
"(0.9333333333333332, 1.0)",1,99.6983309800514,20289
"(0.8817204301075269, 1.0)",1,99.6982894819707,20290
"(0.8627450980392157, 1.0)",1,99.6982894819707,20291
"(0.9213117283950616, 1.0)",1,99.6982840410618,20292
"(0.8867623604465709, 1.0)",1,99.6982702969545,20293
"(0.7777777777777776, 1.0)",2,99.6982683982684,20295
"(0.9589484126984128, 1.0)",1,99.69825092339562,20296
"(0.8864468864468864, 1.0)",1,99.69824911930176,20297
"(0.9194577352472088, 1.0)",1,99.69822282980178,20298
"(0.8740392648287385, 1.0)",1,99.69814640768588,20299
"(0.896551724137931, 1.0)",1,99.69813902572524,20300
"(0.8571428571428572, 1.0)",1,99.69813902572524,20301
"(0.8888888888888888, 1.0)",1,99.6981240981241,20302
"(0.8109668109668109, 1.0)",1,99.6981240981241,20303
"(0.8616898148148148, 1.0)",1,99.69808841099164,20304
"(0.8791208791208792, 1.0)",1,99.698050741529,20305
"(0.8771929824561403, 1.0)",1,99.69804615705932,20306
"(0.8731060606060606, 1.0)",1,99.69802669552668,20307
"(0.9135802469135802, 1.0)",1,99.69801068575578,20308
"(0.875, 1.0)",1,99.6980084092153,20309
"(0.8547544409613373, 1.0)",1,99.6980084092153,20310
"(0.8900759734093067, 1.0)",2,99.69799228616256,20312
"(0.8571428571428572, 1.0)",1,99.69795701374647,20313
"(0.936026936026936, 1.0)",1,99.6979316979317,20314
"(0.896551724137931, 1.0)",1,99.69789852548472,20315
"(0.947088068181818, 1.0)",1,99.69787300084177,20316
"(0.9264176245210728, 1.0)",1,99.6978696809534,20317
"(0.896551724137931, 1.0)",1,99.69786535303776,20318
"(0.9264176245210728, 1.0)",1,99.69786287166076,20319
"(0.9444444444444444, 1.0)",1,99.69785042543664,20320
"(0.904126984126984, 1.0)",1,99.69784917065276,20321
"(0.9696969696969696, 1.0)",1,99.69784804567414,20322
"(0.875, 1.0)",1,99.6978456929544,20323
"(0.9592592592592591, 1.0)",1,99.69784039511862,20324
"(0.9666666666666668, 1.0)",2,99.6978354978355,20326
"(0.9230769230769232, 1.0)",1,99.69778048038918,20327
"(0.8345959595959597, 1.0)",1,99.69777107152107,20328
"(0.875, 1.0)",1,99.69777043296534,20329
"(0.8468468468468467, 1.0)",2,99.69775198036068,20331
"(0.9230769230769232, 1.0)",1,99.69774659614475,20332
"(0.8170426065162907, 1.0)",2,99.6977213147812,20334
"(0.8675136116152449, 1.0)",1,99.69767234177397,20335
"(0.8257407407407408, 1.0)",1,99.69765873015874,20336
"(0.9230769230769232, 1.0)",1,99.69765500200285,20337
"(0.9841269841269842, 1.0)",3,99.69763569763568,20340
"(0.9507101086048454, 1.0)",1,99.69761651280024,20341
"(0.7410714285714286, 1.0)",1,99.69759316770188,20342
"(0.8585858585858586, 1.0)",1,99.69754993544468,20343
"(0.932852564102564, 1.0)",1,99.69753586691088,20344
"(0.8465418823841762, 1.0)",1,99.69750001442928,20345
"(0.9444444444444444, 1.0)",1,99.6974633553581,20346
"(0.8518518518518519, 1.0)",1,99.6974506974507,20347
"(0.8571428571428572, 1.0)",1,99.6974136974137,20348
"(0.8831018518518517, 1.0)",1,99.69740659702616,20349
"(0.8817204301075269, 1.0)",1,99.69736915336496,20350
"(0.9565217391304348, 1.0)",1,99.69736915336496,20351
"(0.8415692007797271, 1.0)",1,99.69730994152049,20352
"(0.8873002904865649, 1.0)",1,99.6973091848489,20353
"(0.9674603174603176, 1.0)",1,99.69728652989522,20354
"(0.9142520753512132, 1.0)",1,99.69728147015202,20355
"(0.8675136116152449, 1.0)",1,99.69727741506324,20356
"(1.0, 1.0)",1,99.69726247987116,20357
"(0.9565217391304348, 1.0)",1,99.69726247987116,20358
"(0.8518518518518519, 1.0)",1,99.69726247987116,20359
"(0.8266666666666667, 1.0)",1,99.69724053724052,20360
"(0.8864468864468864, 1.0)",1,99.69719759574832,20361
"(0.9230769230769232, 1.0)",1,99.69717620289704,20362
"(0.8686868686868687, 1.0)",2,99.69717504717504,20364
"(0.8402777777777779, 1.0)",1,99.69713203463203,20365
"(0.9841269841269842, 1.0)",1,99.69707231040564,20366
"(0.9047619047619048, 1.0)",1,99.69705897966767,20367
"(0.9333333333333332, 1.0)",1,99.69704184704185,20368
"(0.9192180611357128, 1.0)",1,99.69702613144035,20369
"(0.8550741594067247, 1.0)",1,99.69699405788674,20370
"(0.8897707231040564, 1.0)",1,99.69696026558772,20371
"(0.8977777777777779, 1.0)",1,99.69695852534562,20372
"(0.8547544409613373, 1.0)",1,99.69690611644634,20373
"(0.9135802469135802, 1.0)",4,99.69685746352414,20377
"(0.8817204301075269, 1.0)",1,99.6968044364196,20378
"(0.8888888888888888, 1.0)",1,99.6967418546366,20379
"(0.9023569023569024, 1.0)",2,99.6967180967181,20381
"(0.9047619047619048, 1.0)",1,99.69668109668108,20382
"(0.8299319727891157, 1.0)",1,99.69667065591668,20383
"(0.875, 1.0)",2,99.6966011042098,20385
"(0.9674603174603176, 1.0)",1,99.69659692159692,20386
"(0.8817204301075269, 1.0)",1,99.6965555949427,20387
"(0.8, 1.0)",1,99.69655172413792,20388
"(0.9333333333333332, 1.0)",1,99.69655172413792,20389
"(0.9696969696969696, 1.0)",1,99.69654882154882,20390
"(0.8915343915343915, 1.0)",1,99.69651421109754,20391
"(0.8253968253968256, 1.0)",2,99.69651401230348,20393
"(0.8129629629629629, 1.0)",1,99.6964947089947,20394
"(0.8666666666666667, 1.0)",1,99.69645040393696,20395
"(0.8817204301075269, 1.0)",1,99.69641210387849,20396
"(0.8571428571428572, 1.0)",1,99.69640504423111,20397
"(0.9023569023569024, 1.0)",1,99.69640135369036,20398
"(0.8257407407407408, 1.0)",1,99.69637566137568,20399
"(0.8112491373360938, 1.0)",1,99.69637393604783,20400
"(0.8888888888888888, 1.0)",1,99.69636971215918,20401
"(0.8897707231040564, 1.0)",1,99.69633637966972,20402
"(0.9135802469135802, 1.0)",2,99.6963342333289,20404
"(0.9565217391304348, 1.0)",1,99.69632743152232,20405
"(0.8350168350168351, 1.0)",1,99.69630047890917,20406
"(0.9206349206349206, 1.0)",1,99.69628616997038,20407
"(0.9444444444444444, 1.0)",1,99.6962481962482,20408
"(0.9192180611357128, 1.0)",2,99.69620972957944,20410
"(0.9465811965811968, 1.0)",1,99.69620628369788,20411
"(0.7555555555555554, 1.0)",4,99.69620427881296,20415
"(0.9047619047619048, 1.0)",2,99.6962000962001,20417
"(0.9047619047619048, 1.0)",1,99.6961926961927,20418
"(0.8465418823841762, 1.0)",1,99.69617529635582,20419
"(1.0, 1.0)",1,99.69611436950146,20420
"(0.9465811965811968, 1.0)",1,99.69609452673969,20421
"(0.9841269841269842, 1.0)",1,99.6960927960928,20422
"(0.9444444444444444, 1.0)",1,99.6960531960532,20423
"(0.8468468468468467, 1.0)",1,99.6960531960532,20424
"(0.7869981325863679, 1.0)",1,99.69605244744712,20425
"(0.8888888888888888, 1.0)",2,99.69603394190352,20427
"(0.8547544409613373, 1.0)",1,99.69602428223118,20428
"(0.8518518518518519, 1.0)",2,99.6960076960077,20430
"(0.896551724137931, 1.0)",1,99.69597452356072,20431
"(0.9243650793650792, 1.0)",1,99.69592159277504,20432
"(0.9023569023569024, 1.0)",1,99.6958633958634,20433
"(0.9243650793650792, 1.0)",1,99.69585398805988,20434
"(0.8592532467532467, 1.0)",1,99.6958317299984,20435
"(0.8864468864468864, 1.0)",1,99.6958263958264,20436
"(0.833064949006978, 1.0)",1,99.6958100470462,20437
"(0.896551724137931, 1.0)",1,99.69578630598122,20438
"(0.9109477124183006, 1.0)",1,99.69575227983157,20439
"(0.833064949006978, 1.0)",1,99.69570231164434,20440
"(0.9135802469135802, 1.0)",2,99.69568702902036,20442
"(0.7765567765567766, 1.0)",1,99.6956043956044,20443
"(0.8897707231040564, 1.0)",1,99.69560313358764,20444
"(0.8487103174603176, 1.0)",1,99.69558239962652,20445
"(0.9171090534979424, 1.0)",1,99.69558079689617,20446
"(0.8622222222222222, 1.0)",1,99.69555555555556,20447
"(0.9230769230769232, 1.0)",1,99.69553052311672,20448
"(0.8571428571428572, 1.0)",1,99.6955266955267,20449
"(1.0, 1.0)",1,99.6955266955267,20450
"(0.9192180611357128, 1.0)",1,99.69551804848916,20451
"(0.8571428571428572, 1.0)",1,99.69549881144084,20452
"(0.9135802469135802, 1.0)",1,99.69545918668726,20453
"(0.8897707231040564, 1.0)",1,99.69544652877984,20454
"(0.8817204301075269, 1.0)",2,99.69538502638082,20456
"(0.8888888888888888, 1.0)",2,99.69538502638082,20458
"(0.8675136116152449, 1.0)",1,99.69535243945408,20459
"(0.8468468468468467, 1.0)",2,99.69534772868109,20461
"(0.8468468468468467, 1.0)",1,99.6953316953317,20462
"(0.9230769230769232, 1.0)",1,99.69532737793608,20463
"(0.8151260504201681, 1.0)",1,99.6952847805789,20464
"(0.9841269841269842, 1.0)",1,99.6952380952381,20465
"(1.0, 1.0)",1,99.6952380952381,20466
"(0.9333333333333332, 1.0)",1,99.6952380952381,20467
"(0.9047619047619048, 1.0)",1,99.6952380952381,20468
"(0.8888888888888888, 1.0)",1,99.69515026036764,20469
"(0.8264567669172932, 1.0)",1,99.69512791058844,20470
"(0.9135802469135802, 1.0)",1,99.69512586179252,20471
"(0.8675136116152449, 1.0)",1,99.69512459712097,20472
"(0.9465811965811968, 1.0)",1,99.69511345136344,20473
"(0.8627450980392157, 1.0)",1,99.69507943037354,20474
"(0.9507101086048454, 1.0)",1,99.69507101086052,20475
"(0.7975164658278694, 1.0)",1,99.6950296933411,20476
"(0.9047619047619048, 1.0)",1,99.6949716949717,20477
"(0.8686868686868687, 1.0)",1,99.69496552829888,20478
"(0.9327096052096052, 1.0)",2,99.69495883360466,20480
"(0.9224211423699916, 1.0)",1,99.69492057276416,20481
"(0.9230769230769232, 1.0)",1,99.69490140118324,20482
"(0.7410714285714286, 1.0)",1,99.69489538239536,20483
"(0.8487103174603176, 1.0)",1,99.69486416361416,20484
"(0.9223809523809524, 1.0)",1,99.6948125129131,20485
"(0.8977777777777779, 1.0)",1,99.69477633477634,20486
"(0.8376068376068376, 1.0)",1,99.6947496947497,20487
"(0.8376068376068375, 1.0)",1,99.6947496947497,20488
"(0.8345959595959597, 1.0)",1,99.69469567469568,20489
"(0.9135802469135802, 1.0)",1,99.69468186134851,20490
"(0.8817204301075269, 1.0)",1,99.69467136805848,20491
"(0.740829346092504, 1.0)",6,99.69465329991644,20497
"(0.875, 1.0)",1,99.69462864721486,20498
"(0.8356325863678805, 1.0)",1,99.69457852725829,20499
"(0.9589484126984128, 1.0)",1,99.69454052891552,20500
"(0.8583509513742072, 1.0)",1,99.6945288762578,20501
"(0.947088068181818, 1.0)",1,99.69451660164717,20502
"(0.875, 1.0)",2,99.69451381951382,20504
"(0.9172932330827066, 1.0)",2,99.69449020277968,20506
"(0.9327096052096052, 1.0)",1,99.69447807553072,20507
"(0.75, 1.0)",2,99.69444444444444,20509
"(0.9497685185185184, 1.0)",1,99.6944000242668,20510
"(0.8163854689162486, 1.0)",1,99.69439516381073,20511
"(0.9104993386243384, 1.0)",1,99.69439375359634,20512
"(0.9230769230769232, 1.0)",1,99.6943611943612,20513
"(0.9386724386724388, 1.0)",1,99.69435794874391,20514
"(0.7708333333333334, 1.0)",1,99.69435425685424,20515
"(0.8803174603174604, 1.0)",1,99.69432950191572,20516
"(0.9302579365079364, 1.0)",1,99.69430708180708,20517
"(0.8817204301075269, 1.0)",1,99.6943007940609,20518
"(0.9172932330827066, 1.0)",2,99.69427736006683,20520
"(0.875, 1.0)",3,99.69426683716964,20523
"(0.8345959595959597, 1.0)",1,99.69424695674697,20524
"(0.9306746031746032, 1.0)",1,99.6942432326128,20525
"(0.8053221288515406, 1.0)",1,99.69421101774044,20526
"(0.9243650793650792, 1.0)",1,99.694187016687,20527
"(0.8771929824561403, 1.0)",1,99.69416829109812,20528
"(0.9674603174603176, 1.0)",1,99.69415584415584,20529
"(0.9565217391304348, 1.0)",1,99.69414509269582,20530
"(0.8350168350168351, 1.0)",1,99.69414381914382,20531
"(0.9565217391304348, 1.0)",1,99.69414015935754,20532
"(0.9230769230769232, 1.0)",1,99.69411056779478,20533
"(0.8046935824713601, 1.0)",1,99.694084254199,20534
"(0.8571428571428572, 1.0)",1,99.6940836940837,20535
"(0.7708333333333334, 1.0)",1,99.69402173913043,20536
"(0.7765567765567766, 1.0)",1,99.6940170940171,20537
"(0.8271652864044169, 1.0)",1,99.69400369739606,20538
"(0.8125, 1.0)",1,99.69397119341563,20539
"(0.8627450980392157, 1.0)",1,99.69391392920804,20540
"(0.9047619047619048, 1.0)",1,99.69390331890332,20541
"(0.8468468468468467, 1.0)",2,99.6938886938887,20543
"(0.9023569023569024, 1.0)",6,99.69385585175058,20549
"(0.865079365079365, 1.0)",1,99.69382395382397,20550
"(0.9696969696969696, 1.0)",1,99.69379509379507,20551
"(0.8803174603174604, 1.0)",1,99.69377266696152,20552
"(0.9444444444444444, 1.0)",1,99.69375361480624,20553
"(0.8622222222222222, 1.0)",1,99.69374396135264,20554
"(1.0, 1.0)",1,99.69369369369367,20555
"(0.8468468468468467, 1.0)",1,99.69369369369367,20556
"(0.9465811965811968, 1.0)",1,99.6936568986569,20557
"(0.8888888888888888, 1.0)",1,99.69365365365366,20558
"(0.8264567669172932, 1.0)",1,99.69364151118538,20559
"(0.875, 1.0)",1,99.69362964621584,20560
"(0.8864468864468864, 1.0)",1,99.69361797622668,20561
"(0.896551724137931, 1.0)",1,99.6936107038056,20562
"(0.8281746031746032, 1.0)",1,99.6936044973545,20563
"(0.8350168350168351, 1.0)",1,99.69360269360268,20564
"(0.7555555555555554, 1.0)",1,99.69355877616746,20565
"(0.7555555555555554, 1.0)",1,99.69350649350648,20566
"(0.8571428571428572, 1.0)",1,99.69350649350648,20567
"(0.8547544409613373, 1.0)",1,99.69349067548704,20568
"(0.9507101086048454, 1.0)",1,99.69346143135616,20569
"(0.9841269841269842, 1.0)",1,99.69345037678372,20570
"(0.9333333333333332, 1.0)",1,99.6934265010352,20571
"(0.875, 1.0)",1,99.6934265010352,20572
"(0.9047619047619048, 1.0)",1,99.69334215167548,20573
"(0.8970659722222223, 1.0)",1,99.69333632224256,20574
"(0.8469839324618735, 1.0)",1,99.6933336475616,20575
"(0.8900759734093067, 1.0)",1,99.69331908831909,20576
"(0.932852564102564, 1.0)",1,99.69325879261224,20577
"(0.8452297093744462, 1.0)",1,99.69323125258433,20578
"(0.8622222222222222, 1.0)",1,99.6932212885154,20579
"(0.865079365079365, 1.0)",1,99.69321789321788,20580
"(0.8439484126984128, 1.0)",1,99.69321188071189,20581
"(0.8831018518518517, 1.0)",1,99.69312197576086,20582
"(0.8518518518518519, 1.0)",2,99.6931216931217,20584
"(0.7869981325863679, 1.0)",1,99.69310903035048,20585
"(0.9224211423699916, 1.0)",1,99.6930010455586,20586
"(0.9104993386243384, 1.0)",1,99.6929744098494,20587
"(0.865079365079365, 1.0)",1,99.69294613344957,20588
"(0.7869981325863679, 1.0)",1,99.69291490100314,20589
"(0.8627450980392157, 1.0)",1,99.69290382819794,20590
"(0.8612121212121212, 1.0)",1,99.69287461076937,20591
"(0.8547544409613373, 1.0)",1,99.69284967905658,20592
"(0.9172932330827066, 1.0)",1,99.69284878863826,20593
"(0.9023569023569024, 1.0)",1,99.6928330928331,20594
"(0.8897707231040564, 1.0)",1,99.69280102613436,20595
"(0.9565217391304348, 1.0)",2,99.69279754062364,20597
"(0.9230769230769232, 1.0)",1,99.69277389277389,20598
"(0.8592532467532467, 1.0)",1,99.69275179066004,20599
"(0.9740143369175628, 1.0)",1,99.69273739026544,20600
"(0.9841269841269842, 1.0)",1,99.69268724107434,20601
"(0.8888888888888888, 1.0)",1,99.69268724107434,20602
"(0.89, 1.0)",1,99.69265988037728,20603
"(0.7361111111111112, 1.0)",1,99.69263285024157,20604
"(0.8888888888888888, 1.0)",1,99.69263285024157,20605
"(0.9497685185185184, 1.0)",1,99.6926327838828,20606
"(0.9135802469135802, 1.0)",1,99.69261280855484,20607
"(0.8831018518518517, 1.0)",1,99.69258470117845,20608
"(0.9135802469135802, 1.0)",2,99.69257318380126,20610
"(0.909722222222222, 1.0)",1,99.6925505050505,20611
"(0.875, 1.0)",1,99.69254960015827,20612
"(0.9135802469135802, 1.0)",1,99.69254850088184,20613
"(0.896551724137931, 1.0)",1,99.69248094111978,20614
"(0.8053221288515406, 1.0)",1,99.69247941600884,20615
"(0.9444444444444444, 1.0)",1,99.69246031746032,20616
"(0.8502976190476191, 1.0)",1,99.69242845117844,20617
"(0.8356325863678805, 1.0)",1,99.69242270982468,20618
"(0.8271652864044169, 1.0)",2,99.69239805244364,20620
"(0.8518518518518519, 1.0)",1,99.69232804232804,20621
"(0.8977777777777779, 1.0)",1,99.69226399331664,20622
"(0.9224211423699916, 1.0)",2,99.69226241221126,20624
"(0.8521317829457364, 1.0)",1,99.6922507014444,20625
"(0.8817204301075269, 1.0)",2,99.69223155640812,20627
"(0.8897707231040564, 1.0)",1,99.69215712388863,20628
"(0.8332521117608837, 1.0)",1,99.69206864502186,20629
"(0.8253968253968256, 1.0)",1,99.6920634920635,20630
"(0.8817204301075269, 1.0)",1,99.69201228878649,20631
"(0.9047619047619048, 1.0)",1,99.69200847461715,20632
"(0.8864468864468864, 1.0)",1,99.69200244200243,20633
"(0.9565217391304348, 1.0)",1,99.69199058479418,20634
"(0.8686868686868687, 1.0)",1,99.69198933782266,20635
"(0.8264567669172932, 1.0)",1,99.69196602617654,20636
"(1.0, 1.0)",2,99.69196235215723,20638
"(0.8822954822954823, 1.0)",1,99.69193204193203,20639
"(0.9047619047619048, 1.0)",3,99.6919191919192,20642
"(0.8571428571428572, 1.0)",1,99.6919191919192,20643
"(0.8518954248366013, 1.0)",1,99.69191663800024,20644
"(0.9230769230769232, 1.0)",1,99.69190809190808,20645
"(0.9135802469135802, 1.0)",1,99.69186852360002,20646
"(0.8817204301075269, 1.0)",1,99.69185768952016,20647
"(0.896551724137931, 1.0)",1,99.6918258944121,20648
"(0.8817204301075269, 1.0)",1,99.69181549649552,20649
"(0.8817204301075269, 1.0)",1,99.69173005562058,20650
"(0.8763636363636363, 1.0)",1,99.69171877930498,20651
"(0.8883205456095482, 1.0)",1,99.69171436690618,20652
"(0.8013468013468013, 1.0)",1,99.69167869167867,20653
"(0.896551724137931, 1.0)",1,99.69164551923171,20654
"(0.9696969696969696, 1.0)",1,99.69164551923171,20655
"(0.9466207660652104, 1.0)",1,99.69162788857231,20656
"(0.9333333333333332, 1.0)",1,99.6916149068323,20657
"(0.8832772166105499, 1.0)",1,99.69161054994387,20658
"(0.875, 1.0)",1,99.69159755449228,20659
"(0.8791208791208792, 1.0)",1,99.69157509157507,20660
"(0.875, 1.0)",2,99.69156905186315,20662
"(0.8952380952380952, 1.0)",1,99.69155844155844,20663
"(0.9841269841269842, 1.0)",1,99.6915505991593,20664
"(0.875, 1.0)",2,99.6915438165438,20666
"(0.740829346092504, 1.0)",1,99.69153945469736,20667
"(0.9841269841269842, 1.0)",1,99.69153165674904,20668
"(0.896551724137931, 1.0)",1,99.69150121908744,20669
"(0.9364583333333332, 1.0)",1,99.69148179570972,20670
"(0.9171090534979424, 1.0)",1,99.69145480034368,20671
"(0.8264567669172932, 1.0)",1,99.69145475403484,20672
"(0.8888888888888888, 1.0)",2,99.69144237405106,20674
"(0.8439484126984128, 1.0)",1,99.69143432252127,20675
"(0.9135802469135802, 1.0)",1,99.69141907475242,20676
"(0.896551724137931, 1.0)",1,99.69141767689862,20677
"(0.8888888888888888, 1.0)",1,99.69140667761356,20678
"(0.9248366013071896, 1.0)",1,99.69136733305533,20679
"(0.8888888888888888, 1.0)",1,99.69135802469135,20680
"(0.896551724137931, 1.0)",1,99.69135691894311,20681
"(0.896551724137931, 1.0)",1,99.69127337675432,20682
"(0.89, 1.0)",1,99.6912664984472,20683
"(0.9047619047619048, 1.0)",1,99.69124423963136,20684
"(0.9047619047619048, 1.0)",1,99.69124396135264,20685
"(1.0, 1.0)",1,99.69119769119769,20686
"(0.8888888888888888, 1.0)",2,99.69119769119769,20688
"(0.8686868686868687, 1.0)",1,99.69119769119769,20689
"(0.8904991948470209, 1.0)",1,99.69119523083717,20690
"(0.9565217391304348, 1.0)",1,99.6911928651059,20691
"(0.8976612797267113, 1.0)",1,99.69118467529088,20692
"(0.9592592592592591, 1.0)",1,99.69117775742777,20693
"(0.8791208791208792, 1.0)",1,99.69111463161806,20694
"(0.8817204301075269, 1.0)",1,99.69109993948705,20695
"(0.8498168498168498, 1.0)",2,99.6910866910867,20697
"(0.8991666666666667, 1.0)",1,99.69108585858586,20698
"(0.8339307048984469, 1.0)",1,99.69107356204132,20699
"(0.9230769230769232, 1.0)",1,99.69105721864342,20700
"(0.9047619047619048, 1.0)",1,99.69102792632204,20701
"(0.8888888888888888, 1.0)",1,99.69102792632204,20702
"(0.9841269841269842, 1.0)",2,99.69100947361817,20704
"(0.8888888888888888, 1.0)",1,99.69100947361817,20705
"(0.8312992626493769, 1.0)",1,99.69099967219351,20706
"(0.9444444444444444, 1.0)",1,99.69097056694388,20707
"(0.9696969696969696, 1.0)",1,99.69090909090907,20708
"(0.9364583333333332, 1.0)",1,99.69088797046034,20709
"(0.81681801994302, 1.0)",1,99.69078083393852,20710
"(0.9023569023569024, 1.0)",1,99.69076732234626,20711
"(0.9444444444444444, 1.0)",1,99.69072122845708,20712
"(0.9565217391304348, 1.0)",1,99.69067695589436,20713
"(0.9213117283950616, 1.0)",1,99.69065434814092,20714
"(0.75, 1.0)",4,99.69064872325742,20718
"(0.8952380952380952, 1.0)",1,99.69059574684574,20719
"(0.8888888888888888, 1.0)",1,99.69059156843517,20720
"(0.8858975827700768, 1.0)",1,99.69053582207428,20721
"(0.8415692007797271, 1.0)",1,99.6904776067347,20722
"(0.8055555555555555, 1.0)",2,99.6904761904762,20724
"(0.8468468468468467, 1.0)",1,99.6904143904144,20725
"(0.7555555555555554, 1.0)",1,99.6903926482874,20726
"(0.8857001484413657, 1.0)",1,99.69035029581526,20727
"(0.9507101086048454, 1.0)",1,99.69034454823928,20728
"(0.9023569023569024, 1.0)",1,99.69023569023568,20729
"(0.8013468013468013, 1.0)",1,99.69023569023568,20730
"(0.9230769230769232, 1.0)",7,99.69022585601532,20737
"(0.9047619047619048, 1.0)",1,99.69020251778872,20738
"(0.9841269841269842, 1.0)",2,99.69020251778872,20740
"(0.8571428571428572, 1.0)",1,99.69020251778872,20741
"(0.8888888888888888, 1.0)",1,99.69020251778872,20742
"(0.8813492063492063, 1.0)",1,99.6901614668856,20743
"(0.8731060606060606, 1.0)",1,99.69015848734598,20744
"(0.9445350241545892, 1.0)",2,99.6901528770305,20746
"(0.89, 1.0)",1,99.69011200716848,20747
"(0.9696969696969696, 1.0)",1,99.69010759771628,20748
"(0.9065438871473354, 1.0)",2,99.6900574508783,20750
"(0.9696969696969696, 1.0)",1,99.6900241914948,20751
"(0.9841269841269842, 1.0)",1,99.6899951899952,20752
"(0.8487103174603176, 1.0)",1,99.68998015873017,20753
"(0.8583509513742072, 1.0)",1,99.68997208976128,20754
"(0.8319664902998236, 1.0)",1,99.68990250931616,20755
"(0.9224211423699916, 1.0)",1,99.68987006771366,20756
"(0.751918158567775, 1.0)",1,99.68986909651872,20757
"(0.9023569023569024, 1.0)",1,99.68985247246115,20758
"(0.8368686868686868, 1.0)",1,99.68983242792066,20759
"(0.9333333333333332, 1.0)",1,99.68979895574098,20760
"(0.9466207660652104, 1.0)",2,99.6897827429772,20762
"(0.8817204301075269, 1.0)",1,99.68977335410248,20763
"(0.9202401372212692, 1.0)",1,99.68974642056016,20764
"(0.9327096052096052, 1.0)",1,99.68971468346469,20765
"(0.9666666666666668, 1.0)",2,99.68970774542856,20767
"(0.7200000000000001, 1.0)",3,99.68969696969695,20770
"(0.875, 1.0)",1,99.68969167377097,20771
"(0.9507101086048454, 1.0)",1,99.68968718091526,20772
"(0.8817204301075269, 1.0)",1,99.68965693804404,20773
"(0.922050500014663, 1.0)",1,99.68964209053524,20774
"(0.8883205456095482, 1.0)",1,99.6896341745094,20775
"(0.958531746031746, 1.0)",1,99.68959727127566,20776
"(0.8831064306064307, 1.0)",1,99.68957809166142,20777
"(0.936026936026936, 1.0)",1,99.68957721716345,20778
"(0.8867623604465709, 1.0)",2,99.6895189907894,20780
"(0.9248366013071896, 1.0)",1,99.68948306595364,20781
"(0.8864468864468864, 1.0)",1,99.6894771894772,20782
"(0.8469839324618735, 1.0)",2,99.68947466100332,20784
"(1.0, 1.0)",1,99.68947102280436,20785
"(0.919047619047619, 1.0)",1,99.68942217203087,20786
"(0.75, 1.0)",1,99.68939393939394,20787
"(0.8774509803921569, 1.0)",1,99.68938397493385,20788
"(0.8498168498168499, 1.0)",1,99.68935508935508,20789
"(0.7544006919006919, 1.0)",1,99.68934807725132,20790
"(0.9168478260869564, 1.0)",1,99.68930994729908,20791
"(0.9333333333333332, 1.0)",1,99.68929632459044,20792
"(0.896551724137931, 1.0)",1,99.6892528501724,20793
"(0.8867623604465709, 1.0)",1,99.68923149624904,20794
"(0.9478270609318996, 1.0)",1,99.68922659635582,20795
"(0.8312992626493769, 1.0)",2,99.68922488988952,20797
"(0.9466207660652104, 1.0)",1,99.68920455901416,20798
"(0.9168478260869564, 1.0)",1,99.689183029453,20799
"(0.896551724137931, 1.0)",1,99.68916536050156,20800
"(0.9841269841269842, 1.0)",1,99.68908965430704,20801
"(0.9047619047619048, 1.0)",1,99.68908965430704,20802
"(0.7765567765567766, 1.0)",1,99.68905677655678,20803
"(0.8518518518518519, 1.0)",1,99.6890522992472,20804
"(0.896551724137931, 1.0)",1,99.6890522992472,20805
"(0.8627450980392157, 1.0)",1,99.6890237576512,20806
"(0.9230769230769232, 1.0)",2,99.68902208902207,20808
"(0.896551724137931, 1.0)",1,99.68901912680025,20809
"(0.8468468468468467, 1.0)",1,99.68895211000476,20810
"(0.8109668109668109, 1.0)",1,99.688943001443,20811
"(0.9465811965811968, 1.0)",1,99.68894248392093,20812
"(0.9333333333333332, 1.0)",1,99.68891712152582,20813
"(0.8, 1.0)",2,99.6888888888889,20815
"(0.9444444444444444, 1.0)",1,99.6888888888889,20816
"(0.7555555555555554, 1.0)",2,99.6888888888889,20818
"(1.0, 1.0)",2,99.6888590336866,20820
"(0.8151260504201681, 1.0)",1,99.68884355674638,20821
"(0.8686868686868687, 1.0)",1,99.68884332042228,20822
"(0.9023809523809524, 1.0)",2,99.68881673881674,20824
"(0.9380032206119162, 1.0)",1,99.68879687140556,20825
"(0.8813492063492063, 1.0)",1,99.6887720458554,20826
"(0.875, 1.0)",1,99.68875203370088,20827
"(0.865079365079365, 1.0)",1,99.68874458874458,20828
"(0.9230769230769232, 1.0)",1,99.68870310975576,20829
"(0.9841269841269842, 1.0)",1,99.68867243867244,20830
"(0.854066985645933, 1.0)",1,99.68865345181136,20831
"(0.8338275775775775, 1.0)",1,99.68861152819484,20832
"(0.8266666666666667, 1.0)",1,99.68857142857144,20833
"(0.8731060606060606, 1.0)",1,99.68850034225034,20834
"(0.7544006919006919, 1.0)",1,99.68848188848187,20835
"(0.7765567765567766, 1.0)",1,99.68846153846154,20836
"(0.9172932330827066, 1.0)",1,99.68842628682444,20837
"(0.9466207660652104, 1.0)",1,99.6884098989481,20838
"(0.9104993386243384, 1.0)",1,99.68840837403336,20839
"(0.89, 1.0)",1,99.68835669209324,20840
"(0.8472848788638262, 1.0)",1,99.68832687780056,20841
"(0.8571428571428572, 1.0)",2,99.68831168831169,20843
"(0.9135802469135802, 1.0)",1,99.68830552163884,20844
"(0.7708333333333334, 1.0)",7,99.68829365079364,20851
"(0.9289529914529916, 1.0)",1,99.6882828976579,20852
"(0.8319664902998236, 1.0)",1,99.68826914324228,20853
"(0.8498168498168498, 1.0)",1,99.6882561882562,20854
"(0.8977777777777779, 1.0)",1,99.68825396825396,20855
"(0.7200000000000001, 1.0)",3,99.68825396825396,20858
"(0.9230769230769232, 1.0)",1,99.68821275343016,20859
"(0.9135802469135802, 1.0)",1,99.688188354855,20860
"(0.8888888888888888, 1.0)",2,99.6881673881674,20862
"(0.9841269841269842, 1.0)",1,99.68814192343604,20863
"(0.9565217391304348, 1.0)",1,99.6881234707322,20864
"(0.9696969696969696, 1.0)",1,99.68812347073217,20865
"(0.8888888888888888, 1.0)",1,99.68811668811668,20866
"(0.8527777777777779, 1.0)",1,99.68808739569609,20867
"(0.8518518518518519, 1.0)",1,99.6880711880712,20868
"(0.8063492063492064, 1.0)",1,99.68806963645672,20869
"(0.8817204301075269, 1.0)",1,99.68806963645672,20870
"(0.900854700854701, 1.0)",2,99.688011988012,20872
"(0.7996201329534663, 1.0)",2,99.68794067856302,20874
"(0.8731060606060606, 1.0)",1,99.68792087542089,20875
"(0.8897707231040564, 1.0)",1,99.68791085457752,20876
"(0.9696969696969696, 1.0)",1,99.68786866155288,20877
"(0.9087026014109348, 1.0)",1,99.68785225526648,20878
"(0.8817204301075269, 1.0)",1,99.68784179412364,20879
"(0.9171090534979424, 1.0)",1,99.68783366068088,20880
"(0.8888888888888888, 1.0)",1,99.68783068783068,20881
"(0.8350168350168351, 1.0)",1,99.68783068783068,20882
"(0.9135802469135802, 1.0)",1,99.68781831988936,20883
"(0.896551724137931, 1.0)",1,99.68779751538372,20884
"(0.7544006919006919, 1.0)",1,99.68764143264144,20885
"(0.9444444444444444, 1.0)",1,99.6876271876272,20886
"(0.8675136116152449, 1.0)",1,99.68761943172106,20887
"(0.9213117283950616, 1.0)",1,99.68756894340228,20888
"(0.8897707231040564, 1.0)",1,99.68756230350434,20889
"(0.9023569023569024, 1.0)",2,99.68752314276612,20891
"(0.9565217391304348, 1.0)",1,99.6875158911772,20892
"(0.7178175618073316, 1.0)",2,99.6875145315043,20894
"(0.9135802469135802, 1.0)",1,99.68751002084336,20895
"(0.875, 1.0)",2,99.6874098124098,20897
"(0.8350168350168351, 1.0)",1,99.6873977873978,20898
"(1.0, 1.0)",2,99.68739623578332,20900
"(0.9168478260869564, 1.0)",1,99.68738410283292,20901
"(0.9565217391304348, 1.0)",1,99.68737298017658,20902
"(0.9696969696969696, 1.0)",1,99.68730652063984,20903
"(0.9444444444444444, 1.0)",1,99.68729298404097,20904
"(0.8627450980392157, 1.0)",1,99.68727916046802,20905
"(0.7544006919006919, 1.0)",1,99.68721132511456,20906
"(0.8864468864468864, 1.0)",1,99.68718442051777,20907
"(0.7982954545454546, 1.0)",1,99.68718434343434,20908
"(0.8729166666666666, 1.0)",1,99.68715828924162,20909
"(0.8897707231040564, 1.0)",1,99.68715634401909,20910
"(0.8350168350168351, 1.0)",1,99.6871091871092,20911
"(0.8616898148148148, 1.0)",1,99.68708304449726,20912
"(0.8803174603174604, 1.0)",1,99.687082590612,20913
"(0.9168478260869564, 1.0)",1,99.68705997504912,20914
"(0.8053221288515406, 1.0)",2,99.68704255895906,20916
"(0.896551724137931, 1.0)",1,99.68702791461412,20917
"(0.8817204301075269, 1.0)",1,99.6870023129756,20918
"(0.9047619047619048, 1.0)",1,99.68696581196582,20919
"(0.9230769230769232, 1.0)",1,99.68696581196582,20920
"(0.8888888888888888, 1.0)",1,99.68686868686868,20921
"(0.8616898148148148, 1.0)",1,99.68685156301578,20922
"(0.9740143369175628, 1.0)",1,99.68680317731278,20923
"(0.7782392026578072, 1.0)",1,99.68679383185736,20924
"(0.9696969696969696, 1.0)",1,99.68676591016408,20925
"(0.9445350241545892, 1.0)",1,99.6867572463768,20926
"(0.9224211423699916, 1.0)",1,99.68675622249457,20927
"(0.8888888888888888, 1.0)",1,99.68674136321196,20928
"(0.9023809523809524, 1.0)",1,99.6867087019261,20929
"(0.9047619047619048, 1.0)",2,99.68668046928916,20931
"(0.7777777777777776, 1.0)",2,99.68668046928916,20933
"(0.7460317460317459, 1.0)",1,99.68668046928916,20934
"(0.9444444444444444, 1.0)",1,99.68667881825776,20935
"(0.9351258309591644, 1.0)",1,99.6866313077092,20936
"(0.9445350241545892, 1.0)",1,99.68662256624214,20937
"(0.9065438871473354, 1.0)",1,99.68660754455476,20938
"(0.875, 1.0)",1,99.68651415634174,20939
"(0.9565217391304348, 1.0)",1,99.68651070441352,20940
"(0.8589726631393297, 1.0)",1,99.6865069344236,20941
"(0.8502976190476191, 1.0)",1,99.68649143038031,20942
"(0.7167919799498746, 1.0)",11,99.68648894964684,20953
"(0.9407729468599032, 1.0)",1,99.6864878338248,20954
"(0.9380032206119162, 1.0)",1,99.68646260436542,20955
"(0.8883205456095482, 1.0)",1,99.68645957133478,20956
"(0.8415692007797271, 1.0)",1,99.68643888877703,20957
"(0.9243650793650792, 1.0)",1,99.68643091824543,20958
"(0.896551724137931, 1.0)",1,99.6864067966017,20959
"(0.8888888888888888, 1.0)",1,99.68638768638768,20960
"(0.8518518518518519, 1.0)",2,99.68635451394071,20962
"(0.9224211423699916, 1.0)",1,99.68624668880425,20963
"(0.8803174603174604, 1.0)",1,99.68614987080105,20964
"(0.9444444444444444, 1.0)",1,99.6861471861472,20965
"(0.875, 1.0)",1,99.6861111111111,20966
"(0.7996201329534663, 1.0)",3,99.68610401943737,20969
"(0.8312992626493769, 1.0)",1,99.68608321326668,20970
"(0.9841269841269842, 1.0)",1,99.68606701940035,20971
"(0.8498168498168499, 1.0)",1,99.686025729504,20972
"(0.9565217391304348, 1.0)",1,99.68601543384152,20973
"(0.9841269841269842, 1.0)",1,99.68596681096682,20974
"(0.875, 1.0)",2,99.68596681096682,20976
"(0.9592592592592591, 1.0)",1,99.68595358345358,20977
"(0.8592532467532467, 1.0)",1,99.685952768856,20978
"(0.9230769230769232, 1.0)",1,99.68594786855655,20979
"(0.9135802469135802, 1.0)",1,99.68592271925606,20980
"(0.896551724137931, 1.0)",1,99.68592006189336,20981
"(0.9135802469135802, 1.0)",1,99.68591901925237,20982
"(0.8425925925925927, 1.0)",1,99.68584656084656,20983
"(0.8312992626493769, 1.0)",1,99.68584342219351,20984
"(0.9135802469135802, 1.0)",1,99.68583917706724,20985
"(0.8339307048984469, 1.0)",1,99.6857825567503,20986
"(0.9444444444444444, 1.0)",2,99.68577075098814,20988
"(0.8731060606060606, 1.0)",1,99.68574793635278,20989
"(0.8832772166105499, 1.0)",1,99.68574635241302,20990
"(0.8112491373360938, 1.0)",2,99.685720036807,20992
"(0.8977777777777779, 1.0)",1,99.68570311409022,20993
"(0.8864468864468864, 1.0)",1,99.68568146829016,20994
"(0.8991666666666667, 1.0)",1,99.68568005157822,20995
"(0.8487103174603176, 1.0)",2,99.68565115440116,20997
"(0.9224211423699916, 1.0)",1,99.68562460557344,20998
"(0.9391865079365078, 1.0)",1,99.68561265496749,20999
"(0.9135802469135802, 1.0)",1,99.68558601891937,21000
"(0.9740143369175628, 1.0)",1,99.68556112346435,21001
"(1.0, 1.0)",4,99.68552036199095,21005
"(0.7765567765567766, 1.0)",2,99.68552036199095,21007
"(0.8817204301075269, 1.0)",1,99.68551878229296,21008
"(0.8888888888888888, 1.0)",3,99.68548528848235,21011
"(0.8112491373360938, 1.0)",1,99.68546338713858,21012
"(0.9841269841269842, 1.0)",1,99.6854256854257,21013
"(0.9047619047619048, 1.0)",1,99.68542568542568,21014
"(0.8129629629629629, 1.0)",1,99.6853268799102,21015
"(0.9264176245210728, 1.0)",1,99.68530651340996,21016
"(0.8425925925925927, 1.0)",1,99.68530543530544,21017
"(0.8046935824713601, 1.0)",1,99.68530255683034,21018
"(0.8468468468468467, 1.0)",1,99.68523068523068,21019
"(0.8600272232304901, 1.0)",2,99.68522784051444,21021
"(0.9023809523809524, 1.0)",1,99.68520923520924,21022
"(0.9444444444444444, 1.0)",1,99.68519871716803,21023
"(0.8571428571428572, 1.0)",1,99.68519784309258,21024
"(0.8518518518518519, 1.0)",6,99.6851851851852,21030
"(0.8055555555555555, 1.0)",3,99.68515421776291,21033
"(0.8611111111111112, 1.0)",1,99.68515211640212,21034
"(0.9047619047619048, 1.0)",1,99.68513708513709,21035
"(0.9465811965811968, 1.0)",1,99.68512375219365,21036
"(0.9565217391304348, 1.0)",3,99.68511425140416,21039
"(0.9230769230769232, 1.0)",1,99.6850698684032,21040
"(0.7167919799498746, 1.0)",2,99.68504594820384,21042
"(0.896551724137931, 1.0)",1,99.6850456863161,21043
"(0.9047619047619048, 1.0)",1,99.68500881834215,21044
"(0.9230769230769232, 1.0)",3,99.6849816849817,21047
"(0.8888888888888888, 1.0)",1,99.6849816849817,21048
"(0.8044053370140327, 1.0)",1,99.68492511815882,21049
"(0.833064949006978, 1.0)",1,99.68491680085884,21050
"(0.8518518518518519, 1.0)",1,99.68491151249772,21051
"(0.8897707231040564, 1.0)",1,99.68486451819786,21052
"(0.9230769230769232, 1.0)",1,99.68483738483738,21053
"(0.875, 1.0)",1,99.68478452572656,21054
"(0.9696969696969696, 1.0)",1,99.68478178317996,21055
"(0.8817204301075269, 1.0)",1,99.68475073313785,21056
"(0.8339307048984469, 1.0)",1,99.6847243556921,21057
"(0.833064949006978, 1.0)",1,99.68471330065532,21058
"(0.9248366013071896, 1.0)",1,99.68467398614456,21059
"(0.9565217391304348, 1.0)",1,99.6846728151076,21060
"(0.8129629629629629, 1.0)",1,99.68464947089949,21061
"(0.9224211423699916, 1.0)",1,99.68464400299102,21062
"(0.9248366013071896, 1.0)",1,99.684636188693,21063
"(0.8275809031622985, 1.0)",1,99.68463258565438,21064
"(0.8345959595959597, 1.0)",5,99.68457662707662,21069
"(0.9696969696969696, 1.0)",1,99.68457591790926,21070
"(0.8817204301075269, 1.0)",2,99.6845608645269,21072
"(0.9224211423699916, 1.0)",1,99.6845598224034,21073
"(0.8250936948853616, 1.0)",1,99.68452831890332,21074
"(0.875, 1.0)",1,99.6845238095238,21075
"(0.8547544409613373, 1.0)",1,99.68448027068716,21076
"(0.9666666666666668, 1.0)",1,99.68444654536609,21077
"(0.9465811965811968, 1.0)",1,99.68443591504077,21078
"(0.896551724137931, 1.0)",1,99.68443433960675,21079
"(0.875, 1.0)",1,99.6843910919998,21080
"(0.9666666666666668, 1.0)",1,99.68437950937953,21081
"(0.9841269841269842, 1.0)",2,99.68432774954512,21083
"(0.9224211423699916, 1.0)",1,99.68432590427476,21084
"(0.9135802469135802, 1.0)",1,99.68430335097004,21085
"(0.9168478260869564, 1.0)",1,99.68429190978104,21086
"(0.8817204301075269, 1.0)",1,99.6842739152697,21087
"(1.0, 1.0)",2,99.68424908424907,21089
"(0.8309016086793863, 1.0)",1,99.68423494201272,21090
"(0.9135802469135802, 1.0)",1,99.68418928763133,21091
"(0.8109668109668109, 1.0)",1,99.68418160413046,21092
"(0.9192180611357128, 1.0)",1,99.68416865974636,21093
"(0.9363636363636364, 1.0)",1,99.68415905082573,21094
"(0.8423371647509579, 1.0)",1,99.68411806903184,21095
"(0.8518518518518519, 1.0)",1,99.68411786170408,21096
"(0.8264567669172932, 1.0)",1,99.68411108790494,21097
"(0.8415692007797271, 1.0)",1,99.68405775115806,21098
"(0.896551724137931, 1.0)",1,99.68405407685768,21099
"(0.8468468468468467, 1.0)",1,99.6840472942422,21100
"(0.9696969696969696, 1.0)",1,99.68403496664368,21101
"(0.922050500014663, 1.0)",1,99.68402302512928,21102
"(0.7982954545454546, 1.0)",1,99.68400974025974,21103
"(0.9065438871473354, 1.0)",1,99.68399076374745,21104
"(0.8571428571428572, 1.0)",1,99.68398268398268,21105
"(0.9047619047619048, 1.0)",1,99.68398268398268,21106
"(0.7460317460317459, 1.0)",1,99.68398268398268,21107
"(1.0, 1.0)",1,99.68398268398268,21108
"(0.8888888888888888, 1.0)",1,99.68398268398268,21109
"(0.904126984126984, 1.0)",1,99.68395592487546,21110
"(0.8831018518518517, 1.0)",1,99.68395502645502,21111
"(0.8468468468468467, 1.0)",1,99.68394801728137,21112
"(0.9168478260869564, 1.0)",1,99.68393681311548,21113
"(0.9023569023569024, 1.0)",2,99.68391024808682,21115
"(0.9224211423699916, 1.0)",1,99.68389300384186,21116
"(0.8616898148148148, 1.0)",1,99.6838876705653,21117
"(0.8425925925925927, 1.0)",4,99.68386243386244,21121
"(0.8952020202020202, 1.0)",1,99.68385869553644,21122
"(0.9841269841269842, 1.0)",1,99.683850931677,21123
"(0.9592592592592591, 1.0)",1,99.68384272835884,21124
"(0.8151260504201681, 1.0)",1,99.68381291910704,21125
"(0.9047619047619048, 1.0)",1,99.68379446640316,21126
"(0.9333333333333332, 1.0)",1,99.68369408369408,21127
"(0.9445350241545892, 1.0)",1,99.68366909199833,21128
"(0.9224211423699916, 1.0)",3,99.68364237727543,21131
"(0.9696969696969696, 1.0)",1,99.68363028495855,21132
"(0.8415692007797271, 1.0)",2,99.68362842590346,21134
"(0.9224211423699916, 1.0)",1,99.68360440355325,21135
"(0.8530092673544326, 1.0)",1,99.68359951837932,21136
"(0.8547544409613373, 1.0)",1,99.68357839478529,21137
"(0.9023809523809524, 1.0)",1,99.6835669161756,21138
"(0.9172932330827066, 1.0)",1,99.68352699931648,21139
"(0.8831018518518517, 1.0)",1,99.68351540770018,21140
"(0.9047619047619048, 1.0)",1,99.68350586611456,21141
"(1.0, 1.0)",1,99.68350586611456,21142
"(0.9592592592592591, 1.0)",1,99.6835003885004,21143
"(0.896551724137931, 1.0)",1,99.68348116896212,21144
"(0.9333333333333332, 1.0)",1,99.68346624136096,21145
"(0.8729166666666666, 1.0)",1,99.68339947089947,21146
"(0.9224211423699916, 1.0)",1,99.68339340174042,21147
"(0.8740392648287385, 1.0)",1,99.683384502924,21148
"(0.683375104427736, 1.0)",10,99.68337510442774,21158
"(1.0, 1.0)",1,99.68337510442774,21159
"(0.8791208791208792, 1.0)",1,99.68335368335369,21160
"(0.75, 1.0)",1,99.68333333333334,21161
"(0.9444444444444444, 1.0)",1,99.68326118326118,21162
"(0.9135802469135802, 1.0)",1,99.68325501658836,21163
"(0.8888888888888888, 1.0)",1,99.68325008325009,21164
"(0.8345959595959597, 1.0)",1,99.68321828533786,21165
"(0.8163854689162486, 1.0)",1,99.68310322628398,21166
"(0.896551724137931, 1.0)",1,99.68310143174028,21167
"(0.9172932330827066, 1.0)",1,99.6830651090495,21168
"(0.875, 1.0)",1,99.68305292399496,21169
"(0.9333333333333332, 1.0)",1,99.68305018144837,21170
"(0.896551724137931, 1.0)",1,99.68303405900735,21171
"(0.8345959595959597, 1.0)",1,99.68302907438778,21172
"(0.8448736477904788, 1.0)",1,99.6830224482032,21173
"(0.8817204301075269, 1.0)",2,99.68301913140624,21175
"(0.8888888888888888, 1.0)",1,99.68301746562616,21176
"(0.8731060606060606, 1.0)",1,99.68298910154174,21177
"(1.0, 1.0)",1,99.68294521868354,21178
"(0.8170426065162907, 1.0)",1,99.6828900207508,21179
"(0.8686868686868687, 1.0)",2,99.68288904078378,21181
"(0.8518518518518519, 1.0)",1,99.68285091814504,21182
"(0.8571428571428572, 1.0)",2,99.68284905166465,21184
"(0.9104993386243384, 1.0)",1,99.68281415343915,21185
"(0.9333333333333332, 1.0)",1,99.6827922077922,21186
"(0.8681932021466906, 1.0)",1,99.6827708638214,21187
"(0.7765567765567766, 1.0)",1,99.68276168276168,21188
"(0.947088068181818, 1.0)",1,99.68267127291432,21189
"(0.8675136116152449, 1.0)",1,99.68261442671606,21190
"(0.9666666666666668, 1.0)",1,99.68259606406664,21191
"(0.9224211423699916, 1.0)",1,99.68256920686588,21192
"(0.8867623604465709, 1.0)",1,99.68255643565242,21193
"(1.0, 1.0)",2,99.68253968253968,21195
"(0.8888888888888888, 1.0)",2,99.68253968253968,21197
"(0.7460317460317459, 1.0)",2,99.68253968253968,21199
"(0.7777777777777776, 1.0)",3,99.68253968253968,21202
"(0.9047619047619048, 1.0)",1,99.68253968253968,21203
"(0.9841269841269842, 1.0)",3,99.68253968253968,21206
"(0.8521317829457364, 1.0)",1,99.68253809905156,21207
"(0.8627450980392157, 1.0)",1,99.6825302511577,21208
"(0.8859337035751476, 1.0)",1,99.68251147133068,21209
"(0.9492266992266992, 1.0)",1,99.68249974562474,21210
"(0.8731060606060606, 1.0)",2,99.6824935790543,21212
"(0.7141994478951, 1.0)",2,99.68245341614906,21214
"(0.8616898148148148, 1.0)",1,99.6824477833248,21215
"(0.875, 1.0)",1,99.68243947410612,21216
"(0.8502976190476191, 1.0)",1,99.68240899725276,21217
"(0.9135802469135802, 1.0)",1,99.6824046648608,21218
"(0.9363636363636364, 1.0)",5,99.68239538239538,21223
"(0.8485941734417344, 1.0)",1,99.6823711372187,21224
"(0.8686868686868687, 1.0)",1,99.68235146496016,21225
"(0.9194577352472088, 1.0)",1,99.68232449811396,21226
"(0.9202401372212692, 1.0)",1,99.68228449263196,21227
"(0.8991666666666667, 1.0)",4,99.68225891317354,21231
"(0.9047619047619048, 1.0)",1,99.68225108225108,21232
"(0.8888888888888888, 1.0)",1,99.68225108225108,21233
"(0.9333333333333332, 1.0)",1,99.68225108225108,21234
"(0.909209656084656, 1.0)",1,99.68223606310804,21235
"(0.9230769230769232, 1.0)",1,99.6822039072039,21236
"(0.9224211423699916, 1.0)",1,99.68219937583244,21237
"(0.8170426065162907, 1.0)",1,99.68212197159563,21238
"(0.8817204301075269, 1.0)",1,99.68208673047384,21239
"(0.9380032206119162, 1.0)",2,99.68207959512308,21241
"(0.9135802469135802, 1.0)",1,99.68206779800984,21242
"(0.8415692007797271, 1.0)",1,99.6820495248538,21243
"(0.8833628057765988, 1.0)",1,99.68204233505958,21244
"(0.9333333333333332, 1.0)",2,99.68202323991798,21246
"(0.9740143369175628, 1.0)",1,99.6820169824202,21247
"(0.8627450980392157, 1.0)",1,99.68201193520886,21248
"(0.8518518518518519, 1.0)",1,99.68201058201058,21249
"(0.8468468468468467, 1.0)",1,99.6819957212114,21250
"(0.8616898148148148, 1.0)",1,99.68196940813364,21251
"(0.8312992626493769, 1.0)",1,99.68196470081482,21252
"(0.947088068181818, 1.0)",1,99.6819640657752,21253
"(0.9224211423699916, 1.0)",1,99.68192090186974,21254
"(0.8977777777777779, 1.0)",1,99.68188256188256,21255
"(0.8350168350168351, 1.0)",4,99.68186368186367,21259
"(0.9327096052096052, 1.0)",2,99.68184422059424,21261
"(0.9333333333333332, 1.0)",1,99.68180708180708,21262
"(0.8271652864044169, 1.0)",1,99.68176598084888,21263
"(0.9674603174603176, 1.0)",1,99.68174697361232,21264
"(0.8518518518518519, 1.0)",2,99.68173690932312,21266
"(0.9230769230769232, 1.0)",1,99.6817261706167,21267
"(0.8, 1.0)",1,99.68172043010752,21268
"(0.7410714285714286, 1.0)",2,99.68172015182884,21270
"(0.8345959595959597, 1.0)",1,99.68168590668591,21271
"(0.9224211423699916, 1.0)",1,99.68164495948857,21272
"(0.9192180611357128, 1.0)",1,99.68163895534876,21273
"(0.9444444444444444, 1.0)",1,99.68162996423864,21274
"(0.9465811965811968, 1.0)",1,99.68161894624356,21275
"(0.9841269841269842, 1.0)",2,99.68160718000536,21277
"(0.8763636363636363, 1.0)",1,99.68160498999208,21278
"(0.9589484126984128, 1.0)",1,99.68155575905575,21279
"(0.8977777777777779, 1.0)",2,99.68154754702849,21281
"(0.9065438871473354, 1.0)",1,99.6815420203612,21282
"(0.9333333333333332, 1.0)",1,99.6815295815296,21283
"(0.8991666666666667, 1.0)",1,99.68143267651888,21284
"(0.8888888888888888, 1.0)",2,99.68138946399816,21286
"(0.8518518518518519, 1.0)",1,99.68138946399816,21287
"(0.9192180611357128, 1.0)",1,99.68137165123564,21288
"(0.904126984126984, 1.0)",1,99.68135741652983,21289
"(0.8281746031746032, 1.0)",1,99.68135560675884,21290
"(0.9135802469135802, 1.0)",1,99.68135413968749,21291
"(0.875, 1.0)",2,99.6813492063492,21293
"(0.7765567765567766, 1.0)",1,99.68131868131869,21294
"(0.8518518518518519, 1.0)",1,99.68124850883471,21295
"(0.9135802469135802, 1.0)",1,99.68123697290363,21296
"(0.8053221288515406, 1.0)",1,99.68122400475342,21297
"(0.8518518518518519, 1.0)",1,99.68121693121694,21298
"(0.9497685185185184, 1.0)",1,99.68120557982236,21299
"(0.8271652864044169, 1.0)",1,99.68119467249024,21300
"(0.9172932330827066, 1.0)",1,99.6811821219716,21301
"(0.8675136116152449, 1.0)",1,99.68117820788854,21302
"(0.8897707231040564, 1.0)",1,99.68117311915762,21303
"(0.8487103174603176, 1.0)",1,99.6811523851965,21304
"(0.9248366013071896, 1.0)",1,99.68112969093362,21305
"(0.875, 1.0)",1,99.6811213640161,21306
"(0.896551724137931, 1.0)",1,99.68106350864971,21307
"(0.9224211423699916, 1.0)",2,99.6810634662297,21309
"(0.875, 1.0)",1,99.6810606060606,21310
"(0.875, 1.0)",1,99.68103782182727,21311
"(0.8817204301075269, 1.0)",1,99.68097346465468,21312
"(0.8627450980392157, 1.0)",2,99.68092691622104,21314
"(0.8373015873015873, 1.0)",1,99.6808962642296,21315
"(0.7777777777777776, 1.0)",1,99.68086883876356,21316
"(0.9302579365079364, 1.0)",1,99.68085798460798,21317
"(0.9194577352472088, 1.0)",1,99.68084605453026,21318
"(0.8468468468468467, 1.0)",1,99.68082953082951,21319
"(0.9507101086048454, 1.0)",1,99.68081763548656,21320
"(0.8109668109668109, 1.0)",2,99.68080808080808,21322
"(0.9047619047619048, 1.0)",1,99.68080808080808,21323
"(1.0, 1.0)",1,99.68080808080808,21324
"(0.8498168498168499, 1.0)",1,99.68079068079068,21325
"(0.8740392648287385, 1.0)",1,99.68078168907115,21326
"(0.9565217391304348, 1.0)",1,99.68076799096288,21327
"(0.9696969696969696, 1.0)",1,99.68072453861927,21328
"(0.8468468468468467, 1.0)",1,99.68071346332216,21329
"(0.8888888888888888, 1.0)",1,99.68070226070226,21330
"(0.8520449077786689, 1.0)",1,99.68069704018666,21331
"(0.8893558268973552, 1.0)",1,99.68069283972312,21332
"(0.9841269841269842, 1.0)",1,99.6806758056758,21333
"(0.9230769230769232, 1.0)",1,99.68065268065268,21334
"(0.8518518518518519, 1.0)",1,99.68065268065268,21335
"(0.9172932330827066, 1.0)",1,99.68064099643048,21336
"(0.8897707231040564, 1.0)",1,99.68062039630668,21337
"(0.900854700854701, 1.0)",1,99.6806166056166,21338
"(0.8888888888888888, 1.0)",1,99.68058023847496,21339
"(0.8864468864468864, 1.0)",1,99.68057546318416,21340
"(0.8055555555555555, 1.0)",3,99.68055555555556,21343
"(0.8817204301075269, 1.0)",1,99.68054093327586,21344
"(0.8031953522149601, 1.0)",1,99.68054022955984,21345
"(0.8857001484413657, 1.0)",1,99.68052844077828,21346
"(0.8686868686868687, 1.0)",1,99.68048910154172,21347
"(0.9135802469135802, 1.0)",1,99.68046121745589,21348
"(0.8264567669172932, 1.0)",3,99.68040738420125,21351
"(0.9444444444444444, 1.0)",1,99.68037518037518,21352
"(0.865079365079365, 1.0)",2,99.68037518037518,21354
"(0.9841269841269842, 1.0)",1,99.68036901370236,21355
"(0.8053221288515406, 1.0)",1,99.68032212885154,21356
"(0.8373015873015873, 1.0)",2,99.6803072129159,21358
"(0.9589484126984128, 1.0)",1,99.68028521825396,21359
"(0.9589484126984128, 1.0)",1,99.68027574277576,21360
"(0.8880341880341881, 1.0)",1,99.680241980242,21361
"(0.875, 1.0)",2,99.68024135362845,21363
"(0.8627450980392157, 1.0)",1,99.68020541549951,21364
"(0.8888888888888888, 1.0)",1,99.68020541549951,21365
"(0.9047619047619048, 1.0)",1,99.68018696279566,21366
"(0.8468468468468467, 1.0)",1,99.68018018018016,21367
"(0.8518518518518519, 1.0)",1,99.68017265385686,21368
"(0.883876357560568, 1.0)",1,99.68017265385686,21369
"(0.932852564102564, 1.0)",1,99.68016737891736,21370
"(0.9682539682539684, 1.0)",1,99.6801644706679,21371
"(0.8897707231040564, 1.0)",2,99.68016337139144,21373
"(0.8600272232304901, 1.0)",1,99.68014425375074,21374
"(0.9333333333333332, 1.0)",1,99.68013623803095,21375
"(1.0, 1.0)",1,99.68012455380877,21376
"(0.9065438871473354, 1.0)",1,99.68012022479112,21377
"(0.9224211423699916, 1.0)",2,99.6800434483794,21379
"(0.865079365079365, 1.0)",1,99.68004266265136,21380
"(0.8281746031746032, 1.0)",1,99.68004254254254,21381
"(0.9696969696969696, 1.0)",1,99.68001443001444,21382
"(0.89, 1.0)",1,99.68000760291082,21383
"(0.9696969696969696, 1.0)",2,99.67999874521614,21385
"(0.9224211423699916, 1.0)",1,99.67999689994576,21386
"(0.8977777777777779, 1.0)",1,99.67998168498168,21387
"(0.8858975827700768, 1.0)",1,99.6799524570086,21388
"(0.9243650793650792, 1.0)",1,99.67993893239584,21389
"(0.9696969696969696, 1.0)",1,99.6799132901082,21390
"(0.833064949006978, 1.0)",1,99.67991179585384,21391
"(0.896551724137931, 1.0)",1,99.67990650749272,21392
"(0.7869981325863679, 1.0)",1,99.67984664880444,21393
"(0.8731060606060606, 1.0)",1,99.6798462566845,21394
"(0.9466207660652104, 1.0)",1,99.67983462508552,21395
"(0.9230769230769232, 1.0)",1,99.67982485350906,21396
"(0.8170426065162907, 1.0)",1,99.67976925185164,21397
"(0.9391865079365078, 1.0)",1,99.6797656691135,21398
"(0.8339307048984469, 1.0)",1,99.67976403823178,21399
"(0.8350168350168351, 1.0)",2,99.6797138047138,21401
"(0.8817204301075269, 1.0)",1,99.67970022808731,21402
"(0.8264567669172932, 1.0)",2,99.67969750765803,21404
"(0.8888888888888888, 1.0)",1,99.6796866894906,21405
"(0.9364583333333332, 1.0)",1,99.67967931486076,21406
"(0.8551296720061023, 1.0)",1,99.67965664463092,21407
"(0.8571428571428572, 1.0)",1,99.67965367965368,21408
"(0.8686868686868687, 1.0)",1,99.67965367965368,21409
"(0.8402777777777779, 1.0)",1,99.6796489329384,21410
"(0.8253968253968256, 1.0)",2,99.67962579556784,21412
"(0.8465418823841762, 1.0)",1,99.6795636060309,21413
"(0.8904991948470209, 1.0)",1,99.67953501487864,21414
"(0.8627450980392157, 1.0)",1,99.67948391477805,21415
"(0.8970659722222223, 1.0)",1,99.67947310031562,21416
"(0.9047619047619048, 1.0)",1,99.67946546207416,21417
"(0.8468468468468467, 1.0)",1,99.67945867945868,21418
"(0.9230769230769232, 1.0)",1,99.67945436206304,21419
"(0.7707924493038034, 1.0)",1,99.67941017417152,21420
"(0.9230769230769232, 1.0)",1,99.67937001270334,21421
"(0.7460317460317459, 1.0)",3,99.67936507936508,21424
"(0.8888888888888888, 1.0)",1,99.67936507936508,21425
"(0.9047619047619048, 1.0)",2,99.67936507936508,21427
"(0.8530092673544326, 1.0)",1,99.67936466356451,21428
"(0.9224211423699916, 1.0)",1,99.67932590427476,21429
"(0.89, 1.0)",1,99.6793154901044,21430
"(0.8468468468468467, 1.0)",2,99.67928891458304,21432
"(0.8817204301075269, 1.0)",1,99.67925622764332,21433
"(0.8616898148148148, 1.0)",3,99.67925347222224,21436
"(0.8521317829457364, 1.0)",1,99.67923855963993,21437
"(0.919047619047619, 1.0)",1,99.6792352092352,21438
"(0.7869981325863679, 1.0)",1,99.67922798606622,21439
"(0.9327096052096052, 1.0)",1,99.67915091172792,21440
"(0.896551724137931, 1.0)",1,99.67913809201842,21441
"(0.8498168498168498, 1.0)",2,99.67909867909869,21443
"(0.9047619047619048, 1.0)",1,99.67907647907649,21444
"(0.8666666666666667, 1.0)",1,99.67902817347262,21445
"(0.8415692007797271, 1.0)",1,99.678910470621,21446
"(0.8686868686868687, 1.0)",1,99.6789008093356,21447
"(0.8571428571428572, 1.0)",2,99.67887667887668,21449
"(0.9230769230769232, 1.0)",1,99.67886385645006,21450
"(0.9, 1.0)",2,99.67884863674335,21452
"(0.9206349206349206, 1.0)",1,99.67883324405064,21453
"(0.8817204301075269, 1.0)",1,99.67879835218544,21454
"(0.7502088554720134, 1.0)",1,99.67878028404344,21455
"(0.9224211423699916, 1.0)",1,99.67873066617952,21456
"(0.9027274557165862, 1.0)",1,99.67871562876358,21457
"(0.9696969696969696, 1.0)",1,99.67869167869168,21458
"(0.8518518518518519, 1.0)",2,99.67869167869168,21460
"(0.8970659722222223, 1.0)",1,99.6786819660162,21461
"(0.9466207660652104, 1.0)",2,99.67867032492929,21463
"(0.896551724137931, 1.0)",1,99.67865850624472,21464
"(0.8864468864468864, 1.0)",1,99.67865467865468,21465
"(0.7555555555555554, 1.0)",2,99.67863247863248,21467
"(0.9142520753512132, 1.0)",1,99.67859409242728,21468
"(0.8055555555555555, 1.0)",1,99.67857142857144,21469
"(0.9565217391304348, 1.0)",1,99.67856358617227,21470
"(0.8888888888888888, 1.0)",2,99.67853118258796,21472
"(0.8266666666666667, 1.0)",1,99.67851851851852,21473
"(0.9444444444444444, 1.0)",1,99.67851531184864,21474
"(0.8787878787878788, 1.0)",1,99.67851420610042,21475
"(0.8888888888888888, 1.0)",2,99.67848817848818,21477
"(0.9444444444444444, 1.0)",1,99.67847649426596,21478
"(0.8271652864044169, 1.0)",1,99.67847481021394,21479
"(0.9565217391304348, 1.0)",1,99.67845536106404,21480
"(0.7162037037037038, 1.0)",1,99.67844328703704,21481
"(0.8817204301075269, 1.0)",1,99.67842777818788,21482
"(1.0, 1.0)",2,99.67842712842712,21484
"(0.8518518518518519, 1.0)",1,99.67840307840308,21485
"(0.9565217391304348, 1.0)",1,99.67839382129664,21486
"(0.9047619047619048, 1.0)",1,99.67837101170434,21487
"(0.8915343915343915, 1.0)",1,99.67835724460724,21488
"(0.8373015873015873, 1.0)",1,99.67834358623831,21489
"(0.8053221288515406, 1.0)",1,99.67833800186742,21490
"(0.9023809523809524, 1.0)",2,99.67826004404952,21492
"(0.8888888888888888, 1.0)",2,99.67825722664432,21494
"(0.9224211423699916, 1.0)",1,99.67821505605863,21495
"(0.9841269841269842, 1.0)",1,99.67821450580072,21496
"(0.9841269841269842, 1.0)",1,99.67821067821068,21497
"(1.0, 1.0)",1,99.67817930861408,21498
"(0.8750600325600326, 1.0)",1,99.67815879930215,21499
"(0.7765567765567766, 1.0)",2,99.67814407814409,21501
"(0.9351258309591644, 1.0)",1,99.67814390856056,21502
"(0.8345959595959597, 1.0)",1,99.67813584563584,21503
"(0.8518518518518519, 1.0)",1,99.67813051146383,21504
"(0.9135802469135802, 1.0)",1,99.67809260653463,21505
"(1.0, 1.0)",1,99.67808409913673,21506
"(0.8518518518518519, 1.0)",3,99.67808409913673,21509
"(0.8468468468468467, 1.0)",1,99.67806796067666,21510
"(0.919047619047619, 1.0)",1,99.67804359383308,21511
"(0.9444444444444444, 1.0)",1,99.67803030303033,21512
"(0.9466207660652104, 1.0)",1,99.67801027644316,21513
"(0.9592592592592591, 1.0)",1,99.6779541446208,21514
"(0.8642623716153127, 1.0)",1,99.6778841664871,21515
"(1.0, 1.0)",1,99.6778711484594,21516
"(0.8151260504201681, 1.0)",1,99.6778711484594,21517
"(1.0, 1.0)",1,99.67785269575552,21518
"(0.8627450980392157, 1.0)",1,99.67785269575552,21519
"(0.8468468468468467, 1.0)",1,99.67784591314005,21520
"(0.9047619047619048, 1.0)",1,99.6778411667317,21521
"(0.9565217391304348, 1.0)",1,99.67783424305163,21522
"(0.9230769230769232, 1.0)",1,99.67781322620031,21523
"(0.8817204301075269, 1.0)",1,99.67780154197813,21524
"(0.8750600325600326, 1.0)",1,99.67777497087842,21525
"(0.7975164658278694, 1.0)",2,99.677763295538,21527
"(0.9023809523809524, 1.0)",1,99.67775372775372,21528
"(0.9333333333333332, 1.0)",1,99.67773386034256,21529
"(0.875, 1.0)",1,99.67771768877466,21530
"(0.9841269841269842, 1.0)",1,99.67771270124211,21531
"(0.9172932330827066, 1.0)",1,99.67766437026545,21532
"(0.9142520753512132, 1.0)",2,99.6776525637517,21534
"(0.8109668109668109, 1.0)",1,99.67763347763348,21535
"(0.919047619047619, 1.0)",1,99.67763347763348,21536
"(0.9444444444444444, 1.0)",1,99.67759374281113,21537
"(0.883580779054917, 1.0)",1,99.677562063471,21538
"(0.9135802469135802, 1.0)",1,99.67753617178904,21539
"(0.896551724137931, 1.0)",1,99.67750410509032,21540
"(0.8888888888888888, 1.0)",1,99.67749007936509,21541
"(0.8970659722222223, 1.0)",1,99.67748620014244,21542
"(0.9047619047619048, 1.0)",2,99.67746913580248,21544
"(0.9047619047619048, 1.0)",1,99.67734177729062,21545
"(0.8867623604465709, 1.0)",1,99.67733728260043,21546
"(0.9696969696969696, 1.0)",1,99.67732267732268,21547
"(0.9135802469135802, 1.0)",1,99.67729152852768,21548
"(0.773034398034398, 1.0)",1,99.67723641408986,21549
"(0.896551724137931, 1.0)",1,99.67721550480172,21550
"(0.9444444444444444, 1.0)",1,99.6771566597654,21551
"(0.9521531100478468, 1.0)",2,99.67715071605232,21553
"(0.8350168350168351, 1.0)",3,99.67712209817472,21556
"(0.9224211423699916, 1.0)",1,99.67711089705976,21557
"(0.8791208791208792, 1.0)",1,99.67710067710068,21558
"(0.8312992626493769, 1.0)",1,99.67708254593266,21559
"(0.8817204301075269, 1.0)",1,99.67704814332998,21560
"(0.9444444444444444, 1.0)",1,99.67704517704516,21561
"(0.8498168498168499, 1.0)",2,99.67699989694874,21563
"(0.9565217391304348, 1.0)",1,99.67699940313634,21564
"(0.896551724137931, 1.0)",2,99.6769876624686,21566
"(0.8547544409613373, 1.0)",1,99.67697666318357,21567
"(0.8518518518518519, 1.0)",1,99.6769750045612,21568
"(0.9523809523809524, 1.0)",1,99.67696018062398,21569
"(0.896551724137931, 1.0)",1,99.67694183211424,21570
"(0.8571428571428572, 1.0)",1,99.67692801026136,21571
"(0.9047619047619048, 1.0)",1,99.67692801026136,21572
"(0.9135802469135802, 1.0)",1,99.67692801026136,21573
"(0.8857001484413657, 1.0)",1,99.67688826252989,21574
"(0.9023569023569024, 1.0)",1,99.67687653477128,21575
"(0.7650293586269196, 1.0)",1,99.67687570672328,21576
"(0.9364583333333332, 1.0)",1,99.67684989908642,21577
"(0.9230769230769232, 1.0)",1,99.6767715043577,21578
"(0.8888888888888888, 1.0)",1,99.67676767676768,21579
"(0.9696969696969696, 1.0)",2,99.67676767676768,21581
"(0.7869981325863679, 1.0)",1,99.67669720666044,21582
"(0.8571428571428572, 1.0)",3,99.67665667665668,21585
"(0.8686868686868687, 1.0)",1,99.67662337662338,21586
"(0.9213117283950616, 1.0)",1,99.6766221859114,21587
"(0.8345959595959597, 1.0)",1,99.67659382284384,21588
"(0.9444444444444444, 1.0)",2,99.6765873015873,21590
"(0.8312992626493769, 1.0)",2,99.67657120247776,21592
"(0.8675136116152449, 1.0)",2,99.67655642065804,21594
"(0.9135802469135802, 1.0)",1,99.67655586778396,21595
"(0.8729166666666666, 1.0)",1,99.67655354740424,21596
"(0.896551724137931, 1.0)",1,99.67654055251386,21597
"(0.7200000000000001, 1.0)",1,99.67652173913044,21598
"(1.0, 1.0)",1,99.67648433847592,21599
"(0.8970659722222223, 1.0)",1,99.67645329736833,21600
"(0.8864468864468864, 1.0)",1,99.67643467643468,21601
"(0.9841269841269842, 1.0)",1,99.67640969431253,21602
"(0.9047619047619048, 1.0)",1,99.67639124160864,21603
"(0.8897707231040564, 1.0)",2,99.67633970967304,21605
"(0.896551724137931, 1.0)",2,99.67631362889983,21607
"(0.8675136116152449, 1.0)",1,99.67630482040646,21608
"(0.9841269841269842, 1.0)",1,99.67629085889956,21609
"(0.8551296720061023, 1.0)",2,99.67628716147004,21611
"(0.8571428571428572, 1.0)",1,99.67628667628668,21612
"(0.896551724137931, 1.0)",1,99.6762576864526,21613
"(0.8468468468468467, 1.0)",1,99.67624350382972,21614
"(0.8527777777777779, 1.0)",1,99.67621515910989,21615
"(0.8686868686868687, 1.0)",1,99.6762030240291,21616
"(0.8627450980392157, 1.0)",5,99.67614037484913,21621
"(0.8129898303922073, 1.0)",1,99.67613797854035,21622
"(0.9230769230769232, 1.0)",1,99.67613545874416,21623
"(0.8915343915343915, 1.0)",1,99.67611188920012,21624
"(0.9135802469135802, 1.0)",1,99.6760562656825,21625
"(0.8312992626493769, 1.0)",1,99.67605158320816,21626
"(0.9444444444444444, 1.0)",1,99.6760461760462,21627
"(0.9047619047619048, 1.0)",1,99.6760461760462,21628
"(0.8339307048984469, 1.0)",1,99.67603596805634,21629
"(0.8817204301075269, 1.0)",1,99.67602602281129,21630
"(0.9478270609318996, 1.0)",1,99.676022921502,21631
"(0.8376068376068376, 1.0)",1,99.67596279190482,21632
"(0.8915343915343915, 1.0)",1,99.67593764930722,21633
"(0.9306746031746032, 1.0)",1,99.67593692720972,21634
"(0.9380032206119162, 1.0)",1,99.67591442374052,21635
"(0.8616898148148148, 1.0)",1,99.67584304062126,21636
"(0.896551724137931, 1.0)",1,99.67577250335871,21637
"(0.8888888888888888, 1.0)",1,99.67577250335871,21638
"(0.8468980343980343, 1.0)",1,99.67571824196824,21639
"(0.9841269841269842, 1.0)",1,99.67569603599016,21640
"(0.8977777777777779, 1.0)",1,99.67567093351452,21641
"(0.9224211423699916, 1.0)",1,99.67566789561674,21642
"(0.8791208791208792, 1.0)",1,99.67565767565767,21643
"(0.936026936026936, 1.0)",1,99.67564092166424,21644
"(0.9087026014109348, 1.0)",1,99.67558381188972,21645
"(0.8487103174603176, 1.0)",4,99.67555014430016,21649
"(0.936026936026936, 1.0)",1,99.67554239133187,21650
"(0.837962962962963, 1.0)",1,99.67549797696856,21651
"(0.8888888888888888, 1.0)",1,99.67548500881834,21652
"(0.9696969696969696, 1.0)",1,99.6754815233076,21653
"(0.8611111111111112, 1.0)",1,99.6754798973801,21654
"(0.9674603174603176, 1.0)",1,99.67543248767504,21655
"(0.9230769230769232, 1.0)",1,99.6754218004218,21656
"(0.9027274557165862, 1.0)",1,99.67540602714516,21657
"(0.9172932330827066, 1.0)",1,99.67540227380044,21658
"(1.0, 1.0)",1,99.67537695798563,21659
"(1.0, 1.0)",2,99.67537122375832,21661
"(0.8611111111111112, 1.0)",1,99.67535052910053,21662
"(0.8817204301075269, 1.0)",1,99.67534333967248,21663
"(0.896551724137931, 1.0)",1,99.6752956854906,21664
"(0.8312992626493769, 1.0)",1,99.67527798703134,21665
"(0.9391865079365078, 1.0)",1,99.67524339335496,21666
"(0.8791208791208792, 1.0)",1,99.67524161574504,21667
"(0.875, 1.0)",1,99.67523391812864,21668
"(0.7616334283000951, 1.0)",1,99.67521367521368,21669
"(0.9565217391304348, 1.0)",1,99.67519658280528,21670
"(0.9171090534979424, 1.0)",1,99.6751650753811,21671
"(0.8468468468468467, 1.0)",1,99.67512967512968,21672
"(0.9230769230769232, 1.0)",1,99.67512370670264,21673
"(0.8518518518518519, 1.0)",1,99.67508417508418,21674
"(0.9565217391304348, 1.0)",1,99.67503517014389,21675
"(0.9248366013071896, 1.0)",1,99.6750091340884,21676
"(0.9023809523809524, 1.0)",1,99.6750018986861,21677
"(0.8, 1.0)",1,99.675,21678
"(0.8592532467532467, 1.0)",2,99.67498126873129,21680
"(0.9841269841269842, 1.0)",1,99.67494824016563,21681
"(0.8498168498168498, 1.0)",2,99.67492507492508,21683
"(0.9135802469135802, 1.0)",1,99.674916665539,21684
"(0.8518518518518519, 1.0)",2,99.67487317327137,21686
"(0.8686868686868687, 1.0)",1,99.67486899065848,21687
"(0.8487103174603176, 1.0)",1,99.67481754356754,21688
"(0.9135802469135802, 1.0)",1,99.67480148181905,21689
"(0.8952020202020202, 1.0)",2,99.67471494902946,21691
"(0.8375771604938271, 1.0)",1,99.67464446818612,21692
"(0.9171090534979424, 1.0)",1,99.67463921623644,21693
"(0.7996201329534663, 1.0)",7,99.67462013295346,21700
"(0.936026936026936, 1.0)",1,99.67461583251055,21701
"(0.8350168350168351, 1.0)",1,99.67461583251055,21702
"(0.9444444444444444, 1.0)",1,99.67460317460318,21703
"(0.9142520753512132, 1.0)",1,99.6745944644436,21704
"(0.8817204301075269, 1.0)",1,99.67457757296468,21705
"(0.8468468468468467, 1.0)",2,99.67456850790184,21707
"(0.8083333333333333, 1.0)",1,99.67454200388984,21708
"(0.9445350241545892, 1.0)",1,99.6745334789115,21709
"(0.8266666666666667, 1.0)",1,99.674519297128,21710
"(0.8600272232304901, 1.0)",1,99.67449603414669,21711
"(0.9224211423699916, 1.0)",1,99.67449071022904,21712
"(0.9230769230769232, 1.0)",1,99.67448306767191,21713
"(0.7410714285714286, 1.0)",2,99.67440476190475,21715
"(0.9333333333333332, 1.0)",1,99.67438412191918,21716
"(0.8952020202020202, 1.0)",1,99.67438231007677,21717
"(0.8616898148148148, 1.0)",1,99.67436155913978,21718
"(0.8888888888888888, 1.0)",1,99.67434469493648,21719
"(0.833064949006978, 1.0)",1,99.67433479027682,21720
"(0.8888888888888888, 1.0)",1,99.67432950191572,21721
"(0.7765567765567766, 1.0)",1,99.67426400759734,21722
"(0.9230769230769232, 1.0)",1,99.67426400759734,21723
"(0.875, 1.0)",1,99.67425303454716,21724
"(0.8151260504201681, 1.0)",1,99.67425303454716,21725
"(0.8817204301075269, 1.0)",1,99.6742210052168,21726
"(0.9135802469135802, 1.0)",2,99.67420116194626,21728
"(0.8170426065162907, 1.0)",1,99.67418546365914,21729
"(0.8627450980392157, 1.0)",1,99.67414480943891,21730
"(0.9507101086048454, 1.0)",1,99.6741016595826,21731
"(0.8402777777777779, 1.0)",1,99.67408165505992,21732
"(0.8518518518518519, 1.0)",4,99.67407407407408,21736
"(0.8555658066363376, 1.0)",1,99.67405133653328,21737
"(0.9841269841269842, 1.0)",1,99.67403852186462,21738
"(0.8952020202020202, 1.0)",1,99.6739456190816,21739
"(0.7708333333333334, 1.0)",3,99.67386363636363,21742
"(0.8421052631578948, 1.0)",2,99.67385129490393,21744
"(1.0, 1.0)",2,99.6738461216722,21746
"(0.6738095238095239, 1.0)",1,99.67380952380952,21747
"(0.8518518518518519, 1.0)",1,99.67379802162412,21748
"(0.896551724137931, 1.0)",1,99.67376484917716,21749
"(0.8571428571428572, 1.0)",1,99.67375340708674,21750
"(0.7982954545454546, 1.0)",1,99.67375333000334,21751
"(0.8571428571428572, 1.0)",1,99.67371190900604,21752
"(0.8518518518518519, 1.0)",1,99.67364117364116,21753
"(0.8817204301075269, 1.0)",1,99.67363962202673,21754
"(0.8888888888888888, 1.0)",1,99.67361111111111,21755
"(0.8750600325600326, 1.0)",1,99.67357833773156,21756
"(0.8266666666666667, 1.0)",1,99.67353874883288,21757
"(0.875, 1.0)",1,99.67352092352093,21758
"(0.8666666666666667, 1.0)",1,99.67351607472575,21759
"(0.8266666666666667, 1.0)",2,99.67351351351353,21761
"(0.8817204301075269, 1.0)",1,99.67350734689444,21762
"(0.9592433605358742, 1.0)",1,99.67350069838392,21763
"(0.8468468468468467, 1.0)",1,99.6734705720213,21764
"(0.9696969696969696, 1.0)",1,99.67344093104964,21765
"(0.8888888888888888, 1.0)",1,99.67340067340066,21766
"(0.9047619047619048, 1.0)",2,99.6733695652174,21768
"(0.9224211423699916, 1.0)",1,99.67333689328576,21769
"(0.8831064306064307, 1.0)",1,99.67332893153544,21770
"(0.8330439814814815, 1.0)",1,99.67332077475535,21771
"(0.7167919799498746, 1.0)",2,99.67331371908033,21773
"(0.8125, 1.0)",1,99.67329030797102,21774
"(0.947088068181818, 1.0)",1,99.6732849598273,21775
"(0.8791208791208792, 1.0)",1,99.67324945585815,21776
"(0.7650293586269196, 1.0)",1,99.67323041682798,21777
"(0.9444444444444444, 1.0)",1,99.6731922398589,21778
"(0.9135802469135802, 1.0)",1,99.67314582753178,21779
"(0.8897707231040564, 1.0)",1,99.67313228907432,21780
"(0.8600272232304901, 1.0)",1,99.67313206194017,21781
"(0.7765567765567766, 1.0)",2,99.67310850069472,21783
"(0.9319444444444444, 1.0)",1,99.67310549161216,21784
"(0.8468468468468467, 1.0)",1,99.67307909413172,21785
"(1.0, 1.0)",2,99.67307909413172,21787
"(0.9065438871473354, 1.0)",1,99.67305091009251,21788
"(0.9104993386243384, 1.0)",1,99.6730199557014,21789
"(0.8, 1.0)",3,99.67301587301588,21792
"(0.7555555555555554, 1.0)",3,99.67301587301588,21795
"(0.8831018518518517, 1.0)",1,99.6729947540885,21796
"(0.9047619047619048, 1.0)",1,99.67299367299368,21797
"(0.875, 1.0)",1,99.6729797979798,21798
"(0.9444444444444444, 1.0)",1,99.6729797979798,21799
"(0.8332521117608837, 1.0)",1,99.6729607864494,21800
"(0.8053221288515406, 1.0)",1,99.6728434963729,21801
"(0.9565217391304348, 1.0)",1,99.67282765543636,21802
"(0.9243650793650792, 1.0)",1,99.67275297619048,21803
"(0.8729166666666666, 1.0)",1,99.67274831649831,21804
"(0.9027274557165862, 1.0)",1,99.67274233666896,21805
"(0.9666666666666668, 1.0)",1,99.67272727272729,21806
"(0.9841269841269842, 1.0)",1,99.67271665532536,21807
"(0.8402777777777779, 1.0)",1,99.67270139281008,21808
"(0.8831018518518517, 1.0)",2,99.67267464333403,21810
"(0.8345959595959597, 1.0)",1,99.67266141116949,21811
"(0.896551724137931, 1.0)",2,99.6726586581396,21813
"(0.7996201329534663, 1.0)",1,99.67263600596934,21814
"(0.8817204301075269, 1.0)",1,99.67260673678332,21815
"(0.9565217391304348, 1.0)",1,99.6725955204216,21816
"(0.9478270609318996, 1.0)",1,99.67257960173517,21817
"(0.8271652864044169, 1.0)",1,99.67253117648804,21818
"(0.8833628057765988, 1.0)",1,99.67251737227492,21819
"(0.8, 1.0)",2,99.67244752973652,21821
"(0.9230769230769232, 1.0)",1,99.67244250002872,21822
"(0.9206349206349206, 1.0)",1,99.67243867243867,21823
"(0.8888888888888888, 1.0)",1,99.67243867243867,21824
"(0.9213117283950616, 1.0)",1,99.67242283950615,21825
"(0.75, 1.0)",1,99.67242114236998,21826
"(0.9306746031746032, 1.0)",1,99.67241821052303,21827
"(0.8888888888888888, 1.0)",1,99.67237918027392,21828
"(0.8883205456095482, 1.0)",1,99.67236398754773,21829
"(0.9224211423699916, 1.0)",1,99.67233789228676,21830
"(0.896551724137931, 1.0)",1,99.6723092998955,21831
"(0.8502976190476191, 1.0)",1,99.67228835978835,21832
"(0.9333333333333332, 1.0)",1,99.67226107226108,21833
"(0.883580779054917, 1.0)",1,99.67225583085497,21834
"(0.8888888888888888, 1.0)",1,99.67225045485915,21835
"(0.8253968253968256, 1.0)",1,99.67224367224368,21836
"(0.8616898148148148, 1.0)",1,99.67217923280424,21837
"(0.9465811965811968, 1.0)",1,99.6720662163404,21838
"(0.8423371647509579, 1.0)",1,99.67200888192268,21839
"(0.8109668109668109, 1.0)",2,99.67199467199468,21841
"(0.9351258309591644, 1.0)",1,99.67199192782526,21842
"(0.8468468468468467, 1.0)",1,99.6719699995562,21843
"(0.8498168498168499, 1.0)",1,99.67195552985028,21844
"(0.8864468864468864, 1.0)",1,99.67188749947373,21845
"(0.9592592592592591, 1.0)",1,99.67187908496732,21846
"(0.8330439814814815, 1.0)",1,99.67187628600824,21847
"(0.8468980343980343, 1.0)",1,99.67186514796282,21848
"(0.9224211423699916, 1.0)",1,99.67184179545195,21849
"(0.8817204301075269, 1.0)",1,99.67176372015082,21850
"(0.8622222222222222, 1.0)",1,99.67174603174604,21851
"(0.9224211423699916, 1.0)",1,99.67173571668457,21852
"(0.9407729468599032, 1.0)",1,99.67165257648954,21853
"(0.9047619047619048, 1.0)",1,99.6716428753042,21854
"(0.922050500014663, 1.0)",1,99.67163916797408,21855
"(1.0, 1.0)",1,99.67163854260627,21856
"(0.9841269841269842, 1.0)",1,99.671626984127,21857
"(0.9565217391304348, 1.0)",1,99.6715755025713,21858
"(0.81681801994302, 1.0)",1,99.671555674264,21859
"(0.8729166666666666, 1.0)",2,99.67154135440424,21861
"(0.875, 1.0)",1,99.6715367965368,21862
"(0.8550741594067247, 1.0)",1,99.6715340175558,21863
"(0.9444444444444444, 1.0)",2,99.67148932938406,21865
"(0.8521317829457364, 1.0)",1,99.67146486121868,21866
"(0.900854700854701, 1.0)",1,99.67146401985111,21867
"(0.9696969696969696, 1.0)",1,99.67143350476684,21868
"(0.8888888888888888, 1.0)",1,99.67140296979008,21869
"(0.9264176245210728, 1.0)",1,99.67138542471189,21870
"(0.9023569023569024, 1.0)",1,99.67138202927676,21871
"(0.8129629629629629, 1.0)",1,99.67131613756614,21872
"(0.8319664902998236, 1.0)",1,99.67129526188666,21873
"(0.8977777777777779, 1.0)",1,99.671262643128,21874
"(0.9465811965811968, 1.0)",1,99.67124637515262,21875
"(0.8977777777777779, 1.0)",1,99.6712303788166,21876
"(0.8740392648287385, 1.0)",1,99.6712278170173,21877
"(0.9023569023569024, 1.0)",1,99.67118132030411,21878
"(0.8817204301075269, 1.0)",1,99.67117867717448,21879
"(0.9327096052096052, 1.0)",1,99.6711746124246,21880
"(0.8053221288515406, 1.0)",2,99.67116954308604,21882
"(0.8571428571428572, 1.0)",1,99.67115489874112,21883
"(0.8571428571428572, 1.0)",1,99.6711525189786,21884
"(0.9224211423699916, 1.0)",1,99.6711506737082,21885
"(0.9507101086048454, 1.0)",1,99.67112073662418,21886
"(0.8536155202821869, 1.0)",1,99.671050236104,21887
"(0.8350168350168351, 1.0)",2,99.67099567099568,21889
"(0.8571428571428572, 1.0)",2,99.67099567099568,21891
"(0.8904991948470209, 1.0)",1,99.6709847911221,21892
"(1.0, 1.0)",1,99.67094017094016,21893
"(0.8817204301075269, 1.0)",1,99.670897919285,21894
"(0.7708333333333334, 1.0)",1,99.67083333333332,21895
"(0.833064949006978, 1.0)",1,99.67080745341616,21896
"(0.7460317460317459, 1.0)",1,99.67080745341616,21897
"(0.9565217391304348, 1.0)",1,99.67080745341616,21898
"(0.7777777777777776, 1.0)",1,99.67080745341616,21899
"(0.8571428571428572, 1.0)",1,99.67076782866256,21900
"(0.8867623604465709, 1.0)",1,99.67074504442924,21901
"(0.8791208791208792, 1.0)",1,99.67073578595318,21902
"(0.7141994478951, 1.0)",1,99.67072118702552,21903
"(0.9135802469135802, 1.0)",2,99.67071004752164,21905
"(0.8888888888888888, 1.0)",1,99.67070707070708,21906
"(0.875, 1.0)",1,99.67063492063492,21907
"(0.9444444444444444, 1.0)",1,99.67063492063492,21908
"(0.875, 1.0)",1,99.6706228956229,21909
"(0.7167919799498746, 1.0)",7,99.67061593377385,21916
"(0.8900759734093067, 1.0)",1,99.670611687695,21917
"(0.9224211423699916, 1.0)",1,99.67056929051812,21918
"(0.8817204301075269, 1.0)",3,99.67056121894832,21921
"(0.9230769230769232, 1.0)",1,99.67055167055167,21922
"(0.8750600325600326, 1.0)",1,99.67049834424834,21923
"(0.947088068181818, 1.0)",1,99.67048591410246,21924
"(0.8518518518518519, 1.0)",1,99.6704814980677,21925
"(0.8897707231040564, 1.0)",1,99.67043450376784,21926
"(0.8611111111111112, 1.0)",2,99.67039917221368,21928
"(0.9023569023569024, 1.0)",1,99.67033911084256,21929
"(0.8729166666666666, 1.0)",1,99.67030651340995,21930
"(1.0, 1.0)",1,99.67027417027415,21931
"(0.8904991948470209, 1.0)",1,99.67026127388446,21932
"(0.9333333333333332, 1.0)",1,99.67023025283896,21933
"(0.7840187590187591, 1.0)",1,99.67022886313208,21934
"(0.8833628057765988, 1.0)",1,99.6701954176092,21935
"(0.9365750528541228, 1.0)",1,99.67018962205218,21936
"(0.9465811965811968, 1.0)",1,99.67017730335492,21937
"(0.808641975308642, 1.0)",2,99.6701138367805,21939
"(0.875, 1.0)",2,99.6700937950938,21941
"(0.9465811965811968, 1.0)",1,99.6700902567166,21942
"(0.8376068376068376, 1.0)",1,99.67004890534302,21943
"(0.9444444444444444, 1.0)",1,99.67004632794108,21944
"(0.833064949006978, 1.0)",1,99.6700057859478,21945
"(0.8803174603174604, 1.0)",2,99.67,21947
"(0.8873002904865649, 1.0)",1,99.66999518295968,21948
"(0.8423371647509579, 1.0)",2,99.66996637544467,21950
"(0.9224211423699916, 1.0)",1,99.6699569399058,21951
"(0.8627450980392157, 1.0)",1,99.66994900524313,21952
"(0.8339307048984469, 1.0)",1,99.66990954087728,21953
"(0.9224211423699916, 1.0)",1,99.66989588984474,21954
"(0.9391865079365078, 1.0)",1,99.6698941798942,21955
"(0.8468468468468467, 1.0)",1,99.66989095249966,21956
"(0.8585858585858586, 1.0)",1,99.66986203867764,21957
"(0.8170426065162907, 1.0)",2,99.66985645933012,21959
"(0.896551724137931, 1.0)",1,99.66982012240632,21960
"(0.932852564102564, 1.0)",1,99.669806561751,21961
"(0.8817204301075269, 1.0)",1,99.66973241811952,21962
"(0.8518518518518519, 1.0)",1,99.66965723487462,21963
"(0.875, 1.0)",1,99.66961697722569,21964
"(0.8817204301075269, 1.0)",1,99.66960304557637,21965
"(0.9213117283950616, 1.0)",1,99.66957383665718,21966
"(0.833064949006978, 1.0)",2,99.66957288551492,21968
"(0.8109668109668109, 1.0)",1,99.66955266955269,21969
"(0.8888888888888888, 1.0)",1,99.66955266955269,21970
"(0.9047619047619048, 1.0)",1,99.66955266955269,21971
"(0.8600272232304901, 1.0)",1,99.66953780524108,21972
"(0.8622222222222222, 1.0)",1,99.66953761214631,21973
"(0.8527777777777779, 1.0)",1,99.6695165945166,21974
"(0.9202401372212692, 1.0)",1,99.6695032015216,21975
"(0.8867623604465709, 1.0)",1,99.66950045568468,21976
"(0.8616898148148148, 1.0)",1,99.66950027233116,21977
"(0.9523809523809524, 1.0)",2,99.66948905732836,21979
"(0.8859337035751476, 1.0)",2,99.6694657897378,21981
"(0.8551296720061023, 1.0)",1,99.66945145105012,21982
"(0.8425925925925927, 1.0)",2,99.66943241943244,21984
"(0.8425925925925927, 1.0)",1,99.6694324194324,21985
"(0.919047619047619, 1.0)",1,99.66940836940836,21986
"(0.9230769230769232, 1.0)",1,99.6693611943612,21987
"(0.8415692007797271, 1.0)",1,99.66933127088556,21988
"(0.8571428571428572, 1.0)",1,99.66932482721955,21989
"(0.9444444444444444, 1.0)",1,99.66931216931218,21990
"(0.8518518518518519, 1.0)",1,99.66931216931218,21991
"(0.8991666666666667, 1.0)",1,99.669302413273,21992
"(0.9841269841269842, 1.0)",1,99.66927899686522,21993
"(1.0, 1.0)",1,99.66925895517848,21994
"(0.9696969696969696, 1.0)",1,99.6692538328694,21995
"(0.7840187590187591, 1.0)",1,99.66923615032312,21996
"(0.9841269841269842, 1.0)",1,99.66920856920856,21997
"(0.8952380952380952, 1.0)",1,99.66919269499914,21998
"(0.833064949006978, 1.0)",1,99.66918535034478,21999
"(0.7167919799498746, 1.0)",1,99.66917293233082,22000
"(0.9224211423699916, 1.0)",1,99.66914401014547,22001
"(0.7777777777777776, 1.0)",1,99.66913660964003,22002
"(0.8112491373360938, 1.0)",1,99.66913500203144,22003
"(0.936026936026936, 1.0)",1,99.6691317941318,22004
"(0.9224211423699916, 1.0)",1,99.66911888906772,22005
"(0.9047619047619048, 1.0)",1,99.66911375661375,22006
"(0.8904991948470209, 1.0)",1,99.66911239451284,22007
"(0.7460317460317459, 1.0)",1,99.66910866910868,22008
"(0.8888888888888888, 1.0)",1,99.66910866910868,22009
"(0.919047619047619, 1.0)",1,99.66908743430484,22010
"(0.8627450980392157, 1.0)",1,99.6690836869865,22011
"(0.8888888888888888, 1.0)",1,99.66907585168455,22012
"(1.0, 1.0)",1,99.66907585168454,22013
"(0.9565217391304348, 1.0)",4,99.66907585168454,22017
"(0.9172932330827066, 1.0)",1,99.66907385986332,22018
"(0.9333333333333332, 1.0)",1,99.6690220174091,22019
"(1.0, 1.0)",1,99.66900646951798,22020
"(0.919047619047619, 1.0)",2,99.66895268474217,22022
"(0.7167919799498746, 1.0)",2,99.66894508999772,22024
"(0.9047619047619048, 1.0)",1,99.66894357655228,22025
"(0.8958964646464646, 1.0)",1,99.6688630524568,22026
"(0.896551724137931, 1.0)",1,99.66886293695258,22027
"(0.8712763475149724, 1.0)",1,99.66883166274982,22028
"(0.9333333333333332, 1.0)",1,99.66882006882008,22029
"(0.9047619047619048, 1.0)",1,99.66882006882008,22030
"(0.9333333333333332, 1.0)",2,99.66880838459788,22032
"(0.9589484126984128, 1.0)",1,99.66879171754172,22033
"(0.8266666666666667, 1.0)",1,99.66877192982456,22034
"(0.8883205456095482, 1.0)",2,99.66875648394024,22036
"(0.8448736477904788, 1.0)",1,99.66874255941778,22037
"(0.9135802469135802, 1.0)",1,99.66871782963736,22038
"(0.7975164658278694, 1.0)",2,99.66868048699187,22040
"(0.808641975308642, 1.0)",1,99.66867083533752,22041
"(0.9841269841269842, 1.0)",1,99.6686507936508,22042
"(0.875, 1.0)",2,99.6686507936508,22044
"(0.8585858585858586, 1.0)",1,99.66864295125166,22045
"(0.8376068376068376, 1.0)",1,99.66858066858066,22046
"(1.0, 1.0)",2,99.66858066858066,22048
"(0.8900759734093067, 1.0)",1,99.66857329809932,22049
"(0.9023809523809524, 1.0)",1,99.6685592185592,22050
"(0.7708333333333334, 1.0)",2,99.6685405643739,22052
"(0.8415692007797271, 1.0)",1,99.66851391294745,22053
"(0.9047619047619048, 1.0)",1,99.668473186376,22054
"(0.9841269841269842, 1.0)",1,99.66845473367212,22055
"(0.8468468468468467, 1.0)",1,99.66839566839568,22056
"(0.9740143369175628, 1.0)",1,99.66837753737452,22057
"(0.8803174603174604, 1.0)",1,99.66835658168992,22058
"(0.9497685185185184, 1.0)",1,99.66835526315788,22059
"(0.89, 1.0)",1,99.66830882352942,22060
"(0.9194577352472088, 1.0)",1,99.6683068695773,22061
"(0.9023569023569024, 1.0)",1,99.66830206830208,22062
"(0.8055555555555555, 1.0)",2,99.66830065359476,22064
"(0.8686868686868687, 1.0)",1,99.66829586184426,22065
"(0.8468468468468467, 1.0)",1,99.6682754182754,22066
"(0.9465811965811968, 1.0)",1,99.6682518033582,22067
"(0.9363636363636364, 1.0)",1,99.66824453687198,22068
"(0.8345959595959597, 1.0)",1,99.66823580633924,22069
"(0.9047619047619048, 1.0)",1,99.66820276497695,22070
"(0.8339307048984469, 1.0)",2,99.66814587244696,22072
"(0.896551724137931, 1.0)",1,99.6681134956997,22073
"(0.8109668109668109, 1.0)",1,99.66810966810966,22074
"(0.7460317460317459, 1.0)",1,99.66810966810966,22075
"(0.8571428571428572, 1.0)",1,99.66810966810966,22076
"(0.8125, 1.0)",1,99.66809455064384,22077
"(0.8468468468468467, 1.0)",1,99.66807500140834,22078
"(0.9497685185185184, 1.0)",1,99.66807164307164,22079
"(0.9407729468599032, 1.0)",1,99.66805342358482,22080
"(0.9841269841269842, 1.0)",1,99.6680264180264,22081
"(0.8425925925925927, 1.0)",1,99.66798941798942,22082
"(0.8817204301075269, 1.0)",1,99.66797492264384,22083
"(0.8112491373360938, 1.0)",1,99.66794473918794,22084
"(0.8266666666666667, 1.0)",2,99.6679365079365,22086
"(0.875, 1.0)",1,99.66788537549408,22087
"(0.9202401372212692, 1.0)",1,99.66771547203356,22088
"(0.9213117283950616, 1.0)",1,99.6676708553792,22089
"(0.8415692007797271, 1.0)",1,99.6676631967214,22090
"(0.7982954545454546, 1.0)",1,99.66765572390572,22091
"(0.8125, 1.0)",2,99.6676455026455,22093
"(0.9841269841269842, 1.0)",1,99.66763285024156,22094
"(0.9230769230769232, 1.0)",1,99.66758550091885,22095
"(0.896551724137931, 1.0)",2,99.66756232273474,22097
"(0.9, 1.0)",2,99.66753246753248,22099
"(0.875, 1.0)",2,99.667523128414,22101
"(0.8421052631578948, 1.0)",1,99.66750208855473,22102
"(0.683375104427736, 1.0)",19,99.66750208855473,22121
"(0.8977777777777779, 1.0)",1,99.66747474747476,22122
"(0.875, 1.0)",1,99.66746031746032,22123
"(0.9444444444444444, 1.0)",2,99.6674347158218,22125
"(0.8831018518518517, 1.0)",1,99.66740949379836,22126
"(0.7708333333333334, 1.0)",1,99.66738505747126,22127
"(0.9565217391304348, 1.0)",1,99.66736464019073,22128
"(0.896551724137931, 1.0)",1,99.66727482819437,22129
"(0.8551296720061023, 1.0)",1,99.66727354664998,22130
"(0.9407729468599032, 1.0)",1,99.66725097768575,22131
"(0.9, 1.0)",1,99.66721923063386,22132
"(0.8627450980392157, 1.0)",1,99.66721840251252,22133
"(0.9696969696969696, 1.0)",2,99.66721249764728,22135
"(0.8547544409613373, 1.0)",1,99.66716425337114,22136
"(0.896551724137931, 1.0)",1,99.66716104313434,22137
"(0.9391865079365078, 1.0)",1,99.66710497835498,22138
"(0.9047619047619048, 1.0)",1,99.6671010149271,22139
"(0.8271652864044169, 1.0)",1,99.6670881259106,22140
"(0.875, 1.0)",1,99.66706349206348,22141
"(0.9047619047619048, 1.0)",1,99.6670274170274,22142
"(0.8415692007797271, 1.0)",1,99.66701645607074,22143
"(0.8803174603174604, 1.0)",2,99.66701235962104,22145
"(0.9047619047619048, 1.0)",2,99.66701173222911,22147
"(0.8518518518518519, 1.0)",1,99.66695944956814,22148
"(0.8518518518518519, 1.0)",1,99.66695266695268,22149
"(0.8520449077786689, 1.0)",1,99.66694524986218,22150
"(0.875, 1.0)",1,99.6669191919192,22151
"(0.8817204301075269, 1.0)",1,99.6669056152927,22152
"(0.8448736477904788, 1.0)",1,99.66688025003369,22153
"(0.942528735632184, 1.0)",1,99.66683174698925,22154
"(0.9230769230769232, 1.0)",1,99.66670366670368,22155
"(0.8299319727891157, 1.0)",1,99.6666988349592,22156
"(0.875, 1.0)",1,99.66669134958607,22157
"(0.7460317460317459, 1.0)",6,99.66666666666669,22163
"(0.8888888888888888, 1.0)",1,99.66666666666669,22164
"(0.6666666666666666, 1.0)",1,99.66666666666666,22165
"(0.8271652864044169, 1.0)",1,99.666632878997,22166
"(0.8817204301075269, 1.0)",1,99.66658494830536,22167
"(0.9172932330827066, 1.0)",1,99.66655604756292,22168
"(0.8387082903336773, 1.0)",1,99.6665235460656,22169
"(0.7777777777777776, 1.0)",1,99.66652236652236,22170
"(0.8900759734093067, 1.0)",1,99.6665123610957,22171
"(0.9841269841269842, 1.0)",1,99.66647844908717,22172
"(0.8900759734093067, 1.0)",1,99.6664422045552,22173
"(0.9507101086048454, 1.0)",1,99.66643882433355,22174
"(0.9065438871473354, 1.0)",1,99.66640772157,22175
"(0.7616334283000951, 1.0)",1,99.666395333062,22176
"(0.8312992626493769, 1.0)",1,99.666392206637,22177
"(0.9841269841269842, 1.0)",1,99.66633324405063,22178
"(0.8299319727891157, 1.0)",1,99.66631482303066,22179
"(0.875, 1.0)",1,99.66629807390676,22180
"(0.9, 1.0)",1,99.66623376623376,22181
"(0.936026936026936, 1.0)",1,99.66618566618568,22182
"(0.8550741594067247, 1.0)",1,99.66615002331056,22183
"(0.9565217391304348, 1.0)",2,99.66610985632724,22185
"(0.9224211423699916, 1.0)",1,99.66610801105686,22186
"(0.9109477124183006, 1.0)",1,99.66609645383708,22187
"(0.9047619047619048, 1.0)",1,99.6660697327364,22188
"(0.919047619047619, 1.0)",1,99.66604136604136,22189
"(0.8281746031746032, 1.0)",1,99.66601791612705,22190
"(0.8867623604465709, 1.0)",2,99.66598313966736,22192
"(0.8696884384384383, 1.0)",1,99.66594505219506,22193
"(0.8817204301075269, 1.0)",1,99.66593640482694,22194
"(0.958531746031746, 1.0)",1,99.66593596059111,22195
"(0.8, 1.0)",2,99.66584741423452,22197
"(0.8502976190476191, 1.0)",1,99.6658076541141,22198
"(0.8468468468468467, 1.0)",1,99.66575016575015,22199
"(0.9333333333333332, 1.0)",1,99.66572871572872,22200
"(0.9023809523809524, 1.0)",2,99.66572871572872,22202
"(0.875, 1.0)",1,99.6656537906538,22203
"(0.9674603174603176, 1.0)",2,99.66558934892268,22205
"(0.9565217391304348, 1.0)",1,99.66551644812516,22206
"(0.8498168498168498, 1.0)",1,99.66546557307429,22207
"(0.909722222222222, 1.0)",1,99.6654541446208,22208
"(0.8468468468468467, 1.0)",1,99.66545132906688,22209
"(0.9003279610194903, 1.0)",1,99.66543606173104,22210
"(0.9333333333333332, 1.0)",1,99.6653844526443,22211
"(0.8312992626493769, 1.0)",1,99.6653480841982,22212
"(0.9047619047619048, 1.0)",1,99.66528013049752,22213
"(0.8487103174603176, 1.0)",1,99.66527936932349,22214
"(0.8888888888888888, 1.0)",1,99.66527725148416,22215
"(0.8817204301075269, 1.0)",1,99.66527021365732,22216
"(0.8375771604938271, 1.0)",1,99.66526031067698,22217
"(0.8487103174603176, 1.0)",1,99.66525413400412,22218
"(0.8376068376068376, 1.0)",1,99.66524576364392,22219
"(0.8822954822954823, 1.0)",1,99.66524069254332,22220
"(0.9135802469135802, 1.0)",1,99.66521423384168,22221
"(0.900854700854701, 1.0)",1,99.66518710048122,22222
"(0.883580779054917, 1.0)",1,99.66516197563612,22223
"(0.8864468864468864, 1.0)",1,99.66515272362048,22224
"(0.8888888888888888, 1.0)",1,99.6650819960778,22225
"(0.8970659722222223, 1.0)",1,99.66508139392715,22226
"(0.8627450980392157, 1.0)",1,99.665053900348,22227
"(0.8731060606060606, 1.0)",1,99.6649983730866,22228
"(0.9444444444444444, 1.0)",1,99.66498316498316,22229
"(0.9135802469135802, 1.0)",1,99.66494388327722,22230
"(0.8498168498168498, 1.0)",1,99.66494290023702,22231
"(0.8888888888888888, 1.0)",1,99.66493506493508,22232
"(0.9696969696969696, 1.0)",1,99.66493506493508,22233
"(0.8893558268973552, 1.0)",1,99.66492297706442,22234
"(0.7765567765567766, 1.0)",1,99.66487732216632,22235
"(0.896551724137931, 1.0)",2,99.66487569612325,22237
"(0.9507101086048454, 1.0)",1,99.66485152274626,22238
"(0.8498168498168498, 1.0)",1,99.66481296481297,22239
"(0.8518518518518519, 1.0)",1,99.66478384739254,22240
"(0.9230769230769232, 1.0)",1,99.66477966477969,22241
"(0.9047619047619048, 1.0)",1,99.66471896326968,22242
"(0.9023569023569024, 1.0)",1,99.66469149447872,22243
"(0.7708333333333334, 1.0)",2,99.66468253968252,22245
"(0.7616334283000951, 1.0)",1,99.6646637313304,22246
"(0.8616898148148148, 1.0)",2,99.66466346153844,22248
"(0.8686868686868687, 1.0)",1,99.66466249799583,22249
"(0.8627450980392157, 1.0)",1,99.66451236204904,22250
"(0.8888888888888888, 1.0)",2,99.66450216450215,22252
"(0.8520449077786689, 1.0)",1,99.66447338759602,22253
"(0.87531328320802, 1.0)",1,99.66444685495028,22254
"(0.7200000000000001, 1.0)",1,99.66444444444444,22255
"(0.8977777777777779, 1.0)",1,99.66444444444444,22256
"(0.8970659722222223, 1.0)",1,99.66441314732556,22257
"(0.922050500014663, 1.0)",1,99.66440482883884,22258
"(0.9306746031746032, 1.0)",1,99.66440021540689,22259
"(0.896551724137931, 1.0)",1,99.66438771956012,22260
"(0.8309016086793863, 1.0)",1,99.66438095340874,22261
"(0.936026936026936, 1.0)",1,99.66436471451952,22262
"(0.9364583333333332, 1.0)",1,99.6643456172273,22263
"(0.9333333333333332, 1.0)",2,99.66433508012454,22265
"(0.8368686868686868, 1.0)",1,99.66430194435156,22266
"(0.8970659722222223, 1.0)",1,99.66429951690822,22267
"(0.8520449077786689, 1.0)",2,99.6642855983537,22269
"(0.8611111111111112, 1.0)",2,99.66427708764664,22271
"(0.8518518518518519, 1.0)",1,99.66426166426166,22272
"(0.8864468864468864, 1.0)",1,99.66422466422466,22273
"(0.9230769230769232, 1.0)",1,99.66419972941712,22274
"(0.8448736477904788, 1.0)",1,99.66418422369252,22275
"(0.936026936026936, 1.0)",1,99.66416546416546,22276
"(0.7410714285714286, 1.0)",1,99.66414835164836,22277
"(0.75, 1.0)",2,99.6641414141414,22279
"(0.9047619047619048, 1.0)",1,99.66405872693906,22280
"(0.896551724137931, 1.0)",1,99.66405872693906,22281
"(0.7705882352941177, 1.0)",1,99.66404701665611,22282
"(0.9565217391304348, 1.0)",1,99.66401538217394,22283
"(0.9109477124183006, 1.0)",1,99.66400624808551,22284
"(0.8686868686868687, 1.0)",1,99.66398754570798,22285
"(0.808641975308642, 1.0)",1,99.6639696885311,22286
"(0.9230769230769232, 1.0)",1,99.66395183763603,22287
"(0.9135802469135802, 1.0)",1,99.66394099727432,22288
"(0.9135802469135802, 1.0)",1,99.66392095558764,22289
"(0.8170426065162907, 1.0)",2,99.6639146886825,22291
"(0.8046935824713601, 1.0)",2,99.66390104167884,22293
"(0.7162037037037038, 1.0)",2,99.66389187574671,22295
"(0.9230769230769232, 1.0)",1,99.6638420623928,22296
"(0.9444444444444444, 1.0)",1,99.66379669713004,22297
"(0.8125, 1.0)",1,99.66378763086688,22298
"(0.8888888888888888, 1.0)",1,99.66364447324628,22299
"(0.8345959595959597, 1.0)",1,99.6636435786436,22300
"(0.8952020202020202, 1.0)",1,99.6636234658412,22301
"(0.8312992626493769, 1.0)",1,99.66359425602468,22302
"(0.9171090534979424, 1.0)",1,99.66355136119026,22303
"(0.8312992626493769, 1.0)",1,99.66354965114976,22304
"(0.8864468864468864, 1.0)",1,99.66352721352722,22305
"(0.9047619047619048, 1.0)",1,99.66352389926224,22306
"(0.8592532467532467, 1.0)",1,99.66350402733032,22307
"(0.7410714285714286, 1.0)",3,99.66349257094144,22310
"(0.8063492063492064, 1.0)",1,99.66349206349209,22311
"(0.8888888888888888, 1.0)",1,99.66349206349209,22312
"(0.8686868686868687, 1.0)",1,99.66349206349209,22313
"(0.8571428571428572, 1.0)",1,99.66349206349209,22314
"(0.9047619047619048, 1.0)",1,99.66349206349209,22315
"(0.8498168498168499, 1.0)",1,99.66348144609016,22316
"(0.9841269841269842, 1.0)",1,99.66344113402936,22317
"(0.8547544409613373, 1.0)",1,99.66336853218412,22318
"(0.9841269841269842, 1.0)",1,99.66336532194732,22319
"(1.0, 1.0)",1,99.66333666333666,22320
"(0.9523809523809524, 1.0)",1,99.66332573489832,22321
"(0.8888888888888888, 1.0)",1,99.66332497911444,22322
"(0.7705882352941177, 1.0)",1,99.6632732071323,22323
"(0.9841269841269842, 1.0)",1,99.6632160110421,22324
"(0.8832772166105499, 1.0)",1,99.66310615735904,22325
"(0.8109668109668109, 1.0)",1,99.66309713678136,22326
"(0.9213117283950616, 1.0)",1,99.66306795343615,22327
"(0.896551724137931, 1.0)",1,99.66305130642698,22328
"(0.9445350241545892, 1.0)",1,99.66298539222451,22329
"(0.8681932021466906, 1.0)",1,99.6629367251243,22330
"(0.8897707231040564, 1.0)",1,99.6629358296025,22331
"(0.9248366013071896, 1.0)",1,99.66293183940245,22332
"(1.0, 1.0)",1,99.6629274107535,22333
"(0.9674603174603176, 1.0)",1,99.6629112031286,22334
"(0.8771929824561403, 1.0)",1,99.66286758563076,22335
"(0.8046935824713601, 1.0)",2,99.66284885312665,22337
"(0.8345959595959597, 1.0)",1,99.66284382284384,22338
"(0.9230769230769232, 1.0)",1,99.66282204454248,22339
"(0.9696969696969696, 1.0)",1,99.66281866281868,22340
"(1.0, 1.0)",1,99.66281866281868,22341
"(0.8518518518518519, 1.0)",1,99.66281866281868,22342
"(0.8867623604465709, 1.0)",1,99.66280853649276,22343
"(0.8468468468468467, 1.0)",1,99.662792012792,22344
"(0.896551724137931, 1.0)",1,99.66278549037172,22345
"(0.7555555555555554, 1.0)",2,99.66275946275948,22347
"(0.8, 1.0)",1,99.6627450980392,22348
"(0.9019607843137254, 1.0)",1,99.66273519508812,22349
"(0.8055555555555555, 1.0)",1,99.6626984126984,22350
"(0.8888888888888888, 1.0)",1,99.6626984126984,22351
"(0.9363636363636364, 1.0)",1,99.66268702058176,22352
"(0.8270202020202021, 1.0)",1,99.66267837101172,22353
"(0.8771929824561403, 1.0)",1,99.66266306792622,22354
"(0.8266666666666667, 1.0)",1,99.6626455026455,22355
"(0.9696969696969696, 1.0)",1,99.6626151626152,22356
"(0.8421052631578948, 1.0)",1,99.66259588364852,22357
"(0.8067271451483561, 1.0)",1,99.6625456042038,22358
"(0.9306746031746032, 1.0)",1,99.66252524629805,22359
"(0.8888888888888888, 1.0)",2,99.66249799583132,22361
"(1.0, 1.0)",1,99.6624968900831,22362
"(0.9243650793650792, 1.0)",1,99.66249405999406,22363
"(0.8499203568015292, 1.0)",1,99.6624321625862,22364
"(0.89, 1.0)",1,99.66240715527006,22365
"(0.8897707231040564, 1.0)",1,99.66239906094978,22366
"(0.896551724137931, 1.0)",1,99.66238788316296,22367
"(0.9333333333333332, 1.0)",1,99.6623878536922,22368
"(0.7996201329534663, 1.0)",1,99.66236523099268,22369
"(0.7765567765567766, 1.0)",1,99.66227106227106,22370
"(0.8571428571428572, 1.0)",1,99.66225749559084,22371
"(0.9065438871473354, 1.0)",1,99.66223282783628,22372
"(0.8350168350168351, 1.0)",1,99.66219988214874,22373
"(0.8332521117608837, 1.0)",1,99.6621798298015,22374
"(0.9696969696969696, 1.0)",1,99.66215728715729,22375
"(0.9841269841269842, 1.0)",4,99.66214944475814,22379
"(0.9168478260869564, 1.0)",1,99.66213883137796,22380
"(0.8253968253968256, 1.0)",1,99.66205399538732,22381
"(0.9047619047619048, 1.0)",1,99.66205169304747,22382
"(0.875, 1.0)",1,99.66205096073516,22383
"(0.7982954545454546, 1.0)",1,99.6620211008798,22384
"(0.9696969696969696, 1.0)",1,99.66197967988248,22385
"(0.8468468468468467, 1.0)",1,99.66197289726702,22386
"(0.9306746031746032, 1.0)",1,99.661957393679,22387
"(0.8468468468468467, 1.0)",1,99.66195444456314,22388
"(0.8611111111111112, 1.0)",1,99.6619212962963,22389
"(0.896551724137931, 1.0)",1,99.66191374579286,22390
"(0.8332521117608837, 1.0)",1,99.6619093058213,22391
"(0.8319664902998236, 1.0)",2,99.66190476190476,22393
"(0.9407679738562092, 1.0)",1,99.66190305983504,22394
"(0.8803174603174604, 1.0)",1,99.6618630751964,22395
"(0.8750600325600326, 1.0)",1,99.66178983053985,22396
"(0.7555555555555554, 1.0)",1,99.66176046176048,22397
"(0.8686868686868687, 1.0)",1,99.66173253270028,22398
"(0.8071376954408094, 1.0)",1,99.66158586751908,22399
"(0.922050500014663, 1.0)",1,99.66152040817902,22400
"(0.9565217391304348, 1.0)",1,99.66151338491156,22401
"(0.883580779054917, 1.0)",1,99.66149467585772,22402
"(0.8904991948470209, 1.0)",1,99.66144929737608,22403
"(0.8518518518518519, 1.0)",1,99.66137566137566,22404
"(0.9023569023569024, 1.0)",1,99.66137566137566,22405
"(0.9224211423699916, 1.0)",1,99.66135180235328,22406
"(0.7167919799498746, 1.0)",4,99.66123642439432,22410
"(0.8518518518518519, 1.0)",1,99.66123136123136,22411
"(0.9213117283950616, 1.0)",1,99.6611093782406,22412
"(0.875, 1.0)",2,99.66107503607503,22414
"(0.9696969696969696, 1.0)",1,99.66105499438834,22415
"(0.9135802469135802, 1.0)",1,99.66105499438832,22416
"(0.9224211423699916, 1.0)",1,99.66104288099172,22417
"(0.922050500014663, 1.0)",1,99.66101120994573,22418
"(0.9565217391304348, 1.0)",1,99.66100997120488,22419
"(0.9047619047619048, 1.0)",1,99.6610085820612,22420
"(0.8904991948470209, 1.0)",1,99.66096421369916,22421
"(0.9135802469135802, 1.0)",1,99.66095258783432,22422
"(0.8817204301075269, 1.0)",1,99.660918425095,22423
"(0.8803174603174604, 1.0)",1,99.66086099086098,22424
"(0.9047619047619048, 1.0)",1,99.66078366078366,22425
"(0.8498168498168498, 1.0)",1,99.66078366078366,22426
"(0.9023569023569024, 1.0)",2,99.66077567656517,22428
"(0.8046935824713601, 1.0)",1,99.66076850665112,22429
"(0.9104993386243384, 1.0)",1,99.66074019254168,22430
"(0.9243650793650792, 1.0)",1,99.6606931031931,22431
"(0.8791208791208792, 1.0)",1,99.66066730117072,22432
"(1.0, 1.0)",2,99.66066681856157,22434
"(0.8888888888888888, 1.0)",2,99.66066681856157,22436
"(0.9230769230769232, 1.0)",1,99.66062481579723,22437
"(0.8813492063492063, 1.0)",1,99.66060245310246,22438
"(0.9507101086048454, 1.0)",1,99.66058665181473,22439
"(0.8952380952380952, 1.0)",1,99.66055606430606,22440
"(0.9841269841269842, 1.0)",1,99.66053667843948,22441
"(0.8368686868686868, 1.0)",1,99.6605315147135,22442
"(0.9248366013071896, 1.0)",1,99.66051638046522,22443
"(0.883876357560568, 1.0)",1,99.66050391679684,22444
"(0.9168478260869564, 1.0)",1,99.66049240762628,22445
"(0.7502088554720134, 1.0)",1,99.66049180923324,22446
"(0.9264176245210728, 1.0)",1,99.6604518069248,22447
"(0.9230769230769232, 1.0)",1,99.66045066045066,22448
"(0.9135802469135802, 1.0)",1,99.66044741483338,22449
"(0.896551724137931, 1.0)",2,99.66044061302682,22451
"(0.919047619047619, 1.0)",1,99.66043771043772,22452
"(0.8867623604465709, 1.0)",1,99.66038790157212,22453
"(0.7555555555555554, 1.0)",1,99.66031746031746,22454
"(0.8151260504201681, 1.0)",1,99.660280895575,22455
"(0.9563953488372092, 1.0)",1,99.66027189824489,22456
"(0.8551296720061023, 1.0)",1,99.66026480714125,22457
"(0.9230769230769232, 1.0)",1,99.66025566025566,22458
"(0.8520449077786689, 1.0)",1,99.66025137301416,22459
"(0.8271652864044169, 1.0)",2,99.66021708820622,22461
"(0.8253968253968256, 1.0)",1,99.66017316017316,22462
"(0.8888888888888888, 1.0)",1,99.66017316017316,22463
"(0.9841269841269842, 1.0)",1,99.66017316017316,22464
"(0.8864468864468864, 1.0)",1,99.6601728680676,22465
"(0.8312992626493769, 1.0)",1,99.6601679428375,22466
"(0.9589484126984128, 1.0)",1,99.66008005883006,22467
"(0.8345959595959597, 1.0)",2,99.65999506559852,22469
"(0.833064949006978, 1.0)",1,99.6599047758468,22470
"(0.896551724137931, 1.0)",1,99.65989948748567,22471
"(0.9444444444444444, 1.0)",1,99.65988455988456,22472
"(0.8888888888888888, 1.0)",1,99.65986394557822,22473
"(0.9230769230769232, 1.0)",2,99.65981844242714,22475
"(0.9224211423699916, 1.0)",1,99.65978702311156,22476
"(0.9592592592592591, 1.0)",1,99.65975162700268,22477
"(0.8675136116152449, 1.0)",1,99.65969920380084,22478
"(0.8888888888888888, 1.0)",1,99.65969634230504,22479
"(0.9047619047619048, 1.0)",1,99.65969634230504,22480
"(0.9886710239651416, 1.0)",1,99.65963978929996,22481
"(0.8888888888888888, 1.0)",1,99.65961199294532,22482
"(0.9047619047619048, 1.0)",1,99.65961199294532,22483
"(0.9135802469135802, 1.0)",1,99.65961199294532,22484
"(0.9523809523809524, 1.0)",1,99.65961088719708,22485
"(0.7726400180668473, 1.0)",1,99.65956512999196,22486
"(0.8831064306064307, 1.0)",1,99.65951846764348,22487
"(0.9019607843137254, 1.0)",1,99.65951662958994,22488
"(0.8817204301075269, 1.0)",1,99.6594982078853,22489
"(0.8109668109668109, 1.0)",6,99.65946769280104,22495
"(0.9565217391304348, 1.0)",1,99.65942028985506,22496
"(0.909209656084656, 1.0)",1,99.65938471981237,22497
"(0.8520449077786689, 1.0)",1,99.65937967399697,22498
"(0.9230769230769232, 1.0)",1,99.65928515928516,22499
"(0.9466207660652104, 1.0)",1,99.65922428285072,22500
"(0.9135802469135802, 1.0)",1,99.65916403510606,22501
"(0.9333333333333332, 1.0)",1,99.65916305916306,22502
"(0.8616898148148148, 1.0)",1,99.6591009667756,22503
"(0.9168478260869564, 1.0)",1,99.65909352192662,22504
"(1.0, 1.0)",1,99.65908584169452,22505
"(0.9047619047619048, 1.0)",1,99.65907522429262,22506
"(0.9023809523809524, 1.0)",1,99.65904534062427,22507
"(0.9841269841269842, 1.0)",1,99.6589908749329,22508
"(0.9023569023569024, 1.0)",1,99.65897065897066,22509
"(0.8375771604938271, 1.0)",2,99.65885787671624,22511
"(1.0, 1.0)",1,99.658837894132,22512
"(0.9230769230769232, 1.0)",1,99.658837894132,22513
"(0.9589484126984128, 1.0)",1,99.65883345820846,22514
"(0.9565217391304348, 1.0)",1,99.65881944142814,22515
"(0.8468468468468467, 1.0)",1,99.65881265881264,22516
"(0.875, 1.0)",2,99.65873597728437,22518
"(0.8571428571428572, 1.0)",1,99.65873015873017,22519
"(0.8151260504201681, 1.0)",1,99.65872072734818,22520
"(0.8897707231040564, 1.0)",1,99.65872072734818,22521
"(0.8468468468468467, 1.0)",1,99.65869549202884,22522
"(0.9135802469135802, 1.0)",1,99.65863075196408,22523
"(0.821964821964822, 1.0)",1,99.65862199195531,22524
"(0.8893558268973552, 1.0)",1,99.65859922761692,22525
"(0.8439484126984128, 1.0)",1,99.65850281084656,22526
"(0.8013468013468013, 1.0)",1,99.65848965848966,22527
"(0.9206349206349206, 1.0)",1,99.65847041847042,22528
"(0.8518518518518519, 1.0)",1,99.6584617744038,22529
"(0.8616898148148148, 1.0)",1,99.65845982398808,22530
"(0.8888888888888888, 1.0)",1,99.6584564860427,22531
"(0.8469839324618735, 1.0)",1,99.65845552157236,22532
"(0.9407729468599032, 1.0)",1,99.65844352271672,22533
"(0.9696969696969696, 1.0)",1,99.65844155844157,22534
"(0.9109477124183006, 1.0)",1,99.65839967565974,22535
"(0.8376068376068376, 1.0)",1,99.65839099172432,22536
"(0.865079365079365, 1.0)",1,99.65835801625276,22537
"(0.9224211423699916, 1.0)",1,99.65835187830072,22538
"(0.9565217391304348, 1.0)",1,99.65834262356002,22539
"(0.8551296720061023, 1.0)",1,99.6582158784122,22540
"(0.8883205456095482, 1.0)",1,99.65816181545082,22541
"(0.9224211423699916, 1.0)",1,99.65806327801212,22542
"(0.8487103174603176, 1.0)",1,99.6580459094046,22543
"(0.8125, 1.0)",1,99.65802685296993,22544
"(0.8731060606060606, 1.0)",1,99.6580266955267,22545
"(0.8, 1.0)",4,99.65801751530653,22549
"(0.8571428571428572, 1.0)",1,99.65800865800864,22550
"(0.9230769230769232, 1.0)",1,99.65798460151284,22551
"(0.8112794612794614, 1.0)",1,99.65797258297258,22552
"(0.7200000000000001, 1.0)",1,99.65795093795094,22553
"(0.9589484126984128, 1.0)",1,99.65794351738796,22554
"(0.8551296720061023, 1.0)",1,99.65791446542669,22555
"(0.9135802469135802, 1.0)",1,99.65785529553644,22556
"(0.8888888888888888, 1.0)",2,99.6578273641092,22558
"(0.9565217391304348, 1.0)",2,99.65782044042912,22560
"(0.8468468468468467, 1.0)",1,99.65781365781366,22561
"(0.8750600325600326, 1.0)",1,99.65780230197832,22562
"(0.9023569023569024, 1.0)",1,99.65776815776816,22563
"(0.9047619047619048, 1.0)",1,99.6577666061537,22564
"(0.8817204301075269, 1.0)",3,99.6577666061537,22567
"(0.8498168498168498, 1.0)",1,99.65775335775336,22568
"(0.8893558268973552, 1.0)",1,99.65772949618253,22569
"(0.9565217391304348, 1.0)",1,99.65770019030889,22570
"(0.8521317829457364, 1.0)",1,99.65769976592006,22571
"(0.9142520753512132, 1.0)",1,99.657640523323,22572
"(0.8266666666666667, 1.0)",1,99.6576404976405,22573
"(0.9230769230769232, 1.0)",1,99.65762896523766,22574
"(0.9565217391304348, 1.0)",1,99.65760869565216,22575
"(0.9194577352472088, 1.0)",1,99.65760525600342,22576
"(0.8977777777777779, 1.0)",4,99.65759820426489,22580
"(0.8952020202020202, 1.0)",1,99.65759443052922,22581
"(0.8518518518518519, 1.0)",1,99.65757994018864,22582
"(0.833064949006978, 1.0)",1,99.6575520561028,22583
"(0.9444444444444444, 1.0)",1,99.65753184014054,22584
"(1.0, 1.0)",1,99.65752765752764,22585
"(0.8731060606060606, 1.0)",1,99.65751269771856,22586
"(0.9047619047619048, 1.0)",1,99.65748792270531,22587
"(0.8864468864468864, 1.0)",1,99.6574574850437,22588
"(0.8586378737541528, 1.0)",1,99.65744463956528,22589
"(0.7167919799498746, 1.0)",4,99.6574407032073,22593
"(0.8686868686868687, 1.0)",1,99.6574311653259,22594
"(0.9135802469135802, 1.0)",1,99.65742470654752,22595
"(0.7982954545454546, 1.0)",1,99.65742243867244,22596
"(0.8055555555555555, 1.0)",1,99.6574074074074,22597
"(0.7655874753001977, 1.0)",1,99.65738520292524,22598
"(0.896551724137931, 1.0)",4,99.657319799484,22602
"(0.8763636363636363, 1.0)",1,99.6573097433967,22603
"(0.9380032206119162, 1.0)",1,99.65729869637798,22604
"(0.875, 1.0)",1,99.65729297584136,22605
"(0.8439484126984128, 1.0)",1,99.65727858047302,22606
"(0.9230769230769232, 1.0)",1,99.65723548482168,22607
"(0.8468468468468467, 1.0)",1,99.65720607825872,22608
"(0.9135802469135802, 1.0)",1,99.65717381809336,22609
"(0.9230769230769232, 1.0)",1,99.65710897289844,22610
"(0.8888888888888888, 1.0)",1,99.65710678210678,22611
"(0.9666666666666668, 1.0)",1,99.65705931495404,22612
"(0.8864468864468864, 1.0)",1,99.6570562054433,22613
"(0.7840187590187591, 1.0)",2,99.65703441868764,22615
"(0.865079365079365, 1.0)",1,99.65699855699856,22616
"(0.909209656084656, 1.0)",1,99.65697979989868,22617
"(0.8468468468468467, 1.0)",2,99.65697881789836,22619
"(0.9135802469135802, 1.0)",1,99.65697881789836,22620
"(1.0, 1.0)",1,99.6569706729127,22621
"(0.8013468013468013, 1.0)",1,99.65690235690236,22622
"(0.7982954545454546, 1.0)",1,99.65688131313132,22623
"(0.875, 1.0)",1,99.65687893977368,22624
"(0.9023569023569024, 1.0)",1,99.656876892171,22625
"(0.8627450980392157, 1.0)",2,99.65687367477648,22627
"(0.896551724137931, 1.0)",1,99.6568691844554,22628
"(0.8952020202020202, 1.0)",2,99.65685622248122,22630
"(0.9168478260869564, 1.0)",1,99.656766747745,22631
"(0.865079365079365, 1.0)",1,99.65672250454858,22632
"(0.899875800993592, 1.0)",1,99.65670991021446,22633
"(0.8312992626493769, 1.0)",2,99.6567034624312,22635
"(0.8129629629629629, 1.0)",1,99.65667989417987,22636
"(0.8925865800865801, 1.0)",1,99.6566727443462,22637
"(0.9023569023569024, 1.0)",1,99.65664325504142,22638
"(0.8864468864468864, 1.0)",1,99.6566332218506,22639
"(0.8817204301075269, 1.0)",1,99.656620221674,22640
"(0.8518518518518519, 1.0)",1,99.65661375661377,22641
"(0.9841269841269842, 1.0)",1,99.65656565656566,22642
"(0.8888888888888888, 1.0)",2,99.65656565656566,22644
"(0.8592532467532467, 1.0)",1,99.65647546897549,22645
"(0.9696969696969696, 1.0)",1,99.65646945646948,22646
"(0.9135802469135802, 1.0)",1,99.65643738977072,22647
"(0.8897707231040564, 1.0)",1,99.65638752862246,22648
"(0.8253968253968256, 1.0)",1,99.65637743898614,22649
"(0.9047619047619048, 1.0)",1,99.65637743898614,22650
"(0.9047619047619048, 1.0)",2,99.65637065637064,22652
"(0.8803174603174604, 1.0)",1,99.65636363636364,22653
"(0.8112794612794614, 1.0)",1,99.65630744255743,22654
"(0.9135802469135802, 1.0)",1,99.6562491721912,22655
"(0.7707924493038034, 1.0)",1,99.65622786846508,22656
"(0.7822222222222222, 1.0)",1,99.6562000962001,22657
"(0.7167919799498746, 1.0)",2,99.6561859193438,22659
"(0.896551724137931, 1.0)",1,99.65616452425417,22660
"(0.833064949006978, 1.0)",2,99.6561090546598,22662
"(0.8339307048984469, 1.0)",1,99.65606509225024,22663
"(0.7200000000000001, 1.0)",1,99.65602693602692,22664
"(0.8502976190476191, 1.0)",1,99.65597582972585,22665
"(0.9104993386243384, 1.0)",1,99.65592748111318,22666
"(0.8897707231040564, 1.0)",3,99.65590445517982,22669
"(0.8991666666666667, 1.0)",1,99.6558870967742,22670
"(0.8763636363636363, 1.0)",1,99.65579129751173,22671
"(0.8831064306064307, 1.0)",2,99.65574804280686,22673
"(0.8264567669172932, 1.0)",2,99.65571009075396,22675
"(0.8616898148148148, 1.0)",1,99.65570957382111,22676
"(0.9224211423699916, 1.0)",1,99.65567275734205,22677
"(0.875, 1.0)",1,99.6556637806638,22678
"(0.8423371647509579, 1.0)",1,99.65563923305302,22679
"(0.958531746031746, 1.0)",1,99.65563231123716,22680
"(0.9230769230769232, 1.0)",1,99.65562205402024,22681
"(0.9444444444444444, 1.0)",1,99.65561631351105,22682
"(0.932852564102564, 1.0)",1,99.65558608058608,22683
"(0.9565217391304348, 1.0)",1,99.6555837881925,22684
"(0.947088068181818, 1.0)",1,99.65557652832176,22685
"(0.9444444444444444, 1.0)",1,99.65556048889384,22686
"(0.9444444444444444, 1.0)",1,99.65555555555557,22687
"(0.8915343915343915, 1.0)",2,99.65553964009848,22689
"(0.883580779054917, 1.0)",1,99.6555395610137,22690
"(0.8468468468468467, 1.0)",1,99.65546093806964,22691
"(0.8893558268973552, 1.0)",1,99.65544390708114,22692
"(0.8547544409613373, 1.0)",1,99.65543894792768,22693
"(0.9065438871473354, 1.0)",1,99.65539755919544,22694
"(0.9589484126984128, 1.0)",1,99.65535866910868,22695
"(0.8731060606060606, 1.0)",1,99.65533949745908,22696
"(0.865079365079365, 1.0)",1,99.65532771322243,22697
"(0.8858975827700768, 1.0)",1,99.6552973465754,22698
"(0.9135802469135802, 1.0)",2,99.65528298861632,22700
"(0.8888888888888888, 1.0)",2,99.65526919261292,22702
"(0.9224211423699916, 1.0)",1,99.65523803308162,22703
"(0.7869981325863679, 1.0)",1,99.65522543246688,22704
"(0.9565217391304348, 1.0)",1,99.65522043782912,22705
"(1.0, 1.0)",1,99.65522043782912,22706
"(0.9047619047619048, 1.0)",1,99.6551692035563,22707
"(0.936026936026936, 1.0)",1,99.65516273849607,22708
"(0.8312992626493769, 1.0)",1,99.65515132900144,22709
"(0.773034398034398, 1.0)",2,99.65514821917262,22711
"(0.9507101086048454, 1.0)",1,99.65514655623016,22712
"(0.8888888888888888, 1.0)",1,99.65512265512264,22713
"(0.8897707231040564, 1.0)",1,99.65508367102572,22714
"(0.9444444444444444, 1.0)",1,99.65506715506716,22715
"(0.8859337035751476, 1.0)",1,99.65502103151312,22716
"(0.8675136116152449, 1.0)",1,99.6550091817195,22717
"(0.9466207660652104, 1.0)",1,99.65500546194993,22718
"(0.8547544409613373, 1.0)",2,99.6549880238036,22720
"(0.7502088554720134, 1.0)",1,99.65497076023392,22721
"(0.9202401372212692, 1.0)",1,99.6549387836818,22722
"(0.8888888888888888, 1.0)",1,99.65493443754312,22723
"(0.9444444444444444, 1.0)",2,99.654895686865,22725
"(0.9507101086048454, 1.0)",1,99.65489481278956,22726
"(0.9351258309591644, 1.0)",1,99.65487100680728,22727
"(0.8822954822954823, 1.0)",1,99.6548255910756,22728
"(0.8368686868686868, 1.0)",1,99.65480812034734,22729
"(0.9302579365079364, 1.0)",2,99.6547978988604,22731
"(0.9841269841269842, 1.0)",1,99.65479013739883,22732
"(0.9841269841269842, 1.0)",1,99.65477175154597,22733
"(0.7167919799498746, 1.0)",3,99.65474291790082,22736
"(0.8817204301075269, 1.0)",1,99.6546882030753,22737
"(0.9841269841269842, 1.0)",1,99.65467865467866,22738
"(1.0, 1.0)",1,99.6546642899584,22739
"(0.9047619047619048, 1.0)",2,99.6546527609346,22741
"(0.7410714285714286, 1.0)",1,99.654651675485,22742
"(0.9135802469135802, 1.0)",1,99.6546507705928,22743
"(0.8468468468468467, 1.0)",1,99.65463905463906,22744
"(0.9192180611357128, 1.0)",1,99.65463610372788,22745
"(0.8977777777777779, 1.0)",1,99.65463203463204,22746
"(0.9027274557165862, 1.0)",1,99.654610990861,22747
"(0.8518518518518519, 1.0)",1,99.65460848219467,22748
"(0.9109477124183006, 1.0)",2,99.6546031473018,22750
"(0.909209656084656, 1.0)",1,99.65457418850563,22751
"(0.9306746031746032, 1.0)",2,99.65455464130096,22753
"(0.900854700854701, 1.0)",2,99.65454928213548,22755
"(0.8053221288515406, 1.0)",1,99.6545284780579,22756
"(0.9047619047619048, 1.0)",1,99.6545150755677,22757
"(0.7081939799331105, 1.0)",2,99.6544902762294,22759
"(0.8518518518518519, 1.0)",1,99.6544641820504,22760
"(0.8817204301075269, 1.0)",1,99.6544477028348,22761
"(0.9213117283950616, 1.0)",1,99.65441335413558,22762
"(0.7996201329534663, 1.0)",1,99.6543745739148,22763
"(0.808641975308642, 1.0)",1,99.65424082090748,22764
"(0.8952020202020202, 1.0)",2,99.65422119788916,22766
"(0.8487103174603176, 1.0)",1,99.65418262293262,22767
"(0.8376068376068376, 1.0)",1,99.65417588947,22768
"(0.8350168350168351, 1.0)",1,99.65416065416063,22769
"(0.896551724137931, 1.0)",1,99.65412748171369,22770
"(0.9019607843137254, 1.0)",2,99.65412155420704,22772
"(0.9142520753512132, 1.0)",1,99.65412030896944,22773
"(0.8425925925925927, 1.0)",1,99.65410052910052,22774
"(0.9047619047619048, 1.0)",2,99.65409035409036,22776
"(0.9465811965811968, 1.0)",1,99.65408525259836,22777
"(0.9206349206349206, 1.0)",1,99.6540404040404,22778
"(0.9507101086048454, 1.0)",1,99.65400681190155,22779
"(0.8078308130291714, 1.0)",1,99.6539524189776,22780
"(0.8583509513742072, 1.0)",1,99.65392841975287,22781
"(0.8803174603174604, 1.0)",1,99.65389355742298,22782
"(0.875, 1.0)",1,99.65382395382396,22783
"(0.8897707231040564, 1.0)",1,99.65381223714556,22784
"(0.8112491373360938, 1.0)",1,99.65379543363238,22785
"(0.8622222222222222, 1.0)",1,99.65370851370852,22786
"(0.7460317460317459, 1.0)",1,99.65367965367966,22787
"(0.9135802469135802, 1.0)",1,99.65363626932256,22788
"(0.9047619047619048, 1.0)",1,99.6536152020023,22789
"(0.9465811965811968, 1.0)",1,99.65358937996145,22790
"(0.8170426065162907, 1.0)",1,99.65355054302422,22791
"(0.8611111111111112, 1.0)",1,99.65352564102564,22792
"(0.8686868686868687, 1.0)",1,99.653509888804,22793
"(0.8046935824713601, 1.0)",1,99.65349649252428,22794
"(0.9230769230769232, 1.0)",2,99.65349526369016,22796
"(0.896551724137931, 1.0)",1,99.65349526369016,22797
"(0.9327096052096052, 1.0)",1,99.65345365282866,22798
"(0.8977777777777779, 1.0)",1,99.65342261603132,22799
"(0.9444444444444444, 1.0)",1,99.65339105339103,22800
"(0.8586378737541528, 1.0)",1,99.65338087336984,22801
"(0.7200000000000001, 1.0)",2,99.65333333333334,22803
"(0.9363636363636364, 1.0)",1,99.65331431853171,22804
"(1.0, 1.0)",1,99.6533032185206,22805
"(0.7167919799498746, 1.0)",1,99.6532999164578,22806
"(0.9230769230769232, 1.0)",1,99.65323565323564,22807
"(0.8063492063492064, 1.0)",1,99.6532212885154,22808
"(0.9327096052096052, 1.0)",1,99.6532076810425,22809
"(0.8368686868686868, 1.0)",1,99.65320263070262,22810
"(0.8013468013468013, 1.0)",1,99.65319865319866,22811
"(0.833064949006978, 1.0)",1,99.6531707691128,22812
"(0.896551724137931, 1.0)",1,99.65313230830472,22813
"(0.8469839324618735, 1.0)",1,99.65310964758456,22814
"(0.8109668109668109, 1.0)",1,99.65309135309136,22815
"(0.919047619047619, 1.0)",1,99.65307698837113,22816
"(0.7975164658278694, 1.0)",1,99.653076600138,22817
"(0.8468980343980343, 1.0)",1,99.65307351741176,22818
"(0.683375104427736, 1.0)",5,99.65307207412472,22823
"(0.7167919799498746, 1.0)",7,99.65307207412472,22830
"(0.865079365079365, 1.0)",1,99.65300781090257,22831
"(0.8817204301075269, 1.0)",1,99.6530047013918,22832
"(0.8468468468468467, 1.0)",1,99.65296821086297,22833
"(0.865079365079365, 1.0)",1,99.65295815295816,22834
"(0.9841269841269842, 1.0)",1,99.65294062662484,22835
"(0.8423371647509579, 1.0)",1,99.65291316282696,22836
"(0.8266666666666667, 1.0)",1,99.65289891395156,22837
"(0.8864468864468864, 1.0)",1,99.65288571078044,22838
"(0.8870701058201058, 1.0)",1,99.65287189662187,22839
"(0.9171090534979424, 1.0)",1,99.65286403925292,22840
"(0.875, 1.0)",1,99.65277777777776,22841
"(0.9023569023569024, 1.0)",1,99.65271765271766,22842
"(0.9696969696969696, 1.0)",1,99.65269894102846,22843
"(0.734139194139194, 1.0)",1,99.65265771265771,22844
"(0.8817204301075269, 1.0)",1,99.65250318637123,22845
"(0.9230769230769232, 1.0)",1,99.65250305250304,22846
"(0.8675136116152449, 1.0)",1,99.65249529659692,22847
"(0.947088068181818, 1.0)",1,99.65247511243984,22848
"(0.9264176245210728, 1.0)",1,99.65246803244648,22849
"(0.8, 1.0)",1,99.6524374176548,22850
"(0.8055555555555555, 1.0)",1,99.65242763772176,22851
"(0.904126984126984, 1.0)",1,99.6524259523748,22852
"(0.8055555555555555, 1.0)",4,99.6524024024024,22856
"(0.9047619047619048, 1.0)",1,99.65238095238097,22857
"(0.9019607843137254, 1.0)",1,99.65235978112176,22858
"(0.8592532467532467, 1.0)",1,99.65233603542428,22859
"(0.9565217391304348, 1.0)",2,99.65230804511164,22861
"(0.8078308130291714, 1.0)",1,99.65225440316378,22862
"(0.9841269841269842, 1.0)",1,99.65223665223664,22863
"(0.7777777777777776, 1.0)",4,99.65223665223664,22867
"(0.8109668109668109, 1.0)",1,99.65223665223664,22868
"(0.9135802469135802, 1.0)",1,99.65222722085468,22869
"(0.9168478260869564, 1.0)",1,99.65219275893188,22870
"(0.7611111111111112, 1.0)",1,99.65218253968254,22871
"(0.8319664902998236, 1.0)",1,99.65214209264948,22872
"(0.7555555555555554, 1.0)",1,99.6521072796935,22873
"(0.9841269841269842, 1.0)",1,99.65204843465712,22874
"(0.9565217391304348, 1.0)",1,99.65204843465712,22875
"(0.8888888888888888, 1.0)",1,99.65204843465712,22876
"(0.9674603174603176, 1.0)",1,99.65202821869488,22877
"(0.8375771604938271, 1.0)",1,99.65202517953986,22878
"(0.9407729468599032, 1.0)",1,99.65192131048413,22879
"(0.958531746031746, 1.0)",1,99.65191404417072,22880
"(0.9023569023569024, 1.0)",1,99.6519020432064,22881
"(0.9135802469135802, 1.0)",1,99.65189547070976,22882
"(0.896551724137931, 1.0)",1,99.65187943736038,22883
"(0.9104993386243384, 1.0)",1,99.65187722239752,22884
"(0.8518518518518519, 1.0)",1,99.65185185185186,22885
"(0.683375104427736, 1.0)",11,99.6516290726817,22896
"(0.7162037037037038, 1.0)",1,99.65159143518518,22897
"(0.8817204301075269, 1.0)",1,99.6515616999488,22898
"(0.9230769230769232, 1.0)",1,99.65154260943734,22899
"(0.8857001484413657, 1.0)",1,99.65153477923664,22900
"(0.9444444444444444, 1.0)",1,99.65151515151516,22901
"(0.8970659722222223, 1.0)",1,99.65144464086282,22902
"(0.7982954545454546, 1.0)",1,99.6513689178138,22903
"(0.9135802469135802, 1.0)",1,99.6513253449528,22904
"(0.7650293586269196, 1.0)",2,99.651294932957,22906
"(0.9230769230769232, 1.0)",1,99.65121545121544,22907
"(0.8817204301075269, 1.0)",1,99.6511931071889,22908
"(0.9135802469135802, 1.0)",1,99.65117396998824,22909
"(0.8817204301075269, 1.0)",1,99.65110601528258,22910
"(0.9224211423699916, 1.0)",1,99.6511022043844,22911
"(0.8518518518518519, 1.0)",1,99.65108643369511,22912
"(0.8067271451483561, 1.0)",2,99.65106256506417,22914
"(0.9214340198321892, 1.0)",1,99.65104654995622,22915
"(0.7279693486590039, 1.0)",1,99.65104627173594,22916
"(0.9135802469135802, 1.0)",1,99.65103321956146,22917
"(0.9194577352472088, 1.0)",1,99.65103158276308,22918
"(0.8170426065162907, 1.0)",1,99.65102993173168,22919
"(0.8666666666666667, 1.0)",2,99.65101851851853,22921
"(0.8925865800865801, 1.0)",1,99.65099623974623,22922
"(0.8883205456095482, 1.0)",1,99.65099335666946,22923
"(0.8376068376068376, 1.0)",1,99.65098283359151,22924
"(0.7840187590187591, 1.0)",2,99.65097931283276,22926
"(0.8888888888888888, 1.0)",1,99.65096513568736,22927
"(0.9135802469135802, 1.0)",1,99.65095398428733,22928
"(0.8897707231040564, 1.0)",1,99.6508700888546,22929
"(0.8763636363636363, 1.0)",1,99.65085795924506,22930
"(0.683375104427736, 1.0)",1,99.65083542188805,22931
"(0.8803174603174604, 1.0)",1,99.65083462431288,22932
"(0.8817204301075269, 1.0)",1,99.6508290992162,22933
"(0.875, 1.0)",1,99.65081833371306,22934
"(0.8520449077786689, 1.0)",1,99.6508030093782,22935
"(0.9444444444444444, 1.0)",1,99.65079365079364,22936
"(0.7460317460317459, 1.0)",1,99.65079365079364,22937
"(1.0, 1.0)",2,99.65079365079364,22939
"(0.9565217391304348, 1.0)",1,99.65078857630007,22940
"(0.8368686868686868, 1.0)",1,99.65078791429598,22941
"(0.9047619047619048, 1.0)",1,99.6507657667078,22942
"(0.8415692007797271, 1.0)",2,99.65075864816362,22944
"(0.7975164658278694, 1.0)",1,99.65075472640989,22945
"(0.8468468468468467, 1.0)",1,99.65074343335212,22946
"(0.8611111111111112, 1.0)",1,99.65070818070818,22947
"(0.9592592592592591, 1.0)",1,99.65068860877685,22948
"(0.8616898148148148, 1.0)",2,99.6506712962963,22950
"(0.9230769230769232, 1.0)",1,99.65062812431232,22951
"(0.9841269841269842, 1.0)",1,99.65060543321412,22952
"(0.8468468468468467, 1.0)",1,99.65060247818867,22953
"(0.7765567765567766, 1.0)",6,99.65055996634943,22959
"(0.8900759734093067, 1.0)",2,99.65055877764212,22961
"(0.958531746031746, 1.0)",1,99.65053347224904,22962
"(0.8977777777777779, 1.0)",1,99.65050808840284,22963
"(0.8518518518518519, 1.0)",1,99.65047885414018,22964
"(0.9565217391304348, 1.0)",1,99.65047885414018,22965
"(0.9740143369175628, 1.0)",1,99.65045441838043,22966
"(0.8518518518518519, 1.0)",1,99.6504425314494,22967
"(0.8170426065162907, 1.0)",2,99.65037593984962,22969
"(0.8991666666666667, 1.0)",1,99.65035375118708,22970
"(0.9841269841269842, 1.0)",1,99.65033611375074,22971
"(0.8817204301075269, 1.0)",1,99.65031946392396,22972
"(0.9047619047619048, 1.0)",1,99.65031258880364,22973
"(0.9135802469135802, 1.0)",1,99.65027798361132,22974
"(0.8312992626493769, 1.0)",1,99.65027317646704,22975
"(0.9523809523809524, 1.0)",1,99.65024745075895,22976
"(1.0, 1.0)",2,99.65024630541872,22978
"(1.0, 1.0)",1,99.65021543282413,22979
"(0.8468468468468467, 1.0)",1,99.65021543282413,22980
"(0.8375771604938271, 1.0)",2,99.65016592868604,22982
"(0.8350168350168351, 1.0)",2,99.65011765011764,22984
"(0.8888888888888888, 1.0)",1,99.65011012379432,22985
"(0.9172932330827066, 1.0)",1,99.65009746588694,22986
"(0.8831064306064307, 1.0)",1,99.65008247411023,22987
"(0.9213117283950616, 1.0)",1,99.65003679255416,22988
"(0.8518518518518519, 1.0)",1,99.65003670793143,22989
"(0.9230769230769232, 1.0)",1,99.6500341091134,22990
"(0.9333333333333332, 1.0)",1,99.6500109793588,22991
"(0.8817204301075269, 1.0)",1,99.6499743983615,22992
"(0.8309016086793863, 1.0)",1,99.64990587087809,22993
"(0.8270202020202021, 1.0)",1,99.64989177489178,22994
"(0.9696969696969696, 1.0)",1,99.64988393249264,22995
"(0.8468468468468467, 1.0)",1,99.64987714987714,22996
"(0.9666666666666668, 1.0)",1,99.64986034108844,22997
"(0.8611111111111112, 1.0)",2,99.64975529100528,22999
"(0.9841269841269842, 1.0)",1,99.64973544973546,23000
"(0.9841269841269842, 1.0)",1,99.64971482512712,23001
"(0.9019607843137254, 1.0)",1,99.6496863303726,23002
"(0.9194577352472088, 1.0)",1,99.64961646540594,23003
"(0.8345959595959597, 1.0)",1,99.64959716209717,23004
"(0.8376068376068376, 1.0)",1,99.64957264957263,23005
"(0.875, 1.0)",1,99.64947406394776,23006
"(0.8312992626493769, 1.0)",1,99.64946165581176,23007
"(0.8129629629629629, 1.0)",1,99.64945286195288,23008
"(0.7996201329534663, 1.0)",2,99.64943698277033,23010
"(0.7975164658278694, 1.0)",1,99.64943401578752,23011
"(0.8376068376068376, 1.0)",2,99.6494090704617,23013
"(0.875, 1.0)",1,99.64931457431456,23014
"(0.9047619047619048, 1.0)",1,99.64926096920982,23015
"(0.9565217391304348, 1.0)",1,99.6492400302469,23016
"(0.9696969696969696, 1.0)",1,99.64920898020478,23017
"(0.7460317460317459, 1.0)",1,99.64920634920637,23018
"(0.8571428571428572, 1.0)",1,99.64920634920637,23019
"(0.865079365079365, 1.0)",1,99.64920634920637,23020
"(0.909209656084656, 1.0)",1,99.64919979237038,23021
"(0.8518518518518519, 1.0)",1,99.64916243177112,23022
"(0.9465811965811968, 1.0)",1,99.64906622741805,23023
"(0.9465811965811968, 1.0)",1,99.6490594656666,23024
"(0.8339307048984469, 1.0)",2,99.6490567553186,23026
"(0.7705882352941177, 1.0)",1,99.64901416122004,23027
"(0.9172932330827066, 1.0)",1,99.64900186734889,23028
"(0.8468468468468467, 1.0)",1,99.64898588428,23029
"(0.8264567669172932, 1.0)",1,99.64897660818713,23030
"(0.9224211423699916, 1.0)",1,99.64897236892122,23031
"(0.8338275775775775, 1.0)",1,99.64893638454124,23032
"(0.896551724137931, 1.0)",1,99.64893267651888,23033
"(0.9363636363636364, 1.0)",1,99.64891774891775,23034
"(0.9230769230769232, 1.0)",1,99.64890664890665,23035
"(0.8332521117608837, 1.0)",1,99.64890048966733,23036
"(0.883580779054917, 1.0)",1,99.64885074892558,23037
"(0.9224211423699916, 1.0)",1,99.64883854217447,23038
"(0.9289529914529916, 1.0)",1,99.6488030454189,23039
"(0.8970659722222223, 1.0)",1,99.64879234937705,23040
"(0.909209656084656, 1.0)",1,99.64878967376812,23041
"(0.8915343915343915, 1.0)",1,99.64876258747226,23042
"(0.8611111111111112, 1.0)",1,99.64873015873016,23043
"(0.947088068181818, 1.0)",1,99.64872165729386,23044
"(0.8319664902998236, 1.0)",1,99.64868305934723,23045
"(0.9444444444444444, 1.0)",1,99.64864781297696,23046
"(0.936026936026936, 1.0)",1,99.64864180653656,23047
"(0.896551724137931, 1.0)",1,99.64859850776368,23048
"(0.7705882352941177, 1.0)",2,99.64857434640524,23050
"(0.7650293586269196, 1.0)",1,99.64851480836236,23051
"(0.9351258309591644, 1.0)",1,99.64848606372158,23052
"(0.9168478260869564, 1.0)",1,99.64848460253148,23053
"(0.8510802469135802, 1.0)",1,99.6484658678286,23054
"(0.8498168498168498, 1.0)",1,99.64846313107182,23055
"(0.8571428571428572, 1.0)",1,99.6484593837535,23056
"(0.833064949006978, 1.0)",1,99.648456964399,23057
"(0.8888888888888888, 1.0)",1,99.6484112016934,23058
"(0.8616898148148148, 1.0)",1,99.6484057646356,23059
"(1.0, 1.0)",1,99.64838864838865,23060
"(0.9444444444444444, 1.0)",1,99.64834054834054,23061
"(0.9047619047619048, 1.0)",1,99.6483337974566,23062
"(0.8873002904865649, 1.0)",1,99.64833203651833,23063
"(0.865079365079365, 1.0)",1,99.64831035845528,23064
"(0.7410714285714286, 1.0)",2,99.64827533577534,23066
"(0.6944444444444445, 1.0)",1,99.6482683982684,23067
"(0.8055555555555555, 1.0)",1,99.6482683982684,23068
"(0.75, 1.0)",1,99.6482683982684,23069
"(0.8498168498168498, 1.0)",1,99.64822954822957,23070
"(0.8529040404040403, 1.0)",1,99.64821971394048,23071
"(0.896551724137931, 1.0)",1,99.64821769575276,23072
"(0.7544006919006919, 1.0)",2,99.64820411070411,23074
"(0.9289529914529916, 1.0)",1,99.64816758109278,23075
"(0.8740392648287385, 1.0)",1,99.64814554502198,23076
"(0.9047619047619048, 1.0)",1,99.6481317164547,23077
"(0.8817204301075269, 1.0)",1,99.64811342408672,23078
"(0.9023569023569024, 1.0)",1,99.64810004810003,23079
"(0.9696969696969696, 1.0)",1,99.64806798140133,23080
"(0.9565217391304348, 1.0)",1,99.648033126294,23081
"(0.8502976190476191, 1.0)",1,99.64800728785104,23082
"(0.8571428571428572, 1.0)",2,99.64799253034548,23084
"(0.9023809523809524, 1.0)",1,99.64796869796872,23085
"(0.8350168350168351, 1.0)",1,99.6479491658439,23086
"(0.8883205456095482, 1.0)",1,99.6479165052055,23087
"(0.8253968253968256, 1.0)",4,99.64790764790764,23091
"(1.0, 1.0)",1,99.64790764790764,23092
"(0.899875800993592, 1.0)",1,99.64787370762,23093
"(0.7650293586269196, 1.0)",1,99.64786666021422,23094
"(0.9224211423699916, 1.0)",1,99.64785341618936,23095
"(0.9109477124183006, 1.0)",1,99.64785247432306,23096
"(0.9135802469135802, 1.0)",2,99.6478401390682,23098
"(0.8977777777777779, 1.0)",2,99.64782446311858,23100
"(0.9674603174603176, 1.0)",2,99.64781271360218,23102
"(0.947088068181818, 1.0)",1,99.647796720943,23103
"(0.8893558268973552, 1.0)",1,99.64778401708308,23104
"(0.8468468468468467, 1.0)",1,99.64771264771264,23105
"(0.8468468468468467, 1.0)",1,99.64770154770154,23106
"(0.7555555555555554, 1.0)",1,99.64767366762251,23107
"(0.8170426065162907, 1.0)",1,99.64766081871343,23108
"(0.9306746031746032, 1.0)",1,99.647628517316,23109
"(0.7460317460317459, 1.0)",1,99.64761904761905,23110
"(0.9213117283950616, 1.0)",1,99.64758705446036,23111
"(0.833064949006978, 1.0)",1,99.64758424613495,23112
"(0.8817204301075269, 1.0)",1,99.64758205386389,23113
"(0.8332521117608837, 1.0)",1,99.64754901855778,23114
"(0.9194577352472088, 1.0)",1,99.64754816333765,23115
"(0.9674603174603176, 1.0)",1,99.6475006961849,23116
"(0.9023569023569024, 1.0)",1,99.64747214747214,23117
"(1.0, 1.0)",1,99.64746747505367,23118
"(0.896551724137931, 1.0)",1,99.64746747505367,23119
"(0.8053221288515406, 1.0)",1,99.64742739200943,23120
"(0.8952020202020202, 1.0)",1,99.64738690670144,23121
"(0.740829346092504, 1.0)",2,99.64737747258948,23123
"(0.773034398034398, 1.0)",1,99.64737302237302,23124
"(0.821964821964822, 1.0)",1,99.64736164736163,23125
"(0.8888888888888888, 1.0)",1,99.64734537493158,23126
"(0.9047619047619048, 1.0)",1,99.64734299516908,23127
"(0.8468980343980343, 1.0)",1,99.64729485979488,23128
"(0.9302579365079364, 1.0)",1,99.64727894790394,23129
"(1.0, 1.0)",1,99.64727542988412,23130
"(0.9047619047619048, 1.0)",2,99.647266313933,23132
"(0.8376068376068376, 1.0)",1,99.64720204000564,23133
"(0.9065438871473354, 1.0)",1,99.6471991578026,23134
"(0.8, 1.0)",1,99.6471968497544,23135
"(0.9194577352472088, 1.0)",1,99.64718020347313,23136
"(0.896551724137931, 1.0)",1,99.64717829055397,23137
"(0.9168478260869564, 1.0)",1,99.64709783382234,23138
"(0.9135802469135802, 1.0)",4,99.64708674042006,23142
"(0.9445350241545892, 1.0)",1,99.64703301127214,23143
"(0.8518518518518519, 1.0)",1,99.64699792960664,23144
"(0.9364583333333332, 1.0)",1,99.646962834279,23145
"(0.9589484126984128, 1.0)",1,99.64695631392205,23146
"(0.9023569023569024, 1.0)",1,99.64691098024431,23147
"(0.8170426065162907, 1.0)",1,99.6468745392894,23148
"(0.9589484126984128, 1.0)",1,99.64683982683982,23149
"(0.8705805822084891, 1.0)",1,99.64681442937992,23150
"(0.9224211423699916, 1.0)",2,99.64680786675672,23152
"(0.9674603174603176, 1.0)",1,99.6467418546366,23153
"(0.9023569023569024, 1.0)",1,99.64665704665708,23154
"(0.9109477124183006, 1.0)",1,99.64661790642182,23155
"(0.9841269841269842, 1.0)",2,99.64661039443648,23157
"(0.9230769230769232, 1.0)",1,99.64659784659784,23158
"(0.8883205456095482, 1.0)",1,99.6465977622201,23159
"(0.9135802469135802, 1.0)",1,99.64659709587248,23160
"(0.896551724137931, 1.0)",3,99.64655172413794,23163
"(0.9444444444444444, 1.0)",1,99.64653546232492,23164
"(0.8468468468468467, 1.0)",1,99.64650293700636,23165
"(0.9047619047619048, 1.0)",1,99.64649572649571,23166
"(0.936026936026936, 1.0)",1,99.64648226643112,23167
"(0.8518518518518519, 1.0)",1,99.64646882907752,23168
"(0.9047619047619048, 1.0)",1,99.64646464646464,23169
"(0.8571428571428572, 1.0)",1,99.64646464646464,23170
"(0.9380032206119162, 1.0)",1,99.6464494202862,23171
"(0.9333333333333332, 1.0)",1,99.646437705517,23172
"(0.9135802469135802, 1.0)",1,99.64643676237878,23173
"(0.8977777777777779, 1.0)",1,99.646341241395,23174
"(0.751918158567775, 1.0)",1,99.646318685577,23175
"(0.896551724137931, 1.0)",1,99.64631829743392,23176
"(0.9696969696969696, 1.0)",1,99.64628427128427,23177
"(0.8692635658914728, 1.0)",1,99.6462431478884,23178
"(0.9230769230769232, 1.0)",1,99.64618097951433,23179
"(0.919047619047619, 1.0)",1,99.64617867717448,23180
"(0.9224211423699916, 1.0)",1,99.64616886611772,23181
"(0.8551296720061023, 1.0)",1,99.6461560310264,23182
"(0.875, 1.0)",1,99.64611718690666,23183
"(0.808641975308642, 1.0)",1,99.64611609539143,23184
"(0.896551724137931, 1.0)",1,99.64611080703034,23185
"(0.8627450980392157, 1.0)",1,99.64610666400948,23186
"(0.9565217391304348, 1.0)",1,99.64610666400948,23187
"(0.8888888888888888, 1.0)",1,99.6460882113056,23188
"(1.0, 1.0)",1,99.64607464607464,23189
"(0.875, 1.0)",1,99.64599567099567,23190
"(0.9289529914529916, 1.0)",1,99.64596272291394,23191
"(0.8750600325600326, 1.0)",1,99.64595505100064,23192
"(0.9230769230769232, 1.0)",1,99.64590964590964,23193
"(0.9351258309591644, 1.0)",1,99.64590104661283,23194
"(0.7555555555555554, 1.0)",1,99.64588744588744,23195
"(0.9465811965811968, 1.0)",1,99.64583375588305,23196
"(0.8831064306064307, 1.0)",1,99.6458140841967,23197
"(1.0, 1.0)",1,99.64579542840411,23198
"(0.9047619047619048, 1.0)",1,99.64576968924794,23199
"(0.875, 1.0)",1,99.64572310405644,23200
"(0.9230769230769232, 1.0)",2,99.6457065810007,23202
"(0.8542199488491048, 1.0)",2,99.6456507402799,23204
"(0.740829346092504, 1.0)",2,99.6455912508544,23206
"(0.9202401372212692, 1.0)",2,99.645542457517,23208
"(0.9230769230769232, 1.0)",1,99.64551836342116,23209
"(0.8925865800865801, 1.0)",1,99.64549963924964,23210
"(0.8264567669172932, 1.0)",1,99.64547814357464,23211
"(0.8897707231040564, 1.0)",1,99.64547320980232,23212
"(0.8465418823841762, 1.0)",1,99.64546434880664,23213
"(0.9027274557165862, 1.0)",1,99.64542980852532,23214
"(0.8900759734093067, 1.0)",1,99.6454215018646,23215
"(0.9696969696969696, 1.0)",2,99.64538952530214,23217
"(0.9243650793650792, 1.0)",1,99.6453468547913,23218
"(0.8977777777777779, 1.0)",1,99.64534070867404,23219
"(0.7496650452295612, 1.0)",1,99.64528063334517,23220
"(0.89, 1.0)",1,99.6452768329554,23221
"(0.8857001484413657, 1.0)",1,99.6452530358446,23222
"(0.8977777777777779, 1.0)",2,99.64525252525252,23224
"(0.8822954822954823, 1.0)",1,99.64524615883312,23225
"(0.7765567765567766, 1.0)",2,99.64524364524364,23227
"(0.909722222222222, 1.0)",1,99.64523689824031,23228
"(0.8803174603174604, 1.0)",1,99.64519841269842,23229
"(0.9, 1.0)",1,99.64516000145292,23230
"(0.896551724137931, 1.0)",1,99.64509733057828,23231
"(0.7555555555555554, 1.0)",1,99.6450937950938,23232
"(0.8686868686868687, 1.0)",2,99.64507626502512,23234
"(0.9841269841269842, 1.0)",1,99.64505961874384,23235
"(0.8888888888888888, 1.0)",1,99.64502164502164,23236
"(0.773034398034398, 1.0)",2,99.64501963501964,23238
"(0.9230769230769232, 1.0)",1,99.64498843015468,23239
"(0.8521317829457364, 1.0)",1,99.64497345411976,23240
"(0.8774509803921569, 1.0)",1,99.64497234791352,23241
"(0.9563953488372092, 1.0)",1,99.64494437764549,23242
"(0.8468468468468467, 1.0)",1,99.64492376992376,23243
"(0.8498168498168498, 1.0)",2,99.64491064491064,23245
"(0.9023569023569024, 1.0)",1,99.64484190273664,23246
"(0.8376068376068376, 1.0)",1,99.6447963800905,23247
"(0.9841269841269842, 1.0)",1,99.64477792738664,23248
"(0.865079365079365, 1.0)",1,99.64474570264044,23249
"(0.8888888888888888, 1.0)",1,99.6447326472902,23250
"(0.8, 1.0)",1,99.64469696969697,23251
"(0.875, 1.0)",1,99.64469696969697,23252
"(0.8487103174603176, 1.0)",1,99.64463953444216,23253
"(0.875, 1.0)",1,99.64458152958152,23254
"(0.8067271451483561, 1.0)",1,99.64457450477032,23255
"(0.9023809523809524, 1.0)",1,99.64449345703936,23256
"(0.9507101086048454, 1.0)",1,99.64445427293724,23257
"(0.8, 1.0)",1,99.64444444444445,23258
"(0.8888888888888888, 1.0)",1,99.64435242696112,23259
"(0.9365750528541228, 1.0)",1,99.6443494743914,23260
"(0.8600272232304901, 1.0)",1,99.64428969999295,23261
"(0.8803174603174604, 1.0)",1,99.64427338519292,23262
"(0.833064949006978, 1.0)",1,99.64423068012157,23263
"(0.909209656084656, 1.0)",1,99.64421433696394,23264
"(0.8112491373360938, 1.0)",1,99.64416580400275,23265
"(0.8813492063492063, 1.0)",1,99.64414229659708,23266
"(0.8520449077786689, 1.0)",1,99.64411958797116,23267
"(0.8952020202020202, 1.0)",2,99.64407828282827,23269
"(0.8013468013468013, 1.0)",1,99.64405964405964,23270
"(0.7782392026578072, 1.0)",1,99.64403696782249,23271
"(0.9, 1.0)",1,99.64398875977824,23272
"(0.8498168498168499, 1.0)",1,99.64396130185604,23273
"(0.9565217391304348, 1.0)",1,99.6438848024668,23274
"(0.904126984126984, 1.0)",1,99.64387210559254,23275
"(0.8, 1.0)",1,99.64384751051418,23276
"(0.8402777777777779, 1.0)",2,99.64384136395006,23278
"(0.9465811965811968, 1.0)",1,99.64382474521364,23279
"(0.896551724137931, 1.0)",1,99.64379862927956,23280
"(0.9364583333333332, 1.0)",1,99.64378483068766,23281
"(0.9135802469135802, 1.0)",1,99.6437389770723,23282
"(0.8888888888888888, 1.0)",1,99.6437389770723,23283
"(0.8547544409613373, 1.0)",1,99.64371824782796,23284
"(1.0, 1.0)",2,99.64365682626551,23286
"(0.8163854689162486, 1.0)",1,99.6436279938332,23287
"(0.7777777777777776, 1.0)",1,99.64362519201228,23288
"(0.8705805822084891, 1.0)",1,99.64360481345948,23289
"(0.8518518518518519, 1.0)",1,99.64360395939345,23290
"(1.0, 1.0)",1,99.64357864357864,23291
"(0.896551724137931, 1.0)",1,99.64355458708285,23292
"(0.8791208791208792, 1.0)",1,99.6434947768281,23293
"(0.7496650452295612, 1.0)",1,99.64346134152586,23294
"(0.9380032206119162, 1.0)",1,99.64346116136396,23295
"(0.9841269841269842, 1.0)",1,99.64339042599912,23296
"(0.8350168350168351, 1.0)",1,99.64339042599912,23297
"(0.8571428571428572, 1.0)",1,99.64338364338364,23298
"(0.7616334283000951, 1.0)",1,99.64335385840762,23299
"(0.8888888888888888, 1.0)",1,99.64335080124552,23300
"(0.9230769230769232, 1.0)",1,99.64329149111758,23301
"(0.865079365079365, 1.0)",1,99.64329068676896,23302
"(0.8468468468468467, 1.0)",2,99.6432633932634,23304
"(0.7625830959164293, 1.0)",1,99.64326180418136,23305
"(0.9224211423699916, 1.0)",1,99.6432500210936,23306
"(0.9696969696969696, 1.0)",1,99.64323934323934,23307
"(0.8266666666666667, 1.0)",2,99.64321048321048,23309
"(0.9047619047619048, 1.0)",1,99.6431752415734,23310
"(0.9230769230769232, 1.0)",1,99.64311460144792,23311
"(0.9023569023569024, 1.0)",1,99.64309764309763,23312
"(0.936026936026936, 1.0)",1,99.64309764309763,23313
"(0.8915343915343915, 1.0)",1,99.64309033111452,23314
"(0.7200000000000001, 1.0)",1,99.64307692307692,23315
"(0.8681932021466906, 1.0)",1,99.64297538350826,23316
"(0.8731060606060606, 1.0)",1,99.64296868466803,23317
"(0.8831018518518517, 1.0)",2,99.64294069839708,23319
"(0.9565217391304348, 1.0)",1,99.64292853573214,23320
"(0.896551724137931, 1.0)",1,99.64292853573212,23321
"(0.9224211423699916, 1.0)",1,99.64291176286062,23322
"(0.8571428571428572, 1.0)",1,99.64285714285714,23323
"(0.8312992626493769, 1.0)",1,99.64284440153828,23324
"(0.8705805822084891, 1.0)",1,99.64282958187158,23325
"(0.875, 1.0)",1,99.64280019576267,23326
"(0.8527777777777779, 1.0)",1,99.64279828358777,23327
"(0.8518518518518519, 1.0)",1,99.6427829537612,23328
"(0.9674603174603176, 1.0)",1,99.64277713615282,23329
"(1.0, 1.0)",1,99.64277606382868,23330
"(0.75, 1.0)",1,99.64277389277387,23331
"(0.7141994478951, 1.0)",2,99.64277087646651,23333
"(0.9565217391304348, 1.0)",1,99.6427693079867,23334
"(0.8551296720061023, 1.0)",1,99.64276150026294,23335
"(0.8791208791208792, 1.0)",1,99.6427206780148,23336
"(0.8822954822954823, 1.0)",1,99.6426923861163,23337
"(0.8731060606060606, 1.0)",1,99.64269120948045,23338
"(0.9047619047619048, 1.0)",1,99.64265364265364,23339
"(0.875, 1.0)",1,99.64263347763348,23340
"(0.9, 1.0)",1,99.64262930052404,23341
"(0.833064949006978, 1.0)",1,99.6425887585308,23342
"(0.896551724137931, 1.0)",1,99.64258347016968,23343
"(0.8888888888888888, 1.0)",1,99.64258347016968,23344
"(0.8873002904865649, 1.0)",1,99.64257145450772,23345
"(0.8991666666666667, 1.0)",1,99.64255709266578,23346
"(0.9109477124183006, 1.0)",1,99.64254944402003,23347
"(0.8129898303922073, 1.0)",1,99.64253388307203,23348
"(1.0, 1.0)",1,99.64248500037974,23349
"(0.8817204301075269, 1.0)",1,99.64243471582182,23350
"(0.875, 1.0)",1,99.64242581090409,23351
"(0.932852564102564, 1.0)",2,99.64241291887126,23353
"(0.9023809523809524, 1.0)",1,99.64241285030758,23354
"(0.9023809523809524, 1.0)",1,99.64237867395762,23355
"(0.9565217391304348, 1.0)",1,99.64234424995294,23356
"(0.8518518518518519, 1.0)",2,99.64232804232805,23358
"(0.8616898148148148, 1.0)",1,99.6421359660943,23359
"(0.9047619047619048, 1.0)",1,99.64213564213564,23360
"(0.8345959595959597, 1.0)",1,99.64209394671352,23361
"(0.8332521117608837, 1.0)",1,99.64207928404394,23362
"(0.7200000000000001, 1.0)",1,99.64207792207792,23363
"(0.9135802469135802, 1.0)",1,99.6420681332962,23364
"(0.896551724137931, 1.0)",1,99.64203612479474,23365
"(0.8977777777777779, 1.0)",1,99.64193362193365,23366
"(0.9478270609318996, 1.0)",1,99.64189725711071,23367
"(0.8817204301075269, 1.0)",1,99.64189359028067,23368
"(0.8831018518518517, 1.0)",1,99.64187022752066,23369
"(0.9172932330827066, 1.0)",1,99.6418567251462,23370
"(0.8163854689162486, 1.0)",1,99.6418554621331,23371
"(0.9444444444444444, 1.0)",1,99.64185086943708,23372
"(0.896551724137931, 1.0)",1,99.64180646939268,23373
"(0.7708333333333334, 1.0)",1,99.6417809042809,23374
"(0.9142520753512132, 1.0)",2,99.64176218471616,23376
"(0.9220333929636256, 1.0)",1,99.64175775134724,23377
"(0.8571428571428572, 1.0)",1,99.64171958222302,23378
"(0.8333333333333334, 1.0)",1,99.64170692431564,23379
"(0.8627450980392157, 1.0)",2,99.6416772769714,23381
"(0.8888888888888888, 1.0)",1,99.64165464165464,23382
"(0.8622222222222222, 1.0)",1,99.64164835164834,23383
"(0.8970659722222223, 1.0)",1,99.64162997303625,23384
"(0.8750600325600326, 1.0)",1,99.641606107813,23385
"(0.8675136116152449, 1.0)",1,99.6415999903528,23386
"(0.8375771604938271, 1.0)",2,99.64155864197532,23388
"(1.0, 1.0)",1,99.6415544332211,23389
"(0.9466207660652104, 1.0)",1,99.64153368493646,23390
"(0.8253968253968256, 1.0)",1,99.641470606688,23391
"(0.9104993386243384, 1.0)",1,99.64145171957672,23392
"(0.9466207660652104, 1.0)",1,99.64142810445952,23393
"(0.896551724137931, 1.0)",2,99.6413929939792,23395
"(0.9135802469135802, 1.0)",3,99.64138625732828,23398
"(0.8731060606060606, 1.0)",1,99.64136002886002,23399
"(0.900854700854701, 1.0)",1,99.6413308913309,23400
"(0.8883205456095482, 1.0)",2,99.64132524700136,23402
"(0.9391865079365078, 1.0)",1,99.64127352799228,23403
"(0.8547544409613373, 1.0)",1,99.64123677583078,23404
"(0.8571428571428572, 1.0)",1,99.64123376623375,23405
"(0.9444444444444444, 1.0)",1,99.64118629908104,23406
"(0.9171090534979424, 1.0)",1,99.64114676832196,23407
"(0.8487103174603176, 1.0)",1,99.64111887508626,23408
"(0.875, 1.0)",1,99.64111694152923,23409
"(0.9135802469135802, 1.0)",1,99.64110580202536,23410
"(0.9351258309591644, 1.0)",1,99.64107851111768,23411
"(0.8900759734093067, 1.0)",1,99.64105633985986,23412
"(0.833064949006978, 1.0)",1,99.64100145694348,23413
"(0.8521317829457364, 1.0)",1,99.64100051652257,23414
"(0.896551724137931, 1.0)",2,99.64099616858238,23416
"(0.9841269841269842, 1.0)",1,99.64099378881988,23417
"(0.9023569023569024, 1.0)",2,99.64098542359412,23419
"(0.7975164658278694, 1.0)",1,99.64097132693898,23420
"(0.8976612797267113, 1.0)",1,99.64091928934955,23421
"(0.8465418823841762, 1.0)",1,99.64090085674314,23422
"(0.8893558268973552, 1.0)",2,99.64086389373288,23424
"(0.8686868686868687, 1.0)",2,99.64085297418632,23426
"(0.9202401372212692, 1.0)",1,99.64081036458884,23427
"(0.9224211423699916, 1.0)",1,99.6408080186516,23428
"(0.9565217391304348, 1.0)",1,99.64077082337953,23429
"(0.8589726631393297, 1.0)",1,99.64071639444828,23430
"(0.9206349206349206, 1.0)",1,99.6406734006734,23431
"(0.9333333333333332, 1.0)",1,99.6405643738977,23432
"(0.8264567669172932, 1.0)",1,99.64056390977444,23433
"(0.7544006919006919, 1.0)",1,99.64053903612728,23434
"(0.7460317460317459, 1.0)",1,99.64050442311311,23435
"(0.7708333333333334, 1.0)",1,99.6404467608415,23436
"(0.7982954545454546, 1.0)",1,99.64040071770336,23437
"(0.9172932330827066, 1.0)",1,99.6403972895201,23438
"(0.9696969696969696, 1.0)",1,99.64038120667112,23439
"(0.8740392648287385, 1.0)",1,99.64025950292398,23440
"(0.8109668109668109, 1.0)",1,99.64024864024864,23441
"(0.7616334283000951, 1.0)",1,99.64023308950846,23442
"(0.9696969696969696, 1.0)",2,99.64021582282452,23444
"(0.8312992626493769, 1.0)",1,99.64018815153828,23445
"(0.8571428571428572, 1.0)",2,99.64014146772767,23447
"(0.896551724137931, 1.0)",1,99.64013562561657,23448
"(0.9109477124183006, 1.0)",1,99.64012730251744,23449
"(0.9740143369175628, 1.0)",1,99.64011150551474,23450
"(0.8893558268973552, 1.0)",1,99.64002730103152,23451
"(0.9264176245210728, 1.0)",1,99.6400237122804,23452
"(0.9065438871473354, 1.0)",1,99.64001883268112,23453
"(0.9248366013071896, 1.0)",1,99.64000414980808,23454
"(0.875, 1.0)",2,99.63999764671809,23456
"(0.8883205456095482, 1.0)",1,99.63999603061836,23457
"(0.8958964646464646, 1.0)",1,99.63997766122766,23458
"(0.9444444444444444, 1.0)",1,99.63997113997114,23459
"(0.9444444444444444, 1.0)",2,99.63994325588529,23461
"(0.7705882352941177, 1.0)",1,99.6399408913,23462
"(0.8888888888888888, 1.0)",1,99.63993413993414,23463
"(0.8170426065162907, 1.0)",1,99.63991417938786,23464
"(0.8888888888888888, 1.0)",1,99.63989684355818,23465
"(0.8, 1.0)",2,99.6398814598303,23467
"(0.7167919799498746, 1.0)",3,99.6398689030268,23470
"(0.8271652864044169, 1.0)",1,99.63980716215111,23471
"(0.9166666666666666, 1.0)",1,99.63959754093926,23472
"(0.9087026014109348, 1.0)",2,99.63956058788035,23474
"(0.958531746031746, 1.0)",1,99.63954707170224,23475
"(0.9841269841269842, 1.0)",1,99.63954517704518,23476
"(0.8253968253968256, 1.0)",1,99.63953823953824,23477
"(0.808641975308642, 1.0)",1,99.63953330619998,23478
"(0.8817204301075269, 1.0)",1,99.63950186435954,23479
"(0.9047619047619048, 1.0)",1,99.63948412698412,23480
"(0.8487103174603176, 1.0)",1,99.6394751082251,23481
"(0.8520449077786689, 1.0)",1,99.63942834186884,23482
"(0.8468468468468467, 1.0)",1,99.6393895094982,23483
"(0.875, 1.0)",1,99.63937389770724,23484
"(0.9213117283950616, 1.0)",1,99.63936728395062,23485
"(0.780952380952381, 1.0)",1,99.63931039720514,23486
"(0.7975164658278694, 1.0)",1,99.6393089634537,23487
"(0.7765567765567766, 1.0)",1,99.639301874596,23488
"(0.8521317829457364, 1.0)",1,99.63929103386351,23489
"(0.9104993386243384, 1.0)",1,99.6392805486392,23490
"(0.9841269841269842, 1.0)",1,99.63923546902272,23491
"(0.8731060606060606, 1.0)",2,99.63922088532382,23493
"(0.8600272232304901, 1.0)",2,99.63921042428868,23495
"(1.0, 1.0)",1,99.63915299288108,23496
"(0.9192180611357128, 1.0)",1,99.63913633110133,23497
"(0.8589726631393297, 1.0)",1,99.63912769329436,23498
"(0.8897707231040564, 1.0)",1,99.63912630579296,23499
"(0.9243650793650792, 1.0)",1,99.6391109497144,23500
"(0.875, 1.0)",1,99.63908610458954,23501
"(0.7460317460317459, 1.0)",3,99.63906142167012,23504
"(0.8468468468468467, 1.0)",1,99.63902675496878,23505
"(0.8469839324618735, 1.0)",1,99.63901742260524,23506
"(0.8264567669172932, 1.0)",1,99.63901648242992,23507
"(0.8518518518518519, 1.0)",1,99.63900913900916,23508
"(0.9135802469135802, 1.0)",1,99.6389640157756,23509
"(0.9313762626262628, 1.0)",1,99.63893272689468,23510
"(0.8312992626493769, 1.0)",1,99.6389180659223,23511
"(0.932852564102564, 1.0)",1,99.6388989861613,23512
"(0.8421052631578948, 1.0)",1,99.63889784255916,23513
"(0.9135802469135802, 1.0)",1,99.6388935301216,23514
"(0.8375771604938271, 1.0)",1,99.6388307350954,23515
"(0.9507101086048454, 1.0)",1,99.63877974506158,23516
"(0.9264176245210728, 1.0)",1,99.6387263343298,23517
"(0.9230769230769232, 1.0)",1,99.6387159586648,23518
"(0.9364583333333332, 1.0)",1,99.63867125531776,23519
"(0.8864468864468864, 1.0)",1,99.63866444013505,23520
"(0.8415692007797271, 1.0)",1,99.63861336032387,23521
"(0.9135802469135802, 1.0)",1,99.63858953714026,23522
"(0.7616334283000951, 1.0)",1,99.63853430520098,23523
"(0.8698412698412699, 1.0)",1,99.63851703851704,23524
"(0.9248366013071896, 1.0)",1,99.63847789828182,23525
"(0.8266666666666667, 1.0)",1,99.63846889952153,23526
"(0.8977777777777779, 1.0)",1,99.6384265010352,23527
"(0.8817204301075269, 1.0)",1,99.63838481835086,23528
"(0.9841269841269842, 1.0)",1,99.63837273837274,23529
"(0.8253968253968256, 1.0)",1,99.63835398318156,23530
"(0.8622222222222222, 1.0)",1,99.63829663090532,23531
"(1.0, 1.0)",1,99.63822843822844,23532
"(0.896551724137931, 1.0)",1,99.63818695700124,23533
"(0.8498168498168498, 1.0)",1,99.63817663817665,23534
"(0.9674603174603176, 1.0)",1,99.63817390812277,23535
"(0.8833628057765988, 1.0)",1,99.63816205242368,23536
"(0.9195842916773148, 1.0)",1,99.63816140161826,23537
"(0.8468468468468467, 1.0)",1,99.63814492075362,23538
"(0.8547544409613373, 1.0)",1,99.63810922431612,23539
"(0.8915343915343915, 1.0)",1,99.63806030252604,23540
"(0.8864468864468864, 1.0)",1,99.63805563805565,23541
"(0.8055555555555555, 1.0)",2,99.63799762329174,23543
"(0.9047619047619048, 1.0)",1,99.6379771893502,23544
"(0.9206349206349206, 1.0)",1,99.63792815371762,23545
"(0.904126984126984, 1.0)",1,99.63786184829664,23546
"(0.9364583333333332, 1.0)",1,99.63781769102992,23547
"(0.7460317460317459, 1.0)",1,99.63780663780663,23548
"(0.9444444444444444, 1.0)",1,99.63780663780663,23549
"(0.8518518518518519, 1.0)",1,99.63777024796516,23550
"(0.8158948980794156, 1.0)",1,99.6377695332605,23551
"(0.8904991948470209, 1.0)",1,99.63775692249948,23552
"(0.8817204301075269, 1.0)",1,99.63775266756392,23553
"(0.8112794612794614, 1.0)",1,99.63774309883006,23554
"(0.9841269841269842, 1.0)",1,99.6377241750018,23555
"(0.8, 1.0)",2,99.63760683760684,23557
"(0.8611111111111112, 1.0)",1,99.63758818342151,23558
"(0.8571428571428572, 1.0)",1,99.63756613756614,23559
"(0.9047619047619048, 1.0)",1,99.63756613756614,23560
"(0.8883205456095482, 1.0)",1,99.63755512745284,23561
"(0.8882535288785288, 1.0)",1,99.63753364690864,23562
"(0.9135802469135802, 1.0)",1,99.63752297085632,23563
"(0.8498168498168498, 1.0)",1,99.63751526251528,23564
"(0.896551724137931, 1.0)",1,99.63751292343248,23565
"(0.8468468468468467, 1.0)",1,99.63750063750064,23566
"(0.7708333333333334, 1.0)",1,99.6375,23567
"(0.9841269841269842, 1.0)",1,99.63749077009946,23568
"(0.9213117283950616, 1.0)",1,99.63744929453264,23569
"(0.8817204301075269, 1.0)",1,99.63739913837244,23570
"(0.8571428571428572, 1.0)",1,99.637390577894,23571
"(0.7777777777777776, 1.0)",1,99.63736263736264,23572
"(0.8521317829457364, 1.0)",1,99.63735853459852,23573
"(0.8888888888888888, 1.0)",1,99.63734827264238,23574
"(0.8616898148148148, 1.0)",1,99.63733355379188,23575
"(0.8013468013468013, 1.0)",1,99.63732563732565,23576
"(0.8616898148148148, 1.0)",1,99.63730255991284,23577
"(0.896551724137931, 1.0)",1,99.63729246487868,23578
"(0.8586378737541528, 1.0)",1,99.6372489406275,23579
"(0.9696969696969696, 1.0)",1,99.6371990582517,23580
"(0.683375104427736, 1.0)",2,99.6371990582517,23582
"(0.75, 1.0)",1,99.6371572871573,23583
"(0.9230769230769232, 1.0)",1,99.63713479502954,23584
"(0.936026936026936, 1.0)",1,99.63703703703705,23585
"(0.8044053370140327, 1.0)",1,99.6370322008909,23586
"(0.8883205456095482, 1.0)",1,99.6370104521942,23587
"(0.8888888888888888, 1.0)",1,99.63697179789132,23588
"(0.9047619047619048, 1.0)",1,99.63697179789132,23589
"(0.8421052631578948, 1.0)",1,99.63694653299916,23590
"(0.9047619047619048, 1.0)",3,99.63690476190476,23593
"(0.8013468013468013, 1.0)",1,99.63689118527827,23594
"(0.8731060606060606, 1.0)",1,99.63684909293605,23595
"(0.8831018518518517, 1.0)",1,99.63680798625244,23596
"(0.9391865079365078, 1.0)",2,99.63676323676324,23598
"(0.8817204301075269, 1.0)",1,99.636746885134,23599
"(0.8368686868686868, 1.0)",1,99.6367418639372,23600
"(0.9306746031746032, 1.0)",1,99.6367240863536,23601
"(0.9224211423699916, 1.0)",1,99.6367068566557,23602
"(0.865079365079365, 1.0)",1,99.63664113664112,23603
"(0.9230769230769232, 1.0)",1,99.63663003663004,23604
"(0.9230769230769232, 1.0)",2,99.63661835240782,23606
"(0.9135802469135802, 1.0)",1,99.63657051829097,23607
"(0.8055555555555555, 1.0)",1,99.63655462184876,23608
"(0.8468468468468467, 1.0)",2,99.6365293865294,23610
"(0.8055555555555555, 1.0)",4,99.6365293865294,23614
"(0.9302579365079364, 1.0)",1,99.63652294163164,23615
"(0.8750600325600326, 1.0)",1,99.63650112192876,23616
"(0.8817204301075269, 1.0)",1,99.63645673323092,23617
"(0.8672161172161172, 1.0)",1,99.63642999512564,23618
"(0.8888888888888888, 1.0)",1,99.63639486260452,23619
"(0.8264567669172932, 1.0)",1,99.6363641743247,23620
"(0.9047619047619048, 1.0)",1,99.63636363636364,23621
"(0.6666666666666666, 1.0)",1,99.63636363636364,23622
"(0.8571428571428572, 1.0)",1,99.63636363636364,23623
"(0.896551724137931, 1.0)",1,99.63635741652983,23624
"(0.8375771604938271, 1.0)",1,99.636351112796,23625
"(0.773034398034398, 1.0)",1,99.63634909259908,23626
"(0.8883205456095482, 1.0)",1,99.63631663052853,23627
"(0.909722222222222, 1.0)",2,99.63631142249562,23629
"(0.8275809031622985, 1.0)",1,99.63630296841173,23630
"(0.8897707231040564, 1.0)",1,99.6362663305192,23631
"(0.9230769230769232, 1.0)",2,99.636164318773,23633
"(0.8271652864044169, 1.0)",1,99.63615097664012,23634
"(0.7705882352941177, 1.0)",1,99.6360931614025,23635
"(0.8502976190476191, 1.0)",1,99.63608007733008,23636
"(0.8822954822954823, 1.0)",1,99.63603276353275,23637
"(0.8170426065162907, 1.0)",3,99.63601547302422,23640
"(0.9019607843137254, 1.0)",1,99.63597593582888,23641
"(0.9224211423699916, 1.0)",2,99.6359625717009,23643
"(0.9104993386243384, 1.0)",1,99.63595161782662,23644
"(0.9194577352472088, 1.0)",2,99.63589685168633,23646
"(0.9065438871473354, 1.0)",1,99.63589330235202,23647
"(0.9230769230769232, 1.0)",1,99.63589175183378,23648
"(0.875, 1.0)",1,99.6358695652174,23649
"(0.8518518518518519, 1.0)",7,99.63583453583452,23656
"(0.896551724137931, 1.0)",1,99.6358162909887,23657
"(0.9230769230769232, 1.0)",1,99.6358041958042,23658
"(0.9224211423699916, 1.0)",1,99.63579713835468,23659
"(0.8817204301075269, 1.0)",1,99.63579641947764,23660
"(0.8498168498168499, 1.0)",1,99.63578416823302,23661
"(0.9047619047619048, 1.0)",1,99.63575605680867,23662
"(0.9230769230769232, 1.0)",1,99.63575313575312,23663
"(0.875, 1.0)",1,99.63572137091629,23664
"(0.8904991948470209, 1.0)",1,99.63571479795736,23665
"(0.9333333333333332, 1.0)",1,99.63561935140882,23666
"(0.9333333333333332, 1.0)",1,99.63561749903214,23667
"(0.8883205456095482, 1.0)",1,99.63556745075118,23668
"(0.8589726631393297, 1.0)",1,99.63552990219657,23669
"(0.8888888888888888, 1.0)",1,99.63552879644834,23670
"(0.683375104427736, 1.0)",5,99.63552821447558,23675
"(0.9565217391304348, 1.0)",1,99.6355062007236,23676
"(0.8831064306064307, 1.0)",1,99.63548971283346,23677
"(0.8518518518518519, 1.0)",2,99.63548180214846,23679
"(0.8487002627627628, 1.0)",1,99.63547907037491,23680
"(0.9172932330827066, 1.0)",1,99.63545041465451,23681
"(0.8888888888888888, 1.0)",1,99.63535353535352,23682
"(0.8586378737541528, 1.0)",1,99.63534661475674,23683
"(0.7502088554720134, 1.0)",1,99.63530202317388,23684
"(0.9333333333333332, 1.0)",1,99.63525942656378,23685
"(0.808641975308642, 1.0)",2,99.63525395981536,23687
"(0.896551724137931, 1.0)",1,99.63522416281036,23688
"(0.8888888888888888, 1.0)",2,99.63521341782211,23690
"(0.936026936026936, 1.0)",1,99.63521079310551,23691
"(0.875, 1.0)",1,99.63517809351144,23692
"(0.8518518518518519, 1.0)",1,99.63515067862896,23693
"(0.8376068376068375, 1.0)",1,99.63512474531964,23694
"(0.8375771604938271, 1.0)",1,99.63509547551214,23695
"(0.9696969696969696, 1.0)",1,99.63508757038169,23696
"(0.9135802469135802, 1.0)",1,99.6350809684143,23697
"(0.8319664902998236, 1.0)",1,99.63505882154236,23698
"(0.9047619047619048, 1.0)",1,99.63500881834216,23699
"(0.904126984126984, 1.0)",1,99.63499611499611,23700
"(0.9289529914529916, 1.0)",1,99.63498846424808,23701
"(0.8469839324618735, 1.0)",1,99.63496425653594,23702
"(0.9135802469135802, 1.0)",1,99.63495270161935,23703
"(0.8873002904865649, 1.0)",1,99.63495010498696,23704
"(0.8571428571428572, 1.0)",1,99.6349487114193,23705
"(0.909209656084656, 1.0)",1,99.63492592010738,23706
"(0.7460317460317459, 1.0)",1,99.63492063492065,23707
"(0.8686868686868687, 1.0)",1,99.63492063492065,23708
"(0.8888888888888888, 1.0)",1,99.63492063492065,23709
"(0.9047619047619048, 1.0)",1,99.63492063492065,23710
"(0.8666666666666667, 1.0)",1,99.63491067060512,23711
"(0.8864468864468864, 1.0)",1,99.6349062702004,23712
"(0.8518518518518519, 1.0)",1,99.63481333481332,23713
"(0.8731060606060606, 1.0)",1,99.63477471851128,23714
"(0.8686868686868687, 1.0)",1,99.6347687400319,23715
"(0.7496650452295612, 1.0)",2,99.63471795528248,23717
"(0.8888888888888888, 1.0)",1,99.63469279258751,23718
"(0.8791208791208792, 1.0)",1,99.63466566113624,23719
"(0.9172932330827066, 1.0)",2,99.63465059956287,23721
"(0.9047619047619048, 1.0)",1,99.63464696223318,23722
"(0.8888888888888888, 1.0)",1,99.63464696223318,23723
"(0.9565217391304348, 1.0)",1,99.63464132485872,23724
"(0.9351258309591644, 1.0)",1,99.634612545935,23725
"(0.9171090534979424, 1.0)",1,99.63458230066632,23726
"(0.9565217391304348, 1.0)",1,99.63453309975048,23727
"(0.7765567765567766, 1.0)",1,99.6344987328969,23728
"(0.8817204301075269, 1.0)",1,99.63444644805094,23729
"(0.900854700854701, 1.0)",1,99.63444055944056,23730
"(0.865079365079365, 1.0)",1,99.63441911990006,23731
"(0.9248366013071896, 1.0)",1,99.63441687610484,23732
"(1.0, 1.0)",1,99.63440915035116,23733
"(0.9206349206349206, 1.0)",2,99.63440419229892,23735
"(0.8439484126984128, 1.0)",1,99.63440108759552,23736
"(0.9327096052096052, 1.0)",1,99.63431440741223,23737
"(0.9230769230769232, 1.0)",1,99.63425704730052,23738
"(0.7167919799498746, 1.0)",1,99.6342522974102,23739
"(0.9407729468599032, 1.0)",1,99.63423908977047,23740
"(0.9674603174603176, 1.0)",1,99.63421626682496,23741
"(0.8888888888888888, 1.0)",1,99.63419913419914,23742
"(0.9230769230769232, 1.0)",2,99.6341929675263,23744
"(0.8817204301075269, 1.0)",1,99.6341903730809,23745
"(0.8705805822084891, 1.0)",1,99.63414180035134,23746
"(0.7200000000000001, 1.0)",1,99.6341414141414,23747
"(0.9674603174603176, 1.0)",1,99.634126984127,23748
"(0.8904991948470209, 1.0)",1,99.63404395418124,23749
"(0.9306746031746032, 1.0)",1,99.63403286528286,23750
"(1.0, 1.0)",1,99.63402936932349,23751
"(0.8817204301075269, 1.0)",1,99.63401784029968,23752
"(0.8309016086793863, 1.0)",1,99.63398650111772,23753
"(0.8330439814814815, 1.0)",1,99.63395718864469,23754
"(0.9109477124183006, 1.0)",1,99.63393798379568,23755
"(0.9589484126984128, 1.0)",1,99.63393130073987,23756
"(0.8339307048984469, 1.0)",1,99.63393070489845,23757
"(0.896551724137931, 1.0)",1,99.63385795267224,23758
"(0.8046935824713601, 1.0)",1,99.63382819785598,23759
"(0.8831064306064307, 1.0)",1,99.63380981834928,23760
"(0.7544006919006919, 1.0)",1,99.63378539918862,23761
"(0.8888888888888888, 1.0)",1,99.6337730350096,23762
"(0.9696969696969696, 1.0)",1,99.63376768159377,23763
"(0.8468468468468467, 1.0)",1,99.63371553371552,23764
"(0.8627450980392157, 1.0)",2,99.63368526897938,23766
"(0.8888888888888888, 1.0)",1,99.6336783988958,23767
"(0.909209656084656, 1.0)",1,99.63363085910184,23768
"(0.8468468468468467, 1.0)",1,99.63361563361563,23769
"(0.8882535288785288, 1.0)",1,99.63359388296888,23770
"(0.8888888888888888, 1.0)",2,99.63358585858586,23772
"(0.7200000000000001, 1.0)",1,99.63358024691358,23773
"(0.8675136116152449, 1.0)",1,99.63355916026948,23774
"(0.9047619047619048, 1.0)",1,99.63351463351464,23775
"(0.875, 1.0)",1,99.63345648604268,23776
"(0.9445350241545892, 1.0)",1,99.63340821372222,23777
"(0.9391865079365078, 1.0)",1,99.6334031452087,23778
"(0.7555555555555554, 1.0)",1,99.63333333333333,23779
"(0.9047619047619048, 1.0)",3,99.63332918171628,23782
"(0.8991666666666667, 1.0)",1,99.63332522841144,23783
"(0.8675136116152449, 1.0)",1,99.63332453532092,23784
"(0.8952380952380952, 1.0)",1,99.63331501831502,23785
"(0.8627450980392157, 1.0)",1,99.63330786860196,23786
"(0.9243650793650792, 1.0)",2,99.63329817229516,23788
"(0.8439484126984128, 1.0)",1,99.63327141089349,23789
"(0.958531746031746, 1.0)",2,99.63325396825395,23791
"(0.8817204301075269, 1.0)",1,99.63323558162269,23792
"(0.8498168498168499, 1.0)",1,99.63317841578711,23793
"(0.8897707231040564, 1.0)",1,99.63317801026136,23794
"(0.8616898148148148, 1.0)",1,99.63314785931207,23795
"(0.9507101086048454, 1.0)",1,99.6331223315205,23796
"(0.8350168350168351, 1.0)",4,99.63309375809376,23800
"(0.896551724137931, 1.0)",1,99.63305966064588,23801
"(0.780952380952381, 1.0)",1,99.63304473304473,23802
"(0.8888888888888888, 1.0)",1,99.63302194881142,23803
"(0.896551724137931, 1.0)",1,99.63300046058669,23804
"(0.8888888888888888, 1.0)",1,99.63298992673992,23805
"(0.8904991948470209, 1.0)",1,99.63297394232175,23806
"(0.9465811965811968, 1.0)",1,99.63297115979444,23807
"(0.9302579365079364, 1.0)",1,99.6329705942206,23808
"(0.883580779054917, 1.0)",1,99.63290719338131,23809
"(0.9027274557165862, 1.0)",1,99.63290602714515,23810
"(0.8585858585858586, 1.0)",1,99.63283629950296,23811
"(0.9589484126984128, 1.0)",1,99.632836006586,23812
"(0.9565217391304348, 1.0)",1,99.63281503647636,23813
"(0.8350168350168351, 1.0)",2,99.63280841541712,23815
"(0.9289529914529916, 1.0)",1,99.6327682784695,23816
"(0.9248366013071896, 1.0)",1,99.6327679219836,23817
"(0.8904991948470209, 1.0)",1,99.63272363707146,23818
"(0.9333333333333332, 1.0)",1,99.63271221532092,23819
"(0.9740143369175628, 1.0)",1,99.63269451983992,23820
"(0.8883205456095482, 1.0)",1,99.6326814478652,23821
"(0.875, 1.0)",1,99.63257575757576,23822
"(0.8686868686868687, 1.0)",2,99.63257575757576,23824
"(0.9319444444444444, 1.0)",1,99.63256647150055,23825
"(0.9214340198321892, 1.0)",1,99.63255442116998,23826
"(0.8571428571428572, 1.0)",1,99.63253968253969,23827
"(0.9224211423699916, 1.0)",1,99.63253818582037,23828
"(0.8281746031746032, 1.0)",1,99.632536348993,23829
"(0.8518518518518519, 1.0)",1,99.63251563251563,23830
"(0.9351258309591644, 1.0)",1,99.632510916938,23831
"(0.9841269841269842, 1.0)",1,99.63248246006869,23832
"(0.9391865079365078, 1.0)",1,99.63246693121692,23833
"(0.8264567669172932, 1.0)",2,99.6324515437454,23835
"(0.9696969696969696, 1.0)",1,99.6324371534898,23836
"(0.8888888888888888, 1.0)",1,99.63238069218411,23837
"(0.9696969696969696, 1.0)",1,99.63229424248914,23838
"(0.8468468468468467, 1.0)",1,99.63228745987368,23839
"(0.8740392648287385, 1.0)",1,99.63227793317378,23840
"(0.9615343915343916, 1.0)",1,99.6322765351932,23841
"(0.9674603174603176, 1.0)",1,99.63225173201182,23842
"(0.9224211423699916, 1.0)",1,99.63225052866996,23843
"(0.8817204301075269, 1.0)",1,99.63224151396194,23844
"(0.9224211423699916, 1.0)",1,99.63218963474718,23845
"(0.8053221288515406, 1.0)",1,99.63216195569136,23846
"(0.9507101086048454, 1.0)",1,99.63214349003825,23847
"(0.9135802469135802, 1.0)",1,99.63214217880883,23848
"(0.8817204301075269, 1.0)",1,99.63212772890192,23849
"(0.7410714285714286, 1.0)",1,99.63212481962482,23850
"(0.7496650452295612, 1.0)",1,99.6320861889007,23851
"(0.9230769230769232, 1.0)",1,99.63204961831964,23852
"(0.8112491373360938, 1.0)",1,99.63201711119233,23853
"(0.9327096052096052, 1.0)",1,99.63191986254486,23854
"(0.8170426065162907, 1.0)",1,99.6318574213311,23855
"(0.8527777777777779, 1.0)",1,99.63185425685424,23856
"(0.9264176245210728, 1.0)",1,99.63180209137856,23857
"(0.8498168498168498, 1.0)",1,99.6317354143441,23858
"(0.9135802469135802, 1.0)",1,99.6317113650447,23859
"(0.8858975827700768, 1.0)",1,99.63168118063145,23860
"(0.8888888888888888, 1.0)",1,99.63166248955724,23861
"(0.8368686868686868, 1.0)",1,99.63164300340534,23862
"(1.0, 1.0)",2,99.63163718002428,23864
"(0.8970659722222223, 1.0)",1,99.63162184009406,23865
"(0.8469839324618735, 1.0)",1,99.63161485187102,23866
"(0.9214340198321892, 1.0)",1,99.63157498997316,23867
"(0.9841269841269842, 1.0)",1,99.63156351022484,23868
"(0.8063492063492064, 1.0)",1,99.63155781416653,23869
"(0.8666666666666667, 1.0)",1,99.63155531048004,23870
"(0.751918158567775, 1.0)",1,99.63151682077512,23871
"(0.896551724137931, 1.0)",1,99.63148523710348,23872
"(0.896551724137931, 1.0)",1,99.63144292942388,23873
"(0.8731060606060606, 1.0)",2,99.6314393939394,23875
"(0.8592532467532467, 1.0)",1,99.63141573181896,23876
"(0.780952380952381, 1.0)",1,99.6314135140222,23877
"(0.9674603174603176, 1.0)",1,99.63140131473465,23878
"(0.9507101086048454, 1.0)",1,99.63138591428066,23879
"(0.8571428571428572, 1.0)",1,99.63135110503532,23880
"(0.8547544409613373, 1.0)",1,99.63134882775064,23881
"(0.81681801994302, 1.0)",1,99.63132419278251,23882
"(0.8817204301075269, 1.0)",1,99.63124160807074,23883
"(0.9135802469135802, 1.0)",2,99.63121372454704,23885
"(0.9364583333333332, 1.0)",1,99.6312022005772,23886
"(0.6470588235294118, 1.0)",1,99.6311858076564,23887
"(0.9224211423699916, 1.0)",1,99.63115674950376,23888
"(0.8448736477904788, 1.0)",1,99.6311009569597,23889
"(0.896551724137931, 1.0)",1,99.63108600705932,23890
"(0.8729166666666666, 1.0)",1,99.63108285084093,23891
"(0.9003279610194903, 1.0)",1,99.63107603985225,23892
"(0.896551724137931, 1.0)",1,99.63103945862566,23893
"(0.8253968253968256, 1.0)",1,99.63101060408908,23894
"(0.8627450980392157, 1.0)",1,99.6309629912571,23895
"(0.8502976190476191, 1.0)",1,99.6309378707399,23896
"(0.875, 1.0)",1,99.63093022961444,23897
"(0.8502976190476191, 1.0)",1,99.63080248455248,23898
"(0.8419830743891047, 1.0)",1,99.63079438747792,23899
"(0.9565217391304348, 1.0)",1,99.63075632097372,23900
"(0.9135802469135802, 1.0)",1,99.63072407999944,23901
"(0.9135802469135802, 1.0)",1,99.63068551007149,23902
"(0.8571428571428572, 1.0)",1,99.63063817902528,23903
"(0.8888888888888888, 1.0)",1,99.63063817902528,23904
"(0.8817204301075269, 1.0)",2,99.63063817902528,23906
"(0.8977777777777779, 1.0)",1,99.63060640915714,23907
"(0.8888888888888888, 1.0)",1,99.63059545818166,23908
"(0.9047619047619048, 1.0)",1,99.63059163059162,23909
"(1.0, 1.0)",1,99.63056026099504,23910
"(0.9135802469135802, 1.0)",1,99.63052907980445,23911
"(0.8666666666666667, 0.986574074074074)",1,99.63049897119342,23912
"(0.8163854689162486, 1.0)",1,99.6304181765822,23913
"(0.9289529914529916, 1.0)",1,99.63040499017173,23914
"(0.9047619047619048, 1.0)",1,99.6303079636413,23915
"(0.9696969696969696, 1.0)",1,99.63030685789306,23916
"(0.8571428571428572, 1.0)",1,99.63027514621716,23917
"(0.8864468864468864, 1.0)",1,99.63024198024198,23918
"(0.9565217391304348, 1.0)",1,99.63021519543258,23919
"(0.8468468468468467, 1.0)",1,99.63020841281713,23920
"(0.9565217391304348, 1.0)",1,99.63019515374587,23921
"(0.9507101086048454, 1.0)",1,99.63017296821144,23922
"(0.9135802469135802, 1.0)",1,99.63016801262415,23923
"(0.909722222222222, 1.0)",1,99.63010651629072,23924
"(0.8859337035751476, 1.0)",1,99.63009103467968,23925
"(0.7869981325863679, 1.0)",1,99.63005764509032,23926
"(0.8915343915343915, 1.0)",1,99.63005155658458,23927
"(0.8952380952380952, 1.0)",2,99.63001151048026,23929
"(0.896551724137931, 1.0)",1,99.62998787862672,23930
"(0.8740392648287385, 1.0)",1,99.62998377670026,23931
"(0.8817204301075269, 1.0)",1,99.62996322673742,23932
"(0.7410714285714286, 1.0)",1,99.62996031746032,23933
"(0.896551724137931, 1.0)",1,99.6299332851057,23934
"(0.8, 1.0)",1,99.62988505747126,23935
"(0.9047619047619048, 1.0)",2,99.62985008818342,23937
"(0.8319664902998236, 1.0)",2,99.6298196862377,23939
"(0.9841269841269842, 1.0)",1,99.6297711949886,23940
"(0.8822954822954823, 1.0)",1,99.6297569097569,23941
"(0.740829346092504, 1.0)",1,99.6297182349814,23942
"(0.8897707231040564, 1.0)",1,99.62971781305114,23943
"(0.9589484126984128, 1.0)",1,99.62968603156104,23944
"(0.8675136116152449, 1.0)",1,99.62967089877252,23945
"(0.9047619047619048, 1.0)",1,99.62962962962963,23946
"(0.9230769230769232, 1.0)",1,99.6296033946896,23947
"(0.75, 1.0)",1,99.62959866220736,23948
"(0.896551724137931, 1.0)",2,99.62959645718266,23950
"(1.0, 1.0)",1,99.62958174971904,23951
"(0.9696969696969696, 1.0)",2,99.62955874534822,23953
"(0.8893558268973552, 1.0)",1,99.62953488375469,23954
"(0.9565217391304348, 1.0)",1,99.62950153711024,23955
"(0.883580779054917, 1.0)",1,99.62947641585086,23956
"(0.9507101086048454, 1.0)",1,99.6294540699575,23957
"(0.8946208112874778, 1.0)",1,99.62943630337308,23958
"(0.9592592592592591, 1.0)",1,99.62942155067157,23959
"(1.0, 1.0)",1,99.62939331200202,23960
"(0.7496650452295612, 1.0)",2,99.6293872674518,23962
"(0.8729166666666666, 1.0)",1,99.62938720124065,23963
"(0.7869981325863679, 1.0)",2,99.62933819992644,23965
"(0.9171090534979424, 1.0)",1,99.62933680633054,23966
"(0.9565217391304348, 1.0)",1,99.62932498951989,23967
"(0.8518518518518519, 1.0)",1,99.62925748715222,23968
"(0.9230769230769232, 1.0)",1,99.62920654225002,23969
"(0.9391865079365078, 1.0)",1,99.629107241325,23970
"(0.751918158567775, 1.0)",1,99.62907481833314,23971
"(0.9264176245210728, 1.0)",1,99.6290527596562,23972
"(0.8498168498168498, 1.0)",1,99.62903762903764,23973
"(0.9841269841269842, 1.0)",3,99.62896423915916,23976
"(0.9194577352472088, 1.0)",1,99.6289587605377,23977
"(0.9364583333333332, 1.0)",1,99.62894922207424,23978
"(0.8893558268973552, 1.0)",1,99.62888686278598,23979
"(0.8415692007797271, 1.0)",1,99.62880795739348,23980
"(0.8998211091234347, 1.0)",1,99.62876314654535,23981
"(0.9565217391304348, 1.0)",1,99.62874430990374,23982
"(0.8803174603174604, 1.0)",1,99.62872103630724,23983
"(0.9230769230769232, 1.0)",1,99.62870462870464,23984
"(0.9306746031746032, 1.0)",1,99.6287019641052,23985
"(0.8421052631578948, 1.0)",1,99.62870138308736,23986
"(0.8151260504201681, 1.0)",2,99.62869862921012,23988
"(0.8571428571428572, 1.0)",1,99.6286945812808,23989
"(0.9444444444444444, 1.0)",1,99.62869294448242,23990
"(0.9391865079365078, 1.0)",1,99.6286627410821,23991
"(0.9302579365079364, 1.0)",1,99.62855972730972,23992
"(0.7162037037037038, 1.0)",2,99.62853835978837,23994
"(0.947088068181818, 1.0)",1,99.62849390259998,23995
"(0.9445350241545892, 1.0)",1,99.62848496310453,23996
"(0.9230769230769232, 1.0)",1,99.62847678637152,23997
"(0.875, 1.0)",2,99.62840371129845,23999
"(0.8857001484413657, 1.0)",1,99.62838254035084,24000
"(0.8498168498168498, 1.0)",1,99.62836267674976,24001
"(0.8013468013468013, 1.0)",1,99.62818662818664,24002
"(0.9023569023569024, 1.0)",1,99.62817617165445,24003
"(0.9047619047619048, 1.0)",2,99.62815345573966,24005
"(0.875, 1.0)",1,99.6281490015361,24006
"(0.8686868686868687, 1.0)",1,99.62812742812744,24007
"(0.8350168350168351, 1.0)",1,99.6281202832927,24008
"(0.8129898303922073, 1.0)",1,99.62810056218493,24009
"(0.8518518518518519, 1.0)",1,99.62804495904076,24010
"(1.0, 1.0)",1,99.62801519468186,24011
"(0.8817204301075269, 1.0)",1,99.6280047013918,24012
"(0.896551724137931, 1.0)",1,99.62800223819714,24013
"(0.8063492063492064, 1.0)",1,99.62789802789804,24014
"(0.9135802469135802, 1.0)",1,99.62789802789804,24015
"(0.9168478260869564, 1.0)",1,99.62788318005748,24016
"(0.8888888888888888, 1.0)",1,99.62786596119928,24017
"(0.7777777777777776, 1.0)",1,99.62786596119928,24018
"(0.9206349206349206, 1.0)",1,99.62786247568856,24019
"(0.8900759734093067, 1.0)",1,99.6278618954154,24020
"(0.9364583333333332, 1.0)",1,99.62784721982057,24021
"(0.8888888888888888, 1.0)",1,99.62784236372946,24022
"(0.8053221288515406, 1.0)",1,99.62783295136236,24023
"(0.9841269841269842, 1.0)",2,99.62781954887218,24025
"(0.8977777777777779, 1.0)",1,99.6277922077922,24026
"(0.8571428571428572, 1.0)",2,99.62775217613928,24028
"(0.9047619047619048, 1.0)",3,99.62771828561304,24031
"(0.9444444444444444, 1.0)",1,99.62771399293138,24032
"(0.8383129000541765, 1.0)",1,99.62768279587031,24033
"(0.9565217391304348, 1.0)",1,99.6276821005082,24034
"(0.9224211423699916, 1.0)",1,99.62765124078894,24035
"(0.8518518518518519, 1.0)",1,99.62762197544806,24036
"(0.8170426065162907, 1.0)",1,99.62759349353776,24037
"(0.8627450980392157, 1.0)",1,99.62755079043112,24038
"(0.9135802469135802, 1.0)",1,99.6274330607664,24039
"(0.9841269841269842, 1.0)",3,99.62741702741702,24042
"(0.9444444444444444, 1.0)",1,99.62737232723,24043
"(0.875, 1.0)",1,99.62735109717867,24044
"(0.9142520753512132, 1.0)",1,99.62734171719086,24045
"(0.8888888888888888, 1.0)",1,99.62732919254658,24046
"(0.8518518518518519, 1.0)",1,99.62729536258948,24047
"(0.8897707231040564, 1.0)",1,99.6272769098856,24048
"(0.8468468468468467, 1.0)",1,99.62727012727012,24049
"(0.8350168350168351, 1.0)",1,99.6272288098375,24050
"(0.9565217391304348, 1.0)",1,99.6272177098264,24051
"(0.9023569023569024, 1.0)",1,99.6271309587099,24052
"(0.8055555555555555, 1.0)",1,99.62710437710436,24053
"(0.9230769230769232, 1.0)",1,99.62709186238598,24054
"(0.9248366013071896, 1.0)",1,99.62707296143827,24055
"(0.8571428571428572, 1.0)",1,99.62706662706664,24056
"(0.8571428571428572, 1.0)",1,99.62698412698413,24057
"(0.9230769230769232, 1.0)",1,99.62696192696193,24058
"(0.9230769230769232, 1.0)",1,99.62693245451868,24059
"(0.7765567765567766, 1.0)",2,99.62693245451864,24061
"(0.9072191055010128, 1.0)",1,99.62693217021408,24062
"(0.9065438871473354, 1.0)",1,99.6269086612621,24063
"(0.8468468468468467, 1.0)",1,99.62690304795568,24064
"(0.8864468864468864, 1.0)",1,99.62687131708871,24065
"(0.9135802469135802, 1.0)",1,99.62687078779032,24066
"(0.8705805822084891, 1.0)",1,99.62681508298417,24067
"(0.8498168498168498, 1.0)",1,99.62680097680098,24068
"(0.9142520753512132, 1.0)",1,99.62679396247644,24069
"(0.9065438871473354, 1.0)",1,99.62679279196612,24070
"(0.9243650793650792, 1.0)",1,99.62679093433884,24071
"(0.9364583333333332, 1.0)",1,99.62677769419648,24072
"(0.8170426065162907, 1.0)",1,99.62673894882133,24073
"(0.9230769230769232, 1.0)",1,99.62673252673252,24074
"(0.9674603174603176, 1.0)",1,99.62672375933248,24075
"(0.9841269841269842, 1.0)",1,99.62669552669551,24076
"(0.8046935824713601, 1.0)",1,99.62664464067242,24077
"(0.8627450980392157, 1.0)",1,99.62663398692813,24078
"(0.8112794612794614, 1.0)",1,99.62662093243692,24079
"(0.875, 1.0)",1,99.62660875160876,24080
"(0.9047619047619048, 1.0)",1,99.62659659181398,24081
"(0.9351258309591644, 1.0)",1,99.62656601008612,24082
"(0.9444444444444444, 1.0)",1,99.62654012654014,24083
"(0.8376068376068376, 1.0)",1,99.62653117491828,24084
"(0.8518518518518519, 1.0)",1,99.62645502645503,24085
"(0.8616898148148148, 1.0)",1,99.62644991582492,24086
"(0.8915343915343915, 1.0)",1,99.62644381454864,24087
"(0.875, 1.0)",1,99.626443001443,24088
"(0.8883205456095482, 1.0)",1,99.62641685201922,24089
"(0.9444444444444444, 1.0)",1,99.62636794230995,24090
"(0.8487103174603176, 1.0)",1,99.62629987765858,24091
"(0.8151260504201681, 1.0)",2,99.62629821159231,24093
"(0.8, 1.0)",1,99.62627148356049,24094
"(0.932852564102564, 1.0)",1,99.62624014803806,24095
"(0.8888888888888888, 1.0)",1,99.62623224728488,24096
"(0.8888888888888888, 1.0)",1,99.6262076088163,24097
"(0.9109477124183006, 1.0)",1,99.62619961027887,24098
"(0.8125, 1.0)",1,99.62610743680187,24099
"(0.8888888888888888, 1.0)",1,99.62610693400168,24100
"(0.8271652864044169, 1.0)",1,99.62610086728444,24101
"(0.9444444444444444, 1.0)",1,99.62607275765173,24102
"(0.9696969696969696, 1.0)",1,99.62604617604616,24103
"(0.8198261686633779, 1.0)",1,99.62603664049884,24104
"(0.9407729468599032, 1.0)",1,99.62603259461956,24105
"(0.7400546757164405, 1.0)",2,99.62601848043025,24107
"(0.9333333333333332, 1.0)",1,99.62597402597402,24108
"(0.9202401372212692, 1.0)",2,99.62592957525362,24110
"(0.8855593344976561, 1.0)",1,99.6259271962633,24111
"(0.740829346092504, 1.0)",2,99.62592251379436,24113
"(0.896551724137931, 1.0)",1,99.6258934608326,24114
"(0.9465811965811968, 1.0)",1,99.62587928048713,24115
"(0.9507101086048454, 1.0)",2,99.62586466165412,24117
"(0.8468468468468467, 1.0)",1,99.62585152440224,24118
"(0.9214340198321892, 1.0)",1,99.62584578453809,24119
"(0.8170426065162907, 1.0)",1,99.62584279325765,24120
"(0.8518518518518519, 1.0)",1,99.6258339084426,24121
"(0.8731060606060606, 1.0)",1,99.62582001332,24122
"(1.0, 1.0)",1,99.62578580839453,24123
"(0.9072191055010128, 1.0)",1,99.62578423454408,24124
"(0.875, 1.0)",1,99.625782258677,24125
"(0.8600272232304901, 1.0)",1,99.62575469613022,24126
"(0.8888888888888888, 1.0)",1,99.62574794703416,24127
"(0.8577654071075123, 1.0)",1,99.62571603921135,24128
"(0.8487103174603176, 1.0)",1,99.6257110944611,24129
"(0.9027274557165862, 1.0)",1,99.62570124119036,24130
"(0.8339307048984469, 1.0)",1,99.62569449666223,24131
"(0.9047619047619048, 1.0)",1,99.62567993475922,24132
"(0.8129898303922073, 1.0)",1,99.62559666799903,24133
"(0.9333333333333332, 1.0)",1,99.6255908081995,24134
"(0.875, 1.0)",1,99.62556619046389,24135
"(0.773034398034398, 1.0)",1,99.62546946296946,24136
"(0.875, 1.0)",1,99.62545787545788,24137
"(0.8425925925925927, 1.0)",1,99.62544973544972,24138
"(0.8375771604938271, 1.0)",1,99.62542461653572,24139
"(0.8, 1.0)",1,99.62539682539682,24140
"(0.896551724137931, 1.0)",1,99.62532976870546,24141
"(0.9523809523809524, 1.0)",1,99.62531938226384,24142
"(0.9444444444444444, 1.0)",1,99.62531328320804,24143
"(0.8266666666666667, 1.0)",1,99.625293668955,24144
"(0.8498168498168498, 1.0)",1,99.62526036055448,24145
"(0.8831064306064307, 1.0)",1,99.6251486116764,24146
"(0.8729166666666666, 1.0)",1,99.62511282955728,24147
"(0.8271652864044169, 1.0)",1,99.62505880492292,24148
"(0.8487103174603176, 1.0)",1,99.6250450937951,24149
"(0.8887191358024692, 1.0)",1,99.62503679962012,24150
"(0.8055555555555555, 1.0)",3,99.625,24153
"(1.0, 1.0)",4,99.625,24157
"(0.8991666666666667, 1.0)",1,99.6249963924964,24158
"(0.9302579365079364, 1.0)",1,99.62498168498168,24159
"(0.9168478260869564, 1.0)",1,99.62496963891464,24160
"(0.9047619047619048, 1.0)",1,99.62496823516314,24161
"(0.904126984126984, 1.0)",1,99.62496031746032,24162
"(0.8571428571428572, 1.0)",1,99.62495207422744,24163
"(0.8864468864468864, 1.0)",1,99.62493894993897,24164
"(0.7765567765567766, 1.0)",2,99.6248534074621,24166
"(0.9023569023569024, 1.0)",2,99.6248238074325,24168
"(0.9696969696969696, 1.0)",1,99.62476412476413,24169
"(0.8376068376068376, 1.0)",1,99.62476412476413,24170
"(0.7200000000000001, 1.0)",1,99.6247619047619,24171
"(0.9230769230769232, 1.0)",1,99.62475685234308,24172
"(0.7996201329534663, 1.0)",1,99.62474328566284,24173
"(0.909209656084656, 1.0)",1,99.6247374396064,24174
"(0.8275809031622985, 1.0)",1,99.62473097531236,24175
"(0.9674603174603176, 1.0)",1,99.62472822599864,24176
"(0.8521317829457364, 1.0)",1,99.62472227256475,24177
"(0.9194577352472088, 1.0)",1,99.62468783366616,24178
"(0.8345959595959597, 1.0)",1,99.624677372278,24179
"(0.8078308130291714, 1.0)",1,99.62467492309044,24180
"(0.875, 1.0)",1,99.62465190754664,24181
"(0.9386724386724388, 1.0)",1,99.62463924963924,24182
"(0.8266666666666667, 1.0)",1,99.62463077984818,24183
"(0.9104993386243384, 1.0)",1,99.62461970899471,24184
"(0.8498168498168498, 1.0)",1,99.62456695556276,24185
"(0.7982954545454546, 1.0)",1,99.62452770183032,24186
"(0.8977777777777779, 1.0)",1,99.6245045045045,24187
"(0.9104993386243384, 1.0)",1,99.624463013838,24188
"(0.875, 1.0)",1,99.62445887445888,24189
"(0.9142520753512132, 1.0)",1,99.62445830430744,24190
"(0.7167919799498746, 1.0)",1,99.6244398875978,24191
"(1.0, 1.0)",1,99.62437562437566,24192
"(0.9023809523809524, 1.0)",1,99.62437533227006,24193
"(0.9047619047619048, 1.0)",1,99.62433862433862,24194
"(0.9507101086048454, 1.0)",1,99.62433414314842,24195
"(0.9, 1.0)",1,99.6242677400572,24196
"(0.9135802469135802, 1.0)",1,99.62420295753628,24197
"(0.896551724137931, 1.0)",2,99.6241852017714,24199
"(0.8888888888888888, 1.0)",1,99.6241504067591,24200
"(0.8622222222222222, 1.0)",4,99.62413707376332,24204
"(0.8275809031622985, 1.0)",1,99.62412443639624,24205
"(0.9841269841269842, 1.0)",1,99.62407024001229,24206
"(0.9172932330827066, 1.0)",1,99.62405238911722,24207
"(0.9047619047619048, 1.0)",2,99.62402382768516,24209
"(0.896551724137931, 1.0)",1,99.62402103421591,24210
"(0.9135802469135802, 1.0)",1,99.6240179573513,24211
"(0.8803174603174604, 1.0)",1,99.62401493930906,24212
"(0.7167919799498746, 1.0)",1,99.62399588715378,24213
"(0.9386724386724388, 1.0)",1,99.6239642973514,24214
"(0.8867623604465709, 1.0)",1,99.62393742370858,24215
"(0.8611111111111112, 1.0)",1,99.623923992674,24216
"(0.7708333333333334, 1.0)",1,99.6239067966017,24217
"(0.9444444444444444, 1.0)",1,99.62389770723104,24218
"(0.8888888888888888, 1.0)",1,99.62388167388168,24219
"(0.9841269841269842, 1.0)",1,99.62385762385762,24220
"(0.8013468013468013, 1.0)",1,99.62385762385762,24221
"(0.8666666666666667, 1.0)",1,99.62384497223206,24222
"(0.9135802469135802, 1.0)",1,99.62369729036396,24223
"(0.9047619047619048, 1.0)",1,99.62369729036396,24224
"(0.9391865079365078, 1.0)",1,99.62368729325812,24225
"(0.8547544409613373, 1.0)",1,99.6236859925016,24226
"(0.9740143369175628, 1.0)",1,99.62367050363018,24227
"(0.896551724137931, 1.0)",1,99.62364407623028,24228
"(0.875, 1.0)",6,99.6236398511974,24234
"(0.9230769230769232, 1.0)",1,99.62362275405754,24235
"(0.9333333333333332, 1.0)",1,99.62358809136305,24236
"(0.9135802469135802, 1.0)",1,99.62353695687028,24237
"(0.9465811965811968, 1.0)",1,99.62352694116584,24238
"(0.808641975308642, 1.0)",1,99.62352173069183,24239
"(0.875, 1.0)",1,99.62350168900512,24240
"(0.9565217391304348, 1.0)",1,99.6234744060831,24241
"(0.875, 1.0)",1,99.62346206425154,24242
"(0.875, 1.0)",2,99.62344093104964,24244
"(0.9696969696969696, 1.0)",1,99.62338498860238,24245
"(0.9172932330827066, 1.0)",1,99.62336876674443,24246
"(0.8502976190476191, 1.0)",1,99.62334935796892,24247
"(0.8831064306064307, 1.0)",1,99.62325244200244,24248
"(0.9194577352472088, 1.0)",1,99.62322637951928,24249
"(0.8952020202020202, 1.0)",1,99.62322354600131,24250
"(0.8502976190476191, 1.0)",1,99.62310305435304,24251
"(0.7141994478951, 1.0)",1,99.62310213940648,24252
"(0.75, 1.0)",1,99.62301587301587,24253
"(0.8498168498168498, 1.0)",1,99.62297965397543,24254
"(0.9047619047619048, 1.0)",1,99.622960563464,24255
"(0.9230769230769232, 1.0)",1,99.62293262293264,24256
"(0.8520449077786689, 1.0)",1,99.62289991661284,24257
"(0.8627450980392157, 1.0)",1,99.6228931625351,24258
"(0.8468468468468467, 1.0)",1,99.62289302289302,24259
"(0.9194577352472088, 1.0)",1,99.62288887201169,24260
"(0.8518518518518519, 1.0)",2,99.62286245044864,24262
"(0.8970659722222223, 1.0)",1,99.6228180445515,24263
"(0.865079365079365, 1.0)",1,99.62277069485307,24264
"(0.683375104427736, 1.0)",1,99.62276904382168,24265
"(0.8817204301075269, 1.0)",1,99.62270167108878,24266
"(0.9206349206349206, 1.0)",1,99.62270167108878,24267
"(0.9841269841269842, 1.0)",1,99.62265512265512,24268
"(0.8423371647509579, 1.0)",1,99.62264139755518,24269
"(0.9224211423699916, 1.0)",1,99.62262190778814,24270
"(0.8125, 1.0)",1,99.62260880696364,24271
"(0.9565217391304348, 1.0)",1,99.62260273620724,24272
"(0.8600272232304901, 1.0)",1,99.6225807480236,24273
"(0.9135802469135802, 1.0)",2,99.62257495590828,24275
"(0.9272486772486772, 1.0)",1,99.62249758444932,24276
"(0.8796296296296295, 1.0)",1,99.62247816922611,24277
"(0.8817204301075269, 1.0)",1,99.62246117084828,24278
"(0.936026936026936, 1.0)",1,99.6224399382294,24279
"(0.8448736477904788, 1.0)",1,99.62242309749416,24280
"(0.8666666666666667, 1.0)",1,99.62241636798088,24281
"(0.8402777777777779, 1.0)",1,99.62238455988457,24282
"(0.9248366013071896, 1.0)",2,99.62233958141886,24284
"(0.8521317829457364, 1.0)",1,99.62233710528352,24285
"(1.0, 1.0)",1,99.62228544333809,24286
"(0.875, 1.0)",1,99.62227308863557,24287
"(0.8468468468468467, 1.0)",2,99.6222719048806,24289
"(0.8229166666666666, 1.0)",1,99.6222666264689,24290
"(0.8571428571428572, 1.0)",1,99.62224299105858,24291
"(0.8831018518518517, 1.0)",1,99.62223956168944,24292
"(0.8831018518518517, 1.0)",1,99.62216218180237,24293
"(0.8729166666666666, 1.0)",1,99.62213331228956,24294
"(0.8055555555555555, 1.0)",2,99.62212460741873,24296
"(0.8686868686868687, 1.0)",1,99.62206607134144,24297
"(0.7975164658278694, 1.0)",1,99.62204321479906,24298
"(0.833064949006978, 1.0)",1,99.6220287558736,24299
"(0.8817204301075269, 1.0)",1,99.62198017036728,24300
"(0.8129629629629629, 1.0)",1,99.62197871572872,24301
"(0.9674603174603176, 1.0)",1,99.62197539302802,24302
"(0.9047619047619048, 1.0)",1,99.6219674045761,24303
"(0.8109668109668109, 1.0)",3,99.62193362193362,24306
"(0.8864468864468864, 1.0)",2,99.62193362193362,24308
"(0.7777777777777776, 1.0)",2,99.62193362193362,24310
"(0.8828828828828829, 1.0)",1,99.6219305019305,24311
"(0.8129898303922073, 1.0)",1,99.6219157834714,24312
"(0.875, 1.0)",1,99.62187476266423,24313
"(0.8571428571428572, 1.0)",1,99.62186500734596,24314
"(0.9230769230769232, 1.0)",1,99.6217824043911,24315
"(0.9194577352472088, 1.0)",1,99.62175543754492,24316
"(0.8013468013468013, 1.0)",1,99.6217310954153,24317
"(0.875, 1.0)",1,99.62172187715666,24318
"(0.8977777777777779, 1.0)",1,99.62171045429666,24319
"(0.8046935824713601, 1.0)",1,99.62169805947585,24320
"(0.8888888888888888, 1.0)",1,99.62169792296834,24321
"(0.8312992626493769, 1.0)",1,99.6216902523786,24322
"(0.8271652864044169, 1.0)",1,99.62165822301692,24323
"(0.875, 1.0)",1,99.62163990755946,24324
"(0.9445350241545892, 1.0)",1,99.62162598874556,24325
"(0.8817204301075269, 1.0)",1,99.62160373520824,24326
"(0.7167919799498746, 1.0)",6,99.62155388471176,24332
"(0.9327096052096052, 1.0)",1,99.62152853568176,24333
"(0.8270202020202021, 1.0)",1,99.6215256965257,24334
"(0.9841269841269842, 1.0)",1,99.62152168818837,24335
"(0.9047619047619048, 1.0)",1,99.62148962148962,24336
"(0.8611111111111112, 1.0)",1,99.62148442092888,24337
"(0.9841269841269842, 1.0)",1,99.62147525676936,24338
"(0.8312992626493769, 1.0)",1,99.62146460656471,24339
"(0.9589484126984128, 1.0)",1,99.62144711769712,24340
"(0.8547544409613373, 1.0)",2,99.621421107628,24342
"(0.8888888888888888, 1.0)",1,99.62141944900566,24343
"(0.8817204301075269, 1.0)",1,99.62140296979008,24344
"(0.9135802469135802, 1.0)",2,99.62135460381074,24346
"(0.8112491373360938, 1.0)",2,99.62132416926455,24348
"(0.9023809523809524, 1.0)",1,99.62126148705096,24349
"(0.9466207660652104, 1.0)",1,99.62125482419071,24350
"(0.8402777777777779, 1.0)",1,99.62122388481085,24351
"(0.8883205456095482, 1.0)",1,99.62117706107476,24352
"(0.8468468468468467, 1.0)",1,99.62117396900004,24353
"(0.9380032206119162, 1.0)",1,99.62107618629358,24354
"(0.875, 1.0)",1,99.62103174603176,24355
"(0.9047619047619048, 1.0)",1,99.62103174603176,24356
"(0.9565217391304348, 1.0)",1,99.62102773122264,24357
"(0.9592592592592591, 1.0)",1,99.621017240861,24358
"(0.9841269841269842, 1.0)",1,99.62097162097162,24359
"(0.8518518518518519, 1.0)",1,99.62096052096052,24360
"(0.9047619047619048, 1.0)",1,99.62094227611468,24361
"(0.9171090534979424, 1.0)",1,99.62094088953566,24362
"(0.773034398034398, 1.0)",1,99.62090251220688,24363
"(1.0, 1.0)",1,99.62084922451056,24364
"(0.9206349206349206, 1.0)",1,99.62083568605308,24365
"(0.833064949006978, 1.0)",1,99.6207633617054,24366
"(0.8817204301075269, 1.0)",1,99.62069750241793,24367
"(0.8055555555555555, 1.0)",1,99.62065637065638,24368
"(0.9466207660652104, 1.0)",1,99.62063421403698,24369
"(0.8053221288515406, 1.0)",1,99.62061794414736,24370
"(0.808641975308642, 1.0)",2,99.62060778727444,24372
"(0.8952380952380952, 1.0)",1,99.62053844038611,24373
"(0.8888888888888888, 1.0)",1,99.6204906204906,24374
"(0.9696969696969696, 1.0)",1,99.6204906204906,24375
"(0.7460317460317459, 1.0)",1,99.6204906204906,24376
"(0.896551724137931, 1.0)",1,99.6204844006568,24377
"(0.9841269841269842, 1.0)",1,99.62044815088294,24378
"(0.8571428571428572, 1.0)",1,99.62038728534893,24379
"(0.8425925925925927, 1.0)",1,99.62037037037037,24380
"(0.8952020202020202, 1.0)",1,99.62036979481424,24381
"(0.8831018518518517, 1.0)",1,99.6203373015873,24382
"(0.8686868686868687, 1.0)",1,99.62032085561498,24383
"(0.9224211423699916, 1.0)",1,99.62031739816098,24384
"(0.9507101086048454, 1.0)",1,99.6203007518797,24385
"(0.9391865079365078, 1.0)",1,99.620286010286,24386
"(0.7460317460317459, 1.0)",1,99.62026277815752,24387
"(0.92710864283235, 1.0)",1,99.62026272948349,24388
"(0.9674603174603176, 1.0)",1,99.6202380952381,24389
"(0.9135802469135802, 1.0)",2,99.62022223616428,24391
"(0.8675136116152449, 1.0)",1,99.62021558426606,24392
"(0.8888888888888888, 1.0)",1,99.62020202020202,24393
"(0.8888888888888888, 1.0)",1,99.62019062808535,24394
"(0.9444444444444444, 1.0)",1,99.62017636684304,24395
"(0.958531746031746, 1.0)",1,99.62014171014172,24396
"(0.9306746031746032, 1.0)",1,99.62013172261828,24397
"(0.9364583333333332, 1.0)",2,99.6200773365241,24399
"(1.0, 1.0)",1,99.62001873596076,24400
"(0.875, 1.0)",1,99.61999265518756,24401
"(0.8729166666666666, 1.0)",1,99.6199729748221,24402
"(0.9047619047619048, 1.0)",1,99.61992945326278,24403
"(0.8109668109668109, 1.0)",1,99.61989368656036,24404
"(0.9047619047619048, 1.0)",1,99.61988304093568,24405
"(0.9047619047619048, 1.0)",1,99.61981566820276,24406
"(0.8616898148148148, 1.0)",1,99.61980528987472,24407
"(0.8833628057765988, 1.0)",1,99.61972047838428,24408
"(0.9444444444444444, 1.0)",1,99.61965811965813,24409
"(0.896551724137931, 1.0)",1,99.61965229506458,24410
"(1.0, 1.0)",1,99.61965229506458,24411
"(0.8666666666666667, 1.0)",1,99.619610588411,24412
"(0.8055555555555555, 1.0)",1,99.6195675971538,24413
"(0.9224211423699916, 1.0)",1,99.61956350617902,24414
"(0.875, 1.0)",1,99.6195540778874,24415
"(0.8468468468468467, 1.0)",1,99.6195485179356,24416
"(0.9444444444444444, 1.0)",1,99.61952861952862,24417
"(0.8376068376068376, 1.0)",1,99.61952540213412,24418
"(0.8376068376068376, 1.0)",1,99.6195254021341,24419
"(0.8750600325600326, 1.0)",1,99.61950147075147,24420
"(0.8616898148148148, 1.0)",1,99.61947144174968,24421
"(0.9023569023569024, 1.0)",1,99.61943065833226,24422
"(0.9135802469135802, 1.0)",1,99.61941301064108,24423
"(0.8571428571428572, 1.0)",1,99.61940528607197,24424
"(0.8858975827700768, 1.0)",1,99.61931552098608,24425
"(0.8487103174603176, 1.0)",2,99.61927308802308,24427
"(0.9465811965811968, 1.0)",1,99.61924952735436,24428
"(0.9696969696969696, 1.0)",1,99.61913101231988,24429
"(0.9306746031746032, 1.0)",1,99.61911368521018,24430
"(0.9444444444444444, 1.0)",1,99.61910223905107,24431
"(0.8817204301075269, 1.0)",2,99.61909416748126,24433
"(0.883580779054917, 1.0)",1,99.61907074819072,24434
"(0.9592592592592591, 1.0)",1,99.61906847781847,24435
"(0.8888888888888888, 1.0)",1,99.61904761904762,24436
"(0.9104993386243384, 1.0)",1,99.6190159787942,24437
"(0.9589484126984128, 1.0)",1,99.61901575276576,24438
"(0.9171090534979424, 1.0)",1,99.6189675191064,24439
"(0.7496650452295612, 1.0)",1,99.61889174445626,24440
"(0.9264176245210728, 1.0)",1,99.61882503192848,24441
"(0.8520449077786689, 1.0)",1,99.618818161847,24442
"(0.8571428571428572, 1.0)",1,99.61875901875902,24443
"(0.919047619047619, 1.0)",1,99.6187521013608,24444
"(0.7707924493038034, 1.0)",2,99.61873557099692,24446
"(0.8731060606060606, 1.0)",1,99.61866161616162,24447
"(0.8266666666666667, 1.0)",1,99.61864661654135,24448
"(0.8888888888888888, 1.0)",1,99.6185919343814,24449
"(0.9104993386243384, 1.0)",1,99.61854350382129,24450
"(0.8804909560723515, 1.0)",1,99.618513375454,24451
"(0.9224211423699916, 1.0)",1,99.61849957374254,24452
"(0.8271652864044169, 1.0)",1,99.6184299271135,24453
"(0.875, 1.0)",1,99.61839857098478,24454
"(0.8281653746770027, 1.0)",1,99.61837168703352,24455
"(0.8170426065162907, 1.0)",1,99.61835623541612,24456
"(0.896551724137931, 1.0)",1,99.61831205609316,24457
"(0.9333333333333332, 1.0)",1,99.6182425761373,24458
"(0.9172932330827066, 1.0)",2,99.61823721663538,24460
"(0.8046935824713601, 1.0)",1,99.61822238905572,24461
"(0.8129898303922073, 1.0)",1,99.61806347836908,24462
"(0.896551724137931, 1.0)",1,99.61803985652423,24463
"(0.8858975827700768, 1.0)",2,99.61800818281444,24465
"(0.875, 1.0)",2,99.61800407399988,24467
"(0.8448736477904788, 1.0)",1,99.61798634405687,24468
"(0.8817204301075269, 1.0)",1,99.61793976632686,24469
"(0.875, 1.0)",1,99.61791790081264,24470
"(0.896551724137931, 1.0)",1,99.61790814549435,24471
"(0.8864468864468864, 1.0)",1,99.61790431790432,24472
"(0.9364583333333332, 1.0)",1,99.6178751718392,24473
"(0.7765567765567766, 1.0)",1,99.6178266178266,24474
"(0.8229166666666666, 1.0)",1,99.61782059314952,24475
"(0.8686868686868687, 1.0)",1,99.61780996780996,24476
"(0.8873002904865649, 1.0)",1,99.61779661763612,24477
"(0.8376068376068376, 1.0)",1,99.617787017787,24478
"(0.9230769230769232, 1.0)",1,99.61778318300055,24479
"(0.8571428571428572, 1.0)",1,99.61778188286809,24480
"(0.8376068376068376, 1.0)",2,99.61766303871568,24482
"(0.875, 1.0)",1,99.61764382960035,24483
"(0.7765567765567766, 1.0)",1,99.6176282051282,24484
"(0.9135802469135802, 1.0)",1,99.61759518622264,24485
"(0.9565217391304348, 1.0)",1,99.61757324800804,24486
"(0.875, 1.0)",1,99.61756854256852,24487
"(0.9333333333333332, 1.0)",1,99.6175496001583,24488
"(0.883876357560568, 1.0)",2,99.6175479491269,24490
"(0.9740143369175628, 1.0)",1,99.61752624167949,24491
"(0.8468468468468467, 1.0)",2,99.61752353857617,24493
"(0.8468468468468467, 1.0)",1,99.61745616584328,24494
"(0.9243650793650792, 1.0)",1,99.6174428765022,24495
"(0.9213117283950616, 1.0)",2,99.61743352326684,24497
"(0.8616898148148148, 1.0)",1,99.61735713961512,24498
"(0.8350168350168351, 1.0)",1,99.6173286752234,24499
"(0.9841269841269842, 1.0)",1,99.61732691412324,24500
"(0.9135802469135802, 1.0)",2,99.61728395061728,24502
"(0.896551724137931, 1.0)",1,99.61728306500656,24503
"(0.8740392648287385, 1.0)",1,99.61727339181286,24504
"(0.9386724386724388, 1.0)",1,99.61724386724389,24505
"(0.8731060606060606, 1.0)",1,99.61721727346728,24506
"(0.8319664902998236, 1.0)",1,99.61719797178132,24507
"(0.9230769230769232, 1.0)",1,99.61716061716062,24508
"(0.896551724137931, 1.0)",1,99.61714272733764,24509
"(0.9565217391304348, 1.0)",1,99.61703996486604,24510
"(0.9, 1.0)",1,99.61702741702742,24511
"(0.8888888888888888, 1.0)",2,99.61700242315816,24513
"(0.9615343915343916, 1.0)",2,99.617000535307,24515
"(0.9109477124183006, 1.0)",1,99.6169882767922,24516
"(0.8547544409613373, 1.0)",1,99.61697248607412,24517
"(0.8873002904865649, 1.0)",1,99.61696277555228,24518
"(0.9230769230769232, 1.0)",1,99.61678418200157,24519
"(0.8833628057765988, 1.0)",1,99.61671853605016,24520
"(0.8822954822954823, 1.0)",1,99.61670599529296,24521
"(0.8421052631578948, 1.0)",1,99.61669782035916,24522
"(0.9047619047619048, 1.0)",1,99.6166948993036,24523
"(0.8864468864468864, 1.0)",1,99.61669105748052,24524
"(0.8198261686633779, 1.0)",1,99.61667273607446,24525
"(1.0, 1.0)",1,99.61660944419565,24526
"(0.8067271451483561, 1.0)",1,99.61655347017674,24527
"(0.9023809523809524, 1.0)",1,99.61652236652236,24528
"(0.9841269841269842, 1.0)",1,99.61649831649832,24529
"(0.8266666666666667, 1.0)",2,99.61646945646946,24531
"(0.9027274557165862, 1.0)",1,99.61646903820817,24532
"(0.8900759734093067, 1.0)",1,99.61646654483256,24533
"(0.8571428571428572, 1.0)",1,99.61643967932,24534
"(1.0, 1.0)",1,99.61642122661613,24535
"(0.9841269841269842, 1.0)",3,99.61640211640211,24538
"(0.8264567669172932, 1.0)",1,99.61636264807318,24539
"(0.8888888888888888, 1.0)",1,99.61632194965529,24540
"(0.8275809031622985, 1.0)",1,99.61631046064186,24541
"(0.9135802469135802, 1.0)",1,99.61630190796858,24542
"(0.8170426065162907, 1.0)",1,99.61629564106345,24543
"(0.8817204301075269, 1.0)",2,99.61628385015187,24545
"(0.8915343915343915, 1.0)",1,99.61623847926268,24546
"(0.9027274557165862, 1.0)",1,99.61623755672667,24547
"(0.9230769230769232, 1.0)",1,99.61616544375164,24548
"(0.9194577352472088, 1.0)",1,99.616116047695,24549
"(0.8803174603174604, 1.0)",1,99.6160531960532,24550
"(0.8498168498168498, 1.0)",1,99.61604015951842,24551
"(0.8170426065162907, 1.0)",1,99.6159844054581,24552
"(0.9142520753512132, 1.0)",1,99.6159543545535,24553
"(1.0, 1.0)",1,99.61593377382852,24554
"(0.7777777777777776, 1.0)",2,99.61587301587302,24556
"(0.9333333333333332, 1.0)",1,99.61587301587302,24557
"(0.7460317460317459, 1.0)",2,99.615873015873,24559
"(0.8078308130291714, 1.0)",1,99.61586235397398,24560
"(0.9841269841269842, 1.0)",1,99.61584409368768,24561
"(0.8264567669172932, 1.0)",1,99.61582184628236,24562
"(0.8373015873015873, 1.0)",1,99.6157809983897,24563
"(0.904126984126984, 1.0)",1,99.61573247170575,24564
"(0.9507101086048454, 1.0)",1,99.61570593149544,24565
"(0.8888888888888888, 1.0)",1,99.61569745620088,24566
"(0.9386724386724388, 1.0)",1,99.61569264069264,24567
"(0.9135802469135802, 1.0)",1,99.61567126479407,24568
"(0.8592532467532467, 1.0)",1,99.6156575677409,24569
"(0.8571428571428572, 1.0)",2,99.61559696342306,24571
"(0.8170426065162907, 1.0)",1,99.6155019902698,24572
"(0.8487103174603176, 1.0)",1,99.61549908424908,24573
"(0.9386724386724388, 1.0)",1,99.61544011544012,24574
"(0.9047619047619048, 1.0)",1,99.61544011544012,24575
"(0.9023809523809524, 1.0)",1,99.61539264828738,24576
"(0.9466207660652104, 1.0)",1,99.61535661020427,24577
"(0.9047619047619048, 1.0)",1,99.6153062886934,24578
"(0.8170426065162907, 1.0)",1,99.61529176476544,24579
"(0.8521317829457364, 1.0)",1,99.61525894190372,24580
"(0.8013468013468013, 1.0)",1,99.6151996151996,24581
"(0.896551724137931, 1.0)",1,99.61516644275264,24582
"(0.8170426065162907, 1.0)",1,99.61512850754336,24583
"(0.9047619047619048, 1.0)",1,99.61507485268356,24584
"(0.9465811965811968, 1.0)",1,99.61505714267813,24585
"(0.8266666666666667, 1.0)",1,99.61499101288577,24586
"(0.8055555555555555, 1.0)",2,99.61489114749985,24588
"(0.8266666666666667, 1.0)",1,99.61488215488215,24589
"(0.9047619047619048, 1.0)",2,99.61487894821228,24591
"(0.8468468468468467, 1.0)",1,99.61487871327688,24592
"(0.8803174603174604, 1.0)",1,99.61485174323884,24593
"(0.9230769230769232, 1.0)",1,99.6148356188924,24594
"(0.875, 1.0)",2,99.61481573981574,24596
"(0.896551724137931, 1.0)",1,99.6148056923919,24597
"(0.9213117283950616, 1.0)",1,99.61474171384006,24598
"(0.904126984126984, 1.0)",1,99.61473736140402,24599
"(0.8571428571428572, 1.0)",1,99.6147186147186,24600
"(0.9206349206349206, 1.0)",1,99.6147186147186,24601
"(0.8415692007797271, 1.0)",2,99.61462774319313,24603
"(0.8977777777777779, 1.0)",1,99.61459520964895,24604
"(0.8831064306064307, 1.0)",1,99.614568547672,24605
"(0.8275809031622985, 1.0)",1,99.61456322639462,24606
"(0.751918158567775, 1.0)",1,99.61455552120512,24607
"(0.9740143369175628, 1.0)",1,99.61450435615758,24608
"(0.7081939799331105, 1.0)",2,99.61449739873652,24610
"(1.0, 1.0)",1,99.61449077238552,24611
"(0.9192180611357128, 1.0)",1,99.6144881137294,24612
"(0.7200000000000001, 1.0)",2,99.61447267708138,24614
"(0.8592532467532467, 1.0)",1,99.614469199383,24615
"(0.7616334283000951, 1.0)",1,99.61444728111394,24616
"(0.8376068376068376, 1.0)",1,99.61443223443224,24617
"(0.8857001484413657, 1.0)",1,99.6143877849822,24618
"(0.9109477124183006, 1.0)",1,99.61438303179564,24619
"(0.8468468468468467, 1.0)",1,99.61435384964796,24620
"(0.8977777777777779, 1.0)",1,99.61434191539456,24621
"(0.8468468468468467, 1.0)",1,99.61433539694409,24622
"(0.9224211423699916, 1.0)",1,99.61431473265068,24623
"(0.9444444444444444, 1.0)",1,99.61428571428571,24624
"(0.896551724137931, 1.0)",1,99.61427354352904,24625
"(0.8817204301075269, 1.0)",1,99.61426475387992,24626
"(0.8822954822954823, 1.0)",1,99.6142568080068,24627
"(0.8817204301075269, 1.0)",2,99.61425099022428,24629
"(0.8112491373360938, 1.0)",1,99.61424555248831,24630
"(0.8332521117608837, 1.0)",1,99.61418007268884,24631
"(0.9696969696969696, 1.0)",1,99.61404939665807,24632
"(0.9023569023569024, 1.0)",1,99.61403927033216,24633
"(0.875, 1.0)",1,99.61402705481652,24634
"(0.7400546757164405, 1.0)",2,99.6140168246786,24636
"(0.808641975308642, 1.0)",1,99.61399711399712,24637
"(0.875, 1.0)",1,99.6139770723104,24638
"(0.8448736477904788, 1.0)",1,99.61397065656678,24639
"(0.8112491373360938, 1.0)",1,99.61395296964062,24640
"(0.8129898303922073, 1.0)",1,99.61394944033438,24641
"(0.8750600325600326, 1.0)",1,99.6139423076923,24642
"(0.8055555555555555, 1.0)",2,99.61392914653784,24644
"(0.9172932330827066, 1.0)",1,99.6138943372925,24645
"(0.8977777777777779, 1.0)",1,99.61381977671452,24646
"(0.875, 1.0)",1,99.61381673881674,24647
"(0.8571428571428572, 1.0)",1,99.6138072453862,24648
"(0.875, 1.0)",1,99.61374396135264,24649
"(0.9230769230769232, 1.0)",1,99.61372948039616,24650
"(0.9047619047619048, 1.0)",1,99.61372344130965,24651
"(0.9444444444444444, 1.0)",1,99.61368878035547,24652
"(0.7081939799331105, 1.0)",1,99.61366205252077,24653
"(0.8521317829457364, 1.0)",1,99.61362716232188,24654
"(0.8888888888888888, 1.0)",1,99.61354915615786,24655
"(0.8686868686868687, 1.0)",1,99.6134976134976,24656
"(0.896551724137931, 1.0)",1,99.61342698438888,24657
"(0.7996201329534663, 1.0)",1,99.61342484675818,24658
"(0.9172932330827066, 1.0)",1,99.61341316253598,24659
"(0.9841269841269842, 1.0)",1,99.61339527680992,24660
"(0.8498168498168498, 1.0)",2,99.61338942860682,24662
"(0.8817204301075269, 1.0)",1,99.61335836604654,24663
"(0.8550741594067247, 1.0)",1,99.61328871541608,24664
"(0.8270202020202021, 1.0)",1,99.61328622358036,24665
"(0.936026936026936, 1.0)",1,99.61327979588847,24666
"(0.8883205456095482, 1.0)",1,99.61321481398208,24667
"(0.8774509803921569, 1.0)",1,99.61321195144724,24668
"(0.9171090534979424, 1.0)",1,99.61320607443191,24669
"(0.8266666666666667, 1.0)",1,99.61315055315056,24670
"(0.9444444444444444, 1.0)",1,99.61309523809524,24671
"(0.9841269841269842, 1.0)",1,99.61309122328612,24672
"(0.7616334283000951, 1.0)",1,99.6130508281046,24673
"(0.9047619047619048, 1.0)",1,99.61302401302402,24674
"(0.9047619047619048, 1.0)",1,99.61302216302217,24675
"(0.7840187590187591, 1.0)",1,99.6129559354425,24676
"(0.7502088554720134, 1.0)",1,99.61295395351124,24677
"(0.9047619047619048, 1.0)",1,99.61289917811658,24678
"(0.9364583333333332, 1.0)",1,99.61289020286866,24679
"(0.808641975308642, 1.0)",1,99.61288743744883,24680
"(0.875, 1.0)",1,99.61282156540776,24681
"(0.8350168350168351, 1.0)",1,99.61279461279462,24682
"(0.8897707231040564, 1.0)",1,99.61278659611992,24683
"(0.896551724137931, 1.0)",1,99.61275423084388,24684
"(0.7996201329534663, 1.0)",3,99.6127514460848,24687
"(0.875, 1.0)",1,99.6127450980392,24688
"(0.9135802469135802, 1.0)",4,99.61271122865324,24692
"(0.9142520753512132, 1.0)",1,99.61268512378426,24693
"(0.9224211423699916, 1.0)",1,99.61266949051308,24694
"(0.8627450980392157, 1.0)",1,99.61266184795596,24695
"(0.9192180611357128, 1.0)",1,99.61265192387664,24696
"(0.904126984126984, 1.0)",2,99.61264452023072,24698
"(0.9696969696969696, 1.0)",1,99.61264339525208,24699
"(0.8551296720061023, 1.0)",1,99.61259172134196,24700
"(0.8330439814814815, 1.0)",1,99.61255468319808,24701
"(0.8376068376068376, 1.0)",1,99.6125356125356,24702
"(0.7765567765567766, 1.0)",1,99.6125356125356,24703
"(0.8883205456095482, 1.0)",1,99.6125268948159,24704
"(0.9492266992266992, 1.0)",1,99.61250972985349,24705
"(0.8592532467532467, 1.0)",1,99.6124825226093,24706
"(0.7840187590187591, 1.0)",1,99.61241382074716,24707
"(0.896551724137931, 1.0)",1,99.61237353673394,24708
"(0.8729166666666666, 1.0)",2,99.61237131297617,24710
"(0.896551724137931, 1.0)",2,99.61236588074156,24712
"(0.8527777777777779, 1.0)",1,99.61232981993852,24713
"(0.8468468468468467, 1.0)",1,99.61232103315436,24714
"(0.8571428571428572, 1.0)",1,99.61228043986664,24715
"(0.8550741594067247, 1.0)",1,99.6122747719011,24716
"(0.896551724137931, 1.0)",1,99.61224411717586,24717
"(0.8502976190476191, 1.0)",1,99.61221708914007,24718
"(0.8055555555555555, 1.0)",1,99.61219336219337,24719
"(0.875, 1.0)",1,99.61218551979422,24720
"(0.9507101086048454, 1.0)",2,99.61216192839,24722
"(0.9351258309591644, 1.0)",2,99.6121056247924,24724
"(0.8622222222222222, 1.0)",1,99.61205977907731,24725
"(0.9333333333333332, 1.0)",3,99.6120148856991,24728
"(0.9168478260869564, 1.0)",1,99.6119676752784,24729
"(0.9104993386243384, 1.0)",1,99.61196148758648,24730
"(0.883580779054917, 1.0)",1,99.6119243847411,24731
"(0.8686868686868687, 1.0)",2,99.61192024349918,24733
"(0.7141994478951, 1.0)",1,99.61190667893568,24734
"(0.9497685185185184, 1.0)",1,99.6118567251462,24735
"(0.8571428571428572, 1.0)",2,99.6118326118326,24737
"(0.9, 1.0)",1,99.61182151182152,24738
"(0.8897707231040564, 1.0)",1,99.61178944512278,24739
"(0.8970659722222223, 1.0)",1,99.61177266649412,24740
"(0.896551724137931, 1.0)",1,99.61171927263882,24741
"(0.8888888888888888, 1.0)",1,99.61170848267622,24742
"(0.875, 1.0)",1,99.61170191931062,24743
"(0.9841269841269842, 1.0)",1,99.61164439425308,24744
"(0.8611111111111112, 1.0)",1,99.61164432789433,24745
"(0.9087026014109348, 1.0)",1,99.61162060354768,24746
"(0.896551724137931, 1.0)",1,99.6116054875788,24747
"(0.9391865079365078, 1.0)",2,99.61160334891925,24749
"(0.9047619047619048, 1.0)",1,99.61159707993303,24750
"(0.883580779054917, 1.0)",1,99.6115802801139,24751
"(0.8686868686868687, 1.0)",1,99.611544011544,24752
"(0.8686868686868687, 1.0)",1,99.61153540828336,24753
"(0.8498168498168498, 1.0)",1,99.6114937693885,24754
"(0.896551724137931, 1.0)",1,99.611486789073,24755
"(0.8888888888888888, 1.0)",2,99.6114604693552,24757
"(0.8345959595959597, 1.0)",1,99.61140304140304,24758
"(0.9023569023569024, 1.0)",1,99.6113516113516,24759
"(0.8376068376068376, 1.0)",1,99.61130029390898,24760
"(0.896551724137931, 1.0)",1,99.61128541827664,24761
"(0.8518518518518519, 1.0)",1,99.61126293884914,24762
"(0.8448736477904788, 1.0)",1,99.61125295091206,24763
"(0.8423371647509579, 1.0)",1,99.61123978990358,24764
"(0.9589484126984128, 1.0)",1,99.6112042124542,24765
"(0.8053221288515406, 1.0)",1,99.61118293471236,24766
"(0.8368686868686868, 1.0)",1,99.6111556036556,24767
"(0.8888888888888888, 1.0)",1,99.61111111111111,24768
"(0.7361111111111112, 1.0)",1,99.61111111111111,24769
"(0.9065438871473354, 1.0)",1,99.61104766476086,24770
"(0.8897707231040564, 1.0)",1,99.61093892688096,24771
"(0.9386724386724388, 1.0)",2,99.61093073593074,24773
"(0.7544006919006919, 1.0)",1,99.61090550820892,24774
"(0.8163854689162486, 1.0)",2,99.61089815017138,24776
"(0.8864468864468864, 1.0)",1,99.61088015926724,24777
"(0.8518518518518519, 1.0)",1,99.61084272678475,24778
"(0.9841269841269842, 1.0)",1,99.61083743842364,24779
"(0.8571428571428572, 1.0)",1,99.61083743842364,24780
"(0.896551724137931, 1.0)",3,99.61083743842364,24783
"(0.8439484126984128, 1.0)",1,99.61083333333332,24784
"(0.8622222222222222, 1.0)",2,99.61080745341616,24786
"(0.9466207660652104, 1.0)",1,99.61076327711184,24787
"(0.875, 1.0)",1,99.61076097105509,24788
"(0.7982954545454546, 1.0)",1,99.61068522526855,24789
"(0.7081939799331105, 1.0)",2,99.610676419269,24791
"(0.8864468864468864, 1.0)",1,99.61065323565325,24792
"(0.9224211423699916, 1.0)",1,99.61061258056142,24793
"(0.9065438871473354, 1.0)",1,99.61059359474967,24794
"(0.8859337035751476, 1.0)",1,99.61056346074122,24795
"(0.8627450980392157, 1.0)",1,99.6105393485558,24796
"(0.8817204301075269, 1.0)",1,99.61048270725688,24797
"(0.8611111111111112, 1.0)",1,99.6104487872409,24798
"(0.875, 1.0)",1,99.61044759334231,24799
"(0.9065438871473354, 1.0)",1,99.61043633728978,24800
"(0.7708333333333334, 1.0)",1,99.61043233082708,24801
"(0.9047619047619048, 1.0)",1,99.6103923782952,24802
"(0.8864468864468864, 1.0)",1,99.61037956296576,24803
"(0.7707924493038034, 1.0)",2,99.61037578263712,24805
"(0.9565217391304348, 1.0)",1,99.61033035670717,24806
"(0.9674603174603176, 1.0)",1,99.61031746031746,24807
"(0.9023569023569024, 1.0)",1,99.61027226285847,24808
"(0.9135802469135802, 1.0)",1,99.61026134359469,24809
"(0.8046935824713601, 1.0)",1,99.61025626053404,24810
"(0.8487103174603176, 1.0)",1,99.6102397039897,24811
"(0.7982954545454546, 1.0)",1,99.61022844908716,24812
"(0.8888888888888888, 1.0)",1,99.610190292799,24813
"(0.9224211423699916, 1.0)",1,99.61017247062476,24814
"(0.7982954545454546, 1.0)",1,99.61014409972744,24815
"(0.875, 1.0)",1,99.61013493879626,24816
"(0.7982954545454546, 1.0)",1,99.61009768740033,24817
"(0.9841269841269842, 1.0)",2,99.6100936100936,24819
"(0.9444444444444444, 1.0)",1,99.61004273504274,24820
"(0.8686868686868687, 1.0)",1,99.61003593356534,24821
"(0.8550741594067247, 1.0)",1,99.61000116466732,24822
"(0.9696969696969696, 1.0)",1,99.6099567099567,24823
"(0.8583509513742072, 1.0)",1,99.60986075730705,24824
"(0.8627450980392157, 1.0)",1,99.60984770303656,24825
"(0.9333333333333332, 1.0)",1,99.6098441779338,24826
"(0.9135802469135802, 1.0)",1,99.60980840147506,24827
"(0.8551296720061023, 1.0)",1,99.60979086628686,24828
"(0.9, 1.0)",1,99.6097658676606,24829
"(0.9565217391304348, 1.0)",1,99.6097573923661,24830
"(0.9224211423699916, 1.0)",1,99.60973560771647,24831
"(0.9306746031746032, 1.0)",1,99.6097229971794,24832
"(0.8518518518518519, 1.0)",1,99.60968721988212,24833
"(0.8627450980392157, 1.0)",1,99.60965867828614,24834
"(0.9264176245210728, 1.0)",1,99.60963343648687,24835
"(0.7167919799498746, 1.0)",1,99.60956587272376,24836
"(0.8309016086793863, 1.0)",2,99.6095620029446,24838
"(0.8053221288515406, 1.0)",1,99.60955493308435,24839
"(0.9841269841269842, 1.0)",2,99.60953997897973,24841
"(0.8888888888888888, 1.0)",1,99.60948773448774,24842
"(0.8551296720061023, 1.0)",1,99.6094653217365,24843
"(0.9264176245210728, 1.0)",1,99.6094571544356,24844
"(0.9135802469135802, 1.0)",1,99.60941238324916,24845
"(0.8112794612794614, 1.0)",1,99.60940226440226,24846
"(0.9047619047619048, 1.0)",1,99.60939443698064,24847
"(0.9047619047619048, 1.0)",1,99.60938578329882,24848
"(0.8468468468468467, 1.0)",1,99.60936505864042,24849
"(0.9523809523809524, 1.0)",1,99.6093570524126,24850
"(0.8719806763285025, 1.0)",1,99.60935441370223,24851
"(0.8498168498168499, 1.0)",1,99.60934065934066,24852
"(0.8375771604938271, 1.0)",1,99.60933063271604,24853
"(0.9592592592592591, 1.0)",1,99.60926810062332,24854
"(0.9507101086048454, 1.0)",1,99.60923153521593,24855
"(0.9407729468599032, 1.0)",1,99.60921871405569,24856
"(0.8402777777777779, 1.0)",1,99.60920254670256,24857
"(0.8750600325600326, 1.0)",1,99.6091511487707,24858
"(0.7996201329534663, 1.0)",2,99.60914394247727,24860
"(0.896551724137931, 1.0)",1,99.60913871056168,24861
"(0.9841269841269842, 1.0)",1,99.60910345692956,24862
"(0.9135802469135802, 1.0)",1,99.60907905835442,24863
"(0.9589484126984128, 1.0)",1,99.6090497409095,24864
"(0.9047619047619048, 1.0)",1,99.60902479163347,24865
"(0.9507101086048454, 1.0)",1,99.60901939191412,24866
"(0.8817204301075269, 1.0)",1,99.60893429811088,24867
"(0.9135802469135802, 1.0)",1,99.60891872486076,24868
"(0.8888888888888888, 1.0)",1,99.6088669950739,24869
"(0.8266666666666667, 1.0)",3,99.60876559214128,24872
"(0.9565217391304348, 1.0)",1,99.60875839136708,24873
"(0.8888888888888888, 1.0)",1,99.60875160875162,24874
"(0.9841269841269842, 1.0)",2,99.60870455709166,24876
"(0.9674603174603176, 1.0)",1,99.6087030818152,24877
"(0.9047619047619048, 1.0)",1,99.608658008658,24878
"(0.8425925925925927, 1.0)",1,99.60863814124684,24879
"(0.7013888888888888, 1.0)",1,99.6085927960928,24880
"(0.9135802469135802, 1.0)",1,99.60858620713694,24881
"(0.9696969696969696, 1.0)",1,99.60857017378756,24882
"(0.7167919799498746, 1.0)",1,99.60856687172478,24883
"(0.7869981325863679, 1.0)",1,99.60854852719623,24884
"(0.8376068376068376, 1.0)",1,99.608547008547,24885
"(0.9407729468599032, 1.0)",1,99.60853381263462,24886
"(0.9674603174603176, 1.0)",1,99.60850569183904,24887
"(0.9142520753512132, 1.0)",1,99.60850555855453,24888
"(0.9047619047619048, 1.0)",1,99.6084656084656,24889
"(0.8163854689162486, 1.0)",1,99.60845750418436,24890
"(0.8571428571428572, 1.0)",1,99.60844902224213,24891
"(0.9135802469135802, 1.0)",1,99.6084319901524,24892
"(0.8402777777777779, 1.0)",1,99.60838744588744,24893
"(0.8063492063492064, 1.0)",1,99.6083694083694,24894
"(0.8402777777777779, 1.0)",1,99.60836466165414,24895
"(0.8977777777777779, 1.0)",1,99.60835705357444,24896
"(0.9168478260869564, 1.0)",2,99.60835582421008,24898
"(0.7200000000000001, 1.0)",1,99.60832054560954,24899
"(0.8586378737541528, 1.0)",1,99.60828305095347,24900
"(0.8740392648287385, 1.0)",1,99.60826545530492,24901
"(0.8888888888888888, 1.0)",1,99.60824080403027,24902
"(0.875, 1.0)",1,99.60821048321048,24903
"(0.8817204301075269, 1.0)",1,99.6081399043531,24904
"(0.9135802469135802, 1.0)",1,99.60813481515235,24905
"(0.8858975827700768, 1.0)",1,99.60811049661336,24906
"(0.8112491373360938, 1.0)",1,99.60809175708194,24907
"(0.8817204301075269, 1.0)",1,99.60803115641824,24908
"(0.8518518518518519, 1.0)",1,99.60802651002288,24909
"(1.0, 1.0)",2,99.60802469135804,24911
"(0.8900759734093067, 1.0)",1,99.60795645314462,24912
"(0.8859337035751476, 1.0)",1,99.60792141373004,24913
"(0.8991666666666667, 1.0)",1,99.6078575491943,24914
"(0.8266666666666667, 1.0)",1,99.60785263046132,24915
"(0.9230769230769232, 1.0)",1,99.60779794830138,24916
"(0.9507101086048454, 1.0)",1,99.60776942355888,24917
"(0.896551724137931, 1.0)",1,99.60776321795812,24918
"(0.9465811965811968, 1.0)",1,99.6077203525641,24919
"(0.8013468013468013, 1.0)",1,99.607696007696,24920
"(0.8873002904865649, 1.0)",1,99.60767282019911,24921
"(1.0, 1.0)",1,99.60759734093068,24922
"(0.9047619047619048, 1.0)",1,99.60757929306024,24923
"(0.8129629629629629, 1.0)",1,99.6074546447916,24924
"(0.8425925925925927, 1.0)",1,99.6073941798942,24925
"(0.896551724137931, 1.0)",1,99.60738916256156,24926
"(0.875, 1.0)",1,99.60737289026764,24927
"(0.8053221288515406, 1.0)",1,99.60734233087176,24928
"(0.875, 1.0)",1,99.60732705991327,24929
"(0.9194577352472088, 1.0)",1,99.607311886516,24930
"(0.8729166666666666, 1.0)",1,99.6073031992566,24931
"(0.8791208791208792, 1.0)",1,99.60727195509804,24932
"(0.9444444444444444, 1.0)",1,99.607206752058,24933
"(0.865079365079365, 1.0)",1,99.60720477082032,24934
"(0.7200000000000001, 1.0)",1,99.60715728715728,24935
"(0.7869981325863679, 1.0)",1,99.60709514205836,24936
"(0.9466207660652104, 1.0)",1,99.60706939922218,24937
"(0.7616334283000951, 1.0)",1,99.6070440563194,24938
"(0.9333333333333332, 1.0)",1,99.60702678963548,24939
"(0.8350168350168351, 1.0)",1,99.60702643461264,24940
"(0.875, 1.0)",1,99.60700379867046,24941
"(0.883876357560568, 1.0)",1,99.60698041399796,24942
"(0.8831064306064307, 1.0)",1,99.60697861411124,24943
"(0.8067271451483561, 1.0)",1,99.6069407288566,24944
"(0.8729166666666666, 1.0)",1,99.60693746325693,24945
"(0.9466207660652104, 1.0)",1,99.60693522012966,24946
"(0.9696969696969696, 1.0)",1,99.60689602794866,24947
"(0.909209656084656, 1.0)",1,99.60683608929271,24948
"(0.9230769230769232, 1.0)",2,99.60678593437214,24950
"(0.9841269841269842, 1.0)",1,99.60660173160171,24951
"(0.875, 1.0)",1,99.60660173160171,24952
"(0.9047619047619048, 1.0)",2,99.60660173160171,24954
"(0.8822954822954823, 1.0)",1,99.60645111128808,24955
"(0.9696969696969696, 1.0)",1,99.6064491064491,24956
"(0.9565217391304348, 1.0)",1,99.60640402059168,24957
"(0.8112491373360938, 1.0)",2,99.60624557608251,24959
"(0.7782392026578072, 1.0)",1,99.60623643946175,24960
"(0.899875800993592, 1.0)",1,99.60622151133003,24961
"(0.9230769230769232, 1.0)",1,99.6061716061716,24962
"(0.7975164658278694, 1.0)",1,99.60615403196545,24963
"(0.947088068181818, 1.0)",1,99.60615205165796,24964
"(0.9841269841269842, 1.0)",1,99.60606060606062,24965
"(0.8083333333333333, 1.0)",1,99.60599906629318,24966
"(0.896551724137931, 1.0)",1,99.60597502114744,24967
"(0.8791208791208792, 1.0)",1,99.60595343353964,24968
"(0.9230769230769232, 1.0)",1,99.60594638855508,24969
"(0.875, 1.0)",1,99.60586913086914,24970
"(0.8859337035751476, 1.0)",1,99.60585857027588,24971
"(0.875, 1.0)",1,99.60584886128365,24972
"(0.8571428571428572, 1.0)",1,99.6058327637275,24973
"(0.896551724137931, 1.0)",1,99.60578693337314,24974
"(0.7167919799498746, 1.0)",2,99.60568086883876,24976
"(0.896551724137931, 1.0)",1,99.60567359417934,24977
"(0.8864468864468864, 1.0)",2,99.60567248667935,24979
"(0.8487103174603176, 1.0)",1,99.60565385701256,24980
"(0.7777777777777776, 1.0)",3,99.60564454614796,24983
"(0.9047619047619048, 1.0)",1,99.60559411348883,24984
"(0.9386724386724388, 1.0)",1,99.60557805396516,24985
"(0.8571428571428572, 1.0)",1,99.605577005577,24986
"(0.8970659722222223, 1.0)",1,99.60557049133018,24987
"(0.896551724137931, 1.0)",1,99.60555996511548,24988
"(0.896551724137931, 1.0)",1,99.60555123440786,24989
"(0.8547544409613373, 1.0)",1,99.605548091755,24990
"(0.8518518518518519, 1.0)",1,99.60554643313264,24991
"(0.8817204301075269, 1.0)",1,99.60554612337296,24992
"(0.9243650793650792, 1.0)",1,99.6055089259914,24993
"(0.9364583333333332, 1.0)",1,99.6054828042328,24994
"(0.8415692007797271, 1.0)",1,99.60546204661702,24995
"(0.8271652864044169, 1.0)",1,99.6054330955442,24996
"(0.8817204301075269, 1.0)",1,99.60543264807262,24997
"(0.8350168350168351, 1.0)",1,99.60534328795198,24998
"(0.9065438871473354, 1.0)",1,99.60533187385198,24999
"(0.8705805822084891, 1.0)",1,99.60532484890716,25000
"(0.896551724137931, 1.0)",2,99.60531859079953,25002
"(0.8831064306064307, 1.0)",1,99.6053000406271,25003
"(0.9333333333333332, 1.0)",1,99.605291005291,25004
"(0.808641975308642, 1.0)",1,99.60517877184544,25005
"(0.7777777777777776, 1.0)",1,99.60515873015872,25006
"(0.8350168350168351, 1.0)",1,99.60514515353223,25007
"(0.958531746031746, 1.0)",1,99.60513157842696,25008
"(0.875, 1.0)",1,99.6051240634574,25009
"(0.8888888888888888, 1.0)",1,99.6050925925926,25010
"(0.8900759734093067, 1.0)",1,99.60501034459368,25011
"(0.883580779054917, 1.0)",1,99.6049976492218,25012
"(0.9666666666666668, 1.0)",1,99.6049954876042,25013
"(0.8201193520886615, 1.0)",1,99.6049423722058,25014
"(0.9135802469135802, 1.0)",2,99.60493827160494,25016
"(0.8271652864044169, 1.0)",1,99.60493475459054,25017
"(0.8518518518518519, 1.0)",1,99.60484764832592,25018
"(0.9363636363636364, 1.0)",2,99.60484446529676,25020
"(0.8055555555555555, 1.0)",1,99.60478335478336,25021
"(0.9841269841269842, 1.0)",1,99.60478335478336,25022
"(0.9047619047619048, 1.0)",1,99.6047619047619,25023
"(0.9407729468599032, 1.0)",1,99.60475472896668,25024
"(0.9168478260869564, 1.0)",1,99.604719666181,25025
"(0.936026936026936, 1.0)",1,99.60467772967772,25026
"(0.9047619047619048, 1.0)",2,99.60464414812242,25028
"(0.8888888888888888, 1.0)",1,99.6046176046176,25029
"(0.9047619047619048, 1.0)",1,99.6046176046176,25030
"(0.9172932330827066, 1.0)",1,99.60460974798542,25031
"(0.8791208791208792, 1.0)",1,99.60450335888932,25032
"(0.8053221288515406, 1.0)",1,99.6045028764194,25033
"(0.9230769230769232, 1.0)",1,99.6044283202178,25034
"(0.9841269841269842, 1.0)",1,99.60442612942612,25035
"(0.919047619047619, 1.0)",1,99.60440468988564,25036
"(0.8822954822954823, 1.0)",1,99.60439858174232,25037
"(0.8129629629629629, 1.0)",1,99.60437551255312,25038
"(0.8275809031622985, 1.0)",1,99.6043684211998,25039
"(0.8887191358024692, 1.0)",1,99.6043662664496,25040
"(0.7616334283000951, 1.0)",1,99.60434627101291,25041
"(0.875, 1.0)",1,99.60433829455567,25042
"(0.8, 1.0)",1,99.60424633621564,25043
"(0.9135802469135802, 1.0)",1,99.60421677088344,25044
"(0.8611111111111112, 1.0)",1,99.60418643263756,25045
"(0.875, 1.0)",1,99.60417959009914,25046
"(0.9135802469135802, 1.0)",1,99.60409314532122,25047
"(0.9142520753512132, 1.0)",1,99.60404575240295,25048
"(0.9023569023569024, 1.0)",1,99.6040157674304,25049
"(0.8465418823841762, 1.0)",1,99.60400963860194,25050
"(0.8151260504201681, 1.0)",4,99.60396683926096,25054
"(0.9565217391304348, 1.0)",1,99.60386473429952,25055
"(0.936026936026936, 1.0)",1,99.60386293144914,25056
"(0.8571428571428572, 1.0)",1,99.60382859505668,25057
"(0.8897707231040564, 1.0)",1,99.6037827647023,25058
"(0.875, 1.0)",1,99.6037703487192,25059
"(0.9072191055010128, 1.0)",1,99.60375954762968,25060
"(0.8046935824713601, 1.0)",1,99.60375883820328,25061
"(0.7765567765567766, 1.0)",1,99.60374166895906,25062
"(0.9444444444444444, 1.0)",1,99.60370788631658,25063
"(0.8255157331244287, 1.0)",1,99.60365173111336,25064
"(0.896551724137931, 1.0)",1,99.60363622460478,25065
"(0.9230769230769232, 1.0)",2,99.60360895143504,25067
"(0.8339307048984469, 1.0)",1,99.6035837571602,25068
"(0.75, 1.0)",1,99.60353535353536,25069
"(0.8897707231040564, 1.0)",2,99.60348943193146,25071
"(0.8729166666666666, 1.0)",1,99.60346127531471,25072
"(0.8888888888888888, 1.0)",1,99.60343194393538,25073
"(0.8067271451483561, 1.0)",1,99.60339118235204,25074
"(0.9135802469135802, 1.0)",1,99.60338148510192,25075
"(0.8312992626493769, 1.0)",1,99.6033649592984,25076
"(0.8817204301075269, 1.0)",1,99.60334976695424,25077
"(0.8468468468468467, 1.0)",1,99.6033163033163,25078
"(0.8977777777777779, 1.0)",1,99.60330773169484,25079
"(0.7200000000000001, 1.0)",1,99.60327721661056,25080
"(0.8271652864044169, 1.0)",1,99.60325809432862,25081
"(0.9696969696969696, 1.0)",1,99.60325799644684,25082
"(1.0, 1.0)",1,99.6032385056435,25083
"(0.8857001484413657, 1.0)",1,99.6031911305816,25084
"(0.8312992626493769, 1.0)",1,99.60314269699282,25085
"(0.808641975308642, 1.0)",1,99.60312819084749,25086
"(0.9841269841269842, 1.0)",1,99.6030982905983,25087
"(0.8425925925925927, 1.0)",1,99.60300647314378,25088
"(0.922050500014663, 1.0)",1,99.6029761536098,25089
"(0.8402777777777779, 1.0)",1,99.60290404040404,25090
"(0.7616334283000951, 1.0)",1,99.60290326956994,25091
"(0.8550741594067247, 1.0)",1,99.60283972411148,25092
"(0.9444444444444444, 1.0)",1,99.60283838544709,25093
"(0.8264567669172932, 1.0)",1,99.60283546042336,25094
"(0.8055555555555555, 1.0)",1,99.60281385281384,25095
"(0.9023809523809524, 1.0)",1,99.60280790910082,25096
"(0.8264567669172932, 1.0)",1,99.6027866203745,25097
"(0.9364583333333332, 1.0)",1,99.60275036268987,25098
"(0.9135802469135802, 1.0)",1,99.60270271864476,25099
"(0.8729166666666666, 1.0)",1,99.60269034630964,25100
"(0.8675136116152449, 1.0)",1,99.60266799589245,25101
"(0.8915343915343915, 1.0)",1,99.60265076358826,25102
"(0.8258037694013303, 1.0)",1,99.60248620733375,25103
"(0.936026936026936, 1.0)",1,99.60241993000614,25104
"(0.8498168498168498, 1.0)",4,99.60241283770696,25108
"(0.9391865079365078, 1.0)",1,99.6024067920807,25109
"(0.7869981325863679, 1.0)",1,99.60239673587476,25110
"(0.9465811965811968, 1.0)",1,99.60238174377064,25111
"(0.9589484126984128, 1.0)",1,99.60235649469344,25112
"(0.875, 1.0)",1,99.60232325929258,25113
"(0.8518518518518519, 1.0)",2,99.60229276895944,25115
"(0.896551724137931, 1.0)",1,99.60227655486275,25116
"(0.875, 1.0)",2,99.60227272727272,25118
"(0.896551724137931, 1.0)",1,99.60227145825584,25119
"(0.9841269841269842, 1.0)",2,99.60225492041349,25121
"(0.9444444444444444, 1.0)",1,99.60222526012,25122
"(0.8109668109668109, 1.0)",1,99.6022126022126,25123
"(0.8589726631393297, 1.0)",1,99.60218575325264,25124
"(0.8, 1.0)",2,99.6021846731524,25126
"(0.9047619047619048, 1.0)",3,99.60213105812684,25129
"(0.932852564102564, 1.0)",2,99.602110602567,25131
"(0.8264567669172932, 1.0)",1,99.60207682073178,25132
"(0.8893558268973552, 1.0)",1,99.60206886188568,25133
"(0.8129898303922073, 1.0)",1,99.60204518718012,25134
"(0.896551724137931, 1.0)",1,99.60197147709276,25135
"(0.896551724137931, 1.0)",1,99.60195158743252,25136
"(0.9407729468599032, 1.0)",1,99.60194351585392,25137
"(0.8319664902998236, 1.0)",2,99.60186719145052,25139
"(0.8518518518518519, 1.0)",1,99.6017686017686,25140
"(0.9333333333333332, 1.0)",1,99.60173423273002,25141
"(0.7982954545454546, 1.0)",2,99.6017307739228,25143
"(0.8510802469135802, 1.0)",1,99.60172959756292,25144
"(0.808641975308642, 1.0)",1,99.60169583502918,25145
"(0.9465811965811968, 1.0)",1,99.60167268977328,25146
"(0.936026936026936, 1.0)",1,99.60163958424828,25147
"(0.9696969696969696, 1.0)",1,99.60159566681304,25148
"(0.8332521117608837, 1.0)",1,99.60159025509904,25149
"(0.8893558268973552, 1.0)",1,99.60154650382754,25150
"(0.9168478260869564, 1.0)",1,99.60154519809132,25151
"(0.9666666666666668, 1.0)",1,99.60153708414578,25152
"(0.8520449077786689, 1.0)",1,99.60149478567992,25153
"(0.8864468864468864, 1.0)",1,99.60144300144302,25154
"(0.9333333333333332, 1.0)",2,99.601443001443,25156
"(0.8857001484413657, 1.0)",1,99.60142740535872,25157
"(0.9135802469135802, 1.0)",2,99.60141093474428,25159
"(0.9087026014109348, 1.0)",1,99.60139164033887,25160
"(0.8888888888888888, 1.0)",1,99.60135975135977,25161
"(0.8468468468468467, 1.0)",1,99.60134838395707,25162
"(0.7705882352941177, 1.0)",1,99.60134222281894,25163
"(0.8518518518518519, 1.0)",1,99.6013129171024,25164
"(0.8264567669172932, 1.0)",2,99.60127728335306,25166
"(0.9696969696969696, 1.0)",1,99.60125478386348,25167
"(0.8053221288515406, 1.0)",1,99.6012513458334,25168
"(0.8731060606060606, 1.0)",1,99.60123864058647,25169
"(0.8858975827700768, 1.0)",1,99.60120444049468,25170
"(0.9465811965811968, 1.0)",1,99.60120337492783,25171
"(0.9248366013071896, 1.0)",1,99.60116510372264,25172
"(0.896551724137931, 1.0)",1,99.60111946760728,25173
"(0.9565217391304348, 1.0)",1,99.6009971841174,25174
"(0.7400546757164405, 1.0)",1,99.6009685787499,25175
"(0.9565217391304348, 1.0)",1,99.60095324361627,25176
"(0.875, 1.0)",1,99.60094893029677,25177
"(0.8915343915343915, 1.0)",1,99.6009445825978,25178
"(0.8731060606060606, 1.0)",1,99.60093874205717,25179
"(0.8857001484413657, 1.0)",1,99.6008856108036,25180
"(0.6470588235294118, 1.0)",1,99.60088277735336,25181
"(0.683375104427736, 1.0)",1,99.60083542188804,25182
"(0.8350168350168351, 1.0)",1,99.6008066008066,25183
"(0.7081939799331105, 1.0)",1,99.6007865725257,25184
"(0.9444444444444444, 1.0)",1,99.60076804915516,25185
"(0.8375771604938271, 1.0)",1,99.60068231922398,25186
"(0.8803174603174604, 1.0)",1,99.60067870826492,25187
"(0.8, 1.0)",1,99.6006708006708,25188
"(0.8627450980392157, 1.0)",1,99.60065996095408,25189
"(0.8312992626493769, 1.0)",1,99.60065098787308,25190
"(0.9223809523809524, 1.0)",1,99.60064973222106,25191
"(0.8551296720061023, 1.0)",1,99.60062549040516,25192
"(0.808641975308642, 1.0)",1,99.60056116722784,25193
"(0.9444444444444444, 1.0)",1,99.6005291005291,25194
"(0.909209656084656, 1.0)",1,99.60049222227956,25195
"(0.875, 1.0)",1,99.60049019607844,25196
"(0.8729166666666666, 1.0)",1,99.6003491716354,25197
"(0.9109477124183006, 1.0)",1,99.60032807518576,25198
"(0.9135802469135802, 1.0)",1,99.60031127903936,25199
"(0.9135802469135802, 1.0)",1,99.60026071620274,25200
"(0.7869981325863679, 1.0)",1,99.60024039957864,25201
"(0.8589726631393297, 1.0)",2,99.60023902348463,25203
"(0.7982954545454546, 1.0)",1,99.6002278216952,25204
"(0.9135802469135802, 1.0)",1,99.60022109144916,25205
"(0.8627450980392157, 1.0)",1,99.60018898131644,25206
"(0.8803174603174604, 1.0)",1,99.6001801801802,25207
"(0.936026936026936, 1.0)",1,99.60017457000215,25208
"(0.883876357560568, 1.0)",1,99.6001461988304,25209
"(0.9194577352472088, 1.0)",2,99.60012151591098,25211
"(0.9391865079365078, 1.0)",1,99.60011363636364,25212
"(0.9444444444444444, 1.0)",1,99.60010822510824,25213
"(0.8468468468468467, 1.0)",1,99.6000936000936,25214
"(0.9333333333333332, 1.0)",1,99.60008928269798,25215
"(0.8900759734093067, 1.0)",1,99.60007037715371,25216
"(0.8550741594067247, 1.0)",1,99.60006229255175,25217
"(0.9465811965811968, 1.0)",1,99.60001397807105,25218
"(0.9333333333333332, 1.0)",1,99.6,25219
"(0.9230769230769232, 1.0)",1,99.5999732151906,25220
"(0.9135802469135802, 1.0)",1,99.59997211591414,25221
"(0.833064949006978, 1.0)",1,99.59993703117316,25222
"(0.8376068376068376, 1.0)",1,99.5999054708732,25223
"(0.8897707231040564, 1.0)",2,99.59988776655445,25225
"(0.896551724137931, 1.0)",1,99.59984842743464,25226
"(0.9027274557165862, 1.0)",1,99.5998389541544,25227
"(0.8686868686868687, 1.0)",1,99.5998329156224,25228
"(0.9135802469135802, 1.0)",1,99.59979824892103,25229
"(0.8977777777777779, 1.0)",1,99.59979797979798,25230
"(0.8085106382978723, 1.0)",1,99.59975642954366,25231
"(0.8818969448244414, 1.0)",1,99.59972765687353,25232
"(0.8897707231040564, 1.0)",1,99.59972743306076,25233
"(0.7081939799331105, 1.0)",1,99.59972175771088,25234
"(0.9192180611357128, 1.0)",1,99.5996982399886,25235
"(0.875, 1.0)",1,99.59968798258272,25236
"(0.8170426065162907, 1.0)",1,99.599680057632,25237
"(0.8774509803921569, 1.0)",1,99.59967320261438,25238
"(0.6155157715260018, 1.0)",3,99.59964275565298,25241
"(0.8627450980392157, 1.0)",1,99.59959618633344,25242
"(0.9444444444444444, 1.0)",1,99.5995670995671,25243
"(0.9841269841269842, 1.0)",1,99.59948661738945,25244
"(0.8867623604465709, 1.0)",1,99.5994837775158,25245
"(0.8888888888888888, 1.0)",1,99.59948355737828,25246
"(0.8888888888888888, 1.0)",1,99.59948320413436,25247
"(0.9841269841269842, 1.0)",1,99.59939106077212,25248
"(1.0, 1.0)",1,99.59939055197675,25249
"(0.8309016086793863, 1.0)",1,99.59933237864315,25250
"(0.8888888888888888, 1.0)",1,99.599222999223,25251
"(0.8498168498168499, 1.0)",2,99.59922161172162,25253
"(0.9444444444444444, 1.0)",1,99.59912309912308,25254
"(0.9841269841269842, 1.0)",1,99.5991095625242,25255
"(0.9841269841269842, 1.0)",1,99.59909521503724,25256
"(0.8590036231884057, 1.0)",1,99.5990949974574,25257
"(0.9047619047619048, 1.0)",1,99.59909028169898,25258
"(0.8627450980392157, 1.0)",1,99.59908963585434,25259
"(0.8498168498168498, 1.0)",1,99.59906920776486,25260
"(0.8376068376068376, 1.0)",1,99.5990675990676,25261
"(0.7982954545454546, 1.0)",1,99.59903298861632,25262
"(0.8550741594067247, 1.0)",1,99.5990079987779,25263
"(0.8053221288515406, 1.0)",2,99.59897292250233,25265
"(0.8586378737541528, 1.0)",1,99.59897007589822,25266
"(0.9230769230769232, 1.0)",1,99.59894272394271,25267
"(0.9, 1.0)",1,99.59894247814658,25268
"(0.9230769230769232, 1.0)",2,99.59893323051216,25270
"(0.8571428571428572, 1.0)",1,99.5989322082736,25271
"(0.8502976190476191, 1.0)",1,99.59892113095238,25272
"(0.8864468864468864, 1.0)",1,99.59889214727924,25273
"(0.9444444444444444, 1.0)",1,99.59886163219495,25274
"(0.9565217391304348, 1.0)",1,99.59885425252742,25275
"(0.9194577352472088, 1.0)",1,99.59884686463634,25276
"(0.7777777777777776, 1.0)",1,99.5988455988456,25277
"(0.740829346092504, 1.0)",1,99.5986724833474,25278
"(0.808641975308642, 1.0)",1,99.59866248111862,25279
"(0.9674603174603176, 1.0)",1,99.59864180653656,25280
"(0.8345959595959597, 1.0)",1,99.5985753125121,25281
"(0.7167919799498746, 1.0)",1,99.5985124100574,25282
"(0.8078308130291714, 1.0)",1,99.59850642001244,25283
"(0.9047619047619048, 1.0)",1,99.59849663771232,25284
"(0.9135802469135802, 1.0)",2,99.59848948971756,25286
"(0.8521317829457364, 1.0)",1,99.59847262006748,25287
"(0.8991666666666667, 1.0)",1,99.59846119929452,25288
"(0.8817204301075269, 1.0)",1,99.59843646261304,25289
"(0.8803174603174604, 1.0)",1,99.5984180060042,25290
"(0.7496650452295612, 1.0)",1,99.59840877977292,25291
"(0.8729166666666666, 1.0)",1,99.59838675213676,25292
"(0.8415692007797271, 1.0)",1,99.59837475633528,25293
"(0.8817204301075269, 1.0)",1,99.59834480190432,25294
"(0.896551724137931, 1.0)",1,99.5983356085305,25295
"(0.9841269841269842, 1.0)",1,99.5982750002358,25296
"(0.947088068181818, 1.0)",1,99.5982682922876,25297
"(0.9135802469135802, 1.0)",1,99.5982202982203,25298
"(0.9023809523809524, 1.0)",1,99.59822001239658,25299
"(0.9230769230769232, 1.0)",1,99.59821338082207,25300
"(0.883580779054917, 1.0)",1,99.5981907048675,25301
"(0.8468468468468467, 1.0)",1,99.59818655651988,25302
"(0.9333333333333332, 1.0)",1,99.5981848560796,25303
"(0.9565217391304348, 1.0)",1,99.59817032700327,25304
"(0.9023809523809524, 1.0)",1,99.59816047574668,25305
"(0.9407729468599032, 1.0)",1,99.59814169633393,25306
"(0.9104993386243384, 1.0)",1,99.59813650432602,25307
"(0.9194577352472088, 1.0)",1,99.59810838485974,25308
"(0.875, 1.0)",1,99.5981040564374,25309
"(0.8332521117608837, 1.0)",1,99.59806802613323,25310
"(0.8055555555555555, 1.0)",1,99.59805613066484,25311
"(0.8666666666666667, 1.0)",2,99.59804554047516,25313
"(0.9023569023569024, 1.0)",1,99.59804393137726,25314
"(0.8831064306064307, 1.0)",1,99.5979555912508,25315
"(0.8518518518518519, 1.0)",1,99.59795009634828,25316
"(0.875, 1.0)",1,99.59791144527986,25317
"(0.9135802469135802, 1.0)",1,99.5978835978836,25318
"(0.896551724137931, 1.0)",1,99.59785042543665,25319
"(0.9327096052096052, 1.0)",1,99.59780233356848,25320
"(0.8373015873015873, 1.0)",1,99.59775391638136,25321
"(0.8832772166105499, 1.0)",1,99.59771216437883,25322
"(0.8897707231040564, 1.0)",1,99.59770723104056,25323
"(0.8368686868686868, 1.0)",1,99.59767374202858,25324
"(0.8518518518518519, 1.0)",1,99.597594997595,25325
"(0.8547544409613373, 1.0)",1,99.59758369973262,25326
"(0.8078308130291714, 1.0)",1,99.59758197842164,25327
"(0.9230769230769232, 1.0)",1,99.59757167757168,25328
"(0.9841269841269842, 1.0)",1,99.59756182514803,25329
"(0.896551724137931, 1.0)",1,99.5975179077128,25330
"(0.9224211423699916, 1.0)",1,99.59749911944434,25331
"(0.936026936026936, 1.0)",1,99.59747601326548,25332
"(0.7167919799498746, 1.0)",1,99.5974706882148,25333
"(0.7705882352941177, 1.0)",1,99.59743910264206,25334
"(0.7410714285714286, 1.0)",1,99.59742063492064,25335
"(0.875, 1.0)",1,99.59739858906524,25336
"(1.0, 1.0)",2,99.5973736075685,25338
"(0.8368686868686868, 1.0)",1,99.5973223783731,25339
"(0.9135802469135802, 1.0)",1,99.5973208790413,25340
"(0.8271652864044169, 1.0)",1,99.59731550655464,25341
"(0.8319664902998236, 1.0)",1,99.59728763495563,25342
"(0.8817204301075269, 1.0)",1,99.59725414564124,25343
"(1.0, 1.0)",1,99.59725400457666,25344
"(0.875, 1.0)",1,99.59722222222224,25345
"(0.8888888888888888, 1.0)",1,99.59721437982309,25346
"(0.7502088554720134, 1.0)",1,99.59705570231888,25347
"(0.8547544409613373, 1.0)",1,99.59704274846705,25348
"(0.875, 1.0)",1,99.59704184704184,25349
"(0.9696969696969696, 1.0)",1,99.59702616224357,25350
"(0.9565217391304348, 1.0)",1,99.5970229046316,25351
"(0.9023809523809524, 1.0)",1,99.59699627857523,25352
"(0.9841269841269842, 1.0)",1,99.59697232796812,25353
"(0.8281746031746032, 1.0)",1,99.59695544572824,25354
"(0.8740392648287385, 1.0)",1,99.59693400534604,25355
"(0.904126984126984, 1.0)",1,99.59692801026134,25356
"(0.7982954545454546, 1.0)",1,99.59692245683378,25357
"(0.7200000000000001, 1.0)",1,99.59690087690088,25358
"(0.75, 1.0)",1,99.5968720821662,25359
"(0.8229166666666666, 1.0)",1,99.59685997257928,25360
"(0.7555555555555554, 1.0)",3,99.5968253968254,25363
"(0.8705805822084891, 1.0)",1,99.59680855313565,25364
"(0.9841269841269842, 1.0)",1,99.59677037937908,25365
"(0.949436574204376, 1.0)",1,99.59669673111824,25366
"(0.875, 1.0)",1,99.5966869152353,25367
"(0.8452297093744462, 1.0)",1,99.59667249747046,25368
"(0.8527777777777779, 1.0)",1,99.59658952158952,25369
"(0.8731060606060606, 1.0)",1,99.596561663645,25370
"(0.875, 1.0)",1,99.59650072150072,25371
"(0.896551724137931, 1.0)",1,99.59650052086091,25372
"(0.9444444444444444, 1.0)",1,99.59649287910158,25373
"(0.8439484126984128, 1.0)",1,99.5964588831121,25374
"(0.9230769230769232, 1.0)",1,99.59643396749844,25375
"(0.9841269841269842, 1.0)",1,99.5964185826886,25376
"(0.9444444444444444, 1.0)",1,99.59640742399364,25377
"(0.8571428571428572, 1.0)",1,99.59640742399364,25378
"(0.865079365079365, 1.0)",1,99.5963924963925,25379
"(0.7167919799498746, 1.0)",5,99.59639064215725,25384
"(0.8750600325600326, 1.0)",1,99.5963557708719,25385
"(0.8345959595959597, 1.0)",1,99.59635521885522,25386
"(0.8817204301075269, 1.0)",1,99.5963173799986,25387
"(0.8859337035751476, 1.0)",1,99.59630682199398,25388
"(0.8627450980392157, 1.0)",1,99.59629273524818,25389
"(0.875, 1.0)",1,99.59628427128428,25390
"(0.9023569023569024, 1.0)",1,99.59627083156496,25391
"(0.9023809523809524, 1.0)",1,99.59626148705097,25392
"(0.8423371647509579, 1.0)",1,99.59624965926128,25393
"(0.9023569023569024, 1.0)",1,99.59621311150724,25394
"(0.8622222222222222, 1.0)",1,99.59618676320432,25395
"(0.9047619047619048, 1.0)",1,99.59615384615384,25396
"(0.8518518518518519, 1.0)",1,99.596151996152,25397
"(0.8970659722222223, 1.0)",1,99.59612159969896,25398
"(0.896551724137931, 1.0)",1,99.59611882370504,25399
"(0.8600272232304901, 1.0)",1,99.59610628305956,25400
"(0.8740392648287385, 1.0)",1,99.5960961431356,25401
"(0.7982954545454546, 1.0)",1,99.59608703494573,25402
"(0.8053221288515406, 1.0)",1,99.59608691961634,25403
"(0.8817204301075269, 1.0)",1,99.59605973065372,25404
"(0.9047619047619048, 1.0)",1,99.59600614439324,25405
"(0.8888888888888888, 1.0)",1,99.5959595959596,25406
"(0.9087026014109348, 1.0)",1,99.59595426141462,25407
"(0.7141994478951, 1.0)",3,99.59591987800265,25410
"(0.9696969696969696, 1.0)",1,99.59590428640772,25411
"(0.9104993386243384, 1.0)",1,99.59586574422624,25412
"(1.0, 1.0)",1,99.59585449440522,25413
"(0.896551724137931, 1.0)",1,99.59584735604226,25414
"(0.8904991948470209, 1.0)",1,99.59582661596392,25415
"(0.8864468864468864, 1.0)",1,99.5958263958264,25416
"(0.8319664902998236, 1.0)",1,99.59581142480371,25417
"(0.9674603174603176, 1.0)",1,99.59580390369864,25418
"(0.8888888888888888, 1.0)",1,99.59577830206014,25419
"(0.909722222222222, 1.0)",1,99.59575752820638,25420
"(0.8423371647509579, 1.0)",2,99.59572035563414,25422
"(0.9363636363636364, 1.0)",1,99.59569201880414,25423
"(0.9740143369175628, 1.0)",1,99.59564772145416,25424
"(0.8129898303922073, 1.0)",1,99.5956397422088,25425
"(0.8264567669172932, 1.0)",1,99.59559210174709,25426
"(0.8067271451483561, 1.0)",1,99.5955688959842,25427
"(0.8589726631393297, 1.0)",1,99.59555575597244,25428
"(0.9019607843137254, 1.0)",1,99.59551298684848,25429
"(0.9106275784016648, 1.0)",1,99.5954668282804,25430
"(0.8402777777777779, 1.0)",1,99.5954292929293,25431
"(0.8373015873015873, 1.0)",1,99.59539534539536,25432
"(0.7765567765567766, 1.0)",1,99.59538073038073,25433
"(0.8817204301075269, 1.0)",1,99.59534540162724,25434
"(0.8871135017314419, 1.0)",1,99.5953363012456,25435
"(0.9289529914529916, 1.0)",1,99.59531007802283,25436
"(0.7167919799498746, 1.0)",1,99.59530235846026,25437
"(0.9497685185185184, 1.0)",1,99.59529315228548,25438
"(0.7650293586269196, 1.0)",1,99.59529170430594,25439
"(0.8521317829457364, 1.0)",1,99.59516645641438,25440
"(0.9841269841269842, 1.0)",1,99.59515392015392,25441
"(0.8586378737541528, 1.0)",2,99.59512301829982,25443
"(0.9109477124183006, 1.0)",1,99.59511077158136,25444
"(0.8803174603174604, 1.0)",1,99.59509755107086,25445
"(0.8900759734093067, 1.0)",1,99.5950254683588,25446
"(0.8163854689162486, 1.0)",2,99.59499917765892,25448
"(0.8264567669172932, 1.0)",1,99.59498461252846,25449
"(0.8129629629629629, 1.0)",1,99.59497333162656,25450
"(0.7777777777777776, 1.0)",1,99.59496442255065,25451
"(0.9841269841269842, 1.0)",1,99.59488795518207,25452
"(0.932852564102564, 1.0)",1,99.59486461583684,25453
"(0.8448736477904788, 1.0)",1,99.59484309313736,25454
"(1.0, 1.0)",1,99.59478951000692,25455
"(0.9171090534979424, 1.0)",1,99.59475088183422,25456
"(0.8109668109668109, 1.0)",2,99.59471392804728,25458
"(0.8888888888888888, 1.0)",1,99.59467344249953,25459
"(0.9224211423699916, 1.0)",1,99.59462184614964,25460
"(0.9047619047619048, 1.0)",1,99.59461697722568,25461
"(0.8977777777777779, 1.0)",2,99.5946031746032,25463
"(0.8551296720061023, 1.0)",1,99.59454959043644,25464
"(0.9444444444444444, 1.0)",1,99.5945165945166,25465
"(0.9192180611357128, 1.0)",1,99.5945005187368,25466
"(0.8888888888888888, 1.0)",1,99.59446849446849,25467
"(0.8893558268973552, 1.0)",1,99.59443915912944,25468
"(0.8675136116152449, 1.0)",2,99.59441419641055,25470
"(0.958531746031746, 1.0)",1,99.5943647593446,25471
"(1.0, 1.0)",1,99.59432837693711,25472
"(0.896551724137931, 1.0)",1,99.59428089555132,25473
"(0.8859337035751476, 1.0)",1,99.59423998685926,25474
"(0.8571428571428572, 1.0)",1,99.59419381787802,25475
"(0.8518518518518519, 1.0)",1,99.59416976785396,25476
"(0.9866666666666668, 0.996078431372549)",2,99.5941686733174,25478
"(0.9213117283950616, 1.0)",1,99.59416453810132,25479
"(0.7410714285714286, 1.0)",1,99.5941448918398,25480
"(0.9142520753512132, 1.0)",1,99.5941345539837,25481
"(0.9172932330827066, 1.0)",1,99.59410745828404,25482
"(0.875, 1.0)",1,99.5940476190476,25483
"(0.8129629629629629, 1.0)",1,99.59403108465608,25484
"(0.9444444444444444, 1.0)",1,99.59401237972666,25485
"(0.8675136116152449, 1.0)",1,99.59400933811096,25486
"(0.808641975308642, 1.0)",1,99.59390057635672,25487
"(0.9351258309591644, 1.0)",1,99.59389047166825,25488
"(0.9841269841269842, 1.0)",2,99.59388437649308,25490
"(0.936026936026936, 1.0)",1,99.59385521885524,25491
"(0.9224211423699916, 1.0)",1,99.59383675731384,25492
"(0.8518518518518519, 1.0)",1,99.59383209383208,25493
"(0.8627450980392157, 1.0)",2,99.593739250086,25495
"(0.8465418823841762, 1.0)",1,99.59372809637594,25496
"(0.8893558268973552, 1.0)",1,99.5936991981337,25497
"(0.9841269841269842, 1.0)",1,99.5936669631067,25498
"(0.9523809523809524, 1.0)",1,99.59366040494665,25499
"(0.7777777777777776, 1.0)",1,99.5936507936508,25500
"(0.7047619047619047, 1.0)",1,99.5936507936508,25501
"(0.8857001484413657, 1.0)",1,99.59363302927235,25502
"(0.9466207660652104, 1.0)",1,99.59362417597184,25503
"(0.9, 1.0)",1,99.5936213640161,25504
"(0.8952380952380952, 1.0)",1,99.59358465608466,25505
"(0.9696969696969696, 1.0)",1,99.59357990936938,25506
"(0.8520449077786689, 1.0)",1,99.5935386964725,25507
"(0.8817204301075269, 1.0)",1,99.59350912450492,25508
"(0.9666666666666668, 1.0)",1,99.59347941659156,25509
"(0.8686868686868687, 1.0)",1,99.59346984060944,25510
"(0.8883205456095482, 1.0)",1,99.59346725075623,25511
"(0.7555555555555554, 1.0)",1,99.59337474120082,25512
"(0.8518518518518519, 1.0)",1,99.59337329965513,25513
"(0.8468468468468467, 1.0)",1,99.59331149331148,25514
"(0.9135802469135802, 1.0)",1,99.59329805996472,25515
"(0.9364583333333332, 1.0)",1,99.59329254850088,25516
"(0.9135802469135802, 1.0)",2,99.59310565977232,25518
"(0.8520449077786689, 1.0)",1,99.59310228604164,25519
"(0.683375104427736, 1.0)",4,99.59309732664995,25523
"(0.8047996976568405, 1.0)",2,99.59304715609248,25525
"(0.7200000000000001, 1.0)",1,99.59301587301589,25526
"(0.9696969696969696, 1.0)",1,99.59298969764086,25527
"(0.9740143369175628, 1.0)",1,99.59298701184612,25528
"(0.9047619047619048, 1.0)",2,99.59297847236137,25530
"(0.8893558268973552, 1.0)",1,99.5929770954624,25531
"(0.8415692007797271, 1.0)",2,99.5929207539458,25533
"(0.9466207660652104, 1.0)",1,99.59292045651812,25534
"(0.8888888888888888, 1.0)",1,99.5928785928786,25535
"(0.8970659722222223, 1.0)",1,99.59283474364985,25536
"(0.9589484126984128, 1.0)",1,99.5928332584381,25537
"(0.8977777777777779, 1.0)",1,99.59275847275848,25538
"(0.8865079365079365, 1.0)",1,99.59271284271284,25539
"(0.9142520753512132, 1.0)",2,99.59270622944877,25541
"(0.883580779054917, 1.0)",1,99.5926916486754,25542
"(0.8468468468468467, 1.0)",1,99.59265075054547,25543
"(0.9465811965811968, 1.0)",1,99.59262318326834,25544
"(0.9192180611357128, 1.0)",1,99.59260599735242,25545
"(0.9135802469135802, 1.0)",1,99.59257673351875,25546
"(0.9135802469135802, 1.0)",1,99.59255039956794,25547
"(0.9230769230769232, 1.0)",1,99.59253065774806,25548
"(0.9386724386724388, 1.0)",1,99.5924963924964,25549
"(0.7410714285714286, 1.0)",1,99.59248882837592,25550
"(0.936026936026936, 1.0)",1,99.59242282771694,25551
"(0.9047619047619048, 1.0)",1,99.59240437501307,25552
"(0.9230769230769232, 1.0)",2,99.59238635760374,25554
"(0.8873002904865649, 1.0)",1,99.59235861421928,25555
"(0.9142520753512132, 1.0)",1,99.59235428567226,25556
"(0.9841269841269842, 1.0)",1,99.59235209235209,25557
"(0.9135802469135802, 1.0)",1,99.59232420826623,25558
"(0.9194577352472088, 1.0)",1,99.59230652388548,25559
"(0.9142520753512132, 1.0)",1,99.59226819397078,25560
"(0.9023809523809524, 1.0)",1,99.59208014208014,25561
"(0.9070736434108526, 1.0)",1,99.59207216249249,25562
"(0.7460317460317459, 1.0)",1,99.59206349206347,25563
"(0.8893558268973552, 1.0)",1,99.59205037979652,25564
"(0.9224211423699916, 1.0)",1,99.59204659489018,25565
"(0.947088068181818, 1.0)",1,99.59201982996842,25566
"(0.8053221288515406, 1.0)",2,99.59200259814072,25568
"(0.8520449077786689, 1.0)",1,99.59199314661484,25569
"(0.8415692007797271, 1.0)",1,99.5919435280985,25570
"(0.9109477124183006, 1.0)",1,99.59190009337068,25571
"(0.9521531100478468, 1.0)",1,99.59183564973038,25572
"(0.8883205456095482, 1.0)",1,99.59180863971996,25573
"(0.9135802469135802, 1.0)",2,99.59179092512426,25575
"(0.9023569023569024, 1.0)",1,99.5917394496342,25576
"(0.896551724137931, 1.0)",1,99.59173888991332,25577
"(0.8888888888888888, 1.0)",1,99.59172771672772,25578
"(0.8376068376068376, 1.0)",1,99.5915750915751,25579
"(0.8518518518518519, 1.0)",1,99.59156308279115,25580
"(0.9047619047619048, 1.0)",2,99.59156308279115,25582
"(0.7410714285714286, 1.0)",1,99.59153091060986,25583
"(0.8339307048984469, 1.0)",1,99.5915064624742,25584
"(0.8817204301075269, 1.0)",1,99.59147561744892,25585
"(0.8904991948470209, 1.0)",1,99.59147511950717,25586
"(0.896551724137931, 1.0)",1,99.59143451741888,25587
"(0.8375771604938271, 1.0)",1,99.59142687559354,25588
"(0.9214340198321892, 1.0)",2,99.59142452315602,25590
"(0.8518518518518519, 1.0)",1,99.5913900913901,25591
"(0.8864468864468864, 1.0)",2,99.59139002759692,25593
"(0.9047619047619048, 1.0)",1,99.59135691894312,25594
"(0.896551724137931, 1.0)",1,99.59135691894312,25595
"(0.8502976190476191, 1.0)",1,99.59134954062463,25596
"(0.9027274557165862, 1.0)",1,99.5913367630759,25597
"(0.8163854689162486, 1.0)",1,99.59133504647455,25598
"(0.9135802469135802, 1.0)",1,99.59131714515392,25599
"(0.8627450980392157, 1.0)",1,99.59131652661064,25600
"(0.8731060606060606, 1.0)",1,99.59128606753606,25601
"(0.9192180611357128, 1.0)",2,99.59128298783398,25603
"(0.7167919799498746, 1.0)",1,99.59125085440874,25604
"(0.8925865800865801, 1.0)",1,99.59117954896256,25605
"(0.9565217391304348, 1.0)",1,99.59113373207576,25606
"(0.9444444444444444, 1.0)",1,99.59112907661002,25607
"(0.9507101086048454, 1.0)",1,99.59111154654134,25608
"(0.8817204301075269, 1.0)",1,99.59103323781852,25609
"(0.9243650793650792, 1.0)",1,99.5909301655135,25610
"(0.896551724137931, 1.0)",2,99.59091291849911,25612
"(0.8888888888888888, 1.0)",1,99.59087823609562,25613
"(0.6990740740740741, 1.0)",1,99.59084896584896,25614
"(0.9523809523809524, 1.0)",1,99.59078479005562,25615
"(0.8053221288515406, 1.0)",1,99.59077604691416,25616
"(0.8053221288515406, 1.0)",1,99.59076274187836,25617
"(0.896551724137931, 1.0)",1,99.59074427622522,25618
"(0.8600272232304901, 1.0)",1,99.5907023351556,25619
"(0.7400546757164405, 1.0)",1,99.59068298259474,25620
"(0.8888888888888888, 1.0)",1,99.59067695589437,25621
"(0.9230769230769232, 1.0)",1,99.59062542395876,25622
"(0.9104993386243384, 1.0)",2,99.59059777161256,25624
"(0.9444444444444444, 1.0)",1,99.59057609057608,25625
"(0.8888888888888888, 1.0)",1,99.59057261070993,25626
"(0.75, 1.0)",1,99.59053724053724,25627
"(0.896551724137931, 1.0)",1,99.59050883914767,25628
"(0.8376068376068376, 1.0)",1,99.59046696057564,25629
"(0.8750600325600326, 1.0)",1,99.59046319614028,25630
"(0.8339307048984469, 1.0)",1,99.59040016136792,25631
"(0.7861409796893668, 1.0)",1,99.59038731590502,25632
"(0.8622222222222222, 1.0)",1,99.59037329819938,25633
"(0.896551724137931, 1.0)",1,99.59029588847034,25634
"(0.7410714285714286, 1.0)",1,99.59027777777776,25635
"(0.896551724137931, 1.0)",1,99.59025898306258,25636
"(0.9444444444444444, 1.0)",6,99.59022432210838,25642
"(0.9696969696969696, 1.0)",1,99.5901875901876,25643
"(0.9023569023569024, 1.0)",1,99.59015441774062,25644
"(0.8822954822954823, 1.0)",1,99.59013301770248,25645
"(0.8817204301075269, 1.0)",1,99.59012079942744,25646
"(0.9444444444444444, 1.0)",1,99.59011659583742,25647
"(0.8915343915343915, 1.0)",1,99.59009545259543,25648
"(0.9224211423699916, 1.0)",1,99.59007512581346,25649
"(0.9202401372212692, 1.0)",1,99.5900591855127,25650
"(0.875, 1.0)",1,99.59004250823136,25651
"(0.8402777777777779, 1.0)",1,99.59003094858356,25652
"(0.7782392026578072, 1.0)",1,99.5899822156494,25653
"(0.8518518518518519, 1.0)",1,99.58997422330756,25654
"(0.8253968253968256, 1.0)",1,99.58987925654591,25655
"(0.8264567669172932, 1.0)",1,99.58984629051346,25656
"(0.8468468468468467, 1.0)",1,99.58981936766295,25657
"(0.9841269841269842, 1.0)",1,99.5897435897436,25658
"(0.8518518518518519, 1.0)",1,99.58967341725965,25659
"(0.896551724137931, 1.0)",1,99.58967341725965,25660
"(0.8129898303922073, 1.0)",1,99.58966141498044,25661
"(0.875, 1.0)",2,99.58959694989107,25663
"(0.9192180611357128, 1.0)",1,99.58954674196158,25664
"(0.8423371647509579, 1.0)",1,99.5894806231444,25665
"(0.9248366013071896, 1.0)",1,99.58943589090649,25666
"(0.9380032206119162, 1.0)",2,99.58943482993826,25668
"(0.9333333333333332, 1.0)",1,99.589417989418,25669
"(0.9065438871473354, 1.0)",1,99.58936487611167,25670
"(0.8253968253968256, 1.0)",1,99.58933899646814,25671
"(0.875, 1.0)",1,99.58928571428572,25672
"(0.8373015873015873, 1.0)",1,99.58928571428572,25673
"(0.883876357560568, 1.0)",1,99.5892169107272,25674
"(0.8518518518518519, 1.0)",1,99.5892144892145,25675
"(0.9507101086048454, 1.0)",1,99.58920318699565,25676
"(0.8498168498168498, 1.0)",1,99.58916522074416,25677
"(0.865079365079365, 1.0)",1,99.5891414141414,25678
"(0.904126984126984, 1.0)",1,99.58913580246914,25679
"(0.9306746031746032, 1.0)",1,99.58911466725044,25680
"(0.9364583333333332, 1.0)",1,99.58910075981296,25681
"(0.8170426065162907, 1.0)",2,99.58909803646644,25683
"(0.9444444444444444, 1.0)",1,99.58908965430705,25684
"(0.7410714285714286, 1.0)",1,99.5890873015873,25685
"(0.8571428571428572, 1.0)",1,99.5890578719526,25686
"(0.8888888888888888, 1.0)",1,99.58899711399712,25687
"(0.9047619047619048, 1.0)",1,99.5889355742297,25688
"(0.8151260504201681, 1.0)",1,99.58890460680742,25689
"(0.9135802469135802, 1.0)",1,99.58887454326052,25690
"(0.8465418823841762, 1.0)",1,99.58885313594544,25691
"(0.7081939799331105, 1.0)",1,99.5888401151988,25692
"(0.9, 1.0)",1,99.5888154363364,25693
"(0.8312992626493769, 1.0)",1,99.5887945143113,25694
"(0.9135802469135802, 1.0)",1,99.58876062209396,25695
"(0.896551724137931, 1.0)",1,99.58873836891078,25696
"(0.8550741594067247, 1.0)",1,99.58873456851909,25697
"(0.8520449077786689, 1.0)",1,99.58870465719816,25698
"(1.0, 1.0)",1,99.58869338546758,25699
"(0.896551724137931, 1.0)",1,99.588687074168,25700
"(0.8487103174603176, 1.0)",1,99.58868145743143,25701
"(0.8589726631393297, 1.0)",1,99.58863963465411,25702
"(0.8817204301075269, 1.0)",1,99.58863515281172,25703
"(0.9696969696969696, 1.0)",1,99.58862125528792,25704
"(0.953556570960922, 1.0)",1,99.58857323318142,25705
"(0.8571428571428572, 1.0)",1,99.588455988456,25706
"(0.9696969696969696, 1.0)",2,99.58843594676928,25708
"(0.8518518518518519, 1.0)",1,99.58842979209112,25709
"(0.883580779054917, 1.0)",1,99.5884283870796,25710
"(0.9224211423699916, 1.0)",1,99.58836757410587,25711
"(0.8888888888888888, 1.0)",1,99.58832866479923,25712
"(0.8586378737541528, 1.0)",1,99.58832690444366,25713
"(0.9841269841269842, 1.0)",1,99.58832423615031,25714
"(1.0, 1.0)",1,99.58830058830058,25715
"(0.8952020202020202, 1.0)",2,99.58825125740448,25717
"(0.75, 1.0)",1,99.58818342151676,25718
"(0.7982954545454546, 1.0)",2,99.58815052700922,25720
"(0.8832772166105499, 1.0)",1,99.58812757780764,25721
"(0.8791208791208792, 1.0)",1,99.58811558811558,25722
"(0.909209656084656, 1.0)",1,99.58810096251958,25723
"(0.8521317829457364, 1.0)",1,99.58809206107148,25724
"(0.8550741594067247, 1.0)",1,99.58807690746885,25725
"(0.8888888888888888, 1.0)",1,99.58806963645674,25726
"(0.7982954545454546, 1.0)",1,99.58806507190128,25727
"(0.896551724137931, 1.0)",1,99.58796713134282,25728
"(0.8518518518518519, 1.0)",1,99.58794181552804,25729
"(0.896551724137931, 1.0)",1,99.58790974882928,25730
"(0.9363636363636364, 1.0)",1,99.58785090379294,25731
"(0.833064949006978, 1.0)",1,99.58780125213038,25732
"(0.9674603174603176, 1.0)",1,99.58778117307529,25733
"(0.8502976190476191, 1.0)",1,99.58775287537102,25734
"(0.8857001484413657, 1.0)",1,99.58774768197148,25735
"(0.740829346092504, 1.0)",2,99.58767619293936,25737
"(0.808641975308642, 1.0)",1,99.58767453694988,25738
"(0.9886710239651416, 0.996078431372549)",1,99.58764619883054,25739
"(0.9743589743589745, 1.0)",1,99.58764372201873,25740
"(0.8817204301075269, 1.0)",1,99.5875911675572,25741
"(0.9047619047619048, 1.0)",1,99.5875875875876,25742
"(0.9696969696969696, 1.0)",2,99.5875384135228,25744
"(0.6738095238095239, 1.0)",1,99.5873897707231,25745
"(0.8423371647509579, 1.0)",1,99.58736910945682,25746
"(0.9592592592592591, 1.0)",1,99.58731169666652,25747
"(0.7460317460317459, 1.0)",1,99.5873015873016,25748
"(0.9135802469135802, 1.0)",1,99.5872198689403,25749
"(0.9589484126984128, 1.0)",1,99.58714791630116,25750
"(0.9565217391304348, 1.0)",1,99.58711336972206,25751
"(0.7777777777777776, 1.0)",1,99.58711336972206,25752
"(0.9521531100478468, 1.0)",2,99.58707374496848,25754
"(0.8518518518518519, 1.0)",1,99.58703320297523,25755
"(0.8740392648287385, 1.0)",1,99.58702842140484,25756
"(0.896551724137931, 1.0)",1,99.58702791461413,25757
"(0.9172932330827066, 1.0)",1,99.58700109958691,25758
"(0.8686868686868687, 1.0)",1,99.58697241455864,25759
"(0.9135802469135802, 1.0)",2,99.58696242029576,25761
"(0.8571428571428572, 1.0)",1,99.5869424692954,25762
"(1.0, 1.0)",1,99.58694083694084,25763
"(0.8888888888888888, 1.0)",1,99.5869329945417,25764
"(0.8705805822084891, 1.0)",2,99.58689218766968,25766
"(0.8796296296296295, 1.0)",1,99.586860670194,25767
"(0.9135802469135802, 1.0)",1,99.58682749774704,25768
"(0.936026936026936, 1.0)",1,99.58682058682058,25769
"(0.9135802469135802, 1.0)",1,99.58681801854952,25770
"(0.8375771604938271, 1.0)",1,99.58676519468186,25771
"(0.8888888888888888, 1.0)",1,99.58673324402224,25772
"(0.9, 1.0)",1,99.5867270177228,25773
"(0.9841269841269842, 1.0)",1,99.58672607444538,25774
"(0.8888888888888888, 1.0)",1,99.58668046928916,25775
"(0.8867623604465709, 1.0)",1,99.58661806030229,25776
"(0.8151260504201681, 1.0)",1,99.58661567190978,25777
"(0.8468468468468467, 1.0)",1,99.58646083248416,25778
"(0.8888888888888888, 1.0)",1,99.58639971139972,25779
"(0.8592532467532467, 1.0)",1,99.58635466635468,25780
"(0.8571428571428572, 1.0)",1,99.5863395863396,25781
"(0.9333333333333332, 1.0)",1,99.58632946001369,25782
"(0.9230769230769232, 1.0)",1,99.58629531388152,25783
"(0.8627450980392157, 1.0)",2,99.58622994652409,25785
"(0.9194577352472088, 1.0)",1,99.5862000874705,25786
"(0.9391865079365078, 1.0)",1,99.5861876763456,25787
"(0.896551724137931, 1.0)",1,99.58617814709768,25788
"(0.883876357560568, 1.0)",1,99.58617405985828,25789
"(0.8013468013468013, 1.0)",2,99.58616982146394,25791
"(0.8586378737541528, 1.0)",1,99.58610214389302,25792
"(0.9230769230769232, 1.0)",1,99.58602975971397,25793
"(0.7707924493038034, 1.0)",1,99.5860068028515,25794
"(0.8904991948470209, 1.0)",1,99.58598889033672,25795
"(0.9104993386243384, 1.0)",1,99.58593532433518,25796
"(0.865079365079365, 1.0)",2,99.58591086851956,25798
"(0.8666666666666667, 1.0)",1,99.58590791209238,25799
"(0.8518518518518519, 1.0)",1,99.58586078723378,25800
"(0.7982954545454546, 1.0)",1,99.58585775804978,25801
"(0.8376068376068376, 1.0)",1,99.58584105952528,25802
"(0.9224211423699916, 1.0)",1,99.58578574623805,25803
"(0.7765567765567766, 1.0)",1,99.5857815292598,25804
"(0.9047619047619048, 1.0)",1,99.58571428571427,25805
"(0.7973856209150327, 1.0)",1,99.58571223682786,25806
"(0.8468468468468467, 1.0)",1,99.58571013409724,25807
"(0.8518518518518519, 1.0)",1,99.58570260777392,25808
"(0.875, 1.0)",1,99.5856782106782,25809
"(0.9230769230769232, 1.0)",1,99.58565926826796,25810
"(0.9696969696969696, 1.0)",1,99.5856581689915,25811
"(0.8448736477904788, 1.0)",1,99.58564131829507,25812
"(0.9444444444444444, 1.0)",1,99.58563074352548,25813
"(0.8053221288515406, 1.0)",1,99.58560110913052,25814
"(0.8622222222222222, 1.0)",2,99.5855920947149,25816
"(0.896551724137931, 1.0)",2,99.58559094578584,25818
"(0.8666666666666667, 1.0)",1,99.5855806168785,25819
"(0.8376068376068376, 1.0)",1,99.58552941311562,25820
"(0.8345959595959597, 1.0)",1,99.5855167980168,25821
"(0.7167919799498746, 1.0)",1,99.58547884863674,25822
"(0.9444444444444444, 1.0)",1,99.58546424335898,25823
"(0.9047619047619048, 1.0)",1,99.58544061302682,25824
"(0.8817204301075269, 1.0)",1,99.58542413381124,25825
"(0.875, 1.0)",1,99.58537568345416,25826
"(0.8550741594067247, 1.0)",1,99.58533558893272,25827
"(0.9172932330827066, 1.0)",1,99.5852612320465,25828
"(0.7650293586269196, 1.0)",1,99.58524220133975,25829
"(0.9841269841269842, 1.0)",3,99.58522312221778,25832
"(0.865079365079365, 1.0)",2,99.58513708513708,25834
"(0.9019323671497586, 1.0)",3,99.58513583781291,25837
"(0.8067271451483561, 1.0)",1,99.5851317399919,25838
"(0.922050500014663, 1.0)",1,99.58508316156131,25839
"(0.9841269841269842, 1.0)",1,99.58507936507937,25840
"(0.9466207660652104, 1.0)",1,99.5849826588021,25841
"(0.8547544409613373, 1.0)",1,99.58491317112006,25842
"(0.8952380952380952, 1.0)",1,99.58488105460164,25843
"(0.8257685414943479, 1.0)",1,99.58487127518042,25844
"(0.8977777777777779, 1.0)",1,99.58482873851295,25845
"(0.942528735632184, 1.0)",1,99.58481983407586,25846
"(0.683375104427736, 1.0)",1,99.58479532163744,25847
"(0.7975164658278694, 1.0)",1,99.58478530809673,25848
"(1.0, 1.0)",1,99.58474773308532,25849
"(0.9230769230769232, 1.0)",1,99.58472686733556,25850
"(0.8465418823841762, 1.0)",1,99.5846712067635,25851
"(0.8527777777777779, 1.0)",1,99.58461131461132,25852
"(0.883580779054917, 1.0)",1,99.58459061158914,25853
"(0.8163854689162486, 1.0)",1,99.58458045574449,25854
"(0.9135802469135802, 1.0)",3,99.58452041785377,25857
"(0.9444444444444444, 1.0)",2,99.58452041785377,25859
"(0.8163854689162486, 1.0)",1,99.58439913587296,25860
"(0.9135802469135802, 1.0)",1,99.58434807557614,25861
"(0.8977777777777779, 1.0)",2,99.5843381310048,25863
"(0.9202401372212692, 1.0)",1,99.58433342870131,25864
"(0.8750600325600326, 1.0)",1,99.58431379999494,25865
"(0.9047619047619048, 1.0)",1,99.5843045843046,25866
"(0.9444444444444444, 1.0)",1,99.5842739152697,25867
"(0.8253968253968256, 1.0)",1,99.5842675842676,25868
"(0.808641975308642, 1.0)",1,99.58421133348668,25869
"(0.9023569023569024, 1.0)",1,99.58415229994176,25870
"(0.875, 1.0)",2,99.58410138248848,25872
"(0.7975164658278694, 1.0)",1,99.58406257869214,25873
"(0.8368686868686868, 1.0)",1,99.58404398118634,25874
"(0.9727777777777776, 1.0)",1,99.58395969229642,25875
"(0.8112794612794614, 1.0)",1,99.58394845894846,25876
"(0.9674603174603176, 1.0)",1,99.583938352669,25877
"(0.8831018518518517, 1.0)",1,99.58391689370109,25878
"(0.8375771604938271, 1.0)",1,99.5839098324515,25879
"(0.9333333333333332, 1.0)",1,99.58389914179388,25880
"(0.8873002904865649, 1.0)",1,99.58387459089651,25881
"(0.9023569023569024, 1.0)",1,99.58379237509672,25882
"(0.6155157715260018, 1.0)",1,99.58376973977995,25883
"(0.9696969696969696, 1.0)",1,99.58376547656908,25884
"(0.8332521117608837, 1.0)",1,99.5836850390892,25885
"(0.7869981325863679, 1.0)",1,99.58367796858072,25886
"(0.8705805822084891, 1.0)",1,99.58366990300338,25887
"(0.7167919799498746, 1.0)",1,99.58365756676432,25888
"(0.9333333333333332, 1.0)",2,99.58365509959714,25890
"(0.9230769230769232, 1.0)",2,99.58361360151642,25892
"(0.896551724137931, 1.0)",1,99.58358074450028,25893
"(0.9333333333333332, 1.0)",1,99.58351940457204,25894
"(0.9135802469135802, 1.0)",1,99.58351488743644,25895
"(0.9351258309591644, 1.0)",1,99.5835054605888,25896
"(0.8888888888888888, 1.0)",1,99.58347798202873,25897
"(0.8547544409613373, 1.0)",1,99.58344228559122,25898
"(0.683375104427736, 1.0)",2,99.58337510442774,25900
"(0.7555555555555554, 1.0)",1,99.58335738335738,25901
"(0.8055555555555555, 1.0)",1,99.58330544924748,25902
"(0.8332521117608837, 1.0)",1,99.5833039138827,25903
"(0.9135802469135802, 1.0)",1,99.58327721661055,25904
"(0.9615343915343916, 1.0)",1,99.58323946308322,25905
"(0.8125, 1.0)",1,99.58322191697192,25906
"(0.909209656084656, 1.0)",1,99.5831657000407,25907
"(0.883876357560568, 1.0)",1,99.58312447786132,25908
"(0.9696969696969696, 1.0)",1,99.58307296568164,25909
"(0.8686868686868687, 1.0)",5,99.58306878306878,25914
"(0.8281746031746032, 1.0)",1,99.5830533988958,25915
"(0.8883205456095482, 1.0)",1,99.583025933948,25916
"(0.9565217391304348, 1.0)",3,99.5829812366544,25919
"(0.8864468864468864, 1.0)",1,99.5829737185236,25920
"(0.9841269841269842, 1.0)",1,99.5829725829726,25921
"(0.875, 1.0)",1,99.58297068104916,25922
"(0.8859337035751476, 1.0)",1,99.58296702087829,25923
"(0.7975164658278694, 1.0)",1,99.58290108121248,25924
"(0.808641975308642, 1.0)",1,99.58281224947892,25925
"(0.8163854689162486, 1.0)",1,99.58277490430665,25926
"(0.9213620071684588, 1.0)",1,99.58270832229816,25927
"(0.833912037037037, 1.0)",1,99.58267045454544,25928
"(0.9407729468599032, 1.0)",1,99.5826447453754,25929
"(0.7167919799498746, 1.0)",1,99.58263939418438,25930
"(0.9109477124183006, 1.0)",1,99.58263700004962,25931
"(0.8627450980392157, 1.0)",2,99.58263305322129,25933
"(0.9047619047619048, 1.0)",1,99.5825087151174,25934
"(0.936026936026936, 1.0)",1,99.58249158249158,25935
"(0.8465418823841762, 1.0)",1,99.58248739520468,25936
"(0.9333333333333332, 1.0)",1,99.58248466509336,25937
"(0.936026936026936, 1.0)",1,99.58245614035089,25938
"(0.919047619047619, 1.0)",1,99.58241222291564,25939
"(0.896551724137931, 1.0)",1,99.58238242591068,25940
"(0.8550741594067247, 1.0)",1,99.58235965507764,25941
"(0.8611111111111112, 1.0)",1,99.5823483923484,25942
"(0.9027274557165862, 1.0)",1,99.58230515556868,25943
"(0.9135802469135802, 1.0)",1,99.58229807655096,25944
"(0.8952380952380952, 1.0)",1,99.58222452162865,25945
"(0.8013468013468013, 1.0)",2,99.58217788652571,25947
"(0.8627450980392157, 1.0)",1,99.58213778264928,25948
"(0.8520449077786689, 1.0)",1,99.58212807788864,25949
"(0.8897707231040564, 1.0)",1,99.58208960058916,25950
"(0.9230769230769232, 1.0)",1,99.5820666922616,25951
"(0.9507101086048454, 1.0)",2,99.58205548089224,25953
"(0.896551724137931, 1.0)",1,99.58204171723662,25954
"(0.8498168498168499, 1.0)",1,99.58202674294628,25955
"(0.8129898303922073, 1.0)",1,99.58201623596096,25956
"(0.8375771604938271, 1.0)",1,99.58199783896448,25957
"(0.8571428571428572, 1.0)",1,99.58196248196248,25958
"(0.9497685185185184, 1.0)",1,99.58195981895216,25959
"(0.9230769230769232, 1.0)",1,99.58195631528964,25960
"(0.8857001484413657, 1.0)",1,99.58190716806138,25961
"(0.9047619047619048, 1.0)",1,99.58189636450508,25962
"(0.8817204301075269, 1.0)",1,99.58189280675047,25963
"(0.9351258309591644, 1.0)",1,99.58189127728106,25964
"(0.9047619047619048, 1.0)",1,99.58188090050837,25965
"(0.8888888888888888, 1.0)",1,99.58186244780448,25966
"(0.8832772166105499, 1.0)",1,99.58180911949027,25967
"(1.0, 1.0)",1,99.581774264383,25968
"(0.9224211423699916, 1.0)",1,99.5817525517014,25969
"(0.8498168498168498, 1.0)",2,99.5817318646266,25971
"(0.8970659722222223, 1.0)",1,99.58162037037036,25972
"(0.9213117283950616, 1.0)",1,99.58161308493008,25973
"(0.833064949006978, 1.0)",1,99.58153869748072,25974
"(0.9047619047619048, 1.0)",1,99.58149640908262,25975
"(0.9135802469135802, 1.0)",1,99.58141624233578,25976
"(0.875, 1.0)",1,99.58140567162306,25977
"(0.7982954545454546, 1.0)",1,99.58136423761424,25978
"(0.9230769230769232, 1.0)",1,99.58136308136308,25979
"(0.8817204301075269, 1.0)",1,99.58134828763012,25980
"(0.8915343915343915, 1.0)",1,99.58130208196572,25981
"(0.8864468864468864, 1.0)",1,99.58125208125207,25982
"(0.896551724137931, 1.0)",1,99.58124480883102,25983
"(0.8366563427539037, 1.0)",1,99.58123881342334,25984
"(0.9674603174603176, 1.0)",1,99.58117408906882,25985
"(0.7777777777777776, 1.0)",2,99.5811715990744,25987
"(0.683375104427736, 1.0)",1,99.58115288220552,25988
"(0.8686868686868687, 1.0)",1,99.58111160869782,25989
"(0.8832772166105499, 1.0)",1,99.58110086370957,25990
"(0.8771929824561403, 1.0)",1,99.5810917832084,25991
"(0.9230769230769232, 1.0)",1,99.58108558108556,25992
"(0.9841269841269842, 1.0)",1,99.5810823354683,25993
"(0.8686868686868687, 1.0)",1,99.58104858104858,25994
"(0.8791208791208792, 1.0)",1,99.58104697235132,25995
"(0.8468468468468467, 1.0)",2,99.58104598104596,25997
"(0.8888888888888888, 1.0)",1,99.58097383097385,25998
"(0.9202401372212692, 1.0)",1,99.58096195182824,25999
"(0.8686868686868687, 1.0)",1,99.58089411788876,26000
"(0.9135802469135802, 1.0)",1,99.58081817044442,26001
"(0.8888888888888888, 1.0)",1,99.58080808080808,26002
"(0.8622222222222222, 1.0)",1,99.58079365079364,26003
"(0.9214340198321892, 1.0)",1,99.58074628379562,26004
"(0.8611111111111112, 1.0)",2,99.58072449970132,26006
"(1.0, 1.0)",1,99.58062259154212,26007
"(0.8518518518518519, 1.0)",1,99.58061024321894,26008
"(0.9230769230769232, 1.0)",1,99.5806045806046,26009
"(0.9224211423699916, 1.0)",1,99.58058902812408,26010
"(0.9841269841269842, 1.0)",1,99.5805866907816,26011
"(0.8586378737541528, 1.0)",1,99.58058480726838,26012
"(0.8616898148148148, 1.0)",1,99.58057992603524,26013
"(0.9674603174603176, 1.0)",1,99.58055555555556,26014
"(0.9135802469135802, 1.0)",1,99.58053291386624,26015
"(0.813859649122807, 1.0)",2,99.58050850952166,26017
"(0.9224211423699916, 1.0)",1,99.58050574782304,26018
"(0.7840187590187591, 1.0)",1,99.58049712030056,26019
"(0.875, 1.0)",1,99.58043270543271,26020
"(0.8897707231040564, 1.0)",1,99.58041944636147,26021
"(0.9047619047619048, 1.0)",1,99.58039202089546,26022
"(0.9109477124183006, 1.0)",1,99.58035608182666,26023
"(0.8387082903336773, 1.0)",1,99.58033585631608,26024
"(0.9444444444444444, 1.0)",2,99.58029984536468,26026
"(0.875, 1.0)",1,99.58028188286808,26027
"(0.9230769230769232, 1.0)",1,99.5802197802198,26028
"(0.7982954545454546, 1.0)",1,99.58021401907271,26029
"(0.7555555555555554, 1.0)",2,99.58015873015871,26031
"(0.8888888888888888, 1.0)",1,99.58008658008656,26032
"(0.9023809523809524, 1.0)",1,99.58007518796992,26033
"(0.833064949006978, 1.0)",1,99.58006781195186,26034
"(0.8332521117608837, 1.0)",1,99.5800295413644,26035
"(0.8731060606060606, 1.0)",1,99.5800260001329,26036
"(0.8375771604938271, 1.0)",1,99.57999629128253,26037
"(0.9565217391304348, 1.0)",1,99.57998764520504,26038
"(0.8163854689162486, 1.0)",1,99.57994301554272,26039
"(0.896551724137931, 1.0)",1,99.57992682856568,26040
"(0.683375104427736, 1.0)",1,99.57992682856568,26041
"(0.9135802469135802, 1.0)",1,99.57989677352424,26042
"(0.9497685185185184, 1.0)",1,99.57981528245418,26043
"(0.9230769230769232, 1.0)",1,99.57980291313623,26044
"(0.8518518518518519, 1.0)",1,99.579752782339,26045
"(0.7707924493038034, 1.0)",1,99.57972222535317,26046
"(0.7200000000000001, 1.0)",5,99.5797205263872,26051
"(0.9047619047619048, 1.0)",1,99.57971014492752,26052
"(0.8498168498168498, 1.0)",1,99.57969856230726,26053
"(1.0, 1.0)",1,99.57965107965109,26054
"(0.875, 1.0)",1,99.5796176046176,26055
"(0.9465811965811968, 1.0)",1,99.5795638731804,26056
"(0.8055555555555555, 1.0)",2,99.5795323237852,26058
"(0.7544006919006919, 1.0)",1,99.57951363451365,26059
"(0.8547544409613373, 1.0)",1,99.57949894831454,26060
"(0.947088068181818, 1.0)",1,99.5794756650987,26061
"(0.8151260504201681, 1.0)",1,99.57947281476692,26062
"(0.9565217391304348, 1.0)",2,99.57941158017884,26064
"(0.9027274557165862, 1.0)",1,99.57939893238806,26065
"(0.9135802469135802, 1.0)",1,99.57939377062183,26066
"(0.9589484126984128, 1.0)",1,99.57936568061568,26067
"(0.8686868686868687, 1.0)",1,99.5793493945668,26068
"(0.8319664902998236, 1.0)",1,99.57932819221796,26069
"(0.8055555555555555, 1.0)",1,99.579282802967,26070
"(0.9565217391304348, 1.0)",1,99.57926997207358,26071
"(0.9674603174603176, 1.0)",1,99.57923337934209,26072
"(0.8332521117608837, 1.0)",1,99.579228254234,26073
"(0.808641975308642, 1.0)",1,99.5792047458714,26074
"(0.9507101086048454, 1.0)",1,99.57913723703196,26075
"(0.8888888888888888, 1.0)",1,99.57912457912458,26076
"(0.9264176245210728, 1.0)",1,99.579113302433,26077
"(0.8831018518518517, 1.0)",1,99.57907110362756,26078
"(0.9230769230769232, 1.0)",1,99.57900995155896,26079
"(0.8771929824561403, 1.0)",1,99.57899789378746,26080
"(0.875, 1.0)",1,99.5789897039897,26081
"(1.0, 1.0)",1,99.5789897039897,26082
"(1.0, 1.0)",1,99.57898699317464,26083
"(0.9230769230769232, 1.0)",1,99.5789448431214,26084
"(0.7162037037037038, 1.0)",1,99.57893348311546,26085
"(1.0, 1.0)",1,99.57892032172391,26086
"(0.8163854689162486, 1.0)",1,99.578888200526,26087
"(0.9289529914529916, 1.0)",1,99.57886433897072,26088
"(0.896551724137931, 1.0)",1,99.5788524643334,26089
"(0.8817204301075269, 1.0)",1,99.5788512677418,26090
"(0.9230769230769232, 1.0)",1,99.57884678250812,26091
"(0.7167919799498746, 1.0)",1,99.57869674185464,26092
"(0.8915343915343915, 1.0)",1,99.57869135803112,26093
"(1.0, 1.0)",1,99.57866659987978,26094
"(0.854066985645933, 1.0)",1,99.57864611022508,26095
"(0.8046935824713601, 1.0)",1,99.5786390557224,26096
"(0.896551724137931, 1.0)",2,99.5786357220114,26098
"(0.909209656084656, 1.0)",1,99.57860115168585,26099
"(0.8498168498168498, 1.0)",2,99.57859333648808,26101
"(0.7200000000000001, 1.0)",2,99.57858585858584,26103
"(0.8266666666666667, 1.0)",2,99.57846256183824,26105
"(0.8551296720061023, 1.0)",1,99.57845969846112,26106
"(0.8888888888888888, 1.0)",1,99.57845536106406,26107
"(0.740829346092504, 1.0)",2,99.57843618369934,26109
"(0.833064949006978, 1.0)",1,99.57838785222462,26110
"(0.8498168498168498, 1.0)",1,99.57833216166549,26111
"(1.0, 1.0)",1,99.57828282828282,26112
"(0.9192180611357128, 1.0)",1,99.57828040711313,26113
"(0.8275809031622985, 1.0)",2,99.57824728924535,26115
"(0.9497685185185184, 1.0)",1,99.57824661067376,26116
"(0.8520449077786689, 1.0)",1,99.57824596994102,26117
"(0.8518518518518519, 1.0)",1,99.57821486082356,26118
"(0.9696969696969696, 1.0)",1,99.57815997815996,26119
"(0.7162037037037038, 1.0)",1,99.57810846560848,26120
"(0.9047619047619048, 1.0)",1,99.57803943711872,26121
"(0.740829346092504, 1.0)",1,99.57798634114424,26122
"(0.8729166666666666, 1.0)",1,99.57793209876544,26123
"(0.8952020202020202, 1.0)",1,99.57789472358915,26124
"(0.8831018518518517, 1.0)",1,99.57784682144975,26125
"(1.0, 1.0)",2,99.57784099889363,26127
"(0.8586378737541528, 1.0)",1,99.57783920552696,26128
"(0.8339307048984469, 1.0)",1,99.57779178209286,26129
"(0.875, 1.0)",1,99.5777417027417,26130
"(0.8817204301075269, 1.0)",1,99.5777265745008,26131
"(0.9202401372212692, 1.0)",1,99.5776538251645,26132
"(0.773034398034398, 1.0)",1,99.5776166791792,26133
"(0.8551296720061023, 1.0)",1,99.57755468615436,26134
"(0.9047619047619048, 1.0)",1,99.57755348516218,26135
"(0.9224211423699916, 1.0)",1,99.57754379749264,26136
"(0.8817204301075269, 1.0)",1,99.57752462591172,26137
"(0.8551296720061023, 1.0)",1,99.57751218893162,26138
"(0.8550741594067247, 1.0)",1,99.5775117015216,26139
"(0.9023569023569024, 1.0)",1,99.57750310118732,26140
"(0.8112794612794614, 1.0)",1,99.57747044622045,26141
"(0.9109477124183006, 1.0)",1,99.57744787891846,26142
"(0.896551724137931, 1.0)",1,99.577412087607,26143
"(0.8817204301075269, 1.0)",1,99.5774074591279,26144
"(0.9565217391304348, 1.0)",2,99.57740441948336,26146
"(0.8750600325600326, 1.0)",1,99.57739468864467,26147
"(0.8915343915343915, 1.0)",1,99.57732317562964,26148
"(0.9171090534979424, 1.0)",1,99.57730689180062,26149
"(0.8592532467532467, 1.0)",1,99.577290996041,26150
"(0.875, 1.0)",1,99.5772648848736,26151
"(0.8857001484413657, 1.0)",1,99.57721584192724,26152
"(0.9444444444444444, 1.0)",1,99.5772005772006,26153
"(0.7200000000000001, 1.0)",1,99.57714285714286,26154
"(0.875, 1.0)",1,99.57709235209236,26155
"(0.8803174603174604, 1.0)",1,99.57705931495406,26156
"(0.8376068376068376, 1.0)",2,99.57702482702484,26158
"(0.7141994478951, 1.0)",2,99.57694454593432,26160
"(0.896551724137931, 1.0)",1,99.5769041202798,26161
"(0.8822954822954823, 1.0)",1,99.57687645687643,26162
"(0.9104993386243384, 1.0)",1,99.57675595238096,26163
"(0.9, 1.0)",1,99.57673894882132,26164
"(0.8448736477904788, 1.0)",1,99.57671560926327,26165
"(0.7708333333333334, 1.0)",2,99.57669413919412,26167
"(0.8376068376068376, 1.0)",1,99.57666825927696,26168
"(0.8883205456095482, 1.0)",1,99.57666822457956,26169
"(0.8373015873015873, 1.0)",1,99.5766499582289,26170
"(0.865079365079365, 1.0)",1,99.57663155334058,26171
"(0.6156045751633987, 1.0)",1,99.57663021618905,26172
"(0.9333333333333332, 1.0)",1,99.57662337662336,26173
"(0.7410714285714286, 1.0)",1,99.57661581250292,26174
"(0.8977777777777779, 1.0)",1,99.57659247449529,26175
"(0.773034398034398, 1.0)",1,99.57653748445416,26176
"(0.9565217391304348, 1.0)",2,99.57653554175292,26178
"(0.9302579365079364, 1.0)",1,99.57652312964814,26179
"(0.8952020202020202, 1.0)",1,99.57651984259076,26180
"(0.9248366013071896, 1.0)",1,99.57648080133848,26181
"(0.8415692007797271, 1.0)",1,99.57645249997752,26182
"(0.9841269841269842, 1.0)",1,99.57644401634172,26183
"(0.9135802469135802, 1.0)",1,99.57639569233773,26184
"(0.9466207660652104, 1.0)",1,99.5763938532764,26185
"(0.8817204301075269, 1.0)",1,99.57635854053513,26186
"(0.9047619047619048, 1.0)",1,99.57633712905452,26187
"(0.9, 1.0)",1,99.57632367632368,26188
"(0.8053221288515406, 1.0)",1,99.5762516823898,26189
"(0.8109668109668109, 1.0)",1,99.57624694146432,26190
"(0.9306746031746032, 1.0)",1,99.57621914939811,26191
"(0.9135802469135802, 1.0)",1,99.5762153668377,26192
"(0.8415692007797271, 1.0)",1,99.57618344454984,26193
"(0.8376068376068376, 1.0)",1,99.57617985878856,26194
"(0.8551296720061023, 1.0)",1,99.57617430091364,26195
"(0.919047619047619, 1.0)",1,99.5761606209882,26196
"(0.9047619047619048, 1.0)",1,99.57611992945326,26197
"(0.8332521117608837, 1.0)",1,99.5761005352194,26198
"(0.8666666666666667, 1.0)",1,99.57608162446871,26199
"(0.7705882352941177, 1.0)",1,99.5760551383674,26200
"(0.8402777777777779, 1.0)",1,99.5759806713754,26201
"(0.8864468864468864, 1.0)",1,99.57588737427449,26202
"(0.896551724137931, 1.0)",1,99.57586587404032,26203
"(0.9333333333333332, 1.0)",1,99.57584033613446,26204
"(0.8571428571428572, 1.0)",1,99.5758377425044,26205
"(0.8888888888888888, 1.0)",1,99.57580412419122,26206
"(0.8803174603174604, 1.0)",1,99.57579004329004,26207
"(0.8888888888888888, 1.0)",1,99.57575757575758,26208
"(0.9135802469135802, 1.0)",1,99.57572969167173,26209
"(0.8888888888888888, 1.0)",1,99.57568922305764,26210
"(0.9523809523809524, 1.0)",1,99.57568747096524,26211
"(0.9, 1.0)",1,99.57567977407794,26212
"(0.8100775193798448, 1.0)",1,99.5756757544187,26213
"(0.9841269841269842, 1.0)",1,99.57567368032484,26214
"(0.8952380952380952, 1.0)",1,99.57566670933606,26215
"(0.8530092673544326, 1.0)",1,99.57565554845752,26216
"(0.8731060606060606, 1.0)",2,99.57562279297036,26218
"(0.9224211423699916, 1.0)",1,99.57558435342794,26219
"(0.8547544409613373, 1.0)",1,99.57553366174056,26220
"(0.8791208791208792, 1.0)",1,99.57552592335202,26221
"(0.9047619047619048, 1.0)",1,99.57551815490103,26222
"(0.9589484126984128, 1.0)",1,99.57550685425686,26223
"(0.875, 1.0)",1,99.5754567818032,26224
"(0.7840187590187591, 1.0)",2,99.57544050334371,26226
"(0.8421052631578948, 1.0)",1,99.57543859649122,26227
"(0.9168478260869564, 1.0)",1,99.57539932685172,26228
"(0.8666666666666667, 1.0)",1,99.57539909015716,26229
"(0.875, 1.0)",2,99.57537467405888,26231
"(0.9230769230769232, 1.0)",1,99.5753135753136,26232
"(0.9192180611357128, 1.0)",1,99.57531282253098,26233
"(0.9302579365079364, 1.0)",2,99.57525641025642,26235
"(0.9841269841269842, 1.0)",1,99.57523032523032,26236
"(0.75, 1.0)",1,99.5752086078173,26237
"(0.9224211423699916, 1.0)",2,99.5751682935153,26239
"(0.9, 1.0)",1,99.57515164723402,26240
"(0.9023809523809524, 1.0)",1,99.5751098077185,26241
"(0.8518518518518519, 1.0)",1,99.57509936457303,26242
"(0.919047619047619, 1.0)",1,99.57505210838544,26243
"(0.7782392026578072, 1.0)",1,99.57505058424208,26244
"(0.8686868686868687, 1.0)",1,99.57503607503608,26245
"(0.9444444444444444, 1.0)",1,99.57503607503608,26246
"(0.9172932330827066, 1.0)",4,99.57495606833176,26250
"(0.8897707231040564, 1.0)",1,99.57495590828924,26251
"(0.8622222222222222, 1.0)",1,99.57492063492064,26252
"(0.8129898303922073, 1.0)",1,99.57490930048468,26253
"(0.7973856209150327, 1.0)",1,99.5748747984042,26254
"(0.9230769230769232, 1.0)",2,99.57484169078371,26256
"(0.9109477124183006, 1.0)",1,99.57481545387223,26257
"(0.9047619047619048, 1.0)",1,99.57480895078226,26258
"(0.8831018518518517, 1.0)",1,99.57478386674718,26259
"(0.8855593344976561, 1.0)",1,99.57477614567792,26260
"(0.896551724137931, 1.0)",1,99.5747624023486,26261
"(0.875, 1.0)",1,99.5747446997447,26262
"(0.8817204301075269, 1.0)",2,99.5747279057237,26264
"(0.7081939799331105, 1.0)",1,99.57472175771088,26265
"(1.0, 1.0)",1,99.57469654528478,26266
"(0.9047619047619048, 1.0)",1,99.57465963987704,26267
"(0.8991666666666667, 1.0)",1,99.57456894046712,26268
"(0.8817204301075269, 1.0)",1,99.57449947917948,26269
"(0.7708333333333334, 1.0)",1,99.57447413697416,26270
"(0.8897707231040564, 1.0)",1,99.57445987654322,26271
"(0.8339307048984469, 1.0)",2,99.57444360330608,26273
"(0.9674603174603176, 1.0)",1,99.57443772702392,26274
"(0.9351258309591644, 1.0)",1,99.57441527530122,26275
"(0.8952380952380952, 1.0)",1,99.57438651883096,26276
"(0.7555555555555554, 1.0)",4,99.57435254803676,26280
"(0.8257407407407408, 1.0)",1,99.57431526284348,26281
"(0.865079365079365, 1.0)",1,99.57422438672438,26282
"(0.8686868686868687, 1.0)",1,99.57421682260392,26283
"(0.8817204301075269, 1.0)",1,99.5742013712273,26284
"(0.9465811965811968, 1.0)",1,99.57412417722762,26285
"(0.9264176245210728, 1.0)",1,99.57410844851655,26286
"(0.9674603174603176, 1.0)",1,99.5741022135759,26287
"(0.9565217391304348, 1.0)",1,99.57409847264924,26288
"(0.9841269841269842, 1.0)",1,99.57395985656856,26289
"(0.7167919799498746, 1.0)",2,99.57393483709274,26291
"(0.8864468864468864, 1.0)",1,99.57392645493331,26292
"(0.883580779054917, 1.0)",1,99.57391020760996,26293
"(0.9047619047619048, 1.0)",2,99.57385620915034,26295
"(0.9135802469135802, 1.0)",1,99.57378899241644,26296
"(0.8897707231040564, 1.0)",1,99.57375340708674,26297
"(0.8864468864468864, 1.0)",1,99.57374847374848,26298
"(0.8729166666666666, 1.0)",2,99.57374281609196,26300
"(0.8350168350168351, 1.0)",2,99.57363104731526,26302
"(0.8867623604465709, 1.0)",1,99.57363104731526,26303
"(0.8271652864044169, 1.0)",2,99.57361730660644,26305
"(0.9465811965811968, 1.0)",1,99.57360116167597,26306
"(0.8925865800865801, 1.0)",1,99.57358850495052,26307
"(0.8373015873015873, 1.0)",1,99.5735377640412,26308
"(0.9841269841269842, 1.0)",1,99.57352092352092,26309
"(0.919047619047619, 1.0)",2,99.57348674717096,26311
"(0.8415692007797271, 1.0)",1,99.57339589774531,26312
"(0.9230769230769232, 1.0)",1,99.57338432462046,26313
"(0.8731060606060606, 1.0)",1,99.57328092187848,26314
"(0.8857001484413657, 1.0)",1,99.5732771323148,26315
"(0.8559880611864197, 1.0)",1,99.5732289995648,26316
"(0.7167919799498746, 1.0)",1,99.57320223636012,26317
"(0.7167919799498746, 1.0)",2,99.57314118629908,26319
"(0.8888888888888888, 1.0)",1,99.5731240981241,26320
"(0.9507101086048454, 1.0)",1,99.5730915585725,26321
"(0.8750600325600326, 1.0)",1,99.57306840206536,26322
"(0.9841269841269842, 1.0)",1,99.57303732303733,26323
"(0.9047619047619048, 1.0)",1,99.57299472558094,26324
"(0.9465811965811968, 1.0)",1,99.5729918318482,26325
"(0.9364583333333332, 1.0)",1,99.57296716814436,26326
"(0.9047619047619048, 1.0)",1,99.57296466973888,26327
"(0.8487103174603176, 1.0)",1,99.57280844155844,26328
"(0.8350168350168351, 1.0)",1,99.57276193305606,26329
"(0.8257685414943479, 1.0)",1,99.57265838005084,26330
"(0.735042735042735, 1.0)",1,99.57264957264957,26331
"(0.8129898303922073, 1.0)",1,99.57263969698651,26332
"(0.947088068181818, 1.0)",1,99.57261733114557,26333
"(0.8013468013468013, 1.0)",1,99.57260828839776,26334
"(0.8468468468468467, 1.0)",1,99.57260442260444,26335
"(0.9104993386243384, 1.0)",1,99.57259115113284,26336
"(0.9142520753512132, 1.0)",1,99.5725859517496,26337
"(0.9444444444444444, 1.0)",1,99.57258246388682,26338
"(0.9465811965811968, 1.0)",2,99.57257325809462,26340
"(0.9364583333333332, 1.0)",1,99.5725413501108,26341
"(0.8686868686868687, 1.0)",2,99.57249513771254,26343
"(0.8271652864044169, 1.0)",1,99.57248495130742,26344
"(0.7840187590187591, 1.0)",1,99.57246199514344,26345
"(0.8571428571428572, 1.0)",1,99.57239968834172,26346
"(0.875593542260209, 1.0)",1,99.57233539689682,26347
"(0.9444444444444444, 1.0)",1,99.572306920133,26348
"(0.8264567669172932, 1.0)",1,99.5723061336,26349
"(0.7081939799331105, 1.0)",1,99.57226604112472,26350
"(0.7167919799498746, 1.0)",1,99.57226399331662,26351
"(0.9230769230769232, 1.0)",1,99.57219973009448,26352
"(0.9386724386724388, 1.0)",1,99.57215007215008,26353
"(0.9047619047619048, 1.0)",1,99.57213897213896,26354
"(0.7555555555555554, 1.0)",1,99.57209937209936,26355
"(0.751918158567775, 1.0)",1,99.57206606621568,26356
"(0.6155157715260018, 1.0)",1,99.57203751065644,26357
"(0.9135802469135802, 1.0)",1,99.57203673295628,26358
"(0.9492266992266992, 1.0)",2,99.57202584452584,26360
"(0.9230769230769232, 1.0)",1,99.5720066970067,26361
"(0.8013468013468013, 1.0)",1,99.57195612034322,26362
"(0.8817204301075269, 1.0)",1,99.57192294789624,26363
"(0.8518954248366013, 1.0)",1,99.57183177152002,26364
"(0.8888888888888888, 1.0)",2,99.5718253968254,26366
"(0.9230769230769232, 1.0)",1,99.57181063702802,26367
"(0.8046935824713601, 1.0)",1,99.57180750072864,26368
"(0.8521317829457364, 1.0)",1,99.57178113322242,26369
"(0.8867623604465709, 1.0)",1,99.57174404542826,26370
"(0.7840187590187591, 1.0)",1,99.57174180359664,26371
"(0.9230769230769232, 1.0)",1,99.57169990503324,26372
"(0.8520449077786689, 1.0)",1,99.57166912608878,26373
"(0.8750600325600326, 1.0)",1,99.57162782435418,26374
"(0.8771929824561403, 1.0)",1,99.57161860313175,26375
"(0.8831064306064307, 1.0)",1,99.57158577533578,26376
"(0.8803174603174604, 1.0)",1,99.57153381586296,26377
"(0.9306746031746032, 1.0)",1,99.57152323127993,26378
"(0.9445350241545892, 1.0)",1,99.57149199384509,26379
"(0.904126984126984, 1.0)",1,99.57147123407992,26380
"(0.8831018518518517, 1.0)",1,99.57130852842808,26381
"(0.875, 1.0)",1,99.5712481962482,26382
"(0.8402777777777779, 1.0)",1,99.57123479996288,26383
"(0.8832772166105499, 1.0)",1,99.5712181645515,26384
"(0.9444444444444444, 1.0)",1,99.57116710450045,26385
"(0.9333333333333332, 1.0)",1,99.57113997114004,26386
"(0.8498168498168498, 1.0)",1,99.57113047871668,26387
"(0.8686868686868687, 1.0)",1,99.5710993986856,26388
"(0.9194577352472088, 1.0)",1,99.57109440267334,26389
"(0.9565217391304348, 1.0)",1,99.57101322959522,26390
"(0.8373015873015873, 1.0)",1,99.570987654321,26391
"(0.7869981325863679, 1.0)",1,99.5709800375096,26392
"(0.9333333333333332, 1.0)",1,99.57094481605353,26393
"(0.9364583333333332, 1.0)",1,99.5708545165248,26394
"(0.9565217391304348, 1.0)",1,99.57085035345904,26395
"(0.9740143369175628, 1.0)",1,99.57081753779644,26396
"(1.0, 1.0)",1,99.57079635340506,26397
"(0.9224211423699916, 1.0)",1,99.5707905507394,26398
"(0.8465418823841762, 1.0)",1,99.5707874589324,26399
"(0.9589484126984128, 1.0)",1,99.57077898182064,26400
"(0.8518518518518519, 1.0)",1,99.57072728666932,26401
"(0.9047619047619048, 1.0)",1,99.57070707070709,26402
"(0.9224211423699916, 1.0)",1,99.57068169823924,26403
"(0.7544006919006919, 1.0)",1,99.5706611623144,26404
"(0.8900759734093067, 1.0)",1,99.57064221412996,26405
"(0.7650293586269196, 1.0)",2,99.57057890167648,26407
"(0.8589726631393297, 1.0)",1,99.57055684800542,26408
"(0.8518518518518519, 1.0)",1,99.5705498205498,26409
"(0.9192180611357128, 1.0)",1,99.57053321381508,26410
"(0.8803174603174604, 1.0)",1,99.57051997810618,26411
"(0.9841269841269842, 1.0)",1,99.5705131189002,26412
"(0.7141994478951, 1.0)",1,99.57049348065972,26413
"(0.8527777777777779, 1.0)",2,99.57049062049062,26415
"(0.932852564102564, 1.0)",1,99.57048470215216,26416
"(0.8887191358024692, 1.0)",2,99.57048195631528,26418
"(0.8078308130291714, 1.0)",1,99.57047176673618,26419
"(0.7782392026578072, 1.0)",2,99.57044698614868,26421
"(0.8888888888888888, 1.0)",1,99.570419918246,26422
"(0.8170426065162907, 1.0)",1,99.57040035987404,26423
"(0.9333333333333332, 1.0)",1,99.57039568618517,26424
"(0.808641975308642, 1.0)",2,99.5703188948803,26426
"(0.8888888888888888, 1.0)",1,99.57025633913506,26427
"(0.9135802469135802, 1.0)",1,99.57024302857636,26428
"(0.9192180611357128, 1.0)",1,99.57020464019806,26429
"(0.875, 1.0)",1,99.5701871657754,26430
"(0.8151260504201681, 1.0)",1,99.57016871307152,26431
"(0.9306746031746032, 1.0)",1,99.57016175378818,26432
"(0.9135802469135802, 1.0)",1,99.5701610929681,26433
"(0.89, 1.0)",1,99.5701605209804,26434
"(0.8822954822954823, 1.0)",1,99.5701327827419,26435
"(0.9224211423699916, 1.0)",1,99.57013185069776,26436
"(0.8439484126984128, 1.0)",2,99.57012351950932,26438
"(0.8571428571428572, 1.0)",1,99.57008547008547,26439
"(0.9841269841269842, 1.0)",1,99.57007485268356,26440
"(0.8309016086793863, 1.0)",2,99.57006226284004,26442
"(0.8332521117608837, 1.0)",1,99.57000295351172,26443
"(0.896551724137931, 1.0)",1,99.5700004975867,26444
"(0.896551724137931, 1.0)",1,99.5699777133534,26445
"(0.9100706889685384, 1.0)",1,99.56994423303402,26446
"(0.9333333333333332, 1.0)",1,99.56990610034087,26447
"(0.7625830959164293, 1.0)",1,99.56988690322024,26448
"(0.9172932330827066, 1.0)",1,99.5698411209247,26449
"(0.9023569023569024, 1.0)",1,99.56981580510993,26450
"(0.9696969696969696, 1.0)",1,99.56978515311847,26451
"(0.9135802469135802, 1.0)",2,99.56976268570472,26453
"(0.8611111111111112, 1.0)",1,99.56974439066572,26454
"(0.7707924493038034, 1.0)",1,99.56971491572628,26455
"(0.9592592592592591, 1.0)",2,99.56965502992942,26457
"(0.8151260504201681, 1.0)",1,99.56964604023428,26458
"(0.875, 1.0)",1,99.56955456823876,26459
"(0.9135802469135802, 1.0)",1,99.56945969598188,26460
"(0.896551724137931, 1.0)",1,99.56940560804254,26461
"(0.8888888888888888, 1.0)",1,99.56932482721956,26462
"(0.9444444444444444, 1.0)",1,99.56928273361186,26463
"(0.9444444444444444, 1.0)",1,99.56926406926408,26464
"(0.8468468468468467, 1.0)",1,99.56921830255165,26465
"(0.8547544409613373, 1.0)",1,99.56920913831075,26466
"(0.9841269841269842, 1.0)",1,99.5691441175312,26467
"(0.9444444444444444, 1.0)",1,99.56912862641764,26468
"(0.9391865079365078, 1.0)",1,99.56905509345364,26469
"(1.0, 1.0)",1,99.56902356902356,26470
"(0.9696969696969696, 1.0)",1,99.56899039657662,26471
"(0.9497685185185184, 1.0)",1,99.5689042633966,26472
"(0.8046935824713601, 1.0)",1,99.56890420723754,26473
"(0.9047619047619048, 1.0)",1,99.56890331890332,26474
"(0.9444444444444444, 1.0)",1,99.56885680074086,26475
"(0.8880341880341881, 1.0)",1,99.56879202668676,26476
"(0.9333333333333332, 1.0)",1,99.56878560036456,26477
"(0.8991666666666667, 1.0)",1,99.56877161888032,26478
"(0.8858975827700768, 1.0)",1,99.56877139425264,26479
"(0.875, 1.0)",1,99.56873787132407,26480
"(0.8151260504201681, 1.0)",1,99.56872571162852,26481
"(0.9445350241545892, 1.0)",1,99.56861254642656,26482
"(0.8622222222222222, 1.0)",1,99.56858151820776,26483
"(0.8952380952380952, 1.0)",1,99.56857268296608,26484
"(0.8675136116152449, 1.0)",1,99.56857181267344,26485
"(0.9023569023569024, 1.0)",1,99.56856788435736,26486
"(0.8163854689162486, 1.0)",1,99.56849491995168,26487
"(0.9841269841269842, 1.0)",1,99.56845473367214,26488
"(0.8888888888888888, 1.0)",1,99.5684361607891,26489
"(0.8888888888888888, 1.0)",1,99.56841524488584,26490
"(0.8686868686868687, 1.0)",1,99.56841430174764,26491
"(0.919047619047619, 1.0)",1,99.56839826839824,26492
"(0.9444444444444444, 1.0)",1,99.5683621933622,26493
"(0.875, 1.0)",1,99.56831902665236,26494
"(0.9444444444444444, 1.0)",1,99.56830810785084,26495
"(0.8518518518518519, 1.0)",1,99.56827069870548,26496
"(0.9135802469135802, 1.0)",1,99.56827000160334,26497
"(0.8888888888888888, 1.0)",1,99.56825396825396,26498
"(0.8731060606060606, 1.0)",1,99.56816482128984,26499
"(0.9224211423699916, 1.0)",1,99.56816428811314,26500
"(0.900854700854701, 1.0)",1,99.56814393336133,26501
"(0.9047619047619048, 1.0)",1,99.56809634809636,26502
"(0.7167919799498746, 1.0)",1,99.56805183120971,26503
"(0.8468468468468467, 1.0)",1,99.56801505062374,26504
"(0.896551724137931, 1.0)",1,99.56798522890476,26505
"(0.947088068181818, 1.0)",1,99.56792095187622,26506
"(0.7081939799331105, 1.0)",1,99.5678164256547,26507
"(0.9696969696969696, 1.0)",1,99.56780996780996,26508
"(0.896551724137931, 1.0)",1,99.56779992038614,26509
"(0.8831064306064307, 1.0)",1,99.56778631348077,26510
"(0.8791208791208792, 1.0)",2,99.56776556776558,26512
"(0.8817204301075269, 1.0)",1,99.56769623919548,26513
"(0.9, 1.0)",1,99.5676916952779,26514
"(0.8055555555555555, 1.0)",1,99.56763285024157,26515
"(0.8888888888888888, 1.0)",1,99.5676049661557,26516
"(0.9135802469135802, 1.0)",1,99.56758056758056,26517
"(0.9465811965811968, 1.0)",1,99.56756604506604,26518
"(0.8520449077786689, 1.0)",1,99.56755165819771,26519
"(0.780952380952381, 1.0)",1,99.56738816738816,26520
"(0.9565217391304348, 1.0)",1,99.56732451085274,26521
"(0.9194577352472088, 1.0)",1,99.56725905673274,26522
"(0.8383129000541765, 1.0)",1,99.5672418392946,26523
"(0.9306746031746032, 1.0)",1,99.56722079344392,26524
"(0.7869981325863679, 1.0)",1,99.56717850470989,26525
"(0.8046935824713601, 1.0)",1,99.567104450841,26526
"(0.8803174603174604, 1.0)",1,99.56708811719682,26527
"(0.8888888888888888, 1.0)",1,99.5670645069622,26528
"(0.7141994478951, 1.0)",2,99.56701330070896,26530
"(0.8888888888888888, 1.0)",1,99.56699509640686,26531
"(1.0, 1.0)",1,99.56698856698856,26532
"(0.9135802469135802, 1.0)",1,99.56691025024358,26533
"(0.9302579365079364, 1.0)",1,99.56683913308912,26534
"(0.9565217391304348, 1.0)",1,99.56678308272512,26535
"(0.8883205456095482, 1.0)",1,99.56678283035367,26536
"(0.9047619047619048, 1.0)",1,99.56676003734827,26537
"(0.9065438871473354, 1.0)",2,99.56673328108673,26539
"(0.875, 1.0)",1,99.5667135496083,26540
"(0.8857001484413657, 1.0)",1,99.5666696882502,26541
"(0.8970659722222223, 1.0)",1,99.56665840870062,26542
"(0.9230769230769232, 1.0)",1,99.56665556665556,26543
"(1.0, 1.0)",1,99.56662274923144,26544
"(0.808641975308642, 1.0)",1,99.56657101944458,26545
"(0.75, 1.0)",1,99.56656905186315,26546
"(0.833064949006978, 1.0)",1,99.56655751008574,26547
"(0.75, 1.0)",1,99.5665438165438,26548
"(0.9740143369175628, 1.0)",1,99.56647204795316,26549
"(0.9407729468599032, 1.0)",1,99.56646971932052,26550
"(0.896551724137931, 1.0)",1,99.56644945925304,26551
"(0.875, 1.0)",1,99.5663546492494,26552
"(0.7782392026578072, 1.0)",1,99.56633858469708,26553
"(0.8888888888888888, 1.0)",1,99.56633680555557,26554
"(0.8627450980392157, 1.0)",1,99.56630435268208,26555
"(0.8469839324618735, 1.0)",1,99.56629610177404,26556
"(0.9135802469135802, 1.0)",2,99.56628789962124,26558
"(0.8915343915343915, 1.0)",1,99.56626082251084,26559
"(0.8402777777777779, 1.0)",1,99.56615405204116,26560
"(0.8253968253968256, 1.0)",1,99.56613756613756,26561
"(0.8013468013468013, 1.0)",2,99.56613756613756,26563
"(0.8571428571428572, 1.0)",1,99.56613756613756,26564
"(0.922050500014663, 1.0)",1,99.56613262632962,26565
"(0.8675136116152449, 1.0)",1,99.56611991487271,26566
"(0.9, 1.0)",1,99.5660929332554,26567
"(0.8281746031746032, 1.0)",1,99.56605973705592,26568
"(0.8571428571428572, 1.0)",1,99.56604389762283,26569
"(0.9047619047619048, 1.0)",1,99.56601656601656,26570
"(0.8046935824713601, 1.0)",1,99.56601128458207,26571
"(0.896551724137931, 1.0)",1,99.56600545880906,26572
"(0.8170426065162907, 1.0)",2,99.56597528303516,26574
"(0.8498168498168499, 1.0)",1,99.565953726406,26575
"(0.8600272232304901, 1.0)",1,99.56594371938306,26576
"(0.9264176245210728, 1.0)",2,99.56591885798856,26578
"(0.8731060606060606, 1.0)",1,99.56590504403005,26579
"(0.896551724137931, 1.0)",1,99.56589174084635,26580
"(0.8547544409613373, 1.0)",1,99.56586555207244,26581
"(0.8518518518518519, 1.0)",1,99.56584896584896,26582
"(0.875, 1.0)",1,99.56583694083692,26583
"(0.8469839324618735, 1.0)",1,99.56583313881109,26584
"(0.833064949006978, 1.0)",1,99.56566568160773,26585
"(0.9841269841269842, 1.0)",2,99.56565470918297,26587
"(0.9047619047619048, 1.0)",1,99.56562757582248,26588
"(0.9497685185185184, 1.0)",1,99.56557474841787,26589
"(0.9230769230769232, 1.0)",1,99.56554653076392,26590
"(0.9224211423699916, 1.0)",1,99.56554410128244,26591
"(0.9230769230769232, 1.0)",1,99.56553724053724,26592
"(0.9841269841269842, 1.0)",1,99.56551226551228,26593
"(0.8686868686868687, 1.0)",1,99.56551226551228,26594
"(0.9615343915343916, 1.0)",1,99.56551020034716,26595
"(0.8271652864044169, 1.0)",3,99.56549601945736,26598
"(0.9444444444444444, 1.0)",1,99.56541284802154,26599
"(0.8977777777777779, 1.0)",1,99.56541062801932,26600
"(0.8465418823841762, 1.0)",1,99.5653720105893,26601
"(0.9507101086048454, 1.0)",1,99.56533615225902,26602
"(0.8163854689162486, 1.0)",1,99.56532409727052,26603
"(0.867145061728395, 1.0)",1,99.56530146959068,26604
"(0.75, 1.0)",1,99.5652518978606,26605
"(0.875, 1.0)",1,99.5652310684054,26606
"(0.683375104427736, 1.0)",1,99.56520931959528,26607
"(0.8571428571428572, 1.0)",1,99.56509553453526,26608
"(0.909209656084656, 1.0)",1,99.5650763394312,26609
"(0.8518518518518519, 1.0)",1,99.5650522317189,26610
"(0.9696969696969696, 1.0)",2,99.56501266341084,26612
"(0.8857001484413657, 1.0)",1,99.56499972833292,26613
"(0.8888888888888888, 1.0)",1,99.56482328541648,26614
"(0.9230769230769232, 1.0)",1,99.56478375425743,26615
"(0.8627450980392157, 1.0)",1,99.56476530005942,26616
"(0.9444444444444444, 1.0)",1,99.5647653000594,26617
"(0.875, 1.0)",2,99.56472151730772,26619
"(0.8571428571428572, 1.0)",1,99.56470722260195,26620
"(0.9589484126984128, 1.0)",1,99.56469264699608,26621
"(0.8350168350168351, 1.0)",1,99.56462821980062,26622
"(0.9206349206349206, 1.0)",1,99.56462368041316,26623
"(0.8904991948470209, 1.0)",1,99.56460085442964,26624
"(0.8345959595959597, 1.0)",1,99.56457103082104,26625
"(0.8388888888888889, 1.0)",1,99.5645291456229,26626
"(0.75, 1.0)",2,99.56450216450216,26628
"(0.9466207660652104, 1.0)",1,99.56445101507994,26629
"(0.8415692007797271, 1.0)",1,99.56435665917708,26630
"(0.9333333333333332, 1.0)",1,99.56435479414202,26631
"(0.8063492063492064, 1.0)",1,99.56431473265069,26632
"(0.9230769230769232, 1.0)",2,99.56429174690044,26634
"(0.7777777777777776, 1.0)",1,99.5642601126472,26635
"(0.8686868686868687, 1.0)",1,99.56425056425056,26636
"(0.8977777777777779, 1.0)",1,99.56424651785603,26637
"(0.9391865079365078, 1.0)",1,99.56416396103896,26638
"(0.8465418823841762, 1.0)",1,99.56414852749084,26639
"(0.6156045751633987, 1.0)",2,99.56408341114224,26641
"(0.8915343915343915, 1.0)",2,99.56405035470056,26643
"(0.9696969696969696, 1.0)",1,99.56404379933792,26644
"(0.8520449077786689, 1.0)",1,99.56403980435906,26645
"(0.9168478260869564, 1.0)",1,99.56402821521232,26646
"(1.0, 1.0)",1,99.56402369560264,26647
"(0.9109477124183006, 1.0)",1,99.56401827309756,26648
"(0.8915343915343915, 1.0)",1,99.56399500439824,26649
"(0.7047619047619047, 1.0)",1,99.5638888888889,26650
"(0.9565217391304348, 1.0)",1,99.56385539313077,26651
"(0.9444444444444444, 1.0)",2,99.5638127304794,26653
"(0.9841269841269842, 1.0)",2,99.56380924496868,26655
"(0.7982954545454546, 1.0)",1,99.56372755331088,26656
"(0.896551724137931, 1.0)",1,99.56371276727228,26657
"(0.9224211423699916, 1.0)",1,99.56370149943982,26658
"(0.8129898303922073, 1.0)",1,99.56368821494698,26659
"(0.9023809523809524, 1.0)",1,99.56366294524187,26660
"(0.8350168350168351, 1.0)",1,99.56358826358826,26661
"(0.875, 1.0)",1,99.56355690424316,26662
"(0.9444444444444444, 1.0)",1,99.56354852876592,26663
"(0.8803174603174604, 1.0)",1,99.56354379712025,26664
"(0.8055555555555555, 1.0)",1,99.56352108185705,26665
"(0.7555555555555554, 1.0)",1,99.56349206349206,26666
"(0.8817204301075269, 1.0)",1,99.56345733943064,26667
"(0.8731060606060606, 1.0)",1,99.56345204087852,26668
"(0.904126984126984, 1.0)",1,99.56343579126188,26669
"(1.0, 1.0)",1,99.56341189674524,26670
"(0.8468468468468467, 1.0)",1,99.56341098446362,26671
"(0.896551724137931, 1.0)",2,99.56339092358584,26673
"(0.9507101086048454, 1.0)",1,99.56335350385694,26674
"(0.8817204301075269, 1.0)",1,99.5633487433148,26675
"(0.8271652864044169, 1.0)",2,99.56333592132503,26677
"(0.9521531100478468, 1.0)",1,99.56332195222356,26678
"(0.9192180611357128, 1.0)",1,99.56329285378403,26679
"(0.8750600325600326, 1.0)",1,99.56328194953196,26680
"(0.8013468013468013, 1.0)",1,99.56325156325155,26681
"(0.896551724137931, 1.0)",1,99.5632183908046,26682
"(0.8831064306064307, 1.0)",1,99.5631809241276,26683
"(0.8518518518518519, 1.0)",1,99.5631772668386,26684
"(0.8867623604465709, 1.0)",1,99.56315360205524,26685
"(0.896551724137931, 1.0)",1,99.5631348486158,26686
"(0.8112491373360938, 1.0)",1,99.56312947921644,26687
"(0.8498168498168498, 1.0)",1,99.5630654068154,26688
"(0.8163854689162486, 1.0)",1,99.56305492806466,26689
"(0.833064949006978, 1.0)",1,99.56303546158618,26690
"(0.875, 1.0)",1,99.56302308802309,26691
"(0.7162037037037038, 1.0)",1,99.56293445539134,26692
"(0.9047619047619048, 1.0)",1,99.5629224576593,26693
"(0.8729166666666666, 1.0)",1,99.56282080998264,26694
"(0.7705882352941177, 1.0)",1,99.56277806706728,26695
"(0.7555555555555554, 1.0)",1,99.56272664533536,26696
"(0.8888888888888888, 1.0)",1,99.56272246272246,26697
"(0.8763636363636363, 1.0)",1,99.56262947780188,26698
"(0.9407729468599032, 1.0)",1,99.56260018147016,26699
"(0.9047619047619048, 1.0)",1,99.56257556257556,26700
"(0.8888888888888888, 1.0)",2,99.56248196248195,26702
"(0.9565217391304348, 1.0)",1,99.56245059288536,26703
"(0.8822954822954823, 1.0)",1,99.56242776336228,26704
"(0.9224211423699916, 1.0)",1,99.5624091228614,26705
"(0.6923437673437673, 1.0)",1,99.56235078193411,26706
"(0.9696969696969696, 1.0)",1,99.5623265623266,26707
"(0.9230769230769232, 1.0)",1,99.56231546231548,26708
"(0.8125, 1.0)",1,99.56231110609734,26709
"(0.8817204301075269, 1.0)",1,99.562239910627,26710
"(0.8125, 1.0)",1,99.56219209288652,26711
"(0.9841269841269842, 1.0)",1,99.5621629832156,26712
"(0.9841269841269842, 1.0)",2,99.56213924963924,26714
"(0.8449454843385643, 1.0)",1,99.56213767758594,26715
"(0.922050500014663, 1.0)",1,99.56213293651932,26716
"(0.9363636363636364, 1.0)",1,99.56208332730073,26717
"(0.9407729468599032, 1.0)",1,99.5620613105273,26718
"(0.875, 1.0)",1,99.56202678963548,26719
"(0.8518518518518519, 1.0)",1,99.56202471991946,26720
"(0.6990740740740741, 1.0)",1,99.56198893698894,26721
"(0.8817204301075269, 1.0)",1,99.5619639682458,26722
"(0.9047619047619048, 1.0)",1,99.56186529519864,26723
"(0.8332521117608837, 1.0)",1,99.56181137455928,26724
"(0.9445350241545892, 1.0)",1,99.56179495376746,26725
"(0.9248366013071896, 1.0)",1,99.56179494947244,26726
"(0.7400546757164405, 1.0)",1,99.5617507842674,26727
"(0.875, 1.0)",1,99.5617243867244,26728
"(0.875, 1.0)",1,99.5617228677755,26729
"(0.8586378737541528, 1.0)",1,99.56164852293628,26730
"(0.808641975308642, 1.0)",1,99.5616112282779,26731
"(0.9264176245210728, 1.0)",1,99.56146955962768,26732
"(0.932852564102564, 1.0)",1,99.56146010518856,26733
"(0.9333333333333332, 1.0)",1,99.5613596280263,26734
"(0.9444444444444444, 1.0)",1,99.56132756132756,26735
"(0.8858975827700768, 1.0)",1,99.56128756578131,26736
"(0.8897707231040564, 1.0)",1,99.56120422787087,26737
"(1.0, 1.0)",1,99.56119382778422,26738
"(0.8925865800865801, 1.0)",2,99.56118115680616,26740
"(0.947088068181818, 1.0)",1,99.56118036731516,26741
"(0.9841269841269842, 1.0)",1,99.56115779645192,26742
"(0.9444444444444444, 1.0)",1,99.5611471861472,26743
"(0.75, 1.0)",1,99.56114628125498,26744
"(0.9047619047619048, 1.0)",1,99.56113934374804,26745
"(0.8345959595959597, 1.0)",1,99.56111515497383,26746
"(0.9023569023569024, 1.0)",1,99.56108706108706,26747
"(0.8589726631393297, 1.0)",1,99.56106005897672,26748
"(0.7162037037037038, 1.0)",1,99.56101020892687,26749
"(0.8530092673544326, 1.0)",1,99.56094670689868,26750
"(0.9696969696969696, 1.0)",1,99.56093055518345,26751
"(0.9696969696969696, 1.0)",1,99.5609299541188,26752
"(0.8817204301075269, 1.0)",1,99.560918425095,26753
"(0.8970659722222223, 1.0)",1,99.56090096187584,26754
"(0.8887191358024692, 1.0)",1,99.56088437796772,26755
"(0.896551724137931, 1.0)",1,99.56088412376444,26756
"(1.0, 1.0)",1,99.5608835608836,26757
"(0.8571428571428572, 1.0)",1,99.56084656084656,26758
"(0.8888888888888888, 1.0)",1,99.56084656084656,26759
"(0.8817204301075269, 1.0)",2,99.5607741249507,26761
"(0.7650293586269196, 1.0)",1,99.56074057709176,26762
"(0.8312992626493769, 1.0)",1,99.56060395835192,26763
"(0.75, 1.0)",1,99.5605781765202,26764
"(0.9407729468599032, 1.0)",1,99.5605519682904,26765
"(0.9444444444444444, 1.0)",2,99.56052205979742,26767
"(0.9023569023569024, 1.0)",1,99.56046594307465,26768
"(0.8368686868686868, 1.0)",1,99.56046168134984,26769
"(0.8888888888888888, 1.0)",1,99.56043956043956,26770
"(0.7726400180668473, 1.0)",1,99.56033562386592,26771
"(0.9213117283950616, 1.0)",1,99.56032785388558,26772
"(0.8833628057765988, 1.0)",2,99.56032288273668,26774
"(0.7460317460317459, 1.0)",1,99.56031746031746,26775
"(0.75, 1.0)",2,99.56029185867897,26777
"(0.7982954545454546, 1.0)",1,99.5602894991482,26778
"(0.9230769230769232, 1.0)",1,99.56023656295396,26779
"(0.8571428571428572, 1.0)",1,99.56023391812866,26780
"(0.9213117283950616, 1.0)",1,99.56020331714484,26781
"(0.8264567669172932, 1.0)",1,99.56019455690507,26782
"(0.8888888888888888, 1.0)",1,99.56015037593986,26783
"(0.717948717948718, 1.0)",1,99.56005398110662,26784
"(0.8897707231040564, 1.0)",5,99.56000977940008,26789
"(0.9466207660652104, 1.0)",1,99.5599620613067,26790
"(0.984504357298475, 0.996078431372549)",1,99.5598669410926,26791
"(0.8859337035751476, 1.0)",1,99.55985593557376,26792
"(0.7502088554720134, 1.0)",1,99.55973266499582,26793
"(0.9230769230769232, 1.0)",1,99.55971805971808,26794
"(0.8692635658914728, 1.0)",1,99.55967284119176,26795
"(0.919687006945461, 1.0)",1,99.5596578951108,26796
"(0.8952020202020202, 1.0)",1,99.55965307840307,26797
"(0.9047619047619048, 1.0)",1,99.55964132485872,26798
"(0.8415692007797271, 1.0)",1,99.55962475633528,26799
"(0.8521317829457364, 1.0)",1,99.55957939092175,26800
"(0.7162037037037038, 1.0)",1,99.55956790123456,26801
"(0.773034398034398, 1.0)",1,99.55955676455676,26802
"(0.8888888888888888, 1.0)",1,99.55955204216072,26803
"(0.9135802469135802, 1.0)",1,99.55945334717264,26804
"(0.9380032206119162, 1.0)",1,99.5594085491251,26805
"(0.9135802469135802, 1.0)",1,99.5593272776606,26806
"(0.9444444444444444, 1.0)",1,99.55932339265676,26807
"(0.8129898303922073, 1.0)",1,99.5592133443666,26808
"(1.0, 1.0)",1,99.55918956591,26809
"(0.8857001484413657, 1.0)",1,99.5591791649258,26810
"(0.9444444444444444, 1.0)",1,99.55916305916308,26811
"(0.8817204301075269, 1.0)",1,99.5591260654079,26812
"(0.9507101086048454, 1.0)",1,99.55908448531515,26813
"(0.8622222222222222, 1.0)",1,99.55904761904762,26814
"(0.9142520753512132, 1.0)",1,99.55898142008056,26815
"(0.7081939799331105, 1.0)",1,99.558981412665,26816
"(0.8571428571428572, 1.0)",1,99.55893593490924,26817
"(0.9047619047619048, 1.0)",1,99.55891823230532,26818
"(0.8415692007797271, 1.0)",1,99.55888480698422,26819
"(0.6923437673437673, 1.0)",1,99.55887232321057,26820
"(0.896551724137931, 1.0)",1,99.558858016879,26821
"(0.8883205456095482, 1.0)",1,99.55885432633823,26822
"(0.9327096052096052, 1.0)",1,99.55879937192438,26823
"(0.8888888888888888, 1.0)",1,99.5587734025234,26824
"(0.896551724137931, 1.0)",1,99.55876280740164,26825
"(0.8271652864044169, 1.0)",1,99.55872242280913,26826
"(0.8859337035751476, 1.0)",1,99.55869529318204,26827
"(0.8883205456095482, 1.0)",1,99.55869091597992,26828
"(0.7555555555555554, 1.0)",2,99.55865540619048,26830
"(0.8229166666666666, 1.0)",1,99.5586524024024,26831
"(0.9841269841269842, 1.0)",1,99.55863858363858,26832
"(0.8258037694013303, 1.0)",1,99.55862706419332,26833
"(0.9106275784016648, 1.0)",1,99.5586254676079,26834
"(0.8330439814814815, 1.0)",1,99.55845358751608,26835
"(0.8078308130291714, 1.0)",1,99.55840267730672,26836
"(0.8822954822954823, 1.0)",1,99.5583773293528,26837
"(0.683375104427736, 1.0)",1,99.55837510442774,26838
"(0.9674603174603176, 1.0)",1,99.55833803877285,26839
"(0.8112794612794614, 1.0)",1,99.55830902189598,26840
"(0.9023569023569024, 1.0)",1,99.5582971093807,26841
"(0.8129898303922073, 1.0)",1,99.55829630054242,26842
"(0.740829346092504, 1.0)",1,99.5582896635528,26843
"(0.8368686868686868, 1.0)",1,99.5582714045214,26844
"(1.0, 1.0)",1,99.55825716845207,26845
"(0.9523809523809524, 1.0)",1,99.55825151078774,26846
"(0.8831064306064307, 1.0)",1,99.5582318786351,26847
"(0.875, 1.0)",2,99.55821048321047,26849
"(0.9696969696969696, 1.0)",1,99.5581678857541,26850
"(0.8888888888888888, 1.0)",1,99.55816788575407,26851
"(0.8571428571428572, 1.0)",1,99.55816343155053,26852
"(0.9135802469135802, 1.0)",1,99.558146207269,26853
"(0.7705882352941177, 1.0)",1,99.55810516971124,26854
"(0.8858975827700768, 1.0)",1,99.55808346876704,26855
"(0.7167919799498746, 1.0)",1,99.55806182121972,26856
"(0.9306746031746032, 1.0)",1,99.5580296092796,26857
"(0.9135802469135802, 1.0)",2,99.55799908971952,26859
"(0.875, 1.0)",2,99.5579906204906,26861
"(0.9047619047619048, 1.0)",1,99.55798319327732,26862
"(0.8888888888888888, 1.0)",1,99.55796474057344,26863
"(0.8448736477904788, 1.0)",1,99.5579458241002,26864
"(0.8373015873015873, 1.0)",2,99.55793913893493,26866
"(0.8888888888888888, 1.0)",1,99.55788039121371,26867
"(0.8897707231040564, 1.0)",1,99.55787801785608,26868
"(0.8309016086793863, 1.0)",2,99.55785909866464,26870
"(0.7167919799498746, 1.0)",6,99.5578339788866,26876
"(0.9465811965811968, 1.0)",1,99.55773159862798,26877
"(0.8832772166105499, 1.0)",1,99.55771389104724,26878
"(0.7708333333333334, 1.0)",1,99.55770202020202,26879
"(0.8977777777777779, 1.0)",1,99.557641723356,26880
"(0.8275809031622985, 1.0)",1,99.55762872571012,26881
"(0.8498168498168498, 1.0)",2,99.55760905760906,26883
"(0.8571428571428572, 1.0)",1,99.55760175010175,26884
"(0.9135802469135802, 1.0)",1,99.5575967242634,26885
"(0.9047619047619048, 1.0)",1,99.55756465756468,26886
"(0.8350168350168351, 1.0)",1,99.55756095756097,26887
"(0.8270202020202021, 1.0)",1,99.55752399774138,26888
"(0.9230769230769232, 1.0)",1,99.55752288647024,26889
"(0.8897707231040564, 1.0)",1,99.55746462340664,26890
"(0.8888888888888888, 1.0)",1,99.55744116209232,26891
"(0.9696969696969696, 1.0)",1,99.55743145743146,26892
"(0.8904991948470209, 1.0)",1,99.5573433276332,26893
"(0.75, 1.0)",1,99.5573038073038,26894
"(0.8518518518518519, 1.0)",1,99.55720793367853,26895
"(0.9047619047619048, 1.0)",1,99.55718355718356,26896
"(0.9866666666666668, 0.996078431372549)",1,99.557162759841,26897
"(0.8864468864468864, 1.0)",1,99.55711003971876,26898
"(0.9465811965811968, 1.0)",2,99.55710636575228,26900
"(0.8571428571428572, 1.0)",1,99.55704687718418,26901
"(0.8888888888888888, 1.0)",1,99.55699855699856,26902
"(0.9047619047619048, 1.0)",1,99.55692769861568,26903
"(0.8627450980392157, 1.0)",1,99.55683261971294,26904
"(0.9841269841269842, 1.0)",1,99.55682879212291,26905
"(0.9168478260869564, 1.0)",1,99.55682683423449,26906
"(0.8468468468468467, 1.0)",1,99.55680355680356,26907
"(0.875, 1.0)",1,99.55673660036403,26908
"(0.896551724137931, 1.0)",1,99.5567248843111,26909
"(0.8622222222222222, 1.0)",1,99.55650422352176,26910
"(1.0, 1.0)",1,99.55649871284548,26911
"(0.9333333333333332, 1.0)",1,99.55642135642135,26912
"(0.8831064306064307, 1.0)",1,99.5563540805073,26913
"(0.8867623604465709, 1.0)",1,99.55631502999928,26914
"(0.9047619047619048, 1.0)",1,99.55629308962642,26915
"(0.8257685414943479, 1.0)",1,99.55629151730034,26916
"(0.875, 1.0)",1,99.55619983171134,26917
"(0.9866666666666668, 0.996078431372549)",1,99.5561733582324,26918
"(0.865079365079365, 1.0)",1,99.55612681241972,26919
"(0.8586378737541528, 1.0)",1,99.5560994070713,26920
"(0.7081939799331105, 1.0)",1,99.55608548556918,26921
"(0.9302579365079364, 1.0)",1,99.55597319671293,26922
"(0.875, 1.0)",1,99.55591538719722,26923
"(0.8319664902998236, 1.0)",1,99.55582269945016,26924
"(0.896551724137931, 1.0)",1,99.55582208969014,26925
"(0.8686868686868687, 1.0)",2,99.555788347455,26927
"(0.9565217391304348, 1.0)",1,99.5557386986415,26928
"(0.9135802469135802, 1.0)",1,99.55571928434674,26929
"(0.9841269841269842, 1.0)",1,99.55571588904922,26930
"(0.8275809031622985, 1.0)",1,99.55571348314272,26931
"(0.875, 1.0)",1,99.55564740631708,26932
"(0.9047619047619048, 1.0)",1,99.555644546148,26933
"(0.9172932330827066, 1.0)",1,99.55563477659666,26934
"(0.9674603174603176, 1.0)",1,99.555577005577,26935
"(1.0, 1.0)",1,99.55555555555564,26936
"(0.7460317460317459, 1.0)",1,99.55555555555556,26937
"(0.8571428571428572, 1.0)",1,99.55555555555556,26938
"(0.7777777777777776, 1.0)",1,99.55555555555556,26939
"(1.0, 1.0)",2,99.55555555555556,26941
"(0.8253968253968256, 1.0)",1,99.55555555555556,26942
"(0.9333333333333332, 1.0)",2,99.55553335553336,26944
"(0.8686868686868687, 1.0)",1,99.55548910154172,26945
"(0.7975164658278694, 1.0)",1,99.55548877895446,26946
"(0.883580779054917, 1.0)",1,99.55548598830929,26947
"(0.9230769230769232, 1.0)",1,99.555476946705,26948
"(0.7141994478951, 1.0)",1,99.55546928916492,26949
"(0.8550741594067247, 1.0)",1,99.5554416331305,26950
"(0.8571428571428572, 1.0)",1,99.55536733797604,26951
"(0.8888888888888888, 1.0)",1,99.55535513868848,26952
"(0.8888888888888888, 1.0)",1,99.55531968031968,26953
"(0.8864468864468864, 1.0)",1,99.55528188286809,26954
"(1.0, 1.0)",1,99.555266955267,26955
"(1.0, 1.0)",1,99.55526695526696,26956
"(0.8264567669172932, 1.0)",1,99.555160470621,26957
"(0.9230769230769232, 1.0)",2,99.55515662826876,26959
"(0.8817204301075269, 1.0)",1,99.5550138034009,26960
"(0.7081939799331105, 1.0)",1,99.55498047230785,26961
"(0.9674603174603176, 1.0)",2,99.55496267018007,26963
"(0.8586378737541528, 1.0)",1,99.55493265825446,26964
"(0.8421052631578948, 1.0)",1,99.5549257759784,26965
"(0.8350168350168351, 1.0)",1,99.55482359830184,26966
"(0.8586378737541528, 1.0)",1,99.55480487022616,26967
"(0.7555555555555554, 1.0)",2,99.55479013739884,26969
"(0.9666666666666668, 1.0)",1,99.55476793737664,26970
"(0.8731060606060606, 1.0)",1,99.55473678672692,26971
"(0.9023569023569024, 1.0)",1,99.55471343471343,26972
"(0.9444444444444444, 1.0)",1,99.55468975468978,26973
"(0.7496650452295612, 1.0)",1,99.5546782727428,26974
"(0.8686868686868687, 1.0)",1,99.55465587044534,26975
"(1.0, 1.0)",1,99.55461446765794,26976
"(0.8817204301075269, 1.0)",1,99.55460693058023,26977
"(0.9327096052096052, 1.0)",1,99.55457715853774,26978
"(0.8468468468468467, 1.0)",1,99.55456850790183,26979
"(0.8864468864468864, 1.0)",1,99.55454712317456,26980
"(0.8498168498168498, 1.0)",1,99.55450463858392,26981
"(0.9841269841269842, 1.0)",1,99.55446587726,26982
"(0.8468468468468467, 1.0)",1,99.55442295297368,26983
"(0.9230769230769232, 1.0)",2,99.55441595441596,26985
"(0.883580779054917, 1.0)",1,99.55438311086392,26986
"(0.947088068181818, 1.0)",2,99.55427197768206,26988
"(0.8518518518518519, 1.0)",1,99.55426103686972,26989
"(1.0, 1.0)",1,99.55424269104442,26990
"(0.883580779054917, 1.0)",1,99.55419254381172,26991
"(0.8518518518518519, 1.0)",1,99.55417668751002,26992
"(0.947088068181818, 1.0)",1,99.5541502381405,26993
"(0.8833628057765988, 1.0)",1,99.55405696780642,26994
"(0.8551296720061023, 1.0)",1,99.5540483140282,26995
"(0.9674603174603176, 1.0)",1,99.55399201188676,26996
"(0.8551296720061023, 1.0)",1,99.5539065227274,26997
"(0.8520449077786689, 1.0)",1,99.55386057760344,26998
"(0.9363636363636364, 1.0)",1,99.5538198022069,26999
"(0.9192180611357128, 1.0)",1,99.55381125726396,27000
"(0.7460317460317459, 1.0)",2,99.55380485527544,27002
"(0.8571428571428572, 1.0)",1,99.55380116959064,27003
"(0.8817204301075269, 1.0)",3,99.55377588477168,27006
"(0.8112491373360938, 1.0)",1,99.55377228548424,27007
"(0.7705882352941177, 1.0)",1,99.55370985311689,27008
"(0.9135802469135802, 1.0)",1,99.55370823486766,27009
"(0.8817204301075269, 1.0)",1,99.55370341788,27010
"(0.8817204301075269, 1.0)",1,99.5536781020652,27011
"(0.8900759734093067, 1.0)",1,99.55366091213313,27012
"(0.9841269841269842, 1.0)",1,99.55363718407196,27013
"(0.8487103174603176, 1.0)",1,99.55363563258054,27014
"(0.8888888888888888, 1.0)",1,99.55363408521303,27015
"(0.8893558268973552, 1.0)",1,99.5535983886006,27016
"(0.9027274557165862, 1.0)",1,99.55354680098036,27017
"(0.8803174603174604, 1.0)",1,99.55352418191129,27018
"(0.875, 1.0)",1,99.5535008469791,27019
"(0.875, 1.0)",2,99.55346889952152,27021
"(0.8013468013468013, 1.0)",1,99.55343915343916,27022
"(0.896551724137931, 1.0)",2,99.55343421362912,27024
"(0.9230769230769232, 1.0)",1,99.55338488671822,27025
"(0.8157070897278975, 1.0)",1,99.55338036405549,27026
"(0.75, 1.0)",1,99.55336858597728,27027
"(0.8686868686868687, 1.0)",1,99.55332448768982,27028
"(0.9230769230769232, 1.0)",4,99.55323565323567,27032
"(0.9333333333333332, 1.0)",1,99.5532196763318,27033
"(0.8547544409613373, 1.0)",1,99.55321368780768,27034
"(1.0, 1.0)",2,99.55321067821068,27036
"(0.8109668109668109, 1.0)",1,99.55311738070358,27037
"(0.8977777777777779, 1.0)",1,99.55302345092626,27038
"(0.883876357560568, 1.0)",1,99.55301216002972,27039
"(0.8731060606060606, 1.0)",2,99.55289802789804,27041
"(0.8129629629629629, 1.0)",1,99.55286420101638,27042
"(0.9047619047619048, 1.0)",1,99.55285242748158,27043
"(0.8888888888888888, 1.0)",1,99.552813455371,27044
"(0.9243650793650792, 1.0)",2,99.55274348819988,27046
"(0.8518518518518519, 1.0)",1,99.55267373528244,27047
"(0.7460317460317459, 1.0)",1,99.55266955266956,27048
"(0.9135802469135802, 1.0)",1,99.5526506899056,27049
"(0.8163854689162486, 1.0)",1,99.55265001827516,27050
"(0.8421052631578948, 1.0)",1,99.5525429735956,27051
"(0.865079365079365, 1.0)",1,99.55252525252526,27052
"(0.8046935824713601, 1.0)",2,99.55250503028282,27054
"(0.8686868686868687, 1.0)",1,99.5524997877939,27055
"(0.9047619047619048, 1.0)",1,99.5524886877828,27056
"(0.8547544409613373, 1.0)",2,99.55246849161657,27058
"(0.875, 1.0)",1,99.55244161713308,27059
"(0.8345959595959597, 1.0)",1,99.55238798238798,27060
"(0.9135802469135802, 1.0)",1,99.55236799589623,27061
"(0.9696969696969696, 1.0)",1,99.5523530682951,27062
"(0.8837209302325582, 1.0)",1,99.55230160355646,27063
"(0.8888888888888888, 1.0)",2,99.55227955227954,27065
"(0.9135802469135802, 1.0)",1,99.55226871893538,27066
"(0.8686868686868687, 1.0)",1,99.55226412767642,27067
"(1.0, 1.0)",1,99.55223665223669,27068
"(0.9696969696969696, 1.0)",1,99.5522313435357,27069
"(0.9306746031746032, 1.0)",1,99.55211370861068,27070
"(0.875, 1.0)",1,99.55209979704864,27071
"(0.9465811965811968, 1.0)",1,99.552092546834,27072
"(0.9224211423699916, 1.0)",1,99.5519571034849,27073
"(0.8421052631578948, 1.0)",1,99.55192336902864,27074
"(1.0, 1.0)",1,99.5519201678622,27075
"(0.8952020202020202, 1.0)",2,99.5518657142843,27077
"(0.8421052631578948, 1.0)",1,99.55177830616428,27078
"(0.8897707231040564, 1.0)",1,99.55176992400486,27079
"(0.8977777777777779, 1.0)",1,99.55174603174603,27080
"(0.909209656084656, 1.0)",1,99.55170572550372,27081
"(1.0, 1.0)",1,99.55160395160397,27082
"(0.8571428571428572, 1.0)",1,99.55157983778672,27083
"(0.7167919799498746, 1.0)",2,99.5515683147262,27085
"(0.8893558268973552, 1.0)",1,99.5515546025866,27086
"(0.875, 1.0)",1,99.55153983443458,27087
"(0.936026936026936, 1.0)",1,99.5515235167409,27088
"(0.8611111111111112, 1.0)",1,99.55152013184065,27089
"(0.8151260504201681, 1.0)",1,99.55151791942072,27090
"(0.8468468468468467, 1.0)",2,99.55151255151256,27092
"(0.9444444444444444, 1.0)",1,99.55150243411111,27093
"(0.8253968253968256, 1.0)",1,99.55147970937443,27094
"(0.9230769230769232, 1.0)",1,99.55143671143672,27095
"(0.9333333333333332, 1.0)",1,99.55143160932634,27096
"(0.7869981325863679, 1.0)",1,99.55142275788056,27097
"(0.8600272232304901, 1.0)",2,99.55139588180504,27099
"(0.8547544409613373, 1.0)",2,99.551347702772,27101
"(0.8332521117608837, 1.0)",1,99.55124373433584,27102
"(1.0, 1.0)",1,99.55114037484913,27103
"(0.865079365079365, 1.0)",1,99.55111321203276,27104
"(0.9565217391304348, 1.0)",1,99.55111019161362,27105
"(0.8109668109668109, 1.0)",1,99.55108225108224,27106
"(0.8078308130291714, 1.0)",1,99.55105736456876,27107
"(0.896551724137931, 1.0)",1,99.55103047701483,27108
"(0.8822954822954823, 1.0)",1,99.55102166352168,27109
"(0.8332521117608837, 1.0)",1,99.55101695349356,27110
"(0.875, 1.0)",1,99.55096348884382,27111
"(0.896551724137931, 1.0)",1,99.55095287853908,27112
"(0.919047619047619, 1.0)",1,99.55085440874916,27113
"(0.8521317829457364, 1.0)",1,99.5507699010558,27114
"(0.8109668109668109, 1.0)",1,99.5507610668901,27115
"(0.8571428571428572, 1.0)",1,99.55069313827934,27116
"(0.9230769230769232, 1.0)",1,99.5506770935799,27117
"(0.9407679738562092, 1.0)",1,99.55066896559808,27118
"(0.9171090534979424, 1.0)",1,99.5506563180828,27119
"(0.9565217391304348, 1.0)",1,99.55062678450984,27120
"(0.9886710239651416, 0.996078431372549)",1,99.55060658181424,27121
"(0.9230769230769232, 1.0)",1,99.55052571861536,27122
"(0.6156045751633987, 1.0)",1,99.55051859632742,27123
"(0.8571428571428572, 1.0)",1,99.55028894883966,27124
"(0.8817204301075269, 1.0)",1,99.55027136387584,27125
"(0.9023569023569024, 1.0)",1,99.55026455026456,27126
"(0.7400546757164405, 1.0)",1,99.55020311780932,27127
"(0.9023569023569024, 1.0)",1,99.5501924001924,27128
"(0.9565217391304348, 1.0)",1,99.55012183273053,27129
"(1.0, 1.0)",1,99.55002823263696,27130
"(0.9333333333333332, 1.0)",1,99.55002823263692,27131
"(0.8547544409613373, 1.0)",1,99.54999253619944,27132
"(0.8771929824561403, 1.0)",2,99.54993949419722,27134
"(0.8611111111111112, 1.0)",1,99.54991605616604,27135
"(0.909209656084656, 1.0)",1,99.54987937409813,27136
"(0.875, 1.0)",1,99.54986278505768,27137
"(0.8518518518518519, 1.0)",1,99.54982054982057,27138
"(0.9466207660652104, 1.0)",1,99.54975801710567,27139
"(0.896551724137931, 1.0)",1,99.54975455994946,27140
"(0.8611111111111112, 1.0)",1,99.54968915343916,27141
"(0.8705805822084891, 1.0)",2,99.54965470559836,27143
"(0.8571428571428572, 1.0)",1,99.54962321628987,27144
"(1.0, 1.0)",2,99.5496137849079,27146
"(0.7460317460317459, 1.0)",1,99.54960317460318,27147
"(0.8666666666666667, 1.0)",1,99.54958136397651,27148
"(0.8592532467532467, 1.0)",1,99.54946043845742,27149
"(0.9565217391304348, 1.0)",1,99.5494539182695,27150
"(0.8731060606060606, 1.0)",1,99.5494288119288,27151
"(0.9327096052096052, 1.0)",1,99.54942785378094,27152
"(0.683375104427736, 1.0)",1,99.54933630372228,27153
"(0.9065438871473354, 1.0)",1,99.54928859614203,27154
"(0.8675136116152449, 1.0)",1,99.54927629337791,27155
"(0.9047619047619048, 1.0)",1,99.54921131754726,27156
"(0.996078431372549, 0.996078431372549)",1,99.54910933379225,27157
"(0.9230769230769232, 1.0)",1,99.54909079394206,27158
"(0.8125, 1.0)",1,99.54908248258944,27159
"(0.9172932330827066, 1.0)",1,99.54904918244736,27160
"(0.8271652864044169, 1.0)",1,99.5490374862252,27161
"(0.9250841750841752, 1.0)",1,99.54901548237412,27162
"(0.9202401372212692, 1.0)",1,99.5490150971233,27163
"(0.936026936026936, 1.0)",1,99.54901394901395,27164
"(0.8498168498168499, 1.0)",1,99.54900070689546,27165
"(0.8375771604938271, 1.0)",1,99.54897927689596,27166
"(0.8468468468468467, 1.0)",1,99.54895412654034,27167
"(0.8053221288515406, 1.0)",1,99.54894732086385,27168
"(0.9135802469135802, 1.0)",1,99.54894644017452,27169
"(0.9589484126984128, 1.0)",1,99.54893812463256,27170
"(0.7707924493038034, 1.0)",1,99.54887886905688,27171
"(0.8888888888888888, 1.0)",1,99.54887383148252,27172
"(0.947088068181818, 1.0)",1,99.5487706884621,27173
"(0.9755757858699036, 1.0)",1,99.54868670860168,27174
"(0.8731060606060606, 1.0)",1,99.54855121730122,27175
"(0.8686868686868687, 1.0)",1,99.54848422187132,27176
"(0.8157070897278975, 1.0)",1,99.54847057058296,27177
"(0.875, 1.0)",1,99.54842330871742,27178
"(0.8870701058201058, 1.0)",1,99.54836634071548,27179
"(0.8312992626493769, 1.0)",1,99.54835226392652,27180
"(0.8705805822084891, 1.0)",1,99.54835131294736,27181
"(0.9047619047619048, 1.0)",1,99.54831155850648,27182
"(0.8078308130291714, 1.0)",1,99.54830696369304,27183
"(0.7081939799331105, 1.0)",5,99.54824542026232,27188
"(0.896551724137931, 1.0)",1,99.54808864951164,27189
"(0.8376068376068376, 1.0)",1,99.54806113426804,27190
"(0.9466207660652104, 1.0)",1,99.5480396370493,27191
"(0.875, 1.0)",1,99.5480185040143,27192
"(0.875, 1.0)",1,99.54801587301588,27193
"(0.875, 1.0)",1,99.5477422003284,27194
"(0.9289529914529916, 1.0)",2,99.5477385142091,27196
"(0.8686868686868687, 1.0)",1,99.5477329687856,27197
"(0.8731060606060606, 1.0)",1,99.54772743435376,27198
"(0.896551724137931, 1.0)",1,99.54772105289348,27199
"(0.813859649122807, 1.0)",1,99.54771089047404,27200
"(0.9841269841269842, 1.0)",1,99.54770833031702,27201
"(0.8055555555555555, 1.0)",1,99.5476800976801,27202
"(0.9230769230769232, 1.0)",2,99.54765604765603,27204
"(0.773034398034398, 1.0)",1,99.5476513873253,27205
"(0.9135802469135802, 1.0)",1,99.54762722433624,27206
"(0.9135802469135802, 1.0)",1,99.5475895125018,27207
"(0.8888888888888888, 1.0)",1,99.5475789025789,27208
"(0.8740392648287385, 1.0)",1,99.54756296832556,27209
"(0.8893558268973552, 1.0)",1,99.54756052851435,27210
"(0.8368686868686868, 1.0)",1,99.5475421947336,27211
"(0.8833628057765988, 1.0)",1,99.54749795983822,27212
"(0.8465418823841762, 1.0)",1,99.54749523731194,27213
"(0.8170426065162907, 1.0)",1,99.54746286004868,27214
"(0.8201193520886615, 1.0)",1,99.54742907939838,27215
"(0.833064949006978, 1.0)",1,99.54716244571316,27216
"(0.896551724137931, 1.0)",1,99.54712394248509,27217
"(0.9047619047619048, 1.0)",2,99.54708994708994,27219
"(0.875, 1.0)",1,99.54707792207792,27220
"(0.9289529914529916, 1.0)",1,99.54702587067948,27221
"(0.9135802469135802, 1.0)",1,99.54702321368988,27222
"(0.8468468468468467, 1.0)",1,99.54697680136276,27223
"(0.7162037037037038, 1.0)",1,99.54697617197616,27224
"(0.8521317829457364, 1.0)",1,99.54695122395142,27225
"(0.9230769230769232, 1.0)",1,99.54695074032642,27226
"(0.8271652864044169, 1.0)",1,99.54694492603056,27227
"(0.9696969696969696, 1.0)",1,99.54689138022472,27228
"(0.9230769230769232, 1.0)",1,99.546887894714,27229
"(0.8592532467532467, 1.0)",1,99.54685048475372,27230
"(0.8888888888888888, 1.0)",2,99.54677856256804,27232
"(0.9202401372212692, 1.0)",1,99.54674554160532,27233
"(0.8521317829457364, 1.0)",2,99.54673531132738,27235
"(0.8627450980392157, 1.0)",1,99.5467277820219,27236
"(1.0, 1.0)",1,99.54670254670256,27237
"(0.9135802469135802, 1.0)",1,99.54666042838086,27238
"(0.8740392648287385, 1.0)",1,99.5466472471242,27239
"(0.9230769230769232, 1.0)",1,99.54664594664597,27240
"(0.909209656084656, 1.0)",1,99.54664591883024,27241
"(0.9386724386724388, 1.0)",1,99.54661468711812,27242
"(0.9202401372212692, 1.0)",1,99.54660746698345,27243
"(0.8518518518518519, 1.0)",1,99.54655811177552,27244
"(1.0, 1.0)",1,99.54655801714624,27245
"(0.875, 1.0)",1,99.54655067155068,27246
"(0.947088068181818, 1.0)",1,99.54652014941078,27247
"(0.7544006919006919, 1.0)",1,99.54651810946667,27248
"(0.9444444444444444, 1.0)",1,99.54646882907753,27249
"(0.8858975827700768, 1.0)",1,99.5464634929129,27250
"(0.9444444444444444, 1.0)",1,99.5464356566306,27251
"(0.896551724137931, 1.0)",1,99.54643400559917,27252
"(0.922050500014663, 1.0)",1,99.54634841381817,27253
"(0.8373015873015873, 1.0)",6,99.54634692792588,27259
"(0.9466207660652104, 1.0)",1,99.54630662654,27260
"(0.8970659722222223, 1.0)",1,99.54630489304192,27261
"(0.8518518518518519, 1.0)",1,99.546280611498,27262
"(0.8469839324618735, 1.0)",1,99.54627854110991,27263
"(0.8616898148148148, 1.0)",2,99.54619417876364,27265
"(0.8900759734093067, 1.0)",1,99.5461839189617,27266
"(0.9327096052096052, 1.0)",1,99.54614228065842,27267
"(0.7555555555555554, 1.0)",1,99.54603174603174,27268
"(0.8967236467236468, 1.0)",1,99.54600026709402,27269
"(0.958531746031746, 1.0)",1,99.54595612176496,27270
"(0.8468468468468467, 1.0)",1,99.54594967638444,27271
"(0.9224211423699916, 1.0)",1,99.5459192816576,27272
"(0.8419830743891047, 1.0)",1,99.54591240634376,27273
"(0.9565217391304348, 1.0)",1,99.54587448940272,27274
"(0.9230769230769232, 1.0)",1,99.5458459668986,27275
"(0.8078308130291714, 1.0)",1,99.5458423605927,27276
"(0.8666666666666667, 1.0)",1,99.54584045584043,27277
"(0.8270202020202021, 1.0)",1,99.54581831212266,27278
"(0.9047619047619048, 1.0)",1,99.545799611017,27279
"(0.8550741594067247, 1.0)",1,99.54578543371652,27280
"(1.0, 1.0)",1,99.54570707070708,27281
"(0.9135802469135802, 1.0)",1,99.54569521002432,27282
"(0.8055555555555555, 1.0)",1,99.54567508514876,27283
"(0.773034398034398, 1.0)",1,99.54562037687036,27284
"(0.9224211423699916, 1.0)",1,99.54548406978074,27285
"(0.9023809523809524, 1.0)",1,99.54548313321898,27286
"(0.8527777777777779, 1.0)",1,99.54541847041848,27287
"(0.8858975827700768, 1.0)",1,99.54534922137078,27288
"(0.8266666666666667, 1.0)",2,99.54534569295438,27290
"(0.8376068376068376, 1.0)",1,99.54532474898608,27291
"(0.8510802469135802, 1.0)",1,99.54528118486452,27292
"(0.7975164658278694, 1.0)",1,99.54520009483502,27293
"(0.8864468864468864, 1.0)",1,99.54517704517704,27294
"(0.8977777777777779, 1.0)",1,99.54513942513942,27295
"(0.9224211423699916, 1.0)",2,99.54511423874727,27297
"(0.8888888888888888, 1.0)",1,99.54506282767152,27298
"(0.936026936026936, 1.0)",1,99.5450200934072,27299
"(0.9589484126984128, 1.0)",2,99.54500843111136,27301
"(0.8600272232304901, 1.0)",1,99.5450045300828,27302
"(0.9109477124183006, 1.0)",1,99.54499144646203,27303
"(0.9841269841269842, 1.0)",2,99.54498156164824,27305
"(0.9444444444444444, 1.0)",1,99.54497354497354,27306
"(0.75, 1.0)",1,99.54494949494948,27307
"(0.9172932330827066, 1.0)",1,99.54489340358568,27308
"(0.8469839324618735, 1.0)",1,99.544871843665,27309
"(0.8271652864044169, 1.0)",1,99.54485086728444,27310
"(0.8897707231040564, 1.0)",1,99.5448378781712,27311
"(0.8675136116152449, 1.0)",1,99.54480298890462,27312
"(0.8817204301075269, 1.0)",1,99.54474060906972,27313
"(0.9023569023569024, 1.0)",1,99.54473557631452,27314
"(0.9306746031746032, 1.0)",1,99.54471870765386,27315
"(0.9507101086048454, 1.0)",1,99.5446937235562,27316
"(0.9523809523809524, 1.0)",1,99.54468867008084,27317
"(0.8571428571428572, 1.0)",1,99.54462242562929,27318
"(0.9047619047619048, 1.0)",1,99.54462204462205,27319
"(0.8729166666666666, 1.0)",1,99.54448412698412,27320
"(1.0, 1.0)",1,99.54448254448256,27321
"(0.896551724137931, 1.0)",1,99.54445937204558,27322
"(0.7200000000000001, 1.0)",1,99.54439782439783,27323
"(0.8731060606060606, 1.0)",1,99.54435666185664,27324
"(0.9444444444444444, 1.0)",1,99.544356609574,27325
"(0.9589484126984128, 1.0)",1,99.54434911976875,27326
"(0.8551296720061023, 1.0)",1,99.54432279369922,27327
"(0.8163854689162486, 1.0)",1,99.5443193101996,27328
"(0.8571428571428572, 1.0)",2,99.54425622686492,27330
"(0.7555555555555554, 1.0)",1,99.54419381787802,27331
"(0.9047619047619048, 1.0)",1,99.54415584415584,27332
"(0.875, 1.0)",1,99.54413580246911,27333
"(0.896551724137931, 1.0)",1,99.5441198422943,27334
"(0.896551724137931, 1.0)",2,99.54408912825429,27336
"(0.6155157715260018, 1.0)",1,99.54408720009744,27337
"(0.8925865800865801, 1.0)",1,99.5440862629944,27338
"(0.9841269841269842, 1.0)",1,99.54392764857882,27339
"(0.8817204301075269, 1.0)",1,99.5438942232771,27340
"(0.7496650452295612, 1.0)",1,99.54384756521851,27341
"(0.9841269841269842, 1.0)",1,99.5438338441412,27342
"(0.8518518518518519, 1.0)",1,99.54377104377105,27343
"(0.8873002904865649, 1.0)",1,99.54376905320532,27344
"(0.9444444444444444, 1.0)",1,99.54373787132408,27345
"(0.8888888888888888, 1.0)",1,99.54372294372294,27346
"(0.9135802469135802, 1.0)",1,99.543716192839,27347
"(0.808641975308642, 1.0)",1,99.5437159291326,27348
"(0.8888888888888888, 1.0)",1,99.5436351088525,27349
"(0.8888888888888888, 1.0)",1,99.54361213547747,27350
"(0.8817204301075269, 1.0)",1,99.54358350530391,27351
"(0.9135802469135802, 1.0)",1,99.54358033129964,27352
"(0.8542199488491048, 1.0)",1,99.54357478081263,27353
"(0.7869981325863679, 1.0)",1,99.54355479463698,27354
"(0.9230769230769232, 1.0)",1,99.54351206891252,27355
"(0.896551724137931, 1.0)",1,99.54337712096331,27356
"(0.8666666666666667, 1.0)",2,99.54336597542245,27358
"(0.8873002904865649, 1.0)",1,99.5433128785556,27359
"(0.8864468864468864, 1.0)",1,99.54330532591402,27360
"(1.0, 1.0)",1,99.5432478135758,27361
"(0.9841269841269842, 1.0)",1,99.54320987654322,27362
"(0.8170426065162907, 1.0)",1,99.5431614152438,27363
"(0.8551296720061023, 1.0)",1,99.54310896563796,27364
"(0.8859337035751476, 1.0)",1,99.54309956500764,27365
"(0.7708333333333334, 1.0)",1,99.54307132552016,27366
"(0.9248366013071896, 1.0)",1,99.54306378475177,27367
"(0.8125, 1.0)",1,99.54305462027683,27368
"(0.8350168350168351, 1.0)",1,99.54305244501325,27369
"(0.8518518518518519, 1.0)",1,99.54304954304952,27370
"(0.8402777777777779, 1.0)",1,99.54301948051948,27371
"(0.8078308130291714, 1.0)",1,99.5429830615332,27372
"(0.6470588235294118, 1.0)",1,99.5429745020538,27373
"(0.9135802469135802, 1.0)",1,99.54295975629309,27374
"(0.8129629629629629, 1.0)",1,99.54295770481116,27375
"(0.7167919799498746, 1.0)",1,99.54295685450184,27376
"(0.7782392026578072, 1.0)",1,99.5429305925222,27377
"(0.8970659722222223, 1.0)",1,99.54291524640485,27378
"(0.8270202020202021, 1.0)",1,99.54290925124258,27379
"(0.8859337035751476, 1.0)",1,99.54288781846104,27380
"(0.8865079365079365, 1.0)",1,99.54288008713296,27381
"(0.9230769230769232, 1.0)",1,99.54284604284604,27382
"(0.75, 1.0)",1,99.54283126293996,27383
"(0.8666666666666667, 1.0)",1,99.54282407407408,27384
"(0.9767195767195768, 0.996078431372549)",1,99.5428043556606,27385
"(0.75, 1.0)",1,99.54280196927256,27386
"(0.8151260504201681, 1.0)",1,99.542718338932,27387
"(0.9135802469135802, 1.0)",1,99.542659077463,27388
"(0.8109668109668109, 1.0)",1,99.54262866762868,27389
"(0.8571428571428572, 1.0)",1,99.54256854256856,27390
"(0.8888888888888888, 1.0)",1,99.54256854256856,27391
"(0.9674603174603176, 1.0)",1,99.5424650228998,27392
"(0.7361111111111112, 1.0)",1,99.5424497000584,27393
"(0.9023569023569024, 1.0)",1,99.542443614526,27394
"(0.8264567669172932, 1.0)",1,99.54240038605536,27395
"(0.9, 1.0)",1,99.5423786739576,27396
"(0.8468468468468467, 1.0)",1,99.54237354237354,27397
"(0.8859337035751476, 1.0)",1,99.54235109798265,27398
"(0.8319664902998236, 1.0)",1,99.5423476264874,27399
"(0.8681932021466906, 1.0)",1,99.54231743749988,27400
"(0.9333333333333332, 1.0)",1,99.5422977022977,27401
"(0.8338275775775775, 1.0)",1,99.54223726973729,27402
"(0.8883205456095482, 1.0)",2,99.54223095520712,27404
"(0.8600268137987934, 1.0)",1,99.54221360574122,27405
"(0.9224211423699916, 1.0)",1,99.542179162128,27406
"(0.7982954545454546, 1.0)",1,99.5421626984127,27407
"(0.9087026014109348, 1.0)",1,99.54214399880324,27408
"(0.8666666666666667, 1.0)",1,99.542140558994,27409
"(0.8063492063492064, 1.0)",1,99.5421101774043,27410
"(0.9306746031746032, 1.0)",1,99.54210134880384,27411
"(0.8013468013468013, 1.0)",1,99.54208754208754,27412
"(0.8731060606060606, 1.0)",1,99.5420147907648,27413
"(0.7982954545454546, 1.0)",1,99.54197448083318,27414
"(0.9248366013071896, 1.0)",1,99.54193970389125,27415
"(0.8791208791208792, 1.0)",2,99.54193954193954,27417
"(0.9589484126984128, 1.0)",1,99.54193751066737,27418
"(0.8520449077786689, 1.0)",1,99.5419342193286,27419
"(0.7167919799498746, 1.0)",1,99.54191513265924,27420
"(0.875, 1.0)",1,99.5418674320848,27421
"(0.896551724137931, 1.0)",1,99.54186615206106,27422
"(0.8350168350168351, 1.0)",1,99.5417111069285,27423
"(0.7555555555555554, 1.0)",2,99.54169653524492,27425
"(0.8468468468468467, 1.0)",1,99.54165204165204,27426
"(0.8055555555555555, 1.0)",6,99.54164662497996,27432
"(0.8502976190476191, 1.0)",1,99.5415907497852,27433
"(0.9230769230769232, 1.0)",1,99.54155227488562,27434
"(0.8627450980392157, 1.0)",1,99.54154345022468,27435
"(0.875, 1.0)",1,99.54153073174813,27436
"(0.8264567669172932, 1.0)",1,99.54150269578268,27437
"(0.8817204301075269, 1.0)",1,99.54147561744892,27438
"(0.7460317460317459, 1.0)",1,99.5414687614176,27439
"(0.9047619047619048, 1.0)",1,99.54146382407252,27440
"(0.9135802469135802, 1.0)",1,99.54144620811287,27441
"(0.9841269841269842, 1.0)",1,99.54135912396782,27442
"(0.9840686274509804, 1.0)",1,99.54135490603956,27443
"(0.9023809523809524, 1.0)",1,99.54133186501608,27444
"(0.8858975827700768, 1.0)",1,99.54120828753253,27445
"(0.9194577352472088, 1.0)",1,99.54120148856993,27446
"(0.947088068181818, 1.0)",1,99.54110123094496,27447
"(0.8622222222222222, 1.0)",1,99.5410989010989,27448
"(0.8627450980392157, 1.0)",4,99.54100418979554,27452
"(0.9023569023569024, 1.0)",1,99.54098124098124,27453
"(0.8376068376068376, 1.0)",1,99.54096963772308,27454
"(0.896551724137931, 1.0)",1,99.54096578960464,27455
"(0.808641975308642, 1.0)",1,99.54087027332642,27456
"(0.8571428571428572, 1.0)",1,99.54083694083694,27457
"(0.8465418823841762, 1.0)",1,99.54083218842666,27458
"(0.9674603174603176, 1.0)",1,99.54078855496512,27459
"(0.8627450980392157, 1.0)",1,99.5407607760549,27460
"(0.8857001484413657, 1.0)",1,99.5406912196134,27461
"(0.8686868686868687, 1.0)",1,99.54063733114076,27462
"(0.9696969696969696, 1.0)",1,99.5404816388798,27463
"(0.7081939799331105, 1.0)",1,99.54043643912,27464
"(0.9444444444444444, 1.0)",2,99.54040404040404,27466
"(0.8888888888888888, 1.0)",1,99.54038118523007,27467
"(0.8468468468468467, 1.0)",1,99.54035334035332,27468
"(1.0, 1.0)",1,99.54032049821524,27469
"(0.9087026014109348, 1.0)",2,99.5403191137566,27471
"(0.8952380952380952, 1.0)",1,99.54031725668878,27472
"(0.9194577352472088, 1.0)",1,99.54026163894584,27473
"(0.9841269841269842, 1.0)",1,99.54024276377216,27474
"(0.8465418823841762, 1.0)",1,99.5402302599788,27475
"(0.9, 1.0)",1,99.54021582282452,27476
"(0.9243650793650792, 1.0)",1,99.54012527475912,27477
"(0.932852564102564, 1.0)",1,99.54006691565516,27478
"(0.7782392026578072, 1.0)",1,99.54005080940564,27479
"(0.8750600325600326, 1.0)",1,99.54003029482836,27480
"(0.875, 1.0)",1,99.53997325879476,27481
"(0.8067271451483561, 1.0)",1,99.53995236095604,27482
"(0.8952380952380952, 1.0)",1,99.53993428842574,27483
"(0.8970659722222223, 1.0)",2,99.53986460877086,27485
"(0.7975164658278694, 1.0)",1,99.539841536884,27486
"(0.875, 1.0)",1,99.53977966477966,27487
"(0.896551724137931, 1.0)",1,99.53968962488452,27488
"(0.7777777777777776, 1.0)",3,99.53968253968254,27491
"(0.7460317460317459, 1.0)",1,99.53968253968254,27492
"(0.9047619047619048, 1.0)",1,99.53968253968252,27493
"(0.9674603174603176, 1.0)",1,99.53962293744902,27494
"(0.8129629629629629, 1.0)",1,99.5395718328165,27495
"(0.9497685185185184, 1.0)",1,99.53955313232204,27496
"(0.8571428571428572, 1.0)",1,99.53953823953825,27497
"(0.841261574074074, 1.0)",1,99.5395364010989,27498
"(0.8518518518518519, 1.0)",1,99.5394985047159,27499
"(0.8112491373360938, 1.0)",1,99.53948758869954,27500
"(0.909209656084656, 1.0)",1,99.5393965921986,27501
"(0.8888888888888888, 1.0)",1,99.53933239962652,27502
"(0.8817204301075269, 1.0)",1,99.53927644134777,27503
"(0.9841269841269842, 1.0)",1,99.53925372872742,27504
"(1.0, 1.0)",1,99.5392480876352,27505
"(0.875, 1.0)",1,99.53924108140356,27506
"(0.8970659722222223, 1.0)",1,99.5392376943409,27507
"(0.8551296720061023, 1.0)",1,99.53917921688488,27508
"(0.9047619047619048, 1.0)",1,99.5391726170162,27509
"(0.8129898303922073, 1.0)",1,99.53913572595177,27510
"(0.7178175618073316, 1.0)",1,99.53904571636882,27511
"(0.75, 1.0)",1,99.53896380686662,27512
"(1.0, 1.0)",1,99.53896103896103,27513
"(0.7975164658278694, 1.0)",1,99.53896012820616,27514
"(0.8258037694013303, 1.0)",1,99.53894530379289,27515
"(0.8421052631578948, 1.0)",1,99.5389306599833,27516
"(0.9230769230769232, 1.0)",1,99.53889336988917,27517
"(0.8078308130291714, 1.0)",2,99.53879082073308,27519
"(0.9171090534979424, 1.0)",1,99.5387839850084,27520
"(0.9213117283950616, 1.0)",1,99.53878103378104,27521
"(0.8469839324618735, 1.0)",1,99.53874980547776,27522
"(0.7707924493038034, 1.0)",1,99.5387162384776,27523
"(0.8350168350168351, 1.0)",1,99.53867341235762,27524
"(0.8518518518518519, 1.0)",1,99.53866503866504,27525
"(0.896551724137931, 1.0)",2,99.53861232527782,27527
"(0.8550741594067247, 1.0)",2,99.53860829956218,27529
"(0.8893558268973552, 1.0)",1,99.53858951772862,27530
"(0.896551724137931, 1.0)",1,99.53858784893268,27531
"(0.9109477124183006, 1.0)",1,99.53846512254444,27532
"(0.8125, 1.0)",1,99.53844077219075,27533
"(0.875, 1.0)",1,99.53841991341992,27534
"(0.8592532467532467, 1.0)",1,99.53835849405311,27535
"(1.0, 1.0)",1,99.53828608667318,27536
"(0.8044053370140327, 1.0)",1,99.5382305794766,27537
"(0.9135802469135802, 1.0)",1,99.53823010685755,27538
"(0.7982954545454546, 1.0)",1,99.53817875964614,27539
"(0.8888888888888888, 1.0)",1,99.53815781987824,27540
"(0.875, 1.0)",1,99.53814844575714,27541
"(0.9142520753512132, 1.0)",1,99.53808454946146,27542
"(0.9444444444444444, 1.0)",2,99.53800322061193,27544
"(0.7081939799331105, 1.0)",1,99.53797318221233,27545
"(0.9135802469135802, 1.0)",1,99.53795262567192,27546
"(0.7167919799498746, 1.0)",1,99.53790634945132,27547
"(0.9230769230769232, 1.0)",1,99.53790270187328,27548
"(0.9444444444444444, 1.0)",1,99.53778117307527,27549
"(0.9135802469135802, 1.0)",1,99.53770213521204,27550
"(0.8468468468468467, 1.0)",1,99.53760379521248,27551
"(0.9674603174603176, 1.0)",1,99.53753517014388,27552
"(0.883876357560568, 1.0)",1,99.53752937121358,27553
"(0.847123015873016, 1.0)",1,99.53751123876124,27554
"(0.8109668109668109, 1.0)",1,99.53746253746256,27555
"(0.8053221288515406, 1.0)",1,99.53745714359523,27556
"(0.8547544409613373, 1.0)",1,99.53738311409344,27557
"(0.896551724137931, 1.0)",1,99.53736943045908,27558
"(0.9740143369175628, 1.0)",1,99.5373649272044,27559
"(0.8345959595959597, 1.0)",1,99.53730251230252,27560
"(0.8337928153717628, 1.0)",1,99.537221954535,27561
"(1.0, 1.0)",1,99.53722134576444,27562
"(0.8421052631578948, 1.0)",1,99.53721730309752,27563
"(0.8731060606060606, 1.0)",1,99.53715718450476,27564
"(0.8266666666666667, 1.0)",1,99.53715665976536,27565
"(0.7167919799498746, 1.0)",1,99.5371383002962,27566
"(0.8053221288515406, 1.0)",1,99.53709702062643,27567
"(0.8055555555555555, 1.0)",1,99.53698752228163,27568
"(0.9224211423699916, 1.0)",1,99.53696999221296,27569
"(0.9065438871473354, 1.0)",1,99.53694983025063,27570
"(0.9224211423699916, 1.0)",1,99.53691191475548,27571
"(0.7167919799498746, 1.0)",1,99.53686462760874,27572
"(0.8970659722222223, 1.0)",1,99.53680213834532,27573
"(0.8888888888888888, 1.0)",2,99.53679653679652,27575
"(0.6875653082549634, 1.0)",1,99.53677165746132,27576
"(0.8345959595959597, 1.0)",2,99.5366798016798,27578
"(0.8319664902998236, 1.0)",1,99.53665925124258,27579
"(0.9306746031746032, 1.0)",1,99.5365839234988,27580
"(0.984313725490196, 0.996078431372549)",1,99.53651960784336,27581
"(0.875, 1.0)",1,99.5364568040655,27582
"(0.8448736477904788, 1.0)",1,99.53639398779262,27583
"(0.8888888888888888, 1.0)",2,99.53637566137566,27585
"(0.9327096052096052, 1.0)",1,99.53630101081714,27586
"(0.6923437673437673, 1.0)",1,99.5362878468913,27587
"(0.7081939799331105, 1.0)",1,99.53628102446751,27588
"(0.8888888888888888, 1.0)",2,99.53627859745552,27590
"(0.8731060606060606, 1.0)",1,99.5362347631792,27591
"(0.8977777777777779, 1.0)",1,99.53616196471268,27592
"(0.9696969696969696, 1.0)",1,99.53613643468717,27593
"(0.9841269841269842, 1.0)",1,99.53613150134888,27594
"(0.8731060606060606, 1.0)",1,99.53611041736042,27595
"(0.8897707231040564, 1.0)",1,99.53604550095778,27596
"(0.9841269841269842, 1.0)",1,99.53601953601954,27597
"(0.8170426065162907, 1.0)",1,99.53596348401916,27598
"(0.8882535288785288, 1.0)",2,99.5359594649178,27600
"(0.8817204301075269, 1.0)",1,99.53594774924711,27601
"(0.8253968253968256, 1.0)",1,99.53586896760046,27602
"(0.9047619047619048, 1.0)",1,99.53585708913928,27603
"(0.8952020202020202, 1.0)",1,99.53582994050288,27604
"(0.8592532467532467, 1.0)",1,99.53581946081944,27605
"(0.8345959595959597, 1.0)",1,99.53577626077626,27606
"(0.875, 1.0)",1,99.53570644331514,27607
"(1.0, 1.0)",1,99.535698600916,27608
"(0.8611111111111112, 1.0)",2,99.53566037881598,27610
"(0.9841269841269842, 1.0)",1,99.53563103563104,27611
"(0.865079365079365, 1.0)",1,99.53560669350144,27612
"(0.9802054154995332, 0.996078431372549)",1,99.53559257621198,27613
"(0.8518954248366013, 1.0)",1,99.53558729523137,27614
"(0.875593542260209, 1.0)",1,99.53556828973495,27615
"(0.9230769230769232, 1.0)",1,99.53551092869978,27616
"(0.9589484126984128, 1.0)",1,99.5353630312183,27617
"(0.9, 1.0)",1,99.5353214686548,27618
"(0.8991666666666667, 1.0)",1,99.5353024606972,27619
"(0.6156045751633987, 1.0)",1,99.53524743230624,27620
"(0.683375104427736, 1.0)",1,99.5352269562796,27621
"(0.8888888888888888, 1.0)",1,99.53517316017316,27622
"(0.8112794612794614, 1.0)",1,99.5351008271117,27623
"(0.9740143369175628, 1.0)",1,99.53503882179494,27624
"(0.8465418823841762, 1.0)",1,99.53502785203392,27625
"(1.0, 1.0)",1,99.53499258435298,27626
"(0.8468468468468467, 1.0)",1,99.53496990751891,27627
"(0.896551724137931, 1.0)",1,99.53495328359212,27628
"(0.8129629629629629, 1.0)",1,99.53492534877486,27629
"(0.9230769230769232, 1.0)",1,99.53490953490952,27630
"(0.8882535288785288, 1.0)",2,99.53486592882426,27632
"(0.8330439814814815, 1.0)",1,99.53479154612936,27633
"(0.8893558268973552, 1.0)",1,99.5347606338583,27634
"(0.9230769230769232, 1.0)",1,99.53471453471454,27635
"(0.8109668109668109, 1.0)",2,99.53469279258752,27637
"(0.8731060606060606, 1.0)",1,99.5346878358817,27638
"(0.8468468468468467, 1.0)",1,99.53467753467751,27639
"(0.7840187590187591, 1.0)",1,99.53465741049077,27640
"(0.8622222222222222, 1.0)",2,99.534637625165,27642
"(0.8281746031746032, 1.0)",1,99.534620554177,27643
"(0.9135802469135802, 1.0)",1,99.53460553741256,27644
"(0.8731060606060606, 1.0)",1,99.5345489469928,27645
"(0.896551724137931, 1.0)",1,99.53452252302829,27646
"(0.9333333333333332, 1.0)",1,99.53449349971088,27647
"(1.0, 1.0)",1,99.53447588375124,27648
"(0.7707924493038034, 1.0)",2,99.53446359297494,27650
"(0.8888888888888888, 1.0)",1,99.53443223443224,27651
"(0.8419830743891047, 1.0)",1,99.53442078028468,27652
"(0.8888888888888888, 1.0)",1,99.53439153439152,27653
"(0.8900759734093067, 1.0)",1,99.53437464389968,27654
"(0.6875653082549634, 1.0)",1,99.53436665505632,27655
"(0.8888888888888888, 1.0)",1,99.53434869224344,27656
"(0.9696969696969696, 1.0)",1,99.53433158360694,27657
"(0.7555555555555554, 1.0)",1,99.53429951690822,27658
"(0.9386724386724388, 1.0)",2,99.534255599473,27660
"(0.9740143369175628, 1.0)",1,99.5342535336403,27661
"(0.9696969696969696, 1.0)",1,99.5341871059498,27662
"(0.8439484126984128, 1.0)",1,99.53414840520104,27663
"(0.9565217391304348, 1.0)",1,99.53413627435368,27664
"(0.9206349206349206, 1.0)",1,99.53411559201032,27665
"(0.8368686868686868, 1.0)",1,99.53397135464844,27666
"(0.9696969696969696, 1.0)",2,99.5339570823442,27668
"(1.0, 1.0)",1,99.53395708234416,27669
"(0.8817204301075269, 1.0)",1,99.53388417507487,27670
"(0.9841269841269842, 1.0)",1,99.53384533435684,27671
"(0.9478270609318996, 1.0)",1,99.5338218165918,27672
"(0.9444444444444444, 1.0)",1,99.53378103378104,27673
"(0.8864468864468864, 1.0)",1,99.53377087499896,27674
"(0.8888888888888888, 1.0)",1,99.533769271664,27675
"(0.8731060606060606, 1.0)",1,99.53373556998557,27676
"(0.9306746031746032, 1.0)",1,99.53372754038077,27677
"(0.5640273704789834, 1.0)",1,99.53372434017597,27678
"(0.7400546757164405, 1.0)",1,99.53367290933468,27679
"(0.7162037037037038, 1.0)",1,99.53358618233618,27680
"(0.9696969696969696, 1.0)",1,99.533463008463,27681
"(0.9727777777777776, 1.0)",1,99.53345193205487,27682
"(0.9224211423699916, 1.0)",1,99.53345117445264,27683
"(0.8888888888888888, 1.0)",1,99.53341371591372,27684
"(0.9047619047619048, 1.0)",1,99.53340973696923,27685
"(0.9047619047619048, 1.0)",1,99.5333990246271,27686
"(0.8803174603174604, 1.0)",1,99.53337430685256,27687
"(0.8686868686868687, 1.0)",1,99.5333694083694,27688
"(0.8332521117608837, 1.0)",2,99.53336861562738,27690
"(0.9224211423699916, 1.0)",1,99.53333624691815,27691
"(0.9230769230769232, 1.0)",1,99.53327308762093,27692
"(0.8888888888888888, 1.0)",1,99.53324131585,27693
"(0.8498168498168498, 1.0)",2,99.53323836657172,27695
"(0.683375104427736, 1.0)",1,99.53323544551614,27696
"(0.808641975308642, 1.0)",1,99.53318903318905,27697
"(0.8281746031746032, 1.0)",1,99.53310305435306,27698
"(0.7782392026578072, 1.0)",1,99.53306353811271,27699
"(0.7496650452295612, 1.0)",1,99.5329586960232,27700
"(0.947088068181818, 1.0)",1,99.53294673224244,27701
"(0.9333333333333332, 1.0)",1,99.53292448292449,27702
"(0.8275809031622985, 1.0)",1,99.53291955360784,27703
"(0.9047619047619048, 1.0)",1,99.53291664680718,27704
"(0.9615343915343916, 1.0)",1,99.53288032596171,27705
"(0.8627450980392157, 1.0)",1,99.53283105073386,27706
"(0.9444444444444444, 1.0)",1,99.53282369804111,27707
"(0.8888888888888888, 1.0)",1,99.5328165374677,27708
"(0.8675136116152449, 1.0)",1,99.532760740277,27709
"(0.9674603174603176, 1.0)",1,99.53261647384454,27710
"(0.9230769230769232, 1.0)",1,99.53260073260074,27711
"(0.9047619047619048, 1.0)",1,99.5325399851262,27712
"(0.8350168350168351, 1.0)",1,99.53252765752764,27713
"(0.977218782249742, 0.996078431372549)",1,99.53240597408576,27714
"(0.8521317829457364, 1.0)",1,99.53240469752518,27715
"(0.7141994478951, 1.0)",1,99.53238126607692,27716
"(0.8833628057765988, 1.0)",2,99.53233830639684,27718
"(0.9047619047619048, 1.0)",2,99.53223266266744,27720
"(0.8498168498168499, 0.9841269841269842)",1,99.53221223221227,27721
"(0.922050500014663, 1.0)",1,99.53218920698173,27722
"(0.8897707231040564, 1.0)",2,99.53212281545616,27724
"(0.9, 1.0)",1,99.53211233211232,27725
"(0.808641975308642, 1.0)",1,99.53197303021864,27726
"(0.896551724137931, 1.0)",1,99.5319217467678,27727
"(0.8888888888888888, 1.0)",1,99.53190105029712,27728
"(0.9230769230769232, 1.0)",2,99.5318803106527,27730
"(0.9407729468599032, 1.0)",1,99.53186208813582,27731
"(0.8112491373360938, 1.0)",1,99.53184987723272,27732
"(1.0, 1.0)",1,99.5318024970199,27733
"(0.9444444444444444, 1.0)",1,99.53174603174608,27734
"(0.7555555555555554, 1.0)",1,99.53174603174602,27735
"(0.9135802469135802, 1.0)",1,99.53173168611764,27736
"(0.875, 1.0)",1,99.5317314067314,27737
"(0.875, 1.0)",1,99.53172250454858,27738
"(0.896551724137931, 1.0)",1,99.53162775921396,27739
"(0.9047619047619048, 1.0)",1,99.53160173160174,27740
"(0.9065438871473354, 1.0)",1,99.53159190877145,27741
"(0.883580779054917, 1.0)",1,99.53155012966316,27742
"(0.8502976190476191, 1.0)",1,99.5315446832472,27743
"(0.996078431372549, 0.996078431372549)",1,99.53153451439078,27744
"(0.8888888888888888, 1.0)",1,99.53152574746778,27745
"(0.833064949006978, 1.0)",1,99.53147764741968,27746
"(0.919047619047619, 1.0)",1,99.53132578922052,27747
"(0.8977777777777779, 1.0)",1,99.53131187652929,27748
"(0.8873002904865649, 1.0)",1,99.53130737360657,27749
"(0.875, 1.0)",1,99.53128815628816,27750
"(0.919047619047619, 1.0)",1,99.53123795435008,27751
"(0.896551724137931, 1.0)",1,99.53123185881807,27752
"(0.8888888888888888, 1.0)",1,99.53121275219738,27753
"(0.9224211423699916, 1.0)",1,99.53119798644096,27754
"(1.0, 1.0)",1,99.531162664496,27755
"(0.8977777777777779, 1.0)",4,99.53111111111114,27759
"(0.8163854689162486, 1.0)",1,99.53105910275798,27760
"(0.7996201329534663, 1.0)",1,99.53105209967956,27761
"(0.8791208791208792, 1.0)",1,99.53103504682451,27762
"(0.8952020202020202, 1.0)",1,99.53101042476042,27763
"(0.9444444444444444, 1.0)",1,99.53097383097383,27764
"(0.8415692007797271, 1.0)",1,99.53095513891566,27765
"(0.9465811965811968, 1.0)",1,99.53093571948672,27766
"(0.8822954822954823, 1.0)",1,99.5309083971584,27767
"(0.734006734006734, 1.0)",1,99.53083213083212,27768
"(0.9047619047619048, 1.0)",1,99.53082953082952,27769
"(0.9363636363636364, 1.0)",1,99.53080961253004,27770
"(0.8518518518518519, 1.0)",1,99.53078403078403,27771
"(0.9104993386243384, 1.0)",1,99.5307823013804,27772
"(0.9886710239651416, 0.996078431372549)",1,99.53077387095212,27773
"(0.8791208791208792, 1.0)",1,99.5307499518026,27774
"(0.883876357560568, 1.0)",1,99.53068507621713,27775
"(0.7162037037037038, 1.0)",1,99.53060846560848,27776
"(0.8803174603174604, 1.0)",1,99.53054883813503,27777
"(0.8976612797267113, 1.0)",1,99.5304814015289,27778
"(0.8253968253968256, 1.0)",1,99.53047201336676,27779
"(0.8521317829457364, 1.0)",1,99.5304555918308,27780
"(0.936026936026936, 1.0)",1,99.53039847967383,27781
"(0.9023809523809524, 1.0)",1,99.5303187261082,27782
"(0.7616334283000951, 1.0)",1,99.53027219693888,27783
"(0.9465811965811968, 1.0)",1,99.53025965988164,27784
"(0.9224211423699916, 1.0)",1,99.53021335016224,27785
"(0.7707924493038034, 1.0)",1,99.53018479715205,27786
"(0.8970659722222223, 1.0)",1,99.53017886661988,27787
"(0.8468468468468467, 1.0)",1,99.53012516273384,27788
"(0.9047619047619048, 1.0)",1,99.53012265512264,27789
"(0.8893558268973552, 1.0)",1,99.53009863134189,27790
"(0.9444444444444444, 1.0)",1,99.53007518796991,27791
"(0.865079365079365, 1.0)",1,99.53003875968992,27792
"(0.922050500014663, 1.0)",1,99.52997939791317,27793
"(0.8468468468468467, 1.0)",1,99.52993335098598,27794
"(0.8831018518518517, 1.0)",1,99.52990799821444,27795
"(0.9465811965811968, 1.0)",1,99.52990306752852,27796
"(0.8551296720061023, 1.0)",1,99.52989648845492,27797
"(0.8345959595959597, 1.0)",1,99.5298051023051,27798
"(0.9135802469135802, 1.0)",1,99.5297788631122,27799
"(0.9592592592592591, 1.0)",1,99.52976499658187,27800
"(0.9696969696969696, 1.0)",1,99.52976380344802,27801
"(0.7167919799498746, 1.0)",2,99.52974913773464,27803
"(0.7982954545454546, 1.0)",1,99.5296751859252,27804
"(0.8970659722222223, 1.0)",1,99.5296684234755,27805
"(0.896551724137931, 1.0)",1,99.52961329770294,27806
"(0.8831018518518517, 1.0)",1,99.5295864456894,27807
"(0.992156862745098, 0.996078431372549)",1,99.52958605664512,27808
"(0.9351258309591644, 1.0)",1,99.52954602496268,27809
"(0.9841269841269842, 1.0)",1,99.52952895058158,27810
"(0.8897707231040564, 1.0)",1,99.5294532627866,27811
"(0.8151260504201681, 1.0)",1,99.52941176470588,27812
"(0.9466207660652104, 1.0)",1,99.52939724884168,27813
"(0.8518518518518519, 1.0)",1,99.5293962029256,27814
"(0.8888888888888888, 1.0)",1,99.52934356092253,27815
"(0.7869981325863679, 1.0)",1,99.5293194556438,27816
"(0.9224211423699916, 1.0)",1,99.52930862623116,27817
"(0.8904991948470209, 1.0)",1,99.52926366266828,27818
"(0.8888888888888888, 1.0)",1,99.52912584491531,27819
"(1.0, 1.0)",1,99.52910052910052,27820
"(0.8817204301075269, 1.0)",1,99.52909756277876,27821
"(0.9202401372212692, 1.0)",1,99.52903165942864,27822
"(0.808641975308642, 1.0)",1,99.52902626937714,27823
"(0.9289529914529916, 1.0)",1,99.52901682858204,27824
"(0.9206349206349206, 1.0)",1,99.52899757812038,27825
"(0.8817204301075269, 1.0)",1,99.52899585999164,27826
"(0.8888888888888888, 1.0)",1,99.52898990999677,27827
"(0.8888888888888888, 1.0)",1,99.52898788700888,27828
"(0.896551724137931, 1.0)",1,99.52894710653332,27829
"(0.7782392026578072, 1.0)",1,99.5289408395154,27830
"(0.9802054154995332, 0.996078431372549)",1,99.52892947237396,27831
"(0.9565217391304348, 1.0)",1,99.528912250012,27832
"(0.8518518518518519, 1.0)",1,99.52889702889703,27833
"(0.9047619047619048, 1.0)",1,99.52886385645007,27834
"(0.8817204301075269, 1.0)",1,99.52882303510486,27835
"(0.6856760145918833, 1.0)",1,99.52880534200573,27836
"(0.9206349206349206, 1.0)",1,99.52880230880233,27837
"(0.8893558268973552, 1.0)",1,99.52878963936776,27838
"(0.896551724137931, 1.0)",1,99.52878674573827,27839
"(1.0, 1.0)",1,99.5287177502581,27840
"(0.8864468864468864, 1.0)",2,99.52871497799036,27842
"(0.8864468864468864, 1.0)",1,99.52871004465209,27843
"(0.9230769230769232, 1.0)",1,99.5286607112694,27844
"(0.9047619047619048, 1.0)",1,99.52851553107308,27845
"(0.8266666666666667, 1.0)",2,99.52849291688,27847
"(0.7167919799498746, 1.0)",4,99.5284802916382,27851
"(0.8740392648287385, 1.0)",1,99.52847950051898,27852
"(0.9206349206349206, 1.0)",1,99.52835615471486,27853
"(0.8867623604465709, 1.0)",1,99.5282657845587,27854
"(0.75, 1.0)",1,99.52825556086424,27855
"(0.9696969696969696, 1.0)",2,99.52825523954814,27857
"(0.9047619047619048, 1.0)",1,99.5282212885154,27858
"(0.875, 1.0)",1,99.52819605319606,27859
"(0.8888888888888888, 1.0)",1,99.52813852813853,27860
"(0.8518518518518519, 1.0)",1,99.52813595986746,27861
"(0.8675136116152449, 1.0)",1,99.52809288741192,27862
"(0.8530092673544326, 1.0)",1,99.528072030782,27863
"(0.7544006919006919, 1.0)",1,99.52798219041426,27864
"(0.7081939799331105, 1.0)",1,99.52798094601798,27865
"(0.8859337035751476, 1.0)",1,99.52796603054838,27866
"(1.0, 1.0)",1,99.52795031055906,27867
"(0.9565217391304348, 1.0)",1,99.52794087917702,27868
"(0.9230769230769232, 1.0)",1,99.5277959670637,27869
"(0.9230769230769232, 1.0)",1,99.52779072779072,27870
"(0.9444444444444444, 1.0)",1,99.52776209297949,27871
"(0.875, 1.0)",1,99.5277519989589,27872
"(0.7782392026578072, 1.0)",1,99.52773413358744,27873
"(0.9444444444444444, 1.0)",1,99.52773072338287,27874
"(0.8666666666666667, 1.0)",1,99.52771036012972,27875
"(0.896551724137931, 1.0)",1,99.52768929577891,27876
"(0.8888888888888888, 1.0)",1,99.52763888888887,27877
"(0.9827450980392156, 0.996078431372549)",1,99.5276209723658,27878
"(0.7167919799498746, 1.0)",2,99.52758563074352,27880
"(0.9674603174603176, 1.0)",2,99.52755022755022,27882
"(0.8387082903336773, 1.0)",1,99.52745600202998,27883
"(0.8592532467532467, 1.0)",1,99.52744374427844,27884
"(0.8611111111111112, 1.0)",1,99.52725448933782,27885
"(0.8600272232304901, 1.0)",1,99.52723011293338,27886
"(0.9444444444444444, 1.0)",1,99.52717652717652,27887
"(0.7200000000000001, 1.0)",1,99.52714830554648,27888
"(0.936026936026936, 1.0)",1,99.52712121762464,27889
"(0.9027274557165862, 1.0)",1,99.52709484758398,27890
"(0.808641975308642, 1.0)",1,99.52706682531245,27891
"(0.8332521117608837, 1.0)",1,99.52702053071746,27892
"(0.8865079365079365, 1.0)",1,99.52700707125994,27893
"(1.0, 1.0)",2,99.52696192696192,27895
"(0.9047619047619048, 1.0)",1,99.52692122692125,27896
"(0.9565217391304348, 1.0)",1,99.52690883995233,27897
"(0.9333333333333332, 1.0)",1,99.52690058479536,27898
"(0.9879901960784314, 0.996078431372549)",1,99.52686475174886,27899
"(0.8112794612794614, 1.0)",1,99.52661676286677,27900
"(0.8817204301075269, 1.0)",1,99.52655385754966,27901
"(0.9483440170940168, 1.0)",1,99.52651320901322,27902
"(0.833064949006978, 1.0)",1,99.52648231595376,27903
"(0.8551296720061023, 1.0)",1,99.52644287847556,27904
"(0.9, 1.0)",1,99.52640692640692,27905
"(0.9466207660652104, 1.0)",1,99.5263815798482,27906
"(0.8373015873015873, 1.0)",1,99.52636872930992,27907
"(0.8468468468468467, 1.0)",1,99.52631923260108,27908
"(0.9696969696969696, 1.0)",1,99.52630151257604,27909
"(0.8791208791208792, 1.0)",1,99.52625152625151,27910
"(0.883580779054917, 1.0)",1,99.5262439838653,27911
"(1.0, 1.0)",2,99.52624209486954,27913
"(0.9019607843137254, 1.0)",1,99.52621410815038,27914
"(0.8859337035751476, 1.0)",1,99.52615417727478,27915
"(0.8046935824713601, 1.0)",1,99.52615103886544,27916
"(0.9466207660652104, 1.0)",1,99.52611725789866,27917
"(0.8330439814814815, 1.0)",1,99.5260728565416,27918
"(0.8468468468468467, 1.0)",1,99.52593587376197,27919
"(0.9213117283950616, 1.0)",1,99.52592673680796,27920
"(0.9565217391304348, 1.0)",1,99.525910874023,27921
"(0.8686868686868687, 1.0)",2,99.52581466842337,27923
"(0.7777777777777776, 1.0)",1,99.52579365079364,27924
"(0.8281746031746032, 1.0)",1,99.52579224734396,27925
"(0.9391865079365078, 1.0)",1,99.52577901578294,27926
"(0.8858975827700768, 1.0)",1,99.52577730517449,27927
"(0.9192180611357128, 1.0)",2,99.5257681280159,27929
"(0.8518518518518519, 1.0)",2,99.5257495590829,27931
"(0.922050500014663, 1.0)",1,99.52571933220248,27932
"(0.7708333333333334, 1.0)",2,99.52562347073216,27934
"(0.7200000000000001, 1.0)",1,99.52561377869225,27935
"(0.896551724137931, 1.0)",1,99.52547508835542,27936
"(0.896551724137931, 1.0)",1,99.52542778634732,27937
"(0.9230769230769232, 1.0)",1,99.52541077143412,27938
"(0.8151260504201681, 1.0)",1,99.52540665388965,27939
"(0.9563953488372092, 1.0)",1,99.52538231834215,27940
"(0.9696969696969696, 1.0)",1,99.5253418079505,27941
"(0.8551296720061023, 1.0)",1,99.5253271949506,27942
"(0.8498168498168498, 1.0)",1,99.52530075288696,27943
"(0.683375104427736, 1.0)",2,99.52529429634691,27945
"(0.8468468468468467, 1.0)",1,99.5252178585512,27946
"(0.8067271451483561, 1.0)",1,99.52519011219871,27947
"(0.8112491373360938, 1.0)",1,99.52515632496748,27948
"(0.7167919799498746, 1.0)",2,99.5251253132832,27950
"(0.9841269841269842, 1.0)",1,99.52510822510828,27951
"(0.9, 1.0)",1,99.5250626566416,27952
"(0.8686868686868687, 1.0)",2,99.52505752505752,27954
"(0.8423371647509579, 1.0)",1,99.525036956789,27955
"(0.9171090534979424, 1.0)",1,99.5249876887121,27956
"(0.8817204301075269, 1.0)",1,99.5248811008544,27957
"(0.8888888888888888, 1.0)",1,99.52488038277512,27958
"(0.9224211423699916, 1.0)",2,99.5248742448231,27960
"(0.9407729468599032, 1.0)",1,99.52477588742636,27961
"(0.9206349206349206, 1.0)",1,99.52475228475228,27962
"(0.8627450980392157, 1.0)",1,99.52474323062556,27963
"(1.0, 1.0)",1,99.52474323062556,27964
"(0.9230769230769232, 1.0)",1,99.5247177707411,27965
"(0.8970659722222223, 1.0)",1,99.52466154748936,27966
"(0.8053221288515406, 1.0)",1,99.5246493965659,27967
"(0.9444444444444444, 1.0)",1,99.52462848804312,27968
"(0.896551724137931, 1.0)",1,99.52461245059683,27969
"(1.0, 1.0)",1,99.52456087973329,27970
"(0.8468468468468467, 1.0)",1,99.52454290626332,27971
"(0.7840187590187591, 1.0)",1,99.52453514078512,27972
"(0.8977777777777779, 1.0)",1,99.52451927299754,27973
"(0.9023569023569024, 1.0)",1,99.52449558239032,27974
"(0.8888888888888888, 1.0)",1,99.5244733044733,27975
"(0.773034398034398, 1.0)",1,99.52447151223193,27976
"(0.9507101086048454, 1.0)",2,99.5244635156916,27978
"(0.9192180611357128, 1.0)",1,99.52446171344334,27979
"(0.9666666666666668, 1.0)",1,99.5244363823312,27980
"(0.9224211423699916, 1.0)",1,99.52439064433948,27981
"(0.773034398034398, 1.0)",2,99.5243489322656,27983
"(0.896551724137931, 1.0)",1,99.52432980450222,27984
"(0.8319664902998236, 1.0)",2,99.52429488757008,27986
"(0.9047619047619048, 1.0)",1,99.52429052429052,27987
"(0.8109668109668109, 1.0)",1,99.52423103212575,27988
"(0.8627450980392157, 1.0)",2,99.5242155720097,27990
"(0.8375771604938271, 1.0)",1,99.52420180251012,27991
"(0.9444444444444444, 1.0)",1,99.52413019079684,27992
"(1.0, 1.0)",1,99.52411941922811,27993
"(0.9224211423699916, 1.0)",1,99.52409697592988,27994
"(0.922050500014663, 1.0)",1,99.5240910428287,27995
"(0.8448736477904788, 1.0)",2,99.52409022639306,27997
"(0.9135802469135802, 1.0)",1,99.5239698573032,27998
"(0.875, 1.0)",1,99.52391867988642,27999
"(0.8858975827700768, 1.0)",1,99.52390519541434,28000
"(0.8888888888888888, 1.0)",1,99.52380952380952,28001
"(0.922050500014663, 1.0)",1,99.52380513889798,28002
"(0.8475199219385267, 1.0)",1,99.52378592370896,28003
"(0.8527777777777779, 1.0)",1,99.52377344877344,28004
"(0.8498168498168498, 1.0)",1,99.52369852369851,28005
"(0.8705805822084891, 1.0)",1,99.52367342462614,28006
"(0.8129629629629629, 1.0)",1,99.52366711469534,28007
"(0.7200000000000001, 1.0)",1,99.5236408036408,28008
"(0.8952020202020202, 1.0)",1,99.523630550484,28009
"(0.8817204301075269, 1.0)",1,99.52362822991006,28010
"(0.9333333333333332, 1.0)",1,99.52359852199668,28011
"(0.833064949006978, 1.0)",1,99.52354113948316,28012
"(0.8586378737541528, 1.0)",1,99.52351844165028,28013
"(0.9523809523809524, 1.0)",1,99.5235044211108,28014
"(0.9333333333333332, 1.0)",1,99.52338217338216,28015
"(0.9802054154995332, 0.996078431372549)",1,99.52331543728626,28016
"(1.0, 1.0)",1,99.5232621784346,28017
"(0.8867623604465709, 1.0)",2,99.52318704687126,28019
"(0.9192180611357128, 1.0)",1,99.523148625904,28020
"(0.8112794612794614, 1.0)",1,99.523072991823,28021
"(0.9087026014109348, 1.0)",1,99.5230288753295,28022
"(0.8817204301075269, 1.0)",1,99.52301850401427,28023
"(0.9696969696969696, 0.9841269841269842)",1,99.52287157287164,28024
"(0.8468468468468467, 1.0)",1,99.52274872274872,28025
"(0.7013888888888888, 1.0)",1,99.5227342102342,28026
"(0.8705805822084891, 1.0)",1,99.52268196888645,28027
"(0.8915343915343915, 1.0)",1,99.5226002527654,28028
"(0.9465811965811968, 1.0)",1,99.5225393837894,28029
"(0.8666666666666667, 1.0)",1,99.52251543209876,28030
"(0.7975164658278694, 1.0)",1,99.52250523730535,28031
"(0.8053221288515406, 1.0)",1,99.52249384602324,28032
"(0.9168478260869564, 1.0)",1,99.52248683884554,28033
"(0.9213117283950616, 1.0)",1,99.52240554198887,28034
"(0.9135802469135802, 1.0)",1,99.52235217673814,28035
"(0.9, 1.0)",1,99.52228969437208,28036
"(0.9465811965811968, 1.0)",1,99.5222064972065,28037
"(0.8170426065162907, 1.0)",1,99.52218018924007,28038
"(0.7167919799498746, 1.0)",2,99.52214711863834,28040
"(0.8705805822084891, 1.0)",1,99.52214000299088,28041
"(0.8675136116152449, 1.0)",1,99.5221380736162,28042
"(0.8468468468468467, 1.0)",1,99.52213482052191,28043
"(0.6156045751633987, 1.0)",1,99.5220529878618,28044
"(0.8317460317460318, 1.0)",1,99.52204184704183,28045
"(0.8402777777777779, 1.0)",1,99.52201206416322,28046
"(0.9444444444444444, 1.0)",1,99.52199792960664,28047
"(0.883580779054917, 1.0)",1,99.52198217826194,28048
"(0.9172932330827066, 0.9841269841269842)",1,99.52191083770036,28049
"(0.8319664902998236, 1.0)",1,99.52188091316144,28050
"(0.9841269841269842, 1.0)",1,99.52179528279108,28051
"(0.8402777777777779, 1.0)",1,99.52177782419012,28052
"(0.9023569023569024, 1.0)",1,99.521766537556,28053
"(0.8589726631393297, 1.0)",1,99.52161584806076,28054
"(0.9192180611357128, 1.0)",1,99.52157950082712,28055
"(0.909209656084656, 1.0)",1,99.5215744781238,28056
"(0.8970659722222223, 1.0)",1,99.52154977214782,28057
"(0.984313725490196, 0.996078431372549)",1,99.52153451439078,28058
"(0.8129898303922073, 1.0)",1,99.52150386776025,28059
"(0.8521317829457364, 1.0)",1,99.52147352191813,28060
"(0.875, 1.0)",1,99.52146882907752,28061
"(0.9047619047619048, 1.0)",1,99.521421107628,28062
"(0.9696969696969696, 1.0)",1,99.52140452140452,28063
"(0.8345959595959597, 1.0)",1,99.52139819950165,28064
"(0.8731060606060606, 1.0)",1,99.52134478846436,28065
"(0.8888888888888888, 1.0)",1,99.52131914932258,28066
"(0.6944444444444445, 1.0)",1,99.52128427128427,28067
"(0.9445350241545892, 1.0)",1,99.52123636179836,28068
"(0.7081939799331105, 1.0)",1,99.52122265376823,28069
"(0.8112491373360938, 1.0)",1,99.52113161596856,28070
"(0.8832772166105499, 1.0)",1,99.52113084871706,28071
"(0.9248366013071896, 1.0)",1,99.5209885974592,28072
"(0.9333333333333332, 1.0)",1,99.52091779135895,28073
"(0.9565217391304348, 1.0)",1,99.52086391869,28074
"(0.7502088554720134, 1.0)",1,99.52081817446845,28075
"(0.8468468468468467, 1.0)",1,99.52081732081732,28076
"(0.8448736477904788, 1.0)",1,99.52080508215552,28077
"(0.7555555555555554, 1.0)",1,99.52079414838036,28078
"(1.0, 1.0)",1,99.52078185177764,28079
"(0.9264176245210728, 1.0)",1,99.52077619033795,28080
"(0.9289529914529916, 1.0)",1,99.52075999684696,28081
"(0.9696969696969696, 1.0)",1,99.520735303344,28082
"(0.7544006919006919, 1.0)",1,99.52070547716131,28083
"(0.896551724137931, 1.0)",2,99.5206807118714,28085
"(0.875, 1.0)",2,99.5206749131588,28087
"(0.7650293586269196, 1.0)",1,99.52065434455082,28088
"(0.7081939799331105, 1.0)",1,99.52060437419834,28089
"(0.8833628057765988, 1.0)",1,99.52053924045303,28090
"(0.75, 1.0)",1,99.52048199533968,28091
"(0.9027988215488216, 1.0)",1,99.5204370148733,28092
"(0.8448736477904788, 1.0)",1,99.52042960295614,28093
"(0.8952020202020202, 1.0)",1,99.52038675832056,28094
"(0.9879901960784314, 0.996078431372549)",1,99.52034313725514,28095
"(0.9135802469135802, 1.0)",1,99.52032461365796,28096
"(0.8550741594067247, 1.0)",1,99.52031101642376,28097
"(0.8589726631393297, 1.0)",1,99.52022446689114,28098
"(0.8518518518518519, 1.0)",1,99.52018936229464,28099
"(0.8253968253968256, 1.0)",1,99.52014652014653,28100
"(0.7502088554720134, 1.0)",1,99.52013262539576,28101
"(0.9886710239651416, 0.996078431372549)",1,99.52011150255647,28102
"(0.813859649122807, 1.0)",1,99.520004846518,28103
"(0.9067629419191918, 1.0)",1,99.51979071138176,28104
"(0.8425595238095238, 1.0)",1,99.51973500748828,28105
"(0.9841269841269842, 1.0)",1,99.5196534008128,28106
"(0.8817204301075269, 1.0)",1,99.51955686903092,28107
"(0.8817204301075269, 1.0)",2,99.51952706791415,28109
"(0.8888888888888888, 1.0)",1,99.51948051948054,28110
"(0.8312992626493769, 1.0)",1,99.51944352579363,28111
"(0.8817204301075269, 1.0)",1,99.5194432336198,28112
"(0.9135802469135802, 1.0)",1,99.51940035273368,28113
"(0.9696969696969696, 1.0)",2,99.51939697729176,28115
"(0.8817204301075269, 1.0)",1,99.5193953156085,28116
"(0.9230769230769232, 1.0)",1,99.51932511932512,28117
"(0.8666666666666667, 1.0)",2,99.51924169859517,28119
"(0.9172932330827066, 1.0)",1,99.5191539087179,28120
"(0.8253968253968256, 1.0)",1,99.51911575440988,28121
"(1.0, 1.0)",1,99.51911575440988,28122
"(1.0, 0.9841269841269842)",1,99.51910408432154,28123
"(0.8518518518518519, 1.0)",1,99.5190618348513,28124
"(0.7460317460317459, 1.0)",1,99.51904761904764,28125
"(0.9445350241545892, 1.0)",1,99.51902075730892,28126
"(0.8857001484413657, 1.0)",1,99.51897197654624,28127
"(0.936026936026936, 1.0)",1,99.51889788150658,28128
"(0.896551724137931, 1.0)",1,99.51886757818528,28129
"(0.8468468468468467, 1.0)",1,99.51882983461932,28130
"(0.9306746031746032, 1.0)",1,99.5188048381137,28131
"(0.8858975827700768, 1.0)",1,99.5187358728966,28132
"(0.9135802469135802, 1.0)",1,99.51869222799888,28133
"(0.9333333333333332, 1.0)",2,99.51862048383788,28135
"(0.7167919799498746, 1.0)",1,99.51860423103749,28136
"(0.808641975308642, 1.0)",1,99.51848685265352,28137
"(0.8163854689162486, 1.0)",1,99.51847891577523,28138
"(0.8833628057765988, 1.0)",1,99.5184481653064,28139
"(0.9333333333333332, 1.0)",1,99.51841491841492,28140
"(0.8551296720061023, 1.0)",1,99.51840247577768,28141
"(0.9106275784016648, 1.0)",1,99.51838934345344,28142
"(0.8518518518518519, 1.0)",1,99.518330300939,28143
"(0.9047619047619048, 1.0)",2,99.51828220089092,28145
"(0.8163854689162486, 1.0)",1,99.5182139153541,28146
"(0.7777777777777776, 1.0)",1,99.51819785153118,28147
"(0.9333333333333332, 1.0)",1,99.51819674578294,28148
"(0.8350168350168351, 1.0)",1,99.51816467908422,28149
"(0.9, 1.0)",1,99.51815635345046,28150
"(0.9047619047619048, 1.0)",1,99.51815545934616,28151
"(0.9840686274509804, 0.996078431372549)",1,99.5181457245314,28152
"(0.8666666666666667, 1.0)",1,99.51813763397097,28153
"(0.9109477124183006, 1.0)",1,99.5180787123529,28154
"(0.896551724137931, 1.0)",1,99.5180429522081,28155
"(0.8112794612794614, 1.0)",1,99.518001190665,28156
"(0.9230769230769232, 1.0)",1,99.517964878259,28157
"(0.9047619047619048, 1.0)",1,99.51791430159552,28158
"(0.5640273704789834, 1.0)",1,99.51785132430294,28159
"(0.8590036231884057, 1.0)",1,99.5178055772827,28160
"(0.9841269841269842, 1.0)",1,99.5176846217414,28161
"(0.8586378737541528, 1.0)",1,99.51765469271282,28162
"(0.9135802469135802, 1.0)",1,99.517644868881,28163
"(0.992156862745098, 0.996078431372549)",1,99.51757625272352,28164
"(1.0, 1.0)",1,99.5175694610977,28165
"(0.9230769230769232, 1.0)",1,99.51756426756428,28166
"(0.9230769230769232, 1.0)",1,99.51751684958516,28167
"(0.992156862745098, 0.996078431372549)",1,99.5175133503696,28168
"(0.808641975308642, 1.0)",1,99.51750504206645,28169
"(1.0, 1.0)",2,99.51748855009726,28171
"(0.8762150855174111, 1.0)",1,99.51748369190632,28172
"(0.9135802469135802, 1.0)",1,99.51748222728617,28173
"(0.9224211423699916, 1.0)",1,99.51747102002857,28174
"(0.9813854489164088, 0.996078431372549)",1,99.51746637877534,28175
"(0.9333333333333332, 1.0)",1,99.51746031746032,28176
"(0.936026936026936, 1.0)",1,99.51744317836273,28177
"(0.9465811965811968, 1.0)",1,99.51740108006123,28178
"(0.8518518518518519, 1.0)",1,99.51738183195984,28179
"(0.8448736477904788, 1.0)",1,99.5173796526019,28180
"(1.0, 1.0)",2,99.51736109047326,28182
"(0.9886710239651416, 0.996078431372549)",1,99.51731952786224,28183
"(0.8498168498168499, 1.0)",1,99.51731893837156,28184
"(0.909209656084656, 1.0)",1,99.51730964492164,28185
"(0.8330439814814815, 1.0)",1,99.51730890967498,28186
"(0.996078431372549, 0.996078431372549)",2,99.5173069445749,28188
"(0.9444444444444444, 1.0)",1,99.51721708243448,28189
"(0.875, 1.0)",1,99.51721425726802,28190
"(0.7167919799498746, 1.0)",6,99.51716122959448,28196
"(0.896551724137931, 1.0)",1,99.51713544149584,28197
"(0.9047619047619048, 1.0)",1,99.5170521436506,28198
"(0.8817204301075269, 1.0)",1,99.51704806543516,28199
"(0.8888888888888888, 1.0)",1,99.51704234462856,28200
"(0.9224211423699916, 1.0)",1,99.51697571060876,28201
"(0.984313725490196, 0.996078431372549)",1,99.51691119137736,28202
"(0.7555555555555554, 1.0)",1,99.5167910993998,28203
"(0.8046935824713601, 1.0)",1,99.5167128132406,28204
"(0.9230769230769232, 1.0)",1,99.51668762688251,28205
"(0.8518954248366013, 1.0)",1,99.51668653515912,28206
"(0.958531746031746, 1.0)",1,99.51667925734984,28207
"(0.9047619047619048, 1.0)",1,99.51665098186837,28208
"(0.8952020202020202, 1.0)",1,99.51662742607186,28209
"(0.8046935824713601, 1.0)",1,99.51662592338626,28210
"(0.9224211423699916, 1.0)",1,99.51661622603876,28211
"(0.8109668109668109, 1.0)",1,99.51661054994388,28212
"(0.9444444444444444, 1.0)",1,99.51654065487016,28213
"(0.9230769230769232, 1.0)",1,99.51650342411212,28214
"(0.9879901960784314, 0.996078431372549)",1,99.5164635854344,28215
"(0.808641975308642, 1.0)",1,99.51645485768292,28216
"(0.9755757858699036, 0.996078431372549)",2,99.5163986764298,28218
"(0.8859337035751476, 1.0)",1,99.51637663452046,28219
"(0.9142520753512132, 1.0)",2,99.51636414431673,28221
"(0.9794117647058824, 0.996078431372549)",1,99.51636247837575,28222
"(0.9841269841269842, 1.0)",2,99.51630974389596,28224
"(0.9802054154995332, 0.996078431372549)",1,99.51621839267132,28225
"(0.8368686868686868, 1.0)",1,99.51619921014658,28226
"(0.896551724137931, 1.0)",1,99.51619257711212,28227
"(0.8078308130291714, 1.0)",2,99.51619248376768,28229
"(1.0, 1.0)",1,99.51618671183888,28230
"(1.0, 1.0)",1,99.51617933723196,28231
"(0.8055555555555555, 1.0)",1,99.5161532840561,28232
"(0.8977777777777779, 1.0)",1,99.51611992945328,28233
"(0.7162037037037038, 1.0)",1,99.51599658869397,28234
"(0.7081939799331105, 1.0)",1,99.51591638971482,28235
"(1.0, 1.0)",1,99.515873015873,28236
"(0.9333333333333332, 1.0)",1,99.51586191586192,28237
"(0.9444444444444444, 1.0)",1,99.5157133794815,28238
"(0.7544006919006919, 1.0)",1,99.51571127174212,28239
"(0.9841269841269842, 1.0)",1,99.51570112893644,28240
"(0.9067629419191918, 1.0)",1,99.51568991001282,28241
"(0.8817204301075269, 1.0)",2,99.5156458916192,28243
"(0.8163854689162486, 1.0)",1,99.51559832956684,28244
"(0.8270202020202021, 1.0)",1,99.51551226551226,28245
"(0.9565217391304348, 1.0)",1,99.51548129809,28246
"(0.896551724137931, 1.0)",2,99.5154710763906,28248
"(0.984504357298475, 0.996078431372549)",1,99.51546341343575,28249
"(0.9444444444444444, 1.0)",1,99.51543209876544,28250
"(0.958531746031746, 1.0)",1,99.51542108762698,28251
"(0.8571428571428572, 1.0)",1,99.51532404793276,28252
"(0.8870701058201058, 1.0)",1,99.51531062044953,28253
"(0.875, 1.0)",1,99.5152385928248,28254
"(1.0, 1.0)",1,99.51518435728964,28255
"(0.9023809523809524, 1.0)",1,99.51518010291596,28256
"(0.8339307048984469, 1.0)",1,99.51514380205356,28257
"(0.9886710239651416, 1.0)",1,99.51512441233818,28258
"(0.7555555555555554, 1.0)",3,99.5151075977163,28261
"(0.9172932330827066, 1.0)",1,99.51508400631208,28262
"(0.9047619047619048, 1.0)",1,99.51507484714315,28263
"(0.8518518518518519, 1.0)",1,99.51505531505532,28264
"(0.8833628057765988, 1.0)",1,99.51502103687928,28265
"(0.936026936026936, 1.0)",1,99.51501355638804,28266
"(0.7167919799498746, 1.0)",1,99.5148689030268,28267
"(0.9333333333333332, 1.0)",1,99.51486291486292,28268
"(0.8750600325600326, 1.0)",2,99.51477411477411,28270
"(0.8270202020202021, 1.0)",1,99.5147065897066,28271
"(0.8109668109668109, 1.0)",1,99.51467051467051,28272
"(0.8888888888888888, 1.0)",1,99.51455026455028,28273
"(0.740829346092504, 1.0)",1,99.51454208321988,28274
"(0.9, 1.0)",2,99.5144907723855,28276
"(0.9047619047619048, 1.0)",2,99.51444545934316,28278
"(0.9696969696969696, 1.0)",1,99.51441891441893,28279
"(0.7141994478951, 1.0)",1,99.51440021331324,28280
"(0.8970659722222223, 1.0)",1,99.5143874686768,28281
"(0.922050500014663, 1.0)",1,99.51437381305028,28282
"(0.8817204301075269, 1.0)",1,99.51431926126033,28283
"(0.8, 1.0)",1,99.5142857142857,28284
"(0.7555555555555554, 1.0)",2,99.5142857142857,28286
"(0.896551724137931, 1.0)",1,99.51422064941556,28287
"(0.9135802469135802, 1.0)",1,99.51414634747968,28288
"(0.7349551414768807, 1.0)",1,99.51414616252274,28289
"(0.984313725490196, 0.996078431372549)",1,99.51410675381284,28290
"(0.9172932330827066, 1.0)",1,99.5140636124618,28291
"(0.8376068376068376, 1.0)",1,99.51404151404152,28292
"(0.7167919799498746, 1.0)",3,99.5138761218616,28295
"(0.9135802469135802, 1.0)",1,99.5138356747552,28296
"(0.875, 1.0)",1,99.51377282138152,28297
"(0.9882352941176472, 0.996078431372549)",1,99.51377197077686,28298
"(0.6156045751633987, 1.0)",1,99.5136799719888,28299
"(0.8888888888888888, 1.0)",1,99.51366378606868,28300
"(0.8551296720061023, 1.0)",1,99.51364073270466,28301
"(0.8487103174603176, 1.0)",1,99.5135760002288,28302
"(0.904126984126984, 1.0)",1,99.51356831977644,28303
"(0.9879901960784314, 0.996078431372549)",1,99.5135675381266,28304
"(0.8771929824561403, 1.0)",1,99.51355836607256,28305
"(0.9696969696969696, 1.0)",1,99.51352029612904,28306
"(0.8319664902998236, 1.0)",1,99.5134948303808,28307
"(0.8888888888888888, 1.0)",1,99.5134806713754,28308
"(0.875, 1.0)",1,99.51341479933434,28309
"(0.896551724137931, 1.0)",1,99.51339969098588,28310
"(0.8904991948470209, 1.0)",1,99.51339433182144,28311
"(0.9047619047619048, 1.0)",1,99.51338555066316,28312
"(0.8518518518518519, 1.0)",1,99.5133009290904,28313
"(0.8013468013468013, 1.0)",1,99.51329824859236,28314
"(0.8731060606060606, 1.0)",1,99.5132141932142,28315
"(0.8571428571428572, 1.0)",1,99.51321092700402,28316
"(0.875, 1.0)",1,99.51320346320348,28317
"(0.8817204301075269, 1.0)",1,99.51319403102086,28318
"(0.9465811965811968, 1.0)",1,99.51317589194868,28319
"(0.8888888888888888, 1.0)",1,99.5130735930736,28320
"(0.875, 1.0)",4,99.51303448013974,28324
"(0.8518518518518519, 1.0)",1,99.51298954456848,28325
"(0.9465811965811968, 1.0)",1,99.51296601248214,28326
"(0.8129629629629629, 1.0)",2,99.51294351073764,28328
"(0.7708333333333334, 1.0)",1,99.51290146662951,28329
"(0.7167919799498746, 1.0)",1,99.51288477604268,28330
"(0.8125, 1.0)",1,99.51284024103468,28331
"(0.8897707231040564, 1.0)",1,99.51282836721433,28332
"(0.9696969696969696, 1.0)",1,99.51281970847188,28333
"(0.8013468013468013, 1.0)",2,99.51278351278351,28335
"(0.896551724137931, 1.0)",1,99.51275034033657,28336
"(0.8502976190476191, 1.0)",1,99.5127285036888,28337
"(0.936026936026936, 1.0)",1,99.51269120319463,28338
"(0.7765567765567766, 1.0)",2,99.51266788766787,28340
"(0.9047619047619048, 1.0)",1,99.51263551263553,28341
"(0.9230769230769232, 1.0)",1,99.5126282025259,28342
"(0.8857001484413657, 1.0)",1,99.51262694614036,28343
"(0.8109668109668109, 1.0)",1,99.51257879547352,28344
"(0.9333333333333332, 1.0)",1,99.51255411255414,28345
"(0.9224211423699916, 1.0)",1,99.51247962190214,28346
"(0.875, 1.0)",1,99.51247412008284,28347
"(0.8527777777777779, 1.0)",1,99.5124741200828,28348
"(0.833064949006978, 1.0)",1,99.51237302968806,28349
"(0.9740143369175628, 1.0)",1,99.51223625388948,28350
"(0.9855521155830752, 0.996078431372549)",1,99.51222905489143,28351
"(0.9435693249631868, 0.996078431372549)",1,99.51210962997432,28352
"(0.8518518518518519, 1.0)",1,99.51210751210752,28353
"(0.9841269841269842, 1.0)",1,99.512077294686,28354
"(0.8791208791208792, 1.0)",1,99.511998527788,28355
"(0.8888888888888888, 1.0)",1,99.51195144724556,28356
"(0.9444444444444444, 1.0)",1,99.51188907710647,28357
"(0.8468468468468467, 1.0)",3,99.51185330465692,28360
"(0.9842592592592592, 0.996078431372549)",1,99.51185044459062,28361
"(0.9202401372212692, 1.0)",1,99.5118289460803,28362
"(1.0, 0.996078431372549)",1,99.51182662538724,28363
"(0.9230769230769232, 1.0)",1,99.51182151182152,28364
"(0.9104993386243384, 1.0)",1,99.51178397195198,28365
"(0.9592592592592591, 1.0)",1,99.51178252963967,28366
"(0.9841269841269842, 1.0)",1,99.51173826173826,28367
"(0.9881481481481482, 0.996078431372549)",1,99.511581527348,28368
"(0.9172932330827066, 1.0)",2,99.51146400483972,28370
"(0.8817204301075269, 1.0)",1,99.51146374101026,28371
"(0.740829346092504, 1.0)",1,99.51143866508892,28372
"(0.875, 1.0)",1,99.51136363636364,28373
"(0.9023569023569024, 1.0)",1,99.51136363636364,28374
"(0.8888888888888888, 1.0)",4,99.5113446939534,28378
"(0.8740392648287385, 1.0)",1,99.5112734195629,28379
"(0.8686868686868687, 1.0)",1,99.51127033885656,28380
"(0.9740143369175628, 1.0)",2,99.51126396053311,28382
"(0.9047619047619048, 1.0)",1,99.51122752716957,28383
"(0.8448736477904788, 1.0)",1,99.51119698249278,28384
"(0.8264567669172932, 1.0)",1,99.51114527335852,28385
"(0.9264176245210728, 1.0)",1,99.51112233740544,28386
"(0.8309016086793863, 1.0)",1,99.51111558652924,28387
"(0.8731060606060606, 1.0)",2,99.51107908798126,28389
"(0.8498168498168498, 1.0)",1,99.511060403864,28390
"(0.8888888888888888, 1.0)",1,99.51102795092564,28391
"(0.8055555555555555, 1.0)",1,99.51100605047974,28392
"(0.8502976190476191, 1.0)",1,99.5109244971476,28393
"(0.9881481481481482, 0.996078431372549)",1,99.51090069946127,28394
"(0.7982954545454546, 1.0)",1,99.51084956709956,28395
"(0.8970659722222223, 1.0)",1,99.51080787324236,28396
"(0.8857001484413657, 1.0)",1,99.5107948515668,28397
"(0.8970659722222223, 1.0)",1,99.51067735633208,28398
"(0.896551724137931, 1.0)",1,99.51060112079604,28399
"(0.9696969696969696, 1.0)",2,99.5105861931949,28401
"(0.8803174603174604, 1.0)",1,99.5105695611578,28402
"(1.0, 1.0)",1,99.51053884387218,28403
"(0.8468468468468467, 1.0)",1,99.51051253463534,28404
"(0.9213117283950616, 1.0)",2,99.51049040178012,28406
"(0.8415692007797271, 1.0)",2,99.51047110383486,28408
"(0.8888888888888888, 1.0)",1,99.51042117302988,28409
"(0.8415692007797271, 1.0)",2,99.510402272763,28411
"(0.7167919799498746, 1.0)",2,99.51035215032164,28413
"(0.683375104427736, 1.0)",2,99.51021493126756,28415
"(0.984313725490196, 0.996078431372549)",1,99.51020553835592,28416
"(0.9841269841269842, 1.0)",1,99.51015485065828,28417
"(1.0, 1.0)",1,99.5101073912668,28418
"(0.9444444444444444, 1.0)",2,99.51010483769105,28420
"(0.9841269841269842, 1.0)",1,99.51009484342818,28421
"(0.8468468468468467, 1.0)",1,99.5100503100503,28422
"(0.9135802469135802, 1.0)",1,99.51004200245464,28423
"(0.7400546757164405, 1.0)",1,99.51000888817066,28424
"(0.9230769230769232, 1.0)",1,99.51000114226736,28425
"(0.7975164658278694, 1.0)",1,99.50999662455804,28426
"(0.896551724137931, 1.0)",1,99.5099876709072,28427
"(0.9841269841269842, 1.0)",1,99.50992797135854,28428
"(0.9879901960784314, 0.996078431372549)",1,99.50979715628964,28429
"(0.8873002904865649, 1.0)",1,99.5097750901791,28430
"(0.8253968253968256, 1.0)",1,99.50974025974024,28431
"(0.9882352941176472, 0.996078431372549)",1,99.50973901256434,28432
"(0.957490630284748, 0.996078431372549)",2,99.50972419622587,28434
"(0.9202401372212692, 1.0)",1,99.50968103102728,28435
"(0.9302579365079364, 1.0)",1,99.50959526584526,28436
"(0.8067271451483561, 1.0)",1,99.509539510727,28437
"(0.8888888888888888, 1.0)",1,99.509514292123,28438
"(0.8330439814814815, 1.0)",1,99.50950182918932,28439
"(0.8833628057765988, 1.0)",1,99.50948053064432,28440
"(0.9565217391304348, 1.0)",1,99.5093981737273,28441
"(0.9696969696969696, 1.0)",1,99.50937950937951,28442
"(0.9206349206349206, 1.0)",1,99.5093795093795,28443
"(0.7982954545454546, 1.0)",1,99.50927429052427,28444
"(0.6923437673437673, 1.0)",1,99.50923721491012,28445
"(0.8822954822954823, 1.0)",1,99.50919526493996,28446
"(0.8063492063492064, 1.0)",2,99.50918803418804,28448
"(0.8468468468468467, 1.0)",1,99.50918450918452,28449
"(0.8468468468468467, 1.0)",1,99.50917044695156,28450
"(0.8053221288515406, 1.0)",1,99.50906283259224,28451
"(0.8858975827700768, 1.0)",1,99.50905800632104,28452
"(0.7544006919006919, 1.0)",1,99.50903113498704,28453
"(0.8551296720061023, 1.0)",1,99.50898722122542,28454
"(0.7162037037037038, 1.0)",1,99.50887345679013,28455
"(0.8883205456095482, 1.0)",1,99.5088111661002,28456
"(1.0, 1.0)",1,99.50879120879124,28457
"(0.8551296720061023, 1.0)",1,99.50870846249666,28458
"(0.8112794612794614, 1.0)",1,99.508661014911,28459
"(0.8833628057765988, 1.0)",1,99.50864716136668,28460
"(0.8521317829457364, 1.0)",1,99.50859438311988,28461
"(0.8832772166105499, 1.0)",1,99.50848582442784,28462
"(0.8873002904865649, 1.0)",1,99.50845436940207,28463
"(0.8817204301075269, 1.0)",1,99.50842862099228,28464
"(0.9882352941176472, 0.996078431372549)",1,99.50840183623384,28465
"(0.8375771604938271, 1.0)",1,99.50837844254512,28466
"(0.9135802469135802, 1.0)",1,99.5083347733996,28467
"(0.9065438871473354, 1.0)",1,99.50832977101656,28468
"(0.7869981325863679, 1.0)",1,99.50831148226273,28469
"(0.896551724137931, 1.0)",1,99.50828596396988,28470
"(0.7544006919006919, 1.0)",1,99.50828296703295,28471
"(0.8253968253968256, 1.0)",1,99.5082225082225,28472
"(0.875, 1.0)",1,99.50820013320012,28473
"(0.740829346092504, 1.0)",2,99.50819204874932,28475
"(0.8686868686868687, 1.0)",1,99.50805042910306,28476
"(0.7460317460317459, 1.0)",1,99.50793650793652,28477
"(0.8550741594067247, 1.0)",1,99.50791891333526,28478
"(0.984967320261438, 0.996078431372549)",1,99.50770541549976,28479
"(0.9230769230769232, 1.0)",1,99.5076571978746,28480
"(0.8666666666666667, 1.0)",1,99.50757820965656,28481
"(0.8817204301075269, 1.0)",1,99.50750205588916,28482
"(0.8402777777777779, 1.0)",1,99.50747607655502,28483
"(0.8468468468468467, 1.0)",1,99.50742057263795,28484
"(0.875, 1.0)",1,99.50733842181212,28485
"(0.8977777777777779, 1.0)",1,99.50732981993852,28486
"(0.883580779054917, 1.0)",2,99.50730626298706,28488
"(0.8888888888888888, 1.0)",1,99.50728779018252,28489
"(0.8383129000541765, 1.0)",1,99.5072856498443,28490
"(0.9306746031746032, 1.0)",1,99.5072723655932,28491
"(0.8803174603174604, 1.0)",2,99.50724747474749,28493
"(1.0, 0.996078431372549)",1,99.50720026373136,28494
"(0.896551724137931, 1.0)",1,99.50718436634952,28495
"(0.9840686274509804, 0.996078431372549)",1,99.50718367889444,28496
"(0.9109477124183006, 1.0)",1,99.50715199123128,28497
"(0.8888888888888888, 1.0)",2,99.50709476730142,28499
"(0.909722222222222, 1.0)",1,99.5070600301312,28500
"(0.8952020202020202, 1.0)",1,99.50705237862496,28501
"(0.9565217391304348, 1.0)",1,99.50702357224095,28502
"(0.8487103174603176, 1.0)",1,99.50699647574648,28503
"(0.922050500014663, 1.0)",1,99.50697640214456,28504
"(0.9023569023569024, 1.0)",1,99.5069745069745,28505
"(0.896551724137931, 1.0)",1,99.50694133452754,28506
"(0.8771929824561403, 1.0)",2,99.50693379439524,28508
"(0.8888888888888888, 1.0)",1,99.50689528336588,28509
"(0.8439484126984128, 1.0)",1,99.50688509021842,28510
"(0.8163854689162486, 1.0)",1,99.50688255950404,28511
"(0.7840187590187591, 1.0)",1,99.50676131995576,28512
"(0.9192180611357128, 1.0)",1,99.50667691956016,28513
"(0.7081939799331105, 1.0)",1,99.50667212216126,28514
"(0.8571428571428572, 1.0)",1,99.50663925446534,28515
"(0.7200000000000001, 1.0)",2,99.50659611992944,28517
"(0.9224211423699916, 1.0)",1,99.5065801931957,28518
"(0.875, 1.0)",1,99.50657686658326,28519
"(0.9364583333333332, 1.0)",1,99.50650913618998,28520
"(0.8939664986176614, 1.0)",1,99.50643753658852,28521
"(0.8170426065162907, 1.0)",1,99.50640927849166,28522
"(0.9886710239651416, 0.996078431372549)",1,99.50637291380136,28523
"(0.8833628057765988, 1.0)",1,99.5063526433144,28524
"(0.8729166666666666, 1.0)",1,99.50624320318474,28525
"(0.960639768728004, 1.0)",1,99.50619933758492,28526
"(0.8163854689162486, 1.0)",1,99.5061456758168,28527
"(0.9886710239651416, 0.996078431372549)",1,99.50614337388352,28528
"(0.8859337035751476, 1.0)",1,99.50613905023484,28529
"(0.9213117283950616, 1.0)",1,99.50612554782845,28530
"(0.9882352941176472, 0.996078431372549)",1,99.50608744082452,28531
"(0.9465811965811968, 1.0)",1,99.50605835957008,28532
"(0.865079365079365, 1.0)",1,99.50601503759398,28533
"(0.9194577352472088, 1.0)",1,99.5059897217792,28534
"(0.7765567765567766, 1.0)",1,99.50591936798833,28535
"(0.8686868686868687, 1.0)",1,99.50588592693856,28536
"(0.8803174603174604, 1.0)",1,99.50587461920796,28537
"(0.9565217391304348, 1.0)",1,99.50584868552868,28538
"(0.9171090534979424, 1.0)",1,99.50581859920376,28539
"(0.8833628057765988, 1.0)",1,99.50581052861908,28540
"(0.9135802469135802, 1.0)",1,99.50573838745882,28541
"(0.7538126361655774, 1.0)",1,99.50573079473337,28542
"(0.8900759734093067, 1.0)",1,99.50571074180942,28543
"(0.8448736477904788, 1.0)",1,99.50568233144664,28544
"(0.8498168498168499, 1.0)",1,99.50566539613192,28545
"(0.9364583333333332, 1.0)",1,99.50565701538233,28546
"(0.89, 1.0)",1,99.50563079711549,28547
"(1.0, 1.0)",1,99.505577005577,28548
"(0.8527777777777779, 1.0)",1,99.5055477131564,28549
"(0.9047619047619048, 1.0)",1,99.50545441564933,28550
"(0.9879901960784314, 0.996078431372549)",1,99.50537970743876,28551
"(0.9230769230769232, 1.0)",1,99.50531277914956,28552
"(0.8616898148148148, 1.0)",1,99.50525025982616,28553
"(0.9135802469135802, 1.0)",1,99.50524848206008,28554
"(0.992156862745098, 0.996078431372549)",1,99.50523522114877,28555
"(0.9696969696969696, 1.0)",1,99.50523364813644,28556
"(0.8616898148148148, 1.0)",1,99.505232771261,28557
"(0.9142520753512132, 1.0)",1,99.50520666088912,28558
"(0.875, 1.0)",1,99.50516136115716,28559
"(0.9465811965811968, 1.0)",1,99.50515043140044,28560
"(0.8831064306064307, 1.0)",1,99.50513482927596,28561
"(0.9674603174603176, 1.0)",1,99.50513170665953,28562
"(0.9135802469135802, 1.0)",1,99.50507701179744,28563
"(0.8888888888888888, 1.0)",1,99.50505050505048,28564
"(0.976661220043573, 0.996078431372549)",1,99.5049637125962,28565
"(0.8109668109668109, 1.0)",1,99.50492392597656,28566
"(0.7555555555555554, 1.0)",1,99.50492113250736,28567
"(0.8586378737541528, 1.0)",1,99.5048665858903,28568
"(0.9444444444444444, 1.0)",1,99.50486228747098,28569
"(0.9696969696969696, 1.0)",1,99.50481933525413,28570
"(0.7705882352941177, 1.0)",1,99.50478363759296,28571
"(0.808641975308642, 1.0)",1,99.50477870030784,28572
"(0.8883205456095482, 1.0)",1,99.50475966204866,28573
"(0.8817204301075269, 1.0)",2,99.50466003316572,28575
"(0.9507101086048454, 0.9841269841269842)",4,99.50459482038436,28579
"(0.9047619047619048, 1.0)",1,99.50457513500992,28580
"(0.7869981325863679, 1.0)",1,99.50454966416228,28581
"(0.896551724137931, 1.0)",1,99.50440658857174,28582
"(0.9841269841269842, 1.0)",1,99.50437930293003,28583
"(0.9763834422657952, 0.996078431372549)",1,99.50436175480316,28584
"(0.8468468468468467, 1.0)",1,99.50434243767576,28585
"(0.9243650793650792, 1.0)",1,99.5043086080586,28586
"(0.8520449077786689, 1.0)",1,99.50430433365116,28587
"(0.909209656084656, 1.0)",1,99.50429736078,28588
"(0.9740143369175628, 1.0)",1,99.50429490405158,28589
"(0.9264176245210728, 1.0)",1,99.50428799489144,28590
"(0.773034398034398, 1.0)",1,99.5042843980344,28591
"(0.8271652864044169, 1.0)",1,99.50425031182463,28592
"(0.9483440170940168, 1.0)",1,99.50421046546046,28593
"(1.0, 1.0)",1,99.50419517758228,28594
"(0.8586378737541528, 1.0)",1,99.50404884859708,28595
"(0.922050500014663, 1.0)",1,99.50402324689708,28596
"(0.8465418823841762, 1.0)",1,99.50401935358448,28597
"(0.8864468864468864, 1.0)",1,99.50400831076118,28598
"(0.9841269841269842, 1.0)",1,99.5039964866052,28599
"(0.9194577352472088, 1.0)",1,99.503988629973,28600
"(0.8977777777777779, 1.0)",1,99.50398268398268,28601
"(0.9925925925925926, 0.996078431372549)",1,99.5039773763914,28602
"(0.9047619047619048, 1.0)",1,99.50397206658076,28603
"(0.9224211423699916, 1.0)",1,99.5039428672674,28604
"(0.8888888888888888, 1.0)",1,99.50392648287384,28605
"(0.8571428571428572, 1.0)",1,99.50389016018306,28606
"(0.9230769230769232, 1.0)",1,99.5038622196517,28607
"(0.9696969696969696, 1.0)",1,99.50385262885264,28608
"(0.875, 1.0)",1,99.50382395382395,28609
"(0.8900759734093067, 1.0)",1,99.5037647614731,28610
"(0.8013468013468013, 1.0)",1,99.50372775372776,28611
"(0.9879901960784314, 0.996078431372549)",1,99.50368392386218,28612
"(0.8281653746770027, 1.0)",1,99.50364059846576,28613
"(1.0, 0.996078431372549)",1,99.5036171310632,28614
"(0.9230769230769232, 1.0)",1,99.50361133119752,28615
"(1.0, 1.0)",1,99.50354028687362,28616
"(0.947088068181818, 1.0)",1,99.50351280373502,28617
"(0.9465811965811968, 1.0)",1,99.50350646888953,28618
"(0.996078431372549, 0.996078431372549)",1,99.50349775582757,28619
"(0.976661220043573, 0.996078431372549)",1,99.50348022446413,28620
"(0.9047619047619048, 1.0)",1,99.503441003441,28621
"(0.9894736842105264, 0.996078431372549)",1,99.503408152735,28622
"(0.9523809523809524, 1.0)",2,99.50339605734769,28624
"(0.8309016086793863, 1.0)",1,99.50337989685212,28625
"(0.992156862745098, 0.996078431372549)",1,99.50337435984518,28626
"(0.9841269841269842, 1.0)",1,99.50333383092004,28627
"(0.9738562091503268, 0.996078431372549)",1,99.5033119973138,28628
"(0.8253968253968256, 1.0)",2,99.50329537612146,28630
"(0.8253968253968256, 1.0)",1,99.50328423661756,28631
"(0.9243650793650792, 1.0)",1,99.50327926869672,28632
"(0.9364583333333332, 1.0)",1,99.5032581340617,28633
"(0.8817204301075269, 1.0)",1,99.50323634109712,28634
"(0.9841269841269842, 1.0)",2,99.50322049172624,28636
"(0.7496650452295612, 1.0)",1,99.5031443899589,28637
"(0.996078431372549, 0.996078431372549)",1,99.50310703228683,28638
"(0.909209656084656, 1.0)",1,99.50310143747645,28639
"(0.9135802469135802, 1.0)",1,99.50309288481331,28640
"(0.9264176245210728, 1.0)",1,99.50309236664522,28641
"(0.8857001484413657, 1.0)",1,99.50305694443992,28642
"(0.7973856209150327, 1.0)",1,99.50301332654274,28643
"(0.8498168498168498, 1.0)",1,99.50299995227532,28644
"(0.9674603174603176, 1.0)",1,99.50297308055929,28645
"(0.9230769230769232, 1.0)",1,99.50280309121771,28646
"(0.8468468468468467, 1.0)",2,99.50274746796488,28648
"(0.996078431372549, 0.996078431372549)",1,99.50274509803944,28649
"(0.7777777777777776, 1.0)",1,99.50273860268746,28650
"(0.7167919799498746, 1.0)",1,99.50273121516447,28651
"(0.8586378737541528, 1.0)",1,99.50272490261058,28652
"(0.9047619047619048, 1.0)",1,99.50270470898654,28653
"(0.992156862745098, 0.996078431372549)",1,99.5026985355548,28654
"(0.9841269841269842, 1.0)",1,99.50266311860514,28655
"(0.992156862745098, 0.996078431372549)",1,99.5026083926396,28656
"(0.9696969696969696, 1.0)",1,99.5025174101261,28657
"(0.9696969696969696, 1.0)",1,99.50249705088414,28658
"(0.9444444444444444, 1.0)",2,99.50248516915184,28660
"(0.9445350241545892, 1.0)",1,99.50243099620864,28661
"(0.8266666666666667, 1.0)",1,99.50242424242424,28662
"(0.9523809523809524, 1.0)",1,99.50236334518942,28663
"(0.8888888888888888, 1.0)",1,99.50235810700929,28664
"(0.7708333333333334, 1.0)",1,99.5022435897436,28665
"(0.8740392648287385, 1.0)",1,99.5022349117744,28666
"(0.8686868686868687, 1.0)",1,99.50222096743836,28667
"(0.833064949006978, 1.0)",1,99.50210460500315,28668
"(0.8253968253968256, 1.0)",1,99.50209950494308,28669
"(0.9047619047619048, 1.0)",2,99.5020412857225,28671
"(0.8271652864044169, 1.0)",1,99.50202858562116,28672
"(0.896551724137931, 1.0)",1,99.5020080527064,28673
"(0.9879901960784314, 0.996078431372549)",1,99.50195401903476,28674
"(0.8551296720061023, 1.0)",1,99.50193673031518,28675
"(0.9333333333333332, 1.0)",1,99.50191941066504,28676
"(0.8686868686868687, 1.0)",1,99.50190014290165,28677
"(1.0, 1.0)",1,99.50188560653676,28678
"(0.9213117283950616, 1.0)",1,99.50182922016256,28679
"(0.9842592592592592, 0.996078431372549)",1,99.50181719896912,28680
"(0.8170426065162907, 1.0)",1,99.50175286701602,28681
"(0.896551724137931, 1.0)",1,99.50174652933272,28682
"(0.8952020202020202, 1.0)",1,99.50166518666518,28683
"(0.8109668109668109, 1.0)",1,99.50164130865886,28684
"(0.9333333333333332, 1.0)",1,99.5015873015873,28685
"(0.9507101086048454, 1.0)",1,99.50157851302016,28686
"(0.992156862745098, 0.996078431372549)",1,99.50149384155598,28687
"(0.9841269841269842, 1.0)",1,99.50146491326664,28688
"(0.9047619047619048, 1.0)",1,99.50146001073536,28689
"(0.8271652864044169, 1.0)",1,99.5014356251192,28690
"(0.8309016086793863, 1.0)",1,99.5014287050398,28691
"(0.9894736842105264, 0.996078431372549)",1,99.50140178878593,28692
"(0.8888888888888888, 1.0)",1,99.5013853880009,28693
"(1.0, 1.0)",1,99.50137779237863,28694
"(0.865079365079365, 1.0)",1,99.50137056554712,28695
"(0.8270202020202021, 1.0)",1,99.50135950295795,28696
"(0.8627450980392157, 1.0)",1,99.50131121028954,28697
"(0.8477297895902548, 1.0)",1,99.50127959708593,28698
"(0.8264567669172932, 1.0)",1,99.50123851294904,28699
"(0.7975164658278694, 1.0)",1,99.50114389798352,28700
"(0.9023569023569024, 1.0)",1,99.50113499236306,28701
"(0.8078308130291714, 1.0)",1,99.50105003185836,28702
"(0.7869981325863679, 1.0)",1,99.50095992121332,28703
"(0.8893558268973552, 1.0)",1,99.50094857122124,28704
"(0.8271652864044169, 1.0)",1,99.50089207332564,28705
"(0.996078431372549, 0.996078431372549)",1,99.50085569315468,28706
"(0.8729166666666666, 1.0)",1,99.50081024262477,28707
"(0.740829346092504, 1.0)",1,99.50071390597708,28708
"(0.7502088554720134, 1.0)",1,99.5006161542664,28709
"(0.9345012626262624, 1.0)",1,99.50061545374044,28710
"(0.9047619047619048, 1.0)",1,99.50057510927076,28711
"(0.8330439814814815, 1.0)",1,99.50056339605734,28712
"(0.919047619047619, 1.0)",1,99.50054682159944,28713
"(0.8498168498168499, 1.0)",1,99.50052031302032,28714
"(0.9194577352472088, 1.0)",1,99.50050787419208,28715
"(0.896551724137931, 1.0)",1,99.50049437646769,28716
"(0.9879901960784314, 0.996078431372549)",1,99.50037049322675,28717
"(0.8448736477904788, 1.0)",1,99.5003234035254,28718
"(0.8518518518518519, 1.0)",1,99.50025315814791,28719
"(0.9104993386243384, 1.0)",2,99.5002414021164,28721
"(0.8831018518518517, 1.0)",1,99.50019962726483,28722
"(0.8387082903336773, 1.0)",1,99.50003705046204,28723
"(0.9380032206119162, 1.0)",1,99.50002439857512,28724
"(1.0, 1.0)",28,99.5,28752
"(0.5, 1.0)",1,99.5,28753
"(0.9230769230769232, 1.0)",1,99.49998889998888,28754
"(0.9674603174603176, 1.0)",2,99.4999818569994,28756
"(0.8312992626493769, 1.0)",1,99.49997948107104,28757
"(0.992156862745098, 0.996078431372549)",1,99.4999659685202,28758
"(0.9248366013071896, 1.0)",1,99.49986483394412,28759
"(0.8498168498168498, 1.0)",1,99.49982598390528,28760
"(0.8550741594067247, 1.0)",2,99.4997754110624,28762
"(0.9665319865319866, 0.996078431372549)",1,99.49959180466236,28763
"(0.909209656084656, 1.0)",1,99.499588562158,28764
"(0.8148749398749398, 1.0)",1,99.4994891861424,28765
"(0.8448736477904788, 1.0)",1,99.49948172416536,28766
"(0.984313725490196, 0.996078431372549)",1,99.49947615994851,28767
"(0.9731377053745476, 0.996078431372549)",1,99.49942712172611,28768
"(0.8763636363636363, 1.0)",1,99.4994237753658,28769
"(0.9766612200435728, 0.996078431372549)",1,99.4993974314874,28770
"(0.9738562091503268, 0.996078431372549)",1,99.49939042868634,28771
"(0.9027274557165862, 1.0)",1,99.49938051847738,28772
"(0.896551724137931, 1.0)",1,99.4993287201038,28773
"(0.8970659722222223, 1.0)",2,99.49930738471085,28775
"(0.896551724137931, 1.0)",1,99.49927064264632,28776
"(0.8547544409613373, 1.0)",1,99.49926199608102,28777
"(0.896551724137931, 1.0)",1,99.4992503748126,28778
"(0.9302579365079364, 1.0)",1,99.49921971476763,28779
"(0.9047619047619048, 1.0)",1,99.49920183127014,28780
"(0.9465811965811968, 1.0)",1,99.49900283885496,28781
"(0.9766612200435728, 0.996078431372549)",1,99.49896170163991,28782
"(0.9589484126984128, 1.0)",1,99.49893968421746,28783
"(0.9067629419191918, 1.0)",1,99.49887757745788,28784
"(0.9630228758169934, 0.996078431372549)",1,99.49886022245164,28785
"(0.9444444444444444, 1.0)",1,99.49880021213356,28786
"(0.9224211423699916, 1.0)",1,99.49877275922503,28787
"(0.7765567765567766, 1.0)",1,99.49875339714048,28788
"(0.9047619047619048, 1.0)",1,99.4986568986569,28789
"(1.0, 0.996078431372549)",1,99.49865395052008,28790
"(0.984313725490196, 0.996078431372549)",1,99.49862490450748,28791
"(0.9023569023569024, 1.0)",1,99.49860118954548,28792
"(0.8831064306064307, 1.0)",1,99.49860026669236,28793
"(0.8518518518518519, 1.0)",1,99.498593998594,28794
"(0.9135802469135802, 1.0)",1,99.49853695687028,28795
"(0.9135802469135802, 1.0)",2,99.49851383184716,28797
"(0.9047619047619048, 1.0)",1,99.49841532941112,28798
"(0.9230769230769232, 1.0)",1,99.4983769617916,28799
"(0.7141994478951, 1.0)",1,99.49832643202208,28800
"(0.9731092436974792, 0.996078431372549)",1,99.49825830917186,28801
"(0.8883205456095482, 1.0)",1,99.49821360477796,28802
"(0.8129629629629629, 1.0)",1,99.4981812169312,28803
"(0.9444444444444444, 1.0)",1,99.4981746031746,28804
"(0.7869981325863679, 1.0)",1,99.49816787775308,28805
"(0.977218782249742, 0.996078431372549)",1,99.49814716529907,28806
"(0.8309016086793863, 1.0)",1,99.49814057341835,28807
"(0.9230769230769232, 1.0)",1,99.49800399119285,28808
"(0.8067271451483561, 1.0)",1,99.49799760165138,28809
"(0.8833628057765988, 1.0)",1,99.49796429225307,28810
"(0.8373015873015873, 1.0)",2,99.49790530247186,28812
"(0.8129629629629629, 1.0)",1,99.49785524295476,28813
"(0.7782392026578072, 1.0)",1,99.49780075446787,28814
"(1.0, 0.996078431372549)",1,99.49779718086089,28815
"(0.9333333333333332, 1.0)",1,99.49776369631442,28816
"(0.7167919799498746, 1.0)",1,99.49774436090226,28817
"(0.8791208791208792, 1.0)",1,99.49764075083768,28818
"(0.8487103174603176, 1.0)",1,99.49760260164672,28819
"(0.821964821964822, 1.0)",1,99.49759012259013,28820
"(0.9047619047619048, 1.0)",1,99.49750298011168,28821
"(0.8518518518518519, 1.0)",1,99.49746324528934,28822
"(0.8627450980392157, 1.0)",1,99.49737713267125,28823
"(0.8275809031622985, 1.0)",1,99.49734339509872,28824
"(0.8864468864468864, 1.0)",1,99.497174685055,28825
"(0.7081939799331105, 1.0)",1,99.49717122182702,28826
"(0.9497685185185184, 1.0)",1,99.4971001294662,28827
"(0.8448736477904788, 1.0)",2,99.49698789553617,28829
"(0.8585858585858586, 1.0)",1,99.49693362193364,28830
"(0.896551724137931, 1.0)",1,99.49687732446354,28831
"(0.8163854689162486, 1.0)",1,99.4968639124946,28832
"(0.9841269841269842, 1.0)",1,99.49684635704126,28833
"(1.0, 0.996078431372549)",1,99.49684464114044,28834
"(0.9230769230769232, 1.0)",1,99.49681955471428,28835
"(0.9841269841269842, 1.0)",1,99.496766537556,28836
"(0.9168478260869564, 1.0)",1,99.4967618357442,28837
"(0.9213117283950616, 1.0)",1,99.49674694133029,28838
"(0.8125, 1.0)",1,99.49674145299146,28839
"(0.9087026014109348, 1.0)",1,99.49672745084568,28840
"(0.7544006919006919, 1.0)",1,99.49670144629503,28841
"(0.9206349206349206, 1.0)",1,99.49669865528064,28842
"(0.808641975308642, 1.0)",1,99.49666506333172,28843
"(0.7975164658278694, 1.0)",1,99.49665641605478,28844
"(0.9264176245210728, 1.0)",1,99.49664644919434,28845
"(0.6856760145918833, 1.0)",1,99.49662505290732,28846
"(0.9444444444444444, 1.0)",1,99.49655296599268,28847
"(0.8583509513742072, 1.0)",1,99.49654300119155,28848
"(0.9808278867102396, 0.996078431372549)",1,99.49644523146866,28849
"(0.9674603174603176, 1.0)",1,99.49644196992024,28850
"(0.984313725490196, 0.996078431372549)",1,99.49643147157876,28851
"(0.9135802469135802, 1.0)",1,99.49642456309122,28852
"(0.9696969696969696, 1.0)",1,99.49639512739093,28853
"(0.7777777777777776, 1.0)",1,99.4963924963925,28854
"(0.7708333333333334, 1.0)",1,99.49632352941175,28855
"(0.8368686868686868, 1.0)",1,99.49629465192228,28856
"(0.932852564102564, 1.0)",1,99.49625182165504,28857
"(0.8468468468468467, 1.0)",2,99.49624812782707,28859
"(0.8468468468468467, 1.0)",1,99.4961974961975,28860
"(0.896551724137931, 1.0)",1,99.496171106366,28861
"(0.8550741594067247, 1.0)",1,99.4961467226295,28862
"(0.9807902108211706, 0.996078431372549)",1,99.4961321640278,28863
"(0.875, 1.0)",1,99.49613053975798,28864
"(0.9230769230769232, 1.0)",1,99.49610882944216,28865
"(0.9665319865319866, 0.996078431372549)",1,99.49610596588242,28866
"(0.9841269841269842, 1.0)",1,99.49607843137257,28867
"(0.8487103174603176, 1.0)",2,99.49604076479076,28869
"(1.0, 1.0)",2,99.4959349593496,28871
"(0.992156862745098, 0.996078431372549)",1,99.49588992592112,28872
"(0.8550741594067247, 1.0)",1,99.49585626745636,28873
"(0.8468468468468467, 1.0)",1,99.49581320440628,28874
"(0.9194577352472088, 1.0)",2,99.49579441026808,28876
"(0.9763834422657952, 0.996078431372549)",1,99.49578431372572,28877
"(0.8897707231040564, 1.0)",1,99.49574006240672,28878
"(0.7400546757164405, 1.0)",2,99.49571018445458,28880
"(0.9172932330827066, 1.0)",1,99.49565203902772,28881
"(0.9230769230769232, 1.0)",1,99.4956371114266,28882
"(0.9696969696969696, 1.0)",1,99.49562347073216,28883
"(0.8952020202020202, 1.0)",1,99.49559986309988,28884
"(0.9808278867102396, 0.996078431372549)",1,99.49559617610792,28885
"(0.9172932330827066, 1.0)",2,99.4955909889667,28887
"(0.9230769230769232, 1.0)",1,99.49558373087784,28888
"(0.8129898303922073, 1.0)",1,99.49557744532358,28889
"(0.8125, 1.0)",2,99.49553571428572,28891
"(0.9855521155830752, 0.996078431372549)",1,99.49553415128258,28892
"(0.8345959595959597, 1.0)",1,99.4954150391435,28893
"(0.9879901960784314, 0.996078431372549)",1,99.49540788617438,28894
"(1.0, 1.0)",1,99.49529109994226,28895
"(0.9847494553376906, 0.996078431372549)",1,99.4951824449589,28896
"(0.980582788671024, 0.996078431372549)",1,99.4951639720218,28897
"(0.9192180611357128, 1.0)",1,99.49510821546382,28898
"(0.8589726631393297, 1.0)",1,99.49507689908052,28899
"(0.8627450980392157, 1.0)",1,99.49504369375244,28900
"(0.8888888888888888, 1.0)",1,99.49496811851306,28901
"(0.8864468864468864, 1.0)",1,99.49487276009016,28902
"(0.9230769230769232, 1.0)",1,99.49484232242852,28903
"(1.0, 0.996078431372549)",1,99.49477335272248,28904
"(1.0, 1.0)",1,99.49475449475447,28905
"(0.8857001484413657, 1.0)",1,99.49471102307088,28906
"(0.9052876136209468, 1.0)",1,99.49470493520565,28907
"(0.9755757858699036, 0.996078431372549)",1,99.4946208777606,28908
"(0.883580779054917, 1.0)",1,99.49461917143796,28909
"(0.8281746031746032, 1.0)",1,99.4945793198571,28910
"(0.8880341880341881, 1.0)",1,99.49455655455655,28911
"(0.8350168350168351, 1.0)",4,99.49455451245731,28915
"(0.7544006919006919, 1.0)",1,99.4945403849436,28916
"(0.9840686274509804, 0.996078431372549)",1,99.49453171683136,28917
"(0.932852564102564, 1.0)",1,99.49452737077738,28918
"(0.947088068181818, 1.0)",1,99.49449699615198,28919
"(0.8888888888888888, 1.0)",2,99.49446817061408,28921
"(0.8487103174603176, 1.0)",2,99.49444236319236,28923
"(0.9886710239651416, 0.996078431372549)",1,99.4944214665558,28924
"(0.9047619047619048, 1.0)",1,99.49437131792529,28925
"(0.996078431372549, 0.996078431372549)",1,99.49433178534596,28926
"(0.875, 1.0)",1,99.49430077719552,28927
"(0.8309016086793863, 1.0)",1,99.4942942838498,28928
"(0.9027274557165862, 1.0)",1,99.49429185334324,28929
"(0.9023569023569024, 1.0)",1,99.49428720056903,28930
"(0.984504357298475, 0.996078431372549)",1,99.49427961243,28931
"(0.8312992626493769, 1.0)",1,99.49426201226537,28932
"(0.8309016086793863, 1.0)",1,99.49426121506674,28933
"(0.9224211423699916, 1.0)",1,99.49423704576483,28934
"(0.9696969696969696, 1.0)",1,99.49417249417247,28935
"(0.7996201329534663, 1.0)",1,99.49414782748116,28936
"(0.909209656084656, 1.0)",1,99.49411684644468,28937
"(0.9886710239651416, 0.996078431372549)",1,99.4941034335464,28938
"(0.899875800993592, 1.0)",1,99.49409099100028,28939
"(0.8465418823841762, 1.0)",1,99.49406858301433,28940
"(0.7625830959164293, 1.0)",1,99.49401506264252,28941
"(0.7081939799331105, 1.0)",1,99.49393472067383,28942
"(0.6875653082549634, 1.0)",1,99.49391451460416,28943
"(0.9704892057833234, 0.996078431372549)",1,99.493887898594,28944
"(0.875, 1.0)",1,99.4938594014681,28945
"(0.6856760145918833, 1.0)",1,99.4938545724722,28946
"(0.9230769230769232, 1.0)",1,99.49377469850856,28947
"(0.875, 1.0)",1,99.49377011877012,28948
"(0.996078431372549, 1.0)",1,99.49376396937542,28949
"(0.9886710239651416, 0.996078431372549)",1,99.49369427728584,28950
"(0.8750600325600326, 1.0)",1,99.49363146113146,28951
"(1.0, 0.996078431372549)",1,99.49360111881032,28952
"(0.8627450980392157, 1.0)",2,99.49360069230944,28954
"(0.8675136116152449, 1.0)",1,99.49358123768287,28955
"(0.9202401372212692, 1.0)",1,99.49355314972668,28956
"(0.8571428571428572, 1.0)",1,99.49350649350652,28957
"(0.7460317460317459, 1.0)",1,99.49350649350652,28958
"(0.7822222222222222, 1.0)",1,99.49348026447606,28959
"(0.8740392648287385, 1.0)",1,99.49335602591051,28960
"(0.7167919799498746, 1.0)",1,99.49325966431228,28961
"(1.0, 1.0)",1,99.49324595157928,28962
"(0.9023569023569024, 1.0)",1,99.4931526540722,28963
"(0.8729166666666666, 1.0)",1,99.49313164202051,28964
"(0.808641975308642, 1.0)",1,99.49310565977233,28965
"(0.8332521117608837, 1.0)",1,99.49310192527928,28966
"(0.9194577352472088, 1.0)",1,99.49308610206444,28967
"(0.9444444444444444, 1.0)",1,99.49303751803753,28968
"(0.8888888888888888, 1.0)",1,99.49298245614035,28969
"(0.8055555555555555, 1.0)",1,99.49296536796535,28970
"(0.8402777777777779, 1.0)",1,99.4929570351082,28971
"(0.9070736434108526, 1.0)",1,99.49291314967792,28972
"(0.9841269841269842, 1.0)",1,99.49288796912413,28973
"(0.9230769230769232, 1.0)",1,99.49283465072938,28974
"(0.9465811965811968, 1.0)",1,99.49268822948258,28975
"(0.8383129000541765, 1.0)",1,99.49259665616188,28976
"(0.9351258309591644, 1.0)",1,99.49259225342558,28977
"(0.9759803921568628, 0.996078431372549)",1,99.49259140854431,28978
"(0.9803921568627452, 0.996078431372549)",1,99.4925543954958,28979
"(0.984313725490196, 0.996078431372549)",1,99.4925381263619,28980
"(0.9808278867102396, 0.996078431372549)",1,99.49252366284122,28981
"(0.9855521155830752, 0.996078431372549)",1,99.49248149323316,28982
"(0.9289529914529916, 1.0)",1,99.49247851163176,28983
"(0.875, 1.0)",1,99.49236734388953,28984
"(0.9386724386724388, 1.0)",1,99.49233128333212,28985
"(0.8475199219385267, 1.0)",1,99.49229095371808,28986
"(0.9803050108932462, 0.996078431372549)",1,99.49227336818691,28987
"(1.0, 0.996078431372549)",1,99.49227111897412,28988
"(0.8888888888888888, 1.0)",1,99.49223602484471,28989
"(0.9230769230769232, 1.0)",1,99.49219961325224,28990
"(0.9879901960784314, 0.996078431372549)",1,99.49219498910698,28991
"(0.740829346092504, 1.0)",1,99.49217556085335,28992
"(0.8970659722222223, 1.0)",2,99.49214759161836,28994
"(0.8888888888888888, 1.0)",1,99.49210049210048,28995
"(0.8858975827700768, 1.0)",1,99.49209231328128,28996
"(0.900854700854701, 1.0)",1,99.49197111955732,28997
"(0.8312992626493769, 1.0)",2,99.4919607763588,28999
"(0.8046935824713601, 1.0)",1,99.4919224184502,29000
"(0.8078308130291714, 1.0)",1,99.49189356711268,29001
"(0.8518518518518519, 1.0)",1,99.49187945709684,29002
"(0.9565217391304348, 1.0)",1,99.49174283172496,29003
"(0.977218782249742, 0.996078431372549)",1,99.49169103313864,29004
"(0.9696969696969696, 1.0)",2,99.49165392338544,29006
"(0.9592592592592591, 1.0)",1,99.49165228098408,29007
"(0.9894736842105264, 0.996078431372549)",1,99.49164344685263,29008
"(0.9881481481481482, 0.996078431372549)",1,99.49164344685263,29009
"(0.9841269841269842, 1.0)",1,99.4916059550206,29010
"(0.896551724137931, 1.0)",1,99.4916016017965,29011
"(0.9731092436974792, 0.996078431372549)",1,99.49154450669177,29012
"(0.9135802469135802, 1.0)",1,99.49151682014428,29013
"(0.9230769230769232, 1.0)",1,99.49149680728628,29014
"(0.7705882352941177, 1.0)",1,99.49145030425964,29015
"(0.9879901960784314, 0.996078431372549)",1,99.49142156862769,29016
"(0.8468468468468467, 1.0)",1,99.49141154141154,29017
"(0.7705882352941177, 1.0)",1,99.49135771166704,29018
"(0.6403503049675462, 1.0)",1,99.4913362849042,29019
"(0.9565217391304348, 1.0)",2,99.49131444933543,29021
"(0.9807902108211706, 0.996078431372549)",1,99.49130063721418,29022
"(0.9881481481481482, 0.996078431372549)",1,99.491289085585,29023
"(0.773034398034398, 1.0)",1,99.4911991643026,29024
"(0.883580779054917, 1.0)",1,99.49117204582478,29025
"(0.9135802469135802, 1.0)",1,99.49117059283986,29026
"(0.992156862745098, 1.0)",1,99.4911562737802,29027
"(0.8504594820384294, 1.0)",1,99.4911464674741,29028
"(0.896551724137931, 1.0)",1,99.49110629237671,29029
"(1.0, 0.996078431372549)",1,99.49104431831236,29030
"(0.9023569023569024, 1.0)",1,99.49103398226204,29031
"(0.9333333333333332, 1.0)",1,99.49101523884131,29032
"(0.9565217391304348, 1.0)",1,99.49101144473458,29033
"(0.8551296720061023, 1.0)",1,99.4909766285475,29034
"(0.9230769230769232, 1.0)",1,99.49094115113606,29035
"(0.9813854489164088, 0.996078431372549)",1,99.49087290217344,29036
"(0.8275809031622985, 1.0)",1,99.49077021800308,29037
"(0.9841269841269842, 1.0)",1,99.49075339864814,29038
"(0.8368686868686868, 1.0)",1,99.49073775660732,29039
"(0.8817204301075269, 1.0)",1,99.4907135874878,29040
"(0.8803174603174604, 1.0)",1,99.49070707070706,29041
"(0.8915343915343915, 1.0)",1,99.49063823798625,29042
"(1.0, 1.0)",1,99.4906204906205,29043
"(0.9696969696969696, 1.0)",1,99.49061153899864,29044
"(0.9799875505757858, 0.996078431372549)",1,99.49053666921338,29045
"(0.9224211423699916, 1.0)",1,99.49048689304443,29046
"(0.8521317829457364, 1.0)",1,99.4904433548488,29047
"(0.8888888888888888, 1.0)",1,99.49043227304097,29048
"(0.9802054154995332, 0.996078431372549)",1,99.49036037806955,29049
"(0.7081939799331105, 1.0)",1,99.4903598414468,29050
"(0.8791208791208792, 1.0)",1,99.4903253609136,29051
"(0.8578431372549019, 1.0)",1,99.49032176973358,29052
"(0.8893558268973552, 1.0)",1,99.49028179504816,29053
"(0.9135802469135802, 1.0)",1,99.49026271980924,29054
"(0.9507101086048454, 0.9841269841269842)",1,99.49024834814315,29055
"(0.896551724137931, 1.0)",1,99.49023347873924,29056
"(0.992156862745098, 0.996078431372549)",1,99.49022192273831,29057
"(0.9135802469135802, 1.0)",1,99.49020362353696,29058
"(0.8817204301075269, 1.0)",1,99.49016552403356,29059
"(0.8112491373360938, 1.0)",1,99.49009541747796,29060
"(0.936026936026936, 1.0)",1,99.49000355522097,29061
"(0.875, 1.0)",2,99.48997822517312,29063
"(0.919047619047619, 1.0)",1,99.48989036568793,29064
"(0.9851851851851852, 0.996078431372549)",1,99.48988017429214,29065
"(0.9507101086048454, 1.0)",1,99.48982615027845,29066
"(0.9696969696969696, 1.0)",1,99.48981713081795,29067
"(0.8129898303922073, 1.0)",1,99.4897439499449,29068
"(0.7840187590187591, 1.0)",1,99.48973671904228,29069
"(1.0, 1.0)",1,99.489703989704,29070
"(0.9754901960784312, 0.996078431372549)",2,99.48967421897012,29072
"(0.6738095238095239, 1.0)",1,99.48966033966032,29073
"(0.9881481481481482, 0.996078431372549)",1,99.48961786579456,29074
"(0.8864468864468864, 1.0)",1,99.48960712490124,29075
"(0.9803921568627452, 0.996078431372549)",1,99.48958691663825,29076
"(0.9135802469135802, 1.0)",1,99.48937579639336,29077
"(0.9803376906318084, 0.996078431372549)",1,99.48937309852192,29078
"(0.9391865079365078, 1.0)",1,99.48933697089949,29079
"(0.7840187590187591, 1.0)",1,99.48933691285036,29080
"(0.8900759734093067, 1.0)",1,99.48932179180836,29081
"(0.8469839324618735, 1.0)",1,99.48931137353932,29082
"(0.808641975308642, 1.0)",1,99.48922221378362,29083
"(0.8468468468468467, 1.0)",1,99.48913621101264,29084
"(0.8970659722222223, 1.0)",1,99.4891233592796,29085
"(0.8383129000541765, 1.0)",1,99.4891096227074,29086
"(0.9230769230769232, 1.0)",1,99.48910410577076,29087
"(0.984313725490196, 0.996078431372549)",1,99.48909769521867,29088
"(0.992156862745098, 0.996078431372549)",1,99.4890780873755,29089
"(0.7975164658278694, 1.0)",1,99.48905764989183,29090
"(0.9444444444444444, 1.0)",1,99.48897817158688,29091
"(0.8888888888888888, 1.0)",1,99.48894366503062,29092
"(0.875, 1.0)",1,99.48889906977476,29093
"(0.9674603174603176, 1.0)",1,99.48887749677225,29094
"(1.0, 1.0)",2,99.48881210386588,29096
"(0.8817204301075269, 1.0)",1,99.48878701729272,29097
"(0.9525178253119432, 0.996078431372549)",1,99.48870985768067,29098
"(0.922050500014663, 1.0)",1,99.48863875171672,29099
"(0.8616898148148148, 1.0)",1,99.48862743231378,29100
"(0.9813854489164088, 1.0)",2,99.48861896571502,29102
"(0.9243650793650792, 1.0)",1,99.48860665865224,29103
"(0.9, 1.0)",1,99.48860028860028,29104
"(0.9264176245210728, 1.0)",1,99.48849175263904,29105
"(0.9696969696969696, 1.0)",1,99.48849143687852,29106
"(0.9224211423699916, 1.0)",1,99.48848833682428,29107
"(0.9841269841269842, 1.0)",1,99.48842046465136,29108
"(0.8666666666666667, 1.0)",1,99.48841899470082,29109
"(0.9230769230769232, 1.0)",1,99.48840204978312,29110
"(1.0, 1.0)",16,99.48840048840049,29126
"(0.896551724137931, 1.0)",1,99.48839746350464,29127
"(0.833064949006978, 1.0)",1,99.4883479376233,29128
"(0.9855521155830752, 0.996078431372549)",1,99.48833390666228,29129
"(0.992156862745098, 0.996078431372549)",1,99.48831456984732,29130
"(0.9886710239651416, 0.996078431372549)",1,99.48820889369414,29131
"(0.984504357298475, 0.996078431372549)",1,99.48820019076231,29132
"(0.875, 1.0)",1,99.48819569319568,29133
"(0.992156862745098, 0.996078431372549)",1,99.48816448801766,29134
"(0.984504357298475, 0.996078431372549)",1,99.48812353815576,29135
"(0.7707924493038034, 1.0)",1,99.4881042578656,29136
"(0.8469839324618735, 1.0)",1,99.48809034499686,29137
"(0.9230769230769232, 1.0)",1,99.4880809514956,29138
"(0.8817204301075269, 1.0)",1,99.48806963645671,29139
"(0.992156862745098, 0.996078431372549)",1,99.48803122259028,29140
"(0.9879901960784314, 0.996078431372549)",1,99.4880283224403,29141
"(0.984313725490196, 0.996078431372549)",1,99.48796296296317,29142
"(0.9023569023569024, 1.0)",1,99.48790715457382,29143
"(0.8448736477904788, 1.0)",1,99.48790669813452,29144
"(0.9444444444444444, 1.0)",1,99.48783351151774,29145
"(0.8, 1.0)",1,99.48770575978814,29146
"(0.9565217391304348, 1.0)",1,99.48769410578376,29147
"(0.9615343915343916, 1.0)",1,99.48763703591187,29148
"(0.9230769230769232, 1.0)",1,99.48762908631328,29149
"(0.932852564102564, 1.0)",1,99.4876245873468,29150
"(0.9444444444444444, 1.0)",1,99.4875901875902,29151
"(0.984313725490196, 0.996078431372549)",1,99.48758504996918,29152
"(0.9202401372212692, 1.0)",1,99.4875546400325,29153
"(0.9886710239651416, 0.996078431372549)",1,99.48745703310588,29154
"(0.8832772166105499, 1.0)",1,99.48743848743848,29155
"(1.0, 1.0)",1,99.48739720597588,29156
"(0.908998988877654, 1.0)",1,99.48737602437814,29157
"(0.936026936026936, 1.0)",1,99.48737071048284,29158
"(0.9507101086048454, 1.0)",1,99.4873649762555,29159
"(0.9248366013071896, 1.0)",1,99.48735796882856,29160
"(0.8822954822954823, 1.0)",1,99.48734140939877,29161
"(0.9047619047619048, 1.0)",1,99.48731248410884,29162
"(0.8611111111111112, 1.0)",1,99.48724203249292,29163
"(0.7777777777777776, 1.0)",1,99.48717948717947,29164
"(0.9047619047619048, 1.0)",1,99.48706945228685,29165
"(0.6796747967479675, 1.0)",2,99.48697860405176,29167
"(0.996078431372549, 0.996078431372549)",1,99.48692437793856,29168
"(0.8864468864468864, 1.0)",1,99.48676080255028,29169
"(0.9289529914529916, 1.0)",1,99.48671164774532,29170
"(0.9465811965811968, 1.0)",1,99.48666359360804,29171
"(0.9851851851851852, 0.996078431372549)",1,99.4866394335514,29172
"(0.9740143369175628, 1.0)",1,99.48663430888254,29173
"(0.9109477124183006, 1.0)",2,99.48661100337571,29175
"(0.7708333333333334, 1.0)",1,99.48656204906206,29176
"(0.8705805822084891, 1.0)",1,99.48654231062494,29177
"(0.9763834422657952, 0.996078431372549)",1,99.48644806816723,29178
"(0.896551724137931, 1.0)",1,99.48630641389262,29179
"(0.922050500014663, 1.0)",1,99.48627271336548,29180
"(0.8893558268973552, 1.0)",1,99.48620856014588,29181
"(0.9364583333333332, 1.0)",1,99.48619750846724,29182
"(0.7782392026578072, 1.0)",1,99.4861931052946,29183
"(0.9754435107376284, 0.996078431372549)",1,99.48616332497934,29184
"(0.8571428571428572, 1.0)",1,99.48614718614718,29185
"(0.9727743378052977, 0.996078431372549)",1,99.48607523396248,29186
"(0.9230769230769232, 1.0)",2,99.48605254394728,29188
"(0.8253968253968256, 1.0)",1,99.4860347985348,29189
"(0.865079365079365, 1.0)",1,99.48601259066376,29190
"(0.8883205456095482, 1.0)",1,99.48596782586552,29191
"(0.865079365079365, 1.0)",1,99.48595682222684,29192
"(0.8888888888888888, 1.0)",1,99.48593706488444,29193
"(0.9565217391304348, 1.0)",1,99.48590395112134,29194
"(0.8888888888888888, 1.0)",1,99.48589387908274,29195
"(0.9565217391304348, 1.0)",1,99.48586384785544,29196
"(0.9230769230769232, 1.0)",1,99.48584748584749,29197
"(0.936026936026936, 1.0)",1,99.48581656160604,29198
"(0.7777777777777776, 1.0)",1,99.48581048581048,29199
"(0.9523809523809524, 1.0)",1,99.48577410492732,29200
"(0.9894736842105264, 0.996078431372549)",1,99.48577255060144,29201
"(0.8897707231040564, 1.0)",1,99.48573031906363,29202
"(0.9803376906318084, 0.996078431372549)",1,99.48565986399667,29203
"(0.9565217391304348, 1.0)",1,99.4856514258688,29204
"(0.8864468864468864, 1.0)",1,99.48564137844498,29205
"(0.8518518518518519, 1.0)",1,99.48561906558513,29206
"(1.0, 1.0)",2,99.48561505872722,29208
"(1.0, 0.996078431372549)",1,99.48557865251388,29209
"(0.8731060606060606, 1.0)",1,99.48553721741222,29210
"(0.8817204301075269, 1.0)",1,99.48551020758153,29211
"(0.8893558268973552, 1.0)",1,99.4853975048578,29212
"(0.8858975827700768, 1.0)",1,99.48539681704295,29213
"(0.9262187088274044, 1.0)",1,99.48536673672544,29214
"(0.9507101086048454, 1.0)",1,99.48534214323692,29215
"(0.9879901960784314, 0.996078431372549)",1,99.48531058037274,29216
"(0.9521531100478468, 1.0)",1,99.48529870841084,29217
"(0.9696969696969696, 1.0)",1,99.4852963128826,29218
"(0.8468468468468467, 1.0)",1,99.48527605049344,29219
"(0.883580779054917, 1.0)",1,99.4852625752974,29220
"(0.8831018518518517, 1.0)",1,99.48524524755103,29221
"(0.9465811965811968, 1.0)",1,99.4852173294563,29222
"(0.7777777777777776, 1.0)",1,99.48511735178404,29223
"(0.7650293586269196, 1.0)",1,99.48509232284312,29224
"(0.9841269841269842, 1.0)",1,99.48508652472847,29225
"(1.0, 1.0)",2,99.4850763271816,29227
"(0.9813854489164088, 0.996078431372549)",1,99.48505781685368,29228
"(0.9841269841269842, 0.996078431372549)",1,99.48504996191618,29229
"(0.922050500014663, 1.0)",1,99.48502319495498,29230
"(0.7555555555555554, 1.0)",4,99.4850203487192,29234
"(1.0, 1.0)",1,99.48500881834217,29235
"(0.9135802469135802, 1.0)",1,99.48500881834217,29236
"(0.7996201329534663, 1.0)",1,99.48500024991252,29237
"(0.8448736477904788, 1.0)",1,99.48499782673682,29238
"(1.0, 1.0)",1,99.48498431598011,29239
"(0.9847494553376906, 0.996078431372549)",1,99.48497968033595,29240
"(0.8253968253968256, 1.0)",3,99.48497600091804,29243
"(0.7167919799498746, 1.0)",1,99.48496240601504,29244
"(0.8163854689162486, 1.0)",1,99.48491324089112,29245
"(0.9731377053745476, 0.996078431372549)",1,99.48489553131218,29246
"(0.8046935824713601, 1.0)",1,99.48488511999986,29247
"(0.6403503049675462, 1.0)",1,99.48482285726573,29248
"(0.6666666666666666, 1.0)",1,99.48478097600903,29249
"(0.947088068181818, 1.0)",2,99.4847721150191,29251
"(0.977218782249742, 0.996078431372549)",1,99.48474328522856,29252
"(0.780952380952381, 1.0)",1,99.48469308469308,29253
"(0.8312992626493769, 1.0)",1,99.4846828125299,29254
"(0.8376068376068376, 1.0)",1,99.4846796851912,29255
"(1.0, 1.0)",1,99.48460798460798,29256
"(0.9731377053745476, 0.996078431372549)",1,99.48455927400224,29257
"(0.9230769230769232, 1.0)",1,99.4845459551342,29258
"(0.9230769230769232, 1.0)",1,99.48453582806408,29259
"(0.9523809523809524, 1.0)",1,99.48453214860824,29260
"(0.9879901960784314, 0.996078431372549)",1,99.48444902118968,29261
"(0.8448736477904788, 1.0)",1,99.48443523945843,29262
"(0.8571428571428572, 1.0)",1,99.48441967389336,29263
"(0.919047619047619, 1.0)",1,99.48437978903095,29264
"(0.9840686274509804, 0.996078431372549)",1,99.48430241527788,29265
"(0.8883205456095482, 1.0)",1,99.48427419785612,29266
"(0.9327096052096052, 1.0)",1,99.48425557081808,29267
"(0.7555555555555554, 1.0)",1,99.48414806782928,29268
"(0.9841269841269842, 1.0)",26,99.484126984127,29294
"(1.0, 1.0)",6,99.484126984127,29300
"(0.8448736477904788, 1.0)",1,99.48410980289307,29301
"(0.9886710239651416, 0.996078431372549)",1,99.48409869990904,29302
"(0.9840686274509804, 0.996078431372549)",1,99.48405731723864,29303
"(0.7167919799498746, 1.0)",1,99.48402474718264,29304
"(0.8858975827700768, 1.0)",1,99.48402251163284,29305
"(0.992156862745098, 0.996078431372549)",1,99.48402062419886,29306
"(0.8831018518518517, 1.0)",1,99.48401171210313,29307
"(0.9769410044719642, 0.996078431372549)",1,99.4839364751751,29308
"(0.8977777777777779, 1.0)",1,99.48392531247605,29309
"(0.8368686868686868, 1.0)",2,99.48390187414884,29311
"(1.0, 1.0)",1,99.48388875986208,29312
"(0.9521531100478468, 1.0)",1,99.48385522435863,29313
"(0.9754901960784312, 0.996078431372549)",1,99.48383732280816,29314
"(0.9754435107376284, 0.996078431372549)",1,99.48382987698028,29315
"(0.9224211423699916, 1.0)",1,99.48353605085332,29316
"(0.9363636363636364, 1.0)",2,99.48352974186308,29318
"(0.9894736842105264, 0.996078431372549)",1,99.48352510191437,29319
"(0.9816305469556244, 0.996078431372549)",1,99.48352253181996,29320
"(0.9803376906318084, 0.996078431372549)",1,99.4834618736386,29321
"(0.8893558268973552, 1.0)",1,99.48345298187134,29322
"(0.9881481481481482, 0.996078431372549)",1,99.48344594833009,29323
"(0.6875653082549634, 1.0)",1,99.48338060407026,29324
"(0.9740143369175628, 1.0)",1,99.48334119423596,29325
"(0.9023569023569024, 1.0)",1,99.48331599750364,29326
"(0.8498168498168499, 1.0)",1,99.4832738433089,29327
"(0.8013468013468013, 1.0)",1,99.4831424190692,29328
"(0.8448736477904788, 1.0)",1,99.48307857285464,29329
"(0.9224211423699916, 1.0)",1,99.4830624962002,29330
"(0.957490630284748, 0.996078431372549)",1,99.48305089888773,29331
"(0.8977777777777779, 1.0)",1,99.482994098189,29332
"(0.7975164658278694, 1.0)",1,99.48293738391352,29333
"(0.865079365079365, 1.0)",1,99.48291047188106,29334
"(0.957490630284748, 0.996078431372549)",1,99.48286845392904,29335
"(0.7141994478951, 1.0)",1,99.48286167997196,29336
"(0.909209656084656, 1.0)",1,99.48283713187948,29337
"(0.8319664902998236, 1.0)",1,99.4828281404974,29338
"(0.9289529914529916, 1.0)",1,99.48279125696014,29339
"(0.8859337035751476, 1.0)",1,99.4827473072844,29340
"(0.8817204301075269, 1.0)",1,99.48268184448358,29341
"(0.9135802469135802, 1.0)",2,99.48266394099728,29343
"(0.9065438871473354, 1.0)",1,99.48263688786533,29344
"(0.8858975827700768, 1.0)",2,99.48258673964368,29346
"(0.7625830959164293, 1.0)",1,99.4824710510985,29347
"(0.9841269841269842, 1.0)",1,99.48238242591066,29348
"(0.9882352941176472, 0.996078431372549)",1,99.4823588382724,29349
"(0.957490630284748, 0.996078431372549)",1,99.48231560477004,29350
"(0.936026936026936, 1.0)",1,99.48225944747684,29351
"(0.909722222222222, 1.0)",1,99.48223304473304,29352
"(0.8468468468468467, 1.0)",1,99.48220038220038,29353
"(0.9171090534979424, 1.0)",1,99.48219324064736,29354
"(0.9333333333333332, 1.0)",1,99.48218019796968,29355
"(0.7081939799331105, 1.0)",1,99.48214762107423,29356
"(0.875, 1.0)",1,99.4821441229336,29357
"(0.9738562091503268, 0.996078431372549)",1,99.48204894663894,29358
"(0.9466013071895424, 0.996078431372549)",1,99.48204248366036,29359
"(0.9602089783281734, 0.996078431372549)",1,99.48201123724368,29360
"(0.9767195767195768, 1.0)",1,99.48197601847772,29361
"(1.0, 1.0)",1,99.48195631528964,29362
"(0.9230769230769232, 1.0)",1,99.48195138195138,29363
"(0.9589484126984128, 1.0)",1,99.4819418109124,29364
"(0.8402777777777779, 1.0)",1,99.4819207352102,29365
"(0.8112794612794614, 1.0)",2,99.48187869478193,29367
"(0.9386724386724388, 1.0)",1,99.48186796311263,29368
"(0.9651330532212884, 0.996078431372549)",1,99.48186640914284,29369
"(0.896551724137931, 1.0)",1,99.48184803702046,29370
"(0.8527777777777779, 1.0)",1,99.48172543830438,29371
"(0.8527777777777779, 1.0)",1,99.4816378066378,29372
"(0.9391865079365078, 1.0)",1,99.48161828478472,29373
"(0.9886710239651416, 0.996078431372549)",1,99.48151616787088,29374
"(0.896551724137931, 1.0)",1,99.48144830903452,29375
"(0.8858975827700768, 1.0)",1,99.48139217046172,29376
"(0.976661220043573, 0.996078431372549)",2,99.4813825007796,29378
"(0.683375104427736, 1.0)",1,99.48135490240752,29379
"(0.8817204301075269, 1.0)",1,99.48134505473216,29380
"(0.8502976190476191, 1.0)",1,99.48133478290222,29381
"(0.8368686868686868, 1.0)",1,99.4813068287426,29382
"(0.8763636363636363, 1.0)",1,99.48130190796856,29383
"(1.0, 1.0)",2,99.48125363914838,29385
"(0.6155157715260018, 1.0)",1,99.48124912848743,29386
"(0.9230769230769232, 1.0)",1,99.48122988122988,29387
"(0.8817204301075269, 1.0)",1,99.48120704749697,29388
"(0.9894736842105264, 0.996078431372549)",1,99.48115951999944,29389
"(0.984313725490196, 0.996078431372549)",1,99.48104497354517,29390
"(0.8705805822084891, 1.0)",1,99.4810407902969,29391
"(0.8439484126984128, 1.0)",1,99.48093376157892,29392
"(0.9665319865319866, 0.996078431372549)",1,99.48091496194458,29393
"(0.9808278867102396, 0.996078431372549)",1,99.48089959375588,29394
"(0.8498168498168498, 1.0)",1,99.48088948088947,29395
"(0.9886710239651416, 0.996078431372549)",1,99.48088481006458,29396
"(0.9841269841269842, 1.0)",1,99.48087174197506,29397
"(0.96687615217027, 0.996078431372549)",1,99.4808572722056,29398
"(0.8343943638061285, 1.0)",1,99.48083002043668,29399
"(0.8831018518518517, 1.0)",1,99.48078460167696,29400
"(0.8915343915343915, 1.0)",1,99.48078165736906,29401
"(0.984313725490196, 0.996078431372549)",1,99.480694989107,29402
"(0.7200000000000001, 1.0)",2,99.48068376068376,29404
"(0.8448736477904788, 1.0)",1,99.48067276150331,29405
"(0.9135802469135802, 1.0)",1,99.4806235739569,29406
"(0.9391865079365078, 1.0)",1,99.4806231429601,29407
"(1.0, 0.996078431372549)",1,99.4806060419917,29408
"(0.9230769230769232, 1.0)",1,99.48057171586584,29409
"(1.0, 1.0)",1,99.48056155519065,29410
"(0.8675136116152449, 1.0)",1,99.4805183456726,29411
"(0.9224211423699916, 1.0)",1,99.48048296358972,29412
"(0.9894736842105264, 0.996078431372549)",1,99.48047188306496,29413
"(0.9886710239651416, 0.996078431372549)",1,99.48040476621064,29414
"(0.8468468468468467, 1.0)",1,99.4803545060583,29415
"(0.9507101086048454, 1.0)",1,99.48031098425906,29416
"(0.9841269841269842, 1.0)",1,99.48030636030636,29417
"(0.7975164658278694, 1.0)",1,99.48026589797072,29418
"(0.9224211423699916, 1.0)",1,99.48017884360596,29419
"(0.8518518518518519, 1.0)",2,99.48014722797332,29421
"(0.9321309306448626, 0.996078431372549)",1,99.48011568010044,29422
"(0.8198261686633779, 1.0)",1,99.48010061794926,29423
"(0.875, 1.0)",1,99.4800888582858,29424
"(0.9879901960784314, 0.996078431372549)",1,99.48008112601786,29425
"(0.8666666666666667, 1.0)",1,99.48006856196372,29426
"(0.9841269841269842, 1.0)",2,99.48006194347658,29428
"(1.0, 1.0)",2,99.48006194347658,29430
"(0.89, 1.0)",1,99.4800498990426,29431
"(0.992156862745098, 0.996078431372549)",1,99.48004770599222,29432
"(0.8888888888888888, 1.0)",1,99.48002718217612,29433
"(0.9802054154995332, 0.996078431372549)",1,99.47997567448054,29434
"(0.8867623604465709, 1.0)",1,99.47987777964896,29435
"(0.9306746031746032, 1.0)",1,99.4798526867196,29436
"(0.9230769230769232, 1.0)",1,99.4798514900464,29437
"(0.8468468468468467, 1.0)",1,99.47981977837053,29438
"(0.9840686274509804, 0.996078431372549)",1,99.47969437523707,29439
"(0.8376068376068376, 1.0)",1,99.47964627964627,29440
"(0.8571428571428572, 1.0)",1,99.47961979540926,29441
"(0.8888888888888888, 1.0)",1,99.4796166731449,29442
"(0.9602089783281734, 0.996078431372549)",1,99.4795418755844,29443
"(0.9802054154995332, 0.996078431372549)",1,99.47953994463305,29444
"(0.8970659722222223, 1.0)",1,99.4795375685112,29445
"(0.8686868686868687, 1.0)",1,99.47952430711052,29446
"(0.8817204301075269, 1.0)",1,99.4795120105078,29447
"(1.0, 1.0)",1,99.47951024487756,29448
"(0.9802054154995332, 1.0)",1,99.47950197463368,29449
"(1.0, 1.0)",1,99.47943321472734,29450
"(0.9047619047619048, 1.0)",1,99.47939714606382,29451
"(0.75, 1.0)",1,99.47933829455567,29452
"(0.9813854489164088, 0.996078431372549)",1,99.4793310209076,29453
"(0.9565217391304348, 1.0)",2,99.47932116192986,29455
"(0.8487103174603176, 1.0)",1,99.47929084804085,29456
"(0.9230769230769232, 1.0)",1,99.47928182928185,29457
"(0.7765567765567766, 1.0)",1,99.47911026171896,29458
"(0.9327096052096052, 1.0)",1,99.47910496910497,29459
"(0.8571428571428572, 0.9841269841269842)",1,99.47907647907654,29460
"(0.7410714285714286, 1.0)",1,99.47907464918336,29461
"(0.9496446243814664, 0.996078431372549)",1,99.4790563890876,29462
"(0.875, 1.0)",1,99.47898192127091,29463
"(0.9565217391304348, 1.0)",1,99.478892089087,29464
"(0.9841269841269842, 1.0)",1,99.47887863277356,29465
"(0.8055555555555555, 1.0)",1,99.47886989553656,29466
"(0.9651330532212884, 0.996078431372549)",1,99.47884088993246,29467
"(0.896551724137931, 1.0)",1,99.4787800221557,29468
"(0.9142520753512132, 1.0)",1,99.4787594899796,29469
"(0.9224211423699916, 1.0)",1,99.47875257261448,29470
"(0.8817204301075269, 1.0)",1,99.47870784814758,29471
"(0.875, 1.0)",1,99.47867965367963,29472
"(0.8078308130291714, 1.0)",1,99.47866810784264,29473
"(1.0, 1.0)",1,99.4786604191639,29474
"(0.9841269841269842, 1.0)",1,99.47865961199297,29475
"(0.8498168498168499, 1.0)",1,99.47864912864912,29476
"(0.909209656084656, 1.0)",2,99.4786340852097,29478
"(0.8498168498168498, 1.0)",1,99.4786074965103,29479
"(0.8271652864044169, 1.0)",2,99.4785330183837,29481
"(0.808641975308642, 1.0)",1,99.47848324514992,29482
"(1.0, 1.0)",3,99.47846889952152,29485
"(0.992156862745098, 0.996078431372549)",1,99.47844429850645,29486
"(0.8368686868686868, 1.0)",1,99.47834084896584,29487
"(0.919047619047619, 1.0)",1,99.47827143616615,29488
"(0.919047619047619, 1.0)",1,99.47826296087166,29489
"(0.8883205456095482, 1.0)",1,99.47823257541928,29490
"(0.808641975308642, 1.0)",1,99.47814907639469,29491
"(0.9855521155830752, 0.996078431372549)",1,99.4781307571764,29492
"(0.9759803921568628, 0.996078431372549)",1,99.4781283683066,29493
"(0.7975164658278694, 1.0)",1,99.47811897330662,29494
"(0.7869981325863679, 1.0)",1,99.47806044989868,29495
"(0.9521720185658804, 0.996078431372549)",1,99.47792021258056,29496
"(0.984313725490196, 0.996078431372549)",1,99.47786336756948,29497
"(0.8731060606060606, 1.0)",1,99.47785475768508,29498
"(0.8264567669172932, 1.0)",2,99.47781310853796,29500
"(0.8468468468468467, 1.0)",1,99.47777134371336,29501
"(0.9565217391304348, 1.0)",1,99.47765214198128,29502
"(0.8498168498168499, 1.0)",2,99.47763970075188,29504
"(0.7460317460317459, 1.0)",2,99.4776334776335,29506
"(0.9813854489164088, 0.996078431372549)",1,99.4776277294546,29507
"(0.9592592592592591, 1.0)",1,99.4776250499596,29508
"(0.984504357298475, 0.996078431372549)",1,99.47762383900952,29509
"(0.8888888888888888, 1.0)",1,99.47761127761127,29510
"(0.8970659722222223, 1.0)",1,99.47759585095862,29511
"(0.9674603174603176, 1.0)",1,99.47753083689616,29512
"(0.773034398034398, 1.0)",2,99.47752657509602,29514
"(0.8551296720061023, 1.0)",2,99.47744280857398,29516
"(0.992156862745098, 0.996078431372549)",1,99.47743664717372,29517
"(0.8803174603174604, 1.0)",2,99.47737734487735,29519
"(0.9886710239651416, 0.996078431372549)",1,99.47737644377052,29520
"(0.8616898148148148, 1.0)",1,99.47731478814644,29521
"(0.875, 1.0)",1,99.47730510230512,29522
"(0.9788235294117646, 0.996078431372549)",1,99.47730437204144,29523
"(0.9707143676183924, 0.996078431372549)",1,99.47727737644789,29524
"(0.6702852099591231, 1.0)",1,99.47726093568484,29525
"(0.9881481481481482, 0.996078431372549)",1,99.47725879240608,29526
"(0.9847494553376906, 0.996078431372549)",1,99.47725760835758,29527
"(0.9759803921568628, 0.996078431372549)",1,99.4772130407721,29528
"(0.9023569023569024, 1.0)",1,99.47716585313916,29529
"(0.8521317829457364, 1.0)",1,99.47713257635966,29530
"(0.978144708175668, 0.996078431372549)",1,99.47712664012994,29531
"(0.8402777777777779, 1.0)",1,99.47708401923518,29532
"(0.8686868686868687, 1.0)",1,99.47706121039454,29533
"(0.8888888888888888, 1.0)",1,99.47703174308246,29534
"(0.9696969696969696, 1.0)",1,99.47699447699448,29535
"(0.9665319865319866, 0.996078431372549)",1,99.47699339331712,29536
"(0.9507101086048454, 0.9841269841269842)",1,99.4769895753878,29537
"(0.9230769230769232, 1.0)",1,99.47694378396132,29538
"(0.9224211423699916, 1.0)",1,99.47692102844884,29539
"(0.8502976190476191, 1.0)",1,99.47692036674658,29540
"(0.9803376906318084, 0.996078431372549)",1,99.47691454944577,29541
"(0.7544006919006919, 1.0)",1,99.47684693716556,29542
"(0.9198717948717948, 1.0)",1,99.4768376068376,29543
"(0.9333333333333332, 1.0)",1,99.4768284347232,29544
"(0.808641975308642, 1.0)",1,99.47681814188296,29545
"(0.8078308130291714, 1.0)",1,99.47681554910037,29546
"(0.9224211423699916, 1.0)",1,99.47681175964092,29547
"(0.8897707231040564, 1.0)",1,99.47680392607928,29548
"(1.0, 0.996078431372549)",1,99.47677150105966,29549
"(0.8686868686868687, 1.0)",1,99.47674547674548,29550
"(0.6923437673437673, 1.0)",1,99.4766005464443,29551
"(0.9802054154995332, 1.0)",1,99.4765585122939,29552
"(1.0, 0.996078431372549)",1,99.47648971284444,29553
"(0.8468468468468467, 1.0)",1,99.47641698431173,29554
"(0.8858975827700768, 1.0)",1,99.47639137092196,29555
"(0.9886710239651416, 0.996078431372549)",1,99.47635878912992,29556
"(1.0, 1.0)",1,99.47634464301132,29557
"(0.6403503049675462, 1.0)",1,99.47631813368224,29558
"(0.9799875505757858, 1.0)",1,99.47628786017344,29559
"(0.896551724137931, 1.0)",2,99.47625129234324,29561
"(0.896551724137931, 1.0)",1,99.47624147882767,29562
"(0.947088068181818, 1.0)",1,99.4762283944417,29563
"(0.8831064306064307, 1.0)",1,99.47620042199088,29564
"(0.8627450980392157, 1.0)",1,99.4761948666614,29565
"(0.9651330532212884, 0.996078431372549)",1,99.47615084080796,29566
"(0.9738562091503268, 0.996078431372549)",1,99.47613334807632,29567
"(0.9230769230769232, 1.0)",1,99.47611267451084,29568
"(0.9807902108211706, 0.996078431372549)",1,99.47605164872988,29569
"(0.8900759734093067, 1.0)",2,99.47603858922488,29571
"(0.9738562091503268, 0.996078431372549)",1,99.475991858732,29572
"(0.8888888888888888, 1.0)",1,99.47598606785142,29573
"(0.9264176245210728, 1.0)",1,99.47594794169844,29574
"(0.7975164658278694, 1.0)",1,99.47592895089358,29575
"(0.8791208791208792, 1.0)",1,99.47586302586302,29576
"(0.8368686868686868, 1.0)",1,99.47586069023568,29577
"(0.9023809523809524, 1.0)",1,99.47582339687602,29578
"(0.896551724137931, 1.0)",1,99.47581785448764,29579
"(0.896551724137931, 1.0)",1,99.4758034643092,29580
"(0.8468468468468467, 1.0)",1,99.47576763366236,29581
"(0.984313725490196, 0.996078431372549)",1,99.47573876015076,29582
"(0.922050500014663, 1.0)",1,99.47570353574986,29583
"(0.9840686274509804, 0.996078431372549)",1,99.47565432651665,29584
"(0.9224211423699916, 1.0)",1,99.475637516639,29585
"(0.9841269841269842, 1.0)",2,99.47559629912573,29587
"(0.8129898303922073, 1.0)",1,99.47558281867964,29588
"(0.8627450980392157, 1.0)",1,99.47557671087084,29589
"(0.9565217391304348, 1.0)",1,99.47554565522566,29590
"(0.9840686274509804, 0.996078431372549)",1,99.4755277085704,29591
"(0.9168478260869564, 1.0)",2,99.47549982643996,29593
"(0.8888888888888888, 1.0)",1,99.4754899421566,29594
"(0.900854700854701, 1.0)",1,99.4754899421566,29595
"(0.9109477124183006, 1.0)",1,99.47548843485376,29596
"(0.9565217391304348, 1.0)",1,99.47547315808184,29597
"(0.9159046606415028, 0.996078431372549)",1,99.47546348417114,29598
"(0.9230769230769232, 1.0)",1,99.47545787545788,29599
"(0.7777777777777776, 1.0)",1,99.47544641137318,29600
"(0.9019607843137254, 1.0)",1,99.47539883465195,29601
"(0.8439484126984128, 1.0)",1,99.47537250311947,29602
"(0.8502976190476191, 1.0)",1,99.47534463515964,29603
"(0.683375104427736, 1.0)",4,99.47529429634692,29607
"(0.8888888888888888, 1.0)",1,99.47528309523194,29608
"(0.9841269841269842, 1.0)",1,99.47521619467884,29609
"(0.9497685185185184, 1.0)",1,99.47520957504652,29610
"(0.984504357298475, 0.996078431372549)",1,99.4751950881365,29611
"(0.9047619047619048, 1.0)",1,99.4751801801802,29612
"(0.9542023172905526, 0.996078431372549)",1,99.47508306921708,29613
"(0.9840686274509804, 0.996078431372549)",1,99.4749910795747,29614
"(0.9925925925925926, 0.996078431372549)",1,99.47498059249266,29615
"(0.9023569023569024, 1.0)",1,99.47497317497316,29616
"(0.9886710239651416, 0.996078431372549)",1,99.47494806816724,29617
"(0.9302579365079364, 1.0)",1,99.4748193935694,29618
"(0.8469839324618735, 1.0)",1,99.4748037307918,29619
"(0.7869981325863679, 1.0)",1,99.47477009291268,29620
"(0.9302579365079364, 1.0)",1,99.474749246174,29621
"(0.8817204301075269, 1.0)",1,99.47472313889972,29622
"(1.0, 1.0)",1,99.47469163103838,29623
"(0.734006734006734, 1.0)",1,99.47467964134631,29624
"(0.9230769230769232, 1.0)",1,99.47466301814129,29625
"(0.8053221288515406, 1.0)",1,99.47466188367224,29626
"(0.9841269841269842, 1.0)",1,99.47458272060604,29627
"(0.8883205456095482, 1.0)",2,99.47454103755086,29629
"(0.8893558268973552, 1.0)",1,99.4745369436051,29630
"(0.8350168350168351, 1.0)",1,99.4745244651468,29631
"(0.8857001484413657, 1.0)",1,99.47446516407012,29632
"(0.9840686274509804, 0.996078431372549)",1,99.47441979130858,29633
"(0.8468468468468467, 1.0)",1,99.47436425697296,29634
"(0.9565217391304348, 1.0)",1,99.47430875691744,29635
"(0.875, 1.0)",1,99.47412685510017,29636
"(0.8129629629629629, 1.0)",1,99.47408988957902,29637
"(0.9802054154995332, 0.996078431372549)",2,99.474039666159,29639
"(0.8487103174603176, 1.0)",1,99.47403135657449,29640
"(0.8571428571428572, 1.0)",1,99.47397787397789,29641
"(0.833064949006978, 1.0)",1,99.4739489442388,29642
"(0.7975164658278694, 1.0)",1,99.47390556436336,29643
"(0.9351258309591644, 1.0)",1,99.47390330348664,29644
"(0.8551296720061023, 1.0)",1,99.47386510324154,29645
"(0.9444444444444444, 1.0)",2,99.47385620915033,29647
"(1.0, 1.0)",3,99.47385129490392,29650
"(0.8888888888888888, 1.0)",1,99.47377501725327,29651
"(0.9841269841269842, 1.0)",1,99.47374847374851,29652
"(0.7081939799331105, 1.0)",1,99.47374121738056,29653
"(0.9224211423699916, 1.0)",1,99.4737236410409,29654
"(0.8468468468468467, 1.0)",2,99.47368667368669,29656
"(0.6156045751633987, 1.0)",2,99.47353157167736,29658
"(0.9651330532212884, 0.996078431372549)",1,99.47349418984892,29659
"(0.9306746031746032, 1.0)",1,99.4733687845928,29660
"(0.984313725490196, 0.996078431372549)",1,99.4733193277313,29661
"(0.9523809523809524, 1.0)",1,99.4733044733045,29662
"(0.9364583333333332, 1.0)",1,99.4733003369092,29663
"(0.7544006919006919, 1.0)",1,99.47329610975444,29664
"(0.8112491373360938, 1.0)",1,99.4731661224931,29665
"(0.8970659722222223, 1.0)",1,99.47315589013836,29666
"(0.9333333333333332, 1.0)",1,99.47309837309837,29667
"(0.8, 1.0)",1,99.47307909413172,29668
"(0.984313725490196, 0.996078431372549)",1,99.473038031638,29669
"(0.978144708175668, 0.996078431372549)",1,99.47300936520068,29670
"(0.9728641456582634, 0.996078431372549)",1,99.47297999157156,29671
"(0.9731377053745476, 0.996078431372549)",1,99.4729652523934,29672
"(0.9855521155830752, 0.996078431372549)",1,99.4729599734633,29673
"(0.9507101086048454, 0.9841269841269842)",1,99.47293233082712,29674
"(0.8817204301075269, 1.0)",1,99.4729140014197,29675
"(0.9023809523809524, 1.0)",1,99.47284878863826,29676
"(0.9886710239651416, 0.996078431372549)",1,99.47282517295442,29677
"(0.9202401372212692, 1.0)",1,99.47278970419468,29678
"(0.8502976190476191, 1.0)",1,99.47271752681476,29679
"(0.8551296720061023, 1.0)",1,99.4726764888764,29680
"(0.9696969696969696, 1.0)",1,99.4726326305274,29681
"(0.9847494553376906, 0.996078431372549)",1,99.47260004586654,29682
"(0.8109668109668109, 1.0)",1,99.47258297258296,29683
"(0.8518518518518519, 1.0)",1,99.47257031467558,29684
"(0.9807902108211706, 0.996078431372549)",1,99.47255147673124,29685
"(0.8271652864044169, 1.0)",1,99.47253659975104,29686
"(0.9230769230769232, 1.0)",1,99.4725290339101,29687
"(1.0, 1.0)",3,99.47252747252747,29690
"(0.9841269841269842, 1.0)",1,99.47252747252747,29691
"(0.9841269841269842, 1.0)",1,99.47249907715025,29692
"(0.992156862745098, 0.996078431372549)",1,99.47242575392752,29693
"(0.875, 1.0)",1,99.47239895174678,29694
"(0.751918158567775, 1.0)",1,99.4723885094729,29695
"(0.9766612200435728, 0.996078431372549)",1,99.4723853346618,29696
"(0.9364583333333332, 1.0)",1,99.47233111475283,29697
"(0.8319664902998236, 1.0)",1,99.4723235614052,29698
"(0.9886710239651416, 0.996078431372549)",1,99.47231653091652,29699
"(0.8402777777777779, 1.0)",1,99.4723124098124,29700
"(0.9135802469135802, 1.0)",2,99.47225908820111,29702
"(0.6944444444444445, 1.0)",1,99.47222222222224,29703
"(1.0, 1.0)",1,99.47222222222224,29704
"(0.9407729468599032, 1.0)",1,99.47220718722272,29705
"(0.9882352941176472, 0.996078431372549)",1,99.47220460895473,29706
"(0.7400546757164405, 1.0)",1,99.47220456599132,29707
"(0.8421052631578948, 1.0)",1,99.47217241822506,29708
"(0.8857001484413657, 1.0)",1,99.4720593160331,29709
"(0.9333333333333332, 1.0)",1,99.471922229817,29710
"(0.8859337035751476, 1.0)",1,99.47189895194984,29711
"(0.8502976190476191, 1.0)",1,99.47179677789052,29712
"(0.978144708175668, 0.996078431372549)",1,99.47178533647023,29713
"(0.9731377053745476, 0.996078431372549)",1,99.4717478336366,29714
"(0.683375104427736, 1.0)",1,99.47174755069491,29715
"(1.0, 1.0)",1,99.47173825541948,29716
"(0.9755757858699036, 0.996078431372549)",1,99.47172086410346,29717
"(0.8740392648287385, 1.0)",1,99.47171498121396,29718
"(0.8271652864044169, 1.0)",1,99.47168502455656,29719
"(0.9243650793650792, 1.0)",1,99.47162966042757,29720
"(0.978144708175668, 0.996078431372549)",1,99.4715940964782,29721
"(0.865079365079365, 1.0)",1,99.47158257623374,29722
"(0.9886710239651416, 0.996078431372549)",1,99.4715495473554,29723
"(0.9855521155830752, 0.996078431372549)",1,99.47150411871998,29724
"(0.9725925925925926, 0.996078431372549)",1,99.47147804150924,29725
"(0.6856760145918833, 1.0)",1,99.47146013185407,29726
"(0.9171090534979424, 1.0)",1,99.47138344104678,29727
"(0.9788235294117646, 0.996078431372549)",1,99.47137254901985,29728
"(0.992156862745098, 0.996078431372549)",1,99.47137205056026,29729
"(0.992156862745098, 0.996078431372549)",1,99.47137111569798,29730
"(0.8833628057765988, 1.0)",1,99.47130773122151,29731
"(0.9364583333333332, 1.0)",1,99.47130616489991,29732
"(0.996078431372549, 0.996078431372549)",1,99.47124039674372,29733
"(0.9230769230769232, 1.0)",1,99.47123772913248,29734
"(0.8857001484413657, 1.0)",1,99.47121280038306,29735
"(0.97718610251118, 0.996078431372549)",1,99.47121098928466,29736
"(0.9813854489164088, 0.996078431372549)",1,99.4711729814735,29737
"(0.8733091787439613, 1.0)",1,99.4711170190518,29738
"(0.97718610251118, 0.996078431372549)",1,99.47108915692598,29739
"(0.896551724137931, 1.0)",1,99.47108401445968,29740
"(0.9766612200435728, 0.996078431372549)",1,99.47107704256402,29741
"(0.9855521155830752, 0.996078431372549)",1,99.4710400245516,29742
"(0.875, 1.0)",1,99.47103174603174,29743
"(0.8822954822954823, 1.0)",1,99.47100743425212,29744
"(0.8675136116152449, 1.0)",1,99.4709994503952,29745
"(0.7167919799498746, 1.0)",1,99.47091285907076,29746
"(0.9731377053745476, 0.996078431372549)",1,99.4709126165088,29747
"(0.9444444444444444, 1.0)",1,99.47089947089948,29748
"(0.9135802469135802, 1.0)",1,99.47080664624524,29749
"(0.8904991948470209, 1.0)",1,99.47076804880008,29750
"(0.6403503049675462, 1.0)",1,99.47072671784464,29751
"(0.8550741594067247, 1.0)",1,99.47071699922036,29752
"(0.8271652864044169, 1.0)",1,99.47070070249872,29753
"(0.8904991948470209, 1.0)",1,99.47069155381176,29754
"(0.9306746031746032, 1.0)",2,99.47067863122771,29756
"(0.8803174603174604, 1.0)",1,99.4706719859661,29757
"(0.962458433665864, 0.996078431372549)",1,99.4706576080727,29758
"(0.9803376906318084, 0.996078431372549)",1,99.470656945394,29759
"(0.8332521117608837, 1.0)",1,99.47039973509273,29760
"(0.833064949006978, 1.0)",1,99.47035857325712,29761
"(0.8350168350168351, 1.0)",1,99.4703398797052,29762
"(0.7723214285714286, 1.0)",1,99.47033617103062,29763
"(0.8583509513742072, 1.0)",1,99.47027874641972,29764
"(0.9886710239651416, 0.996078431372549)",1,99.4702516838742,29765
"(0.8376068376068376, 1.0)",1,99.47024967076118,29766
"(0.8675136116152449, 1.0)",1,99.47020721430884,29767
"(0.9674603174603176, 1.0)",1,99.47020202020202,29768
"(0.896551724137931, 1.0)",1,99.47019448038938,29769
"(0.9224211423699916, 1.0)",1,99.4701504500993,29770
"(0.9707143676183924, 0.996078431372549)",1,99.47014156809848,29771
"(0.9841269841269842, 1.0)",1,99.47012537208616,29772
"(0.9306746031746032, 1.0)",1,99.47012464160387,29773
"(0.8888888888888888, 1.0)",1,99.4700640490114,29774
"(0.8627450980392157, 1.0)",1,99.4700604879633,29775
"(0.9135802469135802, 1.0)",1,99.4700575859996,29776
"(0.9602089783281734, 0.996078431372549)",1,99.47000143332212,29777
"(0.9230769230769232, 1.0)",1,99.46999978578926,29778
"(0.8013468013468013, 1.0)",1,99.4699975949976,29779
"(0.9135802469135802, 1.0)",1,99.46998799686972,29780
"(0.8888888888888888, 1.0)",1,99.46997446997446,29781
"(0.8666666666666667, 1.0)",1,99.46993746993746,29782
"(0.9696969696969696, 1.0)",2,99.46981366403408,29784
"(0.958531746031746, 1.0)",1,99.46979993386245,29785
"(1.0, 1.0)",1,99.46979979085242,29786
"(0.9507101086048454, 1.0)",1,99.46976820105004,29787
"(0.7782392026578072, 1.0)",1,99.4697598742107,29788
"(0.8376068376068376, 1.0)",1,99.46969793491532,29789
"(0.9696969696969696, 1.0)",9,99.46969696969695,29798
"(1.0, 1.0)",4,99.46969696969695,29802
"(0.8498168498168499, 1.0)",1,99.46968161610106,29803
"(0.8864468864468864, 1.0)",1,99.46966415227286,29804
"(1.0, 0.996078431372549)",1,99.4696207430343,29805
"(0.8415692007797271, 1.0)",1,99.46957778120766,29806
"(0.992156862745098, 0.996078431372549)",1,99.46956672727596,29807
"(0.75, 1.0)",1,99.46954310126353,29808
"(0.9894736842105264, 0.996078431372549)",1,99.46951716784558,29809
"(0.936719001610306, 0.996078431372549)",1,99.46950767263448,29810
"(0.8859337035751476, 1.0)",1,99.46950621240222,29811
"(0.9065438871473354, 1.0)",1,99.46947601540556,29812
"(0.8502976190476191, 1.0)",2,99.46946981077376,29814
"(0.8129898303922073, 1.0)",1,99.46945969540374,29815
"(0.8611111111111112, 1.0)",2,99.4694332937147,29817
"(0.9444444444444444, 1.0)",1,99.46942070275404,29818
"(0.9882352941176472, 0.996078431372549)",1,99.46941667895253,29819
"(0.9840686274509804, 0.9919117647058824)",1,99.46939383126764,29820
"(0.808641975308642, 1.0)",1,99.4693087938702,29821
"(1.0, 1.0)",1,99.46929589792794,29822
"(0.9507101086048454, 1.0)",1,99.46928324712684,29823
"(0.8309016086793863, 1.0)",1,99.46924096486212,29824
"(0.8833628057765988, 1.0)",1,99.46923212164592,29825
"(0.8705805822084891, 1.0)",1,99.46921809176416,29826
"(0.8831018518518517, 1.0)",1,99.46919743501266,29827
"(0.9047619047619048, 1.0)",3,99.46911130010707,29830
"(0.8112794612794614, 1.0)",1,99.46890674140674,29831
"(0.8864468864468864, 1.0)",1,99.46884416752836,29832
"(0.9589484126984128, 1.0)",1,99.46880108640678,29833
"(0.7502088554720134, 1.0)",1,99.46878842405158,29834
"(0.9602089783281734, 0.996078431372549)",1,99.46872332594232,29835
"(0.8312992626493769, 1.0)",1,99.46871192940048,29836
"(0.7167919799498746, 1.0)",1,99.46871013851764,29837
"(0.9766612200435728, 0.996078431372549)",1,99.46870886407356,29838
"(0.7400546757164405, 1.0)",1,99.4687037735322,29839
"(0.9135802469135802, 1.0)",1,99.46868686868686,29840
"(0.9272486772486772, 1.0)",1,99.4686011159634,29841
"(0.992156862745098, 0.996078431372549)",1,99.46856856192794,29842
"(0.9882352941176472, 0.996078431372549)",1,99.4685680221054,29843
"(0.808641975308642, 1.0)",1,99.4685645089154,29844
"(1.0, 0.996078431372549)",1,99.46854431831235,29845
"(0.9696969696969696, 1.0)",1,99.4684856946226,29846
"(0.9855521155830752, 0.996078431372549)",1,99.46848096548582,29847
"(1.0, 1.0)",3,99.46825396825398,29850
"(0.9841269841269842, 1.0)",12,99.46825396825398,29862
"(0.8078308130291714, 1.0)",1,99.4682509724136,29863
"(0.8521317829457364, 1.0)",2,99.46814600128552,29865
"(0.9565217391304348, 1.0)",1,99.46813005834744,29866
"(0.8475199219385267, 1.0)",1,99.46810678460562,29867
"(0.896551724137931, 1.0)",1,99.46809765476314,29868
"(1.0, 1.0)",1,99.46803438107786,29869
"(0.9087026014109348, 1.0)",1,99.46803032068487,29870
"(0.9841269841269842, 1.0)",1,99.46802612592086,29871
"(0.8977777777777779, 1.0)",1,99.46800722972766,29872
"(0.978144708175668, 0.996078431372549)",1,99.4679403164777,29873
"(0.9224211423699916, 1.0)",1,99.46789665451216,29874
"(1.0, 0.996078431372549)",1,99.4678911740137,29875
"(0.9696969696969696, 1.0)",1,99.46788445677498,29876
"(0.9742231395482168, 0.996078431372549)",1,99.46788114076064,29877
"(0.8518518518518519, 1.0)",1,99.46783112572588,29878
"(0.996078431372549, 0.996078431372549)",1,99.46783081068708,29879
"(0.976574074074074, 0.996078431372549)",1,99.46782737071462,29880
"(0.8571428571428572, 1.0)",1,99.46771474139896,29881
"(0.7167919799498746, 1.0)",1,99.46770204680196,29882
"(0.9135802469135802, 1.0)",1,99.46769469971224,29883
"(0.8448736477904788, 1.0)",1,99.46763062077083,29884
"(0.947088068181818, 1.0)",1,99.46762325316143,29885
"(1.0, 1.0)",1,99.467612242481,29886
"(0.9230769230769232, 1.0)",1,99.4675580722155,29887
"(0.9386724386724388, 1.0)",1,99.4675451317217,29888
"(0.984313725490196, 0.996078431372549)",1,99.46747702945936,29889
"(0.9763834422657952, 0.996078431372549)",1,99.46739778723617,29890
"(0.9230769230769232, 1.0)",1,99.46739692831648,29891
"(0.9333333333333332, 1.0)",1,99.46736538315486,29892
"(0.9302579365079364, 1.0)",1,99.46735123150444,29893
"(0.9882352941176472, 0.996078431372549)",1,99.46734327649207,29894
"(0.9230769230769232, 1.0)",1,99.46733808328013,29895
"(0.9840686274509804, 0.996078431372549)",1,99.46728770455574,29896
"(0.9886710239651416, 0.996078431372549)",1,99.46725391166592,29897
"(0.7200000000000001, 1.0)",1,99.46724962448748,29898
"(0.984313725490196, 0.996078431372549)",1,99.46723683822071,29899
"(0.8468468468468467, 1.0)",1,99.46717927549176,29900
"(0.9565217391304348, 1.0)",1,99.4671633850662,29901
"(0.8550741594067247, 1.0)",1,99.46716292716346,29902
"(0.9224211423699916, 1.0)",1,99.46715418710303,29903
"(0.984313725490196, 0.996078431372549)",1,99.46714193099665,29904
"(0.9202401372212692, 1.0)",1,99.46712552782962,29905
"(0.9047619047619048, 1.0)",1,99.46707493048956,29906
"(0.8129629629629629, 1.0)",1,99.46706948401392,29907
"(0.7400546757164405, 1.0)",2,99.46701234767411,29909
"(0.9391865079365078, 1.0)",1,99.46696852530188,29910
"(0.8518518518518519, 1.0)",1,99.46693624016729,29911
"(0.9855521155830752, 0.996078431372549)",1,99.46689481411708,29912
"(0.9841269841269842, 1.0)",1,99.4668208334875,29913
"(0.9224211423699916, 1.0)",1,99.46681893459387,29914
"(0.8129898303922073, 1.0)",1,99.4668051575771,29915
"(0.9497685185185184, 1.0)",1,99.4667651438279,29916
"(0.8791208791208792, 1.0)",2,99.46661164922034,29918
"(0.9444444444444444, 1.0)",1,99.46657046657046,29919
"(0.9728641456582634, 0.996078431372549)",1,99.46655785706118,29920
"(0.9104993386243384, 1.0)",2,99.4664967748301,29922
"(0.9851851851851852, 0.996078431372549)",1,99.4664205857784,29923
"(0.8518518518518519, 1.0)",1,99.46639026566564,29924
"(0.7081939799331105, 1.0)",1,99.46633577175126,29925
"(0.9827450980392156, 0.996078431372549)",1,99.46632040961012,29926
"(0.909209656084656, 1.0)",1,99.46631305910762,29927
"(0.896551724137931, 1.0)",1,99.4662486938349,29928
"(0.9841269841269842, 1.0)",2,99.4662463140724,29930
"(0.8729166666666666, 1.0)",1,99.46624198966605,29931
"(0.941561996779388, 0.996078431372549)",1,99.4661480534245,29932
"(0.9194577352472088, 1.0)",1,99.46611633980056,29933
"(0.9047619047619048, 1.0)",1,99.46608946608949,29934
"(0.9754435107376284, 0.996078431372549)",1,99.46606528576363,29935
"(0.992156862745098, 0.996078431372549)",1,99.46605568064568,29936
"(0.7544006919006919, 1.0)",2,99.46605236381552,29938
"(0.992156862745098, 0.996078431372549)",1,99.46603600860658,29939
"(0.8468468468468467, 1.0)",1,99.46601088195293,29940
"(0.9816305469556244, 0.996078431372549)",1,99.4659517257197,29941
"(0.9333333333333332, 1.0)",1,99.4659462485038,29942
"(0.7081939799331105, 1.0)",1,99.46582660315784,29943
"(0.8675136116152449, 1.0)",1,99.46581073932414,29944
"(0.9465811965811968, 1.0)",1,99.46581017166292,29945
"(0.978144708175668, 0.996078431372549)",1,99.46579766409506,29946
"(0.9816305469556244, 0.996078431372549)",1,99.46577399380824,29947
"(0.8627450980392157, 1.0)",1,99.46577124945246,29948
"(0.9660457516339868, 0.996078431372549)",1,99.46574714501206,29949
"(0.9407729468599032, 1.0)",2,99.46571304050156,29951
"(0.7167919799498746, 1.0)",1,99.46570972886762,29952
"(1.0, 1.0)",2,99.46563192904657,29954
"(0.9696969696969696, 1.0)",5,99.46563192904657,29959
"(0.9736383442265796, 0.996078431372549)",1,99.46562962962987,29960
"(0.9592592592592591, 1.0)",1,99.46560086682427,29961
"(0.9894736842105264, 0.996078431372549)",1,99.46559559921812,29962
"(0.9407729468599032, 1.0)",1,99.46559079749744,29963
"(0.9855521155830752, 0.996078431372549)",1,99.46546542008636,29964
"(0.9333333333333332, 1.0)",1,99.46542443064182,29965
"(0.9230769230769232, 1.0)",1,99.46541762331236,29966
"(0.9688764394646748, 0.996078431372549)",1,99.46541340353284,29967
"(0.9759803921568628, 0.996078431372549)",1,99.46536938007549,29968
"(0.984313725490196, 0.996078431372549)",1,99.46535869903538,29969
"(0.9609224859534458, 0.996078431372549)",1,99.46535804380257,29970
"(0.8521317829457364, 1.0)",1,99.46530260594544,29971
"(0.992156862745098, 0.996078431372549)",1,99.46528723770234,29972
"(0.7650293586269196, 1.0)",1,99.4652416684484,29973
"(0.7167919799498746, 1.0)",1,99.46522872838662,29974
"(0.8465418823841762, 1.0)",1,99.4651930768687,29975
"(0.8952020202020202, 1.0)",1,99.46516284641284,29976
"(0.6403503049675462, 1.0)",1,99.46515256378606,29977
"(0.7496650452295612, 1.0)",1,99.46513359567656,29978
"(0.9660457516339868, 0.996078431372549)",1,99.46510800631567,29979
"(0.957490630284748, 0.996078431372549)",1,99.46507637569424,29980
"(0.896551724137931, 1.0)",1,99.46505821764444,29981
"(0.9925925925925926, 0.996078431372549)",1,99.46504595196978,29982
"(0.8925865800865801, 1.0)",1,99.46503542753544,29983
"(0.9230769230769232, 1.0)",1,99.4650151018572,29984
"(0.9766612200435728, 0.996078431372549)",1,99.464986772487,29985
"(0.8376068376068376, 1.0)",1,99.46495205336667,29986
"(0.8627450980392157, 1.0)",2,99.4649475739259,29988
"(0.7081939799331105, 1.0)",1,99.46492844602666,29989
"(0.9879901960784314, 0.996078431372549)",1,99.46490986453084,29990
"(0.8977777777777779, 1.0)",1,99.4648773448774,29991
"(0.984504357298475, 0.996078431372549)",1,99.46485683162174,29992
"(0.9803921568627452, 0.996078431372549)",1,99.46485678247927,29993
"(0.8253968253968256, 1.0)",1,99.46485535074244,29994
"(0.8883205456095482, 1.0)",1,99.46479299314646,29995
"(0.9882352941176472, 0.996078431372549)",1,99.46475128998988,29996
"(0.9841269841269842, 0.996078431372549)",1,99.46474690886473,29997
"(0.7869981325863679, 1.0)",1,99.46472530074831,29998
"(0.9248366013071896, 1.0)",1,99.46471803566232,29999
"(0.8581395348837209, 1.0)",1,99.4646703074776,30000
"(0.9696969696969696, 1.0)",1,99.46464646464648,30001
"(0.7777777777777776, 1.0)",1,99.46464646464646,30002
"(0.8817204301075269, 1.0)",1,99.4646413055284,30003
"(0.9847494553376906, 0.996078431372549)",1,99.46462144278024,30004
"(0.9224211423699916, 1.0)",1,99.4646132497795,30005
"(0.992156862745098, 0.996078431372549)",1,99.46460341286986,30006
"(0.9589484126984128, 1.0)",1,99.4645559334845,30007
"(0.8078308130291714, 1.0)",1,99.46455552565172,30008
"(0.8502976190476191, 1.0)",1,99.46454223815635,30009
"(0.984313725490196, 0.996078431372549)",1,99.46453715420724,30010
"(0.9807902108211706, 0.996078431372549)",1,99.46453204088674,30011
"(0.9696969696969696, 1.0)",1,99.46451735399104,30012
"(0.9777089783281734, 0.996078431372549)",1,99.46450337444944,30013
"(0.9230769230769232, 1.0)",1,99.46445562235036,30014
"(0.896551724137931, 1.0)",1,99.46432108554036,30015
"(0.8831018518518517, 1.0)",2,99.46429379578667,30017
"(0.9841269841269842, 1.0)",1,99.46428571428572,30018
"(0.8518518518518519, 1.0)",1,99.4642742121003,30019
"(0.9841269841269842, 1.0)",1,99.46420246420249,30020
"(1.0, 1.0)",1,99.46418892760356,30021
"(0.9788235294117646, 0.996078431372549)",1,99.46413615738716,30022
"(0.9841269841269842, 1.0)",1,99.4641319819588,30023
"(0.9841269841269842, 1.0)",1,99.46400071002404,30024
"(0.8332521117608837, 1.0)",1,99.46396133463718,30025
"(0.9886710239651416, 0.996078431372549)",1,99.46391370583343,30026
"(0.8468468468468467, 1.0)",1,99.46384718695931,30027
"(0.9882352941176472, 0.996078431372549)",1,99.4638310161919,30028
"(0.7496650452295612, 1.0)",1,99.46381163121438,30029
"(1.0, 0.996078431372549)",1,99.463807345905,30030
"(0.683375104427736, 1.0)",1,99.46375028480291,30031
"(0.896551724137931, 1.0)",1,99.4636512912375,30032
"(0.984504357298475, 0.996078431372549)",1,99.46364650914984,30033
"(0.9788235294117646, 0.996078431372549)",1,99.46359702045484,30034
"(0.9842592592592592, 1.0)",1,99.46358891509831,30035
"(0.7502088554720134, 1.0)",1,99.46358485145672,30036
"(0.8425925925925927, 1.0)",2,99.46357687147164,30038
"(0.9047619047619048, 1.0)",1,99.4635620672234,30039
"(0.8468468468468467, 1.0)",1,99.46354174615048,30040
"(0.9688764394646748, 0.996078431372549)",1,99.46350507879944,30041
"(0.9727743378052977, 0.996078431372549)",1,99.46344914574036,30042
"(0.865079365079365, 1.0)",1,99.46340852130324,30043
"(0.8402777777777779, 1.0)",2,99.463403774588,30045
"(0.984313725490196, 0.996078431372549)",1,99.4633856512813,30046
"(0.9444444444444444, 1.0)",1,99.46334776334776,30047
"(0.9651330532212884, 0.996078431372549)",1,99.46327165954122,30048
"(0.9728641456582634, 0.996078431372549)",1,99.46325875964442,30049
"(0.896551724137931, 1.0)",1,99.4631718486528,30050
"(0.8627450980392157, 1.0)",1,99.46313933893688,30051
"(0.8817204301075269, 1.0)",1,99.46310953908284,30052
"(0.9135802469135802, 1.0)",1,99.46308707016132,30053
"(0.8518518518518519, 1.0)",1,99.46305224566096,30054
"(0.9172932330827066, 1.0)",2,99.4630371859345,30056
"(0.8686868686868687, 1.0)",1,99.46303369832782,30057
"(0.992156862745098, 0.996078431372549)",1,99.462999656003,30058
"(0.9047619047619048, 1.0)",1,99.46297562087037,30059
"(0.9777089783281734, 0.996078431372549)",1,99.46296694077265,30060
"(1.0, 1.0)",1,99.46296296296296,30061
"(0.9674603174603176, 1.0)",1,99.46291536050155,30062
"(0.8888888888888888, 1.0)",1,99.46290700628268,30063
"(0.896551724137931, 1.0)",3,99.46290700628268,30066
"(0.7200000000000001, 1.0)",1,99.46285714285716,30067
"(0.9881481481481482, 0.996078431372549)",1,99.46285453242648,30068
"(0.9521531100478468, 1.0)",1,99.46283625406431,30069
"(0.8888888888888888, 1.0)",1,99.46282407407406,30070
"(0.8750600325600326, 1.0)",1,99.4628141914324,30071
"(0.9380032206119162, 1.0)",1,99.46275562869766,30072
"(0.8520449077786689, 1.0)",1,99.46272941393062,30073
"(0.8803174603174604, 1.0)",1,99.4626999121736,30074
"(0.9881481481481482, 0.996078431372549)",1,99.46265496257006,30075
"(1.0, 1.0)",1,99.46264665286404,30076
"(0.7869981325863679, 1.0)",1,99.46263573659354,30077
"(0.9696969696969696, 1.0)",1,99.46263286459364,30078
"(0.8803174603174604, 1.0)",1,99.46261671908732,30079
"(1.0, 1.0)",2,99.46259588364852,30081
"(0.9841269841269842, 1.0)",3,99.46259588364852,30084
"(0.9879901960784314, 0.996078431372549)",1,99.46249856667832,30085
"(0.8873002904865649, 1.0)",1,99.46242603438324,30086
"(0.875, 1.0)",1,99.46241550846814,30087
"(0.9172932330827066, 1.0)",2,99.46233817093126,30089
"(0.9707143676183924, 0.996078431372549)",1,99.4623113649576,30090
"(0.6156045751633987, 1.0)",1,99.46227836433718,30091
"(0.8991666666666667, 1.0)",1,99.46226259172796,30092
"(0.8859337035751476, 1.0)",1,99.4622428608579,30093
"(0.9023569023569024, 1.0)",1,99.46224146224144,30094
"(0.9794117647058824, 0.996078431372549)",1,99.46221557495468,30095
"(0.8864468864468864, 1.0)",1,99.46220446220444,30096
"(0.8616898148148148, 1.0)",1,99.46220101473304,30097
"(0.8687739463601533, 1.0)",1,99.46216573975197,30098
"(0.6103828828828829, 1.0)",1,99.4621437955813,30099
"(0.8498168498168498, 1.0)",1,99.46213286713288,30100
"(0.9666666666666668, 1.0)",1,99.46204113224238,30101
"(0.8078308130291714, 1.0)",1,99.462032003489,30102
"(0.9886710239651416, 0.996078431372549)",1,99.46197777478672,30103
"(0.8888888888888888, 1.0)",1,99.461967789554,30104
"(0.8831064306064307, 1.0)",1,99.46193710745852,30105
"(0.8750600325600326, 1.0)",1,99.46192406250832,30106
"(0.7502088554720134, 1.0)",1,99.46187253055032,30107
"(0.7162037037037038, 1.0)",1,99.46182477057842,30108
"(0.9376523573891996, 0.996078431372549)",1,99.46176656447578,30109
"(0.896551724137931, 1.0)",2,99.4617642893505,30111
"(1.0, 1.0)",1,99.46176046176046,30112
"(0.9886710239651416, 0.996078431372549)",1,99.46175295264318,30113
"(0.936026936026936, 1.0)",1,99.46174122174122,30114
"(0.7162037037037038, 1.0)",1,99.46170213576148,30115
"(0.9135802469135802, 1.0)",1,99.46166983848144,30116
"(0.9391865079365078, 1.0)",1,99.46165940832007,30117
"(0.8831018518518517, 1.0)",1,99.46164549682696,30118
"(0.7081939799331105, 1.0)",1,99.46162335405693,30119
"(0.8415692007797271, 1.0)",1,99.46153296643794,30120
"(0.8468468468468467, 1.0)",1,99.46152154413024,30121
"(0.8465418823841762, 1.0)",1,99.46147246106476,30122
"(0.9466013071895424, 0.996078431372549)",1,99.46142545907274,30123
"(0.992156862745098, 0.996078431372549)",1,99.46139494979302,30124
"(0.8368686868686868, 1.0)",1,99.4613897695813,30125
"(0.909209656084656, 1.0)",1,99.46138666787084,30126
"(0.9224211423699916, 1.0)",1,99.46138218133105,30127
"(0.7707924493038034, 1.0)",1,99.46137055946524,30128
"(0.8375771604938271, 1.0)",1,99.46135714684736,30129
"(0.9638854489164088, 0.996078431372549)",1,99.46134330056697,30130
"(0.8976612797267113, 1.0)",1,99.4613174812372,30131
"(0.8375771604938271, 1.0)",1,99.46130401234568,30132
"(0.919047619047619, 1.0)",1,99.46124810861652,30133
"(0.8731060606060606, 1.0)",1,99.46124691859066,30134
"(0.8309016086793863, 1.0)",1,99.46124311902088,30135
"(0.8469839324618735, 1.0)",1,99.461235650243,30136
"(0.9674603174603176, 1.0)",1,99.4612114938202,30137
"(0.7707924493038034, 1.0)",1,99.46114265316209,30138
"(0.9172932330827066, 1.0)",1,99.46111655951472,30139
"(0.9841269841269842, 1.0)",1,99.46111312181954,30140
"(0.875, 1.0)",1,99.46110217368836,30141
"(0.9886710239651416, 0.996078431372549)",1,99.46109997513118,30142
"(0.9047619047619048, 1.0)",1,99.46103896103897,30143
"(0.9047619047619048, 1.0)",1,99.46099149388624,30144
"(0.9667927989909412, 0.996078431372549)",1,99.46086687306526,30145
"(0.8281746031746032, 1.0)",2,99.46086164992414,30147
"(0.8439484126984128, 1.0)",2,99.46080249527714,30149
"(0.8858975827700768, 1.0)",1,99.4607915083715,30150
"(0.992156862745098, 0.996078431372549)",1,99.46074991400091,30151
"(0.8518518518518519, 1.0)",1,99.46067517828388,30152
"(0.9135802469135802, 1.0)",1,99.4606526226134,30153
"(1.0, 1.0)",1,99.46062271062272,30154
"(0.909722222222222, 1.0)",1,99.46061577311578,30155
"(1.0, 1.0)",1,99.46056090983627,30156
"(0.9882352941176472, 0.996078431372549)",1,99.46055682863047,30157
"(0.7869981325863679, 1.0)",1,99.46051097253329,30158
"(0.8129898303922073, 1.0)",1,99.46040997252769,30159
"(0.7502088554720134, 1.0)",1,99.4603302558108,30160
"(0.9841269841269842, 1.0)",2,99.46031746031748,30162
"(0.9565217391304348, 1.0)",1,99.4602687371303,30163
"(1.0, 0.996078431372549)",1,99.46018809278118,30164
"(0.7400546757164405, 1.0)",1,99.4601486712271,30165
"(0.8468468468468467, 1.0)",1,99.46007436007436,30166
"(0.984313725490196, 0.996078431372549)",1,99.46006962205196,30167
"(0.9827450980392156, 0.996078431372549)",1,99.46003256318296,30168
"(0.8705805822084891, 1.0)",1,99.46000470544378,30169
"(0.8, 1.0)",1,99.459992584353,30170
"(0.8332521117608837, 1.0)",1,99.45998751181708,30171
"(0.9665319865319866, 0.996078431372549)",1,99.4599742523274,30172
"(0.896551724137931, 1.0)",1,99.45992986646344,30173
"(0.9813854489164088, 0.996078431372549)",1,99.45991380957862,30174
"(0.896551724137931, 1.0)",1,99.45989533586864,30175
"(0.8468468468468467, 1.0)",1,99.45989533586864,30176
"(0.9047619047619048, 1.0)",1,99.4598658333326,30177
"(0.833064949006978, 1.0)",1,99.4598156492871,30178
"(0.9728641456582634, 0.996078431372549)",1,99.45967492301176,30179
"(0.9674603174603176, 1.0)",2,99.45966810966812,30181
"(0.896551724137931, 1.0)",1,99.45966161824362,30182
"(0.5951421188630491, 1.0)",1,99.45965537735616,30183
"(0.875, 1.0)",1,99.45963174252648,30184
"(0.8, 1.0)",1,99.45961199294533,30185
"(0.7840187590187591, 1.0)",1,99.4595760279456,30186
"(0.8498168498168499, 1.0)",2,99.45957424218297,30188
"(0.9333333333333332, 1.0)",1,99.45951468710088,30189
"(0.9855521155830752, 0.996078431372549)",1,99.4593959981656,30190
"(0.9444444444444444, 1.0)",2,99.4593111868974,30192
"(0.8078308130291714, 1.0)",1,99.45927696701834,30193
"(0.8904991948470209, 1.0)",1,99.45926041498124,30194
"(0.9696969696969696, 1.0)",1,99.45923520923525,30195
"(0.8, 1.0)",4,99.4591942820013,30199
"(0.8859337035751476, 1.0)",1,99.45915698447492,30200
"(0.8055555555555555, 1.0)",1,99.45910694244029,30201
"(0.9171090534979424, 1.0)",1,99.45909443531885,30202
"(0.954318475928383, 0.996078431372549)",1,99.4589853620418,30203
"(0.7544006919006919, 1.0)",1,99.45889931827432,30204
"(0.7975164658278694, 1.0)",1,99.45885467553126,30205
"(0.8527777777777779, 1.0)",1,99.45883838383838,30206
"(0.8900759734093067, 1.0)",1,99.45883811404644,30207
"(0.8055555555555555, 1.0)",1,99.458827709801,30208
"(0.9866666666666668, 0.996078431372549)",1,99.45878354457172,30209
"(0.9827450980392156, 0.996078431372549)",1,99.45878171736555,30210
"(0.8571428571428572, 1.0)",1,99.458684603246,30211
"(0.8750600325600326, 1.0)",1,99.45867743809109,30212
"(0.8129629629629629, 1.0)",1,99.45866237226532,30213
"(0.8698412698412699, 0.9841269841269842)",1,99.45858585858592,30214
"(0.7460317460317459, 1.0)",1,99.45858585858586,30215
"(0.7840187590187591, 1.0)",1,99.4585741331937,30216
"(1.0, 0.996078431372549)",1,99.45857388569485,30217
"(0.8448736477904788, 1.0)",1,99.45855232712364,30218
"(0.896551724137931, 1.0)",1,99.45854009808284,30219
"(0.9842592592592592, 1.0)",1,99.45843783552772,30220
"(0.9841269841269842, 1.0)",1,99.4584163961975,30221
"(0.9696969696969696, 1.0)",1,99.45839764100634,30222
"(0.904126984126984, 1.0)",1,99.45836088763625,30223
"(0.8498168498168498, 1.0)",1,99.45831945831948,30224
"(0.8129898303922073, 1.0)",1,99.45829414525298,30225
"(0.9565217391304348, 1.0)",1,99.45821818435512,30226
"(0.992156862745098, 0.996078431372549)",1,99.45820376459784,30227
"(0.9816305469556244, 0.996078431372549)",1,99.45820276873708,30228
"(0.996078431372549, 0.996078431372549)",1,99.45810903149165,30229
"(1.0, 1.0)",2,99.45809745809746,30231
"(0.9696969696969696, 1.0)",7,99.45809745809746,30238
"(0.8831018518518517, 1.0)",1,99.45807613651098,30239
"(0.9738562091503268, 0.996078431372549)",1,99.4580561288845,30240
"(0.75, 1.0)",1,99.4580368906456,30241
"(0.9019607843137254, 1.0)",1,99.4579834653364,30242
"(0.8858975827700768, 1.0)",1,99.45789635406403,30243
"(0.8888888888888888, 1.0)",1,99.45788119838464,30244
"(0.8468468468468467, 1.0)",1,99.45787687892953,30245
"(0.9072191055010128, 1.0)",1,99.45782640534745,30246
"(0.875, 1.0)",1,99.45782148244471,30247
"(0.8883205456095482, 1.0)",2,99.45779619292878,30249
"(0.9609224859534458, 0.996078431372549)",1,99.45776389503192,30250
"(0.9047619047619048, 1.0)",2,99.45775595200882,30252
"(0.9886710239651416, 0.996078431372549)",1,99.4576141363512,30253
"(1.0, 0.996078431372549)",2,99.45759218307224,30255
"(0.8943650793650794, 1.0)",1,99.4575524013024,30256
"(0.8046935824713601, 1.0)",1,99.45754431447531,30257
"(0.9230769230769232, 1.0)",1,99.45752858252858,30258
"(0.984504357298475, 0.996078431372549)",1,99.45748901740411,30259
"(0.8013468013468013, 1.0)",1,99.45743145743144,30260
"(0.9047619047619048, 1.0)",1,99.45736979070313,30261
"(0.875, 1.0)",1,99.45735930735933,30262
"(0.9855521155830752, 0.996078431372549)",1,99.45735777708003,30263
"(0.9674603174603176, 1.0)",1,99.45733652312602,30264
"(0.992156862745098, 0.996078431372549)",1,99.45729261135632,30265
"(0.9168478260869564, 1.0)",1,99.45725227237062,30266
"(0.9168478260869564, 1.0)",1,99.45714637759518,30267
"(0.9333333333333332, 0.9841269841269842)",1,99.45714285714293,30268
"(0.9047619047619048, 1.0)",1,99.45714285714286,30269
"(0.6738095238095239, 1.0)",1,99.45711725550436,30270
"(0.8350168350168351, 1.0)",1,99.45711461803415,30271
"(0.9230769230769232, 1.0)",1,99.45708618866512,30272
"(0.9696969696969696, 1.0)",1,99.4570736866202,30273
"(0.9507101086048454, 1.0)",1,99.45705931495408,30274
"(0.9047619047619048, 1.0)",1,99.45704823965694,30275
"(0.8332521117608837, 1.0)",1,99.45701457444798,30276
"(0.9230769230769232, 1.0)",1,99.45698745698748,30277
"(0.996078431372549, 0.996078431372549)",1,99.45698140851248,30278
"(0.9230769230769232, 1.0)",2,99.45695970900812,30280
"(0.8705805822084891, 1.0)",1,99.45694767262896,30281
"(0.9667927989909412, 0.996078431372549)",1,99.4569453044378,30282
"(0.9135802469135802, 1.0)",1,99.4568728217851,30283
"(0.8888888888888888, 1.0)",1,99.45686311415211,30284
"(0.992156862745098, 0.996078431372549)",1,99.45686077195388,30285
"(0.8873002904865649, 1.0)",1,99.4567856676079,30286
"(0.8439484126984128, 1.0)",1,99.4567790168636,30287
"(0.9230769230769232, 1.0)",1,99.45671875723026,30288
"(0.683375104427736, 1.0)",1,99.45671287776553,30289
"(1.0, 0.996078431372549)",1,99.4567095352763,30290
"(0.9696969696969696, 1.0)",1,99.45669780739614,30291
"(0.9841269841269842, 0.996078431372549)",1,99.45668557906971,30292
"(0.9565217391304348, 1.0)",2,99.45667858711336,30294
"(0.9465811965811968, 1.0)",1,99.45665492553827,30295
"(0.9841269841269842, 1.0)",1,99.45665445665446,30296
"(0.9264176245210728, 1.0)",1,99.45660080178163,30297
"(0.8332521117608837, 1.0)",1,99.45656657300668,30298
"(0.7869981325863679, 1.0)",1,99.45655253073453,30299
"(0.5, 1.0)",1,99.45652173913044,30300
"(0.9565217391304348, 1.0)",13,99.45652173913044,30313
"(1.0, 1.0)",3,99.45652173913044,30316
"(0.9882352941176472, 0.996078431372549)",1,99.4564812010222,30317
"(0.9542023172905526, 0.996078431372549)",1,99.45640303580022,30318
"(0.8817204301075269, 1.0)",1,99.45638112976825,30319
"(0.9840686274509804, 0.996078431372549)",1,99.45636812619809,30320
"(0.8375771604938271, 1.0)",1,99.45631471525289,30321
"(0.9785784313725492, 0.996078431372549)",1,99.45627683662536,30322
"(0.8373015873015873, 1.0)",1,99.45624007634878,30323
"(0.8864468864468864, 1.0)",1,99.45623370172272,30324
"(0.992156862745098, 0.996078431372549)",1,99.4561800252267,30325
"(0.9803376906318084, 0.996078431372549)",1,99.45617241989622,30326
"(0.9879901960784314, 0.996078431372549)",1,99.45615952016132,30327
"(0.8893558268973552, 1.0)",1,99.45612235842177,30328
"(0.9803376906318084, 0.996078431372549)",1,99.45611695906454,30329
"(0.7975164658278694, 1.0)",1,99.4560894888873,30330
"(0.9292181620122796, 0.996078431372549)",1,99.45608291376116,30331
"(0.8888888888888888, 1.0)",1,99.4560717060717,30332
"(0.9674603174603176, 1.0)",1,99.4560378218273,30333
"(0.7982954545454546, 1.0)",1,99.45602621483376,30334
"(0.9047619047619048, 1.0)",1,99.45602022410986,30335
"(0.8112794612794614, 1.0)",1,99.45597414694636,30336
"(1.0, 1.0)",1,99.45594288752184,30337
"(0.9847494553376906, 0.996078431372549)",1,99.45590347923704,30338
"(0.9213117283950616, 1.0)",1,99.45585728904356,30339
"(0.8373015873015873, 1.0)",1,99.45584795321638,30340
"(0.9688764394646748, 0.996078431372549)",1,99.4558250169166,30341
"(0.9688764394646748, 0.996078431372549)",1,99.45580388880722,30342
"(0.9847494553376906, 0.996078431372549)",1,99.45577243018444,30343
"(0.922050500014663, 1.0)",1,99.45576422220432,30344
"(0.8883205456095482, 1.0)",1,99.45570611299512,30345
"(0.9728641456582634, 0.996078431372549)",1,99.45568950972226,30346
"(0.75, 1.0)",1,99.45566071546465,30347
"(1.0, 1.0)",1,99.45555555555556,30348
"(0.8518518518518519, 1.0)",1,99.45554304462232,30349
"(1.0, 1.0)",1,99.45554259907084,30350
"(0.7708333333333334, 1.0)",1,99.45548201798202,30351
"(0.9886710239651416, 0.996078431372549)",1,99.45546742673702,30352
"(0.896551724137931, 1.0)",1,99.45543504031023,30353
"(0.9224211423699916, 1.0)",1,99.45542068895143,30354
"(0.8600272232304901, 1.0)",2,99.45538635121216,30356
"(1.0, 1.0)",4,99.4553422422988,30360
"(0.8465418823841762, 1.0)",1,99.45534086011992,30361
"(0.9841269841269842, 1.0)",1,99.4553251082618,30362
"(0.9788235294117646, 0.996078431372549)",1,99.45529593318832,30363
"(0.8415692007797271, 1.0)",1,99.4552787833782,30364
"(0.984313725490196, 0.996078431372549)",1,99.45524117494726,30365
"(0.9224211423699916, 1.0)",1,99.4552152488483,30366
"(0.8067271451483561, 1.0)",1,99.45517040350391,30367
"(0.9023809523809524, 1.0)",1,99.45516588300949,30368
"(0.984504357298475, 0.996078431372549)",1,99.455011343719,30369
"(0.9135802469135802, 1.0)",1,99.45497204507956,30370
"(0.8888888888888888, 1.0)",1,99.4549062049062,30371
"(0.9696969696969696, 1.0)",1,99.4548768461812,30372
"(0.9882352941176472, 0.996078431372549)",1,99.4548500713828,30373
"(0.984504357298475, 0.996078431372549)",1,99.45479420460158,30374
"(0.8813492063492063, 1.0)",1,99.45478168463085,30375
"(0.8859337035751476, 1.0)",1,99.45450808526788,30376
"(0.919047619047619, 1.0)",1,99.4544982794983,30377
"(0.9882352941176472, 0.996078431372549)",1,99.45448673972535,30378
"(0.8970659722222223, 1.0)",1,99.45446274725788,30379
"(1.0, 0.996078431372549)",1,99.45445819614416,30380
"(0.996078431372549, 0.996078431372549)",1,99.45444145494476,30381
"(0.9542592592592593, 0.996078431372549)",1,99.45440488476116,30382
"(0.7982954545454546, 1.0)",1,99.45438011063013,30383
"(0.9542023172905526, 0.996078431372549)",1,99.45431721643818,30384
"(0.8527777777777779, 1.0)",1,99.45428153717629,30385
"(0.7502088554720134, 1.0)",1,99.45419855946172,30386
"(0.9135802469135802, 1.0)",1,99.45419013510968,30387
"(0.8904991948470209, 1.0)",2,99.45416505691108,30389
"(0.9879901960784314, 0.996078431372549)",1,99.45411948617856,30390
"(0.7982954545454546, 1.0)",1,99.45408411033412,30391
"(0.8970659722222223, 1.0)",1,99.45408164893168,30392
"(0.932852564102564, 1.0)",1,99.45406228883992,30393
"(0.9855521155830752, 0.996078431372549)",1,99.45393703857609,30394
"(0.865079365079365, 1.0)",1,99.45391421020712,30395
"(0.8893558268973552, 1.0)",1,99.45389851973924,30396
"(0.896551724137931, 1.0)",1,99.45387204740028,30397
"(0.9194577352472088, 1.0)",1,99.45383914331282,30398
"(0.7460317460317459, 1.0)",1,99.45382395382396,30399
"(0.9696969696969696, 1.0)",10,99.45382395382396,30409
"(1.0, 1.0)",1,99.45382395382396,30410
"(0.9841269841269842, 1.0)",2,99.45382395382396,30412
"(0.5, 1.0)",1,99.45382395382396,30413
"(0.9696969696969696, 1.0)",1,99.4538150022021,30414
"(0.9192180611357128, 1.0)",1,99.45380921545464,30415
"(0.9327096052096052, 1.0)",1,99.4537120129024,30416
"(0.9799875505757858, 0.996078431372549)",1,99.45365959834244,30417
"(0.992156862745098, 0.996078431372549)",1,99.45364199441984,30418
"(0.9444444444444444, 1.0)",2,99.45360490288029,30420
"(0.9142520753512132, 1.0)",1,99.4535418817606,30421
"(0.9224211423699916, 1.0)",1,99.45347851553262,30422
"(0.899875800993592, 1.0)",1,99.45343282795064,30423
"(0.9444444444444444, 1.0)",1,99.4533742693163,30424
"(0.9840686274509804, 0.996078431372549)",1,99.45332702671736,30425
"(0.8859337035751476, 1.0)",1,99.45330108685158,30426
"(0.9827450980392156, 0.996078431372549)",1,99.45327280975978,30427
"(0.9855521155830752, 0.996078431372549)",1,99.45326125771965,30428
"(0.8487103174603176, 1.0)",1,99.45322551552393,30429
"(0.9023569023569024, 1.0)",1,99.45319345319344,30430
"(0.883876357560568, 1.0)",1,99.45311989543156,30431
"(0.9411376480416728, 0.996078431372549)",2,99.45300084361254,30433
"(0.9361896888751108, 0.996078431372549)",1,99.45299239081736,30434
"(0.9886710239651416, 0.996078431372549)",1,99.45297975330509,30435
"(0.9803376906318084, 0.996078431372549)",1,99.45289105115754,30436
"(0.9194577352472088, 1.0)",1,99.45282313527927,30437
"(1.0, 0.996078431372549)",1,99.4527806853738,30438
"(0.984504357298475, 0.996078431372549)",1,99.45268222919177,30439
"(0.9827450980392156, 0.996078431372549)",1,99.4526676830224,30440
"(0.9230769230769232, 1.0)",1,99.45265845265853,30441
"(0.9840686274509804, 0.996078431372549)",1,99.4526371893789,30442
"(0.9135802469135802, 1.0)",1,99.45251064500914,30443
"(0.8888888888888888, 1.0)",2,99.4524164008035,30445
"(1.0, 1.0)",2,99.45238095238096,30447
"(0.9841269841269842, 1.0)",3,99.45238095238096,30450
"(0.5, 1.0)",2,99.45238095238096,30452
"(0.8312992626493769, 1.0)",1,99.45235782177244,30453
"(0.9497685185185184, 1.0)",1,99.4523553992304,30454
"(0.9070736434108526, 1.0)",1,99.45235464329434,30455
"(0.9847494553376906, 0.996078431372549)",1,99.4523410576354,30456
"(0.9565217391304348, 1.0)",1,99.45232593493463,30457
"(0.9206349206349206, 1.0)",1,99.45232323232324,30458
"(0.9333333333333332, 1.0)",1,99.45232252280309,30459
"(0.9509482401656316, 0.996078431372549)",1,99.45230989593928,30460
"(0.8125, 1.0)",1,99.45230217810862,30461
"(0.7555555555555554, 1.0)",1,99.45228937728938,30462
"(0.9769410044719642, 0.996078431372549)",1,99.4521969957576,30463
"(0.960639768728004, 0.996078431372549)",1,99.45218706015945,30464
"(0.896551724137931, 1.0)",1,99.45213860801428,30465
"(0.8571428571428572, 1.0)",1,99.4520791257122,30466
"(0.8864468864468864, 1.0)",1,99.45207785046496,30467
"(0.8527777777777779, 1.0)",1,99.45201804368472,30468
"(0.7777777777777776, 1.0)",1,99.45200557700558,30469
"(0.8345959595959597, 1.0)",2,99.45199615199616,30471
"(0.9218440553478916, 0.996078431372549)",1,99.4519495478375,30472
"(0.976661220043573, 0.996078431372549)",1,99.45194157780094,30473
"(0.992156862745098, 0.996078431372549)",1,99.45185308041368,30474
"(0.875, 1.0)",1,99.4518425947454,30475
"(0.9466013071895424, 0.996078431372549)",1,99.45183798772058,30476
"(0.734139194139194, 1.0)",1,99.45182199937408,30477
"(0.8817204301075269, 1.0)",1,99.45167892317816,30478
"(0.909722222222222, 1.0)",1,99.45167748917748,30479
"(0.8468468468468467, 1.0)",1,99.45166647166648,30480
"(0.9754901960784312, 0.996078431372549)",1,99.45166224384512,30481
"(0.9202401372212692, 1.0)",1,99.45161256567184,30482
"(0.9444444444444444, 1.0)",1,99.45153118486452,30483
"(0.8067271451483561, 1.0)",1,99.45150692376345,30484
"(0.8518518518518519, 1.0)",1,99.45150145150146,30485
"(0.8991666666666667, 1.0)",1,99.45148825023578,30486
"(1.0, 1.0)",1,99.45144607183587,30487
"(0.8309016086793863, 1.0)",1,99.45142402864624,30488
"(0.978144708175668, 0.996078431372549)",1,99.45135824186158,30489
"(0.8939664986176614, 1.0)",1,99.45133979203273,30490
"(0.9630228758169934, 0.996078431372549)",1,99.451315093289,30491
"(0.7162037037037038, 1.0)",1,99.45129956723028,30492
"(0.9306746031746032, 1.0)",1,99.4512867583432,30493
"(0.9172932330827066, 1.0)",1,99.45127898745828,30494
"(0.9841269841269842, 1.0)",1,99.45127154804574,30495
"(0.8270202020202021, 1.0)",1,99.45122655122655,30496
"(1.0, 1.0)",1,99.45117845117844,30497
"(0.8888888888888888, 1.0)",1,99.45113161692107,30498
"(0.932852564102564, 1.0)",1,99.45099907294352,30499
"(0.9803050108932462, 0.996078431372549)",1,99.45096331871191,30500
"(0.8888888888888888, 1.0)",1,99.45094213355084,30501
"(0.9135443832705497, 0.996078431372549)",1,99.45093545080891,30502
"(0.958531746031746, 1.0)",1,99.45092179232805,30503
"(0.9333333333333332, 1.0)",1,99.4508878668299,30504
"(0.9882352941176472, 0.996078431372549)",1,99.45088308083112,30505
"(0.8991666666666667, 1.0)",1,99.45082611832612,30506
"(0.9023809523809524, 1.0)",1,99.45082023239918,30507
"(0.8368686868686868, 1.0)",1,99.45081837144338,30508
"(0.875, 1.0)",1,99.45080412419122,30509
"(1.0, 1.0)",1,99.45080266024546,30510
"(0.8888888888888888, 1.0)",1,99.45079628179208,30511
"(0.8547544409613373, 1.0)",1,99.45071403692094,30512
"(0.8163854689162486, 1.0)",1,99.45066652696462,30513
"(0.8600272232304901, 1.0)",1,99.45063334573,30514
"(0.9427450980392156, 0.996078431372549)",1,99.4506268121286,30515
"(0.9667927989909412, 0.996078431372549)",1,99.4505038612447,30516
"(0.996078431372549, 0.996078431372549)",1,99.45050072787848,30517
"(0.9841269841269842, 1.0)",1,99.45046639506668,30518
"(0.9306746031746032, 1.0)",1,99.45039927960178,30519
"(0.883876357560568, 1.0)",1,99.4503837964818,30520
"(0.9788235294117646, 0.996078431372549)",1,99.45037076612138,30521
"(0.6156045751633987, 1.0)",1,99.4503598661687,30522
"(0.896551724137931, 1.0)",1,99.45033176052668,30523
"(0.8865079365079365, 1.0)",1,99.45024503798088,30524
"(0.9565217391304348, 1.0)",2,99.4502086078173,30526
"(0.9882352941176472, 0.996078431372549)",1,99.450198569061,30527
"(0.8527777777777779, 1.0)",1,99.45016247193666,30528
"(0.9230769230769232, 1.0)",1,99.4500836853778,30529
"(0.9841269841269842, 1.0)",1,99.45000034855109,30530
"(0.9740143369175628, 1.0)",1,99.4499970255751,30531
"(0.7200000000000001, 1.0)",1,99.44997434016923,30532
"(0.9630228758169934, 0.996078431372549)",1,99.44996133381603,30533
"(0.7975164658278694, 1.0)",1,99.44986485817626,30534
"(0.8627450980392157, 1.0)",1,99.4498516851458,30535
"(0.8112491373360938, 1.0)",1,99.44984389860242,30536
"(0.9740143369175628, 1.0)",1,99.44978642768965,30537
"(1.0, 0.9841269841269842)",2,99.44977244977252,30539
"(0.984313725490196, 0.996078431372549)",1,99.44976510200064,30540
"(0.9841269841269842, 1.0)",2,99.44975891317355,30542
"(0.6403503049675462, 1.0)",1,99.449725124445,30543
"(0.8281746031746032, 1.0)",1,99.44972160362784,30544
"(0.9847494553376906, 0.996078431372549)",1,99.44969989590751,30545
"(0.9465811965811968, 1.0)",1,99.4496430501172,30546
"(0.8686868686868687, 1.0)",1,99.44963924963923,30547
"(0.978144708175668, 0.996078431372549)",1,99.44960296984311,30548
"(0.9886710239651416, 0.996078431372549)",1,99.44954894663894,30549
"(0.9882352941176472, 0.996078431372549)",1,99.44952237620215,30550
"(0.9214340198321892, 1.0)",1,99.44945572326618,30551
"(0.9565217391304348, 1.0)",1,99.44942065308196,30552
"(0.9565217391304348, 1.0)",1,99.4493835232203,30553
"(0.9841269841269842, 1.0)",1,99.44933947772655,30554
"(0.7777777777777776, 1.0)",1,99.44931457431456,30555
"(0.9803921568627452, 0.996078431372549)",1,99.44926515635515,30556
"(0.9759803921568628, 0.996078431372549)",1,99.44924737571816,30557
"(0.9641959064327484, 0.996078431372549)",1,99.4491904598099,30558
"(0.9841269841269842, 1.0)",1,99.44916506276957,30559
"(0.9759803921568628, 0.996078431372549)",1,99.449150274505,30560
"(0.9886710239651416, 0.996078431372549)",1,99.44905818467764,30561
"(0.896551724137931, 1.0)",1,99.449029801616,30562
"(0.7167919799498746, 1.0)",1,99.44898811927516,30563
"(0.8686868686868687, 1.0)",1,99.448986872099,30564
"(0.875, 1.0)",1,99.44880952380952,30565
"(0.9855521155830752, 0.996078431372549)",1,99.44879875341968,30566
"(0.8813492063492063, 1.0)",1,99.44871896621896,30567
"(0.7167919799498746, 1.0)",1,99.44871437853894,30568
"(0.8831064306064307, 1.0)",1,99.44868225876378,30569
"(0.896551724137931, 1.0)",1,99.44864984145345,30570
"(0.9841269841269842, 1.0)",1,99.44862914862917,30571
"(0.9808278867102396, 0.996078431372549)",2,99.4485933379202,30573
"(0.8475199219385267, 1.0)",1,99.44858388160578,30574
"(0.9894736842105264, 0.996078431372549)",1,99.4485775713796,30575
"(0.996078431372549, 0.996078431372549)",1,99.44850041026534,30576
"(0.9840686274509804, 0.996078431372549)",1,99.44842814279728,30577
"(0.9879901960784314, 0.996078431372549)",1,99.44838935574252,30578
"(0.9493720821661996, 0.996078431372549)",1,99.44833955804567,30579
"(1.0, 1.0)",1,99.44831591173056,30580
"(0.9841269841269842, 1.0)",2,99.44831591173056,30582
"(0.8375771604938271, 1.0)",1,99.44831517574472,30583
"(0.9803376906318084, 0.996078431372549)",1,99.44827145834203,30584
"(0.9565217391304348, 1.0)",1,99.44826107869584,30585
"(0.8622222222222222, 1.0)",1,99.4482178720786,30586
"(0.9665319865319866, 0.996078431372549)",1,99.44820954644504,30587
"(0.7400546757164405, 1.0)",1,99.4481809697123,30588
"(0.9696969696969696, 1.0)",3,99.4481658692185,30591
"(1.0, 1.0)",1,99.4481658692185,30592
"(0.9047619047619048, 1.0)",1,99.44805194805195,30593
"(0.8616898148148148, 1.0)",2,99.44804417100612,30595
"(0.9696969696969696, 1.0)",1,99.4479578392622,30596
"(0.8129898303922073, 1.0)",1,99.44790834551904,30597
"(0.9882352941176472, 0.996078431372549)",2,99.44787262273351,30599
"(0.7167919799498746, 1.0)",1,99.44784636617668,30600
"(0.7611111111111112, 1.0)",1,99.44782970541593,30601
"(0.9707143676183924, 0.996078431372549)",1,99.44781340574067,30602
"(0.9841269841269842, 1.0)",2,99.4477730524242,30604
"(0.9230769230769232, 1.0)",1,99.44776828110162,30605
"(0.962458433665864, 0.996078431372549)",1,99.44775793178292,30606
"(0.984313725490196, 0.996078431372549)",1,99.4476993767715,30607
"(0.9886710239651416, 0.996078431372549)",2,99.4476862089867,30609
"(0.9135802469135802, 1.0)",2,99.44749078082413,30611
"(0.9785784313725492, 0.996078431372549)",1,99.44748355588936,30612
"(0.9769410044719642, 0.996078431372549)",1,99.4473929513328,30613
"(0.947088068181818, 1.0)",1,99.44737575782295,30614
"(0.9023809523809524, 1.0)",1,99.4473518973519,30615
"(0.9665319865319866, 0.996078431372549)",1,99.44733509725016,30616
"(0.8817204301075269, 1.0)",1,99.447328895716,30617
"(0.8888888888888888, 1.0)",1,99.44717452339955,30618
"(0.9704892057833234, 0.996078431372549)",1,99.44717110661406,30619
"(0.978144708175668, 0.996078431372549)",1,99.447161203663,30620
"(0.8970659722222223, 1.0)",1,99.4471478770928,30621
"(0.992156862745098, 0.996078431372549)",1,99.4471325558402,30622
"(0.9651330532212884, 1.0)",1,99.4470457734752,30623
"(0.8705805822084891, 1.0)",1,99.44702229872006,30624
"(0.9886710239651416, 0.996078431372549)",1,99.44701315454436,30625
"(0.9230769230769232, 1.0)",1,99.44698422959291,30626
"(0.976661220043573, 0.996078431372549)",1,99.44698071119214,30627
"(0.8345959595959597, 1.0)",2,99.44696163191853,30629
"(0.8468468468468467, 1.0)",2,99.44695823643193,30631
"(0.8163854689162486, 1.0)",2,99.44692013964092,30633
"(0.7777777777777776, 1.0)",1,99.44688644688648,30634
"(0.883876357560568, 1.0)",1,99.44688387635756,30635
"(0.8904991948470209, 1.0)",1,99.446880653836,30636
"(0.5640273704789834, 1.0)",1,99.44676781843684,30637
"(0.9444444444444444, 1.0)",1,99.44672425691918,30638
"(0.9813854489164088, 1.0)",1,99.44669762641904,30639
"(0.9230769230769232, 1.0)",1,99.44668306409793,30640
"(0.883580779054917, 1.0)",1,99.44662604654462,30641
"(0.8007240252422808, 1.0)",1,99.44658459169108,30642
"(0.8888888888888888, 1.0)",2,99.44652540442014,30644
"(0.9696969696969696, 1.0)",1,99.44646957980292,30645
"(0.9866666666666668, 0.996078431372549)",1,99.44639082413616,30646
"(0.9731377053745476, 0.996078431372549)",1,99.44632218429456,30647
"(0.992156862745098, 0.996078431372549)",1,99.44631839360449,30648
"(0.8970659722222223, 1.0)",1,99.44629197560144,30649
"(0.9023809523809524, 1.0)",1,99.44628616997038,30650
"(0.7707924493038034, 1.0)",1,99.44624269350405,30651
"(1.0, 0.996078431372549)",1,99.44620960079948,30652
"(0.9696969696969696, 1.0)",1,99.44618807118808,30653
"(0.9135802469135802, 1.0)",1,99.44616170054766,30654
"(0.9047619047619048, 1.0)",1,99.44611528822055,30655
"(0.9333333333333332, 1.0)",1,99.44604667363288,30656
"(0.9886710239651416, 0.996078431372549)",1,99.44600778519596,30657
"(0.8705805822084891, 1.0)",1,99.44600723804557,30658
"(0.8867623604465709, 1.0)",1,99.44598760522167,30659
"(0.8888888888888888, 1.0)",1,99.4459772914663,30660
"(0.9674603174603176, 1.0)",2,99.44592921698184,30662
"(0.984313725490196, 0.996078431372549)",1,99.44592592592612,30663
"(0.9886710239651416, 0.996078431372549)",1,99.44592088063312,30664
"(0.980582788671024, 0.996078431372549)",1,99.44586775731736,30665
"(0.8375771604938271, 1.0)",1,99.4458176646039,30666
"(0.984504357298475, 0.996078431372549)",1,99.44581393571096,30667
"(0.9224211423699916, 1.0)",1,99.44579776574663,30668
"(0.8376068376068376, 1.0)",2,99.44578053454865,30670
"(0.9879901960784314, 0.996078431372549)",2,99.4457625272333,30672
"(0.8487103174603176, 1.0)",1,99.44574513338569,30673
"(0.9206349206349206, 1.0)",1,99.44569922830792,30674
"(0.8571428571428572, 1.0)",1,99.44568160597572,30675
"(0.9731377053745476, 0.996078431372549)",1,99.4456476386819,30676
"(0.9542023172905526, 0.996078431372549)",1,99.4456398981711,30677
"(0.8518518518518519, 1.0)",1,99.44562341844951,30678
"(1.0, 1.0)",1,99.44559884559884,30679
"(0.9802054154995332, 0.996078431372549)",1,99.44557622645776,30680
"(0.8832772166105499, 1.0)",1,99.44556479484017,30681
"(0.9192180611357128, 1.0)",1,99.4454779534056,30682
"(0.9811403508771928, 0.996078431372549)",1,99.44544744569605,30683
"(0.9731377053745476, 0.996078431372549)",1,99.44540254064268,30684
"(0.9665319865319866, 0.996078431372549)",1,99.44539465866114,30685
"(0.992156862745098, 0.996078431372549)",1,99.44537307676715,30686
"(0.8893558268973552, 1.0)",2,99.44536937889949,30688
"(0.8264567669172932, 1.0)",1,99.44535577428852,30689
"(0.9444444444444444, 1.0)",1,99.44528934353497,30690
"(0.7869981325863679, 1.0)",1,99.44526442755516,30691
"(0.9731377053745476, 0.996078431372549)",1,99.44525177207863,30692
"(0.9731377053745476, 0.996078431372549)",1,99.44523003124488,30693
"(0.9886710239651416, 0.996078431372549)",1,99.4452281474504,30694
"(0.9589484126984128, 1.0)",1,99.4452055867834,30695
"(0.978144708175668, 0.996078431372549)",1,99.44520353170532,30696
"(0.909209656084656, 1.0)",1,99.44515528624925,30697
"(0.9023809523809524, 1.0)",1,99.44515455304928,30698
"(0.9800599128540306, 0.996078431372549)",1,99.44498824676091,30699
"(0.9565217391304348, 1.0)",1,99.44492222753092,30700
"(0.8677609399763623, 1.0)",1,99.44491131984888,30701
"(0.8281746031746032, 1.0)",1,99.44490935262994,30702
"(0.896551724137931, 1.0)",1,99.44489227247848,30703
"(0.936026936026936, 1.0)",1,99.44489000278472,30704
"(0.8330439814814815, 1.0)",1,99.44488160373577,30705
"(0.992156862745098, 0.996078431372549)",1,99.4448525068658,30706
"(0.9886710239651416, 0.996078431372549)",1,99.44472668599626,30707
"(0.9444444444444444, 1.0)",1,99.44470405489896,30708
"(0.8309016086793863, 1.0)",1,99.44466054286352,30709
"(0.9023569023569024, 1.0)",1,99.44464980777038,30710
"(0.9841269841269842, 1.0)",1,99.44464492248852,30711
"(0.8791208791208792, 1.0)",1,99.4446288519515,30712
"(1.0, 1.0)",1,99.44457458137632,30713
"(0.992156862745098, 0.996078431372549)",1,99.44453506389286,30714
"(0.8264567669172932, 1.0)",1,99.4445209712315,30715
"(0.8520449077786689, 1.0)",1,99.44449559338966,30716
"(0.8888888888888888, 1.0)",1,99.44447238497582,30717
"(0.6403503049675462, 1.0)",1,99.44444679946832,30718
"(1.0, 1.0)",1,99.44444444444451,30719
"(1.0, 1.0)",2,99.44444444444444,30721
"(0.9444444444444444, 1.0)",8,99.44444444444444,30729
"(0.875, 1.0)",1,99.44443153464891,30730
"(0.9592592592592591, 1.0)",1,99.44441466899852,30731
"(1.0, 0.996078431372549)",2,99.44437954446138,30733
"(0.9738562091503268, 0.996078431372549)",1,99.44433778966156,30734
"(0.992156862745098, 0.996078431372549)",1,99.44430139892238,30735
"(0.8163854689162486, 1.0)",1,99.44427944793487,30736
"(0.8857001484413657, 1.0)",1,99.4442684719678,30737
"(0.6856760145918833, 1.0)",1,99.44422321873994,30738
"(0.9882352941176472, 0.996078431372549)",1,99.44419738070688,30739
"(0.9886710239651416, 0.996078431372549)",1,99.44416511048888,30740
"(0.7869981325863679, 1.0)",1,99.4441620180836,30741
"(0.996078431372549, 0.996078431372549)",1,99.44413955325734,30742
"(0.875, 1.0)",1,99.44413752913752,30743
"(0.9047619047619048, 1.0)",1,99.44412964779096,30744
"(0.992156862745098, 0.996078431372549)",1,99.44409933404538,30745
"(0.875, 1.0)",1,99.4440836940837,30746
"(0.9364583333333332, 1.0)",1,99.44407551553384,30747
"(0.9602089783281734, 0.996078431372549)",1,99.4440452165274,30748
"(0.8129898303922073, 1.0)",1,99.44402196546848,30749
"(0.9866666666666668, 0.996078431372549)",1,99.44401549774638,30750
"(0.9230769230769232, 1.0)",1,99.44399312442792,30751
"(0.9135802469135802, 1.0)",1,99.4439540930769,30752
"(0.9816305469556244, 0.996078431372549)",1,99.44380964666588,30753
"(0.9763834422657952, 0.996078431372549)",1,99.44378791687636,30754
"(0.875, 1.0)",1,99.44377104377104,30755
"(0.992156862745098, 0.996078431372549)",2,99.44376361655792,30757
"(0.9230769230769232, 1.0)",1,99.44371329153938,30758
"(0.9087026014109348, 1.0)",2,99.44365283802526,30760
"(0.9224211423699916, 1.0)",1,99.44362216357102,30761
"(0.8448736477904788, 1.0)",1,99.44354340568331,30762
"(0.996078431372549, 0.996078431372549)",2,99.44353913105212,30764
"(0.9135802469135802, 1.0)",1,99.44352252685586,30765
"(0.9023809523809524, 1.0)",1,99.44347785879992,30766
"(0.984504357298475, 0.996078431372549)",1,99.44346522856672,30767
"(0.9866666666666668, 0.996078431372549)",1,99.44335369780111,30768
"(0.9224211423699916, 1.0)",1,99.4433345369676,30769
"(0.896551724137931, 1.0)",1,99.44327950615984,30770
"(0.8750600325600326, 1.0)",1,99.44325605794636,30771
"(0.8788958916900093, 0.996078431372549)",1,99.443242296919,30772
"(1.0, 0.996078431372549)",1,99.44324131406972,30773
"(0.9840686274509804, 0.996078431372549)",1,99.44312894163536,30774
"(0.9840686274509804, 0.996078431372549)",1,99.44312894163536,30775
"(0.9602089783281734, 0.996078431372549)",1,99.44311804838918,30776
"(0.9047619047619048, 1.0)",1,99.44309843839255,30777
"(0.8600272232304901, 1.0)",1,99.44298410883684,30778
"(0.954722222222222, 0.996078431372549)",1,99.44297643618874,30779
"(0.8067271451483561, 1.0)",2,99.4429541795236,30781
"(0.808641975308642, 1.0)",1,99.4429362485735,30782
"(0.992156862745098, 0.996078431372549)",1,99.44293499627182,30783
"(0.9855521155830752, 0.996078431372549)",1,99.4429024393894,30784
"(0.9651330532212884, 0.996078431372549)",1,99.44282155552304,30785
"(0.978144708175668, 0.996078431372549)",1,99.44280390518804,30786
"(0.8822954822954823, 1.0)",1,99.44277836325834,30787
"(0.8521317829457364, 1.0)",1,99.44276511640264,30788
"(0.8527777777777779, 1.0)",1,99.44272486772488,30789
"(0.875, 1.0)",1,99.44268724107434,30790
"(0.9847494553376906, 0.996078431372549)",1,99.4426330532215,30791
"(0.9674603174603176, 1.0)",1,99.4425872675419,30792
"(0.976661220043573, 0.996078431372549)",1,99.44256048618298,30793
"(0.984313725490196, 0.996078431372549)",1,99.44253350234092,30794
"(0.8958946706887884, 0.996078431372549)",1,99.44249053125549,30795
"(1.0, 1.0)",1,99.44248094111978,30796
"(0.9812636165577342, 0.996078431372549)",1,99.44243414537556,30797
"(0.909209656084656, 1.0)",1,99.44226139190856,30798
"(0.9696969696969696, 1.0)",3,99.44222444222444,30801
"(0.8520449077786689, 1.0)",1,99.44221689008276,30802
"(0.896551724137931, 1.0)",1,99.44219333900377,30803
"(0.9919117647058824, 0.996078431372549)",1,99.44214198970413,30804
"(0.9206349206349206, 1.0)",1,99.4421296984226,30805
"(0.9738562091503268, 0.996078431372549)",1,99.44211856438504,30806
"(0.9665319865319866, 0.996078431372549)",1,99.44204941572612,30807
"(0.9816305469556244, 0.996078431372549)",1,99.44202052516935,30808
"(0.9754901960784312, 0.996078431372549)",1,99.44199974336736,30809
"(0.8750600325600326, 1.0)",1,99.44199297332942,30810
"(0.9704892057833234, 0.996078431372549)",1,99.44194881142272,30811
"(0.9047619047619048, 1.0)",1,99.44188644688644,30812
"(0.683375104427736, 1.0)",1,99.4418774208248,30813
"(0.8402777777777779, 1.0)",1,99.44181437931438,30814
"(0.9, 1.0)",1,99.44180312441183,30815
"(0.8368686868686868, 1.0)",2,99.44178896787592,30817
"(0.9799875505757858, 0.996078431372549)",1,99.44177604960126,30818
"(0.9224211423699916, 1.0)",1,99.44173876008578,30819
"(0.9466207660652104, 1.0)",1,99.4417097474538,30820
"(0.980582788671024, 0.996078431372549)",1,99.44169590643293,30821
"(0.984504357298475, 0.996078431372549)",1,99.441607576415,30822
"(0.996078431372549, 0.996078431372549)",1,99.44159069672315,30823
"(0.7400546757164405, 1.0)",1,99.4415646472264,30824
"(0.7555555555555554, 1.0)",1,99.44152858635616,30825
"(0.8864468864468864, 1.0)",1,99.44151619275236,30826
"(0.9364583333333332, 1.0)",1,99.44149031615066,30827
"(0.992156862745098, 0.996078431372549)",1,99.44145396526292,30828
"(0.8151260504201681, 1.0)",1,99.44141849193,30829
"(0.8368686868686868, 1.0)",1,99.4413967505778,30830
"(0.9788235294117646, 0.996078431372549)",1,99.441394731263,30831
"(0.7975164658278694, 1.0)",1,99.44135813847556,30832
"(0.8332521117608837, 1.0)",1,99.4413563167655,30833
"(0.8731060606060606, 1.0)",1,99.44133336048658,30834
"(0.954722222222222, 0.996078431372549)",1,99.441323529412,30835
"(0.9841269841269842, 1.0)",1,99.44126984126984,30836
"(0.9742231395482168, 0.996078431372549)",1,99.44120227038204,30837
"(0.9047619047619048, 1.0)",1,99.44112459798734,30838
"(0.8425595238095238, 1.0)",1,99.44107462877624,30839
"(0.9755757858699036, 0.996078431372549)",1,99.44102481694456,30840
"(0.8468468468468467, 1.0)",1,99.44102414102414,30841
"(0.9230769230769232, 1.0)",1,99.44101824101824,30842
"(0.8817204301075269, 1.0)",1,99.44099122467244,30843
"(0.8266666666666667, 1.0)",2,99.44098444765112,30845
"(0.9674603174603176, 1.0)",1,99.44096309798066,30846
"(0.9841269841269842, 1.0)",1,99.4409588969547,30847
"(0.9855521155830752, 0.996078431372549)",1,99.4408872262357,30848
"(1.0, 1.0)",2,99.44080568124686,30850
"(0.5951421188630491, 1.0)",1,99.44079608567304,30851
"(0.8453267162944582, 1.0)",1,99.44079399411469,30852
"(0.7167919799498746, 1.0)",1,99.44074843490212,30853
"(0.9886710239651416, 0.996078431372549)",1,99.44073481990496,30854
"(0.9019607843137254, 1.0)",1,99.440731584099,30855
"(0.9916666666666668, 0.996078431372549)",1,99.44071072728931,30856
"(0.992156862745098, 0.996078431372549)",1,99.44069933002464,30857
"(1.0, 1.0)",2,99.44068953746373,30859
"(0.9206349206349206, 1.0)",1,99.44068479829347,30860
"(0.9565217391304348, 1.0)",3,99.44064872325742,30863
"(0.5, 1.0)",1,99.44064872325742,30864
"(0.8977777777777779, 1.0)",1,99.44061377319998,30865
"(0.896551724137931, 1.0)",1,99.44060981658312,30866
"(0.9320397146712937, 0.996078431372549)",2,99.44059437652233,30868
"(0.9213117283950616, 1.0)",2,99.44058649329315,30870
"(0.9696969696969696, 0.9841269841269842)",1,99.44056326814952,30871
"(0.8502976190476191, 1.0)",1,99.44047031652572,30872
"(0.7708333333333334, 1.0)",1,99.440386002886,30873
"(0.9444444444444444, 1.0)",2,99.44037940379404,30875
"(0.8275809031622985, 1.0)",2,99.44037371220512,30877
"(0.9399223139548216, 0.996078431372549)",1,99.4403734575254,30878
"(0.8518518518518519, 1.0)",1,99.44036536536537,30879
"(0.7777777777777776, 1.0)",1,99.44027577360912,30880
"(0.9667927989909412, 0.996078431372549)",1,99.4402653283538,30881
"(0.896551724137931, 1.0)",1,99.44024505151248,30882
"(0.6156045751633987, 1.0)",1,99.4402241403808,30883
"(0.8253968253968256, 1.0)",1,99.44011544011543,30884
"(0.9047619047619048, 1.0)",1,99.44011544011543,30885
"(0.8055555555555555, 1.0)",1,99.44005376344086,30886
"(0.7987835673811283, 1.0)",1,99.43995750918006,30887
"(0.8402777777777779, 1.0)",1,99.43989037739038,30888
"(0.8727272727272727, 1.0)",1,99.439881323863,30889
"(0.9886710239651416, 0.996078431372549)",1,99.43986240110098,30890
"(0.8518954248366013, 1.0)",1,99.439817555825,30891
"(0.7167919799498746, 1.0)",1,99.43978225132724,30892
"(0.7081939799331105, 1.0)",1,99.43972270956668,30893
"(0.9808278867102396, 0.996078431372549)",1,99.43970204158975,30894
"(0.9230769230769232, 1.0)",1,99.43968398751008,30895
"(0.9855521155830752, 0.996078431372549)",1,99.43966558909376,30896
"(0.9841269841269842, 1.0)",1,99.43963183963184,30897
"(0.9841269841269842, 1.0)",2,99.43961352657006,30899
"(0.8750600325600326, 1.0)",1,99.4396067343088,30900
"(0.9444444444444444, 1.0)",1,99.43959899749376,30901
"(0.8498168498168499, 1.0)",4,99.43958838009186,30905
"(0.992156862745098, 0.996078431372549)",1,99.43956643242116,30906
"(0.9192180611357128, 1.0)",1,99.43956520217182,30907
"(0.7650293586269196, 1.0)",1,99.43950476747732,30908
"(0.9027274557165862, 1.0)",1,99.43943039076548,30909
"(0.9696969696969696, 1.0)",2,99.43939393939394,30911
"(0.9803050108932462, 0.996078431372549)",1,99.43938624769213,30912
"(0.992156862745098, 0.996078431372549)",1,99.43933940242783,30913
"(0.9206349206349206, 1.0)",1,99.4392526771474,30914
"(0.8888888888888888, 1.0)",3,99.43921065515268,30917
"(0.9230769230769232, 1.0)",1,99.43912373752192,30918
"(0.9808278867102396, 0.996078431372549)",1,99.43910355210689,30919
"(0.8791208791208792, 1.0)",1,99.43900543900544,30920
"(0.9444444444444444, 1.0)",1,99.43897787948136,30921
"(0.97718610251118, 0.996078431372549)",1,99.43889360193629,30922
"(0.8864468864468864, 1.0)",1,99.43885252174726,30923
"(0.8468468468468467, 1.0)",1,99.43882250403988,30924
"(0.7544006919006919, 1.0)",1,99.4388200704985,30925
"(0.8271652864044169, 1.0)",2,99.43881134867549,30927
"(0.9171090534979424, 1.0)",1,99.43881044238682,30928
"(0.9728641456582634, 0.996078431372549)",1,99.43880992629536,30929
"(0.978144708175668, 0.996078431372549)",1,99.43870972365576,30930
"(0.7975164658278694, 1.0)",1,99.43870563408692,30931
"(0.9851851851851852, 0.996078431372549)",1,99.438673030616,30932
"(0.9696969696969696, 1.0)",1,99.43867243867244,30933
"(0.7705882352941177, 1.0)",1,99.43850789724874,30934
"(0.8888888888888888, 1.0)",1,99.43849941058178,30935
"(0.9168478260869564, 1.0)",1,99.4384684731462,30936
"(0.9742231395482168, 0.996078431372549)",1,99.4384660589384,30937
"(0.932852564102564, 1.0)",1,99.43844346904692,30938
"(0.9841269841269842, 1.0)",1,99.4383897148603,30939
"(0.9333333333333332, 1.0)",1,99.43838383838384,30940
"(0.9579248366013072, 0.996078431372549)",1,99.43829754123897,30941
"(0.9194577352472088, 1.0)",1,99.43828488936848,30942
"(0.7840187590187591, 1.0)",1,99.438272005772,30943
"(0.9333333333333332, 1.0)",1,99.43823953823956,30944
"(0.9704892057833234, 0.996078431372549)",1,99.43823901686991,30945
"(0.8350168350168351, 1.0)",1,99.43823798662508,30946
"(0.984313725490196, 0.996078431372549)",1,99.43822485134424,30947
"(0.9827450980392156, 0.996078431372549)",1,99.43821252477622,30948
"(0.992156862745098, 0.996078431372549)",1,99.4382047083943,30949
"(0.9172932330827066, 1.0)",1,99.43819396977295,30950
"(0.996078431372549, 0.996078431372549)",1,99.43819135968675,30951
"(0.9172932330827066, 1.0)",2,99.43817445913636,30953
"(0.9444444444444444, 1.0)",1,99.43813288161115,30954
"(0.9230769230769232, 1.0)",1,99.43797379091497,30955
"(0.9696969696969696, 1.0)",2,99.43795093795094,30957
"(0.5, 1.0)",2,99.43795093795094,30959
"(0.8216380182002021, 1.0)",1,99.43794109865416,30960
"(0.9738562091503268, 0.996078431372549)",1,99.43788126361676,30961
"(0.9803376906318084, 0.996078431372549)",1,99.4378748341444,30962
"(0.9847494553376906, 0.996078431372549)",1,99.43786271589768,30963
"(0.9759803921568628, 0.996078431372549)",1,99.43782129847014,30964
"(0.9264176245210728, 1.0)",1,99.43781053570784,30965
"(0.9192180611357128, 1.0)",1,99.43777126512964,30966
"(0.683375104427736, 1.0)",2,99.43777005237106,30968
"(0.8067271451483561, 1.0)",1,99.43767826651369,30969
"(0.896551724137931, 1.0)",1,99.43767104542968,30970
"(0.9803376906318084, 0.996078431372549)",1,99.4376297361052,30971
"(0.9764161220043572, 0.996078431372549)",1,99.43754623959148,30972
"(0.7982954545454546, 1.0)",1,99.43752505210838,30973
"(0.8925865800865801, 1.0)",1,99.43744674637531,30974
"(0.8425925925925927, 1.0)",1,99.43738210259951,30975
"(0.9894736842105264, 0.996078431372549)",1,99.4373135414166,30976
"(0.9879901960784314, 0.996078431372549)",1,99.4372791455765,30977
"(0.8817204301075269, 1.0)",1,99.43727598566308,30978
"(0.9542023172905526, 0.996078431372549)",1,99.43724308915507,30979
"(0.7167919799498746, 1.0)",1,99.43717948294608,30980
"(0.8675136116152449, 1.0)",3,99.43712886295091,30983
"(0.9847494553376906, 0.996078431372549)",1,99.43700698338492,30984
"(0.9755757858699036, 0.996078431372549)",1,99.43698431296806,30985
"(0.7167919799498746, 1.0)",1,99.4369821494154,30986
"(0.9841269841269842, 1.0)",1,99.43696448479056,30987
"(0.8419830743891047, 1.0)",1,99.43695481298442,30988
"(0.9224211423699916, 1.0)",1,99.436940439498,30989
"(1.0, 1.0)",1,99.43683198521909,30990
"(0.8053221288515406, 1.0)",2,99.4367944879101,30992
"(0.8547544409613373, 1.0)",1,99.43679285971638,30993
"(0.9740143369175628, 1.0)",1,99.43673371621982,30994
"(0.8448736477904788, 1.0)",1,99.4367320316361,30995
"(0.883580779054917, 1.0)",1,99.43672943184592,30996
"(0.9427450980392156, 0.996078431372549)",2,99.43671450222624,30998
"(0.9841269841269842, 1.0)",1,99.43668081784024,30999
"(0.9565217391304348, 1.0)",2,99.436583682607,31001
"(0.9807902108211706, 0.996078431372549)",1,99.43657796451936,31002
"(0.9754901960784312, 0.996078431372549)",1,99.43654055639374,31003
"(0.9813854489164088, 0.996078431372549)",1,99.43651719167222,31004
"(0.5, 1.0)",2,99.43650793650794,31006
"(0.9919117647058824, 0.996078431372549)",1,99.43648789911714,31007
"(0.9023809523809524, 1.0)",1,99.43646698646698,31008
"(0.9766612200435728, 0.996078431372549)",1,99.43642623716175,31009
"(0.9696969696969696, 1.0)",1,99.43638621739308,31010
"(0.8350168350168351, 1.0)",1,99.43638441279094,31011
"(0.7081939799331105, 1.0)",1,99.4363727789318,31012
"(0.909722222222222, 1.0)",1,99.4363417647838,31013
"(0.8551296720061023, 1.0)",1,99.43633467434364,31014
"(0.8518518518518519, 1.0)",1,99.43632585737848,31015
"(0.7869981325863679, 1.0)",1,99.43627422577325,31016
"(0.9802054154995332, 0.996078431372549)",1,99.4362718479207,31017
"(0.896551724137931, 1.0)",1,99.43626559214128,31018
"(0.8502976190476191, 1.0)",2,99.43617462013296,31020
"(0.90375116713352, 0.996078431372549)",1,99.43616246498624,31021
"(0.8266666666666667, 1.0)",1,99.43610680855564,31022
"(0.984313725490196, 0.996078431372549)",1,99.43609259689843,31023
"(0.9407729468599032, 1.0)",1,99.4360683177531,31024
"(0.936026936026936, 1.0)",1,99.4360041517936,31025
"(0.875, 1.0)",1,99.43596681096682,31026
"(0.8872324192835029, 0.996078431372549)",1,99.43596128329898,31027
"(0.9816305469556244, 0.996078431372549)",1,99.4358821809428,31028
"(0.9807902108211706, 0.996078431372549)",1,99.43587761615392,31029
"(0.8375771604938271, 1.0)",1,99.43586859454814,31030
"(0.8423371647509579, 1.0)",1,99.4358634641596,31031
"(0.8520449077786689, 1.0)",1,99.4358450978961,31032
"(0.8170426065162907, 1.0)",4,99.43584121586964,31036
"(0.8550741594067247, 1.0)",1,99.43582326666062,31037
"(0.8275809031622985, 1.0)",1,99.43581758150587,31038
"(0.8686868686868687, 1.0)",1,99.43578643578644,31039
"(0.9224211423699916, 1.0)",1,99.43575322091948,31040
"(0.962458433665864, 0.996078431372549)",1,99.43568197454444,31041
"(0.9882352941176472, 0.996078431372549)",1,99.43566344216524,31042
"(0.8468468468468467, 1.0)",1,99.43561583416655,31043
"(0.808641975308642, 1.0)",1,99.43559557726223,31044
"(0.9135802469135802, 1.0)",1,99.43553828887164,31045
"(0.8163854689162486, 1.0)",1,99.43553073912074,31046
"(0.9763834422657952, 0.996078431372549)",1,99.43550904977396,31047
"(0.875, 1.0)",1,99.43549973418394,31048
"(0.8791208791208792, 1.0)",1,99.4354766809657,31049
"(0.9847494553376906, 0.996078431372549)",1,99.43544601711808,31050
"(0.8627450980392157, 1.0)",1,99.4353942769813,31051
"(0.875, 1.0)",1,99.43534632034633,31052
"(0.9272486772486772, 1.0)",1,99.43534544159544,31053
"(0.9696969696969696, 1.0)",3,99.43532889874352,31056
"(0.8368686868686868, 1.0)",1,99.4353267967942,31057
"(0.8112491373360938, 1.0)",1,99.43531671342323,31058
"(0.9925925925925926, 0.996078431372549)",1,99.4353165664946,31059
"(0.95536349042541, 0.996078431372549)",1,99.43528970421376,31060
"(0.9445350241545892, 1.0)",1,99.43522029053428,31061
"(0.9755757858699036, 0.996078431372549)",1,99.43517473852702,31062
"(0.9651330532212884, 0.996078431372549)",1,99.43516896817226,31063
"(0.7081939799331105, 1.0)",1,99.43516788565702,31064
"(0.8833628057765988, 1.0)",1,99.4350813974686,31065
"(0.8729166666666666, 1.0)",1,99.43507953466286,31066
"(0.9662707390648568, 0.996078431372549)",1,99.4350566980063,31067
"(0.8817204301075269, 1.0)",1,99.43503131675176,31068
"(0.9847494553376906, 0.996078431372549)",1,99.43503091565034,31069
"(1.0, 1.0)",1,99.43499063865195,31070
"(0.8888888888888888, 1.0)",1,99.43497022125206,31071
"(1.0, 0.996078431372549)",1,99.43491830065372,31072
"(0.5640273704789834, 1.0)",1,99.43491671505254,31073
"(0.9841269841269842, 1.0)",1,99.43487126651426,31074
"(0.7869981325863679, 1.0)",1,99.43477951585687,31075
"(0.8078308130291714, 1.0)",1,99.43475445699636,31076
"(0.9763834422657952, 0.996078431372549)",1,99.43472383052128,31077
"(0.996078431372549, 0.996078431372549)",1,99.43471635863295,31078
"(0.978144708175668, 0.996078431372549)",1,99.4346915751949,31079
"(0.9135802469135802, 1.0)",2,99.43466299558254,31081
"(0.9565217391304348, 1.0)",1,99.43460687238796,31082
"(0.9666666666666668, 1.0)",2,99.43460066503545,31084
"(0.9521531100478468, 1.0)",1,99.43460042008137,31085
"(0.9916666666666668, 0.996078431372549)",1,99.434587166754,31086
"(0.8275809031622985, 1.0)",1,99.43456096774926,31087
"(0.962458433665864, 0.996078431372549)",1,99.43454494078355,31088
"(0.9479380641145349, 0.996078431372549)",1,99.43451258866142,31089
"(0.9224211423699916, 1.0)",1,99.4344916544405,31090
"(1.0, 1.0)",1,99.43447588375123,31091
"(0.9444444444444444, 1.0)",1,99.43444381705253,31092
"(0.9841269841269842, 1.0)",1,99.43434343434345,31093
"(0.7496650452295612, 1.0)",1,99.43434096238391,31094
"(0.8402777777777779, 1.0)",1,99.43433600713011,31095
"(0.9886710239651416, 0.996078431372549)",1,99.43429840197662,31096
"(0.8487103174603176, 1.0)",1,99.43428523636858,31097
"(0.8345959595959597, 1.0)",1,99.43428104303104,31098
"(0.875, 1.0)",1,99.43424124184996,31099
"(0.8817204301075269, 1.0)",1,99.43416889760977,31100
"(0.9302579365079364, 1.0)",1,99.43413820436578,31101
"(0.996078431372549, 0.996078431372549)",1,99.43413256014584,31102
"(0.9023569023569024, 1.0)",1,99.43411559201031,31103
"(0.9769410044719642, 0.996078431372549)",1,99.43410175766236,31104
"(0.9589484126984128, 1.0)",1,99.43406640607748,31105
"(0.8616898148148148, 1.0)",2,99.4340028872959,31107
"(0.954722222222222, 0.996078431372549)",1,99.4339862319199,31108
"(0.9609224859534458, 0.996078431372549)",1,99.43386123880728,31109
"(0.8339307048984469, 1.0)",1,99.4337984297662,31110
"(0.7544006919006919, 1.0)",1,99.43378540583896,31111
"(0.9886710239651416, 0.996078431372549)",1,99.4337811066458,31112
"(0.8750600325600326, 1.0)",1,99.43376665818988,31113
"(0.8078308130291714, 1.0)",1,99.43371761692084,31114
"(0.9691219096334186, 0.996078431372549)",1,99.43370546001287,31115
"(0.9841269841269842, 1.0)",1,99.43368900832894,31116
"(0.9483440170940168, 1.0)",1,99.43366733731364,31117
"(0.8425925925925927, 1.0)",1,99.43366282416628,31118
"(0.904126984126984, 1.0)",1,99.43358856197564,31119
"(0.9609224859534458, 0.996078431372549)",1,99.43355566203114,31120
"(0.9313762626262628, 1.0)",1,99.43354631877482,31121
"(0.883580779054917, 1.0)",1,99.4334883212078,31122
"(0.8375771604938271, 1.0)",1,99.43346485745296,31123
"(0.9230769230769232, 1.0)",1,99.43345543345544,31124
"(0.9925925925925926, 0.996078431372549)",1,99.43343971932228,31125
"(0.9800599128540306, 0.996078431372549)",1,99.43340504037896,31126
"(0.9230769230769232, 1.0)",1,99.43333840277812,31127
"(1.0, 1.0)",7,99.43333333333334,31134
"(0.9886710239651416, 0.996078431372549)",1,99.43332074227676,31135
"(0.875, 1.0)",1,99.43327447406396,31136
"(0.954722222222222, 0.996078431372549)",1,99.43326375579495,31137
"(0.875, 1.0)",1,99.4332321934271,31138
"(0.9333333333333332, 1.0)",1,99.43321999413952,31139
"(0.8965062388591801, 0.996078431372549)",1,99.43321848516143,31140
"(0.8888888888888888, 1.0)",1,99.43321557669384,31141
"(0.8831064306064307, 1.0)",1,99.43318073495703,31142
"(0.9879901960784314, 0.996078431372549)",1,99.43315475185314,31143
"(0.9135802469135802, 1.0)",1,99.4331162664496,31144
"(0.980582788671024, 0.996078431372549)",1,99.43308725244503,31145
"(0.992156862745098, 0.996078431372549)",1,99.433086396013,31146
"(0.9754901960784312, 0.996078431372549)",1,99.4330744754044,31147
"(0.976661220043573, 0.996078431372549)",1,99.43305576743816,31148
"(0.9047619047619048, 1.0)",2,99.4330158108594,31150
"(0.8705805822084891, 1.0)",1,99.43299766445487,31151
"(0.9704892057833234, 0.996078431372549)",1,99.43297277656433,31152
"(0.875, 1.0)",1,99.43296474057344,31153
"(0.8686868686868687, 1.0)",1,99.43294783789668,31154
"(0.9507101086048454, 1.0)",2,99.43287161586248,31156
"(1.0, 1.0)",1,99.43284493284492,31157
"(0.9444444444444444, 1.0)",2,99.43284493284492,31159
"(0.9807902108211706, 0.996078431372549)",1,99.43278053562716,31160
"(0.9841269841269842, 1.0)",1,99.43271221532092,31161
"(0.8046935824713601, 1.0)",2,99.43268214795992,31163
"(0.9696969696969696, 1.0)",1,99.43265993265992,31164
"(0.9230769230769232, 1.0)",1,99.4326167659501,31165
"(0.9800599128540306, 0.996078431372549)",1,99.43260488176988,31166
"(0.9755757858699036, 0.996078431372549)",1,99.43256965125256,31167
"(0.8686868686868687, 1.0)",1,99.43255647860911,31168
"(0.9168478260869564, 1.0)",1,99.43246155477736,31169
"(0.996078431372549, 0.996078431372549)",1,99.43244942421435,31170
"(0.9565217391304348, 1.0)",1,99.43238457731212,31171
"(0.8402777777777779, 1.0)",1,99.43235097450211,31172
"(0.7650293586269196, 1.0)",1,99.43232441422842,31173
"(0.8731060606060606, 1.0)",2,99.43231884820426,31175
"(0.9707143676183924, 0.996078431372549)",1,99.43230372036965,31176
"(0.9023569023569024, 1.0)",1,99.4322991822992,31177
"(0.962458433665864, 0.996078431372549)",1,99.4322622890814,31178
"(0.9740143369175628, 1.0)",1,99.43225806211358,31179
"(0.9925925925925926, 0.996078431372549)",1,99.43217844447744,31180
"(0.9755757858699036, 0.996078431372549)",1,99.43212740899264,31181
"(1.0, 0.996078431372549)",1,99.43208052067207,31182
"(0.9579374057315234, 0.996078431372549)",1,99.4320504287696,31183
"(0.943982716990723, 1.0)",1,99.43204897109048,31184
"(0.8822954822954823, 1.0)",1,99.43195171044336,31185
"(0.896551724137931, 1.0)",1,99.43190759282712,31186
"(0.9754435107376284, 0.996078431372549)",1,99.43183096630489,31187
"(0.996078431372549, 0.996078431372549)",1,99.43182675478276,31188
"(0.9667927989909412, 0.996078431372549)",1,99.43179613541932,31189
"(0.9851851851851852, 0.996078431372549)",1,99.43176126591013,31190
"(0.9592592592592591, 1.0)",1,99.4317294973545,31191
"(0.9847494553376906, 0.996078431372549)",1,99.43162510033277,31192
"(0.9135802469135802, 1.0)",1,99.43161990659908,31193
"(0.9816305469556244, 0.996078431372549)",1,99.43161866341455,31194
"(0.9172932330827066, 1.0)",1,99.4315428723324,31195
"(0.7982954545454546, 1.0)",1,99.43148942107278,31196
"(0.976661220043573, 0.996078431372549)",1,99.43147809362996,31197
"(0.8275809031622985, 1.0)",1,99.43133889426784,31198
"(0.9696969696969696, 1.0)",1,99.43131313131312,31199
"(1.0, 1.0)",1,99.43128040689972,31200
"(0.9047619047619048, 1.0)",1,99.43126034459368,31201
"(0.9894736842105264, 0.996078431372549)",1,99.43113389534464,31202
"(1.0, 1.0)",1,99.43113234382234,31203
"(0.8888888888888888, 1.0)",1,99.43110314615691,31204
"(0.9171090534979424, 1.0)",1,99.43105279593404,31205
"(0.8468468468468467, 1.0)",1,99.43097383097384,31206
"(0.9816305469556244, 0.996078431372549)",1,99.43097143482616,31207
"(0.9811403508771928, 0.996078431372549)",1,99.4309656120269,31208
"(0.7782392026578072, 1.0)",1,99.43092690173934,31209
"(0.9886710239651416, 0.996078431372549)",1,99.43089115018704,31210
"(0.740829346092504, 1.0)",1,99.43089039615356,31211
"(0.9507101086048454, 1.0)",1,99.4308325829802,31212
"(0.75, 1.0)",1,99.43080808080808,31213
"(0.875, 1.0)",1,99.43077745417564,31214
"(0.984504357298475, 0.996078431372549)",1,99.43074053598072,31215
"(0.9224211423699916, 1.0)",1,99.4306630911154,31216
"(0.9886710239651416, 0.996078431372549)",1,99.43064904909352,31217
"(0.8266666666666667, 1.0)",1,99.43062289562288,31218
"(0.8897707231040564, 1.0)",1,99.43059889654091,31219
"(0.7496650452295612, 1.0)",1,99.43049634853398,31220
"(0.8281746031746032, 1.0)",1,99.43049466214788,31221
"(0.984313725490196, 0.996078431372549)",1,99.4304589831682,31222
"(0.9808278867102396, 0.996078431372549)",1,99.43037742285335,31223
"(0.9444444444444444, 1.0)",1,99.4303527129614,31224
"(0.7167919799498746, 1.0)",1,99.430345093503,31225
"(0.9919117647058824, 0.996078431372549)",1,99.43032281759083,31226
"(0.9592592592592591, 1.0)",1,99.43031424888386,31227
"(0.9827450980392156, 0.996078431372549)",1,99.43031003740003,31228
"(0.7996201329534663, 1.0)",1,99.4302988412184,31229
"(0.9777089783281734, 0.996078431372549)",1,99.43029091594128,31230
"(0.8468468468468467, 1.0)",1,99.43028056288928,31231
"(0.9620227038183696, 0.996078431372549)",1,99.43022576867028,31232
"(0.9135802469135802, 1.0)",2,99.43022131194176,31234
"(0.9778966131907308, 0.996078431372549)",1,99.43019948365688,31235
"(0.7707924493038034, 1.0)",2,99.43003288479424,31237
"(0.9728641456582634, 0.996078431372549)",1,99.42996004444689,31238
"(0.8163854689162486, 1.0)",1,99.42991817777845,31239
"(0.8129898303922073, 1.0)",1,99.4299132310656,31240
"(0.9197362278244632, 0.996078431372549)",1,99.42987771538844,31241
"(0.9351258309591644, 1.0)",2,99.42980524831016,31243
"(0.8571428571428572, 1.0)",1,99.42979299756796,31244
"(0.8376068376068376, 1.0)",1,99.42979242979244,31245
"(0.8888888888888888, 1.0)",1,99.4297762057495,31246
"(0.7782392026578072, 1.0)",1,99.42977421649913,31247
"(0.8666666666666667, 1.0)",1,99.42972713390913,31248
"(0.6403503049675462, 1.0)",1,99.42968767652792,31249
"(0.9847494553376906, 0.996078431372549)",1,99.42964456893893,31250
"(0.9224211423699916, 1.0)",1,99.42960500079,31251
"(0.7782392026578072, 1.0)",1,99.42947998571466,31252
"(0.8864468864468864, 1.0)",1,99.42941877436763,31253
"(0.9886710239651416, 0.996078431372549)",1,99.4294058438701,31254
"(0.9847494553376906, 0.996078431372549)",1,99.42939710743208,31255
"(1.0, 1.0)",1,99.4293711119798,31256
"(0.996078431372549, 0.996078431372549)",1,99.42937064884458,31257
"(0.984313725490196, 0.996078431372549)",1,99.4293675810016,31258
"(0.996078431372549, 0.996078431372549)",1,99.42932829697556,31259
"(0.9886710239651416, 0.996078431372549)",1,99.42930714051478,31260
"(0.984313725490196, 0.996078431372549)",1,99.42924275169722,31261
"(0.9811403508771928, 0.996078431372549)",1,99.42921650887686,31262
"(0.9206349206349206, 1.0)",1,99.42918923386924,31263
"(0.9894736842105264, 0.996078431372549)",1,99.42918403033752,31264
"(0.9579248366013072, 0.996078431372549)",1,99.42915952881988,31265
"(0.8845959595959596, 0.996078431372549)",1,99.42914933650252,31266
"(0.9886710239651416, 0.996078431372549)",1,99.42914455611916,31267
"(0.7081939799331105, 1.0)",4,99.42905580329491,31271
"(0.9023809523809524, 1.0)",1,99.42905369484316,31272
"(1.0, 1.0)",1,99.42904921165793,31273
"(0.9879901960784314, 0.996078431372549)",1,99.42900486866525,31274
"(0.9224211423699916, 1.0)",1,99.42899059630788,31275
"(0.8375771604938271, 1.0)",1,99.42895360414178,31276
"(0.8112794612794614, 1.0)",1,99.4289470646456,31277
"(0.9919117647058824, 0.996078431372549)",1,99.42894029736672,31278
"(0.9023569023569024, 1.0)",1,99.4289186023057,31279
"(0.89, 1.0)",1,99.42891782407408,31280
"(0.9841269841269842, 1.0)",2,99.42888266417678,31282
"(1.0, 1.0)",1,99.42887667887668,31283
"(0.9507101086048454, 1.0)",1,99.4288577708318,31284
"(0.7616334283000951, 1.0)",1,99.42881333642202,31285
"(0.8487103174603176, 1.0)",1,99.42880072513694,31286
"(0.7544006919006919, 1.0)",1,99.42880021067468,31287
"(1.0, 1.0)",1,99.42876567876569,31288
"(0.8865079365079365, 1.0)",1,99.42871393750242,31289
"(0.75, 1.0)",1,99.42866855366856,31290
"(0.8518518518518519, 1.0)",1,99.42866635963958,31291
"(1.0, 1.0)",3,99.42865392865392,31294
"(0.7081939799331105, 1.0)",2,99.4286534768632,31296
"(0.7544006919006919, 1.0)",1,99.42859313718688,31297
"(0.875, 1.0)",1,99.42858466158808,31298
"(0.9444444444444444, 1.0)",1,99.42857142857144,31299
"(0.9841269841269842, 1.0)",1,99.42857142857144,31300
"(1.0, 1.0)",2,99.42857142857144,31302
"(0.9688764394646748, 0.996078431372549)",1,99.42856758263969,31303
"(0.984504357298475, 0.996078431372549)",1,99.4285203204091,31304
"(0.9318498265866688, 0.996078431372549)",1,99.42844425383149,31305
"(0.9047619047619048, 1.0)",1,99.4284038059277,31306
"(0.9925925925925926, 0.996078431372549)",1,99.42840040891213,31307
"(0.9521531100478468, 1.0)",1,99.42834358623838,31308
"(0.875, 1.0)",1,99.4282711016582,31309
"(0.9755757858699036, 0.996078431372549)",1,99.42826419704116,31310
"(0.962458433665864, 0.996078431372549)",1,99.4282358674466,31311
"(0.8627450980392157, 1.0)",1,99.42815794606076,31312
"(0.9318498265866688, 0.996078431372549)",2,99.4280644235368,31314
"(0.984313725490196, 0.996078431372549)",1,99.42803036259716,31315
"(0.8611111111111112, 1.0)",1,99.42802660000372,31316
"(0.883580779054917, 1.0)",1,99.42800325171108,31317
"(0.9047619047619048, 1.0)",1,99.42800082996162,31318
"(0.8888888888888888, 1.0)",1,99.42799334744416,31319
"(0.8831018518518517, 1.0)",1,99.42797185697948,31320
"(0.9788235294117646, 0.996078431372549)",1,99.42795044528552,31321
"(0.9696969696969696, 1.0)",1,99.42788752466171,31322
"(0.9202401372212692, 1.0)",1,99.42787067032742,31323
"(0.683375104427736, 1.0)",1,99.427868914711,31324
"(0.8600272232304901, 1.0)",1,99.42780416306626,31325
"(0.8053221288515406, 1.0)",1,99.42777375130316,31326
"(0.9248366013071896, 1.0)",1,99.4277509092215,31327
"(0.9224211423699916, 1.0)",1,99.427749147698,31328
"(0.976851851851852, 0.996078431372549)",1,99.42770410503408,31329
"(0.9842592592592592, 1.0)",1,99.42769123864336,31330
"(0.93718610251118, 0.996078431372549)",1,99.42767944201294,31331
"(0.992156862745098, 0.996078431372549)",1,99.42765295591934,31332
"(0.7544006919006919, 1.0)",1,99.42761654321998,31333
"(0.9886710239651416, 0.996078431372549)",1,99.42761476130435,31334
"(0.8550741594067247, 1.0)",1,99.42751116401313,31335
"(0.9803376906318084, 0.996078431372549)",1,99.42743999779626,31336
"(0.9803376906318084, 0.996078431372549)",1,99.42733086801996,31337
"(0.9230769230769232, 1.0)",1,99.42728582047468,31338
"(0.8817204301075269, 1.0)",1,99.42727633823816,31339
"(0.8405671296296295, 1.0)",1,99.42724922839506,31340
"(0.996078431372549, 0.996078431372549)",1,99.42724127857792,31341
"(0.976661220043573, 0.996078431372549)",1,99.42718612669168,31342
"(0.896551724137931, 1.0)",1,99.42715250076203,31343
"(0.8376068376068376, 1.0)",2,99.42714784505064,31345
"(0.8888888888888888, 1.0)",1,99.42712842712842,31346
"(0.9135802469135802, 1.0)",1,99.4270937604271,31347
"(0.6403503049675462, 1.0)",1,99.42700459680415,31348
"(0.7650293586269196, 1.0)",1,99.42699205498884,31349
"(0.8163854689162486, 1.0)",1,99.42697088644616,31350
"(0.8448736477904788, 1.0)",1,99.42696070537974,31351
"(0.9879901960784314, 0.996078431372549)",1,99.42685499591296,31352
"(0.9696969696969696, 1.0)",2,99.42683982683982,31354
"(0.8882535288785288, 1.0)",1,99.42681376493876,31355
"(0.8376068376068376, 1.0)",1,99.4266964919139,31356
"(0.9192251461988304, 0.996078431372549)",1,99.42666968967302,31357
"(0.8828828828828829, 1.0)",1,99.42663934132923,31358
"(0.9894736842105264, 0.996078431372549)",1,99.4266108899702,31359
"(0.7782392026578072, 1.0)",1,99.42659307838562,31360
"(0.8991666666666667, 1.0)",1,99.42658369408367,31361
"(0.9565217391304348, 1.0)",1,99.4265569917744,31362
"(0.9894736842105264, 0.996078431372549)",1,99.42653553074626,31363
"(0.9755757858699036, 0.996078431372549)",1,99.42649483185104,31364
"(0.883580779054917, 1.0)",1,99.42646794067863,31365
"(0.9841269841269842, 1.0)",2,99.42635142635145,31367
"(0.8319664902998236, 1.0)",1,99.4262969746303,31368
"(0.9202401372212692, 1.0)",1,99.42628583591964,31369
"(0.9411376480416728, 0.996078431372549)",1,99.426276097687,31370
"(0.9363636363636364, 1.0)",2,99.42627517410126,31372
"(0.896551724137931, 1.0)",1,99.42625831934797,31373
"(0.9696969696969696, 1.0)",2,99.4262187088274,31375
"(0.9565217391304348, 1.0)",2,99.4262187088274,31377
"(0.8332521117608837, 1.0)",2,99.42621613842336,31379
"(0.8915343915343915, 1.0)",1,99.42621485167273,31380
"(0.8904991948470209, 1.0)",1,99.42620864775915,31381
"(0.8, 1.0)",3,99.42612794612796,31384
"(0.8888888888888888, 1.0)",1,99.42611608340508,31385
"(0.75, 1.0)",1,99.42606484039396,31386
"(0.9224211423699916, 1.0)",1,99.42604130388489,31387
"(0.9841269841269842, 1.0)",1,99.42599666129078,31388
"(0.9135802469135802, 1.0)",1,99.42598618709258,31389
"(0.8551296720061023, 1.0)",1,99.42598531660256,31390
"(0.9841269841269842, 1.0)",1,99.4258117084204,31391
"(0.8952020202020202, 1.0)",1,99.42574705200713,31392
"(0.9894736842105264, 0.996078431372549)",1,99.42574475404216,31393
"(0.9615343915343916, 1.0)",1,99.42574344636846,31394
"(0.9813854489164088, 0.996078431372549)",1,99.42574188739847,31395
"(0.8977777777777779, 1.0)",1,99.4257280883368,31396
"(0.9696969696969696, 1.0)",1,99.42567571667657,31397
"(1.0, 0.996078431372549)",1,99.4256457245314,31398
"(0.8858975827700768, 1.0)",1,99.42562095587824,31399
"(0.875, 1.0)",1,99.42532686611634,31400
"(0.9507101086048454, 0.9841269841269842)",1,99.42531328320808,31401
"(0.9755757858699036, 0.996078431372549)",2,99.42529093703774,31403
"(0.6156045751633987, 1.0)",2,99.42528711484591,31405
"(0.9333333333333332, 1.0)",1,99.42525252525256,31406
"(0.8129898303922073, 1.0)",1,99.4252400261514,31407
"(0.984313725490196, 0.996078431372549)",2,99.42520098523217,31409
"(0.9731377053745476, 0.996078431372549)",1,99.42519935815692,31410
"(0.9766612200435728, 0.996078431372549)",1,99.4251497585091,31411
"(0.7705882352941177, 1.0)",1,99.4250819713228,31412
"(0.9855521155830752, 0.996078431372549)",1,99.42508042594817,31413
"(0.8817204301075269, 1.0)",1,99.42501465601045,31414
"(0.9886710239651416, 0.996078431372549)",1,99.4249298826391,31415
"(0.7167919799498746, 1.0)",2,99.42490485472942,31417
"(0.9919117647058824, 0.996078431372549)",1,99.4248968963806,31418
"(0.9230769230769232, 1.0)",1,99.42488344278624,31419
"(0.9696969696969696, 1.0)",1,99.4248467581801,31420
"(0.5, 1.0)",1,99.4247757073844,31421
"(0.9306746031746032, 1.0)",1,99.4247694536108,31422
"(0.9886710239651416, 0.996078431372549)",1,99.42475658455626,31423
"(0.9688764394646748, 0.996078431372549)",1,99.42464601401224,31424
"(0.9879901960784314, 0.996078431372549)",1,99.42459396039138,31425
"(0.8319664902998236, 1.0)",2,99.42457322836852,31427
"(0.9135802469135802, 1.0)",1,99.42456285084972,31428
"(0.977218782249742, 0.996078431372549)",1,99.4245595588002,31429
"(0.883580779054917, 1.0)",1,99.4245569270899,31430
"(0.9333333333333332, 1.0)",1,99.42454212454216,31431
"(0.9444444444444444, 1.0)",2,99.424506387921,31433
"(0.8897707231040564, 1.0)",1,99.42447873539828,31434
"(0.9754435107376284, 0.996078431372549)",1,99.42442355889747,31435
"(0.7975164658278694, 1.0)",1,99.4243691090694,31436
"(0.954722222222222, 0.996078431372549)",1,99.42432075979312,31437
"(0.9023809523809524, 1.0)",1,99.42430898572904,31438
"(0.8129898303922073, 1.0)",1,99.4242969146253,31439
"(0.8686868686868687, 1.0)",2,99.4242960105029,31441
"(0.9879901960784314, 0.996078431372549)",1,99.42425626975952,31442
"(0.8888888888888888, 1.0)",1,99.42424242424246,31443
"(0.9525178253119432, 0.996078431372549)",1,99.4242246249911,31444
"(0.7200000000000001, 1.0)",1,99.42420336853247,31445
"(0.8309016086793863, 1.0)",1,99.4241826332104,31446
"(0.7869981325863679, 1.0)",1,99.42411671331264,31447
"(0.9542023172905526, 0.996078431372549)",2,99.42410230142312,31449
"(0.8686868686868687, 1.0)",1,99.42406365444728,31450
"(0.9810457516339868, 0.996078431372549)",1,99.42404436522106,31451
"(0.9841269841269842, 1.0)",1,99.42398205659076,31452
"(0.9925925925925926, 0.996078431372549)",1,99.4239580705579,31453
"(0.9667927989909412, 0.996078431372549)",1,99.4239529981644,31454
"(0.8518518518518519, 1.0)",1,99.4239297739298,31455
"(0.8817204301075269, 1.0)",1,99.4239026206768,31456
"(0.6156045751633987, 1.0)",1,99.4238896407922,31457
"(0.9886710239651416, 0.996078431372549)",1,99.4238393369046,31458
"(0.9230769230769232, 1.0)",1,99.42382105911516,31459
"(0.9333333333333332, 1.0)",4,99.42380952380957,31463
"(0.9565217391304348, 1.0)",1,99.4238032498902,31464
"(0.9109477124183006, 1.0)",1,99.4237839403083,31465
"(0.9743589743589745, 1.0)",1,99.42377269784085,31466
"(0.9698658410732716, 0.996078431372549)",1,99.4237287036438,31467
"(0.9886710239651416, 0.996078431372549)",1,99.42366959064348,31468
"(0.8281746031746032, 1.0)",1,99.42365600395772,31469
"(0.9445350241545892, 1.0)",1,99.4236350353872,31470
"(0.9827450980392156, 0.996078431372549)",1,99.42361557488516,31471
"(0.9688764394646748, 0.996078431372549)",1,99.42359995651655,31472
"(0.9841269841269842, 1.0)",1,99.42352092352093,31473
"(0.9696969696969696, 1.0)",4,99.42352092352093,31477
"(0.5, 1.0)",1,99.42352092352093,31478
"(0.9841269841269842, 1.0)",1,99.42349321669508,31479
"(0.9333333333333332, 1.0)",1,99.4234762349994,31480
"(0.9754901960784312, 0.996078431372549)",1,99.42344615624052,31481
"(1.0, 1.0)",1,99.42341869804775,31482
"(0.8627450980392157, 1.0)",1,99.42338913236746,31483
"(0.9374981571576, 0.996078431372549)",1,99.42327903091083,31484
"(0.833064949006978, 1.0)",1,99.42325253919456,31485
"(0.9565217391304348, 1.0)",1,99.42317544931238,31486
"(1.0, 1.0)",2,99.42307692307692,31488
"(1.0, 1.0)",1,99.42303683323172,31489
"(0.9047619047619048, 1.0)",1,99.42298769682446,31490
"(0.7869981325863679, 1.0)",1,99.4229703548086,31491
"(0.9674603174603176, 1.0)",1,99.4229154536172,31492
"(1.0, 1.0)",1,99.42291334396596,31493
"(0.8551296720061023, 1.0)",1,99.4228866131326,31494
"(0.9803376906318084, 0.996078431372549)",1,99.42281422510548,31495
"(0.8763636363636363, 1.0)",1,99.42280302974083,31496
"(0.9224211423699916, 1.0)",1,99.42279455063812,31497
"(0.992156862745098, 0.996078431372549)",1,99.42278994409888,31498
"(0.883580779054917, 1.0)",1,99.42278564131924,31499
"(0.8402777777777779, 1.0)",1,99.42262924273794,31500
"(0.9767195767195768, 1.0)",1,99.42261461735156,31501
"(0.9027274557165862, 1.0)",1,99.42249022385968,31502
"(0.954722222222222, 0.996078431372549)",2,99.42248303468142,31504
"(0.8571428571428572, 1.0)",2,99.42248293842496,31506
"(0.9135802469135802, 1.0)",2,99.42244410336365,31508
"(0.865079365079365, 1.0)",1,99.42241417938786,31509
"(0.9800599128540306, 0.996078431372549)",1,99.422362877634,31510
"(0.9172932330827066, 1.0)",1,99.42230144326334,31511
"(0.8264567669172932, 1.0)",1,99.4222881251016,31512
"(0.8518518518518519, 1.0)",1,99.42220377059088,31513
"(0.896551724137931, 1.0)",1,99.42217561005592,31514
"(0.9882352941176472, 0.996078431372549)",1,99.42214309970524,31515
"(0.9707143676183924, 0.996078431372549)",1,99.4221305132442,31516
"(0.6403503049675462, 1.0)",1,99.42208968009236,31517
"(0.9841269841269842, 1.0)",1,99.42207792207792,31518
"(1.0, 0.996078431372549)",1,99.42206478677863,31519
"(0.8498168498168499, 1.0)",1,99.42201657991136,31520
"(0.978144708175668, 0.996078431372549)",1,99.42199747735376,31521
"(0.9847494553376906, 0.996078431372549)",1,99.42195533769078,31522
"(0.9855521155830752, 0.996078431372549)",2,99.42195431000464,31524
"(0.8833628057765988, 1.0)",1,99.42189843437802,31525
"(0.9916666666666668, 0.996078431372549)",1,99.4218484118796,31526
"(0.9224211423699916, 1.0)",1,99.42180184250569,31527
"(0.896551724137931, 1.0)",1,99.42177525955636,31528
"(0.9808278867102396, 0.996078431372549)",1,99.42176552848468,31529
"(0.8046935824713601, 1.0)",1,99.42170451682414,31530
"(0.8705805822084891, 1.0)",1,99.42170444543405,31531
"(0.9565217391304348, 1.0)",1,99.42168614278587,31532
"(0.9230769230769232, 1.0)",1,99.4216481374376,31533
"(0.962458433665864, 0.996078431372549)",1,99.4216311202846,31534
"(0.9292181620122796, 0.996078431372549)",1,99.4216240132419,31535
"(0.9333333333333332, 1.0)",1,99.42159000419868,31536
"(0.9879901960784314, 0.996078431372549)",1,99.4215819778206,31537
"(0.9243650793650792, 1.0)",1,99.421472350115,31538
"(0.9214340198321892, 1.0)",15,99.4214340198322,31553
"(0.941156690746474, 0.996078431372549)",2,99.42139621186084,31555
"(0.980582788671024, 0.996078431372549)",1,99.42138060838394,31556
"(0.97718610251118, 0.996078431372549)",1,99.42131021254885,31557
"(0.978144708175668, 0.996078431372549)",1,99.42130964666588,31558
"(0.7869981325863679, 1.0)",1,99.42128678430328,31559
"(0.9135802469135802, 1.0)",1,99.42128087961422,31560
"(0.7167919799498746, 1.0)",1,99.4212652844232,31561
"(0.9192180611357128, 1.0)",1,99.4211902884469,31562
"(0.8112491373360938, 1.0)",2,99.42113358532538,31564
"(0.5, 1.0)",5,99.42112857902332,31569
"(0.9333333333333332, 0.9841269841269842)",1,99.42106782106788,31570
"(0.883580779054917, 1.0)",1,99.42101941542764,31571
"(0.8129898303922073, 1.0)",1,99.42093096333336,31572
"(0.8686868686868687, 1.0)",1,99.4208529393312,31573
"(0.9399138116785176, 0.996078431372549)",1,99.42081877371442,31574
"(0.9916666666666668, 0.996078431372549)",1,99.42080711657356,31575
"(0.941156690746474, 0.996078431372549)",1,99.42079778695128,31576
"(0.8498168498168499, 1.0)",1,99.42079614646582,31577
"(0.9879901960784314, 0.996078431372549)",1,99.420749945068,31578
"(0.93718610251118, 1.0)",1,99.42074428495494,31579
"(0.9023809523809524, 1.0)",1,99.4207219983082,31580
"(0.896551724137931, 1.0)",1,99.42069473088964,31581
"(0.883876357560568, 1.0)",1,99.4206728943571,31582
"(0.5, 1.0)",3,99.42063492063492,31585
"(0.8686868686868687, 1.0)",1,99.42063492063492,31586
"(1.0, 1.0)",1,99.42063492063492,31587
"(0.9754435107376284, 0.996078431372549)",1,99.4206322587517,31588
"(0.8586378737541528, 1.0)",1,99.42062682233431,31589
"(0.9047619047619048, 1.0)",1,99.42050810166752,31590
"(0.9302579365079364, 1.0)",1,99.4204206965542,31591
"(0.9565217391304348, 1.0)",2,99.42040855084332,31593
"(0.978144708175668, 0.996078431372549)",1,99.42037249987736,31594
"(0.976661220043573, 0.996078431372549)",1,99.42034215440586,31595
"(0.8845565382330088, 0.996078431372549)",1,99.4202863857278,31596
"(0.919047619047619, 1.0)",1,99.42021694780315,31597
"(0.8883205456095482, 1.0)",1,99.42021691011462,31598
"(0.9364583333333332, 1.0)",1,99.42018267035752,31599
"(0.9591269841269842, 0.996078431372549)",1,99.42015222234352,31600
"(0.9168478260869564, 1.0)",1,99.42013782456796,31601
"(0.9466013071895424, 0.996078431372549)",1,99.420131605008,31602
"(0.932852564102564, 1.0)",4,99.4201230042359,31606
"(0.8888888888888888, 1.0)",1,99.42012074770696,31607
"(0.8859337035751476, 1.0)",1,99.42011607269428,31608
"(0.9047619047619048, 1.0)",1,99.42010582010582,31609
"(0.8817204301075269, 1.0)",1,99.42009265813492,31610
"(0.976851851851852, 0.996078431372549)",1,99.42007682605228,31611
"(0.7496650452295612, 1.0)",1,99.42006072593774,31612
"(0.9803921568627452, 0.996078431372549)",1,99.42002679613194,31613
"(0.6155157715260018, 1.0)",1,99.41998907599933,31614
"(0.9803921568627452, 0.996078431372549)",1,99.4199757115478,31615
"(0.9445350241545892, 1.0)",1,99.41993733940168,31616
"(0.7200000000000001, 1.0)",1,99.4199148999149,31617
"(0.8402777777777779, 1.0)",1,99.41987167316114,31618
"(0.9841269841269842, 1.0)",1,99.41984126984129,31619
"(0.980582788671024, 0.996078431372549)",1,99.41968294531851,31620
"(0.9615343915343916, 1.0)",1,99.4196169532628,31621
"(0.8046935824713601, 1.0)",1,99.41958067806496,31622
"(0.9230769230769232, 1.0)",1,99.41955437063795,31623
"(0.9465811965811968, 1.0)",1,99.41955088199136,31624
"(0.996078431372549, 0.996078431372549)",1,99.41951827355102,31625
"(1.0, 1.0)",2,99.4195138195138,31627
"(0.9662707390648568, 0.996078431372549)",1,99.41951232416272,31628
"(0.9696969696969696, 1.0)",4,99.41949736000085,31632
"(1.0, 1.0)",3,99.41945588287052,31635
"(0.8046935824713601, 1.0)",1,99.41944178917608,31636
"(0.9665319865319866, 0.996078431372549)",1,99.41935801947952,31637
"(0.9840686274509804, 0.996078431372549)",1,99.41935715892596,31638
"(0.9919117647058824, 0.996078431372549)",1,99.41933036004268,31639
"(0.8822954822954823, 1.0)",1,99.41930585095908,31640
"(0.8888888888888888, 1.0)",1,99.41929648451392,31641
"(0.8977777777777779, 1.0)",1,99.41929533979882,31642
"(0.9855521155830752, 0.996078431372549)",1,99.41926409516284,31643
"(0.8469839324618735, 1.0)",1,99.41913224887968,31644
"(1.0, 1.0)",1,99.4191233651467,31645
"(0.9886710239651416, 0.996078431372549)",1,99.4191127573839,31646
"(0.8053221288515406, 1.0)",1,99.4190929689954,31647
"(0.9224211423699916, 1.0)",1,99.419073249217,31648
"(0.8275809031622985, 1.0)",1,99.41906159075964,31649
"(0.996078431372549, 0.996078431372549)",2,99.41903540789006,31651
"(0.9230769230769232, 1.0)",3,99.41901188242652,31654
"(0.8518518518518519, 1.0)",1,99.41891534391534,31655
"(0.9841269841269842, 1.0)",1,99.41889221889222,31656
"(0.9886710239651416, 0.996078431372549)",1,99.41885735936911,31657
"(0.962458433665864, 0.996078431372549)",1,99.4187571870856,31658
"(0.9306746031746032, 1.0)",1,99.4187422068672,31659
"(0.683375104427736, 1.0)",1,99.41873749707914,31660
"(0.9386724386724388, 1.0)",2,99.418734382149,31662
"(0.8864468864468864, 1.0)",1,99.41870341710158,31663
"(0.7650293586269196, 1.0)",2,99.41869065834084,31665
"(0.9135802469135802, 1.0)",1,99.4186307519641,31666
"(0.896551724137931, 1.0)",1,99.41862289533192,31667
"(0.9465811965811968, 1.0)",1,99.41851846710544,31668
"(0.7782392026578072, 1.0)",1,99.41843892725068,31669
"(0.8740392648287385, 1.0)",1,99.4184010373155,31670
"(0.9662707390648568, 0.996078431372549)",1,99.41839777307912,31671
"(0.9224211423699916, 1.0)",1,99.41829719614078,31672
"(0.8, 1.0)",1,99.4182613153437,31673
"(0.9023569023569024, 1.0)",1,99.41820679917454,31674
"(0.9763834422657952, 0.996078431372549)",1,99.41817105399689,31675
"(0.9542023172905526, 0.996078431372549)",1,99.4181642974044,31676
"(0.9264176245210728, 1.0)",1,99.41813519331605,31677
"(0.8275809031622985, 1.0)",1,99.41811631160093,31678
"(0.984313725490196, 0.996078431372549)",2,99.41803921568646,31680
"(0.896551724137931, 1.0)",1,99.41794590187884,31681
"(0.9320397146712937, 0.996078431372549)",1,99.41787706130609,31682
"(0.936026936026936, 1.0)",1,99.41781723375928,31683
"(0.9296576483944904, 0.996078431372549)",1,99.41775722740762,31684
"(0.9840686274509804, 0.996078431372549)",1,99.41772222222248,31685
"(0.8888888888888888, 1.0)",1,99.41769627831334,31686
"(0.980582788671024, 0.996078431372549)",1,99.41769366226046,31687
"(0.7840187590187591, 1.0)",1,99.41769059856016,31688
"(0.8888888888888888, 1.0)",1,99.4176593196201,31689
"(0.9327096052096052, 1.0)",1,99.41765216570133,31690
"(0.9696969696969696, 1.0)",1,99.41764812639376,31691
"(0.9047619047619048, 1.0)",1,99.41762866762866,31692
"(0.875, 1.0)",1,99.41761904761904,31693
"(0.980582788671024, 0.996078431372549)",1,99.41757526242844,31694
"(0.932852564102564, 1.0)",1,99.41756155881156,31695
"(0.8345959595959597, 1.0)",1,99.4175598316026,31696
"(0.9755757858699036, 0.996078431372549)",1,99.41755774595649,31697
"(0.8831064306064307, 1.0)",2,99.41754740878142,31699
"(0.93718610251118, 0.996078431372549)",1,99.41752585124642,31700
"(0.976661220043573, 0.996078431372549)",1,99.4174787868366,31701
"(0.7777777777777776, 0.9841269841269842)",1,99.41746031746035,31702
"(0.9333333333333332, 1.0)",1,99.41746031746032,31703
"(0.9202401372212692, 1.0)",2,99.41745821968526,31705
"(0.9851851851851852, 0.996078431372549)",1,99.41731698527389,31706
"(0.962458433665864, 0.996078431372549)",1,99.41731252150004,31707
"(0.9172932330827066, 1.0)",7,99.4172932330827,31714
"(0.9886710239651416, 0.996078431372549)",1,99.41722500696208,31715
"(0.9047619047619048, 1.0)",1,99.41715342990588,31716
"(0.9047619047619048, 1.0)",1,99.41714279498638,31717
"(0.9386724386724388, 1.0)",3,99.41714133819396,31720
"(0.883580779054917, 1.0)",1,99.41713447954872,31721
"(0.8053221288515406, 1.0)",1,99.41712575085006,31722
"(0.8423371647509579, 1.0)",1,99.41707309655504,31723
"(0.9023569023569024, 1.0)",1,99.4170678592034,31724
"(0.883580779054917, 1.0)",1,99.41703342281014,31725
"(0.7869981325863679, 1.0)",1,99.41701642635267,31726
"(0.9224211423699916, 1.0)",1,99.41701452819144,31727
"(0.8705805822084891, 1.0)",1,99.41698945580892,31728
"(1.0, 1.0)",1,99.41697191697192,31729
"(0.9399138116785176, 0.996078431372549)",1,99.41689720508695,31730
"(0.740829346092504, 1.0)",1,99.41687552213868,31731
"(0.5951421188630491, 1.0)",1,99.41685089567896,31732
"(0.9135802469135802, 1.0)",1,99.4168482207698,31733
"(0.683375104427736, 1.0)",1,99.41684134578873,31734
"(0.9886710239651416, 0.996078431372549)",1,99.41682921901727,31735
"(0.9172932330827066, 1.0)",2,99.41679197994988,31737
"(0.7996201329534663, 1.0)",1,99.41676906589188,31738
"(0.9803921568627452, 0.996078431372549)",1,99.41675970973208,31739
"(0.9882352941176472, 0.996078431372549)",1,99.4167453765134,31740
"(0.9272424525365702, 0.996078431372549)",1,99.416730469966,31741
"(0.7708333333333334, 1.0)",1,99.41672077922078,31742
"(0.8312992626493769, 1.0)",1,99.41671908065992,31743
"(0.9894736842105264, 0.996078431372549)",1,99.4166880361929,31744
"(0.9023569023569024, 1.0)",1,99.4166805903648,31745
"(0.896551724137931, 1.0)",1,99.41662642068322,31746
"(0.8864468864468864, 1.0)",1,99.4165808924104,31747
"(0.9230769230769232, 1.0)",1,99.4165771967496,31748
"(0.8368686868686868, 1.0)",1,99.41655177954092,31749
"(0.9296576483944904, 0.996078431372549)",1,99.41654375978442,31750
"(0.9289529914529916, 1.0)",1,99.41647948247711,31751
"(0.9696969696969696, 1.0)",1,99.41641983747246,31752
"(0.8125, 1.0)",1,99.4163842870093,31753
"(0.9847494553376906, 0.996078431372549)",1,99.4163056294799,31754
"(0.9688764394646748, 0.996078431372549)",1,99.4162806853738,31755
"(0.992156862745098, 0.996078431372549)",1,99.41615941889803,31756
"(0.9465811965811968, 1.0)",1,99.41615233788843,31757
"(0.896551724137931, 1.0)",1,99.41612584371204,31758
"(0.9651330532212884, 0.996078431372549)",1,99.41609548107763,31759
"(0.9847494553376906, 0.996078431372549)",1,99.41608989794771,31760
"(0.9894736842105264, 0.996078431372549)",1,99.41606822223628,31761
"(0.9135802469135802, 1.0)",1,99.41603753197955,31762
"(0.896551724137931, 1.0)",1,99.41603224361845,31763
"(0.9738562091503268, 0.996078431372549)",1,99.41602597179244,31764
"(0.9803921568627452, 0.996078431372549)",1,99.4160109645645,31765
"(0.9135802469135802, 1.0)",1,99.41598943193146,31766
"(0.976661220043573, 0.996078431372549)",1,99.41584623323033,31767
"(0.9886710239651416, 0.996078431372549)",1,99.4158342342787,31768
"(0.9047619047619048, 1.0)",1,99.41582183248848,31769
"(0.8332521117608837, 1.0)",1,99.41578833922377,31770
"(0.9866666666666668, 0.996078431372549)",1,99.4157560977609,31771
"(0.9816305469556244, 0.996078431372549)",1,99.41572538372098,31772
"(0.847123015873016, 1.0)",1,99.415672835936,31773
"(0.833064949006978, 1.0)",1,99.41566109682051,31774
"(0.896551724137931, 1.0)",1,99.4156603932466,31775
"(0.8423371647509579, 1.0)",1,99.41564464430844,31776
"(0.9047619047619048, 1.0)",1,99.4156366982454,31777
"(0.9847494553376906, 0.996078431372549)",1,99.4155520034103,31778
"(0.8425925925925927, 1.0)",1,99.4154641654642,31779
"(0.9803376906318084, 0.996078431372549)",1,99.41538086521768,31780
"(0.9813854489164088, 0.996078431372549)",1,99.41536262054754,31781
"(0.9841269841269842, 1.0)",1,99.41534391534393,31782
"(0.8332521117608837, 1.0)",1,99.41533280021906,31783
"(0.9065438871473354, 1.0)",1,99.41528879964224,31784
"(0.8170426065162907, 1.0)",1,99.41526631263474,31785
"(0.875, 1.0)",1,99.41517691615022,31786
"(0.9023569023569024, 1.0)",1,99.4151768309663,31787
"(0.9224211423699916, 1.0)",1,99.41517322459576,31788
"(0.6856760145918833, 1.0)",1,99.4151580273529,31789
"(0.883580779054917, 1.0)",1,99.41509686924708,31790
"(0.9660130718954248, 0.996078431372549)",1,99.41508621982332,31791
"(1.0, 1.0)",1,99.4149937752879,31792
"(0.9364583333333332, 1.0)",1,99.4149891718704,31793
"(0.9230769230769232, 1.0)",1,99.4149410975498,31794
"(0.9740143369175628, 1.0)",1,99.4148832085406,31795
"(0.8888888888888888, 1.0)",1,99.41485791221083,31796
"(0.9841269841269842, 1.0)",1,99.41484077128624,31797
"(0.984313725490196, 0.996078431372549)",1,99.414830987196,31798
"(0.7782392026578072, 1.0)",1,99.41480363304387,31799
"(0.9840686274509804, 0.996078431372549)",1,99.414800862479,31800
"(0.8521317829457364, 1.0)",1,99.41478553914926,31801
"(0.8468468468468467, 1.0)",1,99.41478183583446,31802
"(0.9811076711386308, 0.996078431372549)",1,99.4147666459531,31803
"(0.8518518518518519, 1.0)",2,99.41473559120618,31805
"(0.8622222222222222, 1.0)",1,99.41466731225351,31806
"(0.875, 1.0)",1,99.41465117008596,31807
"(1.0, 1.0)",1,99.4146357906091,31808
"(0.875, 1.0)",1,99.41463555203148,31809
"(0.9327096052096052, 1.0)",1,99.41455858238912,31810
"(1.0, 0.996078431372549)",1,99.41453254540166,31811
"(0.8831018518518517, 1.0)",1,99.4145057951308,31812
"(0.9725925925925926, 0.996078431372549)",1,99.41449337470254,31813
"(0.8448736477904788, 1.0)",1,99.4144467792112,31814
"(0.8423371647509579, 1.0)",2,99.4143987948771,31816
"(0.9807902108211706, 0.996078431372549)",1,99.41439558045464,31817
"(0.8859337035751476, 1.0)",1,99.41437226607223,31818
"(0.984504357298475, 0.996078431372549)",1,99.41434110930298,31819
"(0.9855521155830752, 0.996078431372549)",1,99.4142893590187,31820
"(0.8627450980392157, 1.0)",1,99.41425764955176,31821
"(0.9886710239651416, 0.996078431372549)",1,99.41423450688843,31822
"(0.97718610251118, 0.996078431372549)",1,99.41419558237756,31823
"(0.9589484126984128, 1.0)",1,99.41417624314684,31824
"(0.9444444444444444, 1.0)",1,99.4141414141414,31825
"(0.8502976190476191, 1.0)",1,99.41414036261838,31826
"(0.996078431372549, 0.996078431372549)",1,99.41412698412714,31827
"(0.8067271451483561, 1.0)",1,99.41408688378262,31828
"(0.9841269841269842, 0.996078431372549)",1,99.41399470899486,31829
"(0.9579248366013072, 0.996078431372549)",1,99.4139181286552,31830
"(0.7544006919006919, 1.0)",1,99.41383470595429,31831
"(0.9738562091503268, 0.996078431372549)",1,99.4138301806555,31832
"(0.9811403508771928, 0.996078431372549)",1,99.41382066276826,31833
"(0.7400546757164405, 1.0)",1,99.41377321797664,31834
"(0.9023809523809524, 1.0)",1,99.41367433735854,31835
"(0.8448736477904788, 1.0)",1,99.4136548634424,31836
"(0.9192251461988304, 0.996078431372549)",1,99.41365082715726,31837
"(0.9333333333333332, 1.0)",1,99.41362497151977,31838
"(0.883580779054917, 1.0)",2,99.41362333300737,31840
"(0.992156862745098, 0.996078431372549)",1,99.4136221607199,31841
"(0.9333333333333332, 1.0)",1,99.41360247776916,31842
"(0.8376068376068376, 1.0)",1,99.413600607974,31843
"(1.0, 1.0)",5,99.41358024691358,31848
"(0.9135802469135802, 1.0)",8,99.41358024691358,31856
"(0.9766612200435728, 0.996078431372549)",1,99.41355664488032,31857
"(0.9882352941176472, 0.996078431372549)",1,99.41354266533855,31858
"(0.8376068376068376, 1.0)",1,99.41349803947134,31859
"(0.9542023172905526, 0.996078431372549)",1,99.41348913128894,31860
"(0.8129898303922073, 1.0)",1,99.4134735908429,31861
"(0.9769410044719642, 0.996078431372549)",1,99.413462529616,31862
"(0.8729166666666666, 1.0)",2,99.41345206164652,31864
"(0.7167919799498746, 1.0)",1,99.41344933018368,31865
"(0.8550741594067247, 1.0)",1,99.41337463121228,31866
"(0.9866666666666668, 0.996078431372549)",1,99.41335626333328,31867
"(0.8046935824713601, 1.0)",1,99.41330512491442,31868
"(0.8425925925925927, 1.0)",1,99.41322751322755,31869
"(0.8740392648287385, 1.0)",1,99.41321055287258,31870
"(0.7982954545454546, 1.0)",2,99.41319955205824,31872
"(0.977218782249742, 0.996078431372549)",1,99.41319747973644,31873
"(0.6403503049675462, 1.0)",1,99.41306527074386,31874
"(0.7840187590187591, 1.0)",2,99.41305468863608,31876
"(1.0, 1.0)",1,99.41304347826087,31877
"(0.9565217391304348, 1.0)",3,99.41304347826087,31880
"(0.9802054154995332, 0.996078431372549)",1,99.41302529744866,31881
"(0.9803921568627452, 0.996078431372549)",1,99.4130040339879,31882
"(0.9894736842105264, 0.996078431372549)",1,99.4129520771628,31883
"(0.8939664986176614, 1.0)",1,99.41294922733778,31884
"(0.9579248366013072, 0.996078431372549)",1,99.41293773649836,31885
"(1.0, 0.996078431372549)",1,99.41285237077898,31886
"(0.9037076648841356, 0.996078431372549)",2,99.41279463885525,31888
"(0.9609224859534458, 0.996078431372549)",1,99.41277105775649,31889
"(0.9894736842105264, 0.996078431372549)",1,99.41273894390082,31890
"(0.9023569023569024, 1.0)",1,99.41269841269845,31891
"(1.0, 1.0)",1,99.4126984126984,31892
"(0.8063492063492064, 1.0)",1,99.41267726526348,31893
"(0.95536349042541, 0.996078431372549)",1,99.41267330908995,31894
"(0.8893558268973552, 1.0)",1,99.41266491446808,31895
"(0.984313725490196, 0.996078431372549)",1,99.41264853309768,31896
"(0.8163854689162486, 1.0)",1,99.41262692376206,31897
"(0.8551296720061023, 1.0)",1,99.41262442768186,31898
"(0.9027274557165862, 1.0)",1,99.41258135253776,31899
"(0.984967320261438, 0.996078431372549)",1,99.4125782407596,31900
"(0.8529040404040403, 1.0)",1,99.41257692072712,31901
"(0.8551296720061023, 1.0)",1,99.41256351279608,31902
"(0.976661220043573, 0.996078431372549)",1,99.41254641232736,31903
"(0.9047619047619048, 1.0)",1,99.41253079005467,31904
"(0.9224211423699916, 1.0)",1,99.41252519036878,31905
"(0.7167919799498746, 1.0)",1,99.41249905065696,31906
"(0.9847494553376906, 0.996078431372549)",1,99.4124463496602,31907
"(0.976851851851852, 0.996078431372549)",1,99.41242132365991,31908
"(0.8, 1.0)",1,99.41240862402414,31909
"(0.992156862745098, 0.996078431372549)",1,99.41237394213422,31910
"(0.8498168498168498, 1.0)",1,99.41233280608282,31911
"(0.9916666666666668, 0.996078431372549)",1,99.4122621288342,31912
"(0.9886710239651416, 0.996078431372549)",1,99.41219535022964,31913
"(0.9135802469135802, 1.0)",1,99.41219515857196,31914
"(0.8151260504201681, 1.0)",1,99.41217066536764,31915
"(0.9230769230769232, 1.0)",1,99.41212614545948,31916
"(0.7869981325863679, 1.0)",1,99.41207940898424,31917
"(0.8887191358024692, 1.0)",1,99.41207881358925,31918
"(0.9894736842105264, 0.996078431372549)",1,99.41206083018028,31919
"(1.0, 1.0)",1,99.41204213817906,31920
"(0.7410714285714286, 1.0)",1,99.4120115995116,31921
"(0.9840686274509804, 0.996078431372549)",1,99.41199702688117,31922
"(0.9135802469135802, 1.0)",1,99.411860670194,31923
"(0.8571428571428572, 1.0)",1,99.4118533046569,31924
"(0.875, 1.0)",1,99.4118530020704,31925
"(0.7840187590187591, 1.0)",1,99.41182492013054,31926
"(0.9497685185185184, 1.0)",1,99.41180376676068,31927
"(0.9333333333333332, 1.0)",4,99.41180223285488,31931
"(0.9465811965811968, 1.0)",1,99.41166959198505,31932
"(0.9696969696969696, 1.0)",1,99.4116161616162,31933
"(0.883876357560568, 1.0)",2,99.41156123307152,31935
"(0.740829346092504, 1.0)",1,99.41152531678848,31936
"(0.8900759734093067, 1.0)",1,99.4115002037621,31937
"(0.8498168498168499, 1.0)",1,99.41141326509748,31938
"(0.7167919799498746, 1.0)",2,99.41140895717557,31940
"(0.936026936026936, 1.0)",2,99.41139874096017,31942
"(0.8468468468468467, 1.0)",1,99.41137991410224,31943
"(0.7141994478951, 1.0)",2,99.41136274970955,31945
"(0.8578431372549019, 1.0)",1,99.41130433654943,31946
"(0.8888888888888888, 1.0)",1,99.41129830314613,31947
"(0.8977777777777779, 1.0)",1,99.4112744825026,31948
"(0.8897707231040564, 1.0)",1,99.4112629755921,31949
"(0.992156862745098, 0.996078431372549)",1,99.41117573701256,31950
"(0.9691305469556244, 0.996078431372549)",1,99.41111206665924,31951
"(0.9135802469135802, 1.0)",1,99.41109159225104,31952
"(0.8053221288515406, 1.0)",1,99.41105284818676,31953
"(0.9224211423699916, 1.0)",1,99.410998646737,31954
"(0.9109477124183006, 1.0)",1,99.4109477124183,31955
"(0.8368686868686868, 1.0)",1,99.41093511033048,31956
"(0.8686868686868687, 1.0)",2,99.41091874191454,31958
"(0.954722222222222, 0.996078431372549)",1,99.41089369666018,31959
"(0.8402777777777779, 1.0)",1,99.41084213095084,31960
"(0.9886710239651416, 0.996078431372549)",1,99.4108338902815,31961
"(0.9168478260869564, 1.0)",1,99.4108306770008,31962
"(0.9172932330827066, 1.0)",1,99.41079972658925,31963
"(0.992156862745098, 0.996078431372549)",2,99.41077025792416,31965
"(0.9407729468599032, 1.0)",1,99.41073773307468,31966
"(0.9919117647058824, 0.996078431372549)",1,99.41069630776312,31967
"(0.9565217391304348, 1.0)",1,99.41068397590136,31968
"(0.896551724137931, 1.0)",1,99.41067309659265,31969
"(0.89, 1.0)",1,99.4106541218638,31970
"(0.875, 1.0)",1,99.41058441558444,31971
"(0.9466207660652104, 1.0)",1,99.41053637088304,31972
"(0.957490630284748, 0.996078431372549)",1,99.4105244328544,31973
"(1.0, 0.9841269841269842)",1,99.41048999309876,31974
"(0.8373015873015873, 1.0)",1,99.41047766802993,31975
"(0.984504357298475, 0.996078431372549)",1,99.41041954067552,31976
"(0.9696969696969696, 1.0)",4,99.4103456929544,31980
"(0.9738562091503268, 0.996078431372549)",1,99.41034434187554,31981
"(0.9840686274509804, 0.996078431372549)",1,99.41032593739271,31982
"(0.9667927989909412, 0.996078431372549)",1,99.41030571091584,31983
"(0.8831064306064307, 1.0)",1,99.41029773832406,31984
"(0.8831018518518517, 1.0)",1,99.41028510740468,31985
"(0.9641868969810148, 0.996078431372549)",1,99.4102310105331,31986
"(0.8518518518518519, 1.0)",1,99.4102269562796,31987
"(0.8527777777777779, 1.0)",1,99.41005439793472,31988
"(0.9224211423699916, 1.0)",2,99.4100422909107,31990
"(0.9, 1.0)",1,99.41001570681205,31991
"(0.8376068376068376, 1.0)",1,99.41000159261029,31992
"(0.7544006919006919, 1.0)",1,99.40998555805008,31993
"(0.8078308130291714, 1.0)",1,99.40984698368898,31994
"(0.9135802469135802, 1.0)",1,99.40978452572656,31995
"(0.740829346092504, 1.0)",4,99.40970706335732,31999
"(0.8551296720061023, 1.0)",1,99.40966618361438,32000
"(0.9665319865319866, 0.996078431372549)",1,99.40960822287472,32001
"(0.8402777777777779, 1.0)",1,99.40958734708737,32002
"(0.9135802469135802, 1.0)",1,99.40956493855045,32003
"(0.9135802469135802, 1.0)",1,99.40956080956082,32004
"(0.8067271451483561, 1.0)",1,99.40955637292356,32005
"(0.9879901960784314, 0.996078431372549)",1,99.409483263841,32006
"(0.984313725490196, 0.996078431372549)",1,99.40945516999784,32007
"(0.9507101086048454, 0.9841269841269842)",2,99.40944026733509,32009
"(0.9333333333333332, 1.0)",1,99.40937950937956,32010
"(0.9840686274509804, 0.996078431372549)",1,99.40936008321468,32011
"(0.9507101086048454, 0.9841269841269842)",1,99.40935672514628,32012
"(0.8312992626493769, 1.0)",1,99.40932198750474,32013
"(0.9879901960784314, 0.996078431372549)",1,99.4092960322178,32014
"(0.683375104427736, 1.0)",1,99.40920483025748,32015
"(0.8888888888888888, 1.0)",1,99.40911986074698,32016
"(0.8952020202020202, 1.0)",1,99.40904503806698,32017
"(0.8163854689162486, 1.0)",1,99.40904442714036,32018
"(1.0, 1.0)",1,99.4090354090354,32019
"(0.9135499685499686, 0.996078431372549)",1,99.40897869559656,32020
"(0.9399138116785176, 0.996078431372549)",1,99.40896065263736,32021
"(0.8571428571428572, 1.0)",1,99.40895566048346,32022
"(0.9542023172905526, 0.996078431372549)",1,99.40895076498884,32023
"(0.875, 1.0)",1,99.40891053391051,32024
"(0.5, 1.0)",1,99.4089026915114,32025
"(0.9841269841269842, 1.0)",1,99.40887990727806,32026
"(0.9882352941176472, 0.996078431372549)",1,99.4088691425536,32027
"(0.8402777777777779, 1.0)",1,99.40883637966972,32028
"(0.980582788671024, 0.996078431372549)",1,99.40879777057046,32029
"(0.9202401372212692, 1.0)",1,99.40870670060389,32030
"(0.9202401372212692, 1.0)",1,99.40869400499948,32031
"(0.996078431372549, 0.996078431372549)",1,99.40866516037592,32032
"(0.9192251461988304, 0.996078431372549)",1,99.40865742610316,32033
"(0.8402777777777779, 1.0)",1,99.40863212874082,32034
"(0.9565217391304348, 0.9841269841269842)",1,99.408629018824,32035
"(0.992156862745098, 0.996078431372549)",1,99.40861725076915,32036
"(0.8952020202020202, 1.0)",2,99.40860383791836,32038
"(0.8611111111111112, 1.0)",1,99.40858834763404,32039
"(0.8675136116152449, 1.0)",1,99.40850348593844,32040
"(0.9811403508771928, 0.996078431372549)",1,99.40845552366474,32041
"(0.9882352941176472, 0.996078431372549)",1,99.40845521670887,32042
"(0.9444444444444444, 1.0)",1,99.40844219944304,32043
"(0.9886710239651416, 0.996078431372549)",1,99.40843251920676,32044
"(0.8832772166105499, 1.0)",1,99.40840530265818,32045
"(0.976851851851852, 0.996078431372549)",1,99.40840359717212,32046
"(0.8750600325600326, 1.0)",2,99.40835948437416,32048
"(0.9047619047619048, 1.0)",1,99.40833107436524,32049
"(0.9023809523809524, 1.0)",1,99.40831140567984,32050
"(0.8897707231040564, 1.0)",1,99.40828924162258,32051
"(1.0, 1.0)",1,99.4082787850904,32052
"(0.8518518518518519, 1.0)",1,99.40819044079912,32053
"(0.9104993386243384, 1.0)",1,99.40818179853798,32054
"(0.992156862745098, 0.996078431372549)",1,99.4081712786127,32055
"(0.9886710239651416, 0.996078431372549)",1,99.40815130145648,32056
"(0.9696969696969696, 1.0)",1,99.40812735651446,32057
"(0.8448736477904788, 1.0)",2,99.40809268224474,32059
"(0.8888888888888888, 1.0)",1,99.40808574141909,32060
"(0.9047619047619048, 1.0)",2,99.40799018480178,32062
"(0.883876357560568, 1.0)",1,99.40792196065028,32063
"(0.9881481481481482, 0.996078431372549)",1,99.4079073227734,32064
"(0.996078431372549, 0.996078431372549)",1,99.40777581207944,32065
"(0.9916666666666668, 0.996078431372549)",1,99.407751561018,32066
"(0.7410714285714286, 1.0)",1,99.4077380952381,32067
"(0.9803921568627452, 0.996078431372549)",1,99.40773469977896,32068
"(0.9766612200435728, 0.996078431372549)",1,99.40769452225358,32069
"(0.9696969696969696, 1.0)",1,99.40764790764791,32070
"(0.9224211423699916, 1.0)",1,99.4075962012293,32071
"(0.8600272232304901, 1.0)",1,99.40757937028296,32072
"(0.5951421188630491, 1.0)",1,99.4075709246487,32073
"(0.7167919799498746, 1.0)",1,99.40754567070356,32074
"(0.740829346092504, 1.0)",1,99.40749601275915,32075
"(0.922050500014663, 1.0)",1,99.40745478737888,32076
"(0.9507101086048454, 1.0)",1,99.40743611138348,32077
"(0.6403503049675462, 1.0)",1,99.40742022118712,32078
"(0.9491329966329968, 0.996078431372549)",1,99.4074143394734,32079
"(0.9803376906318084, 0.996078431372549)",1,99.40741175588568,32080
"(0.9023569023569024, 1.0)",1,99.40740146369436,32081
"(0.9766612200435728, 0.996078431372549)",1,99.40738562091528,32082
"(0.833064949006978, 1.0)",1,99.40737952332157,32083
"(1.0, 1.0)",1,99.40736978075688,32084
"(0.8883205456095482, 1.0)",1,99.40734701722224,32085
"(0.9047619047619048, 1.0)",1,99.40727734778078,32086
"(0.903779788734022, 0.996078431372549)",1,99.40727107413733,32087
"(0.7982954545454546, 1.0)",1,99.40723884609754,32088
"(0.980582788671024, 0.996078431372549)",1,99.40721680910558,32089
"(0.9230769230769232, 1.0)",1,99.40720390720392,32090
"(0.996078431372549, 0.996078431372549)",1,99.40709006994628,32091
"(0.9465811965811968, 1.0)",1,99.40703971491696,32092
"(0.8627450980392157, 1.0)",1,99.40703929862632,32093
"(0.8750600325600326, 1.0)",1,99.40702290176075,32094
"(0.984313725490196, 0.996078431372549)",1,99.4069910379964,32095
"(0.7081939799331105, 1.0)",1,99.40690923734424,32096
"(0.9542023172905526, 0.996078431372549)",1,99.40688438412693,32097
"(0.8817204301075269, 1.0)",1,99.40680587098244,32098
"(0.9919117647058824, 0.996078431372549)",1,99.40678980024404,32099
"(0.8686868686868687, 1.0)",1,99.4067821067821,32100
"(0.9592592592592591, 1.0)",1,99.40674650521662,32101
"(0.9224211423699916, 1.0)",1,99.40672582030771,32102
"(0.9135802469135802, 1.0)",1,99.40669181370936,32103
"(0.9641868969810148, 0.996078431372549)",2,99.40665077727022,32105
"(0.8129898303922073, 1.0)",1,99.40661059787892,32106
"(0.6738095238095239, 1.0)",1,99.40660992255197,32107
"(1.0, 1.0)",1,99.40655245838173,32108
"(0.9224211423699916, 1.0)",1,99.40654812649696,32109
"(0.9847494553376906, 0.996078431372549)",1,99.40654097736932,32110
"(0.8423371647509579, 1.0)",1,99.40652066643446,32111
"(0.9620227038183696, 0.996078431372549)",1,99.40641713836013,32112
"(0.9886710239651416, 0.996078431372549)",2,99.40640457352556,32114
"(0.8046935824713601, 1.0)",1,99.40638623362054,32115
"(0.9230769230769232, 1.0)",1,99.4063381063381,32116
"(0.875, 1.0)",1,99.40628796906908,32117
"(0.896551724137931, 1.0)",1,99.40621355988672,32118
"(0.9841269841269842, 1.0)",4,99.4062049062049,32122
"(1.0, 1.0)",1,99.4062049062049,32123
"(0.8817204301075269, 1.0)",1,99.40620335459045,32124
"(0.8991666666666667, 1.0)",1,99.40618667368668,32125
"(0.8502976190476191, 1.0)",1,99.406185408506,32126
"(0.7555555555555554, 1.0)",1,99.4061583640531,32127
"(0.9886710239651416, 0.996078431372549)",1,99.40606907056429,32128
"(0.9465811965811968, 1.0)",1,99.40601181997016,32129
"(0.9754435107376284, 0.996078431372549)",1,99.40594360732824,32130
"(0.9449122174122172, 0.996078431372549)",1,99.40593644191706,32131
"(0.875, 1.0)",1,99.40590770632,32132
"(0.8368686868686868, 1.0)",1,99.40586978072952,32133
"(0.9800599128540306, 0.996078431372549)",1,99.4058637233182,32134
"(0.9808278867102396, 0.996078431372549)",1,99.40584996342828,32135
"(0.9807902108211706, 0.996078431372549)",1,99.40582915978516,32136
"(0.9731377053745476, 0.996078431372549)",1,99.40582547053918,32137
"(0.8833628057765988, 1.0)",1,99.4057560006432,32138
"(0.978144708175668, 0.996078431372549)",1,99.40571767654454,32139
"(0.980582788671024, 0.996078431372549)",1,99.40569433387414,32140
"(0.7460317460317459, 0.9841269841269842)",1,99.40564373897712,32141
"(0.9135802469135802, 1.0)",1,99.40564373897708,32142
"(0.8627450980392157, 1.0)",1,99.40557945666303,32143
"(0.9206349206349206, 1.0)",1,99.4055726881814,32144
"(0.9230769230769232, 1.0)",1,99.40556601021716,32145
"(0.9214340198321892, 1.0)",3,99.40556100395918,32148
"(0.984967320261438, 0.996078431372549)",1,99.40553776375006,32149
"(0.8904991948470209, 1.0)",1,99.40548888352092,32150
"(0.9449122174122172, 0.996078431372549)",1,99.40544624583865,32151
"(0.8055555555555556, 1.0)",1,99.40541479089572,32152
"(0.9754435107376284, 0.996078431372549)",1,99.4053856045344,32153
"(0.9894736842105264, 0.996078431372549)",1,99.40533988326648,32154
"(0.7496650452295612, 1.0)",1,99.40518854950308,32155
"(0.8627450980392157, 1.0)",1,99.40514387573212,32156
"(0.875, 1.0)",1,99.40509234804466,32157
"(0.9135802469135802, 1.0)",1,99.4050907563269,32158
"(0.9738562091503268, 0.996078431372549)",1,99.40506243309518,32159
"(0.7544006919006919, 1.0)",1,99.40506206756208,32160
"(0.8958946706887884, 0.996078431372549)",1,99.4050449974864,32161
"(0.9803921568627452, 0.996078431372549)",1,99.40503541427914,32162
"(0.9609224859534458, 0.996078431372549)",1,99.40498668313708,32163
"(0.8129898303922073, 1.0)",1,99.40497897804951,32164
"(0.9750257997936016, 0.996078431372549)",1,99.40495614391216,32165
"(0.875, 1.0)",1,99.40493595098856,32166
"(0.9224211423699916, 1.0)",1,99.40489412324114,32167
"(0.9707143676183924, 0.996078431372549)",1,99.40487561128342,32168
"(0.9230769230769232, 0.9841269841269842)",1,99.40485118745994,32169
"(0.980582788671024, 0.996078431372549)",1,99.40481073822428,32170
"(0.8586378737541528, 1.0)",1,99.4048059722375,32171
"(0.8465418823841762, 1.0)",1,99.40478262312492,32172
"(1.0, 1.0)",1,99.4047619047619,32173
"(0.9047619047619048, 1.0)",3,99.4047619047619,32176
"(0.5, 1.0)",1,99.4047619047619,32177
"(0.9803921568627452, 0.996078431372549)",1,99.404719604852,32178
"(0.8319664902998236, 1.0)",1,99.40468505438518,32179
"(0.9047619047619048, 1.0)",1,99.40467865467866,32180
"(0.9763834422657952, 0.996078431372549)",1,99.40467864923772,32181
"(0.9333333333333332, 1.0)",2,99.4046377942156,32183
"(0.8067271451483561, 1.0)",1,99.40460718275612,32184
"(0.9803376906318084, 0.996078431372549)",1,99.40460674499244,32185
"(0.9886710239651416, 0.996078431372549)",1,99.4045420211126,32186
"(0.9855521155830752, 0.996078431372549)",1,99.40452563173947,32187
"(0.883876357560568, 1.0)",1,99.40448339410965,32188
"(0.9696969696969696, 1.0)",1,99.40436268536956,32189
"(0.9641868969810148, 0.996078431372549)",1,99.40433051583229,32190
"(0.9327096052096052, 1.0)",1,99.40430130541972,32191
"(0.9788235294117646, 0.996078431372549)",1,99.40426187274504,32192
"(0.9855521155830752, 1.0)",1,99.40425540232052,32193
"(0.8551296720061023, 1.0)",1,99.40424372924517,32194
"(0.9171090534979424, 1.0)",1,99.40423352579398,32195
"(0.9047619047619048, 1.0)",1,99.4042328042328,32196
"(0.9135802469135802, 1.0)",1,99.40423076326788,32197
"(0.980582788671024, 0.996078431372549)",1,99.404180502137,32198
"(0.9592592592592591, 1.0)",1,99.40415977049544,32199
"(0.8013468013468013, 1.0)",1,99.40411255411256,32200
"(0.7869981325863679, 1.0)",1,99.40409436244995,32201
"(0.9589484126984128, 1.0)",1,99.40407408675554,32202
"(0.8675136116152449, 1.0)",1,99.4040241791216,32203
"(0.7200000000000001, 1.0)",1,99.40398268398268,32204
"(0.8485941734417344, 1.0)",1,99.40394050814152,32205
"(0.6856760145918833, 1.0)",1,99.40392928586218,32206
"(0.8170426065162907, 1.0)",1,99.4039115135225,32207
"(0.980582788671024, 0.996078431372549)",1,99.4038686112988,32208
"(0.8888888888888888, 1.0)",2,99.40381256170733,32210
"(0.8889459760512393, 0.996078431372549)",1,99.40376405884014,32211
"(0.9841269841269842, 1.0)",1,99.40374041163514,32212
"(0.9289529914529916, 1.0)",1,99.40373885686384,32213
"(0.980582788671024, 0.996078431372549)",1,99.4036778406208,32214
"(0.962458433665864, 0.996078431372549)",1,99.40367650409468,32215
"(0.9842592592592592, 0.996078431372549)",1,99.40363924517196,32216
"(0.9841269841269842, 1.0)",4,99.4035828669975,32220
"(0.8729166666666666, 1.0)",1,99.40357926422442,32221
"(0.992156862745098, 0.996078431372549)",1,99.40357282450252,32222
"(0.812957157784744, 1.0)",1,99.40355544838306,32223
"(0.9399223139548216, 0.996078431372549)",2,99.40352842891566,32225
"(0.9697786951037723, 0.996078431372549)",1,99.40351794875106,32226
"(0.8888888888888888, 1.0)",1,99.4035115157174,32227
"(0.8518518518518519, 1.0)",2,99.40351130351134,32229
"(0.9568181818181818, 0.996078431372549)",1,99.40349152366976,32230
"(0.965272331154684, 0.996078431372549)",1,99.4034803921571,32231
"(1.0, 1.0)",1,99.40347923681256,32232
"(0.8468468468468467, 1.0)",1,99.40347290812409,32233
"(0.9894736842105264, 0.996078431372549)",1,99.4034572269456,32234
"(0.9740143369175628, 1.0)",1,99.40337291485643,32235
"(0.7167919799498746, 1.0)",1,99.4033523331769,32236
"(0.9764161220043572, 0.996078431372549)",1,99.40333963994978,32237
"(0.9466207660652104, 1.0)",1,99.4033057695785,32238
"(0.9615343915343916, 1.0)",1,99.40319753158954,32239
"(0.9662707390648568, 0.996078431372549)",1,99.40317685238762,32240
"(0.9662707390648568, 0.996078431372549)",1,99.40315810999785,32241
"(0.8521317829457364, 1.0)",1,99.40314145608632,32242
"(0.8817204301075269, 1.0)",1,99.40311449497986,32243
"(1.0, 1.0)",1,99.40310715854191,32244
"(0.9731092436974792, 0.996078431372549)",1,99.40308602388345,32245
"(0.9841269841269842, 1.0)",1,99.40307518568387,32246
"(1.0, 1.0)",1,99.4030546327058,32247
"(0.9691305469556244, 0.996078431372549)",1,99.40293153784664,32248
"(0.8817204301075269, 1.0)",1,99.40292242499372,32249
"(0.8904991948470209, 1.0)",1,99.40288761216718,32250
"(0.8345959595959597, 1.0)",1,99.4027861748433,32251
"(0.8888888888888888, 1.0)",1,99.40277596799336,32252
"(0.9769410044719642, 0.996078431372549)",1,99.40268811884158,32253
"(0.9742002063983488, 0.996078431372549)",1,99.4026828826232,32254
"(0.9213117283950616, 1.0)",1,99.40263984986208,32255
"(0.7782392026578072, 1.0)",1,99.40261874837016,32256
"(0.9358798064680418, 0.996078431372549)",1,99.4025719823794,32257
"(0.9327096052096052, 1.0)",2,99.4025288529908,32259
"(0.9135802469135802, 1.0)",1,99.40247406914074,32260
"(0.965272331154684, 0.996078431372549)",1,99.4024646583782,32261
"(0.7975164658278694, 1.0)",2,99.4024303999579,32263
"(0.8915343915343915, 1.0)",1,99.40241402781436,32264
"(0.6738095238095239, 1.0)",1,99.40240203608326,32265
"(0.9696969696969696, 1.0)",2,99.4023569023569,32267
"(0.8883205456095482, 1.0)",1,99.40227449289682,32268
"(0.9230769230769232, 1.0)",1,99.4022177098264,32269
"(0.9023569023569024, 1.0)",1,99.4021688575735,32270
"(0.9886710239651416, 0.996078431372549)",1,99.40213208675306,32271
"(0.8817204301075269, 1.0)",1,99.40209699396236,32272
"(0.9847494553376906, 0.996078431372549)",1,99.4020410503385,32273
"(0.9803921568627452, 0.996078431372549)",1,99.40198075013956,32274
"(0.9135802469135802, 1.0)",2,99.40198073531408,32276
"(0.9882352941176472, 0.996078431372549)",1,99.40197763135866,32277
"(0.9785784313725492, 0.996078431372549)",1,99.40197421286452,32278
"(0.9691305469556244, 0.996078431372549)",1,99.40195060090332,32279
"(0.8375771604938271, 1.0)",1,99.4019485774313,32280
"(0.9882352941176472, 0.996078431372549)",1,99.40194427244606,32281
"(0.9807902108211706, 0.996078431372549)",1,99.40186290071608,32282
"(0.958531746031746, 1.0)",1,99.40185037754482,32283
"(0.9047619047619048, 1.0)",1,99.40183750622349,32284
"(1.0, 1.0)",1,99.40183198444068,32285
"(0.9841269841269842, 1.0)",2,99.40176736983317,32287
"(0.9740143369175628, 1.0)",1,99.40174739264464,32288
"(0.6275876749507744, 1.0)",1,99.40172502806293,32289
"(0.7975164658278694, 1.0)",1,99.40171643308732,32290
"(0.9754901960784312, 0.996078431372549)",1,99.40171361137068,32291
"(0.8571428571428572, 1.0)",1,99.40168860693156,32292
"(0.9925925925925926, 0.996078431372549)",1,99.40167936180345,32293
"(0.9261349042540992, 0.996078431372549)",1,99.4016610954071,32294
"(0.9841269841269842, 1.0)",1,99.40163218424088,32295
"(0.8831064306064307, 1.0)",1,99.40162412387905,32296
"(0.8857001484413657, 1.0)",1,99.40159970919844,32297
"(0.9333333333333332, 1.0)",1,99.4015873015873,32298
"(0.6156045751633987, 1.0)",1,99.40156544508012,32299
"(0.8527777777777779, 1.0)",1,99.40155122655122,32300
"(0.9230769230769232, 1.0)",1,99.40154582259844,32301
"(0.9565217391304348, 1.0)",1,99.40153395277012,32302
"(0.9767195767195768, 0.996078431372549)",1,99.40152239258296,32303
"(0.8817204301075269, 1.0)",1,99.40147844986556,32304
"(0.9667927989909412, 0.996078431372549)",1,99.40146612131154,32305
"(0.7460317460317459, 1.0)",1,99.40143572902194,32306
"(0.75, 1.0)",1,99.4013079915254,32307
"(0.9407729468599032, 1.0)",1,99.40129316100246,32308
"(0.7996201329534663, 1.0)",1,99.4012684846018,32309
"(0.9579374057315234, 0.996078431372549)",1,99.40124051644968,32310
"(0.954722222222222, 0.996078431372549)",1,99.4012120765374,32311
"(0.9047619047619048, 1.0)",1,99.40121141629764,32312
"(0.7610695631528964, 1.0)",2,99.4011795858916,32314
"(0.9292181620122796, 0.996078431372549)",1,99.40117051020326,32315
"(1.0, 1.0)",1,99.4010989010989,32316
"(0.9886710239651416, 0.996078431372549)",1,99.40105629104173,32317
"(0.8675136116152449, 1.0)",1,99.40096904507068,32318
"(0.9230769230769232, 1.0)",1,99.40096851691057,32319
"(0.7460317460317459, 0.9841269841269842)",1,99.40096618357494,32320
"(1.0, 1.0)",1,99.40096618357488,32321
"(0.9565217391304348, 1.0)",3,99.40096618357488,32324
"(0.9855521155830752, 0.996078431372549)",1,99.40096537094392,32325
"(0.9800599128540306, 0.996078431372549)",1,99.40092907923427,32326
"(0.9507101086048454, 0.9841269841269842)",1,99.40092655882135,32327
"(0.9697786951037723, 0.996078431372549)",1,99.40090708839251,32328
"(0.8046935824713601, 1.0)",1,99.40085854371785,32329
"(0.8817204301075269, 1.0)",1,99.400824514429,32330
"(0.9047619047619048, 1.0)",1,99.4007968330342,32331
"(0.9688200894392844, 0.996078431372549)",1,99.40077743378076,32332
"(0.9047619047619048, 1.0)",5,99.4006968641115,32337
"(0.9841269841269842, 1.0)",1,99.40064766151724,32338
"(1.0, 0.996078431372549)",1,99.40060903893745,32339
"(0.9135802469135802, 1.0)",1,99.40057991391323,32340
"(0.9841269841269842, 1.0)",1,99.40054682159943,32341
"(0.7869981325863679, 1.0)",1,99.40049731858556,32342
"(0.8421052631578948, 1.0)",1,99.40041362146626,32343
"(0.875, 1.0)",1,99.40040100800972,32344
"(0.992156862745098, 0.996078431372549)",2,99.4002795013253,32346
"(0.8750600325600326, 1.0)",1,99.40026926577409,32347
"(0.8887191358024692, 1.0)",1,99.40023922451006,32348
"(0.8332521117608837, 1.0)",1,99.4001731845153,32349
"(0.9565217391304348, 1.0)",1,99.40010301370752,32350
"(0.8163854689162486, 1.0)",1,99.40006581074432,32351
"(0.9138847117794486, 0.996078431372549)",1,99.39995814700173,32352
"(0.9589484126984128, 1.0)",1,99.39993998758112,32353
"(0.9135802469135802, 1.0)",1,99.39986929475867,32354
"(0.8889459760512393, 0.996078431372549)",1,99.39984249021268,32355
"(0.8858975827700768, 1.0)",1,99.3998332893149,32356
"(0.9172932330827066, 1.0)",1,99.39979684058636,32357
"(0.976851851851852, 0.996078431372549)",1,99.39978834759886,32358
"(0.992156862745098, 0.996078431372549)",1,99.39971968319516,32359
"(0.9214340198321892, 1.0)",1,99.3996948893974,32360
"(0.9641868969810148, 0.996078431372549)",1,99.399667216169,32361
"(0.875, 1.0)",1,99.3996069719754,32362
"(0.8675136116152449, 1.0)",1,99.39960470892372,32363
"(0.9491329966329968, 0.996078431372549)",1,99.3995841021153,32364
"(0.9172932330827066, 0.9841269841269842)",1,99.39957638203258,32365
"(0.6156045751633987, 1.0)",1,99.39950729281612,32366
"(0.875, 1.0)",1,99.39949558239032,32367
"(0.8520449077786689, 1.0)",1,99.39949086900664,32368
"(0.8864468864468864, 1.0)",2,99.39948469292928,32370
"(0.9879901960784314, 0.996078431372549)",1,99.3994518977184,32371
"(0.8264567669172932, 1.0)",1,99.3994283786389,32372
"(0.9610423116615068, 0.996078431372549)",1,99.39942716640108,32373
"(0.8502976190476191, 1.0)",1,99.39941500256016,32374
"(0.8366563427539037, 1.0)",1,99.3994046592522,32375
"(0.9691305469556244, 0.996078431372549)",1,99.39934736077689,32376
"(0.8888888888888888, 1.0)",1,99.3993265993266,32377
"(0.9840686274509804, 0.996078431372549)",1,99.3992746162795,32378
"(1.0, 1.0)",1,99.3992517144691,32379
"(0.8518518518518519, 1.0)",1,99.39921053181926,32380
"(0.8398926654740607, 1.0)",1,99.39920492022492,32381
"(0.9811403508771928, 0.996078431372549)",1,99.3991904598099,32382
"(0.9135802469135802, 1.0)",1,99.39915081445632,32383
"(0.9925925925925926, 0.996078431372549)",1,99.39913967926374,32384
"(1.0, 1.0)",1,99.39912744825024,32385
"(0.9230769230769232, 1.0)",1,99.39902368163236,32386
"(0.9620227038183696, 0.996078431372549)",1,99.3989883949329,32387
"(0.8867623604465709, 1.0)",1,99.39896117104357,32388
"(0.8893558268973552, 1.0)",1,99.39893904315758,32389
"(0.8880341880341881, 1.0)",1,99.3988566988567,32390
"(0.8867623604465709, 1.0)",2,99.39880003037902,32392
"(0.8622222222222222, 1.0)",1,99.3987942963805,32393
"(0.9602089783281734, 0.996078431372549)",1,99.39878470298066,32394
"(0.896551724137931, 1.0)",1,99.3987627747361,32395
"(0.9224211423699916, 1.0)",1,99.39876182572822,32396
"(0.9813854489164088, 0.996078431372549)",1,99.39872060630596,32397
"(0.8958946706887884, 0.996078431372549)",1,99.39868022935694,32398
"(0.936026936026936, 1.0)",2,99.39864560390876,32400
"(0.980582788671024, 0.996078431372549)",1,99.39863429353454,32401
"(0.875, 1.0)",1,99.3986191277858,32402
"(0.808641975308642, 1.0)",1,99.3985542560104,32403
"(0.980582788671024, 0.996078431372549)",1,99.39852462005094,32404
"(0.7544006919006919, 1.0)",1,99.39851869130172,32405
"(0.941156690746474, 0.996078431372549)",1,99.39847408554088,32406
"(0.9886710239651416, 0.996078431372549)",1,99.39846061231536,32407
"(0.947088068181818, 1.0)",1,99.39843939017582,32408
"(0.8053221288515406, 1.0)",1,99.39839572192513,32409
"(0.896551724137931, 1.0)",1,99.39839427517956,32410
"(0.9704892057833234, 0.996078431372549)",1,99.398363377249,32411
"(0.9886710239651416, 0.996078431372549)",1,99.39835913312712,32412
"(0.5951421188630491, 1.0)",1,99.39835791572344,32413
"(0.8368686868686868, 1.0)",1,99.398343264401,32414
"(0.865079365079365, 1.0)",1,99.3983291562239,32415
"(0.9841269841269842, 1.0)",1,99.39832402138488,32416
"(0.954722222222222, 0.996078431372549)",1,99.39832011947102,32417
"(1.0, 1.0)",2,99.39822256791405,32419
"(0.8817204301075269, 1.0)",1,99.39818583604662,32420
"(0.9800599128540306, 0.996078431372549)",1,99.3981675184696,32421
"(0.9065438871473354, 1.0)",1,99.39798079766032,32422
"(0.9847494553376906, 0.996078431372549)",1,99.39795206971696,32423
"(0.908120278414396, 0.996078431372549)",1,99.39786415682724,32424
"(0.896551724137931, 1.0)",1,99.397857139631,32425
"(0.8388888888888889, 1.0)",1,99.39784920860792,32426
"(0.9886710239651416, 0.996078431372549)",1,99.39783310400207,32427
"(0.9879901960784314, 0.996078431372549)",2,99.3978163546122,32429
"(0.9847494553376906, 0.996078431372549)",1,99.39780385604558,32430
"(0.8977777777777779, 1.0)",1,99.39777777777778,32431
"(0.9224211423699916, 1.0)",2,99.39772303346136,32433
"(0.9135802469135802, 1.0)",2,99.39770723104056,32435
"(0.9841269841269842, 1.0)",1,99.39770723104056,32436
"(0.992156862745098, 0.996078431372549)",1,99.39770438350804,32437
"(0.9224211423699916, 1.0)",1,99.39770190025946,32438
"(0.6156045751633987, 1.0)",1,99.39764967579546,32439
"(0.9763834422657952, 0.996078431372549)",1,99.39761093911264,32440
"(1.0, 1.0)",2,99.39757910035216,32442
"(0.7400546757164405, 1.0)",1,99.39755022414948,32443
"(0.996078431372549, 0.996078431372549)",1,99.39739535881716,32444
"(0.9840686274509804, 0.996078431372549)",1,99.39737000999254,32445
"(0.8750600325600326, 1.0)",1,99.39733837940912,32446
"(0.7544006919006919, 1.0)",2,99.39731320564456,32448
"(0.9728641456582634, 0.996078431372549)",1,99.39722041570272,32449
"(0.8888888888888888, 1.0)",2,99.39718768836462,32451
"(0.9565217391304348, 1.0)",5,99.39717046238786,32456
"(0.9841269841269842, 1.0)",1,99.39717046238786,32457
"(0.9827450980392156, 0.996078431372549)",1,99.39715288295032,32458
"(0.8419830743891047, 1.0)",1,99.39708921208197,32459
"(0.919047619047619, 1.0)",1,99.39704045169162,32460
"(0.8559368191721133, 1.0)",1,99.39702390595365,32461
"(0.9778966131907308, 0.996078431372549)",1,99.39693754497868,32462
"(0.9047619047619048, 1.0)",1,99.39692985836044,32463
"(0.9224211423699916, 1.0)",1,99.39690824946584,32464
"(1.0, 1.0)",1,99.39690114292448,32465
"(0.9444444444444444, 1.0)",1,99.39690114292448,32466
"(0.9651330532212884, 0.996078431372549)",1,99.39685338428976,32467
"(0.95536349042541, 0.996078431372549)",1,99.39682964839336,32468
"(0.7460317460317459, 0.9841269841269842)",1,99.39682539682543,32469
"(0.8415692007797271, 1.0)",1,99.3968226664133,32470
"(0.9841269841269842, 1.0)",1,99.3968159654434,32471
"(0.9589484126984128, 1.0)",1,99.39679378799391,32472
"(0.9135802469135802, 1.0)",1,99.39676865271068,32473
"(0.9421840958605664, 0.996078431372549)",1,99.39676069258137,32474
"(0.8833628057765988, 1.0)",1,99.39674120788084,32475
"(0.896551724137931, 1.0)",1,99.39672425691916,32476
"(0.7707924493038034, 1.0)",1,99.39667103494574,32477
"(0.95536349042541, 0.996078431372549)",1,99.39666416900252,32478
"(0.896551724137931, 1.0)",2,99.39655172413794,32480
"(0.7167919799498746, 1.0)",1,99.3964922080372,32481
"(0.9827450980392156, 0.996078431372549)",1,99.39647240377654,32482
"(0.8319664902998236, 1.0)",1,99.39642273857665,32483
"(0.8692635658914728, 1.0)",1,99.3964019751892,32484
"(0.9224211423699916, 1.0)",1,99.39639604173962,32485
"(0.9444444444444444, 1.0)",2,99.39634439634445,32487
"(0.8046935824713601, 1.0)",1,99.3963206668068,32488
"(0.9589484126984128, 1.0)",1,99.39631912442395,32489
"(0.9027274557165862, 1.0)",2,99.3963100582545,32491
"(0.9444444444444444, 1.0)",2,99.39616402116404,32493
"(0.9104993386243384, 1.0)",1,99.39608479740424,32494
"(0.957490630284748, 0.996078431372549)",1,99.39598394839904,32495
"(0.9565217391304348, 1.0)",1,99.39595528904492,32496
"(0.9840686274509804, 0.996078431372549)",1,99.39594955882195,32497
"(1.0, 1.0)",1,99.39591567852436,32498
"(0.9142520753512132, 1.0)",2,99.39588948009208,32500
"(0.9087026014109348, 1.0)",1,99.39588831653782,32501
"(0.8271652864044169, 1.0)",2,99.3958706760207,32503
"(0.9803921568627452, 0.996078431372549)",1,99.39584816153793,32504
"(0.9386724386724388, 1.0)",1,99.3958152958153,32505
"(0.9803921568627452, 0.996078431372549)",1,99.39560877461057,32506
"(0.9841269841269842, 1.0)",1,99.3956043956044,32507
"(0.984313725490196, 0.996078431372549)",1,99.39558706629936,32508
"(0.9306746031746032, 1.0)",1,99.39558281995782,32509
"(0.9135802469135802, 1.0)",1,99.39555610486276,32510
"(0.9399138116785176, 0.996078431372549)",1,99.39542225748131,32511
"(0.9886710239651416, 0.996078431372549)",2,99.39538372073996,32513
"(0.984313725490196, 0.996078431372549)",1,99.39537341943712,32514
"(0.7544006919006919, 1.0)",1,99.3953355784001,32515
"(0.9881481481481482, 0.996078431372549)",1,99.39532335741332,32516
"(0.9358798064680418, 0.996078431372549)",1,99.39531692049516,32517
"(0.9230769230769232, 1.0)",2,99.39529914529916,32519
"(0.9192251461988304, 0.996078431372549)",2,99.39529321756126,32521
"(0.9142520753512132, 1.0)",1,99.39528282443752,32522
"(0.9879901960784314, 0.996078431372549)",1,99.39523711238895,32523
"(0.9688764394646748, 0.996078431372549)",1,99.39522866638109,32524
"(0.9565217391304348, 1.0)",1,99.39519417780288,32525
"(0.992156862745098, 0.996078431372549)",1,99.39517973856223,32526
"(0.8083333333333333, 1.0)",1,99.39517738359204,32527
"(0.8551296720061023, 1.0)",1,99.3951743867519,32528
"(0.909209656084656, 1.0)",1,99.39517079925496,32529
"(0.683375104427736, 1.0)",1,99.39514020742092,32530
"(0.9763834422657952, 0.996078431372549)",2,99.39510205251707,32532
"(0.8469839324618735, 1.0)",1,99.39509892987354,32533
"(0.9109477124183006, 1.0)",1,99.3950746965453,32534
"(0.97718610251118, 0.996078431372549)",1,99.39504662205148,32535
"(0.9894736842105264, 0.996078431372549)",2,99.39503525971811,32537
"(0.9840686274509804, 0.996078431372549)",1,99.39502207315697,32538
"(0.9224211423699916, 1.0)",1,99.39502095547324,32539
"(0.9589484126984128, 1.0)",1,99.39492362177846,32540
"(0.8309016086793863, 1.0)",1,99.39486304847416,32541
"(0.9879901960784314, 0.996078431372549)",1,99.39474400871478,32542
"(0.8888888888888888, 1.0)",1,99.39470723360884,32543
"(0.9292181620122796, 0.996078431372549)",1,99.39469066680392,32544
"(0.9886710239651416, 0.996078431372549)",1,99.39467080261888,32545
"(0.9264176245210728, 1.0)",2,99.39463352219038,32547
"(0.7544006919006919, 1.0)",1,99.39451906237495,32548
"(0.957490630284748, 0.996078431372549)",1,99.39451211266378,32549
"(0.9840686274509804, 0.996078431372549)",1,99.39449927935866,32550
"(0.8897707231040564, 1.0)",1,99.39448020923768,32551
"(0.5, 1.0)",1,99.39447267708138,32552
"(0.8402777777777779, 1.0)",1,99.39443688032398,32553
"(0.9171090534979424, 1.0)",1,99.39441793289016,32554
"(0.9840686274509804, 0.996078431372549)",1,99.39441303778064,32555
"(0.9168115942028986, 0.996078431372549)",1,99.39437692103316,32556
"(0.9812636165577342, 0.996078431372549)",1,99.39437466214578,32557
"(0.808641975308642, 1.0)",1,99.3943376594025,32558
"(0.8368686868686868, 1.0)",1,99.39433516218108,32559
"(0.9841269841269842, 1.0)",2,99.39428274428276,32561
"(0.9592592592592591, 1.0)",2,99.39427181418706,32563
"(0.9602089783281734, 0.996078431372549)",1,99.39426540206746,32564
"(0.992156862745098, 0.996078431372549)",1,99.39422793093868,32565
"(0.984313725490196, 0.996078431372549)",2,99.39421224630216,32567
"(0.9767195767195768, 0.996078431372549)",1,99.39420658747308,32568
"(0.7975164658278694, 1.0)",1,99.3941806523358,32569
"(0.8521317829457364, 1.0)",1,99.39415697224516,32570
"(0.9886710239651416, 0.996078431372549)",1,99.39413800022956,32571
"(0.8498168498168499, 1.0)",1,99.394116994117,32572
"(0.7496650452295612, 1.0)",1,99.39409975133316,32573
"(0.8368686868686868, 1.0)",1,99.39405173530172,32574
"(0.6856760145918833, 1.0)",1,99.3940283755754,32575
"(0.9224211423699916, 1.0)",1,99.39401085446312,32576
"(0.9662707390648568, 0.996078431372549)",1,99.3939629605576,32577
"(1.0, 1.0)",1,99.3939393939394,32578
"(0.7141994478951, 1.0)",1,99.39391154865984,32579
"(0.896551724137931, 1.0)",1,99.39390622149244,32580
"(0.8170426065162907, 1.0)",1,99.3938852012617,32581
"(0.9230769230769232, 1.0)",1,99.39383715699503,32582
"(0.9272424525365702, 0.996078431372549)",1,99.39383211445154,32583
"(0.875, 1.0)",1,99.39382707210925,32584
"(0.6403503049675462, 1.0)",1,99.39381009417288,32585
"(0.8600272232304901, 1.0)",1,99.3937346701163,32586
"(0.9847494553376906, 0.996078431372549)",1,99.39372415705942,32587
"(0.9879901960784314, 0.996078431372549)",1,99.39372295116895,32588
"(0.9466013071895424, 0.996078431372549)",1,99.3936985845354,32589
"(0.9827450980392156, 0.996078431372549)",1,99.39367107751806,32590
"(0.8270202020202021, 1.0)",1,99.39366140395552,32591
"(0.9807902108211708, 0.996078431372549)",1,99.39362224510596,32592
"(0.6403503049675462, 1.0)",1,99.39361577826654,32593
"(0.9851851851851852, 0.996078431372549)",1,99.39356699830404,32594
"(0.9047619047619048, 1.0)",1,99.39351944351944,32595
"(0.984967320261438, 0.996078431372549)",1,99.39350007818145,32596
"(0.9391865079365078, 1.0)",1,99.39347849431616,32597
"(0.9023569023569024, 1.0)",1,99.39347615347616,32598
"(0.9841269841269842, 0.996078431372549)",1,99.39328740970096,32599
"(0.992156862745098, 0.996078431372549)",2,99.39328677084892,32601
"(0.9230769230769232, 1.0)",1,99.39322405018709,32602
"(0.980582788671024, 0.996078431372549)",1,99.39319036939165,32603
"(0.8312992626493769, 1.0)",1,99.39316949185655,32604
"(1.0, 1.0)",2,99.39316239316238,32606
"(0.9047619047619048, 1.0)",1,99.39316239316238,32607
"(0.9192251461988304, 0.996078431372549)",1,99.39312537880672,32608
"(0.9882352941176472, 0.996078431372549)",1,99.39311173358256,32609
"(0.9230769230769232, 1.0)",2,99.39310838161413,32611
"(0.8161954704362365, 1.0)",1,99.39308432376188,32612
"(0.9023569023569024, 1.0)",1,99.39307612465508,32613
"(0.9565217391304348, 1.0)",1,99.39302967563836,32614
"(0.9882352941176472, 0.996078431372549)",1,99.3930045702494,32615
"(0.980582788671024, 0.996078431372549)",1,99.3929565595512,32616
"(0.8264567669172932, 1.0)",1,99.3929558577309,32617
"(0.9230769230769232, 1.0)",1,99.39288211788212,32618
"(0.9827450980392156, 0.996078431372549)",1,99.392827698331,32619
"(0.8731060606060606, 1.0)",1,99.39282340601784,32620
"(0.8925865800865801, 1.0)",1,99.39281806156806,32621
"(0.9230769230769232, 1.0)",3,99.39277389277387,32624
"(0.992156862745098, 0.996078431372549)",1,99.3927732766131,32625
"(0.9827450980392156, 0.996078431372549)",1,99.39274874633324,32626
"(0.8822954822954823, 1.0)",1,99.39274792607634,32627
"(0.9674603174603176, 1.0)",1,99.39274207130158,32628
"(0.9047619047619048, 1.0)",1,99.39272375786489,32629
"(0.984504357298475, 0.996078431372549)",1,99.39268701983734,32630
"(0.7840187590187591, 1.0)",1,99.39264053579272,32631
"(0.9696969696969696, 1.0)",1,99.39262425064524,32632
"(0.9851851851851852, 0.996078431372549)",1,99.39253812636184,32633
"(0.957490630284748, 0.996078431372549)",1,99.39250643033176,32634
"(0.984504357298475, 0.996078431372549)",1,99.39246690329526,32635
"(0.9444444444444444, 1.0)",1,99.39242539814624,32636
"(0.9886710239651416, 0.996078431372549)",1,99.39240019984624,32637
"(0.9320397146712937, 0.996078431372549)",1,99.39239857119098,32638
"(0.8067271451483561, 1.0)",1,99.39237415010726,32639
"(0.9565217391304348, 1.0)",1,99.3923399430383,32640
"(0.9466207660652104, 1.0)",1,99.39228836510406,32641
"(0.9565217391304348, 1.0)",1,99.3922697537008,32642
"(0.8791208791208792, 1.0)",1,99.39226474009082,32643
"(0.9662707390648568, 0.996078431372549)",1,99.39226186686476,32644
"(0.9688764394646748, 0.996078431372549)",1,99.39225940280208,32645
"(0.9919117647058824, 0.996078431372549)",1,99.39225206137766,32646
"(0.8977777777777779, 1.0)",1,99.39216610549948,32647
"(0.9740143369175628, 1.0)",1,99.39212280252605,32648
"(0.9399138116785176, 0.996078431372549)",1,99.39210724460747,32649
"(1.0, 1.0)",1,99.3920888078783,32650
"(0.9333333333333332, 1.0)",2,99.39206349206351,32652
"(0.9135802469135802, 1.0)",2,99.39204914643511,32654
"(0.8740688619945587, 0.996078431372549)",1,99.39192833911898,32655
"(0.9565217391304348, 1.0)",1,99.39189112708604,32656
"(0.9465811965811968, 1.0)",1,99.39188968505998,32657
"(0.992156862745098, 0.996078431372549)",1,99.39188839895364,32658
"(0.9272424525365702, 0.996078431372549)",1,99.39183871352692,32659
"(0.9609224859534458, 0.996078431372549)",1,99.39180103747596,32660
"(0.7975164658278694, 1.0)",1,99.39178655812088,32661
"(0.9292181620122796, 0.996078431372549)",1,99.39178552814025,32662
"(0.992156862745098, 0.996078431372549)",1,99.39176843127848,32663
"(0.8970659722222223, 1.0)",1,99.3917523543558,32664
"(0.996078431372549, 0.996078431372549)",1,99.39170566217804,32665
"(0.9886710239651416, 0.996078431372549)",1,99.39166469352244,32666
"(0.9847494553376906, 0.996078431372549)",1,99.39163800022952,32667
"(0.8168138291257306, 1.0)",1,99.39158377902244,32668
"(0.6155157715260018, 1.0)",1,99.39156194757216,32669
"(0.9841269841269842, 1.0)",1,99.39155350174848,32670
"(0.8468468468468467, 1.0)",1,99.3915243915244,32671
"(0.9230769230769232, 1.0)",1,99.39149122482456,32672
"(0.9811403508771928, 0.996078431372549)",1,99.39141232058569,32673
"(0.9465811965811968, 1.0)",1,99.39137293575097,32674
"(0.9230769230769232, 1.0)",1,99.3913308913309,32675
"(0.9411376480416728, 0.996078431372549)",1,99.39127945135192,32676
"(0.7200000000000001, 1.0)",1,99.39125839136707,32677
"(0.8817204301075269, 1.0)",1,99.39124268801687,32678
"(0.9803921568627452, 0.996078431372549)",1,99.39124073192052,32679
"(0.9807902108211708, 0.996078431372549)",1,99.39121000212972,32680
"(0.9764161220043572, 0.996078431372549)",1,99.3911936330598,32681
"(0.875, 1.0)",1,99.39113601452313,32682
"(0.9214340198321892, 1.0)",1,99.39113098952916,32683
"(0.8893558268973552, 1.0)",1,99.39094292744004,32684
"(0.976661220043573, 0.996078431372549)",1,99.39092783578091,32685
"(0.9435693249631868, 0.996078431372549)",1,99.39092775193446,32686
"(0.9644646747587924, 0.996078431372549)",1,99.39091696098754,32687
"(0.932852564102564, 1.0)",1,99.39090681165813,32688
"(0.896551724137931, 1.0)",1,99.39088534347157,32689
"(0.7975164658278694, 1.0)",1,99.39087646383425,32690
"(0.9785784313725492, 0.996078431372549)",1,99.39086522753728,32691
"(0.9808278867102396, 0.996078431372549)",1,99.39082870931256,32692
"(0.9800599128540306, 0.996078431372549)",1,99.390827437097,32693
"(0.9674603174603176, 1.0)",1,99.39080901177677,32694
"(0.9135802469135802, 1.0)",1,99.3907914200668,32695
"(0.9674603174603176, 1.0)",1,99.3907647907648,32696
"(0.992156862745098, 0.996078431372549)",1,99.39076310056204,32697
"(0.93718610251118, 0.996078431372549)",1,99.39075514452313,32698
"(0.9080844645550528, 0.996078431372549)",1,99.39071275989257,32699
"(0.8888888888888888, 1.0)",1,99.39068533805376,32700
"(0.9023569023569024, 1.0)",1,99.3906685906686,32701
"(0.9916666666666668, 0.996078431372549)",1,99.39060277873357,32702
"(0.957490630284748, 0.996078431372549)",1,99.39054331919672,32703
"(0.8044053370140327, 1.0)",1,99.3904837683866,32704
"(0.9168115942028986, 0.996078431372549)",1,99.39045535240572,32705
"(0.9894736842105264, 0.996078431372549)",1,99.39041975110108,32706
"(0.9591269841269842, 0.996078431372549)",1,99.39040996356032,32707
"(0.9542023172905526, 0.996078431372549)",1,99.39038770798082,32708
"(0.9565217391304348, 1.0)",1,99.3903452685422,32709
"(0.5, 1.0)",1,99.3903318903319,32710
"(0.9333333333333332, 1.0)",1,99.3903207903208,32711
"(0.7650293586269196, 1.0)",1,99.39026196409208,32712
"(0.9213117283950616, 1.0)",1,99.3902219803941,32713
"(0.9788235294117646, 0.996078431372549)",1,99.39020057571166,32714
"(0.8368686868686868, 1.0)",1,99.3901152203034,32715
"(0.833064949006978, 1.0)",1,99.39011005443918,32716
"(0.9444444444444444, 1.0)",1,99.39005094522336,32717
"(0.8857001484413657, 1.0)",1,99.39004600712433,32718
"(0.984313725490196, 0.996078431372549)",1,99.38997276688468,32719
"(0.7544006919006919, 1.0)",1,99.38997190954156,32720
"(0.9802054154995332, 0.996078431372549)",1,99.38996146411804,32721
"(0.8831018518518517, 1.0)",1,99.38995985495986,32722
"(0.9272424525365702, 0.996078431372549)",1,99.3899105458241,32723
"(0.9213117283950616, 1.0)",4,99.38987385590332,32727
"(0.9444444444444444, 1.0)",4,99.38985088985092,32731
"(0.875, 1.0)",1,99.38983253588518,32732
"(0.9135802469135802, 1.0)",2,99.38980022153176,32734
"(0.9261349042540992, 0.996078431372549)",1,99.3897314910372,32735
"(0.996078431372549, 0.996078431372549)",1,99.38972562480392,32736
"(0.9444444444444444, 1.0)",1,99.38972391632238,32737
"(0.9497685185185184, 1.0)",2,99.38968621399177,32739
"(0.940311437215462, 0.996078431372549)",1,99.38959575094118,32740
"(0.9192180611357128, 1.0)",1,99.3895684856963,32741
"(0.9697786951037723, 0.996078431372549)",1,99.38954204807942,32742
"(0.5, 1.0)",1,99.38953823953824,32743
"(0.8857001484413657, 1.0)",1,99.3894860937626,32744
"(0.9568181818181818, 0.996078431372549)",1,99.38947936910031,32745
"(1.0, 1.0)",2,99.38945063808949,32747
"(0.7840187590187591, 1.0)",1,99.38940806766728,32748
"(0.8803174603174604, 1.0)",1,99.38940333828654,32749
"(0.9444444444444444, 1.0)",1,99.38936667197537,32750
"(0.9842592592592592, 0.996078431372549)",1,99.389340347886,32751
"(0.7782392026578072, 1.0)",1,99.3893183701414,32752
"(0.984504357298475, 1.0)",1,99.38922128926008,32753
"(0.9696969696969696, 1.0)",2,99.38918167179035,32755
"(0.875, 1.0)",1,99.38914141414142,32756
"(0.8125, 1.0)",1,99.38910864598364,32757
"(0.8888888888888888, 1.0)",2,99.38909812409813,32759
"(0.8332521117608837, 1.0)",1,99.38906054317415,32760
"(0.8551296720061023, 1.0)",1,99.38905914041923,32761
"(0.8521317829457364, 1.0)",1,99.38900904765796,32762
"(0.9230769230769232, 0.9841269841269842)",1,99.38897817158691,32763
"(0.936026936026936, 1.0)",1,99.38895720489924,32764
"(0.7167919799498746, 1.0)",1,99.38895224721884,32765
"(0.9841269841269842, 1.0)",1,99.38888888888891,32766
"(0.8888888888888888, 1.0)",5,99.38888888888889,32771
"(0.9047619047619048, 1.0)",1,99.38888888888889,32772
"(0.8518518518518519, 0.9841269841269842)",1,99.38878129667609,32773
"(0.984313725490196, 0.996078431372549)",1,99.38876406703054,32774
"(0.9697786951037723, 0.996078431372549)",1,99.38873938783404,32775
"(0.9674603174603176, 1.0)",1,99.388543328017,32776
"(0.9691219096334186, 0.996078431372549)",1,99.38847610331284,32777
"(0.8312992626493769, 1.0)",2,99.3884732537817,32779
"(0.9785784313725492, 0.996078431372549)",1,99.3883337838061,32780
"(0.9, 1.0)",1,99.38830389222196,32781
"(0.9803921568627452, 0.996078431372549)",1,99.38828495034402,32782
"(0.978144708175668, 0.996078431372549)",1,99.38828210231485,32783
"(0.833064949006978, 1.0)",1,99.38820015196828,32784
"(0.919047619047619, 1.0)",1,99.3881105818962,32785
"(0.9521531100478468, 1.0)",1,99.38809376910064,32786
"(0.9333333333333332, 1.0)",1,99.38806106174528,32787
"(0.8423371647509579, 1.0)",1,99.38805724565364,32788
"(0.9292181620122796, 0.996078431372549)",1,99.38804428505432,32789
"(0.9674603174603176, 1.0)",1,99.38802308802308,32790
"(0.896551724137931, 1.0)",1,99.38788810806052,32791
"(0.8833628057765988, 1.0)",1,99.38788697373826,32792
"(0.9696969696969696, 1.0)",2,99.3878787878788,32794
"(0.9881481481481482, 0.996078431372549)",1,99.38785841278192,32795
"(0.9841269841269842, 1.0)",2,99.38784580889843,32797
"(0.8696884384384383, 1.0)",1,99.38784231173018,32798
"(0.9194577352472088, 1.0)",1,99.38776651774364,32799
"(0.9264176245210728, 1.0)",1,99.38770875516563,32800
"(0.9171090534979424, 1.0)",1,99.38770284777983,32801
"(0.9261349042540992, 0.996078431372549)",1,99.38767613089684,32802
"(0.9886710239651416, 0.996078431372549)",2,99.3876638491656,32804
"(0.9466207660652104, 1.0)",1,99.38758715261984,32805
"(0.8571428571428572, 1.0)",1,99.38755812089146,32806
"(0.9674603174603176, 1.0)",1,99.3874259727201,32807
"(0.8627450980392157, 1.0)",1,99.38740508646733,32808
"(0.8666666666666667, 1.0)",1,99.38736975986976,32809
"(0.9444444444444444, 1.0)",1,99.38735854464758,32810
"(0.947088068181818, 1.0)",1,99.38730733965107,32811
"(0.5, 1.0)",1,99.38730158730158,32812
"(0.9698658410732716, 0.996078431372549)",1,99.38728673535714,32813
"(0.9230769230769232, 1.0)",1,99.38726585068048,32814
"(0.8046935824713601, 1.0)",1,99.38724191376969,32815
"(0.9696969696969696, 1.0)",1,99.38719029699422,32816
"(0.9696969696969696, 1.0)",2,99.3871572871573,32818
"(0.8339307048984469, 1.0)",1,99.38714138310912,32819
"(0.9333333333333332, 1.0)",1,99.3871148175496,32820
"(0.9827450980392156, 0.996078431372549)",1,99.38706992509712,32821
"(0.97718610251118, 0.996078431372549)",1,99.38702528379795,32822
"(0.8904991948470209, 1.0)",1,99.38701459629416,32823
"(0.9172932330827066, 1.0)",1,99.38699020277969,32824
"(0.9206349206349206, 1.0)",1,99.38696066766242,32825
"(0.8675136116152449, 1.0)",1,99.38692753102916,32826
"(1.0, 1.0)",1,99.3869067917022,32827
"(0.9023809523809524, 1.0)",1,99.38689059478531,32828
"(0.8465418823841762, 1.0)",1,99.38686635729198,32829
"(0.683375104427736, 1.0)",1,99.38682935626908,32830
"(0.8817204301075269, 1.0)",1,99.3867861246469,32831
"(0.8859337035751476, 1.0)",1,99.38677272412008,32832
"(0.8958946706887884, 0.996078431372549)",1,99.38676813703462,32833
"(0.95536349042541, 0.996078431372549)",1,99.38675782593762,32834
"(0.8831018518518517, 1.0)",1,99.3867311290787,32835
"(0.9696969696969696, 1.0)",1,99.38670932931804,32836
"(0.8925865800865801, 1.0)",1,99.3866650916874,32837
"(0.9206349206349206, 1.0)",1,99.38662324681816,32838
"(0.9213117283950616, 1.0)",1,99.38659171075838,32839
"(0.9763834422657952, 0.996078431372549)",1,99.38656133053988,32840
"(0.8275809031622985, 1.0)",1,99.38650648238752,32841
"(0.9541729732828804, 0.996078431372549)",1,99.38648517337136,32842
"(0.9841269841269842, 1.0)",1,99.38645856810156,32843
"(0.9497685185185184, 1.0)",1,99.386421506734,32844
"(0.8078308130291714, 1.0)",1,99.3864172444849,32845
"(0.8817204301075269, 1.0)",2,99.38641482603,32847
"(0.6738095238095239, 1.0)",1,99.38636363636364,32848
"(0.9444444444444444, 1.0)",1,99.38633958633962,32849
"(0.9615343915343916, 1.0)",2,99.38633400458028,32851
"(0.9882352941176472, 0.996078431372549)",1,99.38630209659642,32852
"(0.9572737556561086, 0.996078431372549)",1,99.38624939141836,32853
"(0.9879901960784314, 0.996078431372549)",1,99.38620235030058,32854
"(0.9230769230769232, 1.0)",1,99.38617897944624,32855
"(0.8977777777777779, 1.0)",2,99.38617826617826,32857
"(0.9224211423699916, 1.0)",1,99.3861739220648,32858
"(0.7692756796205072, 1.0)",1,99.38612087813404,32859
"(0.9800599128540306, 0.996078431372549)",1,99.38609993476184,32860
"(0.9224211423699916, 1.0)",2,99.38607434652666,32862
"(0.8592532467532467, 1.0)",1,99.38602155457735,32863
"(0.9881481481481482, 0.996078431372549)",1,99.3859933126258,32864
"(0.9855521155830752, 1.0)",2,99.38594222840428,32866
"(0.8817204301075269, 1.0)",1,99.38593427769706,32867
"(0.8803174603174604, 1.0)",1,99.38590124851,32868
"(0.9320397146712937, 0.996078431372549)",1,99.38586751674752,32869
"(0.735042735042735, 1.0)",1,99.38583638583638,32870
"(0.8013468013468013, 1.0)",1,99.38579415388382,32871
"(0.984967320261438, 0.996078431372549)",1,99.38573584138624,32872
"(0.9542023172905526, 0.996078431372549)",1,99.38572095551532,32873
"(0.9444444444444444, 0.9841269841269842)",1,99.38571428571436,32874
"(0.7544006919006919, 1.0)",1,99.38567173567174,32875
"(0.992156862745098, 0.996078431372549)",1,99.38556256803646,32876
"(0.9728641456582634, 0.996078431372549)",1,99.38545570982036,32877
"(0.9264176245210728, 1.0)",1,99.38543473494948,32878
"(0.9386724386724388, 1.0)",1,99.38539530644796,32879
"(0.9444444444444444, 1.0)",1,99.3853921419711,32880
"(0.8266666666666667, 1.0)",1,99.38535947712418,32881
"(0.9851851851851852, 0.996078431372549)",1,99.38535497616428,32882
"(0.9135802469135802, 1.0)",1,99.38531362625568,32883
"(0.8053221288515406, 1.0)",1,99.3852847990316,32884
"(0.9704892057833234, 0.996078431372549)",1,99.38519326316408,32885
"(0.992156862745098, 0.996078431372549)",1,99.38500952060312,32886
"(0.978144708175668, 0.996078431372549)",1,99.38499209162458,32887
"(0.909722222222222, 1.0)",1,99.3849821710917,32888
"(0.9886710239651416, 0.996078431372549)",1,99.38493737612028,32889
"(0.8686868686868687, 1.0)",1,99.38491662011153,32890
"(0.9224211423699916, 1.0)",2,99.38488286252544,32892
"(0.9444444444444444, 1.0)",1,99.38482384823848,32893
"(0.9224211423699916, 1.0)",1,99.38482138649069,32894
"(0.7141994478951, 1.0)",1,99.38479571035673,32895
"(0.977218782249742, 0.996078431372549)",1,99.3847668277244,32896
"(0.9788235294117646, 0.996078431372549)",1,99.38475161016048,32897
"(0.976851851851852, 0.996078431372549)",1,99.38474973567835,32898
"(0.9886710239651416, 0.996078431372549)",1,99.38464998280028,32899
"(0.8502976190476191, 1.0)",1,99.38464241776742,32900
"(0.9168478260869564, 1.0)",1,99.38464118127588,32901
"(0.865079365079365, 1.0)",1,99.38463748303565,32902
"(0.9047619047619048, 1.0)",1,99.3846153846154,32903
"(0.984504357298475, 0.996078431372549)",1,99.38460604165788,32904
"(0.9800599128540306, 0.996078431372549)",1,99.38453458077318,32905
"(0.6403503049675462, 1.0)",2,99.38447198580292,32907
"(0.9214340198321892, 1.0)",1,99.38439698279517,32908
"(0.9565217391304348, 1.0)",1,99.38439344083892,32909
"(0.8893558268973552, 1.0)",1,99.38437159163014,32910
"(0.984504357298475, 0.996078431372549)",1,99.38435975559833,32911
"(1.0, 1.0)",1,99.38431616692486,32912
"(0.992156862745098, 0.996078431372549)",2,99.38431162948976,32914
"(0.95536349042541, 0.996078431372549)",2,99.38427753962608,32916
"(1.0, 1.0)",1,99.38427621760955,32917
"(0.9803050108932462, 0.996078431372549)",2,99.38427355508703,32919
"(0.8803174603174604, 1.0)",1,99.38425945500356,32920
"(0.996078431372549, 0.996078431372549)",1,99.38423448326718,32921
"(0.7782392026578072, 1.0)",2,99.384210322532,32923
"(0.8368686868686868, 1.0)",1,99.38419448221532,32924
"(0.8803174603174604, 1.0)",1,99.38418457437952,32925
"(0.9886710239651416, 0.996078431372549)",1,99.38416236670128,32926
"(0.5640273704789834, 1.0)",1,99.3841331905848,32927
"(0.984967320261438, 0.996078431372549)",1,99.3841230750676,32928
"(0.9674603174603176, 1.0)",1,99.38411914172784,32929
"(0.992156862745098, 0.996078431372549)",1,99.38410765475804,32930
"(0.6875653082549634, 1.0)",1,99.38393822569236,32931
"(0.8498168498168498, 1.0)",1,99.38393471152092,32932
"(0.9135802469135802, 1.0)",1,99.3839142258002,32933
"(0.883580779054917, 1.0)",1,99.38387206420845,32934
"(0.9230769230769232, 1.0)",1,99.38384221142842,32935
"(0.9696969696969696, 1.0)",1,99.38383838383838,32936
"(0.9808278867102396, 0.996078431372549)",1,99.3837761069342,32937
"(0.936026936026936, 1.0)",1,99.3837746659393,32938
"(0.9886710239651416, 0.996078431372549)",1,99.38371093057714,32939
"(0.9230769230769232, 1.0)",2,99.38369778369778,32941
"(0.8615967365967366, 1.0)",3,99.38367322847358,32944
"(0.9847494553376906, 0.996078431372549)",1,99.38363014993136,32945
"(0.9135802469135802, 1.0)",5,99.38361549955752,32950
"(0.7982954545454546, 1.0)",1,99.38360784036936,32951
"(0.9047619047619048, 1.0)",1,99.38356471115095,32952
"(0.97718610251118, 0.996078431372549)",1,99.3835590846728,32953
"(0.7400546757164405, 1.0)",1,99.38355515671692,32954
"(0.896551724137931, 1.0)",1,99.38355361113982,32955
"(0.9802054154995332, 0.996078431372549)",1,99.38354996224987,32956
"(0.8078308130291714, 1.0)",1,99.38350962343148,32957
"(0.8675136116152449, 1.0)",1,99.3834630655492,32958
"(0.9135802469135802, 1.0)",2,99.38345851679183,32960
"(0.9047619047619048, 1.0)",1,99.38345567476004,32961
"(0.992156862745098, 0.996078431372549)",1,99.3834339525286,32962
"(0.75, 1.0)",1,99.38342261603132,32963
"(0.8502976190476191, 1.0)",1,99.38340964590964,32964
"(0.9135802469135802, 1.0)",1,99.38339591511637,32965
"(0.9696969696969696, 1.0)",1,99.38336156597026,32966
"(0.8281746031746032, 1.0)",1,99.3833094215278,32967
"(0.95536349042541, 0.996078431372549)",1,99.38328958594462,32968
"(0.9696969696969696, 1.0)",2,99.38327721661057,32970
"(0.9047619047619048, 1.0)",1,99.38327721661057,32971
"(0.8832772166105499, 1.0)",17,99.38327721661057,32988
"(0.9135802469135802, 1.0)",1,99.38327721661057,32989
"(0.8053221288515406, 1.0)",1,99.38326331698764,32990
"(0.9027274557165862, 1.0)",1,99.38324742638602,32991
"(0.9047619047619048, 1.0)",1,99.38323080428344,32992
"(0.8858975827700768, 1.0)",2,99.38322682540928,32994
"(0.7708333333333334, 1.0)",1,99.38322036150984,32995
"(0.8350168350168351, 1.0)",1,99.38320043158753,32996
"(0.9565217391304348, 1.0)",1,99.38315690639529,32997
"(0.9491329966329968, 0.996078431372549)",2,99.38315066409362,32999
"(0.8067271451483561, 1.0)",1,99.3831425264099,33000
"(0.8518518518518519, 1.0)",1,99.38305436406122,33001
"(0.9248366013071896, 1.0)",1,99.38298339278732,33002
"(0.7777777777777776, 1.0)",1,99.3829365079365,33003
"(0.8867623604465709, 1.0)",4,99.382927014506,33007
"(0.8163854689162486, 1.0)",1,99.3829169905964,33008
"(0.9847494553376906, 0.996078431372549)",1,99.38289571969152,33009
"(0.9778966131907308, 0.996078431372549)",1,99.38284721554056,33010
"(0.984504357298475, 0.996078431372549)",1,99.38279169832592,33011
"(0.8748472964943552, 0.996078431372549)",1,99.3827850329927,33012
"(0.9565217391304348, 1.0)",1,99.38274044795784,33013
"(0.8888888888888888, 1.0)",1,99.38271494363448,33014
"(0.9660457516339868, 0.996078431372549)",1,99.38263517284328,33015
"(0.9855521155830752, 0.996078431372549)",1,99.38255217647716,33016
"(0.90934937783235, 0.996078431372549)",1,99.38249665539163,33017
"(0.9813854489164088, 0.996078431372549)",1,99.3824649269634,33018
"(0.936026936026936, 1.0)",1,99.3824277976452,33019
"(1.0, 1.0)",2,99.38241057188424,33021
"(0.8791208791208792, 1.0)",2,99.38238885297709,33023
"(0.7544006919006919, 1.0)",1,99.3823784086284,33024
"(0.980582788671024, 0.996078431372549)",1,99.38235693586336,33025
"(0.9465811965811968, 1.0)",1,99.38232615424256,33026
"(0.9589484126984128, 1.0)",1,99.38228294853296,33027
"(0.9135802469135802, 1.0)",1,99.38224433136712,33028
"(0.9803050108932462, 0.996078431372549)",1,99.38221999575806,33029
"(0.9591269841269842, 0.996078431372549)",1,99.38220878250308,33030
"(0.883580779054917, 1.0)",1,99.38220189452947,33031
"(0.8888888888888888, 1.0)",1,99.38220038220038,33032
"(0.8873002904865649, 1.0)",1,99.38217782931572,33033
"(0.8502976190476191, 1.0)",1,99.38214897628724,33034
"(0.8253968253968256, 1.0)",2,99.38212197159564,33036
"(0.97718610251118, 0.996078431372549)",1,99.38211562224708,33037
"(0.9444444444444444, 1.0)",1,99.382091790773,33038
"(0.9879901960784314, 0.996078431372549)",1,99.38208296112312,33039
"(0.9838235294117648, 0.996078431372549)",1,99.382034032322,33040
"(0.9135802469135802, 1.0)",1,99.38193687516132,33041
"(0.7496650452295612, 1.0)",1,99.38192804351269,33042
"(0.8977777777777779, 1.0)",1,99.38190476190476,33043
"(0.8518518518518519, 1.0)",1,99.38190438190438,33044
"(0.965272331154684, 0.996078431372549)",1,99.38189922593196,33045
"(0.9135802469135802, 1.0)",1,99.38183421516754,33046
"(0.9743589743589745, 1.0)",1,99.38182709064957,33047
"(0.9807902108211706, 0.996078431372549)",2,99.38181618261358,33049
"(0.8817204301075269, 1.0)",1,99.38180701019412,33050
"(0.9449122174122172, 0.996078431372549)",1,99.3817723081874,33051
"(0.8281746031746032, 1.0)",1,99.38176747520993,33052
"(0.8332521117608837, 1.0)",1,99.38173246212573,33053
"(0.9851851851851852, 0.996078431372549)",1,99.38172146807456,33054
"(0.8817204301075269, 1.0)",3,99.38172043010752,33057
"(0.8867623604465709, 1.0)",1,99.3817118553961,33058
"(0.9841269841269842, 1.0)",2,99.38171185539606,33060
"(0.978144708175668, 0.996078431372549)",1,99.38168185063144,33061
"(0.984313725490196, 0.996078431372549)",1,99.38165577342068,33062
"(0.7869981325863679, 1.0)",1,99.38157374109876,33063
"(0.9764161220043572, 0.996078431372549)",1,99.38153759125508,33064
"(0.9333333333333332, 1.0)",4,99.38149920255184,33068
"(0.9696969696969696, 1.0)",1,99.38149920255184,33069
"(0.9465811965811968, 1.0)",1,99.38148080985036,33070
"(0.976623544154504, 1.0)",1,99.38143309512544,33071
"(0.9777089783281734, 1.0)",1,99.38140371124123,33072
"(0.960639768728004, 0.996078431372549)",1,99.38136863337348,33073
"(0.9565217391304348, 1.0)",1,99.38124467477292,33074
"(0.917520230314348, 0.996078431372549)",1,99.38106442577056,33075
"(0.875, 1.0)",1,99.38103782182728,33076
"(0.9803921568627452, 0.996078431372549)",1,99.38101032066224,33077
"(0.7869981325863679, 1.0)",1,99.38097775602252,33078
"(0.8518518518518519, 1.0)",2,99.38082580187844,33080
"(0.8977777777777779, 1.0)",1,99.38073926073928,33081
"(0.896551724137931, 1.0)",2,99.38067870826492,33083
"(0.996078431372549, 0.996078431372549)",1,99.38063037495718,33084
"(0.7982954545454546, 1.0)",1,99.38062306845202,33085
"(0.9841269841269842, 1.0)",1,99.38062217467252,33086
"(0.9666666666666668, 1.0)",1,99.38060259654463,33087
"(0.9230769230769232, 1.0)",1,99.38052356999724,33088
"(0.740829346092504, 1.0)",1,99.38051188577504,33089
"(0.992156862745098, 0.996078431372549)",1,99.38049291256488,33090
"(0.9841269841269842, 1.0)",1,99.38049229353578,33091
"(0.8888888888888888, 1.0)",1,99.38041670624288,33092
"(0.8970659722222223, 1.0)",1,99.3802795429358,33093
"(0.8345959595959597, 1.0)",1,99.38025401960746,33094
"(0.941156690746474, 0.996078431372549)",1,99.38023810279871,33095
"(0.9728641456582634, 0.996078431372549)",1,99.38021654701244,33096
"(0.932852564102564, 1.0)",1,99.38018831071923,33097
"(0.9841269841269842, 1.0)",1,99.3801454838068,33098
"(0.9691219096334186, 0.996078431372549)",1,99.3800868628664,33099
"(0.7982954545454546, 1.0)",1,99.38003236386857,33100
"(0.957490630284748, 0.996078431372549)",1,99.38002334352976,33101
"(0.9855521155830752, 0.996078431372549)",1,99.38000302300634,33102
"(0.8530092673544326, 1.0)",1,99.37998606198956,33103
"(0.8831064306064307, 1.0)",1,99.37996357713872,33104
"(0.9847494553376906, 0.996078431372549)",1,99.3799550938786,33105
"(0.8750600325600326, 1.0)",1,99.37990484309928,33106
"(0.9641868969810148, 0.996078431372549)",1,99.37988107523734,33107
"(0.9230769230769232, 1.0)",1,99.3798665103013,33108
"(0.984313725490196, 0.996078431372549)",1,99.37986197668884,33109
"(0.9023569023569024, 1.0)",1,99.37983112905532,33110
"(1.0, 1.0)",1,99.3797619047619,33111
"(0.8502976190476191, 1.0)",1,99.37975447562246,33112
"(0.7973856209150327, 1.0)",1,99.37975406746006,33113
"(0.8518518518518519, 1.0)",1,99.37971696919064,33114
"(0.9565217391304348, 1.0)",2,99.37959866220736,33116
"(0.8883205456095482, 1.0)",1,99.37953078464588,33117
"(1.0, 1.0)",1,99.3795093795094,33118
"(0.9641868969810148, 0.996078431372549)",1,99.37947203123696,33119
"(0.8748472964943552, 0.996078431372549)",1,99.37946905588414,33120
"(0.9660130718954248, 0.996078431372549)",1,99.37946279096452,33121
"(0.8527777777777779, 1.0)",1,99.37933571852336,33122
"(0.9855521155830752, 0.996078431372549)",1,99.37929135642209,33123
"(0.9019607843137254, 1.0)",1,99.37928921568628,33124
"(0.9894736842105264, 0.996078431372549)",1,99.37923369028655,33125
"(0.5951421188630491, 1.0)",1,99.37915625243257,33126
"(0.8312992626493769, 1.0)",2,99.37915031305025,33128
"(0.9847494553376906, 0.996078431372549)",1,99.3791494668045,33129
"(0.8791208791208792, 1.0)",1,99.37912087912088,33130
"(0.9047619047619048, 1.0)",1,99.37911192749904,33131
"(0.9811403508771928, 0.996078431372549)",1,99.37910295239396,33132
"(0.9609224859534458, 0.996078431372549)",1,99.3790842432088,33133
"(0.7544006919006919, 1.0)",1,99.37902402303666,33134
"(0.9841269841269842, 1.0)",1,99.37899883807812,33135
"(0.978144708175668, 0.996078431372549)",1,99.37880801214484,33136
"(0.9135802469135802, 1.0)",1,99.37878163972368,33137
"(0.9202401372212692, 1.0)",1,99.3787810789556,33138
"(0.9766612200435728, 0.996078431372549)",1,99.37877245587757,33139
"(0.875, 1.0)",2,99.3786654167089,33141
"(0.9135802469135802, 1.0)",1,99.3786510087323,33142
"(0.9886710239651416, 0.996078431372549)",1,99.3786502983416,33143
"(0.683375104427736, 1.0)",1,99.37864607353546,33144
"(0.9333333333333332, 0.9841269841269842)",1,99.37863247863254,33145
"(1.0, 1.0)",1,99.37861319966584,33146
"(0.5, 1.0)",1,99.37859966120836,33147
"(0.9851851851851852, 0.996078431372549)",1,99.37856155168096,33148
"(0.9565217391304348, 1.0)",1,99.37855529702348,33149
"(0.896551724137931, 1.0)",1,99.37852387492568,33150
"(0.9411376480416728, 0.996078431372549)",1,99.37852052873042,33151
"(0.8888888888888888, 1.0)",1,99.3784072672978,33152
"(0.9333333333333332, 1.0)",1,99.37835928507972,33153
"(0.9759803921568628, 0.996078431372549)",1,99.37826858539798,33154
"(0.9788235294117646, 0.996078431372549)",1,99.37820246107164,33155
"(0.8831018518518517, 1.0)",1,99.37818497115312,33156
"(0.9879901960784314, 0.996078431372549)",1,99.37813180827912,33157
"(0.8253968253968256, 1.0)",2,99.37812650312652,33159
"(0.9230769230769232, 1.0)",1,99.37807394240306,33160
"(0.9764161220043572, 0.996078431372549)",1,99.37805093153474,33161
"(0.978144708175668, 0.996078431372549)",1,99.37801882512493,33162
"(0.9840686274509804, 0.996078431372549)",1,99.37799504207162,33163
"(0.9202401372212692, 1.0)",1,99.37797803685804,33164
"(0.9214340198321892, 1.0)",1,99.37795575896264,33165
"(0.8448736477904788, 1.0)",1,99.37788502135284,33166
"(0.9803921568627452, 0.996078431372549)",1,99.37787523441771,33167
"(0.9882352941176472, 0.996078431372549)",1,99.37785190099456,33168
"(0.9224211423699916, 1.0)",1,99.3778210056646,33169
"(1.0, 0.9841269841269842)",1,99.3778060104148,33170
"(0.9841269841269842, 1.0)",1,99.3778060104147,33171
"(0.984504357298475, 0.996078431372549)",1,99.37777315375696,33172
"(0.8859337035751476, 1.0)",1,99.37773869073315,33173
"(0.9302579365079364, 1.0)",1,99.37771164021164,33174
"(0.8817204301075269, 1.0)",1,99.37765538945712,33175
"(0.9135802469135802, 1.0)",1,99.37763253449528,33176
"(0.875, 1.0)",1,99.37761233019856,33177
"(0.909722222222222, 0.996078431372549)",1,99.377607942167,33178
"(0.8705805822084891, 1.0)",1,99.37756471398691,33179
"(0.8083333333333333, 1.0)",1,99.3775419025419,33180
"(0.8888888888888888, 1.0)",1,99.37750769373577,33181
"(0.976574074074074, 0.996078431372549)",1,99.3774838200544,33182
"(0.9851851851851852, 0.996078431372549)",1,99.37744777761806,33183
"(0.8402777777777779, 1.0)",1,99.37743506493509,33184
"(0.9754901960784312, 0.996078431372549)",1,99.3774145961926,33185
"(0.984504357298475, 0.996078431372549)",1,99.377413140695,33186
"(0.9879901960784314, 0.996078431372549)",1,99.3773880257558,33187
"(0.9674603174603176, 1.0)",1,99.37733348522823,33188
"(0.896551724137931, 1.0)",1,99.37731390627312,33189
"(0.9591269841269842, 0.996078431372549)",1,99.37730721348392,33190
"(1.0, 1.0)",4,99.37728937728936,33194
"(0.8888888888888888, 1.0)",2,99.37728937728936,33196
"(0.896551724137931, 1.0)",1,99.37724851272944,33197
"(0.9841269841269842, 1.0)",1,99.37723915984785,33198
"(1.0, 0.996078431372549)",1,99.37723629839816,33199
"(0.8402777777777779, 1.0)",1,99.3772286726234,33200
"(0.9886710239651416, 0.996078431372549)",1,99.37718412936697,33201
"(0.9565217391304348, 1.0)",1,99.37718320327016,33202
"(0.865079365079365, 1.0)",1,99.37717779296727,33203
"(0.8686868686868687, 1.0)",1,99.37717158736648,33204
"(0.8163854689162486, 1.0)",1,99.37715616699737,33205
"(0.7705882352941177, 1.0)",1,99.37712661127068,33206
"(0.9565217391304348, 1.0)",1,99.37712599073048,33207
"(0.8897707231040564, 1.0)",1,99.37706121039454,33208
"(0.9333333333333332, 1.0)",1,99.37704615073037,33209
"(0.8900759734093067, 1.0)",1,99.377039569677,33210
"(0.9866666666666668, 0.996078431372549)",1,99.37702622127048,33211
"(0.6856760145918833, 1.0)",1,99.37700200372838,33212
"(0.9023569023569024, 1.0)",2,99.37699337699338,33214
"(0.976851851851852, 0.996078431372549)",1,99.3769930144017,33215
"(0.879008834302952, 0.996078431372549)",1,99.37697724388924,33216
"(0.957490630284748, 0.996078431372549)",1,99.37697004389818,33217
"(0.9866666666666668, 0.996078431372549)",1,99.37692065570516,33218
"(0.683375104427736, 1.0)",2,99.37690817953975,33220
"(0.9841269841269842, 1.0)",1,99.37690087690088,33221
"(0.9230769230769232, 1.0)",2,99.37690087690088,33223
"(0.9565217391304348, 1.0)",1,99.37686378447248,33224
"(0.9803376906318084, 0.996078431372549)",1,99.37680774649064,33225
"(0.8078308130291714, 1.0)",1,99.37672895801109,33226
"(0.9811403508771928, 0.996078431372549)",1,99.37671126030284,33227
"(0.9788235294117646, 0.996078431372549)",1,99.37664171123016,33228
"(0.9386724386724388, 1.0)",1,99.37662337662336,33229
"(0.896551724137931, 1.0)",2,99.3766136676145,33231
"(0.8897707231040564, 1.0)",1,99.37659812353594,33232
"(0.9881481481481482, 0.996078431372549)",1,99.37657954126932,33233
"(0.9135802469135802, 1.0)",1,99.37654320987654,33234
"(0.9306746031746032, 1.0)",1,99.37652221360554,33235
"(0.9886710239651416, 0.996078431372549)",2,99.37652120497346,33237
"(0.962458433665864, 0.996078431372549)",1,99.37641898045788,33238
"(0.7975164658278694, 1.0)",1,99.3763763137686,33239
"(0.8763636363636363, 1.0)",2,99.37636363636364,33241
"(0.9565217391304348, 1.0)",1,99.3763374073332,33242
"(0.9766612200435728, 0.996078431372549)",1,99.37632144085728,33243
"(0.9202401372212692, 1.0)",1,99.37631960589825,33244
"(0.8309016086793863, 1.0)",1,99.3762247379311,33245
"(0.9813854489164088, 0.996078431372549)",1,99.37620184171512,33246
"(0.9696969696969696, 1.0)",1,99.37617461711665,33247
"(0.833064949006978, 1.0)",1,99.3760158252912,33248
"(0.9886710239651416, 0.996078431372549)",1,99.37601265492926,33249
"(0.9881481481481482, 0.996078431372549)",1,99.37599411465602,33250
"(0.8888888888888888, 1.0)",1,99.3759853538839,33251
"(0.992156862745098, 0.996078431372549)",1,99.3759657453072,33252
"(0.8888888888888888, 1.0)",1,99.37596263385736,33253
"(0.8468468468468467, 1.0)",1,99.3759503037764,33254
"(0.8487103174603176, 1.0)",1,99.3759464799906,33255
"(0.5, 1.0)",3,99.37590187590187,33258
"(0.8833628057765988, 1.0)",1,99.37578362493818,33259
"(0.8264567669172932, 1.0)",2,99.37577773809171,33261
"(0.954722222222222, 0.996078431372549)",1,99.37577570454728,33262
"(0.992156862745098, 0.996078431372549)",1,99.37574475404216,33263
"(0.992156862745098, 0.996078431372549)",1,99.37565359477136,33264
"(0.9816305469556244, 0.996078431372549)",1,99.37563135465626,33265
"(0.7708333333333334, 1.0)",1,99.37561050061048,33266
"(0.8893558268973552, 1.0)",1,99.37560856084536,33267
"(0.947088068181818, 1.0)",1,99.3755819318759,33268
"(0.8748472964943552, 0.996078431372549)",1,99.3755474872567,33269
"(0.9248591174906964, 0.996078431372549)",1,99.37547302972249,33270
"(0.954722222222222, 0.996078431372549)",1,99.37546075155228,33271
"(0.9565217391304348, 1.0)",1,99.37544381322492,33272
"(0.9192180611357128, 1.0)",1,99.37542802320414,33273
"(0.9841269841269842, 1.0)",1,99.37542505803376,33274
"(0.9766612200435728, 0.996078431372549)",1,99.37541338784958,33275
"(0.984967320261438, 0.996078431372549)",1,99.37538126361672,33276
"(0.996078431372549, 0.996078431372549)",1,99.37537436803548,33277
"(0.909209656084656, 1.0)",1,99.37532764696572,33278
"(0.8858975827700768, 1.0)",1,99.37530908779944,33279
"(0.9386724386724388, 1.0)",1,99.37525612127943,33280
"(0.9248591174906964, 0.996078431372549)",1,99.37522793168328,33281
"(0.8547544409613373, 1.0)",1,99.37521607161788,33282
"(0.9386724386724388, 1.0)",2,99.37518037518038,33284
"(0.883580779054917, 1.0)",1,99.37515056353942,33285
"(0.9224211423699916, 1.0)",1,99.37507959502844,33286
"(0.9391865079365078, 1.0)",2,99.37505511463846,33288
"(0.9565217391304348, 1.0)",2,99.37500553581116,33290
"(1.0, 1.0)",1,99.375,33291
"(0.978144708175668, 0.996078431372549)",1,99.37496493375288,33292
"(0.8864468864468864, 1.0)",1,99.37490287490286,33293
"(0.9851851851851852, 0.996078431372549)",1,99.37483660130732,33294
"(0.8468468468468467, 1.0)",1,99.3748360667125,33295
"(0.8831064306064307, 1.0)",2,99.3748268415458,33297
"(0.9651330532212884, 0.996078431372549)",1,99.37476026668,33298
"(0.8888888888888888, 1.0)",1,99.37472201001611,33299
"(0.6944444444444445, 1.0)",1,99.37469135802468,33300
"(0.9104993386243384, 1.0)",1,99.37461434480863,33301
"(0.9764161220043572, 0.996078431372549)",1,99.374517675021,33302
"(0.932852564102564, 1.0)",2,99.37451663048886,33304
"(0.8817204301075269, 1.0)",1,99.37449039162748,33305
"(0.8791208791208792, 1.0)",1,99.3744898720131,33306
"(0.9363636363636364, 1.0)",1,99.37447490780824,33307
"(0.5, 1.0)",1,99.37445887445888,33308
"(0.8611111111111112, 1.0)",2,99.37444519969722,33310
"(0.5640273704789834, 1.0)",1,99.37438660189083,33311
"(0.9768191721132896, 0.996078431372549)",1,99.37437645659028,33312
"(1.0, 1.0)",1,99.37426387426387,33313
"(0.9615343915343916, 1.0)",1,99.3742619273088,33314
"(0.8421052631578948, 1.0)",1,99.3742439686837,33315
"(0.977218782249742, 0.996078431372549)",1,99.37424051193491,33316
"(0.9230769230769232, 1.0)",1,99.3742316727824,33317
"(0.9272424525365702, 0.996078431372549)",1,99.37422584594502,33318
"(0.8731060606060606, 0.986574074074074)",1,99.37420373085696,33319
"(0.8275809031622985, 1.0)",1,99.37420028850508,33320
"(0.992156862745098, 0.996078431372549)",2,99.37414090782536,33322
"(0.93133246052044, 0.996078431372549)",1,99.37413312481009,33323
"(0.9841269841269842, 1.0)",1,99.37409515777637,33324
"(0.683375104427736, 1.0)",3,99.37400445234609,33327
"(0.9855521155830752, 0.996078431372549)",1,99.37397704877498,33328
"(0.9192251461988304, 0.996078431372549)",1,99.37397651683278,33329
"(0.9841269841269842, 1.0)",1,99.37396141869826,33330
"(0.976661220043573, 0.996078431372549)",1,99.3739440840666,33331
"(0.9333333333333332, 1.0)",1,99.37392285653156,33332
"(0.9444444444444444, 1.0)",1,99.37389770723104,33333
"(0.9589484126984128, 1.0)",1,99.37382536880725,33334
"(0.8817204301075269, 1.0)",2,99.373783922171,33336
"(0.9445350241545892, 1.0)",1,99.3737749508945,33337
"(0.9197362278244632, 0.996078431372549)",1,99.37375784231844,33338
"(0.9135802469135802, 1.0)",1,99.37372815399932,33339
"(0.9763834422657952, 0.996078431372549)",1,99.37371438445766,33340
"(0.9674603174603176, 1.0)",2,99.37366522366524,33342
"(0.9855521155830752, 0.996078431372549)",1,99.3736002588172,33343
"(0.833064949006978, 1.0)",2,99.373558272109,33345
"(0.9879901960784314, 0.996078431372549)",1,99.37354722590808,33346
"(0.8423371647509579, 1.0)",1,99.37353992363228,33347
"(0.9847494553376906, 0.996078431372549)",1,99.37348270122284,33348
"(0.875, 1.0)",1,99.37348250790504,33349
"(0.9879901960784314, 0.996078431372549)",1,99.37335712647652,33350
"(0.9803376906318084, 0.996078431372549)",1,99.37333548646158,33351
"(0.8487002627627628, 1.0)",1,99.37332346098364,33352
"(0.683375104427736, 1.0)",1,99.37322599427864,33353
"(0.8883205456095482, 1.0)",1,99.37321557889167,33354
"(0.978144708175668, 0.996078431372549)",1,99.37319915456362,33355
"(0.896551724137931, 1.0)",1,99.37317510076132,33356
"(0.9855521155830752, 0.996078431372549)",1,99.37316350516838,33357
"(0.9466013071895424, 0.996078431372549)",1,99.37315574289282,33358
"(0.8465418823841762, 1.0)",2,99.37311509379435,33360
"(0.8055555555555555, 1.0)",1,99.37310732676866,33361
"(0.9542023172905526, 0.996078431372549)",1,99.37308753705544,33362
"(0.9333333333333332, 1.0)",1,99.37306555567426,33363
"(0.957490630284748, 0.996078431372549)",1,99.37304847527074,33364
"(0.8888888888888888, 1.0)",2,99.37301587301587,33366
"(0.5, 1.0)",1,99.37301587301587,33367
"(0.9230769230769232, 1.0)",1,99.37298932162815,33368
"(0.8666666666666667, 1.0)",1,99.37297195558064,33369
"(0.9866666666666668, 0.996078431372549)",1,99.37294260160228,33370
"(0.865079365079365, 1.0)",1,99.37290208795584,33371
"(0.7555555555555554, 1.0)",1,99.37286536641376,33372
"(0.896551724137931, 1.0)",1,99.37281814777278,33373
"(0.947088068181818, 1.0)",1,99.37281621734746,33374
"(0.8415692007797271, 1.0)",1,99.37281402848288,33375
"(0.9847494553376906, 0.996078431372549)",1,99.37279928116706,33376
"(0.9763834422657952, 0.996078431372549)",1,99.37275828335964,33377
"(0.8888888888888888, 1.0)",1,99.3727508207584,33378
"(0.9841269841269842, 1.0)",1,99.3727422003284,33379
"(0.896551724137931, 1.0)",1,99.37273207400249,33380
"(0.7200000000000001, 1.0)",1,99.37271765271764,33381
"(0.9135802469135802, 1.0)",1,99.37269773761,33382
"(0.984504357298475, 0.996078431372549)",1,99.37263161989962,33383
"(0.8915343915343915, 1.0)",1,99.37262354223633,33384
"(0.9812636165577342, 0.996078431372549)",1,99.37247959012689,33385
"(0.978144708175668, 0.996078431372549)",1,99.3724411109475,33386
"(0.6342508506903054, 1.0)",1,99.3724249906944,33387
"(0.984967320261438, 0.996078431372549)",1,99.37233882000224,33388
"(1.0, 1.0)",2,99.37232721443247,33390
"(0.8675136116152449, 1.0)",1,99.37227743167318,33391
"(0.9213117283950616, 1.0)",1,99.37220603825676,33392
"(0.8686868686868687, 1.0)",1,99.37216779322044,33393
"(0.8520449077786689, 1.0)",1,99.37207968105344,33394
"(0.9886710239651416, 0.996078431372549)",1,99.37204034596311,33395
"(0.909722222222222, 0.996078431372549)",1,99.37194989106776,33396
"(0.9549131554246644, 0.996078431372549)",1,99.37186268504604,33397
"(0.9023809523809524, 1.0)",1,99.37186097655206,33398
"(0.9302579365079364, 1.0)",1,99.37181622456984,33399
"(0.9609224859534458, 0.996078431372549)",1,99.37181019616798,33400
"(0.9171090534979424, 1.0)",1,99.3717888364626,33401
"(0.9466013071895424, 0.996078431372549)",2,99.371788048553,33403
"(0.8402777777777779, 1.0)",1,99.37174491389608,33404
"(0.9363636363636364, 1.0)",2,99.37156177156176,33406
"(0.9894736842105264, 1.0)",1,99.37155301652834,33407
"(0.9386724386724388, 1.0)",1,99.37151737151736,33408
"(0.9894736842105264, 0.996078431372549)",1,99.3715086959826,33409
"(0.996078431372549, 0.996078431372549)",1,99.37148287741256,33410
"(0.9641868969810148, 0.996078431372549)",2,99.37145813881132,33412
"(0.8666666666666667, 1.0)",1,99.37144495102535,33413
"(0.9881481481481482, 0.996078431372549)",1,99.37139504534775,33414
"(0.9879901960784314, 0.996078431372549)",1,99.37135623521092,33415
"(0.7496650452295612, 1.0)",1,99.37122824029382,33416
"(0.9881481481481482, 0.996078431372549)",1,99.37121040924468,33417
"(0.896551724137931, 1.0)",1,99.3711880647163,33418
"(0.9609224859534458, 0.996078431372549)",1,99.37116015149196,33419
"(0.7167919799498746, 1.0)",1,99.37112653428444,33420
"(0.9841269841269842, 1.0)",1,99.37111595423616,33421
"(0.9800599128540306, 0.996078431372549)",2,99.37111045272827,33423
"(0.8970659722222223, 1.0)",1,99.3710977730594,33424
"(0.9778966131907308, 0.996078431372549)",1,99.37109225827514,33425
"(0.8498168498168499, 1.0)",1,99.37108365982542,33426
"(1.0, 1.0)",1,99.37106468410816,33427
"(0.8195533769063181, 0.996078431372549)",1,99.37102396514184,33428
"(0.9023569023569024, 1.0)",1,99.37100568061076,33429
"(0.7162037037037038, 1.0)",1,99.37096940289648,33430
"(0.9243650793650792, 1.0)",1,99.370925049593,33431
"(0.9320397146712937, 0.996078431372549)",1,99.37092127314288,33432
"(0.9855521155830752, 0.996078431372549)",1,99.37076739128048,33433
"(0.9792592592592592, 0.996078431372549)",1,99.370742416625,33434
"(0.8857001484413657, 1.0)",1,99.37070519014192,33435
"(0.9280112044817928, 0.996078431372549)",2,99.37068004979793,33437
"(0.8046935824713601, 1.0)",1,99.37067964116576,33438
"(0.984313725490196, 0.996078431372549)",1,99.37061946979772,33439
"(0.9358798064680418, 0.996078431372549)",1,99.3705741287916,33440
"(0.9104993386243384, 1.0)",1,99.37044914190749,33441
"(0.9697786951037723, 0.996078431372549)",1,99.37043527978604,33442
"(0.9507101086048454, 1.0)",1,99.37042554138743,33443
"(0.9667927989909412, 0.996078431372549)",1,99.37041854972178,33444
"(1.0, 0.9841269841269842)",4,99.37040737040743,33448
"(0.9820662768031188, 1.0)",1,99.37040712219044,33449
"(0.6156045751633987, 1.0)",1,99.37040382181048,33450
"(0.9135802469135802, 1.0)",1,99.37037037037037,33451
"(0.9214340198321892, 1.0)",1,99.37036780209932,33452
"(0.8487103174603176, 1.0)",1,99.370329874374,33453
"(0.984504357298475, 0.996078431372549)",1,99.37031303749583,33454
"(0.9886710239651416, 0.996078431372549)",1,99.37030443756473,33455
"(0.8791208791208792, 1.0)",1,99.37028819134082,33456
"(0.914421596921597, 0.996078431372549)",1,99.37028670726804,33457
"(0.9847494553376906, 0.996078431372549)",1,99.37028553765796,33458
"(0.8, 1.0)",1,99.37027835288706,33459
"(0.9358798064680418, 0.996078431372549)",2,99.37027104707332,33461
"(0.8893558268973552, 1.0)",1,99.37020631297182,33462
"(0.8425925925925927, 1.0)",1,99.37017076067424,33463
"(0.6856760145918833, 1.0)",1,99.37014218886029,33464
"(0.9192251461988304, 0.996078431372549)",1,99.3701325107552,33465
"(0.9333333333333332, 1.0)",1,99.37011877011878,33466
"(0.984504357298475, 0.996078431372549)",2,99.37007739938092,33468
"(0.9768191721132896, 0.996078431372549)",1,99.37003061406074,33469
"(0.9696969696969696, 1.0)",1,99.37001653093608,33470
"(0.7610695631528964, 1.0)",1,99.36999187108036,33471
"(0.9778966131907308, 0.996078431372549)",1,99.36990301064628,33472
"(0.8468468468468467, 1.0)",1,99.36987936987936,33473
"(0.9047619047619048, 1.0)",1,99.36987402588088,33474
"(0.984967320261438, 0.996078431372549)",1,99.36978532114622,33475
"(0.9027274557165862, 1.0)",1,99.36977588741031,33476
"(0.9886710239651416, 0.996078431372549)",1,99.3697597279794,33477
"(0.9563713649711092, 0.996078431372549)",1,99.3697377689492,33478
"(0.7869981325863679, 1.0)",1,99.36967544552684,33479
"(0.8368686868686868, 1.0)",1,99.36965017648156,33480
"(0.992156862745098, 0.996078431372549)",1,99.36960492850676,33481
"(0.8589726631393297, 1.0)",1,99.3695878935226,33482
"(0.9565217391304348, 1.0)",2,99.36956521739133,33484
"(0.936026936026936, 1.0)",1,99.36953659951372,33485
"(0.9248591174906964, 0.996078431372549)",1,99.36952526816172,33486
"(0.8571428571428572, 1.0)",1,99.3694965528299,33487
"(0.8129898303922073, 1.0)",1,99.3694884766086,33488
"(0.9847494553376906, 0.996078431372549)",1,99.3694767072168,33489
"(0.9847494553376906, 0.996078431372549)",1,99.36947302897786,33490
"(0.9879901960784314, 0.996078431372549)",1,99.36943555784909,33491
"(0.8350168350168351, 1.0)",2,99.36941637961128,33493
"(0.9197362278244632, 0.996078431372549)",1,99.36934607761256,33494
"(0.896551724137931, 1.0)",1,99.3692770331451,33495
"(0.980582788671024, 0.996078431372549)",1,99.3692427147444,33496
"(0.7973856209150327, 1.0)",1,99.36923599276544,33497
"(0.9802054154995332, 0.996078431372549)",1,99.36921899876155,33498
"(0.8589726631393297, 1.0)",1,99.36912249747957,33499
"(0.9047619047619048, 1.0)",1,99.36909077928568,33500
"(0.90934937783235, 0.996078431372549)",1,99.36905712520354,33501
"(0.9696969696969696, 1.0)",1,99.36899343447438,33502
"(0.9333333333333332, 0.9841269841269842)",1,99.36897546897552,33503
"(0.8487103174603176, 1.0)",2,99.3689511877012,33505
"(0.9333333333333332, 0.9841269841269842)",1,99.36893155154031,33506
"(0.9466013071895424, 0.996078431372549)",1,99.36893131197075,33507
"(0.9491329966329968, 0.996078431372549)",1,99.36892207780777,33508
"(0.9788235294117646, 0.996078431372549)",1,99.36890580208711,33509
"(0.9866666666666668, 0.996078431372549)",1,99.3687473541681,33510
"(0.9047619047619048, 1.0)",1,99.36874236874236,33511
"(0.9754435107376284, 0.996078431372549)",1,99.36873171490842,33512
"(0.9879901960784314, 0.996078431372549)",1,99.36873138729192,33513
"(0.9602089783281734, 0.996078431372549)",1,99.3687187740595,33514
"(0.8925865800865801, 1.0)",1,99.3687158114925,33515
"(0.7707924493038034, 1.0)",1,99.36869662547412,33516
"(0.954722222222222, 0.996078431372549)",1,99.36869259825166,33517
"(0.9399223139548216, 0.996078431372549)",1,99.3686774943898,33518
"(0.8053221288515406, 1.0)",1,99.36867054196006,33519
"(0.9590970891280488, 0.996078431372549)",1,99.36865959519233,33520
"(0.9731377053745476, 0.996078431372549)",1,99.36854521181166,33521
"(0.9847494553376906, 0.996078431372549)",2,99.3685224089638,33523
"(0.8740392648287385, 1.0)",1,99.36850353646692,33524
"(0.9925925925925926, 0.996078431372549)",1,99.36850236107225,33525
"(0.9202401372212692, 1.0)",1,99.36850174979855,33526
"(1.0, 1.0)",1,99.368490249192,33527
"(0.8705805822084891, 1.0)",1,99.36843124735528,33528
"(0.75, 1.0)",1,99.3684018644252,33529
"(0.9886710239651416, 0.996078431372549)",1,99.36837718479228,33530
"(0.984504357298475, 1.0)",1,99.36820634101603,33531
"(0.7496650452295612, 1.0)",1,99.36818752665528,33532
"(0.8163854689162486, 1.0)",1,99.36815438105656,33533
"(0.7982954545454546, 1.0)",2,99.36813704447174,33535
"(0.9803921568627452, 0.996078431372549)",1,99.36813022343966,33536
"(0.7982954545454546, 1.0)",2,99.36811452436451,33538
"(0.8275809031622985, 1.0)",1,99.36811445925112,33539
"(0.883580779054917, 1.0)",1,99.36807495964284,33540
"(0.8129898303922073, 1.0)",1,99.36800310415548,33541
"(0.954722222222222, 0.996078431372549)",1,99.36793650615624,33542
"(0.9919117647058824, 0.996078431372549)",1,99.36793589879248,33543
"(0.9882352941176472, 0.996078431372549)",1,99.36792773675133,33544
"(0.9882352941176472, 0.996078431372549)",1,99.36792511507552,33545
"(0.8900759734093067, 1.0)",1,99.36791859226,33546
"(0.8550741594067247, 1.0)",1,99.3678811023484,33547
"(0.8518518518518519, 1.0)",2,99.36785065143263,33549
"(0.8129898303922073, 1.0)",2,99.367815607453,33551
"(0.8368686868686868, 1.0)",1,99.3677887990892,33552
"(0.9841269841269842, 1.0)",1,99.36765615337043,33553
"(0.9882352941176472, 0.996078431372549)",2,99.36759507577636,33555
"(0.992156862745098, 0.996078431372549)",1,99.36756322252477,33556
"(0.9230769230769232, 1.0)",1,99.36752136752136,33557
"(0.9444444444444444, 1.0)",2,99.36752136752136,33559
"(0.8190277777777778, 1.0)",1,99.36742602492605,33560
"(0.896551724137931, 1.0)",1,99.36740572598774,33561
"(0.9750257997936016, 0.996078431372549)",1,99.3673886786686,33562
"(0.8611111111111112, 1.0)",1,99.36736016994092,33563
"(0.9841269841269842, 1.0)",1,99.36735778841042,33564
"(0.9364583333333332, 1.0)",1,99.36732413866068,33565
"(0.9807902108211708, 0.996078431372549)",1,99.36731496485348,33566
"(0.9788235294117646, 0.996078431372549)",1,99.36730921488429,33567
"(0.996078431372549, 0.996078431372549)",1,99.3672601808911,33568
"(0.940967320261438, 0.996078431372549)",1,99.36723753366104,33569
"(1.0, 1.0)",1,99.36718809907217,33570
"(0.9172932330827066, 1.0)",1,99.36705214625626,33571
"(1.0, 0.996078431372549)",2,99.36704333440612,33573
"(0.9807902108211706, 0.996078431372549)",1,99.36701025439432,33574
"(0.9192251461988304, 0.996078431372549)",1,99.3670053997146,33575
"(0.9851851851851852, 0.996078431372549)",1,99.3668571738385,33576
"(0.9047619047619048, 1.0)",1,99.36674299287992,33577
"(0.875, 1.0)",2,99.36669134958608,33579
"(0.9023569023569024, 1.0)",1,99.36664446664447,33580
"(0.8350168350168351, 1.0)",2,99.36661856661856,33582
"(0.7975164658278694, 1.0)",1,99.36659053990196,33583
"(1.0, 1.0)",1,99.36656891495602,33584
"(0.9841269841269842, 1.0)",1,99.3665433045278,33585
"(0.9444444444444444, 1.0)",2,99.36652236652236,33587
"(0.904126984126984, 1.0)",1,99.36650593233928,33588
"(0.9666666666666668, 1.0)",1,99.3664637149808,33589
"(0.9886710239651416, 0.996078431372549)",1,99.36644192179814,33590
"(0.941156690746474, 0.996078431372549)",1,99.3662809703436,33591
"(0.8151260504201681, 1.0)",1,99.3662753841782,33592
"(0.9660457516339868, 0.996078431372549)",1,99.36624973381184,33593
"(0.8332521117608837, 1.0)",1,99.36619622682456,33594
"(0.8275809031622985, 1.0)",1,99.36619162671676,33595
"(0.8616898148148148, 1.0)",4,99.36615519786946,33599
"(0.8704453441295547, 1.0)",1,99.36610958891664,33600
"(0.9230769230769232, 1.0)",3,99.3661087038898,33603
"(0.9919117647058824, 0.996078431372549)",1,99.3660922529012,33604
"(1.0, 1.0)",1,99.36597502114743,33605
"(0.996078431372549, 0.996078431372549)",1,99.36597184219929,33606
"(1.0, 0.9841269841269842)",2,99.36593406593414,33608
"(0.7975164658278694, 1.0)",1,99.36590888610422,33609
"(0.9812636165577342, 0.996078431372549)",1,99.3658987263169,33610
"(0.9696969696969696, 1.0)",1,99.365880101075,33611
"(0.9214340198321892, 1.0)",1,99.36587846427663,33612
"(0.8817204301075269, 1.0)",1,99.36584741423452,33613
"(0.9841269841269842, 1.0)",1,99.36584741423452,33614
"(0.9411376480416728, 0.996078431372549)",1,99.36581945414854,33615
"(0.9657080610021788, 0.996078431372549)",1,99.3657521258227,33616
"(1.0, 0.9841269841269842)",1,99.36572871572882,33617
"(0.9886710239651416, 0.996078431372549)",1,99.36569702612364,33618
"(0.9542023172905526, 0.996078431372549)",1,99.36568012964804,33619
"(0.9816305469556244, 0.996078431372549)",1,99.36567628220902,33620
"(0.8867623604465709, 0.9841269841269842)",1,99.36561099719002,33621
"(0.9763834422657952, 0.996078431372549)",1,99.36555358241137,33622
"(0.8675136116152449, 1.0)",1,99.36550833719618,33623
"(0.7610695631528964, 1.0)",1,99.36548653506986,33624
"(0.883876357560568, 1.0)",1,99.36545562174852,33625
"(0.9886710239651416, 0.996078431372549)",1,99.3654540763676,33626
"(0.9135802469135802, 1.0)",1,99.36545059878394,33627
"(0.8883205456095482, 1.0)",1,99.36543163791556,33628
"(0.9696969696969696, 1.0)",1,99.36542443064182,33629
"(0.5, 1.0)",1,99.36542443064182,33630
"(0.992156862745098, 0.996078431372549)",1,99.36538887325284,33631
"(0.8542199488491048, 1.0)",1,99.36536318310446,33632
"(0.9841269841269842, 1.0)",1,99.36533897553387,33633
"(0.9816305469556244, 0.996078431372549)",1,99.36533315682009,33634
"(0.9886710239651416, 0.996078431372549)",1,99.36532707585982,33635
"(0.9589484126984128, 1.0)",1,99.36526815301085,33636
"(0.8266666666666667, 1.0)",2,99.36526695526696,33638
"(0.8502976190476191, 1.0)",1,99.36526004130192,33639
"(0.9358798064680418, 0.996078431372549)",1,99.36522246256084,33640
"(0.9882352941176472, 0.996078431372549)",1,99.3652163654488,33641
"(0.9230769230769232, 1.0)",1,99.36521256521256,33642
"(0.9171090534979424, 1.0)",1,99.3652096099428,33643
"(0.896551724137931, 1.0)",1,99.36518850871674,33644
"(0.8970659722222223, 1.0)",1,99.36511099785189,33645
"(0.8817204301075269, 1.0)",1,99.36509261347976,33646
"(0.7081939799331105, 1.0)",2,99.36507599563863,33648
"(0.97718610251118, 0.996078431372549)",1,99.36506608842392,33649
"(0.9886710239651416, 0.996078431372549)",1,99.36501747593096,33650
"(0.9855521155830752, 0.996078431372549)",1,99.36498202204882,33651
"(0.9047619047619048, 1.0)",1,99.36496836496836,33652
"(0.8129898303922073, 1.0)",1,99.3649431471896,33653
"(0.9135802469135802, 1.0)",1,99.36491554607495,33654
"(0.7777777777777776, 1.0)",1,99.36489114749985,33655
"(0.9224211423699916, 1.0)",1,99.3648603123954,33656
"(0.9230769230769232, 1.0)",1,99.36484042273516,33657
"(0.992156862745098, 0.996078431372549)",1,99.36481383196563,33658
"(0.9840686274509804, 0.996078431372549)",1,99.36479158330025,33659
"(0.8763636363636363, 1.0)",1,99.36476412476412,33660
"(0.984504357298475, 0.996078431372549)",1,99.36475027793996,33661
"(0.980582788671024, 0.996078431372549)",1,99.36467099120374,33662
"(0.8112491373360938, 1.0)",1,99.36464707822483,33663
"(0.9759803921568628, 0.996078431372549)",1,99.3645697167758,33664
"(0.9541729732828804, 0.996078431372549)",1,99.36450793377804,33665
"(0.9696969696969696, 1.0)",1,99.36450709784044,33666
"(0.978144708175668, 0.996078431372549)",1,99.36449817709968,33667
"(0.9886710239651416, 0.996078431372549)",1,99.36449104788132,33668
"(0.9916666666666668, 0.996078431372549)",1,99.36448501270417,33669
"(0.875, 1.0)",2,99.36448292998637,33671
"(0.8502976190476191, 1.0)",1,99.3644609834526,33672
"(0.936026936026936, 1.0)",1,99.36444191514023,33673
"(0.8666096448354512, 1.0)",1,99.36443721872637,33674
"(0.8586378737541528, 1.0)",1,99.36442114849751,33675
"(0.9879901960784314, 0.996078431372549)",1,99.36437639255615,33676
"(0.8520449077786689, 1.0)",1,99.3643635323066,33677
"(0.9386724386724388, 1.0)",1,99.36435786435786,33678
"(0.8112491373360938, 1.0)",1,99.36432678885124,33679
"(0.8053221288515406, 1.0)",1,99.3642853878148,33680
"(0.8893558268973552, 1.0)",1,99.3641206967649,33681
"(0.9740143369175628, 1.0)",1,99.36408769369191,33682
"(0.9386724386724388, 1.0)",1,99.36406926406926,33683
"(0.9065438871473354, 1.0)",1,99.36406135744782,33684
"(0.875, 1.0)",1,99.36398927159796,33685
"(0.7840187590187591, 1.0)",2,99.36397875692975,33687
"(0.9879901960784314, 0.996078431372549)",1,99.36397671822375,33688
"(0.9327096052096052, 1.0)",1,99.3639284311238,33689
"(0.965272331154684, 0.996078431372549)",1,99.3639256692933,33690
"(0.9855521155830752, 0.996078431372549)",1,99.36391812865514,33691
"(0.9879901960784314, 0.996078431372549)",1,99.36389247000857,33692
"(0.984967320261438, 0.996078431372549)",1,99.3638593952203,33693
"(0.9019607843137254, 1.0)",1,99.36383683239669,33694
"(0.896551724137931, 1.0)",1,99.36382952007703,33695
"(0.95536349042541, 0.996078431372549)",1,99.3638093500306,33696
"(0.9466207660652104, 1.0)",1,99.36376786599531,33697
"(0.7982954545454546, 1.0)",1,99.36376058522798,33698
"(0.9620227038183696, 0.996078431372549)",1,99.36366070404787,33699
"(0.8888888888888888, 1.0)",1,99.36363636363636,33700
"(0.9589484126984128, 1.0)",1,99.3636283680646,33701
"(0.8502976190476191, 1.0)",1,99.36358282096492,33702
"(0.9840686274509804, 0.996078431372549)",2,99.36357245237284,33704
"(0.9427450980392156, 0.996078431372549)",1,99.36349245245586,33705
"(0.8677609399763623, 1.0)",1,99.36346881656776,33706
"(0.7167919799498746, 1.0)",1,99.36346395420806,33707
"(0.984504357298475, 0.996078431372549)",1,99.3634418488289,33708
"(0.8271652864044169, 1.0)",1,99.36343581277244,33709
"(0.875, 1.0)",1,99.36340048840049,33710
"(0.9847494553376906, 0.996078431372549)",1,99.36338751646116,33711
"(0.883580779054917, 1.0)",1,99.36336703976002,33712
"(0.9236094950800832, 0.996078431372549)",1,99.36332827733006,33713
"(0.8791208791208792, 1.0)",1,99.36324786324786,33714
"(0.9696969696969696, 1.0)",1,99.3631916250842,33715
"(0.9894736842105264, 0.996078431372549)",1,99.3631903466333,33716
"(0.8586378737541528, 1.0)",1,99.36313078584136,33717
"(0.8832772166105499, 1.0)",1,99.36313069646404,33718
"(0.8883205456095482, 1.0)",1,99.36312998259424,33719
"(0.992156862745098, 0.996078431372549)",1,99.36309887894342,33720
"(0.8264567669172932, 1.0)",2,99.3630303189402,33722
"(0.9466207660652104, 1.0)",1,99.3629484271126,33723
"(0.9851851851851852, 0.996078431372549)",1,99.36293560521104,33724
"(0.9882352941176472, 0.996078431372549)",1,99.3629086195884,33725
"(0.9696969696969696, 1.0)",5,99.36285936285935,33730
"(0.9886710239651416, 0.996078431372549)",1,99.36281937761837,33731
"(0.9339072354087834, 0.996078431372549)",1,99.36277503084028,33732
"(0.8145051353874884, 0.996078431372549)",1,99.36276966927146,33733
"(0.9691305469556244, 0.996078431372549)",1,99.36275375298428,33734
"(0.8627450980392157, 1.0)",4,99.3627450980392,33738
"(1.0, 1.0)",1,99.3627450980392,33739
"(0.954722222222222, 0.996078431372549)",1,99.36273024162728,33740
"(0.9696969696969696, 1.0)",1,99.36272664533534,33741
"(0.9444444444444444, 1.0)",1,99.36271986271989,33742
"(0.984313725490196, 0.996078431372549)",1,99.36265995872056,33743
"(0.954722222222222, 0.996078431372549)",1,99.3625593730317,33744
"(0.9135802469135802, 1.0)",1,99.36251402918067,33745
"(0.9759803921568628, 0.996078431372549)",1,99.3625046988904,33746
"(0.9444444444444444, 1.0)",1,99.3624811554503,33747
"(1.0, 1.0)",1,99.36246413134292,33748
"(0.9851851851851852, 0.996078431372549)",1,99.36233660130723,33749
"(0.8468468468468467, 1.0)",1,99.36233184494054,33750
"(0.6403503049675462, 1.0)",1,99.36224635275,33751
"(0.8622222222222222, 1.0)",5,99.3622222222222,33756
"(1.0, 1.0)",1,99.36221334378506,33757
"(0.9135802469135802, 1.0)",1,99.36220939554276,33758
"(0.9023569023569024, 1.0)",1,99.36219754480624,33759
"(0.896551724137931, 1.0)",2,99.3621836531845,33761
"(0.9841269841269842, 1.0)",1,99.3621817534861,33762
"(0.9641868969810148, 0.996078431372549)",1,99.36206979867994,33763
"(0.9763834422657952, 0.996078431372549)",1,99.36206774363144,33764
"(0.8332521117608837, 1.0)",1,99.36205405078984,33765
"(0.8330439814814815, 1.0)",1,99.36205344424094,33766
"(0.9855521155830752, 0.996078431372549)",1,99.36203563722162,33767
"(0.9565217391304348, 1.0)",1,99.36202138323456,33768
"(0.9841269841269842, 1.0)",1,99.36187916026626,33769
"(0.9224211423699916, 1.0)",1,99.36181508176392,33770
"(0.9280112044817928, 0.996078431372549)",1,99.36179873388876,33771
"(0.8750600325600326, 1.0)",1,99.36178961577367,33772
"(0.9394676075558428, 0.996078431372549)",1,99.36174293996211,33773
"(0.9840686274509804, 0.996078431372549)",1,99.36174156838322,33774
"(0.9192251461988304, 0.996078431372549)",1,99.36173953087032,33775
"(0.9364583333333332, 1.0)",1,99.3617356659544,33776
"(0.9135802469135802, 1.0)",1,99.36172147766352,33777
"(0.7081939799331105, 1.0)",2,99.36165568026982,33779
"(0.8527777777777779, 1.0)",1,99.36161616161615,33780
"(0.8622222222222222, 1.0)",1,99.36154882154882,33781
"(0.9696969696969696, 1.0)",1,99.3615258685434,33782
"(0.9696969696969696, 1.0)",1,99.36147186147188,33783
"(0.8627450980392157, 1.0)",1,99.3614574967516,33784
"(0.9306746031746032, 1.0)",1,99.361450143821,33785
"(0.9816305469556244, 0.996078431372549)",1,99.3614462627158,33786
"(0.9444444444444444, 1.0)",1,99.36141636141636,33787
"(0.7869981325863679, 1.0)",1,99.36140930518292,33788
"(0.9351326548694968, 0.996078431372549)",2,99.36138308486628,33790
"(1.0, 1.0)",1,99.36128364389234,33791
"(0.9565217391304348, 1.0)",1,99.36128364389234,33792
"(0.8817204301075269, 1.0)",1,99.36125739512543,33793
"(0.9894736842105264, 0.996078431372549)",1,99.36108834176969,33794
"(0.9248591174906964, 0.996078431372549)",1,99.36106364379675,33795
"(0.8705805822084891, 1.0)",1,99.36103888585048,33796
"(0.992156862745098, 0.996078431372549)",1,99.36102080868356,33797
"(0.9589484126984128, 1.0)",1,99.36085686840477,33798
"(0.8611111111111112, 1.0)",4,99.36084870274912,33802
"(0.8686868686868687, 1.0)",1,99.36083390293916,33803
"(0.9457936507936509, 0.996078431372549)",1,99.36081771603332,33804
"(0.976661220043573, 0.996078431372549)",1,99.36081739164426,33805
"(0.9351326548694968, 0.996078431372549)",1,99.36080005048296,33806
"(0.9707143676183924, 0.996078431372549)",1,99.36079892227816,33807
"(0.996078431372549, 0.996078431372549)",1,99.3607832170416,33808
"(0.8350168350168351, 1.0)",1,99.36077393610287,33809
"(0.9386724386724388, 1.0)",1,99.36075036075036,33810
"(0.8750600325600326, 1.0)",1,99.36073450491988,33811
"(0.9886710239651416, 0.996078431372549)",1,99.36072456824095,33812
"(0.8425595238095238, 1.0)",1,99.36066999896812,33813
"(0.8887191358024692, 1.0)",1,99.36065915777516,33814
"(0.8550741594067247, 1.0)",1,99.36063787405458,33815
"(1.0, 1.0)",1,99.36055640894352,33816
"(0.9881481481481482, 0.996078431372549)",1,99.36055626539132,33817
"(0.9320397146712937, 0.996078431372549)",1,99.3605437088618,33818
"(0.9224211423699916, 1.0)",1,99.36052892830388,33819
"(0.8763636363636363, 1.0)",2,99.36049062049062,33821
"(0.7544006919006919, 1.0)",1,99.36045174940762,33822
"(0.992156862745098, 0.996078431372549)",1,99.36044912158006,33823
"(0.9224211423699916, 1.0)",1,99.36042758037642,33824
"(0.9657080610021788, 0.996078431372549)",1,99.36041853546789,33825
"(0.9886710239651416, 0.996078431372549)",1,99.36035763784308,33826
"(0.9665319865319866, 0.996078431372549)",1,99.36035539308776,33827
"(0.9444444444444444, 1.0)",1,99.36032398027282,33828
"(0.8468468468468467, 1.0)",1,99.36029776790646,33829
"(0.9728641456582634, 0.996078431372549)",1,99.36019676717068,33830
"(0.9261349042540992, 0.996078431372549)",1,99.36019120513728,33831
"(0.9333333333333332, 1.0)",1,99.36016043384464,33832
"(0.9243650793650792, 1.0)",1,99.36006356554968,33833
"(0.992156862745098, 0.996078431372549)",1,99.3600630957838,33834
"(0.9104993386243384, 1.0)",1,99.3600618988903,33835
"(0.9168478260869564, 1.0)",1,99.36004911036444,33836
"(0.8585858585858586, 1.0)",1,99.3600309485836,33837
"(0.8589726631393297, 1.0)",1,99.35999193392664,33838
"(0.8067271451483561, 1.0)",1,99.3597263957677,33839
"(0.9224211423699916, 0.9841269841269842)",1,99.35972272967165,33840
"(0.8958946706887884, 0.996078431372549)",1,99.35971664392277,33841
"(0.9803050108932462, 0.996078431372549)",1,99.35967365606544,33842
"(0.992156862745098, 0.996078431372549)",1,99.35965169395028,33843
"(0.9894736842105264, 0.996078431372549)",2,99.35961144691818,33845
"(0.9491329966329968, 0.996078431372549)",1,99.3596021843083,33846
"(0.9391865079365078, 1.0)",1,99.35959972790442,33847
"(0.9803921568627452, 0.996078431372549)",1,99.35959056509388,33848
"(0.9230769230769232, 1.0)",2,99.35958485958486,33850
"(0.947088068181818, 1.0)",1,99.35957116635936,33851
"(0.9411376480416728, 0.996078431372549)",1,99.35951705284612,33852
"(0.8883205456095482, 1.0)",1,99.35949901980428,33853
"(1.0, 0.996078431372549)",2,99.3594934640524,33855
"(0.9306746031746032, 1.0)",1,99.35948496492614,33856
"(0.9411376480416728, 0.996078431372549)",1,99.35933804155964,33857
"(0.85, 1.0)",1,99.35933484504912,33858
"(0.9841269841269842, 1.0)",1,99.35933082274543,33859
"(0.9444444444444444, 1.0)",1,99.3591940201136,33860
"(0.9807902108211706, 0.996078431372549)",1,99.35916556096136,33861
"(0.984313725490196, 0.996078431372549)",1,99.35915631200226,33862
"(1.0, 1.0)",1,99.359126984127,33863
"(0.875, 1.0)",1,99.359126984127,33864
"(0.9135802469135802, 1.0)",1,99.3590275773609,33865
"(0.8448736477904788, 1.0)",1,99.35895049744326,33866
"(0.8448736477904788, 1.0)",1,99.35888617284608,33867
"(0.6156045751633987, 1.0)",1,99.35888533828113,33868
"(0.9840686274509804, 0.996078431372549)",1,99.3588807319846,33869
"(0.875, 1.0)",1,99.3588466001476,33870
"(0.9197362278244632, 0.996078431372549)",1,99.35876969321264,33871
"(0.8078308130291714, 1.0)",1,99.35871832833708,33872
"(0.9740143369175628, 1.0)",1,99.35863410142804,33873
"(0.9135802469135802, 1.0)",1,99.35863227091298,33874
"(0.992156862745098, 0.996078431372549)",1,99.35863111805084,33875
"(1.0, 1.0)",1,99.35858585858584,33876
"(0.865079365079365, 1.0)",1,99.3585727790134,33877
"(0.6342508506903054, 1.0)",1,99.3585197674843,33878
"(0.9264176245210728, 1.0)",1,99.35851312016042,33879
"(0.9813854489164088, 0.996078431372549)",1,99.35851204420956,33880
"(0.9135802469135802, 1.0)",1,99.3585024744445,33881
"(0.9047619047619048, 1.0)",1,99.358465906853,33882
"(0.954722222222222, 0.996078431372549)",1,99.3584630619926,33883
"(0.9230769230769232, 1.0)",1,99.3584193584194,33884
"(0.9816305469556244, 0.996078431372549)",1,99.35841437744712,33885
"(0.8309016086793863, 1.0)",1,99.35841290804412,33886
"(0.9047619047619048, 1.0)",1,99.3584111794638,33887
"(0.9667927989909412, 0.996078431372549)",1,99.35840475412547,33888
"(0.9280112044817928, 0.996078431372549)",1,99.35836736133972,33889
"(1.0, 0.9841269841269842)",1,99.35832549093423,33890
"(0.996078431372549, 0.996078431372549)",1,99.35827392765498,33891
"(0.984313725490196, 0.996078431372549)",1,99.358186628025,33892
"(0.8888888888888888, 1.0)",1,99.35818119078988,33893
"(0.9521720185658804, 0.996078431372549)",1,99.35816838788952,33894
"(0.8368686868686868, 1.0)",1,99.3581510207899,33895
"(0.8915343915343915, 1.0)",1,99.35813394872946,33896
"(0.9565217391304348, 1.0)",1,99.35810904071774,33897
"(0.9841269841269842, 1.0)",2,99.35810670163494,33899
"(0.9807902108211708, 0.996078431372549)",1,99.35807740273668,33900
"(0.9466013071895424, 0.996078431372549)",1,99.35807365636332,33901
"(0.8589726631393297, 1.0)",1,99.35806911868148,33902
"(0.9444444444444444, 1.0)",1,99.35802469135804,33903
"(1.0, 1.0)",3,99.35801096266212,33906
"(0.9351326548694968, 0.996078431372549)",2,99.35799910857276,33908
"(0.9230769230769232, 1.0)",1,99.35799755799756,33909
"(0.8731060606060606, 1.0)",1,99.35798017133703,33910
"(0.9785784313725492, 0.996078431372549)",1,99.35796378200423,33911
"(0.9855521155830752, 0.996078431372549)",1,99.35789072354096,33912
"(0.9841269841269842, 1.0)",2,99.35788825897184,33914
"(0.8831018518518517, 1.0)",1,99.3578253794786,33915
"(0.7496650452295612, 1.0)",1,99.35773595035928,33916
"(0.9135802469135802, 1.0)",1,99.35768438465078,33917
"(0.9886710239651416, 0.996078431372549)",1,99.35767886797316,33918
"(0.95536349042541, 0.996078431372549)",1,99.35765729683706,33919
"(0.9592592592592591, 1.0)",1,99.3575383461133,33920
"(0.9, 1.0)",2,99.35742006531484,33922
"(0.9, 1.0)",1,99.35737550075116,33923
"(0.9444444444444444, 1.0)",2,99.35733641305724,33925
"(0.9230769230769232, 1.0)",1,99.35728179778523,33926
"(0.919047619047619, 1.0)",1,99.35727605727604,33927
"(0.9691305469556244, 0.996078431372549)",1,99.35726610420907,33928
"(0.9104993386243384, 1.0)",1,99.35723328006416,33929
"(0.8888888888888888, 1.0)",1,99.35723213984085,33930
"(0.75, 1.0)",1,99.35722139120308,33931
"(0.936026936026936, 1.0)",2,99.3572111731532,33933
"(0.9841269841269842, 1.0)",1,99.35717817498178,33934
"(0.9736383442265796, 0.996078431372549)",1,99.35709719245348,33935
"(0.9248591174906964, 0.996078431372549)",1,99.35708879298686,33936
"(0.8750600325600326, 1.0)",1,99.35705941062125,33937
"(0.740829346092504, 1.0)",3,99.35704646230964,33940
"(0.9138847117794486, 0.996078431372549)",1,99.35704162366726,33941
"(0.8817204301075269, 1.0)",1,99.3569944053815,33942
"(0.936026936026936, 1.0)",1,99.356978042459,33943
"(0.9620227038183696, 0.996078431372549)",1,99.3569305616985,33944
"(0.896551724137931, 1.0)",2,99.3568691844554,33946
"(0.8991666666666667, 1.0)",1,99.35686208777672,33947
"(0.8067271451483561, 1.0)",2,99.3567993669582,33949
"(0.965272331154684, 0.996078431372549)",1,99.35674779268456,33950
"(0.9230769230769232, 1.0)",1,99.35674435674436,33951
"(0.984313725490196, 0.996078431372549)",1,99.35669791308354,33952
"(0.976661220043573, 1.0)",1,99.35658757336007,33953
"(0.9879901960784314, 0.996078431372549)",1,99.35657096171822,33954
"(0.9841269841269842, 1.0)",1,99.35655684185096,33955
"(0.9842265795206973, 0.996078431372549)",1,99.3564232405335,33956
"(0.7996201329534663, 1.0)",1,99.35637663809706,33957
"(0.896551724137931, 1.0)",1,99.35625477378626,33958
"(0.8312992626493769, 1.0)",1,99.3561357201128,33959
"(0.9731377053745476, 0.996078431372549)",1,99.35608645797524,33960
"(1.0, 1.0)",1,99.3560856542601,33961
"(0.9813854489164088, 0.996078431372549)",1,99.35596983702769,33962
"(0.9881481481481482, 0.996078431372549)",1,99.35595986458236,33963
"(0.7162037037037038, 1.0)",1,99.35593472664728,33964
"(0.9320397146712937, 0.996078431372549)",1,99.35592905403298,33965
"(0.9333333333333332, 1.0)",1,99.35588212956634,33966
"(0.9321309306448626, 0.996078431372549)",1,99.35584761582597,33967
"(0.992156862745098, 0.996078431372549)",2,99.35582989336108,33969
"(0.9759803921568628, 0.996078431372549)",1,99.35574502507032,33970
"(0.7400546757164405, 1.0)",1,99.3557357613572,33971
"(0.8571428571428572, 1.0)",1,99.35567707146654,33972
"(0.9018073680369506, 0.996078431372549)",1,99.35559600986056,33973
"(0.9886710239651416, 0.996078431372549)",1,99.355562782429,33974
"(0.8521317829457364, 1.0)",1,99.35554451535724,33975
"(0.9704892057833234, 0.996078431372549)",2,99.35550082053048,33977
"(0.9842592592592592, 0.996078431372549)",1,99.35548022983804,33978
"(0.9565217391304348, 1.0)",1,99.35541260860954,33979
"(0.8565555555555555, 0.996078431372549)",1,99.35535586515331,33980
"(0.9427450980392156, 0.996078431372549)",1,99.35526590168254,33981
"(1.0, 1.0)",1,99.3552377052377,33982
"(0.8046935824713601, 1.0)",1,99.35521007483568,33983
"(0.9813854489164088, 0.996078431372549)",2,99.35519181553327,33985
"(0.9507101086048454, 1.0)",1,99.35511509059604,33986
"(0.7496650452295612, 1.0)",1,99.35510849195774,33987
"(0.9018073680369506, 0.996078431372549)",1,99.35508668561218,33988
"(0.9886710239651416, 0.996078431372549)",1,99.35508496732048,33989
"(0.9224211423699916, 1.0)",1,99.35506393593232,33990
"(0.8376068376068376, 1.0)",1,99.35501213762088,33991
"(0.7496650452295612, 1.0)",1,99.35490391855669,33992
"(0.9411376480416728, 0.996078431372549)",1,99.35490368363456,33993
"(0.9399223139548216, 0.996078431372549)",1,99.3548627285556,33994
"(0.7200000000000001, 1.0)",1,99.35485280151948,33995
"(0.8586378737541528, 1.0)",1,99.35485240557144,33996
"(0.6856760145918833, 1.0)",1,99.35474648638272,33997
"(0.8551296720061023, 1.0)",1,99.3547223888548,33998
"(0.978144708175668, 0.996078431372549)",1,99.35452872377044,33999
"(0.9047619047619048, 1.0)",1,99.35452081793544,34000
"(0.8281746031746032, 1.0)",1,99.354497662831,34001
"(0.8521317829457364, 1.0)",1,99.35443802866456,34002
"(0.9665319865319866, 0.996078431372549)",1,99.35443732070893,34003
"(0.8551296720061023, 1.0)",1,99.35436760608778,34004
"(0.9236094950800832, 0.996078431372549)",1,99.35431067613752,34005
"(0.8977777777777779, 1.0)",1,99.3542995169082,34006
"(0.9855521155830752, 0.996078431372549)",1,99.35425482899184,34007
"(0.9738562091503268, 0.996078431372549)",1,99.35425381149086,34008
"(0.9192180611357128, 1.0)",1,99.35424459990264,34009
"(0.875, 1.0)",1,99.35422651972996,34010
"(0.9816305469556244, 0.996078431372549)",1,99.35409332153932,34011
"(0.9919117647058824, 0.996078431372549)",1,99.35408244897964,34012
"(0.909722222222222, 0.996078431372549)",1,99.3540514275888,34013
"(0.9630228758169934, 0.996078431372549)",1,99.35399680731554,34014
"(0.9803376906318084, 0.996078431372549)",1,99.35399211337932,34015
"(0.8832772166105499, 1.0)",1,99.353990889285,34016
"(0.5, 1.0)",1,99.35396825396823,34017
"(0.8817204301075269, 1.0)",1,99.35389582583365,34018
"(1.0, 1.0)",1,99.35387468487048,34019
"(0.9704892057833234, 0.996078431372549)",1,99.35385624175034,34020
"(0.977218782249742, 0.996078431372549)",1,99.35381159284348,34021
"(0.9296576483944904, 0.996078431372549)",1,99.35380755263644,34022
"(0.9230769230769232, 1.0)",2,99.35378336639208,34024
"(0.896551724137931, 1.0)",1,99.35376707990402,34025
"(0.9916666666666668, 0.996078431372549)",1,99.353724507347,34026
"(0.9866666666666668, 0.996078431372549)",1,99.35369682375897,34027
"(0.977218782249742, 1.0)",1,99.35367741878582,34028
"(0.9881481481481482, 0.996078431372549)",1,99.35360649717994,34029
"(0.984313725490196, 0.996078431372549)",1,99.35358043235804,34030
"(0.8170426065162907, 1.0)",1,99.35357877566116,34031
"(0.9840686274509804, 0.996078431372549)",2,99.35357834946856,34033
"(0.9224211423699916, 1.0)",1,99.35354703607064,34034
"(0.8553571428571428, 1.0)",1,99.35349951243067,34035
"(0.9696969696969696, 1.0)",1,99.35346738607608,34036
"(0.8904991948470209, 1.0)",1,99.3534466070698,34037
"(0.9707143676183924, 0.996078431372549)",1,99.35339151487074,34038
"(0.9886710239651416, 0.996078431372549)",1,99.35337944219545,34039
"(0.7141994478951, 1.0)",2,99.35336519171202,34041
"(0.896551724137931, 1.0)",1,99.35335611984394,34042
"(0.75, 1.0)",1,99.35334713595584,34043
"(1.0, 1.0)",1,99.35334713595584,34044
"(0.9731377053745476, 0.996078431372549)",1,99.35330302881412,34045
"(0.8731060606060606, 1.0)",2,99.35330153385708,34047
"(0.9657080610021788, 0.996078431372549)",1,99.35326358549592,34048
"(0.8550741594067247, 1.0)",1,99.35323289533908,34049
"(0.9886710239651416, 0.996078431372549)",1,99.3532176737072,34050
"(0.8083333333333333, 1.0)",1,99.35316057686931,34051
"(0.9881481481481482, 0.996078431372549)",1,99.35314792775188,34052
"(0.9696969696969696, 1.0)",1,99.35314671908876,34053
"(1.0, 1.0)",2,99.35307781649246,34055
"(0.875, 1.0)",1,99.35307608272724,34056
"(0.9778966131907308, 0.996078431372549)",1,99.35307392813608,34057
"(0.9731377053745476, 0.996078431372549)",1,99.35301747370724,34058
"(0.8527777777777779, 1.0)",1,99.35300808327123,34059
"(0.8991666666666667, 1.0)",1,99.35299062049064,34060
"(0.9886710239651416, 0.996078431372549)",1,99.3529762351942,34061
"(0.8053221288515406, 1.0)",2,99.35294535908346,34063
"(1.0, 1.0)",1,99.3529277739804,34064
"(0.8518518518518519, 1.0)",1,99.35292235757352,34065
"(0.9841269841269842, 1.0)",1,99.35281385281384,34066
"(0.9135802469135802, 1.0)",1,99.3527716230996,34067
"(0.8518518518518519, 1.0)",1,99.35273751365705,34068
"(0.9573319772862108, 0.996078431372549)",1,99.3527304407654,34069
"(0.9827450980392156, 0.996078431372549)",1,99.35270909803438,34070
"(0.9333333333333332, 1.0)",1,99.35267637767636,34071
"(0.9696969696969696, 0.9841269841269842)",1,99.35258601048083,34072
"(0.9696969696969696, 1.0)",1,99.35252525252524,34073
"(0.984504357298475, 0.996078431372549)",2,99.35251547987625,34075
"(0.9333333333333332, 1.0)",1,99.35245095611228,34076
"(0.896551724137931, 1.0)",1,99.3524439800302,34077
"(0.992156862745098, 0.996078431372549)",1,99.3523313170897,34078
"(0.9142520753512132, 1.0)",1,99.35231331663958,34079
"(0.9386724386724388, 1.0)",1,99.35225268558602,34080
"(0.978144708175668, 0.996078431372549)",2,99.35223405777676,34082
"(0.9841269841269842, 1.0)",1,99.3522030600978,34083
"(0.5951421188630491, 1.0)",2,99.3522019195275,34085
"(0.978144708175668, 0.996078431372549)",1,99.35218880890794,34086
"(0.7410714285714286, 1.0)",2,99.35218253968252,34088
"(0.9827450980392156, 0.996078431372549)",1,99.352161203663,34089
"(1.0, 1.0)",1,99.352138900526,34090
"(0.980582788671024, 0.996078431372549)",1,99.3521333879715,34091
"(0.8817204301075269, 1.0)",1,99.35207028593832,34092
"(0.9816305469556244, 0.996078431372549)",1,99.35206205874186,34093
"(0.9399223139548216, 0.996078431372549)",1,99.35204825789988,34094
"(0.8375771604938271, 1.0)",1,99.35202061464317,34095
"(0.9579248366013072, 0.996078431372549)",1,99.352006937278,34096
"(0.9087026014109348, 1.0)",1,99.35200498572232,34097
"(0.8635440917107585, 0.996078431372549)",2,99.35199581743052,34099
"(0.992156862745098, 0.996078431372549)",1,99.35196266810836,34100
"(0.9800599128540306, 0.996078431372549)",1,99.35195857290304,34101
"(0.984967320261438, 0.996078431372549)",1,99.35188054434984,34102
"(0.8965062388591801, 0.996078431372549)",1,99.35181607390447,34103
"(0.9224211423699916, 1.0)",2,99.35181445437205,34105
"(0.9444444444444444, 1.0)",1,99.35181179874962,34106
"(0.8888888888888888, 1.0)",1,99.35180375180376,34107
"(0.9894736842105264, 0.996078431372549)",2,99.35169848641227,34109
"(0.9841269841269842, 1.0)",1,99.3516709869651,34110
"(0.8915343915343915, 1.0)",2,99.3516641582818,34112
"(0.9507101086048454, 1.0)",1,99.35162739124256,34113
"(0.6138171611868485, 1.0)",1,99.35162643540482,34114
"(0.875, 1.0)",1,99.35155122655122,34115
"(0.7707924493038034, 1.0)",1,99.35154318191304,34116
"(0.8330439814814815, 1.0)",1,99.35151510559422,34117
"(0.9320397146712937, 0.996078431372549)",1,99.35150594560837,34118
"(1.0, 1.0)",1,99.35141739980448,34119
"(0.9696969696969696, 1.0)",1,99.35141739980448,34120
"(0.8571428571428572, 1.0)",1,99.35140872278554,34121
"(0.9800599128540306, 0.996078431372549)",1,99.35129473267268,34122
"(0.9619323671497584, 0.996078431372549)",1,99.35126316786592,34123
"(0.8547544409613373, 1.0)",1,99.35125568528868,34124
"(0.9230769230769232, 1.0)",1,99.35115946786428,34125
"(0.9087026014109348, 1.0)",1,99.3511376579953,34126
"(0.9449122174122172, 0.996078431372549)",1,99.35112407413584,34127
"(0.896551724137931, 1.0)",1,99.35112064212149,34128
"(0.9803050108932462, 0.996078431372549)",1,99.35102449288918,34129
"(0.9759803921568628, 0.996078431372549)",1,99.35087336959288,34130
"(0.9109477124183006, 1.0)",1,99.35086766253316,34131
"(0.9816305469556244, 0.996078431372549)",1,99.3508425810518,34132
"(0.7496650452295612, 1.0)",1,99.35083901900992,34133
"(0.9318498265866688, 0.996078431372549)",1,99.35077642286645,34134
"(0.9811403508771928, 0.996078431372549)",1,99.35067432007143,34135
"(0.8521317829457364, 1.0)",1,99.350662382594,34136
"(0.9841269841269842, 1.0)",4,99.35064935064936,34140
"(0.7982954545454546, 1.0)",4,99.35060702475984,34144
"(0.8163854689162486, 1.0)",2,99.35049210005752,34146
"(0.9619323671497584, 0.996078431372549)",1,99.35048441881352,34147
"(0.8571428571428572, 1.0)",1,99.35045435045436,34148
"(0.8571024784182679, 0.996078431372549)",2,99.35042491850564,34150
"(0.9696969696969696, 1.0)",1,99.35036075036076,34151
"(0.9840686274509804, 0.996078431372549)",2,99.35035301026096,34153
"(0.992156862745098, 0.996078431372549)",1,99.35035188430146,34154
"(0.919047619047619, 1.0)",1,99.35029553779556,34155
"(0.8977777777777779, 1.0)",2,99.35026646556058,34157
"(0.8864468864468864, 1.0)",1,99.35024439074785,34158
"(0.9116878426011552, 0.996078431372549)",1,99.35023805056336,34159
"(0.9230769230769232, 1.0)",1,99.3502356880168,34160
"(0.9411376480416728, 0.996078431372549)",1,99.3501813504222,34161
"(0.9644646747587924, 0.996078431372549)",1,99.35008833644306,34162
"(0.9919117647058824, 0.996078431372549)",1,99.35004081712222,34163
"(0.9841269841269842, 1.0)",1,99.3499743983615,34164
"(0.984313725490196, 0.996078431372549)",1,99.34996833661712,34165
"(0.9351258309591644, 1.0)",1,99.3499558517614,34166
"(0.9731377053745476, 0.996078431372549)",1,99.34991776083125,34167
"(0.9726525054466232, 0.996078431372549)",1,99.34989579726188,34168
"(0.9579248366013072, 0.996078431372549)",1,99.34987673431964,34169
"(0.904126984126984, 1.0)",1,99.34977731149776,34170
"(0.9641868969810148, 0.996078431372549)",1,99.34974697301348,34171
"(0.9696969696969696, 1.0)",1,99.34973963234832,34172
"(0.9230769230769232, 1.0)",1,99.34972853233722,34173
"(0.9807902108211706, 0.996078431372549)",1,99.34969875900596,34174
"(0.936026936026936, 1.0)",1,99.34968734968736,34175
"(0.957490630284748, 0.996078431372549)",1,99.34967857175378,34176
"(0.9740143369175628, 1.0)",1,99.34964436889928,34177
"(0.8675136116152449, 1.0)",1,99.3496305849603,34178
"(0.9724945533769064, 0.996078431372549)",1,99.34956297333773,34179
"(0.8740392648287385, 1.0)",1,99.34954773420976,34180
"(1.0, 1.0)",2,99.34948648048228,34182
"(0.9841269841269842, 1.0)",1,99.349478879456,34183
"(0.8864468864468864, 1.0)",1,99.34943686826892,34184
"(0.992156862745098, 0.996078431372549)",1,99.34942069581476,34185
"(0.9731377053745476, 0.996078431372549)",1,99.34940590037208,34186
"(0.9697786951037723, 0.996078431372549)",1,99.34938833268576,34187
"(0.9466207660652104, 1.0)",1,99.3493823331189,34188
"(0.8857001484413657, 1.0)",1,99.34931671555324,34189
"(0.8468468468468467, 1.0)",1,99.34921871354784,34190
"(0.9444444444444444, 1.0)",1,99.34920634920636,34191
"(0.9788235294117646, 0.996078431372549)",1,99.34920207215124,34192
"(0.8551296720061023, 1.0)",1,99.34918576856106,34193
"(0.960639768728004, 0.996078431372549)",1,99.34910619979594,34194
"(0.7982954545454546, 1.0)",1,99.349078005328,34195
"(0.95536349042541, 0.996078431372549)",1,99.34904599315546,34196
"(0.9731377053745476, 0.996078431372549)",2,99.34900412796712,34198
"(0.9841269841269842, 1.0)",1,99.34898914179274,34199
"(0.8487103174603176, 1.0)",1,99.34898781773782,34200
"(0.896551724137931, 1.0)",1,99.34893267651888,34201
"(0.9047619047619048, 1.0)",1,99.34887847271524,34202
"(0.95536349042541, 0.996078431372549)",2,99.3488560862944,34204
"(0.9610423116615068, 0.996078431372549)",1,99.34884225566913,34205
"(0.9192251461988304, 0.996078431372549)",1,99.34877363577851,34206
"(0.9236094950800832, 0.996078431372549)",1,99.3487614607044,34207
"(0.9347548358074674, 0.996078431372549)",1,99.34874229165962,34208
"(0.875, 1.0)",1,99.3486783988958,34209
"(0.9605975723622784, 0.996078431372549)",1,99.34866627037704,34210
"(0.8748472964943552, 0.996078431372549)",1,99.3486616085442,34211
"(0.5951421188630491, 1.0)",2,99.34860775297356,34213
"(0.9230769230769232, 0.9841269841269842)",1,99.34857413118289,34214
"(1.0, 1.0)",1,99.34840436630718,34215
"(0.8915343915343915, 1.0)",1,99.34840015243316,34216
"(0.9841269841269842, 1.0)",1,99.34834054834056,34217
"(0.9023809523809524, 1.0)",1,99.34832521866976,34218
"(0.9565217391304348, 1.0)",1,99.3483015642436,34219
"(0.8888888888888888, 1.0)",1,99.34829663090537,34220
"(1.0, 1.0)",2,99.34829663090532,34222
"(0.9842592592592592, 0.996078431372549)",1,99.34827476668522,34223
"(0.9651330532212884, 0.996078431372549)",1,99.3482677148109,34224
"(0.6156045751633987, 1.0)",2,99.34818506598856,34226
"(0.9407729468599032, 1.0)",1,99.3481825459042,34227
"(0.875, 1.0)",1,99.34816834987735,34228
"(1.0, 1.0)",1,99.3481200834142,34229
"(0.9333333333333332, 1.0)",1,99.34801587301588,34230
"(0.8586378737541528, 1.0)",1,99.34801059524474,34231
"(0.6856760145918833, 1.0)",2,99.34798020128429,34233
"(0.9667927989909412, 0.996078431372549)",1,99.34794078668672,34234
"(0.9444444444444444, 1.0)",1,99.34792368125706,34235
"(0.8970659722222223, 1.0)",1,99.34790144473372,34236
"(0.9674603174603176, 1.0)",1,99.34788950490707,34237
"(0.9224211423699916, 1.0)",1,99.3478134697231,34238
"(0.9841269841269842, 1.0)",1,99.34773564093751,34239
"(0.8332521117608837, 1.0)",1,99.34769655620534,34240
"(0.9807902108211706, 0.996078431372549)",1,99.34766031984316,34241
"(0.965272331154684, 0.996078431372549)",1,99.34761376836546,34242
"(0.9925925925925926, 0.996078431372549)",2,99.34753869969065,34244
"(1.0, 1.0)",1,99.34752747252747,34245
"(1.0, 1.0)",1,99.3474971619899,34246
"(0.8518518518518519, 1.0)",2,99.34745069745072,34248
"(0.8970659722222223, 1.0)",1,99.34733258974552,34249
"(0.9591269841269842, 0.996078431372549)",1,99.3472419127143,34250
"(0.9333333333333332, 1.0)",1,99.3472101972102,34251
"(0.9807902108211706, 0.996078431372549)",1,99.34718558728837,34252
"(0.9507101086048454, 1.0)",1,99.3471633629529,34253
"(0.9881481481481482, 0.996078431372549)",1,99.34710575458274,34254
"(0.8468468468468467, 1.0)",1,99.3470964630385,34255
"(0.9667927989909412, 0.996078431372549)",1,99.34706251277544,34256
"(0.922050500014663, 1.0)",1,99.34706155719346,34257
"(1.0, 1.0)",1,99.34704184704184,34258
"(0.9023569023569024, 1.0)",1,99.34703762773938,34259
"(0.9638854489164088, 0.996078431372549)",1,99.34703310920116,34260
"(0.7410714285714286, 1.0)",2,99.34699328449328,34262
"(0.8611111111111112, 1.0)",1,99.34698870957094,34263
"(0.9841269841269842, 1.0)",1,99.34698634698634,34264
"(0.9333333333333332, 1.0)",1,99.34692252192252,34265
"(0.9707143676183924, 0.996078431372549)",1,99.34687995488844,34266
"(0.978144708175668, 0.996078431372549)",1,99.34686790861804,34267
"(0.5, 1.0)",1,99.34685362946232,34268
"(0.8468468468468467, 1.0)",1,99.34684684684684,34269
"(0.8571428571428572, 1.0)",1,99.3468253968254,34270
"(0.8112794612794614, 1.0)",2,99.34679556586944,34272
"(0.992156862745098, 0.996078431372549)",1,99.34678649237487,34273
"(0.9886710239651416, 0.996078431372549)",1,99.34677055814134,34274
"(0.740829346092504, 1.0)",4,99.34676015568463,34278
"(0.9803050108932462, 0.996078431372549)",1,99.3466671944142,34279
"(0.9065438871473354, 1.0)",1,99.34654025606528,34280
"(0.9465811965811968, 1.0)",1,99.3465371458775,34281
"(0.7081939799331105, 1.0)",1,99.34647770132028,34282
"(0.9135802469135802, 1.0)",1,99.34639678438128,34283
"(0.8622222222222222, 1.0)",1,99.3463492063492,34284
"(0.8468980343980343, 1.0)",1,99.34634304165375,34285
"(0.9866666666666668, 0.996078431372549)",1,99.34629887627584,34286
"(0.9224211423699916, 1.0)",1,99.34623559951778,34287
"(0.980582788671024, 0.996078431372549)",1,99.34620746204558,34288
"(0.9, 1.0)",1,99.34610389610393,34289
"(0.5951421188630491, 1.0)",1,99.34609825753088,34290
"(0.8375771604938271, 1.0)",1,99.3460645850114,34291
"(0.9841269841269842, 1.0)",1,99.34603174603174,34292
"(0.9047619047619048, 1.0)",1,99.3460153040363,34293
"(0.9236094950800832, 0.996078431372549)",1,99.34595897108304,34294
"(0.9697786951037723, 0.996078431372549)",1,99.3459024939058,34295
"(0.9688764394646748, 0.996078431372549)",1,99.3458726882568,34296
"(0.9172932330827066, 1.0)",1,99.34586466165412,34297
"(0.9327096052096052, 1.0)",1,99.34584510521567,34298
"(0.9881481481481482, 0.996078431372549)",1,99.34582788671044,34299
"(0.9610423116615068, 0.996078431372549)",1,99.34574341436594,34300
"(0.7081939799331105, 1.0)",1,99.3457226395451,34301
"(0.9841269841269842, 1.0)",1,99.34564583989872,34302
"(0.996078431372549, 0.996078431372549)",1,99.34559683522546,34303
"(0.9886710239651416, 0.996078431372549)",1,99.34556727834358,34304
"(0.7650293586269196, 1.0)",1,99.3455426132934,34305
"(0.9333333333333332, 1.0)",1,99.34550418795943,34306
"(0.7975164658278694, 1.0)",1,99.3455026925641,34307
"(0.9047619047619048, 1.0)",3,99.34541062801932,34310
"(0.9697786951037723, 0.996078431372549)",1,99.34540161166152,34311
"(0.9023569023569024, 1.0)",1,99.34539631908052,34312
"(0.8888888888888888, 1.0)",1,99.34529914529917,34313
"(0.9620227038183696, 0.996078431372549)",1,99.34525844840876,34314
"(0.9333333333333332, 1.0)",1,99.34525474525476,34315
"(0.9807902108211706, 0.996078431372549)",1,99.3452475551626,34316
"(0.9168115942028986, 0.996078431372549)",1,99.3452360868072,34317
"(0.9230769230769232, 1.0)",1,99.34522380863844,34318
"(0.8600272232304901, 1.0)",1,99.3451711837483,34319
"(0.9230769230769232, 1.0)",1,99.34514374514376,34320
"(0.8163854689162486, 1.0)",1,99.34498633648136,34321
"(0.9704901960784316, 0.996078431372549)",1,99.34498108015158,34322
"(0.9449122174122172, 0.996078431372549)",1,99.34492653201654,34323
"(0.8817204301075269, 1.0)",1,99.34487851619414,34324
"(0.9224211423699916, 1.0)",2,99.3448441300104,34326
"(0.8750600325600326, 1.0)",1,99.34467750141135,34327
"(0.9318498265866688, 0.996078431372549)",1,99.34453975412671,34328
"(0.9565217391304348, 1.0)",2,99.34451936242218,34330
"(0.9214340198321892, 1.0)",1,99.34451094290912,34331
"(0.8425925925925927, 1.0)",1,99.34448653198652,34332
"(0.8502976190476191, 1.0)",1,99.34447226496596,34333
"(0.9754901960784312, 0.996078431372549)",1,99.34446123478652,34334
"(0.9333333333333332, 1.0)",1,99.34444444444443,34335
"(0.9135802469135802, 1.0)",1,99.3444275672346,34336
"(0.9759803921568628, 0.996078431372549)",1,99.34441459395885,34337
"(0.8339307048984469, 1.0)",1,99.34437347849912,34338
"(0.8858975827700768, 1.0)",1,99.3443702643683,34339
"(0.9526143790849672, 0.996078431372549)",1,99.34432527198392,34340
"(0.9243650793650792, 1.0)",1,99.34431797841744,34341
"(0.8888888888888888, 1.0)",1,99.34426440767903,34342
"(0.9800599128540306, 0.996078431372549)",1,99.34425425566316,34343
"(0.992156862745098, 0.996078431372549)",1,99.34421924910328,34344
"(0.8705805822084891, 1.0)",1,99.34418297423043,34345
"(0.9803376906318084, 0.996078431372549)",1,99.34417772728236,34346
"(0.9087026014109348, 1.0)",2,99.34415778214913,34348
"(0.8705805822084891, 1.0)",1,99.34413736738856,34349
"(0.984967320261438, 0.996078431372549)",1,99.34411520222147,34350
"(0.833064949006978, 1.0)",2,99.34411292880496,34352
"(0.9218440553478916, 0.996078431372549)",1,99.34409351068572,34353
"(0.8686868686868687, 1.0)",1,99.34408369408372,34354
"(0.996078431372549, 0.996078431372549)",1,99.34400814126845,34355
"(0.954722222222222, 0.996078431372549)",1,99.34398471669394,34356
"(0.9589484126984128, 1.0)",1,99.34391573295986,34357
"(0.8170426065162907, 1.0)",1,99.34390105458164,34358
"(0.8611111111111112, 1.0)",1,99.3437147477279,34359
"(0.992156862745098, 0.996078431372549)",1,99.34367748694392,34360
"(0.7975164658278694, 1.0)",1,99.3435495651969,34361
"(0.8078308130291714, 1.0)",1,99.3435216636668,34362
"(0.984313725490196, 0.996078431372549)",1,99.34352069716796,34363
"(0.9807407407407408, 0.996078431372549)",1,99.34350426257484,34364
"(0.865079365079365, 1.0)",1,99.34345300778212,34365
"(0.9003322259136212, 1.0)",1,99.343404693808,34366
"(0.9855521155830752, 0.996078431372549)",2,99.34339544940806,34368
"(1.0, 1.0)",1,99.34337458387613,34369
"(0.9230769230769232, 1.0)",1,99.3433510933511,34370
"(0.8487103174603176, 1.0)",1,99.34329121964991,34371
"(0.9333333333333332, 1.0)",1,99.3432805247703,34372
"(0.6403503049675462, 1.0)",1,99.34327836175756,34373
"(0.7782392026578072, 1.0)",1,99.34326587638502,34374
"(0.875, 1.0)",1,99.34325396825398,34375
"(0.8817204301075269, 1.0)",1,99.34325304953488,34376
"(0.9427450980392156, 0.996078431372549)",1,99.34321414052089,34377
"(0.9589484126984128, 1.0)",1,99.34318939536544,34378
"(0.7496650452295612, 1.0)",1,99.3431706612699,34379
"(0.8616898148148148, 1.0)",1,99.34316503393472,34380
"(0.992156862745098, 0.996078431372549)",1,99.34316038536645,34381
"(0.8893558268973552, 1.0)",1,99.34312560829063,34382
"(0.9592592592592591, 1.0)",1,99.34312398811282,34383
"(1.0, 0.9841269841269842)",1,99.34311785905996,34384
"(0.932852564102564, 1.0)",1,99.34307823598144,34385
"(0.9879901960784314, 0.996078431372549)",1,99.3430618487222,34386
"(0.9816305469556244, 0.996078431372549)",1,99.3430456861109,34387
"(0.852030932030932, 0.996078431372549)",1,99.3430331106804,34388
"(0.9047619047619048, 1.0)",1,99.34302412563282,34389
"(0.9882352941176472, 0.996078431372549)",2,99.34300965186506,34391
"(0.8504594820384294, 1.0)",1,99.3430065061644,34392
"(0.6403503049675462, 1.0)",1,99.34297226864864,34393
"(0.976851851851852, 0.996078431372549)",1,99.342966569054,34394
"(0.909722222222222, 0.996078431372549)",2,99.34296456009328,34396
"(0.8864468864468864, 1.0)",1,99.3429613894308,34397
"(0.7674603174603174, 1.0)",1,99.342959353582,34398
"(0.8498168498168498, 1.0)",1,99.34294810079167,34399
"(0.992156862745098, 0.996078431372549)",1,99.34289128698488,34400
"(0.9589484126984128, 1.0)",1,99.34286044973544,34401
"(0.9894736842105264, 0.996078431372549)",1,99.34279004964787,34402
"(0.90934937783235, 0.996078431372549)",2,99.34277783963566,34404
"(0.683375104427736, 1.0)",1,99.34272901216876,34405
"(0.8822954822954823, 1.0)",1,99.34269870810192,34406
"(0.9696969696969696, 1.0)",2,99.34266108287848,34408
"(0.9886710239651416, 0.996078431372549)",1,99.34262998537857,34409
"(0.9224211423699916, 1.0)",1,99.34261721885898,34410
"(0.9427450980392156, 0.996078431372549)",1,99.34261671335224,34411
"(0.8571428571428572, 1.0)",2,99.3425414656536,34413
"(0.9109477124183006, 1.0)",1,99.342474384887,34414
"(0.8078308130291714, 1.0)",1,99.34246337182569,34415
"(0.9620227038183696, 0.996078431372549)",1,99.34246244696728,34416
"(0.896551724137931, 1.0)",1,99.3424429673976,34417
"(0.85, 1.0)",1,99.34243972401867,34418
"(0.9696969696969696, 1.0)",1,99.34243917002544,34419
"(0.8864468864468864, 1.0)",1,99.34238464238464,34420
"(0.8817204301075269, 1.0)",1,99.34237567014566,34421
"(0.9630228758169934, 0.9919117647058824)",1,99.34236141825164,34422
"(0.9047619047619048, 1.0)",1,99.34235916588858,34423
"(0.9333333333333332, 1.0)",2,99.34232960022436,34425
"(0.9023809523809524, 1.0)",1,99.34231322513055,34426
"(0.9788235294117646, 0.996078431372549)",2,99.34227152030424,34428
"(0.9427450980392156, 0.996078431372549)",2,99.34225550679136,34430
"(0.8897707231040564, 1.0)",1,99.342240958183,34431
"(0.9788235294117646, 0.996078431372549)",1,99.34223039459133,34432
"(0.9172932330827066, 1.0)",1,99.34222578845004,34433
"(0.8977777777777779, 1.0)",1,99.34222222222222,34434
"(0.9523809523809524, 1.0)",1,99.34219515642307,34435
"(0.9696969696969696, 1.0)",1,99.342099851918,34436
"(0.8622222222222222, 1.0)",1,99.3420757020757,34437
"(0.9766612200435728, 1.0)",1,99.34197979466778,34438
"(0.896551724137931, 1.0)",1,99.34178906217886,34439
"(0.9351326548694968, 0.996078431372549)",1,99.34178044636272,34440
"(0.8330439814814815, 1.0)",1,99.34171210971763,34441
"(0.9230769230769232, 1.0)",1,99.34161873442233,34442
"(0.8078308130291714, 1.0)",1,99.34161123304494,34443
"(0.992156862745098, 0.996078431372549)",1,99.34160565539136,34444
"(0.992156862745098, 0.996078431372549)",2,99.3415626410056,34446
"(0.8067271451483561, 1.0)",1,99.3415326203979,34447
"(0.8791208791208792, 1.0)",1,99.34152854518987,34448
"(0.9018073680369506, 0.996078431372549)",1,99.3415066831699,34449
"(0.9491329966329968, 0.996078431372549)",1,99.34141828857864,34450
"(0.9696969696969696, 1.0)",1,99.341374674708,34451
"(0.984967320261438, 0.996078431372549)",1,99.34137426437673,34452
"(0.9674603174603176, 1.0)",1,99.34137321418022,34453
"(0.8915343915343915, 1.0)",2,99.34133343899332,34455
"(0.9816305469556244, 0.996078431372549)",1,99.34132826608044,34456
"(0.9841269841269842, 1.0)",1,99.34126984126983,34457
"(0.8448736477904788, 1.0)",1,99.34123878176126,34458
"(0.9444444444444444, 1.0)",1,99.34122427280322,34459
"(0.9289529914529916, 1.0)",2,99.34107706026865,34461
"(0.9662707390648568, 0.996078431372549)",1,99.34105033511403,34462
"(0.9104993386243384, 1.0)",1,99.34097501637152,34463
"(0.6156045751633987, 1.0)",1,99.34095649663374,34464
"(0.8817204301075269, 1.0)",1,99.34094641960468,34465
"(0.9731377053745476, 0.996078431372549)",1,99.34091831504902,34466
"(0.976574074074074, 0.996078431372549)",1,99.3408951634882,34467
"(0.9023569023569024, 1.0)",1,99.3408571567992,34468
"(0.9047619047619048, 1.0)",1,99.34084948867556,34469
"(0.9816305469556244, 0.996078431372549)",1,99.3408392304292,34470
"(0.9565217391304348, 1.0)",1,99.3408379060553,34471
"(0.9320397146712937, 0.996078431372549)",2,99.3408281375776,34473
"(0.9135802469135802, 1.0)",1,99.3407862725178,34474
"(0.8275809031622985, 1.0)",1,99.34077861854072,34475
"(0.8831064306064307, 1.0)",2,99.3407627897958,34477
"(1.0, 1.0)",2,99.3407314836343,34479
"(0.9851851851851852, 0.996078431372549)",1,99.34066064682962,34480
"(0.896551724137931, 1.0)",1,99.34059856137362,34481
"(0.8904991948470209, 1.0)",1,99.34056387203064,34482
"(0.8763636363636363, 1.0)",1,99.3405525639672,34483
"(0.9886710239651416, 0.996078431372549)",1,99.34054953560393,34484
"(0.9620227038183696, 0.996078431372549)",1,99.34054937535672,34485
"(0.8309016086793863, 1.0)",1,99.3405080049762,34486
"(0.9589484126984128, 1.0)",1,99.34050223214284,34487
"(0.941156690746474, 0.996078431372549)",1,99.34049859501528,34488
"(0.978144708175668, 0.996078431372549)",1,99.34049302533134,34489
"(1.0, 1.0)",1,99.3404761904762,34490
"(0.9194577352472088, 1.0)",2,99.34046239886058,34492
"(0.740829346092504, 1.0)",1,99.34034094560413,34493
"(0.9427450980392156, 0.996078431372549)",2,99.34027363217012,34495
"(0.9358798064680418, 0.996078431372549)",1,99.34025448226453,34496
"(0.9230769230769232, 1.0)",1,99.3402455700328,34497
"(0.9171090534979424, 1.0)",1,99.3401761507072,34498
"(0.8970659722222223, 1.0)",1,99.34016038470246,34499
"(0.978144708175668, 0.996078431372549)",1,99.34014274897314,34500
"(0.7869981325863679, 1.0)",2,99.34012450863877,34502
"(0.996078431372549, 0.996078431372549)",1,99.34000937802028,34503
"(0.8402777777777779, 1.0)",1,99.33999888215004,34504
"(0.9707143676183924, 0.996078431372549)",1,99.33998242412352,34505
"(0.896551724137931, 1.0)",1,99.33993147609968,34506
"(0.7496650452295612, 1.0)",1,99.3398839004484,34507
"(0.9342814048696402, 0.996078431372549)",2,99.33985698282936,34509
"(0.9243650793650792, 1.0)",1,99.33982900330122,34510
"(0.9840686274509804, 0.996078431372549)",1,99.33980769908553,34511
"(0.8832772166105499, 1.0)",1,99.339798955741,34512
"(0.9302579365079364, 1.0)",1,99.3397786935287,34513
"(0.8518518518518519, 1.0)",1,99.33970785549737,34514
"(0.8832772166105499, 1.0)",2,99.33962642295975,34516
"(0.9358798064680418, 0.996078431372549)",1,99.33962007921008,34517
"(0.9272424525365702, 0.996078431372549)",1,99.3395865071177,34518
"(0.9808278867102396, 0.996078431372549)",1,99.339560599123,34519
"(0.9619323671497584, 0.996078431372549)",1,99.33952823202208,34520
"(0.7349551414768807, 1.0)",1,99.3395220560438,34521
"(0.9280112044817928, 0.996078431372549)",1,99.33946069181388,34522
"(0.992156862745098, 0.996078431372549)",1,99.33942310842488,34523
"(0.9838235294117648, 0.996078431372549)",1,99.3394184398908,34524
"(0.875, 1.0)",1,99.3394072301967,34525
"(0.8900759734093067, 1.0)",1,99.33938250294024,34526
"(0.9688764394646748, 0.996078431372549)",1,99.33926955187556,34527
"(0.9704892057833234, 0.996078431372549)",1,99.33924138927254,34528
"(0.8952380952380952, 1.0)",1,99.33923704702006,34529
"(0.932852564102564, 1.0)",1,99.33917384765088,34530
"(0.8977777777777779, 1.0)",1,99.3391480017567,34531
"(0.9808278867102396, 0.996078431372549)",1,99.33906313949424,34532
"(0.9224211423699916, 1.0)",2,99.33903829428128,34534
"(1.0, 0.992156862745098)",1,99.33903352409548,34535
"(0.9882352941176472, 0.996078431372549)",1,99.33897964220036,34536
"(0.8163854689162486, 1.0)",1,99.33895212914912,34537
"(0.9565217391304348, 1.0)",1,99.3389171215258,34538
"(0.8616898148148148, 1.0)",1,99.33889473593446,34539
"(0.8992240292623923, 0.996078431372549)",1,99.3388767869174,34540
"(0.9411376480416728, 0.996078431372549)",1,99.33885466843697,34541
"(0.9847494553376906, 0.996078431372549)",1,99.33885104530702,34542
"(0.9320397146712937, 0.996078431372549)",1,99.33882271687447,34543
"(0.992156862745098, 0.996078431372549)",1,99.33875825258356,34544
"(0.9841269841269842, 1.0)",1,99.33870222920568,34545
"(0.9665319865319866, 0.996078431372549)",1,99.33869756817988,34546
"(0.8368686868686868, 1.0)",1,99.33869209187428,34547
"(0.9728641456582634, 0.996078431372549)",2,99.338691328738,34549
"(0.8857001484413657, 1.0)",1,99.3386659092973,34550
"(0.9248366013071896, 1.0)",1,99.33865474845868,34551
"(0.996078431372549, 0.996078431372549)",1,99.33862875147535,34552
"(0.9840686274509804, 0.996078431372549)",1,99.33860983415175,34553
"(0.9763834422657952, 0.996078431372549)",1,99.33857889517232,34554
"(0.9197362278244632, 0.996078431372549)",2,99.3385409937502,34556
"(0.7167919799498746, 1.0)",1,99.3385326462008,34557
"(0.7782392026578072, 1.0)",1,99.33848817658388,34558
"(0.9427450980392156, 0.996078431372549)",1,99.33841347650194,34559
"(0.9841269841269842, 1.0)",1,99.33837488676198,34560
"(0.8571024784182679, 0.996078431372549)",1,99.33835602697596,34561
"(0.8858975827700768, 1.0)",1,99.33817769704171,34562
"(0.9230769230769232, 1.0)",1,99.33816913491712,34563
"(0.9766612200435728, 0.996078431372549)",1,99.33815214160636,34564
"(0.8831064306064307, 1.0)",1,99.33811616954476,34565
"(0.8046935824713601, 1.0)",2,99.33808337686222,34567
"(0.9691305469556244, 0.996078431372549)",2,99.33808223007225,34569
"(0.9444444444444444, 1.0)",1,99.33806060312546,34570
"(0.9333333333333332, 1.0)",1,99.33802094168226,34571
"(0.9320397146712937, 0.996078431372549)",1,99.33801030333356,34572
"(0.9704892057833234, 0.996078431372549)",1,99.33798322587732,34573
"(0.9565217391304348, 1.0)",1,99.33784063566672,34574
"(0.9497685185185184, 1.0)",1,99.33782088362707,34575
"(0.9019607843137254, 1.0)",1,99.33779891472174,34576
"(0.936026936026936, 1.0)",1,99.3377745711079,34577
"(0.9641868969810148, 0.996078431372549)",1,99.3377200271924,34578
"(0.9754435107376284, 0.996078431372549)",1,99.33764984356336,34579
"(0.90934937783235, 0.996078431372549)",1,99.33764562722016,34580
"(0.8571428571428572, 1.0)",1,99.33763645774516,34581
"(0.9886710239651416, 0.996078431372549)",1,99.3376340251502,34582
"(1.0, 1.0)",1,99.33760683760684,34583
"(0.9318498265866688, 0.996078431372549)",1,99.33759764280651,34584
"(0.9916666666666668, 0.996078431372549)",1,99.3375756420038,34585
"(0.9803921568627452, 0.996078431372549)",1,99.33757159487256,34586
"(0.9696969696969696, 1.0)",1,99.33756664791149,34587
"(0.9827450980392156, 0.996078431372549)",1,99.33753558717272,34588
"(0.9224211423699916, 1.0)",1,99.33752874008628,34589
"(0.740829346092504, 1.0)",1,99.3375104427736,34590
"(0.976574074074074, 0.996078431372549)",1,99.33750790374646,34591
"(0.8958946706887884, 0.996078431372549)",1,99.33750543780288,34592
"(0.75, 1.0)",1,99.33747412008282,34593
"(0.9592592592592591, 1.0)",1,99.33741711196012,34594
"(0.8163854689162486, 1.0)",1,99.33738798653728,34595
"(0.8817204301075269, 1.0)",1,99.33736789916964,34596
"(0.8448736477904788, 1.0)",1,99.33735060321104,34597
"(0.7081939799331105, 1.0)",1,99.33731926822506,34598
"(0.6156045751633987, 1.0)",1,99.337229926012,34599
"(0.9565217391304348, 1.0)",2,99.33720044739536,34601
"(0.8387082903336773, 1.0)",1,99.33712728445012,34602
"(0.9542023172905526, 0.996078431372549)",1,99.33711266042629,34603
"(0.9135802469135802, 1.0)",1,99.33710117043452,34604
"(0.9696969696969696, 1.0)",2,99.3370547581074,34606
"(0.9620227038183696, 0.996078431372549)",1,99.33705095328956,34607
"(0.9213117283950616, 1.0)",1,99.33701710220387,34608
"(0.9364583333333332, 1.0)",1,99.33701376608704,34609
"(0.9568181818181818, 0.996078431372549)",1,99.3369943408588,34610
"(0.9620227038183696, 0.996078431372549)",1,99.3369866101679,34611
"(0.8889459760512393, 0.996078431372549)",1,99.33692499221937,34612
"(0.9230769230769232, 1.0)",1,99.33691405213143,34613
"(0.9802054154995332, 0.996078431372549)",1,99.33688698871386,34614
"(0.8600272232304901, 1.0)",1,99.3368616780269,34615
"(0.9755757858699036, 0.996078431372549)",1,99.33683131355092,34616
"(0.9444444444444444, 1.0)",1,99.33680602700092,34617
"(0.9135802469135802, 1.0)",2,99.33677619781626,34619
"(0.9847494553376906, 0.996078431372549)",2,99.33676728586192,34621
"(0.9224211423699916, 1.0)",1,99.33667897256984,34622
"(0.8831018518518517, 1.0)",1,99.33667643139418,34623
"(0.813859649122807, 1.0)",1,99.33658400809718,34624
"(0.8151260504201681, 1.0)",1,99.33657175447456,34625
"(0.992156862745098, 0.996078431372549)",1,99.33657084299588,34626
"(1.0, 0.996078431372549)",1,99.33656125145224,34627
"(0.8705805822084891, 1.0)",1,99.33655266392108,34628
"(0.9230769230769232, 1.0)",1,99.33654586154586,34629
"(0.9333333333333332, 1.0)",1,99.33641636141635,34630
"(0.9855521155830752, 0.996078431372549)",1,99.33639069077944,34631
"(0.9881481481481482, 0.996078431372549)",1,99.33636868964182,34632
"(0.9841269841269842, 1.0)",1,99.33624805351388,34633
"(0.9213117283950616, 1.0)",1,99.3362419165197,34634
"(0.9696969696969696, 1.0)",1,99.33622845217047,34635
"(0.9733828034137632, 0.996078431372549)",1,99.33615622819894,34636
"(0.8368686868686868, 1.0)",1,99.33615585677408,34637
"(0.996078431372549, 0.996078431372549)",1,99.33602629121847,34638
"(0.9292181620122796, 0.996078431372549)",1,99.33593238398902,34639
"(0.8109668109668109, 1.0)",1,99.3358977569504,34640
"(0.8817204301075269, 1.0)",1,99.33588266687846,34641
"(0.9750257997936016, 0.996078431372549)",1,99.33585251254516,34642
"(0.9565217391304348, 1.0)",1,99.33584290106027,34643
"(0.9726525054466232, 0.996078431372549)",1,99.33582175396708,34644
"(0.9919117647058824, 0.996078431372549)",1,99.33579520697174,34645
"(1.0, 1.0)",1,99.33577533577534,34646
"(0.9592592592592591, 1.0)",1,99.33577038527228,34647
"(0.9523809523809524, 1.0)",1,99.33566858205316,34648
"(0.8750600325600326, 1.0)",1,99.33559505177864,34649
"(0.8705805822084891, 1.0)",1,99.33555359879672,34650
"(0.9696969696969696, 1.0)",1,99.33554438393148,34651
"(0.9803921568627452, 0.996078431372549)",1,99.33553946139882,34652
"(0.9800599128540306, 0.996078431372549)",1,99.33547983877013,34653
"(0.9759803921568628, 0.996078431372549)",1,99.33542041506352,34654
"(0.984313725490196, 0.996078431372549)",1,99.33537220502258,34655
"(1.0, 1.0)",1,99.33533133533136,34656
"(0.9507101086048454, 0.9841269841269842)",1,99.33523493302744,34657
"(0.8774250440917107, 1.0)",1,99.33520585976726,34658
"(1.0, 1.0)",1,99.33518424535532,34659
"(0.8859337035751476, 1.0)",1,99.33517860067916,34660
"(0.992156862745098, 0.996078431372549)",1,99.33516908534229,34661
"(0.8170426065162907, 1.0)",1,99.33516126724363,34662
"(0.8518518518518519, 1.0)",1,99.33506911767782,34663
"(0.9142520753512132, 1.0)",1,99.335058762461,34664
"(0.9194577352472088, 1.0)",1,99.33505224046796,34665
"(0.9704892057833234, 0.996078431372549)",1,99.33504184911392,34666
"(0.9214340198321892, 1.0)",4,99.33501426674576,34670
"(0.9444444444444444, 1.0)",1,99.33497973119292,34671
"(0.9407729468599032, 1.0)",1,99.33496936367143,34672
"(0.8833628057765988, 1.0)",1,99.334921410184,34673
"(0.9018073680369506, 0.996078431372549)",1,99.33483896275676,34674
"(0.996078431372549, 0.996078431372549)",1,99.33481354406044,34675
"(0.7460317460317459, 0.9841269841269842)",2,99.3347763347764,34677
"(0.9142520753512132, 1.0)",1,99.33462466568348,34678
"(0.9813854489164088, 0.996078431372549)",1,99.33461664782894,34679
"(0.683375104427736, 1.0)",1,99.33459544919648,34680
"(1.0, 1.0)",1,99.33455433455433,34681
"(1.0, 0.996078431372549)",1,99.33450865726424,34682
"(0.8763636363636363, 1.0)",1,99.33446109446108,34683
"(0.7982954545454546, 1.0)",1,99.33442695589434,34684
"(0.8867623604465709, 1.0)",1,99.33441500169862,34685
"(0.9172932330827066, 1.0)",1,99.3343710261338,34686
"(0.8332521117608837, 1.0)",1,99.33435477196076,34687
"(0.8375771604938271, 1.0)",1,99.33429508714816,34688
"(0.9333333333333332, 1.0)",1,99.33422021790145,34689
"(0.9589484126984128, 1.0)",1,99.33415843608552,34690
"(0.8897707231040564, 1.0)",1,99.33415116345223,34691
"(0.8977777777777779, 0.9841269841269842)",2,99.33414141414148,34693
"(0.9236094950800832, 0.996078431372549)",1,99.3341334133132,34694
"(0.7782392026578072, 1.0)",1,99.33413252064366,34695
"(0.9427450980392156, 0.996078431372549)",1,99.33410047145564,34696
"(0.9696969696969696, 1.0)",1,99.33399933399932,34697
"(0.9881481481481482, 0.996078431372549)",1,99.33398582239931,34698
"(0.6342508506903054, 1.0)",1,99.33392400619567,34699
"(0.992156862745098, 0.996078431372549)",1,99.33391112585409,34700
"(0.9644646747587924, 0.996078431372549)",1,99.33390628201931,34701
"(0.9565217391304348, 1.0)",1,99.33386661647532,34702
"(0.9017820228239786, 0.996078431372549)",1,99.33383585020307,34703
"(0.909209656084656, 1.0)",1,99.33379240477288,34704
"(0.8053221288515406, 1.0)",1,99.33378781521196,34705
"(0.9886710239651416, 0.996078431372549)",1,99.33374768232436,34706
"(0.5, 1.0)",1,99.33367839889578,34707
"(0.85, 1.0)",1,99.33366403800578,34708
"(0.8589726631393297, 1.0)",2,99.33365596092044,34710
"(0.9696969696969696, 1.0)",1,99.3336261162348,34711
"(0.9589484126984128, 1.0)",1,99.33362438357705,34712
"(1.0, 0.996078431372549)",2,99.33362359404178,34714
"(0.984313725490196, 0.996078431372549)",1,99.33357841929757,34715
"(0.9589484126984128, 1.0)",1,99.33357370688891,34716
"(0.9803376906318084, 0.996078431372549)",1,99.33357240817531,34717
"(0.9018073680369506, 0.996078431372549)",1,99.33348906095726,34718
"(0.8705805822084891, 1.0)",1,99.33348263439731,34719
"(0.8803174603174604, 1.0)",1,99.33343594676931,34720
"(0.8264567669172932, 1.0)",1,99.33338214347472,34721
"(0.9882352941176472, 0.996078431372549)",1,99.33337694727034,34722
"(1.0, 1.0)",1,99.33333333333334,34723
"(0.8078308130291714, 1.0)",1,99.33333094064407,34724
"(0.9206349206349206, 1.0)",1,99.33332336887324,34725
"(0.9766612200435728, 0.996078431372549)",2,99.33330548949831,34727
"(0.919047619047619, 1.0)",1,99.33328615828616,34728
"(0.9579248366013072, 0.996078431372549)",1,99.3331773879144,34729
"(0.9194577352472088, 1.0)",1,99.33310772810133,34730
"(0.7254428341384862, 1.0)",1,99.33310566938752,34731
"(0.90934937783235, 0.996078431372549)",1,99.3330919009327,34732
"(0.9841269841269842, 1.0)",1,99.3330893475821,34733
"(0.875, 1.0)",1,99.3330819638028,34734
"(0.9333333333333332, 0.9841269841269842)",1,99.3330447330448,34735
"(0.8571428571428572, 1.0)",1,99.33299536396858,34736
"(0.6856760145918833, 1.0)",1,99.33297723525097,34737
"(0.9391865079365078, 1.0)",1,99.33294722166566,34738
"(0.8705805822084891, 1.0)",1,99.33294137153815,34739
"(0.9755757858699036, 0.996078431372549)",1,99.33290974492348,34740
"(0.9609224859534458, 0.996078431372549)",1,99.33290852779936,34741
"(0.896551724137931, 1.0)",1,99.33287962388049,34742
"(0.9230769230769232, 1.0)",1,99.33286144880348,34743
"(0.9333333333333332, 1.0)",1,99.332832924061,34744
"(0.8345959595959597, 1.0)",1,99.3328008286648,34745
"(0.8627450980392157, 1.0)",1,99.33278035068317,34746
"(0.8163854689162486, 1.0)",1,99.33274257753348,34747
"(0.8487103174603176, 1.0)",2,99.33270937687166,34749
"(0.9827450980392156, 0.996078431372549)",1,99.33270795808812,34750
"(0.8858975827700768, 1.0)",1,99.33267135021208,34751
"(0.9803050108932462, 0.996078431372549)",1,99.332646485495,34752
"(0.9707143676183924, 0.996078431372549)",1,99.33257501671612,34753
"(0.9019607843137254, 1.0)",1,99.33253381016976,34754
"(0.7410714285714286, 1.0)",2,99.3325138026225,34756
"(1.0, 1.0)",1,99.33246148316528,34757
"(0.9554595229904826, 1.0)",1,99.3324582531437,34758
"(0.8627450980392157, 1.0)",1,99.33244206773618,34759
"(0.9565217391304348, 1.0)",1,99.33237925084742,34760
"(0.7996201329534663, 1.0)",1,99.33235822819157,34761
"(0.9674603174603176, 1.0)",1,99.33226627173995,34762
"(0.9023569023569024, 1.0)",1,99.33226033226032,34763
"(0.8571428571428572, 1.0)",1,99.33224817643584,34764
"(0.8817204301075269, 1.0)",1,99.33224303921212,34765
"(0.8817204301075269, 1.0)",1,99.33222851851036,34766
"(0.9894736842105264, 0.996078431372549)",1,99.33221148533865,34767
"(0.9104993386243384, 1.0)",4,99.33220360295115,34771
"(0.9696969696969696, 1.0)",1,99.33217055326212,34772
"(0.9037076648841356, 0.996078431372549)",1,99.33211482732403,34773
"(0.8731060606060606, 1.0)",1,99.33204672488834,34774
"(0.9841269841269842, 1.0)",1,99.33201092042556,34775
"(0.8312992626493769, 1.0)",1,99.3319518199686,34776
"(0.9236094950800832, 0.996078431372549)",1,99.33187899246748,34777
"(0.875, 1.0)",1,99.33182865521576,34778
"(0.9065438871473354, 1.0)",2,99.3318183580468,34780
"(0.8888888888888888, 0.9841269841269842)",1,99.33177316510654,34781
"(0.9696969696969696, 1.0)",1,99.33174866274446,34782
"(0.9847494553376906, 0.996078431372549)",1,99.3317337379398,34783
"(0.8518518518518519, 1.0)",1,99.3317274301256,34784
"(0.8520449077786689, 1.0)",1,99.3316742691517,34785
"(0.9840686274509804, 0.996078431372549)",1,99.33165084342352,34786
"(0.909722222222222, 1.0)",2,99.33163146763982,34788
"(0.9803376906318084, 0.996078431372549)",1,99.33154685712051,34789
"(0.9135802469135802, 1.0)",1,99.33152993008068,34790
"(0.9841269841269842, 1.0)",2,99.33147934328107,34792
"(0.9766612200435728, 0.996078431372549)",2,99.3314461843727,34794
"(0.9206349206349206, 1.0)",1,99.3313890406568,34795
"(0.9704892057833234, 0.996078431372549)",1,99.33127106950792,34796
"(0.9754901960784312, 0.996078431372549)",2,99.33126992317416,34798
"(0.8129898303922073, 1.0)",1,99.33117299753371,34799
"(0.9777089783281734, 1.0)",1,99.3311530367665,34800
"(0.941156690746474, 0.996078431372549)",1,99.3311040169556,34801
"(0.7708333333333334, 1.0)",2,99.3310908428662,34803
"(0.9816305469556244, 0.996078431372549)",1,99.33108848868152,34804
"(0.896551724137931, 1.0)",1,99.33100224853374,34805
"(0.9882352941176472, 0.996078431372549)",1,99.33100022411966,34806
"(0.8883205456095482, 1.0)",1,99.3309847997744,34807
"(0.5, 1.0)",1,99.3309806135893,34808
"(0.9841269841269842, 1.0)",1,99.33097383097385,34809
"(0.978144708175668, 0.996078431372549)",1,99.33090872606368,34810
"(0.9759803921568628, 0.996078431372549)",1,99.33081801854937,34811
"(0.9135802469135802, 1.0)",1,99.33074495355196,34812
"(0.9087026014109348, 1.0)",1,99.3307318562232,34813
"(0.9288733763656364, 0.996078431372549)",1,99.33069159839152,34814
"(0.9248591174906964, 0.996078431372549)",1,99.3306748767072,34815
"(0.8, 1.0)",1,99.33066200855674,34816
"(0.75, 1.0)",2,99.33063472251116,34818
"(0.996078431372549, 0.996078431372549)",1,99.33060601394578,34819
"(0.9704892057833234, 0.996078431372549)",1,99.33059637623884,34820
"(0.9224211423699916, 1.0)",1,99.3305955505444,34821
"(0.909209656084656, 1.0)",1,99.3305263024013,34822
"(0.8915343915343915, 1.0)",1,99.33048620907806,34823
"(0.8675136116152449, 1.0)",1,99.3304399089856,34824
"(0.75, 1.0)",1,99.33041944636147,34825
"(0.9696969696969696, 1.0)",1,99.3303671637005,34826
"(0.992156862745098, 0.996078431372549)",1,99.33035178546513,34827
"(0.984967320261438, 0.996078431372549)",1,99.33032470138528,34828
"(0.9882352941176472, 0.996078431372549)",1,99.33031824072678,34829
"(0.9778966131907308, 0.996078431372549)",1,99.3303143783177,34830
"(0.8550741594067247, 1.0)",1,99.33030118568593,34831
"(0.9816305469556244, 0.996078431372549)",1,99.33030058807164,34832
"(0.8970659722222223, 1.0)",1,99.33028614407512,34833
"(0.896551724137931, 1.0)",1,99.33027404046896,34834
"(0.9886710239651416, 0.996078431372549)",1,99.33018764230856,34835
"(0.9565217391304348, 1.0)",1,99.33018448193214,34836
"(0.740829346092504, 1.0)",1,99.33017581833371,34837
"(0.9047619047619048, 1.0)",1,99.33015873015871,34838
"(0.8125, 1.0)",2,99.33011857903304,34840
"(0.9688764394646748, 0.996078431372549)",1,99.33008718692176,34841
"(0.978144708175668, 0.996078431372549)",1,99.3300540050594,34842
"(0.8571428571428572, 1.0)",1,99.3299305345817,34843
"(0.7982954545454546, 1.0)",1,99.32987010923225,34844
"(0.996078431372549, 1.0)",1,99.32986658218134,34845
"(0.9523809523809524, 1.0)",1,99.3297793750624,34846
"(0.9731377053745476, 0.996078431372549)",1,99.32976018833688,34847
"(0.8468468468468467, 1.0)",1,99.3296945163262,34848
"(0.9444444444444444, 1.0)",1,99.32967032967034,34849
"(0.9172045847248688, 0.996078431372549)",1,99.3296579265902,34850
"(0.992156862745098, 0.996078431372549)",1,99.32961595577784,34851
"(0.9803921568627452, 0.996078431372549)",1,99.32961496564457,34852
"(1.0, 0.996078431372549)",1,99.3296132374679,34853
"(1.0, 0.996078431372549)",1,99.32958957389236,34854
"(0.9206349206349206, 1.0)",1,99.32958456747932,34855
"(1.0, 1.0)",2,99.32953761214632,34857
"(0.9444444444444444, 1.0)",2,99.3293716748607,34859
"(0.954722222222222, 0.996078431372549)",1,99.32935810262458,34860
"(0.9272424525365702, 0.996078431372549)",2,99.32934816616728,34862
"(0.9391865079365078, 1.0)",1,99.3292965708296,34863
"(0.9333333333333332, 1.0)",1,99.32924901185773,34864
"(0.896551724137931, 1.0)",1,99.329236055373,34865
"(0.984313725490196, 0.996078431372549)",1,99.3292293750956,34866
"(0.9394676075558428, 0.996078431372549)",1,99.32921770695788,34867
"(0.9023569023569024, 1.0)",1,99.32919672919674,34868
"(1.0, 1.0)",1,99.32918898553574,34869
"(1.0, 1.0)",1,99.32916223677094,34870
"(0.9759803921568628, 0.996078431372549)",1,99.3291240417842,34871
"(1.0, 1.0)",1,99.32912117122645,34872
"(0.9925925925925926, 0.996078431372549)",1,99.32908300162194,34873
"(0.8888888888888888, 1.0)",1,99.3290211695246,34874
"(0.8817204301075269, 1.0)",1,99.32901387740095,34875
"(0.9696969696969696, 1.0)",1,99.32900432900432,34876
"(0.9230769230769232, 1.0)",1,99.32898595657215,34877
"(0.9620227038183696, 0.996078431372549)",1,99.32893500636146,34878
"(0.8864468864468864, 1.0)",1,99.32891414141416,34879
"(0.8520449077786689, 1.0)",1,99.32888674724413,34880
"(0.9755757858699036, 1.0)",1,99.32888161716002,34881
"(0.8686868686868687, 1.0)",1,99.32887864823348,34882
"(0.8915343915343915, 1.0)",1,99.32883323538856,34883
"(0.9272424525365702, 0.996078431372549)",1,99.32880734946616,34884
"(1.0, 1.0)",1,99.3287606113693,34885
"(0.9135802469135802, 1.0)",1,99.328720662054,34886
"(0.9925925925925926, 0.996078431372549)",1,99.3287126312514,34887
"(0.896551724137931, 1.0)",1,99.32870032178997,34888
"(0.9847494553376906, 0.996078431372549)",1,99.32864193497238,34889
"(0.8864468864468864, 1.0)",1,99.32858252858254,34890
"(0.9688764394646748, 0.996078431372549)",1,99.32857626447482,34891
"(0.9230769230769232, 1.0)",1,99.32854411446364,34892
"(0.9803921568627452, 0.996078431372549)",1,99.32848869723352,34893
"(0.9135802469135802, 1.0)",1,99.32847301697876,34894
"(0.954318475928383, 0.996078431372549)",1,99.32844707439742,34895
"(0.9794117647058824, 0.996078431372549)",1,99.3284156574613,34896
"(0.9224211423699916, 1.0)",1,99.3282523871486,34897
"(0.9855521155830752, 0.996078431372549)",1,99.32823338658302,34898
"(0.9135443832705497, 0.996078431372549)",1,99.32811332195728,34899
"(0.9168478260869564, 1.0)",1,99.32808046927914,34900
"(0.7460317460317459, 1.0)",1,99.3280558600252,34901
"(0.9803921568627452, 0.996078431372549)",1,99.32805424308545,34902
"(0.8864468864468864, 0.9841269841269842)",1,99.32804799065676,34903
"(0.9866666666666668, 0.996078431372549)",1,99.32800344375512,34904
"(0.9766612200435728, 0.996078431372549)",1,99.32799841627264,34905
"(0.9168115942028986, 0.996078431372549)",1,99.32790045627408,34906
"(0.8889459760512393, 0.996078431372549)",1,99.32788977419806,34907
"(0.75, 1.0)",1,99.3278659611993,34908
"(0.9230769230769232, 1.0)",1,99.32783882783885,34909
"(0.8333333333333334, 1.0)",1,99.3277777777778,34910
"(0.8832772166105499, 1.0)",2,99.327721661055,34912
"(0.9491329966329968, 0.996078431372549)",1,99.32769214331158,34913
"(0.9847494553376906, 0.996078431372549)",1,99.32763374196053,34914
"(0.9399223139548216, 0.996078431372549)",1,99.32760554461042,34915
"(0.9589484126984128, 1.0)",1,99.32757429771544,34916
"(1.0, 1.0)",1,99.32755650146954,34917
"(0.9264176245210728, 1.0)",1,99.32751092936438,34918
"(0.9882352941176472, 0.996078431372549)",1,99.32745777843324,34919
"(0.9641868969810148, 0.996078431372549)",1,99.327433084345,34920
"(0.941156690746474, 0.996078431372549)",1,99.32742083379163,34921
"(0.7708333333333334, 1.0)",1,99.32732259570494,34922
"(0.9327096052096052, 1.0)",1,99.327234241453,34923
"(0.9591269841269842, 0.996078431372549)",1,99.32718843677846,34924
"(0.9320397146712937, 0.996078431372549)",1,99.32716042598486,34925
"(0.8520449077786689, 1.0)",1,99.32709185103616,34926
"(0.8055555555555555, 1.0)",1,99.32708260165208,34927
"(0.9802054154995332, 0.996078431372549)",1,99.32699601284574,34928
"(0.9803376906318084, 0.996078431372549)",1,99.32699481547029,34929
"(0.8498168498168498, 1.0)",1,99.32696932696932,34930
"(0.883876357560568, 1.0)",1,99.32694893324184,34931
"(0.8600272232304901, 1.0)",1,99.32694098449907,34932
"(0.8888888888888888, 1.0)",1,99.32692640692642,34933
"(0.8067271451483561, 1.0)",1,99.32691428817816,34934
"(1.0, 1.0)",1,99.32680363115146,34935
"(0.9444444444444444, 1.0)",1,99.32678432678432,34936
"(0.9135802469135802, 1.0)",1,99.32675644269848,34937
"(0.9351258309591644, 1.0)",1,99.32670946488756,34938
"(0.9465811965811968, 1.0)",1,99.3266897914862,34939
"(0.9641868969810148, 0.996078431372549)",1,99.32668878375404,34940
"(0.9886710239651416, 0.996078431372549)",1,99.32668740595211,34941
"(0.9704892057833234, 0.996078431372549)",1,99.32667480761138,34942
"(0.914421596921597, 0.996078431372549)",1,99.32666873164315,34943
"(0.8309016086793863, 1.0)",1,99.3266607324324,34944
"(0.8817204301075269, 1.0)",2,99.32661426226122,34946
"(0.9292181620122796, 0.996078431372549)",1,99.32659908604204,34947
"(0.9731377053745476, 0.996078431372549)",1,99.32655834103996,34948
"(0.7081939799331105, 1.0)",1,99.32655655764913,34949
"(0.9280112044817928, 0.996078431372549)",1,99.32654396686928,34950
"(0.8469839324618735, 1.0)",1,99.32653824171544,34951
"(0.9800599128540306, 0.996078431372549)",1,99.32650632878207,34952
"(0.8468468468468467, 1.0)",1,99.32638445899316,34953
"(0.9841269841269842, 1.0)",1,99.326278659612,34954
"(0.9886710239651416, 0.996078431372549)",2,99.3262697173456,34956
"(0.9135802469135802, 1.0)",1,99.32624740008418,34957
"(0.9444444444444444, 1.0)",1,99.32616487455198,34958
"(0.958531746031746, 1.0)",1,99.32614572917572,34959
"(0.977218782249742, 0.9925925925925926)",1,99.32607237402968,34960
"(0.9589484126984128, 1.0)",1,99.32599402247662,34961
"(0.9047619047619048, 1.0)",1,99.32589048378524,34962
"(0.8870701058201058, 1.0)",1,99.32588345864662,34963
"(0.9573319772862108, 0.996078431372549)",1,99.32583229728024,34964
"(0.8129898303922073, 1.0)",1,99.32582227758613,34965
"(0.5951421188630491, 1.0)",1,99.3258178730415,34966
"(0.9465811965811968, 1.0)",1,99.325766849813,34967
"(0.9087026014109348, 1.0)",1,99.32571823076208,34968
"(0.9803921568627452, 0.996078431372549)",1,99.32567300976764,34969
"(0.9841269841269842, 1.0)",2,99.32553839075578,34971
"(0.8551296720061023, 1.0)",1,99.32551789489432,34972
"(0.9704901960784316, 0.996078431372549)",1,99.3255149087814,34973
"(0.9916666666666668, 0.996078431372549)",1,99.3255030959754,34974
"(0.8889459760512393, 0.996078431372549)",1,99.32549956946951,34975
"(0.9886710239651416, 0.996078431372549)",1,99.3254040664646,34976
"(0.9769063180827886, 0.996078431372549)",1,99.32540130188828,34977
"(0.9841269841269842, 1.0)",1,99.32539682539682,34978
"(0.9236094950800832, 0.996078431372549)",1,99.3253742344689,34979
"(0.9104993386243384, 1.0)",1,99.32537213345402,34980
"(0.9731377053745476, 0.996078431372549)",1,99.32530017110533,34981
"(0.8402777777777779, 1.0)",1,99.32528659611994,34982
"(0.9339072354087834, 0.996078431372549)",1,99.32525307129244,34983
"(0.8571428571428572, 1.0)",1,99.3252070673916,34984
"(0.954722222222222, 0.996078431372549)",1,99.32520495683671,34985
"(0.5, 1.0)",3,99.32516898306372,34988
"(0.992156862745098, 0.996078431372549)",1,99.3250941897228,34989
"(0.9919117647058824, 0.996078431372549)",2,99.32508862024352,34991
"(0.9067629419191918, 1.0)",1,99.32508272887831,34992
"(0.8991666666666667, 1.0)",1,99.3249963924964,34993
"(0.9333333333333332, 1.0)",2,99.32484571111571,34995
"(0.8889459760512393, 0.996078431372549)",1,99.32478146957138,34996
"(0.683375104427736, 1.0)",1,99.324713589756,34997
"(0.992156862745098, 0.996078431372549)",1,99.32469756908624,34998
"(0.9087026014109348, 1.0)",1,99.32466441859565,34999
"(0.5, 1.0)",1,99.32466422466422,35000
"(0.9224211423699916, 1.0)",1,99.32466056251224,35001
"(0.8013468013468013, 1.0)",1,99.32465481013578,35002
"(0.977218782249742, 0.996078431372549)",1,99.32464133876694,35003
"(0.9916666666666668, 0.996078431372549)",1,99.324580758194,35004
"(0.8266666666666667, 1.0)",1,99.32452082884996,35005
"(0.9704892057833234, 0.996078431372549)",1,99.32450037750368,35006
"(0.8078308130291714, 1.0)",1,99.32445696232784,35007
"(0.6856760145918833, 1.0)",1,99.32445263116789,35008
"(0.9657080610021788, 0.996078431372549)",1,99.324441459355,35009
"(0.9847494553376906, 0.996078431372549)",1,99.32440815704054,35010
"(0.5951421188630491, 1.0)",1,99.3243255952686,35011
"(0.9755757858699036, 0.996078431372549)",1,99.32431588031302,35012
"(0.896551724137931, 1.0)",1,99.32426572873482,35013
"(0.9023569023569024, 1.0)",1,99.32423550684425,35014
"(0.9206349206349206, 1.0)",1,99.32423482949798,35015
"(0.9230769230769232, 1.0)",1,99.32423132423143,35016
"(0.896551724137931, 1.0)",1,99.32421606540676,35017
"(0.8832772166105499, 1.0)",1,99.324058657392,35018
"(0.8112491373360938, 1.0)",1,99.32404508779678,35019
"(0.9243650793650792, 1.0)",1,99.32397957936544,35020
"(0.9803050108932462, 0.996078431372549)",1,99.32388171270884,35021
"(0.9411376480416728, 0.996078431372549)",2,99.32381439710412,35023
"(0.9665319865319866, 0.996078431372549)",1,99.3238111321086,35024
"(0.9065438871473354, 1.0)",1,99.32380299378144,35025
"(0.90375116713352, 0.996078431372549)",1,99.32379900269302,35026
"(0.75, 1.0)",1,99.32378547378548,35027
"(0.9769410044719642, 0.996078431372549)",1,99.32377100547384,35028
"(0.9449122174122172, 0.996078431372549)",1,99.3236683620819,35029
"(0.5, 1.0)",1,99.32364612511672,35030
"(0.909209656084656, 1.0)",1,99.32357541375002,35031
"(0.7707924493038034, 1.0)",1,99.32354924814608,35032
"(0.9755757858699036, 0.996078431372549)",1,99.32351667567632,35033
"(0.8571428571428572, 1.0)",1,99.32348206924866,35034
"(0.93718610251118, 0.996078431372549)",1,99.32345269722846,35035
"(0.9364583333333332, 1.0)",1,99.32336957582648,35036
"(0.9047619047619048, 1.0)",1,99.323362797047,35037
"(0.7167919799498746, 1.0)",1,99.32328348227472,35038
"(0.9851851851851852, 0.996078431372549)",2,99.323268424329,35040
"(0.9851851851851852, 0.996078431372549)",2,99.32322096089908,35042
"(0.9391865079365078, 1.0)",1,99.32317992789768,35043
"(0.7400546757164405, 1.0)",1,99.32317521654718,35044
"(0.9411376480416728, 0.996078431372549)",1,99.32314200534032,35045
"(0.9391865079365078, 1.0)",1,99.32304852525822,35046
"(0.8888888888888888, 1.0)",1,99.32295975629307,35047
"(0.980582788671024, 0.996078431372549)",1,99.32285787999434,35048
"(0.9811403508771928, 0.996078431372549)",1,99.32285344792524,35049
"(0.9491329966329968, 0.996078431372549)",1,99.32283293274804,35050
"(0.9916666666666668, 0.996078431372549)",1,99.32283009720412,35051
"(0.8788958916900093, 0.996078431372549)",1,99.3228160269958,35052
"(0.9728641456582634, 0.996078431372549)",1,99.32280442655784,35053
"(0.9047619047619048, 1.0)",1,99.3227847111171,35054
"(0.9444444444444444, 1.0)",1,99.32271659868992,35055
"(0.9840686274509804, 0.996078431372549)",1,99.32271200878026,35056
"(0.8266666666666667, 1.0)",1,99.32267942583732,35057
"(0.8629273504273505, 1.0)",1,99.3226729902631,35058
"(0.9881481481481482, 0.996078431372549)",1,99.32266773961062,35059
"(0.8350168350168351, 1.0)",1,99.32262810630932,35060
"(0.9333333333333332, 1.0)",1,99.32257513018384,35061
"(0.9135802469135802, 1.0)",3,99.32248293842495,35064
"(0.8803174603174604, 1.0)",1,99.32240918501792,35065
"(0.833064949006978, 1.0)",1,99.3223770293199,35066
"(0.9224211423699916, 1.0)",1,99.32232339065934,35067
"(0.9811403508771928, 0.996078431372549)",1,99.32231967886209,35068
"(0.980582788671024, 0.996078431372549)",1,99.32231882811624,35069
"(0.9866666666666668, 0.996078431372549)",1,99.3222422922896,35070
"(0.9302579365079364, 1.0)",1,99.32220641039264,35071
"(0.6875653082549634, 1.0)",1,99.32219764646374,35072
"(0.8055555555555555, 1.0)",1,99.32217475506948,35073
"(0.9230769230769232, 1.0)",1,99.32216581339388,35074
"(0.8888888888888888, 1.0)",1,99.32214114319378,35075
"(0.9138847117794486, 0.996078431372549)",2,99.32213191549896,35077
"(0.9894736842105264, 0.996078431372549)",1,99.32212017367748,35078
"(1.0, 1.0)",1,99.32207888729636,35079
"(0.9855521155830752, 0.996078431372549)",1,99.32205651961864,35080
"(0.95536349042541, 0.996078431372549)",1,99.32204462685102,35081
"(0.9827450980392156, 0.996078431372549)",1,99.32204191033162,35082
"(0.8915343915343915, 1.0)",1,99.32200824774354,35083
"(0.9816305469556244, 0.996078431372549)",1,99.3219876777378,35084
"(0.9318498265866688, 0.996078431372549)",1,99.32194442583013,35085
"(0.9769410044719642, 0.996078431372549)",1,99.32194434090036,35086
"(0.9879901960784314, 0.996078431372549)",1,99.32189812399224,35087
"(0.9224211423699916, 1.0)",1,99.32188263359426,35088
"(0.992156862745098, 0.996078431372549)",1,99.32185814283208,35089
"(1.0, 1.0)",2,99.32176095509428,35091
"(0.9019607843137254, 1.0)",1,99.32172147075204,35092
"(0.9847494553376906, 0.996078431372549)",1,99.3216679844066,35093
"(1.0, 0.996078431372549)",1,99.32164059820344,35094
"(0.7782392026578072, 1.0)",1,99.3216108476768,35095
"(0.9563713649711092, 0.996078431372549)",1,99.32158690927868,35096
"(0.9202401372212692, 1.0)",1,99.32157312584016,35097
"(0.9881481481481482, 0.996078431372549)",1,99.32154749115364,35098
"(0.9882352941176472, 0.996078431372549)",1,99.32150891935746,35099
"(0.9759803921568628, 0.996078431372549)",1,99.32149352494638,35100
"(0.8817204301075269, 1.0)",1,99.32147976109496,35101
"(0.9728641456582634, 0.996078431372549)",1,99.32146296296318,35102
"(0.9236094950800832, 0.996078431372549)",1,99.32145266584143,35103
"(0.9894736842105264, 0.996078431372549)",1,99.32142523254772,35104
"(0.8952020202020202, 1.0)",1,99.3213865609699,35105
"(0.8888888888888888, 1.0)",1,99.32131440260731,35106
"(0.6403503049675462, 1.0)",1,99.32130059117898,35107
"(0.992156862745098, 0.996078431372549)",1,99.32129744544676,35108
"(0.992156862745098, 0.996078431372549)",2,99.32128155355724,35110
"(0.9542023172905526, 0.996078431372549)",1,99.32127929617242,35111
"(0.8129629629629629, 1.0)",1,99.32123452433235,35112
"(0.8864468864468864, 1.0)",1,99.32122768677756,35113
"(0.9696969696969696, 1.0)",4,99.3211926961927,35117
"(0.8771929824561403, 1.0)",1,99.32119193423812,35118
"(0.9894736842105264, 0.996078431372549)",1,99.32118055090214,35119
"(0.9230769230769232, 1.0)",2,99.32115710376584,35121
"(0.8067271451483561, 1.0)",1,99.32109164450505,35122
"(0.9142520753512132, 1.0)",1,99.32095663515922,35123
"(0.8958946706887884, 0.996078431372549)",1,99.32092980755078,35124
"(0.962458433665864, 0.996078431372549)",1,99.32088605405706,35125
"(0.7782392026578072, 1.0)",1,99.3208550431012,35126
"(0.8831018518518517, 1.0)",1,99.3208238877816,35127
"(0.8822954822954823, 1.0)",2,99.32079769189144,35129
"(0.9521531100478468, 1.0)",1,99.32079438629782,35130
"(0.9565217391304348, 1.0)",3,99.32069138590876,35133
"(0.978144708175668, 0.996078431372549)",1,99.32068099841236,35134
"(0.8888888888888888, 1.0)",1,99.32061285448091,35135
"(0.9224211423699916, 1.0)",1,99.3205173114339,35136
"(0.9696969696969696, 1.0)",1,99.3204999107173,35137
"(1.0, 1.0)",1,99.32042648709316,35138
"(0.9135802469135802, 1.0)",1,99.32041254505025,35139
"(0.9351258309591644, 1.0)",4,99.32039854949576,35143
"(0.9704892057833234, 0.996078431372549)",1,99.3203771960183,35144
"(0.954722222222222, 0.996078431372549)",1,99.3203424036792,35145
"(0.8376068376068376, 1.0)",1,99.32028122455276,35146
"(0.9841269841269842, 1.0)",1,99.32020202020205,35147
"(0.8897707231040564, 1.0)",1,99.32018460951376,35148
"(0.8046935824713601, 1.0)",1,99.32015807168584,35149
"(0.8818969448244414, 1.0)",1,99.3201538220112,35150
"(0.958531746031746, 1.0)",1,99.319975732391,35151
"(0.984504357298475, 0.996078431372549)",2,99.31994128517992,35153
"(0.855094726062468, 1.0)",1,99.3197960049514,35154
"(0.8925865800865801, 1.0)",1,99.31975993393132,35155
"(0.8627450980392157, 1.0)",1,99.31974365503775,35156
"(0.7777777777777776, 1.0)",1,99.31971792991284,35157
"(0.9248591174906964, 0.996078431372549)",1,99.31970140798336,35158
"(0.9894736842105264, 0.996078431372549)",1,99.31967705566862,35159
"(0.8791208791208792, 1.0)",1,99.3196688931983,35160
"(0.9230769230769232, 1.0)",1,99.31962864721486,35161
"(0.875, 1.0)",1,99.319618599791,35162
"(0.8900759734093067, 1.0)",1,99.3195770022159,35163
"(0.8163854689162486, 1.0)",1,99.3195548566714,35164
"(0.9358798064680418, 0.996078431372549)",1,99.31955430158752,35165
"(0.992156862745098, 0.996078431372549)",1,99.31950331972762,35166
"(1.0, 1.0)",1,99.31947622679888,35167
"(0.7555555555555554, 1.0)",1,99.3194691273639,35168
"(0.9444444444444444, 1.0)",2,99.31944444444444,35170
"(0.9292181620122796, 0.996078431372549)",1,99.31940424814287,35171
"(0.7496650452295612, 1.0)",1,99.31938477064392,35172
"(0.9769410044719642, 0.996078431372549)",1,99.31938196634108,35173
"(0.9427450980392156, 0.996078431372549)",1,99.31937705722044,35174
"(0.8571024784182679, 0.996078431372549)",1,99.31933861689303,35175
"(0.957490630284748, 0.996078431372549)",1,99.319321268973,35176
"(0.8714344685242518, 0.996078431372549)",1,99.31931540452462,35177
"(0.9565217391304348, 1.0)",2,99.31926683716964,35179
"(0.8627450980392157, 1.0)",1,99.31926683716964,35180
"(0.6403503049675462, 1.0)",1,99.31924349677284,35181
"(0.9925925925925926, 0.996078431372549)",1,99.31924195515543,35182
"(0.8417927170868348, 0.996078431372549)",1,99.3192071272956,35183
"(0.9764161220043572, 0.996078431372549)",1,99.31919463303448,35184
"(0.9759803921568628, 0.996078431372549)",1,99.31912800048268,35185
"(0.960639768728004, 0.9919117647058824)",1,99.3190953848927,35186
"(0.9351326548694968, 0.996078431372549)",1,99.31909357842044,35187
"(0.8589726631393297, 1.0)",1,99.31906787581704,35188
"(0.6403503049675462, 1.0)",1,99.3190514897917,35189
"(0.9754435107376284, 0.996078431372549)",1,99.31897832900448,35190
"(0.954722222222222, 0.996078431372549)",1,99.31896722051344,35191
"(0.9882352941176472, 0.996078431372549)",1,99.31892451505038,35192
"(0.9444444444444444, 1.0)",1,99.31890331890332,35193
"(0.75, 1.0)",1,99.3188979868503,35194
"(0.9840686274509804, 0.996078431372549)",1,99.31888290244352,35195
"(0.8468980343980343, 1.0)",1,99.3188688681498,35196
"(0.992156862745098, 0.996078431372549)",1,99.31885489533926,35197
"(0.7610695631528964, 1.0)",1,99.31883194442632,35198
"(0.8504594820384294, 1.0)",1,99.31880205564416,35199
"(0.8686868686868687, 1.0)",1,99.31880054219872,35200
"(0.9142520753512132, 1.0)",1,99.3187978578432,35201
"(0.9306746031746032, 1.0)",1,99.318664932024,35202
"(0.8817204301075269, 1.0)",1,99.31865367230392,35203
"(0.9696969696969696, 1.0)",1,99.31861471861473,35204
"(0.875, 1.0)",1,99.3185870088044,35205
"(0.8925865800865801, 1.0)",1,99.31853226313297,35206
"(0.9855521155830752, 0.996078431372549)",1,99.31851080389649,35207
"(0.9565217391304348, 1.0)",1,99.3184976223195,35208
"(0.992156862745098, 0.996078431372549)",1,99.31842816241507,35209
"(0.9886710239651416, 0.996078431372549)",1,99.31840516323513,35210
"(0.9465811965811968, 1.0)",1,99.31839340698036,35211
"(0.8339307048984469, 1.0)",1,99.3183689246308,35212
"(0.9135802469135802, 1.0)",4,99.31834215167548,35216
"(0.9813854489164088, 0.996078431372549)",1,99.31834044659192,35217
"(0.9691305469556244, 0.996078431372549)",1,99.31827624154182,35218
"(0.8977777777777779, 1.0)",1,99.3182683982684,35219
"(0.8888888888888888, 1.0)",1,99.318219791904,35220
"(0.8888888888888888, 1.0)",1,99.31820055738822,35221
"(0.8368686868686868, 1.0)",1,99.3181804658283,35222
"(0.9351326548694968, 0.996078431372549)",1,99.31814170464348,35223
"(0.9847494553376906, 0.996078431372549)",1,99.31811222301248,35224
"(0.9047619047619048, 1.0)",4,99.31806789701528,35228
"(0.9879901960784314, 0.996078431372549)",2,99.31789928575752,35230
"(0.9674603174603176, 1.0)",1,99.31789701526544,35231
"(0.683375104427736, 1.0)",1,99.317896519956,35232
"(0.865079365079365, 1.0)",1,99.31788562314878,35233
"(0.9135802469135802, 1.0)",1,99.31782570905378,35234
"(0.9565217391304348, 1.0)",1,99.31780538302276,35235
"(0.875, 1.0)",1,99.31778466631408,35236
"(0.9740143369175628, 1.0)",1,99.31776232405372,35237
"(1.0, 1.0)",1,99.31771992791482,35238
"(0.9769410044719642, 0.996078431372549)",1,99.31769306270944,35239
"(0.909722222222222, 0.996078431372549)",2,99.31762829289836,35241
"(0.978144708175668, 0.996078431372549)",1,99.317619542605,35242
"(0.9764161220043572, 0.996078431372549)",1,99.31758576935069,35243
"(0.9841269841269842, 1.0)",1,99.31753823275562,35244
"(0.9808278867102396, 0.996078431372549)",2,99.317535396225,35246
"(0.7400546757164405, 1.0)",1,99.31750524060868,35247
"(0.8571428571428572, 1.0)",1,99.31750321750322,35248
"(0.9272424525365702, 0.996078431372549)",1,99.3174838176152,35249
"(1.0, 1.0)",1,99.3174603174604,35250
"(0.8904991948470209, 1.0)",1,99.3174425413556,35251
"(0.9444444444444444, 1.0)",1,99.31732600100722,35252
"(0.8498168498168498, 1.0)",1,99.31728180850992,35253
"(0.9065438871473354, 1.0)",2,99.3172375169942,35255
"(0.8255157331244287, 1.0)",1,99.31721394232264,35256
"(0.9894736842105264, 1.0)",1,99.31699173073282,35257
"(0.9421840958605664, 0.996078431372549)",1,99.31698728649732,35258
"(0.9192251461988304, 0.996078431372549)",1,99.31687555564513,35259
"(0.9592592592592591, 1.0)",1,99.31683313632782,35260
"(0.9272424525365702, 0.996078431372549)",1,99.31679742468312,35261
"(0.896551724137931, 1.0)",1,99.31672179948042,35262
"(0.9803050108932462, 0.996078431372549)",1,99.31665216575524,35263
"(0.8832772166105499, 1.0)",1,99.31661054994387,35264
"(0.6702852099591231, 1.0)",1,99.3165551700898,35265
"(0.879008834302952, 0.996078431372549)",1,99.31652197676216,35266
"(0.9399223139548216, 0.996078431372549)",1,99.3165187447001,35267
"(0.8897707231040564, 1.0)",1,99.3165186117748,35268
"(0.9838235294117648, 0.996078431372549)",1,99.3164901131177,35269
"(0.9754901960784312, 0.996078431372549)",1,99.3164827827002,35270
"(0.9118714171964946, 0.996078431372549)",1,99.31641474045486,35271
"(0.8498168498168498, 1.0)",1,99.31637163158902,35272
"(0.9172932330827066, 1.0)",4,99.31633249791145,35276
"(0.9866666666666668, 0.996078431372549)",1,99.31629709454876,35277
"(1.0, 1.0)",1,99.31614745294918,35278
"(0.7782392026578072, 1.0)",1,99.31613832884688,35279
"(0.896551724137931, 1.0)",1,99.31612678509232,35280
"(0.9802054154995332, 0.992156862745098)",1,99.31612228283126,35281
"(0.9763834422657952, 0.996078431372549)",1,99.31611104495798,35282
"(0.8376068376068376, 1.0)",1,99.31609043130786,35283
"(0.9449122174122172, 0.996078431372549)",1,99.31608574317576,35284
"(0.9023809523809524, 1.0)",1,99.31607950839728,35285
"(1.0, 1.0)",1,99.31607573712836,35286
"(0.9230769230769232, 1.0)",1,99.31604887865758,35287
"(0.8423371647509579, 1.0)",2,99.3160278751937,35289
"(0.9620227038183696, 0.996078431372549)",1,99.31602478774396,35290
"(0.896551724137931, 1.0)",1,99.31594440874808,35291
"(0.8791208791208792, 1.0)",1,99.31594005123416,35292
"(0.8402777777777779, 1.0)",2,99.31590708674042,35294
"(0.81681801994302, 1.0)",1,99.31588435635412,35295
"(0.9358798064680418, 0.996078431372549)",2,99.31587217611752,35297
"(0.9171090534979424, 1.0)",1,99.31585744909978,35298
"(0.9457936507936509, 0.996078431372549)",1,99.31584725811496,35299
"(0.9802054154995332, 0.996078431372549)",1,99.3158396809018,35300
"(0.9230769230769232, 1.0)",1,99.31583153688416,35301
"(0.9320397146712937, 0.996078431372549)",1,99.31577782755043,35302
"(0.9886710239651416, 0.996078431372549)",1,99.31574082305596,35303
"(0.8151260504201681, 1.0)",2,99.31567778626602,35305
"(0.909722222222222, 0.996078431372549)",1,99.3156613756616,35306
"(0.8731060606060606, 1.0)",1,99.31550655611812,35307
"(0.9800599128540306, 0.996078431372549)",1,99.31548924358542,35308
"(0.6403503049675462, 1.0)",1,99.31547481666954,35309
"(0.9444444444444444, 1.0)",1,99.31542512410634,35310
"(0.8339307048984469, 1.0)",2,99.31541218637992,35312
"(0.954722222222222, 0.996078431372549)",1,99.31541212812974,35313
"(0.9565217391304348, 1.0)",1,99.31540038061776,35314
"(0.9135802469135802, 1.0)",2,99.31522401377477,35316
"(0.9704892057833234, 0.996078431372549)",1,99.31521852952416,35317
"(0.9, 1.0)",1,99.31514149430816,35318
"(0.9855521155830752, 0.996078431372549)",1,99.3150835310203,35319
"(0.896551724137931, 1.0)",1,99.31504560604644,35320
"(0.9674603174603176, 1.0)",1,99.31503927523416,35321
"(0.9651330532212884, 0.996078431372549)",1,99.31500552865296,35322
"(0.9358798064680418, 0.996078431372549)",1,99.31500458790023,35323
"(0.6275876749507744, 1.0)",1,99.31495464381165,35324
"(0.984504357298475, 0.996078431372549)",1,99.31494766327609,35325
"(0.9380032206119162, 1.0)",1,99.31484304745176,35326
"(0.9280112044817928, 0.996078431372549)",1,99.3148048634661,35327
"(0.9224211423699916, 1.0)",1,99.31478159994784,35328
"(0.9727743378052977, 0.996078431372549)",1,99.31475850377842,35329
"(0.9807902108211706, 0.996078431372549)",1,99.314748841468,35330
"(0.958531746031746, 1.0)",1,99.31473212124357,35331
"(0.9224211423699916, 1.0)",1,99.314725134674,35332
"(0.9047619047619048, 1.0)",1,99.31471186383467,35333
"(0.9224211423699916, 1.0)",1,99.31470488202214,35334
"(0.8551296720061023, 1.0)",1,99.31464264072548,35335
"(0.6856760145918833, 1.0)",1,99.31459167335689,35336
"(0.8817204301075269, 1.0)",1,99.31457694557274,35337
"(0.8883205456095482, 1.0)",1,99.314539254437,35338
"(0.9320397146712937, 0.996078431372549)",1,99.31452408759708,35339
"(0.8692635658914728, 1.0)",1,99.31449367520575,35340
"(0.9411376480416728, 0.996078431372549)",1,99.31437046129604,35341
"(0.8859337035751476, 1.0)",1,99.31426118602278,35342
"(0.8527777777777779, 1.0)",1,99.31424756480855,35343
"(0.9230769230769232, 1.0)",1,99.3142406045842,35344
"(0.9521531100478468, 1.0)",1,99.31424014581908,35345
"(0.9320397146712937, 0.996078431372549)",1,99.3141494341574,35346
"(0.9691305469556244, 0.996078431372549)",1,99.31413943694666,35347
"(0.9764161220043572, 0.996078431372549)",1,99.3141079131387,35348
"(0.9886710239651416, 0.996078431372549)",1,99.314104733827,35349
"(0.8448736477904788, 1.0)",1,99.3140932789893,35350
"(0.8013468013468013, 1.0)",2,99.3140885040885,35352
"(0.9047619047619048, 1.0)",2,99.31406142167016,35354
"(0.9135802469135802, 1.0)",1,99.31400204733538,35355
"(0.8498168498168498, 1.0)",4,99.31400142419636,35359
"(0.8952380952380952, 1.0)",1,99.31399133274132,35360
"(0.9847494553376906, 0.996078431372549)",2,99.3139740617142,35362
"(0.865079365079365, 1.0)",1,99.31394654727988,35363
"(0.9395009173259948, 0.996078431372549)",1,99.3139419217982,35364
"(0.992156862745098, 0.996078431372549)",1,99.3139205416762,35365
"(0.984504357298475, 0.996078431372549)",1,99.3139150423595,35366
"(0.7975164658278694, 1.0)",1,99.31391095203976,35367
"(0.9841269841269842, 1.0)",1,99.31389058841462,35368
"(0.9697786951037723, 0.996078431372549)",1,99.31382690784464,35369
"(0.949639417170377, 0.996078431372549)",1,99.31381563616624,35370
"(0.9168115942028986, 0.996078431372549)",1,99.3137926088312,35371
"(0.8958946706887884, 0.996078431372549)",1,99.3136643302234,35372
"(0.8883205456095482, 1.0)",1,99.31364840317477,35373
"(0.984313725490196, 0.996078431372549)",2,99.31361922402128,35375
"(0.7496650452295612, 1.0)",2,99.31359999767258,35377
"(0.9799019607843138, 0.996078431372549)",1,99.3135941160092,35378
"(0.9318498265866688, 0.996078431372549)",1,99.31357628325144,35379
"(0.9766612200435728, 0.996078431372549)",1,99.31356131341444,35380
"(0.9466013071895424, 0.996078431372549)",1,99.31355994322024,35381
"(0.9248591174906964, 0.996078431372549)",1,99.31354037186172,35382
"(0.875, 1.0)",1,99.31347693525112,35383
"(0.9230769230769232, 1.0)",1,99.3134424944494,35384
"(0.7496650452295612, 1.0)",1,99.31343090220872,35385
"(0.984313725490196, 0.996078431372549)",1,99.31335332339587,35386
"(0.8112794612794614, 1.0)",1,99.31335107022608,35387
"(0.9841269841269842, 1.0)",1,99.31334811189885,35388
"(0.9674603174603176, 1.0)",1,99.313330998737,35389
"(0.8893558268973552, 1.0)",1,99.31332887586126,35390
"(0.958531746031746, 1.0)",1,99.31329516790272,35391
"(0.984313725490196, 0.996078431372549)",1,99.3132520475874,35392
"(0.941156690746474, 0.996078431372549)",1,99.3131511385074,35393
"(0.8705805822084891, 1.0)",1,99.31307158637898,35394
"(0.9248591174906964, 0.996078431372549)",1,99.31300221794054,35395
"(0.5951421188630491, 1.0)",1,99.3129590036744,35396
"(0.9142520753512132, 1.0)",4,99.31286779252277,35400
"(0.90934937783235, 0.996078431372549)",1,99.3128639492032,35401
"(0.9886710239651416, 0.996078431372549)",1,99.31285624175032,35402
"(0.8085106382978723, 1.0)",1,99.31279647591704,35403
"(0.8681932021466906, 1.0)",1,99.31275756839425,35404
"(0.9236094950800832, 0.996078431372549)",2,99.31274090202906,35406
"(0.9882352941176472, 0.996078431372549)",1,99.31273408193704,35407
"(0.8817204301075269, 1.0)",1,99.31268639396822,35408
"(0.879008834302952, 0.996078431372549)",1,99.3126004081347,35409
"(0.896551724137931, 1.0)",1,99.31249474374228,35410
"(0.932852564102564, 1.0)",1,99.31249210559557,35411
"(0.7544006919006919, 1.0)",1,99.31247876654452,35412
"(0.7081939799331105, 1.0)",1,99.31244713418629,35413
"(0.9444444444444444, 1.0)",1,99.31242500189867,35414
"(0.7840187590187591, 1.0)",1,99.31240499429096,35415
"(0.9296576483944904, 0.996078431372549)",1,99.31238643262505,35416
"(0.9568181818181818, 0.996078431372549)",1,99.31233773232869,35417
"(0.9674603174603176, 1.0)",1,99.3123358328164,35418
"(0.8129898303922073, 1.0)",1,99.31231761735069,35419
"(0.9925925925925926, 0.996078431372549)",2,99.31227373245972,35421
"(0.9847494553376906, 0.996078431372549)",1,99.31227040458556,35422
"(1.0, 1.0)",1,99.31214051580184,35423
"(0.992156862745098, 0.996078431372549)",1,99.31213121931408,35424
"(0.8571024784182679, 0.996078431372549)",1,99.31212242206848,35425
"(0.8498168498168498, 1.0)",1,99.31210861065934,35426
"(0.875, 1.0)",1,99.31210117043454,35427
"(0.9803921568627452, 0.996078431372549)",1,99.31210037869502,35428
"(0.909722222222222, 0.996078431372549)",1,99.31209489094806,35429
"(0.9230769230769232, 1.0)",1,99.31196581196582,35430
"(0.8487103174603176, 1.0)",1,99.3119137806638,35431
"(0.9320397146712937, 0.996078431372549)",1,99.31191207424332,35432
"(0.9444444444444444, 1.0)",1,99.31188914395746,35433
"(0.8309016086793863, 1.0)",1,99.3118437404064,35434
"(0.9696969696969696, 1.0)",1,99.31180223285486,35435
"(0.808641975308642, 1.0)",2,99.31178113634256,35437
"(0.984313725490196, 0.996078431372549)",1,99.31177760577933,35438
"(0.977218782249742, 0.996078431372549)",1,99.3116854636594,35439
"(0.977218782249742, 0.996078431372549)",1,99.31165412600268,35440
"(0.9358798064680418, 0.996078431372549)",1,99.31165063457082,35441
"(0.9104993386243384, 1.0)",1,99.31164199891732,35442
"(0.9292181620122796, 0.996078431372549)",1,99.3115691688715,35443
"(0.941156690746474, 0.996078431372549)",2,99.3115470978399,35445
"(0.6403503049675462, 1.0)",1,99.31149465496244,35446
"(0.914421596921597, 0.996078431372549)",1,99.31147653000616,35447
"(0.883580779054917, 1.0)",1,99.3114703264102,35448
"(0.8731060606060606, 1.0)",1,99.3114657506016,35449
"(0.9224211423699916, 1.0)",1,99.31140336051888,35450
"(0.8705378705688304, 0.996078431372549)",1,99.31138500830542,35451
"(0.992156862745098, 0.996078431372549)",1,99.31135847726416,35452
"(0.9840686274509804, 0.992156862745098)",1,99.31132911750564,35453
"(0.9882352941176472, 0.9925925925925926)",1,99.31127541074925,35454
"(0.9696969696969696, 1.0)",1,99.31126110731374,35455
"(0.9230769230769232, 0.9841269841269842)",1,99.31126034459376,35456
"(0.9230769230769232, 1.0)",1,99.3112567557583,35457
"(0.95536349042541, 0.996078431372549)",1,99.31119194731448,35458
"(0.9740143369175628, 1.0)",1,99.311138228192,35459
"(0.875, 1.0)",1,99.31113579403052,35460
"(0.9754435107376284, 0.996078431372549)",1,99.31113519174956,35461
"(0.7982954545454546, 1.0)",1,99.31109813398852,35462
"(0.9769410044719642, 0.996078431372549)",1,99.31109295558196,35463
"(0.9333333333333332, 1.0)",1,99.31102756892231,35464
"(0.9572737556561086, 0.996078431372549)",1,99.31102303849866,35465
"(0.9, 1.0)",1,99.31101491101492,35466
"(0.9763834422657952, 0.996078431372549)",1,99.31100986360296,35467
"(0.5, 1.0)",1,99.31096681096682,35468
"(0.992156862745098, 0.996078431372549)",1,99.31094518241257,35469
"(0.8375771604938271, 1.0)",1,99.31086458236248,35470
"(0.8562394622920938, 0.996078431372549)",1,99.310837700598,35471
"(0.8904991948470209, 1.0)",1,99.3107844953501,35472
"(0.7840187590187591, 1.0)",1,99.31069364208832,35473
"(0.883580779054917, 1.0)",1,99.3106657658274,35474
"(0.9847494553376906, 0.996078431372549)",1,99.3106591946068,35475
"(0.9886710239651416, 0.996078431372549)",1,99.31062935633166,35476
"(0.8551296720061023, 1.0)",1,99.31048254701176,35477
"(0.8748472964943552, 0.996078431372549)",1,99.3104667782054,35478
"(0.9197362278244632, 0.996078431372549)",1,99.31041215062136,35479
"(0.9568181818181818, 0.996078431372549)",2,99.31041198882544,35481
"(0.883580779054917, 1.0)",1,99.3104032645264,35482
"(0.9172932330827066, 0.9841269841269842)",1,99.3103804196482,35483
"(0.9358798064680418, 0.996078431372549)",1,99.31033662960158,35484
"(0.9764161220043572, 0.996078431372549)",1,99.31033309475475,35485
"(0.9333333333333332, 1.0)",1,99.31031677076908,35486
"(0.8915343915343915, 1.0)",1,99.31028762903765,35487
"(0.958531746031746, 1.0)",1,99.31015211640212,35488
"(0.9135802469135802, 1.0)",1,99.3101319710515,35489
"(0.9807902108211706, 0.996078431372549)",1,99.31012764440032,35490
"(0.9168115942028986, 0.996078431372549)",2,99.31012461531802,35492
"(0.980582788671024, 0.996078431372549)",1,99.310119429924,35493
"(0.9407729468599032, 1.0)",1,99.31011725407797,35494
"(0.8627450980392157, 1.0)",1,99.31008135244562,35495
"(0.9777089783281734, 0.996078431372549)",1,99.31004063976113,35496
"(0.875, 1.0)",1,99.30999555289836,35497
"(0.9466013071895424, 0.996078431372549)",2,99.30999389814428,35499
"(0.8520449077786689, 1.0)",1,99.30991819733448,35500
"(0.9333333333333332, 1.0)",1,99.30987654320988,35501
"(0.8627450980392157, 1.0)",1,99.30976134344256,35502
"(0.8527777777777779, 1.0)",1,99.30975426862231,35503
"(0.9427450980392156, 0.996078431372549)",1,99.30975280596049,35504
"(0.9491329966329968, 0.996078431372549)",1,99.30970791506418,35505
"(0.984504357298475, 0.996078431372549)",1,99.30962463347925,35506
"(0.9894736842105264, 0.996078431372549)",1,99.3096063279115,35507
"(0.9572737556561086, 0.996078431372549)",1,99.3095902725401,35508
"(0.9813854489164088, 0.996078431372549)",1,99.3095796140407,35509
"(0.9318498265866688, 0.996078431372549)",1,99.30957335839771,35510
"(0.9886710239651416, 0.996078431372549)",1,99.3095718057414,35511
"(0.8345959595959597, 1.0)",1,99.30957153957154,35512
"(0.9727777777777776, 1.0)",1,99.30955434184824,35513
"(0.9651330532212884, 0.996078431372549)",1,99.30947593981084,35514
"(0.7782392026578072, 1.0)",1,99.30945809514492,35515
"(0.984504357298475, 0.996078431372549)",1,99.30945081807334,35516
"(0.9738562091503268, 0.996078431372549)",1,99.30935942798196,35517
"(0.95536349042541, 0.996078431372549)",1,99.30933271505344,35518
"(0.9841269841269842, 1.0)",1,99.30931095533428,35519
"(0.9731377053745476, 0.996078431372549)",1,99.3093058626962,35520
"(0.9272424525365702, 0.996078431372549)",1,99.30930328271675,35521
"(0.8439484126984128, 1.0)",1,99.30928511303512,35522
"(0.9641868969810148, 0.996078431372549)",1,99.30928415347856,35523
"(0.9696969696969696, 1.0)",1,99.3092722092722,35524
"(0.978144708175668, 0.996078431372549)",2,99.30925384614258,35526
"(0.9351326548694968, 0.996078431372549)",1,99.30922188476458,35527
"(0.9881481481481482, 0.996078431372549)",1,99.30922158337034,35528
"(0.9568181818181818, 0.996078431372549)",1,99.30922016866312,35529
"(0.8571428571428572, 1.0)",1,99.30920813232026,35530
"(0.9925925925925926, 0.996078431372549)",1,99.3091920886448,35531
"(0.8547544409613373, 1.0)",1,99.30916205395096,35532
"(0.9855521155830752, 0.996078431372549)",1,99.30913007274286,35533
"(0.9320397146712937, 0.996078431372549)",1,99.3090549652162,35534
"(0.9602089783281734, 0.996078431372549)",1,99.30904642828814,35535
"(0.7460317460317459, 1.0)",1,99.3089568040655,35536
"(0.95536349042541, 0.996078431372549)",1,99.30895137005702,35537
"(0.9886710239651416, 0.996078431372549)",1,99.30886278291014,35538
"(0.9691305469556244, 0.996078431372549)",1,99.30885817169896,35539
"(0.8138881768037778, 0.996078431372549)",2,99.30884661046989,35541
"(0.8750600325600326, 1.0)",1,99.30884037503829,35542
"(0.965272331154684, 0.996078431372549)",1,99.30879346672008,35543
"(0.8013468013468013, 1.0)",1,99.30878179426276,35544
"(0.8112491373360938, 1.0)",1,99.30878149055953,35545
"(0.9333333333333332, 1.0)",1,99.3085894546128,35546
"(1.0, 1.0)",1,99.3085680459956,35547
"(0.9662707390648568, 0.996078431372549)",2,99.30854640727784,35549
"(0.8118358743358743, 1.0)",1,99.30844149094148,35550
"(0.9171090534979424, 1.0)",1,99.30843827178369,35551
"(0.8888888888888888, 1.0)",1,99.30843371604244,35552
"(0.9292181620122796, 0.996078431372549)",1,99.30840717446776,35553
"(0.9224211423699916, 1.0)",1,99.30839614428704,35554
"(0.992156862745098, 0.996078431372549)",1,99.30838206627698,35555
"(0.9754435107376284, 0.996078431372549)",1,99.30837758496772,35556
"(0.9764161220043572, 0.996078431372549)",1,99.30833668395604,35557
"(0.8589726631393297, 1.0)",1,99.3082671957672,35558
"(0.992156862745098, 0.996078431372549)",1,99.30823758354806,35559
"(0.833064949006978, 1.0)",1,99.30823422417627,35560
"(0.9351326548694968, 0.996078431372549)",1,99.30820911426332,35561
"(0.9023569023569024, 1.0)",1,99.30819270398216,35562
"(0.6403503049675462, 1.0)",1,99.30818745407365,35563
"(0.896551724137931, 1.0)",1,99.30815544608647,35564
"(0.8705805822084891, 1.0)",1,99.30810343832002,35565
"(0.9894736842105264, 0.996078431372549)",1,99.30808588464636,35566
"(0.9847494553376906, 0.996078431372549)",1,99.3079819055602,35567
"(0.9047619047619048, 1.0)",1,99.3079701907288,35568
"(0.992156862745098, 0.996078431372549)",1,99.30792555810228,35569
"(0.9248591174906964, 0.996078431372549)",1,99.30790901669924,35570
"(0.9925925925925926, 0.996078431372549)",1,99.30789168405292,35571
"(0.8740392648287385, 1.0)",1,99.3078807957914,35572
"(1.0, 0.996078431372549)",1,99.30783078601723,35573
"(0.958531746031746, 1.0)",1,99.30778320117834,35574
"(0.8502976190476191, 1.0)",1,99.30769504334722,35575
"(1.0, 1.0)",1,99.3076420902508,35576
"(0.9841269841269842, 1.0)",1,99.30762037868956,35577
"(0.7951640211640213, 0.996078431372549)",1,99.30758076563984,35578
"(0.980582788671024, 0.996078431372549)",1,99.30749916291737,35579
"(0.9135802469135802, 1.0)",1,99.30746387268128,35580
"(0.9841269841269842, 1.0)",1,99.30744810744812,35581
"(0.980582788671024, 0.996078431372549)",1,99.30743625138945,35582
"(0.8803174603174604, 1.0)",1,99.30741800336006,35583
"(0.9740143369175628, 1.0)",2,99.30732073925752,35585
"(0.9886710239651416, 0.996078431372549)",1,99.30728088790028,35586
"(0.965272331154684, 0.996078431372549)",1,99.3071846691895,35587
"(0.8586378737541528, 1.0)",1,99.30717990402482,35588
"(0.8518518518518519, 1.0)",1,99.30717183475804,35589
"(0.9590970891280488, 0.996078431372549)",1,99.30715716376234,35590
"(0.9023569023569024, 1.0)",1,99.3071348404682,35591
"(0.8817204301075269, 1.0)",1,99.30711725550437,35592
"(0.909209656084656, 1.0)",1,99.30704717101897,35593
"(1.0, 1.0)",2,99.30703013461634,35595
"(0.9351258309591644, 1.0)",2,99.30700141356056,35597
"(0.8817204301075269, 1.0)",2,99.30694242629728,35599
"(0.9018073680369506, 0.996078431372549)",1,99.30689661442742,35600
"(0.9135802469135802, 1.0)",1,99.30679814013148,35601
"(0.8888888888888888, 1.0)",1,99.3067926225821,35602
"(1.0, 0.996078431372549)",1,99.3067645673902,35603
"(0.9018073680369506, 0.996078431372549)",1,99.3067314448518,35604
"(0.5951421188630491, 1.0)",1,99.30673008769776,35605
"(0.9192251461988304, 0.996078431372549)",1,99.3066183421756,35606
"(0.9768191721132896, 0.996078431372549)",1,99.30660633684636,35607
"(0.9691305469556244, 0.996078431372549)",1,99.30651153565948,35608
"(0.8675136116152449, 1.0)",1,99.30647418152046,35609
"(0.9816305469556244, 0.996078431372549)",1,99.30645519382446,35610
"(0.8750600325600326, 1.0)",1,99.30643349833576,35611
"(0.896551724137931, 1.0)",1,99.3064322692134,35612
"(0.9318498265866688, 0.996078431372549)",1,99.30640365396582,35613
"(0.8125, 1.0)",1,99.30639952921965,35614
"(0.740829346092504, 1.0)",1,99.30636658662974,35615
"(0.8832772166105499, 1.0)",1,99.30635413968749,35616
"(0.8888888888888888, 1.0)",2,99.3063492063492,35618
"(0.9541729732828804, 0.996078431372549)",1,99.30629646840968,35619
"(0.919047619047619, 1.0)",1,99.3062757220652,35620
"(0.8977777777777779, 0.9841269841269842)",1,99.3062644300145,35621
"(0.9764161220043572, 0.996078431372549)",1,99.30620671251565,35622
"(0.7200000000000001, 1.0)",1,99.30614097968936,35623
"(0.9047619047619048, 1.0)",1,99.30614061864064,35624
"(0.9224211423699916, 1.0)",2,99.30611522606412,35626
"(0.9047619047619048, 1.0)",1,99.30608082202284,35627
"(0.941889272578127, 0.996078431372549)",1,99.30608004331138,35628
"(0.8402777777777779, 1.0)",1,99.30607864357864,35629
"(0.9769410044719642, 0.996078431372549)",1,99.3060093724411,35630
"(0.9882352941176472, 0.996078431372549)",1,99.30598398849196,35631
"(0.9754435107376284, 0.996078431372549)",1,99.30595872074136,35632
"(0.8817204301075269, 1.0)",1,99.30592994379072,35633
"(0.9651330532212884, 0.996078431372549)",2,99.3059004445016,35635
"(0.9542592592592593, 0.996078431372549)",1,99.3058779750436,35636
"(0.9194577352472088, 1.0)",1,99.30587300714342,35637
"(0.8897707231040564, 1.0)",1,99.30582828253728,35638
"(0.8498168498168498, 1.0)",2,99.30581088262252,35640
"(0.9466013071895424, 0.996078431372549)",1,99.30581012853102,35641
"(0.8970659722222223, 1.0)",1,99.30580989636864,35642
"(0.8817204301075269, 1.0)",1,99.3056219347108,35643
"(0.9065438871473354, 1.0)",1,99.30558931859228,35644
"(0.9886710239651416, 0.996078431372549)",1,99.30552799838487,35645
"(0.9264176245210728, 1.0)",1,99.30549679786888,35646
"(0.9444444444444444, 1.0)",4,99.3054723054723,35650
"(0.8675136116152449, 1.0)",1,99.3054460495477,35651
"(0.9391865079365078, 1.0)",1,99.30543591696367,35652
"(0.9696969696969696, 1.0)",1,99.30543270543272,35653
"(0.9886710239651416, 0.996078431372549)",2,99.30541447200912,35655
"(0.8600268137987934, 1.0)",1,99.30532999019395,35656
"(0.9168115942028986, 0.996078431372549)",1,99.30528854638744,35657
"(0.9230769230769232, 1.0)",1,99.30522686542176,35658
"(0.9047619047619048, 1.0)",1,99.30514670514673,35659
"(0.8275809031622985, 1.0)",1,99.30510219427056,35660
"(0.8439484126984128, 1.0)",1,99.30509352976458,35661
"(0.9264176245210728, 1.0)",1,99.30508057165623,35662
"(0.8125, 1.0)",1,99.30495312930796,35663
"(0.8518518518518519, 0.9841269841269842)",1,99.30488679611494,35664
"(0.9726525054466232, 0.996078431372549)",1,99.30483266623018,35665
"(0.9803376906318084, 0.996078431372549)",1,99.30481742830048,35666
"(0.9881481481481482, 0.996078431372549)",1,99.30481325863695,35667
"(0.8958946706887884, 0.996078431372549)",1,99.3048026993275,35668
"(0.9289529914529916, 1.0)",1,99.30479510900176,35669
"(0.8448736477904788, 1.0)",1,99.3047790167845,35670
"(0.8864468864468864, 1.0)",1,99.30472286750398,35671
"(0.9358798064680418, 0.996078431372549)",1,99.30463795463815,35672
"(0.8589726631393297, 1.0)",1,99.30459104938272,35673
"(0.9230769230769232, 1.0)",1,99.30453121757468,35674
"(0.7200000000000001, 1.0)",1,99.30450888192269,35675
"(0.9135802469135802, 1.0)",1,99.30449981122024,35676
"(0.984504357298475, 0.996078431372549)",1,99.30448305478514,35677
"(0.740829346092504, 1.0)",1,99.304462805856,35678
"(0.9568181818181818, 0.996078431372549)",1,99.30445353952337,35679
"(0.9243650793650792, 1.0)",1,99.30444792090626,35680
"(0.8635440917107585, 0.996078431372549)",1,99.30442452702776,35681
"(0.7538126361655774, 1.0)",1,99.30436318671612,35682
"(0.9886710239651416, 0.996078431372549)",1,99.30431225731355,35683
"(0.9466013071895424, 0.996078431372549)",1,99.3042921268126,35684
"(0.875, 1.0)",1,99.30428188572738,35685
"(0.9807902108211706, 0.996078431372549)",2,99.30423038061606,35687
"(0.9333333333333332, 0.9841269841269842)",1,99.30418470418476,35688
"(0.8319664902998236, 1.0)",1,99.30416658493476,35689
"(0.8571428571428572, 1.0)",1,99.30413826330842,35690
"(0.8970659722222223, 1.0)",1,99.304127232348,35691
"(0.8067271451483561, 1.0)",1,99.30409188780504,35692
"(0.9292181620122796, 0.996078431372549)",2,99.30407900693528,35694
"(0.976661220043573, 0.996078431372549)",1,99.30404267943828,35695
"(0.9803921568627452, 0.996078431372549)",1,99.30403533817508,35696
"(0.8521317829457364, 1.0)",1,99.30402559487932,35697
"(0.6403503049675462, 1.0)",1,99.30382000287548,35698
"(0.914421596921597, 0.996078431372549)",1,99.30380154188228,35699
"(0.7982954545454546, 1.0)",1,99.30377747252749,35700
"(0.9342814048696402, 0.996078431372549)",1,99.30376454900473,35701
"(0.9886710239651416, 0.996078431372549)",1,99.30368919923124,35702
"(0.9568181818181818, 0.996078431372549)",1,99.30366171295762,35703
"(0.896551724137931, 1.0)",1,99.30362243120864,35704
"(0.8487103174603176, 1.0)",1,99.30361227824464,35705
"(0.9788235294117646, 0.996078431372549)",1,99.30356208017288,35706
"(0.808641975308642, 1.0)",1,99.30354429521095,35707
"(0.8375771604938271, 1.0)",1,99.3035340859166,35708
"(0.9230769230769232, 1.0)",1,99.3034639608374,35709
"(0.978144708175668, 0.996078431372549)",1,99.30342819690364,35710
"(0.9333333333333332, 1.0)",1,99.3033859859947,35711
"(0.9803921568627452, 0.996078431372549)",1,99.30333646802713,35712
"(0.9272486772486772, 1.0)",1,99.30330398803696,35713
"(0.9851851851851852, 0.996078431372549)",1,99.30329312492074,35714
"(0.9879901960784314, 0.996078431372549)",1,99.30328954814264,35715
"(0.9803921568627452, 0.996078431372549)",1,99.30325681876528,35716
"(0.9230769230769232, 1.0)",2,99.30325092938786,35718
"(0.8845565382330088, 0.996078431372549)",1,99.30324779251272,35719
"(0.9261349042540992, 0.996078431372549)",2,99.30324163424032,35721
"(0.89, 1.0)",1,99.3032179946696,35722
"(0.8518518518518519, 1.0)",4,99.30317878578752,35726
"(0.8163854689162486, 1.0)",1,99.30317154480824,35727
"(0.9847494553376906, 0.996078431372549)",2,99.30313552672553,35729
"(0.6856760145918833, 1.0)",1,99.30312672026956,35730
"(0.9230769230769232, 1.0)",1,99.3031084857172,35731
"(0.9248366013071896, 1.0)",2,99.30309828215508,35733
"(0.9142520753512132, 1.0)",1,99.30308055307675,35734
"(0.7460317460317459, 0.9841269841269842)",1,99.30303030303035,35735
"(0.9851851851851852, 0.996078431372549)",1,99.30296152964124,35736
"(0.808641975308642, 1.0)",1,99.302945916981,35737
"(0.9851851851851852, 0.996078431372549)",1,99.30285739507325,35738
"(0.9697786951037723, 0.996078431372549)",1,99.30284968958368,35739
"(0.992156862745098, 0.996078431372549)",1,99.30281282528982,35740
"(1.0, 1.0)",1,99.3028083028083,35741
"(0.9466013071895424, 0.996078431372549)",2,99.30277607354256,35743
"(0.9697786951037723, 0.996078431372549)",2,99.30266601217852,35745
"(0.9802054154995332, 0.996078431372549)",1,99.30262216934268,35746
"(0.936026936026936, 0.9841269841269842)",1,99.30248179370992,35747
"(0.9018073680369506, 0.996078431372549)",1,99.30244978645892,35748
"(0.9851851851851852, 0.996078431372549)",1,99.30235526799792,35749
"(0.8867623604465709, 0.9841269841269842)",1,99.30234677603106,35750
"(0.7544006919006919, 1.0)",1,99.30233087296764,35751
"(0.9608220211161388, 0.996078431372549)",1,99.30229534569342,35752
"(0.9023569023569024, 1.0)",1,99.30227527102528,35753
"(0.89, 1.0)",1,99.30209976105138,35754
"(0.9886710239651416, 0.996078431372549)",1,99.30207704719338,35755
"(0.9272424525365702, 0.996078431372549)",1,99.30207215032058,35756
"(0.9401300133188678, 0.996078431372549)",1,99.30202979024207,35757
"(0.9023569023569024, 1.0)",1,99.30202438463309,35758
"(0.9644646747587924, 0.996078431372549)",1,99.30199050751511,35759
"(0.9333333333333332, 1.0)",1,99.30198654718778,35760
"(0.896551724137931, 1.0)",1,99.30197144837192,35761
"(0.8518518518518519, 1.0)",1,99.3019573019573,35762
"(0.9866666666666668, 0.996078431372549)",1,99.30195480531412,35763
"(0.9466207660652104, 1.0)",1,99.30194572120826,35764
"(0.896551724137931, 1.0)",1,99.30181554244524,35765
"(0.954722222222222, 0.996078431372549)",1,99.30178141253982,35766
"(0.9800599128540306, 0.996078431372549)",1,99.30175270693093,35767
"(0.9696969696969696, 1.0)",1,99.30170755170757,35768
"(0.7167919799498746, 1.0)",1,99.301687013232,35769
"(0.8571428571428572, 1.0)",1,99.3016302016302,35770
"(0.9568181818181818, 0.996078431372549)",1,99.30162212944744,35771
"(0.9866666666666668, 0.996078431372549)",1,99.30160284475323,35772
"(0.958531746031746, 1.0)",1,99.30153767679911,35773
"(0.984967320261438, 0.996078431372549)",1,99.3014746788115,35774
"(0.9803921568627452, 0.996078431372549)",1,99.30145223054689,35775
"(0.8686868686868687, 1.0)",2,99.30143498476832,35777
"(0.941156690746474, 0.996078431372549)",1,99.30140188434072,35778
"(0.8551296720061023, 1.0)",1,99.30128915376903,35779
"(0.8498168498168498, 1.0)",2,99.30128808389682,35781
"(0.8368686868686868, 1.0)",1,99.30127157180434,35782
"(0.9320397146712937, 0.996078431372549)",1,99.30124735870734,35783
"(0.9565217391304348, 1.0)",1,99.3012187088274,35784
"(0.8281746031746032, 1.0)",1,99.3011972980723,35785
"(0.9563713649711092, 0.996078431372549)",1,99.30118291738708,35786
"(0.8705805822084891, 1.0)",1,99.30116673780844,35787
"(0.8897707231040564, 1.0)",1,99.30114492855502,35788
"(0.9879901960784314, 0.996078431372549)",1,99.30101111669757,35789
"(0.9391865079365078, 1.0)",1,99.30100086620196,35790
"(0.8731060606060606, 1.0)",1,99.30097992503651,35791
"(0.9135802469135802, 1.0)",1,99.30093527259812,35792
"(0.954722222222222, 0.996078431372549)",1,99.30091017800014,35793
"(0.9573319772862108, 0.996078431372549)",1,99.30087634925904,35794
"(0.9230769230769232, 1.0)",2,99.3008547008547,35796
"(1.0, 0.996078431372549)",1,99.3008353399841,35797
"(0.909722222222222, 0.996078431372549)",1,99.3008061002181,35798
"(0.9333333333333332, 1.0)",1,99.3007711586659,35799
"(0.8520449077786689, 1.0)",1,99.30069749216425,35800
"(0.978144708175668, 0.996078431372549)",1,99.30068250692108,35801
"(0.9662707390648568, 0.996078431372549)",1,99.30062340251216,35802
"(1.0, 1.0)",1,99.30059212817834,35803
"(0.9925925925925926, 0.996078431372549)",1,99.30058298418427,35804
"(0.9172932330827066, 1.0)",1,99.30057044969324,35805
"(0.9399223139548216, 0.996078431372549)",2,99.30056202598011,35807
"(0.90934937783235, 0.996078431372549)",1,99.30054361846182,35808
"(0.9236094950800832, 0.996078431372549)",1,99.30047804047828,35809
"(0.9803376906318084, 0.996078431372549)",2,99.30040349669682,35811
"(0.950893246187364, 0.996078431372549)",1,99.30033047318568,35812
"(0.984313725490196, 0.996078431372549)",2,99.30029157861996,35814
"(0.9755757858699036, 0.996078431372549)",1,99.30024092449106,35815
"(0.8729166666666666, 1.0)",1,99.30022022841293,35816
"(0.984313725490196, 0.996078431372549)",1,99.30017219708412,35817
"(0.896551724137931, 1.0)",4,99.30013459113545,35821
"(0.984313725490196, 0.996078431372549)",1,99.3001064944498,35822
"(0.9391865079365078, 1.0)",1,99.30001576134114,35823
"(0.8893558268973552, 1.0)",2,99.29994523935372,35825
"(0.8138881768037778, 0.996078431372549)",1,99.29989035545326,35826
"(0.8309016086793863, 1.0)",1,99.2998565683288,35827
"(0.9803376906318084, 0.996078431372549)",1,99.29985579962992,35828
"(0.9342814048696402, 0.996078431372549)",1,99.29984298037726,35829
"(0.8791208791208792, 1.0)",1,99.2997557997558,35830
"(0.8586378737541528, 1.0)",2,99.29972736363044,35832
"(0.6156045751633987, 1.0)",1,99.29962790137422,35833
"(0.7167919799498746, 1.0)",1,99.29962378374942,35834
"(0.9135802469135802, 1.0)",1,99.29961315865027,35835
"(0.8729166666666666, 1.0)",1,99.29958091863334,35836
"(0.9037076648841356, 0.996078431372549)",1,99.29957769125748,35837
"(0.9753376906318084, 0.996078431372549)",1,99.29957480248817,35838
"(0.9740143369175628, 1.0)",1,99.29950777639766,35839
"(0.908120278414396, 0.996078431372549)",1,99.29944955584358,35840
"(0.9803921568627452, 0.996078431372549)",2,99.29943255846425,35842
"(0.8469839324618735, 1.0)",1,99.29923260971054,35843
"(0.865079365079365, 1.0)",1,99.29921695951109,35844
"(0.8705805822084891, 1.0)",1,99.299095481851,35845
"(0.9361896888751108, 0.996078431372549)",1,99.29908929901168,35846
"(0.9023569023569024, 1.0)",1,99.29907129907131,35847
"(0.9591269841269842, 0.996078431372549)",1,99.29907108457432,35848
"(0.978144708175668, 0.996078431372549)",1,99.2989569839634,35849
"(0.9886710239651416, 0.996078431372549)",1,99.29894743898484,35850
"(0.9916666666666668, 0.996078431372549)",1,99.29893446852442,35851
"(0.875, 1.0)",1,99.2988373712058,35852
"(0.8635440917107585, 0.996078431372549)",1,99.2988226920909,35853
"(0.8858975827700768, 1.0)",1,99.29864076584366,35854
"(0.8264567669172932, 1.0)",1,99.29856534508468,35855
"(0.9579248366013072, 0.996078431372549)",1,99.29854211066714,35856
"(0.9886710239651416, 0.996078431372549)",1,99.29852067164676,35857
"(0.978144708175668, 0.996078431372549)",1,99.2984472314944,35858
"(0.9769410044719642, 0.996078431372549)",1,99.29823956859585,35859
"(0.8635440917107585, 0.996078431372549)",1,99.29816312518297,35860
"(0.7782392026578072, 1.0)",1,99.29807446436706,35861
"(0.914421596921597, 0.996078431372549)",1,99.2980344762552,35862
"(0.9879901960784314, 0.996078431372549)",1,99.29798218878804,35863
"(0.8817204301075269, 1.0)",1,99.29794245098071,35864
"(0.8817204301075269, 1.0)",1,99.29792562169304,35865
"(0.9894736842105264, 0.996078431372549)",1,99.29780702722368,35866
"(0.9087026014109348, 1.0)",1,99.29778269816556,35867
"(0.896551724137931, 1.0)",1,99.29773033535888,35868
"(0.8571428571428572, 1.0)",1,99.29762889440308,35869
"(0.9754901960784312, 0.996078431372549)",1,99.29752286784812,35870
"(0.8897707231040564, 1.0)",2,99.29748720817562,35872
"(0.9135802469135802, 1.0)",1,99.29741863075198,35873
"(0.8832772166105499, 1.0)",1,99.29741863075196,35874
"(0.9411376480416728, 0.996078431372549)",1,99.29739875833398,35875
"(0.9339072354087834, 0.996078431372549)",1,99.29739382593122,35876
"(1.0, 1.0)",1,99.2973825557159,35877
"(0.8129898303922073, 1.0)",1,99.29732842806246,35878
"(1.0, 1.0)",1,99.29732226808862,35879
"(0.9196467236467236, 0.996078431372549)",1,99.29722308609436,35880
"(0.875, 1.0)",1,99.29713736880404,35881
"(0.9855521155830752, 0.996078431372549)",1,99.29709251718444,35882
"(0.9660130718954248, 0.996078431372549)",1,99.29694002603314,35883
"(0.9427450980392156, 0.996078431372549)",1,99.29693932365748,35884
"(0.9816305469556244, 0.996078431372549)",1,99.29687507166628,35885
"(0.865079365079365, 1.0)",2,99.29671654510364,35887
"(0.996078431372549, 0.996078431372549)",1,99.2967024423806,35888
"(0.9192251461988304, 0.996078431372549)",1,99.296672436277,35889
"(0.9047619047619048, 1.0)",1,99.2966030212407,35890
"(0.6275876749507744, 1.0)",1,99.29658938717168,35891
"(0.9886710239651416, 0.996078431372549)",1,99.2965476230198,35892
"(0.9565217391304348, 1.0)",1,99.29653603933966,35893
"(0.9491329966329968, 0.996078431372549)",1,99.29645428187249,35894
"(0.9138847117794486, 0.996078431372549)",1,99.29638448062327,35895
"(0.9351326548694968, 0.996078431372549)",1,99.29637886722942,35896
"(0.8888888888888888, 1.0)",1,99.29632944216276,35897
"(0.9565217391304348, 1.0)",1,99.2963206948714,35898
"(0.8425595238095238, 1.0)",1,99.2963005283294,35899
"(0.984313725490196, 0.996078431372549)",1,99.29621591469972,35900
"(0.8888888888888888, 1.0)",2,99.2960927960928,35902
"(0.9230769230769232, 1.0)",1,99.2960927960928,35903
"(0.875, 1.0)",1,99.2960804789752,35904
"(0.992156862745098, 0.996078431372549)",1,99.29606156814812,35905
"(1.0, 1.0)",1,99.29586495375968,35906
"(0.9886710239651416, 0.996078431372549)",1,99.29575384523612,35907
"(0.8872324192835029, 0.996078431372549)",1,99.29572255309856,35908
"(0.9807902108211706, 0.996078431372549)",1,99.29563413907223,35909
"(0.9289529914529916, 1.0)",1,99.295629307699,35910
"(0.8867623604465709, 1.0)",1,99.29561003451168,35911
"(0.9427450980392156, 0.996078431372549)",1,99.29560158566365,35912
"(0.9807902108211706, 0.996078431372549)",1,99.29557672817825,35913
"(0.9523809523809524, 1.0)",2,99.29556216931218,35915
"(0.9302579365079364, 1.0)",1,99.29556193493528,35916
"(0.7705882352941177, 1.0)",1,99.29554777466542,35917
"(0.740829346092504, 1.0)",1,99.29554648080963,35918
"(0.8571024784182679, 0.996078431372549)",1,99.29549518478336,35919
"(0.8600272232304901, 1.0)",2,99.29548240396868,35921
"(0.8952380952380952, 1.0)",1,99.29546108967234,35922
"(0.9811403508771928, 0.996078431372549)",1,99.29542200950704,35923
"(0.8748472964943552, 0.996078431372549)",1,99.2954131719676,35924
"(0.8332521117608837, 1.0)",1,99.29538201444784,35925
"(0.9444444444444444, 1.0)",1,99.2953797953798,35926
"(0.919047619047619, 1.0)",1,99.29537728129684,35927
"(0.8952380952380952, 1.0)",1,99.29536849707976,35928
"(0.896551724137931, 1.0)",1,99.29534230553722,35929
"(1.0, 1.0)",1,99.2953006770211,35930
"(0.9230769230769232, 1.0)",1,99.29530030102116,35931
"(0.9344643144952745, 0.996078431372549)",1,99.2952646132602,35932
"(0.8109668109668109, 1.0)",1,99.29524302857637,35933
"(0.9023569023569024, 1.0)",1,99.29521404521404,35934
"(0.9803921568627452, 0.996078431372549)",1,99.2951989860274,35935
"(0.9407679738562092, 1.0)",1,99.29517624895075,35936
"(0.936026936026936, 1.0)",1,99.29516211110416,35937
"(0.9306746031746032, 1.0)",1,99.29515200334644,35938
"(0.984313725490196, 0.996078431372549)",1,99.29513771712624,35939
"(0.8, 1.0)",1,99.29513568868408,35940
"(0.9841269841269842, 1.0)",1,99.2950937950938,35941
"(0.9696969696969696, 1.0)",1,99.2950937950938,35942
"(0.5, 1.0)",1,99.2950937950938,35943
"(0.9841269841269842, 1.0)",1,99.2950937950938,35944
"(1.0, 1.0)",4,99.2950937950938,35948
"(0.896551724137931, 1.0)",1,99.29504202102645,35949
"(0.9224211423699916, 1.0)",1,99.29500829756586,35950
"(0.9224211423699916, 1.0)",2,99.29497846159398,35952
"(0.9728641456582634, 0.996078431372549)",2,99.29497692910252,35954
"(0.8309016086793863, 1.0)",1,99.29496917356217,35955
"(0.9886710239651416, 0.996078431372549)",1,99.29496567473372,35956
"(0.978144708175668, 0.996078431372549)",1,99.29495843366604,35957
"(0.97718610251118, 0.996078431372549)",1,99.29495356037148,35958
"(0.6403503049675462, 1.0)",1,99.2949409117257,35959
"(0.9604470735662686, 0.996078431372549)",1,99.29492630864172,35960
"(0.8791208791208792, 1.0)",1,99.29491896681148,35961
"(0.8904991948470209, 1.0)",1,99.2949114794771,35962
"(0.984313725490196, 0.996078431372549)",1,99.29484573046513,35963
"(0.883580779054917, 1.0)",1,99.29484278281691,35964
"(0.8864468864468864, 0.9841269841269842)",1,99.29481629481636,35965
"(0.922050500014663, 1.0)",1,99.29479335094446,35966
"(0.9842592592592592, 0.996078431372549)",1,99.29476959806198,35967
"(0.914421596921597, 0.996078431372549)",1,99.29469450140525,35968
"(0.9466013071895424, 0.996078431372549)",1,99.29463470590396,35969
"(0.9444444444444444, 1.0)",2,99.29461279461285,35971
"(0.9411376480416728, 0.996078431372549)",2,99.2946084462495,35973
"(0.865079365079365, 1.0)",1,99.29457998347053,35974
"(0.8771929824561403, 1.0)",1,99.2945628947413,35975
"(0.8611111111111112, 1.0)",1,99.29455453240176,35976
"(0.9243650793650792, 1.0)",1,99.29451506720184,35977
"(0.9803921568627452, 0.996078431372549)",1,99.2945057316267,35978
"(0.7081939799331105, 1.0)",1,99.29450201031372,35979
"(0.9759803921568628, 0.996078431372549)",1,99.29449357052783,35980
"(0.96687615217027, 0.996078431372549)",1,99.2944861348178,35981
"(0.9318498265866688, 0.996078431372549)",1,99.29448574645188,35982
"(0.9696969696969696, 1.0)",1,99.29439354581784,35983
"(0.9769410044719642, 0.996078431372549)",1,99.2943641182708,35984
"(0.89, 1.0)",1,99.2943580757228,35985
"(0.9696969696969696, 0.9841269841269842)",2,99.29423373473723,35987
"(0.9047619047619048, 1.0)",1,99.29423289888406,35988
"(0.9665319865319866, 0.996078431372549)",1,99.2941993985262,35989
"(0.96687615217027, 0.996078431372549)",1,99.2941472301923,35990
"(0.9894736842105264, 0.996078431372549)",1,99.29412894163532,35991
"(0.7400546757164405, 1.0)",1,99.29412033228208,35992
"(0.6403503049675462, 1.0)",1,99.29405585161572,35993
"(0.9135802469135802, 1.0)",1,99.29400488053514,35994
"(1.0, 1.0)",1,99.2939367939368,35995
"(0.875, 1.0)",2,99.29390331890336,35997
"(0.992156862745098, 0.996078431372549)",1,99.29382864378928,35998
"(0.8888888888888888, 1.0)",1,99.29381332118174,35999
"(0.9691305469556244, 0.996078431372549)",1,99.2937755963124,36000
"(0.9803376906318084, 0.996078431372549)",1,99.29376314088412,36001
"(0.9213117283950616, 1.0)",1,99.29373520919977,36002
"(0.7765567765567766, 1.0)",1,99.2937284937285,36003
"(0.9236094950800832, 0.996078431372549)",1,99.29361407856014,36004
"(0.9800599128540306, 0.996078431372549)",2,99.29361213491268,36006
"(0.9662707390648568, 0.996078431372549)",1,99.2936037718148,36007
"(0.9272424525365702, 0.996078431372549)",1,99.29360217487692,36008
"(0.9755757858699036, 0.996078431372549)",2,99.29353823366814,36010
"(1.0, 1.0)",1,99.29352265381678,36011
"(0.8750600325600326, 1.0)",1,99.29351560173993,36012
"(0.8468468468468467, 1.0)",1,99.29350807611677,36013
"(0.941156690746474, 0.996078431372549)",1,99.29348711946255,36014
"(0.9523809523809524, 1.0)",1,99.29344780539748,36015
"(0.992156862745098, 0.996078431372549)",1,99.2934347751307,36016
"(0.978144708175668, 0.996078431372549)",1,99.2933307092519,36017
"(0.9197362278244632, 0.996078431372549)",1,99.29327624617122,36018
"(0.984313725490196, 0.996078431372549)",1,99.29327451129328,36019
"(0.9272424525365702, 0.996078431372549)",2,99.2932439257539,36021
"(0.8705378705688304, 0.996078431372549)",1,99.2932422217261,36022
"(0.9785784313725492, 0.996078431372549)",1,99.29320866468724,36023
"(0.8201193520886615, 1.0)",1,99.29313522510456,36024
"(0.9641868969810148, 0.996078431372549)",1,99.2931020286905,36025
"(0.8350168350168351, 1.0)",1,99.2929747929748,36026
"(0.984313725490196, 0.996078431372549)",1,99.29294357456652,36027
"(0.977218782249742, 0.996078431372549)",1,99.2929177425604,36028
"(0.9327096052096052, 1.0)",1,99.29280398256245,36029
"(0.9851851851851852, 0.996078431372549)",1,99.29275007309344,36030
"(0.9104993386243384, 1.0)",1,99.29273299896144,36031
"(0.9666666666666668, 1.0)",1,99.29271852658655,36032
"(0.8893558268973552, 1.0)",1,99.29264381081389,36033
"(0.978144708175668, 0.996078431372549)",1,99.29260436243432,36034
"(0.8078308130291714, 1.0)",1,99.2925304164928,36035
"(0.992156862745098, 0.996078431372549)",1,99.29252813406087,36036
"(0.8053221288515406, 1.0)",1,99.29249259674285,36037
"(0.9882352941176472, 0.996078431372549)",1,99.29248467404732,36038
"(0.97718610251118, 0.996078431372549)",1,99.29246453519832,36039
"(0.9065438871473354, 1.0)",1,99.29240919734592,36040
"(0.875, 1.0)",1,99.2923724825899,36041
"(0.8312992626493769, 1.0)",1,99.29237224984507,36042
"(0.9879901960784314, 0.996078431372549)",1,99.29235212197376,36043
"(0.9358798064680418, 0.996078431372549)",2,99.2922727086584,36045
"(0.8375771604938271, 1.0)",1,99.29224666014989,36046
"(0.9696969696969696, 1.0)",1,99.2922077922078,36047
"(0.9159046606415028, 0.996078431372549)",1,99.292185710699,36048
"(0.9866666666666668, 0.996078431372549)",1,99.2921555932316,36049
"(0.9230769230769232, 1.0)",2,99.29209723166854,36051
"(0.8817204301075269, 1.0)",4,99.29206612306191,36055
"(0.9841269841269842, 1.0)",1,99.29206349206348,36056
"(0.9666666666666668, 1.0)",1,99.29206349206348,36057
"(0.8368686868686868, 1.0)",1,99.2920542301593,36058
"(0.9027274557165862, 1.0)",1,99.29205044753958,36059
"(0.8551296720061023, 1.0)",1,99.29202719159336,36060
"(1.0, 0.996078431372549)",1,99.2919830674926,36061
"(0.95406162464986, 0.996078431372549)",1,99.2919583240406,36062
"(0.9754435107376284, 0.996078431372549)",1,99.29195413518964,36063
"(0.8888888888888888, 1.0)",1,99.2919191919192,36064
"(0.9138847117794486, 0.996078431372549)",2,99.29188407723328,36066
"(0.8763636363636363, 1.0)",1,99.29188008448878,36067
"(0.9803376906318084, 0.996078431372549)",1,99.291873941508,36068
"(0.919047619047619, 1.0)",1,99.29185523279727,36069
"(0.9840686274509804, 0.996078431372549)",1,99.29183760000616,36070
"(0.9704901960784316, 0.996078431372549)",1,99.2918299760097,36071
"(0.8368686868686868, 1.0)",1,99.29180402933284,36072
"(0.8729166666666666, 1.0)",1,99.29173433048432,36073
"(0.9509482401656316, 0.996078431372549)",1,99.29165518801668,36074
"(0.8368686868686868, 1.0)",1,99.29161559124594,36075
"(0.9386724386724388, 1.0)",1,99.29160021265284,36076
"(0.9886710239651416, 0.996078431372549)",1,99.29151150974188,36077
"(0.9435178632856652, 0.996078431372549)",1,99.29149286457788,36078
"(0.9292181620122796, 0.996078431372549)",1,99.29144216448486,36079
"(0.9841269841269842, 1.0)",1,99.2914307914308,36080
"(0.7869981325863679, 1.0)",1,99.29142725828268,36081
"(1.0, 1.0)",2,99.29129129129127,36083
"(0.8468468468468467, 1.0)",1,99.29129129129127,36084
"(0.936026936026936, 1.0)",1,99.2912399988262,36085
"(0.9135802469135802, 1.0)",2,99.291206452126,36087
"(0.8376068376068376, 1.0)",1,99.2911798346581,36088
"(0.9302579365079364, 1.0)",1,99.29115353525076,36089
"(0.9399138116785176, 0.996078431372549)",1,99.29113930187482,36090
"(0.9047619047619048, 1.0)",1,99.29105829570946,36091
"(0.9037076648841356, 0.996078431372549)",1,99.2910533201564,36092
"(0.9827450980392156, 0.996078431372549)",1,99.29103541310212,36093
"(0.8469839324618735, 1.0)",1,99.29098288424385,36094
"(0.9261349042540992, 0.996078431372549)",1,99.29095153957408,36095
"(0.9894736842105264, 0.996078431372549)",1,99.29094639418328,36096
"(0.9591269841269842, 0.996078431372549)",1,99.2909282601932,36097
"(0.9847494553376906, 0.996078431372549)",1,99.2909015220634,36098
"(0.9172932330827066, 1.0)",1,99.290874157362,36099
"(0.9674603174603176, 1.0)",1,99.2908494886756,36100
"(0.896551724137931, 1.0)",1,99.29078390097882,36101
"(0.9445350241545892, 1.0)",1,99.29074171231356,36102
"(0.9667927989909412, 0.996078431372549)",1,99.29073618517796,36103
"(0.8112794612794614, 1.0)",1,99.29066279036869,36104
"(0.89, 1.0)",1,99.29065825751309,36105
"(0.9320397146712937, 0.996078431372549)",2,99.29063900363086,36107
"(0.8817204301075269, 1.0)",1,99.29062423755325,36108
"(0.7765567765567766, 1.0)",1,99.29061971167236,36109
"(0.7081939799331105, 1.0)",1,99.2905774266648,36110
"(0.9691305469556244, 0.996078431372549)",1,99.29057385797348,36111
"(0.7975164658278694, 1.0)",1,99.29055521543364,36112
"(0.8067271451483561, 1.0)",1,99.29050666766793,36113
"(0.9808278867102396, 0.996078431372549)",1,99.2904863694959,36114
"(0.8888888888888888, 1.0)",2,99.2904761904762,36116
"(0.9019607843137254, 1.0)",1,99.29044538476404,36117
"(0.9803050108932462, 0.996078431372549)",1,99.29043191185627,36118
"(0.4814814814814815, 1.0)",1,99.29038916736286,36119
"(0.8893558268973552, 1.0)",1,99.29034653353328,36120
"(0.9886710239651416, 0.996078431372549)",1,99.29031236887842,36121
"(0.9135802469135802, 1.0)",1,99.2902501719706,36122
"(0.879008834302952, 0.996078431372549)",1,99.2902457811892,36123
"(0.9192251461988304, 0.996078431372549)",1,99.29020400823828,36124
"(1.0, 1.0)",1,99.290156220591,36125
"(0.9465330149153678, 0.996078431372549)",1,99.2900502532008,36126
"(0.976851851851852, 0.996078431372549)",1,99.29001199984836,36127
"(0.7982954545454546, 1.0)",1,99.2899792940554,36128
"(0.9731377053745476, 0.996078431372549)",2,99.2898960672498,36130
"(0.8468468468468467, 1.0)",1,99.28986416924704,36131
"(0.89, 1.0)",1,99.28979206874368,36132
"(0.7650293586269196, 1.0)",1,99.28975410832588,36133
"(0.8266666666666667, 1.0)",1,99.28970578803911,36134
"(0.9641868969810148, 0.996078431372549)",1,99.2896996113433,36135
"(0.8520449077786689, 1.0)",1,99.28968540696926,36136
"(0.9047619047619048, 1.0)",1,99.28968253968252,36137
"(0.8469839324618735, 1.0)",1,99.28965505259129,36138
"(0.8991666666666667, 1.0)",1,99.28962065712064,36139
"(0.958531746031746, 1.0)",1,99.28959984611129,36140
"(0.9230769230769232, 1.0)",1,99.2895992895994,36141
"(0.9230769230769232, 1.0)",1,99.28959928959937,36142
"(0.900854700854701, 1.0)",1,99.28955241713862,36143
"(0.896551724137931, 1.0)",1,99.28948057355488,36144
"(0.9847494553376906, 0.996078431372549)",1,99.28947226631595,36145
"(0.9197362278244632, 0.996078431372549)",1,99.289425343457,36146
"(0.9351326548694968, 0.996078431372549)",1,99.28939664893092,36147
"(0.9696969696969696, 1.0)",2,99.28936833775543,36149
"(0.984313725490196, 0.996078431372549)",1,99.28933060129744,36150
"(0.9427450980392156, 0.996078431372549)",1,99.28932162923672,36151
"(0.8125, 1.0)",1,99.28931811452398,36152
"(0.8, 1.0)",1,99.28925699982818,36153
"(0.7081939799331105, 1.0)",1,99.28922216471128,36154
"(0.9886710239651416, 1.0)",1,99.28917485319262,36155
"(0.9688764394646748, 0.996078431372549)",1,99.28909052157438,36156
"(0.9641868969810148, 0.996078431372549)",1,99.2890819778206,36157
"(0.8858975827700768, 1.0)",1,99.2890681981742,36158
"(0.954722222222222, 0.996078431372549)",1,99.28870571035456,36159
"(1.0, 1.0)",1,99.28869338546758,36160
"(0.988425925925926, 0.996078431372549)",1,99.28865111138248,36161
"(0.984313725490196, 0.996078431372549)",1,99.28861356823444,36162
"(0.996078431372549, 0.996078431372549)",2,99.28860522807724,36164
"(0.841554780802611, 1.0)",1,99.28859344764152,36165
"(0.9351326548694968, 0.996078431372549)",1,99.28858708698576,36166
"(0.9697786951037723, 0.996078431372549)",1,99.28851893108268,36167
"(0.9602089783281734, 0.996078431372549)",1,99.28851654967002,36168
"(0.8275809031622985, 1.0)",1,99.28848380140217,36169
"(0.8550741594067247, 1.0)",2,99.28841570866912,36171
"(0.9813854489164088, 0.996078431372549)",1,99.28828188442252,36172
"(0.9811403508771928, 0.996078431372549)",1,99.28823844742584,36173
"(0.9803921568627452, 0.996078431372549)",1,99.28822748802646,36174
"(0.9726525054466232, 0.996078431372549)",1,99.28821348901091,36175
"(0.7081939799331105, 1.0)",1,99.28816698598833,36176
"(0.9755757858699036, 0.996078431372549)",1,99.28814553077784,36177
"(0.9728641456582634, 0.996078431372549)",1,99.28811664245428,36178
"(0.9707143676183924, 0.996078431372549)",1,99.2880897676457,36179
"(0.8832772166105499, 1.0)",1,99.28803912137246,36180
"(0.8415692007797271, 1.0)",1,99.28800082471136,36181
"(0.9047619047619048, 1.0)",1,99.28799270904534,36182
"(0.8867623604465709, 1.0)",1,99.2879664195454,36183
"(0.9754435107376284, 0.992156862745098)",1,99.28796529723012,36184
"(0.954722222222222, 0.996078431372549)",1,99.28795184219834,36185
"(0.8867623604465709, 1.0)",1,99.287916761601,36186
"(0.9224211423699916, 1.0)",1,99.2879070172784,36187
"(0.9230769230769232, 1.0)",1,99.28788261546882,36188
"(0.9023569023569024, 1.0)",1,99.28776130566412,36189
"(0.8547544409613373, 1.0)",1,99.28771133913564,36190
"(0.8417927170868348, 0.996078431372549)",1,99.2876865267182,36191
"(0.9674603174603176, 1.0)",1,99.28766233766234,36192
"(0.9466207660652104, 1.0)",1,99.28766179269093,36193
"(0.940967320261438, 0.996078431372549)",1,99.2875760513525,36194
"(0.9841269841269842, 1.0)",1,99.28749557010428,36195
"(0.8129629629629629, 1.0)",1,99.28749026961589,36196
"(0.7971704623878537, 0.996078431372549)",1,99.28741212045485,36197
"(0.9172932330827066, 1.0)",1,99.28739521912672,36198
"(0.9847494553376906, 0.996078431372549)",1,99.28733975461547,36199
"(0.8468468468468467, 1.0)",1,99.28731521178926,36200
"(0.8258037694013303, 1.0)",1,99.28731202949382,36201
"(0.9135802469135802, 1.0)",2,99.28730976401876,36203
"(0.8977777777777779, 1.0)",2,99.28728151075975,36205
"(0.9168115942028986, 0.996078431372549)",1,99.28718098172422,36206
"(0.9280112044817928, 0.996078431372549)",1,99.28717089440796,36207
"(0.8571428571428572, 1.0)",1,99.28715728715734,36208
"(0.9925925925925926, 0.996078431372549)",1,99.28707175693268,36209
"(0.8402777777777779, 1.0)",1,99.2870470578804,36210
"(0.8518518518518519, 1.0)",1,99.28702720281667,36211
"(0.9168478260869564, 1.0)",1,99.28696777341273,36212
"(0.984504357298475, 0.996078431372549)",1,99.286937731869,36213
"(0.9696969696969696, 1.0)",1,99.28688890283092,36214
"(0.896551724137931, 1.0)",1,99.2868507039106,36215
"(0.9248591174906964, 0.996078431372549)",1,99.2867754908779,36216
"(0.9816305469556244, 0.996078431372549)",1,99.28676409516278,36217
"(0.9579248366013072, 0.996078431372549)",1,99.28669025881528,36218
"(0.9318498265866688, 0.996078431372549)",1,99.28664260919696,36219
"(0.9755757858699036, 0.996078431372549)",1,99.2866418352318,36220
"(0.8635440917107585, 0.996078431372549)",1,99.28656873471928,36221
"(0.9609224859534458, 0.996078431372549)",1,99.28655420488246,36222
"(0.9542023172905526, 0.996078431372549)",1,99.28649314470276,36223
"(0.8867623604465709, 0.9841269841269842)",1,99.28647376015806,36224
"(0.8138881768037778, 0.996078431372549)",1,99.2864683199724,36225
"(0.9841269841269842, 1.0)",1,99.28645181978516,36226
"(0.9399138116785176, 0.996078431372549)",2,99.2864073330639,36228
"(0.9491329966329968, 0.996078431372549)",1,99.2864072875298,36229
"(0.9444444444444444, 1.0)",1,99.28640679660175,36230
"(0.8666666666666667, 1.0)",1,99.28635601256568,36231
"(0.90934937783235, 0.996078431372549)",1,99.28631560132358,36232
"(0.954722222222222, 0.996078431372549)",2,99.28630329909758,36234
"(0.9602089783281734, 0.996078431372549)",1,99.2862080891347,36235
"(0.965272331154684, 0.996078431372549)",1,99.28616929578864,36236
"(0.957490630284748, 0.996078431372549)",2,99.28616709162588,36238
"(0.8078308130291714, 1.0)",1,99.2861210656072,36239
"(0.8498168498168499, 1.0)",1,99.28610150860791,36240
"(0.8402777777777779, 1.0)",1,99.28603450642925,36241
"(0.9803050108932462, 0.996078431372549)",1,99.2860201471504,36242
"(0.984967320261438, 0.996078431372549)",1,99.28600678094156,36243
"(0.875, 1.0)",1,99.28600247324503,36244
"(0.9135802469135802, 1.0)",1,99.28600149871772,36245
"(0.7869981325863679, 1.0)",1,99.28599928469096,36246
"(0.9521531100478468, 1.0)",1,99.28598610820995,36247
"(0.8163854689162486, 1.0)",1,99.28590729671384,36248
"(0.8627450980392157, 1.0)",2,99.28582202111612,36250
"(0.9855521155830752, 0.996078431372549)",1,99.28577111656853,36251
"(0.9803376906318084, 0.996078431372549)",2,99.28577057989604,36253
"(0.8958946706887884, 0.996078431372549)",1,99.28576408645696,36254
"(0.8586378737541528, 1.0)",1,99.28574696001849,36255
"(0.9840686274509804, 0.996078431372549)",2,99.28569670909312,36257
"(0.879008834302952, 0.996078431372549)",1,99.28566361742855,36258
"(0.9840686274509804, 0.996078431372549)",1,99.28561478695472,36259
"(0.8078308130291714, 1.0)",1,99.28559496909136,36260
"(0.8586378737541528, 1.0)",1,99.2855493498342,36261
"(0.6156045751633987, 1.0)",1,99.28553321621048,36262
"(0.947088068181818, 1.0)",1,99.28553089139557,36263
"(0.909722222222222, 0.996078431372549)",1,99.28549900949014,36264
"(0.9696969696969696, 1.0)",1,99.28545426661368,36265
"(0.9047619047619048, 1.0)",1,99.28544061302684,36266
"(0.8883205456095482, 1.0)",1,99.2854004783959,36267
"(0.9445350241545892, 1.0)",1,99.2853968475164,36268
"(0.9168478260869564, 1.0)",1,99.28534952238182,36269
"(0.9202401372212692, 1.0)",1,99.28534504326058,36270
"(0.8600272232304901, 1.0)",1,99.28521723242812,36271
"(0.8817204301075269, 1.0)",1,99.28517443224574,36272
"(0.9688764394646748, 0.996078431372549)",1,99.28516895294692,36273
"(0.8078308130291714, 1.0)",1,99.2850688070283,36274
"(0.9230769230769232, 1.0)",4,99.2850099176186,36278
"(0.9847494553376906, 0.996078431372549)",1,99.28493414909838,36279
"(0.8498168498168498, 1.0)",1,99.28492344840056,36280
"(0.9688764394646748, 0.996078431372549)",1,99.28490470813315,36281
"(0.8402777777777779, 1.0)",1,99.2848716786646,36282
"(0.7777777777777776, 1.0)",1,99.28483709273183,36283
"(0.9698658410732716, 0.996078431372549)",1,99.28480911659018,36284
"(0.9881481481481482, 0.996078431372549)",1,99.2847391354204,36285
"(0.833064949006978, 1.0)",1,99.28459694104244,36286
"(0.958531746031746, 1.0)",1,99.28458474930264,36287
"(0.8129898303922073, 1.0)",1,99.28456077150224,36288
"(0.8112491373360938, 1.0)",1,99.28454533460288,36289
"(1.0, 1.0)",1,99.28442919203788,36290
"(0.9037076648841356, 0.996078431372549)",1,99.28435638636128,36291
"(0.9841269841269842, 1.0)",1,99.28432970538232,36292
"(0.9109477124183006, 1.0)",1,99.2842980742744,36293
"(0.9497685185185184, 1.0)",1,99.28429679908848,36294
"(0.919047619047619, 1.0)",1,99.2842841623162,36295
"(0.943982716990723, 1.0)",1,99.2842534557242,36296
"(0.9230769230769232, 1.0)",1,99.28419864449276,36297
"(0.9168115942028986, 0.996078431372549)",1,99.2841848125118,36298
"(0.8415692007797271, 1.0)",1,99.28410373928648,36299
"(0.976851851851852, 0.996078431372549)",1,99.2839612820298,36300
"(0.9168478260869564, 1.0)",1,99.28391531851553,36301
"(0.8518518518518519, 1.0)",2,99.28389163171772,36303
"(0.9855521155830752, 0.996078431372549)",1,99.2838743836716,36304
"(0.9641868969810148, 0.996078431372549)",1,99.28386040307316,36305
"(0.9688764394646748, 0.996078431372549)",1,99.28373341228776,36306
"(0.8373015873015873, 1.0)",1,99.28371450751438,36307
"(0.9047619047619048, 1.0)",1,99.28370901129522,36308
"(0.9135802469135802, 1.0)",1,99.28367277004436,36309
"(0.9813854489164088, 0.996078431372549)",1,99.28358898961898,36310
"(0.9342814048696402, 0.996078431372549)",1,99.28352345905463,36311
"(0.9318498265866688, 0.996078431372549)",2,99.28346812887858,36313
"(0.81681801994302, 1.0)",1,99.28344419444554,36314
"(0.8589726631393297, 1.0)",1,99.283436347603,36315
"(0.9333333333333332, 0.9841269841269842)",1,99.28339438339448,36316
"(0.9230769230769232, 0.9841269841269842)",2,99.28339438339448,36318
"(0.9736383442265796, 0.996078431372549)",1,99.28328214682791,36319
"(0.9344643144952745, 0.996078431372549)",1,99.28326708121618,36320
"(0.9411376480416728, 0.996078431372549)",1,99.28323513030968,36321
"(0.9754435107376284, 0.996078431372549)",2,99.28320216390664,36323
"(0.9696969696969696, 1.0)",1,99.28317004632794,36324
"(0.9491329966329968, 0.996078431372549)",1,99.283156247109,36325
"(0.9135802469135802, 1.0)",1,99.28312118984162,36326
"(0.954722222222222, 0.996078431372549)",1,99.28306567827327,36327
"(0.8740392648287385, 1.0)",1,99.28306036525608,36328
"(0.8748472964943552, 0.996078431372549)",1,99.28305840656328,36329
"(0.8833628057765988, 1.0)",2,99.2829508739584,36331
"(0.9803921568627452, 0.996078431372549)",1,99.28292421172472,36332
"(0.984313725490196, 0.996078431372549)",1,99.28290865129324,36333
"(0.9591269841269842, 0.996078431372549)",1,99.28274825490854,36334
"(0.9213620071684588, 1.0)",1,99.2827415785962,36335
"(0.896551724137931, 1.0)",1,99.28272876548743,36336
"(0.8817204301075269, 1.0)",1,99.28268661368242,36337
"(0.93718610251118, 0.996078431372549)",1,99.28263332499424,36338
"(0.8571428571428572, 1.0)",1,99.28254351012971,36339
"(0.9023569023569024, 1.0)",1,99.28253671621792,36340
"(0.9179215969215968, 0.996078431372549)",1,99.28251758167174,36341
"(0.909209656084656, 1.0)",1,99.28245177184264,36342
"(0.9236094950800832, 0.996078431372549)",1,99.28242865837316,36343
"(0.7982954545454546, 1.0)",1,99.28242243867244,36344
"(0.827728296446098, 0.9996213816771112)",1,99.28241157994287,36345
"(0.8571024784182679, 0.996078431372549)",1,99.28239005490578,36346
"(0.9280112044817928, 0.996078431372549)",1,99.28238019004296,36347
"(0.7765567765567766, 1.0)",1,99.28237928737929,36348
"(0.954722222222222, 0.996078431372549)",1,99.28230384278407,36349
"(0.992156862745098, 0.996078431372549)",1,99.28228618405444,36350
"(0.9696969696969696, 1.0)",1,99.28226725170698,36351
"(0.9728641456582634, 0.996078431372549)",1,99.28226563191768,36352
"(0.833064949006978, 1.0)",1,99.28225177935325,36353
"(0.977218782249742, 0.996078431372549)",1,99.28223982217396,36354
"(0.8375771604938271, 1.0)",1,99.2822244437906,36355
"(0.9466207660652104, 1.0)",1,99.2822179782309,36356
"(0.9292181620122796, 0.996078431372549)",1,99.28218714492726,36357
"(0.9197362278244632, 0.996078431372549)",1,99.2821596830913,36358
"(0.8498168498168498, 1.0)",1,99.28215611548949,36359
"(0.8309016086793863, 1.0)",1,99.28211383780828,36360
"(0.9840686274509804, 0.996078431372549)",1,99.28200310438724,36361
"(0.9358798064680418, 0.996078431372549)",1,99.28192812819664,36362
"(0.9565217391304348, 1.0)",1,99.28191856452726,36363
"(0.9691305469556244, 0.996078431372549)",1,99.28189900131612,36364
"(0.9018073680369506, 0.996078431372549)",2,99.28189229336944,36366
"(0.9427450980392156, 0.996078431372549)",1,99.28185489595472,36367
"(0.9168115942028986, 0.996078431372549)",1,99.28182646335956,36368
"(0.8312992626493769, 1.0)",1,99.28176875031936,36369
"(0.8309016086793863, 1.0)",1,99.28174220327,36370
"(0.9803376906318084, 0.996078431372549)",1,99.28170684220672,36371
"(0.9881481481481482, 0.996078431372549)",2,99.2817061370004,36373
"(0.9766612200435728, 0.996078431372549)",1,99.2816695251202,36374
"(0.9230769230769232, 1.0)",1,99.2816627816628,36375
"(0.7081939799331105, 1.0)",1,99.2816420277346,36376
"(0.9261349042540992, 0.996078431372549)",1,99.2816250356404,36377
"(0.9333333333333332, 1.0)",1,99.28162318162316,36378
"(0.9466207660652104, 1.0)",2,99.2815629337904,36380
"(0.9688764394646748, 0.996078431372549)",2,99.28150342359186,36382
"(0.8112491373360938, 1.0)",1,99.2814775566608,36383
"(0.9386724386724388, 1.0)",1,99.28147456594183,36384
"(0.9579248366013072, 0.996078431372549)",1,99.28146128152343,36385
"(0.896551724137931, 1.0)",1,99.28138387705974,36386
"(0.9568181818181818, 0.996078431372549)",1,99.28132301994552,36387
"(0.992156862745098, 0.996078431372549)",1,99.2813212560389,36388
"(0.9358798064680418, 0.996078431372549)",1,99.28130263650613,36389
"(0.9047619047619048, 1.0)",1,99.2812906391854,36390
"(0.9696969696969696, 1.0)",1,99.2812197062197,36391
"(0.9302579365079364, 1.0)",1,99.2811806474133,36392
"(0.9541729732828804, 0.996078431372549)",1,99.28114283189932,36393
"(0.8763636363636363, 1.0)",1,99.28112554112552,36394
"(0.9674603174603176, 1.0)",1,99.2811249137336,36395
"(0.9642156862745098, 0.996078431372549)",1,99.28098384180916,36396
"(0.9261349042540992, 0.996078431372549)",1,99.28096906418912,36397
"(0.9542592592592593, 0.996078431372549)",1,99.28096634916382,36398
"(0.919047619047619, 1.0)",1,99.2808997997141,36399
"(0.9847494553376906, 0.996078431372549)",1,99.28085545472634,36400
"(0.958531746031746, 1.0)",1,99.2808485520851,36401
"(0.9168478260869564, 1.0)",1,99.28084388160164,36402
"(0.97718610251118, 0.996078431372549)",1,99.28083920607936,36403
"(0.9816305469556244, 0.996078431372549)",1,99.28082727599067,36404
"(0.808641975308642, 1.0)",1,99.28077831476224,36405
"(0.8893558268973552, 1.0)",1,99.28072490642076,36406
"(1.0, 1.0)",1,99.28056484578224,36407
"(0.8319664902998236, 1.0)",1,99.28054239770056,36408
"(0.9384803921568629, 0.996078431372549)",1,99.28048978655812,36409
"(0.9841269841269842, 1.0)",1,99.28042328042328,36410
"(0.9827450980392156, 0.996078431372549)",1,99.28029885075456,36411
"(0.8368686868686868, 1.0)",1,99.280281986532,36412
"(0.8791208791208792, 1.0)",2,99.28027528027528,36414
"(0.9507101086048454, 1.0)",1,99.280197052432,36415
"(0.8271652864044169, 1.0)",1,99.2801751816018,36416
"(0.978144708175668, 0.996078431372549)",2,99.28008997522238,36418
"(0.9841269841269842, 1.0)",1,99.28005620110883,36419
"(0.9841269841269842, 1.0)",1,99.28002823939838,36420
"(0.8170426065162907, 1.0)",1,99.27976396349052,36421
"(0.992156862745098, 0.996078431372549)",1,99.27968754580384,36422
"(0.8883205456095482, 1.0)",1,99.27958126445648,36423
"(0.976661220043573, 1.0)",1,99.27956615394704,36424
"(0.9399138116785176, 0.996078431372549)",1,99.27954274512342,36425
"(0.9135802469135802, 1.0)",2,99.27951339335016,36427
"(0.8551296720061023, 1.0)",1,99.27947611952231,36428
"(0.9192180611357128, 1.0)",1,99.27943855070592,36429
"(0.9224211423699916, 1.0)",1,99.2793942346372,36430
"(0.8675136116152449, 1.0)",1,99.2793158444701,36431
"(0.8748472964943552, 0.996078431372549)",1,99.2792122150298,36432
"(0.9168115942028986, 0.996078431372549)",1,99.2791384245986,36433
"(1.0, 1.0)",1,99.27913739507945,36434
"(0.8611111111111112, 1.0)",1,99.27913129163912,36435
"(0.9452536570183628, 0.996078431372549)",2,99.27910912158612,36437
"(0.9841269841269842, 1.0)",1,99.27905929355204,36438
"(0.984313725490196, 0.996078431372549)",1,99.2789870826658,36439
"(0.9194577352472088, 1.0)",1,99.2789591090888,36440
"(0.9374981571576, 0.996078431372549)",1,99.27888732452062,36441
"(0.9589484126984128, 1.0)",1,99.27887599595932,36442
"(0.992156862745098, 0.996078431372549)",1,99.2787817581557,36443
"(0.9230769230769232, 1.0)",1,99.27876918403234,36444
"(0.9591269841269842, 0.996078431372549)",1,99.27876113120988,36445
"(0.9725925925925926, 0.996078431372549)",1,99.27870014815916,36446
"(0.5951421188630491, 1.0)",1,99.27868672726524,36447
"(0.992156862745098, 0.996078431372549)",1,99.27862934474564,36448
"(0.75, 1.0)",1,99.27862910319053,36449
"(0.9841269841269842, 1.0)",1,99.27861319966584,36450
"(0.9333333333333332, 1.0)",2,99.27846889952151,36452
"(0.978144708175668, 0.996078431372549)",1,99.2784075489547,36453
"(0.7162037037037038, 1.0)",1,99.27839816469778,36454
"(0.9800599128540306, 0.996078431372549)",1,99.27832660975096,36455
"(0.9465811965811968, 1.0)",1,99.2782903808789,36456
"(0.957490630284748, 0.996078431372549)",1,99.27824963564152,36457
"(0.9882352941176472, 0.996078431372549)",1,99.27824613715327,36458
"(0.9192251461988304, 0.996078431372549)",1,99.27817151202986,36459
"(0.9592592592592591, 1.0)",2,99.27810185185186,36461
"(0.9698658410732716, 0.996078431372549)",1,99.27809913598637,36462
"(0.875, 1.0)",1,99.27805909356476,36463
"(0.9230769230769232, 0.9841269841269842)",1,99.27805527805536,36464
"(0.9738562091503268, 0.996078431372549)",1,99.27796221093446,36465
"(0.8586378737541528, 1.0)",1,99.27789192231693,36466
"(0.7616334283000951, 1.0)",1,99.27788106954776,36467
"(0.9919117647058824, 0.996078431372549)",1,99.2777694384508,36468
"(0.9289529914529916, 1.0)",1,99.27770746325432,36469
"(0.965272331154684, 0.996078431372549)",1,99.2776742870085,36470
"(0.980582788671024, 0.996078431372549)",1,99.27762232378336,36471
"(0.9688764394646748, 0.996078431372549)",1,99.27761122262692,36472
"(0.8666666666666667, 1.0)",1,99.27756993838908,36473
"(0.8163854689162486, 1.0)",1,99.27746272579712,36474
"(0.9466207660652104, 1.0)",1,99.27745400903493,36475
"(0.7496650452295612, 1.0)",1,99.27744649114126,36476
"(0.941156690746474, 0.996078431372549)",2,99.27742036085714,36478
"(0.9479380641145349, 0.996078431372549)",1,99.27739741510652,36479
"(0.8527777777777779, 1.0)",1,99.27738003366188,36480
"(0.8889459760512393, 0.996078431372549)",1,99.27737238409476,36481
"(0.9691305469556244, 0.996078431372549)",1,99.27737079999484,36482
"(0.9466013071895424, 0.996078431372549)",1,99.27736841118914,36483
"(0.8547544409613373, 1.0)",1,99.277331139625,36484
"(0.8109668109668109, 1.0)",1,99.27732209311156,36485
"(0.9399138116785176, 0.996078431372549)",1,99.2773091523775,36486
"(0.9230769230769232, 1.0)",1,99.277304289913,36487
"(0.9696969696969696, 1.0)",1,99.2772131250392,36488
"(0.9168115942028986, 0.996078431372549)",1,99.2771218386833,36489
"(0.9731092436974792, 0.996078431372549)",1,99.27704406589876,36490
"(0.7782392026578072, 1.0)",1,99.2769983848753,36491
"(0.9827450980392156, 0.996078431372549)",1,99.27698792807938,36492
"(0.8345959595959597, 1.0)",1,99.27690009065007,36493
"(0.9565217391304348, 1.0)",1,99.27689315515404,36494
"(1.0, 1.0)",1,99.27686805947684,36495
"(0.9399138116785176, 0.996078431372549)",1,99.2768034159822,36496
"(0.896551724137931, 1.0)",1,99.27675472028297,36497
"(0.8817204301075269, 1.0)",1,99.27668676557732,36498
"(0.9764161220043572, 0.996078431372549)",1,99.27661188480212,36499
"(0.8888888888888888, 1.0)",1,99.27659874001336,36500
"(0.8686868686868687, 1.0)",1,99.27657434510256,36501
"(0.9135802469135802, 1.0)",1,99.27643960977296,36502
"(0.9333333333333332, 1.0)",1,99.2764387550708,36503
"(0.5951421188630491, 1.0)",1,99.27643424877718,36504
"(0.941156690746474, 0.996078431372549)",1,99.27630361926823,36505
"(0.9827450980392156, 0.996078431372549)",1,99.27630079357655,36506
"(0.9401300133188678, 0.996078431372549)",1,99.27628375163296,36507
"(0.9087026014109348, 1.0)",1,99.2762770517684,36508
"(1.0, 0.996078431372549)",1,99.27621522509162,36509
"(0.9785784313725492, 0.996078431372549)",1,99.2762042215663,36510
"(0.984313725490196, 0.996078431372549)",1,99.27620214752582,36511
"(0.977218782249742, 0.996078431372549)",2,99.27617413988234,36513
"(0.8368686868686868, 1.0)",1,99.2761177323274,36514
"(0.8889459760512393, 0.996078431372549)",1,99.2761162765303,36515
"(0.9841269841269842, 1.0)",1,99.2761084065432,36516
"(0.865079365079365, 1.0)",1,99.27604921394396,36517
"(0.7932875667429442, 1.0)",1,99.27604817670776,36518
"(0.9759803921568628, 0.996078431372549)",1,99.2760284891795,36519
"(0.9465811965811968, 1.0)",1,99.27601352880735,36520
"(0.9230769230769232, 1.0)",1,99.27600469705732,36521
"(1.0, 1.0)",1,99.27599378959827,36522
"(0.976851851851852, 0.996078431372549)",2,99.27589164517268,36524
"(0.9135802469135802, 1.0)",1,99.27585120758276,36525
"(0.9886710239651416, 0.996078431372549)",1,99.27583791007854,36526
"(0.8889459760512393, 0.996078431372549)",1,99.27582863038675,36527
"(0.9785784313725492, 0.996078431372549)",1,99.27580845379693,36528
"(0.8600272232304901, 1.0)",1,99.2757715252248,36529
"(0.9916666666666668, 0.996078431372549)",1,99.2757620515594,36530
"(0.984313725490196, 0.996078431372549)",1,99.2757043379266,36531
"(0.8129898303922073, 1.0)",1,99.27565655558172,36532
"(0.8013468013468013, 1.0)",1,99.27561602733228,36533
"(0.9523809523809524, 1.0)",1,99.27557252286682,36534
"(0.953556570960922, 1.0)",1,99.27556992852024,36535
"(0.9019607843137254, 1.0)",1,99.27555530177024,36536
"(0.9224211423699916, 1.0)",1,99.27554623078922,36537
"(0.9696969696969696, 1.0)",1,99.2755154005154,36538
"(0.9894736842105264, 0.996078431372549)",1,99.2755019714936,36539
"(0.9886710239651416, 0.996078431372549)",1,99.27544862974445,36540
"(0.7982954545454546, 1.0)",1,99.27538144424014,36541
"(0.8551296720061023, 1.0)",1,99.27537478511724,36542
"(0.941561996779388, 0.996078431372549)",1,99.2753614446034,36543
"(0.8611111111111112, 1.0)",1,99.27535473557757,36544
"(0.8521317829457364, 1.0)",1,99.2753523617048,36545
"(0.8958964646464646, 1.0)",1,99.27532799248075,36546
"(0.7707924493038034, 1.0)",1,99.27531727632862,36547
"(0.9444444444444444, 1.0)",1,99.27530167095384,36548
"(0.9138847117794486, 0.996078431372549)",2,99.27514832833742,36550
"(0.8705805822084891, 1.0)",1,99.27509526646573,36551
"(0.9399223139548216, 0.996078431372549)",1,99.27506908296408,36552
"(0.8864468864468864, 1.0)",1,99.27506210264838,36553
"(0.9391865079365078, 1.0)",1,99.27505723443224,36554
"(0.8053221288515406, 1.0)",2,99.27501909854853,36556
"(0.8067271451483561, 1.0)",1,99.27493267919743,36557
"(1.0, 1.0)",4,99.2749235430132,36561
"(0.9816305469556244, 0.996078431372549)",1,99.2749194322578,36562
"(0.9168115942028986, 0.996078431372549)",1,99.27488121104278,36563
"(0.9840686274509804, 0.996078431372549)",1,99.2747698574864,36564
"(0.9665319865319866, 0.996078431372549)",1,99.2747691684162,36565
"(0.9444444444444444, 1.0)",1,99.2747501057459,36566
"(0.8055555555555555, 1.0)",1,99.27473262032086,36567
"(0.9194577352472088, 1.0)",1,99.27471280308808,36568
"(0.841261574074074, 1.0)",1,99.27467478123728,36569
"(1.0, 1.0)",1,99.27466490126336,36570
"(0.9109477124183006, 1.0)",2,99.27465751781608,36572
"(0.9855521155830752, 0.996078431372549)",1,99.27457717004938,36573
"(0.976851851851852, 0.996078431372549)",1,99.27449081939312,36574
"(0.992156862745098, 0.996078431372549)",1,99.27448979947653,36575
"(0.9444444444444444, 1.0)",1,99.27448366873654,36576
"(0.683375104427736, 1.0)",1,99.27446952008356,36577
"(0.9018073680369506, 0.996078431372549)",1,99.27444809790704,36578
"(0.9172932330827066, 1.0)",1,99.27442823359344,36579
"(0.9840686274509804, 0.996078431372549)",1,99.27440764327852,36580
"(0.9399223139548216, 0.996078431372549)",1,99.27437185220492,36581
"(0.740829346092504, 1.0)",1,99.2743654006812,36582
"(0.9391865079365078, 1.0)",1,99.27433525962935,36583
"(0.8817204301075269, 1.0)",1,99.27430267623669,36584
"(0.9272424525365702, 0.996078431372549)",1,99.27427780139652,36585
"(0.8831018518518517, 1.0)",1,99.27427240422092,36586
"(0.9172932330827066, 1.0)",2,99.27424524792946,36588
"(0.9641868969810148, 0.996078431372549)",1,99.27421435416872,36589
"(0.7625830959164293, 1.0)",1,99.27419524282269,36590
"(1.0, 1.0)",1,99.27404479578392,36591
"(1.0, 1.0)",1,99.27398205659075,36592
"(0.9565217391304348, 1.0)",1,99.27398205659075,36593
"(0.8350168350168351, 1.0)",1,99.27392977392978,36594
"(0.9465811965811968, 1.0)",1,99.27386435058612,36595
"(0.9320397146712937, 0.996078431372549)",1,99.27386203020797,36596
"(0.992156862745098, 0.996078431372549)",1,99.27373517429436,36597
"(0.996078431372549, 0.996078431372549)",1,99.27370153680616,36598
"(0.9333333333333332, 1.0)",1,99.27369345630215,36599
"(0.9427450980392156, 0.996078431372549)",1,99.2736799713976,36600
"(0.965272331154684, 0.996078431372549)",1,99.27363661605013,36601
"(0.8925865800865801, 1.0)",1,99.27361017272663,36602
"(0.984504357298475, 0.996078431372549)",1,99.27360439853564,36603
"(0.9318498265866688, 0.996078431372549)",1,99.27353822009346,36604
"(0.8145051353874884, 0.996078431372549)",1,99.27349647514528,36605
"(0.9023569023569024, 1.0)",1,99.2734857734858,36606
"(0.9194577352472088, 1.0)",1,99.27340700235436,36607
"(0.5640273704789834, 1.0)",1,99.27336714503616,36608
"(0.9866666666666668, 1.0)",1,99.27333289135848,36609
"(0.9840686274509804, 0.996078431372549)",1,99.27322304892256,36610
"(0.9803921568627452, 0.996078431372549)",1,99.27316471420896,36611
"(0.8425925925925927, 1.0)",1,99.27314814814818,36612
"(0.8266666666666667, 1.0)",2,99.27313131313132,36614
"(0.9302579365079364, 1.0)",1,99.27303075126213,36615
"(0.9803376906318084, 0.996078431372549)",1,99.2729849680879,36616
"(0.9841269841269842, 1.0)",1,99.27295511506036,36617
"(0.9358798064680418, 0.996078431372549)",1,99.27290541788238,36618
"(0.7400546757164405, 1.0)",1,99.27285123216105,36619
"(0.9633298933608532, 0.996078431372549)",1,99.27283879803214,36620
"(0.958531746031746, 1.0)",1,99.27280805149287,36621
"(0.996078431372549, 0.996078431372549)",1,99.27272973804902,36622
"(0.7460317460317459, 0.9841269841269842)",1,99.27272727272732,36623
"(0.977218782249742, 0.996078431372549)",1,99.2726512275809,36624
"(0.8589726631393297, 1.0)",1,99.27261298576671,36625
"(0.992156862745098, 0.996078431372549)",1,99.27258958576212,36626
"(0.9807902108211706, 0.996078431372549)",1,99.27256773891573,36627
"(0.9847494553376906, 0.996078431372549)",1,99.27255878406672,36628
"(0.9248591174906964, 0.996078431372549)",1,99.27254647923202,36629
"(0.7496650452295612, 1.0)",1,99.27254459120694,36630
"(0.6156045751633987, 1.0)",1,99.27249416374478,36631
"(0.9591269841269842, 0.996078431372549)",1,99.2724767392339,36632
"(0.9788235294117646, 0.996078431372549)",1,99.27246616656925,36633
"(0.9770969498910674, 0.996078431372549)",1,99.27245801405591,36634
"(0.9351326548694968, 0.996078431372549)",1,99.27240672595252,36635
"(0.7167919799498746, 1.0)",2,99.27234753550545,36637
"(0.976851851851852, 0.996078431372549)",1,99.27223379106576,36638
"(0.8589726631393297, 1.0)",1,99.27206592697884,36639
"(0.992156862745098, 0.996078431372549)",1,99.27203321757574,36640
"(0.9047101449275364, 1.0)",1,99.2719747244009,36641
"(0.9192251461988304, 0.996078431372549)",1,99.27195685291676,36642
"(0.9841269841269842, 1.0)",1,99.27194992829668,36643
"(0.8290779944030718, 0.996078431372549)",1,99.2719468085956,36644
"(0.8822954822954823, 1.0)",2,99.2719314934585,36646
"(0.9411376480416728, 0.996078431372549)",1,99.27185625105258,36647
"(0.909722222222222, 0.996078431372549)",1,99.2717050970495,36648
"(0.8831018518518517, 1.0)",1,99.271668504733,36649
"(0.8970659722222223, 1.0)",1,99.27166211892464,36650
"(0.9248366013071896, 1.0)",1,99.2716619981326,36651
"(0.8547544409613373, 1.0)",1,99.27163755784446,36652
"(0.9886710239651416, 0.996078431372549)",1,99.27160876046342,36653
"(0.9407729468599032, 1.0)",1,99.2716059073187,36654
"(0.9351258309591644, 1.0)",1,99.27153294448613,36655
"(0.8129629629629629, 1.0)",1,99.27152777777778,36656
"(0.9288733763656364, 0.996078431372549)",1,99.27148091951264,36657
"(0.9023569023569024, 1.0)",2,99.2714094728801,36659
"(0.8977777777777779, 1.0)",1,99.27140849488676,36660
"(0.900854700854701, 1.0)",2,99.27132154660264,36662
"(0.9333333333333332, 1.0)",1,99.27130111180456,36663
"(0.984504357298475, 1.0)",1,99.27127251252064,36664
"(0.9696969696969696, 1.0)",1,99.27123244771728,36665
"(0.9816305469556244, 0.996078431372549)",1,99.27122437001012,36666
"(0.8925865800865801, 1.0)",1,99.2712146071521,36667
"(0.954318475928383, 0.996078431372549)",1,99.27118864047036,36668
"(0.996078431372549, 0.996078431372549)",1,99.27118850230174,36669
"(0.9363636363636364, 1.0)",1,99.27118651957362,36670
"(0.9444444444444444, 1.0)",1,99.2711533843468,36671
"(0.9807902108211706, 0.996078431372549)",1,99.27112634527506,36672
"(0.8468468468468467, 1.0)",1,99.2710892710893,36673
"(0.9135802469135802, 1.0)",1,99.2710249951478,36674
"(0.7167919799498746, 1.0)",2,99.27101984437265,36676
"(0.8817204301075269, 1.0)",1,99.271019734058,36677
"(0.8527777777777779, 1.0)",1,99.27095524469296,36678
"(0.9306746031746032, 1.0)",1,99.27092875681416,36679
"(0.9808278867102396, 0.996078431372549)",1,99.27092469724548,36680
"(0.9841269841269842, 1.0)",1,99.27084083372117,36681
"(0.9736383442265796, 0.996078431372549)",1,99.27078496936944,36682
"(0.8888888888888888, 1.0)",1,99.27076107777862,36683
"(0.9813854489164088, 1.0)",1,99.27074553674224,36684
"(0.936026936026936, 0.9841269841269842)",1,99.27073576196392,36685
"(0.9507101086048454, 1.0)",1,99.27073293254924,36686
"(0.8518518518518519, 0.9841269841269842)",1,99.27067162856645,36687
"(0.9667927989909412, 0.996078431372549)",1,99.27065654224418,36688
"(1.0, 1.0)",1,99.27060931899642,36689
"(0.9816305469556244, 0.996078431372549)",1,99.27058622119792,36690
"(0.875, 1.0)",1,99.27057275460989,36691
"(0.9333333333333332, 1.0)",1,99.27056695317566,36692
"(0.6856760145918833, 1.0)",1,99.27046837637552,36693
"(0.9847494553376906, 0.996078431372549)",1,99.27046381307127,36694
"(0.8589726631393297, 1.0)",1,99.27043894285188,36695
"(0.8627450980392157, 1.0)",1,99.27043850573264,36696
"(0.9250841750841752, 1.0)",1,99.27042744191024,36697
"(0.6944444444444445, 1.0)",1,99.27031365906046,36698
"(0.9507101086048454, 1.0)",1,99.27030003211634,36699
"(0.9037076648841356, 0.996078431372549)",2,99.27026363815078,36701
"(0.8900759734093067, 1.0)",1,99.2702496937098,36702
"(0.7971704623878537, 0.996078431372549)",2,99.27024034297187,36704
"(0.8748472964943552, 0.996078431372549)",1,99.27023547041216,36705
"(0.5, 1.0)",1,99.27018633540374,36706
"(0.7650293586269196, 1.0)",1,99.27017153542056,36707
"(0.9037076648841356, 0.996078431372549)",1,99.27013116644872,36708
"(0.9168115942028986, 0.996078431372549)",1,99.27005004783368,36709
"(0.9411376480416728, 0.996078431372549)",1,99.27001720742298,36710
"(0.8330439814814815, 1.0)",1,99.26989918429342,36711
"(0.9808278867102396, 0.996078431372549)",1,99.2698839851532,36712
"(0.8672161172161172, 1.0)",1,99.26984747285093,36713
"(0.9841269841269842, 1.0)",1,99.26984126984128,36714
"(0.9399223139548216, 0.996078431372549)",1,99.26983347017492,36715
"(0.9841269841269842, 0.9841269841269842)",1,99.26981228000724,36716
"(0.9320397146712937, 0.996078431372549)",1,99.26975213297216,36717
"(0.9727743378052977, 0.996078431372549)",1,99.26970146697718,36718
"(0.8138881768037778, 0.996078431372549)",1,99.26965655525008,36719
"(0.8281746031746032, 1.0)",1,99.26961931029308,36720
"(0.90934937783235, 0.996078431372549)",1,99.26959906250178,36721
"(0.9466013071895424, 0.996078431372549)",1,99.26958269394731,36722
"(0.896551724137931, 1.0)",1,99.26958014499247,36723
"(0.8112794612794614, 1.0)",1,99.26957052775676,36724
"(0.90934937783235, 0.996078431372549)",1,99.26952319094757,36725
"(0.9037076648841356, 0.996078431372549)",1,99.26951032512976,36726
"(0.865079365079365, 1.0)",1,99.26950710108603,36727
"(0.7869981325863679, 1.0)",1,99.26939660851306,36728
"(0.9344643144952745, 0.996078431372549)",1,99.26938692948872,36729
"(0.8345959595959597, 1.0)",1,99.2693183441474,36730
"(0.9172932330827066, 1.0)",1,99.26929992686324,36731
"(0.8498168498168499, 0.9841269841269842)",1,99.26926180171073,36732
"(0.875, 1.0)",1,99.2691798941799,36733
"(0.8112491373360938, 1.0)",1,99.26917050905304,36734
"(0.8468468468468467, 1.0)",1,99.26916780074674,36735
"(0.9691305469556244, 0.996078431372549)",1,99.26913480953031,36736
"(0.8253968253968256, 1.0)",1,99.26911027568924,36737
"(0.8888888888888888, 1.0)",1,99.26901344269768,36738
"(0.9768191721132896, 0.996078431372549)",1,99.26899426438816,36739
"(0.984313725490196, 0.996078431372549)",2,99.26896828964524,36741
"(0.9427450980392156, 0.996078431372549)",1,99.26896425256066,36742
"(0.830630172296839, 0.996078431372549)",1,99.26893598941162,36743
"(0.9497685185185184, 1.0)",1,99.26891315588009,36744
"(0.89, 1.0)",2,99.26889957264956,36746
"(0.9799875505757858, 0.996078431372549)",1,99.26889796072392,36747
"(0.9827450980392156, 0.996078431372549)",2,99.26889383664164,36749
"(0.8112491373360938, 1.0)",1,99.2688099945643,36750
"(0.9691219096334186, 0.996078431372549)",1,99.26879457124264,36751
"(0.9333333333333332, 0.9841269841269842)",1,99.26875901875908,36752
"(0.957490630284748, 0.996078431372549)",1,99.26869256842096,36753
"(0.9847494553376906, 0.996078431372549)",2,99.26855766123572,36755
"(0.8635440917107585, 0.996078431372549)",1,99.26854765810066,36756
"(0.9665319865319866, 0.996078431372549)",1,99.26849535082523,36757
"(0.8750600325600326, 1.0)",1,99.2684657934658,36758
"(0.7460317460317459, 1.0)",1,99.26845495380964,36759
"(0.936026936026936, 1.0)",1,99.26843687501582,36760
"(0.8888888888888888, 1.0)",1,99.26843526843528,36761
"(0.8415692007797271, 1.0)",2,99.2684243877738,36763
"(0.9882352941176472, 0.996078431372549)",1,99.2684146901718,36764
"(0.7544006919006919, 1.0)",1,99.2683826957998,36765
"(0.6403503049675462, 1.0)",1,99.26837278275453,36766
"(0.9803921568627452, 0.996078431372549)",1,99.26830980806857,36767
"(0.8889459760512393, 0.996078431372549)",1,99.26827313927538,36768
"(0.8129898303922073, 1.0)",1,99.26826012024472,36769
"(0.9248591174906964, 0.996078431372549)",1,99.26822762044768,36770
"(1.0, 1.0)",1,99.26819417551684,36771
"(0.9565217391304348, 1.0)",1,99.26809905070776,36772
"(0.9206349206349206, 1.0)",1,99.26808406647116,36773
"(0.8731060606060606, 1.0)",1,99.26808384463088,36774
"(0.978144708175668, 0.996078431372549)",1,99.26805815979414,36775
"(0.8833628057765988, 1.0)",1,99.26804637036638,36776
"(0.954722222222222, 0.996078431372549)",1,99.26801775681056,36777
"(0.992156862745098, 0.996078431372549)",1,99.26798792270556,36778
"(0.883580779054917, 1.0)",1,99.2679811101447,36779
"(0.8469839324618735, 1.0)",1,99.26797556925996,36780
"(0.9882352941176472, 0.996078431372549)",1,99.26797013787731,36781
"(0.9138847117794486, 0.996078431372549)",1,99.26793791892112,36782
"(0.7705882352941177, 1.0)",1,99.26792412912698,36783
"(0.9620227038183696, 0.996078431372549)",1,99.26789727586964,36784
"(0.9641868969810148, 0.996078431372549)",1,99.2678095936386,36785
"(0.875, 1.0)",1,99.2677823927824,36786
"(0.97718610251118, 0.996078431372549)",1,99.2676849214313,36787
"(1.0, 1.0)",1,99.26766108287848,36788
"(0.8817204301075269, 1.0)",1,99.26763302303767,36789
"(0.9003279610194903, 1.0)",1,99.26762498861687,36790
"(0.8586378737541528, 1.0)",1,99.26760389524924,36791
"(0.9333333333333332, 0.9841269841269842)",1,99.26752136752144,36792
"(0.9841269841269842, 1.0)",1,99.26751432453187,36793
"(0.8627450980392157, 1.0)",1,99.26750700280112,36794
"(0.9696969696969696, 1.0)",1,99.26748855009726,36795
"(0.8888888888888888, 1.0)",1,99.26748202777614,36796
"(0.9816305469556244, 0.996078431372549)",1,99.26734152639884,36797
"(0.9660457516339868, 0.996078431372549)",1,99.26734042349904,36798
"(0.95536349042541, 0.996078431372549)",1,99.26733462816304,36799
"(0.9342814048696402, 0.996078431372549)",1,99.26718644301484,36800
"(0.9827450980392156, 0.996078431372549)",1,99.26716647763998,36801
"(0.9391865079365078, 1.0)",2,99.26708329796566,36803
"(0.8067271451483561, 1.0)",1,99.26705931467586,36804
"(0.9838235294117648, 0.996078431372549)",1,99.2670236047636,36805
"(0.9138847117794486, 0.996078431372549)",1,99.2669794919565,36806
"(0.976851851851852, 0.996078431372549)",1,99.26694413405232,36807
"(0.8873002904865649, 1.0)",1,99.26691845523148,36808
"(0.9230769230769232, 1.0)",2,99.26687695021027,36810
"(0.89, 1.0)",1,99.26686932215236,36811
"(0.8611111111111112, 1.0)",1,99.26680279845604,36812
"(0.9224211423699916, 1.0)",1,99.2667761009126,36813
"(0.9318498265866688, 0.996078431372549)",2,99.2667560499458,36815
"(0.992156862745098, 0.996078431372549)",1,99.2667082937446,36816
"(0.9333333333333332, 1.0)",1,99.26666666666668,36817
"(0.9, 1.0)",1,99.26664797191113,36818
"(0.8198261686633779, 1.0)",1,99.26658607723957,36819
"(0.8771929824561403, 1.0)",1,99.26639943716609,36820
"(0.7840187590187591, 1.0)",1,99.26634514790766,36821
"(0.9427450980392156, 0.996078431372549)",1,99.26632391329676,36822
"(0.9047619047619048, 1.0)",1,99.26629999093768,36823
"(0.9731377053745476, 0.996078431372549)",1,99.26628118624214,36824
"(0.808641975308642, 1.0)",1,99.2662486938349,36825
"(0.683375104427736, 1.0)",1,99.26623668728932,36826
"(0.9563713649711092, 0.996078431372549)",1,99.26616009332804,36827
"(0.936026936026936, 1.0)",1,99.26612646612648,36828
"(0.9444444444444444, 1.0)",1,99.26599326599327,36829
"(0.8817204301075269, 1.0)",1,99.2659917143788,36830
"(0.8468468468468467, 1.0)",1,99.26591726113466,36831
"(0.8112794612794614, 1.0)",1,99.26590519860255,36832
"(0.8890855307640297, 0.996078431372549)",1,99.26582972937985,36833
"(0.5951421188630491, 1.0)",1,99.2657927757776,36834
"(0.9879901960784314, 0.996078431372549)",1,99.26578901332684,36835
"(0.984313725490196, 0.996078431372549)",1,99.26578443089568,36836
"(0.954722222222222, 0.996078431372549)",2,99.26577628712327,36838
"(0.9217244500139238, 0.996078431372549)",1,99.26576164194351,36839
"(0.8151260504201681, 1.0)",1,99.26570601890296,36840
"(0.7777777777777776, 1.0)",1,99.26567259900598,36841
"(0.8817204301075269, 1.0)",1,99.26565754562358,36842
"(0.9224211423699916, 1.0)",1,99.26557246233295,36843
"(0.9707143676183924, 0.996078431372549)",2,99.26556594603672,36845
"(0.9444444444444444, 1.0)",2,99.26551226551226,36847
"(0.9411376480416728, 0.996078431372549)",1,99.26548428851152,36848
"(0.9763834422657952, 0.996078431372549)",1,99.26545320577848,36849
"(0.9168115942028986, 0.996078431372549)",1,99.26542860240984,36850
"(0.9759803921568628, 0.996078431372549)",1,99.26541751735272,36851
"(0.9411376480416728, 0.996078431372549)",1,99.26540798010627,36852
"(0.9802054154995332, 0.996078431372549)",1,99.26535549732938,36853
"(0.9523809523809524, 1.0)",1,99.26525252525256,36854
"(0.9740143369175628, 1.0)",1,99.26519895177732,36855
"(0.9565217391304348, 1.0)",1,99.26518700726596,36856
"(0.8952380952380952, 1.0)",1,99.2651697839198,36857
"(0.9803921568627452, 0.996078431372549)",1,99.26513905319872,36858
"(0.8125, 1.0)",1,99.2650828812549,36859
"(0.9172932330827066, 1.0)",1,99.2650485576996,36860
"(0.9728641456582634, 0.996078431372549)",1,99.26500288136369,36861
"(0.8635440917107585, 0.996078431372549)",1,99.26498384180913,36862
"(0.75, 1.0)",4,99.2649690179102,36866
"(0.9916666666666668, 0.996078431372549)",1,99.26496479883087,36867
"(0.9109477124183006, 1.0)",1,99.26489036474806,36868
"(0.896551724137931, 1.0)",1,99.26473094299163,36869
"(0.9882352941176472, 0.996078431372549)",1,99.26464103291526,36870
"(0.9466013071895424, 0.996078431372549)",1,99.2646390895542,36871
"(0.8415692007797271, 1.0)",1,99.26462351127245,36872
"(0.958531746031746, 1.0)",1,99.26460635867484,36873
"(0.9731377053745476, 0.996078431372549)",1,99.26445661076542,36874
"(0.8952380952380952, 1.0)",1,99.26440982496284,36875
"(0.9881481481481482, 0.996078431372549)",1,99.264377677706,36876
"(0.896551724137931, 1.0)",1,99.26433558186709,36877
"(0.8977777777777779, 1.0)",1,99.26433122902326,36878
"(0.9358798064680418, 0.996078431372549)",1,99.26429341023636,36879
"(0.9444444444444444, 1.0)",2,99.26425614106772,36881
"(0.8859337035751476, 1.0)",1,99.2641974993642,36882
"(0.9579248366013072, 0.996078431372549)",1,99.26393757930045,36883
"(0.8163854689162486, 1.0)",1,99.26393098841946,36884
"(0.922077922077922, 1.0)",1,99.26392759492342,36885
"(0.9230769230769232, 1.0)",1,99.2639104884719,36886
"(0.8649128540305012, 0.996078431372549)",1,99.26381278264324,36887
"(0.9399223139548216, 0.996078431372549)",1,99.2637863766524,36888
"(0.9391865079365078, 1.0)",1,99.2637592480495,36889
"(0.9292181620122796, 0.996078431372549)",1,99.26374770482369,36890
"(0.9047619047619048, 1.0)",1,99.2637397842432,36891
"(0.9202401372212692, 1.0)",1,99.2635712164616,36892
"(0.875, 1.0)",1,99.26346240179572,36893
"(0.6156045751633987, 1.0)",1,99.26345077717848,36894
"(0.8518518518518519, 1.0)",1,99.26342371079213,36895
"(0.9444444444444444, 0.9841269841269842)",1,99.26334776334788,36896
"(0.75, 1.0)",1,99.26334561700696,36897
"(0.9879901960784314, 0.996078431372549)",1,99.2633268964153,36898
"(0.8586378737541528, 1.0)",1,99.26327985328288,36899
"(0.8112794612794614, 1.0)",1,99.26327136915371,36900
"(0.9407729468599032, 1.0)",1,99.26311312982509,36901
"(0.9641868969810148, 0.996078431372549)",2,99.26308437591636,36903
"(0.9881481481481482, 0.996078431372549)",2,99.26306065213336,36905
"(0.9491329966329968, 0.996078431372549)",1,99.26305443231487,36906
"(0.8740392648287385, 1.0)",1,99.2630149592732,36907
"(0.8551296720061023, 1.0)",2,99.2629897653587,36909
"(0.8333333333333334, 1.0)",1,99.26292492081966,36910
"(0.9589484126984128, 1.0)",1,99.2628950289325,36911
"(0.8888888888888888, 1.0)",1,99.26283625406433,36912
"(0.896551724137931, 1.0)",1,99.2628335904198,36913
"(0.7081939799331105, 1.0)",2,99.26278635771992,36915
"(0.9138847117794486, 0.996078431372549)",1,99.26277389762096,36916
"(0.8487103174603176, 1.0)",1,99.26274111424974,36917
"(0.8900759734093067, 1.0)",1,99.26268317952456,36918
"(0.9866666666666668, 0.996078431372549)",1,99.26263129228316,36919
"(0.8589726631393297, 1.0)",1,99.26257733733225,36920
"(0.9087026014109348, 1.0)",2,99.26235215498237,36922
"(0.9565217391304348, 1.0)",1,99.26220398287984,36923
"(0.9882352941176472, 0.996078431372549)",1,99.26220302894008,36924
"(0.909209656084656, 1.0)",1,99.26206936445908,36925
"(0.9651330532212884, 0.996078431372549)",2,99.26204789305422,36927
"(0.9037076648841356, 0.996078431372549)",1,99.26203329178584,36928
"(0.833912037037037, 1.0)",1,99.26197552635053,36929
"(0.9767195767195768, 0.996078431372549)",1,99.26194746546524,36930
"(0.9224211423699916, 1.0)",1,99.26192330687218,36931
"(0.9802054154995332, 0.996078431372549)",1,99.26191087352686,36932
"(0.5, 1.0)",1,99.2619047619048,36933
"(0.9841269841269842, 1.0)",1,99.26190476190476,36934
"(0.8864468864468864, 1.0)",1,99.26190242282196,36935
"(0.9197362278244632, 0.996078431372549)",1,99.26186322077211,36936
"(0.9318498265866688, 0.996078431372549)",1,99.261837252526,36937
"(0.9280112044817928, 0.996078431372549)",1,99.26174618066284,36938
"(0.8705805822084891, 1.0)",1,99.26173314449622,36939
"(0.9466013071895424, 0.996078431372549)",1,99.26172688852272,36940
"(0.8586378737541528, 1.0)",1,99.26169429310497,36941
"(0.996078431372549, 0.996078431372549)",1,99.26168779792636,36942
"(0.9855521155830752, 0.996078431372549)",1,99.261672320669,36943
"(1.0, 1.0)",4,99.26166888666889,36947
"(0.9018073680369506, 0.996078431372549)",1,99.2616240592006,36948
"(0.8897707231040564, 1.0)",2,99.26162109495442,36950
"(0.9879901960784314, 0.996078431372549)",1,99.26153652104134,36951
"(0.9633298933608532, 0.996078431372549)",1,99.26144590245234,36952
"(0.9466013071895424, 0.996078431372549)",1,99.26143412998832,36953
"(0.9590970891280488, 0.996078431372549)",1,99.26138224721066,36954
"(0.8803174603174604, 1.0)",1,99.26133782883784,36955
"(0.7967162810376494, 1.0)",1,99.261311430257,36956
"(0.9333333333333332, 1.0)",1,99.26128364389234,36957
"(0.808641975308642, 1.0)",1,99.26126595951158,36958
"(0.9674603174603176, 1.0)",1,99.26124781651096,36959
"(0.8888888888888888, 1.0)",2,99.26122980961692,36961
"(0.7167919799498746, 1.0)",1,99.2612234679096,36962
"(0.896551724137931, 1.0)",1,99.2611735521744,36963
"(0.6403503049675462, 1.0)",1,99.2609716621378,36964
"(0.958531746031746, 1.0)",1,99.26083237236016,36965
"(0.9351326548694968, 0.996078431372549)",1,99.26082688982868,36966
"(0.8502976190476191, 1.0)",1,99.26071056755144,36967
"(0.9894736842105264, 0.996078431372549)",1,99.26068900905034,36968
"(0.9894736842105264, 0.996078431372549)",1,99.26063375908598,36969
"(0.8376068376068376, 1.0)",2,99.26045412210694,36971
"(0.9135802469135802, 1.0)",1,99.26042709376044,36972
"(0.9759803921568628, 0.996078431372549)",1,99.26039739127992,36973
"(0.9759803921568628, 0.996078431372549)",2,99.26038465891423,36975
"(0.8992240292623923, 0.996078431372549)",1,99.26011928210052,36976
"(0.7975164658278694, 1.0)",1,99.26000528514808,36977
"(0.9224211423699916, 1.0)",1,99.25997642596109,36978
"(0.8345959595959597, 1.0)",1,99.25997003778984,36979
"(0.9886710239651416, 0.996078431372549)",1,99.2598922193226,36980
"(0.9194577352472088, 1.0)",1,99.25982290842973,36981
"(0.6403503049675462, 1.0)",1,99.2598173524481,36982
"(0.9688764394646748, 0.996078431372549)",2,99.25978528093874,36984
"(0.9135802469135802, 1.0)",1,99.25968878425024,36985
"(0.8129898303922073, 1.0)",1,99.25967360435256,36986
"(0.9236094950800832, 0.996078431372549)",1,99.25967329523922,36987
"(0.7782392026578072, 1.0)",1,99.2596559816967,36988
"(0.8055555555555555, 1.0)",1,99.2596244388998,36989
"(0.919047619047619, 1.0)",1,99.25956696976188,36990
"(0.962458433665864, 0.996078431372549)",1,99.2595438702404,36991
"(0.8600272232304901, 1.0)",1,99.25949755548385,36992
"(0.8415692007797271, 1.0)",1,99.25949101147933,36993
"(0.8468468468468467, 1.0)",1,99.25946418051682,36994
"(0.8589726631393297, 1.0)",1,99.25943778544448,36995
"(0.8586378737541528, 1.0)",1,99.25940856610046,36996
"(0.9766612200435728, 0.996078431372549)",1,99.2593957076164,36997
"(0.8627450980392157, 1.0)",1,99.25929682217716,36998
"(0.9135802469135802, 1.0)",1,99.25917909251244,36999
"(0.8622222222222222, 1.0)",1,99.25917309743396,37000
"(0.9620227038183696, 0.996078431372549)",2,99.25916945124466,37002
"(0.9138847117794486, 0.996078431372549)",1,99.2591688179384,37003
"(0.8888888888888888, 1.0)",1,99.259117782802,37004
"(0.8705805822084891, 1.0)",2,99.25911295571557,37006
"(0.9579374057315234, 0.996078431372549)",1,99.25905318537691,37007
"(0.992156862745098, 0.996078431372549)",1,99.25901976776665,37008
"(0.9172932330827066, 1.0)",1,99.25895989974936,37009
"(0.8915343915343915, 1.0)",1,99.25893361778732,37010
"(0.9704892057833234, 0.996078431372549)",1,99.2588218725434,37011
"(0.9384803921568629, 0.996078431372549)",1,99.2587758612219,37012
"(0.9333333333333332, 1.0)",1,99.25873278972858,37013
"(0.9855521155830752, 0.996078431372549)",1,99.25867885231104,37014
"(0.9280112044817928, 0.996078431372549)",1,99.25862775564752,37015
"(0.936026936026936, 1.0)",1,99.25858741648216,37016
"(0.9660130718954248, 0.996078431372549)",1,99.25858244467392,37017
"(0.9803921568627452, 0.996078431372549)",1,99.25852726492737,37018
"(0.9674603174603176, 0.9841269841269842)",1,99.25849092428048,37019
"(0.9172932330827066, 1.0)",1,99.25847070184638,37020
"(0.9763834422657952, 0.996078431372549)",1,99.25844386648647,37021
"(0.9696969696969696, 1.0)",1,99.2584134936084,37022
"(0.875, 1.0)",1,99.25836156597026,37023
"(0.9886710239651416, 0.996078431372549)",1,99.25835310392806,37024
"(0.8460455394278924, 0.996078431372549)",1,99.25833595512412,37025
"(0.8748472964943552, 0.996078431372549)",1,99.25831996732796,37026
"(0.8138881768037778, 0.996078431372549)",1,99.25827654969704,37027
"(0.9444444444444444, 1.0)",1,99.25824175824177,37028
"(0.9807902108211706, 0.996078431372549)",1,99.2582371406832,37029
"(0.8518518518518519, 1.0)",1,99.25820105820104,37030
"(0.9886710239651416, 0.996078431372549)",1,99.25809495499212,37031
"(0.8832772166105499, 1.0)",1,99.25808981031368,37032
"(0.8888888888888888, 1.0)",3,99.25807334428023,37035
"(0.9919117647058824, 0.996078431372549)",2,99.25807029366553,37037
"(0.9248591174906964, 0.996078431372549)",1,99.25803296475212,37038
"(0.9261349042540992, 0.996078431372549)",1,99.25800516133356,37039
"(0.896551724137931, 1.0)",2,99.25798285573036,37041
"(0.9591269841269842, 0.996078431372549)",1,99.25797438858602,37042
"(0.8635440917107585, 0.996078431372549)",1,99.25797213013284,37043
"(1.0, 1.0)",2,99.2579680855543,37045
"(0.8138881768037778, 0.996078431372549)",1,99.25793060954614,37046
"(0.7162037037037038, 1.0)",1,99.25787125931616,37047
"(0.7982954545454546, 1.0)",1,99.25784213720426,37048
"(0.909722222222222, 0.996078431372549)",1,99.257840244551,37049
"(1.0, 1.0)",1,99.25783972125436,37050
"(0.9707143676183924, 0.996078431372549)",1,99.25783870698751,37051
"(0.9168115942028986, 0.996078431372549)",1,99.25779514587288,37052
"(0.945875350140056, 0.996078431372549)",1,99.25776213785934,37053
"(0.89, 1.0)",1,99.25769313487636,37054
"(0.9047619047619048, 1.0)",1,99.25768967874232,37055
"(0.9563713649711092, 0.996078431372549)",1,99.25768721860554,37056
"(0.8439484126984128, 1.0)",1,99.2576793495176,37057
"(0.9023569023569024, 1.0)",1,99.2576659208238,37058
"(0.9466013071895424, 0.996078431372549)",1,99.25764640359084,37059
"(0.9047619047619048, 1.0)",1,99.25751800534408,37060
"(1.0, 1.0)",2,99.257497212932,37062
"(0.9740143369175628, 1.0)",1,99.25749472107016,37063
"(0.9272424525365702, 0.996078431372549)",1,99.25748757589184,37064
"(0.8832772166105499, 1.0)",1,99.2574268764745,37065
"(0.8421177587844255, 1.0)",1,99.2574128588607,37066
"(0.9342814048696402, 0.996078431372549)",1,99.25737657485652,37067
"(0.9388764394646748, 0.996078431372549)",1,99.25733453962492,37068
"(0.984313725490196, 0.996078431372549)",1,99.25733417769035,37069
"(1.0, 0.996078431372549)",1,99.25719495171596,37070
"(0.8817204301075269, 1.0)",1,99.25716967222344,37071
"(0.8666666666666667, 1.0)",4,99.25715027836893,37075
"(0.9769410044719642, 0.996078431372549)",1,99.25714715710868,37076
"(0.8858975827700768, 1.0)",1,99.25713183803958,37077
"(0.8958946706887884, 0.996078431372549)",1,99.25713142626084,37078
"(0.8373015873015873, 1.0)",2,99.25710254284088,37080
"(1.0, 1.0)",1,99.25708209918736,37081
"(0.9841269841269842, 1.0)",1,99.25706572484071,37082
"(0.9674603174603176, 1.0)",1,99.25706311232626,37083
"(0.6944444444444445, 1.0)",1,99.25704524233936,37084
"(0.8939664986176614, 1.0)",1,99.25702506112692,37085
"(0.7971704623878537, 0.996078431372549)",1,99.25702385403714,37086
"(0.9879901960784314, 0.996078431372549)",1,99.25698503537537,37087
"(0.8423371647509579, 1.0)",2,99.25686043083672,37089
"(0.9248591174906964, 0.996078431372549)",1,99.25672283183032,37090
"(0.8129898303922073, 1.0)",1,99.25670156051208,37091
"(0.7782392026578072, 1.0)",1,99.25664190857434,37092
"(0.883876357560568, 1.0)",1,99.25663650415748,37093
"(0.9841269841269842, 1.0)",1,99.25661375661376,37094
"(0.976851851851852, 0.992156862745098)",1,99.2565821006766,37095
"(0.8373015873015873, 1.0)",1,99.25641734171144,37096
"(0.9696969696969696, 1.0)",1,99.25638237232442,37097
"(0.8518518518518519, 0.9841269841269842)",1,99.25635338896215,37098
"(0.996078431372549, 0.996078431372549)",1,99.25632981114468,37099
"(0.9764161220043572, 0.996078431372549)",1,99.25630238007328,37100
"(0.9855521155830752, 0.996078431372549)",1,99.25626083310932,37101
"(0.6156045751633987, 1.0)",1,99.25625452706336,37102
"(0.954722222222222, 0.996078431372549)",1,99.25623191651852,37103
"(0.9704892057833234, 0.996078431372549)",1,99.25621835005828,37104
"(0.9855521155830752, 0.996078431372549)",1,99.2562063668784,37105
"(0.8518518518518519, 1.0)",1,99.25614841976396,37106
"(0.8627450980392157, 1.0)",1,99.2561055908704,37107
"(0.9894736842105264, 0.996078431372549)",1,99.25602109534786,37108
"(1.0, 1.0)",2,99.25596625596629,37110
"(0.936026936026936, 0.9841269841269842)",1,99.25589643850522,37111
"(0.9886710239651416, 0.996078431372549)",1,99.2558495881486,37112
"(0.9728641456582634, 0.996078431372549)",1,99.2557842701422,37113
"(0.947088068181818, 1.0)",1,99.25574525869246,37114
"(0.8845959595959596, 0.996078431372549)",1,99.25574470605515,37115
"(0.8309016086793863, 1.0)",1,99.2557249489194,37116
"(0.8883205456095482, 0.9841269841269842)",1,99.25572474634714,37117
"(0.936026936026936, 1.0)",1,99.25559644609989,37118
"(0.9736383442265796, 0.996078431372549)",1,99.25558675911664,37119
"(0.9894736842105264, 0.996078431372549)",1,99.2555471410257,37120
"(0.992156862745098, 0.996078431372549)",1,99.25553195898252,37121
"(0.8571428571428572, 1.0)",1,99.25552995391703,37122
"(0.8952380952380952, 1.0)",1,99.25550778166348,37123
"(0.9320397146712937, 0.996078431372549)",1,99.25549838690011,37124
"(0.8376068376068376, 1.0)",2,99.255463980464,37126
"(0.8952380952380952, 1.0)",1,99.25541518907087,37127
"(0.9803921568627452, 0.996078431372549)",1,99.2553825366915,37128
"(0.9807902108211706, 0.996078431372549)",1,99.25536908456694,37129
"(0.9168115942028986, 0.996078431372549)",1,99.2553505736948,37130
"(0.6875653082549634, 1.0)",1,99.25533087602054,37131
"(0.6156045751633987, 1.0)",1,99.2553059434832,37132
"(0.976661220043573, 1.0)",2,99.25522981547758,37134
"(0.8889459760512393, 0.996078431372549)",1,99.25521876586916,37135
"(0.9306746031746032, 1.0)",1,99.25519456501418,37136
"(0.8888888888888888, 1.0)",1,99.25510398508108,37137
"(0.9803921568627452, 0.996078431372549)",1,99.25506744099712,37138
"(0.9886710239651416, 0.996078431372549)",1,99.25504213966286,37139
"(0.9018073680369506, 0.996078431372549)",1,99.25493506443844,37140
"(0.9731377053745476, 0.996078431372549)",1,99.25489412319158,37141
"(0.9609224859534458, 0.996078431372549)",1,99.25485463459702,37142
"(0.9841269841269842, 1.0)",1,99.25480367585632,37143
"(0.875, 1.0)",1,99.25478774340333,37144
"(0.896551724137931, 1.0)",1,99.25472887550396,37145
"(0.976851851851852, 0.996078431372549)",1,99.25466885425114,37146
"(0.9394676075558428, 0.996078431372549)",1,99.2546543904441,37147
"(0.9018073680369506, 0.996078431372549)",1,99.25463150333428,37148
"(0.9333333333333332, 1.0)",1,99.25462185818138,37149
"(0.9579248366013072, 0.996078431372549)",1,99.2545681605977,37150
"(0.9407729468599032, 1.0)",1,99.2545404171604,37151
"(0.984313725490196, 0.996078431372549)",1,99.25453159041402,37152
"(0.7840187590187591, 1.0)",1,99.2545015036358,37153
"(0.9047619047619048, 1.0)",1,99.25446263043594,37154
"(0.8275809031622985, 1.0)",1,99.25444883809476,37155
"(0.8600272232304901, 1.0)",1,99.2542345083458,37156
"(0.9248591174906964, 0.996078431372549)",2,99.25423109541552,37158
"(0.9272424525365702, 0.996078431372549)",1,99.25422854059012,37159
"(0.8468468468468467, 1.0)",1,99.25417253589296,37160
"(0.8627450980392157, 1.0)",4,99.25407598937012,37164
"(0.9318498265866688, 0.996078431372549)",1,99.25397483303796,37165
"(1.0, 0.9841269841269842)",1,99.2539682539684,37166
"(0.9023809523809524, 1.0)",1,99.2539464799198,37167
"(0.977218782249742, 0.996078431372549)",1,99.25394273768896,37168
"(0.9894736842105264, 0.996078431372549)",1,99.25391931973486,37169
"(0.9280112044817928, 0.996078431372549)",1,99.25386699648624,37170
"(0.9491329966329968, 0.996078431372549)",1,99.253859593603,37171
"(0.9894736842105264, 0.996078431372549)",1,99.25383970851648,37172
"(0.9230769230769232, 1.0)",1,99.25382969433312,37173
"(0.7538126361655774, 1.0)",1,99.25381263616558,37174
"(0.9841269841269842, 1.0)",1,99.25377247833391,37175
"(0.9135802469135802, 1.0)",1,99.25365622032288,37176
"(0.8452297093744462, 1.0)",1,99.25362663809643,37177
"(0.9766612200435728, 0.996078431372549)",1,99.25360720859106,37178
"(0.9847494553376906, 0.996078431372549)",1,99.25357894496295,37179
"(0.875, 1.0)",1,99.25354817965268,37180
"(0.9320397146712937, 0.996078431372549)",1,99.25354015695362,37181
"(0.9542023172905526, 0.996078431372549)",2,99.25350965426053,37183
"(0.8888888888888888, 1.0)",1,99.25349867724869,37184
"(0.9135802469135802, 1.0)",1,99.2534635520143,37185
"(0.9135802469135802, 1.0)",1,99.25344952795932,37186
"(0.9803376906318084, 0.996078431372549)",2,99.25344312934948,37188
"(0.9731377053745476, 0.996078431372549)",1,99.2534137873366,37189
"(0.7777777777777776, 1.0)",1,99.2533724895794,37190
"(0.9572737556561086, 0.996078431372549)",1,99.25334599507836,37191
"(0.6403503049675462, 1.0)",1,99.25332912229996,37192
"(0.9919117647058824, 0.996078431372549)",1,99.25326185350048,37193
"(0.8425925925925927, 1.0)",1,99.25322367690788,37194
"(0.992156862745098, 0.996078431372549)",1,99.25315277701418,37195
"(0.8319664902998236, 1.0)",1,99.25314171722336,37196
"(1.0, 1.0)",1,99.2530809501824,37197
"(0.8350168350168351, 1.0)",1,99.25306637806638,37198
"(0.9696969696969696, 1.0)",1,99.25305604044615,37199
"(0.7081939799331105, 1.0)",1,99.25302454481576,37200
"(0.9886710239651416, 0.996078431372549)",1,99.25301021848252,37201
"(0.8423371647509579, 1.0)",1,99.25300464240212,37202
"(0.896551724137931, 1.0)",1,99.25300055599904,37203
"(0.9766612200435728, 0.996078431372549)",1,99.25291444118984,37204
"(0.740829346092504, 1.0)",1,99.25286938938254,37205
"(0.9380032206119162, 1.0)",1,99.25278706800448,37206
"(0.940967320261438, 0.996078431372549)",1,99.25278161908057,37207
"(0.909209656084656, 1.0)",1,99.25269489247312,37208
"(0.7496650452295612, 1.0)",1,99.25265102654592,37209
"(0.996078431372549, 0.996078431372549)",1,99.25262584566,37210
"(0.7975164658278694, 1.0)",1,99.25262386547016,37211
"(0.9261349042540992, 0.996078431372549)",1,99.2526051648732,37212
"(0.8518518518518519, 1.0)",1,99.25255212623634,37213
"(0.9731377053745476, 0.996078431372549)",1,99.2525343099559,37214
"(0.9886710239651416, 0.996078431372549)",1,99.25252625444296,37215
"(0.8958946706887884, 0.996078431372549)",1,99.25245198477728,37216
"(0.9565217391304348, 1.0)",1,99.25245095611228,37217
"(0.95536349042541, 0.996078431372549)",1,99.2523832874464,37218
"(0.9589484126984128, 1.0)",1,99.25237698515475,37219
"(0.9224211423699916, 1.0)",1,99.2523460864826,37220
"(0.8345959595959597, 1.0)",1,99.25232594308984,37221
"(0.9491329966329968, 0.996078431372549)",1,99.2523239098938,37222
"(0.9807902108211706, 0.996078431372549)",1,99.25231897563448,37223
"(0.8112794612794614, 1.0)",1,99.2523124098124,37224
"(0.875, 1.0)",1,99.2523122148122,37225
"(1.0, 1.0)",1,99.2523091508599,37226
"(0.9019607843137254, 1.0)",3,99.25210481723552,37229
"(0.8883205456095482, 1.0)",1,99.25202230843416,37230
"(1.0, 1.0)",2,99.25198173474035,37232
"(0.9138847117794486, 0.996078431372549)",1,99.2519740685952,37233
"(0.9731377053745476, 0.996078431372549)",1,99.25195656750576,37234
"(0.9579248366013072, 0.996078431372549)",2,99.25194845774575,37236
"(0.8571428571428572, 1.0)",1,99.25193923723336,37237
"(0.875, 1.0)",1,99.25192034213777,37238
"(0.9358798064680418, 0.996078431372549)",1,99.25191621904852,37239
"(0.984504357298475, 0.996078431372549)",1,99.25186056612526,37240
"(0.8958946706887884, 0.996078431372549)",2,99.25182276529326,37242
"(0.9841269841269842, 1.0)",1,99.25174855370936,37243
"(0.90934937783235, 0.996078431372549)",1,99.25159198420644,37244
"(0.9236094950800832, 0.996078431372549)",1,99.2515553117335,37245
"(0.9135802469135802, 1.0)",1,99.25150264991734,37246
"(0.9047619047619048, 1.0)",1,99.25144623835016,37247
"(0.9707143676183924, 0.996078431372549)",1,99.25135317092906,37248
"(0.90934937783235, 0.996078431372549)",1,99.25132766906816,37249
"(0.909209656084656, 1.0)",1,99.25117135126632,37250
"(0.9444444444444444, 1.0)",1,99.25114765027048,37251
"(0.8498168498168498, 1.0)",1,99.25113047871668,37252
"(0.8915343915343915, 1.0)",1,99.25111742032564,37253
"(0.9230769230769232, 1.0)",1,99.25110609105135,37254
"(0.8831064306064307, 1.0)",1,99.251071359424,37255
"(0.9445350241545892, 1.0)",1,99.25106610881068,37256
"(0.773034398034398, 1.0)",1,99.25105764793264,37257
"(0.9855521155830752, 0.996078431372549)",2,99.2510402149166,37259
"(0.9236094950800832, 0.996078431372549)",1,99.2509981966048,37260
"(0.984504357298475, 0.996078431372549)",1,99.25087006722995,37261
"(0.9230769230769232, 0.9841269841269842)",2,99.250798584132,37263
"(0.9261349042540992, 0.996078431372549)",1,99.2507647225116,37264
"(0.8376068376068376, 1.0)",1,99.2507492507493,37265
"(0.9483440170940168, 1.0)",1,99.25068416002556,37266
"(0.8832772166105499, 1.0)",3,99.25068141734808,37269
"(0.8502976190476191, 1.0)",1,99.25048828705616,37270
"(0.9841269841269842, 1.0)",2,99.25039267377976,37272
"(0.75, 1.0)",1,99.25038523686436,37273
"(0.9047619047619048, 1.0)",1,99.25036493297362,37274
"(0.9766612200435728, 0.996078431372549)",1,99.25035849427508,37275
"(0.9738562091503268, 0.996078431372549)",2,99.25033793319416,37277
"(0.9435178632856652, 0.996078431372549)",1,99.25033660260904,37278
"(0.8888888888888888, 1.0)",2,99.25033238366572,37280
"(0.9318498265866688, 0.996078431372549)",1,99.25032513522888,37281
"(0.95536349042541, 0.996078431372549)",2,99.25030644421535,37283
"(0.8952380952380952, 1.0)",1,99.25022569896204,37284
"(0.9847494553376906, 0.996078431372549)",1,99.25020370703903,37285
"(0.9916666666666668, 0.996078431372549)",1,99.25011554664822,37286
"(0.7996201329534663, 1.0)",1,99.25008890778264,37287
"(0.9168115942028986, 0.996078431372549)",1,99.25008369602632,37288
"(0.9674603174603176, 1.0)",1,99.25007685551164,37289
"(0.9333333333333332, 1.0)",1,99.25007215007216,37290
"(0.8345959595959597, 1.0)",1,99.25004213379214,37291
"(0.9194577352472088, 1.0)",1,99.25004064849266,37292
"(0.9333333333333332, 1.0)",1,99.2500164552796,37293
"(0.8675136116152449, 1.0)",1,99.25000704223812,37294
"(0.9881481481481482, 0.996078431372549)",1,99.2499869398562,37295
"(0.9894736842105264, 0.996078431372549)",1,99.24998045810122,37296
"(0.9023569023569024, 1.0)",1,99.24996221727947,37297
"(0.7460317460317459, 1.0)",1,99.2499525328473,37298
"(0.909209656084656, 1.0)",1,99.24992276843014,37299
"(0.9467538126361656, 0.996078431372549)",1,99.2498927875246,37300
"(0.9047619047619048, 1.0)",1,99.24988488982808,37301
"(0.8740392648287385, 1.0)",1,99.24982051482874,37302
"(0.9794117647058824, 0.996078431372549)",1,99.24967737848309,37303
"(0.8518518518518519, 1.0)",1,99.24955908289242,37304
"(0.941156690746474, 0.996078431372549)",1,99.249542653048,37305
"(0.992156862745098, 0.996078431372549)",1,99.24953947321264,37306
"(0.8465418823841762, 1.0)",1,99.24947188961974,37307
"(0.7975164658278694, 1.0)",1,99.24941244022384,37308
"(0.9813854489164088, 1.0)",1,99.24939975011807,37309
"(0.9351326548694968, 0.996078431372549)",2,99.24939080842356,37311
"(0.909209656084656, 1.0)",1,99.24933011653464,37312
"(0.8592532467532467, 1.0)",1,99.24929071824234,37313
"(0.9841269841269842, 1.0)",1,99.24928910958324,37314
"(0.865079365079365, 1.0)",1,99.24926710716186,37315
"(0.7707924493038034, 1.0)",1,99.24926009277144,37316
"(0.936026936026936, 1.0)",1,99.24925084288392,37317
"(0.8889459760512393, 0.996078431372549)",1,99.24916577689048,37318
"(0.8551296720061023, 1.0)",1,99.249072307342,37319
"(0.8705378705688304, 0.996078431372549)",1,99.2489697708654,37320
"(0.9894736842105264, 0.996078431372549)",1,99.2489572689332,37321
"(0.865079365079365, 1.0)",1,99.2489531973403,37322
"(0.9104993386243384, 1.0)",1,99.24887157726852,37323
"(0.9391865079365078, 1.0)",1,99.2488556959038,37324
"(0.8330439814814815, 1.0)",1,99.24881982600732,37325
"(0.8376068376068376, 1.0)",1,99.24881042529525,37326
"(0.992156862745098, 0.996078431372549)",1,99.24867993662131,37327
"(0.9841269841269842, 1.0)",1,99.24865723140964,37328
"(0.773034398034398, 1.0)",1,99.24848040725531,37329
"(0.75, 1.0)",1,99.24847488402476,37330
"(0.75, 1.0)",1,99.24847374847374,37331
"(0.8977777777777779, 1.0)",1,99.24842712842712,37332
"(0.8527777777777779, 1.0)",1,99.24840427180244,37333
"(0.9172932330827066, 1.0)",2,99.2483337974566,37335
"(0.9449122174122172, 0.996078431372549)",1,99.24832622629084,37336
"(0.9807902108211706, 0.996078431372549)",1,99.24831790379348,37337
"(0.8471021399193945, 0.9996213816771112)",3,99.248295264696,37340
"(0.8339307048984469, 1.0)",1,99.2482273159914,37341
"(0.8319664902998236, 1.0)",1,99.2481452652286,37342
"(0.909722222222222, 0.996078431372549)",1,99.24803745159804,37343
"(0.9866666666666668, 0.996078431372549)",1,99.247978975216,37344
"(0.9886710239651416, 0.996078431372549)",2,99.24793050519662,37346
"(0.9886710239651416, 0.992156862745098)",1,99.2479226194629,37347
"(0.8686868686868687, 1.0)",1,99.2478786580736,37348
"(0.9879901960784314, 0.996078431372549)",1,99.24777924460606,37349
"(0.9230769230769232, 1.0)",1,99.2477647955909,37350
"(0.9754435107376284, 0.996078431372549)",1,99.24775407484408,37351
"(0.9224211423699916, 1.0)",1,99.24770456025448,37352
"(0.8498168498168498, 1.0)",1,99.24764507523128,37353
"(0.8138881768037778, 0.996078431372549)",1,99.24762991519484,37354
"(0.8571024784182679, 0.996078431372549)",1,99.24761809207138,37355
"(0.8977777777777779, 1.0)",2,99.24759462759462,37357
"(0.9047619047619048, 1.0)",1,99.2475381364287,37358
"(0.8195533769063181, 0.996078431372549)",1,99.2474981336748,37359
"(0.8904991948470209, 1.0)",1,99.24748081678736,37360
"(0.896551724137931, 1.0)",1,99.2474327144926,37361
"(0.852030932030932, 0.996078431372549)",1,99.24741301824974,37362
"(0.8731060606060606, 1.0)",1,99.24740298952254,37363
"(0.9665319865319866, 0.996078431372549)",1,99.24738189914684,37364
"(0.8571024784182679, 0.996078431372549)",2,99.24733569291637,37366
"(0.980582788671024, 0.996078431372549)",1,99.24732266627868,37367
"(0.8817204301075269, 1.0)",1,99.24726255082206,37368
"(0.8253968253968256, 1.0)",1,99.24717034914404,37369
"(0.992156862745098, 0.996078431372549)",1,99.24716438228693,37370
"(0.7869981325863679, 1.0)",1,99.24715917898396,37371
"(0.8817204301075269, 1.0)",1,99.24712191000177,37372
"(0.9248591174906964, 0.996078431372549)",1,99.24711767562368,37373
"(0.9087026014109348, 1.0)",1,99.24704955795234,37374
"(0.9248591174906964, 0.996078431372549)",1,99.24704005374308,37375
"(0.8112491373360938, 1.0)",1,99.24698700698868,37376
"(0.9358798064680418, 0.996078431372549)",1,99.24697528506375,37377
"(0.980582788671024, 0.996078431372549)",1,99.24694803930636,37378
"(0.9047619047619048, 1.0)",1,99.24691358024693,37379
"(0.9023569023569024, 1.0)",1,99.24689678418582,37380
"(0.957490630284748, 0.996078431372549)",1,99.24689542999164,37381
"(0.9047619047619048, 1.0)",1,99.2468671679198,37382
"(0.9320397146712937, 0.996078431372549)",1,99.2468069767066,37383
"(0.9602089783281734, 1.0)",1,99.24677359247794,37384
"(0.9855521155830752, 0.996078431372549)",2,99.24676671253306,37386
"(0.984313725490196, 0.996078431372549)",1,99.2467599904834,37387
"(0.833064949006978, 1.0)",1,99.2467295452803,37388
"(0.8425925925925927, 0.9841269841269842)",1,99.24671957671966,37389
"(0.9855521155830752, 0.996078431372549)",1,99.2466815892829,37390
"(0.9230769230769232, 1.0)",1,99.24665246660132,37391
"(0.9138847117794486, 0.996078431372549)",1,99.2465764624668,37392
"(0.9497685185185184, 1.0)",1,99.24655805155804,37393
"(0.9838235294117648, 0.996078431372549)",1,99.24653243674985,37394
"(0.9197362278244632, 0.996078431372549)",1,99.24649884515226,37395
"(0.922050500014663, 1.0)",1,99.24649820367928,37396
"(0.984313725490196, 0.996078431372549)",1,99.2464712127786,37397
"(0.8750600325600326, 1.0)",1,99.2464485391284,37398
"(1.0, 1.0)",1,99.24642024642026,37399
"(0.9742231395482168, 0.996078431372549)",1,99.24638734755956,37400
"(0.9411376480416728, 0.996078431372549)",1,99.24631956004112,37401
"(0.9230769230769232, 0.9841269841269842)",1,99.24630924630934,37402
"(0.9630228758169934, 0.996078431372549)",1,99.2463051596955,37403
"(0.875, 1.0)",1,99.24627020905132,37404
"(0.9882352941176472, 0.996078431372549)",1,99.24626043594849,37405
"(0.9, 1.0)",1,99.24625283748094,37406
"(0.8112491373360938, 1.0)",1,99.24610025843722,37407
"(0.8817204301075269, 1.0)",1,99.24608838410172,37408
"(0.9171090534979424, 1.0)",1,99.24605908721512,37409
"(0.9886710239651416, 0.996078431372549)",1,99.2460224752317,37410
"(0.875, 1.0)",1,99.2460158869579,37411
"(0.9855521155830752, 0.996078431372549)",1,99.24597274777382,37412
"(0.8350168350168351, 1.0)",1,99.24595408805936,37413
"(0.9704901960784316, 0.996078431372549)",1,99.24593171206904,37414
"(0.9087026014109348, 1.0)",2,99.24590498236331,37416
"(0.8925865800865801, 1.0)",1,99.2459021071521,37417
"(0.965272331154684, 0.996078431372549)",1,99.24588569945914,37418
"(0.9230769230769232, 1.0)",1,99.24586449513986,37419
"(0.8666666666666667, 1.0)",1,99.24583087682674,37420
"(0.7544006919006919, 1.0)",1,99.24574371489672,37421
"(0.7167919799498746, 1.0)",1,99.24568086883876,37422
"(0.9047619047619048, 1.0)",1,99.245678042704,37423
"(0.9688764394646748, 0.996078431372549)",1,99.24564947598762,37424
"(0.984313725490196, 0.996078431372549)",1,99.24563747661148,37425
"(0.8958964646464646, 1.0)",1,99.24563433966938,37426
"(0.941156690746474, 0.996078431372549)",1,99.2455927685748,37427
"(0.8627450980392157, 1.0)",1,99.24558986814384,37428
"(0.7200000000000001, 1.0)",1,99.24554276783178,37429
"(0.896551724137931, 1.0)",1,99.24552464664026,37430
"(0.9707143676183924, 0.996078431372549)",1,99.24544375603098,37431
"(1.0, 1.0)",1,99.24539383380846,37432
"(0.8888888888888888, 1.0)",1,99.24533071591895,37433
"(0.9445350241545892, 1.0)",2,99.245255786835,37435
"(0.9333333333333332, 1.0)",1,99.2451355661882,37436
"(0.8791208791208792, 1.0)",1,99.2451227784561,37437
"(0.9333333333333332, 1.0)",1,99.2450984363265,37438
"(0.8281746031746032, 1.0)",2,99.24508432539682,37440
"(0.9568181818181818, 0.996078431372549)",1,99.24506448815364,37441
"(0.9135802469135802, 1.0)",1,99.24505866016614,37442
"(0.9230769230769232, 1.0)",1,99.24502547261169,37443
"(0.9449122174122172, 0.996078431372549)",1,99.24502085576412,37444
"(0.9399223139548216, 0.996078431372549)",1,99.245004146019,37445
"(0.9351326548694968, 0.996078431372549)",1,99.24476201466904,37446
"(0.5951421188630491, 1.0)",1,99.24474599408934,37447
"(0.9236094950800832, 0.996078431372549)",1,99.2446599152484,37448
"(0.992156862745098, 0.996078431372549)",1,99.24464720037086,37449
"(0.9916666666666668, 0.996078431372549)",1,99.24464312805668,37450
"(0.8264567669172932, 1.0)",1,99.24457168132156,37451
"(0.976661220043573, 0.996078431372549)",2,99.2444360028805,37453
"(0.9769410044719642, 0.996078431372549)",2,99.24440933864982,37455
"(0.6856760145918833, 1.0)",1,99.24437166015346,37456
"(0.8425925925925927, 1.0)",1,99.24425968367144,37457
"(0.8817204301075269, 1.0)",2,99.24420607695356,37459
"(0.9224211423699916, 1.0)",4,99.2442037132754,37463
"(0.9691305469556244, 0.996078431372549)",2,99.24416146260587,37465
"(1.0, 1.0)",1,99.24415386009588,37466
"(0.8275809031622985, 1.0)",1,99.24407985494426,37467
"(0.9135802469135802, 1.0)",1,99.2440645773979,37468
"(0.9811403508771928, 0.996078431372549)",2,99.24405142758869,37470
"(0.909209656084656, 1.0)",1,99.24403976515772,37471
"(0.9023809523809524, 1.0)",1,99.24403410487002,37472
"(0.9194577352472088, 1.0)",1,99.24397370237187,37473
"(0.909209656084656, 1.0)",1,99.24393517641364,37474
"(0.9391865079365078, 1.0)",1,99.24392047036784,37475
"(0.9168478260869564, 1.0)",1,99.2439047669232,37476
"(0.9292181620122796, 0.996078431372549)",1,99.24385505380629,37477
"(0.9808278867102396, 0.996078431372549)",1,99.24383601978808,37478
"(0.9602089783281734, 0.996078431372549)",1,99.24377711469825,37479
"(0.9386724386724388, 1.0)",1,99.24374948722776,37480
"(0.8415692007797271, 1.0)",1,99.24373547083712,37481
"(0.947088068181818, 1.0)",2,99.24367191015376,37483
"(0.7975164658278694, 1.0)",1,99.24366184004684,37484
"(0.9023569023569024, 1.0)",1,99.24355923478733,37485
"(0.7655874753001977, 1.0)",1,99.24353366450973,37486
"(0.978144708175668, 0.996078431372549)",1,99.24350839988767,37487
"(0.9138847117794486, 0.996078431372549)",1,99.2435041338807,37488
"(0.9342814048696402, 0.996078431372549)",1,99.24346450823894,37489
"(0.984967320261438, 0.996078431372549)",1,99.24343582160408,37490
"(0.976851851851852, 0.996078431372549)",1,99.24338600991204,37491
"(0.6403503049675462, 1.0)",1,99.24336397753343,37492
"(0.978144708175668, 0.996078431372549)",1,99.24336246326874,37493
"(0.8833628057765988, 1.0)",2,99.24335032982664,37495
"(0.9327096052096052, 1.0)",1,99.24327857878546,37496
"(0.9855521155830752, 0.996078431372549)",1,99.24324013358222,37497
"(0.9466013071895424, 0.996078431372549)",1,99.2432370885624,37498
"(0.9138847117794486, 0.996078431372549)",1,99.24323583691871,37499
"(0.9380939833113746, 0.996078431372549)",1,99.24321310895,37500
"(0.8586378737541528, 1.0)",1,99.243178227639,37501
"(0.8518954248366013, 1.0)",1,99.24317001444452,37502
"(0.8112491373360938, 1.0)",1,99.24312511542686,37503
"(0.8817204301075269, 1.0)",1,99.243124395071,37504
"(0.9841269841269842, 1.0)",1,99.24311785905988,37505
"(0.9224211423699916, 1.0)",1,99.24309472166426,37506
"(0.8592532467532467, 1.0)",2,99.24301696329998,37508
"(0.9320397146712937, 0.996078431372549)",1,99.24299819285052,37509
"(0.8264567669172932, 1.0)",1,99.24298318739912,37510
"(0.9886710239651416, 0.996078431372549)",1,99.24294019362148,37511
"(0.8675136116152449, 1.0)",1,99.24293482782592,37512
"(0.896551724137931, 1.0)",4,99.24292853573212,37516
"(0.7869981325863679, 1.0)",1,99.2428145080451,37517
"(0.8748472964943552, 0.996078431372549)",2,99.24278430535853,37519
"(0.8053221288515406, 1.0)",1,99.24277818276047,37520
"(0.909209656084656, 1.0)",1,99.24275271512111,37521
"(0.8571428571428572, 1.0)",1,99.24272008421336,37522
"(0.9882352941176472, 0.992156862745098)",1,99.24271958491,37523
"(1.0, 1.0)",1,99.24270557029178,37524
"(0.9696969696969696, 1.0)",1,99.24269186308166,37525
"(0.9224211423699916, 1.0)",1,99.24262316257207,37526
"(0.9449122174122172, 0.996078431372549)",2,99.24250661011487,37528
"(0.8129898303922073, 1.0)",2,99.24246380587424,37530
"(0.978144708175668, 0.996078431372549)",1,99.24245019882947,37531
"(1.0, 1.0)",1,99.2424369003317,37532
"(0.9135802469135802, 1.0)",1,99.24243257106002,37533
"(0.9047619047619048, 1.0)",1,99.24236874236874,37534
"(0.9288733763656364, 0.996078431372549)",1,99.24235461718526,37535
"(0.8571428571428572, 0.986574074074074)",1,99.24228591316796,37536
"(0.8055555555555555, 1.0)",1,99.24218140160394,37537
"(0.9280112044817928, 0.996078431372549)",1,99.24215345660282,37538
"(0.8375771604938271, 1.0)",1,99.2421515186866,37539
"(0.8873002904865649, 1.0)",2,99.24214649003864,37541
"(0.8586378737541528, 1.0)",1,99.24211507370744,37542
"(0.940311437215462, 0.996078431372549)",1,99.2420916229742,37543
"(0.9589484126984128, 1.0)",1,99.24205333917293,37544
"(1.0, 1.0)",1,99.2419729695592,37545
"(0.9444444444444444, 1.0)",1,99.24196490573304,37546
"(0.9696969696969696, 1.0)",1,99.24181874388272,37547
"(1.0, 1.0)",1,99.2418166628693,37548
"(0.7167919799498746, 1.0)",1,99.24180079829202,37549
"(0.9135802469135802, 1.0)",1,99.24170675554352,37550
"(0.9168115942028986, 0.996078431372549)",1,99.2417022609503,37551
"(0.879008834302952, 0.996078431372549)",1,99.2416651833534,37552
"(0.9847494553376906, 0.996078431372549)",2,99.24153352409554,37554
"(0.9248366013071896, 1.0)",1,99.2415032679739,37555
"(0.9023569023569024, 1.0)",1,99.24137292835653,37556
"(0.941156690746474, 0.996078431372549)",1,99.24136014108686,37557
"(0.9641868969810148, 0.996078431372549)",1,99.24119909155304,37558
"(0.9047619047619048, 1.0)",1,99.24116624116624,37559
"(0.896551724137931, 1.0)",1,99.24113566297474,37560
"(0.984967320261438, 0.996078431372549)",1,99.24110525496752,37561
"(0.8803174603174604, 0.9841269841269842)",1,99.24108385441724,37562
"(0.8616898148148148, 1.0)",2,99.24107649818755,37564
"(0.9882352941176472, 0.996078431372549)",1,99.24099722345088,37565
"(0.8345959595959597, 1.0)",1,99.2409709991654,37566
"(0.9881481481481482, 0.996078431372549)",1,99.2409545104593,37567
"(0.9444444444444444, 1.0)",1,99.2409010742344,37568
"(0.9615343915343916, 1.0)",1,99.24089898459384,37569
"(0.9609224859534458, 0.996078431372549)",1,99.2408672178934,37570
"(0.9047619047619048, 1.0)",1,99.24074074074072,37571
"(0.9197362278244632, 0.996078431372549)",1,99.2406236104226,37572
"(0.9803050108932462, 0.996078431372549)",1,99.24060648427393,37573
"(0.996078431372549, 0.996078431372549)",1,99.24058638500604,37574
"(0.8319664902998236, 1.0)",1,99.24050742560746,37575
"(0.9696969696969696, 1.0)",1,99.24050442311312,37576
"(1.0, 1.0)",2,99.2404475887852,37578
"(0.976661220043573, 0.996078431372549)",1,99.2403770833572,37579
"(0.9236094950800832, 0.996078431372549)",1,99.24031557159256,37580
"(0.9542592592592593, 0.996078431372549)",1,99.24031037561237,37581
"(0.9696969696969696, 1.0)",1,99.2403062886934,37582
"(0.9803921568627452, 0.996078431372549)",1,99.2402633902911,37583
"(0.9841269841269842, 1.0)",1,99.24026008881084,37584
"(0.992156862745098, 0.996078431372549)",1,99.24019245975924,37585
"(0.9882352941176472, 0.996078431372549)",1,99.24009837050784,37586
"(0.962458433665864, 0.996078431372549)",1,99.24008898302236,37587
"(0.992156862745098, 0.996078431372549)",1,99.23997845766696,37588
"(0.7544006919006919, 1.0)",1,99.23988077145069,37589
"(0.9, 1.0)",1,99.2398393375018,37590
"(0.9667927989909412, 0.996078431372549)",2,99.23983312005916,37592
"(0.8958946706887884, 0.996078431372549)",2,99.23975166548864,37594
"(0.7200000000000001, 1.0)",4,99.23974012993504,37598
"(0.896551724137931, 1.0)",1,99.23971012519108,37599
"(0.9047619047619048, 1.0)",1,99.23970362338484,37600
"(0.875, 1.0)",2,99.239681253187,37602
"(0.9886710239651416, 0.996078431372549)",2,99.23966273379293,37604
"(0.8958946706887884, 0.996078431372549)",1,99.23946241162332,37605
"(0.9882352941176472, 0.996078431372549)",1,99.23939786557922,37606
"(0.8817204301075269, 1.0)",1,99.23939238777947,37607
"(0.9327096052096052, 1.0)",1,99.23936895637456,37608
"(0.8571024784182679, 0.996078431372549)",1,99.23935394040672,37609
"(0.896551724137931, 1.0)",2,99.2393049486116,37611
"(0.978144708175668, 0.996078431372549)",1,99.23924008467804,37612
"(0.9192251461988304, 0.996078431372549)",1,99.23918425842804,37613
"(0.8266666666666667, 1.0)",1,99.23911224577893,37614
"(0.8521317829457364, 1.0)",1,99.23904819197216,37615
"(0.9691305469556244, 0.996078431372549)",1,99.23903107441824,37616
"(0.9327096052096052, 1.0)",1,99.23895505719037,37617
"(0.9840686274509804, 0.996078431372549)",1,99.2389518582554,37618
"(0.992156862745098, 0.996078431372549)",2,99.238943961955,37620
"(0.9800599128540306, 0.996078431372549)",1,99.23890035546408,37621
"(0.9803921568627452, 0.996078431372549)",2,99.23883078116268,37623
"(0.9444444444444444, 1.0)",4,99.23880563880564,37627
"(0.9135802469135802, 1.0)",1,99.23878885473088,37628
"(0.9879901960784314, 0.996078431372549)",1,99.23878238731814,37629
"(0.941156690746474, 0.996078431372549)",1,99.2386484471942,37630
"(0.9135499685499686, 0.996078431372549)",1,99.23864657444392,37631
"(0.5640273704789834, 1.0)",1,99.2385562486692,37632
"(0.9444444444444444, 1.0)",1,99.23851421159274,37633
"(0.9925925925925926, 0.996078431372549)",1,99.23849039918788,37634
"(0.9813854489164088, 0.996078431372549)",1,99.23847125165877,37635
"(0.9591269841269842, 0.996078431372549)",1,99.23846239256542,37636
"(0.976851851851852, 0.996078431372549)",1,99.23842261377374,37637
"(0.9731377053745476, 0.996078431372549)",1,99.2384044706112,37638
"(0.9827450980392156, 0.996078431372549)",1,99.23839378526554,37639
"(0.9788235294117646, 0.996078431372549)",2,99.23833020963691,37641
"(0.773034398034398, 1.0)",1,99.23825836575836,37642
"(0.9882352941176472, 0.996078431372549)",1,99.23823479571696,37643
"(0.8551296720061023, 1.0)",1,99.23819501757146,37644
"(0.896551724137931, 1.0)",1,99.23816663097024,37645
"(0.9280112044817928, 0.996078431372549)",1,99.23812929817598,37646
"(1.0, 1.0)",1,99.23809523809538,37647
"(0.9292181620122796, 0.996078431372549)",1,99.23802209212931,37648
"(0.9224211423699916, 1.0)",1,99.23798277372116,37649
"(0.6156045751633987, 1.0)",1,99.23797838720223,37650
"(0.8991666666666667, 1.0)",1,99.23797327915749,37651
"(0.984504357298475, 0.996078431372549)",1,99.23795668513831,37652
"(0.896551724137931, 1.0)",2,99.23795351231392,37654
"(0.808641975308642, 1.0)",1,99.23795174512188,37655
"(0.8138881768037778, 0.996078431372549)",1,99.23792702896206,37656
"(0.9662707390648568, 0.996078431372549)",1,99.23791239008249,37657
"(0.9047619047619048, 1.0)",1,99.23788476358855,37658
"(0.9565217391304348, 1.0)",1,99.23776012036882,37659
"(0.8627450980392157, 1.0)",1,99.2377450980392,37660
"(0.9651330532212884, 0.996078431372549)",1,99.2377167592184,37661
"(0.9592592592592591, 1.0)",1,99.2377011983904,37662
"(0.9727743378052977, 0.996078431372549)",1,99.2376140959818,37663
"(1.0, 1.0)",2,99.23759546947952,37665
"(0.9206349206349206, 1.0)",1,99.2374037861452,37666
"(1.0, 1.0)",2,99.23737373737372,37668
"(0.896551724137931, 1.0)",1,99.23730576769084,37669
"(0.8592532467532467, 1.0)",1,99.23730479589857,37670
"(0.9925925925925926, 0.996078431372549)",1,99.23725219524071,37671
"(0.976851851851852, 0.996078431372549)",2,99.23723168214656,37673
"(0.9023569023569024, 1.0)",1,99.23720278473787,37674
"(0.9465811965811968, 1.0)",2,99.237185330102,37676
"(0.8817204301075269, 1.0)",2,99.23713718173794,37678
"(0.7971704623878537, 0.996078431372549)",1,99.2370928960489,37679
"(0.9667927989909412, 0.996078431372549)",1,99.2370381056843,37680
"(0.9879901960784314, 0.996078431372549)",1,99.23700227315412,37681
"(0.9318498265866688, 0.996078431372549)",1,99.23699053865192,37682
"(0.947088068181818, 1.0)",1,99.23695098304474,37683
"(0.949639417170377, 0.996078431372549)",1,99.2369453640044,37684
"(0.9243650793650792, 1.0)",1,99.23682912766246,37685
"(0.9261349042540992, 0.996078431372549)",1,99.23682432218727,37686
"(0.8817204301075269, 1.0)",1,99.23682383648136,37687
"(0.992156862745098, 0.996078431372549)",1,99.2368129777575,37688
"(0.9320397146712937, 0.996078431372549)",1,99.23676781766582,37689
"(0.965272331154684, 0.996078431372549)",1,99.23675119526598,37690
"(0.9609224859534458, 0.996078431372549)",1,99.23670055122672,37691
"(0.9280112044817928, 0.996078431372549)",1,99.23669260626232,37692
"(0.9688764394646748, 0.996078431372549)",1,99.23667013699544,37693
"(0.9023569023569024, 1.0)",1,99.23651595318262,37694
"(0.7400546757164405, 1.0)",1,99.23643135459312,37695
"(1.0, 1.0)",1,99.2364254935956,37696
"(0.9696969696969696, 1.0)",1,99.23636363636363,37697
"(0.9674603174603176, 1.0)",1,99.23628350273704,37698
"(0.879008834302952, 0.996078431372549)",1,99.23627895553604,37699
"(0.89, 1.0)",2,99.23622152539924,37701
"(0.8915343915343915, 1.0)",1,99.23609206414048,37702
"(0.8817204301075269, 1.0)",1,99.23609120553093,37703
"(0.9342814048696402, 0.996078431372549)",1,99.23606634106658,37704
"(0.7869981325863679, 1.0)",1,99.2360427768567,37705
"(0.9754901960784312, 0.996078431372549)",1,99.23599990496412,37706
"(0.8439484126984128, 1.0)",1,99.23594783399471,37707
"(0.9318498265866688, 0.996078431372549)",1,99.23594688849916,37708
"(0.9803050108932462, 0.996078431372549)",1,99.23591761265934,37709
"(0.9369934640522876, 0.996078431372549)",1,99.2359147942516,37710
"(0.7555555555555554, 1.0)",2,99.23589777081156,37712
"(0.8330439814814815, 1.0)",1,99.23585307316088,37713
"(0.9224211423699916, 1.0)",1,99.2357954873233,37714
"(0.9023809523809524, 1.0)",1,99.23572161857098,37715
"(0.8763636363636363, 1.0)",1,99.23566315327184,37716
"(0.8666666666666667, 1.0)",1,99.2354586865094,37717
"(0.8666666666666667, 1.0)",1,99.23541330155494,37718
"(0.980582788671024, 0.996078431372549)",1,99.23541324717046,37719
"(0.9696969696969696, 1.0)",1,99.2353231563758,37720
"(0.9411376480416728, 0.996078431372549)",1,99.23528503001428,37721
"(0.9342814048696402, 0.996078431372549)",1,99.23516137576168,37722
"(0.9023569023569024, 1.0)",1,99.23501965576602,37723
"(0.9841269841269842, 1.0)",2,99.23500687055676,37725
"(0.8817204301075269, 1.0)",1,99.23498129967274,37726
"(0.9135802469135802, 1.0)",1,99.2349695279066,37727
"(0.875, 1.0)",4,99.23486504102448,37731
"(0.9803376906318084, 1.0)",1,99.23483606893058,37732
"(0.9197362278244632, 0.996078431372549)",1,99.23480809333672,37733
"(0.6156045751633987, 1.0)",1,99.23473374707812,37734
"(0.9224211423699916, 1.0)",1,99.23469501986126,37735
"(0.896551724137931, 1.0)",1,99.23467734121093,37736
"(0.8170426065162907, 1.0)",1,99.2346592978172,37737
"(0.9754901960784312, 0.996078431372549)",2,99.23465766689466,37739
"(0.9662707390648568, 0.996078431372549)",1,99.23461008310304,37740
"(0.6856760145918833, 1.0)",1,99.23460710735418,37741
"(0.9444444444444444, 1.0)",1,99.23449836402357,37742
"(0.8831064306064307, 1.0)",1,99.23442537400872,37743
"(0.9882352941176472, 0.996078431372549)",1,99.23436825672906,37744
"(0.9399138116785176, 0.996078431372549)",1,99.23436816652006,37745
"(0.9738562091503268, 0.996078431372549)",1,99.2343300653596,37746
"(1.0, 1.0)",1,99.2342995169082,37747
"(0.9399138116785176, 0.996078431372549)",1,99.23426954190036,37748
"(0.9766612200435728, 0.996078431372549)",1,99.23414795870058,37749
"(0.8571024784182679, 0.996078431372549)",1,99.2341362354065,37750
"(0.9386724386724388, 1.0)",1,99.23410451671322,37751
"(0.7708333333333334, 1.0)",1,99.23406862745098,37752
"(0.8592532467532467, 1.0)",1,99.2340562585423,37753
"(0.9358798064680418, 0.996078431372549)",1,99.23399689155924,37754
"(0.9168115942028986, 0.996078431372549)",1,99.23399425674177,37755
"(0.90934937783235, 0.996078431372549)",2,99.23398345359514,37757
"(0.8439484126984128, 1.0)",1,99.2339767958626,37758
"(0.875593542260209, 1.0)",1,99.233918386066,37759
"(0.8831018518518517, 1.0)",1,99.23385724651249,37760
"(0.9816305469556244, 0.996078431372549)",1,99.2338116533164,37761
"(0.9358798064680418, 0.996078431372549)",1,99.23370814313564,37762
"(0.909209656084656, 1.0)",1,99.2336386937496,37763
"(0.8714344685242518, 0.996078431372549)",1,99.23358834176967,37764
"(0.8275809031622985, 1.0)",1,99.23358685976608,37765
"(0.683375104427736, 1.0)",1,99.23356574924752,37766
"(0.9333333333333332, 1.0)",1,99.2334497493918,37767
"(0.9698658410732716, 0.996078431372549)",1,99.2334264079003,37768
"(0.9386724386724388, 1.0)",1,99.23342213342214,37769
"(0.9886710239651416, 0.996078431372549)",2,99.23340696868635,37771
"(0.9213117283950616, 1.0)",1,99.23321671077284,37772
"(0.9230769230769232, 1.0)",1,99.23313897379496,37773
"(0.914421596921597, 0.996078431372549)",1,99.23312727674826,37774
"(0.9769410044719642, 0.996078431372549)",1,99.23310797774508,37775
"(0.657312925170068, 1.0)",1,99.23307050092764,37776
"(0.9172932330827066, 1.0)",1,99.23301559144504,37777
"(0.896551724137931, 1.0)",1,99.233008594276,37778
"(0.9589484126984128, 1.0)",1,99.23298526021844,37779
"(0.9467538126361656, 0.996078431372549)",1,99.23293503142908,37780
"(0.8468468468468467, 1.0)",1,99.23290523290524,37781
"(0.8888888888888888, 1.0)",1,99.2328801802486,37782
"(0.934644785450412, 0.996078431372549)",1,99.23278060703072,37783
"(0.8817204301075269, 1.0)",1,99.23276568743462,37784
"(0.8571024784182679, 0.996078431372549)",1,99.23275632246312,37785
"(0.9881481481481482, 0.996078431372549)",1,99.23273535655149,37786
"(0.9333333333333332, 1.0)",1,99.23273366534237,37787
"(0.6856760145918833, 1.0)",1,99.23267761998667,37788
"(0.9444444444444444, 1.0)",1,99.2326615152702,37789
"(0.8958946706887884, 0.996078431372549)",1,99.2326135125836,37790
"(0.8642623716153127, 1.0)",1,99.23257397854346,37791
"(0.9803921568627452, 0.996078431372549)",1,99.23241485008538,37792
"(0.8562394622920938, 0.996078431372549)",1,99.23237251732736,37793
"(0.8705805822084891, 1.0)",1,99.23235694961797,37794
"(0.909722222222222, 0.996078431372549)",1,99.23230773378955,37795
"(0.9704892057833234, 0.996078431372549)",1,99.23219796727624,37796
"(0.896551724137931, 1.0)",1,99.23217817498175,37797
"(0.8275809031622985, 1.0)",1,99.23217587246316,37798
"(0.8731060606060606, 1.0)",1,99.23211330966257,37799
"(0.9230769230769232, 1.0)",2,99.2321011304993,37801
"(0.9224211423699916, 1.0)",1,99.23208605087169,37802
"(0.8952380952380952, 1.0)",2,99.23200631507083,37804
"(0.8958946706887884, 0.996078431372549)",1,99.23199778870384,37805
"(0.8888888888888888, 1.0)",2,99.23195298853192,37807
"(0.9731377053745476, 0.996078431372549)",1,99.23194999248624,37808
"(0.9197362278244632, 0.996078431372549)",1,99.2318222371936,37809
"(0.980582788671024, 0.996078431372549)",1,99.23182149048569,37810
"(0.6856760145918833, 1.0)",2,99.2317702653659,37812
"(0.8977777777777779, 1.0)",1,99.2317216117216,37813
"(0.9841269841269842, 1.0)",2,99.23169482846902,37815
"(0.9759803921568628, 0.996078431372549)",1,99.23155200091752,37816
"(0.97718610251118, 0.996078431372549)",1,99.23153904517706,37817
"(1.0, 1.0)",1,99.2315274351888,37818
"(0.8627450980392157, 1.0)",2,99.23152124942408,37820
"(0.9168115942028986, 0.996078431372549)",1,99.23145555705132,37821
"(0.909722222222222, 1.0)",2,99.23144318384088,37823
"(0.9813854489164088, 0.996078431372549)",1,99.2314135420251,37824
"(0.9224211423699916, 1.0)",1,99.2313975524334,37825
"(0.8635440917107585, 0.996078431372549)",1,99.2313345534358,37826
"(0.883580779054917, 1.0)",1,99.23125087130836,37827
"(0.8705805822084891, 1.0)",1,99.23124092404682,37828
"(0.9731092436974792, 0.996078431372549)",1,99.23123728695218,37829
"(0.9065438871473354, 1.0)",1,99.23120461939529,37830
"(0.9411376480416728, 0.996078431372549)",1,99.23118542920318,37831
"(0.9248366013071896, 1.0)",1,99.23113237282035,37832
"(0.9840686274509804, 0.996078431372549)",1,99.23112488311548,37833
"(0.9047619047619048, 1.0)",1,99.2310755783795,37834
"(0.9760659819483348, 1.0)",1,99.23106569603588,37835
"(1.0, 1.0)",2,99.23099415204678,37837
"(0.7971704623878537, 0.996078431372549)",1,99.23090648438396,37838
"(0.903779788734022, 0.996078431372549)",1,99.23086830250224,37839
"(0.9023569023569024, 1.0)",1,99.2308000641334,37840
"(0.9754901960784312, 0.996078431372549)",1,99.23076767290364,37841
"(1.0, 1.0)",1,99.23072680184124,37842
"(0.8889459760512393, 0.996078431372549)",1,99.23072420871206,37843
"(0.9333333333333332, 1.0)",1,99.23071895424836,37844
"(0.9135802469135802, 1.0)",1,99.23066500177944,37845
"(0.9760659819483348, 1.0)",1,99.2306299661884,37846
"(0.9803376906318084, 0.996078431372549)",1,99.23059913822011,37847
"(0.9444444444444444, 1.0)",1,99.2305500504989,37848
"(0.9816305469556244, 0.996078431372549)",1,99.23051011051808,37849
"(0.958531746031746, 1.0)",1,99.23049323667809,37850
"(0.9641868969810148, 0.996078431372549)",1,99.23045051995383,37851
"(0.9838235294117648, 0.996078431372549)",1,99.23041879900882,37852
"(0.8888888888888888, 1.0)",1,99.23036118825593,37853
"(0.9919117647058824, 0.996078431372549)",1,99.23035880339155,37854
"(0.9879901960784314, 0.996078431372549)",1,99.2303044001737,37855
"(1.0, 1.0)",1,99.2302993873822,37856
"(0.9696969696969696, 1.0)",1,99.23021519543258,37857
"(0.9142520753512132, 1.0)",1,99.2302022616643,37858
"(0.8925865800865801, 1.0)",1,99.23019795106325,37859
"(0.8832772166105499, 1.0)",1,99.23019079685749,37860
"(0.9507101086048454, 1.0)",1,99.23016261419428,37861
"(0.9803921568627452, 0.996078431372549)",1,99.23014289958422,37862
"(0.8897707231040564, 1.0)",1,99.2301214634548,37863
"(0.9358798064680418, 0.996078431372549)",1,99.23011354871352,37864
"(0.9879901960784314, 0.996078431372549)",1,99.23006987617605,37865
"(0.9738562091503268, 0.996078431372549)",1,99.2300626975939,37866
"(0.978144708175668, 0.996078431372549)",1,99.23006144293694,37867
"(0.984504357298475, 0.996078431372549)",2,99.2299767801858,37869
"(0.9230769230769232, 1.0)",1,99.22997434016924,37870
"(0.9449122174122172, 0.996078431372549)",1,99.2298702711692,37871
"(0.7285362280652224, 1.0)",1,99.22984162590085,37872
"(0.9674603174603176, 1.0)",1,99.22983939212988,37873
"(0.9351258309591644, 1.0)",1,99.2298301664526,37874
"(0.5, 1.0)",1,99.22978658768132,37875
"(0.9342814048696402, 0.996078431372549)",1,99.22978105153172,37876
"(1.0, 1.0)",1,99.22971542681688,37877
"(1.0, 1.0)",1,99.22969692824763,37878
"(0.8831018518518517, 1.0)",1,99.22969638141892,37879
"(0.9135802469135802, 1.0)",1,99.22965598404195,37880
"(0.7971704623878537, 0.996078431372549)",1,99.2296386835947,37881
"(0.9318498265866688, 0.996078431372549)",1,99.22961580582825,37882
"(0.9333333333333332, 1.0)",1,99.22960083326215,37883
"(0.965272331154684, 0.996078431372549)",1,99.229600296409,37884
"(0.9662707390648568, 0.996078431372549)",1,99.22959283776603,37885
"(0.95536349042541, 0.996078431372549)",1,99.22956405347908,37886
"(0.9886710239651416, 0.996078431372549)",1,99.2295613121544,37887
"(0.9803050108932462, 0.996078431372549)",1,99.22953617704415,37888
"(0.7982954545454546, 1.0)",1,99.2294792133154,37889
"(0.9807902108211706, 0.996078431372549)",1,99.2294725102518,37890
"(0.9925925925925926, 0.996078431372549)",1,99.22946948848676,37891
"(0.8417927170868348, 0.996078431372549)",1,99.2294308666538,37892
"(0.9333333333333332, 1.0)",1,99.22942612942616,37893
"(0.909209656084656, 1.0)",1,99.22939349027406,37894
"(0.879008834302952, 0.996078431372549)",2,99.22936098279035,37896
"(0.8067271451483561, 1.0)",1,99.2292807907358,37897
"(0.9444444444444444, 1.0)",1,99.22918627266452,37898
"(0.9087026014109348, 1.0)",2,99.22914958455202,37900
"(0.8999968988126883, 0.996078431372549)",1,99.22909587173532,37901
"(0.9292181620122796, 0.996078431372549)",1,99.22907193998545,37902
"(0.9047619047619048, 1.0)",1,99.22897969239432,37903
"(0.9881481481481482, 0.996078431372549)",1,99.2288560446848,37904
"(0.9135802469135802, 1.0)",1,99.22879092995036,37905
"(0.8350168350168351, 1.0)",1,99.22878822878825,37906
"(0.9816305469556244, 0.996078431372549)",1,99.22867388136189,37907
"(0.8013468013468013, 1.0)",1,99.2286614272974,37908
"(0.9803921568627452, 0.996078431372549)",1,99.228616274631,37909
"(0.9886710239651416, 0.996078431372549)",1,99.22859073273952,37910
"(0.8888888888888888, 1.0)",1,99.22857405956984,37911
"(0.7544006919006919, 1.0)",1,99.22850859840632,37912
"(0.9243650793650792, 1.0)",4,99.2283505055063,37916
"(0.9866666666666668, 0.996078431372549)",2,99.22832790037349,37918
"(0.9886710239651416, 0.996078431372549)",1,99.22821252477614,37919
"(0.9135802469135802, 1.0)",1,99.22821102676176,37920
"(0.896551724137931, 1.0)",1,99.2281795469938,37921
"(0.941156690746474, 0.996078431372549)",1,99.22816270085713,37922
"(0.9467538126361656, 0.996078431372549)",1,99.22815876093496,37923
"(0.8977777777777779, 1.0)",1,99.22812968865708,37924
"(0.9288733763656364, 0.996078431372549)",1,99.22803877219472,37925
"(0.7400546757164405, 1.0)",1,99.22782736598911,37926
"(0.9803921568627452, 0.996078431372549)",1,99.22781946696816,37927
"(0.984313725490196, 0.996078431372549)",1,99.22781805158148,37928
"(0.9841269841269842, 1.0)",1,99.22781385281384,37929
"(0.978144708175668, 0.996078431372549)",1,99.22777892443526,37930
"(0.9842592592592592, 0.996078431372549)",1,99.22776123756866,37931
"(0.9197362278244632, 0.996078431372549)",1,99.22769747337884,37932
"(0.9565217391304348, 1.0)",1,99.22769501030376,37933
"(0.996078431372549, 0.996078431372549)",1,99.22768811798248,37934
"(0.8487103174603176, 1.0)",1,99.22768609839687,37935
"(0.9882352941176472, 0.996078431372549)",1,99.2275946719003,37936
"(0.9816305469556244, 0.996078431372549)",1,99.227535996855,37937
"(0.9230769230769232, 1.0)",1,99.22750635250635,37938
"(0.8958946706887884, 0.996078431372549)",1,99.2273788686567,37939
"(0.9386724386724388, 1.0)",1,99.2273552788427,37940
"(0.9466013071895424, 0.996078431372549)",1,99.2273326736332,37941
"(0.9292181620122796, 0.996078431372549)",1,99.2273317795901,37942
"(0.9047619047619048, 1.0)",1,99.22727655486275,37943
"(0.7971704623878537, 0.996078431372549)",1,99.22725939125154,37944
"(0.9192251461988304, 0.996078431372549)",1,99.22723271669835,37945
"(0.8958946706887884, 0.996078431372549)",1,99.22717538313032,37946
"(0.9230769230769232, 1.0)",1,99.22713077850216,37947
"(0.9194577352472088, 1.0)",1,99.22706137043708,37948
"(0.9881481481481482, 0.996078431372549)",1,99.2270192156696,37949
"(0.8627450980392157, 1.0)",1,99.22699849170438,37950
"(0.9350548459681588, 0.996078431372549)",1,99.22695977168136,37951
"(0.914421596921597, 0.996078431372549)",1,99.22688628912977,37952
"(0.9449122174122172, 0.996078431372549)",1,99.22688573603416,37953
"(0.875, 1.0)",1,99.22683075183076,37954
"(0.978144708175668, 0.996078431372549)",1,99.22678010510792,37955
"(0.969187675070028, 0.996078431372549)",1,99.22675595641476,37956
"(0.9302579365079364, 1.0)",1,99.22674785704804,37957
"(0.9135802469135802, 1.0)",4,99.22671156004488,37961
"(0.992156862745098, 0.996078431372549)",1,99.22670519435866,37962
"(0.8198261686633779, 1.0)",1,99.226667381534,37963
"(0.9192251461988304, 0.996078431372549)",1,99.2265289261351,37964
"(0.9047619047619048, 1.0)",4,99.22649572649571,37968
"(0.8729166666666666, 1.0)",1,99.22648329037216,37969
"(0.8871135017314419, 1.0)",1,99.22646351331888,37970
"(0.879008834302952, 0.996078431372549)",1,99.22637905765706,37971
"(0.9206349206349206, 1.0)",2,99.22633857370698,37973
"(0.8571428571428572, 1.0)",1,99.22632338421812,37974
"(0.6156045751633987, 1.0)",1,99.22624671080553,37975
"(0.941156690746474, 0.996078431372549)",1,99.2262189784961,37976
"(0.9399223139548216, 0.996078431372549)",1,99.22616896017612,37977
"(0.9466013071895424, 0.996078431372549)",1,99.22612315380582,37978
"(0.8376068376068376, 1.0)",1,99.2261010345688,37979
"(0.8817204301075269, 1.0)",3,99.22595202036246,37982
"(0.9449122174122172, 0.996078431372549)",1,99.22594870254171,37983
"(0.9065438871473354, 1.0)",1,99.2259316066026,37984
"(0.7460317460317459, 1.0)",1,99.22590124850994,37985
"(0.6856760145918833, 1.0)",1,99.22586362760782,37986
"(0.8904991948470209, 1.0)",2,99.22578602853204,37988
"(0.9018073680369506, 0.996078431372549)",2,99.2257780826897,37990
"(0.8616898148148148, 1.0)",1,99.2257326942604,37991
"(0.8635440917107585, 0.996078431372549)",1,99.22572748213942,37992
"(0.8888888888888888, 1.0)",1,99.22570226620572,37993
"(0.9320397146712937, 0.996078431372549)",1,99.22567881106498,37994
"(0.95536349042541, 0.996078431372549)",1,99.22564248485162,37995
"(0.9754435107376284, 0.996078431372549)",1,99.22562016300424,37996
"(0.9444444444444444, 1.0)",2,99.22561798105276,37998
"(0.9023569023569024, 1.0)",1,99.22559496609844,37999
"(0.8649128540305012, 0.996078431372549)",1,99.22557207624412,38000
"(0.9674603174603176, 1.0)",1,99.22557150451888,38001
"(0.992156862745098, 0.996078431372549)",1,99.22555083154712,38002
"(0.947088068181818, 1.0)",2,99.22547641428746,38004
"(0.740829346092504, 1.0)",1,99.22543411330597,38005
"(0.8832772166105499, 1.0)",1,99.22542889209556,38006
"(0.9023569023569024, 1.0)",1,99.22540704909126,38007
"(0.9763834422657952, 0.996078431372549)",1,99.22539078896185,38008
"(0.8666056166056167, 1.0)",1,99.2253813869346,38009
"(0.9186111111111112, 0.996078431372549)",1,99.2253619713149,38010
"(0.9724618736383442, 0.996078431372549)",1,99.22533209680292,38011
"(0.9168115942028986, 0.996078431372549)",1,99.22532511657116,38012
"(0.808641975308642, 1.0)",1,99.22530680453715,38013
"(0.8857001484413657, 1.0)",1,99.2252776350626,38014
"(0.8763636363636363, 1.0)",1,99.22525474525474,38015
"(0.9591269841269842, 0.996078431372549)",1,99.22515188372024,38016
"(0.8571428571428572, 1.0)",1,99.22515112515111,38017
"(0.8731060606060606, 1.0)",1,99.22503946050922,38018
"(0.9369934640522876, 0.996078431372549)",1,99.225034920933,38019
"(0.8817204301075269, 1.0)",1,99.2249743983615,38020
"(0.7782392026578072, 1.0)",1,99.22495877093056,38021
"(0.875, 1.0)",1,99.22485699154495,38022
"(0.8873002904865649, 1.0)",1,99.22474687168317,38023
"(0.912041847041847, 0.996078431372549)",1,99.22472834269296,38024
"(0.7400546757164405, 1.0)",1,99.22471921834972,38025
"(0.8163854689162486, 1.0)",2,99.22467557831315,38027
"(0.9665319865319866, 0.996078431372549)",2,99.22466019459137,38029
"(0.9172932330827066, 1.0)",1,99.22464185001373,38030
"(0.9230769230769232, 1.0)",1,99.22458893763242,38031
"(0.8991666666666667, 1.0)",1,99.22452882536216,38032
"(1.0, 1.0)",1,99.22447131811576,38033
"(0.8046935824713601, 1.0)",1,99.22445497848275,38034
"(0.865079365079365, 1.0)",1,99.22443820615864,38035
"(0.8977777777777779, 1.0)",1,99.22443383776717,38036
"(0.9802054154995332, 0.996078431372549)",1,99.22437020069206,38037
"(0.9109477124183006, 1.0)",1,99.2243429892282,38038
"(0.984504357298475, 0.996078431372549)",1,99.22427330581355,38039
"(0.941156690746474, 0.996078431372549)",2,99.22425080920486,38041
"(0.8067271451483561, 1.0)",1,99.22424752471508,38042
"(1.0, 1.0)",1,99.2241738701972,38043
"(0.9047619047619048, 1.0)",1,99.224158416962,38044
"(0.9841269841269842, 1.0)",1,99.22414622414622,38045
"(0.9841269841269842, 1.0)",1,99.22413622413625,38046
"(0.9803376906318084, 0.9925925925925926)",1,99.22413254301034,38047
"(0.896551724137931, 1.0)",1,99.22397955927056,38048
"(0.9135802469135802, 1.0)",1,99.22393921643771,38049
"(0.865079365079365, 1.0)",1,99.2239082554872,38050
"(0.9731377053745476, 0.996078431372549)",1,99.2238713532198,38051
"(0.97718610251118, 0.996078431372549)",1,99.2238571037954,38052
"(0.9351326548694968, 0.996078431372549)",1,99.22368303230516,38053
"(0.9135802469135802, 1.0)",2,99.22362303064055,38055
"(0.896551724137931, 1.0)",1,99.22339155097777,38056
"(0.9841269841269842, 1.0)",1,99.223283252695,38057
"(0.9135802469135802, 1.0)",1,99.2232823729086,38058
"(0.9444444444444444, 1.0)",1,99.22326519710198,38059
"(0.9728641456582634, 0.996078431372549)",1,99.2232232054926,38060
"(0.9919117647058824, 0.996078431372549)",1,99.2231761219617,38061
"(0.9056772399713576, 0.996078431372549)",2,99.22311527579198,38063
"(0.7975164658278694, 1.0)",2,99.22311358917196,38065
"(0.8465418823841762, 1.0)",1,99.22310493353056,38066
"(0.9841269841269842, 1.0)",1,99.22309220570092,38067
"(0.9333333333333332, 1.0)",1,99.22304673665124,38068
"(0.9230769230769232, 1.0)",1,99.22293262293265,38069
"(0.9738562091503268, 0.996078431372549)",1,99.2228996101366,38070
"(0.8275809031622985, 1.0)",1,99.2228908468418,38071
"(0.740829346092504, 1.0)",1,99.22281731779822,38072
"(0.9803921568627452, 0.996078431372549)",1,99.2228050108935,38073
"(0.9411376480416728, 0.996078431372549)",1,99.2226883111921,38074
"(0.9697786951037723, 0.996078431372549)",1,99.22267709242948,38075
"(0.9236094950800832, 0.996078431372549)",1,99.22267438720765,38076
"(0.8952380952380952, 1.0)",1,99.222668284194,38077
"(0.936026936026936, 1.0)",2,99.22266018581809,38079
"(0.9047619047619048, 1.0)",1,99.22263720302936,38080
"(0.8762481299794732, 1.0)",3,99.22262401368587,38083
"(0.8125, 1.0)",1,99.22249007936507,38084
"(0.7782392026578072, 1.0)",2,99.22246361784104,38086
"(0.9236094950800832, 0.996078431372549)",1,99.22245648079227,38087
"(0.9444444444444444, 1.0)",1,99.22242633262124,38088
"(0.9376523573891996, 0.996078431372549)",1,99.22240537555568,38089
"(0.9491329966329968, 0.996078431372549)",1,99.22232000083416,38090
"(0.9202401372212692, 1.0)",1,99.22230509410214,38091
"(0.992156862745098, 0.996078431372549)",1,99.22224697960016,38092
"(0.9047619047619048, 1.0)",2,99.22221279084025,38094
"(0.8281746031746032, 1.0)",1,99.22220322886989,38095
"(1.0, 0.996078431372549)",1,99.22217967303897,38096
"(0.9811403508771928, 0.996078431372549)",1,99.22216558909366,38097
"(0.909722222222222, 0.996078431372549)",1,99.22215161732146,38098
"(0.8257685414943479, 1.0)",1,99.22212118582088,38099
"(0.838693576388889, 0.9984875577410224)",2,99.22206025129468,38101
"(0.9674603174603176, 1.0)",1,99.2220560533735,38102
"(0.9444444444444444, 1.0)",1,99.22203783223274,38103
"(0.90934937783235, 0.996078431372549)",1,99.22201651532838,38104
"(0.9248591174906964, 0.996078431372549)",1,99.22199565804657,38105
"(0.9503921568627453, 0.996078431372549)",1,99.22197005139134,38106
"(0.9230769230769232, 1.0)",2,99.22188922188924,38108
"(0.8817204301075269, 1.0)",1,99.22184980492798,38109
"(0.978144708175668, 0.996078431372549)",1,99.22184876084155,38110
"(0.9230769230769232, 1.0)",1,99.22174087477912,38111
"(0.9568181818181818, 0.996078431372549)",1,99.22164928065862,38112
"(0.8527777777777779, 1.0)",1,99.2215896295416,38113
"(0.8817204301075269, 1.0)",1,99.22158014380403,38114
"(0.9135802469135802, 1.0)",1,99.22154388821056,38115
"(0.7982954545454546, 1.0)",1,99.22146296414354,38116
"(0.9358798064680418, 0.996078431372549)",1,99.2214443463888,38117
"(0.6403503049675462, 1.0)",1,99.2213395443509,38118
"(0.977218782249742, 0.996078431372549)",1,99.22129722371294,38119
"(0.8791208791208792, 1.0)",1,99.22115150707106,38120
"(0.992156862745098, 0.996078431372549)",2,99.22114559986234,38122
"(0.9803376906318084, 0.996078431372549)",1,99.22113527069764,38123
"(0.8138881768037778, 0.996078431372549)",1,99.22111848379248,38124
"(0.8053221288515406, 1.0)",1,99.22105464195248,38125
"(0.9192251461988304, 0.996078431372549)",1,99.22102160567349,38126
"(0.976851851851852, 0.996078431372549)",1,99.22094866796635,38127
"(0.8714344685242518, 0.996078431372549)",1,99.22085067326384,38128
"(0.9333333333333332, 1.0)",1,99.2208312760037,38129
"(0.9444444444444444, 1.0)",1,99.2207932164454,38130
"(0.8129898303922073, 1.0)",1,99.22078851617476,38131
"(0.9395009173259948, 0.996078431372549)",1,99.22078323322155,38132
"(0.9192251461988304, 0.996078431372549)",2,99.22077791468654,38134
"(0.9264176245210728, 1.0)",1,99.22062505183196,38135
"(0.7496650452295612, 1.0)",1,99.2205776151647,38136
"(0.9847494553376906, 0.996078431372549)",1,99.22054112554116,38137
"(0.9224211423699916, 1.0)",1,99.22052245626078,38138
"(0.9731377053745476, 0.996078431372549)",1,99.22042526009228,38139
"(0.896551724137931, 1.0)",1,99.2204168755893,38140
"(1.0, 1.0)",1,99.22037172134505,38141
"(0.5951421188630491, 1.0)",1,99.22037053543592,38142
"(0.9879901960784314, 0.996078431372549)",1,99.22035904240242,38143
"(0.919047619047619, 1.0)",1,99.22034632034632,38144
"(0.9342814048696402, 0.996078431372549)",1,99.22015229123612,38145
"(0.8125, 1.0)",1,99.22000831058996,38146
"(0.9230769230769232, 1.0)",1,99.21994211745202,38147
"(0.5, 1.0)",2,99.21993039640098,38149
"(0.9882352941176472, 0.996078431372549)",1,99.21991679801025,38150
"(0.9881481481481482, 0.996078431372549)",1,99.21983775306563,38151
"(0.8571428571428572, 1.0)",1,99.2197252023339,38152
"(0.8832772166105499, 1.0)",2,99.21964085297418,38154
"(0.958531746031746, 1.0)",1,99.21961360704844,38155
"(0.980582788671024, 0.996078431372549)",1,99.21961331556828,38156
"(0.914421596921597, 0.996078431372549)",1,99.21958990986104,38157
"(0.9641868969810148, 0.996078431372549)",1,99.2195724164612,38158
"(0.9027274557165862, 1.0)",1,99.21950859124772,38159
"(0.8046935824713601, 1.0)",1,99.21949059101836,38160
"(0.6738095238095239, 1.0)",1,99.21943338664585,38161
"(0.9466013071895424, 0.996078431372549)",1,99.21941942225446,38162
"(0.9886710239651416, 0.996078431372549)",1,99.21941893487644,38163
"(0.9666666666666668, 1.0)",1,99.21940687268906,38164
"(0.8771929824561403, 1.0)",1,99.21939654328742,38165
"(0.9886710239651416, 0.996078431372549)",1,99.21938602731794,38166
"(0.9886710239651416, 0.996078431372549)",2,99.2193349294068,38168
"(0.9224211423699916, 1.0)",1,99.21931903781862,38169
"(0.9333333333333332, 1.0)",1,99.21922015182884,38170
"(0.9407729468599032, 1.0)",1,99.21909404181568,38171
"(0.875, 1.0)",1,99.21906624602704,38172
"(0.9087026014109348, 1.0)",1,99.21905313051148,38173
"(0.9816305469556244, 0.996078431372549)",2,99.21896313496175,38175
"(0.9841269841269842, 1.0)",1,99.21893861212746,38176
"(0.9333333333333332, 1.0)",1,99.21891935225273,38177
"(0.8520449077786689, 1.0)",1,99.2188901131952,38178
"(0.9087026014109348, 1.0)",1,99.21882164903,38179
"(0.8112794612794614, 1.0)",2,99.21881698246077,38181
"(0.992156862745098, 0.996078431372549)",1,99.21877106983152,38182
"(0.8046935824713601, 1.0)",1,99.21876731737842,38183
"(0.9135802469135802, 1.0)",1,99.21876395209728,38184
"(0.980582788671024, 0.996078431372549)",2,99.2187320015727,38186
"(0.9919117647058824, 0.996078431372549)",2,99.21864775616416,38188
"(0.9411376480416728, 0.996078431372549)",1,99.21864028046576,38189
"(0.8622222222222222, 1.0)",1,99.21857142857144,38190
"(0.9803376906318084, 0.996078431372549)",1,99.21856302918226,38191
"(0.8163854689162486, 1.0)",1,99.21856152553426,38192
"(0.9224211423699916, 1.0)",1,99.21855483959068,38193
"(0.9280112044817928, 0.996078431372549)",1,99.21854659202084,38194
"(0.9342814048696402, 0.996078431372549)",1,99.21852066962244,38195
"(0.9333333333333332, 1.0)",1,99.2184872589907,38196
"(0.7400546757164405, 1.0)",1,99.2184385403503,38197
"(0.7544006919006919, 1.0)",1,99.2184255426443,38198
"(0.9391865079365078, 1.0)",1,99.218403443694,38199
"(0.9847494553376906, 0.996078431372549)",1,99.21826260525262,38200
"(0.9292181620122796, 0.996078431372549)",1,99.21823251894328,38201
"(0.9399223139548216, 0.996078431372549)",1,99.2182104807346,38202
"(0.9018073680369506, 0.996078431372549)",1,99.21819231733856,38203
"(0.7162037037037038, 1.0)",1,99.21818447788064,38204
"(0.978144708175668, 0.996078431372549)",1,99.2181722902533,38205
"(0.9301470588235294, 0.996078431372549)",1,99.21813085344549,38206
"(0.984313725490196, 0.996078431372549)",1,99.218095961258,38207
"(0.958531746031746, 1.0)",1,99.21808582927068,38208
"(0.9696969696969696, 1.0)",1,99.21785800406492,38209
"(0.8330439814814815, 1.0)",2,99.21775088507626,38211
"(0.9491329966329968, 0.996078431372549)",1,99.21774844866192,38212
"(0.5951421188630491, 1.0)",1,99.21774490394242,38213
"(0.8078308130291714, 1.0)",1,99.21770794426618,38214
"(0.9047619047619048, 1.0)",1,99.21768009768016,38215
"(0.9224211423699916, 1.0)",1,99.21764384126588,38216
"(0.9427450980392156, 0.996078431372549)",1,99.21761805732407,38217
"(0.683375104427736, 1.0)",1,99.21755145439356,38218
"(0.6403503049675462, 1.0)",1,99.21750633263277,38219
"(0.9491329966329968, 0.996078431372549)",2,99.21747208726042,38221
"(0.9135802469135802, 1.0)",1,99.2172977724702,38222
"(0.9351258309591644, 1.0)",1,99.21722617917062,38223
"(0.9592592592592591, 1.0)",1,99.21721989966557,38224
"(0.9138847117794486, 0.996078431372549)",1,99.21720143595294,38225
"(0.9665319865319866, 0.996078431372549)",1,99.21714679878754,38226
"(0.875, 1.0)",1,99.21710526315788,38227
"(0.962458433665864, 0.996078431372549)",2,99.21710075843215,38229
"(0.9444444444444444, 1.0)",1,99.21707771562843,38230
"(0.8112794612794614, 1.0)",1,99.2170664983165,38231
"(0.7496650452295612, 1.0)",1,99.21706289943296,38232
"(1.0, 1.0)",1,99.2169893181464,38233
"(0.8129629629629629, 1.0)",1,99.21696937321936,38234
"(0.9047619047619048, 1.0)",2,99.216910096293,38236
"(0.914421596921597, 0.996078431372549)",1,99.21690515615204,38237
"(0.984967320261438, 0.996078431372549)",2,99.21686323652276,38239
"(0.9644646747587924, 0.996078431372549)",1,99.2168486132904,38240
"(0.9230769230769232, 1.0)",4,99.2167991096027,38244
"(0.8958946706887884, 0.996078431372549)",1,99.21676805869156,38245
"(0.8100775193798448, 1.0)",1,99.21669914811058,38246
"(0.9840686274509804, 0.996078431372549)",1,99.2166199769014,38247
"(0.740829346092504, 1.0)",1,99.21661778529555,38248
"(0.984313725490196, 0.996078431372549)",1,99.21641031909364,38249
"(0.9662707390648568, 0.996078431372549)",1,99.21616967021907,38250
"(0.9886710239651416, 0.996078431372549)",1,99.21605355039426,38251
"(0.9541729732828804, 0.996078431372549)",1,99.21598613300488,38252
"(0.97718610251118, 0.996078431372549)",1,99.21576886850129,38253
"(0.865079365079365, 1.0)",1,99.21560817978477,38254
"(0.8952380952380952, 1.0)",1,99.21556602733686,38255
"(0.9725925925925926, 0.996078431372549)",1,99.21556448768548,38256
"(0.8893558268973552, 1.0)",1,99.2155308230686,38257
"(0.992156862745098, 0.996078431372549)",1,99.21550725054202,38258
"(0.962458433665864, 0.996078431372549)",2,99.21545313298132,38260
"(0.9841269841269842, 1.0)",1,99.2154493674978,38261
"(0.9172932330827066, 1.0)",3,99.21537176274018,38264
"(0.9444444444444444, 1.0)",1,99.2153118486452,38265
"(0.980582788671024, 0.996078431372549)",1,99.21525531100744,38266
"(0.9803376906318084, 0.996078431372549)",1,99.21524508815423,38267
"(0.8748472964943552, 0.996078431372549)",1,99.21524337730854,38268
"(0.9135802469135802, 1.0)",1,99.21523937210212,38269
"(0.8088824383164006, 1.0)",3,99.21522626748632,38272
"(1.0, 1.0)",1,99.2151784706695,38273
"(0.8740392648287385, 1.0)",1,99.21507257280402,38274
"(1.0, 1.0)",1,99.21505376344086,38275
"(0.820852873753694, 0.9992431021625652)",1,99.2150057449857,38276
"(0.7840187590187591, 1.0)",1,99.2149924335696,38277
"(0.8375771604938271, 1.0)",1,99.21495696818612,38278
"(0.75, 1.0)",1,99.21493857337678,38279
"(0.9763834422657952, 0.996078431372549)",2,99.2149113633004,38281
"(0.9197362278244632, 0.996078431372549)",1,99.21487438945668,38282
"(0.9391865079365078, 1.0)",2,99.21485610886224,38284
"(0.8857001484413657, 1.0)",1,99.21477642363168,38285
"(0.9289529914529916, 1.0)",1,99.21476476476477,38286
"(0.9665319865319866, 0.996078431372549)",2,99.21474950745863,38288
"(0.9691305469556244, 0.996078431372549)",1,99.21470374044898,38289
"(0.9171090534979424, 1.0)",1,99.2146864441408,38290
"(0.978144708175668, 0.996078431372549)",1,99.21467872125672,38291
"(0.9135802469135802, 1.0)",1,99.2146478729812,38292
"(0.954722222222222, 0.996078431372549)",1,99.21462526853294,38293
"(0.8635440917107585, 0.996078431372549)",1,99.21453594477744,38294
"(0.7167919799498746, 1.0)",1,99.21449921099044,38295
"(0.9194577352472088, 1.0)",1,99.2144004793128,38296
"(0.9542023172905526, 0.992156862745098)",1,99.2143960130572,38297
"(0.9466013071895424, 0.996078431372549)",1,99.21435439306366,38298
"(0.9840686274509804, 0.996078431372549)",1,99.2143251269629,38299
"(0.9302579365079364, 1.0)",1,99.21428955598688,38300
"(0.9, 1.0)",1,99.21427896340175,38301
"(0.7141994478951, 1.0)",2,99.2141994478951,38303
"(0.8817204301075269, 1.0)",1,99.21416249784372,38304
"(0.914421596921597, 0.996078431372549)",2,99.21408263677635,38306
"(0.8831064306064307, 1.0)",1,99.21407916157916,38307
"(0.9135802469135802, 1.0)",1,99.21401035893788,38308
"(0.9342814048696402, 0.996078431372549)",1,99.21399111437836,38309
"(0.9725925925925926, 0.996078431372549)",1,99.21397889225508,38310
"(0.8831064306064307, 1.0)",1,99.21390178966148,38311
"(0.9206349206349206, 1.0)",1,99.21377438986136,38312
"(0.9047619047619048, 1.0)",1,99.21375661375662,38313
"(1.0, 1.0)",3,99.21373836891078,38316
"(0.9018073680369506, 0.996078431372549)",1,99.21367989289644,38317
"(0.9292181620122796, 0.996078431372549)",1,99.21365715983376,38318
"(0.8402777777777779, 1.0)",1,99.213614317781,38319
"(0.8589726631393297, 1.0)",1,99.21360274333392,38320
"(0.9047619047619048, 1.0)",1,99.21358930924148,38321
"(0.9261349042540992, 0.996078431372549)",1,99.21353940670976,38322
"(0.9847494553376906, 0.996078431372549)",1,99.21351593853936,38323
"(0.8814968814968815, 1.0)",1,99.21349383322872,38324
"(0.8527777777777779, 1.0)",1,99.21349206349204,38325
"(0.9803921568627452, 0.996078431372549)",1,99.2134621189401,38326
"(1.0, 1.0)",1,99.21345076492136,38327
"(0.9641868969810148, 0.996078431372549)",2,99.21340745655002,38329
"(0.9172932330827066, 1.0)",2,99.2133860291755,38331
"(0.9688764394646748, 0.996078431372549)",1,99.21338133769324,38332
"(0.879008834302952, 0.996078431372549)",2,99.2133653509662,38334
"(0.8281746031746032, 1.0)",1,99.21327584452584,38335
"(0.896551724137931, 1.0)",1,99.21325550785626,38336
"(0.9851851851851852, 0.996078431372549)",1,99.21320633993788,38337
"(0.7410714285714286, 1.0)",1,99.2131257917352,38338
"(0.95536349042541, 0.996078431372549)",1,99.21308523074094,38339
"(0.9565217391304348, 1.0)",1,99.21305602609952,38340
"(0.7544006919006919, 1.0)",1,99.21303815136476,38341
"(0.8925865800865801, 1.0)",2,99.21303356322768,38343
"(0.8216380182002021, 1.0)",1,99.21300271764488,38344
"(0.95536349042541, 0.996078431372549)",1,99.21298803238614,38345
"(0.9662707390648568, 0.996078431372549)",1,99.21296407810084,38346
"(0.8067271451483561, 1.0)",1,99.21289430369828,38347
"(0.9411376480416728, 0.996078431372549)",1,99.21286303776292,38348
"(0.9288733763656364, 0.996078431372549)",1,99.2128453431584,38349
"(0.9047619047619048, 1.0)",1,99.21282892673052,38350
"(0.9565217391304348, 1.0)",1,99.21279602040474,38351
"(0.9296576483944904, 0.996078431372549)",1,99.21273346777076,38352
"(0.6156045751633987, 1.0)",1,99.21271107432872,38353
"(0.8714344685242518, 0.996078431372549)",1,99.21264800902595,38354
"(0.8686868686868687, 1.0)",2,99.21259208627627,38356
"(0.9707143676183924, 0.996078431372549)",1,99.21255769010274,38357
"(0.9886710239651416, 0.996078431372549)",1,99.21247642090609,38358
"(0.8627450980392157, 1.0)",1,99.21247363037646,38359
"(0.945875350140056, 0.996078431372549)",1,99.2124680802134,38360
"(0.8317460317460318, 1.0)",1,99.21245636084348,38361
"(0.9019607843137254, 1.0)",2,99.21241666181714,38363
"(0.9609224859534458, 0.996078431372549)",1,99.21231813490968,38364
"(0.904126984126984, 1.0)",1,99.21230769230768,38365
"(0.962458433665864, 0.996078431372549)",1,99.21224830868044,38366
"(0.9168115942028986, 0.996078431372549)",1,99.21223422409008,38367
"(0.8873002904865649, 1.0)",1,99.2122131839996,38368
"(0.8864468864468864, 1.0)",1,99.21213950046902,38369
"(1.0, 1.0)",1,99.212077294686,38370
"(0.957490630284748, 0.996078431372549)",1,99.2120557120327,38371
"(0.8368686868686868, 1.0)",1,99.2119913047334,38372
"(0.9881481481481482, 0.996078431372549)",1,99.21198078466648,38373
"(0.9018073680369506, 0.996078431372549)",1,99.21197228071492,38374
"(0.8893558268973552, 1.0)",1,99.2119669193916,38375
"(0.8013468013468013, 1.0)",1,99.2119288119288,38376
"(0.8425925925925927, 1.0)",1,99.21186717765669,38377
"(0.9886710239651416, 0.996078431372549)",1,99.21158210067672,38378
"(0.9135802469135802, 1.0)",1,99.21156004489336,38379
"(0.9803921568627452, 0.996078431372549)",1,99.21153682883548,38380
"(0.8112794612794614, 1.0)",1,99.21151872365108,38381
"(0.8518518518518519, 1.0)",1,99.21138851028472,38382
"(0.875, 1.0)",1,99.21136363636364,38383
"(0.9318498265866688, 0.996078431372549)",1,99.21134885623364,38384
"(0.9444444444444444, 1.0)",1,99.21134511992712,38385
"(0.980582788671024, 0.996078431372549)",1,99.21133374238,38386
"(0.8748472964943552, 0.996078431372549)",1,99.21132180868108,38387
"(0.9704892057833234, 0.996078431372549)",2,99.211312148464,38389
"(0.9292181620122796, 0.996078431372549)",1,99.21127402754357,38390
"(0.9738562091503268, 0.996078431372549)",1,99.21123940644851,38391
"(0.9333333333333332, 1.0)",1,99.21117186906662,38392
"(0.909209656084656, 1.0)",1,99.21107673067785,38393
"(0.8859337035751476, 1.0)",1,99.21106469261474,38394
"(0.9707143676183924, 0.996078431372549)",1,99.2110546791818,38395
"(0.9827450980392156, 0.996078431372549)",1,99.21099544581952,38396
"(0.9230769230769232, 1.0)",4,99.21095953854577,38400
"(0.8571024784182679, 0.996078431372549)",1,99.21089280443502,38401
"(0.8376068376068376, 1.0)",1,99.21085379633476,38402
"(0.932852564102564, 1.0)",1,99.21084648856085,38403
"(0.8138881768037778, 0.996078431372549)",1,99.21083837224404,38404
"(0.9047619047619048, 1.0)",1,99.21081221798232,38405
"(0.9411376480416728, 0.996078431372549)",1,99.21078450900704,38406
"(0.9803050108932462, 0.996078431372549)",1,99.21073889004268,38407
"(1.0, 0.996078431372549)",1,99.21059657586255,38408
"(0.9841269841269842, 1.0)",2,99.21056573919776,38410
"(0.8547544409613373, 1.0)",1,99.21054840545098,38411
"(0.8817204301075269, 1.0)",1,99.2105364117271,38412
"(0.8527777777777779, 1.0)",1,99.21053547901374,38413
"(0.9172932330827066, 1.0)",1,99.21053150230536,38414
"(0.9192251461988304, 0.996078431372549)",1,99.21047136896917,38415
"(0.977218782249742, 0.996078431372549)",2,99.2104041526643,38417
"(0.9731377053745476, 0.996078431372549)",2,99.21036847450095,38419
"(0.8873002904865649, 1.0)",1,99.21031219998105,38420
"(0.9023809523809524, 1.0)",1,99.21030698682918,38421
"(0.9351326548694968, 0.996078431372549)",1,99.2102393794817,38422
"(0.9807902108211708, 0.996078431372549)",1,99.21022381872235,38423
"(0.954722222222222, 0.996078431372549)",1,99.21020075253136,38424
"(0.9855521155830752, 0.996078431372549)",1,99.21016863277636,38425
"(0.9172045847248688, 0.996078431372549)",1,99.2101596187405,38426
"(0.8977777777777779, 1.0)",1,99.21012485099442,38427
"(0.9894736842105264, 0.996078431372549)",2,99.21009142997536,38429
"(0.992156862745098, 0.996078431372549)",1,99.21005828842284,38430
"(0.9333333333333332, 1.0)",1,99.21004426598633,38431
"(0.7496650452295612, 1.0)",1,99.21000962578692,38432
"(0.9579374057315234, 0.996078431372549)",1,99.20993226710732,38433
"(0.9894736842105264, 0.996078431372549)",1,99.20991036903312,38434
"(0.996078431372549, 0.996078431372549)",1,99.20984675039404,38435
"(0.9667927989909412, 0.996078431372549)",1,99.20975453625633,38436
"(0.9466013071895424, 0.996078431372549)",1,99.20970825470847,38437
"(0.9018073680369506, 0.996078431372549)",2,99.20970009254248,38439
"(0.9803921568627452, 0.996078431372549)",1,99.20969649573176,38440
"(0.9049532029717788, 0.996078431372549)",1,99.20963522889242,38441
"(0.8201193520886615, 1.0)",1,99.20958807255325,38442
"(0.7254428341384862, 1.0)",1,99.20956981826546,38443
"(0.8518518518518519, 1.0)",1,99.20952349124391,38444
"(0.984504357298475, 0.996078431372549)",1,99.20950149065476,38445
"(1.0, 1.0)",1,99.20946305156832,38446
"(0.9925925925925926, 0.996078431372549)",1,99.20943880206558,38447
"(0.9803921568627452, 0.996078431372549)",1,99.20943708882572,38448
"(0.9333333333333332, 1.0)",1,99.2093665528948,38449
"(0.9696969696969696, 1.0)",2,99.20931095533427,38451
"(0.75, 1.0)",1,99.20925389975731,38452
"(0.8468468468468467, 1.0)",1,99.20922939183808,38453
"(0.9135802469135802, 1.0)",1,99.20910019155636,38454
"(0.9866666666666668, 0.996078431372549)",1,99.20903362894153,38455
"(0.9696969696969696, 1.0)",2,99.2089466089466,38457
"(0.9589484126984128, 1.0)",1,99.2089417064417,38458
"(0.7707924493038034, 1.0)",1,99.20890552052172,38459
"(0.8067271451483561, 1.0)",1,99.20886703460886,38460
"(0.9342814048696402, 0.996078431372549)",1,99.20884285289176,38461
"(0.8627450980392157, 1.0)",1,99.20884153034255,38462
"(0.9135802469135802, 1.0)",1,99.20881710657876,38463
"(0.9399138116785176, 0.996078431372549)",1,99.20879511310716,38464
"(0.8817204301075269, 1.0)",1,99.20871525965993,38465
"(0.8160542968256786, 1.0)",3,99.20863581064336,38468
"(0.8867623604465709, 0.9841269841269842)",1,99.20862928071172,38469
"(0.9589484126984128, 1.0)",1,99.2086207804988,38470
"(0.9491329966329968, 0.996078431372549)",1,99.2085944739816,38471
"(0.8832772166105499, 1.0)",1,99.20859296297893,38472
"(0.9444444444444444, 1.0)",2,99.20851370851368,38474
"(1.0, 1.0)",1,99.20846855774391,38475
"(0.875, 1.0)",1,99.20825066521998,38476
"(0.9882352941176472, 0.996078431372549)",2,99.20819918070694,38478
"(0.875, 1.0)",1,99.20819166418744,38479
"(0.9444444444444444, 1.0)",1,99.2081304907392,38480
"(0.8600272232304901, 1.0)",1,99.20806795937608,38481
"(0.9651330532212884, 0.996078431372549)",1,99.2080398616721,38482
"(0.9080844645550528, 0.996078431372549)",1,99.20800861746766,38483
"(0.9421840958605664, 0.996078431372549)",1,99.20794252966904,38484
"(0.996078431372549, 0.996078431372549)",1,99.20790784149918,38485
"(0.8498168498168499, 0.9841269841269842)",1,99.20784154117494,38486
"(0.8275809031622985, 1.0)",2,99.20782781674254,38488
"(0.8547544409613373, 1.0)",1,99.20781297662856,38489
"(0.875, 1.0)",1,99.20778385943184,38490
"(0.9261349042540992, 0.996078431372549)",1,99.20777830782632,38491
"(0.984313725490196, 0.996078431372549)",1,99.2076703568192,38492
"(0.9696969696969696, 1.0)",2,99.20764790764792,38494
"(0.8958946706887884, 0.996078431372549)",1,99.2076390108293,38495
"(0.9803376906318084, 0.996078431372549)",1,99.20755524432016,38496
"(0.9292181620122796, 0.996078431372549)",2,99.20745755133552,38498
"(0.8897707231040564, 1.0)",1,99.20736632529363,38499
"(0.9807902108211706, 0.996078431372549)",2,99.20731842215665,38501
"(0.9841269841269842, 1.0)",4,99.20726310726312,38505
"(0.9794117647058824, 1.0)",1,99.20724678063452,38506
"(0.8373015873015873, 1.0)",2,99.207244120402,38508
"(0.8330439814814815, 1.0)",1,99.20721064814816,38509
"(0.9841269841269842, 1.0)",1,99.20717020312571,38510
"(0.9351326548694968, 0.996078431372549)",1,99.20711944626206,38511
"(0.9738562091503268, 0.996078431372549)",1,99.20711432612708,38512
"(0.9925925925925926, 0.996078431372549)",1,99.20711411533108,38513
"(0.6856760145918833, 1.0)",1,99.2070712415216,38514
"(0.8888888888888888, 1.0)",1,99.20698336978698,38515
"(0.9811403508771928, 0.996078431372549)",1,99.20696145667203,38516
"(0.8312992626493769, 1.0)",1,99.20695470288814,38517
"(0.9886710239651416, 0.996078431372549)",2,99.20690226739076,38519
"(0.7866925064599483, 1.0)",1,99.2068650054248,38520
"(0.984504357298475, 0.996078431372549)",2,99.20683203105828,38522
"(0.896551724137931, 1.0)",1,99.20682337348887,38523
"(0.900854700854701, 1.0)",1,99.2067316761714,38524
"(0.9633298933608532, 0.996078431372549)",1,99.20665158056048,38525
"(0.9351258309591644, 1.0)",1,99.2066169069228,38526
"(0.8763636363636363, 1.0)",1,99.20661054994387,38527
"(0.9358798064680418, 0.996078431372549)",1,99.20660680518904,38528
"(0.7840187590187591, 1.0)",1,99.20656296076588,38529
"(0.819514541450087, 0.9992431021625652)",3,99.20648937935336,38532
"(0.8253968253968256, 1.0)",1,99.20647468473555,38533
"(0.8423371647509579, 1.0)",1,99.2064739329334,38534
"(0.740829346092504, 1.0)",1,99.20646127513906,38535
"(0.9047619047619048, 1.0)",1,99.20644230321648,38536
"(0.9549131554246644, 0.996078431372549)",1,99.20643410408972,38537
"(1.0, 1.0)",1,99.2062937062937,38538
"(0.90934937783235, 0.996078431372549)",1,99.2062872699484,38539
"(0.7167919799498746, 1.0)",1,99.20624310363682,38540
"(0.8151260504201681, 1.0)",1,99.20610759497816,38541
"(0.8520449077786689, 1.0)",1,99.20608907257753,38542
"(0.9047619047619048, 1.0)",2,99.20605181043776,38544
"(0.8817204301075269, 1.0)",1,99.20603192108568,38545
"(0.896551724137931, 1.0)",1,99.20599013723768,38546
"(0.8368686868686868, 1.0)",1,99.20596304688188,38547
"(0.875, 1.0)",2,99.20591829107008,38549
"(0.8740392648287385, 1.0)",1,99.20578721817112,38550
"(0.9248591174906964, 0.996078431372549)",1,99.20577520570264,38551
"(0.7162037037037038, 1.0)",1,99.20576562606546,38552
"(0.8, 1.0)",1,99.2057488937604,38553
"(0.9327096052096052, 1.0)",1,99.2057046583561,38554
"(0.947088068181818, 1.0)",1,99.20564066421286,38555
"(0.9827450980392156, 0.996078431372549)",1,99.20561569038183,38556
"(0.8977777777777779, 1.0)",1,99.2055762594893,38557
"(0.8518518518518519, 1.0)",1,99.20555906417977,38558
"(0.9916666666666668, 0.996078431372549)",1,99.20554773412444,38559
"(0.9302579365079364, 1.0)",1,99.20543828060984,38560
"(0.9449122174122172, 0.996078431372549)",1,99.20541397010308,38561
"(0.9292181620122796, 0.996078431372549)",1,99.20541205297415,38562
"(0.9444444444444444, 1.0)",1,99.20540631560124,38563
"(0.896551724137931, 1.0)",1,99.20537257790764,38564
"(0.9855521155830752, 0.996078431372549)",1,99.20535923937652,38565
"(0.8468468468468467, 1.0)",1,99.20529998790867,38566
"(0.9224211423699916, 1.0)",1,99.2052769423883,38567
"(0.8748472964943552, 0.996078431372549)",1,99.20525935605528,38568
"(0.896551724137931, 1.0)",2,99.2052080568797,38570
"(0.9, 1.0)",1,99.2051472547293,38571
"(0.8622222222222222, 1.0)",1,99.20512315270936,38572
"(0.8771929824561403, 1.0)",2,99.2050920884587,38574
"(0.896551724137931, 1.0)",1,99.20505868176772,38575
"(0.9280112044817928, 0.996078431372549)",1,99.20504439231242,38576
"(0.9925925925925926, 0.996078431372549)",1,99.20501236204557,38577
"(0.9882352941176472, 0.996078431372549)",1,99.20491968166182,38578
"(0.9351326548694968, 0.996078431372549)",1,99.20489934357605,38579
"(0.8712763475149724, 1.0)",1,99.2048964141425,38580
"(0.808641975308642, 1.0)",1,99.20488436381108,38581
"(0.9303709362532891, 0.996078431372549)",1,99.2047947643775,38582
"(0.9769410044719642, 0.996078431372549)",1,99.20476317689456,38583
"(0.735042735042735, 1.0)",1,99.20473970473972,38584
"(0.9445350241545892, 1.0)",1,99.2047058707622,38585
"(0.9047619047619048, 1.0)",1,99.20467525306236,38586
"(0.9493720821661996, 0.996078431372549)",1,99.20460287381106,38587
"(0.9769410044719642, 0.996078431372549)",1,99.2045473862062,38588
"(0.976661220043573, 0.996078431372549)",1,99.20453075772242,38589
"(0.9841269841269842, 1.0)",1,99.20452976974715,38590
"(0.9807902108211708, 0.996078431372549)",1,99.20447859845702,38591
"(0.7544006919006919, 1.0)",2,99.20447222915972,38593
"(0.8551296720061023, 1.0)",1,99.20445386804928,38594
"(0.9351326548694968, 0.996078431372549)",1,99.20444322316705,38595
"(0.9925925925925926, 0.996078431372549)",1,99.20443930980174,38596
"(0.9230769230769232, 1.0)",1,99.20440334519284,38597
"(0.9391865079365078, 1.0)",1,99.20439239929188,38598
"(0.977218782249742, 0.996078431372549)",1,99.20436810184148,38599
"(0.8518518518518519, 1.0)",1,99.2043582043582,38600
"(0.909722222222222, 0.996078431372549)",1,99.2043174439368,38601
"(0.8067271451483561, 1.0)",1,99.20430684057624,38602
"(1.0, 1.0)",1,99.20428926950667,38603
"(0.984313725490196, 0.996078431372549)",1,99.20421549444283,38604
"(0.941889272578127, 0.996078431372549)",1,99.20421386418528,38605
"(1.0, 1.0)",1,99.20410145410143,38606
"(0.9135802469135802, 1.0)",2,99.20410070337608,38608
"(0.9444444444444444, 1.0)",1,99.20405643738977,38609
"(0.9411376480416728, 0.996078431372549)",1,99.20404281777265,38610
"(0.7987835673811283, 1.0)",1,99.20402218413408,38611
"(0.7544006919006919, 1.0)",1,99.20401304119784,38612
"(0.932852564102564, 1.0)",1,99.20398590955044,38613
"(0.992156862745098, 0.996078431372549)",1,99.2039305723817,38614
"(0.9399138116785176, 0.996078431372549)",1,99.20390550180116,38615
"(0.8889459760512393, 0.996078431372549)",1,99.20378793420224,38616
"(0.977218782249742, 1.0)",1,99.20377957296694,38617
"(0.9172932330827066, 1.0)",2,99.20377225114066,38619
"(0.9855521155830752, 0.996078431372549)",1,99.20373409012744,38620
"(0.9803921568627452, 0.996078431372549)",1,99.2037136687036,38621
"(0.8448736477904788, 1.0)",1,99.20371161145432,38622
"(0.8817204301075269, 1.0)",1,99.20369671469253,38623
"(0.896551724137931, 1.0)",1,99.20368318916417,38624
"(0.9841269841269842, 1.0)",1,99.20368034431004,38625
"(0.9697786951037723, 0.996078431372549)",1,99.20366816645748,38626
"(0.996078431372549, 0.996078431372549)",2,99.20357257522907,38628
"(0.6156045751633987, 1.0)",2,99.2035226615054,38630
"(0.9565217391304348, 1.0)",1,99.20351966873706,38631
"(0.8883205456095482, 0.9841269841269842)",1,99.20342814332592,38632
"(0.9565217391304348, 1.0)",1,99.2032897836796,38633
"(0.9696969696969696, 1.0)",1,99.20326925165637,38634
"(1.0, 1.0)",1,99.2032682032682,38635
"(0.95536349042541, 0.996078431372549)",1,99.20322581429274,38636
"(0.89, 1.0)",1,99.20311209045585,38637
"(0.9104993386243384, 1.0)",1,99.2030827649489,38638
"(0.9145622351504704, 0.996078431372549)",1,99.20307265219988,38639
"(0.9230769230769232, 1.0)",1,99.20305602277116,38640
"(0.9135802469135802, 1.0)",1,99.20303627838416,38641
"(0.9056772399713576, 0.996078431372549)",1,99.2030319011343,38642
"(0.9802054154995332, 1.0)",1,99.20288404835618,38643
"(0.9707143676183924, 0.996078431372549)",1,99.20281527851829,38644
"(0.8550741594067247, 1.0)",1,99.20277317058076,38645
"(0.9879901960784314, 0.996078431372549)",1,99.20276201123734,38646
"(0.980582788671024, 0.996078431372549)",1,99.20275140448383,38647
"(0.9696969696969696, 1.0)",1,99.2027417027417,38648
"(0.8449454843385643, 1.0)",1,99.20273704992366,38649
"(0.992156862745098, 0.996078431372549)",1,99.2027246629648,38650
"(0.9803376906318084, 0.996078431372549)",1,99.2027104537792,38651
"(0.8571024784182679, 0.996078431372549)",2,99.20261307978824,38653
"(0.940967320261438, 0.996078431372549)",1,99.2026079941637,38654
"(0.7141994478951, 1.0)",7,99.20259993629558,38661
"(0.82987382987383, 1.0)",1,99.20256125148408,38662
"(0.896551724137931, 1.0)",1,99.20249889368958,38663
"(0.9766612200435728, 1.0)",1,99.20242955502252,38664
"(0.9696969696969696, 1.0)",1,99.20242583503452,38665
"(0.9047619047619048, 1.0)",1,99.20240608178898,38666
"(0.9497685185185184, 1.0)",1,99.20237077737076,38667
"(0.9399223139548216, 0.996078431372549)",1,99.20231510147931,38668
"(0.9027274557165862, 1.0)",1,99.2022343266094,38669
"(0.9851851851851852, 0.996078431372549)",1,99.20216929076726,38670
"(0.8465418823841762, 1.0)",1,99.20214737150978,38671
"(0.9280112044817928, 0.996078431372549)",1,99.2021268457493,38672
"(0.980582788671024, 0.996078431372549)",1,99.20211310431212,38673
"(0.9320397146712937, 0.996078431372549)",1,99.20206049993912,38674
"(0.9018073680369506, 0.996078431372549)",1,99.20204050223434,38675
"(0.9224211423699916, 1.0)",1,99.20195315719612,38676
"(0.935308482367306, 0.996078431372549)",1,99.20193608729976,38677
"(0.936026936026936, 1.0)",1,99.2019186768733,38678
"(0.8053221288515406, 1.0)",1,99.20187385298948,38679
"(0.8129629629629629, 1.0)",2,99.2018449556806,38681
"(0.976851851851852, 0.996078431372549)",1,99.2018328007218,38682
"(0.7782392026578072, 1.0)",1,99.20181398832676,38683
"(0.7708333333333334, 1.0)",1,99.2017892497702,38684
"(0.9135802469135802, 1.0)",1,99.20173653506988,38685
"(0.8469839324618735, 1.0)",1,99.20171662988868,38686
"(0.8977777777777779, 0.9841269841269842)",1,99.20168991502334,38687
"(0.9, 1.0)",1,99.20161611758309,38688
"(0.9236094950800832, 0.996078431372549)",1,99.20160328749348,38689
"(0.9318498265866688, 0.996078431372549)",1,99.20158932100465,38690
"(0.9728641456582634, 0.996078431372549)",2,99.20154988473774,38692
"(0.9565217391304348, 1.0)",1,99.2015313646435,38693
"(0.9248366013071896, 1.0)",1,99.20152590816892,38694
"(0.9292181620122796, 0.992156862745098)",1,99.20140225787269,38695
"(0.9248591174906964, 0.996078431372549)",1,99.20138417889662,38696
"(0.9224211423699916, 1.0)",1,99.2013837002799,38697
"(0.90934937783235, 0.996078431372549)",1,99.20136834556364,38698
"(0.9213117283950616, 0.986574074074074)",1,99.20132961261656,38699
"(0.9803921568627452, 0.996078431372549)",1,99.20132725779852,38700
"(0.9037076648841356, 0.996078431372549)",1,99.20129185842114,38701
"(0.904126984126984, 1.0)",1,99.20119525402134,38702
"(0.875, 1.0)",1,99.20116798406274,38703
"(0.8502197802197802, 1.0)",1,99.20112069684124,38704
"(0.9615343915343916, 1.0)",1,99.20108416977902,38705
"(0.9764161220043572, 0.996078431372549)",1,99.20099574173103,38706
"(0.984504357298475, 0.996078431372549)",2,99.20099230920444,38708
"(0.8817204301075269, 1.0)",1,99.20098726727718,38709
"(0.9662707390648568, 0.996078431372549)",1,99.20094089989692,38710
"(0.978144708175668, 0.996078431372549)",1,99.20092987387596,38711
"(1.0, 1.0)",1,99.20090205017742,38712
"(0.992156862745098, 0.996078431372549)",1,99.20088532204616,38713
"(0.8977777777777779, 1.0)",1,99.20080808080807,38714
"(0.9916666666666668, 0.996078431372549)",2,99.20077788425316,38716
"(0.9759803921568628, 0.996078431372549)",1,99.20077553032915,38717
"(0.8832772166105499, 1.0)",4,99.20073753407088,38721
"(0.9216022408963586, 0.996078431372549)",1,99.20070287283588,38722
"(0.9168115942028986, 0.996078431372549)",1,99.20067582680566,38723
"(0.984313725490196, 0.996078431372549)",1,99.20062987980968,38724
"(0.9766612200435728, 1.0)",1,99.20062490313263,38725
"(0.9407729468599032, 1.0)",1,99.2005096154201,38726
"(0.9847494553376906, 0.996078431372549)",1,99.20045178661356,38727
"(0.9018073680369506, 0.996078431372549)",1,99.20036001034951,38728
"(0.9333333333333332, 1.0)",1,99.20035228134807,38729
"(0.9807902108211706, 0.996078431372549)",1,99.20031740787316,38730
"(0.984313725490196, 0.996078431372549)",1,99.20031334444585,38731
"(1.0, 1.0)",2,99.200286000286,38733
"(0.9728641456582634, 0.996078431372549)",1,99.20024114065912,38734
"(0.9248591174906964, 0.996078431372549)",1,99.20022629360108,38735
"(0.8527777777777779, 1.0)",2,99.20020018108256,38737
"(0.9633298933608532, 0.996078431372549)",1,99.2001550048058,38738
"(0.9, 1.0)",1,99.2001515985498,38739
"(0.9197362278244632, 0.996078431372549)",1,99.20013513252891,38740
"(0.8468980343980343, 0.986574074074074)",1,99.2001119310678,38741
"(0.9192251461988304, 0.996078431372549)",2,99.1999802863118,38743
"(0.8832772166105499, 1.0)",1,99.19988776655444,38744
"(0.9318498265866688, 0.996078431372549)",1,99.19988433100652,38745
"(0.8448736477904788, 1.0)",2,99.19979522155562,38747
"(0.8375771604938271, 1.0)",1,99.19976157452037,38748
"(0.9841269841269842, 1.0)",1,99.19973236639903,38749
"(1.0, 1.0)",1,99.19972394755004,38750
"(0.8831064306064307, 1.0)",1,99.19970191509132,38751
"(0.9047619047619048, 1.0)",1,99.19962356484096,38752
"(0.8468468468468467, 1.0)",1,99.19952484906904,38753
"(0.9172932330827066, 1.0)",1,99.19949874686716,38754
"(0.992156862745098, 0.996078431372549)",1,99.19949317738808,38755
"(0.7167919799498746, 1.0)",1,99.19942786258576,38756
"(0.978144708175668, 0.996078431372549)",2,99.19942543992896,38758
"(0.9565217391304348, 1.0)",1,99.19942178203048,38759
"(0.7971704623878537, 0.996078431372549)",1,99.19937920021604,38760
"(1.0, 1.0)",2,99.19935711441089,38762
"(0.9047619047619048, 1.0)",1,99.199306236606,38763
"(0.9171090534979424, 1.0)",1,99.1993015457968,38764
"(0.9230769230769232, 1.0)",1,99.19929981924868,38765
"(0.7410714285714286, 1.0)",1,99.19927248677249,38766
"(0.9662707390648568, 0.996078431372549)",1,99.19920994595236,38767
"(0.9444444444444444, 1.0)",1,99.19919211223558,38768
"(0.9023569023569024, 1.0)",1,99.19916644010848,38769
"(0.9674603174603176, 1.0)",1,99.19915542918554,38770
"(0.9803050108932462, 0.996078431372549)",2,99.19898768518364,38772
"(0.909722222222222, 0.996078431372549)",1,99.19888205345728,38773
"(0.957490630284748, 0.996078431372549)",1,99.19884990695454,38774
"(0.9172932330827066, 1.0)",1,99.19883884796177,38775
"(0.7625830959164293, 1.0)",1,99.1988238821572,38776
"(0.9449122174122172, 0.996078431372549)",1,99.19880895121564,38777
"(0.8889459760512393, 0.996078431372549)",1,99.19880764287907,38778
"(0.9236094950800832, 0.996078431372549)",1,99.19879726024486,38779
"(0.7707924493038034, 1.0)",1,99.1987752535366,38780
"(0.9754901960784312, 0.996078431372549)",1,99.19877168468516,38781
"(0.9855521155830752, 0.996078431372549)",1,99.19863810356613,38782
"(0.8518518518518519, 1.0)",1,99.19863283593264,38783
"(0.9840686274509804, 0.996078431372549)",1,99.19855407963075,38784
"(0.9754435107376284, 0.996078431372549)",1,99.19851745630244,38785
"(0.8831064306064307, 1.0)",1,99.19850986975987,38786
"(0.9342814048696402, 0.996078431372549)",1,99.19835981303626,38787
"(0.8112794612794614, 1.0)",1,99.19832427920664,38788
"(0.8425595238095238, 1.0)",1,99.19829167938542,38789
"(0.9230769230769232, 1.0)",1,99.1982741387776,38790
"(0.9851851851851852, 0.996078431372549)",2,99.19821696940365,38792
"(0.9224211423699916, 1.0)",1,99.19813844192628,38793
"(0.9427450980392156, 0.996078431372549)",1,99.19813266827222,38794
"(0.9449122174122172, 0.996078431372549)",1,99.1980112563502,38795
"(0.9696969696969696, 1.0)",1,99.19800163604512,38796
"(0.8817204301075269, 1.0)",1,99.1979335220244,38797
"(0.808641975308642, 1.0)",1,99.19789541193047,38798
"(0.9333333333333332, 1.0)",1,99.1978604728605,38799
"(0.8686868686868687, 1.0)",2,99.1978515311849,38801
"(0.7951640211640213, 0.996078431372549)",1,99.19772393401824,38802
"(0.976661220043573, 0.996078431372549)",1,99.19772339345108,38803
"(0.9651330532212884, 1.0)",1,99.19771973926782,38804
"(0.8423371647509579, 1.0)",1,99.19771226243068,38805
"(0.8817204301075269, 1.0)",2,99.19771145493796,38807
"(0.992156862745098, 0.996078431372549)",1,99.1976975830616,38808
"(0.8867623604465709, 0.9841269841269842)",1,99.19767415396711,38809
"(0.9087026014109348, 1.0)",1,99.1976541924324,38810
"(0.9696969696969696, 1.0)",1,99.19764728025598,38811
"(0.9579248366013072, 0.996078431372549)",1,99.19756793945656,38812
"(0.9224211423699916, 1.0)",1,99.19755594908376,38813
"(0.9704892057833234, 0.996078431372549)",1,99.197517798928,38814
"(0.9449122174122172, 0.996078431372549)",1,99.1974602624266,38815
"(0.9047619047619048, 1.0)",1,99.19744773555516,38816
"(0.9641868969810148, 0.996078431372549)",1,99.1974450758508,38817
"(0.865079365079365, 1.0)",1,99.19741547544751,38818
"(0.8888888888888888, 1.0)",1,99.19735917755408,38819
"(0.9280112044817928, 0.996078431372549)",1,99.19735485489534,38820
"(0.8592532467532467, 1.0)",1,99.1972250193446,38821
"(0.9280112044817928, 0.996078431372549)",1,99.19722488496498,38822
"(0.9171090534979424, 1.0)",1,99.19721896675624,38823
"(0.9886710239651416, 0.996078431372549)",1,99.1971529556072,38824
"(0.9243650793650792, 1.0)",1,99.19712898534078,38825
"(0.9881481481481482, 0.9916666666666668)",1,99.1970811759045,38826
"(0.5, 1.0)",1,99.19705897966767,38827
"(1.0, 0.996078431372549)",1,99.19690849210276,38828
"(0.9565217391304348, 1.0)",1,99.19688186209925,38829
"(0.8817204301075269, 1.0)",1,99.196866001546,38830
"(0.9351326548694968, 0.996078431372549)",1,99.196775144485,38831
"(0.9667927989909412, 0.996078431372549)",1,99.1967564256034,38832
"(0.8423371647509579, 1.0)",1,99.1966583400296,38833
"(1.0, 1.0)",1,99.19665043194456,38834
"(0.8831064306064307, 1.0)",1,99.19662423292075,38835
"(0.958531746031746, 1.0)",1,99.19646924524204,38836
"(0.9196467236467236, 0.992156862745098)",1,99.19641114286446,38837
"(0.95536349042541, 0.996078431372549)",1,99.19640505224496,38838
"(0.8864468864468864, 1.0)",1,99.19639063991887,38839
"(0.8977777777777779, 1.0)",1,99.19638365691104,38840
"(0.5951421188630491, 1.0)",1,99.1963330683098,38841
"(0.9168115942028986, 0.996078431372549)",1,99.19630673728952,38842
"(0.9047619047619048, 1.0)",1,99.19618374457085,38843
"(0.9696969696969696, 1.0)",1,99.19611436950146,38844
"(0.9882352941176472, 0.996078431372549)",1,99.1961069101752,38845
"(0.90934937783235, 0.996078431372549)",1,99.19608282355208,38846
"(0.9697786951037723, 0.996078431372549)",1,99.19605135461948,38847
"(0.9230769230769232, 1.0)",2,99.1960275569471,38849
"(0.9444444444444444, 1.0)",1,99.19602099457173,38850
"(0.9186111111111112, 0.996078431372549)",1,99.19601881991292,38851
"(0.9466013071895424, 0.996078431372549)",1,99.1959769216567,38852
"(0.9411376480416728, 0.992156862745098)",1,99.19596793454208,38853
"(0.9037076648841356, 0.996078431372549)",1,99.19594989318698,38854
"(0.9886710239651416, 0.996078431372549)",1,99.1959475875768,38855
"(0.8822954822954823, 1.0)",1,99.19587660603284,38856
"(0.977218782249742, 0.996078431372549)",1,99.19584681285932,38857
"(0.8731060606060606, 1.0)",1,99.19582149092098,38858
"(0.9318498265866688, 0.996078431372549)",1,99.19578610320636,38859
"(0.996078431372549, 0.996078431372549)",1,99.19576185636424,38860
"(0.936026936026936, 1.0)",1,99.19570476189546,38861
"(0.8864468864468864, 1.0)",1,99.19567211477,38862
"(0.8125, 1.0)",1,99.19560050719708,38863
"(0.9754901960784312, 0.996078431372549)",1,99.1955824375188,38864
"(0.9, 1.0)",1,99.1955782521572,38865
"(0.9800599128540306, 0.996078431372549)",2,99.19556917111116,38867
"(0.9589484126984128, 1.0)",1,99.19555182209336,38868
"(0.875, 1.0)",1,99.1955226808168,38869
"(0.9667927989909412, 0.996078431372549)",1,99.19551803551052,38870
"(0.9738562091503268, 0.996078431372549)",1,99.19542103518263,38871
"(0.7610695631528964, 1.0)",1,99.19535604056438,38872
"(0.9803050108932462, 0.996078431372549)",1,99.19535047090994,38873
"(0.9047619047619048, 1.0)",2,99.19527561034045,38875
"(0.8151260504201681, 1.0)",1,99.19520668679372,38876
"(0.8586378737541528, 1.0)",1,99.19513682008603,38877
"(0.8832772166105499, 1.0)",1,99.1950794494654,38878
"(0.9803376906318084, 0.996078431372549)",2,99.19507451296715,38880
"(0.8748472964943552, 0.996078431372549)",1,99.19501979630914,38881
"(0.9224211423699916, 1.0)",1,99.19501248017872,38882
"(0.9665319865319866, 0.996078431372549)",2,99.1950019676412,38884
"(0.9565217391304348, 1.0)",1,99.19496204278812,38885
"(0.9358798064680418, 0.996078431372549)",1,99.1949213070264,38886
"(0.9662707390648568, 0.996078431372549)",2,99.19486486219598,38888
"(0.8817204301075269, 1.0)",1,99.19484732259107,38889
"(0.8671328671328671, 0.9841269841269842)",1,99.1947987600162,38890
"(0.8888888888888888, 1.0)",1,99.19465849516192,38891
"(0.9465811965811968, 1.0)",2,99.19463741172262,38893
"(0.7496650452295612, 1.0)",1,99.19461795419512,38894
"(0.9333333333333332, 1.0)",1,99.19461437722308,38895
"(0.9047619047619048, 1.0)",1,99.19457646345518,38896
"(0.8586378737541528, 1.0)",1,99.19456002537268,38897
"(0.9803376906318084, 0.996078431372549)",1,99.194538987844,38898
"(0.9565217391304348, 1.0)",1,99.19441905063728,38899
"(0.9847494553376906, 0.996078431372549)",1,99.19440773692412,38900
"(0.8731060606060606, 1.0)",1,99.19439356682412,38901
"(0.875, 1.0)",1,99.19429813392662,38902
"(0.8666056166056167, 1.0)",1,99.194225210336,38903
"(0.8053221288515406, 1.0)",1,99.19421101774044,38904
"(0.9641868969810148, 0.996078431372549)",1,99.19417657236926,38905
"(0.9855521155830752, 0.996078431372549)",2,99.19416367716678,38907
"(0.992156862745098, 0.996078431372549)",1,99.19400370973484,38908
"(0.735042735042735, 1.0)",1,99.1939933475698,38909
"(0.8991666666666667, 1.0)",2,99.19396162507718,38911
"(0.9363636363636364, 1.0)",1,99.19393801660048,38912
"(0.9248366013071896, 1.0)",1,99.19388422035486,38913
"(0.8330439814814815, 1.0)",1,99.1938773148148,38914
"(0.8762481299794732, 1.0)",1,99.19363334909204,38915
"(0.980582788671024, 0.996078431372549)",1,99.19361643843934,38916
"(0.9591269841269842, 0.996078431372549)",1,99.19361593600782,38917
"(0.978144708175668, 0.996078431372549)",1,99.19355732485631,38918
"(0.9750257997936016, 0.996078431372549)",1,99.1934791487036,38919
"(0.978144708175668, 0.996078431372549)",1,99.19345804946138,38920
"(0.740829346092504, 1.0)",2,99.19328604457252,38922
"(0.9615343915343916, 1.0)",1,99.19327215608466,38923
"(0.8425925925925927, 1.0)",1,99.19324194324204,38924
"(0.8163854689162486, 1.0)",1,99.1929710143775,38925
"(0.9197362278244632, 0.996078431372549)",1,99.19288621062482,38926
"(0.9813854489164088, 0.996078431372549)",1,99.19286349042558,38927
"(0.9087026014109348, 1.0)",1,99.19284381618792,38928
"(0.879008834302952, 0.996078431372549)",1,99.19272015120404,38929
"(0.7141994478951, 1.0)",1,99.19266834741664,38930
"(0.5951421188630491, 1.0)",1,99.19259975204524,38931
"(0.9230769230769232, 1.0)",1,99.19248632455464,38932
"(0.996078431372549, 0.996078431372549)",1,99.19241282985176,38933
"(0.9248591174906964, 0.996078431372549)",1,99.19238315634615,38934
"(0.947088068181818, 1.0)",1,99.19234779948287,38935
"(0.9847494553376906, 0.996078431372549)",2,99.19227437992303,38937
"(0.9827450980392156, 0.996078431372549)",1,99.19226456664556,38938
"(0.9171090534979424, 1.0)",1,99.19223223471488,38939
"(0.7971704623878537, 0.996078431372549)",1,99.19216624432651,38940
"(0.980582788671024, 0.996078431372549)",1,99.192159077879,38941
"(0.9192180611357128, 1.0)",1,99.19212346790708,38942
"(0.8915343915343915, 1.0)",2,99.19210628695924,38944
"(0.9696969696969696, 1.0)",1,99.19199493801828,38945
"(0.9855521155830752, 0.996078431372549)",1,99.19186023213122,38946
"(0.9609224859534458, 0.996078431372549)",1,99.19178067560868,38947
"(0.9879901960784314, 0.996078431372549)",1,99.19174294545056,38948
"(0.9023569023569024, 1.0)",1,99.1916722510376,38949
"(0.914421596921597, 0.996078431372549)",1,99.19153602767436,38950
"(0.8817204301075269, 1.0)",1,99.19139613452006,38951
"(0.8925865800865801, 1.0)",1,99.1913961038961,38952
"(0.9841269841269842, 1.0)",1,99.19136086813432,38953
"(0.9023569023569024, 1.0)",1,99.19132258255068,38954
"(0.8281746031746032, 1.0)",2,99.19131048948536,38956
"(1.0, 1.0)",2,99.19128713967424,38958
"(0.8138881768037778, 0.996078431372549)",1,99.19117761091078,38959
"(0.8889459760512393, 0.996078431372549)",1,99.1911759300213,38960
"(0.9811403508771928, 0.996078431372549)",2,99.19106291410544,38962
"(0.8358616184543919, 0.9973567708333332)",1,99.19105281025524,38963
"(0.978144708175668, 0.996078431372549)",1,99.19093291609164,38964
"(0.9168478260869564, 1.0)",1,99.19088489163369,38965
"(0.8125, 1.0)",1,99.19081790123457,38966
"(0.9236094950800832, 0.996078431372549)",1,99.19081238793328,38967
"(0.9333333333333332, 1.0)",1,99.19070792404123,38968
"(0.9292181620122796, 0.996078431372549)",1,99.19068417090176,38969
"(0.9803921568627452, 0.996078431372549)",1,99.19059335828806,38970
"(0.9452703058895008, 0.996078431372549)",1,99.19055535652627,38971
"(0.996078431372549, 0.996078431372549)",1,99.19054122233696,38972
"(0.5951421188630491, 1.0)",1,99.1905291792588,38973
"(0.8616898148148148, 1.0)",1,99.19052891764493,38974
"(0.8858975827700768, 1.0)",1,99.1904029181842,38975
"(0.8857001484413657, 1.0)",1,99.19040069273214,38976
"(0.9047619047619048, 1.0)",1,99.19032878710298,38977
"(0.9466207660652104, 1.0)",1,99.19025110540632,38978
"(0.9568181818181818, 0.996078431372549)",1,99.19019374858676,38979
"(0.9803921568627452, 0.996078431372549)",1,99.1901532202463,38980
"(0.8873002904865649, 1.0)",2,99.19010406400214,38982
"(0.8275809031622985, 1.0)",1,99.19007196827926,38983
"(0.896551724137931, 1.0)",1,99.18993328960188,38984
"(0.8448736477904788, 1.0)",1,99.18986440153068,38985
"(0.984504357298475, 0.996078431372549)",1,99.18981969523148,38986
"(0.9047619047619048, 1.0)",1,99.18978471548851,38987
"(1.0, 1.0)",1,99.18973498648296,38988
"(0.954722222222222, 0.996078431372549)",1,99.18962562073207,38989
"(0.9320397146712937, 0.996078431372549)",1,99.1895999874404,38990
"(0.9236094950800832, 0.996078431372549)",1,99.18952974798258,38991
"(0.8893558268973552, 1.0)",1,99.18952342183282,38992
"(0.7782392026578072, 1.0)",1,99.18938082542329,38993
"(1.0, 1.0)",1,99.18930730316352,38994
"(0.7765567765567766, 1.0)",1,99.1892551892552,38995
"(1.0, 1.0)",1,99.18922237183106,38996
"(0.8571024784182679, 0.996078431372549)",2,99.18913963516157,38998
"(0.9047619047619048, 1.0)",2,99.18911242430732,39000
"(0.9565217391304348, 1.0)",1,99.18908287169155,39001
"(0.9738562091503268, 0.996078431372549)",2,99.1890197111784,39003
"(0.896551724137931, 1.0)",1,99.188993099188,39004
"(0.7410714285714286, 1.0)",1,99.18894575511555,39005
"(0.909722222222222, 0.996078431372549)",1,99.18891058603144,39006
"(0.8600272232304901, 1.0)",1,99.18878337448665,39007
"(0.8067271451483561, 1.0)",1,99.18876735136512,39008
"(0.9358798064680418, 0.996078431372549)",1,99.18876107008484,39009
"(0.917520230314348, 0.996078431372549)",1,99.1887531071964,39010
"(0.8831018518518517, 1.0)",1,99.18869536079976,39011
"(0.7650293586269196, 1.0)",2,99.1886780479006,39013
"(0.984504357298475, 0.996078431372549)",1,99.18855191975804,39014
"(0.896551724137931, 1.0)",1,99.18850129503488,39015
"(0.9785784313725492, 0.996078431372549)",1,99.18844024780422,39016
"(0.9135802469135802, 1.0)",2,99.18841189674524,39018
"(0.9449965600275196, 0.996078431372549)",1,99.18840975427533,39019
"(0.8817204301075269, 1.0)",1,99.18837507726565,39020
"(0.8958946706887884, 0.996078431372549)",1,99.18833574281338,39021
"(0.8590036231884057, 1.0)",2,99.18828403494727,39023
"(0.9816305469556244, 0.996078431372549)",1,99.18818305585056,39024
"(0.9351326548694968, 0.996078431372549)",1,99.18816376204936,39025
"(0.984313725490196, 0.996078431372549)",1,99.18816305469576,39026
"(0.9466013071895424, 0.996078431372549)",1,99.18808687377022,39027
"(0.9847494553376906, 0.996078431372549)",1,99.188032852482,39028
"(0.9855521155830752, 0.996078431372549)",1,99.18801173425771,39029
"(0.8750600325600326, 1.0)",1,99.18800509597668,39030
"(0.909722222222222, 0.996078431372549)",1,99.18789682097236,39031
"(0.9886710239651416, 0.996078431372549)",1,99.18779092023696,39032
"(0.996078431372549, 0.996078431372549)",1,99.18767279182026,39033
"(0.9568181818181818, 0.996078431372549)",1,99.18763182908212,39034
"(0.9881481481481482, 0.996078431372549)",1,99.18758997983056,39035
"(0.9327096052096052, 1.0)",1,99.18757165222968,39036
"(0.984967320261438, 0.996078431372549)",1,99.18756593826636,39037
"(0.936026936026936, 1.0)",1,99.18755079530942,39038
"(0.8900759734093067, 1.0)",1,99.18753453081273,39039
"(0.9674603174603176, 1.0)",1,99.18751530273272,39040
"(0.9047619047619048, 1.0)",1,99.18745859973684,39041
"(0.8425925925925927, 1.0)",1,99.1873924840592,39042
"(0.9135802469135802, 1.0)",1,99.18730652063984,39043
"(0.7971704623878537, 0.996078431372549)",1,99.1872457248163,39044
"(0.9886710239651416, 0.996078431372549)",1,99.18714333367596,39045
"(0.9847494553376906, 0.996078431372549)",1,99.18708388974729,39046
"(0.9803376906318084, 0.996078431372549)",1,99.1870761872002,39047
"(0.9662707390648568, 0.996078431372549)",1,99.18704076533832,39048
"(0.8622222222222222, 1.0)",1,99.18685425685426,39049
"(0.954722222222222, 0.996078431372549)",1,99.1867574199781,39050
"(0.8309016086793863, 1.0)",1,99.1867447624392,39051
"(0.7141994478951, 1.0)",4,99.18672692042256,39055
"(0.9591269841269842, 0.996078431372549)",1,99.18663217999988,39056
"(0.8675136116152449, 1.0)",1,99.1865894632998,39057
"(0.9168115942028986, 0.996078431372549)",1,99.18646612268113,39058
"(0.996078431372549, 0.996078431372549)",1,99.18642603240134,39059
"(0.8888888888888888, 1.0)",1,99.1864202654644,39060
"(0.9465811965811968, 1.0)",1,99.18637470040248,39061
"(0.9691305469556244, 0.996078431372549)",1,99.18626209145422,39062
"(0.9427450980392156, 0.996078431372549)",1,99.18619245279072,39063
"(0.9589484126984128, 1.0)",1,99.18617557617556,39064
"(0.922050500014663, 1.0)",1,99.1861588547632,39065
"(0.9399223139548216, 0.996078431372549)",1,99.18615194378644,39066
"(0.8817204301075269, 1.0)",1,99.18606323705905,39067
"(0.9572737556561086, 0.996078431372549)",1,99.18598061154172,39068
"(0.9886710239651416, 0.996078431372549)",1,99.18588794385164,39069
"(0.9333333333333332, 1.0)",1,99.18588719709408,39070
"(0.9192251461988304, 0.996078431372549)",2,99.18587522728411,39072
"(0.941156690746474, 0.996078431372549)",1,99.18583475532482,39073
"(0.8046935824713601, 1.0)",1,99.1858112029035,39074
"(0.8376068376068376, 1.0)",1,99.18580453363064,39075
"(0.8925865800865801, 1.0)",1,99.18575236503236,39076
"(0.9358798064680418, 0.996078431372549)",1,99.18573629185882,39077
"(0.7162037037037038, 1.0)",2,99.18570234420928,39079
"(0.9248591174906964, 0.996078431372549)",1,99.18565552605732,39080
"(0.8714344685242518, 0.996078431372549)",1,99.18563541111752,39081
"(0.834478021978022, 1.0)",1,99.1856070149031,39082
"(0.9847494553376906, 0.996078431372549)",1,99.18559835777828,39083
"(0.740829346092504, 1.0)",1,99.18557210333526,39084
"(0.9224211423699916, 0.9841269841269842)",1,99.18551638046527,39085
"(0.9886710239651416, 0.996078431372549)",1,99.18550871442534,39086
"(0.9466207660652104, 1.0)",1,99.18549495771718,39087
"(0.984313725490196, 0.996078431372549)",2,99.18544379740224,39089
"(0.9444444444444444, 1.0)",1,99.18542568542568,39090
"(0.8612121212121212, 1.0)",1,99.18532382821856,39091
"(0.9565217391304348, 1.0)",2,99.18522803646418,39093
"(0.9507101086048454, 0.9841269841269842)",1,99.18517780140596,39094
"(0.914421596921597, 0.996078431372549)",1,99.18517086934035,39095
"(0.954188034188034, 0.996078431372549)",1,99.18506387951868,39096
"(0.9351326548694968, 0.996078431372549)",1,99.18501043860265,39097
"(0.9841269841269842, 1.0)",4,99.1849816849817,39101
"(0.9466013071895424, 0.996078431372549)",1,99.18495161998896,39102
"(0.9192251461988304, 0.996078431372549)",1,99.18486599263387,39103
"(0.978144708175668, 0.996078431372549)",1,99.18484539307656,39104
"(0.9813854489164088, 0.996078431372549)",1,99.18482957107128,39105
"(0.8146896400499274, 0.9988651610017888)",1,99.18482711245233,39106
"(0.8748472964943552, 0.996078431372549)",1,99.18476141908876,39107
"(0.9248591174906964, 0.996078431372549)",1,99.18472918340323,39108
"(0.9466207660652104, 1.0)",1,99.18472237768424,39109
"(0.8889459760512393, 0.996078431372549)",1,99.18467322037004,39110
"(0.89, 1.0)",1,99.184656015281,39111
"(0.9224211423699916, 1.0)",1,99.18463134508364,39112
"(0.9280112044817928, 0.996078431372549)",1,99.18459229607208,39113
"(0.9479380641145349, 0.996078431372549)",1,99.18456904190742,39114
"(0.8686868686868687, 1.0)",1,99.18456251555835,39115
"(0.8368686868686868, 1.0)",1,99.18453564657372,39116
"(0.6403503049675462, 1.0)",1,99.1844462847844,39117
"(0.8705805822084891, 1.0)",1,99.1843341956561,39118
"(0.8859337035751476, 1.0)",1,99.1843216020024,39119
"(0.6156045751633987, 1.0)",1,99.18430827886708,39120
"(0.8635440917107585, 0.996078431372549)",1,99.18429592587614,39121
"(0.8439484126984128, 1.0)",1,99.18427063154886,39122
"(0.7141994478951, 1.0)",1,99.18423470053904,39123
"(0.896551724137931, 1.0)",1,99.18420364965064,39124
"(0.8731060606060606, 1.0)",1,99.1840927481726,39125
"(0.8817204301075269, 1.0)",1,99.18407889036072,39126
"(0.9565217391304348, 1.0)",1,99.1840623144971,39127
"(0.9203816738816738, 0.996078431372549)",1,99.18397103572978,39128
"(0.9399223139548216, 0.996078431372549)",1,99.18395922573036,39129
"(0.8271652864044169, 1.0)",1,99.18393934840287,39130
"(0.8822954822954823, 1.0)",2,99.1838921847074,39132
"(0.9391865079365078, 1.0)",1,99.18389181123128,39133
"(0.9358798064680418, 0.996078431372549)",1,99.18385572265706,39134
"(0.9333333333333332, 1.0)",1,99.183850931677,39135
"(0.978144708175668, 0.996078431372549)",1,99.18378418181544,39136
"(0.9803921568627452, 0.996078431372549)",1,99.18371929655108,39137
"(0.9620227038183696, 0.996078431372549)",2,99.18367073730089,39139
"(0.9813854489164088, 0.996078431372549)",1,99.18366639270316,39140
"(0.9104993386243384, 1.0)",1,99.183548516231,39141
"(0.8402777777777779, 1.0)",1,99.1835223951452,39142
"(0.9135802469135802, 1.0)",1,99.18347993786593,39143
"(0.9449122174122172, 0.996078431372549)",1,99.183457162606,39144
"(0.8803174603174604, 1.0)",1,99.18334776334784,39145
"(0.9037076648841356, 0.996078431372549)",1,99.1833397516371,39146
"(0.75, 1.0)",1,99.18333333333334,39147
"(0.9224211423699916, 1.0)",1,99.18317656628332,39148
"(0.9841269841269842, 1.0)",1,99.18314034655498,39149
"(0.7400546757164405, 1.0)",1,99.18299085823595,39150
"(0.95536349042541, 0.996078431372549)",1,99.18294955295248,39151
"(0.9224211423699916, 0.9841269841269842)",1,99.18288290283182,39152
"(0.9841269841269842, 1.0)",1,99.18276168276168,39153
"(0.9777089783281734, 1.0)",1,99.1827096663228,39154
"(0.8889459760512393, 0.996078431372549)",1,99.18261871201332,39155
"(0.8791208791208792, 1.0)",1,99.1826180355592,39156
"(0.8571428571428572, 1.0)",1,99.18259031416927,39157
"(0.8831064306064307, 1.0)",1,99.18255594087194,39158
"(0.5, 1.0)",1,99.18253968253973,39159
"(0.9444444444444444, 1.0)",1,99.18253968253968,39160
"(0.8448736477904788, 1.0)",1,99.18252196218178,39161
"(0.9766612200435728, 1.0)",1,99.18250537372325,39162
"(0.8309016086793863, 1.0)",1,99.1824949227727,39163
"(0.95536349042541, 0.996078431372549)",1,99.18241754171888,39164
"(0.8888888888888888, 1.0)",1,99.18240906602976,39165
"(0.9925925925925926, 0.996078431372549)",1,99.18240870526498,39166
"(0.9523809523809524, 1.0)",1,99.18240835429944,39167
"(0.875, 1.0)",1,99.18240113348816,39168
"(0.9662707390648568, 0.996078431372549)",1,99.18239425234786,39169
"(0.9342814048696402, 0.996078431372549)",1,99.1823436801231,39170
"(0.9696969696969696, 1.0)",2,99.1823337057208,39172
"(0.976661220043573, 0.996078431372549)",1,99.1823085355002,39173
"(0.8138881768037778, 0.996078431372549)",1,99.1822225240537,39174
"(0.9369934640522876, 0.996078431372549)",1,99.18214662604144,39175
"(0.9879901960784314, 0.996078431372549)",1,99.1820651393022,39176
"(0.9351326548694968, 0.996078431372549)",1,99.18200187039209,39177
"(0.9651330532212884, 0.996078431372549)",2,99.18198519313644,39179
"(0.7544006919006919, 1.0)",1,99.18192508165234,39180
"(0.9466013071895424, 0.996078431372549)",2,99.18192505235864,39182
"(0.8844984255510572, 0.996078431372549)",1,99.18186719283482,39183
"(0.9466013071895424, 0.996078431372549)",1,99.1818602725861,39184
"(0.875, 1.0)",1,99.18174737752082,39185
"(0.8864468864468864, 1.0)",1,99.18174603174609,39186
"(0.8817204301075269, 0.9841269841269842)",1,99.18173646345696,39187
"(0.8889459760512393, 0.996078431372549)",1,99.18151816993948,39188
"(0.9351326548694968, 0.996078431372549)",1,99.18142952134453,39189
"(0.9728641456582634, 0.996078431372549)",1,99.18138841947112,39190
"(1.0, 1.0)",1,99.18129093129092,39191
"(0.909722222222222, 0.996078431372549)",1,99.18122625190442,39192
"(0.9855521155830752, 0.996078431372549)",1,99.181153250774,39193
"(0.8571024784182679, 0.996078431372549)",1,99.18112594253226,39194
"(0.8527777777777779, 1.0)",1,99.18111542030306,39195
"(0.9444444444444444, 1.0)",1,99.181016613254,39196
"(0.9236094950800832, 0.996078431372549)",1,99.18100206795944,39197
"(0.7496650452295612, 1.0)",1,99.18095010835286,39198
"(0.75, 1.0)",1,99.180855351545,39199
"(0.8832772166105499, 1.0)",1,99.18079947754744,39200
"(0.8817204301075269, 1.0)",1,99.18068533738492,39201
"(0.9769410044719642, 0.996078431372549)",1,99.18067863663931,39202
"(0.9168115942028986, 0.996078431372549)",1,99.18066309386732,39203
"(0.8791208791208792, 1.0)",1,99.180653696672,39204
"(0.9289529914529916, 1.0)",1,99.18054861541704,39205
"(0.996078431372549, 0.996078431372549)",2,99.18052222058418,39207
"(0.984313725490196, 0.996078431372549)",1,99.18051140725665,39208
"(0.7705882352941177, 1.0)",1,99.18047117891362,39209
"(0.93133246052044, 0.996078431372549)",1,99.18045329827848,39210
"(0.9135802469135802, 1.0)",1,99.18044823555576,39211
"(0.9579248366013072, 0.996078431372549)",1,99.18037643188995,39212
"(0.996078431372549, 1.0)",1,99.18034804628228,39213
"(0.7975164658278694, 1.0)",1,99.18030597768995,39214
"(0.9302579365079364, 1.0)",1,99.18029618305184,39215
"(0.95536349042541, 0.996078431372549)",1,99.18026645141153,39216
"(0.89, 1.0)",1,99.18025412660812,39217
"(0.9289529914529916, 1.0)",1,99.18020506614478,39218
"(0.751918158567775, 1.0)",1,99.18020098685066,39219
"(1.0, 1.0)",1,99.1801801801802,39220
"(0.8330439814814815, 1.0)",1,99.18017036819424,39221
"(0.9224211423699916, 1.0)",1,99.18014572067048,39222
"(0.9333333333333332, 1.0)",1,99.1800904076766,39223
"(0.9881481481481482, 0.996078431372549)",1,99.17996898911989,39224
"(0.8319664902998236, 1.0)",1,99.1799540811025,39225
"(0.8616898148148148, 1.0)",1,99.17992570904217,39226
"(0.9444444444444444, 1.0)",1,99.17979332495462,39227
"(1.0, 1.0)",1,99.17970982737228,39228
"(0.7650293586269196, 1.0)",1,99.17969409204166,39229
"(0.9886710239651416, 0.996078431372549)",1,99.17968299015514,39230
"(0.9609224859534458, 0.996078431372549)",1,99.17967814946076,39231
"(0.9047619047619048, 1.0)",1,99.17965425589604,39232
"(0.9399223139548216, 0.996078431372549)",1,99.17959768670453,39233
"(0.7496650452295612, 1.0)",1,99.1795552167864,39234
"(0.934644785450412, 0.996078431372549)",1,99.17954907841865,39235
"(0.9660130718954248, 0.996078431372549)",1,99.17954105033824,39236
"(0.8831064306064307, 1.0)",1,99.1795127897958,39237
"(0.8415692007797271, 1.0)",1,99.17947893538064,39238
"(0.9358798064680418, 0.996078431372549)",1,99.17939611429917,39239
"(0.9264176245210728, 1.0)",1,99.17935464120808,39240
"(0.8003918728017068, 1.0)",1,99.17923020695918,39241
"(0.9047619047619048, 1.0)",1,99.17921455938698,39242
"(0.9065438871473354, 1.0)",1,99.17919417990332,39243
"(0.875, 1.0)",1,99.17913940765266,39244
"(0.9138847117794486, 0.996078431372549)",1,99.17906453539598,39245
"(0.957490630284748, 0.996078431372549)",1,99.17905532245406,39246
"(0.8319664902998236, 1.0)",2,99.1790358242226,39248
"(0.8714344685242518, 0.996078431372549)",1,99.17901630934162,39249
"(0.8571024784182679, 0.996078431372549)",1,99.17901607777635,39250
"(0.9411376480416728, 0.996078431372549)",1,99.17900288176467,39251
"(0.9399138116785176, 0.996078431372549)",1,99.1789938089088,39252
"(0.978144708175668, 0.996078431372549)",1,99.1788903631629,39253
"(0.9399138116785176, 0.996078431372549)",1,99.17880076453784,39254
"(0.9230769230769232, 1.0)",1,99.17877463243596,39255
"(0.9019607843137254, 1.0)",1,99.17875071666091,39256
"(0.8520449077786689, 1.0)",1,99.1787169468594,39257
"(0.9657080610021788, 0.996078431372549)",1,99.17861864926743,39258
"(0.9879901960784314, 0.996078431372549)",1,99.17860906350867,39259
"(0.9841269841269842, 1.0)",1,99.17855690820808,39260
"(0.9590970891280488, 0.996078431372549)",1,99.17849668023966,39261
"(0.8425925925925927, 0.9841269841269842)",1,99.1784794110882,39262
"(0.8129629629629629, 1.0)",1,99.17846348025375,39263
"(0.8958946706887884, 0.996078431372549)",1,99.17843650560832,39264
"(0.9292181620122796, 0.996078431372549)",1,99.17838985845042,39265
"(0.9047619047619048, 1.0)",1,99.1783624476534,39266
"(0.8498168498168499, 0.9841269841269842)",1,99.17835271080163,39267
"(0.8565555555555555, 0.996078431372549)",1,99.178335697212,39268
"(0.9696969696969696, 1.0)",1,99.17832668039068,39269
"(0.9886710239651416, 0.996078431372549)",1,99.17829204977905,39270
"(0.9135802469135802, 1.0)",1,99.17824355208036,39271
"(0.8635440917107585, 0.996078431372549)",1,99.17806839622044,39272
"(0.9691305469556244, 0.996078431372549)",1,99.17802855523033,39273
"(0.909722222222222, 1.0)",1,99.17788719969384,39274
"(0.9916666666666668, 0.996078431372549)",1,99.17784371058364,39275
"(1.0, 1.0)",1,99.17783758803247,39276
"(0.9816305469556244, 0.996078431372549)",1,99.17775111799102,39277
"(0.9769410044719642, 0.996078431372549)",1,99.17770086237604,39278
"(0.9333333333333332, 1.0)",1,99.17765879344827,39279
"(0.8915343915343915, 1.0)",1,99.17763154120624,39280
"(0.957490630284748, 0.996078431372549)",1,99.1776176415033,39281
"(1.0, 1.0)",1,99.17759747577192,39282
"(0.8518518518518519, 1.0)",1,99.1775937428112,39283
"(0.8107448107448106, 1.0)",6,99.17758558799744,39289
"(0.6856760145918833, 1.0)",1,99.17757641534308,39290
"(0.8046935824713601, 1.0)",1,99.17748164831498,39291
"(0.9808278867102396, 0.996078431372549)",2,99.17743299152126,39293
"(0.9731092436974792, 0.996078431372549)",1,99.17742102582189,39294
"(0.9565217391304348, 1.0)",1,99.17739598593911,39295
"(0.958531746031746, 1.0)",1,99.17738803926372,39296
"(0.9688764394646748, 0.996078431372549)",1,99.17737362837852,39297
"(0.9491329966329968, 0.996078431372549)",1,99.17733553341348,39298
"(0.875, 1.0)",1,99.17732303732303,39299
"(0.8666666666666667, 1.0)",1,99.17731376726928,39300
"(0.9023635043242886, 0.996078431372549)",1,99.17727610776656,39301
"(0.9197362278244632, 0.996078431372549)",1,99.17721505917407,39302
"(0.8904991948470209, 1.0)",1,99.1771776828985,39303
"(0.9135802469135802, 1.0)",2,99.1770780756288,39305
"(0.5951421188630491, 1.0)",1,99.17706821296476,39306
"(0.9609224859534458, 0.996078431372549)",1,99.17697308224425,39307
"(0.8527777777777779, 1.0)",1,99.17693358961556,39308
"(0.8888888888888888, 1.0)",1,99.17688561807633,39309
"(0.9358798064680418, 0.996078431372549)",1,99.17688476190082,39310
"(0.954722222222222, 0.996078431372549)",1,99.17686241583078,39311
"(0.9792592592592592, 1.0)",1,99.1768451850032,39312
"(0.8586378737541528, 1.0)",1,99.17677389461656,39313
"(0.8376068376068376, 1.0)",2,99.17677245554484,39315
"(0.9696969696969696, 1.0)",1,99.17674797349594,39316
"(0.9401300133188678, 0.996078431372549)",1,99.1767318807163,39317
"(0.9333333333333332, 1.0)",1,99.1767115600449,39318
"(0.8714344685242518, 0.996078431372549)",1,99.17668398938544,39319
"(0.9230769230769232, 1.0)",1,99.17667783584298,39320
"(0.896551724137931, 1.0)",1,99.17665433757392,39321
"(0.9272424525365702, 0.996078431372549)",1,99.17663116041614,39322
"(0.9230769230769232, 1.0)",1,99.17661817942178,39323
"(0.8163854689162486, 1.0)",1,99.17661745409166,39324
"(0.9886710239651416, 0.996078431372549)",1,99.17661179091525,39325
"(1.0, 1.0)",1,99.17651607651608,39326
"(0.8859337035751476, 1.0)",1,99.17643829816392,39327
"(0.9565217391304348, 1.0)",2,99.17626796459749,39329
"(0.9449122174122172, 0.996078431372549)",1,99.1762312393682,39330
"(0.75, 1.0)",1,99.1762187088274,39331
"(0.8518518518518519, 1.0)",2,99.1761946588034,39333
"(0.9318498265866688, 0.996078431372549)",1,99.1761857184602,39334
"(0.8714344685242518, 0.996078431372549)",1,99.1761320930457,39335
"(0.992156862745098, 0.996078431372549)",1,99.17606998653795,39336
"(0.896551724137931, 1.0)",1,99.1760284132256,39337
"(0.8888888888888888, 1.0)",1,99.17593045708988,39338
"(0.8731060606060606, 1.0)",1,99.17578986156629,39339
"(0.9894736842105264, 0.996078431372549)",1,99.17575313787242,39340
"(0.8817204301075269, 1.0)",1,99.17573232267016,39341
"(0.9135802469135802, 0.9841269841269842)",1,99.17572969167178,39342
"(0.9851851851851852, 0.996078431372549)",1,99.17569530489642,39343
"(0.8368686868686868, 1.0)",1,99.1756310680284,39344
"(0.8740392648287385, 1.0)",1,99.17556982967452,39345
"(0.980582788671024, 0.996078431372549)",1,99.1755658235679,39346
"(0.9881481481481482, 0.996078431372549)",1,99.17556547944152,39347
"(0.875, 1.0)",1,99.17555934968216,39348
"(0.8740392648287385, 1.0)",1,99.17545642996956,39349
"(0.9230769230769232, 1.0)",2,99.17532876480244,39351
"(0.8271652864044169, 1.0)",1,99.1752774177532,39352
"(0.977218782249742, 0.996078431372549)",1,99.17515059435097,39353
"(0.8332521117608837, 1.0)",1,99.17511922521138,39354
"(0.9224211423699916, 1.0)",1,99.17497391208524,39355
"(0.5, 1.0)",2,99.17494824016563,39357
"(0.8889459760512393, 0.996078431372549)",1,99.17493402035493,39358
"(0.8970659722222223, 1.0)",1,99.17490116467366,39359
"(0.9841269841269842, 1.0)",1,99.17486437916628,39360
"(0.8803174603174604, 1.0)",1,99.17485008818348,39361
"(0.984967320261438, 0.996078431372549)",1,99.17479937589071,39362
"(0.8468468468468467, 1.0)",1,99.17476892476896,39363
"(0.9812636165577342, 0.996078431372549)",1,99.1747264090978,39364
"(0.9138847117794486, 0.996078431372549)",1,99.17470753097402,39365
"(0.8740392648287385, 1.0)",1,99.17469583154384,39366
"(0.9172932330827066, 1.0)",2,99.174595317971,39368
"(0.9882352941176472, 0.996078431372549)",1,99.17459337393063,39369
"(0.9445350241545892, 1.0)",2,99.1745860255618,39371
"(0.9444444444444444, 1.0)",1,99.17448740968231,39372
"(0.9047619047619048, 1.0)",2,99.17445577122996,39374
"(0.9879901960784314, 0.996078431372549)",1,99.17428618522956,39375
"(0.89, 1.0)",1,99.17426094673148,39376
"(0.9272424525365702, 0.996078431372549)",1,99.17425293982352,39377
"(0.8832772166105499, 1.0)",1,99.1742458575792,39378
"(0.9333333333333332, 1.0)",1,99.1742177876324,39379
"(0.7616334283000951, 0.9841269841269842)",1,99.17418754085428,39380
"(0.9333333333333332, 1.0)",1,99.17415638246888,39381
"(0.8740392648287385, 1.0)",1,99.17411988605056,39382
"(0.954722222222222, 0.996078431372549)",1,99.17405793424224,39383
"(0.9886710239651416, 0.996078431372549)",1,99.1740425856682,39384
"(0.9691219096334186, 0.996078431372549)",1,99.1740184709586,39385
"(0.7610695631528964, 1.0)",1,99.17381783340116,39386
"(0.980582788671024, 0.996078431372549)",1,99.173776106934,39387
"(0.9019607843137254, 1.0)",1,99.1737322816719,39388
"(0.9023809523809524, 1.0)",1,99.17369806580334,39389
"(0.9882352941176472, 0.996078431372549)",1,99.17363645224188,39390
"(0.9384803921568629, 0.996078431372549)",1,99.17358052622782,39391
"(0.9879901960784314, 0.996078431372549)",1,99.1735501579726,39392
"(0.9358798064680418, 0.996078431372549)",1,99.17352086961976,39393
"(0.9497685185185184, 1.0)",1,99.17349500689572,39394
"(0.9168478260869564, 1.0)",1,99.17349422091068,39395
"(0.9728641456582634, 0.996078431372549)",1,99.17347399900731,39396
"(0.8350168350168351, 1.0)",2,99.17347352516116,39398
"(0.9230769230769232, 1.0)",1,99.17344857024491,39399
"(0.738764566779023, 0.9996213816771112)",3,99.17344287600774,39402
"(0.9360774410774412, 0.996078431372549)",1,99.17341325755145,39403
"(0.8589726631393297, 1.0)",1,99.17319086111294,39404
"(0.9333333333333332, 0.9841269841269842)",1,99.17318393736058,39405
"(0.9641868969810148, 0.996078431372549)",1,99.17317980324556,39406
"(0.9248591174906964, 0.996078431372549)",1,99.17311932627504,39407
"(0.8559880611864197, 1.0)",1,99.1731175771698,39408
"(0.8112491373360938, 1.0)",1,99.17308966279504,39409
"(0.6403503049675462, 1.0)",1,99.17306402978926,39410
"(0.9320397146712937, 0.996078431372549)",1,99.17300089217584,39411
"(0.8266666666666667, 1.0)",1,99.17298991557612,39412
"(0.9445350241545892, 1.0)",1,99.17298250040804,39413
"(0.9707143676183924, 0.996078431372549)",2,99.17296886005886,39415
"(0.8925865800865801, 1.0)",1,99.17295992598264,39416
"(0.9272424525365702, 0.996078431372549)",1,99.17285572571087,39417
"(1.0, 1.0)",1,99.17282577747694,39418
"(0.8817204301075269, 1.0)",1,99.17282347910532,39419
"(0.9197362278244632, 0.996078431372549)",1,99.17280329446818,39420
"(0.9358798064680418, 0.996078431372549)",1,99.17279216047784,39421
"(0.9886710239651416, 0.996078431372549)",1,99.17277647169504,39422
"(0.8550741594067247, 1.0)",1,99.17277117169915,39423
"(0.82987382987383, 1.0)",1,99.17271788436818,39424
"(0.9047619047619048, 1.0)",2,99.17268335529204,39426
"(0.9651330532212884, 0.996078431372549)",1,99.1726594777964,39427
"(0.8771929824561403, 1.0)",1,99.17263652649908,39428
"(0.7081939799331105, 1.0)",1,99.17253005163964,39429
"(0.8107448107448106, 1.0)",1,99.17252048989248,39430
"(0.8469839324618735, 1.0)",1,99.1723401049793,39431
"(0.8615967365967366, 1.0)",1,99.17233421348055,39432
"(0.9138847117794486, 0.996078431372549)",1,99.17231865485758,39433
"(0.7141994478951, 1.0)",3,99.17229690599255,39436
"(0.9882352941176472, 0.996078431372549)",1,99.17227712579395,39437
"(0.8078308130291714, 1.0)",1,99.1722629991439,39438
"(0.9813854489164088, 0.996078431372549)",1,99.17222445506438,39439
"(0.8714344685242518, 0.996078431372549)",1,99.17207630690626,39440
"(0.8888888888888888, 1.0)",1,99.1720501720502,39441
"(0.9507101086048454, 1.0)",1,99.17203045492523,39442
"(0.9879901960784314, 0.996078431372549)",1,99.17201627348255,39443
"(0.9813854489164088, 0.996078431372549)",1,99.17197935702517,39444
"(0.8439484126984128, 1.0)",1,99.17192185086594,39445
"(0.9589484126984128, 1.0)",1,99.17184811838963,39446
"(0.8791208791208792, 1.0)",1,99.17184204373454,39447
"(0.976851851851852, 0.996078431372549)",1,99.17184144076184,39448
"(0.8425925925925927, 1.0)",1,99.17184112184113,39449
"(0.9018073680369506, 0.996078431372549)",1,99.1718277843254,39450
"(0.9808278867102396, 0.996078431372549)",1,99.17181974544224,39451
"(0.8125, 1.0)",1,99.17181250547236,39452
"(0.9881481481481482, 0.996078431372549)",1,99.17171485978776,39453
"(0.9206349206349206, 0.9841269841269842)",2,99.17170720725711,39455
"(0.9292181620122796, 0.996078431372549)",1,99.17170503566584,39456
"(0.8740392648287385, 1.0)",1,99.17158898568545,39457
"(0.976851851851852, 0.996078431372549)",1,99.17156566784917,39458
"(0.9620227038183696, 0.996078431372549)",1,99.1714482661927,39459
"(0.9399223139548216, 0.996078431372549)",1,99.17140198188068,39460
"(0.8281746031746032, 1.0)",1,99.17136066981692,39461
"(0.9610423116615068, 0.996078431372549)",1,99.17132608322908,39462
"(0.5951421188630491, 1.0)",1,99.17117387600668,39463
"(0.8791208791208792, 1.0)",1,99.17116411853254,39464
"(0.9224211423699916, 1.0)",1,99.17115531494092,39465
"(0.9197362278244632, 0.996078431372549)",1,99.17114194660466,39466
"(0.9803376906318084, 0.996078431372549)",2,99.17110071170949,39468
"(0.9320397146712937, 0.996078431372549)",1,99.17103471046418,39469
"(0.7840187590187591, 1.0)",1,99.17102467249526,39470
"(0.5951421188630491, 1.0)",1,99.17096988562726,39471
"(0.8518518518518519, 1.0)",1,99.1709559361734,39472
"(0.992156862745098, 0.996078431372549)",1,99.17093239183136,39473
"(0.9841269841269842, 1.0)",2,99.17091177556294,39475
"(0.8831064306064307, 1.0)",1,99.1708405279618,39476
"(0.9886710239651416, 0.996078431372549)",1,99.17076788938068,39477
"(0.9194577352472088, 1.0)",1,99.17068188697482,39478
"(0.7782392026578072, 1.0)",1,99.17063462746938,39479
"(1.0, 1.0)",1,99.17058540587958,39480
"(0.7460317460317459, 1.0)",4,99.17054086040494,39484
"(0.9230769230769232, 1.0)",1,99.17046916533758,39485
"(0.9248366013071896, 1.0)",1,99.1704627072274,39486
"(0.9674276377217554, 0.996078431372549)",1,99.17044817927196,39487
"(0.9116878426011552, 0.996078431372549)",1,99.1704297955228,39488
"(0.8246422686315873, 1.0)",1,99.1703995403182,39489
"(0.9491329966329968, 0.996078431372549)",1,99.1703634631366,39490
"(0.8264567669172932, 1.0)",1,99.17030539233178,39491
"(0.9399138116785176, 0.996078431372549)",1,99.17024271336982,39492
"(0.9037076648841356, 0.996078431372549)",1,99.17023706026816,39493
"(0.9197362278244632, 0.996078431372549)",1,99.17017492100987,39494
"(0.8888888888888888, 1.0)",1,99.170017338107,39495
"(0.900854700854701, 1.0)",1,99.1699893975756,39496
"(0.7840187590187591, 1.0)",1,99.16990041259064,39497
"(0.879008834302952, 0.996078431372549)",1,99.16988263634606,39498
"(0.9333333333333332, 0.9841269841269842)",2,99.16984126984136,39500
"(0.9427450980392156, 0.996078431372549)",1,99.16982142509154,39501
"(0.9380032206119162, 1.0)",1,99.1697970368756,39502
"(0.992156862745098, 0.996078431372549)",1,99.16972462673928,39503
"(0.9399138116785176, 0.996078431372549)",1,99.16965902661735,39504
"(0.919047619047619, 1.0)",1,99.16962309720932,39505
"(0.9444444444444444, 1.0)",1,99.16958450046684,39506
"(0.8600272232304901, 1.0)",1,99.16958229778557,39507
"(0.9172932330827066, 1.0)",1,99.16952128205872,39508
"(0.8571428571428572, 1.0)",1,99.16941884280594,39509
"(0.9565217391304348, 1.0)",1,99.16935502059115,39510
"(0.9816305469556244, 0.996078431372549)",1,99.16934439857816,39511
"(0.8635440917107585, 0.996078431372549)",1,99.16933578553568,39512
"(0.8571428571428572, 1.0)",1,99.16928104575165,39513
"(1.0, 1.0)",1,99.16927426438306,39514
"(0.8448736477904788, 1.0)",1,99.16926474369008,39515
"(0.9023569023569024, 1.0)",1,99.16925938259274,39516
"(0.9754901960784312, 0.996078431372549)",1,99.169119183587,39517
"(0.9280112044817928, 0.996078431372549)",1,99.16911672689864,39518
"(0.9674603174603176, 1.0)",1,99.16894129262552,39519
"(0.9766612200435728, 0.996078431372549)",2,99.16893663194828,39521
"(0.9320397146712937, 0.992156862745098)",2,99.16891879963838,39523
"(0.8900759734093067, 1.0)",1,99.16888640366078,39524
"(0.941156690746474, 0.996078431372549)",1,99.16884748030196,39525
"(0.8705805822084891, 1.0)",1,99.16882207621047,39526
"(1.0, 1.0)",1,99.16881326558746,39527
"(0.9351326548694968, 0.996078431372549)",1,99.16878475898612,39528
"(0.9135802469135802, 0.9841269841269842)",1,99.16876365999178,39529
"(0.8067271451483561, 1.0)",1,99.16870399573004,39530
"(0.875, 1.0)",1,99.16868772207482,39531
"(0.8571024784182679, 0.996078431372549)",1,99.16866687878216,39532
"(0.9579248366013072, 0.996078431372549)",1,99.16863391080896,39533
"(0.7141994478951, 1.0)",1,99.16854522982707,39534
"(0.941889272578127, 0.996078431372549)",1,99.16853158253907,39535
"(0.8129629629629629, 1.0)",1,99.16851808171252,39536
"(0.9788235294117646, 0.996078431372549)",1,99.16845083055942,39537
"(0.984313725490196, 0.996078431372549)",1,99.1684317260642,39538
"(0.9478270609318996, 1.0)",1,99.16840366216542,39539
"(0.9769410044719642, 0.996078431372549)",1,99.16834680655896,39540
"(0.9841269841269842, 1.0)",1,99.16834481943178,39541
"(0.9292181620122796, 0.996078431372549)",1,99.16831767935248,39542
"(0.992156862745098, 0.996078431372549)",1,99.16828222020706,39543
"(0.8264567669172932, 1.0)",1,99.16816479430024,39544
"(0.8888888888888888, 1.0)",1,99.16798632818124,39545
"(0.9023569023569024, 1.0)",1,99.16797441950224,39546
"(0.7707924493038034, 1.0)",1,99.1679027464141,39547
"(0.984313725490196, 0.996078431372549)",1,99.16779340582606,39548
"(0.8900759734093067, 1.0)",1,99.16759137109985,39549
"(0.9813854489164088, 0.996078431372549)",2,99.16757688842526,39551
"(0.9224211423699916, 1.0)",1,99.1675616228046,39552
"(0.9318498265866688, 0.996078431372549)",1,99.1675107397005,39553
"(0.9696969696969696, 1.0)",1,99.1673758340425,39554
"(0.9236094950800832, 0.996078431372549)",1,99.16736047221262,39555
"(0.9803921568627452, 0.996078431372549)",1,99.16734424497518,39556
"(0.8635440917107585, 0.996078431372549)",1,99.16721762101862,39557
"(0.9596261896571492, 0.996078431372549)",1,99.16719652667044,39558
"(0.9881481481481482, 0.996078431372549)",1,99.16706758726896,39559
"(0.936026936026936, 1.0)",1,99.16706507467376,39560
"(0.9742231395482168, 0.996078431372549)",1,99.16706179925971,39561
"(0.7555555555555554, 1.0)",1,99.16699057312869,39562
"(0.9230769230769232, 1.0)",1,99.16694416694416,39563
"(0.8857001484413657, 1.0)",1,99.16688385588355,39564
"(0.9882352941176472, 0.996078431372549)",1,99.1668257299023,39565
"(0.941156690746474, 0.996078431372549)",1,99.16681589594924,39566
"(0.9754435107376284, 0.996078431372549)",1,99.16678055423176,39567
"(0.8586378737541528, 1.0)",1,99.16672324656425,39568
"(0.6856760145918833, 1.0)",1,99.16667283933852,39569
"(0.965272331154684, 0.996078431372549)",1,99.166571575999,39570
"(0.7975164658278694, 1.0)",1,99.1664550870846,39571
"(0.9327249496289745, 0.996078431372549)",2,99.16621591986834,39573
"(0.9916666666666668, 0.996078431372549)",1,99.16621343465629,39574
"(0.9399138116785176, 0.996078431372549)",1,99.16614235633304,39575
"(0.9138847117794486, 0.992156862745098)",2,99.1660944845772,39577
"(0.9916666666666668, 0.996078431372549)",1,99.16608932461878,39578
"(0.8138881768037778, 0.996078431372549)",1,99.16598864418054,39579
"(0.9261349042540992, 0.996078431372549)",1,99.16595908649326,39580
"(0.8831064306064307, 1.0)",1,99.1659526460294,39581
"(0.8129898303922073, 1.0)",1,99.16592612868055,39582
"(0.9841269841269842, 1.0)",1,99.16581444870918,39583
"(0.9847494553376906, 0.996078431372549)",1,99.1657570278212,39584
"(0.6156045751633987, 1.0)",2,99.16572133583767,39586
"(0.8078308130291714, 1.0)",1,99.16568700594188,39587
"(0.8796296296296295, 1.0)",1,99.16563233190236,39588
"(0.8880341880341881, 1.0)",1,99.1655721153322,39589
"(0.9224211423699916, 1.0)",1,99.16540268190326,39590
"(0.808641975308642, 1.0)",1,99.16536310076044,39591
"(0.9399223139548216, 0.996078431372549)",1,99.1653599747398,39592
"(0.9272424525365702, 0.996078431372549)",1,99.16535736660953,39593
"(0.9135802469135802, 1.0)",1,99.16529007459673,39594
"(0.808641975308642, 1.0)",1,99.1652742319409,39595
"(0.9696969696969696, 0.9841269841269842)",1,99.16527332316814,39596
"(0.9358798064680418, 0.996078431372549)",1,99.16519285260752,39597
"(0.8731060606060606, 1.0)",1,99.16509000683786,39598
"(0.8176097867714723, 0.9977333631085306)",3,99.16503169134094,39601
"(0.8748472964943552, 0.996078431372549)",1,99.16499687891422,39602
"(0.8817204301075269, 1.0)",1,99.16494324220366,39603
"(0.9827450980392156, 0.992156862745098)",1,99.16488417195698,39604
"(0.996078431372549, 1.0)",1,99.16466177177249,39605
"(0.8915343915343915, 1.0)",1,99.16465731084544,39606
"(0.7996201329534663, 1.0)",1,99.16462734796067,39607
"(1.0, 1.0)",1,99.1645487129358,39608
"(0.9491329966329968, 0.996078431372549)",1,99.16451329022654,39609
"(0.8817204301075269, 1.0)",1,99.16443911048869,39610
"(0.9351326548694968, 0.996078431372549)",1,99.16440608710042,39611
"(0.8888888888888888, 1.0)",1,99.164370385423,39612
"(0.8897707231040564, 1.0)",1,99.16436288995963,39613
"(0.9292181620122796, 0.996078431372549)",1,99.16427961472098,39614
"(0.7167919799498746, 1.0)",1,99.16426610081108,39615
"(0.9565217391304348, 1.0)",1,99.16423056278128,39616
"(0.9841269841269842, 1.0)",1,99.1641856801277,39617
"(0.7971704623878537, 0.996078431372549)",1,99.1641527238686,39618
"(0.9886710239651416, 0.996078431372549)",1,99.164110767114,39619
"(0.9565217391304348, 1.0)",1,99.16411044671916,39620
"(0.8170426065162907, 1.0)",2,99.16408167855536,39622
"(0.9197362278244632, 0.996078431372549)",1,99.1639899913184,39623
"(0.9491329966329968, 0.996078431372549)",1,99.16391617234476,39624
"(0.5951421188630491, 1.0)",1,99.16388178672412,39625
"(0.813859649122807, 1.0)",1,99.16384468337868,39626
"(0.7935132499973325, 1.0)",1,99.16378381284608,39627
"(0.97718610251118, 0.996078431372549)",1,99.16365927025274,39628
"(0.8350168350168351, 1.0)",1,99.16365239698573,39629
"(0.9697786951037723, 0.996078431372549)",1,99.16361836077029,39630
"(0.992156862745098, 0.996078431372549)",1,99.16360487368864,39631
"(0.8686868686868687, 1.0)",1,99.16355866355866,39632
"(0.875, 1.0)",1,99.16351611979798,39633
"(0.8771929824561403, 1.0)",1,99.16348494331332,39634
"(0.977218782249742, 0.996078431372549)",1,99.16346240675986,39635
"(0.75, 1.0)",1,99.16339202933406,39636
"(0.9766612200435728, 0.996078431372549)",1,99.16321499498964,39637
"(0.9445350241545892, 1.0)",1,99.16315266353504,39638
"(0.9444444444444444, 1.0)",4,99.1631057114928,39642
"(0.9641868969810148, 0.996078431372549)",1,99.16307856316386,39643
"(0.883580779054917, 1.0)",1,99.16306798525034,39644
"(0.875, 1.0)",1,99.16302084530987,39645
"(1.0, 1.0)",1,99.16299126655078,39646
"(0.8415692007797271, 1.0)",1,99.1629011285095,39647
"(0.962458433665864, 0.996078431372549)",1,99.16286703224398,39648
"(0.9364583333333332, 1.0)",2,99.16268817061876,39650
"(0.8271652864044169, 1.0)",1,99.16258692772392,39651
"(0.6156045751633987, 1.0)",1,99.16247868485002,39652
"(0.9841269841269842, 1.0)",1,99.1621530504589,39653
"(0.7782392026578072, 1.0)",1,99.16204359487293,39654
"(0.9411376480416728, 0.996078431372549)",1,99.16201803350393,39655
"(0.879008834302952, 0.996078431372549)",2,99.16200840318965,39657
"(0.9023569023569024, 1.0)",1,99.1619358971308,39658
"(0.996078431372549, 0.996078431372549)",1,99.16189315683766,39659
"(0.9192251461988304, 0.996078431372549)",1,99.16186608222748,39660
"(0.9037076648841356, 0.996078431372549)",1,99.16186563089612,39661
"(0.9224211423699916, 1.0)",1,99.16184915263132,39662
"(0.909209656084656, 1.0)",1,99.16184407446376,39663
"(0.95536349042541, 0.996078431372549)",1,99.16177282091358,39664
"(0.9755757858699036, 1.0)",1,99.16176502507386,39665
"(0.8600272232304901, 1.0)",1,99.16174222439516,39666
"(0.95536349042541, 0.992156862745098)",1,99.1616983635557,39667
"(0.9879901960784314, 0.996078431372549)",1,99.16161846609984,39668
"(0.8762481299794732, 1.0)",1,99.1615888154724,39669
"(0.9444444444444444, 1.0)",1,99.161574770259,39670
"(0.8298183642256803, 0.9984875577410224)",3,99.1614799481704,39673
"(0.896551724137931, 1.0)",1,99.16136230130547,39674
"(0.9754901960784312, 0.996078431372549)",1,99.16135864287207,39675
"(0.9192180611357128, 1.0)",2,99.1613522684516,39677
"(0.9808278867102396, 0.996078431372549)",1,99.16135164485809,39678
"(0.896551724137931, 1.0)",2,99.1612550099758,39680
"(0.9251027896538732, 0.996078431372549)",1,99.16123502739538,39681
"(0.976623544154504, 1.0)",1,99.16119981630388,39682
"(0.9172932330827066, 1.0)",1,99.16119971322556,39683
"(0.9399138116785176, 0.996078431372549)",1,99.16110569602566,39684
"(0.9272424525365702, 0.996078431372549)",1,99.16106425377193,39685
"(0.9841269841269842, 1.0)",1,99.16085074345943,39686
"(0.8465418823841762, 1.0)",1,99.16084947614144,39687
"(0.996078431372549, 0.996078431372549)",2,99.16083086988644,39689
"(0.5951421188630491, 1.0)",1,99.16073939358044,39690
"(0.8423371647509579, 1.0)",1,99.16067793856048,39691
"(0.8750600325600326, 1.0)",1,99.16061612020948,39692
"(0.9230769230769232, 1.0)",1,99.16049586726278,39693
"(0.940967320261438, 0.996078431372549)",1,99.1604378341681,39694
"(0.9047619047619048, 1.0)",2,99.16043712385176,39696
"(0.8666666666666667, 1.0)",1,99.1604213403393,39697
"(0.9411376480416728, 0.996078431372549)",1,99.16041011893644,39698
"(0.8053221288515406, 1.0)",1,99.16038536626772,39699
"(0.941156690746474, 0.996078431372549)",1,99.16032247546008,39700
"(1.0, 1.0)",1,99.16030684291552,39701
"(0.9816305469556244, 0.996078431372549)",1,99.16027880157912,39702
"(0.8889459760512393, 0.996078431372549)",1,99.16026945526386,39703
"(0.9691219096334186, 0.996078431372549)",1,99.16024190306372,39704
"(0.95536349042541, 0.992156862745098)",1,99.1601816896926,39705
"(0.7650293586269196, 1.0)",1,99.16016154790422,39706
"(0.9841269841269842, 1.0)",1,99.1601586648276,39707
"(0.9018073680369506, 0.996078431372549)",1,99.16007727020096,39708
"(0.8125, 1.0)",1,99.15990740740742,39709
"(0.8319664902998236, 1.0)",2,99.15988560914744,39711
"(0.896551724137931, 1.0)",1,99.1598120085328,39712
"(0.91158781074579, 1.0)",1,99.1598006491621,39713
"(0.941156690746474, 0.996078431372549)",1,99.15978081960954,39714
"(0.8109668109668109, 1.0)",2,99.15975030069234,39716
"(0.896551724137931, 1.0)",1,99.15969042505772,39717
"(0.8521317829457364, 1.0)",2,99.1596190066254,39719
"(0.9230769230769232, 1.0)",1,99.15953461319594,39720
"(1.0, 1.0)",1,99.1594982078853,39721
"(0.9728641456582634, 0.996078431372549)",1,99.15947919372026,39722
"(0.8498168498168498, 1.0)",1,99.15943332982806,39723
"(0.8013468013468013, 1.0)",1,99.15933955530733,39724
"(0.95536349042541, 0.996078431372549)",1,99.15932162906482,39725
"(0.8345959595959597, 1.0)",2,99.1593123789436,39727
"(0.8138881768037778, 0.996078431372549)",1,99.15929827422713,39728
"(0.8952020202020202, 1.0)",1,99.15929375377792,39729
"(0.9202401372212692, 1.0)",1,99.15923431537308,39730
"(0.919047619047619, 1.0)",1,99.15916569016149,39731
"(0.8822954822954823, 1.0)",1,99.15916171710494,39732
"(0.7141994478951, 1.0)",2,99.15912167542602,39734
"(0.9568181818181818, 0.996078431372549)",1,99.15898131264322,39735
"(0.9886710239651416, 0.996078431372549)",1,99.1589785329336,39736
"(0.8138881768037778, 0.996078431372549)",1,99.15890304952148,39737
"(0.984504357298475, 1.0)",1,99.1588695781344,39738
"(0.996078431372549, 0.996078431372549)",1,99.15881411043968,39739
"(0.976851851851852, 0.996078431372549)",1,99.15876191022215,39740
"(0.909722222222222, 0.996078431372549)",1,99.1587141466394,39741
"(0.773034398034398, 1.0)",1,99.15849134849137,39742
"(0.9886710239651416, 0.996078431372549)",1,99.15847288974076,39743
"(0.9333333333333332, 1.0)",1,99.1584315697016,39744
"(0.97718610251118, 0.996078431372549)",1,99.15841477952183,39745
"(0.8958946706887884, 0.992156862745098)",1,99.15839467068854,39746
"(0.9602089783281734, 0.996078431372549)",2,99.15833886186068,39748
"(0.8952020202020202, 1.0)",1,99.15832371332372,39749
"(0.9138847117794486, 0.996078431372549)",1,99.1582452045148,39750
"(0.996078431372549, 1.0)",1,99.15819243327864,39751
"(0.6403503049675462, 1.0)",1,99.15817005069428,39752
"(0.9479380641145349, 0.996078431372549)",1,99.15811437311343,39753
"(0.8627450980392157, 1.0)",2,99.1580976476612,39755
"(0.875, 1.0)",1,99.1580878932828,39756
"(0.8864468864468864, 1.0)",1,99.15806941596418,39757
"(0.962458433665864, 0.996078431372549)",1,99.15806504570573,39758
"(0.9333333333333332, 1.0)",1,99.1580086580087,39759
"(0.9605975723622784, 0.996078431372549)",1,99.15794868931096,39760
"(0.949639417170377, 0.996078431372549)",1,99.15791819492296,39761
"(0.9230769230769232, 1.0)",1,99.15787173072812,39762
"(0.978144708175668, 0.996078431372549)",1,99.15776869771926,39763
"(0.980582788671024, 0.996078431372549)",1,99.1577675224337,39764
"(0.9841269841269842, 1.0)",1,99.15770866560348,39765
"(0.8686868686868687, 1.0)",1,99.15769978813458,39766
"(0.7782392026578072, 1.0)",1,99.15757545577846,39767
"(0.996078431372549, 0.996078431372549)",1,99.15756184616848,39768
"(0.9565217391304348, 1.0)",1,99.1575174675374,39769
"(0.978144708175668, 0.996078431372549)",1,99.15741799115636,39770
"(0.8067271451483561, 1.0)",1,99.15739263451736,39771
"(0.8274333033699055, 0.9988651610017888)",3,99.15737851332771,39774
"(0.9855521155830752, 0.996078431372549)",1,99.15737251796872,39775
"(0.8129629629629629, 1.0)",1,99.15732243501265,39776
"(0.9882352941176472, 0.996078431372549)",2,99.15727716498635,39778
"(0.9138847117794486, 0.996078431372549)",1,99.1571061267122,39779
"(0.9503921568627453, 0.9925925925925926)",1,99.1570796681244,39780
"(0.7971704623878537, 0.996078431372549)",1,99.15706779186746,39781
"(0.9465811965811968, 1.0)",1,99.15704392268954,39782
"(0.919047619047619, 1.0)",1,99.15704305067612,39783
"(0.980582788671024, 0.996078431372549)",1,99.15699461070994,39784
"(0.8859337035751476, 1.0)",1,99.15697585646352,39785
"(0.936719001610306, 0.996078431372549)",1,99.15694984833507,39786
"(0.7708333333333334, 1.0)",1,99.1567460317461,39787
"(0.7410714285714286, 1.0)",1,99.1567126645572,39788
"(0.9573319772862108, 0.992156862745098)",1,99.15660298409844,39789
"(0.7141994478951, 1.0)",1,99.15642389011954,39790
"(0.980582788671024, 0.996078431372549)",1,99.15639257813476,39791
"(0.7840187590187591, 1.0)",1,99.1563825120222,39792
"(0.9018073680369506, 0.996078431372549)",1,99.15632853510807,39793
"(0.922050500014663, 1.0)",2,99.15630875417132,39795
"(0.980582788671024, 0.996078431372549)",2,99.1562668752846,39797
"(0.8518518518518519, 1.0)",1,99.15623053883924,39798
"(0.8705378705688304, 0.996078431372549)",1,99.15621413113765,39799
"(1.0, 1.0)",1,99.15619239148651,39800
"(0.9841269841269842, 1.0)",1,99.15619132957843,39801
"(0.9261349042540992, 0.996078431372549)",1,99.15619051056852,39802
"(0.996078431372549, 1.0)",1,99.15618406089813,39803
"(0.9491329966329968, 0.996078431372549)",1,99.15617334387606,39804
"(1.0, 1.0)",1,99.15615785181002,39805
"(0.9172932330827066, 1.0)",1,99.1561008819327,39806
"(0.9333333333333332, 1.0)",2,99.15605330342171,39808
"(0.9358798064680418, 0.996078431372549)",2,99.15605122431762,39810
"(0.8257685414943479, 1.0)",1,99.15598401866686,39811
"(0.9882352941176472, 0.996078431372549)",1,99.15597956923122,39812
"(0.8622222222222222, 1.0)",1,99.15596922022208,39813
"(0.996078431372549, 0.996078431372549)",1,99.15587535014016,39814
"(0.9886710239651416, 0.996078431372549)",1,99.1558632500619,39815
"(0.9171090534979424, 1.0)",1,99.15584343484092,39816
"(0.9444444444444444, 1.0)",1,99.15583444683529,39817
"(0.8888888888888888, 1.0)",2,99.15580929754036,39819
"(0.8571024784182679, 0.996078431372549)",1,99.1557098206647,39820
"(0.8817204301075269, 1.0)",1,99.15565020403731,39821
"(0.8858975827700768, 1.0)",1,99.15559512967852,39822
"(0.9879901960784314, 0.996078431372549)",2,99.1555494536996,39824
"(1.0, 0.996078431372549)",1,99.15553460798206,39825
"(0.8888888888888888, 1.0)",1,99.15549783777512,39826
"(0.7558179989944697, 0.9992431021625652)",1,99.15549477171751,39827
"(0.9192251461988304, 0.996078431372549)",1,99.15541904095004,39828
"(0.8138881768037778, 0.996078431372549)",1,99.15538947163344,39829
"(0.996078431372549, 0.996078431372549)",1,99.15532409455017,39830
"(0.9358798064680418, 0.996078431372549)",1,99.155313808139,39831
"(0.9803050108932462, 0.996078431372549)",1,99.1553009138328,39832
"(0.8309016086793863, 1.0)",1,99.15530008998655,39833
"(0.8129629629629629, 1.0)",1,99.15528262181564,39834
"(0.8468468468468467, 1.0)",1,99.15523309573656,39835
"(0.9358798064680418, 0.992156862745098)",1,99.155223661787,39836
"(0.9444444444444444, 1.0)",1,99.15522043782912,39837
"(0.7777777777777776, 1.0)",1,99.15517603847124,39838
"(0.9135802469135802, 1.0)",2,99.1551590787098,39840
"(0.9135802469135802, 1.0)",1,99.15508367102576,39841
"(0.8468980343980343, 1.0)",1,99.1550833573056,39842
"(1.0, 1.0)",1,99.15500639711166,39843
"(0.9803921568627452, 0.996078431372549)",1,99.15496336652691,39844
"(0.9047619047619048, 1.0)",2,99.15496139015627,39846
"(0.8958946706887884, 0.992156862745098)",1,99.1549088319086,39847
"(0.875, 1.0)",1,99.15484800604938,39848
"(0.8627450980392157, 1.0)",1,99.1548085901027,39849
"(0.9023569023569024, 1.0)",1,99.15479815479816,39850
"(0.75, 1.0)",1,99.15475305877604,39851
"(0.9755757858699036, 1.0)",1,99.15454824947471,39852
"(0.8067271451483561, 1.0)",1,99.15452235849332,39853
"(0.9755757858699036, 0.996078431372549)",1,99.1545178305242,39854
"(0.9466013071895424, 0.996078431372549)",1,99.15451477727991,39855
"(0.941156690746474, 0.996078431372549)",1,99.1544620758787,39856
"(0.9135802469135802, 1.0)",1,99.15445818617862,39857
"(0.8817204301075269, 1.0)",1,99.15445526115484,39858
"(0.7410714285714286, 1.0)",1,99.15438329115864,39859
"(0.8281746031746032, 1.0)",1,99.15437996868738,39860
"(0.8112491373360938, 1.0)",1,99.15434531134028,39861
"(0.8952380952380952, 1.0)",1,99.154329949069,39862
"(0.740829346092504, 1.0)",2,99.15422462290242,39864
"(0.8571428571428572, 1.0)",1,99.15416993662608,39865
"(0.9491329966329968, 0.996078431372549)",1,99.15413233277168,39866
"(0.8817204301075269, 1.0)",1,99.15411518511098,39867
"(0.9138847117794486, 0.996078431372549)",1,99.15411493393302,39868
"(0.9754901960784312, 0.996078431372549)",1,99.1541096204565,39869
"(0.8888888888888888, 1.0)",1,99.15407714296768,39870
"(0.9444444444444444, 1.0)",1,99.15403638933051,39871
"(0.984313725490196, 0.996078431372549)",1,99.1539123275252,39872
"(0.9320397146712937, 0.996078431372549)",1,99.15379598443086,39873
"(0.7973856209150327, 1.0)",1,99.15377652993752,39874
"(0.9916666666666668, 0.996078431372549)",1,99.1537447376612,39875
"(0.9886710239651416, 0.996078431372549)",1,99.1537073043344,39876
"(0.5, 1.0)",1,99.15367965367967,39877
"(0.945875350140056, 0.996078431372549)",1,99.1536134453783,39878
"(0.7544006919006919, 1.0)",1,99.15359107049024,39879
"(0.8163854689162486, 1.0)",1,99.15358856520164,39880
"(0.9886710239651416, 0.9925925925925926)",1,99.1535614362706,39881
"(0.8857001484413657, 1.0)",2,99.15349736264837,39883
"(0.8831018518518517, 1.0)",1,99.15346515726884,39884
"(0.9803921568627452, 0.996078431372549)",1,99.1534579316553,39885
"(0.8112491373360938, 1.0)",1,99.1534525295548,39886
"(0.8067271451483561, 1.0)",1,99.15335621975812,39887
"(0.8589726631393297, 1.0)",1,99.15334574590096,39888
"(0.9047619047619048, 1.0)",1,99.1532635937671,39889
"(0.8883205456095482, 1.0)",1,99.15321442203852,39890
"(0.9688764394646748, 0.996078431372549)",1,99.15315542272222,39891
"(0.8803174603174604, 1.0)",1,99.15309776028847,39892
"(0.7081939799331105, 1.0)",1,99.153005306173,39893
"(0.9466013071895424, 0.996078431372549)",1,99.1529435547446,39894
"(0.8571428571428572, 1.0)",1,99.15293015474684,39895
"(0.9731377053745476, 0.996078431372549)",1,99.15291370384767,39896
"(0.9435178632856652, 0.996078431372549)",1,99.1529123412946,39897
"(0.9766612200435728, 0.996078431372549)",1,99.15290771864314,39898
"(0.9264176245210728, 1.0)",1,99.15289789065412,39899
"(0.9280112044817928, 0.996078431372549)",1,99.15281901649564,39900
"(0.875, 1.0)",1,99.15277777777776,39901
"(0.8977777777777779, 1.0)",1,99.15272444819098,39902
"(0.9135802469135802, 1.0)",1,99.15271013912198,39903
"(0.8705805822084891, 1.0)",1,99.15258523617804,39904
"(0.9135802469135802, 1.0)",1,99.152557319224,39905
"(0.965272331154684, 0.996078431372549)",1,99.15250516351996,39906
"(0.9135802469135802, 1.0)",1,99.15238803410848,39907
"(0.8170426065162907, 1.0)",1,99.1523070979265,39908
"(0.9602875653185252, 0.996078431372549)",1,99.15228237334296,39909
"(0.9444444444444444, 1.0)",1,99.15223665223677,39910
"(0.8714344685242518, 0.996078431372549)",1,99.15221109799374,39911
"(0.9018073680369506, 0.996078431372549)",1,99.15217423812388,39912
"(0.9759803921568628, 0.996078431372549)",1,99.1521204563698,39913
"(0.9750257997936016, 0.996078431372549)",1,99.15203277413887,39914
"(0.9296576483944904, 0.996078431372549)",1,99.15198851997546,39915
"(0.9696969696969696, 1.0)",1,99.15193590263426,39916
"(0.9017820228239786, 0.992156862745098)",1,99.15189432910478,39917
"(0.9841269841269842, 1.0)",1,99.15186714075767,39918
"(0.9224211423699916, 1.0)",2,99.15186570466392,39920
"(0.8635440917107585, 0.996078431372549)",1,99.15181632143056,39921
"(0.9192180611357128, 1.0)",1,99.1517881122539,39922
"(0.9313762626262628, 1.0)",1,99.15177214916947,39923
"(0.978144708175668, 0.996078431372549)",1,99.1516178980278,39924
"(0.75, 1.0)",1,99.1516053356082,39925
"(0.75, 1.0)",1,99.1515873015873,39926
"(0.8831064306064307, 1.0)",1,99.15158357402088,39927
"(0.8423371647509579, 1.0)",1,99.15157883968328,39928
"(0.9491329966329968, 0.996078431372549)",2,99.1515501089327,39930
"(0.8915343915343915, 1.0)",1,99.1514811691756,39931
"(0.8817204301075269, 1.0)",1,99.151449737904,39932
"(0.976623544154504, 1.0)",1,99.15136477117474,39933
"(0.9491329966329968, 0.996078431372549)",2,99.15121697060448,39935
"(0.9743589743589745, 1.0)",1,99.15109364562832,39936
"(0.9465811965811968, 1.0)",1,99.15108547104236,39937
"(0.9248591174906964, 0.996078431372549)",1,99.15103002604572,39938
"(0.8571428571428572, 1.0)",1,99.15096319833162,39939
"(0.9261349042540992, 0.996078431372549)",1,99.15091251765904,39940
"(0.9444444444444444, 1.0)",1,99.1507874841208,39941
"(0.9224211423699916, 1.0)",1,99.15060777055665,39942
"(0.8817204301075269, 1.0)",1,99.15047636553012,39943
"(0.830630172296839, 0.996078431372549)",1,99.15047103617871,39944
"(0.9886710239651416, 0.996078431372549)",2,99.15045091437266,39946
"(0.97718610251118, 0.996078431372549)",2,99.15042049568368,39948
"(0.9841269841269842, 1.0)",1,99.15039493845904,39949
"(0.8915343915343915, 1.0)",1,99.15038377181205,39950
"(0.8521317829457364, 1.0)",1,99.15031668104758,39951
"(0.9272424525365702, 0.996078431372549)",1,99.15028254071224,39952
"(0.9841269841269842, 1.0)",1,99.15018584369273,39953
"(0.8465418823841762, 1.0)",2,99.15017785244171,39955
"(0.9264176245210728, 1.0)",1,99.1501233750582,39956
"(0.8888888888888888, 1.0)",1,99.15009392393073,39957
"(0.9047619047619048, 1.0)",1,99.15005407575788,39958
"(0.992156862745098, 0.996078431372549)",1,99.15003852769202,39959
"(0.9803921568627452, 0.996078431372549)",1,99.14996508703877,39960
"(0.9065438871473354, 1.0)",1,99.1499301015004,39961
"(0.7460317460317459, 1.0)",1,99.14990238519658,39962
"(0.8319664902998236, 1.0)",1,99.14989225831386,39963
"(0.8888888888888888, 1.0)",1,99.14978447478448,39964
"(0.5, 1.0)",2,99.14975649350647,39966
"(0.9444444444444444, 1.0)",1,99.1497514830848,39967
"(0.9248591174906964, 0.996078431372549)",1,99.14969389182102,39968
"(0.896551724137931, 1.0)",1,99.14968403244268,39969
"(0.9320397146712937, 0.996078431372549)",2,99.1496696405496,39971
"(0.8714344685242518, 0.996078431372549)",1,99.14966482217348,39972
"(0.9609224859534458, 0.996078431372549)",2,99.149630759391,39974
"(0.9168115942028986, 0.996078431372549)",1,99.14954863833852,39975
"(0.9444444444444444, 1.0)",1,99.14950604950604,39976
"(0.740829346092504, 1.0)",1,99.14946271814053,39977
"(0.9192180611357128, 1.0)",1,99.1493369955748,39978
"(0.875, 1.0)",1,99.14931613221088,39979
"(0.9019323671497586, 1.0)",1,99.1493000766008,39980
"(0.9386724386724388, 1.0)",4,99.14929514929514,39984
"(0.7162037037037038, 1.0)",2,99.14929409067086,39986
"(0.8731060606060606, 1.0)",1,99.1492740247824,39987
"(0.9135802469135802, 1.0)",1,99.14927112100264,39988
"(0.932852564102564, 1.0)",1,99.14915883372636,39989
"(0.9230769230769232, 1.0)",1,99.14915356248692,39990
"(0.7081939799331105, 1.0)",1,99.14913461325251,39991
"(0.9754435107376284, 0.996078431372549)",1,99.14911865853628,39992
"(0.9894736842105264, 0.992156862745098)",1,99.14911502738757,39993
"(0.7081939799331105, 1.0)",1,99.1490731635632,39994
"(0.9641868969810148, 0.996078431372549)",1,99.1490669466364,39995
"(0.9236094950800832, 0.996078431372549)",1,99.14906672087098,39996
"(0.9802054154995332, 0.996078431372549)",1,99.14899226861988,39997
"(0.9449122174122172, 0.992156862745098)",1,99.14897126208248,39998
"(0.865079365079365, 1.0)",1,99.14892170060207,39999
"(0.9651330532212884, 0.996078431372549)",1,99.14888860578574,40000
"(0.7840187590187591, 1.0)",1,99.14886664261664,40001
"(0.984504357298475, 0.996078431372549)",1,99.14879499948138,40002
"(0.9855521155830752, 0.996078431372549)",2,99.14879486297448,40004
"(0.9615343915343916, 1.0)",1,99.1486453823954,40005
"(0.9807902108211706, 0.996078431372549)",1,99.1486090192446,40006
"(0.9803376906318084, 0.996078431372549)",1,99.1485428849903,40007
"(0.9523809523809524, 1.0)",1,99.14852977462353,40008
"(0.936026936026936, 1.0)",1,99.14849042530206,40009
"(1.0, 1.0)",1,99.14844093104968,40010
"(0.8332521117608837, 1.0)",1,99.14839340172271,40011
"(0.9449122174122172, 0.996078431372549)",2,99.1483620246858,40013
"(0.8859337035751476, 1.0)",1,99.14828691749432,40014
"(0.8520449077786689, 1.0)",1,99.14818249217402,40015
"(1.0, 1.0)",1,99.14815997252038,40016
"(0.8731060606060606, 1.0)",1,99.148014160308,40017
"(0.9065438871473354, 1.0)",1,99.14797412109988,40018
"(0.9261349042540992, 0.996078431372549)",1,99.1479162758418,40019
"(0.8915343915343915, 1.0)",1,99.14786139349256,40020
"(0.909722222222222, 1.0)",1,99.14781746031748,40021
"(0.8952380952380952, 1.0)",1,99.14778826964172,40022
"(0.9223699344980808, 0.996078431372549)",1,99.14775183902884,40023
"(0.7973484848484849, 1.0)",2,99.14774273549364,40025
"(0.865079365079365, 1.0)",1,99.147672567931,40026
"(0.984967320261438, 0.996078431372549)",1,99.14767051414162,40027
"(0.9882352941176472, 0.996078431372549)",1,99.14762163946462,40028
"(0.8109668109668109, 1.0)",1,99.14754066322246,40029
"(0.992156862745098, 0.996078431372549)",1,99.1475062639108,40030
"(0.8991666666666667, 1.0)",1,99.1473877487326,40031
"(0.9047619047619048, 1.0)",1,99.14724297298572,40032
"(0.9449122174122172, 0.996078431372549)",1,99.1471757142641,40033
"(0.8368686868686868, 1.0)",1,99.14715181333835,40034
"(0.8822954822954823, 1.0)",1,99.14709870409338,40035
"(0.7141994478951, 1.0)",3,99.14704438074004,40038
"(0.980582788671024, 0.996078431372549)",1,99.14691260696284,40039
"(0.9466013071895424, 0.992156862745098)",1,99.14686864219348,40040
"(0.9242141300964832, 0.996078431372549)",1,99.14682924545498,40041
"(0.8112491373360938, 1.0)",1,99.14676651100297,40042
"(1.0, 1.0)",1,99.14672861014324,40043
"(0.8138881768037778, 0.996078431372549)",1,99.14667813277246,40044
"(0.9507101086048454, 1.0)",1,99.14663679400522,40045
"(0.6856760145918833, 1.0)",1,99.14652040996458,40046
"(0.8873002904865649, 1.0)",1,99.14651088248016,40047
"(0.996078431372549, 0.996078431372549)",1,99.14633143315804,40048
"(0.9047619047619048, 1.0)",1,99.1463015245624,40049
"(0.922050500014663, 1.0)",2,99.14628581072998,40051
"(0.9610423116615068, 0.996078431372549)",1,99.1462454178546,40052
"(0.8439484126984128, 1.0)",1,99.14624476753262,40053
"(0.9087026014109348, 1.0)",1,99.14607314609736,40054
"(0.9620227038183696, 0.9916666666666668)",1,99.14606315666768,40055
"(0.9602089783281734, 0.996078431372549)",1,99.1459571759038,40056
"(0.9886710239651416, 0.996078431372549)",1,99.14591339202616,40057
"(0.9135802469135802, 1.0)",2,99.14587468286936,40059
"(0.9230769230769232, 1.0)",1,99.14573711517684,40060
"(0.992156862745098, 0.996078431372549)",1,99.14573263223411,40061
"(0.8833628057765988, 1.0)",1,99.14569565749044,40062
"(0.9280112044817928, 0.996078431372549)",1,99.14566322837784,40063
"(0.9333333333333332, 1.0)",1,99.1456553108727,40064
"(0.8888888888888888, 1.0)",1,99.1456342940214,40065
"(0.5951421188630491, 1.0)",2,99.14561072531284,40067
"(0.9704892057833234, 0.996078431372549)",1,99.14551912651916,40068
"(0.9894736842105264, 0.996078431372549)",1,99.1455103132928,40069
"(0.8791208791208792, 1.0)",1,99.14549189529346,40070
"(0.8888888888888888, 1.0)",1,99.1454885832697,40071
"(0.8831018518518517, 1.0)",2,99.14540992219024,40073
"(0.9803376906318084, 0.996078431372549)",1,99.1453666697941,40074
"(0.8977777777777779, 1.0)",2,99.1453062021178,40076
"(0.9202401372212692, 1.0)",1,99.14524516513764,40077
"(0.8958946706887884, 0.996078431372549)",1,99.14523581792228,40078
"(0.8468468468468467, 1.0)",1,99.14522064080889,40079
"(0.9491329966329968, 0.996078431372549)",1,99.14521249275909,40080
"(0.9351326548694968, 0.992156862745098)",1,99.14515833180668,40081
"(0.875, 1.0)",1,99.145096042331,40082
"(0.8437745173867689, 0.998110291927316)",1,99.14507541651864,40083
"(0.8439484126984128, 1.0)",1,99.1450699990141,40084
"(0.9803921568627452, 0.996078431372549)",1,99.14506870620514,40085
"(0.9230769230769232, 1.0)",1,99.145065359253,40086
"(0.8527777777777779, 1.0)",1,99.1449028827832,40087
"(0.9411376480416728, 0.992156862745098)",1,99.14489581797608,40088
"(0.8571024784182679, 0.996078431372549)",1,99.14483968983676,40089
"(0.8822954822954823, 1.0)",1,99.14475602206694,40090
"(0.9407729468599032, 1.0)",1,99.14471134118298,40091
"(0.9579248366013072, 0.996078431372549)",1,99.14469476471116,40092
"(0.9696969696969696, 1.0)",1,99.1446898780232,40093
"(0.9261349042540992, 0.996078431372549)",1,99.14468844864436,40094
"(0.9135802469135802, 1.0)",1,99.14468630560584,40095
"(0.9919117647058824, 0.996078431372549)",1,99.14464673154326,40096
"(0.9168115942028986, 0.996078431372549)",1,99.1445912002554,40097
"(0.9399138116785176, 0.996078431372549)",1,99.14448227773208,40098
"(0.7254428341384862, 1.0)",1,99.144454716565,40099
"(0.8771929824561403, 1.0)",1,99.1444396882966,40100
"(0.9808278867102396, 0.996078431372549)",1,99.14433704590029,40101
"(1.0, 1.0)",1,99.14426973835556,40102
"(0.833064949006978, 1.0)",1,99.14426527120308,40103
"(0.8520449077786689, 1.0)",1,99.14422602906517,40104
"(0.996078431372549, 0.996078431372549)",1,99.144207755227,40105
"(0.922050500014663, 1.0)",1,99.1441667898407,40106
"(0.896551724137931, 1.0)",1,99.14413080600607,40107
"(0.7496650452295612, 1.0)",2,99.14408055448882,40109
"(1.0, 1.0)",1,99.14402647161268,40110
"(0.9192251461988304, 0.992156862745098)",1,99.14402407161673,40111
"(0.9445350241545892, 1.0)",1,99.1439569563236,40112
"(0.8622222222222222, 1.0)",1,99.143885003885,40113
"(0.9543049270990448, 0.996078431372549)",1,99.14379125804844,40114
"(0.8748472964943552, 0.996078431372549)",1,99.14378622134672,40115
"(0.8138881768037778, 0.996078431372549)",2,99.14378252406738,40117
"(0.9444444444444444, 1.0)",1,99.14373897707232,40118
"(0.8831064306064307, 1.0)",1,99.14371231189855,40119
"(0.7081939799331105, 1.0)",1,99.14362919294152,40120
"(0.909722222222222, 0.996078431372549)",1,99.1435177968462,40121
"(0.7852358564041998, 1.0)",1,99.14350675414612,40122
"(0.6156045751633987, 1.0)",1,99.1434612670826,40123
"(0.8731060606060606, 1.0)",1,99.1434463490512,40124
"(0.8571428571428572, 1.0)",1,99.14319230223124,40125
"(1.0, 1.0)",1,99.14315302995476,40126
"(0.9047619047619048, 1.0)",1,99.14312540699348,40127
"(0.8635440917107585, 0.996078431372549)",1,99.14311007796496,40128
"(0.7982954545454546, 1.0)",1,99.1430495829808,40129
"(0.9186111111111112, 0.996078431372549)",1,99.14304499078516,40130
"(1.0, 0.9841269841269842)",1,99.14285714285732,40131
"(0.7707924493038034, 1.0)",1,99.14285300191992,40132
"(1.0, 1.0)",1,99.14277389277387,40133
"(0.9754901960784312, 0.996078431372549)",1,99.1427700111694,40134
"(0.824949763130715, 0.9988651610017888)",3,99.14274980791784,40137
"(0.984313725490196, 0.996078431372549)",1,99.14274677074972,40138
"(0.9549131554246644, 0.996078431372549)",1,99.14271159575677,40139
"(0.8112491373360938, 1.0)",1,99.1424808416118,40140
"(0.9197362278244632, 0.996078431372549)",1,99.14241323802996,40141
"(0.9840686274509804, 0.996078431372549)",1,99.14239843890785,40142
"(0.8865079365079365, 1.0)",1,99.14238669063228,40143
"(0.8740392648287385, 1.0)",1,99.14232822346212,40144
"(0.9697786951037723, 0.996078431372549)",1,99.14228784050216,40145
"(0.9019607843137254, 1.0)",1,99.142265635949,40146
"(0.8125, 1.0)",1,99.14207549138104,40147
"(0.8468980343980343, 1.0)",1,99.14204411462724,40148
"(0.8813492063492063, 1.0)",1,99.14203116779214,40149
"(0.9135802469135802, 1.0)",1,99.1419614766678,40150
"(0.9827450980392156, 0.996078431372549)",1,99.14189718577497,40151
"(0.9731377053745476, 0.996078431372549)",1,99.14189298314449,40152
"(0.9292181620122796, 0.996078431372549)",1,99.14186407222614,40153
"(0.9171090534979424, 1.0)",1,99.14185062298588,40154
"(0.8864468864468864, 1.0)",1,99.14177602732592,40155
"(0.9731377053745476, 0.996078431372549)",1,99.14162592292492,40156
"(0.8078308130291714, 1.0)",1,99.1416141779547,40157
"(0.5, 1.0)",1,99.14158045255871,40158
"(0.8616898148148148, 1.0)",2,99.14151994993829,40160
"(0.8592532467532467, 1.0)",1,99.14151189884797,40161
"(0.8031953522149601, 1.0)",1,99.14144065567768,40162
"(0.9358798064680418, 0.992156862745098)",1,99.14136705772133,40163
"(0.9039684773430904, 0.996078431372549)",1,99.14134391569915,40164
"(0.954722222222222, 0.996078431372549)",1,99.14134322610448,40165
"(0.8271652864044169, 1.0)",1,99.14131725583417,40166
"(0.8571024784182679, 0.996078431372549)",1,99.1413126337984,40167
"(0.896551724137931, 1.0)",2,99.14128744418102,40169
"(0.8958946706887884, 0.996078431372549)",1,99.14116362532263,40170
"(0.9192180611357128, 1.0)",2,99.14112808772026,40172
"(0.8615967365967366, 1.0)",1,99.14111849730988,40173
"(0.9802054154995332, 0.996078431372549)",1,99.14099440132038,40174
"(0.9768191721132896, 0.996078431372549)",1,99.14097501254624,40175
"(0.7611111111111112, 1.0)",1,99.14095682095682,40176
"(0.9018073680369506, 0.996078431372549)",1,99.14062454881234,40177
"(0.9138847117794486, 0.996078431372549)",1,99.14054878663003,40178
"(0.9696969696969696, 1.0)",2,99.14051426989715,40180
"(0.9579248366013072, 0.9916666666666668)",1,99.14048656499617,40181
"(0.9019607843137254, 1.0)",1,99.14041925982866,40182
"(0.9192180611357128, 1.0)",1,99.14033287757988,40183
"(0.9344643144952745, 0.996078431372549)",1,99.14032505014433,40184
"(1.0, 1.0)",1,99.14030597089068,40185
"(0.7840187590187591, 1.0)",1,99.14030555863889,40186
"(0.9881481481481482, 0.996078431372549)",1,99.14030197471394,40187
"(0.9059134765017116, 0.996078431372549)",1,99.1401810481108,40188
"(0.996078431372549, 0.996078431372549)",1,99.14014628450046,40189
"(0.96687615217027, 0.996078431372549)",1,99.14009390509452,40190
"(0.9194577352472088, 1.0)",1,99.14008590499822,40191
"(0.9565217391304348, 1.0)",1,99.14008208928118,40192
"(0.9886710239651416, 0.996078431372549)",2,99.14006983942652,40194
"(0.9399223139548216, 0.996078431372549)",1,99.14002266725842,40195
"(1.0, 1.0)",1,99.14000875020363,40196
"(0.9766612200435728, 0.996078431372549)",1,99.1399328721389,40197
"(0.9811403508771928, 0.996078431372549)",1,99.13988008494206,40198
"(0.875, 0.9841269841269842)",1,99.1398800474888,40199
"(0.9565217391304348, 1.0)",1,99.1398568842819,40200
"(0.8330439814814815, 1.0)",1,99.13982677887336,40201
"(0.7975164658278694, 1.0)",1,99.13980590233987,40202
"(0.9333333333333332, 1.0)",1,99.13974358974365,40203
"(0.7975164658278694, 1.0)",1,99.13973339713276,40204
"(0.8627450980392157, 1.0)",1,99.13969456105696,40205
"(0.8247218142199136, 1.0)",3,99.13965756809353,40208
"(0.9651330532212884, 0.996078431372549)",1,99.13960529064052,40209
"(0.9542023172905526, 0.996078431372549)",1,99.13960519242276,40210
"(0.9764161220043572, 0.996078431372549)",1,99.139578350213,40211
"(0.8571428571428572, 1.0)",1,99.13956511324936,40212
"(0.9466207660652104, 1.0)",1,99.13951362970276,40213
"(0.954722222222222, 0.996078431372549)",1,99.13951325095825,40214
"(0.8925865800865801, 1.0)",1,99.13946927475152,40215
"(0.9802054154995332, 0.996078431372549)",1,99.13937357617682,40216
"(0.9115145819093188, 0.996078431372549)",1,99.139364833188,40217
"(0.7840187590187591, 1.0)",1,99.13930450424604,40218
"(0.8527131782945736, 1.0)",1,99.13922950041432,40219
"(0.9206349206349206, 1.0)",1,99.13922519333312,40220
"(1.0, 0.996078431372549)",2,99.13918176978416,40222
"(0.8429085746158916, 1.0)",1,99.1391149874537,40223
"(0.896551724137931, 1.0)",1,99.13901788636848,40224
"(0.9579374057315234, 0.996078431372549)",1,99.13894121616264,40225
"(0.9358798064680418, 0.996078431372549)",1,99.13891707062672,40226
"(0.9674603174603176, 1.0)",1,99.13888888888891,40227
"(0.780952380952381, 1.0)",1,99.1388632872504,40228
"(0.9591269841269842, 0.996078431372549)",1,99.13885365498386,40229
"(0.9444444444444444, 1.0)",1,99.1388327721661,40230
"(0.9847494553376906, 0.996078431372549)",1,99.13879025870362,40231
"(0.6856760145918833, 1.0)",1,99.13864407619906,40232
"(0.8518518518518519, 1.0)",1,99.13856675064912,40233
"(0.875, 1.0)",1,99.13853003721428,40234
"(0.992156862745098, 0.996078431372549)",1,99.13850357458028,40235
"(0.875, 1.0)",1,99.13842960500556,40236
"(0.7869981325863679, 1.0)",1,99.13837331197116,40237
"(0.9925925925925926, 0.996078431372549)",1,99.13831629350912,40238
"(0.6403503049675462, 1.0)",1,99.13816811490248,40239
"(0.7496650452295612, 1.0)",1,99.13797662811103,40240
"(0.9333333333333332, 1.0)",2,99.137946892924,40242
"(0.9236094950800832, 0.996078431372549)",1,99.13793249990482,40243
"(0.914421596921597, 0.996078431372549)",1,99.13791867312496,40244
"(0.7410714285714286, 1.0)",1,99.13789682539682,40245
"(0.8977777777777779, 1.0)",2,99.137849300458,40247
"(0.9803376906318084, 0.996078431372549)",1,99.13776689591602,40248
"(0.8748472964943552, 0.996078431372549)",1,99.13769407663906,40249
"(0.9847494553376906, 0.996078431372549)",1,99.13766099340972,40250
"(0.9306746031746032, 1.0)",1,99.13765213980528,40251
"(0.9565217391304348, 1.0)",2,99.13759489302969,40253
"(0.9230769230769232, 1.0)",1,99.13747037276448,40254
"(0.9172932330827066, 1.0)",1,99.13744968481812,40255
"(0.9665319865319866, 0.996078431372549)",1,99.1374233797875,40256
"(0.900854700854701, 1.0)",1,99.13735791851734,40257
"(0.8791208791208792, 1.0)",1,99.13727362243492,40258
"(0.9841269841269842, 1.0)",1,99.13723662116958,40259
"(0.992156862745098, 0.996078431372549)",1,99.13720833947636,40260
"(0.9248591174906964, 0.996078431372549)",1,99.13717142951565,40261
"(0.5951421188630491, 1.0)",1,99.13714260478008,40262
"(0.9615343915343916, 1.0)",1,99.13713280393404,40263
"(0.9047619047619048, 1.0)",1,99.13711924590318,40264
"(0.9808278867102396, 0.996078431372549)",1,99.1369452112031,40265
"(0.9879901960784314, 0.996078431372549)",1,99.13683256343472,40266
"(0.8611111111111112, 1.0)",1,99.13677159430624,40267
"(0.8319664902998236, 1.0)",1,99.13675628426466,40268
"(0.9841269841269842, 1.0)",1,99.13670984227082,40269
"(0.9565217391304348, 1.0)",1,99.1367087019261,40270
"(0.9197362278244632, 0.996078431372549)",2,99.13669905974102,40272
"(0.9615343915343916, 1.0)",1,99.13664364558548,40273
"(0.8635440917107585, 0.996078431372549)",1,99.13660457277244,40274
"(0.8889459760512393, 0.996078431372549)",1,99.13660350915016,40275
"(0.9696969696969696, 1.0)",1,99.136602375504,40276
"(0.9879901960784314, 0.996078431372549)",1,99.13657997116972,40277
"(0.8330439814814815, 1.0)",1,99.13648108237548,40278
"(0.9445350241545892, 1.0)",1,99.13645812319724,40279
"(0.8592532467532467, 1.0)",2,99.13641018660428,40281
"(0.9886710239651416, 0.996078431372549)",1,99.13639276210642,40282
"(0.8142769320712446, 0.9996213816771112)",3,99.13639037179972,40285
"(0.8312992626493769, 1.0)",1,99.13637757055608,40286
"(0.8748472964943552, 0.996078431372549)",1,99.13635949473172,40287
"(0.9399223139548216, 0.996078431372549)",1,99.13635881318557,40288
"(0.7460317460317459, 1.0)",1,99.13628009417486,40289
"(0.9135802469135802, 1.0)",1,99.13627781078762,40290
"(0.996078431372549, 0.996078431372549)",1,99.136224715873,40291
"(0.9759803921568628, 0.996078431372549)",1,99.1361709934374,40292
"(0.9023809523809524, 1.0)",1,99.13610852661198,40293
"(0.8831064306064307, 1.0)",1,99.13599353619092,40294
"(0.9916666666666668, 0.996078431372549)",1,99.13590541250828,40295
"(0.9333333333333332, 1.0)",1,99.13581141081144,40296
"(0.9688764394646748, 0.996078431372549)",1,99.1357611812758,40297
"(0.865079365079365, 1.0)",1,99.1357347293678,40298
"(0.9813854489164088, 0.996078431372549)",1,99.13568116956496,40299
"(0.8857001484413657, 1.0)",1,99.13556826323358,40300
"(0.9280112044817928, 0.996078431372549)",1,99.13552558621303,40301
"(0.8425925925925927, 0.9841269841269842)",4,99.13552492341977,40305
"(0.909209656084656, 1.0)",1,99.13545864949168,40306
"(0.914421596921597, 0.996078431372549)",1,99.13543178339702,40307
"(0.9230769230769232, 1.0)",1,99.13536171430908,40308
"(0.8520449077786689, 1.0)",1,99.13530617010028,40309
"(0.8889459760512393, 0.996078431372549)",1,99.13527033481986,40310
"(0.8627450980392157, 1.0)",1,99.13524845674948,40311
"(0.8520449077786689, 1.0)",1,99.13521217459596,40312
"(0.9018073680369506, 0.996078431372549)",1,99.13506364490864,40313
"(0.9192251461988304, 0.996078431372549)",1,99.1350362184494,40314
"(0.9444444444444444, 1.0)",1,99.13500369788404,40315
"(0.9840686274509804, 0.996078431372549)",1,99.13493255196836,40316
"(0.5, 0.9841269841269842)",1,99.13492063492068,40317
"(0.8149927591788056, 1.0)",1,99.13482365819316,40318
"(0.8889459760512393, 0.996078431372549)",1,99.1348147611142,40319
"(0.9615343915343916, 1.0)",1,99.13479093284218,40320
"(0.9704901960784316, 0.996078431372549)",1,99.13473101979172,40321
"(0.980582788671024, 0.996078431372549)",1,99.134713527772,40322
"(0.9615343915343916, 1.0)",1,99.13463901490202,40323
"(0.914421596921597, 0.996078431372549)",1,99.13462562377435,40324
"(0.9363636363636364, 1.0)",1,99.13462179823736,40325
"(0.9894736842105264, 0.996078431372549)",1,99.13456769560128,40326
"(0.996078431372549, 0.996078431372549)",2,99.13451742688486,40328
"(0.957490630284748, 0.996078431372549)",1,99.13440180362024,40329
"(0.9019607843137254, 1.0)",1,99.13436948479432,40330
"(0.9919117647058824, 0.996078431372549)",1,99.13436267792392,40331
"(0.9803921568627452, 0.996078431372549)",1,99.13434516220808,40332
"(0.8281746031746032, 1.0)",1,99.13433270564626,40333
"(0.9248591174906964, 0.996078431372549)",1,99.13431093024197,40334
"(0.8067271451483561, 1.0)",1,99.13430982001216,40335
"(0.9803921568627452, 0.996078431372549)",1,99.13430680815422,40336
"(0.980582788671024, 0.996078431372549)",1,99.13411403508776,40337
"(0.9894736842105264, 0.996078431372549)",1,99.13408144888584,40338
"(0.9023809523809524, 1.0)",1,99.13405961139406,40339
"(0.8832772166105499, 1.0)",1,99.13405791091948,40340
"(0.9696969696969696, 1.0)",1,99.13402392352552,40341
"(0.8281746031746032, 1.0)",1,99.13398133047404,40342
"(0.8439484126984128, 1.0)",2,99.1339483223348,40344
"(0.984967320261438, 0.996078431372549)",1,99.13388474140106,40345
"(0.9894736842105264, 0.996078431372549)",1,99.1338820571802,40346
"(0.8880341880341881, 1.0)",1,99.1338681481973,40347
"(0.9886710239651416, 0.996078431372549)",1,99.13375530329088,40348
"(0.8469839324618735, 1.0)",2,99.1336851163737,40350
"(0.9306746031746032, 1.0)",2,99.13358456719008,40352
"(0.8888888888888888, 1.0)",1,99.1335368484562,40353
"(1.0, 0.996078431372549)",1,99.133504008672,40354
"(0.9272424525365702, 0.996078431372549)",1,99.13349192245322,40355
"(0.9827450980392156, 0.996078431372549)",1,99.13348352416364,40356
"(0.875, 1.0)",2,99.13348225848226,40358
"(0.9886710239651416, 0.996078431372549)",1,99.13345774567142,40359
"(0.8888888888888888, 1.0)",2,99.13343561472854,40361
"(0.7971704623878537, 0.996078431372549)",1,99.13326554274632,40362
"(0.9047619047619048, 1.0)",1,99.13321999413954,40363
"(0.875, 1.0)",1,99.13312169862516,40364
"(0.8873002904865649, 1.0)",1,99.13285347507276,40365
"(0.8627450980392157, 1.0)",1,99.13276643612636,40366
"(0.8958946706887884, 0.996078431372549)",1,99.1327539621639,40367
"(0.5, 1.0)",1,99.1327499660833,40368
"(0.7410714285714286, 1.0)",1,99.13273680874256,40369
"(0.9719389978213508, 0.996078431372549)",1,99.13272469572648,40370
"(0.984313725490196, 0.996078431372549)",1,99.13271311448575,40371
"(0.8571024784182679, 0.996078431372549)",1,99.13264941829205,40372
"(0.9696969696969696, 1.0)",1,99.1326278659612,40373
"(0.8589726631393297, 1.0)",1,99.1325651354818,40374
"(0.7650293586269196, 1.0)",1,99.1325198270365,40375
"(0.9916666666666668, 0.996078431372549)",1,99.13250886139436,40376
"(0.8977777777777779, 1.0)",1,99.1324971385841,40377
"(0.9168115942028986, 0.996078431372549)",1,99.13249149991913,40378
"(0.936026936026936, 0.9841269841269842)",1,99.13243546576888,40379
"(0.8138881768037778, 0.996078431372549)",1,99.13239543350782,40380
"(0.93520697167756, 0.996078431372549)",1,99.13235703340868,40381
"(0.909209656084656, 1.0)",2,99.13235090695488,40383
"(0.934644785450412, 0.996078431372549)",1,99.13226611691049,40384
"(0.8112794612794614, 1.0)",1,99.13213441824934,40385
"(0.9351326548694968, 0.996078431372549)",1,99.13210075700027,40386
"(0.9727777777777776, 1.0)",1,99.13205843037171,40387
"(0.9697786951037723, 0.996078431372549)",2,99.13199061147036,40389
"(0.940311437215462, 0.996078431372549)",1,99.1318593055366,40390
"(0.7707924493038034, 1.0)",1,99.13183945785082,40391
"(0.8817204301075269, 1.0)",1,99.13183055390188,40392
"(0.992156862745098, 0.996078431372549)",1,99.13182891870215,40393
"(0.984313725490196, 0.996078431372549)",1,99.13180931813308,40394
"(0.976661220043573, 0.996078431372549)",1,99.13180254557984,40395
"(0.7502088554720134, 1.0)",1,99.13176939795214,40396
"(0.8078308130291714, 1.0)",1,99.13173150022644,40397
"(0.865079365079365, 1.0)",1,99.13172554816562,40398
"(0.9197362278244632, 0.996078431372549)",1,99.13168365750656,40399
"(0.95536349042541, 0.992156862745098)",1,99.13161652306242,40400
"(0.8857001484413657, 1.0)",2,99.13157592184066,40402
"(0.8469839324618735, 1.0)",1,99.13156952850876,40403
"(0.9589484126984128, 1.0)",1,99.13154068154068,40404
"(0.8402777777777779, 1.0)",1,99.13151246901246,40405
"(0.9697786951037723, 0.996078431372549)",1,99.13148836786448,40406
"(0.9197362278244632, 0.996078431372549)",1,99.13145248742796,40407
"(0.9816305469556244, 0.996078431372549)",2,99.13140924205938,40409
"(0.9620227038183696, 0.996078431372549)",1,99.13139732038276,40410
"(0.984313725490196, 0.996078431372549)",1,99.13136538241042,40411
"(0.9236094950800832, 0.996078431372549)",1,99.13133455937503,40412
"(0.8859337035751476, 1.0)",1,99.13128541694915,40413
"(0.9696969696969696, 1.0)",1,99.13126123742066,40414
"(0.9192251461988304, 0.996078431372549)",1,99.13125622502136,40415
"(0.8857001484413657, 1.0)",2,99.13123101048708,40417
"(0.9493720821661996, 0.996078431372549)",1,99.13120290700031,40418
"(0.8817204301075269, 1.0)",1,99.13115028451448,40419
"(0.9047619047619048, 1.0)",1,99.13110411073798,40420
"(0.9197362278244632, 0.996078431372549)",1,99.13107516351336,40421
"(0.8627450980392157, 1.0)",2,99.13106011635423,40423
"(0.9019607843137254, 1.0)",1,99.13097116670512,40424
"(0.9342814048696402, 0.996078431372549)",1,99.13086626005447,40425
"(0.896551724137931, 1.0)",1,99.13083550680882,40426
"(0.9427450980392156, 0.996078431372549)",1,99.13081648635487,40427
"(0.7777777777777776, 1.0)",1,99.13078276175597,40428
"(0.9318498265866688, 0.996078431372549)",1,99.13066815508785,40429
"(0.9579248366013072, 0.996078431372549)",1,99.1306556014219,40430
"(0.9894736842105264, 0.996078431372549)",1,99.13064612697384,40431
"(0.978144708175668, 0.996078431372549)",1,99.13062864298249,40432
"(0.8729166666666666, 1.0)",1,99.1305847778542,40433
"(0.9047619047619048, 1.0)",1,99.13056718467512,40434
"(0.9444444444444444, 1.0)",1,99.13055555555556,40435
"(1.0, 1.0)",1,99.13053613053611,40436
"(0.9620227038183696, 0.996078431372549)",1,99.13050159383974,40437
"(0.8888888888888888, 1.0)",1,99.13046391019904,40438
"(0.9881481481481482, 0.996078431372549)",1,99.1303789041482,40439
"(0.9855521155830752, 0.996078431372549)",1,99.1303665715601,40440
"(0.9894736842105264, 0.996078431372549)",2,99.13036106648492,40442
"(0.8129629629629629, 1.0)",1,99.13035672949736,40443
"(0.9589484126984128, 1.0)",1,99.1302846429345,40444
"(0.914421596921597, 0.996078431372549)",1,99.13027446165908,40445
"(0.8264567669172932, 1.0)",1,99.13017998578736,40446
"(0.7971704623878537, 0.996078431372549)",2,99.13016392874124,40448
"(0.9192180611357128, 1.0)",1,99.13004258184704,40449
"(0.9855521155830752, 0.996078431372549)",1,99.13002792863776,40450
"(0.896551724137931, 1.0)",1,99.13002754783116,40451
"(0.9399138116785176, 0.992156862745098)",1,99.12992772793056,40452
"(0.9886710239651416, 0.996078431372549)",2,99.1298790136931,40454
"(0.978144708175668, 0.996078431372549)",1,99.1298259827371,40455
"(0.9565217391304348, 1.0)",1,99.1298223168641,40456
"(0.954722222222222, 0.9919117647058824)",1,99.12971878224964,40457
"(0.875, 1.0)",1,99.12961760461766,40458
"(0.9230769230769232, 1.0)",1,99.12961757286703,40459
"(0.8771929824561403, 1.0)",1,99.1295767219051,40460
"(0.8857001484413657, 1.0)",1,99.12956886651176,40461
"(0.9135802469135802, 1.0)",1,99.12956549623216,40462
"(0.9879901960784314, 0.996078431372549)",1,99.12953682223016,40463
"(1.0, 0.996078431372549)",1,99.12938477730296,40464
"(0.8791208791208792, 1.0)",1,99.12932561691184,40465
"(0.9358798064680418, 0.996078431372549)",1,99.12924731698136,40466
"(0.8469839324618735, 1.0)",1,99.1292425845566,40467
"(0.9841269841269842, 1.0)",1,99.12904400006732,40468
"(0.9803050108932462, 0.996078431372549)",2,99.12895852396603,40470
"(0.8714344685242518, 0.996078431372549)",1,99.12887636586576,40471
"(0.9697786951037723, 0.996078431372549)",1,99.12873864889568,40472
"(0.7996201329534663, 1.0)",1,99.12873554723512,40473
"(0.879008834302952, 0.996078431372549)",1,99.12869959895932,40474
"(0.8055555555555555, 1.0)",1,99.12869661202994,40475
"(0.9135802469135802, 1.0)",1,99.12859590052572,40476
"(0.9351326548694968, 0.996078431372549)",1,99.1285882467682,40477
"(0.9609224859534458, 0.996078431372549)",1,99.1285383019214,40478
"(0.8498168498168498, 1.0)",2,99.12847646180988,40480
"(0.9224211423699916, 1.0)",1,99.12847580471758,40481
"(1.0, 1.0)",1,99.12842712842722,40482
"(0.8817204301075269, 1.0)",1,99.12835735356389,40483
"(0.7982954545454546, 1.0)",1,99.12835278460278,40484
"(0.9855521155830752, 0.9916666666666668)",1,99.12825308203868,40485
"(0.9333333333333332, 1.0)",1,99.1281811907899,40486
"(0.9135802469135802, 1.0)",1,99.12817719680464,40487
"(0.9138847117794486, 0.996078431372549)",1,99.12800900990514,40488
"(0.936026936026936, 1.0)",1,99.1279638879639,40489
"(0.9811403508771928, 0.996078431372549)",1,99.1278965718984,40490
"(0.9754435107376284, 0.996078431372549)",1,99.12787212348113,40491
"(0.8889459760512393, 0.996078431372549)",1,99.12783657903712,40492
"(0.9609224859534458, 0.996078431372549)",1,99.12779173854342,40493
"(1.0, 1.0)",4,99.12778921620384,40497
"(0.9027274557165862, 1.0)",1,99.12772663047066,40498
"(0.9395009173259948, 0.996078431372549)",1,99.12770460630014,40499
"(0.936026936026936, 0.9841269841269842)",1,99.12765752765758,40500
"(0.9754435107376284, 0.996078431372549)",1,99.12765259091186,40501
"(0.9230116959064328, 0.9925925925925926)",1,99.1276487788096,40502
"(0.992156862745098, 0.996078431372549)",1,99.12763930828972,40503
"(0.9731377053745476, 0.996078431372549)",1,99.12761376835547,40504
"(0.8589726631393297, 1.0)",1,99.1276113734488,40505
"(0.9047619047619048, 1.0)",1,99.12759228851188,40506
"(0.9674603174603176, 1.0)",1,99.12752690031934,40507
"(0.9047619047619048, 1.0)",1,99.12742812742812,40508
"(0.9841269841269842, 1.0)",1,99.12740008178604,40509
"(0.9568181818181818, 0.996078431372549)",1,99.12733764531173,40510
"(0.9230769230769232, 1.0)",1,99.1273356273356,40511
"(0.8611111111111112, 1.0)",2,99.12719589320106,40513
"(0.875, 1.0)",2,99.1271642163408,40515
"(0.9342814048696402, 0.996078431372549)",1,99.12716287084154,40516
"(0.9224211423699916, 1.0)",1,99.12712988392084,40517
"(0.984967320261438, 0.996078431372549)",1,99.1271173440138,40518
"(0.9248591174906964, 0.996078431372549)",1,99.12707443039577,40519
"(0.8290779944030718, 0.992156862745098)",1,99.12706274385816,40520
"(0.9037076648841356, 0.996078431372549)",1,99.1269935883405,40521
"(0.9272424525365702, 0.996078431372549)",1,99.12693597221435,40522
"(0.9168115942028986, 0.996078431372549)",1,99.12693468788494,40523
"(0.8889459760512393, 0.996078431372549)",2,99.12692220035764,40525
"(0.7971704623878537, 0.996078431372549)",1,99.12691784017792,40526
"(0.6856760145918833, 1.0)",1,99.12688377699736,40527
"(0.7162037037037038, 1.0)",1,99.12678090112595,40528
"(0.9320397146712937, 0.996078431372549)",1,99.12676894326498,40529
"(0.9886710239651416, 0.996078431372549)",1,99.1267491847306,40530
"(0.9333333333333332, 1.0)",1,99.12672384823416,40531
"(0.9641868969810148, 0.996078431372549)",1,99.12661747957064,40532
"(0.9449122174122172, 0.996078431372549)",1,99.12657407737628,40533
"(0.9565217391304348, 1.0)",1,99.12654442616768,40534
"(0.8138881768037778, 0.996078431372549)",1,99.12647235188815,40535
"(0.8958946706887884, 0.996078431372549)",1,99.12647182189713,40536
"(0.9841269841269842, 1.0)",1,99.12645502645503,40537
"(0.9399138116785176, 0.996078431372549)",2,99.12645388735814,40539
"(0.9465811965811968, 1.0)",1,99.12645191955473,40540
"(0.9292181620122796, 0.996078431372549)",1,99.12643429652576,40541
"(0.9840686274509804, 0.996078431372549)",1,99.12641275574582,40542
"(0.9411376480416728, 0.996078431372549)",1,99.12636247316368,40543
"(0.8946208112874778, 1.0)",1,99.12626605304683,40544
"(0.7705882352941177, 1.0)",2,99.12620768485766,40546
"(0.9674603174603176, 1.0)",1,99.12616705906184,40547
"(0.9841269841269842, 1.0)",1,99.12613087395697,40548
"(0.9023809523809524, 1.0)",1,99.1259099769626,40549
"(0.8275096819218369, 0.9992431021625652)",3,99.12590426202566,40552
"(0.9224211423699916, 1.0)",1,99.12575776675924,40553
"(0.8319664902998236, 1.0)",1,99.12573822934294,40554
"(0.6856760145918833, 1.0)",1,99.12572666980004,40555
"(0.9696969696969696, 1.0)",1,99.1257011407549,40556
"(0.9808278867102396, 0.996078431372549)",1,99.125600662458,40557
"(0.9248591174906964, 0.996078431372549)",1,99.12539742796504,40558
"(0.9565217391304348, 1.0)",2,99.12531475574954,40560
"(0.9731377053745476, 0.996078431372549)",1,99.12530368379832,40561
"(0.8550741594067247, 1.0)",1,99.12517047251448,40562
"(0.9444444444444444, 1.0)",2,99.12513860408598,40564
"(0.9879901960784314, 0.996078431372549)",1,99.12504192461232,40565
"(0.7455669330669331, 1.0)",1,99.12500168071664,40566
"(1.0, 1.0)",1,99.12499760775624,40567
"(0.9230769230769232, 1.0)",1,99.12497054602318,40568
"(0.9399138116785176, 0.992156862745098)",1,99.12495581640984,40569
"(0.9660130718954248, 0.996078431372549)",1,99.12485929097856,40570
"(0.9023569023569024, 1.0)",2,99.12485165482876,40572
"(0.8013468013468013, 1.0)",2,99.12483964836908,40574
"(0.9135802469135802, 1.0)",1,99.12478755812091,40575
"(0.735042735042735, 1.0)",1,99.12478632478631,40576
"(0.9333333333333332, 1.0)",1,99.1247276073363,40577
"(0.9794117647058824, 0.996078431372549)",1,99.12472112007792,40578
"(0.9342814048696402, 0.996078431372549)",1,99.12466290675285,40579
"(0.8635440917107585, 0.996078431372549)",2,99.12466076719264,40581
"(0.9444444444444444, 1.0)",2,99.12451083521724,40583
"(0.8897707231040564, 1.0)",1,99.12436266789092,40584
"(0.9230769230769232, 1.0)",1,99.1243374721636,40585
"(0.9018073680369506, 0.996078431372549)",1,99.1243255690198,40586
"(0.9879901960784314, 0.9916666666666668)",1,99.1242518469376,40587
"(0.8748472964943552, 0.996078431372549)",1,99.1242474717693,40588
"(0.9444444444444444, 1.0)",1,99.12420585949998,40589
"(0.9318498265866688, 0.996078431372549)",1,99.12419549586988,40590
"(0.7410714285714286, 1.0)",2,99.12414835164836,40592
"(0.865079365079365, 1.0)",1,99.12407533986485,40593
"(0.8771929824561403, 1.0)",1,99.12407335430495,40594
"(0.9411376480416728, 0.996078431372549)",2,99.1240156185978,40596
"(0.9620227038183696, 0.996078431372549)",1,99.12401169946772,40597
"(0.9444444444444444, 1.0)",1,99.12401078129984,40598
"(0.8666056166056167, 1.0)",1,99.12397568800534,40599
"(1.0, 1.0)",1,99.12396020511964,40600
"(0.9602089783281734, 0.996078431372549)",1,99.12394588342092,40601
"(0.95536349042541, 0.996078431372549)",1,99.12381015970568,40602
"(0.8904991948470209, 1.0)",1,99.12375556923648,40603
"(1.0, 0.996078431372549)",1,99.1237265139976,40604
"(0.8571024784182679, 0.996078431372549)",1,99.123716957272,40605
"(0.8468468468468467, 1.0)",1,99.12354237354238,40606
"(0.8864468864468864, 1.0)",1,99.12353915112536,40607
"(0.9808278867102396, 0.996078431372549)",1,99.1235188860189,40608
"(0.947088068181818, 1.0)",1,99.1235156871887,40609
"(0.9731377053745476, 0.9916666666666668)",1,99.12347803414929,40610
"(0.9696969696969696, 1.0)",1,99.1234659060747,40611
"(0.8502976190476191, 1.0)",1,99.12346584122729,40612
"(0.8571428571428572, 1.0)",1,99.12345422185244,40613
"(0.9638854489164088, 0.996078431372549)",1,99.12341504757164,40614
"(0.9674603174603176, 1.0)",1,99.12338309471868,40615
"(0.992156862745098, 0.996078431372549)",1,99.123365063729,40616
"(0.7650293586269196, 1.0)",1,99.1233474370122,40617
"(0.8498168498168498, 1.0)",1,99.12325452325456,40618
"(0.8004843430239557, 0.9992431021625652)",1,99.12317185251584,40619
"(0.7167919799498746, 1.0)",1,99.12314118629908,40620
"(0.9018073680369506, 0.996078431372549)",1,99.1231196460584,40621
"(0.7141994478951, 1.0)",1,99.12310213940648,40622
"(0.980582788671024, 0.996078431372549)",1,99.12295004644814,40623
"(0.941156690746474, 0.996078431372549)",1,99.12285674978487,40624
"(0.683375104427736, 1.0)",1,99.12283283967494,40625
"(0.976851851851852, 0.996078431372549)",1,99.12273903081146,40626
"(0.8551296720061023, 1.0)",1,99.1226547801016,40627
"(0.8520449077786689, 1.0)",2,99.12254405545885,40629
"(0.996078431372549, 0.996078431372549)",1,99.12252012427156,40630
"(0.8883205456095482, 1.0)",1,99.12245217096924,40631
"(0.9019607843137254, 1.0)",1,99.12243060434876,40632
"(0.8627450980392157, 1.0)",1,99.12234221335716,40633
"(0.8330439814814815, 1.0)",1,99.1223288237257,40634
"(0.9172932330827066, 1.0)",1,99.1222221206203,40635
"(0.8498168498168499, 0.9841269841269842)",1,99.12221423581882,40636
"(0.9449122174122172, 0.996078431372549)",1,99.12211710488812,40637
"(0.8904991948470209, 1.0)",1,99.12207814221544,40638
"(0.8666666666666667, 1.0)",1,99.12207758594138,40639
"(1.0, 0.996078431372549)",1,99.12204178623443,40640
"(0.8817204301075269, 1.0)",1,99.12199192871236,40641
"(0.962458433665864, 0.996078431372549)",1,99.12190448375556,40642
"(0.8571428571428572, 1.0)",1,99.12189788768735,40643
"(0.875, 1.0)",1,99.121891383047,40644
"(0.8067271451483561, 1.0)",1,99.121849078052,40645
"(0.875, 1.0)",1,99.12184632307137,40646
"(0.9466013071895424, 0.992156862745098)",1,99.12182488019926,40647
"(0.9292181620122796, 0.996078431372549)",1,99.12179625861414,40648
"(0.965421396628827, 0.9925925925925926)",1,99.12178419905956,40649
"(0.8571428571428572, 1.0)",1,99.12169312169311,40650
"(0.8571428571428572, 1.0)",1,99.1216768574152,40651
"(0.9214340198321892, 1.0)",1,99.12165582936063,40652
"(0.9882352941176472, 0.996078431372549)",1,99.1215368238462,40653
"(0.9568181818181818, 0.996078431372549)",2,99.12153302846252,40655
"(0.9351326548694968, 0.996078431372549)",1,99.1212802043812,40656
"(0.9320397146712937, 0.992156862745098)",1,99.12119749474212,40657
"(0.8281746031746032, 1.0)",2,99.1211497673782,40659
"(0.984504357298475, 0.996078431372549)",1,99.12111340586225,40660
"(0.8047996976568405, 1.0)",1,99.12104837016447,40661
"(0.996078431372549, 0.996078431372549)",1,99.12102529710369,40662
"(1.0, 1.0)",1,99.12094025137505,40663
"(0.992156862745098, 0.996078431372549)",1,99.1209317127427,40664
"(1.0, 1.0)",1,99.1208523668757,40665
"(0.8281746031746032, 1.0)",1,99.12084362613092,40666
"(0.9243650793650792, 1.0)",1,99.1208219137186,40667
"(0.9224211423699916, 1.0)",1,99.12079917408136,40668
"(0.8832772166105499, 1.0)",1,99.12051746565253,40669
"(0.8729166666666666, 0.986574074074074)",1,99.12048097560456,40670
"(0.8893558268973552, 1.0)",1,99.12045242977108,40671
"(0.9886710239651416, 0.996078431372549)",1,99.12032862727892,40672
"(0.9391865079365078, 1.0)",1,99.1202702788299,40673
"(0.5951421188630491, 1.0)",1,99.12017247343915,40674
"(0.8256012025992288, 0.9988651610017888)",1,99.1200874920954,40675
"(0.8240301702196975, 0.9992431021625652)",3,99.1200179696778,40678
"(0.9261349042540992, 0.996078431372549)",1,99.11993101871045,40679
"(0.8520449077786689, 1.0)",1,99.119923047059,40680
"(0.9272424525365702, 0.996078431372549)",1,99.11977690383534,40681
"(0.5640273704789834, 1.0)",1,99.11972757472992,40682
"(0.8686868686868687, 1.0)",1,99.1197088279872,40683
"(0.9444444444444444, 1.0)",1,99.11962912634957,40684
"(0.8571428571428572, 1.0)",1,99.11960203539152,40685
"(0.9886710239651416, 0.996078431372549)",1,99.11946135764242,40686
"(0.9104993386243384, 1.0)",1,99.11945573781844,40687
"(0.9224211423699916, 1.0)",1,99.1193945313746,40688
"(0.941156690746474, 0.996078431372549)",1,99.11934600659484,40689
"(0.9320397146712937, 0.996078431372549)",1,99.11934300533116,40690
"(0.9236094950800832, 0.996078431372549)",1,99.11928635061776,40691
"(0.8748472964943552, 0.996078431372549)",1,99.11922172657852,40692
"(0.8376068376068376, 1.0)",1,99.11915245248578,40693
"(0.8465418823841762, 1.0)",1,99.11911625409864,40694
"(0.9691305469556244, 0.996078431372549)",1,99.11907313573806,40695
"(0.7975164658278694, 1.0)",1,99.11895192106972,40696
"(0.8257672120953371, 0.9992431021625652)",2,99.11894510663213,40698
"(0.9840686274509804, 0.996078431372549)",1,99.11893661201648,40699
"(0.9866666666666668, 0.996078431372549)",1,99.11886439421956,40700
"(0.8635440917107585, 0.996078431372549)",1,99.11882145685172,40701
"(0.9696969696969696, 1.0)",1,99.11881977671456,40702
"(0.808641975308642, 1.0)",2,99.11854748198836,40704
"(0.9688764394646748, 0.996078431372549)",1,99.118511515232,40705
"(0.740829346092504, 1.0)",1,99.11848473554964,40706
"(0.95406162464986, 0.996078431372549)",1,99.11848133808812,40707
"(0.984504357298475, 0.996078431372549)",1,99.11844588320176,40708
"(0.9104993386243384, 1.0)",1,99.11844445488016,40709
"(0.8053221288515406, 1.0)",1,99.11844290485264,40710
"(0.9280112044817928, 0.996078431372549)",2,99.11835030323437,40712
"(0.978144708175668, 0.996078431372549)",1,99.11834247540736,40713
"(0.9523809523809524, 1.0)",1,99.11833480749594,40714
"(0.896551724137931, 1.0)",1,99.11831640931726,40715
"(0.984313725490196, 0.996078431372549)",2,99.11825227292552,40717
"(0.8858975827700768, 1.0)",1,99.11820886580276,40718
"(0.7141994478951, 1.0)",3,99.11812593076895,40721
"(0.992156862745098, 0.996078431372549)",1,99.11807892279737,40722
"(0.9351326548694968, 0.996078431372549)",1,99.11806785590149,40723
"(0.9230769230769232, 1.0)",1,99.1179873954137,40724
"(0.9172932330827066, 1.0)",1,99.11791979949876,40725
"(0.8468468468468467, 1.0)",1,99.11784251784252,40726
"(0.875, 1.0)",1,99.11779194330344,40727
"(0.9444444444444444, 1.0)",1,99.11776296776296,40728
"(0.6856760145918833, 1.0)",1,99.11773167578194,40729
"(0.8518518518518519, 1.0)",1,99.1177214689576,40730
"(0.9466207660652104, 1.0)",1,99.11769550893786,40731
"(0.9320397146712937, 0.996078431372549)",1,99.11756040017404,40732
"(0.9465811965811968, 1.0)",1,99.11754537691029,40733
"(0.9590970891280488, 0.996078431372549)",1,99.11744046672148,40734
"(0.9, 1.0)",1,99.1173936157918,40735
"(0.9816305469556244, 0.996078431372549)",1,99.1172346464452,40736
"(0.9602089783281734, 0.996078431372549)",1,99.11719847003148,40737
"(0.8864468864468864, 1.0)",1,99.1171233016928,40738
"(0.90934937783235, 0.996078431372549)",1,99.11710966519868,40739
"(0.8138881768037778, 0.996078431372549)",1,99.1170997081347,40740
"(1.0, 1.0)",1,99.11698768220506,40741
"(0.8831064306064307, 1.0)",1,99.11698015696176,40742
"(0.8627450980392157, 1.0)",1,99.11689342025332,40743
"(0.9047619047619048, 1.0)",1,99.11687207331754,40744
"(0.9633298933608532, 0.996078431372549)",1,99.11684639898088,40745
"(0.7822222222222222, 1.0)",1,99.11676058833956,40746
"(0.875, 1.0)",1,99.11667459796756,40747
"(0.9803050108932462, 0.9919117647058824)",1,99.11665479057125,40748
"(0.9803376906318084, 0.996078431372549)",2,99.11663952215687,40750
"(0.9, 1.0)",1,99.11660541340176,40751
"(0.9230769230769232, 1.0)",1,99.11659958603931,40752
"(1.0, 1.0)",1,99.11648351648353,40753
"(0.9138847117794486, 0.996078431372549)",1,99.11647215459034,40754
"(0.9261349042540992, 0.996078431372549)",1,99.11642576722656,40755
"(0.9696969696969696, 1.0)",2,99.11641075990656,40757
"(0.8350168350168351, 1.0)",1,99.11640594399216,40758
"(0.8129629629629629, 1.0)",1,99.11640211640211,40759
"(0.8977777777777779, 1.0)",1,99.1163924963925,40760
"(0.9320397146712937, 0.996078431372549)",1,99.11636403185176,40761
"(0.949639417170377, 0.996078431372549)",1,99.11623391018668,40762
"(0.9609224859534458, 0.996078431372549)",1,99.11619306810644,40763
"(0.9449965600275196, 0.996078431372549)",1,99.11617225252682,40764
"(0.9811403508771928, 0.9916666666666668)",1,99.11614584962112,40765
"(0.9292181620122796, 0.996078431372549)",1,99.11608800575156,40766
"(0.8967236467236468, 1.0)",1,99.11598015933154,40767
"(0.865079365079365, 0.9841269841269842)",1,99.11593222221413,40768
"(0.984313725490196, 0.996078431372549)",1,99.11588274086984,40769
"(0.978144708175668, 0.996078431372549)",1,99.11587964191538,40770
"(0.9135802469135802, 1.0)",1,99.11581349753394,40771
"(0.7141994478951, 1.0)",5,99.11577321102492,40776
"(0.9272424525365702, 0.996078431372549)",1,99.11575391021074,40777
"(0.9345012626262624, 1.0)",1,99.11569510049524,40778
"(0.954318475928383, 0.996078431372549)",1,99.1156821837248,40779
"(0.9444444444444444, 1.0)",1,99.11559750878638,40780
"(0.8112794612794614, 1.0)",1,99.11559347910156,40781
"(0.8748472964943552, 0.996078431372549)",1,99.11545595446592,40782
"(0.8112794612794614, 1.0)",1,99.1153900806842,40783
"(0.9919117647058824, 0.996078431372549)",1,99.11513036067404,40784
"(0.7261336323863321, 0.9977333631085306)",2,99.11501265558252,40786
"(0.8977777777777779, 1.0)",1,99.11493799276413,40787
"(0.914421596921597, 0.996078431372549)",1,99.1149087409081,40788
"(0.9320397146712937, 0.996078431372549)",1,99.11488231954964,40789
"(0.9507101086048454, 1.0)",1,99.11487975538326,40790
"(0.9879901960784314, 0.996078431372549)",1,99.1148177295653,40791
"(0.9841269841269842, 1.0)",1,99.11476533181242,40792
"(0.8686868686868687, 1.0)",1,99.11467437674568,40793
"(0.5951421188630491, 1.0)",1,99.11466577912417,40794
"(0.9444444444444444, 1.0)",2,99.11461306492042,40796
"(0.9236094950800832, 0.996078431372549)",1,99.11455268154712,40797
"(0.8893558268973552, 1.0)",1,99.11454267380176,40798
"(0.8013468013468013, 0.9841269841269842)",1,99.11452466291183,40799
"(0.9696969696969696, 1.0)",2,99.11424963924964,40801
"(0.9879901960784314, 0.996078431372549)",1,99.1142408374222,40802
"(0.965272331154684, 0.996078431372549)",1,99.11419289702334,40803
"(0.992156862745098, 0.996078431372549)",2,99.114190568694,40805
"(0.9047619047619048, 1.0)",1,99.11416195043198,40806
"(0.9449965600275196, 0.996078431372549)",1,99.11409085067002,40807
"(0.9688764394646748, 0.996078431372549)",1,99.1140561445109,40808
"(0.7971704623878537, 0.996078431372549)",1,99.11400878746171,40809
"(0.8376068376068376, 1.0)",1,99.11397587919328,40810
"(0.879008834302952, 0.996078431372549)",1,99.11393894728542,40811
"(0.875, 1.0)",1,99.11390981513486,40812
"(0.9197362278244632, 0.996078431372549)",1,99.11390867416075,40813
"(0.9881481481481482, 0.9916666666666668)",1,99.1138963421624,40814
"(0.8571024784182679, 0.996078431372549)",1,99.11385297220184,40815
"(0.9230769230769232, 1.0)",1,99.11374519831467,40816
"(1.0, 0.996078431372549)",1,99.11362103274725,40817
"(0.6856760145918833, 1.0)",1,99.11354423296716,40818
"(0.9507101086048454, 1.0)",1,99.11346563620148,40819
"(0.978144708175668, 0.996078431372549)",1,99.11345520664408,40820
"(0.984967320261438, 0.996078431372549)",2,99.113444192523,40822
"(0.9764161220043572, 0.996078431372549)",1,99.11340640377932,40823
"(0.922050500014663, 1.0)",1,99.11337160100712,40824
"(1.0, 1.0)",1,99.11333573833572,40825
"(0.8904991948470209, 1.0)",1,99.113332682309,40826
"(0.6403503049675462, 1.0)",2,99.11329002251269,40828
"(0.8817204301075269, 1.0)",1,99.1132025444844,40829
"(0.8958946706887884, 0.996078431372549)",1,99.11311832623304,40830
"(0.9886710239651416, 0.996078431372549)",1,99.11310647549163,40831
"(0.9047619047619048, 1.0)",1,99.11306042884992,40832
"(0.9197362278244632, 0.996078431372549)",1,99.11299096453853,40833
"(0.992156862745098, 0.996078431372549)",1,99.11298454469528,40834
"(0.8888888888888888, 1.0)",1,99.1129333260005,40835
"(0.9879901960784314, 0.996078431372549)",1,99.1128701555635,40836
"(0.9351326548694968, 0.996078431372549)",1,99.11284112487697,40837
"(0.9248591174906964, 0.996078431372549)",1,99.1127924311672,40838
"(0.9037076648841356, 0.996078431372549)",1,99.11277762793712,40839
"(0.9738562091503268, 0.992156862745098)",1,99.1127314927103,40840
"(0.8138881768037778, 0.996078431372549)",1,99.11271671998892,40841
"(0.8958946706887884, 0.996078431372549)",1,99.11270623548624,40842
"(0.9230769230769232, 1.0)",1,99.11268979558454,40843
"(0.996078431372549, 0.996078431372549)",1,99.11268338329488,40844
"(0.7400546757164405, 1.0)",1,99.11267317692622,40845
"(0.8109668109668109, 1.0)",1,99.11255411255412,40846
"(0.8423371647509579, 1.0)",1,99.11251437463562,40847
"(0.8888888888888888, 1.0)",1,99.1124758282653,40848
"(0.9526143790849672, 0.996078431372549)",1,99.11242270940484,40849
"(0.909209656084656, 1.0)",1,99.11235652358498,40850
"(0.7400546757164405, 1.0)",1,99.11228013000073,40851
"(0.879008834302952, 0.996078431372549)",1,99.11224282163488,40852
"(0.8013468013468013, 1.0)",1,99.11220043572987,40853
"(0.9280112044817928, 0.996078431372549)",1,99.11213428285144,40854
"(0.8831064306064307, 1.0)",1,99.1121053946054,40855
"(0.9197362278244632, 0.996078431372549)",1,99.11208287163208,40856
"(0.9565217391304348, 1.0)",1,99.11206614105166,40857
"(0.8627450980392157, 1.0)",1,99.11205446095308,40858
"(0.9879901960784314, 0.996078431372549)",2,99.11185122453608,40860
"(0.9333333333333332, 1.0)",1,99.11184619474092,40861
"(0.949639417170377, 0.996078431372549)",1,99.11183086935314,40862
"(0.9230769230769232, 1.0)",1,99.11182151182152,40863
"(0.9427450980392156, 0.996078431372549)",1,99.11176990950894,40864
"(0.9342814048696402, 0.996078431372549)",1,99.11153324223754,40865
"(0.8112794612794614, 1.0)",2,99.11148837305356,40867
"(0.90934937783235, 0.996078431372549)",1,99.11139137006796,40868
"(0.7410714285714286, 1.0)",1,99.11138142508833,40869
"(0.8888888888888888, 1.0)",1,99.111355033103,40870
"(0.9788235294117646, 0.996078431372549)",1,99.11132441902645,40871
"(0.919047619047619, 1.0)",1,99.11129180820832,40872
"(0.8051426383129855, 0.9977333631085306)",1,99.11122592001703,40873
"(0.7971704623878537, 0.996078431372549)",1,99.11116541709504,40874
"(0.8112794612794614, 1.0)",1,99.11112122569784,40875
"(0.9230769230769232, 1.0)",1,99.11107786546384,40876
"(0.9059134765017116, 0.996078431372549)",1,99.1109987731377,40877
"(0.9841269841269842, 1.0)",1,99.11093282359954,40878
"(0.8498168498168498, 0.9841269841269842)",1,99.11093260216076,40879
"(0.914421596921597, 0.996078431372549)",1,99.11087790774867,40880
"(0.9386724386724388, 1.0)",2,99.11086905925616,40882
"(0.9879901960784314, 0.996078431372549)",2,99.11083253634338,40884
"(0.8138881768037778, 0.996078431372549)",1,99.11081895745252,40885
"(0.9763834422657952, 0.996078431372549)",1,99.11079667379988,40886
"(0.9466013071895424, 0.996078431372549)",1,99.11078854510411,40887
"(0.9401300133188678, 0.996078431372549)",1,99.11078088961848,40888
"(0.936026936026936, 1.0)",1,99.110760483839,40889
"(0.9358798064680418, 0.996078431372549)",1,99.1107533052369,40890
"(0.9803376906318084, 0.996078431372549)",1,99.110697312453,40891
"(0.9333333333333332, 1.0)",1,99.110624861861,40892
"(0.7869981325863679, 1.0)",1,99.11061651185494,40893
"(0.9759477124183006, 0.996078431372549)",1,99.11060780817604,40894
"(0.9764161220043572, 0.996078431372549)",2,99.11058602744453,40896
"(0.934644785450412, 0.996078431372549)",1,99.11054832177214,40897
"(0.9192251461988304, 0.996078431372549)",1,99.11044224924277,40898
"(0.971594304388422, 0.996078431372549)",1,99.11040446481648,40899
"(0.8376068376068376, 1.0)",1,99.1103195812578,40900
"(0.8309016086793863, 1.0)",1,99.11011286463432,40901
"(0.984504357298475, 0.996078431372549)",1,99.1100878845426,40902
"(0.6856760145918833, 1.0)",1,99.11002319188576,40903
"(0.865079365079365, 1.0)",1,99.11000481628668,40904
"(0.8350168350168351, 1.0)",1,99.1100017067759,40905
"(0.8498168498168498, 0.9841269841269842)",1,99.1099100175188,40906
"(0.976851851851852, 0.996078431372549)",1,99.10988707322898,40907
"(0.9565217391304348, 1.0)",1,99.109833796002,40908
"(0.9704892057833234, 0.996078431372549)",1,99.10982840294535,40909
"(0.9351326548694968, 0.996078431372549)",1,99.10980458790807,40910
"(0.9047619047619048, 1.0)",1,99.10977506281336,40911
"(0.8771929824561403, 1.0)",1,99.10970676563336,40912
"(0.8611111111111112, 1.0)",1,99.10969409475156,40913
"(0.9827450980392156, 0.996078431372549)",1,99.10968066852392,40914
"(0.7975164658278694, 1.0)",2,99.10967483108968,40916
"(0.936026936026936, 1.0)",1,99.10964398803108,40917
"(0.9351326548694968, 0.992156862745098)",1,99.1095833240258,40918
"(0.8275809031622985, 1.0)",1,99.1095683094311,40919
"(0.941156690746474, 0.996078431372549)",1,99.1095185582535,40920
"(0.8468468468468467, 1.0)",2,99.1094899499934,40922
"(0.9769410044719642, 0.996078431372549)",1,99.10947664640926,40923
"(0.9138847117794486, 0.996078431372549)",1,99.10939593744357,40924
"(0.9919117647058824, 0.996078431372549)",1,99.109337134095,40925
"(0.9841269841269842, 1.0)",1,99.10928666232492,40926
"(0.9855521155830752, 0.996078431372549)",1,99.10928244862208,40927
"(0.9841269841269842, 1.0)",1,99.10918537120996,40928
"(0.9466013071895424, 0.996078431372549)",1,99.10916761212518,40929
"(0.912041847041847, 0.996078431372549)",1,99.10908699879052,40930
"(0.7705882352941177, 1.0)",1,99.10908255347591,40931
"(0.9886710239651416, 0.996078431372549)",1,99.10902194701032,40932
"(0.965272331154684, 0.996078431372549)",1,99.10894208601722,40933
"(0.9841269841269842, 1.0)",1,99.10887646090184,40934
"(0.7167919799498746, 1.0)",2,99.10883720505488,40936
"(0.8888888888888888, 1.0)",1,99.10872269492958,40937
"(0.8832772166105499, 1.0)",1,99.10870610870612,40938
"(0.9615343915343916, 1.0)",1,99.10863842609496,40939
"(0.9811403508771928, 0.996078431372549)",1,99.10862836399636,40940
"(0.8915343915343915, 1.0)",1,99.10862327415224,40941
"(0.9466013071895424, 0.992156862745098)",1,99.10857990564628,40942
"(0.9399138116785176, 0.996078431372549)",1,99.1084796997664,40943
"(0.9847494553376906, 0.996078431372549)",1,99.10840268005153,40944
"(0.9399138116785176, 0.996078431372549)",1,99.10837774344256,40945
"(0.912300194931774, 0.996078431372549)",1,99.10830032857508,40946
"(0.8762150855174111, 1.0)",1,99.108263458341,40947
"(0.9847494553376906, 0.996078431372549)",1,99.1081299026081,40948
"(0.6403503049675462, 1.0)",1,99.10812657180009,40949
"(0.683375104427736, 1.0)",1,99.10811700645864,40950
"(0.773034398034398, 1.0)",1,99.10810384247884,40951
"(0.9230769230769232, 1.0)",2,99.10799023842502,40953
"(0.9224211423699916, 1.0)",1,99.1078199843024,40954
"(0.8864468864468864, 1.0)",2,99.10781361292872,40956
"(0.9351258309591644, 1.0)",1,99.10771455804544,40957
"(0.9145622351504704, 0.992156862745098)",1,99.10762267292073,40958
"(0.8900759734093067, 1.0)",1,99.10761145708378,40959
"(0.8592532467532467, 1.0)",1,99.10757954058316,40960
"(0.7544006919006919, 1.0)",1,99.10751257406116,40961
"(0.9399138116785176, 0.996078431372549)",1,99.1074486838899,40962
"(0.9214340198321892, 1.0)",1,99.107446146731,40963
"(0.992156862745098, 0.996078431372549)",1,99.10744601434936,40964
"(0.9230769230769232, 1.0)",1,99.10743704289756,40965
"(0.8402777777777779, 1.0)",1,99.10738415848864,40966
"(0.9230769230769232, 1.0)",1,99.107367939127,40967
"(0.8518518518518519, 1.0)",1,99.1072631072632,40968
"(0.8571428571428572, 1.0)",2,99.10715064288895,40970
"(0.9248366013071896, 1.0)",1,99.1070365566193,40971
"(0.9886710239651416, 0.996078431372549)",1,99.10702194418228,40972
"(0.7705882352941177, 1.0)",2,99.10699416778952,40974
"(0.9009824397595296, 0.996078431372549)",1,99.1069820266573,40975
"(0.9879901960784314, 0.996078431372549)",1,99.10695573902068,40976
"(0.8502976190476191, 1.0)",1,99.10694275109596,40977
"(0.9135802469135802, 1.0)",1,99.10691788619324,40978
"(0.7991093397054156, 0.9992431021625652)",3,99.10691713631527,40981
"(0.7400546757164405, 1.0)",1,99.1069118463236,40982
"(0.8562394622920938, 0.992156862745098)",1,99.1069041087719,40983
"(0.9047619047619048, 1.0)",1,99.10678000178464,40984
"(0.8309016086793863, 1.0)",1,99.10675789563862,40985
"(0.875, 1.0)",1,99.10671703134028,40986
"(0.8520449077786689, 1.0)",2,99.1065981619985,40988
"(0.9641868969810148, 0.996078431372549)",1,99.10657534072412,40989
"(0.9135802469135802, 1.0)",1,99.10653481431964,40990
"(0.7971704623878537, 0.996078431372549)",1,99.1065041253524,40991
"(0.9230769230769232, 1.0)",1,99.10638465477174,40992
"(0.8589726631393297, 1.0)",1,99.10632465552236,40993
"(0.9755757858699036, 0.996078431372549)",1,99.10630892317928,40994
"(0.8485941734417344, 1.0)",1,99.106307884123,40995
"(0.9047619047619048, 1.0)",1,99.10629209204924,40996
"(0.8712763475149724, 1.0)",1,99.10625959379814,40997
"(0.7141994478951, 1.0)",1,99.10616010859844,40998
"(0.8, 1.0)",1,99.10615173651922,40999
"(0.9135802469135802, 1.0)",1,99.10609899453983,41000
"(0.9886710239651416, 0.996078431372549)",1,99.1060988409262,41001
"(0.9840686274509804, 0.9925925925925926)",1,99.10606257548216,41002
"(0.9731377053745476, 0.996078431372549)",1,99.106049455189,41003
"(0.9841269841269842, 1.0)",1,99.10586313435913,41004
"(0.9565217391304348, 1.0)",1,99.10571538308798,41005
"(0.8831018518518517, 1.0)",1,99.1056323426301,41006
"(0.9399138116785176, 0.996078431372549)",1,99.1056059454389,41007
"(0.9697786951037723, 0.996078431372549)",1,99.10552006029424,41008
"(0.8858975827700768, 1.0)",1,99.10546288394828,41009
"(0.984313725490196, 0.996078431372549)",1,99.10529203579378,41010
"(0.978144708175668, 0.996078431372549)",1,99.10525752891937,41011
"(0.9802054154995332, 0.996078431372549)",1,99.10523512360834,41012
"(0.984504357298475, 0.996078431372549)",1,99.10515003404755,41013
"(0.8748472964943552, 0.996078431372549)",1,99.10502701131628,41014
"(0.9665319865319866, 0.996078431372549)",1,99.10502062850436,41015
"(0.8858975827700768, 1.0)",2,99.10494793826432,41017
"(0.8138881768037778, 0.996078431372549)",1,99.10494101530853,41018
"(0.8571428571428572, 1.0)",1,99.1048752861682,41019
"(0.984313725490196, 0.996078431372549)",1,99.1048656707367,41020
"(0.9466013071895424, 0.996078431372549)",1,99.10479490320206,41021
"(0.8448736477904788, 1.0)",1,99.1046693758492,41022
"(0.8952380952380952, 1.0)",1,99.10464310274656,41023
"(0.9018073680369506, 0.996078431372549)",1,99.10461103947644,41024
"(0.9808278867102396, 0.996078431372549)",1,99.10453037282824,41025
"(0.9272424525365702, 0.996078431372549)",1,99.10452055321528,41026
"(0.9197362278244632, 0.996078431372549)",1,99.10448844355987,41027
"(0.8822954822954823, 1.0)",1,99.1044591344947,41028
"(1.0, 1.0)",1,99.10442368089429,41029
"(0.8141495561319372, 0.9977333631085306)",3,99.10434016032151,41032
"(0.9280112044817928, 0.992156862745098)",1,99.10433919766712,41033
"(0.8864468864468864, 1.0)",1,99.10427497765092,41034
"(0.7971704623878537, 0.996078431372549)",1,99.1041126865362,41035
"(0.8831018518518517, 1.0)",1,99.1039940508532,41036
"(0.6156045751633987, 1.0)",1,99.10387504538852,41037
"(0.8714344685242518, 0.996078431372549)",1,99.10386808220356,41038
"(0.992156862745098, 0.996078431372549)",1,99.10386532268194,41039
"(0.9444444444444444, 1.0)",1,99.1037851037851,41040
"(0.9492266992266992, 1.0)",1,99.10378417878418,41041
"(0.962458433665864, 0.996078431372549)",1,99.10373072646983,41042
"(0.9444444444444444, 1.0)",1,99.10372391966597,41043
"(0.9272424525365702, 0.996078431372549)",1,99.10371401992546,41044
"(0.9047619047619048, 1.0)",1,99.10370788631664,41045
"(0.8550741594067247, 1.0)",1,99.10364123647524,41046
"(0.9886710239651416, 0.996078431372549)",1,99.10363216443872,41047
"(0.9023569023569024, 1.0)",1,99.10344205602826,41048
"(0.9886710239651416, 0.996078431372549)",1,99.10342642299516,41049
"(0.9384803921568629, 0.996078431372549)",1,99.10335884057324,41050
"(0.900854700854701, 1.0)",1,99.10331581351072,41051
"(0.9754435107376284, 0.996078431372549)",1,99.1032808029705,41052
"(0.9342814048696402, 0.996078431372549)",2,99.10326677679636,41054
"(0.8897707231040564, 1.0)",1,99.10315203618823,41055
"(0.9644646747587924, 0.992156862745098)",1,99.1030061277444,41056
"(0.9886710239651416, 0.996078431372549)",2,99.10290244295048,41058
"(0.8520449077786689, 1.0)",1,99.10273252926574,41059
"(0.7840187590187591, 1.0)",1,99.10272958522958,41060
"(0.9886710239651416, 0.996078431372549)",1,99.10270966882712,41061
"(0.9138847117794486, 0.996078431372549)",1,99.10262473952557,41062
"(0.9573319772862108, 0.992156862745098)",1,99.10250164633952,41063
"(0.8817204301075269, 1.0)",2,99.10248994187788,41065
"(0.9261349042540992, 0.996078431372549)",1,99.1024254901193,41066
"(0.8319664902998236, 1.0)",1,99.10240519364322,41067
"(0.8888888888888888, 1.0)",1,99.10234664622575,41068
"(0.8468468468468467, 1.0)",1,99.1022749427784,41069
"(0.8275809031622985, 1.0)",1,99.10227190822496,41070
"(0.9230769230769232, 1.0)",1,99.10217869240456,41071
"(0.9916666666666668, 0.996078431372549)",2,99.10210440316489,41073
"(0.8026869481236204, 1.0)",3,99.10209893260128,41076
"(0.984313725490196, 0.996078431372549)",1,99.10209422982578,41077
"(0.984313725490196, 0.996078431372549)",1,99.1020767741797,41078
"(0.9919117647058824, 0.996078431372549)",1,99.10206873392649,41079
"(1.0, 1.0)",2,99.1020631020631,41081
"(0.879008834302952, 0.996078431372549)",1,99.1020161420396,41082
"(0.7869981325863679, 1.0)",1,99.10190485138196,41083
"(0.8925865800865801, 1.0)",1,99.10184789912296,41084
"(0.896551724137931, 1.0)",1,99.10172792771232,41085
"(0.7705882352941177, 1.0)",1,99.1016200275759,41086
"(0.9847494553376906, 0.996078431372549)",2,99.10153651149548,41088
"(0.9894736842105264, 0.996078431372549)",1,99.10152863282865,41089
"(0.8013468013468013, 1.0)",1,99.1015157844106,41090
"(0.8635440917107585, 0.996078431372549)",1,99.10136224076751,41091
"(0.9754901960784312, 0.996078431372549)",1,99.1013559520976,41092
"(1.0, 1.0)",1,99.10120032297452,41093
"(0.958531746031746, 1.0)",2,99.10113268252036,41095
"(0.9018073680369506, 0.996078431372549)",1,99.10111948779786,41096
"(0.9466013071895424, 0.996078431372549)",1,99.10108950259789,41097
"(0.9318498265866688, 0.996078431372549)",1,99.1010216539356,41098
"(0.906325536062378, 0.996078431372549)",1,99.10096725697768,41099
"(0.8731060606060606, 1.0)",1,99.10094558195424,41100
"(0.965272331154684, 0.996078431372549)",1,99.10083981216977,41101
"(0.9444444444444444, 1.0)",1,99.10063590455748,41102
"(0.8465418823841762, 1.0)",1,99.10055848816488,41103
"(0.9855521155830752, 0.9925925925925926)",1,99.1004847494553,41104
"(0.8817204301075269, 1.0)",1,99.10040427190351,41105
"(0.9879901960784314, 0.996078431372549)",1,99.10032154607244,41106
"(0.8163854689162486, 1.0)",1,99.10029731298938,41107
"(0.7460317460317459, 1.0)",1,99.10022180952843,41108
"(0.875, 1.0)",1,99.10015477354187,41109
"(0.9214340198321892, 1.0)",1,99.10011030464658,41110
"(0.978144708175668, 0.996078431372549)",1,99.09998796009646,41111
"(0.9841269841269842, 1.0)",1,99.09997701792868,41112
"(0.8925865800865801, 1.0)",1,99.0999531827362,41113
"(0.9052876136209468, 1.0)",1,99.09991020385178,41114
"(0.9192251461988304, 0.996078431372549)",1,99.09981851793152,41115
"(0.9841269841269842, 1.0)",1,99.09969671096414,41116
"(0.879008834302952, 0.996078431372549)",1,99.09964224620798,41117
"(0.9457936507936509, 0.992156862745098)",1,99.09962645701732,41118
"(0.9037076648841356, 0.996078431372549)",1,99.09958665967405,41119
"(0.8330439814814815, 1.0)",2,99.0995453042328,41121
"(1.0, 1.0)",1,99.0995357299705,41122
"(0.9138847117794486, 0.992156862745098)",1,99.09947850138752,41123
"(0.978144708175668, 0.996078431372549)",2,99.09946627188886,41125
"(0.738764566779023, 0.9992431021625652)",1,99.09940895953262,41126
"(0.9894736842105264, 0.996078431372549)",1,99.09939314339884,41127
"(0.941156690746474, 0.996078431372549)",2,99.09933643665993,41129
"(0.8423371647509579, 1.0)",1,99.09931993019116,41130
"(1.0, 1.0)",1,99.09929342687964,41131
"(0.875, 1.0)",1,99.09920585949996,41132
"(0.7782392026578072, 1.0)",1,99.09919209714585,41133
"(0.9841269841269842, 1.0)",1,99.09915192639392,41134
"(0.9886710239651416, 0.996078431372549)",1,99.09906296517958,41135
"(0.9292181620122796, 0.996078431372549)",1,99.09904094456044,41136
"(1.0, 1.0)",1,99.09902727154328,41137
"(0.9444444444444444, 1.0)",2,99.09893488154358,41139
"(0.9842265795206973, 0.996078431372549)",1,99.09890480339162,41140
"(0.8468468468468467, 1.0)",2,99.09886321480523,41142
"(0.8053221288515406, 1.0)",1,99.0988335556963,41143
"(1.0, 1.0)",1,99.0986573812661,41144
"(0.896551724137931, 1.0)",1,99.09861432919904,41145
"(0.9507101086048454, 1.0)",2,99.09860293298247,41147
"(0.9565217391304348, 1.0)",1,99.0985830848531,41148
"(0.9882352941176472, 0.996078431372549)",1,99.09853910217625,41149
"(0.9019607843137254, 1.0)",1,99.0985089749532,41150
"(0.8468468468468467, 1.0)",1,99.0984671823463,41151
"(0.984504357298475, 0.996078431372549)",1,99.09843903356156,41152
"(0.9879901960784314, 1.0)",1,99.09819824054004,41153
"(0.879008834302952, 0.996078431372549)",1,99.09815146825294,41154
"(0.9886710239651416, 0.9916666666666668)",1,99.09811741091131,41155
"(0.7971704623878537, 0.996078431372549)",1,99.09809490269949,41156
"(1.0, 1.0)",1,99.09809224591834,41157
"(0.9465330149153678, 0.996078431372549)",1,99.09798345056586,41158
"(0.8257685414943479, 1.0)",1,99.09796188010924,41159
"(0.9272424525365702, 0.992156862745098)",1,99.09794687476244,41160
"(0.9894736842105264, 0.996078431372549)",2,99.09783404096854,41162
"(0.9230769230769232, 1.0)",1,99.09782132760856,41163
"(0.9135802469135802, 1.0)",1,99.09776395995392,41164
"(0.8817204301075269, 1.0)",1,99.09775540157727,41165
"(0.909722222222222, 0.996078431372549)",1,99.09775369797056,41166
"(0.909722222222222, 0.996078431372549)",1,99.09774505393725,41167
"(0.909209656084656, 1.0)",1,99.0977445469678,41168
"(0.9491329966329968, 0.996078431372549)",1,99.09763833214156,41169
"(0.9135802469135802, 1.0)",2,99.09760296137108,41171
"(0.9018073680369506, 0.996078431372549)",2,99.09749927829402,41173
"(0.5951421188630491, 1.0)",1,99.09746884988256,41174
"(0.8468468468468467, 0.9841269841269842)",1,99.09741672785157,41175
"(1.0, 1.0)",2,99.09741525531014,41177
"(0.9449122174122172, 0.996078431372549)",1,99.09738859428244,41178
"(0.9292181620122796, 0.996078431372549)",1,99.09732790338803,41179
"(0.8712763475149724, 1.0)",1,99.09713218049652,41180
"(0.8740392648287385, 1.0)",1,99.09704448904036,41181
"(0.9813854489164088, 0.996078431372549)",1,99.09698853342516,41182
"(0.9579248366013072, 0.996078431372549)",2,99.09693412452704,41184
"(0.9855521155830752, 0.996078431372549)",1,99.09690308180242,41185
"(0.8686868686868687, 1.0)",1,99.09688842447464,41186
"(0.9135802469135802, 1.0)",1,99.0968879786084,41187
"(0.9272424525365702, 0.992156862745098)",1,99.0968875538517,41188
"(0.8857001484413657, 1.0)",1,99.09684865379268,41189
"(0.8253968253968256, 1.0)",1,99.0968064099643,41190
"(0.8589726631393297, 1.0)",1,99.09672869592642,41191
"(0.9619323671497584, 0.996078431372549)",1,99.09668040033448,41192
"(0.9841269841269842, 1.0)",1,99.09657486370368,41193
"(0.7914840888278387, 0.9988651610017888)",1,99.09654395049662,41194
"(1.0, 1.0)",1,99.09652612249944,41195
"(0.896551724137931, 1.0)",1,99.09643070896854,41196
"(0.9261349042540992, 0.996078431372549)",1,99.09624403881818,41197
"(0.9802054154995332, 0.996078431372549)",1,99.09623686742128,41198
"(0.8904991948470209, 1.0)",1,99.0962356900572,41199
"(0.8468468468468467, 1.0)",1,99.09619314493088,41200
"(0.865079365079365, 1.0)",1,99.09607351712626,41201
"(0.9523809523809524, 1.0)",1,99.09605903036936,41202
"(0.9213117283950616, 1.0)",1,99.0960354552249,41203
"(0.9261349042540992, 0.996078431372549)",1,99.09602604906708,41204
"(0.97718610251118, 0.996078431372549)",1,99.09598337964458,41205
"(0.7141994478951, 1.0)",1,99.09591987800265,41206
"(0.8129898303922073, 1.0)",1,99.0957769694907,41207
"(0.9855521155830752, 0.996078431372549)",2,99.09571770334932,41209
"(0.9135802469135802, 1.0)",2,99.09554230446388,41211
"(0.8771929824561403, 1.0)",1,99.0954161885501,41212
"(0.8867623604465709, 1.0)",1,99.0953373411635,41213
"(0.8592532467532467, 1.0)",1,99.09527184827546,41214
"(0.9565217391304348, 1.0)",2,99.0952636435257,41216
"(0.9866666666666668, 0.996078431372549)",2,99.09522923877964,41218
"(0.919047619047619, 0.9841269841269842)",2,99.09519092019096,41220
"(0.9230769230769232, 0.9841269841269842)",1,99.09516029355852,41221
"(0.8138881768037778, 0.996078431372549)",1,99.0951210900048,41222
"(0.9697786951037723, 0.996078431372549)",1,99.09506515827816,41223
"(0.9135802469135802, 1.0)",2,99.09501521095724,41225
"(0.9035155195681512, 0.9925925925925926)",1,99.09481623480126,41226
"(0.9047619047619048, 1.0)",1,99.09474938066892,41227
"(0.808641975308642, 1.0)",1,99.09470382215171,41228
"(0.992156862745098, 0.996078431372549)",1,99.09468101081843,41229
"(0.943982716990723, 1.0)",1,99.09461225517504,41230
"(0.9037076648841356, 0.992156862745098)",1,99.09461037099558,41231
"(0.841554780802611, 1.0)",1,99.0945643951459,41232
"(1.0, 0.996078431372549)",1,99.09449258324474,41233
"(0.801903073699499, 0.9992431021625652)",3,99.09446027510786,41236
"(0.9335426504466752, 0.996078431372549)",1,99.09444879653086,41237
"(0.7410714285714286, 1.0)",1,99.09441327616616,41238
"(0.9391865079365078, 1.0)",1,99.09438431938432,41239
"(0.9023569023569024, 1.0)",1,99.09435288558096,41240
"(0.8571024784182679, 0.996078431372549)",1,99.09430377095774,41241
"(0.9759803921568628, 0.996078431372549)",1,99.09429658997536,41242
"(0.9731377053745476, 0.996078431372549)",1,99.09404224283628,41243
"(0.8423371647509579, 1.0)",1,99.09391268079492,41244
"(0.8592532467532467, 1.0)",1,99.09388906439268,41245
"(0.9399223139548216, 0.996078431372549)",1,99.09382859119538,41246
"(0.8112491373360938, 1.0)",1,99.09382570428768,41247
"(0.9491329966329968, 0.996078431372549)",1,99.09380160273255,41248
"(0.7650293586269196, 1.0)",1,99.0937386118978,41249
"(0.9755757858699036, 0.996078431372549)",1,99.0936981910184,41250
"(0.6403503049675462, 1.0)",1,99.09365814408469,41251
"(0.9263225391166569, 0.996078431372549)",1,99.09364710287367,41252
"(0.9224211423699916, 1.0)",1,99.09351041345928,41253
"(0.9759803921568628, 0.996078431372549)",1,99.09349658204152,41254
"(0.9399223139548216, 0.992156862745098)",2,99.09338912578052,41256
"(0.8952020202020202, 1.0)",1,99.09333114069304,41257
"(0.8138881768037778, 0.996078431372549)",1,99.0933246175562,41258
"(0.9641868969810148, 0.992156862745098)",1,99.09323532687904,41259
"(0.9427450980392156, 0.996078431372549)",1,99.09322082727512,41260
"(0.9047619047619048, 1.0)",1,99.09317469782586,41261
"(0.9138847117794486, 0.996078431372549)",1,99.09317302380012,41262
"(0.8832772166105499, 1.0)",2,99.09316732650066,41264
"(0.9135802469135802, 1.0)",1,99.09306684218964,41265
"(0.9230116959064328, 0.9925925925925926)",1,99.09302969975624,41266
"(0.9788235294117646, 0.996078431372549)",1,99.09300299843513,41267
"(0.879008834302952, 0.996078431372549)",1,99.0929793068082,41268
"(0.9272424525365702, 0.996078431372549)",1,99.09294544516187,41269
"(0.996078431372549, 0.996078431372549)",1,99.09289346732848,41270
"(0.8518518518518519, 1.0)",1,99.09288170147478,41271
"(0.7162037037037038, 1.0)",1,99.09276350236532,41272
"(0.9841269841269842, 1.0)",1,99.09264289543532,41273
"(0.875, 1.0)",1,99.09257754068972,41274
"(0.875, 1.0)",1,99.09237338748216,41275
"(0.9168115942028986, 0.996078431372549)",1,99.09231723582133,41276
"(0.9731377053745476, 0.996078431372549)",1,99.09230194735603,41277
"(0.9399138116785176, 0.996078431372549)",1,99.0922797793311,41278
"(0.9615343915343916, 1.0)",1,99.0922045187323,41279
"(0.9445350241545892, 1.0)",1,99.0921505399785,41280
"(0.7705882352941177, 1.0)",1,99.09190865782932,41281
"(1.0, 1.0)",1,99.09184672994644,41282
"(0.9135802469135802, 1.0)",1,99.09181360775564,41283
"(0.8958946706887884, 0.996078431372549)",1,99.09179024673544,41284
"(0.9023569023569024, 1.0)",1,99.09174830693208,41285
"(0.9444444444444444, 0.9696969696969696)",1,99.09163059163062,41286
"(0.954722222222222, 0.996078431372549)",1,99.09159103084755,41287
"(0.909722222222222, 1.0)",1,99.09158837352813,41288
"(0.9342814048696402, 0.996078431372549)",1,99.09151971288183,41289
"(0.9574911134044262, 0.996078431372549)",1,99.0915007384283,41290
"(0.7400546757164405, 1.0)",1,99.0914609751783,41291
"(0.954318475928383, 0.996078431372549)",1,99.09146028504256,41292
"(0.5951421188630491, 1.0)",1,99.09130582639744,41293
"(0.8627450980392157, 1.0)",2,99.09128078998954,41295
"(0.9399138116785176, 0.996078431372549)",1,99.09125490952133,41296
"(0.7705882352941177, 1.0)",1,99.0912500296012,41297
"(0.780952380952381, 1.0)",1,99.09124423963137,41298
"(0.8281746031746032, 1.0)",1,99.09117220514128,41299
"(0.9135802469135802, 1.0)",1,99.09110739812496,41300
"(0.9667927989909412, 0.996078431372549)",1,99.09108889236246,41301
"(0.9230769230769232, 1.0)",1,99.09103905814432,41302
"(0.7869981325863679, 1.0)",1,99.09098833139343,41303
"(0.8550741594067247, 1.0)",1,99.09089889935603,41304
"(0.8615967365967366, 1.0)",1,99.09088012618687,41305
"(0.8748472964943552, 0.996078431372549)",1,99.09082686572977,41306
"(0.9399223139548216, 0.996078431372549)",1,99.09080412707364,41307
"(0.8952380952380952, 1.0)",1,99.09077804911138,41308
"(0.8883205456095482, 1.0)",1,99.09076563138797,41309
"(0.8627450980392157, 1.0)",1,99.0907311766998,41310
"(0.9047619047619048, 1.0)",1,99.09071777010068,41311
"(0.9841269841269842, 1.0)",1,99.09069512862617,41312
"(0.9342814048696402, 0.996078431372549)",1,99.0906889621598,41313
"(0.773034398034398, 1.0)",1,99.09061431768342,41314
"(0.9568181818181818, 0.996078431372549)",1,99.09060884976996,41315
"(0.9602089783281734, 0.996078431372549)",1,99.0904974288412,41316
"(0.8675136116152449, 1.0)",1,99.09045733455898,41317
"(0.9224211423699916, 1.0)",1,99.09035113240144,41318
"(0.8873002904865649, 1.0)",2,99.09026764188714,41320
"(0.9754901960784312, 0.996078431372549)",1,99.09024479708664,41321
"(1.0, 0.996078431372549)",1,99.09017572064369,41322
"(0.9224211423699916, 1.0)",1,99.09016326085847,41323
"(0.9230769230769232, 1.0)",1,99.09008187269058,41324
"(0.8675136116152449, 1.0)",1,99.09007917957558,41325
"(0.8627450980392157, 1.0)",1,99.09004539396696,41326
"(0.9803050108932462, 0.996078431372549)",2,99.0900141245737,41328
"(0.8518518518518519, 1.0)",1,99.09000773783384,41329
"(0.8521317829457364, 1.0)",1,99.08996183212729,41330
"(0.7956081854600332, 0.9992431021625652)",1,99.0899348289555,41331
"(0.9230769230769232, 1.0)",1,99.08987963590296,41332
"(0.9351326548694968, 0.996078431372549)",2,99.08985593439944,41334
"(0.8053221288515406, 1.0)",1,99.08983391336332,41335
"(0.736317154168238, 1.0)",1,99.08983061180848,41336
"(0.8138881768037778, 0.992156862745098)",1,99.08971330913036,41337
"(0.9224211423699916, 1.0)",2,99.0896827306842,41339
"(0.8627450980392157, 0.9841269841269842)",1,99.08951631029144,41340
"(0.8138881768037778, 0.996078431372549)",1,99.0894907387301,41341
"(0.9886710239651416, 0.996078431372549)",1,99.0894884411521,41342
"(0.9171090534979424, 1.0)",2,99.08944651541874,41344
"(0.9847494553376906, 0.996078431372549)",1,99.08943293059356,41345
"(0.909722222222222, 0.996078431372549)",1,99.08939229882095,41346
"(0.9320397146712937, 0.992156862745098)",1,99.08929022051794,41347
"(0.9138847117794486, 0.992156862745098)",1,99.08928866283333,41348
"(0.8375771604938271, 1.0)",1,99.08925710092376,41349
"(0.8332521117608837, 1.0)",1,99.0892089347858,41350
"(0.980582788671024, 0.996078431372549)",1,99.0890943881646,41351
"(0.9696969696969696, 1.0)",1,99.08907973746685,41352
"(0.8675136116152449, 1.0)",1,99.08878649078288,41353
"(0.8858975827700768, 1.0)",1,99.08877054225093,41354
"(0.8888888888888888, 1.0)",1,99.08876525726106,41355
"(0.9696969696969696, 1.0)",1,99.08874458874465,41356
"(0.8748472964943552, 0.996078431372549)",1,99.08868374865612,41357
"(0.8521317829457364, 1.0)",1,99.08852631383697,41358
"(0.9696969696969696, 0.9841269841269842)",1,99.08847091605726,41359
"(0.7971704623878537, 0.996078431372549)",1,99.08845622818366,41360
"(0.9847494553376906, 0.996078431372549)",1,99.08843078012036,41361
"(0.9847494553376906, 0.996078431372549)",1,99.08820668897826,41362
"(0.8571024784182679, 0.996078431372549)",1,99.08818449107238,41363
"(0.9847494553376906, 0.996078431372549)",1,99.08817236570356,41364
"(0.9803921568627452, 0.996078431372549)",1,99.08816033605213,41365
"(0.7975164658278694, 1.0)",1,99.08815872286854,41366
"(0.9320397146712937, 0.996078431372549)",1,99.08815606922091,41367
"(0.9202401372212692, 1.0)",2,99.08805453932274,41369
"(0.8627450980392157, 1.0)",1,99.08792346905092,41370
"(0.8425925925925927, 0.9841269841269842)",2,99.0879058758007,41372
"(0.9886710239651416, 0.996078431372549)",1,99.08789017561534,41373
"(0.8299319727891157, 1.0)",1,99.087874110145,41374
"(0.9351326548694968, 0.996078431372549)",1,99.08785825648586,41375
"(0.9351326548694968, 0.996078431372549)",1,99.08773128442502,41376
"(0.8550741594067247, 1.0)",1,99.0877021417541,41377
"(0.9803050108932462, 0.996078431372549)",1,99.08766996647826,41378
"(0.9248591174906964, 0.996078431372549)",1,99.08760556131128,41379
"(0.9358798064680418, 0.996078431372549)",1,99.0875918815162,41380
"(0.9841269841269842, 1.0)",1,99.0875893909493,41381
"(0.9027274557165862, 1.0)",1,99.08754596211006,41382
"(0.947088068181818, 1.0)",1,99.08752048054522,41383
"(0.8589726631393297, 1.0)",1,99.08747745310244,41384
"(0.883580779054917, 1.0)",1,99.08743778237036,41385
"(1.0, 1.0)",1,99.08743074377747,41386
"(1.0, 1.0)",1,99.08734033572745,41387
"(0.8078308130291714, 1.0)",2,99.08725527100862,41389
"(0.9, 1.0)",1,99.08721572350862,41390
"(0.9047619047619048, 1.0)",1,99.0871624497372,41391
"(0.8090246089662745, 1.0)",3,99.08714201865656,41394
"(0.9197362278244632, 0.996078431372549)",1,99.08711575504334,41395
"(0.9399138116785176, 0.992156862745098)",1,99.08706035450594,41396
"(0.9803921568627452, 0.996078431372549)",1,99.08704334365324,41397
"(0.5, 1.0)",1,99.087012987013,41398
"(0.9047619047619048, 1.0)",1,99.08700083769918,41399
"(0.8572796934865898, 0.9841269841269842)",1,99.08694830074148,41400
"(0.9802054154995332, 0.996078431372549)",1,99.08681705377543,41401
"(0.8156635416666668, 0.9996213816771112)",3,99.08681124623924,41404
"(0.8900759734093067, 1.0)",1,99.08675670579656,41405
"(0.7982954545454546, 1.0)",1,99.0867276274449,41406
"(0.8260952755751612, 0.9996213816771112)",3,99.08671228809553,41409
"(0.9202401372212692, 1.0)",1,99.08670559517272,41410
"(0.8622222222222222, 1.0)",1,99.08666666666667,41411
"(0.8817204301075269, 1.0)",1,99.08661692600488,41412
"(0.9591269841269842, 0.996078431372549)",2,99.0864725948859,41414
"(0.9272424525365702, 0.996078431372549)",1,99.08646297471458,41415
"(0.8053221288515406, 1.0)",1,99.08631574889937,41416
"(0.8900759734093067, 1.0)",1,99.08626443385414,41417
"(0.8468468468468467, 1.0)",1,99.08617399548064,41418
"(0.909722222222222, 0.996078431372549)",1,99.086108650838,41419
"(0.992156862745098, 0.996078431372549)",2,99.08606909736017,41421
"(0.9230769230769232, 1.0)",1,99.08598374859244,41422
"(0.984967320261438, 0.996078431372549)",1,99.08594916662231,41423
"(0.875, 1.0)",2,99.08577850025225,41425
"(0.89, 1.0)",1,99.08567332309268,41426
"(0.9444444444444444, 1.0)",1,99.08567036827904,41427
"(0.9807902108211706, 0.996078431372549)",1,99.0854340344588,41428
"(0.8952020202020202, 1.0)",4,99.0853976156261,41432
"(0.9665319865319866, 0.996078431372549)",1,99.08539242086614,41433
"(0.896551724137931, 1.0)",1,99.0853184759688,41434
"(0.9882352941176472, 0.996078431372549)",1,99.0853101706903,41435
"(0.9886710239651416, 0.996078431372549)",1,99.08511839665624,41436
"(0.9620227038183696, 0.996078431372549)",2,99.08509346300995,41438
"(0.9019607843137254, 1.0)",1,99.08508304902728,41439
"(0.9236094950800832, 0.996078431372549)",2,99.08507021387068,41441
"(0.95536349042541, 0.996078431372549)",1,99.08493928471498,41442
"(0.9841269841269842, 1.0)",2,99.08492098347176,41444
"(0.8, 1.0)",1,99.08487430869783,41445
"(0.7450665795206972, 0.9992431021625652)",3,99.08483591753436,41448
"(0.9886710239651416, 0.996078431372549)",1,99.08479306672882,41449
"(0.8417927170868348, 0.996078431372549)",1,99.08477129202952,41450
"(0.9, 0.9841269841269842)",1,99.08472365622296,41451
"(0.980582788671024, 0.996078431372549)",2,99.08470144091658,41453
"(0.947088068181818, 1.0)",1,99.08465890161234,41454
"(0.7081939799331105, 1.0)",1,99.08461249326136,41455
"(0.9620227038183696, 0.996078431372549)",1,99.08451162699406,41456
"(0.7410714285714286, 1.0)",2,99.08450577200576,41458
"(0.8067271451483561, 1.0)",1,99.08434444065672,41459
"(0.9620227038183696, 0.996078431372549)",1,99.08428426792896,41460
"(0.9764161220043572, 0.9916666666666668)",2,99.08426859632743,41462
"(0.9738562091503268, 0.996078431372549)",1,99.08423624291126,41463
"(0.8375771604938271, 1.0)",1,99.084225064138,41464
"(0.8714344685242518, 0.996078431372549)",1,99.08419049131147,41465
"(0.875, 1.0)",1,99.08412692747396,41466
"(0.9879901960784314, 0.996078431372549)",1,99.08412482924058,41467
"(0.7650293586269196, 1.0)",1,99.08407697767454,41468
"(0.9816305469556244, 0.996078431372549)",1,99.08395862035086,41469
"(0.9807902108211706, 0.996078431372549)",1,99.08379498583068,41470
"(0.9759803921568628, 0.996078431372549)",1,99.08364463576724,41471
"(0.9182874260815438, 0.996078431372549)",1,99.08351715225211,41472
"(1.0, 0.9841269841269842)",1,99.08350586611472,41473
"(1.0, 1.0)",1,99.08350586611456,41474
"(0.9881481481481482, 0.996078431372549)",2,99.0834971744286,41476
"(0.9035155195681512, 0.996078431372549)",1,99.08349442778773,41477
"(0.8125, 1.0)",1,99.08342187262502,41478
"(0.9261349042540992, 0.996078431372549)",1,99.08334429587728,41479
"(0.9894736842105264, 0.996078431372549)",1,99.08331355647005,41480
"(0.9465811965811968, 1.0)",1,99.08327030805832,41481
"(0.8472848788638262, 1.0)",1,99.0831934001671,41482
"(0.7705882352941177, 1.0)",1,99.08317317406352,41483
"(0.7875946738953866, 0.9992431021625652)",3,99.08315056181031,41486
"(0.9047619047619048, 1.0)",1,99.08301692135026,41487
"(0.9726525054466232, 0.996078431372549)",1,99.08282872213218,41488
"(0.9214340198321892, 1.0)",4,99.08282305719452,41492
"(0.8547544409613373, 1.0)",1,99.08279676900366,41493
"(0.8253968253968256, 1.0)",1,99.0827762231271,41494
"(0.9037076648841356, 0.996078431372549)",1,99.0827245020727,41495
"(0.9638854489164088, 0.996078431372549)",1,99.08272065322454,41496
"(0.9855521155830752, 0.996078431372549)",1,99.0827078316708,41497
"(0.914421596921597, 0.992156862745098)",2,99.0827048125018,41499
"(0.8151260504201681, 1.0)",1,99.08269869267048,41500
"(0.8817204301075269, 1.0)",1,99.08261384747767,41501
"(0.9261349042540992, 0.996078431372549)",1,99.08258024757198,41502
"(0.875, 1.0)",1,99.0825681934553,41503
"(0.7496650452295612, 1.0)",1,99.08254155307948,41504
"(0.9507101086048454, 1.0)",1,99.08252247230126,41505
"(0.9696969696969696, 1.0)",1,99.0825036075036,41506
"(0.9399223139548216, 0.996078431372549)",1,99.08248136232346,41507
"(0.909722222222222, 0.996078431372549)",1,99.0824164872128,41508
"(0.90934937783235, 0.996078431372549)",1,99.08240798245455,41509
"(0.9444444444444444, 1.0)",1,99.08235545906447,41510
"(0.992156862745098, 0.996078431372549)",1,99.08234437804732,41511
"(0.9047619047619048, 1.0)",1,99.08231382144426,41512
"(0.7996201329534663, 1.0)",1,99.08230995687268,41513
"(0.9171090534979424, 1.0)",2,99.08230434366376,41515
"(0.8615967365967366, 1.0)",1,99.08229780191314,41516
"(0.7455669330669331, 1.0)",1,99.08223119703646,41517
"(0.8468468468468467, 1.0)",2,99.08217165425404,41519
"(0.773034398034398, 1.0)",1,99.08210946772776,41520
"(0.9369934640522876, 0.996078431372549)",1,99.0820892994176,41521
"(0.9272424525365702, 0.992156862745098)",1,99.0820804350446,41522
"(0.8714344685242518, 0.996078431372549)",1,99.08205275002511,41523
"(0.9589484126984128, 1.0)",1,99.08203685475743,41524
"(0.8686868686868687, 1.0)",1,99.08203618993096,41525
"(0.9466207660652104, 1.0)",1,99.08199885248496,41526
"(0.8958946706887884, 0.996078431372549)",2,99.0819811094767,41528
"(0.950893246187364, 0.996078431372549)",1,99.08190002723668,41529
"(0.6856760145918833, 1.0)",1,99.08173610343374,41530
"(0.8634130781499202, 0.996078431372549)",1,99.08159624030392,41531
"(0.9261349042540992, 0.996078431372549)",1,99.08151337744508,41532
"(0.9047619047619048, 1.0)",1,99.08146714765785,41533
"(0.9847494553376906, 0.996078431372549)",2,99.08146607838388,41535
"(0.8266666666666667, 1.0)",1,99.08118941406222,41536
"(0.9342814048696402, 0.996078431372549)",1,99.08114902682324,41537
"(0.965272331154684, 0.996078431372549)",1,99.08106730871694,41538
"(0.9224211423699916, 0.9841269841269842)",1,99.08103447639569,41539
"(0.8067271451483561, 1.0)",1,99.08096033039809,41540
"(0.9172932330827066, 1.0)",1,99.08089013001296,41541
"(0.9641868969810148, 0.996078431372549)",1,99.08087815420264,41542
"(0.9565217391304348, 1.0)",1,99.08062404584145,41543
"(0.9142520753512132, 1.0)",1,99.08059421699102,41544
"(0.9168115942028986, 0.996078431372549)",1,99.0805573084131,41545
"(0.8571428571428572, 1.0)",1,99.08041114386307,41546
"(0.7563558796537441, 0.9992431021625652)",3,99.08039356809468,41549
"(0.914421596921597, 0.996078431372549)",1,99.08035634729922,41550
"(0.89, 1.0)",1,99.08032820550966,41551
"(0.8748472964943552, 0.996078431372549)",1,99.0803266895358,41552
"(0.8763636363636363, 1.0)",1,99.08028075788944,41553
"(0.9879901960784314, 0.996078431372549)",1,99.08020326061312,41554
"(0.9565217391304348, 1.0)",2,99.08018461419984,41556
"(0.8817204301075269, 1.0)",1,99.08013984899644,41557
"(0.9879901960784314, 0.996078431372549)",1,99.0800412605236,41558
"(0.954722222222222, 0.996078431372549)",1,99.08002242654744,41559
"(0.9764161220043572, 0.996078431372549)",1,99.07999813012565,41560
"(0.8330439814814815, 1.0)",2,99.07998602092351,41562
"(0.9344643144952745, 0.996078431372549)",1,99.07994298140224,41563
"(0.8551296720061023, 1.0)",2,99.07960120001896,41565
"(0.8129629629629629, 1.0)",1,99.0795849823867,41566
"(0.9192251461988304, 0.996078431372549)",1,99.07957813768338,41567
"(0.9318498265866688, 0.996078431372549)",1,99.07949566919449,41568
"(0.9248591174906964, 0.996078431372549)",1,99.0794604455288,41569
"(0.9886710239651416, 0.996078431372549)",1,99.07944703096337,41570
"(0.9023569023569024, 1.0)",1,99.07940247269453,41571
"(0.6856760145918833, 1.0)",1,99.07934733933172,41572
"(0.7162037037037038, 1.0)",1,99.0793375764394,41573
"(0.8952380952380952, 1.0)",1,99.07926517348392,41574
"(0.740829346092504, 1.0)",1,99.0792358197931,41575
"(0.9168115942028986, 0.996078431372549)",1,99.07911821472251,41576
"(0.9452536570183628, 0.9925925925925926)",1,99.0790826078518,41577
"(0.9855521155830752, 0.996078431372549)",1,99.07889157081313,41578
"(0.9248591174906964, 0.996078431372549)",2,99.07888137944798,41580
"(0.8257672120953371, 0.9973567708333332)",1,99.07887130774978,41581
"(0.9168115942028986, 0.996078431372549)",1,99.0788259098382,41582
"(0.7971704623878537, 0.996078431372549)",2,99.07881665188258,41584
"(0.9803376906318084, 0.996078431372549)",1,99.07880405122296,41585
"(0.8817204301075269, 1.0)",1,99.07876227714938,41586
"(0.9289529914529916, 1.0)",2,99.07873069678196,41588
"(0.984504357298475, 0.996078431372549)",1,99.07872487288986,41589
"(0.919047619047619, 1.0)",2,99.07860534303364,41591
"(0.9444444444444444, 1.0)",1,99.0785729602934,41592
"(0.8375771604938271, 1.0)",1,99.0784700238884,41593
"(0.8858975827700768, 1.0)",1,99.07839901871944,41594
"(0.9395009173259948, 0.996078431372549)",1,99.07837945304396,41595
"(0.8571024784182679, 0.996078431372549)",1,99.0782806751978,41596
"(1.0, 1.0)",1,99.07823654955438,41597
"(0.9816305469556244, 0.996078431372549)",2,99.0781520700948,41599
"(0.8527777777777779, 1.0)",1,99.07814178575047,41600
"(0.9306746031746032, 1.0)",1,99.07809559938184,41601
"(0.8883205456095482, 1.0)",1,99.07808097587343,41602
"(0.7971704623878537, 0.996078431372549)",2,99.07799726416566,41604
"(0.9333333333333332, 1.0)",2,99.07777777777778,41606
"(0.7410714285714286, 1.0)",1,99.07776436526436,41607
"(0.8330439814814815, 1.0)",1,99.07768079014608,41608
"(0.984504357298475, 0.996078431372549)",1,99.07758908089296,41609
"(0.9841269841269842, 1.0)",1,99.07750084054432,41610
"(0.9333333333333332, 1.0)",2,99.0774621005743,41612
"(0.9213117283950616, 1.0)",1,99.07740402736988,41613
"(0.9192251461988304, 0.996078431372549)",1,99.07739938019888,41614
"(0.7913587204505935, 0.9992431021625652)",2,99.07712933145788,41616
"(0.9411376480416728, 0.996078431372549)",1,99.07711696599476,41617
"(0.9135802469135802, 0.9841269841269842)",1,99.077116576392,41618
"(0.8551296720061023, 1.0)",1,99.07710659512782,41619
"(0.9879901960784314, 0.996078431372549)",1,99.07702110205904,41620
"(0.8544096942880128, 0.9984875577410224)",3,99.07697078034452,41623
"(0.9491329966329968, 0.996078431372549)",1,99.07695332359442,41624
"(0.8822954822954823, 1.0)",1,99.076843592059,41625
"(0.8977777777777779, 1.0)",1,99.07681452203192,41626
"(0.9037076648841356, 0.996078431372549)",1,99.07675421290968,41627
"(0.9427450980392156, 0.996078431372549)",2,99.07671141236948,41629
"(0.8, 0.9841269841269842)",1,99.0766471408238,41630
"(0.941156690746474, 0.996078431372549)",1,99.07661376688172,41631
"(0.9407729468599032, 1.0)",1,99.07659447431443,41632
"(0.9019607843137254, 1.0)",1,99.07656062537022,41633
"(0.980582788671024, 0.996078431372549)",1,99.0765160859667,41634
"(0.9427450980392156, 0.996078431372549)",1,99.07640291024204,41635
"(0.8448736477904788, 1.0)",1,99.0763963987194,41636
"(0.9620227038183696, 0.996078431372549)",1,99.07637850596842,41637
"(0.8748472964943552, 0.996078431372549)",1,99.07636374389148,41638
"(0.9327249496289745, 0.996078431372549)",1,99.07632709224065,41639
"(0.9272424525365702, 0.996078431372549)",1,99.07629568963416,41640
"(0.8729166666666666, 1.0)",1,99.076269224979,41641
"(0.9579248366013072, 0.996078431372549)",1,99.07623680638922,41642
"(1.0, 0.9841269841269842)",2,99.07619047619062,41644
"(0.9691305469556244, 0.996078431372549)",1,99.07615469754175,41645
"(1.0, 1.0)",1,99.07608857908708,41646
"(0.9855521155830752, 0.996078431372549)",1,99.07603563259228,41647
"(0.992156862745098, 0.996078431372549)",1,99.0758646258388,41648
"(0.8013468013468013, 1.0)",1,99.0757716904574,41649
"(0.9674603174603176, 1.0)",1,99.07574001696808,41650
"(0.8762481299794732, 1.0)",1,99.07572259460738,41651
"(0.9497685185185184, 1.0)",1,99.07561614923748,41652
"(0.9886710239651416, 0.996078431372549)",1,99.07560146280748,41653
"(0.8817204301075269, 1.0)",2,99.0754741140786,41655
"(0.8104256542213546, 0.9996213816771112)",1,99.07535326964296,41656
"(0.8112491373360938, 1.0)",1,99.07533290089368,41657
"(0.8550741594067247, 1.0)",1,99.07527878607648,41658
"(0.8888888888888888, 1.0)",1,99.0752652774142,41659
"(0.9444444444444444, 1.0)",1,99.0752242926156,41660
"(0.9333333333333332, 1.0)",1,99.0750967229228,41661
"(0.95536349042541, 0.996078431372549)",1,99.07508945709743,41662
"(0.8817204301075269, 1.0)",1,99.07508801073496,41663
"(1.0, 1.0)",1,99.07498057498056,41664
"(0.9280112044817928, 0.996078431372549)",1,99.0748503843446,41665
"(0.8112794612794614, 1.0)",1,99.07484286080928,41666
"(0.9886710239651416, 0.996078431372549)",1,99.07477730848169,41667
"(0.6156045751633987, 1.0)",1,99.07474902959088,41668
"(0.954318475928383, 0.996078431372549)",1,99.07468015873609,41669
"(0.9230769230769232, 1.0)",1,99.07464909642329,41670
"(0.808641975308642, 1.0)",1,99.07463766281464,41671
"(0.9047619047619048, 1.0)",1,99.07462559949435,41672
"(0.9549131554246644, 0.992156862745098)",1,99.07458331699088,41673
"(0.8787878787878788, 1.0)",1,99.07446665547351,41674
"(0.954722222222222, 0.996078431372549)",1,99.07443793787624,41675
"(0.9696969696969696, 1.0)",1,99.07442069747056,41676
"(0.9333333333333332, 1.0)",1,99.07440213034415,41677
"(0.9766612200435728, 0.996078431372549)",1,99.07417203235184,41678
"(0.740829346092504, 1.0)",1,99.07416267942584,41679
"(0.95536349042541, 0.996078431372549)",1,99.07413794215702,41680
"(0.922050500014663, 1.0)",1,99.07397812724714,41681
"(0.7952681819913517, 0.9977333631085306)",3,99.07390718513923,41684
"(0.9521531100478468, 1.0)",1,99.07389933483756,41685
"(0.8571024784182679, 0.996078431372549)",1,99.07389187325327,41686
"(0.9667927989909412, 0.996078431372549)",1,99.07386146159948,41687
"(0.9358798064680418, 0.996078431372549)",1,99.07382555653368,41688
"(0.9197362278244632, 0.996078431372549)",1,99.07378499303292,41689
"(0.978144708175668, 0.996078431372549)",1,99.07352561953488,41690
"(0.909722222222222, 0.996078431372549)",1,99.07351878155684,41691
"(0.9248591174906964, 0.996078431372549)",1,99.073490522034,41692
"(0.8325147741358931, 1.0)",3,99.0734778173168,41695
"(0.9579248366013072, 0.996078431372549)",1,99.07347201273684,41696
"(0.9047619047619048, 1.0)",1,99.07345468273007,41697
"(0.9615343915343916, 1.0)",1,99.07344407704632,41698
"(0.8521317829457364, 1.0)",1,99.07337533016548,41699
"(0.9449122174122172, 0.996078431372549)",1,99.07327643241238,41700
"(0.9641959064327484, 0.996078431372549)",1,99.07326440439174,41701
"(0.9855521155830752, 0.996078431372549)",1,99.07321456249385,41702
"(0.9465811965811968, 1.0)",1,99.07321213656826,41703
"(0.6156045751633987, 1.0)",1,99.07320855161748,41704
"(0.8078308130291714, 1.0)",1,99.07317752383352,41705
"(0.8332521117608837, 1.0)",1,99.07312107348936,41706
"(0.9728641456582634, 0.996078431372549)",1,99.0730796279172,41707
"(0.960639768728004, 0.996078431372549)",1,99.0730716524284,41708
"(0.945875350140056, 0.996078431372549)",1,99.07305018214991,41709
"(1.0, 1.0)",1,99.07295163583149,41710
"(0.980582788671024, 0.996078431372549)",2,99.07292549876242,41712
"(0.9135802469135802, 1.0)",1,99.07292090625424,41713
"(0.9135802469135802, 1.0)",1,99.07289636714926,41714
"(0.8258037694013303, 1.0)",1,99.07278776836654,41715
"(0.8915343915343915, 1.0)",1,99.07276621189284,41716
"(0.9023569023569024, 1.0)",1,99.07276427276427,41717
"(0.9491329966329968, 0.996078431372549)",1,99.07272007245008,41718
"(0.786083870144674, 0.9996213816771112)",1,99.07268829758424,41719
"(0.875, 1.0)",1,99.07258929506204,41720
"(0.9248366013071896, 1.0)",1,99.07258776803369,41721
"(0.9568181818181818, 0.996078431372549)",1,99.07250966402891,41722
"(0.9731377053745476, 0.996078431372549)",1,99.07248140928536,41723
"(0.8108591618587594, 0.9977333631085306)",1,99.0724590394386,41724
"(0.9696969696969696, 1.0)",2,99.07242354419772,41726
"(0.9135802469135802, 1.0)",1,99.07236044342964,41727
"(0.8649128540305012, 0.996078431372549)",1,99.07231290298576,41728
"(0.9236094950800832, 0.996078431372549)",1,99.07219121626773,41729
"(0.9363636363636364, 1.0)",1,99.07215362814942,41730
"(0.9280112044817928, 0.996078431372549)",1,99.07213982222356,41731
"(0.8889459760512393, 0.996078431372549)",1,99.07207126049848,41732
"(0.9811403508771928, 0.996078431372549)",2,99.07206786470708,41734
"(0.7840187590187591, 1.0)",1,99.07203022286356,41735
"(0.9236094950800832, 0.996078431372549)",1,99.0720188013083,41736
"(0.909722222222222, 0.996078431372549)",1,99.07201480007224,41737
"(0.8977777777777779, 1.0)",1,99.07190413451288,41738
"(0.947088068181818, 1.0)",1,99.07187798281358,41739
"(0.9882352941176472, 0.996078431372549)",1,99.0718058699328,41740
"(0.919047619047619, 0.9696969696969696)",1,99.07171717171718,41741
"(0.9230769230769232, 1.0)",1,99.07170424714285,41742
"(0.8888888888888888, 0.986574074074074)",1,99.07162201251282,41743
"(0.8225717836257309, 0.9992431021625652)",1,99.07143241720864,41744
"(0.9803050108932462, 0.996078431372549)",1,99.07140535675109,41745
"(0.8858975827700768, 1.0)",1,99.0713475218254,41746
"(0.865079365079365, 1.0)",1,99.07127465127463,41747
"(0.9847494553376906, 0.996078431372549)",1,99.07126176540596,41748
"(0.7047619047619047, 1.0)",1,99.07122351332876,41749
"(0.8319664902998236, 1.0)",1,99.07117708906924,41750
"(0.958531746031746, 1.0)",1,99.07116015190483,41751
"(0.8977777777777779, 1.0)",1,99.07111535979658,41752
"(0.8253968253968256, 1.0)",1,99.0710925502967,41753
"(0.9168478260869564, 1.0)",1,99.0710738133354,41754
"(0.8629273504273505, 1.0)",1,99.07102115566856,41755
"(1.0, 1.0)",1,99.07096430139909,41756
"(0.9138847117794486, 0.996078431372549)",1,99.07096044365446,41757
"(0.9318498265866688, 0.996078431372549)",1,99.07095718522989,41758
"(0.875, 1.0)",1,99.07094090524754,41759
"(0.9602875653185252, 0.9925925925925926)",1,99.07091144006762,41760
"(0.75, 1.0)",1,99.07088744588744,41761
"(0.965272331154684, 0.9916666666666668)",1,99.0707497333582,41762
"(0.9691305469556244, 0.996078431372549)",1,99.07068944372494,41763
"(0.9855521155830752, 0.996078431372549)",1,99.07068363694924,41764
"(0.7971704623878537, 0.996078431372549)",1,99.07058609694964,41765
"(0.992156862745098, 0.996078431372549)",1,99.07057967216498,41766
"(0.9037076648841356, 0.996078431372549)",1,99.07035980041714,41767
"(0.8731060606060606, 1.0)",1,99.07034293173383,41768
"(0.9803376906318084, 0.996078431372549)",1,99.07028551812694,41769
"(0.8686868686868687, 1.0)",1,99.07018087276712,41770
"(0.695924685394243, 0.9988651610017888)",1,99.07017625913213,41771
"(0.9855521155830752, 0.996078431372549)",1,99.07016620949288,41772
"(0.8312992626493769, 1.0)",1,99.07005904253847,41773
"(0.8137366538909041, 1.0)",1,99.06999608892708,41774
"(0.9399223139548216, 0.996078431372549)",1,99.06999333868607,41775
"(0.9261349042540992, 0.992156862745098)",1,99.06997480704112,41776
"(0.9855521155830752, 0.996078431372549)",1,99.06997012932398,41777
"(0.9803376906318084, 0.996078431372549)",1,99.06980739304292,41778
"(0.978144708175668, 0.996078431372549)",1,99.06960405090744,41779
"(0.8448736477904788, 1.0)",1,99.0695709730524,41780
"(1.0, 1.0)",1,99.0695430580488,41781
"(0.9554595229904826, 1.0)",1,99.0695015083409,41782
"(0.9318498265866688, 0.996078431372549)",1,99.06949391022856,41783
"(0.9236094950800832, 0.996078431372549)",1,99.06942188627806,41784
"(0.909722222222222, 0.996078431372549)",1,99.06920097083682,41785
"(0.9766612200435728, 1.0)",1,99.06918066354578,41786
"(0.8611111111111112, 1.0)",2,99.06911051961758,41788
"(0.8791208791208792, 1.0)",1,99.0689944233804,41789
"(0.9589484126984128, 1.0)",1,99.06897075636098,41790
"(0.957490630284748, 0.9879901960784314)",1,99.06892423881573,41791
"(0.9841269841269842, 1.0)",1,99.06890608680892,41792
"(0.992156862745098, 0.996078431372549)",1,99.0688069847822,41793
"(0.9168115942028986, 0.996078431372549)",1,99.06857018243144,41794
"(0.8813492063492063, 1.0)",1,99.06856663903932,41795
"(0.9027274557165862, 1.0)",1,99.068538986234,41796
"(0.9788235294117646, 0.996078431372549)",1,99.06852207746256,41797
"(0.9841269841269842, 1.0)",1,99.0685140335954,41798
"(0.8592532467532467, 1.0)",1,99.06845956590762,41799
"(0.9280112044817928, 0.996078431372549)",1,99.06842651667664,41800
"(0.9665319865319866, 0.996078431372549)",1,99.06835928874486,41801
"(0.8211986139845592, 0.9988651610017888)",3,99.06834532802009,41804
"(0.977218782249742, 0.996078431372549)",1,99.06827100125452,41805
"(0.9333333333333332, 1.0)",1,99.06825396825398,41806
"(0.9358798064680418, 0.996078431372549)",1,99.06812262355407,41807
"(0.8527777777777779, 1.0)",1,99.0679900508848,41808
"(0.9881481481481482, 0.996078431372549)",1,99.06796455264724,41809
"(0.7840187590187591, 1.0)",1,99.0679506368628,41810
"(0.8888888888888888, 1.0)",1,99.06793652779206,41811
"(0.9609224859534458, 0.996078431372549)",1,99.06790408418875,41812
"(0.909722222222222, 0.9916666666666668)",1,99.06788171408893,41813
"(0.9894736842105264, 0.996078431372549)",1,99.06781386630291,41814
"(0.8832772166105499, 1.0)",2,99.0677976344643,41816
"(0.8331144781144781, 0.996078431372549)",1,99.0677888435192,41817
"(0.9886710239651416, 0.996078431372549)",1,99.06772410979474,41818
"(0.7167919799498746, 1.0)",1,99.06764821252654,41819
"(0.9716219096334184, 0.996078431372549)",1,99.06758863933824,41820
"(0.9608220211161388, 0.996078431372549)",1,99.06756898907342,41821
"(0.9320397146712937, 0.996078431372549)",1,99.06736670937153,41822
"(0.9333333333333332, 1.0)",1,99.06734424995302,41823
"(0.9202401372212692, 1.0)",1,99.06730315131342,41824
"(0.7840187590187591, 1.0)",1,99.06720277361492,41825
"(0.9497685185185184, 1.0)",2,99.06714015151516,41827
"(0.8138881768037778, 0.996078431372549)",2,99.06710496435926,41829
"(0.8731060606060606, 1.0)",4,99.0670418905189,41833
"(0.9841269841269842, 1.0)",1,99.06686473735375,41834
"(0.896551724137931, 1.0)",1,99.0668258944122,41835
"(0.8078308130291714, 1.0)",2,99.06676667546016,41837
"(0.9800925925925926, 1.0)",1,99.06674597189304,41838
"(0.9886710239651416, 0.996078431372549)",1,99.06674508669886,41839
"(0.9248366013071896, 1.0)",2,99.0666501991166,41841
"(0.9925925925925926, 0.996078431372549)",1,99.06660815983332,41842
"(0.7782392026578072, 1.0)",1,99.06659770401164,41843
"(0.8109668109668109, 1.0)",1,99.06639295803382,41844
"(0.8748472964943552, 0.996078431372549)",1,99.06623833361938,41845
"(0.9641868969810148, 0.996078431372549)",1,99.06623788711778,41846
"(0.8888888888888888, 1.0)",1,99.0662167618992,41847
"(0.8373015873015873, 1.0)",1,99.06621413676535,41848
"(0.9491329966329968, 0.996078431372549)",1,99.06616837115048,41849
"(0.8157070897278975, 1.0)",1,99.0660182329052,41850
"(0.9466013071895424, 0.996078431372549)",1,99.06599631821014,41851
"(0.8666666666666667, 1.0)",1,99.06595264867563,41852
"(0.7162037037037038, 1.0)",1,99.06591165051348,41853
"(0.8376068376068376, 1.0)",1,99.06588142759804,41854
"(0.9104993386243384, 1.0)",1,99.06586705218643,41855
"(0.9766612200435728, 0.996078431372549)",2,99.06586459476196,41857
"(0.9289529914529916, 1.0)",1,99.06571962170428,41858
"(0.9365260121142476, 0.9925925925925926)",1,99.06553730354022,41859
"(0.9855521155830752, 0.996078431372549)",1,99.0655052197959,41860
"(0.9318498265866688, 0.996078431372549)",1,99.06549686643628,41861
"(0.9214340198321892, 1.0)",1,99.06548423250985,41862
"(0.9192251461988304, 0.996078431372549)",1,99.06543946473974,41863
"(0.8833628057765988, 1.0)",1,99.0654182843651,41864
"(0.9289529914529916, 1.0)",1,99.0653973634486,41865
"(0.9236094950800832, 0.996078431372549)",1,99.06537235812014,41866
"(0.9568181818181818, 0.996078431372549)",1,99.0651844042907,41867
"(0.9352372919478182, 0.9925925925925926)",2,99.06515059182136,41869
"(0.992156862745098, 0.996078431372549)",1,99.06500344321005,41870
"(0.909722222222222, 0.996078431372549)",1,99.064911492017,41871
"(0.9579248366013072, 0.996078431372549)",1,99.06482113058762,41872
"(0.977218782249742, 0.996078431372549)",1,99.06479890808748,41873
"(0.9497685185185184, 1.0)",1,99.06479828042328,41874
"(0.8813492063492063, 1.0)",1,99.0645837406652,41875
"(0.9272424525365702, 0.996078431372549)",1,99.06448779426994,41876
"(0.9691305469556244, 0.996078431372549)",1,99.0643899916594,41877
"(0.9605975723622784, 0.996078431372549)",1,99.06438758151616,41878
"(0.8771929824561403, 1.0)",1,99.06436476800758,41879
"(0.8897707231040564, 1.0)",1,99.0643227652648,41880
"(0.9399223139548216, 0.996078431372549)",1,99.06430613991007,41881
"(0.8051426383129855, 0.9992431021625652)",3,99.06427842984108,41884
"(0.9579248366013072, 0.996078431372549)",1,99.0642328952935,41885
"(0.9037076648841356, 0.996078431372549)",1,99.06419603736998,41886
"(0.7869981325863679, 1.0)",1,99.06418395289565,41887
"(0.909722222222222, 0.996078431372549)",1,99.06414931997124,41888
"(0.7167919799498746, 1.0)",1,99.06413781962029,41889
"(0.9919117647058824, 0.996078431372549)",1,99.06393219738504,41890
"(0.8635440917107585, 0.996078431372549)",1,99.06389297454396,41891
"(0.8439484126984128, 1.0)",1,99.06387848262848,41892
"(0.962458433665864, 0.996078431372549)",1,99.06375993375984,41893
"(0.8883205456095482, 1.0)",1,99.06375471733662,41894
"(0.8078308130291714, 1.0)",1,99.06374360011714,41895
"(0.9399138116785176, 0.996078431372549)",1,99.06369631213975,41896
"(0.9351326548694968, 0.996078431372549)",1,99.06369007553792,41897
"(0.8465418823841762, 1.0)",1,99.06367902915257,41898
"(0.9135802469135802, 1.0)",1,99.06365239698576,41899
"(0.9563713649711092, 0.996078431372549)",1,99.06361983745948,41900
"(0.6403503049675462, 1.0)",1,99.06358422425744,41901
"(0.9411376480416728, 0.996078431372549)",1,99.06354242833214,41902
"(0.9161018232999656, 0.996078431372549)",1,99.06352750222224,41903
"(0.8253968253968256, 1.0)",1,99.06343949638013,41904
"(0.9318498265866688, 0.996078431372549)",1,99.06340847241992,41905
"(0.9444444444444444, 1.0)",1,99.06339312861051,41906
"(0.9827450980392156, 0.996078431372549)",1,99.06324712541932,41907
"(0.9358798064680418, 0.996078431372549)",2,99.06320889973702,41909
"(0.9755757858699036, 0.996078431372549)",1,99.06315578298572,41910
"(0.9236094950800832, 0.996078431372549)",1,99.063061414974,41911
"(0.8889459760512393, 0.996078431372549)",2,99.06297754950188,41913
"(0.8897707231040564, 1.0)",1,99.0629652179614,41914
"(0.9171090534979424, 1.0)",1,99.0629566569255,41915
"(0.9605975723622784, 0.996078431372549)",1,99.0629172002464,41916
"(0.9542592592592593, 0.996078431372549)",1,99.06290031093248,41917
"(0.9248591174906964, 0.996078431372549)",1,99.0628804461221,41918
"(0.980582788671024, 0.996078431372549)",1,99.06287147979872,41919
"(0.9707143676183924, 0.996078431372549)",1,99.06281404325544,41920
"(0.8112491373360938, 1.0)",1,99.06274131754152,41921
"(0.9507101086048454, 1.0)",1,99.06261356802928,41922
"(0.914421596921597, 0.996078431372549)",2,99.06251195783786,41924
"(0.984313725490196, 0.996078431372549)",1,99.06250801977237,41925
"(0.9, 1.0)",1,99.06236506670716,41926
"(0.8889459760512393, 0.992156862745098)",1,99.06221226342733,41927
"(0.9615343915343916, 1.0)",1,99.06209231569052,41928
"(0.8873002904865649, 1.0)",1,99.06199304199384,41929
"(0.9047619047619048, 1.0)",1,99.0618967387583,41930
"(0.9248591174906964, 0.996078431372549)",1,99.06186751622292,41931
"(0.9047619047619048, 1.0)",2,99.06182795698923,41933
"(0.9047619047619048, 1.0)",2,99.06165739007692,41935
"(0.9023569023569024, 1.0)",2,99.0615571534302,41937
"(0.7162037037037038, 1.0)",1,99.06153190133452,41938
"(0.8129629629629629, 1.0)",1,99.06150446775447,41939
"(0.9726525054466232, 0.996078431372549)",1,99.06148655008566,41940
"(0.9919117647058824, 0.996078431372549)",1,99.06127729432464,41941
"(0.9466207660652104, 1.0)",1,99.06119121138032,41942
"(0.8888888888888888, 1.0)",1,99.06117354593115,41943
"(0.9497685185185184, 1.0)",1,99.06114906302406,41944
"(0.9855521155830752, 0.996078431372549)",1,99.06092986203898,41945
"(0.9592592592592591, 1.0)",1,99.06082724781956,41946
"(0.8046935824713601, 1.0)",1,99.06078688731466,41947
"(0.9037076648841356, 0.996078431372549)",2,99.06071029294932,41949
"(0.8888888888888888, 1.0)",1,99.0606695968489,41950
"(0.9236094950800832, 0.996078431372549)",1,99.0605983568663,41951
"(0.9803921568627452, 0.996078431372549)",1,99.06059584922606,41952
"(0.9792592592592592, 1.0)",1,99.06054384533545,41953
"(0.9047619047619048, 1.0)",2,99.0605197057371,41955
"(0.9855521155830752, 0.996078431372549)",1,99.06042308371332,41956
"(0.9841269841269842, 1.0)",1,99.0603077513086,41957
"(0.9327249496289745, 0.9925925925925926)",1,99.06026392779316,41958
"(0.8627450980392157, 1.0)",1,99.060153191661,41959
"(0.9882352941176472, 0.996078431372549)",1,99.06008344179034,41960
"(0.9318498265866688, 0.996078431372549)",2,99.06006812560234,41962
"(0.8762481299794732, 1.0)",1,99.06003197620382,41963
"(0.8714344685242518, 0.996078431372549)",1,99.06001117192127,41964
"(0.9696969696969696, 1.0)",1,99.06000976148046,41965
"(0.9866666666666668, 0.996078431372549)",1,99.0599940158274,41966
"(0.9620227038183696, 0.996078431372549)",1,99.05991543400988,41967
"(0.9342814048696402, 0.996078431372549)",1,99.05991077554054,41968
"(1.0, 1.0)",1,99.05980328738949,41969
"(0.8518518518518519, 1.0)",1,99.0597714825785,41970
"(0.9261349042540992, 0.996078431372549)",1,99.05973670927833,41971
"(0.8093516988062442, 0.998110291927316)",3,99.05973035935952,41974
"(0.9197362278244632, 0.996078431372549)",1,99.05959019280242,41975
"(0.9435693249631868, 0.992156862745098)",1,99.05958554611,41976
"(0.9704892057833234, 0.996078431372549)",1,99.05952217584762,41977
"(0.9018073680369506, 0.996078431372549)",1,99.0593485781694,41978
"(0.9591269841269842, 0.996078431372549)",1,99.05933433852034,41979
"(0.7826679910858535, 0.9992431021625652)",3,99.05929553655596,41982
"(0.9037076648841356, 0.996078431372549)",1,99.05927848578538,41983
"(0.9803921568627452, 0.996078431372549)",1,99.05899110877527,41984
"(0.9841269841269842, 1.0)",1,99.05891145891148,41985
"(0.962458433665864, 0.996078431372549)",1,99.05890009285524,41986
"(0.9135802469135802, 1.0)",2,99.05886150238976,41988
"(0.9194577352472088, 0.9841269841269842)",1,99.05885562632552,41989
"(0.9192180611357128, 1.0)",1,99.05877064253296,41990
"(0.9224211423699916, 1.0)",1,99.05871062449282,41991
"(0.879008834302952, 0.996078431372549)",1,99.05866955382524,41992
"(0.9333333333333332, 1.0)",1,99.05866180603024,41993
"(0.8051426383129855, 0.9996213816771112)",3,99.0586490355542,41996
"(0.8551296720061023, 1.0)",1,99.05856241459207,41997
"(1.0, 1.0)",1,99.05844155844156,41998
"(0.9142520753512132, 1.0)",2,99.05840164129,42000
"(0.9855521155830752, 0.996078431372549)",1,99.05836674285028,42001
"(1.0, 1.0)",1,99.0583052325548,42002
"(0.9342814048696402, 0.992156862745098)",1,99.05827205572604,42003
"(0.9019607843137254, 1.0)",1,99.05823119717542,42004
"(0.875, 1.0)",1,99.05821048321047,42005
"(0.8053221288515406, 1.0)",1,99.05817024691706,42006
"(0.7901800575136771, 0.9984875577410224)",1,99.05806740539144,42007
"(0.7167919799498746, 1.0)",1,99.05806182121977,42008
"(0.8616898148148148, 1.0)",1,99.05798254142395,42009
"(0.8468468468468467, 1.0)",1,99.05795795795795,42010
"(0.7777777777777776, 1.0)",1,99.05794055233083,42011
"(0.8592592592592593, 1.0)",3,99.05782073902816,42014
"(0.9803050108932462, 0.996078431372549)",1,99.05774283922662,42015
"(0.9421840958605664, 0.996078431372549)",1,99.0577310192626,42016
"(0.9333333333333332, 1.0)",1,99.057724240333,42017
"(0.9696969696969696, 1.0)",1,99.05765993265992,42018
"(0.9427450980392156, 0.996078431372549)",1,99.05763028341624,42019
"(0.8864468864468864, 1.0)",1,99.05757152133968,42020
"(0.896551724137931, 1.0)",2,99.05753917299722,42022
"(0.8897707231040564, 1.0)",1,99.05751470104296,42023
"(0.8803174603174604, 1.0)",1,99.05740440845707,42024
"(0.8831018518518517, 1.0)",1,99.05736689814816,42025
"(0.8897707231040564, 1.0)",2,99.0573327625826,42027
"(0.9003279610194903, 0.986574074074074)",1,99.05733213967036,42028
"(1.0, 1.0)",1,99.05722639933164,42029
"(0.9886710239651416, 0.9916666666666668)",1,99.05719355578483,42030
"(0.8627450980392157, 0.9696969696969696)",1,99.05717385768536,42031
"(0.8428707773135018, 0.9984875577410224)",1,99.0569721449952,42032
"(0.9339072354087834, 0.996078431372549)",1,99.05691463387774,42033
"(0.9641868969810148, 0.992156862745098)",2,99.0568786672562,42035
"(0.9803376906318084, 0.996078431372549)",1,99.05687372024848,42036
"(0.9280112044817928, 0.996078431372549)",1,99.05675490144554,42037
"(0.9194577352472088, 1.0)",1,99.05672514619884,42038
"(0.9763834422657952, 0.996078431372549)",1,99.05671860585524,42039
"(0.875, 0.9841269841269842)",2,99.05668991502333,42041
"(0.8264567669172932, 1.0)",1,99.05667355448702,42042
"(0.9272424525365702, 0.996078431372549)",1,99.0565743361101,42043
"(0.8635440917107585, 0.992156862745098)",1,99.05651127485416,42044
"(0.9554595229904826, 1.0)",1,99.0565014093114,42045
"(0.9466207660652104, 1.0)",1,99.05645935448128,42046
"(0.875, 1.0)",2,99.05645778000851,42048
"(0.8345959595959597, 1.0)",1,99.05645318483124,42049
"(0.932852564102564, 0.986574074074074)",2,99.05638460556548,42051
"(0.9565217391304348, 1.0)",1,99.05610062567467,42052
"(0.9579374057315234, 0.996078431372549)",1,99.05594906602752,42053
"(0.9449122174122172, 0.996078431372549)",1,99.0559356886974,42054
"(0.962458433665864, 0.996078431372549)",1,99.0559171580663,42055
"(0.9135802469135802, 1.0)",2,99.055898669232,42057
"(0.9916666666666668, 0.996078431372549)",1,99.05589859033968,42058
"(0.9047619047619048, 1.0)",2,99.0558852848708,42060
"(0.9264176245210728, 1.0)",2,99.05588230389648,42062
"(0.9365260121142476, 0.996078431372549)",1,99.05586192333702,42063
"(0.9619323671497584, 0.996078431372549)",1,99.05583388442564,42064
"(0.9855521155830752, 0.996078431372549)",1,99.05580118895,42065
"(0.9800599128540306, 0.996078431372549)",1,99.05579810851845,42066
"(0.9507101086048454, 1.0)",1,99.05579485556098,42067
"(0.8350168350168351, 1.0)",1,99.05578662441408,42068
"(0.8013468013468013, 1.0)",1,99.05571854071854,42069
"(0.875, 1.0)",1,99.05570184085366,42070
"(0.795803080252039, 0.9996213816771112)",3,99.05565123685145,42073
"(0.9369934640522876, 0.996078431372549)",1,99.05555393112422,42074
"(1.0, 1.0)",1,99.0554325641782,42075
"(0.9192251461988304, 0.996078431372549)",1,99.055338740246,42076
"(0.941156690746474, 0.992156862745098)",1,99.05528825820493,42077
"(0.980582788671024, 0.996078431372549)",1,99.0552711673357,42078
"(0.8138881768037778, 0.996078431372549)",1,99.05511631867478,42079
"(0.7455669330669331, 1.0)",6,99.05511388559344,42085
"(0.9841269841269842, 1.0)",1,99.0551026034897,42086
"(0.8897707231040564, 1.0)",1,99.05503205450484,42087
"(0.8714344685242518, 0.996078431372549)",1,99.0549564791363,42088
"(0.9886710239651416, 0.996078431372549)",2,99.05489584167118,42090
"(0.8562394622920938, 0.996078431372549)",1,99.05487905262676,42091
"(0.896551724137931, 1.0)",1,99.05482936267872,42092
"(0.896551724137931, 1.0)",2,99.05482438307205,42094
"(0.95536349042541, 0.996078431372549)",1,99.05481891399226,42095
"(0.926193260930103, 0.996078431372549)",1,99.05480024463454,42096
"(0.9427450980392156, 0.996078431372549)",1,99.05479081691168,42097
"(0.9380032206119162, 1.0)",1,99.05470149685164,42098
"(0.9466207660652104, 1.0)",1,99.05468598027814,42099
"(1.0, 1.0)",1,99.05464583725453,42100
"(0.9138847117794486, 0.996078431372549)",1,99.05463547000176,42101
"(0.8731060606060606, 1.0)",1,99.0546287865881,42102
"(0.8465418823841762, 1.0)",1,99.05458390695053,42103
"(0.8368686868686868, 1.0)",2,99.05458359631116,42105
"(0.9023569023569024, 1.0)",1,99.05453081540038,42106
"(0.8129898303922073, 1.0)",1,99.05452608036803,42107
"(0.9351258309591644, 1.0)",1,99.05444607384038,42108
"(1.0, 1.0)",1,99.05441582093891,42109
"(0.9816305469556244, 0.9886710239651416)",1,99.05432375874317,42110
"(0.9800599128540306, 0.996078431372549)",1,99.054275885793,42111
"(0.932852564102564, 1.0)",1,99.05411804310604,42112
"(0.5951421188630491, 1.0)",1,99.05409995559349,42113
"(0.8468468468468467, 1.0)",1,99.0540603024474,42114
"(0.9497685185185184, 1.0)",1,99.05394570707072,42115
"(0.7726400180668473, 1.0)",1,99.0538654602345,42116
"(0.8, 1.0)",1,99.05384134458544,42117
"(0.996078431372549, 0.996078431372549)",1,99.05379084951156,42118
"(0.8520449077786689, 1.0)",1,99.05375350768968,42119
"(1.0, 1.0)",1,99.0537404116352,42120
"(0.8562394622920938, 0.996078431372549)",1,99.05367459804566,42121
"(0.9261349042540992, 0.996078431372549)",1,99.05365082471808,42122
"(0.9770969498910674, 0.996078431372549)",1,99.05363477961764,42123
"(0.9855521155830752, 0.996078431372549)",1,99.05360480891947,42124
"(0.8831064306064307, 1.0)",1,99.05350896006814,42125
"(0.9879901960784314, 0.996078431372549)",1,99.0533367619654,42126
"(0.9444444444444444, 1.0)",1,99.05324979114468,42127
"(0.9047619047619048, 1.0)",1,99.05323890437585,42128
"(0.9444444444444444, 1.0)",1,99.0532020539996,42129
"(0.8172595660106253, 1.0)",1,99.05317758538152,42130
"(0.978144708175668, 0.9916666666666668)",1,99.05316234043508,42131
"(0.9018073680369506, 0.992156862745098)",1,99.05313360384504,42132
"(0.6796747967479675, 1.0)",1,99.05312357019672,42133
"(0.7460317460317459, 0.9841269841269842)",1,99.0531054910003,42134
"(0.8883205456095482, 1.0)",1,99.0531003275745,42135
"(0.8272210333213869, 1.0)",1,99.05302497165314,42136
"(0.896551724137931, 1.0)",1,99.053002362309,42137
"(0.914421596921597, 0.996078431372549)",2,99.0529490856582,42139
"(0.9919117647058824, 0.996078431372549)",1,99.0529041049774,42140
"(0.9497685185185184, 1.0)",1,99.05282574519708,42141
"(0.9269637391618816, 0.9925925925925926)",1,99.05280959563297,42142
"(0.940311437215462, 0.992156862745098)",1,99.05279092644136,42143
"(0.9812636165577342, 0.996078431372549)",1,99.0527683731796,42144
"(0.8163854689162486, 1.0)",1,99.05267704184575,42145
"(0.9763834422657952, 0.996078431372549)",1,99.05255193918858,42146
"(0.8817204301075269, 1.0)",1,99.05230973862788,42147
"(0.954722222222222, 0.996078431372549)",1,99.05220763027997,42148
"(0.9497685185185184, 1.0)",1,99.0521701388889,42149
"(0.5, 1.0)",2,99.05215340215344,42151
"(0.909722222222222, 0.996078431372549)",1,99.0521219377838,42152
"(0.9342814048696402, 0.996078431372549)",1,99.05207046949164,42153
"(0.9497685185185184, 1.0)",1,99.05200706178528,42154
"(0.8194672974084739, 1.0)",1,99.05196673834178,42155
"(0.9667927989909412, 0.996078431372549)",1,99.05188099910218,42156
"(0.9493720821661996, 0.996078431372549)",1,99.05184386620148,42157
"(0.8833628057765988, 1.0)",1,99.05174289708351,42158
"(0.9466207660652104, 1.0)",1,99.05171654174922,42159
"(0.9894736842105264, 0.996078431372549)",1,99.05163675603168,42160
"(0.9882352941176472, 0.996078431372549)",1,99.05135170442446,42161
"(0.992156862745098, 0.996078431372549)",1,99.05132589519972,42162
"(0.8312992626493769, 1.0)",1,99.05118576266918,42163
"(0.8731060606060606, 1.0)",1,99.05110513702016,42164
"(0.979656862745098, 0.996078431372549)",1,99.05106004390085,42165
"(0.8055555555555555, 1.0)",1,99.0510133019866,42166
"(0.875, 1.0)",1,99.05097606770208,42167
"(0.8082298900462964, 0.9973567708333332)",1,99.05094651910392,42168
"(0.8893558268973552, 1.0)",1,99.0508899297907,42169
"(0.8817204301075269, 1.0)",1,99.05068479907196,42170
"(1.0, 1.0)",1,99.05062259154214,42171
"(0.9916666666666668, 0.996078431372549)",1,99.05055790586,42172
"(0.5951421188630491, 1.0)",1,99.05054684143325,42173
"(0.9641868969810148, 0.996078431372549)",1,99.0505457416682,42174
"(0.9444444444444444, 1.0)",1,99.05048567179504,42175
"(0.896551724137931, 1.0)",1,99.05044502128068,42176
"(0.808641975308642, 1.0)",1,99.0504378138787,42177
"(0.9224211423699916, 1.0)",1,99.05034866869568,42178
"(0.9394676075558428, 0.996078431372549)",1,99.05031854507014,42179
"(0.9280112044817928, 0.992156862745098)",1,99.05014364676772,42180
"(0.8112794612794614, 1.0)",1,99.05005496114192,42181
"(1.0, 0.9841269841269842)",1,99.05002968046452,42182
"(0.9565217391304348, 1.0)",1,99.04996549344376,42183
"(0.9192251461988304, 0.996078431372549)",1,99.04981386715323,42184
"(0.906325536062378, 0.996078431372549)",1,99.04973773680668,42185
"(0.992156862745098, 0.996078431372549)",1,99.04961297486156,42186
"(0.8029920254433791, 0.9996213816771112)",1,99.0495888740356,42187
"(0.8712763475149724, 1.0)",1,99.0494786444691,42188
"(0.8013468013468013, 1.0)",2,99.04938177291125,42190
"(0.9641868969810148, 0.996078431372549)",1,99.0492965740468,42191
"(0.879008834302952, 0.996078431372549)",1,99.04926997251218,42192
"(0.896551724137931, 1.0)",1,99.04922127680749,42193
"(0.9731377053745476, 0.996078431372549)",1,99.0491759916597,42194
"(0.7763972156604769, 0.9996213816771112)",1,99.04909695497356,42195
"(0.7650293586269196, 1.0)",1,99.04903694693752,42196
"(0.8498168498168499, 1.0)",1,99.04898885065552,42197
"(0.7544006919006919, 1.0)",1,99.04887003545778,42198
"(0.883876357560568, 1.0)",2,99.04883404346027,42200
"(0.8417927170868348, 0.996078431372549)",1,99.04879071245624,42201
"(0.9841269841269842, 0.996078431372549)",1,99.048769031769,42202
"(0.9662707390648568, 0.996078431372549)",1,99.04872691217756,42203
"(0.9590970891280488, 0.996078431372549)",1,99.04871489506962,42204
"(0.9696969696969696, 1.0)",1,99.0486187457202,42205
"(0.9399138116785176, 0.9916666666666668)",1,99.04860862878644,42206
"(0.8231382557771446, 0.9992431021625652)",3,99.0485989324074,42209
"(0.9399138116785176, 0.996078431372549)",1,99.04845160938795,42210
"(0.909722222222222, 0.996078431372549)",1,99.04820036915632,42211
"(0.9023569023569024, 0.9841269841269842)",1,99.04805613066488,42212
"(0.896551724137931, 1.0)",1,99.04801318866656,42213
"(0.9333333333333332, 1.0)",1,99.04797979797986,42214
"(0.7869981325863679, 1.0)",1,99.04796577846189,42215
"(0.8299319727891157, 1.0)",1,99.04795293224686,42216
"(0.8803174603174604, 1.0)",1,99.04793074153524,42217
"(0.9769410044719642, 0.996078431372549)",1,99.04791135907035,42218
"(0.8832772166105499, 1.0)",1,99.04789802789804,42219
"(0.8831018518518517, 1.0)",1,99.04786532911533,42220
"(0.90934937783235, 0.996078431372549)",2,99.04770982142524,42222
"(0.9350548459681588, 0.996078431372549)",1,99.04769396009335,42223
"(0.8112794612794614, 1.0)",1,99.04766688625384,42224
"(0.9841269841269842, 1.0)",3,99.0476093386102,42227
"(1.0, 1.0)",1,99.04759914203888,42228
"(0.9568181818181818, 0.996078431372549)",1,99.04754052764116,42229
"(0.8405671296296295, 1.0)",1,99.0475396401438,42230
"(0.8023268511233748, 0.9984875577410224)",1,99.04752593759848,42231
"(0.9364583333333332, 1.0)",2,99.04750596802688,42233
"(0.984313725490196, 0.996078431372549)",1,99.04748261951268,42234
"(0.9261349042540992, 0.996078431372549)",2,99.04746442097084,42236
"(0.8622222222222222, 1.0)",1,99.0474481074481,42237
"(0.8888888888888888, 1.0)",2,99.04742168736416,42239
"(0.9696969696969696, 1.0)",1,99.04737532998402,42240
"(0.8415692007797271, 1.0)",1,99.0473565897481,42241
"(0.9306746031746032, 1.0)",1,99.04735205307516,42242
"(0.9493720821661996, 0.996078431372549)",1,99.04732226808852,42243
"(0.9847494553376906, 0.996078431372549)",1,99.04725190286784,42244
"(0.9363636363636364, 1.0)",1,99.04723750752736,42245
"(0.9589484126984128, 1.0)",1,99.04717691343028,42246
"(0.9651330532212884, 0.996078431372549)",1,99.04711537831528,42247
"(0.7400546757164405, 1.0)",1,99.04706609041943,42248
"(0.8092641398436843, 0.9996213816771112)",1,99.04705036933088,42249
"(0.984313725490196, 0.996078431372549)",1,99.04704585339388,42250
"(0.8958946706887884, 0.996078431372549)",1,99.04704520486484,42251
"(0.9925925925925926, 0.996078431372549)",2,99.04701712280334,42253
"(0.89, 1.0)",1,99.0469668471203,42254
"(0.8748472964943552, 0.992156862745098)",1,99.04693503837804,42255
"(0.9172932330827066, 1.0)",1,99.04691273638646,42256
"(0.9731377053745476, 0.996078431372549)",1,99.04690270053251,42257
"(0.8375771604938271, 1.0)",1,99.04687424007392,42258
"(0.896551724137931, 1.0)",1,99.04679394244594,42259
"(0.8544096942880128, 0.9984875577410224)",1,99.04672576921392,42260
"(0.9142520753512132, 1.0)",2,99.0467256860803,42262
"(0.958531746031746, 1.0)",1,99.04670858495328,42263
"(0.9342814048696402, 0.996078431372549)",1,99.04665995435089,42264
"(0.7097956086623647, 0.9996213816771112)",1,99.04648127162338,42265
"(0.9018073680369506, 0.996078431372549)",1,99.0464540453593,42266
"(0.9619323671497584, 0.996078431372549)",1,99.04645281235555,42267
"(0.9811403508771928, 0.996078431372549)",1,99.04635913897708,42268
"(0.9620227038183696, 0.996078431372549)",1,99.04633820745885,42269
"(0.8952380952380952, 1.0)",2,99.04621574078097,42271
"(1.0, 1.0)",1,99.04620254297674,42272
"(0.9230769230769232, 1.0)",1,99.04616494616498,42273
"(0.9289529914529916, 1.0)",1,99.04606482305644,42274
"(0.9399138116785176, 0.996078431372549)",1,99.04593783749893,42275
"(0.9047619047619048, 1.0)",1,99.04588319951525,42276
"(0.8264567669172932, 1.0)",1,99.04575219521894,42277
"(0.9192251461988304, 0.996078431372549)",2,99.0457420502852,42279
"(0.9879901960784314, 0.996078431372549)",1,99.04569356538757,42280
"(0.8635440917107585, 0.996078431372549)",1,99.04567360895994,42281
"(1.0, 1.0)",1,99.045670995671,42282
"(0.9135802469135802, 1.0)",1,99.0456611078274,42283
"(0.9589484126984128, 1.0)",1,99.0456304844776,42284
"(0.9019607843137254, 1.0)",1,99.0456237499518,42285
"(0.7765567765567766, 1.0)",1,99.04562104562105,42286
"(0.8627450980392157, 1.0)",1,99.04559743089156,42287
"(0.8350168350168351, 1.0)",1,99.04557375349378,42288
"(0.8844984255510572, 0.992156862745098)",1,99.045552702334,42289
"(0.9589484126984128, 1.0)",1,99.04532267831377,42290
"(0.8527777777777779, 1.0)",1,99.04519062808536,42291
"(0.9602089783281734, 0.996078431372549)",1,99.04501532227304,42292
"(0.9731377053745476, 0.9916666666666668)",1,99.0446899110521,42293
"(0.9691305469556244, 0.996078431372549)",1,99.0445921427502,42294
"(0.8833628057765988, 1.0)",1,99.04458192162808,42295
"(0.9168115942028986, 0.996078431372549)",2,99.04450368415267,42297
"(0.9292181620122796, 0.996078431372549)",1,99.04446340165498,42298
"(0.9230769230769232, 1.0)",1,99.04436664276484,42299
"(0.8527777777777779, 1.0)",1,99.0443560252384,42300
"(0.875, 1.0)",1,99.04425444925444,42301
"(0.9881481481481482, 0.996078431372549)",1,99.04412931135931,42302
"(0.9135802469135802, 1.0)",1,99.04407222352728,42303
"(0.8958946706887884, 0.996078431372549)",1,99.04406980748126,42304
"(0.9841269841269842, 1.0)",1,99.04401154401154,42305
"(0.900854700854701, 1.0)",1,99.04398424038472,42306
"(0.8888888888888888, 1.0)",1,99.04392041728654,42307
"(0.8571428571428572, 0.9841269841269842)",1,99.04390092490785,42308
"(0.9579248366013072, 0.996078431372549)",1,99.04389787397504,42309
"(0.6577092134050807, 0.9992431021625652)",3,99.0438918653213,42312
"(0.841554780802611, 1.0)",1,99.04367092451338,42313
"(0.9138847117794486, 0.996078431372549)",1,99.04365488878663,42314
"(0.9691305469556244, 0.996078431372549)",1,99.04361492391438,42315
"(0.9457936507936509, 0.996078431372549)",1,99.04358591993316,42316
"(0.8649128540305012, 0.996078431372549)",1,99.04354779357148,42317
"(0.8139235373908941, 1.0)",1,99.04352895909332,42318
"(0.9352372919478182, 0.9925925925925926)",1,99.04352062104331,42319
"(0.9047619047619048, 1.0)",1,99.04336152323768,42320
"(0.909209656084656, 1.0)",1,99.04334830774864,42321
"(0.8775418492304234, 1.0)",1,99.04331922695728,42322
"(0.9135802469135802, 1.0)",1,99.04320987654322,42323
"(0.7162037037037038, 1.0)",1,99.04313822751324,42324
"(0.8888888888888888, 1.0)",1,99.04310966810972,42325
"(0.8822954822954823, 1.0)",1,99.042990289644,42326
"(0.9192251461988304, 0.992156862745098)",1,99.04292373073376,42327
"(0.8600272232304901, 1.0)",2,99.0428465360498,42329
"(0.7455669330669331, 1.0)",1,99.04258660309397,42330
"(0.9503921568627453, 0.9925925925925926)",1,99.04257784985325,42331
"(0.8138881768037778, 0.996078431372549)",1,99.0424349559622,42332
"(0.9411376480416728, 0.996078431372549)",1,99.04241063958416,42333
"(0.9292181620122796, 0.996078431372549)",1,99.0423932177216,42334
"(0.90934937783235, 0.996078431372549)",1,99.04226628840522,42335
"(0.879008834302952, 0.996078431372549)",1,99.04215000771526,42336
"(0.9841269841269842, 1.0)",1,99.04209694329268,42337
"(0.9886710239651416, 0.996078431372549)",1,99.04199944987792,42338
"(0.996078431372549, 0.996078431372549)",1,99.04198079373542,42339
"(0.8635440917107585, 0.992156862745098)",2,99.04188770757033,42341
"(0.9351326548694968, 0.996078431372549)",1,99.04174440066171,42342
"(0.8888888888888888, 1.0)",1,99.04174025948842,42343
"(0.8053221288515406, 1.0)",1,99.04171798996136,42344
"(0.941156690746474, 0.996078431372549)",1,99.04168635044152,42345
"(1.0, 1.0)",2,99.0416632749966,42347
"(0.9037076648841356, 0.996078431372549)",1,99.04152957909056,42348
"(0.7167919799498746, 1.0)",1,99.04144403703822,42349
"(0.984504357298475, 0.9916666666666668)",1,99.0414042873794,42350
"(0.8112794612794614, 1.0)",1,99.04135990371284,42351
"(0.9841269841269842, 1.0)",1,99.04135234135234,42352
"(0.9696969696969696, 1.0)",1,99.0413195239282,42353
"(0.9813854489164088, 0.996078431372549)",1,99.04130987551336,42354
"(0.9351326548694968, 0.992156862745098)",1,99.04128463434908,42355
"(0.9427450980392156, 0.996078431372549)",1,99.04125823905149,42356
"(0.9879901960784314, 0.996078431372549)",1,99.04125386444495,42357
"(0.9886710239651416, 0.996078431372549)",1,99.04112076131516,42358
"(0.9272424525365702, 0.992156862745098)",1,99.0410703936012,42359
"(0.9886710239651416, 0.996078431372549)",1,99.04105709535284,42360
"(0.8635440917107585, 0.992156862745098)",1,99.04103735008611,42361
"(0.9342814048696402, 0.996078431372549)",1,99.04102534996042,42362
"(0.9882352941176472, 0.996078431372549)",1,99.04095881423498,42363
"(0.8117606922337879, 0.9996213816771112)",3,99.04086424523555,42366
"(0.875, 1.0)",1,99.04084564860428,42367
"(0.9213117283950616, 1.0)",1,99.04082004832192,42368
"(0.8622222222222222, 1.0)",2,99.04072893081025,42370
"(0.9697786951037723, 0.996078431372549)",1,99.04065408619608,42371
"(0.735042735042735, 1.0)",1,99.0405982905983,42372
"(0.9813854489164088, 1.0)",1,99.0405877260145,42373
"(0.9358798064680418, 0.996078431372549)",2,99.04042402353696,42375
"(0.9855521155830752, 0.996078431372549)",2,99.04036542051873,42377
"(0.7971704623878537, 0.992156862745098)",1,99.04026159539264,42378
"(0.9435178632856652, 0.996078431372549)",1,99.04024286375557,42379
"(0.7318376068376069, 1.0)",1,99.04014140852716,42380
"(0.978144708175668, 0.996078431372549)",1,99.04013630115114,42381
"(0.9665319865319866, 0.996078431372549)",1,99.0400939033632,42382
"(0.9466207660652104, 1.0)",1,99.04004765278748,42383
"(0.8448736477904788, 1.0)",1,99.04001265009964,42384
"(0.8281746031746032, 1.0)",1,99.03999624181075,42385
"(0.9135802469135802, 1.0)",1,99.03998717332054,42386
"(0.909722222222222, 0.996078431372549)",1,99.03988510715315,42387
"(0.75, 1.0)",1,99.03977664847233,42388
"(0.9230769230769232, 1.0)",1,99.03952421623325,42389
"(0.9059134765017116, 0.996078431372549)",1,99.03948554978496,42390
"(0.8250936948853616, 1.0)",1,99.03943880698324,42391
"(0.8571428571428572, 0.9841269841269842)",1,99.03942217203095,42392
"(0.8958946706887884, 0.992156862745098)",1,99.0394126158783,42393
"(0.875, 1.0)",1,99.03935550394486,42394
"(0.6403503049675462, 1.0)",2,99.03929652468597,42396
"(0.8900759734093067, 1.0)",2,99.039227885248,42398
"(0.9248366013071896, 1.0)",1,99.0392043124491,42399
"(0.8112794612794614, 1.0)",1,99.03920025809882,42400
"(0.976661220043573, 0.996078431372549)",1,99.0391845742007,42401
"(0.5951421188630491, 1.0)",1,99.03899389253324,42402
"(0.7834299165824063, 0.9992431021625652)",2,99.03889070153537,42404
"(0.9135802469135802, 1.0)",1,99.03886248921036,42405
"(0.9731377053745476, 0.9916666666666668)",1,99.03875219093482,42406
"(0.9056772399713576, 0.9925925925925926)",1,99.03862288021558,42407
"(0.9568181818181818, 0.996078431372549)",1,99.03860540670073,42408
"(0.8635440917107585, 0.996078431372549)",1,99.03858629008128,42409
"(0.7777777777777776, 1.0)",1,99.03857636616256,42410
"(0.9662707390648568, 0.996078431372549)",1,99.03857069329123,42411
"(0.9394676075558428, 0.996078431372549)",1,99.0384271383674,42412
"(0.8319664902998236, 1.0)",1,99.03824219326032,42413
"(0.9035155195681512, 0.996078431372549)",1,99.0380775954354,42414
"(0.8888888888888888, 1.0)",1,99.03800552923362,42415
"(0.5951421188630491, 1.0)",1,99.03793365788871,42416
"(0.8347084975931793, 0.9996213816771112)",1,99.03788521373043,42417
"(0.9811403508771928, 0.996078431372549)",1,99.03774802786596,42418
"(0.9816305469556244, 0.996078431372549)",2,99.03763362655,42420
"(0.864021164021164, 0.996078431372549)",1,99.03760999109622,42421
"(0.9192251461988304, 0.996078431372549)",1,99.0375991759884,42422
"(0.9602089783281734, 0.996078431372549)",1,99.03743139414216,42423
"(0.9615343915343916, 1.0)",1,99.03737332599177,42424
"(0.8468468468468467, 0.9841269841269842)",1,99.0373398778434,42425
"(0.8425925925925927, 0.9841269841269842)",1,99.03726400305356,42426
"(0.9507101086048454, 1.0)",1,99.03717598396123,42427
"(0.9517488164856586, 0.9925925925925926)",1,99.03702995055112,42428
"(0.9192251461988304, 0.996078431372549)",1,99.0370292240363,42429
"(0.8571024784182679, 0.996078431372549)",1,99.03702546854082,42430
"(0.875, 1.0)",1,99.03693399281634,42431
"(0.984504357298475, 0.992156862745098)",1,99.03692212557527,42432
"(0.97718610251118, 0.996078431372549)",1,99.03688843977665,42433
"(0.9696969696969696, 1.0)",2,99.0368579354088,42435
"(0.9289529914529916, 1.0)",1,99.03684241646076,42436
"(0.738764566779023, 0.9992431021625652)",1,99.03678853231835,42437
"(0.9816305469556244, 0.996078431372549)",2,99.0366664769278,42439
"(0.9333333333333332, 1.0)",1,99.03662324681817,42440
"(0.9399138116785176, 0.9916666666666668)",1,99.0365944839472,42441
"(0.914421596921597, 0.996078431372549)",1,99.0365411048075,42442
"(0.7679538574861384, 1.0)",1,99.03651659725776,42443
"(0.9847494553376906, 0.996078431372549)",1,99.036490228495,42444
"(0.9318498265866688, 0.992156862745098)",1,99.0364728356341,42445
"(0.8502976190476191, 1.0)",1,99.03647180137264,42446
"(0.9615343915343916, 1.0)",1,99.0364512900495,42447
"(0.9704892057833234, 0.996078431372549)",2,99.03639209415608,42449
"(0.9466013071895424, 0.996078431372549)",1,99.03638434712497,42450
"(0.9135802469135802, 1.0)",1,99.03628191800236,42451
"(0.819456287849504, 0.998110291927316)",1,99.03626634009042,42452
"(0.9104993386243384, 0.986574074074074)",1,99.03626036289052,42453
"(0.9565217391304348, 1.0)",1,99.03624090537988,42454
"(0.9202401372212692, 1.0)",2,99.03623306206728,42456
"(0.984967320261438, 0.996078431372549)",2,99.03620456369678,42458
"(0.896551724137931, 1.0)",1,99.0361846940307,42459
"(0.9682902108211704, 1.0)",1,99.03617321428366,42460
"(0.9886710239651416, 0.996078431372549)",1,99.03615273204824,42461
"(0.841554780802611, 1.0)",1,99.03614657417792,42462
"(0.9047619047619048, 1.0)",1,99.03613747713833,42463
"(0.9168115942028986, 0.992156862745098)",1,99.03609548787182,42464
"(0.9236094950800832, 0.996078431372549)",1,99.03607616866982,42465
"(0.9327249496289745, 0.9925925925925926)",1,99.03601524591512,42466
"(0.9667927989909412, 0.996078431372549)",1,99.03597547643363,42467
"(0.8518518518518519, 1.0)",1,99.03572050459924,42468
"(0.7608018781911015, 0.9992431021625652)",3,99.03571887596031,42471
"(0.9047619047619048, 1.0)",1,99.03566618566622,42472
"(0.9841269841269842, 1.0)",1,99.03565926826802,42473
"(0.8991666666666667, 1.0)",2,99.03565926692738,42475
"(0.9688764394646748, 0.996078431372549)",1,99.0355984616434,42476
"(0.978144708175668, 0.996078431372549)",1,99.0355620816521,42477
"(0.9444444444444444, 1.0)",1,99.0355428653301,42478
"(0.9807902108211706, 0.9879901960784314)",1,99.035513006372,42479
"(0.9696969696969696, 1.0)",1,99.03544233544234,42480
"(0.9688764394646748, 0.996078431372549)",1,99.03528240892108,42481
"(0.9764161220043572, 0.996078431372549)",1,99.03521520125967,42482
"(0.9882352941176472, 0.996078431372549)",1,99.03516690252782,42483
"(0.9224211423699916, 1.0)",1,99.03513092832692,42484
"(0.8312992626493769, 1.0)",1,99.03512505462255,42485
"(0.8817204301075269, 0.9841269841269842)",1,99.03505890226032,42486
"(0.9579248366013072, 0.996078431372549)",1,99.03498096645178,42487
"(0.9591269841269842, 0.996078431372549)",1,99.03492823711096,42488
"(0.8112491373360938, 1.0)",1,99.03486433341452,42489
"(0.6403503049675462, 1.0)",1,99.0348570908991,42490
"(0.8112491373360938, 1.0)",1,99.03484447718144,42491
"(0.9261349042540992, 0.996078431372549)",1,99.03479565616712,42492
"(0.9800599128540306, 0.996078431372549)",1,99.03479283898643,42493
"(0.9272424525365702, 0.996078431372549)",1,99.03478364211198,42494
"(0.9847494553376906, 0.996078431372549)",1,99.03475146198824,42495
"(0.9803376906318084, 0.996078431372549)",1,99.03472463450883,42496
"(0.7167919799498746, 1.0)",1,99.03470846767388,42497
"(0.8078308130291714, 1.0)",1,99.03450214488664,42498
"(0.9236094950800832, 0.996078431372549)",1,99.03447275228946,42499
"(0.9851851851851852, 0.996078431372549)",1,99.03438656901731,42500
"(0.9507101086048454, 1.0)",1,99.03437630821308,42501
"(1.0, 1.0)",1,99.0343642605012,42502
"(0.7840187590187591, 1.0)",1,99.03414722193024,42503
"(0.879008834302952, 0.996078431372549)",1,99.03412451230317,42504
"(0.7707924493038034, 1.0)",3,99.03403847510796,42507
"(0.9803921568627452, 0.996078431372549)",1,99.03399745278246,42508
"(0.90934937783235, 0.996078431372549)",1,99.03397211107315,42509
"(0.949436574204376, 1.0)",1,99.0339038307864,42510
"(0.7707924493038034, 1.0)",1,99.03389958621908,42511
"(0.875, 1.0)",1,99.0338701554018,42512
"(0.6856760145918833, 1.0)",1,99.03372741378296,42513
"(0.9333333333333332, 1.0)",1,99.033719440052,42514
"(0.9727743378052977, 0.996078431372549)",1,99.03368780230312,42515
"(0.954722222222222, 0.996078431372549)",1,99.03363633557154,42516
"(0.9816305469556244, 0.9916666666666668)",1,99.03363404111062,42517
"(0.9172932330827066, 1.0)",1,99.03358392314792,42518
"(0.9399223139548216, 0.996078431372549)",1,99.03357346301456,42519
"(0.9333333333333332, 0.9841269841269842)",1,99.03352729142206,42520
"(0.8635440917107585, 0.996078431372549)",1,99.03350263006254,42521
"(0.9755757858699036, 1.0)",1,99.0334800350132,42522
"(0.7267723599232863, 0.9996213816771112)",1,99.03327417394988,42523
"(0.683375104427736, 1.0)",1,99.03323087745795,42524
"(0.8571428571428572, 1.0)",1,99.03321463687595,42525
"(0.936026936026936, 0.9841269841269842)",1,99.03319321580196,42526
"(0.8977777777777779, 1.0)",1,99.03300366300364,42527
"(0.980582788671024, 0.996078431372549)",1,99.03295999708432,42528
"(0.9565217391304348, 1.0)",1,99.0329051552053,42529
"(0.9449122174122172, 0.996078431372549)",1,99.03285909587883,42530
"(0.8053221288515406, 1.0)",1,99.03283535636476,42531
"(0.8571024784182679, 0.996078431372549)",1,99.0327368573854,42532
"(1.0, 1.0)",1,99.03256503322646,42533
"(0.9615343915343916, 1.0)",1,99.03249912464986,42534
"(0.9879901960784314, 0.992156862745098)",1,99.03248566678128,42535
"(0.9427450980392156, 0.9916666666666668)",1,99.03237797118584,42536
"(0.8675136116152449, 1.0)",1,99.03237488922898,42537
"(0.87531328320802, 1.0)",1,99.032336523126,42538
"(0.984313725490196, 0.996078431372549)",1,99.03226955501636,42539
"(0.9333333333333332, 1.0)",1,99.03226593095016,42540
"(0.9615343915343916, 1.0)",1,99.03220050204423,42541
"(0.8252189403088706, 0.998110291927316)",1,99.032163176367,42542
"(0.9542023172905526, 0.996078431372549)",1,99.0321474384854,42543
"(0.9172045847248688, 0.996078431372549)",1,99.0320819044011,42544
"(0.8649128540305012, 0.996078431372549)",1,99.03203348608338,42545
"(0.9018073680369506, 0.996078431372549)",1,99.0320066543902,42546
"(0.9449122174122172, 0.996078431372549)",1,99.0319590562718,42547
"(0.9820662768031188, 1.0)",1,99.03192502792376,42548
"(0.8423371647509579, 1.0)",1,99.03182914202596,42549
"(0.9755757858699036, 1.0)",1,99.03181335686904,42550
"(0.9351258309591644, 1.0)",1,99.0317192162949,42551
"(0.9882352941176472, 0.996078431372549)",1,99.03168838226205,42552
"(0.909722222222222, 0.996078431372549)",1,99.03159112179355,42553
"(0.7982954545454546, 1.0)",2,99.03143028440498,42555
"(0.8571428571428572, 1.0)",1,99.03141565650186,42556
"(0.8803174603174604, 1.0)",1,99.03139816996269,42557
"(0.996078431372549, 0.996078431372549)",1,99.0312474006072,42558
"(0.841554780802611, 1.0)",1,99.03123776611628,42559
"(0.9037076648841356, 0.996078431372549)",1,99.03122567640676,42560
"(0.9351326548694968, 0.996078431372549)",1,99.03113325586254,42561
"(0.9135802469135802, 1.0)",1,99.0310534111347,42562
"(0.9738562091503268, 0.996078431372549)",1,99.03093529449572,42563
"(0.9886710239651416, 0.996078431372549)",1,99.03093295111988,42564
"(0.8108591618587594, 0.9977333631085306)",2,99.0308896783288,42566
"(0.9, 1.0)",1,99.03073782942208,42567
"(0.7400546757164405, 1.0)",1,99.03063404855388,42568
"(0.9579248366013072, 0.9916666666666668)",1,99.03046168600328,42569
"(0.8319664902998236, 1.0)",1,99.03030461020302,42570
"(0.9411376480416728, 0.996078431372549)",2,99.03029428720788,42572
"(0.9758605664488016, 0.996078431372549)",1,99.03017001431112,42573
"(0.9292181620122796, 0.996078431372549)",1,99.03009710815373,42574
"(0.9289529914529916, 1.0)",2,99.03009221234208,42576
"(1.0, 0.9696969696969696)",2,99.03008692863764,42578
"(0.8889459760512393, 0.996078431372549)",1,99.03004085823602,42579
"(0.9497685185185184, 1.0)",1,99.02986867846052,42580
"(0.9811403508771928, 0.996078431372549)",1,99.02979558278076,42581
"(0.9881481481481482, 0.996078431372549)",1,99.0297913919352,42582
"(0.9674603174603176, 0.9696969696969696)",1,99.02979122891404,42583
"(0.9224211423699916, 0.9841269841269842)",1,99.02978044972936,42584
"(0.8817204301075269, 1.0)",1,99.02968489939386,42585
"(1.0, 1.0)",1,99.02968241648416,42586
"(0.773034398034398, 1.0)",2,99.02962767839531,42588
"(0.8319664902998236, 1.0)",2,99.02947921226225,42590
"(0.8867623604465709, 0.9841269841269842)",1,99.02942979105524,42591
"(0.8832772166105499, 1.0)",1,99.02936371269703,42592
"(0.8148063759258677, 0.9996213816771112)",3,99.02921712539872,42595
"(0.9364583333333332, 1.0)",1,99.02919070737158,42596
"(0.8714344685242518, 0.996078431372549)",1,99.02911840214226,42597
"(0.9230769230769232, 1.0)",1,99.02901484480432,42598
"(0.5951421188630491, 1.0)",1,99.02893359908644,42599
"(0.875, 1.0)",1,99.02888132399012,42600
"(0.9449122174122172, 0.996078431372549)",1,99.02885701341452,42601
"(0.9827450980392156, 0.996078431372549)",1,99.0288452712294,42602
"(0.8705378705688304, 0.996078431372549)",1,99.02882832395235,42603
"(0.8520449077786689, 1.0)",1,99.0288266423534,42604
"(0.9292181620122796, 0.996078431372549)",2,99.02873619729668,42606
"(0.9135802469135802, 1.0)",1,99.02868985467424,42607
"(0.8817204301075269, 1.0)",1,99.02866607705316,42608
"(0.875, 1.0)",1,99.02860623781676,42609
"(0.8977777777777779, 1.0)",1,99.02860055276533,42610
"(0.7450665795206972, 0.9992431021625652)",1,99.02858463089164,42611
"(0.9411376480416728, 0.996078431372549)",1,99.02857916731482,42612
"(0.9542023172905526, 0.996078431372549)",1,99.0285668108634,42613
"(0.8571024784182679, 0.996078431372549)",1,99.02853068035716,42614
"(0.9886710239651416, 0.996078431372549)",1,99.02850599847928,42615
"(1.0, 0.996078431372549)",1,99.02849363857123,42616
"(0.9764161220043572, 0.996078431372549)",1,99.02846314761956,42617
"(0.8160542968256786, 0.9988651610017888)",3,99.0284379510674,42620
"(0.8571428571428572, 1.0)",1,99.02841430804897,42621
"(0.9037076648841356, 0.992156862745098)",1,99.02838036032284,42622
"(0.8817204301075269, 1.0)",1,99.02837874255536,42623
"(0.9444444444444444, 1.0)",1,99.0283758109845,42624
"(0.9230769230769232, 1.0)",1,99.0283496835221,42625
"(0.9452703058895008, 0.996078431372549)",1,99.02832589251231,42626
"(0.745720972551083, 1.0)",1,99.0282645602583,42627
"(0.9698658410732716, 0.996078431372549)",1,99.02824728758893,42628
"(0.9444444444444444, 1.0)",1,99.02821869488535,42629
"(0.9841269841269842, 1.0)",1,99.0282009692018,42630
"(0.9674603174603176, 1.0)",1,99.02814470413924,42631
"(0.8112794612794614, 1.0)",1,99.02801294460036,42632
"(0.6342508506903054, 1.0)",1,99.02799439703536,42633
"(0.9592592592592591, 1.0)",1,99.02792809042808,42634
"(0.9230769230769232, 1.0)",1,99.02782772782771,42635
"(0.909722222222222, 0.996078431372549)",1,99.02780148565662,42636
"(0.9342814048696402, 0.992156862745098)",1,99.02777907489802,42637
"(0.808641975308642, 1.0)",1,99.02774440859874,42638
"(0.9333333333333332, 1.0)",2,99.02771828561318,42640
"(0.9466013071895424, 0.996078431372549)",2,99.0276087844046,42642
"(0.7332191206630371, 1.0)",3,99.02760802575617,42645
"(0.978144708175668, 0.996078431372549)",2,99.0275509034023,42647
"(0.8527777777777779, 1.0)",1,99.02738095238097,42648
"(0.896551724137931, 1.0)",1,99.027379994544,42649
"(0.9738562091503268, 0.996078431372549)",1,99.02734352661469,42650
"(0.8425925925925927, 0.9841269841269842)",1,99.02717652717658,42651
"(0.9651330532212884, 0.996078431372549)",1,99.02713935388084,42652
"(0.9881481481481482, 0.996078431372549)",2,99.02713452079414,42654
"(0.8165889886629717, 0.9996213816771112)",1,99.0270780327732,42655
"(0.941156690746474, 0.996078431372549)",1,99.02702211641602,42656
"(0.8888888888888888, 1.0)",1,99.02701270817212,42657
"(0.9803376906318084, 0.996078431372549)",1,99.02695029670352,42658
"(0.9230769230769232, 1.0)",1,99.02690632530452,42659
"(0.977218782249742, 0.996078431372549)",1,99.0268670405546,42660
"(0.7628863889733455, 1.0)",1,99.02685902650302,42661
"(0.808641975308642, 1.0)",1,99.02650744522252,42662
"(0.97718610251118, 0.996078431372549)",1,99.02650506354048,42663
"(0.9916666666666668, 0.996078431372549)",1,99.02649924954711,42664
"(0.8439484126984128, 1.0)",1,99.0264813481396,42665
"(0.8107448107448106, 1.0)",1,99.02637275029603,42666
"(0.875, 1.0)",1,99.02615001168822,42667
"(0.965272331154684, 0.996078431372549)",1,99.02612816354608,42668
"(0.8791208791208792, 1.0)",1,99.02608900761076,42669
"(0.9754435107376284, 0.996078431372549)",1,99.02604824652576,42670
"(0.9172932330827066, 1.0)",1,99.02593455657008,42671
"(0.9882352941176472, 0.996078431372549)",1,99.025923584786,42672
"(1.0, 0.996078431372549)",1,99.02591193505371,42673
"(0.992156862745098, 0.996078431372549)",1,99.02583291868729,42674
"(0.8067271451483561, 1.0)",1,99.02582288821388,42675
"(0.9049532029717788, 0.9925925925925926)",1,99.02577522107455,42676
"(0.865079365079365, 1.0)",1,99.02574549782788,42677
"(1.0, 1.0)",1,99.02568303344164,42678
"(0.9216022408963586, 0.996078431372549)",1,99.02566880627506,42679
"(0.95536349042541, 0.996078431372549)",1,99.02560883185808,42680
"(0.90934937783235, 0.996078431372549)",2,99.02556807416428,42682
"(0.8311915850750934, 0.9973567708333332)",1,99.02554851789758,42683
"(0.9280112044817928, 0.992156862745098)",1,99.02545914309114,42684
"(0.9289529914529916, 1.0)",1,99.02545428661068,42685
"(0.808641975308642, 1.0)",1,99.0253705556528,42686
"(0.8666666666666667, 1.0)",2,99.02531620886242,42688
"(0.9766612200435728, 0.996078431372549)",1,99.0253159020354,42689
"(0.9380032206119162, 1.0)",1,99.0252986427348,42690
"(0.9047619047619048, 1.0)",2,99.0252582626542,42692
"(0.89, 1.0)",1,99.02524962657652,42693
"(0.5951421188630491, 1.0)",1,99.02524426253518,42694
"(0.8164607007575758, 0.998110291927316)",1,99.02521351635424,42695
"(0.879008834302952, 0.996078431372549)",1,99.02506436695846,42696
"(0.9179215969215968, 0.996078431372549)",1,99.02496156446486,42697
"(0.9568181818181818, 0.996078431372549)",1,99.024951986637,42698
"(0.9109477124183006, 1.0)",1,99.02491711958956,42699
"(0.8518518518518519, 1.0)",1,99.02488284593548,42700
"(0.9135802469135802, 1.0)",1,99.0248589927461,42701
"(0.9427450980392156, 0.992156862745098)",1,99.02483056257869,42702
"(0.875, 1.0)",1,99.02479847738468,42703
"(0.875, 1.0)",1,99.02478766397532,42704
"(0.9651330532212884, 0.996078431372549)",1,99.0247701022379,42705
"(0.9449965600275196, 0.9925925925925926)",1,99.02476633114456,42706
"(0.9135802469135802, 1.0)",1,99.02475949338694,42707
"(0.8958946706887884, 0.992156862745098)",1,99.02455462034575,42708
"(0.9816305469556244, 0.996078431372549)",1,99.02454908596228,42709
"(0.9444444444444444, 1.0)",2,99.02449965493444,42711
"(0.9230769230769232, 1.0)",1,99.02444556170047,42712
"(0.934644785450412, 0.996078431372549)",1,99.02442460086505,42713
"(0.8817204301075269, 1.0)",1,99.02437825723264,42714
"(0.976851851851852, 0.996078431372549)",1,99.02436275523098,42715
"(0.9168478260869564, 1.0)",2,99.02431726810538,42717
"(0.9192251461988304, 0.996078431372549)",1,99.02431258808004,42718
"(0.9203816738816738, 0.996078431372549)",1,99.0242616214534,42719
"(0.9230769230769232, 1.0)",1,99.02425553429788,42720
"(0.912041847041847, 0.9925925925925926)",1,99.02424418587782,42721
"(0.9261349042540992, 0.996078431372549)",2,99.02423058074687,42723
"(0.9399223139548216, 0.996078431372549)",1,99.0242284303346,42724
"(0.9037076648841356, 0.996078431372549)",1,99.02413027688056,42725
"(0.8686868686868687, 1.0)",1,99.023979915208,42726
"(0.7650293586269196, 1.0)",1,99.02390467180524,42727
"(0.8748472964943552, 0.996078431372549)",1,99.02387480598382,42728
"(0.9882352941176472, 0.996078431372549)",1,99.02384524500717,42729
"(0.896551724137931, 1.0)",1,99.02381555277478,42730
"(0.9023569023569024, 1.0)",1,99.02353247568008,42731
"(0.9358798064680418, 0.992156862745098)",1,99.0235260052982,42732
"(0.9755757858699036, 0.996078431372549)",1,99.0234410143996,42733
"(0.9497685185185184, 1.0)",1,99.0233352873978,42734
"(0.8771929824561403, 1.0)",1,99.02333462092616,42735
"(0.9667927989909412, 0.996078431372549)",2,99.02327251838877,42737
"(0.8319664902998236, 1.0)",1,99.0232450045885,42738
"(0.9816305469556244, 0.9916666666666668)",1,99.02311403508764,42739
"(0.9881481481481482, 0.996078431372549)",1,99.02311192239424,42740
"(0.8518518518518519, 1.0)",1,99.0230666040624,42741
"(0.7863382439154842, 1.0)",3,99.02300958687417,42744
"(0.9047619047619048, 1.0)",1,99.02299849767432,42745
"(0.6470588235294118, 1.0)",1,99.02296069943128,42746
"(0.8586378737541528, 1.0)",2,99.02294553106626,42748
"(0.9841269841269842, 1.0)",2,99.02292644836196,42750
"(0.8586378737541528, 1.0)",2,99.02289906721931,42752
"(0.8129629629629629, 1.0)",1,99.02289286507512,42753
"(0.8814968814968815, 1.0)",1,99.02288024231537,42754
"(0.8897707231040564, 1.0)",1,99.02282748116085,42755
"(0.8883205456095482, 1.0)",1,99.0228193135416,42756
"(0.9841269841269842, 1.0)",1,99.02280160794652,42757
"(0.9641868969810148, 0.996078431372549)",1,99.02278506174004,42758
"(0.8600272232304901, 1.0)",1,99.02274710738854,42759
"(0.9248591174906964, 0.996078431372549)",2,99.02272389780414,42761
"(0.909722222222222, 0.992156862745098)",1,99.02265995872008,42762
"(0.8330439814814815, 1.0)",2,99.02262805481556,42764
"(0.8425925925925927, 1.0)",1,99.022517291138,42765
"(0.9881481481481482, 0.996078431372549)",1,99.02248048820816,42766
"(0.9542023172905526, 0.996078431372549)",1,99.02246435954184,42767
"(0.8498168498168498, 1.0)",1,99.02242792097864,42768
"(0.8082298900462964, 0.9992431021625652)",3,99.02218546661588,42771
"(0.992156862745098, 0.996078431372549)",1,99.02215751968868,42772
"(0.9264176245210728, 1.0)",1,99.02215264045098,42773
"(0.9445350241545892, 1.0)",1,99.02215198443758,42774
"(0.7802426859150761, 0.9973567708333332)",1,99.02212341855416,42775
"(0.914421596921597, 0.996078431372549)",1,99.02210810694665,42776
"(0.9135802469135802, 1.0)",1,99.0220093711322,42777
"(0.8051426383129855, 0.9984875577410224)",1,99.02198200557008,42778
"(0.8635440917107585, 0.996078431372549)",1,99.02188438970988,42779
"(0.8915343915343915, 1.0)",1,99.02182286217432,42780
"(0.7933602929533341, 0.9973567708333332)",1,99.0218087190079,42781
"(0.9803376906318084, 0.996078431372549)",1,99.02175746930396,42782
"(0.6470588235294118, 1.0)",1,99.02151769798829,42783
"(0.9565217391304348, 1.0)",1,99.02145680406556,42784
"(0.9696969696969696, 1.0)",1,99.02136019009085,42785
"(0.8888888888888888, 1.0)",1,99.02135642135642,42786
"(0.9399223139548216, 0.996078431372549)",2,99.02134375972626,42788
"(0.95536349042541, 0.996078431372549)",2,99.02123941972152,42790
"(0.9816305469556244, 0.996078431372549)",2,99.02123885053663,42792
"(1.0, 1.0)",2,99.02123802123802,42794
"(0.914421596921597, 0.996078431372549)",1,99.02117255230236,42795
"(0.9192251461988304, 0.996078431372549)",1,99.02109378999944,42796
"(0.8448736477904788, 1.0)",2,99.02108552724712,42798
"(0.9841269841269842, 1.0)",1,99.02081252081253,42799
"(0.9350548459681588, 0.9925925925925926)",1,99.0205836689968,42800
"(0.9280112044817928, 0.996078431372549)",1,99.02044380971638,42801
"(0.9236094950800832, 0.992156862745098)",1,99.0204074084481,42802
"(0.5, 1.0)",4,99.0204073704074,42806
"(0.8142769320712446, 0.9988651610017888)",1,99.02031585512395,42807
"(0.8925865800865801, 1.0)",2,99.02026381595006,42809
"(0.7982954545454546, 1.0)",1,99.02025536645635,42810
"(0.8748472964943552, 0.996078431372549)",1,99.02024297680931,42811
"(0.9731377053745476, 0.996078431372549)",1,99.02001505975988,42812
"(0.7996201329534663, 1.0)",1,99.01998825761945,42813
"(0.8592532467532467, 1.0)",1,99.01997166606542,42814
"(0.9272424525365702, 0.996078431372549)",1,99.01995362884418,42815
"(0.9840686274509804, 0.996078431372549)",1,99.01994048648164,42816
"(0.896551724137931, 1.0)",1,99.0199310228246,42817
"(0.9444444444444444, 1.0)",1,99.01987284745906,42818
"(0.9840686274509804, 0.996078431372549)",1,99.0197575339421,42819
"(0.9037076648841356, 0.992156862745098)",1,99.01974546469752,42820
"(0.9018073680369506, 0.996078431372549)",1,99.01968526953864,42821
"(0.9018073680369506, 0.996078431372549)",1,99.01960941036512,42822
"(0.8393402428317523, 1.0)",1,99.01952999954447,42823
"(0.8206821478088081, 0.9996213816771112)",2,99.01945559170215,42825
"(0.865079365079365, 1.0)",1,99.01939285740625,42826
"(0.9023569023569024, 1.0)",1,99.01936756775468,42827
"(0.879008834302952, 0.996078431372549)",1,99.01923082731308,42828
"(0.8521317829457364, 1.0)",1,99.01906647173293,42829
"(0.9087026014109348, 1.0)",1,99.01887724727185,42830
"(0.7863382439154842, 0.9977333631085306)",1,99.0188182719194,42831
"(0.8502976190476191, 1.0)",1,99.01879253071417,42832
"(0.9742231395482168, 0.996078431372549)",1,99.01868051850823,42833
"(0.9674603174603176, 1.0)",1,99.01861257227394,42834
"(0.8469839324618735, 1.0)",2,99.01861022283816,42836
"(0.8888888888888888, 1.0)",1,99.01858852839248,42837
"(0.9808278867102396, 0.996078431372549)",1,99.01847069008144,42838
"(0.9399138116785176, 0.996078431372549)",1,99.01839698112931,42839
"(0.865079365079365, 1.0)",1,99.01832874932455,42840
"(0.980582788671024, 0.996078431372549)",1,99.0183231531063,42841
"(0.8952020202020202, 0.986574074074074)",1,99.01819984286873,42842
"(0.9135802469135802, 1.0)",1,99.01819785153118,42843
"(0.8477297895902548, 1.0)",1,99.01813280586222,42844
"(0.8339307048984469, 1.0)",1,99.01804825764344,42845
"(0.9731377053745476, 0.996078431372549)",2,99.01795480573496,42847
"(0.91484126984127, 0.9925925925925926)",1,99.01776524644929,42848
"(0.9272424525365702, 0.996078431372549)",1,99.01775428138484,42849
"(0.9047619047619048, 1.0)",1,99.01772934872514,42850
"(0.8970659722222223, 1.0)",2,99.01771701157624,42852
"(0.8958946706887884, 0.996078431372549)",1,99.01771628785023,42853
"(0.9172932330827066, 1.0)",1,99.0177133547484,42854
"(0.90934937783235, 0.996078431372549)",1,99.01763174909348,42855
"(0.9882352941176472, 0.996078431372549)",1,99.01760251179746,42856
"(0.9788235294117646, 0.996078431372549)",1,99.01739119200604,42857
"(0.96687615217027, 0.992156862745098)",1,99.01733950575256,42858
"(0.9333333333333332, 1.0)",1,99.01729138070604,42859
"(0.9841269841269842, 1.0)",1,99.01721978053028,42860
"(0.9230769230769232, 1.0)",1,99.01720654530426,42861
"(0.9674603174603176, 1.0)",1,99.0172018484948,42862
"(0.909722222222222, 0.992156862745098)",1,99.01716492756016,42863
"(0.9803376906318084, 0.996078431372549)",1,99.0171561636416,42864
"(0.8547544409613373, 1.0)",1,99.01715193202016,42865
"(0.9565217391304348, 1.0)",1,99.01713198234938,42866
"(0.8904991948470209, 1.0)",1,99.01706576329002,42867
"(0.7531157108158522, 0.9992431021625652)",3,99.01692635261288,42870
"(0.9866666666666668, 0.996078431372549)",1,99.016901895261,42871
"(0.976623544154504, 1.0)",1,99.01687147567029,42872
"(0.5, 1.0)",2,99.01675485008818,42874
"(0.9047619047619048, 1.0)",1,99.01672771672784,42875
"(0.9407729468599032, 1.0)",1,99.01669436725064,42876
"(0.909209656084656, 1.0)",2,99.01667189705134,42878
"(0.9816305469556244, 0.996078431372549)",1,99.01664616719852,42879
"(0.9641868969810148, 0.996078431372549)",1,99.01664152482174,42880
"(0.9197362278244632, 0.992156862745098)",1,99.01650573716748,42881
"(0.980582788671024, 0.996078431372549)",1,99.016467487048,42882
"(0.9236094950800832, 0.996078431372549)",1,99.016466590685,42883
"(0.8888888888888888, 1.0)",1,99.01641937733892,42884
"(0.9109477124183006, 1.0)",1,99.01636235082528,42885
"(0.9490178437546858, 0.996078431372549)",1,99.01629644206272,42886
"(0.7664631120627219, 0.9988651610017888)",1,99.01629049312616,42887
"(0.936026936026936, 1.0)",1,99.01623936598192,42888
"(0.9019607843137254, 1.0)",1,99.016136785881,42889
"(0.9333333333333332, 1.0)",1,99.01612097401572,42890
"(0.9413468013468014, 0.996078431372549)",1,99.01607050641093,42891
"(0.9691305469556244, 0.996078431372549)",1,99.01603416576404,42892
"(0.9879901960784314, 0.996078431372549)",1,99.01593845271104,42893
"(0.9881481481481482, 0.996078431372549)",1,99.01590794797436,42894
"(0.8748472964943552, 0.996078431372549)",1,99.01590301101906,42895
"(0.9019607843137254, 1.0)",2,99.01589813814012,42897
"(0.9407729468599032, 1.0)",2,99.0157412604604,42899
"(0.879008834302952, 0.996078431372549)",1,99.0156286885998,42900
"(0.9886710239651416, 0.996078431372549)",2,99.01560169863464,42902
"(0.9135802469135802, 1.0)",1,99.015569307236,42903
"(0.9565217391304348, 1.0)",2,99.01538033839152,42905
"(0.8221540641967422, 0.9992431021625652)",3,99.0153503479866,42908
"(0.7817399176112345, 0.9977333631085306)",1,99.01527350381876,42909
"(0.875, 1.0)",1,99.01526392287263,42910
"(0.941156690746474, 0.992156862745098)",1,99.01524799128234,42911
"(0.9384803921568629, 0.9925925925925926)",1,99.01521702570324,42912
"(0.9759803921568628, 0.996078431372549)",1,99.01509533005648,42913
"(0.8402777777777779, 1.0)",1,99.01508956019828,42914
"(0.978144708175668, 0.996078431372549)",1,99.01501588551184,42915
"(0.9466207660652104, 1.0)",1,99.01498104378032,42916
"(0.9602089783281734, 0.996078431372549)",1,99.01498019495716,42917
"(0.992156862745098, 0.996078431372549)",1,99.01494255895182,42918
"(0.8113700237820031, 0.9996213816771112)",1,99.01488565212644,42919
"(0.8468468468468467, 1.0)",2,99.01488265590535,42921
"(0.9135802469135802, 1.0)",1,99.01474719590668,42922
"(0.7777777777777776, 1.0)",1,99.01470475468774,42923
"(0.875, 0.9841269841269842)",1,99.01468747302089,42924
"(0.9236094950800832, 0.992156862745098)",1,99.01462042613797,42925
"(0.8319664902998236, 1.0)",3,99.01459601336228,42928
"(0.9449965600275196, 0.9925925925925926)",1,99.01450650695932,42929
"(0.8338275775775775, 1.0)",1,99.01446535876728,42930
"(0.9925925925925926, 0.996078431372549)",1,99.01442270848388,42931
"(0.9847494553376906, 0.996078431372549)",1,99.01441071971274,42932
"(0.8888888888888888, 1.0)",1,99.01432382023272,42933
"(1.0, 1.0)",1,99.01430487118893,42934
"(0.9047619047619048, 1.0)",1,99.01406380179964,42935
"(0.9386724386724388, 1.0)",1,99.01394268499531,42936
"(0.9320397146712937, 0.992156862745098)",1,99.013935829517,42937
"(0.9800599128540306, 0.996078431372549)",1,99.013930723273,42938
"(0.9466207660652104, 1.0)",1,99.01387753822004,42939
"(0.8611111111111112, 1.0)",1,99.0138582432274,42940
"(0.9466207660652104, 1.0)",1,99.01381742220676,42941
"(0.8465418823841762, 1.0)",1,99.0137228247772,42942
"(0.8897707231040564, 1.0)",1,99.01371553164287,42943
"(0.9465811965811968, 1.0)",1,99.0136139201505,42944
"(0.8402777777777779, 1.0)",1,99.01359842053814,42945
"(0.984504357298475, 0.996078431372549)",1,99.01351900870236,42946
"(0.7973856209150327, 1.0)",1,99.01344446037206,42947
"(0.9565217391304348, 1.0)",1,99.0133907959995,42948
"(0.824949763130715, 0.998110291927316)",1,99.01337013418517,42949
"(0.932852564102564, 1.0)",1,99.01332622990569,42950
"(0.9886710239651416, 0.996078431372549)",1,99.0132474387031,42951
"(0.9018073680369506, 0.996078431372549)",1,99.01321419101431,42952
"(0.9855521155830752, 0.996078431372549)",1,99.01320991394525,42953
"(0.8686868686868687, 1.0)",1,99.01313217849948,42954
"(0.9507101086048454, 1.0)",1,99.0128628139512,42955
"(1.0, 1.0)",1,99.0128427128427,42956
"(0.9541729732828804, 0.996078431372549)",1,99.01282372324252,42957
"(0.9, 1.0)",1,99.01280413056728,42958
"(0.9289529914529916, 1.0)",1,99.01268367353744,42959
"(0.9568181818181818, 0.996078431372549)",1,99.01266465502556,42960
"(0.896551724137931, 1.0)",2,99.0126416586422,42962
"(0.9755757858699036, 0.996078431372549)",1,99.0126147501784,42963
"(0.936026936026936, 1.0)",1,99.01258715519587,42964
"(0.984313725490196, 0.996078431372549)",1,99.01251279669135,42965
"(0.9638854489164088, 0.996078431372549)",1,99.0123032230647,42966
"(0.9615343915343916, 1.0)",1,99.01226923176678,42967
"(0.9255470304063654, 0.996078431372549)",1,99.0122610785988,42968
"(0.8714344685242518, 0.996078431372549)",1,99.01224759181532,42969
"(0.9427450980392156, 0.996078431372549)",1,99.01221497106924,42970
"(0.9399223139548216, 0.9916666666666668)",1,99.0122063241386,42971
"(0.8264567669172932, 1.0)",1,99.01217388707748,42972
"(0.9766612200435728, 0.996078431372549)",1,99.01213527923248,42973
"(1.0, 0.996078431372549)",1,99.01207565941104,42974
"(0.9604470735662686, 0.996078431372549)",1,99.01202628648328,42975
"(0.9189473684210526, 0.9925925925925926)",2,99.01199394803092,42977
"(0.6138171611868485, 1.0)",1,99.01198039279058,42978
"(0.9391865079365078, 1.0)",1,99.01194823867968,42979
"(1.0, 1.0)",1,99.0119155838534,42980
"(0.9600584795321636, 0.9925925925925926)",1,99.01179614016284,42981
"(0.9879901960784314, 0.996078431372549)",1,99.01179534295126,42982
"(0.9750257997936016, 0.996078431372549)",1,99.01176620621662,42983
"(0.8562650131277584, 1.0)",1,99.01175805855657,42984
"(0.8888888888888888, 1.0)",1,99.01165793271056,42985
"(0.9087026014109348, 1.0)",1,99.0116491118646,42986
"(0.978144708175668, 0.996078431372549)",1,99.01162683420736,42987
"(0.9816305469556244, 0.996078431372549)",1,99.01162627305058,42988
"(0.8368686868686868, 1.0)",1,99.01158380549246,42989
"(0.9327096052096052, 1.0)",1,99.0115259399083,42990
"(0.9742002063983488, 0.996078431372549)",1,99.01145934822652,42991
"(0.9135802469135802, 1.0)",1,99.01143218398974,42992
"(0.7555555555555554, 1.0)",1,99.01131187652928,42993
"(0.9696969696969696, 1.0)",1,99.01123653986856,42994
"(0.9665319865319866, 0.996078431372549)",1,99.01117970261733,42995
"(0.8468468468468467, 1.0)",1,99.01117334160811,42996
"(0.9358798064680418, 0.996078431372549)",1,99.01115375021736,42997
"(0.6156045751633987, 1.0)",1,99.01113396408304,42998
"(0.875, 1.0)",1,99.01111322993476,42999
"(0.9261349042540992, 0.996078431372549)",1,99.01111176634411,43000
"(0.90934937783235, 0.996078431372549)",1,99.01110279101782,43001
"(0.8571428571428572, 1.0)",1,99.01109737841465,43002
"(0.8897707231040564, 1.0)",2,99.01109137325771,43004
"(0.9445350241545892, 1.0)",1,99.01108376596764,43005
"(0.976851851851852, 0.996078431372549)",2,99.01107308039164,43007
"(0.8627450980392157, 1.0)",1,99.01091670962546,43008
"(0.8958946706887884, 0.996078431372549)",1,99.01087525196984,43009
"(0.9230116959064328, 0.996078431372549)",1,99.01087468517038,43010
"(0.8498168498168499, 0.9841269841269842)",1,99.01084471084482,43011
"(0.9363636363636364, 1.0)",1,99.01082682102172,43012
"(0.996078431372549, 1.0)",1,99.01082177979184,43013
"(0.7730247845946226, 0.9992431021625652)",1,99.0107327107368,43014
"(0.9855521155830752, 0.996078431372549)",1,99.01066743284242,43015
"(0.9738562091503268, 0.996078431372549)",1,99.01062038265611,43016
"(0.8627450980392157, 1.0)",1,99.01047237076648,43017
"(0.9467538126361656, 0.992156862745098)",1,99.01041896134738,43018
"(0.9230769230769232, 1.0)",2,99.01036282558022,43020
"(0.8873002904865649, 1.0)",1,99.01029856831089,43021
"(0.8319664902998236, 1.0)",1,99.01019986521798,43022
"(0.9591269841269842, 0.996078431372549)",1,99.0099769849461,43023
"(0.9769410044719642, 0.996078431372549)",1,99.00988425961248,43024
"(0.9803376906318084, 0.996078431372549)",1,99.0098521888615,43025
"(0.8288330592122024, 0.998110291927316)",1,99.0098028302931,43026
"(0.9696969696969696, 1.0)",1,99.00971399821977,43027
"(0.9047619047619048, 1.0)",1,99.00970608339028,43028
"(0.9189473684210526, 0.996078431372549)",1,99.00952857038638,43029
"(0.8977777777777779, 1.0)",1,99.00946014575312,43030
"(0.919047619047619, 1.0)",1,99.00921550972704,43031
"(0.896551724137931, 1.0)",1,99.0090779526062,43032
"(0.9230769230769232, 1.0)",2,99.00904760553884,43034
"(0.992156862745098, 0.996078431372549)",1,99.00903712607494,43035
"(0.8571024784182679, 0.996078431372549)",1,99.008966330081,43036
"(0.8627450980392157, 1.0)",1,99.00892965057052,43037
"(0.9803921568627452, 0.996078431372549)",1,99.00892177694897,43038
"(0.9916666666666668, 0.996078431372549)",1,99.00886899907822,43039
"(0.9035155195681512, 0.9925925925925926)",2,99.00885165402175,43041
"(0.8067271451483561, 1.0)",1,99.0088276915787,43042
"(0.8635440917107585, 0.996078431372549)",1,99.00879288676109,43043
"(0.9886710239651416, 0.996078431372549)",1,99.0086917569932,43044
"(0.9847494553376906, 0.996078431372549)",1,99.00846818736689,43045
"(0.8714344685242518, 0.996078431372549)",1,99.0084595428367,43046
"(0.9641868969810148, 0.996078431372549)",1,99.00843730114634,43047
"(0.984313725490196, 0.996078431372549)",1,99.00843212263322,43048
"(0.8518518518518519, 1.0)",1,99.00837278381138,43049
"(0.8925865800865801, 1.0)",1,99.00835671043131,43050
"(0.9289529914529916, 1.0)",2,99.00816410771768,43052
"(0.9264176245210728, 1.0)",2,99.00805618272211,43054
"(0.992156862745098, 0.996078431372549)",1,99.0079352667936,43055
"(0.8429085746158916, 1.0)",1,99.0079218396839,43056
"(0.941156690746474, 0.996078431372549)",1,99.0079112068454,43057
"(0.7971704623878537, 0.996078431372549)",1,99.00765391243688,43058
"(0.9197362278244632, 0.996078431372549)",1,99.00752753029016,43059
"(0.9056772399713576, 0.9925925925925926)",1,99.00752057379594,43060
"(0.7803531394316494, 0.9992431021625652)",1,99.00751291460216,43061
"(0.9391865079365078, 1.0)",1,99.00736247645705,43062
"(0.978144708175668, 0.996078431372549)",2,99.0072983311642,43064
"(0.9023569023569024, 1.0)",1,99.007296208824,43065
"(0.9109477124183006, 1.0)",1,99.00729210876275,43066
"(0.8129629629629629, 1.0)",1,99.00726942827843,43067
"(0.957490630284748, 0.996078431372549)",1,99.0070802190847,43068
"(0.984313725490196, 0.996078431372549)",1,99.00705592320789,43069
"(0.9840686274509804, 0.996078431372549)",1,99.00698085081966,43070
"(0.9427450980392156, 0.992156862745098)",1,99.0068941460755,43071
"(0.9769410044719642, 0.996078431372549)",2,99.00684237503124,43073
"(0.9841269841269842, 1.0)",1,99.0067157259428,43074
"(0.8635440917107585, 0.996078431372549)",2,99.00657295569188,43076
"(0.9651330532212884, 0.996078431372549)",1,99.00653701875268,43077
"(0.794853421848428, 0.9988651610017888)",3,99.00642376136727,43080
"(0.9807902108211706, 0.996078431372549)",1,99.0063457027637,43081
"(0.9763834422657952, 0.996078431372549)",1,99.00623850517968,43082
"(0.8714344685242518, 0.996078431372549)",1,99.006229204758,43083
"(0.9763834422657952, 0.996078431372549)",1,99.00622478698337,43084
"(0.7971704623878537, 0.996078431372549)",1,99.00622005690012,43085
"(0.9427450980392156, 0.996078431372549)",1,99.00620885233208,43086
"(0.91484126984127, 0.996078431372549)",1,99.00619624864972,43087
"(0.8330439814814815, 1.0)",1,99.0061035366606,43088
"(1.0, 0.996078431372549)",1,99.00609626656934,43089
"(0.8817204301075269, 1.0)",1,99.00608007757936,43090
"(0.9855521155830752, 0.996078431372549)",1,99.00607584929328,43091
"(0.9841269841269842, 1.0)",1,99.00592153054478,43092
"(0.9565217391304348, 1.0)",1,99.0059053265575,43093
"(0.9411376480416728, 0.996078431372549)",1,99.00585053405504,43094
"(0.9168478260869564, 1.0)",1,99.00567760532164,43095
"(0.9886710239651416, 0.996078431372549)",1,99.00567489006058,43096
"(0.9491329966329968, 0.996078431372549)",1,99.0056477682492,43097
"(0.7971704623878537, 0.996078431372549)",1,99.00562432654938,43098
"(0.9230769230769232, 1.0)",1,99.0056106973633,43099
"(0.9811403508771928, 0.9916666666666668)",1,99.00537523198534,43100
"(0.8129629629629629, 1.0)",1,99.00532734500806,43101
"(0.8571024784182679, 0.996078431372549)",1,99.00532479960516,43102
"(0.9135802469135802, 1.0)",1,99.00522194483712,43103
"(0.9542592592592593, 0.996078431372549)",1,99.00515735904855,43104
"(0.8046935824713601, 1.0)",1,99.0050257104036,43105
"(0.9047619047619048, 1.0)",1,99.00500596100176,43106
"(0.9882352941176472, 0.996078431372549)",1,99.00494475448885,43107
"(0.8888888888888888, 1.0)",1,99.0049014615196,43108
"(0.9841269841269842, 1.0)",2,99.004884004884,43110
"(0.5951421188630491, 1.0)",1,99.00488351642588,43111
"(0.9866666666666668, 0.996078431372549)",1,99.0048629937526,43112
"(0.7410714285714286, 1.0)",1,99.00478271018552,43113
"(0.977218782249742, 0.996078431372549)",2,99.00470883090102,43115
"(0.9589484126984128, 1.0)",2,99.0044401894402,43117
"(0.875, 1.0)",1,99.00443986043564,43118
"(0.7840187590187591, 1.0)",1,99.00441327520694,43119
"(0.90934937783235, 0.996078431372549)",1,99.0043993512036,43120
"(0.9916666666666668, 0.996078431372549)",1,99.00436724444106,43121
"(0.8888888888888888, 1.0)",1,99.00436000487156,43122
"(0.8157806954013989, 1.0)",2,99.00432701418993,43124
"(0.9192180611357128, 1.0)",2,99.00427030035397,43126
"(0.9333333333333332, 1.0)",1,99.00422897229475,43127
"(0.9206349206349206, 0.9841269841269842)",1,99.00421896943644,43128
"(0.8977777777777779, 1.0)",1,99.00415905082572,43129
"(0.954722222222222, 0.996078431372549)",1,99.00402470990426,43130
"(0.9197362278244632, 0.992156862745098)",1,99.003854228398,43131
"(0.9841269841269842, 1.0)",1,99.00377032737988,43132
"(0.8629273504273505, 1.0)",1,99.0036670903528,43133
"(0.8264567669172932, 1.0)",2,99.00364238249372,43135
"(0.9248591174906964, 0.996078431372549)",2,99.00359665029248,43137
"(0.9327249496289745, 0.9894736842105264)",1,99.00349665012185,43138
"(0.9816305469556244, 0.996078431372549)",1,99.00337480180364,43139
"(0.9466013071895424, 0.996078431372549)",1,99.00334091491747,43140
"(0.865079365079365, 1.0)",1,99.00300625300628,43141
"(1.0, 1.0)",1,99.00294246815984,43142
"(0.9754901960784312, 0.996078431372549)",1,99.00286523802647,43143
"(0.9172932330827066, 1.0)",1,99.00281845661276,43144
"(0.8551296720061023, 1.0)",1,99.00274958644052,43145
"(0.965272331154684, 0.996078431372549)",2,99.00254659599084,43147
"(0.9847494553376906, 0.996078431372549)",1,99.00244233387696,43148
"(0.9289529914529916, 1.0)",1,99.00243093575082,43149
"(0.9037076648841356, 0.996078431372549)",1,99.00230084172615,43150
"(0.7708333333333334, 1.0)",1,99.00226530005942,43151
"(0.8550741594067247, 1.0)",1,99.00225652507484,43152
"(0.984313725490196, 0.996078431372549)",1,99.00211741632695,43153
"(0.8129898303922073, 1.0)",1,99.00203337943576,43154
"(0.9565217391304348, 1.0)",1,99.00189892311212,43155
"(0.9172932330827066, 1.0)",1,99.00188707061773,43156
"(0.8831018518518517, 1.0)",1,99.00180224867724,43157
"(0.8705805822084891, 1.0)",1,99.0016970078861,43158
"(0.9342814048696402, 0.996078431372549)",1,99.00169122476818,43159
"(0.9351326548694968, 0.996078431372549)",1,99.00167862924842,43160
"(0.9462626262626264, 0.9925925925925926)",1,99.00165846723,43161
"(0.9342814048696402, 0.996078431372549)",2,99.00164097849846,43163
"(0.9879901960784314, 0.996078431372549)",1,99.00155532143307,43164
"(0.9696969696969696, 1.0)",1,99.00148872262332,43165
"(0.9261349042540992, 0.996078431372549)",1,99.00148721476909,43166
"(0.9886710239651416, 0.996078431372549)",1,99.00138888820756,43167
"(0.9399223139548216, 0.996078431372549)",1,99.00135300550498,43168
"(0.883580779054917, 1.0)",2,99.00130006530456,43170
"(0.9342814048696402, 0.996078431372549)",1,99.00129601561774,43171
"(0.9696969696969696, 1.0)",1,99.00125182883806,43172
"(0.8915343915343915, 1.0)",1,99.00121715597284,43173
"(0.9565217391304348, 1.0)",1,99.00119434078512,43174
"(0.8627450980392157, 1.0)",1,99.00119306982052,43175
"(0.738764566779023, 0.9973567708333332)",1,99.00112161475369,43176
"(0.9840686274509804, 0.996078431372549)",2,99.00111153281333,43178
"(0.896551724137931, 1.0)",1,99.00110471557116,43179
"(0.8423371647509579, 1.0)",1,99.00109498177171,43180
"(0.9047619047619048, 1.0)",1,99.00103458328972,43181
"(0.7608018781911015, 0.9992431021625652)",3,99.00091165831546,43184
"(1.0, 1.0)",1,99.000766812361,43185
"(0.984504357298475, 0.996078431372549)",1,99.00070573157024,43186
"(0.8237398713870082, 0.9973567708333332)",1,99.00059290728936,43187
"(0.9019607843137254, 1.0)",1,99.00055888616312,43188
"(0.851937321937322, 0.9996213816771112)",3,99.00046372083752,43191
"(0.9399138116785176, 0.996078431372549)",1,99.0003821530969,43192
"(0.8915343915343915, 1.0)",1,99.00032606182762,43193
"(0.9047619047619048, 1.0)",1,99.00023666690332,43194
"(0.9816305469556244, 0.996078431372549)",2,99.00018164965788,43196
"(0.9399138116785176, 0.996078431372549)",2,99.00017167730805,43198
"(0.932852564102564, 1.0)",2,99.00011405563846,43200
"(0.9742002063983488, 0.996078431372549)",1,99.00006157274204,43201
"(0.9866666666666668, 1.0)",1,99.00006042915916,43202
"(0.8138881768037778, 0.996078431372549)",1,99.00004979911782,43203
"(0.7869981325863679, 1.0)",1,99.00003083372252,43204
"(0.8771929824561403, 1.0)",1,99.00001133171938,43205
"(0.9365260121142476, 0.9925925925925926)",1,99.0000019814492,43206
"(1.0, 1.0)",3,99.0,43209
"(0.9172932330827066, 1.0)",1,98.99984062720904,43210
"(0.875, 1.0)",1,98.99971673254282,43211
"(0.8705805822084891, 1.0)",1,98.9997089932296,43212
"(0.8883205456095482, 1.0)",1,98.99966721067938,43213
"(0.932852564102564, 1.0)",1,98.99964570135108,43214
"(0.980582788671024, 0.996078431372549)",1,98.99963908649612,43215
"(0.9138847117794486, 0.996078431372549)",1,98.99961352134493,43216
"(0.8138881768037778, 0.996078431372549)",2,98.99959923441048,43218
"(0.6275876749507744, 1.0)",1,98.9995934522463,43219
"(0.9019607843137254, 1.0)",1,98.9995784540668,43220
"(0.8201193520886615, 0.9841269841269842)",1,98.99949935905497,43221
"(0.9255470304063654, 0.9925925925925926)",1,98.99947081044452,43222
"(1.0, 1.0)",1,98.9994586660308,43223
"(0.8550741594067247, 1.0)",1,98.99945633965504,43224
"(0.8571428571428572, 1.0)",1,98.99935866602534,43225
"(0.9318498265866688, 0.996078431372549)",1,98.9993573735062,43226
"(0.8125, 1.0)",1,98.99922617876427,43227
"(1.0, 1.0)",1,98.99904428272548,43228
"(0.9800925925925926, 1.0)",1,98.99902659288634,43229
"(0.9641868969810148, 0.996078431372549)",1,98.99900249843894,43230
"(0.9879901960784314, 0.996078431372549)",2,98.9989894366806,43232
"(0.9172932330827066, 1.0)",1,98.99891689011866,43233
"(0.8888888888888888, 1.0)",1,98.99887545404786,43234
"(0.8330439814814815, 1.0)",1,98.99872925992642,43235
"(0.883876357560568, 1.0)",1,98.99872102757766,43236
"(0.8571428571428572, 1.0)",2,98.99867336964112,43238
"(0.7555555555555554, 1.0)",1,98.99862700228832,43239
"(0.7811212037877837, 0.9992431021625652)",3,98.99862022059564,43242
"(0.7869981325863679, 1.0)",1,98.99860425794247,43243
"(0.81508155862103, 0.9988651610017888)",1,98.9985777853874,43244
"(0.9427450980392156, 0.996078431372549)",1,98.99854604427604,43245
"(0.9641868969810148, 0.996078431372549)",1,98.9984524120196,43246
"(0.9242141300964832, 0.996078431372549)",1,98.99836417432994,43247
"(0.9138847117794486, 0.996078431372549)",1,98.99832231069192,43248
"(0.9816305469556244, 0.9916666666666668)",1,98.99828817896925,43249
"(1.0, 1.0)",1,98.99828332586952,43250
"(0.9879901960784314, 0.996078431372549)",1,98.99827062327212,43251
"(0.7081939799331105, 1.0)",1,98.9982555242807,43252
"(0.9803376906318084, 0.996078431372549)",1,98.99820058724764,43253
"(0.8629273504273505, 1.0)",1,98.99819196677662,43254
"(0.9138847117794486, 0.996078431372549)",2,98.9980017481186,43256
"(0.8763636363636363, 1.0)",1,98.99781329149452,43257
"(0.9847494553376906, 0.996078431372549)",1,98.99779225094008,43258
"(0.940311437215462, 0.992156862745098)",1,98.99760698114429,43259
"(0.8468468468468467, 1.0)",2,98.99746182671733,43261
"(0.9109477124183006, 1.0)",1,98.997460290159,43262
"(0.9065438871473354, 1.0)",1,98.99744796535111,43263
"(0.8502976190476191, 1.0)",1,98.99739923919394,43264
"(0.7822222222222222, 1.0)",1,98.9973666619281,43265
"(0.9462626262626264, 0.996078431372549)",1,98.99728834634956,43266
"(0.9879901960784314, 0.996078431372549)",1,98.997273611384,43267
"(0.9019607843137254, 1.0)",2,98.9971982847838,43269
"(0.992156862745098, 0.996078431372549)",1,98.99718930140176,43270
"(0.9523809523809524, 1.0)",1,98.99716110719976,43271
"(0.9449122174122172, 0.996078431372549)",1,98.99700759901438,43272
"(0.8125, 1.0)",1,98.99698098564896,43273
"(0.8520449077786689, 1.0)",2,98.99695106711884,43275
"(0.9047619047619048, 1.0)",1,98.99694726128746,43276
"(0.75, 1.0)",1,98.99689014689014,43277
"(0.9882352941176472, 0.996078431372549)",2,98.99688918879409,43279
"(0.9507101086048454, 1.0)",1,98.99674185463672,43280
"(0.8952020202020202, 1.0)",1,98.99667697455624,43281
"(0.8130291548638542, 0.9977333631085306)",1,98.9965922452816,43282
"(0.8586378737541528, 1.0)",1,98.99649270879276,43283
"(0.9230769230769232, 1.0)",1,98.99646969742544,43284
"(0.9333333333333332, 1.0)",1,98.99637383226094,43285
"(0.8415692007797271, 1.0)",4,98.99613409951183,43289
"(0.8589726631393297, 1.0)",1,98.99607032627866,43290
"(0.896551724137931, 1.0)",2,98.99606373464574,43292
"(0.8774509803921569, 1.0)",1,98.99603100437506,43293
"(1.0, 1.0)",1,98.9959349593496,43294
"(0.914421596921597, 0.996078431372549)",1,98.99587423820874,43295
"(0.8571024784182679, 0.996078431372549)",1,98.99575282915706,43296
"(0.9019607843137254, 1.0)",1,98.99573040990391,43297
"(0.9192180611357128, 1.0)",1,98.99561874499906,43298
"(0.833064949006978, 1.0)",1,98.99561737242898,43299
"(0.9807902108211706, 0.996078431372549)",1,98.99560489676972,43300
"(0.9881481481481482, 0.996078431372549)",2,98.9955763591986,43302
"(0.9172932330827066, 1.0)",1,98.99557181724364,43303
"(0.9841269841269842, 1.0)",2,98.9954938211976,43305
"(0.8051426383129855, 1.0)",1,98.99548914763882,43306
"(0.8112491373360938, 1.0)",2,98.99545203079248,43308
"(0.6470588235294118, 1.0)",1,98.99535545443472,43309
"(0.8748472964943552, 0.996078431372549)",1,98.99533639075236,43310
"(0.9803376906318084, 0.996078431372549)",1,98.9953054502401,43311
"(0.8586378737541528, 1.0)",2,98.99521685535936,43313
"(1.0, 1.0)",1,98.9951581027668,43314
"(0.9230769230769232, 1.0)",1,98.99514393564738,43315
"(0.9213117283950616, 1.0)",2,98.99511618483704,43317
"(0.75, 1.0)",1,98.9950322116226,43318
"(0.9135802469135802, 1.0)",1,98.99486611080816,43319
"(0.8635440917107585, 0.996078431372549)",1,98.99475802543849,43320
"(0.8600272232304901, 1.0)",1,98.99473717172602,43321
"(0.8046935824713601, 1.0)",1,98.99472827903044,43322
"(0.7765567765567766, 1.0)",1,98.994707225142,43323
"(0.9764161220043572, 0.996078431372549)",2,98.99468532442218,43325
"(1.0, 1.0)",1,98.99465664828868,43326
"(0.7973137973137973, 1.0)",1,98.99461135450277,43327
"(0.875, 1.0)",1,98.9946112366258,43328
"(0.932852564102564, 1.0)",1,98.99450169928078,43329
"(0.9812636165577342, 0.996078431372549)",1,98.99448087315758,43330
"(0.9168115942028986, 0.992156862745098)",1,98.99437998413173,43331
"(0.8312992626493769, 1.0)",1,98.99437708885976,43332
"(0.992156862745098, 0.996078431372549)",1,98.99431112500804,43333
"(0.9696969696969696, 1.0)",1,98.99425009264826,43334
"(0.795803080252039, 1.0)",1,98.99420196753609,43335
"(0.8309016086793863, 1.0)",1,98.9941087589122,43336
"(0.7957784732756176, 0.9988651610017888)",3,98.99403140605573,43339
"(0.8027926876284068, 0.9992431021625652)",1,98.99402692699633,43340
"(0.8350168350168351, 1.0)",2,98.99399914765856,43342
"(0.8046935824713601, 1.0)",1,98.99386539317096,43343
"(0.9327249496289745, 0.996078431372549)",2,98.99379477288,43345
"(0.5951421188630491, 1.0)",1,98.99375527897868,43346
"(0.9339072354087834, 0.996078431372549)",1,98.99363250257888,43347
"(0.9523809523809524, 1.0)",1,98.99357940792152,43348
"(0.996078431372549, 0.996078431372549)",1,98.99356198525729,43349
"(0.9135802469135802, 1.0)",1,98.99351732685066,43350
"(0.6856760145918833, 1.0)",1,98.99348100262952,43351
"(0.9047619047619048, 1.0)",1,98.993480314007,43352
"(0.7765567765567766, 1.0)",1,98.99345724255376,43353
"(0.8865079365079365, 1.0)",1,98.99341061150028,43354
"(0.9, 0.9696969696969696)",1,98.99336764176584,43355
"(0.9342814048696402, 0.996078431372549)",1,98.99335789143484,43356
"(0.8469839324618735, 1.0)",1,98.99326346148789,43357
"(0.9816305469556244, 0.9886710239651416)",1,98.9931071551427,43358
"(0.9364583333333332, 1.0)",1,98.99296821219085,43359
"(0.8274333033699055, 0.9992431021625652)",3,98.99292809017378,43362
"(0.7411068098568098, 0.9984875577410224)",1,98.9928899557252,43363
"(0.9841269841269842, 1.0)",1,98.99288982622316,43364
"(0.896551724137931, 1.0)",1,98.99281279843106,43365
"(0.8936891247727161, 0.996078431372549)",1,98.99279729747649,43366
"(0.8791208791208792, 1.0)",1,98.992730991358,43367
"(0.9764161220043572, 0.996078431372549)",1,98.99268845607276,43368
"(0.9674276377217554, 0.996078431372549)",1,98.99267073552546,43369
"(0.875, 1.0)",1,98.99263488868752,43370
"(0.9047619047619048, 1.0)",1,98.99252364349697,43371
"(0.9168115942028986, 0.996078431372549)",1,98.99252347620396,43372
"(0.9333333333333332, 1.0)",1,98.9924963924964,43373
"(0.9919117647058824, 0.996078431372549)",1,98.9924955509462,43374
"(0.941156690746474, 0.996078431372549)",1,98.99238938858016,43375
"(0.8589726631393297, 0.9868055555555556)",1,98.99236182609916,43376
"(0.9135802469135802, 1.0)",1,98.99225149446356,43377
"(0.97718610251118, 0.996078431372549)",1,98.99216829846856,43378
"(1.0, 1.0)",1,98.9920634920635,43379
"(0.9047619047619048, 1.0)",1,98.99202132814428,43380
"(0.9916666666666668, 0.996078431372549)",1,98.991968514076,43381
"(0.6856760145918833, 1.0)",1,98.99190939320144,43382
"(0.8421177587844255, 1.0)",1,98.9918767382309,43383
"(0.8109668109668109, 1.0)",1,98.9918651797455,43384
"(0.6856760145918833, 1.0)",1,98.99176555063758,43385
"(0.8125, 1.0)",1,98.99172864216511,43386
"(0.9444444444444444, 0.9841269841269842)",2,98.99165481593025,43388
"(0.9115145819093188, 0.996078431372549)",1,98.99164665826962,43389
"(0.785562382962099, 0.9996213816771112)",3,98.99160142019812,43392
"(0.9573319772862108, 0.996078431372549)",1,98.99158044299764,43393
"(0.9313762626262628, 1.0)",1,98.99148489013224,43394
"(0.9351326548694968, 0.996078431372549)",1,98.99138827325272,43395
"(0.9704892057833234, 0.996078431372549)",1,98.9913346473166,43396
"(0.9135802469135802, 1.0)",1,98.99132194965529,43397
"(0.896551724137931, 1.0)",2,98.99132132175932,43399
"(0.9886710239651416, 0.9916666666666668)",1,98.99130919619284,43400
"(0.7982954545454546, 1.0)",1,98.9912675319848,43401
"(0.9827450980392156, 0.996078431372549)",2,98.99119975948705,43403
"(0.8705805822084891, 1.0)",1,98.99108561231208,43404
"(0.941156690746474, 0.996078431372549)",1,98.9910247579316,43405
"(0.9740143369175628, 1.0)",1,98.99101607364712,43406
"(0.9272424525365702, 0.992156862745098)",1,98.99099128093538,43407
"(0.8469839324618735, 1.0)",1,98.99098335132322,43408
"(0.984313725490196, 0.996078431372549)",2,98.99097935984156,43410
"(0.9444444444444444, 1.0)",1,98.99070977331849,43411
"(0.9449122174122172, 0.992156862745098)",1,98.99055533601796,43412
"(0.9244767367135788, 0.9886710239651416)",1,98.99055430809288,43413
"(0.8831064306064307, 1.0)",1,98.9905533904624,43414
"(0.976661220043573, 0.996078431372549)",1,98.99055251426348,43415
"(0.9399223139548216, 0.996078431372549)",1,98.9905483623133,43416
"(0.9507101086048454, 1.0)",1,98.99054008802374,43417
"(0.95536349042541, 0.996078431372549)",1,98.99051342758032,43418
"(0.8527777777777779, 1.0)",1,98.9904310966811,43419
"(0.9565217391304348, 1.0)",1,98.99038600595128,43420
"(0.8319664902998236, 1.0)",1,98.99026152262154,43421
"(0.9047619047619048, 1.0)",1,98.99025960620165,43422
"(0.950140056022409, 0.9925925925925926)",1,98.99014628660017,43423
"(0.9444444444444444, 1.0)",1,98.9901455026455,43424
"(0.7707924493038034, 1.0)",1,98.9901016305864,43425
"(0.9691305469556244, 0.996078431372549)",1,98.98998410448505,43426
"(0.89, 1.0)",1,98.98998246352411,43427
"(0.8125, 1.0)",1,98.98996958321426,43428
"(0.9785784313725492, 0.996078431372549)",1,98.98994147951572,43429
"(0.8393402428317523, 0.9973567708333332)",1,98.98993856050735,43430
"(0.9827450980392156, 0.996078431372549)",1,98.98979358776332,43431
"(0.9754901960784312, 0.996078431372549)",1,98.98976321306117,43432
"(0.8748472964943552, 0.996078431372549)",1,98.98974468637596,43433
"(0.958531746031746, 1.0)",2,98.98970515595516,43435
"(0.8078308130291714, 1.0)",1,98.98948251326703,43436
"(0.8831064306064307, 1.0)",1,98.9893861854101,43437
"(0.8275809031622985, 1.0)",1,98.98936236512492,43438
"(0.965272331154684, 0.9916666666666668)",1,98.98930687905153,43439
"(0.9847494553376906, 0.996078431372549)",1,98.9893011122579,43440
"(0.8161954704362365, 1.0)",1,98.98928731706135,43441
"(0.8635440917107585, 0.996078431372549)",1,98.98925896944496,43442
"(0.8112491373360938, 1.0)",1,98.9892454818294,43443
"(0.9466013071895424, 0.996078431372549)",1,98.98915446295474,43444
"(0.9886710239651416, 0.996078431372549)",1,98.98906412294671,43445
"(0.9592592592592591, 1.0)",1,98.98904944743067,43446
"(0.8347084975931793, 0.998110291927316)",1,98.9890095545985,43447
"(0.980582788671024, 0.996078431372549)",1,98.98898893475544,43448
"(0.7692756796205072, 1.0)",1,98.9889839269284,43449
"(0.9803050108932462, 0.996078431372549)",1,98.98892936759935,43450
"(0.7975164658278694, 1.0)",1,98.98879665207234,43451
"(0.941889272578127, 0.996078431372549)",1,98.9887816690128,43452
"(0.8468468468468467, 1.0)",1,98.988632070864,43453
"(0.9138847117794486, 0.992156862745098)",1,98.98861683451337,43454
"(0.7277949879630539, 0.9988651610017888)",1,98.9886019397306,43455
"(0.9318498265866688, 0.992156862745098)",1,98.98859931342582,43456
"(0.8977777777777779, 1.0)",1,98.98859485120362,43457
"(1.0, 1.0)",1,98.98856960268805,43458
"(0.8627450980392157, 1.0)",1,98.98844390193494,43459
"(1.0, 1.0)",1,98.98840048840049,43460
"(0.9320397146712937, 0.996078431372549)",1,98.98832045125944,43461
"(0.9866666666666668, 0.996078431372549)",1,98.9882470099662,43462
"(0.8729166666666666, 1.0)",1,98.98815795882489,43463
"(0.7853358622365554, 0.9992431021625652)",3,98.98810676478696,43466
"(0.8330439814814815, 1.0)",1,98.98809928404808,43467
"(0.992156862745098, 0.996078431372549)",1,98.9880170833617,43468
"(0.9197362278244632, 0.9916666666666668)",1,98.98787652682888,43469
"(0.9391865079365078, 1.0)",1,98.98785564840252,43470
"(0.8468468468468467, 1.0)",1,98.9877790958993,43471
"(0.9243650793650792, 1.0)",1,98.9877353689176,43472
"(0.9035155195681512, 0.996078431372549)",1,98.9877162636227,43473
"(0.8873002904865649, 1.0)",1,98.98754076898533,43474
"(1.0, 1.0)",1,98.98744733527342,43475
"(0.7691914192267424, 0.9996213816771112)",1,98.98740392969536,43476
"(0.9521531100478468, 1.0)",1,98.98734062784406,43477
"(0.9851851851851852, 0.996078431372549)",1,98.9872093632775,43478
"(0.9358798064680418, 0.996078431372549)",1,98.98720006761472,43479
"(0.8502976190476191, 1.0)",1,98.98712017473088,43480
"(0.7555555555555554, 1.0)",1,98.9866388018112,43481
"(0.9407729468599032, 1.0)",1,98.98654340558102,43482
"(0.8518518518518519, 1.0)",1,98.98650630099904,43483
"(1.0, 1.0)",1,98.98638559508125,43484
"(0.9427450980392156, 0.996078431372549)",1,98.98627240878162,43485
"(0.8358616184543919, 0.998110291927316)",3,98.98627084046971,43488
"(0.9886710239651416, 0.996078431372549)",1,98.98617444409452,43489
"(0.9039684773430904, 0.996078431372549)",1,98.98606212873264,43490
"(0.875, 1.0)",1,98.98599758605512,43491
"(0.801112591511918, 1.0)",1,98.98599470723808,43492
"(0.8551296720061023, 1.0)",2,98.98597614035256,43494
"(0.9444444444444444, 0.9841269841269842)",1,98.98595896856776,43495
"(0.740462635114277, 1.0)",1,98.98595851615582,43496
"(0.8521317829457364, 1.0)",1,98.98589483930976,43497
"(0.9280112044817928, 0.996078431372549)",1,98.98578087375316,43498
"(0.9916666666666668, 0.996078431372549)",1,98.98574427784364,43499
"(0.9925925925925926, 0.996078431372549)",1,98.985728340237,43500
"(0.9886710239651416, 0.996078431372549)",1,98.98572698160643,43501
"(0.9682902108211704, 1.0)",1,98.98563406532205,43502
"(0.875, 1.0)",1,98.98542061093212,43503
"(0.7575476575550755, 0.9988651610017888)",3,98.98540476334256,43506
"(0.9135802469135802, 1.0)",1,98.98537855059594,43507
"(0.9261349042540992, 0.992156862745098)",1,98.98537728365952,43508
"(0.8253968253968256, 1.0)",1,98.98529631288253,43509
"(0.934644785450412, 0.996078431372549)",1,98.9852728261405,43510
"(0.7840187590187591, 1.0)",1,98.98526614488571,43511
"(0.896551724137931, 1.0)",1,98.98522208563438,43512
"(0.9224211423699916, 1.0)",1,98.98495276279638,43513
"(0.7325323435211134, 1.0)",1,98.98488393792782,43514
"(0.7975164658278694, 1.0)",1,98.9848664579541,43515
"(1.0, 1.0)",1,98.98484848484848,43516
"(0.9507101086048454, 1.0)",1,98.98482641869444,43517
"(0.6863066052531656, 1.0)",1,98.98480859823223,43518
"(0.8731060606060606, 1.0)",1,98.98476708021828,43519
"(0.97718610251118, 0.996078431372549)",1,98.98472118109004,43520
"(0.9135499685499686, 0.996078431372549)",1,98.98467332432496,43521
"(0.7840187590187591, 1.0)",1,98.9846710407648,43522
"(0.9019607843137254, 0.986574074074074)",1,98.98463596878248,43523
"(0.8375771604938271, 1.0)",2,98.98463537255203,43525
"(0.9197362278244632, 0.996078431372549)",2,98.9845728186604,43527
"(0.9172932330827066, 1.0)",1,98.9845644883588,43528
"(0.9565217391304348, 1.0)",1,98.9845481425286,43529
"(1.0, 1.0)",1,98.98449328449328,43530
"(0.9812636165577342, 0.996078431372549)",1,98.98448447885964,43531
"(0.7400546757164405, 1.0)",1,98.984476405947,43532
"(0.8112491373360938, 1.0)",1,98.9844725573047,43533
"(0.9886710239651416, 0.996078431372549)",1,98.98447048493836,43534
"(1.0, 1.0)",2,98.98433544775008,43536
"(0.9302579365079364, 1.0)",1,98.98431335229742,43537
"(0.8889459760512393, 0.996078431372549)",1,98.9842648180934,43538
"(0.8404052238978049, 0.9996213816771112)",1,98.98423759463633,43539
"(0.9759803921568628, 0.996078431372549)",1,98.98422596966437,43540
"(0.984504357298475, 0.996078431372549)",1,98.98421141801396,43541
"(0.8897707231040564, 1.0)",1,98.98418707203496,43542
"(0.7971704623878537, 0.996078431372549)",1,98.98418296611952,43543
"(0.9841269841269842, 1.0)",8,98.984126984127,43551
"(1.0, 1.0)",6,98.984126984127,43557
"(0.8465418823841762, 1.0)",1,98.98410367738644,43558
"(0.8977777777777779, 1.0)",1,98.98409359374476,43559
"(0.941156690746474, 0.996078431372549)",1,98.9840802434296,43560
"(0.9881481481481482, 0.996078431372549)",1,98.98405287439952,43561
"(0.9230769230769232, 1.0)",1,98.98396876878952,43562
"(0.8873002904865649, 1.0)",1,98.98384287893728,43563
"(0.8748472964943552, 0.996078431372549)",1,98.98364843133793,43564
"(0.9886710239651416, 0.996078431372549)",1,98.98359980243136,43565
"(0.9230769230769232, 0.9841269841269842)",1,98.98359944149423,43566
"(0.8731060606060606, 1.0)",1,98.98359547859538,43567
"(0.9754901960784312, 0.996078431372549)",1,98.98358293859138,43568
"(0.996078431372549, 0.996078431372549)",1,98.98357049546742,43569
"(0.9023809523809524, 1.0)",1,98.98352067036276,43570
"(0.9816305469556244, 0.996078431372549)",1,98.98347883084335,43571
"(0.8615967365967366, 1.0)",1,98.98346253575602,43572
"(0.7707924493038034, 1.0)",2,98.98335335245297,43574
"(0.9236094950800832, 0.996078431372549)",1,98.98329271637972,43575
"(0.8469839324618735, 1.0)",1,98.98322820765104,43576
"(0.8281746031746032, 1.0)",1,98.9831843449596,43577
"(0.9827450980392156, 0.996078431372549)",1,98.98316692518986,43578
"(0.90934937783235, 0.996078431372549)",1,98.98313354645904,43579
"(0.9827450980392156, 0.996078431372549)",1,98.98304972722984,43580
"(0.9886710239651416, 0.996078431372549)",1,98.98304380307188,43581
"(0.9886710239651416, 0.996078431372549)",2,98.98302433856632,43583
"(0.957490630284748, 0.996078431372549)",1,98.98282746092346,43584
"(0.941156690746474, 0.992156862745098)",1,98.98276364943368,43585
"(0.896551724137931, 1.0)",1,98.9827213412745,43586
"(0.9881481481481482, 0.996078431372549)",1,98.98271009076416,43587
"(0.9197362278244632, 0.992156862745098)",1,98.9826837518631,43588
"(0.8527777777777779, 1.0)",1,98.98238005351465,43589
"(0.8817204301075269, 1.0)",1,98.98228122520857,43590
"(0.8423371647509579, 1.0)",1,98.98226772030652,43591
"(0.8616898148148148, 0.986574074074074)",1,98.98221505927576,43592
"(0.8714344685242518, 0.996078431372549)",1,98.98210999097246,43593
"(0.8750600325600326, 1.0)",2,98.98207626735405,43595
"(0.8958946706887884, 0.996078431372549)",1,98.98196139344984,43596
"(0.9813854489164088, 1.0)",1,98.98193829703136,43597
"(0.9620227038183696, 0.996078431372549)",1,98.98189481740285,43598
"(0.9803376906318084, 0.996078431372549)",1,98.9816680060094,43599
"(0.9488235294117648, 0.9925925925925926)",1,98.98147247202948,43600
"(0.9224211423699916, 1.0)",1,98.98126887288058,43601
"(0.9662707390648568, 0.996078431372549)",1,98.98120420721688,43602
"(0.9925925925925926, 0.996078431372549)",1,98.9811617386942,43603
"(0.8358616184543919, 0.9992431021625652)",2,98.98109622120764,43605
"(0.9236094950800832, 0.996078431372549)",1,98.9810667846548,43606
"(0.9759803921568628, 0.996078431372549)",2,98.98103498092048,43608
"(0.984967320261438, 0.996078431372549)",1,98.98103209732233,43609
"(0.984504357298475, 0.9916666666666668)",1,98.980991285403,43610
"(0.9813854489164088, 1.0)",1,98.98088664830168,43611
"(0.9465811965811968, 1.0)",1,98.98087116624414,43612
"(0.912041847041847, 0.9925925925925926)",1,98.98083632655596,43613
"(0.8817204301075269, 1.0)",1,98.98083382022176,43614
"(0.9674603174603176, 0.9666666666666668)",1,98.98077390445816,43615
"(0.95536349042541, 0.992156862745098)",1,98.98074011082346,43616
"(0.978144708175668, 0.996078431372549)",1,98.9807239564544,43617
"(0.9135802469135802, 1.0)",1,98.98058058608618,43618
"(0.8521317829457364, 1.0)",2,98.98047186896838,43620
"(1.0, 1.0)",1,98.98046398046398,43621
"(1.0, 1.0)",1,98.98045987828596,43622
"(0.9696969696969696, 1.0)",1,98.9803877282138,43623
"(0.9813854489164088, 0.996078431372549)",1,98.98031010767716,43624
"(0.992156862745098, 0.996078431372549)",1,98.9801480898991,43625
"(0.8590036231884057, 1.0)",1,98.98013073362586,43626
"(0.9248366013071896, 1.0)",1,98.98007881620391,43627
"(0.9707143676183924, 0.996078431372549)",1,98.9800753295181,43628
"(0.9841269841269842, 1.0)",2,98.98006194347658,43630
"(1.0, 1.0)",1,98.98006194347658,43631
"(0.8138881768037778, 0.996078431372549)",1,98.98004691126836,43632
"(0.9224211423699916, 1.0)",1,98.9800364421478,43633
"(0.8129898303922073, 1.0)",1,98.98001770992008,43634
"(0.9491329966329968, 0.992156862745098)",1,98.98000091195188,43635
"(0.8046935824713601, 1.0)",1,98.9799709523799,43636
"(0.9230769230769232, 1.0)",1,98.97995987118804,43637
"(0.914421596921597, 0.996078431372549)",1,98.97982579407642,43638
"(0.9399138116785176, 0.992156862745098)",1,98.9797842273714,43639
"(0.955239651416122, 0.996078431372549)",1,98.9796622517231,43640
"(0.8729166666666666, 1.0)",3,98.97961360627684,43643
"(0.9816305469556244, 0.996078431372549)",1,98.97955726221592,43644
"(0.9449122174122172, 0.996078431372549)",1,98.97951579334568,43645
"(0.9197362278244632, 0.996078431372549)",1,98.97949998736378,43646
"(0.8635440917107585, 0.992156862745098)",1,98.97943473345605,43647
"(0.8421177587844255, 1.0)",1,98.97943362256817,43648
"(0.941156690746474, 0.992156862745098)",1,98.97941769530756,43649
"(0.9840686274509804, 0.996078431372549)",1,98.97940258354755,43650
"(1.0, 1.0)",1,98.97937864604532,43651
"(0.8675136116152449, 1.0)",1,98.97934622344786,43652
"(0.9206349206349206, 1.0)",1,98.97932484182483,43653
"(0.9, 1.0)",1,98.9791444253687,43654
"(0.8465418823841762, 1.0)",1,98.97914300934322,43655
"(0.9449122174122172, 0.9916666666666668)",1,98.97902888918192,43656
"(0.9847494553376906, 0.996078431372549)",1,98.978918311078,43657
"(0.8339307048984469, 1.0)",1,98.97890560084664,43658
"(0.90934937783235, 0.996078431372549)",1,98.97885408700648,43659
"(0.97718610251118, 0.996078431372549)",1,98.97877387032187,43660
"(0.8970659722222223, 1.0)",1,98.97876967154728,43661
"(0.8635440917107585, 0.996078431372549)",1,98.97875507484744,43662
"(0.773034398034398, 1.0)",1,98.97874463832233,43663
"(0.8589726631393297, 1.0)",1,98.97862770673848,43664
"(0.8703817814293165, 0.9973567708333332)",1,98.97861668409942,43665
"(0.9320397146712937, 0.996078431372549)",1,98.97852057442635,43666
"(0.875, 1.0)",1,98.97842688077245,43667
"(0.9364583333333332, 1.0)",1,98.97842272515066,43668
"(1.0, 1.0)",1,98.97826086956522,43669
"(1.0, 0.996078431372549)",1,98.97822087939603,43670
"(0.7996201329534663, 1.0)",1,98.97813520141162,43671
"(1.0, 1.0)",1,98.97811866700924,43672
"(0.9272424525365702, 0.992156862745098)",1,98.97799968131832,43673
"(0.9731377053745476, 0.996078431372549)",2,98.97798741133882,43675
"(0.7200000000000001, 1.0)",1,98.97791044562976,43676
"(0.9592592592592591, 1.0)",1,98.977873641298,43677
"(0.8527777777777779, 1.0)",1,98.97783173616509,43678
"(0.8402777777777779, 1.0)",1,98.97781957949616,43679
"(0.6985998189815676, 1.0)",1,98.97767655660437,43680
"(0.896551724137931, 1.0)",1,98.97765279570554,43681
"(0.980582788671024, 0.996078431372549)",1,98.97762852814456,43682
"(0.9399138116785176, 0.996078431372549)",1,98.97759079787012,43683
"(0.9023809523809524, 1.0)",1,98.9775420875421,43684
"(0.9788235294117646, 0.996078431372549)",1,98.97747313554603,43685
"(0.8275809031622985, 1.0)",1,98.97743117037749,43686
"(0.8627450980392157, 1.0)",1,98.9773116165238,43687
"(0.9444444444444444, 1.0)",1,98.97719365980235,43688
"(0.8550741594067247, 1.0)",2,98.9771757660447,43690
"(0.8237398713870082, 0.9992431021625652)",1,98.97699275989976,43691
"(0.9104993386243384, 1.0)",2,98.97695645072316,43693
"(0.9840686274509804, 0.996078431372549)",2,98.97686607157044,43695
"(1.0, 1.0)",4,98.97680097680096,43699
"(1.0, 1.0)",1,98.97677258142376,43700
"(0.9224211423699916, 1.0)",1,98.9767410242761,43701
"(0.992156862745098, 0.996078431372549)",1,98.9766631527548,43702
"(0.8817204301075269, 1.0)",1,98.97664432341853,43703
"(0.7707924493038034, 1.0)",1,98.97660622992728,43704
"(0.8571024784182679, 0.992156862745098)",1,98.97656555604674,43705
"(0.8, 1.0)",1,98.9764396399879,43706
"(0.9047619047619048, 1.0)",1,98.97642307027247,43707
"(0.9224211423699916, 1.0)",1,98.97640623551048,43708
"(0.8817204301075269, 1.0)",1,98.97633322472032,43709
"(0.9919117647058824, 0.996078431372549)",1,98.97628297943332,43710
"(0.9841269841269842, 1.0)",1,98.97619047619048,43711
"(0.9047619047619048, 1.0)",1,98.97606350864972,43712
"(0.8460455394278924, 0.996078431372549)",1,98.97603288022248,43713
"(0.8873002904865649, 1.0)",1,98.97554076313403,43714
"(0.9444444444444444, 1.0)",1,98.97548461137552,43715
"(0.909209656084656, 1.0)",1,98.97546909684614,43716
"(0.883580779054917, 1.0)",1,98.97546221157953,43717
"(0.9292181620122796, 0.996078431372549)",2,98.97544409221376,43719
"(0.9320397146712937, 0.992156862745098)",1,98.97543242848174,43720
"(0.9213117283950616, 0.986574074074074)",1,98.97533019973665,43721
"(0.8550741594067247, 1.0)",1,98.97530737613448,43722
"(0.9452536570183628, 0.996078431372549)",1,98.97525759958444,43723
"(1.0, 1.0)",1,98.97521181526558,43724
"(0.9803050108932462, 0.996078431372549)",1,98.9752020731821,43725
"(0.9542023172905526, 0.996078431372549)",1,98.97517217301858,43726
"(0.9272424525365702, 0.996078431372549)",1,98.97507140758512,43727
"(0.9135802469135802, 1.0)",1,98.9750578736086,43728
"(0.9785784313725492, 0.996078431372549)",1,98.97501891039812,43729
"(0.9855521155830752, 0.996078431372549)",1,98.97493898574614,43730
"(0.914421596921597, 0.996078431372549)",1,98.97491839372655,43731
"(0.9754435107376284, 0.996078431372549)",1,98.97491211763828,43732
"(0.95536349042541, 0.996078431372549)",1,98.97490957414348,43733
"(0.992156862745098, 0.996078431372549)",1,98.97489571458809,43734
"(0.9027274557165862, 1.0)",1,98.97481120386622,43735
"(0.9135802469135802, 1.0)",1,98.97480148181904,43736
"(0.879008834302952, 0.996078431372549)",1,98.97468748895037,43737
"(0.9264176245210728, 1.0)",1,98.97460252241186,43738
"(0.9168115942028986, 0.996078431372549)",1,98.97453036007192,43739
"(0.9327249496289745, 0.996078431372549)",1,98.9744815246673,43740
"(0.9803050108932462, 0.996078431372549)",1,98.97443654510184,43741
"(0.9138847117794486, 0.996078431372549)",1,98.9744341059126,43742
"(0.8714344685242518, 0.996078431372549)",1,98.9743624472029,43743
"(0.8309016086793863, 1.0)",1,98.97432564496056,43744
"(0.9707143676183924, 0.996078431372549)",1,98.97428903553607,43745
"(0.9457936507936509, 0.996078431372549)",1,98.97423704591571,43746
"(0.8312992626493769, 1.0)",1,98.97416161259684,43747
"(0.8958946706887884, 0.996078431372549)",1,98.97393530724008,43748
"(0.6403503049675462, 1.0)",1,98.9738682680529,43749
"(0.7777777777777776, 1.0)",2,98.9738299983742,43751
"(0.9047619047619048, 1.0)",1,98.9736934563022,43752
"(1.0, 1.0)",1,98.97358253646286,43753
"(0.9018073680369506, 0.996078431372549)",1,98.97343166405838,43754
"(0.9808278867102396, 0.996078431372549)",1,98.97326140929086,43755
"(1.0, 1.0)",1,98.97324897324896,43756
"(0.8319664902998236, 1.0)",1,98.97321826521625,43757
"(0.9478270609318996, 1.0)",1,98.9731561691428,43758
"(0.8822954822954823, 1.0)",1,98.9730862269509,43759
"(0.8740392648287385, 1.0)",1,98.97301874929929,43760
"(0.941156690746474, 0.996078431372549)",1,98.97300961943156,43761
"(0.9841269841269842, 1.0)",1,98.97300291653124,43762
"(0.954722222222222, 0.9882352941176472)",1,98.972972107137,43763
"(0.9037076648841356, 0.9916666666666668)",1,98.9727605066834,43764
"(0.6856760145918833, 1.0)",1,98.97268783770028,43765
"(0.9230769230769232, 1.0)",1,98.97257063923738,43766
"(0.9841269841269842, 1.0)",2,98.97252747252747,43768
"(0.9667927989909412, 0.996078431372549)",1,98.97247090143472,43769
"(0.7460317460317459, 1.0)",1,98.97240576187946,43770
"(0.9230116959064328, 0.9925925925925926)",1,98.97236177937398,43771
"(0.9925925925925926, 0.996078431372549)",1,98.97226463859924,43772
"(0.9236094950800832, 0.996078431372549)",1,98.97225113504432,43773
"(0.9894736842105264, 0.996078431372549)",1,98.9722316027663,43774
"(0.914421596921597, 0.996078431372549)",1,98.97215714304296,43775
"(0.9350548459681588, 0.9925925925925926)",1,98.9719776992299,43776
"(0.9882352941176472, 0.996078431372549)",1,98.97179503568132,43777
"(0.9497685185185184, 1.0)",1,98.9717119868468,43778
"(0.9662707390648568, 0.996078431372549)",1,98.97170633154204,43779
"(0.9841269841269842, 1.0)",1,98.97167325428197,43780
"(0.9602089783281734, 0.996078431372549)",1,98.9714754691139,43781
"(0.9261349042540992, 0.992156862745098)",1,98.97144192179772,43782
"(0.9847494553376906, 0.996078431372549)",1,98.97142470128831,43783
"(0.8468468468468467, 1.0)",1,98.97140296705514,43784
"(0.9449122174122172, 0.996078431372549)",1,98.9713444229831,43785
"(0.9549131554246644, 0.996078431372549)",1,98.9712361122052,43786
"(0.9811403508771928, 0.996078431372549)",1,98.9711112749194,43787
"(0.7168797680749941, 0.9992431021625652)",2,98.97109940625452,43789
"(0.9399223139548216, 0.996078431372549)",1,98.97102155055782,43790
"(0.9386724386724388, 1.0)",1,98.9709637619646,43791
"(0.9303709362532891, 0.996078431372549)",1,98.97094432882884,43792
"(0.9841269841269842, 1.0)",1,98.97090230975594,43793
"(0.9769410044719642, 0.996078431372549)",1,98.97081662489563,43794
"(0.8071714169895551, 0.9996213816771112)",1,98.970707393753,43795
"(0.9882352941176472, 0.996078431372549)",2,98.9706040587104,43797
"(0.9047619047619048, 1.0)",1,98.970588798175,43798
"(0.984967320261438, 0.996078431372549)",1,98.97050578153284,43799
"(0.9728641456582634, 0.996078431372549)",1,98.97040205677168,43800
"(0.9399223139548216, 0.996078431372549)",1,98.97032164873733,43801
"(0.8231382557771446, 1.0)",3,98.9702681967462,43804
"(0.879008834302952, 0.996078431372549)",1,98.97026474230763,43805
"(0.9272424525365702, 0.996078431372549)",2,98.97025664651838,43807
"(0.9023809523809524, 0.9841269841269842)",1,98.9701901694656,43808
"(0.9248591174906964, 0.996078431372549)",1,98.97009313545772,43809
"(0.8275096819218369, 0.9996213816771112)",1,98.9700389994151,43810
"(0.9449122174122172, 0.992156862745098)",1,98.96996324367042,43811
"(0.8888888888888888, 1.0)",1,98.96995908010403,43812
"(0.914421596921597, 0.992156862745098)",1,98.96991723962287,43813
"(0.95536349042541, 0.996078431372549)",1,98.96985582755688,43814
"(0.8300222204120055, 0.9996213816771112)",1,98.96982376700204,43815
"(0.9248591174906964, 0.992156862745098)",1,98.9697427880232,43816
"(0.9696969696969696, 1.0)",4,98.96969696969695,43820
"(0.8859337035751476, 1.0)",2,98.96968182167988,43822
"(0.9261349042540992, 0.996078431372549)",2,98.9696431691232,43824
"(0.8468468468468467, 1.0)",1,98.96961881172412,43825
"(0.7550943928503688, 0.998110291927316)",2,98.9695803090086,43827
"(0.7410714285714286, 1.0)",2,98.96956105607585,43829
"(0.7455669330669331, 1.0)",1,98.9695423555804,43830
"(0.9803050108932462, 0.996078431372549)",1,98.9694692248404,43831
"(0.8112794612794614, 1.0)",1,98.96946350238628,43832
"(0.8977777777777779, 1.0)",2,98.96941698130104,43834
"(0.6403503049675462, 1.0)",1,98.96932644987058,43835
"(0.9491329966329968, 0.996078431372549)",1,98.96932091248478,43836
"(0.9047619047619048, 1.0)",1,98.96930131596798,43837
"(0.9318498265866688, 0.996078431372549)",1,98.96928465517692,43838
"(0.8817204301075269, 1.0)",2,98.9692304810322,43840
"(0.9360774410774412, 0.996078431372549)",1,98.9692277479332,43841
"(0.9065438871473354, 1.0)",1,98.96922188045032,43842
"(0.996078431372549, 0.996078431372549)",1,98.96920071815175,43843
"(0.9047619047619048, 1.0)",1,98.96918003426138,43844
"(1.0, 1.0)",1,98.96913229018492,43845
"(0.8518518518518519, 1.0)",1,98.969018456361,43846
"(0.8705805822084891, 1.0)",2,98.96900261150994,43848
"(0.9444444444444444, 1.0)",1,98.96897546897544,43849
"(0.9023809523809524, 0.9841269841269842)",2,98.9688045505361,43851
"(0.8125, 1.0)",1,98.96873942448411,43852
"(0.9466207660652104, 1.0)",1,98.9687101156726,43853
"(0.9816305469556244, 0.996078431372549)",1,98.96859458255038,43854
"(1.0, 1.0)",1,98.96846945113536,43855
"(0.9841269841269842, 1.0)",1,98.96846243187709,43856
"(1.0, 1.0)",1,98.96846243187709,43857
"(1.0, 1.0)",1,98.96843403649984,43858
"(0.8198343669999791, 0.9984875577410224)",3,98.96840237116672,43861
"(0.9230769230769232, 1.0)",1,98.96834280345809,43862
"(0.954722222222222, 0.996078431372549)",1,98.96832824613966,43863
"(1.0, 0.9841269841269842)",1,98.96825396825416,43864
"(0.9841269841269842, 1.0)",2,98.96825396825398,43866
"(1.0, 1.0)",4,98.96825396825398,43870
"(0.919047619047619, 1.0)",1,98.96788678382885,43871
"(0.9841269841269842, 1.0)",1,98.96778977610226,43872
"(0.8571024784182679, 0.992156862745098)",1,98.96773628452706,43873
"(0.9615343915343916, 1.0)",1,98.96772976103728,43874
"(0.9743589743589745, 1.0)",1,98.96765399010896,43875
"(0.9333333333333332, 1.0)",1,98.9675948398298,43876
"(0.8627450980392157, 1.0)",1,98.96749839954047,43877
"(0.8888888888888888, 1.0)",1,98.9674488909783,43878
"(0.896551724137931, 1.0)",2,98.9674429976154,43880
"(0.9696969696969696, 1.0)",1,98.9674347158218,43881
"(0.9491329966329968, 0.996078431372549)",1,98.96720579300316,43882
"(0.9261349042540992, 0.996078431372549)",1,98.96703864495416,43883
"(0.7650293586269196, 1.0)",1,98.96703176556883,43884
"(0.8771929824561403, 1.0)",2,98.96702468868486,43886
"(0.909722222222222, 0.996078431372549)",1,98.96686070914126,43887
"(0.904126984126984, 1.0)",2,98.96684014692484,43889
"(0.9194577352472088, 1.0)",1,98.96683433301708,43890
"(0.817921124237354, 0.998110291927316)",1,98.96665324571885,43891
"(0.9135802469135802, 1.0)",1,98.96658808253012,43892
"(0.841554780802611, 1.0)",1,98.9665844959563,43893
"(0.954722222222222, 0.996078431372549)",2,98.96653295821262,43895
"(0.8832772166105499, 1.0)",1,98.9664323044168,43896
"(0.9764161220043572, 0.996078431372549)",1,98.96642923848422,43897
"(0.8771929824561403, 1.0)",2,98.96638998139692,43899
"(0.9766612200435728, 0.996078431372549)",1,98.96636960979616,43900
"(0.9879901960784314, 0.996078431372549)",1,98.9663617065869,43901
"(0.7945136049087845, 0.9992431021625652)",2,98.96627968061804,43903
"(0.9027274557165862, 1.0)",1,98.9662032186368,43904
"(0.9350548459681588, 0.9925925925925926)",1,98.96619247596784,43905
"(0.8164607007575758, 0.9996213816771112)",3,98.96615933192436,43908
"(0.9803376906318084, 0.996078431372549)",1,98.9661276295622,43909
"(0.9665319865319866, 0.996078431372549)",1,98.96609250342718,43910
"(0.9855521155830752, 0.996078431372549)",1,98.96588139802576,43911
"(0.9189473684210526, 0.9925925925925926)",1,98.9658748197056,43912
"(0.9023809523809524, 1.0)",1,98.96582398509643,43913
"(0.9466013071895424, 0.992156862745098)",1,98.9658098250617,43914
"(0.8350168350168351, 1.0)",1,98.9657685605576,43915
"(0.8415692007797271, 1.0)",1,98.96575137971682,43916
"(1.0, 1.0)",1,98.96572871572882,43917
"(0.896551724137931, 1.0)",1,98.9656120250823,43918
"(0.8729166666666666, 1.0)",1,98.96559538253564,43919
"(0.808641975308642, 1.0)",1,98.96542602708632,43920
"(0.9320397146712937, 0.996078431372549)",2,98.96542010248668,43922
"(0.922050500014663, 1.0)",1,98.96540103478948,43923
"(0.9497685185185184, 1.0)",1,98.965277035903,43924
"(0.8729166666666666, 0.986574074074074)",2,98.9652669508009,43926
"(0.8498168498168499, 1.0)",1,98.96525696525708,43927
"(0.9342814048696402, 0.996078431372549)",1,98.96521595111204,43928
"(0.919047619047619, 1.0)",1,98.96502971341684,43929
"(0.8142769320712446, 0.9996213816771112)",3,98.96500146505282,43932
"(0.9602089783281734, 1.0)",2,98.9649997301698,43934
"(0.883580779054917, 1.0)",2,98.96497663006004,43936
"(0.8977777777777779, 1.0)",1,98.96497354497362,43937
"(0.9802054154995332, 0.996078431372549)",2,98.9649719524739,43939
"(0.8589726631393297, 1.0)",1,98.9649508873193,43940
"(0.8498168498168498, 1.0)",2,98.96478846823676,43942
"(0.9192251461988304, 0.996078431372549)",1,98.96466447971927,43943
"(0.978144708175668, 0.996078431372549)",2,98.96465538426284,43945
"(0.9318498265866688, 0.996078431372549)",2,98.96462034663963,43947
"(0.8750600325600326, 1.0)",2,98.96446576065463,43949
"(0.9696969696969696, 1.0)",1,98.96445159778492,43950
"(0.6856760145918833, 1.0)",1,98.96444538968149,43951
"(0.9813854489164088, 0.996078431372549)",1,98.96431987185942,43952
"(0.7975164658278694, 1.0)",1,98.96430818881088,43953
"(0.9841269841269842, 1.0)",1,98.96430667636017,43954
"(0.8865079365079365, 1.0)",1,98.96423926576708,43955
"(0.9620227038183696, 0.9916666666666668)",1,98.96420355983716,43956
"(0.9841269841269842, 1.0)",1,98.96418892760356,43957
"(0.9023809523809524, 1.0)",1,98.96417592555365,43958
"(0.8376068376068376, 1.0)",1,98.96410961714788,43959
"(0.9568181818181818, 0.992156862745098)",1,98.9640597147951,43960
"(0.9816305469556244, 0.996078431372549)",1,98.964058303109,43961
"(0.8138881768037778, 0.992156862745098)",1,98.96404628879668,43962
"(0.8585858585858586, 1.0)",1,98.96403888509153,43963
"(0.9886710239651416, 0.996078431372549)",1,98.96395406052088,43964
"(0.814850018234865, 0.9984875577410224)",1,98.96382452077924,43965
"(0.7817399176112345, 0.998110291927316)",1,98.96368833600502,43966
"(0.9333333333333332, 1.0)",1,98.96367902628778,43967
"(0.7773744927424904, 0.9992431021625652)",1,98.96365997552714,43968
"(0.9764161220043572, 0.996078431372549)",1,98.96355694256263,43969
"(0.7996201329534663, 1.0)",2,98.96355382059406,43971
"(0.9731377053745476, 0.996078431372549)",1,98.96354388182482,43972
"(1.0, 1.0)",1,98.9634686301353,43973
"(0.9674603174603176, 1.0)",1,98.9633952768099,43974
"(0.8125, 1.0)",1,98.9633029165476,43975
"(0.9841269841269842, 1.0)",2,98.96329199517606,43977
"(0.9351258309591644, 1.0)",2,98.96328536085451,43979
"(0.8627450980392157, 1.0)",1,98.96319292607328,43980
"(0.9754901960784312, 0.996078431372549)",1,98.96309871728756,43981
"(0.6829089093795301, 0.9996213816771112)",3,98.96292208407937,43984
"(0.9191112362010194, 0.9886710239651416)",1,98.96290454299732,43985
"(0.9320397146712937, 0.996078431372549)",1,98.96282329586666,43986
"(0.875, 1.0)",1,98.96278431003496,43987
"(0.97718610251118, 0.996078431372549)",1,98.96270203222988,43988
"(0.9333333333333332, 1.0)",1,98.96269841269854,43989
"(0.7777777777777776, 1.0)",1,98.96264229597568,43990
"(1.0, 1.0)",1,98.96259588364852,43991
"(0.9841269841269842, 1.0)",1,98.96259588364852,43992
"(0.794853421848428, 0.9988651610017888)",3,98.96258521273822,43995
"(0.875, 1.0)",1,98.96256675423342,43996
"(0.7809206517381179, 1.0)",3,98.9625353994731,43999
"(0.8288330592122024, 0.998110291927316)",1,98.96249159860368,44000
"(0.9855521155830752, 0.996078431372549)",1,98.96248723072082,44001
"(0.9841269841269842, 1.0)",2,98.9623878536922,44003
"(0.7805429557903818, 1.0)",3,98.9623763336949,44006
"(0.9768191721132896, 0.996078431372549)",1,98.96232185984783,44007
"(0.965272331154684, 0.996078431372549)",1,98.96224359919398,44008
"(0.896551724137931, 1.0)",1,98.96217903976525,44009
"(0.9855521155830752, 0.992156862745098)",1,98.96205128835142,44010
"(0.9407729468599032, 1.0)",1,98.96191018469312,44011
"(0.8468468468468467, 1.0)",1,98.96187841026553,44012
"(0.9847494553376906, 0.996078431372549)",1,98.96186160097088,44013
"(0.8611111111111112, 1.0)",1,98.96182481667132,44014
"(0.9168115942028986, 0.9916666666666668)",1,98.9618217073743,44015
"(0.9696969696969696, 1.0)",1,98.96176046176046,44016
"(0.9465811965811968, 1.0)",2,98.96171122190196,44018
"(0.8142769320712446, 0.9996213816771112)",1,98.96155768460532,44019
"(1.0, 1.0)",1,98.96153846153844,44020
"(0.781387254550714, 0.9992431021625652)",1,98.96139145926544,44021
"(0.8138881768037778, 0.996078431372549)",1,98.96122362273788,44022
"(0.777251375157076, 0.998110291927316)",1,98.9609966871101,44023
"(0.8774250440917107, 1.0)",1,98.96097156685448,44024
"(1.0, 1.0)",2,98.96092796092796,44026
"(0.8393402428317523, 1.0)",3,98.96090295374076,44029
"(0.8867623604465709, 0.9841269841269842)",1,98.96083369973542,44030
"(0.909722222222222, 0.992156862745098)",2,98.96067907067108,44032
"(0.9342814048696402, 0.992156862745098)",1,98.96064723030644,44033
"(0.9886710239651416, 0.996078431372549)",1,98.96063580555804,44034
"(0.875, 1.0)",1,98.96061535083275,44035
"(0.9879901960784314, 0.996078431372549)",1,98.96060471920164,44036
"(0.8635440917107585, 0.996078431372549)",1,98.9605729321006,44037
"(0.9347548358074674, 0.996078431372549)",1,98.96039967835507,44038
"(0.9251027896538732, 0.9925925925925926)",1,98.96034616770667,44039
"(0.9881481481481482, 0.996078431372549)",1,98.96028293773638,44040
"(0.8527777777777779, 1.0)",1,98.96016867866666,44041
"(0.9589484126984128, 1.0)",1,98.96015828253388,44042
"(0.941156690746474, 0.996078431372549)",1,98.96013909934824,44043
"(0.8622222222222222, 1.0)",1,98.96010582010582,44044
"(0.817921124237354, 0.9996213816771112)",3,98.96005535661963,44047
"(0.9841269841269842, 1.0)",1,98.96004534552632,44048
"(0.8817204301075269, 0.9841269841269842)",2,98.9599298535344,44050
"(0.8833628057765988, 1.0)",1,98.95982104116374,44051
"(0.9697786951037723, 0.996078431372549)",1,98.95974609726947,44052
"(0.9517488164856586, 0.9925925925925926)",1,98.9597109604074,44053
"(0.9615343915343916, 1.0)",1,98.95965311785652,44054
"(0.9449122174122172, 0.996078431372549)",1,98.95960032348924,44055
"(0.8888888888888888, 1.0)",1,98.95956131825363,44056
"(0.6856760145918833, 1.0)",1,98.95950497578757,44057
"(0.9224211423699916, 1.0)",1,98.95941867800636,44058
"(0.8141495561319372, 0.9973567708333332)",1,98.95941156341804,44059
"(0.9019607843137254, 1.0)",1,98.95936309363084,44060
"(0.8252189403088706, 0.9977333631085306)",1,98.959217084285,44061
"(0.909722222222222, 0.996078431372549)",1,98.95911624471825,44062
"(0.978144708175668, 0.996078431372549)",1,98.95892480963462,44063
"(0.9840686274509804, 0.996078431372549)",1,98.95891157120089,44064
"(0.8096827163210951, 0.9992431021625652)",1,98.95886922049412,44065
"(0.8046935824713601, 1.0)",2,98.95881446159224,44067
"(0.8833628057765988, 1.0)",1,98.95881419565109,44068
"(0.9879901960784314, 1.0)",1,98.95875205290623,44069
"(0.9047619047619048, 1.0)",1,98.95863185363648,44070
"(0.9866666666666668, 1.0)",1,98.95849833219968,44071
"(0.7876902948905437, 0.9984875577410224)",2,98.95843622508654,44073
"(0.8571024784182679, 0.996078431372549)",1,98.95841617561452,44074
"(0.945875350140056, 0.996078431372549)",1,98.9581859356058,44075
"(0.8796296296296295, 1.0)",1,98.95814192343605,44076
"(0.6951518897454978, 1.0)",1,98.95811400528406,44077
"(1.0, 1.0)",1,98.95809745809746,44078
"(0.9523809523809524, 1.0)",2,98.9579453747418,44080
"(0.7650293586269196, 1.0)",1,98.95767337189324,44081
"(0.9261349042540992, 0.992156862745098)",1,98.95767058076638,44082
"(0.9847494553376906, 0.996078431372549)",1,98.95740856958192,44083
"(0.9841269841269842, 1.0)",2,98.95737595737596,44085
"(0.9808278867102396, 0.996078431372549)",1,98.95728242174066,44086
"(0.8925865800865801, 1.0)",1,98.95725349753128,44087
"(0.9615343915343916, 1.0)",1,98.9572520231024,44088
"(0.9449122174122172, 0.996078431372549)",1,98.95704341684946,44089
"(1.0, 1.0)",2,98.95693779904306,44091
"(0.940967320261438, 0.996078431372549)",1,98.95689233010792,44092
"(0.8714344685242518, 0.992156862745098)",1,98.95684417892603,44093
"(0.8900759734093067, 1.0)",2,98.95669397281031,44095
"(0.8832772166105499, 1.0)",1,98.95668839926545,44096
"(0.9841269841269842, 1.0)",1,98.95665445665446,44097
"(0.978144708175668, 0.996078431372549)",2,98.95663766893296,44099
"(0.8897707231040564, 1.0)",1,98.95654170780982,44100
"(0.8129629629629629, 1.0)",1,98.95652460442923,44101
"(0.9565217391304348, 1.0)",3,98.95652173913044,44104
"(0.9197362278244632, 0.996078431372549)",1,98.95643541765703,44105
"(0.6403503049675462, 1.0)",1,98.95637052281477,44106
"(0.9542023172905526, 0.996078431372549)",1,98.95626345223327,44107
"(0.9213117283950616, 1.0)",1,98.95620624745624,44108
"(0.9224211423699916, 0.9841269841269842)",1,98.95615130110028,44109
"(0.9037076648841356, 0.992156862745098)",1,98.95612883218122,44110
"(0.8376068376068376, 1.0)",1,98.95610891327286,44111
"(0.773034398034398, 1.0)",1,98.95608704673724,44112
"(0.8375771604938271, 1.0)",2,98.95601194466391,44114
"(0.8130291548638542, 0.9992431021625652)",2,98.9560004488,44116
"(0.8125, 1.0)",2,98.95584273415795,44118
"(0.9674603174603176, 1.0)",1,98.95583241048357,44119
"(0.9248591174906964, 0.992156862745098)",1,98.955798746718,44120
"(0.8075550947369525, 0.9984875577410224)",3,98.95578979704509,44123
"(0.9261349042540992, 0.996078431372549)",1,98.95576402012182,44124
"(0.7840187590187591, 1.0)",1,98.9556928661616,44125
"(0.8330439814814815, 1.0)",1,98.95569058641976,44126
"(0.9027274557165862, 1.0)",1,98.9556319971628,44127
"(0.9792592592592592, 1.0)",1,98.95560064283146,44128
"(0.9507101086048454, 1.0)",1,98.95558121216015,44129
"(0.683375104427736, 1.0)",1,98.95551075757024,44130
"(0.9427450980392156, 0.996078431372549)",1,98.95550590661352,44131
"(0.8714344685242518, 0.996078431372549)",1,98.95548374651044,44132
"(0.9047619047619048, 1.0)",1,98.95543734170737,44133
"(0.978144708175668, 0.996078431372549)",1,98.95542201214252,44134
"(0.954188034188034, 0.996078431372549)",1,98.95535260145697,44135
"(0.7945136049087845, 0.9996213816771112)",3,98.9553102532224,44138
"(0.8629111521008016, 0.9977333631085306)",1,98.95530900570742,44139
"(0.8275096819218369, 0.998863042500364)",3,98.95526564937649,44142
"(0.7650293586269196, 1.0)",1,98.95525242772676,44143
"(0.9380939833113746, 0.9925925925925926)",1,98.955134534779,44144
"(0.879008834302952, 0.996078431372549)",1,98.95509759643808,44145
"(0.8322024010346378, 0.998110291927316)",3,98.95506169356518,44148
"(0.9841269841269842, 1.0)",1,98.95498481356682,44149
"(0.9037076648841356, 0.996078431372549)",1,98.95496242733412,44150
"(0.8762481299794732, 1.0)",1,98.95488310257196,44151
"(0.9333333333333332, 1.0)",1,98.95475498089192,44152
"(0.9449965600275196, 0.996078431372549)",1,98.95464900911496,44153
"(1.0, 1.0)",1,98.95454545454544,44154
"(0.965272331154684, 0.996078431372549)",1,98.95450892671067,44155
"(0.697755081717614, 1.0)",3,98.95443461130084,44158
"(0.9255470304063654, 0.9925925925925926)",1,98.954404386214,44159
"(0.9142520753512132, 1.0)",1,98.95428896943451,44160
"(0.9394676075558428, 0.996078431372549)",1,98.95427329347147,44161
"(0.9391865079365078, 1.0)",1,98.95411719402443,44162
"(0.7610695631528964, 1.0)",2,98.95402921923755,44164
"(0.9049532029717788, 0.9925925925925926)",1,98.95400199043148,44165
"(0.97718610251118, 0.996078431372549)",2,98.95398517113846,44167
"(0.9841269841269842, 1.0)",1,98.95392515073888,44168
"(0.8748472964943552, 0.996078431372549)",1,98.95392282237636,44169
"(0.9841269841269842, 1.0)",1,98.95391156462586,44170
"(0.794986116631746, 0.9992431021625652)",3,98.95384085942466,44173
"(0.9841269841269842, 1.0)",2,98.95382395382396,44175
"(0.8714344685242518, 0.996078431372549)",1,98.9537129621028,44176
"(0.8832772166105499, 1.0)",1,98.95360872138043,44177
"(0.9047619047619048, 1.0)",1,98.95344736509624,44178
"(0.9691305469556244, 0.996078431372549)",1,98.95343361052537,44179
"(0.9674603174603176, 1.0)",1,98.95342484578984,44180
"(0.9803921568627452, 0.992156862745098)",1,98.95323820171348,44181
"(0.992156862745098, 0.996078431372549)",2,98.95323160327234,44183
"(0.9421840958605664, 0.992156862745098)",1,98.9532159951043,44184
"(0.9811403508771928, 0.996078431372549)",1,98.95312454312618,44185
"(0.9691305469556244, 0.996078431372549)",1,98.95274773472144,44186
"(1.0, 0.996078431372549)",1,98.95269100077792,44187
"(0.8831064306064307, 1.0)",1,98.95267165855287,44188
"(0.7544006919006919, 1.0)",1,98.95266094293684,44189
"(0.9342814048696402, 0.996078431372549)",1,98.95264504333812,44190
"(0.7707924493038034, 1.0)",1,98.95261599442698,44191
"(0.9230769230769232, 1.0)",1,98.95253740292104,44192
"(0.8857001484413657, 1.0)",1,98.9525233385758,44193
"(0.976851851851852, 0.996078431372549)",1,98.95246305380226,44194
"(0.9565217391304348, 1.0)",1,98.95245669848003,44195
"(0.91484126984127, 0.9925925925925926)",1,98.95238979057848,44196
"(0.9841269841269842, 1.0)",1,98.95238095238096,44197
"(0.8817204301075269, 1.0)",2,98.95237822181797,44199
"(0.8330439814814815, 1.0)",2,98.95236690078714,44201
"(0.801903073699499, 0.9988651610017888)",1,98.95228169947843,44202
"(0.9886710239651416, 0.996078431372549)",1,98.95227137655218,44203
"(0.936026936026936, 1.0)",1,98.95223766942382,44204
"(1.0, 1.0)",1,98.95221445221443,44205
"(0.9206349206349206, 0.9841269841269842)",2,98.95219273480151,44207
"(0.9523809523809524, 1.0)",1,98.95208188437356,44208
"(0.8817204301075269, 1.0)",1,98.95187853287432,44209
"(0.9788235294117646, 0.996078431372549)",1,98.95187290337648,44210
"(0.833064949006978, 1.0)",1,98.95186194148822,44211
"(0.8740392648287385, 1.0)",1,98.9518462757232,44212
"(0.8635440917107585, 0.996078431372549)",1,98.9518410431942,44213
"(0.9172932330827066, 1.0)",1,98.9518347149926,44214
"(0.7162037037037038, 1.0)",2,98.95183054085832,44216
"(0.9803376906318084, 0.996078431372549)",1,98.95171745287826,44217
"(0.9386724386724388, 1.0)",1,98.95165980021054,44218
"(0.8518518518518519, 0.9841269841269842)",1,98.95165310160932,44219
"(0.9641868969810148, 0.996078431372549)",1,98.95164100185268,44220
"(0.9565217391304348, 1.0)",1,98.95147123407992,44221
"(0.9591269841269842, 0.996078431372549)",1,98.95140504633562,44222
"(0.9230769230769232, 1.0)",1,98.95135055003476,44223
"(0.781387254550714, 0.9996213816771112)",3,98.95130784671989,44226
"(1.0, 1.0)",1,98.95120676474828,44227
"(0.9110756689704058, 0.9925925925925926)",1,98.95116269208346,44228
"(0.9803921568627452, 0.996078431372549)",1,98.95102346788994,44229
"(0.9841269841269842, 1.0)",1,98.950996372049,44230
"(0.9478416778726376, 0.9925925925925926)",1,98.95098614119492,44231
"(0.7982512875968919, 0.9966045941123998)",1,98.95097246854904,44232
"(0.8402777777777779, 1.0)",1,98.9509636888992,44233
"(0.816275274730192, 0.998110291927316)",1,98.9508503402314,44234
"(0.8332955758664687, 1.0)",3,98.95079975007408,44237
"(0.8592532467532467, 1.0)",1,98.950781073364,44238
"(0.8275809031622985, 1.0)",1,98.95074388986696,44239
"(0.8112491373360938, 1.0)",2,98.95065192783264,44241
"(0.941156690746474, 0.996078431372549)",1,98.95057832208592,44242
"(0.97718610251118, 0.996078431372549)",1,98.95049866809944,44243
"(0.8897707231040564, 1.0)",1,98.9504620516982,44244
"(0.8977777777777779, 1.0)",1,98.95029289551027,44245
"(0.9365260121142476, 0.9894736842105264)",1,98.95023255726022,44246
"(0.5, 1.0)",1,98.95021645021644,44247
"(1.0, 1.0)",1,98.95009719612052,44248
"(0.8141495561319372, 1.0)",1,98.95001383742348,44249
"(0.8832772166105499, 1.0)",1,98.9500030510088,44250
"(0.8373015873015873, 1.0)",1,98.9499439062082,44251
"(0.7913587204505935, 0.9992431021625652)",3,98.9499179624068,44254
"(0.7650293586269196, 1.0)",1,98.94984053950952,44255
"(0.9056772399713576, 0.9925925925925926)",1,98.9498145440155,44256
"(0.9145622351504704, 0.992156862745098)",1,98.94975344311968,44257
"(0.9704901960784316, 0.996078431372549)",1,98.94974725075922,44258
"(0.9399138116785176, 0.992156862745098)",1,98.94973013619476,44259
"(0.9696969696969696, 1.0)",1,98.94965127465127,44260
"(0.90934937783235, 0.996078431372549)",1,98.94948273691509,44261
"(0.8867623604465709, 1.0)",1,98.94946737727064,44262
"(0.8439484126984128, 1.0)",1,98.94912478240762,44263
"(0.7410714285714286, 1.0)",1,98.94911178058712,44264
"(0.8358616184543919, 0.9996213816771112)",3,98.94906303829345,44267
"(0.7953303221629203, 0.9988651610017888)",2,98.94885486639842,44269
"(0.9358798064680418, 0.996078431372549)",1,98.94884591037231,44270
"(0.8356009070294784, 1.0)",1,98.94877839671445,44271
"(0.91484126984127, 0.9925925925925926)",1,98.94872223934746,44272
"(0.9292181620122796, 0.996078431372549)",1,98.9486762618379,44273
"(0.8423371647509579, 1.0)",1,98.94866108320724,44274
"(0.8627450980392157, 1.0)",1,98.9485134963076,44275
"(0.8889459760512393, 0.996078431372549)",1,98.94844872995732,44276
"(0.9213117283950616, 1.0)",1,98.94842488199434,44277
"(0.8611111111111112, 1.0)",1,98.94835150215896,44278
"(0.7840187590187591, 1.0)",2,98.94834036456326,44280
"(0.9049532029717788, 0.9925925925925926)",2,98.94832951734638,44282
"(0.6277229681279826, 1.0)",2,98.94832379352962,44284
"(1.0, 1.0)",2,98.94831591173056,44286
"(0.9847494553376906, 0.996078431372549)",1,98.94822289897644,44287
"(0.976851851851852, 0.996078431372549)",1,98.94820163152993,44288
"(0.909722222222222, 0.9916666666666668)",1,98.94814057201806,44289
"(0.7982954545454546, 1.0)",1,98.94808283191904,44290
"(0.8571428571428572, 1.0)",1,98.94806327903024,44291
"(0.8521317829457364, 1.0)",1,98.94786703301982,44292
"(0.9047619047619048, 1.0)",1,98.94785443519696,44293
"(0.9411376480416728, 0.996078431372549)",1,98.94782714727972,44294
"(0.7610695631528964, 1.0)",1,98.9477797192165,44295
"(0.8888888888888888, 1.0)",1,98.94762216054016,44296
"(0.8627450980392157, 1.0)",1,98.94761382893128,44297
"(0.8627450980392157, 1.0)",1,98.94755999074884,44298
"(0.9059134765017116, 0.996078431372549)",1,98.9474873800565,44299
"(0.735042735042735, 1.0)",1,98.94745225995226,44300
"(0.9217244500139238, 0.996078431372549)",1,98.94743808150746,44301
"(0.992156862745098, 0.996078431372549)",1,98.9474185845463,44302
"(0.9261349042540992, 0.996078431372549)",1,98.94713403677792,44303
"(0.773034398034398, 1.0)",1,98.94705047647756,44304
"(0.7929526541282406, 0.9996213816771112)",1,98.94694290541725,44305
"(0.965272331154684, 0.996078431372549)",1,98.9469078611249,44306
"(0.9610423116615068, 0.992156862745098)",1,98.9469044628637,44307
"(0.8888888888888888, 1.0)",1,98.946903453921,44308
"(0.9019607843137254, 1.0)",2,98.9468584627893,44310
"(0.9731377053745476, 0.996078431372549)",1,98.9468093838304,44311
"(0.7971704623878537, 0.996078431372549)",1,98.94674191652352,44312
"(0.9135802469135802, 1.0)",1,98.94664098916704,44313
"(0.9444444444444444, 0.9841269841269842)",2,98.94662149444773,44315
"(0.8360894525677901, 0.9992431021625652)",3,98.9465765684501,44318
"(0.8417927170868348, 0.996078431372549)",1,98.94644033596153,44319
"(0.7410714285714286, 1.0)",1,98.94643576029446,44320
"(0.9841269841269842, 1.0)",1,98.94632774281897,44321
"(0.5, 1.0)",1,98.94632244724198,44322
"(0.7840187590187591, 1.0)",1,98.9462465413354,44323
"(1.0, 1.0)",1,98.94623251145,44324
"(0.879008834302952, 0.996078431372549)",1,98.94621473677772,44325
"(0.996078431372549, 1.0)",1,98.94612357447484,44326
"(0.7996201329534663, 1.0)",1,98.94608796238089,44327
"(0.8032476963849514, 1.0)",3,98.94605571942915,44330
"(0.7707924493038034, 1.0)",1,98.94603687189688,44331
"(0.9138847117794486, 0.996078431372549)",1,98.94579473884752,44332
"(0.9879901960784314, 1.0)",1,98.94562697737769,44333
"(0.9754435107376284, 0.996078431372549)",1,98.94562510520608,44334
"(0.8748472964943552, 0.996078431372549)",1,98.94558492282722,44335
"(0.90934937783235, 0.992156862745098)",1,98.9455763559528,44336
"(0.7777777777777776, 1.0)",2,98.94550916545803,44338
"(0.9318498265866688, 0.996078431372549)",1,98.94534188631428,44339
"(0.8714344685242518, 0.996078431372549)",1,98.94534166982928,44340
"(0.9365260121142476, 0.9894736842105264)",1,98.94531784819758,44341
"(0.9138847117794486, 0.992156862745098)",1,98.9451568329795,44342
"(0.9840686274509804, 0.996078431372549)",1,98.94507595461636,44343
"(0.9565217391304348, 1.0)",2,98.94492222753092,44345
"(1.0, 1.0)",1,98.94489337822674,44346
"(0.941156690746474, 0.996078431372549)",1,98.94487731593097,44347
"(0.875, 1.0)",1,98.944770055251,44348
"(0.9466207660652104, 1.0)",2,98.94476980315916,44350
"(0.8803174603174604, 1.0)",1,98.94473701079178,44351
"(0.5951421188630491, 1.0)",1,98.94453350124957,44352
"(0.8037953410694374, 1.0)",3,98.94448819514724,44355
"(0.8686868686868687, 1.0)",1,98.94435060867974,44356
"(0.8731060606060606, 1.0)",1,98.94429763908931,44357
"(0.5951421188630491, 1.0)",1,98.94426687037954,44358
"(0.9342814048696402, 0.992156862745098)",1,98.9442368708761,44359
"(0.9696969696969696, 1.0)",1,98.9441008285681,44360
"(0.9792592592592592, 1.0)",1,98.94408103498832,44361
"(0.896551724137931, 1.0)",2,98.9439981249312,44363
"(0.8439484126984128, 1.0)",1,98.94393087622254,44364
"(0.9351326548694968, 0.996078431372549)",1,98.94380021051064,44365
"(0.9696969696969696, 1.0)",1,98.94368750546288,44366
"(0.9047619047619048, 1.0)",1,98.94368297972376,44367
"(0.7707924493038034, 1.0)",1,98.94365591951592,44368
"(0.8763636363636363, 1.0)",1,98.94362353695686,44369
"(0.8622222222222222, 1.0)",1,98.9436075036075,44370
"(0.7765567765567766, 1.0)",1,98.94360596943778,44371
"(0.8686868686868687, 1.0)",1,98.94357813000744,44372
"(0.8958946706887884, 0.996078431372549)",1,98.94349365446844,44373
"(1.0, 1.0)",1,98.94345722028648,44374
"(0.896551724137931, 1.0)",1,98.9434299304021,44375
"(0.8803174603174604, 1.0)",2,98.9434206259782,44377
"(0.9280112044817928, 0.992156862745098)",1,98.94340701868768,44378
"(0.9280112044817928, 0.996078431372549)",1,98.94339140026229,44379
"(0.9342814048696402, 0.992156862745098)",1,98.94330545787176,44380
"(0.9433625730994152, 0.996078431372549)",1,98.94322863573484,44381
"(0.7996201329534663, 1.0)",2,98.9431881757719,44383
"(0.8889459760512393, 0.996078431372549)",1,98.94304980173222,44384
"(0.9841269841269842, 1.0)",2,98.94304650226952,44386
"(0.9292181620122796, 0.996078431372549)",1,98.94297726995951,44387
"(0.9764161220043572, 0.996078431372549)",1,98.94293107363926,44388
"(0.879008834302952, 0.9916666666666668)",1,98.94284522552304,44389
"(0.9269637391618816, 0.9894736842105264)",1,98.94283948412168,44390
"(0.7450665795206972, 0.9973567708333332)",1,98.9428106814854,44391
"(0.9352372919478182, 0.9925925925925926)",1,98.94279646766472,44392
"(0.9445350241545892, 1.0)",1,98.94265585552178,44393
"(0.8168138291257306, 1.0)",1,98.9425741064032,44394
"(0.7507000690289922, 0.9987530712530712)",1,98.9425654153711,44395
"(0.9763834422657952, 0.996078431372549)",1,98.94234854878928,44396
"(0.9452536570183628, 0.9925925925925926)",1,98.94227623210196,44397
"(0.9342814048696402, 0.996078431372549)",1,98.942247701459,44398
"(0.8970659722222223, 1.0)",1,98.9421943476278,44399
"(0.9230769230769232, 1.0)",2,98.94216899861446,44401
"(0.9565217391304348, 1.0)",2,98.94203511827126,44403
"(0.8375771604938271, 1.0)",2,98.94200112235949,44405
"(0.9019607843137254, 1.0)",1,98.94194413389135,44406
"(0.9696969696969696, 1.0)",1,98.9419191919192,44407
"(0.851937321937322, 0.9996213816771112)",3,98.94187437455685,44410
"(0.8615967365967366, 1.0)",1,98.94166127247044,44411
"(0.9230116959064328, 0.996078431372549)",1,98.94152561141416,44412
"(0.9202401372212692, 1.0)",2,98.94150368165008,44414
"(0.9589484126984128, 1.0)",1,98.94141809204632,44415
"(0.9841269841269842, 1.0)",1,98.94140067623326,44416
"(0.9280112044817928, 0.996078431372549)",1,98.94135297434912,44417
"(0.6507794531050345, 1.0)",1,98.9413335910613,44418
"(0.8030970977631271, 0.9996213816771112)",3,98.94130878014182,44421
"(1.0, 1.0)",1,98.94126984126984,44422
"(0.9811403508771928, 0.996078431372549)",1,98.94124736571489,44423
"(0.9840686274509804, 1.0)",1,98.94119272765803,44424
"(0.9743589743589745, 1.0)",1,98.94116235866468,44425
"(0.9759803921568628, 0.996078431372549)",1,98.94112266883585,44426
"(0.8275809031622985, 1.0)",1,98.94110509061504,44427
"(0.9800599128540306, 0.996078431372549)",1,98.94109731097038,44428
"(0.7982512875968919, 0.9984875577410224)",3,98.94108740880246,44431
"(0.9171090534979424, 1.0)",1,98.94107276725332,44432
"(0.9696969696969696, 1.0)",1,98.94103092363962,44433
"(0.7971704623878537, 0.996078431372549)",1,98.9409337354017,44434
"(0.980582788671024, 0.996078431372549)",1,98.94093034130204,44435
"(0.9236094950800832, 0.996078431372549)",1,98.94079662139268,44436
"(0.875959595959596, 0.996078431372549)",1,98.94071326989848,44437
"(0.9018073680369506, 0.996078431372549)",1,98.9406605905692,44438
"(0.9841269841269842, 1.0)",1,98.94064872325742,44439
"(0.9565217391304348, 1.0)",3,98.94064872325742,44442
"(0.9841269841269842, 1.0)",1,98.9406300835329,44443
"(0.9342814048696402, 0.992156862745098)",1,98.94061843661144,44444
"(0.8571024784182679, 0.992156862745098)",1,98.94057714778796,44445
"(0.9280112044817928, 0.996078431372549)",1,98.94053777033668,44446
"(0.9691305469556244, 0.996078431372549)",1,98.94049003583136,44447
"(0.9444444444444444, 1.0)",2,98.94037940379404,44449
"(0.9192251461988304, 0.996078431372549)",1,98.94036404803263,44450
"(0.9339072354087834, 0.996078431372549)",1,98.94030158108238,44451
"(0.9037076648841356, 0.996078431372549)",1,98.94025970466616,44452
"(0.8900759734093067, 1.0)",1,98.93997358736942,44453
"(0.8719806763285025, 0.9841269841269842)",1,98.93996486847986,44454
"(0.8897707231040564, 1.0)",1,98.93991955441231,44455
"(0.9841269841269842, 1.0)",1,98.93989892720543,44456
"(0.9444444444444444, 1.0)",1,98.93989456997588,44457
"(0.9269637391618816, 0.9925925925925926)",1,98.93988838217147,44458
"(0.7650293586269196, 1.0)",1,98.93978373223574,44459
"(0.9342814048696402, 0.996078431372549)",1,98.93977579629036,44460
"(0.9224211423699916, 1.0)",1,98.93973715968612,44461
"(0.7971704623878537, 0.996078431372549)",1,98.93964564916668,44462
"(0.6856760145918833, 1.0)",1,98.93963041942934,44463
"(0.8339307048984469, 1.0)",1,98.93938843779246,44464
"(0.9333333333333332, 1.0)",2,98.939354955297,44466
"(0.9230769230769232, 1.0)",1,98.93914656414655,44467
"(0.9047619047619048, 1.0)",1,98.939055335269,44468
"(0.8970659722222223, 1.0)",1,98.93897795410732,44469
"(0.9543049270990448, 0.992156862745098)",2,98.93884609714308,44471
"(0.9841269841269842, 1.0)",1,98.938786359839,44472
"(0.7845181450403569, 0.9996213816771112)",1,98.93874727794166,44473
"(0.909722222222222, 0.996078431372549)",1,98.93871054420332,44474
"(0.9172932330827066, 1.0)",2,98.93867771280053,44476
"(0.875, 1.0)",1,98.9386740809631,44477
"(0.81681801994302, 1.0)",1,98.93858780441298,44478
"(0.9168115942028986, 0.996078431372549)",1,98.93857479602812,44479
"(0.922050500014663, 1.0)",1,98.93852393221552,44480
"(0.965272331154684, 0.996078431372549)",1,98.93841908693295,44481
"(0.8125, 1.0)",1,98.93838902308104,44482
"(0.984504357298475, 1.0)",1,98.9383381877268,44483
"(0.8589726631393297, 1.0)",1,98.93832163782022,44484
"(0.8275096819218369, 0.9992431021625652)",3,98.9383031611407,44487
"(0.5951421188630491, 1.0)",1,98.93812005504184,44488
"(0.9841269841269842, 1.0)",1,98.93811910043794,44489
"(0.992156862745098, 0.996078431372549)",1,98.93784026242076,44490
"(0.9280112044817928, 0.992156862745098)",1,98.93776586201388,44491
"(0.9333333333333332, 1.0)",1,98.93775162221888,44492
"(0.6944444444444445, 1.0)",1,98.93760444999256,44493
"(0.9386724386724388, 1.0)",1,98.9375077686672,44494
"(0.9628070175438596, 0.9886710239651416)",1,98.93750745327355,44495
"(0.8817204301075269, 1.0)",1,98.9374317495001,44496
"(1.0, 1.0)",1,98.9373342706676,44497
"(0.7400546757164405, 1.0)",2,98.9373076542194,44499
"(0.940311437215462, 0.996078431372549)",1,98.9372595169423,44500
"(0.8889459760512393, 0.996078431372549)",1,98.93723785707869,44501
"(0.8437745173867689, 0.9988651610017888)",3,98.93716489603564,44504
"(0.8527777777777779, 1.0)",1,98.93709048340888,44505
"(0.7809206517381179, 0.9977333631085306)",3,98.93700997357398,44508
"(0.9565217391304348, 1.0)",1,98.93698571959442,44509
"(0.9230116959064328, 0.9925925925925926)",1,98.93694660214264,44510
"(0.9788235294117646, 0.996078431372549)",1,98.93681753708609,44511
"(0.822542735042735, 1.0)",1,98.93671661531287,44512
"(0.8125, 1.0)",1,98.93663624988092,44513
"(0.9280112044817928, 0.992156862745098)",1,98.93662965593798,44514
"(0.9358798064680418, 0.996078431372549)",1,98.93661726736455,44515
"(0.9491329966329968, 0.996078431372549)",1,98.93661644909344,44516
"(0.914421596921597, 0.992156862745098)",1,98.93653780375166,44517
"(1.0, 0.9696969696969696)",1,98.93648005242208,44518
"(0.8112491373360938, 1.0)",1,98.93643405066442,44519
"(0.9696969696969696, 1.0)",1,98.93635832766267,44520
"(0.9667927989909412, 0.996078431372549)",1,98.9363028298486,44521
"(0.8832772166105499, 1.0)",1,98.93611297310764,44522
"(0.9125701913010372, 0.9913490623109498)",3,98.93607164906406,44525
"(0.9466013071895424, 0.996078431372549)",1,98.93592435294715,44526
"(0.9674603174603176, 1.0)",1,98.93589435396017,44527
"(0.9047619047619048, 1.0)",1,98.93583880277428,44528
"(0.954722222222222, 0.996078431372549)",1,98.93579221747189,44529
"(0.801903073699499, 0.9992431021625652)",3,98.9357271580676,44532
"(0.9023809523809524, 1.0)",1,98.93556063468348,44533
"(0.9602089783281734, 0.996078431372549)",1,98.93552388818708,44534
"(0.9280112044817928, 0.996078431372549)",1,98.93550365795676,44535
"(0.9280112044817928, 0.992156862745098)",1,98.93547918726397,44536
"(0.8423371647509579, 1.0)",1,98.9354666387628,44537
"(0.9399223139548216, 0.996078431372549)",2,98.93544007024768,44539
"(0.912041847041847, 0.9894736842105264)",2,98.93542173897484,44541
"(0.9197362278244632, 0.9916666666666668)",1,98.93541693107429,44542
"(0.9696969696969696, 1.0)",1,98.93532889874352,44543
"(0.683375104427736, 1.0)",1,98.93526353363929,44544
"(0.9135802469135802, 1.0)",1,98.9352252685586,44545
"(0.8078308130291714, 1.0)",1,98.93515742951185,44546
"(0.9764161220043572, 0.996078431372549)",1,98.9350334701534,44547
"(0.9230769230769232, 0.9696969696969696)",1,98.93498168498168,44548
"(0.875, 1.0)",1,98.93491140881002,44549
"(0.9759803921568628, 0.996078431372549)",1,98.93486763997537,44550
"(0.9491329966329968, 0.996078431372549)",2,98.93486748035336,44552
"(0.9399223139548216, 0.996078431372549)",1,98.93476409123562,44553
"(0.8309016086793863, 1.0)",2,98.93475547777044,44555
"(0.8170426065162907, 1.0)",1,98.93474477519176,44556
"(0.8714344685242518, 0.992156862745098)",1,98.93473677504524,44557
"(0.9138847117794486, 0.996078431372549)",1,98.93463371894566,44558
"(0.9763834422657952, 0.996078431372549)",1,98.9345935979195,44559
"(0.9399223139548216, 0.996078431372549)",1,98.93457430818826,44560
"(0.9565217391304348, 1.0)",1,98.93457405496386,44561
"(0.7060302638370186, 0.9992431021625652)",1,98.93456233050912,44562
"(0.9879901960784314, 0.992156862745098)",1,98.93455927400193,44563
"(0.9697786951037723, 0.996078431372549)",1,98.93448517230534,44564
"(0.7809206517381179, 0.998110291927316)",3,98.93448422991008,44567
"(0.980582788671024, 0.996078431372549)",2,98.93438445373698,44569
"(0.9444444444444444, 1.0)",1,98.93423844817032,44570
"(0.9733828034137632, 0.996078431372549)",1,98.93423141238924,44571
"(0.9037076648841356, 0.996078431372549)",1,98.93411246368365,44572
"(0.9881481481481482, 0.996078431372549)",1,98.93407802802436,44573
"(0.9734204793028324, 0.9894736842105264)",1,98.93406837429264,44574
"(0.9620227038183696, 0.992156862745098)",1,98.9340544580404,44575
"(0.8309016086793863, 1.0)",1,98.93402975400892,44576
"(0.9236094950800832, 0.996078431372549)",1,98.933882361741,44577
"(0.90934937783235, 0.9916666666666668)",1,98.9337690855181,44578
"(0.89, 1.0)",1,98.9336824845679,44579
"(0.7972547541248621, 0.9992431021625652)",1,98.93360783786038,44580
"(0.9255470304063654, 0.9925925925925926)",1,98.93348842884878,44581
"(0.9881481481481482, 0.996078431372549)",1,98.9334320351492,44582
"(0.91484126984127, 0.9925925925925926)",1,98.9334251887888,44583
"(0.9145622351504704, 0.992156862745098)",1,98.93342118998028,44584
"(0.9497685185185184, 1.0)",1,98.93340043670926,44585
"(0.9841269841269842, 1.0)",1,98.93334595904976,44586
"(0.8791208791208792, 1.0)",2,98.9333227159314,44588
"(0.9342814048696402, 0.996078431372549)",1,98.93329844197878,44589
"(0.9444444444444444, 1.0)",2,98.93318378441992,44591
"(0.9754435107376284, 0.996078431372549)",1,98.93298421904022,44592
"(0.7193833327726759, 1.0)",2,98.93293568910748,44594
"(0.8831018518518517, 1.0)",1,98.93292137124126,44595
"(0.9289529914529916, 1.0)",1,98.93284987762138,44596
"(0.8428707773135018, 0.9988651610017888)",1,98.93283268526427,44597
"(0.9704892057833234, 0.996078431372549)",1,98.93265252161407,44598
"(0.9841269841269842, 1.0)",1,98.93263113629246,44599
"(0.8498168498168498, 1.0)",1,98.9325296925298,44600
"(0.9248591174906964, 0.996078431372549)",1,98.93245830530466,44601
"(0.7777777777777776, 1.0)",1,98.93233926567272,44602
"(0.9386724386724388, 1.0)",1,98.93212343212345,44603
"(0.8611111111111112, 1.0)",1,98.93205646869872,44604
"(0.7777777777777776, 0.9841269841269842)",1,98.93203555703565,44605
"(0.8402777777777779, 1.0)",1,98.93197082780416,44606
"(0.8046935824713601, 1.0)",1,98.93194533742896,44607
"(0.9411376480416728, 0.992156862745098)",1,98.93192524079495,44608
"(0.984504357298475, 1.0)",1,98.9318797283728,44609
"(0.978144708175668, 0.996078431372549)",1,98.93171023720414,44610
"(0.9704892057833234, 0.996078431372549)",1,98.9316832934396,44611
"(0.9209085933223864, 0.9925925925925926)",2,98.93168003750698,44613
"(0.7913587204505935, 0.9992431021625652)",3,98.93166573056337,44616
"(0.9449965600275196, 0.9925925925925926)",1,98.931626198592,44617
"(0.9507101086048454, 1.0)",1,98.93157894736856,44618
"(0.8990289449112978, 0.9925925925925926)",1,98.93155112140302,44619
"(0.9272424525365702, 0.996078431372549)",1,98.93154106522024,44620
"(0.9037076648841356, 0.996078431372549)",1,98.93146527935572,44621
"(0.954722222222222, 0.992156862745098)",1,98.93146082939448,44622
"(0.9224211423699916, 1.0)",1,98.93143840466948,44623
"(0.8635440917107585, 0.996078431372549)",1,98.93138218020276,44624
"(0.8888888888888888, 1.0)",1,98.9313291788098,44625
"(0.996078431372549, 0.996078431372549)",1,98.93126908891772,44626
"(0.7707924493038034, 1.0)",1,98.93122608803708,44627
"(0.9697786951037723, 0.996078431372549)",1,98.93109195647094,44628
"(0.9841269841269842, 1.0)",2,98.93098583218158,44630
"(0.7971638793175897, 0.9988651610017888)",3,98.93087830424524,44633
"(0.9236094950800832, 0.992156862745098)",1,98.9307672071266,44634
"(0.9168115942028986, 0.992156862745098)",1,98.93074866218004,44635
"(0.9395009173259948, 0.996078431372549)",1,98.93073868946551,44636
"(0.7612232401368701, 1.0)",3,98.9307173490574,44639
"(0.996078431372549, 0.996078431372549)",1,98.93069313281327,44640
"(0.9517488164856586, 0.9925925925925926)",2,98.93066442472774,44642
"(0.9682902108211704, 1.0)",1,98.9306633090184,44643
"(0.9696969696969696, 1.0)",4,98.93062493062492,44647
"(0.7971704623878537, 0.996078431372549)",1,98.93060506948306,44648
"(0.9288733763656364, 0.996078431372549)",1,98.9305977083546,44649
"(0.9440010156109228, 0.996078431372549)",1,98.93053426335184,44650
"(0.9399138116785176, 0.992156862745098)",1,98.93052303416016,44651
"(0.6856760145918833, 1.0)",1,98.93052159007117,44652
"(0.8439484126984128, 1.0)",1,98.9305049502966,44653
"(0.9816305469556244, 0.996078431372549)",1,98.9304767573857,44654
"(0.9925925925925926, 0.996078431372549)",1,98.93045152428316,44655
"(0.683375104427736, 1.0)",1,98.93020754828612,44656
"(0.9351258309591644, 1.0)",1,98.93010485913264,44657
"(0.7540207076555069, 0.9977333631085306)",1,98.93009832035465,44658
"(0.7707924493038034, 1.0)",1,98.9300824168934,44659
"(0.9696969696969696, 1.0)",1,98.93007880820824,44660
"(0.9879901960784314, 0.996078431372549)",1,98.92984803855262,44661
"(0.7728202166859154, 0.9996213816771112)",3,98.92979498651592,44664
"(0.8312992626493769, 1.0)",4,98.9297801629155,44668
"(0.8731060606060606, 1.0)",1,98.92973103221368,44669
"(0.8468468468468467, 1.0)",1,98.92958351345447,44670
"(0.9351326548694968, 0.992156862745098)",1,98.92953627723864,44671
"(0.8763636363636363, 1.0)",1,98.9295111626233,44672
"(0.9399138116785176, 0.996078431372549)",1,98.92943687108384,44673
"(0.7496650452295612, 1.0)",2,98.92940931330716,44675
"(1.0, 1.0)",1,98.92938784243132,44676
"(0.9248591174906964, 0.992156862745098)",1,98.92932597498913,44677
"(0.9023809523809524, 1.0)",1,98.92926614634212,44678
"(0.9763834422657952, 0.996078431372549)",1,98.92925741641696,44679
"(0.7773744927424904, 0.9988651610017888)",3,98.92919350414572,44682
"(0.9841269841269842, 1.0)",2,98.92918192918194,44684
"(1.0, 0.9696969696969696)",1,98.9291047117134,44685
"(0.965272331154684, 0.996078431372549)",2,98.92903697151374,44687
"(0.9391865079365078, 1.0)",1,98.92903514548355,44688
"(0.9813854489164088, 0.996078431372549)",1,98.92902427804634,44689
"(0.8013468013468013, 1.0)",1,98.9289772727273,44690
"(0.9674603174603176, 1.0)",1,98.92891471273823,44691
"(0.9886710239651416, 0.996078431372549)",2,98.92888786120275,44693
"(0.932852564102564, 1.0)",1,98.9287501628049,44694
"(0.7875946738953866, 0.9988651610017888)",3,98.9287455817377,44697
"(0.9731377053745476, 0.996078431372549)",2,98.92866818137716,44699
"(0.879008834302952, 0.996078431372549)",1,98.92865519926724,44700
"(0.9230769230769232, 1.0)",2,98.92863472812748,44702
"(0.9444444444444444, 1.0)",2,98.92857142857144,44704
"(0.6856760145918833, 1.0)",1,98.92849516231423,44705
"(0.8889459760512393, 0.996078431372549)",2,98.92848115621352,44707
"(0.8714344685242518, 0.996078431372549)",1,98.9284184808742,44708
"(0.9696969696969696, 1.0)",1,98.9283574662885,44709
"(0.8176097867714723, 0.9992431021625652)",3,98.92832961363408,44712
"(0.9696969696969696, 1.0)",1,98.92822781269508,44713
"(0.8873002904865649, 1.0)",1,98.9281172555866,44714
"(0.980582788671024, 0.996078431372549)",1,98.92804594621926,44715
"(0.9763834422657952, 0.9894736842105264)",1,98.92801341589248,44716
"(0.9568181818181818, 0.996078431372549)",1,98.92799355667172,44717
"(0.9667927989909412, 0.996078431372549)",1,98.92795055805192,44718
"(0.8231382557771446, 0.9977333631085306)",1,98.92790721238734,44719
"(0.9704892057833234, 0.996078431372549)",1,98.9278446770684,44720
"(0.8686868686868687, 1.0)",1,98.92780601041474,44721
"(0.91484126984127, 0.9925925925925926)",1,98.92778178929832,44722
"(0.9047619047619048, 1.0)",1,98.92773745636948,44723
"(0.8125, 1.0)",1,98.9277178771744,44724
"(0.8253968253968256, 1.0)",2,98.92769879696787,44726
"(0.9047619047619048, 1.0)",1,98.92759186458652,44727
"(0.8600272232304901, 1.0)",1,98.92749553433316,44728
"(0.941156690746474, 0.996078431372549)",1,98.9274927068118,44729
"(0.976623544154504, 1.0)",1,98.92742762438652,44730
"(0.9236728184096604, 0.9925925925925926)",1,98.92739276874777,44731
"(0.9840686274509804, 0.996078431372549)",1,98.92721968951832,44732
"(0.9138847117794486, 0.996078431372549)",1,98.927022920913,44733
"(0.9197362278244632, 0.9916666666666668)",1,98.92696876251811,44734
"(0.8892724867724868, 0.996078431372549)",1,98.92689481012688,44735
"(0.9065438871473354, 1.0)",1,98.92682280302546,44736
"(0.9399138116785176, 0.992156862745098)",1,98.92678066174771,44737
"(0.8469839324618735, 1.0)",1,98.92674032575994,44738
"(0.9135802469135802, 1.0)",1,98.9267379758608,44739
"(0.9841269841269842, 1.0)",1,98.92663632663634,44740
"(0.8571024784182679, 0.992156862745098)",1,98.9265737744602,44741
"(0.8635440917107585, 0.996078431372549)",1,98.92653160070468,44742
"(0.9018073680369506, 0.996078431372549)",1,98.92653028277356,44743
"(0.9399138116785176, 0.996078431372549)",1,98.92649397024434,44744
"(0.875, 1.0)",1,98.92632693393568,44745
"(0.5951421188630491, 1.0)",1,98.92631792237626,44746
"(0.9565217391304348, 1.0)",2,98.9262187088274,44748
"(0.9047619047619048, 1.0)",1,98.92621637198296,44749
"(0.9674603174603176, 1.0)",1,98.92619047619048,44750
"(0.992156862745098, 0.996078431372549)",1,98.92612940021284,44751
"(0.8078308130291714, 1.0)",1,98.92611041801912,44752
"(0.9342814048696402, 0.996078431372549)",1,98.92598912652404,44753
"(0.9764161220043572, 0.996078431372549)",1,98.92597273412284,44754
"(0.9168115942028986, 0.996078431372549)",1,98.92596642879172,44755
"(0.9197362278244632, 0.996078431372549)",1,98.92594411236068,44756
"(0.9847494553376906, 0.996078431372549)",1,98.92582454129996,44757
"(0.9318498265866688, 0.992156862745098)",1,98.92574450039798,44758
"(0.8958946706887884, 0.996078431372549)",1,98.92563805078862,44759
"(0.814735269140319, 1.0)",3,98.92559762530148,44762
"(0.8873002904865649, 1.0)",1,98.92558749601122,44763
"(0.8774250440917107, 1.0)",1,98.9254521459556,44764
"(0.9579248366013072, 0.996078431372549)",2,98.92533245636862,44766
"(0.9568181818181818, 0.996078431372549)",1,98.92533174610443,44767
"(0.984313725490196, 0.996078431372549)",1,98.92531948167984,44768
"(0.8264567669172932, 1.0)",1,98.92522238381449,44769
"(0.922287769513936, 0.9925925925925926)",1,98.9251426116101,44770
"(0.7049941807046478, 1.0)",1,98.92504454047037,44771
"(0.883876357560568, 1.0)",1,98.92500559647092,44772
"(0.8170426065162907, 1.0)",1,98.9249306190744,44773
"(0.8622222222222222, 1.0)",1,98.92486513486514,44774
"(0.97718610251118, 0.996078431372549)",1,98.92464359427996,44775
"(0.9728641456582634, 0.996078431372549)",1,98.9246180323047,44776
"(0.9037076648841356, 0.9916666666666668)",1,98.92452850924384,44777
"(0.875, 1.0)",1,98.92439184697804,44778
"(0.932852564102564, 0.986574074074074)",1,98.92434690923736,44779
"(0.8675136116152449, 1.0)",1,98.92432395103428,44780
"(0.9230769230769232, 1.0)",1,98.92425323605497,44781
"(0.9248591174906964, 0.996078431372549)",1,98.92404901279215,44782
"(0.9704892057833234, 0.996078431372549)",1,98.92404530538175,44783
"(0.8864468864468864, 1.0)",1,98.92401396949492,44784
"(0.91484126984127, 0.9925925925925926)",1,98.92400607753274,44785
"(0.976574074074074, 0.996078431372549)",1,98.9239109712097,44786
"(0.8350168350168351, 1.0)",1,98.92386291363272,44787
"(0.8571024784182679, 0.996078431372549)",1,98.92384846542546,44788
"(0.909209656084656, 1.0)",1,98.92382023057088,44789
"(0.9827450980392156, 0.996078431372549)",1,98.92381875923274,44790
"(0.7707924493038034, 1.0)",1,98.92381627719784,44791
"(0.9444444444444444, 1.0)",1,98.92377692087835,44792
"(0.8518518518518519, 1.0)",1,98.92365894887097,44793
"(0.9224211423699916, 1.0)",2,98.9235755435244,44795
"(0.8423371647509579, 1.0)",1,98.92352880807496,44796
"(0.9696969696969696, 1.0)",4,98.92352092352093,44800
"(0.8402777777777779, 0.9841269841269842)",1,98.9234106942441,44801
"(0.9391865079365078, 1.0)",1,98.923363997114,44802
"(0.914421596921597, 0.996078431372549)",1,98.92335438376344,44803
"(0.8952020202020202, 1.0)",2,98.9232615983512,44805
"(0.9696969696969696, 1.0)",1,98.923211708926,44806
"(0.8112491373360938, 1.0)",1,98.92318416989612,44807
"(0.9565217391304348, 1.0)",1,98.92318309709614,44808
"(0.9841269841269842, 1.0)",1,98.92304176657,44809
"(0.827728296446098, 0.9992431021625652)",3,98.9230336336683,44812
"(0.9027274557165862, 1.0)",1,98.92302481424532,44813
"(0.9444444444444444, 1.0)",1,98.92291334396596,44814
"(0.9841269841269842, 1.0)",1,98.92289147127856,44815
"(0.996078431372549, 0.996078431372549)",1,98.92284999555837,44816
"(0.8705805822084891, 1.0)",2,98.92284685439095,44818
"(0.971594304388422, 0.996078431372549)",1,98.92275311458933,44819
"(0.9464473684210528, 0.9886710239651416)",1,98.92265673925876,44820
"(0.9491329966329968, 0.996078431372549)",1,98.92264821252616,44821
"(0.8635440917107585, 0.996078431372549)",1,98.92264252589912,44822
"(0.8635440917107585, 0.996078431372549)",1,98.9226214981084,44823
"(0.7863382439154842, 0.9977333631085306)",1,98.92254166021335,44824
"(0.8415692007797271, 1.0)",1,98.92241632690462,44825
"(0.9168115942028986, 0.996078431372549)",1,98.92235187820376,44826
"(0.9027274557165862, 1.0)",1,98.92223427991092,44827
"(0.9605451127819548, 0.9925925925925926)",1,98.92223421298328,44828
"(0.947088068181818, 1.0)",1,98.9222226107894,44829
"(0.8791208791208792, 1.0)",1,98.92215055475926,44830
"(0.833064949006978, 1.0)",2,98.9221302047389,44832
"(0.8888888888888888, 1.0)",2,98.92194842194844,44834
"(0.8888888888888888, 1.0)",1,98.92191326196702,44835
"(0.817861205581182, 0.998110291927316)",3,98.92190777536123,44838
"(0.6622073578595318, 1.0)",1,98.92184840175626,44839
"(0.9803921568627452, 0.992156862745098)",1,98.92181799280873,44840
"(0.9881481481481482, 0.996078431372549)",1,98.92180436472474,44841
"(0.8627450980392157, 1.0)",1,98.92173597297212,44842
"(0.9449965600275196, 0.996078431372549)",1,98.92173543244822,44843
"(0.9135802469135802, 1.0)",2,98.92163940997274,44845
"(0.7162037037037038, 1.0)",1,98.92159804210036,44846
"(0.7200000000000001, 1.0)",1,98.92150440005511,44847
"(0.9491329966329968, 0.996078431372549)",1,98.92148359721864,44848
"(0.9320397146712937, 0.996078431372549)",1,98.92142950731186,44849
"(0.7971704623878537, 0.996078431372549)",1,98.92131108186196,44850
"(0.6453488372093024, 1.0)",1,98.92129836143918,44851
"(0.8714344685242518, 0.996078431372549)",1,98.92128984572754,44852
"(0.9811403508771928, 0.996078431372549)",1,98.921261146615,44853
"(0.9800599128540306, 0.996078431372549)",1,98.92122804948552,44854
"(0.984313725490196, 0.9866666666666668)",1,98.92099824725224,44855
"(0.9662707390648568, 0.996078431372549)",1,98.92086841664256,44856
"(0.8300222204120055, 1.0)",3,98.920701851941,44859
"(1.0, 0.9841269841269842)",1,98.92063492063512,44860
"(0.9589484126984128, 1.0)",1,98.9206312843788,44861
"(0.9333333333333332, 1.0)",1,98.92055167055176,44862
"(0.9759803921568628, 0.9879901960784314)",1,98.92051943584444,44863
"(0.9488235294117648, 0.9894736842105264)",1,98.92051484921436,44864
"(0.8990289449112978, 0.9925925925925926)",1,98.92044166342755,44865
"(0.7855692365547585, 0.9996213816771112)",3,98.9203577732795,44868
"(0.9365260121142476, 0.9925925925925926)",2,98.92026403363847,44870
"(0.8253968253968256, 1.0)",1,98.9201772129808,44871
"(0.7871690388735844, 0.9962290087680192)",1,98.92013244119384,44872
"(0.9399223139548216, 0.992156862745098)",1,98.92012533631777,44873
"(0.896551724137931, 0.9841269841269842)",2,98.92010552152855,44875
"(0.8888888888888888, 0.9841269841269842)",1,98.92007575757582,44876
"(0.7971704623878537, 0.996078431372549)",1,98.92007209064256,44877
"(0.8873002904865649, 1.0)",1,98.91998367191997,44878
"(0.9841269841269842, 1.0)",2,98.91984126984129,44880
"(0.95536349042541, 0.992156862745098)",1,98.91973522979691,44881
"(0.8037953410694374, 0.9988651610017888)",2,98.91971786645202,44883
"(0.8107448107448106, 1.0)",1,98.91969860244718,44884
"(0.948045267489712, 1.0)",1,98.91947615641104,44885
"(0.8888888888888888, 1.0)",2,98.91942981942982,44887
"(0.8571024784182679, 0.996078431372549)",1,98.91939440902084,44888
"(0.9444444444444444, 1.0)",1,98.9193635993636,44889
"(0.9384803921568629, 0.9894736842105264)",2,98.91927955776872,44891
"(1.0, 1.0)",1,98.91925034030297,44892
"(0.9803921568627452, 0.996078431372549)",1,98.91918518884157,44893
"(0.9696969696969696, 1.0)",1,98.91918389757082,44894
"(0.7842709392475852, 0.9988651610017888)",1,98.91907078208668,44895
"(0.9841269841269842, 1.0)",1,98.91904761904762,44896
"(0.9230769230769232, 1.0)",2,98.91901188242652,44898
"(0.996078431372549, 0.996078431372549)",1,98.91882172541555,44899
"(0.8627450980392157, 1.0)",1,98.91876943774476,44900
"(1.0, 0.996078431372549)",1,98.91865904328785,44901
"(0.7782392026578072, 1.0)",1,98.9186469324826,44902
"(0.992156862745098, 0.996078431372549)",1,98.91853868674872,44903
"(0.976661220043573, 0.996078431372549)",1,98.91848189774711,44904
"(0.7400546757164405, 1.0)",1,98.9184473632758,44905
"(0.8635440917107585, 0.992156862745098)",1,98.91834231529938,44906
"(0.8325147741358931, 0.9992431021625652)",3,98.91828393808876,44909
"(0.8502976190476191, 1.0)",1,98.91821224172926,44910
"(0.9135802469135802, 1.0)",1,98.9179734137387,44911
"(0.9803921568627452, 0.996078431372549)",1,98.91793063043488,44912
"(0.8888888888888888, 1.0)",1,98.91791233569823,44913
"(0.90934937783235, 0.996078431372549)",1,98.91788731485896,44914
"(0.8487103174603176, 1.0)",1,98.9178267432415,44915
"(0.8832772166105499, 1.0)",1,98.91780278302016,44916
"(0.97718610251118, 0.996078431372549)",1,98.9177833079315,44917
"(0.8300222204120055, 0.9984875577410224)",3,98.91775859358962,44920
"(0.8368686868686868, 1.0)",2,98.91759374675942,44922
"(0.8053221288515406, 1.0)",1,98.91753204136882,44923
"(0.9272424525365702, 0.996078431372549)",2,98.91748497258294,44925
"(0.9841269841269842, 1.0)",1,98.91746031746032,44926
"(0.5951421188630491, 1.0)",1,98.9173991507765,44927
"(0.9894736842105264, 0.996078431372549)",1,98.91737789367872,44928
"(0.9230769230769232, 1.0)",1,98.9173049173049,44929
"(0.9172932330827066, 1.0)",1,98.9172932330827,44930
"(0.9018073680369506, 0.996078431372549)",1,98.917289394084,44931
"(0.9318498265866688, 0.996078431372549)",1,98.9171674005323,44932
"(0.9651330532212884, 0.996078431372549)",1,98.91713761630542,44933
"(0.5, 1.0)",1,98.9170796996884,44934
"(0.9109477124183006, 1.0)",1,98.917072626152,44935
"(0.9386724386724388, 1.0)",1,98.91705088046552,44936
"(0.777251375157076, 0.9988651610017888)",3,98.9170476314343,44939
"(0.91484126984127, 0.9925925925925926)",1,98.91700211009017,44940
"(0.9523809523809524, 1.0)",1,98.91689009293177,44941
"(0.9507101086048454, 1.0)",2,98.91683754841664,44943
"(0.9391865079365078, 1.0)",1,98.91682622197766,44944
"(0.8990289449112978, 0.9925925925925926)",1,98.91681611267973,44945
"(0.8714344685242518, 0.996078431372549)",1,98.9168155300892,44946
"(0.9754435107376284, 0.996078431372549)",1,98.91677850672436,44947
"(0.8791208791208792, 1.0)",2,98.91676841676842,44949
"(0.8622222222222222, 1.0)",1,98.91675213675214,44950
"(0.8518518518518519, 1.0)",1,98.91667049425672,44951
"(0.9769410044719642, 0.996078431372549)",1,98.91665260264332,44952
"(0.6863066052531656, 1.0)",2,98.91664966056132,44954
"(0.9490178437546858, 0.9925925925925926)",1,98.9166483150333,44955
"(0.9047619047619048, 1.0)",1,98.91664446664448,44956
"(0.8615967365967366, 1.0)",1,98.9165797023836,44957
"(0.8, 1.0)",1,98.91657677292352,44958
"(0.9841269841269842, 1.0)",1,98.91656987998452,44959
"(0.896551724137931, 0.9696969696969696)",2,98.91645839316742,44961
"(0.9521531100478468, 1.0)",1,98.91643573525002,44962
"(1.0, 1.0)",1,98.91629129129127,44963
"(0.8889459760512393, 0.996078431372549)",1,98.91626066045264,44964
"(0.7525394454641209, 1.0)",1,98.91625830637504,44965
"(0.9803050108932462, 0.996078431372549)",1,98.9160629105445,44966
"(0.9135802469135802, 1.0)",1,98.9160214986302,44967
"(0.90934937783235, 0.9916666666666668)",1,98.915998136786,44968
"(0.8468468468468467, 1.0)",1,98.91598978120716,44969
"(0.9766612200435728, 1.0)",1,98.91598776116663,44970
"(0.9327096052096052, 1.0)",2,98.91585467342207,44972
"(0.8832772166105499, 1.0)",1,98.9158475586713,44973
"(0.8527777777777779, 1.0)",1,98.915782674116,44974
"(0.7971704623878537, 0.996078431372549)",1,98.91572048952506,44975
"(0.5951421188630491, 1.0)",1,98.91571682994424,44976
"(0.8958946706887884, 0.996078431372549)",2,98.91564838876305,44978
"(0.9318498265866688, 0.992156862745098)",1,98.915636702336,44979
"(0.9764161220043572, 0.996078431372549)",1,98.91554983211093,44980
"(0.8635440917107585, 0.996078431372549)",1,98.9154571229048,44981
"(0.9087026014109348, 1.0)",1,98.91533394766492,44982
"(0.8714344685242518, 0.996078431372549)",2,98.91532818054417,44984
"(0.773034398034398, 1.0)",1,98.91517942211333,44985
"(0.9841269841269842, 1.0)",1,98.91517001230623,44986
"(0.971594304388422, 0.996078431372549)",1,98.91503180969308,44987
"(0.9565217391304348, 1.0)",1,98.91480884844056,44988
"(0.9696969696969696, 1.0)",1,98.91472351937468,44989
"(0.9230769230769232, 1.0)",1,98.91459322158452,44990
"(0.8518518518518519, 1.0)",1,98.91455132028608,44991
"(1.0, 1.0)",1,98.91428571428573,44992
"(0.8125, 1.0)",1,98.91415941724556,44993
"(0.9135802469135802, 1.0)",2,98.9141522474856,44995
"(0.9697786951037723, 0.996078431372549)",2,98.91399422824324,44997
"(0.9881481481481482, 0.996078431372549)",1,98.91399106426196,44998
"(0.875, 1.0)",1,98.91388607148367,44999
"(0.90934937783235, 0.996078431372549)",1,98.9138794687712,45000
"(0.8448736477904788, 1.0)",1,98.91380473392564,45001
"(1.0, 1.0)",1,98.91377851743984,45002
"(0.8731060606060606, 1.0)",1,98.91373023536012,45003
"(0.773034398034398, 1.0)",1,98.91364457893158,45004
"(0.914421596921597, 0.996078431372549)",2,98.91363376403532,45006
"(0.9591269841269842, 0.996078431372549)",2,98.913609394686,45008
"(0.9704892057833234, 0.996078431372549)",1,98.91355631381154,45009
"(0.824949763130715, 0.9996213816771112)",2,98.9135511614458,45011
"(0.896551724137931, 1.0)",1,98.91351217526125,45012
"(0.9841269841269842, 1.0)",2,98.91339527680992,45014
"(0.8469839324618735, 1.0)",1,98.913314399834,45015
"(0.9230769230769232, 1.0)",1,98.91328999329,45016
"(0.8498168498168499, 1.0)",1,98.91299401381126,45017
"(0.978144708175668, 0.996078431372549)",1,98.9129738270802,45018
"(0.8890855307640297, 0.996078431372549)",1,98.91273027913684,45019
"(0.9019607843137254, 1.0)",1,98.91270079376848,45020
"(0.8748472964943552, 0.992156862745098)",2,98.9126862037742,45022
"(0.9523809523809524, 1.0)",1,98.9126702953652,45023
"(0.9302579365079364, 1.0)",1,98.91256407384154,45024
"(0.9037076648841356, 0.996078431372549)",2,98.91246521065324,45026
"(0.9428823795600112, 0.9913490623109498)",1,98.91237962066094,45027
"(0.8125, 1.0)",2,98.9123268333618,45029
"(0.9251027896538732, 0.9925925925925926)",1,98.91221617706894,45030
"(0.875, 0.9841269841269842)",1,98.91208931969808,45031
"(0.8803174603174604, 1.0)",1,98.91206349206357,45032
"(0.9391865079365078, 1.0)",1,98.91201251585755,45033
"(0.8356325863678805, 1.0)",1,98.91196814716984,45034
"(0.980582788671024, 0.996078431372549)",1,98.9119439690444,45035
"(0.5, 0.9841269841269842)",1,98.91178869439746,45036
"(1.0, 1.0)",1,98.9117729890961,45037
"(0.8069104052936311, 0.9996213816771112)",3,98.9116261278282,45040
"(0.7081082018332335, 1.0)",1,98.9116196042114,45041
"(1.0, 1.0)",1,98.91147741147742,45042
"(0.9696969696969696, 1.0)",2,98.91147714336122,45044
"(0.819456287849504, 0.9996213816771112)",3,98.91144139527168,45047
"(0.992156862745098, 0.996078431372549)",1,98.91135024439484,45048
"(0.5951421188630491, 1.0)",1,98.91134033163009,45049
"(0.8833628057765988, 1.0)",1,98.91121543612716,45050
"(0.97718610251118, 0.996078431372549)",1,98.91113833678097,45051
"(0.8859337035751476, 1.0)",1,98.91113709762264,45052
"(0.97718610251118, 0.996078431372549)",2,98.91105369633226,45054
"(0.9358798064680418, 0.996078431372549)",1,98.91101340495293,45055
"(0.9302579365079364, 1.0)",1,98.91099591426872,45056
"(0.9351326548694968, 0.996078431372549)",1,98.91086995861622,45057
"(0.954722222222222, 0.996078431372549)",1,98.91084829597315,45058
"(0.6856760145918833, 1.0)",1,98.91084616724116,45059
"(0.8817204301075269, 1.0)",1,98.91080235758766,45060
"(0.8338275775775775, 1.0)",1,98.9107705716935,45061
"(0.8250479193421631, 0.9992431021625652)",3,98.91076633671864,45064
"(1.0, 1.0)",2,98.9107541009715,45066
"(0.992156862745098, 0.996078431372549)",1,98.9106786499823,45067
"(0.9724618736383442, 0.996078431372549)",1,98.91066703205163,45068
"(0.9816305469556244, 0.996078431372549)",1,98.91059787025064,45069
"(0.8138881768037778, 0.996078431372549)",1,98.91059287911276,45070
"(0.879008834302952, 0.996078431372549)",1,98.9105924357149,45071
"(0.9651330532212884, 0.996078431372549)",1,98.91058921916878,45072
"(0.7765567765567766, 1.0)",1,98.91047259235664,45073
"(0.957490630284748, 0.996078431372549)",2,98.91040127477108,45075
"(0.8867623604465709, 1.0)",1,98.91038754174438,45076
"(0.9135802469135802, 1.0)",1,98.91033995872704,45077
"(0.7971704623878537, 0.996078431372549)",1,98.91032710867232,45078
"(0.9674603174603176, 1.0)",1,98.91028172369636,45079
"(0.9696969696969696, 1.0)",1,98.91025332044823,45080
"(0.9609224859534458, 0.996078431372549)",1,98.91020920628524,45081
"(0.9841269841269842, 1.0)",1,98.91005291005293,45082
"(0.9641868969810148, 0.992156862745098)",1,98.91004322372795,45083
"(0.9223809523809524, 1.0)",1,98.91003267973856,45084
"(0.9435178632856652, 0.996078431372549)",1,98.91000007376545,45085
"(0.984313725490196, 0.996078431372549)",1,98.90983064242256,45086
"(0.777251375157076, 0.9992431021625652)",1,98.90976119801628,45087
"(0.984967320261438, 0.996078431372549)",1,98.90953600504538,45088
"(1.0, 1.0)",4,98.90952380952382,45092
"(1.0, 1.0)",1,98.90951520626317,45093
"(0.965421396628827, 0.9894736842105264)",1,98.9093406719411,45094
"(0.984313725490196, 0.996078431372549)",1,98.90933185064416,45095
"(0.9192251461988304, 0.996078431372549)",1,98.9092840204196,45096
"(0.9444444444444444, 0.9841269841269842)",1,98.90924830243723,45097
"(0.7617377041747234, 1.0)",1,98.9090592990576,45098
"(0.9841269841269842, 1.0)",1,98.90900701365815,45099
"(0.9591269841269842, 0.996078431372549)",1,98.90891846709576,45100
"(0.9894736842105264, 1.0)",1,98.90884319299184,45101
"(0.8571428571428572, 1.0)",1,98.90884313642934,45102
"(0.824949763130715, 0.9988651610017888)",3,98.90881478241984,45105
"(0.8952020202020202, 1.0)",1,98.9087401124858,45106
"(0.8817204301075269, 1.0)",1,98.90848622703462,45107
"(0.9886710239651416, 0.996078431372549)",1,98.908376390117,45108
"(0.9168115942028986, 0.996078431372549)",1,98.90834848594189,45109
"(0.8833628057765988, 1.0)",1,98.90828317928391,45110
"(0.9697786951037723, 0.996078431372549)",1,98.9081622331965,45111
"(0.8705378705688304, 0.996078431372549)",1,98.90804445967844,45112
"(0.9230769230769232, 1.0)",1,98.9079254079254,45113
"(0.9264176245210728, 1.0)",1,98.90781928513432,45114
"(0.8164607007575758, 0.9992431021625652)",2,98.90781002490527,45116
"(0.978144708175668, 0.996078431372549)",1,98.9076282246019,45117
"(0.9816305469556244, 0.996078431372549)",1,98.90753974640212,45118
"(0.8239077121176379, 1.0)",1,98.90747748596844,45119
"(0.9135802469135802, 1.0)",1,98.90739053019756,45120
"(0.8046935824713601, 1.0)",1,98.90738149096808,45121
"(0.9230769230769232, 1.0)",1,98.90731354446376,45122
"(0.9289529914529916, 1.0)",1,98.90730416739974,45123
"(0.8865079365079365, 1.0)",1,98.9072806965996,45124
"(0.9230769230769232, 1.0)",2,98.90720390720392,45126
"(0.8112491373360938, 1.0)",1,98.90713648301512,45127
"(0.7869981325863679, 1.0)",2,98.90713133093394,45129
"(0.9579248366013072, 0.996078431372549)",1,98.90709650340727,45130
"(0.9444444444444444, 0.9841269841269842)",1,98.90708674042028,45131
"(0.896551724137931, 1.0)",1,98.90707376970236,45132
"(0.954722222222222, 0.996078431372549)",1,98.9068936860741,45133
"(0.8376068376068376, 1.0)",1,98.90680835112568,45134
"(0.9236094950800832, 0.996078431372549)",2,98.90676445243808,45136
"(0.8250479193421631, 0.9992431021625652)",3,98.90674272059805,45139
"(0.8319664902998236, 1.0)",1,98.90649293135355,45140
"(0.965272331154684, 0.996078431372549)",2,98.90643300401612,45142
"(0.9764161220043572, 0.996078431372549)",1,98.90641034776483,45143
"(0.9882352941176472, 0.996078431372549)",1,98.90635304915196,45144
"(0.9428823795600112, 0.9913490623109498)",1,98.906335374565,45145
"(0.9135802469135802, 1.0)",1,98.9061757696704,45146
"(0.875, 1.0)",1,98.90615378004432,45147
"(0.9194577352472088, 1.0)",1,98.90604750065933,45148
"(0.7425159053430508, 0.9988651610017888)",3,98.90604703528396,45151
"(0.8360894525677901, 0.9977333631085306)",1,98.90597887142944,45152
"(0.9803921568627452, 0.996078431372549)",1,98.90588054906556,45153
"(0.896551724137931, 1.0)",2,98.90585832624816,45155
"(0.9840686274509804, 1.0)",1,98.90584538895422,45156
"(0.9696969696969696, 1.0)",1,98.90578247916956,45157
"(0.9507101086048454, 1.0)",1,98.90577478405936,45158
"(0.9213117283950616, 1.0)",1,98.90572277210045,45159
"(0.9172932330827066, 1.0)",1,98.9056937214832,45160
"(0.8740392648287385, 1.0)",1,98.90566985376554,45161
"(0.9609224859534458, 0.996078431372549)",1,98.90564429054132,45162
"(0.8627450980392157, 1.0)",1,98.90562905882602,45163
"(0.7279693486590039, 1.0)",1,98.90560132957316,45164
"(0.9401300133188678, 0.992156862745098)",1,98.90558268638657,45165
"(0.9333333333333332, 1.0)",1,98.90555555555557,45166
"(0.7971704623878537, 0.996078431372549)",1,98.90553491928196,45167
"(0.9589484126984128, 1.0)",1,98.90546335189904,45168
"(0.992156862745098, 0.996078431372549)",1,98.90545666760288,45169
"(0.8952380952380952, 1.0)",1,98.9053701314118,45170
"(0.8832772166105499, 1.0)",1,98.90524290524291,45171
"(0.9696969696969696, 1.0)",1,98.90519942808272,45172
"(0.8889459760512393, 0.996078431372549)",1,98.90516588289172,45173
"(0.9230769230769232, 1.0)",1,98.9051604558588,45174
"(0.9171090534979424, 1.0)",1,98.90515574466964,45175
"(0.9641868969810148, 0.9916666666666668)",1,98.90490539554972,45176
"(0.9251027896538732, 0.9925925925925926)",1,98.90487177253404,45177
"(0.8129898303922073, 1.0)",1,98.9048238533994,45178
"(0.9251027896538732, 0.996078431372549)",1,98.9047507881409,45179
"(1.0, 1.0)",1,98.904683936568,45180
"(0.8616898148148148, 1.0)",1,98.90452317380252,45181
"(0.7869981325863679, 1.0)",1,98.90446446148948,45182
"(0.9320397146712937, 0.996078431372549)",1,98.90434653794424,45183
"(0.9707143676183924, 0.996078431372549)",1,98.90426266059998,45184
"(0.8958946706887884, 0.996078431372549)",1,98.90423668073188,45185
"(0.9306746031746032, 1.0)",1,98.9041876356151,45186
"(0.8889459760512393, 0.996078431372549)",1,98.90414577604906,45187
"(0.8731060606060606, 1.0)",1,98.90413427576418,45188
"(0.9251027896538732, 0.9894736842105264)",1,98.9041218482238,45189
"(0.976574074074074, 0.996078431372549)",1,98.90400681505164,45190
"(0.9731377053745476, 0.996078431372549)",1,98.90397167267264,45191
"(0.91484126984127, 0.9894736842105264)",1,98.90388756353134,45192
"(0.9202401372212692, 1.0)",1,98.90385254829228,45193
"(0.9224211423699916, 1.0)",1,98.90382936155932,45194
"(0.9168115942028986, 0.996078431372549)",1,98.90368584989344,45195
"(0.9465811965811968, 1.0)",1,98.90368510773332,45196
"(0.896551724137931, 1.0)",1,98.9036747521156,45197
"(0.9667592592592592, 0.996078431372549)",1,98.90359886448402,45198
"(0.9408668730650154, 0.9913490623109498)",1,98.90355112868956,45199
"(0.9841269841269842, 1.0)",1,98.9034757513018,45200
"(0.9333243553831788, 0.9894736842105264)",1,98.90347079677557,45201
"(1.0, 1.0)",1,98.90337732442995,45202
"(0.9620227038183696, 0.996078431372549)",1,98.9033439692131,45203
"(0.914421596921597, 0.996078431372549)",1,98.90331514459798,45204
"(0.9230769230769232, 1.0)",2,98.90326388587263,45206
"(0.9194577352472088, 1.0)",1,98.90321355686382,45207
"(0.9135802469135802, 1.0)",1,98.90321144251972,45208
"(0.9230769230769232, 1.0)",1,98.9031388665535,45209
"(0.984967320261438, 0.996078431372549)",1,98.90313816381854,45210
"(0.9704892057833234, 0.996078431372549)",1,98.90302289198443,45211
"(0.7162037037037038, 1.0)",1,98.90296521973356,45212
"(0.9135802469135802, 1.0)",1,98.90290944850264,45213
"(0.9841269841269842, 1.0)",1,98.9027618489351,45214
"(0.9333333333333332, 0.9841269841269842)",1,98.90267924425524,45215
"(0.9466013071895424, 0.996078431372549)",1,98.9026434589694,45216
"(0.9704892057833234, 0.996078431372549)",1,98.90263085620668,45217
"(0.9802054154995332, 0.996078431372549)",1,98.90261435205431,45218
"(0.9579248366013072, 0.996078431372549)",1,98.90257233707722,45219
"(0.8112794612794614, 1.0)",1,98.90254103535354,45220
"(0.9192251461988304, 0.996078431372549)",1,98.9024774625416,45221
"(0.9466013071895424, 0.996078431372549)",1,98.90242504641168,45222
"(0.8611111111111112, 1.0)",1,98.902402654374,45223
"(0.7161739348550751, 1.0)",1,98.90237352325184,45224
"(0.9696969696969696, 1.0)",1,98.90232810598944,45225
"(0.9027274557165862, 1.0)",1,98.90231041478536,45226
"(0.9364583333333332, 1.0)",1,98.9023039769684,45227
"(0.9841269841269842, 1.0)",1,98.90230095990972,45228
"(0.8069104052936311, 1.0)",1,98.90226729565384,45229
"(0.9230116959064328, 0.9925925925925926)",1,98.9022525424923,45230
"(0.7971638793175897, 0.9996213816771112)",3,98.902100699466,45233
"(0.7957784732756176, 0.9951042594241616)",1,98.90200522276702,45234
"(0.875, 1.0)",1,98.90187082738234,45235
"(0.9592592592592591, 1.0)",1,98.90182705529632,45236
"(0.8037953410694374, 1.0)",2,98.90179789034993,45238
"(0.9280112044817928, 0.996078431372549)",1,98.9017670243988,45239
"(0.9261349042540992, 0.996078431372549)",1,98.90174483669078,45240
"(0.8666666666666667, 1.0)",1,98.9017316017316,45241
"(0.9589484126984128, 1.0)",1,98.90172932815187,45242
"(0.8339307048984469, 1.0)",1,98.90158107637116,45243
"(0.9565217391304348, 1.0)",1,98.90145694748028,45244
"(0.9172932330827066, 1.0)",3,98.90142021720968,45247
"(0.9444444444444444, 1.0)",1,98.9013822434875,45248
"(0.896551724137931, 1.0)",1,98.90118135376756,45249
"(0.896551724137931, 1.0)",1,98.90116459492728,45250
"(0.8309016086793863, 1.0)",1,98.9011245568241,45251
"(0.8129898303922073, 1.0)",2,98.90106690775352,45253
"(0.7869981325863679, 1.0)",1,98.9009934751333,45254
"(0.9565217391304348, 1.0)",1,98.90096618357488,45255
"(0.7777777777777776, 1.0)",1,98.9009274328968,45256
"(0.9886710239651416, 0.996078431372549)",1,98.90081434290585,45257
"(0.9047619047619048, 1.0)",1,98.9006968641115,45258
"(0.9565217391304348, 1.0)",1,98.90062256769852,45259
"(0.7410714285714286, 1.0)",1,98.90060734384738,45260
"(0.9894736842105264, 1.0)",1,98.90058139686865,45261
"(0.9667592592592592, 0.992156862745098)",1,98.90047405151095,45262
"(0.9135802469135802, 1.0)",1,98.90047068005536,45263
"(0.9248591174906964, 0.996078431372549)",1,98.90027325857548,45264
"(0.8518518518518519, 1.0)",1,98.90023800548784,45265
"(0.8298183642256803, 0.9984875577410224)",1,98.90011817298353,45266
"(0.9213117283950616, 1.0)",1,98.90004718524207,45267
"(0.8468468468468467, 1.0)",1,98.8999713486801,45268
"(0.9879901960784314, 0.9742231395482168)",1,98.89993799859114,45269
"(0.7840187590187591, 1.0)",1,98.89991449423412,45270
"(0.8469839324618735, 1.0)",1,98.89988847390808,45271
"(0.7261336323863321, 1.0)",3,98.8998767939479,45274
"(0.9820662768031188, 1.0)",1,98.8998211448938,45275
"(0.8133440028127988, 1.0)",1,98.89972738476185,45276
"(0.7866925064599483, 1.0)",1,98.89965767914823,45277
"(0.992156862745098, 0.996078431372549)",1,98.89965230928786,45278
"(1.0, 1.0)",1,98.89961729092168,45279
"(0.9302579365079364, 1.0)",1,98.8993696293971,45280
"(0.8423371647509579, 1.0)",1,98.89934290138903,45281
"(0.9886710239651416, 0.9916666666666668)",1,98.89930870494818,45282
"(0.948045267489712, 1.0)",1,98.8992968239115,45283
"(0.9766612200435728, 0.996078431372549)",1,98.89927214043593,45284
"(0.9591269841269842, 0.996078431372549)",1,98.89911946081536,45285
"(0.9692538126361656, 0.9894736842105264)",1,98.8991051976344,45286
"(0.9491329966329968, 0.996078431372549)",1,98.8990878143186,45287
"(0.9894736842105264, 1.0)",1,98.89902894458444,45288
"(0.8714344685242518, 0.996078431372549)",1,98.89898982151996,45289
"(0.8046935824713601, 1.0)",1,98.89894062377996,45290
"(0.965272331154684, 0.996078431372549)",1,98.89890741496792,45291
"(0.9172932330827066, 1.0)",2,98.89877471456418,45293
"(0.9202401372212692, 1.0)",1,98.8985617439179,45294
"(0.9411376480416728, 0.996078431372549)",1,98.89835538991775,45295
"(0.8888888888888888, 1.0)",1,98.8983063719906,45296
"(0.9674603174603176, 1.0)",1,98.8982944845645,45297
"(0.962458433665864, 0.996078431372549)",1,98.89815181227604,45298
"(0.9047619047619048, 1.0)",2,98.8980563860808,45300
"(0.9272424525365702, 0.992156862745098)",1,98.89800069512351,45301
"(0.9609224859534458, 0.996078431372549)",1,98.8979917850947,45302
"(0.9428823795600112, 0.9913490623109498)",1,98.8979906968696,45303
"(1.0, 1.0)",1,98.89786756453424,45304
"(0.8635440917107585, 0.996078431372549)",1,98.89781329704384,45305
"(0.8616898148148148, 1.0)",1,98.89781005398429,45306
"(0.8358616184543919, 0.9992431021625652)",1,98.89779744371054,45307
"(0.8977777777777779, 1.0)",4,98.89777777777778,45311
"(0.9763834422657952, 0.996078431372549)",1,98.89772486877426,45312
"(0.9841269841269842, 1.0)",1,98.89770723104056,45313
"(0.9135802469135802, 1.0)",1,98.89770723104056,45314
"(0.8112794612794614, 1.0)",1,98.89767992424242,45315
"(0.9168115942028986, 0.9916666666666668)",1,98.89764392190108,45316
"(0.9886710239651416, 0.996078431372549)",2,98.89757968293095,45318
"(0.7496650452295612, 1.0)",1,98.89754224363202,45319
"(0.9230769230769232, 1.0)",1,98.89748078194803,45320
"(0.8705805822084891, 1.0)",1,98.89746487877264,45321
"(0.9333333333333332, 1.0)",3,98.89738562091505,45324
"(0.9172932330827066, 1.0)",1,98.89735517655927,45325
"(0.9224211423699916, 0.9841269841269842)",1,98.89731453160366,45326
"(1.0, 1.0)",1,98.89728117411045,45327
"(0.9172045847248688, 0.992156862745098)",1,98.89724028746932,45328
"(0.9306746031746032, 1.0)",1,98.89681445426308,45329
"(0.7254857664736697, 0.9984875577410224)",2,98.89678052428468,45331
"(0.9104993386243384, 1.0)",1,98.89673573753583,45332
"(0.9894736842105264, 1.0)",1,98.89650449354184,45333
"(0.8686868686868687, 1.0)",1,98.89649781243985,45334
"(0.9841269841269842, 1.0)",1,98.89637466525345,45335
"(1.0, 1.0)",1,98.89633875183608,45336
"(0.9841269841269842, 1.0)",1,98.89632388180492,45337
"(0.9916666666666668, 0.9916666666666668)",1,98.89629333459396,45338
"(0.8240301702196975, 1.0)",1,98.8962673628867,45339
"(0.9395009173259948, 0.992156862745098)",1,98.89613308323128,45340
"(0.875, 1.0)",2,98.8961318058185,45342
"(0.8817204301075269, 0.9841269841269842)",1,98.89606872617632,45343
"(0.9255470304063654, 0.9925925925925926)",1,98.8958108329378,45344
"(0.9292181620122796, 0.996078431372549)",1,98.89580766684398,45345
"(0.7167919799498746, 1.0)",1,98.89569470490522,45346
"(0.8991666666666667, 1.0)",1,98.8956867161279,45347
"(0.9803921568627452, 0.996078431372549)",1,98.89564001858813,45348
"(0.9430755736638088, 0.9847494553376906)",1,98.89557051794678,45349
"(0.8889459760512393, 0.996078431372549)",1,98.89549831367472,45350
"(0.984504357298475, 1.0)",1,98.89547603265696,45351
"(0.9696969696969696, 1.0)",1,98.89546190019576,45352
"(0.9766612200435728, 0.996078431372549)",1,98.89545777514248,45353
"(0.9365260121142476, 0.9894736842105264)",1,98.89539109382754,45354
"(0.9881481481481482, 0.996078431372549)",1,98.89535709599228,45355
"(0.9269637391618816, 0.9894736842105264)",2,98.89516371096926,45357
"(0.8459093886462881, 1.0)",1,98.89498848551692,45358
"(0.941156690746474, 0.996078431372549)",1,98.89489982167257,45359
"(0.9881481481481482, 0.996078431372549)",1,98.8946044031648,45360
"(0.9886710239651416, 0.996078431372549)",1,98.89455434883612,45361
"(0.802269579399423, 0.9992431021625652)",3,98.8944644330331,45364
"(0.9230769230769232, 1.0)",2,98.89444187379854,45366
"(0.9350548459681588, 0.9925925925925926)",1,98.89427066895936,45367
"(0.896551724137931, 1.0)",1,98.89425579987405,45368
"(0.9230769230769232, 1.0)",1,98.8942554521502,45369
"(0.9466013071895424, 0.996078431372549)",1,98.89410535399692,45370
"(0.95536349042541, 0.992156862745098)",1,98.89407408037428,45371
"(0.8170426065162907, 1.0)",1,98.89395994442434,45372
"(0.9803921568627452, 0.996078431372549)",1,98.89394481365116,45373
"(0.9306746031746032, 1.0)",1,98.89380067922232,45374
"(1.0, 1.0)",1,98.89378248219712,45375
"(0.9851851851851852, 0.996078431372549)",2,98.89365459011675,45377
"(0.7443685754613105, 1.0)",2,98.89360913368752,45379
"(0.7770289069007303, 0.9984875577410224)",3,98.89352426838812,45382
"(0.7162037037037038, 1.0)",1,98.89348480390224,45383
"(0.9230769230769232, 1.0)",2,98.8934729260816,45385
"(0.808168732571771, 1.0)",3,98.893395585413,45388
"(0.912041847041847, 0.9925925925925926)",1,98.89336732158507,45389
"(0.7705882352941177, 1.0)",1,98.89327912721215,45390
"(0.9444444444444444, 1.0)",1,98.89321819679463,45391
"(0.8043569142334575, 0.9996213816771112)",1,98.89319905239194,45392
"(0.8338132455779513, 1.0)",2,98.89318292132688,45394
"(0.9466013071895424, 0.996078431372549)",2,98.89313507277755,45396
"(0.9047619047619048, 1.0)",1,98.89313399778516,45397
"(0.9759803921568628, 0.996078431372549)",1,98.89298004195582,45398
"(0.7770289069007303, 0.9973567708333332)",1,98.89292855590128,45399
"(0.7628863889733455, 1.0)",1,98.89291050978171,45400
"(1.0, 1.0)",1,98.89283610227406,45401
"(0.8571024784182679, 0.996078431372549)",1,98.89259407609302,45402
"(0.9018073680369506, 0.996078431372549)",1,98.8924886786102,45403
"(0.896551724137931, 1.0)",2,98.89248668348752,45405
"(0.9841269841269842, 1.0)",1,98.8924336533032,45406
"(0.9060206664893564, 0.9913490623109498)",1,98.89242050277753,45407
"(0.947400527462447, 0.9925925925925926)",1,98.89238857611662,45408
"(0.8498168498168499, 1.0)",1,98.89231274700388,45409
"(0.95536349042541, 0.992156862745098)",1,98.89231182216452,45410
"(0.980582788671024, 0.996078431372549)",1,98.89226905791564,45411
"(0.8013468013468013, 1.0)",1,98.8921979726176,45412
"(0.8050505938896954, 0.9988651610017888)",1,98.89208280721516,45413
"(0.8888888888888888, 1.0)",1,98.89208097324038,45414
"(0.9047619047619048, 1.0)",1,98.89205218884857,45415
"(0.9135802469135802, 1.0)",1,98.89204914643511,45416
"(0.8271652864044169, 1.0)",1,98.8920229528312,45417
"(0.9255470304063654, 0.9925925925925926)",1,98.8919878420312,45418
"(0.9879901960784314, 0.996078431372549)",1,98.89186634887896,45419
"(0.8952380952380952, 1.0)",1,98.8918253043253,45420
"(0.9272424525365702, 0.992156862745098)",1,98.8918033252439,45421
"(0.984313725490196, 0.996078431372549)",1,98.89177891948232,45422
"(0.9327249496289745, 0.9894736842105264)",1,98.89177349195906,45423
"(0.9841269841269842, 1.0)",1,98.89167035877254,45424
"(0.9841269841269842, 1.0)",2,98.8915343915344,45426
"(0.9333333333333332, 1.0)",1,98.89142387602764,45427
"(0.8439484126984128, 1.0)",1,98.89138613658024,45428
"(0.95536349042541, 0.996078431372549)",1,98.89137164240424,45429
"(0.5673076923076923, 1.0)",6,98.89136862142874,45435
"(0.9886710239651416, 0.996078431372549)",1,98.89134702381534,45436
"(0.8686868686868687, 1.0)",1,98.89129542428776,45437
"(0.9, 1.0)",1,98.8911875648718,45438
"(0.865079365079365, 1.0)",1,98.89111678000734,45439
"(0.9172932330827066, 1.0)",1,98.89108188483384,45440
"(0.9411376480416728, 0.996078431372549)",1,98.89097214127328,45441
"(1.0, 1.0)",1,98.8909423909424,45442
"(0.8252189403088706, 1.0)",1,98.8908842848386,45443
"(0.9523809523809524, 1.0)",1,98.89080654233956,45444
"(0.8748472964943552, 0.996078431372549)",1,98.89070613551122,45445
"(0.8705805822084891, 1.0)",1,98.89064979416744,45446
"(0.618155233237972, 0.9996213816771112)",3,98.89064634227108,45449
"(0.785562382962099, 1.0)",3,98.8905557443583,45452
"(0.7777777777777776, 1.0)",1,98.89030490498192,45453
"(0.8527777777777779, 1.0)",1,98.8902958152958,45454
"(1.0, 1.0)",1,98.89026841381914,45455
"(0.9350548459681588, 0.9894736842105264)",1,98.8902611214606,45456
"(0.8864468864468864, 1.0)",1,98.89016989383124,45457
"(0.8686868686868687, 1.0)",1,98.89015151515152,45458
"(0.9280112044817928, 0.996078431372549)",1,98.8900352508976,45459
"(0.8873002904865649, 1.0)",1,98.89001845999664,45460
"(0.8439484126984128, 1.0)",1,98.88996265265676,45461
"(0.9465811965811968, 1.0)",1,98.8899527978561,45462
"(0.9565217391304348, 1.0)",2,98.88985507246376,45464
"(0.9023809523809524, 1.0)",1,98.88985188587525,45465
"(0.9037076648841356, 0.992156862745098)",1,98.88981178135862,45466
"(0.9399223139548216, 0.996078431372549)",1,98.88976254264465,45467
"(0.8498168498168498, 0.9841269841269842)",1,98.88975592308933,45468
"(0.9224211423699916, 1.0)",1,98.88970590215324,45469
"(0.992156862745098, 0.996078431372549)",1,98.88968220503136,45470
"(0.9641868969810148, 0.996078431372549)",1,98.8896087460873,45471
"(0.958531746031746, 1.0)",1,98.88957459974266,45472
"(0.8156635416666668, 0.998110291927316)",1,98.88955779860692,45473
"(0.8888888888888888, 1.0)",2,98.88952748807824,45475
"(0.978144708175668, 0.996078431372549)",1,98.88950535197084,45476
"(0.9841269841269842, 1.0)",1,98.8894993894994,45477
"(0.8466625966625967, 0.9748677248677248)",1,98.88940781440772,45478
"(0.9841269841269842, 1.0)",1,98.889396774954,45479
"(0.9125701913010372, 0.9913490623109498)",1,98.88939305991866,45480
"(0.7608018781911015, 0.9996213816771112)",3,98.88934568489856,45483
"(0.8502976190476191, 1.0)",1,98.8893402141176,45484
"(0.9674603174603176, 1.0)",1,98.88926311208922,45485
"(0.7293145743145744, 0.9992431021625652)",1,98.8891620647356,45486
"(0.7411068098568098, 0.9996213816771112)",3,98.88905411759114,45489
"(0.9333333333333332, 1.0)",1,98.88902799530985,45490
"(0.9754435107376284, 0.996078431372549)",1,98.88900018783674,45491
"(0.9841269841269842, 1.0)",1,98.88899084007788,45492
"(0.8888888888888888, 1.0)",1,98.88888888888889,45493
"(0.9333243553831788, 0.9894736842105264)",1,98.88876585947,45494
"(0.896551724137931, 1.0)",2,98.88861521620144,45496
"(0.9333333333333332, 0.9841269841269842)",1,98.88860028860044,45497
"(0.9023635043242886, 0.996078431372549)",1,98.88841677715844,45498
"(0.9696969696969696, 1.0)",1,98.8884158986108,45499
"(0.8813492063492063, 1.0)",1,98.88830983592418,45500
"(0.9009824397595296, 0.996078431372549)",1,98.88826789774714,45501
"(0.9816305469556244, 0.996078431372549)",1,98.8882010657326,45502
"(0.9428823795600112, 0.9913490623109498)",1,98.88815546045852,45503
"(0.9003279610194903, 1.0)",1,98.88810799412936,45504
"(0.9037076648841356, 0.996078431372549)",1,98.88808369038244,45505
"(0.8888888888888888, 1.0)",1,98.88804110723576,45506
"(0.9579143938277066, 0.9894736842105264)",1,98.88801116352958,45507
"(0.9428823795600112, 0.9913490623109498)",1,98.88797816228686,45508
"(0.9841269841269842, 1.0)",1,98.88796434011196,45509
"(0.9788235294117646, 0.9866666666666668)",1,98.88786897800053,45510
"(0.9886710239651416, 0.9879901960784314)",1,98.88784734787048,45511
"(0.9811403508771928, 0.9916666666666668)",1,98.88778125870226,45512
"(0.909722222222222, 0.996078431372549)",1,98.8876458304432,45513
"(0.9507101086048454, 1.0)",1,98.88764335080128,45514
"(0.9428823795600112, 0.9913490623109498)",1,98.88754474327592,45515
"(0.8130291548638542, 0.9992431021625652)",1,98.8874974305864,45516
"(0.8589726631393297, 1.0)",1,98.88747158224731,45517
"(0.8, 1.0)",1,98.88744835060623,45518
"(0.9886710239651416, 0.996078431372549)",1,98.88743535095172,45519
"(1.0, 0.996078431372549)",1,98.887406007592,45520
"(0.7971704623878537, 0.996078431372549)",1,98.88739862219984,45521
"(0.8112794612794614, 1.0)",1,98.88738945036366,45522
"(0.9230769230769232, 1.0)",2,98.88730652064,45524
"(0.9047619047619048, 1.0)",1,98.88718330419783,45525
"(0.9696969696969696, 1.0)",1,98.8871572871573,45526
"(0.9605975723622784, 0.996078431372549)",1,98.8871352468396,45527
"(0.9292181620122796, 0.996078431372549)",1,98.88711735868132,45528
"(0.8832772166105499, 1.0)",1,98.88684946620612,45529
"(0.9333333333333332, 1.0)",2,98.88684807256236,45531
"(0.91484126984127, 0.9925925925925926)",2,98.88683550253192,45533
"(0.9808278867102396, 0.996078431372549)",1,98.8866134884574,45534
"(0.9452003410059676, 0.9894736842105264)",1,98.8864823040834,45535
"(0.8817204301075269, 1.0)",1,98.88646749082454,45536
"(0.9565217391304348, 1.0)",1,98.88646401907276,45537
"(0.9696969696969696, 0.9841269841269842)",1,98.8864326863817,45538
"(0.9292181620122796, 0.996078431372549)",1,98.88630348420942,45539
"(0.8977777777777779, 1.0)",4,98.88617826617826,45543
"(0.9449965600275196, 0.9925925925925926)",1,98.88613834778737,45544
"(0.8686868686868687, 1.0)",1,98.88606719367591,45545
"(0.9886710239651416, 0.996078431372549)",2,98.88591070119446,45547
"(0.9886710239651416, 0.996078431372549)",1,98.88577863795062,45548
"(0.9109477124183006, 1.0)",1,98.88563934345672,45549
"(0.9841269841269842, 1.0)",1,98.8855494541769,45550
"(0.7400546757164405, 1.0)",1,98.88554414869245,45551
"(1.0, 1.0)",1,98.88543823326442,45552
"(0.8425925925925927, 0.9841269841269842)",1,98.88532763532778,45553
"(0.9352372919478182, 0.9894736842105264)",1,98.88528852296636,45554
"(0.9641868969810148, 0.996078431372549)",1,98.8851705988085,45555
"(0.9202401372212692, 1.0)",1,98.8851502736706,45556
"(0.9866666666666668, 1.0)",1,98.88510710238975,45557
"(0.8731060606060606, 1.0)",1,98.88502930385526,45558
"(0.9644646747587924, 0.996078431372549)",1,98.88489913476889,45559
"(0.8817204301075269, 1.0)",1,98.88487036712554,45560
"(0.8615967365967366, 1.0)",1,98.88485280895463,45561
"(0.8873002904865649, 1.0)",1,98.88484995650548,45562
"(0.8888888888888888, 1.0)",3,98.88482384823848,45565
"(0.9841269841269842, 1.0)",1,98.88482384823848,45566
"(0.9667927989909412, 0.996078431372549)",2,98.884625870206,45568
"(0.9035155195681512, 0.9894736842105264)",1,98.88451263591335,45569
"(0.9427450980392156, 0.996078431372549)",1,98.88448760267444,45570
"(0.9399223139548216, 0.996078431372549)",1,98.88436936168992,45571
"(0.9565217391304348, 1.0)",1,98.88431616692486,45572
"(0.8600272232304901, 1.0)",1,98.8842258316827,45573
"(0.9763834422657952, 0.9894736842105264)",1,98.88417169557862,45574
"(0.8883205456095482, 1.0)",1,98.88412973119752,45575
"(0.9171090534979424, 1.0)",1,98.8841220964314,45576
"(0.9272424525365702, 0.996078431372549)",1,98.88409257781557,45577
"(0.8250479193421631, 1.0)",1,98.88402339248302,45578
"(0.9696969696969696, 1.0)",1,98.88383838383838,45579
"(0.9766612200435728, 1.0)",1,98.88374375245203,45580
"(0.7875946738953866, 0.998110291927316)",1,98.88372379968798,45581
"(0.9674603174603176, 1.0)",1,98.8836987249268,45582
"(0.785562382962099, 0.998110291927316)",1,98.8836624680712,45583
"(0.912041847041847, 0.9925925925925926)",1,98.88357260467838,45584
"(0.8397944647944647, 1.0)",1,98.8834550222279,45585
"(0.9881481481481482, 0.996078431372549)",1,98.88339444796785,45586
"(0.7804568415111104, 1.0)",1,98.88339038474936,45587
"(0.8952020202020202, 1.0)",1,98.88338514950324,45588
"(0.8904991948470209, 1.0)",1,98.8833221613542,45589
"(0.8832772166105499, 1.0)",13,98.88327721661057,45602
"(0.8893558268973552, 1.0)",1,98.88322265375656,45603
"(0.9292181620122796, 0.996078431372549)",1,98.88320380318652,45604
"(0.8350168350168351, 1.0)",1,98.88318289897236,45605
"(0.9214340198321892, 1.0)",1,98.88297248137064,45606
"(0.8622222222222222, 1.0)",1,98.88275689223056,45607
"(0.9579248366013072, 0.996078431372549)",1,98.8826806781143,45608
"(0.9879901960784314, 0.996078431372549)",1,98.88257483891672,45609
"(0.9125701913010372, 0.9913490623109498)",1,98.88255002782311,45610
"(0.93822906940554, 0.9894736842105264)",1,98.8825496086872,45611
"(0.9047619047619048, 1.0)",1,98.8824152433348,45612
"(0.8345959595959597, 1.0)",4,98.8823733797844,45616
"(0.8592532467532467, 1.0)",1,98.88233031061344,45617
"(0.8771929824561403, 1.0)",1,98.8822464628784,45618
"(0.9841269841269842, 1.0)",1,98.88216045897212,45619
"(0.9320397146712937, 0.996078431372549)",1,98.88214989702496,45620
"(0.8423371647509579, 1.0)",1,98.88201343263376,45621
"(0.9248366013071896, 1.0)",1,98.88200769108708,45622
"(0.7708333333333334, 1.0)",1,98.88197385344124,45623
"(0.941156690746474, 0.996078431372549)",1,98.8818380770703,45624
"(0.9023809523809524, 0.9841269841269842)",1,98.8817833725729,45625
"(0.8748472964943552, 0.992156862745098)",1,98.88178241847072,45626
"(0.8888888888888888, 1.0)",2,98.88177152959764,45628
"(0.9391865079365078, 1.0)",1,98.88175430397357,45629
"(1.0, 1.0)",1,98.88172043010752,45630
"(0.8915343915343915, 1.0)",1,98.88166418548026,45631
"(0.9841269841269842, 1.0)",2,98.88161838161838,45633
"(0.8857001484413657, 0.9885627144491042)",1,98.88160626592308,45634
"(0.9696969696969696, 1.0)",1,98.88158998624117,45635
"(0.8803174603174604, 1.0)",1,98.88154523840682,45636
"(0.9886710239651416, 0.996078431372549)",1,98.88151605691182,45637
"(0.9230769230769232, 1.0)",1,98.88151266412136,45638
"(0.8271652864044169, 1.0)",2,98.8814797291461,45640
"(0.9168478260869564, 1.0)",1,98.881431771553,45641
"(0.9803921568627452, 0.996078431372549)",2,98.88142662254336,45643
"(0.9503921568627453, 0.9925925925925926)",1,98.88142459993836,45644
"(0.8858975827700768, 1.0)",1,98.88142263101072,45645
"(0.8889459760512393, 0.992156862745098)",1,98.88137847303456,45646
"(1.0, 1.0)",1,98.88133435192265,45647
"(0.781387254550714, 0.9996213816771112)",3,98.88114709693453,45650
"(0.7971704623878537, 0.996078431372549)",1,98.88113192147694,45651
"(0.9224211423699916, 1.0)",1,98.88111522606418,45652
"(0.9762254901960784, 0.9894736842105264)",1,98.88107034148037,45653
"(0.9565217391304348, 1.0)",1,98.88106157127896,45654
"(0.896551724137931, 1.0)",1,98.88099199147295,45655
"(0.9565217391304348, 1.0)",1,98.88090241670804,45656
"(0.914421596921597, 0.996078431372549)",1,98.8808748288914,45657
"(0.9135802469135802, 1.0)",1,98.88084364387342,45658
"(0.9302579365079364, 1.0)",1,98.88080875868866,45659
"(0.9565217391304348, 1.0)",3,98.88071922854532,45662
"(0.7162037037037038, 1.0)",1,98.880715996966,45663
"(0.773034398034398, 1.0)",1,98.88068564596342,45664
"(0.9261349042540992, 0.996078431372549)",1,98.88066255885886,45665
"(0.9444444444444444, 1.0)",2,98.88060224089637,45667
"(0.9214340198321892, 1.0)",1,98.88055351668754,45668
"(0.7777777777777776, 1.0)",1,98.88038119288125,45669
"(0.9696969696969696, 1.0)",1,98.88032397709816,45670
"(0.8083333333333333, 1.0)",1,98.88030981291853,45671
"(0.8958946706887884, 0.996078431372549)",1,98.88012963987296,45672
"(0.909209656084656, 1.0)",1,98.88009827510976,45673
"(0.9696969696969696, 1.0)",1,98.88007839398271,45674
"(0.9272424525365702, 0.996078431372549)",1,98.88006065062122,45675
"(0.9565217391304348, 1.0)",2,98.87997469519208,45677
"(0.808641975308642, 1.0)",1,98.87994904811497,45678
"(0.9827450980392156, 0.996078431372549)",1,98.87993036026192,45679
"(0.8300222204120055, 0.998110291927316)",1,98.87985333586148,45680
"(0.9019607843137254, 1.0)",1,98.87980520192576,45681
"(0.90934937783235, 0.996078431372549)",1,98.87970673034624,45682
"(0.8332521117608837, 1.0)",2,98.87950556967186,45684
"(0.795803080252039, 0.9984875577410224)",1,98.87950321784696,45685
"(0.9879901960784314, 0.996078431372549)",1,98.87934284123658,45686
"(0.9399138116785176, 0.996078431372549)",1,98.87914510424623,45687
"(0.978144708175668, 0.996078431372549)",1,98.87907878441172,45688
"(0.8502197802197802, 1.0)",2,98.87904418938608,45690
"(0.9206349206349206, 1.0)",1,98.8790274603093,45691
"(0.6856760145918833, 1.0)",1,98.87895312495544,45692
"(0.9224211423699916, 1.0)",1,98.8789226746691,45693
"(0.896551724137931, 1.0)",1,98.8788704986764,45694
"(0.9682902108211704, 1.0)",1,98.8788644900756,45695
"(0.8873002904865649, 1.0)",1,98.8788065349621,45696
"(0.9517488164856586, 0.9894736842105264)",1,98.87880311295152,45697
"(0.8977777777777779, 1.0)",1,98.87873450221277,45698
"(0.8888888888888888, 1.0)",1,98.87872940381004,45699
"(0.8375771604938271, 1.0)",1,98.87857949221583,45700
"(0.9087026014109348, 1.0)",1,98.8784980231367,45701
"(1.0, 1.0)",1,98.87847559679552,45702
"(1.0, 1.0)",1,98.87839417694492,45703
"(0.8174437978129252, 0.9992431021625652)",3,98.87831286854971,45706
"(0.8274333033699055, 1.0)",1,98.87825511351116,45707
"(0.7536502421542992, 1.0)",1,98.8782228312667,45708
"(0.996078431372549, 0.996078431372549)",1,98.87818921027817,45709
"(0.9449122174122172, 0.992156862745098)",1,98.87809418508316,45710
"(0.8368686868686868, 1.0)",1,98.87806474766612,45711
"(0.8550741594067247, 1.0)",1,98.87802911370794,45712
"(0.9224211423699916, 1.0)",1,98.87788543116764,45713
"(0.9841269841269842, 1.0)",2,98.87785996195043,45715
"(0.896551724137931, 1.0)",1,98.87783515381956,45716
"(0.9803376906318084, 0.996078431372549)",1,98.87774382924574,45717
"(0.8468468468468467, 0.9841269841269842)",1,98.8777354429529,45718
"(0.9802054154995332, 0.996078431372549)",1,98.87767074772503,45719
"(0.9135802469135802, 1.0)",1,98.87763253449528,45720
"(0.7708333333333334, 1.0)",1,98.87755397352254,45721
"(0.9602089783281734, 0.996078431372549)",1,98.87734438951288,45722
"(0.90934937783235, 0.996078431372549)",1,98.87725810153326,45723
"(0.9507101086048454, 1.0)",2,98.87719069622877,45725
"(0.9302579365079364, 1.0)",2,98.87714809303353,45727
"(0.9189473684210526, 0.9925925925925926)",1,98.87714251282549,45728
"(0.9667927989909412, 0.996078431372549)",1,98.87714102854484,45729
"(0.9135802469135802, 1.0)",1,98.8771404457679,45730
"(0.7869981325863679, 1.0)",1,98.87713552409816,45731
"(0.8250479193421631, 0.9984875577410224)",1,98.87710843921336,45732
"(0.8518518518518519, 1.0)",2,98.87697595427612,45734
"(0.9135802469135802, 0.9841269841269842)",1,98.87693712395472,45735
"(0.8592532467532467, 1.0)",1,98.87685475789642,45736
"(0.9507101086048454, 0.9841269841269842)",1,98.87675208087116,45737
"(0.9753376906318084, 0.996078431372549)",1,98.87670345040272,45738
"(0.896551724137931, 1.0)",1,98.87670302211532,45739
"(0.9172932330827066, 1.0)",1,98.87661414093304,45740
"(0.9399223139548216, 0.992156862745098)",1,98.87659468498458,45741
"(0.8073565796278658, 0.9996213816771112)",3,98.87654659248368,45744
"(0.955239651416122, 0.9894736842105264)",1,98.8765281985269,45745
"(0.9363636363636364, 1.0)",1,98.8764654663942,45746
"(0.8700357638518202, 0.9913490623109498)",1,98.8763874912636,45747
"(0.9916666666666668, 0.996078431372549)",1,98.87637831192866,45748
"(0.8763636363636363, 1.0)",5,98.87636363636364,45753
"(0.8465418823841762, 1.0)",1,98.8762528843498,45754
"(0.841554780802611, 1.0)",1,98.8761330742894,45755
"(1.0, 1.0)",1,98.87612154021542,45756
"(0.9018073680369506, 0.996078431372549)",1,98.87604220956295,45757
"(0.9386724386724388, 1.0)",1,98.87601462203796,45758
"(0.91484126984127, 0.9925925925925926)",1,98.87600824667506,45759
"(0.824949763130715, 0.9988651610017888)",1,98.87595385282717,45760
"(0.8078308130291714, 1.0)",1,98.87595257064214,45761
"(0.992156862745098, 0.996078431372549)",1,98.87585314949804,45762
"(0.9327249496289745, 0.9925925925925926)",1,98.87581198493686,45763
"(0.8170426065162907, 1.0)",1,98.87578034623228,45764
"(0.7072139577594123, 0.9996213816771112)",1,98.8757670194326,45765
"(0.909722222222222, 0.9882352941176472)",2,98.87575200255532,45767
"(0.954722222222222, 0.996078431372549)",2,98.8757462220156,45769
"(0.8425925925925927, 1.0)",2,98.87566137566152,45771
"(0.9197362278244632, 0.996078431372549)",1,98.87560109423896,45772
"(0.9707143676183924, 0.996078431372549)",1,98.87555641166406,45773
"(0.9333333333333332, 1.0)",4,98.87552938018054,45777
"(0.9754901960784312, 0.996078431372549)",2,98.87548921345358,45779
"(0.9428823795600112, 0.9913490623109498)",1,98.87541955612711,45780
"(0.9842265795206973, 0.996078431372549)",1,98.87538887924676,45781
"(0.9333333333333332, 1.0)",1,98.87530333327436,45782
"(0.992156862745098, 0.996078431372549)",1,98.8752994724812,45783
"(0.9704892057833234, 0.996078431372549)",1,98.875283407053,45784
"(0.9704892057833234, 0.996078431372549)",1,98.87525616901962,45785
"(0.896551724137931, 1.0)",1,98.875183437812,45786
"(0.8330439814814815, 1.0)",2,98.87517789060068,45788
"(0.8119667022792024, 0.9996213816771112)",1,98.8751676112701,45789
"(0.7770657409472893, 0.9996213816771112)",3,98.87514617604712,45792
"(0.9202401372212692, 1.0)",1,98.87514480494453,45793
"(0.9894736842105264, 0.996078431372549)",1,98.8750621546015,45794
"(0.896551724137931, 1.0)",1,98.87502062365948,45795
"(0.875, 1.0)",1,98.875,45796
"(0.9696969696969696, 1.0)",1,98.87488739386274,45797
"(0.9224211423699916, 1.0)",1,98.874837110728,45798
"(0.8332521117608837, 1.0)",1,98.87481333641506,45799
"(0.9408668730650154, 0.9913490623109498)",3,98.874804643149,45802
"(0.9138847117794486, 0.996078431372549)",1,98.87479383030548,45803
"(0.773034398034398, 1.0)",1,98.874765718492,45804
"(0.9866666666666668, 1.0)",1,98.87458078660028,45805
"(0.9807407407407408, 0.996078431372549)",1,98.8745764467091,45806
"(0.9192251461988304, 0.996078431372549)",1,98.87445670439034,45807
"(0.9664488017429194, 0.9925925925925926)",1,98.87439146063024,45808
"(0.9357610907610908, 0.9894736842105264)",1,98.87435987530397,45809
"(0.8888888888888888, 1.0)",1,98.87424667780618,45810
"(0.8822954822954823, 1.0)",1,98.8742098176274,45811
"(0.9620227038183696, 0.996078431372549)",1,98.87413562182712,45812
"(0.8942523459812323, 0.9913490623109498)",1,98.87402189885762,45813
"(0.9047619047619048, 1.0)",1,98.8739965443913,45814
"(0.9754901960784312, 0.996078431372549)",1,98.873940476563,45815
"(1.0, 1.0)",2,98.87392928484884,45817
"(0.932852564102564, 1.0)",1,98.87390112834208,45818
"(0.9350548459681588, 0.9925925925925926)",1,98.87384078969974,45819
"(0.8817204301075269, 1.0)",2,98.873783922171,45821
"(0.8888888888888888, 1.0)",2,98.87373737373736,45823
"(0.8571428571428572, 1.0)",1,98.87354526241324,45824
"(0.9841269841269842, 1.0)",1,98.87352751901652,45825
"(0.9194577352472088, 1.0)",1,98.8735247208932,45826
"(0.9800599128540306, 0.996078431372549)",1,98.87352328757147,45827
"(0.9236094950800832, 0.996078431372549)",1,98.87350068175157,45828
"(0.9172932330827066, 1.0)",1,98.8733964540982,45829
"(0.9047619047619048, 1.0)",1,98.87325724315468,45830
"(0.9386724386724388, 1.0)",2,98.8732326717834,45832
"(0.875, 0.9841269841269842)",1,98.87322538572546,45833
"(0.9766612200435728, 0.996078431372549)",1,98.87309200210136,45834
"(0.9358798064680418, 0.996078431372549)",1,98.8730575105876,45835
"(0.9399223139548216, 0.992156862745098)",1,98.87302611859931,45836
"(0.9841269841269842, 1.0)",1,98.87301587301587,45837
"(0.9589484126984128, 1.0)",1,98.873007774036,45838
"(0.8586378737541528, 0.9892665474060824)",1,98.87295623896988,45839
"(0.9449122174122172, 0.996078431372549)",1,98.87290419075272,45840
"(0.931377923976608, 0.9913490623109498)",1,98.87285413343642,45841
"(0.8518518518518519, 1.0)",1,98.8728453126805,45842
"(0.9816305469556244, 0.9877450980392156)",1,98.87275070102456,45843
"(0.912041847041847, 0.9894736842105264)",1,98.87268116615633,45844
"(0.7707924493038034, 1.0)",2,98.872651654913,45846
"(0.9352372919478182, 0.9894736842105264)",2,98.87260230452937,45848
"(0.9589484126984128, 1.0)",1,98.87255032564256,45849
"(0.992156862745098, 0.996078431372549)",1,98.87252552168448,45850
"(0.7306281270121069, 0.9992431021625652)",1,98.87250785190088,45851
"(0.8373015873015873, 1.0)",1,98.87248293842497,45852
"(0.996078431372549, 0.996078431372549)",1,98.87245854074013,45853
"(0.7971638793175897, 0.998110291927316)",1,98.8724505411831,45854
"(0.9696969696969696, 1.0)",1,98.8724493536676,45855
"(0.875, 1.0)",1,98.87243097322852,45856
"(0.9500564728815504, 0.9925925925925926)",1,98.87240878341612,45857
"(0.9886710239651416, 0.9916666666666668)",1,98.87235118849368,45858
"(0.808641975308642, 1.0)",1,98.87223802837842,45859
"(0.9135802469135802, 1.0)",1,98.87219978654004,45860
"(0.9855521155830752, 0.996078431372549)",1,98.87210053546823,45861
"(0.8705805822084891, 1.0)",1,98.87209719809982,45862
"(0.7782392026578072, 1.0)",1,98.87197215839105,45863
"(0.8977777777777779, 1.0)",2,98.8719083171257,45865
"(0.8571428571428572, 1.0)",1,98.87184138526447,45866
"(0.8831064306064307, 1.0)",1,98.8717630969724,45867
"(0.9023569023569024, 1.0)",1,98.87175741513316,45868
"(0.8832772166105499, 1.0)",2,98.8716493096338,45870
"(0.9696969696969696, 1.0)",1,98.871587799174,45871
"(0.9407803525450584, 0.9925925925925926)",1,98.87153471897872,45872
"(0.9230769230769232, 1.0)",1,98.87139699862811,45873
"(0.9197362278244632, 0.996078431372549)",1,98.87137733831818,45874
"(0.8714344685242518, 0.996078431372549)",1,98.871347337879,45875
"(0.9816305469556244, 0.996078431372549)",1,98.87127329617395,45876
"(0.8130291548638542, 0.9977333631085306)",1,98.87115517437984,45877
"(0.9223699344980808, 0.996078431372549)",1,98.87112481089044,45878
"(0.875, 1.0)",1,98.8709349593496,45879
"(0.984313725490196, 0.996078431372549)",1,98.87088017138625,45880
"(0.9243650793650792, 1.0)",2,98.8706194882875,45882
"(0.9365750528541228, 0.9885627144491042)",1,98.87058484786266,45883
"(0.9333333333333332, 1.0)",4,98.87056277056276,45887
"(0.944241574272534, 0.9855521155830752)",1,98.8705619503762,45888
"(0.9135802469135802, 1.0)",1,98.87037037037037,45889
"(0.9754435107376284, 0.996078431372549)",2,98.87035019296526,45891
"(0.944558067777882, 0.9894736842105264)",1,98.87025523553368,45892
"(0.9171090534979424, 1.0)",1,98.87024534976683,45893
"(0.7869981325863679, 1.0)",1,98.87021750580574,45894
"(0.8817204301075269, 1.0)",1,98.870120918508,45895
"(0.9138847117794486, 0.996078431372549)",1,98.87007400392152,45896
"(0.9499369338378628, 0.9913490623109498)",1,98.87000182769548,45897
"(0.9391865079365078, 1.0)",1,98.86997955038932,45898
"(0.7460317460317459, 0.9841269841269842)",1,98.86996010525428,45899
"(0.9841269841269842, 1.0)",1,98.8698695024782,45900
"(0.8494411571334649, 1.0)",1,98.86986051068476,45901
"(0.9214340198321892, 1.0)",1,98.86985121767732,45902
"(0.9696969696969696, 1.0)",1,98.86957486957488,45903
"(0.9047619047619048, 1.0)",1,98.86947976228342,45904
"(0.8571428571428572, 1.0)",1,98.86936260269592,45905
"(0.9517488164856586, 0.9925925925925926)",1,98.86910509127355,45906
"(0.9327249496289745, 0.9894736842105264)",2,98.86907999260065,45908
"(0.7705882352941177, 1.0)",1,98.8690720938166,45909
"(0.9320397146712937, 0.992156862745098)",1,98.86901908806698,45910
"(0.8448736477904788, 1.0)",1,98.86898535040734,45911
"(0.9841269841269842, 1.0)",1,98.86895083236548,45912
"(0.8271652864044169, 1.0)",3,98.8689472631972,45915
"(0.8970659722222223, 1.0)",1,98.86894132724592,45916
"(0.9882352941176472, 0.996078431372549)",1,98.86886010723632,45917
"(0.8870701058201058, 1.0)",1,98.86883159076142,45918
"(0.7400546757164405, 1.0)",2,98.86881966073142,45920
"(0.9591269841269842, 0.996078431372549)",1,98.86855419859224,45921
"(0.8129629629629629, 1.0)",1,98.86852283792533,45922
"(0.9827450980392156, 0.996078431372549)",1,98.86851087314052,45923
"(0.954188034188034, 0.996078431372549)",1,98.86846578937087,45924
"(0.909722222222222, 0.996078431372549)",1,98.86838873619229,45925
"(0.9280112044817928, 0.996078431372549)",1,98.86836387390476,45926
"(0.8666666666666667, 1.0)",1,98.86832301202044,45927
"(0.8468468468468467, 1.0)",2,98.86821792421372,45929
"(0.8164607007575758, 0.9996213816771112)",3,98.86816631685946,45932
"(0.8246570121951219, 0.9988651610017888)",3,98.86813522518496,45935
"(0.9172932330827066, 1.0)",1,98.8680815751754,45936
"(0.9696969696969696, 1.0)",1,98.86805956676832,45937
"(0.7612179487179487, 1.0)",1,98.8679862316107,45938
"(0.9674276377217554, 0.996078431372549)",1,98.86785530474144,45939
"(0.9327249496289745, 0.9925925925925926)",1,98.86775420424335,45940
"(0.8502197802197802, 1.0)",1,98.86773201961172,45941
"(0.9803921568627452, 0.996078431372549)",1,98.86771847920456,45942
"(0.9318498265866688, 0.996078431372549)",1,98.86761591664848,45943
"(0.992156862745098, 0.996078431372549)",1,98.8675083428884,45944
"(0.8832772166105499, 1.0)",1,98.86740420073752,45945
"(0.8129629629629629, 1.0)",1,98.86715014789138,45946
"(0.8611111111111112, 1.0)",1,98.86706066986436,45947
"(0.8627450980392157, 1.0)",1,98.86705171358356,45948
"(0.8635440917107585, 0.996078431372549)",1,98.8670203899226,45949
"(0.9168115942028986, 0.996078431372549)",1,98.86696858684424,45950
"(0.6275876749507744, 1.0)",1,98.86690247139636,45951
"(0.8888888888888888, 1.0)",1,98.86668811668812,45952
"(0.7840187590187591, 1.0)",2,98.86665427859649,45954
"(0.9444444444444444, 1.0)",1,98.86660788206594,45955
"(0.7707924493038034, 1.0)",1,98.86656310548528,45956
"(0.936026936026936, 1.0)",1,98.86655266711368,45957
"(0.8571428571428572, 1.0)",1,98.86633943529036,45958
"(0.879008834302952, 0.996078431372549)",1,98.8663216180758,45959
"(0.7876902948905437, 0.9996213816771112)",3,98.86630917926888,45962
"(0.9886710239651416, 0.996078431372549)",1,98.86625018428424,45963
"(0.8635440917107585, 0.996078431372549)",1,98.8662308347688,45964
"(0.9841269841269842, 1.0)",1,98.86622374560665,45965
"(0.8817204301075269, 1.0)",2,98.8661411346182,45967
"(0.9365260121142476, 0.9894736842105264)",1,98.8661382528718,45968
"(0.896551724137931, 0.9841269841269842)",1,98.8660765096048,45969
"(0.6856760145918833, 1.0)",2,98.86607529357993,45971
"(0.984313725490196, 0.996078431372549)",1,98.86606934217517,45972
"(0.9803050108932462, 0.996078431372549)",1,98.865752190515,45973
"(0.9327096052096052, 1.0)",1,98.86559876466126,45974
"(0.9269637391618816, 0.9925925925925926)",1,98.8655582970442,45975
"(0.9327249496289745, 0.9894736842105264)",1,98.86554291712169,45976
"(0.7072139577594123, 0.9992431021625652)",3,98.86547864120624,45979
"(0.8518518518518519, 1.0)",1,98.86542148136353,45980
"(0.896551724137931, 1.0)",1,98.86525507832224,45981
"(0.808641975308642, 1.0)",1,98.86517979506156,45982
"(0.919047619047619, 1.0)",1,98.86510233593567,45983
"(0.8448736477904788, 1.0)",1,98.86505842033176,45984
"(0.8350168350168351, 1.0)",1,98.86492135847487,45985
"(0.8873002904865649, 1.0)",1,98.86474590174824,45986
"(0.8253968253968256, 1.0)",1,98.86456676893384,45987
"(0.9018073680369506, 0.996078431372549)",1,98.86450459453962,45988
"(0.9335426504466752, 0.9894736842105264)",1,98.86426160469485,45989
"(0.8046935824713601, 1.0)",1,98.86422118120964,45990
"(0.8748472964943552, 0.996078431372549)",1,98.864179242893,45991
"(0.5, 0.9841269841269842)",1,98.86416964677842,45992
"(0.9565217391304348, 1.0)",1,98.86404027423528,45993
"(0.879008834302952, 0.996078431372549)",1,98.86401025433108,45994
"(0.8528846153846155, 1.0)",1,98.8639827019799,45995
"(0.9280112044817928, 0.996078431372549)",1,98.86390170596044,45996
"(0.896551724137931, 1.0)",1,98.86388023985356,45997
"(0.9351326548694968, 0.996078431372549)",1,98.86380914482612,45998
"(0.7625830959164293, 1.0)",1,98.86377294471498,45999
"(1.0, 1.0)",1,98.86355421927765,46000
"(0.954722222222222, 0.996078431372549)",1,98.863547511446,46001
"(0.9404364154364154, 0.9925925925925926)",1,98.86347579849168,46002
"(0.909722222222222, 0.996078431372549)",1,98.8634451436078,46003
"(0.7773744927424904, 1.0)",3,98.8634369299704,46006
"(0.9047619047619048, 1.0)",1,98.86329274776,46007
"(0.8888888888888888, 1.0)",1,98.86324143692572,46008
"(0.9855521155830752, 0.996078431372549)",1,98.86317746100036,46009
"(0.9049532029717788, 0.9925925925925926)",1,98.86313502487631,46010
"(0.9449965600275196, 0.9894736842105264)",1,98.86307836584906,46011
"(0.9407803525450584, 0.9894736842105264)",1,98.86295657816537,46012
"(0.9430755736638088, 0.9925925925925926)",1,98.86295066001598,46013
"(0.969187675070028, 0.996078431372549)",1,98.8629071905832,46014
"(0.7496650452295612, 1.0)",1,98.86288093865149,46015
"(0.8125, 1.0)",1,98.86287915706777,46016
"(0.914421596921597, 0.996078431372549)",1,98.86286884660552,46017
"(0.9841269841269842, 1.0)",1,98.86285936285935,46018
"(0.7496650452295612, 1.0)",1,98.86279776127894,46019
"(0.8448736477904788, 1.0)",1,98.86278570762458,46020
"(0.9224211423699916, 1.0)",1,98.8625254824744,46021
"(0.9230769230769232, 1.0)",1,98.86252465210552,46022
"(0.936026936026936, 1.0)",1,98.86248103748105,46023
"(0.883580779054917, 1.0)",1,98.86243126076018,46024
"(0.9449965600275196, 0.9894736842105264)",1,98.86230486892592,46025
"(0.8991666666666667, 1.0)",1,98.86227602108036,46026
"(0.7104238136077758, 0.9996213816771112)",1,98.86227583675254,46027
"(0.8622222222222222, 1.0)",1,98.8622222222222,46028
"(0.9230769230769232, 1.0)",1,98.86216194528215,46029
"(0.9444444444444444, 1.0)",1,98.86190969524309,46030
"(1.0, 1.0)",4,98.86190476190475,46034
"(0.9820662768031188, 1.0)",1,98.86187878959832,46035
"(0.91484126984127, 0.9894736842105264)",2,98.86179189059972,46037
"(0.9172932330827066, 1.0)",1,98.86173767752716,46038
"(0.7544006919006919, 1.0)",1,98.86170168999767,46039
"(0.8952380952380952, 1.0)",2,98.86159573532775,46041
"(0.914421596921597, 0.992156862745098)",1,98.8615923292314,46042
"(0.9565217391304348, 1.0)",1,98.86158241375264,46043
"(0.8703817814293165, 1.0)",1,98.86156504098574,46044
"(1.0, 1.0)",1,98.8615452658466,46045
"(0.8832772166105499, 1.0)",2,98.86153808617576,46047
"(0.9565217391304348, 1.0)",1,98.86149911469604,46048
"(0.9762254901960784, 0.9894736842105264)",1,98.8614558107487,46049
"(0.9886710239651416, 0.996078431372549)",1,98.86145531299915,46050
"(0.8740392648287385, 1.0)",1,98.86141690071835,46051
"(0.9602089783281734, 0.996078431372549)",1,98.861386902977,46052
"(0.9327249496289745, 0.9894736842105264)",2,98.8613381411042,46054
"(0.9444444444444444, 1.0)",1,98.86125217714306,46055
"(0.9135802469135802, 1.0)",1,98.86118811312002,46056
"(0.9847494553376906, 0.996078431372549)",2,98.86097449045656,46058
"(0.9224211423699916, 1.0)",1,98.8609132058622,46059
"(0.9224211423699916, 0.9841269841269842)",1,98.86091320586218,46060
"(0.9879901960784314, 0.996078431372549)",1,98.86090098455092,46061
"(0.9449965600275196, 0.9925925925925926)",1,98.8608689132217,46062
"(0.9565217391304348, 1.0)",1,98.8607300627761,46063
"(0.9352372919478182, 0.9925925925925926)",2,98.86070574604672,46065
"(0.9399138116785176, 0.996078431372549)",1,98.8606998515952,46066
"(0.949639417170377, 0.9882352941176472)",1,98.86034315295838,46067
"(0.6793388322889417, 0.9988651610017888)",3,98.86030793814734,46070
"(0.9667927989909412, 0.996078431372549)",1,98.86019754860538,46071
"(0.8345959595959597, 1.0)",1,98.86007409331998,46072
"(0.9565217391304348, 1.0)",1,98.86002194263064,46073
"(0.9841269841269842, 1.0)",1,98.85980101769576,46074
"(0.904126984126984, 1.0)",2,98.85954868231184,46076
"(0.9261349042540992, 0.996078431372549)",1,98.8595139728407,46077
"(0.9696969696969696, 1.0)",1,98.8594352507396,46078
"(0.954722222222222, 0.996078431372549)",1,98.85938743794486,46079
"(0.6856760145918833, 1.0)",1,98.8593127699866,46080
"(0.8257407407407408, 1.0)",1,98.85925307151088,46081
"(0.9882352941176472, 0.996078431372549)",1,98.85906145942909,46082
"(0.6875653082549634, 1.0)",1,98.85897092893596,46083
"(0.9478416778726376, 0.9894736842105264)",1,98.8589641513169,46084
"(0.8915343915343915, 1.0)",1,98.85895138269008,46085
"(0.8600272232304901, 1.0)",1,98.85885006433274,46086
"(0.8615967365967366, 1.0)",5,98.85882955839564,46091
"(0.9428823795600112, 0.9913490623109498)",1,98.85882907820856,46092
"(0.9521720185658804, 0.996078431372549)",1,98.8587879819462,46093
"(0.9466013071895424, 0.992156862745098)",1,98.8587579341151,46094
"(0.896551724137931, 1.0)",1,98.85872887358065,46095
"(0.6403503049675462, 1.0)",1,98.85871477960892,46096
"(0.978144708175668, 0.996078431372549)",1,98.85870806047328,46097
"(0.8055555555555555, 1.0)",1,98.85862957281722,46098
"(0.9851851851851852, 0.992156862745098)",1,98.85861738033633,46099
"(0.984504357298475, 0.996078431372549)",1,98.85861315556376,46100
"(1.0, 1.0)",2,98.85858585858584,46102
"(0.8817204301075269, 1.0)",1,98.85852140690852,46103
"(0.9740143369175628, 1.0)",1,98.85842708486857,46104
"(0.8748472964943552, 0.996078431372549)",1,98.85837858282734,46105
"(0.9660457516339868, 0.996078431372549)",1,98.8583631281864,46106
"(0.9230116959064328, 0.9925925925925926)",1,98.8582942183946,46107
"(0.9803921568627452, 0.996078431372549)",2,98.85819156362504,46109
"(0.8822954822954823, 1.0)",1,98.85806813405452,46110
"(0.9886710239651416, 0.996078431372549)",1,98.85800236933903,46111
"(0.8502976190476191, 1.0)",1,98.85797870463836,46112
"(0.9280112044817928, 0.996078431372549)",1,98.85795972703868,46113
"(0.8900759734093067, 1.0)",1,98.85778155602527,46114
"(0.5, 1.0)",1,98.85776908276912,46115
"(0.992156862745098, 0.996078431372549)",1,98.85773225389052,46116
"(0.8817204301075269, 1.0)",1,98.85747840952683,46117
"(0.9840686274509804, 0.996078431372549)",1,98.85746363602784,46118
"(0.896551724137931, 1.0)",1,98.85742036908589,46119
"(0.90934937783235, 0.996078431372549)",1,98.85738585528652,46120
"(0.827728296446098, 0.9996213816771112)",3,98.85735167113091,46123
"(0.8439484126984128, 1.0)",1,98.85728946208113,46124
"(0.9549131554246644, 0.992156862745098)",1,98.85723481279338,46125
"(0.9841269841269842, 1.0)",1,98.85717632580378,46126
"(0.9707143676183924, 0.996078431372549)",1,98.85714522944455,46127
"(0.9841269841269842, 1.0)",1,98.85714285714286,46128
"(0.97718610251118, 0.996078431372549)",1,98.85711875683792,46129
"(0.8253968253968256, 1.0)",2,98.85701057128594,46131
"(0.8771929824561403, 1.0)",1,98.85692447334743,46132
"(0.9605451127819548, 0.9894736842105264)",1,98.85684286287596,46133
"(0.958531746031746, 1.0)",1,98.8567707149994,46134
"(0.9350548459681588, 0.9894736842105264)",1,98.85676627322891,46135
"(0.9192251461988304, 0.996078431372549)",1,98.85672196552296,46136
"(0.912041847041847, 0.9925925925925926)",1,98.8566370395554,46137
"(0.8589726631393297, 1.0)",2,98.85648115727771,46139
"(0.8857001484413657, 1.0)",2,98.85643983700083,46141
"(0.8176097867714723, 0.9966045941123998)",1,98.8563735418728,46142
"(0.9413468013468014, 0.996078431372549)",1,98.8563447745544,46143
"(0.8873002904865649, 1.0)",1,98.85632567314248,46144
"(0.984967320261438, 0.996078431372549)",1,98.85632526312074,46145
"(0.9841269841269842, 1.0)",1,98.856291279842,46146
"(0.7971704623878537, 0.996078431372549)",1,98.85625099431496,46147
"(0.9365260121142476, 0.9894736842105264)",1,98.8560622226642,46148
"(0.9692538126361656, 0.9894736842105264)",1,98.85602326151069,46149
"(0.9565217391304348, 1.0)",1,98.85575652883176,46150
"(0.9842265795206973, 0.996078431372549)",1,98.8557181337556,46151
"(0.9696969696969696, 1.0)",1,98.85571478330098,46152
"(0.9491329966329968, 0.9882352941176472)",1,98.85561972038818,46153
"(0.9847494553376906, 0.996078431372549)",1,98.85550236293864,46154
"(0.9800599128540306, 0.996078431372549)",1,98.85543645062111,46155
"(0.9886710239651416, 0.996078431372549)",1,98.855384358967,46156
"(0.8275809031622985, 1.0)",1,98.855361436672,46157
"(0.992156862745098, 0.996078431372549)",1,98.85534830039956,46158
"(0.9427450980392156, 0.996078431372549)",2,98.85531222475508,46160
"(0.9269637391618816, 0.9894736842105264)",2,98.8553007581798,46162
"(0.9289529914529916, 1.0)",1,98.85529524807828,46163
"(0.8312992626493769, 1.0)",2,98.85520606870224,46165
"(0.996078431372549, 0.996078431372549)",1,98.85515223210932,46166
"(0.9371957671957672, 0.9894736842105264)",1,98.85514316878916,46167
"(0.9728641456582634, 0.996078431372549)",2,98.8551198849412,46169
"(0.9827450980392156, 0.996078431372549)",1,98.85507822703336,46170
"(0.9391865079365078, 1.0)",1,98.85501406757103,46171
"(0.9172932330827066, 1.0)",2,98.85496845924898,46173
"(0.909209656084656, 1.0)",1,98.8547618608348,46174
"(0.9696969696969696, 1.0)",1,98.85475683736556,46175
"(0.9696969696969696, 1.0)",1,98.85471207840402,46176
"(0.7705882352941177, 1.0)",1,98.8546698346983,46177
"(0.9452536570183628, 0.9925925925925926)",1,98.85464367618376,46178
"(0.90934937783235, 0.996078431372549)",1,98.85464072146456,46179
"(0.8375771604938271, 1.0)",1,98.85441309976032,46180
"(0.8571024784182679, 0.996078431372549)",1,98.8543889463702,46181
"(0.9168115942028986, 0.996078431372549)",1,98.85427814215517,46182
"(0.7496650452295612, 1.0)",1,98.85427578016606,46183
"(0.9841269841269842, 1.0)",4,98.854247902635,46187
"(0.8141495561319372, 0.9973567708333332)",3,98.85422226700122,46190
"(0.7599275969735134, 0.998110291927316)",1,98.8541386627944,46191
"(0.9327249496289745, 0.9894736842105264)",1,98.8540733347704,46192
"(0.9517488164856586, 0.9894736842105264)",2,98.85405538860697,46194
"(0.8465418823841762, 1.0)",1,98.85395196073176,46195
"(0.8439484126984128, 1.0)",1,98.85394684747428,46196
"(0.9035155195681512, 0.9925925925925926)",1,98.85383248531063,46197
"(0.9060206664893564, 0.9913490623109498)",3,98.85379840579569,46200
"(0.9023569023569024, 0.9696969696969696)",1,98.85371375914356,46201
"(0.9135802469135802, 1.0)",1,98.85369568702902,46202
"(0.936026936026936, 1.0)",1,98.85361540009217,46203
"(0.9269637391618816, 0.9894736842105264)",1,98.85357467008376,46204
"(0.9800599128540306, 0.996078431372549)",1,98.8535323291288,46205
"(1.0, 1.0)",1,98.8534146328006,46206
"(0.9696969696969696, 1.0)",2,98.85338746455568,46208
"(0.8991666666666667, 1.0)",1,98.85337259146084,46209
"(0.9280112044817928, 0.996078431372549)",1,98.85330234806028,46210
"(0.8888888888888888, 1.0)",1,98.85326982323552,46211
"(0.8034227964986649, 1.0)",3,98.85324586819604,46214
"(0.8899086591158202, 0.9894736842105264)",1,98.85323453917523,46215
"(0.996078431372549, 0.996078431372549)",1,98.85322831745314,46216
"(0.996078431372549, 0.996078431372549)",1,98.8530771471739,46217
"(0.781387254550714, 0.998110291927316)",1,98.85306781177124,46218
"(0.8067271451483561, 1.0)",1,98.85306420439552,46219
"(0.8600272232304901, 1.0)",1,98.85299688972955,46220
"(0.875, 1.0)",1,98.8529853932146,46221
"(0.919047619047619, 1.0)",2,98.85293874416686,46223
"(0.7550943928503688, 0.9988651610017888)",3,98.85256104614862,46226
"(0.941889272578127, 0.992156862745098)",1,98.85251932275732,46227
"(0.7781827104535958, 0.9988651610017888)",1,98.85246535320792,46228
"(0.879008834302952, 0.996078431372549)",1,98.85244905097268,46229
"(0.9483440170940168, 0.986574074074074)",1,98.85239227556416,46230
"(0.9916666666666668, 0.9916666666666668)",1,98.85239089553956,46231
"(0.8831018518518517, 1.0)",1,98.85238038257624,46232
"(0.7168797680749941, 1.0)",1,98.85223026967188,46233
"(0.9352372919478182, 0.9894736842105264)",1,98.8520986856279,46234
"(0.8266666666666667, 1.0)",1,98.85209457209456,46235
"(0.8055555555555555, 1.0)",1,98.85200734090894,46236
"(0.8571024784182679, 0.996078431372549)",1,98.8519859702982,46237
"(0.9251027896538732, 0.9925925925925926)",1,98.85197764911364,46238
"(0.9882352941176472, 0.996078431372549)",2,98.85177993194311,46240
"(0.8991666666666667, 1.0)",1,98.85175608267072,46241
"(0.9788235294117646, 0.996078431372549)",1,98.85171927605975,46242
"(0.980582788671024, 0.996078431372549)",1,98.85170149153888,46243
"(0.7876902948905437, 0.9966045941123998)",1,98.85164899716898,46244
"(0.9047619047619048, 1.0)",1,98.85158990307733,46245
"(0.5951421188630491, 1.0)",1,98.85135836781512,46246
"(0.7782392026578072, 1.0)",1,98.85131854618956,46247
"(0.9047619047619048, 1.0)",1,98.85117372499649,46248
"(0.8330439814814815, 1.0)",1,98.85116659083252,46249
"(0.8338275775775775, 1.0)",1,98.851091308128,46250
"(0.7817399176112345, 0.9984875577410224)",3,98.85107726254265,46253
"(0.9251027896538732, 0.9894736842105264)",1,98.8510759778102,46254
"(0.9350548459681588, 0.9925925925925926)",1,98.85104382316428,46255
"(0.9391865079365078, 1.0)",1,98.85091029662108,46256
"(0.90934937783235, 0.996078431372549)",1,98.85090119636604,46257
"(0.9047619047619048, 1.0)",2,98.8508978610928,46259
"(0.9696969696969696, 1.0)",1,98.85087135087136,46260
"(0.8129629629629629, 1.0)",1,98.85085576457271,46261
"(0.9665319865319866, 0.996078431372549)",1,98.85084859150746,46262
"(0.9202401372212692, 1.0)",1,98.8508384170179,46263
"(0.9255470304063654, 0.9894736842105264)",2,98.85077482503866,46265
"(0.9230769230769232, 1.0)",1,98.85075391024375,46266
"(0.8748472964943552, 0.996078431372549)",1,98.8507469326365,46267
"(0.9755757858699036, 0.996078431372549)",1,98.85061144462637,46268
"(0.9427450980392156, 0.996078431372549)",1,98.85050071260903,46269
"(0.976851851851852, 0.996078431372549)",1,98.85045780300442,46270
"(0.9696969696969696, 1.0)",1,98.85045494916368,46271
"(0.914421596921597, 0.996078431372549)",1,98.85037826626902,46272
"(0.8325147741358931, 0.9973567708333332)",1,98.85030180521896,46273
"(0.992156862745098, 0.996078431372549)",1,98.85028670069627,46274
"(0.9802054154995332, 0.996078431372549)",1,98.85022325969108,46275
"(0.9589484126984128, 1.0)",1,98.85017188829688,46276
"(0.9109477124183006, 1.0)",1,98.85008000757878,46277
"(0.9230769230769232, 1.0)",1,98.84997750787228,46278
"(0.9350548459681588, 0.9894736842105264)",1,98.84986483600086,46279
"(0.9399138116785176, 0.996078431372549)",1,98.84980328564777,46280
"(0.8703817814293165, 0.9984875577410224)",1,98.8497553916063,46281
"(0.9292181620122796, 0.996078431372549)",1,98.84972559671476,46282
"(0.9047619047619048, 1.0)",1,98.84968413229282,46283
"(0.9037076648841356, 0.996078431372549)",1,98.84967588151878,46284
"(0.9517488164856586, 0.9894736842105264)",1,98.84959801464426,46285
"(0.9391865079365078, 1.0)",1,98.84959352954144,46286
"(0.9369934640522876, 0.996078431372549)",1,98.84953980300035,46287
"(0.7945136049087845, 0.9977333631085306)",1,98.84952440558249,46288
"(0.8873002904865649, 1.0)",1,98.84951579663476,46289
"(0.9465811965811968, 1.0)",1,98.84946244170824,46290
"(0.7982512875968919, 0.9988651610017888)",1,98.84942664009913,46291
"(0.9841269841269842, 1.0)",1,98.84935064935064,46292
"(0.9707143676183924, 0.996078431372549)",1,98.84927324719712,46293
"(0.9466207660652104, 1.0)",4,98.8492385363874,46297
"(0.9842265795206973, 0.996078431372549)",1,98.84923281830837,46298
"(0.9704892057833234, 0.996078431372549)",1,98.84914184207312,46299
"(0.9135802469135802, 1.0)",1,98.84907068240402,46300
"(0.9565217391304348, 1.0)",1,98.84897319679928,46301
"(0.9688764394646748, 0.996078431372549)",1,98.84890338579775,46302
"(0.8952380952380952, 1.0)",1,98.84881997500344,46303
"(0.8833628057765988, 1.0)",1,98.8488035039152,46304
"(0.9841269841269842, 1.0)",1,98.84871269081796,46305
"(0.808641975308642, 0.9841269841269842)",1,98.84868342791384,46306
"(0.8888888888888888, 1.0)",1,98.84859307359312,46307
"(0.9696969696969696, 1.0)",1,98.84859221307129,46308
"(0.9230769230769232, 1.0)",1,98.8485158116737,46309
"(0.8271652864044169, 1.0)",1,98.84842951600196,46310
"(0.9263225391166569, 0.996078431372549)",1,98.848420055381,46311
"(0.7496650452295612, 1.0)",1,98.84841284064402,46312
"(0.89, 1.0)",1,98.84828541231768,46313
"(0.8952020202020202, 1.0)",1,98.84811853285576,46314
"(0.9172932330827066, 1.0)",1,98.84803675856308,46315
"(0.8284662867996201, 1.0)",1,98.8480247333202,46316
"(0.8521317829457364, 1.0)",1,98.84799749054947,46317
"(0.9841269841269842, 1.0)",1,98.8479703657972,46318
"(0.8873002904865649, 1.0)",1,98.84793264941165,46319
"(0.9350548459681588, 0.9894736842105264)",1,98.84787615471012,46320
"(0.7975164658278694, 1.0)",2,98.84777210856632,46322
"(0.9841269841269842, 1.0)",1,98.84777084831434,46323
"(0.7840187590187591, 1.0)",1,98.84774569081532,46324
"(0.914421596921597, 0.996078431372549)",1,98.84773596184678,46325
"(0.8977777777777779, 0.9841269841269842)",1,98.84759228851198,46326
"(1.0, 1.0)",1,98.84758089540698,46327
"(0.9352372919478182, 0.9894736842105264)",1,98.84751943058492,46328
"(0.9579248366013072, 0.9916666666666668)",1,98.84747190689129,46329
"(0.9696969696969696, 1.0)",1,98.84744914583624,46330
"(0.9734204793028324, 0.9894736842105264)",1,98.84741248157704,46331
"(0.9248591174906964, 0.996078431372549)",1,98.8474101100812,46332
"(0.9240596932668544, 0.9925925925925926)",1,98.84732942061537,46333
"(0.9064541180640252, 0.9894736842105264)",1,98.84727512482912,46334
"(0.8600272232304901, 1.0)",1,98.84727108332248,46335
"(0.7410714285714286, 1.0)",1,98.84718599033816,46336
"(0.9361896888751108, 0.992156862745098)",1,98.84718389824972,46337
"(0.9466013071895424, 0.996078431372549)",2,98.84712878739208,46339
"(0.8300222204120055, 0.9977333631085306)",1,98.8470325522105,46340
"(0.93520697167756, 0.996078431372549)",1,98.84702299946528,46341
"(0.9292181620122796, 0.996078431372549)",1,98.84700863597264,46342
"(0.9352372919478182, 0.9925925925925926)",1,98.84698190153068,46343
"(0.8281746031746032, 1.0)",1,98.84696909491096,46344
"(0.8298183642256803, 0.9988651610017888)",1,98.84694292830638,46345
"(0.8046935824713601, 1.0)",1,98.84688295953968,46346
"(0.7971704623878537, 0.996078431372549)",1,98.84683699456748,46347
"(0.9253783187916316, 0.9882352941176472)",1,98.84676425130492,46348
"(0.9879901960784314, 0.996078431372549)",1,98.84674790026128,46349
"(0.9841269841269842, 1.0)",4,98.84672861014324,46353
"(0.7971704623878537, 0.996078431372549)",1,98.84668950934471,46354
"(0.9841269841269842, 1.0)",1,98.84668720549726,46355
"(0.9688764394646748, 0.996078431372549)",1,98.84665345423544,46356
"(0.7141994478951, 1.0)",1,98.84664437816612,46357
"(0.9230769230769232, 1.0)",1,98.84663159144482,46358
"(0.8518518518518519, 1.0)",1,98.8466147118321,46359
"(0.9816305469556244, 0.996078431372549)",1,98.84661380854216,46360
"(0.9759803921568628, 0.996078431372549)",2,98.84660698546432,46362
"(0.9135802469135802, 1.0)",1,98.8465677272695,46363
"(0.7544105184378078, 0.9996213816771112)",1,98.84653287684992,46364
"(0.8714344685242518, 0.992156862745098)",1,98.8464562753906,46365
"(0.9813854489164088, 0.996078431372549)",1,98.84637700794892,46366
"(0.9135802469135802, 1.0)",4,98.84624017957351,46370
"(0.9047619047619048, 1.0)",1,98.8461937672464,46371
"(0.8312992626493769, 1.0)",1,98.84611710238956,46372
"(0.8415692007797271, 1.0)",2,98.84607026144572,46374
"(0.9427450980392156, 0.996078431372549)",1,98.84601314635384,46375
"(0.8832772166105499, 1.0)",1,98.84587310025908,46376
"(0.9251027896538732, 0.9925925925925926)",1,98.84567692999556,46377
"(0.9542023172905526, 0.996078431372549)",1,98.84559326843583,46378
"(0.8817204301075269, 1.0)",1,98.84554954100798,46379
"(0.9292181620122796, 0.992156862745098)",1,98.84550406450538,46380
"(0.8571024784182679, 0.996078431372549)",2,98.84527750298348,46382
"(0.9318498265866688, 0.996078431372549)",1,98.84520565799104,46383
"(0.971594304388422, 0.996078431372549)",1,98.84512615535036,46384
"(0.9047619047619048, 1.0)",1,98.8450960803902,46385
"(0.9696969696969696, 1.0)",2,98.84508861727558,46387
"(0.9444444444444444, 1.0)",1,98.8449912660439,46388
"(0.9407729468599032, 1.0)",1,98.84491223329984,46389
"(0.984504357298475, 0.996078431372549)",2,98.8449037009508,46391
"(0.9925925925925926, 0.996078431372549)",1,98.8448987287096,46392
"(0.9662037037037036, 0.9894736842105264)",1,98.8448112911575,46393
"(0.9172932330827066, 1.0)",1,98.8447784462822,46394
"(0.9214340198321892, 1.0)",1,98.84464572875818,46395
"(0.8498168498168498, 1.0)",1,98.84462204462211,46396
"(0.8518518518518519, 1.0)",1,98.8444745069746,46397
"(0.7765567765567766, 1.0)",2,98.84441946941948,46399
"(0.9641868969810148, 0.996078431372549)",1,98.84437827635033,46400
"(0.8832772166105499, 1.0)",1,98.84420517753853,46401
"(0.992156862745098, 0.996078431372549)",1,98.84419936428247,46402
"(0.7252348103134448, 0.9996213816771112)",1,98.84414625034304,46403
"(0.9855521155830752, 0.9916666666666668)",1,98.84413161170887,46404
"(0.8714344685242518, 0.996078431372549)",1,98.84401909600568,46405
"(1.0, 0.9841269841269842)",2,98.84401154401174,46407
"(0.976661220043573, 0.996078431372549)",1,98.8439895750965,46408
"(0.8518518518518519, 1.0)",1,98.84397180918936,46409
"(0.9811076711386308, 0.996078431372549)",1,98.84382617970785,46410
"(0.9230769230769232, 1.0)",2,98.84362442402724,46412
"(0.9568181818181818, 0.996078431372549)",1,98.84295928529612,46413
"(0.9452536570183628, 0.9894736842105264)",1,98.8429265975394,46414
"(0.9449122174122172, 0.996078431372549)",1,98.84276394723582,46415
"(0.9047619047619048, 1.0)",1,98.84270893103844,46416
"(0.9145622351504704, 0.996078431372549)",1,98.8425711416174,46417
"(0.9517488164856586, 0.9925925925925926)",1,98.84254402030702,46418
"(0.9351326548694968, 0.996078431372549)",1,98.8425080748386,46419
"(0.7876902948905437, 0.9969805146511974)",3,98.84248486581086,46422
"(0.8873002904865649, 1.0)",2,98.84242782368014,46424
"(0.9386724386724388, 1.0)",1,98.84240272227088,46425
"(0.9399223139548216, 0.996078431372549)",1,98.84240103811686,46426
"(0.7533150183150183, 1.0)",1,98.84235554072502,46427
"(0.738764566779023, 0.9992431021625652)",3,98.8423493091846,46430
"(0.8589726631393297, 1.0)",1,98.8423216808124,46431
"(1.0, 1.0)",2,98.84231850021324,46433
"(0.9816305469556244, 0.996078431372549)",1,98.84229654247136,46434
"(0.9523809523809524, 1.0)",1,98.8420775861106,46435
"(0.8347084975931793, 0.998110291927316)",1,98.84201324550644,46436
"(0.8763636363636363, 1.0)",1,98.84200599249834,46437
"(0.957490630284748, 0.996078431372549)",1,98.84191634652954,46438
"(0.8888888888888888, 1.0)",1,98.84191504030214,46439
"(0.9352372919478182, 0.9925925925925926)",1,98.84188869417156,46440
"(0.909209656084656, 1.0)",1,98.84179117778451,46441
"(0.9444444444444444, 1.0)",1,98.84174762435632,46442
"(0.9023809523809524, 1.0)",1,98.8415671164875,46443
"(0.9449965600275196, 0.9894736842105264)",1,98.8413994580795,46444
"(0.8502976190476191, 1.0)",1,98.84134318123262,46445
"(0.9841269841269842, 1.0)",1,98.84130190796868,46446
"(0.875, 1.0)",2,98.84128492845124,46448
"(0.9523809523809524, 1.0)",1,98.84127234711092,46449
"(0.8112794612794614, 1.0)",1,98.84119948632076,46450
"(1.0, 1.0)",1,98.8411955194564,46451
"(0.9327096052096052, 1.0)",1,98.84114213875074,46452
"(0.9605451127819548, 0.9925925925925926)",1,98.84109462404338,46453
"(0.9568181818181818, 0.996078431372549)",1,98.84107876700692,46454
"(0.8547544409613373, 1.0)",1,98.84102870076096,46455
"(0.896551724137931, 1.0)",1,98.84098371765714,46456
"(0.9047619047619048, 1.0)",1,98.84090754017224,46457
"(0.8616898148148148, 1.0)",1,98.84087820594875,46458
"(0.9049532029717788, 0.9894736842105264)",1,98.840846490111,46459
"(0.9168115942028986, 0.996078431372549)",1,98.84081624213708,46460
"(0.8211986139845592, 1.0)",1,98.84077727564797,46461
"(0.8518518518518519, 1.0)",1,98.8407407407408,46462
"(0.8264567669172932, 1.0)",1,98.84073345153828,46463
"(0.9572737556561086, 0.992156862745098)",1,98.84071946237864,46464
"(0.91484126984127, 0.9894736842105264)",1,98.84069790489276,46465
"(0.9023809523809524, 1.0)",1,98.84065086959824,46466
"(0.9591269841269842, 0.996078431372549)",1,98.84062484643005,46467
"(0.8833628057765988, 1.0)",1,98.84058990107346,46468
"(0.8550741594067247, 1.0)",1,98.8404975933298,46469
"(0.8888888888888888, 1.0)",1,98.84047203885912,46470
"(0.9327249496289745, 0.9894736842105264)",1,98.84027801604408,46471
"(0.8571428571428572, 1.0)",1,98.84023330400144,46472
"(0.9827450980392156, 0.996078431372549)",1,98.84023212972735,46473
"(0.9408668730650154, 0.9913490623109498)",1,98.84013762949937,46474
"(0.8616898148148148, 0.986574074074074)",1,98.84010229988036,46475
"(0.984504357298475, 0.996078431372549)",1,98.84009776371988,46476
"(0.9696969696969696, 1.0)",1,98.84009080350545,46477
"(0.9251027896538732, 0.9925925925925926)",1,98.84005958523736,46478
"(0.9251027896538732, 0.996078431372549)",1,98.83990095273384,46479
"(0.9280112044817928, 0.996078431372549)",1,98.83988847846209,46480
"(0.8138881768037778, 0.996078431372549)",1,98.8398061193133,46481
"(0.909209656084656, 1.0)",1,98.83961520997042,46482
"(0.90934937783235, 0.9916666666666668)",1,98.8396050111824,46483
"(0.8817204301075269, 0.9841269841269842)",1,98.83947846154985,46484
"(0.8563229526292303, 1.0)",1,98.83943014461832,46485
"(0.9269637391618816, 0.9925925925925926)",1,98.83931319122314,46486
"(0.6277229681279826, 1.0)",6,98.83928850325832,46492
"(0.7773744927424904, 0.9996213816771112)",3,98.8390684451592,46495
"(0.9365260121142476, 0.9894736842105264)",1,98.83902175310052,46496
"(0.9292181620122796, 0.992156862745098)",1,98.83900359725894,46497
"(0.7544006919006919, 1.0)",1,98.8389781100842,46498
"(0.9620227038183696, 0.992156862745098)",1,98.83895338837272,46499
"(0.8904991948470209, 1.0)",1,98.83884111846598,46500
"(0.8831064306064307, 1.0)",1,98.8387103059991,46501
"(0.9565217391304348, 1.0)",1,98.8386252566858,46502
"(0.8714344685242518, 0.992156862745098)",1,98.8386131381357,46503
"(0.8729166666666666, 1.0)",1,98.83857778055436,46504
"(0.8415692007797271, 0.986574074074074)",1,98.83857331958498,46505
"(0.9811076711386308, 0.996078431372549)",1,98.83840678972962,46506
"(0.8627450980392157, 0.9696969696969696)",1,98.83837440700188,46507
"(0.8622222222222222, 1.0)",1,98.8382191250484,46508
"(0.875, 1.0)",1,98.83820346320356,46509
"(0.9803376906318084, 0.996078431372549)",1,98.83816782275696,46510
"(0.9318498265866688, 0.996078431372549)",1,98.8381580726763,46511
"(0.9444444444444444, 1.0)",1,98.83809523809532,46512
"(0.996078431372549, 0.996078431372549)",1,98.83806516945846,46513
"(0.7531157108158522, 0.9984875577410224)",1,98.8380613476733,46514
"(0.8260952755751612, 0.9984875577410224)",1,98.83800659178011,46515
"(0.9444444444444444, 1.0)",1,98.83795512056382,46516
"(0.9855521155830752, 0.996078431372549)",1,98.8379535146184,46517
"(0.962458433665864, 0.996078431372549)",2,98.83783113242302,46519
"(0.9135802469135802, 1.0)",1,98.83777773632846,46520
"(0.992156862745098, 0.996078431372549)",1,98.83772623678976,46521
"(0.9696969696969696, 1.0)",1,98.8376961203048,46522
"(0.8817204301075269, 1.0)",1,98.8376746079008,46523
"(0.9719389978213508, 0.996078431372549)",1,98.83766247650652,46524
"(0.996078431372549, 0.996078431372549)",1,98.83760201950666,46525
"(0.9755757858699036, 0.996078431372549)",1,98.83752320933225,46526
"(0.8703817814293165, 0.9984875577410224)",3,98.8373952748814,46529
"(0.8281746031746032, 1.0)",1,98.83731062147729,46530
"(0.9320397146712937, 0.996078431372549)",1,98.837232701552,46531
"(0.8977777777777779, 1.0)",1,98.83717171717171,46532
"(0.950140056022409, 0.9925925925925926)",1,98.83706888640374,46533
"(0.9230769230769232, 1.0)",1,98.8369531031358,46534
"(0.8675136116152449, 1.0)",1,98.83691750207176,46535
"(0.95536349042541, 0.992156862745098)",1,98.83687338841334,46536
"(0.9738562091503268, 0.996078431372549)",1,98.83685078394257,46537
"(0.9384803921568629, 0.9894736842105264)",1,98.83683712384224,46538
"(0.8547544409613373, 1.0)",1,98.83678466084322,46539
"(0.8138881768037778, 0.996078431372549)",1,98.83675098593612,46540
"(0.9135802469135802, 1.0)",1,98.83654943458863,46541
"(0.9600584795321636, 0.9925925925925926)",1,98.83654430962588,46542
"(0.7162037037037038, 1.0)",1,98.8364911030708,46543
"(0.9060206664893564, 0.9913490623109498)",1,98.83647726471536,46544
"(0.9244767367135788, 0.996078431372549)",1,98.83632655086554,46545
"(0.9251027896538732, 0.9894736842105264)",1,98.83620472750484,46546
"(0.9189473684210526, 0.9894736842105264)",1,98.83614223467148,46547
"(0.9449965600275196, 0.9925925925925926)",1,98.83587162636674,46548
"(0.8888888888888888, 1.0)",1,98.83576774446156,46549
"(0.9886710239651416, 0.996078431372549)",1,98.8357431730402,46550
"(0.9352372919478182, 0.9925925925925926)",1,98.83573717699056,46551
"(0.8740392648287385, 1.0)",1,98.83567709253091,46552
"(0.8571024784182679, 0.996078431372549)",1,98.83567605511118,46553
"(0.8284655061250806, 0.998110291927316)",3,98.8356036457898,46556
"(0.9769410044719642, 0.996078431372549)",1,98.83549251773938,46557
"(0.9894736842105264, 0.996078431372549)",2,98.83534886647604,46559
"(0.8904991948470209, 1.0)",1,98.8353296990147,46560
"(0.9497685185185184, 1.0)",1,98.83529173450933,46561
"(0.9800925925925926, 1.0)",1,98.83525834557528,46562
"(0.9047619047619048, 1.0)",1,98.8352259799762,46563
"(0.9800599128540306, 0.996078431372549)",1,98.83521187447056,46564
"(0.8925865800865801, 1.0)",2,98.83515437612364,46566
"(0.9827450980392156, 0.996078431372549)",1,98.83514147734569,46567
"(0.7707924493038034, 1.0)",1,98.83512816429209,46568
"(0.8468468468468467, 1.0)",1,98.8350799916022,46569
"(0.785562382962099, 1.0)",3,98.83490365619916,46572
"(0.7455669330669331, 1.0)",1,98.83488022655548,46573
"(0.899997244510117, 0.9913490623109498)",1,98.83484365224209,46574
"(0.8067271451483561, 1.0)",1,98.83482184228484,46575
"(0.8888888888888888, 0.9841269841269842)",1,98.83480626849862,46576
"(0.9391865079365078, 1.0)",1,98.83474977954144,46577
"(0.9568181818181818, 0.996078431372549)",1,98.8347439981187,46578
"(0.7771572605359996, 0.9988651610017888)",3,98.83465455874786,46581
"(0.8075550947369525, 0.9984875577410224)",3,98.83444982338712,46584
"(0.8817204301075269, 1.0)",1,98.83434419873214,46585
"(0.8888888888888888, 1.0)",1,98.83430522919296,46586
"(0.7863382439154842, 0.9984875577410224)",3,98.83429063214642,46589
"(0.773034398034398, 1.0)",1,98.83409724208336,46590
"(0.9841269841269842, 1.0)",2,98.8340964688528,46592
"(0.9333333333333332, 1.0)",1,98.83403019744485,46593
"(0.797484574162904, 1.0)",1,98.83396770890523,46594
"(0.9444444444444444, 1.0)",1,98.8339221165308,46595
"(0.9411376480416728, 0.996078431372549)",1,98.8338616190579,46596
"(0.909722222222222, 0.992156862745098)",1,98.83379451015662,46597
"(0.909722222222222, 0.996078431372549)",1,98.83375394581547,46598
"(0.9755757858699036, 0.996078431372549)",1,98.83372221615124,46599
"(0.9465811965811968, 1.0)",1,98.8336865828359,46600
"(0.91484126984127, 0.9894736842105264)",1,98.83359447535094,46601
"(0.984504357298475, 0.996078431372549)",1,98.83350757959565,46602
"(0.9035155195681512, 0.9925925925925926)",1,98.83342961888444,46603
"(0.9189473684210526, 0.9894736842105264)",1,98.83337483351396,46604
"(0.914421596921597, 0.996078431372549)",1,98.83323580311112,46605
"(0.9855521155830752, 0.996078431372549)",1,98.83321914186304,46606
"(0.8831064306064307, 1.0)",1,98.8331487772392,46607
"(0.9579248366013072, 0.996078431372549)",1,98.83306462390594,46608
"(0.8915343915343915, 1.0)",1,98.833029008029,46609
"(0.8714344685242518, 0.996078431372549)",1,98.83290100979036,46610
"(0.8763636363636363, 1.0)",2,98.83288537549409,46612
"(0.9841269841269842, 1.0)",1,98.83288221879796,46613
"(0.8275641025641025, 1.0)",1,98.8328242325258,46614
"(0.9841269841269842, 1.0)",1,98.8327572997064,46615
"(0.7141994478951, 1.0)",1,98.83273923460553,46616
"(0.90934937783235, 0.992156862745098)",1,98.83273619831286,46617
"(0.851937321937322, 0.9992431021625652)",1,98.83270174156192,46618
"(0.683375104427736, 1.0)",1,98.8326377446324,46619
"(0.9230116959064328, 0.9894736842105264)",2,98.83262887022224,46621
"(0.9615343915343916, 1.0)",1,98.83243311471492,46622
"(0.7122514150947009, 0.9984875577410224)",3,98.83234691345623,46625
"(0.9807407407407408, 0.996078431372549)",1,98.8322803700275,46626
"(0.9342814048696402, 0.996078431372549)",1,98.83218538527926,46627
"(0.9465811965811968, 1.0)",1,98.83218251300931,46628
"(0.8858975827700768, 0.9892665474060824)",1,98.83215741380624,46629
"(0.9449122174122172, 0.996078431372549)",2,98.8321543171312,46631
"(0.8925865800865801, 1.0)",1,98.83212567690072,46632
"(0.5951421188630491, 1.0)",1,98.83207770064466,46633
"(0.8469839324618735, 1.0)",1,98.8320136985499,46634
"(0.9135802469135802, 1.0)",2,98.83193732619024,46636
"(0.8376068376068376, 1.0)",1,98.83182897445026,46637
"(0.9609224859534458, 0.996078431372549)",1,98.8318018444791,46638
"(0.9358798064680418, 0.996078431372549)",1,98.83180108002152,46639
"(0.896551724137931, 1.0)",1,98.831607707581,46640
"(0.9230769230769232, 0.9841269841269842)",1,98.83157049905446,46641
"(0.984504357298475, 0.996078431372549)",1,98.83143415047488,46642
"(0.9879901960784314, 0.996078431372549)",1,98.83133602198843,46643
"(0.814850018234865, 0.9996213816771112)",3,98.8312645373241,46646
"(0.503972769146217, 0.9975126262626262)",1,98.831214580731,46647
"(0.950140056022409, 0.9894736842105264)",1,98.83118670115554,46648
"(0.9882352941176472, 0.996078431372549)",1,98.8311065030458,46649
"(0.9408668730650154, 0.9913490623109498)",1,98.83108775271064,46650
"(0.9230769230769232, 1.0)",1,98.83096768901498,46651
"(0.9060206664893564, 0.9913490623109498)",2,98.83083706880002,46653
"(0.8498168498168498, 1.0)",1,98.83076923076932,46654
"(0.9230769230769232, 1.0)",1,98.83069368902702,46655
"(0.9919117647058824, 0.996078431372549)",1,98.83069264694588,46656
"(0.90934937783235, 0.996078431372549)",1,98.83055775873592,46657
"(0.9110756689704058, 0.9894736842105264)",1,98.83048530416931,46658
"(0.6856760145918833, 1.0)",2,98.83045361933088,46660
"(0.8469839324618735, 1.0)",1,98.83038280130262,46661
"(0.9428823795600112, 0.9913490623109498)",1,98.8302448312194,46662
"(1.0, 1.0)",1,98.83020361281233,46663
"(0.9060206664893564, 0.9913490623109498)",3,98.83011361285853,46666
"(0.9788235294117646, 0.996078431372549)",1,98.83004592511207,46667
"(0.8897707231040564, 1.0)",1,98.82995634955154,46668
"(1.0, 1.0)",1,98.82986232986232,46669
"(0.9047619047619048, 1.0)",1,98.82984587920627,46670
"(0.9248366013071896, 1.0)",1,98.829833501253,46671
"(0.9565217391304348, 1.0)",1,98.8297555101903,46672
"(0.8275809031622985, 1.0)",1,98.82973946945076,46673
"(0.9047619047619048, 1.0)",1,98.82971687810397,46674
"(0.9449965600275196, 0.9925925925925926)",1,98.82958672660736,46675
"(0.9503921568627453, 0.9894736842105264)",2,98.8295863338586,46677
"(0.8616898148148148, 1.0)",1,98.82958609836912,46678
"(0.91484126984127, 0.9894736842105264)",1,98.82942267370264,46679
"(0.8888888888888888, 1.0)",1,98.82937513163527,46680
"(0.8600272232304901, 1.0)",1,98.8293527098354,46681
"(0.992156862745098, 0.996078431372549)",1,98.82933591563294,46682
"(0.773034398034398, 1.0)",1,98.8292950928729,46683
"(0.8528846153846155, 1.0)",1,98.82925713444467,46684
"(0.8166129441119749, 0.9988651610017888)",1,98.8292421683852,46685
"(0.9879901960784314, 0.996078431372549)",1,98.82923061002272,46686
"(0.8873002904865649, 1.0)",1,98.8290944903468,46687
"(0.9320240125035522, 0.9925925925925926)",1,98.82902234985,46688
"(0.9563953488372092, 0.9885627144491042)",1,98.82876200607517,46689
"(0.9674603174603176, 1.0)",1,98.82874396135266,46690
"(0.9811403508771928, 0.996078431372549)",1,98.828690805833,46691
"(0.9444444444444444, 1.0)",1,98.8286541889483,46692
"(0.9236094950800832, 0.992156862745098)",1,98.82855626485632,46693
"(0.9769410044719642, 0.996078431372549)",1,98.82854330501152,46694
"(0.8571024784182679, 0.996078431372549)",1,98.82854230732542,46695
"(0.9517488164856586, 0.9894736842105264)",1,98.82831318492288,46696
"(0.937878787878788, 1.0)",1,98.82824865193288,46697
"(0.9065438871473354, 1.0)",1,98.82823691800895,46698
"(0.996078431372549, 1.0)",1,98.82804487491856,46699
"(0.9517488164856586, 0.9894736842105264)",1,98.82801434289804,46700
"(0.9056772399713576, 0.9894736842105264)",1,98.8276882882052,46701
"(0.9827450980392156, 0.996078431372549)",1,98.82763184984763,46702
"(0.9841269841269842, 1.0)",1,98.82752425412272,46703
"(0.954722222222222, 0.996078431372549)",2,98.82749583381111,46705
"(1.0, 1.0)",1,98.82747004785986,46706
"(0.9816305469556244, 0.9916666666666668)",1,98.82736534858016,46707
"(0.9816305469556244, 0.996078431372549)",1,98.82729169265544,46708
"(0.9841269841269842, 1.0)",1,98.82726423902896,46709
"(0.9428823795600112, 0.9913490623109498)",1,98.82725003607548,46710
"(0.9371957671957672, 0.9894736842105264)",1,98.8271814339769,46711
"(0.8977777777777779, 1.0)",1,98.82717527239268,46712
"(0.9465811965811968, 1.0)",1,98.82713156831484,46713
"(0.8138881768037778, 0.996078431372549)",1,98.82706337878504,46714
"(0.9408668730650154, 0.9913490623109498)",1,98.8270584484143,46715
"(0.9186111111111112, 0.996078431372549)",1,98.82701872748912,46716
"(0.9352372919478182, 0.9894736842105264)",1,98.82697314028306,46717
"(0.922050500014663, 0.9885627144491042)",1,98.82691290290724,46718
"(0.9641868969810148, 0.996078431372549)",1,98.82685209756433,46719
"(0.8258037694013303, 1.0)",1,98.82669551834084,46720
"(0.9384803921568629, 0.9894736842105264)",1,98.82663701737984,46721
"(0.8571024784182679, 0.996078431372549)",1,98.82653639838836,46722
"(0.8502197802197802, 1.0)",1,98.8265275146516,46723
"(0.9816305469556244, 0.996078431372549)",1,98.8265074931574,46724
"(0.8763636363636363, 1.0)",2,98.82649911220292,46726
"(0.8803174603174604, 1.0)",1,98.82646672168418,46727
"(0.8571024784182679, 0.992156862745098)",2,98.82645209263676,46729
"(0.900854700854701, 1.0)",1,98.82641668676152,46730
"(0.980582788671024, 0.996078431372549)",1,98.82636157386948,46731
"(0.9427450980392156, 0.996078431372549)",1,98.82635050079077,46732
"(0.8977777777777779, 1.0)",4,98.8263492063492,46736
"(0.9018073680369506, 0.996078431372549)",1,98.8263466871931,46737
"(0.9276837051837052, 0.9925925925925926)",1,98.82624030103072,46738
"(1.0, 1.0)",2,98.82623224728488,46740
"(0.9503921568627453, 0.9925925925925926)",1,98.82617605718264,46741
"(0.9125701913010372, 0.9913490623109498)",1,98.8260332842886,46742
"(0.6479213215360324, 0.9977333631085306)",1,98.82602002224804,46743
"(0.914421596921597, 0.9916666666666668)",1,98.8259953726838,46744
"(0.9664488017429194, 0.9894736842105264)",1,98.82599144532628,46745
"(0.9445350241545892, 1.0)",1,98.82598577398656,46746
"(0.9049919484702094, 1.0)",1,98.82597849704295,46747
"(0.957490630284748, 0.996078431372549)",1,98.82592325140494,46748
"(0.8129898303922073, 1.0)",2,98.8258423444565,46750
"(0.900854700854701, 1.0)",1,98.82584045787443,46751
"(0.9135802469135802, 1.0)",2,98.82568031159992,46753
"(0.97718610251118, 0.996078431372549)",1,98.82565482930664,46754
"(0.9060206664893564, 0.9913490623109498)",3,98.82564027676436,46757
"(0.9230769230769232, 1.0)",1,98.82561239082978,46758
"(0.9591269841269842, 0.996078431372549)",1,98.82552939892511,46759
"(0.947088068181818, 0.986574074074074)",1,98.82545447692452,46760
"(0.8231382557771446, 0.998110291927316)",1,98.8253066575307,46761
"(0.8013468013468013, 1.0)",1,98.8251854905168,46762
"(0.9269637391618816, 0.9925925925925926)",1,98.82518366222683,46763
"(0.8888888888888888, 1.0)",4,98.82516898306372,46767
"(0.984313725490196, 0.996078431372549)",1,98.8250039321012,46768
"(0.91484126984127, 0.9925925925925926)",1,98.8249398692644,46769
"(0.9847494553376906, 0.996078431372549)",1,98.82486723510588,46770
"(0.8763636363636363, 1.0)",1,98.82479630858148,46771
"(0.9691305469556244, 0.996078431372549)",1,98.82471521968183,46772
"(0.9404364154364154, 0.9894736842105264)",1,98.82471403908536,46773
"(0.914421596921597, 0.996078431372549)",1,98.8245423979042,46774
"(0.9674603174603176, 1.0)",1,98.82452742967618,46775
"(0.8952380952380952, 1.0)",1,98.82451387595876,46776
"(0.9047619047619048, 1.0)",1,98.82449700263238,46777
"(0.9243650793650792, 1.0)",1,98.82443827662836,46778
"(0.8832772166105499, 1.0)",2,98.82443820615865,46780
"(0.9696969696969696, 1.0)",1,98.82442974994126,46781
"(0.978144708175668, 0.996078431372549)",1,98.82441373396524,46782
"(1.0, 0.996078431372549)",1,98.82434120404422,46783
"(0.9365750528541228, 1.0)",1,98.82426376237932,46784
"(0.7544006919006919, 1.0)",1,98.82417016561531,46785
"(0.9449122174122172, 0.996078431372549)",1,98.82414636620892,46786
"(0.9426596279537456, 0.992156862745098)",1,98.82412846281088,46787
"(0.9399138116785176, 0.992156862745098)",2,98.82412066952112,46789
"(0.8202677043217801, 0.9988651610017888)",2,98.82405548197146,46791
"(0.8831064306064307, 1.0)",1,98.82400185465252,46792
"(0.9168115942028986, 0.996078431372549)",1,98.8239426703666,46793
"(0.8330439814814815, 1.0)",1,98.8236260753522,46794
"(0.9841269841269842, 1.0)",1,98.82358168147653,46795
"(0.8210785742035742, 0.9992431021625652)",3,98.82350737801784,46798
"(0.9386724386724388, 1.0)",1,98.82349628691092,46799
"(0.9135802469135802, 0.9841269841269842)",1,98.82341974874846,46800
"(0.8592532467532467, 1.0)",1,98.82341973687672,46801
"(0.944558067777882, 0.9894736842105264)",1,98.823415014065,46802
"(0.922050500014663, 1.0)",1,98.8234030234602,46803
"(0.93822906940554, 0.9894736842105264)",1,98.82340135469371,46804
"(0.896551724137931, 1.0)",1,98.82339155097776,46805
"(0.8952380952380952, 1.0)",1,98.8233832762724,46806
"(0.8925865800865801, 1.0)",1,98.8233796225394,46807
"(0.9135802469135802, 1.0)",1,98.82334772189844,46808
"(0.904126984126984, 1.0)",1,98.8233425559001,46809
"(0.8468468468468467, 1.0)",1,98.82326556389523,46810
"(0.9641868969810148, 0.996078431372549)",1,98.82325685673854,46811
"(0.8889459760512393, 0.996078431372549)",1,98.82318457624268,46812
"(0.899997244510117, 0.9913490623109498)",1,98.823010191723,46813
"(0.9056772399713576, 0.9894736842105264)",1,98.82298451216234,46814
"(0.9251027896538732, 0.9894736842105264)",1,98.82291992591576,46815
"(0.9449122174122172, 0.992156862745098)",1,98.82288620358736,46816
"(0.8958946706887884, 0.992156862745098)",1,98.82286660362126,46817
"(0.7782392026578072, 1.0)",1,98.82283832939784,46818
"(0.9452536570183628, 0.9925925925925926)",1,98.82267504167632,46819
"(0.8831018518518517, 1.0)",1,98.82261376863045,46820
"(1.0, 1.0)",1,98.82256613187278,46821
"(0.9866666666666668, 0.996078431372549)",1,98.8224476314408,46822
"(0.9350548459681588, 0.9925925925925926)",1,98.82244462995992,46823
"(0.965272331154684, 0.996078431372549)",1,98.82243966292492,46824
"(0.9230769230769232, 1.0)",1,98.82240421802626,46825
"(0.9641868969810148, 0.992156862745098)",1,98.82238800319791,46826
"(0.8686868686868687, 1.0)",1,98.8223665223666,46827
"(0.9916666666666668, 0.996078431372549)",1,98.82229814344454,46828
"(0.9206349206349206, 1.0)",1,98.82224076513934,46829
"(0.8888888888888888, 1.0)",1,98.82222222222222,46830
"(0.9812636165577342, 0.996078431372549)",1,98.8221210130056,46831
"(0.8082298900462964, 0.9977333631085306)",3,98.82210403823682,46834
"(0.9642156862745098, 0.992156862745098)",1,98.82208438317735,46835
"(0.7162037037037038, 1.0)",1,98.82206597222222,46836
"(0.9421840958605664, 0.996078431372549)",1,98.82206394535268,46837
"(0.91484126984127, 0.9894736842105264)",1,98.82206168272712,46838
"(0.9327096052096052, 1.0)",1,98.82191451794392,46839
"(0.914421596921597, 0.996078431372549)",1,98.82191189941597,46840
"(0.9589484126984128, 1.0)",1,98.82187203893903,46841
"(0.8925865800865801, 1.0)",1,98.8218210427903,46842
"(0.9435178632856652, 0.996078431372549)",1,98.82180900553688,46843
"(1.0, 1.0)",1,98.82177100804104,46844
"(0.8053221288515406, 1.0)",1,98.82168042655658,46845
"(0.7826679910858535, 0.9992431021625652)",3,98.82165030068812,46848
"(0.9881481481481482, 0.992156862745098)",1,98.82164438502669,46849
"(0.8257672120953371, 1.0)",3,98.82157680920024,46852
"(0.91484126984127, 0.9894736842105264)",1,98.82153611524336,46853
"(0.875, 1.0)",1,98.82127733377747,46854
"(0.9358798064680418, 0.996078431372549)",1,98.82122044290844,46855
"(0.9707143676183924, 0.996078431372549)",1,98.8212054964119,46856
"(0.9664488017429194, 0.9894736842105264)",1,98.82119506282028,46857
"(0.9466013071895424, 0.992156862745098)",1,98.82118102813205,46858
"(0.9411376480416728, 0.992156862745098)",1,98.82114444573878,46859
"(0.9866666666666668, 0.992156862745098)",1,98.8211172778444,46860
"(0.9879901960784314, 0.996078431372549)",1,98.8210964525508,46861
"(1.0, 1.0)",1,98.82104764860756,46862
"(0.9342814048696402, 0.996078431372549)",1,98.82101106324032,46863
"(0.9135802469135802, 1.0)",1,98.820987654321,46864
"(0.9651330532212884, 0.996078431372549)",1,98.82096299211648,46865
"(0.9350548459681588, 0.9894736842105264)",1,98.82087286145284,46866
"(0.9452536570183628, 0.9894736842105264)",1,98.82067331488432,46867
"(0.9399223139548216, 0.996078431372549)",1,98.820669674904,46868
"(0.9023809523809524, 1.0)",1,98.82062555352029,46869
"(0.8888888888888888, 1.0)",1,98.8205055480918,46870
"(1.0, 1.0)",1,98.82044766827376,46871
"(0.9688200894392844, 0.996078431372549)",1,98.82043814816542,46872
"(0.8502976190476191, 1.0)",1,98.82032013257,46873
"(0.9172932330827066, 1.0)",1,98.820249536039,46874
"(0.9662707390648568, 0.996078431372549)",2,98.8202096848852,46876
"(0.8330439814814815, 1.0)",1,98.8200453381914,46877
"(0.9925925925925926, 0.996078431372549)",1,98.82003489428696,46878
"(0.912041847041847, 0.9894736842105264)",1,98.81999764339528,46879
"(0.9609224859534458, 0.996078431372549)",1,98.81996730586702,46880
"(0.9365260121142476, 0.9894736842105264)",2,98.81992588508822,46882
"(0.9047619047619048, 1.0)",1,98.81992081992082,46883
"(0.909209656084656, 1.0)",1,98.81958061824588,46884
"(0.8900759734093067, 1.0)",1,98.81951710534167,46885
"(0.91484126984127, 0.9894736842105264)",2,98.8194997947241,46887
"(0.8888888888888888, 1.0)",1,98.81948051948063,46888
"(0.8070702269142443, 1.0)",3,98.81942845943657,46891
"(0.9035087719298246, 0.9913490623109498)",1,98.81938211410224,46892
"(0.8275096819218369, 0.998110291927316)",1,98.8193274450836,46893
"(0.740829346092504, 1.0)",1,98.81931010815526,46894
"(0.91484126984127, 0.9925925925925926)",1,98.81930257536276,46895
"(1.0, 1.0)",1,98.8192480154117,46896
"(0.9342814048696402, 0.996078431372549)",1,98.8192369002182,46897
"(0.9049532029717788, 0.996078431372549)",1,98.8192349224418,46898
"(0.89, 1.0)",1,98.8192050812546,46899
"(0.9230116959064328, 0.9894736842105264)",1,98.81918510695648,46900
"(0.8166446003907016, 0.9996213816771112)",1,98.8191803585506,46901
"(0.9306746031746032, 1.0)",1,98.81910349980666,46902
"(0.9847494553376906, 0.992156862745098)",1,98.81906386956682,46903
"(0.8350168350168351, 1.0)",1,98.81896068259762,46904
"(0.9243650793650792, 1.0)",1,98.8188908815755,46905
"(0.8468468468468467, 1.0)",1,98.81886622647492,46906
"(0.992156862745098, 0.996078431372549)",1,98.81885221447725,46907
"(0.8990289449112978, 0.9894736842105264)",2,98.81847845996433,46909
"(0.9731377053745476, 0.996078431372549)",1,98.81843198142867,46910
"(0.9059134765017116, 0.9916666666666668)",1,98.81815231801478,46911
"(0.875, 1.0)",1,98.81810963544598,46912
"(0.9707143676183924, 0.996078431372549)",1,98.81804709665892,46913
"(0.8864468864468864, 1.0)",1,98.81786286539796,46914
"(0.9500564728815504, 0.9886710239651416)",1,98.8178440220673,46915
"(0.9289529914529916, 1.0)",1,98.81782982643252,46916
"(0.7776581433965343, 0.9992431021625652)",3,98.8177940960564,46919
"(0.8559368191721133, 1.0)",1,98.81774310050356,46920
"(0.9503921568627453, 0.9894736842105264)",1,98.8177423952035,46921
"(0.9461578783560208, 0.9894736842105264)",1,98.81764500377484,46922
"(0.8347084975931793, 0.9988651610017888)",3,98.81760985938016,46925
"(0.8763636363636363, 1.0)",1,98.81742841953368,46926
"(0.978144708175668, 0.996078431372549)",1,98.81742247851864,46927
"(0.9230116959064328, 0.9894736842105264)",1,98.81736743075732,46928
"(0.9574911134044262, 0.996078431372549)",1,98.81716553450168,46929
"(0.9517488164856586, 0.9894736842105264)",1,98.81708934855976,46930
"(0.8666666666666667, 1.0)",1,98.81707925294658,46931
"(0.9449122174122172, 0.996078431372549)",1,98.81691143377756,46932
"(0.9879901960784314, 0.996078431372549)",1,98.81684343292967,46933
"(0.9919117647058824, 0.996078431372549)",1,98.81682949835034,46934
"(0.8900759734093067, 1.0)",1,98.816787664496,46935
"(0.9261349042540992, 0.996078431372549)",1,98.8167548961342,46936
"(0.896551724137931, 1.0)",1,98.81672413696272,46937
"(0.9565217391304348, 1.0)",4,98.8166948993036,46941
"(0.9161018232999656, 0.996078431372549)",1,98.81663007486678,46942
"(0.8067271451483561, 1.0)",1,98.81659219477372,46943
"(0.9886710239651416, 0.996078431372549)",1,98.81658175552488,46944
"(0.9391865079365078, 1.0)",1,98.81657544935848,46945
"(0.8873002904865649, 1.0)",1,98.8165347531903,46946
"(0.9841269841269842, 1.0)",1,98.8164944081824,46947
"(0.8859337035751476, 1.0)",1,98.81637052265738,46948
"(0.9401300133188678, 0.996078431372549)",1,98.81632929086898,46949
"(0.9542023172905526, 0.996078431372549)",1,98.81624520067469,46950
"(0.9243650793650792, 1.0)",1,98.81623093993916,46951
"(0.6479213215360324, 1.0)",1,98.81618896003712,46952
"(0.9224211423699916, 1.0)",1,98.81615527500574,46953
"(0.9879901960784314, 0.996078431372549)",1,98.81599949725728,46954
"(0.8666666666666667, 1.0)",1,98.8159773826457,46955
"(0.8126903630604289, 0.9913490623109498)",1,98.81590401991156,46956
"(0.9230769230769232, 1.0)",1,98.81589014849888,46957
"(0.8417927170868348, 0.996078431372549)",1,98.8158818469326,46958
"(0.9427450980392156, 0.996078431372549)",1,98.81586995811968,46959
"(1.0, 1.0)",3,98.81585718688052,46962
"(0.8873002904865649, 1.0)",1,98.81571905015532,46963
"(0.9466013071895424, 0.992156862745098)",1,98.81571106054432,46964
"(0.8237398713870082, 0.9984875577410224)",3,98.81569218544963,46967
"(0.980582788671024, 0.996078431372549)",1,98.81562808509656,46968
"(0.9461578783560208, 0.9894736842105264)",1,98.815561281397,46969
"(0.6479213215360324, 0.9992431021625652)",3,98.8155377551663,46972
"(0.7167919799498746, 1.0)",1,98.8155114072288,46973
"(0.9879901960784314, 0.996078431372549)",1,98.81540464943944,46974
"(0.9803921568627452, 0.996078431372549)",2,98.81538837921764,46976
"(0.9109477124183006, 1.0)",1,98.81538691297196,46977
"(0.7705882352941177, 1.0)",1,98.81536839011292,46978
"(0.8311915850750934, 1.0)",3,98.81534573344976,46981
"(1.0, 1.0)",1,98.8153328153328,46982
"(0.9733828034137632, 0.996078431372549)",1,98.81531019574189,46983
"(0.9230769230769232, 1.0)",1,98.81523153979418,46984
"(0.91484126984127, 0.9894736842105264)",1,98.81515411832729,46985
"(0.8817204301075269, 1.0)",1,98.8150980845378,46986
"(0.8977777777777779, 1.0)",1,98.81508801324658,46987
"(0.8915343915343915, 1.0)",1,98.81501561958552,46988
"(0.9172932330827066, 0.9841269841269842)",1,98.81500046412344,46989
"(0.978144708175668, 0.996078431372549)",1,98.81495760971518,46990
"(0.9230116959064328, 0.9894736842105264)",1,98.81491121028292,46991
"(0.8240301702196975, 0.998110291927316)",1,98.81488531850776,46992
"(0.8888888888888888, 1.0)",1,98.81480851607894,46993
"(0.8345959595959597, 1.0)",1,98.81473672653006,46994
"(0.9452003410059676, 0.9894736842105264)",1,98.81466845573706,46995
"(0.9230769230769232, 1.0)",1,98.81461131461133,46996
"(0.9384803921568629, 0.9894736842105264)",1,98.81459837932796,46997
"(0.9027274557165862, 1.0)",1,98.81457966142202,46998
"(0.9318498265866688, 0.992156862745098)",1,98.8145093558116,46999
"(0.8905936111818465, 0.9886710239651416)",1,98.81447709955444,47000
"(0.8634130781499202, 0.996078431372549)",1,98.81443000583812,47001
"(0.9879901960784314, 0.996078431372549)",1,98.81439510852135,47002
"(0.9386724386724388, 1.0)",2,98.81431336033668,47004
"(0.8904991948470209, 1.0)",1,98.81428863845412,47005
"(0.7410714285714286, 1.0)",2,98.81408119310602,47007
"(0.9592592592592591, 1.0)",1,98.8139362752283,47008
"(0.9172932330827066, 1.0)",1,98.81384495722064,47009
"(0.896551724137931, 1.0)",1,98.81380750012563,47010
"(0.9428823795600112, 0.9913490623109498)",1,98.81375544733706,47011
"(0.8402777777777779, 1.0)",1,98.81366932875554,47012
"(0.909722222222222, 0.996078431372549)",1,98.81361796542043,47013
"(0.9056772399713576, 0.9894736842105264)",1,98.81357557566328,47014
"(0.9841269841269842, 1.0)",4,98.81352364110984,47018
"(0.912041847041847, 0.9894736842105264)",1,98.81346920107735,47019
"(0.984313725490196, 0.996078431372549)",1,98.81343240455166,47020
"(0.8423371647509579, 1.0)",1,98.813398312373,47021
"(0.9685403050108932, 0.9894736842105264)",1,98.81338154592778,47022
"(0.8527777777777779, 1.0)",2,98.81327751196172,47024
"(0.8498168498168499, 0.9841269841269842)",1,98.81327334572237,47025
"(1.0, 1.0)",1,98.81326821326822,47026
"(0.9674603174603176, 1.0)",2,98.8131514859322,47028
"(0.9879901960784314, 0.996078431372549)",2,98.81313105819358,47030
"(0.8936891247727161, 0.996078431372549)",1,98.81308405078882,47031
"(0.8370512373649356, 0.9913490623109498)",1,98.81307527392796,47032
"(1.0, 1.0)",1,98.81297202165324,47033
"(0.9664488017429194, 0.9894736842105264)",1,98.81296516448866,47034
"(0.9351326548694968, 0.996078431372549)",1,98.81293284967292,47035
"(0.984967320261438, 0.996078431372549)",1,98.81292930146677,47036
"(0.9269637391618816, 0.9894736842105264)",2,98.8129080538434,47038
"(0.8893558268973552, 1.0)",1,98.81286389679696,47039
"(0.9841269841269842, 1.0)",2,98.81280076652394,47041
"(0.9251027896538732, 0.9925925925925926)",1,98.81272871258837,47042
"(0.8271652864044169, 1.0)",1,98.8127128615056,47043
"(0.8858975827700768, 0.9885627144491042)",1,98.81268787514156,47044
"(0.9452536570183628, 0.9925925925925926)",1,98.81268332745084,47045
"(0.9444444444444444, 1.0)",1,98.81260683760684,47046
"(0.8666666666666667, 1.0)",2,98.81258020182165,47048
"(0.7162037037037038, 1.0)",1,98.8125635439361,47049
"(0.9243650793650792, 1.0)",1,98.81254839316836,47050
"(1.0, 1.0)",1,98.8124107474076,47051
"(0.7650293586269196, 1.0)",1,98.81230114413025,47052
"(0.9135802469135802, 1.0)",1,98.812183670517,47053
"(0.6403503049675462, 0.9885627144491042)",1,98.81212595592568,47054
"(0.9109477124183006, 1.0)",1,98.81208179988916,47055
"(0.8202677043217801, 0.9988651610017888)",1,98.81207376897484,47056
"(1.0, 1.0)",1,98.81198134203984,47057
"(0.9851851851851852, 0.996078431372549)",1,98.81194315447904,47058
"(0.9384803921568629, 0.9925925925925926)",1,98.81193291613612,47059
"(0.9327096052096052, 1.0)",1,98.81189267936334,47060
"(0.9214340198321892, 1.0)",1,98.8117863807728,47061
"(0.965272331154684, 0.9916666666666668)",1,98.81157649736711,47062
"(0.9404364154364154, 0.9925925925925926)",1,98.811570988351,47063
"(0.9449965600275196, 0.9894736842105264)",1,98.81153409742402,47064
"(0.9230769230769232, 1.0)",1,98.81152629682042,47065
"(0.9615343915343916, 1.0)",1,98.8115194299385,47066
"(0.9135802469135802, 1.0)",1,98.8114478114478,47067
"(0.9662037037037036, 0.9894736842105264)",1,98.81140652764414,47068
"(0.740829346092504, 1.0)",1,98.81136762953123,47069
"(0.6898550724637682, 1.0)",1,98.81133428970956,47070
"(0.875, 1.0)",1,98.8111613319364,47071
"(0.9352372919478182, 0.9894736842105264)",1,98.81111894051348,47072
"(0.896551724137931, 1.0)",2,98.81108047024568,47074
"(0.9886710239651416, 0.996078431372549)",1,98.81105508793658,47075
"(0.9251027896538732, 0.9894736842105264)",1,98.81104046881892,47076
"(0.9841269841269842, 1.0)",1,98.81095917292453,47077
"(0.9230769230769232, 1.0)",1,98.81094172899446,47078
"(0.9027274557165862, 1.0)",1,98.8109267441989,47079
"(0.9810457516339868, 0.996078431372549)",1,98.81088613547873,47080
"(0.8013468013468013, 0.9841269841269842)",3,98.81081947842826,47083
"(0.9760659819483348, 1.0)",1,98.81079649298626,47084
"(0.8571428571428572, 1.0)",1,98.81076807534896,47085
"(0.9408668730650154, 0.9913490623109498)",3,98.8106792582378,47088
"(0.9411376480416728, 0.996078431372549)",1,98.81067381043228,47089
"(0.8494411571334649, 1.0)",2,98.81063972558732,47091
"(0.9280112044817928, 0.992156862745098)",2,98.8106317655461,47093
"(0.9087026014109348, 1.0)",1,98.8105923204971,47094
"(0.8889459760512393, 0.996078431372549)",1,98.8105899033863,47095
"(0.912041847041847, 0.9894736842105264)",1,98.81057333326773,47096
"(0.8888888888888888, 1.0)",1,98.81041106041106,47097
"(0.9202401372212692, 0.9885627144491042)",1,98.80998100300656,47098
"(0.9879901960784314, 0.996078431372549)",1,98.80992138968035,47099
"(1.0, 0.9841269841269842)",1,98.8098013098014,47100
"(0.8888888888888888, 1.0)",1,98.809764817289,47101
"(0.9194577352472088, 1.0)",1,98.80971664999127,47102
"(0.8991666666666667, 1.0)",1,98.8096876507972,47103
"(0.8990289449112978, 0.9925925925925926)",1,98.8096684944976,47104
"(0.9125701913010372, 0.9913490623109498)",1,98.80966446231292,47105
"(0.8731060606060606, 1.0)",1,98.80957553071588,47106
"(0.909722222222222, 1.0)",1,98.80954501151872,47107
"(0.9027274557165862, 1.0)",1,98.80953945864492,47108
"(0.9444444444444444, 1.0)",1,98.80931699808512,47109
"(0.883876357560568, 1.0)",1,98.80925891799214,47110
"(0.8714344685242518, 0.992156862745098)",1,98.80921805160835,47111
"(0.9503921568627453, 0.9894736842105264)",1,98.80913107933212,47112
"(0.9503921568627453, 0.9894736842105264)",1,98.80911245445282,47113
"(0.8345959595959597, 1.0)",1,98.80909121231424,47114
"(0.9351258309591644, 1.0)",1,98.80900220184569,47115
"(0.9364583333333332, 1.0)",1,98.80899416658237,47116
"(0.8550741594067247, 1.0)",1,98.80898560747856,47117
"(0.9292181620122796, 0.992156862745098)",1,98.80897530364643,47118
"(0.9357610907610908, 0.9894736842105264)",1,98.8089564156745,47119
"(0.9197362278244632, 0.996078431372549)",1,98.80895278520624,47120
"(0.8498168498168498, 1.0)",1,98.80893414226747,47121
"(0.9769410044719642, 0.996078431372549)",1,98.8089129970422,47122
"(0.8864468864468864, 1.0)",1,98.80880473031505,47123
"(0.954188034188034, 0.996078431372549)",1,98.8087020008145,47124
"(0.9189473684210526, 0.9894736842105264)",1,98.8086919130732,47125
"(0.8889459760512393, 0.996078431372549)",1,98.8086195940614,47126
"(0.9449965600275196, 0.9894736842105264)",2,98.80855569553692,47128
"(0.7496650452295612, 1.0)",1,98.80855172953292,47129
"(0.8237398713870082, 1.0)",3,98.80844884680675,47132
"(0.8376068376068376, 1.0)",1,98.80838395649609,47133
"(0.7777777777777776, 0.9841269841269842)",1,98.80835554833858,47134
"(0.9333333333333332, 1.0)",1,98.80834139850234,47135
"(0.9565217391304348, 1.0)",1,98.80834041853538,47136
"(0.7919664804950215, 1.0)",1,98.80831396998222,47137
"(0.965272331154684, 0.996078431372549)",1,98.80825100312126,47138
"(0.8729166666666666, 1.0)",2,98.80814383086728,47140
"(0.9214340198321892, 1.0)",1,98.80796402230422,47141
"(0.8817204301075269, 1.0)",1,98.80793913893493,47142
"(0.9452536570183628, 0.9894736842105264)",1,98.80779225602802,47143
"(0.8571024784182679, 0.996078431372549)",1,98.80778722710618,47144
"(0.8571428571428572, 1.0)",2,98.8077412783295,47146
"(0.962458433665864, 0.996078431372549)",1,98.80771659407056,47147
"(0.9467538126361656, 0.992156862745098)",1,98.8077083559714,47148
"(0.9230116959064328, 0.9894736842105264)",1,98.80758537936576,47149
"(0.827728296446098, 0.9996213816771112)",3,98.80748576555104,47152
"(0.9135802469135802, 1.0)",1,98.80745285009284,47153
"(0.8858975827700768, 0.9885627144491042)",1,98.80740829712008,47154
"(0.8053221288515406, 1.0)",1,98.80725041212656,47155
"(0.8748472964943552, 0.996078431372549)",1,98.80716854897209,47156
"(1.0, 1.0)",1,98.80710456423776,47157
"(0.9269637391618816, 0.9925925925925926)",1,98.80702403423491,47158
"(0.9466013071895424, 0.996078431372549)",1,98.80687989046548,47159
"(0.8991666666666667, 1.0)",1,98.80672046552482,47160
"(0.9827450980392156, 0.996078431372549)",1,98.80663368449964,47161
"(0.8325147741358931, 0.9988651610017888)",3,98.80661827682408,47164
"(0.896551724137931, 1.0)",1,98.80657720225304,47165
"(0.9251027896538732, 0.9894736842105264)",2,98.80648912818464,47167
"(0.9172045847248688, 0.996078431372549)",1,98.80644804203578,47168
"(0.958531746031746, 1.0)",1,98.8064352138525,47169
"(0.9224211423699916, 1.0)",2,98.80642435890788,47171
"(0.9236094950800832, 0.996078431372549)",1,98.80632576415756,47172
"(0.95536349042541, 0.996078431372549)",1,98.8062320742296,47173
"(0.9333333333333332, 1.0)",1,98.80616098876976,47174
"(0.8817204301075269, 1.0)",1,98.80615208682818,47175
"(0.9384803921568629, 0.9894736842105264)",2,98.8060702104338,47177
"(0.8958946706887884, 0.992156862745098)",1,98.80605008825084,47178
"(0.8952380952380952, 1.0)",1,98.80603802382105,47179
"(0.96937564499484, 0.9886710239651416)",1,98.80597710854664,47180
"(0.996078431372549, 0.996078431372549)",1,98.805963973947,47181
"(0.9879901960784314, 1.0)",1,98.80589381996546,47182
"(0.7455669330669331, 1.0)",1,98.8058549908272,47183
"(0.9230116959064328, 0.9894736842105264)",1,98.80581792046942,47184
"(0.9365260121142476, 0.9894736842105264)",1,98.8057996695998,47185
"(0.941156690746474, 0.996078431372549)",1,98.80579572371218,47186
"(0.9313762626262628, 0.986574074074074)",1,98.8057347282345,47187
"(0.8347084975931793, 0.9988651610017888)",2,98.8056934907906,47189
"(0.996078431372549, 1.0)",1,98.80565654803944,47190
"(0.8299319727891157, 1.0)",1,98.80564201828687,47191
"(0.9568181818181818, 0.996078431372549)",1,98.80563237113626,47192
"(0.879008834302952, 0.992156862745098)",1,98.80555625474224,47193
"(0.9172932330827066, 0.9841269841269842)",1,98.80544952123915,47194
"(0.9851851851851852, 0.996078431372549)",1,98.80535705718896,47195
"(0.9047619047619048, 1.0)",1,98.8053050078912,47196
"(0.9840686274509804, 0.9788235294117646)",1,98.80522560486185,47197
"(0.8469839324618735, 1.0)",1,98.80516184669806,47198
"(0.7786910383458592, 0.9992431021625652)",2,98.80514052100442,47200
"(0.9230116959064328, 0.9894736842105264)",1,98.8051104067356,47201
"(0.8211986139845592, 0.9988651610017888)",1,98.80510820829043,47202
"(0.957490630284748, 0.996078431372549)",1,98.80507184830716,47203
"(0.7544006919006919, 1.0)",1,98.80490562848593,47204
"(0.9056772399713576, 0.9925925925925926)",1,98.8048368582403,47205
"(0.9230116959064328, 0.9894736842105264)",1,98.80480532968905,47206
"(0.8459093886462881, 0.9996213816771112)",3,98.80476709787624,47209
"(0.9365750528541228, 0.9885627144491042)",1,98.80467360825716,47210
"(0.9269637391618816, 0.9894736842105264)",1,98.8046044490474,47211
"(0.9327249496289745, 0.9894736842105264)",1,98.80453735832934,47212
"(0.9503921568627453, 0.9894736842105264)",1,98.80453713469176,47213
"(0.8817204301075269, 1.0)",1,98.804471549655,47214
"(0.8952380952380952, 1.0)",1,98.80440200480524,47215
"(0.8319664902998236, 1.0)",1,98.80419889637987,47216
"(0.9327249496289745, 0.9894736842105264)",1,98.8040934332264,47217
"(0.9404364154364154, 0.9894736842105264)",1,98.80406230279276,47218
"(0.8900759734093067, 1.0)",1,98.80404832917854,47219
"(0.9810457516339868, 0.996078431372549)",1,98.80398325736842,47220
"(0.6856760145918833, 1.0)",1,98.80395677296391,47221
"(0.9065438871473354, 1.0)",1,98.80391388054662,47222
"(0.9327249496289745, 0.9894736842105264)",1,98.80391145703112,47223
"(0.7971704623878537, 0.992156862745098)",1,98.80371853441903,47224
"(0.9517488164856586, 0.9894736842105264)",1,98.80367331727992,47225
"(0.9391865079365078, 1.0)",1,98.8035233260478,47226
"(0.8900759734093067, 1.0)",1,98.80345433116268,47227
"(0.7496650452295612, 1.0)",1,98.8034225992064,47228
"(0.814850018234865, 0.9996213816771112)",3,98.80328628211096,47231
"(0.9365260121142476, 0.9894736842105264)",1,98.80327921046944,47232
"(0.7975164658278694, 1.0)",1,98.80327369781972,47233
"(0.912041847041847, 0.9894736842105264)",1,98.80322089846838,47234
"(0.9192180611357128, 0.9885627144491042)",1,98.8030739554151,47235
"(0.8, 1.0)",2,98.80289498591704,47237
"(0.9446101774042952, 0.9894736842105264)",1,98.80283022601732,47238
"(1.0, 1.0)",1,98.80279442779442,47239
"(0.7777777777777776, 1.0)",4,98.80265202260092,47243
"(0.8351193705914272, 0.9913490623109498)",1,98.8026394729656,47244
"(0.8615967365967366, 1.0)",1,98.80263112807884,47245
"(0.896551724137931, 1.0)",1,98.80259338778828,47246
"(0.8763636363636363, 1.0)",1,98.80258234519104,47247
"(0.7957784732756176, 0.9992431021625652)",1,98.8025117422924,47248
"(0.9841269841269842, 1.0)",1,98.8024785724774,47249
"(0.909722222222222, 0.996078431372549)",1,98.80245981146786,47250
"(0.5930309007232084, 1.0)",1,98.80232738495748,47251
"(0.8253968253968256, 1.0)",1,98.80232048484412,47252
"(0.7777777777777776, 1.0)",1,98.80228259394934,47253
"(1.0, 1.0)",1,98.80227148684097,47254
"(0.9799875505757858, 0.996078431372549)",1,98.80219478224804,47255
"(0.75, 1.0)",1,98.80211274233014,47256
"(0.9333333333333332, 1.0)",2,98.80210466920994,47258
"(0.9027274557165862, 1.0)",1,98.80206312005224,47259
"(0.9189473684210526, 0.9894736842105264)",1,98.801879689277,47260
"(0.9027274557165862, 1.0)",1,98.80186441711736,47261
"(0.8138881768037778, 0.996078431372549)",1,98.80184702072044,47262
"(0.8731060606060606, 0.986574074074074)",2,98.80184056220769,47264
"(0.875, 1.0)",1,98.80183982683982,47265
"(0.6858992794155586, 0.9988651610017888)",1,98.80181247965815,47266
"(0.7544006919006919, 1.0)",1,98.80180847172645,47267
"(0.912041847041847, 0.9894736842105264)",1,98.80178564082,47268
"(0.9087026014109348, 1.0)",1,98.80163610375786,47269
"(0.9302579365079364, 1.0)",1,98.80157944030232,47270
"(0.992156862745098, 0.996078431372549)",1,98.80152663674768,47271
"(0.8130291548638542, 1.0)",3,98.80136453951528,47274
"(0.9113243706184884, 0.9925925925925926)",1,98.80133688030632,47275
"(0.9799019607843138, 0.996078431372549)",1,98.80133639704351,47276
"(0.9605451127819548, 0.9894736842105264)",1,98.80126065344176,47277
"(0.9609224859534458, 0.996078431372549)",1,98.80122697243436,47278
"(0.8350168350168351, 1.0)",1,98.80122072460782,47279
"(0.9255470304063654, 0.9925925925925926)",2,98.80119758727967,47281
"(0.883580779054917, 1.0)",1,98.80114667623954,47282
"(0.9841269841269842, 1.0)",2,98.80112713373585,47284
"(0.8888888888888888, 1.0)",1,98.8010685624116,47285
"(0.9182874260815438, 0.996078431372549)",1,98.8010403057244,47286
"(0.9358798064680418, 0.996078431372549)",1,98.800990690147,47287
"(0.9333333333333332, 1.0)",2,98.80094599769396,47289
"(0.9269637391618816, 0.9894736842105264)",1,98.80084698039012,47290
"(0.9168478260869564, 1.0)",1,98.80084516760856,47291
"(0.8176097867714723, 1.0)",3,98.80078261930106,47294
"(0.9565217391304348, 1.0)",4,98.80072691666896,47298
"(0.8904991948470209, 1.0)",1,98.8006856513264,47299
"(0.9189473684210526, 0.9925925925925926)",1,98.80061901207966,47300
"(0.9352372919478182, 0.9894736842105264)",1,98.80035567373784,47301
"(0.9172932330827066, 1.0)",2,98.80031368517496,47303
"(0.9886710239651416, 0.996078431372549)",1,98.8002345245111,47304
"(0.9047619047619048, 1.0)",1,98.8001501186985,47305
"(0.9827450980392156, 0.996078431372549)",1,98.80004653743954,47306
"(0.8888888888888888, 1.0)",1,98.7999124434083,47307
"(0.7443685754613105, 0.9988651610017888)",3,98.7998927280712,47310
"(0.9248591174906964, 0.996078431372549)",1,98.79979374386218,47311
"(0.9565217391304348, 1.0)",1,98.79974406603398,47312
"(0.9408668730650154, 0.9913490623109498)",1,98.7996951317013,47313
"(0.9047619047619048, 1.0)",2,98.79960486133638,47315
"(0.9464473684210528, 0.9855521155830752)",2,98.79956098654245,47317
"(0.931377923976608, 0.9913490623109498)",2,98.79955780711131,47319
"(0.8958964646464646, 1.0)",1,98.79953628226276,47320
"(0.9049532029717788, 0.9894736842105264)",1,98.79947451798118,47321
"(0.9399223139548216, 0.996078431372549)",1,98.79929596272332,47322
"(0.8309016086793863, 1.0)",1,98.79929435833311,47323
"(0.9224211423699916, 1.0)",1,98.79924855372472,47324
"(0.777251375157076, 0.9962290087680192)",1,98.79921168645788,47325
"(0.992156862745098, 0.996078431372549)",1,98.79915984645044,47326
"(0.91484126984127, 0.9925925925925926)",1,98.79898115742584,47327
"(0.9662707390648568, 0.996078431372549)",1,98.79896999810585,47328
"(1.0, 1.0)",1,98.79895225547398,47329
"(0.7411068098568098, 0.9988651610017888)",3,98.79891694041471,47332
"(0.962458433665864, 0.996078431372549)",1,98.79886718430063,47333
"(0.947088068181818, 1.0)",1,98.79843401506317,47334
"(0.773034398034398, 1.0)",2,98.7983898874524,47336
"(0.7863382439154842, 1.0)",1,98.79836077904768,47337
"(0.984504357298475, 0.992156862745098)",1,98.7983305895457,47338
"(0.8138881768037778, 0.996078431372549)",1,98.7983134984646,47339
"(0.819456287849504, 1.0)",1,98.79822491518712,47340
"(0.7724881844733854, 0.9996213816771112)",1,98.79805373936134,47341
"(0.8888888888888888, 1.0)",1,98.7979797979798,47342
"(0.9248591174906964, 0.996078431372549)",1,98.79787484337572,47343
"(0.919047619047619, 0.9696969696969696)",1,98.7978154561488,47344
"(0.9803921568627452, 0.996078431372549)",1,98.79779035530984,47345
"(0.9077881758764113, 0.9919117647058824)",1,98.7977186318438,47346
"(0.8883205456095482, 1.0)",1,98.79770734542576,47347
"(0.879008834302952, 0.992156862745098)",1,98.79767627216964,47348
"(0.8611111111111112, 1.0)",1,98.79763652748407,47349
"(0.9027274557165862, 1.0)",2,98.79759341086556,47351
"(0.9224211423699916, 0.9696969696969696)",1,98.79759098042015,47352
"(0.9499369338378628, 0.9913490623109498)",2,98.79756383155704,47354
"(0.8622222222222222, 1.0)",1,98.79755112096576,47355
"(0.9428823795600112, 0.9913490623109498)",1,98.79751346830822,47356
"(0.8889459760512393, 0.996078431372549)",1,98.79727092940809,47357
"(0.9189473684210526, 0.9894736842105264)",1,98.79706773973626,47358
"(0.8325147741358931, 0.9996213816771112)",3,98.7969987491662,47361
"(0.9719389978213508, 0.996078431372549)",1,98.79698709524293,47362
"(0.9841269841269842, 1.0)",1,98.79694181288384,47363
"(0.9391865079365078, 1.0)",1,98.79693931346124,47364
"(0.9236728184096604, 0.9894736842105264)",1,98.79679507869784,47365
"(0.9056772399713576, 0.9894736842105264)",1,98.796789531246,47366
"(0.8375771604938271, 1.0)",1,98.79671593067428,47367
"(0.8309016086793863, 1.0)",1,98.79669927496812,47368
"(0.9589484126984128, 1.0)",1,98.79666043217104,47369
"(0.8592532467532467, 1.0)",1,98.79665224171444,47370
"(0.9465811965811968, 1.0)",1,98.79657327751,47371
"(0.7410714285714286, 1.0)",1,98.79655791682634,47372
"(0.9696969696969696, 1.0)",2,98.79645341239544,47374
"(0.9491329966329968, 0.996078431372549)",1,98.79642873966124,47375
"(0.7254857664736697, 0.9988651610017888)",3,98.79628834337716,47378
"(0.9925925925925926, 0.996078431372549)",2,98.79624432804616,47380
"(0.95536349042541, 0.996078431372549)",1,98.79618780567246,47381
"(0.9503921568627453, 0.9894736842105264)",1,98.79618454037627,47382
"(0.8831064306064307, 1.0)",1,98.795890994924,47383
"(0.7871690388735844, 0.9973567708333332)",3,98.79586144604346,47386
"(0.9352372919478182, 0.9894736842105264)",1,98.79578591957132,47387
"(0.9384803921568629, 0.9925925925925926)",1,98.7957378740968,47388
"(0.8082298900462964, 1.0)",3,98.79563864044376,47391
"(0.9269637391618816, 0.9894736842105264)",1,98.7956258355792,47392
"(0.789129970517141, 1.0)",3,98.79558037204052,47395
"(0.9191112362010194, 0.9882352941176472)",1,98.79557440510789,47396
"(0.8888888888888888, 1.0)",1,98.79555875585292,47397
"(0.9579248366013072, 0.996078431372549)",1,98.79552804543796,47398
"(0.9894736842105264, 0.996078431372549)",1,98.79550377577944,47399
"(0.979656862745098, 0.996078431372549)",1,98.79542870640218,47400
"(0.8330439814814815, 1.0)",1,98.79542707506988,47401
"(0.7537906548933039, 0.9987530712530712)",1,98.7953230702548,47402
"(0.9517488164856586, 0.9894736842105264)",1,98.79530823035446,47403
"(0.9465811965811968, 0.986574074074074)",1,98.79530641473542,47404
"(0.9223809523809524, 1.0)",1,98.79529294138752,47405
"(0.9192251461988304, 0.996078431372549)",1,98.79524367823916,47406
"(0.8498168498168498, 1.0)",1,98.79522010556494,47407
"(0.8138881768037778, 0.996078431372549)",1,98.79509434571862,47408
"(0.9230769230769232, 1.0)",1,98.79505031295312,47409
"(0.9333333333333332, 1.0)",2,98.79496770161732,47411
"(0.9087026014109348, 1.0)",1,98.79493227768975,47412
"(0.9070736434108526, 0.9885627144491042)",1,98.79489889598683,47413
"(0.9811076711386308, 0.996078431372549)",1,98.79485802830582,47414
"(0.9059134765017116, 0.992156862745098)",1,98.79483693636936,47415
"(0.9230769230769232, 1.0)",1,98.79483289956674,47416
"(0.9449965600275196, 0.9894736842105264)",1,98.79483240930593,47417
"(0.996078431372549, 0.996078431372549)",1,98.79482571328488,47418
"(0.988425925925926, 0.996078431372549)",1,98.79475575296064,47419
"(0.8705805822084891, 1.0)",1,98.79469392118612,47420
"(0.9333333333333332, 1.0)",1,98.79468186134852,47421
"(0.9047619047619048, 1.0)",1,98.79462563127451,47422
"(0.9333333333333332, 1.0)",1,98.79461697722569,47423
"(0.949639417170377, 0.996078431372549)",1,98.79456616320664,47424
"(0.9449965600275196, 0.9894736842105264)",1,98.79449876839762,47425
"(0.785562382962099, 0.9992431021625652)",3,98.794410535857,47428
"(0.865079365079365, 1.0)",1,98.7943940240452,47429
"(0.9035155195681512, 0.9925925925925926)",1,98.79437060200269,47430
"(0.8494411571334649, 1.0)",2,98.79431062763727,47432
"(0.879008834302952, 0.992156862745098)",2,98.79421362670604,47434
"(0.8925865800865801, 1.0)",1,98.79415685836216,47435
"(0.9384803921568629, 0.9894736842105264)",1,98.79411211853144,47436
"(0.9359620771385476, 0.9886710239651416)",2,98.7940953857516,47438
"(1.0, 0.9841269841269842)",2,98.7940591487504,47440
"(0.618155233237972, 0.9977333631085306)",1,98.7940476201519,47441
"(0.8915343915343915, 1.0)",1,98.79393611511315,47442
"(0.8888888888888888, 1.0)",1,98.79382715412132,47443
"(0.7982512875968919, 1.0)",2,98.79371380103068,47445
"(0.8600272232304901, 1.0)",1,98.79362570535838,47446
"(0.9841269841269842, 1.0)",1,98.79357038842164,47447
"(0.8750600325600326, 1.0)",1,98.79350785611628,47448
"(0.8571428571428572, 1.0)",1,98.7935064935065,47449
"(0.957490630284748, 0.996078431372549)",1,98.7934847833886,47450
"(0.9841269841269842, 1.0)",1,98.79345579345578,47451
"(0.7623331330198501, 1.0)",3,98.79333469767607,47454
"(0.7707924493038034, 1.0)",1,98.793260991564,47455
"(0.7782392026578072, 1.0)",1,98.7931643412538,47456
"(0.9841269841269842, 1.0)",2,98.79315833016707,47458
"(0.6403503049675462, 1.0)",2,98.79313608138204,47460
"(0.9191387446502536, 0.9925925925925926)",1,98.79301670554558,47461
"(0.9047619047619048, 1.0)",1,98.79297862631196,47462
"(0.9503921568627453, 0.996078431372549)",1,98.79295877910504,47463
"(0.7455669330669331, 1.0)",1,98.79292426198566,47464
"(0.9384803921568629, 0.9894736842105264)",1,98.7929109382188,47465
"(0.980582788671024, 0.9925925925925926)",1,98.79289297590375,47466
"(0.908998988877654, 1.0)",1,98.79286413636348,47467
"(1.0, 1.0)",1,98.7928583567764,47468
"(0.9214340198321892, 1.0)",1,98.79282685463966,47469
"(0.992156862745098, 0.996078431372549)",1,98.79280936407034,47470
"(0.9035155195681512, 0.9894736842105264)",1,98.7926994837519,47471
"(0.84183367343242, 1.0)",3,98.7926793504698,47474
"(0.9261349042540992, 0.992156862745098)",1,98.79267212305544,47475
"(0.9427450980392156, 0.996078431372549)",1,98.79266962151289,47476
"(0.8571024784182679, 0.996078431372549)",1,98.79264747918909,47477
"(0.8888888888888888, 1.0)",1,98.79264214046832,47478
"(0.896551724137931, 1.0)",1,98.7925408185252,47479
"(0.4920916945373467, 1.0)",1,98.79245960832615,47480
"(0.9365260121142476, 0.9894736842105264)",1,98.79242187923283,47481
"(0.9449965600275196, 0.9894736842105264)",1,98.7923992579486,47482
"(0.9251027896538732, 0.9894736842105264)",1,98.79237803659456,47483
"(1.0, 1.0)",1,98.7921334957948,47484
"(0.8109668109668109, 1.0)",2,98.79209106071852,47486
"(0.9350548459681588, 0.9894736842105264)",1,98.79208843662263,47487
"(0.9318498265866688, 0.996078431372549)",1,98.79206319623924,47488
"(0.9503921568627453, 0.9894736842105264)",1,98.79200644957592,47489
"(0.9168478260869564, 1.0)",1,98.79194721122732,47490
"(0.9600584795321636, 0.9894736842105264)",1,98.79194593236883,47491
"(0.9197362278244632, 0.996078431372549)",1,98.79187001190228,47492
"(0.8260952755751612, 1.0)",3,98.79186248609624,47495
"(0.8112794612794614, 1.0)",1,98.79183290793662,47496
"(0.6793388322889417, 0.9973567708333332)",3,98.79169593194102,47499
"(0.984967320261438, 0.996078431372549)",1,98.7916563057973,47500
"(0.912041847041847, 0.9894736842105264)",1,98.7916184437622,47501
"(0.935349484823169, 0.9925925925925926)",1,98.79148362400863,47502
"(0.9449122174122172, 0.992156862745098)",1,98.79145247552412,47503
"(0.8240301702196975, 0.9984875577410224)",1,98.79141215352796,47504
"(0.9841269841269842, 1.0)",1,98.79138387155628,47505
"(0.9197362278244632, 0.996078431372549)",1,98.79125203829136,47506
"(0.9333333333333332, 1.0)",1,98.7912473491422,47507
"(0.9688200894392844, 0.996078431372549)",1,98.79121701526782,47508
"(0.9651330532212884, 0.996078431372549)",1,98.79115807855224,47509
"(0.9591269841269842, 0.996078431372549)",1,98.79115202374533,47510
"(0.9882352941176472, 0.996078431372549)",1,98.79108259544708,47511
"(0.8700357638518202, 0.9913490623109498)",1,98.79092871361178,47512
"(0.912041847041847, 0.9894736842105264)",1,98.79090252082491,47513
"(0.896551724137931, 1.0)",1,98.79086728565488,47514
"(0.9230769230769232, 1.0)",1,98.7908017908018,47515
"(0.7162037037037038, 1.0)",1,98.79077876984128,47516
"(0.8151260504201681, 1.0)",1,98.7907746192576,47517
"(0.8731060606060606, 1.0)",1,98.79069674377266,47518
"(0.8027926876284068, 0.9992431021625652)",3,98.79068062421663,47521
"(0.9452631578947368, 0.9925925925925926)",1,98.7906416884578,47522
"(0.9065438871473354, 1.0)",1,98.7906329027326,47523
"(0.8900759734093067, 1.0)",1,98.7906224032526,47524
"(0.9452536570183628, 0.9894736842105264)",2,98.79061537905945,47526
"(0.9230116959064328, 0.9894736842105264)",1,98.7905441528428,47527
"(0.9255470304063654, 0.9894736842105264)",1,98.79051573186868,47528
"(0.9327249496289745, 0.9894736842105264)",1,98.7904282848787,47529
"(0.785562382962099, 0.9969805146511974)",1,98.79042436943637,47530
"(0.9449122174122172, 0.992156862745098)",2,98.79039122029296,47532
"(0.8831064306064307, 1.0)",1,98.79038268862736,47533
"(0.7957784732756176, 0.9973567708333332)",3,98.7903368146322,47536
"(0.9047619047619048, 1.0)",1,98.78990156282424,47537
"(0.9855521155830752, 0.996078431372549)",1,98.7898309618259,47538
"(0.8876464446796928, 0.9925925925925926)",1,98.78978643215896,47539
"(0.9813854489164088, 0.996078431372549)",2,98.78969681982014,47541
"(0.992156862745098, 0.996078431372549)",1,98.78967090949976,47542
"(0.6277229681279826, 1.0)",1,98.78964105190056,47543
"(0.9135802469135802, 1.0)",1,98.78960012280795,47544
"(0.9352372919478182, 0.9894736842105264)",1,98.78953323605626,47545
"(0.90934937783235, 0.992156862745098)",2,98.78944813254458,47547
"(0.8645663082437276, 0.9996213816771112)",3,98.78940536723184,47550
"(0.8958946706887884, 0.992156862745098)",1,98.78930406248544,47551
"(0.9197362278244632, 0.992156862745098)",1,98.7892986126508,47552
"(0.9704892057833234, 0.996078431372549)",1,98.78920377071604,47553
"(0.9168115942028986, 0.996078431372549)",1,98.78918347391908,47554
"(0.9452536570183628, 0.9894736842105264)",1,98.78913291628508,47555
"(0.8817204301075269, 1.0)",1,98.78912783751494,47556
"(0.8439484126984128, 1.0)",1,98.78908983455986,47557
"(1.0, 1.0)",1,98.7890601818638,47558
"(0.9503921568627453, 0.9894736842105264)",1,98.78896807321416,47559
"(0.9399223139548216, 0.996078431372549)",2,98.78891918039707,47561
"(0.8469839324618735, 1.0)",2,98.78877813232212,47563
"(0.8915343915343915, 1.0)",1,98.78870976746455,47564
"(0.9320397146712937, 0.9886710239651416)",1,98.78869501956493,47565
"(0.931377923976608, 0.9913490623109498)",1,98.78864836239995,47566
"(0.9925925925925926, 0.996078431372549)",1,98.78854400381748,47567
"(0.954722222222222, 0.996078431372549)",1,98.78853260257016,47568
"(0.957490630284748, 0.996078431372549)",1,98.78850954236408,47569
"(0.9269637391618816, 0.9894736842105264)",1,98.78850244108584,47570
"(0.9135802469135802, 1.0)",1,98.788501520233,47571
"(0.6479213215360324, 0.9988651610017888)",3,98.78833692580534,47574
"(0.9272424525365702, 0.996078431372549)",1,98.78830991696422,47575
"(0.904126984126984, 1.0)",1,98.78830620404084,47576
"(0.8729166666666666, 1.0)",1,98.7882576818606,47577
"(0.9352372919478182, 0.9894736842105264)",1,98.78825120224327,47578
"(0.9056772399713576, 0.9894736842105264)",1,98.78821023988031,47579
"(0.9602875653185252, 0.9894736842105264)",1,98.78820742049892,47580
"(0.9266149870801036, 0.9885627144491042)",1,98.78806294680004,47581
"(0.875, 1.0)",1,98.78804402860467,47582
"(0.8421177587844255, 1.0)",1,98.78803086432042,47583
"(0.9138847117794486, 0.992156862745098)",1,98.78798612610753,47584
"(0.9327249496289745, 0.9894736842105264)",1,98.78772866701838,47585
"(0.7081939799331105, 1.0)",1,98.7876738982243,47586
"(0.8264567669172932, 1.0)",1,98.78752038529446,47587
"(0.9464473684210528, 0.9855521155830752)",1,98.78750215242704,47588
"(0.958531746031746, 1.0)",1,98.78730572259984,47589
"(0.8817204301075269, 1.0)",1,98.7872662766542,47590
"(0.9452536570183628, 0.9894736842105264)",1,98.78725147315684,47591
"(0.8629111521008016, 0.9992431021625652)",3,98.78722696929763,47594
"(0.9135802469135802, 1.0)",1,98.78720662053996,47595
"(0.9478416778726376, 0.9925925925925926)",1,98.78717693074012,47596
"(0.9350548459681588, 0.9894736842105264)",2,98.78698106286387,47598
"(0.9886710239651416, 0.996078431372549)",1,98.78693920911115,47599
"(0.8864468864468864, 1.0)",1,98.786837840561,47600
"(0.9445350241545892, 1.0)",1,98.7867012400573,47601
"(0.9449965600275196, 0.9894736842105264)",1,98.78668189338448,47602
"(0.90934937783235, 0.996078431372549)",1,98.78664851279214,47603
"(0.9444444444444444, 1.0)",1,98.78664229236315,47604
"(1.0, 1.0)",1,98.78660324472344,47605
"(0.8897707231040564, 1.0)",2,98.78648475786156,47607
"(0.9399223139548216, 0.996078431372549)",1,98.78645305803386,47608
"(0.9168115942028986, 0.996078431372549)",1,98.78645018699076,47609
"(0.91484126984127, 0.9894736842105264)",1,98.7862826183103,47610
"(0.978144708175668, 0.996078431372549)",1,98.78617425686822,47611
"(0.9172932330827066, 0.9841269841269842)",1,98.7861404352634,47612
"(0.9724945533769064, 0.996078431372549)",1,98.78613254148776,47613
"(0.9248591174906964, 0.992156862745098)",1,98.7860466925293,47614
"(0.8330439814814815, 1.0)",1,98.78602187550104,47615
"(0.9841269841269842, 1.0)",2,98.78597630016397,47617
"(0.9189473684210526, 0.9894736842105264)",1,98.78588811899009,47618
"(0.8141495561319372, 0.9984875577410224)",1,98.78586997941558,47619
"(0.9517488164856586, 0.9894736842105264)",1,98.78586539602802,47620
"(0.8888888888888888, 1.0)",1,98.7856961324582,47621
"(0.8888888888888888, 1.0)",1,98.78556998557004,47622
"(0.8700357638518202, 0.9913490623109498)",1,98.78542928766004,47623
"(1.0, 1.0)",1,98.78532645749873,47624
"(0.9633298933608532, 0.9916666666666668)",1,98.78520894052608,47625
"(0.9444444444444444, 1.0)",2,98.78516830338916,47627
"(0.9841269841269842, 1.0)",1,98.78512846802327,47628
"(0.965272331154684, 0.996078431372549)",1,98.78511807943173,47629
"(0.8148063759258677, 0.9988651610017888)",3,98.7850236128772,47632
"(0.91484126984127, 0.9894736842105264)",1,98.78494713920392,47633
"(0.9605975723622784, 0.996078431372549)",1,98.78492360371482,47634
"(0.9125701913010372, 0.9913490623109498)",2,98.78489112150837,47636
"(0.9452536570183628, 0.9894736842105264)",1,98.78488865967176,47637
"(0.8350168350168351, 1.0)",2,98.7848575881824,47639
"(0.8208699715991036, 0.9984875577410224)",1,98.7848354034777,47640
"(0.9919117647058824, 0.996078431372549)",1,98.78479762454135,47641
"(0.9189473684210526, 0.9894736842105264)",1,98.78476600939392,47642
"(0.8330439814814815, 1.0)",1,98.784760112846,47643
"(0.9364583333333332, 1.0)",1,98.78470516544893,47644
"(0.9520261437908496, 0.9886710239651416)",1,98.78468061849694,47645
"(0.8125, 1.0)",1,98.784665415172,47646
"(0.8275096819218369, 0.9996213816771112)",1,98.78458515794566,47647
"(0.9466207660652104, 1.0)",1,98.78457226414348,47648
"(0.8375771604938271, 1.0)",1,98.78455387326248,47649
"(0.9213117283950616, 1.0)",1,98.78447772705016,47650
"(0.9213117283950616, 1.0)",1,98.7842462455687,47651
"(0.9452536570183628, 0.9925925925925926)",1,98.78389974118284,47652
"(0.8488297541238717, 0.9851851851851852)",1,98.78383984493888,47653
"(0.935504581417894, 0.9894736842105264)",1,98.78359324856984,47654
"(0.9027274557165862, 1.0)",1,98.78358707769256,47655
"(0.8053221288515406, 1.0)",1,98.78358299841676,47656
"(0.9602875653185252, 0.9894736842105264)",1,98.78353596409303,47657
"(0.8163854689162486, 1.0)",1,98.78344694830388,47658
"(0.9696969696969696, 1.0)",1,98.78344027194602,47659
"(0.980582788671024, 0.996078431372549)",1,98.783395948193,47660
"(0.9327249496289745, 0.9894736842105264)",1,98.7833757578799,47661
"(0.9327249496289745, 0.9894736842105264)",1,98.78335287366744,47662
"(0.9610423116615068, 0.996078431372549)",1,98.7832255237264,47663
"(0.9641868969810148, 0.996078431372549)",1,98.78307982122236,47664
"(1.0, 1.0)",1,98.78280191342094,47665
"(0.8763636363636363, 1.0)",1,98.7826269636796,47666
"(0.8900759734093067, 1.0)",1,98.78250195021027,47667
"(0.9444444444444444, 1.0)",1,98.78248396132646,47668
"(0.9230769230769232, 1.0)",1,98.78244074765816,47669
"(0.8615967365967366, 1.0)",1,98.78234483704895,47670
"(0.9172932330827066, 1.0)",1,98.78225929856028,47671
"(0.9445350241545892, 1.0)",1,98.7822408792782,47672
"(0.9060206664893564, 0.9913490623109498)",3,98.78223468563742,47675
"(0.9255470304063654, 0.9894736842105264)",1,98.78222416202206,47676
"(0.9444444444444444, 1.0)",1,98.78222216006576,47677
"(0.9138847117794486, 0.996078431372549)",1,98.7822205996045,47678
"(0.9445350241545892, 1.0)",1,98.78219102343414,47679
"(0.833064949006978, 1.0)",1,98.78217236333182,47680
"(0.9087026014109348, 1.0)",1,98.7821365264899,47681
"(0.8990289449112978, 0.9894736842105264)",1,98.78212913642426,47682
"(0.9037076648841356, 0.992156862745098)",1,98.78209480224636,47683
"(0.9452536570183628, 0.9894736842105264)",1,98.78208402673522,47684
"(0.8402777777777779, 1.0)",1,98.78204094712716,47685
"(0.8067271451483561, 1.0)",1,98.78196081236275,47686
"(0.814850018234865, 0.9992431021625652)",3,98.78191241520052,47689
"(0.8425925925925927, 1.0)",1,98.78184223184238,47690
"(0.9742002063983488, 0.996078431372549)",1,98.7817120851238,47691
"(0.9886710239651416, 0.964404761904762)",1,98.78164007062276,47692
"(0.9276837051837052, 0.9925925925925926)",1,98.78153152114396,47693
"(0.9327249496289745, 0.9894736842105264)",1,98.78143603120564,47694
"(0.95536349042541, 0.996078431372549)",1,98.7812657752379,47695
"(0.9384803921568629, 0.9894736842105264)",1,98.78125728263996,47696
"(0.896551724137931, 1.0)",1,98.78124480883108,47697
"(0.9327249496289745, 0.9894736842105264)",1,98.78100552537684,47698
"(0.9517488164856586, 0.9894736842105264)",1,98.78097924549915,47699
"(0.9192180611357128, 0.9885627144491042)",1,98.7809411568757,47700
"(0.8859337035751476, 0.9885627144491042)",1,98.78079906556496,47701
"(0.8439484126984128, 1.0)",2,98.78078946018374,47703
"(0.9428823795600112, 0.9913490623109498)",2,98.78067278556424,47705
"(0.9192251461988304, 0.996078431372549)",1,98.78054889156856,47706
"(0.8888888888888888, 1.0)",2,98.78047481308352,47708
"(0.8729166666666666, 0.986574074074074)",1,98.78047089242146,47709
"(0.8686868686868687, 1.0)",1,98.7803851282112,47710
"(0.9503921568627453, 0.9894736842105264)",1,98.78034857999305,47711
"(0.909722222222222, 1.0)",1,98.78033658919968,47712
"(0.9841269841269842, 1.0)",1,98.78020541549954,47713
"(0.9056772399713576, 0.9894736842105264)",1,98.7801725878179,47714
"(0.9056772399713576, 0.9894736842105264)",1,98.7801088219098,47715
"(0.9841269841269842, 1.0)",4,98.78003974345438,47719
"(0.681570646824671, 1.0)",1,98.77989445639648,47720
"(0.8832772166105499, 1.0)",1,98.77982894074847,47721
"(0.9248591174906964, 0.996078431372549)",1,98.77981351967902,47722
"(0.896551724137931, 1.0)",1,98.77974220515448,47723
"(0.89, 1.0)",2,98.77969663372966,47725
"(0.8714344685242518, 0.996078431372549)",1,98.77957417858627,47726
"(0.9056772399713576, 0.9894736842105264)",1,98.77955629292144,47727
"(0.8170426065162907, 1.0)",1,98.7794767805294,47728
"(0.8600272232304901, 1.0)",1,98.779411969143,47729
"(0.8129629629629629, 1.0)",1,98.77938699018286,47730
"(0.971594304388422, 0.996078431372549)",1,98.77938591848792,47731
"(0.8415692007797271, 1.0)",2,98.77929423215178,47733
"(0.9224211423699916, 0.9696969696969696)",2,98.7792556658712,47735
"(0.9352372919478182, 0.9894736842105264)",1,98.77919952133468,47736
"(0.9428823795600112, 0.9913490623109498)",3,98.7790256317757,47739
"(0.8319664902998236, 1.0)",1,98.7789004427736,47740
"(0.9800925925925926, 1.0)",1,98.7788400449217,47741
"(0.9289529914529916, 1.0)",1,98.7788138315085,47742
"(0.8952380952380952, 1.0)",1,98.77880331109498,47743
"(0.8627450980392157, 1.0)",1,98.77878738908151,47744
"(0.9879901960784314, 0.996078431372549)",1,98.77876999100842,47745
"(0.9483440170940168, 1.0)",1,98.77876073374502,47746
"(0.9499369338378628, 0.9913490623109498)",1,98.778688940953,47747
"(0.9452536570183628, 0.9894736842105264)",1,98.77865126840308,47748
"(0.958531746031746, 1.0)",1,98.77859931202958,47749
"(0.9411376480416728, 0.992156862745098)",1,98.7784217490286,47750
"(0.8093516988062442, 1.0)",3,98.77835016365108,47753
"(0.9049532029717788, 0.9894736842105264)",1,98.77826331649068,47754
"(0.8376068376068376, 1.0)",1,98.77825556086424,47755
"(0.9816305469556244, 0.996078431372549)",1,98.7782013057878,47756
"(0.7770289069007303, 0.9984875577410224)",3,98.7781247480217,47759
"(0.8425925925925927, 0.9841269841269842)",2,98.77801827801842,47761
"(0.9866666666666668, 1.0)",1,98.77799572424296,47762
"(0.9841269841269842, 1.0)",1,98.77797176058046,47763
"(0.9135802469135802, 1.0)",1,98.77786108821354,47764
"(0.7971671466973885, 0.9992431021625652)",3,98.77785814111364,47767
"(0.9615343915343916, 1.0)",1,98.77782571144206,47768
"(0.9847494553376906, 0.996078431372549)",1,98.77778370246688,47769
"(0.8958946706887884, 0.996078431372549)",1,98.7777678816873,47770
"(0.9047619047619048, 1.0)",1,98.77769885847688,47771
"(0.9718360071301247, 0.996078431372549)",1,98.77765798947776,47772
"(0.9449965600275196, 0.9894736842105264)",1,98.77762062985728,47773
"(0.9364583333333332, 1.0)",1,98.7775513672452,47774
"(0.9641959064327484, 0.996078431372549)",1,98.7774966958023,47775
"(0.8138881768037778, 0.996078431372549)",1,98.77746245507338,47776
"(0.9444444444444444, 1.0)",1,98.7774447774448,47777
"(0.992156862745098, 0.996078431372549)",1,98.7773522440205,47778
"(0.958531746031746, 1.0)",1,98.77728296111648,47779
"(0.875, 1.0)",1,98.77721931640696,47780
"(0.9881481481481482, 0.9886710239651416)",1,98.77719924812024,47781
"(0.9135802469135802, 1.0)",1,98.77719832975872,47782
"(0.958531746031746, 1.0)",1,98.77717104893829,47783
"(0.8311915850750934, 0.9992431021625652)",1,98.7771107243982,47784
"(0.8976612797267113, 1.0)",1,98.77710699532167,47785
"(0.9491329966329968, 0.992156862745098)",1,98.77698012848909,47786
"(0.9189473684210526, 0.9894736842105264)",1,98.77695947761352,47787
"(0.9213117283950616, 1.0)",2,98.7769052351838,47789
"(0.912041847041847, 0.9894736842105264)",1,98.77678186176692,47790
"(0.879008834302952, 0.996078431372549)",2,98.77671861939945,47792
"(0.909722222222222, 0.996078431372549)",1,98.7766673302044,47793
"(0.9255470304063654, 0.9894736842105264)",1,98.77666145560798,47794
"(0.9802054154995332, 0.996078431372549)",1,98.7765718723024,47795
"(0.8627450980392157, 1.0)",1,98.77654289630428,47796
"(0.9318498265866688, 0.996078431372549)",1,98.776500395085,47797
"(0.7400546757164405, 1.0)",1,98.77648072209624,47798
"(0.8469839324618735, 1.0)",1,98.77647044001442,47799
"(0.879008834302952, 0.992156862745098)",1,98.77636402611554,47800
"(0.9565217391304348, 1.0)",1,98.7761503863453,47801
"(0.6160437798202274, 0.9992431021625652)",3,98.77604880816472,47804
"(0.8126903630604289, 0.9913490623109498)",1,98.77601225145548,47805
"(0.9135802469135802, 1.0)",1,98.77599697024984,47806
"(0.8833628057765988, 1.0)",1,98.77598229551734,47807
"(0.8518518518518519, 1.0)",1,98.77596440824168,47808
"(0.9803921568627452, 0.996078431372549)",1,98.7758975871051,47809
"(0.9615343915343916, 1.0)",1,98.77589560668876,47810
"(0.9230769230769232, 1.0)",1,98.77583724642548,47811
"(0.8112794612794614, 1.0)",2,98.77581298419162,47813
"(0.8817204301075269, 1.0)",2,98.7757293503122,47815
"(0.8439484126984128, 1.0)",1,98.77566390863394,47816
"(0.7840187590187591, 1.0)",1,98.7756144320374,47817
"(0.9523809523809524, 1.0)",1,98.77561429186088,47818
"(0.9327249496289745, 0.9894736842105264)",1,98.77557165149284,47819
"(0.8433333333333334, 1.0)",1,98.77548162464676,47820
"(0.935349484823169, 0.9894736842105264)",1,98.7754413546526,47821
"(0.9894736842105264, 0.996078431372549)",1,98.77537212718823,47822
"(0.90934937783235, 0.996078431372549)",1,98.77526912264226,47823
"(0.9841269841269842, 1.0)",1,98.77522595732184,47824
"(0.6863066052531656, 1.0)",3,98.77512056858257,47827
"(0.8597992596530608, 0.9913490623109498)",3,98.77506599035024,47830
"(0.8822954822954823, 1.0)",1,98.77501737333704,47831
"(0.9172932330827066, 1.0)",1,98.77498023207406,47832
"(0.8597992596530608, 0.9913490623109498)",1,98.77490417137317,47833
"(0.8817204301075269, 1.0)",1,98.77488282326992,47834
"(0.9171090534979424, 1.0)",1,98.77479269119178,47835
"(0.875, 1.0)",1,98.77474997516228,47836
"(0.941156690746474, 0.992156862745098)",1,98.77468731773727,47837
"(0.8762481299794732, 1.0)",1,98.77467132366787,47838
"(0.9811403508771928, 0.996078431372549)",1,98.7746369699752,47839
"(0.8731060606060606, 1.0)",1,98.77443907240104,47840
"(0.9491329966329968, 0.996078431372549)",1,98.77441561387523,47841
"(0.9517488164856586, 0.9894736842105264)",2,98.7743725005643,47843
"(0.8925865800865801, 1.0)",1,98.77437168185917,47844
"(0.4591408045576743, 0.9987530712530712)",1,98.77435740045723,47845
"(0.770359609126186, 0.9996213816771112)",3,98.77433453755768,47848
"(0.8469839324618735, 1.0)",1,98.77433368787766,47849
"(1.0, 1.0)",1,98.77427941780766,47850
"(0.9452536570183628, 0.9894736842105264)",2,98.77417787807865,47852
"(0.8748472964943552, 0.996078431372549)",1,98.77415049253828,47853
"(0.8129898303922073, 1.0)",1,98.77414289178944,47854
"(0.8600272232304901, 1.0)",1,98.77411832244836,47855
"(0.9466013071895424, 0.992156862745098)",1,98.77410663080366,47856
"(0.9251027896538732, 0.9894736842105264)",2,98.77381513424062,47858
"(0.9352372919478182, 0.9894736842105264)",1,98.773756873439,47859
"(0.9056772399713576, 0.9894736842105264)",1,98.7736323455317,47860
"(0.8888888888888888, 1.0)",1,98.77362863903028,47861
"(0.7608018781911015, 0.9988651610017888)",1,98.7735168462206,47862
"(0.91484126984127, 0.9886710239651416)",1,98.7735046833551,47863
"(0.97718610251118, 0.996078431372549)",1,98.77343368188104,47864
"(0.9763834422657952, 0.996078431372549)",1,98.77342924122492,47865
"(0.9428823795600112, 0.9913490623109498)",1,98.77341296881586,47866
"(0.9230116959064328, 0.9894736842105264)",1,98.77322858154174,47867
"(0.9251027896538732, 0.9894736842105264)",1,98.77307243830184,47868
"(0.9230116959064328, 0.9894736842105264)",1,98.77306236115662,47869
"(0.8551296720061023, 1.0)",1,98.77303776786064,47870
"(0.6856760145918833, 1.0)",1,98.77299525307392,47871
"(0.9269637391618816, 0.9925925925925926)",1,98.77293133182968,47872
"(0.7802426859150761, 0.9984875577410224)",1,98.77290698301958,47873
"(0.8888888888888888, 0.9841269841269842)",1,98.77284867856956,47874
"(0.8731060606060606, 1.0)",1,98.7726635042192,47875
"(0.7770657409472893, 0.9984875577410224)",1,98.7725617474498,47876
"(0.9359620771385476, 0.9847494553376906)",1,98.77255539867778,47877
"(0.9763834422657952, 0.9879901960784314)",1,98.77255522942826,47878
"(0.9342814048696402, 0.996078431372549)",1,98.77253913667752,47879
"(0.8700357638518202, 0.9913490623109498)",2,98.77253128336982,47881
"(0.8831064306064307, 1.0)",1,98.77251352078996,47882
"(0.899997244510117, 0.9913490623109498)",1,98.7724183369494,47883
"(0.9056772399713576, 0.9894736842105264)",1,98.77237835848342,47884
"(0.9517488164856586, 0.9894736842105264)",1,98.7723028914668,47885
"(0.7932875667429443, 0.9913490623109498)",1,98.77223149668586,47886
"(0.9192180611357128, 0.9885627144491042)",1,98.77221624354144,47887
"(0.7945136049087845, 0.9992431021625652)",3,98.77206141190372,47890
"(0.9018073680369506, 0.996078431372549)",1,98.77205073443558,47891
"(0.8311915850750934, 1.0)",3,98.77201349785749,47894
"(0.9248366013071896, 1.0)",1,98.7719594864736,47895
"(0.9135802469135802, 1.0)",1,98.77194322121858,47896
"(0.9440010156109228, 0.996078431372549)",1,98.7719314994114,47897
"(0.9352372919478182, 0.9894736842105264)",1,98.77175570318894,47898
"(0.9754901960784312, 0.980582788671024)",1,98.77154139433551,47899
"(0.9135802469135802, 1.0)",1,98.77146104074905,47900
"(0.9565217391304348, 1.0)",1,98.77141880187725,47901
"(0.9213117283950616, 0.986574074074074)",1,98.77133277216586,47902
"(0.9386724386724388, 1.0)",1,98.77128427128426,47903
"(0.8275809031622985, 1.0)",1,98.77124001411308,47904
"(0.7650293586269196, 1.0)",1,98.77116195159716,47905
"(0.8360894525677901, 0.9992431021625652)",3,98.77112908086056,47908
"(0.8822954822954823, 1.0)",1,98.7710397306504,47909
"(0.9056772399713576, 0.9894736842105264)",1,98.771004677698,47910
"(0.5707334525939178, 1.0)",1,98.77099633479516,47911
"(1.0, 1.0)",1,98.77086403430488,47912
"(0.9230116959064328, 0.9894736842105264)",1,98.7707667452944,47913
"(0.9087026014109348, 1.0)",1,98.77076537594422,47914
"(0.8564643442692224, 1.0)",1,98.77074590876892,47915
"(0.9641868969810148, 0.992156862745098)",1,98.7705612809488,47916
"(0.8714344685242518, 0.996078431372549)",1,98.7705092969372,47917
"(0.9255470304063654, 0.9894736842105264)",1,98.770478877999,47918
"(0.8857001484413657, 0.9885627144491042)",1,98.77041506900412,47919
"(0.8859337035751476, 1.0)",2,98.77038617134944,47921
"(0.9811403508771928, 0.996078431372549)",1,98.77035538386129,47922
"(0.9236094950800832, 0.996078431372549)",1,98.77014357603404,47923
"(0.9408668730650154, 0.9913490623109498)",3,98.7699200778112,47926
"(0.5, 1.0)",1,98.7698412698414,47927
"(0.9503921568627453, 0.9894736842105264)",1,98.76968600327608,47928
"(0.8990289449112978, 0.9894736842105264)",1,98.76961774484715,47929
"(0.865079365079365, 1.0)",1,98.76960619243644,47930
"(0.9759803921568628, 0.996078431372549)",1,98.7695602529666,47931
"(0.9517488164856586, 0.9894736842105264)",1,98.7695358270898,47932
"(0.865079365079365, 1.0)",1,98.76930838522412,47933
"(0.941156690746474, 0.996078431372549)",1,98.76924737953892,47934
"(0.8864468864468864, 1.0)",1,98.76924214864718,47935
"(0.8900759734093067, 1.0)",1,98.76916861687695,47936
"(0.9766612200435728, 1.0)",1,98.76913373701196,47937
"(0.9352372919478182, 0.9894736842105264)",1,98.76907458124931,47938
"(0.9056772399713576, 0.9894736842105264)",1,98.76898837729158,47939
"(0.984504357298475, 0.996078431372549)",1,98.768868073655,47940
"(0.9327096052096052, 1.0)",1,98.76881854638128,47941
"(0.9620227038183696, 0.996078431372549)",1,98.76874036776444,47942
"(0.9384803921568629, 0.9894736842105264)",1,98.76860715349152,47943
"(0.6403503049675462, 1.0)",1,98.76857514260908,47944
"(0.9428823795600112, 0.9913490623109498)",1,98.76856263012309,47945
"(0.9696969696969696, 1.0)",1,98.76856162494732,47946
"(0.9674603174603176, 1.0)",1,98.76854164982358,47947
"(0.9135802469135802, 1.0)",1,98.7684940598484,47948
"(0.9464473684210528, 0.9882352941176472)",1,98.76842655882128,47949
"(0.7650293586269196, 1.0)",1,98.76841068252035,47950
"(0.7478249043740713, 0.9988651610017888)",3,98.7683887242988,47953
"(0.9925925925925926, 0.996078431372549)",1,98.7683807132182,47954
"(0.9306746031746032, 1.0)",1,98.76832124731403,47955
"(0.9399223139548216, 0.992156862745098)",1,98.76828722132112,47956
"(0.9255470304063654, 0.9894736842105264)",1,98.76822582930482,47957
"(0.7971704623878537, 0.992156862745098)",1,98.76820294598872,47958
"(0.9352372919478182, 0.9894736842105264)",1,98.768193586848,47959
"(0.9466207660652104, 1.0)",1,98.76816961688978,47960
"(0.8488297541238717, 0.9886710239651416)",1,98.76811307155022,47961
"(0.9276837051837052, 0.9894736842105264)",1,98.7681083432294,47962
"(0.8468468468468467, 1.0)",1,98.76808891327444,47963
"(0.9449965600275196, 0.9894736842105264)",1,98.76802446550104,47964
"(0.9731377053745476, 0.996078431372549)",1,98.76789138042584,47965
"(0.8264567669172932, 1.0)",1,98.76786169344396,47966
"(0.9384803921568629, 0.9894736842105264)",1,98.76782304841107,47967
"(0.9764161220043572, 0.996078431372549)",1,98.76778177659848,47968
"(0.9209085933223864, 0.992156862745098)",1,98.76774914555742,47969
"(0.992156862745098, 0.996078431372549)",1,98.76773096780052,47970
"(0.9135802469135802, 1.0)",1,98.76768850834448,47971
"(0.8771929824561403, 1.0)",1,98.76751546364989,47972
"(0.9816305469556244, 0.996078431372549)",1,98.7674909753867,47973
"(0.9615343915343916, 1.0)",1,98.7674781330185,47974
"(0.8791208791208792, 1.0)",1,98.76736664238796,47975
"(0.8857001484413657, 0.9885627144491042)",1,98.76735960018942,47976
"(0.89, 1.0)",1,98.76732607256103,47977
"(0.7193833327726759, 0.9992431021625652)",1,98.76730965335604,47978
"(0.9047619047619048, 1.0)",2,98.76729254990124,47980
"(0.9049532029717788, 0.9894736842105264)",1,98.7672856858295,47981
"(0.9841269841269842, 1.0)",1,98.76727127262748,47982
"(0.8571024784182679, 0.996078431372549)",1,98.76699819978973,47983
"(0.8096827163210951, 1.0)",1,98.76697804477888,47984
"(0.9018073680369506, 0.996078431372549)",1,98.76694974951116,47985
"(0.8858975827700768, 0.9885627144491042)",1,98.76693873293796,47986
"(0.9087026014109348, 1.0)",1,98.7669196075644,47987
"(0.9192251461988304, 0.996078431372549)",2,98.76688349992251,47989
"(0.9272424525365702, 0.996078431372549)",1,98.76685222862562,47990
"(0.9466207660652104, 1.0)",1,98.76684904442666,47991
"(0.8817204301075269, 1.0)",1,98.7668082420246,47992
"(0.9568181818181818, 0.996078431372549)",1,98.76680449611804,47993
"(0.8750600325600326, 1.0)",1,98.7667775979377,47994
"(0.9255470304063654, 0.9894736842105264)",1,98.76667578440644,47995
"(0.9428823795600112, 0.9913490623109498)",1,98.76665427229356,47996
"(0.950140056022409, 0.9925925925925926)",1,98.7666254018883,47997
"(0.954722222222222, 0.996078431372549)",1,98.76646236267524,47998
"(0.9827450980392156, 0.996078431372549)",1,98.76624290840316,47999
"(0.896551724137931, 1.0)",1,98.76622322910356,48000
"(0.941156690746474, 0.996078431372549)",1,98.766133316761,48001
"(0.9499369338378628, 0.9913490623109498)",1,98.76608661883536,48002
"(0.9466013071895424, 0.996078431372549)",1,98.76602999716766,48003
"(0.8502976190476191, 1.0)",1,98.76597578347578,48004
"(0.9428823795600112, 0.9913490623109498)",1,98.76584777786678,48005
"(0.9333333333333332, 1.0)",1,98.7658271101444,48006
"(0.9517488164856586, 0.9894736842105264)",1,98.7657495121313,48007
"(0.7460317460317459, 1.0)",1,98.76565656565666,48008
"(0.9035155195681512, 0.9894736842105264)",1,98.76559444310972,48009
"(0.7410714285714286, 1.0)",1,98.76555838371932,48010
"(0.9197362278244632, 0.996078431372549)",2,98.7655149266511,48012
"(0.936026936026936, 1.0)",2,98.76549703933384,48014
"(0.9499369338378628, 0.9913490623109498)",1,98.76545453022068,48015
"(0.9138847117794486, 0.996078431372549)",1,98.76544881179996,48016
"(0.7932875667429443, 0.9913490623109498)",1,98.76530670662298,48017
"(0.962458433665864, 0.996078431372549)",1,98.76528316896822,48018
"(0.978144708175668, 0.996078431372549)",1,98.76522247830567,48019
"(0.9879901960784314, 0.996078431372549)",1,98.76485895501916,48020
"(1.0, 1.0)",1,98.76483626483626,48021
"(0.795803080252039, 0.9984875577410224)",2,98.76481761803552,48023
"(0.9192180611357128, 0.9885627144491042)",1,98.76476314065894,48024
"(0.9056772399713576, 0.9894736842105264)",2,98.76464240805468,48026
"(0.9049532029717788, 0.9894736842105264)",1,98.76463312608892,48027
"(0.9812636165577342, 0.996078431372549)",1,98.76459295502256,48028
"(0.9189473684210526, 0.9894736842105264)",1,98.7644881419798,48029
"(0.9461578783560208, 0.9894736842105264)",1,98.7644158074084,48030
"(0.9841269841269842, 1.0)",1,98.76435383531572,48031
"(0.9841269841269842, 1.0)",1,98.76433539967906,48032
"(0.896551724137931, 1.0)",1,98.76429107359778,48033
"(0.9667927989909412, 0.996078431372549)",1,98.76425192445164,48034
"(0.8375771604938271, 1.0)",1,98.76419625898792,48035
"(0.9244767367135788, 0.9925925925925926)",1,98.76414757527743,48036
"(0.9525178253119432, 0.996078431372549)",1,98.76410790455664,48037
"(0.8439484126984128, 1.0)",1,98.76409374896012,48038
"(0.9087026014109348, 1.0)",1,98.7640916043603,48039
"(0.8714344685242518, 0.992156862745098)",1,98.76406454517378,48040
"(0.6160437798202274, 0.9977333631085306)",1,98.7639278179688,48041
"(0.984504357298475, 0.996078431372549)",1,98.76376391773204,48042
"(0.9320240125035522, 0.9886710239651416)",2,98.76373602466278,48044
"(0.9813854489164088, 1.0)",1,98.76367925204252,48045
"(0.9886710239651416, 0.996078431372549)",1,98.7636099035616,48046
"(0.9255470304063654, 0.9925925925925926)",1,98.76347082156585,48047
"(0.9327249496289745, 0.9894736842105264)",1,98.76342912374692,48048
"(0.875, 1.0)",1,98.76338919769584,48049
"(0.7705882352941177, 1.0)",2,98.7633507694545,48051
"(0.9064541180640252, 0.9894736842105264)",1,98.76324622086987,48052
"(0.9565217391304348, 1.0)",1,98.763222705273,48053
"(0.984313725490196, 0.9919117647058824)",1,98.7632219463828,48054
"(0.9172932330827066, 1.0)",2,98.763184738565,48056
"(0.8518518518518519, 0.9841269841269842)",1,98.76316372838129,48057
"(0.9236094950800832, 0.996078431372549)",1,98.76311688691712,48058
"(0.8731060606060606, 1.0)",1,98.7630791790136,48059
"(0.8873002904865649, 1.0)",1,98.76306292666293,48060
"(0.8437745173867689, 0.9988651610017888)",3,98.76305546199316,48063
"(0.9365260121142476, 0.9894736842105264)",2,98.76301388297505,48065
"(0.9386724386724388, 1.0)",1,98.76299012944366,48066
"(0.8990289449112978, 0.9894736842105264)",1,98.76296708508762,48067
"(0.9240596932668544, 0.9894736842105264)",1,98.762900086734,48068
"(0.9352372919478182, 0.9925925925925926)",2,98.76283713190816,48070
"(0.89, 1.0)",1,98.76279366797225,48071
"(0.8873002904865649, 1.0)",1,98.762738456894,48072
"(0.9838235294117648, 0.996078431372549)",1,98.76270698016916,48073
"(0.9224211423699916, 1.0)",1,98.76259449558688,48074
"(0.9358798064680418, 0.996078431372549)",1,98.76258683471536,48075
"(0.9662707390648568, 0.996078431372549)",1,98.76257079222528,48076
"(0.8266666666666667, 1.0)",1,98.76252569781812,48077
"(0.7973137973137973, 1.0)",1,98.76245520311164,48078
"(0.9691305469556244, 0.996078431372549)",1,98.76239397513392,48079
"(0.9838235294117648, 0.996078431372549)",1,98.76237046847729,48080
"(0.912041847041847, 0.9894736842105264)",1,98.76229497524436,48081
"(0.9445350241545892, 0.986574074074074)",1,98.7622601745184,48082
"(0.8817204301075269, 1.0)",1,98.76225173499924,48083
"(0.8067271451483561, 1.0)",2,98.76221430018347,48085
"(0.9135802469135802, 1.0)",1,98.76212734409953,48086
"(0.9192180611357128, 1.0)",1,98.76211947258147,48087
"(0.9321309306448626, 0.996078431372549)",1,98.76209518668075,48088
"(0.9251027896538732, 0.9894736842105264)",1,98.7620695529672,48089
"(0.9189473684210526, 0.9925925925925926)",2,98.76205113571196,48091
"(0.9358798064680418, 0.992156862745098)",2,98.76201999782424,48093
"(0.9255470304063654, 0.9894736842105264)",1,98.7619302455742,48094
"(0.9563953488372092, 0.9885627144491042)",1,98.76191246401932,48095
"(0.9841269841269842, 1.0)",1,98.76176533311242,48096
"(0.7932875667429443, 0.9913490623109498)",3,98.76174793609522,48099
"(0.9808278867102396, 0.996078431372549)",2,98.76163462656768,48101
"(0.8822954822954823, 1.0)",1,98.76159144741112,48102
"(0.9269637391618816, 0.9894736842105264)",1,98.76143732003112,48103
"(0.996078431372549, 0.996078431372549)",1,98.76141138256044,48104
"(0.8190277777777778, 1.0)",1,98.76127971967634,48105
"(0.9696969696969696, 1.0)",1,98.76127324772752,48106
"(0.9517488164856586, 0.9894736842105264)",1,98.76127164316,48107
"(0.9306746031746032, 1.0)",1,98.76102156847624,48108
"(0.9886710239651416, 0.996078431372549)",1,98.76096868457886,48109
"(0.9350548459681588, 0.9925925925925926)",1,98.7609447088856,48110
"(0.9452536570183628, 0.9894736842105264)",1,98.76090970948536,48111
"(0.954722222222222, 0.992156862745098)",1,98.76090663378568,48112
"(1.0, 1.0)",1,98.76078329882677,48113
"(0.9800599128540306, 0.996078431372549)",1,98.76075171877416,48114
"(0.8740392648287385, 1.0)",1,98.76074335934533,48115
"(0.8925865800865801, 1.0)",1,98.76071961878566,48116
"(0.9230116959064328, 0.9894736842105264)",1,98.7606923511643,48117
"(0.8925865800865801, 1.0)",1,98.76062702619306,48118
"(0.8053221288515406, 1.0)",1,98.76057624772122,48119
"(0.9049532029717788, 0.9894736842105264)",1,98.76052602498112,48120
"(0.941156690746474, 0.996078431372549)",1,98.7605247316089,48121
"(0.9333333333333332, 1.0)",1,98.7605099880962,48122
"(0.9060206664893564, 0.9913490623109498)",1,98.76048913793689,48123
"(0.7049941807046478, 0.9984875577410224)",1,98.76047188880524,48124
"(0.9358798064680418, 0.996078431372549)",1,98.76039688814984,48125
"(0.9499369338378628, 0.9913490623109498)",1,98.76039405495644,48126
"(0.9327249496289745, 0.9894736842105264)",1,98.7602770993481,48127
"(0.8597992596530608, 0.9913490623109498)",3,98.76023404027669,48130
"(0.9230116959064328, 0.9894736842105264)",1,98.7602241566481,48131
"(0.9035155195681512, 0.9894736842105264)",1,98.7601293722329,48132
"(0.9342814048696402, 0.996078431372549)",1,98.75998633199023,48133
"(0.8893558268973552, 0.9885627144491042)",1,98.75993726687317,48134
"(0.8383129000541765, 1.0)",1,98.759928595948,48135
"(0.9135802469135802, 1.0)",1,98.75972941490184,48136
"(0.7885435936143402, 0.9913490623109498)",1,98.75970300920378,48137
"(0.9269637391618816, 0.9894736842105264)",1,98.75969807037193,48138
"(0.9192180611357128, 0.9885627144491042)",1,98.7596842456739,48139
"(0.909722222222222, 1.0)",1,98.7596520971521,48140
"(0.89, 1.0)",1,98.75964330024814,48141
"(0.9049532029717788, 0.9925925925925926)",1,98.75964201881877,48142
"(0.9452536570183628, 0.9894736842105264)",1,98.75951254770897,48143
"(0.9269637391618816, 0.9925925925925926)",1,98.7594681192224,48144
"(0.8888888888888888, 1.0)",1,98.75946262540464,48145
"(0.896551724137931, 1.0)",1,98.75946151255924,48146
"(0.8616898148148148, 1.0)",1,98.75939578752909,48147
"(0.8221540641967422, 1.0)",3,98.75936442282128,48150
"(0.8627450980392157, 1.0)",1,98.75929682217716,48151
"(0.9770969498910674, 0.996078431372549)",1,98.75928801047114,48152
"(0.9230769230769232, 0.9696969696969696)",1,98.75926677187547,48153
"(0.8925865800865801, 1.0)",1,98.75923268505082,48154
"(0.9230769230769232, 1.0)",2,98.75918292010252,48156
"(0.9452536570183628, 0.9894736842105264)",1,98.75916475644212,48157
"(0.9192251461988304, 0.992156862745098)",1,98.75913582760396,48158
"(0.9788235294117646, 0.9816305469556244)",1,98.75911203646572,48159
"(0.875, 1.0)",2,98.75906376232464,48161
"(0.8271652864044169, 1.0)",1,98.75896103791554,48162
"(0.8468468468468467, 1.0)",1,98.75888941747144,48163
"(0.7544006919006919, 1.0)",1,98.75883442960014,48164
"(0.984313725490196, 0.996078431372549)",1,98.75881732135328,48165
"(0.9428823795600112, 0.9913490623109498)",3,98.75881206867145,48168
"(0.9350548459681588, 0.9894736842105264)",1,98.75876461098647,48169
"(0.931377923976608, 0.9913490623109498)",1,98.75868661430916,48170
"(0.9452536570183628, 0.9894736842105264)",1,98.75866661657024,48171
"(0.9517488164856586, 0.9894736842105264)",1,98.75863695472034,48172
"(0.9202401372212692, 0.9885627144491042)",2,98.75858996730456,48174
"(0.9847494553376906, 0.996078431372549)",1,98.75850346121368,48175
"(0.7707924493038034, 1.0)",1,98.75848068699204,48176
"(0.9243650793650792, 1.0)",1,98.75836535969611,48177
"(0.9563953488372092, 1.0)",1,98.75834959832652,48178
"(0.9171090534979424, 1.0)",1,98.75828978847323,48179
"(0.8448736477904788, 0.9885627144491042)",1,98.75823483784568,48180
"(0.9230116959064328, 0.9894736842105264)",1,98.75812325160965,48181
"(0.9565217391304348, 1.0)",1,98.75810904071771,48182
"(0.9365260121142476, 0.9925925925925926)",1,98.75807729164517,48183
"(0.944241574272534, 0.9886710239651416)",1,98.75798823352989,48184
"(0.9517488164856586, 0.9925925925925926)",1,98.75780787387107,48185
"(0.8831064306064307, 1.0)",1,98.75764313167616,48186
"(0.8126903630604289, 0.9913490623109498)",1,98.75763671237404,48187
"(0.9399138116785176, 0.996078431372549)",1,98.75762523309749,48188
"(0.9503921568627453, 0.9894736842105264)",1,98.7576221857116,48189
"(0.896551724137931, 1.0)",1,98.75758441125755,48190
"(0.912041847041847, 0.9894736842105264)",1,98.75757615220444,48191
"(0.794853421848428, 0.9992431021625652)",1,98.7575343937703,48192
"(0.9609224859534458, 0.992156862745098)",1,98.75750539061748,48193
"(0.8571428571428572, 1.0)",1,98.75747624023488,48194
"(0.9691305469556244, 0.9886710239651416)",1,98.75741636846124,48195
"(0.865079365079365, 1.0)",1,98.7574113041966,48196
"(0.9465811965811968, 1.0)",1,98.75726073095646,48197
"(0.9209085933223864, 0.9886710239651416)",2,98.75721136004296,48199
"(0.9166666666666666, 1.0)",1,98.75715647287169,48200
"(0.9269637391618816, 0.9894736842105264)",1,98.75713864538147,48201
"(0.9792592592592592, 0.996078431372549)",1,98.75711509523774,48202
"(0.9365260121142476, 0.9894736842105264)",1,98.75707018655984,48203
"(0.9056772399713576, 0.9894736842105264)",2,98.75704597300395,48205
"(0.9754901960784312, 0.996078431372549)",1,98.75691370732032,48206
"(0.9047619047619048, 1.0)",1,98.75681029487748,48207
"(0.9591269841269842, 0.996078431372549)",1,98.75674944915706,48208
"(0.8888888888888888, 1.0)",4,98.7567340877817,48212
"(0.9399223139548216, 0.992156862745098)",1,98.75664130299296,48213
"(0.8692635658914728, 1.0)",1,98.75662290834748,48214
"(0.9049532029717788, 0.9894736842105264)",1,98.75658323971618,48215
"(0.7885435936143402, 0.9913490623109498)",3,98.75651427045798,48218
"(0.8832772166105499, 1.0)",4,98.75629308962642,48222
"(0.9841269841269842, 1.0)",1,98.75617238088634,48223
"(0.8518518518518519, 1.0)",1,98.75616773232488,48224
"(0.935308482367306, 0.996078431372549)",1,98.75614415584896,48225
"(0.7932875667429443, 0.9913490623109498)",3,98.7560867885964,48228
"(0.9770969498910674, 0.996078431372549)",1,98.75608421074452,48229
"(0.8952380952380952, 1.0)",1,98.75606846371323,48230
"(0.9428823795600112, 0.9913490623109498)",2,98.7560216513352,48232
"(0.7945136049087845, 0.9996213816771112)",1,98.75599396062428,48233
"(0.6156045751633987, 1.0)",1,98.75598147833608,48234
"(0.8888888888888888, 1.0)",2,98.75593426916544,48236
"(0.6156045751633987, 1.0)",1,98.75576661220045,48237
"(0.8817204301075269, 1.0)",1,98.75571953954376,48238
"(0.9269637391618816, 0.9894736842105264)",1,98.7556463578373,48239
"(0.9350548459681588, 0.9894736842105264)",1,98.75561772449524,48240
"(0.8803174603174604, 1.0)",1,98.75560946551876,48241
"(0.9766612200435728, 0.996078431372549)",1,98.7555872598038,48242
"(0.8439484126984128, 1.0)",1,98.75553957573368,48243
"(0.9027274557165862, 1.0)",1,98.75553213064252,48244
"(0.8832772166105499, 1.0)",1,98.75551991643944,48245
"(0.9035155195681512, 0.9894736842105264)",1,98.75548441994864,48246
"(0.8330439814814815, 1.0)",1,98.75546111500157,48247
"(0.9049532029717788, 0.9894736842105264)",1,98.75541812530918,48248
"(0.8550741594067247, 0.9885627144491042)",1,98.7553947628866,48249
"(0.8888888888888888, 1.0)",1,98.75538178234258,48250
"(0.9449122174122172, 0.996078431372549)",1,98.75533659333432,48251
"(1.0, 1.0)",1,98.75532825055444,48252
"(0.9503921568627453, 0.9894736842105264)",1,98.7553138519072,48253
"(0.8423371647509579, 1.0)",1,98.75529885583764,48254
"(0.9769410044719642, 0.996078431372549)",1,98.75526969313628,48255
"(0.8900759734093067, 1.0)",1,98.755226780357,48256
"(0.9224211423699916, 0.9696969696969696)",1,98.7552002044244,48257
"(0.9296576483944904, 0.996078431372549)",1,98.75510820445815,48258
"(0.9230769230769232, 1.0)",1,98.75507845943513,48259
"(0.8370512373649356, 0.9913490623109498)",1,98.7550363805662,48260
"(0.9255470304063654, 0.9894736842105264)",1,98.7550164463768,48261
"(0.9427450980392156, 0.996078431372549)",1,98.75500726381608,48262
"(0.9135802469135802, 1.0)",1,98.75485570609784,48263
"(0.8942523459812323, 0.9913490623109498)",1,98.75479334881058,48264
"(0.8373015873015873, 1.0)",1,98.7547032866726,48265
"(0.896551724137931, 1.0)",1,98.75466402128116,48266
"(0.879008834302952, 0.992156862745098)",1,98.75458071690537,48267
"(0.8597992596530608, 0.9913490623109498)",1,98.75457640244304,48268
"(0.9503921568627453, 0.9925925925925926)",2,98.75430789540678,48270
"(0.9248591174906964, 0.996078431372549)",1,98.75430541230496,48271
"(1.0, 1.0)",1,98.75425340942584,48272
"(0.8977777777777779, 1.0)",1,98.75418803418803,48273
"(0.944241574272534, 0.9886710239651416)",2,98.75414996452908,48275
"(0.9399138116785176, 0.992156862745098)",1,98.75408247574828,48276
"(0.9435178632856652, 0.992156862745098)",1,98.75402763800658,48277
"(0.9778966131907308, 0.996078431372549)",1,98.75399660167764,48278
"(0.816275274730192, 0.9992431021625652)",3,98.75396425101904,48281
"(0.9820662768031188, 1.0)",1,98.75393997403312,48282
"(0.8597992596530608, 0.9913490623109498)",3,98.7538951822912,48285
"(0.909722222222222, 0.996078431372549)",1,98.75388427655142,48286
"(0.996078431372549, 0.996078431372549)",1,98.7537017665485,48287
"(0.9352372919478182, 0.9894736842105264)",1,98.75366914962098,48288
"(0.992156862745098, 0.996078431372549)",1,98.7534711200922,48289
"(0.8423371647509579, 1.0)",1,98.75337338479451,48290
"(0.5, 1.0)",1,98.7533298692719,48291
"(0.992156862745098, 0.996078431372549)",1,98.75329369919162,48292
"(0.9807902108211706, 0.996078431372549)",1,98.75328975443556,48293
"(0.7555555555555554, 1.0)",1,98.75321940908574,48294
"(0.9168115942028986, 0.996078431372549)",1,98.75312711322134,48295
"(0.9230116959064328, 0.9894736842105264)",1,98.75312104338212,48296
"(0.962458433665864, 0.992156862745098)",1,98.75311395318374,48297
"(0.9879901960784314, 0.996078431372549)",1,98.7531139186949,48298
"(0.9499369338378628, 0.9913490623109498)",1,98.75308424620702,48299
"(0.7782392026578072, 1.0)",1,98.75301771366638,48300
"(0.976851851851852, 0.996078431372549)",1,98.7529451869419,48301
"(0.8126903630604289, 0.9913490623109498)",1,98.75292366035968,48302
"(0.9056772399713576, 0.9894736842105264)",1,98.75289196796764,48303
"(0.9517488164856586, 0.9894736842105264)",1,98.75288267815183,48304
"(1.0, 1.0)",1,98.75284715284717,48305
"(0.9255470304063654, 0.9894736842105264)",1,98.7527644406112,48306
"(0.9352372919478182, 0.9894736842105264)",1,98.75263599394128,48307
"(0.909722222222222, 0.996078431372549)",1,98.75241980999007,48308
"(0.8731060606060606, 1.0)",1,98.7524020257217,48309
"(0.618155233237972, 0.9988651610017888)",3,98.75235816740214,48312
"(0.9251027896538732, 0.9894736842105264)",1,98.75230547596594,48313
"(0.9189473684210526, 0.9894736842105264)",1,98.75228455424924,48314
"(0.912041847041847, 0.9894736842105264)",1,98.75220677808584,48315
"(0.9408668730650154, 0.9913490623109498)",1,98.75217441392222,48316
"(0.9399138116785176, 0.9877450980392156)",1,98.7520953273978,48317
"(0.6793388322889417, 0.9969805146511974)",1,98.75206747081816,48318
"(0.9696969696969696, 1.0)",4,98.75197025197023,48322
"(0.9813854489164088, 0.996078431372549)",1,98.7519560484436,48323
"(0.9517488164856586, 0.9894736842105264)",1,98.75191235063508,48324
"(0.875, 1.0)",1,98.75190581586126,48325
"(0.9517488164856586, 0.9894736842105264)",1,98.75183586441828,48326
"(0.8867623604465709, 1.0)",1,98.7517148462324,48327
"(0.8351193705914272, 0.9913490623109498)",1,98.75168242551014,48328
"(0.9060206664893564, 0.9913490623109498)",1,98.75162766083372,48329
"(0.9251027896538732, 0.9925925925925926)",1,98.7515147329686,48330
"(0.9427450980392156, 0.992156862745098)",1,98.7515045188256,48331
"(0.9289529914529916, 1.0)",1,98.75147328741777,48332
"(0.9269637391618816, 0.9894736842105264)",1,98.75145599060644,48333
"(0.984313725490196, 0.996078431372549)",1,98.75140991394588,48334
"(0.8518518518518519, 1.0)",1,98.75138239844124,48335
"(0.9318498265866688, 0.996078431372549)",1,98.75137097787534,48336
"(0.9230116959064328, 0.9894736842105264)",1,98.75136028023746,48337
"(0.8350168350168351, 1.0)",1,98.75134442195656,48338
"(0.9125701913010372, 0.9913490623109498)",3,98.75132882184975,48341
"(1.0, 1.0)",2,98.75132858822144,48343
"(0.896551724137931, 1.0)",1,98.75132612729948,48344
"(0.9236728184096604, 0.9894736842105264)",1,98.75129542917264,48345
"(0.819456287849504, 0.998110291927316)",3,98.7512924498091,48348
"(0.9047619047619048, 1.0)",1,98.75119382153837,48349
"(0.91484126984127, 0.9894736842105264)",1,98.75106870053445,48350
"(0.7364270664170086, 0.9988651610017888)",1,98.75103581570856,48351
"(0.9523809523809524, 1.0)",1,98.750847390082,48352
"(0.8888888888888888, 1.0)",4,98.750671262473,48356
"(0.8958946706887884, 0.996078431372549)",1,98.750519620033,48357
"(0.9023569023569024, 1.0)",1,98.75051954494208,48358
"(0.9452536570183628, 0.9894736842105264)",1,98.75045510928324,48359
"(0.8897707231040564, 1.0)",1,98.75042248976273,48360
"(0.9189473684210526, 0.9894736842105264)",1,98.75037585794531,48361
"(0.9327249496289745, 0.9894736842105264)",1,98.7502461627924,48362
"(0.6829089093795301, 0.9996213816771112)",1,98.75020706077672,48363
"(0.9841269841269842, 1.0)",1,98.7501890888201,48364
"(0.875, 1.0)",1,98.75008835769714,48365
"(0.9261349042540992, 0.996078431372549)",1,98.74998097012524,48366
"(0.9189473684210526, 0.9894736842105264)",1,98.7499412970928,48367
"(0.618155233237972, 1.0)",1,98.74984506237442,48368
"(0.9662037037037036, 0.9894736842105264)",1,98.74983158037983,48369
"(0.947088068181818, 1.0)",1,98.74979929545958,48370
"(0.9427450980392156, 0.992156862745098)",1,98.74979579771212,48371
"(0.7975164658278694, 1.0)",1,98.74979010467408,48372
"(0.945875350140056, 0.992156862745098)",1,98.74978134054976,48373
"(0.9816305469556244, 0.996078431372549)",1,98.74971095631795,48374
"(0.9351258309591644, 1.0)",1,98.7497096238358,48375
"(0.8635440917107585, 0.996078431372549)",1,98.74968344252584,48376
"(0.5951421188630491, 1.0)",2,98.74939378711566,48378
"(0.8990289449112978, 0.9894736842105264)",1,98.74939154724348,48379
"(0.875, 0.9841269841269842)",1,98.74917928287503,48380
"(0.8555658066363376, 0.9885627144491042)",1,98.7490815011336,48381
"(0.9497685185185184, 1.0)",1,98.74899146695716,48382
"(0.8210785742035742, 0.9977333631085306)",1,98.74898536376742,48383
"(0.957490630284748, 0.996078431372549)",1,98.74894770683524,48384
"(0.9261349042540992, 0.992156862745098)",1,98.7488654253586,48385
"(0.9517488164856586, 0.9894736842105264)",1,98.74882030480764,48386
"(0.912300194931774, 0.992156862745098)",1,98.74881589078076,48387
"(0.8465418823841762, 1.0)",1,98.74869230932627,48388
"(0.8465418823841762, 1.0)",1,98.74843722469618,48389
"(0.9384803921568629, 0.9894736842105264)",1,98.7484352449185,48390
"(0.5951421188630491, 1.0)",1,98.7483969529965,48391
"(0.9248366013071896, 1.0)",1,98.74832269697986,48392
"(0.8571428571428572, 1.0)",1,98.74822757045146,48393
"(0.9056772399713576, 0.9894736842105264)",1,98.748161760095,48394
"(0.9724945533769064, 0.996078431372549)",1,98.74800617983198,48395
"(0.9641868969810148, 0.996078431372549)",2,98.74793163401688,48397
"(0.9827450980392156, 0.988425925925926)",1,98.7478972349173,48398
"(0.9840686274509804, 0.996078431372549)",1,98.7478364075799,48399
"(0.9197362278244632, 0.996078431372549)",1,98.74776812617522,48400
"(0.7072139577594123, 0.9996213816771112)",1,98.74771161249082,48401
"(0.8831064306064307, 1.0)",1,98.74764294743174,48402
"(0.8565008298890479, 1.0)",3,98.74751836324074,48405
"(0.9408668730650154, 0.9913490623109498)",1,98.74751250629954,48406
"(0.9543049270990448, 0.992156862745098)",1,98.74751174303404,48407
"(0.9035155195681512, 0.9894736842105264)",1,98.74748842232933,48408
"(0.8469839324618735, 1.0)",1,98.74743652333883,48409
"(0.8698412698412699, 1.0)",1,98.7472329782062,48410
"(0.8905936111818465, 0.9882352941176472)",1,98.74718595343263,48411
"(0.8740392648287385, 1.0)",1,98.74712780398268,48412
"(0.9886710239651416, 0.996078431372549)",1,98.74700228868504,48413
"(0.8817204301075269, 1.0)",1,98.74699894525796,48414
"(0.9444444444444444, 1.0)",1,98.74699390056452,48415
"(0.9027274557165862, 1.0)",1,98.74695396029584,48416
"(0.8425925925925927, 1.0)",1,98.74677368927388,48417
"(0.9816305469556244, 0.996078431372549)",1,98.7466715211375,48418
"(0.9792592592592592, 0.996078431372549)",1,98.74666486287278,48419
"(0.875, 1.0)",1,98.7466352438702,48420
"(0.7707924493038034, 1.0)",1,98.74656012352862,48421
"(0.9023809523809524, 1.0)",1,98.74652002757767,48422
"(0.8888888888888888, 1.0)",1,98.74644458157724,48423
"(0.6479213215360324, 0.9984875577410224)",1,98.74638732311205,48424
"(0.980582788671024, 0.996078431372549)",1,98.74638687821916,48425
"(0.9428823795600112, 0.9913490623109498)",1,98.74632490715447,48426
"(0.9589484126984128, 1.0)",2,98.74628593050468,48428
"(0.9399138116785176, 0.996078431372549)",1,98.7462147562907,48429
"(0.6856760145918833, 1.0)",1,98.74619979370128,48430
"(0.9763834422657952, 0.996078431372549)",1,98.74616231424598,48431
"(0.900854700854701, 1.0)",1,98.74615659131788,48432
"(0.996078431372549, 0.9916666666666668)",1,98.7461378118498,48433
"(0.8275809031622985, 1.0)",1,98.7461077389808,48434
"(0.9444444444444444, 1.0)",1,98.74603174603176,48435
"(0.9384803921568629, 0.9925925925925926)",2,98.74600458148495,48437
"(0.7770657409472893, 0.9966045941123998)",1,98.74599840862444,48438
"(0.8748472964943552, 0.996078431372549)",1,98.7459071356112,48439
"(0.9838235294117648, 0.996078431372549)",1,98.7458893630929,48440
"(0.9272424525365702, 0.996078431372549)",1,98.74575590762475,48441
"(0.8521317829457364, 1.0)",1,98.74574997567105,48442
"(0.7871690388735844, 0.9977333631085306)",3,98.74574579420384,48445
"(0.9426596279537456, 0.992156862745098)",1,98.74573455383032,48446
"(0.9465811965811968, 1.0)",1,98.74570807537285,48447
"(0.992156862745098, 0.996078431372549)",2,98.74570258783328,48449
"(0.9056772399713576, 0.9894736842105264)",1,98.74566976435996,48450
"(0.9288733763656364, 0.996078431372549)",1,98.74557111897856,48451
"(0.7081939799331105, 0.986574074074074)",2,98.74548882147674,48453
"(0.931377923976608, 0.9913490623109498)",1,98.74538259683813,48454
"(0.9841269841269842, 1.0)",1,98.74537978167275,48455
"(0.769060874119107, 0.9913490623109498)",1,98.74535886815583,48456
"(0.8126903630604289, 0.9913490623109498)",3,98.7452791020826,48459
"(0.9733828034137632, 0.996078431372549)",1,98.74519037003382,48460
"(0.9503921568627453, 0.9894736842105264)",1,98.7451339006136,48461
"(0.7400546757164405, 1.0)",1,98.74510258042272,48462
"(0.8714344685242518, 0.996078431372549)",1,98.74501910085874,48463
"(0.9365260121142476, 0.9894736842105264)",1,98.74492438847682,48464
"(0.9688764394646748, 0.996078431372549)",1,98.74488612754207,48465
"(0.91484126984127, 0.9894736842105264)",1,98.74479996336632,48466
"(0.9810457516339868, 0.996078431372549)",1,98.7447990965331,48467
"(0.9135802469135802, 1.0)",1,98.74478114478114,48468
"(0.822542735042735, 1.0)",1,98.74467308123806,48469
"(0.7677831443371133, 0.9988651610017888)",1,98.74467074313448,48470
"(0.9230116959064328, 0.9866666666666668)",1,98.74463102556032,48471
"(0.9452536570183628, 0.9894736842105264)",1,98.74459694989086,48472
"(0.9688764394646748, 0.996078431372549)",1,98.74450695422118,48473
"(0.9035155195681512, 0.9894736842105264)",1,98.74448224490774,48474
"(0.9428823795600112, 0.9913490623109498)",3,98.74445598261757,48477
"(0.912041847041847, 0.9894736842105264)",1,98.74430048928996,48478
"(0.8350168350168351, 1.0)",1,98.74429458434837,48479
"(0.9230116959064328, 0.9894736842105264)",1,98.74427563797612,48480
"(0.9365260121142476, 0.9925925925925926)",1,98.74415266904548,48481
"(0.9280112044817928, 0.996078431372549)",1,98.74412790784451,48482
"(0.9446101774042952, 0.9925925925925926)",1,98.74400724420764,48483
"(0.992156862745098, 0.996078431372549)",1,98.74389709818485,48484
"(0.9760659819483348, 1.0)",1,98.7438857662706,48485
"(0.8129629629629629, 1.0)",1,98.74387430790732,48486
"(0.9886710239651416, 0.996078431372549)",1,98.7438511729018,48487
"(0.9565217391304348, 1.0)",2,98.74383523010523,48489
"(0.9879901960784314, 0.996078431372549)",1,98.74375898283483,48490
"(0.8817204301075269, 1.0)",1,98.74371151248847,48491
"(0.922050500014663, 1.0)",1,98.74361532345492,48492
"(0.9192180611357128, 1.0)",1,98.74360059311677,48493
"(0.9230769230769232, 1.0)",2,98.74358009140632,48495
"(0.9503921568627453, 0.9894736842105264)",1,98.74349140006863,48496
"(0.8740392648287385, 1.0)",1,98.74346733632724,48497
"(0.9609224859534458, 0.996078431372549)",2,98.74344742061824,48499
"(0.9251027896538732, 0.9894736842105264)",1,98.74339528319383,48500
"(0.936026936026936, 1.0)",1,98.74336345915292,48501
"(0.9135802469135802, 1.0)",2,98.74331536694544,48503
"(0.8487103174603176, 1.0)",1,98.74331279101015,48504
"(0.9408668730650154, 0.9913490623109498)",2,98.743295400449,48506
"(0.9327249496289745, 0.9894736842105264)",1,98.74329487190924,48507
"(0.7840187590187591, 1.0)",1,98.74308660761822,48508
"(0.9841269841269842, 1.0)",1,98.74305887349377,48509
"(0.978144708175668, 0.996078431372549)",1,98.74301729710088,48510
"(0.954722222222222, 0.992156862745098)",1,98.74295138197022,48511
"(0.9604470735662686, 0.996078431372549)",1,98.74291347087672,48512
"(0.9255470304063654, 0.9925925925925926)",1,98.74284224975936,48513
"(0.8822954822954823, 1.0)",1,98.74282687407688,48514
"(0.7410025300724566, 0.9996213816771112)",3,98.74258446060084,48517
"(0.9320397146712937, 0.996078431372549)",1,98.742542746855,48518
"(0.9602875653185252, 0.9894736842105264)",1,98.7424085544756,48519
"(0.9035155195681512, 0.9894736842105264)",1,98.74236339056796,48520
"(0.9168115942028986, 0.996078431372549)",1,98.74232725273664,48521
"(0.9517488164856586, 0.9925925925925926)",1,98.74228177000596,48522
"(0.9047619047619048, 1.0)",1,98.74225449664053,48523
"(0.8330439814814815, 1.0)",1,98.74220789104862,48524
"(0.8465418823841762, 1.0)",1,98.74211562998312,48525
"(0.9189473684210526, 0.9894736842105264)",1,98.74204685214502,48526
"(0.8832772166105499, 1.0)",1,98.74190948752351,48527
"(0.7777777777777776, 1.0)",1,98.74190399522467,48528
"(0.8486130514386866, 1.0)",1,98.7417877158661,48529
"(0.9841269841269842, 1.0)",1,98.74171370123732,48530
"(0.9230769230769232, 0.9841269841269842)",1,98.7416194461809,48531
"(0.822542735042735, 1.0)",1,98.74159408593994,48532
"(0.9230769230769232, 1.0)",1,98.74151635579015,48533
"(0.9391865079365078, 1.0)",1,98.7414251671488,48534
"(0.8700357638518202, 0.9913490623109498)",1,98.7414030012804,48535
"(0.92710864283235, 0.9885627144491042)",1,98.7413851933699,48536
"(0.9350548459681588, 0.9894736842105264)",1,98.74134319756593,48537
"(0.9401030668677728, 0.9886710239651416)",1,98.74126558645636,48538
"(0.7705882352941177, 1.0)",1,98.74123066568232,48539
"(0.8571428571428572, 1.0)",1,98.74118629908106,48540
"(0.89, 1.0)",1,98.74112643007132,48541
"(0.5930309007232084, 1.0)",1,98.74110491414253,48542
"(0.9087026014109348, 1.0)",1,98.7410516618123,48543
"(0.9696969696969696, 1.0)",1,98.74096732901964,48544
"(0.984504357298475, 1.0)",1,98.74092693163136,48545
"(0.9446101774042952, 0.9925925925925926)",1,98.74092206228558,48546
"(0.7167919799498746, 1.0)",1,98.74092032074488,48547
"(0.9327249496289745, 0.9894736842105264)",1,98.74090556341928,48548
"(0.9847494553376906, 0.996078431372549)",1,98.74084090853786,48549
"(0.9047619047619048, 1.0)",1,98.7408000342994,48550
"(0.5180315449577745, 0.998753164556962)",1,98.7407742495068,48551
"(0.954722222222222, 0.996078431372549)",1,98.7407345218313,48552
"(0.936026936026936, 1.0)",1,98.7406993708718,48553
"(0.8817204301075269, 1.0)",1,98.74063625284688,48554
"(0.978144708175668, 0.996078431372549)",1,98.74058625866752,48555
"(0.9753376906318084, 0.996078431372549)",1,98.7405791828494,48556
"(0.8571428571428572, 1.0)",1,98.74033128843234,48557
"(0.922050500014663, 0.9885627144491042)",1,98.74019816358664,48558
"(0.9352372919478182, 0.9894736842105264)",1,98.74014778597444,48559
"(0.8571024784182679, 0.996078431372549)",1,98.7401365704685,48560
"(0.9230116959064328, 0.9925925925925926)",1,98.73993812144714,48561
"(0.9466013071895424, 0.996078431372549)",1,98.73985430838331,48562
"(0.9449965600275196, 0.9894736842105264)",1,98.73976993714402,48563
"(0.8831018518518517, 1.0)",1,98.7397655342193,48564
"(0.996078431372549, 0.996078431372549)",1,98.73965318029784,48565
"(0.9444444444444444, 1.0)",1,98.73956140048094,48566
"(0.9056772399713576, 0.9894736842105264)",1,98.73953418625844,48567
"(0.9047619047619048, 1.0)",1,98.73947303047387,48568
"(0.9565217391304348, 1.0)",1,98.73934036977516,48569
"(0.9172932330827066, 1.0)",2,98.73933541853953,48571
"(0.9049532029717788, 0.9894736842105264)",1,98.73929692720591,48572
"(0.9065438871473354, 1.0)",1,98.73928497670296,48573
"(0.9841269841269842, 1.0)",2,98.73916500516584,48575
"(0.9497685185185184, 1.0)",1,98.7390888847609,48576
"(0.9427450980392156, 0.9882352941176472)",1,98.73902646917352,48577
"(0.9855521155830752, 0.996078431372549)",1,98.73901826945207,48578
"(0.9589484126984128, 1.0)",1,98.7389920145532,48579
"(0.9209085933223864, 0.9886710239651416)",1,98.7389781954321,48580
"(0.8600272232304901, 1.0)",2,98.73897386361504,48582
"(0.9135802469135802, 1.0)",1,98.73889438510804,48583
"(0.8990289449112978, 0.9925925925925926)",1,98.73887137453596,48584
"(0.9197362278244632, 0.996078431372549)",1,98.73886537316314,48585
"(0.9280112044817928, 0.996078431372549)",1,98.7388440274897,48586
"(0.8893558268973552, 0.9892665474060824)",1,98.7387959362337,48587
"(0.9333333333333332, 1.0)",1,98.73879210220672,48588
"(0.978144708175668, 0.996078431372549)",2,98.73875249362251,48590
"(0.8423371647509579, 1.0)",1,98.73872996176875,48591
"(0.9841269841269842, 1.0)",1,98.73861371612033,48592
"(0.9035155195681512, 0.9894736842105264)",2,98.73853516910776,48594
"(0.9350548459681588, 0.9894736842105264)",1,98.73848309797052,48595
"(0.9615343915343916, 1.0)",1,98.73847012264396,48596
"(0.8521317829457364, 0.9885627144491042)",1,98.7384319094159,48597
"(1.0, 1.0)",1,98.73824880774563,48598
"(0.9449965600275196, 0.9894736842105264)",1,98.73807235318118,48599
"(0.8129629629629629, 1.0)",1,98.7380604566043,48600
"(0.977218782249742, 0.996078431372549)",1,98.73793762409096,48601
"(0.7656260873036773, 1.0)",3,98.7378611268289,48604
"(0.8275809031622985, 1.0)",1,98.73785026353404,48605
"(0.9320397146712937, 0.992156862745098)",1,98.7378390103525,48606
"(0.9251027896538732, 0.9894736842105264)",1,98.73783744491928,48607
"(0.992156862745098, 0.996078431372549)",1,98.73779641130912,48608
"(0.9035155195681512, 0.9894736842105264)",1,98.73764628388447,48609
"(0.8037953410694374, 0.9984875577410224)",1,98.7375953933189,48610
"(0.9352372919478182, 0.9894736842105264)",1,98.73757798887104,48611
"(0.992156862745098, 0.996078431372549)",1,98.73749590121156,48612
"(0.8468468468468467, 1.0)",1,98.73740146131452,48613
"(0.8703817814293165, 1.0)",2,98.73737385269676,48615
"(1.0, 1.0)",1,98.73737373737372,48616
"(0.7242243645628115, 0.9988651610017888)",1,98.73737098391204,48617
"(0.7496650452295612, 1.0)",1,98.7373606262316,48618
"(0.6923437673437673, 1.0)",1,98.73734017640489,48619
"(0.9408668730650154, 0.9913490623109498)",3,98.73725217426995,48622
"(0.9047619047619048, 1.0)",1,98.737184105087,48623
"(0.8520449077786689, 0.9892665474060824)",1,98.73718303653244,48624
"(0.9264176245210728, 1.0)",1,98.73710546576358,48625
"(1.0, 1.0)",4,98.73694998297331,48629
"(0.9426596279537456, 0.9886710239651416)",1,98.7369404345796,48630
"(0.9060206664893564, 0.9913490623109498)",1,98.73693669471308,48631
"(0.9430755736638088, 0.9816305469556244)",1,98.73688215723055,48632
"(0.8069104052936311, 0.9992431021625652)",3,98.73682061461086,48635
"(0.9461578783560208, 0.9894736842105264)",1,98.73674005360516,48636
"(0.9753376906318084, 0.996078431372549)",1,98.73665761422194,48637
"(0.9466207660652104, 1.0)",1,98.736588028926,48638
"(0.8298183642256803, 0.9992431021625652)",3,98.73656458807297,48641
"(0.9251027896538732, 0.996078431372549)",1,98.73653093078094,48642
"(0.875, 1.0)",1,98.73650836248166,48643
"(1.0, 1.0)",1,98.73650793650792,48644
"(0.91484126984127, 0.9894736842105264)",1,98.73650792087156,48645
"(0.9192251461988304, 0.996078431372549)",2,98.7364827294695,48647
"(0.8439484126984128, 1.0)",1,98.73646808758444,48648
"(0.941156690746474, 0.996078431372549)",1,98.73644340549292,48649
"(0.984504357298475, 0.996078431372549)",1,98.7364370273708,48650
"(0.8309016086793863, 1.0)",1,98.73641788016354,48651
"(0.8158948980794156, 1.0)",1,98.73640819469566,48652
"(0.9342814048696402, 0.996078431372549)",1,98.73626050340025,48653
"(0.9255470304063654, 0.9894736842105264)",1,98.73622679871524,48654
"(0.962458433665864, 0.996078431372549)",1,98.73613032936576,48655
"(0.9255470304063654, 0.9894736842105264)",1,98.73601252251146,48656
"(0.9172932330827066, 1.0)",1,98.73600297862173,48657
"(0.8228812022282679, 0.9996213816771112)",2,98.735890363593,48659
"(0.9047619047619048, 1.0)",1,98.73580761026416,48660
"(0.7932875667429443, 0.9913490623109498)",1,98.735795716504,48661
"(0.8970659722222223, 1.0)",1,98.7357610422004,48662
"(0.9449965600275196, 0.9894736842105264)",1,98.73565653644582,48663
"(0.9327249496289745, 0.9894736842105264)",1,98.73560800379512,48664
"(1.0, 1.0)",1,98.7355863674705,48665
"(0.9696969696969696, 1.0)",1,98.7355427181514,48666
"(0.992156862745098, 0.996078431372549)",1,98.73548247196084,48667
"(0.7550943928503688, 0.9984875577410224)",3,98.73529739885504,48670
"(0.8899086591158202, 0.9894736842105264)",1,98.7351782191814,48671
"(0.8622222222222222, 1.0)",4,98.73505805847267,48675
"(0.992156862745098, 0.996078431372549)",1,98.73493455503568,48676
"(0.8319664902998236, 1.0)",1,98.7349295199924,48677
"(0.8900759734093067, 1.0)",1,98.7348543396169,48678
"(0.6622073578595318, 1.0)",1,98.7347673359566,48679
"(0.9449965600275196, 0.9894736842105264)",1,98.73461297789451,48680
"(0.914652757654786, 0.992156862745098)",1,98.73457637474397,48681
"(1.0, 1.0)",1,98.73456590294158,48682
"(0.9446101774042952, 0.9894736842105264)",1,98.73452762060462,48683
"(0.9499369338378628, 0.9913490623109498)",1,98.73450606026547,48684
"(0.9202401372212692, 0.9885627144491042)",1,98.734500490454,48685
"(0.8138881768037778, 0.996078431372549)",1,98.73446874429364,48686
"(0.8791208791208792, 1.0)",1,98.73444736656518,48687
"(0.9056772399713576, 0.9925925925925926)",1,98.73439566762758,48688
"(0.9202401372212692, 0.9885627144491042)",1,98.73438270974953,48689
"(0.9104993386243384, 0.986574074074074)",1,98.73436297498772,48690
"(0.9554595229904826, 1.0)",1,98.7342970961471,48691
"(0.7932875667429443, 0.9913490623109498)",1,98.73428951967053,48692
"(0.8119667022792024, 1.0)",1,98.73421976218437,48693
"(0.8990289449112978, 0.9894736842105264)",2,98.73416155591504,48695
"(0.7945136049087845, 0.9992431021625652)",3,98.73409780603458,48698
"(0.9916666666666668, 0.9916666666666668)",1,98.73408292464102,48699
"(0.8714344685242518, 0.996078431372549)",1,98.73408001562774,48700
"(0.9517488164856586, 0.9894736842105264)",2,98.7338032097473,48702
"(0.8876464446796928, 0.9894736842105264)",1,98.7337558689769,48703
"(0.8498168498168498, 1.0)",1,98.73374451635334,48704
"(0.9763834422657952, 0.9879901960784314)",1,98.73359196416462,48705
"(0.8876464446796928, 0.9925925925925926)",1,98.73353307594608,48706
"(0.9230769230769232, 1.0)",1,98.73352609442426,48707
"(0.4929852640830598, 1.0)",1,98.73352125224086,48708
"(0.8370512373649356, 0.9913490623109498)",1,98.73343865831554,48709
"(0.9327249496289745, 0.9894736842105264)",2,98.73339946270886,48711
"(0.9882352941176472, 0.996078431372549)",1,98.73330575317075,48712
"(0.9171090534979424, 1.0)",1,98.73328218102218,48713
"(0.8156635416666668, 0.9984875577410224)",3,98.7332349445114,48716
"(0.822542735042735, 1.0)",1,98.73296993444208,48717
"(0.9886710239651416, 0.996078431372549)",1,98.73293841691071,48718
"(0.8129629629629629, 1.0)",1,98.73282131532557,48719
"(0.8705378705688304, 0.996078431372549)",1,98.732751774266,48720
"(0.8873002904865649, 1.0)",1,98.7326812349862,48721
"(0.9035155195681512, 0.9894736842105264)",1,98.7325531190132,48722
"(0.8112794612794614, 1.0)",1,98.73248897926564,48723
"(0.9049532029717788, 0.9894736842105264)",1,98.7324701319204,48724
"(0.802269579399423, 1.0)",2,98.73245278911858,48726
"(0.9248366013071896, 1.0)",1,98.73241654149597,48727
"(0.996078431372549, 1.0)",1,98.73240347147016,48728
"(0.8571428571428572, 1.0)",1,98.7323360278166,48729
"(0.9696969696969696, 1.0)",1,98.73232234529851,48730
"(0.8925865800865801, 1.0)",1,98.73227752892684,48731
"(0.9731377053745476, 0.996078431372549)",1,98.7322761262934,48732
"(0.9035155195681512, 0.9894736842105264)",1,98.73224629887922,48733
"(0.9302579365079364, 1.0)",1,98.73217036654268,48734
"(0.875, 1.0)",2,98.73215745494991,48736
"(0.8858975827700768, 0.9885627144491042)",1,98.7320381559782,48737
"(0.9104993386243384, 1.0)",1,98.73201134513636,48738
"(0.9230769230769232, 1.0)",2,98.73199242132156,48740
"(0.9769410044719642, 0.996078431372549)",1,98.7319885527752,48741
"(0.912041847041847, 0.9894736842105264)",1,98.73197650229434,48742
"(0.7200000000000001, 1.0)",1,98.731905404537,48743
"(0.9592592592592591, 1.0)",2,98.73184872086348,48745
"(0.984504357298475, 0.996078431372549)",1,98.73178339683196,48746
"(0.8067271451483561, 0.9885627144491042)",1,98.7317478103002,48747
"(0.8125, 1.0)",1,98.73170563031977,48748
"(0.9230769230769232, 1.0)",1,98.7316463868188,48749
"(0.8888888888888888, 1.0)",1,98.73159140611544,48750
"(0.9047619047619048, 1.0)",1,98.73153224422238,48751
"(0.7959253098081615, 1.0)",3,98.73148353025292,48754
"(0.91484126984127, 0.9894736842105264)",1,98.73137407094664,48755
"(0.8763636363636363, 1.0)",3,98.73131410725614,48758
"(0.8113181219906367, 1.0)",1,98.73131160904428,48759
"(0.9255470304063654, 0.9894736842105264)",1,98.73122056882738,48760
"(0.9352372919478182, 0.9894736842105264)",1,98.73119689621224,48761
"(0.9189473684210526, 0.9894736842105264)",2,98.7311717474512,48763
"(0.9333333333333332, 1.0)",1,98.7310791664053,48764
"(0.9517488164856586, 0.9894736842105264)",1,98.73103294075118,48765
"(0.8627450980392157, 1.0)",1,98.7310110913052,48766
"(0.8714344685242518, 0.9916666666666668)",1,98.73092296395949,48767
"(0.8942523459812323, 0.9913490623109498)",1,98.73086397036028,48768
"(0.8439484126984128, 1.0)",2,98.73076329854632,48770
"(0.9087026014109348, 1.0)",1,98.7307568968661,48771
"(0.9192251461988304, 0.996078431372549)",1,98.73060120659449,48772
"(0.8370512373649356, 0.9913490623109498)",3,98.73050704957927,48775
"(0.9087026014109348, 1.0)",1,98.7304459285815,48776
"(0.8231382557771446, 0.9992431021625652)",3,98.7304045583338,48779
"(0.9685403050108932, 0.9894736842105264)",1,98.73040165385414,48780
"(0.9916666666666668, 0.9916666666666668)",1,98.73032289971589,48781
"(1.0, 1.0)",1,98.73028506617216,48782
"(1.0, 1.0)",1,98.73003539670204,48783
"(0.9230116959064328, 0.9894736842105264)",1,98.73002401543437,48784
"(0.9503921568627453, 0.9894736842105264)",1,98.7299698237897,48785
"(0.9230116959064328, 0.9894736842105264)",1,98.72990996504907,48786
"(0.8148063759258677, 0.9984875577410224)",3,98.7298610156394,48789
"(0.9135802469135802, 1.0)",1,98.7298414849228,48790
"(0.9087026014109348, 1.0)",1,98.72983876520703,48791
"(0.8434771264084208, 0.9992431021625652)",1,98.7297755153286,48792
"(0.9243650793650792, 1.0)",1,98.72976413104104,48793
"(1.0, 1.0)",1,98.72971921501332,48794
"(0.769060874119107, 0.9913490623109498)",1,98.7297190004829,48795
"(0.7141994478951, 1.0)",2,98.7296182796764,48797
"(0.9272424525365702, 0.996078431372549)",1,98.72960416828732,48798
"(0.9251027896538732, 0.9894736842105264)",1,98.72958028240518,48799
"(0.9255470304063654, 0.9894736842105264)",1,98.72937233417863,48800
"(0.9499010346378768, 0.9886710239651416)",1,98.72933900046736,48801
"(0.9546359362458434, 0.9855521155830752)",1,98.72930786934658,48802
"(0.8833628057765988, 1.0)",1,98.72926731001736,48803
"(0.8729166666666666, 1.0)",1,98.72919631911428,48804
"(0.8151260504201681, 1.0)",1,98.72912524191403,48805
"(0.935349484823169, 0.9894736842105264)",1,98.72909450170268,48806
"(0.9520261437908496, 0.9886710239651416)",2,98.72900839054157,48808
"(0.8330439814814815, 1.0)",1,98.72887455771529,48809
"(0.9444444444444444, 1.0)",1,98.7288406200687,48810
"(0.8202677043217801, 0.9992431021625652)",3,98.72875443330764,48813
"(0.8864468864468864, 1.0)",1,98.72860878987922,48814
"(0.984313725490196, 0.996078431372549)",1,98.72850889844504,48815
"(0.8976612797267113, 1.0)",1,98.72845361735688,48816
"(0.9364583333333332, 1.0)",1,98.72844098244344,48817
"(0.8300222204120055, 0.9996213816771112)",3,98.72843368004764,48820
"(0.9731377053745476, 0.996078431372549)",1,98.7284157276238,48821
"(0.992156862745098, 0.996078431372549)",1,98.72834842257424,48822
"(0.8915343915343915, 1.0)",1,98.7282992359498,48823
"(0.8468468468468467, 1.0)",1,98.72828238185882,48824
"(0.9192251461988304, 0.996078431372549)",1,98.72825336371989,48825
"(0.8944647509353392, 0.9925925925925926)",1,98.72822231456028,48826
"(0.9452536570183628, 0.9894736842105264)",1,98.72820898798628,48827
"(0.9886710239651416, 0.996078431372549)",1,98.7282019213064,48828
"(0.8952020202020202, 1.0)",1,98.7281608426216,48829
"(0.8459093886462881, 0.9996213816771112)",3,98.7281298482174,48832
"(0.9047619047619048, 1.0)",2,98.72804993607092,48834
"(0.7072139577594123, 0.9996213816771112)",2,98.72803685687067,48836
"(0.8138881768037778, 0.996078431372549)",1,98.72803640905764,48837
"(0.8465418823841762, 1.0)",1,98.72795066752307,48838
"(0.7869981325863679, 1.0)",1,98.72782147435684,48839
"(0.8750600325600326, 1.0)",1,98.7277858642694,48840
"(0.9384803921568629, 0.9894736842105264)",1,98.72774529460888,48841
"(0.9171090534979424, 1.0)",1,98.72768706075932,48842
"(0.8763636363636363, 1.0)",1,98.72750922280336,48843
"(0.9350548459681588, 0.9894736842105264)",1,98.72747646259236,48844
"(0.9445350241545892, 0.986574074074074)",1,98.72744716561913,48845
"(0.9696969696969696, 1.0)",2,98.72741457144062,48847
"(0.9427450980392156, 0.996078431372549)",1,98.72741216507244,48848
"(0.8589726631393297, 1.0)",1,98.72736815653482,48849
"(0.9692538126361656, 0.9894736842105264)",1,98.7272743384352,48850
"(0.992156862745098, 0.996078431372549)",1,98.72725303175916,48851
"(0.7708333333333334, 1.0)",2,98.727176989677,48853
"(0.9135802469135802, 1.0)",1,98.72717119238858,48854
"(0.9503921568627453, 0.9894736842105264)",1,98.72709912973794,48855
"(0.9255470304063654, 0.9894736842105264)",1,98.7270654096877,48856
"(0.9449965600275196, 0.9925925925925926)",1,98.72698872159933,48857
"(0.9306746031746032, 1.0)",1,98.72695402971496,48858
"(1.0, 1.0)",4,98.72686173866347,48862
"(0.9255470304063654, 0.9894736842105264)",1,98.72683937091384,48863
"(0.95536349042541, 0.992156862745098)",1,98.72680279172924,48864
"(0.9056772399713576, 0.9894736842105264)",1,98.72676013511752,48865
"(0.9465811965811968, 1.0)",2,98.72674933129984,48867
"(0.9248591174906964, 0.996078431372549)",2,98.72666525384864,48869
"(0.9269637391618816, 0.9894736842105264)",1,98.7266489852408,48870
"(0.9365260121142476, 0.9894736842105264)",1,98.7265709902769,48871
"(0.9882352941176472, 0.996078431372549)",1,98.72653719172249,48872
"(0.9138847117794486, 0.996078431372549)",1,98.7265350298712,48873
"(0.8597992596530608, 0.9913490623109498)",1,98.72651816899624,48874
"(0.9499369338378628, 0.9913490623109498)",1,98.7264892174099,48875
"(0.9507101086048454, 1.0)",1,98.72646232486048,48876
"(0.8888888888888888, 1.0)",1,98.7264199074157,48877
"(0.9350548459681588, 0.9894736842105264)",1,98.72620524612252,48878
"(0.7996201329534663, 1.0)",1,98.72620507851374,48879
"(0.8465418823841762, 1.0)",1,98.72612383716776,48880
"(0.988425925925926, 0.996078431372549)",1,98.72604472802352,48881
"(0.9236094950800832, 0.996078431372549)",1,98.72596974045166,48882
"(0.9463327370304114, 0.9885627144491042)",1,98.72587270398924,48883
"(0.9288733763656364, 0.996078431372549)",1,98.7258119533358,48884
"(0.8600272232304901, 1.0)",1,98.7257794191706,48885
"(0.9047619047619048, 1.0)",1,98.72574223640568,48886
"(0.7971704623878537, 0.996078431372549)",1,98.7257272697492,48887
"(0.9740143369175628, 1.0)",2,98.72572553897862,48889
"(0.9574911134044262, 0.996078431372549)",1,98.72572512839828,48890
"(0.9841269841269842, 1.0)",1,98.7257240083327,48891
"(0.8309016086793863, 1.0)",1,98.7256654397905,48892
"(0.7826679910858535, 0.9984875577410224)",1,98.72560188345082,48893
"(0.7843037889982316, 0.9988651610017888)",3,98.72545174540286,48896
"(0.9191112362010194, 0.9925925925925926)",1,98.7254184134884,48897
"(0.9135802469135802, 1.0)",1,98.72525912721991,48898
"(0.9230116959064328, 0.9894736842105264)",1,98.72525574270912,48899
"(0.9327249496289745, 0.9894736842105264)",1,98.725097670647,48900
"(0.8402777777777779, 1.0)",1,98.72507233274769,48901
"(0.965272331154684, 0.996078431372549)",1,98.72500975166072,48902
"(0.9049532029717788, 0.9925925925925926)",1,98.72497573113556,48903
"(0.7410714285714286, 1.0)",1,98.72495791245792,48904
"(0.8252189403088706, 0.9988651610017888)",3,98.7249228023572,48907
"(0.9788235294117646, 0.996078431372549)",2,98.72488794170673,48909
"(0.9364583333333332, 1.0)",1,98.72479838143906,48910
"(0.9023569023569024, 1.0)",2,98.7246733406154,48912
"(0.9696969696969696, 1.0)",1,98.7243894541233,48913
"(0.899997244510117, 0.9913490623109498)",1,98.72429297150536,48914
"(0.9881481481481482, 0.996078431372549)",1,98.724180851621,48915
"(0.8817204301075269, 1.0)",1,98.72414467253182,48916
"(0.785562382962099, 0.9984875577410224)",1,98.72405891363208,48917
"(0.9047619047619048, 1.0)",1,98.72400482659108,48918
"(0.9236094950800832, 0.996078431372549)",1,98.7239012006425,48919
"(0.6923437673437673, 0.986574074074074)",1,98.72376139050276,48920
"(0.9807902108211706, 0.996078431372549)",1,98.72363627198888,48921
"(0.912041847041847, 0.9894736842105264)",1,98.72357349163836,48922
"(0.9087026014109348, 1.0)",1,98.72356181307757,48923
"(0.8415692007797271, 1.0)",1,98.72353924043252,48924
"(0.8402777777777779, 1.0)",1,98.72345927115418,48925
"(0.9056772399713576, 0.9894736842105264)",1,98.72339542506552,48926
"(0.912041847041847, 0.9894736842105264)",1,98.72333276458644,48927
"(0.7971704623878537, 0.996078431372549)",2,98.72332747152456,48929
"(0.9803050108932462, 0.996078431372549)",1,98.72331776078546,48930
"(0.9240596932668544, 0.9894736842105264)",1,98.72329997988824,48931
"(0.9035155195681512, 0.9894736842105264)",1,98.7232621399876,48932
"(0.9609224859534458, 0.996078431372549)",1,98.72305738106726,48933
"(0.7998031253845208, 1.0)",1,98.72287141381874,48934
"(0.91484126984127, 0.9894736842105264)",1,98.72287029188465,48935
"(0.7707924493038034, 1.0)",1,98.72287026854,48936
"(0.9517488164856586, 0.9925925925925926)",1,98.72286947899006,48937
"(0.992156862745098, 0.996078431372549)",1,98.72281488418136,48938
"(0.8376068376068376, 1.0)",1,98.7227000053087,48939
"(0.9351258309591644, 1.0)",1,98.72258712171524,48940
"(0.8900759734093067, 1.0)",1,98.7225466473092,48941
"(0.9391865079365078, 1.0)",1,98.72250838099984,48942
"(0.9466013071895424, 0.996078431372549)",1,98.72248279231654,48943
"(0.9255470304063654, 0.9894736842105264)",1,98.7224431905992,48944
"(0.9464473684210528, 0.996078431372549)",1,98.72239914695872,48945
"(0.9881481481481482, 0.9916666666666668)",1,98.72224531246894,48946
"(0.9384803921568629, 0.9894736842105264)",1,98.7222442953788,48947
"(1.0, 1.0)",1,98.72222222222224,48948
"(0.9579248366013072, 0.9812636165577344)",1,98.72215104010768,48949
"(0.8370512373649356, 0.9913490623109498)",3,98.7220719571511,48952
"(0.899875800993592, 0.9885627144491042)",1,98.72206701001303,48953
"(0.8925865800865801, 1.0)",1,98.72203944370705,48954
"(1.0, 1.0)",2,98.72198886727872,48956
"(0.8547544409613373, 1.0)",1,98.72195588715726,48957
"(0.8471021399193945, 1.0)",3,98.72188724905392,48960
"(0.7945136049087845, 0.9969805146511974)",1,98.72187630228218,48961
"(0.9565217391304348, 1.0)",4,98.72185362946232,48965
"(0.9023569023569024, 1.0)",1,98.721851116104,48966
"(0.7496650452295612, 1.0)",1,98.72181216721712,48967
"(0.9886710239651416, 0.996078431372549)",1,98.7217128690559,48968
"(0.9847494553376906, 0.996078431372549)",1,98.72159294908612,48969
"(0.9172932330827066, 1.0)",4,98.72151614195678,48973
"(0.9609224859534458, 0.996078431372549)",1,98.72143950641512,48974
"(0.9503921568627453, 0.9894736842105264)",1,98.72141430342074,48975
"(0.941156690746474, 0.996078431372549)",2,98.72136514213926,48977
"(0.9641868969810148, 0.9877450980392156)",1,98.72129164981312,48978
"(0.9449122174122172, 0.992156862745098)",1,98.72128443865334,48979
"(0.996078431372549, 0.996078431372549)",1,98.72122196275744,48980
"(1.0, 1.0)",2,98.7211037549486,48982
"(0.9035087719298246, 0.9913490623109498)",1,98.72100664704551,48983
"(0.9197362278244632, 0.992156862745098)",1,98.72097078599282,48984
"(0.7705882352941177, 1.0)",1,98.7209474955655,48985
"(1.0, 1.0)",1,98.7209167700396,48986
"(0.740829346092504, 1.0)",3,98.72089128956908,48989
"(0.9674603174603176, 1.0)",1,98.72082366104117,48990
"(0.8370512373649356, 0.9913490623109498)",1,98.7208206905136,48991
"(0.9047619047619048, 1.0)",1,98.72080037801194,48992
"(0.8109668109668109, 1.0)",1,98.72077731636556,48993
"(0.8888888888888888, 1.0)",1,98.720747437476,48994
"(0.7558179989944697, 1.0)",1,98.72073410817885,48995
"(0.8729166666666666, 1.0)",1,98.7207090170751,48996
"(0.996078431372549, 0.996078431372549)",2,98.72068454650766,48998
"(0.9503921568627453, 0.9894736842105264)",1,98.72064845056316,48999
"(0.9224211423699916, 1.0)",1,98.72055353416502,49000
"(0.9881481481481482, 0.9882352941176472)",1,98.72034922221442,49001
"(0.8771929824561403, 1.0)",1,98.72032650788134,49002
"(0.773034398034398, 1.0)",1,98.7203034676993,49003
"(0.912041847041847, 0.9894736842105264)",1,98.72019093708704,49004
"(0.8502976190476191, 1.0)",1,98.720190602017,49005
"(0.7802426859150761, 0.9984875577410224)",3,98.72010327907184,49008
"(0.9320240125035522, 0.9851851851851852)",1,98.72007941507108,49009
"(0.9302579365079364, 1.0)",1,98.72005097551704,49010
"(0.9035087719298246, 0.9913490623109498)",1,98.72002811390156,49011
"(0.9380939833113746, 0.9894736842105264)",1,98.72002478757176,49012
"(0.9213117283950616, 0.986574074074074)",1,98.72000959643093,49013
"(0.9269637391618816, 0.9894736842105264)",1,98.72000549604054,49014
"(0.9138847117794486, 0.996078431372549)",1,98.7199970277976,49015
"(0.9138847117794486, 0.996078431372549)",1,98.71994075151945,49016
"(0.9740143369175628, 1.0)",1,98.7199070373341,49017
"(0.903779788734022, 0.992156862745098)",1,98.7198687514232,49018
"(0.9742002063983488, 0.996078431372549)",1,98.7198324503909,49019
"(0.8046935824713601, 1.0)",1,98.71979389111334,49020
"(0.740829346092504, 1.0)",1,98.71967045339376,49021
"(0.941156690746474, 0.996078431372549)",1,98.71953319300432,49022
"(0.9059134765017116, 0.996078431372549)",1,98.71943423162752,49023
"(0.8832772166105499, 1.0)",1,98.71941330274664,49024
"(0.9827450980392156, 0.996078431372549)",1,98.71932003336892,49025
"(0.8075550947369525, 0.9992431021625652)",1,98.71930155844188,49026
"(0.992156862745098, 0.996078431372549)",1,98.7192602459518,49027
"(0.8817204301075269, 1.0)",1,98.71920437868316,49028
"(0.9142520753512132, 1.0)",1,98.71917939943228,49029
"(0.8888888888888888, 1.0)",1,98.71911186025308,49030
"(0.9255470304063654, 0.9925925925925926)",1,98.71907124292892,49031
"(0.9847494553376906, 0.996078431372549)",1,98.71906905369843,49032
"(0.8822954822954823, 1.0)",1,98.71891479682654,49033
"(0.9838235294117648, 0.996078431372549)",1,98.71889202760512,49034
"(0.7932875667429443, 0.9913490623109498)",3,98.71874256107968,49037
"(0.9428823795600112, 0.9913490623109498)",1,98.7187029469422,49038
"(0.9135802469135802, 1.0)",1,98.71865674261367,49039
"(0.9351326548694968, 0.992156862745098)",1,98.7186190033066,49040
"(0.9490178437546858, 0.9894736842105264)",1,98.71860043903168,49041
"(0.9444444444444444, 1.0)",1,98.71854937941896,49042
"(0.9841269841269842, 1.0)",1,98.7184856079593,49043
"(0.9803376906318084, 0.996078431372549)",1,98.71841555764628,49044
"(0.936026936026936, 1.0)",2,98.71840792234576,49046
"(0.91484126984127, 0.9894736842105264)",1,98.71834033793569,49047
"(0.7932875667429443, 0.9913490623109498)",1,98.71833293294002,49048
"(0.9600584795321636, 0.9894736842105264)",1,98.7183249299718,49049
"(0.8822954822954823, 1.0)",1,98.71827695636556,49050
"(0.9802054154995332, 0.996078431372549)",1,98.718109517952,49051
"(0.8498168498168498, 1.0)",1,98.71807081807096,49052
"(0.9251027896538732, 0.9894736842105264)",2,98.71793194045634,49054
"(0.9035087719298246, 0.9913490623109498)",1,98.71793166997946,49055
"(0.909722222222222, 0.996078431372549)",1,98.71789617981923,49056
"(0.9758605664488016, 0.996078431372549)",1,98.71789208014567,49057
"(0.8958946706887884, 0.996078431372549)",1,98.71785025307072,49058
"(0.9327249496289745, 0.9894736842105264)",1,98.71783309340564,49059
"(0.9035087719298246, 0.9913490623109498)",1,98.71776604315112,49060
"(0.4818376068376068, 1.0)",3,98.717712582127,49063
"(0.9342814048696402, 0.996078431372549)",1,98.71750600565464,49064
"(0.896551724137931, 1.0)",2,98.71748885268376,49066
"(0.795803080252039, 1.0)",1,98.71744688713773,49067
"(0.8370512373649356, 0.9913490623109498)",1,98.7174330603564,49068
"(0.9452536570183628, 0.9925925925925926)",2,98.71733193277294,49070
"(0.8311915850750934, 0.9996213816771112)",3,98.7173308619144,49073
"(0.8748472964943552, 0.996078431372549)",1,98.71729375692064,49074
"(0.8889459760512393, 0.996078431372549)",1,98.7170366919281,49075
"(0.8832772166105499, 1.0)",1,98.71700674872716,49076
"(0.9047619047619048, 1.0)",1,98.71698106486296,49077
"(0.936026936026936, 1.0)",1,98.71691716228922,49078
"(0.9320397146712937, 0.992156862745098)",1,98.7168169026439,49079
"(0.8740688619945587, 0.996078431372549)",1,98.71662127120211,49080
"(0.9428823795600112, 0.9913490623109498)",1,98.7166190361122,49081
"(0.8571428571428572, 1.0)",1,98.71656508089424,49082
"(0.9592592592592591, 1.0)",1,98.71640203861269,49083
"(0.9261349042540992, 0.992156862745098)",1,98.7163936726712,49084
"(0.8859337035751476, 1.0)",1,98.71627921741418,49085
"(0.9769410044719642, 0.996078431372549)",1,98.71616669603564,49086
"(0.8990289449112978, 0.9925925925925926)",1,98.71614651144046,49087
"(0.8990289449112978, 0.9894736842105264)",1,98.7161079632631,49088
"(0.9449965600275196, 0.9894736842105264)",2,98.7161004667272,49090
"(0.943982716990723, 0.9885627144491042)",1,98.71602970613522,49091
"(0.9060206664893564, 0.9913490623109498)",1,98.7160243041154,49092
"(0.9840686274509804, 0.996078431372549)",1,98.71598150125274,49093
"(0.7728202166859154, 0.9973567708333332)",3,98.71584310332052,49096
"(0.8627450980392157, 1.0)",1,98.71582291453169,49097
"(0.7531157108158522, 0.9992431021625652)",1,98.71581771436612,49098
"(0.9919117647058824, 0.996078431372549)",1,98.7157991056845,49099
"(0.9879901960784314, 0.996078431372549)",1,98.71572464433436,49100
"(0.9919117647058824, 0.996078431372549)",1,98.7157192436332,49101
"(0.9358798064680418, 0.996078431372549)",1,98.71570886842636,49102
"(0.8370512373649356, 0.9913490623109498)",3,98.71570004256633,49105
"(0.8729166666666666, 1.0)",2,98.71557245476173,49107
"(0.9428823795600112, 0.9913490623109498)",1,98.7155693839714,49108
"(0.9449965600275196, 0.9894736842105264)",1,98.71556787223844,49109
"(0.9230116959064328, 0.9894736842105264)",1,98.71545387322972,49110
"(0.9087026014109348, 1.0)",1,98.71540625526414,49111
"(0.9629629629629628, 1.0)",1,98.71526926386656,49112
"(0.9847494553376906, 0.996078431372549)",1,98.71515220133118,49113
"(0.9380939833113746, 0.9894736842105264)",1,98.7150474901873,49114
"(0.8465418823841762, 1.0)",1,98.714892291825,49115
"(0.8520449077786689, 0.9885627144491042)",1,98.71488759311455,49116
"(0.8275641025641025, 1.0)",1,98.71488354406972,49117
"(0.8616898148148148, 1.0)",1,98.71482667081727,49118
"(0.8465418823841762, 1.0)",1,98.71475622307864,49119
"(0.879008834302952, 0.996078431372549)",1,98.71470374068824,49120
"(0.9327249496289745, 0.9894736842105264)",1,98.71469404720932,49121
"(0.992156862745098, 0.9827450980392156)",1,98.71458007376046,49122
"(0.6986695539078652, 0.9992431021625652)",3,98.71454638399518,49125
"(0.8266666666666667, 1.0)",1,98.71443800839369,49126
"(0.7971704623878537, 0.996078431372549)",1,98.7143600535929,49127
"(0.9171090534979424, 1.0)",1,98.71430843938684,49128
"(0.8448736477904788, 0.9885627144491042)",1,98.71427081265534,49129
"(0.9189473684210526, 0.9894736842105264)",2,98.71424908666448,49131
"(0.9365260121142476, 0.9894736842105264)",1,98.71420862517658,49132
"(0.8705805822084891, 0.9885627144491042)",1,98.71420474937428,49133
"(0.4932840909090909, 0.9962529618445648)",1,98.71407577746348,49134
"(0.9135802469135802, 1.0)",1,98.71400512420004,49135
"(0.8358616184543919, 1.0)",3,98.7139604429484,49138
"(0.954722222222222, 0.996078431372549)",1,98.713895956307,49139
"(0.931377923976608, 0.9913490623109498)",1,98.71379349902236,49140
"(0.9855521155830752, 0.996078431372549)",1,98.71377444020747,49141
"(1.0, 1.0)",1,98.7137445887446,49142
"(0.9449965600275196, 0.9894736842105264)",1,98.71369005349642,49143
"(0.800117259552042, 1.0)",2,98.7136591468164,49145
"(0.992156862745098, 0.996078431372549)",1,98.7136467939424,49146
"(0.9491329966329968, 0.996078431372549)",2,98.71363054885578,49148
"(0.9380939833113746, 0.9894736842105264)",1,98.7136221134007,49149
"(0.8148749398749398, 1.0)",1,98.71360161590523,49150
"(0.4966008315032754, 0.9975122549019608)",1,98.71359551600422,49151
"(0.9428823795600112, 0.9913490623109498)",1,98.71343769612952,49152
"(0.9812636165577342, 0.996078431372549)",1,98.71325179109913,49153
"(0.9879901960784314, 0.996078431372549)",1,98.7132404178833,49154
"(0.9466207660652104, 1.0)",1,98.71318652682884,49155
"(0.5180315449577745, 1.0)",1,98.71315235929846,49156
"(0.9306746031746032, 1.0)",1,98.71314850692652,49157
"(0.9813854489164088, 0.996078431372549)",1,98.71303417081263,49158
"(0.9251027896538732, 0.9894736842105264)",1,98.71296619817498,49159
"(0.9113243706184884, 0.9925925925925926)",1,98.71293893882732,49160
"(0.8465418823841762, 1.0)",1,98.7129293927233,49161
"(0.8051426383129855, 0.9969805146511974)",1,98.71291414724996,49162
"(0.992156862745098, 0.996078431372549)",2,98.7129081773062,49164
"(0.9365260121142476, 0.9894736842105264)",1,98.71290080891455,49165
"(0.896551724137931, 1.0)",2,98.71287959993988,49167
"(0.8627450980392157, 1.0)",1,98.71287486593216,49168
"(0.9236094950800832, 0.996078431372549)",1,98.71271084924572,49169
"(0.9352372919478182, 0.9894736842105264)",1,98.71267974670502,49170
"(0.8423371647509579, 1.0)",1,98.7126326440538,49171
"(0.909722222222222, 0.992156862745098)",1,98.71263173916611,49172
"(0.9449965600275196, 0.9894736842105264)",1,98.7125282605067,49173
"(0.9230116959064328, 0.9894736842105264)",2,98.71252426218268,49175
"(0.9269637391618816, 0.9894736842105264)",1,98.71248796639644,49176
"(0.9428823795600112, 0.9913490623109498)",1,98.7124405447254,49177
"(0.9351326548694968, 0.9916666666666668)",2,98.71241985741416,49179
"(0.9424323293938236, 0.9885627144491042)",1,98.71241751957524,49180
"(0.9327096052096052, 1.0)",1,98.71239243736886,49181
"(0.8733091787439613, 1.0)",1,98.71236291640064,49182
"(0.875, 1.0)",1,98.71229246487869,49183
"(0.8831064306064307, 1.0)",2,98.71224051752354,49185
"(0.503972769146217, 0.9975126262626262)",1,98.71209398799166,49186
"(0.949436574204376, 1.0)",1,98.7120817795184,49187
"(0.9444444444444444, 1.0)",2,98.71207798875834,49189
"(0.7782392026578072, 1.0)",2,98.71200058661567,49191
"(0.9764161220043572, 0.996078431372549)",1,98.71199327400096,49192
"(0.8714344685242518, 0.996078431372549)",1,98.71189852327493,49193
"(0.8586378737541528, 0.9885627144491042)",1,98.711888195995,49194
"(1.0, 0.9841269841269842)",1,98.71187058555492,49195
"(0.9255470304063654, 0.9894736842105264)",1,98.71176994864148,49196
"(0.8900759734093067, 1.0)",1,98.71172933961692,49197
"(0.8112794612794614, 1.0)",1,98.71170985000744,49198
"(0.8857001484413657, 0.9885627144491042)",1,98.7117031646855,49199
"(0.8520449077786689, 0.9885627144491042)",1,98.71155862763348,49200
"(0.9664488017429194, 0.9894736842105264)",1,98.7115181596294,49201
"(0.8527777777777779, 1.0)",1,98.71149683649683,49202
"(0.875, 1.0)",1,98.71136363636364,49203
"(0.7729691527396689, 0.9913490623109498)",1,98.7113204189567,49204
"(0.9724945533769064, 0.996078431372549)",1,98.711221469218,49205
"(0.8990289449112978, 0.9894736842105264)",1,98.71110631972068,49206
"(0.9521171802054156, 0.9881481481481482)",2,98.71109028016645,49208
"(0.9168478260869564, 1.0)",1,98.71099671400908,49209
"(0.7803531394316494, 1.0)",1,98.71098659330424,49210
"(0.7162037037037038, 1.0)",1,98.71097373188404,49211
"(0.9206349206349206, 1.0)",2,98.71093351093356,49213
"(0.9696969696969696, 1.0)",1,98.7108225108226,49214
"(0.8763636363636363, 1.0)",1,98.71075439180704,49215
"(0.9841269841269842, 1.0)",2,98.71062271062272,49217
"(0.9351326548694968, 0.996078431372549)",1,98.71060694804424,49218
"(0.9507101086048454, 1.0)",2,98.71042758411194,49220
"(0.9365750528541228, 1.0)",1,98.7104126626113,49221
"(0.8888888888888888, 1.0)",1,98.7103323577008,49222
"(0.8078308130291714, 0.9885627144491042)",1,98.71027707934908,49223
"(0.9280112044817928, 0.996078431372549)",1,98.71023539310008,49224
"(0.9674603174603176, 1.0)",1,98.7101658877521,49225
"(0.9731377053745476, 0.9916666666666668)",1,98.7100420763732,49226
"(0.9251027896538732, 0.9894736842105264)",1,98.71000515995853,49227
"(0.9333333333333332, 1.0)",1,98.70994409118556,49228
"(0.9047619047619048, 1.0)",1,98.7099223266508,49229
"(0.9035155195681512, 0.9894736842105264)",1,98.70988847352604,49230
"(0.8231382557771446, 0.9977333631085306)",1,98.70984136719636,49231
"(0.9135802469135802, 1.0)",1,98.70967798196676,49232
"(0.7079893490516607, 1.0)",2,98.70963912816916,49234
"(0.9461578783560208, 0.9894736842105264)",1,98.70958584970118,49235
"(0.91484126984127, 0.9894736842105264)",1,98.70951486593886,49236
"(0.9049532029717788, 0.9894736842105264)",1,98.7095083853293,49237
"(0.8858975827700768, 0.9885627144491042)",1,98.70944969733816,49238
"(0.8803174603174604, 1.0)",1,98.7094267769268,49239
"(0.9565217391304348, 1.0)",1,98.7094052047074,49240
"(0.8857001484413657, 0.9885627144491042)",1,98.70931063377496,49241
"(0.9428823795600112, 0.9913490623109498)",1,98.70930999961296,49242
"(0.9189473684210526, 0.9894736842105264)",1,98.70925067507864,49243
"(0.9352372919478182, 0.9894736842105264)",1,98.70913764991566,49244
"(0.9697786951037723, 0.992156862745098)",1,98.7090987856438,49245
"(0.977218782249742, 0.996078431372549)",1,98.70902193148076,49246
"(0.9728641456582634, 0.996078431372549)",1,98.7089774089192,49247
"(0.9503921568627453, 0.9894736842105264)",1,98.70893688513348,49248
"(0.9037076648841356, 0.996078431372549)",1,98.70885945590828,49249
"(0.9841269841269842, 1.0)",1,98.7088511679442,49250
"(0.9517488164856586, 0.9894736842105264)",1,98.70876607989791,49251
"(0.9244767367135788, 0.9851851851851852)",2,98.70858836738172,49253
"(0.9109477124183006, 1.0)",1,98.708543802818,49254
"(1.0, 1.0)",1,98.70854250273293,49255
"(0.9445350241545892, 1.0)",1,98.7085420868408,49256
"(0.9035155195681512, 0.9894736842105264)",2,98.70849544602687,49258
"(0.9491329966329968, 0.996078431372549)",2,98.70843897755572,49260
"(0.875, 1.0)",1,98.70841607266765,49261
"(0.8518518518518519, 1.0)",1,98.7083491557176,49262
"(0.9019607843137254, 1.0)",1,98.70833475625372,49263
"(0.9125701913010372, 0.9913490623109498)",1,98.70821386596243,49264
"(0.8748472964943552, 0.996078431372549)",1,98.70819823030804,49265
"(0.992156862745098, 0.996078431372549)",1,98.70811075120642,49266
"(0.9629629629629628, 0.986574074074074)",1,98.70798814033164,49267
"(0.9236728184096604, 0.9894736842105264)",1,98.70791426352552,49268
"(0.9696969696969696, 1.0)",1,98.7077922077922,49269
"(0.9104993386243384, 0.986574074074074)",1,98.70774855421116,49270
"(0.816275274730192, 0.998110291927316)",1,98.70774758544628,49271
"(0.941156690746474, 0.996078431372549)",1,98.7077181558534,49272
"(0.9462626262626264, 0.9894736842105264)",1,98.70762406409446,49273
"(0.8888888888888888, 1.0)",1,98.70754339878572,49274
"(0.9449965600275196, 0.9894736842105264)",1,98.70731440783752,49275
"(0.9023569023569024, 1.0)",1,98.7072076112418,49276
"(0.91484126984127, 0.9894736842105264)",1,98.70718275841296,49277
"(0.8889459760512393, 0.996078431372549)",1,98.70717998383331,49278
"(0.8373015873015873, 1.0)",1,98.70716756294216,49279
"(0.9230116959064328, 0.9894736842105264)",1,98.7070622858392,49280
"(0.922050500014663, 0.9885627144491042)",1,98.7070600710871,49281
"(0.8360894525677901, 0.9988651610017888)",1,98.70704982430816,49282
"(0.9168115942028986, 0.996078431372549)",2,98.70696567329678,49284
"(0.8402777777777779, 0.9696969696969696)",1,98.7069604777938,49285
"(0.9803376906318084, 0.992156862745098)",1,98.7068807367001,49286
"(0.8260952755751612, 1.0)",1,98.7068388182366,49287
"(0.8857001484413657, 0.9885627144491042)",1,98.70673139277471,49288
"(0.8817204301075269, 1.0)",1,98.70670245521742,49289
"(0.8977777777777779, 1.0)",1,98.70668510582902,49290
"(0.9251027896538732, 0.9894736842105264)",1,98.70665906819912,49291
"(0.8925865800865801, 1.0)",2,98.7066073449416,49293
"(0.9037076648841356, 0.992156862745098)",1,98.70660071326778,49294
"(0.8046935824713601, 1.0)",1,98.70659944666887,49295
"(0.976623544154504, 1.0)",1,98.70656604484012,49296
"(0.9192251461988304, 0.996078431372549)",1,98.70641269895738,49297
"(0.9197362278244632, 0.992156862745098)",1,98.70638364166066,49298
"(0.8322024010346378, 0.9966045941123998)",1,98.70636405350017,49299
"(0.8990289449112978, 0.9894736842105264)",1,98.70629694164396,49300
"(0.944241574272534, 0.9894736842105264)",1,98.70629638450052,49301
"(0.9466013071895424, 0.996078431372549)",1,98.70624928400744,49302
"(0.9408668730650154, 0.9913490623109498)",1,98.70610581475158,49303
"(0.9172932330827066, 1.0)",4,98.70598280438097,49307
"(0.9255470304063654, 0.9925925925925926)",2,98.7059550420139,49309
"(0.947088068181818, 1.0)",1,98.70569188140182,49310
"(0.9142520753512132, 1.0)",1,98.70566017530813,49311
"(0.736317154168238, 0.9996213816771112)",1,98.70553233160456,49312
"(0.9620227038183696, 0.9916666666666668)",1,98.7054630595968,49313
"(0.8571024784182679, 0.996078431372549)",1,98.70541587501616,49314
"(0.9565217391304348, 1.0)",1,98.70540038586016,49315
"(0.9351258309591644, 1.0)",1,98.70535095492414,49316
"(0.9802054154995332, 0.996078431372549)",1,98.7053480586939,49317
"(0.8991666666666667, 1.0)",1,98.70534693626158,49318
"(0.8046935824713601, 1.0)",1,98.7052451558002,49319
"(0.8298183642256803, 0.9992431021625652)",3,98.70521508739614,49322
"(0.9218440553478916, 0.996078431372549)",1,98.70517383782312,49323
"(0.8703817814293165, 0.9992431021625652)",1,98.70513498689571,49324
"(0.9125701913010372, 0.9913490623109498)",1,98.70507149495327,49325
"(0.9049532029717788, 0.9894736842105264)",1,98.70506606724148,49326
"(0.9466013071895424, 0.996078431372549)",1,98.70501497265478,49327
"(0.8225717836257309, 1.0)",1,98.7050006387858,49328
"(0.9573319772862108, 0.996078431372549)",1,98.70494880261744,49329
"(0.817921124237354, 0.9992431021625652)",1,98.70485202164748,49330
"(0.8069104052936311, 0.9984875577410224)",2,98.70481197551918,49332
"(0.8597992596530608, 0.9913490623109498)",1,98.70476061653244,49333
"(0.9428823795600112, 0.9913490623109498)",3,98.70469856487507,49336
"(0.978144708175668, 0.996078431372549)",1,98.7046503980038,49337
"(0.9198717948717948, 1.0)",1,98.7045770043664,49338
"(0.8692635658914728, 0.9885627144491042)",1,98.70457593357727,49339
"(0.8096020045070251, 0.9996213816771112)",3,98.70446800455689,49342
"(0.8129629629629629, 1.0)",1,98.70446030821032,49343
"(0.9325581395348838, 0.9885627144491042)",2,98.7044260758102,49345
"(0.9327249496289745, 0.9894736842105264)",1,98.70441413992478,49346
"(0.9384803921568629, 0.9894736842105264)",1,98.7043525889886,49347
"(0.8027926876284068, 0.9984875577410224)",1,98.70412197732476,49348
"(0.9841269841269842, 1.0)",2,98.70411332882728,49350
"(0.9168115942028986, 0.992156862745098)",1,98.70411097009348,49351
"(0.899997244510117, 0.9913490623109498)",2,98.7040201862781,49353
"(0.9803921568627452, 0.996078431372549)",1,98.70392068317106,49354
"(0.8571428571428572, 1.0)",1,98.703868662202,49355
"(0.9523809523809524, 1.0)",1,98.70386783347682,49356
"(0.75, 1.0)",1,98.70382395382396,49357
"(0.7261336323863321, 0.995478841870824)",1,98.70379718454352,49358
"(0.8748472964943552, 0.996078431372549)",1,98.70372410488872,49359
"(0.8888888888888888, 1.0)",1,98.7036934690608,49360
"(0.9449122174122172, 0.996078431372549)",1,98.70365932857432,49361
"(0.7788854473723863, 0.9996213816771112)",3,98.70358837021794,49364
"(0.9333333333333332, 1.0)",1,98.70352988209407,49365
"(0.9407729468599032, 1.0)",1,98.70337260742474,49366
"(0.922287769513936, 0.9820662768031188)",2,98.70329510812206,49368
"(0.9289529914529916, 1.0)",1,98.70308192210366,49369
"(0.9384803921568629, 0.9894736842105264)",1,98.7030482387885,49370
"(0.912041847041847, 0.9894736842105264)",1,98.70302016702465,49371
"(0.8615967365967366, 1.0)",1,98.7028475889513,49372
"(0.992156862745098, 0.996078431372549)",1,98.70277630896436,49373
"(0.9232679738562092, 0.9894736842105264)",1,98.70276172457268,49374
"(0.9788235294117646, 0.996078431372549)",1,98.70269820478414,49375
"(0.740829346092504, 1.0)",1,98.7026423701654,49376
"(0.8281746031746032, 1.0)",1,98.70264189053704,49377
"(0.9452536570183628, 0.9894736842105264)",1,98.7026329647303,49378
"(0.8368686868686868, 1.0)",1,98.70261562721652,49379
"(0.9197362278244632, 0.996078431372549)",2,98.70259434694432,49381
"(0.9019607843137254, 1.0)",1,98.70251486326852,49382
"(0.8521317829457364, 0.9885627144491042)",1,98.70244162103384,49383
"(0.8600272232304901, 1.0)",1,98.70243060457295,49384
"(0.7820460712885604, 1.0)",3,98.70237535532114,49387
"(0.8112794612794614, 1.0)",1,98.70235573129364,49388
"(0.9197362278244632, 0.996078431372549)",1,98.70224333825654,49389
"(0.7400546757164405, 1.0)",1,98.70212719770277,49390
"(0.914421596921597, 0.996078431372549)",1,98.70205742999474,49391
"(0.978144708175668, 0.996078431372549)",1,98.70196219692814,49392
"(0.7628863889733455, 1.0)",1,98.70194218078078,49393
"(0.931377923976608, 0.9913490623109498)",1,98.7019360481575,49394
"(0.8893558268973552, 0.9885627144491042)",1,98.70190593408724,49395
"(0.9886710239651416, 0.996078431372549)",1,98.70180989723814,49396
"(0.9407729468599032, 1.0)",1,98.7017037696223,49397
"(0.9579248366013072, 0.9916666666666668)",1,98.70168585021295,49398
"(0.8108591618587594, 0.9958537581699348)",1,98.70167844435932,49399
"(0.6990740740740741, 1.0)",1,98.70154790517994,49400
"(0.9280112044817928, 0.996078431372549)",1,98.70144385350198,49401
"(0.9192251461988304, 0.996078431372549)",1,98.70142369386764,49402
"(0.7932875667429443, 0.9913490623109498)",3,98.70135584202332,49405
"(0.9224211423699916, 1.0)",1,98.70130868559774,49406
"(0.9916666666666668, 0.996078431372549)",1,98.70129839714178,49407
"(0.9189473684210526, 0.9894736842105264)",1,98.70118368171048,49408
"(0.8627450980392157, 1.0)",1,98.70105580693816,49409
"(0.912041847041847, 0.9894736842105264)",1,98.70094826535176,49410
"(0.9251027896538732, 0.9894736842105264)",1,98.70088941755397,49411
"(0.9253783187916316, 0.9855521155830752)",1,98.70087821735656,49412
"(0.9035087719298246, 0.9913490623109498)",2,98.70067576805484,49414
"(0.7550943928503688, 0.9962290087680192)",1,98.70060853071924,49415
"(0.8586378737541528, 0.9885627144491042)",1,98.70055884514508,49416
"(0.8889459760512393, 0.996078431372549)",2,98.70031506374936,49418
"(0.7141994478951, 1.0)",1,98.7003105590062,49419
"(0.992156862745098, 0.996078431372549)",1,98.70027099210373,49420
"(0.8358616184543919, 1.0)",3,98.70023551611663,49423
"(0.7410714285714286, 1.0)",2,98.70019092542675,49425
"(0.8571024784182679, 0.996078431372549)",1,98.70018473541,49426
"(0.7869981325863679, 1.0)",1,98.70002589021024,49427
"(0.9327096052096052, 1.0)",1,98.69989749233189,49428
"(0.8832772166105499, 1.0)",1,98.69982103315436,49429
"(0.978144708175668, 0.996078431372549)",1,98.699795245172,49430
"(0.9641868969810148, 0.992156862745098)",2,98.69973726527635,49432
"(0.8859337035751476, 0.9885627144491042)",1,98.69972618858152,49433
"(1.0, 1.0)",1,98.69968491900644,49434
"(0.9255470304063654, 0.9894736842105264)",1,98.69965601349968,49435
"(0.9499369338378628, 0.9913490623109498)",1,98.69960155024576,49436
"(0.9125701913010372, 0.9913490623109498)",2,98.69959006004012,49438
"(0.9384803921568629, 0.9894736842105264)",2,98.69958660391306,49440
"(0.9688764394646748, 0.996078431372549)",2,98.69954641042813,49442
"(0.9289529914529916, 1.0)",1,98.69952331656332,49443
"(0.9240596932668544, 0.9894736842105264)",1,98.69943982895488,49444
"(0.9855521155830752, 0.996078431372549)",1,98.69938327453016,49445
"(0.9037076648841356, 0.992156862745098)",1,98.69923982258702,49446
"(0.9344643144952745, 0.992156862745098)",1,98.6992148049658,49447
"(0.8990289449112978, 0.996078431372549)",1,98.69920809881408,49448
"(0.84183367343242, 1.0)",3,98.6991960683144,49451
"(0.9292181620122796, 0.9877450980392156)",1,98.69909067827004,49452
"(0.9424323293938236, 0.9885627144491042)",1,98.69902283530344,49453
"(0.9503921568627453, 0.9894736842105264)",1,98.69899159663844,49454
"(0.9350548459681588, 0.9894736842105264)",1,98.69894463580202,49455
"(0.769060874119107, 0.9913490623109498)",1,98.69892382366184,49456
"(0.9189473684210526, 0.9894736842105264)",1,98.69883906955164,49457
"(0.9325581395348838, 0.9885627144491042)",1,98.69880937252256,49458
"(0.859735522115823, 0.9885627144491042)",1,98.69878219154742,49459
"(0.9018073680369506, 0.996078431372549)",1,98.69870409313812,49460
"(0.8011846296681661, 0.9996213816771112)",3,98.69857736839631,49463
"(0.9572737556561086, 0.996078431372549)",1,98.6985294502266,49464
"(0.8271652864044169, 1.0)",2,98.69835991057234,49466
"(0.8883205456095482, 1.0)",1,98.69819281340348,49467
"(0.912041847041847, 0.9925925925925926)",1,98.69815971642532,49468
"(0.8547544409613373, 1.0)",1,98.6981472196802,49469
"(0.9168115942028986, 0.992156862745098)",1,98.69814488520171,49470
"(0.8351193705914272, 0.9913490623109498)",1,98.69809249797336,49471
"(0.8312992626493769, 1.0)",1,98.69801930978656,49472
"(0.9507101086048454, 1.0)",1,98.69799698705124,49473
"(0.9738562091503268, 0.996078431372549)",1,98.69799004501468,49474
"(0.9841269841269842, 1.0)",1,98.6979651249259,49475
"(0.9244767367135788, 0.9847494553376906)",1,98.69795851756967,49476
"(0.9192251461988304, 0.996078431372549)",1,98.69789789989704,49477
"(0.9269637391618816, 0.9894736842105264)",1,98.69788282832845,49478
"(1.0, 0.996078431372549)",1,98.6978548830485,49479
"(0.9759477124183006, 0.996078431372549)",1,98.69785240210427,49480
"(0.879008834302952, 0.996078431372549)",1,98.69773218079256,49481
"(0.9047619047619048, 1.0)",1,98.69769186304272,49482
"(0.9452536570183628, 0.9894736842105264)",1,98.6976766584711,49483
"(0.912041847041847, 0.996078431372549)",1,98.69734306130238,49484
"(0.95536349042541, 0.996078431372549)",1,98.69733614598782,49485
"(0.9113243706184884, 0.9894736842105264)",1,98.69726804736705,49486
"(0.8125, 1.0)",1,98.6972000102066,49487
"(0.9399138116785176, 0.992156862745098)",1,98.69716301381064,49488
"(0.9035155195681512, 0.9925925925925926)",1,98.69708618981036,49489
"(0.9841269841269842, 1.0)",2,98.6970625931972,49491
"(0.8586378737541528, 0.9885627144491042)",1,98.69693202373826,49492
"(0.9633298933608532, 0.992156862745098)",1,98.696922467162,49493
"(0.9841269841269842, 1.0)",1,98.69689558097488,49494
"(1.0, 1.0)",1,98.69687291028758,49495
"(0.9197362278244632, 0.992156862745098)",1,98.6968728446189,49496
"(0.8731060606060606, 1.0)",1,98.6968611346305,49497
"(0.8700357638518202, 0.9913490623109498)",1,98.69681165569804,49498
"(0.896551724137931, 1.0)",1,98.69674624510752,49499
"(0.9696969696969696, 1.0)",1,98.6966963728333,49500
"(0.9688200894392844, 0.996078431372549)",1,98.69646471674754,49501
"(0.9018073680369506, 0.996078431372549)",1,98.69641415898806,49502
"(0.9517488164856586, 0.9894736842105264)",1,98.69641374796797,49503
"(0.8112794612794614, 1.0)",1,98.69629873388185,49504
"(0.9517488164856586, 0.9925925925925926)",1,98.6962774663702,49505
"(0.8266666666666667, 1.0)",1,98.69624601450688,49506
"(0.9047619047619048, 1.0)",2,98.69621580925929,49508
"(0.9327249496289745, 0.9894736842105264)",1,98.69621287319325,49509
"(0.9230769230769232, 1.0)",1,98.6961946266294,49510
"(0.8714344685242518, 0.996078431372549)",1,98.69610697545194,49511
"(0.875, 1.0)",1,98.69602353435688,49512
"(0.9384803921568629, 0.9894736842105264)",1,98.69597927636158,49513
"(0.9135802469135802, 1.0)",1,98.6959683568879,49514
"(0.7843037889982316, 0.9958537581699348)",1,98.6959162506328,49515
"(0.8867623604465709, 1.0)",1,98.6959041990003,49516
"(0.7072139577594123, 0.9996213816771112)",1,98.69587272016209,49517
"(0.8138881768037778, 0.996078431372549)",2,98.69583489235166,49519
"(0.6156045751633987, 1.0)",2,98.69573210273388,49521
"(0.9399223139548216, 0.996078431372549)",1,98.69570939364364,49522
"(0.9351326548694968, 0.992156862745098)",1,98.69569739943562,49523
"(0.9230116959064328, 0.9894736842105264)",1,98.69569294339398,49524
"(0.8857001484413657, 0.9892665474060824)",1,98.6956605711453,49525
"(0.7410714285714286, 1.0)",1,98.69561688311688,49526
"(0.9047619047619048, 1.0)",1,98.69557769122989,49527
"(0.9352372919478182, 0.9894736842105264)",1,98.6955217479648,49528
"(0.9280112044817928, 0.996078431372549)",1,98.69542184150272,49529
"(0.9517488164856586, 0.9925925925925926)",1,98.695397868839,49530
"(0.8762481299794732, 1.0)",2,98.69528580839726,49532
"(0.9449122174122172, 0.9916666666666668)",1,98.6952727149923,49533
"(0.9444444444444444, 1.0)",1,98.6952443691574,49534
"(0.9719389978213508, 0.996078431372549)",1,98.69517720520116,49535
"(0.9037076648841356, 0.996078431372549)",1,98.69516252182252,49536
"(0.9802054154995332, 0.996078431372549)",1,98.695158715716,49537
"(0.9255470304063654, 0.9894736842105264)",1,98.69504200309773,49538
"(0.8517628395518037, 1.0)",3,98.69501038928516,49541
"(0.8398926654740607, 0.9885627144491042)",1,98.6949671055846,49542
"(0.8977777777777779, 1.0)",1,98.6949333872332,49543
"(0.8202416356877325, 0.9988651610017888)",2,98.694900040498,49545
"(0.9269637391618816, 0.9894736842105264)",1,98.69485457843662,49546
"(0.8817204301075269, 1.0)",1,98.69485174323884,49547
"(0.992156862745098, 0.9882352941176472)",2,98.69481423727746,49549
"(0.8312992626493769, 1.0)",1,98.6948061170558,49550
"(0.9236728184096604, 0.9894736842105264)",1,98.6947845064104,49551
"(0.9037076648841356, 0.992156862745098)",1,98.69477241633336,49552
"(0.932852564102564, 0.986574074074074)",1,98.6947092435278,49553
"(0.817921124237354, 0.998110291927316)",1,98.69462144159498,49554
"(0.9766612200435728, 0.996078431372549)",2,98.69459726821044,49556
"(0.90934937783235, 0.992156862745098)",2,98.69457500751344,49558
"(0.9428823795600112, 0.9913490623109498)",3,98.6944831696056,49561
"(0.9449965600275196, 0.9894736842105264)",2,98.69447961266486,49563
"(0.9886710239651416, 0.996078431372549)",1,98.69444453208034,49564
"(0.8905936111818465, 0.9886710239651416)",1,98.69443830965488,49565
"(0.9243650793650792, 1.0)",1,98.69442538438368,49566
"(0.875, 1.0)",1,98.69440578978448,49567
"(0.9764161220043572, 0.996078431372549)",1,98.69438867513612,49568
"(0.9463327370304114, 0.9885627144491042)",1,98.6943780160045,49569
"(0.9499369338378628, 0.9913490623109498)",1,98.6943314410208,49570
"(0.8350168350168351, 1.0)",1,98.69433057549,49571
"(0.9325581395348838, 0.9885627144491042)",1,98.6943269817473,49572
"(0.8527777777777779, 1.0)",1,98.6943185704152,49573
"(0.950140056022409, 0.9894736842105264)",1,98.69429573736264,49574
"(0.8627450980392157, 1.0)",1,98.69413412729708,49575
"(0.9463327370304114, 0.9885627144491042)",1,98.69411098496104,49576
"(0.9047619047619048, 1.0)",1,98.69404669404668,49577
"(0.8375771604938271, 1.0)",1,98.69398629073626,49578
"(0.9507101086048454, 1.0)",1,98.69395901274711,49579
"(0.89, 1.0)",1,98.69393329918684,49580
"(0.7998955722639932, 0.9913490623109498)",1,98.69388587465885,49581
"(0.980582788671024, 0.996078431372549)",1,98.69385244035708,49582
"(0.8845565382330088, 0.996078431372549)",1,98.6937308134675,49583
"(0.9320397146712937, 0.996078431372549)",1,98.69372919596056,49584
"(0.9841269841269842, 1.0)",1,98.69363644802242,49585
"(0.9261349042540992, 0.9882352941176472)",1,98.6935197470801,49586
"(0.9451468036607356, 0.9886710239651416)",1,98.69345462295826,49587
"(0.9327249496289745, 0.9894736842105264)",1,98.69344399408624,49588
"(0.9320240125035522, 0.9886710239651416)",1,98.69336165295692,49589
"(0.922050500014663, 0.9885627144491042)",1,98.69329020249434,49590
"(0.9261349042540992, 0.996078431372549)",1,98.69325565084912,49591
"(0.9691305469556244, 0.996078431372549)",1,98.6931951448472,49592
"(0.8559368191721133, 1.0)",1,98.69317243864144,49593
"(0.7200000000000001, 1.0)",1,98.6931680665014,49594
"(0.8666056166056167, 1.0)",1,98.69299182454026,49595
"(0.9352372919478182, 0.9894736842105264)",2,98.6929365482783,49597
"(0.9113243706184884, 0.9925925925925926)",1,98.69290378656744,49598
"(0.8703817814293165, 0.9984875577410224)",3,98.69271188779624,49601
"(0.9018073680369506, 0.996078431372549)",1,98.6926954351456,49602
"(0.9109477124183006, 1.0)",1,98.69269374416432,49603
"(1.0, 1.0)",1,98.69264069264068,49604
"(0.8888888888888888, 1.0)",1,98.6925384237945,49605
"(0.9135802469135802, 1.0)",1,98.6925329713613,49606
"(0.8415692007797271, 0.986574074074074)",1,98.69251617047648,49607
"(0.9461578783560208, 0.996078431372549)",1,98.69248081413512,49608
"(0.8876464446796928, 0.9894736842105264)",1,98.69244684857176,49609
"(0.8597992596530608, 0.9913490623109498)",2,98.69241214389665,49611
"(0.7913587204505935, 1.0)",1,98.6922415825325,49612
"(0.7450665795206972, 1.0)",3,98.69223791472058,49615
"(0.875, 1.0)",1,98.6921597179996,49616
"(0.8750600325600326, 1.0)",1,98.69213897612238,49617
"(0.9517488164856586, 0.9894736842105264)",1,98.69208946890576,49618
"(0.9060206664893564, 0.9913490623109498)",1,98.69204067561924,49619
"(0.9426596279537456, 0.9886710239651416)",1,98.69202793995348,49620
"(0.914421596921597, 0.992156862745098)",1,98.69200735603248,49621
"(0.9886710239651416, 0.996078431372549)",1,98.69192409430616,49622
"(0.7072139577594123, 0.9992431021625652)",3,98.69191064710893,49625
"(0.827728296446098, 0.9992431021625652)",1,98.69187336937728,49626
"(0.9248591174906964, 0.992156862745098)",1,98.69185010826718,49627
"(0.9894736842105264, 0.996078431372549)",1,98.69178995650944,49628
"(0.9466013071895424, 0.996078431372549)",1,98.6917881949232,49629
"(0.8832772166105499, 1.0)",1,98.69169630763834,49630
"(0.95536349042541, 0.996078431372549)",1,98.69167158242396,49631
"(0.7544006919006919, 1.0)",1,98.69165526167224,49632
"(0.8586378737541528, 0.9885627144491042)",1,98.69154244556992,49633
"(0.97718610251118, 0.992156862745098)",1,98.69150197287414,49634
"(0.7261336323863321, 0.9984875577410224)",2,98.69140255457864,49636
"(0.8942523459812323, 0.9913490623109498)",2,98.69137744158824,49638
"(0.9065438871473354, 1.0)",1,98.69136164972244,49639
"(0.9269637391618816, 0.9894736842105264)",1,98.69132030490988,49640
"(0.8238001314924391, 1.0)",1,98.69130205113242,49641
"(0.7932875667429443, 0.9913490623109498)",2,98.69124391779675,49643
"(0.9449965600275196, 0.9894736842105264)",1,98.69123698676844,49644
"(0.9579248366013072, 0.996078431372549)",1,98.69112254080008,49645
"(0.9696969696969696, 1.0)",1,98.6910056229485,49646
"(0.7141994478951, 1.0)",1,98.69100042469609,49647
"(0.9269637391618816, 0.9894736842105264)",1,98.69096720444998,49648
"(0.8942523459812323, 0.9913490623109498)",1,98.69092306140487,49649
"(0.879008834302952, 0.996078431372549)",1,98.69090020682876,49650
"(0.8345959595959597, 1.0)",2,98.69089107088772,49652
"(0.9841269841269842, 1.0)",1,98.69088166075022,49653
"(0.9047619047619048, 1.0)",2,98.690859720608,49655
"(0.8990289449112978, 0.9894736842105264)",1,98.69083000650092,49656
"(0.9306746031746032, 1.0)",1,98.69079196783042,49657
"(0.8900759734093067, 1.0)",1,98.69077831946773,49658
"(0.9244767367135788, 0.9925925925925926)",1,98.6907563171261,49659
"(0.9435178632856652, 0.992156862745098)",1,98.69063445964336,49660
"(0.8437745173867689, 0.9996213816771112)",3,98.69060917505134,49663
"(0.801903073699499, 0.9977333631085306)",3,98.69052660973468,49666
"(0.9327249496289745, 0.9894736842105264)",1,98.6905144144926,49667
"(0.9589484126984128, 1.0)",1,98.6902662119508,49668
"(0.4860617760617761, 0.9962783375314862)",1,98.69017060982782,49669
"(0.9342814048696402, 0.992156862745098)",1,98.69016328351134,49670
"(0.9404364154364154, 0.9894736842105264)",1,98.69003724013612,49671
"(0.896551724137931, 1.0)",1,98.68993143288496,49672
"(0.9191112362010194, 0.9886710239651416)",1,98.68993052298003,49673
"(0.9696969696969696, 1.0)",2,98.68980928607364,49675
"(0.8832772166105499, 1.0)",1,98.68973712668117,49676
"(0.9035087719298246, 0.9913490623109498)",1,98.68968607594516,49677
"(0.9816305469556244, 0.996078431372549)",1,98.68963797071672,49678
"(0.9662707390648568, 0.996078431372549)",1,98.68962892712096,49679
"(0.7705882352941177, 1.0)",1,98.68962810976002,49680
"(0.8115739333130637, 1.0)",1,98.68957515103202,49681
"(0.8888888888888888, 1.0)",1,98.68955699472949,49682
"(0.9565217391304348, 1.0)",1,98.6894190350712,49683
"(0.8319664902998236, 1.0)",1,98.68927981191254,49684
"(0.8268974358974359, 1.0)",1,98.6892436025874,49685
"(0.9333333333333332, 1.0)",1,98.68921691894502,49686
"(0.9503921568627453, 0.9894736842105264)",1,98.68918955886429,49687
"(0.9479380641145349, 0.996078431372549)",1,98.6891294201535,49688
"(0.8502976190476191, 1.0)",1,98.68912016282964,49689
"(0.8208699715991036, 0.9992431021625652)",3,98.68903918299938,49692
"(0.9255470304063654, 0.9894736842105264)",1,98.68895726424984,49693
"(0.9696969696969696, 1.0)",1,98.68885232414644,49694
"(0.8740392648287385, 1.0)",1,98.68879820958767,49695
"(0.8858975827700768, 0.9885627144491042)",1,98.68878119038934,49696
"(0.931377923976608, 0.9913490623109498)",1,98.68875762091176,49697
"(0.9125701913010372, 0.9913490623109498)",1,98.68875159289374,49698
"(0.9230116959064328, 0.9894736842105264)",1,98.68862966817092,49699
"(0.9142520753512132, 1.0)",1,98.68834443170388,49700
"(0.8990289449112978, 0.9925925925925926)",1,98.6882833865578,49701
"(0.8611111111111112, 1.0)",1,98.68825223418712,49702
"(0.8423371647509579, 1.0)",1,98.68824166899172,49703
"(0.9882352941176472, 0.9919117647058824)",1,98.68818104387076,49704
"(0.9841269841269842, 1.0)",1,98.68811188811188,49705
"(0.8635440917107585, 0.996078431372549)",2,98.68806293814686,49707
"(0.8376068376068376, 1.0)",1,98.68801214605946,49708
"(0.8148063759258677, 0.9984875577410224)",1,98.68790217363288,49709
"(0.9047619047619048, 1.0)",1,98.6877751877752,49710
"(0.9841269841269842, 1.0)",1,98.68776051534672,49711
"(0.96937564499484, 0.9851851851851852)",1,98.68771843006216,49712
"(0.9778966131907308, 0.996078431372549)",1,98.68760378600452,49713
"(0.9384803921568629, 0.9894736842105264)",1,98.68758165392666,49714
"(0.8282352941176471, 0.9841269841269842)",1,98.68755230507948,49715
"(0.8466625966625967, 0.9868055555555556)",1,98.68752442002425,49716
"(0.9568181818181818, 0.996078431372549)",1,98.6874559468879,49717
"(0.90934937783235, 0.996078431372549)",1,98.68741633688106,49718
"(0.9168115942028986, 0.996078431372549)",1,98.68731751300612,49719
"(0.9189473684210526, 0.9894736842105264)",1,98.68726879769837,49720
"(0.9230116959064328, 0.9894736842105264)",1,98.68712827076588,49721
"(0.8370512373649356, 0.9913490623109498)",2,98.687111367901,49723
"(0.8977777777777779, 1.0)",1,98.68709956709974,49724
"(0.978144708175668, 0.996078431372549)",1,98.68705390059644,49725
"(0.9428823795600112, 0.9913490623109498)",1,98.68705233798826,49726
"(0.8137366538909041, 1.0)",1,98.6870411137186,49727
"(0.9764161220043572, 0.996078431372549)",1,98.68697317650616,49728
"(0.9769410044719642, 0.996078431372549)",1,98.6868963436145,49729
"(0.9565217391304348, 1.0)",1,98.68688457968818,49730
"(0.9352372919478182, 0.9894736842105264)",1,98.68685945559832,49731
"(0.8498168498168499, 1.0)",1,98.68677189021396,49732
"(0.899997244510117, 0.9913490623109498)",3,98.68671484727928,49735
"(0.9731377053745476, 0.996078431372549)",1,98.68666754829565,49736
"(0.8740392648287385, 1.0)",1,98.68656165257173,49737
"(0.984313725490196, 0.996078431372549)",2,98.6865583600015,49739
"(0.8864468864468864, 1.0)",1,98.68649067407696,49740
"(0.9524618736383442, 0.9894736842105264)",1,98.68648343605504,49741
"(0.9135802469135802, 1.0)",2,98.68638326573992,49743
"(0.8945130355728907, 0.9885627144491042)",2,98.68635358713564,49745
"(0.8731060606060606, 0.986574074074074)",1,98.68632773816572,49746
"(1.0, 1.0)",1,98.68622040503467,49747
"(0.8551296720061023, 1.0)",2,98.68619715054798,49749
"(0.996078431372549, 1.0)",1,98.68609331104234,49750
"(0.8731060606060606, 1.0)",1,98.6860886033442,49751
"(0.9352372919478182, 0.9894736842105264)",1,98.6860815628326,49752
"(0.9135802469135802, 1.0)",1,98.68604877455458,49753
"(0.8275809031622985, 1.0)",1,98.685959707259,49754
"(0.9243650793650792, 0.986574074074074)",1,98.6859255368812,49755
"(0.9855521155830752, 0.996078431372549)",1,98.68590259798542,49756
"(0.9243650793650792, 1.0)",1,98.6859001998634,49757
"(0.8257672120953371, 0.9988651610017888)",1,98.68580517895224,49758
"(0.8345959595959597, 1.0)",1,98.6855571588905,49759
"(0.8859337035751476, 0.9885627144491042)",1,98.68546170131118,49760
"(0.9365260121142476, 0.9894736842105264)",1,98.68543525417344,49761
"(0.833064949006978, 1.0)",1,98.68527724367452,49762
"(0.8212288946910357, 0.9996213816771112)",2,98.68526690345652,49764
"(0.8731060606060606, 1.0)",1,98.68526025157968,49765
"(1.0, 1.0)",4,98.68522851622431,49769
"(0.8565008298890479, 1.0)",3,98.68513042290408,49772
"(0.8393402428317523, 0.9996213816771112)",3,98.68511986777315,49775
"(0.9352372919478182, 0.9894736842105264)",1,98.6851116072472,49776
"(0.9841269841269842, 1.0)",1,98.6850840926928,49777
"(0.9517488164856586, 0.9894736842105264)",1,98.68508323988806,49778
"(0.7982954545454546, 1.0)",1,98.68505665290084,49779
"(0.773034398034398, 1.0)",1,98.68499668542708,49780
"(0.8073565796278658, 1.0)",3,98.68497783403856,49783
"(0.9431808501575945, 0.9885627144491042)",1,98.68495589152964,49784
"(0.9452536570183628, 0.9894736842105264)",1,98.68472302749332,49785
"(0.9428823795600112, 0.9913490623109498)",1,98.68469873368365,49786
"(0.896551724137931, 1.0)",1,98.68465110667704,49787
"(0.9253783187916316, 0.9847494553376906)",1,98.68452958748624,49788
"(0.8046935824713601, 1.0)",1,98.68452782582465,49789
"(0.9333333333333332, 1.0)",1,98.68447108447111,49790
"(0.9352372919478182, 0.9894736842105264)",1,98.68446842904974,49791
"(0.9466013071895424, 0.992156862745098)",1,98.68423477245138,49792
"(0.919047619047619, 1.0)",1,98.68419270013474,49793
"(0.941156690746474, 0.996078431372549)",1,98.68418961305714,49794
"(0.7811212037877837, 1.0)",3,98.68418095972773,49797
"(0.9325581395348838, 0.9885627144491042)",1,98.68393008715697,49798
"(0.9602089783281734, 0.996078431372549)",1,98.68390759575128,49799
"(0.9728641456582634, 0.996078431372549)",1,98.68382550226984,49800
"(1.0, 1.0)",2,98.68378336639223,49802
"(0.9318498265866688, 0.996078431372549)",1,98.68353264515416,49803
"(0.9444444444444444, 1.0)",1,98.68350168350167,49804
"(0.9753376906318084, 0.996078431372549)",1,98.68350116036004,49805
"(0.9424323293938236, 0.9885627144491042)",1,98.68349036907928,49806
"(0.9449122174122172, 0.996078431372549)",1,98.68335224755916,49807
"(0.91484126984127, 0.9894736842105264)",1,98.68323780990092,49808
"(0.9313762626262628, 0.986574074074074)",1,98.68318181818158,49809
"(0.9503921568627453, 0.9894736842105264)",1,98.68313221974164,49810
"(0.8338132455779513, 1.0)",1,98.6831104780822,49811
"(0.9565217391304348, 1.0)",1,98.68304793624486,49812
"(0.7178190054547577, 1.0)",3,98.68297846361531,49815
"(0.8067271451483561, 1.0)",1,98.68293669555447,49816
"(0.7437791666666667, 1.0)",2,98.68289677890095,49818
"(0.996078431372549, 0.992156862745098)",1,98.68272348669818,49819
"(0.9879901960784314, 1.0)",1,98.6827127446417,49820
"(0.8082298900462964, 1.0)",3,98.68264827804605,49823
"(0.8590556730091613, 0.9885627144491042)",1,98.68254105255065,49824
"(0.935349484823169, 0.9894736842105264)",1,98.68248765281268,49825
"(0.9685403050108932, 0.9894736842105264)",1,98.68225216647797,49826
"(0.9589484126984128, 1.0)",1,98.68221802553325,49827
"(0.9465811965811968, 1.0)",1,98.68220041884712,49828
"(0.9037076648841356, 0.9916666666666668)",1,98.68219884268905,49829
"(0.9565217391304348, 1.0)",1,98.6821336327916,49830
"(0.833064949006978, 1.0)",1,98.6821123905529,49831
"(0.7982512875968919, 1.0)",1,98.68208788426946,49832
"(0.8459093886462881, 0.9996213816771112)",3,98.68203751541353,49835
"(0.8237398713870082, 0.9996213816771112)",3,98.68202471122515,49838
"(0.9384803921568629, 0.9894736842105264)",1,98.682019375695,49839
"(0.9284391534391534, 0.9816305469556244)",2,98.68201456266486,49841
"(0.7410714285714286, 1.0)",1,98.6819885361552,49842
"(0.9523809523809524, 1.0)",1,98.6819617247654,49843
"(0.9591269841269842, 0.9800599128540306)",1,98.6819377440585,49844
"(0.8817204301075269, 1.0)",1,98.68174681346726,49845
"(0.8888888888888888, 1.0)",2,98.68171030526102,49847
"(0.9838235294117648, 0.996078431372549)",1,98.6815756376027,49848
"(0.8817204301075269, 1.0)",1,98.68157420485647,49849
"(0.996078431372549, 0.996078431372549)",1,98.68156517299788,49850
"(0.9230769230769232, 1.0)",1,98.68156383254822,49851
"(0.9087026014109348, 1.0)",1,98.68154926491864,49852
"(0.9685403050108932, 0.9894736842105264)",1,98.6814751878766,49853
"(0.8275809031622985, 1.0)",1,98.68146287412416,49854
"(0.8990289449112978, 0.9894736842105264)",1,98.68144749673728,49855
"(0.9541729732828804, 0.996078431372549)",1,98.6813524096738,49856
"(0.8990289449112978, 0.9894736842105264)",1,98.68130837715184,49857
"(0.9384803921568629, 0.9894736842105264)",1,98.68124903103988,49858
"(0.7400546757164405, 1.0)",1,98.6812327877994,49859
"(0.9602089783281734, 0.996078431372549)",1,98.68122441721673,49860
"(0.9027274557165862, 1.0)",1,98.6811275563993,49861
"(0.9688200894392844, 0.996078431372549)",1,98.68112171734302,49862
"(0.8518518518518519, 1.0)",1,98.6810549650367,49863
"(0.8740392648287385, 1.0)",1,98.68105248309196,49864
"(0.914421596921597, 0.996078431372549)",1,98.68103943947136,49865
"(0.8126903630604289, 0.9913490623109498)",1,98.68103621284736,49866
"(0.899997244510117, 0.9913490623109498)",1,98.68097975005944,49867
"(0.9269637391618816, 0.9894736842105264)",2,98.68088354296606,49869
"(0.9056772399713576, 0.9925925925925926)",1,98.68087273079767,49870
"(0.9507101086048454, 1.0)",1,98.68077291047427,49871
"(0.8393402428317523, 0.998110291927316)",1,98.68060602618088,49872
"(0.9499369338378628, 0.9913490623109498)",1,98.68060564197478,49873
"(0.9792592592592592, 1.0)",1,98.6805781230588,49874
"(0.9444444444444444, 1.0)",1,98.68050880648212,49875
"(0.9696969696969696, 1.0)",1,98.68046225804846,49876
"(0.899997244510117, 0.9913490623109498)",1,98.6803758230958,49877
"(0.8498168498168498, 1.0)",2,98.68032190032204,49879
"(0.7167919799498746, 1.0)",1,98.68025868702986,49880
"(0.954722222222222, 0.996078431372549)",1,98.68012289543108,49881
"(0.8275809031622985, 1.0)",1,98.68006737147866,49882
"(0.9840686274509804, 0.996078431372549)",1,98.67995858174804,49883
"(0.8250479193421631, 0.9992431021625652)",2,98.6799305164594,49885
"(0.8666666666666667, 1.0)",1,98.67989241894522,49886
"(0.8791208791208792, 1.0)",1,98.67985391514804,49887
"(0.5264867113271159, 0.9987530712530712)",1,98.67979634306504,49888
"(0.8958946706887884, 0.996078431372549)",1,98.67979323228084,49889
"(0.9408668730650154, 0.9913490623109498)",1,98.6797038730648,49890
"(0.9881481481481482, 0.9879901960784314)",1,98.67969675004488,49891
"(0.8520449077786689, 0.9885627144491042)",1,98.67969538136828,49892
"(0.9325581395348838, 0.9885627144491042)",2,98.6796336158134,49894
"(0.9320397146712937, 0.996078431372549)",2,98.67952197665744,49896
"(0.9272424525365702, 0.996078431372549)",1,98.67946889610424,49897
"(0.9391865079365078, 0.9868055555555556)",1,98.67942765567749,49898
"(0.875, 1.0)",1,98.67934584484937,49899
"(0.992156862745098, 0.9799019607843138)",1,98.67912387615289,49900
"(0.899997244510117, 0.9913490623109498)",1,98.6790642577671,49901
"(0.9035155195681512, 0.9894736842105264)",1,98.6788802039033,49902
"(0.7707924493038034, 1.0)",1,98.67885868862004,49903
"(0.9428823795600112, 0.9913490623109498)",1,98.67882800866492,49904
"(0.8448736477904788, 0.9885627144491042)",1,98.67881600971948,49905
"(0.8771929824561403, 1.0)",2,98.67881350378757,49907
"(0.8156635416666668, 0.9988651610017888)",1,98.67880436719548,49908
"(0.9230116959064328, 0.9894736842105264)",1,98.67875174185664,49909
"(0.8990289449112978, 0.9894736842105264)",1,98.67874621905696,49910
"(0.769060874119107, 0.9913490623109498)",3,98.67869024189724,49913
"(1.0, 1.0)",1,98.67864079023508,49914
"(0.9503921568627453, 0.9894736842105264)",1,98.67861039258852,49915
"(0.9261349042540992, 0.992156862745098)",2,98.6786080987199,49917
"(0.9365750528541228, 0.9885627144491042)",1,98.67860490145172,49918
"(0.9777089783281734, 1.0)",1,98.67852815127472,49919
"(0.8520449077786689, 0.9885627144491042)",1,98.6784541447482,49920
"(0.909722222222222, 0.992156862745098)",1,98.67841050561624,49921
"(0.9049532029717788, 0.9894736842105264)",1,98.67839266805724,49922
"(0.9841269841269842, 1.0)",1,98.67838644193336,49923
"(0.9882352941176472, 0.996078431372549)",1,98.67826106878628,49924
"(0.9428823795600112, 0.9913490623109498)",1,98.67810295569431,49925
"(0.7081939799331105, 1.0)",3,98.6780895852866,49928
"(0.8970659722222223, 1.0)",1,98.6778392504138,49929
"(0.9800599128540306, 0.996078431372549)",1,98.67776342685404,49930
"(0.817921124237354, 0.9996213816771112)",3,98.677748782644,49933
"(0.8770009060706736, 0.9885627144491042)",1,98.67764296711373,49934
"(0.7707924493038034, 1.0)",1,98.67759282485416,49935
"(0.9350548459681588, 0.9894736842105264)",1,98.67748929613664,49936
"(0.8705805822084891, 0.9885627144491042)",1,98.67744181832444,49937
"(0.9665319865319866, 0.9882352941176472)",1,98.67734259519855,49938
"(0.9766612200435728, 0.996078431372549)",1,98.67727816874118,49939
"(0.9056772399713576, 0.9894736842105264)",1,98.67725119658418,49940
"(0.9688764394646748, 0.996078431372549)",1,98.6771159106918,49941
"(0.9841269841269842, 1.0)",1,98.67710513619816,49942
"(0.7213708692262504, 0.9992431021625652)",1,98.67708968344644,49943
"(0.8129898303922073, 1.0)",1,98.67708027903734,49944
"(0.8498168498168498, 1.0)",1,98.67702573073416,49945
"(0.9087026014109348, 1.0)",1,98.67701102710788,49946
"(0.9047619047619048, 1.0)",1,98.6769978333446,49947
"(0.9269637391618816, 0.9925925925925926)",1,98.67693365955664,49948
"(0.9135802469135802, 1.0)",1,98.67692935486345,49949
"(0.9851851851851852, 0.996078431372549)",1,98.676918215196,49950
"(0.8817204301075269, 1.0)",1,98.67687790250872,49951
"(0.9192251461988304, 0.996078431372549)",1,98.67681204677989,49952
"(0.9113243706184884, 0.9894736842105264)",1,98.6767816357673,49953
"(0.947088068181818, 1.0)",2,98.67674265702536,49955
"(0.814850018234865, 0.9996213816771112)",1,98.67662369931384,49956
"(0.9803376906318084, 0.996078431372549)",1,98.67654158986332,49957
"(0.909722222222222, 1.0)",1,98.67652566308172,49958
"(0.9463327370304114, 0.9885627144491042)",2,98.6764183348978,49960
"(0.8288330592122024, 0.9996213816771112)",1,98.67639758249943,49961
"(0.9740143369175628, 0.986574074074074)",1,98.67635930514702,49962
"(0.9365260121142476, 0.9894736842105264)",1,98.6763406003275,49963
"(0.9802054154995332, 0.996078431372549)",1,98.67617723423452,49964
"(0.9813854489164088, 0.996078431372549)",1,98.67610439985224,49965
"(0.9879901960784314, 1.0)",1,98.67585050634372,49966
"(0.9255470304063654, 0.996078431372549)",1,98.67584429317117,49967
"(0.8551296720061023, 1.0)",1,98.67569588846656,49968
"(0.9628070175438596, 0.9925925925925926)",1,98.67565363658228,49969
"(0.6839363170549945, 0.9988651610017888)",2,98.67557968414825,49971
"(0.9350548459681588, 0.9894736842105264)",1,98.67556985154496,49972
"(0.9879901960784314, 0.992156862745098)",1,98.6755635094292,49973
"(0.9466013071895424, 0.996078431372549)",1,98.67535052256258,49974
"(0.9189473684210526, 0.9894736842105264)",1,98.67529623770317,49975
"(0.7141994478951, 1.0)",2,98.67512740882306,49977
"(0.9565217391304348, 1.0)",1,98.67507328956604,49978
"(0.9667927989909412, 0.996078431372549)",1,98.67497212232284,49979
"(0.8857001484413657, 1.0)",1,98.67489251133703,49980
"(0.9733828034137632, 0.996078431372549)",1,98.67488809109506,49981
"(0.8990289449112978, 0.9925925925925926)",1,98.67488310225612,49982
"(1.0, 1.0)",2,98.6748360067202,49984
"(0.912041847041847, 0.9925925925925926)",1,98.67479466608064,49985
"(0.9047619047619048, 1.0)",1,98.67477570738448,49986
"(0.7834299165824063, 1.0)",3,98.67477129309913,49989
"(0.9333333333333332, 1.0)",1,98.67468383309009,49990
"(0.9194577352472088, 1.0)",1,98.6745745555303,49991
"(0.9060206664893564, 0.9913490623109498)",3,98.6745404053908,49994
"(0.9359620771385476, 0.9886710239651416)",1,98.674432581074,49995
"(0.9168478260869564, 0.986574074074074)",1,98.67439492653703,49996
"(0.875, 1.0)",1,98.6743523138487,49997
"(0.8375771604938271, 1.0)",1,98.6743458316375,49998
"(0.992156862745098, 0.996078431372549)",1,98.67424417182649,49999
"(0.8221613742021906, 0.9996213816771112)",3,98.67423168143937,50002
