value,count,cumulative_sum
"(0.4056818181818182, 1.0)",2,2
"(0.809469696969697, 1.0)",1,3
"(0.2511363636363636, 1.0)",1,4
"(0.459469696969697, 1.0)",6,10
"(0.396969696969697, 1.0)",2,12
"(0.5113636363636364, 1.0)",3,15
"(0.4871212121212121, 1.0)",43,58
"(0.4446969696969697, 1.0)",2,60
"(0.5443181818181818, 1.0)",18,78
"(0.9125, 1.0)",4,82
"(0.5204545454545455, 1.0)",2,84
"(0.4625, 1.0)",8,92
"(0.4272727272727272, 1.0)",1,93
"(0.5284090909090909, 1.0)",8,101
"(0.5303030303030303, 1.0)",37,138
"(0.765530303030303, 1.0)",2,140
"(0.4299242424242424, 1.0)",2,142
"(0.4996212121212121, 1.0)",31,173
"(0.2428030303030303, 1.0)",3,176
"(0.2651515151515151, 1.0)",2,178
"(0.5681818181818182, 1.0)",2,180
"(0.5484848484848485, 1.0)",1,181
"(0.3564393939393939, 1.0)",7,188
"(0.5325757575757576, 1.0)",4,192
"(0.4492424242424242, 1.0)",13,205
"(0.253030303030303, 1.0)",1,206
"(0.3219696969696969, 1.0)",2,208
"(0.4583333333333333, 1.0)",17,225
"(0.465530303030303, 1.0)",32,257
"(0.4776515151515151, 1.0)",7,264
"(0.7136363636363636, 1.0)",1,265
"(0.5348484848484848, 1.0)",1,266
"(0.7844696969696969, 1.0)",2,268
"(0.3, 1.0)",1,269
"(0.3284090909090909, 1.0)",2,271
"(0.4575757575757576, 1.0)",22,293
"(0.7371212121212121, 1.0)",7,300
"(0.6583333333333333, 1.0)",2,302
"(0.6503787878787879, 1.0)",1,303
"(0.3159090909090909, 1.0)",24,327
"(0.540530303030303, 1.0)",1,328
"(0.5674242424242424, 1.0)",1,329
"(0.531060606060606, 1.0)",5,334
"(0.406060606060606, 1.0)",2,336
"(0.7246212121212121, 1.0)",6,342
"(0.4852272727272727, 1.0)",8,350
"(0.4609848484848485, 1.0)",10,360
"(0.281060606060606, 1.0)",1,361
"(0.5875, 1.0)",1,362
"(0.2776515151515151, 1.0)",5,367
"(0.7560606060606061, 1.0)",2,369
"(0.603030303030303, 1.0)",2,371
"(0.4359848484848485, 1.0)",15,386
"(0.453030303030303, 1.0)",1,387
"(0.4166666666666667, 1.0)",3,390
"(0.5579545454545455, 1.0)",2,392
"(0.4238636363636364, 1.0)",1,393
"(0.2992424242424242, 1.0)",2,395
"(0.5193181818181818, 1.0)",2,397
"(0.6981060606060606, 1.0)",2,399
"(0.5238636363636363, 1.0)",4,403
"(0.6621212121212121, 1.0)",2,405
"(0.4678030303030303, 1.0)",11,416
"(0.4102272727272727, 1.0)",3,419
"(0.2382575757575757, 1.0)",2,421
"(0.4291666666666666, 1.0)",30,451
"(0.7303030303030303, 1.0)",1,452
"(0.4196969696969697, 1.0)",2,454
"(0.5068181818181818, 1.0)",8,462
"(0.4518939393939394, 1.0)",8,470
"(0.8076923076923077, 1.0)",10,480
"(0.4069767441860465, 1.0)",1,481
"(0.6395348837209303, 1.0)",5,486
"(0.3255813953488372, 1.0)",1,487
"(0.9534883720930232, 1.0)",4,491
"(0.6046511627906976, 1.0)",8,499
"(0.7093023255813954, 1.0)",1,500
"(0.5833333333333334, 1.0)",4,504
"(0.65, 1.0)",2,506
"(0.55, 1.0)",3,509
"(0.5333333333333333, 1.0)",11,520
"(0.2696969696969697, 1.0)",9,529
"(0.2208333333333333, 1.0)",9,538
"(0.9291666666666668, 1.0)",6,544
"(0.9625, 1.0)",14,558
"(0.4230769230769231, 1.0)",2,560
"(0.6976744186046512, 1.0)",5,565
"(0.6538461538461539, 1.0)",10,575
"(0.6923076923076923, 1.0)",7,582
"(0.1923076923076923, 1.0)",8,590
"(0.7051282051282052, 1.0)",7,597
"(0.4837121212121212, 1.0)",2,599
"(0.5606060606060606, 1.0)",2,601
"(0.3075757575757575, 1.0)",4,605
"(0.2446969696969697, 1.0)",2,607
"(0.4925, 1.0)",12,619
"(0.36875, 1.0)",1,620
"(0.63625, 1.0)",1,621
"(0.6275, 1.0)",1,622
"(0.675, 1.0)",1,623
"(0.3372093023255814, 1.0)",23,646
"(0.5697674418604651, 1.0)",3,649
"(0.2352272727272727, 1.0)",6,655
"(0.5625, 1.0)",2,657
"(0.4515151515151515, 1.0)",16,673
"(0.3768939393939394, 1.0)",6,679
"(0.7571969696969697, 1.0)",1,680
"(0.5337121212121212, 1.0)",6,686
"(0.3079545454545455, 1.0)",2,688
"(0.4606060606060606, 1.0)",61,749
"(0.5848484848484848, 1.0)",1,750
"(0.6147727272727272, 1.0)",1,751
"(0.4723484848484848, 1.0)",1,752
"(0.7200757575757576, 1.0)",1,753
"(0.2215909090909091, 1.0)",2,755
"(0.3746212121212121, 1.0)",4,759
"(0.5295454545454545, 1.0)",1,760
"(0.2935606060606061, 1.0)",2,762
"(0.4227272727272727, 1.0)",1,763
"(0.4477272727272727, 1.0)",5,768
"(0.5378787878787878, 1.0)",65,833
"(0.4821969696969697, 1.0)",29,862
"(0.7007575757575758, 1.0)",7,869
"(0.4549242424242424, 1.0)",6,875
"(0.8007575757575758, 1.0)",1,876
"(0.3560606060606061, 1.0)",7,883
"(0.5, 1.0)",13,896
"(0.9708333333333332, 1.0)",17,913
"(0.9541666666666668, 1.0)",5,918
"(0.343560606060606, 1.0)",13,931
"(0.4882575757575758, 1.0)",30,961
"(0.4253787878787878, 1.0)",3,964
"(0.5424242424242425, 1.0)",121,1085
"(0.4666666666666667, 1.0)",36,1121
"(0.543939393939394, 1.0)",7,1128
"(0.3462121212121212, 1.0)",2,1130
"(0.6375, 1.0)",1,1131
"(0.4715909090909091, 1.0)",29,1160
"(0.65875, 1.0)",2,1162
"(0.9069767441860463, 1.0)",12,1174
"(0.813953488372093, 1.0)",13,1187
"(0.7325581395348837, 1.0)",11,1198
"(0.6333333333333333, 1.0)",7,1205
"(0.50125, 1.0)",1,1206
"(0.9875, 1.0)",29,1235
"(0.9375, 1.0)",9,1244
"(0.9416666666666668, 1.0)",5,1249
"(0.975, 1.0)",61,1310
"(0.8875, 1.0)",2,1312
"(0.9916666666666668, 1.0)",20,1332
"(0.5375, 1.0)",6,1338
"(0.37875, 1.0)",1,1339
"(0.41, 1.0)",1,1340
"(0.56125, 1.0)",1,1341
"(0.2704545454545454, 1.0)",2,1343
"(0.575, 1.0)",1,1344
"(0.43, 1.0)",1,1345
"(0.4579545454545454, 1.0)",20,1365
"(0.4693181818181818, 1.0)",32,1397
"(0.4939393939393939, 1.0)",30,1427
"(0.3295454545454545, 1.0)",12,1439
"(0.8212121212121212, 1.0)",1,1440
"(0.4450757575757575, 1.0)",5,1445
"(0.3965909090909091, 1.0)",1,1446
"(0.6795454545454546, 1.0)",2,1448
"(0.5045454545454545, 1.0)",2,1450
"(0.6231060606060606, 1.0)",1,1451
"(0.4916666666666666, 1.0)",2,1453
"(0.4984848484848485, 1.0)",4,1457
"(0.8837209302325582, 1.0)",46,1503
"(0.8125, 1.0)",1,1504
"(0.4632575757575757, 1.0)",31,1535
"(0.9302325581395348, 1.0)",15,1550
"(0.5545454545454546, 1.0)",33,1583
"(0.4568181818181818, 1.0)",39,1622
"(0.4534090909090909, 1.0)",35,1657
"(0.4371212121212121, 1.0)",30,1687
"(0.4670454545454545, 1.0)",31,1718
"(0.531439393939394, 1.0)",35,1753
"(0.3696969696969697, 1.0)",31,1784
"(0.3992424242424242, 1.0)",2,1786
"(0.5481060606060606, 1.0)",95,1881
"(0.5450757575757575, 1.0)",33,1914
"(0.4431818181818182, 1.0)",2,1916
"(0.9651162790697676, 1.0)",1,1917
"(0.5412878787878788, 1.0)",29,1946
"(0.8023255813953488, 1.0)",26,1972
"(0.6388888888888888, 1.0)",28,2000
"(0.925, 1.0)",3,2003
"(0.9041666666666668, 1.0)",5,2008
"(0.49, 1.0)",11,2019
"(0.47625, 1.0)",5,2024
"(0.4975, 1.0)",6,2030
"(0.782051282051282, 1.0)",3,2033
"(0.8958333333333334, 1.0)",5,2038
"(0.4418604651162791, 1.0)",3,2041
"(0.4615384615384615, 1.0)",5,2046
"(0.6410256410256411, 1.0)",3,2049
"(0.8461538461538461, 1.0)",8,2057
"(0.3974358974358974, 1.0)",4,2061
"(0.4102564102564102, 1.0)",3,2064
"(0.5465116279069767, 1.0)",6,2070
"(0.7790697674418605, 1.0)",14,2084
"(0.3409090909090909, 1.0)",14,2098
"(0.6068181818181818, 1.0)",29,2127
"(0.5287878787878788, 1.0)",47,2174
"(0.5761363636363637, 1.0)",4,2178
"(0.4553030303030303, 1.0)",12,2190
"(0.4537878787878788, 1.0)",12,2202
"(0.4598484848484848, 1.0)",2,2204
"(0.4787878787878787, 1.0)",2,2206
"(0.2268939393939394, 1.0)",2,2208
"(0.5208333333333334, 1.0)",1,2209
"(0.7068181818181818, 1.0)",2,2211
"(0.4613636363636363, 1.0)",32,2243
"(0.2492424242424242, 1.0)",6,2249
"(0.5344696969696969, 1.0)",8,2257
"(0.6102272727272727, 1.0)",2,2259
"(0.2462121212121212, 1.0)",1,2260
"(0.3481060606060606, 1.0)",1,2261
"(0.4590909090909091, 1.0)",7,2268
"(0.6272727272727273, 1.0)",2,2270
"(0.5992424242424242, 1.0)",1,2271
"(0.4636363636363636, 1.0)",36,2307
"(0.4564393939393939, 1.0)",2,2309
"(0.4545454545454545, 1.0)",6,2315
"(0.4943181818181818, 1.0)",3,2318
"(0.6371212121212121, 1.0)",2,2320
"(0.509469696969697, 1.0)",35,2355
"(0.6681818181818182, 1.0)",31,2386
"(0.5473484848484849, 1.0)",2,2388
"(0.7287878787878788, 1.0)",2,2390
"(0.5768939393939394, 1.0)",2,2392
"(0.5515151515151515, 1.0)",2,2394
"(0.5034090909090909, 1.0)",14,2408
"(0.3776515151515151, 1.0)",1,2409
"(0.7428030303030303, 1.0)",2,2411
"(0.5321969696969697, 1.0)",31,2442
"(0.4712121212121212, 1.0)",4,2446
"(0.6053030303030303, 1.0)",2,2448
"(0.6098484848484849, 1.0)",1,2449
"(0.5079545454545454, 1.0)",2,2451
"(0.3443181818181818, 1.0)",2,2453
"(0.7178030303030303, 1.0)",1,2454
"(0.5121212121212121, 1.0)",7,2461
"(0.4507575757575757, 1.0)",31,2492
"(0.4571969696969697, 1.0)",52,2544
"(0.5912878787878788, 1.0)",1,2545
"(0.5446969696969697, 1.0)",7,2552
"(0.4443181818181818, 1.0)",5,2557
"(0.5496212121212121, 1.0)",2,2559
"(0.4901515151515151, 1.0)",8,2567
"(0.5526515151515151, 1.0)",4,2571
"(0.7159090909090909, 1.0)",1,2572
"(0.4465909090909091, 1.0)",1,2573
"(0.353030303030303, 1.0)",5,2578
"(0.468560606060606, 1.0)",34,2612
"(0.3363636363636363, 1.0)",2,2614
"(0.2371212121212121, 1.0)",2,2616
"(0.6708333333333333, 1.0)",1,2617
"(0.4784090909090909, 1.0)",11,2628
"(0.4488636363636363, 1.0)",5,2633
"(0.5132575757575758, 1.0)",2,2635
"(0.4791666666666667, 1.0)",2,2637
"(0.4965909090909091, 1.0)",33,2670
"(0.5026515151515152, 1.0)",2,2672
"(0.4587121212121212, 1.0)",7,2679
"(0.734469696969697, 1.0)",2,2681
"(0.3026515151515151, 1.0)",2,2683
"(0.3174242424242424, 1.0)",16,2699
"(0.5458333333333333, 1.0)",33,2732
"(0.9861111111111112, 1.0)",6,2738
"(0.8625, 1.0)",4,2742
"(0.6337121212121212, 1.0)",2,2744
"(0.2906976744186046, 1.0)",2,2746
"(0.3609848484848484, 1.0)",5,2751
"(0.5242424242424243, 1.0)",6,2757
"(0.6527777777777778, 1.0)",5,2762
"(0.6, 1.0)",15,2777
"(0.5666666666666667, 1.0)",8,2785
"(0.9418604651162792, 1.0)",12,2797
"(0.4534883720930232, 1.0)",6,2803
"(0.9458333333333332, 1.0)",4,2807
"(0.5416666666666666, 1.0)",16,2823
"(0.5075757575757576, 1.0)",6,2829
"(0.6113636363636363, 1.0)",25,2854
"(0.296969696969697, 1.0)",12,2866
"(0.3556818181818181, 1.0)",15,2881
"(0.3537878787878787, 1.0)",12,2893
"(0.4962121212121212, 1.0)",6,2899
"(0.5393939393939394, 1.0)",6,2905
"(0.5212121212121212, 1.0)",6,2911
"(0.4795454545454545, 1.0)",3,2914
"(0.9958333333333332, 1.0)",15,2929
"(0.5384615384615384, 1.0)",3,2932
"(0.4768939393939393, 1.0)",6,2938
"(0.2712121212121212, 1.0)",3,2941
"(0.2522727272727272, 1.0)",2,2943
"(0.4681818181818182, 1.0)",6,2949
"(0.2174242424242424, 1.0)",3,2952
"(0.2977272727272727, 1.0)",6,2958
"(0.4106060606060606, 1.0)",6,2964
"(0.3916666666666666, 1.0)",6,2970
"(0.409469696969697, 1.0)",6,2976
"(0.5647727272727273, 1.0)",3,2979
"(0.4753787878787879, 1.0)",13,2992
"(0.4767441860465116, 1.0)",1,2993
"(0.2803030303030303, 1.0)",14,3007
"(0.4208333333333333, 1.0)",10,3017
"(0.3814393939393939, 1.0)",25,3042
"(0.656439393939394, 1.0)",29,3071
"(0.2454545454545454, 1.0)",7,3078
"(0.4049242424242424, 1.0)",11,3089
"(0.5950757575757576, 1.0)",27,3116
"(0.4132575757575757, 1.0)",12,3128
"(0.4909090909090909, 1.0)",3,3131
"(0.2265151515151515, 1.0)",6,3137
"(0.2943181818181818, 1.0)",7,3144
"(0.5037878787878788, 1.0)",28,3172
"(0.4602272727272727, 1.0)",10,3182
"(0.5106060606060606, 1.0)",11,3193
"(0.4284090909090909, 1.0)",3,3196
"(0.2590909090909091, 1.0)",5,3201
"(0.4079545454545454, 1.0)",16,3217
"(0.2784090909090909, 1.0)",10,3227
"(0.5356060606060606, 1.0)",10,3237
"(0.209090909090909, 1.0)",8,3245
"(0.2742424242424242, 1.0)",5,3250
"(0.6166666666666667, 1.0)",36,3286
"(0.4439393939393939, 1.0)",6,3292
"(0.4659090909090909, 1.0)",21,3313
"(0.5265151515151515, 1.0)",34,3347
"(0.4181818181818181, 1.0)",3,3350
"(0.4992424242424242, 1.0)",3,3353
"(0.4825757575757576, 1.0)",18,3371
"(0.5863636363636363, 1.0)",29,3400
"(0.7209302325581395, 1.0)",2,3402
"(0.3953488372093023, 1.0)",1,3403
"(0.3844696969696969, 1.0)",10,3413
"(0.4257575757575758, 1.0)",3,3416
"(0.365530303030303, 1.0)",6,3422
"(0.3617424242424242, 1.0)",3,3425
"(0.5503787878787879, 1.0)",6,3431
"(0.3321969696969697, 1.0)",8,3439
"(0.4496212121212121, 1.0)",9,3448
"(0.2477272727272727, 1.0)",6,3454
"(0.740530303030303, 1.0)",6,3460
"(0.4329545454545455, 1.0)",9,3469
"(0.2329545454545454, 1.0)",3,3472
"(0.5056818181818182, 1.0)",3,3475
"(0.696969696969697, 1.0)",6,3481
"(0.6825757575757576, 1.0)",6,3487
"(0.4193181818181818, 1.0)",6,3493
"(0.2393939393939393, 1.0)",5,3498
"(0.3106060606060606, 1.0)",6,3504
"(0.4340909090909091, 1.0)",17,3521
"(0.2412878787878788, 1.0)",6,3527
"(0.5886363636363636, 1.0)",6,3533
"(0.6931818181818182, 1.0)",5,3538
"(0.4742424242424242, 1.0)",6,3544
"(0.2147727272727272, 1.0)",6,3550
"(0.3518939393939393, 1.0)",6,3556
"(0.7659090909090909, 1.0)",5,3561
"(0.3996212121212121, 1.0)",6,3567
"(0.4814393939393939, 1.0)",9,3576
"(0.6909090909090909, 1.0)",6,3582
"(0.443560606060606, 1.0)",12,3594
"(0.6659090909090909, 1.0)",6,3600
"(0.4223484848484848, 1.0)",6,3606
"(0.2761363636363636, 1.0)",5,3611
"(0.3375, 1.0)",5,3616
"(0.4727272727272727, 1.0)",6,3622
"(0.4621212121212121, 1.0)",14,3636
"(0.4863636363636364, 1.0)",3,3639
"(0.5367424242424242, 1.0)",6,3645
"(0.490530303030303, 1.0)",6,3651
"(0.3348484848484848, 1.0)",6,3657
"(0.5178030303030303, 1.0)",3,3660
"(0.5189393939393939, 1.0)",9,3669
"(0.4276515151515151, 1.0)",11,3680
"(0.52125, 1.0)",3,3683
"(0.2564393939393939, 1.0)",3,3686
"(0.51, 1.0)",16,3702
"(0.4651515151515151, 1.0)",4,3706
"(0.5022727272727273, 1.0)",7,3713
"(0.5299242424242424, 1.0)",12,3725
"(0.3602272727272727, 1.0)",6,3731
"(0.3549242424242424, 1.0)",6,3737
"(0.4643939393939394, 1.0)",6,3743
"(0.5231060606060606, 1.0)",6,3749
"(0.3382575757575757, 1.0)",6,3755
"(0.6181818181818182, 1.0)",6,3761
"(0.3939393939393939, 1.0)",3,3764
"(0.4772727272727273, 1.0)",3,3767
"(0.5053030303030303, 1.0)",3,3770
"(0.2253787878787878, 1.0)",6,3776
"(0.4803030303030303, 1.0)",8,3784
"(0.4458333333333333, 1.0)",6,3790
"(0.5852272727272727, 1.0)",6,3796
"(0.5628787878787879, 1.0)",6,3802
"(0.2488636363636363, 1.0)",6,3808
"(0.2196969696969697, 1.0)",6,3814
"(0.4806818181818181, 1.0)",6,3820
"(0.3053030303030303, 1.0)",6,3826
"(0.6189393939393939, 1.0)",6,3832
"(0.381060606060606, 1.0)",3,3835
"(0.4859848484848484, 1.0)",6,3841
"(0.2458333333333333, 1.0)",5,3846
"(0.3534090909090909, 1.0)",13,3859
"(0.5746212121212121, 1.0)",6,3865
"(0.2981060606060606, 1.0)",11,3876
"(0.3678030303030303, 1.0)",32,3908
"(0.4651162790697674, 1.0)",31,3939
"(0.4348484848484849, 1.0)",3,3942
"(0.2553030303030303, 1.0)",15,3957
"(0.3325757575757576, 1.0)",8,3965
"(0.368560606060606, 1.0)",9,3974
"(0.4087121212121212, 1.0)",31,4005
"(0.4204545454545454, 1.0)",14,4019
"(0.5454545454545454, 1.0)",35,4054
"(0.2295454545454545, 1.0)",30,4084
"(0.2356060606060606, 1.0)",11,4095
"(0.3484848484848485, 1.0)",12,4107
"(0.3575757575757576, 1.0)",28,4135
"(0.5272727272727272, 1.0)",29,4164
"(0.6799242424242424, 1.0)",29,4193
"(0.2102272727272727, 1.0)",8,4201
"(0.2424242424242424, 1.0)",30,4231
"(0.3632575757575758, 1.0)",15,4246
"(0.4356060606060606, 1.0)",14,4260
"(0.4178030303030303, 1.0)",10,4270
"(0.5602272727272727, 1.0)",30,4300
"(0.2579545454545454, 1.0)",9,4309
"(0.3143939393939394, 1.0)",3,4312
"(0.431060606060606, 1.0)",14,4326
"(0.7212121212121212, 1.0)",30,4356
"(0.6215909090909091, 1.0)",3,4359
"(0.3731060606060606, 1.0)",11,4370
"(0.6268939393939394, 1.0)",27,4397
"(0.4268939393939394, 1.0)",13,4410
"(0.5537878787878788, 1.0)",28,4438
"(0.5371212121212121, 1.0)",30,4468
"(0.7477272727272727, 1.0)",30,4498
"(0.3681818181818181, 1.0)",34,4532
"(0.6685606060606061, 1.0)",27,4559
"(0.5232558139534884, 1.0)",4,4563
"(0.9791666666666666, 1.0)",30,4593
"(0.4871794871794871, 1.0)",4,4597
"(0.4358974358974359, 1.0)",8,4605
"(0.1666666666666666, 1.0)",7,4612
"(0.2051282051282051, 1.0)",4,4616
"(0.3461538461538461, 1.0)",4,4620
"(0.6794871794871795, 1.0)",27,4647
"(0.7307692307692307, 1.0)",25,4672
"(0.717948717948718, 1.0)",9,4681
"(0.8205128205128205, 1.0)",8,4689
"(0.7435897435897436, 1.0)",13,4702
"(0.8717948717948718, 1.0)",9,4711
"(0.9083333333333332, 1.0)",4,4715
"(0.5555555555555556, 1.0)",4,4719
"(0.6744186046511628, 1.0)",5,4724
"(0.7708333333333334, 1.0)",28,4752
"(0.7692307692307693, 1.0)",7,4759
"(0.7564102564102564, 1.0)",3,4762
"(0.5581395348837209, 1.0)",1,4763
"(0.48875, 1.0)",7,4770
"(0.49375, 1.0)",27,4797
"(0.8458333333333333, 1.0)",6,4803
"(0.50875, 1.0)",18,4821
"(0.5117424242424242, 1.0)",3,4824
"(0.4825, 1.0)",9,4833
"(0.3604651162790697, 1.0)",2,4835
"(0.6511627906976745, 1.0)",1,4836
"(0.6284090909090909, 1.0)",26,4862
"(0.4462121212121212, 1.0)",32,4894
"(0.48625, 1.0)",3,4897
"(0.7439393939393939, 1.0)",31,4928
"(0.6117424242424242, 1.0)",29,4957
"(0.4856060606060606, 1.0)",30,4987
"(0.4731060606060606, 1.0)",27,5014
"(0.4109848484848485, 1.0)",16,5030
"(0.3496212121212121, 1.0)",5,5035
"(0.4931818181818181, 1.0)",29,5064
"(0.5329545454545455, 1.0)",24,5088
"(0.4083333333333333, 1.0)",30,5118
"(0.3393939393939394, 1.0)",7,5125
"(0.4053030303030303, 1.0)",11,5136
"(0.325, 1.0)",3,5139
"(0.4897727272727272, 1.0)",31,5170
"(0.5318181818181819, 1.0)",6,5176
"(0.2893939393939393, 1.0)",10,5186
"(0.5890151515151515, 1.0)",12,5198
"(0.3579545454545454, 1.0)",9,5207
"(0.4314393939393939, 1.0)",2,5209
"(0.4799242424242424, 1.0)",25,5234
"(0.4242424242424242, 1.0)",10,5244
"(0.5871212121212122, 1.0)",38,5282
"(0.4428030303030303, 1.0)",11,5293
"(0.2856060606060606, 1.0)",11,5304
"(0.5280303030303031, 1.0)",30,5334
"(0.2401515151515151, 1.0)",9,5343
"(0.4382575757575757, 1.0)",6,5349
"(0.4556818181818182, 1.0)",14,5363
"(0.4647727272727273, 1.0)",30,5393
"(0.6954545454545454, 1.0)",27,5420
"(0.3920454545454545, 1.0)",11,5431
"(0.456060606060606, 1.0)",13,5444
"(0.6446969696969697, 1.0)",30,5474
"(0.4378787878787878, 1.0)",13,5487
"(0.4617424242424242, 1.0)",31,5518
"(0.3875, 1.0)",14,5532
"(0.4890151515151515, 1.0)",14,5546
"(0.825, 1.0)",1,5547
"(0.2568181818181818, 1.0)",2,5549
"(0.3333333333333333, 1.0)",2,5551
"(0.5257575757575758, 1.0)",19,5570
"(0.4662878787878788, 1.0)",29,5599
"(0.5428030303030303, 1.0)",31,5630
"(0.709469696969697, 1.0)",28,5658
"(0.4848484848484848, 1.0)",32,5690
"(0.2431818181818182, 1.0)",29,5719
"(0.49625, 1.0)",2,5721
"(0.3117424242424242, 1.0)",30,5751
"(0.4469696969696969, 1.0)",8,5759
"(0.3223484848484848, 1.0)",9,5768
"(0.440530303030303, 1.0)",10,5778
"(0.4689393939393939, 1.0)",56,5834
"(0.228030303030303, 1.0)",20,5854
"(0.6481060606060606, 1.0)",29,5883
"(0.271969696969697, 1.0)",14,5897
"(0.4867424242424242, 1.0)",1,5898
"(0.3102272727272727, 1.0)",11,5909
"(0.4003787878787879, 1.0)",12,5921
"(0.3431818181818182, 1.0)",14,5935
"(0.4234848484848484, 1.0)",28,5963
"(0.3318181818181818, 1.0)",21,5984
"(0.6829545454545455, 1.0)",28,6012
"(0.4068181818181818, 1.0)",8,6020
"(0.4886363636363636, 1.0)",29,6049
"(0.4174242424242424, 1.0)",7,6056
"(0.7325757575757575, 1.0)",26,6082
"(0.1859848484848484, 1.0)",10,6092
"(0.6045454545454545, 1.0)",3,6095
"(0.3954545454545454, 1.0)",14,6109
"(0.3401515151515151, 1.0)",31,6140
"(0.475, 1.0)",6,6146
"(0.4333333333333333, 1.0)",7,6153
"(0.7166666666666667, 1.0)",747,6900
"(0.6833333333333333, 1.0)",200,7100
"(0.8166666666666667, 1.0)",1044,8144
"(0.7666666666666667, 1.0)",614,8758
"(0.8055555555555556, 1.0)",306,9064
"(0.875, 1.0)",289,9353
"(0.8, 1.0)",884,10237
"(0.7833333333333333, 1.0)",426,10663
"(0.8666666666666667, 1.0)",1819,12482
"(0.3583333333333333, 1.0)",9,12491
"(0.95, 1.0)",1618,14109
"(0.9444444444444444, 1.0)",473,14582
"(0.6666666666666666, 1.0)",176,14758
"(0.6111111111111112, 1.0)",54,14812
"(0.9, 1.0)",1805,16617
"(0.7, 1.0)",190,16807
"(0.85, 1.0)",1477,18284
"(0.9333333333333332, 1.0)",1833,20117
"(0.8333333333333334, 1.0)",2025,22142
"(0.7777777777777778, 1.0)",274,22416
"(0.9027777777777778, 1.0)",446,22862
"(0.7638888888888888, 1.0)",263,23125
"(0.8611111111111112, 1.0)",512,23637
"(0.5512820512820513, 1.0)",5,23642
"(0.625, 1.0)",77,23719
"(0.7222222222222222, 1.0)",103,23822
"(0.4487179487179487, 1.0)",11,23833
"(0.8472222222222222, 1.0)",334,24167
"(0.525, 1.0)",6,24173
"(0.7948717948717948, 1.0)",1,24174
"(0.9305555555555556, 1.0)",525,24699
"(0.7083333333333334, 1.0)",370,25069
"(0.5813953488372093, 1.0)",1,25070
"(0.6944444444444444, 1.0)",153,25223
"(0.7916666666666666, 1.0)",169,25392
"(0.8194444444444444, 1.0)",553,25945
"(0.8791666666666667, 1.0)",1,25946
"(0.9583333333333334, 1.0)",275,26221
"(0.8888888888888888, 1.0)",397,26618
"(0.7361111111111112, 1.0)",180,26798
"(0.7333333333333333, 1.0)",716,27514
"(0.9833333333333332, 1.0)",1814,29328
"(0.9208333333333332, 1.0)",9,29337
"(0.5972222222222222, 1.0)",59,29396
"(0.7906976744186046, 1.0)",35,29431
"(0.51875, 1.0)",7,29438
"(0.627906976744186, 1.0)",22,29460
"(0.5116279069767442, 1.0)",6,29466
"(0.7558139534883721, 1.0)",8,29474
"(0.9186046511627908, 1.0)",59,29533
"(0.5025, 1.0)",6,29539
"(0.8916666666666667, 1.0)",2,29541
"(0.8953488372093024, 1.0)",29,29570
"(0.7518939393939394, 1.0)",1,29571
"(0.4883720930232558, 1.0)",26,29597
"(0.872093023255814, 1.0)",73,29670
"(0.8372093023255814, 1.0)",34,29704
"(0.7674418604651163, 1.0)",54,29758
"(0.49875, 1.0)",9,29767
"(0.7441860465116279, 1.0)",26,29793
"(0.9722222222222222, 1.0)",76,29869
"(0.5930232558139535, 1.0)",21,29890
"(0.505, 1.0)",11,29901
"(0.9166666666666666, 1.0)",2216,32117
"(0.8833333333333333, 1.0)",2130,34247
"(1.0, 1.0)",2447,36694
"(0.75, 1.0)",840,37534
"(0.4674242424242424, 1.0)",33,37567
"(0.9666666666666668, 1.0)",1730,39297
"(0.8255813953488372, 1.0)",62,39359
"(0.8488372093023255, 1.0)",38,39397
"(0.6162790697674418, 1.0)",47,39444
"(0.5277777777777778, 1.0)",11,39455
"(0.5431818181818182, 1.0)",4,39459
"(0.6805555555555556, 1.0)",65,39524
"(0.8604651162790697, 1.0)",38,39562
"(0.686046511627907, 1.0)",5,39567
"(0.4257575757575758, 0.999621212121212)",3,39570
"(0.2943181818181818, 0.999621212121212)",1,39571
"(0.5053030303030303, 0.999621212121212)",3,39574
"(0.4132575757575757, 0.999621212121212)",6,39580
"(0.4378787878787878, 0.999621212121212)",5,39585
"(0.2401515151515151, 0.999621212121212)",4,39589
"(0.2579545454545454, 0.999621212121212)",4,39593
"(0.7518939393939394, 0.999621212121212)",1,39594
"(0.3939393939393939, 0.999621212121212)",2,39596
"(0.3473484848484848, 0.999621212121212)",2,39598
"(0.368560606060606, 0.999621212121212)",9,39607
"(0.4636363636363636, 0.999621212121212)",1,39608
"(0.2356060606060606, 0.999621212121212)",8,39616
"(0.5378787878787878, 0.999621212121212)",2,39618
"(0.4333333333333333, 0.999621212121212)",3,39621
"(0.4579545454545454, 0.999621212121212)",7,39628
"(0.5257575757575758, 0.999621212121212)",5,39633
"(0.3102272727272727, 0.999621212121212)",3,39636
"(0.6575757575757576, 0.999621212121212)",3,39639
"(0.6113636363636363, 0.999621212121212)",3,39642
"(0.209090909090909, 0.999621212121212)",13,39655
"(0.5450757575757575, 0.999621212121212)",2,39657
"(0.2431818181818182, 0.999621212121212)",1,39658
"(0.6829545454545455, 0.999621212121212)",2,39660
"(0.4931818181818181, 0.999621212121212)",2,39662
"(0.4003787878787879, 0.999621212121212)",2,39664
"(0.5022727272727273, 0.999621212121212)",1,39665
"(0.2856060606060606, 0.999621212121212)",8,39673
"(0.5458333333333333, 0.999621212121212)",2,39675
"(0.5537878787878788, 0.999621212121212)",1,39676
"(0.3916666666666666, 0.999621212121212)",3,39679
"(0.2712121212121212, 0.999621212121212)",3,39682
"(0.2428030303030303, 0.999621212121212)",3,39685
"(0.5329545454545455, 0.999621212121212)",4,39689
"(0.4068181818181818, 0.999621212121212)",11,39700
"(0.4814393939393939, 0.999621212121212)",3,39703
"(0.6685606060606061, 0.999621212121212)",1,39704
"(0.3731060606060606, 0.999621212121212)",9,39713
"(0.4109848484848485, 0.999621212121212)",4,39717
"(0.4556818181818182, 0.999621212121212)",10,39727
"(0.3814393939393939, 0.999621212121212)",14,39741
"(0.4825757575757576, 0.999621212121212)",2,39743
"(0.3678030303030303, 0.999621212121212)",12,39755
"(0.440530303030303, 0.999621212121212)",12,39767
"(0.484469696969697, 0.999621212121212)",3,39770
"(0.5356060606060606, 0.999621212121212)",9,39779
"(0.4276515151515151, 0.999621212121212)",10,39789
"(0.3556818181818181, 0.999621212121212)",4,39793
"(0.2488636363636363, 0.999621212121212)",5,39798
"(0.4223484848484848, 0.999621212121212)",3,39801
"(0.4674242424242424, 0.999621212121212)",1,39802
"(0.4553030303030303, 0.999621212121212)",1,39803
"(0.4428030303030303, 0.999621212121212)",9,39812
"(0.3583333333333333, 0.999621212121212)",7,39819
"(0.543939393939394, 0.999621212121212)",4,39823
"(0.3579545454545454, 0.999621212121212)",7,39830
"(0.509469696969697, 0.999621212121212)",3,39833
"(0.4469696969696969, 0.999621212121212)",16,39849
"(0.381060606060606, 0.999621212121212)",3,39852
"(0.4431818181818182, 0.999621212121212)",6,39858
"(0.2208333333333333, 0.999621212121212)",6,39864
"(0.6681818181818182, 0.999621212121212)",1,39865
"(0.2329545454545454, 0.999621212121212)",3,39868
"(0.4890151515151515, 0.999621212121212)",5,39873
"(0.4606060606060606, 0.999621212121212)",3,39876
"(0.4268939393939394, 0.999621212121212)",4,39880
"(0.5412878787878788, 0.999621212121212)",1,39881
"(0.4178030303030303, 0.999621212121212)",8,39889
"(0.2352272727272727, 0.999621212121212)",7,39896
"(0.525, 0.999621212121212)",6,39902
"(0.6503787878787879, 0.999621212121212)",1,39903
"(0.3844696969696969, 0.999621212121212)",5,39908
"(0.4083333333333333, 0.999621212121212)",1,39909
"(0.3484848484848485, 0.999621212121212)",9,39918
"(0.4678030303030303, 0.999621212121212)",1,39919
"(0.3174242424242424, 0.999621212121212)",5,39924
"(0.465530303030303, 0.999621212121212)",10,39934
"(0.5113636363636364, 0.999621212121212)",1,39935
"(0.5371212121212121, 0.999621212121212)",1,39936
"(0.2102272727272727, 0.999621212121212)",4,39940
"(0.4723484848484848, 0.999621212121212)",2,39942
"(0.5768939393939394, 0.999621212121212)",1,39943
"(0.2492424242424242, 0.999621212121212)",2,39945
"(0.2981060606060606, 0.999621212121212)",5,39950
"(0.4291666666666666, 0.999621212121212)",2,39952
"(0.4018939393939394, 0.999621212121212)",2,39954
"(0.453030303030303, 0.999621212121212)",1,39955
"(0.4621212121212121, 0.999621212121212)",6,39961
"(0.5079545454545454, 0.999621212121212)",1,39962
"(0.2511363636363636, 0.999621212121212)",1,39963
"(0.6231060606060606, 0.999621212121212)",1,39964
"(0.4549242424242424, 0.999621212121212)",2,39966
"(0.478030303030303, 0.999621212121212)",3,39969
"(0.4053030303030303, 0.999621212121212)",2,39971
"(0.5454545454545454, 0.999621212121212)",1,39972
"(0.7246212121212121, 0.999621212121212)",2,39974
"(0.4382575757575757, 0.999621212121212)",3,39977
"(0.3393939393939394, 0.999621212121212)",8,39985
"(0.2454545454545454, 0.999621212121212)",9,39994
"(0.2462121212121212, 0.999621212121212)",1,39995
"(0.4465909090909091, 0.999621212121212)",1,39996
"(0.5344696969696969, 0.999621212121212)",1,39997
"(0.4901515151515151, 0.999621212121212)",1,39998
"(0.5912878787878788, 0.999621212121212)",1,39999
"(0.4450757575757575, 0.999621212121212)",1,40000
"(0.4996212121212121, 0.999621212121212)",2,40002
"(0.3401515151515151, 0.999621212121212)",1,40003
"(0.4371212121212121, 0.999621212121212)",1,40004
"(0.3295454545454545, 0.999621212121212)",1,40005
"(0.3666666666666666, 0.999621212121212)",2,40007
"(0.4617424242424242, 0.999621212121212)",2,40009
"(0.5333333333333333, 0.999621212121212)",11,40020
"(0.3776515151515151, 0.999621212121212)",1,40021
"(0.5321969696969697, 0.999621212121212)",1,40022
"(0.4477272727272727, 0.999621212121212)",1,40023
"(0.5265151515151515, 0.999621212121212)",1,40024
"(0.7007575757575758, 0.999621212121212)",1,40025
"(0.4234848484848484, 0.999621212121212)",1,40026
"(0.5208333333333334, 0.999621212121212)",1,40027
"(0.4265151515151515, 0.999621212121212)",1,40028
"(0.281060606060606, 0.999621212121212)",1,40029
"(0.3560606060606061, 0.999621212121212)",4,40033
"(0.4545454545454545, 0.999621212121212)",3,40036
"(0.7428030303030303, 0.999621212121212)",1,40037
"(0.809469696969697, 0.999621212121212)",1,40038
"(0.5545454545454546, 0.999621212121212)",1,40039
"(0.3681818181818181, 0.999621212121212)",1,40040
"(0.5106060606060606, 0.999621212121212)",3,40043
"(0.456060606060606, 0.999621212121212)",6,40049
"(0.7136363636363636, 0.999621212121212)",1,40050
"(0.4515151515151515, 0.999621212121212)",1,40051
"(0.6041666666666666, 0.999621212121212)",2,40053
"(0.3159090909090909, 0.999621212121212)",4,40057
"(0.3318181818181818, 0.999621212121212)",6,40063
"(0.2996212121212121, 0.999621212121212)",1,40064
"(0.353030303030303, 0.999621212121212)",3,40067
"(0.2935606060606061, 0.999621212121212)",1,40068
"(0.7303030303030303, 0.999621212121212)",1,40069
"(0.7477272727272727, 0.999621212121212)",1,40070
"(0.4534090909090909, 0.999621212121212)",1,40071
"(0.5034090909090909, 0.999621212121212)",1,40072
"(0.459469696969697, 0.999621212121212)",5,40077
"(0.5875, 0.999621212121212)",1,40078
"(0.5189393939393939, 0.999621212121212)",1,40079
"(0.7178030303030303, 0.999621212121212)",1,40080
"(0.765530303030303, 0.999621212121212)",1,40081
"(0.531060606060606, 0.999621212121212)",3,40084
"(0.5295454545454545, 0.999621212121212)",1,40085
"(0.4238636363636364, 0.999621212121212)",1,40086
"(0.2893939393939393, 0.999621212121212)",12,40098
"(0.709469696969697, 0.999621212121212)",2,40100
"(0.4939393939393939, 0.999621212121212)",1,40101
"(0.4943181818181818, 0.999621212121212)",1,40102
"(0.2196969696969697, 0.999621212121212)",3,40105
"(0.3632575757575758, 0.999621212121212)",3,40108
"(0.5121212121212121, 0.999621212121212)",1,40109
"(0.2446969696969697, 0.999621212121212)",6,40115
"(0.431060606060606, 0.999621212121212)",13,40128
"(0.4583333333333333, 0.999621212121212)",1,40129
"(0.3325757575757576, 0.999621212121212)",10,40139
"(0.228030303030303, 0.999621212121212)",19,40158
"(0.4909090909090909, 0.999621212121212)",3,40161
"(0.4518939393939394, 0.999621212121212)",1,40162
"(0.3954545454545454, 0.999621212121212)",6,40168
"(0.4651515151515151, 0.999621212121212)",1,40169
"(0.4087121212121212, 0.999621212121212)",1,40170
"(0.271969696969697, 0.999621212121212)",8,40178
"(0.6481060606060606, 0.999621212121212)",1,40179
"(0.4204545454545454, 0.999621212121212)",12,40191
"(0.4590909090909091, 0.999621212121212)",6,40197
"(0.4174242424242424, 0.999621212121212)",5,40202
"(0.4863636363636364, 0.999621212121212)",3,40205
"(0.3431818181818182, 0.999621212121212)",3,40208
"(0.2412878787878788, 0.999621212121212)",3,40211
"(0.4571969696969697, 0.999621212121212)",11,40222
"(0.4496212121212121, 0.999621212121212)",9,40231
"(0.4284090909090909, 0.999621212121212)",3,40234
"(0.3409090909090909, 0.999621212121212)",6,40240
"(0.6068181818181818, 0.999621212121212)",1,40241
"(0.4462121212121212, 0.999621212121212)",14,40255
"(0.4795454545454545, 0.999621212121212)",3,40258
"(0.5303030303030303, 0.999621212121212)",3,40261
"(0.2696969696969697, 0.999621212121212)",6,40267
"(0.2564393939393939, 0.999621212121212)",6,40273
"(0.4659090909090909, 0.999621212121212)",1,40274
"(0.3496212121212121, 0.999621212121212)",4,40278
"(0.5428030303030303, 0.999621212121212)",6,40284
"(0.2803030303030303, 0.999621212121212)",3,40287
"(0.5606060606060606, 0.999621212121212)",2,40289
"(0.5443181818181818, 0.999621212121212)",3,40292
"(0.4359848484848485, 0.999621212121212)",10,40302
"(0.6799242424242424, 0.999621212121212)",2,40304
"(0.3992424242424242, 0.999621212121212)",1,40305
"(0.1859848484848484, 0.999621212121212)",3,40308
"(0.4507575757575757, 0.999621212121212)",5,40313
"(0.2977272727272727, 0.999621212121212)",3,40316
"(0.4965909090909091, 0.999621212121212)",1,40317
"(0.2704545454545454, 0.999621212121212)",8,40325
"(0.343560606060606, 0.999621212121212)",4,40329
"(0.6045454545454545, 0.999621212121212)",3,40332
"(0.4253787878787878, 0.999621212121212)",10,40342
"(0.5431818181818182, 0.999621212121212)",11,40353
"(0.6284090909090909, 0.999621212121212)",1,40354
"(0.3534090909090909, 0.999621212121212)",6,40360
"(0.4715909090909091, 0.999621212121212)",1,40361
"(0.3746212121212121, 0.999621212121212)",3,40364
"(0.4992424242424242, 0.999621212121212)",3,40367
"(0.3537878787878787, 0.999621212121212)",4,40371
"(0.5481060606060606, 0.999621212121212)",8,40379
"(0.6215909090909091, 0.999621212121212)",6,40385
"(0.4537878787878788, 0.999621212121212)",1,40386
"(0.2784090909090909, 0.999621212121212)",15,40401
"(0.3371212121212121, 0.999621212121212)",5,40406
"(0.3875, 0.999621212121212)",8,40414
"(0.4689393939393939, 0.999621212121212)",2,40416
"(0.4837121212121212, 0.999621212121212)",1,40417
"(0.4049242424242424, 0.999621212121212)",9,40426
"(0.5166666666666667, 0.999621212121212)",3,40429
"(0.4348484848484849, 0.999621212121212)",3,40432
"(0.5287878787878788, 0.999621212121212)",4,40436
"(0.296969696969697, 0.999621212121212)",5,40441
"(0.4079545454545454, 0.999621212121212)",4,40445
"(0.6446969696969697, 0.999621212121212)",1,40446
"(0.5056818181818182, 0.999621212121212)",3,40449
"(0.4314393939393939, 0.999621212121212)",3,40452
"(0.4632575757575757, 0.999621212121212)",1,40453
"(0.2553030303030303, 0.999621212121212)",6,40459
"(0.5098484848484849, 0.999621212121212)",3,40462
"(0.4340909090909091, 0.999621212121212)",4,40466
"(0.6954545454545454, 0.999621212121212)",1,40467
"(0.4602272727272727, 0.999621212121212)",2,40469
"(0.3920454545454545, 0.999621212121212)",4,40473
"(0.4784090909090909, 0.999621212121212)",2,40475
"(0.4356060606060606, 0.999621212121212)",6,40481
"(0.2568181818181818, 0.999621212121212)",5,40486
"(0.2174242424242424, 0.999621212121212)",3,40489
"(0.5446969696969697, 0.999621212121212)",3,40492
"(0.4693181818181818, 0.999621212121212)",2,40494
"(0.4753787878787879, 0.999621212121212)",13,40507
"(0.3223484848484848, 0.999621212121212)",7,40514
"(0.4443181818181818, 0.999621212121212)",3,40517
"(0.4799242424242424, 0.999621212121212)",6,40523
"(0.3041666666666666, 0.999621212121212)",3,40526
"(0.4871212121212121, 0.999621212121212)",1,40527
"(0.5348484848484848, 0.9992424242424244)",1,40528
"(0.3481060606060606, 0.9992424242424244)",1,40529
"(0.456060606060606, 0.9992424242424244)",2,40531
"(0.4492424242424242, 0.9992424242424244)",1,40532
"(0.4890151515151515, 0.9992424242424244)",9,40541
"(0.4617424242424242, 0.9992424242424244)",10,40551
"(0.4375, 0.9992424242424244)",1,40552
"(0.4178030303030303, 0.9992424242424244)",5,40557
"(0.2776515151515151, 0.9992424242424244)",3,40560
"(0.5890151515151515, 0.9992424242424244)",5,40565
"(0.3617424242424242, 0.9992424242424244)",3,40568
"(0.4549242424242424, 0.9992424242424244)",1,40569
"(0.2174242424242424, 0.9992424242424244)",3,40572
"(0.4257575757575758, 0.9992424242424244)",3,40575
"(0.4291666666666666, 0.9992424242424244)",13,40588
"(0.5053030303030303, 0.9992424242424244)",3,40591
"(0.5208333333333334, 0.9992424242424244)",1,40592
"(0.5848484848484848, 0.9992424242424244)",1,40593
"(0.4087121212121212, 0.9992424242424244)",2,40595
"(0.7007575757575758, 0.9992424242424244)",1,40596
"(0.5189393939393939, 0.9992424242424244)",4,40600
"(0.8212121212121212, 0.9992424242424244)",1,40601
"(0.6053030303030303, 0.9992424242424244)",1,40602
"(0.4659090909090909, 0.9992424242424244)",5,40607
"(0.4651515151515151, 0.9992424242424244)",4,40611
"(0.5325757575757576, 0.9992424242424244)",4,40615
"(0.3579545454545454, 0.9992424242424244)",5,40620
"(0.4102272727272727, 0.9992424242424244)",1,40621
"(0.5458333333333333, 0.9992424242424244)",2,40623
"(0.4784090909090909, 0.9992424242424244)",2,40625
"(0.6041666666666666, 0.9992424242424244)",1,40626
"(0.5098484848484849, 0.9992424242424244)",6,40632
"(0.4359848484848485, 0.9992424242424244)",11,40643
"(0.4992424242424242, 0.9992424242424244)",3,40646
"(0.3223484848484848, 0.9992424242424244)",6,40652
"(0.4621212121212121, 0.9992424242424244)",5,40657
"(0.3681818181818181, 0.9992424242424244)",3,40660
"(0.4204545454545454, 0.9992424242424244)",1,40661
"(0.4636363636363636, 0.9992424242424244)",3,40664
"(0.4515151515151515, 0.9992424242424244)",7,40671
"(0.734469696969697, 0.9992424242424244)",1,40672
"(0.253030303030303, 0.9992424242424244)",1,40673
"(0.3041666666666666, 0.9992424242424244)",3,40676
"(0.5287878787878788, 0.9992424242424244)",8,40684
"(0.5875, 0.9992424242424244)",1,40685
"(0.459469696969697, 0.9992424242424244)",4,40689
"(0.7246212121212121, 0.9992424242424244)",2,40691
"(0.3768939393939394, 0.9992424242424244)",2,40693
"(0.3954545454545454, 0.9992424242424244)",1,40694
"(0.6147727272727272, 0.9992424242424244)",1,40695
"(0.3746212121212121, 0.9992424242424244)",3,40698
"(0.4579545454545454, 0.9992424242424244)",6,40704
"(0.443560606060606, 0.9992424242424244)",3,40707
"(0.5674242424242424, 0.9992424242424244)",1,40708
"(0.2329545454545454, 0.9992424242424244)",3,40711
"(0.4678030303030303, 0.9992424242424244)",1,40712
"(0.5356060606060606, 0.9992424242424244)",8,40720
"(0.7159090909090909, 0.9992424242424244)",1,40721
"(0.2196969696969697, 0.9992424242424244)",5,40726
"(0.2143939393939394, 0.9992424242424244)",1,40727
"(0.2996212121212121, 0.9992424242424244)",1,40728
"(0.3143939393939394, 0.9992424242424244)",3,40731
"(0.2428030303030303, 0.9992424242424244)",3,40734
"(0.7571969696969697, 0.9992424242424244)",1,40735
"(0.4272727272727272, 0.9992424242424244)",1,40736
"(0.6708333333333333, 0.9992424242424244)",1,40737
"(0.5443181818181818, 0.9992424242424244)",4,40741
"(0.4371212121212121, 0.9992424242424244)",2,40743
"(0.3318181818181818, 0.9992424242424244)",5,40748
"(0.3295454545454545, 0.9992424242424244)",4,40752
"(0.4606060606060606, 0.9992424242424244)",2,40754
"(0.5606060606060606, 0.9992424242424244)",3,40757
"(0.4068181818181818, 0.9992424242424244)",4,40761
"(0.4871212121212121, 0.9992424242424244)",3,40764
"(0.4382575757575757, 0.9992424242424244)",17,40781
"(0.343560606060606, 0.9992424242424244)",4,40785
"(0.525, 0.9992424242424244)",12,40797
"(0.5303030303030303, 0.9992424242424244)",2,40799
"(0.3564393939393939, 0.9992424242424244)",1,40800
"(0.3484848484848485, 0.9992424242424244)",7,40807
"(0.3609848484848484, 0.9992424242424244)",3,40810
"(0.4462121212121212, 0.9992424242424244)",4,40814
"(0.4965909090909091, 0.9992424242424244)",4,40818
"(0.5424242424242425, 0.9992424242424244)",2,40820
"(0.509469696969697, 0.9992424242424244)",1,40821
"(0.4003787878787879, 0.9992424242424244)",8,40829
"(0.4242424242424242, 0.9992424242424244)",6,40835
"(0.2208333333333333, 0.9992424242424244)",6,40841
"(0.2454545454545454, 0.9992424242424244)",4,40845
"(0.296969696969697, 0.9992424242424244)",6,40851
"(0.3371212121212121, 0.9992424242424244)",3,40854
"(0.5337121212121212, 0.9992424242424244)",1,40855
"(0.2431818181818182, 0.9992424242424244)",5,40860
"(0.4132575757575757, 0.9992424242424244)",7,40867
"(0.6575757575757576, 0.9992424242424244)",6,40873
"(0.5431818181818182, 0.9992424242424244)",7,40880
"(0.4333333333333333, 0.9992424242424244)",7,40887
"(0.4731060606060606, 0.9992424242424244)",3,40890
"(0.5257575757575758, 0.9992424242424244)",6,40896
"(0.478030303030303, 0.9992424242424244)",2,40898
"(0.2742424242424242, 0.9992424242424244)",3,40901
"(0.4340909090909091, 0.9992424242424244)",12,40913
"(0.4602272727272727, 0.9992424242424244)",7,40920
"(0.271969696969697, 0.9992424242424244)",6,40926
"(0.3844696969696969, 0.9992424242424244)",3,40929
"(0.3920454545454545, 0.9992424242424244)",4,40933
"(0.3632575757575758, 0.9992424242424244)",11,40944
"(0.365530303030303, 0.9992424242424244)",3,40947
"(0.4825757575757576, 0.9992424242424244)",4,40951
"(0.2803030303030303, 0.9992424242424244)",8,40959
"(0.3496212121212121, 0.9992424242424244)",9,40968
"(0.4125, 0.9992424242424244)",3,40971
"(0.3814393939393939, 0.9992424242424244)",10,40981
"(0.4799242424242424, 0.9992424242424244)",3,40984
"(0.2522727272727272, 0.9992424242424244)",3,40987
"(0.2553030303030303, 0.9992424242424244)",5,40992
"(0.5647727272727273, 0.9992424242424244)",3,40995
"(0.3325757575757576, 0.9992424242424244)",11,41006
"(0.3159090909090909, 0.9992424242424244)",11,41017
"(0.3583333333333333, 0.9992424242424244)",12,41029
"(0.5481060606060606, 0.9992424242424244)",15,41044
"(0.368560606060606, 0.9992424242424244)",4,41048
"(0.2943181818181818, 0.9992424242424244)",6,41054
"(0.353030303030303, 0.9992424242424244)",1,41055
"(0.2492424242424242, 0.9992424242424244)",1,41056
"(0.4681818181818182, 0.9992424242424244)",4,41060
"(0.2893939393939393, 0.9992424242424244)",4,41064
"(0.4553030303030303, 0.9992424242424244)",1,41065
"(0.3731060606060606, 0.9992424242424244)",7,41072
"(0.3875, 0.9992424242424244)",5,41077
"(0.2401515151515151, 0.9992424242424244)",7,41084
"(0.2579545454545454, 0.9992424242424244)",6,41090
"(0.4378787878787878, 0.9992424242424244)",5,41095
"(0.4276515151515151, 0.9992424242424244)",3,41098
"(0.2352272727272727, 0.9992424242424244)",1,41099
"(0.4431818181818182, 0.9992424242424244)",1,41100
"(0.4496212121212121, 0.9992424242424244)",7,41107
"(0.4674242424242424, 0.9992424242424244)",1,41108
"(0.5333333333333333, 0.9992424242424244)",9,41117
"(0.5034090909090909, 0.9992424242424244)",6,41123
"(0.3174242424242424, 0.9992424242424244)",9,41132
"(0.4571969696969697, 0.9992424242424244)",9,41141
"(0.4079545454545454, 0.9992424242424244)",13,41154
"(0.4568181818181818, 0.9992424242424244)",3,41157
"(0.4803030303030303, 0.9992424242424244)",1,41158
"(0.3473484848484848, 0.9992424242424244)",1,41159
"(0.6375, 0.9992424242424244)",1,41160
"(0.531060606060606, 0.9992424242424244)",1,41161
"(0.5344696969696969, 0.9992424242424244)",4,41165
"(0.809469696969697, 0.9992424242424244)",1,41166
"(0.5329545454545455, 0.9992424242424244)",7,41173
"(0.4556818181818182, 0.9992424242424244)",5,41178
"(0.6068181818181818, 0.9992424242424244)",3,41181
"(0.3602272727272727, 0.9992424242424244)",3,41184
"(0.2696969696969697, 0.9992424242424244)",1,41185
"(0.4284090909090909, 0.9992424242424244)",2,41187
"(0.6685606060606061, 0.9992424242424244)",4,41191
"(0.4609848484848485, 0.9992424242424244)",1,41192
"(0.3534090909090909, 0.9992424242424244)",2,41194
"(0.4356060606060606, 0.9992424242424244)",7,41201
"(0.4469696969696969, 0.9992424242424244)",1,41202
"(0.3401515151515151, 0.9992424242424244)",1,41203
"(0.4253787878787878, 0.9992424242424244)",1,41204
"(0.4477272727272727, 0.9992424242424244)",1,41205
"(0.5454545454545454, 0.9992424242424244)",2,41207
"(0.228030303030303, 0.9992424242424244)",9,41216
"(0.2356060606060606, 0.9992424242424244)",3,41219
"(0.4053030303030303, 0.9992424242424244)",10,41229
"(0.484090909090909, 0.9992424242424244)",1,41230
"(0.4886363636363636, 0.9992424242424244)",2,41232
"(0.2704545454545454, 0.9992424242424244)",11,41243
"(0.4795454545454545, 0.9992424242424244)",3,41246
"(0.709469696969697, 0.9992424242424244)",4,41250
"(0.4863636363636364, 0.9992424242424244)",3,41253
"(0.6481060606060606, 0.9992424242424244)",1,41254
"(0.2981060606060606, 0.9992424242424244)",6,41260
"(0.4428030303030303, 0.9992424242424244)",1,41261
"(0.4507575757575757, 0.9992424242424244)",3,41264
"(0.5950757575757576, 0.9992424242424244)",2,41266
"(0.4583333333333333, 0.9992424242424244)",2,41268
"(0.543939393939394, 0.9992424242424244)",10,41278
"(0.3556818181818181, 0.9992424242424244)",2,41280
"(0.440530303030303, 0.9992424242424244)",3,41283
"(0.4268939393939394, 0.9992424242424244)",4,41287
"(0.3537878787878787, 0.9992424242424244)",6,41293
"(0.4208333333333333, 0.9992424242424244)",1,41294
"(0.656439393939394, 0.9992424242424244)",2,41296
"(0.6337121212121212, 0.9992424242424244)",3,41299
"(0.4613636363636363, 0.9992424242424244)",1,41300
"(0.4518939393939394, 0.9992424242424244)",3,41303
"(0.465530303030303, 0.9992424242424244)",4,41307
"(0.3409090909090909, 0.9992424242424244)",4,41311
"(0.4049242424242424, 0.9992424242424244)",2,41313
"(0.209090909090909, 0.9992424242424244)",1,41314
"(0.4821969696969697, 0.9992424242424244)",1,41315
"(0.5265151515151515, 0.9992424242424244)",1,41316
"(0.4753787878787879, 0.9992424242424244)",1,41317
"(0.431060606060606, 0.9992424242424244)",6,41323
"(0.6113636363636363, 0.9992424242424244)",1,41324
"(0.2102272727272727, 0.9992424242424244)",3,41327
"(0.4867424242424242, 0.9992424242424244)",1,41328
"(0.5871212121212122, 0.9992424242424244)",1,41329
"(0.3666666666666666, 0.9992424242424244)",1,41330
"(0.4109848484848485, 0.9992424242424244)",3,41333
"(0.5106060606060606, 0.9992424242424244)",3,41336
"(0.4689393939393939, 0.9992424242424244)",1,41337
"(0.3431818181818182, 0.9992424242424244)",8,41345
"(0.3992424242424242, 0.9992424242424244)",2,41347
"(0.3678030303030303, 0.9992424242424244)",12,41359
"(0.5378787878787878, 0.9992424242424244)",3,41362
"(0.4174242424242424, 0.9992424242424244)",5,41367
"(0.5272727272727272, 0.9992424242424244)",1,41368
"(0.7325757575757575, 0.9992424242424244)",3,41371
"(0.4647727272727273, 0.9992424242424244)",1,41372
"(0.7518939393939394, 0.9992424242424244)",1,41373
"(0.6166666666666667, 0.9992424242424244)",1,41374
"(0.4534090909090909, 0.9992424242424244)",5,41379
"(0.5022727272727273, 0.9992424242424244)",1,41380
"(0.4943181818181818, 0.9992424242424244)",1,41381
"(0.4083333333333333, 0.9992424242424244)",3,41384
"(0.1859848484848484, 0.9992424242424244)",3,41387
"(0.6284090909090909, 0.9992424242424244)",4,41391
"(0.4265151515151515, 0.9988636363636364)",1,41392
"(0.5132575757575758, 0.9988636363636364)",2,41394
"(0.2579545454545454, 0.9988636363636364)",3,41397
"(0.7159090909090909, 0.9988636363636364)",1,41398
"(0.353030303030303, 0.9988636363636364)",3,41401
"(0.5117424242424242, 0.9988636363636364)",3,41404
"(0.4678030303030303, 0.9988636363636364)",2,41406
"(0.4079545454545454, 0.9988636363636364)",5,41411
"(0.2208333333333333, 0.9988636363636364)",7,41418
"(0.4867424242424242, 0.9988636363636364)",6,41424
"(0.4556818181818182, 0.9988636363636364)",4,41428
"(0.4897727272727272, 0.9988636363636364)",1,41429
"(0.525, 0.9988636363636364)",7,41436
"(0.531060606060606, 0.9988636363636364)",3,41439
"(0.4651515151515151, 0.9988636363636364)",4,41443
"(0.4109848484848485, 0.9988636363636364)",3,41446
"(0.456060606060606, 0.9988636363636364)",10,41456
"(0.5484848484848485, 0.9988636363636364)",1,41457
"(0.459469696969697, 0.9988636363636364)",3,41460
"(0.4617424242424242, 0.9988636363636364)",9,41469
"(0.3537878787878787, 0.9988636363636364)",2,41471
"(0.2943181818181818, 0.9988636363636364)",4,41475
"(0.3666666666666666, 0.9988636363636364)",1,41476
"(0.4291666666666666, 0.9988636363636364)",16,41492
"(0.5034090909090909, 0.9988636363636364)",1,41493
"(0.6621212121212121, 0.9988636363636364)",1,41494
"(0.2352272727272727, 0.9988636363636364)",4,41498
"(0.343560606060606, 0.9988636363636364)",2,41500
"(0.2704545454545454, 0.9988636363636364)",1,41501
"(0.443560606060606, 0.9988636363636364)",3,41504
"(0.3965909090909091, 0.9988636363636364)",1,41505
"(0.4268939393939394, 0.9988636363636364)",5,41510
"(0.2553030303030303, 0.9988636363636364)",3,41513
"(0.4579545454545454, 0.9988636363636364)",1,41514
"(0.4125, 0.9988636363636364)",3,41517
"(0.4431818181818182, 0.9988636363636364)",4,41521
"(0.4621212121212121, 0.9988636363636364)",6,41527
"(0.4359848484848485, 0.9988636363636364)",4,41531
"(0.8007575757575758, 0.9988636363636364)",1,41532
"(0.2712121212121212, 0.9988636363636364)",3,41535
"(0.2784090909090909, 0.9988636363636364)",3,41538
"(0.3431818181818182, 0.9988636363636364)",3,41541
"(0.3992424242424242, 0.9988636363636364)",4,41545
"(0.4943181818181818, 0.9988636363636364)",1,41546
"(0.531439393939394, 0.9988636363636364)",3,41549
"(0.6954545454545454, 0.9988636363636364)",1,41550
"(0.4681818181818182, 0.9988636363636364)",5,41555
"(0.4518939393939394, 0.9988636363636364)",6,41561
"(0.6098484848484849, 0.9988636363636364)",2,41563
"(0.3920454545454545, 0.9988636363636364)",7,41570
"(0.2875, 0.9988636363636364)",1,41571
"(0.471969696969697, 0.9988636363636364)",3,41574
"(0.4890151515151515, 0.9988636363636364)",1,41575
"(0.3534090909090909, 0.9988636363636364)",5,41580
"(0.2488636363636363, 0.9988636363636364)",2,41582
"(0.4087121212121212, 0.9988636363636364)",4,41586
"(0.540530303030303, 0.9988636363636364)",1,41587
"(0.4227272727272727, 0.9988636363636364)",1,41588
"(0.2356060606060606, 0.9988636363636364)",1,41589
"(0.4450757575757575, 0.9988636363636364)",1,41590
"(0.4204545454545454, 0.9988636363636364)",3,41593
"(0.3223484848484848, 0.9988636363636364)",7,41600
"(0.6337121212121212, 0.9988636363636364)",2,41602
"(0.7371212121212121, 0.9988636363636364)",1,41603
"(0.4602272727272727, 0.9988636363636364)",8,41611
"(0.3318181818181818, 0.9988636363636364)",4,41615
"(0.3731060606060606, 0.9988636363636364)",1,41616
"(0.5545454545454546, 0.9988636363636364)",1,41617
"(0.4568181818181818, 0.9988636363636364)",7,41624
"(0.3, 0.9988636363636364)",1,41625
"(0.4662878787878788, 0.9988636363636364)",2,41627
"(0.4462121212121212, 0.9988636363636364)",7,41634
"(0.7200757575757576, 0.9988636363636364)",1,41635
"(0.4821969696969697, 0.9988636363636364)",1,41636
"(0.4772727272727273, 0.9988636363636364)",2,41638
"(0.6166666666666667, 0.9988636363636364)",3,41641
"(0.4689393939393939, 0.9988636363636364)",3,41644
"(0.6446969696969697, 0.9988636363636364)",2,41646
"(0.5443181818181818, 0.9988636363636364)",3,41649
"(0.4753787878787879, 0.9988636363636364)",12,41661
"(0.7439393939393939, 0.9988636363636364)",2,41663
"(0.4003787878787879, 0.9988636363636364)",4,41667
"(0.431060606060606, 0.9988636363636364)",1,41668
"(0.4787878787878787, 0.9988636363636364)",1,41669
"(0.440530303030303, 0.9988636363636364)",2,41671
"(0.3954545454545454, 0.9988636363636364)",6,41677
"(0.3496212121212121, 0.9988636363636364)",3,41680
"(0.6829545454545455, 0.9988636363636364)",2,41682
"(0.5890151515151515, 0.9988636363636364)",13,41695
"(0.4132575757575757, 0.9988636363636364)",2,41697
"(0.5321969696969697, 0.9988636363636364)",3,41700
"(0.4852272727272727, 0.9988636363636364)",2,41702
"(0.2723484848484848, 0.9988636363636364)",1,41703
"(0.2102272727272727, 0.9988636363636364)",10,41713
"(0.4613636363636363, 0.9988636363636364)",1,41714
"(0.5886363636363636, 0.9988636363636364)",2,41716
"(0.2761363636363636, 0.9988636363636364)",3,41719
"(0.2628787878787879, 0.9988636363636364)",1,41720
"(0.3484848484848485, 0.9988636363636364)",1,41721
"(0.4571969696969697, 0.9988636363636364)",4,41725
"(0.3117424242424242, 0.9988636363636364)",1,41726
"(0.2893939393939393, 0.9988636363636364)",1,41727
"(0.271969696969697, 0.9988636363636364)",1,41728
"(0.4068181818181818, 0.9988636363636364)",7,41735
"(0.4053030303030303, 0.9988636363636364)",1,41736
"(0.5632575757575757, 0.9988636363636364)",1,41737
"(0.2803030303030303, 0.9988636363636364)",5,41742
"(0.5265151515151515, 0.9988636363636364)",1,41743
"(0.3814393939393939, 0.9988636363636364)",9,41752
"(0.4825757575757576, 0.9988636363636364)",2,41754
"(0.3159090909090909, 0.9988636363636364)",5,41759
"(0.2401515151515151, 0.9988636363636364)",3,41762
"(0.4477272727272727, 0.9988636363636364)",4,41766
"(0.4083333333333333, 0.9988636363636364)",1,41767
"(0.4056818181818182, 0.9988636363636364)",1,41768
"(0.3174242424242424, 0.9988636363636364)",5,41773
"(0.228030303030303, 0.9988636363636364)",8,41781
"(0.2856060606060606, 0.9988636363636364)",10,41791
"(0.478030303030303, 0.9988636363636364)",4,41795
"(0.4174242424242424, 0.9988636363636364)",10,41805
"(0.2981060606060606, 0.9988636363636364)",3,41808
"(0.1859848484848484, 0.9988636363636364)",1,41809
"(0.5378787878787878, 0.9988636363636364)",1,41810
"(0.6575757575757576, 0.9988636363636364)",6,41816
"(0.3409090909090909, 0.9988636363636364)",1,41817
"(0.5950757575757576, 0.9988636363636364)",1,41818
"(0.6765151515151515, 0.9988636363636364)",1,41819
"(0.2776515151515151, 0.9988636363636364)",3,41822
"(0.4178030303030303, 0.9988636363636364)",3,41825
"(0.4606060606060606, 0.9988636363636364)",6,41831
"(0.3678030303030303, 0.9988636363636364)",4,41835
"(0.484090909090909, 0.9988636363636364)",8,41843
"(0.5428030303030303, 0.9988636363636364)",2,41845
"(0.543939393939394, 0.9988636363636364)",1,41846
"(0.4693181818181818, 0.9988636363636364)",3,41849
"(0.4882575757575758, 0.9988636363636364)",1,41850
"(0.4208333333333333, 0.9988636363636364)",11,41861
"(0.4799242424242424, 0.9988636363636364)",3,41864
"(0.2696969696969697, 0.9988636363636364)",12,41876
"(0.4965909090909091, 0.9988636363636364)",2,41878
"(0.465530303030303, 0.9988636363636364)",4,41882
"(0.209090909090909, 0.9988636363636364)",4,41886
"(0.5325757575757576, 0.9988636363636364)",3,41889
"(0.3393939393939394, 0.9988636363636364)",7,41896
"(0.4356060606060606, 0.9988636363636364)",4,41900
"(0.6068181818181818, 0.9988636363636364)",1,41901
"(0.4632575757575757, 0.9988636363636364)",1,41902
"(0.5458333333333333, 0.9988636363636364)",1,41903
"(0.5257575757575758, 0.9988636363636364)",1,41904
"(0.4333333333333333, 0.9988636363636364)",3,41907
"(0.5424242424242425, 0.9988636363636364)",4,41911
"(0.4496212121212121, 0.9988636363636364)",1,41912
"(0.2295454545454545, 0.9988636363636364)",1,41913
"(0.4659090909090909, 0.9988636363636364)",7,41920
"(0.7571969696969697, 0.9988636363636364)",1,41921
"(0.4049242424242424, 0.9988636363636364)",5,41926
"(0.5454545454545454, 0.9988636363636364)",1,41927
"(0.3579545454545454, 0.9988636363636364)",3,41930
"(0.7477272727272727, 0.9988636363636364)",2,41932
"(0.5344696969696969, 0.9988636363636364)",3,41935
"(0.4340909090909091, 0.9988636363636364)",6,41941
"(0.3321969696969697, 0.9988636363636364)",3,41944
"(0.7178030303030303, 0.9988636363636364)",1,41945
"(0.3617424242424242, 0.9988636363636364)",3,41948
"(0.5056818181818182, 0.9988636363636364)",3,41951
"(0.3875, 0.9988636363636364)",4,41955
"(0.7518939393939394, 0.9988636363636364)",6,41961
"(0.3325757575757576, 0.9988636363636364)",1,41962
"(0.4768939393939393, 0.9988636363636364)",2,41964
"(0.4428030303030303, 0.9988636363636364)",3,41967
"(0.7875, 0.9988636363636364)",2,41969
"(0.6268939393939394, 0.9988636363636364)",1,41970
"(0.5113636363636364, 0.9988636363636364)",1,41971
"(0.6696969696969697, 0.9988636363636364)",1,41972
"(0.4242424242424242, 0.9988636363636364)",4,41976
"(0.4931818181818181, 0.9988636363636364)",1,41977
"(0.4784090909090909, 0.9988636363636364)",4,41981
"(0.3556818181818181, 0.9988636363636364)",1,41982
"(0.5356060606060606, 0.9988636363636364)",2,41984
"(0.5602272727272727, 0.9988636363636364)",1,41985
"(0.4534090909090909, 0.9988636363636364)",4,41989
"(0.4469696969696969, 0.9988636363636364)",8,41997
"(0.4814393939393939, 0.9988636363636364)",3,42000
"(0.4746212121212121, 0.9988636363636364)",2,42002
"(0.5303030303030303, 0.9988636363636364)",3,42005
"(0.3632575757575758, 0.9988636363636364)",4,42009
"(0.5178030303030303, 0.9988636363636364)",6,42015
"(0.7708333333333334, 0.9988636363636364)",1,42016
"(0.4553030303030303, 0.9988636363636364)",2,42018
"(0.4583333333333333, 0.9988636363636364)",6,42024
"(0.4507575757575757, 0.9988636363636364)",2,42026
"(0.4761363636363636, 0.9988636363636364)",1,42027
"(0.4276515151515151, 0.9988636363636364)",5,42032
"(0.49, 0.99875)",90,42122
"(0.6175, 0.99875)",1,42123
"(0.675, 0.99875)",3,42126
"(0.5075, 0.99875)",5,42131
"(0.48375, 0.99875)",2,42133
"(0.67125, 0.99875)",1,42134
"(0.535, 0.99875)",1,42135
"(0.65125, 0.99875)",2,42137
"(0.6275, 0.99875)",4,42141
"(0.5375, 0.99875)",2,42143
"(0.605, 0.99875)",1,42144
"(0.47625, 0.99875)",46,42190
"(0.46625, 0.99875)",3,42193
"(0.60625, 0.99875)",1,42194
"(0.66875, 0.99875)",1,42195
"(0.4875, 0.99875)",6,42201
"(0.51375, 0.99875)",6,42207
"(0.63625, 0.99875)",4,42211
"(0.515, 0.99875)",6,42217
"(0.57125, 0.99875)",1,42218
"(0.51, 0.99875)",53,42271
"(0.505, 0.99875)",49,42320
"(0.63125, 0.99875)",1,42321
"(0.49625, 0.99875)",45,42366
"(0.41, 0.99875)",6,42372
"(0.4325, 0.99875)",3,42375
"(0.36875, 0.99875)",4,42379
"(0.61875, 0.99875)",5,42384
"(0.4525, 0.99875)",3,42387
"(0.32875, 0.99875)",1,42388
"(0.65875, 0.99875)",3,42391
"(0.48875, 0.99875)",60,42451
"(0.575, 0.99875)",4,42455
"(0.495, 0.99875)",1,42456
"(0.4825, 0.99875)",44,42500
"(0.6, 0.99875)",3,42503
"(0.6575, 0.99875)",1,42504
"(0.37875, 0.99875)",2,42506
"(0.5025, 0.99875)",48,42554
"(0.42375, 0.99875)",4,42558
"(0.43625, 0.99875)",4,42562
"(0.39, 0.99875)",1,42563
"(0.51875, 0.99875)",42,42605
"(0.485, 0.99875)",2,42607
"(0.50875, 0.99875)",64,42671
"(0.49875, 0.99875)",47,42718
"(0.4975, 0.99875)",53,42771
"(0.56125, 0.99875)",2,42773
"(0.51125, 0.99875)",11,42784
"(0.49125, 0.99875)",1,42785
"(0.4925, 0.99875)",115,42900
"(0.40875, 0.99875)",4,42904
"(0.43, 0.99875)",3,42907
"(0.5125, 0.99875)",1,42908
"(0.5175, 0.99875)",5,42913
"(0.50625, 0.99875)",17,42930
"(0.48625, 0.99875)",45,42975
"(0.61125, 0.99875)",1,42976
"(0.53, 0.99875)",3,42979
"(0.555, 0.99875)",1,42980
"(0.49375, 0.99875)",142,43122
"(0.50375, 0.99875)",9,43131
"(0.6640909090909091, 0.9986363636363637)",1,43132
"(0.7059090909090909, 0.9986363636363637)",1,43133
"(0.7404545454545455, 0.9986363636363637)",1,43134
"(0.6559090909090909, 0.9986363636363637)",1,43135
"(0.5242424242424243, 0.9984848484848484)",3,43138
"(0.6268939393939394, 0.9984848484848484)",1,43139
"(0.3920454545454545, 0.9984848484848484)",3,43142
"(0.3375, 0.9984848484848484)",2,43144
"(0.6799242424242424, 0.9984848484848484)",1,43145
"(0.3666666666666666, 0.9984848484848484)",4,43149
"(0.7212121212121212, 0.9984848484848484)",1,43150
"(0.456060606060606, 0.9984848484848484)",5,43155
"(0.4852272727272727, 0.9984848484848484)",3,43158
"(0.4791666666666667, 0.9984848484848484)",1,43159
"(0.3174242424242424, 0.9984848484848484)",4,43163
"(0.3484848484848485, 0.9984848484848484)",2,43165
"(0.2803030303030303, 0.9984848484848484)",1,43166
"(0.2939393939393939, 0.9984848484848484)",1,43167
"(0.7325757575757575, 0.9984848484848484)",1,43168
"(0.2875, 0.9984848484848484)",3,43171
"(0.3102272727272727, 0.9984848484848484)",3,43174
"(0.5458333333333333, 0.9984848484848484)",2,43176
"(0.4617424242424242, 0.9984848484848484)",1,43177
"(0.5375, 0.9984848484848484)",1,43178
"(0.4053030303030303, 0.9984848484848484)",6,43184
"(0.5950757575757576, 0.9984848484848484)",3,43187
"(0.4632575757575757, 0.9984848484848484)",7,43194
"(0.4431818181818182, 0.9984848484848484)",5,43199
"(0.4787878787878787, 0.9984848484848484)",2,43201
"(0.4340909090909091, 0.9984848484848484)",4,43205
"(0.5287878787878788, 0.9984848484848484)",2,43207
"(0.4079545454545454, 0.9984848484848484)",2,43209
"(0.543939393939394, 0.9984848484848484)",3,43212
"(0.6113636363636363, 0.9984848484848484)",2,43214
"(0.3583333333333333, 0.9984848484848484)",3,43217
"(0.3321969696969697, 0.9984848484848484)",4,43221
"(0.484469696969697, 0.9984848484848484)",3,43224
"(0.2253787878787878, 0.9984848484848484)",3,43227
"(0.4496212121212121, 0.9984848484848484)",1,43228
"(0.4507575757575757, 0.9984848484848484)",3,43231
"(0.3678030303030303, 0.9984848484848484)",4,43235
"(0.3409090909090909, 0.9984848484848484)",2,43237
"(0.3223484848484848, 0.9984848484848484)",9,43246
"(0.2488636363636363, 0.9984848484848484)",3,43249
"(0.4556818181818182, 0.9984848484848484)",8,43257
"(0.4871212121212121, 0.9984848484848484)",1,43258
"(0.209090909090909, 0.9984848484848484)",6,43264
"(0.5333333333333333, 0.9984848484848484)",6,43270
"(0.4890151515151515, 0.9984848484848484)",2,43272
"(0.4931818181818181, 0.9984848484848484)",1,43273
"(0.3473484848484848, 0.9984848484848484)",5,43278
"(0.2401515151515151, 0.9984848484848484)",1,43279
"(0.5303030303030303, 0.9984848484848484)",2,43281
"(0.4583333333333333, 0.9984848484848484)",8,43289
"(0.3537878787878787, 0.9984848484848484)",4,43293
"(0.4651515151515151, 0.9984848484848484)",10,43303
"(0.4333333333333333, 0.9984848484848484)",4,43307
"(0.4003787878787879, 0.9984848484848484)",1,43308
"(0.3117424242424242, 0.9984848484848484)",2,43310
"(0.4897727272727272, 0.9984848484848484)",5,43315
"(0.6829545454545455, 0.9984848484848484)",3,43318
"(0.6189393939393939, 0.9984848484848484)",3,43321
"(0.2981060606060606, 0.9984848484848484)",4,43325
"(0.4314393939393939, 0.9984848484848484)",3,43328
"(0.2943181818181818, 0.9984848484848484)",2,43330
"(0.1859848484848484, 0.9984848484848484)",10,43340
"(0.465530303030303, 0.9984848484848484)",3,43343
"(0.3393939393939394, 0.9984848484848484)",7,43350
"(0.4856060606060606, 0.9984848484848484)",1,43351
"(0.4492424242424242, 0.9984848484848484)",1,43352
"(0.3159090909090909, 0.9984848484848484)",9,43361
"(0.5117424242424242, 0.9984848484848484)",3,43364
"(0.459469696969697, 0.9984848484848484)",3,43367
"(0.5412878787878788, 0.9984848484848484)",2,43369
"(0.2704545454545454, 0.9984848484848484)",5,43374
"(0.4943181818181818, 0.9984848484848484)",3,43377
"(0.368560606060606, 0.9984848484848484)",4,43381
"(0.5393939393939394, 0.9984848484848484)",1,43382
"(0.343560606060606, 0.9984848484848484)",3,43385
"(0.2579545454545454, 0.9984848484848484)",8,43393
"(0.4178030303030303, 0.9984848484848484)",2,43395
"(0.4109848484848485, 0.9984848484848484)",2,43397
"(0.4382575757575757, 0.9984848484848484)",2,43399
"(0.4746212121212121, 0.9984848484848484)",2,43401
"(0.5632575757575757, 0.9984848484848484)",2,43403
"(0.3560606060606061, 0.9984848484848484)",1,43404
"(0.5272727272727272, 0.9984848484848484)",1,43405
"(0.525, 0.9984848484848484)",6,43411
"(0.5045454545454545, 0.9984848484848484)",1,43412
"(0.4621212121212121, 0.9984848484848484)",9,43421
"(0.6575757575757576, 0.9984848484848484)",4,43425
"(0.4659090909090909, 0.9984848484848484)",4,43429
"(0.5106060606060606, 0.9984848484848484)",3,43432
"(0.4291666666666666, 0.9984848484848484)",7,43439
"(0.4359848484848485, 0.9984848484848484)",1,43440
"(0.6321969696969697, 0.9984848484848484)",3,43443
"(0.4602272727272727, 0.9984848484848484)",1,43444
"(0.4268939393939394, 0.9984848484848484)",3,43447
"(0.4049242424242424, 0.9984848484848484)",4,43451
"(0.4132575757575757, 0.9984848484848484)",1,43452
"(0.2454545454545454, 0.9984848484848484)",6,43458
"(0.2352272727272727, 0.9984848484848484)",2,43460
"(0.4375, 0.9984848484848484)",1,43461
"(0.5871212121212122, 0.9984848484848484)",2,43463
"(0.4276515151515151, 0.9984848484848484)",4,43467
"(0.5356060606060606, 0.9984848484848484)",1,43468
"(0.3496212121212121, 0.9984848484848484)",6,43474
"(0.2893939393939393, 0.9984848484848484)",4,43478
"(0.2143939393939394, 0.9984848484848484)",2,43480
"(0.440530303030303, 0.9984848484848484)",1,43481
"(0.5238636363636363, 0.9984848484848484)",1,43482
"(0.5431818181818182, 0.9984848484848484)",3,43485
"(0.296969696969697, 0.9984848484848484)",3,43488
"(0.228030303030303, 0.9984848484848484)",5,43493
"(0.4242424242424242, 0.9984848484848484)",5,43498
"(0.431060606060606, 0.9984848484848484)",1,43499
"(0.4204545454545454, 0.9984848484848484)",7,43506
"(0.3632575757575758, 0.9984848484848484)",3,43509
"(0.484090909090909, 0.9984848484848484)",3,43512
"(0.4356060606060606, 0.9984848484848484)",2,43514
"(0.471969696969697, 0.9984848484848484)",1,43515
"(0.3875, 0.9984848484848484)",6,43521
"(0.4579545454545454, 0.9984848484848484)",3,43524
"(0.5378787878787878, 0.9984848484848484)",2,43526
"(0.5121212121212121, 0.9984848484848484)",1,43527
"(0.4825757575757576, 0.9984848484848484)",3,43530
"(0.5890151515151515, 0.9984848484848484)",1,43531
"(0.5037878787878788, 0.9984848484848484)",3,43534
"(0.4253787878787878, 0.9984848484848484)",7,43541
"(0.325, 0.9984848484848484)",3,43544
"(0.4227272727272727, 0.9984848484848484)",1,43545
"(0.4829545454545454, 0.9984848484848484)",1,43546
"(0.4606060606060606, 0.9984848484848484)",6,43552
"(0.5034090909090909, 0.9984848484848484)",4,43556
"(0.5450757575757575, 0.9984848484848484)",1,43557
"(0.3844696969696969, 0.9984848484848484)",4,43561
"(0.7477272727272727, 0.9984848484848484)",1,43562
"(0.4761363636363636, 0.9984848484848484)",4,43566
"(0.5496212121212121, 0.9984848484848484)",1,43567
"(0.4803030303030303, 0.9984848484848484)",7,43574
"(0.2102272727272727, 0.9984848484848484)",8,43582
"(0.5454545454545454, 0.9984848484848484)",1,43583
"(0.5257575757575758, 0.9984848484848484)",1,43584
"(0.5022727272727273, 0.9984848484848484)",4,43588
"(0.3731060606060606, 0.9984848484848484)",1,43589
"(0.271969696969697, 0.9984848484848484)",4,43593
"(0.4939393939393939, 0.9984848484848484)",2,43595
"(0.4174242424242424, 0.9984848484848484)",5,43600
"(0.4553030303030303, 0.9984848484848484)",1,43601
"(0.4469696969696969, 0.9984848484848484)",2,43603
"(0.4886363636363636, 0.9984848484848484)",1,43604
"(0.3579545454545454, 0.9984848484848484)",2,43606
"(0.2628787878787879, 0.9984848484848484)",3,43609
"(0.2723484848484848, 0.9984848484848484)",1,43610
"(0.3431818181818182, 0.9984848484848484)",3,43613
"(0.4534090909090909, 0.9984848484848484)",5,43618
"(0.2356060606060606, 0.9984848484848484)",3,43621
"(0.3284090909090909, 0.9984848484848484)",1,43622
"(0.2553030303030303, 0.9984848484848484)",5,43627
"(0.4518939393939394, 0.9984848484848484)",5,43632
"(0.3534090909090909, 0.9984848484848484)",8,43640
"(0.4996212121212121, 0.9984848484848484)",1,43641
"(0.2784090909090909, 0.9984848484848484)",2,43643
"(0.4125, 0.9984848484848484)",3,43646
"(0.3814393939393939, 0.9984848484848484)",4,43650
"(0.4462121212121212, 0.9984848484848484)",6,43656
"(0.5132575757575758, 0.9984848484848484)",2,43658
"(0.7246212121212121, 0.9984848484848484)",1,43659
"(0.3556818181818181, 0.9984848484848484)",3,43662
"(0.5424242424242425, 0.9984848484848484)",7,43669
"(0.3954545454545454, 0.9984848484848484)",1,43670
"(0.5401515151515152, 0.9984848484848484)",2,43672
"(0.3318181818181818, 0.9984848484848484)",1,43673
"(0.4443181818181818, 0.9984848484848484)",4,43677
"(0.4901515151515151, 0.9984848484848484)",1,43678
"(0.4087121212121212, 0.9984848484848484)",2,43680
"(0.4571969696969697, 0.9984848484848484)",6,43686
"(0.4208333333333333, 0.9984848484848484)",3,43689
"(0.4920454545454545, 0.9984848484848484)",4,43693
"(0.4537878787878788, 0.9984848484848484)",1,43694
"(0.2696969696969697, 0.9984848484848484)",3,43697
"(0.6696969696969697, 0.9984848484848484)",2,43699
"(0.4378787878787878, 0.9984848484848484)",7,43706
"(0.3401515151515151, 0.9984848484848484)",2,43708
"(0.7140909090909091, 0.9981818181818182)",2,43710
"(0.7018181818181818, 0.9981818181818182)",1,43711
"(0.7059090909090909, 0.9981818181818182)",1,43712
"(0.6445454545454545, 0.9981818181818182)",1,43713
"(0.6318181818181818, 0.9981818181818182)",1,43714
"(0.7295454545454545, 0.9981818181818182)",1,43715
"(0.6854545454545454, 0.9981818181818182)",1,43716
"(0.6168181818181818, 0.9981818181818182)",1,43717
"(0.6768181818181818, 0.9981818181818182)",1,43718
"(0.7363636363636363, 0.9981818181818182)",1,43719
"(0.625, 0.9981818181818182)",1,43720
"(0.565, 0.9981818181818182)",1,43721
"(0.7004545454545454, 0.9981818181818182)",1,43722
"(0.605909090909091, 0.9981818181818182)",1,43723
"(0.6927272727272727, 0.9981818181818182)",1,43724
"(0.7577272727272727, 0.9981818181818182)",1,43725
"(0.7836363636363637, 0.9981818181818182)",1,43726
"(0.6190909090909091, 0.9981818181818182)",2,43728
"(0.6640909090909091, 0.9981818181818182)",1,43729
"(0.6863636363636364, 0.9981818181818182)",1,43730
"(0.7195454545454546, 0.9981818181818182)",1,43731
"(0.6954545454545454, 0.9981060606060606)",2,43733
"(0.4371212121212121, 0.9981060606060606)",1,43734
"(0.3556818181818181, 0.9981060606060606)",4,43738
"(0.5333333333333333, 0.9981060606060606)",2,43740
"(0.4291666666666666, 0.9981060606060606)",1,43741
"(0.4617424242424242, 0.9981060606060606)",3,43744
"(0.5166666666666667, 0.9981060606060606)",6,43750
"(0.4602272727272727, 0.9981060606060606)",5,43755
"(0.5950757575757576, 0.9981060606060606)",5,43760
"(0.4348484848484849, 0.9981060606060606)",3,43763
"(0.3143939393939394, 0.9981060606060606)",3,43766
"(0.4356060606060606, 0.9981060606060606)",1,43767
"(0.4613636363636363, 0.9981060606060606)",3,43770
"(0.5287878787878788, 0.9981060606060606)",2,43772
"(0.3666666666666666, 0.9981060606060606)",1,43773
"(0.2102272727272727, 0.9981060606060606)",2,43775
"(0.5632575757575757, 0.9981060606060606)",3,43778
"(0.4431818181818182, 0.9981060606060606)",1,43779
"(0.4204545454545454, 0.9981060606060606)",2,43781
"(0.3321969696969697, 0.9981060606060606)",3,43784
"(0.2488636363636363, 0.9981060606060606)",3,43787
"(0.3678030303030303, 0.9981060606060606)",3,43790
"(0.4556818181818182, 0.9981060606060606)",3,43793
"(0.4068181818181818, 0.9981060606060606)",2,43795
"(0.4428030303030303, 0.9981060606060606)",2,43797
"(0.7708333333333334, 0.9981060606060606)",1,43798
"(0.4689393939393939, 0.9981060606060606)",4,43802
"(0.4871212121212121, 0.9981060606060606)",4,43806
"(0.4571969696969697, 0.9981060606060606)",7,43813
"(0.3393939393939394, 0.9981060606060606)",5,43818
"(0.4469696969696969, 0.9981060606060606)",1,43819
"(0.2704545454545454, 0.9981060606060606)",1,43820
"(0.3992424242424242, 0.9981060606060606)",8,43828
"(0.4049242424242424, 0.9981060606060606)",2,43830
"(0.5481060606060606, 0.9981060606060606)",2,43832
"(0.4943181818181818, 0.9981060606060606)",5,43837
"(0.3681818181818181, 0.9981060606060606)",1,43838
"(0.6696969696969697, 0.9981060606060606)",3,43841
"(0.4848484848484848, 0.9981060606060606)",3,43844
"(0.5454545454545454, 0.9981060606060606)",1,43845
"(0.406060606060606, 0.9981060606060606)",1,43846
"(0.6575757575757576, 0.9981060606060606)",3,43849
"(0.2996212121212121, 0.9981060606060606)",1,43850
"(0.543939393939394, 0.9981060606060606)",2,43852
"(0.3295454545454545, 0.9981060606060606)",7,43859
"(0.4382575757575757, 0.9981060606060606)",2,43861
"(0.2208333333333333, 0.9981060606060606)",1,43862
"(0.6446969696969697, 0.9981060606060606)",1,43863
"(0.4568181818181818, 0.9981060606060606)",13,43876
"(0.3102272727272727, 0.9981060606060606)",8,43884
"(0.4761363636363636, 0.9981060606060606)",3,43887
"(0.3325757575757576, 0.9981060606060606)",1,43888
"(0.4132575757575757, 0.9981060606060606)",1,43889
"(0.2875, 0.9981060606060606)",2,43891
"(0.5602272727272727, 0.9981060606060606)",1,43892
"(0.4518939393939394, 0.9981060606060606)",7,43899
"(0.4583333333333333, 0.9981060606060606)",1,43900
"(0.2454545454545454, 0.9981060606060606)",5,43905
"(0.3583333333333333, 0.9981060606060606)",3,43908
"(0.4109848484848485, 0.9981060606060606)",1,43909
"(0.2628787878787879, 0.9981060606060606)",2,43911
"(0.2352272727272727, 0.9981060606060606)",3,43914
"(0.468560606060606, 0.9981060606060606)",1,43915
"(0.2553030303030303, 0.9981060606060606)",1,43916
"(0.4242424242424242, 0.9981060606060606)",5,43921
"(0.4678030303030303, 0.9981060606060606)",2,43923
"(0.4378787878787878, 0.9981060606060606)",7,43930
"(0.4462121212121212, 0.9981060606060606)",5,43935
"(0.4003787878787879, 0.9981060606060606)",3,43938
"(0.4079545454545454, 0.9981060606060606)",7,43945
"(0.6284090909090909, 0.9981060606060606)",1,43946
"(0.3875, 0.9981060606060606)",7,43953
"(0.6113636363636363, 0.9981060606060606)",1,43954
"(0.4753787878787879, 0.9981060606060606)",2,43956
"(0.471969696969697, 0.9981060606060606)",2,43958
"(0.4920454545454545, 0.9981060606060606)",3,43961
"(0.296969696969697, 0.9981060606060606)",7,43968
"(0.5106060606060606, 0.9981060606060606)",8,43976
"(0.209090909090909, 0.9981060606060606)",1,43977
"(0.4882575757575758, 0.9981060606060606)",1,43978
"(0.4087121212121212, 0.9981060606060606)",1,43979
"(0.2992424242424242, 0.9981060606060606)",1,43980
"(0.5412878787878788, 0.9981060606060606)",4,43984
"(0.4787878787878787, 0.9981060606060606)",3,43987
"(0.4477272727272727, 0.9981060606060606)",1,43988
"(0.2696969696969697, 0.9981060606060606)",7,43995
"(0.6117424242424242, 0.9981060606060606)",2,43997
"(0.3174242424242424, 0.9981060606060606)",1,43998
"(0.4488636363636363, 0.9981060606060606)",1,43999
"(0.368560606060606, 0.9981060606060606)",5,44004
"(0.6321969696969697, 0.9981060606060606)",4,44008
"(0.5132575757575758, 0.9981060606060606)",4,44012
"(0.5272727272727272, 0.9981060606060606)",5,44017
"(0.5265151515151515, 0.9981060606060606)",8,44025
"(0.4606060606060606, 0.9981060606060606)",2,44027
"(0.3776515151515151, 0.9981060606060606)",1,44028
"(0.4632575757575757, 0.9981060606060606)",5,44033
"(0.2803030303030303, 0.9981060606060606)",1,44034
"(0.465530303030303, 0.9981060606060606)",1,44035
"(0.5848484848484848, 0.9981060606060606)",1,44036
"(0.3409090909090909, 0.9981060606060606)",1,44037
"(0.3401515151515151, 0.9981060606060606)",2,44039
"(0.4916666666666666, 0.9981060606060606)",1,44040
"(0.4340909090909091, 0.9981060606060606)",3,44043
"(0.4659090909090909, 0.9981060606060606)",5,44048
"(0.4791666666666667, 0.9981060606060606)",3,44051
"(0.5401515151515152, 0.9981060606060606)",4,44055
"(0.228030303030303, 0.9981060606060606)",1,44056
"(0.2981060606060606, 0.9981060606060606)",1,44057
"(0.4276515151515151, 0.9981060606060606)",2,44059
"(0.459469696969697, 0.9981060606060606)",4,44063
"(0.3768939393939394, 0.9981060606060606)",1,44064
"(0.2401515151515151, 0.9981060606060606)",1,44065
"(0.2943181818181818, 0.9981060606060606)",1,44066
"(0.4746212121212121, 0.9981060606060606)",3,44069
"(0.4333333333333333, 0.9981060606060606)",1,44070
"(0.2893939393939393, 0.9981060606060606)",4,44074
"(0.365530303030303, 0.9981060606060606)",5,44079
"(0.3920454545454545, 0.9981060606060606)",5,44084
"(0.4628787878787879, 0.9981060606060606)",6,44090
"(0.4534090909090909, 0.9981060606060606)",2,44092
"(0.5329545454545455, 0.9981060606060606)",1,44093
"(0.6481060606060606, 0.9981060606060606)",1,44094
"(0.4715909090909091, 0.9981060606060606)",2,44096
"(0.4670454545454545, 0.9981060606060606)",1,44097
"(0.5393939393939394, 0.9981060606060606)",6,44103
"(0.5890151515151515, 0.9981060606060606)",3,44106
"(0.2784090909090909, 0.9981060606060606)",1,44107
"(0.1859848484848484, 0.9981060606060606)",5,44112
"(0.431060606060606, 0.9981060606060606)",6,44118
"(0.4996212121212121, 0.9981060606060606)",1,44119
"(0.5625, 0.9981060606060606)",1,44120
"(0.6765151515151515, 0.9981060606060606)",4,44124
"(0.7200757575757576, 0.9981060606060606)",1,44125
"(0.3632575757575758, 0.9981060606060606)",1,44126
"(0.3731060606060606, 0.9981060606060606)",2,44128
"(0.4803030303030303, 0.9981060606060606)",2,44130
"(0.7212121212121212, 0.9981060606060606)",1,44131
"(0.5443181818181818, 0.9981060606060606)",1,44132
"(0.4496212121212121, 0.9981060606060606)",1,44133
"(0.4897727272727272, 0.9981060606060606)",5,44138
"(0.4768939393939393, 0.9981060606060606)",4,44142
"(0.2939393939393939, 0.9981060606060606)",6,44148
"(0.5340909090909091, 0.9981060606060606)",8,44156
"(0.484090909090909, 0.9981060606060606)",3,44159
"(0.4253787878787878, 0.9981060606060606)",2,44161
"(0.5390151515151516, 0.9981060606060606)",5,44166
"(0.2143939393939394, 0.9981060606060606)",4,44170
"(0.3318181818181818, 0.9981060606060606)",4,44174
"(0.3579545454545454, 0.9981060606060606)",5,44179
"(0.525, 0.9981060606060606)",1,44180
"(0.3814393939393939, 0.9981060606060606)",7,44187
"(0.343560606060606, 0.9981060606060606)",5,44192
"(0.5356060606060606, 0.9981060606060606)",4,44196
"(0.4375, 0.9981060606060606)",1,44197
"(0.4053030303030303, 0.9981060606060606)",1,44198
"(0.5034090909090909, 0.9981060606060606)",9,44207
"(0.4666666666666667, 0.9981060606060606)",1,44208
"(0.271969696969697, 0.9981060606060606)",4,44212
"(0.5424242424242425, 0.9981060606060606)",2,44214
"(0.3954545454545454, 0.9981060606060606)",6,44220
"(0.4181818181818181, 0.9981060606060606)",3,44223
"(0.2265151515151515, 0.9981060606060606)",3,44226
"(0.4825757575757576, 0.9981060606060606)",1,44227
"(0.4208333333333333, 0.9981060606060606)",2,44229
"(0.4579545454545454, 0.9981060606060606)",12,44241
"(0.456060606060606, 0.9981060606060606)",6,44247
"(0.440530303030303, 0.9981060606060606)",4,44251
"(0.4856060606060606, 0.9981060606060606)",1,44252
"(0.4553030303030303, 0.9981060606060606)",3,44255
"(0.4651515151515151, 0.9981060606060606)",1,44256
"(0.2856060606060606, 0.9981060606060606)",4,44260
"(0.381060606060606, 0.9981060606060606)",2,44262
"(0.4852272727272727, 0.9981060606060606)",3,44265
"(0.5022727272727273, 0.9981060606060606)",2,44267
"(0.4492424242424242, 0.9981060606060606)",3,44270
"(0.2723484848484848, 0.9981060606060606)",5,44275
"(0.3496212121212121, 0.9981060606060606)",8,44283
"(0.4829545454545454, 0.9981060606060606)",5,44288
"(0.5443181818181818, 0.9977272727272728)",5,44293
"(0.7877272727272727, 0.9977272727272728)",2,44295
"(0.7295454545454545, 0.9977272727272728)",4,44299
"(0.4931818181818181, 0.9977272727272728)",1,44300
"(0.5871212121212122, 0.9977272727272728)",1,44301
"(0.4109848484848485, 0.9977272727272728)",5,44306
"(0.6768181818181818, 0.9977272727272728)",1,44307
"(0.5868181818181818, 0.9977272727272728)",4,44311
"(0.2943181818181818, 0.9977272727272728)",4,44315
"(0.565, 0.9977272727272728)",3,44318
"(0.7195454545454546, 0.9977272727272728)",2,44320
"(0.6927272727272727, 0.9977272727272728)",1,44321
"(0.725, 0.9977272727272728)",2,44323
"(0.7227272727272728, 0.9977272727272728)",1,44324
"(0.7086363636363636, 0.9977272727272728)",4,44328
"(0.3102272727272727, 0.9977272727272728)",1,44329
"(0.525, 0.9977272727272728)",5,44334
"(0.6422727272727272, 0.9977272727272728)",4,44338
"(0.465530303030303, 0.9977272727272728)",1,44339
"(0.6672727272727272, 0.9977272727272728)",3,44342
"(0.4556818181818182, 0.9977272727272728)",1,44343
"(0.7109090909090909, 0.9977272727272728)",3,44346
"(0.6795454545454546, 0.9977272727272728)",1,44347
"(0.4939393939393939, 0.9977272727272728)",2,44349
"(0.3844696969696969, 0.9977272727272728)",7,44356
"(0.4821969696969697, 0.9977272727272728)",1,44357
"(0.6863636363636364, 0.9977272727272728)",3,44360
"(0.5272727272727272, 0.9977272727272728)",2,44362
"(0.2893939393939393, 0.9977272727272728)",1,44363
"(0.6486363636363637, 0.9977272727272728)",4,44367
"(0.468560606060606, 0.9977272727272728)",1,44368
"(0.7240909090909091, 0.9977272727272728)",1,44369
"(0.3409090909090909, 0.9977272727272728)",2,44371
"(0.6645454545454546, 0.9977272727272728)",1,44372
"(0.3393939393939394, 0.9977272727272728)",3,44375
"(0.6718181818181819, 0.9977272727272728)",1,44376
"(0.4583333333333333, 0.9977272727272728)",3,44379
"(0.6695454545454546, 0.9977272727272728)",2,44381
"(0.6395454545454545, 0.9977272727272728)",1,44382
"(0.4068181818181818, 0.9977272727272728)",1,44383
"(0.715, 0.9977272727272728)",7,44390
"(0.4602272727272727, 0.9977272727272728)",1,44391
"(0.2458333333333333, 0.9977272727272728)",3,44394
"(0.3579545454545454, 0.9977272727272728)",1,44395
"(0.6809090909090909, 0.9977272727272728)",3,44398
"(0.7709090909090909, 0.9977272727272728)",1,44399
"(0.5977272727272728, 0.9977272727272728)",3,44402
"(0.2803030303030303, 0.9977272727272728)",1,44403
"(0.5106060606060606, 0.9977272727272728)",1,44404
"(0.7331818181818182, 0.9977272727272728)",1,44405
"(0.6259090909090909, 0.9977272727272728)",1,44406
"(0.2856060606060606, 0.9977272727272728)",2,44408
"(0.2208333333333333, 0.9977272727272728)",3,44411
"(0.3814393939393939, 0.9977272727272728)",1,44412
"(0.4053030303030303, 0.9977272727272728)",1,44413
"(0.6284090909090909, 0.9977272727272728)",1,44414
"(0.543939393939394, 0.9977272727272728)",1,44415
"(0.7708333333333334, 0.9977272727272728)",2,44417
"(0.6354545454545455, 0.9977272727272728)",2,44419
"(0.2352272727272727, 0.9977272727272728)",2,44421
"(0.7313636363636363, 0.9977272727272728)",5,44426
"(0.4178030303030303, 0.9977272727272728)",2,44428
"(0.4693181818181818, 0.9977272727272728)",1,44429
"(0.5863636363636363, 0.9977272727272728)",1,44430
"(0.3632575757575758, 0.9977272727272728)",2,44432
"(0.228030303030303, 0.9977272727272728)",2,44434
"(0.4276515151515151, 0.9977272727272728)",4,44438
"(0.7439393939393939, 0.9977272727272728)",1,44439
"(0.4333333333333333, 0.9977272727272728)",1,44440
"(0.3996212121212121, 0.9977272727272728)",3,44443
"(0.4371212121212121, 0.9977272727272728)",1,44444
"(0.6104545454545455, 0.9977272727272728)",1,44445
"(0.368560606060606, 0.9977272727272728)",2,44447
"(0.6513636363636364, 0.9977272727272728)",1,44448
"(0.6854545454545454, 0.9977272727272728)",1,44449
"(0.4571969696969697, 0.9977272727272728)",3,44452
"(0.4204545454545454, 0.9977272727272728)",1,44453
"(0.2981060606060606, 0.9977272727272728)",2,44455
"(0.5431818181818182, 0.9977272727272728)",2,44457
"(0.3875, 0.9977272727272728)",1,44458
"(0.3534090909090909, 0.9977272727272728)",2,44460
"(0.3731060606060606, 0.9977272727272728)",4,44464
"(0.4003787878787879, 0.9977272727272728)",5,44469
"(0.4753787878787879, 0.9977272727272728)",2,44471
"(0.6954545454545454, 0.9977272727272728)",4,44475
"(0.4242424242424242, 0.9977272727272728)",7,44482
"(0.2579545454545454, 0.9977272727272728)",2,44484
"(0.6509090909090909, 0.9977272727272728)",2,44486
"(0.4378787878787878, 0.9977272727272728)",4,44490
"(0.5959090909090909, 0.9977272727272728)",1,44491
"(0.4996212121212121, 0.9977272727272728)",1,44492
"(0.456060606060606, 0.9977272727272728)",7,44499
"(0.4636363636363636, 0.9977272727272728)",3,44502
"(0.775, 0.9977272727272728)",4,44506
"(0.5287878787878788, 0.9977272727272728)",1,44507
"(0.7040909090909091, 0.9977272727272728)",4,44511
"(0.4689393939393939, 0.9977272727272728)",1,44512
"(0.4534090909090909, 0.9977272727272728)",9,44521
"(0.2553030303030303, 0.9977272727272728)",2,44523
"(0.531439393939394, 0.9977272727272728)",2,44525
"(0.6445454545454545, 0.9977272727272728)",4,44529
"(0.4829545454545454, 0.9977272727272728)",1,44530
"(0.7018181818181818, 0.9977272727272728)",2,44532
"(0.2696969696969697, 0.9977272727272728)",2,44534
"(0.5412878787878788, 0.9977272727272728)",1,44535
"(0.4469696969696969, 0.9977272727272728)",1,44536
"(0.4715909090909091, 0.9977272727272728)",1,44537
"(0.6413636363636364, 0.9977272727272728)",2,44539
"(0.2704545454545454, 0.9977272727272728)",2,44541
"(0.3575757575757576, 0.9977272727272728)",2,44543
"(0.5329545454545455, 0.9977272727272728)",2,44545
"(0.296969696969697, 0.9977272727272728)",3,44548
"(0.2356060606060606, 0.9977272727272728)",3,44551
"(0.4768939393939393, 0.9977272727272728)",2,44553
"(0.5393939393939394, 0.9977272727272728)",1,44554
"(0.3939393939393939, 0.9977272727272728)",3,44557
"(0.2102272727272727, 0.9977272727272728)",1,44558
"(0.705, 0.9977272727272728)",1,44559
"(0.6986363636363636, 0.9977272727272728)",1,44560
"(0.7059090909090909, 0.9977272727272728)",4,44564
"(0.7318181818181818, 0.9977272727272728)",2,44566
"(0.4087121212121212, 0.9977272727272728)",1,44567
"(0.6736363636363636, 0.9977272727272728)",2,44569
"(0.4174242424242424, 0.9977272727272728)",1,44570
"(0.6575757575757576, 0.9977272727272728)",3,44573
"(0.209090909090909, 0.9977272727272728)",5,44578
"(0.5537878787878788, 0.9977272727272728)",1,44579
"(0.7427272727272727, 0.9977272727272728)",3,44582
"(0.3223484848484848, 0.9977272727272728)",7,44589
"(0.4268939393939394, 0.9977272727272728)",5,44594
"(0.3920454545454545, 0.9977272727272728)",4,44598
"(0.3159090909090909, 0.9977272727272728)",6,44604
"(0.4359848484848485, 0.9977272727272728)",1,44605
"(0.6765151515151515, 0.9977272727272728)",3,44608
"(0.4920454545454545, 0.9977272727272728)",2,44610
"(0.343560606060606, 0.9977272727272728)",1,44611
"(0.4621212121212121, 0.9977272727272728)",3,44614
"(0.4465909090909091, 0.9977272727272728)",1,44615
"(0.4882575757575758, 0.9977272727272728)",1,44616
"(0.2424242424242424, 0.9977272727272728)",1,44617
"(0.4568181818181818, 0.9977272727272728)",2,44619
"(0.5390151515151516, 0.9977272727272728)",2,44621
"(0.5257575757575758, 0.9977272727272728)",4,44625
"(0.7136363636363636, 0.9977272727272728)",1,44626
"(0.4549242424242424, 0.9977272727272728)",3,44629
"(0.7363636363636363, 0.9977272727272728)",1,44630
"(0.4579545454545454, 0.9977272727272728)",4,44634
"(0.4787878787878787, 0.9977272727272728)",2,44636
"(0.3484848484848485, 0.9977272727272728)",4,44640
"(0.3992424242424242, 0.9977272727272728)",2,44642
"(0.656439393939394, 0.9977272727272728)",3,44645
"(0.4871212121212121, 0.9977272727272728)",2,44647
"(0.2875, 0.9977272727272728)",1,44648
"(0.471969696969697, 0.9977272727272728)",1,44649
"(0.6268939393939394, 0.9977272727272728)",4,44653
"(0.6117424242424242, 0.9977272727272728)",2,44655
"(0.6168181818181818, 0.9977272727272728)",1,44656
"(0.5265151515151515, 0.9977272727272728)",2,44658
"(0.7004545454545454, 0.9977272727272728)",1,44659
"(0.6446969696969697, 0.9977272727272728)",1,44660
"(0.4825757575757576, 0.9977272727272728)",5,44665
"(0.4291666666666666, 0.9977272727272728)",5,44670
"(0.4431818181818182, 0.9977272727272728)",4,44674
"(0.675, 0.9977272727272728)",4,44678
"(0.6640909090909091, 0.9977272727272728)",3,44681
"(0.6318181818181818, 0.9977272727272728)",3,44684
"(0.6518181818181819, 0.9977272727272728)",1,44685
"(0.4102272727272727, 0.9977272727272728)",1,44686
"(0.4208333333333333, 0.9977272727272728)",1,44687
"(0.745, 0.9977272727272728)",2,44689
"(0.2628787878787879, 0.9977272727272728)",2,44691
"(0.6663636363636364, 0.9977272727272728)",1,44692
"(0.3318181818181818, 0.9977272727272728)",1,44693
"(0.5481060606060606, 0.9977272727272728)",2,44695
"(0.509469696969697, 0.9977272727272728)",1,44696
"(0.4791666666666667, 0.9977272727272728)",4,44700
"(0.5034090909090909, 0.9977272727272728)",3,44703
"(0.5632575757575757, 0.9977272727272728)",2,44705
"(0.6147727272727272, 0.9977272727272728)",1,44706
"(0.6427272727272727, 0.9977272727272728)",1,44707
"(0.1859848484848484, 0.9977272727272728)",3,44710
"(0.6559090909090909, 0.9977272727272728)",1,44711
"(0.4632575757575757, 0.9977272727272728)",1,44712
"(0.5356060606060606, 0.9977272727272728)",1,44713
"(0.5659090909090909, 0.9977272727272728)",2,44715
"(0.3556818181818181, 0.9977272727272728)",2,44717
"(0.6604545454545454, 0.9977272727272728)",1,44718
"(0.4496212121212121, 0.9977272727272728)",3,44721
"(0.5950757575757576, 0.9977272727272728)",2,44723
"(0.2401515151515151, 0.9977272727272728)",1,44724
"(0.4867424242424242, 0.9977272727272728)",3,44727
"(0.3325757575757576, 0.9977272727272728)",1,44728
"(0.5371212121212121, 0.9977272727272728)",1,44729
"(0.4428030303030303, 0.9977272727272728)",4,44733
"(0.5545454545454546, 0.9977272727272728)",1,44734
"(0.4049242424242424, 0.9977272727272728)",3,44737
"(0.5037878787878788, 0.9977272727272728)",2,44739
"(0.365530303030303, 0.9977272727272728)",1,44740
"(0.4670454545454545, 0.9977272727272728)",5,44745
"(0.5068181818181818, 0.9977272727272728)",1,44746
"(0.4606060606060606, 0.9977272727272728)",2,44748
"(0.3681818181818181, 0.9977272727272728)",2,44750
"(0.4083333333333333, 0.9977272727272728)",4,44754
"(0.72, 0.9977272727272728)",4,44758
"(0.4382575757575757, 0.9977272727272728)",3,44761
"(0.5401515151515152, 0.9977272727272728)",1,44762
"(0.4537878787878788, 0.9977272727272728)",1,44763
"(0.6409090909090909, 0.9977272727272728)",2,44765
"(0.605909090909091, 0.9977272727272728)",2,44767
"(0.5321969696969697, 0.9977272727272728)",1,44768
"(0.2295454545454545, 0.9977272727272728)",5,44773
"(0.685, 0.9977272727272728)",4,44777
"(0.8212121212121212, 0.9977272727272728)",1,44778
"(0.4659090909090909, 0.9977272727272728)",1,44779
"(0.5424242424242425, 0.9977272727272728)",7,44786
"(0.6190909090909091, 0.9977272727272728)",3,44789
"(0.459469696969697, 0.9977272727272728)",1,44790
"(0.32875, 0.9975)",1,44791
"(0.56125, 0.9975)",1,44792
"(0.4225, 0.9975)",1,44793
"(0.41375, 0.9975)",1,44794
"(0.42375, 0.9975)",2,44796
"(0.56375, 0.9975)",2,44798
"(0.61625, 0.9975)",1,44799
"(0.4525, 0.9975)",1,44800
"(0.65125, 0.9975)",10,44810
"(0.50875, 0.9975)",96,44906
"(0.55375, 0.9975)",1,44907
"(0.47, 0.9975)",6,44913
"(0.4375, 0.9975)",3,44916
"(0.495, 0.9975)",56,44972
"(0.7, 0.9975)",1,44973
"(0.3675, 0.9975)",1,44974
"(0.5, 0.9975)",52,45026
"(0.48625, 0.9975)",31,45057
"(0.505, 0.9975)",57,45114
"(0.35125, 0.9975)",2,45116
"(0.52375, 0.9975)",4,45120
"(0.6575, 0.9975)",1,45121
"(0.64, 0.9975)",2,45123
"(0.5825, 0.9975)",5,45128
"(0.66875, 0.9975)",6,45134
"(0.6525, 0.9975)",5,45139
"(0.55875, 0.9975)",2,45141
"(0.57125, 0.9975)",4,45145
"(0.4425, 0.9975)",2,45147
"(0.43, 0.9975)",1,45148
"(0.6, 0.9975)",2,45150
"(0.50375, 0.9975)",46,45196
"(0.5875, 0.9975)",5,45201
"(0.4825, 0.9975)",35,45236
"(0.47375, 0.9975)",1,45237
"(0.46875, 0.9975)",1,45238
"(0.35625, 0.9975)",2,45240
"(0.48, 0.9975)",1,45241
"(0.66375, 0.9975)",1,45242
"(0.37875, 0.9975)",1,45243
"(0.4975, 0.9975)",14,45257
"(0.5375, 0.9975)",4,45261
"(0.51125, 0.9975)",17,45278
"(0.49, 0.9975)",13,45291
"(0.625, 0.9975)",1,45292
"(0.5175, 0.9975)",59,45351
"(0.63, 0.9975)",5,45356
"(0.57625, 0.9975)",2,45358
"(0.55, 0.9975)",12,45370
"(0.445, 0.9975)",5,45375
"(0.425, 0.9975)",4,45379
"(0.545, 0.9975)",1,45380
"(0.555, 0.9975)",1,45381
"(0.49625, 0.9975)",44,45425
"(0.6625, 0.9975)",7,45432
"(0.5025, 0.9975)",71,45503
"(0.63125, 0.9975)",6,45509
"(0.60625, 0.9975)",8,45517
"(0.61125, 0.9975)",1,45518
"(0.51, 0.9975)",76,45594
"(0.5325, 0.9975)",9,45603
"(0.6175, 0.9975)",7,45610
"(0.51375, 0.9975)",1,45611
"(0.5125, 0.9975)",1,45612
"(0.5075, 0.9975)",227,45839
"(0.4325, 0.9975)",1,45840
"(0.64875, 0.9975)",5,45845
"(0.525, 0.9975)",1,45846
"(0.52625, 0.9975)",2,45848
"(0.48125, 0.9975)",11,45859
"(0.50125, 0.9975)",60,45919
"(0.48375, 0.9975)",27,45946
"(0.535, 0.9975)",3,45949
"(0.605, 0.9975)",3,45952
"(0.49875, 0.9975)",167,46119
"(0.4925, 0.9975)",38,46157
"(0.49375, 0.9975)",168,46325
"(0.50625, 0.9975)",117,46442
"(0.485, 0.9975)",47,46489
"(0.60375, 0.9975)",3,46492
"(0.6675, 0.9975)",16,46508
"(0.5425, 0.9975)",2,46510
"(0.53625, 0.9975)",15,46525
"(0.38375, 0.9975)",2,46527
"(0.48875, 0.9975)",23,46550
"(0.4875, 0.9975)",21,46571
"(0.65375, 0.9975)",8,46579
"(0.465, 0.9975)",9,46588
"(0.64625, 0.9975)",2,46590
"(0.3775, 0.9975)",2,46592
"(0.47125, 0.9975)",8,46600
"(0.52125, 0.9975)",9,46609
"(0.47625, 0.9975)",56,46665
"(0.61, 0.9975)",1,46666
"(0.68125, 0.9975)",2,46668
"(0.51625, 0.9975)",9,46677
"(0.59375, 0.9975)",3,46680
"(0.51875, 0.9975)",11,46691
"(0.67125, 0.9975)",7,46698
"(0.5675, 0.9975)",2,46700
"(0.4291666666666666, 0.9973484848484848)",3,46703
"(0.4856060606060606, 0.9973484848484848)",2,46705
"(0.4378787878787878, 0.9973484848484848)",2,46707
"(0.431060606060606, 0.9973484848484848)",4,46711
"(0.525, 0.9973484848484848)",1,46712
"(0.6481060606060606, 0.9973484848484848)",2,46714
"(0.271969696969697, 0.9973484848484848)",3,46717
"(0.4715909090909091, 0.9973484848484848)",5,46722
"(0.4628787878787879, 0.9973484848484848)",2,46724
"(0.4791666666666667, 0.9973484848484848)",1,46725
"(0.4462121212121212, 0.9973484848484848)",4,46729
"(0.3159090909090909, 0.9973484848484848)",5,46734
"(0.3537878787878787, 0.9973484848484848)",1,46735
"(0.4253787878787878, 0.9973484848484848)",5,46740
"(0.3678030303030303, 0.9973484848484848)",1,46741
"(0.6765151515151515, 0.9973484848484848)",1,46742
"(0.4579545454545454, 0.9973484848484848)",4,46746
"(0.4178030303030303, 0.9973484848484848)",2,46748
"(0.4803030303030303, 0.9973484848484848)",3,46751
"(0.3579545454545454, 0.9973484848484848)",1,46752
"(0.468560606060606, 0.9973484848484848)",1,46753
"(0.3473484848484848, 0.9973484848484848)",3,46756
"(0.5443181818181818, 0.9973484848484848)",1,46757
"(0.456060606060606, 0.9973484848484848)",7,46764
"(0.2943181818181818, 0.9973484848484848)",4,46768
"(0.3117424242424242, 0.9973484848484848)",2,46770
"(0.368560606060606, 0.9973484848484848)",3,46773
"(0.6696969696969697, 0.9973484848484848)",1,46774
"(0.4890151515151515, 0.9973484848484848)",1,46775
"(0.4606060606060606, 0.9973484848484848)",3,46778
"(0.4772727272727273, 0.9973484848484848)",2,46780
"(0.3920454545454545, 0.9973484848484848)",3,46783
"(0.2553030303030303, 0.9973484848484848)",1,46784
"(0.5912878787878788, 0.9973484848484848)",1,46785
"(0.5431818181818182, 0.9973484848484848)",1,46786
"(0.4837121212121212, 0.9973484848484848)",3,46789
"(0.5337121212121212, 0.9973484848484848)",3,46792
"(0.3632575757575758, 0.9973484848484848)",1,46793
"(0.2431818181818182, 0.9973484848484848)",6,46799
"(0.3731060606060606, 0.9973484848484848)",4,46803
"(0.1859848484848484, 0.9973484848484848)",1,46804
"(0.3431818181818182, 0.9973484848484848)",1,46805
"(0.3875, 0.9973484848484848)",1,46806
"(0.5132575757575758, 0.9973484848484848)",1,46807
"(0.2356060606060606, 0.9973484848484848)",2,46809
"(0.5121212121212121, 0.9973484848484848)",3,46812
"(0.3992424242424242, 0.9973484848484848)",3,46815
"(0.5424242424242425, 0.9973484848484848)",2,46817
"(0.3102272727272727, 0.9973484848484848)",1,46818
"(0.5356060606060606, 0.9973484848484848)",1,46819
"(0.343560606060606, 0.9973484848484848)",3,46822
"(0.4886363636363636, 0.9973484848484848)",1,46823
"(0.228030303030303, 0.9973484848484848)",4,46827
"(0.4568181818181818, 0.9973484848484848)",2,46829
"(0.4821969696969697, 0.9973484848484848)",1,46830
"(0.4268939393939394, 0.9973484848484848)",1,46831
"(0.4359848484848485, 0.9973484848484848)",2,46833
"(0.6321969696969697, 0.9973484848484848)",1,46834
"(0.4761363636363636, 0.9973484848484848)",1,46835
"(0.4689393939393939, 0.9973484848484848)",1,46836
"(0.4053030303030303, 0.9973484848484848)",5,46841
"(0.543939393939394, 0.9973484848484848)",1,46842
"(0.4496212121212121, 0.9973484848484848)",5,46847
"(0.459469696969697, 0.9973484848484848)",4,46851
"(0.5481060606060606, 0.9973484848484848)",4,46855
"(0.4829545454545454, 0.9973484848484848)",1,46856
"(0.3026515151515151, 0.9973484848484848)",1,46857
"(0.3318181818181818, 0.9973484848484848)",4,46861
"(0.5890151515151515, 0.9973484848484848)",5,46866
"(0.4670454545454545, 0.9973484848484848)",2,46868
"(0.2208333333333333, 0.9973484848484848)",3,46871
"(0.4651515151515151, 0.9973484848484848)",3,46874
"(0.5333333333333333, 0.9973484848484848)",2,46876
"(0.2462121212121212, 0.9973484848484848)",1,46877
"(0.4787878787878787, 0.9973484848484848)",1,46878
"(0.2401515151515151, 0.9973484848484848)",2,46880
"(0.3696969696969697, 0.9973484848484848)",1,46881
"(0.2352272727272727, 0.9973484848484848)",8,46889
"(0.4632575757575757, 0.9973484848484848)",1,46890
"(0.4204545454545454, 0.9973484848484848)",5,46895
"(0.5034090909090909, 0.9973484848484848)",6,46901
"(0.4753787878787879, 0.9973484848484848)",1,46902
"(0.3583333333333333, 0.9973484848484848)",2,46904
"(0.4049242424242424, 0.9973484848484848)",2,46906
"(0.2784090909090909, 0.9973484848484848)",1,46907
"(0.4602272727272727, 0.9973484848484848)",1,46908
"(0.440530303030303, 0.9973484848484848)",1,46909
"(0.4340909090909091, 0.9973484848484848)",4,46913
"(0.6446969696969697, 0.9973484848484848)",1,46914
"(0.5393939393939394, 0.9973484848484848)",1,46915
"(0.2723484848484848, 0.9973484848484848)",2,46917
"(0.3681818181818181, 0.9973484848484848)",1,46918
"(0.4242424242424242, 0.9973484848484848)",2,46920
"(0.4534090909090909, 0.9973484848484848)",3,46923
"(0.4852272727272727, 0.9973484848484848)",1,46924
"(0.6575757575757576, 0.9973484848484848)",4,46928
"(0.3556818181818181, 0.9973484848484848)",4,46932
"(0.4662878787878788, 0.9973484848484848)",3,46935
"(0.365530303030303, 0.9973484848484848)",2,46937
"(0.471969696969697, 0.9973484848484848)",1,46938
"(0.5450757575757575, 0.9973484848484848)",1,46939
"(0.2651515151515151, 0.9973484848484848)",1,46940
"(0.4174242424242424, 0.9973484848484848)",4,46944
"(0.3534090909090909, 0.9973484848484848)",4,46948
"(0.5537878787878788, 0.9973484848484848)",1,46949
"(0.4799242424242424, 0.9973484848484848)",2,46951
"(0.3484848484848485, 0.9973484848484848)",1,46952
"(0.2704545454545454, 0.9973484848484848)",2,46954
"(0.484469696969697, 0.9973484848484848)",3,46957
"(0.2488636363636363, 0.9973484848484848)",1,46958
"(0.3844696969696969, 0.9973484848484848)",2,46960
"(0.6268939393939394, 0.9973484848484848)",1,46961
"(0.5545454545454546, 0.9973484848484848)",1,46962
"(0.5412878787878788, 0.9973484848484848)",3,46965
"(0.2579545454545454, 0.9973484848484848)",1,46966
"(0.4825757575757576, 0.9973484848484848)",4,46970
"(0.4545454545454545, 0.9973484848484848)",3,46973
"(0.296969696969697, 0.9973484848484848)",4,46977
"(0.4768939393939393, 0.9973484848484848)",1,46978
"(0.4636363636363636, 0.9973484848484848)",3,46981
"(0.5371212121212121, 0.9973484848484848)",2,46983
"(0.4518939393939394, 0.9973484848484848)",3,46986
"(0.2628787878787879, 0.9973484848484848)",1,46987
"(0.2893939393939393, 0.9973484848484848)",1,46988
"(0.6337121212121212, 0.9973484848484848)",3,46991
"(0.2295454545454545, 0.9973484848484848)",2,46993
"(0.5037878787878788, 0.9973484848484848)",2,46995
"(0.3954545454545454, 0.9973484848484848)",4,46999
"(0.4659090909090909, 0.9973484848484848)",3,47002
"(0.3409090909090909, 0.9973484848484848)",2,47004
"(0.4428030303030303, 0.9973484848484848)",1,47005
"(0.4276515151515151, 0.9973484848484848)",1,47006
"(0.4553030303030303, 0.9973484848484848)",1,47007
"(0.5378787878787878, 0.9973484848484848)",1,47008
"(0.4003787878787879, 0.9973484848484848)",6,47014
"(0.5321969696969697, 0.9973484848484848)",1,47015
"(0.7245454545454545, 0.9972727272727272)",4,47019
"(0.7018181818181818, 0.9972727272727272)",4,47023
"(0.6927272727272727, 0.9972727272727272)",1,47024
"(0.6795454545454546, 0.9972727272727272)",2,47026
"(0.725, 0.9972727272727272)",3,47029
"(0.685, 0.9972727272727272)",3,47032
"(0.7195454545454546, 0.9972727272727272)",3,47035
"(0.7159090909090909, 0.9972727272727272)",1,47036
"(0.565, 0.9972727272727272)",2,47038
"(0.6518181818181819, 0.9972727272727272)",3,47041
"(0.6986363636363636, 0.9972727272727272)",1,47042
"(0.7877272727272727, 0.9972727272727272)",4,47046
"(0.7295454545454545, 0.9972727272727272)",2,47048
"(0.7086363636363636, 0.9972727272727272)",2,47050
"(0.7404545454545455, 0.9972727272727272)",1,47051
"(0.6422727272727272, 0.9972727272727272)",1,47052
"(0.6168181818181818, 0.9972727272727272)",3,47055
"(0.6863636363636364, 0.9972727272727272)",4,47059
"(0.605909090909091, 0.9972727272727272)",1,47060
"(0.6318181818181818, 0.9972727272727272)",5,47065
"(0.6868181818181818, 0.9972727272727272)",1,47066
"(0.7240909090909091, 0.9972727272727272)",2,47068
"(0.6513636363636364, 0.9972727272727272)",1,47069
"(0.7109090909090909, 0.9972727272727272)",3,47072
"(0.6640909090909091, 0.9972727272727272)",1,47073
"(0.6945454545454546, 0.9972727272727272)",1,47074
"(0.705, 0.9972727272727272)",1,47075
"(0.5904545454545455, 0.9972727272727272)",1,47076
"(0.6604545454545454, 0.9972727272727272)",1,47077
"(0.7095454545454546, 0.9972727272727272)",3,47080
"(0.7118181818181818, 0.9972727272727272)",1,47081
"(0.6872727272727273, 0.9972727272727272)",3,47084
"(0.7427272727272727, 0.9972727272727272)",2,47086
"(0.6722727272727272, 0.9972727272727272)",3,47089
"(0.6804545454545454, 0.9972727272727272)",2,47091
"(0.6718181818181819, 0.9972727272727272)",1,47092
"(0.6913636363636364, 0.9972727272727272)",2,47094
"(0.6954545454545454, 0.9972727272727272)",4,47098
"(0.625, 0.9972727272727272)",1,47099
"(0.6686363636363636, 0.9972727272727272)",2,47101
"(0.6781818181818182, 0.9972727272727272)",2,47103
"(0.7227272727272728, 0.9972727272727272)",1,47104
"(0.7790909090909091, 0.9972727272727272)",1,47105
"(0.6509090909090909, 0.9972727272727272)",4,47109
"(0.6272727272727273, 0.9972727272727272)",1,47110
"(0.6527272727272727, 0.9972727272727272)",1,47111
"(0.6486363636363637, 0.9972727272727272)",1,47112
"(0.6413636363636364, 0.9972727272727272)",1,47113
"(0.6431818181818182, 0.9972727272727272)",1,47114
"(0.6577272727272727, 0.9972727272727272)",1,47115
"(0.7059090909090909, 0.9972727272727272)",8,47123
"(0.7140909090909091, 0.9972727272727272)",5,47128
"(0.6831818181818182, 0.9972727272727272)",1,47129
"(0.6136363636363636, 0.9972727272727272)",3,47132
"(0.6736363636363636, 0.9972727272727272)",8,47140
"(0.6663636363636364, 0.9972727272727272)",3,47143
"(0.6445454545454545, 0.9972727272727272)",4,47147
"(0.769090909090909, 0.9972727272727272)",4,47151
"(0.6259090909090909, 0.9972727272727272)",1,47152
"(0.72, 0.9972727272727272)",2,47154
"(0.7318181818181818, 0.9972727272727272)",4,47158
"(0.6190909090909091, 0.9972727272727272)",3,47161
"(0.6677272727272727, 0.9972727272727272)",3,47164
"(0.7040909090909091, 0.9972727272727272)",1,47165
"(0.7572727272727273, 0.9972727272727272)",1,47166
"(0.6904545454545454, 0.9972727272727272)",1,47167
"(0.6672727272727272, 0.9972727272727272)",5,47172
"(0.6409090909090909, 0.9972727272727272)",2,47174
"(0.6768181818181818, 0.9972727272727272)",5,47179
"(0.7045454545454546, 0.9972727272727272)",4,47183
"(0.7313636363636363, 0.9972727272727272)",4,47187
"(0.7363636363636363, 0.9972727272727272)",1,47188
"(0.7622727272727273, 0.9972727272727272)",7,47195
"(0.7004545454545454, 0.9972727272727272)",4,47199
"(0.6127272727272727, 0.9972727272727272)",3,47202
"(0.715, 0.9972727272727272)",3,47205
"(0.7131818181818181, 0.9972727272727272)",1,47206
"(0.6104545454545455, 0.9972727272727272)",1,47207
"(0.6427272727272727, 0.9972727272727272)",2,47209
"(0.745, 0.9972727272727272)",1,47210
"(0.6559090909090909, 0.9972727272727272)",6,47216
"(0.7577272727272727, 0.9972727272727272)",2,47218
"(0.68, 0.9972727272727272)",1,47219
"(0.5868181818181818, 0.9972727272727272)",2,47221
"(0.675, 0.9972727272727272)",2,47223
"(0.5481060606060606, 0.996969696969697)",5,47228
"(0.2393939393939393, 0.996969696969697)",3,47231
"(0.4867424242424242, 0.996969696969697)",3,47234
"(0.4920454545454545, 0.996969696969697)",3,47237
"(0.4583333333333333, 0.996969696969697)",3,47240
"(0.4579545454545454, 0.996969696969697)",1,47241
"(0.2803030303030303, 0.996969696969697)",1,47242
"(0.4556818181818182, 0.996969696969697)",11,47253
"(0.4109848484848485, 0.996969696969697)",2,47255
"(0.4568181818181818, 0.996969696969697)",1,47256
"(0.3325757575757576, 0.996969696969697)",3,47259
"(0.4003787878787879, 0.996969696969697)",1,47260
"(0.3102272727272727, 0.996969696969697)",1,47261
"(0.5034090909090909, 0.996969696969697)",1,47262
"(0.5333333333333333, 0.996969696969697)",2,47264
"(0.6446969696969697, 0.996969696969697)",1,47265
"(0.3844696969696969, 0.996969696969697)",2,47267
"(0.3537878787878787, 0.996969696969697)",5,47272
"(0.543939393939394, 0.996969696969697)",4,47276
"(0.4882575757575758, 0.996969696969697)",1,47277
"(0.6954545454545454, 0.996969696969697)",2,47279
"(0.603030303030303, 0.996969696969697)",1,47280
"(0.3496212121212121, 0.996969696969697)",3,47283
"(0.484090909090909, 0.996969696969697)",3,47286
"(0.3579545454545454, 0.996969696969697)",6,47292
"(0.2875, 0.996969696969697)",4,47296
"(0.5106060606060606, 0.996969696969697)",4,47300
"(0.4621212121212121, 0.996969696969697)",3,47303
"(0.4689393939393939, 0.996969696969697)",2,47305
"(0.3473484848484848, 0.996969696969697)",3,47308
"(0.3696969696969697, 0.996969696969697)",1,47309
"(0.4253787878787878, 0.996969696969697)",2,47311
"(0.7246212121212121, 0.996969696969697)",6,47317
"(0.2511363636363636, 0.996969696969697)",1,47318
"(0.6575757575757576, 0.996969696969697)",3,47321
"(0.3814393939393939, 0.996969696969697)",7,47328
"(0.5280303030303031, 0.996969696969697)",1,47329
"(0.5265151515151515, 0.996969696969697)",1,47330
"(0.5321969696969697, 0.996969696969697)",1,47331
"(0.2522727272727272, 0.996969696969697)",3,47334
"(0.4939393939393939, 0.996969696969697)",1,47335
"(0.2553030303030303, 0.996969696969697)",2,47337
"(0.4897727272727272, 0.996969696969697)",4,47341
"(0.4965909090909091, 0.996969696969697)",1,47342
"(0.5303030303030303, 0.996969696969697)",3,47345
"(0.4132575757575757, 0.996969696969697)",1,47346
"(0.4674242424242424, 0.996969696969697)",2,47348
"(0.5450757575757575, 0.996969696969697)",1,47349
"(0.4242424242424242, 0.996969696969697)",1,47350
"(0.6681818181818182, 0.996969696969697)",1,47351
"(0.4087121212121212, 0.996969696969697)",1,47352
"(0.3632575757575758, 0.996969696969697)",3,47355
"(0.2352272727272727, 0.996969696969697)",2,47357
"(0.2939393939393939, 0.996969696969697)",1,47358
"(0.509469696969697, 0.996969696969697)",1,47359
"(0.5484848484848485, 0.996969696969697)",1,47360
"(0.540530303030303, 0.996969696969697)",1,47361
"(0.5890151515151515, 0.996969696969697)",1,47362
"(0.440530303030303, 0.996969696969697)",1,47363
"(0.3159090909090909, 0.996969696969697)",6,47369
"(0.5863636363636363, 0.996969696969697)",6,47375
"(0.2295454545454545, 0.996969696969697)",1,47376
"(0.459469696969697, 0.996969696969697)",3,47379
"(0.4204545454545454, 0.996969696969697)",1,47380
"(0.3223484848484848, 0.996969696969697)",3,47383
"(0.2579545454545454, 0.996969696969697)",4,47387
"(0.5325757575757576, 0.996969696969697)",1,47388
"(0.4693181818181818, 0.996969696969697)",1,47389
"(0.4821969696969697, 0.996969696969697)",1,47390
"(0.6231060606060606, 0.996969696969697)",1,47391
"(0.4291666666666666, 0.996969696969697)",1,47392
"(0.3583333333333333, 0.996969696969697)",1,47393
"(0.6799242424242424, 0.996969696969697)",1,47394
"(0.4636363636363636, 0.996969696969697)",1,47395
"(0.4359848484848485, 0.996969696969697)",6,47401
"(0.2943181818181818, 0.996969696969697)",2,47403
"(0.4647727272727273, 0.996969696969697)",1,47404
"(0.4571969696969697, 0.996969696969697)",1,47405
"(0.5356060606060606, 0.996969696969697)",1,47406
"(0.4234848484848484, 0.996969696969697)",3,47409
"(0.4825757575757576, 0.996969696969697)",1,47410
"(0.4996212121212121, 0.996969696969697)",1,47411
"(0.4178030303030303, 0.996969696969697)",3,47414
"(0.4613636363636363, 0.996969696969697)",1,47415
"(0.3534090909090909, 0.996969696969697)",5,47420
"(0.7875, 0.996969696969697)",1,47421
"(0.4083333333333333, 0.996969696969697)",1,47422
"(0.6375, 0.996969696969697)",1,47423
"(0.5378787878787878, 0.996969696969697)",2,47425
"(0.2431818181818182, 0.996969696969697)",1,47426
"(0.5424242424242425, 0.996969696969697)",1,47427
"(0.3409090909090909, 0.996969696969697)",1,47428
"(0.4106060606060606, 0.996969696969697)",3,47431
"(0.4602272727272727, 0.996969696969697)",3,47434
"(0.5443181818181818, 0.996969696969697)",3,47437
"(0.4617424242424242, 0.996969696969697)",1,47438
"(0.325, 0.996969696969697)",3,47441
"(0.4787878787878787, 0.996969696969697)",3,47444
"(0.7518939393939394, 0.996969696969697)",1,47445
"(0.6284090909090909, 0.996969696969697)",2,47447
"(0.4208333333333333, 0.996969696969697)",1,47448
"(0.5037878787878788, 0.996969696969697)",1,47449
"(0.343560606060606, 0.996969696969697)",2,47451
"(0.6708333333333333, 0.996969696969697)",1,47452
"(0.4462121212121212, 0.996969696969697)",1,47453
"(0.4356060606060606, 0.996969696969697)",1,47454
"(0.4268939393939394, 0.996969696969697)",1,47455
"(0.5272727272727272, 0.996969696969697)",2,47457
"(0.4333333333333333, 0.996969696969697)",4,47461
"(0.4606060606060606, 0.996969696969697)",5,47466
"(0.4534090909090909, 0.996969696969697)",3,47469
"(0.465530303030303, 0.996969696969697)",2,47471
"(0.2454545454545454, 0.996969696969697)",7,47478
"(0.4079545454545454, 0.996969696969697)",6,47484
"(0.2784090909090909, 0.996969696969697)",3,47487
"(0.7325757575757575, 0.996969696969697)",3,47490
"(0.2356060606060606, 0.996969696969697)",5,47495
"(0.7212121212121212, 0.996969696969697)",2,47497
"(0.4662878787878788, 0.996969696969697)",2,47499
"(0.5340909090909091, 0.996969696969697)",1,47500
"(0.5022727272727273, 0.996969696969697)",3,47503
"(0.2401515151515151, 0.996969696969697)",1,47504
"(0.4174242424242424, 0.996969696969697)",3,47507
"(0.7140909090909091, 0.9968181818181818)",2,47509
"(0.6913636363636364, 0.9968181818181818)",1,47510
"(0.675, 0.9968181818181818)",4,47514
"(0.72, 0.9968181818181818)",3,47517
"(0.6486363636363637, 0.9968181818181818)",2,47519
"(0.745, 0.9968181818181818)",2,47521
"(0.685, 0.9968181818181818)",4,47525
"(0.6518181818181819, 0.9968181818181818)",2,47527
"(0.7836363636363637, 0.9968181818181818)",1,47528
"(0.7622727272727273, 0.9968181818181818)",3,47531
"(0.6686363636363636, 0.9968181818181818)",1,47532
"(0.7045454545454546, 0.9968181818181818)",5,47537
"(0.6863636363636364, 0.9968181818181818)",7,47544
"(0.7709090909090909, 0.9968181818181818)",1,47545
"(0.6768181818181818, 0.9968181818181818)",2,47547
"(0.7109090909090909, 0.9968181818181818)",2,47549
"(0.7313636363636363, 0.9968181818181818)",3,47552
"(0.6531818181818182, 0.9968181818181818)",1,47553
"(0.6354545454545455, 0.9968181818181818)",1,47554
"(0.5959090909090909, 0.9968181818181818)",1,47555
"(0.6781818181818182, 0.9968181818181818)",1,47556
"(0.6804545454545454, 0.9968181818181818)",1,47557
"(0.649090909090909, 0.9968181818181818)",1,47558
"(0.6272727272727273, 0.9968181818181818)",1,47559
"(0.6322727272727273, 0.9968181818181818)",2,47561
"(0.7295454545454545, 0.9968181818181818)",3,47564
"(0.775, 0.9968181818181818)",2,47566
"(0.715, 0.9968181818181818)",1,47567
"(0.6168181818181818, 0.9968181818181818)",2,47569
"(0.6318181818181818, 0.9968181818181818)",7,47576
"(0.7668181818181818, 0.9968181818181818)",2,47578
"(0.725, 0.9968181818181818)",1,47579
"(0.6677272727272727, 0.9968181818181818)",3,47582
"(0.6640909090909091, 0.9968181818181818)",3,47585
"(0.6718181818181819, 0.9968181818181818)",1,47586
"(0.6427272727272727, 0.9968181818181818)",6,47592
"(0.7245454545454545, 0.9968181818181818)",4,47596
"(0.7577272727272727, 0.9968181818181818)",6,47602
"(0.7040909090909091, 0.9968181818181818)",2,47604
"(0.5868181818181818, 0.9968181818181818)",5,47609
"(0.63, 0.9968181818181818)",1,47610
"(0.769090909090909, 0.9968181818181818)",4,47614
"(0.7004545454545454, 0.9968181818181818)",2,47616
"(0.7404545454545455, 0.9968181818181818)",4,47620
"(0.7318181818181818, 0.9968181818181818)",2,47622
"(0.7118181818181818, 0.9968181818181818)",1,47623
"(0.7018181818181818, 0.9968181818181818)",8,47631
"(0.6722727272727272, 0.9968181818181818)",5,47636
"(0.74, 0.9968181818181818)",1,47637
"(0.6904545454545454, 0.9968181818181818)",1,47638
"(0.7518181818181818, 0.9968181818181818)",2,47640
"(0.625, 0.9968181818181818)",1,47641
"(0.6513636363636364, 0.9968181818181818)",2,47643
"(0.7368181818181818, 0.9968181818181818)",2,47645
"(0.6259090909090909, 0.9968181818181818)",1,47646
"(0.6104545454545455, 0.9968181818181818)",1,47647
"(0.6795454545454546, 0.9968181818181818)",6,47653
"(0.6927272727272727, 0.9968181818181818)",2,47655
"(0.7331818181818182, 0.9968181818181818)",2,47657
"(0.7181818181818181, 0.9968181818181818)",2,47659
"(0.605909090909091, 0.9968181818181818)",4,47663
"(0.705, 0.9968181818181818)",1,47664
"(0.6736363636363636, 0.9968181818181818)",5,47669
"(0.7427272727272727, 0.9968181818181818)",7,47676
"(0.6527272727272727, 0.9968181818181818)",1,47677
"(0.6672727272727272, 0.9968181818181818)",3,47680
"(0.6431818181818182, 0.9968181818181818)",1,47681
"(0.6136363636363636, 0.9968181818181818)",2,47683
"(0.7572727272727273, 0.9968181818181818)",1,47684
"(0.6381818181818182, 0.9968181818181818)",1,47685
"(0.5659090909090909, 0.9968181818181818)",1,47686
"(0.6409090909090909, 0.9968181818181818)",2,47688
"(0.7363636363636363, 0.9968181818181818)",4,47692
"(0.565, 0.9968181818181818)",3,47695
"(0.7159090909090909, 0.9968181818181818)",1,47696
"(0.6127272727272727, 0.9968181818181818)",3,47699
"(0.6395454545454545, 0.9968181818181818)",2,47701
"(0.6422727272727272, 0.9968181818181818)",4,47705
"(0.6190909090909091, 0.9968181818181818)",2,47707
"(0.7059090909090909, 0.9968181818181818)",6,47713
"(0.6868181818181818, 0.9968181818181818)",1,47714
"(0.7240909090909091, 0.9968181818181818)",4,47718
"(0.6695454545454546, 0.9968181818181818)",1,47719
"(0.6413636363636364, 0.9968181818181818)",6,47725
"(0.6559090909090909, 0.9968181818181818)",1,47726
"(0.6509090909090909, 0.9968181818181818)",3,47729
"(0.7790909090909091, 0.9968181818181818)",1,47730
"(0.6663636363636364, 0.9968181818181818)",4,47734
"(0.7195454545454546, 0.9968181818181818)",3,47737
"(0.6445454545454545, 0.9968181818181818)",1,47738
"(0.6831818181818182, 0.9968181818181818)",7,47745
"(0.7877272727272727, 0.9968181818181818)",4,47749
"(0.6954545454545454, 0.9968181818181818)",6,47755
"(0.2431818181818182, 0.9965909090909092)",1,47756
"(0.3844696969696969, 0.9965909090909092)",1,47757
"(0.5329545454545455, 0.9965909090909092)",3,47760
"(0.5863636363636363, 0.9965909090909092)",3,47763
"(0.5424242424242425, 0.9965909090909092)",1,47764
"(0.4784090909090909, 0.9965909090909092)",3,47767
"(0.4731060606060606, 0.9965909090909092)",2,47769
"(0.3102272727272727, 0.9965909090909092)",5,47774
"(0.5428030303030303, 0.9965909090909092)",2,47776
"(0.478030303030303, 0.9965909090909092)",3,47779
"(0.4291666666666666, 0.9965909090909092)",3,47782
"(0.4886363636363636, 0.9965909090909092)",1,47783
"(0.1859848484848484, 0.9965909090909092)",1,47784
"(0.3401515151515151, 0.9965909090909092)",1,47785
"(0.5450757575757575, 0.9965909090909092)",1,47786
"(0.5890151515151515, 0.9965909090909092)",6,47792
"(0.431060606060606, 0.9965909090909092)",3,47795
"(0.484090909090909, 0.9965909090909092)",3,47798
"(0.2356060606060606, 0.9965909090909092)",4,47802
"(0.6446969696969697, 0.9965909090909092)",1,47803
"(0.2704545454545454, 0.9965909090909092)",3,47806
"(0.4053030303030303, 0.9965909090909092)",2,47808
"(0.440530303030303, 0.9965909090909092)",3,47811
"(0.2424242424242424, 0.9965909090909092)",3,47814
"(0.459469696969697, 0.9965909090909092)",2,47816
"(0.4083333333333333, 0.9965909090909092)",2,47818
"(0.4553030303030303, 0.9965909090909092)",3,47821
"(0.4371212121212121, 0.9965909090909092)",3,47824
"(0.4848484848484848, 0.9965909090909092)",2,47826
"(0.5132575757575758, 0.9965909090909092)",3,47829
"(0.4242424242424242, 0.9965909090909092)",3,47832
"(0.6113636363636363, 0.9965909090909092)",1,47833
"(0.4882575757575758, 0.9965909090909092)",1,47834
"(0.5371212121212121, 0.9965909090909092)",1,47835
"(0.709469696969697, 0.9965909090909092)",2,47837
"(0.4079545454545454, 0.9965909090909092)",1,47838
"(0.3174242424242424, 0.9965909090909092)",3,47841
"(0.3575757575757576, 0.9965909090909092)",1,47842
"(0.3556818181818181, 0.9965909090909092)",3,47845
"(0.5287878787878788, 0.9965909090909092)",1,47846
"(0.4208333333333333, 0.9965909090909092)",1,47847
"(0.4549242424242424, 0.9965909090909092)",3,47850
"(0.4204545454545454, 0.9965909090909092)",2,47852
"(0.4556818181818182, 0.9965909090909092)",3,47855
"(0.4965909090909091, 0.9965909090909092)",1,47856
"(0.3666666666666666, 0.9965909090909092)",3,47859
"(0.5189393939393939, 0.9965909090909092)",3,47862
"(0.6799242424242424, 0.9965909090909092)",1,47863
"(0.6765151515151515, 0.9965909090909092)",3,47866
"(0.5034090909090909, 0.9965909090909092)",2,47868
"(0.2492424242424242, 0.9965909090909092)",3,47871
"(0.2893939393939393, 0.9965909090909092)",6,47877
"(0.296969696969697, 0.9965909090909092)",1,47878
"(0.3496212121212121, 0.9965909090909092)",1,47879
"(0.4662878787878788, 0.9965909090909092)",1,47880
"(0.5265151515151515, 0.9965909090909092)",1,47881
"(0.5378787878787878, 0.9965909090909092)",3,47884
"(0.3583333333333333, 0.9965909090909092)",1,47885
"(0.4636363636363636, 0.9965909090909092)",1,47886
"(0.4340909090909091, 0.9965909090909092)",1,47887
"(0.5272727272727272, 0.9965909090909092)",2,47889
"(0.4496212121212121, 0.9965909090909092)",3,47892
"(0.5106060606060606, 0.9965909090909092)",1,47893
"(0.5537878787878788, 0.9965909090909092)",3,47896
"(0.6337121212121212, 0.9965909090909092)",3,47899
"(0.7708333333333334, 0.9965909090909092)",2,47901
"(0.2981060606060606, 0.9965909090909092)",6,47907
"(0.7477272727272727, 0.9965909090909092)",2,47909
"(0.4931818181818181, 0.9965909090909092)",1,47910
"(0.4469696969696969, 0.9965909090909092)",3,47913
"(0.2143939393939394, 0.9965909090909092)",1,47914
"(0.271969696969697, 0.9965909090909092)",1,47915
"(0.228030303030303, 0.9965909090909092)",2,47917
"(0.5280303030303031, 0.9965909090909092)",1,47918
"(0.4996212121212121, 0.9965909090909092)",2,47920
"(0.2208333333333333, 0.9965909090909092)",1,47921
"(0.6068181818181818, 0.9965909090909092)",1,47922
"(0.5431818181818182, 0.9965909090909092)",1,47923
"(0.4606060606060606, 0.9965909090909092)",8,47931
"(0.456060606060606, 0.9965909090909092)",5,47936
"(0.7439393939393939, 0.9965909090909092)",1,47937
"(0.4507575757575757, 0.9965909090909092)",2,47939
"(0.4253787878787878, 0.9965909090909092)",5,47944
"(0.2943181818181818, 0.9965909090909092)",4,47948
"(0.6681818181818182, 0.9965909090909092)",1,47949
"(0.4276515151515151, 0.9965909090909092)",1,47950
"(0.3696969696969697, 0.9965909090909092)",1,47951
"(0.5602272727272727, 0.9965909090909092)",3,47954
"(0.5871212121212122, 0.9965909090909092)",1,47955
"(0.4897727272727272, 0.9965909090909092)",3,47958
"(0.4825757575757576, 0.9965909090909092)",3,47961
"(0.4462121212121212, 0.9965909090909092)",3,47964
"(0.2579545454545454, 0.9965909090909092)",1,47965
"(0.4049242424242424, 0.9965909090909092)",1,47966
"(0.4791666666666667, 0.9965909090909092)",3,47969
"(0.4856060606060606, 0.9965909090909092)",1,47970
"(0.6696969696969697, 0.9965909090909092)",1,47971
"(0.4378787878787878, 0.9965909090909092)",3,47974
"(0.7325757575757575, 0.9965909090909092)",1,47975
"(0.2196969696969697, 0.9965909090909092)",3,47978
"(0.4829545454545454, 0.9965909090909092)",1,47979
"(0.3632575757575758, 0.9965909090909092)",2,47981
"(0.4632575757575757, 0.9965909090909092)",1,47982
"(0.5412878787878788, 0.9965909090909092)",1,47983
"(0.2401515151515151, 0.9965909090909092)",1,47984
"(0.2803030303030303, 0.9965909090909092)",1,47985
"(0.4003787878787879, 0.9965909090909092)",1,47986
"(0.3393939393939394, 0.9965909090909092)",4,47990
"(0.468560606060606, 0.9965909090909092)",1,47991
"(0.4132575757575757, 0.9965909090909092)",3,47994
"(0.3159090909090909, 0.9965909090909092)",3,47997
"(0.4087121212121212, 0.9965909090909092)",2,47999
"(0.3678030303030303, 0.9965909090909092)",3,48002
"(0.543939393939394, 0.9965909090909092)",1,48003
"(0.5257575757575758, 0.9965909090909092)",5,48008
"(0.4178030303030303, 0.9965909090909092)",1,48009
"(0.5950757575757576, 0.9965909090909092)",3,48012
"(0.531060606060606, 0.9965909090909092)",2,48014
"(0.4821969696969697, 0.9965909090909092)",2,48016
"(0.7877272727272727, 0.9963636363636365)",1,48017
"(0.7245454545454545, 0.9963636363636365)",1,48018
"(0.7018181818181818, 0.9963636363636365)",3,48021
"(0.6318181818181818, 0.9963636363636365)",3,48024
"(0.6945454545454546, 0.9963636363636365)",1,48025
"(0.6786363636363636, 0.9963636363636365)",1,48026
"(0.6959090909090909, 0.9963636363636365)",3,48029
"(0.725, 0.9963636363636365)",4,48033
"(0.6513636363636364, 0.9963636363636365)",2,48035
"(0.7140909090909091, 0.9963636363636365)",2,48037
"(0.7086363636363636, 0.9963636363636365)",4,48041
"(0.6604545454545454, 0.9963636363636365)",1,48042
"(0.6572727272727272, 0.9963636363636365)",1,48043
"(0.6581818181818182, 0.9963636363636365)",1,48044
"(0.7131818181818181, 0.9963636363636365)",1,48045
"(0.6854545454545454, 0.9963636363636365)",1,48046
"(0.7159090909090909, 0.9963636363636365)",1,48047
"(0.7709090909090909, 0.9963636363636365)",1,48048
"(0.7427272727272727, 0.9963636363636365)",1,48049
"(0.6677272727272727, 0.9963636363636365)",3,48052
"(0.6954545454545454, 0.9963636363636365)",3,48055
"(0.6272727272727273, 0.9963636363636365)",1,48056
"(0.7577272727272727, 0.9963636363636365)",2,48058
"(0.6422727272727272, 0.9963636363636365)",1,48059
"(0.7563636363636363, 0.9963636363636365)",2,48061
"(0.745, 0.9963636363636365)",2,48063
"(0.6168181818181818, 0.9963636363636365)",3,48066
"(0.775, 0.9963636363636365)",5,48071
"(0.6986363636363636, 0.9963636363636365)",1,48072
"(0.7295454545454545, 0.9963636363636365)",2,48074
"(0.6431818181818182, 0.9963636363636365)",1,48075
"(0.7109090909090909, 0.9963636363636365)",2,48077
"(0.6486363636363637, 0.9963636363636365)",3,48080
"(0.6645454545454546, 0.9963636363636365)",1,48081
"(0.6795454545454546, 0.9963636363636365)",1,48082
"(0.7404545454545455, 0.9963636363636365)",6,48088
"(0.565, 0.9963636363636365)",1,48089
"(0.6409090909090909, 0.9963636363636365)",6,48095
"(0.72, 0.9963636363636365)",2,48097
"(0.6445454545454545, 0.9963636363636365)",1,48098
"(0.7004545454545454, 0.9963636363636365)",1,48099
"(0.7240909090909091, 0.9963636363636365)",3,48102
"(0.7804545454545454, 0.9963636363636365)",1,48103
"(0.7572727272727273, 0.9963636363636365)",1,48104
"(0.6663636363636364, 0.9963636363636365)",3,48107
"(0.7227272727272728, 0.9963636363636365)",1,48108
"(0.6518181818181819, 0.9963636363636365)",1,48109
"(0.6136363636363636, 0.9963636363636365)",6,48115
"(0.7313636363636363, 0.9963636363636365)",1,48116
"(0.7040909090909091, 0.9963636363636365)",3,48119
"(0.705, 0.9963636363636365)",1,48120
"(0.7363636363636363, 0.9963636363636365)",2,48122
"(0.6722727272727272, 0.9963636363636365)",4,48126
"(0.6995454545454546, 0.9963636363636365)",2,48128
"(0.7836363636363637, 0.9963636363636365)",1,48129
"(0.6577272727272727, 0.9963636363636365)",1,48130
"(0.7622727272727273, 0.9963636363636365)",1,48131
"(0.605909090909091, 0.9963636363636365)",4,48135
"(0.715, 0.9963636363636365)",3,48138
"(0.5918181818181818, 0.9963636363636365)",1,48139
"(0.7318181818181818, 0.9963636363636365)",1,48140
"(0.6640909090909091, 0.9963636363636365)",3,48143
"(0.730909090909091, 0.9963636363636365)",2,48145
"(0.769090909090909, 0.9963636363636365)",2,48147
"(0.6527272727272727, 0.9963636363636365)",1,48148
"(0.5904545454545455, 0.9963636363636365)",1,48149
"(0.7059090909090909, 0.9963636363636365)",2,48151
"(0.6904545454545454, 0.9963636363636365)",1,48152
"(0.7181818181818181, 0.9963636363636365)",2,48154
"(0.6863636363636364, 0.9963636363636365)",5,48159
"(0.7036363636363636, 0.9963636363636365)",2,48161
"(0.7436363636363637, 0.9963636363636365)",2,48163
"(0.6927272727272727, 0.9963636363636365)",1,48164
"(0.505, 0.99625)",22,48186
"(0.6525, 0.99625)",14,48200
"(0.5025, 0.99625)",8,48208
"(0.61625, 0.99625)",1,48209
"(0.41375, 0.99625)",1,48210
"(0.6575, 0.99625)",1,48211
"(0.47, 0.99625)",4,48215
"(0.485, 0.99625)",9,48224
"(0.46875, 0.99625)",1,48225
"(0.53625, 0.99625)",3,48228
"(0.56, 0.99625)",1,48229
"(0.5675, 0.99625)",1,48230
"(0.49875, 0.99625)",34,48264
"(0.55125, 0.99625)",2,48266
"(0.53, 0.99625)",3,48269
"(0.65375, 0.99625)",8,48277
"(0.655, 0.99625)",1,48278
"(0.65125, 0.99625)",12,48290
"(0.47375, 0.99625)",2,48292
"(0.5575, 0.99625)",1,48293
"(0.51125, 0.99625)",51,48344
"(0.48375, 0.99625)",48,48392
"(0.55375, 0.99625)",1,48393
"(0.64625, 0.99625)",1,48394
"(0.545, 0.99625)",1,48395
"(0.50625, 0.99625)",40,48435
"(0.39, 0.99625)",1,48436
"(0.5125, 0.99625)",1,48437
"(0.66875, 0.99625)",8,48445
"(0.50875, 0.99625)",45,48490
"(0.37, 0.99625)",2,48492
"(0.3075, 0.99625)",4,48496
"(0.65, 0.99625)",1,48497
"(0.6625, 0.99625)",15,48512
"(0.48625, 0.99625)",44,48556
"(0.4375, 0.99625)",4,48560
"(0.36, 0.99625)",2,48562
"(0.59875, 0.99625)",2,48564
"(0.4825, 0.99625)",32,48596
"(0.4975, 0.99625)",8,48604
"(0.35875, 0.99625)",2,48606
"(0.535, 0.99625)",4,48610
"(0.615, 0.99625)",2,48612
"(0.48875, 0.99625)",40,48652
"(0.6175, 0.99625)",9,48661
"(0.5, 0.99625)",13,48674
"(0.425, 0.99625)",2,48676
"(0.60625, 0.99625)",6,48682
"(0.69, 0.99625)",2,48684
"(0.51875, 0.99625)",11,48695
"(0.57375, 0.99625)",2,48697
"(0.63, 0.99625)",9,48706
"(0.465, 0.99625)",3,48709
"(0.7, 0.99625)",2,48711
"(0.64125, 0.99625)",2,48713
"(0.46, 0.99625)",1,48714
"(0.61, 0.99625)",1,48715
"(0.355, 0.99625)",2,48717
"(0.5325, 0.99625)",7,48724
"(0.5375, 0.99625)",7,48731
"(0.4925, 0.99625)",34,48765
"(0.41, 0.99625)",2,48767
"(0.5825, 0.99625)",3,48770
"(0.49, 0.99625)",16,48786
"(0.63125, 0.99625)",25,48811
"(0.5425, 0.99625)",4,48815
"(0.58375, 0.99625)",2,48817
"(0.55, 0.99625)",8,48825
"(0.52125, 0.99625)",9,48834
"(0.52375, 0.99625)",5,48839
"(0.56375, 0.99625)",2,48841
"(0.49375, 0.99625)",121,48962
"(0.3625, 0.99625)",2,48964
"(0.6675, 0.99625)",14,48978
"(0.62875, 0.99625)",1,48979
"(0.5075, 0.99625)",75,49054
"(0.50375, 0.99625)",76,49130
"(0.49125, 0.99625)",4,49134
"(0.525, 0.99625)",3,49137
"(0.57125, 0.99625)",11,49148
"(0.52625, 0.99625)",4,49152
"(0.66375, 0.99625)",1,49153
"(0.67125, 0.99625)",7,49160
"(0.48, 0.99625)",6,49166
"(0.51, 0.99625)",56,49222
"(0.48125, 0.99625)",11,49233
"(0.64875, 0.99625)",9,49242
"(0.5875, 0.99625)",10,49252
"(0.47625, 0.99625)",10,49262
"(0.51375, 0.99625)",1,49263
"(0.63375, 0.99625)",1,49264
"(0.605, 0.99625)",16,49280
"(0.52, 0.99625)",5,49285
"(0.4875, 0.99625)",30,49315
"(0.555, 0.99625)",1,49316
"(0.6425, 0.99625)",1,49317
"(0.6325, 0.99625)",3,49320
"(0.3975, 0.99625)",2,49322
"(0.51625, 0.99625)",2,49324
"(0.4725, 0.99625)",10,49334
"(0.3675, 0.99625)",3,49337
"(0.46625, 0.99625)",3,49340
"(0.35375, 0.99625)",2,49342
"(0.50125, 0.99625)",9,49351
"(0.445, 0.99625)",3,49354
"(0.5175, 0.99625)",58,49412
"(0.56875, 0.99625)",2,49414
"(0.60125, 0.99625)",3,49417
"(0.495, 0.99625)",14,49431
"(0.65875, 0.99625)",1,49432
"(0.49625, 0.99625)",70,49502
"(0.55625, 0.99625)",2,49504
"(0.4359848484848485, 0.9962121212121212)",2,49506
"(0.5390151515151516, 0.9962121212121212)",1,49507
"(0.4636363636363636, 0.9962121212121212)",3,49510
"(0.6575757575757576, 0.9962121212121212)",4,49514
"(0.4965909090909091, 0.9962121212121212)",1,49515
"(0.4204545454545454, 0.9962121212121212)",4,49519
"(0.456060606060606, 0.9962121212121212)",2,49521
"(0.6284090909090909, 0.9962121212121212)",1,49522
"(0.459469696969697, 0.9962121212121212)",2,49524
"(0.3159090909090909, 0.9962121212121212)",2,49526
"(0.4549242424242424, 0.9962121212121212)",3,49529
"(0.2352272727272727, 0.9962121212121212)",5,49534
"(0.4276515151515151, 0.9962121212121212)",4,49538
"(0.5333333333333333, 0.9962121212121212)",1,49539
"(0.2102272727272727, 0.9962121212121212)",2,49541
"(0.4632575757575757, 0.9962121212121212)",6,49547
"(0.6321969696969697, 0.9962121212121212)",3,49550
"(0.209090909090909, 0.9962121212121212)",1,49551
"(0.6799242424242424, 0.9962121212121212)",1,49552
"(0.2784090909090909, 0.9962121212121212)",3,49555
"(0.4462121212121212, 0.9962121212121212)",4,49559
"(0.4753787878787879, 0.9962121212121212)",3,49562
"(0.3768939393939394, 0.9962121212121212)",3,49565
"(0.3473484848484848, 0.9962121212121212)",3,49568
"(0.2723484848484848, 0.9962121212121212)",3,49571
"(0.4556818181818182, 0.9962121212121212)",4,49575
"(0.5890151515151515, 0.9962121212121212)",1,49576
"(0.6954545454545454, 0.9962121212121212)",1,49577
"(0.4621212121212121, 0.9962121212121212)",3,49580
"(0.4378787878787878, 0.9962121212121212)",1,49581
"(0.4537878787878788, 0.9962121212121212)",3,49584
"(0.4291666666666666, 0.9962121212121212)",2,49586
"(0.3318181818181818, 0.9962121212121212)",3,49589
"(0.5428030303030303, 0.9962121212121212)",1,49590
"(0.3678030303030303, 0.9962121212121212)",1,49591
"(0.2431818181818182, 0.9962121212121212)",1,49592
"(0.4208333333333333, 0.9962121212121212)",1,49593
"(0.2981060606060606, 0.9962121212121212)",1,49594
"(0.4568181818181818, 0.9962121212121212)",1,49595
"(0.5378787878787878, 0.9962121212121212)",2,49597
"(0.7246212121212121, 0.9962121212121212)",3,49600
"(0.3484848484848485, 0.9962121212121212)",3,49603
"(0.4666666666666667, 0.9962121212121212)",2,49605
"(0.5950757575757576, 0.9962121212121212)",2,49607
"(0.3575757575757576, 0.9962121212121212)",2,49609
"(0.3321969696969697, 0.9962121212121212)",3,49612
"(0.4659090909090909, 0.9962121212121212)",1,49613
"(0.5356060606060606, 0.9962121212121212)",3,49616
"(0.5265151515151515, 0.9962121212121212)",1,49617
"(0.5443181818181818, 0.9962121212121212)",1,49618
"(0.7325757575757575, 0.9962121212121212)",1,49619
"(0.4356060606060606, 0.9962121212121212)",2,49621
"(0.4787878787878787, 0.9962121212121212)",3,49624
"(0.4848484848484848, 0.9962121212121212)",1,49625
"(0.4821969696969697, 0.9962121212121212)",2,49627
"(0.4333333333333333, 0.9962121212121212)",3,49630
"(0.6681818181818182, 0.9962121212121212)",2,49632
"(0.2943181818181818, 0.9962121212121212)",4,49636
"(0.4579545454545454, 0.9962121212121212)",1,49637
"(0.5321969696969697, 0.9962121212121212)",1,49638
"(0.4799242424242424, 0.9962121212121212)",1,49639
"(0.7708333333333334, 0.9962121212121212)",1,49640
"(0.531439393939394, 0.9962121212121212)",2,49642
"(0.3117424242424242, 0.9962121212121212)",2,49644
"(0.656439393939394, 0.9962121212121212)",3,49647
"(0.5412878787878788, 0.9962121212121212)",1,49648
"(0.4496212121212121, 0.9962121212121212)",1,49649
"(0.4382575757575757, 0.9962121212121212)",2,49651
"(0.3666666666666666, 0.9962121212121212)",3,49654
"(0.5287878787878788, 0.9962121212121212)",1,49655
"(0.5037878787878788, 0.9962121212121212)",1,49656
"(0.296969696969697, 0.9962121212121212)",1,49657
"(0.4606060606060606, 0.9962121212121212)",6,49663
"(0.5034090909090909, 0.9962121212121212)",4,49667
"(0.4469696969696969, 0.9962121212121212)",1,49668
"(0.3844696969696969, 0.9962121212121212)",1,49669
"(0.5871212121212122, 0.9962121212121212)",1,49670
"(0.4518939393939394, 0.9962121212121212)",3,49673
"(0.4428030303030303, 0.9962121212121212)",5,49678
"(0.4617424242424242, 0.9962121212121212)",1,49679
"(0.4553030303030303, 0.9962121212121212)",3,49682
"(0.228030303030303, 0.9962121212121212)",5,49687
"(0.4856060606060606, 0.9962121212121212)",2,49689
"(0.2424242424242424, 0.9962121212121212)",2,49691
"(0.6765151515151515, 0.9962121212121212)",3,49694
"(0.8007575757575758, 0.9962121212121212)",1,49695
"(0.440530303030303, 0.9962121212121212)",1,49696
"(0.484090909090909, 0.9962121212121212)",1,49697
"(0.3431818181818182, 0.9962121212121212)",1,49698
"(0.4803030303030303, 0.9962121212121212)",3,49701
"(0.468560606060606, 0.9962121212121212)",3,49704
"(0.7212121212121212, 0.9962121212121212)",2,49706
"(0.3696969696969697, 0.9962121212121212)",1,49707
"(0.5272727272727272, 0.9962121212121212)",1,49708
"(0.4507575757575757, 0.9962121212121212)",1,49709
"(0.6685606060606061, 0.9962121212121212)",2,49711
"(0.4662878787878788, 0.9962121212121212)",1,49712
"(0.4647727272727273, 0.9962121212121212)",1,49713
"(0.5481060606060606, 0.9962121212121212)",3,49716
"(0.5121212121212121, 0.9962121212121212)",6,49722
"(0.4132575757575757, 0.9962121212121212)",4,49726
"(0.6068181818181818, 0.9962121212121212)",1,49727
"(0.3409090909090909, 0.9962121212121212)",6,49733
"(0.5602272727272727, 0.9962121212121212)",3,49736
"(0.509469696969697, 0.9962121212121212)",4,49740
"(0.5431818181818182, 0.9962121212121212)",3,49743
"(0.709469696969697, 0.9962121212121212)",1,49744
"(0.4909090909090909, 0.9962121212121212)",3,49747
"(0.4253787878787878, 0.9962121212121212)",3,49750
"(0.4340909090909091, 0.9962121212121212)",3,49753
"(0.4678030303030303, 0.9962121212121212)",2,49755
"(0.4079545454545454, 0.9962121212121212)",1,49756
"(0.6718181818181819, 0.9959090909090909)",1,49757
"(0.7622727272727273, 0.9959090909090909)",1,49758
"(0.7059090909090909, 0.9959090909090909)",1,49759
"(0.7118181818181818, 0.9959090909090909)",1,49760
"(0.634090909090909, 0.9959090909090909)",1,49761
"(0.7245454545454545, 0.9959090909090909)",2,49763
"(0.7, 0.9959090909090909)",1,49764
"(0.7404545454545455, 0.9959090909090909)",2,49766
"(0.7731818181818182, 0.9959090909090909)",1,49767
"(0.6427272727272727, 0.9959090909090909)",1,49768
"(0.649090909090909, 0.9959090909090909)",1,49769
"(0.6722727272727272, 0.9959090909090909)",2,49771
"(0.7413636363636363, 0.9959090909090909)",2,49773
"(0.6322727272727273, 0.9959090909090909)",1,49774
"(0.6577272727272727, 0.9959090909090909)",1,49775
"(0.7427272727272727, 0.9959090909090909)",1,49776
"(0.6127272727272727, 0.9959090909090909)",3,49779
"(0.7295454545454545, 0.9959090909090909)",1,49780
"(0.6486363636363637, 0.9959090909090909)",1,49781
"(0.7436363636363637, 0.9959090909090909)",2,49783
"(0.705, 0.9959090909090909)",1,49784
"(0.7804545454545454, 0.9959090909090909)",2,49786
"(0.6663636363636364, 0.9959090909090909)",1,49787
"(0.725, 0.9959090909090909)",1,49788
"(0.6736363636363636, 0.9959090909090909)",1,49789
"(0.7563636363636363, 0.9959090909090909)",3,49792
"(0.7195454545454546, 0.9959090909090909)",1,49793
"(0.6518181818181819, 0.9959090909090909)",1,49794
"(0.7140909090909091, 0.9959090909090909)",2,49796
"(0.7109090909090909, 0.9959090909090909)",1,49797
"(0.6863636363636364, 0.9959090909090909)",1,49798
"(0.7004545454545454, 0.9959090909090909)",1,49799
"(0.7036363636363636, 0.9959090909090909)",2,49801
"(0.6572727272727272, 0.9959090909090909)",1,49802
"(0.775, 0.9959090909090909)",1,49803
"(0.6677272727272727, 0.9959090909090909)",1,49804
"(0.5904545454545455, 0.9959090909090909)",1,49805
"(0.6777272727272727, 0.9959090909090909)",1,49806
"(0.7086363636363636, 0.9959090909090909)",8,49814
"(0.74, 0.9959090909090909)",2,49816
"(0.6509090909090909, 0.9959090909090909)",1,49817
"(0.6995454545454546, 0.9959090909090909)",3,49820
"(0.6945454545454546, 0.9959090909090909)",1,49821
"(0.7318181818181818, 0.9959090909090909)",1,49822
"(0.6409090909090909, 0.9959090909090909)",3,49825
"(0.6609090909090909, 0.9959090909090909)",2,49827
"(0.7768181818181819, 0.9959090909090909)",6,49833
"(0.6831818181818182, 0.9959090909090909)",1,49834
"(0.7522727272727273, 0.9959090909090909)",1,49835
"(0.68, 0.9959090909090909)",2,49837
"(0.7018181818181818, 0.9959090909090909)",3,49840
"(0.7045454545454546, 0.9959090909090909)",2,49842
"(0.5918181818181818, 0.9959090909090909)",1,49843
"(0.5868181818181818, 0.9959090909090909)",1,49844
"(0.6168181818181818, 0.9959090909090909)",1,49845
"(0.6795454545454546, 0.9959090909090909)",1,49846
"(0.6559090909090909, 0.9959090909090909)",2,49848
"(0.7368181818181818, 0.9959090909090909)",1,49849
"(0.745, 0.9959090909090909)",3,49852
"(0.6327272727272727, 0.9959090909090909)",1,49853
"(0.7040909090909091, 0.9959090909090909)",1,49854
"(0.7709090909090909, 0.9959090909090909)",1,49855
"(0.6318181818181818, 0.9959090909090909)",1,49856
"(0.4049242424242424, 0.9958333333333332)",3,49859
"(0.8875, 0.9958333333333332)",29,49888
"(0.9708333333333332, 0.9958333333333332)",272,50160
