value,count,cumulative_sum
"(0.6427519820376963, 1.0)",6,6
"(0.6108314263920671, 1.0)",1,7
"(0.7155865061590146, 1.0)",1,8
"(0.8592657752039796, 1.0)",8,16
"(0.6823744006670837, 1.0)",1,17
"(0.8756049960967994, 1.0)",1,18
"(0.7976024137861208, 1.0)",1,19
"(0.8110682791635173, 1.0)",13,32
"(0.8062845268711453, 1.0)",1,33
"(0.8281603040739253, 1.0)",3,36
"(0.8055555555555556, 1.0)",1,37
"(0.8596618357487924, 1.0)",21,58
"(0.832843137254902, 1.0)",1,59
"(0.7092475655908492, 1.0)",1,60
"(0.8194074731341813, 1.0)",6,66
"(0.8343125868233473, 1.0)",1,67
"(0.8432786157941438, 1.0)",1,68
"(0.9166666666666666, 1.0)",1,69
"(0.4943189964157706, 1.0)",49,118
"(0.9153127183787562, 1.0)",11,129
"(0.7301587301587301, 1.0)",1,130
"(0.972281746031746, 1.0)",15,145
"(0.8587801087801087, 1.0)",1,146
"(0.8310307178060801, 1.0)",2,148
"(0.8614170116633171, 1.0)",1,149
"(0.8192305107526882, 1.0)",1,150
"(0.724804131054131, 1.0)",3,153
"(0.692829206701158, 1.0)",1,154
"(0.4878472222222222, 1.0)",1,155
"(0.756927123330562, 1.0)",1,156
"(0.8085259100433108, 1.0)",11,167
"(0.8063851452802315, 1.0)",1,168
"(0.8153535353535353, 1.0)",1,169
"(0.6869123470719676, 1.0)",1,170
"(0.7935553056804932, 1.0)",1,171
"(0.8884778134778135, 1.0)",5,176
"(0.8300790202783559, 1.0)",2,178
"(0.7758629554289019, 1.0)",1,179
"(0.6020449077786688, 1.0)",1,180
"(0.97899550533801, 1.0)",1,181
"(0.8760238095238095, 1.0)",1,182
"(0.4609816352782865, 1.0)",16,198
"(0.8390424521630195, 1.0)",4,202
"(0.9749088814411396, 1.0)",2,204
"(0.838301471154743, 1.0)",11,215
"(0.8753086419753084, 1.0)",4,219
"(0.9309821833269412, 1.0)",1,220
"(0.8224631915554647, 1.0)",1,221
"(0.8449106413122807, 1.0)",6,227
"(0.7709171448706333, 1.0)",2,229
"(0.9310483384791604, 1.0)",5,234
"(0.9252708829381258, 1.0)",3,237
"(0.4255117986159442, 1.0)",3,240
"(0.549813159936279, 1.0)",3,243
"(0.7871012248777423, 1.0)",1,244
"(0.9154520780570968, 1.0)",1,245
"(0.7059812575723858, 1.0)",1,246
"(0.7220619658119658, 1.0)",1,247
"(0.8305250305250303, 1.0)",2,249
"(0.8879365079365079, 1.0)",1,250
"(0.8577501780626781, 1.0)",1,251
"(0.6164277827081168, 1.0)",1,252
"(0.8848365568890763, 1.0)",1,253
"(0.7458851447555765, 1.0)",1,254
"(0.4012260196502799, 1.0)",5,259
"(0.9580602951397298, 1.0)",1,260
"(0.9707802886550516, 1.0)",2,262
"(0.962699692780338, 1.0)",1,263
"(0.9873444118605408, 1.0)",2,265
"(0.6049474374542553, 1.0)",30,295
"(0.915225485035732, 1.0)",1,296
"(0.957630187612848, 1.0)",1,297
"(0.7584922200306815, 1.0)",1,298
"(0.9297326845255915, 1.0)",2,300
"(0.7349394055364205, 1.0)",2,302
"(0.8853240740740742, 1.0)",1,303
"(0.4937625125125124, 1.0)",1,304
"(0.8307349903094585, 1.0)",5,309
"(0.7837066533930646, 1.0)",1,310
"(0.8178752003946232, 1.0)",2,312
"(0.9022292915996296, 1.0)",3,315
"(0.8318290279074593, 1.0)",13,328
"(0.9017715617715616, 1.0)",19,347
"(0.7368760064412239, 1.0)",17,364
"(0.8872426490351017, 1.0)",3,367
"(0.7977749180480272, 1.0)",6,373
"(0.7580266955266955, 1.0)",7,380
"(0.7530427440018636, 1.0)",2,382
"(0.7400877590978021, 1.0)",1,383
"(0.7326851851851852, 1.0)",2,385
"(0.8852629578963369, 1.0)",2,387
"(0.8902783631946863, 1.0)",16,403
"(0.7836699859544369, 1.0)",2,405
"(0.8260618349904064, 1.0)",3,408
"(0.8482801751094435, 1.0)",1,409
"(0.8242618274196235, 1.0)",1,410
"(0.8342074592074593, 1.0)",3,413
"(0.7961989230281913, 1.0)",9,422
"(0.6954156954156954, 1.0)",5,427
"(0.9499358151476252, 1.0)",12,439
"(0.7820160586118033, 1.0)",3,442
"(0.6080315348608032, 1.0)",3,445
"(0.6177248677248677, 1.0)",2,447
"(0.8333333333333334, 1.0)",6,453
"(0.7460317460317459, 1.0)",12,465
"(0.6969696969696969, 1.0)",3,468
"(0.8491514770584537, 1.0)",15,483
"(0.6658312447786131, 1.0)",3,486
"(0.8670139869650273, 1.0)",2,488
"(0.8645971914264597, 1.0)",3,491
"(0.8355992355992357, 1.0)",3,494
"(0.8497658497658497, 1.0)",3,497
"(0.958422459893048, 1.0)",2,499
"(0.735643158757169, 1.0)",2,501
"(0.7882395382395383, 1.0)",9,510
"(0.8326036088194143, 1.0)",2,512
"(0.7906452533041516, 1.0)",2,514
"(0.6911324786324786, 1.0)",9,523
"(0.874047619047619, 1.0)",10,533
"(0.8897050022050021, 1.0)",1,534
"(0.7562136521052955, 1.0)",3,537
"(0.8886514719848052, 1.0)",1,538
"(0.9305555555555556, 1.0)",2,540
"(0.8602631935965268, 1.0)",1,541
"(0.8417378917378917, 1.0)",1,542
"(0.5993386243386243, 1.0)",1,543
"(0.8059480202337346, 1.0)",2,545
"(0.7449564180930641, 1.0)",2,547
"(0.8424311354727423, 1.0)",1,548
"(0.9031584325039068, 1.0)",2,550
"(0.9579305879305878, 1.0)",1,551
"(0.8464596949891068, 1.0)",1,552
"(0.4779320987654321, 1.0)",1,553
"(0.7892398948433432, 1.0)",1,554
"(0.6590846340846341, 1.0)",2,556
"(0.972420634920635, 1.0)",9,565
"(0.7485755465708296, 1.0)",2,567
"(0.9146901709401708, 1.0)",9,576
"(0.7837735276259866, 1.0)",2,578
"(0.8879787907565686, 1.0)",4,582
"(0.734047550570415, 1.0)",1,583
"(0.7735205142749102, 1.0)",2,585
"(0.7436755530346001, 1.0)",1,586
"(0.7547619047619047, 1.0)",1,587
"(0.7923986239203631, 1.0)",1,588
"(0.7940388012109323, 1.0)",4,592
"(0.7348436174331348, 1.0)",19,611
"(0.5836197591348022, 1.0)",3,614
"(0.9158409985615868, 1.0)",1,615
"(0.59638347550428, 1.0)",29,644
"(0.8523797616070684, 1.0)",1,645
"(0.5778206440811193, 1.0)",7,652
"(0.6112336360789226, 1.0)",2,654
"(0.5459165183258022, 1.0)",29,683
"(0.5952874206793579, 1.0)",30,713
"(0.1884619155493628, 1.0)",30,743
"(0.9365496267832196, 1.0)",1,744
"(0.9792521035784794, 1.0)",1,745
"(0.6088842547573518, 1.0)",30,775
"(0.606993006993007, 1.0)",29,804
"(0.4777955536474655, 1.0)",11,815
"(0.4632547082040988, 1.0)",30,845
"(0.8435371534737285, 1.0)",1,846
"(0.9062499413111376, 1.0)",1,847
"(0.8594436844505243, 1.0)",1,848
"(0.8560274494853222, 1.0)",1,849
"(0.8131627957608075, 1.0)",1,850
"(0.4037090566294931, 1.0)",9,859
"(0.2184301094356221, 1.0)",6,865
"(0.3784594749952097, 1.0)",1,866
"(0.4527941410181702, 1.0)",1,867
"(0.4049163909196675, 1.0)",12,879
"(0.4051929257846971, 1.0)",2,881
"(0.4514795008912656, 1.0)",11,892
"(0.2372024545510323, 1.0)",9,901
"(0.6211534794826514, 1.0)",30,931
"(0.3576232382100425, 1.0)",1,932
"(0.4670357941834451, 1.0)",10,942
"(0.4937125269096371, 1.0)",14,956
"(0.3974337753332183, 1.0)",15,971
"(0.5261709490066349, 1.0)",30,1001
"(0.1500716412252043, 1.0)",8,1009
"(0.5896957700576321, 1.0)",6,1015
"(0.4403449749235543, 1.0)",24,1039
"(0.7218114213846213, 1.0)",29,1068
"(0.5915486782249667, 1.0)",29,1097
"(0.3991357684021978, 1.0)",28,1125
"(0.8845244231527244, 1.0)",1,1126
"(0.711778806550463, 1.0)",29,1155
"(0.8517690928240017, 1.0)",5,1160
"(0.8210319542875959, 1.0)",1,1161
"(0.4405426821487814, 1.0)",1,1162
"(0.6999125188004703, 1.0)",2,1164
"(0.4567442396313363, 1.0)",9,1173
"(0.5645385516935667, 1.0)",2,1175
"(0.5314564773657704, 1.0)",2,1177
"(0.6735455459483788, 1.0)",1,1178
"(0.5487040682414698, 1.0)",2,1180
"(0.5137191166071107, 1.0)",2,1182
"(0.5680110729159855, 1.0)",2,1184
"(0.3954797542367857, 1.0)",1,1185
"(0.5187265478394772, 1.0)",2,1187
"(0.6506175903370293, 1.0)",2,1189
"(0.6540728266539656, 1.0)",2,1191
"(0.5675807533251369, 1.0)",2,1193
"(0.3899787286884722, 1.0)",2,1195
"(0.5046617565500936, 1.0)",1,1196
"(0.3471124103309341, 1.0)",6,1202
"(0.4764446924603174, 1.0)",1,1203
"(0.5522792022792022, 1.0)",2,1205
"(0.3506832674571805, 1.0)",8,1213
"(0.6070991828496547, 1.0)",29,1242
"(0.2954225865399132, 1.0)",15,1257
"(0.5235735740769297, 1.0)",30,1287
"(0.7742295620819575, 1.0)",30,1317
"(0.2214590876870318, 1.0)",30,1347
"(0.4085833743236595, 1.0)",28,1375
"(0.7521214129188376, 1.0)",28,1403
"(0.3317695658368551, 1.0)",15,1418
"(0.415019773520844, 1.0)",1,1419
"(0.5005466528962331, 1.0)",13,1432
"(0.6800130179603725, 1.0)",26,1458
"(0.5128312922867378, 1.0)",2,1460
"(0.5257775886235471, 1.0)",2,1462
"(0.6015289559276157, 1.0)",2,1464
"(0.4822651515151516, 1.0)",11,1475
"(0.7350777099102015, 1.0)",30,1505
"(0.4133101229894375, 1.0)",11,1516
"(0.7460630399100241, 1.0)",26,1542
"(0.5521709560790242, 1.0)",28,1570
"(0.4631616549920088, 1.0)",7,1577
"(0.546013779527559, 1.0)",29,1606
"(0.975195619792394, 1.0)",1,1607
"(0.987491854024112, 1.0)",10,1617
"(0.8801870819343937, 1.0)",1,1618
"(0.9332172991312776, 1.0)",2,1620
"(0.3690581214322782, 1.0)",13,1633
"(0.457262827025654, 1.0)",8,1641
"(0.6088071867185179, 1.0)",20,1661
"(0.7024127592418583, 1.0)",28,1689
"(0.8358530587380517, 1.0)",6,1695
"(0.3464973708160582, 1.0)",15,1710
"(0.493185354223825, 1.0)",28,1738
"(0.5909030435404882, 1.0)",19,1757
"(0.987463247273494, 1.0)",3,1760
"(0.1036822132246005, 1.0)",10,1770
"(0.6784791526961461, 1.0)",27,1797
"(0.9750943974852894, 1.0)",4,1801
"(0.6173922423091859, 1.0)",2,1803
"(0.6432772815188069, 1.0)",10,1813
"(0.6019854338794117, 1.0)",31,1844
"(0.4755355605353038, 1.0)",8,1852
"(0.5452310701354139, 1.0)",14,1866
"(0.6892156862745098, 1.0)",11,1877
"(0.3067412107187314, 1.0)",8,1885
"(0.4345640839445211, 1.0)",14,1899
"(0.4795837122630575, 1.0)",16,1915
"(0.6031177317792814, 1.0)",29,1944
"(0.9873891625615764, 1.0)",5,1949
"(0.9582210352371644, 1.0)",3,1952
"(0.9333152311646936, 1.0)",1,1953
"(0.9392241745182922, 1.0)",1,1954
"(0.5361367504335325, 1.0)",4,1958
"(0.3984101488896291, 1.0)",14,1972
"(0.4497336854186499, 1.0)",6,1978
"(0.5592924417056326, 1.0)",26,2004
"(0.5159978271811663, 1.0)",29,2033
"(0.5259912686183872, 1.0)",29,2062
"(0.4990204708059675, 1.0)",7,2069
"(0.5891971035837016, 1.0)",19,2088
"(0.4076247491511041, 1.0)",9,2097
"(0.5750629311033884, 1.0)",26,2123
"(0.664091471262014, 1.0)",29,2152
"(0.712083517595137, 1.0)",27,2179
"(0.4957093292502148, 1.0)",11,2190
"(0.7439393939393939, 1.0)",31,2221
"(0.5951215675790986, 1.0)",30,2251
"(0.991777356103732, 1.0)",2,2253
"(0.9665755481078062, 1.0)",4,2257
"(0.975479255167798, 1.0)",3,2260
"(0.6142380146189402, 1.0)",28,2288
"(0.4776877676981033, 1.0)",13,2301
"(0.6049854216218278, 1.0)",29,2330
"(0.7261814100818125, 1.0)",28,2358
"(0.5668351162239414, 1.0)",29,2387
"(0.5320180604331844, 1.0)",28,2415
"(0.3188477500068535, 1.0)",11,2426
"(0.5142655348168222, 1.0)",30,2456
"(0.6915482942087353, 1.0)",29,2485
"(0.602662742458966, 1.0)",16,2501
"(0.5398840942160625, 1.0)",27,2528
"(0.1808771236817465, 1.0)",10,2538
"(0.4936062160591765, 1.0)",10,2548
"(0.5939549490228829, 1.0)",27,2575
"(0.3584486416678197, 1.0)",9,2584
"(0.5073536286909905, 1.0)",8,2592
"(0.5207596250837986, 1.0)",27,2619
"(0.3545856375860411, 1.0)",30,2649
"(0.2104254576695934, 1.0)",24,2673
"(0.5477955228250537, 1.0)",32,2705
"(0.8093386061814339, 1.0)",3,2708
"(0.6908541194255481, 1.0)",3,2711
"(0.916449550595892, 1.0)",3,2714
"(0.930704099821747, 1.0)",40,2754
"(0.7903875985986362, 1.0)",53,2807
"(0.7856964763329513, 1.0)",8,2815
"(0.8743078626799556, 1.0)",9,2824
"(0.8883678678403513, 1.0)",12,2836
"(0.5166972147349506, 1.0)",30,2866
"(0.5282663316582914, 1.0)",3,2869
"(0.3012339302112029, 1.0)",2,2871
"(0.6675629468295134, 1.0)",29,2900
"(0.9674564520532262, 1.0)",3,2903
"(0.419237903544084, 1.0)",13,2916
"(0.974833726256876, 1.0)",1,2917
"(0.1523541666666666, 1.0)",8,2925
"(0.8748200797381125, 1.0)",10,2935
"(0.7837606837606838, 1.0)",5,2940
"(0.677066737948855, 1.0)",3,2943
"(0.8183621933621934, 1.0)",9,2952
"(0.7545469576719577, 1.0)",50,3002
"(0.2672914952175105, 1.0)",10,3012
"(0.7183489076634237, 1.0)",41,3053
"(0.8224316126353314, 1.0)",10,3063
"(0.9444901834607716, 1.0)",15,3078
"(0.5562558356676003, 1.0)",15,3093
"(0.6760835913312693, 1.0)",47,3140
"(0.812557599070401, 1.0)",52,3192
"(0.8591722063944286, 1.0)",6,3198
"(0.8877034517510707, 1.0)",12,3210
"(0.6749447402728794, 1.0)",11,3221
"(0.8329050741331443, 1.0)",42,3263
"(0.7906575606339199, 1.0)",9,3272
"(0.7344692811916678, 1.0)",51,3323
"(0.765692887308966, 1.0)",9,3332
"(0.8010054664946871, 1.0)",6,3338
"(0.8053381731676306, 1.0)",47,3385
"(0.7632275132275131, 1.0)",43,3428
"(0.8640256615878108, 1.0)",1,3429
"(0.4337472035794183, 1.0)",12,3441
"(0.8308802308802309, 1.0)",3,3444
"(0.6740805942215464, 1.0)",3,3447
"(0.650138830416391, 1.0)",27,3474
"(0.4495135398715946, 1.0)",11,3485
"(0.2214665086585351, 1.0)",7,3492
"(0.702867567752065, 1.0)",29,3521
"(0.8916052423523688, 1.0)",2,3523
"(0.9790693693461476, 1.0)",2,3525
"(0.3304298445783633, 1.0)",3,3528
"(0.8726893261776982, 1.0)",2,3530
"(0.7989676702614233, 1.0)",1,3531
"(0.4009727434617732, 1.0)",8,3539
"(0.3929204539802519, 1.0)",10,3549
"(0.8418648749956689, 1.0)",1,3550
"(0.5821138211382112, 1.0)",1,3551
"(0.8736212624584717, 1.0)",3,3554
"(0.7943622269203664, 1.0)",2,3556
"(0.4743478079735079, 1.0)",12,3568
"(0.9831777451938742, 1.0)",1,3569
"(0.4525211933060535, 1.0)",11,3580
"(0.9835547122074636, 1.0)",1,3581
"(0.8982888105990573, 1.0)",3,3584
"(0.5180472627976135, 1.0)",5,3589
"(0.5123851706036745, 1.0)",23,3612
"(0.5734466317588319, 1.0)",5,3617
"(0.331262443438914, 1.0)",9,3626
"(0.514585158944719, 1.0)",10,3636
"(0.3302862574369368, 1.0)",13,3649
"(0.5685989470330658, 1.0)",28,3677
"(0.9665633291439744, 1.0)",1,3678
"(0.304184857695496, 1.0)",7,3685
"(0.9621616286938868, 1.0)",1,3686
"(0.9830687830687832, 1.0)",1,3687
"(0.9790972342015986, 1.0)",1,3688
"(0.9539751547184644, 1.0)",1,3689
"(0.9490213526488036, 1.0)",1,3690
"(0.8101143854687974, 1.0)",49,3739
"(0.8321429246263439, 1.0)",8,3747
"(0.8193419055822156, 1.0)",9,3756
"(0.2051282051282051, 1.0)",1,3757
"(0.476767449342614, 1.0)",10,3767
"(0.599744651595403, 1.0)",10,3777
"(0.4211083426076231, 1.0)",6,3783
"(0.4268899127926591, 1.0)",10,3793
"(0.6591407524714463, 1.0)",3,3796
"(0.7304951237809453, 1.0)",1,3797
"(0.6047607547714982, 1.0)",29,3826
"(0.5328475640808013, 1.0)",4,3830
"(0.5277652279377781, 1.0)",22,3852
"(0.6435039149365576, 1.0)",29,3881
"(0.5450348040348041, 1.0)",18,3899
"(0.7664480222619757, 1.0)",1,3900
"(0.4817463236342279, 1.0)",3,3903
"(0.5286751006005854, 1.0)",12,3915
"(0.5916005291005291, 1.0)",29,3944
"(0.7873767258382645, 1.0)",1,3945
"(0.7030725566042162, 1.0)",1,3946
"(0.8593554593554595, 1.0)",14,3960
"(0.7545918011034292, 1.0)",1,3961
"(0.3300110741971206, 1.0)",2,3963
"(0.92132700797001, 1.0)",2,3965
"(0.947552083649559, 1.0)",1,3966
"(0.9834113430318364, 1.0)",3,3969
"(0.971023600055858, 1.0)",1,3970
"(0.6776248115321206, 1.0)",1,3971
"(0.7330703484549639, 1.0)",2,3973
"(0.917283950617284, 1.0)",4,3977
"(0.7942038054814895, 1.0)",6,3983
"(0.2710113076866549, 1.0)",14,3997
"(0.8887940768066828, 1.0)",3,4000
"(0.5922323439296439, 1.0)",6,4006
"(0.8967778972053937, 1.0)",3,4009
"(0.4901162790697674, 1.0)",1,4010
"(0.8214334285325716, 1.0)",2,4012
"(0.5208957469413343, 1.0)",12,4024
"(0.8310777799491891, 1.0)",21,4045
"(0.8112275321577646, 1.0)",5,4050
"(0.9269284534248317, 1.0)",1,4051
"(0.902192297684101, 1.0)",15,4066
"(0.6736022307473716, 1.0)",7,4073
"(0.8056354979267693, 1.0)",12,4085
"(0.846098299557419, 1.0)",10,4095
"(0.9301209372637944, 1.0)",11,4106
"(0.7516483516483518, 1.0)",8,4114
"(0.8741696772871107, 1.0)",9,4123
"(0.94484126984127, 1.0)",10,4133
"(0.9299507899507898, 1.0)",46,4179
"(0.9022759891180944, 1.0)",12,4191
"(0.9027777777777778, 1.0)",42,4233
"(0.8229870141950848, 1.0)",95,4328
"(0.8266173510466989, 1.0)",49,4377
"(0.9436368312757202, 1.0)",14,4391
"(0.8880748880748881, 1.0)",12,4403
"(0.8278311965811965, 1.0)",4,4407
"(0.9172008547008548, 1.0)",10,4417
"(0.5187734941865547, 1.0)",10,4427
"(0.9445235834124724, 1.0)",56,4483
"(0.7656073923822403, 1.0)",72,4555
"(0.933249791144528, 1.0)",79,4634
"(0.5910680656443368, 1.0)",87,4721
"(0.9008025849489264, 1.0)",68,4789
"(0.7612958226768967, 1.0)",65,4854
"(0.8372053872053872, 1.0)",75,4929
"(0.8208353559736048, 1.0)",7,4936
"(0.9026337658413128, 1.0)",11,4947
"(0.8161512501917472, 1.0)",7,4954
"(0.8876473063973064, 1.0)",15,4969
"(0.8044914258149553, 1.0)",10,4979
"(0.8874191651969431, 1.0)",15,4994
"(0.874450386215092, 1.0)",12,5006
"(0.90224161204236, 1.0)",10,5016
"(0.8715449064286274, 1.0)",2,5018
"(0.869342312953804, 1.0)",1,5019
"(0.9090190634069856, 1.0)",3,5022
"(0.5943528693528694, 1.0)",24,5046
"(0.902764590611026, 1.0)",1,5047
"(0.563035225158132, 1.0)",29,5076
"(0.9412964149491664, 1.0)",3,5079
"(0.8871082621082622, 1.0)",15,5094
"(0.93773047895128, 1.0)",1,5095
"(0.9749706744868036, 1.0)",1,5096
"(0.9503122778456484, 1.0)",1,5097
"(0.917463536862289, 1.0)",1,5098
"(0.8740282972841112, 1.0)",7,5105
"(0.8951352851987101, 1.0)",1,5106
"(0.8359911406423035, 1.0)",1,5107
"(0.8536277430109583, 1.0)",1,5108
"(0.9106847145222836, 1.0)",1,5109
"(0.7968963105438014, 1.0)",1,5110
"(0.7738554195462539, 1.0)",2,5112
"(0.8620014245014246, 1.0)",7,5119
"(0.6444891298012474, 1.0)",12,5131
"(0.4708333333333333, 1.0)",3,5134
"(0.4633466015586465, 1.0)",30,5164
"(0.5292931359082562, 1.0)",27,5191
"(0.5713589452420405, 1.0)",3,5194
"(0.3860590631364562, 1.0)",9,5203
"(0.6460231360441068, 1.0)",7,5210
"(0.5981266189834885, 1.0)",9,5219
"(0.3262466548275309, 1.0)",10,5229
"(0.5126865457302712, 1.0)",9,5238
"(0.8847822547822548, 1.0)",13,5251
"(0.5191356753598758, 1.0)",30,5281
"(0.503514376678064, 1.0)",13,5294
"(0.5578924994108273, 1.0)",29,5323
"(0.6870644599303137, 1.0)",11,5334
"(0.4566269759061861, 1.0)",11,5345
"(0.9630015205821658, 1.0)",1,5346
"(0.3618298321342925, 1.0)",7,5353
"(0.7696694288514657, 1.0)",1,5354
"(0.8739378354203935, 1.0)",2,5356
"(0.8917140396210165, 1.0)",1,5357
"(0.8631546198466533, 1.0)",2,5359
"(0.7435897435897435, 1.0)",9,5368
"(0.6542079837274346, 1.0)",3,5371
"(0.9331662489557228, 1.0)",17,5388
"(0.8124563928135357, 1.0)",3,5391
"(0.8108747044917258, 1.0)",6,5397
"(0.721056721056721, 1.0)",12,5409
"(0.771779679613781, 1.0)",3,5412
"(0.8166903745851114, 1.0)",2,5414
"(0.7651046271735927, 1.0)",2,5416
"(0.9661959777492511, 1.0)",3,5419
"(0.8283298826777087, 1.0)",2,5421
"(0.7306397306397308, 1.0)",2,5423
"(0.851037851037851, 1.0)",3,5426
"(0.9132521225544482, 1.0)",2,5428
"(0.7640454555806062, 1.0)",3,5431
"(0.8314237582530265, 1.0)",2,5433
"(0.8490736316823273, 1.0)",3,5436
"(0.7471116816431321, 1.0)",3,5439
"(0.7417524659802721, 1.0)",1,5440
"(0.7942771556641777, 1.0)",1,5441
"(0.9159519550217224, 1.0)",1,5442
"(0.8349245833967149, 1.0)",2,5444
"(0.8131835341697149, 1.0)",3,5447
"(0.7994564678905576, 1.0)",1,5448
"(0.8647190413055609, 1.0)",2,5450
"(0.8435740514075887, 1.0)",1,5451
"(0.8452611218568665, 1.0)",8,5459
"(0.7514159241564776, 1.0)",1,5460
"(0.75644561279016, 1.0)",1,5461
"(0.867604110329908, 1.0)",1,5462
"(0.913471232954048, 1.0)",1,5463
"(0.838225667527993, 1.0)",1,5464
"(0.8435517970401691, 1.0)",1,5465
"(0.8564088034923205, 1.0)",1,5466
"(0.5370179311865358, 1.0)",25,5491
"(0.7796429467887724, 1.0)",1,5492
"(0.8725285568772964, 1.0)",1,5493
"(0.8887868801004395, 1.0)",1,5494
"(0.3354976707716434, 1.0)",11,5505
"(0.8208672086720867, 1.0)",2,5507
"(0.9155669599217986, 1.0)",2,5509
"(0.8890432098765432, 1.0)",2,5511
"(0.8085976872468708, 1.0)",1,5512
"(0.4523958281268222, 1.0)",1,5513
"(0.809910701215049, 1.0)",1,5514
"(0.8741340408491008, 1.0)",1,5515
"(0.675924061824263, 1.0)",1,5516
"(0.9015592112551236, 1.0)",1,5517
"(0.7243716931216932, 1.0)",1,5518
"(0.92975135975136, 1.0)",1,5519
"(0.7722169562433654, 1.0)",2,5521
"(0.4790513120764785, 1.0)",7,5528
"(0.9293598200132946, 1.0)",1,5529
"(0.649621212121212, 1.0)",1,5530
"(0.6430200463634697, 1.0)",29,5559
"(0.6975373482726425, 1.0)",2,5561
"(0.8251731614605581, 1.0)",1,5562
"(0.8402876991030895, 1.0)",1,5563
"(0.9074935400516796, 1.0)",1,5564
"(0.8993128964059197, 1.0)",1,5565
"(0.7768308536761519, 1.0)",1,5566
"(0.8097524381095272, 1.0)",1,5567
"(0.7686844739476318, 1.0)",5,5572
"(0.7794241245535004, 1.0)",1,5573
"(0.8581086546083114, 1.0)",1,5574
"(0.6576105142655866, 1.0)",27,5601
"(0.8617875180375181, 1.0)",2,5603
"(0.8182746938899523, 1.0)",1,5604
"(0.7275593800322061, 1.0)",1,5605
"(0.4997347908306813, 1.0)",2,5607
"(0.8621197352815, 1.0)",1,5608
"(0.8074690347739995, 1.0)",1,5609
"(0.8296618357487922, 1.0)",1,5610
"(0.5478924718653392, 1.0)",30,5640
"(0.6093023570994882, 1.0)",1,5641
"(0.433281060850566, 1.0)",11,5652
"(0.485879976270526, 1.0)",12,5664
"(0.564922563324656, 1.0)",11,5675
"(0.7347448804741066, 1.0)",27,5702
"(0.5204993238647946, 1.0)",30,5732
"(0.5169410170491575, 1.0)",6,5738
"(0.5553137530257395, 1.0)",5,5743
"(0.4897415065188988, 1.0)",6,5749
"(0.2520817505905556, 1.0)",9,5758
"(0.9834440227703986, 1.0)",3,5761
"(0.6011178661408698, 1.0)",28,5789
"(0.5932092007364075, 1.0)",30,5819
"(0.2806699331680662, 1.0)",11,5830
"(0.5315938119639068, 1.0)",28,5858
"(0.503442416215342, 1.0)",11,5869
"(0.5173573838463876, 1.0)",4,5873
"(0.518883018547448, 1.0)",10,5883
"(0.6052212368618619, 1.0)",4,5887
"(0.8584175084175085, 1.0)",2,5889
"(0.8605083900600204, 1.0)",1,5890
"(0.9441468253968254, 1.0)",1,5891
"(0.7008726156973109, 1.0)",1,5892
"(0.7513138206634794, 1.0)",2,5894
"(0.9280317595086728, 1.0)",2,5896
"(0.8621031746031745, 1.0)",5,5901
"(0.5169470317739897, 1.0)",28,5929
"(0.4867288782831281, 1.0)",3,5932
"(0.9294287857678706, 1.0)",1,5933
"(0.7084717607973421, 1.0)",2,5935
"(0.4971911339651811, 1.0)",10,5945
"(0.3930894945067609, 1.0)",5,5950
"(0.6759040330903159, 1.0)",30,5980
"(0.7772049591964847, 1.0)",6,5986
"(0.7214747213672065, 1.0)",1,5987
"(0.5058474231263439, 1.0)",2,5989
"(0.6759495516512356, 1.0)",1,5990
"(0.8441415402639044, 1.0)",14,6004
"(0.6813936996863826, 1.0)",9,6013
"(0.6767580302172832, 1.0)",11,6024
"(0.8344065656565657, 1.0)",4,6028
"(0.8558506308506308, 1.0)",10,6038
"(0.902898027898028, 1.0)",9,6047
"(0.8432844932844933, 1.0)",10,6057
"(0.7280584513944579, 1.0)",11,6068
"(0.8087623896023756, 1.0)",1,6069
"(0.8458949964763919, 1.0)",1,6070
"(0.4039045743444857, 1.0)",23,6093
"(0.8352271364897016, 1.0)",2,6095
"(0.5196889482452458, 1.0)",1,6096
"(0.6262373285629099, 1.0)",1,6097
"(0.893146638589877, 1.0)",22,6119
"(0.6343933740388964, 1.0)",1,6120
"(0.8110714507900957, 1.0)",9,6129
"(0.8887419165196944, 1.0)",8,6137
"(0.5777431497416047, 1.0)",1,6138
"(0.8860455063826657, 1.0)",11,6149
"(0.8312474562474562, 1.0)",9,6158
"(0.9032855633136024, 1.0)",12,6170
"(0.8459744503862151, 1.0)",11,6181
"(0.7404350561362756, 1.0)",10,6191
"(0.6526770767943084, 1.0)",10,6201
"(0.8475002808673183, 1.0)",13,6214
"(0.9860411258716344, 1.0)",6,6220
"(0.679403773242835, 1.0)",2,6222
"(0.8148308968977662, 1.0)",28,6250
"(0.5469587499213985, 1.0)",2,6252
"(0.7962397203531956, 1.0)",4,6256
"(0.8604306971015356, 1.0)",8,6264
"(0.900983347688774, 1.0)",11,6275
"(0.8308201058201059, 1.0)",10,6285
"(0.5218438528010998, 1.0)",9,6294
"(0.564231844088987, 1.0)",1,6295
"(0.3585413514575588, 1.0)",1,6296
"(0.5260227547809246, 1.0)",32,6328
"(0.8656512412692597, 1.0)",2,6330
"(0.8843764852418178, 1.0)",4,6334
"(0.7582742502529097, 1.0)",2,6336
"(0.7278552747939785, 1.0)",4,6340
"(0.6872735507246376, 1.0)",4,6344
"(0.7157482018564546, 1.0)",1,6345
"(0.1751566951566951, 1.0)",8,6353
"(0.661050061050061, 1.0)",1,6354
"(0.6743871513102283, 1.0)",4,6358
"(0.401652976500311, 1.0)",2,6360
"(0.8181654379194883, 1.0)",4,6364
"(0.8091777408637875, 1.0)",1,6365
"(0.8315995778682346, 1.0)",6,6371
"(0.7401844059863599, 1.0)",8,6379
"(0.789994229453279, 1.0)",7,6386
"(0.7855494505494506, 1.0)",5,6391
"(0.9072982531347122, 1.0)",2,6393
"(0.5626274989800081, 1.0)",4,6397
"(0.5066418935372837, 1.0)",3,6400
"(0.8580559516200404, 1.0)",3,6403
"(0.5949150182078973, 1.0)",1,6404
"(0.544915263097564, 1.0)",30,6434
"(0.4510894164249752, 1.0)",2,6436
"(0.4747763864042934, 1.0)",29,6465
"(0.4648065695791297, 1.0)",1,6466
"(0.8517341550708587, 1.0)",2,6468
"(0.9283492201721758, 1.0)",1,6469
"(0.6085487618529295, 1.0)",1,6470
"(0.8563668179858486, 1.0)",3,6473
"(0.9418479305417444, 1.0)",2,6475
"(0.6025384620441595, 1.0)",31,6506
"(0.8112169414494997, 1.0)",2,6508
"(0.4976493767325073, 1.0)",2,6510
"(0.9202657807308968, 1.0)",1,6511
"(0.7962102115226081, 1.0)",1,6512
"(0.8221762134805614, 1.0)",14,6526
"(0.6324707692241994, 1.0)",7,6533
"(0.8602426706085242, 1.0)",8,6541
"(0.9791299139401608, 1.0)",1,6542
"(0.8443691323092412, 1.0)",3,6545
"(0.9748850895736324, 1.0)",2,6547
"(0.2537048100490196, 1.0)",9,6556
"(0.2309709141375595, 1.0)",6,6562
"(0.6090651266678423, 1.0)",18,6580
"(0.9833211143695014, 1.0)",6,6586
"(0.9744745723240348, 1.0)",6,6592
"(0.6050868628167587, 1.0)",7,6599
"(0.9177366931314298, 1.0)",1,6600
"(0.9832184229069656, 1.0)",3,6603
"(0.5053316866619619, 1.0)",2,6605
"(0.2251133304715785, 1.0)",2,6607
"(0.3353614038484588, 1.0)",4,6611
"(0.6186518419144107, 1.0)",2,6613
"(0.4864161875237363, 1.0)",2,6615
"(0.945878018492034, 1.0)",1,6616
"(0.224271508570455, 1.0)",9,6625
"(0.8218185392856778, 1.0)",11,6636
"(0.4845066627893052, 1.0)",9,6645
"(0.930593793370792, 1.0)",1,6646
"(0.9791625936787228, 1.0)",1,6647
"(0.507482960719107, 1.0)",10,6657
"(0.4603282383880727, 1.0)",1,6658
"(0.9578375055710984, 1.0)",1,6659
"(0.916110211619383, 1.0)",1,6660
"(0.9658790011731188, 1.0)",1,6661
"(0.7256862771453021, 1.0)",1,6662
"(0.9750854369118126, 1.0)",4,6666
"(0.9746854694957162, 1.0)",6,6672
"(0.492807005588115, 1.0)",7,6679
"(0.9623066688389268, 1.0)",4,6683
"(0.9756244289830628, 1.0)",2,6685
"(0.4919916866987179, 1.0)",11,6696
"(0.974772367065274, 1.0)",3,6699
"(0.9125533644430458, 1.0)",1,6700
"(0.9833080808080809, 1.0)",1,6701
"(0.9833251873574456, 1.0)",1,6702
"(0.4775277477297871, 1.0)",3,6705
"(0.9832965806068272, 1.0)",7,6712
"(0.9916585206907788, 1.0)",14,6726
"(0.901028965681318, 1.0)",2,6728
"(0.6252671064494743, 1.0)",2,6730
"(0.8090204369274137, 1.0)",2,6732
"(0.477671768371638, 1.0)",5,6737
"(0.5176663811175343, 1.0)",2,6739
"(0.3703280442697561, 1.0)",13,6752
"(0.9792406033772258, 1.0)",1,6753
"(0.970619176311776, 1.0)",1,6754
"(0.8347775825943863, 1.0)",1,6755
"(0.517228150797548, 1.0)",3,6758
"(0.5172164351851852, 1.0)",1,6759
"(0.7780625367430922, 1.0)",4,6763
"(0.8587195484254307, 1.0)",10,6773
"(0.9543883398911862, 1.0)",1,6774
"(0.8694224991654613, 1.0)",2,6776
"(0.4912575527045726, 1.0)",1,6777
"(0.9664171122994653, 1.0)",2,6779
"(0.5284898548762047, 1.0)",4,6783
"(0.961552316099405, 1.0)",1,6784
"(0.4170386488874046, 1.0)",2,6786
"(0.5231811942852683, 1.0)",2,6788
"(0.539275629206987, 1.0)",2,6790
"(0.9699183291713004, 1.0)",3,6793
"(0.9788283442948758, 1.0)",1,6794
"(0.7665484369555701, 1.0)",6,6800
"(0.436911946168762, 1.0)",8,6808
"(0.9791544477028348, 1.0)",1,6809
"(0.6445317921992708, 1.0)",1,6810
"(0.8595157418627806, 1.0)",1,6811
"(0.5695633155937887, 1.0)",1,6812
"(0.6945846131344157, 1.0)",2,6814
"(0.8128971639097002, 1.0)",5,6819
"(0.3833435083435083, 1.0)",3,6822
"(0.5186495449197397, 1.0)",2,6824
"(0.8296970789758384, 1.0)",7,6831
"(0.8877576671694318, 1.0)",1,6832
"(0.8584528897028897, 1.0)",2,6834
"(0.8890021498999184, 1.0)",1,6835
"(0.8583493343573989, 1.0)",1,6836
"(0.8592711301044633, 1.0)",1,6837
"(0.8761479805597453, 1.0)",1,6838
"(0.8567929292929293, 1.0)",3,6841
"(0.8446667792412473, 1.0)",1,6842
"(0.8051131865246951, 1.0)",1,6843
"(0.9308677886724928, 1.0)",2,6845
"(0.7811965811965812, 1.0)",1,6846
"(0.9166950113378683, 1.0)",2,6848
"(0.9292738197776956, 1.0)",1,6849
"(0.6191502463054187, 1.0)",1,6850
"(0.7082621082621083, 1.0)",2,6852
"(0.7508151839547188, 1.0)",1,6853
"(0.9168295861844248, 1.0)",1,6854
"(0.9441595441595442, 1.0)",6,6860
"(0.8366899508203856, 1.0)",1,6861
"(0.853048675610595, 1.0)",2,6863
"(0.7734171364490514, 1.0)",1,6864
"(0.9019681633904184, 1.0)",1,6865
"(0.8899966931216932, 1.0)",11,6876
"(0.7611780174940991, 1.0)",1,6877
"(0.8154880904780946, 1.0)",1,6878
"(0.7537291993835156, 1.0)",1,6879
"(0.7264363208807655, 1.0)",2,6881
"(0.8117190416961583, 1.0)",1,6882
"(0.6650297619047618, 1.0)",1,6883
"(0.8167571527336316, 1.0)",1,6884
"(0.8752153252153252, 1.0)",1,6885
"(0.8039926069480333, 1.0)",1,6886
"(0.9301144010060736, 1.0)",5,6891
"(0.8175446168757694, 1.0)",8,6899
"(0.701311097281492, 1.0)",1,6900
"(0.727840909090909, 1.0)",3,6903
"(0.6766917293233082, 1.0)",4,6907
"(0.9874877810361682, 1.0)",2,6909
"(0.6881335718545021, 1.0)",1,6910
"(0.7497774934022918, 1.0)",2,6912
"(0.7474747474747474, 1.0)",1,6913
"(0.9704226680823772, 1.0)",3,6916
"(0.843730230395311, 1.0)",3,6919
"(0.9034438470728792, 1.0)",1,6920
"(0.9586562930696936, 1.0)",3,6923
"(0.7699698675308431, 1.0)",1,6924
"(0.4955558486584263, 1.0)",6,6930
"(0.5041116118411525, 1.0)",2,6932
"(0.9626794901621506, 1.0)",1,6933
"(0.9285514825676116, 1.0)",1,6934
"(0.9871616776282092, 1.0)",5,6939
"(0.9708855839501, 1.0)",1,6940
"(0.9705906996229576, 1.0)",1,6941
"(0.8929015655249481, 1.0)",2,6943
"(0.9834358767945106, 1.0)",2,6945
"(0.9032722195880092, 1.0)",1,6946
"(0.8322510822510822, 1.0)",9,6955
"(0.8391399552284038, 1.0)",1,6956
"(0.7727171016497488, 1.0)",1,6957
"(0.6248546212494676, 1.0)",2,6959
"(0.5469648740045486, 1.0)",2,6961
"(0.4304114490161001, 1.0)",2,6963
"(0.861957198953386, 1.0)",2,6965
"(0.8730304179305696, 1.0)",1,6966
"(0.8350431397306397, 1.0)",9,6975
"(0.6656577253592179, 1.0)",1,6976
"(0.7676753676753677, 1.0)",1,6977
"(0.9791388745136372, 1.0)",1,6978
"(0.9280459216361852, 1.0)",1,6979
"(0.7997685185185185, 1.0)",9,6988
"(0.971041430246102, 1.0)",1,6989
"(0.8365328658269835, 1.0)",1,6990
"(0.7515432098765432, 1.0)",1,6991
"(0.9721762578905436, 1.0)",2,6993
"(0.917006172839506, 1.0)",1,6994
"(0.8125031257814453, 1.0)",1,6995
"(0.8317471971585321, 1.0)",1,6996
"(0.7375253438078971, 1.0)",1,6997
"(0.8459898961734945, 1.0)",1,6998
"(0.8139597215036807, 1.0)",1,6999
"(0.7511111111111112, 1.0)",2,7001
"(0.7668348423065404, 1.0)",2,7003
"(0.7421018697614443, 1.0)",11,7014
"(0.6315151515151515, 1.0)",3,7017
"(0.6238244514106583, 1.0)",17,7034
"(0.7326649958228906, 1.0)",6,7040
"(0.7860737114103088, 1.0)",3,7043
"(0.8678757556806338, 1.0)",3,7046
"(0.7193191685235748, 1.0)",2,7048
"(0.7498436522826767, 1.0)",16,7064
"(0.7691870057461455, 1.0)",2,7066
"(0.7944920440636475, 1.0)",1,7067
"(0.6146899224806203, 1.0)",1,7068
"(0.8280121312379377, 1.0)",1,7069
"(0.9528959415746864, 1.0)",1,7070
"(0.8600291387756281, 1.0)",1,7071
"(0.6804653679653679, 1.0)",1,7072
"(0.4369316957552253, 1.0)",4,7076
"(0.6875837890187222, 1.0)",2,7078
"(0.8864153969526865, 1.0)",1,7079
"(0.6008953168044077, 1.0)",31,7110
"(0.5245686342987251, 1.0)",32,7142
"(0.9398731501057084, 1.0)",6,7148
"(0.7292352225255748, 1.0)",1,7149
"(0.8233703746133577, 1.0)",1,7150
"(0.5836449308405534, 1.0)",1,7151
"(0.4096230954290297, 1.0)",1,7152
"(0.908513992905006, 1.0)",1,7153
"(0.6609152288072019, 1.0)",1,7154
"(0.386131416575074, 1.0)",1,7155
"(0.5512311153969784, 1.0)",1,7156
"(0.725278469959321, 1.0)",2,7158
"(0.7417508417508417, 1.0)",2,7160
"(0.8054298642533937, 1.0)",2,7162
"(0.370255348516218, 1.0)",1,7163
"(0.8677248677248677, 1.0)",1,7164
"(0.8108747044917257, 1.0)",2,7166
"(0.7844277631252677, 1.0)",1,7167
"(0.4899315048358174, 1.0)",1,7168
"(0.868170426065163, 1.0)",3,7171
"(0.6556183301946014, 1.0)",2,7173
"(0.6847700625721401, 1.0)",1,7174
"(0.6884388493583896, 1.0)",1,7175
"(0.8324561403508771, 1.0)",4,7179
"(0.8047508047508047, 1.0)",2,7181
"(0.820360467419291, 1.0)",1,7182
"(0.6790911536674249, 1.0)",1,7183
"(0.7887083935918564, 1.0)",1,7184
"(0.6154850502676589, 1.0)",2,7186
"(0.8505245798478882, 1.0)",1,7187
"(0.4908424908424908, 1.0)",1,7188
"(0.8, 1.0)",3,7191
"(0.6962148962148962, 1.0)",1,7192
"(0.7531792444073147, 1.0)",1,7193
"(0.9670329670329668, 1.0)",3,7196
"(0.5884497537136874, 1.0)",2,7198
"(0.7150639011104126, 1.0)",3,7201
"(0.7172410505743838, 1.0)",3,7204
"(0.9340434419381788, 1.0)",1,7205
"(0.5170126379596272, 1.0)",3,7208
"(0.7295469912102772, 1.0)",3,7211
"(0.7310532222812924, 1.0)",2,7213
"(0.6434061179823892, 1.0)",1,7214
"(0.7764882871265849, 1.0)",1,7215
"(0.738095238095238, 1.0)",2,7217
"(0.7870865517924341, 1.0)",1,7218
"(0.9024676850763808, 1.0)",2,7220
"(0.9748461391725148, 1.0)",1,7221
"(0.9706172005998612, 1.0)",1,7222
"(0.9705196174266384, 1.0)",3,7225
"(0.6155278427792774, 1.0)",1,7226
"(0.3071065091877812, 1.0)",2,7228
"(0.7953216374269005, 1.0)",2,7230
"(0.7491410270263361, 1.0)",2,7232
"(0.7323849002849002, 1.0)",1,7233
"(0.5301498316498315, 1.0)",2,7235
"(0.6579298927459657, 1.0)",2,7237
"(0.5762240792806925, 1.0)",7,7244
"(0.8068635828271864, 1.0)",1,7245
"(0.5078921924099589, 1.0)",1,7246
"(0.8300062200350368, 1.0)",3,7249
"(0.4735757638457825, 1.0)",2,7251
"(0.6193159845618537, 1.0)",2,7253
"(0.4758030117256981, 1.0)",1,7254
"(0.2977672162584903, 1.0)",2,7256
"(0.5847323217044007, 1.0)",2,7258
"(0.4815862011653964, 1.0)",1,7259
"(0.6445974707185653, 1.0)",1,7260
"(0.7177557566527076, 1.0)",2,7262
"(0.3375037848991109, 1.0)",1,7263
"(0.7047489872685186, 1.0)",2,7265
"(0.6972497837982629, 1.0)",1,7266
"(0.379314927166872, 1.0)",2,7268
"(0.6056395293929532, 1.0)",1,7269
"(0.6000014702169422, 1.0)",1,7270
"(0.627448384214016, 1.0)",1,7271
"(0.5959779257772208, 1.0)",5,7276
"(0.4598735113246818, 1.0)",2,7278
"(0.7535998328459235, 1.0)",1,7279
"(0.546900826446281, 1.0)",2,7281
"(0.4847252958987063, 1.0)",7,7288
"(0.5520863732888565, 1.0)",2,7290
"(0.5199025857487102, 1.0)",2,7292
"(0.7787837162837163, 1.0)",1,7293
"(0.5121025528037597, 1.0)",2,7295
"(0.8137861130877186, 1.0)",2,7297
"(0.5899355242465301, 1.0)",2,7299
"(0.9916625936787228, 1.0)",4,7303
"(0.6017315220343602, 1.0)",2,7305
"(0.5145696010475885, 1.0)",4,7309
"(0.7779212514298108, 1.0)",2,7311
"(0.5928342620051786, 1.0)",7,7318
"(0.8567210567210567, 1.0)",9,7327
"(0.9408664065499008, 1.0)",1,7328
"(0.5936371189058957, 1.0)",2,7330
"(0.48668270621225, 1.0)",1,7331
"(0.525087780612124, 1.0)",1,7332
"(0.5651410959149837, 1.0)",2,7334
"(0.5867837413031921, 1.0)",2,7336
"(0.6071106020508698, 1.0)",2,7338
"(0.8099445157447847, 1.0)",1,7339
"(0.4994868246125761, 1.0)",2,7341
"(0.5464650406504065, 1.0)",2,7343
"(0.5759145483358532, 1.0)",2,7345
"(0.8416827657517105, 1.0)",11,7356
"(0.3385486111111111, 1.0)",1,7357
"(0.6983464132286942, 1.0)",2,7359
"(0.3426837286127219, 1.0)",2,7361
"(0.5117935466772677, 1.0)",1,7362
"(0.5200348032289219, 1.0)",1,7363
"(0.8557264819266099, 1.0)",1,7364
"(0.6942027443208516, 1.0)",2,7366
"(0.5306450880554778, 1.0)",5,7371
"(0.4593444449647687, 1.0)",1,7372
"(0.7801059423865424, 1.0)",3,7375
"(0.51223726242967, 1.0)",2,7377
"(0.2031628178184312, 1.0)",2,7379
"(0.488746700064167, 1.0)",1,7380
"(0.7580478365689632, 1.0)",1,7381
"(0.4951406509253605, 1.0)",1,7382
"(0.8801420274178757, 1.0)",2,7384
"(0.9178643375260712, 1.0)",2,7386
"(0.5196405816427424, 1.0)",2,7388
"(0.3842723744546207, 1.0)",2,7390
"(0.6877902557095289, 1.0)",1,7391
"(0.5272795757995163, 1.0)",2,7393
"(0.5031664774226227, 1.0)",2,7395
"(0.5419880352402767, 1.0)",2,7397
"(0.5557279069543348, 1.0)",2,7399
"(0.5716060913523577, 1.0)",2,7401
"(0.5147909606777553, 1.0)",2,7403
"(0.7630560946847559, 1.0)",2,7405
"(0.8928598364786969, 1.0)",1,7406
"(0.3217323575783004, 1.0)",2,7408
"(0.3525464877615415, 1.0)",1,7409
"(0.6066673900879215, 1.0)",2,7411
"(0.5244344349951165, 1.0)",2,7413
"(0.4923104882535888, 1.0)",11,7424
"(0.5343325619084822, 1.0)",2,7426
"(0.6549002517982012, 1.0)",1,7427
"(0.5970429628112865, 1.0)",2,7429
"(0.5176279025155472, 1.0)",6,7435
"(0.5789621735329116, 1.0)",2,7437
"(0.5346702987058592, 1.0)",8,7445
"(0.5935341164785914, 1.0)",1,7446
"(0.5047973564110316, 1.0)",2,7448
"(0.6474192096347017, 1.0)",1,7449
"(0.6067444386888832, 1.0)",2,7451
"(0.5082177015724898, 1.0)",8,7459
"(0.5108109682957471, 1.0)",2,7461
"(0.8733799478600891, 1.0)",1,7462
"(0.60813728824501, 1.0)",2,7464
"(0.5477028146490622, 1.0)",2,7466
"(0.6108738933623663, 1.0)",2,7468
"(0.7511968744445381, 1.0)",1,7469
"(0.5118261627427276, 1.0)",1,7470
"(0.6639781000006315, 1.0)",1,7471
"(0.3941579628653293, 1.0)",5,7476
"(0.3772961266071451, 1.0)",2,7478
"(0.220415709252451, 1.0)",2,7480
"(0.7135473163103189, 1.0)",1,7481
"(0.5112838915470493, 1.0)",8,7489
"(0.5220028318627908, 1.0)",2,7491
"(0.534690119157406, 1.0)",2,7493
"(0.1839353819928183, 1.0)",2,7495
"(0.5539273971673796, 1.0)",2,7497
"(0.6817988023198066, 1.0)",2,7499
"(0.6003561059603759, 1.0)",1,7500
"(0.9090045914803286, 1.0)",2,7502
"(0.5775969264976549, 1.0)",2,7504
"(0.7123661482125354, 1.0)",2,7506
"(0.5234848484848486, 1.0)",2,7508
"(0.6096321789112688, 1.0)",2,7510
"(0.7451754993161283, 1.0)",2,7512
"(0.5928990683056109, 1.0)",2,7514
"(0.6336863589341304, 1.0)",2,7516
"(0.6137744395063228, 1.0)",2,7518
"(0.5665422026431718, 1.0)",2,7520
"(0.4229828165539535, 1.0)",1,7521
"(0.7475497813384121, 1.0)",2,7523
"(0.5129137710809465, 1.0)",6,7529
"(0.5123300801673056, 1.0)",2,7531
"(0.526258954346199, 1.0)",6,7537
"(0.6642127566941382, 1.0)",2,7539
"(0.5845989468748872, 1.0)",1,7540
"(0.7235864321914881, 1.0)",2,7542
"(0.5170981146622483, 1.0)",2,7544
"(0.2204230963407635, 1.0)",6,7550
"(0.5965723797858123, 1.0)",2,7552
"(0.5131512597416512, 1.0)",2,7554
"(0.2200027398216297, 1.0)",1,7555
"(0.5132679944801238, 1.0)",2,7557
"(0.3812518212810579, 1.0)",1,7558
"(0.8436532894080064, 1.0)",4,7562
"(0.5154784209797844, 1.0)",2,7564
"(0.6345442757231281, 1.0)",2,7566
"(0.6323301162090802, 1.0)",2,7568
"(0.6790046775554023, 1.0)",2,7570
"(0.5135615168591435, 1.0)",2,7572
"(0.5857046145872647, 1.0)",2,7574
"(0.819469971224357, 1.0)",7,7581
"(0.8311329582337986, 1.0)",11,7592
"(0.6611718926579557, 1.0)",10,7602
"(0.8380110689610939, 1.0)",14,7616
"(0.7944121822170602, 1.0)",8,7624
"(0.8404355452872972, 1.0)",9,7633
"(0.8455704732698088, 1.0)",8,7641
"(0.7823116219667945, 1.0)",11,7652
"(0.9438271604938272, 1.0)",11,7663
"(0.8888888888888888, 1.0)",9,7672
"(0.7708796965987909, 1.0)",10,7682
"(0.4468328406505846, 1.0)",11,7693
"(0.8716153127917834, 1.0)",12,7705
"(0.8462850388382304, 1.0)",13,7718
"(0.8089156509369275, 1.0)",10,7728
"(0.7675138481590094, 1.0)",39,7767
"(0.8329339143064635, 1.0)",12,7779
"(0.8740662931839402, 1.0)",8,7787
"(0.8716376921138826, 1.0)",11,7798
"(0.5128086146849515, 1.0)",1,7799
"(0.8751897860593512, 1.0)",7,7806
"(0.9748076591340348, 1.0)",3,7809
"(0.5466913226573362, 1.0)",2,7811
"(0.7109439652598261, 1.0)",1,7812
"(0.5485994340225477, 1.0)",1,7813
"(0.8891975308641974, 1.0)",1,7814
"(0.5113955160358922, 1.0)",6,7820
"(0.7818150074652026, 1.0)",1,7821
"(0.902012682657844, 1.0)",1,7822
"(0.398436071148475, 1.0)",1,7823
"(0.5048749137169142, 1.0)",1,7824
"(0.8312205288949474, 1.0)",21,7845
"(0.9192093318943212, 1.0)",24,7869
"(0.786508365740383, 1.0)",22,7891
"(0.8341307814992026, 1.0)",81,7972
"(0.8388048698116161, 1.0)",12,7984
"(0.8029538767243686, 1.0)",11,7995
"(0.6961664979757085, 1.0)",12,8007
"(0.9669795885118464, 1.0)",1,8008
"(0.6387464387464387, 1.0)",11,8019
"(0.9390553961421968, 1.0)",1,8020
"(0.9501005812039314, 1.0)",1,8021
"(0.7244559362206421, 1.0)",1,8022
"(0.8279428904428904, 1.0)",1,8023
"(0.6786000457875457, 1.0)",4,8027
"(0.7371074312749817, 1.0)",6,8033
"(0.7000013129045387, 1.0)",26,8059
"(0.3921761406909921, 1.0)",4,8063
"(0.6760014179369018, 1.0)",4,8067
"(0.1820732552439869, 1.0)",3,8070
"(0.1357209660560048, 1.0)",7,8077
"(0.4195358585602487, 1.0)",8,8085
"(0.7250237826596757, 1.0)",4,8089
"(0.4935897435897436, 1.0)",3,8092
"(0.978848063174439, 1.0)",1,8093
"(0.9620528801064364, 1.0)",2,8095
"(0.8127312328440149, 1.0)",1,8096
"(0.8454613935969868, 1.0)",2,8098
"(0.8068351665307889, 1.0)",1,8099
"(0.9019709919709918, 1.0)",1,8100
"(0.8587708587708588, 1.0)",9,8109
"(0.7513013302486987, 1.0)",10,8119
"(0.5077525425843888, 1.0)",1,8120
"(0.861952861952862, 1.0)",1,8121
"(0.8046854998719919, 1.0)",1,8122
"(0.9172202093397748, 1.0)",1,8123
"(0.7762357282094123, 1.0)",1,8124
"(0.8026748971193415, 1.0)",1,8125
"(0.8609273664420722, 1.0)",1,8126
"(0.8890344426058713, 1.0)",1,8127
"(0.8751159006478155, 1.0)",1,8128
"(0.9291998088543592, 1.0)",1,8129
"(0.8196059401478836, 1.0)",1,8130
"(0.5094440332946544, 1.0)",5,8135
"(0.9536653605723816, 1.0)",1,8136
"(0.4432931526850991, 1.0)",2,8138
"(0.979051756240299, 1.0)",9,8147
"(0.5083135416096426, 1.0)",1,8148
"(0.3038309737760596, 1.0)",1,8149
"(0.3645610827335345, 1.0)",2,8151
"(0.9643944553313464, 1.0)",1,8152
"(0.4624982513588544, 1.0)",2,8154
"(0.979166518665308, 1.0)",2,8156
"(0.5139584921833341, 1.0)",2,8158
"(0.523180676451683, 1.0)",4,8162
"(0.533739632957392, 1.0)",1,8163
"(0.9079075500409146, 1.0)",1,8164
"(0.7470459434759006, 1.0)",1,8165
"(0.5961857774666546, 1.0)",1,8166
"(0.7578527705282009, 1.0)",2,8168
"(0.49682489346054, 1.0)",2,8170
"(0.5752595275257699, 1.0)",2,8172
"(0.5974752315218187, 1.0)",1,8173
"(0.8064997018485391, 1.0)",1,8174
"(0.472908496732026, 1.0)",1,8175
"(0.5147795224342026, 1.0)",2,8177
"(0.9011810599946194, 1.0)",4,8181
"(0.5221840311996069, 1.0)",5,8186
"(0.2517239928426216, 1.0)",1,8187
"(0.5060945463556422, 1.0)",2,8189
"(0.6130383867255785, 1.0)",2,8191
"(0.5684333674913385, 1.0)",1,8192
"(0.4504195472150979, 1.0)",2,8194
"(0.8202279202279202, 1.0)",8,8202
"(0.719171389486027, 1.0)",1,8203
"(0.2556641773221635, 1.0)",2,8205
"(0.6082593877857035, 1.0)",2,8207
"(0.6265585526703644, 1.0)",2,8209
"(0.6108760330578512, 1.0)",1,8210
"(0.4062043881623584, 1.0)",7,8217
"(0.5956346925351994, 1.0)",2,8219
"(0.598886017848201, 1.0)",1,8220
"(0.5264711064129669, 1.0)",1,8221
"(0.5137024199841741, 1.0)",2,8223
"(0.9788980434141724, 1.0)",1,8224
"(0.7306729085863257, 1.0)",5,8229
"(0.5689813425711245, 1.0)",1,8230
"(0.93795454842108, 1.0)",3,8233
"(0.9114218054477384, 1.0)",1,8234
"(0.5247494937654748, 1.0)",2,8236
"(0.1712250342729518, 1.0)",2,8238
"(0.4223412897011674, 1.0)",2,8240
"(0.8871918136624019, 1.0)",1,8241
"(0.5106413449715057, 1.0)",1,8242
"(0.5921903608218824, 1.0)",1,8243
"(0.8734750068194216, 1.0)",1,8244
"(0.3112459555295891, 1.0)",2,8246
"(0.6683490555773165, 1.0)",1,8247
"(0.5592035399158047, 1.0)",1,8248
"(0.950297813353496, 1.0)",2,8250
"(0.7221365682542256, 1.0)",1,8251
"(0.5443142824598124, 1.0)",1,8252
"(0.8876903814630851, 1.0)",1,8253
"(0.3278479231548534, 1.0)",2,8255
"(0.6219687519109642, 1.0)",2,8257
"(0.4229346333263246, 1.0)",6,8263
"(0.8174207783595256, 1.0)",1,8264
"(0.7720986603035019, 1.0)",1,8265
"(0.5951711142105386, 1.0)",6,8271
"(0.8845424223473003, 1.0)",3,8274
"(0.5155723215729572, 1.0)",1,8275
"(0.6611650515775019, 1.0)",1,8276
"(0.5988067525686905, 1.0)",2,8278
"(0.97495917428555, 1.0)",2,8280
"(0.5274042854593919, 1.0)",2,8282
"(0.640026163990047, 1.0)",1,8283
"(0.9476043407479208, 1.0)",3,8286
"(0.5735975683158782, 1.0)",1,8287
"(0.9110813074094206, 1.0)",4,8291
"(0.6666173934466618, 1.0)",3,8294
"(0.3600029483220985, 1.0)",2,8296
"(0.4994316028798788, 1.0)",5,8301
"(0.8432903075760217, 1.0)",43,8344
"(0.5096884338097788, 1.0)",3,8347
"(0.8431623931623932, 1.0)",6,8353
"(0.7617216117216117, 1.0)",1,8354
"(0.74290749900506, 1.0)",1,8355
"(0.8586166985951469, 1.0)",73,8428
"(0.829593594810986, 1.0)",1,8429
"(0.9533841533841534, 1.0)",1,8430
"(0.979273283115788, 1.0)",1,8431
"(0.9244352123384382, 1.0)",1,8432
"(0.6020563821990421, 1.0)",6,8438
"(0.318398033126294, 1.0)",6,8444
"(0.4546676605521106, 1.0)",6,8450
"(0.436083926037933, 1.0)",6,8456
"(0.4076314260692632, 1.0)",6,8462
"(0.5046467914998901, 1.0)",3,8465
"(0.5369041386906238, 1.0)",6,8471
"(0.8152898027898028, 1.0)",3,8474
"(0.569526627218935, 1.0)",3,8477
"(0.4742126742126741, 1.0)",3,8480
"(0.7134615384615385, 1.0)",5,8485
"(0.634045584045584, 1.0)",3,8488
"(0.5188823857302117, 1.0)",1,8489
"(0.7709217005509239, 1.0)",10,8499
"(0.1639212100182649, 1.0)",3,8502
"(0.9539225495593684, 1.0)",1,8503
"(0.6053616175733575, 1.0)",5,8508
"(0.5902403539563832, 1.0)",6,8514
"(0.3973106393408187, 1.0)",5,8519
"(0.9616410906733488, 1.0)",3,8522
"(0.57225576978211, 1.0)",6,8528
"(0.5610466727247883, 1.0)",6,8534
"(0.8561103441223091, 1.0)",11,8545
"(0.6002399920698271, 1.0)",6,8551
"(0.5849536348181821, 1.0)",6,8557
"(0.5371072475911186, 1.0)",3,8560
"(0.9147764646501256, 1.0)",1,8561
"(0.9835199925522506, 1.0)",1,8562
"(0.9459160985885124, 1.0)",1,8563
"(0.9829909379735984, 1.0)",2,8565
"(0.5432362516696061, 1.0)",6,8571
"(0.5536430525672695, 1.0)",1,8572
"(0.7923306301473605, 1.0)",3,8575
"(0.4423707251851418, 1.0)",11,8586
"(0.252738269539148, 1.0)",3,8589
"(0.2931523504561579, 1.0)",2,8591
"(0.4370117125672681, 1.0)",3,8594
"(0.7278086237149632, 1.0)",43,8637
"(0.9230468061350414, 1.0)",2,8639
"(0.8066487122350412, 1.0)",1,8640
"(0.7483025928896017, 1.0)",1,8641
"(0.8871966240387292, 1.0)",7,8648
"(0.8883034087952121, 1.0)",5,8653
"(0.9028964862298196, 1.0)",11,8664
"(0.8124923632552741, 1.0)",7,8671
"(0.8220385674931129, 1.0)",1,8672
"(0.8942622047218923, 1.0)",2,8674
"(0.8581022152450725, 1.0)",11,8685
"(0.828966378966379, 1.0)",10,8695
"(0.9384174012481092, 1.0)",1,8696
"(0.80285509389987, 1.0)",41,8737
"(0.7118798171565847, 1.0)",1,8738
"(0.6886904761904762, 1.0)",46,8784
"(0.983305541180304, 1.0)",1,8785
"(0.944563492063492, 1.0)",106,8891
"(0.6784722222222224, 1.0)",46,8937
"(0.7937829607256792, 1.0)",2,8939
"(0.932201731346617, 1.0)",2,8941
"(0.8732774170274171, 1.0)",48,8989
"(0.9450323339212228, 1.0)",12,9001
"(0.8319340617212959, 1.0)",49,9050
"(0.7725182451236846, 1.0)",1,9051
"(0.9743030741133208, 1.0)",2,9053
"(0.9162596992611264, 1.0)",33,9086
"(0.7830369357045144, 1.0)",1,9087
"(0.8300265307680562, 1.0)",45,9132
"(0.8491340807583629, 1.0)",9,9141
"(0.6179693015417549, 1.0)",49,9190
"(0.831031066037186, 1.0)",2,9192
"(0.8315416458960965, 1.0)",1,9193
"(0.7372334455667788, 1.0)",54,9247
"(0.835848883169409, 1.0)",3,9250
"(0.9008627640703112, 1.0)",47,9297
"(0.9303715638302106, 1.0)",54,9351
"(0.8165509259259259, 1.0)",49,9400
"(0.8613656783468103, 1.0)",41,9441
"(0.9437903841498612, 1.0)",51,9492
"(0.682074987159733, 1.0)",2,9494
"(0.4987398156700754, 1.0)",9,9503
"(0.5125574921326554, 1.0)",9,9512
"(0.859499940327008, 1.0)",42,9554
"(0.9583930063253372, 1.0)",103,9657
"(0.6804620726495727, 1.0)",35,9692
"(0.8334507869391591, 1.0)",6,9698
"(0.5240248068504348, 1.0)",6,9704
"(0.6710165002065562, 1.0)",1,9705
"(0.5653720867261718, 1.0)",6,9711
"(0.5137021801662022, 1.0)",6,9717
"(0.4596238107081551, 1.0)",6,9723
"(0.9584385644218804, 1.0)",2,9725
"(0.7791819291819292, 1.0)",4,9729
"(0.8619291086321716, 1.0)",1,9730
"(0.7787893452527599, 1.0)",1,9731
"(0.8468089381754635, 1.0)",53,9784
"(0.9445972545972546, 1.0)",2,9786
"(0.900838851006521, 1.0)",1,9787
"(0.9305983472650138, 1.0)",3,9790
"(0.6891235126529245, 1.0)",1,9791
"(0.9496114574862204, 1.0)",1,9792
"(0.7752104377104376, 1.0)",2,9794
"(0.9792773561037318, 1.0)",1,9795
"(0.9189396095602992, 1.0)",1,9796
"(0.979055829228243, 1.0)",1,9797
"(0.4553345256344744, 1.0)",6,9803
"(0.9460547122074636, 1.0)",1,9804
"(0.8070855614973262, 1.0)",6,9810
"(0.9746535316523212, 1.0)",1,9811
"(0.8033633033633034, 1.0)",1,9812
"(0.7497195873433498, 1.0)",1,9813
"(0.7378937728937729, 1.0)",1,9814
"(0.6506228270934153, 1.0)",1,9815
"(0.8071948928825261, 1.0)",13,9828
"(0.8110673829751791, 1.0)",3,9831
"(0.974731376747506, 1.0)",1,9832
"(0.7410141554411331, 1.0)",3,9835
"(0.7361988647484831, 1.0)",2,9837
"(0.8120912068531116, 1.0)",10,9847
"(0.9452474337657768, 1.0)",1,9848
"(0.6544644252235129, 1.0)",49,9897
"(0.9018806250259218, 1.0)",51,9948
"(0.8339475360293065, 1.0)",3,9951
"(0.91326516498939, 1.0)",1,9952
"(0.8482290201819781, 1.0)",2,9954
"(0.6120161514898357, 1.0)",2,9956
"(0.8477163887996607, 1.0)",1,9957
"(0.9031692062697052, 1.0)",3,9960
"(0.8869412702469182, 1.0)",1,9961
"(0.9750780096985032, 1.0)",1,9962
"(0.9738477269913072, 1.0)",2,9964
"(0.7711781618000022, 1.0)",47,10011
"(0.9747838672665278, 1.0)",5,10016
"(0.8715701474388204, 1.0)",28,10044
"(0.81893131227901, 1.0)",55,10099
"(0.6326954876802936, 1.0)",7,10106
"(0.5240189293380408, 1.0)",29,10135
"(0.9170333674010144, 1.0)",2,10137
"(0.6638632083547339, 1.0)",4,10141
"(0.9029270917406512, 1.0)",1,10142
"(0.9036596119929452, 1.0)",2,10144
"(0.6910306541917987, 1.0)",1,10145
"(0.5199916235817086, 1.0)",6,10151
"(0.4827246972385666, 1.0)",1,10152
"(0.6636745887678723, 1.0)",53,10205
"(0.4776542240827955, 1.0)",50,10255
"(0.5097897756911841, 1.0)",6,10261
"(0.4977203506577059, 1.0)",6,10267
"(0.4685764979375635, 1.0)",3,10270
"(0.9750072792119512, 1.0)",6,10276
"(0.5592114375870831, 1.0)",3,10279
"(0.9442283950617284, 1.0)",82,10361
"(0.7060994560994561, 1.0)",52,10413
"(0.5454038430374508, 1.0)",3,10416
"(0.9019292060258446, 1.0)",12,10428
"(0.5137804501709824, 1.0)",3,10431
"(0.5246969860687765, 1.0)",6,10437
"(0.4830440999894311, 1.0)",3,10440
"(0.9793622864590606, 1.0)",2,10442
"(0.9958292603453894, 1.0)",15,10457
"(0.605805865805747, 1.0)",6,10463
"(0.9486619426325308, 1.0)",2,10465
"(0.9876106894370652, 1.0)",2,10467
"(0.2591774672459652, 1.0)",5,10472
"(0.1725451185121838, 1.0)",3,10475
"(0.8451478848040399, 1.0)",8,10483
"(0.6969051878354204, 1.0)",1,10484
"(0.9440529448756316, 1.0)",1,10485
"(0.5807100687237674, 1.0)",3,10488
"(0.7264314632735687, 1.0)",1,10489
"(0.8880984643179766, 1.0)",57,10546
"(0.55444661276833, 1.0)",3,10549
"(0.2475001317523056, 1.0)",6,10555
"(0.9833040078201368, 1.0)",2,10557
"(0.8111858543148185, 1.0)",2,10559
"(0.5029069767441862, 1.0)",1,10560
"(0.7323695788812067, 1.0)",1,10561
"(0.8543547774492897, 1.0)",9,10570
"(0.9161379295307868, 1.0)",49,10619
"(0.8460636535055139, 1.0)",1,10620
"(0.4858175570582923, 1.0)",3,10623
"(0.9441792447111594, 1.0)",55,10678
"(0.2385869877579171, 1.0)",5,10683
"(0.4889834829195941, 1.0)",3,10686
"(0.6910881126324849, 1.0)",1,10687
"(0.3592666181139386, 1.0)",1,10688
"(0.7277677677677677, 1.0)",53,10741
"(0.5107650386663254, 1.0)",3,10744
"(0.9182966261114094, 1.0)",1,10745
"(0.8734313112361893, 1.0)",10,10755
"(0.5138165509259259, 1.0)",1,10756
"(0.5642422164950636, 1.0)",5,10761
"(0.5270209404756591, 1.0)",6,10767
"(0.5066654904728299, 1.0)",3,10770
"(0.2967541510152975, 1.0)",6,10776
"(0.5048992116671296, 1.0)",6,10782
"(0.762701480112259, 1.0)",5,10787
"(0.5142275217487904, 1.0)",5,10792
"(0.2400803455031719, 1.0)",6,10798
"(0.5302041096685234, 1.0)",1,10799
"(0.9582389563841176, 1.0)",3,10802
"(0.7578380475233915, 1.0)",3,10805
"(0.7713475407179321, 1.0)",1,10806
"(0.7884092310206264, 1.0)",3,10809
"(0.246895032051282, 1.0)",3,10812
"(0.3817304812095882, 1.0)",6,10818
"(0.3446576499998455, 1.0)",6,10824
"(0.5380858033626137, 1.0)",3,10827
"(0.7414327813014084, 1.0)",6,10833
"(0.509769203919892, 1.0)",6,10839
"(0.485092970675409, 1.0)",9,10848
"(0.4956415591907371, 1.0)",6,10854
"(0.4865876628104142, 1.0)",5,10859
"(0.5120492664500825, 1.0)",6,10865
"(0.427353566183177, 1.0)",3,10868
"(0.4900286891137627, 1.0)",3,10871
"(0.5074605502024857, 1.0)",6,10877
"(0.813515418166581, 1.0)",1,10878
"(0.431109474393926, 1.0)",6,10884
"(0.3565880743185461, 1.0)",6,10890
"(0.6713315879864084, 1.0)",6,10896
"(0.4990703502943405, 1.0)",1,10897
"(0.6260123507862112, 1.0)",1,10898
"(0.5603718601578007, 1.0)",5,10903
"(0.59442258550673, 1.0)",6,10909
"(0.4236037190698367, 1.0)",3,10912
"(0.5539792194659304, 1.0)",6,10918
"(0.2129589331764703, 1.0)",5,10923
"(0.553986707369508, 1.0)",6,10929
"(0.5301125703564727, 1.0)",6,10935
"(0.1843201651472994, 1.0)",6,10941
"(0.5999697010533882, 1.0)",6,10947
"(0.7820135271430143, 1.0)",1,10948
"(0.4995090715869695, 1.0)",6,10954
"(0.8874735513743797, 1.0)",1,10955
"(0.6333118819585527, 1.0)",1,10956
"(0.5209072341900949, 1.0)",1,10957
"(0.1927860622107562, 1.0)",3,10960
"(0.4992091380105255, 1.0)",5,10965
"(0.9300671002153482, 1.0)",49,11014
"(0.9164187516971112, 1.0)",1,11015
"(0.8907966222338917, 1.0)",1,11016
"(0.1592399598694194, 1.0)",6,11022
"(0.5485418203425949, 1.0)",6,11028
"(0.5359733205257426, 1.0)",6,11034
"(0.3905025872055431, 1.0)",6,11040
"(0.7494205868485003, 1.0)",5,11045
"(0.3571517423754762, 1.0)",5,11050
"(0.5004274455385378, 1.0)",1,11051
"(0.4450218830366153, 1.0)",6,11057
"(0.7132549182320349, 1.0)",6,11063
"(0.5436902443051231, 1.0)",6,11069
"(0.5473183118671051, 1.0)",6,11075
"(0.5680245864444272, 1.0)",1,11076
"(0.7309417380104554, 1.0)",6,11082
"(0.5035807326063234, 1.0)",6,11088
"(0.7027027066179156, 1.0)",6,11094
"(0.5109151964357009, 1.0)",6,11100
"(0.2811816899753203, 1.0)",5,11105
"(0.3382742450859052, 1.0)",3,11108
"(0.6673610726891261, 1.0)",5,11113
"(0.6440664873253734, 1.0)",9,11122
"(0.7397465592662823, 1.0)",1,11123
"(0.6061667529199264, 1.0)",2,11125
"(0.5697493278919207, 1.0)",3,11128
"(0.5491255359932153, 1.0)",3,11131
"(0.7176897176897177, 1.0)",6,11137
"(0.7236877162411294, 1.0)",6,11143
"(0.2509635371805914, 1.0)",5,11148
"(0.927082576248316, 1.0)",2,11150
"(0.7377975062704127, 1.0)",2,11152
"(0.3187076329609559, 1.0)",6,11158
"(0.4830730428441903, 1.0)",3,11161
"(0.5081207721319008, 1.0)",6,11167
"(0.2861923618111422, 1.0)",6,11173
"(0.5353700689511449, 1.0)",1,11174
"(0.601399019885025, 1.0)",6,11180
"(0.4782989297130066, 1.0)",6,11186
"(0.5244713025029905, 1.0)",3,11189
"(0.5197173479691473, 1.0)",6,11195
"(0.2556151641612986, 1.0)",3,11198
"(0.5215858358413837, 1.0)",6,11204
"(0.5323233762778854, 1.0)",6,11210
"(0.6449018154421952, 1.0)",6,11216
"(0.3661516333053486, 1.0)",6,11222
"(0.7159105664664828, 1.0)",5,11227
"(0.3958866918376085, 1.0)",2,11229
"(0.564721361881677, 1.0)",6,11235
"(0.5405172403210167, 1.0)",1,11236
"(0.5511377115558892, 1.0)",6,11242
"(0.5153508771929824, 1.0)",6,11248
"(0.8078239529852432, 1.0)",4,11252
"(0.9165164082221422, 1.0)",45,11297
"(0.9580331374974232, 1.0)",50,11347
"(0.398562919363056, 1.0)",6,11353
"(0.4187009383699279, 1.0)",3,11356
"(0.7479023669513511, 1.0)",6,11362
"(0.2573753482290067, 1.0)",2,11364
"(0.5643457045368262, 1.0)",1,11365
"(0.8579868984630887, 1.0)",64,11429
"(0.9166682405676116, 1.0)",47,11476
"(0.9167853751187084, 1.0)",43,11519
"(0.2269991859739523, 1.0)",5,11524
"(0.9581458989353726, 1.0)",45,11569
"(0.7042648709315374, 1.0)",44,11613
"(0.5496037453183521, 1.0)",6,11619
"(0.4954100367197062, 1.0)",1,11620
"(0.8335321009739615, 1.0)",1,11621
"(0.4992218132083787, 1.0)",3,11624
"(0.8620521272050296, 1.0)",2,11626
"(0.569178737928738, 1.0)",3,11629
"(0.752906976744186, 1.0)",1,11630
"(0.7647742788871822, 1.0)",49,11679
"(0.5389525353004732, 1.0)",5,11684
"(0.6898614491889679, 1.0)",1,11685
"(0.7479743867590829, 1.0)",45,11730
"(0.4608953690953811, 1.0)",6,11736
"(0.7965746171391332, 1.0)",51,11787
"(0.8884797556713653, 1.0)",1,11788
"(0.9299160159815896, 1.0)",52,11840
"(0.9102539775554236, 1.0)",2,11842
"(0.8003813092161745, 1.0)",1,11843
"(0.9158007932517735, 1.0)",40,11883
"(0.5089864109567541, 1.0)",6,11889
"(0.5466837142306626, 1.0)",8,11897
"(0.944073617452092, 1.0)",51,11948
"(0.8762860082304527, 1.0)",54,12002
"(0.4363355778830426, 1.0)",11,12013
"(0.5125776356048668, 1.0)",6,12019
"(0.9297812306740878, 1.0)",49,12068
"(0.950175761409158, 1.0)",3,12071
"(0.9749625285109156, 1.0)",1,12072
"(0.6747507742934573, 1.0)",40,12112
"(0.8533622685185187, 1.0)",53,12165
"(0.8848000715856217, 1.0)",49,12214
"(0.6252214409217766, 1.0)",3,12217
"(0.9720813204508856, 1.0)",50,12267
"(0.5974076556127228, 1.0)",3,12270
"(0.84470156948104, 1.0)",1,12271
"(0.7829939941125632, 1.0)",1,12272
"(0.2375441394922753, 1.0)",5,12277
"(0.2632996632996633, 1.0)",2,12279
"(0.4961453064375241, 1.0)",2,12281
"(0.5118812113070996, 1.0)",7,12288
"(0.5451899418331657, 1.0)",1,12289
"(0.623477294836411, 1.0)",6,12295
"(0.3833824487181557, 1.0)",6,12301
"(0.588673387882185, 1.0)",6,12307
"(0.3071435299563478, 1.0)",3,12310
"(0.5958288378267684, 1.0)",3,12313
"(0.9157097551404952, 1.0)",1,12314
"(0.5370743366666813, 1.0)",6,12320
"(0.4533332829105934, 1.0)",5,12325
"(0.6441596240332035, 1.0)",5,12330
"(0.3890296591900422, 1.0)",6,12336
"(0.5393460859054467, 1.0)",3,12339
"(0.5151897052695996, 1.0)",1,12340
"(0.3919717474763624, 1.0)",6,12346
"(0.5255324262157274, 1.0)",1,12347
"(0.5236314760508309, 1.0)",6,12353
"(0.9669558693467613, 1.0)",1,12354
"(0.5937062237855465, 1.0)",6,12360
"(0.671021505413943, 1.0)",6,12366
"(0.8122195937678441, 1.0)",1,12367
"(0.7498057498057498, 1.0)",4,12371
"(0.7492637423027605, 1.0)",1,12372
"(0.983545503234046, 1.0)",3,12375
"(0.5274812314295818, 1.0)",6,12381
"(0.5171058300492589, 1.0)",6,12387
"(0.436253398861698, 1.0)",3,12390
"(0.4611605493121345, 1.0)",3,12393
"(0.8813457860512559, 1.0)",1,12394
"(0.6125604138714786, 1.0)",6,12400
"(0.5328058922602792, 1.0)",6,12406
"(0.7946380416968652, 1.0)",1,12407
"(0.8146183925150791, 1.0)",2,12409
"(0.931200007971039, 1.0)",1,12410
"(0.9198255060602112, 1.0)",2,12412
"(0.3717418247182235, 1.0)",6,12418
"(0.5856986174790536, 1.0)",6,12424
"(0.917655049465296, 1.0)",1,12425
"(0.5832694035524224, 1.0)",3,12428
"(0.9504245882013664, 1.0)",1,12429
"(0.5171673062654388, 1.0)",6,12435
"(0.3222746438026621, 1.0)",6,12441
"(0.4787282598676327, 1.0)",6,12447
"(0.8247905643738976, 1.0)",42,12489
"(0.524828125, 1.0)",6,12495
"(0.6664472240509107, 1.0)",8,12503
"(0.9164652836623464, 1.0)",84,12587
"(0.1833909490886235, 1.0)",10,12597
"(0.8137566137566138, 1.0)",79,12676
"(0.8692185007974482, 1.0)",8,12684
"(0.798857609139127, 1.0)",1,12685
"(0.7097211628104076, 1.0)",6,12691
"(0.9166145507608922, 1.0)",5,12696
"(0.614498219149382, 1.0)",7,12703
"(0.5555555555555555, 1.0)",78,12781
"(0.6961063627730295, 1.0)",8,12789
"(0.8156295830714435, 1.0)",6,12795
"(0.7979797979797979, 1.0)",85,12880
"(0.933096859926128, 1.0)",171,13051
"(0.5090364521224462, 1.0)",29,13080
"(0.8631918334993627, 1.0)",82,13162
"(0.6703030303030302, 1.0)",7,13169
"(0.8666666666666667, 1.0)",15,13184
"(0.7430253184970165, 1.0)",15,13199
"(0.816195709052852, 1.0)",86,13285
"(0.844988344988345, 1.0)",166,13451
"(0.8193928901539049, 1.0)",3,13454
"(0.7069597069597069, 1.0)",64,13518
"(0.8165520116739629, 1.0)",83,13601
"(0.9169719169719168, 1.0)",74,13675
"(0.9522870228046522, 1.0)",3,13678
"(0.3660238527416034, 1.0)",2,13680
"(0.8016677935542034, 1.0)",382,14062
"(0.6096721354739468, 1.0)",28,14090
"(0.8490208544183524, 1.0)",8,14098
"(0.8349489264123411, 1.0)",74,14172
"(0.7090909090909091, 1.0)",195,14367
"(0.9750481776288228, 1.0)",1,14368
"(0.9166145507608924, 1.0)",329,14697
"(0.7387794573238652, 1.0)",8,14705
"(0.5583626168742506, 1.0)",12,14717
"(0.7552298585410389, 1.0)",4,14721
"(0.8840048840048841, 1.0)",82,14803
"(0.8653198653198653, 1.0)",176,14979
"(0.4737094237094237, 1.0)",10,14989
"(1.0, 1.0)",2447,17436
"(0.8261351052048725, 1.0)",3,17439
"(0.7734344933751168, 1.0)",76,17515
"(0.9416450721400784, 1.0)",3,17518
"(0.806589620543109, 1.0)",4,17522
"(0.7075023741690408, 1.0)",67,17589
"(0.8633762288330498, 1.0)",171,17760
"(0.7612209453612427, 1.0)",1,17761
"(0.826388888888889, 1.0)",86,17847
"(0.7994987468671678, 1.0)",82,17929
"(0.8065067548938516, 1.0)",8,17937
"(0.9666562434855118, 1.0)",317,18254
"(0.6560520437793165, 1.0)",25,18279
"(0.6154433311277057, 1.0)",32,18311
"(0.8813080639167598, 1.0)",88,18399
"(0.9186779362907952, 1.0)",1,18400
"(0.8013184398461819, 1.0)",2,18402
"(0.7119388248146047, 1.0)",91,18493
"(0.9009534009534008, 1.0)",72,18565
"(0.8316498316498316, 1.0)",78,18643
"(0.6612761389202956, 1.0)",6,18649
"(0.5131569832583307, 1.0)",21,18670
"(0.4717592323795773, 1.0)",1,18671
"(0.5295994275347542, 1.0)",27,18698
"(0.8295839885326742, 1.0)",9,18707
"(0.849906191369606, 1.0)",6,18713
"(0.934122934122934, 1.0)",81,18794
"(0.6521663785997688, 1.0)",26,18820
"(0.8840455840455841, 1.0)",85,18905
"(0.7982894736842105, 1.0)",5,18910
"(0.6040339402207299, 1.0)",31,18941
"(0.572027972027972, 1.0)",7,18948
"(0.7340930674264006, 1.0)",89,19037
"(0.8137865219658889, 1.0)",79,19116
"(0.7485857950974231, 1.0)",8,19124
"(0.8467532467532467, 1.0)",92,19216
"(0.7222222222222221, 1.0)",84,19300
"(0.9153439153439156, 1.0)",356,19656
"(0.8677838677838676, 1.0)",8,19664
"(0.7416325017951034, 1.0)",71,19735
"(0.5502402432393444, 1.0)",8,19743
"(0.73687720936437, 1.0)",79,19822
"(0.5135815048525069, 1.0)",33,19855
"(0.916104916104916, 1.0)",75,19930
"(0.8845578466141503, 1.0)",81,20011
"(0.8476190476190477, 1.0)",97,20108
"(0.5925925925925927, 1.0)",8,20116
"(0.7601281633539698, 1.0)",8,20124
"(0.8663324979114452, 1.0)",6,20130
"(0.7340930674264007, 1.0)",91,20221
"(0.7503607503607503, 1.0)",73,20294
"(0.6830409356725146, 1.0)",7,20301
"(0.8651903651903651, 1.0)",81,20382
"(0.9160264866799612, 1.0)",7,20389
"(0.7866279069767441, 1.0)",1,20390
"(0.837707400507675, 1.0)",158,20548
"(0.5198751043097375, 1.0)",6,20554
"(0.9333333333333332, 1.0)",250,20804
"(0.94993894993895, 1.0)",91,20895
"(0.8379987406578985, 1.0)",1,20896
"(0.876295504202481, 1.0)",4,20900
"(0.8687499999999999, 1.0)",3,20903
"(0.7601164382773579, 1.0)",87,20990
"(0.934065934065934, 1.0)",83,21073
"(0.7362637362637362, 1.0)",78,21151
"(0.9506533178503804, 1.0)",100,21251
"(0.796353220536539, 1.0)",3,21254
"(0.9326599326599326, 1.0)",894,22148
"(0.9000617225831424, 1.0)",94,22242
"(0.776488287126585, 1.0)",80,22322
"(0.9372650231764934, 1.0)",1,22323
"(0.9666666666666668, 1.0)",178,22501
"(0.7198480531813864, 1.0)",74,22575
"(0.8222222222222222, 1.0)",560,23135
"(0.8832603710652491, 1.0)",71,23206
"(0.8420013166556947, 1.0)",92,23298
"(0.8539212725259236, 1.0)",3,23301
"(0.9331094582012576, 1.0)",93,23394
"(0.8420013166556946, 1.0)",606,24000
"(0.4590791029805835, 1.0)",4,24004
"(0.617513611615245, 1.0)",71,24075
"(0.7121693121693121, 1.0)",79,24154
"(0.6315992319172109, 1.0)",6,24160
"(0.8635976129582268, 1.0)",172,24332
"(0.8703703703703703, 1.0)",84,24416
"(0.898989898989899, 1.0)",91,24507
"(0.9153439153439152, 1.0)",271,24778
"(0.8976982097186702, 1.0)",1071,25849
"(0.5922305451363773, 1.0)",5,25854
"(0.7083333333333334, 1.0)",82,25936
"(0.757745166550198, 1.0)",178,26114
"(0.5780660682584178, 1.0)",3,26117
"(0.8374727668845315, 1.0)",157,26274
"(0.9497171590194848, 1.0)",462,26736
"(0.6825396825396824, 1.0)",229,26965
"(0.799275702501509, 1.0)",74,27039
"(0.9331662489557224, 1.0)",159,27198
"(0.5145298790921191, 1.0)",6,27204
"(0.9045740456093042, 1.0)",2,27206
"(0.8736897274633123, 1.0)",49,27255
"(0.9497171590194846, 1.0)",552,27807
"(0.7767756418742694, 1.0)",2,27809
"(0.7077308656256025, 1.0)",74,27883
"(0.861111111111111, 1.0)",750,28633
"(0.8623833924582841, 1.0)",1,28634
"(0.9665831244778612, 1.0)",1216,29850
"(0.4130211680123674, 1.0)",31,29881
"(0.7802197802197803, 1.0)",362,30243
"(0.5967737200007578, 1.0)",6,30249
"(0.8615866942983156, 1.0)",85,30334
"(0.6354724289506898, 1.0)",8,30342
"(0.6916090143326244, 1.0)",7,30349
"(0.9253213924599162, 1.0)",5,30354
"(0.5938024587948153, 1.0)",31,30385
"(0.9792766373411534, 1.0)",1,30386
"(0.5237466575255753, 1.0)",31,30417
"(0.6742198370105348, 1.0)",1,30418
"(0.4860837462761431, 1.0)",3,30421
"(0.7030539311241066, 1.0)",73,30494
"(0.751080181203132, 1.0)",12,30506
"(0.808446455505279, 1.0)",160,30666
"(0.511612180189574, 1.0)",30,30696
"(0.8513842746400886, 1.0)",2,30698
"(0.8177442148030384, 1.0)",68,30766
"(0.3965551056192914, 1.0)",3,30769
"(0.9161952650324744, 1.0)",516,31285
"(0.8997493734335841, 1.0)",250,31535
"(0.8814814814814814, 1.0)",250,31785
"(0.7155555555555556, 1.0)",86,31871
"(0.917415489944373, 1.0)",85,31956
"(0.7204751921733054, 1.0)",105,32061
"(0.8796475392220073, 1.0)",1198,33259
"(0.882673371045464, 1.0)",176,33435
"(0.9499687304565352, 1.0)",385,33820
"(0.868077055383557, 1.0)",85,33905
"(0.5694024864713222, 1.0)",6,33911
"(0.8963124945246743, 1.0)",3,33914
"(0.7164894725870335, 1.0)",171,34085
"(0.6698155645524068, 1.0)",306,34391
"(0.8294970161977834, 1.0)",225,34616
"(0.4917872264629592, 1.0)",2,34618
"(0.5128821335028014, 1.0)",6,34624
"(0.9833229101521784, 1.0)",1776,36400
"(0.8685314685314685, 1.0)",1,36401
"(0.8333192389006343, 1.0)",5,36406
"(0.6215073982652175, 1.0)",20,36426
"(0.8329156223893065, 1.0)",152,36578
"(0.6907243513029603, 1.0)",56,36634
"(0.8886316872427984, 1.0)",3,36637
"(0.7844357601196508, 1.0)",3,36640
"(0.9029281534808432, 1.0)",10,36650
"(0.8947046219773493, 1.0)",3,36653
"(0.8566900022492128, 1.0)",3,36656
"(0.9, 1.0)",79,36735
"(0.5222179798681013, 1.0)",5,36740
"(0.6575398846941737, 1.0)",22,36762
"(0.8676532769556025, 1.0)",21,36783
"(0.8065954953750508, 1.0)",22,36805
"(0.3024053266749896, 1.0)",12,36817
"(0.8885714285714285, 1.0)",47,36864
"(0.9309563801089225, 1.0)",14,36878
"(0.7770017887205386, 1.0)",2,36880
"(0.8604872251931075, 1.0)",1,36881
"(0.859680733364944, 1.0)",1,36882
"(0.9157169990503324, 1.0)",5,36887
"(0.5209302325581396, 1.0)",2,36889
"(0.8552744708994707, 1.0)",65,36954
"(0.7511111111111111, 1.0)",85,37039
"(0.7944219523166891, 1.0)",72,37111
"(0.7996376811594202, 1.0)",4,37115
"(0.7574146783449108, 1.0)",23,37138
"(0.8882936507936509, 1.0)",2,37140
"(0.6042502004811546, 1.0)",20,37160
"(0.9311507936507936, 1.0)",12,37172
"(0.917469251615593, 1.0)",94,37266
"(0.7836974395113928, 1.0)",2,37268
"(0.3841590381665586, 1.0)",15,37283
"(0.8158879904162925, 1.0)",49,37332
"(0.7532376017916352, 1.0)",44,37376
"(0.8880287817151458, 1.0)",4,37380
"(0.738145558145558, 1.0)",42,37422
"(0.8305135146220418, 1.0)",4,37426
"(0.9304496233521656, 1.0)",1,37427
"(0.3388635816579241, 1.0)",3,37430
"(0.9009287520039462, 1.0)",58,37488
"(0.6779618620193896, 1.0)",3,37491
"(0.7786375661375661, 1.0)",49,37540
"(0.7294281157362763, 1.0)",57,37597
"(0.8887202421952387, 1.0)",50,37647
"(0.7916666666666666, 1.0)",97,37744
"(0.3865130008203705, 1.0)",12,37756
"(0.8467467233807103, 1.0)",1,37757
"(0.7713401051412279, 1.0)",55,37812
"(0.8153895365851999, 1.0)",1,37813
"(0.9003556829643787, 1.0)",77,37890
"(0.917849761232425, 1.0)",23,37913
"(0.7607800827623068, 1.0)",2,37915
"(0.6733821733821733, 1.0)",81,37996
"(0.6831352928913905, 1.0)",77,38073
"(0.6378166586499919, 1.0)",51,38124
"(0.903667392883079, 1.0)",52,38176
"(0.7729389061386163, 1.0)",2,38178
"(0.8325755070546736, 1.0)",5,38183
"(0.7880931329207191, 1.0)",90,38273
"(0.829257487152224, 1.0)",2,38275
"(0.8068904981347378, 1.0)",76,38351
"(0.8547756205106323, 1.0)",20,38371
"(0.7687400318979267, 1.0)",79,38450
"(0.8589304432464812, 1.0)",3,38453
"(0.8456659619450317, 1.0)",4,38457
"(0.7643097643097643, 1.0)",5,38462
"(0.9295946890286512, 1.0)",101,38563
"(0.8151249335459861, 1.0)",52,38615
"(0.8471527473990528, 1.0)",56,38671
"(0.8395301149279116, 1.0)",2,38673
"(0.7598451862602805, 1.0)",1,38674
"(0.8491918316699293, 1.0)",6,38680
"(0.6815232656375146, 1.0)",5,38685
"(0.930124456440246, 1.0)",75,38760
"(0.3823454664699131, 1.0)",31,38791
"(0.6734452539330588, 1.0)",8,38799
"(0.8697983697983697, 1.0)",76,38875
"(0.8668153102935712, 1.0)",6,38881
"(0.8138306443491046, 1.0)",10,38891
"(0.7648017586542176, 1.0)",4,38895
"(0.8040695048423352, 1.0)",45,38940
"(0.7898649785693143, 1.0)",2,38942
"(0.5707944720139841, 1.0)",2,38944
"(0.7125811731165197, 1.0)",1,38945
"(0.8424416071338096, 1.0)",1,38946
"(0.7825854700854701, 1.0)",1,38947
"(0.8468951683237397, 1.0)",219,39166
"(0.9584987529902784, 1.0)",60,39226
"(0.7109688804604058, 1.0)",14,39240
"(0.6992775742775743, 1.0)",9,39249
"(0.8082530156998243, 1.0)",2,39251
"(0.8599206349206349, 1.0)",4,39255
"(0.8811945374355704, 1.0)",96,39351
"(0.9172768036761748, 1.0)",2,39353
"(0.5070372093557577, 1.0)",57,39410
"(0.746304385688563, 1.0)",42,39452
"(0.7637048646619141, 1.0)",2,39454
"(0.7340324228911184, 1.0)",5,39459
"(0.901575014782562, 1.0)",45,39504
"(0.6753328883574485, 1.0)",1,39505
"(0.8572048611111112, 1.0)",2,39507
"(0.8425483191745751, 1.0)",19,39526
"(0.7673678366541239, 1.0)",21,39547
"(0.8449978636391381, 1.0)",20,39567
"(0.4133101229894375, 0.999621402088958)",2,39569
"(0.6088842547573518, 0.999621402088958)",2,39571
"(0.6800130179603725, 0.999621402088958)",1,39572
"(0.5943528693528694, 0.999621402088958)",1,39573
"(0.5222068099340543, 0.999621402088958)",1,39574
"(0.3354976707716434, 0.999621402088958)",1,39575
"(0.5073536286909905, 0.999621402088958)",3,39578
"(0.5277652279377781, 0.999621402088958)",4,39582
"(0.5034451916861793, 0.999621402088958)",1,39583
"(0.2104254576695934, 0.999621402088958)",1,39584
"(0.7397465592662823, 0.999621402088958)",1,39585
"(0.7024127592418583, 0.999621402088958)",1,39586
"(0.5172159656435519, 0.999621402088958)",1,39587
"(0.3222365390902591, 0.999621402088958)",3,39590
"(0.2556151641612986, 0.999621402088958)",3,39593
"(0.7261814100818125, 0.999621402088958)",2,39595
"(0.4085833743236595, 0.999621402088958)",1,39596
"(0.4403449749235543, 0.999621402088958)",1,39597
"(0.503514376678064, 0.999621402088958)",2,39599
"(0.5675807533251369, 0.999621402088958)",1,39600
"(0.6090651266678423, 0.999621402088958)",4,39604
"(0.6591407524714463, 0.999621402088958)",3,39607
"(0.6915482942087353, 0.999621402088958)",1,39608
"(0.5951215675790986, 0.999621402088958)",1,39609
"(0.517228150797548, 0.999621402088958)",2,39611
"(0.5592035399158047, 0.999621402088958)",1,39612
"(0.5244713025029905, 0.999621402088958)",3,39615
"(0.6972497837982629, 0.999621402088958)",1,39616
"(0.6070991828496547, 0.999621402088958)",1,39617
"(0.5946188196396517, 0.999621402088958)",3,39620
"(0.599744651595403, 0.999621402088958)",3,39623
"(0.6088071867185179, 0.999621402088958)",2,39625
"(0.5491255359932153, 0.999621402088958)",3,39628
"(0.4743478079735079, 0.999621402088958)",1,39629
"(0.3506832674571805, 0.999621402088958)",1,39630
"(0.431109474393926, 0.999621402088958)",3,39633
"(0.5921903608218824, 0.999621402088958)",1,39634
"(0.606993006993007, 0.999621402088958)",1,39635
"(0.5430875999065339, 0.999621402088958)",1,39636
"(0.4936062160591765, 0.999621402088958)",1,39637
"(0.4867288782831281, 0.999621402088958)",3,39640
"(0.5286751006005854, 0.999621402088958)",1,39641
"(0.2710113076866549, 0.999621402088958)",1,39642
"(0.419237903544084, 0.999621402088958)",1,39643
"(0.3012339302112029, 0.999621402088958)",3,39646
"(0.5151897052695996, 0.999621402088958)",3,39649
"(0.5261709490066349, 0.999621402088958)",1,39650
"(0.5128086146849515, 0.999621402088958)",1,39651
"(0.3262466548275309, 0.999621402088958)",3,39654
"(0.7347448804741066, 0.999621402088958)",1,39655
"(0.5315938119639068, 0.999621402088958)",1,39656
"(0.5295994275347542, 0.999621402088958)",1,39657
"(0.5126865457302712, 0.999621402088958)",1,39658
"(0.4009727434617732, 0.999621402088958)",1,39659
"(0.379260207853821, 0.999621402088958)",3,39662
"(0.5909030435404882, 0.999621402088958)",4,39666
"(0.3690581214322782, 0.999621402088958)",1,39667
"(0.5521709560790242, 0.999621402088958)",1,39668
"(0.6560520437793165, 0.999621402088958)",3,39671
"(0.5123851706036745, 0.999621402088958)",5,39676
"(0.5172164351851852, 0.999621402088958)",1,39677
"(0.5221840311996069, 0.999621402088958)",2,39679
"(0.4559943458316767, 0.999621402088958)",1,39680
"(0.5173573838463876, 0.999621402088958)",1,39681
"(0.5459165183258022, 0.999621402088958)",1,39682
"(0.5169410170491575, 0.999621402088958)",2,39684
"(0.5176279025155472, 0.999621402088958)",1,39685
"(0.5137024199841741, 0.999621402088958)",1,39686
"(0.4894044061023979, 0.9996210215628012)",1,39687
"(0.6053616175733575, 0.9996210215628012)",3,39690
"(0.398436071148475, 0.9996210215628012)",1,39691
"(0.4229828165539535, 0.9996210215628012)",1,39692
"(0.3112459555295891, 0.9996210215628012)",1,39693
"(0.3012645528335599, 0.9996210215628012)",1,39694
"(0.3375037848991109, 0.9996210215628012)",1,39695
"(0.6336863589341304, 0.9996210215628012)",1,39696
"(0.2556205894487595, 0.9996210215628012)",5,39701
"(0.4076247491511041, 0.9996210215628012)",7,39708
"(0.7580478365689632, 0.9996210215628012)",1,39709
"(0.5775969264976549, 0.9996210215628012)",1,39710
"(0.379260207853821, 0.9996210215628012)",2,39712
"(0.6759040330903159, 0.9996210215628012)",1,39713
"(0.2517239928426216, 0.9996210215628012)",1,39714
"(0.4708333333333333, 0.9996210215628012)",3,39717
"(0.4917872264629592, 0.9996210215628012)",3,39720
"(0.1808771236817465, 0.9996210215628012)",7,39727
"(0.3525464877615415, 0.9996210215628012)",1,39728
"(0.7218114213846213, 0.9996210215628012)",2,39730
"(0.5094440332946544, 0.9996210215628012)",1,39731
"(0.3944271295930922, 0.9996210215628012)",2,39733
"(0.224271508570455, 0.9996210215628012)",6,39739
"(0.4510894164249752, 0.9996210215628012)",1,39740
"(0.6740805942215464, 0.9996210215628012)",6,39746
"(0.7742295620819575, 0.9996210215628012)",1,39747
"(0.5910166282704363, 0.9996210215628012)",1,39748
"(0.5750629311033884, 0.9996210215628012)",1,39749
"(0.4566269759061861, 0.9996210215628012)",2,39751
"(0.523180676451683, 0.9996210215628012)",6,39757
"(0.7306729085863257, 0.9996210215628012)",2,39759
"(0.4777955536474655, 0.9996210215628012)",9,39768
"(0.503442416215342, 0.9996210215628012)",9,39777
"(0.3012339302112029, 0.9996210215628012)",2,39779
"(0.4897415065188988, 0.9996210215628012)",3,39782
"(0.7470459434759006, 0.9996210215628012)",1,39783
"(0.5735975683158782, 0.9996210215628012)",1,39784
"(0.5680245864444272, 0.9996210215628012)",1,39785
"(0.4817463236342279, 0.9996210215628012)",5,39790
"(0.5592924417056326, 0.9996210215628012)",1,39791
"(0.7109439652598261, 0.9996210215628012)",1,39792
"(0.2806699331680662, 0.9996210215628012)",8,39800
"(0.5073536286909905, 0.9996210215628012)",13,39813
"(0.3860590631364562, 0.9996210215628012)",7,39820
"(0.3941579628653293, 0.9996210215628012)",3,39823
"(0.5845989468748872, 0.9996210215628012)",1,39824
"(0.5081592004685413, 0.9996210215628012)",1,39825
"(0.5363990257063117, 0.9996210215628012)",6,39831
"(0.4758030117256981, 0.9996210215628012)",1,39832
"(0.5485994340225477, 0.9996210215628012)",1,39833
"(0.5854597249132409, 0.9996210215628012)",1,39834
"(0.7475497813384121, 0.9996210215628012)",1,39835
"(0.5746422104819308, 0.9996210215628012)",3,39838
"(0.5643457045368262, 0.9996210215628012)",1,39839
"(0.5112838915470493, 0.9996210215628012)",1,39840
"(0.5173573838463876, 0.9996210215628012)",1,39841
"(0.5118261627427276, 0.9996210215628012)",1,39842
"(0.5137804501709824, 0.9996210215628012)",6,39848
"(0.5450348040348041, 0.9996210215628012)",2,39850
"(0.4609816352782865, 0.9996210215628012)",4,39854
"(0.8099445157447847, 0.9996210215628012)",1,39855
"(0.6155278427792774, 0.9996210215628012)",1,39856
"(0.6474192096347017, 0.9996210215628012)",1,39857
"(0.5762240792806925, 0.9996210215628012)",1,39858
"(0.485879976270526, 0.9996210215628012)",1,39859
"(0.6445974707185653, 0.9996210215628012)",1,39860
"(0.5443142824598124, 0.9996210215628012)",2,39862
"(0.5208957469413343, 0.9996210215628012)",1,39863
"(0.5592035399158047, 0.9996210215628012)",1,39864
"(0.2204230963407635, 0.9996210215628012)",2,39866
"(0.304184857695496, 0.9996210215628012)",1,39867
"(0.5046617565500936, 0.9996210215628012)",1,39868
"(0.712083517595137, 0.9996210215628012)",1,39869
"(0.4775277477297871, 0.9996210215628012)",10,39879
"(0.488746700064167, 0.9996210215628012)",1,39880
"(0.4559943458316767, 0.9996210215628012)",1,39881
"(0.4648065695791297, 0.9996210215628012)",1,39882
"(0.5778206440811193, 0.9996210215628012)",1,39883
"(0.5738039048389373, 0.9996210215628012)",3,39886
"(0.5697493278919207, 0.9996210215628012)",3,39889
"(0.2537048100490196, 0.9996210215628012)",6,39895
"(0.2200027398216297, 0.9996210215628012)",1,39896
"(0.1036822132246005, 0.9996210215628012)",3,39899
"(0.6052212368618619, 0.9996210215628012)",11,39910
"(0.5172159656435519, 0.9996210215628012)",2,39912
"(0.3865130008203705, 0.9996210215628012)",4,39916
"(0.5078921924099589, 0.9996210215628012)",1,39917
"(0.5261709490066349, 0.9996210215628012)",1,39918
"(0.2573753482290067, 0.9996210215628012)",8,39926
"(0.6591395909303083, 0.9996210215628012)",2,39928
"(0.5959779257772208, 0.9996210215628012)",3,39931
"(0.6735455459483788, 0.9996210215628012)",1,39932
"(0.598886017848201, 0.9996210215628012)",1,39933
"(0.7779212514298108, 0.9996210215628012)",1,39934
"(0.4633466015586465, 0.9996210215628012)",1,39935
"(0.5129137710809465, 0.9996210215628012)",3,39938
"(0.3471124103309341, 0.9996210215628012)",1,39939
"(0.4889834829195941, 0.9996210215628012)",3,39942
"(0.4992218132083787, 0.9996210215628012)",3,39945
"(0.5113955160358922, 0.9996210215628012)",2,39947
"(0.7214747213672065, 0.9996210215628012)",1,39948
"(0.5203553504225632, 0.9996210215628012)",1,39949
"(0.5430875999065339, 0.9996210215628012)",2,39951
"(0.4497336854186499, 0.9996210215628012)",2,39953
"(0.3703280442697561, 0.9996210215628012)",4,39957
"(0.5952874206793579, 0.9996210215628012)",1,39958
"(0.2184301094356221, 0.9996210215628012)",8,39966
"(0.1639212100182649, 0.9996210215628012)",3,39969
"(0.4845066627893052, 0.9996210215628012)",1,39970
"(0.514585158944719, 0.9996210215628012)",2,39972
"(0.599744651595403, 0.9996210215628012)",6,39978
"(0.2372024545510323, 0.9996210215628012)",4,39982
"(0.4743478079735079, 0.9996210215628012)",5,39987
"(0.477671768371638, 0.9996210215628012)",10,39997
"(0.4631616549920088, 0.9996210215628012)",5,40002
"(0.5405172403210167, 0.9996210215628012)",2,40004
"(0.2520817505905556, 0.9996210215628012)",4,40008
"(0.3984101488896291, 0.9996210215628012)",3,40011
"(0.6011178661408698, 0.9996210215628012)",2,40013
"(0.3841590381665586, 0.9996210215628012)",4,40017
"(0.4049163909196675, 0.9996210215628012)",9,40026
"(0.3262466548275309, 0.9996210215628012)",9,40035
"(0.493185354223825, 0.9996210215628012)",1,40036
"(0.5034451916861793, 0.9996210215628012)",5,40041
"(0.5286751006005854, 0.9996210215628012)",7,40048
"(0.1833909490886235, 0.9996210215628012)",12,40060
"(0.5169410170491575, 0.9996210215628012)",8,40068
"(0.5255324262157274, 0.9996210215628012)",1,40069
"(0.457262827025654, 0.9996210215628012)",11,40080
"(0.4133101229894375, 0.9996210215628012)",7,40087
"(0.4957093292502148, 0.9996210215628012)",7,40094
"(0.1725451185121838, 0.9996210215628012)",3,40097
"(0.5353700689511449, 0.9996210215628012)",1,40098
"(0.4525211933060535, 0.9996210215628012)",4,40102
"(0.4345640839445211, 0.9996210215628012)",6,40108
"(0.4236037190698367, 0.9996210215628012)",3,40111
"(0.419237903544084, 0.9996210215628012)",9,40120
"(0.4009727434617732, 0.9996210215628012)",10,40130
"(0.4936062160591765, 0.9996210215628012)",11,40141
"(0.3464973708160582, 0.9996210215628012)",6,40147
"(0.4782989297130066, 0.9996210215628012)",3,40150
"(0.331262443438914, 0.9996210215628012)",4,40154
"(0.5592114375870831, 0.9996210215628012)",3,40157
"(0.6050868628167587, 0.9996210215628012)",4,40161
"(0.4012260196502799, 0.9996210215628012)",4,40165
"(0.5916005291005291, 0.9996210215628012)",1,40166
"(0.436911946168762, 0.9996210215628012)",8,40174
"(0.5320180604331844, 0.9996210215628012)",1,40175
"(0.5734466317588319, 0.9996210215628012)",3,40178
"(0.4337472035794183, 0.9996210215628012)",4,40182
"(0.5240189293380408, 0.9996210215628012)",1,40183
"(0.6061667529199264, 0.9996210215628012)",6,40189
"(0.1927860622107562, 0.9996210215628012)",3,40192
"(0.5306450880554778, 0.9996210215628012)",1,40193
"(0.3071435299563478, 0.9996210215628012)",6,40199
"(0.5302041096685234, 0.9996210215628012)",1,40200
"(0.7024127592418583, 0.9996210215628012)",1,40201
"(0.3618298321342925, 0.9996210215628012)",8,40209
"(0.2214665086585351, 0.9996210215628012)",9,40218
"(0.518883018547448, 0.9996210215628012)",3,40221
"(0.5096884338097788, 0.9996210215628012)",3,40224
"(0.602662742458966, 0.9996210215628012)",3,40227
"(0.2710113076866549, 0.9996210215628012)",2,40229
"(0.6186518419144107, 0.9996210215628012)",2,40231
"(0.5981266189834885, 0.9996210215628012)",11,40242
"(0.6142380146189402, 0.9996210215628012)",1,40243
"(0.3690581214322782, 0.9996210215628012)",5,40248
"(0.4268899127926591, 0.9996210215628012)",5,40253
"(0.4776877676981033, 0.9996210215628012)",4,40257
"(0.5142655348168222, 0.9996210215628012)",2,40259
"(0.433281060850566, 0.9996210215628012)",4,40263
"(0.5066418935372837, 0.9996210215628012)",9,40272
"(0.318398033126294, 0.9996210215628012)",3,40275
"(0.5452310701354139, 0.9996210215628012)",5,40280
"(0.3965551056192914, 0.9996210215628012)",3,40283
"(0.5928342620051786, 0.9996210215628012)",1,40284
"(0.3918495706148258, 0.9996210215628012)",1,40285
"(0.3222746438026621, 0.9996210215628012)",3,40288
"(0.3506832674571805, 0.9996210215628012)",9,40297
"(0.3354976707716434, 0.9996210215628012)",4,40301
"(0.5191356753598758, 0.9996210215628012)",1,40302
"(0.436253398861698, 0.9996210215628012)",2,40304
"(0.503514376678064, 0.9996210215628012)",2,40306
"(0.2861923618111422, 0.9996210215628012)",3,40309
"(0.4670357941834451, 0.9996210215628012)",8,40317
"(0.4858175570582923, 0.9996210215628012)",3,40320
"(0.5891971035837016, 0.9996210215628012)",5,40325
"(0.6040339402207299, 0.9996210215628012)",2,40327
"(0.6047607547714982, 0.9996210215628012)",1,40328
"(0.3929204539802519, 0.9996210215628012)",3,40331
"(0.59638347550428, 0.9996210215628012)",1,40332
"(0.5454038430374508, 0.9996210215628012)",3,40335
"(0.4830440999894311, 0.9996210215628012)",3,40338
"(0.5126865457302712, 0.9996210215628012)",6,40344
"(0.2672914952175105, 0.9996210215628012)",15,40359
"(0.3188477500068535, 0.9996210215628012)",3,40362
"(0.5371072475911186, 0.9996210215628012)",3,40365
"(0.3974337753332183, 0.9996210215628012)",3,40368
"(0.1500716412252043, 0.9996210215628012)",4,40372
"(0.5005466528962331, 0.9996210215628012)",10,40382
"(0.711778806550463, 0.9996210215628012)",1,40383
"(0.3823454664699131, 0.9996210215628012)",1,40384
"(0.3942553050785419, 0.9996210215628012)",2,40386
"(0.6962461114805364, 0.9996210215628012)",3,40389
"(0.1523541666666666, 0.9996210215628012)",13,40402
"(0.4971911339651811, 0.9996210215628012)",2,40404
"(0.555320102908265, 0.9996210215628012)",3,40407
"(0.2251133304715785, 0.9996210215628012)",6,40413
"(0.511612180189574, 0.9996210215628012)",1,40414
"(0.6576105142655866, 0.9996210215628012)",1,40415
"(0.539275629206987, 0.9996210215628012)",1,40416
"(0.4990204708059675, 0.9996210215628012)",3,40419
"(0.5222068099340543, 0.9996210215628012)",1,40420
"(0.2309709141375595, 0.9996210215628012)",7,40427
"(0.563035225158132, 0.9996210215628012)",2,40429
"(0.3067412107187314, 0.9996210215628012)",5,40434
"(0.3024053266749896, 0.9996210215628012)",5,40439
"(0.252738269539148, 0.9996210215628012)",3,40442
"(0.436083926037933, 0.9996210215628012)",3,40445
"(0.4822651515151516, 0.9996210215628012)",8,40453
"(0.5896957700576321, 0.9996210215628012)",6,40459
"(0.4937125269096371, 0.9996210215628012)",6,40465
"(0.55444661276833, 0.9996210215628012)",3,40468
"(0.5361367504335325, 0.9996210215628012)",13,40481
"(0.5192461542064125, 0.9996210215628012)",1,40482
"(0.3317695658368551, 0.9996210215628012)",4,40486
"(0.4037090566294931, 0.9996210215628012)",9,40495
"(0.5046467914998901, 0.9996210215628012)",3,40498
"(0.569178737928738, 0.9996210215628012)",3,40501
"(0.4170386488874046, 0.9996210215628012)",3,40504
"(0.4495135398715946, 0.9996210215628012)",9,40513
"(0.2954225865399132, 0.9996210215628012)",6,40519
"(0.3584486416678197, 0.9996210215628012)",6,40525
"(0.6096721354739468, 0.9996210215628012)",1,40526
"(0.564922563324656, 0.9996210215628012)",1,40527
"(0.5370179311865358, 0.9992431829362568)",3,40530
"(0.6800130179603725, 0.9992431829362568)",4,40534
"(0.7397465592662823, 0.9992431829362568)",1,40535
"(0.5592924417056326, 0.9992431829362568)",4,40539
"(0.7261814100818125, 0.9992431829362568)",1,40540
"(0.702867567752065, 0.9992431829362568)",1,40541
"(0.3038309737760596, 0.9992431829362568)",1,40542
"(0.5235735740769297, 0.9992431829362568)",1,40543
"(0.1036822132246005, 0.9992431829362568)",1,40544
"(0.4633466015586465, 0.9992431829362568)",1,40545
"(0.6252214409217766, 0.9992431829362568)",3,40548
"(0.5943528693528694, 0.9992431829362568)",4,40552
"(0.5250909268039229, 0.9992431829362568)",3,40555
"(0.7460630399100241, 0.9992431829362568)",2,40557
"(0.5081592004685413, 0.9992431829362568)",3,40560
"(0.5191356753598758, 0.9992431829362568)",1,40561
"(0.224271508570455, 0.9992431829362568)",3,40564
"(0.2104254576695934, 0.9992431829362568)",5,40569
"(0.5173573838463876, 0.9992431829362568)",3,40572
"(0.627448384214016, 0.9992431829362568)",1,40573
"(0.6090651266678423, 0.9992431829362568)",6,40579
"(0.2214665086585351, 0.9992431829362568)",3,40582
"(0.3565880743185461, 0.9992431829362568)",3,40585
"(0.6675629468295134, 0.9992431829362568)",1,40586
"(0.3024053266749896, 0.9992431829362568)",3,40589
"(0.4403449749235543, 0.9992431829362568)",5,40594
"(0.5946188196396517, 0.9992431829362568)",3,40597
"(0.6560520437793165, 0.9992431829362568)",1,40598
"(0.3823454664699131, 0.9992431829362568)",1,40599
"(0.5643457045368262, 0.9992431829362568)",1,40600
"(0.5393460859054467, 0.9992431829362568)",3,40603
"(0.517228150797548, 0.9992431829362568)",5,40608
"(0.5974076556127228, 0.9992431829362568)",3,40611
"(0.6049474374542553, 0.9992431829362568)",1,40612
"(0.331262443438914, 0.9992431829362568)",1,40613
"(0.4510894164249752, 0.9992431829362568)",1,40614
"(0.5123851706036745, 0.9992431829362568)",3,40617
"(0.3382742450859052, 0.9992431829362568)",3,40620
"(0.5909030435404882, 0.9992431829362568)",5,40625
"(0.5405172403210167, 0.9992431829362568)",2,40627
"(0.5111533646322378, 0.9992431829362568)",2,40629
"(0.4897415065188988, 0.9992431829362568)",3,40632
"(0.5240189293380408, 0.9992431829362568)",1,40633
"(0.679403773242835, 0.9992431829362568)",1,40634
"(0.6576105142655866, 0.9992431829362568)",3,40637
"(0.5939549490228829, 0.9992431829362568)",1,40638
"(0.5231811942852683, 0.9992431829362568)",1,40639
"(0.5277652279377781, 0.9992431829362568)",3,40642
"(0.5292931359082562, 0.9992431829362568)",3,40645
"(0.5465607854790808, 0.9992431829362568)",1,40646
"(0.5430875999065339, 0.9992431829362568)",1,40647
"(0.5222068099340543, 0.9992431829362568)",2,40649
"(0.3222365390902591, 0.9992431829362568)",3,40652
"(0.48668270621225, 0.9992431829362568)",1,40653
"(0.5151897052695996, 0.9992431829362568)",2,40655
"(0.3817304812095882, 0.9992431829362568)",3,40658
"(0.712083517595137, 0.9992431829362568)",4,40662
"(0.3865130008203705, 0.9992431829362568)",1,40663
"(0.246895032051282, 0.9992431829362568)",3,40666
"(0.5172159656435519, 0.9992431829362568)",1,40667
"(0.4037090566294931, 0.9992431829362568)",3,40670
"(0.5128086146849515, 0.9992431829362568)",6,40676
"(0.6430200463634697, 0.9992431829362568)",1,40677
"(0.6088071867185179, 0.9992431829362568)",8,40685
"(0.3984101488896291, 0.9992431829362568)",1,40686
"(0.6915482942087353, 0.9992431829362568)",1,40687
"(0.6096721354739468, 0.9992431829362568)",1,40688
"(0.523180676451683, 0.9992431829362568)",1,40689
"(0.5138165509259259, 0.9992431829362568)",2,40691
"(0.5282663316582914, 0.9992431829362568)",3,40694
"(0.5451899418331657, 0.9992431829362568)",1,40695
"(0.569178737928738, 0.9992424242424244)",3,40698
"(0.514585158944719, 0.9992424242424244)",3,40701
"(0.4889834829195941, 0.9992424242424244)",3,40704
"(0.517228150797548, 0.9992424242424244)",2,40706
"(0.5034451916861793, 0.9992424242424244)",1,40707
"(0.436911946168762, 0.9992424242424244)",1,40708
"(0.1639212100182649, 0.9992424242424244)",3,40711
"(0.5450348040348041, 0.9992424242424244)",3,40714
"(0.4076247491511041, 0.9992424242424244)",3,40717
"(0.4822651515151516, 0.9992424242424244)",1,40718
"(0.3024053266749896, 0.9992424242424244)",1,40719
"(0.7630560946847559, 0.9992424242424244)",1,40720
"(0.5172159656435519, 0.9992424242424244)",1,40721
"(0.4830440999894311, 0.9992424242424244)",3,40724
"(0.679403773242835, 0.9992424242424244)",2,40726
"(0.4533332829105934, 0.9992424242424244)",3,40729
"(0.3860590631364562, 0.9992424242424244)",1,40730
"(0.5060828893068818, 0.9992424242424244)",1,40731
"(0.5935341164785914, 0.9992424242424244)",1,40732
"(0.5081592004685413, 0.9992424242424244)",1,40733
"(0.5111533646322378, 0.9992424242424244)",1,40734
"(0.4510894164249752, 0.9992424242424244)",1,40735
"(0.5061994035863332, 0.9992424242424244)",3,40738
"(0.5430875999065339, 0.9992424242424244)",1,40739
"(0.6186518419144107, 0.9992424242424244)",3,40742
"(0.3525464877615415, 0.9992424242424244)",1,40743
"(0.4170386488874046, 0.9992424242424244)",3,40746
"(0.6540728266539656, 0.9992424242424244)",1,40747
"(0.4648065695791297, 0.9992424242424244)",2,40749
"(0.3974337753332183, 0.9992424242424244)",3,40752
"(0.5005466528962331, 0.9992416608232524)",2,40754
"(0.514585158944719, 0.9992416608232524)",4,40758
"(0.4937125269096371, 0.9992416608232524)",7,40765
"(0.488746700064167, 0.9992416608232524)",1,40766
"(0.640026163990047, 0.9992416608232524)",1,40767
"(0.1833909490886235, 0.9992416608232524)",4,40771
"(0.3354976707716434, 0.9992416608232524)",6,40777
"(0.5286751006005854, 0.9992416608232524)",8,40785
"(0.650138830416391, 0.9992416608232524)",2,40787
"(0.5306450880554778, 0.9992416608232524)",1,40788
"(0.5083135416096426, 0.9992416608232524)",1,40789
"(0.1523541666666666, 0.9992416608232524)",1,40790
"(0.7511968744445381, 0.9992416608232524)",1,40791
"(0.4858175570582923, 0.9992416608232524)",2,40793
"(0.5113955160358922, 0.9992416608232524)",1,40794
"(0.546013779527559, 0.9992416608232524)",2,40796
"(0.5450348040348041, 0.9992416608232524)",1,40797
"(0.246895032051282, 0.9992416608232524)",2,40799
"(0.5094440332946544, 0.9992416608232524)",1,40800
"(0.5011825360822144, 0.9992416608232524)",1,40801
"(0.5169410170491575, 0.9992416608232524)",5,40806
"(0.3984101488896291, 0.9992416608232524)",7,40813
"(0.4076314260692632, 0.9992416608232524)",3,40816
"(0.4593444449647687, 0.9992416608232524)",1,40817
"(0.5169470317739897, 0.9992416608232524)",3,40820
"(0.2573753482290067, 0.9992416608232524)",11,40831
"(0.3471124103309341, 0.9992416608232524)",1,40832
"(0.5592114375870831, 0.9992416608232524)",3,40835
"(0.606993006993007, 0.9992416608232524)",2,40837
"(0.331262443438914, 0.9992416608232524)",7,40844
"(0.4822651515151516, 0.9992416608232524)",5,40849
"(0.4776877676981033, 0.9992416608232524)",4,40853
"(0.6050868628167587, 0.9992416608232524)",10,40863
"(0.5176279025155472, 0.9992416608232524)",1,40864
"(0.5928342620051786, 0.9992416608232524)",1,40865
"(0.3865130008203705, 0.9992416608232524)",5,40870
"(0.4133101229894375, 0.9992416608232524)",7,40877
"(0.2954225865399132, 0.9992416608232524)",5,40882
"(0.5048749137169142, 0.9992416608232524)",1,40883
"(0.3317695658368551, 0.9992416608232524)",8,40891
"(0.6460231360441068, 0.9992416608232524)",5,40896
"(0.5186495449197397, 0.9992416608232524)",1,40897
"(0.4670357941834451, 0.9992416608232524)",5,40902
"(0.4609816352782865, 0.9992416608232524)",3,40905
"(0.5935341164785914, 0.9992416608232524)",1,40906
"(0.436911946168762, 0.9992416608232524)",4,40910
"(0.2520817505905556, 0.9992416608232524)",7,40917
"(0.2372024545510323, 0.9992416608232524)",6,40923
"(0.4971911339651811, 0.9992416608232524)",5,40928
"(0.8099445157447847, 0.9992416608232524)",1,40929
"(0.3974337753332183, 0.9992416608232524)",8,40937
"(0.2204230963407635, 0.9992416608232524)",1,40938
"(0.3944271295930922, 0.9992416608232524)",1,40939
"(0.598886017848201, 0.9992416608232524)",1,40940
"(0.6877902557095289, 0.9992416608232524)",1,40941
"(0.5452310701354139, 0.9992416608232524)",9,40950
"(0.3584486416678197, 0.9992416608232524)",5,40955
"(0.5665422026431718, 0.9992416608232524)",1,40956
"(0.5734466317588319, 0.9992416608232524)",3,40959
"(0.4957093292502148, 0.9992416608232524)",6,40965
"(0.224271508570455, 0.9992416608232524)",3,40968
"(0.3262466548275309, 0.9992416608232524)",4,40972
"(0.7109439652598261, 0.9992416608232524)",1,40973
"(0.3841590381665586, 0.9992416608232524)",2,40975
"(0.3304298445783633, 0.9992416608232524)",3,40978
"(0.5854597249132409, 0.9992416608232524)",1,40979
"(0.8210319542875959, 0.9992416608232524)",1,40980
"(0.4037090566294931, 0.9992416608232524)",1,40981
"(0.5780660682584178, 0.9992416608232524)",3,40984
"(0.5208957469413343, 0.9992416608232524)",2,40986
"(0.419237903544084, 0.9992416608232524)",2,40988
"(0.7261814100818125, 0.9992416608232524)",3,40991
"(0.5959779257772208, 0.9992416608232524)",1,40992
"(0.5949150182078973, 0.9992416608232524)",2,40994
"(0.5974752315218187, 0.9992416608232524)",1,40995
"(0.5250909268039229, 0.9992416608232524)",1,40996
"(0.4631616549920088, 0.9992416608232524)",5,41001
"(0.4495135398715946, 0.9992416608232524)",2,41003
"(0.7460630399100241, 0.9992416608232524)",1,41004
"(0.2214665086585351, 0.9992416608232524)",1,41005
"(0.3690581214322782, 0.9992416608232524)",4,41009
"(0.3942553050785419, 0.9992416608232524)",1,41010
"(0.4936062160591765, 0.9992416608232524)",3,41013
"(0.1500716412252043, 0.9992416608232524)",3,41016
"(0.5738039048389373, 0.9992416608232524)",6,41022
"(0.5469587499213985, 0.9992416608232524)",1,41023
"(0.7306729085863257, 0.9992416608232524)",2,41025
"(0.602662742458966, 0.9992416608232524)",4,41029
"(0.702867567752065, 0.9992416608232524)",1,41030
"(0.4633466015586465, 0.9992416608232524)",2,41032
"(0.5315938119639068, 0.9992416608232524)",1,41033
"(0.3067412107187314, 0.9992416608232524)",6,41039
"(0.4345640839445211, 0.9992416608232524)",1,41040
"(0.5952874206793579, 0.9992416608232524)",1,41041
"(0.6445974707185653, 0.9992416608232524)",1,41042
"(0.5981266189834885, 0.9992416608232524)",7,41049
"(0.5915486782249667, 0.9992416608232524)",1,41050
"(0.379260207853821, 0.9992416608232524)",3,41053
"(0.5221840311996069, 0.9992416608232524)",2,41055
"(0.4009727434617732, 0.9992416608232524)",7,41062
"(0.4049163909196675, 0.9992416608232524)",7,41069
"(0.5398840942160625, 0.9992416608232524)",1,41070
"(0.6962461114805364, 0.9992416608232524)",6,41076
"(0.433281060850566, 0.9992416608232524)",4,41080
"(0.4743478079735079, 0.9992416608232524)",7,41087
"(0.4845066627893052, 0.9992416608232524)",9,41096
"(0.2184301094356221, 0.9992416608232524)",3,41099
"(0.4062043881623584, 0.9992416608232524)",1,41100
"(0.4497336854186499, 0.9992416608232524)",8,41108
"(0.2931523504561579, 0.9992416608232524)",3,41111
"(0.3506832674571805, 0.9992416608232524)",11,41122
"(0.4566269759061861, 0.9992416608232524)",10,41132
"(0.511612180189574, 0.9992416608232524)",2,41134
"(0.1808771236817465, 0.9992416608232524)",5,41139
"(0.6052212368618619, 0.9992416608232524)",7,41146
"(0.5958288378267684, 0.9992416608232524)",3,41149
"(0.4012260196502799, 0.9992416608232524)",9,41158
"(0.485879976270526, 0.9992416608232524)",7,41165
"(0.2710113076866549, 0.9992416608232524)",8,41173
"(0.5891971035837016, 0.9992416608232524)",6,41179
"(0.3860590631364562, 0.9992416608232524)",4,41183
"(0.6031177317792814, 0.9992416608232524)",1,41184
"(0.4229346333263246, 0.9992416608232524)",2,41186
"(0.4777955536474655, 0.9992416608232524)",1,41187
"(0.3012645528335599, 0.9992416608232524)",1,41188
"(0.5371072475911186, 0.9992416608232524)",3,41191
"(0.3812518212810579, 0.9992416608232524)",1,41192
"(0.5491255359932153, 0.9992416608232524)",3,41195
"(0.3918495706148258, 0.9992416608232524)",1,41196
"(0.503514376678064, 0.9992416608232524)",2,41198
"(0.5096884338097788, 0.9992416608232524)",3,41201
"(0.3919717474763624, 0.9992416608232524)",3,41204
"(0.5200348032289219, 0.9992416608232524)",1,41205
"(0.503442416215342, 0.9992416608232524)",1,41206
"(0.2309709141375595, 0.9992416608232524)",1,41207
"(0.5119662237091893, 0.9992416608232524)",1,41208
"(0.4187009383699279, 0.9992416608232524)",3,41211
"(0.2537048100490196, 0.9992416608232524)",1,41212
"(0.3464973708160582, 0.9992416608232524)",2,41214
"(0.7135473163103189, 0.9992416608232524)",1,41215
"(0.4775277477297871, 0.9992416608232524)",1,41216
"(0.6056395293929532, 0.9992416608232524)",2,41218
"(0.5126865457302712, 0.9992416608232524)",5,41223
"(0.564922563324656, 0.9992416608232524)",5,41228
"(0.5066418935372837, 0.9992416608232524)",7,41235
"(0.4268899127926591, 0.9992416608232524)",3,41238
"(0.5244713025029905, 0.9992416608232524)",2,41240
"(0.1622580530787919, 0.9992416608232524)",1,41241
"(0.4337472035794183, 0.9992416608232524)",8,41249
"(0.1036822132246005, 0.9992416608232524)",2,41251
"(0.5073536286909905, 0.9992416608232524)",1,41252
"(0.6008953168044077, 0.9992416608232524)",1,41253
"(0.1927860622107562, 0.9992416608232524)",3,41256
"(0.3929204539802519, 0.9992416608232524)",2,41258
"(0.3024053266749896, 0.9992416608232524)",2,41260
"(0.5845989468748872, 0.9992416608232524)",1,41261
"(0.5961857774666546, 0.9992416608232524)",1,41262
"(0.3302862574369368, 0.9992416608232524)",3,41265
"(0.457262827025654, 0.9992416608232524)",4,41269
"(0.4864161875237363, 0.9992416608232524)",6,41275
"(0.5680245864444272, 0.9992416608232524)",1,41276
"(0.4990204708059675, 0.9992416608232524)",7,41283
"(0.4897415065188988, 0.9992416608232524)",14,41297
"(0.6591395909303083, 0.9992416608232524)",1,41298
"(0.5951711142105386, 0.9992416608232524)",1,41299
"(0.2556151641612986, 0.9992416608232524)",3,41302
"(0.2591774672459652, 0.9992416608232524)",3,41305
"(0.5361367504335325, 0.9992416608232524)",1,41306
"(0.5916005291005291, 0.9992416608232524)",1,41307
"(0.5204993238647946, 0.9992416608232524)",1,41308
"(0.5035807326063234, 0.9992416608232524)",3,41311
"(0.526258954346199, 0.9992416608232524)",2,41313
"(0.3703280442697561, 0.9992416608232524)",4,41317
"(0.6611650515775019, 0.9992416608232524)",1,41318
"(0.4795837122630575, 0.9992416608232524)",4,41322
"(0.398562919363056, 0.9992416608232524)",3,41325
"(0.477671768371638, 0.9992416608232524)",3,41328
"(0.476767449342614, 0.9992416608232524)",1,41329
"(0.5762240792806925, 0.9992416608232524)",1,41330
"(0.5896957700576321, 0.9992416608232524)",12,41342
"(0.7720986603035019, 0.9992416608232524)",1,41343
"(0.6011178661408698, 0.9992416608232524)",2,41345
"(0.5203553504225632, 0.9992416608232524)",1,41346
"(0.599744651595403, 0.9992416608232524)",8,41354
"(0.4951406509253605, 0.9992416608232524)",2,41356
"(0.3941579628653293, 0.9992416608232524)",1,41357
"(0.304184857695496, 0.9992416608232524)",6,41363
"(0.4076247491511041, 0.9992416608232524)",9,41372
"(0.4614278960439026, 0.9992416608232524)",3,41375
"(0.3973106393408187, 0.9992416608232524)",3,41378
"(0.4525211933060535, 0.9992416608232524)",10,41388
"(0.5485418203425949, 0.9992416608232524)",3,41391
"(0.5235735740769297, 0.9988653407824049)",1,41392
"(0.5418599142431635, 0.9988653407824049)",2,41394
"(0.4795837122630575, 0.9988653407824049)",3,41397
"(0.7214747213672065, 0.9988653407824049)",1,41398
"(0.5315938119639068, 0.9988653407824049)",1,41399
"(0.7742295620819575, 0.9988653407824049)",1,41400
"(0.5175813659509312, 0.9988653407824049)",2,41402
"(0.5398840942160625, 0.9988653407824049)",1,41403
"(0.5175094049755407, 0.9988653407824049)",1,41404
"(0.5896957700576321, 0.9988653407824049)",3,41407
"(0.7045138786538933, 0.9988653407824049)",1,41408
"(0.602662742458966, 0.9988653407824049)",1,41409
"(0.5318703819174632, 0.9988653407824049)",1,41410
"(0.5388719656191158, 0.9988653407824049)",2,41412
"(0.59638347550428, 0.9988653407824049)",2,41414
"(0.71150412917389, 0.9988653407824049)",1,41415
"(0.5807528241902687, 0.9988653407824049)",2,41417
"(0.5046617565500936, 0.9988653407824049)",1,41418
"(0.6576105142655866, 0.9988653407824049)",1,41419
"(0.5349448432585369, 0.9988653407824049)",1,41420
"(0.3354976707716434, 0.9988653407824049)",3,41423
"(0.304184857695496, 0.9988653407824049)",3,41426
"(0.2821631448874142, 0.9988653407824049)",1,41427
"(0.544915263097564, 0.9988653407824049)",1,41428
"(0.7521214129188376, 0.9988653407824049)",1,41429
"(0.6226233514747549, 0.9988653407824049)",1,41430
"(0.5305164278521484, 0.9988653407824049)",2,41432
"(0.2869390650039579, 0.9988653407824049)",1,41433
"(0.5347926731078905, 0.9988653407824049)",3,41436
"(0.3545856375860411, 0.9988653407824049)",1,41437
"(0.4648065695791297, 0.9988642062668746)",4,41441
"(0.679403773242835, 0.9988642062668746)",2,41443
"(0.2806699331680662, 0.9988642062668746)",3,41446
"(0.5286751006005854, 0.9988642062668746)",2,41448
"(0.5430875999065339, 0.9988642062668746)",4,41452
"(0.5081592004685413, 0.9988642062668746)",4,41456
"(0.4631616549920088, 0.9988642062668746)",3,41459
"(0.2463156555806346, 0.9988642062668746)",1,41460
"(0.5073536286909905, 0.9988642062668746)",3,41463
"(0.5175094049755407, 0.9988642062668746)",1,41464
"(0.4495135398715946, 0.9988642062668746)",1,41465
"(0.649671983199115, 0.9988642062668746)",1,41466
"(0.5222068099340543, 0.9988642062668746)",5,41471
"(0.5172159656435519, 0.9988642062668746)",4,41475
"(0.5465607854790808, 0.9988642062668746)",8,41483
"(0.1500716412252043, 0.9988642062668746)",2,41485
"(0.5138165509259259, 0.9988642062668746)",5,41490
"(0.7347448804741066, 0.9988642062668746)",1,41491
"(0.5111533646322378, 0.9988642062668746)",4,41495
"(0.6049474374542553, 0.9988642062668746)",1,41496
"(0.5277652279377781, 0.9988642062668746)",1,41497
"(0.7397465592662823, 0.9988642062668746)",5,41502
"(0.5405172403210167, 0.9988642062668746)",4,41506
"(0.4894044061023979, 0.9988642062668746)",1,41507
"(0.5832694035524224, 0.9988642062668746)",3,41510
"(0.7742295620819575, 0.9988642062668746)",1,41511
"(0.6088842547573518, 0.9988642062668746)",1,41512
"(0.5250909268039229, 0.9988642062668746)",5,41517
"(0.4510894164249752, 0.9988642062668746)",4,41521
"(0.5061994035863332, 0.9988642062668746)",5,41526
"(0.5451899418331657, 0.9988642062668746)",6,41532
"(0.1833909490886235, 0.9988642062668746)",1,41533
"(0.5151897052695996, 0.9988642062668746)",3,41536
"(0.5123851706036745, 0.9988642062668746)",1,41537
"(0.517228150797548, 0.9988642062668746)",8,41545
"(0.2537048100490196, 0.9988642062668746)",3,41548
"(0.5159978271811663, 0.9988642062668746)",1,41549
"(0.5034451916861793, 0.9988642062668746)",3,41552
"(0.5173573838463876, 0.9988642062668746)",5,41557
"(0.5452310701354139, 0.9988630646884038)",1,41558
"(0.59638347550428, 0.9988630646884038)",1,41559
"(0.563035225158132, 0.9988630646884038)",1,41560
"(0.457262827025654, 0.9988630646884038)",1,41561
"(0.5123851706036745, 0.9988630646884038)",1,41562
"(0.5061994035863332, 0.9988630646884038)",1,41563
"(0.6759040330903159, 0.9988630646884038)",2,41565
"(0.5454038430374508, 0.9988630646884038)",3,41568
"(0.5328475640808013, 0.9988630646884038)",3,41571
"(0.4795837122630575, 0.9988630646884038)",4,41575
"(0.4525211933060535, 0.9988630646884038)",3,41578
"(0.252738269539148, 0.9988630646884038)",3,41581
"(0.2806699331680662, 0.9988630646884038)",1,41582
"(0.6460231360441068, 0.9988630646884038)",3,41585
"(0.6784791526961461, 0.9988630646884038)",1,41586
"(0.4776877676981033, 0.9988630646884038)",1,41587
"(0.4670357941834451, 0.9988630646884038)",1,41588
"(0.5138165509259259, 0.9988630646884038)",1,41589
"(0.4211083426076231, 0.9988630646884038)",3,41592
"(0.5592924417056326, 0.9988630646884038)",2,41594
"(0.3703280442697561, 0.9988630646884038)",2,41596
"(0.5928990683056109, 0.9988630646884038)",1,41597
"(0.5286751006005854, 0.9988630646884038)",1,41598
"(0.5111533646322378, 0.9988630646884038)",2,41600
"(0.6639781000006315, 0.9988630646884038)",1,41601
"(0.6675629468295134, 0.9988630646884038)",1,41602
"(0.517228150797548, 0.9988630646884038)",1,41603
"(0.2537048100490196, 0.9988630646884038)",1,41604
"(0.6050868628167587, 0.9988630646884038)",1,41605
"(0.5208957469413343, 0.9988630646884038)",1,41606
"(0.5315938119639068, 0.9988630646884038)",2,41608
"(0.2954225865399132, 0.9988630646884038)",3,41611
"(0.5450348040348041, 0.9988630646884038)",1,41612
"(0.4822651515151516, 0.9988619159967322)",1,41613
"(0.5380858033626137, 0.9988619159967322)",2,41615
"(0.4609816352782865, 0.9988619159967322)",3,41618
"(0.2573753482290067, 0.9988619159967322)",1,41619
"(0.4566269759061861, 0.9988619159967322)",1,41620
"(0.5172164351851852, 0.9988619159967322)",1,41621
"(0.6154433311277057, 0.9988619159967322)",1,41622
"(0.5959779257772208, 0.9988619159967322)",3,41625
"(0.5041116118411525, 0.9988619159967322)",1,41626
"(0.5469648740045486, 0.9988619159967322)",1,41627
"(0.1833909490886235, 0.9988619159967322)",1,41628
"(0.6449018154421952, 0.9988619159967322)",2,41630
"(0.4345640839445211, 0.9988619159967322)",6,41636
"(0.523180676451683, 0.9988619159967322)",3,41639
"(0.3941579628653293, 0.9988619159967322)",3,41642
"(0.4990204708059675, 0.9988619159967322)",3,41645
"(0.503514376678064, 0.9988619159967322)",1,41646
"(0.5361367504335325, 0.9988619159967322)",9,41655
"(0.4497336854186499, 0.9988619159967322)",4,41659
"(0.4012260196502799, 0.9988619159967322)",3,41662
"(0.5450348040348041, 0.9988619159967322)",1,41663
"(0.3506832674571805, 0.9988619159967322)",1,41664
"(0.4631616549920088, 0.9988619159967322)",7,41671
"(0.2184301094356221, 0.9988619159967322)",1,41672
"(0.3865130008203705, 0.9988619159967322)",2,41674
"(0.3690581214322782, 0.9988619159967322)",1,41675
"(0.1036822132246005, 0.9988619159967322)",1,41676
"(0.5735975683158782, 0.9988619159967322)",1,41677
"(0.4937125269096371, 0.9988619159967322)",4,41681
"(0.4670357941834451, 0.9988619159967322)",2,41683
"(0.2710113076866549, 0.9988619159967322)",5,41688
"(0.4936062160591765, 0.9988619159967322)",2,41690
"(0.3618298321342925, 0.9988619159967322)",7,41697
"(0.599744651595403, 0.9988619159967322)",2,41699
"(0.5891971035837016, 0.9988619159967322)",1,41700
"(0.485879976270526, 0.9988619159967322)",5,41705
"(0.4776877676981033, 0.9988619159967322)",4,41709
"(0.6019854338794117, 0.9988619159967322)",1,41710
"(0.564922563324656, 0.9988619159967322)",1,41711
"(0.2537048100490196, 0.9988619159967322)",8,41719
"(0.3860590631364562, 0.9988619159967322)",3,41722
"(0.518883018547448, 0.9988619159967322)",4,41726
"(0.3841590381665586, 0.9988619159967322)",1,41727
"(0.4957093292502148, 0.9988619159967322)",4,41731
"(0.1523541666666666, 0.9988619159967322)",4,41735
"(0.3262466548275309, 0.9988619159967322)",1,41736
"(0.1500716412252043, 0.9988619159967322)",8,41744
"(0.2520817505905556, 0.9988619159967322)",3,41747
"(0.4755355605353038, 0.9988619159967322)",4,41751
"(0.5208957469413343, 0.9988619159967322)",6,41757
"(0.4777955536474655, 0.9988619159967322)",3,41760
"(0.2309709141375595, 0.9988619159967322)",4,41764
"(0.5066418935372837, 0.9988619159967322)",1,41765
"(0.477671768371638, 0.9988619159967322)",5,41770
"(0.606993006993007, 0.9988619159967322)",1,41771
"(0.419237903544084, 0.9988619159967322)",6,41777
"(0.5073536286909905, 0.9988619159967322)",5,41782
"(0.4049163909196675, 0.9988619159967322)",1,41783
"(0.6108760330578512, 0.9988619159967322)",1,41784
"(0.3382742450859052, 0.9988619159967322)",3,41787
"(0.5713589452420405, 0.9988619159967322)",3,41790
"(0.6441596240332035, 0.9988619159967322)",3,41793
"(0.5209072341900949, 0.9988619159967322)",3,41796
"(0.4525211933060535, 0.9988619159967322)",1,41797
"(0.4495135398715946, 0.9988619159967322)",4,41801
"(0.7818150074652026, 0.9988619159967322)",1,41802
"(0.2372024545510323, 0.9988619159967322)",3,41805
"(0.4405426821487814, 0.9988619159967322)",1,41806
"(0.6031177317792814, 0.9988619159967322)",2,41808
"(0.5005466528962331, 0.9988619159967322)",6,41814
"(0.4795837122630575, 0.9988619159967322)",4,41818
"(0.6942027443208516, 0.9988619159967322)",1,41819
"(0.7511968744445381, 0.9988619159967322)",1,41820
"(0.304184857695496, 0.9988619159967322)",1,41821
"(0.6639781000006315, 0.9988619159967322)",1,41822
"(0.5643457045368262, 0.9988619159967322)",1,41823
"(0.4633466015586465, 0.9988619159967322)",1,41824
"(0.4614278960439026, 0.9988619159967322)",3,41827
"(0.2811816899753203, 0.9988619159967322)",3,41830
"(0.3942553050785419, 0.9988619159967322)",1,41831
"(0.5896957700576321, 0.9988619159967322)",4,41835
"(0.5958288378267684, 0.9988619159967322)",3,41838
"(0.4009727434617732, 0.9988619159967322)",4,41842
"(0.6049854216218278, 0.9988619159967322)",2,41844
"(0.3302862574369368, 0.9988619159967322)",1,41845
"(0.472908496732026, 0.9988619159967322)",1,41846
"(0.4337472035794183, 0.9988619159967322)",3,41849
"(0.5892852345838203, 0.9988619159967322)",1,41850
"(0.457262827025654, 0.9988619159967322)",6,41856
"(0.7323849002849002, 0.9988619159967322)",1,41857
"(0.7397465592662823, 0.9988619159967322)",1,41858
"(0.3974337753332183, 0.9988619159967322)",4,41862
"(0.2806699331680662, 0.9988619159967322)",6,41868
"(0.3067412107187314, 0.9988619159967322)",1,41869
"(0.331262443438914, 0.9988619159967322)",4,41873
"(0.5203553504225632, 0.9988619159967322)",1,41874
"(0.6000014702169422, 0.9988619159967322)",1,41875
"(0.5200348032289219, 0.9988619159967322)",1,41876
"(0.3385486111111111, 0.9988619159967322)",1,41877
"(0.602662742458966, 0.9988619159967322)",2,41879
"(0.5207596250837986, 0.9988619159967322)",1,41880
"(0.4743478079735079, 0.9988619159967322)",2,41882
"(0.436911946168762, 0.9988619159967322)",1,41883
"(0.1884619155493628, 0.9988619159967322)",1,41884
"(0.5261709490066349, 0.9988619159967322)",3,41887
"(0.5974076556127228, 0.9988619159967322)",3,41890
"(0.514585158944719, 0.9988619159967322)",8,41898
"(0.5363990257063117, 0.9988619159967322)",3,41901
"(0.6211534794826514, 0.9988619159967322)",1,41902
"(0.5094440332946544, 0.9988619159967322)",4,41906
"(0.7720986603035019, 0.9988619159967322)",1,41907
"(0.5910166282704363, 0.9988619159967322)",1,41908
"(0.2672914952175105, 0.9988619159967322)",3,41911
"(0.6962461114805364, 0.9988619159967322)",6,41917
"(0.5697493278919207, 0.9988619159967322)",3,41920
"(0.224271508570455, 0.9988619159967322)",7,41927
"(0.5952874206793579, 0.9988619159967322)",2,41929
"(0.7858609875265303, 0.9988619159967322)",2,41931
"(0.3929204539802519, 0.9988619159967322)",5,41936
"(0.3464973708160582, 0.9988619159967322)",4,41940
"(0.2556205894487595, 0.9988619159967322)",2,41942
"(0.433281060850566, 0.9988619159967322)",7,41949
"(0.5192461542064125, 0.9988619159967322)",1,41950
"(0.3984101488896291, 0.9988619159967322)",3,41953
"(0.3584486416678197, 0.9988619159967322)",6,41959
"(0.503442416215342, 0.9988619159967322)",3,41962
"(0.6460231360441068, 0.9988619159967322)",7,41969
"(0.4133101229894375, 0.9988619159967322)",1,41970
"(0.3918495706148258, 0.9988619159967322)",1,41971
"(0.4827612185184173, 0.9988619159967322)",1,41972
"(0.5169410170491575, 0.9988619159967322)",3,41975
"(0.5832694035524224, 0.9988619159967322)",3,41978
"(0.5081207721319008, 0.9988619159967322)",3,41981
"(0.1808771236817465, 0.9988619159967322)",6,41987
"(0.5176663811175343, 0.9988619159967322)",1,41988
"(0.476767449342614, 0.9988619159967322)",11,41999
"(0.4504195472150979, 0.9988619159967322)",1,42000
"(0.6008953168044077, 0.9988619159967322)",1,42001
"(0.5938024587948153, 0.9988619159967322)",2,42003
"(0.3317695658368551, 0.9988619159967322)",5,42008
"(0.3661516333053486, 0.9988619159967322)",3,42011
"(0.5306450880554778, 0.9988619159967322)",2,42013
"(0.4187009383699279, 0.9988619159967322)",3,42016
"(0.7439393939393939, 0.9988619159967322)",2,42018
"(0.4845066627893052, 0.9988619159967322)",3,42021
"(0.7221365682542256, 0.9988619159967322)",1,42022
"(0.5259912686183872, 0.9988619159967322)",2,42024
"(0.7024127592418583, 0.9988619159967322)",2,42026
"(0.4992091380105255, 0.9988619159967322)",3,42029
"(0.5124565972222223, 0.9988619159967322)",1,42030
"(0.6675629468295134, 0.9988619159967322)",2,42032
"(0.5049504801920769, 0.9987500214884376)",1,42033
"(0.4912575527045726, 0.9987500214884376)",5,42038
"(0.4553345256344744, 0.9987500214884376)",5,42043
"(0.4611605493121345, 0.9987500214884376)",10,42053
"(0.6112336360789226, 0.9987500214884376)",2,42055
"(0.5061654456041751, 0.9987500214884376)",2,42057
"(0.4894591128631123, 0.9987500214884376)",2,42059
"(0.4606973696770164, 0.9987500214884376)",1,42060
"(0.4205819197458105, 0.9987500214884376)",1,42061
"(0.4567442396313363, 0.9987500214884376)",4,42065
"(0.3084538076768499, 0.9987500214884376)",1,42066
"(0.564231844088987, 0.9987500214884376)",1,42067
"(0.4724538701233134, 0.9987500214884376)",2,42069
"(0.5777431497416047, 0.9987500214884376)",2,42071
"(0.4961453064375241, 0.9987500214884376)",5,42076
"(0.5082177015724898, 0.9987500214884376)",4,42080
"(0.4921211569947243, 0.9987500214884376)",1,42081
"(0.3930894945067609, 0.9987500214884376)",4,42085
"(0.5009421228446381, 0.9987500214884376)",1,42086
"(0.440594458995568, 0.9987500214884376)",1,42087
"(0.4319035504296698, 0.9987500214884376)",1,42088
"(0.492807005588115, 0.9987500214884376)",11,42099
"(0.4790513120764785, 0.9987500214884376)",4,42103
"(0.4603282383880727, 0.9987500214884376)",8,42111
"(0.4969142454915911, 0.9987500214884376)",3,42114
"(0.4987398156700754, 0.9987500214884376)",7,42121
"(0.4847252958987063, 0.9987500214884376)",7,42128
"(0.4764446924603174, 0.9987500214884376)",1,42129
"(0.4976057427443008, 0.9987500214884376)",2,42131
"(0.4830730428441903, 0.9987500214884376)",3,42134
"(0.4590791029805835, 0.9987500214884376)",10,42144
"(0.4636121268046035, 0.9987500214884376)",6,42150
"(0.5036620294924281, 0.9987500214884376)",3,42153
"(0.4919916866987179, 0.9987500214884376)",8,42161
"(0.4955558486584263, 0.9987500214884376)",14,42175
"(0.4925, 0.9987500214884376)",3,42178
"(0.452896603809693, 0.9987500214884376)",6,42184
"(0.5053302894007542, 0.9987500214884376)",3,42187
"(0.4932760416666666, 0.9987500214884376)",3,42190
"(0.4923104882535888, 0.9987500214884376)",5,42195
"(0.5118812113070996, 0.9987500214884376)",8,42203
"(0.3784594749952097, 0.9987500214884376)",1,42204
"(0.5504267290194268, 0.9987500214884376)",1,42205
"(0.4834752644952572, 0.9987500214884376)",6,42211
"(0.4363355778830426, 0.9987500214884376)",7,42218
"(0.507482960719107, 0.9987500214884376)",4,42222
"(0.5016380171258104, 0.9987500214884376)",6,42228
"(0.4514795008912656, 0.9987500214884376)",9,42237
"(0.5124560439560439, 0.9987500136729218)",1,42238
"(0.4735764365139616, 0.99874998241965)",1,42239
"(0.5965299555357001, 0.99874998241965)",1,42240
"(0.490841974926482, 0.99874998241965)",1,42241
"(0.5104451023685267, 0.99874998241965)",1,42242
"(0.5328818351459862, 0.99874998241965)",1,42243
"(0.452896603809693, 0.9987499746026686)",3,42246
"(0.4834752644952572, 0.9987499746026686)",3,42249
"(0.4363355778830426, 0.9987499746026686)",35,42284
"(0.4439177828686219, 0.9987499746026686)",9,42293
"(0.5053302894007542, 0.9987499746026686)",3,42296
"(0.4764446924603174, 0.9987499746026686)",3,42299
"(0.4790513120764785, 0.9987499746026686)",39,42338
"(0.5504267290194268, 0.9987499746026686)",4,42342
"(0.6112336360789226, 0.9987499746026686)",1,42343
"(0.4609162804468383, 0.9987499746026686)",1,42344
"(0.4594704236610712, 0.9987499746026686)",2,42346
"(0.4955558486584263, 0.9987499746026686)",30,42376
"(0.4772368473497005, 0.9987499746026686)",2,42378
"(0.5066654904728299, 0.9987499746026686)",3,42381
"(0.4919916866987179, 0.9987499746026686)",39,42420
"(0.4932760416666666, 0.9987499746026686)",3,42423
"(0.617608039964183, 0.9987499746026686)",1,42424
"(0.3784594749952097, 0.9987499746026686)",1,42425
"(0.4590791029805835, 0.9987499746026686)",30,42455
"(0.4830730428441903, 0.9987499746026686)",3,42458
"(0.4987398156700754, 0.9987499746026686)",37,42495
"(0.4051929257846971, 0.9987499746026686)",2,42497
"(0.4923104882535888, 0.9987499746026686)",43,42540
"(0.5118812113070996, 0.9987499746026686)",34,42574
"(0.4095014864653419, 0.9987499746026686)",4,42578
"(0.4961453064375241, 0.9987499746026686)",39,42617
"(0.5049164640511029, 0.9987499746026686)",6,42623
"(0.6543756204625482, 0.9987499746026686)",1,42624
"(0.4844841746794872, 0.9987499746026686)",1,42625
"(0.4571140259616066, 0.9987499746026686)",1,42626
"(0.5973423423423424, 0.9987499746026686)",1,42627
"(0.6084354171454838, 0.9987499746026686)",1,42628
"(0.4636121268046035, 0.9987499746026686)",3,42631
"(0.5202634271099744, 0.9987499746026686)",3,42634
"(0.5087400188487272, 0.9987499746026686)",1,42635
"(0.5153209052589321, 0.9987499746026686)",3,42638
"(0.4925, 0.9987499746026686)",6,42644
"(0.4900286891137627, 0.9987499746026686)",3,42647
"(0.5053316866619619, 0.9987499746026686)",3,42650
"(0.4205819197458105, 0.9987499746026686)",1,42651
"(0.4407055363375315, 0.9987499746026686)",1,42652
"(0.3876028434243616, 0.9987499746026686)",6,42658
"(0.4958617797724284, 0.9987499746026686)",1,42659
"(0.5678747591522157, 0.9987499746026686)",1,42660
"(0.492807005588115, 0.9987499746026686)",31,42691
"(0.3434871832287562, 0.9987499746026686)",1,42692
"(0.4621671984517209, 0.9987499746026686)",6,42698
"(0.4611605493121345, 0.9987499746026686)",35,42733
"(0.507482960719107, 0.9987499746026686)",21,42754
"(0.6281749655085914, 0.9987499746026686)",2,42756
"(0.5082177015724898, 0.9987499746026686)",34,42790
"(0.4847252958987063, 0.9987499746026686)",33,42823
"(0.4553345256344744, 0.9987499746026686)",41,42864
"(0.4912575527045726, 0.9987499746026686)",45,42909
"(0.4603282383880727, 0.9987499746026686)",36,42945
"(0.4687579326894819, 0.9987499746026686)",9,42954
"(0.4567442396313363, 0.9987499746026686)",40,42994
"(0.4969142454915911, 0.9987499746026686)",3,42997
"(0.5056778729738882, 0.9987499746026686)",2,42999
"(0.5977047503478421, 0.9987499746026686)",1,43000
"(0.4599025241578116, 0.9987499746026686)",3,43003
"(0.3930894945067609, 0.9987499746026686)",41,43044
"(0.4530386103743641, 0.9987499746026686)",1,43045
"(0.5777431497416047, 0.9987499746026686)",2,43047
"(0.3684790170303113, 0.9987499746026686)",1,43048
"(0.5197849657213615, 0.9987499746026686)",3,43051
"(0.452037812892777, 0.9987499746026686)",3,43054
"(0.3585413514575588, 0.9987499746026686)",4,43058
"(0.4288789484784908, 0.9987499746026686)",4,43062
"(0.4935497074925994, 0.9987499746026686)",4,43066
"(0.6397933055933888, 0.9987499746026686)",1,43067
"(0.4514795008912656, 0.9987499746026686)",34,43101
"(0.3576232382100425, 0.9987499746026686)",2,43103
"(0.564231844088987, 0.9987499746026686)",3,43106
"(0.6343933740388964, 0.9987499746026686)",3,43109
"(0.4527941410181702, 0.9987499746026686)",2,43111
"(0.395353552234017, 0.9987499746026686)",3,43114
"(0.5009421228446381, 0.9987499746026686)",1,43115
"(0.4937776876667119, 0.9987499746026686)",1,43116
"(0.4673343159733596, 0.9987499746026686)",3,43119
"(0.6250292965423266, 0.9987499746026686)",1,43120
"(0.4216104635189764, 0.9987499746026686)",4,43124
"(0.4046016518794778, 0.9987499746026686)",4,43128
"(0.415019773520844, 0.9987499746026686)",3,43131
"(0.674876805214565, 0.9986374830039432)",1,43132
"(0.6551863914173489, 0.9986374830039432)",1,43133
"(0.7323854542965902, 0.9986363607954368)",1,43134
"(0.665133579620658, 0.9986363551135832)",1,43135
"(0.5347926731078905, 0.9984878738761844)",1,43136
"(0.419237903544084, 0.9984878738761844)",3,43139
"(0.2821631448874142, 0.9984878738761844)",1,43140
"(0.649671983199115, 0.9984878738761844)",2,43142
"(0.5548787272151094, 0.9984878738761844)",1,43143
"(0.6810552190549457, 0.9984878738761844)",1,43144
"(0.6040339402207299, 0.9984878738761844)",1,43145
"(0.546013779527559, 0.9984878738761844)",1,43146
"(0.5909030435404882, 0.9984878738761844)",1,43147
"(0.485879976270526, 0.9984878738761844)",3,43150
"(0.4777955536474655, 0.9984878738761844)",3,43153
"(0.3545856375860411, 0.9984878738761844)",1,43154
"(0.6810552190549457, 0.9984863658725142)",2,43156
"(0.5807528241902687, 0.9984863658725142)",2,43158
"(0.3426837286127219, 0.9984863658725142)",1,43159
"(0.2372024545510323, 0.9984863658725142)",3,43162
"(0.7742295620819575, 0.9984863658725142)",1,43163
"(0.2954225865399132, 0.9984863658725142)",3,43166
"(0.2463156555806346, 0.9984863658725142)",3,43169
"(0.5548787272151094, 0.9984863658725142)",3,43172
"(0.6226233514747549, 0.9984863658725142)",2,43174
"(0.5305164278521484, 0.9984863658725142)",2,43176
"(0.7045138786538933, 0.9984863658725142)",2,43178
"(0.5318703819174632, 0.9984863658725142)",4,43182
"(0.5175813659509312, 0.9984863658725142)",1,43183
"(0.5208957469413343, 0.9984863658725142)",3,43186
"(0.2869390650039579, 0.9984863658725142)",3,43189
"(0.6784791526961461, 0.9984863658725142)",1,43190
"(0.5418599142431635, 0.9984863658725142)",2,43192
"(0.1843201651472994, 0.9984863658725142)",3,43195
"(0.5478924718653392, 0.9984863658725142)",1,43196
"(0.240611928037625, 0.9984863658725142)",2,43198
"(0.6025384620441595, 0.9984863658725142)",1,43199
"(0.5349448432585369, 0.9984863658725142)",2,43201
"(0.5353461588384578, 0.9984863658725142)",1,43202
"(0.649671983199115, 0.9984863658725142)",1,43203
"(0.5175094049755407, 0.9984863658725142)",1,43204
"(0.5496037453183521, 0.9984863658725142)",3,43207
"(0.5685989470330658, 0.9984863658725142)",2,43209
"(0.5902403539563832, 0.9984848484848484)",3,43212
"(0.3317695658368551, 0.9984848484848484)",1,43213
"(0.503514376678064, 0.9984848484848484)",1,43214
"(0.5089864109567541, 0.9984848484848484)",3,43217
"(0.3618298321342925, 0.9984848484848484)",3,43220
"(0.5668351162239414, 0.9984848484848484)",1,43221
"(0.6713315879864084, 0.9984848484848484)",3,43224
"(0.2184301094356221, 0.9984848484848484)",1,43225
"(0.5005466528962331, 0.9984848484848484)",2,43227
"(0.4632547082040988, 0.9984848484848484)",2,43229
"(0.6088842547573518, 0.9984848484848484)",2,43231
"(0.7350777099102015, 0.9984848484848484)",1,43232
"(0.5713589452420405, 0.9984848484848484)",3,43235
"(0.4049163909196675, 0.9984848484848484)",1,43236
"(0.3464973708160582, 0.9984848484848484)",1,43237
"(0.3024053266749896, 0.9984848484848484)",1,43238
"(0.60813728824501, 0.9984848484848484)",1,43239
"(0.5418599142431635, 0.9984848484848484)",1,43240
"(0.6049474374542553, 0.9984848484848484)",1,43241
"(0.606993006993007, 0.9984848484848484)",1,43242
"(0.2672914952175105, 0.9984848484848484)",1,43243
"(0.7024127592418583, 0.9984848484848484)",2,43245
"(0.240611928037625, 0.9984848484848484)",1,43246
"(0.4992218132083787, 0.9984833216465048)",3,43249
"(0.4525211933060535, 0.9984833216465048)",1,43250
"(0.6050868628167587, 0.9984833216465048)",2,43252
"(0.5142655348168222, 0.9984833216465048)",2,43254
"(0.4990204708059675, 0.9984833216465048)",3,43257
"(0.4755355605353038, 0.9984833216465048)",2,43259
"(0.472908496732026, 0.9984833216465048)",1,43260
"(0.3317695658368551, 0.9984833216465048)",3,43263
"(0.7024127592418583, 0.9984833216465048)",1,43264
"(0.5459165183258022, 0.9984833216465048)",1,43265
"(0.5910166282704363, 0.9984833216465048)",1,43266
"(0.5066418935372837, 0.9984833216465048)",1,43267
"(0.4268899127926591, 0.9984833216465048)",1,43268
"(0.5169470317739897, 0.9984833216465048)",1,43269
"(0.7218114213846213, 0.9984833216465048)",1,43270
"(0.6560520437793165, 0.9984833216465048)",2,43272
"(0.331262443438914, 0.9984833216465048)",5,43277
"(0.4614278960439026, 0.9984833216465048)",3,43280
"(0.3703280442697561, 0.9984833216465048)",2,43282
"(0.5046467914998901, 0.9984833216465048)",3,43285
"(0.5939549490228829, 0.9984833216465048)",1,43286
"(0.2309709141375595, 0.9984833216465048)",1,43287
"(0.599744651595403, 0.9984833216465048)",1,43288
"(0.3823454664699131, 0.9984833216465048)",2,43290
"(0.4566269759061861, 0.9984833216465048)",2,43292
"(0.4971911339651811, 0.9984833216465048)",1,43293
"(0.4917872264629592, 0.9984833216465048)",3,43296
"(0.5108109682957471, 0.9984833216465048)",1,43297
"(0.3024053266749896, 0.9984833216465048)",1,43298
"(0.2954225865399132, 0.9984833216465048)",1,43299
"(0.4670357941834451, 0.9984833216465048)",1,43300
"(0.5485994340225477, 0.9984833216465048)",1,43301
"(0.4775277477297871, 0.9984833216465048)",1,43302
"(0.1036822132246005, 0.9984833216465048)",2,43304
"(0.4009727434617732, 0.9984833216465048)",3,43307
"(0.5176663811175343, 0.9984817852901372)",4,43311
"(0.5126865457302712, 0.9984817852901372)",3,43314
"(0.2372024545510323, 0.9984817852901372)",5,43319
"(0.5896957700576321, 0.9984817852901372)",6,43325
"(0.2214665086585351, 0.9984817852901372)",6,43331
"(0.3388635816579241, 0.9984817852901372)",3,43334
"(0.5255324262157274, 0.9984817852901372)",5,43339
"(0.2520817505905556, 0.9984817852901372)",1,43340
"(0.5899355242465301, 0.9984817852901372)",1,43341
"(0.3860590631364562, 0.9984817852901372)",2,43343
"(0.331262443438914, 0.9984817852901372)",4,43347
"(0.3600029483220985, 0.9984817852901372)",4,43351
"(0.5949150182078973, 0.9984817852901372)",5,43356
"(0.1523541666666666, 0.9984817852901372)",6,43362
"(0.5264711064129669, 0.9984817852901372)",2,43364
"(0.5203553504225632, 0.9984817852901372)",5,43369
"(0.2184301094356221, 0.9984817852901372)",2,43371
"(0.1808771236817465, 0.9984817852901372)",1,43372
"(0.5450348040348041, 0.9984817852901372)",3,43375
"(0.5073536286909905, 0.9984817852901372)",2,43377
"(0.2954225865399132, 0.9984817852901372)",1,43378
"(0.3262466548275309, 0.9984817852901372)",4,43382
"(0.6025384620441595, 0.9984817852901372)",2,43384
"(0.3545856375860411, 0.9984817852901372)",1,43385
"(0.5353700689511449, 0.9984817852901372)",6,43391
"(0.5496794449929138, 0.9984817852901372)",1,43392
"(0.5137024199841741, 0.9984817852901372)",5,43397
"(0.4670357941834451, 0.9984817852901372)",1,43398
"(0.5005466528962331, 0.9984817852901372)",1,43399
"(0.433281060850566, 0.9984817852901372)",3,43402
"(0.1500716412252043, 0.9984817852901372)",8,43410
"(0.485879976270526, 0.9984817852901372)",3,43413
"(0.5173573838463876, 0.9984817852901372)",3,43416
"(0.5469587499213985, 0.9984817852901372)",4,43420
"(0.5208957469413343, 0.9984817852901372)",1,43421
"(0.3354976707716434, 0.9984817852901372)",4,43425
"(0.4268899127926591, 0.9984817852901372)",3,43428
"(0.5156094862280662, 0.9984817852901372)",3,43431
"(0.7460630399100241, 0.9984817852901372)",1,43432
"(0.2672914952175105, 0.9984817852901372)",1,43433
"(0.6008953168044077, 0.9984817852901372)",2,43435
"(0.4777955536474655, 0.9984817852901372)",4,43439
"(0.5452310701354139, 0.9984817852901372)",2,43441
"(0.3584486416678197, 0.9984817852901372)",3,43444
"(0.5952874206793579, 0.9984817852901372)",1,43445
"(0.3067412107187314, 0.9984817852901372)",4,43449
"(0.555320102908265, 0.9984817852901372)",3,43452
"(0.3703280442697561, 0.9984817852901372)",1,43453
"(0.3841590381665586, 0.9984817852901372)",3,43456
"(0.5734466317588319, 0.9984817852901372)",3,43459
"(0.6019854338794117, 0.9984817852901372)",3,43462
"(0.4743478079735079, 0.9984817852901372)",1,43463
"(0.51223726242967, 0.9984817852901372)",1,43464
"(0.5083135416096426, 0.9984817852901372)",1,43465
"(0.1622580530787919, 0.9984817852901372)",2,43467
"(0.5192461542064125, 0.9984817852901372)",3,43470
"(0.5891971035837016, 0.9984817852901372)",1,43471
"(0.7535998328459235, 0.9984817852901372)",1,43472
"(0.5107650386663254, 0.9984817852901372)",3,43475
"(0.5645385516935667, 0.9984817852901372)",1,43476
"(0.3022368284830889, 0.9984817852901372)",1,43477
"(0.5196889482452458, 0.9984817852901372)",2,43479
"(0.5302041096685234, 0.9984817852901372)",6,43485
"(0.3918495706148258, 0.9984817852901372)",6,43491
"(0.4775277477297871, 0.9984817852901372)",6,43497
"(0.3929204539802519, 0.9984817852901372)",8,43505
"(0.2309709141375595, 0.9984817852901372)",1,43506
"(0.5521709560790242, 0.9984817852901372)",2,43508
"(0.3571517423754762, 0.9984817852901372)",2,43510
"(0.3690581214322782, 0.9984817852901372)",2,43512
"(0.4822651515151516, 0.9984817852901372)",1,43513
"(0.4631616549920088, 0.9984817852901372)",5,43518
"(0.4897415065188988, 0.9984817852901372)",2,43520
"(0.6460231360441068, 0.9984817852901372)",1,43521
"(0.4049163909196675, 0.9984817852901372)",1,43522
"(0.503514376678064, 0.9984817852901372)",2,43524
"(0.564922563324656, 0.9984817852901372)",4,43528
"(0.5981266189834885, 0.9984817852901372)",1,43529
"(0.3974337753332183, 0.9984817852901372)",3,43532
"(0.4827612185184173, 0.9984817852901372)",1,43533
"(0.5209072341900949, 0.9984817852901372)",5,43538
"(0.6026666666666667, 0.9984817852901372)",1,43539
"(0.6027034427212865, 0.9984817852901372)",2,43541
"(0.477671768371638, 0.9984817852901372)",4,43545
"(0.398436071148475, 0.9984817852901372)",1,43546
"(0.5119662237091893, 0.9984817852901372)",5,43551
"(0.4566269759061861, 0.9984817852901372)",4,43555
"(0.6430200463634697, 0.9984817852901372)",2,43557
"(0.4845066627893052, 0.9984817852901372)",4,43561
"(0.2537048100490196, 0.9984817852901372)",3,43564
"(0.419237903544084, 0.9984817852901372)",1,43565
"(0.563035225158132, 0.9984817852901372)",1,43566
"(0.4012260196502799, 0.9984817852901372)",6,43572
"(0.4937125269096371, 0.9984817852901372)",2,43574
"(0.6052212368618619, 0.9984817852901372)",3,43577
"(0.5041116118411525, 0.9984817852901372)",5,43582
"(0.5778206440811193, 0.9984817852901372)",1,43583
"(0.3984101488896291, 0.9984817852901372)",3,43586
"(0.5465607854790808, 0.9984817852901372)",3,43589
"(0.5011825360822144, 0.9984817852901372)",1,43590
"(0.5916573432219518, 0.9984817852901372)",1,43591
"(0.523180676451683, 0.9984817852901372)",3,43594
"(0.476767449342614, 0.9984817852901372)",3,43597
"(0.3865130008203705, 0.9984817852901372)",4,43601
"(0.1833909490886235, 0.9984817852901372)",4,43605
"(0.6047607547714982, 0.9984817852901372)",2,43607
"(0.518883018547448, 0.9984817852901372)",1,43608
"(0.3188477500068535, 0.9984817852901372)",3,43611
"(0.6017315220343602, 0.9984817852901372)",1,43612
"(0.4497336854186499, 0.9984817852901372)",1,43613
"(0.5172164351851852, 0.9984817852901372)",6,43619
"(0.1036822132246005, 0.9984817852901372)",8,43627
"(0.5169410170491575, 0.9984817852901372)",4,43631
"(0.6050868628167587, 0.9984817852901372)",1,43632
"(0.436911946168762, 0.9984817852901372)",6,43638
"(0.3942553050785419, 0.9984817852901372)",4,43642
"(0.6962461114805364, 0.9984817852901372)",4,43646
"(0.4133101229894375, 0.9984817852901372)",1,43647
"(0.4609816352782865, 0.9984817852901372)",2,43649
"(0.4776877676981033, 0.9984817852901372)",3,43652
"(0.2573753482290067, 0.9984817852901372)",5,43657
"(0.4957093292502148, 0.9984817852901372)",1,43658
"(0.4755355605353038, 0.9984817852901372)",3,43661
"(0.514585158944719, 0.9984817852901372)",1,43662
"(0.4037090566294931, 0.9984817852901372)",4,43666
"(0.5685989470330658, 0.9984817852901372)",1,43667
"(0.304184857695496, 0.9984817852901372)",2,43669
"(0.4936062160591765, 0.9984817852901372)",1,43670
"(0.4495135398715946, 0.9984817852901372)",4,43674
"(0.3618298321342925, 0.9984817852901372)",4,43678
"(0.5286751006005854, 0.9984817852901372)",1,43679
"(0.4971911339651811, 0.9984817852901372)",3,43682
"(0.5643457045368262, 0.9984817852901372)",3,43685
"(0.3024053266749896, 0.9984817852901372)",1,43686
"(0.4990204708059675, 0.9984817852901372)",1,43687
"(0.5680245864444272, 0.9984817852901372)",4,43691
"(0.5469648740045486, 0.9984817852901372)",5,43696
"(0.4345640839445211, 0.9984817852901372)",1,43697
"(0.4009727434617732, 0.9984817852901372)",1,43698
"(0.4795837122630575, 0.9984817852901372)",1,43699
"(0.3944271295930922, 0.9984817852901372)",5,43704
"(0.2710113076866549, 0.9984817852901372)",1,43705
"(0.4076247491511041, 0.9984817852901372)",3,43708
"(0.630220128560698, 0.9981840371566374)",1,43709
"(0.7031237691231105, 0.9981840371566374)",1,43710
"(0.5560429611229252, 0.9981840371566374)",1,43711
"(0.7048502036094806, 0.9981840371566374)",1,43712
"(0.674876805214565, 0.9981840371566374)",1,43713
"(0.7169344572257821, 0.9981840371566374)",1,43714
"(0.5782855852974957, 0.9981840371566374)",1,43715
"(0.6193396501932297, 0.9981840371566374)",1,43716
"(0.6551863914173489, 0.9981829460297764)",1,43717
"(0.6818986987869539, 0.9981829460297764)",1,43718
"(0.6614948058759226, 0.9981829460297764)",1,43719
"(0.6193396501932297, 0.9981829460297764)",1,43720
"(0.7056694843088258, 0.9981818153408912)",1,43721
"(0.6717867866451712, 0.9981818124999646)",1,43722
"(0.7131265217107207, 0.9981818096590376)",1,43723
"(0.6457330060821886, 0.9981818096590376)",1,43724
"(0.7595184459263826, 0.9981818096590376)",1,43725
"(0.7841701099038345, 0.9981818096590376)",1,43726
"(0.6272550899386924, 0.9981818011786588)",1,43727
"(0.6591774410577693, 0.9981817926130504)",1,43728
"(0.7306202049791638, 0.9981817926130504)",1,43729
"(0.7002982211439487, 0.9981817897721236)",1,43730
"(0.6304676413719826, 0.9981806732882992)",1,43731
"(0.1523541666666666, 0.9981107804746002)",1,43732
"(0.4085833743236595, 0.9981107804746002)",1,43733
"(0.6088071867185179, 0.9981107804746002)",1,43734
"(0.7521214129188376, 0.9981107804746002)",1,43735
"(0.5305164278521484, 0.9981107804746002)",1,43736
"(0.5107650386663254, 0.9981107804746002)",3,43739
"(0.2309709141375595, 0.9981107804746002)",3,43742
"(0.4598735113246818, 0.998108901304008)",1,43743
"(0.6560520437793165, 0.998108901304008)",1,43744
"(0.3262466548275309, 0.998108901304008)",3,43747
"(0.6915482942087353, 0.998108901304008)",1,43748
"(0.7347448804741066, 0.998108901304008)",1,43749
"(0.2806699331680662, 0.998108901304008)",2,43751
"(0.5286751006005854, 0.998108901304008)",3,43754
"(0.2821631448874142, 0.998107010444791)",5,43759
"(0.7045138786538933, 0.998107010444791)",3,43762
"(0.5349448432585369, 0.998107010444791)",3,43765
"(0.2537048100490196, 0.998107010444791)",3,43768
"(0.6226233514747549, 0.998107010444791)",3,43771
"(0.5353461588384578, 0.998107010444791)",3,43774
"(0.649671983199115, 0.998107010444791)",2,43776
"(0.5011825360822144, 0.998107010444791)",1,43777
"(0.5746422104819308, 0.998107010444791)",3,43780
"(0.433281060850566, 0.998107010444791)",1,43781
"(0.5318703819174632, 0.998107010444791)",3,43784
"(0.5305164278521484, 0.998107010444791)",2,43786
"(0.5807528241902687, 0.998107010444791)",4,43790
"(0.3841590381665586, 0.998107010444791)",1,43791
"(0.71150412917389, 0.998107010444791)",4,43795
"(0.5094440332946544, 0.998107010444791)",1,43796
"(0.5548787272151094, 0.998107010444791)",3,43799
"(0.240611928037625, 0.998107010444791)",3,43802
"(0.5175813659509312, 0.998107010444791)",2,43804
"(0.5175094049755407, 0.998107010444791)",3,43807
"(0.5981266189834885, 0.998107010444791)",1,43808
"(0.2463156555806346, 0.998107010444791)",2,43810
"(0.6810552190549457, 0.998107010444791)",4,43814
"(0.4345640839445211, 0.998107010444791)",3,43817
"(0.5418599142431635, 0.998107010444791)",3,43820
"(0.5388719656191158, 0.998107010444791)",4,43824
"(0.2869390650039579, 0.998107010444791)",2,43826
"(0.5347926731078905, 0.998107010444791)",2,43828
"(0.5166972147349506, 0.998107010444791)",1,43829
"(0.4822651515151516, 0.998107010444791)",3,43832
"(0.640026163990047, 0.998107010444791)",1,43833
"(0.5237466575255753, 0.9981051078140064)",1,43834
"(0.6219687519109642, 0.9981051078140064)",1,43835
"(0.5245686342987251, 0.9981051078140064)",1,43836
"(0.436911946168762, 0.9981051078140064)",3,43839
"(0.6050868628167587, 0.9981051078140064)",1,43840
"(0.4012260196502799, 0.9981051078140064)",5,43845
"(0.6460231360441068, 0.9981051078140064)",3,43848
"(0.3012645528335599, 0.9981051078140064)",1,43849
"(0.3618298321342925, 0.9981051078140064)",2,43851
"(0.4777955536474655, 0.9981051078140064)",2,43853
"(0.4845066627893052, 0.9981051078140064)",1,43854
"(0.1036822132246005, 0.9981051078140064)",1,43855
"(0.5487040682414698, 0.9981051078140064)",1,43856
"(0.5277652279377781, 0.9981051078140064)",1,43857
"(0.4971911339651811, 0.9981051078140064)",3,43860
"(0.5459165183258022, 0.9981051078140064)",1,43861
"(0.514585158944719, 0.9981051078140064)",3,43864
"(0.5734466317588319, 0.9981051078140064)",5,43869
"(0.5295994275347542, 0.9981051078140064)",2,43871
"(0.5943528693528694, 0.9981051078140064)",1,43872
"(0.5477955228250537, 0.9981051078140064)",2,43874
"(0.5478924718653392, 0.9981051078140064)",1,43875
"(0.3860590631364562, 0.9981051078140064)",1,43876
"(0.3690581214322782, 0.9981051078140064)",1,43877
"(0.7221365682542256, 0.9981051078140064)",1,43878
"(0.6800130179603725, 0.9981051078140064)",1,43879
"(0.5473183118671051, 0.9981051078140064)",3,43882
"(0.5126865457302712, 0.9981051078140064)",3,43885
"(0.4076247491511041, 0.9981051078140064)",3,43888
"(0.433281060850566, 0.9981031933278868)",1,43889
"(0.4775277477297871, 0.9981031933278868)",1,43890
"(0.4229828165539535, 0.9981031933278868)",1,43891
"(0.419237903544084, 0.9981031933278868)",1,43892
"(0.5578924994108273, 0.9981031933278868)",1,43893
"(0.503442416215342, 0.9981031933278868)",1,43894
"(0.6088071867185179, 0.9981031933278868)",1,43895
"(0.4936062160591765, 0.9981031933278868)",2,43897
"(0.4345640839445211, 0.9981031933278868)",2,43899
"(0.3703280442697561, 0.9981031933278868)",1,43900
"(0.4337472035794183, 0.9981031933278868)",3,43903
"(0.1036822132246005, 0.9981031933278868)",3,43906
"(0.517228150797548, 0.9981031933278868)",3,43909
"(0.5315938119639068, 0.9981031933278868)",1,43910
"(0.6962461114805364, 0.9981031933278868)",1,43911
"(0.3823454664699131, 0.9981031933278868)",2,43913
"(0.4632547082040988, 0.9981031933278868)",1,43914
"(0.599744651595403, 0.9981031933278868)",3,43917
"(0.4495135398715946, 0.9981031933278868)",1,43918
"(0.5235735740769297, 0.9981031933278868)",2,43920
"(0.2475001317523056, 0.9981031933278868)",3,43923
"(0.4403449749235543, 0.9981031933278868)",3,43926
"(0.3471124103309341, 0.9981031933278868)",1,43927
"(0.5909030435404882, 0.9981031933278868)",2,43929
"(0.3841590381665586, 0.9981031933278868)",2,43931
"(0.2214665086585351, 0.9981012669018314)",5,43936
"(0.224271508570455, 0.9981012669018314)",1,43937
"(0.485879976270526, 0.9981012669018314)",1,43938
"(0.4510894164249752, 0.9981012669018314)",8,43946
"(0.3188477500068535, 0.9981012669018314)",8,43954
"(0.564922563324656, 0.9981012669018314)",3,43957
"(0.5469648740045486, 0.9981012669018314)",4,43961
"(0.5746422104819308, 0.9981012669018314)",3,43964
"(0.436911946168762, 0.9981012669018314)",4,43968
"(0.4685764979375635, 0.9981012669018314)",3,43971
"(0.5073536286909905, 0.9981012669018314)",1,43972
"(0.4236037190698367, 0.9981012669018314)",2,43974
"(0.6211534794826514, 0.9981012669018314)",1,43975
"(0.3304298445783633, 0.9981012669018314)",3,43978
"(0.3860590631364562, 0.9981012669018314)",4,43982
"(0.606993006993007, 0.9981012669018314)",1,43983
"(0.3974337753332183, 0.9981012669018314)",1,43984
"(0.503514376678064, 0.9981012669018314)",5,43989
"(0.4867288782831281, 0.9981012669018314)",3,43992
"(0.4971911339651811, 0.9981012669018314)",4,43996
"(0.4525211933060535, 0.9981012669018314)",1,43997
"(0.4822651515151516, 0.9981012669018314)",3,44000
"(0.5126865457302712, 0.9981012669018314)",4,44004
"(0.5465607854790808, 0.9981012669018314)",3,44007
"(0.3262466548275309, 0.9981012669018314)",1,44008
"(0.4345640839445211, 0.9981012669018314)",1,44009
"(0.4037090566294931, 0.9981012669018314)",5,44014
"(0.457262827025654, 0.9981012669018314)",2,44016
"(0.4775277477297871, 0.9981012669018314)",1,44017
"(0.509769203919892, 0.9981012669018314)",3,44020
"(0.6962461114805364, 0.9981012669018314)",2,44022
"(0.3471124103309341, 0.9981012669018314)",6,44028
"(0.4133101229894375, 0.9981012669018314)",2,44030
"(0.5137024199841741, 0.9981012669018314)",7,44037
"(0.5314564773657704, 0.9981012669018314)",1,44038
"(0.2710113076866549, 0.9981012669018314)",1,44039
"(0.5208957469413343, 0.9981012669018314)",5,44044
"(0.5680245864444272, 0.9981012669018314)",2,44046
"(0.4497336854186499, 0.9981012669018314)",3,44049
"(0.477671768371638, 0.9981012669018314)",2,44051
"(0.602662742458966, 0.9981012669018314)",1,44052
"(0.4566269759061861, 0.9981012669018314)",1,44053
"(0.476767449342614, 0.9981012669018314)",2,44055
"(0.7347448804741066, 0.9981012669018314)",1,44056
"(0.2573753482290067, 0.9981012669018314)",1,44057
"(0.4495135398715946, 0.9981012669018314)",1,44058
"(0.518883018547448, 0.9981012669018314)",1,44059
"(0.5141118717493827, 0.9981012669018314)",4,44063
"(0.544915263097564, 0.9981012669018314)",1,44064
"(0.1808771236817465, 0.9981012669018314)",1,44065
"(0.5469587499213985, 0.9981012669018314)",2,44067
"(0.2806699331680662, 0.9981012669018314)",2,44069
"(0.1500716412252043, 0.9981012669018314)",2,44071
"(0.3703280442697561, 0.9981012669018314)",4,44075
"(0.5315938119639068, 0.9981012669018314)",1,44076
"(0.5169410170491575, 0.9981012669018314)",1,44077
"(0.7350777099102015, 0.9981012669018314)",1,44078
"(0.5734466317588319, 0.9981012669018314)",3,44081
"(0.5361367504335325, 0.9981012669018314)",2,44083
"(0.5320180604331844, 0.9981012669018314)",2,44085
"(0.4937125269096371, 0.9981012669018314)",1,44086
"(0.3317695658368551, 0.9981012669018314)",1,44087
"(0.664091471262014, 0.9981012669018314)",2,44089
"(0.6759040330903159, 0.9981012669018314)",1,44090
"(0.2537048100490196, 0.9981012669018314)",4,44094
"(0.5203553504225632, 0.9981012669018314)",1,44095
"(0.5260227547809246, 0.9981012669018314)",1,44096
"(0.5450348040348041, 0.9981012669018314)",1,44097
"(0.6027034427212865, 0.9981012669018314)",4,44101
"(0.5124565972222223, 0.9981012669018314)",6,44107
"(0.402589364275477, 0.9981012669018314)",5,44112
"(0.4990204708059675, 0.9981012669018314)",1,44113
"(0.6022961136704902, 0.9981012669018314)",5,44118
"(0.5715397013354384, 0.9981012669018314)",6,44124
"(0.5130229932669931, 0.9981012669018314)",6,44130
"(0.4827612185184173, 0.9981012669018314)",6,44136
"(0.5192461542064125, 0.9981012669018314)",4,44140
"(0.5196889482452458, 0.9981012669018314)",4,44144
"(0.519281985185043, 0.9981012669018314)",6,44150
"(0.6026666666666667, 0.9981012669018314)",6,44156
"(0.5119662237091893, 0.9981012669018314)",2,44158
"(0.5496794449929138, 0.9981012669018314)",5,44163
"(0.3022368284830889, 0.9981012669018314)",6,44169
"(0.3052315202063375, 0.9981012669018314)",7,44176
"(0.2977672162584903, 0.9981012669018314)",1,44177
"(0.5978053951367237, 0.9981012669018314)",8,44185
"(0.599744651595403, 0.9981012669018314)",1,44186
"(0.6011771227337942, 0.9981012669018314)",4,44190
"(0.5892852345838203, 0.9981012669018314)",8,44198
"(0.3600029483220985, 0.9981012669018314)",3,44201
"(0.3067412107187314, 0.9981012669018314)",4,44205
"(0.5235735740769297, 0.9981012669018314)",1,44206
"(0.433281060850566, 0.9981012669018314)",3,44209
"(0.5132679944801238, 0.9981012669018314)",1,44210
"(0.5896957700576321, 0.9981012669018314)",1,44211
"(0.2520817505905556, 0.9981012669018314)",1,44212
"(0.5156094862280662, 0.9981012669018314)",4,44216
"(0.503442416215342, 0.9981012669018314)",1,44217
"(0.4609816352782865, 0.9981012669018314)",1,44218
"(0.6031177317792814, 0.9981012669018314)",2,44220
"(0.650138830416391, 0.9981012669018314)",3,44223
"(0.4012260196502799, 0.9981012669018314)",3,44226
"(0.3464973708160582, 0.9981012669018314)",4,44230
"(0.1622580530787919, 0.9981012669018314)",4,44234
"(0.5643457045368262, 0.9981012669018314)",5,44239
"(0.3506832674571805, 0.9981012669018314)",1,44240
"(0.4897415065188988, 0.9981012669018314)",2,44242
"(0.4229346333263246, 0.9981012669018314)",1,44243
"(0.511612180189574, 0.9981012669018314)",1,44244
"(0.2954225865399132, 0.9981012669018314)",1,44245
"(0.5135815048525069, 0.9981012669018314)",1,44246
"(0.4743478079735079, 0.9981012669018314)",1,44247
"(0.2672914952175105, 0.9981012669018314)",1,44248
"(0.5477955228250537, 0.9981012669018314)",1,44249
"(0.514585158944719, 0.9981012669018314)",2,44251
"(0.5176663811175343, 0.9981012669018314)",2,44253
"(0.4845066627893052, 0.9981012669018314)",2,44255
"(0.3618298321342925, 0.9981012669018314)",3,44258
"(0.4936062160591765, 0.9981012669018314)",2,44260
"(0.5302041096685234, 0.9981012669018314)",1,44261
"(0.3942553050785419, 0.9981012669018314)",1,44262
"(0.5306450880554778, 0.9981012669018314)",2,44264
"(0.3841590381665586, 0.9981012669018314)",1,44265
"(0.5353700689511449, 0.9981012669018314)",1,44266
"(0.5041116118411525, 0.9981012669018314)",1,44267
"(0.304184857695496, 0.9981012669018314)",1,44268
"(0.4337472035794183, 0.9981012669018314)",3,44271
"(0.4755355605353038, 0.9981012669018314)",5,44276
"(0.1036822132246005, 0.9981012669018314)",1,44277
"(0.5949150182078973, 0.9981012669018314)",1,44278
"(0.6050868628167587, 0.9981012669018314)",1,44279
"(0.3354976707716434, 0.9981012669018314)",1,44280
"(0.5066418935372837, 0.9981012669018314)",1,44281
"(0.5207596250837986, 0.9981012669018314)",1,44282
"(0.5668351162239414, 0.9981012669018314)",1,44283
"(0.5916573432219518, 0.9981012669018314)",5,44288
"(0.6090651266678423, 0.9977340588428304)",1,44289
"(0.5261709490066349, 0.9977340588428304)",1,44290
"(0.6784791526961461, 0.9977340588428304)",1,44291
"(0.4609816352782865, 0.9977340588428304)",1,44292
"(0.7060625116896249, 0.9977328474267576)",4,44296
"(0.6193396501932297, 0.9977328474267576)",2,44298
"(0.5714844737062109, 0.9977328474267576)",1,44299
"(0.6722324034865738, 0.9977328474267576)",2,44301
"(0.6551863914173489, 0.9977328474267576)",1,44302
"(0.7055101435191979, 0.9977328474267576)",1,44303
"(0.7080588785773374, 0.9977328474267576)",1,44304
"(0.6740039409858363, 0.9977328474267576)",1,44305
"(0.7169344572257821, 0.9977328474267576)",2,44307
"(0.6799104548742957, 0.9977328474267576)",3,44310
"(0.5560429611229252, 0.9977328474267576)",3,44313
"(0.6614948058759226, 0.9977328474267576)",1,44314
"(0.7048502036094806, 0.9977328474267576)",1,44315
"(0.5749995517010442, 0.9977328474267576)",1,44316
"(0.6421849042019427, 0.9977328474267576)",1,44317
"(0.6275034785075566, 0.9977328474267576)",1,44318
"(0.6548434461717655, 0.9977328474267576)",1,44319
"(0.6752157640658086, 0.9977328474267576)",1,44320
"(0.6630394611865931, 0.9977328474267576)",4,44324
"(0.5782855852974957, 0.9977328474267576)",1,44325
"(0.6818986987869539, 0.9977328474267576)",1,44326
"(0.560091621611619, 0.9977328474267576)",1,44327
"(0.6052404134340881, 0.9977328474267576)",1,44328
"(0.6871111895322293, 0.9977328474267576)",2,44330
"(0.6155278427792774, 0.9977318108142762)",1,44331
"(0.224271508570455, 0.9977318108142762)",1,44332
"(0.6435039149365576, 0.9977318108142762)",1,44333
"(0.7470459434759006, 0.9977318108142762)",1,44334
"(0.7521214129188376, 0.9977318108142762)",2,44336
"(0.71150412917389, 0.9977318108142762)",1,44337
"(0.477671768371638, 0.9977318108142762)",3,44340
"(0.563035225158132, 0.9977318108142762)",1,44341
"(0.5668351162239414, 0.9977318108142762)",1,44342
"(0.560091621611619, 0.997730653515024)",1,44343
"(0.6911049515248773, 0.997730653515024)",1,44344
"(0.6551863914173489, 0.997730653515024)",1,44345
"(0.5909709016409932, 0.997730653515024)",1,44346
"(0.6799104548742957, 0.997730653515024)",1,44347
"(0.6722324034865738, 0.997730653515024)",1,44348
"(0.5996697577905377, 0.997730653515024)",1,44349
"(0.5782855852974957, 0.997730653515024)",1,44350
"(0.5714844737062109, 0.997730653515024)",1,44351
"(0.6859336554097221, 0.997730653515024)",1,44352
"(0.6359794279128134, 0.997730653515024)",1,44353
"(0.5749995517010442, 0.997730653515024)",1,44354
"(0.6052404134340881, 0.9977306337975126)",1,44355
"(0.7105507048810202, 0.9977306167515252)",1,44356
"(0.6379258268168856, 0.9977305489021512)",1,44357
"(0.6871111895322293, 0.9977305489021512)",1,44358
"(0.5749995517010442, 0.9977305489021512)",1,44359
"(0.503442416215342, 0.997729548808771)",3,44362
"(0.5353461588384578, 0.997729548808771)",1,44363
"(0.3974337753332183, 0.997729548808771)",2,44365
"(0.5896957700576321, 0.997729548808771)",3,44368
"(0.6759040330903159, 0.997729548808771)",1,44369
"(0.5943528693528694, 0.997729548808771)",2,44371
"(0.5752595275257699, 0.997729548808771)",1,44372
"(0.436253398861698, 0.997729548808771)",3,44375
"(0.5388719656191158, 0.997729548808771)",1,44376
"(0.2129589331764703, 0.997729548808771)",3,44379
"(0.5450348040348041, 0.997729548808771)",2,44381
"(0.4609816352782865, 0.997729548808771)",3,44384
"(0.544915263097564, 0.997729548808771)",1,44385
"(0.5237466575255753, 0.997729548808771)",2,44387
"(0.702867567752065, 0.997729548808771)",1,44388
"(0.573097307943531, 0.9977295171442856)",1,44389
"(0.7306202049791638, 0.9977295171442856)",1,44390
"(0.6275034785075566, 0.9977295143033584)",1,44391
"(0.7169344572257821, 0.9977295143033584)",1,44392
"(0.6052404134340881, 0.9977295143033584)",2,44394
"(0.7060625116896249, 0.9977295143033584)",1,44395
"(0.6359794279128134, 0.9977295143033584)",1,44396
"(0.6911049515248773, 0.9977295143033584)",1,44397
"(0.6421849042019427, 0.9977295143033584)",1,44398
"(0.7105507048810202, 0.9977295143033584)",1,44399
"(0.5714844737062109, 0.9977295143033584)",1,44400
"(0.6859336554097221, 0.9977295143033584)",1,44401
"(0.6871111895322293, 0.9977295143033584)",1,44402
"(0.7080588785773374, 0.9977295143033584)",1,44403
"(0.7055101435191979, 0.9977295143033584)",1,44404
"(0.7149565408467913, 0.997729497426774)",1,44405
"(0.6551863914173489, 0.9977294888611652)",1,44406
"(0.6193396501932297, 0.997729471815178)",1,44407
"(0.6859336554097221, 0.9977284005752308)",1,44408
"(0.5714844737062109, 0.9977284005752308)",1,44409
"(0.7013568257681949, 0.9977284005752308)",1,44410
"(0.674876805214565, 0.997728397734304)",1,44411
"(0.6602661303355403, 0.997728397734304)",1,44412
"(0.7175717525234485, 0.997728397734304)",1,44413
"(0.7310802194155018, 0.997728397734304)",1,44414
"(0.7297512992459785, 0.997728397734304)",2,44416
"(0.6567110313162554, 0.997728397734304)",1,44417
"(0.7756359632696596, 0.997728397734304)",1,44418
"(0.736686906842362, 0.997728397734304)",1,44419
"(0.6548434461717655, 0.997728397734304)",1,44420
"(0.6224465931847978, 0.997728397734304)",1,44421
"(0.6457330060821886, 0.997728397734304)",1,44422
"(0.657844363527917, 0.9977283949357793)",1,44423
"(0.6421849042019427, 0.9977283920948524)",1,44424
"(0.6567110313162554, 0.9977283920948524)",1,44425
"(0.7848602813784739, 0.9977283920948524)",1,44426
"(0.665133579620658, 0.9977283892539254)",1,44427
"(0.620825044135961, 0.9977283779326198)",1,44428
"(0.7096062381020569, 0.99772837784739)",1,44429
"(0.7700694846065926, 0.99772837784739)",1,44430
"(0.7310802194155018, 0.99772837784739)",1,44431
"(0.7131265217107207, 0.99772837784739)",1,44432
"(0.6428143055145578, 0.99772837784739)",1,44433
"(0.6567110313162554, 0.99772837784739)",1,44434
"(0.6717867866451712, 0.99772837784739)",1,44435
"(0.735358791776077, 0.9977283524904264)",1,44436
"(0.7417636540805025, 0.9977283524904264)",1,44437
"(0.6847442749929737, 0.9977283524904264)",1,44438
"(0.7056694843088258, 0.9977283524904264)",1,44439
"(0.7016854780217827, 0.9977283524904264)",2,44441
"(0.6049474374542553, 0.9977272727272728)",1,44442
"(0.5034451916861793, 0.9977272727272728)",1,44443
"(0.1036822132246005, 0.9977272727272728)",3,44446
"(0.6611650515775019, 0.9977272727272728)",1,44447
"(0.6226233514747549, 0.9977272727272728)",1,44448
"(0.5286751006005854, 0.9977272727272728)",1,44449
"(0.599744651595403, 0.9977272727272728)",1,44450
"(0.2463156555806346, 0.9977272727272728)",2,44452
"(0.5295994275347542, 0.9977272727272728)",1,44453
"(0.5353461588384578, 0.9977272727272728)",2,44455
"(0.5349448432585369, 0.9977272727272728)",2,44457
"(0.2869390650039579, 0.9977272727272728)",1,44458
"(0.5548787272151094, 0.9977272727272728)",1,44459
"(0.3262466548275309, 0.9977272727272728)",1,44460
"(0.6430200463634697, 0.9977272727272728)",1,44461
"(0.5048749137169142, 0.9977272727272728)",1,44462
"(0.5347926731078905, 0.9977272727272728)",1,44463
"(0.649671983199115, 0.9977272727272728)",1,44464
"(0.71150412917389, 0.9977272727272728)",2,44466
"(0.6962461114805364, 0.9977272727272728)",1,44467
"(0.4049163909196675, 0.9977272727272728)",2,44469
"(0.331262443438914, 0.9977272727272728)",1,44470
"(0.5175813659509312, 0.9977272727272728)",1,44471
"(0.5685989470330658, 0.9977272727272728)",2,44473
"(0.5388719656191158, 0.9977272727272728)",1,44474
"(0.6428143055145578, 0.9977272670454193)",1,44475
"(0.7055101435191979, 0.9977272670454193)",1,44476
"(0.7143009127960802, 0.9977272670454193)",1,44477
"(0.6585885239934335, 0.997727264204492)",1,44478
"(0.6591774410577693, 0.9977272613635654)",1,44479
"(0.6593836757340709, 0.9977272613635654)",1,44480
"(0.695774827215779, 0.9977272613635654)",1,44481
"(0.6304676413719826, 0.9977272613635654)",1,44482
"(0.6272550899386924, 0.9977272613635654)",1,44483
"(0.6404193515489823, 0.9977272613635654)",1,44484
"(0.6847442749929737, 0.9977272613635654)",3,44487
"(0.7131265217107207, 0.9977272585226384)",1,44488
"(0.6711588403561555, 0.9977272585226384)",1,44489
"(0.7310802194155018, 0.9977272585226384)",2,44491
"(0.7096062381020569, 0.9977272585226384)",1,44492
"(0.7756359632696596, 0.9977272585226384)",1,44493
"(0.7241265800489103, 0.9977272528831866)",1,44494
"(0.7756359632696596, 0.9977272528831866)",1,44495
"(0.620825044135961, 0.9977272528831866)",1,44496
"(0.6457330060821886, 0.9977272528831866)",1,44497
"(0.6567110313162554, 0.9977272528831866)",1,44498
"(0.7848602813784739, 0.9977272527979566)",1,44499
"(0.7149565408467913, 0.9977272500422598)",1,44500
"(0.6457330060821886, 0.9977272500422598)",1,44501
"(0.7096062381020569, 0.9977272500422598)",1,44502
"(0.6585885239934335, 0.9977272500422598)",1,44503
"(0.7756359632696596, 0.997727244317578)",1,44504
"(0.7356286908760336, 0.997727244317578)",1,44505
"(0.6706230069745698, 0.9977271931774856)",1,44506
"(0.6437488423536523, 0.9977271931774856)",1,44507
"(0.6404193515489823, 0.9977271931774856)",1,44508
"(0.6577953274810918, 0.9977261306746804)",1,44509
"(0.6457330060821886, 0.9977261192681448)",1,44510
"(0.7016854780217827, 0.9977261079468396)",1,44511
"(0.7417636540805025, 0.9977261079468396)",1,44512
"(0.4776877676981033, 0.9977249824697576)",3,44515
"(0.518883018547448, 0.9977249824697576)",2,44517
"(0.7439393939393939, 0.9977249824697576)",1,44518
"(0.5938024587948153, 0.9977249824697576)",1,44519
"(0.5939549490228829, 0.9977249824697576)",1,44520
"(0.5548787272151094, 0.9977249824697576)",1,44521
"(0.4632547082040988, 0.9977249824697576)",1,44522
"(0.3354976707716434, 0.9977249824697576)",1,44523
"(0.59638347550428, 0.9977249824697576)",1,44524
"(0.6226233514747549, 0.9977249824697576)",1,44525
"(0.6800130179603725, 0.9977249824697576)",1,44526
"(0.5159978271811663, 0.9977249824697576)",2,44528
"(0.5121025528037597, 0.9977249824697576)",1,44529
"(0.5245686342987251, 0.9977249824697576)",1,44530
"(0.433281060850566, 0.9977249824697576)",3,44533
"(0.5353461588384578, 0.9977249824697576)",1,44534
"(0.702867567752065, 0.9977249824697576)",2,44536
"(0.3188477500068535, 0.9977249824697576)",1,44537
"(0.649671983199115, 0.9977249824697576)",1,44538
"(0.5896957700576321, 0.9977249824697576)",1,44539
"(0.2372024545510323, 0.9977249824697576)",1,44540
"(0.503442416215342, 0.9977249824697576)",1,44541
"(0.735358791776077, 0.9977249542733504)",1,44542
"(0.6142380146189402, 0.9977226779352056)",1,44543
"(0.4085833743236595, 0.9977226779352056)",2,44545
"(0.4633466015586465, 0.9977226779352056)",2,44547
"(0.5891971035837016, 0.9977226779352056)",1,44548
"(0.2214590876870318, 0.9977226779352056)",1,44549
"(0.8210319542875959, 0.9977226779352056)",1,44550
"(0.5938024587948153, 0.9977226779352056)",1,44551
"(0.5459165183258022, 0.9977226779352056)",2,44553
"(0.3841590381665586, 0.9977226779352056)",1,44554
"(0.5277652279377781, 0.9977226779352056)",1,44555
"(0.6784791526961461, 0.9977226779352056)",2,44557
"(0.5090364521224462, 0.9977226779352056)",2,44559
"(0.3991357684021978, 0.9977226779352056)",1,44560
"(0.5915486782249667, 0.9977226779352056)",1,44561
"(0.5951215675790986, 0.9977226779352056)",1,44562
"(0.4755355605353038, 0.9977226779352056)",1,44563
"(0.485879976270526, 0.9977226779352056)",1,44564
"(0.1884619155493628, 0.9977226779352056)",1,44565
"(0.5398840942160625, 0.9977226779352056)",1,44566
"(0.4624982513588544, 0.9977226779352056)",1,44567
"(0.1808771236817465, 0.9977226779352056)",1,44568
"(0.5450348040348041, 0.9977203590215908)",3,44571
"(0.3618298321342925, 0.9977203590215908)",3,44574
"(0.664091471262014, 0.9977203590215908)",2,44576
"(0.4755355605353038, 0.9977203590215908)",6,44582
"(0.5521709560790242, 0.9977203590215908)",2,44584
"(0.4268899127926591, 0.9977203590215908)",7,44591
"(0.4971911339651811, 0.9977203590215908)",4,44595
"(0.304184857695496, 0.9977203590215908)",4,44599
"(0.5173573838463876, 0.9977203590215908)",3,44602
"(0.5066418935372837, 0.9977203590215908)",3,44605
"(0.5916005291005291, 0.9977203590215908)",2,44607
"(0.6070991828496547, 0.9977203590215908)",1,44608
"(0.564922563324656, 0.9977203590215908)",1,44609
"(0.5156094862280662, 0.9977203590215908)",1,44610
"(0.5286751006005854, 0.9977203590215908)",2,44612
"(0.402589364275477, 0.9977203590215908)",1,44613
"(0.6784791526961461, 0.9977203590215908)",1,44614
"(0.436911946168762, 0.9977203590215908)",1,44615
"(0.1808771236817465, 0.9977203590215908)",1,44616
"(0.477671768371638, 0.9977203590215908)",1,44617
"(0.6052212368618619, 0.9977203590215908)",2,44619
"(0.3464973708160582, 0.9977203590215908)",1,44620
"(0.4776877676981033, 0.9977203590215908)",2,44622
"(0.6031177317792814, 0.9977203590215908)",3,44625
"(0.1523541666666666, 0.9977203590215908)",5,44630
"(0.5126865457302712, 0.9977203590215908)",1,44631
"(0.6011771227337942, 0.9977203590215908)",1,44632
"(0.3703280442697561, 0.9977203590215908)",1,44633
"(0.602662742458966, 0.9977203590215908)",5,44638
"(0.518883018547448, 0.9977203590215908)",4,44642
"(0.5451899418331657, 0.9977203590215908)",3,44645
"(0.526258954346199, 0.9977203590215908)",3,44648
"(0.4990204708059675, 0.9977203590215908)",1,44649
"(0.3690581214322782, 0.9977203590215908)",2,44651
"(0.4037090566294931, 0.9977203590215908)",2,44653
"(0.5141118717493827, 0.9977203590215908)",3,44656
"(0.457262827025654, 0.9977203590215908)",1,44657
"(0.4133101229894375, 0.9977203590215908)",4,44661
"(0.5169410170491575, 0.9977203590215908)",1,44662
"(0.5715397013354384, 0.9977203590215908)",2,44664
"(0.5361367504335325, 0.9977203590215908)",2,44666
"(0.4566269759061861, 0.9977203590215908)",1,44667
"(0.6022961136704902, 0.9977203590215908)",2,44669
"(0.6050868628167587, 0.9977203590215908)",1,44670
"(0.6026666666666667, 0.9977203590215908)",1,44671
"(0.5130229932669931, 0.9977203590215908)",2,44673
"(0.5896957700576321, 0.9977203590215908)",1,44674
"(0.5118261627427276, 0.9977203590215908)",1,44675
"(0.4897415065188988, 0.9977203590215908)",3,44678
"(0.4957093292502148, 0.9977203590215908)",1,44679
"(0.331262443438914, 0.9977203590215908)",2,44681
"(0.4631616549920088, 0.9977203590215908)",1,44682
"(0.5081592004685413, 0.9977203590215908)",3,44685
"(0.2710113076866549, 0.9977203590215908)",1,44686
"(0.2309709141375595, 0.9977203590215908)",2,44688
"(0.4049163909196675, 0.9977203590215908)",2,44690
"(0.5891971035837016, 0.9977203590215908)",3,44693
"(0.3929204539802519, 0.9977203590215908)",2,44695
"(0.419237903544084, 0.9977203590215908)",1,44696
"(0.5119662237091893, 0.9977203590215908)",3,44699
"(0.5916573432219518, 0.9977203590215908)",1,44700
"(0.3918495706148258, 0.9977203590215908)",6,44706
"(0.3584486416678197, 0.9977203590215908)",1,44707
"(0.4670357941834451, 0.9977203590215908)",2,44709
"(0.4777955536474655, 0.9977203590215908)",1,44710
"(0.5302041096685234, 0.9977203590215908)",3,44713
"(0.3860590631364562, 0.9977203590215908)",1,44714
"(0.2806699331680662, 0.9977203590215908)",2,44716
"(0.2573753482290067, 0.9977203590215908)",2,44718
"(0.476767449342614, 0.9977203590215908)",1,44719
"(0.4495135398715946, 0.9977203590215908)",3,44722
"(0.4795837122630575, 0.9977203590215908)",2,44724
"(0.5734466317588319, 0.9977203590215908)",1,44725
"(0.6027034427212865, 0.9977203590215908)",1,44726
"(0.3302862574369368, 0.9977203590215908)",3,44729
"(0.3354976707716434, 0.9977203590215908)",1,44730
"(0.1500716412252043, 0.9977203590215908)",1,44731
"(0.2520817505905556, 0.9977203590215908)",1,44732
"(0.3024053266749896, 0.9977203590215908)",3,44735
"(0.4633466015586465, 0.9977203590215908)",2,44737
"(0.3841590381665586, 0.9977203590215908)",1,44738
"(0.5041116118411525, 0.9977203590215908)",3,44741
"(0.485879976270526, 0.9977203590215908)",1,44742
"(0.433281060850566, 0.9977203590215908)",1,44743
"(0.5113955160358922, 0.9977203590215908)",3,44746
"(0.6025384620441595, 0.9977203590215908)",2,44748
"(0.224271508570455, 0.9977203590215908)",2,44750
"(0.3506832674571805, 0.9977203590215908)",1,44751
"(0.1884619155493628, 0.9977203590215908)",4,44755
"(0.514585158944719, 0.9977203590215908)",1,44756
"(0.4497336854186499, 0.9977203590215908)",5,44761
"(0.2184301094356221, 0.9977203590215908)",3,44764
"(0.5237466575255753, 0.9977203590215908)",3,44767
"(0.3991357684021978, 0.9977203590215908)",1,44768
"(0.5750629311033884, 0.9977203590215908)",1,44769
"(0.511612180189574, 0.9977203590215908)",1,44770
"(0.2372024545510323, 0.9977203590215908)",1,44771
"(0.5320180604331844, 0.9977203590215908)",1,44772
"(0.5496794449929138, 0.9977203590215908)",1,44773
"(0.4450218830366153, 0.9977203590215908)",3,44776
"(0.2537048100490196, 0.9977203590215908)",2,44778
"(0.5090364521224462, 0.9977203590215908)",1,44779
"(0.4510894164249752, 0.9977203590215908)",2,44781
"(0.6019854338794117, 0.9977203590215908)",1,44782
"(0.6962461114805364, 0.9977203590215908)",2,44784
"(0.5073536286909905, 0.9977203590215908)",1,44785
"(0.5208957469413343, 0.9977203590215908)",1,44786
"(0.5196889482452458, 0.9977203590215908)",1,44787
"(0.2954225865399132, 0.9977203590215908)",2,44789
"(0.4609816352782865, 0.9977203590215908)",1,44790
"(0.4637078505958796, 0.9975000781372088)",9,44799
"(0.3930894945067609, 0.9975000781372088)",1,44800
"(0.4855264855217857, 0.9975000781372088)",2,44802
"(0.4837588747247526, 0.9975000781372088)",1,44803
"(0.4544684995224054, 0.9975000781372088)",6,44809
"(0.4614606379865379, 0.9975000781372088)",1,44810
"(0.4616587922822521, 0.9975000781372088)",9,44819
"(0.5082177015724898, 0.9975000781372088)",1,44820
"(0.4035994294344689, 0.9975000781372088)",2,44822
"(0.3434871832287562, 0.9975000781372088)",50,44872
"(0.5171117027693051, 0.9975000781372088)",1,44873
"(0.3474517969720675, 0.9975000781372088)",2,44875
"(0.4873238005938428, 0.9975000781372088)",6,44881
"(0.3833148454686816, 0.9975000781372088)",5,44886
"(0.4389376893726854, 0.9975000781372088)",8,44894
"(0.4919916866987179, 0.9975000781372088)",1,44895
"(0.5061654456041751, 0.9975000781372088)",53,44948
"(0.6430898558318725, 0.9975000781372088)",2,44950
"(0.4929150762985157, 0.9975000781372088)",3,44953
"(0.509688959052258, 0.9975000781372088)",1,44954
"(0.4888266550981961, 0.9975000781372088)",6,44960
"(0.3724447087626752, 0.9975000781372088)",2,44962
"(0.4824482292917167, 0.9975000781372088)",2,44964
"(0.5049504801920769, 0.9975000781372088)",49,45013
"(0.6162871184526184, 0.9975000781372088)",2,45015
"(0.4925733396357239, 0.9975000781372088)",92,45107
"(0.5004274455385378, 0.9975000781372088)",54,45161
"(0.4787519493971895, 0.9975000781372088)",1,45162
"(0.5067711161819927, 0.9975000781372088)",9,45171
"(0.6410208556964654, 0.9975000781372088)",1,45172
"(0.502001702724359, 0.9975000781372088)",51,45223
"(0.484731353858467, 0.9975000781372088)",52,45275
"(0.3744356108851362, 0.9975000781372088)",6,45281
"(0.4897660892896956, 0.9975000781372088)",3,45284
"(0.4858540731674147, 0.9975000781372088)",6,45290
"(0.4606973696770164, 0.9975000781372088)",51,45341
"(0.3478652803637891, 0.9975000781372088)",6,45347
"(0.4590791029805835, 0.9975000781372088)",1,45348
"(0.4603282383880727, 0.9975000781372088)",1,45349
"(0.4652451969339753, 0.9975000781372088)",1,45350
"(0.6173424881070915, 0.9975000781372088)",2,45352
"(0.4763182166732369, 0.9975000781372088)",6,45358
"(0.3375676771262587, 0.9975000781372088)",2,45360
"(0.4786848175015818, 0.9975000781372088)",2,45362
"(0.382298295760975, 0.9975000781372088)",2,45364
"(0.4200631313131313, 0.9975000781372088)",2,45366
"(0.4924124152066014, 0.9975000781372088)",2,45368
"(0.5024914569366774, 0.9975000781372088)",9,45377
"(0.4976057427443008, 0.9975000781372088)",47,45424
"(0.4567442396313363, 0.9975000781372088)",1,45425
"(0.423609375, 0.9975000781372088)",2,45427
"(0.4972839081822133, 0.9975000781372088)",6,45433
"(0.4205819197458105, 0.9975000781372088)",1,45434
"(0.506032156862745, 0.9975000781372088)",56,45490
"(0.4912575527045726, 0.9975000781372088)",3,45493
"(0.4724538701233134, 0.9975000781372088)",51,45544
"(0.4874104104104104, 0.9975000781372088)",6,45550
"(0.3822604186461855, 0.9975000781372088)",2,45552
"(0.4933386447129642, 0.9975000781372088)",52,45604
"(0.440594458995568, 0.9975000781372088)",45,45649
"(0.4319035504296698, 0.9975000781372088)",56,45705
"(0.5054837492011828, 0.9975000781372088)",6,45711
"(0.4844841746794872, 0.9975000781372088)",1,45712
"(0.476193313409349, 0.9975000781372088)",46,45758
"(0.4499384836938269, 0.9975000781372088)",51,45809
"(0.4987711467817516, 0.9975000781372088)",48,45857
"(0.4894591128631123, 0.9975000781372088)",42,45899
"(0.4958617797724284, 0.9975000781372088)",1,45900
"(0.5125387377218281, 0.9975000781372088)",9,45909
"(0.507482960719107, 0.9975000781372088)",1,45910
"(0.4117984546686067, 0.9975000781372088)",8,45918
"(0.5681215696633501, 0.9975000781372088)",3,45921
"(0.4921211569947243, 0.9975000781372088)",54,45975
"(0.4961383480529907, 0.9975000781372088)",9,45984
"(0.5837709181365898, 0.9975000781372088)",2,45986
"(0.5035113050701335, 0.9975000781372088)",6,45992
"(0.4605548955203019, 0.9975000468776368)",1,45993
"(0.4745854167223723, 0.9975000468776368)",1,45994
"(0.5965299555357001, 0.9975000468776368)",1,45995
"(0.3930894945067609, 0.9975)",2,45997
"(0.4508193203901878, 0.9975)",1,45998
"(0.4590791029805835, 0.9975)",7,46005
"(0.4735419274581601, 0.9975)",1,46006
"(0.4937776876667119, 0.9975)",1,46007
"(0.5839682329833044, 0.9975)",2,46009
"(0.4527941410181702, 0.9975)",1,46010
"(0.4553345256344744, 0.9975)",4,46014
"(0.5056778729738882, 0.9975)",3,46017
"(0.5197849657213615, 0.9975)",2,46019
"(0.5118812113070996, 0.9975)",2,46021
"(0.4514795008912656, 0.9975)",2,46023
"(0.6122976080997202, 0.9975)",4,46027
"(0.4921512824029625, 0.9975)",1,46028
"(0.4987398156700754, 0.9975)",7,46035
"(0.6414869944621582, 0.9975)",5,46040
"(0.4923104882535888, 0.9975)",4,46044
"(0.395353552234017, 0.9975)",1,46045
"(0.6543756204625482, 0.9975)",3,46048
"(0.6006380389026112, 0.9975)",4,46052
"(0.4603282383880727, 0.9975)",3,46055
"(0.617608039964183, 0.9975)",4,46059
"(0.4772368473497005, 0.9975)",1,46060
"(0.5678747591522157, 0.9975)",4,46064
"(0.4205819197458105, 0.9975)",1,46065
"(0.6418116964826663, 0.9975)",5,46070
"(0.4611605493121345, 0.9975)",3,46073
"(0.5328818351459862, 0.9975)",1,46074
"(0.4837588747247526, 0.9975)",10,46084
"(0.4935497074925994, 0.9975)",2,46086
"(0.502001702724359, 0.9975)",1,46087
"(0.415019773520844, 0.9975)",1,46088
"(0.6281749655085914, 0.9975)",7,46095
"(0.5977047503478421, 0.9975)",2,46097
"(0.6194163158907553, 0.9975)",1,46098
"(0.492807005588115, 0.9975)",7,46105
"(0.4955558486584263, 0.9975)",3,46108
"(0.4761284434118819, 0.9975)",1,46109
"(0.4407055363375315, 0.9975)",2,46111
"(0.3576232382100425, 0.9975)",1,46112
"(0.507482960719107, 0.9975)",7,46119
"(0.5082177015724898, 0.9975)",8,46127
"(0.4673343159733596, 0.9975)",1,46128
"(0.4937555371180266, 0.9975)",1,46129
"(0.6084354171454838, 0.9975)",5,46134
"(0.452037812892777, 0.9975)",1,46135
"(0.5009421228446381, 0.9975)",1,46136
"(0.4925285484808521, 0.9975)",1,46137
"(0.484731353858467, 0.9975)",1,46138
"(0.6250748921647628, 0.9975)",1,46139
"(0.4847252958987063, 0.9975)",3,46142
"(0.4646956255353202, 0.9975)",1,46143
"(0.4790513120764785, 0.9975)",5,46148
"(0.5424488550194763, 0.9975)",1,46149
"(0.4309305269821175, 0.9975)",3,46152
"(0.4919916866987179, 0.9975)",3,46155
"(0.6404368533365645, 0.9975)",9,46164
"(0.4363355778830426, 0.9975)",7,46171
"(0.3084538076768499, 0.9975)",1,46172
"(0.4585755850187953, 0.9975)",1,46173
"(0.5232339549595894, 0.9975)",3,46176
"(0.5895714285714287, 0.9975)",3,46179
"(0.4958617797724284, 0.9975)",1,46180
"(0.4567442396313363, 0.9975)",4,46184
"(0.531353757109443, 0.9975)",9,46193
"(0.565691034733588, 0.9975)",1,46194
"(0.4862716741329175, 0.9975)",5,46199
"(0.4799772430306781, 0.9975)",1,46200
"(0.5492115341293085, 0.9975)",9,46209
"(0.6397933055933888, 0.9975)",6,46215
"(0.6169851887243193, 0.9975)",1,46216
"(0.6257480866891967, 0.9975)",2,46218
"(0.5973423423423424, 0.9975)",4,46222
"(0.4961453064375241, 0.9975)",2,46224
"(0.4706533101045296, 0.9974999218627912)",1,46225
"(0.5659491210913012, 0.9974999218627912)",1,46226
"(0.537168438406003, 0.9974999218627912)",2,46228
"(0.5124560439560439, 0.9974999218627912)",1,46229
"(0.5328818351459862, 0.9974999218627912)",2,46231
"(0.4543206349718721, 0.9974999218627912)",2,46233
"(0.5137277015799476, 0.9974999218627912)",1,46234
"(0.5491342894393741, 0.9974999218627912)",1,46235
"(0.4404857596132053, 0.9974999218627912)",2,46237
"(0.6250748921647628, 0.9974998905914936)",2,46239
"(0.6543756204625482, 0.9974998905914936)",3,46242
"(0.5087400188487272, 0.9974998905914936)",13,46255
"(0.6006380389026112, 0.9974998905914936)",1,46256
"(0.4530386103743641, 0.9974998905914936)",22,46278
"(0.4919916866987179, 0.9974998905914936)",2,46280
"(0.4937776876667119, 0.9974998905914936)",18,46298
"(0.5056778729738882, 0.9974998905914936)",26,46324
"(0.4553345256344744, 0.9974998905914936)",5,46329
"(0.4692838554699229, 0.9974998905914936)",5,46334
"(0.6084354171454838, 0.9974998905914936)",1,46335
"(0.4847252958987063, 0.9974998905914936)",1,46336
"(0.484646846010113, 0.9974998905914936)",16,46352
"(0.5968404503974142, 0.9974998905914936)",3,46355
"(0.5009421228446381, 0.9974998905914936)",13,46368
"(0.6428642754038717, 0.9974998905914936)",1,46369
"(0.5118812113070996, 0.9974998905914936)",2,46371
"(0.4790513120764785, 0.9974998905914936)",1,46372
"(0.4722366884143547, 0.9974998905914936)",15,46387
"(0.4923104882535888, 0.9974998905914936)",3,46390
"(0.6122976080997202, 0.9974998905914936)",4,46394
"(0.4514795008912656, 0.9974998905914936)",1,46395
"(0.3698722878811793, 0.9974998905914936)",2,46397
"(0.4912575527045726, 0.9974998905914936)",4,46401
"(0.492807005588115, 0.9974998905914936)",3,46404
"(0.4673343159733596, 0.9974998905914936)",11,46415
"(0.59269144648455, 0.9974998905914936)",2,46417
"(0.5973694779116466, 0.9974998905914936)",1,46418
"(0.4433486178189539, 0.9974998905914936)",1,46419
"(0.5839682329833044, 0.9974998905914936)",3,46422
"(0.4224025413929533, 0.9974998905914936)",1,46423
"(0.4119237046167532, 0.9974998905914936)",1,46424
"(0.4896359390280644, 0.9974998905914936)",14,46438
"(0.466284859744202, 0.9974998905914936)",2,46440
"(0.3978881224956551, 0.9974998905914936)",3,46443
"(0.5341558396530313, 0.9974998905914936)",3,46446
"(0.4625838016860699, 0.9974998905914936)",3,46449
"(0.4407055363375315, 0.9974998905914936)",16,46465
"(0.4051929257846971, 0.9974998905914936)",1,46466
"(0.6800964201047871, 0.9974998905914936)",1,46467
"(0.4585755850187953, 0.9974998905914936)",22,46489
"(0.3347070194752431, 0.9974998905914936)",1,46490
"(0.4925285484808521, 0.9974998905914936)",24,46514
"(0.4837588747247526, 0.9974998905914936)",4,46518
"(0.5609189688764551, 0.9974998905914936)",1,46519
"(0.4961453064375241, 0.9974998905914936)",4,46523
"(0.4594704236610712, 0.9974998905914936)",14,46537
"(0.5342296694992609, 0.9974998905914936)",6,46543
"(0.507482960719107, 0.9974998905914936)",4,46547
"(0.5608274616256255, 0.9974998905914936)",1,46548
"(0.6250292965423266, 0.9974998905914936)",1,46549
"(0.4318030014796026, 0.9974998905914936)",3,46552
"(0.418728666447884, 0.9974998905914936)",13,46565
"(0.4567442396313363, 0.9974998905914936)",2,46567
"(0.4806879036961406, 0.9974998905914936)",2,46569
"(0.4955558486584263, 0.9974998905914936)",1,46570
"(0.6281749655085914, 0.9974998905914936)",1,46571
"(0.4935497074925994, 0.9974998905914936)",7,46578
"(0.4958617797724284, 0.9974998905914936)",17,46595
"(0.4590791029805835, 0.9974998905914936)",1,46596
"(0.6404368533365645, 0.9974998905914936)",1,46597
"(0.5068751374411753, 0.9974998905914936)",3,46600
"(0.4987398156700754, 0.9974998905914936)",3,46603
"(0.4603282383880727, 0.9974998905914936)",3,46606
"(0.4571140259616066, 0.9974998905914936)",9,46615
"(0.4772368473497005, 0.9974998905914936)",12,46627
"(0.5078294820353964, 0.9974998905914936)",3,46630
"(0.5082177015724898, 0.9974998905914936)",2,46632
"(0.5153209052589321, 0.9974998905914936)",30,46662
"(0.4611605493121345, 0.9974998905914936)",1,46663
"(0.5492115341293085, 0.9974998905914936)",3,46666
"(0.4705899148246182, 0.9974998905914936)",3,46669
"(0.6418116964826663, 0.9974998905914936)",1,46670
"(0.4168399821364511, 0.9974998905914936)",1,46671
"(0.5973423423423424, 0.9974998905914936)",4,46675
"(0.6397933055933888, 0.9974998905914936)",1,46676
"(0.617608039964183, 0.9974998905914936)",1,46677
"(0.6414869944621582, 0.9974998905914936)",1,46678
"(0.4508193203901878, 0.9974998905914936)",18,46696
"(0.3930894945067609, 0.9974998905914936)",3,46699
"(0.5977047503478421, 0.9974998905914936)",1,46700
"(0.5370179311865358, 0.997357707254175)",1,46701
"(0.5208957469413343, 0.9973550926644404)",3,46704
"(0.5370179311865358, 0.9973550926644404)",1,46705
"(0.4776877676981033, 0.9973550926644404)",1,46706
"(0.2375441394922753, 0.9973550926644404)",3,46709
"(0.564922563324656, 0.9973524618256112)",3,46712
"(0.539275629206987, 0.9973524618256112)",3,46715
"(0.4403449749235543, 0.9973524618256112)",1,46716
"(0.4775277477297871, 0.9973524618256112)",3,46719
"(0.4957093292502148, 0.9973524618256112)",1,46720
"(0.4708333333333333, 0.9973524618256112)",3,46723
"(0.5191356753598758, 0.9973524618256112)",1,46724
"(0.546013779527559, 0.9973524618256112)",1,46725
"(0.5685989470330658, 0.9973524618256112)",1,46726
"(0.4795837122630575, 0.9973524618256112)",1,46727
"(0.4566269759061861, 0.9973498146227074)",3,46730
"(0.5361367504335325, 0.9973498146227074)",1,46731
"(0.3974337753332183, 0.9973498146227074)",1,46732
"(0.4670357941834451, 0.9973498146227074)",2,46734
"(0.5478924718653392, 0.9973498146227074)",1,46735
"(0.4133101229894375, 0.9973498146227074)",1,46736
"(0.4345640839445211, 0.9973498146227074)",3,46739
"(0.4631616549920088, 0.9973498146227074)",2,46741
"(0.331262443438914, 0.9973498146227074)",3,46744
"(0.4037090566294931, 0.9973498146227074)",3,46747
"(0.5159978271811663, 0.9973498146227074)",1,46748
"(0.1884619155493628, 0.9973498146227074)",1,46749
"(0.555320102908265, 0.9973498146227074)",3,46752
"(0.599744651595403, 0.9973498146227074)",1,46753
"(0.6154433311277057, 0.9973498146227074)",1,46754
"(0.5166972147349506, 0.9973498146227074)",1,46755
"(0.7045138786538933, 0.9973471509396088)",1,46756
"(0.4795837122630575, 0.9973471509396088)",2,46758
"(0.2463156555806346, 0.9973471509396088)",1,46759
"(0.5175813659509312, 0.9973471509396088)",2,46761
"(0.5245686342987251, 0.9973471509396088)",1,46762
"(0.5175094049755407, 0.9973471509396088)",1,46763
"(0.5807528241902687, 0.9973471509396088)",1,46764
"(0.240611928037625, 0.9973471509396088)",1,46765
"(0.5318703819174632, 0.9973471509396088)",1,46766
"(0.6759040330903159, 0.9973471509396088)",1,46767
"(0.6784791526961461, 0.9973471509396088)",1,46768
"(0.5398840942160625, 0.9973471509396088)",1,46769
"(0.5388719656191158, 0.9973471509396088)",1,46770
"(0.4845066627893052, 0.9973471509396088)",3,46773
"(0.2821631448874142, 0.9973471509396088)",2,46775
"(0.5005466528962331, 0.9973471509396088)",3,46778
"(0.6810552190549457, 0.9973471509396088)",1,46779
"(0.5166972147349506, 0.9973471509396088)",1,46780
"(0.5349448432585369, 0.9973471509396088)",1,46781
"(0.564922563324656, 0.9973471509396088)",3,46784
"(0.5353461588384578, 0.9973471509396088)",1,46785
"(0.5418599142431635, 0.9973471509396088)",1,46786
"(0.3217323575783004, 0.9973471509396088)",1,46787
"(0.5347926731078905, 0.9973471509396088)",1,46788
"(0.71150412917389, 0.9973471509396088)",1,46789
"(0.6040339402207299, 0.9973471509396088)",1,46790
"(0.4085833743236595, 0.9973471509396088)",1,46791
"(0.2309709141375595, 0.9973471509396088)",3,46794
"(0.3929204539802519, 0.9973471509396088)",3,46797
"(0.4133101229894375, 0.9973444706590416)",3,46800
"(0.6962461114805364, 0.9973444706590416)",3,46803
"(0.5191356753598758, 0.9973444706590416)",2,46805
"(0.4936062160591765, 0.9973444706590416)",1,46806
"(0.2104254576695934, 0.9973444706590416)",1,46807
"(0.5237466575255753, 0.9973444706590416)",1,46808
"(0.5295994275347542, 0.9973444706590416)",2,46810
"(0.433281060850566, 0.9973444706590416)",3,46813
"(0.4497336854186499, 0.9973444706590416)",1,46814
"(0.59638347550428, 0.9973444706590416)",1,46815
"(0.2200027398216297, 0.9973444706590416)",1,46816
"(0.5450348040348041, 0.9973444706590416)",3,46819
"(0.1833909490886235, 0.9973444706590416)",3,46822
"(0.5478924718653392, 0.9973444706590416)",1,46823
"(0.2309709141375595, 0.9973444706590416)",2,46825
"(0.6088071867185179, 0.9973444706590416)",1,46826
"(0.304184857695496, 0.9973444706590416)",1,46827
"(0.1884619155493628, 0.9973444706590416)",1,46828
"(0.4822651515151516, 0.9973444706590416)",2,46830
"(0.5380858033626137, 0.9973444706590416)",2,46832
"(0.5066418935372837, 0.9973444706590416)",3,46835
"(0.3188477500068535, 0.9973444706590416)",1,46836
"(0.3690581214322782, 0.9973444706590416)",2,46838
"(0.4845066627893052, 0.997341773662564)",1,46839
"(0.5981266189834885, 0.997341773662564)",1,46840
"(0.1808771236817465, 0.997341773662564)",1,46841
"(0.5685989470330658, 0.997341773662564)",1,46842
"(0.5259912686183872, 0.997341773662564)",2,46844
"(0.5951215675790986, 0.997341773662564)",1,46845
"(0.518883018547448, 0.997341773662564)",1,46846
"(0.3545856375860411, 0.997341773662564)",2,46848
"(0.4497336854186499, 0.997341773662564)",1,46849
"(0.6008953168044077, 0.997341773662564)",1,46850
"(0.477671768371638, 0.997341773662564)",1,46851
"(0.4822651515151516, 0.997341773662564)",2,46853
"(0.3262466548275309, 0.997341773662564)",1,46854
"(0.5295994275347542, 0.997341773662564)",2,46856
"(0.6088071867185179, 0.997341773662564)",1,46857
"(0.4049163909196675, 0.9973390598305516)",1,46858
"(0.5137024199841741, 0.9973390598305516)",3,46861
"(0.6915482942087353, 0.9973390598305516)",2,46863
"(0.6026666666666667, 0.9973390598305516)",1,46864
"(0.5237466575255753, 0.9973390598305516)",1,46865
"(0.1036822132246005, 0.9973390598305516)",1,46866
"(0.3865130008203705, 0.9973390598305516)",1,46867
"(0.2309709141375595, 0.9973390598305516)",3,46870
"(0.4268899127926591, 0.9973390598305516)",2,46872
"(0.5469587499213985, 0.9973390598305516)",3,46875
"(0.5320180604331844, 0.9973390598305516)",1,46876
"(0.6460231360441068, 0.9973390598305516)",5,46881
"(0.5295994275347542, 0.9973390598305516)",1,46882
"(0.2672914952175105, 0.9973390598305516)",1,46883
"(0.5203553504225632, 0.9973390598305516)",3,46886
"(0.4971911339651811, 0.9973390598305516)",2,46888
"(0.5896957700576321, 0.9973390598305516)",1,46889
"(0.4775277477297871, 0.9973390598305516)",2,46891
"(0.4510894164249752, 0.9973390598305516)",3,46894
"(0.602662742458966, 0.9973390598305516)",1,46895
"(0.4130211680123674, 0.9973390598305516)",1,46896
"(0.518883018547448, 0.9973390598305516)",4,46900
"(0.6050868628167587, 0.9973390598305516)",1,46901
"(0.4631616549920088, 0.9973390598305516)",2,46903
"(0.5196889482452458, 0.9973390598305516)",1,46904
"(0.4495135398715946, 0.9973390598305516)",2,46906
"(0.5496794449929138, 0.9973390598305516)",1,46907
"(0.5126865457302712, 0.9973390598305516)",3,46910
"(0.3024053266749896, 0.9973390598305516)",4,46914
"(0.436911946168762, 0.9973390598305516)",1,46915
"(0.4957093292502148, 0.9973390598305516)",1,46916
"(0.514585158944719, 0.9973390598305516)",1,46917
"(0.5066418935372837, 0.9973390598305516)",2,46919
"(0.4076247491511041, 0.9973390598305516)",2,46921
"(0.3703280442697561, 0.9973390598305516)",3,46924
"(0.6142380146189402, 0.9973390598305516)",1,46925
"(0.402589364275477, 0.9973390598305516)",2,46927
"(0.3067412107187314, 0.9973390598305516)",3,46930
"(0.3984101488896291, 0.9973390598305516)",1,46931
"(0.5452310701354139, 0.9973390598305516)",1,46932
"(0.5156094862280662, 0.9973390598305516)",1,46933
"(0.6049474374542553, 0.9973390598305516)",2,46935
"(0.5141118717493827, 0.9973390598305516)",1,46936
"(0.6070991828496547, 0.9973390598305516)",2,46938
"(0.6474192096347017, 0.9973390598305516)",1,46939
"(0.519281985185043, 0.9973390598305516)",2,46941
"(0.4345640839445211, 0.9973390598305516)",1,46942
"(0.3944271295930922, 0.9973390598305516)",3,46945
"(0.2184301094356221, 0.9973390598305516)",2,46947
"(0.503442416215342, 0.9973390598305516)",1,46948
"(0.3860590631364562, 0.9973390598305516)",1,46949
"(0.5951215675790986, 0.9973390598305516)",1,46950
"(0.4755355605353038, 0.9973390598305516)",2,46952
"(0.2954225865399132, 0.9973390598305516)",1,46953
"(0.503514376678064, 0.9973390598305516)",1,46954
"(0.6011771227337942, 0.9973390598305516)",3,46957
"(0.2556641773221635, 0.9973390598305516)",1,46958
"(0.3929204539802519, 0.9973390598305516)",1,46959
"(0.3464973708160582, 0.9973390598305516)",4,46963
"(0.5151897052695996, 0.9973390598305516)",3,46966
"(0.5450348040348041, 0.9973390598305516)",1,46967
"(0.3841590381665586, 0.9973390598305516)",4,46971
"(0.4777955536474655, 0.9973390598305516)",2,46973
"(0.2104254576695934, 0.9973390598305516)",2,46975
"(0.3302862574369368, 0.9973390598305516)",2,46977
"(0.2573753482290067, 0.9973390598305516)",2,46979
"(0.2372024545510323, 0.9973390598305516)",1,46980
"(0.4497336854186499, 0.9973390598305516)",4,46984
"(0.5951711142105386, 0.9973390598305516)",3,46987
"(0.224271508570455, 0.9973390598305516)",3,46990
"(0.679403773242835, 0.9973390598305516)",3,46993
"(0.2520817505905556, 0.9973390598305516)",2,46995
"(0.5778206440811193, 0.9973390598305516)",3,46998
"(0.5981266189834885, 0.9973390598305516)",1,46999
"(0.304184857695496, 0.9973390598305516)",3,47002
"(0.5129137710809465, 0.9973390598305516)",3,47005
"(0.5124565972222223, 0.9973390598305516)",2,47007
"(0.5119662237091893, 0.9973390598305516)",3,47010
"(0.4566269759061861, 0.9973390598305516)",2,47012
"(0.6962461114805364, 0.9973390598305516)",1,47013
"(0.5259912686183872, 0.9973390598305516)",1,47014
"(0.6052212368618619, 0.9973390598305516)",1,47015
"(0.6911049515248773, 0.9972827606469852)",1,47016
"(0.6421849042019427, 0.9972827606469852)",2,47018
"(0.6193396501932297, 0.9972827606469852)",1,47019
"(0.6630394611865931, 0.997281615710638)",1,47020
"(0.6911049515248773, 0.997281615710638)",1,47021
"(0.6859336554097221, 0.997281615710638)",1,47022
"(0.663500603283054, 0.997281615710638)",1,47023
"(0.6740039409858363, 0.9972804621223788)",1,47024
"(0.6818986987869539, 0.9972804621223788)",1,47025
"(0.674876805214565, 0.9972804621223788)",1,47026
"(0.6859336554097221, 0.9972804621223788)",2,47028
"(0.7080588785773374, 0.9972804621223788)",1,47029
"(0.630220128560698, 0.9972804621223788)",1,47030
"(0.688158151744124, 0.9972804621223788)",1,47031
"(0.6551863914173489, 0.9972804621223788)",1,47032
"(0.6193396501932297, 0.9972804621223788)",2,47034
"(0.5560429611229252, 0.9972804621223788)",1,47035
"(0.7060625116896249, 0.9972804621223788)",1,47036
"(0.7013568257681949, 0.9972804621223788)",1,47037
"(0.6630394611865931, 0.9972804621223788)",2,47039
"(0.6379258268168856, 0.9972804621223788)",1,47040
"(0.7169344572257821, 0.9972804621223788)",1,47041
"(0.5782855852974957, 0.9972804621223788)",1,47042
"(0.6275034785075566, 0.9972804621223788)",1,47043
"(0.6799104548742957, 0.9972794748969548)",1,47044
"(0.6859336554097221, 0.9972794748969548)",1,47045
"(0.6911049515248773, 0.9972794270216454)",1,47046
"(0.674876805214565, 0.9972783356852896)",4,47050
"(0.5714844737062109, 0.9972783356852896)",1,47051
"(0.7098953506796792, 0.9972783356852896)",2,47053
"(0.688158151744124, 0.9972783356852896)",2,47055
"(0.7013568257681949, 0.9972783356852896)",1,47056
"(0.6818986987869539, 0.9972783356852896)",2,47058
"(0.7031237691231105, 0.9972783356852896)",1,47059
"(0.7105507048810202, 0.9972783356852896)",1,47060
"(0.6421849042019427, 0.9972783356852896)",1,47061
"(0.6548434461717655, 0.9972783356852896)",1,47062
"(0.6911049515248773, 0.9972783356852896)",3,47065
"(0.6752157640658086, 0.9972783356852896)",1,47066
"(0.7080588785773374, 0.9972783356852896)",1,47067
"(0.6799104548742957, 0.9972783356852896)",1,47068
"(0.7013568257681949, 0.9972783299606076)",1,47069
"(0.7060625116896249, 0.9972782991312854)",1,47070
"(0.6275034785075566, 0.997277001270208)",1,47071
"(0.7080588785773374, 0.997277001270208)",2,47073
"(0.6818986987869539, 0.9972761193393822)",1,47074
"(0.7098953506796792, 0.9972761193393822)",1,47075
"(0.6723708925271105, 0.9972761193393822)",1,47076
"(0.6911049515248773, 0.9972760881735646)",1,47077
"(0.6275034785075566, 0.997276045812595)",1,47078
"(0.674876805214565, 0.997276045812595)",1,47079
"(0.5560429611229252, 0.997276045812595)",1,47080
"(0.5714844737062109, 0.9972760006066788)",1,47081
"(0.6421849042019427, 0.9972749886504974)",1,47082
"(0.6052404134340881, 0.9972749886504974)",1,47083
"(0.6548434461717655, 0.9972749886504974)",1,47084
"(0.7687856874160781, 0.9972749688488132)",1,47085
"(0.6690834390484042, 0.9972749688488132)",1,47086
"(0.657844363527917, 0.9972749688488132)",1,47087
"(0.573097307943531, 0.9972749688488132)",1,47088
"(0.7025512126659443, 0.9972749660078865)",1,47089
"(0.7848602813784739, 0.9972749660078865)",1,47090
"(0.7149565408467913, 0.9972749660078865)",1,47091
"(0.6871111895322293, 0.9972749660078865)",1,47092
"(0.754858950994775, 0.9972749660078865)",1,47093
"(0.6224465931847978, 0.9972749660078865)",1,47094
"(0.607301606858416, 0.9972749660078865)",1,47095
"(0.6585885239934335, 0.9972749660078865)",1,47096
"(0.6717867866451712, 0.9972749602832046)",1,47097
"(0.665133579620658, 0.9972749519722284)",1,47098
"(0.657844363527917, 0.99727486423594)",1,47099
"(0.6304676413719826, 0.99727486423594)",1,47100
"(0.6581060330996545, 0.99727486423594)",1,47101
"(0.6706230069745698, 0.99727486423594)",1,47102
"(0.706370214842381, 0.9972738522797586)",1,47103
"(0.6426347913477714, 0.9972738522797586)",1,47104
"(0.652300297190229, 0.9972738522797586)",1,47105
"(0.7595184459263826, 0.9972738522797586)",1,47106
"(0.7002982211439487, 0.9972738522797586)",1,47107
"(0.607301606858416, 0.9972738522797586)",1,47108
"(0.7143009127960802, 0.9972738522797586)",1,47109
"(0.604912611842116, 0.9972738522797586)",1,47110
"(0.7848602813784739, 0.9972738522797586)",1,47111
"(0.7096062381020569, 0.9972738522797586)",1,47112
"(0.754858950994775, 0.9972738522797586)",1,47113
"(0.7175717525234485, 0.9972738466403068)",1,47114
"(0.7595184459263826, 0.9972738466403068)",1,47115
"(0.7169344572257821, 0.9972738465979047)",1,47116
"(0.6421849042019427, 0.9972738465979047)",1,47117
"(0.6818986987869539, 0.9972738465979047)",1,47118
"(0.7356286908760336, 0.9972738381175263)",1,47119
"(0.6622598208843227, 0.9972738381175263)",1,47120
"(0.7002982211439487, 0.9972738381175263)",1,47121
"(0.7175717525234485, 0.9972738381175263)",1,47122
"(0.6717867866451712, 0.9972738381175263)",2,47124
"(0.754858950994775, 0.9972738381175263)",3,47127
"(0.644056147781128, 0.9972738381175263)",1,47128
"(0.6662208838000212, 0.9972738381175263)",1,47129
"(0.7297512992459785, 0.9972738381175263)",1,47130
"(0.7756447231374622, 0.9972738381175263)",1,47131
"(0.665133579620658, 0.9972738381175263)",4,47135
"(0.7310802194155018, 0.9972738380322964)",1,47136
"(0.620825044135961, 0.9972738323928446)",1,47137
"(0.6591774410577693, 0.9972738296371476)",2,47139
"(0.6272550899386924, 0.9972738296371476)",1,47140
"(0.6304676413719826, 0.9972738296371476)",1,47141
"(0.6437488423536523, 0.9972738296371476)",1,47142
"(0.6461240053307601, 0.9972738296371476)",1,47143
"(0.6593836757340709, 0.9972738296371476)",1,47144
"(0.6677355095225639, 0.9972738296371476)",1,47145
"(0.7076656546919518, 0.9972738296371476)",1,47146
"(0.6581060330996545, 0.9972738296371476)",1,47147
"(0.7687856874160781, 0.9972738296371476)",1,47148
"(0.6859628554869484, 0.9972738296371476)",1,47149
"(0.6426347913477714, 0.9972737868080312)",1,47150
"(0.7131265217107207, 0.9972737699314465)",1,47151
"(0.7687856874160781, 0.9972727244318004)",1,47152
"(0.7021845491609431, 0.9972727215908735)",1,47153
"(0.6711588403561555, 0.9972727215908735)",1,47154
"(0.7096062381020569, 0.9972727215908735)",1,47155
"(0.6803982984504358, 0.9972727215908735)",1,47156
"(0.7042349217106244, 0.99727271590902)",2,47158
"(0.735358791776077, 0.99727271590902)",3,47161
"(0.6847442749929737, 0.99727271590902)",1,47162
"(0.7056694843088258, 0.99727271590902)",1,47163
"(0.6437488423536523, 0.99727271590902)",1,47164
"(0.6404193515489823, 0.99727271590902)",1,47165
"(0.7109182858091935, 0.9972727130680932)",1,47166
"(0.620825044135961, 0.9972727130680932)",1,47167
"(0.6585885239934335, 0.9972727130680932)",1,47168
"(0.652300297190229, 0.9972727130680932)",1,47169
"(0.7131265217107207, 0.9972727130680932)",1,47170
"(0.665133579620658, 0.9972727130680932)",1,47171
"(0.6457330060821886, 0.9972727074286412)",2,47173
"(0.706370214842381, 0.9972727074286412)",1,47174
"(0.6622598208843227, 0.9972727074286412)",1,47175
"(0.7149565408467913, 0.9972727074286412)",1,47176
"(0.7848602813784739, 0.9972727074286412)",1,47177
"(0.754858950994775, 0.9972727045877144)",1,47178
"(0.6457330060821886, 0.9972727045877144)",1,47179
"(0.706370214842381, 0.9972727045877144)",1,47180
"(0.6585885239934335, 0.9972727045877144)",1,47181
"(0.7002982211439487, 0.9972727045877144)",1,47182
"(0.7096062381020569, 0.9972726988630328)",1,47183
"(0.6678316509419803, 0.9972726789761188)",1,47184
"(0.6859628554869484, 0.9972726789761188)",1,47185
"(0.5774652707809769, 0.9972726789761188)",1,47186
"(0.735358791776077, 0.9972726789761188)",1,47187
"(0.7417636540805025, 0.9972726789761188)",1,47188
"(0.6691625420766785, 0.9972726789761188)",1,47189
"(0.706370214842381, 0.9972726620995338)",1,47190
"(0.6706230069745698, 0.9972715766973544)",1,47191
"(0.6437488423536523, 0.9972715766973544)",1,47192
"(0.6962148878274111, 0.9972715766973544)",1,47193
"(0.6593836757340709, 0.9972715766973544)",2,47195
"(0.5774652707809769, 0.9972715766973544)",2,47197
"(0.6514767615834928, 0.9972715766973544)",1,47198
"(0.7042349217106244, 0.9972715766973544)",1,47199
"(0.7306202049791638, 0.9972715766973544)",1,47200
"(0.6304676413719826, 0.9972715567252104)",1,47201
"(0.7016854780217827, 0.9972715567252104)",1,47202
"(0.6272550899386924, 0.9972715567252104)",1,47203
"(0.7042349217106244, 0.9972715567252104)",1,47204
"(0.6606979783908788, 0.9972715567252104)",1,47205
"(0.7494531261728058, 0.9972715482448316)",1,47206
"(0.6457330060821886, 0.9972715482448316)",1,47207
"(0.7848602813784739, 0.9972715482448316)",1,47208
"(0.7002982211439487, 0.9972715482448316)",1,47209
"(0.6567110313162554, 0.9972715482448316)",1,47210
"(0.754858950994775, 0.9972715482448316)",1,47211
"(0.6426347913477714, 0.9972715482448316)",1,47212
"(0.6585885239934335, 0.9972715482448316)",1,47213
"(0.607301606858416, 0.9972715482448316)",1,47214
"(0.6717867866451712, 0.9972715482448316)",1,47215
"(0.7310802194155018, 0.9972715482448316)",1,47216
"(0.7687856874160781, 0.9972715228878682)",1,47217
"(0.6691625420766785, 0.9972715171631864)",1,47218
"(0.7243493664307722, 0.9972715171631864)",1,47219
"(0.7016854780217827, 0.9972715085112748)",1,47220
"(0.5988678770366108, 0.9972704260363252)",1,47221
"(0.7149565408467913, 0.997269189585122)",1,47222
"(0.7131265217107207, 0.9972691811889156)",1,47223
"(0.2372024545510323, 0.996978745123774)",3,47226
"(0.6090651266678423, 0.996978745123774)",1,47227
"(0.7858609875265303, 0.996978745123774)",1,47228
"(0.602662742458966, 0.996978745123774)",3,47231
"(0.4268899127926591, 0.9969757477523684)",2,47233
"(0.419237903544084, 0.9969757477523684)",3,47236
"(0.5685989470330658, 0.9969757477523684)",1,47237
"(0.4525211933060535, 0.9969757477523684)",1,47238
"(0.2309709141375595, 0.9969757477523684)",1,47239
"(0.4337472035794183, 0.9969757477523684)",2,47241
"(0.6000014702169422, 0.9969757477523684)",1,47242
"(0.4957093292502148, 0.9969757477523684)",3,47245
"(0.2184301094356221, 0.9969757477523684)",2,47247
"(0.5235735740769297, 0.996972731745028)",1,47248
"(0.7397465592662823, 0.996972731745028)",1,47249
"(0.5592924417056326, 0.996972731745028)",1,47250
"(0.5981266189834885, 0.996972731745028)",2,47252
"(0.2214665086585351, 0.996972731745028)",3,47255
"(0.6435039149365576, 0.996972731745028)",1,47256
"(0.2509635371805914, 0.996972731745028)",3,47259
"(0.5169410170491575, 0.996972731745028)",3,47262
"(0.4012260196502799, 0.996969696969697)",2,47264
"(0.3860590631364562, 0.996969696969697)",6,47270
"(0.2672914952175105, 0.996969696969697)",3,47273
"(0.5166972147349506, 0.996969696969697)",2,47275
"(0.6759040330903159, 0.996969696969697)",1,47276
"(0.6877902557095289, 0.996969696969697)",1,47277
"(0.5450348040348041, 0.996969696969697)",1,47278
"(0.6040339402207299, 0.996969696969697)",1,47279
"(0.6735455459483788, 0.996969696969697)",1,47280
"(0.2517239928426216, 0.996969696969697)",1,47281
"(0.6435039149365576, 0.996969696969697)",2,47283
"(0.2184301094356221, 0.99696664329301)",1,47284
"(0.2869390650039579, 0.99696664329301)",1,47285
"(0.5169410170491575, 0.99696664329301)",3,47288
"(0.4936062160591765, 0.99696664329301)",1,47289
"(0.544915263097564, 0.99696664329301)",1,47290
"(0.6011178661408698, 0.99696664329301)",1,47291
"(0.5315938119639068, 0.99696664329301)",2,47293
"(0.6096721354739468, 0.99696664329301)",3,47296
"(0.7350777099102015, 0.99696664329301)",2,47298
"(0.5166972147349506, 0.99696664329301)",1,47299
"(0.4631616549920088, 0.99696664329301)",3,47302
"(0.2520817505905556, 0.99696664329301)",1,47303
"(0.4525211933060535, 0.99696664329301)",3,47306
"(0.7460630399100241, 0.9969635705802744)",3,47309
"(0.2214665086585351, 0.9969635705802744)",3,47312
"(0.5240189293380408, 0.9969635705802744)",2,47314
"(0.4775277477297871, 0.9969635705802744)",2,47316
"(0.3865130008203705, 0.9969635705802744)",3,47319
"(0.4546676605521106, 0.9969635705802744)",3,47322
"(0.2931523504561579, 0.9969635705802744)",3,47325
"(0.6108760330578512, 0.9969635705802744)",1,47326
"(0.419237903544084, 0.9969635705802744)",1,47327
"(0.5142655348168222, 0.9969635705802744)",1,47328
"(0.59638347550428, 0.9969635705802744)",1,47329
"(0.4633466015586465, 0.9969635705802744)",1,47330
"(0.6435039149365576, 0.9969635705802744)",1,47331
"(0.4609816352782865, 0.9969635705802744)",2,47333
"(0.6050868628167587, 0.9969635705802744)",3,47336
"(0.3974337753332183, 0.9969635705802744)",3,47339
"(0.5169470317739897, 0.9969635705802744)",1,47340
"(0.5191356753598758, 0.9969635705802744)",1,47341
"(0.4743478079735079, 0.9969604786954545)",1,47342
"(0.7347448804741066, 0.9969604786954545)",2,47344
"(0.2869390650039579, 0.9969604786954545)",3,47347
"(0.3506832674571805, 0.9969604786954545)",3,47350
"(0.5169410170491575, 0.9969604786954545)",2,47352
"(0.5204993238647946, 0.9969604786954545)",1,47353
"(0.2104254576695934, 0.9969604786954545)",1,47354
"(0.5005466528962331, 0.9969604786954545)",1,47355
"(0.5668351162239414, 0.9969604786954545)",1,47356
"(0.6025384620441595, 0.9969604786954545)",1,47357
"(0.5521709560790242, 0.9969604786954545)",1,47358
"(0.5974752315218187, 0.9969604786954545)",1,47359
"(0.5750629311033884, 0.9969604786954545)",1,47360
"(0.4337472035794183, 0.9969604786954545)",1,47361
"(0.514585158944719, 0.9969604786954545)",3,47364
"(0.6579298927459657, 0.9969604786954545)",1,47365
"(0.304184857695496, 0.9969604786954545)",1,47366
"(0.4632547082040988, 0.9969604786954545)",1,47367
"(0.5277652279377781, 0.9969604786954545)",2,47369
"(0.3302862574369368, 0.9969604786954545)",3,47372
"(0.3703280442697561, 0.9969604786954545)",1,47373
"(0.6800130179603725, 0.9969604786954545)",2,47375
"(0.493185354223825, 0.9969604786954545)",2,47377
"(0.4776877676981033, 0.9969604786954545)",1,47378
"(0.6011178661408698, 0.9969604786954545)",1,47379
"(0.3929204539802519, 0.9969604786954545)",1,47380
"(0.599744651595403, 0.9969604786954545)",1,47381
"(0.5166972147349506, 0.9969604786954545)",1,47382
"(0.7218114213846213, 0.9969573675011548)",1,47383
"(0.564922563324656, 0.9969573675011548)",1,47384
"(0.5932092007364075, 0.9969573675011548)",1,47385
"(0.5916005291005291, 0.9969573675011548)",1,47386
"(0.6050868628167587, 0.9969573675011548)",1,47387
"(0.3302862574369368, 0.9969573675011548)",3,47390
"(0.4670357941834451, 0.9969573675011548)",3,47393
"(0.3865130008203705, 0.9969573675011548)",2,47395
"(0.4957093292502148, 0.9969573675011548)",3,47398
"(0.5159978271811663, 0.9969573675011548)",1,47399
"(0.4525211933060535, 0.9969573675011548)",1,47400
"(0.3965551056192914, 0.9969573675011548)",3,47403
"(0.4795837122630575, 0.9969573675011548)",1,47404
"(0.5398840942160625, 0.9969573675011548)",1,47405
"(0.4777955536474655, 0.9969573675011548)",1,47406
"(0.4937125269096371, 0.9969573675011548)",1,47407
"(0.493185354223825, 0.9969573675011548)",1,47408
"(0.476767449342614, 0.9969573675011548)",1,47409
"(0.5138165509259259, 0.9969573675011548)",3,47412
"(0.5135815048525069, 0.9969573675011548)",1,47413
"(0.3918495706148258, 0.9969573675011548)",3,47416
"(0.2309709141375595, 0.9969573675011548)",1,47417
"(0.4497336854186499, 0.9969573675011548)",1,47418
"(0.1884619155493628, 0.9969573675011548)",1,47419
"(0.5469648740045486, 0.9969573675011548)",3,47422
"(0.4076247491511041, 0.9969573675011548)",1,47423
"(0.4755355605353038, 0.9969573675011548)",1,47424
"(0.6460231360441068, 0.9969573675011548)",1,47425
"(0.5578924994108273, 0.9969573675011548)",1,47426
"(0.5916573432219518, 0.9969573675011548)",1,47427
"(0.7135473163103189, 0.9969573675011548)",1,47428
"(0.2710113076866549, 0.9969573675011548)",1,47429
"(0.2214665086585351, 0.9969573675011548)",1,47430
"(0.4827612185184173, 0.9969573675011548)",1,47431
"(0.5978053951367237, 0.9969573675011548)",1,47432
"(0.5261709490066349, 0.9969573675011548)",1,47433
"(0.2372024545510323, 0.9969573675011548)",1,47434
"(0.5734466317588319, 0.9969573675011548)",4,47438
"(0.304184857695496, 0.9969573675011548)",1,47439
"(0.6435039149365576, 0.9969573675011548)",2,47441
"(0.5465607854790808, 0.9969573675011548)",3,47444
"(0.711778806550463, 0.9969573675011548)",1,47445
"(0.5151897052695996, 0.9969573675011548)",3,47448
"(0.5349448432585369, 0.9969573675011548)",3,47451
"(0.3944271295930922, 0.9969573675011548)",3,47454
"(0.3690581214322782, 0.9969573675011548)",1,47455
"(0.3929204539802519, 0.9969573675011548)",1,47456
"(0.5680245864444272, 0.9969573675011548)",3,47459
"(0.5548787272151094, 0.9969573675011548)",3,47462
"(0.5451899418331657, 0.9969573675011548)",3,47465
"(0.3388635816579241, 0.9969573675011548)",3,47468
"(0.2184301094356221, 0.9969573675011548)",2,47470
"(0.4990204708059675, 0.9969573675011548)",4,47474
"(0.5126865457302712, 0.9969573675011548)",1,47475
"(0.5081592004685413, 0.9969573675011548)",3,47478
"(0.5173573838463876, 0.9969573675011548)",3,47481
"(0.3188477500068535, 0.9969573675011548)",1,47482
"(0.6070991828496547, 0.9969573675011548)",1,47483
"(0.4130211680123674, 0.9969573675011548)",1,47484
"(0.5259912686183872, 0.9969573675011548)",2,47486
"(0.3703280442697561, 0.9969573675011548)",1,47487
"(0.5928342620051786, 0.9969573675011548)",3,47490
"(0.6962461114805364, 0.9969573675011548)",3,47493
"(0.4012260196502799, 0.9969573675011548)",1,47494
"(0.2954225865399132, 0.9969573675011548)",2,47496
"(0.3022368284830889, 0.9969573675011548)",1,47497
"(0.7306729085863257, 0.9969573675011548)",6,47503
"(0.5176663811175343, 0.9969573675011548)",3,47506
"(0.5915486782249667, 0.9969573675011548)",1,47507
"(0.6548434461717655, 0.996831470142836)",3,47510
"(0.6740039409858363, 0.996831470142836)",1,47511
"(0.5560429611229252, 0.996831470142836)",2,47513
"(0.6630394611865931, 0.996831470142836)",4,47517
"(0.663500603283054, 0.996831470142836)",1,47518
"(0.6818986987869539, 0.996831470142836)",1,47519
"(0.6275034785075566, 0.996831470142836)",1,47520
"(0.6551863914173489, 0.996831470142836)",1,47521
"(0.7013568257681949, 0.996831470142836)",1,47522
"(0.5782855852974957, 0.996831470142836)",1,47523
"(0.7048502036094806, 0.996831470142836)",1,47524
"(0.7169344572257821, 0.996831470142836)",1,47525
"(0.6282554116314987, 0.996830325206489)",1,47526
"(0.6551863914173489, 0.9968282626923934)",1,47527
"(0.6282554116314987, 0.9968282626923934)",1,47528
"(0.630220128560698, 0.9968282626923934)",1,47529
"(0.7031237691231105, 0.9968282626923934)",1,47530
"(0.7013568257681949, 0.9968282626923934)",1,47531
"(0.5782855852974957, 0.9968282626923934)",1,47532
"(0.6052404134340881, 0.9968282626923934)",1,47533
"(0.6752157640658086, 0.9968282626923934)",1,47534
"(0.6193396501932297, 0.9968282626923934)",1,47535
"(0.7013568257681949, 0.9968282209171216)",1,47536
"(0.5714844737062109, 0.9968280092906656)",1,47537
"(0.6799104548742957, 0.9968280092906656)",1,47538
"(0.5782855852974957, 0.9968280092906656)",1,47539
"(0.5996697577905377, 0.9968280092906656)",1,47540
"(0.7013568257681949, 0.9968280092906656)",1,47541
"(0.5714844737062109, 0.996827117756046)",1,47542
"(0.6193396501932297, 0.996827117756046)",1,47543
"(0.5714844737062109, 0.9968270674151656)",1,47544
"(0.6799104548742957, 0.9968259728196988)",2,47546
"(0.7080588785773374, 0.9968259728196988)",1,47547
"(0.6911049515248773, 0.9968259728196988)",1,47548
"(0.674876805214565, 0.9968259728196988)",1,47549
"(0.6421849042019427, 0.9968259728196988)",1,47550
"(0.6275034785075566, 0.9968259728196988)",3,47553
"(0.5996697577905377, 0.9968259728196988)",1,47554
"(0.6859336554097221, 0.9968259728196988)",1,47555
"(0.5782855852974957, 0.9968259728196988)",1,47556
"(0.7169344572257821, 0.9968259728196988)",1,47557
"(0.5560429611229252, 0.9968259728196988)",1,47558
"(0.5714844737062109, 0.9968259138269066)",1,47559
"(0.6052404134340881, 0.9968259138269066)",1,47560
"(0.5909709016409932, 0.9968259138269066)",1,47561
"(0.6871111895322293, 0.9968259138269066)",1,47562
"(0.6818986987869539, 0.9968259138269066)",1,47563
"(0.674876805214565, 0.9968249152801772)",1,47564
"(0.7687856874160781, 0.9968247774561678)",1,47565
"(0.7169344572257821, 0.996823824026105)",1,47566
"(0.5714844737062109, 0.996823824026105)",1,47567
"(0.6911049515248773, 0.996823824026105)",1,47568
"(0.6421849042019427, 0.996823824026105)",2,47570
"(0.7060625116896249, 0.996823824026105)",1,47571
"(0.7080588785773374, 0.996823824026105)",1,47572
"(0.560091621611619, 0.996823824026105)",1,47573
"(0.6551863914173489, 0.996823824026105)",1,47574
"(0.6723708925271105, 0.996823824026105)",1,47575
"(0.6052404134340881, 0.996823824026105)",2,47577
"(0.6799104548742957, 0.996823790230744)",1,47578
"(0.7080588785773374, 0.9968237873898173)",1,47579
"(0.6859336554097221, 0.99682269893427)",1,47580
"(0.6859336554097221, 0.9968226848144396)",1,47581
"(0.6359794279128134, 0.9968226848144396)",1,47582
"(0.6859336554097221, 0.996822679089758)",1,47583
"(0.6871111895322293, 0.996822679089758)",1,47584
"(0.6593836757340709, 0.9968226510190784)",1,47585
"(0.735358791776077, 0.9968226173060012)",1,47586
"(0.7013568257681949, 0.996822523590804)",1,47587
"(0.6706230069745698, 0.9968213166039972)",1,47588
"(0.7417636540805025, 0.9968213166039972)",1,47589
"(0.6304676413719826, 0.9968213166039972)",1,47590
"(0.7306202049791638, 0.9968213166039972)",1,47591
"(0.6911049515248773, 0.996820443195952)",1,47592
"(0.6691625420766785, 0.996820443195952)",1,47593
"(0.6426347913477714, 0.996820440355025)",1,47594
"(0.607301606858416, 0.9968204205533407)",1,47595
"(0.7149565408467913, 0.9968204205533407)",1,47596
"(0.6717867866451712, 0.9968204205533407)",1,47597
"(0.6591774410577693, 0.9968204092320352)",1,47598
"(0.6690834390484042, 0.9968204092320352)",1,47599
"(0.7131265217107207, 0.9968204065176828)",1,47600
"(0.6585885239934335, 0.9968204065176828)",1,47601
"(0.6585885239934335, 0.9968204006664266)",1,47602
"(0.6404193515489823, 0.996820361146384)",1,47603
"(0.6690834390484042, 0.996820361146384)",1,47604
"(0.7306202049791638, 0.996820361146384)",1,47605
"(0.7016854780217827, 0.996820361146384)",1,47606
"(0.6606979783908788, 0.996820355421702)",1,47607
"(0.7756359632696596, 0.9968203240841408)",1,47608
"(0.6567110313162554, 0.9968193068252132)",1,47609
"(0.754858950994775, 0.9968193068252132)",1,47610
"(0.7056694843088258, 0.9968193040266884)",1,47611
"(0.6591774410577693, 0.9968193039842864)",1,47612
"(0.6437488423536523, 0.9968193039842864)",1,47613
"(0.6690834390484042, 0.9968193039842864)",1,47614
"(0.7306202049791638, 0.9968193039842864)",1,47615
"(0.6593836757340709, 0.9968193039842864)",1,47616
"(0.657844363527917, 0.9968193039842864)",1,47617
"(0.6859628554869484, 0.9968193039842864)",1,47618
"(0.7016854780217827, 0.9968193039842864)",1,47619
"(0.706370214842381, 0.9968193011857616)",1,47620
"(0.734163054769828, 0.9968193011857616)",1,47621
"(0.7131265217107207, 0.9968193011857616)",1,47622
"(0.6244260158152465, 0.9968193011857616)",1,47623
"(0.6426347913477714, 0.9968193011857616)",1,47624
"(0.7175192115841101, 0.9968193011857616)",2,47626
"(0.6476233190170814, 0.9968193011857616)",1,47627
"(0.6224465931847978, 0.9968193011857616)",1,47628
"(0.7848602813784739, 0.9968193011857616)",1,47629
"(0.6390957895666531, 0.9968193011857616)",1,47630
"(0.734163054769828, 0.9968192983024324)",1,47631
"(0.604912611842116, 0.9968192926629807)",1,47632
"(0.7002982211439487, 0.9968192926629807)",1,47633
"(0.7109182858091935, 0.9968192926629807)",1,47634
"(0.6585885239934335, 0.9968192926629807)",1,47635
"(0.7310802194155018, 0.9968192926629807)",1,47636
"(0.706370214842381, 0.9968192926629807)",1,47637
"(0.6717867866451712, 0.9968192926629807)",1,47638
"(0.7756359632696596, 0.9968192926629807)",1,47639
"(0.7175717525234485, 0.9968192926629807)",1,47640
"(0.6567110313162554, 0.9968192926629807)",1,47641
"(0.620825044135961, 0.9968192926629807)",1,47642
"(0.644056147781128, 0.9968192926629807)",1,47643
"(0.6426347913477714, 0.9968192926629807)",1,47644
"(0.6622598208843227, 0.9968192926629807)",1,47645
"(0.7595184459263826, 0.9968192926629807)",2,47647
"(0.7241265800489103, 0.9968192869382992)",1,47648
"(0.7841701099038345, 0.9968192869382988)",1,47649
"(0.6690834390484042, 0.996819284182602)",1,47650
"(0.6404193515489823, 0.9968192813416752)",1,47651
"(0.7310802194155018, 0.9968192756169936)",1,47652
"(0.7595184459263826, 0.9968192644650904)",1,47653
"(0.754858950994775, 0.9968192557300796)",1,47654
"(0.7131265217107207, 0.9968192557300796)",1,47655
"(0.7241265800489103, 0.9968192557300796)",1,47656
"(0.6457330060821886, 0.9968192557300796)",1,47657
"(0.620825044135961, 0.9968192557300796)",1,47658
"(0.7096062381020569, 0.9968192557300796)",1,47659
"(0.7175717525234485, 0.9968192557300796)",1,47660
"(0.7756447231374622, 0.9968192557300796)",1,47661
"(0.7297512992459785, 0.9968192557300796)",1,47662
"(0.607301606858416, 0.9968192557300796)",1,47663
"(0.7494531261728058, 0.9968192557300796)",1,47664
"(0.7848602813784739, 0.9968192557300796)",2,47666
"(0.665133579620658, 0.9968192557300796)",1,47667
"(0.6602661303355403, 0.9968192557300796)",1,47668
"(0.7025512126659443, 0.9968192557300796)",1,47669
"(0.706370214842381, 0.9968192557300796)",1,47670
"(0.7042349217106244, 0.996818178977255)",1,47671
"(0.6706230069745698, 0.9968181647726206)",1,47672
"(0.607301606858416, 0.9968181619740956)",1,47673
"(0.7595184459263826, 0.9968181619740956)",1,47674
"(0.5774652707809769, 0.996818156292242)",1,47675
"(0.7687856874160781, 0.9968181449709366)",1,47676
"(0.6678316509419803, 0.9968181449709366)",1,47677
"(0.6272550899386924, 0.9968181449709366)",1,47678
"(0.7016854780217827, 0.9968181449709366)",1,47679
"(0.7016854780217827, 0.9968181335215732)",1,47680
"(0.6304676413719826, 0.9968181335215732)",1,47681
"(0.573097307943531, 0.9968181335215732)",1,47682
"(0.7056694843088258, 0.9968181335215732)",1,47683
"(0.657844363527917, 0.9968181335215732)",1,47684
"(0.6437488423536523, 0.9968181335215732)",1,47685
"(0.6404193515489823, 0.9968181335215732)",2,47687
"(0.6691625420766785, 0.9968181335215732)",2,47689
"(0.7042349217106244, 0.9968181335215732)",3,47692
"(0.7202784489233017, 0.9968181335215732)",1,47693
"(0.7306202049791638, 0.9968181335215732)",1,47694
"(0.6593836757340709, 0.9968181335215732)",1,47695
"(0.6671970601839035, 0.9968181335215732)",1,47696
"(0.6690834390484042, 0.9968181335215732)",1,47697
"(0.6272550899386924, 0.9968181335215732)",1,47698
"(0.7638995115082912, 0.9968181335215732)",2,47700
"(0.695774827215779, 0.9968181335215732)",1,47701
"(0.7417636540805025, 0.9968181335215732)",1,47702
"(0.6706230069745698, 0.9968181335215732)",2,47704
"(0.7687856874160781, 0.9968181335215732)",2,47706
"(0.6678316509419803, 0.9968181335215732)",1,47707
"(0.735358791776077, 0.9968181335215732)",1,47708
"(0.7848602813784739, 0.996818128094352)",1,47709
"(0.6428143055145578, 0.9968181278397196)",1,47710
"(0.657844363527917, 0.996818119359341)",1,47711
"(0.7042349217106244, 0.9968180511291544)",1,47712
"(0.7417636540805025, 0.9968180511291544)",1,47713
"(0.6581060330996545, 0.9968180511291544)",1,47714
"(0.6677355095225639, 0.9968180432852936)",1,47715
"(0.6706230069745698, 0.9968180432852936)",1,47716
"(0.7056694843088258, 0.9968180432852936)",1,47717
"(0.6591774410577693, 0.9968180289087)",1,47718
"(0.6272550899386924, 0.9968180289087)",1,47719
"(0.7417636540805025, 0.9968170397655896)",1,47720
"(0.6591774410577693, 0.9968170397655896)",1,47721
"(0.6404193515489823, 0.9968170397655896)",1,47722
"(0.7297512992459785, 0.9968170227624302)",1,47723
"(0.706370214842381, 0.9968170227624302)",1,47724
"(0.7175717525234485, 0.996817008600198)",1,47725
"(0.7096062381020569, 0.9968170027902862)",1,47726
"(0.652300297190229, 0.9968170027902862)",1,47727
"(0.7595184459263826, 0.9968170027902862)",2,47729
"(0.6691625420766785, 0.9968169968940712)",1,47730
"(0.6404193515489823, 0.9968169943099076)",1,47731
"(0.7372691428602899, 0.9968169943099076)",1,47732
"(0.5774652707809769, 0.9968169943099076)",1,47733
"(0.6690834390484042, 0.9968169943099076)",1,47734
"(0.6706230069745698, 0.9968169943099076)",1,47735
"(0.6461240053307601, 0.9968169943099076)",1,47736
"(0.695774827215779, 0.9968169943099076)",1,47737
"(0.657844363527917, 0.9968169943099076)",2,47739
"(0.7417636540805025, 0.9968169943099076)",2,47741
"(0.7243493664307722, 0.9968169943099076)",3,47744
"(0.7202784489233017, 0.9968169943099076)",1,47745
"(0.6690834390484042, 0.996816857929224)",1,47746
"(0.7243493664307722, 0.9968158805817798)",1,47747
"(0.7700694846065926, 0.996815877740853)",1,47748
"(0.657844363527917, 0.9968158720589996)",1,47749
"(0.754858950994775, 0.9968157981049784)",1,47750
"(0.7356286908760336, 0.9968157981049784)",1,47751
"(0.7175717525234485, 0.9968157981049784)",1,47752
"(0.7310802194155018, 0.9968146786108244)",1,47753
"(0.6593836757340709, 0.996813528204428)",1,47754
"(0.6514767615834928, 0.9968124200315794)",1,47755
"(0.5891971035837016, 0.996606107339718)",1,47756
"(0.6211534794826514, 0.996606107339718)",1,47757
"(0.2520817505905556, 0.9966027664696536)",1,47758
"(0.3262466548275309, 0.9965994048542804)",2,47760
"(0.5891971035837016, 0.9965994048542804)",1,47761
"(0.5943528693528694, 0.9965994048542804)",1,47762
"(0.7261814100818125, 0.9965994048542804)",1,47763
"(0.4009727434617732, 0.9965994048542804)",1,47764
"(0.1036822132246005, 0.9965994048542804)",1,47765
"(0.6576105142655866, 0.9965960223472146)",1,47766
"(0.4009727434617732, 0.9965960223472146)",2,47768
"(0.4566269759061861, 0.9965960223472146)",2,47770
"(0.2184301094356221, 0.9965960223472146)",2,47772
"(0.6142380146189402, 0.9965960223472146)",2,47774
"(0.1725451185121838, 0.9965960223472146)",3,47777
"(0.7261814100818125, 0.996592618800624)",1,47778
"(0.5951215675790986, 0.996592618800624)",1,47779
"(0.6759040330903159, 0.996592618800624)",1,47780
"(0.3317695658368551, 0.996592618800624)",3,47783
"(0.5245686342987251, 0.996592618800624)",1,47784
"(0.503514376678064, 0.996592618800624)",2,47786
"(0.4743478079735079, 0.996592618800624)",3,47789
"(0.6008953168044077, 0.996592618800624)",1,47790
"(0.4971911339651811, 0.9965891940652114)",3,47793
"(0.4633466015586465, 0.9965891940652114)",1,47794
"(0.4795837122630575, 0.9965891940652114)",3,47797
"(0.5916005291005291, 0.9965891940652114)",1,47798
"(0.5939549490228829, 0.9965891940652114)",1,47799
"(0.3262466548275309, 0.9965891940652114)",3,47802
"(0.4822651515151516, 0.9965891940652114)",2,47804
"(0.5259912686183872, 0.9965891940652114)",1,47805
"(0.6460231360441068, 0.9965891940652114)",2,47807
"(0.7742295620819575, 0.9965857479901964)",2,47809
"(0.3354976707716434, 0.9965857479901964)",6,47815
"(0.6052212368618619, 0.9965857479901964)",1,47816
"(0.2184301094356221, 0.9965857479901964)",1,47817
"(0.5780660682584178, 0.9965857479901964)",3,47820
"(0.5450348040348041, 0.9965857479901964)",3,47823
"(0.6560520437793165, 0.9965857479901964)",1,47824
"(0.7045138786538933, 0.9965857479901964)",1,47825
"(0.1808771236817465, 0.9965857479901964)",2,47827
"(0.3841590381665586, 0.9965857479901964)",3,47830
"(0.5592924417056326, 0.9965857479901964)",1,47831
"(0.5668351162239414, 0.9965857479901964)",1,47832
"(0.2573753482290067, 0.9965857479901964)",3,47835
"(0.5891971035837016, 0.9965857479901964)",3,47838
"(0.4670357941834451, 0.9965822804232966)",1,47839
"(0.7460630399100241, 0.9965822804232966)",1,47840
"(0.5191356753598758, 0.9965822804232966)",1,47841
"(0.563035225158132, 0.9965822804232966)",1,47842
"(0.5398840942160625, 0.9965822804232966)",2,47844
"(0.6430200463634697, 0.9965822804232966)",1,47845
"(0.5478924718653392, 0.9965822804232966)",1,47846
"(0.2104254576695934, 0.9965822804232966)",1,47847
"(0.5159978271811663, 0.9965822804232966)",1,47848
"(0.6460231360441068, 0.9965822804232966)",1,47849
"(0.5477955228250537, 0.9965822804232966)",1,47850
"(0.3067412107187314, 0.9965822804232966)",1,47851
"(0.6142380146189402, 0.9965822804232966)",1,47852
"(0.3618298321342925, 0.9965822804232966)",3,47855
"(0.5073536286909905, 0.9965822804232966)",3,47858
"(0.4525211933060535, 0.9965822804232966)",1,47859
"(0.4497336854186499, 0.9965822804232966)",1,47860
"(0.4632547082040988, 0.9965822804232966)",1,47861
"(0.4495135398715946, 0.9965822804232966)",1,47862
"(0.477671768371638, 0.9965822804232966)",1,47863
"(0.518883018547448, 0.9965822804232966)",3,47866
"(0.5943528693528694, 0.9965822804232966)",2,47868
"(0.6049854216218278, 0.9965822804232966)",1,47869
"(0.3823454664699131, 0.9965822804232966)",1,47870
"(0.6435039149365576, 0.9965822804232966)",2,47872
"(0.4755355605353038, 0.9965787912107092)",1,47873
"(0.711778806550463, 0.9965787912107092)",1,47874
"(0.5066418935372837, 0.9965787912107092)",2,47876
"(0.304184857695496, 0.9965787912107092)",3,47879
"(0.3188477500068535, 0.9965787912107092)",2,47881
"(0.5477955228250537, 0.9965787912107092)",1,47882
"(0.5932092007364075, 0.9965787912107092)",1,47883
"(0.4822651515151516, 0.9965787912107092)",1,47884
"(0.649671983199115, 0.9965787912107092)",3,47887
"(0.4775277477297871, 0.9965787912107092)",2,47889
"(0.2214590876870318, 0.9965787912107092)",2,47891
"(0.3974337753332183, 0.9965787912107092)",1,47892
"(0.331262443438914, 0.9965787912107092)",1,47893
"(0.7521214129188376, 0.9965787912107092)",1,47894
"(0.5292931359082562, 0.9965787912107092)",2,47896
"(0.4633466015586465, 0.9965787912107092)",1,47897
"(0.5123851706036745, 0.9965787912107092)",2,47899
"(0.5353700689511449, 0.9965787912107092)",1,47900
"(0.7218114213846213, 0.9965787912107092)",1,47901
"(0.3262466548275309, 0.9965787912107092)",1,47902
"(0.224271508570455, 0.9965787912107092)",1,47903
"(0.4936062160591765, 0.9965787912107092)",3,47906
"(0.304184857695496, 0.996575280197092)",1,47907
"(0.5353461588384578, 0.996575280197092)",3,47910
"(0.3991357684021978, 0.996575280197092)",1,47911
"(0.2204230963407635, 0.996575280197092)",3,47914
"(0.476767449342614, 0.996575280197092)",1,47915
"(0.5578924994108273, 0.996575280197092)",3,47918
"(0.6019854338794117, 0.996575280197092)",1,47919
"(0.6047607547714982, 0.996575280197092)",1,47920
"(0.7439393939393939, 0.996575280197092)",1,47921
"(0.3974337753332183, 0.996575280197092)",1,47922
"(0.546013779527559, 0.996575280197092)",1,47923
"(0.4632547082040988, 0.996575280197092)",1,47924
"(0.6011178661408698, 0.996575280197092)",2,47926
"(0.3302862574369368, 0.996575280197092)",2,47928
"(0.564922563324656, 0.996575280197092)",1,47929
"(0.5176663811175343, 0.996575280197092)",3,47932
"(0.2372024545510323, 0.996575280197092)",1,47933
"(0.5734466317588319, 0.996575280197092)",1,47934
"(0.71150412917389, 0.996575280197092)",3,47937
"(0.6211534794826514, 0.996575280197092)",2,47939
"(0.5221840311996069, 0.996575280197092)",2,47941
"(0.5113955160358922, 0.996575280197092)",3,47944
"(0.1622580530787919, 0.996575280197092)",1,47945
"(0.5807528241902687, 0.996575280197092)",3,47948
"(0.5353700689511449, 0.996575280197092)",6,47954
"(0.5430875999065339, 0.996575280197092)",3,47957
"(0.4775277477297871, 0.996575280197092)",3,47960
"(0.5405172403210167, 0.996575280197092)",3,47963
"(0.5465607854790808, 0.996575280197092)",3,47966
"(0.3942553050785419, 0.996575280197092)",3,47969
"(0.6460231360441068, 0.996575280197092)",3,47972
"(0.544915263097564, 0.996575280197092)",1,47973
"(0.2214590876870318, 0.996575280197092)",1,47974
"(0.5496794449929138, 0.996575280197092)",1,47975
"(0.3052315202063375, 0.996575280197092)",1,47976
"(0.511612180189574, 0.996575280197092)",3,47979
"(0.2184301094356221, 0.996575280197092)",1,47980
"(0.4076247491511041, 0.996575280197092)",1,47981
"(0.5207596250837986, 0.996575280197092)",1,47982
"(0.518883018547448, 0.996575280197092)",2,47984
"(0.6049854216218278, 0.996575280197092)",1,47985
"(0.5066418935372837, 0.996575280197092)",1,47986
"(0.4012260196502799, 0.996575280197092)",1,47987
"(0.4755355605353038, 0.996575280197092)",2,47989
"(0.3618298321342925, 0.996575280197092)",1,47990
"(0.4130211680123674, 0.996575280197092)",1,47991
"(0.4268899127926591, 0.996575280197092)",1,47992
"(0.5176279025155472, 0.996575280197092)",3,47995
"(0.679403773242835, 0.996575280197092)",3,47998
"(0.7521214129188376, 0.996575280197092)",1,47999
"(0.4777955536474655, 0.996575280197092)",2,48001
"(0.6040339402207299, 0.996575280197092)",1,48002
"(0.5959779257772208, 0.996575280197092)",2,48004
"(0.503514376678064, 0.996575280197092)",1,48005
"(0.6050868628167587, 0.996575280197092)",1,48006
"(0.3188477500068535, 0.996575280197092)",3,48009
"(0.4845066627893052, 0.996575280197092)",1,48010
"(0.5915486782249667, 0.996575280197092)",2,48012
"(0.5684333674913385, 0.996575280197092)",1,48013
"(0.6435039149365576, 0.996575280197092)",1,48014
"(0.2710113076866549, 0.996575280197092)",1,48015
"(0.5715397013354384, 0.996575280197092)",1,48016
"(0.6859336554097221, 0.9963824199573958)",1,48017
"(0.663500603283054, 0.9963824199573958)",1,48018
"(0.5782855852974957, 0.9963801040415724)",1,48019
"(0.7060625116896249, 0.9963769972621598)",2,48021
"(0.6551863914173489, 0.9963769972621598)",1,48022
"(0.5782855852974957, 0.9963769972621598)",1,48023
"(0.6871111895322293, 0.9963769972621598)",1,48024
"(0.6275034785075566, 0.9963769972621598)",1,48025
"(0.6052404134340881, 0.9963769246882908)",1,48026
"(0.5782855852974957, 0.9963766605806188)",1,48027
"(0.5560429611229252, 0.9963758523258126)",1,48028
"(0.6379258268168856, 0.9963757797519436)",1,48029
"(0.5782855852974957, 0.9963757769110168)",1,48030
"(0.6871111895322293, 0.9963757769110168)",1,48031
"(0.6614948058759226, 0.9963737677009252)",1,48032
"(0.7013568257681949, 0.996373717237848)",1,48033
"(0.6871111895322293, 0.9963725436774448)",1,48034
"(0.7080588785773374, 0.996372316058846)",1,48035
"(0.6548434461717655, 0.9963714245242266)",1,48036
"(0.7060625116896249, 0.996371371213288)",1,48037
"(0.6548434461717655, 0.9963702795878794)",1,48038
"(0.6551863914173489, 0.9963692757306328)",1,48039
"(0.6706230069745698, 0.9963691517827492)",1,48040
"(0.6551863914173489, 0.9963681505535678)",1,48041
"(0.6272550899386924, 0.996368139359894)",1,48042
"(0.7149565408467913, 0.9963669803454872)",1,48043
"(0.7243493664307722, 0.9963669407412716)",1,48044
"(0.6691625420766785, 0.996366838924593)",1,48045
"(0.7016854780217827, 0.996366838924593)",1,48046
"(0.6304676413719826, 0.996366838924593)",1,48047
"(0.7306202049791638, 0.996366838924593)",1,48048
"(0.6858874098209818, 0.996366838924593)",1,48049
"(0.6437488423536523, 0.996366838924593)",1,48050
"(0.6514767615834928, 0.996366838924593)",1,48051
"(0.6606979783908788, 0.996366838924593)",1,48052
"(0.7406035737204185, 0.9963658892610276)",1,48053
"(0.6986432795466496, 0.9963658892610276)",1,48054
"(0.754858950994775, 0.9963658806530172)",1,48055
"(0.6858874098209818, 0.9963658609365632)",1,48056
"(0.70721819788673, 0.9963658553384556)",1,48057
"(0.7516932308147547, 0.9963658553384556)",1,48058
"(0.7072192261378917, 0.9963658553384556)",2,48060
"(0.7406035737204185, 0.9963658553384556)",1,48061
"(0.6461240053307601, 0.9963658522857246)",1,48062
"(0.5774652707809769, 0.9963647585297408)",1,48063
"(0.6858874098209818, 0.9963647585297408)",1,48064
"(0.620825044135961, 0.996364755731216)",1,48065
"(0.7149565408467913, 0.996364755731216)",1,48066
"(0.736686906842362, 0.9963647528478872)",1,48067
"(0.7096062381020569, 0.9963647415265816)",1,48068
"(0.7756359632696596, 0.9963647415265816)",1,48069
"(0.620825044135961, 0.9963647415265816)",1,48070
"(0.6567110313162554, 0.9963647414837536)",1,48071
"(0.6707848463201767, 0.9963647358443016)",1,48072
"(0.6569216543528884, 0.9963647358443016)",1,48073
"(0.6671747080470163, 0.9963647358443016)",1,48074
"(0.5947440082040155, 0.9963647358443016)",1,48075
"(0.6305891697575633, 0.9963647358443016)",1,48076
"(0.7516932308147547, 0.9963647358443016)",1,48077
"(0.7147058038434961, 0.9963647358443016)",1,48078
"(0.7737330983423584, 0.9963647358443016)",1,48079
"(0.7494531261728058, 0.9963647358019)",1,48080
"(0.7056694843088258, 0.9963647328757432)",2,48082
"(0.6847442749929737, 0.9963647328757432)",1,48083
"(0.6272550899386924, 0.9963647328757432)",1,48084
"(0.7002982211439487, 0.996364721851472)",1,48085
"(0.7297512992459785, 0.9963647159149857)",1,48086
"(0.6426347913477714, 0.9963647159149857)",1,48087
"(0.6962148878274111, 0.9963647131164608)",1,48088
"(0.6677355095225639, 0.9963647131164608)",1,48089
"(0.6304676413719826, 0.9963647131164608)",1,48090
"(0.5774652707809769, 0.9963647131164608)",1,48091
"(0.7841701099038345, 0.996364710275534)",1,48092
"(0.7002982211439487, 0.996364710275534)",1,48093
"(0.6567110313162554, 0.996364710275534)",1,48094
"(0.6426347913477714, 0.996364710275534)",1,48095
"(0.6662208838000212, 0.996364710275534)",1,48096
"(0.620825044135961, 0.996364710275534)",3,48099
"(0.6457330060821886, 0.996364710275534)",1,48100
"(0.7756359632696596, 0.996364710275534)",1,48101
"(0.7175717525234485, 0.996364710275534)",3,48104
"(0.7149565408467913, 0.996364710275534)",1,48105
"(0.7848602813784739, 0.996364710275534)",1,48106
"(0.7096062381020569, 0.996364710275534)",1,48107
"(0.6717867866451712, 0.996364710275534)",1,48108
"(0.604912611842116, 0.996364710275534)",1,48109
"(0.7310802194155018, 0.996364710275534)",2,48111
"(0.7143009127960802, 0.996364710275534)",1,48112
"(0.7595184459263826, 0.996364710275534)",1,48113
"(0.7025512126659443, 0.996364710275534)",1,48114
"(0.7700694846065926, 0.996364710275534)",1,48115
"(0.736686906842362, 0.9963647018793278)",1,48116
"(0.7202784489233017, 0.9963646764801728)",1,48117
"(0.7417636540805025, 0.9963646764801728)",1,48118
"(0.6847442749929737, 0.9963646764801728)",1,48119
"(0.7172611081136454, 0.9963646764801728)",1,48120
"(0.7687856874160781, 0.9963645072766264)",1,48121
"(0.6847442749929737, 0.9963645072766264)",1,48122
"(0.5774652707809769, 0.996364481276757)",1,48123
"(0.6484274819632211, 0.9963636136357954)",1,48124
"(0.6847442749929737, 0.9963635995163912)",1,48125
"(0.7149565408467913, 0.9963635994311612)",1,48126
"(0.7595184459263826, 0.9963635880246255)",1,48127
"(0.7016854780217827, 0.9963635315438256)",1,48128
"(0.5774652707809769, 0.996363525819144)",2,48130
"(0.7323854542965902, 0.996363525819144)",1,48131
"(0.7243493664307722, 0.996363525819144)",2,48133
"(0.644056147781128, 0.996363505590226)",1,48134
"(0.7756359632696596, 0.996363505590226)",1,48135
"(0.6711588403561555, 0.996363505590226)",1,48136
"(0.6602661303355403, 0.996363505590226)",1,48137
"(0.7687856874160781, 0.996363482946768)",1,48138
"(0.6859336554097221, 0.9963633749774838)",2,48140
"(0.5774652707809769, 0.9963624801064096)",1,48141
"(0.6426347913477714, 0.9963624773078849)",1,48142
"(0.6591774410577693, 0.9963624687422764)",1,48143
"(0.6593836757340709, 0.9963624686570464)",1,48144
"(0.5988678770366108, 0.9963624686570464)",1,48145
"(0.6591774410577693, 0.9963624686570464)",1,48146
"(0.7172611081136454, 0.9963624686570464)",1,48147
"(0.7243493664307722, 0.9963624686570464)",1,48148
"(0.7306202049791638, 0.9963624686570464)",1,48149
"(0.6593836757340709, 0.9963624631456524)",1,48150
"(0.706370214842381, 0.9963623860960724)",1,48151
"(0.7756359632696596, 0.996362377699866)",1,48152
"(0.735358791776077, 0.9963613096436964)",1,48153
"(0.6577953274810918, 0.9963613096436964)",1,48154
"(0.6567110313162554, 0.99636128704243)",1,48155
"(0.7297512992459785, 0.9963612526504328)",1,48156
"(0.6691625420766785, 0.9963601561417408)",1,48157
"(0.6591774410577693, 0.9963601416366576)",1,48158
"(0.6691625420766785, 0.9963601388381328)",1,48159
"(0.7323854542965902, 0.9963601388381328)",1,48160
"(0.6304676413719826, 0.9963601388381328)",1,48161
"(0.7076656546919518, 0.9963601388381328)",1,48162
"(0.6593836757340709, 0.9963601388381328)",1,48163
"(0.7756359632696596, 0.9963601387957308)",1,48164
"(0.476193313409349, 0.9962501582231502)",7,48171
"(0.4724538701233134, 0.9962501582231502)",9,48180
"(0.4606973696770164, 0.9962501582231502)",9,48189
"(0.3930894945067609, 0.9962501582231502)",1,48190
"(0.4933386447129642, 0.9962501582231502)",13,48203
"(0.484731353858467, 0.9962501582231502)",7,48210
"(0.4912575527045726, 0.9962501582231502)",1,48211
"(0.4894591128631123, 0.9962501582231502)",10,48221
"(0.423609375, 0.9962501582231502)",1,48222
"(0.5004274455385378, 0.9962501582231502)",9,48231
"(0.4611605493121345, 0.9962501582231502)",1,48232
"(0.4514795008912656, 0.9962501582231502)",3,48235
"(0.440594458995568, 0.9962501582231502)",10,48245
"(0.4961453064375241, 0.9962501582231502)",1,48246
"(0.4319035504296698, 0.9962501582231502)",13,48259
"(0.4603282383880727, 0.9962501582231502)",2,48261
"(0.5659049245699329, 0.9962501582231502)",1,48262
"(0.4806879036961406, 0.9962501582231502)",1,48263
"(0.4924124152066014, 0.9962501582231502)",1,48264
"(0.5837709181365898, 0.9962501582231502)",1,48265
"(0.5132225849922759, 0.9962501582231502)",1,48266
"(0.5049504801920769, 0.9962501582231502)",14,48280
"(0.506032156862745, 0.9962501582231502)",10,48290
"(0.507482960719107, 0.9962501582231502)",1,48291
"(0.4830767364322945, 0.9962501582231502)",1,48292
"(0.3434871832287562, 0.9962501582231502)",6,48298
"(0.4567442396313363, 0.9962501582231502)",1,48299
"(0.5061654456041751, 0.9962501582231502)",12,48311
"(0.4976057427443008, 0.9962501582231502)",8,48319
"(0.4790513120764785, 0.9962501582231502)",4,48323
"(0.6338192362445959, 0.9962501582231502)",1,48324
"(0.502001702724359, 0.9962501582231502)",7,48331
"(0.4955558486584263, 0.9962501582231502)",3,48334
"(0.6417826357070746, 0.9962501582231502)",1,48335
"(0.4925733396357239, 0.9962501582231502)",15,48350
"(0.5036620294924281, 0.9962501582231502)",3,48353
"(0.6173424881070915, 0.9962501582231502)",1,48354
"(0.4987711467817516, 0.9962501582231502)",10,48364
"(0.492807005588115, 0.9962501582231502)",1,48365
"(0.4921211569947243, 0.9962501582231502)",8,48373
"(0.4499384836938269, 0.9962501582231502)",6,48379
"(0.4706533101045296, 0.9962500878940584)",1,48380
"(0.5137277015799476, 0.9962500878940584)",1,48381
"(0.4987398156700754, 0.9962500644653132)",1,48382
"(0.5082177015724898, 0.9962500644653132)",1,48383
"(0.6204902391719699, 0.9962500644653132)",3,48386
"(0.4609162804468383, 0.9962500644653132)",1,48387
"(0.4051929257846971, 0.9962500644653132)",1,48388
"(0.3930894945067609, 0.9962500644653132)",1,48389
"(0.4935497074925994, 0.9962500644653132)",2,48391
"(0.3434871832287562, 0.9962500644653132)",1,48392
"(0.4921211569947243, 0.9962500644653132)",1,48393
"(0.4958617797724284, 0.9962500644653132)",3,48396
"(0.6259562980551786, 0.9962500644653132)",1,48397
"(0.6397933055933888, 0.9962500644653132)",1,48398
"(0.4847252958987063, 0.9962500644653132)",1,48399
"(0.4919916866987179, 0.9962500644653132)",5,48404
"(0.4925733396357239, 0.9962500644653132)",2,48406
"(0.4590791029805835, 0.9962500644653132)",4,48410
"(0.4862716741329175, 0.9962500644653132)",1,48411
"(0.4571140259616066, 0.9962500644653132)",2,48413
"(0.418728666447884, 0.9962500644653132)",1,48414
"(0.4319035504296698, 0.9962500644653132)",1,48415
"(0.4514795008912656, 0.9962500644653132)",4,48419
"(0.492807005588115, 0.9962500644653132)",4,48423
"(0.4955558486584263, 0.9962500644653132)",2,48425
"(0.6281749655085914, 0.9962500644653132)",1,48426
"(0.6418116964826663, 0.9962500644653132)",3,48429
"(0.4987711467817516, 0.9962500644653132)",1,48430
"(0.5977047503478421, 0.9962500644653132)",2,48432
"(0.507482960719107, 0.9962500644653132)",4,48436
"(0.4363355778830426, 0.9962500644653132)",4,48440
"(0.4603282383880727, 0.9962500644653132)",1,48441
"(0.5009421228446381, 0.9962500644653132)",2,48443
"(0.484646846010113, 0.9962500644653132)",1,48444
"(0.4925285484808521, 0.9962500644653132)",2,48446
"(0.4912575527045726, 0.9962500644653132)",2,48448
"(0.4937776876667119, 0.9962500644653132)",2,48450
"(0.4666099856929945, 0.9962500644653132)",1,48451
"(0.6250748921647628, 0.9962500644653132)",4,48455
"(0.5118812113070996, 0.9962500644653132)",2,48457
"(0.427353566183177, 0.9962500644653132)",3,48460
"(0.6006380389026112, 0.9962500644653132)",1,48461
"(0.5492115341293085, 0.9962500644653132)",1,48462
"(0.6266964640646594, 0.9962500644653132)",3,48465
"(0.4722366884143547, 0.9962500644653132)",1,48466
"(0.617608039964183, 0.9962500644653132)",4,48470
"(0.4923104882535888, 0.9962500644653132)",4,48474
"(0.6085242154650133, 0.9962500644653132)",1,48475
"(0.4543206349718721, 0.9962500410187656)",1,48476
"(0.4710209823222818, 0.9962500410187656)",1,48477
"(0.5417785537283172, 0.9962500410187656)",1,48478
"(0.4983569590990954, 0.9962500410187656)",1,48479
"(0.5659491210913012, 0.9962500410187656)",1,48480
"(0.523953913898508, 0.9962500410187656)",1,48481
"(0.4309305269821175, 0.9962500410187656)",1,48482
"(0.5328818351459862, 0.99624994725895)",2,48484
"(0.5137955338352237, 0.99624994725895)",2,48486
"(0.4815507344306604, 0.99624994725895)",1,48487
"(0.4605548955203019, 0.99624994725895)",3,48490
"(0.5124560439560439, 0.99624994725895)",1,48491
"(0.4877827644322178, 0.99624994725895)",1,48492
"(0.4983569590990954, 0.99624994725895)",1,48493
"(0.4530386103743641, 0.9962499238080056)",1,48494
"(0.4330451959188837, 0.9962499238080056)",1,48495
"(0.617608039964183, 0.9962499238080056)",5,48500
"(0.5009421228446381, 0.9962499238080056)",2,48502
"(0.4722366884143547, 0.9962499238080056)",1,48503
"(0.4407055363375315, 0.9962499238080056)",3,48506
"(0.4923104882535888, 0.9962499238080056)",1,48507
"(0.5977047503478421, 0.9962499238080056)",14,48521
"(0.4787519493971895, 0.9962499238080056)",1,48522
"(0.4790513120764785, 0.9962499238080056)",1,48523
"(0.5153209052589321, 0.9962499238080056)",2,48525
"(0.6281749655085914, 0.9962499238080056)",4,48529
"(0.5839682329833044, 0.9962499238080056)",6,48535
"(0.6006380389026112, 0.9962499238080056)",6,48541
"(0.6397933055933888, 0.9962499238080056)",4,48545
"(0.6418116964826663, 0.9962499238080056)",8,48553
"(0.4958617797724284, 0.9962499238080056)",3,48556
"(0.5492115341293085, 0.9962499238080056)",6,48562
"(0.4673343159733596, 0.9962499238080056)",2,48564
"(0.6404368533365645, 0.9962499238080056)",4,48568
"(0.4955558486584263, 0.9962499238080056)",1,48569
"(0.473482693086143, 0.9962499238080056)",2,48571
"(0.4925285484808521, 0.9962499238080056)",2,48573
"(0.484646846010113, 0.9962499238080056)",2,48575
"(0.4772368473497005, 0.9962499238080056)",5,48580
"(0.6122976080997202, 0.9962499238080056)",5,48585
"(0.4571140259616066, 0.9962499238080056)",3,48588
"(0.4585755850187953, 0.9962499238080056)",2,48590
"(0.5056778729738882, 0.9962499238080056)",4,48594
"(0.5973423423423424, 0.9962499238080056)",6,48600
"(0.531353757109443, 0.9962499238080056)",6,48606
"(0.484731353858467, 0.9962499238080056)",1,48607
"(0.4489727317392728, 0.9962499238080056)",1,48608
"(0.5118812113070996, 0.9962499238080056)",2,48610
"(0.4611605493121345, 0.9962499238080056)",1,48611
"(0.4508193203901878, 0.9962499238080056)",3,48614
"(0.4338421858976735, 0.9962499238080056)",1,48615
"(0.4567442396313363, 0.9962499238080056)",6,48621
"(0.6385207442169525, 0.9962499238080056)",1,48622
"(0.6428642754038717, 0.9962499238080056)",1,48623
"(0.622936876504988, 0.9962499238080056)",1,48624
"(0.6164996491592816, 0.9962499238080056)",6,48630
"(0.6182451420245532, 0.9962499238080056)",1,48631
"(0.4847252958987063, 0.9962499238080056)",1,48632
"(0.4514795008912656, 0.9962499238080056)",2,48634
"(0.5147068703695182, 0.9962499238080056)",1,48635
"(0.4912575527045726, 0.9962499238080056)",1,48636
"(0.6107858585021182, 0.9962499238080056)",1,48637
"(0.5166535087719297, 0.9962499238080056)",1,48638
"(0.5678747591522157, 0.9962499238080056)",8,48646
"(0.4594704236610712, 0.9962499238080056)",5,48651
"(0.3930894945067609, 0.9962499238080056)",1,48652
"(0.4925733396357239, 0.9962499238080056)",1,48653
"(0.4614606379865379, 0.9962499238080056)",1,48654
"(0.6084354171454838, 0.9962499238080056)",9,48663
"(0.4862716741329175, 0.9962499238080056)",8,48671
"(0.4987398156700754, 0.9962499238080056)",1,48672
"(0.4724538701233134, 0.9962499238080056)",1,48673
"(0.4837588747247526, 0.9962499238080056)",9,48682
"(0.4937776876667119, 0.9962499238080056)",4,48686
"(0.6543756204625482, 0.9962499238080056)",4,48690
"(0.5087400188487272, 0.9962499238080056)",4,48694
"(0.6205325386347752, 0.9962499238080056)",3,48697
"(0.6194163158907553, 0.9962499238080056)",10,48707
"(0.6250748921647628, 0.9962499238080056)",7,48714
"(0.5928402485612264, 0.9962499238080056)",3,48717
"(0.4603282383880727, 0.9962499238080056)",3,48720
"(0.612308048781765, 0.9962499238080056)",3,48723
"(0.5659049245699329, 0.9962499238080056)",1,48724
"(0.6250839417720366, 0.9962499238080056)",1,48725
"(0.5553482352941177, 0.9962499238080056)",1,48726
"(0.6414869944621582, 0.9962499238080056)",7,48733
"(0.476193313409349, 0.9962499238080056)",1,48734
"(0.418728666447884, 0.9962499238080056)",4,48738
"(0.4363355778830426, 0.9962499238080056)",1,48739
"(0.5543644441064446, 0.9962498066040608)",1,48740
"(0.5043374631714134, 0.9962498066040608)",1,48741
"(0.5491342894393741, 0.9962498066040608)",1,48742
"(0.4543206349718721, 0.9962498066040608)",3,48745
"(0.537168438406003, 0.9962498066040608)",3,48748
"(0.490841974926482, 0.9962498066040608)",3,48751
"(0.4745854167223723, 0.9962498066040608)",1,48752
"(0.4605548955203019, 0.9962498066040608)",1,48753
"(0.4404857596132053, 0.9962498066040608)",1,48754
"(0.544453125, 0.9962498066040608)",1,48755
"(0.5137277015799476, 0.9962498066040608)",3,48758
"(0.4309305269821175, 0.9962498066040608)",1,48759
"(0.457084982252866, 0.9962498066040608)",4,48763
"(0.4761284434118819, 0.9962498066040608)",3,48766
"(0.5104451023685267, 0.9962498066040608)",1,48767
"(0.5910655737704917, 0.9962498066040608)",1,48768
"(0.5175117080708427, 0.9962498066040608)",1,48769
"(0.35791739504953, 0.9962497362353954)",2,48771
"(0.617608039964183, 0.9962497362353954)",3,48774
"(0.4821925341309934, 0.9962497362353954)",2,48776
"(0.4673343159733596, 0.9962497362353954)",28,48804
"(0.3452883654806731, 0.9962497362353954)",2,48806
"(0.6281749655085914, 0.9962497362353954)",2,48808
"(0.5009421228446381, 0.9962497362353954)",35,48843
"(0.2634891538334161, 0.9962497362353954)",2,48845
"(0.5104449364979797, 0.9962497362353954)",6,48851
"(0.4571140259616066, 0.9962497362353954)",29,48880
"(0.4939198547099723, 0.9962497362353954)",6,48886
"(0.6404368533365645, 0.9962497362353954)",1,48887
"(0.2837469374597034, 0.9962497362353954)",2,48889
"(0.4772368473497005, 0.9962497362353954)",29,48918
"(0.4363355778830426, 0.9962497362353954)",2,48920
"(0.4862716741329175, 0.9962497362353954)",1,48921
"(0.484646846010113, 0.9962497362353954)",27,48948
"(0.4722366884143547, 0.9962497362353954)",28,48976
"(0.4935497074925994, 0.9962497362353954)",30,49006
"(0.492807005588115, 0.9962497362353954)",3,49009
"(0.4585755850187953, 0.9962497362353954)",19,49028
"(0.6397933055933888, 0.9962497362353954)",2,49030
"(0.5035385739196003, 0.9962497362353954)",5,49035
"(0.4119237046167532, 0.9962497362353954)",1,49036
"(0.418728666447884, 0.9962497362353954)",25,49061
"(0.5492115341293085, 0.9962497362353954)",1,49062
"(0.4925285484808521, 0.9962497362353954)",21,49083
"(0.6410208556964654, 0.9962497362353954)",1,49084
"(0.4407055363375315, 0.9962497362353954)",23,49107
"(0.466284859744202, 0.9962497362353954)",1,49108
"(0.4896359390280644, 0.9962497362353954)",36,49144
"(0.4528076427536273, 0.9962497362353954)",2,49146
"(0.5087400188487272, 0.9962497362353954)",27,49173
"(0.4847252958987063, 0.9962497362353954)",3,49176
"(0.4433486178189539, 0.9962497362353954)",1,49177
"(0.531353757109443, 0.9962497362353954)",1,49178
"(0.4508193203901878, 0.9962497362353954)",34,49212
"(0.3684790170303113, 0.9962497362353954)",1,49213
"(0.4594704236610712, 0.9962497362353954)",29,49242
"(0.6006380389026112, 0.9962497362353954)",2,49244
"(0.3583645385294697, 0.9962497362353954)",2,49246
"(0.6800964201047871, 0.9962497362353954)",2,49248
"(0.3347070194752431, 0.9962497362353954)",1,49249
"(0.4338421858976735, 0.9962497362353954)",3,49252
"(0.4837588747247526, 0.9962497362353954)",1,49253
"(0.4129921630094044, 0.9962497362353954)",2,49255
"(0.5608274616256255, 0.9962497362353954)",1,49256
"(0.4603282383880727, 0.9962497362353954)",2,49258
"(0.4625838016860699, 0.9962497362353954)",3,49261
"(0.6250292965423266, 0.9962497362353954)",1,49262
"(0.4961453064375241, 0.9962497362353954)",2,49264
"(0.6428642754038717, 0.9962497362353954)",1,49265
"(0.5678747591522157, 0.9962497362353954)",3,49268
"(0.5465281850765722, 0.9962497362353954)",2,49270
"(0.4094090544871795, 0.9962497362353954)",2,49272
"(0.6277126036299837, 0.9962497362353954)",1,49273
"(0.5068751374411753, 0.9962497362353954)",3,49276
"(0.4897660892896956, 0.9962497362353954)",2,49278
"(0.4741964741332307, 0.9962497362353954)",2,49280
"(0.6543756204625482, 0.9962497362353954)",3,49283
"(0.342700192184497, 0.9962497362353954)",2,49285
"(0.4514795008912656, 0.9962497362353954)",1,49286
"(0.4860887005222129, 0.9962497362353954)",1,49287
"(0.5176879615052418, 0.9962497362353954)",2,49289
"(0.511875, 0.9962497362353954)",1,49290
"(0.4599025241578116, 0.9962497362353954)",3,49293
"(0.454671196003661, 0.9962497362353954)",6,49299
"(0.4530397630468401, 0.9962497362353954)",6,49305
"(0.5342296694992609, 0.9962497362353954)",3,49308
"(0.4705899148246182, 0.9962497362353954)",3,49311
"(0.4595441442230129, 0.9962497362353954)",1,49312
"(0.4844841746794872, 0.9962497362353954)",1,49313
"(0.515742904154669, 0.9962497362353954)",2,49315
"(0.4347647058823529, 0.9962497362353954)",2,49317
"(0.4553345256344744, 0.9962497362353954)",1,49318
"(0.5153209052589321, 0.9962497362353954)",24,49342
"(0.298733755735799, 0.9962497362353954)",2,49344
"(0.6205710053167742, 0.9962497362353954)",1,49345
"(0.5897682709447415, 0.9962497362353954)",2,49347
"(0.6674476779018653, 0.9962497362353954)",2,49349
"(0.3990766952373464, 0.9962497362353954)",2,49351
"(0.3978881224956551, 0.9962497362353954)",3,49354
"(0.6021034358697608, 0.9962497362353954)",2,49356
"(0.3425806328047192, 0.9962497362353954)",2,49358
"(0.5078294820353964, 0.9962497362353954)",3,49361
"(0.490478721642656, 0.9962497362353954)",6,49367
"(0.6418116964826663, 0.9962497362353954)",2,49369
"(0.5056778729738882, 0.9962497362353954)",21,49390
"(0.4723681118111811, 0.9962497362353954)",10,49400
"(0.5839682329833044, 0.9962497362353954)",3,49403
"(0.6414869944621582, 0.9962497362353954)",1,49404
"(0.4790513120764785, 0.9962497362353954)",2,49406
"(0.4958617797724284, 0.9962497362353954)",27,49433
"(0.5118812113070996, 0.9962497362353954)",1,49434
"(0.50937576499388, 0.9962497362353954)",5,49439
"(0.5853374143432879, 0.9962497362353954)",2,49441
"(0.5082177015724898, 0.9962497362353954)",2,49443
"(0.5202634271099744, 0.9962497362353954)",3,49446
"(0.4987398156700754, 0.9962497362353954)",1,49447
"(0.3109908859066014, 0.9962497362353954)",2,49449
"(0.4318030014796026, 0.9962497362353954)",3,49452
"(0.4530386103743641, 0.9962497362353954)",21,49473
"(0.4830767364322945, 0.9962497362353954)",1,49474
"(0.4923104882535888, 0.9962497362353954)",2,49476
"(0.5341558396530313, 0.9962497362353954)",6,49482
"(0.3652912435332439, 0.9962497362353954)",2,49484
"(0.4937776876667119, 0.9962497362353954)",20,49504
"(0.485879976270526, 0.9962234314047176)",2,49506
"(0.5361367504335325, 0.9962234314047176)",3,49509
"(0.6800130179603725, 0.9962234314047176)",1,49510
"(0.4049163909196675, 0.9962234314047176)",3,49513
"(0.4990204708059675, 0.9962196846904604)",3,49516
"(0.59638347550428, 0.9962196846904604)",1,49517
"(0.477671768371638, 0.9962196846904604)",3,49520
"(0.4775277477297871, 0.9962196846904604)",3,49523
"(0.4525211933060535, 0.9962159146812848)",1,49524
"(0.3464973708160582, 0.9962159146812848)",3,49527
"(0.304184857695496, 0.9962159146812848)",3,49530
"(0.5370179311865358, 0.9962121212121212)",1,49531
"(0.5159978271811663, 0.9962121212121212)",1,49532
"(0.4957093292502148, 0.9962121212121212)",2,49534
"(0.3690581214322782, 0.9962121212121212)",3,49537
"(0.602662742458966, 0.9962121212121212)",1,49538
"(0.7350777099102015, 0.9962121212121212)",1,49539
"(0.503442416215342, 0.9962121212121212)",3,49542
"(0.7218114213846213, 0.9962121212121212)",1,49543
"(0.712083517595137, 0.9962121212121212)",1,49544
"(0.7460630399100241, 0.9962121212121212)",1,49545
"(0.7818150074652026, 0.9962121212121212)",1,49546
"(0.7521214129188376, 0.9962121212121212)",1,49547
"(0.5981266189834885, 0.9962083041162626)",1,49548
"(0.477671768371638, 0.9962083041162626)",1,49549
"(0.5135815048525069, 0.9962083041162626)",1,49550
"(0.6962461114805364, 0.9962083041162626)",3,49553
"(0.3991357684021978, 0.9962083041162626)",1,49554
"(0.1500716412252043, 0.9962083041162626)",1,49555
"(0.3690581214322782, 0.9962083041162626)",3,49558
"(0.6052212368618619, 0.9962083041162626)",3,49561
"(0.7347448804741066, 0.9962083041162626)",1,49562
"(0.5245686342987251, 0.9962083041162626)",1,49563
"(0.6011178661408698, 0.9962044632253434)",2,49565
"(0.5005466528962331, 0.9962044632253434)",1,49566
"(0.5465607854790808, 0.9962044632253434)",1,49567
"(0.711778806550463, 0.9962044632253434)",2,49569
"(0.5073536286909905, 0.9962044632253434)",1,49570
"(0.5909030435404882, 0.9962044632253434)",1,49571
"(0.712083517595137, 0.9962044632253434)",1,49572
"(0.7350777099102015, 0.9962044632253434)",1,49573
"(0.2672914952175105, 0.9962044632253434)",3,49576
"(0.3545856375860411, 0.9962044632253434)",1,49577
"(0.1833909490886235, 0.9962044632253434)",2,49579
"(0.6576105142655866, 0.9962044632253434)",1,49580
"(0.599744651595403, 0.996200598369318)",3,49583
"(0.702867567752065, 0.996200598369318)",2,49585
"(0.5478924718653392, 0.996200598369318)",2,49587
"(0.5685989470330658, 0.996200598369318)",1,49588
"(0.4403449749235543, 0.996200598369318)",1,49589
"(0.5398840942160625, 0.996200598369318)",1,49590
"(0.5916005291005291, 0.996200598369318)",1,49591
"(0.5169470317739897, 0.996200598369318)",1,49592
"(0.3545856375860411, 0.996200598369318)",1,49593
"(0.5123851706036745, 0.996200598369318)",1,49594
"(0.5204993238647946, 0.996200598369318)",1,49595
"(0.650138830416391, 0.996200598369318)",1,49596
"(0.6090651266678423, 0.996200598369318)",1,49597
"(0.5245686342987251, 0.996200598369318)",1,49598
"(0.4743478079735079, 0.996200598369318)",3,49601
"(0.2104254576695934, 0.996200598369318)",1,49602
"(0.7261814100818125, 0.996200598369318)",1,49603
"(0.5592924417056326, 0.996200598369318)",1,49604
"(0.6090651266678423, 0.9961967093764432)",2,49606
"(0.3984101488896291, 0.9961967093764432)",1,49607
"(0.1808771236817465, 0.9961967093764432)",2,49609
"(0.5477955228250537, 0.9961967093764432)",1,49610
"(0.4743478079735079, 0.9961967093764432)",1,49611
"(0.503442416215342, 0.9961967093764432)",1,49612
"(0.518883018547448, 0.9961967093764432)",1,49613
"(0.2821631448874142, 0.9961967093764432)",3,49616
"(0.4777955536474655, 0.9961967093764432)",3,49619
"(0.6049854216218278, 0.9961967093764432)",1,49620
"(0.503514376678064, 0.9961967093764432)",3,49623
"(0.3991357684021978, 0.9961967093764432)",1,49624
"(0.55444661276833, 0.9961967093764432)",3,49627
"(0.5112838915470493, 0.9961927960732532)",3,49630
"(0.304184857695496, 0.9961927960732532)",1,49631
"(0.5255324262157274, 0.9961927960732532)",6,49637
"(0.5469587499213985, 0.9961927960732532)",3,49640
"(0.5750629311033884, 0.9961927960732532)",1,49641
"(0.5245686342987251, 0.9961927960732532)",1,49642
"(0.5176663811175343, 0.9961927960732532)",3,49645
"(0.4130211680123674, 0.9961927960732532)",1,49646
"(0.5915486782249667, 0.9961927960732532)",1,49647
"(0.526258954346199, 0.9961927960732532)",3,49650
"(0.5176279025155472, 0.9961927960732532)",3,49653
"(0.6460231360441068, 0.9961927960732532)",1,49654
"(0.3944271295930922, 0.9961927960732532)",3,49657
"(0.5172164351851852, 0.9961927960732532)",3,49660
"(0.4845066627893052, 0.9961927960732532)",3,49663
"(0.5259912686183872, 0.9961927960732532)",1,49664
"(0.702867567752065, 0.9961927960732532)",1,49665
"(0.5222068099340543, 0.9961927960732532)",3,49668
"(0.6430200463634697, 0.9961927960732532)",1,49669
"(0.71150412917389, 0.9961927960732532)",3,49672
"(0.5938024587948153, 0.9961927960732532)",2,49674
"(0.6962461114805364, 0.9961927960732532)",1,49675
"(0.5349448432585369, 0.9961927960732532)",3,49678
"(0.5141118717493827, 0.9961927960732532)",1,49679
"(0.4229346333263246, 0.9961927960732532)",3,49682
"(0.5061994035863332, 0.9961927960732532)",3,49685
"(0.6211534794826514, 0.9961927960732532)",3,49688
"(0.6810552190549457, 0.9961927960732532)",3,49691
"(0.4777955536474655, 0.9961927960732532)",1,49692
"(0.2214590876870318, 0.9961927960732532)",2,49694
"(0.5221840311996069, 0.9961927960732532)",2,49696
"(0.5398840942160625, 0.9961927960732532)",1,49697
"(0.5306450880554778, 0.9961927960732532)",2,49699
"(0.2309709141375595, 0.9961927960732532)",5,49704
"(0.503442416215342, 0.9961927960732532)",1,49705
"(0.564922563324656, 0.9961927960732532)",4,49709
"(0.5066418935372837, 0.9961927960732532)",1,49710
"(0.5113955160358922, 0.9961927960732532)",3,49713
"(0.5762240792806925, 0.9961927960732532)",3,49716
"(0.650138830416391, 0.9961927960732532)",1,49717
"(0.5169410170491575, 0.9961927960732532)",1,49718
"(0.6047607547714982, 0.9961927960732532)",1,49719
"(0.518883018547448, 0.9961927960732532)",1,49720
"(0.3354976707716434, 0.9961927960732532)",1,49721
"(0.1833909490886235, 0.9961927960732532)",1,49722
"(0.3942553050785419, 0.9961927960732532)",3,49725
"(0.3052315202063375, 0.9961927960732532)",1,49726
"(0.5208957469413343, 0.9961927960732532)",1,49727
"(0.5260227547809246, 0.9961927960732532)",2,49729
"(0.4897415065188988, 0.9961927960732532)",2,49731
"(0.5166972147349506, 0.9961927960732532)",2,49733
"(0.7306729085863257, 0.9961927960732532)",3,49736
"(0.476767449342614, 0.9961927960732532)",1,49737
"(0.6022961136704902, 0.9961927960732532)",1,49738
"(0.5778206440811193, 0.9961927960732532)",6,49744
"(0.4937125269096371, 0.9961927960732532)",2,49746
"(0.3600029483220985, 0.9961927960732532)",3,49749
"(0.1500716412252043, 0.9961927960732532)",1,49750
"(0.1523541666666666, 0.9961927960732532)",1,49751
"(0.4268899127926591, 0.9961927960732532)",1,49752
"(0.331262443438914, 0.9961927960732532)",2,49754
"(0.4936062160591765, 0.9961927960732532)",1,49755
"(0.4971911339651811, 0.9961927960732532)",1,49756
"(0.6871111895322293, 0.9959286455247244)",1,49757
"(0.6282554116314987, 0.9959279660945022)",1,49758
"(0.674876805214565, 0.9959255731373172)",1,49759
"(0.6548434461717655, 0.9959213040303404)",1,49760
"(0.7169344572257821, 0.9959169409821218)",1,49761
"(0.5714844737062109, 0.9959169239361346)",1,49762
"(0.7013568257681949, 0.9959167939200924)",1,49763
"(0.6847442749929737, 0.99591571975674)",2,49765
"(0.735358791776077, 0.9959154892972144)",1,49766
"(0.6847442749929737, 0.9959147331170142)",1,49767
"(0.7297512992459785, 0.9959135458196972)",1,49768
"(0.6815580355580708, 0.9959135206722284)",1,49769
"(0.7740783674913305, 0.9959135206722284)",1,49770
"(0.6476233190170814, 0.9959135206722284)",1,49771
"(0.7042349217106244, 0.9959124858166728)",1,49772
"(0.6986432795466496, 0.9959124745377692)",1,49773
"(0.6524432585410079, 0.995912463088832)",1,49774
"(0.6803982984504358, 0.995912443413722)",1,49775
"(0.6223417135001187, 0.995912443413722)",1,49776
"(0.7740783674913305, 0.995912443413722)",2,49778
"(0.7527128830512455, 0.995912443413722)",1,49779
"(0.620825044135961, 0.9959124348909414)",1,49780
"(0.7109182858091935, 0.995912431965842)",1,49781
"(0.7096062381020569, 0.9959124093645756)",1,49782
"(0.657844363527917, 0.9959123698023414)",1,49783
"(0.6437488423536523, 0.9959123698023414)",1,49784
"(0.6642596387892752, 0.9959113522868608)",1,49785
"(0.6691625420766785, 0.9959113381246284)",1,49786
"(0.6986432795466496, 0.9959113153967876)",1,49787
"(0.7406035737204185, 0.9959113153967876)",1,49788
"(0.7072192261378917, 0.9959113153967876)",1,49789
"(0.7243493664307722, 0.995911304032654)",1,49790
"(0.7056694843088258, 0.995911304032654)",1,49791
"(0.6524432585410079, 0.995911289996996)",1,49792
"(0.6803982984504358, 0.995911289996996)",1,49793
"(0.70721819788673, 0.995911289996996)",1,49794
"(0.6304676413719826, 0.9959112897851916)",1,49795
"(0.7297512992459785, 0.9959112871988974)",1,49796
"(0.607301606858416, 0.995911170923999)",1,49797
"(0.706370214842381, 0.9959102102766704)",1,49798
"(0.7072192261378917, 0.9959102102342686)",1,49799
"(0.7740783674913305, 0.9959102045948168)",1,49800
"(0.5947440082040155, 0.9959102045948168)",1,49801
"(0.6676026843262577, 0.9959102045948168)",1,49802
"(0.7175192115841101, 0.9959102045948168)",1,49803
"(0.6305891697575633, 0.9959101988701348)",1,49804
"(0.754858950994775, 0.995910196072036)",1,49805
"(0.7042349217106244, 0.995910196072036)",1,49806
"(0.6426347913477714, 0.995910196072036)",1,49807
"(0.706370214842381, 0.995910196072036)",1,49808
"(0.7021845491609431, 0.9959101621494644)",2,49810
"(0.7516932308147547, 0.995910136408737)",1,49811
"(0.7740783674913305, 0.995910136408737)",2,49813
"(0.7303266565001436, 0.995910136408737)",1,49814
"(0.6105140736317016, 0.995910136408737)",1,49815
"(0.6305891697575633, 0.995910136408737)",1,49816
"(0.7737330983423584, 0.995910136408737)",2,49818
"(0.7021845491609431, 0.995910136408737)",1,49819
"(0.7072192261378917, 0.995910136408737)",1,49820
"(0.6569216543528884, 0.995910136408737)",1,49821
"(0.7372691428602899, 0.9959100035973528)",1,49822
"(0.7243493664307722, 0.9959100035973528)",1,49823
"(0.6847442749929737, 0.9959100035973528)",1,49824
"(0.6962148878274111, 0.9959100035973528)",1,49825
"(0.7406035737204185, 0.9959090852272372)",1,49826
"(0.7056694843088258, 0.995909068181676)",1,49827
"(0.7417636540805025, 0.9959090454110072)",1,49828
"(0.6706230069745698, 0.995909025609323)",1,49829
"(0.7516932308147547, 0.9959090225540348)",1,49830
"(0.7303266565001436, 0.9959090225540348)",1,49831
"(0.6717867866451712, 0.99590901437219)",1,49832
"(0.7756359632696596, 0.9959090058065816)",1,49833
"(0.7131265217107207, 0.9959089802802156)",1,49834
"(0.6272550899386924, 0.9959089775236716)",1,49835
"(0.665133579620658, 0.9959089601356806)",1,49836
"(0.6567110313162554, 0.9959089601356806)",1,49837
"(0.6585885239934335, 0.9959089601356806)",1,49838
"(0.6662208838000212, 0.9959089601356806)",1,49839
"(0.7002982211439487, 0.9959089601356806)",1,49840
"(0.607301606858416, 0.9959089601356806)",1,49841
"(0.7700694846065926, 0.9959089601356806)",1,49842
"(0.7149565408467913, 0.9959089601356806)",1,49843
"(0.6847442749929737, 0.9959089432169044)",1,49844
"(0.7419282777491291, 0.9959079318109374)",1,49845
"(0.5988678770366108, 0.9959079232025008)",1,49846
"(0.6593836757340709, 0.9959079061993418)",1,49847
"(0.7372691428602899, 0.995907857602284)",1,49848
"(0.767932006258611, 0.9959067755104566)",1,49849
"(0.6678316509419803, 0.9959067527826158)",1,49850
"(0.665133579620658, 0.9959067415878848)",1,49851
"(0.7297512992459785, 0.9959067415878848)",1,49852
"(0.6690834390484042, 0.9959067381923028)",1,49853
"(0.6691625420766785, 0.9959067381923028)",1,49854
"(0.7002982211439487, 0.995906733065104)",1,49855
"(0.607301606858416, 0.9959054256655416)",1,49856
"(0.4897415065188988, 0.9958559670781892)",1,49857
"(0.5750629311033884, 0.9958559670781892)",1,49858
"(0.5854597249132409, 0.9958559670781892)",1,49859
"(0.5078921924099589, 0.9958559670781892)",1,49860
"(0.2954225865399132, 0.9958559670781892)",3,49863
"(0.3841590381665586, 0.9958519089707664)",3,49866
"(0.4897415065188988, 0.9958519089707664)",3,49869
"(0.5176279025155472, 0.9958519089707664)",1,49870
"(0.4337472035794183, 0.995847825685132)",3,49873
"(0.2573753482290067, 0.9958437170441206)",3,49876
"(0.1523541666666666, 0.9958437170441206)",2,49878
"(0.6576105142655866, 0.9958437170441206)",1,49879
"(0.2104254576695934, 0.9958437170441206)",2,49881
"(0.5361367504335325, 0.9958395828688178)",3,49884
"(0.4085833743236595, 0.9958395828688178)",2,49886
"(0.5073536286909905, 0.9958395828688178)",2,49888
"(0.3317695658368551, 0.9958395828688178)",3,49891
"(0.4937125269096371, 0.9958395828688178)",2,49893
"(0.3354976707716434, 0.9958395828688178)",2,49895
"(0.5222068099340543, 0.9958395828688178)",1,49896
"(0.6784791526961461, 0.9958354229785402)",1,49897
"(0.5951215675790986, 0.9958354229785402)",1,49898
"(0.5166972147349506, 0.9958354229785402)",1,49899
"(0.5286751006005854, 0.9958354229785402)",2,49901
"(0.5398840942160625, 0.9958312371908138)",2,49903
"(0.6052212368618619, 0.9958312371908138)",3,49906
"(0.3302862574369368, 0.9958312371908138)",1,49907
"(0.9833080808080809, 0.9958292603453894)",20,49927
"(0.9274252484800152, 0.9958292603453894)",2,49929
"(0.9198255060602112, 0.9958292603453894)",24,49953
"(0.9756244289830628, 0.9958292603453894)",26,49979
"(0.970619176311776, 0.9958292603453894)",22,50001
