value,count,total,cumulative_sum
"(1.0, 1.0)",509,100.0,509
"(0.9833229101521784, 1.0)",290,99.98332291015218,799
"(1.0, 1.0)",204,99.98332291015218,1003
"(1.0, 1.0)",5,99.96703296703296,1008
"(1.0, 1.0)",7,99.96666666666668,1015
"(0.9666666666666668, 1.0)",10,99.96666666666668,1025
"(1.0, 1.0)",19,99.96665624348552,1044
"(0.9666562434855118, 1.0)",48,99.96665624348552,1092
"(1.0, 1.0)",55,99.96664582030436,1147
"(0.9833229101521784, 1.0)",153,99.96664582030436,1300
"(1.0, 1.0)",83,99.96658312447786,1383
"(0.9665831244778612, 1.0)",190,99.96658312447786,1573
"(1.0, 1.0)",3,99.96619597774924,1576
"(0.9580331374974232, 1.0)",1,99.95803313749742,1577
"(1.0, 1.0)",26,99.95065331785038,1603
"(0.9506533178503804, 1.0)",16,99.95065331785038,1619
"(1.0, 1.0)",5,99.95035587718516,1624
"(0.9833229101521784, 1.0)",5,99.95035587718516,1629
"(0.9666666666666668, 1.0)",5,99.94998957681884,1634
"(1.0, 1.0)",2,99.94998957681884,1636
"(0.9833229101521784, 1.0)",3,99.94998957681884,1639
"(0.9833229101521784, 1.0)",5,99.94997915363768,1644
"(1.0, 1.0)",4,99.94997915363768,1648
"(0.9666562434855118, 1.0)",35,99.94997915363768,1683
"(0.9833229101521784, 1.0)",46,99.94996873045652,1729
"(0.9499687304565352, 1.0)",22,99.94996873045652,1751
"(1.0, 1.0)",22,99.94996873045652,1773
"(1.0, 1.0)",9,99.94993894993895,1782
"(0.94993894993895, 1.0)",15,99.94993894993895,1797
"(0.9499358151476252, 1.0)",1,99.94993581514764,1798
"(0.9665831244778612, 1.0)",100,99.94990603463005,1898
"(0.9833229101521784, 1.0)",58,99.94990603463005,1956
"(1.0, 1.0)",26,99.94990603463005,1982
"(0.9497171590194848, 1.0)",47,99.94971715901949,2029
"(0.9497171590194846, 1.0)",99,99.94971715901949,2128
"(1.0, 1.0)",43,99.94971715901949,2171
"(1.0, 1.0)",3,99.94951888790143,2174
"(0.9833229101521784, 1.0)",1,99.94951888790143,2175
"(1.0, 1.0)",4,99.94896987579916,2179
"(0.9580331374974232, 1.0)",1,99.94416413960587,2180
"(0.9437903841498612, 1.0)",1,99.94379038414986,2181
"(1.0, 1.0)",3,99.93460925039872,2184
"(1.0, 1.0)",5,99.93412293412294,2189
"(1.0, 1.0)",13,99.93406593406591,2202
"(1.0, 1.0)",7,99.93397622800256,2209
"(0.9506533178503804, 1.0)",5,99.93397622800256,2214
"(1.0, 1.0)",3,99.93371899103607,2217
"(0.9666666666666668, 1.0)",1,99.93369963369965,2218
"(0.9666562434855118, 1.0)",1,99.93368921051848,2219
"(0.9833229101521784, 1.0)",2,99.93367878733731,2221
"(1.0, 1.0)",4,99.93367878733731,2225
"(0.9665831244778612, 1.0)",1,99.93361609151084,2226
"(0.9666666666666668, 1.0)",1,99.93333333333334,2227
"(0.9333333333333332, 1.0)",3,99.93333333333334,2230
"(0.9666562434855118, 1.0)",1,99.9333229101522,2231
"(0.9833229101521784, 1.0)",7,99.93331248697102,2238
"(0.9666562434855118, 1.0)",2,99.93331248697102,2240
"(0.9666666666666668, 1.0)",2,99.93331248697102,2242
"(0.9833229101521784, 1.0)",1,99.93330206378988,2243
"(0.9666562434855118, 1.0)",9,99.93330206378988,2252
"(1.0, 1.0)",2,99.93330206378988,2254
"(0.9833229101521784, 1.0)",31,99.93329164060872,2285
"(0.9499687304565352, 1.0)",19,99.93329164060872,2304
"(1.0, 1.0)",7,99.93329164060872,2311
"(0.9833229101521784, 1.0)",6,99.93326186009114,2317
"(1.0, 1.0)",3,99.93326186009114,2320
"(0.94993894993895, 1.0)",12,99.93326186009114,2332
"(1.0, 1.0)",3,99.9332587252998,2335
"(0.9499358151476252, 1.0)",1,99.9332587252998,2336
"(0.933249791144528, 1.0)",7,99.93324979114452,2343
"(0.9666666666666668, 1.0)",8,99.93324979114452,2351
"(0.9665831244778612, 1.0)",8,99.93323936796338,2359
"(1.0, 1.0)",1,99.93323936796338,2360
"(0.9833229101521784, 1.0)",5,99.93323936796338,2365
"(0.9666562434855118, 1.0)",14,99.93323936796338,2379
"(1.0, 1.0)",8,99.9332289447822,2387
"(0.9665831244778612, 1.0)",23,99.9332289447822,2410
"(0.9833229101521784, 1.0)",26,99.9332289447822,2436
"(0.9331662489557228, 1.0)",2,99.93316624895571,2438
"(0.9665831244778612, 1.0)",35,99.93316624895571,2473
"(1.0, 1.0)",5,99.93316624895571,2478
"(0.9331662489557224, 1.0)",3,99.93316624895571,2481
"(0.9331094582012576, 1.0)",13,99.93310945820126,2494
"(1.0, 1.0)",1,99.93310945820126,2495
"(0.933096859926128, 1.0)",5,99.93309685992612,2500
"(0.9833229101521784, 1.0)",24,99.93304006917168,2524
"(1.0, 1.0)",13,99.93304006917168,2537
"(0.9497171590194846, 1.0)",42,99.93304006917168,2579
"(0.9497171590194848, 1.0)",25,99.93304006917168,2604
"(0.9833229101521784, 1.0)",4,99.9328417980536,2608
"(0.9661959777492511, 1.0)",1,99.93277910222712,2609
"(1.0, 1.0)",1,99.93270971319753,2610
"(1.0, 1.0)",27,99.93265993265992,2637
"(0.9326599326599326, 1.0)",97,99.93265993265992,2734
"(0.9833229101521784, 1.0)",2,99.93229278595132,2736
"(1.0, 1.0)",1,99.93157706770866,2737
"(0.9441792447111594, 1.0)",1,99.93026030413336,2738
"(0.9300671002153482, 1.0)",1,99.93006710021535,2739
"(1.0, 1.0)",4,99.9183920762868,2743
"(1.0, 1.0)",1,99.9179321605509,2744
"(0.917469251615593, 1.0)",1,99.9174692516156,2745
"(1.0, 1.0)",6,99.91744584427512,2751
"(0.9833229101521784, 1.0)",2,99.91744584427512,2753
"(1.0, 1.0)",1,99.91738884421812,2754
"(1.0, 1.0)",2,99.91737891737893,2756
"(0.9506533178503804, 1.0)",1,99.91731998451704,2757
"(1.0, 1.0)",3,99.91729913815472,2760
"(0.9833229101521784, 1.0)",3,99.91729913815472,2763
"(0.9506533178503804, 1.0)",1,99.91729913815472,2764
"(0.9665831244778612, 1.0)",4,99.91723644232825,2768
"(1.0, 1.0)",2,99.91723644232825,2770
"(0.9506533178503804, 1.0)",1,99.91723644232825,2771
"(1.0, 1.0)",2,99.91704190118824,2773
"(0.9666666666666668, 1.0)",2,99.9170225438518,2775
"(0.9499687304565352, 1.0)",2,99.9170016974895,2777
"(0.9665831244778612, 1.0)",1,99.91697920536174,2778
"(1.0, 1.0)",1,99.91694942484416,2779
"(0.9583930063253372, 1.0)",2,99.916812878519,2781
"(0.944563492063492, 1.0)",1,99.9167256109079,2782
"(0.9333333333333332, 1.0)",7,99.9166562434855,2789
"(0.9666666666666668, 1.0)",6,99.9166353971232,2795
"(0.9666562434855118, 1.0)",1,99.9166353971232,2796
"(0.9833229101521784, 1.0)",1,99.91662497394204,2797
"(0.9666562434855118, 1.0)",5,99.91662497394204,2802
"(0.9833229101521784, 1.0)",8,99.9166145507609,2810
"(0.9166145507608924, 1.0)",73,99.9166145507609,2883
"(1.0, 1.0)",12,99.9166145507609,2895
"(0.9499687304565352, 1.0)",13,99.9166145507609,2908
"(0.9666562434855118, 1.0)",1,99.91659519342446,2909
"(0.94993894993895, 1.0)",8,99.9165847702433,2917
"(0.9833229101521784, 1.0)",3,99.9165847702433,2920
"(0.9666666666666668, 1.0)",3,99.9165727012967,2923
"(1.0, 1.0)",1,99.9165727012967,2924
"(0.9665831244778612, 1.0)",1,99.9165727012967,2925
"(0.933249791144528, 1.0)",8,99.9165727012967,2933
"(0.9666562434855118, 1.0)",4,99.91656227811556,2937
"(0.9665831244778612, 1.0)",2,99.91656227811556,2939
"(0.9665831244778612, 1.0)",7,99.9165518549344,2946
"(0.9499687304565352, 1.0)",6,99.9165518549344,2952
"(0.9833229101521784, 1.0)",11,99.9165518549344,2963
"(1.0, 1.0)",6,99.9165518549344,2969
"(0.9442283950617284, 1.0)",1,99.91652673860068,2970
"(1.0, 1.0)",2,99.9165220744168,2972
"(0.9665831244778612, 1.0)",12,99.9165220744168,2984
"(0.94993894993895, 1.0)",3,99.9165220744168,2987
"(0.9665831244778612, 1.0)",1,99.91651893962548,2988
"(0.9331662489557228, 1.0)",1,99.9164891591079,2989
"(0.9665831244778612, 1.0)",22,99.9164891591079,3011
"(1.0, 1.0)",6,99.9164891591079,3017
"(0.9331662489557224, 1.0)",10,99.9164891591079,3027
"(0.9833229101521784, 1.0)",5,99.9164891591079,3032
"(0.9164652836623464, 1.0)",16,99.91646528366236,3048
"(0.9331094582012576, 1.0)",24,99.91643236835344,3072
"(0.9833229101521784, 1.0)",1,99.91643236835344,3073
"(0.933096859926128, 1.0)",6,99.9164197700783,3079
"(0.9666666666666668, 1.0)",4,99.91638382568615,3083
"(0.9497171590194846, 1.0)",1,99.91638382568615,3084
"(0.9666562434855118, 1.0)",8,99.916373402505,3092
"(0.9497171590194846, 1.0)",1,99.916373402505,3093
"(0.9497171590194848, 1.0)",1,99.916373402505,3094
"(0.9833229101521784, 1.0)",2,99.916373402505,3096
"(0.9833229101521784, 1.0)",31,99.91636297932384,3127
"(1.0, 1.0)",2,99.91636297932384,3129
"(0.9497171590194848, 1.0)",5,99.91636297932384,3134
"(0.9497171590194846, 1.0)",5,99.91636297932384,3139
"(0.9497171590194846, 1.0)",29,99.91630028349736,3168
"(0.9497171590194848, 1.0)",4,99.91630028349736,3172
"(1.0, 1.0)",5,99.91630028349736,3177
"(0.9665831244778612, 1.0)",14,99.91630028349736,3191
"(0.9300671002153482, 1.0)",1,99.9161981023238,3192
"(0.9161952650324744, 1.0)",35,99.91619526503248,3227
"(1.0, 1.0)",4,99.91619526503248,3231
"(0.9437903841498612, 1.0)",1,99.91612506701084,3232
"(0.916104916104916, 1.0)",1,99.91610491610491,3233
"(1.0, 1.0)",1,99.9161020123793,3234
"(1.0, 1.0)",2,99.91607319173968,3236
"(0.9833229101521784, 1.0)",29,99.91598284281211,3265
"(1.0, 1.0)",10,99.91598284281211,3275
"(0.9326599326599326, 1.0)",62,99.91598284281211,3337
"(0.9297812306740878, 1.0)",2,99.91591223278252,3339
"(0.9437903841498612, 1.0)",1,99.91587170460076,3340
"(0.9295946890286512, 1.0)",2,99.9157256911371,3342
"(0.9666562434855118, 1.0)",1,99.91562611928464,3343
"(0.9833229101521784, 1.0)",1,99.9156156961035,3344
"(1.0, 1.0)",1,99.9156156961035,3345
"(1.0, 1.0)",27,99.91534391534393,3372
"(0.9153439153439152, 1.0)",39,99.91534391534393,3411
"(0.9153439153439156, 1.0)",13,99.91534391534393,3424
"(0.9833229101521784, 1.0)",1,99.91489997786084,3425
"(0.9833229101521784, 1.0)",1,99.9145398413691,3426
"(0.944563492063492, 1.0)",1,99.90280667033012,3427
"(0.9583930063253372, 1.0)",1,99.90274139219596,3428
"(0.9580331374974232, 1.0)",2,99.90266616389736,3430
"(0.9584987529902784, 1.0)",2,99.90266289259614,3432
"(0.9584987529902784, 1.0)",1,99.90251040034308,3433
"(0.9437903841498612, 1.0)",2,99.90212985356044,3435
"(0.9297812306740878, 1.0)",1,99.90207957421303,3436
"(0.9295946890286512, 1.0)",2,99.90201532394929,3438
"(0.9295946890286512, 1.0)",1,99.9018930325676,3439
"(1.0, 1.0)",1,99.901714986439,3440
"(1.0, 1.0)",1,99.90130663570076,3441
"(0.9009287520039462, 1.0)",1,99.90092875200396,3442
"(0.9833229101521784, 1.0)",1,99.90076875442728,3443
"(1.0, 1.0)",1,99.90075195806904,3444
"(0.917415489944373, 1.0)",1,99.90073840009654,3445
"(1.0, 1.0)",1,99.90071175437028,3446
"(1.0, 1.0)",1,99.9007060586008,3447
"(1.0, 1.0)",7,99.9007018275311,3454
"(0.9833229101521784, 1.0)",2,99.9007018275311,3456
"(0.9666666666666668, 1.0)",1,99.90064289466925,3457
"(0.9499687304565352, 1.0)",2,99.90062204830691,3459
"(0.9833229101521784, 1.0)",1,99.90062204830691,3460
"(0.9506533178503804, 1.0)",4,99.90062204830691,3464
"(1.0, 1.0)",5,99.90062204830691,3469
"(0.9506533178503804, 1.0)",2,99.900589132998,3471
"(0.9506533178503804, 1.0)",3,99.90055935248044,3474
"(1.0, 1.0)",3,99.90055935248044,3477
"(0.9833229101521784, 1.0)",3,99.90037523452158,3480
"(0.9497171590194846, 1.0)",1,99.90037047686988,3481
"(0.9506533178503804, 1.0)",4,99.90037047686988,3485
"(0.9833229101521784, 1.0)",1,99.90036481134042,3486
"(1.0, 1.0)",2,99.90036481134042,3488
"(1.0, 1.0)",2,99.90035568296436,3490
"(0.9499687304565352, 1.0)",3,99.90032460764168,3493
"(0.9833229101521784, 1.0)",1,99.90032460764168,3494
"(0.9833229101521784, 1.0)",3,99.9002948271241,3497
"(0.9665831244778612, 1.0)",1,99.9002619118152,3498
"(0.9497171590194846, 1.0)",1,99.90007303620465,3499
"(0.9333333333333332, 1.0)",7,99.89997915363767,3506
"(0.9833229101521784, 1.0)",2,99.89995830727538,3508
"(0.9666562434855118, 1.0)",1,99.89995830727538,3509
"(0.9833229101521784, 1.0)",1,99.89994788409422,3510
"(0.9666562434855118, 1.0)",1,99.89994788409422,3511
"(0.9499687304565352, 1.0)",5,99.89993746091308,3516
"(0.9833229101521784, 1.0)",5,99.89993746091308,3521
"(0.9166145507608924, 1.0)",37,99.89993746091308,3558
"(1.0, 1.0)",3,99.89993746091308,3561
"(0.9833229101521784, 1.0)",1,99.89991810357664,3562
"(1.0, 1.0)",1,99.8999164578112,3563
"(0.9333333333333332, 1.0)",1,99.8999164578112,3564
"(0.9666666666666668, 1.0)",1,99.89989561144888,3565
"(0.933249791144528, 1.0)",1,99.89989561144888,3566
"(0.9499687304565352, 1.0)",3,99.89987476508658,3569
"(1.0, 1.0)",5,99.89987476508658,3574
"(0.9665831244778612, 1.0)",3,99.89987476508658,3577
"(0.9499687304565352, 1.0)",5,99.89987476508657,3582
"(0.9833229101521784, 1.0)",1,99.89987476508657,3583
"(0.94993894993895, 1.0)",1,99.899844984569,3584
"(0.9665831244778612, 1.0)",6,99.899844984569,3590
"(0.9666666666666668, 1.0)",1,99.8998329156224,3591
"(0.9665831244778612, 1.0)",1,99.8998329156224,3592
"(0.933249791144528, 1.0)",16,99.8998329156224,3608
"(0.9666562434855118, 1.0)",1,99.89982249244125,3609
"(0.9665831244778612, 1.0)",1,99.89982249244125,3610
"(1.0, 1.0)",1,99.89981206926008,3611
"(0.9833229101521784, 1.0)",5,99.89981206926008,3616
"(0.9665831244778612, 1.0)",7,99.89981206926008,3623
"(0.9331662489557224, 1.0)",5,99.89981206926008,3628
"(0.9164652836623464, 1.0)",2,99.89978819381452,3630
"(0.9331094582012576, 1.0)",4,99.8997552785056,3634
"(0.9833229101521784, 1.0)",1,99.8997552785056,3635
"(0.8997493734335841, 1.0)",18,99.8997493734336,3653
"(1.0, 1.0)",1,99.8997493734336,3654
"(0.9665831244778612, 1.0)",5,99.8997493734336,3659
"(1.0, 1.0)",2,99.89974937343358,3661
"(0.9665831244778612, 1.0)",1,99.89974937343358,3662
"(0.933096859926128, 1.0)",4,99.89974268023047,3666
"(0.9666666666666668, 1.0)",1,99.89970673583832,3667
"(0.9497171590194846, 1.0)",1,99.89970673583832,3668
"(0.9833229101521784, 1.0)",1,99.89970673583832,3669
"(1.0, 1.0)",1,99.89969631265716,3670
"(0.9326599326599326, 1.0)",2,99.8996928996929,3672
"(0.9331094582012576, 1.0)",4,99.89969258267912,3676
"(0.9665831244778612, 1.0)",5,99.89969258267912,3681
"(0.9497171590194848, 1.0)",8,99.89968588947602,3689
"(0.9833229101521784, 1.0)",8,99.89968588947602,3697
"(0.9497171590194846, 1.0)",2,99.89968588947602,3699
"(0.9499687304565352, 1.0)",10,99.89968588947602,3709
"(0.9499358151476252, 1.0)",1,99.89965297416713,3710
"(0.9833229101521784, 1.0)",1,99.89962319364952,3711
"(0.9497171590194848, 1.0)",1,99.89962319364952,3712
"(0.9497171590194846, 1.0)",13,99.89962319364952,3725
"(1.0, 1.0)",1,99.89962319364952,3726
"(0.9665831244778612, 1.0)",2,99.89962319364952,3728
"(0.9161952650324744, 1.0)",19,99.89951817518464,3747
"(0.9833229101521784, 1.0)",1,99.89945783784036,3748
"(0.9665831244778612, 1.0)",1,99.89943534571262,3749
"(0.9497171590194846, 1.0)",14,99.89943431803896,3763
"(0.9497171590194848, 1.0)",5,99.89943431803896,3768
"(1.0, 1.0)",1,99.89943431803896,3769
"(0.916104916104916, 1.0)",2,99.8994278262571,3771
"(0.9833229101521784, 1.0)",2,99.8994278262571,3773
"(0.9833229101521784, 1.0)",1,99.89942492253148,3774
"(0.9666666666666668, 1.0)",3,99.8993265993266,3777
"(0.9326599326599326, 1.0)",1,99.8993265993266,3778
"(0.9326599326599326, 1.0)",1,99.89931617614543,3779
"(0.9666562434855118, 1.0)",6,99.89931617614543,3785
"(1.0, 1.0)",1,99.8993057529643,3786
"(0.9326599326599326, 1.0)",15,99.8993057529643,3801
"(0.9833229101521784, 1.0)",9,99.8993057529643,3810
"(0.9326599326599326, 1.0)",20,99.8992430571378,3830
"(1.0, 1.0)",2,99.8992430571378,3832
"(0.9665831244778612, 1.0)",14,99.8992430571378,3846
"(0.898989898989899, 1.0)",20,99.8989898989899,3866
"(1.0, 1.0)",1,99.8989898989899,3867
"(1.0, 1.0)",1,99.89893860625568,3868
"(1.0, 1.0)",3,99.8988603988604,3871
"(0.9153439153439152, 1.0)",22,99.8986668254961,3893
"(0.9153439153439156, 1.0)",10,99.8986668254961,3903
"(1.0, 1.0)",16,99.8986668254961,3919
"(0.9833229101521784, 1.0)",21,99.8986668254961,3940
"(1.0, 1.0)",1,99.89848876370056,3941
"(0.9666562434855118, 1.0)",1,99.89823331119418,3942
"(1.0, 1.0)",2,99.898222888013,3944
"(0.9666562434855118, 1.0)",2,99.89787317470244,3946
"(0.8976982097186702, 1.0)",125,99.89769820971868,4071
"(1.0, 1.0)",25,99.89769820971868,4096
"(1.0, 1.0)",1,99.8950004244122,4097
"(0.903667392883079, 1.0)",2,99.88983473431358,4099
"(0.9581458989353726, 1.0)",1,99.8890880478248,4100
"(0.944563492063492, 1.0)",2,99.88888772975233,4102
"(0.9445235834124724, 1.0)",1,99.888816965394,4103
"(0.9441792447111594, 1.0)",1,99.88873270671266,4104
"(0.9441792447111594, 1.0)",5,99.88870282812364,4109
"(0.944073617452092, 1.0)",1,99.88856383078596,4110
"(0.9580331374974232, 1.0)",1,99.88847737997176,4111
"(0.9299507899507898, 1.0)",1,99.8884315354196,4112
"(0.9303715638302106, 1.0)",1,99.88842812292592,4113
"(0.9297812306740878, 1.0)",1,99.88821057632148,4114
"(0.9297812306740878, 1.0)",1,99.88820369056714,4115
"(0.9158007932517735, 1.0)",3,99.88805332401496,4118
"(0.9437903841498612, 1.0)",1,99.8880447638732,4119
"(0.9437903841498612, 1.0)",1,99.88795452375572,4120
"(0.9720813204508856, 1.0)",1,99.88789670792906,4121
"(1.0, 1.0)",2,99.8851917026609,4123
"(0.8845578466141503, 1.0)",2,99.88455784661414,4125
"(1.0, 1.0)",1,99.88442181125107,4126
"(0.9009534009534008, 1.0)",1,99.88427631110558,4127
"(0.917469251615593, 1.0)",2,99.88411507191996,4129
"(0.9499687304565352, 1.0)",3,99.88409166457949,4132
"(1.0, 1.0)",1,99.88409166457949,4133
"(1.0, 1.0)",1,99.88405237609344,4134
"(0.8840455840455841, 1.0)",15,99.88404558404558,4149
"(0.934122934122934, 1.0)",1,99.88402896875296,4150
"(1.0, 1.0)",3,99.88402473768328,4153
"(0.9833229101521784, 1.0)",1,99.88402473768328,4154
"(0.8840048840048841, 1.0)",3,99.88400488400488,4157
"(0.9665831244778612, 1.0)",1,99.88396204185678,4158
"(1.0, 1.0)",1,99.88396204185678,4159
"(0.9499687304565352, 1.0)",5,99.8839449584591,4164
"(1.0, 1.0)",2,99.8839449584591,4166
"(1.0, 1.0)",1,99.8838822626326,4167
"(0.9665831244778612, 1.0)",1,99.8838822626326,4168
"(0.9497171590194846, 1.0)",1,99.88384009314242,4169
"(0.9331662489557224, 1.0)",1,99.8838195668061,4170
"(0.9331094582012576, 1.0)",2,99.88376277605164,4172
"(1.0, 1.0)",1,99.88369814467376,4173
"(0.9833229101521784, 1.0)",2,99.88369696842098,4175
"(0.9497171590194848, 1.0)",1,99.88369338702203,4176
"(0.9506533178503804, 1.0)",2,99.88369338702203,4178
"(0.9333333333333332, 1.0)",1,99.88368921051848,4179
"(0.9333333333333332, 1.0)",1,99.88368921051848,4180
"(1.0, 1.0)",1,99.8836877214926,4181
"(0.9833229101521784, 1.0)",2,99.88367859311656,4183
"(0.9665831244778612, 1.0)",1,99.88358482196736,4184
"(1.0, 1.0)",1,99.88358482196736,4185
"(0.9331662489557224, 1.0)",2,99.88352212614086,4187
"(0.9833229101521784, 1.0)",2,99.883495115904,4189
"(0.9665831244778612, 1.0)",1,99.88333325053031,4190
"(0.9326599326599326, 1.0)",1,99.88331325051033,4191
"(0.9506533178503804, 1.0)",3,99.88331325051033,4194
"(0.9333333333333332, 1.0)",3,99.88330206378988,4197
"(0.9833229101521784, 1.0)",1,99.88330206378988,4198
"(0.9333333333333332, 1.0)",1,99.88327228327228,4199
"(0.9499687304565352, 1.0)",1,99.8832707942464,4200
"(0.9333333333333332, 1.0)",6,99.88326914848096,4206
"(0.8832603710652491, 1.0)",17,99.88326037106523,4223
"(1.0, 1.0)",2,99.88326037106523,4225
"(0.9499687304565352, 1.0)",5,99.88326037106523,4230
"(0.9166145507608922, 1.0)",2,99.88326037106523,4232
"(0.9166145507608924, 1.0)",8,99.88326037106523,4240
"(0.9833229101521784, 1.0)",6,99.88326037106523,4246
"(0.9666562434855118, 1.0)",1,99.88325143690996,4247
"(0.9333333333333332, 1.0)",5,99.88323936796336,4252
"(0.9665831244778612, 1.0)",1,99.88323936796336,4253
"(1.0, 1.0)",1,99.88323936796336,4254
"(1.0, 1.0)",1,99.88323059054768,4255
"(0.9833229101521784, 1.0)",1,99.88323059054768,4256
"(0.94993894993895, 1.0)",1,99.88323059054768,4257
"(0.9666562434855118, 1.0)",1,99.88322894478222,4258
"(0.9666666666666668, 1.0)",1,99.88322894478222,4259
"(0.9666666666666668, 1.0)",1,99.88321852160108,4260
"(0.9665831244778612, 1.0)",1,99.88321852160108,4261
"(0.9833229101521784, 1.0)",2,99.88321852160108,4263
"(0.9665831244778612, 1.0)",1,99.88320809841991,4264
"(0.9666562434855118, 1.0)",1,99.88320809841991,4265
"(0.9833229101521784, 1.0)",6,99.88319767523876,4271
"(0.9665831244778612, 1.0)",4,99.88319767523876,4275
"(0.9166145507608924, 1.0)",1,99.88319767523876,4276
"(1.0, 1.0)",2,99.88319767523876,4278
"(1.0, 1.0)",1,99.88315582577457,4279
"(0.9833229101521784, 1.0)",6,99.88315582577457,4285
"(0.933249791144528, 1.0)",1,99.88315582577457,4286
"(0.9666562434855118, 1.0)",3,99.8831454025934,4289
"(0.9665831244778612, 1.0)",9,99.88313497941226,4298
"(0.9833229101521784, 1.0)",3,99.88313497941226,4301
"(0.9331662489557224, 1.0)",1,99.88313497941226,4302
"(0.9499687304565352, 1.0)",1,99.88313497941226,4303
"(1.0, 1.0)",1,99.88313497941226,4304
"(0.9164652836623464, 1.0)",2,99.88311110396673,4306
"(0.9331662489557224, 1.0)",1,99.88310519889468,4307
"(0.9331094582012576, 1.0)",1,99.88309903502012,4308
"(0.9331094582012576, 1.0)",3,99.8830781886578,4311
"(0.8997493734335841, 1.0)",14,99.88307228358576,4325
"(0.9331662489557224, 1.0)",2,99.88307228358576,4327
"(0.9665831244778612, 1.0)",4,99.88307228358576,4331
"(1.0, 1.0)",2,99.88307228358576,4333
"(0.9833229101521784, 1.0)",2,99.88307228358576,4335
"(0.933096859926128, 1.0)",1,99.88306559038269,4336
"(0.9326599326599326, 1.0)",1,99.88305601354382,4337
"(0.9333333333333332, 1.0)",3,99.88305049235282,4340
"(0.9164652836623464, 1.0)",2,99.8830484081402,4342
"(0.9833229101521784, 1.0)",1,99.88304006917168,4343
"(0.916449550595892, 1.0)",1,99.88303267507376,4344
"(0.9497171590194848, 1.0)",1,99.88301922280937,4345
"(0.9326599326599326, 1.0)",2,99.88301580984508,4347
"(0.9665831244778612, 1.0)",1,99.8830154928313,4348
"(0.9833229101521784, 1.0)",1,99.8830154928313,4349
"(1.0, 1.0)",2,99.8830087996282,4351
"(0.9833229101521784, 1.0)",3,99.8830087996282,4354
"(0.9497171590194848, 1.0)",3,99.8830087996282,4357
"(1.0, 1.0)",3,99.8829840719703,4360
"(0.9833229101521784, 1.0)",1,99.88297901911062,4361
"(0.94993894993895, 1.0)",1,99.88297901911062,4362
"(0.933249791144528, 1.0)",8,99.88296695016402,4370
"(0.9666562434855118, 1.0)",4,99.88295652698288,4374
"(0.9497171590194846, 1.0)",1,99.8829461038017,4375
"(0.9497171590194848, 1.0)",2,99.8829461038017,4377
"(0.9665831244778612, 1.0)",3,99.8829461038017,4380
"(1.0, 1.0)",3,99.8829461038017,4383
"(0.9833229101521784, 1.0)",5,99.8829461038017,4388
"(0.9665831244778612, 1.0)",3,99.8828834079752,4391
"(0.9497171590194846, 1.0)",3,99.8828834079752,4394
"(0.9161952650324744, 1.0)",2,99.88284108533684,4396
"(0.9331094582012576, 1.0)",5,99.88282661722074,4401
"(1.0, 1.0)",2,99.88282661722074,4403
"(0.9497171590194848, 1.0)",2,99.88282661722074,4405
"(0.9497171590194848, 1.0)",5,99.8828140189456,4410
"(0.9166145507608924, 1.0)",2,99.88281052851012,4412
"(1.0, 1.0)",2,99.88277838951034,4414
"(0.9161952650324744, 1.0)",9,99.88277838951034,4423
"(0.9661959777492511, 1.0)",1,99.88276867904597,4424
"(0.9833229101521784, 1.0)",1,99.8827582558648,4425
"(1.0, 1.0)",2,99.88275722819114,4427
"(0.9497171590194848, 1.0)",3,99.88275722819114,4430
"(0.9833229101521784, 1.0)",8,99.88275722819114,4438
"(0.9497171590194846, 1.0)",10,99.88275722819114,4448
"(0.9833229101521784, 1.0)",1,99.88275073640926,4449
"(0.916104916104916, 1.0)",4,99.88275073640926,4453
"(0.916104916104916, 1.0)",2,99.88268804058278,4455
"(0.9665831244778612, 1.0)",1,99.88268513685716,4456
"(0.882673371045464, 1.0)",48,99.88267337104546,4504
"(1.0, 1.0)",1,99.88267337104546,4505
"(0.9666666666666668, 1.0)",1,99.88264950947878,4506
"(0.9326599326599326, 1.0)",2,99.88263908629762,4508
"(1.0, 1.0)",1,99.88262866311646,4509
"(0.9833229101521784, 1.0)",2,99.88262866311646,4511
"(0.9499687304565352, 1.0)",7,99.88262866311646,4518
"(0.9326599326599326, 1.0)",6,99.88262866311646,4524
"(0.94993894993895, 1.0)",3,99.88259888259888,4527
"(0.9326599326599326, 1.0)",1,99.88259574780756,4528
"(1.0, 1.0)",1,99.88257639047112,4529
"(0.9833229101521784, 1.0)",1,99.88256596728996,4530
"(0.9665831244778612, 1.0)",11,99.88256596728996,4541
"(0.9326599326599326, 1.0)",9,99.88256596728996,4550
"(1.0, 1.0)",1,99.88237709167942,4551
"(0.9497171590194848, 1.0)",2,99.88237709167942,4553
"(0.9497171590194846, 1.0)",5,99.88237709167942,4558
"(0.9326599326599326, 1.0)",15,99.88237709167942,4573
"(0.898989898989899, 1.0)",4,99.88231280914208,4577
"(0.9833229101521784, 1.0)",1,99.88231280914208,4578
"(1.0, 1.0)",1,99.88230089385416,4579
"(0.9665831244778612, 1.0)",1,99.88229799012854,4580
"(0.9666562434855118, 1.0)",1,99.88220924376252,4581
"(0.9833229101521784, 1.0)",2,99.88218330901258,4583
"(1.0, 1.0)",1,99.88218330901258,4584
"(0.9326599326599326, 1.0)",1,99.88217882056136,4585
"(1.0, 1.0)",1,99.8820793340004,4586
"(0.9666666666666668, 1.0)",2,99.88201058201058,4588
"(0.9153439153439156, 1.0)",1,99.88201058201058,4589
"(1.0, 1.0)",5,99.88198973564828,4594
"(0.9153439153439156, 1.0)",4,99.88198973564828,4598
"(0.9153439153439152, 1.0)",5,99.88198973564828,4603
"(0.9833229101521784, 1.0)",14,99.88198973564828,4617
"(0.9153439153439156, 1.0)",1,99.88192703982178,4618
"(0.9153439153439152, 1.0)",12,99.88192703982178,4630
"(0.9665831244778612, 1.0)",10,99.88192703982178,4640
"(1.0, 1.0)",2,99.88192703982178,4642
"(0.9153439153439152, 1.0)",1,99.88153989309316,4643
"(0.9833229101521784, 1.0)",1,99.8814831023387,4644
"(0.8814814814814814, 1.0)",21,99.88148148148149,4665
"(0.8813080639167598, 1.0)",9,99.88130806391676,4674
"(1.0, 1.0)",2,99.88130806391676,4676
"(1.0, 1.0)",1,99.88119453743556,4677
"(0.8811945374355704, 1.0)",29,99.88119453743556,4706
"(0.9833229101521784, 1.0)",1,99.88118566167348,4707
"(1.0, 1.0)",8,99.88102111987084,4715
"(0.8976982097186702, 1.0)",67,99.88102111987084,4782
"(0.9833229101521784, 1.0)",11,99.88102111987084,4793
"(0.9666562434855118, 1.0)",1,99.8806040842626,4794
"(0.9666562434855118, 1.0)",1,99.87990836603996,4795
"(1.0, 1.0)",33,99.879647539222,4828
"(0.8796475392220073, 1.0)",200,99.879647539222,5028
"(0.9833229101521784, 1.0)",2,99.87832333456436,5030
"(0.903667392883079, 1.0)",1,99.87596573642202,5031
"(1.0, 1.0)",1,99.8757340850364,5032
"(0.9445235834124724, 1.0)",1,99.8751585537749,5033
"(0.944563492063492, 1.0)",1,99.87514807080096,5034
"(0.9583930063253372, 1.0)",1,99.87503587564676,5035
"(0.9581458989353726, 1.0)",1,99.87499511677645,5036
"(0.9445235834124724, 1.0)",1,99.8749288805235,5037
"(0.9303715638302106, 1.0)",1,99.87491531407883,5038
"(0.9584987529902784, 1.0)",1,99.87490431113,5039
"(0.9584987529902784, 1.0)",1,99.87483611272047,5040
"(0.9441792447111594, 1.0)",2,99.87483383023208,5042
"(0.9441792447111594, 1.0)",1,99.87482379619686,5043
"(0.9437903841498612, 1.0)",1,99.87476014494344,5044
"(0.9720813204508856, 1.0)",2,99.87469754166202,5046
"(0.9299507899507898, 1.0)",1,99.87453060236328,5047
"(0.9437903841498612, 1.0)",1,99.874501475829,5048
"(0.9445235834124724, 1.0)",2,99.87444496967078,5050
"(0.9437903841498612, 1.0)",1,99.8743793901806,5051
"(0.9441792447111594, 1.0)",1,99.87427195148616,5052
"(0.9018806250259218, 1.0)",1,99.87421530788691,5053
"(0.9018806250259218, 1.0)",2,99.87417896856488,5055
"(0.9437903841498612, 1.0)",1,99.87398261255638,5056
"(0.9295946890286512, 1.0)",1,99.8738880710102,5057
"(0.9299507899507898, 1.0)",1,99.87363411027346,5058
"(0.9009287520039462, 1.0)",1,99.87319075622084,5059
"(0.9009287520039462, 1.0)",1,99.87309087084836,5060
"(0.8703703703703703, 1.0)",10,99.87037037037037,5070
"(0.8697983697983697, 1.0)",4,99.86979836979836,5074
"(0.9833229101521784, 1.0)",1,99.86858666274864,5075
"(0.9497171590194848, 1.0)",1,99.86810923530628,5076
"(0.9506533178503804, 1.0)",1,99.86809916212547,5077
"(0.868077055383557, 1.0)",2,99.86807705538357,5079
"(1.0, 1.0)",1,99.86790089100744,5080
"(1.0, 1.0)",2,99.86788976017864,5082
"(0.8845578466141503, 1.0)",4,99.86788075676633,5086
"(1.0, 1.0)",3,99.86778386778388,5089
"(1.0, 1.0)",1,99.86769521903862,5090
"(1.0, 1.0)",1,99.86765501533988,5091
"(0.9009534009534008, 1.0)",5,99.86759922125776,5096
"(1.0, 1.0)",1,99.86759922125776,5097
"(0.9833229101521784, 1.0)",1,99.86745104845232,5098
"(0.917469251615593, 1.0)",1,99.86743798207212,5099
"(1.0, 1.0)",1,99.86743134111556,5100
"(0.9665831244778612, 1.0)",2,99.86738570942678,5102
"(0.917415489944373, 1.0)",1,99.86738422040092,5103
"(0.9665831244778612, 1.0)",1,99.86737528624565,5104
"(0.917469251615593, 1.0)",1,99.86737528624565,5105
"(1.0, 1.0)",1,99.86737528624565,5106
"(0.8840455840455841, 1.0)",4,99.86736849419776,5110
"(1.0, 1.0)",1,99.86736849419776,5111
"(0.9833229101521784, 1.0)",1,99.86735757467466,5112
"(1.0, 1.0)",1,99.86735757467466,5113
"(0.917415489944373, 1.0)",1,99.86735443988331,5114
"(0.934122934122934, 1.0)",2,99.86735187890515,5116
"(0.9833229101521784, 1.0)",1,99.86734764783546,5117
"(1.0, 1.0)",1,99.86734764783546,5118
"(0.8840048840048841, 1.0)",3,99.86732779415706,5121
"(0.934122934122934, 1.0)",1,99.86728918307864,5122
"(0.9665831244778612, 1.0)",3,99.86728918307864,5125
"(1.0, 1.0)",1,99.86728871497358,5126
"(0.9665831244778612, 1.0)",2,99.86728495200896,5128
"(1.0, 1.0)",3,99.86728495200896,5131
"(1.0, 1.0)",1,99.86720517278478,5132
"(0.9331094582012576, 1.0)",1,99.8670856862038,5133
"(0.9666562434855118, 1.0)",1,99.86704190118824,5134
"(0.9333333333333332, 1.0)",1,99.86701212067068,5135
"(0.9833229101521784, 1.0)",1,99.8670080706666,5136
"(1.0, 1.0)",3,99.86700150326874,5139
"(0.9665831244778612, 1.0)",1,99.8669687821806,5140
"(0.9169719169719168, 1.0)",2,99.86694064742844,5142
"(1.0, 1.0)",4,99.86693880744224,5146
"(0.9499687304565352, 1.0)",1,99.86690773211954,5147
"(1.0, 1.0)",1,99.86684503629304,5148
"(0.9331094582012576, 1.0)",1,99.8667882455386,5149
"(0.9833229101521784, 1.0)",1,99.86675533022968,5150
"(0.9666666666666668, 1.0)",1,99.8667397028713,5151
"(1.0, 1.0)",1,99.86671885650898,5152
"(0.8666666666666667, 1.0)",1,99.86666666666667,5153
"(0.9833229101521784, 1.0)",1,99.86664582030436,5154
"(0.9506533178503804, 1.0)",1,99.8666361606625,5155
"(0.9326599326599326, 1.0)",2,99.8666361606625,5157
"(0.9833229101521784, 1.0)",1,99.86662497394204,5158
"(0.9333333333333332, 1.0)",2,99.86662497394204,5160
"(0.9333333333333332, 1.0)",3,99.86662497394204,5163
"(0.9666562434855118, 1.0)",1,99.86661455076089,5164
"(0.9833229101521784, 1.0)",1,99.86660412757972,5165
"(0.9333333333333332, 1.0)",1,99.86659205863312,5166
"(0.9499687304565352, 1.0)",9,99.86658328121744,5175
"(0.9166145507608924, 1.0)",3,99.86658328121744,5178
"(1.0, 1.0)",1,99.86658328121744,5179
"(0.8832603710652491, 1.0)",19,99.86658328121744,5198
"(0.9833229101521784, 1.0)",3,99.86658328121744,5201
"(0.9166145507608922, 1.0)",1,99.86658328121744,5202
"(0.9666562434855118, 1.0)",1,99.86657434706215,5203
"(0.9666562434855118, 1.0)",1,99.8665727012967,5204
"(1.0, 1.0)",1,99.86656227811557,5205
"(0.9333333333333332, 1.0)",2,99.86656227811557,5207
"(0.9665831244778612, 1.0)",1,99.86654143175323,5208
"(0.9499687304565352, 1.0)",1,99.86654143175323,5209
"(0.9499687304565352, 1.0)",1,99.86652058539092,5210
"(0.9665831244778612, 1.0)",2,99.86652058539092,5212
"(1.0, 1.0)",2,99.86652058539092,5214
"(0.9833229101521784, 1.0)",3,99.86652058539092,5217
"(0.9499358151476252, 1.0)",1,99.86649809326316,5218
"(0.9331662489557224, 1.0)",1,99.86647873592676,5219
"(0.933249791144528, 1.0)",1,99.86647873592676,5220
"(0.9666666666666668, 1.0)",3,99.86647873592676,5223
"(0.9666562434855118, 1.0)",1,99.8664683127456,5224
"(0.9331662489557224, 1.0)",1,99.8664683127456,5225
"(0.94993894993895, 1.0)",1,99.86646102435576,5226
"(0.9665831244778612, 1.0)",4,99.86645788956444,5230
"(0.9331662489557224, 1.0)",3,99.86645788956444,5233
"(1.0, 1.0)",1,99.86645788956444,5234
"(0.9331094582012576, 1.0)",1,99.8664427915346,5235
"(0.94993894993895, 1.0)",3,99.86642810904684,5238
"(0.9331662489557224, 1.0)",1,99.86642497425552,5239
"(0.9833229101521784, 1.0)",2,99.86642497425552,5241
"(1.0, 1.0)",1,99.86642497425552,5242
"(0.8997493734335841, 1.0)",1,99.86641604010023,5243
"(0.9331094582012576, 1.0)",1,99.86640109880996,5244
"(1.0, 1.0)",3,99.86639519373794,5247
"(0.8997493734335841, 1.0)",3,99.86639519373794,5250
"(0.9331662489557224, 1.0)",2,99.86639519373794,5252
"(0.9331094582012576, 1.0)",2,99.86637131829238,5254
"(0.94993894993895, 1.0)",1,99.86637131829238,5255
"(0.9833229101521784, 1.0)",1,99.86636297932384,5256
"(0.9666562434855118, 1.0)",1,99.86634213296152,5257
"(0.9833229101521784, 1.0)",2,99.86633871999726,5259
"(0.8663324979114452, 1.0)",2,99.86633249791144,5261
"(1.0, 1.0)",2,99.86633249791144,5263
"(0.8997493734335841, 1.0)",10,99.86633249791144,5273
"(0.9665831244778612, 1.0)",1,99.86633249791144,5274
"(0.9497171590194848, 1.0)",1,99.86633170978038,5275
"(0.9833229101521784, 1.0)",2,99.86633170978038,5277
"(0.9166145507608924, 1.0)",2,99.86633170978038,5279
"(0.9499687304565352, 1.0)",3,99.86633170978038,5282
"(0.933096859926128, 1.0)",1,99.86632580470834,5283
"(0.9833229101521784, 1.0)",1,99.86630698212248,5284
"(1.0, 1.0)",2,99.86630698212248,5286
"(0.933249791144528, 1.0)",1,99.8662898603162,5287
"(0.9833229101521784, 1.0)",1,99.86627943713503,5288
"(0.9326599326599326, 1.0)",2,99.86627602417076,5290
"(0.9665831244778612, 1.0)",2,99.86627570715696,5292
"(0.9665831244778612, 1.0)",2,99.86626901395388,5294
"(0.9497171590194846, 1.0)",2,99.86626901395388,5296
"(0.9833229101521784, 1.0)",3,99.86626901395388,5299
"(0.9331662489557224, 1.0)",1,99.86626310888184,5300
"(0.9497171590194848, 1.0)",1,99.86620631812738,5301
"(0.9665831244778612, 1.0)",2,99.86620631812738,5303
"(0.9161952650324744, 1.0)",1,99.86618484185132,5304
"(0.9164652836623464, 1.0)",1,99.86618244268185,5305
"(0.9161952650324744, 1.0)",1,99.86617441867016,5306
"(0.9161952650324744, 1.0)",3,99.86616399548902,5309
"(0.9833229101521784, 1.0)",1,99.86614952737293,5310
"(0.9331094582012576, 1.0)",1,99.86614952737293,5311
"(0.9497171590194848, 1.0)",1,99.8661369290978,5312
"(0.9161952650324744, 1.0)",8,99.86610129966252,5320
"(0.9833229101521784, 1.0)",1,99.86610129966252,5321
"(0.9666562434855118, 1.0)",2,99.86609056152447,5323
"(0.9497171590194848, 1.0)",1,99.86609056152447,5324
"(0.9833229101521784, 1.0)",3,99.86608013834334,5327
"(0.9497171590194848, 1.0)",1,99.86608013834334,5328
"(0.916104916104916, 1.0)",5,99.86607364656146,5333
"(0.9833229101521784, 1.0)",1,99.8660419221962,5334
"(1.0, 1.0)",1,99.86603782752692,5335
"(0.9665831244778612, 1.0)",1,99.86601744251683,5336
"(0.9497171590194848, 1.0)",1,99.86601744251683,5337
"(1.0, 1.0)",1,99.86599723319428,5338
"(0.9506533178503804, 1.0)",2,99.86599723319428,5340
"(0.882673371045464, 1.0)",16,99.86599628119764,5356
"(0.9333333333333332, 1.0)",1,99.86599326599328,5357
"(0.9665831244778612, 1.0)",1,99.86597922636972,5358
"(0.9666666666666668, 1.0)",1,99.86597241963096,5359
"(0.9833229101521784, 1.0)",2,99.8659619964498,5361
"(0.9326599326599326, 1.0)",1,99.8659619964498,5362
"(0.9833229101521784, 1.0)",1,99.86595157326865,5363
"(0.9499687304565352, 1.0)",3,99.86595157326865,5366
"(0.9326599326599326, 1.0)",9,99.86595157326865,5375
"(0.9326599326599326, 1.0)",4,99.86592179275108,5379
"(0.9833229101521784, 1.0)",1,99.86592179275108,5380
"(0.94993894993895, 1.0)",2,99.86592179275108,5382
"(0.9161952650324744, 1.0)",4,99.86591242405196,5386
"(0.9497171590194846, 1.0)",1,99.86591242405196,5387
"(0.9326599326599326, 1.0)",1,99.86589930062333,5388
"(0.9665831244778612, 1.0)",4,99.86588887744216,5392
"(0.9326599326599326, 1.0)",8,99.86588887744216,5400
"(0.9326599326599326, 1.0)",2,99.86582618161566,5402
"(1.0, 1.0)",4,99.86582618161566,5406
"(0.9665831244778612, 1.0)",1,99.86582618161566,5407
"(0.9326599326599326, 1.0)",1,99.8657693908612,5408
"(1.0, 1.0)",1,99.8657693908612,5409
"(0.9331094582012576, 1.0)",1,99.8657693908612,5410
"(0.9497171590194846, 1.0)",5,99.8657000018316,5415
"(0.9326599326599326, 1.0)",10,99.8657000018316,5425
"(0.898989898989899, 1.0)",2,99.86563571929426,5427
"(0.9833229101521784, 1.0)",1,99.86563571929426,5428
"(0.898989898989899, 1.0)",8,99.86557302346776,5436
"(0.9326599326599326, 1.0)",4,99.86550173071352,5440
"(0.9666666666666668, 1.0)",7,99.86533349216276,5447
"(1.0, 1.0)",1,99.86533349216276,5448
"(0.9153439153439156, 1.0)",1,99.86533349216276,5449
"(0.9497171590194848, 1.0)",1,99.865332855123,5450
"(0.9153439153439156, 1.0)",1,99.8653230689816,5451
"(0.9666562434855118, 1.0)",10,99.8653230689816,5461
"(0.9326599326599326, 1.0)",10,99.86531986531986,5471
"(0.9833229101521784, 1.0)",1,99.86531264580046,5472
"(0.9153439153439156, 1.0)",3,99.86531264580046,5475
"(0.9153439153439152, 1.0)",3,99.86531264580046,5478
"(1.0, 1.0)",2,99.86531264580046,5480
"(0.94993894993895, 1.0)",4,99.86528286528286,5484
"(0.9153439153439156, 1.0)",1,99.86528286528286,5485
"(0.9497171590194846, 1.0)",1,99.86527015929649,5486
"(1.0, 1.0)",1,99.86524994997396,5487
"(0.9153439153439152, 1.0)",3,99.86524994997396,5490
"(0.9665831244778612, 1.0)",1,99.86524994997396,5491
"(0.9833229101521784, 1.0)",2,99.86524994997396,5493
"(0.9153439153439156, 1.0)",3,99.86524994997396,5496
"(0.8651903651903651, 1.0)",4,99.86519036519036,5500
"(0.9153439153439156, 1.0)",5,99.8650610743634,5505
"(1.0, 1.0)",2,99.8650610743634,5507
"(0.9497171590194848, 1.0)",1,99.8650610743634,5508
"(0.9497171590194846, 1.0)",9,99.8650610743634,5517
"(0.9153439153439152, 1.0)",7,99.8650610743634,5524
"(0.8814814814814814, 1.0)",14,99.86480439163368,5538
"(0.9833229101521784, 1.0)",1,99.86480439163368,5539
"(0.8813080639167598, 1.0)",12,99.86463097406894,5551
"(0.8645971914264597, 1.0)",1,99.86459719142648,5552
"(0.8811945374355704, 1.0)",13,99.86451744758776,5565
"(0.9666666666666668, 1.0)",4,99.86436487638534,5569
"(0.8976982097186702, 1.0)",1,99.86436487638534,5570
"(0.8976982097186702, 1.0)",3,99.8643544532042,5573
"(0.9666562434855118, 1.0)",2,99.8643544532042,5575
"(1.0, 1.0)",5,99.86434403002303,5580
"(0.9833229101521784, 1.0)",6,99.86434403002303,5586
"(0.8976982097186702, 1.0)",16,99.86434403002303,5602
"(0.9153439153439152, 1.0)",1,99.86431379114306,5603
"(0.9665831244778612, 1.0)",6,99.86428133419652,5609
"(1.0, 1.0)",2,99.86428133419652,5611
"(0.8976982097186702, 1.0)",37,99.86428133419652,5648
"(1.0, 1.0)",1,99.86394422433472,5649
"(0.9326599326599326, 1.0)",2,99.86387686387688,5651
"(0.9833229101521784, 1.0)",2,99.86385387540714,5653
"(0.8635976129582268, 1.0)",18,99.86359761295824,5671
"(0.8633762288330498, 1.0)",21,99.86337622883303,5692
"(0.9665831244778612, 1.0)",1,99.86315815718449,5693
"(1.0, 1.0)",11,99.8629704493742,5704
"(0.9833229101521784, 1.0)",18,99.8629704493742,5722
"(0.8796475392220073, 1.0)",76,99.8629704493742,5798
"(0.9833229101521784, 1.0)",1,99.86265517255474,5799
"(0.8615866942983156, 1.0)",6,99.86158669429832,5805
"(0.9665831244778612, 1.0)",1,99.86158354889004,5806
"(0.9584987529902784, 1.0)",1,99.86121599700444,5807
"(0.9580331374974232, 1.0)",2,99.86120419756226,5809
"(0.861111111111111, 1.0)",82,99.86111111111111,5891
"(1.0, 1.0)",13,99.86111111111111,5904
"(0.9300671002153482, 1.0)",1,99.86107571148712,5905
"(0.8886514719848052, 1.0)",1,99.86090400274796,5906
"(0.9442283950617284, 1.0)",1,99.86088432146856,5907
"(0.9441792447111594, 1.0)",1,99.86086580237516,5908
"(0.9300671002153482, 1.0)",1,99.86072824920824,5909
"(0.9297812306740878, 1.0)",1,99.86054546491576,5910
"(0.9295946890286512, 1.0)",1,99.86043139618116,5911
"(0.9441792447111594, 1.0)",1,99.86035301090836,5912
"(0.9018806250259218, 1.0)",1,99.86030997067331,5913
"(0.9295946890286512, 1.0)",1,99.86019933186331,5914
"(0.9720813204508856, 1.0)",1,99.86019209133796,5915
"(0.9295946890286512, 1.0)",1,99.86017668006671,5916
"(0.9297812306740878, 1.0)",1,99.86013446718334,5917
"(0.9295946890286512, 1.0)",1,99.86005341367913,5918
"(0.9301144010060736, 1.0)",1,99.85998584457816,5919
"(0.9295946890286512, 1.0)",1,99.8597778077224,5920
"(0.9833229101521784, 1.0)",1,99.85970578653506,5921
"(0.9009287520039462, 1.0)",1,99.85922240863874,5922
"(1.0, 1.0)",3,99.85889119529492,5925
"(0.8703703703703703, 1.0)",10,99.85369328052256,5935
"(0.8533622685185187, 1.0)",1,99.85336226851852,5936
"(0.8697983697983697, 1.0)",5,99.85312127995056,5941
"(0.8692185007974482, 1.0)",1,99.85254141094964,5942
"(0.9665831244778612, 1.0)",1,99.85177482713875,5943
"(0.868077055383557, 1.0)",2,99.85139996553572,5945
"(1.0, 1.0)",1,99.85138768041016,5946
"(0.8845578466141503, 1.0)",3,99.85120366691852,5949
"(1.0, 1.0)",1,99.85120366691852,5950
"(0.8845578466141503, 1.0)",1,99.851140971092,5951
"(0.851037851037851, 1.0)",3,99.85103785103786,5954
"(0.9009534009534008, 1.0)",2,99.85092213140992,5956
"(0.9009534009534008, 1.0)",1,99.85085943558344,5957
"(0.9333333333333332, 1.0)",1,99.85077917760844,5958
"(0.917415489944373, 1.0)",1,99.85071755373424,5959
"(1.0, 1.0)",2,99.85071225071223,5961
"(0.8840455840455841, 1.0)",1,99.85071225071223,5962
"(0.917415489944373, 1.0)",1,99.85070713055308,5963
"(1.0, 1.0)",5,99.85069140434994,5968
"(0.934122934122934, 1.0)",1,99.85067478905734,5969
"(0.9009534009534008, 1.0)",1,99.85067055997288,5970
"(0.9833229101521784, 1.0)",1,99.85067055798764,5971
"(0.8840048840048841, 1.0)",1,99.85065070430925,5972
"(0.917415489944373, 1.0)",2,99.8506444347266,5974
"(0.8840455840455841, 1.0)",3,99.85062870852344,5977
"(0.9665831244778612, 1.0)",1,99.85061778900032,5978
"(0.9665831244778612, 1.0)",1,99.85061209323084,5979
"(0.9331094582012576, 1.0)",2,99.85055530247637,5981
"(1.0, 1.0)",3,99.85052457984789,5984
"(0.917469251615593, 1.0)",1,99.85050932078724,5985
"(0.9331094582012576, 1.0)",2,99.85048837558016,5987
"(0.9666562434855118, 1.0)",1,99.8504758102916,5988
"(0.917415489944373, 1.0)",1,99.85045555911604,5989
"(0.9665831244778612, 1.0)",1,99.8504505150772,5990
"(0.9833229101521784, 1.0)",3,99.85041898655058,5993
"(0.9497171590194848, 1.0)",1,99.85041898655058,5994
"(1.0, 1.0)",1,99.85040269128396,5995
"(0.9333333333333332, 1.0)",1,99.85037523452158,5996
"(1.0, 1.0)",1,99.85033354179696,5997
"(0.9161952650324744, 1.0)",1,99.8503181991554,5998
"(1.0, 1.0)",1,99.85029333809824,5999
"(0.9003556829643787, 1.0)",1,99.85026171759442,6000
"(0.9499358151476252, 1.0)",1,99.8502483538427,6001
"(0.9499687304565352, 1.0)",1,99.85023064227173,6002
"(0.9665831244778612, 1.0)",1,99.85023064227173,6003
"(0.9665831244778612, 1.0)",1,99.85020815014396,6004
"(0.9169719169719168, 1.0)",2,99.85020086175412,6006
"(0.9665831244778612, 1.0)",1,99.85016794644524,6007
"(0.9665831244778612, 1.0)",2,99.85013816592765,6009
"(0.9326599326599326, 1.0)",1,99.85010577693504,6010
"(1.0, 1.0)",1,99.85008763588937,6011
"(0.9326599326599326, 1.0)",1,99.85004877687804,6012
"(0.9331094582012576, 1.0)",2,99.85004845986428,6014
"(1.0, 1.0)",1,99.84996873045654,6015
"(0.9333333333333332, 1.0)",9,99.84994788409423,6024
"(0.9833229101521784, 1.0)",1,99.84992703773192,6025
"(0.8832603710652491, 1.0)",2,99.84991661455076,6027
"(0.9161952650324744, 1.0)",1,99.84991425606852,6028
"(0.9166145507608924, 1.0)",1,99.8499061913696,6029
"(0.9833229101521784, 1.0)",2,99.8499061913696,6031
"(0.9166145507608922, 1.0)",1,99.8499061913696,6032
"(0.9499687304565352, 1.0)",1,99.8499061913696,6033
"(1.0, 1.0)",1,99.8499061913696,6034
"(0.9499687304565352, 1.0)",1,99.8499061913696,6035
"(0.8832603710652491, 1.0)",2,99.8499061913696,6037
"(1.0, 1.0)",1,99.84990619136958,6038
"(0.9506533178503804, 1.0)",1,99.84989637498818,6039
"(0.9333333333333332, 1.0)",1,99.84989561144889,6040
"(0.9333333333333332, 1.0)",2,99.84988518826772,6042
"(0.9833229101521784, 1.0)",2,99.8498745708658,6044
"(0.9833229101521784, 1.0)",1,99.84986434190544,6045
"(0.9665831244778612, 1.0)",1,99.84986434190542,6046
"(0.9166145507608924, 1.0)",1,99.84985391872426,6047
"(0.9665831244778612, 1.0)",5,99.84984349554313,6052
"(0.9166145507608924, 1.0)",1,99.84984349554313,6053
"(0.9499687304565352, 1.0)",3,99.84984349554313,6056
"(1.0, 1.0)",3,99.84984349554313,6059
"(0.9333333333333332, 1.0)",2,99.84982249244123,6061
"(0.9665831244778612, 1.0)",1,99.84982249244123,6062
"(0.9833229101521784, 1.0)",1,99.84981371502552,6063
"(0.94993894993895, 1.0)",2,99.84981371502552,6065
"(0.9331662489557224, 1.0)",1,99.84980164607892,6066
"(1.0, 1.0)",1,99.8497807997166,6067
"(0.9166145507608924, 1.0)",1,99.8497807997166,6068
"(0.9665831244778612, 1.0)",2,99.8497807997166,6070
"(0.9331094582012576, 1.0)",1,99.84976570168678,6071
"(0.94993894993895, 1.0)",1,99.84976144238018,6072
"(0.94993894993895, 1.0)",1,99.84975101919903,6073
"(0.916449550595892, 1.0)",1,99.8497411912046,6074
"(0.9833229101521784, 1.0)",2,99.84971810389013,6076
"(0.8997493734335841, 1.0)",1,99.84971810389013,6077
"(0.882673371045464, 1.0)",1,99.84970633807843,6078
"(0.9333333333333332, 1.0)",2,99.84969631265716,6080
"(0.9331662489557224, 1.0)",1,99.8496851885812,6081
"(0.9497171590194848, 1.0)",1,99.84967546629488,6082
"(0.9666562434855118, 1.0)",2,99.8496650431137,6084
"(1.0, 1.0)",1,99.84966163014944,6085
"(0.9331094582012576, 1.0)",1,99.84966131313566,6086
"(1.0, 1.0)",2,99.84965540806364,6088
"(0.9331662489557224, 1.0)",1,99.84965540806364,6089
"(0.8997493734335841, 1.0)",2,99.84965540806364,6091
"(0.8663324979114452, 1.0)",2,99.84965540806364,6093
"(0.9833229101521784, 1.0)",1,99.84962989227466,6094
"(0.9326599326599326, 1.0)",1,99.84959893432294,6095
"(0.9833229101521784, 1.0)",1,99.84959861730916,6096
"(0.9833229101521784, 1.0)",2,99.84959192410606,6098
"(0.9497171590194846, 1.0)",1,99.84959192410606,6099
"(0.9499687304565352, 1.0)",1,99.84959192410604,6100
"(0.9833229101521784, 1.0)",2,99.84959192410604,6102
"(1.0, 1.0)",1,99.84959192410604,6103
"(0.9331662489557224, 1.0)",1,99.84958601903404,6104
"(1.0, 1.0)",1,99.84955900879714,6105
"(0.9665831244778612, 1.0)",1,99.84955007464188,6106
"(0.933249791144528, 1.0)",2,99.84955007464188,6108
"(0.9665831244778612, 1.0)",2,99.84952922827956,6110
"(0.9833229101521784, 1.0)",1,99.84952922827956,6111
"(0.9497171590194846, 1.0)",1,99.84952922827956,6112
"(1.0, 1.0)",2,99.84952922827956,6114
"(0.9164652836623464, 1.0)",1,99.849505352834,6115
"(0.9161952650324744, 1.0)",1,99.84949732882234,6116
"(0.9833229101521784, 1.0)",1,99.84948961976755,6117
"(0.9161952650324744, 1.0)",4,99.8494869056412,6121
"(0.9833229101521784, 1.0)",2,99.8494724375251,6123
"(0.933096859926128, 1.0)",1,99.84947026243113,6124
"(0.8997493734335841, 1.0)",7,99.84946653245306,6131
"(0.9497171590194848, 1.0)",1,99.84945983924996,6132
"(0.9833229101521784, 1.0)",1,99.84945983924996,6133
"(0.9161952650324744, 1.0)",2,99.849445056177,6135
"(0.9665831244778612, 1.0)",1,99.84942756573052,6136
"(0.9161952650324744, 1.0)",1,99.84942420981469,6137
"(0.916104916104916, 1.0)",1,99.84941740307592,6138
"(0.9666562434855118, 1.0)",1,99.84941347167666,6139
"(0.9326599326599326, 1.0)",1,99.84941005871238,6140
"(0.9497171590194846, 1.0)",1,99.8494030484955,6141
"(0.916104916104916, 1.0)",6,99.84939655671364,6147
"(0.9161952650324744, 1.0)",2,99.8493615139882,6149
"(0.9665831244778612, 1.0)",1,99.849340352669,6150
"(0.9497171590194846, 1.0)",2,99.849340352669,6152
"(0.882673371045464, 1.0)",1,99.84932961453096,6153
"(0.9506533178503804, 1.0)",1,99.84932014334647,6154
"(0.882673371045464, 1.0)",7,99.84931919134982,6161
"(0.9326599326599326, 1.0)",4,99.84931617614544,6165
"(0.9666666666666668, 1.0)",1,99.84930575296428,6166
"(0.9326599326599326, 1.0)",7,99.84927448342084,6173
"(0.9499687304565352, 1.0)",2,99.84927448342084,6175
"(0.9166145507608924, 1.0)",4,99.84927448342084,6179
"(0.9665831244778612, 1.0)",1,99.849268261335,6180
"(1.0, 1.0)",1,99.849268261335,6181
"(0.882673371045464, 1.0)",11,99.84925649552332,6192
"(0.9331662489557224, 1.0)",1,99.84923944069538,6193
"(0.9833229101521784, 1.0)",1,99.84923533420414,6194
"(0.9161952650324744, 1.0)",4,99.84923533420414,6198
"(0.9326599326599326, 1.0)",1,99.84923263395665,6199
"(0.9666562434855118, 1.0)",1,99.84922221077548,6200
"(0.9331094582012576, 1.0)",2,99.84921437430616,6202
"(1.0, 1.0)",1,99.84921178759431,6203
"(0.9326599326599326, 1.0)",3,99.84921178759431,6206
"(0.9499687304565352, 1.0)",4,99.84921178759431,6210
"(0.9833229101521784, 1.0)",2,99.84921147058054,6212
"(1.0, 1.0)",5,99.84919183166993,6217
"(0.9665831244778612, 1.0)",1,99.84917887228542,6218
"(1.0, 1.0)",1,99.84915147705846,6219
"(0.8491514770584537, 1.0)",4,99.84915147705846,6223
"(0.9497171590194848, 1.0)",1,99.84915147705846,6224
"(0.9497171590194846, 1.0)",2,99.84915147705846,6226
"(0.9326599326599326, 1.0)",1,99.84914909176784,6227
"(0.9833229101521784, 1.0)",2,99.84914909176784,6229
"(0.916104916104916, 1.0)",2,99.84914498527658,6231
"(0.9326599326599326, 1.0)",1,99.84909230101336,6232
"(0.9331094582012576, 1.0)",2,99.84909230101336,6234
"(0.9666666666666668, 1.0)",1,99.84904375834608,6235
"(0.9497171590194848, 1.0)",2,99.84903333516492,6237
"(0.898989898989899, 1.0)",1,99.84897947580876,6238
"(0.9497171590194846, 1.0)",1,99.84896021615728,6239
"(1.0, 1.0)",1,99.84896021615728,6240
"(0.9665831244778612, 1.0)",4,99.84896021615728,6244
"(0.9326599326599326, 1.0)",1,99.84896021615728,6245
"(0.898989898989899, 1.0)",1,99.84895862944644,6246
"(0.898989898989899, 1.0)",1,99.84889593361994,6247
"(0.9161952650324744, 1.0)",5,99.84885519769242,6252
"(0.9326599326599326, 1.0)",1,99.84885519769242,6253
"(0.9666666666666668, 1.0)",1,99.84884997567924,6254
"(0.9499687304565352, 1.0)",1,99.84876505608212,6255
"(0.9833229101521784, 1.0)",1,99.84876505608212,6256
"(0.9326599326599326, 1.0)",2,99.84876484876484,6258
"(0.916104916104916, 1.0)",2,99.84876484876484,6260
"(1.0, 1.0)",2,99.84870705800938,6262
"(0.898989898989899, 1.0)",3,99.84870705800938,6265
"(0.9153439153439152, 1.0)",2,99.84867724867723,6267
"(0.9153439153439152, 1.0)",1,99.84865640231492,6268
"(1.0, 1.0)",1,99.84864597913378,6269
"(0.9666562434855118, 1.0)",3,99.84864597913378,6272
"(0.9326599326599326, 1.0)",3,99.84864277547204,6275
"(0.8653198653198653, 1.0)",1,99.84864277547204,6276
"(0.8762860082304527, 1.0)",1,99.84863575159083,6277
"(0.9499687304565352, 1.0)",3,99.84863555595264,6280
"(0.94993894993895, 1.0)",1,99.84860577543505,6281
"(0.9153439153439156, 1.0)",2,99.84860577543505,6283
"(0.933249791144528, 1.0)",1,99.84859370648844,6284
"(0.9153439153439152, 1.0)",1,99.84858328330728,6285
"(0.9326599326599326, 1.0)",1,99.84857306942868,6286
"(0.9665831244778612, 1.0)",3,99.84857286012613,6289
"(0.9153439153439152, 1.0)",1,99.84857286012613,6290
"(0.9153439153439156, 1.0)",3,99.84857286012613,6293
"(0.9833229101521784, 1.0)",1,99.84857286012613,6294
"(0.8762860082304527, 1.0)",3,99.8485677542622,6297
"(0.9833229101521784, 1.0)",2,99.84851327534254,6299
"(0.8651903651903651, 1.0)",6,99.84851327534254,6305
"(1.0, 1.0)",1,99.84851327534254,6306
"(0.9153439153439152, 1.0)",3,99.84851016429964,6309
"(0.9153439153439156, 1.0)",1,99.84851016429964,6310
"(0.933096859926128, 1.0)",1,99.84844077527003,6311
"(0.9497171590194846, 1.0)",2,99.84840419383812,6313
"(0.9497171590194846, 1.0)",11,99.84838398451558,6324
"(0.9153439153439152, 1.0)",3,99.84838398451558,6327
"(0.9153439153439156, 1.0)",6,99.84838398451558,6333
"(1.0, 1.0)",3,99.84838398451558,6336
"(0.9833229101521784, 1.0)",4,99.84837928676184,6340
"(0.8976982097186702, 1.0)",2,99.84835152756904,6342
"(0.9326599326599326, 1.0)",1,99.84821293293696,6343
"(0.9666562434855118, 1.0)",1,99.84813934582422,6344
"(0.9665831244778612, 1.0)",1,99.84812892264306,6345
"(0.8814814814814814, 1.0)",4,99.84812730178584,6349
"(0.8976982097186702, 1.0)",1,99.84809429060256,6350
"(0.8814814814814814, 1.0)",2,99.84806460595934,6352
"(0.9665831244778612, 1.0)",1,99.84806460595934,6353
"(0.9833229101521784, 1.0)",3,99.84802030426134,6356
"(0.9153439153439152, 1.0)",8,99.84800384800386,6364
"(0.9326599326599326, 1.0)",7,99.84800384800386,6371
"(1.0, 1.0)",1,99.84800384800386,6372
"(0.9153439153439156, 1.0)",5,99.84800384800386,6377
"(0.8813080639167598, 1.0)",5,99.84795388422113,6382
"(0.9666562434855118, 1.0)",1,99.84795047021366,6383
"(0.9833229101521784, 1.0)",1,99.84792406877966,6384
"(0.9665831244778612, 1.0)",1,99.8478911883946,6385
"(0.8813080639167598, 1.0)",2,99.8478911883946,6387
"(0.9833229101521784, 1.0)",3,99.84784035773993,6390
"(0.8811945374355704, 1.0)",1,99.84777766191344,6391
"(0.944563492063492, 1.0)",1,99.84775817171608,6392
"(0.8976982097186702, 1.0)",1,99.8476877865375,6393
"(1.0, 1.0)",1,99.8476877865375,6394
"(0.9666666666666668, 1.0)",4,99.8476877865375,6398
"(1.0, 1.0)",1,99.84767736335635,6399
"(0.8976982097186702, 1.0)",3,99.84767736335635,6402
"(0.9499687304565352, 1.0)",4,99.8476669401752,6406
"(0.9833229101521784, 1.0)",3,99.8476669401752,6409
"(1.0, 1.0)",7,99.8476669401752,6416
"(0.8976982097186702, 1.0)",6,99.8476669401752,6422
"(0.94993894993895, 1.0)",3,99.84763715965762,6425
"(0.8976982097186702, 1.0)",1,99.84763715965762,6426
"(0.944563492063492, 1.0)",1,99.84762367070115,6427
"(0.8476190476190477, 1.0)",18,99.84761904761903,6445
"(0.8976982097186702, 1.0)",1,99.84761466752988,6446
"(0.9833229101521784, 1.0)",2,99.8476042443487,6448
"(1.0, 1.0)",1,99.8476042443487,6449
"(0.9665831244778612, 1.0)",2,99.8476042443487,6451
"(0.8976982097186702, 1.0)",14,99.8476042443487,6465
"(0.930704099821747, 1.0)",1,99.84752959610212,6466
"(0.9497171590194848, 1.0)",2,99.84741536873815,6468
"(0.8976982097186702, 1.0)",14,99.84741536873815,6482
"(0.9497171590194846, 1.0)",14,99.84741536873815,6496
"(1.0, 1.0)",5,99.84741536873815,6501
"(0.944563492063492, 1.0)",2,99.84740225631695,6503
"(0.944563492063492, 1.0)",1,99.84730347203552,6504
"(0.958422459893048, 1.0)",1,99.84728076464567,6505
"(0.9581458989353726, 1.0)",2,99.84719592402864,6507
"(0.944563492063492, 1.0)",1,99.84705559324016,6508
"(0.944563492063492, 1.0)",1,99.84703362868768,6509
"(0.944563492063492, 1.0)",1,99.8470294146097,6510
"(0.8887202421952387, 1.0)",1,99.84702352383968,6511
"(1.0, 1.0)",1,99.84692098305256,6512
"(0.8635976129582268, 1.0)",15,99.8469205231104,6527
"(1.0, 1.0)",1,99.84689516832374,6528
"(0.8468951683237397, 1.0)",14,99.84689516832374,6542
"(0.9441792447111594, 1.0)",1,99.84687980674234,6543
"(0.9300671002153482, 1.0)",1,99.84686938183364,6544
"(0.9441792447111594, 1.0)",1,99.84681301055248,6545
"(0.9303715638302106, 1.0)",1,99.84676305833165,6546
"(0.8467532467532467, 1.0)",9,99.84675324675324,6555
"(0.9303715638302106, 1.0)",1,99.84674626626264,6556
"(0.8633762288330498, 1.0)",21,99.84669913898524,6577
"(0.9833229101521784, 1.0)",1,99.84669913898524,6578
"(1.0, 1.0)",1,99.84669913898524,6579
"(0.8796475392220073, 1.0)",2,99.84668050625496,6581
"(0.9720813204508856, 1.0)",1,99.84665227732444,6582
"(0.9297812306740878, 1.0)",1,99.84664012770216,6583
"(0.9018806250259218, 1.0)",1,99.84663594280757,6584
"(0.944563492063492, 1.0)",2,99.8465669449598,6586
"(1.0, 1.0)",2,99.84656084656083,6588
"(0.944563492063492, 1.0)",1,99.84641071185531,6589
"(0.8796475392220073, 1.0)",3,99.84631420588867,6592
"(0.9666666666666668, 1.0)",2,99.84631420588867,6594
"(0.9442283950617284, 1.0)",1,99.84631190016444,6595
"(0.9666562434855118, 1.0)",1,99.84630378270752,6596
"(0.8796475392220073, 1.0)",2,99.84630378270752,6598
"(0.8796475392220073, 1.0)",33,99.84629335952636,6631
"(0.9833229101521784, 1.0)",6,99.84629335952636,6637
"(1.0, 1.0)",9,99.84629335952636,6646
"(0.9665831244778612, 1.0)",2,99.84623066369988,6648
"(1.0, 1.0)",5,99.84623066369988,6653
"(0.8796475392220073, 1.0)",37,99.84623066369988,6690
"(0.8879787907565686, 1.0)",1,99.8462219690232,6691
"(0.901575014782562, 1.0)",1,99.84613850684605,6692
"(0.901575014782562, 1.0)",1,99.84604908053012,6693
"(0.9158007932517735, 1.0)",1,99.84604599227984,6694
"(0.944563492063492, 1.0)",2,99.84600721255067,6696
"(0.9132521225544482, 1.0)",1,99.84591205521438,6697
"(0.9299160159815896, 1.0)",1,99.84576490878796,6698
"(0.9497171590194846, 1.0)",1,99.84572651126987,6699
"(0.9584987529902784, 1.0)",1,99.84554311189444,6700
"(0.9009287520039462, 1.0)",2,99.84534340161152,6702
"(0.8452611218568665, 1.0)",1,99.84526112185686,6703
"(0.9009287520039462, 1.0)",1,99.84502668136504,6704
"(0.844988344988345, 1.0)",37,99.84498834498834,6741
"(0.8615866942983156, 1.0)",10,99.84490960445048,6751
"(0.9665831244778612, 1.0)",1,99.84490645904222,6752
"(1.0, 1.0)",6,99.84443402126328,6758
"(0.861111111111111, 1.0)",105,99.84443402126328,6863
"(0.9833229101521784, 1.0)",8,99.84443402126328,6871
"(0.9497171590194846, 1.0)",1,99.84438200170077,6872
"(1.0, 1.0)",8,99.8420013166557,6880
"(0.8420013166556946, 1.0)",54,99.8420013166557,6934
"(0.8420013166556947, 1.0)",35,99.8420013166557,6969
"(1.0, 1.0)",3,99.83954016959524,6972
"(0.8533622685185187, 1.0)",2,99.839529609949,6974
"(0.917849761232425, 1.0)",1,99.83791003331297,6975
"(0.837707400507675, 1.0)",30,99.83770740050768,7005
"(1.0, 1.0)",2,99.83747276688452,7007
"(0.8372053872053872, 1.0)",1,99.8372053872054,7008
"(0.8703703703703703, 1.0)",1,99.83701619067472,7009
"(0.8703703703703703, 1.0)",1,99.83695349484825,7010
"(0.8697983697983697, 1.0)",1,99.83644419010272,7011
"(0.9499687304565352, 1.0)",1,99.83625927632156,7012
"(0.8697983697983697, 1.0)",1,99.83599434754764,7013
"(0.9333333333333332, 1.0)",1,99.8352741757776,7014
"(0.8845578466141503, 1.0)",1,99.83521116446454,7015
"(1.0, 1.0)",1,99.83505142650738,7016
"(0.8349489264123411, 1.0)",24,99.83494892641234,7040
"(0.9833229101521784, 1.0)",1,99.8349439312212,7041
"(0.9665831244778612, 1.0)",5,99.83475355054304,7046
"(0.868077055383557, 1.0)",3,99.83472287568792,7049
"(0.9833229101521784, 1.0)",1,99.83467805553366,7050
"(1.0, 1.0)",1,99.83459827630948,7051
"(0.8845578466141503, 1.0)",2,99.83452657707068,7053
"(0.8845578466141503, 1.0)",1,99.8344967965531,7054
"(0.8845578466141503, 1.0)",2,99.8344638812442,7056
"(0.8845578466141503, 1.0)",1,99.83427500563364,7057
"(0.9009534009534008, 1.0)",3,99.83424504156211,7060
"(0.8341307814992026, 1.0)",2,99.8341307814992,7062
"(0.9166145507608924, 1.0)",1,99.834060395036,7063
"(0.9333333333333332, 1.0)",1,99.83404508770364,7064
"(0.9333333333333332, 1.0)",1,99.83403939193413,7065
"(0.917469251615593, 1.0)",1,99.83402110654998,7066
"(1.0, 1.0)",2,99.834003394979,7068
"(0.8840048840048841, 1.0)",2,99.83397361446144,7070
"(0.917415489944373, 1.0)",1,99.83388077360672,7071
"(0.9665831244778612, 1.0)",1,99.83387800332602,7072
"(0.8997493734335841, 1.0)",1,99.83387230755652,7073
"(0.9833229101521784, 1.0)",2,99.83385099308911,7075
"(0.9499687304565352, 1.0)",1,99.83385099308911,7076
"(0.9833229101521784, 1.0)",1,99.83384749000008,7077
"(0.9665831244778612, 1.0)",2,99.83378829726264,7079
"(0.9665831244778612, 1.0)",1,99.83374612777246,7080
"(0.9497171590194848, 1.0)",2,99.83374189670276,7082
"(0.9331662489557224, 1.0)",1,99.83372560143614,7083
"(0.8840048840048841, 1.0)",1,99.83372204302437,7084
"(0.9665831244778612, 1.0)",1,99.83367920087626,7085
"(0.9331094582012576, 1.0)",1,99.83366881068169,7086
"(0.9583930063253372, 1.0)",1,99.83365175044544,7087
"(0.9833229101521784, 1.0)",1,99.83364732357308,7088
"(0.8832603710652491, 1.0)",3,99.8336162482504,7091
"(1.0, 1.0)",3,99.8336162482504,7094
"(0.930704099821747, 1.0)",1,99.83361065552434,7095
"(1.0, 1.0)",2,99.8335535524239,7097
"(0.9331662489557228, 1.0)",1,99.83354148347728,7098
"(0.933249791144528, 1.0)",1,99.83351170295973,7099
"(0.9833229101521784, 1.0)",1,99.8334908565974,7100
"(0.917469251615593, 1.0)",1,99.83345209442771,7101
"(0.9331094582012576, 1.0)",1,99.83343406584294,7102
"(1.0, 1.0)",1,99.83333994915546,7103
"(0.8333333333333334, 1.0)",1,99.83333333333334,7104
"(0.882673371045464, 1.0)",1,99.83332668889584,7105
"(0.8666666666666667, 1.0)",1,99.83331248697102,7106
"(0.930704099821747, 1.0)",1,99.833310344571,7107
"(0.9333333333333332, 1.0)",1,99.8332916406087,7108
"(0.9581458989353726, 1.0)",1,99.83328370106068,7109
"(0.9833229101521784, 1.0)",1,99.8332707942464,7110
"(0.9666562434855118, 1.0)",1,99.83326037106524,7111
"(0.8666666666666667, 1.0)",1,99.83324979114452,7112
"(0.9161952650324744, 1.0)",5,99.83324758940188,7117
"(0.8832603710652491, 1.0)",3,99.83323952470296,7120
"(1.0, 1.0)",2,99.8332291015218,7122
"(0.9833229101521784, 1.0)",2,99.8332291015218,7124
"(0.9499687304565352, 1.0)",1,99.8332291015218,7125
"(0.9166145507608924, 1.0)",2,99.83322910152178,7127
"(0.944563492063492, 1.0)",1,99.83322158096637,7128
"(0.9333333333333332, 1.0)",1,99.83321852160104,7129
"(0.9666562434855118, 1.0)",2,99.83319767523876,7131
"(0.9300671002153482, 1.0)",1,99.8331855533996,7132
"(0.9666562434855118, 1.0)",1,99.83317682887645,7133
"(0.9333333333333332, 1.0)",1,99.833175183111,7134
"(0.9833229101521784, 1.0)",1,99.8331664056953,7135
"(0.9166145507608924, 1.0)",2,99.8331664056953,7137
"(0.9665831244778612, 1.0)",4,99.8331664056953,7141
"(0.8832603710652491, 1.0)",2,99.8331664056953,7143
"(0.9665831244778612, 1.0)",1,99.83313478519148,7144
"(0.9666562434855118, 1.0)",1,99.83311413304996,7145
"(0.9665831244778612, 1.0)",1,99.8331037098688,7146
"(0.9833229101521784, 1.0)",1,99.8331037098688,7147
"(0.9499687304565352, 1.0)",1,99.8331037098688,7148
"(0.9441792447111594, 1.0)",1,99.83309717533486,7149
"(0.9303715638302106, 1.0)",1,99.83309246690764,7150
"(0.9333333333333332, 1.0)",2,99.83308270676692,7152
"(0.94993894993895, 1.0)",1,99.8330739293512,7153
"(0.8997493734335841, 1.0)",1,99.8330618604046,7154
"(0.9331662489557224, 1.0)",1,99.83305143722345,7155
"(0.9331094582012576, 1.0)",1,99.83304691911434,7156
"(0.8997493734335841, 1.0)",1,99.8330410140423,7157
"(0.9833229101521784, 1.0)",1,99.8330410140423,7158
"(0.9665831244778612, 1.0)",1,99.8330410140423,7159
"(0.9331662489557224, 1.0)",1,99.8330410140423,7160
"(0.9442283950617284, 1.0)",1,99.8330263566538,7161
"(1.0, 1.0)",1,99.83302474400035,7162
"(0.9497171590194846, 1.0)",1,99.83301922280936,7163
"(0.9833229101521784, 1.0)",1,99.8330087996282,7164
"(0.9441792447111594, 1.0)",2,99.8330002841054,7166
"(1.0, 1.0)",1,99.83299837644704,7167
"(0.9499687304565352, 1.0)",1,99.83299837644704,7168
"(0.8832603710652491, 1.0)",1,99.83297753008472,7169
"(1.0, 1.0)",1,99.83295280242685,7170
"(0.9497171590194846, 1.0)",1,99.83294461477584,7171
"(0.9441792447111594, 1.0)",1,99.83294401266092,7172
"(0.930124456440246, 1.0)",1,99.8329312710074,7173
"(0.94993894993895, 1.0)",1,99.83292302190924,7174
"(0.8329156223893065, 1.0)",63,99.83291562238932,7237
"(1.0, 1.0)",1,99.83291562238932,7238
"(0.9833229101521784, 1.0)",1,99.83291483425825,7239
"(1.0, 1.0)",1,99.83291483425825,7240
"(0.9499687304565352, 1.0)",1,99.83291483425825,7241
"(0.9665831244778612, 1.0)",3,99.83291483425825,7244
"(0.9497171590194848, 1.0)",1,99.83291483425825,7245
"(0.9445235834124724, 1.0)",1,99.83285946845407,7246
"(0.9300671002153482, 1.0)",1,99.8328555554944,7247
"(0.9666562434855118, 1.0)",1,99.83285222123476,7248
"(0.9497171590194848, 1.0)",1,99.83285213843176,7249
"(1.0, 1.0)",1,99.83285213843176,7250
"(0.9833229101521784, 1.0)",1,99.83285213843176,7251
"(0.9161952650324744, 1.0)",1,99.832851508518,7252
"(0.9506533178503804, 1.0)",1,99.83283662686296,7253
"(0.94993894993895, 1.0)",4,99.83282235791415,7257
"(0.9166145507608924, 1.0)",1,99.83280981579335,7258
"(0.9161952650324744, 1.0)",6,99.83280981579335,7264
"(0.9442283950617284, 1.0)",1,99.8328048390302,7265
"(0.9331094582012576, 1.0)",2,99.83279534767728,7267
"(0.9833229101521784, 1.0)",1,99.83278975961905,7268
"(0.8997493734335841, 1.0)",1,99.83278944260525,7269
"(0.9506533178503804, 1.0)",1,99.83277255362816,7270
"(0.9333333333333332, 1.0)",1,99.83276765137232,7271
"(0.9331094582012576, 1.0)",1,99.8327655671597,7272
"(0.9161952650324744, 1.0)",1,99.83274711996688,7273
"(0.9833229101521784, 1.0)",1,99.83274711996688,7274
"(0.9666562434855118, 1.0)",1,99.83273638182884,7275
"(0.9299507899507898, 1.0)",1,99.83273292744916,7276
"(0.9333333333333332, 1.0)",1,99.8327294352252,7277
"(0.9153439153439152, 1.0)",1,99.83272283272284,7278
"(0.9166145507608924, 1.0)",1,99.8327194668658,7279
"(0.916104916104916, 1.0)",1,99.8327194668658,7280
"(0.9833229101521784, 1.0)",2,99.8326961781301,7282
"(0.9161952650324744, 1.0)",3,99.83268442414038,7285
"(0.933249791144528, 1.0)",2,99.8326841091835,7287
"(0.944073617452092, 1.0)",1,99.83268012323002,7288
"(0.9833229101521784, 1.0)",1,99.8326632628212,7289
"(0.9665831244778612, 1.0)",1,99.8326632628212,7290
"(0.9331662489557224, 1.0)",1,99.8326538673137,7291
"(0.9833229101521784, 1.0)",1,99.83264846891568,7292
"(0.9666562434855118, 1.0)",1,99.83260781675416,7293
"(0.9299160159815896, 1.0)",1,99.83260305912437,7294
"(0.9497171590194848, 1.0)",1,99.8326005669947,7295
"(0.9499687304565352, 1.0)",4,99.832597393573,7299
"(0.9326599326599326, 1.0)",1,99.832597393573,7300
"(0.9326599326599326, 1.0)",5,99.832597393573,7305
"(0.916104916104916, 1.0)",1,99.83259407521282,7306
"(0.882673371045464, 1.0)",24,99.8325794056755,7330
"(0.9437903841498612, 1.0)",1,99.83257807670196,7331
"(0.9161952650324744, 1.0)",1,99.83256866753749,7332
"(0.9580331374974232, 1.0)",1,99.8325664893976,7333
"(0.9497171590194848, 1.0)",1,99.83255824435632,7334
"(0.9326599326599326, 1.0)",2,99.83254512092766,7336
"(0.9665831244778612, 1.0)",2,99.83253469774652,7338
"(0.9497171590194848, 1.0)",1,99.8325311779651,7339
"(1.0, 1.0)",1,99.83251474182212,7340
"(0.9665831244778612, 1.0)",1,99.83250491722892,7341
"(0.933249791144528, 1.0)",1,99.83249284828231,7342
"(0.9299507899507898, 1.0)",2,99.8324928401159,7344
"(0.9665831244778612, 1.0)",1,99.83248242510116,7345
"(0.8879787907565686, 1.0)",1,99.83247559246198,7346
"(0.8491514770584537, 1.0)",1,99.83247438721062,7347
"(0.9497171590194846, 1.0)",1,99.83247438721062,7348
"(0.9497171590194848, 1.0)",2,99.83247438721062,7350
"(0.9665831244778612, 1.0)",2,99.83247200192,7352
"(0.9665831244778612, 1.0)",1,99.83240930609352,7353
"(0.882673371045464, 1.0)",3,99.83239053006494,7356
"(0.9665831244778612, 1.0)",1,99.832373475237,7357
"(0.9497171590194848, 1.0)",1,99.83236268736462,7358
"(1.0, 1.0)",1,99.83234582213596,7359
"(0.9497171590194846, 1.0)",3,99.83234582213596,7362
"(0.9441792447111594, 1.0)",1,99.83232581604872,7363
"(0.9295946890286512, 1.0)",1,99.83232209373438,7364
"(0.9497171590194848, 1.0)",2,99.83228312630943,7366
"(0.9665831244778612, 1.0)",3,99.83228312630943,7369
"(0.898989898989899, 1.0)",5,99.8322815395986,7374
"(1.0, 1.0)",1,99.83222333222334,7375
"(0.9584987529902784, 1.0)",1,99.83220447769438,7376
"(0.9161952650324744, 1.0)",3,99.83217810784458,7379
"(0.9326599326599326, 1.0)",1,99.83217810784458,7380
"(0.8880984643179766, 1.0)",1,99.83216005435702,7381
"(0.898989898989899, 1.0)",2,99.83215614794562,7383
"(0.8814814814814814, 1.0)",1,99.83213479933188,7384
"(0.9331094582012576, 1.0)",1,99.83209935719115,7385
"(0.9326599326599326, 1.0)",1,99.8320942506989,7386
"(0.9497171590194846, 1.0)",1,99.8320942506989,7387
"(0.916104916104916, 1.0)",2,99.83208775891704,7389
"(0.9833229101521784, 1.0)",1,99.83208775891704,7390
"(0.9326599326599326, 1.0)",2,99.83208775891704,7392
"(0.9833229101521784, 1.0)",1,99.83205603455178,7393
"(0.9666666666666668, 1.0)",1,99.83204611677012,7394
"(0.901575014782562, 1.0)",1,99.83200955956411,7395
"(0.9153439153439156, 1.0)",1,99.83200015882944,7396
"(0.9666666666666668, 1.0)",1,99.83197931246713,7397
"(0.9331094582012576, 1.0)",1,99.83196985706168,7398
"(0.9666562434855118, 1.0)",1,99.83196888928596,7399
"(0.8653198653198653, 1.0)",3,99.83196568562424,7402
"(0.9153439153439152, 1.0)",6,99.8319584661048,7408
"(0.9833229101521784, 1.0)",1,99.8319584661048,7409
"(0.933249791144528, 1.0)",2,99.83191661664064,7411
"(0.9153439153439156, 1.0)",1,99.83191661664064,7412
"(0.9665831244778612, 1.0)",2,99.83191661664064,7414
"(0.9665831244778612, 1.0)",1,99.83190298979773,7415
"(0.9326599326599326, 1.0)",1,99.83190298979773,7416
"(0.9153439153439152, 1.0)",4,99.83189577027832,7420
"(1.0, 1.0)",2,99.83189577027832,7422
"(0.9153439153439156, 1.0)",1,99.83189577027832,7423
"(0.9506533178503804, 1.0)",1,99.83184785528596,7424
"(1.0, 1.0)",7,99.83184660867587,7431
"(0.9497171590194848, 1.0)",2,99.83183639479724,7433
"(0.9833229101521784, 1.0)",1,99.83183618549472,7434
"(0.8651903651903651, 1.0)",3,99.83183618549472,7437
"(0.9665831244778612, 1.0)",1,99.83183307445182,7438
"(0.9153439153439156, 1.0)",1,99.83183307445182,7439
"(1.0, 1.0)",1,99.83183307445182,7440
"(0.9833229101521784, 1.0)",1,99.83183307445182,7441
"(0.8976982097186702, 1.0)",1,99.8318211438416,7442
"(0.9331094582012576, 1.0)",2,99.83177628369737,7444
"(0.9153439153439152, 1.0)",1,99.83177628369737,7445
"(0.9665831244778612, 1.0)",1,99.83177348966822,7446
"(0.8651903651903651, 1.0)",5,99.83177348966822,7451
"(0.9497171590194846, 1.0)",1,99.83172710399027,7452
"(0.9497171590194848, 1.0)",1,99.83172710399027,7453
"(0.9833229101521784, 1.0)",1,99.83167829463916,7454
"(0.8976982097186702, 1.0)",2,99.83167443772123,7456
"(0.8316498316498316, 1.0)",1,99.83164983164984,7457
"(0.9326599326599326, 1.0)",1,99.83164983164984,7458
"(0.898989898989899, 1.0)",1,99.83164983164984,7459
"(0.9153439153439152, 1.0)",1,99.83164419884126,7460
"(0.9665831244778612, 1.0)",2,99.83164419884126,7462
"(0.9499358151476252, 1.0)",1,99.8315656236067,7463
"(0.9008627640703112, 1.0)",1,99.83154722818026,7464
"(0.9161952650324744, 1.0)",9,99.83153918037638,7473
"(0.8814814814814814, 1.0)",1,99.83147105830032,7474
"(0.9326599326599326, 1.0)",2,99.83145625828551,7476
"(0.8814814814814814, 1.0)",7,99.83145021193802,7483
"(0.916104916104916, 1.0)",1,99.83144883144882,7484
"(0.9153439153439156, 1.0)",2,99.83144883144882,7486
"(0.94993894993895, 1.0)",2,99.83142043142044,7488
"(0.8814814814814814, 1.0)",9,99.83138751611152,7497
"(1.0, 1.0)",1,99.831376997056,7498
"(0.9497171590194846, 1.0)",2,99.83134696747857,7500
"(0.9326599326599326, 1.0)",7,99.83132675815602,7507
"(0.9833229101521784, 1.0)",1,99.83132675815602,7508
"(0.9153439153439156, 1.0)",1,99.83132675815602,7509
"(0.8813080639167598, 1.0)",1,99.83128721755445,7510
"(0.8813080639167598, 1.0)",6,99.8312767943733,7516
"(0.9009287520039462, 1.0)",1,99.83125325072146,7517
"(0.8813080639167598, 1.0)",1,99.83124701385572,7518
"(0.8814814814814814, 1.0)",3,99.83119864050096,7521
"(0.9833229101521784, 1.0)",1,99.83116326789212,7522
"(0.8813080639167598, 1.0)",1,99.83102522293623,7523
"(0.9497171590194848, 1.0)",1,99.83102522293623,7524
"(0.9666666666666668, 1.0)",1,99.8310106966897,7525
"(0.8976982097186702, 1.0)",1,99.8310106966897,7526
"(0.8976982097186702, 1.0)",5,99.83098985032738,7531
"(1.0, 1.0)",1,99.83098985032738,7532
"(1.0, 1.0)",1,99.8309600698098,7533
"(0.9666666666666668, 1.0)",2,99.8309480008632,7535
"(0.933249791144528, 1.0)",3,99.8309480008632,7538
"(0.8476190476190477, 1.0)",7,99.83094195777124,7545
"(1.0, 1.0)",1,99.83094195777124,7546
"(0.944563492063492, 1.0)",2,99.83092842342842,7548
"(0.9833229101521784, 1.0)",1,99.83092715450088,7549
"(0.8976982097186702, 1.0)",10,99.83092715450088,7559
"(0.9665831244778612, 1.0)",2,99.83092715450088,7561
"(1.0, 1.0)",1,99.83092715450088,7562
"(0.8811945374355704, 1.0)",1,99.83091169645505,7563
"(0.9326599326599326, 1.0)",1,99.83088282067295,7564
"(0.9665831244778612, 1.0)",2,99.8308644586744,7566
"(0.8976982097186702, 1.0)",9,99.8308644586744,7575
"(0.9833229101521784, 1.0)",3,99.83073827889034,7578
"(0.8976982097186702, 1.0)",5,99.83073827889034,7583
"(0.8307349903094585, 1.0)",1,99.83073499030944,7584
"(0.9153439153439152, 1.0)",3,99.83068783068782,7587
"(0.9009287520039462, 1.0)",2,99.8305234410326,7589
"(0.9295946890286512, 1.0)",2,99.83050804582436,7591
"(0.9326599326599326, 1.0)",8,99.8303581423786,7599
"(0.8976982097186702, 1.0)",8,99.8303581423786,7607
"(0.8635976129582268, 1.0)",1,99.83026427962488,7608
"(0.8635976129582268, 1.0)",2,99.83025385644372,7610
"(0.8635976129582268, 1.0)",7,99.83024343326258,7617
"(0.8468951683237397, 1.0)",22,99.83021807847592,7639
"(0.9833229101521784, 1.0)",1,99.83021807847592,7640
"(0.8635976129582268, 1.0)",3,99.83018073743608,7643
"(0.9833229101521784, 1.0)",4,99.83007615690542,7647
"(0.8467532467532467, 1.0)",8,99.83007615690542,7655
"(0.8633762288330498, 1.0)",1,99.83003247231856,7656
"(0.8300265307680562, 1.0)",2,99.83002653076804,7658
"(0.8633762288330498, 1.0)",8,99.8300220491374,7666
"(0.8796475392220073, 1.0)",2,99.83000341640717,7668
"(0.9009287520039462, 1.0)",1,99.82997839670972,7669
"(0.9665831244778612, 1.0)",1,99.82995935331093,7670
"(0.8633762288330498, 1.0)",4,99.82995935331093,7674
"(1.0, 1.0)",1,99.82980397748884,7675
"(0.9666666666666668, 1.0)",2,99.82963711604086,7677
"(0.9666562434855118, 1.0)",2,99.8296266928597,7679
"(0.8796475392220073, 1.0)",1,99.8296266928597,7680
"(0.8796475392220073, 1.0)",1,99.82961626967855,7681
"(0.8796475392220073, 1.0)",9,99.82961626967854,7690
"(1.0, 1.0)",1,99.82961626967854,7691
"(0.9833229101521784, 1.0)",5,99.82961626967854,7696
"(0.94993894993895, 1.0)",9,99.82958648916096,7705
"(0.8796475392220073, 1.0)",1,99.82958648916096,7706
"(0.8295839885326742, 1.0)",3,99.82958398853268,7709
"(0.8796475392220073, 1.0)",1,99.82958335436965,7710
"(1.0, 1.0)",3,99.82955357385204,7713
"(0.9833229101521784, 1.0)",1,99.82955357385204,7714
"(0.9665831244778612, 1.0)",7,99.82955357385204,7721
"(0.8796475392220073, 1.0)",9,99.82955357385204,7730
"(0.8294970161977834, 1.0)",22,99.8294970161978,7752
"(0.9497171590194846, 1.0)",1,99.82936469824148,7753
"(0.9497171590194848, 1.0)",1,99.82936469824148,7754
"(0.8796475392220073, 1.0)",34,99.82936469824148,7788
"(1.0, 1.0)",3,99.82936469824148,7791
"(0.8976982097186702, 1.0)",1,99.82927527742731,7792
"(0.8452611218568665, 1.0)",1,99.82858403200903,7793
"(0.844988344988345, 1.0)",27,99.82831125514052,7820
"(0.9833229101521784, 1.0)",1,99.82831125514052,7821
"(0.8615866942983156, 1.0)",2,99.82823251460267,7823
"(1.0, 1.0)",3,99.82801213123794,7826
"(0.9666666666666668, 1.0)",2,99.82777777777778,7828
"(0.9666562434855118, 1.0)",2,99.82776735459665,7830
"(0.9833229101521784, 1.0)",4,99.82775693141546,7834
"(1.0, 1.0)",2,99.82775693141546,7836
"(0.861111111111111, 1.0)",22,99.82775693141546,7858
"(0.9833229101521784, 1.0)",1,99.82770491185292,7859
"(0.9665831244778612, 1.0)",4,99.82769423558898,7863
"(1.0, 1.0)",6,99.82769423558898,7869
"(0.861111111111111, 1.0)",40,99.82769423558898,7909
"(0.861111111111111, 1.0)",1,99.82730708886037,7910
"(0.9665831244778612, 1.0)",1,99.82628891101292,7911
"(1.0, 1.0)",2,99.8260618349904,7913
"(0.9833229101521784, 1.0)",11,99.82532422680788,7924
"(0.8420013166556946, 1.0)",46,99.82532422680788,7970
"(0.8420013166556947, 1.0)",13,99.82532422680788,7983
"(1.0, 1.0)",2,99.82532422680788,7985
"(0.9833229101521784, 1.0)",1,99.82396121022845,7986
"(1.0, 1.0)",1,99.82286307974742,7987
"(0.9833229101521784, 1.0)",1,99.82286307974742,7988
"(0.8222222222222222, 1.0)",30,99.82222222222222,8018
"(1.0, 1.0)",17,99.82222222222222,8035
"(0.9833229101521784, 1.0)",1,99.82103031065984,8036
"(0.837707400507675, 1.0)",9,99.82103031065984,8045
"(0.8374727668845315, 1.0)",2,99.82079567703671,8047
"(0.8703703703703703, 1.0)",2,99.8202764050004,8049
"(0.8703703703703703, 1.0)",4,99.82008752938984,8053
"(0.9299507899507898, 1.0)",2,99.81976786916294,8055
"(0.930704099821747, 1.0)",1,99.8197398607589,8056
"(0.930704099821747, 1.0)",1,99.81965770866108,8057
"(0.930704099821747, 1.0)",1,99.81964551072586,8058
"(0.9442283950617284, 1.0)",1,99.81960092643928,8059
"(0.9300671002153482, 1.0)",1,99.81957740582996,8060
"(0.9833229101521784, 1.0)",1,99.81957077406965,8061
"(0.8471527473990528, 1.0)",1,99.81948743026004,8062
"(0.9442283950617284, 1.0)",1,99.8194133019233,8063
"(0.8885714285714285, 1.0)",1,99.81940486442272,8064
"(0.9441792447111594, 1.0)",1,99.81935807299178,8065
"(0.9027777777777778, 1.0)",1,99.81934776272182,8066
"(0.944563492063492, 1.0)",1,99.81934296954958,8067
"(0.9442283950617284, 1.0)",1,99.8193128427914,8068
"(0.9299507899507898, 1.0)",1,99.8192363494196,8069
"(0.8471527473990528, 1.0)",2,99.81923406784996,8071
"(0.9299507899507898, 1.0)",1,99.81907146752972,8072
"(0.9158007932517735, 1.0)",1,99.81897503247288,8073
"(0.9441792447111594, 1.0)",1,99.81896888288884,8074
"(0.9299507899507898, 1.0)",3,99.81896007508,8077
"(0.9441792447111594, 1.0)",2,99.81893218461448,8079
"(0.944073617452092, 1.0)",1,99.81892335900756,8080
"(0.9442283950617284, 1.0)",1,99.8189170561172,8081
"(0.9299507899507898, 1.0)",1,99.81890026887964,8082
"(0.8880984643179766, 1.0)",2,99.81882505241327,8084
"(0.9299507899507898, 1.0)",1,99.8188121118388,8085
"(0.9295946890286512, 1.0)",1,99.8187595757532,8086
"(0.944073617452092, 1.0)",1,99.81869149815114,8087
"(0.9295946890286512, 1.0)",1,99.81868386932794,8088
"(0.9300671002153482, 1.0)",1,99.81855063605111,8089
"(0.9295946890286512, 1.0)",1,99.81849873912996,8090
"(0.9295946890286512, 1.0)",2,99.81844824927738,8092
"(0.930124456440246, 1.0)",2,99.81842556437832,8094
"(0.930124456440246, 1.0)",1,99.81840667298994,8095
"(0.9665831244778612, 1.0)",4,99.81835795161663,8099
"(0.9158007932517735, 1.0)",2,99.81835751416168,8101
"(0.8349489264123411, 1.0)",21,99.81827183656452,8122
"(0.9295946890286512, 1.0)",1,99.81822201743444,8123
"(0.9027777777777778, 1.0)",1,99.81816103470226,8124
"(0.9441792447111594, 1.0)",1,99.8181553828284,8125
"(1.0, 1.0)",1,99.8181476718062,8126
"(1.0, 1.0)",1,99.81808902598377,8127
"(0.868077055383557, 1.0)",3,99.8180457858401,8130
"(0.9303715638302106, 1.0)",1,99.81800818906186,8131
"(1.0, 1.0)",1,99.81800096568584,8132
"(0.868077055383557, 1.0)",2,99.8179830900136,8134
"(0.9665831244778612, 1.0)",1,99.81794819669852,8135
"(0.9583930063253372, 1.0)",1,99.81793420425036,8136
"(0.9833229101521784, 1.0)",1,99.8179236852564,8137
"(0.8845578466141503, 1.0)",1,99.81788075676631,8138
"(0.8845578466141503, 1.0)",1,99.81785991040402,8139
"(1.0, 1.0)",1,99.81785163532084,8140
"(0.8845578466141503, 1.0)",2,99.81784948722289,8142
"(0.901575014782562, 1.0)",1,99.81783506298804,8143
"(0.868077055383557, 1.0)",1,99.81779421440304,8144
"(0.8845578466141503, 1.0)",2,99.81778679139636,8146
"(0.8678757556806338, 1.0)",1,99.81778179031068,8147
"(0.9583930063253372, 1.0)",2,99.8177525429875,8149
"(0.9581458989353726, 1.0)",1,99.81770821228,8150
"(0.930124456440246, 1.0)",1,99.81769917903588,8151
"(0.9326599326599326, 1.0)",1,99.8176978292511,8152
"(0.8880984643179766, 1.0)",2,99.81769315334662,8154
"(0.9666666666666668, 1.0)",1,99.81764459215871,8155
"(0.901575014782562, 1.0)",1,99.81763263864562,8156
"(0.868077055383557, 1.0)",2,99.817595943285,8158
"(0.9331094582012576, 1.0)",3,99.81758826950934,8161
"(0.9009534009534008, 1.0)",1,99.8175679517143,8162
"(0.9665831244778612, 1.0)",4,99.81756104996992,8166
"(0.8341307814992026, 1.0)",3,99.81745369165138,8169
"(1.0, 1.0)",1,99.81745195358354,8170
"(0.9009534009534008, 1.0)",1,99.8174425600613,8171
"(0.9008025849489264, 1.0)",2,99.81741713570982,8173
"(0.9665831244778612, 1.0)",1,99.8173857094268,8174
"(0.9299507899507898, 1.0)",1,99.81735365898724,8175
"(1.0, 1.0)",1,99.817316378292,8176
"(0.8840048840048841, 1.0)",4,99.8172965246136,8180
"(0.9666562434855118, 1.0)",1,99.81728495200896,8181
"(0.917415489944373, 1.0)",1,99.81722755920444,8182
"(0.8840455840455841, 1.0)",1,99.81721183300132,8183
"(0.934122934122934, 1.0)",1,99.8171952177087,8184
"(1.0, 1.0)",1,99.81717390324133,8185
"(0.944073617452092, 1.0)",2,99.8171265938462,8187
"(0.9331094582012576, 1.0)",2,99.81711434220614,8189
"(0.917415489944373, 1.0)",1,99.8171013794204,8190
"(0.9497171590194848, 1.0)",1,99.81706480685494,8191
"(0.9333333333333332, 1.0)",1,99.8170314780071,8192
"(0.9506533178503804, 1.0)",1,99.81698581576184,8193
"(0.917415489944373, 1.0)",1,99.81695686997357,8194
"(0.9665831244778612, 1.0)",1,99.8168777573812,8195
"(0.9665831244778612, 1.0)",1,99.81687646257608,8196
"(0.94993894993895, 1.0)",2,99.8168466820585,8198
"(0.9003556829643787, 1.0)",1,99.81684484207229,8199
"(0.9665831244778612, 1.0)",2,99.81684484207229,8201
"(0.9331094582012576, 1.0)",1,99.8167880513178,8202
"(0.8840455840455841, 1.0)",1,99.81670551670553,8203
"(0.9169719169719168, 1.0)",1,99.81665780644794,8204
"(0.9, 1.0)",1,99.8166353971232,8205
"(0.9333333333333332, 1.0)",1,99.81660412757974,8206
"(0.9333333333333332, 1.0)",4,99.81659370439858,8210
"(0.9158007932517735, 1.0)",1,99.81658867039656,8211
"(0.9326599326599326, 1.0)",1,99.81655261847368,8212
"(0.8165520116739629, 1.0)",6,99.81655201167396,8218
"(0.9, 1.0)",2,99.8165518549344,8220
"(1.0, 1.0)",1,99.81653100857208,8221
"(0.9333333333333332, 1.0)",1,99.81653100857208,8222
"(0.9161952650324744, 1.0)",1,99.81651987267416,8223
"(0.9499687304565352, 1.0)",1,99.81650751988536,8224
"(0.9666562434855118, 1.0)",2,99.8164997390286,8226
"(0.8832603710652491, 1.0)",1,99.81648931584746,8227
"(1.0, 1.0)",1,99.81648931584746,8228
"(0.9665831244778612, 1.0)",1,99.81648931584746,8229
"(0.9499687304565352, 1.0)",1,99.81648931584746,8230
"(0.9333333333333332, 1.0)",1,99.8164891591079,8231
"(0.9666562434855118, 1.0)",1,99.81646995851104,8232
"(0.9333333333333332, 1.0)",3,99.8164683127456,8235
"(0.9833229101521784, 1.0)",1,99.81645953532988,8236
"(0.9441792447111594, 1.0)",1,99.81644041280904,8237
"(0.9331662489557224, 1.0)",1,99.81643704320211,8238
"(0.9499687304565352, 1.0)",1,99.81642662002098,8239
"(0.9665831244778612, 1.0)",1,99.81642662002098,8240
"(0.9166145507608924, 1.0)",1,99.81642662002096,8241
"(0.8497658497658497, 1.0)",1,99.8164116700702,8242
"(0.9331662489557224, 1.0)",1,99.81637434737564,8243
"(1.0, 1.0)",1,99.81636392419448,8244
"(0.8997493734335841, 1.0)",1,99.81636392419448,8245
"(0.9326599326599326, 1.0)",2,99.8163491431784,8247
"(0.9499687304565352, 1.0)",1,99.81634213296152,8248
"(0.9333333333333332, 1.0)",1,99.81634213296152,8249
"(0.9326599326599326, 1.0)",1,99.81633852577647,8250
"(0.9833229101521784, 1.0)",1,99.81630122836798,8251
"(0.9665831244778612, 1.0)",1,99.81630122836798,8252
"(0.8997493734335841, 1.0)",2,99.81630122836798,8254
"(0.8832603710652491, 1.0)",2,99.81630044023692,8256
"(0.9499687304565352, 1.0)",3,99.81630044023692,8259
"(0.9497171590194846, 1.0)",1,99.81630044023692,8260
"(0.9333333333333332, 1.0)",1,99.81627943713504,8261
"(0.9499687304565352, 1.0)",1,99.816275712579,8262
"(0.94993894993895, 1.0)",1,99.8162714478504,8263
"(0.8997493734335841, 1.0)",1,99.81623853254148,8264
"(0.8329156223893065, 1.0)",14,99.81623853254148,8278
"(0.9833229101521784, 1.0)",1,99.81623853254148,8279
"(0.9665831244778612, 1.0)",1,99.81623853254148,8280
"(0.9166145507608924, 1.0)",1,99.81623774441042,8281
"(0.9300671002153482, 1.0)",1,99.81619836660975,8282
"(0.816195709052852, 1.0)",1,99.81619570905283,8283
"(0.9331094582012576, 1.0)",1,99.81618764685903,8284
"(0.9833229101521784, 1.0)",1,99.81618174178702,8285
"(0.9331094582012576, 1.0)",1,99.81618174178702,8286
"(1.0, 1.0)",1,99.81617504858391,8287
"(0.9833229101521784, 1.0)",1,99.81615117313837,8288
"(0.9665831244778612, 1.0)",1,99.81613319911972,8289
"(0.933249791144528, 1.0)",2,99.81613319911972,8291
"(0.9161952650324744, 1.0)",1,99.81613272594556,8292
"(0.9506533178503804, 1.0)",1,99.81611631014265,8293
"(0.8997493734335841, 1.0)",1,99.81611235275744,8294
"(0.9161952650324744, 1.0)",1,99.81611172284369,8295
"(0.9497171590194848, 1.0)",1,99.81610565955432,8296
"(0.9161952650324744, 1.0)",1,99.81609981063664,8297
"(0.9161952650324744, 1.0)",1,99.81607003011904,8298
"(0.9666666666666668, 1.0)",2,99.81606971516216,8300
"(0.9153439153439156, 1.0)",1,99.8160556697142,8301
"(0.9666666666666668, 1.0)",1,99.81605264654046,8302
"(0.934122934122934, 1.0)",1,99.81604997394471,8303
"(0.8997493734335841, 1.0)",2,99.81604965693091,8305
"(0.9665831244778612, 1.0)",1,99.81604965693091,8306
"(0.9497171590194848, 1.0)",1,99.81604886879988,8307
"(1.0, 1.0)",1,99.81604574287502,8308
"(0.916104916104916, 1.0)",2,99.816042377018,8310
"(1.0, 1.0)",1,99.8160227544053,8311
"(0.9666562434855118, 1.0)",1,99.81599659615452,8312
"(0.9326599326599326, 1.0)",1,99.81599318319024,8313
"(0.9497171590194846, 1.0)",1,99.81598617297335,8314
"(0.9665831244778612, 1.0)",1,99.81598617297335,8315
"(0.9309563801089225, 1.0)",1,99.81597880099248,8316
"(0.9833229101521784, 1.0)",2,99.8159411500875,8318
"(0.882673371045464, 1.0)",1,99.81592316219,8319
"(1.0, 1.0)",2,99.8159203037252,8321
"(0.9499687304565352, 1.0)",2,99.81592030372518,8323
"(0.9326599326599326, 1.0)",2,99.81592030372518,8325
"(0.916104916104916, 1.0)",1,99.815916985365,8326
"(0.933096859926128, 1.0)",1,99.81589343982992,8327
"(1.0, 1.0)",1,99.8158886832214,8328
"(0.9665831244778612, 1.0)",1,99.815878454261,8329
"(0.9665831244778612, 1.0)",1,99.81585760789868,8330
"(0.9326599326599326, 1.0)",2,99.81585760789868,8332
"(0.916104916104916, 1.0)",1,99.81585428953848,8333
"(0.8997493734335841, 1.0)",3,99.81585428953848,8336
"(0.882673371045464, 1.0)",3,99.8158396200012,8339
"(0.9497171590194846, 1.0)",1,99.815818458682,8340
"(0.9833229101521784, 1.0)",1,99.8157949120722,8341
"(0.9326599326599326, 1.0)",3,99.8157949120722,8344
"(0.9166145507608924, 1.0)",4,99.81574942672503,8348
"(0.8491514770584537, 1.0)",5,99.81573460153632,8353
"(0.9497171590194846, 1.0)",1,99.81573460153632,8354
"(0.882673371045464, 1.0)",4,99.81571344021712,8358
"(0.9153439153439152, 1.0)",1,99.8156995983083,8359
"(0.9666666666666668, 1.0)",1,99.81568957865044,8360
"(0.9326599326599326, 1.0)",2,99.81566873228812,8362
"(0.9497171590194846, 1.0)",1,99.81566873228812,8363
"(0.9833229101521784, 1.0)",1,99.8156685229856,8364
"(1.0, 1.0)",2,99.8156685229856,8366
"(0.9161952650324744, 1.0)",1,99.81562309128957,8367
"(0.898989898989899, 1.0)",1,99.8155626002866,8368
"(0.9497171590194846, 1.0)",1,99.81554334063514,8369
"(1.0, 1.0)",1,99.81554334063514,8370
"(0.9161952650324744, 1.0)",1,99.81550101799677,8371
"(0.898989898989899, 1.0)",1,99.8154790580978,8372
"(0.9497171590194846, 1.0)",1,99.81547395160555,8373
"(0.9164652836623464, 1.0)",1,99.81545518265224,8374
"(0.9161952650324744, 1.0)",1,99.81543832217028,8375
"(0.9665831244778612, 1.0)",1,99.81542776536358,8376
"(0.9497171590194846, 1.0)",1,99.81541716085108,8377
"(0.916104916104916, 1.0)",1,99.8154106690692,8378
"(0.9331094582012576, 1.0)",1,99.81535382881772,8379
"(0.9833229101521784, 1.0)",1,99.81534818056,8380
"(0.916104916104916, 1.0)",2,99.81534797324272,8382
"(0.882673371045464, 1.0)",1,99.8153333037054,8383
"(0.9666562434855118, 1.0)",1,99.81529179943814,8384
"(0.898989898989899, 1.0)",1,99.81529018248725,8385
"(0.9326599326599326, 1.0)",1,99.8152885957764,8386
"(0.8653198653198653, 1.0)",2,99.8152885957764,8388
"(0.9833229101521784, 1.0)",1,99.8152885957764,8389
"(1.0, 1.0)",2,99.815281376257,8391
"(0.9153439153439152, 1.0)",1,99.815281376257,8392
"(0.8811945374355704, 1.0)",1,99.8152604715015,8393
"(0.9326599326599326, 1.0)",1,99.81525881525882,8394
"(0.9153439153439156, 1.0)",1,99.8152515957394,8395
"(0.9665831244778612, 1.0)",3,99.8152395267928,8398
"(0.9153439153439156, 1.0)",1,99.81522910361164,8399
"(0.8653198653198653, 1.0)",1,99.81522589994992,8400
"(0.9665831244778612, 1.0)",1,99.81522589994992,8401
"(0.9833229101521784, 1.0)",2,99.81521868043048,8403
"(0.898989898989899, 1.0)",2,99.81518516402238,8405
"(0.9161952650324744, 1.0)",1,99.81518516402238,8406
"(0.9153439153439152, 1.0)",1,99.815155984604,8407
"(0.9153439153439156, 1.0)",2,99.815155984604,8409
"(0.8651903651903651, 1.0)",2,99.8150963998204,8411
"(0.9665831244778612, 1.0)",1,99.81509328877748,8412
"(0.9666562434855118, 1.0)",1,99.8150402280011,8413
"(0.9153439153439156, 1.0)",1,99.81502980481994,8414
"(0.9497171590194846, 1.0)",1,99.81498731831596,8415
"(0.8316498316498316, 1.0)",1,99.814972741802,8416
"(0.9665831244778612, 1.0)",1,99.81496710899344,8417
"(0.9153439153439152, 1.0)",1,99.81496710899344,8418
"(0.9153439153439156, 1.0)",2,99.81496710899344,8420
"(0.9665831244778612, 1.0)",1,99.8149241554276,8421
"(0.8651903651903651, 1.0)",1,99.81490752420984,8422
"(0.9153439153439152, 1.0)",2,99.81486209052856,8424
"(0.9161952650324744, 1.0)",2,99.81486209052856,8426
"(0.9326599326599326, 1.0)",1,99.8148432416725,8427
"(0.8814814814814814, 1.0)",5,99.8147731220902,8432
"(0.9153439153439156, 1.0)",3,99.814771741601,8435
"(0.916104916104916, 1.0)",1,99.814771741601,8436
"(0.8976982097186702, 1.0)",1,99.81476360046828,8437
"(0.8976982097186702, 1.0)",1,99.81469990720817,8438
"(0.9833229101521784, 1.0)",1,99.81468994562704,8439
"(0.9666666666666668, 1.0)",1,99.81467051467052,8440
"(0.9326599326599326, 1.0)",1,99.81466009148936,8441
"(0.8476190476190477, 1.0)",1,99.814652014652,8442
"(0.9153439153439156, 1.0)",1,99.8146496683082,8443
"(0.9326599326599326, 1.0)",1,99.8146496683082,8444
"(0.8814814814814814, 1.0)",2,99.8146477304372,8446
"(0.9833229101521784, 1.0)",1,99.81459970452548,8447
"(0.9326599326599326, 1.0)",1,99.8145869724817,8448
"(0.9153439153439156, 1.0)",2,99.8145869724817,8450
"(0.9665831244778612, 1.0)",1,99.81453700869898,8451
"(0.8814814814814814, 1.0)",1,99.81452155065314,8452
"(0.8811945374355704, 1.0)",1,99.81436078639128,8453
"(0.898989898989899, 1.0)",2,99.81433381433382,8455
"(0.9166145507608924, 1.0)",6,99.81431276047957,8461
"(0.9499687304565352, 1.0)",1,99.81431276047957,8462
"(1.0, 1.0)",1,99.81431276047957,8463
"(0.8976982097186702, 1.0)",3,99.81431276047957,8466
"(0.9326599326599326, 1.0)",1,99.814289741119,8467
"(1.0, 1.0)",1,99.81428297996196,8468
"(0.8476190476190477, 1.0)",2,99.8142648679234,8470
"(0.8976982097186702, 1.0)",4,99.81425006465308,8474
"(0.8476190476190477, 1.0)",1,99.81420217209693,8475
"(0.9665831244778612, 1.0)",1,99.81418736882657,8476
"(0.8976982097186702, 1.0)",5,99.81418736882657,8481
"(0.9164652836623464, 1.0)",4,99.81416349338102,8485
"(0.8814814814814814, 1.0)",1,99.81414141414142,8486
"(0.9326599326599326, 1.0)",1,99.81414141414142,8487
"(0.9153439153439152, 1.0)",1,99.81414024096952,8488
"(0.9326599326599326, 1.0)",3,99.8140874482338,8491
"(0.8976982097186702, 1.0)",3,99.81406118904252,8494
"(0.8307349903094585, 1.0)",1,99.81405790046163,8495
"(0.8633762288330498, 1.0)",2,99.81402954668344,8497
"(0.9833229101521784, 1.0)",1,99.81402745972709,8498
"(0.9833229101521784, 1.0)",1,99.81401074084002,8499
"(0.9153439153439152, 1.0)",1,99.81401074084002,8500
"(0.9153439153439156, 1.0)",8,99.81401074084002,8508
"(0.8976982097186702, 1.0)",1,99.81399849321602,8509
"(0.9497171590194846, 1.0)",1,99.81399849321602,8510
"(1.0, 1.0)",1,99.8139679965767,8511
"(0.9161952650324744, 1.0)",3,99.81389347475114,8514
"(0.8811945374355704, 1.0)",3,99.8138544700955,8517
"(0.916104916104916, 1.0)",1,99.81380312582358,8518
"(1.0, 1.0)",1,99.81377140145834,8519
"(0.8137566137566138, 1.0)",26,99.8137566137566,8545
"(0.8552744708994707, 1.0)",1,99.81370527368206,8546
"(0.8976982097186702, 1.0)",11,99.81368105253078,8557
"(0.9326599326599326, 1.0)",9,99.81368105253078,8566
"(0.8976982097186702, 1.0)",1,99.8136113464874,8567
"(0.9497171590194848, 1.0)",3,99.8136113464874,8570
"(0.8635976129582268, 1.0)",1,99.81356634341476,8571
"(0.8468951683237397, 1.0)",3,99.81355141180924,8574
"(0.9833229101521784, 1.0)",1,99.81354098862808,8575
"(0.8468951683237397, 1.0)",7,99.81354098862808,8582
"(0.94993894993895, 1.0)",1,99.81353656289718,8583
"(0.8635976129582268, 1.0)",2,99.81350364758826,8585
"(0.8468951683237397, 1.0)",6,99.8134782928016,8591
"(1.0, 1.0)",2,99.8134782928016,8593
"(0.8467532467532467, 1.0)",1,99.8133990670576,8594
"(0.8796475392220073, 1.0)",1,99.81336653025808,8595
"(0.8633762288330498, 1.0)",2,99.8133449592896,8597
"(1.0, 1.0)",1,99.81332632655932,8598
"(0.8635976129582268, 1.0)",2,99.81331477197772,8600
"(0.8633762288330498, 1.0)",1,99.8132822634631,8601
"(0.8976982097186702, 1.0)",1,99.81325120999568,8602
"(0.8633762288330498, 1.0)",3,99.81309338785252,8605
"(0.9153439153439152, 1.0)",5,99.8130421250626,8610
"(0.8976982097186702, 1.0)",17,99.8130421250626,8627
"(0.9333333333333332, 1.0)",1,99.81298087255534,8628
"(0.8796475392220073, 1.0)",1,99.81296002619302,8629
"(0.9666562434855118, 1.0)",1,99.81294960301187,8630
"(0.9499687304565352, 1.0)",5,99.81293917983072,8635
"(0.9833229101521784, 1.0)",2,99.81293917983072,8637
"(1.0, 1.0)",1,99.81293917983072,8638
"(0.8796475392220073, 1.0)",3,99.81293917983072,8641
"(1.0, 1.0)",1,99.81290939931311,8642
"(0.933249791144528, 1.0)",5,99.81289733036654,8647
"(0.8796475392220073, 1.0)",14,99.81287648400422,8661
"(1.0, 1.0)",1,99.81287648400422,8662
"(0.9665831244778612, 1.0)",1,99.81287648400422,8663
"(0.9833229101521784, 1.0)",1,99.81287648400422,8664
"(0.9497171590194848, 1.0)",1,99.81287531620396,8665
"(0.8294970161977834, 1.0)",15,99.81281992634996,8680
"(0.8796475392220073, 1.0)",4,99.81281378817772,8684
"(0.933096859926128, 1.0)",1,99.81274439914812,8685
"(0.9497171590194848, 1.0)",2,99.81268760839367,8687
"(0.8796475392220073, 1.0)",8,99.81268760839367,8695
"(0.9665831244778612, 1.0)",1,99.81249517969223,8696
"(0.9326599326599326, 1.0)",4,99.81230747188194,8700
"(1.0, 1.0)",8,99.81230747188194,8708
"(0.8796475392220073, 1.0)",5,99.81230747188194,8713
"(0.9161952650324744, 1.0)",1,99.81220461728286,8714
"(0.844988344988345, 1.0)",7,99.81202131202132,8721
"(0.8533622685185187, 1.0)",1,99.81195024486964,8722
"(0.893146638589877, 1.0)",1,99.81189451430984,8723
"(0.9506533178503804, 1.0)",2,99.8117644289615,8725
"(0.861111111111111, 1.0)",2,99.8117644289615,8727
"(0.844988344988345, 1.0)",3,99.811655011655,8730
"(0.844988344988345, 1.0)",2,99.81164458847384,8732
"(0.9833229101521784, 1.0)",2,99.8116341652927,8734
"(0.844988344988345, 1.0)",6,99.8116341652927,8740
"(0.8615866942983156, 1.0)",1,99.81157627111716,8741
"(0.844988344988345, 1.0)",2,99.8115714694662,8743
"(0.8615866942983156, 1.0)",8,99.81155542475486,8751
"(0.8615866942983156, 1.0)",3,99.81149272892836,8754
"(0.861111111111111, 1.0)",1,99.81146698829626,8755
"(1.0, 1.0)",2,99.81133504139012,8757
"(0.9833229101521784, 1.0)",1,99.81133504139012,8758
"(0.9499687304565352, 1.0)",1,99.81107984156765,8759
"(0.861111111111111, 1.0)",3,99.81107984156765,8762
"(0.94993894993895, 1.0)",1,99.81105006105004,8763
"(0.861111111111111, 1.0)",2,99.81105006105004,8765
"(0.861111111111111, 1.0)",2,99.81104692625874,8767
"(1.0, 1.0)",4,99.81101714574116,8771
"(0.9833229101521784, 1.0)",1,99.81101714574116,8772
"(0.9665831244778612, 1.0)",4,99.81101714574116,8776
"(0.861111111111111, 1.0)",10,99.81101714574116,8786
"(0.8108747044917258, 1.0)",3,99.81087470449172,8789
"(0.861111111111111, 1.0)",20,99.8108282701306,8809
"(0.9497171590194846, 1.0)",1,99.8108282701306,8810
"(0.861111111111111, 1.0)",2,99.81008098691024,8812
"(0.826388888888889, 1.0)",4,99.80971179904108,8816
"(0.9665831244778612, 1.0)",1,99.8095491253386,8817
"(0.8260618349904064, 1.0)",1,99.80938474514258,8818
"(0.8093386061814339, 1.0)",1,99.80933860618144,8819
"(0.8229870141950848, 1.0)",1,99.80915435562558,8820
"(0.9666666666666668, 1.0)",1,99.80866798332237,8821
"(0.9666562434855118, 1.0)",6,99.8086575601412,8827
"(0.9833229101521784, 1.0)",2,99.80864713696003,8829
"(1.0, 1.0)",1,99.80864713696003,8830
"(0.8420013166556946, 1.0)",22,99.80864713696003,8852
"(0.9665831244778612, 1.0)",5,99.80858444113356,8857
"(0.8420013166556946, 1.0)",14,99.80858444113356,8871
"(1.0, 1.0)",2,99.80858444113356,8873
"(0.808446455505279, 1.0)",8,99.80844645550528,8881
"(0.9833229101521784, 1.0)",1,99.8072841203806,8882
"(0.8068904981347378, 1.0)",11,99.80689049813472,8893
"(0.903667392883079, 1.0)",1,99.8068520563121,8894
"(0.8762860082304527, 1.0)",2,99.80678171726024,8896
"(1.0, 1.0)",1,99.80650675489386,8897
"(0.9299507899507898, 1.0)",1,99.8059456936986,8898
"(1.0, 1.0)",2,99.80592887561528,8900
"(0.9300671002153482, 1.0)",2,99.80591698132838,8902
"(0.9299507899507898, 1.0)",1,99.80589887127138,8903
"(0.9192093318943212, 1.0)",1,99.8057430471631,8904
"(0.9027777777777778, 1.0)",1,99.80557183034652,8905
"(0.8471527473990528, 1.0)",2,99.80556549553924,8907
"(0.8222222222222222, 1.0)",5,99.8055451323744,8912
"(0.8222222222222222, 1.0)",18,99.8055451323744,8930
"(1.0, 1.0)",3,99.8055451323744,8933
"(0.9833229101521784, 1.0)",9,99.8055451323744,8942
"(0.9583930063253372, 1.0)",1,99.80551904676592,8943
"(0.9584987529902784, 1.0)",1,99.80549826509356,8944
"(0.9167853751187084, 1.0)",1,99.80549395387416,8945
"(0.944563492063492, 1.0)",1,99.80547411172954,8946
"(0.9583930063253372, 1.0)",1,99.8054633148806,8947
"(0.9027777777777778, 1.0)",2,99.80545921815184,8949
"(0.9441792447111594, 1.0)",1,99.80544948380094,8950
"(0.9297812306740878, 1.0)",1,99.80541736304664,8951
"(0.944563492063492, 1.0)",1,99.80540333395608,8952
"(0.9167853751187084, 1.0)",2,99.80535305210284,8954
"(0.8887202421952387, 1.0)",1,99.805342823423,8955
"(0.9441792447111594, 1.0)",1,99.80533593988952,8956
"(0.944563492063492, 1.0)",1,99.80529308681116,8957
"(0.8471527473990528, 1.0)",1,99.80527978333151,8958
"(0.9165164082221422, 1.0)",1,99.80527949269607,8959
"(0.9299507899507898, 1.0)",1,99.8052635647012,8960
"(0.9165164082221422, 1.0)",1,99.80514556931496,8961
"(0.9299507899507898, 1.0)",1,99.80507220836168,8962
"(0.9581458989353726, 1.0)",1,99.80497968149166,8963
"(0.9441792447111594, 1.0)",1,99.8049691439175,8964
"(0.930124456440246, 1.0)",2,99.80493920863692,8966
"(0.9167853751187084, 1.0)",1,99.8048966754936,8967
"(0.9441792447111594, 1.0)",1,99.80481176120844,8968
"(0.9158007932517735, 1.0)",1,99.80461131295516,8969
"(0.9300671002153482, 1.0)",1,99.80445152612737,8970
"(0.837707400507675, 1.0)",1,99.80435322081205,8971
"(0.930704099821747, 1.0)",2,99.8043462784754,8973
"(0.9441792447111594, 1.0)",1,99.80429322311694,8974
"(0.837707400507675, 1.0)",4,99.80429052498552,8978
"(0.8374727668845315, 1.0)",1,99.8041185871889,8979
"(0.9192093318943212, 1.0)",1,99.80406495646216,8980
"(0.9441792447111594, 1.0)",1,99.80402725272408,8981
"(0.901575014782562, 1.0)",1,99.80396005270282,8982
"(0.859499940327008, 1.0)",3,99.8039145899346,8985
"(0.8372053872053872, 1.0)",1,99.80385120750977,8986
"(0.9666562434855118, 1.0)",1,99.80367243416023,8987
"(0.901575014782562, 1.0)",1,99.80358960304152,8988
"(0.944073617452092, 1.0)",1,99.8033300378869,8989
"(1.0, 1.0)",1,99.80331799303649,8990
"(0.9295946890286512, 1.0)",1,99.80324269793982,8991
"(0.8703703703703703, 1.0)",1,99.80303030303033,8992
"(0.901575014782562, 1.0)",1,99.80301095340468,8993
"(0.901575014782562, 1.0)",1,99.8029710198541,8994
"(0.9442283950617284, 1.0)",2,99.8028750724584,8996
"(0.8697983697983697, 1.0)",3,99.80283843897004,8999
"(1.0, 1.0)",1,99.80270655270655,9000
"(0.9167853751187084, 1.0)",1,99.80268669597882,9001
"(0.8703703703703703, 1.0)",1,99.8026631563217,9002
"(0.9506533178503804, 1.0)",1,99.80242814498916,9003
"(0.901575014782562, 1.0)",1,99.80227660991906,9004
"(0.8692185007974482, 1.0)",1,99.80225856996913,9005
"(0.8300265307680562, 1.0)",1,99.8021487160619,9006
"(0.8300265307680562, 1.0)",1,99.80194011101496,9007
"(0.8848000715856217, 1.0)",1,99.80172455577016,9008
"(0.8016677935542034, 1.0)",36,99.8016677935542,9044
"(1.0, 1.0)",18,99.8016677935542,9062
"(0.8349489264123411, 1.0)",1,99.801615593079,9063
"(0.8349489264123411, 1.0)",2,99.8015947467167,9065
"(0.8349489264123411, 1.0)",7,99.8015320508902,9072
"(0.8840048840048841, 1.0)",1,99.801393728223,9073
"(0.944563492063492, 1.0)",1,99.80123739541968,9074
"(0.8845578466141503, 1.0)",2,99.80121409009966,9076
"(0.9331094582012576, 1.0)",1,99.80120862032676,9077
"(0.9833229101521784, 1.0)",1,99.80117454547302,9078
"(0.8845578466141503, 1.0)",1,99.80117239737504,9079
"(1.0, 1.0)",1,99.80113356576771,9080
"(0.8845578466141503, 1.0)",1,99.80113054791086,9081
"(0.8845578466141503, 1.0)",2,99.80110970154854,9083
"(0.9167853751187084, 1.0)",1,99.8011087878524,9084
"(0.8840455840455841, 1.0)",4,99.801097908415,9088
"(0.8845578466141503, 1.0)",1,99.80104700572204,9089
"(1.0, 1.0)",1,99.80102643517276,9090
"(0.8845578466141503, 1.0)",1,99.80099021496758,9091
"(0.9833229101521784, 1.0)",1,99.80095138336026,9092
"(0.9009534009534008, 1.0)",1,99.80089086186646,9093
"(0.8341307814992026, 1.0)",8,99.80077660180356,9101
"(0.917469251615593, 1.0)",2,99.80072962268083,9103
"(0.8341307814992026, 1.0)",1,99.80071390597706,9104
"(0.934122934122934, 1.0)",1,99.80068521223848,9105
"(0.917415489944373, 1.0)",1,99.80064608049204,9106
"(0.917469251615593, 1.0)",1,99.80060423102783,9107
"(0.917415489944373, 1.0)",2,99.80055046935664,9109
"(0.917469251615593, 1.0)",2,99.80054153520136,9111
"(1.0, 1.0)",1,99.80053561800484,9112
"(0.934122934122934, 1.0)",1,99.80045543203438,9113
"(0.9331094582012576, 1.0)",2,99.80043725235832,9115
"(0.9833229101521784, 1.0)",1,99.80039764384632,9116
"(0.9497171590194848, 1.0)",1,99.80038771700713,9117
"(0.868077055383557, 1.0)",1,99.80036984133488,9118
"(0.9333333333333332, 1.0)",1,99.80034396497813,9119
"(1.0, 1.0)",1,99.80029314387744,9120
"(0.9333333333333332, 1.0)",1,99.8002739807618,9121
"(0.9009534009534008, 1.0)",1,99.8001964580912,9122
"(0.882673371045464, 1.0)",2,99.80011921532058,9124
"(0.9331662489557228, 1.0)",1,99.800114184774,9125
"(0.9003556829643787, 1.0)",1,99.80010505639795,9126
"(0.9331094582012576, 1.0)",1,99.80009030932844,9127
"(1.0, 1.0)",7,99.8000745073916,9134
"(1.0, 1.0)",6,99.80005218984232,9140
"(0.9833229101521784, 1.0)",1,99.8000415724404,9141
"(0.9326599326599326, 1.0)",2,99.8000175073346,9143
"(1.0, 1.0)",1,99.8000104971177,9144
"(0.8333333333333334, 1.0)",1,99.7999791536377,9145
"(0.9333333333333332, 1.0)",1,99.7999791536377,9146
"(0.9499687304565352, 1.0)",1,99.7999278012712,9147
"(0.9169719169719168, 1.0)",1,99.79991802077362,9148
"(0.9666666666666668, 1.0)",1,99.79991661455075,9149
"(0.8333333333333334, 1.0)",1,99.7999164578112,9150
"(0.9666562434855118, 1.0)",2,99.7998853450073,9152
"(0.9666562434855118, 1.0)",2,99.79988518826772,9154
"(0.9161952650324744, 1.0)",1,99.79988298652508,9155
"(1.0, 1.0)",2,99.79987492182616,9157
"(0.8165520116739629, 1.0)",25,99.79987492182616,9182
"(0.9, 1.0)",1,99.79987476508656,9183
"(0.8814814814814814, 1.0)",1,99.7998735577683,9184
"(0.8552744708994707, 1.0)",2,99.79985428331196,9186
"(0.9161952650324744, 1.0)",1,99.79984278282632,9187
"(0.9333333333333332, 1.0)",1,99.79983142659653,9188
"(0.9833229101521784, 1.0)",1,99.79981536079096,9189
"(1.0, 1.0)",1,99.79981222599964,9190
"(0.9665831244778612, 1.0)",1,99.79981222599964,9191
"(0.9666562434855118, 1.0)",1,99.79980164607892,9192
"(0.9333333333333332, 1.0)",1,99.79979122289777,9193
"(0.9333333333333332, 1.0)",1,99.79978808810644,9194
"(1.0, 1.0)",1,99.79978030812434,9195
"(0.8832603710652491, 1.0)",1,99.79974953017316,9196
"(0.9499687304565352, 1.0)",1,99.79974953017316,9197
"(0.9331662489557224, 1.0)",2,99.79970503838452,9199
"(0.9666562434855118, 1.0)",1,99.7996972575278,9200
"(0.94993894993895, 1.0)",1,99.79968996913796,9201
"(0.8997493734335841, 1.0)",1,99.79968683434666,9202
"(0.9000617225831424, 1.0)",1,99.79968491623266,9203
"(0.9333333333333332, 1.0)",1,99.79966583124478,9204
"(0.9326599326599326, 1.0)",1,99.79966143592868,9205
"(0.9506533178503804, 1.0)",1,99.79965616685324,9206
"(0.8997493734335841, 1.0)",1,99.79964498488246,9207
"(0.8997493734335841, 1.0)",2,99.79963456170132,9209
"(0.9584987529902784, 1.0)",1,99.79963331729968,9210
"(0.9665831244778612, 1.0)",1,99.7996300435922,9211
"(0.9331662489557224, 1.0)",1,99.79962413852016,9212
"(0.8997493734335841, 1.0)",2,99.79962413852016,9214
"(0.9166145507608924, 1.0)",2,99.7996233503891,9216
"(0.849906191369606, 1.0)",1,99.79962335038908,9217
"(0.9497171590194848, 1.0)",1,99.79962335038908,9218
"(0.9833229101521784, 1.0)",1,99.79956144269366,9219
"(0.9331662489557224, 1.0)",2,99.79956144269366,9221
"(1.0, 1.0)",2,99.79956144269366,9223
"(0.8329156223893065, 1.0)",3,99.79956144269366,9226
"(0.9833229101521784, 1.0)",1,99.7995606545626,9227
"(0.9665831244778612, 1.0)",1,99.7995606545626,9228
"(0.816195709052852, 1.0)",4,99.79951861920505,9232
"(0.933096859926128, 1.0)",1,99.79951514097856,9233
"(0.8329156223893065, 1.0)",7,99.79949874686716,9240
"(0.7994987468671678, 1.0)",1,99.79949874686716,9241
"(0.9833229101521784, 1.0)",1,99.79947408329056,9242
"(1.0, 1.0)",1,99.7994732310782,9243
"(0.9499687304565352, 1.0)",1,99.79945563609772,9244
"(0.9161952650324744, 1.0)",5,99.79945563609772,9249
"(0.9665831244778612, 1.0)",1,99.7994352629096,9250
"(0.8997493734335841, 1.0)",1,99.7994352629096,9251
"(0.9833229101521784, 1.0)",2,99.7994352629096,9253
"(0.9331094582012576, 1.0)",1,99.79941644032374,9254
"(0.9161952650324744, 1.0)",1,99.79939294027125,9255
"(0.9497171590194846, 1.0)",1,99.79937256708313,9256
"(0.8832603710652491, 1.0)",1,99.79936528717016,9257
"(0.9333333333333332, 1.0)",1,99.79935077585016,9258
"(0.9161952650324744, 1.0)",3,99.79933024444472,9261
"(0.933249791144528, 1.0)",1,99.79932992948784,9262
"(0.9833229101521784, 1.0)",1,99.79931059501666,9263
"(0.9833229101521784, 1.0)",1,99.79930575296429,9264
"(0.9161952650324744, 1.0)",1,99.79929063593272,9265
"(0.9326599326599326, 1.0)",1,99.79928490660198,9266
"(0.9333333333333332, 1.0)",1,99.79927199131308,9267
"(0.9161952650324744, 1.0)",2,99.79926754861825,9269
"(0.9499687304565352, 1.0)",1,99.79926406023966,9270
"(0.9833229101521784, 1.0)",2,99.79924638729904,9272
"(0.9326599326599326, 1.0)",3,99.79924321387736,9275
"(0.9499687304565352, 1.0)",5,99.79924321387736,9280
"(0.9833229101521784, 1.0)",1,99.79924321387736,9281
"(0.9497171590194848, 1.0)",1,99.79923378902392,9282
"(0.9497171590194848, 1.0)",1,99.79922491102296,9283
"(1.0, 1.0)",1,99.79920136441318,9284
"(0.9665831244778612, 1.0)",3,99.79920136441318,9287
"(0.9326599326599326, 1.0)",1,99.79919872208876,9288
"(0.9665831244778612, 1.0)",4,99.799190941232,9292
"(0.9326599326599326, 1.0)",1,99.79915073753328,9293
"(0.9833229101521784, 1.0)",1,99.79915073753328,9294
"(0.9326599326599326, 1.0)",1,99.79911782222436,9295
"(0.9331094582012576, 1.0)",2,99.79910669139556,9297
"(0.9497171590194846, 1.0)",1,99.7990904269974,9298
"(0.9497171590194846, 1.0)",1,99.79907867300768,9299
"(0.9326599326599326, 1.0)",1,99.79905512639787,9300
"(0.9833229101521784, 1.0)",1,99.79905512639787,9301
"(0.9665831244778612, 1.0)",1,99.79903926482874,9302
"(0.9153439153439156, 1.0)",1,99.79903730236596,9303
"(0.9153439153439152, 1.0)",1,99.79903163683652,9304
"(0.9166145507608924, 1.0)",1,99.79899164244031,9305
"(0.9166145507608924, 1.0)",1,99.79899143313776,9306
"(0.882673371045464, 1.0)",1,99.7989736545428,9307
"(1.0, 1.0)",1,99.7989669147824,9308
"(0.9161952650324744, 1.0)",1,99.79895249322362,9309
"(0.933249791144528, 1.0)",1,99.79894979297612,9310
"(0.9326599326599326, 1.0)",1,99.7989289466138,9311
"(0.9169719169719168, 1.0)",1,99.79889895679368,9312
"(0.882673371045464, 1.0)",1,99.79886863607794,9313
"(0.8491514770584537, 1.0)",1,99.79886863607794,9314
"(0.898989898989899, 1.0)",1,99.7988228146123,9315
"(1.0, 1.0)",1,99.79876647042332,9316
"(0.9326599326599326, 1.0)",3,99.79876458823829,9319
"(0.9326599326599326, 1.0)",1,99.79876123232243,9320
"(0.8813080639167598, 1.0)",3,99.79875390819188,9323
"(0.8997493734335841, 1.0)",1,99.79873927242348,9324
"(1.0, 1.0)",1,99.79873352972436,9325
"(0.8976982097186702, 1.0)",1,99.7987074047542,9326
"(0.9326599326599326, 1.0)",1,99.79867737517677,9327
"(0.898989898989899, 1.0)",1,99.79867578846591,9328
"(0.882673371045464, 1.0)",1,99.79865621385758,9329
"(0.9009534009534008, 1.0)",1,99.79865161067208,9330
"(0.9833229101521784, 1.0)",1,99.79861470959032,9331
"(0.9326599326599326, 1.0)",1,99.79861150592858,9332
"(0.9331662489557224, 1.0)",2,99.79860839488568,9334
"(0.9499687304565352, 1.0)",1,99.79860428640916,9335
"(0.9166145507608924, 1.0)",1,99.79860428640916,9336
"(0.9153439153439156, 1.0)",2,99.79860428640916,9338
"(1.0, 1.0)",2,99.79860428640916,9340
"(0.9153439153439156, 1.0)",1,99.79857450589158,9341
"(0.8811945374355704, 1.0)",1,99.79857345481447,9342
"(0.9161952650324744, 1.0)",1,99.7985723567119,9343
"(0.9499687304565352, 1.0)",1,99.79857137110024,9344
"(0.8653198653198653, 1.0)",1,99.79854881010208,9345
"(0.9326599326599326, 1.0)",1,99.79854881010208,9346
"(0.8813080639167598, 1.0)",1,99.798544506245,9347
"(0.9153439153439156, 1.0)",1,99.79854159058269,9348
"(0.9166145507608924, 1.0)",2,99.79854159058269,9350
"(0.9326599326599326, 1.0)",2,99.7984861142756,9352
"(0.8651903651903651, 1.0)",2,99.79848200579907,9354
"(0.9153439153439156, 1.0)",1,99.79847889475616,9355
"(1.0, 1.0)",2,99.7984522252815,9357
"(0.9153439153439156, 1.0)",1,99.79841619892969,9358
"(0.8976982097186702, 1.0)",1,99.79840426831947,9359
"(0.8976982097186702, 1.0)",2,99.79840003724976,9361
"(0.9833229101521784, 1.0)",1,99.79840000250783,9362
"(0.9333333333333332, 1.0)",1,99.79839440769672,9363
"(1.0, 1.0)",1,99.79835993449151,9364
"(0.9833229101521784, 1.0)",1,99.79835993449151,9365
"(0.8651903651903651, 1.0)",2,99.79835661414609,9367
"(0.933249791144528, 1.0)",1,99.79831086550791,9368
"(0.8316498316498316, 1.0)",1,99.79823295612768,9369
"(0.8635976129582268, 1.0)",3,99.79820686335697,9372
"(0.9161952650324744, 1.0)",3,99.79818500068076,9375
"(1.0, 1.0)",1,99.79816034892607,9376
"(0.9161952650324744, 1.0)",1,99.79812230485425,9377
"(0.9665831244778612, 1.0)",1,99.7981034559982,9378
"(0.9497171590194846, 1.0)",1,99.79810114353506,9379
"(0.8814814814814814, 1.0)",1,99.79809603224236,9380
"(0.9833229101521784, 1.0)",1,99.79809603224236,9381
"(0.8976982097186702, 1.0)",1,99.79807344424025,9382
"(0.9506533178503804, 1.0)",1,99.79806868658854,9383
"(0.8976982097186702, 1.0)",2,99.79805389268304,9385
"(0.9665831244778612, 1.0)",1,99.79803195592667,9386
"(0.8314237582530265, 1.0)",1,99.79800688273087,9387
"(0.9166145507608924, 1.0)",1,99.797992115125,9388
"(0.7979797979797979, 1.0)",11,99.7979797979798,9399
"(0.8814814814814814, 1.0)",1,99.79797064058938,9400
"(0.8814814814814814, 1.0)",1,99.79791384983491,9401
"(0.9665831244778612, 1.0)",1,99.79790988263387,9402
"(0.9833229101521784, 1.0)",1,99.79788404983114,9403
"(0.8651903651903651, 1.0)",4,99.79785029785027,9407
"(0.9326599326599326, 1.0)",1,99.79785029785027,9408
"(1.0, 1.0)",1,99.79784446080532,9409
"(0.8533622685185187, 1.0)",1,99.79780053062596,9410
"(0.9153439153439152, 1.0)",1,99.79772100702334,9411
"(0.9326599326599326, 1.0)",1,99.79772100702334,9412
"(1.0, 1.0)",1,99.79772100702334,9413
"(0.9333333333333332, 1.0)",1,99.79767736335636,9414
"(0.9833229101521784, 1.0)",1,99.7976710432406,9415
"(0.8814814814814814, 1.0)",1,99.79764618968728,9416
"(1.0, 1.0)",2,99.79760589011416,9418
"(1.0, 1.0)",1,99.79759382116757,9419
"(0.9666562434855118, 1.0)",1,99.79759382116757,9420
"(0.8635976129582268, 1.0)",1,99.79757384096078,9421
"(0.9833229101521784, 1.0)",1,99.79757297480523,9422
"(0.8976982097186702, 1.0)",4,99.79757297480523,9426
"(0.9153439153439156, 1.0)",1,99.79752722435649,9427
"(0.8976982097186702, 1.0)",1,99.79751027897876,9428
"(0.8814814814814814, 1.0)",3,99.7974643242936,9431
"(0.8976982097186702, 1.0)",1,99.79744758315226,9432
"(0.9326599326599326, 1.0)",3,99.79741035838596,9435
"(0.8976982097186702, 1.0)",1,99.797404945557,9436
"(0.8811945374355704, 1.0)",3,99.79738980246805,9439
"(0.8976982097186702, 1.0)",1,99.79738409919467,9440
"(0.8976982097186702, 1.0)",1,99.79735431867712,9441
"(0.8476190476190477, 1.0)",2,99.79733620663852,9443
"(0.9665831244778612, 1.0)",1,99.79727095516569,9444
"(1.0, 1.0)",1,99.79727095516569,9445
"(0.9153439153439152, 1.0)",6,99.79727095516569,9451
"(0.8468951683237397, 1.0)",3,99.79725104550889,9454
"(0.9161952650324744, 1.0)",2,99.79721638490332,9456
"(0.8976982097186702, 1.0)",1,99.79713252775764,9457
"(0.9497171590194848, 1.0)",1,99.79713252775764,9458
"(0.917469251615593, 1.0)",1,99.7971167908376,9459
"(0.9833229101521784, 1.0)",1,99.79710943211806,9460
"(0.8976982097186702, 1.0)",1,99.79709431161052,9461
"(0.8796475392220073, 1.0)",1,99.79709338349711,9462
"(0.8137566137566138, 1.0)",8,99.7970795239088,9470
"(0.8976982097186702, 1.0)",3,99.79700396268296,9473
"(0.9833229101521784, 1.0)",1,99.79700396268296,9474
"(0.8796475392220073, 1.0)",1,99.79694667737677,9475
"(0.8976982097186702, 1.0)",1,99.79694126685646,9476
"(0.9326599326599326, 1.0)",2,99.79694126685646,9478
"(0.8635976129582268, 1.0)",4,99.79688925356696,9482
"(0.8796475392220073, 1.0)",2,99.79688398155024,9484
"(0.8468951683237397, 1.0)",1,99.79687432196144,9485
"(0.9833229101521784, 1.0)",1,99.79686389878027,9486
"(0.8468951683237397, 1.0)",2,99.79686389878027,9488
"(0.94993894993895, 1.0)",1,99.79685947304937,9489
"(0.8468951683237397, 1.0)",1,99.7968341182627,9490
"(0.8814814814814814, 1.0)",3,99.7968253968254,9493
"(0.8468951683237397, 1.0)",2,99.7968012029538,9495
"(0.8467532467532467, 1.0)",2,99.7966921966922,9497
"(0.898989898989899, 1.0)",1,99.79668810870857,9498
"(0.8633762288330498, 1.0)",1,99.79667829262291,9499
"(0.8633762288330498, 1.0)",1,99.79666786944176,9500
"(0.9833229101521784, 1.0)",1,99.79665928138328,9501
"(0.8813080639167598, 1.0)",1,99.79665197926067,9502
"(0.8635976129582268, 1.0)",2,99.7966376821299,9504
"(0.8468951683237397, 1.0)",1,99.79661232734324,9505
"(0.8976982097186702, 1.0)",1,99.79655860857906,9506
"(0.8811945374355704, 1.0)",5,99.79653845277949,9511
"(0.8294970161977834, 1.0)",3,99.79652998323076,9514
"(0.8633762288330498, 1.0)",1,99.7964856870343,9515
"(1.0, 1.0)",1,99.79646571272188,9516
"(0.9665831244778612, 1.0)",1,99.79642077828156,9517
"(0.9833229101521784, 1.0)",3,99.79636503521476,9520
"(0.9153439153439156, 1.0)",1,99.79636503521476,9521
"(0.9153439153439152, 1.0)",4,99.79636503521476,9525
"(0.8976982097186702, 1.0)",4,99.79636503521476,9529
"(0.9333333333333332, 1.0)",2,99.79630378270753,9531
"(0.8796475392220073, 1.0)",3,99.7962829363452,9534
"(0.8796475392220073, 1.0)",1,99.79627251316406,9535
"(0.9833229101521784, 1.0)",1,99.79627251316406,9536
"(1.0, 1.0)",1,99.79627251316406,9537
"(0.8467532467532467, 1.0)",1,99.79627213465469,9538
"(0.9166145507608924, 1.0)",3,99.7962620899829,9541
"(0.8796475392220073, 1.0)",2,99.7962620899829,9543
"(0.9499687304565352, 1.0)",7,99.7962620899829,9550
"(1.0, 1.0)",1,99.79626208998287,9551
"(0.8635976129582268, 1.0)",3,99.79625754561816,9554
"(0.8295839885326742, 1.0)",1,99.7962402320182,9555
"(0.9253213924599162, 1.0)",1,99.79620176893104,9556
"(0.8796475392220073, 1.0)",6,99.7961993941564,9562
"(0.9665831244778612, 1.0)",5,99.7961993941564,9567
"(0.7961989230281913, 1.0)",2,99.7961989230282,9569
"(0.8796475392220073, 1.0)",1,99.7961664788475,9570
"(0.8294970161977834, 1.0)",2,99.7961532596833,9572
"(0.8294970161977834, 1.0)",17,99.79614283650214,9589
"(0.8796475392220073, 1.0)",4,99.79613669832992,9593
"(0.9665831244778612, 1.0)",1,99.79613669832992,9594
"(1.0, 1.0)",1,99.79613669832992,9595
"(0.8294970161977834, 1.0)",2,99.79608014067564,9597
"(0.8633762288330498, 1.0)",2,99.79603616149298,9599
"(0.8796475392220073, 1.0)",2,99.79601051854584,9601
"(0.9497171590194848, 1.0)",1,99.79601051854584,9602
"(0.8796475392220073, 1.0)",2,99.79594782271936,9604
"(0.8796475392220073, 1.0)",2,99.79575245532692,9606
"(0.916104916104916, 1.0)",1,99.79575245532692,9607
"(0.8294970161977834, 1.0)",1,99.79569299394704,9608
"(0.8796475392220073, 1.0)",4,99.79563038203412,9612
"(0.9326599326599326, 1.0)",4,99.79563038203412,9616
"(0.8976982097186702, 1.0)",4,99.79539641943734,9620
"(1.0, 1.0)",1,99.79539641943734,9621
"(0.94993894993895, 1.0)",8,99.79520007179582,9629
"(0.8452611218568665, 1.0)",1,99.79516715648693,9630
"(1.0, 1.0)",3,99.79499145456592,9633
"(0.8796475392220073, 1.0)",14,99.79499145456592,9647
"(0.9153439153439156, 1.0)",1,99.79499145456592,9648
"(0.9153439153439152, 1.0)",16,99.79499145456592,9664
"(0.844988344988345, 1.0)",1,99.7949779218072,9665
"(0.844988344988345, 1.0)",2,99.79496749862604,9667
"(0.844988344988345, 1.0)",1,99.79495707544488,9668
"(0.9665831244778612, 1.0)",1,99.79489437961838,9669
"(0.844988344988345, 1.0)",2,99.79489437961838,9671
"(0.8615866942983156, 1.0)",3,99.79487833490704,9674
"(0.861111111111111, 1.0)",2,99.79484052532833,9676
"(1.0, 1.0)",1,99.79478989844844,9677
"(1.0, 1.0)",3,99.79466837472344,9680
"(0.9666562434855118, 1.0)",1,99.79466837472344,9681
"(0.8615866942983156, 1.0)",2,99.79462676346998,9683
"(0.861111111111111, 1.0)",1,99.79442359808212,9684
"(0.861111111111111, 1.0)",3,99.79440275171984,9687
"(0.9833229101521784, 1.0)",2,99.79440275171984,9689
"(0.861111111111111, 1.0)",1,99.79434005589331,9690
"(1.0, 1.0)",2,99.79427736006684,9692
"(0.861111111111111, 1.0)",3,99.79427736006684,9695
"(0.9331662489557224, 1.0)",1,99.79427736006684,9696
"(0.861111111111111, 1.0)",3,99.79422056931236,9699
"(0.861111111111111, 1.0)",3,99.79415118028275,9702
"(0.861111111111111, 1.0)",13,99.79377104377105,9715
"(0.9326599326599326, 1.0)",4,99.79377104377105,9719
"(0.8976982097186702, 1.0)",1,99.79370756196906,9720
"(0.861111111111111, 1.0)",1,99.79340389706245,9721
"(0.9833229101521784, 1.0)",1,99.79333166817736,9722
"(0.903667392883079, 1.0)",1,99.7931782779374,9723
"(0.826388888888889, 1.0)",2,99.79303470919324,9725
"(0.826388888888889, 1.0)",2,99.79297201336676,9727
"(0.8762860082304527, 1.0)",1,99.79295998927968,9728
"(0.8796475392220073, 1.0)",1,99.79289966177646,9729
"(0.861111111111111, 1.0)",1,99.79268817881976,9730
"(0.8260618349904064, 1.0)",1,99.79264495946828,9731
"(0.944563492063492, 1.0)",1,99.7923362133786,9732
"(0.8614170116633171, 1.0)",1,99.7922848003358,9733
"(0.8897050022050021, 1.0)",1,99.79215168621634,9734
"(0.944563492063492, 1.0)",1,99.79201759289109,9735
"(0.8420013166556946, 1.0)",2,99.79199089347456,9737
"(0.9666666666666668, 1.0)",4,99.79199089347456,9741
"(0.9666562434855118, 1.0)",1,99.79198047029338,9742
"(0.8420013166556946, 1.0)",8,99.79197004711224,9750
"(0.9833229101521784, 1.0)",1,99.79197004711224,9751
"(0.8420013166556946, 1.0)",1,99.79194026659464,9752
"(0.944563492063492, 1.0)",1,99.79191342858108,9753
"(0.9833229101521784, 1.0)",4,99.79190735128574,9757
"(0.8420013166556947, 1.0)",1,99.79190735128574,9758
"(0.8420013166556946, 1.0)",3,99.79190735128574,9761
"(0.8420013166556946, 1.0)",6,99.79190735128572,9767
"(0.9665831244778612, 1.0)",3,99.79190735128572,9770
"(0.9167853751187084, 1.0)",1,99.79187259905451,9771
"(0.9303715638302106, 1.0)",1,99.79186849130458,9772
"(0.9437903841498612, 1.0)",1,99.79184715144304,9773
"(0.808446455505279, 1.0)",16,99.79176936565746,9789
"(1.0, 1.0)",2,99.79176936565746,9791
"(0.8420013166556946, 1.0)",14,99.79171847567518,9805
"(0.9497171590194846, 1.0)",2,99.79171847567518,9807
"(0.9497171590194848, 1.0)",1,99.79171847567518,9808
"(0.8420013166556947, 1.0)",4,99.79171847567518,9812
"(0.944563492063492, 1.0)",1,99.79169677816736,9813
"(0.7916666666666666, 1.0)",28,99.79166666666666,9841
"(0.9167853751187084, 1.0)",1,99.7916351166742,9842
"(0.9584987529902784, 1.0)",1,99.79163425210784,9843
"(0.930704099821747, 1.0)",1,99.79160097605212,9844
"(0.9720813204508856, 1.0)",1,99.79155420850896,9845
"(0.9166682405676116, 1.0)",1,99.79154973498694,9846
"(0.9442283950617284, 1.0)",1,99.79154613175774,9847
"(0.8471527473990528, 1.0)",1,99.79152692777411,9848
"(0.9161379295307868, 1.0)",1,99.79151150117758,9849
"(0.9297812306740878, 1.0)",1,99.7914771371691,9850
"(0.8471527473990528, 1.0)",1,99.79147698508788,9851
"(0.9027777777777778, 1.0)",1,99.7914564962074,9852
"(0.9018806250259218, 1.0)",2,99.79143869211929,9854
"(0.9158007932517735, 1.0)",2,99.7912354579475,9856
"(0.9165164082221422, 1.0)",1,99.7911245406357,9857
"(0.8468089381754635, 1.0)",1,99.791102320157,9858
"(0.9303715638302106, 1.0)",1,99.79108066464303,9859
"(0.9158007932517735, 1.0)",1,99.79107938353818,9860
"(0.9018806250259218, 1.0)",1,99.79106093149946,9861
"(0.9584987529902784, 1.0)",1,99.79097074208384,9862
"(0.8880984643179766, 1.0)",1,99.79093722857144,9863
"(0.9437903841498612, 1.0)",2,99.79088046176594,9865
"(0.9720813204508856, 1.0)",1,99.79086469504028,9866
"(0.9442283950617284, 1.0)",1,99.7908074615036,9867
"(0.930704099821747, 1.0)",2,99.790731203602,9869
"(0.9027777777777778, 1.0)",1,99.79070286763267,9870
"(0.9583930063253372, 1.0)",1,99.79065412870833,9871
"(0.9581458989353726, 1.0)",1,99.79065323131783,9872
"(0.9299507899507898, 1.0)",1,99.79052820843262,9873
"(0.9018806250259218, 1.0)",1,99.7904889594566,9874
"(0.9445235834124724, 1.0)",2,99.79040361919527,9876
"(0.9497171590194846, 1.0)",3,99.79035545909576,9879
"(0.9303715638302106, 1.0)",1,99.79035145322186,9880
"(0.944563492063492, 1.0)",1,99.79033969122624,9881
"(0.9444901834607716, 1.0)",1,99.79030608813716,9882
"(0.9165164082221422, 1.0)",1,99.790234092876,9883
"(0.8068904981347378, 1.0)",9,99.79021340828692,9892
"(0.901575014782562, 1.0)",1,99.79019014331806,9893
"(0.8887202421952387, 1.0)",1,99.79016138265942,9894
"(0.9441792447111594, 1.0)",3,99.79010466447345,9897
"(0.901575014782562, 1.0)",1,99.7900848949057,9898
"(0.859499940327008, 1.0)",2,99.79000897980144,9900
"(0.8732774170274171, 1.0)",2,99.7899635443056,9902
"(0.9583930063253372, 1.0)",1,99.78984886596102,9903
"(0.8065067548938516, 1.0)",1,99.78982966504604,9904
"(0.9158007932517735, 1.0)",1,99.78976966265547,9905
"(0.8872426490351017, 1.0)",1,99.78972630414184,9906
"(0.8732774170274171, 1.0)",1,99.78967725441838,9907
"(0.930124456440246, 1.0)",2,99.7894839931024,9909
"(0.9027777777777778, 1.0)",2,99.78935336994029,9911
"(0.9497171590194846, 1.0)",4,99.78925732861472,9915
"(0.9670329670329668, 1.0)",1,99.7892551892552,9916
"(0.9442283950617284, 1.0)",2,99.78899895122046,9918
"(0.9158007932517735, 1.0)",2,99.78891480820975,9920
"(0.9666666666666668, 1.0)",1,99.78888888888888,9921
"(0.9666562434855118, 1.0)",2,99.78887846570774,9923
"(1.0, 1.0)",2,99.78887846570774,9925
"(0.8222222222222222, 1.0)",26,99.7888680425266,9951
"(0.9833229101521784, 1.0)",8,99.7888680425266,9959
"(0.9665831244778612, 1.0)",5,99.78880534670007,9964
"(1.0, 1.0)",2,99.78880534670007,9966
"(0.8222222222222222, 1.0)",8,99.78880534670007,9974
"(0.9580331374974232, 1.0)",1,99.78855920673408,9975
"(0.837707400507675, 1.0)",1,99.78836071835806,9976
"(0.9441792447111594, 1.0)",1,99.78792577867829,9977
"(0.9297812306740878, 1.0)",1,99.78792393883973,9978
"(0.8374727668845315, 1.0)",3,99.78744149734106,9981
"(0.8374727668845315, 1.0)",2,99.78737880151456,9983
"(1.0, 1.0)",2,99.78728567450372,9985
"(0.8848000715856217, 1.0)",1,99.78672944347528,9986
"(0.8697983697983697, 1.0)",2,99.78641292055926,9988
"(1.0, 1.0)",1,99.78622423328306,9989
"(0.8552744708994707, 1.0)",2,99.78602575465293,9991
"(0.9583930063253372, 1.0)",2,99.78586747608182,9993
"(0.9833229101521784, 1.0)",3,99.78578121261047,9996
"(0.8703703703703703, 1.0)",2,99.78571428571428,9998
"(0.9833229101521784, 1.0)",1,99.7855962988293,9999
"(0.8703703703703703, 1.0)",1,99.7852703482312,10000
"(0.8692185007974482, 1.0)",1,99.78520134360956,10001
"(0.8697983697983697, 1.0)",1,99.78514228514229,10002
"(0.9665831244778612, 1.0)",1,99.78513078647418,10003
"(0.9331662489557224, 1.0)",1,99.78507582185654,10004
"(0.9833229101521784, 1.0)",6,99.78499070370638,10010
"(0.8016677935542034, 1.0)",19,99.78499070370638,10029
"(0.9833229101521784, 1.0)",1,99.78495737136112,10030
"(0.8349489264123411, 1.0)",1,99.78492808005004,10031
"(0.8349489264123411, 1.0)",2,99.78491765686888,10033
"(0.812557599070401, 1.0)",1,99.7848922819314,10034
"(0.917415489944373, 1.0)",1,99.78473701451878,10035
"(0.868077055383557, 1.0)",2,99.78469160614443,10037
"(0.8349489264123411, 1.0)",2,99.78466608543182,10039
"(0.9666666666666668, 1.0)",1,99.78464975668028,10040
"(0.868077055383557, 1.0)",2,99.78462891031796,10042
"(0.868077055383557, 1.0)",1,99.78456621449146,10043
"(0.8341307814992026, 1.0)",1,99.78448665868434,10044
"(1.0, 1.0)",1,99.78447988326036,10045
"(1.0, 1.0)",1,99.7844347597987,10046
"(0.8840455840455841, 1.0)",1,99.78442081856716,10047
"(0.917415489944373, 1.0)",1,99.78436342576263,10048
"(0.917849761232425, 1.0)",1,99.7843149395422,10049
"(0.8341307814992026, 1.0)",8,99.78409951195572,10057
"(0.9009534009534008, 1.0)",1,99.78408838036566,10058
"(0.934122934122934, 1.0)",1,99.78407081821716,10059
"(0.8341307814992026, 1.0)",1,99.78403681612924,10060
"(1.0, 1.0)",1,99.78402912549254,10061
"(0.917415489944373, 1.0)",2,99.7839987711618,10063
"(0.9009534009534008, 1.0)",2,99.7839622005816,10065
"(0.917415489944373, 1.0)",1,99.7838733795088,10066
"(0.8845578466141503, 1.0)",2,99.78380090375194,10068
"(1.0, 1.0)",1,99.78379192103424,10069
"(0.9833229101521784, 1.0)",1,99.78375702771918,10070
"(0.8533622685185187, 1.0)",1,99.78373111693216,10071
"(0.8997493734335841, 1.0)",1,99.78371141529036,10072
"(0.8840048840048841, 1.0)",2,99.78369077348091,10074
"(0.9166145507608924, 1.0)",2,99.78358497870693,10076
"(0.9665831244778612, 1.0)",1,99.78357889771468,10077
"(0.8670139869650273, 1.0)",1,99.78356584189942,10078
"(0.9333333333333332, 1.0)",1,99.78356397560506,10079
"(0.9003556829643787, 1.0)",1,99.78342796655014,10080
"(0.917469251615593, 1.0)",1,99.78337897542004,10081
"(0.9833229101521784, 1.0)",2,99.78335084066792,10083
"(0.94993894993895, 1.0)",1,99.783334702075,10084
"(0.9333333333333332, 1.0)",1,99.7832499478841,10085
"(0.9333333333333332, 1.0)",3,99.78323952470294,10088
"(0.9499687304565352, 1.0)",1,99.78321867834065,10089
"(0.9666562434855118, 1.0)",1,99.78320825515948,10090
"(0.8165520116739629, 1.0)",9,99.78320825515948,10099
"(0.8165520116739629, 1.0)",2,99.78319783197831,10101
"(0.9166145507608924, 1.0)",1,99.78319783197831,10102
"(0.9161952650324744, 1.0)",2,99.78316569297851,10104
"(1.0, 1.0)",2,99.78315574144304,10106
"(0.9666562434855118, 1.0)",1,99.78314555933298,10107
"(0.9166145507608924, 1.0)",1,99.78313513615184,10108
"(0.9499687304565352, 1.0)",1,99.78313513615184,10109
"(0.8165520116739629, 1.0)",2,99.78313513615184,10111
"(0.9506533178503804, 1.0)",1,99.78312770506102,10112
"(1.0, 1.0)",1,99.78307244032533,10113
"(0.9499687304565352, 1.0)",1,99.78307244032533,10114
"(0.9666562434855118, 1.0)",1,99.78306350617004,10115
"(0.8497658497658497, 1.0)",1,99.78305749037456,10116
"(0.9666562434855118, 1.0)",2,99.7830410140423,10118
"(0.9331662489557224, 1.0)",1,99.78302794853673,10119
"(0.8997493734335841, 1.0)",2,99.78300974449884,10121
"(1.0, 1.0)",1,99.78299496348276,10122
"(0.9333333333333332, 1.0)",1,99.78298874139696,10123
"(0.868077055383557, 1.0)",1,99.7829770332444,10124
"(0.8997493734335841, 1.0)",1,99.78296789503464,10125
"(0.9666666666666668, 1.0)",1,99.78296710690358,10126
"(0.8976982097186702, 1.0)",1,99.78296196231511,10127
"(0.9665831244778612, 1.0)",2,99.78294704867234,10129
"(0.9497171590194848, 1.0)",1,99.78294626054128,10130
"(1.0, 1.0)",2,99.7829252574394,10132
"(0.9499358151476252, 1.0)",1,99.78291334523236,10133
"(0.8329156223893065, 1.0)",1,99.782894776027,10134
"(0.9499687304565352, 1.0)",1,99.78288356471478,10135
"(0.8329156223893065, 1.0)",1,99.78285457232826,10136
"(0.933249791144528, 1.0)",1,99.78284171525058,10137
"(0.816195709052852, 1.0)",3,99.7828415293572,10140
"(0.816195709052852, 1.0)",2,99.7828415293572,10142
"(0.9833229101521784, 1.0)",1,99.78283129206945,10143
"(0.8329156223893065, 1.0)",1,99.78282165701935,10144
"(0.8997493734335841, 1.0)",1,99.78282165701935,10145
"(0.7994987468671678, 1.0)",7,99.78282165701935,10152
"(0.9331662489557224, 1.0)",1,99.78282165701934,10153
"(0.9833229101521784, 1.0)",2,99.78282086888828,10155
"(0.9833229101521784, 1.0)",2,99.78279699344272,10157
"(0.9161952650324744, 1.0)",1,99.78278896943104,10158
"(0.9331662489557224, 1.0)",1,99.78275817306178,10159
"(0.9833229101521784, 1.0)",1,99.78275722819114,10160
"(0.882673371045464, 1.0)",1,99.7827350936286,10161
"(0.9167853751187084, 1.0)",1,99.7827344491928,10162
"(0.9665831244778612, 1.0)",1,99.7827283925442,10163
"(0.933249791144528, 1.0)",2,99.7827163235976,10165
"(0.9161952650324744, 1.0)",1,99.7827158504234,10166
"(0.9153439153439156, 1.0)",1,99.78270149001855,10167
"(0.882673371045464, 1.0)",4,99.78267337104546,10171
"(0.8840048840048841, 1.0)",1,99.78267170950096,10172
"(0.9833229101521784, 1.0)",1,99.7826632628212,10173
"(0.9161952650324744, 1.0)",1,99.78265315459691,10174
"(0.8329156223893065, 1.0)",9,99.7826327814088,10183
"(0.9497171590194846, 1.0)",1,99.7826327814088,10184
"(1.0, 1.0)",1,99.78263199327772,10185
"(0.8653198653198653, 1.0)",1,99.7826190034746,10186
"(0.882673371045464, 1.0)",1,99.78261083195854,10187
"(0.9333333333333332, 1.0)",1,99.78260781675417,10188
"(0.9161952650324744, 1.0)",1,99.7825904587704,10189
"(0.849906191369606, 1.0)",1,99.78256612402954,10190
"(0.882673371045464, 1.0)",1,99.78254813613204,10191
"(0.9833229101521784, 1.0)",1,99.78253634351196,10192
"(0.9161952650324744, 1.0)",2,99.78252776294391,10194
"(0.916104916104916, 1.0)",3,99.78249341663977,10197
"(0.9326599326599326, 1.0)",1,99.78244073237656,10198
"(0.9166145507608924, 1.0)",2,99.7823952470294,10200
"(1.0, 1.0)",1,99.78237803655006,10201
"(0.916104916104916, 1.0)",1,99.7823739300588,10202
"(0.8533622685185187, 1.0)",1,99.78237197967373,10203
"(0.9833229101521784, 1.0)",1,99.78236217498092,10204
"(0.94993894993895, 1.0)",1,99.78234825603246,10205
"(1.0, 1.0)",1,99.78231534072356,10206
"(0.9326599326599326, 1.0)",1,99.78231534072356,10207
"(0.9153439153439152, 1.0)",1,99.78228272278616,10208
"(0.849906191369606, 1.0)",1,99.78227878953167,10209
"(0.8156295830714435, 1.0)",1,99.7822754033758,10210
"(0.9833229101521784, 1.0)",1,99.78226227994716,10211
"(1.0, 1.0)",1,99.782251856766,10212
"(0.8814814814814814, 1.0)",1,99.78225023590878,10213
"(0.9161952650324744, 1.0)",1,99.78224928898123,10214
"(1.0, 1.0)",1,99.78220248586102,10215
"(0.9497171590194846, 1.0)",1,99.78219154623012,10216
"(1.0, 1.0)",1,99.7821891609395,10217
"(0.9499687304565352, 1.0)",1,99.7821311931068,10218
"(0.9153439153439156, 1.0)",7,99.7820627718529,10225
"(0.9497171590194846, 1.0)",1,99.7820570760834,10226
"(0.9833229101521784, 1.0)",1,99.78205358564792,10227
"(0.9164652836623464, 1.0)",1,99.78203830713012,10228
"(0.9326599326599326, 1.0)",1,99.78202670885598,10229
"(0.8813080639167598, 1.0)",1,99.78201412251757,10230
"(0.9333333333333332, 1.0)",1,99.7820105820106,10231
"(0.8813080639167598, 1.0)",3,99.78200989144786,10234
"(0.9326599326599326, 1.0)",1,99.78200028532892,10235
"(0.933249791144528, 1.0)",1,99.78195684915391,10236
"(0.9153439153439152, 1.0)",1,99.78194804292366,10237
"(0.9326599326599326, 1.0)",1,99.78193441608076,10238
"(0.8653198653198653, 1.0)",2,99.78193441608076,10240
"(0.8832603710652491, 1.0)",2,99.78192719656134,10242
"(0.8653198653198653, 1.0)",2,99.78187172025426,10244
"(0.9166145507608924, 1.0)",1,99.78186450073486,10245
"(0.9665831244778612, 1.0)",2,99.78186450073486,10247
"(0.9833229101521784, 1.0)",1,99.7818153391324,10248
"(1.0, 1.0)",1,99.7818153391324,10249
"(0.9665831244778612, 1.0)",1,99.78180902442776,10250
"(0.9326599326599326, 1.0)",2,99.78180902442776,10252
"(0.9153439153439156, 1.0)",1,99.78180180490835,10253
"(0.8840455840455841, 1.0)",1,99.78174379376426,10254
"(0.8651903651903651, 1.0)",1,99.78174222012476,10255
"(0.9153439153439156, 1.0)",1,99.78173910908184,10256
"(0.8976982097186702, 1.0)",1,99.78172294740196,10257
"(0.8997493734335841, 1.0)",1,99.78167641325535,10258
"(0.9166145507608924, 1.0)",1,99.7816756251243,10259
"(0.9153439153439156, 1.0)",1,99.78164584460671,10260
"(0.8316498316498316, 1.0)",3,99.78161856210636,10263
"(0.9153439153439156, 1.0)",1,99.7816129292978,10264
"(0.9497171590194846, 1.0)",1,99.7816129292978,10265
"(0.8316498316498316, 1.0)",1,99.78155586627987,10266
"(0.9161952650324744, 1.0)",2,99.78150791083291,10268
"(0.8229870141950848, 1.0)",2,99.78145269916452,10270
"(0.9666562434855118, 1.0)",1,99.78142798508652,10271
"(0.8976982097186702, 1.0)",2,99.78137680283524,10273
"(0.8814814814814814, 1.0)",1,99.78135624656808,10274
"(0.8814814814814814, 1.0)",1,99.78135624656804,10275
"(0.9665831244778612, 1.0)",1,99.78135624656804,10276
"(0.882673371045464, 1.0)",2,99.78134019654156,10278
"(1.0, 1.0)",1,99.78133356489478,10279
"(0.9833229101521784, 1.0)",1,99.78131194487004,10280
"(0.7979797979797979, 1.0)",5,99.78130270813196,10285
"(0.9833229101521784, 1.0)",1,99.78130270813196,10286
"(1.0, 1.0)",1,99.78129548861256,10287
"(0.9499687304565352, 1.0)",1,99.78129548861256,10288
"(0.9153439153439152, 1.0)",1,99.78129548861256,10289
"(0.8651903651903651, 1.0)",1,99.78129528129529,10290
"(0.8813080639167598, 1.0)",1,99.78124552482984,10291
"(0.9153439153439152, 1.0)",1,99.78123279278606,10292
"(0.9326599326599326, 1.0)",1,99.78117320800249,10293
"(0.9665831244778612, 1.0)",1,99.78117009695956,10294
"(0.8814814814814814, 1.0)",1,99.7811673709575,10295
"(0.9497171590194846, 1.0)",1,99.78106412649804,10296
"(0.9, 1.0)",2,99.78102111987084,10298
"(0.8976982097186702, 1.0)",1,99.78101146022898,10299
"(0.9497171590194846, 1.0)",2,99.78098011620416,10301
"(0.8976982097186702, 1.0)",1,99.78095858078392,10302
"(0.8976982097186702, 1.0)",3,99.78089588495745,10305
"(0.9506533178503804, 1.0)",1,99.78087139632628,10306
"(0.8976982097186702, 1.0)",2,99.78085403549323,10308
"(0.9166145507608924, 1.0)",2,99.78085155112947,10310
"(0.8476190476190477, 1.0)",1,99.78084799240126,10311
"(1.0, 1.0)",1,99.78083318913092,10312
"(0.8976982097186702, 1.0)",1,99.78083318913092,10313
"(0.8633762288330498, 1.0)",1,99.78082207310815,10314
"(0.8814814814814814, 1.0)",1,99.78078723444575,10315
"(0.8476190476190477, 1.0)",1,99.78078529657478,10316
"(0.8997493734335841, 1.0)",1,99.78077049330444,10317
"(0.8976982097186702, 1.0)",2,99.78077049330444,10319
"(0.9666562434855118, 1.0)",1,99.78071743252802,10320
"(0.9499687304565352, 1.0)",3,99.78070700934688,10323
"(0.933249791144528, 1.0)",1,99.78066515988267,10324
"(0.8976982097186702, 1.0)",1,99.78066515988267,10325
"(0.9326599326599326, 1.0)",2,99.7806637806638,10327
"(0.9833229101521784, 1.0)",3,99.78065656114435,10330
"(0.9153439153439152, 1.0)",2,99.78065656114435,10332
"(0.9009534009534008, 1.0)",2,99.7806009401754,10334
"(0.8635976129582268, 1.0)",1,99.78059931044773,10335
"(0.94993894993895, 1.0)",1,99.78056952993016,10336
"(0.9833229101521784, 1.0)",1,99.78052428601208,10337
"(0.898989898989899, 1.0)",1,99.78047138047138,10338
"(0.8976982097186702, 1.0)",2,99.78045543790982,10340
"(1.0, 1.0)",1,99.78043234227025,10341
"(0.8137566137566138, 1.0)",1,99.78042328042328,10342
"(0.8137865219658889, 1.0)",1,99.78036964644376,10343
"(0.8137566137566138, 1.0)",1,99.78033973823447,10344
"(1.0, 1.0)",1,99.78032687283512,10345
"(0.9833229101521784, 1.0)",1,99.78032687283512,10346
"(0.8976982097186702, 1.0)",2,99.78026417700865,10348
"(0.7802197802197803, 1.0)",80,99.78021978021978,10428
"(1.0, 1.0)",14,99.78021978021978,10442
"(0.8635976129582268, 1.0)",4,99.78021216371911,10446
"(0.8468951683237397, 1.0)",7,99.78018680893246,10453
"(0.8635976129582268, 1.0)",1,99.78017031425492,10454
"(0.94993894993895, 1.0)",3,99.78015702841486,10457
"(0.9326599326599326, 1.0)",1,99.78007530139809,10458
"(0.8976982097186702, 1.0)",2,99.78007530139809,10460
"(0.9670329670329668, 1.0)",1,99.78007509209556,10461
"(0.9665831244778612, 1.0)",2,99.78006141727946,10463
"(0.8635976129582268, 1.0)",1,99.78004716355412,10464
"(0.9506533178503804, 1.0)",1,99.78001801609189,10465
"(0.8635976129582268, 1.0)",2,99.78001738303654,10467
"(0.9333333333333332, 1.0)",1,99.7800138395883,10468
"(0.898989898989899, 1.0)",1,99.78001101886076,10469
"(0.8796475392220073, 1.0)",1,99.7800032221864,10470
"(0.8468951683237397, 1.0)",1,99.77999202824986,10471
"(0.8633762288330498, 1.0)",1,99.77999077959394,10472
"(0.8635976129582268, 1.0)",1,99.77996059228208,10473
"(0.8635976129582268, 1.0)",2,99.77989789645557,10475
"(0.8294970161977834, 1.0)",3,99.77985289338292,10478
"(0.9333333333333332, 1.0)",2,99.77984807698488,10480
"(0.9153439153439152, 1.0)",1,99.77968794536694,10481
"(0.8976982097186702, 1.0)",2,99.77968794536694,10483
"(0.9, 1.0)",1,99.779647539222,10484
"(0.9665831244778612, 1.0)",1,99.77964004344594,10485
"(0.8976982097186702, 1.0)",4,99.77962524954044,10489
"(0.9665831244778612, 1.0)",2,99.77962524954044,10491
"(0.8796475392220073, 1.0)",1,99.77959542331624,10492
"(0.9166145507608924, 1.0)",3,99.77958500013509,10495
"(0.8635976129582268, 1.0)",2,99.77958045577034,10497
"(0.8796475392220073, 1.0)",1,99.7795760659798,10498
"(0.8468951683237397, 1.0)",1,99.77955510098369,10499
"(0.8796475392220073, 1.0)",1,99.7795223043086,10500
"(0.9665831244778612, 1.0)",2,99.7795223043086,10502
"(0.8295839885326742, 1.0)",1,99.77949002316272,10503
"(0.8796475392220073, 1.0)",1,99.77948938899968,10504
"(0.8294970161977834, 1.0)",11,99.77946574665432,10515
"(0.8294970161977834, 1.0)",1,99.77943596613672,10516
"(0.9164652836623464, 1.0)",1,99.77943456523629,10517
"(1.0, 1.0)",1,99.779422853937,10518
"(0.8796475392220073, 1.0)",1,99.77941999997007,10519
"(0.8762860082304527, 1.0)",1,99.77941977821904,10520
"(0.8467532467532467, 1.0)",1,99.77941317941318,10521
"(0.8294970161977834, 1.0)",1,99.77940305082782,10522
"(0.8796475392220073, 1.0)",2,99.7793969126556,10524
"(0.8796475392220073, 1.0)",1,99.7793902194525,10525
"(0.8796475392220073, 1.0)",1,99.7793646982415,10526
"(0.9326599326599326, 1.0)",1,99.77935907164516,10527
"(0.9665831244778612, 1.0)",1,99.77927073287154,10528
"(0.8796475392220073, 1.0)",2,99.77927073287154,10530
"(0.8294970161977834, 1.0)",1,99.77921417521728,10531
"(0.8976982097186702, 1.0)",1,99.77918131205736,10532
"(0.8814814814814814, 1.0)",3,99.77917969120016,10535
"(0.9161952650324744, 1.0)",1,99.77916571440666,10536
"(0.903667392883079, 1.0)",1,99.77911164981,10537
"(0.8796475392220073, 1.0)",5,99.77908185726098,10542
"(0.8615866942983156, 1.0)",1,99.77903253857345,10543
"(0.8813080639167598, 1.0)",2,99.77900627363545,10545
"(0.8796475392220073, 1.0)",1,99.77895329218627,10546
"(0.9153439153439152, 1.0)",2,99.77894152830214,10548
"(0.8811945374355704, 1.0)",1,99.77889274715425,10549
"(0.9326599326599326, 1.0)",1,99.7788905963598,10550
"(0.8796475392220073, 1.0)",1,99.7788905963598,10551
"(0.9167853751187084, 1.0)",1,99.77882081900594,10552
"(0.9665831244778612, 1.0)",1,99.7787341459312,10553
"(0.9833229101521784, 1.0)",2,99.77871932958952,10555
"(0.8976982097186702, 1.0)",8,99.77871932958952,10563
"(0.844988344988345, 1.0)",1,99.7787073360244,10564
"(0.898989898989899, 1.0)",1,99.7786374382119,10565
"(0.8635976129582268, 1.0)",1,99.77849759081909,10566
"(0.944563492063492, 1.0)",1,99.7784906927142,10567
"(0.9442283950617284, 1.0)",2,99.7783957897899,10569
"(0.9506533178503804, 1.0)",1,99.77834755343936,10570
"(1.0, 1.0)",1,99.7783143647181,10571
"(0.8796475392220073, 1.0)",3,99.7783143647181,10574
"(0.9833229101521784, 1.0)",1,99.7783143647181,10575
"(0.9153439153439152, 1.0)",2,99.7783143647181,10577
"(0.8452611218568665, 1.0)",1,99.77830119102852,10578
"(0.844988344988345, 1.0)",1,99.77829040877822,10579
"(1.0, 1.0)",1,99.77826079547744,10580
"(0.844988344988345, 1.0)",4,99.77825020507947,10584
"(0.861111111111111, 1.0)",2,99.77816343548052,10586
"(0.844988344988345, 1.0)",1,99.77815459394408,10587
"(0.861111111111111, 1.0)",1,99.7781128086006,10588
"(0.930704099821747, 1.0)",1,99.77811039670678,10589
"(0.9309563801089225, 1.0)",1,99.77804737947685,10590
"(0.9167853751187084, 1.0)",1,99.77804496605636,10591
"(0.9333333333333332, 1.0)",1,99.77804013146516,10592
"(1.0, 1.0)",1,99.77798086169447,10593
"(0.9833229101521784, 1.0)",2,99.77798086169447,10595
"(0.930704099821747, 1.0)",1,99.77788790085296,10596
"(0.9300671002153482, 1.0)",1,99.77780555261964,10597
"(0.944563492063492, 1.0)",1,99.77777377233215,10598
"(0.861111111111111, 1.0)",1,99.77774650823432,10599
"(0.7944219523166891, 1.0)",2,99.77774486246886,10601
"(0.9833229101521784, 1.0)",1,99.77774486246886,10602
"(0.9167853751187084, 1.0)",1,99.77773767765008,10603
"(0.9166145507608924, 1.0)",4,99.777725661872,10607
"(0.861111111111111, 1.0)",3,99.777725661872,10610
"(0.9499687304565352, 1.0)",2,99.777725661872,10612
"(0.9303715638302106, 1.0)",1,99.77770981725364,10613
"(0.9665831244778612, 1.0)",1,99.77768381240782,10614
"(0.9665831244778612, 1.0)",1,99.77767338922666,10615
"(0.861111111111111, 1.0)",4,99.77766296604553,10619
"(0.9303715638302106, 1.0)",1,99.77766153790114,10620
"(0.844988344988345, 1.0)",1,99.77764827764828,10621
"(0.844988344988345, 1.0)",1,99.77764827764828,10622
"(1.0, 1.0)",1,99.777600270219,10623
"(0.9665831244778612, 1.0)",1,99.777600270219,10624
"(0.861111111111111, 1.0)",3,99.777600270219,10627
"(0.9295946890286512, 1.0)",1,99.7775639788142,10628
"(0.8471527473990528, 1.0)",1,99.77755804451007,10629
"(0.9720813204508856, 1.0)",1,99.77755367776324,10630
"(0.8635976129582268, 1.0)",1,99.77754545373534,10631
"(0.9720813204508856, 1.0)",1,99.77753221567885,10632
"(0.8887202421952387, 1.0)",1,99.7775189760174,10633
"(0.861111111111111, 1.0)",1,99.77749493679728,10634
"(0.9666562434855118, 1.0)",1,99.77748451361612,10635
"(0.9167853751187084, 1.0)",1,99.77746368913816,10636
"(0.9165164082221422, 1.0)",2,99.7774488770869,10638
"(0.9497171590194846, 1.0)",1,99.77741139460846,10639
"(0.9297812306740878, 1.0)",1,99.77735982688988,10640
"(0.9445235834124724, 1.0)",1,99.777352160047,10641
"(1.0, 1.0)",1,99.77734574894068,10642
"(0.8796475392220073, 1.0)",16,99.77734574894068,10658
"(0.8976982097186702, 1.0)",6,99.77734574894068,10664
"(0.9161379295307868, 1.0)",2,99.77732953931792,10666
"(0.9303715638302106, 1.0)",1,99.77732631745944,10667
"(0.9158007932517735, 1.0)",3,99.77731651736973,10670
"(0.9161952650324744, 1.0)",8,99.77730637614358,10678
"(1.0, 1.0)",2,99.77721602721604,10680
"(0.861111111111111, 1.0)",1,99.7772131234904,10681
"(0.9445235834124724, 1.0)",1,99.77719781216274,10682
"(0.861111111111111, 1.0)",1,99.77718430285078,10683
"(1.0, 1.0)",3,99.77711735100544,10686
"(0.861111111111111, 1.0)",3,99.7770939539232,10689
"(0.9326599326599326, 1.0)",10,99.7770939539232,10699
"(0.9583930063253372, 1.0)",2,99.77709155778264,10701
"(0.9442283950617284, 1.0)",1,99.77709039805028,10702
"(0.9584987529902784, 1.0)",1,99.77708070470464,10703
"(0.9720813204508856, 1.0)",1,99.77703653648544,10704
"(0.9442283950617284, 1.0)",1,99.77696637283204,10705
"(0.9299507899507898, 1.0)",1,99.77693670499208,10706
"(0.9166682405676116, 1.0)",1,99.77691899203673,10707
"(0.8468089381754635, 1.0)",1,99.77690164495048,10708
"(0.930704099821747, 1.0)",2,99.77690108938332,10710
"(0.944073617452092, 1.0)",1,99.7768640387158,10711
"(0.9009287520039462, 1.0)",1,99.77682364148194,10712
"(0.861111111111111, 1.0)",1,99.77672680721462,10713
"(0.8880984643179766, 1.0)",2,99.77670700614505,10715
"(0.861111111111111, 1.0)",1,99.77666411138811,10716
"(0.930124456440246, 1.0)",1,99.77665784713972,10717
"(0.9720813204508856, 1.0)",1,99.77665071284366,10718
"(0.8736897274633123, 1.0)",2,99.77655605223252,10720
"(0.9161379295307868, 1.0)",1,99.7765149915056,10721
"(0.776488287126585, 1.0)",34,99.77648828712658,10755
"(0.9299507899507898, 1.0)",1,99.77647074909656,10756
"(0.861111111111111, 1.0)",6,99.77645502645504,10762
"(1.0, 1.0)",1,99.77645502645504,10763
"(0.9153439153439152, 1.0)",5,99.77645502645504,10768
"(0.944563492063492, 1.0)",1,99.77641434132188,10769
"(0.9441792447111594, 1.0)",1,99.77641361696897,10770
"(0.893146638589877, 1.0)",1,99.77635103463648,10771
"(0.859499940327008, 1.0)",2,99.7763439859962,10773
"(0.944073617452092, 1.0)",1,99.77634109142345,10774
"(0.94993894993895, 1.0)",3,99.77632783882784,10777
"(0.826388888888889, 1.0)",3,99.77629492351892,10780
"(1.0, 1.0)",1,99.77612425077862,10781
"(0.9583930063253372, 1.0)",1,99.77597986806948,10782
"(0.9506533178503804, 1.0)",1,99.77597754465825,10783
"(0.9153439153439152, 1.0)",1,99.7759264852288,10784
"(0.9166682405676116, 1.0)",1,99.77588877808964,10785
"(0.9008627640703112, 1.0)",1,99.77588149593107,10786
"(0.9158007932517735, 1.0)",1,99.77586749316568,10787
"(0.859499940327008, 1.0)",1,99.77560153053574,10788
"(0.9299507899507898, 1.0)",2,99.77558141843184,10790
"(0.901575014782562, 1.0)",1,99.77554851762618,10791
"(0.901575014782562, 1.0)",1,99.77535644825991,10792
"(0.9666562434855118, 1.0)",1,99.77530338044556,10793
"(0.8586166985951469, 1.0)",2,99.77530325625916,10795
"(0.903667392883079, 1.0)",2,99.77530237166091,10797
"(0.901575014782562, 1.0)",1,99.77529338430084,10798
"(0.8420013166556946, 1.0)",2,99.7752929572644,10800
"(0.8420013166556947, 1.0)",1,99.7752929572644,10801
"(0.9833229101521784, 1.0)",1,99.7752929572644,10802
"(0.9158007932517735, 1.0)",1,99.77529059243749,10803
"(0.9666562434855118, 1.0)",2,99.77524068461906,10805
"(0.8420013166556946, 1.0)",7,99.77523026143793,10812
"(0.9665831244778612, 1.0)",1,99.77523026143793,10813
"(1.0, 1.0)",1,99.7751675656114,10814
"(0.8420013166556946, 1.0)",1,99.7751675656114,10815
"(0.9665831244778612, 1.0)",1,99.7751675656114,10816
"(0.9442283950617284, 1.0)",1,99.77514971662336,10817
"(0.9666666666666668, 1.0)",1,99.77511312217194,10818
"(0.8420013166556946, 1.0)",4,99.77511077485696,10822
"(0.9165164082221422, 1.0)",1,99.77510356180927,10823
"(0.808446455505279, 1.0)",3,99.77509227580964,10826
"(0.861111111111111, 1.0)",1,99.7750589518882,10827
"(0.8420013166556946, 1.0)",7,99.77504138582736,10834
"(0.8420013166556947, 1.0)",1,99.77504138582736,10835
"(0.808446455505279, 1.0)",2,99.77502957998314,10837
"(0.7916666666666666, 1.0)",10,99.77498957681884,10847
"(0.944073617452092, 1.0)",1,99.7749886595862,10848
"(0.9303715638302106, 1.0)",1,99.7749121488315,10849
"(0.9326599326599326, 1.0)",3,99.77466124931564,10852
"(0.8420013166556946, 1.0)",10,99.77466124931564,10862
"(0.8420013166556947, 1.0)",3,99.77466124931564,10865
"(0.8300265307680562, 1.0)",1,99.774659557168,10866
"(1.0, 1.0)",1,99.77460317460316,10867
"(0.9442283950617284, 1.0)",1,99.77451662456455,10868
"(0.861111111111111, 1.0)",1,99.77436323366555,10869
"(0.8420013166556946, 1.0)",1,99.77429410260702,10870
"(1.0, 1.0)",1,99.77425835245238,10871
"(0.8432903075760217, 1.0)",3,99.77413842468304,10874
"(0.9300671002153482, 1.0)",1,99.77408519245992,10875
"(0.8848000715856217, 1.0)",1,99.77407897277972,10876
"(0.9497171590194846, 1.0)",1,99.77369921561024,10877
"(0.8432903075760217, 1.0)",1,99.77369560468703,10878
"(0.8068904981347378, 1.0)",4,99.7735363184391,10882
"(0.8068904981347378, 1.0)",7,99.7734736226126,10889
"(0.7734344933751168, 1.0)",3,99.77343449337512,10892
"(0.8151249335459861, 1.0)",1,99.7733681118126,10893
"(0.8065067548938516, 1.0)",1,99.7731525751982,10894
"(0.9506533178503804, 1.0)",2,99.7728755400726,10896
"(0.9833229101521784, 1.0)",1,99.77257469591964,10897
"(0.9666666666666668, 1.0)",1,99.77221179904106,10898
"(0.8222222222222222, 1.0)",3,99.77220137585992,10901
"(1.0, 1.0)",1,99.77219095267876,10902
"(0.8222222222222222, 1.0)",11,99.77219095267876,10913
"(0.9499687304565352, 1.0)",1,99.77219095267876,10914
"(0.8222222222222222, 1.0)",2,99.77215803736983,10916
"(0.9665831244778612, 1.0)",8,99.77212825685226,10924
"(0.9833229101521784, 1.0)",4,99.77212825685226,10928
"(1.0, 1.0)",2,99.77212825685226,10930
"(0.8222222222222222, 1.0)",8,99.77212825685226,10938
"(0.9497171590194846, 1.0)",3,99.77193938124172,10941
"(1.0, 1.0)",4,99.77193938124172,10945
"(0.8222222222222222, 1.0)",3,99.77193938124172,10948
"(0.9497171590194848, 1.0)",1,99.77193938124172,10949
"(0.9445235834124724, 1.0)",1,99.77165840875054,10950
"(1.0, 1.0)",2,99.77141604307288,10952
"(0.9833229101521784, 1.0)",1,99.77141604307288,10953
"(0.9666562434855118, 1.0)",1,99.77140704823633,10954
"(0.8222222222222222, 1.0)",1,99.77119209802136,10955
"(0.8374727668845315, 1.0)",2,99.77078525385556,10957
"(0.8374727668845315, 1.0)",1,99.77076440749325,10958
"(0.9295946890286512, 1.0)",1,99.77072925333805,10959
"(0.8374727668845315, 1.0)",3,99.77070171166676,10962
"(0.8372053872053872, 1.0)",2,99.7704970278141,10964
"(0.9720813204508856, 1.0)",2,99.77049377880694,10966
"(0.8372053872053872, 1.0)",1,99.7704343319876,10967
"(0.837707400507675, 1.0)",3,99.7703673331676,10970
"(0.8703703703703703, 1.0)",1,99.7702764050004,10971
"(0.8703703703703703, 1.0)",1,99.77021535493937,10972
"(0.8374727668845315, 1.0)",2,99.77013269954446,10974
"(0.8703703703703703, 1.0)",1,99.76980468840934,10975
"(0.8697983697983697, 1.0)",1,99.76973583071144,10976
"(0.8697983697983697, 1.0)",1,99.76967313488495,10977
"(0.9333333333333332, 1.0)",1,99.7695811972508,10978
"(1.0, 1.0)",1,99.76954714343525,10979
"(1.0, 1.0)",1,99.76932103220726,10980
"(0.9326599326599326, 1.0)",1,99.76910412276266,10981
"(0.8697983697983697, 1.0)",2,99.76910412276266,10983
"(0.8697983697983697, 1.0)",1,99.76887219570146,10984
"(0.9833229101521784, 1.0)",1,99.76877162800976,10985
"(0.8016677935542034, 1.0)",2,99.76870076058717,10987
"(0.8349489264123411, 1.0)",1,99.76867834062956,10988
"(0.9497171590194848, 1.0)",1,99.76866763754444,10989
"(0.9331662489557224, 1.0)",2,99.76858098150726,10991
"(0.8016677935542034, 1.0)",1,99.76832403703972,10992
"(0.9666562434855118, 1.0)",1,99.76832403703972,10993
"(1.0, 1.0)",2,99.76831361385857,10995
"(0.8016677935542034, 1.0)",8,99.76831361385857,11003
"(0.9833229101521784, 1.0)",1,99.76831361385857,11004
"(0.8349489264123411, 1.0)",1,99.76828225974567,11005
"(1.0, 1.0)",3,99.76825091803208,11008
"(0.8016677935542034, 1.0)",10,99.76825091803208,11018
"(0.9665831244778612, 1.0)",7,99.76825091803208,11025
"(0.8349489264123411, 1.0)",2,99.76824056702104,11027
"(0.8349489264123411, 1.0)",1,99.76821078650347,11028
"(0.9499687304565352, 1.0)",1,99.7682005022891,11029
"(0.8703703703703703, 1.0)",3,99.76806858008904,11032
"(0.868077055383557, 1.0)",1,99.76801451629665,11033
"(0.8349489264123411, 1.0)",1,99.767988995584,11034
"(0.849906191369606, 1.0)",1,99.76796161615698,11035
"(0.868077055383557, 1.0)",2,99.76795182047012,11037
"(0.9497171590194846, 1.0)",1,99.76794478955868,11038
"(0.9506533178503804, 1.0)",2,99.76794279636326,11040
"(0.8845578466141503, 1.0)",1,99.7678182176794,11041
"(0.868077055383557, 1.0)",1,99.76776294485958,11042
"(1.0, 1.0)",1,99.76771394820176,11043
"(0.8177442148030384, 1.0)",1,99.76771294525958,11044
"(0.9833229101521784, 1.0)",1,99.76771294525958,11045
"(0.917849761232425, 1.0)",1,99.76762258562188,11046
"(0.9326599326599326, 1.0)",2,99.76756879434032,11048
"(0.8677838677838676, 1.0)",1,99.76753914628948,11049
"(0.9009534009534008, 1.0)",2,99.76753668217084,11051
"(0.8341307814992026, 1.0)",2,99.76744326847025,11053
"(0.9326599326599326, 1.0)",1,99.76743192532666,11054
"(0.8341307814992026, 1.0)",3,99.76742242210793,11057
"(0.9497171590194848, 1.0)",1,99.7674149882706,11058
"(0.9008025849489264, 1.0)",1,99.76736486306449,11059
"(0.8845578466141503, 1.0)",1,99.76735165623722,11060
"(0.9333333333333332, 1.0)",1,99.76734764783544,11061
"(0.8229870141950848, 1.0)",1,99.76731125188392,11062
"(1.0, 1.0)",1,99.76729503558772,11063
"(0.9833229101521784, 1.0)",1,99.76725348824472,11064
"(0.934122934122934, 1.0)",1,99.76720564088986,11065
"(0.934122934122934, 1.0)",1,99.7671743713464,11066
"(0.917469251615593, 1.0)",1,99.7671246596792,11067
"(0.9665831244778612, 1.0)",4,99.76707993787136,11071
"(0.7837066533930646, 1.0)",1,99.76702956354524,11072
"(0.9331662489557228, 1.0)",1,99.7670131488369,11073
"(0.917469251615593, 1.0)",1,99.76699847989516,11074
"(0.9333333333333332, 1.0)",1,99.76694958158372,11075
"(0.8165520116739629, 1.0)",4,99.76694809255784,11079
"(0.917415489944373, 1.0)",1,99.76694471822394,11080
"(0.8845578466141503, 1.0)",1,99.7668022172306,11081
"(0.9333333333333332, 1.0)",1,99.76679446393126,11082
"(0.9169719169719168, 1.0)",1,99.76677356305083,11083
"(1.0, 1.0)",1,99.76675277120664,11084
"(0.8997493734335841, 1.0)",1,99.76675087670232,11085
"(0.917415489944373, 1.0)",1,99.76665493063976,11086
"(0.882673371045464, 1.0)",1,99.76655563367808,11087
"(0.9161952650324744, 1.0)",1,99.76654965319172,11088
"(0.8165520116739629, 1.0)",3,99.76653116531163,11091
"(0.9666562434855118, 1.0)",1,99.76653100857207,11092
"(1.0, 1.0)",1,99.7665207421305,11093
"(0.9499687304565352, 1.0)",2,99.7665207421305,11095
"(0.9833229101521784, 1.0)",1,99.7665207421305,11096
"(0.9833229101521784, 1.0)",2,99.76649973902865,11098
"(0.9000617225831424, 1.0)",1,99.7664777626834,11099
"(0.9161952650324744, 1.0)",2,99.76646611100291,11101
"(0.9499687304565352, 1.0)",1,99.766458046304,11102
"(0.9166145507608924, 1.0)",1,99.766458046304,11103
"(0.9499687304565352, 1.0)",1,99.766458046304,11104
"(0.9666562434855118, 1.0)",1,99.76644746638328,11105
"(0.9833229101521784, 1.0)",1,99.76644543589344,11106
"(1.0, 1.0)",1,99.76637434737565,11107
"(0.9833229101521784, 1.0)",1,99.766332654651,11108
"(0.868077055383557, 1.0)",1,99.76629994339658,11109
"(0.8666666666666667, 1.0)",1,99.7662898603162,11110
"(0.9497171590194846, 1.0)",1,99.76626917069343,11111
"(0.9497171590194848, 1.0)",1,99.76626917069343,11112
"(0.9666562434855118, 1.0)",1,99.76625156136603,11113
"(0.9833229101521784, 1.0)",1,99.76624294858765,11114
"(0.8997493734335841, 1.0)",1,99.76624017830692,11115
"(0.9331662489557224, 1.0)",1,99.76624017830692,11116
"(1.0, 1.0)",2,99.76620726299802,11118
"(0.9665831244778612, 1.0)",1,99.76620647486696,11119
"(0.9331094582012576, 1.0)",1,99.76618764685904,11120
"(0.94993894993895, 1.0)",1,99.76617748248044,11121
"(0.9331662489557228, 1.0)",1,99.766167654486,11122
"(0.816195709052852, 1.0)",1,99.7661644395094,11123
"(0.94993894993895, 1.0)",3,99.76616374864184,11126
"(0.9833229101521784, 1.0)",1,99.7661469138318,11127
"(0.8329156223893065, 1.0)",2,99.76614456717152,11129
"(0.9166145507608924, 1.0)",1,99.76614377904043,11130
"(0.9161952650324744, 1.0)",1,99.76614314912668,11131
"(0.816195709052852, 1.0)",1,99.7661017436829,11132
"(0.8666666666666667, 1.0)",1,99.76610098470564,11133
"(0.8329156223893065, 1.0)",1,99.76608187134502,11134
"(0.8997493734335841, 1.0)",2,99.76608187134502,11136
"(0.9331662489557224, 1.0)",1,99.76608187134502,11137
"(0.9161952650324744, 1.0)",1,99.7660804533002,11138
"(0.8997493734335841, 1.0)",1,99.76607517814192,11139
"(0.9497171590194846, 1.0)",1,99.7660175992564,11140
"(0.916104916104916, 1.0)",1,99.76601110747453,11141
"(0.9331662489557228, 1.0)",1,99.76600287581869,11142
"(0.933249791144528, 1.0)",1,99.7659757497922,11143
"(0.8666666666666667, 1.0)",1,99.76597241963096,11144
"(0.9497171590194846, 1.0)",1,99.76595569156098,11145
"(0.9833229101521784, 1.0)",1,99.7659549034299,11146
"(0.799275702501509, 1.0)",1,99.76592152280588,11147
"(0.9161952650324744, 1.0)",2,99.7659133689226,11149
"(0.9499687304565352, 1.0)",1,99.76588903418173,11150
"(0.849906191369606, 1.0)",1,99.76588903418173,11151
"(0.9326599326599326, 1.0)",1,99.76587921780028,11152
"(0.882673371045464, 1.0)",2,99.76587104628422,11154
"(0.9497171590194848, 1.0)",1,99.76582951177691,11155
"(1.0, 1.0)",1,99.76582633835524,11156
"(0.882673371045464, 1.0)",1,99.76580835045772,11157
"(0.9833229101521784, 1.0)",1,99.76580835045772,11158
"(0.9167853751187084, 1.0)",2,99.765786259292,11160
"(0.9331662489557224, 1.0)",2,99.76576364252873,11162
"(0.9161952650324744, 1.0)",1,99.76576246148063,11163
"(0.9497171590194846, 1.0)",1,99.76576012274732,11164
"(0.9506533178503804, 1.0)",1,99.76574163185036,11165
"(1.0, 1.0)",1,99.76563746274466,11166
"(0.9497171590194848, 1.0)",1,99.76563746274466,11167
"(0.7656073923822403, 1.0)",33,99.76560739238224,11200
"(0.849906191369606, 1.0)",1,99.76560169968386,11201
"(0.9161952650324744, 1.0)",1,99.7655918217461,11202
"(0.8329156223893065, 1.0)",2,99.76557555504924,11204
"(1.0, 1.0)",2,99.76557476691818,11206
"(0.9506533178503804, 1.0)",1,99.76553891534468,11207
"(0.9665831244778612, 1.0)",1,99.76551048438084,11208
"(0.882673371045464, 1.0)",1,99.7654999882662,11209
"(0.9506533178503804, 1.0)",1,99.76548153319207,11210
"(0.9009534009534008, 1.0)",1,99.76547084854116,11211
"(0.8976982097186702, 1.0)",1,99.7654707869292,11212
"(0.9153439153439152, 1.0)",1,99.76538276538275,11213
"(0.8976982097186702, 1.0)",1,99.76535322505856,11214
"(0.868077055383557, 1.0)",1,99.76534780631285,11215
"(0.882673371045464, 1.0)",1,99.76534674209093,11216
"(0.9, 1.0)",1,99.76533349216275,11217
"(0.9009534009534008, 1.0)",1,99.76529743097645,11218
"(0.8653198653198653, 1.0)",1,99.76525732623294,11219
"(0.898989898989899, 1.0)",2,99.76519621711728,11221
"(0.9665831244778612, 1.0)",1,99.76519463040644,11222
"(0.8653198653198653, 1.0)",2,99.76519463040644,11224
"(1.0, 1.0)",1,99.76514867246574,11225
"(0.930704099821747, 1.0)",1,99.76512777083872,11226
"(0.9326599326599326, 1.0)",2,99.7651160730108,11228
"(0.917469251615593, 1.0)",1,99.7650734959643,11229
"(0.8476190476190477, 1.0)",1,99.76506489189416,11230
"(0.9326599326599326, 1.0)",1,99.76505046272489,11231
"(0.9161952650324744, 1.0)",2,99.7650227601268,11233
"(1.0, 1.0)",1,99.76499853527648,11234
"(0.8813080639167598, 1.0)",4,99.76498665703332,11238
"(0.9326599326599326, 1.0)",1,99.76488345691408,11239
"(0.8316498316498316, 1.0)",1,99.76487877643206,11240
"(0.8651903651903651, 1.0)",2,99.76487625466638,11242
"(0.9153439153439156, 1.0)",2,99.76487314362348,11244
"(0.7982894736842105, 1.0)",1,99.76487259816209,11245
"(0.9326599326599326, 1.0)",1,99.76484139642034,11246
"(0.9161952650324744, 1.0)",1,99.76483082098513,11247
"(0.9833229101521784, 1.0)",1,99.76481635286902,11248
"(0.9167853751187084, 1.0)",1,99.76479555332202,11249
"(0.8814814814814814, 1.0)",1,99.76476269890904,11250
"(0.9499687304565352, 1.0)",1,99.76474185254672,11251
"(0.9665831244778612, 1.0)",1,99.76466699189926,11252
"(0.9833229101521784, 1.0)",1,99.7646640586904,11253
"(0.8314237582530265, 1.0)",1,99.76465270303524,11254
"(0.9665831244778612, 1.0)",1,99.76462273998668,11255
"(1.0, 1.0)",2,99.76462273998668,11257
"(0.9326599326599326, 1.0)",1,99.76461839876474,11258
"(0.8651903651903651, 1.0)",2,99.76461819144744,11260
"(0.7979797979797979, 1.0)",3,99.76456292245766,11263
"(0.9326599326599326, 1.0)",2,99.76449611815464,11265
"(0.9665831244778612, 1.0)",1,99.76449300711177,11266
"(0.9833229101521784, 1.0)",1,99.76449190196688,11267
"(0.8814814814814814, 1.0)",1,99.76449028110969,11268
"(0.9497171590194846, 1.0)",1,99.76449028110969,11269
"(0.916104916104916, 1.0)",1,99.76448890062048,11270
"(0.8976982097186702, 1.0)",1,99.76448107650154,11271
"(0.9309563801089225, 1.0)",1,99.76441072103889,11272
"(0.9326599326599326, 1.0)",1,99.76436682732768,11273
"(0.9326599326599326, 1.0)",1,99.7643041315012,11274
"(0.8976982097186702, 1.0)",1,99.7642814909361,11275
"(0.9166145507608924, 1.0)",1,99.7642814909361,11276
"(0.9299507899507898, 1.0)",1,99.76424377461814,11277
"(0.9166145507608924, 1.0)",2,99.7642187951096,11279
"(0.9665831244778612, 1.0)",1,99.7642187951096,11280
"(0.8845578466141503, 1.0)",1,99.76420538583616,11281
"(0.8468951683237397, 1.0)",3,99.76419430647849,11284
"(0.9166145507608924, 1.0)",1,99.76417446128168,11285
"(0.9666562434855118, 1.0)",1,99.76416652246428,11286
"(0.8887202421952387, 1.0)",1,99.7641360516002,11287
"(0.8468951683237397, 1.0)",1,99.764131610652,11288
"(0.8976982097186702, 1.0)",1,99.76412631876552,11289
"(0.9153439153439156, 1.0)",1,99.76412586040314,11290
"(0.8814814814814814, 1.0)",1,99.76411014459796,11291
"(0.8294970161977834, 1.0)",1,99.76410626659651,11292
"(0.9665831244778612, 1.0)",2,99.76405552889317,11294
"(0.7640454555806062, 1.0)",2,99.7640454555806,11296
"(0.9499687304565352, 1.0)",1,99.76402991949904,11297
"(0.930704099821747, 1.0)",1,99.7640237774041,11298
"(0.9153439153439152, 1.0)",1,99.76402116402116,11299
"(0.944073617452092, 1.0)",1,99.76398931255784,11300
"(0.9303715638302106, 1.0)",1,99.7639828834706,11301
"(0.9153439153439152, 1.0)",1,99.76397947129657,11302
"(0.9166145507608924, 1.0)",3,99.763974496519,11305
"(0.8976982097186702, 1.0)",4,99.76396722367257,11309
"(0.944563492063492, 1.0)",1,99.76395965508333,11310
"(0.8635976129582268, 1.0)",1,99.7639532959226,11311
"(0.8813080639167598, 1.0)",1,99.76393672703324,11312
"(0.9009534009534008, 1.0)",1,99.7639238503276,11313
"(0.8814814814814814, 1.0)",1,99.7638585731609,11314
"(0.8651903651903651, 1.0)",1,99.76385719068644,11315
"(0.9153439153439156, 1.0)",1,99.76385407964356,11316
"(1.0, 1.0)",1,99.76385407964356,11317
"(0.8976982097186702, 1.0)",2,99.76384229333196,11319
"(0.9167853751187084, 1.0)",2,99.76382910427706,11321
"(0.933096859926128, 1.0)",1,99.76378469061396,11322
"(0.9441792447111594, 1.0)",1,99.7637620482037,11323
"(0.9497171590194846, 1.0)",2,99.76372789985948,11325
"(0.8137566137566138, 1.0)",2,99.76372534421316,11327
"(0.9165164082221422, 1.0)",1,99.76369738955688,11328
"(0.8976982097186702, 1.0)",1,99.76369147571194,11329
"(0.8885714285714285, 1.0)",1,99.76368503676774,11330
"(0.9299507899507898, 1.0)",1,99.76368315226298,11331
"(0.9666666666666668, 1.0)",1,99.76367062934963,11332
"(0.9167853751187084, 1.0)",1,99.76365811820382,11333
"(0.9445235834124724, 1.0)",1,99.76364543236548,11334
"(0.8633762288330498, 1.0)",1,99.76363814064824,11335
"(0.8976982097186702, 1.0)",3,99.76362000246974,11338
"(0.8294970161977834, 1.0)",5,99.76361995032072,11343
"(0.9497171590194846, 1.0)",1,99.76360246070966,11344
"(0.9583930063253372, 1.0)",1,99.76360045629023,11345
"(0.8885714285714285, 1.0)",1,99.76359576061644,11346
"(0.9326599326599326, 1.0)",1,99.76358708716084,11347
"(0.8635976129582268, 1.0)",1,99.76354549705246,11348
"(0.7802197802197803, 1.0)",40,99.76354269037196,11388
"(0.9833229101521784, 1.0)",5,99.76354269037196,11393
"(1.0, 1.0)",4,99.76354269037196,11397
"(0.9665831244778612, 1.0)",1,99.76352439133431,11398
"(0.8468951683237397, 1.0)",3,99.76350971908462,11401
"(0.8329050741331443, 1.0)",1,99.76349799576016,11402
"(0.9158007932517735, 1.0)",1,99.763492711845,11403
"(0.8796475392220073, 1.0)",1,99.76348763236444,11404
"(0.8137566137566138, 1.0)",3,99.7634737727761,11407
"(0.8294970161977834, 1.0)",1,99.76347324420034,11408
"(0.8468951683237397, 1.0)",1,99.76346786962044,11409
"(0.8468951683237397, 1.0)",3,99.76344702325814,11412
"(0.9299160159815896, 1.0)",1,99.76344353486785,11413
"(0.9295946890286512, 1.0)",1,99.76342377503347,11414
"(0.8468951683237397, 1.0)",2,99.76341724274056,11416
"(0.9027777777777778, 1.0)",1,99.76341308171374,11417
"(0.9497171590194846, 1.0)",3,99.76339821155028,11420
"(0.8468951683237397, 1.0)",1,99.76338432743164,11421
"(0.8635976129582268, 1.0)",2,99.7633700737063,11423
"(0.9305983472650138, 1.0)",1,99.76335342458808,11424
"(0.930704099821747, 1.0)",1,99.76333098765974,11425
"(0.8468951683237397, 1.0)",4,99.76332753667717,11429
"(0.9299160159815896, 1.0)",2,99.76332547063164,11431
"(0.9441792447111594, 1.0)",1,99.76332191097404,11432
"(0.9303715638302106, 1.0)",1,99.76332056759304,11433
"(0.8468951683237397, 1.0)",1,99.76325814764758,11434
"(0.9299507899507898, 1.0)",3,99.76324806993036,11437
"(0.9166682405676116, 1.0)",1,99.7632064491184,11438
"(0.8295839885326742, 1.0)",1,99.7632000800435,11439
"(0.9333333333333332, 1.0)",1,99.76317098713704,11440
"(0.9295946890286512, 1.0)",1,99.76316671433,11441
"(0.9158007932517735, 1.0)",1,99.76316051918688,11442
"(0.9166682405676116, 1.0)",1,99.76316047224684,11443
"(0.8811945374355704, 1.0)",1,99.76312157725737,11444
"(0.8635976129582268, 1.0)",2,99.76311578814288,11446
"(1.0, 1.0)",1,99.76311153302623,11447
"(0.9299507899507898, 1.0)",1,99.76309313897832,11448
"(0.8736897274633123, 1.0)",1,99.76309312861838,11449
"(0.9441792447111594, 1.0)",1,99.76308436094234,11450
"(0.8796475392220073, 1.0)",2,99.76304348557882,11452
"(0.8635976129582268, 1.0)",1,99.76302543921533,11453
"(0.9326599326599326, 1.0)",3,99.76301807503852,11456
"(0.9583930063253372, 1.0)",1,99.76301550092904,11457
"(0.8976982097186702, 1.0)",3,99.76301085551913,11460
"(0.9665831244778612, 1.0)",1,99.76300390275944,11461
"(0.8635976129582268, 1.0)",1,99.76299371485008,11462
"(0.9583930063253372, 1.0)",1,99.76298898919607,11463
"(0.9, 1.0)",1,99.7629704493742,11464
"(0.9009287520039462, 1.0)",1,99.76295464359038,11465
"(1.0, 1.0)",1,99.76294815969264,11466
"(0.9018806250259218, 1.0)",1,99.76294209507702,11467
"(0.8796475392220073, 1.0)",1,99.76293917983072,11468
"(0.9583930063253372, 1.0)",1,99.76293587474008,11469
"(0.8468089381754635, 1.0)",1,99.76293400518632,11470
"(0.8796475392220073, 1.0)",1,99.76290791028724,11471
"(0.8635976129582268, 1.0)",1,99.76290336592253,11472
"(0.8651903651903651, 1.0)",1,99.76288857490904,11473
"(0.9027777777777778, 1.0)",1,99.7628649864771,11474
"(0.8796475392220073, 1.0)",4,99.76284521446075,11478
"(0.9166145507608924, 1.0)",1,99.76284521446075,11479
"(0.9581458989353726, 1.0)",2,99.76283177132592,11481
"(0.8796475392220073, 1.0)",2,99.76280336499656,11483
"(0.933249791144528, 1.0)",2,99.76280336499656,11485
"(0.8880984643179766, 1.0)",1,99.76280226870244,11486
"(0.8599206349206349, 1.0)",1,99.76279770243512,11487
"(0.9166682405676116, 1.0)",2,99.7627813267768,11489
"(1.0, 1.0)",1,99.76275928408208,11490
"(0.9164652836623464, 1.0)",3,99.76275747538844,11493
"(0.7903875985986362, 1.0)",1,99.76273734195902,11494
"(0.8137566137566138, 1.0)",2,99.76272648955576,11496
"(0.8997493734335841, 1.0)",2,99.76271982280775,11498
"(0.8796475392220073, 1.0)",2,99.76271982280775,11500
"(0.944563492063492, 1.0)",1,99.76271675362516,11501
"(0.9164652836623464, 1.0)",1,99.76269594736222,11502
"(0.9299160159815896, 1.0)",1,99.76268508242742,11503
"(0.8796475392220073, 1.0)",1,99.76268021429576,11504
"(0.8796475392220073, 1.0)",1,99.76265043377818,11505
"(0.9581458989353726, 1.0)",1,99.76262266184924,11506
"(0.8813080639167598, 1.0)",1,99.76261612783352,11507
"(0.933249791144528, 1.0)",2,99.76261448938602,11509
"(0.944073617452092, 1.0)",1,99.76256203916948,11510
"(0.8294970161977834, 1.0)",4,99.76253708536944,11514
"(0.8796475392220073, 1.0)",1,99.7625309471972,11515
"(0.8468951683237397, 1.0)",1,99.76251086442724,11516
"(0.8879365079365079, 1.0)",1,99.76250134920708,11517
"(0.9441792447111594, 1.0)",1,99.76244733974616,11518
"(0.8976982097186702, 1.0)",3,99.76239560382784,11521
"(0.9299507899507898, 1.0)",1,99.76238625503656,11522
"(0.9441792447111594, 1.0)",1,99.76234459174836,11523
"(0.9326599326599326, 1.0)",1,99.76227620233848,11524
"(0.8635976129582268, 1.0)",1,99.76226443845432,11525
"(0.8468951683237397, 1.0)",2,99.76223908366764,11527
"(0.9153439153439152, 1.0)",1,99.76223908366764,11528
"(0.8976982097186702, 1.0)",2,99.76221565730644,11530
"(0.9326599326599326, 1.0)",1,99.76221350651198,11531
"(0.8633762288330498, 1.0)",4,99.76217255445864,11535
"(0.8294970161977834, 1.0)",1,99.76215694885772,11536
"(0.901575014782562, 1.0)",1,99.76211698501427,11537
"(0.8732774170274171, 1.0)",1,99.76208120407856,11538
"(0.8885714285714285, 1.0)",1,99.76206914887533,11539
"(0.8976982097186702, 1.0)",2,99.7620422397417,11541
"(0.9326599326599326, 1.0)",1,99.76202463090142,11542
"(0.8976982097186702, 1.0)",4,99.7619795439152,11546
"(0.844988344988345, 1.0)",1,99.76196755035008,11547
"(0.9301144010060736, 1.0)",1,99.76192489842072,11548
"(0.9295946890286512, 1.0)",1,99.76183067429096,11549
"(0.9580331374974232, 1.0)",1,99.76177867179037,11550
"(0.859499940327008, 1.0)",1,99.76176887196624,11551
"(0.8796475392220073, 1.0)",1,99.76176677499978,11552
"(0.861111111111111, 1.0)",1,99.76175400578032,11553
"(0.9009287520039462, 1.0)",1,99.76168147513803,11554
"(0.9153439153439152, 1.0)",3,99.76164769805143,11557
"(0.8796475392220073, 1.0)",3,99.76163727487028,11560
"(0.9153439153439156, 1.0)",1,99.76163727487028,11561
"(0.8796475392220073, 1.0)",2,99.76157457904378,11563
"(0.844988344988345, 1.0)",2,99.76157311523166,11565
"(0.8586166985951469, 1.0)",1,99.76154180368655,11566
"(0.844988344988345, 1.0)",2,99.76154019992272,11568
"(0.8615866942983156, 1.0)",2,99.76146145938488,11570
"(0.9169719169719168, 1.0)",1,99.7614059382352,11571
"(0.844988344988345, 1.0)",1,99.76136174749334,11572
"(1.0, 1.0)",1,99.76133497335962,11573
"(0.9665831244778612, 1.0)",1,99.76133497335962,11574
"(0.7612958226768967, 1.0)",33,99.7612958226769,11607
"(0.901575014782562, 1.0)",2,99.7612715920264,11609
"(0.8796475392220073, 1.0)",3,99.76116042207828,11612
"(0.9331094582012576, 1.0)",1,99.76113916648524,11613
"(0.9305983472650138, 1.0)",1,99.76112591953172,11614
"(0.8586166985951469, 1.0)",1,99.76110331615706,11615
"(0.9833229101521784, 1.0)",1,99.76106941838648,11616
"(0.861111111111111, 1.0)",1,99.76106941838648,11617
"(0.7944219523166891, 1.0)",1,99.76100507679456,11618
"(0.930704099821747, 1.0)",1,99.7609906384132,11619
"(0.861111111111111, 1.0)",1,99.76098587619768,11620
"(0.9665831244778612, 1.0)",1,99.76098587619768,11621
"(0.8813080639167598, 1.0)",1,99.76095560313875,11622
"(0.933249791144528, 1.0)",2,99.7609440267335,11624
"(1.0, 1.0)",1,99.7609231803712,11625
"(0.9665831244778612, 1.0)",1,99.7609231803712,11626
"(0.859499940327008, 1.0)",1,99.76089371812796,11627
"(0.8976982097186702, 1.0)",1,99.76089004321804,11628
"(0.861111111111111, 1.0)",1,99.7608604845447,11629
"(0.8796475392220073, 1.0)",1,99.76084207665758,11630
"(0.9665831244778612, 1.0)",1,99.76082660602783,11631
"(0.9497171590194846, 1.0)",1,99.76081784694944,11632
"(0.9497171590194848, 1.0)",1,99.76079700058712,11633
"(0.9665831244778612, 1.0)",1,99.76078092825014,11634
"(0.8108747044917258, 1.0)",1,99.76078073912176,11635
"(0.861111111111111, 1.0)",1,99.76076722006954,11636
"(0.9833229101521784, 1.0)",2,99.76074724465788,11638
"(0.861111111111111, 1.0)",1,99.76073430476065,11639
"(0.9833229101521784, 1.0)",1,99.76073430476065,11640
"(0.8300265307680562, 1.0)",1,99.76072102494,11641
"(0.9326599326599326, 1.0)",1,99.7607004262438,11642
"(0.8976982097186702, 1.0)",3,99.76066865909286,11645
"(1.0, 1.0)",1,99.76066865909286,11646
"(0.8796475392220073, 1.0)",5,99.76066865909286,11651
"(0.861111111111111, 1.0)",1,99.76062928629575,11652
"(0.861111111111111, 1.0)",1,99.760582010582,11653
"(0.9161379295307868, 1.0)",2,99.76057410212144,11655
"(0.8300265307680562, 1.0)",1,99.7605705433036,11656
"(0.9497171590194846, 1.0)",6,99.76054542915008,11662
"(0.861111111111111, 1.0)",5,99.76054542915008,11667
"(0.861111111111111, 1.0)",3,99.7605389373682,11670
"(0.861111111111111, 1.0)",1,99.76053603364258,11671
"(0.9167853751187084, 1.0)",1,99.76050004902764,11672
"(0.8296970789758384, 1.0)",1,99.76046006522284,11673
"(1.0, 1.0)",1,99.7604402611576,11674
"(0.861111111111111, 1.0)",1,99.76043771043771,11675
"(0.9666562434855118, 1.0)",1,99.76042728725656,11676
"(0.861111111111111, 1.0)",1,99.76035416824892,11677
"(0.9326599326599326, 1.0)",2,99.76035416824892,11679
"(0.844988344988345, 1.0)",2,99.76033226033226,11681
"(0.7601281633539698, 1.0)",1,99.76012816335395,11682
"(0.898989898989899, 1.0)",6,99.760101010101,11688
"(0.9158007932517735, 1.0)",1,99.76009679892276,11689
"(0.901575014782562, 1.0)",1,99.760081959227,11690
"(0.8848000715856217, 1.0)",1,99.75997033644472,11691
"(0.8432903075760217, 1.0)",1,99.75995748794676,11692
"(0.776488287126585, 1.0)",12,99.75981119727876,11704
"(0.7764882871265849, 1.0)",1,99.75981119727876,11705
"(0.861111111111111, 1.0)",4,99.7597779366072,11709
"(0.9153439153439152, 1.0)",1,99.7597779366072,11710
"(0.9153439153439156, 1.0)",3,99.7597779366072,11713
"(0.9167853751187084, 1.0)",2,99.75974579815404,11715
"(0.826388888888889, 1.0)",1,99.7596805294976,11716
"(0.826388888888889, 1.0)",1,99.75961783367111,11717
"(0.8151249335459861, 1.0)",1,99.7595895258398,11718
"(0.826388888888889, 1.0)",1,99.7595551378446,11719
"(0.8151249335459861, 1.0)",2,99.75949911392104,11721
"(1.0, 1.0)",1,99.7593802340346,11722
"(0.8796475392220073, 1.0)",12,99.759295078444,11734
"(1.0, 1.0)",1,99.759295078444,11735
"(0.9666562434855118, 1.0)",1,99.7590048792828,11736
"(0.9333333333333332, 1.0)",1,99.75898461403968,11737
"(0.9665831244778612, 1.0)",2,99.75894031831872,11739
"(0.9437903841498612, 1.0)",2,99.75889313453926,11741
"(1.0, 1.0)",2,99.75880932082978,11743
"(0.861111111111111, 1.0)",10,99.75880932082978,11753
"(0.8976982097186702, 1.0)",8,99.75880932082978,11761
"(0.8420013166556946, 1.0)",2,99.7586367137789,11763
"(0.8420013166556946, 1.0)",1,99.75862629059776,11764
"(0.8420013166556947, 1.0)",1,99.75861586741658,11765
"(0.8420013166556946, 1.0)",2,99.7585531715901,11767
"(0.8420013166556947, 1.0)",1,99.7585531715901,11768
"(0.8420013166556946, 1.0)",1,99.7584904757636,11769
"(0.808446455505279, 1.0)",1,99.75843603232413,11770
"(0.808446455505279, 1.0)",3,99.7584151859618,11773
"(0.8420013166556946, 1.0)",2,99.75836429597952,11775
"(0.808446455505279, 1.0)",1,99.75835249013532,11776
"(0.7916666666666666, 1.0)",2,99.75833333333333,11778
"(0.8420013166556946, 1.0)",1,99.75830160015305,11779
"(0.8635976129582268, 1.0)",1,99.75826245563948,11780
"(0.7916666666666666, 1.0)",8,99.75824979114452,11788
"(0.8420013166556947, 1.0)",1,99.7581062327606,11789
"(0.916104916104916, 1.0)",1,99.7581062327606,11790
"(0.9165164082221422, 1.0)",1,99.75807610963848,11791
"(0.8420013166556947, 1.0)",2,99.7579841594678,11793
"(0.9326599326599326, 1.0)",1,99.7579841594678,11794
"(0.8420013166556946, 1.0)",2,99.7579841594678,11796
"(0.9833229101521784, 1.0)",1,99.75796534340672,11797
"(1.0, 1.0)",3,99.75792608475535,11800
"(1.0, 1.0)",8,99.7577451665502,11808
"(0.757745166550198, 1.0)",35,99.7577451665502,11843
"(0.9008627640703112, 1.0)",1,99.75758661011275,11844
"(0.9299160159815896, 1.0)",2,99.75752103194898,11846
"(0.9416450721400784, 1.0)",1,99.75743757715296,11847
"(1.0, 1.0)",1,99.7573452319996,11848
"(0.8420013166556946, 1.0)",2,99.7573452319996,11850
"(0.8420013166556947, 1.0)",1,99.7573452319996,11851
"(0.9153439153439156, 1.0)",2,99.7573452319996,11853
"(0.8796475392220073, 1.0)",2,99.75733212634456,11855
"(0.861111111111111, 1.0)",1,99.7571204633615,11856
"(0.812557599070401, 1.0)",1,99.7571110610719,11857
"(0.9165164082221422, 1.0)",2,99.75700218777988,11859
"(0.8420013166556946, 1.0)",1,99.75690129451654,11860
"(0.8068904981347378, 1.0)",1,99.7568800749536,11861
"(0.8068904981347378, 1.0)",3,99.75679653276478,11864
"(0.7734344933751168, 1.0)",8,99.7567574035273,11872
"(0.8976982097186702, 1.0)",1,99.75675520490724,11873
"(0.9497171590194846, 1.0)",4,99.75674970796304,11877
"(0.8068904981347378, 1.0)",3,99.75660765715422,11880
"(0.9153439153439152, 1.0)",1,99.756253006253,11881
"(0.9506533178503804, 1.0)",2,99.7561984502248,11883
"(0.861111111111111, 1.0)",2,99.7561115355233,11885
"(0.8552744708994707, 1.0)",1,99.75597606603596,11886
"(0.9833229101521784, 1.0)",1,99.7558976060718,11887
"(0.944563492063492, 1.0)",1,99.7558553459407,11888
"(0.9666666666666668, 1.0)",1,99.75553470919324,11889
"(0.8222222222222222, 1.0)",1,99.75553470919324,11890
"(0.8222222222222222, 1.0)",3,99.75552428601208,11893
"(0.8222222222222222, 1.0)",8,99.75551386283094,11901
"(0.9833229101521784, 1.0)",1,99.75551386283094,11902
"(0.9833229101521784, 1.0)",1,99.75548901565162,11903
"(1.0, 1.0)",1,99.75548408231336,11904
"(0.8222222222222222, 1.0)",1,99.75547201336676,11905
"(0.9665831244778612, 1.0)",1,99.7554615901856,11906
"(0.9833229101521784, 1.0)",2,99.75545116700444,11908
"(0.8222222222222222, 1.0)",3,99.75545116700444,11911
"(0.9665831244778612, 1.0)",1,99.75545116700444,11912
"(0.8222222222222222, 1.0)",1,99.75538847117797,11913
"(0.9331662489557228, 1.0)",1,99.75538847117797,11914
"(0.933096859926128, 1.0)",2,99.75531908214836,11916
"(0.9497171590194846, 1.0)",1,99.75526229139388,11917
"(1.0, 1.0)",2,99.75526229139388,11919
"(0.8222222222222222, 1.0)",1,99.75526229139388,11920
"(0.837707400507675, 1.0)",1,99.7551532447828,11921
"(0.7965746171391332, 1.0)",1,99.75502370460136,11922
"(0.9326599326599326, 1.0)",5,99.75488215488215,11927
"(0.8222222222222222, 1.0)",3,99.75488215488215,11930
"(0.7880931329207191, 1.0)",3,99.75473895322509,11933
"(0.9665831244778612, 1.0)",1,99.7546762573986,11934
"(0.7880931329207191, 1.0)",1,99.7546762573986,11935
"(0.8222222222222222, 1.0)",1,99.75451500817354,11936
"(1.0, 1.0)",2,99.75445301461562,11938
"(0.8374727668845315, 1.0)",2,99.75408731764544,11940
"(0.8374727668845315, 1.0)",2,99.75402462181891,11942
"(0.837707400507675, 1.0)",1,99.75400768400502,11943
"(0.9192093318943212, 1.0)",1,99.75395774297512,11944
"(0.8374727668845315, 1.0)",4,99.75383574620838,11948
"(0.8372053872053872, 1.0)",1,99.75381993796628,11949
"(0.8374727668845315, 1.0)",1,99.75377305038188,11950
"(0.8372053872053872, 1.0)",2,99.75375724213978,11952
"(0.9833229101521784, 1.0)",1,99.75365158779792,11953
"(0.8229870141950848, 1.0)",2,99.75362096705648,11955
"(0.8703703703703703, 1.0)",1,99.75350534978264,11956
"(0.8229870141950848, 1.0)",1,99.75339231130611,11957
"(0.8703703703703703, 1.0)",1,99.75337916999857,11958
"(0.8703703703703703, 1.0)",2,99.75331647417208,11960
"(0.8703703703703703, 1.0)",1,99.75316417999343,11961
"(0.837707400507675, 1.0)",1,99.7530513158516,11962
"(0.9153439153439152, 1.0)",1,99.7530513158516,11963
"(0.8703703703703703, 1.0)",1,99.75293633766034,11964
"(0.8697983697983697, 1.0)",1,99.75293334921062,11965
"(1.0, 1.0)",1,99.75287005358742,11966
"(0.7860737114103088, 1.0)",1,99.75271953171466,11967
"(0.9665831244778612, 1.0)",1,99.7526125873366,11968
"(0.8703703703703703, 1.0)",2,99.75259897146933,11970
"(0.9833229101521784, 1.0)",1,99.75255559798951,11971
"(0.8703703703703703, 1.0)",1,99.75254919093172,11972
"(0.9833229101521784, 1.0)",2,99.75250991589832,11974
"(0.8703703703703703, 1.0)",1,99.75236010601864,11975
"(0.8349489264123411, 1.0)",1,99.75233777063043,11976
"(0.8845578466141503, 1.0)",1,99.7523333459686,11977
"(0.8016677935542034, 1.0)",3,99.75232111140458,11980
"(1.0, 1.0)",1,99.75224438382332,11981
"(0.7687400318979267, 1.0)",1,99.7520629420501,11982
"(0.9665831244778612, 1.0)",1,99.75203673895396,11983
"(0.9167853751187084, 1.0)",3,99.7518673187142,11986
"(0.9333333333333332, 1.0)",1,99.75176259014512,11987
"(1.0, 1.0)",1,99.7517377321299,11988
"(0.9499687304565352, 1.0)",1,99.75169088583723,11989
"(0.9666666666666668, 1.0)",1,99.75165737037304,11990
"(0.8016677935542034, 1.0)",1,99.75164694719189,11991
"(1.0, 1.0)",1,99.75163652401072,11992
"(0.9833229101521784, 1.0)",2,99.75163652401072,11994
"(0.8016677935542034, 1.0)",2,99.75163652401072,11996
"(0.9499687304565352, 1.0)",2,99.75163652401072,11998
"(0.8016677935542034, 1.0)",1,99.75160674349316,11999
"(0.8840048840048841, 1.0)",1,99.75157919669368,12000
"(0.8349489264123411, 1.0)",1,99.7515739003544,12001
"(0.8016677935542034, 1.0)",17,99.75157382818423,12018
"(0.9833229101521784, 1.0)",1,99.75157382818423,12019
"(0.8349489264123411, 1.0)",1,99.75152162770904,12020
"(0.9497171590194846, 1.0)",2,99.75138495257367,12022
"(0.8016677935542034, 1.0)",6,99.75138495257367,12028
"(0.8692185007974482, 1.0)",1,99.75133773657522,12029
"(0.8840048840048841, 1.0)",1,99.75129976285304,12030
"(0.868077055383557, 1.0)",1,99.75127473062231,12031
"(0.930704099821747, 1.0)",1,99.75125877294715,12032
"(0.9497171590194848, 1.0)",1,99.7511460039266,12033
"(0.8845578466141503, 1.0)",2,99.7511321936763,12035
"(0.7511111111111112, 1.0)",1,99.75111111111111,12036
"(0.7511111111111111, 1.0)",30,99.75111111111111,12066
"(0.868077055383557, 1.0)",1,99.75108585501177,12067
"(0.9167853751187084, 1.0)",1,99.7510148174573,12068
"(0.8840048840048841, 1.0)",1,99.75097531195092,12069
"(0.8312205288949474, 1.0)",1,99.75097072619116,12070
"(0.9666562434855118, 1.0)",1,99.75096346353324,12071
"(0.8840048840048841, 1.0)",1,99.75091261612442,12072
"(0.8762860082304527, 1.0)",1,99.75085942985802,12073
"(0.9009534009534008, 1.0)",1,99.75079689649652,12074
"(0.9300671002153482, 1.0)",1,99.75079342991764,12075
"(0.930704099821747, 1.0)",1,99.75078935976472,12076
"(0.9167853751187084, 1.0)",1,99.75078814752555,12077
"(0.9326599326599326, 1.0)",1,99.75075483547884,12078
"(0.8341307814992026, 1.0)",4,99.7507453322601,12082
"(0.9333333333333332, 1.0)",1,99.75073748488384,12083
"(0.868077055383557, 1.0)",1,99.75072656486232,12084
"(0.9008025849489264, 1.0)",1,99.75071919949968,12085
"(0.944563492063492, 1.0)",1,99.7506922492863,12086
"(0.9665831244778612, 1.0)",1,99.75068926224252,12087
"(0.9161952650324744, 1.0)",2,99.75068449952173,12089
"(0.9333333333333332, 1.0)",1,99.75065963846453,12090
"(0.9008025849489264, 1.0)",2,99.75064608049205,12092
"(0.9584987529902784, 1.0)",1,99.75064218090058,12093
"(0.9303715638302106, 1.0)",1,99.75064213509516,12094
"(0.9166145507608924, 1.0)",1,99.750628865263,12095
"(0.917469251615593, 1.0)",1,99.75057296148438,12096
"(0.8840048840048841, 1.0)",1,99.7505254693958,12097
"(0.930704099821747, 1.0)",1,99.75051803113143,12098
"(0.934122934122934, 1.0)",1,99.7504868583174,12099
"(0.9665831244778612, 1.0)",1,99.75046554385004,12100
"(0.917415489944373, 1.0)",1,99.75042672346908,12101
"(0.917415489944373, 1.0)",1,99.75041465452249,12102
"(0.917469251615593, 1.0)",1,99.75038487400492,12103
"(0.7503607503607503, 1.0)",10,99.75036075036076,12113
"(0.917469251615593, 1.0)",1,99.75032139004732,12114
"(0.9161952650324744, 1.0)",1,99.75019915635345,12115
"(0.9003556829643787, 1.0)",1,99.7501067021634,12116
"(0.9003556829643787, 1.0)",1,99.7500946332168,12117
"(0.9833229101521784, 1.0)",1,99.7500670936514,12118
"(0.8845578466141503, 1.0)",1,99.7500640657789,12119
"(0.917415489944373, 1.0)",1,99.750052638371,12120
"(0.9169719169719168, 1.0)",1,99.75003377737652,12121
"(0.9003556829643787, 1.0)",1,99.750011091028,12122
"(0.8053381731676306, 1.0)",1,99.75000753888963,12123
"(0.930704099821747, 1.0)",2,99.74999005420844,12125
"(0.8, 1.0)",1,99.74996873045654,12126
"(0.9008025849489264, 1.0)",1,99.74995167671676,12127
"(0.9441792447111594, 1.0)",1,99.74994892054664,12128
"(0.8166903745851114, 1.0)",1,99.74991931936734,12129
"(0.9165164082221422, 1.0)",1,99.74991169313807,12130
"(0.9, 1.0)",1,99.7499061913696,12131
"(0.9497171590194848, 1.0)",1,99.74989970514945,12132
"(0.8468089381754635, 1.0)",2,99.74989817609114,12134
"(0.9445235834124724, 1.0)",1,99.74989361048829,12135
"(0.9333333333333332, 1.0)",2,99.7498853450073,12137
"(0.882673371045464, 1.0)",1,99.74987854383023,12138
"(0.9166145507608924, 1.0)",1,99.74984365228268,12139
"(0.7498436522826767, 1.0)",2,99.74984365228268,12141
"(0.9833229101521784, 1.0)",1,99.74984365228268,12142
"(0.9499687304565352, 1.0)",1,99.74984365228268,12143
"(0.8666666666666667, 1.0)",1,99.74982249244124,12144
"(0.9833229101521784, 1.0)",1,99.7497809564562,12145
"(0.9499687304565352, 1.0)",1,99.74978095645618,12146
"(0.9165164082221422, 1.0)",1,99.74977030041796,12147
"(0.9584987529902784, 1.0)",1,99.749769647447,12148
"(0.9027777777777778, 1.0)",1,99.7497598433408,12149
"(0.8053381731676306, 1.0)",1,99.7497528227752,12150
"(0.917469251615593, 1.0)",1,99.74975237792503,12151
"(0.8666666666666667, 1.0)",1,99.74973895025244,12152
"(0.9665831244778612, 1.0)",1,99.74973017283672,12153
"(0.8165520116739629, 1.0)",1,99.74971826062968,12154
"(0.9833229101521784, 1.0)",2,99.74971826062968,12156
"(0.9333333333333332, 1.0)",1,99.7496972575278,12157
"(0.9333333333333332, 1.0)",2,99.7496972575278,12159
"(0.9583930063253372, 1.0)",2,99.74969346751978,12161
"(0.8468089381754635, 1.0)",1,99.74961560850558,12162
"(0.9665831244778612, 1.0)",1,99.74961083433485,12163
"(0.9166145507608924, 1.0)",1,99.74959286897668,12164
"(0.9333333333333332, 1.0)",1,99.74957107774377,12165
"(0.930124456440246, 1.0)",1,99.74955718953606,12166
"(0.9161379295307868, 1.0)",1,99.74954697566945,12167
"(0.9499358151476252, 1.0)",1,99.7495181042036,12168
"(0.9299507899507898, 1.0)",1,99.74951385162848,12169
"(0.9161952650324744, 1.0)",1,99.7495077520035,12170
"(0.9158007932517735, 1.0)",1,99.74947970979814,12171
"(0.944563492063492, 1.0)",1,99.74947866108631,12172
"(0.8329156223893065, 1.0)",1,99.7494674773237,12173
"(0.7994987468671678, 1.0)",2,99.7494674773237,12175
"(0.9497171590194848, 1.0)",1,99.74946668919264,12176
"(0.8796475392220073, 1.0)",1,99.74944590902038,12177
"(0.9161952650324744, 1.0)",1,99.749445056177,12178
"(0.9833229101521784, 1.0)",1,99.74942483972843,12179
"(0.9720813204508856, 1.0)",1,99.74941278172705,12180
"(0.8329156223893065, 1.0)",1,99.7494047814972,12181
"(0.9331662489557224, 1.0)",2,99.7494047814972,12183
"(0.930124456440246, 1.0)",1,99.74939451943212,12184
"(0.9333333333333332, 1.0)",1,99.74938299026428,12185
"(0.9161952650324744, 1.0)",1,99.74938251709008,12186
"(0.9166682405676116, 1.0)",1,99.7493655338758,12187
"(0.9583930063253372, 1.0)",1,99.7493633741434,12188
"(0.9833229101521784, 1.0)",2,99.74935412270376,12190
"(0.917415489944373, 1.0)",1,99.749332106585,12191
"(0.9441792447111594, 1.0)",1,99.74931548744604,12192
"(0.9295946890286512, 1.0)",1,99.74931303823976,12193
"(0.816195709052852, 1.0)",1,99.74929256897896,12194
"(0.8468089381754635, 1.0)",1,99.7492805115038,12195
"(0.9167853751187084, 1.0)",2,99.74926312859068,12197
"(1.0, 1.0)",1,99.7492480330645,12198
"(0.816195709052852, 1.0)",1,99.74923577822452,12199
"(0.9497171590194848, 1.0)",1,99.74921511775558,12200
"(0.8165520116739629, 1.0)",2,99.7492119443339,12202
"(0.9, 1.0)",1,99.74921178759432,12203
"(0.9161952650324744, 1.0)",1,99.7492064985572,12204
"(0.882673371045464, 1.0)",1,99.74915210697222,12205
"(0.9161952650324744, 1.0)",1,99.74911088742178,12206
"(0.8468089381754635, 1.0)",1,99.74910147135034,12207
"(0.868077055383557, 1.0)",1,99.7490981752544,12208
"(0.9299507899507898, 1.0)",1,99.74909450170198,12209
"(0.9166145507608924, 1.0)",1,99.74908893797152,12210
"(0.9326599326599326, 1.0)",1,99.74904470321673,12211
"(0.944073617452092, 1.0)",1,99.7490273556848,12212
"(0.8653198653198653, 1.0)",1,99.74899845843642,12213
"(0.9833229101521784, 1.0)",1,99.74898200739024,12214
"(0.882673371045464, 1.0)",1,99.74898035316797,12215
"(0.8490736316823273, 1.0)",1,99.7489692431312,12216
"(0.8736897274633123, 1.0)",1,99.74895001777143,12217
"(0.9583930063253372, 1.0)",1,99.7489405818964,12218
"(0.7656073923822403, 1.0)",2,99.74893030253442,12220
"(0.9331662489557224, 1.0)",1,99.74889846520142,12221
"(0.8678757556806338, 1.0)",1,99.74889687555148,12222
"(0.9665831244778612, 1.0)",1,99.74888654624154,12223
"(0.8651903651903651, 1.0)",1,99.74886895830691,12224
"(0.9161952650324744, 1.0)",1,99.7488324134591,12225
"(0.901575014782562, 1.0)",1,99.7488243575628,12226
"(0.9295946890286512, 1.0)",1,99.7488153774789,12227
"(0.9161952650324744, 1.0)",1,99.74879265860548,12228
"(0.916104916104916, 1.0)",1,99.74879265860548,12229
"(0.9833229101521784, 1.0)",1,99.74873520087986,12230
"(0.9161952650324744, 1.0)",1,99.74872996277898,12231
"(0.9833229101521784, 1.0)",1,99.74870567553496,12232
"(0.7903875985986362, 1.0)",2,99.74869088024306,12234
"(0.7903875985986362, 1.0)",1,99.74865094669248,12235
"(0.9499687304565352, 1.0)",1,99.7486418745636,12236
"(0.9445235834124724, 1.0)",1,99.74859925619992,12237
"(0.8732774170274171, 1.0)",1,99.74859524741922,12238
"(1.0, 1.0)",1,99.7485730168657,12239
"(0.9166145507608924, 1.0)",1,99.74857301686568,12240
"(0.8832603710652491, 1.0)",1,99.74857301686568,12241
"(0.898989898989899, 1.0)",2,99.74851912726946,12243
"(0.8319340617212959, 1.0)",1,99.7484850997579,12244
"(0.9665831244778612, 1.0)",1,99.74846847157502,12245
"(0.916104916104916, 1.0)",1,99.74845073824088,12246
"(0.9326599326599326, 1.0)",2,99.74843898316298,12248
"(0.9299160159815896, 1.0)",1,99.74843432689454,12249
"(1.0, 1.0)",1,99.74843137891918,12250
"(0.9833229101521784, 1.0)",1,99.74842753732575,12251
"(0.7651046271735927, 1.0)",1,99.74842753732575,12252
"(0.9441792447111594, 1.0)",2,99.74839339383132,12254
"(0.901575014782562, 1.0)",1,99.7483886247652,12255
"(0.9497171590194846, 1.0)",1,99.74838804241438,12256
"(0.8997493734335841, 1.0)",1,99.74838492938622,12257
"(0.9153439153439156, 1.0)",2,99.74838492938622,12259
"(0.859499940327008, 1.0)",1,99.74838452577168,12260
"(0.9441792447111594, 1.0)",1,99.74837455497084,12261
"(0.934122934122934, 1.0)",1,99.748372998776,12262
"(0.9326599326599326, 1.0)",1,99.74835953096824,12263
"(0.9153439153439156, 1.0)",1,99.74834229179096,12264
"(0.8976982097186702, 1.0)",1,99.748315998719,12265
"(0.9158007932517735, 1.0)",1,99.7482997561571,12266
"(0.8736897274633123, 1.0)",1,99.74829774784128,12267
"(0.9166145507608924, 1.0)",1,99.74828898848212,12268
"(0.9153439153439152, 1.0)",1,99.74825953773322,12269
"(0.8329156223893065, 1.0)",12,99.74825953773322,12281
"(0.8976982097186702, 1.0)",1,99.74824337605332,12282
"(0.8468951683237397, 1.0)",1,99.74816066220798,12283
"(0.8316498316498316, 1.0)",1,99.74813899075772,12284
"(0.9506533178503804, 1.0)",1,99.74812572226568,12285
"(0.9164652836623464, 1.0)",1,99.7481094825036,12286
"(0.9720813204508856, 1.0)",1,99.74810659528742,12287
"(0.9161952650324744, 1.0)",1,99.74809103531078,12288
"(0.8651903651903651, 1.0)",1,99.74803480644304,12289
"(0.7982894736842105, 1.0)",1,99.74800663270368,12290
"(0.8814814814814814, 1.0)",1,99.74800206687242,12291
"(0.8976982097186702, 1.0)",1,99.7479915478169,12292
"(0.9497171590194848, 1.0)",1,99.74795529615363,12293
"(1.0, 1.0)",1,99.74794852843632,12294
"(0.7979797979797979, 1.0)",4,99.74794852843632,12298
"(0.9153439153439152, 1.0)",1,99.74791258288138,12299
"(0.7979797979797979, 1.0)",2,99.74788583260984,12301
"(0.9497171590194848, 1.0)",2,99.747875093309,12303
"(0.8645971914264597, 1.0)",1,99.7478575624917,12304
"(0.9009287520039462, 1.0)",1,99.74784038716292,12305
"(0.8324561403508771, 1.0)",1,99.7478000556948,12306
"(0.8814814814814814, 1.0)",1,99.74778846360395,12307
"(0.9158007932517735, 1.0)",1,99.7477572363588,12308
"(0.868077055383557, 1.0)",2,99.74772459460556,12310
"(0.7979797979797979, 1.0)",2,99.74769695699928,12312
"(0.9, 1.0)",1,99.7476669401752,12313
"(0.7643097643097643, 1.0)",2,99.74763267446194,12315
"(0.930124456440246, 1.0)",1,99.74761051444835,12316
"(0.8976982097186702, 1.0)",1,99.74760424434872,12317
"(0.8976982097186702, 1.0)",1,99.7475833979864,12318
"(0.8976982097186702, 1.0)",1,99.74755212844292,12319
"(0.8976982097186702, 1.0)",1,99.74754170526178,12320
"(0.8586166985951469, 1.0)",1,99.74753462921883,12321
"(0.8976982097186702, 1.0)",1,99.7475207021599,12322
"(0.8468951683237397, 1.0)",2,99.74751721663064,12324
"(0.9665831244778612, 1.0)",1,99.74747900943528,12325
"(0.8976982097186702, 1.0)",1,99.74747900943528,12326
"(0.8586166985951469, 1.0)",1,99.74746056012806,12327
"(0.8653198653198653, 1.0)",1,99.74743910109764,12328
"(0.8814814814814814, 1.0)",1,99.74743305475012,12329
"(0.8677838677838676, 1.0)",1,99.74743140700588,12330
"(0.9, 1.0)",1,99.74741536873816,12331
"(0.8976982097186702, 1.0)",1,99.74741536873816,12332
"(0.861111111111111, 1.0)",2,99.74740165697612,12334
"(0.901575014782562, 1.0)",2,99.74737931228064,12336
"(0.8976982097186702, 1.0)",1,99.74737670509678,12337
"(0.8976982097186702, 1.0)",1,99.7473598398681,12338
"(0.944073617452092, 1.0)",1,99.7473559512618,12339
"(0.8976982097186702, 1.0)",1,99.74735282965122,12340
"(0.901575014782562, 1.0)",3,99.7473526514486,12343
"(0.8633762288330498, 1.0)",1,99.74733827068982,12344
"(0.8976982097186702, 1.0)",1,99.74732810199332,12345
"(0.8633762288330498, 1.0)",1,99.74732118729214,12346
"(0.8814814814814814, 1.0)",1,99.74730355660589,12347
"(0.80285509389987, 1.0)",1,99.74729953834432,12348
"(0.9326599326599326, 1.0)",1,99.74724690514164,12349
"(0.9497171590194846, 1.0)",1,99.74722743799823,12350
"(0.8651903651903651, 1.0)",1,99.74718010083863,12351
"(0.9161952650324744, 1.0)",1,99.74712241953335,12352
"(0.7471116816431321, 1.0)",1,99.74711168164312,12353
"(0.916104916104916, 1.0)",1,99.7470947664323,12354
"(0.8586166985951469, 1.0)",1,99.74708569360024,12355
"(0.8976982097186702, 1.0)",2,99.74707791410032,12357
"(0.8976982097186702, 1.0)",1,99.74705972370688,12358
"(0.8137865219658889, 1.0)",2,99.74701546674812,12360
"(0.9665831244778612, 1.0)",1,99.74698811418516,12361
"(0.859499940327008, 1.0)",1,99.74697477755018,12362
"(0.9166145507608924, 1.0)",1,99.7469726931395,12363
"(0.9581458989353726, 1.0)",1,99.74696957808698,12364
"(0.8814814814814814, 1.0)",1,99.74692362741143,12365
"(0.8137566137566138, 1.0)",1,99.74692286271234,12366
"(0.9326599326599326, 1.0)",1,99.746909997313,12367
"(0.8976982097186702, 1.0)",1,99.746909997313,12368
"(0.7802197802197803, 1.0)",2,99.74688644688644,12370
"(0.8635976129582268, 1.0)",2,99.74687883038578,12372
"(0.9666562434855118, 1.0)",1,99.74687602370528,12373
"(0.9833229101521784, 1.0)",9,99.74686560052412,12382
"(0.7802197802197803, 1.0)",9,99.74686560052412,12391
"(1.0, 1.0)",1,99.74686560052412,12392
"(0.9665831244778612, 1.0)",1,99.7468473014865,12393
"(0.9326599326599326, 1.0)",1,99.7468473014865,12394
"(1.0, 1.0)",6,99.74684305241796,12400
"(0.8468951683237397, 1.0)",1,99.74683262923682,12401
"(0.7802197802197803, 1.0)",32,99.74680290469765,12433
"(0.9665831244778612, 1.0)",1,99.74680290469765,12434
"(1.0, 1.0)",1,99.74680290469765,12435
"(0.8814814814814814, 1.0)",1,99.74679412728192,12436
"(0.8468951683237397, 1.0)",1,99.74676993341032,12437
"(0.8635976129582268, 1.0)",1,99.74673259237048,12438
"(0.8635976129582268, 1.0)",1,99.74669298385848,12439
"(0.8976982097186702, 1.0)",1,99.7466907673717,12440
"(0.8633762288330498, 1.0)",1,99.74668871580408,12441
"(0.8635976129582268, 1.0)",1,99.74666320334089,12442
"(0.8635976129582268, 1.0)",1,99.74663768212989,12443
"(0.8633762288330498, 1.0)",1,99.7466365998983,12444
"(0.9833229101521784, 1.0)",2,99.7466283200195,12446
"(0.8976982097186702, 1.0)",1,99.74660554643089,12447
"(0.9499358151476252, 1.0)",1,99.74659509653092,12448
"(0.898989898989899, 1.0)",1,99.7465941433386,12449
"(1.0, 1.0)",1,99.74656531601332,12450
"(0.8635976129582268, 1.0)",1,99.74654371675992,12451
"(0.8294970161977834, 1.0)",1,99.74649871368727,12452
"(0.8813080639167598, 1.0)",1,99.74649842910712,12453
"(0.9665831244778612, 1.0)",1,99.74649257551503,12454
"(0.8976982097186702, 1.0)",1,99.7464632658008,12455
"(0.8633762288330498, 1.0)",1,99.7464485124188,12456
"(0.8432903075760217, 1.0)",2,99.7464445179961,12458
"(0.9666562434855118, 1.0)",1,99.74642612517177,12459
"(0.9326599326599326, 1.0)",1,99.74641654641655,12460
"(0.8887202421952387, 1.0)",2,99.74632606230104,12462
"(0.9, 1.0)",1,99.74629335952636,12463
"(1.0, 1.0)",1,99.7462710698448,12464
"(0.8796475392220073, 1.0)",1,99.74623082043944,12465
"(0.8635976129582268, 1.0)",1,99.7462262760747,12466
"(0.9303715638302106, 1.0)",1,99.74621634082992,12467
"(0.8976982097186702, 1.0)",2,99.7462114850612,12469
"(0.8651903651903651, 1.0)",1,99.7462114850612,12470
"(0.8845578466141503, 1.0)",1,99.7462040913307,12471
"(0.9665831244778612, 1.0)",1,99.74618897097524,12472
"(0.8848000715856217, 1.0)",1,99.74618477953987,12473
"(0.8796475392220073, 1.0)",1,99.74616812461294,12474
"(0.8976982097186702, 1.0)",1,99.74613898498872,12475
"(0.8796475392220073, 1.0)",1,99.74612627514875,12476
"(0.8294970161977834, 1.0)",6,99.74611156695867,12482
"(0.8796475392220073, 1.0)",1,99.74610542878644,12483
"(0.9153439153439152, 1.0)",2,99.74608219423423,12485
"(0.8976982097186702, 1.0)",1,99.74608219423423,12486
"(0.8432903075760217, 1.0)",1,99.74605496157268,12487
"(0.9666562434855118, 1.0)",1,99.7460531561411,12488
"(0.8796475392220073, 1.0)",2,99.74604273295996,12490
"(0.7460317460317459, 1.0)",3,99.74603174603176,12493
"(0.8796475392220073, 1.0)",1,99.74598003713344,12494
"(0.9499687304565352, 1.0)",2,99.7459792490024,12496
"(0.8633762288330498, 1.0)",3,99.74594219612302,12499
"(0.9666562434855118, 1.0)",4,99.74592697635704,12503
"(0.901575014782562, 1.0)",1,99.74583385721624,12504
"(0.9161952650324744, 1.0)",1,99.745811534711,12505
"(0.8976982097186702, 1.0)",1,99.74575229662248,12506
"(0.8848000715856217, 1.0)",1,99.74574708196872,12507
"(0.8294970161977834, 1.0)",2,99.74569228123026,12509
"(0.9192093318943212, 1.0)",1,99.74568437638985,12510
"(0.8796475392220073, 1.0)",1,99.74566498173884,12511
"(0.8566900022492128, 1.0)",1,99.74559163115865,12512
"(1.0, 1.0)",1,99.74558939811328,12513
"(0.8468951683237397, 1.0)",1,99.74556199381983,12514
"(0.8976982097186702, 1.0)",2,99.7455385674586,12516
"(0.8796475392220073, 1.0)",1,99.74553641666417,12517
"(0.8294970161977834, 1.0)",1,99.74547985900988,12518
"(0.844988344988345, 1.0)",3,99.74534402795273,12521
"(0.8137566137566138, 1.0)",1,99.74533368146528,12522
"(0.844988344988345, 1.0)",1,99.74531295263004,12523
"(0.8151249335459861, 1.0)",1,99.74523177936712,12524
"(0.8872426490351017, 1.0)",2,99.74516833411268,12526
"(0.8840455840455841, 1.0)",1,99.7451566951567,12527
"(0.8976982097186702, 1.0)",2,99.74511357845682,12529
"(1.0, 1.0)",1,99.74497684125411,12530
"(0.9153439153439152, 1.0)",1,99.74497060820362,12531
"(0.8796475392220073, 1.0)",1,99.74496740454188,12532
"(0.8796475392220073, 1.0)",1,99.74496018502244,12533
"(0.9153439153439156, 1.0)",1,99.74496018502244,12534
"(0.8452611218568665, 1.0)",1,99.74494701133288,12535
"(0.844988344988345, 1.0)",1,99.74493622908255,12536
"(0.844988344988345, 1.0)",1,99.74488395643723,12537
"(0.8294970161977834, 1.0)",1,99.7448409315417,12538
"(0.844988344988345, 1.0)",1,99.74480041424845,12539
"(0.861111111111111, 1.0)",6,99.74475862890498,12545
"(0.8796475392220073, 1.0)",2,99.7447086135854,12547
"(0.8976982097186702, 1.0)",3,99.7446965428486,12550
"(0.8848000715856217, 1.0)",1,99.7446321035488,12551
"(0.9333333333333332, 1.0)",1,99.744623255943,12552
"(0.7612958226768967, 1.0)",15,99.74461873282908,12567
"(0.8467532467532467, 1.0)",3,99.74445145647192,12570
"(0.844988344988345, 1.0)",1,99.74441617124543,12571
"(0.7944219523166891, 1.0)",5,99.74439068277324,12576
"(0.9192093318943212, 1.0)",1,99.7443891160824,12577
"(0.9666562434855118, 1.0)",1,99.74438190535751,12578
"(0.8832603710652491, 1.0)",7,99.74437148217636,12585
"(0.861111111111111, 1.0)",1,99.74430878634983,12586
"(0.9665831244778612, 1.0)",1,99.74427587104095,12587
"(0.9331662489557224, 1.0)",1,99.74424609052338,12588
"(0.9497171590194846, 1.0)",1,99.74416160346394,12589
"(0.861111111111111, 1.0)",1,99.74415951925133,12590
"(1.0, 1.0)",1,99.74411991073931,12591
"(0.861111111111111, 1.0)",2,99.7440572149128,12593
"(0.8796475392220073, 1.0)",2,99.74399156924504,12595
"(0.9833229101521784, 1.0)",4,99.74399156924504,12599
"(0.9161952650324744, 1.0)",1,99.74395219644794,12600
"(0.8796475392220073, 1.0)",1,99.74392887341854,12601
"(0.8976982097186702, 1.0)",2,99.74392887341854,12603
"(0.8796475392220073, 1.0)",2,99.7438845395906,12605
"(0.861111111111111, 1.0)",1,99.74386833930224,12606
"(0.9192093318943212, 1.0)",1,99.7437919899958,12607
"(0.882673371045464, 1.0)",4,99.74378448215656,12611
"(0.8266173510466989, 1.0)",1,99.74375445327078,12612
"(0.9326599326599326, 1.0)",1,99.74373977422758,12613
"(0.9665831244778612, 1.0)",2,99.74367707840108,12615
"(0.9442283950617284, 1.0)",1,99.74367336300926,12616
"(0.7435897435897435, 1.0)",6,99.74358974358977,12622
"(0.9326599326599326, 1.0)",1,99.74348820279052,12623
"(0.861111111111111, 1.0)",3,99.74348820279052,12626
"(0.8294970161977834, 1.0)",1,99.74344485697488,12627
"(0.7601164382773579, 1.0)",1,99.74343934842952,12628
"(0.898989898989899, 1.0)",3,99.7434239202532,12631
"(0.7711781618000022, 1.0)",1,99.74338662910212,12632
"(0.7713401051412279, 1.0)",2,99.7433860816515,12634
"(0.9833229101521784, 1.0)",1,99.74334948422606,12635
"(0.8635976129582268, 1.0)",3,99.74324515218024,12638
"(0.776488287126585, 1.0)",1,99.74315495379324,12639
"(0.776488287126585, 1.0)",1,99.74313410743096,12640
"(0.776488287126585, 1.0)",1,99.74313410743092,12641
"(0.861111111111111, 1.0)",4,99.7431216931217,12645
"(0.9153439153439156, 1.0)",1,99.74310084675938,12646
"(0.776488287126585, 1.0)",7,99.74307141160445,12653
"(0.8266173510466989, 1.0)",1,99.7430499632688,12654
"(1.0, 1.0)",1,99.74302531849702,12655
"(0.8633762288330498, 1.0)",1,99.74302376805504,12656
"(0.812557599070401, 1.0)",1,99.74301632372084,12657
"(0.826388888888889, 1.0)",1,99.74301386283094,12658
"(0.826388888888889, 1.0)",1,99.74300343964978,12659
"(0.826388888888889, 1.0)",1,99.7429615901856,12660
"(0.9009534009534008, 1.0)",1,99.7429547176091,12661
"(0.826388888888889, 1.0)",1,99.74294074382328,12662
"(0.8615866942983156, 1.0)",1,99.74278123173389,12663
"(0.861111111111111, 1.0)",1,99.7427409195702,12664
"(0.917415489944373, 1.0)",1,99.74273971675224,12665
"(0.9584987529902784, 1.0)",1,99.74273533844868,12666
"(0.8976982097186702, 1.0)",1,99.742686554707,12667
"(0.8796475392220073, 1.0)",4,99.7426179885962,12671
"(1.0, 1.0)",1,99.7426179885962,12672
"(0.9833229101521784, 1.0)",1,99.7426179885962,12673
"(0.9665831244778612, 1.0)",1,99.74258919451026,12674
"(1.0, 1.0)",2,99.74242268350784,12676
"(0.944073617452092, 1.0)",1,99.74238015100624,12677
"(0.9326599326599326, 1.0)",1,99.742371731701,12678
"(0.8811945374355704, 1.0)",3,99.74230564854668,12681
"(0.9665831244778612, 1.0)",1,99.7422840748332,12682
"(0.9665831244778612, 1.0)",1,99.74226322847088,12683
"(0.9833229101521784, 1.0)",1,99.74213223098197,12684
"(0.861111111111111, 1.0)",5,99.74213223098197,12689
"(0.8976982097186702, 1.0)",7,99.74213223098197,12696
"(0.7421018697614443, 1.0)",1,99.74210186976144,12697
"(0.944563492063492, 1.0)",1,99.74205603255024,12698
"(0.8420013166556947, 1.0)",3,99.74193877756876,12701
"(0.9499687304565352, 1.0)",2,99.74193877756876,12703
"(0.9166145507608924, 1.0)",1,99.74193877756876,12704
"(0.9497171590194848, 1.0)",1,99.74181422337972,12705
"(0.8420013166556946, 1.0)",4,99.74181338591578,12709
"(0.9833229101521784, 1.0)",1,99.74181338591578,12710
"(0.917849761232425, 1.0)",1,99.7417784568328,12711
"(1.0, 1.0)",1,99.74175069008928,12712
"(0.8420013166556946, 1.0)",2,99.7417439968862,12714
"(0.808446455505279, 1.0)",3,99.741738096114,12717
"(0.8420013166556946, 1.0)",1,99.74168130105969,12718
"(0.808446455505279, 1.0)",4,99.7416754002875,12722
"(0.861111111111111, 1.0)",2,99.74164207636608,12724
"(0.7916666666666666, 1.0)",1,99.7416353971232,12725
"(0.7416325017951034, 1.0)",21,99.7416325017951,12746
"(0.8420013166556946, 1.0)",1,99.7416245103052,12747
"(1.0, 1.0)",1,99.7416245103052,12748
"(0.8420013166556947, 1.0)",2,99.7416245103052,12750
"(0.808446455505279, 1.0)",1,99.741612704461,12751
"(0.7916666666666666, 1.0)",2,99.7415727012967,12753
"(0.8110673829751791, 1.0)",1,99.74153323167911,12754
"(0.9497171590194846, 1.0)",1,99.74148652467694,12755
"(0.808446455505279, 1.0)",1,99.74148652467694,12756
"(0.8420013166556947, 1.0)",1,99.7414291429128,12757
"(0.8420013166556946, 1.0)",1,99.74142623918716,12758
"(0.7916666666666666, 1.0)",2,99.74138382568614,12760
"(0.8420013166556947, 1.0)",2,99.74130706961998,12762
"(0.861111111111111, 1.0)",2,99.7412979181272,12764
"(0.8420013166556946, 1.0)",2,99.74124437379348,12766
"(0.9665831244778612, 1.0)",1,99.74118629908104,12767
"(0.9326599326599326, 1.0)",1,99.7411063881652,12768
"(0.7965746171391332, 1.0)",1,99.74109424098322,12769
"(0.757745166550198, 1.0)",17,99.74106807670238,12786
"(0.9833229101521784, 1.0)",5,99.74106807670238,12791
"(1.0, 1.0)",1,99.74106807670238,12792
"(0.898989898989899, 1.0)",3,99.7409912156456,12795
"(1.0, 1.0)",3,99.74075865033312,12798
"(0.861111111111111, 1.0)",3,99.74075865033312,12801
"(0.8796475392220073, 1.0)",15,99.74075865033312,12816
"(0.8420013166556946, 1.0)",2,99.7406681421518,12818
"(0.9153439153439156, 1.0)",1,99.7406681421518,12819
"(0.9833229101521784, 1.0)",1,99.74065503649672,12820
"(0.8101143854687974, 1.0)",3,99.74058023417273,12823
"(0.8101143854687974, 1.0)",2,99.74053714293494,12825
"(0.8101143854687974, 1.0)",1,99.74051968257984,12826
"(0.8101143854687974, 1.0)",1,99.74048882687254,12827
"(0.8101143854687974, 1.0)",1,99.74035498905054,12828
"(0.7734344933751168, 1.0)",6,99.74008031367948,12834
"(0.8068904981347378, 1.0)",2,99.74005674709046,12836
"(0.7734344933751168, 1.0)",1,99.74001761785296,12837
"(0.8229870141950848, 1.0)",1,99.73994534029724,12838
"(0.8068904981347378, 1.0)",3,99.7399305673064,12841
"(0.9833229101521784, 1.0)",1,99.73991231516578,12842
"(0.8229870141950848, 1.0)",1,99.7398184987615,12843
"(0.8222222222222222, 1.0)",1,99.73976883860604,12844
"(0.8976982097186702, 1.0)",3,99.73969952637437,12847
"(0.8420013166556946, 1.0)",8,99.73969952637437,12855
"(1.0, 1.0)",1,99.73969952637437,12856
"(0.8068904981347378, 1.0)",3,99.73955043079468,12859
"(0.9497171590194846, 1.0)",1,99.7389744876342,12860
"(0.9166145507608924, 1.0)",1,99.73883677298312,12861
"(0.8222222222222222, 1.0)",4,99.73883677298312,12865
"(0.8222222222222222, 1.0)",1,99.73879492351892,12866
"(0.8222222222222222, 1.0)",1,99.73878450033776,12867
"(0.8222222222222222, 1.0)",8,99.73877407715662,12875
"(0.9499358151476252, 1.0)",1,99.73874116184771,12876
"(0.9164652836623464, 1.0)",1,99.73868750588456,12877
"(0.8222222222222222, 1.0)",1,99.73858520154609,12878
"(0.9833229101521784, 1.0)",2,99.7385671249552,12880
"(0.8222222222222222, 1.0)",1,99.73852250571956,12881
"(0.9497171590194848, 1.0)",1,99.73852250571956,12882
"(0.916104916104916, 1.0)",1,99.73832713832714,12883
"(0.8222222222222222, 1.0)",5,99.73820506503434,12888
"(0.9833229101521784, 1.0)",1,99.73820506503434,12889
"(0.8068904981347378, 1.0)",1,99.73810742935169,12890
"(0.7880931329207191, 1.0)",3,99.73806186337724,12893
"(0.7880931329207191, 1.0)",1,99.73799916755075,12894
"(0.8222222222222222, 1.0)",1,99.73777522249922,12895
"(0.9153439153439152, 1.0)",2,99.73756613756612,12897
"(0.8222222222222222, 1.0)",4,99.73756613756612,12901
"(0.8374727668845315, 1.0)",1,99.7374102277976,12902
"(0.8374727668845315, 1.0)",1,99.73734753197112,12903
"(0.9497171590194846, 1.0)",3,99.73714171854664,12906
"(0.8372053872053872, 1.0)",1,99.73708015229197,12907
"(0.9666562434855118, 1.0)",1,99.73707595253086,12908
"(0.9300671002153482, 1.0)",1,99.73703465616283,12909
"(0.7647742788871822, 1.0)",1,99.73695053677773,12910
"(0.8374727668845315, 1.0)",1,99.73686886877638,12911
"(0.9584987529902784, 1.0)",1,99.73681316903554,12912
"(0.837707400507675, 1.0)",1,99.73669729949758,12913
"(0.9580331374974232, 1.0)",1,99.73658932179168,12914
"(0.944563492063492, 1.0)",1,99.7363607716614,12915
"(0.9018806250259218, 1.0)",1,99.73631848249008,12916
"(0.7362637362637362, 1.0)",5,99.73626373626374,12921
"(0.8887202421952387, 1.0)",2,99.7362279296803,12923
"(0.9295946890286512, 1.0)",1,99.73621190659284,12924
"(0.868077055383557, 1.0)",1,99.73615411076712,12925
"(0.944563492063492, 1.0)",1,99.7361259038382,12926
"(0.868077055383557, 1.0)",1,99.73610121062748,12927
"(0.8703703703703703, 1.0)",1,99.73607037220197,12928
"(0.9442283950617284, 1.0)",1,99.73603020222616,12929
"(0.9300671002153482, 1.0)",1,99.7360269455079,12930
"(0.8339475360293065, 1.0)",1,99.73599110758146,12931
"(0.9166682405676116, 1.0)",1,99.73597725869476,12932
"(0.9027777777777778, 1.0)",2,99.73593080097768,12934
"(0.9165164082221422, 1.0)",1,99.73590886146094,12935
"(0.9299160159815896, 1.0)",1,99.73590854535432,12936
"(0.8703703703703703, 1.0)",2,99.73587210108391,12938
"(0.9167853751187084, 1.0)",1,99.7357564321386,12939
"(0.9157169990503324, 1.0)",1,99.73575595495788,12940
"(0.944073617452092, 1.0)",1,99.73569267989264,12941
"(0.9167853751187084, 1.0)",1,99.73565113239404,12942
"(0.8468089381754635, 1.0)",1,99.73562713456072,12943
"(0.9027777777777778, 1.0)",1,99.73557307855224,12944
"(0.9666562434855118, 1.0)",1,99.73554412106348,12945
"(0.9441792447111594, 1.0)",1,99.73552137882284,12946
"(0.9583930063253372, 1.0)",1,99.73543217316714,12947
"(0.837707400507675, 1.0)",1,99.73540561022634,12948
"(0.8976982097186702, 1.0)",1,99.73540561022634,12949
"(0.7687400318979267, 1.0)",1,99.73538585220228,12950
"(0.8613656783468103, 1.0)",1,99.73538324570552,12951
"(0.930704099821747, 1.0)",1,99.7353775571599,12952
"(0.901575014782562, 1.0)",5,99.735359477865,12957
"(0.8374727668845315, 1.0)",1,99.73533551840582,12958
"(0.8349489264123411, 1.0)",1,99.73531373775276,12959
"(0.944563492063492, 1.0)",1,99.73527159334104,12960
"(0.7686844739476318, 1.0)",1,99.7352675984255,12961
"(1.0, 1.0)",1,99.7352604033514,12962
"(0.9583930063253372, 1.0)",1,99.73524904619944,12963
"(0.8319340617212959, 1.0)",1,99.73509843283294,12964
"(0.9441792447111594, 1.0)",1,99.7350071407946,12965
"(0.9666562434855118, 1.0)",1,99.73496985734408,12966
"(0.8016677935542034, 1.0)",2,99.73495943416292,12968
"(0.9833229101521784, 1.0)",1,99.73495943416292,12969
"(0.9299507899507898, 1.0)",1,99.73495109895497,12970
"(0.8016677935542034, 1.0)",1,99.73492965364534,12971
"(0.9295946890286512, 1.0)",1,99.73492921517384,12972
"(0.8016677935542034, 1.0)",1,99.734926518854,12973
"(0.933249791144528, 1.0)",1,99.73491758469874,12974
"(0.8736897274633123, 1.0)",1,99.7349092765632,12975
"(0.8349489264123411, 1.0)",1,99.73490723368772,12976
"(0.8840048840048841, 1.0)",1,99.73490210684588,12977
"(0.8016677935542034, 1.0)",2,99.73489673833642,12979
"(0.9833229101521784, 1.0)",1,99.73489673833642,12980
"(0.9497171590194848, 1.0)",1,99.73485944416176,12981
"(0.9009287520039462, 1.0)",1,99.73483548973942,12982
"(0.8016677935542034, 1.0)",1,99.73483404250992,12983
"(0.9299507899507898, 1.0)",1,99.73483309039275,12984
"(0.8840455840455841, 1.0)",2,99.73481689945103,12986
"(0.930124456440246, 1.0)",1,99.73478634838276,12987
"(0.930124456440246, 1.0)",1,99.73477518611794,12988
"(0.94993894993895, 1.0)",1,99.73476771178058,12989
"(0.8349489264123411, 1.0)",1,99.73476099567242,12990
"(0.9441792447111594, 1.0)",1,99.73473215128038,12991
"(0.8016677935542034, 1.0)",2,99.73470786272588,12993
"(0.9833229101521784, 1.0)",1,99.73470786272588,12994
"(0.9441792447111594, 1.0)",1,99.7346567107598,12995
"(0.9161952650324744, 1.0)",1,99.7346159124756,12996
"(0.8845578466141503, 1.0)",1,99.73447446116492,12997
"(0.8319340617212959, 1.0)",1,99.7344564113348,12998
"(0.7511111111111111, 1.0)",20,99.7344340212633,13018
"(0.9299507899507898, 1.0)",1,99.73441282531302,13019
"(0.9167853751187084, 1.0)",2,99.73440759515049,13021
"(0.8845578466141503, 1.0)",4,99.73440134215728,13025
"(0.9299507899507898, 1.0)",1,99.7343807570312,13026
"(0.9333333333333332, 1.0)",3,99.73438061486844,13029
"(0.9497171590194846, 1.0)",1,99.73435704525056,13030
"(0.901575014782562, 1.0)",1,99.73434000653327,13031
"(0.8016677935542034, 1.0)",4,99.73432772621412,13035
"(0.9326599326599326, 1.0)",4,99.73432772621412,13039
"(0.9295946890286512, 1.0)",1,99.73429874074168,13040
"(0.8177442148030384, 1.0)",1,99.73423337391094,13041
"(0.9326599326599326, 1.0)",1,99.73419744151452,13042
"(0.9295946890286512, 1.0)",1,99.73418086604104,13043
"(0.9442283950617284, 1.0)",1,99.73414031143524,13044
"(0.7340930674264007, 1.0)",50,99.7340930674264,13094
"(1.0, 1.0)",3,99.7340930674264,13097
"(0.7340930674264006, 1.0)",12,99.7340930674264,13109
"(0.8341307814992026, 1.0)",1,99.73407866559344,13110
"(0.8341307814992026, 1.0)",5,99.73406824241228,13115
"(0.9833229101521784, 1.0)",1,99.7340555108848,13116
"(0.9833229101521784, 1.0)",1,99.73405073539412,13117
"(0.8319340617212959, 1.0)",1,99.7340121965473,13118
"(0.901575014782562, 1.0)",2,99.73396116738834,13120
"(0.9666562434855118, 1.0)",1,99.73395828645404,13121
"(0.9665831244778612, 1.0)",1,99.73394534376116,13122
"(0.8840048840048841, 1.0)",1,99.7339319217368,13123
"(1.0, 1.0)",2,99.73393092905287,13125
"(0.8165520116739629, 1.0)",1,99.73393092905287,13126
"(0.8887202421952387, 1.0)",1,99.73389438285552,13127
"(0.8840048840048841, 1.0)",1,99.733848379548,13128
"(0.917415489944373, 1.0)",1,99.73384210996534,13129
"(0.94993894993895, 1.0)",2,99.73382951855352,13131
"(0.8736897274633123, 1.0)",1,99.73381566673837,13132
"(0.934122934122934, 1.0)",1,99.7338097684696,13133
"(0.9720813204508856, 1.0)",1,99.73380655813882,13134
"(0.917469251615593, 1.0)",1,99.73379132634588,13135
"(0.8840048840048841, 1.0)",2,99.73378568372148,13137
"(0.9437903841498612, 1.0)",2,99.73377953267868,13139
"(0.917415489944373, 1.0)",1,99.73377941413884,13140
"(0.917469251615593, 1.0)",2,99.73377047998358,13142
"(0.8796475392220073, 1.0)",1,99.73376696477,13143
"(0.9665831244778612, 1.0)",1,99.73372705298084,13144
"(0.8997493734335841, 1.0)",2,99.7337156247805,13146
"(0.934122934122934, 1.0)",1,99.7336843768166,13147
"(0.7503607503607503, 1.0)",4,99.73368366051292,13151
"(0.8840048840048841, 1.0)",2,99.73365950393745,13153
"(0.9326599326599326, 1.0)",1,99.73363766393123,13154
"(0.934122934122934, 1.0)",1,99.7336216809901,13155
"(0.9497171590194848, 1.0)",1,99.73361096601984,13156
"(0.9299507899507898, 1.0)",1,99.73359891361773,13157
"(1.0, 1.0)",2,99.73358478448615,13159
"(0.8976982097186702, 1.0)",1,99.73358394883022,13160
"(0.9161952650324744, 1.0)",1,99.73357479703868,13161
"(1.0, 1.0)",1,99.73355370916347,13162
"(0.859499940327008, 1.0)",1,99.73345210062776,13163
"(0.9333333333333332, 1.0)",1,99.73344028423564,13164
"(0.9009534009534008, 1.0)",1,99.73342540287342,13165
"(0.9331094582012576, 1.0)",1,99.7334236426618,13166
"(0.9665831244778612, 1.0)",2,99.7334179667844,13168
"(0.9009534009534008, 1.0)",1,99.73336270704692,13169
"(1.0, 1.0)",1,99.73334174623842,13170
"(0.917469251615593, 1.0)",1,99.73329181678884,13171
"(0.8, 1.0)",1,99.73329164060873,13172
"(0.9003556829643787, 1.0)",1,99.73327130535368,13173
"(0.9003556829643787, 1.0)",1,99.73327051722262,13174
"(0.8653198653198653, 1.0)",1,99.73322075632731,13175
"(0.9333333333333332, 1.0)",1,99.73321867834063,13176
"(0.8635976129582268, 1.0)",1,99.73321106897542,13177
"(0.9333333333333332, 1.0)",1,99.73320825515948,13178
"(0.882673371045464, 1.0)",2,99.73320145398242,13180
"(0.8845578466141503, 1.0)",1,99.73319340256678,13181
"(0.8468951683237397, 1.0)",1,99.73318571418876,13182
"(0.9161952650324744, 1.0)",1,99.7331810807943,13183
"(0.9499687304565352, 1.0)",1,99.73316656243486,13184
"(0.9333333333333332, 1.0)",2,99.73314555933298,13186
"(0.9003556829643787, 1.0)",1,99.73314512556962,13187
"(0.9166145507608924, 1.0)",1,99.73312471297066,13188
"(0.9326599326599326, 1.0)",1,99.73308865182896,13189
"(0.9333333333333332, 1.0)",1,99.73308286350648,13190
"(0.901575014782562, 1.0)",1,99.73305176758826,13191
"(0.9333333333333332, 1.0)",1,99.73302016768,13192
"(0.8997493734335841, 1.0)",1,99.73302016768,13193
"(0.9437903841498612, 1.0)",1,99.73301438223136,13194
"(0.9333333333333332, 1.0)",1,99.7329991645781,13195
"(0.9665831244778612, 1.0)",2,99.73298474453802,13197
"(0.9169719169719168, 1.0)",1,99.73297925126448,13198
"(0.9666562434855118, 1.0)",1,99.7329695408001,13199
"(0.9333333333333332, 1.0)",1,99.7329574718535,13200
"(0.8579868984630887, 1.0)",1,99.73294408256628,13201
"(0.9497171590194848, 1.0)",1,99.73292225801406,13202
"(0.8016677935542034, 1.0)",1,99.73288472477114,13203
"(0.8813080639167598, 1.0)",1,99.7328768423148,13204
"(0.8997493734335841, 1.0)",1,99.73285308330236,13205
"(0.9161952650324744, 1.0)",1,99.73283066215568,13206
"(0.9326599326599326, 1.0)",1,99.7328276848844,13207
"(0.8997493734335841, 1.0)",2,99.7328112338382,13209
"(0.7994987468671678, 1.0)",4,99.73279038747587,13213
"(0.9666562434855118, 1.0)",1,99.73273811483054,13214
"(0.9720813204508856, 1.0)",1,99.73273158146252,13215
"(0.8997493734335841, 1.0)",1,99.7327276916494,13216
"(0.8997493734335841, 1.0)",1,99.73272690351833,13217
"(0.8997493734335841, 1.0)",1,99.73266499582289,13218
"(0.7326649958228906, 1.0)",2,99.73266499582289,13220
"(0.9161952650324744, 1.0)",2,99.73266357777808,13222
"(0.917849761232425, 1.0)",1,99.73265359643976,13223
"(0.9161952650324744, 1.0)",1,99.73264273141577,13224
"(0.8976982097186702, 1.0)",1,99.7325898982689,13225
"(0.8599206349206349, 1.0)",2,99.73257728650532,13227
"(0.9161952650324744, 1.0)",1,99.73255918922696,13228
"(0.9331662489557224, 1.0)",1,99.73254683643816,13229
"(1.0, 1.0)",1,99.73253485448608,13230
"(0.916104916104916, 1.0)",2,99.73253153612588,13232
"(0.9153439153439156, 1.0)",1,99.73249681548336,13233
"(0.9161952650324744, 1.0)",1,99.73249649340045,13234
"(0.9326599326599326, 1.0)",1,99.7324930050219,13235
"(0.9161952650324744, 1.0)",1,99.73248980019736,13236
"(0.9326599326599326, 1.0)",1,99.7324721586596,13237
"(0.8158879904162925, 1.0)",1,99.73245376154532,13238
"(0.9833229101521784, 1.0)",1,99.73245145663572,13239
"(0.9665831244778612, 1.0)",1,99.73241263625476,13240
"(0.8329156223893065, 1.0)",2,99.73234994042828,13242
"(0.8491918316699293, 1.0)",1,99.73234765744448,13243
"(0.933249791144528, 1.0)",1,99.73232576390473,13244
"(0.8653198653198653, 1.0)",1,99.7323213685886,13245
"(0.9833229101521784, 1.0)",4,99.73231577167316,13249
"(0.9666562434855118, 1.0)",1,99.73229449436124,13250
"(0.9161952650324744, 1.0)",1,99.73228582655696,13251
"(0.8579868984630887, 1.0)",1,99.73227298899538,13252
"(0.9331662489557224, 1.0)",1,99.73226820961096,13253
"(0.7656073923822403, 1.0)",3,99.7322532126866,13256
"(0.8432903075760217, 1.0)",1,99.732251460295,13257
"(0.934122934122934, 1.0)",1,99.732224077658,13258
"(0.9833229101521784, 1.0)",1,99.73222058722251,13259
"(0.9497171590194846, 1.0)",1,99.73222058722251,13260
"(0.9169719169719168, 1.0)",1,99.7321905974024,13261
"(0.7656073923822403, 1.0)",5,99.7321905168601,13266
"(0.917849761232425, 1.0)",1,99.73217906589916,13267
"(0.816195709052852, 1.0)",1,99.73217855186496,13268
"(0.9666562434855118, 1.0)",1,99.73215245300806,13269
"(0.916104916104916, 1.0)",1,99.73213641511995,13270
"(0.898989898989899, 1.0)",1,99.73213530158333,13271
"(0.9169719169719168, 1.0)",1,99.73212790157592,13272
"(0.9833229101521784, 1.0)",5,99.73209551258331,13277
"(0.9018806250259218, 1.0)",1,99.73205143800924,13278
"(0.8840455840455841, 1.0)",1,99.73200989144786,13279
"(1.0, 1.0)",1,99.7319087052496,13280
"(0.7485857950974231, 1.0)",1,99.7319087052496,13281
"(0.8653198653198653, 1.0)",1,99.73190314653728,13282
"(0.901575014782562, 1.0)",2,99.73187772747802,13284
"(0.9326599326599326, 1.0)",1,99.7318404507108,13285
"(0.8296970789758384, 1.0)",1,99.73180998777104,13286
"(1.0, 1.0)",1,99.73175428907136,13287
"(0.9833229101521784, 1.0)",1,99.73175044747796,13288
"(0.9161952650324744, 1.0)",1,99.73173860566762,13289
"(0.9326599326599326, 1.0)",2,99.73171744434842,13291
"(0.8997493734335841, 1.0)",1,99.7317078395384,13292
"(0.8653198653198653, 1.0)",1,99.7316523632313,13293
"(0.8997493734335841, 1.0)",2,99.7316451437119,13295
"(0.930124456440246, 1.0)",1,99.73163004725043,13296
"(0.8653198653198653, 1.0)",1,99.73162684744236,13297
"(0.8653198653198653, 1.0)",2,99.73158887927374,13299
"(0.8329156223893065, 1.0)",1,99.7315824478854,13300
"(0.882673371045464, 1.0)",1,99.73158056141608,13301
"(0.8653198653198653, 1.0)",1,99.73152618344724,13302
"(0.8468951683237397, 1.0)",1,99.73152471417669,13303
"(0.8703703703703703, 1.0)",2,99.73148148148148,13305
"(0.8316498316498316, 1.0)",1,99.73146190090992,13306
"(0.8476190476190477, 1.0)",1,99.73145914076149,13307
"(0.8432903075760217, 1.0)",1,99.73144272666332,13308
"(0.9326599326599326, 1.0)",4,99.73142640308326,13312
"(0.933249791144528, 1.0)",1,99.7313509346796,13313
"(0.8814814814814814, 1.0)",1,99.7313458233869,13314
"(0.9833229101521784, 1.0)",1,99.73133008831728,13315
"(0.8814814814814814, 1.0)",1,99.7313249770246,13316
"(0.882673371045464, 1.0)",1,99.7313110733417,13317
"(0.9833229101521784, 1.0)",2,99.73130156289274,13319
"(0.8976982097186702, 1.0)",1,99.73129763137077,13320
"(0.8848000715856217, 1.0)",1,99.73129144278798,13321
"(0.9331662489557224, 1.0)",1,99.7312622811981,13322
"(0.917849761232425, 1.0)",1,99.73124955302856,13323
"(0.882673371045464, 1.0)",1,99.7312462311716,13324
"(0.9161952650324744, 1.0)",2,99.73123228937185,13326
"(0.8468951683237397, 1.0)",2,99.73122727351144,13328
"(0.9331094582012576, 1.0)",2,99.73121060173632,13330
"(0.7979797979797979, 1.0)",1,99.73120874276202,13331
"(0.9153439153439156, 1.0)",2,99.7312015232426,13333
"(0.9326599326599326, 1.0)",3,99.73114604693552,13336
"(0.7979797979797979, 1.0)",2,99.73114604693552,13338
"(0.9326599326599326, 1.0)",1,99.7311388274161,13339
"(0.8886514719848052, 1.0)",1,99.73113229110496,13340
"(0.8635976129582268, 1.0)",1,99.73110922982052,13341
"(0.916104916104916, 1.0)",1,99.73107202509836,13342
"(0.8976982097186702, 1.0)",1,99.73106288653202,13343
"(0.8633762288330498, 1.0)",1,99.73102554840344,13344
"(0.8976982097186702, 1.0)",1,99.73098985032738,13345
"(0.9333333333333332, 1.0)",1,99.73096900396509,13346
"(0.9153439153439152, 1.0)",1,99.73094995180554,13347
"(0.9833229101521784, 1.0)",1,99.73094995180554,13348
"(0.8976982097186702, 1.0)",1,99.73092731124044,13349
"(0.8814814814814814, 1.0)",1,99.73090569129616,13350
"(0.8976982097186702, 1.0)",2,99.73086461541396,13352
"(0.8976982097186702, 1.0)",1,99.73080191958746,13353
"(0.8308802308802309, 1.0)",1,99.73079668869144,13354
"(0.8814814814814814, 1.0)",1,99.7307559649023,13355
"(0.8976982097186702, 1.0)",1,99.73073922376096,13356
"(0.861111111111111, 1.0)",1,99.7307245671283,13357
"(0.9326599326599326, 1.0)",1,99.73071382534296,13358
"(0.8814814814814814, 1.0)",1,99.7306932690758,13359
"(0.8976982097186702, 1.0)",1,99.73069285618766,13360
"(0.9833229101521784, 1.0)",2,99.73069127588496,13362
"(1.0, 1.0)",1,99.7306757398034,13363
"(0.8976982097186702, 1.0)",1,99.7306529695027,13364
"(0.7979797979797979, 1.0)",3,99.73063973063972,13367
"(1.0, 1.0)",1,99.7306217329227,13368
"(0.8329156223893065, 1.0)",1,99.73061383210798,13369
"(0.8813080639167598, 1.0)",1,99.73059297051874,13370
"(0.9153439153439156, 1.0)",1,99.73058280509694,13371
"(0.8633762288330498, 1.0)",1,99.73058140161784,13372
"(0.9161952650324744, 1.0)",1,99.73052887187436,13373
"(0.8814814814814814, 1.0)",1,99.73050439346524,13374
"(0.7471116816431321, 1.0)",1,99.7304345917953,13375
"(0.9497171590194846, 1.0)",1,99.73039944070844,13376
"(0.8137566137566138, 1.0)",3,99.7303711645175,13379
"(0.9506533178503804, 1.0)",1,99.73036159755868,13380
"(0.8137865219658889, 1.0)",3,99.73033837690028,13383
"(0.8976982097186702, 1.0)",1,99.73023290746518,13384
"(1.0, 1.0)",2,99.73020174053796,13386
"(0.9499687304565352, 1.0)",2,99.73018851067631,13388
"(0.9833229101521784, 1.0)",2,99.73018851067631,13390
"(0.7802197802197803, 1.0)",3,99.73018851067631,13393
"(0.8468951683237397, 1.0)",1,99.73017638575128,13394
"(0.8976982097186702, 1.0)",1,99.73017021163868,13395
"(0.8468951683237397, 1.0)",2,99.730155539389,13397
"(0.9665831244778612, 1.0)",6,99.73012581484984,13403
"(0.9833229101521784, 1.0)",4,99.73012581484984,13407
"(0.7802197802197803, 1.0)",9,99.73012581484984,13416
"(0.8294970161977834, 1.0)",1,99.73011906450468,13417
"(0.9665831244778612, 1.0)",1,99.73011819834916,13418
"(0.8468951683237397, 1.0)",1,99.73009284356247,13419
"(0.9665831244778612, 1.0)",1,99.73009284356247,13420
"(0.9720813204508856, 1.0)",1,99.73008097764064,13421
"(0.8796475392220073, 1.0)",1,99.73007075684228,13422
"(0.8633762288330498, 1.0)",1,99.73006530482444,13423
"(0.8814814814814814, 1.0)",1,99.73005903936136,13424
"(0.8635976129582268, 1.0)",1,99.73005550252266,13425
"(0.8635976129582268, 1.0)",1,99.73001589401063,13426
"(0.8880984643179766, 1.0)",1,99.72998495388543,13427
"(0.8976982097186702, 1.0)",1,99.7299811267256,13428
"(0.882673371045464, 1.0)",1,99.7299701451715,13429
"(0.8468951683237397, 1.0)",1,99.7299674519095,13430
"(0.8832603710652491, 1.0)",1,99.72995951005048,13431
"(0.7802197802197803, 1.0)",8,99.72993693923928,13439
"(1.0, 1.0)",3,99.72993693923928,13442
"(0.9497171590194848, 1.0)",2,99.72993693923928,13444
"(0.8796475392220073, 1.0)",1,99.72991838519246,13445
"(0.9169719169719168, 1.0)",1,99.72991109680264,13446
"(0.8633762288330498, 1.0)",1,99.729896814224,13447
"(0.8635976129582268, 1.0)",1,99.72986662691213,13448
"(0.8635976129582268, 1.0)",3,99.7298666269121,13451
"(0.916104916104916, 1.0)",1,99.72986152986152,13452
"(0.8468951683237397, 1.0)",1,99.72984127212544,13453
"(0.8813080639167598, 1.0)",1,99.7298213392593,13454
"(0.9333333333333332, 1.0)",1,99.7297990460552,13455
"(0.8633762288330498, 1.0)",2,99.72977732764302,13457
"(0.8635976129582268, 1.0)",1,99.72967775130157,13458
"(0.8976982097186702, 1.0)",1,99.7296638953429,13459
"(0.9166145507608924, 1.0)",1,99.72965667582348,13460
"(0.8976982097186702, 1.0)",1,99.7296148263593,13461
"(0.9166145507608922, 1.0)",1,99.72955373059162,13462
"(0.8468951683237397, 1.0)",1,99.72955148454128,13463
"(0.8845578466141503, 1.0)",1,99.7295461916025,13464
"(1.0, 1.0)",1,99.72953128417048,13465
"(0.9153439153439156, 1.0)",2,99.72953128417048,13467
"(0.8796475392220073, 1.0)",1,99.72952395007404,13468
"(0.8468951683237397, 1.0)",1,99.7295238314402,13469
"(0.9326599326599326, 1.0)",1,99.72949687718176,13470
"(0.8796475392220073, 1.0)",2,99.72949103476512,13472
"(0.7711781618000022, 1.0)",1,99.72946768852434,13473
"(0.8468951683237397, 1.0)",1,99.72946113561372,13474
"(0.8294970161977834, 1.0)",3,99.72943447711086,13477
"(0.812557599070401, 1.0)",1,99.72940621404328,13478
"(0.8294970161977834, 1.0)",2,99.72939262764667,13480
"(0.9666562434855118, 1.0)",1,99.72937606629328,13481
"(0.8294970161977834, 1.0)",1,99.72937178128436,13482
"(0.8796475392220073, 1.0)",1,99.72936564311212,13483
"(0.7460317460317459, 1.0)",1,99.72935465618392,13484
"(0.8813080639167598, 1.0)",1,99.7293119119206,13485
"(0.8796475392220073, 1.0)",2,99.72930916937143,13487
"(0.8294970161977834, 1.0)",1,99.72930908545786,13488
"(0.8796475392220073, 1.0)",2,99.72930294728565,13490
"(0.8635976129582268, 1.0)",1,99.72929761478984,13491
"(0.9008627640703112, 1.0)",2,99.72919507329549,13493
"(0.868077055383557, 1.0)",1,99.72918816649468,13494
"(0.8468951683237397, 1.0)",1,99.7291566847316,13495
"(0.8796475392220073, 1.0)",1,99.72913780077904,13496
"(0.8137566137566138, 1.0)",1,99.72910052910052,13497
"(0.9161952650324744, 1.0)",1,99.7290717490367,13498
"(0.8976982097186702, 1.0)",1,99.7290414241322,13499
"(0.844988344988345, 1.0)",1,99.72901308267164,13500
"(0.8615866942983156, 1.0)",1,99.72900126902996,13501
"(0.8635976129582268, 1.0)",1,99.72891025875867,13502
"(0.9153439153439156, 1.0)",1,99.72888490397202,13503
"(0.8633762288330498, 1.0)",1,99.7288824479978,13504
"(0.9584987529902784, 1.0)",1,99.7288163978709,13505
"(0.8294970161977834, 1.0)",1,99.72880276916209,13506
"(0.9009534009534008, 1.0)",1,99.72871033236888,13507
"(0.9833229101521784, 1.0)",1,99.72867045120576,13508
"(0.8552744708994707, 1.0)",1,99.7286658136492,13509
"(0.8796475392220073, 1.0)",1,99.72864939977714,13510
"(0.8840455840455841, 1.0)",2,99.72847960530888,13512
"(0.8533622685185187, 1.0)",1,99.72845265121398,13513
"(0.9497171590194846, 1.0)",1,99.728436488609,13514
"(0.8976982097186702, 1.0)",1,99.7283860404065,13515
"(0.9833229101521784, 1.0)",1,99.72832415085948,13516
"(0.861111111111111, 1.0)",1,99.72831628389588,13517
"(0.944563492063492, 1.0)",1,99.72830139029809,13518
"(0.8425483191745751, 1.0)",1,99.72826173387809,13519
"(0.861111111111111, 1.0)",1,99.7282535880694,13520
"(0.8796475392220073, 1.0)",1,99.72816081456456,13521
"(0.844988344988345, 1.0)",5,99.72806653364614,13526
"(0.8976982097186702, 1.0)",2,99.72805635209728,13528
"(0.844988344988345, 1.0)",1,99.72797241695864,13529
"(0.7612958226768967, 1.0)",3,99.72794164298124,13532
"(0.8976982097186702, 1.0)",1,99.7279162881946,13533
"(0.934122934122934, 1.0)",1,99.72789397789398,13534
"(1.0, 1.0)",3,99.72786232135826,13537
"(0.844988344988345, 1.0)",1,99.7278149622091,13538
"(0.9833229101521784, 1.0)",1,99.72779191805344,13539
"(0.9666562434855118, 1.0)",1,99.727785264189,13540
"(0.8467532467532467, 1.0)",1,99.72777436662408,13541
"(0.9, 1.0)",1,99.72775693141548,13542
"(0.7944219523166891, 1.0)",2,99.72773443928772,13544
"(0.8976982097186702, 1.0)",1,99.72772025885608,13545
"(1.0, 1.0)",1,99.72771672771673,13546
"(0.7944219523166891, 1.0)",3,99.7277135929254,13549
"(0.9499687304565352, 1.0)",1,99.72769439232854,13550
"(0.861111111111111, 1.0)",3,99.72769439232854,13553
"(0.9326599326599326, 1.0)",1,99.72765138722583,13554
"(0.7944219523166891, 1.0)",1,99.72765089709893,13555
"(0.8452611218568665, 1.0)",1,99.72763821353628,13556
"(0.861111111111111, 1.0)",1,99.72763169650204,13557
"(1.0, 1.0)",1,99.72760920437428,13558
"(0.8449978636391381, 1.0)",1,99.72760298304138,13559
"(0.8247905643738976, 1.0)",1,99.72746661019372,13560
"(0.7944219523166891, 1.0)",1,99.72746202148836,13561
"(0.9833229101521784, 1.0)",1,99.727380125065,13562
"(0.861111111111111, 1.0)",2,99.7273174292385,13564
"(0.8796475392220073, 1.0)",1,99.72731447939722,13565
"(0.8976982097186702, 1.0)",1,99.72725178357072,13566
"(0.8796475392220073, 1.0)",1,99.72725178357072,13567
"(0.8635976129582268, 1.0)",2,99.72719522591646,13569
"(0.8294970161977834, 1.0)",2,99.72719522591646,13571
"(0.8110673829751791, 1.0)",1,99.72715074038726,13572
"(0.8101143854687974, 1.0)",1,99.72708176478108,13573
"(0.9300671002153482, 1.0)",1,99.72706714318312,13574
"(0.9833229101521784, 1.0)",1,99.72706268437976,13575
"(0.9326599326599326, 1.0)",1,99.72706268437976,13576
"(0.826388888888889, 1.0)",1,99.7270109371958,13577
"(0.8312205288949474, 1.0)",1,99.72700312167824,13578
"(0.9326599326599326, 1.0)",1,99.72699998855326,13579
"(0.8101143854687974, 1.0)",1,99.72692382131518,13580
"(0.9497171590194846, 1.0)",2,99.72683451002491,13582
"(0.917469251615593, 1.0)",1,99.72680785779704,13583
"(0.8101143854687974, 1.0)",1,99.72680723076596,13584
"(0.898989898989899, 1.0)",1,99.72668413457887,13585
"(0.8101143854687974, 1.0)",2,99.72660861248934,13587
"(0.8635976129582268, 1.0)",1,99.7265680623324,13588
"(0.8420013166556947, 1.0)",1,99.726543739003,13589
"(0.9666562434855118, 1.0)",1,99.72643418009272,13590
"(0.861111111111111, 1.0)",1,99.72643097643098,13591
"(0.861111111111111, 1.0)",2,99.72642375691156,13593
"(0.776488287126585, 1.0)",2,99.72639432175664,13595
"(0.7430253184970165, 1.0)",2,99.7263482286492,13597
"(0.9166145507608924, 1.0)",2,99.72632634980197,13599
"(0.826388888888889, 1.0)",1,99.72622180451128,13600
"(0.7764882871265849, 1.0)",1,99.72620544614608,13601
"(0.776488287126585, 1.0)",7,99.72620544614608,13608
"(0.826388888888889, 1.0)",1,99.72620095814897,13609
"(0.826388888888889, 1.0)",1,99.72617708270342,13610
"(0.9497171590194846, 1.0)",1,99.72617218547452,13611
"(0.8796475392220073, 1.0)",1,99.72616228287356,13612
"(0.8840455840455841, 1.0)",1,99.72604690070128,13613
"(0.934122934122934, 1.0)",1,99.72603028540868,13614
"(0.844988344988345, 1.0)",1,99.7260094648592,13615
"(0.8229870141950848, 1.0)",1,99.72598058694368,13616
"(0.8796475392220073, 1.0)",2,99.72596174511068,13618
"(0.9506533178503804, 1.0)",1,99.72594627511478,13619
"(0.8796475392220073, 1.0)",1,99.72594089874838,13620
"(0.861111111111111, 1.0)",2,99.72580850522029,13622
"(0.8312205288949474, 1.0)",1,99.7257661602033,13623
"(1.0, 1.0)",1,99.72574559366,13624
"(0.8813080639167598, 1.0)",3,99.72574208518004,13627
"(0.9666666666666668, 1.0)",1,99.72547598749644,13628
"(0.8976982097186702, 1.0)",4,99.72545514113412,13632
"(0.861111111111111, 1.0)",2,99.72545514113412,13634
"(0.861111111111111, 1.0)",1,99.72539244530763,13635
"(0.861111111111111, 1.0)",1,99.7253681114997,13636
"(0.8420013166556946, 1.0)",2,99.72526168772094,13638
"(0.8420013166556946, 1.0)",6,99.72519899189444,13644
"(0.9499687304565352, 1.0)",1,99.72513629606794,13645
"(0.9441792447111594, 1.0)",1,99.7251212133158,13646
"(0.8420013166556946, 1.0)",1,99.72508992849464,13647
"(0.8420013166556946, 1.0)",1,99.72507360024146,13648
"(0.8420013166556947, 1.0)",1,99.72507360024146,13649
"(0.808446455505279, 1.0)",2,99.72506100626616,13651
"(0.8420013166556946, 1.0)",1,99.7250101162839,13652
"(0.9497171590194846, 1.0)",1,99.7250101162839,13653
"(0.9497171590194848, 1.0)",1,99.7250101162839,13654
"(0.808446455505279, 1.0)",4,99.72499831043967,13658
"(0.7416325017951034, 1.0)",7,99.72495541194728,13665
"(0.808446455505279, 1.0)",2,99.72493561461316,13667
"(0.8420013166556946, 1.0)",1,99.7248847246309,13668
"(0.9161952650324744, 1.0)",2,99.72484240199252,13670
"(0.7916666666666666, 1.0)",1,99.7248329156224,13671
"(0.8635976129582268, 1.0)",1,99.72470872406932,13672
"(0.7916666666666666, 1.0)",2,99.72470673583834,13674
"(0.8420013166556947, 1.0)",1,99.72467468770115,13675
"(0.808446455505279, 1.0)",4,99.7244292983174,13679
"(0.9666562434855118, 1.0)",1,99.72440141003572,13680
"(1.0, 1.0)",2,99.72439098685456,13682
"(0.757745166550198, 1.0)",5,99.72439098685456,13687
"(0.9833229101521784, 1.0)",5,99.72439098685456,13692
"(1.0, 1.0)",5,99.72432829102806,13697
"(0.9665831244778612, 1.0)",4,99.72432829102806,13701
"(0.757745166550198, 1.0)",2,99.72432829102806,13703
"(0.7916666666666666, 1.0)",2,99.7243265993266,13705
"(0.898989898989899, 1.0)",1,99.72431412579778,13706
"(0.8420013166556946, 1.0)",1,99.72418013721706,13707
"(0.861111111111111, 1.0)",4,99.7240815604853,13711
"(0.9833229101521784, 1.0)",2,99.7240815604853,13713
"(1.0, 1.0)",1,99.7240815604853,13714
"(0.8796475392220073, 1.0)",4,99.7240815604853,13718
"(0.8420013166556946, 1.0)",2,99.72401189866628,13720
"(0.8420013166556946, 1.0)",3,99.72399105230396,13723
"(0.9497171590194846, 1.0)",2,99.72397551147183,13725
"(0.757745166550198, 1.0)",1,99.72394114429945,13726
"(0.8420013166556946, 1.0)",1,99.72392835647749,13727
"(0.9009534009534008, 1.0)",1,99.72381648070082,13728
"(0.9580331374974232, 1.0)",1,99.72381397477372,13729
"(0.808446455505279, 1.0)",1,99.7237903708492,13730
"(0.934122934122934, 1.0)",1,99.7235691383482,13731
"(0.8814814814814814, 1.0)",1,99.72348279813718,13732
"(0.8068904981347378, 1.0)",1,99.72344235306912,13733
"(0.7734344933751168, 1.0)",3,99.72340322383164,13736
"(0.8068904981347378, 1.0)",1,99.72337965724265,13737
"(0.8420013166556946, 1.0)",1,99.72330938057246,13738
"(0.8976982097186702, 1.0)",1,99.72317252949146,13739
"(0.7734344933751168, 1.0)",1,99.7231516523946,13740
"(0.8976982097186702, 1.0)",1,99.72302243652656,13741
"(0.8420013166556946, 1.0)",5,99.72302243652656,13746
"(0.8222222222222222, 1.0)",1,99.72292404975332,13747
"(0.8613656783468103, 1.0)",1,99.7228161270468,13748
"(0.861111111111111, 1.0)",1,99.72269466000115,13749
"(0.944073617452092, 1.0)",1,99.72267975900628,13750
"(0.9295946890286512, 1.0)",1,99.72263302511708,13751
"(0.9665831244778612, 1.0)",1,99.72256858802348,13752
"(0.9192093318943212, 1.0)",1,99.72247882332192,13753
"(0.9161379295307868, 1.0)",1,99.72240870206758,13754
"(0.930704099821747, 1.0)",3,99.72237486525606,13757
"(0.861111111111111, 1.0)",3,99.72222222222224,13760
"(0.7222222222222221, 1.0)",2,99.72222222222224,13762
"(1.0, 1.0)",1,99.72222222222224,13763
"(0.8053381731676306, 1.0)",1,99.72220300291308,13764
"(1.0, 1.0)",1,99.72219648093156,13765
"(0.9584987529902784, 1.0)",1,99.7221930687706,13766
"(0.8222222222222222, 1.0)",5,99.72215968313527,13771
"(0.8222222222222222, 1.0)",2,99.7221178336711,13773
"(0.9666562434855118, 1.0)",1,99.72210741048995,13774
"(0.9299507899507898, 1.0)",1,99.72210599273085,13775
"(0.8222222222222222, 1.0)",3,99.7220969873088,13778
"(0.9167853751187084, 1.0)",1,99.7220821270268,13779
"(0.9167853751187084, 1.0)",1,99.7220678144242,13780
"(0.8222222222222222, 1.0)",1,99.72205513784462,13781
"(0.9027777777777778, 1.0)",1,99.7220358155304,13782
"(0.8222222222222222, 1.0)",2,99.7220342914823,13784
"(0.9441792447111594, 1.0)",1,99.72201893120187,13785
"(0.8222222222222222, 1.0)",1,99.72199468297028,13786
"(0.8222222222222222, 1.0)",1,99.7219715956558,13787
"(0.8222222222222222, 1.0)",2,99.72190811169824,13789
"(0.8468089381754635, 1.0)",1,99.72189566736486,13790
"(0.9581458989353726, 1.0)",1,99.721804429482,13791
"(0.9441792447111594, 1.0)",1,99.72178224626428,13792
"(0.9106847145222836, 1.0)",1,99.72177774081496,13793
"(0.917849761232425, 1.0)",1,99.72169541809096,13794
"(0.9442283950617284, 1.0)",1,99.72166974634123,13795
"(0.930704099821747, 1.0)",1,99.72165337373563,13796
"(0.8796475392220073, 1.0)",6,99.7216488558777,13802
"(0.8420013166556947, 1.0)",6,99.7216488558777,13808
"(1.0, 1.0)",1,99.7216488558777,13809
"(0.8420013166556946, 1.0)",2,99.7216488558777,13811
"(0.8053381731676306, 1.0)",1,99.72164079796138,13812
"(0.8471527473990528, 1.0)",1,99.72160813854066,13813
"(0.8880984643179766, 1.0)",1,99.72160802916284,13814
"(0.9295946890286512, 1.0)",1,99.7216028513222,13815
"(0.9027777777777778, 1.0)",1,99.72160009039445,13816
"(0.9161379295307868, 1.0)",1,99.72159237624766,13817
"(0.930704099821747, 1.0)",1,99.7215851552566,13818
"(0.8329050741331443, 1.0)",1,99.72155842585508,13819
"(0.8319340617212959, 1.0)",3,99.72155459743558,13822
"(0.8614170116633171, 1.0)",1,99.72153104528095,13823
"(0.7632275132275131, 1.0)",1,99.72153079487194,13824
"(0.9833229101521784, 1.0)",1,99.72152797518652,13825
"(0.771779679613781, 1.0)",1,99.72149683863329,13826
"(0.9665831244778612, 1.0)",1,99.72146527936002,13827
"(0.9158007932517735, 1.0)",1,99.72145544146892,13828
"(0.8319340617212959, 1.0)",1,99.72143234314666,13829
"(0.7880931329207191, 1.0)",3,99.72138477352944,13832
"(0.9442283950617284, 1.0)",1,99.7213679469522,13833
"(0.917849761232425, 1.0)",1,99.7213097973588,13834
"(0.898989898989899, 1.0)",1,99.72121212121212,13835
"(0.8374727668845315, 1.0)",1,99.7211411310407,13836
"(0.9167853751187084, 1.0)",1,99.7211345438056,13837
"(0.7880931329207191, 1.0)",2,99.72113320209236,13839
"(0.9299507899507898, 1.0)",1,99.72112661627251,13840
"(0.944563492063492, 1.0)",1,99.72103606260796,13841
"(0.9161379295307868, 1.0)",2,99.72102695426446,13843
"(0.8468089381754635, 1.0)",1,99.72098909003418,13844
"(0.8613656783468103, 1.0)",1,99.72094895260844,13845
"(0.8222222222222222, 1.0)",2,99.72090925704086,13847
"(0.8222222222222222, 1.0)",9,99.72088904771832,13856
"(0.9833229101521784, 1.0)",1,99.72088904771832,13857
"(0.9299507899507898, 1.0)",2,99.72087336394384,13859
"(0.9584987529902784, 1.0)",1,99.7208121550211,13860
"(0.7903875985986362, 1.0)",1,99.72079289570966,13861
"(0.8732774170274171, 1.0)",1,99.720724604197,13862
"(0.8208994708994709, 1.0)",1,99.72071154015956,13863
"(0.9161952650324744, 1.0)",1,99.72048579001802,13864
"(0.7204751921733054, 1.0)",21,99.7204751921733,13885
"(0.8374727668845315, 1.0)",1,99.72045683885484,13886
"(0.933096859926128, 1.0)",1,99.72038347268445,13887
"(0.9295946890286512, 1.0)",1,99.72035508860051,13888
"(0.9158007932517735, 1.0)",1,99.720355044872,13889
"(0.8372053872053872, 1.0)",2,99.72034036661763,13891
"(0.9720813204508856, 1.0)",1,99.72032560126364,13892
"(0.859499940327008, 1.0)",1,99.72031053454909,13893
"(0.9165164082221422, 1.0)",1,99.72030422948266,13894
"(0.73687720936437, 1.0)",1,99.72020011951656,13895
"(0.8372053872053872, 1.0)",1,99.7201723373694,13896
"(0.8976982097186702, 1.0)",2,99.71992043194088,13898
"(0.8222222222222222, 1.0)",6,99.71992043194088,13904
"(0.7198480531813864, 1.0)",15,99.71984805318138,13919
"(0.916104916104916, 1.0)",1,99.7197882936764,13920
"(0.9299507899507898, 1.0)",1,99.71975794934372,13921
"(0.8420013166556946, 1.0)",1,99.71968590377824,13922
"(0.8703703703703703, 1.0)",1,99.7196448537912,13923
"(0.859499940327008, 1.0)",3,99.71962971906107,13926
"(0.917415489944373, 1.0)",1,99.71959785002149,13927
"(0.7362637362637362, 1.0)",26,99.7195866464159,13953
"(0.9166682405676116, 1.0)",1,99.71957621281167,13954
"(0.901575014782562, 1.0)",1,99.71943370203502,13955
"(0.9158007932517735, 1.0)",2,99.71942646954976,13957
"(0.9442283950617284, 1.0)",1,99.7193032540038,13958
"(0.9157169990503324, 1.0)",1,99.71929320558334,13959
"(0.8732774170274171, 1.0)",1,99.7191574528102,13960
"(0.9295946890286512, 1.0)",1,99.71910531960864,13961
"(0.9045740456093042, 1.0)",1,99.7190805461963,13962
"(0.9497171590194846, 1.0)",1,99.7190068362039,13963
"(0.8016677935542034, 1.0)",1,99.71896693170892,13964
"(0.9009287520039462, 1.0)",1,99.71895093253175,13965
"(0.8016677935542034, 1.0)",1,99.71890423588243,13966
"(0.7687400318979267, 1.0)",1,99.71872960871676,13967
"(0.8976982097186702, 1.0)",1,99.71872852037852,13968
"(0.746304385688563, 1.0)",1,99.71856638990543,13969
"(0.9167853751187084, 1.0)",1,99.718566121942,13970
"(0.9833229101521784, 1.0)",1,99.7183564637904,13971
"(0.8016677935542034, 1.0)",1,99.71832403703972,13972
"(0.8432903075760217, 1.0)",1,99.71832018573116,13973
"(1.0, 1.0)",1,99.71830476663877,13974
"(0.8016677935542034, 1.0)",1,99.7182823443151,13975
"(0.9833229101521784, 1.0)",2,99.7182823443151,13977
"(0.8349489264123411, 1.0)",1,99.7182301438399,13978
"(0.8016677935542034, 1.0)",1,99.71823007166977,13979
"(0.8349489264123411, 1.0)",1,99.71821972065874,13980
"(1.0, 1.0)",1,99.7182196484886,13981
"(0.8579868984630887, 1.0)",1,99.71819239437347,13982
"(0.9666666666666668, 1.0)",1,99.71819007910796,13983
"(0.9833229101521784, 1.0)",1,99.71818235431395,13984
"(0.8016677935542034, 1.0)",2,99.7181569526621,13986
"(0.9164652836623464, 1.0)",1,99.71813307721656,13987
"(0.9442283950617284, 1.0)",1,99.71812300506336,13988
"(0.9333333333333332, 1.0)",1,99.7181188986067,13989
"(0.8845578466141503, 1.0)",1,99.71804253933698,13990
"(0.8885714285714285, 1.0)",1,99.71804086587905,13991
"(0.903667392883079, 1.0)",1,99.71803138660536,13992
"(0.868077055383557, 1.0)",1,99.71799366993432,13993
"(0.8349489264123411, 1.0)",1,99.71796441924364,13994
"(0.8432903075760217, 1.0)",2,99.71794452759713,13996
"(0.8151249335459861, 1.0)",1,99.7179338374736,13997
"(0.8697983697983697, 1.0)",1,99.7179256715842,13998
"(0.9161952650324744, 1.0)",1,99.71786305858669,13999
"(0.9295946890286512, 1.0)",1,99.71784122362176,14000
"(0.8703703703703703, 1.0)",1,99.71778573910852,14001
"(0.8300265307680562, 1.0)",2,99.71775988406743,14003
"(0.7511111111111111, 1.0)",1,99.71769423558897,14004
"(0.8566900022492128, 1.0)",1,99.71768677921276,14005
"(0.8177442148030384, 1.0)",1,99.71768167571612,14006
"(0.9833229101521784, 1.0)",1,99.71765063636632,14007
"(0.8016677935542034, 1.0)",1,99.71765063636632,14008
"(0.9326599326599326, 1.0)",3,99.71765063636632,14011
"(0.8349489264123411, 1.0)",2,99.71759843589112,14013
"(0.8349489264123411, 1.0)",2,99.71757758952882,14015
"(1.0, 1.0)",2,99.71748816015692,14017
"(0.8697983697983697, 1.0)",1,99.71743707109562,14018
"(0.7340930674264006, 1.0)",3,99.71741597757858,14021
"(0.7340930674264007, 1.0)",14,99.71741597757858,14035
"(1.0, 1.0)",4,99.71741597757858,14039
"(0.9833229101521784, 1.0)",1,99.71741597757858,14040
"(0.8845578466141503, 1.0)",1,99.71740998504588,14041
"(0.9331094582012576, 1.0)",6,99.71739987066434,14047
"(0.8374727668845315, 1.0)",1,99.71737070974334,14048
"(0.9009534009534008, 1.0)",1,99.7173502404568,14049
"(0.9333333333333332, 1.0)",1,99.71732630513118,14050
"(0.9833229101521784, 1.0)",1,99.7172723867204,14051
"(0.9442283950617284, 1.0)",1,99.71723858976311,14052
"(0.8845578466141503, 1.0)",1,99.71723117697236,14053
"(0.8845578466141503, 1.0)",1,99.717210388569,14054
"(0.9506533178503804, 1.0)",1,99.71718779020924,14055
"(0.8374727668845315, 1.0)",1,99.71712030610654,14056
"(0.9008025849489264, 1.0)",1,99.71710381331692,14057
"(0.8997493734335841, 1.0)",1,99.71708028338324,14058
"(0.917415489944373, 1.0)",1,99.71705005164569,14059
"(0.8832603710652491, 1.0)",1,99.71704866832788,14060
"(0.9003556829643787, 1.0)",1,99.71704405806096,14061
"(0.917415489944373, 1.0)",2,99.71703962846452,14063
"(0.9158007932517735, 1.0)",1,99.71701342468576,14064
"(1.0, 1.0)",2,99.71701170889811,14066
"(0.8016677935542034, 1.0)",5,99.71701170889811,14071
"(0.917469251615593, 1.0)",1,99.71696799848276,14072
"(0.9333333333333332, 1.0)",2,99.716958515739,14074
"(0.8840048840048841, 1.0)",1,99.71695768643173,14075
"(0.7503607503607503, 1.0)",2,99.71694387483862,14077
"(1.0, 1.0)",2,99.71690769463834,14079
"(0.9522870228046522, 1.0)",1,99.7168914063941,14080
"(0.8349489264123411, 1.0)",1,99.71687596623411,14081
"(0.868077055383557, 1.0)",1,99.71683900042278,14082
"(0.9169719169719168, 1.0)",1,99.71682583569618,14083
"(0.9009534009534008, 1.0)",1,99.71681100885208,14084
"(0.8997493734335841, 1.0)",1,99.7168082752165,14085
"(0.9833229101521784, 1.0)",1,99.71680357276308,14086
"(0.917469251615593, 1.0)",1,99.71677833474114,14087
"(0.9333333333333332, 1.0)",1,99.71671395451884,14088
"(0.94993894993895, 1.0)",1,99.71666364349292,14089
"(0.9666562434855118, 1.0)",3,99.71659070497324,14092
"(0.9333333333333332, 1.0)",1,99.71653116531164,14093
"(0.9499687304565352, 1.0)",4,99.71648947258704,14097
"(0.7164894725870335, 1.0)",23,99.71648947258704,14120
"(0.7498436522826767, 1.0)",1,99.71648947258704,14121
"(0.8635976129582268, 1.0)",2,99.7164712833011,14123
"(0.9331662489557224, 1.0)",1,99.71644746638329,14124
"(0.9665831244778612, 1.0)",2,99.71642677676054,14126
"(0.9003556829643787, 1.0)",1,99.71640533989532,14127
"(0.8467532467532467, 1.0)",1,99.71636670277044,14128
"(0.9499687304565352, 1.0)",1,99.71632223146986,14129
"(0.7996376811594202, 1.0)",1,99.71631708784663,14130
"(1.0, 1.0)",1,99.71623868928106,14131
"(0.9333333333333332, 1.0)",1,99.71616089542472,14132
"(0.9333333333333332, 1.0)",1,99.71615499035268,14133
"(0.9326599326599326, 1.0)",1,99.71615007654056,14134
"(0.7994987468671678, 1.0)",3,99.71611329762806,14137
"(0.8697983697983697, 1.0)",2,99.71609172932472,14139
"(0.9008025849489264, 1.0)",1,99.71608396120592,14140
"(0.8329156223893065, 1.0)",1,99.71607144816387,14141
"(0.8813080639167598, 1.0)",4,99.71605304634662,14145
"(0.7994987468671678, 1.0)",1,99.71605060180156,14146
"(0.9295946890286512, 1.0)",1,99.71604163034192,14147
"(0.917415489944373, 1.0)",1,99.71602388483004,14148
"(0.8697983697983697, 1.0)",1,99.71601112390586,14149
"(0.9161952650324744, 1.0)",1,99.71600733429256,14150
"(0.8840455840455841, 1.0)",1,99.716006196494,14151
"(0.812557599070401, 1.0)",1,99.71599793747086,14152
"(0.8653198653198653, 1.0)",1,99.7159904233075,14153
"(0.7326649958228906, 1.0)",1,99.71598790597508,14154
"(0.8997493734335841, 1.0)",1,99.71598790597508,14155
"(0.9833229101521784, 1.0)",1,99.71598790597508,14156
"(0.7713401051412279, 1.0)",1,99.71589701022444,14157
"(0.94993894993895, 1.0)",1,99.71589464149991,14158
"(0.9506533178503804, 1.0)",1,99.71587364404633,14159
"(0.9833229101521784, 1.0)",1,99.71586093805992,14160
"(0.9326599326599326, 1.0)",1,99.71585776463826,14161
"(0.9, 1.0)",1,99.71585760789868,14162
"(0.9326599326599326, 1.0)",1,99.71583676153638,14163
"(0.8997493734335841, 1.0)",1,99.71579903036452,14164
"(0.9161952650324744, 1.0)",3,99.71575670772614,14167
"(0.9161952650324744, 1.0)",1,99.71569322376855,14168
"(0.7713401051412279, 1.0)",1,99.71566434283004,14169
"(0.9833229101521784, 1.0)",1,99.71560936662289,14170
"(0.9497171590194846, 1.0)",1,99.71560936662289,14171
"(0.7294281157362763, 1.0)",1,99.71559545716676,14172
"(0.816195709052852, 1.0)",1,99.7155918109447,14173
"(0.9333333333333332, 1.0)",2,99.71558519009932,14175
"(0.898989898989899, 1.0)",1,99.71556275702618,14176
"(0.7294281157362763, 1.0)",2,99.71555911784472,14178
"(0.7155555555555556, 1.0)",19,99.71555555555555,14197
"(0.9161952650324744, 1.0)",1,99.71554604088264,14198
"(0.9331662489557224, 1.0)",1,99.71552842393665,14199
"(1.0, 1.0)",1,99.71552249427285,14200
"(0.9169719169719168, 1.0)",1,99.7155135075546,14201
"(0.7656073923822403, 1.0)",3,99.71551342701228,14204
"(0.8329156223893065, 1.0)",4,99.71548158967929,14208
"(0.898989898989899, 1.0)",1,99.71547921483736,14209
"(0.8490736316823273, 1.0)",1,99.71546882542026,14210
"(0.8796475392220073, 1.0)",1,99.7154277112694,14211
"(0.9326599326599326, 1.0)",1,99.71541810572172,14212
"(0.9497171590194846, 1.0)",1,99.71535779518584,14213
"(0.9161952650324744, 1.0)",1,99.71531308725685,14214
"(0.8666666666666667, 1.0)",1,99.7153022226193,14215
"(0.9665831244778612, 1.0)",1,99.71529192593766,14216
"(0.8635976129582268, 1.0)",1,99.71521863402724,14217
"(0.9833229101521784, 1.0)",1,99.71521150879748,14218
"(0.8151249335459861, 1.0)",2,99.71520072382016,14220
"(0.8976982097186702, 1.0)",1,99.715158527179,14221
"(0.9153439153439156, 1.0)",1,99.71515614134356,14222
"(0.9497171590194848, 1.0)",1,99.71515012856028,14223
"(0.9326599326599326, 1.0)",1,99.71510066503647,14224
"(0.9166145507608924, 1.0)",1,99.71509344551708,14225
"(1.0, 1.0)",1,99.7150403545006,14226
"(0.9326599326599326, 1.0)",1,99.71502210764083,14227
"(0.9497171590194848, 1.0)",1,99.714967265733,14228
"(0.8697983697983697, 1.0)",1,99.71496479757349,14229
"(0.9161952650324744, 1.0)",1,99.71493533603574,14230
"(0.8976982097186702, 1.0)",1,99.71486860987092,14231
"(0.816195709052852, 1.0)",1,99.71486253454894,14232
"(0.9153439153439156, 1.0)",1,99.71484187408,14233
"(0.8976982097186702, 1.0)",1,99.71480591404442,14234
"(0.8316498316498316, 1.0)",2,99.7147221152356,14236
"(0.9164652836623464, 1.0)",1,99.71469260698149,14237
"(0.9497171590194848, 1.0)",1,99.714677725007,14238
"(0.9833229101521784, 1.0)",1,99.71465393352427,14239
"(0.9833229101521784, 1.0)",1,99.71464600015533,14240
"(0.9153439153439152, 1.0)",1,99.7146288219459,14241
"(0.8316498316498316, 1.0)",1,99.71459593545154,14242
"(0.7979797979797979, 1.0)",2,99.71459434874068,14244
"(0.9166145507608924, 1.0)",2,99.71458519135028,14246
"(0.9665831244778612, 1.0)",2,99.71455208649584,14248
"(0.9161952650324744, 1.0)",1,99.7145479800046,14249
"(0.9333333333333332, 1.0)",1,99.7145198865504,14250
"(0.9497171590194846, 1.0)",1,99.71439793659694,14251
"(0.868077055383557, 1.0)",1,99.71437041490992,14252
"(0.9326599326599326, 1.0)",1,99.71434277730364,14253
"(0.8651903651903651, 1.0)",1,99.71433535046694,14254
"(0.9665831244778612, 1.0)",1,99.71431756988672,14255
"(0.8976982097186702, 1.0)",1,99.71431276047956,14256
"(0.9326599326599326, 1.0)",1,99.71428008147714,14257
"(0.9499687304565352, 1.0)",1,99.71427106775494,14258
"(0.8165520116739629, 1.0)",3,99.71425022139265,14261
"(0.7643097643097643, 1.0)",1,99.71424557945738,14262
"(0.9003556829643787, 1.0)",1,99.71421015305988,14263
"(0.7802197802197803, 1.0)",4,99.71419600822232,14267
"(0.8976982097186702, 1.0)",3,99.71418752556612,14270
"(0.9666562434855118, 1.0)",1,99.71415609928312,14271
"(0.8976982097186702, 1.0)",1,99.71412482973965,14272
"(0.8635976129582268, 1.0)",1,99.71412219280612,14273
"(0.9833229101521784, 1.0)",1,99.71408377704464,14274
"(0.8976982097186702, 1.0)",1,99.71399943808665,14275
"(0.8651903651903651, 1.0)",1,99.7139865791984,14276
"(0.8976982097186702, 1.0)",1,99.7139776468537,14277
"(0.9161952650324744, 1.0)",1,99.71394708589084,14278
"(1.0, 1.0)",1,99.71394464307488,14279
"(0.9833229101521784, 1.0)",1,99.7139359541291,14280
"(0.9166145507608924, 1.0)",2,99.71393595412908,14282
"(0.8813080639167598, 1.0)",1,99.71390545748976,14283
"(0.816195709052852, 1.0)",1,99.71389391877152,14284
"(0.8653198653198653, 1.0)",2,99.71383314066242,14286
"(0.8814814814814814, 1.0)",2,99.71380724063653,14288
"(0.8976982097186702, 1.0)",1,99.71379173989024,14289
"(0.8247905643738976, 1.0)",1,99.71373525319638,14290
"(0.9153439153439152, 1.0)",1,99.71370384983544,14291
"(0.8137566137566138, 1.0)",1,99.71369407466968,14292
"(0.9833229101521784, 1.0)",1,99.71368463242491,14293
"(0.8110673829751791, 1.0)",1,99.71367601459696,14294
"(0.8976982097186702, 1.0)",1,99.71362168686554,14295
"(0.9666666666666668, 1.0)",2,99.71359915789763,14297
"(0.8137865219658889, 1.0)",1,99.71355004855867,14298
"(0.8294970161977834, 1.0)",3,99.71352175388104,14301
"(0.8976982097186702, 1.0)",2,99.71351666840069,14303
"(0.9499687304565352, 1.0)",1,99.7135114208285,14304
"(0.8468951683237397, 1.0)",1,99.71347844954116,14305
"(0.7802197802197803, 1.0)",2,99.713448725002,14307
"(0.8796475392220073, 1.0)",1,99.71342344751204,14308
"(0.7802197802197803, 1.0)",4,99.7133860291755,14312
"(0.9331662489557224, 1.0)",1,99.7133860291755,14313
"(1.0, 1.0)",1,99.7133860291755,14314
"(0.8468951683237397, 1.0)",2,99.71337390425047,14316
"(0.9833229101521784, 1.0)",2,99.71332980035476,14318
"(0.7979797979797979, 1.0)",2,99.71332371332372,14320
"(0.7802197802197803, 1.0)",1,99.7133166401459,14321
"(0.8533622685185187, 1.0)",1,99.71327419501256,14322
"(0.7965746171391332, 1.0)",2,99.71326117480314,14324
"(0.898989898989899, 1.0)",1,99.71326081000528,14325
"(0.9833229101521784, 1.0)",1,99.71325984939143,14326
"(0.7802197802197803, 1.0)",7,99.71325984939143,14333
"(0.8065954953750508, 1.0)",1,99.71323924326782,14334
"(0.8101143854687974, 1.0)",1,99.71303080251585,14335
"(0.9331662489557224, 1.0)",1,99.713002967175,14336
"(0.8137566137566138, 1.0)",1,99.7129996708944,14337
"(0.8653198653198653, 1.0)",1,99.71298680549506,14338
"(0.8468951683237397, 1.0)",1,99.71297530666706,14339
"(0.8635976129582268, 1.0)",1,99.71295912694644,14340
"(0.8796475392220073, 1.0)",1,99.7128974871061,14341
"(0.8467532467532467, 1.0)",2,99.71289733036652,14343
"(0.7965746171391332, 1.0)",1,99.7128962801431,14344
"(0.9665831244778612, 1.0)",2,99.71288593824988,14346
"(0.9326599326599326, 1.0)",2,99.71287971287973,14348
"(0.7802197802197803, 1.0)",14,99.71287971287973,14362
"(0.7295469912102772, 1.0)",1,99.71286990136244,14363
"(0.9161952650324744, 1.0)",2,99.71285454641576,14365
"(0.9499687304565352, 1.0)",2,99.7128347912796,14367
"(0.8101143854687974, 1.0)",1,99.71282818681034,14368
"(0.8796475392220073, 1.0)",1,99.7128139449173,14369
"(0.8796475392220073, 1.0)",1,99.71281378817773,14370
"(0.8476190476190477, 1.0)",2,99.7128094128094,14372
"(0.8635976129582268, 1.0)",1,99.71280940055256,14373
"(0.8976982097186702, 1.0)",1,99.71279149849616,14374
"(0.9153439153439152, 1.0)",1,99.71277758786938,14375
"(0.8229870141950848, 1.0)",1,99.71276441693784,14376
"(0.8294970161977834, 1.0)",2,99.71275738726304,14378
"(0.8796475392220073, 1.0)",2,99.7127533333034,14380
"(0.9833229101521784, 1.0)",1,99.7127512490908,14381
"(0.8294970161977834, 1.0)",1,99.71269469143654,14382
"(0.7460317460317459, 1.0)",1,99.71267756633613,14383
"(0.9833229101521784, 1.0)",1,99.71266119422673,14384
"(0.8796475392220073, 1.0)",1,99.71264670380012,14385
"(0.8997493734335841, 1.0)",1,99.7126258574378,14386
"(0.8845578466141503, 1.0)",1,99.71258755489814,14387
"(0.8329156223893065, 1.0)",2,99.71256316161131,14389
"(0.8796475392220073, 1.0)",1,99.71256316161131,14390
"(0.9665831244778612, 1.0)",1,99.71256237348024,14391
"(0.868077055383557, 1.0)",2,99.71251107664683,14393
"(0.8294970161977834, 1.0)",1,99.71250581582598,14394
"(0.8796475392220073, 1.0)",1,99.71249967765377,14395
"(0.9166145507608924, 1.0)",1,99.71247295266608,14396
"(0.9153439153439156, 1.0)",1,99.71245334746196,14397
"(0.8796475392220073, 1.0)",1,99.71243698182724,14398
"(0.8124563928135357, 1.0)",1,99.7122684620736,14399
"(0.9326599326599326, 1.0)",2,99.71218223696852,14401
"(0.7121693121693121, 1.0)",37,99.71216931216932,14438
"(0.9665831244778612, 1.0)",1,99.7121451182977,14439
"(0.8976982097186702, 1.0)",1,99.71211281617435,14440
"(0.8796475392220073, 1.0)",1,99.71210367957288,14441
"(0.8294970161977834, 1.0)",1,99.71206298348775,14442
"(0.8997493734335841, 1.0)",1,99.71205684531552,14443
"(0.844988344988345, 1.0)",1,99.71201982299544,14444
"(0.8633762288330498, 1.0)",1,99.71201178478567,14445
"(0.9009534009534008, 1.0)",1,99.71197054669454,14446
"(0.8633762288330498, 1.0)",1,99.7119490889592,14447
"(0.9665831244778612, 1.0)",1,99.71194827437174,14448
"(0.8976982097186702, 1.0)",2,99.71194827437174,14450
"(0.7119388248146047, 1.0)",14,99.7119388248146,14464
"(0.8615866942983156, 1.0)",1,99.71191110771925,14465
"(0.9166682405676116, 1.0)",1,99.71190680914732,14466
"(0.8976982097186702, 1.0)",1,99.71188557854524,14467
"(0.8229870141950848, 1.0)",1,99.7118841968839,14468
"(0.8840048840048841, 1.0)",3,99.71176181542036,14471
"(1.0, 1.0)",1,99.71170895055867,14472
"(0.8229870141950848, 1.0)",1,99.71169559295056,14473
"(0.9153439153439156, 1.0)",1,99.7116060053268,14474
"(1.0, 1.0)",3,99.71157237823904,14477
"(0.8813080639167598, 1.0)",6,99.71152614239269,14483
"(0.8615866942983156, 1.0)",1,99.71149288566792,14484
"(0.9333333333333332, 1.0)",1,99.71144614193396,14485
"(0.8615866942983156, 1.0)",1,99.71143018984142,14486
"(0.8651903651903651, 1.0)",1,99.71142102889024,14487
"(0.8425483191745751, 1.0)",1,99.71126620299869,14488
"(0.9192093318943212, 1.0)",1,99.7112597993678,14489
"(0.8468951683237397, 1.0)",5,99.71124962152793,14494
"(0.7612958226768967, 1.0)",3,99.71123477261584,14497
"(0.8814814814814814, 1.0)",1,99.71109775116004,14498
"(0.8280121312379377, 1.0)",1,99.71109031989572,14499
"(1.0, 1.0)",2,99.71103963786892,14501
"(0.861111111111111, 1.0)",1,99.71101730248073,14502
"(0.7612958226768967, 1.0)",1,99.71101298169638,14503
"(0.9166145507608924, 1.0)",2,99.71095460665424,14505
"(0.9665831244778612, 1.0)",1,99.71095460665424,14506
"(0.9331662489557224, 1.0)",1,99.71089191082773,14507
"(1.0, 1.0)",2,99.71076573104368,14509
"(0.8976982097186702, 1.0)",1,99.71074033478126,14510
"(1.0, 1.0)",1,99.71074033478126,14511
"(0.8676532769556025, 1.0)",1,99.71072761630106,14512
"(0.861111111111111, 1.0)",1,99.71064033939068,14513
"(0.903667392883079, 1.0)",2,99.71061183732752,14515
"(0.933249791144528, 1.0)",1,99.7105955400852,14516
"(0.8796475392220073, 1.0)",1,99.71057469372288,14517
"(0.9326599326599326, 1.0)",2,99.71040644089425,14519
"(0.8796475392220073, 1.0)",2,99.71038581811234,14521
"(0.861111111111111, 1.0)",6,99.71038559453194,14527
"(0.8307349903094585, 1.0)",1,99.71038252953149,14528
"(0.9497171590194846, 1.0)",1,99.71026258816956,14529
"(0.8491514770584537, 1.0)",2,99.71026258816956,14531
"(0.8651903651903651, 1.0)",1,99.71017871017872,14532
"(0.861111111111111, 1.0)",1,99.7101340230949,14533
"(0.7601281633539698, 1.0)",1,99.71011774017282,14534
"(0.7601164382773579, 1.0)",1,99.7100851687339,14535
"(0.868077055383557, 1.0)",1,99.71007837203923,14536
"(0.826388888888889, 1.0)",1,99.71006748200544,14537
"(0.7601164382773579, 1.0)",1,99.7100224729074,14538
"(0.9299160159815896, 1.0)",1,99.71002142922254,14539
"(0.8976982097186702, 1.0)",2,99.7100056816006,14541
"(0.8420013166556947, 1.0)",1,99.70986664915516,14542
"(0.861111111111111, 1.0)",2,99.70984423551072,14544
"(0.898989898989899, 1.0)",1,99.7098181691205,14545
"(0.861111111111111, 1.0)",1,99.70974666706374,14546
"(0.8796475392220073, 1.0)",1,99.70972369612744,14547
"(1.0, 1.0)",2,99.70967113880135,14549
"(0.7430253184970165, 1.0)",2,99.70960844297488,14551
"(0.9192093318943212, 1.0)",1,99.70960368944152,14552
"(0.934122934122934, 1.0)",1,99.70950328852577,14553
"(0.7372334455667788, 1.0)",1,99.70944191286893,14554
"(0.8976982097186702, 1.0)",1,99.70933237501136,14555
"(0.7647742788871822, 1.0)",1,99.7093311839704,14556
"(0.7647742788871822, 1.0)",2,99.70932774088868,14558
"(0.9303715638302106, 1.0)",1,99.70931693296626,14559
"(0.7372334455667788, 1.0)",1,99.70931569731005,14560
"(0.8796475392220073, 1.0)",1,99.70926380890054,14561
"(0.8762860082304527, 1.0)",1,99.70924967181936,14562
"(0.861111111111111, 1.0)",1,99.70923841289697,14563
"(0.8329050741331443, 1.0)",2,99.7092067598792,14565
"(0.8976982097186702, 1.0)",1,99.70916519801492,14566
"(0.776488287126585, 1.0)",2,99.70914821978651,14568
"(0.8294970161977834, 1.0)",1,99.70914455541978,14569
"(0.826388888888889, 1.0)",1,99.70913962529816,14570
"(0.9326599326599326, 1.0)",1,99.70911495911496,14571
"(0.9153439153439156, 1.0)",1,99.70911495911496,14572
"(0.7090909090909091, 1.0)",32,99.70909090909092,14604
"(1.0, 1.0)",6,99.70909090909092,14610
"(0.8813080639167598, 1.0)",1,99.70906499533224,14611
"(0.7916666666666666, 1.0)",1,99.70904558404558,14612
"(0.8796475392220073, 1.0)",1,99.7090122374635,14613
"(0.8613656783468103, 1.0)",1,99.70892126591912,14614
"(0.9167853751187084, 1.0)",1,99.7089155435762,14615
"(0.917849761232425, 1.0)",1,99.70886893679489,14616
"(0.9437903841498612, 1.0)",1,99.7088134802488,14617
"(0.9833229101521784, 1.0)",2,99.70877805128632,14619
"(0.9665831244778612, 1.0)",2,99.70871535545982,14621
"(0.8420013166556946, 1.0)",1,99.70858459787311,14622
"(0.8093386061814339, 1.0)",1,99.70858166331922,14623
"(0.8108747044917258, 1.0)",1,99.7085729142104,14624
"(0.8339475360293065, 1.0)",1,99.70855591040396,14625
"(0.8420013166556946, 1.0)",1,99.70854274840896,14626
"(0.8420013166556946, 1.0)",1,99.70852190204664,14627
"(0.9583930063253372, 1.0)",1,99.70851543942469,14628
"(0.8420013166556946, 1.0)",1,99.70848005258244,14629
"(0.9522870228046522, 1.0)",1,99.70846277974114,14630
"(0.930704099821747, 1.0)",1,99.7084599481411,14631
"(0.9331662489557224, 1.0)",1,99.70845920622014,14632
"(0.808446455505279, 1.0)",1,99.70840476278066,14633
"(0.8420013166556946, 1.0)",2,99.70839651039364,14635
"(0.808446455505279, 1.0)",3,99.70838391641834,14638
"(0.9583930063253372, 1.0)",1,99.70838181108428,14639
"(0.8420013166556946, 1.0)",1,99.70834344961722,14640
"(0.7083333333333334, 1.0)",14,99.70833333333334,14654
"(0.9167853751187084, 1.0)",1,99.70832490823663,14655
"(0.808446455505279, 1.0)",2,99.70832122059186,14657
"(0.7416325017951034, 1.0)",4,99.70827832209946,14661
"(0.8420013166556946, 1.0)",1,99.70827033060958,14662
"(0.9441792447111594, 1.0)",1,99.70826842347792,14663
"(0.930704099821747, 1.0)",1,99.70826540444644,14664
"(0.808446455505279, 1.0)",1,99.70825852476536,14665
"(0.9506533178503804, 1.0)",1,99.70823458045491,14666
"(0.7416325017951034, 1.0)",5,99.70821562627296,14671
"(0.8420013166556946, 1.0)",1,99.70820763478308,14672
"(0.9161952650324744, 1.0)",1,99.70818615850702,14673
"(0.9027777777777778, 1.0)",1,99.70817291419723,14674
"(0.9161952650324744, 1.0)",2,99.7081653121447,14676
"(0.9445235834124724, 1.0)",1,99.70811432620415,14677
"(0.8471527473990528, 1.0)",1,99.70808296880844,14678
"(0.9027777777777778, 1.0)",1,99.70800288303728,14679
"(0.882673371045464, 1.0)",1,99.70799759785334,14680
"(0.8420013166556946, 1.0)",1,99.7079805430254,14681
"(0.8053381731676306, 1.0)",1,99.70796569250088,14682
"(0.844988344988345, 1.0)",1,99.70795879436253,14683
"(0.9584987529902784, 1.0)",1,99.70793712680884,14684
"(0.9665831244778612, 1.0)",1,99.70789019409784,14685
"(0.8887202421952387, 1.0)",1,99.70788680307874,14686
"(0.808446455505279, 1.0)",1,99.70787428176236,14687
"(0.8467532467532467, 1.0)",1,99.70786435786437,14688
"(0.8468089381754635, 1.0)",1,99.70784920564893,14689
"(0.808446455505279, 1.0)",1,99.70784255739711,14690
"(0.9161379295307868, 1.0)",1,99.7078320432534,14691
"(0.861111111111111, 1.0)",2,99.70781025009634,14693
"(0.9299507899507898, 1.0)",1,99.70777003740554,14694
"(0.81893131227901, 1.0)",1,99.70775531083044,14695
"(0.8887202421952387, 1.0)",1,99.70772271917232,14696
"(0.757745166550198, 1.0)",3,99.70771389700673,14699
"(0.9833229101521784, 1.0)",2,99.70771389700673,14701
"(1.0, 1.0)",1,99.70771389700673,14702
"(0.9499687304565352, 1.0)",2,99.70771389700673,14704
"(0.7632275132275131, 1.0)",2,99.70770157897503,14706
"(0.8420013166556946, 1.0)",1,99.7077013184873,14707
"(0.757745166550198, 1.0)",1,99.70768098169782,14708
"(0.8329050741331443, 1.0)",1,99.70766385660352,14709
"(0.9299160159815896, 1.0)",1,99.70765806056474,14710
"(0.9833229101521784, 1.0)",1,99.70765120118024,14711
"(0.9665831244778612, 1.0)",1,99.70765120118024,14712
"(1.0, 1.0)",2,99.70765120118024,14714
"(0.944073617452092, 1.0)",1,99.70764273699876,14715
"(0.861111111111111, 1.0)",1,99.70762585476264,14716
"(0.7632275132275131, 1.0)",1,99.70757183327672,14717
"(0.8732774170274171, 1.0)",1,99.70755153071327,14718
"(0.9161379295307868, 1.0)",1,99.7075309595131,14719
"(0.7075023741690408, 1.0)",10,99.70750237416904,14729
"(0.930124456440246, 1.0)",1,99.70745963924222,14730
"(0.9027777777777778, 1.0)",1,99.70745810252842,14731
"(0.8053381731676306, 1.0)",2,99.70741630799364,14733
"(0.9333333333333332, 1.0)",1,99.70741441943488,14734
"(0.861111111111111, 1.0)",3,99.70740447063748,14737
"(0.8796475392220073, 1.0)",1,99.70740447063748,14738
"(0.861111111111111, 1.0)",2,99.70734177481096,14740
"(0.8796475392220073, 1.0)",1,99.70734177481096,14741
"(0.7632275132275131, 1.0)",1,99.70731946624804,14742
"(0.9833229101521784, 1.0)",1,99.70731396245614,14743
"(0.9295946890286512, 1.0)",1,99.70712977539164,14744
"(0.808446455505279, 1.0)",2,99.70711328100136,14746
"(0.9167853751187084, 1.0)",1,99.70706420718852,14747
"(0.8040695048423352, 1.0)",1,99.70705545679888,14748
"(0.9581458989353726, 1.0)",1,99.70701157599768,14749
"(0.7916666666666666, 1.0)",2,99.70701058201058,14751
"(0.8319340617212959, 1.0)",1,99.70696685495028,14752
"(0.7069597069597069, 1.0)",21,99.70695970695972,14773
"(0.9581458989353726, 1.0)",1,99.7069556791246,14774
"(0.9326599326599326, 1.0)",1,99.70691828511232,14775
"(0.934122934122934, 1.0)",1,99.7068920485004,14776
"(0.8053381731676306, 1.0)",1,99.7068645237085,14777
"(0.7903875985986362, 1.0)",1,99.70679315673834,14778
"(0.859499940327008, 1.0)",1,99.70677821933484,14779
"(0.8053381731676306, 1.0)",1,99.70677411178974,14780
"(0.7734344933751168, 1.0)",2,99.70674698034614,14782
"(0.8976982097186702, 1.0)",1,99.70673249340732,14783
"(0.7734344933751168, 1.0)",3,99.70672613398384,14786
"(0.9161379295307868, 1.0)",1,99.7067190633168,14787
"(0.7734344933751168, 1.0)",1,99.70666343815734,14788
"(0.7734344933751168, 1.0)",1,99.70660074233083,14789
"(0.8319340617212959, 1.0)",1,99.706600294595,14790
"(0.8872426490351017, 1.0)",1,99.70655336073784,14791
"(0.8319340617212959, 1.0)",1,99.70653028781156,14792
"(0.8811945374355704, 1.0)",3,99.70651876424344,14795
"(0.9027777777777778, 1.0)",1,99.70650698869709,14796
"(0.9009534009534008, 1.0)",1,99.7064985333278,14797
"(0.8814814814814814, 1.0)",1,99.70644372319876,14798
"(0.8068904981347378, 1.0)",1,99.70639896285502,14799
"(0.8420013166556946, 1.0)",3,99.70634534667872,14802
"(0.8319340617212959, 1.0)",1,99.70632527576971,14803
"(0.8976982097186702, 1.0)",2,99.70628265085224,14805
"(0.930704099821747, 1.0)",2,99.7062221909102,14807
"(0.8319340617212959, 1.0)",1,99.70621097986567,14808
"(0.8068904981347378, 1.0)",1,99.70619625109904,14809
"(0.859499940327008, 1.0)",1,99.70617817230588,14810
"(0.8339475360293065, 1.0)",1,99.70617257969133,14811
"(0.9331662489557224, 1.0)",1,99.70617169879044,14812
"(0.9665831244778612, 1.0)",1,99.70615461539276,14813
"(0.808446455505279, 1.0)",1,99.70614466522396,14814
"(0.8976982097186702, 1.0)",1,99.70614466522396,14815
"(0.844988344988345, 1.0)",1,99.70609945609944,14816
"(0.9008627640703112, 1.0)",1,99.70603740562647,14817
"(0.9018806250259218, 1.0)",1,99.70582828238608,14818
"(0.8329050741331443, 1.0)",1,99.70576878811406,14819
"(0.8222222222222222, 1.0)",1,99.70574434836308,14820
"(0.859499940327008, 1.0)",1,99.70566538666722,14821
"(0.9159519550217224, 1.0)",1,99.70563800841542,14822
"(0.9297812306740878, 1.0)",2,99.70561601109095,14824
"(0.8635976129582268, 1.0)",1,99.70559892961391,14825
"(0.861111111111111, 1.0)",5,99.7055451323744,14830
"(0.8222222222222222, 1.0)",1,99.70548259328748,14831
"(1.0, 1.0)",1,99.70545016561276,14832
"(0.8222222222222222, 1.0)",1,99.70544967797856,14833
"(0.8222222222222222, 1.0)",3,99.70541989746098,14836
"(0.8222222222222222, 1.0)",2,99.70535720163448,14838
"(0.9331662489557224, 1.0)",1,99.70535720163448,14839
"(0.80285509389987, 1.0)",1,99.7053294320791,14840
"(0.8796475392220073, 1.0)",2,99.70529881992836,14842
"(0.806589620543109, 1.0)",1,99.70529812867684,14843
"(0.8222222222222222, 1.0)",1,99.70529450580798,14844
"(0.8222222222222222, 1.0)",1,99.70525186821271,14845
"(0.8222222222222222, 1.0)",1,99.70523102185042,14846
"(0.8222222222222222, 1.0)",1,99.70520629419252,14847
"(0.8222222222222222, 1.0)",2,99.70516832602392,14849
"(0.8300265307680562, 1.0)",1,99.70514028574932,14850
"(0.8222222222222222, 1.0)",1,99.70504883944297,14851
"(0.8305135146220418, 1.0)",1,99.70499815343418,14852
"(0.8420013166556947, 1.0)",1,99.70497176602989,14853
"(0.8420013166556947, 1.0)",1,99.70497176602989,14854
"(1.0, 1.0)",1,99.70497176602989,14855
"(0.882673371045464, 1.0)",1,99.70489559326768,14856
"(0.8579868984630887, 1.0)",1,99.70487562874683,14857
"(0.9326599326599326, 1.0)",1,99.7047881895122,14858
"(1.0, 1.0)",1,99.70476766407,14859
"(0.9158007932517735, 1.0)",1,99.70473538802752,14860
"(0.7880931329207191, 1.0)",1,99.70470768368162,14861
"(0.8300265307680562, 1.0)",1,99.70449068603747,14862
"(0.7880931329207191, 1.0)",1,99.70439341641809,14863
"(1.0, 1.0)",1,99.7043796312089,14864
"(0.944073617452092, 1.0)",1,99.70429087195969,14865
"(0.9167853751187084, 1.0)",1,99.70425846576816,14866
"(0.8222222222222222, 1.0)",2,99.7042119578705,14868
"(0.7735205142749102, 1.0)",1,99.70420033912922,14869
"(0.9497171590194846, 1.0)",2,99.7041701736351,14871
"(0.8586166985951469, 1.0)",2,99.7041524685831,14873
"(0.829257487152224, 1.0)",1,99.70414921639878,14874
"(0.9437903841498612, 1.0)",1,99.7040657677664,14875
"(0.8432903075760217, 1.0)",1,99.70405931550196,14876
"(0.930124456440246, 1.0)",2,99.7040071013655,14878
"(0.8158879904162925, 1.0)",2,99.7039483644144,14880
"(0.8449978636391381, 1.0)",1,99.70386247526358,14881
"(0.8432903075760217, 1.0)",1,99.70385649007858,14882
"(0.9166682405676116, 1.0)",1,99.70382453548312,14883
"(0.8374727668845315, 1.0)",1,99.70380526479596,14884
"(0.7204751921733054, 1.0)",34,99.70379810232548,14918
"(0.9497171590194846, 1.0)",1,99.7037248430245,14919
"(0.8222222222222222, 1.0)",1,99.7037037037037,14920
"(0.8814814814814814, 1.0)",1,99.7037037037037,14921
"(0.8372053872053872, 1.0)",1,99.70368412313212,14922
"(0.9192093318943212, 1.0)",1,99.70358116563555,14923
"(0.8372053872053872, 1.0)",1,99.70353788511684,14924
"(0.8880984643179766, 1.0)",2,99.70353126510878,14926
"(0.8813080639167598, 1.0)",2,99.703530286139,14928
"(0.7362637362637362, 1.0)",9,99.7032967032967,14937
"(0.8222222222222222, 1.0)",1,99.70324334209307,14938
"(0.8976982097186702, 1.0)",2,99.70324334209307,14940
"(0.7198480531813864, 1.0)",18,99.70317096333356,14958
"(0.8703703703703703, 1.0)",1,99.70311749033723,14959
"(1.0, 1.0)",1,99.7031124277668,14960
"(0.8420013166556947, 1.0)",4,99.7031124277668,14964
"(0.861111111111111, 1.0)",1,99.7031124277668,14965
"(0.8420013166556946, 1.0)",6,99.7031124277668,14971
"(0.7030539311241066, 1.0)",11,99.7030539311241,14982
"(0.8374727668845315, 1.0)",1,99.70304004765318,14983
"(0.8566900022492128, 1.0)",1,99.70302733397412,14984
"(0.8372053872053872, 1.0)",1,99.70296588454482,14985
"(0.7362637362637362, 1.0)",2,99.7029095565681,14987
"(0.9497171590194848, 1.0)",1,99.70273755909872,14988
"(0.8579868984630887, 1.0)",1,99.70270693766938,14989
"(0.9445235834124724, 1.0)",1,99.70270406285935,14990
"(0.9009534009534008, 1.0)",2,99.7026211945076,14992
"(0.901575014782562, 1.0)",2,99.7026120172724,14994
"(0.8266173510466989, 1.0)",1,99.70249546263908,14995
"(0.7996376811594202, 1.0)",1,99.7024885591876,14996
"(0.8552744708994707, 1.0)",1,99.70243323038954,14997
"(0.837707400507675, 1.0)",1,99.70240479461684,14998
"(0.8016677935542034, 1.0)",2,99.7023696210853,15000
"(0.8703703703703703, 1.0)",1,99.7023360559946,15001
"(0.9499687304565352, 1.0)",1,99.70229989010475,15002
"(0.8016677935542034, 1.0)",1,99.7022569265522,15003
"(0.8016677935542034, 1.0)",2,99.70222714603464,15005
"(0.8552744708994707, 1.0)",1,99.70220495333754,15006
"(0.8547756205106323, 1.0)",1,99.70218997474616,15007
"(0.7687400318979267, 1.0)",1,99.70203167250664,15008
"(0.8449978636391381, 1.0)",1,99.70201991499786,15009
"(0.8976982097186702, 1.0)",1,99.7019887347042,15010
"(0.7687400318979267, 1.0)",3,99.70196897668016,15013
"(0.8552744708994707, 1.0)",1,99.7019243929604,15014
"(0.8552744708994707, 1.0)",2,99.70191373685624,15016
"(0.8222222222222222, 1.0)",2,99.70186976144424,15018
"(0.8796475392220073, 1.0)",9,99.70186976144424,15027
"(0.7713401051412279, 1.0)",1,99.70174540225226,15028
"(1.0, 1.0)",1,99.70172951613736,15029
"(0.8101143854687974, 1.0)",1,99.70161419526926,15030
"(0.9166145507608924, 1.0)",2,99.70160525446728,15032
"(0.8349489264123411, 1.0)",1,99.7014903581656,15033
"(0.8016677935542034, 1.0)",1,99.70147986281428,15034
"(0.9666562434855118, 1.0)",2,99.70143349524098,15036
"(0.8997493734335841, 1.0)",4,99.7014171669878,15040
"(0.8840048840048841, 1.0)",1,99.7013713928348,15041
"(0.8697983697983697, 1.0)",1,99.70131002042817,15042
"(0.8016677935542034, 1.0)",2,99.70129098720372,15044
"(0.8814814814814814, 1.0)",1,99.7011858859099,15045
"(0.7511111111111111, 1.0)",1,99.70107984156763,15046
"(0.851037851037851, 1.0)",1,99.7010274278567,15047
"(0.8845578466141503, 1.0)",1,99.70102615935974,15048
"(0.7511111111111111, 1.0)",1,99.70101714574116,15049
"(0.806589620543109, 1.0)",1,99.70100881901224,15050
"(0.8349489264123411, 1.0)",1,99.7009927924562,15051
"(0.8165520116739629, 1.0)",1,99.70097382292504,15052
"(0.9326599326599326, 1.0)",1,99.7009735465185,15053
"(0.8533622685185187, 1.0)",1,99.70096090497464,15054
"(0.8177442148030384, 1.0)",2,99.7009418900418,15056
"(0.9326599326599326, 1.0)",2,99.700910850692,15058
"(0.9295946890286512, 1.0)",1,99.70085680728788,15059
"(0.7511111111111112, 1.0)",1,99.7008282701306,15060
"(0.7511111111111111, 1.0)",1,99.7008282701306,15061
"(0.8845578466141503, 1.0)",1,99.70081643738688,15062
"(1.0, 1.0)",2,99.7008110703091,15064
"(0.9161952650324744, 1.0)",1,99.70078649689928,15065
"(0.7340930674264007, 1.0)",3,99.70075973409308,15068
"(0.8845578466141503, 1.0)",1,99.700753555667,15069
"(0.9666562434855118, 1.0)",2,99.70074931091192,15071
"(0.9666562434855118, 1.0)",1,99.70074619637116,15072
"(1.0, 1.0)",2,99.70073888773076,15074
"(0.8341307814992026, 1.0)",1,99.70071406271664,15075
"(0.9665831244778612, 1.0)",4,99.70067619190426,15079
"(1.0, 1.0)",1,99.70067619190426,15080
"(0.7340930674264007, 1.0)",3,99.70067619190426,15083
"(1.0, 1.0)",2,99.70066774331252,15085
"(0.898989898989899, 1.0)",1,99.7006576925441,15086
"(0.9008025849489264, 1.0)",1,99.70057296148438,15087
"(0.8266173510466989, 1.0)",1,99.70056918972598,15088
"(0.9833229101521784, 1.0)",1,99.70056396072656,15089
"(0.7837735276259866, 1.0)",1,99.70055476110493,15090
"(0.9161952650324744, 1.0)",1,99.70052260431338,15091
"(0.8732774170274171, 1.0)",1,99.700493040759,15092
"(0.9009534009534008, 1.0)",1,99.70048427499842,15093
"(0.917415489944373, 1.0)",1,99.70045814975212,15094
"(0.9009534009534008, 1.0)",2,99.70042157917192,15096
"(1.0, 1.0)",1,99.70039272005036,15097
"(0.9833229101521784, 1.0)",1,99.7003346190503,15098
"(0.9153439153439156, 1.0)",2,99.7003346190503,15100
"(0.8016677935542034, 1.0)",1,99.7003346190503,15101
"(0.917469251615593, 1.0)",1,99.70029090863494,15102
"(0.9166682405676116, 1.0)",1,99.70027990892564,15103
"(0.8533622685185187, 1.0)",1,99.70026942764372,15104
"(0.7503607503607503, 1.0)",1,99.7002667849908,15105
"(0.9333333333333332, 1.0)",1,99.70022439559412,15106
"(0.8653198653198653, 1.0)",1,99.70021155387008,15107
"(0.917469251615593, 1.0)",1,99.70016472885088,15108
"(0.9161952650324744, 1.0)",1,99.70013134036778,15109
"(0.9003556829643787, 1.0)",1,99.70008421003566,15110
"(0.7503607503607503, 1.0)",1,99.70007790938024,15111
"(0.9833229101521784, 1.0)",2,99.70006378708877,15113
"(0.9833229101521784, 1.0)",1,99.70004251731103,15114
"(0.9169719169719168, 1.0)",1,99.70000156296244,15115
"(0.94993894993895, 1.0)",2,99.69998655364508,15117
"(0.8552744708994707, 1.0)",1,99.69997222891682,15118
"(0.9666562434855118, 1.0)",1,99.6999136151254,15119
"(0.8533622685185187, 1.0)",1,99.69989645179548,15120
"(1.0, 1.0)",2,99.69988526220428,15122
"(0.9326599326599326, 1.0)",1,99.69988234558195,15123
"(0.8840048840048841, 1.0)",1,99.69986249190356,15124
"(0.7164894725870335, 1.0)",25,99.6998123827392,15149
"(0.9166145507608924, 1.0)",1,99.69981125275628,15150
"(0.9833229101521784, 1.0)",1,99.69976404334837,15151
"(0.7498436522826767, 1.0)",1,99.69974968691272,15152
"(0.9153439153439152, 1.0)",1,99.6997339504513,15153
"(0.8177442148030384, 1.0)",1,99.69967125462482,15154
"(0.9665831244778612, 1.0)",1,99.69966598798436,15155
"(0.9333333333333332, 1.0)",1,99.69960329215785,15156
"(0.9665831244778612, 1.0)",1,99.69959451474216,15157
"(0.9666562434855118, 1.0)",1,99.69955266527796,15158
"(0.9333333333333332, 1.0)",1,99.69954059633136,15159
"(0.9161952650324744, 1.0)",1,99.69952998674974,15160
"(0.934122934122934, 1.0)",1,99.69943958832516,15161
"(0.8997493734335841, 1.0)",1,99.69943620778024,15162
"(0.7994987468671678, 1.0)",1,99.69943620778024,15163
"(0.9161952650324744, 1.0)",1,99.6993930970108,15164
"(0.7994987468671678, 1.0)",1,99.69937351195377,15165
"(1.0, 1.0)",1,99.69937351195374,15166
"(0.8976982097186702, 1.0)",1,99.69936600327289,15167
"(0.8016677935542034, 1.0)",5,99.69936600327289,15172
"(0.9666562434855118, 1.0)",1,99.69934082436544,15173
"(0.9833229101521784, 1.0)",1,99.69933040118428,15174
"(1.0, 1.0)",1,99.69931081612724,15175
"(0.9833229101521784, 1.0)",2,99.69931002799618,15177
"(0.916104916104916, 1.0)",1,99.69930274808324,15178
"(0.9497171590194848, 1.0)",1,99.69929375795424,15179
"(0.9161952650324744, 1.0)",1,99.6992677053578,15180
"(0.7326649958228906, 1.0)",1,99.69924812030077,15181
"(0.9833229101521784, 1.0)",1,99.69924266274305,15182
"(0.9666666666666668, 1.0)",1,99.69923915965396,15183
"(0.9161952650324744, 1.0)",2,99.69922585589362,15185
"(0.7545469576719577, 1.0)",1,99.69921632339396,15186
"(0.8796475392220073, 1.0)",2,99.69918185701415,15188
"(0.9326599326599326, 1.0)",1,99.69918067479044,15189
"(0.882673371045464, 1.0)",1,99.69916268689292,15190
"(0.9665831244778612, 1.0)",1,99.69912115238564,15191
"(0.9169719169719168, 1.0)",1,99.69909105267496,15192
"(0.9161952650324744, 1.0)",1,99.69907961787833,15193
"(0.868077055383557, 1.0)",2,99.69906690571094,15195
"(0.8651903651903651, 1.0)",1,99.69905629956978,15196
"(0.9331662489557224, 1.0)",1,99.69905528313744,15197
"(1.0, 1.0)",1,99.69903729523996,15198
"(0.882673371045464, 1.0)",1,99.69897459941345,15199
"(0.7965746171391332, 1.0)",2,99.69892346338622,15201
"(1.0, 1.0)",1,99.69889911353326,15202
"(0.7155555555555556, 1.0)",16,99.69887846570774,15218
"(0.816195709052852, 1.0)",1,99.69885202527038,15219
"(0.7656073923822403, 1.0)",1,99.69883633716448,15220
"(0.9506533178503804, 1.0)",1,99.6987806196362,15221
"(0.7656073923822403, 1.0)",1,99.69877364133797,15222
"(0.9665831244778612, 1.0)",3,99.69875143905504,15225
"(1.0, 1.0)",1,99.698747709077,15226
"(0.8229870141950848, 1.0)",1,99.69857870918057,15227
"(0.9009534009534008, 1.0)",1,99.69855615627624,15228
"(0.9833229101521784, 1.0)",2,99.69855214026332,15230
"(0.8653198653198653, 1.0)",1,99.69854896684166,15231
"(0.9499687304565352, 1.0)",1,99.69854174732224,15232
"(0.8653198653198653, 1.0)",2,99.69852796373978,15234
"(0.7820160586118033, 1.0)",1,99.69850521771971,15235
"(0.8374727668845315, 1.0)",2,99.69848026415926,15237
"(0.9497171590194846, 1.0)",3,99.6984721679371,15240
"(0.9161952650324744, 1.0)",1,99.69844712179848,15241
"(0.893146638589877, 1.0)",1,99.6984406586069,15242
"(0.8653198653198653, 1.0)",1,99.69842357518866,15243
"(1.0, 1.0)",2,99.69841946671217,15245
"(0.8101143854687974, 1.0)",1,99.69839876560496,15246
"(0.9297812306740878, 1.0)",2,99.69837727326126,15248
"(0.8976982097186702, 1.0)",1,99.69836827136434,15249
"(0.7675138481590094, 1.0)",1,99.69836141321728,15250
"(0.7979797979797979, 1.0)",1,99.69833548094418,15251
"(0.8653198653198653, 1.0)",1,99.69831902989796,15252
"(0.9326599326599326, 1.0)",1,99.69830440562149,15253
"(0.9665831244778612, 1.0)",1,99.69829096401624,15254
"(0.7656073923822403, 1.0)",2,99.69826732504217,15256
"(0.8468951683237397, 1.0)",1,99.6982602405444,15257
"(0.8329156223893065, 1.0)",1,99.69824911455208,15258
"(0.9166145507608924, 1.0)",1,99.69820721284135,15259
"(0.9665831244778612, 1.0)",1,99.69817459046344,15260
"(0.8329156223893065, 1.0)",2,99.69816557236328,15262
"(0.9299160159815896, 1.0)",1,99.69816472488378,15263
"(0.7675138481590094, 1.0)",1,99.69814578188333,15264
"(0.9326599326599326, 1.0)",1,99.69806115589172,15265
"(0.8316498316498316, 1.0)",1,99.69804502538776,15266
"(0.8491918316699293, 1.0)",1,99.69801932676424,15267
"(0.8491918316699293, 1.0)",1,99.69800669203806,15268
"(0.8247905643738976, 1.0)",2,99.6979659253865,15270
"(0.9192093318943212, 1.0)",1,99.69789347338344,15271
"(0.9833229101521784, 1.0)",1,99.69784734354695,15272
"(0.9153439153439156, 1.0)",2,99.69784734354695,15274
"(0.9833229101521784, 1.0)",1,99.69784254256656,15275
"(0.8796475392220073, 1.0)",1,99.6978292226155,15276
"(0.8101143854687974, 1.0)",1,99.69781900802909,15277
"(0.7532376017916352, 1.0)",1,99.69780109385512,15278
"(0.9833229101521784, 1.0)",1,99.69775603638338,15279
"(0.9833229101521784, 1.0)",1,99.69775603638335,15280
"(1.0, 1.0)",2,99.6977291714134,15282
"(0.8814814814814814, 1.0)",1,99.6977192258919,15283
"(0.8316498316498316, 1.0)",1,99.6977038555986,15284
"(0.9326599326599326, 1.0)",1,99.69764463602718,15285
"(0.9166145507608924, 1.0)",1,99.69761420742702,15286
"(0.8811945374355704, 1.0)",1,99.69757836312172,15287
"(0.8976982097186702, 1.0)",1,99.6975731315448,15288
"(1.0, 1.0)",1,99.6975731315448,15289
"(0.8832603710652491, 1.0)",1,99.6975731315448,15290
"(0.9, 1.0)",1,99.69757297480524,15291
"(0.7643097643097643, 1.0)",1,99.69754913227314,15292
"(0.8651903651903651, 1.0)",1,99.69753618732632,15293
"(0.8976982097186702, 1.0)",1,99.69753128208065,15294
"(0.9833229101521784, 1.0)",1,99.69745539583792,15295
"(0.9, 1.0)",1,99.69744758315224,15296
"(0.9161952650324744, 1.0)",1,99.69742774080476,15297
"(0.9499687304565352, 1.0)",1,99.69742263156895,15298
"(0.8814814814814814, 1.0)",1,99.69740178520668,15299
"(0.8651903651903651, 1.0)",1,99.69737182895078,15300
"(0.8997493734335841, 1.0)",1,99.69734319460112,15301
"(0.8976982097186702, 1.0)",1,99.69732857032464,15302
"(1.0, 1.0)",1,99.6972978596077,15303
"(0.816195709052852, 1.0)",1,99.6972168289237,15304
"(0.8229870141950848, 1.0)",1,99.69720354973006,15305
"(0.8676532769556025, 1.0)",1,99.69719432751228,15306
"(0.9153439153439156, 1.0)",1,99.69718926804488,15307
"(0.8651903651903651, 1.0)",1,99.69716967765748,15308
"(0.8653198653198653, 1.0)",1,99.69715293977168,15309
"(0.8814814814814814, 1.0)",1,99.69715021376962,15310
"(0.9331662489557224, 1.0)",1,99.69713347262828,15311
"(0.8814814814814814, 1.0)",1,99.6971301507887,15312
"(0.9166145507608924, 1.0)",1,99.69712699108914,15313
"(0.9497171590194848, 1.0)",2,99.69708552475228,15315
"(0.9326599326599326, 1.0)",1,99.69706986426692,15316
"(0.8294970161977834, 1.0)",1,99.69693243729174,15317
"(0.8137865219658889, 1.0)",1,99.69692150137814,15318
"(0.9003556829643787, 1.0)",1,99.69689816075316,15319
"(0.9580331374974232, 1.0)",1,99.6968838331232,15320
"(0.861111111111111, 1.0)",1,99.6968704367962,15321
"(0.9331662489557224, 1.0)",1,99.69685880555164,15322
"(1.0, 1.0)",4,99.69684756084231,15326
"(0.8976982097186702, 1.0)",4,99.69683957855284,15330
"(0.7802197802197803, 1.0)",1,99.69683433098068,15331
"(0.9499687304565352, 1.0)",1,99.69683433098066,15332
"(0.7802197802197803, 1.0)",1,99.69683433098066,15333
"(0.9166145507608924, 1.0)",1,99.69683433098066,15334
"(0.8137566137566138, 1.0)",1,99.6968288973424,15335
"(0.9326599326599326, 1.0)",2,99.69681478518687,15337
"(0.8468951683237397, 1.0)",1,99.69680135969335,15338
"(0.8976982097186702, 1.0)",1,99.6967923028391,15339
"(0.8976982097186702, 1.0)",2,99.6967871977939,15341
"(0.7802197802197803, 1.0)",1,99.69677163515418,15342
"(0.8635976129582268, 1.0)",2,99.69676401865352,15344
"(0.9326599326599326, 1.0)",1,99.6967378780707,15345
"(0.7802197802197803, 1.0)",1,99.69670893932768,15346
"(1.0, 1.0)",2,99.69670893932768,15348
"(0.9153439153439152, 1.0)",1,99.69668109668108,15349
"(0.8468951683237397, 1.0)",1,99.69667596804037,15350
"(0.9506533178503804, 1.0)",1,99.69666677316616,15351
"(0.8976982097186702, 1.0)",2,99.69664993549966,15353
"(0.8976982097186702, 1.0)",1,99.6966480026948,15354
"(0.7979797979797979, 1.0)",3,99.69664662347589,15357
"(0.8137566137566138, 1.0)",1,99.69664002173182,15358
"(0.8976982097186702, 1.0)",1,99.69656736224636,15359
"(0.9442283950617284, 1.0)",1,99.69654065067311,15360
"(0.7802197802197803, 1.0)",1,99.69652006371712,15361
"(0.9665831244778612, 1.0)",1,99.69652006371712,15362
"(0.9833229101521784, 1.0)",1,99.6964638348964,15363
"(0.8814814814814814, 1.0)",1,99.69644859047492,15364
"(0.8880984643179766, 1.0)",1,99.6964430620096,15365
"(0.8137566137566138, 1.0)",2,99.69642998480208,15367
"(0.9545293471488726, 1.0)",1,99.69641926439544,15368
"(0.7802197802197803, 1.0)",2,99.69641504525224,15370
"(0.916104916104916, 1.0)",1,99.6963246963247,15371
"(0.933249791144528, 1.0)",2,99.69631638973048,15373
"(0.8976982097186702, 1.0)",1,99.69630971564725,15374
"(0.7802197802197803, 1.0)",1,99.69629297195944,15375
"(0.8468951683237397, 1.0)",1,99.69626000067213,15376
"(0.8814814814814814, 1.0)",2,99.6962532230825,15378
"(0.8633762288330498, 1.0)",1,99.69624096553991,15379
"(1.0, 1.0)",1,99.69623980030134,15380
"(0.7295469912102772, 1.0)",1,99.69621365787694,15381
"(0.9833229101521784, 1.0)",1,99.6962026230319,15382
"(0.9326599326599326, 1.0)",3,99.6962026230319,15385
"(0.8165520116739629, 1.0)",2,99.69619955089595,15387
"(0.8468951683237397, 1.0)",1,99.6961278022804,15388
"(0.8294970161977834, 1.0)",1,99.6960802974152,15389
"(0.8796475392220073, 1.0)",1,99.69607415924298,15390
"(0.8635976129582268, 1.0)",1,99.69607200016884,15391
"(0.8349489264123411, 1.0)",1,99.69606003752344,15392
"(0.8229870141950848, 1.0)",1,99.69601061723432,15393
"(0.8229870141950848, 1.0)",1,99.6959776346857,15394
"(0.8796475392220073, 1.0)",1,99.69594876758998,15395
"(0.9166145507608924, 1.0)",1,99.69594797945892,15396
"(0.9153439153439152, 1.0)",1,99.69591787100498,15397
"(0.9153439153439152, 1.0)",1,99.69589363358055,15398
"(0.8796475392220073, 1.0)",2,99.6958860717635,15400
"(0.8796475392220073, 1.0)",1,99.69586428053054,15401
"(0.8811945374355704, 1.0)",1,99.69585462892492,15402
"(0.9441792447111594, 1.0)",4,99.69584982091544,15406
"(0.8294970161977834, 1.0)",1,99.69580399832026,15407
"(0.7647742788871822, 1.0)",2,99.6957612848831,15409
"(0.8796475392220073, 1.0)",1,99.69575989197943,15410
"(0.7979797979797979, 1.0)",4,99.69567800769846,15414
"(0.9331662489557224, 1.0)",1,99.69566885030804,15415
"(0.9833229101521784, 1.0)",2,99.69566825876475,15417
"(0.8615866942983156, 1.0)",1,99.69564708933432,15418
"(0.8845578466141503, 1.0)",1,99.6956376881818,15419
"(0.8796475392220073, 1.0)",1,99.69563371219536,15420
"(0.8476190476190477, 1.0)",3,99.6956228956229,15423
"(0.8635976129582268, 1.0)",1,99.69557692542534,15424
"(0.7802197802197803, 1.0)",7,99.69556369556368,15431
"(0.9153439153439152, 1.0)",1,99.69556369556368,15432
"(0.9161952650324744, 1.0)",1,99.6955286937305,15433
"(0.8124563928135357, 1.0)",1,99.6955286763993,15434
"(0.9499687304565352, 1.0)",1,99.69550729791511,15435
"(0.8796475392220073, 1.0)",1,99.6955051471207,15436
"(0.7121693121693121, 1.0)",11,99.69549222232148,15447
"(0.8468951683237397, 1.0)",1,99.69546802844988,15448
"(0.9833229101521784, 1.0)",1,99.69542658972506,15449
"(0.8976982097186702, 1.0)",1,99.695419216742,15450
"(0.9497171590194848, 1.0)",1,99.69533424946415,15451
"(1.0, 1.0)",1,99.6953338803504,15452
"(0.8976982097186702, 1.0)",1,99.69527118452392,15453
"(0.844988344988345, 1.0)",1,99.69526485648824,15454
"(0.9326599326599326, 1.0)",1,99.69525357568364,15455
"(0.8137566137566138, 1.0)",1,99.6952380952381,15456
"(0.7786375661375661, 1.0)",1,99.6952224059037,15457
"(0.8633762288330498, 1.0)",1,99.6951525125304,15458
"(0.9161952650324744, 1.0)",1,99.69514855721876,15459
"(0.8247905643738976, 1.0)",1,99.695030581745,15460
"(0.8796475392220073, 1.0)",1,99.6949977731769,15461
"(0.9153439153439152, 1.0)",2,99.69496916488436,15463
"(0.8814814814814814, 1.0)",1,99.69495977428308,15464
"(0.8452611218568665, 1.0)",1,99.69491652992048,15465
"(0.8295839885326742, 1.0)",2,99.69490705751429,15467
"(0.844988344988345, 1.0)",1,99.69489453635796,15468
"(0.9333333333333332, 1.0)",1,99.69489216079326,15469
"(0.8796475392220073, 1.0)",1,99.69487086959296,15470
"(0.8229870141950848, 1.0)",1,99.69486249555774,15471
"(0.844988344988345, 1.0)",1,99.69483184053146,15472
"(0.8615866942983156, 1.0)",1,99.6948157958201,15473
"(0.8976982097186702, 1.0)",2,99.6947925213292,15475
"(0.9331094582012576, 1.0)",1,99.69471291133986,15476
"(0.9167853751187084, 1.0)",1,99.69470602739965,15477
"(0.859499940327008, 1.0)",1,99.69469477072278,15478
"(0.930704099821747, 1.0)",1,99.69469322434009,15479
"(0.8796475392220073, 1.0)",1,99.69467143896992,15480
"(0.9167853751187084, 1.0)",1,99.6946153332578,15481
"(0.9299160159815896, 1.0)",1,99.6946048919382,15482
"(0.8635976129582268, 1.0)",1,99.6945874632856,15483
"(0.8976982097186702, 1.0)",1,99.69456210849894,15484
"(0.8053381731676306, 1.0)",2,99.6945460802929,15486
"(0.7612958226768967, 1.0)",1,99.69453519064028,15487
"(0.9665831244778612, 1.0)",2,99.69453271662888,15489
"(0.8635976129582268, 1.0)",1,99.69452476745911,15490
"(1.0, 1.0)",1,99.69450122231537,15491
"(0.8468951683237397, 1.0)",1,99.69449941267246,15492
"(0.9580331374974232, 1.0)",1,99.69448615304708,15493
"(0.7612958226768967, 1.0)",1,99.6944620716326,15494
"(0.9665831244778612, 1.0)",1,99.69444544583612,15495
"(0.8615866942983156, 1.0)",1,99.694417356454,15496
"(0.9665831244778612, 1.0)",3,99.69440732497588,15499
"(0.7612958226768967, 1.0)",1,99.69440528087816,15500
"(0.898989898989899, 1.0)",3,99.69438631842723,15503
"(0.8471527473990528, 1.0)",1,99.69433359810424,15504
"(0.7944219523166891, 1.0)",1,99.69429671740326,15505
"(0.9299507899507898, 1.0)",2,99.69428886149748,15507
"(0.8976982097186702, 1.0)",1,99.69425681829772,15508
"(0.8645971914264597, 1.0)",1,99.69423430746733,15509
"(0.7944219523166891, 1.0)",1,99.69423402157676,15510
"(0.9437903841498612, 1.0)",1,99.69422769515424,15511
"(1.0, 1.0)",1,99.69422524416106,15512
"(0.9166145507608924, 1.0)",1,99.69421482097992,15513
"(0.9165164082221422, 1.0)",1,99.69417345943982,15514
"(0.7944219523166891, 1.0)",1,99.69411826497388,15515
"(0.7637048646619141, 1.0)",2,99.69410060115412,15517
"(0.859499940327008, 1.0)",1,99.69409141997464,15518
"(0.8663324979114452, 1.0)",2,99.69408942932692,15520
"(0.944073617452092, 1.0)",1,99.69405382027531,15521
"(0.9027777777777778, 1.0)",1,99.69403701349388,15522
"(0.8613656783468103, 1.0)",1,99.69402935847148,15523
"(0.8329156223893065, 1.0)",3,99.69402673350042,15526
"(0.9153439153439152, 1.0)",1,99.69398915023018,15527
"(0.8053381731676306, 1.0)",1,99.69398664854528,15528
"(0.8796475392220073, 1.0)",2,99.69396029970156,15530
"(0.7632275132275131, 1.0)",1,99.69394782368114,15531
"(0.8732774170274171, 1.0)",1,99.69391334959798,15532
"(0.7961989230281913, 1.0)",2,99.69389713274686,15534
"(0.9161952650324744, 1.0)",2,99.69385823107798,15536
"(0.8796475392220073, 1.0)",1,99.6938349080486,15537
"(0.8976982097186702, 1.0)",1,99.6938349080486,15538
"(0.9441792447111594, 1.0)",2,99.6938289409327,15540
"(0.7632275132275131, 1.0)",1,99.6938281964938,15541
"(0.9161379295307868, 1.0)",1,99.69379433833618,15542
"(0.9326599326599326, 1.0)",1,99.69378895336342,15543
"(0.7632275132275131, 1.0)",1,99.69378263839728,15544
"(0.861111111111111, 1.0)",1,99.6937743739323,15545
"(0.7944219523166891, 1.0)",1,99.6937485516433,15546
"(0.9326599326599326, 1.0)",2,99.69372935104644,15548
"(0.9299160159815896, 1.0)",1,99.69365646349551,15549
"(0.9299507899507898, 1.0)",1,99.69364448813428,15550
"(0.8329050741331443, 1.0)",1,99.6936163010271,15551
"(0.7435897435897435, 1.0)",1,99.6935793204086,15552
"(0.9499687304565352, 1.0)",1,99.69345693324706,15553
"(0.859499940327008, 1.0)",1,99.69343401398852,15554
"(0.9161379295307868, 1.0)",1,99.6934250874437,15555
"(0.7601164382773579, 1.0)",1,99.69340807888608,15556
"(0.8137566137566138, 1.0)",1,99.69340415297862,15557
"(0.9583930063253372, 1.0)",1,99.69340228689066,15558
"(0.944563492063492, 1.0)",1,99.69338694106798,15559
"(0.8533622685185187, 1.0)",2,99.69336006195064,15561
"(0.9153439153439152, 1.0)",1,99.69332477703838,15562
"(0.861111111111111, 1.0)",2,99.69326315058022,15564
"(0.7906452533041516, 1.0)",1,99.6932126692596,15565
"(0.8732774170274171, 1.0)",1,99.69321264311628,15566
"(0.8615866942983156, 1.0)",1,99.69316212215102,15567
"(0.9497171590194848, 1.0)",1,99.69315650744902,15568
"(0.7903875985986362, 1.0)",1,99.69314263907005,15569
"(0.8976982097186702, 1.0)",1,99.693094629156,15570
"(0.7944219523166891, 1.0)",1,99.6930887778128,15571
"(0.8040695048423352, 1.0)",2,99.69308360100769,15573
"(0.7097211628104076, 1.0)",1,99.69304407296258,15574
"(0.9158007932517735, 1.0)",2,99.69302880659414,15576
"(0.861111111111111, 1.0)",1,99.69301410090884,15577
"(0.8319340617212959, 1.0)",1,99.69301176178917,15578
"(0.9027777777777778, 1.0)",1,99.6929685549664,15579
"(0.7903875985986362, 1.0)",1,99.69295501455407,15580
"(0.8814814814814814, 1.0)",3,99.69294846977776,15583
"(0.859499940327008, 1.0)",2,99.69289507091275,15585
"(1.0, 1.0)",1,99.69286826675636,15586
"(0.776488287126585, 1.0)",1,99.69285126645042,15587
"(0.901575014782562, 1.0)",1,99.69282811074936,15588
"(0.8329050741331443, 1.0)",1,99.69282426187932,15589
"(0.8329050741331443, 1.0)",1,99.69282357602611,15590
"(0.8040695048423352, 1.0)",1,99.69278700988518,15591
"(0.8732774170274171, 1.0)",1,99.69278594067008,15592
"(0.9326599326599326, 1.0)",1,99.69277637093728,15593
"(0.8976982097186702, 1.0)",1,99.69274330798956,15594
"(0.9167853751187084, 1.0)",1,99.69273595516415,15595
"(0.826388888888889, 1.0)",1,99.69272729187236,15596
"(0.776488287126585, 1.0)",2,99.69268355215904,15598
"(0.7344692811916678, 1.0)",1,99.69268259913244,15599
"(0.8813080639167598, 1.0)",1,99.69264310530689,15600
"(0.8703703703703703, 1.0)",2,99.6925925925926,15602
"(0.9295946890286512, 1.0)",2,99.69255713009032,15604
"(0.8613656783468103, 1.0)",1,99.69255572723536,15605
"(0.933249791144528, 1.0)",1,99.69254486958854,15606
"(0.9008627640703112, 1.0)",1,99.69252363263936,15607
"(0.8976982097186702, 1.0)",1,99.69248810816713,15608
"(0.8319340617212959, 1.0)",1,99.69247051228513,15609
"(0.8796475392220073, 1.0)",1,99.69246132739974,15610
"(0.7090909090909091, 1.0)",8,99.69241381924309,15618
"(0.9833229101521784, 1.0)",3,99.69241381924309,15621
"(0.8814814814814814, 1.0)",1,99.69230975161209,15622
"(0.8976982097186702, 1.0)",1,99.69229346543446,15623
"(0.8329050741331443, 1.0)",1,99.69222924897012,15624
"(0.9442283950617284, 1.0)",1,99.69219066584424,15625
"(0.8884778134778135, 1.0)",1,99.692155648818,15626
"(0.8068904981347378, 1.0)",1,99.6921542507312,15627
"(0.861111111111111, 1.0)",1,99.69214265416312,15628
"(0.861111111111111, 1.0)",1,99.69214011158812,15629
"(0.8736897274633123, 1.0)",1,99.69208718434103,15630
"(0.8068904981347378, 1.0)",1,99.69208220079564,15631
"(0.7421018697614443, 1.0)",1,99.692070600218,15632
"(0.8300265307680562, 1.0)",1,99.6920437533116,15633
"(0.9665831244778612, 1.0)",1,99.69197556978553,15634
"(0.9008627640703112, 1.0)",1,99.69196467061968,15635
"(0.8420013166556946, 1.0)",1,99.69190750802532,15636
"(0.9, 1.0)",1,99.69190735128574,15637
"(0.8420013166556947, 1.0)",1,99.69187772750772,15638
"(0.8997493734335841, 1.0)",1,99.69186951351074,15639
"(0.8547756205106323, 1.0)",1,99.69186726922857,15640
"(0.8420013166556946, 1.0)",1,99.69186565856111,15641
"(0.861111111111111, 1.0)",1,99.69184939000144,15642
"(0.9499687304565352, 1.0)",1,99.6918448121988,15643
"(0.7421018697614443, 1.0)",1,99.69181902878093,15644
"(0.8420013166556946, 1.0)",2,99.69178211637232,15646
"(0.808446455505279, 1.0)",1,99.69170682657054,15647
"(0.8420013166556946, 1.0)",1,99.69165672471932,15648
"(0.7083333333333334, 1.0)",10,99.69165624348553,15658
"(0.9166145507608924, 1.0)",1,99.69165593658823,15659
"(0.9192093318943212, 1.0)",1,99.69165215977888,15660
"(0.7916666666666666, 1.0)",2,99.69164582030436,15662
"(0.808446455505279, 1.0)",1,99.69164413074404,15663
"(0.9158007932517735, 1.0)",1,99.69164307309964,15664
"(0.7916666666666666, 1.0)",1,99.69160412757974,15665
"(0.7416325017951034, 1.0)",1,99.69160123225164,15666
"(0.7416325017951034, 1.0)",3,99.69153853642514,15669
"(0.9666666666666668, 1.0)",1,99.6915343915344,15670
"(0.8997493734335841, 1.0)",1,99.69151873909104,15671
"(0.808446455505279, 1.0)",1,99.69151873909104,15672
"(0.9167853751187084, 1.0)",2,99.69151398710224,15674
"(0.861111111111111, 1.0)",2,99.69146925348971,15676
"(0.8165509259259259, 1.0)",2,99.69144057795404,15678
"(0.9192093318943212, 1.0)",2,99.69143938243616,15680
"(0.9018806250259218, 1.0)",2,99.69141807514802,15682
"(0.808446455505279, 1.0)",1,99.691392559307,15683
"(0.8872426490351017, 1.0)",1,99.6913788326698,15684
"(0.9009287520039462, 1.0)",1,99.69137399847284,15685
"(0.7416325017951034, 1.0)",1,99.69134966081458,15686
"(0.9146901709401708, 1.0)",1,99.6913208902928,15687
"(0.80285509389987, 1.0)",1,99.69130689528396,15688
"(0.8635976129582268, 1.0)",1,99.69125797003036,15689
"(0.9441792447111594, 1.0)",1,99.69115536798914,15690
"(0.8491514770584537, 1.0)",1,99.69115279371417,15691
"(1.0, 1.0)",1,99.69115279371417,15692
"(0.9333333333333332, 1.0)",2,99.69107849988352,15694
"(0.8068904981347378, 1.0)",1,99.69106558230982,15695
"(0.7077308656256025, 1.0)",3,99.6910537757778,15698
"(0.9499687304565352, 1.0)",1,99.69103680715892,15699
"(0.8040695048423352, 1.0)",2,99.6910216799994,15701
"(0.757745166550198, 1.0)",1,99.69100389185,15702
"(0.757745166550198, 1.0)",2,99.69097411133242,15704
"(0.9833229101521784, 1.0)",1,99.69097411133242,15705
"(0.757745166550198, 1.0)",1,99.69091141550592,15706
"(0.8068904981347378, 1.0)",1,99.69089538213962,15707
"(0.6908541194255481, 1.0)",1,99.69085411942557,15708
"(0.757745166550198, 1.0)",2,99.69084202647632,15710
"(0.7075023741690408, 1.0)",7,99.69082528432122,15717
"(0.9009287520039462, 1.0)",1,99.69081834480782,15718
"(0.8319340617212959, 1.0)",2,99.69079803673088,15720
"(0.9497171590194848, 1.0)",1,99.69078523572186,15721
"(0.9833229101521784, 1.0)",1,99.69078523572186,15722
"(0.9833229101521784, 1.0)",1,99.69076775014614,15723
"(0.746304385688563, 1.0)",2,99.690748830133,15725
"(0.8796475392220073, 1.0)",2,99.69072738078964,15727
"(0.861111111111111, 1.0)",1,99.69072738078964,15728
"(0.808446455505279, 1.0)",1,99.69069082612174,15729
"(0.901575014782562, 1.0)",1,99.69067481030764,15730
"(0.861111111111111, 1.0)",1,99.69066468496317,15731
"(0.9833229101521784, 1.0)",1,99.69066468496317,15732
"(0.8420013166556946, 1.0)",2,99.69064409212774,15734
"(0.808446455505279, 1.0)",1,99.69062976451788,15735
"(0.9497171590194848, 1.0)",1,99.6906213317762,15736
"(0.9153439153439156, 1.0)",1,99.69060395729942,15737
"(0.80285509389987, 1.0)",1,99.6905919618924,15738
"(0.9153439153439156, 1.0)",1,99.69057417678184,15739
"(0.8420013166556946, 1.0)",2,99.69057417678184,15741
"(0.808446455505279, 1.0)",1,99.69056569128306,15742
"(0.8420013166556946, 1.0)",1,99.69051148095534,15743
"(0.8796475392220073, 1.0)",1,99.69049837530028,15744
"(0.8796475392220073, 1.0)",2,99.6904758093526,15746
"(0.8432903075760217, 1.0)",1,99.69044408899282,15747
"(0.808446455505279, 1.0)",1,99.69043619115357,15748
"(0.9326599326599326, 1.0)",3,99.69040509921012,15751
"(0.757745166550198, 1.0)",10,99.69040509921012,15761
"(0.8420013166556947, 1.0)",1,99.69038530117128,15762
"(0.9833229101521784, 1.0)",1,99.69038530117128,15763
"(0.901575014782562, 1.0)",1,99.69037799447533,15764
"(0.8449978636391381, 1.0)",1,99.69036935105636,15765
"(0.7069597069597069, 1.0)",21,99.69028261711188,15786
"(0.7069597069597069, 1.0)",2,99.69028261711188,15788
"(0.8151249335459861, 1.0)",1,99.69017386627812,15789
"(0.9158007932517735, 1.0)",2,99.69009955413792,15791
"(0.7734344933751168, 1.0)",2,99.690049044136,15793
"(0.934122934122934, 1.0)",1,99.69002608304204,15794
"(0.8420013166556946, 1.0)",1,99.69000516465954,15795
"(0.7734344933751168, 1.0)",1,99.68998634830952,15796
"(0.8151249335459861, 1.0)",1,99.6899623406197,15797
"(0.9305983472650138, 1.0)",1,99.68990570815592,15798
"(0.8068904981347378, 1.0)",1,99.68987457010503,15799
"(0.8432903075760217, 1.0)",1,99.68984447952364,15800
"(0.8811945374355704, 1.0)",10,99.68984167439562,15810
"(0.8420013166556946, 1.0)",1,99.6896682568309,15811
"(0.8476190476190477, 1.0)",2,99.68962036427476,15813
"(0.8068904981347378, 1.0)",2,99.6895638691802,15815
"(1.0, 1.0)",1,99.68955730476912,15816
"(0.9833229101521784, 1.0)",1,99.68949460894262,15817
"(0.808446455505279, 1.0)",1,99.68946757537611,15818
"(0.8976982097186702, 1.0)",2,99.68946757537611,15820
"(0.8425483191745751, 1.0)",1,99.68944107584528,15821
"(0.8976982097186702, 1.0)",1,99.68941668539384,15822
"(0.8420013166556946, 1.0)",1,99.68941668539384,15823
"(0.9303715638302106, 1.0)",1,99.68938658685428,15824
"(0.7916666666666666, 1.0)",2,99.68936487638534,15826
"(0.8635976129582268, 1.0)",1,99.68924889366458,15827
"(0.8848000715856217, 1.0)",1,99.68921594374,15828
"(0.9442283950617284, 1.0)",1,99.68920959603052,15829
"(0.861111111111111, 1.0)",1,99.6891408193951,15830
"(0.8635976129582268, 1.0)",1,99.6889218397661,15831
"(0.8547756205106323, 1.0)",1,99.68891515393742,15832
"(0.8420013166556947, 1.0)",1,99.68889648497944,15833
"(0.8468951683237397, 1.0)",1,99.68889648497944,15834
"(0.8222222222222222, 1.0)",1,99.68884719616426,15835
"(0.8222222222222222, 1.0)",1,99.68880550343964,15836
"(0.861111111111111, 1.0)",1,99.68880534670008,15837
"(0.7734344933751168, 1.0)",1,99.68877840871905,15838
"(0.9499687304565352, 1.0)",1,99.68871796043383,15839
"(0.8633762288330498, 1.0)",1,99.68870045564093,15840
"(0.9331662489557224, 1.0)",1,99.68868011178664,15841
"(0.8266173510466989, 1.0)",1,99.68866039984448,15842
"(0.8222222222222222, 1.0)",1,99.68861072275706,15843
"(0.8222222222222222, 1.0)",1,99.6885292043447,15844
"(0.8222222222222222, 1.0)",1,99.6884912361761,15845
"(1.0, 1.0)",1,99.6884285403496,15846
"(0.8222222222222222, 1.0)",2,99.68838621771124,15848
"(0.9666562434855118, 1.0)",2,99.68831566343265,15850
"(0.8222222222222222, 1.0)",1,99.68826414441844,15851
"(0.9506533178503804, 1.0)",1,99.68821945541652,15852
"(0.882673371045464, 1.0)",1,99.68821850341986,15853
"(0.9666666666666668, 1.0)",2,99.6881946418532,15855
"(0.9303715638302106, 1.0)",1,99.6881915379623,15856
"(0.8997493734335841, 1.0)",1,99.68805719187051,15857
"(0.9665831244778612, 1.0)",1,99.68804840383788,15858
"(0.7880931329207191, 1.0)",2,99.6880305938338,15860
"(0.9665831244778612, 1.0)",1,99.68800127272527,15861
"(0.9326599326599326, 1.0)",2,99.6879916130834,15863
"(0.7880931329207191, 1.0)",1,99.68796789800729,15864
"(0.7880931329207191, 1.0)",1,99.6879260485431,15865
"(0.9497171590194846, 1.0)",2,99.68792415411082,15867
"(0.9497171590194846, 1.0)",1,99.68786132225075,15868
"(0.7880931329207191, 1.0)",1,99.68777902239674,15869
"(0.7294281157362763, 1.0)",1,99.68776758514686,15870
"(0.7880931329207191, 1.0)",1,99.68771632657024,15871
"(0.9497171590194848, 1.0)",1,99.68770733173366,15872
"(0.8653198653198653, 1.0)",1,99.68754208754208,15873
"(0.8222222222222222, 1.0)",3,99.68753486802268,15876
"(0.9167853751187084, 1.0)",1,99.68751938601562,15877
"(0.8533622685185187, 1.0)",1,99.68750200630456,15878
"(0.8222222222222222, 1.0)",1,99.68750195271376,15879
"(0.8222222222222222, 1.0)",3,99.68747217219618,15882
"(0.8579868984630887, 1.0)",2,99.68743851896734,15884
"(0.8068904981347378, 1.0)",1,99.68742146338973,15885
"(0.8651903651903651, 1.0)",1,99.68741258741258,15886
"(0.7880931329207191, 1.0)",1,99.68739888588502,15887
"(0.8374727668845315, 1.0)",2,99.68733710878996,15889
"(1.0, 1.0)",2,99.68728329658562,15891
"(0.7204751921733054, 1.0)",5,99.68714185883996,15896
"(0.7204751921733054, 1.0)",2,99.68712101247766,15898
"(0.7204751921733054, 1.0)",1,99.68705831665116,15899
"(0.8372053872053872, 1.0)",1,99.686986186922,15900
"(0.8047508047508047, 1.0)",1,99.68697296380223,15901
"(0.8976982097186702, 1.0)",1,99.68694999548612,15902
"(0.9300671002153482, 1.0)",2,99.68692162659296,15904
"(0.8615866942983156, 1.0)",1,99.6869109211062,15905
"(0.73687720936437, 1.0)",1,99.68686678618322,15906
"(0.8016677935542034, 1.0)",1,99.6868594962151,15907
"(0.8222222222222222, 1.0)",1,99.68685319629115,15908
"(0.73687720936437, 1.0)",1,99.6868459398209,15909
"(0.73687720936437, 1.0)",1,99.6867832439944,15910
"(0.8811945374355704, 1.0)",1,99.68673966980997,15911
"(0.8222222222222222, 1.0)",1,99.68673966980997,15912
"(0.917469251615593, 1.0)",1,99.68672407998372,15913
"(0.7734344933751168, 1.0)",1,99.68668661592956,15914
"(0.7362637362637362, 1.0)",6,99.68661961344888,15920
"(0.7711781618000022, 1.0)",2,99.6866193230082,15922
"(0.8372053872053872, 1.0)",1,99.68660843570088,15923
"(0.8068904981347378, 1.0)",1,99.68653803735674,15924
"(0.9497171590194848, 1.0)",1,99.68652616046263,15925
"(0.8222222222222222, 1.0)",1,99.68650355641876,15926
"(0.7198480531813864, 1.0)",3,99.68649387348574,15929
"(0.8420013166556947, 1.0)",1,99.686435337919,15930
"(0.861111111111111, 1.0)",1,99.686435337919,15931
"(0.8420013166556946, 1.0)",1,99.686435337919,15932
"(0.7198480531813864, 1.0)",4,99.68643117765924,15936
"(0.7030539311241066, 1.0)",4,99.68637684127629,15940
"(0.7362637362637362, 1.0)",1,99.68623246672028,15941
"(0.9, 1.0)",1,99.68616134912222,15942
"(0.9833229101521784, 1.0)",1,99.68615405528708,15943
"(0.9720813204508856, 1.0)",1,99.68605034179453,15944
"(0.7277677677677677, 1.0)",1,99.6860109460344,15945
"(0.9666562434855118, 1.0)",1,99.68596601215988,15946
"(0.8976982097186702, 1.0)",1,99.68594333232912,15947
"(0.934122934122934, 1.0)",1,99.68586066625282,15948
"(0.8796475392220073, 1.0)",1,99.6858335291216,15949
"(0.8635976129582268, 1.0)",1,99.68581983518044,15950
"(0.8976982097186702, 1.0)",2,99.6857913426394,15952
"(0.7880931329207191, 1.0)",1,99.6857913426394,15953
"(0.934122934122934, 1.0)",1,99.68569676230716,15954
"(0.8016677935542034, 1.0)",1,99.68569253123748,15955
"(0.917849761232425, 1.0)",1,99.68569213778312,15956
"(0.9833229101521784, 1.0)",1,99.68565205954016,15957
"(0.8633762288330498, 1.0)",4,99.68559845105528,15961
"(0.9833229101521784, 1.0)",1,99.68544618370402,15962
"(0.8222222222222222, 1.0)",1,99.68538037940672,15963
"(0.7687400318979267, 1.0)",3,99.68535458265882,15966
"(0.7687400318979267, 1.0)",2,99.68531273319464,15968
"(0.7687400318979267, 1.0)",1,99.68529188683232,15969
"(1.0, 1.0)",1,99.6852787611363,15970
"(0.8222222222222222, 1.0)",1,99.6851926715964,15971
"(0.9833229101521784, 1.0)",1,99.6851926715964,15972
"(0.8101143854687974, 1.0)",1,99.68508416024612,15973
"(0.8222222222222222, 1.0)",1,99.68487739477696,15974
"(0.8341307814992026, 1.0)",1,99.68485147002475,15975
"(0.8101143854687974, 1.0)",1,99.68484392026866,15976
"(0.808446455505279, 1.0)",1,99.68482933188815,15977
"(0.8016677935542034, 1.0)",1,99.68482361932875,15978
"(0.8425483191745751, 1.0)",1,99.68481989389429,15979
"(0.8016677935542034, 1.0)",1,99.68480277296646,15980
"(0.9333333333333332, 1.0)",2,99.68479349211056,15982
"(0.7870865517924341, 1.0)",1,99.68478476151112,15983
"(0.8016677935542034, 1.0)",2,99.68474007713996,15985
"(0.9833229101521784, 1.0)",1,99.68467909924904,15986
"(0.9497171590194846, 1.0)",1,99.6846138973559,15987
"(0.7675138481590094, 1.0)",2,99.68450267912732,15989
"(0.9161952650324744, 1.0)",1,99.68449631382131,15990
"(0.837707400507675, 1.0)",1,99.68446064726092,15991
"(0.7340930674264007, 1.0)",1,99.68444894461156,15992
"(0.9833229101521784, 1.0)",1,99.68444803810658,15993
"(0.9161952650324744, 1.0)",3,99.68444618306454,15996
"(0.8341307814992026, 1.0)",2,99.68442411959742,15998
"(0.7675138481590094, 1.0)",1,99.68438612488524,15999
"(0.8016677935542034, 1.0)",1,99.68434116459966,16000
"(0.882673371045464, 1.0)",2,99.68434116459966,16002
"(0.9326599326599326, 1.0)",3,99.68429645667068,16005
"(1.0, 1.0)",1,99.68429645667068,16006
"(0.8177442148030384, 1.0)",1,99.68428564655628,16007
"(1.0, 1.0)",1,99.68428068658164,16008
"(0.851037851037851, 1.0)",1,99.68426695255964,16009
"(0.9833229101521784, 1.0)",1,99.68424201107128,16010
"(0.9253213924599162, 1.0)",1,99.68422723596775,16011
"(0.8467532467532467, 1.0)",1,99.68422601363778,16012
"(0.7675138481590094, 1.0)",1,99.68419325484624,16013
"(0.9009534009534008, 1.0)",1,99.68415123293173,16014
"(0.9166145507608924, 1.0)",2,99.68411113027793,16016
"(0.8177442148030384, 1.0)",1,99.68409980002896,16017
"(0.8016677935542034, 1.0)",1,99.68404488523362,16018
"(0.8341307814992026, 1.0)",2,99.6840369728688,16020
"(0.8618871810094527, 1.0)",1,99.68403065523654,16021
"(0.933249791144528, 1.0)",1,99.68401395588606,16022
"(0.8420013166556946, 1.0)",3,99.6840026333114,16025
"(0.8420013166556947, 1.0)",1,99.6840026333114,16026
"(0.7340930674264006, 1.0)",4,99.68399910205645,16030
"(0.7340930674264007, 1.0)",1,99.68399910205645,16031
"(0.8101143854687974, 1.0)",1,99.68395457534612,16032
"(0.812557599070401, 1.0)",2,99.6839227990161,16034
"(0.8016677935542034, 1.0)",2,99.68391216417066,16036
"(1.0, 1.0)",1,99.68390958634862,16037
"(0.9833229101521784, 1.0)",1,99.6839095863486,16038
"(0.8229870141950848, 1.0)",1,99.68390002073367,16039
"(0.917415489944373, 1.0)",1,99.68381084042188,16040
"(0.9497171590194848, 1.0)",3,99.68381022644589,16043
"(0.9497171590194846, 1.0)",3,99.68381022644589,16046
"(0.7340930674264007, 1.0)",1,99.68381022644589,16047
"(0.7340930674264006, 1.0)",1,99.68381022644589,16048
"(0.8349489264123411, 1.0)",1,99.68379890209158,16049
"(0.8342074592074593, 1.0)",1,99.68373668748704,16050
"(0.7675138481590094, 1.0)",1,99.6837315807019,16051
"(0.9009534009534008, 1.0)",1,99.6836692513768,16052
"(0.8016677935542034, 1.0)",1,99.68365752920248,16053
"(0.9153439153439156, 1.0)",1,99.6836079015906,16054
"(0.9833229101521784, 1.0)",1,99.68358539224587,16055
"(0.9340434419381788, 1.0)",1,99.68357361508838,16056
"(1.0, 1.0)",1,99.6835535149427,16057
"(0.7164894725870335, 1.0)",3,99.68352243962,16060
"(0.7530427440018636, 1.0)",1,99.6834868699067,16061
"(0.8697983697983697, 1.0)",1,99.68347942232916,16062
"(0.9666666666666668, 1.0)",1,99.68338940861685,16063
"(0.8845578466141503, 1.0)",1,99.68338448888946,16064
"(0.8222222222222222, 1.0)",6,99.68333333333334,16070
"(0.861111111111111, 1.0)",5,99.68333333333334,16075
"(0.9169719169719168, 1.0)",1,99.68330457162293,16076
"(0.9326599326599326, 1.0)",1,99.68328268328268,16077
"(0.9166145507608924, 1.0)",2,99.68314571607254,16079
"(0.9499687304565352, 1.0)",1,99.6831352928914,16080
"(0.6831352928913905, 1.0)",10,99.6831352928914,16090
"(0.7164894725870335, 1.0)",2,99.6831352928914,16092
"(0.9833229101521784, 1.0)",1,99.68307527486618,16093
"(0.7164894725870335, 1.0)",8,99.68307259706488,16101
"(0.9833229101521784, 1.0)",1,99.68307259706488,16102
"(0.7340930674264007, 1.0)",2,99.68306294322554,16104
"(0.7503607503607503, 1.0)",3,99.68302068302069,16107
"(0.9003556829643787, 1.0)",1,99.68298846437315,16108
"(0.8813080639167598, 1.0)",1,99.68297585747096,16109
"(0.882673371045464, 1.0)",1,99.68296651492292,16110
"(0.9666562434855118, 1.0)",1,99.68293662549118,16111
"(0.8997493734335841, 1.0)",1,99.6828845095854,16112
"(0.8329156223893065, 1.0)",1,99.68288435284585,16113
"(0.8811945374355704, 1.0)",7,99.68286233098978,16120
"(0.934122934122934, 1.0)",1,99.6827954391763,16121
"(0.9499687304565352, 1.0)",1,99.68277996429472,16122
"(0.9833229101521784, 1.0)",1,99.68275832980136,16123
"(0.9666562434855118, 1.0)",1,99.68274487753696,16124
"(0.917415489944373, 1.0)",1,99.6827321441466,16125
"(0.9666562434855118, 1.0)",2,99.682706057156,16127
"(0.8997493734335841, 1.0)",1,99.68269642210592,16128
"(0.7994987468671678, 1.0)",1,99.68269642210592,16129
"(0.9331662489557224, 1.0)",1,99.68269642210592,16130
"(0.8976982097186702, 1.0)",3,99.68268891342504,16133
"(0.9833229101521784, 1.0)",1,99.68268891342504,16134
"(0.8997493734335841, 1.0)",2,99.68263372627942,16136
"(0.8840048840048841, 1.0)",1,99.68261638993346,16137
"(0.8329156223893065, 1.0)",1,99.68257103045292,16138
"(1.0, 1.0)",4,99.68253968253968,16142
"(0.6825396825396824, 1.0)",17,99.68253968253968,16159
"(0.799275702501509, 1.0)",1,99.68253607356677,16160
"(1.0, 1.0)",1,99.68250754649536,16161
"(0.9161952650324744, 1.0)",1,99.68250691658162,16162
"(0.8374727668845315, 1.0)",1,99.68244192175324,16163
"(0.9665831244778612, 1.0)",1,99.6824275696456,16164
"(0.9161952650324744, 1.0)",1,99.68242561534498,16165
"(0.799275702501509, 1.0)",2,99.68241068191377,16167
"(0.9161952650324744, 1.0)",2,99.6824025280305,16169
"(0.8449978636391381, 1.0)",1,99.68240239800392,16170
"(0.9665831244778612, 1.0)",2,99.68238136671133,16172
"(0.8165520116739629, 1.0)",1,99.68237819328962,16173
"(0.8491918316699293, 1.0)",1,99.68235823736522,16174
"(0.9665831244778612, 1.0)",1,99.68231184020658,16175
"(0.799275702501509, 1.0)",1,99.68230534849202,16176
"(0.799275702501509, 1.0)",1,99.682305348492,16177
"(0.9300671002153482, 1.0)",2,99.68227939409432,16179
"(0.9161952650324744, 1.0)",1,99.68227713637752,16180
"(0.816195709052852, 1.0)",1,99.6822693556143,16181
"(0.7155555555555556, 1.0)",1,99.68222222222222,16182
"(0.7155555555555556, 1.0)",9,99.6822013758599,16191
"(0.9506533178503804, 1.0)",1,99.68218188658824,16192
"(0.8997493734335841, 1.0)",1,99.68217211791264,16193
"(0.8329156223893065, 1.0)",2,99.68214825634595,16195
"(0.7155555555555556, 1.0)",2,99.68213868003342,16197
"(0.9665831244778612, 1.0)",1,99.68212979527424,16198
"(0.9333333333333332, 1.0)",1,99.68203564301126,16199
"(0.8976982097186702, 1.0)",2,99.68196777581944,16201
"(0.898989898989899, 1.0)",6,99.68193694766224,16207
"(0.8813080639167598, 1.0)",4,99.68188465851968,16211
"(0.9166145507608924, 1.0)",1,99.68186465747442,16212
"(0.8435740514075887, 1.0)",1,99.68186279940151,16213
"(0.7372334455667788, 1.0)",1,99.68183158977986,16214
"(0.9326599326599326, 1.0)",1,99.68181968181968,16215
"(0.7485857950974231, 1.0)",1,99.68181473987964,16216
"(0.9297812306740878, 1.0)",1,99.68180544056986,16217
"(0.9497171590194846, 1.0)",1,99.68179507808928,16218
"(0.8997493734335841, 1.0)",1,99.68174311748363,16219
"(0.7786375661375661, 1.0)",1,99.68166950216758,16220
"(0.7150639011104126, 1.0)",2,99.68164702558828,16222
"(0.9326599326599326, 1.0)",1,99.68152577992394,16223
"(0.8329156223893065, 1.0)",1,99.68150932887777,16224
"(0.9665831244778612, 1.0)",1,99.68149438758746,16225
"(0.8976982097186702, 1.0)",1,99.68145640643772,16226
"(0.8482801751094435, 1.0)",1,99.68144658080472,16227
"(0.9833229101521784, 1.0)",1,99.68141605639738,16228
"(0.8425483191745751, 1.0)",1,99.681415831075,16229
"(0.8653198653198653, 1.0)",1,99.6813695222508,16230
"(0.9833229101521784, 1.0)",1,99.68136151460033,16231
"(0.8976982097186702, 1.0)",1,99.68136079530233,16232
"(0.8633762288330498, 1.0)",1,99.68135931884665,16233
"(0.8814814814814814, 1.0)",1,99.68135640330765,16234
"(0.8796475392220073, 1.0)",6,99.6813153327762,16240
"(0.7979797979797979, 1.0)",2,99.6812922849508,16242
"(0.7786375661375661, 1.0)",1,99.6812740117582,16243
"(0.9300671002153482, 1.0)",2,99.68126109940746,16245
"(0.8813080639167598, 1.0)",1,99.68125136386006,16246
"(0.8468951683237397, 1.0)",5,99.68124663084788,16251
"(0.8633762288330498, 1.0)",1,99.68124585029702,16252
"(0.9665831244778612, 1.0)",1,99.6811979068002,16253
"(0.9299507899507898, 1.0)",1,99.68111863940126,16254
"(0.8229870141950848, 1.0)",1,99.68111611899651,16255
"(0.9333333333333332, 1.0)",1,99.68110301102826,16256
"(0.9665831244778612, 1.0)",1,99.68110275689224,16257
"(0.868077055383557, 1.0)",1,99.68101623521429,16258
"(0.917415489944373, 1.0)",1,99.68095818031634,16259
"(0.7656073923822403, 1.0)",8,99.68095130772616,16267
"(0.8832603710652491, 1.0)",2,99.680896041697,16269
"(0.944563492063492, 1.0)",1,99.68079069747384,16270
"(0.9499687304565352, 1.0)",1,99.680770650044,16271
"(0.8814814814814814, 1.0)",2,99.68076638808348,16273
"(0.9720813204508856, 1.0)",1,99.68074784496942,16274
"(0.9165164082221422, 1.0)",1,99.68073210520606,16275
"(0.9665831244778612, 1.0)",1,99.6807320389656,16276
"(0.9442283950617284, 1.0)",1,99.68070863482625,16277
"(0.9499687304565352, 1.0)",1,99.6806748059902,16278
"(0.9027777777777778, 1.0)",1,99.6806156575418,16279
"(0.8633762288330498, 1.0)",1,99.68061282790086,16280
"(1.0, 1.0)",2,99.68060846109628,16282
"(0.8653198653198653, 1.0)",1,99.68060535005336,16283
"(0.9153439153439156, 1.0)",1,99.6806006619335,16284
"(0.7802197802197803, 1.0)",1,99.68059025708963,16285
"(0.7802197802197803, 1.0)",1,99.6805845915602,16286
"(0.7632275132275131, 1.0)",1,99.68053063499492,16287
"(0.8976982097186702, 1.0)",1,99.68048929808936,16288
"(0.9833229101521784, 1.0)",1,99.6804685829076,16289
"(0.9300671002153482, 1.0)",1,99.68045697968962,16290
"(0.8796475392220073, 1.0)",1,99.68041670718824,16291
"(0.8887202421952387, 1.0)",1,99.68038589890782,16292
"(0.9165164082221422, 1.0)",1,99.68037062689274,16293
"(0.7306397306397308, 1.0)",1,99.6803568896592,16294
"(0.9331662489557224, 1.0)",1,99.68035136431558,16295
"(0.8976982097186702, 1.0)",1,99.6803302029964,16296
"(0.9295946890286512, 1.0)",1,99.68029620859672,16297
"(0.9161952650324744, 1.0)",1,99.6802886684891,16298
"(0.9166682405676116, 1.0)",1,99.68025912706264,16299
"(0.8137865219658889, 1.0)",2,99.68024441153032,16301
"(0.8796475392220073, 1.0)",1,99.6802251245236,16302
"(0.9153439153439152, 1.0)",1,99.6801543631409,16303
"(0.8613656783468103, 1.0)",1,99.680152682209,16304
"(0.9153439153439156, 1.0)",1,99.68015008457436,16305
"(0.8165520116739629, 1.0)",2,99.6801496246322,16307
"(0.944073617452092, 1.0)",1,99.68013053287812,16308
"(0.8468951683237397, 1.0)",1,99.68012426984552,16309
"(0.7786375661375661, 1.0)",1,99.6801117055009,16310
"(0.9720813204508856, 1.0)",1,99.68008823247744,16311
"(0.7802197802197803, 1.0)",1,99.68003184947986,16312
"(0.7802197802197803, 1.0)",1,99.6799750587254,16313
"(0.7802197802197803, 1.0)",1,99.67996915365336,16314
"(0.8885714285714285, 1.0)",2,99.67994142762,16316
"(0.7802197802197803, 1.0)",2,99.67993693923928,16318
"(0.7632275132275131, 1.0)",1,99.67992380119728,16319
"(0.7802197802197803, 1.0)",1,99.67991267991268,16320
"(0.8329050741331443, 1.0)",1,99.67989926277164,16321
"(0.9583930063253372, 1.0)",2,99.6798992092966,16323
"(0.8796475392220073, 1.0)",1,99.67989753883016,16324
"(0.7802197802197803, 1.0)",2,99.67984297386931,16326
"(0.882673371045464, 1.0)",1,99.67981205107888,16327
"(0.8294970161977834, 1.0)",1,99.679790354296,16328
"(0.9303715638302106, 1.0)",1,99.67977469023766,16329
"(0.7632275132275131, 1.0)",1,99.6797664184882,16330
"(0.9299507899507898, 1.0)",1,99.67971137828174,16331
"(0.8053381731676306, 1.0)",2,99.67969948281554,16333
"(0.9333333333333332, 1.0)",1,99.67967431852404,16334
"(0.9158007932517735, 1.0)",1,99.67967311482587,16335
"(0.7632275132275131, 1.0)",1,99.67966653311576,16336
"(0.9166682405676116, 1.0)",1,99.6796664272876,16337
"(0.9169719169719168, 1.0)",1,99.67964910218444,16338
"(0.916104916104916, 1.0)",1,99.67964760647688,16339
"(0.8885714285714285, 1.0)",1,99.6796366694008,16340
"(0.8976982097186702, 1.0)",1,99.67963262579944,16341
"(0.8137865219658889, 1.0)",1,99.67961270358154,16342
"(0.9165164082221422, 1.0)",1,99.67960146787748,16343
"(0.8137566137566138, 1.0)",1,99.679578688881,16344
"(0.9161379295307868, 1.0)",1,99.679565072587,16345
"(0.9442283950617284, 1.0)",1,99.67955794134524,16346
"(0.8613656783468103, 1.0)",1,99.67954588660729,16347
"(0.8165520116739629, 1.0)",1,99.67952246104817,16348
"(0.8796475392220073, 1.0)",2,99.67952246104817,16350
"(0.9445235834124724, 1.0)",1,99.6794684711064,16351
"(0.9665831244778612, 1.0)",1,99.67946283735758,16352
"(0.8796475392220073, 1.0)",1,99.67945976522164,16353
"(0.898989898989899, 1.0)",1,99.67945832515794,16354
"(0.9497171590194848, 1.0)",2,99.67945216101768,16356
"(0.8697983697983697, 1.0)",1,99.67943103732576,16357
"(0.8976982097186702, 1.0)",1,99.67942595074874,16358
"(0.9331662489557224, 1.0)",1,99.67941791575748,16359
"(0.9162596992611264, 1.0)",1,99.67940513377783,16360
"(0.8294970161977834, 1.0)",2,99.6794032075674,16362
"(0.8796475392220073, 1.0)",1,99.67939706939516,16363
"(0.8476190476190477, 1.0)",1,99.67939253728728,16364
"(0.8796475392220073, 1.0)",1,99.67937606629329,16365
"(0.9166145507608924, 1.0)",1,99.67937383484296,16366
"(0.861111111111111, 1.0)",1,99.67934288294369,16367
"(0.9331662489557224, 1.0)",1,99.67933437356866,16368
"(0.8329050741331443, 1.0)",1,99.67933405514763,16369
"(0.8796475392220073, 1.0)",1,99.6793133704668,16370
"(0.8796475392220073, 1.0)",3,99.67927167774216,16373
"(0.9153439153439152, 1.0)",1,99.67924078115716,16374
"(0.898989898989899, 1.0)",4,99.67920967920968,16378
"(0.9153439153439152, 1.0)",1,99.67920410936205,16379
"(0.8468951683237397, 1.0)",1,99.6791782946332,16380
"(0.8294970161977834, 1.0)",1,99.67915864634722,16381
"(0.7460317460317459, 1.0)",1,99.679141204233,16382
"(0.9167853751187084, 1.0)",1,99.67905890621066,16383
"(0.917469251615593, 1.0)",1,99.67905541454516,16384
"(0.7979797979797979, 1.0)",1,99.67900091785064,16385
"(0.8468951683237397, 1.0)",1,99.67898292724075,16386
"(0.7344692811916678, 1.0)",2,99.67897609203274,16388
"(0.9665831244778612, 1.0)",2,99.67895662234756,16390
"(0.7802197802197803, 1.0)",1,99.67888660571587,16391
"(0.901575014782562, 1.0)",1,99.6788641922701,16392
"(0.9165164082221422, 1.0)",1,99.67886129815884,16393
"(0.9161379295307868, 1.0)",1,99.6788409952384,16394
"(0.7121693121693121, 1.0)",3,99.67881513247367,16397
"(0.8814814814814814, 1.0)",1,99.67880288484967,16398
"(0.7612958226768967, 1.0)",1,99.67876507429249,16399
"(0.859499940327008, 1.0)",2,99.67875305853934,16401
"(0.7121693121693121, 1.0)",3,99.67875243664716,16404
"(1.0, 1.0)",3,99.67873860556789,16407
"(0.6954156954156954, 1.0)",1,99.67873860556789,16408
"(0.8112275321577646, 1.0)",1,99.67866872778671,16409
"(0.8976982097186702, 1.0)",1,99.6786567905026,16410
"(0.844988344988345, 1.0)",1,99.67860459323876,16411
"(0.8976982097186702, 1.0)",2,99.67860451785724,16413
"(0.933249791144528, 1.0)",1,99.67859733219814,16414
"(0.9583930063253372, 1.0)",1,99.67858600598532,16415
"(0.7479743867590829, 1.0)",1,99.67857902959376,16416
"(0.861111111111111, 1.0)",1,99.67857142857144,16417
"(0.8762860082304527, 1.0)",1,99.6785449162758,16418
"(0.8491514770584537, 1.0)",1,99.67851617529996,16419
"(0.9666562434855118, 1.0)",1,99.678501114263,16420
"(0.8963124945246743, 1.0)",1,99.6784981960547,16421
"(0.8976982097186702, 1.0)",1,99.67849352428614,16422
"(0.8840455840455841, 1.0)",1,99.67846753636228,16423
"(0.7060994560994561, 1.0)",1,99.67844919945983,16424
"(0.9326599326599326, 1.0)",1,99.67836819556526,16425
"(0.80285509389987, 1.0)",2,99.67828359600284,16427
"(0.9153439153439152, 1.0)",1,99.67826224881232,16428
"(0.9158007932517735, 1.0)",1,99.67825804779687,16429
"(0.930124456440246, 1.0)",1,99.6782311283815,16430
"(0.9665831244778612, 1.0)",2,99.67818007768317,16432
"(0.8319340617212959, 1.0)",1,99.67817067436764,16433
"(0.8294970161977834, 1.0)",2,99.67815341851272,16435
"(0.859499940327008, 1.0)",1,99.67814972084804,16436
"(0.7119388248146047, 1.0)",2,99.67813480256385,16438
"(0.9583930063253372, 1.0)",1,99.67809283726578,16439
"(0.844988344988345, 1.0)",1,99.67809205485712,16440
"(0.901575014782562, 1.0)",1,99.67802052228012,16441
"(0.9665831244778612, 1.0)",1,99.67796238672732,16442
"(0.8976982097186702, 1.0)",2,99.67791798993844,16444
"(0.7802197802197803, 1.0)",11,99.67791798993844,16455
"(0.9165164082221422, 1.0)",1,99.67790761481145,16456
"(0.8615866942983156, 1.0)",1,99.67788713453524,16457
"(0.8300265307680562, 1.0)",1,99.67788076565236,16458
"(0.7612958226768967, 1.0)",1,99.6778476776113,16459
"(0.8476190476190477, 1.0)",1,99.67783712609496,16460
"(0.9833229101521784, 1.0)",1,99.67781824867384,16461
"(0.9665831244778612, 1.0)",1,99.67777877916944,16462
"(0.8319340617212959, 1.0)",1,99.67773936902388,16463
"(0.9153439153439152, 1.0)",1,99.6776648256114,16464
"(0.7979797979797979, 1.0)",1,99.6776273372018,16465
"(0.9331662489557224, 1.0)",1,99.67762242052112,16466
"(0.7944219523166891, 1.0)",1,99.67761962755544,16467
"(0.844988344988345, 1.0)",1,99.67760658492368,16468
"(0.8796475392220073, 1.0)",1,99.67757387811338,16469
"(0.861111111111111, 1.0)",2,99.6775585774944,16471
"(0.9299507899507898, 1.0)",1,99.67745960800426,16472
"(0.9009287520039462, 1.0)",1,99.67740082798034,16473
"(0.8796475392220073, 1.0)",1,99.67736854624532,16474
"(0.8329156223893065, 1.0)",1,99.6773496436526,16475
"(0.816195709052852, 1.0)",1,99.67730682016396,16476
"(0.9497171590194848, 1.0)",1,99.6773053602919,16477
"(0.7612958226768967, 1.0)",1,99.677278665489,16478
"(0.8976982097186702, 1.0)",4,99.67725331070234,16482
"(0.8796475392220073, 1.0)",1,99.67722051402724,16483
"(0.9833229101521784, 1.0)",1,99.67722051402724,16484
"(0.844988344988345, 1.0)",1,99.67720718876046,16485
"(0.8633762288330498, 1.0)",1,99.67716275079894,16486
"(0.80285509389987, 1.0)",1,99.67715440792232,16487
"(0.9299507899507898, 1.0)",2,99.6771442513461,16489
"(0.9299160159815896, 1.0)",1,99.67709475651456,16490
"(0.859499940327008, 1.0)",1,99.67702170565924,16491
"(0.8976982097186702, 1.0)",1,99.6769689425902,16492
"(0.8432903075760217, 1.0)",2,99.67686511038345,16494
"(1.0, 1.0)",1,99.67678006697965,16495
"(0.8732774170274171, 1.0)",1,99.67676594067916,16496
"(0.8677838677838676, 1.0)",1,99.6767580586424,16497
"(0.9442283950617284, 1.0)",1,99.67675525045708,16498
"(0.746304385688563, 1.0)",1,99.67672714315472,16499
"(0.8137566137566138, 1.0)",1,99.6767270631308,16500
"(0.868077055383557, 1.0)",1,99.6767241923436,16501
"(0.7601164382773579, 1.0)",2,99.67666829321176,16503
"(0.8732774170274171, 1.0)",1,99.67666514041514,16504
"(0.8420013166556946, 1.0)",1,99.67666149651711,16505
"(0.7601164382773579, 1.0)",1,99.67660559738526,16506
"(0.861111111111111, 1.0)",1,99.6766015723012,16507
"(0.8432903075760217, 1.0)",1,99.67657130468235,16508
"(0.7042648709315374, 1.0)",2,99.67654661696328,16510
"(0.8796475392220073, 1.0)",1,99.67654447225053,16511
"(0.746304385688563, 1.0)",1,99.67649526575278,16512
"(0.776488287126585, 1.0)",1,99.67642574803966,16513
"(0.8840048840048841, 1.0)",1,99.67636207784572,16514
"(1.0, 1.0)",2,99.676337011061,16516
"(1.0, 1.0)",1,99.67631695910572,16517
"(0.8814814814814814, 1.0)",1,99.67631158362866,16518
"(0.7435897435897435, 1.0)",1,99.67624967624968,16519
"(0.776488287126585, 1.0)",1,99.67623766056016,16520
"(0.826388888888889, 1.0)",1,99.67613990808792,16521
"(0.826388888888889, 1.0)",1,99.67612783914132,16522
"(0.8310777799491891, 1.0)",1,99.67611573232746,16523
"(0.8976982097186702, 1.0)",2,99.67606621814176,16525
"(1.0, 1.0)",1,99.67601257443675,16526
"(0.8840048840048841, 1.0)",4,99.67597493111712,16530
"(0.9833229101521784, 1.0)",1,99.6759595745607,16531
"(0.8796475392220073, 1.0)",1,99.67590962920492,16532
"(0.9166682405676116, 1.0)",1,99.67590685131542,16533
"(0.917849761232425, 1.0)",2,99.67583972672378,16535
"(0.9331662489557228, 1.0)",1,99.6758381884705,16536
"(0.8976982097186702, 1.0)",1,99.67581101831928,16537
"(0.8552744708994707, 1.0)",1,99.67580844828524,16538
"(0.901575014782562, 1.0)",1,99.67579190674384,16539
"(0.861111111111111, 1.0)",1,99.67576077941932,16540
"(0.9666562434855118, 1.0)",1,99.67574715257642,16541
"(0.7090909090909091, 1.0)",4,99.67573672939528,16545
"(1.0, 1.0)",1,99.67573379991936,16546
"(0.8615866942983156, 1.0)",1,99.67569322245387,16547
"(1.0, 1.0)",1,99.67567403356875,16548
"(0.7090909090909091, 1.0)",2,99.67567403356875,16550
"(0.9665831244778612, 1.0)",1,99.67567403356875,16551
"(0.8796475392220073, 1.0)",1,99.67565805776786,16552
"(0.8151249335459861, 1.0)",1,99.6756234241236,16553
"(0.8452611218568665, 1.0)",1,99.67561926423546,16554
"(0.8732774170274171, 1.0)",1,99.6755675771892,16555
"(0.9153439153439152, 1.0)",1,99.67553839807373,16556
"(0.8068904981347378, 1.0)",1,99.67541446505687,16557
"(0.8697983697983697, 1.0)",1,99.67534350217278,16558
"(0.7421018697614443, 1.0)",1,99.67533081454366,16559
"(0.861111111111111, 1.0)",1,99.67531542531545,16560
"(0.8566900022492128, 1.0)",1,99.67530483556992,16561
"(0.861111111111111, 1.0)",2,99.67529847993768,16563
"(0.9326599326599326, 1.0)",1,99.67527792125613,16564
"(0.9027777777777778, 1.0)",1,99.67522510784616,16565
"(0.826388888888889, 1.0)",1,99.67521801820584,16566
"(0.8420013166556946, 1.0)",1,99.6751885687133,16567
"(0.9499687304565352, 1.0)",1,99.675167722351,16568
"(0.8420013166556946, 1.0)",1,99.67516772235098,16569
"(0.861111111111111, 1.0)",2,99.67512185195112,16571
"(0.808446455505279, 1.0)",1,99.675050583085,16572
"(0.8976982097186702, 1.0)",1,99.67504395865934,16573
"(0.8997493734335841, 1.0)",2,99.675042330698,16575
"(0.7083333333333334, 1.0)",2,99.675,16577
"(1.0, 1.0)",1,99.67497963487148,16578
"(0.7416325017951034, 1.0)",1,99.67492414240382,16579
"(0.8329156223893065, 1.0)",3,99.674916939045,16582
"(0.8476190476190477, 1.0)",1,99.67486772486772,16583
"(0.7416325017951034, 1.0)",1,99.67486144657732,16584
"(0.80285509389987, 1.0)",2,99.6748339622992,16586
"(0.9166145507608924, 1.0)",3,99.67481113244908,16589
"(0.808446455505279, 1.0)",1,99.67477816528566,16590
"(0.844988344988345, 1.0)",1,99.67461503784804,16591
"(0.808446455505279, 1.0)",1,99.6745265938486,16592
"(0.8491514770584537, 1.0)",1,99.67447570386634,16593
"(0.9442283950617284, 1.0)",1,99.67445146658171,16594
"(1.0, 1.0)",2,99.67437668592996,16596
"(0.7077308656256025, 1.0)",4,99.67437668592996,16600
"(0.9166145507608924, 1.0)",1,99.67435971731108,16601
"(0.9833229101521784, 1.0)",2,99.67435971731108,16603
"(0.757745166550198, 1.0)",2,99.67435971731108,16605
"(0.7916666666666666, 1.0)",1,99.67434003771211,16606
"(0.9499687304565352, 1.0)",1,99.6742970214846,16607
"(0.7416325017951034, 1.0)",1,99.67429243445504,16608
"(0.7713401051412279, 1.0)",1,99.6742827701286,16609
"(0.9665831244778612, 1.0)",1,99.67421528374578,16610
"(0.812557599070401, 1.0)",1,99.67417470751812,16611
"(0.7075023741690408, 1.0)",1,99.67416904083572,16612
"(0.757745166550198, 1.0)",3,99.6741649366285,16615
"(0.7075023741690408, 1.0)",2,99.6741481944734,16617
"(0.8880984643179766, 1.0)",1,99.67413662465626,16618
"(0.9441595441595442, 1.0)",1,99.67412632632433,16619
"(0.757745166550198, 1.0)",3,99.67410814587404,16622
"(0.9833229101521784, 1.0)",2,99.67410814587404,16624
"(0.7075023741690408, 1.0)",3,99.6740854986469,16627
"(0.8796475392220073, 1.0)",1,99.67406949153867,16628
"(0.757745166550198, 1.0)",1,99.67404545004754,16629
"(0.9666562434855118, 1.0)",1,99.67399801829649,16630
"(0.861111111111111, 1.0)",1,99.67398759511534,16631
"(0.8420013166556946, 1.0)",1,99.67396700227992,16632
"(0.808446455505279, 1.0)",1,99.67395267467003,16633
"(0.9161952650324744, 1.0)",1,99.67394043158268,16634
"(0.8294970161977834, 1.0)",2,99.67393103746107,16636
"(0.8420013166556946, 1.0)",1,99.67383750215042,16637
"(0.757745166550198, 1.0)",1,99.67381835828986,16638
"(0.7713401051412279, 1.0)",1,99.67378320549716,16639
"(0.9326599326599326, 1.0)",5,99.6737280093623,16644
"(0.757745166550198, 1.0)",2,99.6737280093623,16646
"(0.812557599070401, 1.0)",1,99.6737124953278,16647
"(0.808446455505279, 1.0)",1,99.67369640547923,16648
"(0.868077055383557, 1.0)",1,99.67362218775796,16649
"(0.7069597069597069, 1.0)",3,99.67360552726409,16652
"(0.7069597069597069, 1.0)",1,99.67360552726406,16653
"(0.8533622685185187, 1.0)",1,99.67356382892476,16654
"(0.7069597069597069, 1.0)",6,99.67354283143756,16660
"(0.8552744708994707, 1.0)",1,99.67351763530576,16661
"(0.7673678366541239, 1.0)",1,99.67347682545125,16662
"(0.6734452539330588, 1.0)",1,99.67344525393308,16663
"(0.6733821733821733, 1.0)",16,99.67338217338218,16679
"(0.7734344933751168, 1.0)",2,99.6733092584617,16681
"(0.7734344933751168, 1.0)",1,99.6732465626352,16682
"(0.7734344933751168, 1.0)",1,99.67312038285114,16683
"(0.757745166550198, 1.0)",2,99.67308908189412,16685
"(0.8813080639167598, 1.0)",1,99.67307742957422,16686
"(0.808446455505279, 1.0)",1,99.67307742957422,16687
"(0.8222222222222222, 1.0)",1,99.6730327035205,16688
"(0.8420013166556946, 1.0)",1,99.6730120133454,16689
"(0.8976982097186702, 1.0)",2,99.67299116698308,16691
"(0.8222222222222222, 1.0)",1,99.67292679179714,16692
"(0.8811945374355704, 1.0)",1,99.67291301311076,16693
"(0.9331662489557228, 1.0)",1,99.67286577533008,16694
"(0.8420013166556946, 1.0)",1,99.67286577533008,16695
"(0.9665831244778612, 1.0)",1,99.67284001122256,16696
"(0.8539212725259236, 1.0)",1,99.6728360062502,16697
"(0.8222222222222222, 1.0)",1,99.67281300098568,16698
"(0.8420013166556947, 1.0)",2,99.67280898457562,16700
"(0.9, 1.0)",1,99.67276911437746,16701
"(0.9665831244778612, 1.0)",1,99.67275030515918,16702
"(0.844988344988345, 1.0)",1,99.67274527640382,16703
"(0.7734344933751168, 1.0)",1,99.6727402463394,16704
"(0.9153439153439152, 1.0)",1,99.67268914734352,16705
"(0.9018806250259218, 1.0)",2,99.67263667519371,16707
"(0.9166145507608924, 1.0)",1,99.67251556032043,16708
"(0.8266173510466989, 1.0)",1,99.67236820070715,16709
"(0.9295946890286512, 1.0)",1,99.67230573941724,16710
"(0.9295946890286512, 1.0)",1,99.67221945740894,16711
"(0.8420013166556946, 1.0)",1,99.6722193951316,16712
"(0.7222222222222221, 1.0)",2,99.67219095267876,16714
"(0.7222222222222221, 1.0)",2,99.67212825685226,16716
"(1.0, 1.0)",1,99.67210741048996,16717
"(0.917849761232425, 1.0)",1,99.67209347529986,16718
"(0.9161952650324744, 1.0)",1,99.6720928711043,16719
"(0.8703703703703703, 1.0)",1,99.67203816392458,16720
"(0.8222222222222222, 1.0)",1,99.67200302193883,16721
"(0.9497171590194848, 1.0)",1,99.67196845269936,16722
"(0.9333333333333332, 1.0)",1,99.67194776155524,16723
"(0.861111111111111, 1.0)",1,99.67193938124171,16724
"(0.9833229101521784, 1.0)",1,99.67187763028583,16725
"(0.9166145507608924, 1.0)",2,99.67187684215476,16727
"(0.8222222222222222, 1.0)",1,99.67187684215476,16728
"(0.7545469576719577, 1.0)",1,99.67172291037424,16729
"(0.9161952650324744, 1.0)",1,99.6717091278634,16730
"(0.8222222222222222, 1.0)",2,99.67168875467527,16732
"(0.934122934122934, 1.0)",1,99.67164240389069,16733
"(0.837707400507675, 1.0)",1,99.6716210894233,16734
"(0.8420013166556947, 1.0)",2,99.67161758633424,16736
"(0.8420013166556946, 1.0)",1,99.67161758633424,16737
"(0.9666562434855118, 1.0)",1,99.67161278316604,16738
"(0.771779679613781, 1.0)",1,99.67159174887388,16739
"(0.8420013166556946, 1.0)",1,99.67155489050774,16740
"(0.7965746171391332, 1.0)",1,99.67150349766264,16741
"(0.8420013166556946, 1.0)",1,99.67145956074808,16742
"(0.808446455505279, 1.0)",1,99.67141690487946,16743
"(0.9833229101521784, 1.0)",1,99.67141690487946,16744
"(0.8796475392220073, 1.0)",1,99.6713660148972,16745
"(0.738095238095238, 1.0)",1,99.67132418287746,16746
"(0.7916666666666666, 1.0)",4,99.67131420588868,16750
"(0.7880931329207191, 1.0)",1,99.67129080815948,16751
"(0.8420013166556946, 1.0)",1,99.6712396136883,16752
"(0.9665831244778612, 1.0)",2,99.67118436843651,16754
"(0.9299160159815896, 1.0)",1,99.67117742652454,16755
"(0.8101143854687974, 1.0)",1,99.67098508306869,16756
"(0.9169719169719168, 1.0)",1,99.67097960097692,16757
"(1.0, 1.0)",4,99.67096275568676,16761
"(0.9299160159815896, 1.0)",1,99.6709152769793,16762
"(0.8229870141950848, 1.0)",2,99.6707869872984,16764
"(0.8101143854687974, 1.0)",1,99.67070649278229,16765
"(0.8547756205106323, 1.0)",1,99.67066307962467,16766
"(0.7675138481590094, 1.0)",3,99.67053663617617,16769
"(0.8374727668845315, 1.0)",2,99.67051378092684,16771
"(0.933096859926128, 1.0)",1,99.67050759733688,16772
"(0.7204751921733054, 1.0)",4,99.67046476899216,16776
"(0.8374727668845315, 1.0)",1,99.67045029696926,16777
"(0.7204751921733054, 1.0)",6,99.67044392262984,16783
"(0.7880931329207191, 1.0)",2,99.6704059420628,16785
"(0.7204751921733054, 1.0)",3,99.67038122680334,16788
"(0.9166682405676116, 1.0)",1,99.67036077387972,16789
"(0.8976982097186702, 1.0)",1,99.67035751498668,16790
"(0.9333333333333332, 1.0)",1,99.6703350744012,16791
"(0.9497171590194848, 1.0)",1,99.67032070967812,16792
"(0.8976982097186702, 1.0)",1,99.6702102098118,16793
"(0.7204751921733054, 1.0)",1,99.67019235119278,16794
"(0.8312205288949474, 1.0)",1,99.67017019275669,16795
"(0.8697983697983697, 1.0)",2,99.67012737808896,16797
"(0.73687720936437, 1.0)",1,99.6701270005089,16798
"(0.8372053872053872, 1.0)",1,99.6701210095947,16799
"(0.8229870141950848, 1.0)",1,99.6700961238328,16800
"(0.9153439153439156, 1.0)",1,99.67006345055124,16801
"(0.8229870141950848, 1.0)",1,99.6700008060844,16802
"(0.73687720936437, 1.0)",3,99.66991727853603,16805
"(0.8631546198466533, 1.0)",1,99.6699105106884,16806
"(0.8229870141950848, 1.0)",1,99.66988828136458,16807
"(0.8222222222222222, 1.0)",1,99.66985938187985,16808
"(0.8229870141950848, 1.0)",2,99.6698555707206,16810
"(0.8976982097186702, 1.0)",2,99.66982646657092,16812
"(0.8222222222222222, 1.0)",1,99.66982646657092,16813
"(0.6698155645524068, 1.0)",75,99.6698155645524,16888
"(0.8420013166556947, 1.0)",1,99.66975824807116,16889
"(0.8420013166556946, 1.0)",1,99.66975824807116,16890
"(0.7198480531813864, 1.0)",5,99.66975408781144,16895
"(0.8016677935542034, 1.0)",1,99.66974484893775,16896
"(0.7545469576719577, 1.0)",1,99.66973776517776,16897
"(0.7030539311241066, 1.0)",1,99.66969975142848,16898
"(0.9442283950617284, 1.0)",1,99.66969578488784,16899
"(0.861111111111111, 1.0)",2,99.66969555224466,16901
"(0.8372053872053872, 1.0)",2,99.6696773891254,16903
"(0.9666562434855118, 1.0)",1,99.66966418252628,16904
"(0.8432903075760217, 1.0)",1,99.66965384894274,16905
"(0.7030539311241066, 1.0)",2,99.66963705560195,16907
"(0.944563492063492, 1.0)",2,99.66957872468744,16909
"(0.933096859926128, 1.0)",2,99.6694247323856,16911
"(0.9833229101521784, 1.0)",1,99.66942199625126,16912
"(0.9499687304565352, 1.0)",1,99.6692312338012,16913
"(0.8887202421952387, 1.0)",1,99.66918358337188,16914
"(0.8635976129582268, 1.0)",1,99.66914274533264,16915
"(0.7880931329207191, 1.0)",1,99.66911425279156,16916
"(0.8976982097186702, 1.0)",2,99.66911425279156,16918
"(0.944563492063492, 1.0)",1,99.66901877441823,16919
"(0.8016677935542034, 1.0)",1,99.66901544138966,16920
"(0.8110673829751791, 1.0)",1,99.66899406343418,16921
"(0.8374727668845315, 1.0)",1,99.668948891811,16922
"(0.8633762288330498, 1.0)",2,99.66892136120744,16924
"(0.8016677935542034, 1.0)",1,99.66887296633898,16925
"(0.9192093318943212, 1.0)",1,99.66886106438815,16926
"(0.9161952650324744, 1.0)",2,99.6687730035528,16928
"(0.7687400318979267, 1.0)",4,99.668677492811,16932
"(0.9665831244778612, 1.0)",1,99.6686726481335,16933
"(0.8374727668845315, 1.0)",1,99.66857333895014,16934
"(0.8222222222222222, 1.0)",1,99.66851558174858,16935
"(0.7687400318979267, 1.0)",2,99.66842592137394,16937
"(0.8840048840048841, 1.0)",1,99.66833437565144,16938
"(0.9833229101521784, 1.0)",1,99.66825107477165,16939
"(0.8832603710652491, 1.0)",3,99.66825107477165,16942
"(0.7786375661375661, 1.0)",1,99.66817249849204,16943
"(0.8016677935542034, 1.0)",1,99.66808383365444,16944
"(0.7372334455667788, 1.0)",2,99.6680834261348,16946
"(0.837707400507675, 1.0)",1,99.66806554288628,16947
"(0.8976982097186702, 1.0)",1,99.66806554288628,16948
"(0.9665831244778612, 1.0)",2,99.66806298729216,16950
"(0.7372334455667788, 1.0)",1,99.66803381339722,16951
"(0.8016677935542034, 1.0)",1,99.66800029146565,16952
"(0.8547756205106323, 1.0)",2,99.66795979557584,16954
"(0.7648017586542176, 1.0)",1,99.66793893360216,16955
"(0.8349489264123411, 1.0)",1,99.66791215202034,16956
"(0.9161952650324744, 1.0)",1,99.66783178904322,16957
"(0.9665831244778612, 1.0)",1,99.66781944034832,16958
"(0.8762860082304527, 1.0)",1,99.66780700987862,16959
"(0.9300671002153482, 1.0)",1,99.66777577890149,16960
"(0.9833229101521784, 1.0)",1,99.66777185476371,16961
"(0.903667392883079, 1.0)",1,99.66776274545587,16962
"(1.0, 1.0)",1,99.66776156618576,16963
"(0.8341307814992026, 1.0)",1,99.6677470297496,16964
"(0.8349489264123411, 1.0)",2,99.66773836901758,16966
"(0.7511111111111111, 1.0)",1,99.66768381240782,16967
"(0.882673371045464, 1.0)",11,99.66766407475184,16978
"(0.8762860082304527, 1.0)",1,99.6675635669236,16979
"(0.8165520116739629, 1.0)",1,99.66752993716602,16980
"(0.7511111111111111, 1.0)",3,99.66747409043496,16983
"(0.9167853751187084, 1.0)",1,99.66745953071909,16984
"(0.7511111111111111, 1.0)",1,99.66741139460844,16985
"(0.7340930674264006, 1.0)",1,99.66738470803512,16986
"(0.8341307814992026, 1.0)",4,99.667359883021,16990
"(0.8374727668845315, 1.0)",1,99.66735652359756,16991
"(0.9666562434855118, 1.0)",1,99.66733243538977,16992
"(0.8420013166556946, 1.0)",2,99.66732554346356,16994
"(0.8420013166556947, 1.0)",1,99.66732554346356,16995
"(0.9833229101521784, 1.0)",2,99.6673220122086,16997
"(0.9008025849489264, 1.0)",1,99.66728147761523,16998
"(0.7786375661375661, 1.0)",1,99.66728102342418,16999
"(0.9008025849489264, 1.0)",2,99.66726063125292,17001
"(0.8016677935542034, 1.0)",1,99.66723507432285,17002
"(0.9833229101521784, 1.0)",1,99.6672324965008,17003
"(0.8053381731676306, 1.0)",1,99.66721925023384,17004
"(0.8613656783468103, 1.0)",1,99.66720899062338,17005
"(0.9161952650324744, 1.0)",1,99.6672061526356,17006
"(0.9497171590194846, 1.0)",1,99.6671709727766,17007
"(0.934122934122934, 1.0)",1,99.6671641049048,17008
"(0.9331094582012576, 1.0)",1,99.6671601935954,17009
"(0.9161952650324744, 1.0)",1,99.66713661109576,17010
"(0.9833229101521784, 1.0)",1,99.66713313659808,17011
"(0.9497171590194848, 1.0)",2,99.66713313659808,17013
"(0.7340930674264007, 1.0)",1,99.66713313659808,17014
"(0.8467532467532467, 1.0)",1,99.66711371417252,17015
"(0.917469251615593, 1.0)",1,99.6670971201138,17016
"(0.8374727668845315, 1.0)",1,99.66708903656308,17017
"(0.8653198653198653, 1.0)",1,99.66706342291516,17018
"(0.8633762288330498, 1.0)",1,99.66705960640452,17019
"(0.8840048840048841, 1.0)",1,99.66699967855295,17020
"(0.9442283950617284, 1.0)",1,99.66699025471056,17021
"(0.9833229101521784, 1.0)",1,99.66696097254058,17022
"(0.9008025849489264, 1.0)",2,99.66694715212046,17024
"(0.9167853751187084, 1.0)",1,99.66694117279552,17025
"(0.8796475392220073, 1.0)",1,99.66693415198031,17026
"(0.8840048840048841, 1.0)",1,99.66692641688826,17027
"(0.9437903841498612, 1.0)",1,99.666922858053,17028
"(0.930704099821747, 1.0)",1,99.66692133484452,17029
"(0.934122934122934, 1.0)",1,99.6669133215988,17030
"(0.944073617452092, 1.0)",1,99.66689895947384,17031
"(0.9166145507608924, 1.0)",1,99.6668453497722,17032
"(0.7164894725870335, 1.0)",3,99.66684534977216,17035
"(0.8339475360293065, 1.0)",1,99.6667552997138,17036
"(0.7340930674264006, 1.0)",1,99.66675300008632,17037
"(0.7340930674264007, 1.0)",4,99.66675300008632,17041
"(0.9303715638302106, 1.0)",1,99.66673140852478,17042
"(0.9169719169719168, 1.0)",1,99.66666917449972,17043
"(0.9445235834124724, 1.0)",1,99.66666474660728,17044
"(0.8222222222222222, 1.0)",3,99.6666562434855,17047
"(0.861111111111111, 1.0)",4,99.6666562434855,17051
"(0.9161379295307868, 1.0)",1,99.66662478698974,17052
"(0.8976982097186702, 1.0)",1,99.666561088533,17053
"(0.9666562434855118, 1.0)",1,99.66655943542978,17054
"(0.9583930063253372, 1.0)",1,99.66653648495752,17055
"(0.9833229101521784, 1.0)",1,99.66645820304358,17056
"(0.7164894725870335, 1.0)",1,99.66645820304356,17057
"(0.6831352928913905, 1.0)",19,99.66645820304356,17076
"(0.9497171590194848, 1.0)",1,99.6664337370951,17077
"(0.7164894725870335, 1.0)",2,99.66642842252598,17079
"(0.8329050741331443, 1.0)",1,99.66642331195465,17080
"(0.7164894725870335, 1.0)",4,99.66639550721708,17084
"(0.9, 1.0)",2,99.66635350101332,17086
"(0.7632275132275131, 1.0)",1,99.66631900889392,17087
"(0.9333333333333332, 1.0)",2,99.6663118082887,17089
"(0.9333333333333332, 1.0)",1,99.6663051150856,17090
"(0.901575014782562, 1.0)",1,99.66629211020054,17091
"(0.8997493734335841, 1.0)",1,99.6662909619264,17092
"(0.8349489264123411, 1.0)",1,99.66627568456838,17093
"(0.8471527473990528, 1.0)",1,99.66625651793998,17094
"(0.8813080639167598, 1.0)",1,99.66625498358768,17095
"(0.7155555555555556, 1.0)",1,99.66620887340594,17096
"(0.7164894725870335, 1.0)",2,99.66620663160651,17098
"(0.8613656783468103, 1.0)",1,99.66618723530084,17099
"(0.9833229101521784, 1.0)",2,99.66618562850464,17101
"(0.8016677935542034, 1.0)",1,99.66618524114196,17102
"(0.9299507899507898, 1.0)",1,99.66617024206072,17103
"(0.882673371045464, 1.0)",1,99.66616403342208,17104
"(0.9497171590194848, 1.0)",1,99.66614393578004,17105
"(0.8468089381754635, 1.0)",1,99.66614047552348,17106
"(0.944563492063492, 1.0)",2,99.66609662031676,17108
"(0.8341307814992026, 1.0)",1,99.66609646712342,17109
"(0.9027777777777778, 1.0)",1,99.66608174341704,17110
"(0.8613656783468103, 1.0)",1,99.66606375646676,17111
"(0.9161952650324744, 1.0)",1,99.66603891731516,17112
"(0.837707400507675, 1.0)",1,99.66603728318536,17113
"(0.944563492063492, 1.0)",1,99.66602308372056,17114
"(0.9297812306740878, 1.0)",1,99.66600035426872,17115
"(0.9018806250259218, 1.0)",1,99.66595000078232,17116
"(1.0, 1.0)",1,99.66594912775074,17117
"(0.917469251615593, 1.0)",1,99.66593708615083,17118
"(0.9161952650324744, 1.0)",1,99.66591352566216,17119
"(0.901575014782562, 1.0)",1,99.6659010441444,17120
"(1.0, 1.0)",1,99.6658939406051,17121
"(0.9833229101521784, 1.0)",5,99.66586259269188,17126
"(0.6825396825396824, 1.0)",7,99.66586259269188,17133
"(0.9161952650324744, 1.0)",3,99.66585082983566,17136
"(0.8329050741331443, 1.0)",1,99.6658416376383,17137
"(0.8885714285714285, 1.0)",1,99.665837873836,17138
"(0.8997493734335841, 1.0)",1,99.66583124477862,17139
"(0.6658312447786131, 1.0)",1,99.66583124477862,17140
"(0.7498436522826767, 1.0)",1,99.6658264950948,17141
"(0.816195709052852, 1.0)",1,99.66582560132753,17142
"(0.9583930063253372, 1.0)",1,99.66582143376444,17143
"(0.799275702501509, 1.0)",2,99.66579628789243,17145
"(0.9161952650324744, 1.0)",1,99.66578813400918,17146
"(0.9299507899507898, 1.0)",1,99.6657802466632,17147
"(0.9666666666666668, 1.0)",2,99.6657743667879,17149
"(0.9161952650324744, 1.0)",1,99.66576634277622,17150
"(0.8613656783468103, 1.0)",1,99.66574732079005,17151
"(0.7632275132275131, 1.0)",3,99.66574616133042,17154
"(0.9161952650324744, 1.0)",1,99.66572543818268,17155
"(0.7503607503607503, 1.0)",1,99.66570466570468,17156
"(0.9833229101521784, 1.0)",1,99.6657011034418,17157
"(0.9161952650324744, 1.0)",1,99.6656619542251,17158
"(0.930704099821747, 1.0)",1,99.66565841947389,17159
"(0.9506533178503804, 1.0)",1,99.66563100676451,17160
"(0.816195709052852, 1.0)",1,99.66563002709182,17161
"(0.816195709052852, 1.0)",1,99.6656197163716,17162
"(0.8653198653198653, 1.0)",3,99.66561300919732,17165
"(0.917849761232425, 1.0)",1,99.66559338093724,17166
"(0.9665831244778612, 1.0)",1,99.6655757117888,17167
"(0.816195709052852, 1.0)",1,99.6655726431538,17168
"(0.7632275132275131, 1.0)",1,99.66557072821097,17169
"(0.7656073923822403, 1.0)",1,99.6655448532953,17170
"(0.9303715638302106, 1.0)",1,99.6655210709683,17171
"(0.901575014782562, 1.0)",1,99.66543802299653,17172
"(0.9441792447111594, 1.0)",1,99.66542718677871,17173
"(0.9158007932517735, 1.0)",1,99.66539753678283,17174
"(0.8329156223893065, 1.0)",1,99.66538762430932,17175
"(0.9161952650324744, 1.0)",1,99.66537700216402,17176
"(0.9441792447111594, 1.0)",1,99.66537329169697,17177
"(0.9331662489557228, 1.0)",1,99.66536724579086,17178
"(0.916104916104916, 1.0)",1,99.66536172658512,17179
"(0.8796475392220073, 1.0)",1,99.66532013221168,17180
"(0.901575014782562, 1.0)",1,99.66527655248832,17181
"(0.7155555555555556, 1.0)",1,99.66527271457504,17182
"(0.8635976129582268, 1.0)",2,99.66526540651245,17184
"(0.8053381731676306, 1.0)",1,99.66525654443105,17185
"(0.861111111111111, 1.0)",1,99.6652296983,17186
"(0.9161952650324744, 1.0)",1,99.66521912188688,17187
"(0.8613656783468103, 1.0)",1,99.66517561174226,17188
"(0.8040695048423352, 1.0)",1,99.66516029457031,17189
"(0.8762860082304527, 1.0)",1,99.66513434998284,17190
"(0.8633762288330498, 1.0)",2,99.66504402238724,17192
"(0.9666666666666668, 1.0)",2,99.66497847704522,17194
"(0.917415489944373, 1.0)",1,99.66495719520616,17195
"(0.9833229101521784, 1.0)",1,99.66495270582055,17196
"(0.9326599326599326, 1.0)",1,99.66490406649228,17197
"(0.917849761232425, 1.0)",1,99.66486752879834,17198
"(0.8316498316498316, 1.0)",1,99.66481623734512,17199
"(0.8319340617212959, 1.0)",1,99.66472304304828,17200
"(0.8796475392220073, 1.0)",2,99.6646382429284,17202
"(0.9833229101521784, 1.0)",1,99.6646382429284,17203
"(0.7982894736842105, 1.0)",1,99.66461527839256,17204
"(0.9299160159815896, 1.0)",1,99.66461344261424,17205
"(0.8736897274633123, 1.0)",1,99.66458934495816,17206
"(0.9326599326599326, 1.0)",1,99.66456625261893,17207
"(0.898989898989899, 1.0)",1,99.66456545403912,17208
"(0.8762860082304527, 1.0)",1,99.66454517730448,17209
"(0.9665831244778612, 1.0)",1,99.66450038337074,17210
"(0.944563492063492, 1.0)",1,99.66449628600591,17211
"(0.8840455840455841, 1.0)",1,99.66449383952146,17212
"(0.8319340617212959, 1.0)",2,99.66446719847794,17214
"(0.9333333333333332, 1.0)",1,99.66442592118042,17215
"(0.80285509389987, 1.0)",1,99.66429953056088,17216
"(0.9833229101521784, 1.0)",1,99.6642814909361,17217
"(0.8840455840455841, 1.0)",1,99.66426536426536,17218
"(1.0, 1.0)",1,99.6642293750303,17219
"(0.9008627640703112, 1.0)",1,99.66422495142598,17220
"(0.8222222222222222, 1.0)",6,99.66422353887792,17226
"(0.8420013166556947, 1.0)",1,99.66422353887792,17227
"(0.8420013166556946, 1.0)",4,99.66422353887792,17231
"(0.8976982097186702, 1.0)",1,99.6641979487473,17232
"(0.9442283950617284, 1.0)",1,99.66418811127144,17233
"(1.0, 1.0)",1,99.6641861161072,17234
"(0.859499940327008, 1.0)",1,99.66413044140256,17235
"(0.9153439153439156, 1.0)",1,99.66407911622376,17236
"(0.9153439153439156, 1.0)",1,99.66405350493476,17237
"(0.9331094582012576, 1.0)",1,99.66402936420828,17238
"(0.9167853751187084, 1.0)",1,99.6640139916513,17239
"(0.9665831244778612, 1.0)",1,99.66398922239745,17240
"(0.901575014782562, 1.0)",1,99.66398294484998,17241
"(0.8294970161977834, 1.0)",2,99.6639445579624,17243
"(0.80285509389987, 1.0)",1,99.66392090158038,17244
"(0.9441792447111594, 1.0)",2,99.66388327469568,17246
"(0.859499940327008, 1.0)",1,99.66386656743126,17247
"(0.8300265307680562, 1.0)",1,99.66385628136472,17248
"(0.8651903651903651, 1.0)",1,99.66381471458044,17249
"(0.8165509259259259, 1.0)",1,99.66377526081504,17250
"(0.6636745887678723, 1.0)",1,99.66367458876788,17251
"(0.9166145507608924, 1.0)",2,99.66366905571012,17253
"(0.9497171590194846, 1.0)",1,99.66366180209435,17254
"(0.9161952650324744, 1.0)",1,99.66363242500356,17255
"(0.7802197802197803, 1.0)",1,99.66361572657658,17256
"(1.0, 1.0)",1,99.66359611983717,17257
"(0.9583930063253372, 1.0)",1,99.66350151678328,17258
"(0.8316498316498316, 1.0)",1,99.66348290610163,17259
"(0.8832603710652491, 1.0)",1,99.66348015128504,17260
"(0.7802197802197803, 1.0)",2,99.66348015128504,17262
"(0.9164652836623464, 1.0)",1,99.66345339784752,17263
"(0.8468951683237397, 1.0)",1,99.6634471799977,17264
"(0.8635976129582268, 1.0)",1,99.66343068532018,17265
"(0.8137865219658889, 1.0)",1,99.66337844607196,17266
"(0.837707400507675, 1.0)",1,99.66335868121404,17267
"(0.8468951683237397, 1.0)",1,99.66332178834472,17268
"(0.9326599326599326, 1.0)",1,99.66328166558264,17269
"(0.9497171590194846, 1.0)",1,99.66324942621029,17270
"(0.8294970161977834, 1.0)",1,99.66323891290054,17271
"(0.8796475392220073, 1.0)",1,99.66323653769294,17272
"(0.944073617452092, 1.0)",1,99.66317081780753,17273
"(0.7979797979797979, 1.0)",1,99.66317016317016,17274
"(0.9166145507608924, 1.0)",1,99.66316795817195,17275
"(0.8432903075760217, 1.0)",2,99.66316298169556,17277
"(0.8814814814814814, 1.0)",1,99.66314426314426,17278
"(0.7802197802197803, 1.0)",1,99.66306086555662,17279
"(0.8796475392220073, 1.0)",1,99.66303236150284,17280
"(0.8420013166556946, 1.0)",1,99.66303162731556,17281
"(0.8976982097186702, 1.0)",1,99.6630214051998,17282
"(0.746304385688563, 1.0)",3,99.66296089166366,17285
"(0.9833229101521784, 1.0)",1,99.66295873961334,17286
"(0.859499940327008, 1.0)",1,99.66295657407268,17287
"(0.9665831244778612, 1.0)",1,99.662951221297,17288
"(0.882673371045464, 1.0)",1,99.66289315126524,17289
"(0.8796475392220073, 1.0)",1,99.66287648400424,17290
"(0.916104916104916, 1.0)",1,99.66287243834414,17291
"(0.9166145507608924, 1.0)",3,99.66286621756264,17294
"(0.7183489076634237, 1.0)",1,99.66286076986822,17295
"(0.8296970789758384, 1.0)",1,99.66285945884891,17296
"(0.861111111111111, 1.0)",1,99.66285466870642,17297
"(0.9833229101521784, 1.0)",1,99.66284844333624,17298
"(0.8997493734335841, 1.0)",1,99.66278130443078,17299
"(0.861111111111111, 1.0)",3,99.66277890466532,17302
"(0.9833229101521784, 1.0)",1,99.66277335354415,17303
"(0.8329050741331443, 1.0)",2,99.66277289845586,17305
"(0.8796475392220073, 1.0)",1,99.66276167227196,17306
"(0.8476190476190477, 1.0)",1,99.66274522795705,17307
"(0.8294970161977834, 1.0)",2,99.66272611771956,17309
"(0.9161952650324744, 1.0)",1,99.66271362700572,17310
"(0.8294970161977834, 1.0)",1,99.6627051146177,17311
"(0.9445235834124724, 1.0)",1,99.66269672770454,17312
"(0.8796475392220073, 1.0)",1,99.66266667922834,17313
"(0.8300265307680562, 1.0)",2,99.66266260461376,17315
"(0.9833229101521784, 1.0)",1,99.66264126868806,17316
"(0.9153439153439152, 1.0)",1,99.66261431818924,17317
"(0.898989898989899, 1.0)",3,99.66259783251304,17320
"(0.7982894736842105, 1.0)",1,99.66257080788074,17321
"(0.7802197802197803, 1.0)",1,99.66253258936186,17322
"(0.898989898989899, 1.0)",1,99.66253258936186,17323
"(0.9665831244778612, 1.0)",1,99.66252090513964,17324
"(0.816195709052852, 1.0)",1,99.66250991494152,17325
"(0.746304385688563, 1.0)",1,99.66247444104091,17326
"(0.7802197802197803, 1.0)",1,99.66246415083624,17327
"(0.8635976129582268, 1.0)",1,99.66236408338156,17328
"(0.8796475392220073, 1.0)",1,99.66228458535944,17329
"(0.8963124945246743, 1.0)",1,99.66222781062318,17330
"(0.8579868984630887, 1.0)",2,99.6622089240314,17332
"(0.8151249335459861, 1.0)",1,99.66220421170624,17333
"(0.9164652836623464, 1.0)",2,99.66219296122767,17335
"(0.8294970161977834, 1.0)",1,99.6620944097708,17336
"(0.8703703703703703, 1.0)",1,99.66208884604556,17337
"(0.8635976129582268, 1.0)",2,99.6620765077144,17339
"(0.8635976129582268, 1.0)",1,99.6620138118879,17340
"(0.6954156954156954, 1.0)",1,99.66199881989355,17341
"(0.8261351052048725, 1.0)",1,99.66198243737936,17342
"(0.8976982097186702, 1.0)",1,99.66197970065475,17343
"(0.861111111111111, 1.0)",1,99.6618943387236,17344
"(0.7121693121693121, 1.0)",1,99.6618864711888,17345
"(0.8976982097186702, 1.0)",1,99.66187011002216,17346
"(0.8796475392220073, 1.0)",1,99.66183960190187,17347
"(0.7996376811594202, 1.0)",1,99.6617693275018,17348
"(0.8137566137566138, 1.0)",1,99.66176046176048,17349
"(0.8653198653198653, 1.0)",1,99.66172755120124,17350
"(0.9833229101521784, 1.0)",1,99.66169834870011,17351
"(0.7119388248146047, 1.0)",1,99.6616559838341,17352
"(0.8976982097186702, 1.0)",2,99.6616457024118,17354
"(0.8432903075760217, 1.0)",1,99.66163921523425,17355
"(0.9326599326599326, 1.0)",1,99.66159993325678,17356
"(0.8976982097186702, 1.0)",2,99.66155560970766,17358
"(0.8552744708994707, 1.0)",1,99.66154028640442,17359
"(0.9153439153439152, 1.0)",1,99.66152161776265,17360
"(0.8796475392220073, 1.0)",1,99.6615201803328,17361
"(0.8736897274633123, 1.0)",1,99.66143518689113,17362
"(0.8811945374355704, 1.0)",5,99.66141431765536,17367
"(0.8796475392220073, 1.0)",1,99.66139667398784,17368
"(1.0, 1.0)",1,99.66137566137566,17369
"(0.8963124945246743, 1.0)",1,99.66137019410536,17370
"(0.882673371045464, 1.0)",1,99.66133882013378,17371
"(0.8294970161977834, 1.0)",1,99.66133320169251,17372
"(0.8579868984630887, 1.0)",1,99.66129756364091,17373
"(0.8294970161977834, 1.0)",1,99.661270505866,17374
"(0.786508365740383, 1.0)",1,99.66126374628382,17375
"(0.8976982097186702, 1.0)",1,99.66124090009065,17376
"(0.7612958226768967, 1.0)",1,99.66117058776348,17377
"(0.9153439153439156, 1.0)",1,99.66116942684845,17378
"(0.8283298826777087, 1.0)",1,99.66111932528295,17379
"(0.9499687304565352, 1.0)",1,99.66107072232629,17380
"(0.8976982097186702, 1.0)",6,99.66099326673454,17386
"(1.0, 1.0)",1,99.66098603293725,17387
"(0.7979797979797979, 1.0)",1,99.66095024735398,17388
"(0.9666562434855118, 1.0)",1,99.66093376029193,17389
"(0.7944219523166891, 1.0)",1,99.66090068824344,17390
"(0.8432903075760217, 1.0)",1,99.66088689902462,17391
"(0.80285509389987, 1.0)",1,99.66085382963084,17392
"(0.844988344988345, 1.0)",1,99.66081015958616,17393
"(0.786508365740383, 1.0)",1,99.66072530232678,17394
"(0.7612958226768967, 1.0)",2,99.660723648934,17396
"(0.8615866942983156, 1.0)",1,99.66070451652269,17397
"(0.844988344988345, 1.0)",2,99.66068794329664,17399
"(0.8137566137566138, 1.0)",1,99.66067713686702,17400
"(0.8266173510466989, 1.0)",1,99.66065696605436,17401
"(0.7612958226768967, 1.0)",1,99.66061199882232,17402
"(0.8329156223893065, 1.0)",1,99.66060985797829,17403
"(0.861111111111111, 1.0)",1,99.66060985797829,17404
"(0.9833229101521784, 1.0)",2,99.66060843993344,17406
"(0.861111111111111, 1.0)",1,99.66057928932965,17407
"(0.9161952650324744, 1.0)",2,99.66056674720885,17409
"(0.8294970161977834, 1.0)",1,99.66052223913402,17410
"(0.8467532467532467, 1.0)",1,99.66047182791368,17411
"(0.9153439153439152, 1.0)",1,99.66045749380076,17412
"(0.7601164382773579, 1.0)",1,99.66037835009254,17413
"(0.8420013166556946, 1.0)",1,99.66035279467322,17414
"(0.8796475392220073, 1.0)",1,99.66029185274238,17415
"(0.8349489264123411, 1.0)",1,99.66027315322022,17416
"(0.8491514770584537, 1.0)",1,99.6602313186261,17417
"(0.8552744708994707, 1.0)",1,99.6601929353587,17418
"(0.7612958226768967, 1.0)",1,99.66015622153728,17419
"(0.7713401051412279, 1.0)",1,99.66014856926915,17420
"(0.9665831244778612, 1.0)",1,99.660124138451,17421
"(0.861111111111111, 1.0)",3,99.66012359991372,17424
"(0.8677838677838676, 1.0)",1,99.66008096879456,17425
"(0.9009534009534008, 1.0)",1,99.66005530511546,17426
"(0.8633762288330498, 1.0)",1,99.66002820809372,17427
"(0.8635976129582268, 1.0)",1,99.6599951381061,17428
"(0.8468951683237397, 1.0)",1,99.65998855617627,17429
"(0.7612958226768967, 1.0)",1,99.659962648173,17430
"(0.8796475392220073, 1.0)",1,99.65986738240272,17431
"(0.7802197802197803, 1.0)",4,99.6598673194418,17435
"(1.0, 1.0)",1,99.6598673194418,17436
"(0.8796475392220073, 1.0)",7,99.6598673194418,17443
"(1.0, 1.0)",1,99.65972284062008,17444
"(0.9326599326599326, 1.0)",1,99.65972284062008,17445
"(0.8294970161977834, 1.0)",1,99.6597150946737,17446
"(0.8796475392220073, 1.0)",1,99.65969242658396,17447
"(0.8840048840048841, 1.0)",2,99.6596849879979,17449
"(0.9665831244778612, 1.0)",1,99.65959000586729,17450
"(0.776488287126585, 1.0)",3,99.65956057071234,17453
"(0.812557599070401, 1.0)",2,99.65949589643162,17455
"(0.9666562434855118, 1.0)",1,99.6593340650832,17456
"(0.9442283950617284, 1.0)",2,99.65932949943615,17458
"(0.9666562434855118, 1.0)",1,99.6592713692567,17459
"(0.776488287126585, 1.0)",2,99.65916165817204,17461
"(0.882673371045464, 1.0)",2,99.6591283975005,17463
"(0.9665831244778612, 1.0)",1,99.65910714770408,17464
"(0.7979797979797979, 1.0)",2,99.6590909090909,17466
"(0.9297812306740878, 1.0)",1,99.65908281537446,17467
"(0.7601164382773579, 1.0)",1,99.65907589089534,17468
"(0.8420013166556946, 1.0)",1,99.6590602184386,17469
"(0.9833229101521784, 1.0)",3,99.65905963954744,17472
"(0.7090909090909091, 1.0)",2,99.65905963954744,17474
"(0.9833229101521784, 1.0)",1,99.659020993745,17475
"(0.7090909090909091, 1.0)",3,99.65899694372096,17478
"(0.9665831244778612, 1.0)",1,99.65899694372096,17479
"(0.9833229101521784, 1.0)",1,99.65899694372096,17480
"(0.7612958226768967, 1.0)",1,99.65899403239555,17481
"(0.8294970161977834, 1.0)",1,99.65899403239555,17482
"(0.8796475392220073, 1.0)",2,99.65898096792004,17484
"(0.859499940327008, 1.0)",1,99.65893751821989,17485
"(0.9581458989353726, 1.0)",1,99.6589047598147,17486
"(0.9158007932517735, 1.0)",1,99.65884272573338,17487
"(0.8552744708994707, 1.0)",1,99.65884152565891,17488
"(1.0, 1.0)",2,99.6588080681104,17490
"(0.944073617452092, 1.0)",1,99.65867071511914,17491
"(0.7944219523166891, 1.0)",1,99.65865895268529,17492
"(0.861111111111111, 1.0)",1,99.65862139008986,17493
"(0.8420013166556946, 1.0)",1,99.6586158674166,17494
"(0.9158007932517735, 1.0)",1,99.65855992767138,17495
"(0.8165520116739629, 1.0)",1,99.65855332832966,17496
"(0.7711781618000022, 1.0)",1,99.65855084887076,17497
"(1.0, 1.0)",1,99.65854651220504,17498
"(0.727840909090909, 1.0)",1,99.6585451150157,17499
"(0.9326599326599326, 1.0)",1,99.6585381355818,17500
"(0.9333333333333332, 1.0)",1,99.65853232522778,17501
"(0.8468951683237397, 1.0)",1,99.65852933361644,17502
"(0.8420013166556946, 1.0)",2,99.65851147886548,17504
"(0.9, 1.0)",1,99.6584904757636,17505
"(0.9331662489557224, 1.0)",1,99.65844878303898,17506
"(0.9833229101521784, 1.0)",2,99.65844878303898,17508
"(0.826388888888889, 1.0)",1,99.65843695334584,17509
"(0.8976982097186702, 1.0)",1,99.6584325144793,17510
"(0.727840909090909, 1.0)",1,99.65839603426066,17511
"(0.8796475392220073, 1.0)",2,99.65836686881153,17513
"(0.844988344988345, 1.0)",2,99.65836529842755,17515
"(0.7916666666666666, 1.0)",1,99.65833333333332,17516
"(0.8420013166556946, 1.0)",1,99.65832339138598,17517
"(0.7277677677677677, 1.0)",2,99.65832332332332,17519
"(0.8329156223893065, 1.0)",2,99.65823984919716,17521
"(0.7083333333333334, 1.0)",1,99.65823936796338,17522
"(0.7916666666666666, 1.0)",2,99.6581872520576,17524
"(0.7416325017951034, 1.0)",1,99.658121660903,17525
"(0.934122934122934, 1.0)",1,99.6580860175963,17526
"(0.7083333333333334, 1.0)",1,99.6580504923528,17527
"(0.8420013166556947, 1.0)",2,99.65804369367368,17529
"(0.808446455505279, 1.0)",1,99.65803837961134,17530
"(0.861111111111111, 1.0)",1,99.6579750098914,17531
"(0.7916666666666666, 1.0)",1,99.65795652698286,17532
"(0.9161952650324744, 1.0)",1,99.65794595512176,17533
"(0.8468951683237397, 1.0)",3,99.6579452293738,17536
"(0.7545469576719577, 1.0)",1,99.65793735338616,17537
"(0.7416325017951034, 1.0)",2,99.65793278529245,17539
"(0.7277677677677677, 1.0)",1,99.65786047454276,17540
"(0.8312205288949474, 1.0)",1,99.65778189400196,17541
"(0.808446455505279, 1.0)",1,99.65776263165073,17542
"(0.7077308656256025, 1.0)",1,99.65769959608214,17543
"(0.757745166550198, 1.0)",1,99.65768262746327,17544
"(0.9833229101521784, 1.0)",1,99.65768262746327,17545
"(0.8101143854687974, 1.0)",1,99.65767398960736,17546
"(0.7077308656256025, 1.0)",1,99.65763690025564,17547
"(0.94993894993895, 1.0)",1,99.6576230664281,17548
"(0.7416325017951034, 1.0)",1,99.65761534460722,17549
"(0.868077055383557, 1.0)",1,99.65752325960884,17550
"(0.757745166550198, 1.0)",1,99.6574945399838,17551
"(0.7077308656256025, 1.0)",1,99.65744802464508,17552
"(0.757745166550198, 1.0)",1,99.6574310560262,17553
"(0.7075023741690408, 1.0)",2,99.65740840879909,17555
"(0.9437903841498612, 1.0)",1,99.65734961632364,17556
"(0.7069597069597069, 1.0)",1,99.65731558414484,17557
"(0.8229870141950848, 1.0)",2,99.65725760441336,17559
"(0.8101143854687974, 1.0)",1,99.65721940064772,17560
"(0.9497171590194846, 1.0)",2,99.65717948458916,17562
"(0.757745166550198, 1.0)",1,99.65714126844205,17563
"(0.7944219523166891, 1.0)",1,99.65707712487144,17564
"(0.9326599326599326, 1.0)",1,99.65705091951448,17565
"(0.757745166550198, 1.0)",1,99.65705091951448,17566
"(0.9833229101521784, 1.0)",2,99.65705091951448,17568
"(0.7277677677677677, 1.0)",1,99.65704158754546,17569
"(0.8101143854687974, 1.0)",1,99.6570156526383,17570
"(0.7916666666666666, 1.0)",2,99.65697931246712,17572
"(0.7416325017951034, 1.0)",1,99.65697641713902,17573
"(0.9326599326599326, 1.0)",1,99.6569740584577,17574
"(0.7069597069597069, 1.0)",1,99.65692843741624,17575
"(0.7069597069597069, 1.0)",2,99.65686574158974,17577
"(0.7965746171391332, 1.0)",1,99.65682149749637,17578
"(0.8222222222222222, 1.0)",1,99.65678977989631,17579
"(0.8736897274633123, 1.0)",2,99.65675227423286,17581
"(0.8796475392220073, 1.0)",2,99.65674149314523,17583
"(0.6733821733821733, 1.0)",5,99.65670508353436,17588
"(0.8976982097186702, 1.0)",1,99.65670122386386,17589
"(0.7965746171391332, 1.0)",1,99.65669964807972,17590
"(0.7734344933751168, 1.0)",1,99.65669486444035,17591
"(0.8229870141950848, 1.0)",1,99.65668220516908,17592
"(0.7069597069597069, 1.0)",4,99.6566768659792,17596
"(0.757745166550198, 1.0)",1,99.6566055654106,17597
"(0.7675138481590094, 1.0)",1,99.6565884803298,17598
"(1.0, 1.0)",1,99.6565763966339,17599
"(0.7734344933751168, 1.0)",1,99.65656947278735,17600
"(0.757745166550198, 1.0)",1,99.6565414921758,17601
"(0.8814814814814814, 1.0)",1,99.65652286730884,17602
"(0.9833229101521784, 1.0)",1,99.65652286730884,17603
"(0.7675138481590094, 1.0)",2,99.65652122962518,17605
"(0.7734344933751168, 1.0)",1,99.6565209301201,17606
"(0.861111111111111, 1.0)",2,99.65650753054844,17608
"(1.0, 1.0)",2,99.65650753054844,17610
"(0.9833229101521784, 1.0)",1,99.65641199204627,17611
"(0.7675138481590094, 1.0)",1,99.65626370268495,17612
"(0.8420013166556946, 1.0)",1,99.65625138130876,17613
"(0.7675138481590094, 1.0)",2,99.65622467436984,17615
"(0.7675138481590094, 1.0)",2,99.65616232353666,17617
"(0.8814814814814814, 1.0)",1,99.65614273079711,17618
"(0.861111111111111, 1.0)",2,99.65610256567705,17620
"(0.8796475392220073, 1.0)",1,99.65610256567705,17621
"(0.9153439153439152, 1.0)",1,99.65610256567705,17622
"(0.7675138481590094, 1.0)",1,99.65608152514314,17623
"(0.7675138481590094, 1.0)",1,99.65603800793714,17624
"(0.844988344988345, 1.0)",1,99.6560054907295,17625
"(0.8976982097186702, 1.0)",1,99.6559998098717,17626
"(0.8814814814814814, 1.0)",1,99.65573983393384,17627
"(0.7944219523166891, 1.0)",1,99.6555330634278,17628
"(0.944073617452092, 1.0)",1,99.65553147428852,17629
"(0.861111111111111, 1.0)",1,99.65551386283092,17630
"(0.7222222222222221, 1.0)",2,99.65551386283092,17632
"(0.8635976129582268, 1.0)",1,99.65550496424396,17633
"(0.8222222222222222, 1.0)",1,99.655451323744,17634
"(0.7222222222222221, 1.0)",1,99.65545116700444,17635
"(0.9499687304565352, 1.0)",1,99.655447322927,17636
"(0.8976982097186702, 1.0)",4,99.65544337626886,17640
"(0.757745166550198, 1.0)",2,99.65544337626886,17642
"(0.8832603710652491, 1.0)",1,99.65538862791752,17643
"(0.9666562434855118, 1.0)",1,99.65528408262682,17644
"(0.8633762288330498, 1.0)",2,99.65528358011878,17646
"(0.8222222222222222, 1.0)",1,99.65526323626452,17647
"(0.861111111111111, 1.0)",2,99.65526229139388,17649
"(0.7222222222222221, 1.0)",1,99.65526229139388,17650
"(0.933096859926128, 1.0)",1,99.65522658205585,17651
"(1.0, 1.0)",1,99.65520054043802,17652
"(0.8329156223893065, 1.0)",1,99.65513784461152,17653
"(0.8997493734335841, 1.0)",1,99.65513784461152,17654
"(0.9153439153439152, 1.0)",3,99.65504344171828,17657
"(0.9161952650324744, 1.0)",1,99.65496934218908,17658
"(0.8420013166556947, 1.0)",1,99.65495091966756,17659
"(0.8420013166556946, 1.0)",3,99.65494049648642,17662
"(0.8420013166556946, 1.0)",2,99.65487780065992,17664
"(0.8294970161977834, 1.0)",1,99.65482124300566,17665
"(0.8222222222222222, 1.0)",1,99.65475691996872,17666
"(0.8832603710652491, 1.0)",1,99.65467641413817,17667
"(0.8653198653198653, 1.0)",1,99.65457165108734,17668
"(0.861111111111111, 1.0)",1,99.65455456070714,17669
"(0.7880931329207191, 1.0)",1,99.65455102248517,17670
"(0.7880931329207191, 1.0)",1,99.65452124196756,17671
"(0.9497171590194848, 1.0)",1,99.65450534853169,17672
"(0.8222222222222222, 1.0)",1,99.65448894280728,17673
"(0.7880931329207191, 1.0)",1,99.65448832665864,17674
"(0.7791819291819292, 1.0)",1,99.6544380372756,17675
"(0.9497171590194848, 1.0)",1,99.65438299323692,17676
"(0.916104916104916, 1.0)",1,99.65430998113924,17677
"(0.9300671002153482, 1.0)",1,99.65422336944224,17678
"(0.6542079837274346, 1.0)",1,99.65420798372745,17679
"(1.0, 1.0)",8,99.65420798372745,17687
"(0.8222222222222222, 1.0)",1,99.65420153468934,17688
"(0.9326599326599326, 1.0)",1,99.65418790784643,17689
"(0.8222222222222222, 1.0)",2,99.65418068832705,17691
"(0.882673371045464, 1.0)",1,99.65408941411836,17692
"(0.7648017586542176, 1.0)",1,99.65407864806534,17693
"(0.844988344988345, 1.0)",1,99.65395137480698,17694
"(0.8222222222222222, 1.0)",1,99.65392911688996,17695
"(0.7198480531813864, 1.0)",1,99.65382428118394,17696
"(0.861111111111111, 1.0)",1,99.65381876640588,17697
"(0.7204751921733054, 1.0)",1,99.65378767914432,17698
"(0.7204751921733054, 1.0)",2,99.65376683278204,17700
"(0.861111111111111, 1.0)",1,99.65375607057938,17701
"(0.9299160159815896, 1.0)",1,99.6536903097488,17702
"(0.8372053872053872, 1.0)",1,99.653673699951,17703
"(0.7372334455667788, 1.0)",1,99.65362971846682,17704
"(0.7880931329207191, 1.0)",1,99.65359935208548,17705
"(0.8222222222222222, 1.0)",1,99.65354898037825,17706
"(0.7880931329207191, 1.0)",1,99.65353665625898,17707
"(0.73687720936437, 1.0)",1,99.65353345284989,17708
"(0.9009534009534008, 1.0)",1,99.6535311394737,17709
"(0.7204751921733054, 1.0)",4,99.65351526134496,17713
"(0.73687720936437, 1.0)",1,99.6535021833064,17714
"(0.8813080639167598, 1.0)",1,99.65349901659552,17715
"(0.73687720936437, 1.0)",2,99.65349176012526,17717
"(0.7786375661375661, 1.0)",1,99.65343345082329,17718
"(0.917849761232425, 1.0)",1,99.65341128694187,17719
"(0.8374727668845315, 1.0)",1,99.65335802788428,17720
"(0.8420013166556946, 1.0)",1,99.65335458425,17721
"(0.8372053872053872, 1.0)",1,99.65325504413632,17722
"(0.8222222222222222, 1.0)",3,99.6532120725496,17725
"(0.9300671002153482, 1.0)",1,99.6531909289551,17726
"(0.9442283950617284, 1.0)",1,99.65317058883738,17727
"(0.7198480531813864, 1.0)",1,99.65313969379012,17728
"(0.6698155645524068, 1.0)",67,99.65313847470458,17795
"(1.0, 1.0)",1,99.65313847470458,17796
"(0.7198480531813864, 1.0)",1,99.6531067784812,17797
"(0.8762860082304527, 1.0)",1,99.6530981686246,17798
"(0.7734344933751168, 1.0)",1,99.65308203259713,17799
"(0.8420013166556947, 1.0)",1,99.65308115822334,17800
"(0.933096859926128, 1.0)",1,99.65304340534436,17801
"(0.9295946890286512, 1.0)",1,99.6530422714942,17802
"(0.7030539311241066, 1.0)",1,99.65302266158064,17803
"(1.0, 1.0)",1,99.65301846239684,17804
"(0.796353220536539, 1.0)",1,99.6529899846235,17805
"(0.7030539311241066, 1.0)",1,99.65298974627171,17806
"(0.7030539311241066, 1.0)",2,99.65295996575416,17808
"(0.8762860082304527, 1.0)",1,99.65294933289574,17809
"(0.7198480531813864, 1.0)",6,99.65288812235303,17815
"(0.808446455505279, 1.0)",1,99.65288047676856,17816
"(0.9583930063253372, 1.0)",1,99.6528322398764,17817
"(0.861111111111111, 1.0)",1,99.65282958678628,17818
"(0.8832603710652491, 1.0)",1,99.65280751450048,17819
"(0.7030539311241066, 1.0)",1,99.6527710901436,17820
"(0.8813080639167598, 1.0)",2,99.65272410698968,17822
"(0.7632275132275131, 1.0)",2,99.65266350983924,17824
"(0.9153439153439152, 1.0)",1,99.65262455585037,17825
"(0.7880931329207191, 1.0)",1,99.65261058050848,17826
"(0.9303715638302106, 1.0)",1,99.6526016642066,17827
"(0.7632275132275131, 1.0)",1,99.65257722783096,17828
"(0.7198480531813864, 1.0)",1,99.65250798584132,17829
"(0.9167853751187084, 1.0)",3,99.65249008968644,17832
"(0.9303715638302106, 1.0)",1,99.65248682143894,17833
"(0.9192093318943212, 1.0)",1,99.65244158645696,17834
"(0.8468951683237397, 1.0)",2,99.65244030069816,17836
"(0.9165164082221422, 1.0)",1,99.6523594605316,17837
"(0.8697983697983697, 1.0)",1,99.65235012756648,17838
"(1.0, 1.0)",1,99.6523271119539,17839
"(0.9436368312757202, 1.0)",1,99.65230864060688,17840
"(0.7632275132275131, 1.0)",1,99.65230554027109,17841
"(0.9833229101521784, 1.0)",1,99.65227201246772,17842
"(0.7632275132275131, 1.0)",1,99.65223350636973,17843
"(0.8222222222222222, 1.0)",1,99.65222563862936,17844
"(0.8703703703703703, 1.0)",1,99.6520698709402,17845
"(0.8319340617212959, 1.0)",1,99.65204930354724,17846
"(0.8177442148030384, 1.0)",1,99.65202209842865,17847
"(0.7632275132275131, 1.0)",3,99.65196640052392,17850
"(0.7687400318979267, 1.0)",1,99.651958553499,17851
"(0.8222222222222222, 1.0)",1,99.65183849190076,17852
"(0.9665831244778612, 1.0)",1,99.65177579607428,17853
"(0.8222222222222222, 1.0)",2,99.65177579607428,17855
"(0.9497171590194848, 1.0)",1,99.65177428418316,17856
"(0.7687400318979267, 1.0)",2,99.65174883152612,17858
"(0.8053381731676306, 1.0)",1,99.65163672439716,17859
"(0.8053381731676306, 1.0)",1,99.6516168957376,17860
"(0.9833229101521784, 1.0)",1,99.65161567764844,17861
"(0.9499687304565352, 1.0)",1,99.65151128909731,17862
"(0.934122934122934, 1.0)",1,99.65145801666984,17863
"(0.8016677935542034, 1.0)",1,99.65140674380665,17864
"(0.7344692811916678, 1.0)",1,99.65139084772818,17865
"(0.9295946890286512, 1.0)",1,99.65136570553148,17866
"(0.9295946890286512, 1.0)",1,99.65129910777593,17867
"(0.8101143854687974, 1.0)",1,99.6512489497782,17868
"(0.9153439153439152, 1.0)",1,99.6512167170062,17869
"(0.8732774170274171, 1.0)",1,99.6512064943623,17870
"(0.8355992355992357, 1.0)",1,99.65120527206088,17871
"(0.917469251615593, 1.0)",1,99.65115417791928,17872
"(0.7903875985986362, 1.0)",1,99.65113662147763,17873
"(0.7164894725870335, 1.0)",2,99.65109872298576,17875
"(0.8016677935542034, 1.0)",1,99.65109180087296,17876
"(0.7880931329207191, 1.0)",1,99.65106358229492,17877
"(0.8845578466141503, 1.0)",1,99.65103673928049,17878
"(0.8177442148030384, 1.0)",2,99.65103585541176,17880
"(0.7511111111111111, 1.0)",2,99.65100672256,17882
"(0.7344692811916678, 1.0)",2,99.65095150615132,17884
"(0.7479743867590829, 1.0)",1,99.65093413852986,17885
"(0.882673371045464, 1.0)",1,99.65092428907752,17886
"(0.9161379295307868, 1.0)",1,99.65092046850464,17887
"(0.8177442148030384, 1.0)",1,99.65091062049832,17888
"(0.7511111111111111, 1.0)",1,99.6508604845447,17889
"(0.8177442148030384, 1.0)",1,99.65084792467184,17890
"(0.8177442148030384, 1.0)",2,99.65078522884534,17892
"(0.9442283950617284, 1.0)",1,99.6507715126119,17893
"(0.837707400507675, 1.0)",2,99.65074952557026,17895
"(0.9331662489557224, 1.0)",1,99.65072253301884,17896
"(0.8845578466141503, 1.0)",1,99.65072228612354,17897
"(0.9441792447111594, 1.0)",1,99.65070960308216,17898
"(0.9166145507608924, 1.0)",2,99.6507076181873,17900
"(0.9499687304565352, 1.0)",1,99.65070761818728,17901
"(0.9497171590194846, 1.0)",1,99.65069677707916,17902
"(0.9161952650324744, 1.0)",1,99.6506925315293,17903
"(0.8341307814992026, 1.0)",1,99.65068279317316,17904
"(0.9666562434855118, 1.0)",1,99.65065223100122,17905
"(0.9665831244778612, 1.0)",1,99.6506449223608,17906
"(0.8341307814992026, 1.0)",3,99.65062009734667,17909
"(0.7164894725870335, 1.0)",1,99.65061240670995,17910
"(0.868077055383557, 1.0)",1,99.6506102641042,17911
"(0.9158007932517735, 1.0)",1,99.65060152781108,17912
"(0.8703703703703703, 1.0)",3,99.65059015059016,17915
"(0.9008025849489264, 1.0)",2,99.65058354140513,17917
"(0.9008025849489264, 1.0)",1,99.6505835414051,17918
"(0.9833229101521784, 1.0)",1,99.6505822265343,17919
"(0.7340930674264006, 1.0)",1,99.65054261802229,17920
"(0.944073617452092, 1.0)",1,99.65053890368029,17921
"(0.7060994560994561, 1.0)",1,99.65047363647452,17922
"(0.7164894725870335, 1.0)",1,99.6504657005896,17923
"(0.8840048840048841, 1.0)",2,99.65046293030888,17925
"(1.0, 1.0)",1,99.65045604675024,17926
"(0.917469251615593, 1.0)",1,99.65044772657096,17927
"(0.9331662489557224, 1.0)",1,99.65043863567612,17928
"(0.893146638589877, 1.0)",1,99.65043803740416,17929
"(0.8736897274633123, 1.0)",1,99.65042601354402,17930
"(0.8539212725259236, 1.0)",1,99.65038691094745,17931
"(0.9580331374974232, 1.0)",1,99.6503660531198,17932
"(0.917469251615593, 1.0)",2,99.65032233491796,17934
"(0.9326599326599326, 1.0)",2,99.65031056902625,17936
"(0.9161952650324744, 1.0)",2,99.65028833245889,17938
"(0.8840048840048841, 1.0)",1,99.65024932704044,17939
"(0.80285509389987, 1.0)",1,99.6502352903287,17940
"(0.9165164082221422, 1.0)",1,99.6502268306371,17941
"(0.6831352928913905, 1.0)",3,99.65016825992436,17944
"(0.8374727668845315, 1.0)",1,99.65015920747794,17945
"(0.9161952650324744, 1.0)",1,99.65014704044766,17946
"(0.9666666666666668, 1.0)",1,99.65013586129038,17947
"(0.944073617452092, 1.0)",1,99.65010404832968,17948
"(0.9167853751187084, 1.0)",1,99.6500763127024,17949
"(0.9326599326599326, 1.0)",1,99.65007591023851,17950
"(0.7503607503607503, 1.0)",1,99.65001372452788,17951
"(0.8222222222222222, 1.0)",1,99.64997915363767,17952
"(0.9326599326599326, 1.0)",2,99.64994877563782,17954
"(0.8997493734335841, 1.0)",1,99.6499071258923,17955
"(0.9326599326599326, 1.0)",2,99.64990687210587,17957
"(0.6831352928913905, 1.0)",1,99.64979153637692,17958
"(0.934122934122934, 1.0)",1,99.6497863891959,17959
"(0.7164894725870335, 1.0)",1,99.64978111319574,17960
"(0.6831352928913905, 1.0)",11,99.64978111319574,17971
"(0.8796475392220073, 1.0)",1,99.64978023876648,17972
"(0.7164894725870335, 1.0)",7,99.64975133267816,17979
"(0.9499687304565352, 1.0)",1,99.64973926373156,17980
"(0.9326599326599326, 1.0)",1,99.6497356112247,17981
"(0.844988344988345, 1.0)",1,99.64972940338794,17982
"(0.8165509259259259, 1.0)",1,99.64972824798032,17983
"(0.7164894725870335, 1.0)",3,99.64971841736926,17986
"(0.6831352928913905, 1.0)",2,99.64971841736926,17988
"(0.859499940327008, 1.0)",1,99.64970218225592,17989
"(0.9158007932517735, 1.0)",1,99.6496873715784,17990
"(0.8016677935542034, 1.0)",1,99.64967164155806,17991
"(0.7164894725870335, 1.0)",2,99.64965572154276,17993
"(0.7503607503607503, 1.0)",1,99.64960380749856,17994
"(0.8651903651903651, 1.0)",1,99.64958071267722,17995
"(0.8840048840048841, 1.0)",1,99.6495780642122,17996
"(0.9161952650324744, 1.0)",1,99.64957519611686,17997
"(0.6825396825396824, 1.0)",1,99.64957264957263,17998
"(0.917463536862289, 1.0)",1,99.64955348277591,17999
"(0.8997493734335841, 1.0)",2,99.64955117625207,18001
"(0.9, 1.0)",2,99.6495510195125,18003
"(0.8697983697983697, 1.0)",1,99.64954205823211,18004
"(0.8732774170274171, 1.0)",1,99.64953802802324,18005
"(0.7155555555555556, 1.0)",2,99.64953178355812,18007
"(0.7164894725870335, 1.0)",3,99.6495295417587,18010
"(0.9161952650324744, 1.0)",1,99.6494869056412,18011
"(0.9333333333333332, 1.0)",2,99.6494466309614,18013
"(0.7340930674264007, 1.0)",1,99.64943698277033,18014
"(0.9153439153439152, 1.0)",1,99.64943698277033,18015
"(0.7994987468671678, 1.0)",1,99.64942578459907,18016
"(0.7994987468671678, 1.0)",1,99.64940493823676,18017
"(0.9326599326599326, 1.0)",1,99.64940080959651,18018
"(0.8677838677838676, 1.0)",1,99.64939679708166,18019
"(0.917469251615593, 1.0)",1,99.64937224141332,18020
"(0.9333333333333332, 1.0)",1,99.64936214390195,18021
"(0.9665831244778612, 1.0)",1,99.64934224241028,18022
"(0.8016677935542034, 1.0)",1,99.6493347337294,18023
"(0.8997493734335841, 1.0)",1,99.6493212393084,18024
"(0.8697983697983697, 1.0)",2,99.64932067410696,18026
"(0.7503607503607503, 1.0)",1,99.64929935661644,18027
"(0.8976982097186702, 1.0)",1,99.64927203790292,18028
"(0.7498436522826767, 1.0)",1,99.64923975417452,18029
"(0.9331662489557224, 1.0)",1,99.64921685075728,18030
"(0.6825396825396824, 1.0)",2,99.64920634920637,18032
"(0.9666562434855118, 1.0)",1,99.6491959260252,18033
"(0.7326851851851852, 1.0)",1,99.64919171154564,18034
"(0.8432903075760217, 1.0)",1,99.6491915520651,18035
"(0.6825396825396824, 1.0)",3,99.64918550284403,18038
"(0.9833229101521784, 1.0)",2,99.64918550284403,18040
"(0.8432903075760217, 1.0)",1,99.64917505265868,18041
"(0.6907243513029603, 1.0)",1,99.64916291572484,18042
"(0.8651903651903651, 1.0)",1,99.6491567948564,18043
"(0.8329156223893065, 1.0)",1,99.64915415493078,18044
"(0.7164894725870335, 1.0)",1,99.64914940524696,18045
"(0.9333333333333332, 1.0)",1,99.64913236369784,18046
"(0.9665831244778612, 1.0)",1,99.64912280701756,18047
"(0.6825396825396824, 1.0)",3,99.64912280701756,18050
"(0.94993894993895, 1.0)",2,99.6490632371159,18052
"(0.9018806250259218, 1.0)",1,99.64904536270755,18053
"(0.7503607503607503, 1.0)",3,99.64902757585683,18056
"(0.9161952650324744, 1.0)",1,99.64902734523298,18057
"(0.916104916104916, 1.0)",1,99.64901990710273,18058
"(0.8796475392220073, 1.0)",1,99.64900934696637,18059
"(0.882673371045464, 1.0)",2,99.64900602569648,18061
"(0.8736897274633123, 1.0)",1,99.64899721892904,18062
"(0.9003556829643787, 1.0)",1,99.64899524731878,18063
"(0.9161952650324744, 1.0)",1,99.64898565250836,18064
"(1.0, 1.0)",2,99.64896354631853,18066
"(0.9161952650324744, 1.0)",1,99.64894604399636,18067
"(0.9326599326599326, 1.0)",1,99.64891868017224,18068
"(0.9506533178503804, 1.0)",1,99.6489088637908,18069
"(0.7656073923822403, 1.0)",1,99.6488677634475,18070
"(0.9445235834124724, 1.0)",1,99.64886406913504,18071
"(0.7042648709315374, 1.0)",1,99.64885467225508,18072
"(0.7155555555555556, 1.0)",1,99.64884719616428,18073
"(0.8158879904162925, 1.0)",1,99.64881193259777,18074
"(0.9008025849489264, 1.0)",1,99.64880976311404,18075
"(0.7155555555555556, 1.0)",1,99.64878450033775,18076
"(0.9331662489557224, 1.0)",1,99.64875736871886,18077
"(0.9161952650324744, 1.0)",2,99.64867059711374,18079
"(0.9161952650324744, 1.0)",1,99.64866742369205,18080
"(0.9331094582012576, 1.0)",2,99.64866203406967,18082
"(0.8997493734335841, 1.0)",1,99.64864281943424,18083
"(0.7155555555555556, 1.0)",2,99.64859562472722,18085
"(0.799275702501509, 1.0)",1,99.64859187864695,18086
"(0.8016677935542034, 1.0)",2,99.6485883166646,18088
"(0.8468951683237397, 1.0)",4,99.64856296187794,18092
"(0.9665831244778612, 1.0)",1,99.64852165885094,18093
"(0.8848000715856217, 1.0)",1,99.64852052370162,18094
"(1.0, 1.0)",2,99.64847905149574,18096
"(0.8653198653198653, 1.0)",2,99.64845500147167,18098
"(0.9158007932517735, 1.0)",1,99.64843505920564,18099
"(0.8374727668845315, 1.0)",1,99.64842309915764,18100
"(0.8016677935542034, 1.0)",1,99.64842104030744,18101
"(0.8467532467532467, 1.0)",1,99.64842104030744,18102
"(0.9161952650324744, 1.0)",1,99.64841664038607,18103
"(0.8633762288330498, 1.0)",1,99.64841521987957,18104
"(0.7820160586118033, 1.0)",1,99.64841125234976,18105
"(0.8633762288330498, 1.0)",1,99.64836693253945,18106
"(0.9665831244778612, 1.0)",1,99.6483327832404,18107
"(0.8976982097186702, 1.0)",7,99.64832088287022,18114
"(0.9295946890286512, 1.0)",2,99.6482663109078,18116
"(1.0, 1.0)",1,99.64825969447278,18117
"(0.9153439153439156, 1.0)",1,99.64825969447278,18118
"(0.6760835913312693, 1.0)",1,99.64824571017569,18119
"(0.7656073923822403, 1.0)",1,99.6482360554987,18120
"(0.8349489264123411, 1.0)",1,99.64823118987545,18121
"(0.7155555555555556, 1.0)",1,99.64821548821548,18122
"(0.816195709052852, 1.0)",2,99.64820629106345,18124
"(0.9665831244778612, 1.0)",1,99.64820343003464,18125
"(0.8151249335459861, 1.0)",1,99.64820151027972,18126
"(0.8165520116739629, 1.0)",1,99.64816552011676,18127
"(0.8053381731676306, 1.0)",1,99.64813199739083,18128
"(0.8845578466141503, 1.0)",1,99.6481005369861,18129
"(0.9161952650324744, 1.0)",1,99.64809504371256,18130
"(0.9833229101521784, 1.0)",2,99.64807803838164,18132
"(0.7503607503607503, 1.0)",1,99.64805896007942,18133
"(0.8697983697983697, 1.0)",1,99.64800486674515,18134
"(0.7656073923822403, 1.0)",1,99.64798448406164,18135
"(0.9161952650324744, 1.0)",1,99.64792395093318,18136
"(0.9326599326599326, 1.0)",1,99.64790683571172,18137
"(0.930704099821747, 1.0)",1,99.64787204590792,18138
"(0.8294970161977834, 1.0)",1,99.64787135285734,18139
"(0.8848000715856217, 1.0)",1,99.64783607925204,18140
"(0.9161952650324744, 1.0)",1,99.64775219712892,18141
"(1.0, 1.0)",1,99.64774857719658,18142
"(0.8732774170274171, 1.0)",1,99.647723641586,18143
"(1.0, 1.0)",1,99.6476858813701,18144
"(0.9833229101521784, 1.0)",1,99.64763130686944,18145
"(0.9497171590194846, 1.0)",1,99.6476244667426,18146
"(0.8316498316498316, 1.0)",1,99.64761266050934,18147
"(0.8814814814814814, 1.0)",1,99.64758293788356,18148
"(0.8222222222222222, 1.0)",10,99.6475464490301,18158
"(0.8316498316498316, 1.0)",1,99.64753509264958,18159
"(0.9157169990503324, 1.0)",1,99.64750898246832,18160
"(0.8976982097186702, 1.0)",1,99.64750001253717,18161
"(0.9027777777777778, 1.0)",2,99.64747971326918,18163
"(0.944563492063492, 1.0)",1,99.64746772669255,18164
"(0.8178752003946232, 1.0)",1,99.6473809289496,18165
"(0.8796475392220073, 1.0)",1,99.64732972153834,18166
"(0.8468951683237397, 1.0)",2,99.64728711640056,18168
"(0.8651903651903651, 1.0)",1,99.64727848119132,18169
"(0.8976982097186702, 1.0)",2,99.64727007559348,18171
"(0.8432903075760217, 1.0)",1,99.64721333788894,18172
"(0.9166145507608924, 1.0)",1,99.64719020816582,18173
"(0.9666562434855118, 1.0)",1,99.64712487388996,18174
"(0.8310777799491891, 1.0)",1,99.64707845304946,18175
"(0.7903875985986362, 1.0)",2,99.64707760084784,18177
"(0.8796475392220073, 1.0)",1,99.64706911023794,18178
"(0.8137865219658889, 1.0)",1,99.6470573162123,18179
"(0.8848000715856217, 1.0)",2,99.64700008474428,18181
"(1.0, 1.0)",1,99.64699718461992,18182
"(0.7982894736842105, 1.0)",1,99.64699183393984,18183
"(0.8813080639167598, 1.0)",1,99.6469763926816,18184
"(0.9161952650324744, 1.0)",1,99.64691094311658,18185
"(0.8137865219658889, 1.0)",1,99.64689023183467,18186
"(0.7802197802197803, 1.0)",1,99.64688644688644,18187
"(0.9166145507608924, 1.0)",1,99.6468743607517,18188
"(0.8137865219658889, 1.0)",2,99.6468275360082,18190
"(0.8832603710652491, 1.0)",1,99.6468030614372,18191
"(0.8308802308802309, 1.0)",1,99.64680053460542,18192
"(0.9161952650324744, 1.0)",1,99.64675603636404,18193
"(0.8420013166556946, 1.0)",1,99.64674168419634,18194
"(0.8468951683237397, 1.0)",1,99.64672824068568,18195
"(0.8976982097186702, 1.0)",1,99.64669107123969,18196
"(0.7802197802197803, 1.0)",1,99.64667766978422,18197
"(0.9153439153439156, 1.0)",1,99.64667051322571,18198
"(0.9665831244778612, 1.0)",1,99.64661497395772,18199
"(0.8997493734335841, 1.0)",1,99.64655227813122,18200
"(0.8663324979114452, 1.0)",1,99.64655227813122,18201
"(0.9326599326599326, 1.0)",1,99.64653274732808,18202
"(0.8374727668845315, 1.0)",1,99.64643579670316,18203
"(0.9497171590194846, 1.0)",1,99.64636378249536,18204
"(0.9497171590194846, 1.0)",1,99.64631297132716,18205
"(0.7982894736842105, 1.0)",1,99.64630977794556,18206
"(0.9192093318943212, 1.0)",1,99.64629696082358,18207
"(0.8796475392220073, 1.0)",1,99.64620954031378,18208
"(0.6962148962148962, 1.0)",1,99.64618362667144,18209
"(0.9326599326599326, 1.0)",1,99.64617135348844,18210
"(0.9166145507608924, 1.0)",1,99.64609988024624,18211
"(0.9153439153439156, 1.0)",1,99.64608313910487,18212
"(0.9003556829643787, 1.0)",1,99.64607686874784,18213
"(0.8294970161977834, 1.0)",1,99.64606987423406,18214
"(0.9833229101521784, 1.0)",1,99.64605331288068,18215
"(0.9326599326599326, 1.0)",1,99.64604596183544,18216
"(0.8796475392220073, 1.0)",1,99.64604288969952,18217
"(0.8997493734335841, 1.0)",2,99.6460204432784,18219
"(0.8653198653198653, 1.0)",1,99.64596417884025,18220
"(0.8976982097186702, 1.0)",1,99.64595695932084,18221
"(0.844988344988345, 1.0)",3,99.64595108964754,18224
"(0.8796475392220073, 1.0)",1,99.6459353153256,18225
"(0.8653198653198653, 1.0)",2,99.64589382098092,18227
"(0.916104916104916, 1.0)",1,99.6458283962314,18228
"(0.8635976129582268, 1.0)",1,99.6458165544153,18229
"(0.8633762288330498, 1.0)",1,99.64579308576404,18230
"(0.8796475392220073, 1.0)",2,99.64579210639351,18232
"(0.8976982097186702, 1.0)",1,99.64578924502943,18233
"(0.7802197802197803, 1.0)",1,99.64578706098844,18234
"(0.7996376811594202, 1.0)",1,99.64577746998938,18235
"(0.9326599326599326, 1.0)",1,99.64577530322968,18236
"(0.80285509389987, 1.0)",1,99.64575137718548,18237
"(0.8294970161977834, 1.0)",2,99.64562974214331,18239
"(0.8319340617212959, 1.0)",1,99.64561067333024,18240
"(0.9153439153439152, 1.0)",1,99.64559649925503,18241
"(0.7802197802197803, 1.0)",1,99.64553964553964,18242
"(0.8468951683237397, 1.0)",1,99.64549945473291,18243
"(0.8976982097186702, 1.0)",1,99.64544028775433,18244
"(0.7121693121693121, 1.0)",1,99.64539825695152,18245
"(0.7979797979797979, 1.0)",3,99.64539516671796,18248
"(0.9666562434855118, 1.0)",1,99.6453948490534,18249
"(0.9583930063253372, 1.0)",1,99.64534252029188,18250
"(0.7121693121693121, 1.0)",1,99.64533556112504,18251
"(0.8796475392220073, 1.0)",1,99.64533365856668,18252
"(0.9497171590194848, 1.0)",1,99.645323826283,18253
"(0.893146638589877, 1.0)",1,99.64530478863784,18254
"(0.8976982097186702, 1.0)",1,99.64529203088622,18255
"(0.7656073923822403, 1.0)",2,99.64525493160426,18257
"(0.9666562434855118, 1.0)",1,99.64523272932134,18258
"(0.8137566137566138, 1.0)",1,99.64508337191263,18259
"(0.8840455840455841, 1.0)",4,99.64505066084013,18263
"(0.8668153102935712, 1.0)",1,99.64503260006413,18264
"(0.8814814814814814, 1.0)",1,99.64502417185344,18265
"(0.8310777799491891, 1.0)",1,99.64501620291976,18266
"(0.9153439153439156, 1.0)",1,99.64495810466344,18267
"(0.934122934122934, 1.0)",1,99.64495214912417,18268
"(0.8633762288330498, 1.0)",1,99.64492646230435,18269
"(0.7675138481590094, 1.0)",1,99.64489094984688,18270
"(0.8814814814814814, 1.0)",1,99.64484927899562,18271
"(0.7121693121693121, 1.0)",1,99.64482924482924,18272
"(1.0, 1.0)",1,99.64482924482924,18273
"(0.8811945374355704, 1.0)",1,99.64473722780752,18274
"(0.9665831244778612, 1.0)",1,99.64471677797546,18275
"(0.6612761389202956, 1.0)",1,99.64459904907248,18276
"(0.7612958226768967, 1.0)",1,99.64459788646676,18277
"(0.8976982097186702, 1.0)",2,99.6445638102428,18279
"(0.9833229101521784, 1.0)",1,99.6445638102428,18280
"(0.933096859926128, 1.0)",1,99.64453786508794,18281
"(0.9665831244778612, 1.0)",1,99.64451187026654,18282
"(0.80285509389987, 1.0)",1,99.644508747581,18283
"(0.8222222222222222, 1.0)",1,99.64444444444445,18284
"(0.812557599070401, 1.0)",1,99.64426906383324,18285
"(0.9442283950617284, 1.0)",1,99.64424233634432,18286
"(0.8976982097186702, 1.0)",2,99.64424088309062,18288
"(0.8796475392220073, 1.0)",1,99.64416373332011,18289
"(0.861111111111111, 1.0)",2,99.64416254833456,18291
"(0.8796475392220073, 1.0)",1,99.644119959847,18292
"(0.8997493734335841, 1.0)",1,99.64407900614576,18293
"(0.8976982097186702, 1.0)",1,99.64405851052204,18294
"(0.8296970789758384, 1.0)",1,99.6440176711217,18295
"(0.8997493734335841, 1.0)",6,99.64399546395695,18301
"(0.7612958226768967, 1.0)",1,99.64396919372236,18302
"(0.861111111111111, 1.0)",1,99.64395264046831,18303
"(0.7994987468671678, 1.0)",1,99.64393276813044,18304
"(0.7802197802197803, 1.0)",2,99.643817393178,18306
"(0.8796475392220073, 1.0)",2,99.64380363850512,18308
"(0.8329156223893065, 1.0)",1,99.6437438925199,18309
"(0.7460317460317459, 1.0)",1,99.64372995575042,18310
"(1.0, 1.0)",2,99.64370015948964,18312
"(0.8016677935542034, 1.0)",1,99.6436691102099,18313
"(0.8420013166556946, 1.0)",4,99.6436691102099,18317
"(0.8420013166556947, 1.0)",3,99.6436691102099,18320
"(0.9499687304565352, 1.0)",1,99.64365924724316,18321
"(0.9326599326599326, 1.0)",1,99.64363423003796,18322
"(0.826388888888889, 1.0)",1,99.6436254879567,18323
"(0.8653198653198653, 1.0)",1,99.6436184784541,18324
"(0.812557599070401, 1.0)",2,99.6435967353727,18326
"(0.893146638589877, 1.0)",1,99.64352342639503,18327
"(0.7545469576719577, 1.0)",1,99.64347043603944,18328
"(0.8468951683237397, 1.0)",1,99.64343764611252,18329
"(0.861111111111111, 1.0)",1,99.64342645183469,18330
"(0.9499687304565352, 1.0)",1,99.64340024545416,18331
"(0.7430253184970165, 1.0)",1,99.6433810014614,18332
"(0.8229870141950848, 1.0)",2,99.64336869194432,18334
"(0.8633762288330498, 1.0)",1,99.6433511182459,18335
"(0.868077055383557, 1.0)",1,99.64330731682148,18336
"(0.7612958226768967, 1.0)",2,99.64328555832518,18338
"(0.7435897435897435, 1.0)",1,99.64327563306576,18339
"(0.7601164382773579, 1.0)",1,99.6432514176896,18340
"(0.8294970161977834, 1.0)",1,99.64321048948572,18341
"(0.8796475392220073, 1.0)",2,99.64319022959396,18343
"(0.7944219523166891, 1.0)",1,99.64318700839884,18344
"(0.8796475392220073, 1.0)",1,99.6431512202074,18345
"(0.9833229101521784, 1.0)",1,99.64311875635175,18346
"(0.7277677677677677, 1.0)",1,99.64311090502268,18347
"(0.8796475392220073, 1.0)",1,99.64309456248014,18348
"(0.844988344988345, 1.0)",1,99.64309227453818,18349
"(0.776488287126585, 1.0)",1,99.643071568344,18350
"(0.9833229101521784, 1.0)",2,99.64306472778873,18352
"(0.8635976129582268, 1.0)",1,99.64305722144032,18353
"(0.8468951683237397, 1.0)",1,99.64303186665364,18354
"(0.893146638589877, 1.0)",1,99.64301409456878,18355
"(0.9833229101521784, 1.0)",1,99.64296902173892,18356
"(0.8165520116739629, 1.0)",1,99.64294090056283,18357
"(0.8420013166556946, 1.0)",1,99.64278454426818,18358
"(0.826388888888889, 1.0)",1,99.64277365944568,18359
"(0.8432903075760217, 1.0)",1,99.64270120982076,18360
"(0.8229870141950848, 1.0)",1,99.64265456799288,18361
"(0.903667392883079, 1.0)",1,99.64249212252136,18362
"(0.8796475392220073, 1.0)",1,99.64243005785627,18363
"(0.7090909090909091, 1.0)",1,99.64242424242424,18364
"(0.7090909090909091, 1.0)",1,99.64238254969962,18365
"(0.8796475392220073, 1.0)",1,99.64236736202976,18366
"(0.9666562434855118, 1.0)",2,99.64233027705428,18368
"(0.9665831244778612, 1.0)",1,99.64231985387312,18369
"(0.9833229101521784, 1.0)",1,99.64231985387312,18370
"(0.8651903651903651, 1.0)",1,99.6422843191136,18371
"(0.7090909090909091, 1.0)",4,99.64225715804665,18375
"(0.8533622685185187, 1.0)",1,99.64223314056504,18376
"(0.8101143854687974, 1.0)",1,99.64212313382076,18377
"(0.7075023741690408, 1.0)",2,99.64211162456776,18379
"(0.8976982097186702, 1.0)",1,99.64204314304985,18380
"(0.8468951683237397, 1.0)",1,99.64194728628809,18381
"(0.7675138481590094, 1.0)",1,99.64191453566116,18382
"(0.8976982097186702, 1.0)",1,99.64188160441554,18383
"(0.8165520116739629, 1.0)",2,99.64187623848184,18385
"(0.8420013166556946, 1.0)",2,99.64179253955346,18387
"(0.8840455840455841, 1.0)",1,99.6417907505958,18388
"(0.8420013166556946, 1.0)",1,99.64175084682884,18389
"(0.9326599326599326, 1.0)",1,99.64175084175083,18390
"(0.8997493734335841, 1.0)",1,99.64172984372698,18391
"(0.916104916104916, 1.0)",1,99.64171450408664,18392
"(0.8420013166556946, 1.0)",1,99.64170899736466,18393
"(0.808446455505279, 1.0)",1,99.64167555702709,18394
"(0.9161952650324744, 1.0)",1,99.6416586149989,18395
"(0.7675138481590094, 1.0)",1,99.6416441016857,18396
"(1.0, 1.0)",1,99.64162790399672,18397
"(0.8420013166556946, 1.0)",1,99.64162545517586,18398
"(0.9166145507608924, 1.0)",1,99.6415619712183,18399
"(0.7532376017916352, 1.0)",2,99.64155610589933,18401
"(0.844988344988345, 1.0)",1,99.6415469535674,18402
"(0.8101143854687974, 1.0)",1,99.64152208463456,18403
"(0.8329156223893065, 1.0)",2,99.64150006352288,18405
"(0.8420013166556946, 1.0)",1,99.64150006352288,18406
"(0.8420013166556946, 1.0)",1,99.6414992753918,18407
"(0.917469251615593, 1.0)",1,99.64146030391956,18408
"(0.8420013166556946, 1.0)",1,99.6414365795653,18409
"(0.8615866942983156, 1.0)",1,99.64137531717236,18410
"(0.7083333333333334, 1.0)",2,99.641373402505,18412
"(0.844988344988345, 1.0)",1,99.6413533802031,18413
"(0.7802197802197803, 1.0)",8,99.6413308913309,18421
"(0.861111111111111, 1.0)",2,99.6413308913309,18423
"(0.8420013166556946, 1.0)",1,99.64130390799936,18424
"(0.8468951683237397, 1.0)",1,99.64129792004356,18425
"(0.786508365740383, 1.0)",1,99.64126598932344,18426
"(0.9326599326599326, 1.0)",1,99.64124453053306,18427
"(0.9153439153439152, 1.0)",1,99.64123621512432,18428
"(0.8108747044917258, 1.0)",1,99.64123284687034,18429
"(0.7880931329207191, 1.0)",1,99.64121441287126,18430
"(0.7675138481590094, 1.0)",1,99.64117018339246,18431
"(0.757745166550198, 1.0)",1,99.64102638397776,18432
"(0.7077308656256025, 1.0)",2,99.64102250623432,18434
"(0.8316498316498316, 1.0)",1,99.64098843783128,18435
"(0.757745166550198, 1.0)",1,99.64081075693286,18436
"(0.861111111111111, 1.0)",1,99.64079905647804,18437
"(0.8229870141950848, 1.0)",2,99.64076731562142,18439
"(0.7075023741690408, 1.0)",1,99.64066862312475,18440
"(0.9331662489557224, 1.0)",4,99.6405707195932,18444
"(0.9161952650324744, 1.0)",3,99.64052355606051,18447
"(0.8976982097186702, 1.0)",1,99.640491975043,18448
"(0.9153439153439152, 1.0)",1,99.64041751558536,18449
"(0.9326599326599326, 1.0)",1,99.64037382966666,18450
"(0.9326599326599326, 1.0)",2,99.64031113384016,18452
"(0.7069597069597069, 1.0)",1,99.64029304029305,18453
"(0.7372334455667788, 1.0)",1,99.6402179126489,18454
"(0.7069597069597069, 1.0)",1,99.64018865174192,18455
"(0.7075023741690408, 1.0)",1,99.64016230682896,18456
"(0.9326599326599326, 1.0)",2,99.6401222582296,18458
"(0.9833229101521784, 1.0)",1,99.64008780037965,18459
"(0.8976982097186702, 1.0)",1,99.6400851840771,18460
"(0.9326599326599326, 1.0)",1,99.64008453406802,18461
"(0.898989898989899, 1.0)",1,99.64005797569229,18462
"(0.6733821733821733, 1.0)",1,99.64004884004883,18463
"(0.6733821733821733, 1.0)",5,99.64002799368652,18468
"(0.9305555555555556, 1.0)",1,99.63996287661617,18469
"(0.8615866942983156, 1.0)",1,99.6399010590164,18470
"(0.8677248677248677, 1.0)",1,99.63985312457712,18471
"(0.861111111111111, 1.0)",1,99.63983125528809,18472
"(0.861111111111111, 1.0)",3,99.63983044070062,18475
"(0.808446455505279, 1.0)",1,99.6397732136613,18476
"(0.757745166550198, 1.0)",1,99.6397557485608,18477
"(0.757745166550198, 1.0)",2,99.63973490219848,18479
"(0.8811945374355704, 1.0)",1,99.63968501319916,18480
"(0.8222222222222222, 1.0)",2,99.63968253968254,18482
"(0.930704099821747, 1.0)",1,99.63964189556737,18483
"(0.8053381731676306, 1.0)",1,99.63955393309482,18484
"(0.8840048840048841, 1.0)",1,99.63951874683582,18485
"(0.9164652836623464, 1.0)",1,99.6394877201889,18486
"(0.7965746171391332, 1.0)",1,99.63941831444713,18487
"(0.7734344933751168, 1.0)",1,99.63940691300608,18488
"(0.8229870141950848, 1.0)",1,99.63927714516532,18489
"(0.8848000715856217, 1.0)",2,99.63920143710618,18491
"(0.8811945374355704, 1.0)",1,99.63917869690336,18492
"(0.7075023741690408, 1.0)",2,99.6390794418777,18494
"(0.8294970161977834, 1.0)",1,99.63906995397298,18495
"(0.9720813204508856, 1.0)",1,99.6390214011398,18496
"(0.81893131227901, 1.0)",1,99.63901424543523,18497
"(0.8613656783468103, 1.0)",1,99.63900211973544,18498
"(0.7786375661375661, 1.0)",1,99.63895371518277,18499
"(0.8796475392220073, 1.0)",1,99.63894261766602,18500
"(0.7632275132275131, 1.0)",2,99.6389417989418,18502
"(0.9833229101521784, 1.0)",1,99.63894124034678,18503
"(0.7944219523166891, 1.0)",3,99.63885597357998,18506
"(0.81893131227901, 1.0)",1,99.63884629320208,18507
"(0.7222222222222221, 1.0)",6,99.63883677298313,18513
"(0.944563492063492, 1.0)",1,99.63877719454528,18514
"(0.8832603710652491, 1.0)",2,99.6387742338962,18516
"(0.7222222222222221, 1.0)",1,99.63877407715664,18517
"(0.9666562434855118, 1.0)",1,99.63877307576496,18518
"(0.757745166550198, 1.0)",4,99.63876628642105,18522
"(0.8976982097186702, 1.0)",5,99.63876628642105,18527
"(0.9167853751187084, 1.0)",1,99.6387624158382,18528
"(0.8222222222222222, 1.0)",1,99.63872196125084,18529
"(0.9331662489557224, 1.0)",1,99.6386488422432,18530
"(0.8222222222222222, 1.0)",1,99.6386488422432,18531
"(0.8053381731676306, 1.0)",2,99.63864153813034,18533
"(0.9027777777777778, 1.0)",1,99.63860940967378,18534
"(0.9158007932517735, 1.0)",1,99.6385978751361,18535
"(0.9158007932517735, 1.0)",1,99.63859755682697,18536
"(0.7372334455667788, 1.0)",1,99.63859537326556,18537
"(0.7222222222222221, 1.0)",1,99.63858520154606,18538
"(0.8732774170274171, 1.0)",2,99.63856164477188,18540
"(0.8065954953750508, 1.0)",1,99.6385246217824,18541
"(0.9167853751187084, 1.0)",1,99.63851997544532,18542
"(0.8420013166556946, 1.0)",1,99.63851103999468,18543
"(0.934122934122934, 1.0)",1,99.6384819833686,18544
"(0.8420013166556946, 1.0)",1,99.63846702937757,18545
"(0.8329156223893065, 1.0)",3,99.63846075476371,18548
"(0.8222222222222222, 1.0)",1,99.63845996663264,18549
"(0.861111111111111, 1.0)",2,99.6384568600518,18551
"(0.8796475392220073, 1.0)",1,99.6384568600518,18552
"(0.8736897274633123, 1.0)",1,99.63842644893325,18553
"(0.9299507899507898, 1.0)",1,99.6384211615797,18554
"(0.9027777777777778, 1.0)",1,99.63839348359444,18555
"(0.8997493734335841, 1.0)",1,99.63827187915317,18556
"(0.8796475392220073, 1.0)",1,99.6382634066386,18557
"(0.7647742788871822, 1.0)",1,99.63824575865478,18558
"(0.9158007932517735, 1.0)",1,99.63822928702884,18559
"(0.9441792447111594, 1.0)",1,99.63814065675072,18560
"(1.0, 1.0)",2,99.6381100982727,18562
"(0.8887202421952387, 1.0)",1,99.63801362380156,18563
"(0.8533622685185187, 1.0)",1,99.63800172274416,18564
"(0.8832603710652491, 1.0)",1,99.63799932429032,18565
"(0.7632275132275131, 1.0)",1,99.6379171144768,18566
"(0.9583930063253372, 1.0)",1,99.63791359622864,18567
"(0.8635976129582268, 1.0)",1,99.6379099948615,18568
"(0.7916666666666666, 1.0)",1,99.63789733036654,18569
"(0.9442283950617284, 1.0)",1,99.63789114898832,18570
"(0.8222222222222222, 1.0)",1,99.63789095451035,18571
"(0.9497171590194846, 1.0)",1,99.63786048389164,18572
"(0.9445235834124724, 1.0)",1,99.63783382780488,18573
"(0.808446455505279, 1.0)",1,99.63781115374675,18574
"(0.7880931329207191, 1.0)",2,99.63780454360774,18576
"(0.8736897274633123, 1.0)",1,99.63778598564733,18577
"(0.8736897274633123, 1.0)",1,99.6377478084105,18578
"(0.8319340617212959, 1.0)",1,99.63770532726488,18579
"(0.9027777777777778, 1.0)",1,99.6376780248332,18580
"(0.9166145507608924, 1.0)",1,99.6376712718176,18581
"(0.8222222222222222, 1.0)",1,99.6376393830733,18582
"(0.9833229101521784, 1.0)",1,99.63760857599112,18583
"(0.9299507899507898, 1.0)",1,99.63758600700578,18584
"(0.861111111111111, 1.0)",1,99.63756613756614,18585
"(0.7222222222222221, 1.0)",3,99.63756613756614,18588
"(0.9833229101521784, 1.0)",4,99.6375308938796,18592
"(0.8222222222222222, 1.0)",1,99.63751081799862,18593
"(0.9545293471488726, 1.0)",1,99.63746190816804,18594
"(0.8222222222222222, 1.0)",1,99.63744090265271,18595
"(0.8065954953750508, 1.0)",1,99.63742473266954,18596
"(0.8732774170274171, 1.0)",1,99.63742376365852,18597
"(1.0, 1.0)",1,99.63739773609304,18598
"(0.8374727668845315, 1.0)",1,99.63739466308373,18599
"(0.8796475392220073, 1.0)",7,99.6373927057722,18606
"(0.757745166550198, 1.0)",1,99.6373927057722,18607
"(0.8053381731676306, 1.0)",1,99.6373880637054,18608
"(0.8319340617212959, 1.0)",1,99.63734596600828,18609
"(0.901575014782562, 1.0)",1,99.63731044176882,18610
"(0.7198480531813864, 1.0)",3,99.6372269705603,18613
"(0.8305135146220418, 1.0)",1,99.63720301698734,18614
"(0.7479743867590829, 1.0)",2,99.6371650260108,18616
"(0.9166682405676116, 1.0)",1,99.63715815224523,18617
"(0.861111111111111, 1.0)",1,99.63714167655806,18618
"(0.9665831244778612, 1.0)",1,99.63713479502954,18619
"(0.9583930063253372, 1.0)",1,99.63709912692826,18620
"(0.9583930063253372, 1.0)",1,99.6370965794932,18621
"(0.7204751921733054, 1.0)",2,99.6370897429342,18623
"(0.9161379295307868, 1.0)",1,99.63708780993514,18624
"(0.8471527473990528, 1.0)",1,99.63705330600196,18625
"(0.9581458989353726, 1.0)",1,99.63704904072073,18626
"(0.7204751921733054, 1.0)",4,99.6370270471077,18630
"(0.8732774170274171, 1.0)",1,99.63701782805104,18631
"(0.8814814814814814, 1.0)",1,99.63701619067471,18632
"(0.9445235834124724, 1.0)",1,99.63696990421556,18633
"(0.7204751921733054, 1.0)",1,99.6369643512812,18634
"(0.8329050741331443, 1.0)",1,99.63691952523313,18635
"(0.9161379295307868, 1.0)",1,99.63689508236403,18636
"(0.8319340617212959, 1.0)",1,99.63687310712815,18637
"(0.7880931329207191, 1.0)",1,99.63685956641116,18638
"(0.73687720936437, 1.0)",1,99.63685636300208,18639
"(1.0, 1.0)",1,99.63684853158536,18640
"(0.9297812306740878, 1.0)",1,99.6367821247469,18641
"(0.9583930063253372, 1.0)",1,99.63678075298785,18642
"(0.8697983697983697, 1.0)",1,99.6367731983933,18643
"(0.7880931329207191, 1.0)",1,99.63672868887336,18644
"(0.8300265307680562, 1.0)",1,99.63671950669476,18645
"(0.8697983697983697, 1.0)",2,99.6367105025668,18647
"(0.73687720936437, 1.0)",2,99.63668927862444,18649
"(0.9158007932517735, 1.0)",1,99.63664192685454,18650
"(0.7416325017951034, 1.0)",1,99.63663292620728,18651
"(0.9442283950617284, 1.0)",1,99.63662159890258,18652
"(0.8349489264123411, 1.0)",1,99.63661671996654,18653
"(0.8319340617212959, 1.0)",2,99.63657943289388,18655
"(0.9165164082221422, 1.0)",1,99.63657907386671,18656
"(0.73687720936437, 1.0)",1,99.63656309884038,18657
"(0.7887083935918564, 1.0)",1,99.6365487513318,18658
"(0.8222222222222222, 1.0)",2,99.6365349827018,18660
"(0.7060994560994561, 1.0)",2,99.63651436673572,18662
"(0.9303715638302106, 1.0)",1,99.6365016217328,18663
"(0.8372053872053872, 1.0)",1,99.63648835593636,18664
"(0.8635976129582268, 1.0)",1,99.63647315303083,18665
"(0.8976982097186702, 1.0)",2,99.63647228687528,18667
"(0.7198480531813864, 1.0)",2,99.63646260394228,18669
"(0.6698155645524068, 1.0)",5,99.63646138485676,18674
"(0.7204751921733054, 1.0)",1,99.63645803498542,18675
"(0.8310777799491891, 1.0)",1,99.63640795911296,18676
"(0.9833229101521784, 1.0)",1,99.63640406837553,18677
"(0.861111111111111, 1.0)",1,99.63640406837553,18678
"(0.6698155645524068, 1.0)",7,99.63639868903029,18685
"(0.9008627640703112, 1.0)",1,99.63636095589445,18686
"(0.9665831244778612, 1.0)",1,99.63629118045316,18687
"(0.8976982097186702, 1.0)",2,99.63628341126474,18689
"(0.9300671002153482, 1.0)",1,99.63628004465605,18690
"(0.8300265307680562, 1.0)",1,99.6362633696136,18691
"(0.9331662489557224, 1.0)",1,99.63625152799308,18692
"(0.8697983697983697, 1.0)",1,99.63619372027588,18693
"(0.8586166985951469, 1.0)",1,99.63615515118047,18694
"(0.8845578466141503, 1.0)",1,99.6361316747984,18695
"(0.9665831244778612, 1.0)",1,99.63610782158877,18696
"(0.7030539311241066, 1.0)",1,99.63609400029576,18697
"(0.8374727668845315, 1.0)",1,99.63607705329368,18698
"(0.6698155645524068, 1.0)",1,99.63601154230166,18699
"(0.8885714285714285, 1.0)",1,99.6359532959935,18700
"(0.7880931329207191, 1.0)",1,99.63593349066063,18701
"(0.9497171590194848, 1.0)",1,99.63587145313534,18702
"(0.8840048840048841, 1.0)",1,99.63583134314842,18703
"(0.7198480531813864, 1.0)",1,99.6358308959935,18704
"(0.7362637362637362, 1.0)",2,99.6357819114484,18706
"(0.9158007932517735, 1.0)",1,99.63573830632204,18707
"(0.933096859926128, 1.0)",2,99.63572738802836,18709
"(0.9326599326599326, 1.0)",2,99.63571386378403,18711
"(0.7030539311241066, 1.0)",3,99.63571386378403,18714
"(0.80285509389987, 1.0)",1,99.63570553199035,18715
"(1.0, 1.0)",1,99.63570471836502,18716
"(0.7479743867590829, 1.0)",1,99.63566683173327,18717
"(0.9167853751187084, 1.0)",1,99.63561940884053,18718
"(0.9333333333333332, 1.0)",1,99.63558784348258,18719
"(0.8703703703703703, 1.0)",1,99.6355650007768,18720
"(0.8165509259259259, 1.0)",2,99.63550269083632,18722
"(0.8976982097186702, 1.0)",1,99.63547413448646,18723
"(0.746304385688563, 1.0)",2,99.63542422779352,18725
"(0.746304385688563, 1.0)",1,99.63539214470958,18726
"(0.8471527473990528, 1.0)",1,99.63535298850788,18727
"(0.7687400318979267, 1.0)",4,99.63526061728884,18731
"(0.8613656783468103, 1.0)",1,99.63524528922176,18732
"(0.8814814814814814, 1.0)",1,99.63522721293762,18733
"(0.8432903075760217, 1.0)",1,99.63521049327171,18734
"(0.7198480531813864, 1.0)",2,99.6351919685253,18736
"(0.8222222222222222, 1.0)",1,99.63516140205294,18737
"(0.9442283950617284, 1.0)",1,99.63512862474542,18738
"(0.8222222222222222, 1.0)",1,99.63509870622644,18739
"(0.9497171590194846, 1.0)",1,99.63509351665904,18740
"(0.7686844739476318, 1.0)",1,99.63507966768556,18741
"(0.8177442148030384, 1.0)",1,99.63506482416471,18742
"(0.746304385688563, 1.0)",2,99.63503349637844,18744
"(0.7183489076634237, 1.0)",1,99.63501744173848,18745
"(0.8840048840048841, 1.0)",1,99.6350000496342,18746
"(0.9833229101521784, 1.0)",1,99.63499874379946,18747
"(0.7514159241564776, 1.0)",1,99.6349849820902,18748
"(0.8420013166556947, 1.0)",1,99.63497333002243,18749
"(0.9161379295307868, 1.0)",1,99.63496618349076,18750
"(0.7183489076634237, 1.0)",1,99.63493419636828,18751
"(0.8796475392220073, 1.0)",1,99.6349098306159,18752
"(0.9445235834124724, 1.0)",1,99.63485884654897,18753
"(0.9497171590194846, 1.0)",1,99.63484674967584,18754
"(0.8832603710652491, 1.0)",2,99.6348341992495,18756
"(0.8016677935542034, 1.0)",1,99.6347923497853,18757
"(0.9833229101521784, 1.0)",1,99.63478345674956,18758
"(0.9153439153439156, 1.0)",1,99.63474760503595,18759
"(0.893146638589877, 1.0)",1,99.63467475719509,18760
"(0.8165509259259259, 1.0)",1,99.63466782236505,18761
"(0.8016677935542034, 1.0)",1,99.63466275703698,18762
"(0.7042648709315374, 1.0)",1,99.63464947302684,18763
"(0.8997493734335841, 1.0)",2,99.63464611177,18765
"(0.8016677935542034, 1.0)",2,99.63464532363894,18767
"(0.8016677935542034, 1.0)",1,99.63458262781243,18768
"(0.9522870228046522, 1.0)",1,99.63458038715136,18769
"(0.8840048840048841, 1.0)",1,99.6345710534414,18770
"(0.8732774170274171, 1.0)",1,99.63453073026768,18771
"(0.9326599326599326, 1.0)",1,99.63452969410416,18772
"(0.6760835913312693, 1.0)",1,99.63449933361449,18773
"(0.6907243513029603, 1.0)",2,99.63445073074362,18775
"(0.9003556829643787, 1.0)",1,99.6344487503908,18776
"(0.8586166985951469, 1.0)",1,99.63443083920272,18777
"(0.9499687304565352, 1.0)",1,99.63441491352108,18778
"(0.8449978636391381, 1.0)",1,99.63434819668802,18779
"(0.933096859926128, 1.0)",3,99.63433131346154,18782
"(0.8165520116739629, 1.0)",1,99.63430460991437,18783
"(0.9666562434855118, 1.0)",1,99.63430252821183,18784
"(0.8016677935542034, 1.0)",1,99.63427561030836,18785
"(0.9326599326599326, 1.0)",1,99.63426026410622,18786
"(0.8053381731676306, 1.0)",1,99.63421305681304,18787
"(0.9665831244778612, 1.0)",1,99.63420249130073,18788
"(0.8432903075760217, 1.0)",2,99.63410220694148,18790
"(0.9166682405676116, 1.0)",1,99.63408382993411,18791
"(0.8177442148030384, 1.0)",1,99.63404465503996,18792
"(0.917415489944373, 1.0)",1,99.63403004070528,18793
"(0.8420013166556946, 1.0)",1,99.63397136376793,18794
"(0.7449564180930641, 1.0)",1,99.63391781209228,18795
"(0.9008025849489264, 1.0)",1,99.63391687473845,18796
"(0.9331662489557224, 1.0)",1,99.63385656756046,18797
"(0.8997493734335841, 1.0)",1,99.63384244085998,18798
"(0.8976982097186702, 1.0)",1,99.63383953391266,18799
"(0.8016677935542034, 1.0)",1,99.6338091224863,18800
"(1.0, 1.0)",1,99.63380514204512,18801
"(0.808446455505279, 1.0)",1,99.63377068231316,18802
"(0.8762860082304527, 1.0)",1,99.63376536038557,18803
"(0.9161952650324744, 1.0)",1,99.63361124261104,18804
"(0.9497171590194848, 1.0)",1,99.63352738546536,18805
"(0.6831352928913905, 1.0)",2,99.63349117007654,18807
"(0.8997493734335841, 1.0)",1,99.63337026629262,18808
"(0.9169719169719168, 1.0)",1,99.63335684426826,18809
"(0.9192093318943212, 1.0)",1,99.63327248626696,18810
"(0.8222222222222222, 1.0)",1,99.63326914848096,18811
"(0.8222222222222222, 1.0)",1,99.63323936796336,18812
"(0.9169719169719168, 1.0)",1,99.63323050774464,18813
"(0.9326599326599326, 1.0)",1,99.63322389338649,18814
"(0.9326599326599326, 1.0)",2,99.6332089899635,18816
"(0.9506533178503804, 1.0)",1,99.63319300039008,18817
"(0.9, 1.0)",1,99.63314555933296,18818
"(0.9442283950617284, 1.0)",1,99.63314053888551,18819
"(0.6831352928913905, 1.0)",5,99.63307424283032,18824
"(0.9, 1.0)",1,99.63306201714416,18825
"(0.7903875985986362, 1.0)",1,99.63306176298352,18826
"(0.9666666666666668, 1.0)",1,99.6330099787096,18827
"(0.9666562434855118, 1.0)",2,99.6329680517742,18829
"(0.8065954953750508, 1.0)",1,99.63292721675552,18830
"(0.9665831244778612, 1.0)",1,99.63292671765072,18831
"(0.9, 1.0)",1,99.6329149909978,18832
"(0.9169719169719168, 1.0)",1,99.63289633898944,18833
"(0.9833229101521784, 1.0)",1,99.63289555972484,18834
"(0.9499687304565352, 1.0)",1,99.63285324004195,18835
"(0.8997493734335841, 1.0)",1,99.63283223694006,18836
"(1.0, 1.0)",1,99.632758094692,18837
"(0.8552744708994707, 1.0)",1,99.63275115221992,18838
"(0.9192093318943212, 1.0)",1,99.63274756979725,18839
"(0.8341307814992026, 1.0)",1,99.6327422874278,18840
"(0.816195709052852, 1.0)",1,99.6327032289382,18841
"(0.8325755070546736, 1.0)",1,99.63268302819792,18842
"(0.9580331374974232, 1.0)",2,99.63267526784468,18844
"(0.7994987468671678, 1.0)",1,99.63266515256244,18845
"(0.8635976129582268, 1.0)",1,99.6326453870144,18846
"(0.9333333333333332, 1.0)",1,99.63264414946056,18847
"(1.0, 1.0)",2,99.63260245673597,18849
"(0.6825396825396824, 1.0)",2,99.63250841299622,18851
"(0.9833229101521784, 1.0)",1,99.63250841299622,18852
"(0.9499687304565352, 1.0)",1,99.63250841299622,18853
"(0.944563492063492, 1.0)",1,99.63249935869476,18854
"(0.8848000715856217, 1.0)",1,99.63248996948876,18855
"(0.799275702501509, 1.0)",1,99.63248380092142,18856
"(0.8618871810094527, 1.0)",1,99.6324688264736,18857
"(0.8845578466141503, 1.0)",1,99.63245691808696,18858
"(0.9665831244778612, 1.0)",2,99.63244571716972,18860
"(0.9833229101521784, 1.0)",4,99.63244571716972,18864
"(0.6658312447786131, 1.0)",1,99.63241436925648,18865
"(0.8976982097186702, 1.0)",1,99.63240607244454,18866
"(0.8432903075760217, 1.0)",1,99.6323921059431,18867
"(0.799275702501509, 1.0)",1,99.6323794123703,18868
"(0.7485857950974231, 1.0)",1,99.63234639605508,18869
"(0.799275702501509, 1.0)",2,99.6323167165438,18871
"(0.8165520116739629, 1.0)",1,99.63227116153944,18872
"(0.816195709052852, 1.0)",1,99.63226553667596,18873
"(0.6825396825396824, 1.0)",1,99.63225684155915,18874
"(0.9497171590194846, 1.0)",2,99.63225684155915,18876
"(0.8068904981347378, 1.0)",1,99.6322147249426,18877
"(0.933249791144528, 1.0)",1,99.6322125979379,18878
"(0.816195709052852, 1.0)",1,99.63215770550264,18879
"(0.9506533178503804, 1.0)",1,99.63214823175416,18880
"(0.7511111111111111, 1.0)",1,99.63213223098197,18881
"(0.7944219523166891, 1.0)",1,99.63212935282436,18882
"(0.916104916104916, 1.0)",1,99.63205302967071,18883
"(0.8229870141950848, 1.0)",1,99.63201164787648,18884
"(0.916104916104916, 1.0)",1,99.63196268074316,18885
"(0.8635976129582268, 1.0)",3,99.63191122681678,18888
"(0.8468951683237397, 1.0)",1,99.63188587203013,18889
"(0.7656073923822403, 1.0)",2,99.63181371050962,18891
"(0.7340930674264006, 1.0)",2,99.63179127714508,18893
"(0.7340930674264007, 1.0)",3,99.63179127714508,18896
"(0.8976982097186702, 1.0)",5,99.63179127714508,18901
"(0.8374727668845315, 1.0)",1,99.63174600930984,18902
"(0.8552744708994707, 1.0)",1,99.63170398320015,18903
"(0.9161952650324744, 1.0)",1,99.63169775718956,18904
"(0.8266173510466989, 1.0)",1,99.63167842224894,18905
"(0.9153439153439156, 1.0)",2,99.6316692816051,18907
"(0.9665831244778612, 1.0)",1,99.6316549052615,18908
"(0.9009534009534008, 1.0)",1,99.63164467683836,18909
"(0.8976982097186702, 1.0)",1,99.6316442833548,18910
"(1.0, 1.0)",2,99.63164271173176,18912
"(0.9833229101521784, 1.0)",1,99.631592209435,18913
"(0.9331662489557224, 1.0)",1,99.631555727833,18914
"(0.9665831244778612, 1.0)",1,99.63152951360853,18915
"(0.816195709052852, 1.0)",1,99.6315292012156,18916
"(0.9326599326599326, 1.0)",2,99.63148719097012,18918
"(0.9161952650324744, 1.0)",1,99.63141409655428,18919
"(0.7503607503607503, 1.0)",1,99.6313818702316,18920
"(0.9297812306740878, 1.0)",1,99.6313645614062,18921
"(0.8845578466141503, 1.0)",1,99.6313607513118,18922
"(1.0, 1.0)",1,99.63134063799797,18923
"(0.837707400507675, 1.0)",2,99.63132219852451,18925
"(0.8880984643179766, 1.0)",1,99.63131931749294,18926
"(0.8796475392220073, 1.0)",1,99.63128406323275,18927
"(0.8165520116739629, 1.0)",1,99.6312717378186,18928
"(0.9165164082221422, 1.0)",1,99.63125767713974,18929
"(0.8579868984630887, 1.0)",1,99.63123100525134,18930
"(0.9833229101521784, 1.0)",1,99.63120564153492,18931
"(0.8294970161977834, 1.0)",1,99.631164809752,18932
"(0.7979797979797979, 1.0)",1,99.63114620367509,18933
"(0.8222222222222222, 1.0)",1,99.63112255621436,18934
"(0.8247905643738976, 1.0)",2,99.63110920327904,18936
"(0.917415489944373, 1.0)",1,99.6310998726364,18937
"(0.868077055383557, 1.0)",2,99.63098496567082,18939
"(0.8294970161977834, 1.0)",2,99.63091059809918,18941
"(0.7155555555555556, 1.0)",2,99.63089947089946,18943
"(0.8653198653198653, 1.0)",1,99.63089463223804,18944
"(1.0, 1.0)",1,99.63086935918228,18945
"(0.9326599326599326, 1.0)",1,99.63083193641154,18946
"(0.9497171590194846, 1.0)",1,99.63082471689214,18947
"(0.8976982097186702, 1.0)",1,99.63082292268932,18948
"(0.8703703703703703, 1.0)",1,99.630810631528,18949
"(0.9331094582012576, 1.0)",1,99.6306551327598,18950
"(0.9833229101521784, 1.0)",2,99.630643060801,18952
"(0.8247905643738976, 1.0)",1,99.63054043213872,18953
"(0.8633762288330498, 1.0)",1,99.63051886253088,18954
"(0.7278086237149632, 1.0)",1,99.6305185082152,18955
"(0.8329156223893065, 1.0)",1,99.63050340046487,18956
"(0.7278086237149632, 1.0)",1,99.63049827289898,18957
"(0.7277677677677677, 1.0)",1,99.63048501178191,18958
"(0.9331662489557224, 1.0)",1,99.6304445803804,18959
"(0.8885714285714285, 1.0)",1,99.63038110202773,18960
"(0.8137865219658889, 1.0)",1,99.63038022636448,18961
"(0.9442283950617284, 1.0)",1,99.63032033817218,18962
"(0.7278086237149632, 1.0)",1,99.63029022318584,18963
"(0.8420013166556946, 1.0)",1,99.63024643926614,18964
"(0.8151249335459861, 1.0)",1,99.63024136089246,18965
"(0.930704099821747, 1.0)",1,99.63018829827172,18966
"(0.8294970161977834, 1.0)",2,99.63017730680384,18968
"(0.9833229101521784, 1.0)",1,99.6301541847113,18969
"(0.8635976129582268, 1.0)",1,99.6301496246322,18970
"(0.9333333333333332, 1.0)",1,99.6301347490051,18971
"(0.9666666666666668, 1.0)",1,99.6301226689724,18972
"(0.7836699859544369, 1.0)",1,99.63007472074578,18973
"(0.8997493734335841, 1.0)",1,99.63006582308756,18974
"(0.7503607503607503, 1.0)",3,99.63000828958276,18977
"(0.944073617452092, 1.0)",1,99.62998011389584,18978
"(0.7277677677677677, 1.0)",1,99.6299655297811,18979
"(0.8885714285714285, 1.0)",1,99.62966254617967,18980
"(0.8247905643738976, 1.0)",1,99.62965305892126,18981
"(0.9833229101521784, 1.0)",1,99.62963955646882,18982
"(0.8976982097186702, 1.0)",1,99.62959413673656,18983
"(0.8229870141950848, 1.0)",5,99.6295642545458,18988
"(0.9665831244778612, 1.0)",1,99.6295601328888,18989
"(0.9833229101521784, 1.0)",1,99.62955596478,18990
"(0.9661959777492511, 1.0)",1,99.62951229287616,18991
"(0.808446455505279, 1.0)",2,99.62947676616514,18993
"(0.882673371045464, 1.0)",1,99.6294762757431,18994
"(0.8101143854687974, 1.0)",1,99.6294458567459,18995
"(0.861111111111111, 1.0)",1,99.62943779318428,18996
"(0.8294970161977834, 1.0)",1,99.62939278438624,18997
"(0.9497171590194848, 1.0)",1,99.62937125727824,18998
"(0.8294970161977834, 1.0)",1,99.62930924219742,18999
"(0.8796475392220073, 1.0)",1,99.6293031040252,19000
"(0.9497171590194848, 1.0)",1,99.62925496538656,19001
"(0.8997493734335841, 1.0)",1,99.6292404081987,19002
"(0.9153439153439152, 1.0)",1,99.62923685009244,19003
"(0.8468951683237397, 1.0)",1,99.62921729634547,19004
"(0.8813080639167598, 1.0)",2,99.6291938965266,19006
"(0.9497171590194846, 1.0)",1,99.62917999637706,19007
"(0.7802197802197803, 1.0)",2,99.6291784096662,19009
"(0.8796475392220073, 1.0)",1,99.62917692424114,19010
"(0.916104916104916, 1.0)",1,99.62915130638358,19011
"(0.9192093318943212, 1.0)",1,99.62912852704414,19012
"(0.8068904981347378, 1.0)",1,99.62911272035696,19013
"(0.8229870141950848, 1.0)",1,99.62907736310434,19014
"(0.8796475392220073, 1.0)",1,99.6290523207192,19015
"(0.8796475392220073, 1.0)",1,99.62904547642482,19016
"(0.9833229101521784, 1.0)",1,99.62902829803596,19017
"(0.8468951683237397, 1.0)",1,99.628989600354,19018
"(0.7612958226768967, 1.0)",6,99.62897784825364,19024
"(0.9326599326599326, 1.0)",1,99.62888017317864,19025
"(0.6962148962148962, 1.0)",1,99.62887482887484,19026
"(0.9326599326599326, 1.0)",1,99.62886255569182,19027
"(0.9833229101521784, 1.0)",1,99.6288580434922,19028
"(0.8065954953750508, 1.0)",2,99.62883986992856,19030
"(0.8468951683237397, 1.0)",1,99.62882236488508,19031
"(0.9444901834607716, 1.0)",1,99.62874926132244,19032
"(0.9153439153439156, 1.0)",1,99.62872994451942,19033
"(0.7121693121693121, 1.0)",1,99.6287211671037,19034
"(0.9665831244778612, 1.0)",1,99.62871308880104,19035
"(0.6954156954156954, 1.0)",1,99.6287073360244,19036
"(0.94993894993895, 1.0)",1,99.62867030375742,19037
"(0.8976982097186702, 1.0)",1,99.62864816152424,19038
"(0.7675138481590094, 1.0)",1,99.62860790445382,19039
"(0.7532376017916352, 1.0)",1,99.62848220454649,19040
"(0.8814814814814814, 1.0)",1,99.62834708200562,19041
"(0.903667392883079, 1.0)",1,99.62827733579196,19042
"(0.9009534009534008, 1.0)",1,99.6282708301919,19043
"(0.8976982097186702, 1.0)",2,99.62824089583629,19045
"(0.7675138481590094, 1.0)",1,99.62823510001716,19046
"(0.7802197802197803, 1.0)",5,99.62822362822362,19051
"(0.9326599326599326, 1.0)",1,99.62822362822362,19052
"(0.917849761232425, 1.0)",1,99.62820119018129,19053
"(0.7673678366541239, 1.0)",1,99.62819702228836,19054
"(0.8635976129582268, 1.0)",1,99.62815860852052,19055
"(0.9497171590194846, 1.0)",1,99.62814018287642,19056
"(0.8703703703703703, 1.0)",3,99.62811553692056,19059
"(0.882673371045464, 1.0)",1,99.62809664695656,19060
"(0.9153439153439152, 1.0)",2,99.62807914940194,19062
"(0.6954156954156954, 1.0)",1,99.62807562807563,19063
"(0.808446455505279, 1.0)",1,99.62798077329744,19064
"(0.8229870141950848, 1.0)",1,99.62786542371744,19065
"(0.9003556829643787, 1.0)",1,99.62786198781345,19066
"(0.9442283950617284, 1.0)",1,99.627847225399,19067
"(0.9192093318943212, 1.0)",1,99.62781935981684,19068
"(0.944073617452092, 1.0)",1,99.62777630149972,19069
"(0.8222222222222222, 1.0)",3,99.6277673545966,19072
"(0.9833229101521784, 1.0)",3,99.6277673545966,19075
"(0.9161952650324744, 1.0)",1,99.62772282294894,19076
"(0.8796475392220073, 1.0)",1,99.62770013709994,19077
"(0.7802197802197803, 1.0)",1,99.62763514895794,19078
"(0.9299160159815896, 1.0)",1,99.62757776604435,19079
"(0.9331662489557224, 1.0)",1,99.6275287969768,19080
"(0.786508365740383, 1.0)",1,99.62752072606888,19081
"(0.7121693121693121, 1.0)",2,99.62751322751322,19083
"(0.8976982097186702, 1.0)",1,99.62745152587571,19084
"(0.826388888888889, 1.0)",1,99.62741532406169,19085
"(0.7944219523166891, 1.0)",2,99.62739948240142,19087
"(1.0, 1.0)",1,99.62733992136626,19088
"(0.8329156223893065, 1.0)",1,99.62731837410914,19089
"(0.7944219523166891, 1.0)",1,99.62708521513788,19090
"(0.7421018697614443, 1.0)",1,99.62707707052613,19091
"(0.9580331374974232, 1.0)",1,99.6270165709396,19092
"(0.8137566137566138, 1.0)",2,99.62701020749802,19094
"(0.8420013166556946, 1.0)",3,99.62699202036208,19097
"(0.9166145507608924, 1.0)",1,99.62696846020724,19098
"(0.916104916104916, 1.0)",1,99.62695497746846,19099
"(0.724804131054131, 1.0)",1,99.62695044136302,19100
"(0.9153439153439152, 1.0)",2,99.62694992067074,19102
"(0.8633762288330498, 1.0)",4,99.626918919205,19106
"(0.9833229101521784, 1.0)",1,99.62690789252916,19107
"(0.738145558145558, 1.0)",1,99.6268803138684,19108
"(0.9153439153439152, 1.0)",1,99.62685744432665,19109
"(0.7435897435897435, 1.0)",1,99.626850114655,19110
"(0.826388888888889, 1.0)",1,99.6268438528182,19111
"(0.738145558145558, 1.0)",1,99.62678425555774,19112
"(0.7083333333333334, 1.0)",1,99.62672540962016,19113
"(0.7656073923822403, 1.0)",8,99.62671850349336,19121
"(0.7601164382773579, 1.0)",1,99.62669971949478,19122
"(0.8813080639167598, 1.0)",1,99.62665560497037,19123
"(0.893146638589877, 1.0)",1,99.62661419292664,19124
"(0.9161952650324744, 1.0)",2,99.6265808595644,19126
"(0.8653198653198653, 1.0)",1,99.62657851838608,19127
"(0.7601164382773579, 1.0)",1,99.6265116320153,19128
"(0.7944219523166891, 1.0)",1,99.626509918551,19129
"(0.9665831244778612, 1.0)",1,99.62649484070852,19130
"(0.8796475392220073, 1.0)",1,99.62645044391964,19131
"(0.7802197802197803, 1.0)",1,99.62645044391964,19132
"(0.9833229101521784, 1.0)",1,99.62644166650394,19133
"(0.8633762288330498, 1.0)",1,99.6264324420701,19134
"(0.844988344988345, 1.0)",1,99.62641518469036,19135
"(0.826388888888889, 1.0)",1,99.62641448353806,19136
"(0.8633762288330498, 1.0)",1,99.6264074186935,19137
"(0.9166145507608924, 1.0)",1,99.62636843734404,19138
"(0.8976982097186702, 1.0)",3,99.62633238926352,19141
"(0.8840048840048841, 1.0)",2,99.62633080830226,19143
"(0.8796475392220073, 1.0)",1,99.62622859702176,19144
"(0.9153439153439156, 1.0)",1,99.62617313034514,19145
"(0.9300671002153482, 1.0)",1,99.6261567082946,19146
"(0.9300671002153482, 1.0)",1,99.62607432171444,19147
"(0.8796475392220073, 1.0)",1,99.62601928657392,19148
"(0.826388888888889, 1.0)",2,99.62601302740904,19150
"(0.9499687304565352, 1.0)",1,99.62598130489332,19151
"(0.7372334455667788, 1.0)",2,99.62597192200856,19153
"(0.8101143854687974, 1.0)",1,99.62594587936832,19154
"(0.8420013166556946, 1.0)",1,99.62592589685757,19155
"(0.7119388248146047, 1.0)",2,99.62588666559172,19157
"(0.9153439153439152, 1.0)",1,99.62585591324031,19158
"(0.8229870141950848, 1.0)",1,99.6257757196198,19159
"(0.9665831244778612, 1.0)",1,99.6257534849933,19160
"(0.9833229101521784, 1.0)",2,99.62574871047272,19162
"(0.7083333333333334, 1.0)",1,99.62571225071224,19163
"(0.7090909090909091, 1.0)",5,99.6257054598518,19168
"(0.7090909090909091, 1.0)",1,99.6256933909052,19169
"(0.844988344988345, 1.0)",3,99.62567062667732,19172
"(0.8068904981347378, 1.0)",1,99.6256568162592,19173
"(0.9665831244778612, 1.0)",1,99.62564276402532,19174
"(0.7090909090909091, 1.0)",1,99.62564276402532,19175
"(0.9584987529902784, 1.0)",1,99.62564264901484,19176
"(0.9295946890286512, 1.0)",1,99.62561416330983,19177
"(0.7880931329207191, 1.0)",1,99.62556589980524,19178
"(0.933096859926128, 1.0)",1,99.62551067916922,19179
"(0.9161952650324744, 1.0)",1,99.6254294826628,19180
"(0.8832603710652491, 1.0)",1,99.62542581760658,19181
"(0.8976982097186702, 1.0)",1,99.6254149374354,19182
"(0.8222222222222222, 1.0)",1,99.62535977415511,19183
"(0.930704099821747, 1.0)",1,99.625312502701,19184
"(0.9161952650324744, 1.0)",2,99.62528617412336,19186
"(0.861111111111111, 1.0)",1,99.6252672103942,19187
"(0.9192093318943212, 1.0)",1,99.62522624971572,19188
"(0.9833229101521784, 1.0)",2,99.625199148634,19190
"(0.916104916104916, 1.0)",1,99.62519582519582,19191
"(0.8068904981347378, 1.0)",1,99.62517260114085,19192
"(0.8840455840455841, 1.0)",1,99.62511366074796,19193
"(0.7421018697614443, 1.0)",1,99.62508594173175,19194
"(0.8222222222222222, 1.0)",1,99.62507945016657,19195
"(0.9331662489557224, 1.0)",1,99.62503190751684,19196
"(0.8420013166556946, 1.0)",1,99.62494836532804,19197
"(0.9506533178503804, 1.0)",1,99.62493776081553,19198
"(0.9299160159815896, 1.0)",1,99.62484613789177,19199
"(0.8420013166556946, 1.0)",1,99.62482297367504,19200
"(0.8887202421952387, 1.0)",1,99.62481066203284,19201
"(0.7637048646619141, 1.0)",1,99.62479421920342,19202
"(0.6804620726495727, 1.0)",2,99.6247863103384,19204
"(0.930704099821747, 1.0)",1,99.62474031967666,19205
"(0.8618871810094527, 1.0)",1,99.62469131874826,19206
"(0.7637048646619141, 1.0)",1,99.62468907419225,19207
"(0.8329156223893065, 1.0)",1,99.62468498804677,19208
"(0.9295946890286512, 1.0)",1,99.62468225867316,19209
"(0.7632275132275131, 1.0)",1,99.6246126773056,19210
"(0.7083333333333334, 1.0)",3,99.6245285983658,19213
"(0.7601281633539698, 1.0)",1,99.624472193377,19214
"(0.9153439153439152, 1.0)",1,99.62443996987388,19215
"(0.916104916104916, 1.0)",1,99.624437942541,19216
"(0.9153439153439152, 1.0)",1,99.62443482443484,19217
"(0.9167853751187084, 1.0)",1,99.62443205732048,19218
"(0.8420013166556946, 1.0)",1,99.62440019956806,19219
"(0.808446455505279, 1.0)",1,99.62436675923048,19220
"(0.8068904981347378, 1.0)",1,99.62435081559504,19221
"(0.7077308656256025, 1.0)",2,99.62434541638648,19223
"(0.757745166550198, 1.0)",2,99.62432844776762,19225
"(0.9165164082221422, 1.0)",1,99.62431495606756,19226
"(0.9442283950617284, 1.0)",1,99.62429376770066,19227
"(0.8329050741331443, 1.0)",1,99.62426696588436,19228
"(0.7612958226768967, 1.0)",1,99.62426627205107,19229
"(0.7416325017951034, 1.0)",2,99.62419846908509,19231
"(0.8796475392220073, 1.0)",1,99.62418695042808,19232
"(0.8310994560994561, 1.0)",1,99.6241341652927,19233
"(0.8653198653198653, 1.0)",1,99.6241221980103,19234
"(0.808446455505279, 1.0)",2,99.6241151877934,19236
"(0.7077308656256025, 1.0)",2,99.62409384494944,19238
"(0.9009287520039462, 1.0)",1,99.62408410122056,19239
"(0.9833229101521784, 1.0)",1,99.62407687633058,19240
"(0.9158007932517735, 1.0)",1,99.62403312289923,19241
"(0.8796475392220073, 1.0)",1,99.62402944457952,19242
"(0.9665831244778612, 1.0)",1,99.62400827543205,19243
"(0.9583930063253372, 1.0)",1,99.62394952662066,19244
"(0.9165164082221422, 1.0)",1,99.6239448357058,19245
"(0.9167853751187084, 1.0)",1,99.6239224534622,19246
"(0.808446455505279, 1.0)",1,99.62391977090395,19247
"(0.8796475392220073, 1.0)",1,99.62389362974538,19248
"(0.8016677935542034, 1.0)",1,99.62389001577642,19249
"(0.8222222222222222, 1.0)",2,99.62389001577642,19251
"(1.0, 1.0)",1,99.62389001577642,19252
"(0.9299160159815896, 1.0)",1,99.6238851410438,19253
"(0.930124456440246, 1.0)",1,99.62388053949198,19254
"(0.8887202421952387, 1.0)",1,99.62387686527724,19255
"(0.901575014782562, 1.0)",1,99.62387385799086,19256
"(0.8653198653198653, 1.0)",1,99.62387303690996,19257
"(0.808446455505279, 1.0)",1,99.6238503454233,19258
"(0.9161952650324744, 1.0)",2,99.62384646621273,19260
"(0.9008627640703112, 1.0)",1,99.6238435747766,19261
"(1.0, 1.0)",3,99.62382445141066,19264
"(0.6238244514106583, 1.0)",1,99.62382445141066,19265
"(0.8539212725259236, 1.0)",1,99.6238215164039,19266
"(0.901575014782562, 1.0)",1,99.62373192185488,19267
"(0.8887202421952387, 1.0)",1,99.62371874747912,19268
"(0.7944219523166891, 1.0)",1,99.62371370843772,19269
"(0.9833229101521784, 1.0)",1,99.62371370843772,19270
"(0.7632275132275131, 1.0)",1,99.62364215109018,19271
"(0.8420013166556946, 1.0)",1,99.62364208353397,19272
"(0.9441792447111594, 1.0)",1,99.62363578930038,19273
"(0.9326599326599326, 1.0)",1,99.62363404399235,19274
"(0.7069597069597069, 1.0)",7,99.6236159504452,19281
"(0.8468089381754635, 1.0)",1,99.62358672536466,19282
"(0.9300671002153482, 1.0)",1,99.62353740403228,19283
"(0.7075023741690408, 1.0)",1,99.62348521698117,19284
"(0.7069597069597069, 1.0)",1,99.6234488660676,19285
"(0.9326599326599326, 1.0)",1,99.6234451683818,19286
"(0.9583930063253372, 1.0)",1,99.62340823543244,19287
"(0.757745166550198, 1.0)",2,99.62338088584444,19289
"(0.8880984643179766, 1.0)",1,99.62336720030804,19290
"(0.9299160159815896, 1.0)",1,99.62336516047118,19291
"(0.6733821733821733, 1.0)",2,99.62335090383873,19293
"(0.8976982097186702, 1.0)",1,99.62334704416824,19294
"(0.7069597069597069, 1.0)",1,99.62334353264586,19295
"(0.8053381731676306, 1.0)",2,99.62330953408994,19297
"(0.6733821733821733, 1.0)",4,99.6232882080122,19301
"(0.9326599326599326, 1.0)",1,99.62317141361528,19302
"(0.9833229101521784, 1.0)",2,99.62315335085282,19304
"(0.7479743867590829, 1.0)",1,99.62314620006052,19305
"(0.6733821733821733, 1.0)",2,99.62309933240168,19307
"(0.861111111111111, 1.0)",1,99.62309065502632,19308
"(0.757745166550198, 1.0)",1,99.62307865871296,19309
"(0.7077308656256025, 1.0)",1,99.62307478096952,19310
"(0.930124456440246, 1.0)",1,99.6230584396268,19311
"(0.757745166550198, 1.0)",1,99.62305781235064,19312
"(0.9153439153439152, 1.0)",1,99.62302803183306,19313
"(0.7340324228911184, 1.0)",1,99.62302003801592,19314
"(0.8137566137566138, 1.0)",1,99.62301826858784,19315
"(0.9253213924599162, 1.0)",1,99.62300989991084,19316
"(0.8300265307680562, 1.0)",1,99.62297968593926,19317
"(0.8420013166556946, 1.0)",1,99.6229598974396,19318
"(0.8158879904162925, 1.0)",1,99.62284821417867,19319
"(0.7075023741690408, 1.0)",1,99.62284628951296,19320
"(0.8065954953750508, 1.0)",1,99.6228388077925,19321
"(0.901575014782562, 1.0)",1,99.62283504372458,19322
"(0.8319340617212959, 1.0)",1,99.62279097800268,19323
"(0.7060994560994561, 1.0)",1,99.62277343714868,19324
"(0.8796475392220073, 1.0)",1,99.6227483859814,19325
"(0.861111111111111, 1.0)",1,99.6227476961858,19326
"(0.8762860082304527, 1.0)",1,99.62270755717758,19327
"(0.8872426490351017, 1.0)",1,99.622701727226,19328
"(1.0, 1.0)",1,99.6226664963507,19329
"(0.7416325017951034, 1.0)",1,99.62265362166596,19330
"(0.8736897274633123, 1.0)",1,99.6226127842024,19331
"(0.8887202421952387, 1.0)",1,99.6225951323911,19332
"(0.7417508417508417, 1.0)",1,99.62254849937776,19333
"(0.7734344933751168, 1.0)",1,99.62245740535889,19334
"(0.861111111111111, 1.0)",1,99.62241488295776,19335
"(0.7612958226768967, 1.0)",1,99.622406933788,19336
"(1.0, 1.0)",1,99.6223618266146,19337
"(0.861111111111111, 1.0)",1,99.62235218713128,19338
"(0.8468089381754635, 1.0)",1,99.62234224103484,19339
"(0.80285509389987, 1.0)",1,99.62233950994442,19340
"(0.9167853751187084, 1.0)",1,99.62222138732665,19341
"(0.8420013166556946, 1.0)",1,99.62222109687548,19342
"(0.7802197802197803, 1.0)",1,99.62222109687548,19343
"(0.8811945374355704, 1.0)",2,99.62218575308115,19345
"(0.7222222222222221, 1.0)",1,99.6221805294976,19346
"(0.7222222222222221, 1.0)",1,99.6221596831353,19347
"(0.8613656783468103, 1.0)",1,99.62214062103156,19348
"(0.903667392883079, 1.0)",1,99.62213557671711,19349
"(0.80285509389987, 1.0)",1,99.62212251863345,19350
"(0.6636745887678723, 1.0)",2,99.62210393441526,19352
"(0.8222222222222222, 1.0)",1,99.62209714404835,19353
"(0.7734344933751168, 1.0)",1,99.62207004932776,19354
"(0.7222222222222221, 1.0)",1,99.6220342914823,19355
"(0.8222222222222222, 1.0)",1,99.62199259875769,19356
"(0.8579868984630887, 1.0)",1,99.62197783555362,19357
"(0.8222222222222222, 1.0)",2,99.62197175239538,19359
"(0.8468951683237397, 1.0)",1,99.62193655415108,19360
"(0.8633762288330498, 1.0)",1,99.62192940042314,19361
"(0.9009534009534008, 1.0)",1,99.62184244867171,19362
"(0.8165509259259259, 1.0)",1,99.62180976041893,19363
"(0.8420013166556946, 1.0)",2,99.62178993952976,19365
"(0.8053381731676306, 1.0)",3,99.6217658745591,19368
"(0.9300671002153482, 1.0)",1,99.62175987628513,19369
"(0.7479743867590829, 1.0)",1,99.62174789115548,19370
"(0.917849761232425, 1.0)",1,99.62172637812068,19371
"(0.8329156223893065, 1.0)",1,99.62172096908938,19372
"(0.7183489076634237, 1.0)",2,99.62170602628878,19374
"(0.9161952650324744, 1.0)",1,99.62155246666696,19375
"(0.8796475392220073, 1.0)",1,99.62153404414543,19376
"(0.808446455505279, 1.0)",1,99.62145385656534,19377
"(0.8222222222222222, 1.0)",1,99.62134004444658,19378
"(0.859499940327008, 1.0)",1,99.62133972486616,19379
"(0.6907243513029603, 1.0)",1,99.62132503456924,19380
"(0.8432903075760217, 1.0)",1,99.6212941471,19381
"(0.9008627640703112, 1.0)",1,99.62125855448704,19382
"(0.7880931329207191, 1.0)",1,99.62121768915182,19383
"(0.8222222222222222, 1.0)",1,99.6211912748498,19384
"(0.9581458989353726, 1.0)",1,99.62113581877848,19385
"(0.7734344933751168, 1.0)",1,99.62112227991264,19386
"(0.8065954953750508, 1.0)",1,99.62106108131798,19387
"(0.861111111111111, 1.0)",1,99.62106050111558,19388
"(0.8065067548938516, 1.0)",1,99.62099293293814,19389
"(0.8222222222222222, 1.0)",1,99.62098869264554,19390
"(0.8065954953750508, 1.0)",1,99.62093921028526,19391
"(0.757745166550198, 1.0)",1,99.62093700004957,19392
"(0.7183489076634237, 1.0)",1,99.62091632361889,19393
"(0.9326599326599326, 1.0)",1,99.6208919130155,19394
"(0.7880931329207191, 1.0)",1,99.62087588232286,19395
"(0.9666562434855118, 1.0)",1,99.62086422721296,19396
"(0.8065067548938516, 1.0)",1,99.62086120809803,19397
"(0.8832603710652491, 1.0)",1,99.62082650863138,19398
"(1.0, 1.0)",1,99.62079408095668,19399
"(0.8653198653198653, 1.0)",1,99.62077103232431,19400
"(0.721056721056721, 1.0)",1,99.62076345689503,19401
"(0.8976982097186702, 1.0)",1,99.6207624831755,19402
"(0.8296970789758384, 1.0)",1,99.62075853429693,19403
"(0.746304385688563, 1.0)",1,99.62074516953284,19404
"(0.8676532769556025, 1.0)",1,99.62074216804128,19405
"(0.8165509259259259, 1.0)",1,99.62073645684704,19406
"(0.8796475392220073, 1.0)",2,99.62071561592438,19408
"(0.757745166550198, 1.0)",1,99.62071561592438,19409
"(0.8222222222222222, 1.0)",1,99.62071465120246,19410
"(0.8651903651903651, 1.0)",1,99.62070422802132,19411
"(0.8296970789758384, 1.0)",1,99.62064224067883,19412
"(0.8425483191745751, 1.0)",1,99.62059455913716,19413
"(0.9008627640703112, 1.0)",1,99.62058632439596,19414
"(0.7198480531813864, 1.0)",3,99.62054988071247,19417
"(0.9305983472650138, 1.0)",1,99.6204597690798,19418
"(0.861111111111111, 1.0)",1,99.62044511023524,19419
"(0.7204751921733054, 1.0)",1,99.6203916499845,19420
"(0.8374727668845315, 1.0)",2,99.62037796609268,19422
"(0.8372053872053872, 1.0)",1,99.62031952025534,19423
"(0.8374727668845315, 1.0)",1,99.62029442390389,19424
"(0.7204751921733054, 1.0)",1,99.6202872614334,19425
"(0.7060994560994561, 1.0)",1,99.62023086023868,19426
"(0.7198480531813864, 1.0)",1,99.6202128645218,19427
"(0.6698155645524068, 1.0)",4,99.62021164543629,19431
"(0.7198480531813864, 1.0)",1,99.62020373614575,19432
"(0.8736897274633123, 1.0)",1,99.62018778657986,19433
"(0.8222222222222222, 1.0)",1,99.62013099971126,19434
"(0.7880931329207191, 1.0)",1,99.62005159902552,19435
"(0.8374727668845315, 1.0)",1,99.6200187202219,19436
"(0.8374727668845315, 1.0)",1,99.6200159499412,19437
"(0.7880931329207191, 1.0)",1,99.61998890319904,19438
"(0.7222222222222221, 1.0)",1,99.6199204319409,19439
"(0.9833229101521784, 1.0)",1,99.61991755007548,19440
"(0.8976982097186702, 1.0)",1,99.61985789285396,19441
"(0.8222222222222222, 1.0)",1,99.61985789285396,19442
"(0.8697983697983697, 1.0)",1,99.61984453710843,19443
"(0.6698155645524068, 1.0)",1,99.61980514137124,19444
"(0.7198480531813864, 1.0)",1,99.6197959372756,19445
"(0.6698155645524068, 1.0)",2,99.61978429500894,19447
"(0.8976982097186702, 1.0)",1,99.61973250120096,19448
"(1.0, 1.0)",1,99.61972744129356,19449
"(0.6698155645524068, 1.0)",3,99.61972159918244,19452
"(0.8566900022492128, 1.0)",1,99.61970660235156,19453
"(0.8976982097186702, 1.0)",1,99.61960632141692,19454
"(0.8374727668845315, 1.0)",1,99.61956214746004,19455
"(0.9299160159815896, 1.0)",1,99.6195484805798,19456
"(0.7198480531813864, 1.0)",1,99.6195339426574,19457
"(0.9497171590194846, 1.0)",2,99.6195327235719,19459
"(0.6698155645524068, 1.0)",6,99.6195327235719,19465
"(0.7198480531813864, 1.0)",1,99.61947124683093,19466
"(0.7416325017951034, 1.0)",1,99.61931708891764,19467
"(0.9008025849489264, 1.0)",1,99.61928405222577,19468
"(0.9192093318943212, 1.0)",1,99.61928131772534,19469
"(0.8697983697983697, 1.0)",1,99.61924358271494,19470
"(0.8848000715856217, 1.0)",1,99.6192174340199,19471
"(0.8068904981347378, 1.0)",1,99.61919797001669,19472
"(0.8266173510466989, 1.0)",1,99.619159505065,19473
"(0.8676532769556025, 1.0)",1,99.61913579628046,19474
"(0.8813080639167598, 1.0)",3,99.61911835585695,19477
"(0.7198480531813864, 1.0)",1,99.61909111031918,19478
"(0.9499687304565352, 1.0)",1,99.6190829832481,19479
"(0.7030539311241066, 1.0)",1,99.61903677393622,19480
"(0.7691870057461455, 1.0)",1,99.61900949818738,19481
"(0.9009534009534008, 1.0)",1,99.6189965175239,19482
"(0.8703703703703703, 1.0)",1,99.61894338723609,19483
"(1.0, 1.0)",1,99.61891023643176,19484
"(0.861111111111111, 1.0)",1,99.61885627766132,19485
"(0.757745166550198, 1.0)",2,99.61885627766132,19487
"(0.9331662489557224, 1.0)",1,99.61885513694556,19488
"(0.8703703703703703, 1.0)",1,99.6188182048856,19489
"(0.7880931329207191, 1.0)",1,99.61880655825772,19490
"(0.6698155645524068, 1.0)",1,99.61878544035156,19491
"(0.9584987529902784, 1.0)",1,99.61877320970004,19492
"(0.9331662489557224, 1.0)",1,99.61875620963748,19493
"(1.0, 1.0)",1,99.61874981387176,19494
"(0.9161952650324744, 1.0)",1,99.61874173400932,19495
"(0.8053381731676306, 1.0)",1,99.6187326140828,19496
"(0.8703703703703703, 1.0)",1,99.6187156912446,19497
"(0.9161952650324744, 1.0)",1,99.61867903818282,19498
"(0.812557599070401, 1.0)",1,99.61863197294328,19499
"(0.9497171590194846, 1.0)",1,99.61862202685624,19500
"(0.8177442148030384, 1.0)",1,99.61855120225212,19501
"(0.9584987529902784, 1.0)",1,99.61845846045723,19502
"(0.861111111111111, 1.0)",1,99.61845634311072,19503
"(0.7503607503607503, 1.0)",1,99.6184378057443,19504
"(0.7030539311241066, 1.0)",2,99.618397846468,19506
"(0.8294970161977834, 1.0)",1,99.61836505872436,19507
"(0.8796475392220073, 1.0)",1,99.61835892055213,19508
"(0.9833229101521784, 1.0)",1,99.61834801863056,19509
"(0.9437903841498612, 1.0)",1,99.61819519507536,19510
"(0.9159519550217224, 1.0)",1,99.61818911799546,19511
"(0.8703703703703703, 1.0)",1,99.61818518248946,19512
"(0.8832603710652491, 1.0)",2,99.61809441357518,19514
"(0.9441792447111594, 1.0)",1,99.61803903783068,19515
"(0.8016677935542034, 1.0)",6,99.61802587088788,19521
"(0.9666562434855118, 1.0)",1,99.61799100066472,19522
"(0.8887202421952387, 1.0)",1,99.6178993367556,19523
"(0.9326599326599326, 1.0)",3,99.61785260425634,19526
"(0.727840909090909, 1.0)",1,99.61766154641154,19527
"(0.8177442148030384, 1.0)",2,99.61761913662916,19529
"(0.8177442148030384, 1.0)",1,99.61759813352732,19530
"(0.7198480531813864, 1.0)",1,99.61754626290004,19531
"(0.617513611615245, 1.0)",5,99.61751361161524,19536
"(0.8813080639167598, 1.0)",1,99.61746607934307,19537
"(0.8697983697983697, 1.0)",1,99.61744384676886,19538
"(0.808446455505279, 1.0)",2,99.6174206463638,19540
"(0.837707400507675, 1.0)",1,99.6173953458746,19541
"(0.882673371045464, 1.0)",1,99.61738123377133,19542
"(0.6590846340846341, 1.0)",1,99.6173777550375,19543
"(0.9166145507608924, 1.0)",2,99.61735343849163,19545
"(0.8832603710652491, 1.0)",1,99.61735343849163,19546
"(0.8016677935542034, 1.0)",2,99.61733652584232,19548
"(0.9008025849489264, 1.0)",1,99.617333593521,19549
"(0.9166145507608924, 1.0)",1,99.61729074266516,19550
"(0.917849761232425, 1.0)",1,99.61724714235308,19551
"(0.9166145507608924, 1.0)",1,99.61721214648044,19552
"(0.9666562434855118, 1.0)",1,99.6171639823116,19553
"(0.7511111111111111, 1.0)",2,99.61710739230875,19555
"(0.9497171590194848, 1.0)",1,99.6171018670546,19556
"(0.808446455505279, 1.0)",1,99.61709359246532,19557
"(0.917415489944373, 1.0)",2,99.61708147792872,19559
"(0.8420013166556946, 1.0)",1,99.61704270248303,19560
"(0.8467532467532467, 1.0)",4,99.61703017198371,19564
"(0.9499687304565352, 1.0)",1,99.6170121946072,19565
"(0.7030539311241066, 1.0)",1,99.61700177190122,19566
"(0.7916666666666666, 1.0)",1,99.61699089347454,19567
"(0.8222222222222222, 1.0)",1,99.61697407110398,19568
"(0.934122934122934, 1.0)",1,99.61692374477995,19569
"(0.916104916104916, 1.0)",1,99.61684380383568,19570
"(0.8296970789758384, 1.0)",1,99.61680399551686,19571
"(0.7278086237149632, 1.0)",1,99.61675611767808,19572
"(0.9720813204508856, 1.0)",1,99.61675136033708,19573
"(0.8845578466141503, 1.0)",1,99.61668903972097,19574
"(0.8329050741331443, 1.0)",1,99.61668223966343,19575
"(0.837707400507675, 1.0)",2,99.61666069269396,19577
"(0.8222222222222222, 1.0)",1,99.61664582030436,19578
"(1.0, 1.0)",1,99.61662497394204,19579
"(0.868077055383557, 1.0)",1,99.61658737642276,19580
"(1.0, 1.0)",1,99.61651591054223,19581
"(0.9833229101521784, 1.0)",1,99.61651591054223,19582
"(0.859499940327008, 1.0)",1,99.61650815483026,19583
"(0.816195709052852, 1.0)",1,99.6164888529303,19584
"(0.861111111111111, 1.0)",1,99.61646532500733,19585
"(0.9303715638302106, 1.0)",1,99.6164588736912,19586
"(0.7511111111111111, 1.0)",1,99.61643097643098,19587
"(0.7164894725870335, 1.0)",1,99.61642693350012,19588
"(0.816195709052852, 1.0)",1,99.6164261571038,19589
"(0.9665831244778612, 1.0)",2,99.61632223146988,19591
"(0.9833229101521784, 1.0)",1,99.6163174618624,19592
"(0.7503607503607503, 1.0)",1,99.6163123236294,19593
"(0.7164894725870335, 1.0)",1,99.61630154184712,19594
"(0.6831352928913905, 1.0)",1,99.61630154184712,19595
"(0.9, 1.0)",1,99.61625953564337,19596
"(0.7155555555555556, 1.0)",1,99.61625738308663,19597
"(0.8814814814814814, 1.0)",1,99.61618934420736,19598
"(0.8845578466141503, 1.0)",1,99.616168340952,19599
"(0.9437903841498612, 1.0)",1,99.61615323775392,19600
"(0.9499687304565352, 1.0)",1,99.61613430072994,19601
"(0.8997493734335841, 1.0)",1,99.61613430072994,19602
"(0.8065954953750508, 1.0)",1,99.61608663540376,19603
"(0.7994987468671678, 1.0)",1,99.61605075854114,19604
"(0.8165520116739629, 1.0)",1,99.6159707952391,19605
"(0.9497171590194848, 1.0)",1,99.61596054625412,19606
"(0.816195709052852, 1.0)",2,99.615945239226,19608
"(1.0, 1.0)",1,99.61593476239564,19609
"(0.9331662489557224, 1.0)",1,99.61592536688812,19610
"(0.6825396825396824, 1.0)",3,99.6158313231484,19613
"(0.8613656783468103, 1.0)",1,99.6158068244157,19614
"(0.9009534009534008, 1.0)",1,99.61580249455284,19615
"(0.8997493734335841, 1.0)",2,99.61579918710407,19617
"(0.9161952650324744, 1.0)",2,99.61579855719032,19619
"(0.9665831244778612, 1.0)",1,99.6157686273219,19620
"(0.6825396825396824, 1.0)",2,99.6157686273219,19622
"(0.9833229101521784, 1.0)",1,99.6157686273219,19623
"(0.9666562434855118, 1.0)",1,99.61572543818266,19624
"(0.7294281157362763, 1.0)",1,99.61567124744096,19625
"(0.8796475392220073, 1.0)",1,99.61564477657306,19626
"(0.8653198653198653, 1.0)",1,99.61559422335014,19627
"(0.9833229101521784, 1.0)",1,99.61558049234556,19628
"(0.9497171590194848, 1.0)",1,99.61557975171137,19629
"(0.9161952650324744, 1.0)",2,99.6155687769862,19631
"(1.0, 1.0)",1,99.61555034731737,19632
"(0.7498436522826767, 1.0)",1,99.61554365411428,19633
"(0.898989898989899, 1.0)",1,99.61554191066386,19634
"(0.8615866942983156, 1.0)",2,99.61554130660852,19636
"(0.9009534009534008, 1.0)",1,99.61554053017468,19637
"(0.7734344933751168, 1.0)",1,99.61543581003082,19638
"(0.7155555555555556, 1.0)",1,99.61543032064212,19639
"(0.8468951683237397, 1.0)",1,99.6154134540045,19640
"(0.8101143854687974, 1.0)",1,99.61534325019636,19641
"(0.9665831244778612, 1.0)",1,99.6152952560989,19642
"(0.7503607503607503, 1.0)",1,99.615264555768,19643
"(0.876295504202481, 1.0)",1,99.6152242296518,19644
"(0.8374727668845315, 1.0)",1,99.6152176293534,19645
"(0.6825396825396824, 1.0)",4,99.6151996151996,19649
"(0.9326599326599326, 1.0)",2,99.6151996151996,19651
"(0.7164894725870335, 1.0)",1,99.61515629808312,19652
"(0.8468951683237397, 1.0)",1,99.6151460863558,19653
"(0.7340930674264007, 1.0)",1,99.61511418729724,19654
"(0.7340930674264006, 1.0)",1,99.61511418729724,19655
"(0.8976982097186702, 1.0)",7,99.61511418729724,19662
"(0.917415489944373, 1.0)",1,99.61509120226933,19663
"(0.882673371045464, 1.0)",1,99.61508521916916,19664
"(0.9833229101521784, 1.0)",1,99.61507296873152,19665
"(0.837707400507675, 1.0)",4,99.61505314944836,19669
"(0.8976982097186702, 1.0)",1,99.61496719350698,19670
"(0.9665831244778612, 1.0)",1,99.61495627999344,19671
"(0.7485857950974231, 1.0)",1,99.6149175048778,19672
"(0.882673371045464, 1.0)",1,99.61491559276138,19673
"(0.944073617452092, 1.0)",1,99.61491350004002,19674
"(0.8997493734335841, 1.0)",1,99.61490551477716,19675
"(0.9833229101521784, 1.0)",1,99.61489657261664,19676
"(0.8997493734335841, 1.0)",1,99.61486366531297,19677
"(0.9871616776282092, 1.0)",1,99.61485615622018,19678
"(0.7503607503607503, 1.0)",1,99.61464208455727,19679
"(0.861111111111111, 1.0)",1,99.61460429724188,19680
"(0.7503607503607503, 1.0)",1,99.61459775072936,19681
"(0.8165520116739629, 1.0)",1,99.61459464797076,19682
"(0.9665831244778612, 1.0)",1,99.61456512392074,19683
"(0.9506533178503804, 1.0)",1,99.61455959157246,19684
"(0.7675138481590094, 1.0)",1,99.61453332259892,19685
"(0.9166145507608924, 1.0)",1,99.61449213412077,19686
"(0.8425483191745751, 1.0)",1,99.61449208745908,19687
"(0.8316498316498316, 1.0)",2,99.61434530888512,19689
"(1.0, 1.0)",1,99.61427619211898,19690
"(0.893146638589877, 1.0)",1,99.61426221862465,19691
"(0.7155555555555556, 1.0)",2,99.61422238105165,19693
"(0.8222222222222222, 1.0)",1,99.61421311569676,19694
"(0.7164894725870335, 1.0)",3,99.6141876823057,19697
"(0.8976982097186702, 1.0)",1,99.61418736882658,19698
"(0.9326599326599326, 1.0)",1,99.6141836312744,19699
"(0.7532376017916352, 1.0)",1,99.61417526601603,19700
"(0.8420013166556946, 1.0)",1,99.61412957350797,19701
"(0.8840455840455841, 1.0)",1,99.6141184967272,19702
"(0.9833229101521784, 1.0)",2,99.61399158787968,19704
"(0.808446455505279, 1.0)",3,99.61399158787968,19707
"(0.7944219523166891, 1.0)",1,99.61395627010884,19708
"(0.8137865219658889, 1.0)",1,99.61395427419036,19709
"(0.8976982097186702, 1.0)",1,99.61393689899973,19710
"(0.9581458989353726, 1.0)",2,99.61393255175938,19712
"(0.917415489944373, 1.0)",1,99.61388684058774,19713
"(0.8976982097186702, 1.0)",1,99.61387420317322,19714
"(0.934122934122934, 1.0)",1,99.61382123768628,19715
"(0.8653198653198653, 1.0)",1,99.61377060157548,19716
"(1.0, 1.0)",1,99.61374881152024,19717
"(0.8796475392220073, 1.0)",3,99.6137406066484,19720
"(0.7340930674264006, 1.0)",1,99.6137406066484,19721
"(0.8374727668845315, 1.0)",1,99.61369533881316,19722
"(0.8653198653198653, 1.0)",1,99.61369087100796,19723
"(0.898989898989899, 1.0)",1,99.6136394070239,19724
"(0.7880931329207191, 1.0)",1,99.61363014852,19725
"(0.8811945374355704, 1.0)",1,99.61362833500954,19726
"(0.7656073923822403, 1.0)",1,99.61361124038608,19727
"(0.9331094582012576, 1.0)",1,99.61360658698052,19728
"(0.7503607503607503, 1.0)",1,99.61355258386013,19729
"(0.8633762288330498, 1.0)",2,99.61353398129177,19731
"(0.9253213924599162, 1.0)",1,99.61348362551486,19732
"(0.8137865219658889, 1.0)",2,99.61347335631254,19734
"(0.8294970161977834, 1.0)",1,99.61346914163332,19735
"(0.7675138481590094, 1.0)",1,99.61344291559412,19736
"(0.8976982097186702, 1.0)",1,99.6134340731394,19737
"(0.9333333333333332, 1.0)",3,99.6134278786397,19740
"(0.8420013166556946, 1.0)",1,99.6134173597286,19741
"(0.9009287520039462, 1.0)",1,99.61339369833986,19742
"(0.9522870228046522, 1.0)",1,99.61325798060176,19743
"(0.7155555555555556, 1.0)",1,99.61325376527422,19744
"(0.738145558145558, 1.0)",2,99.61325046403051,19746
"(0.882673371045464, 1.0)",1,99.61324622073346,19747
"(0.8468951683237397, 1.0)",2,99.61322782297476,19749
"(0.8615866942983156, 1.0)",2,99.61322321830906,19751
"(0.9441595441595442, 1.0)",1,99.61317248220992,19752
"(0.8229870141950848, 1.0)",1,99.61315771020313,19753
"(0.9300671002153482, 1.0)",1,99.61298767360684,19754
"(0.7643097643097643, 1.0)",1,99.6129155397448,19755
"(0.8468951683237397, 1.0)",1,99.61285007175364,19756
"(0.808446455505279, 1.0)",1,99.61281009949846,19757
"(0.882673371045464, 1.0)",1,99.61279918589528,19758
"(0.8635976129582268, 1.0)",1,99.61278855419025,19759
"(0.7372334455667788, 1.0)",1,99.61278520700168,19760
"(0.8165520116739629, 1.0)",1,99.61278432113927,19761
"(1.0, 1.0)",1,99.6127667511493,19762
"(0.9497171590194846, 1.0)",1,99.61275393776812,19763
"(0.8703703703703703, 1.0)",1,99.61269859793607,19764
"(0.9833229101521784, 1.0)",1,99.61269512804424,19765
"(0.9326599326599326, 1.0)",1,99.6126917821398,19766
"(0.861111111111111, 1.0)",1,99.61268493929536,19767
"(0.8796475392220073, 1.0)",1,99.612667706902,19768
"(0.9833229101521784, 1.0)",1,99.61266714315497,19769
"(0.8633762288330498, 1.0)",1,99.61265404241512,19770
"(0.9497171590194846, 1.0)",1,99.61256560235572,19771
"(0.7786375661375661, 1.0)",2,99.61255953035142,19773
"(0.738145558145558, 1.0)",1,99.61252915576723,19774
"(0.8229870141950848, 1.0)",2,99.6125131040758,19776
"(0.7802197802197803, 1.0)",5,99.61243862399188,19781
"(0.868077055383557, 1.0)",1,99.61237838581648,19782
"(0.8796475392220073, 1.0)",1,99.61224983478516,19783
"(0.7802197802197803, 1.0)",1,99.61224974838134,19784
"(0.7648017586542176, 1.0)",1,99.61219059518416,19785
"(0.861111111111111, 1.0)",1,99.61216881582736,19786
"(0.8222222222222222, 1.0)",1,99.6121182690026,19787
"(0.8053381731676306, 1.0)",1,99.61207620979056,19788
"(0.738145558145558, 1.0)",2,99.61201473272192,19790
"(0.8703703703703703, 1.0)",1,99.61200287216548,19791
"(0.903667392883079, 1.0)",1,99.61199967377728,19792
"(0.7786375661375661, 1.0)",1,99.61197554580008,19793
"(0.859499940327008, 1.0)",1,99.61196898827508,19794
"(0.837707400507675, 1.0)",2,99.61196575296005,19796
"(0.9666562434855118, 1.0)",1,99.6119389311302,19797
"(0.944563492063492, 1.0)",1,99.6119367394169,19798
"(0.8476190476190477, 1.0)",1,99.61191894805054,19799
"(0.9018806250259218, 1.0)",1,99.6118757478861,19800
"(0.8586166985951469, 1.0)",1,99.6118373321899,19801
"(0.8053381731676306, 1.0)",1,99.611806463858,19802
"(0.8471527473990528, 1.0)",1,99.61167567291923,19803
"(0.8976982097186702, 1.0)",1,99.61165977324188,19804
"(0.8976982097186702, 1.0)",1,99.61161443286836,19805
"(0.7802197802197803, 1.0)",1,99.6116072963313,19806
"(0.8633762288330498, 1.0)",1,99.6115753936516,19807
"(0.9161952650324744, 1.0)",1,99.61152914538287,19808
"(0.917415489944373, 1.0)",1,99.61150491927128,19809
"(0.8880748880748881, 1.0)",1,99.61145971501638,19810
"(0.8053381731676306, 1.0)",1,99.61143192903202,19811
"(0.7121693121693121, 1.0)",1,99.6114123693071,19812
"(1.0, 1.0)",1,99.61138108595736,19813
"(0.8613656783468103, 1.0)",1,99.6113738420162,19814
"(0.9497171590194848, 1.0)",1,99.6113638881354,19815
"(0.8796475392220073, 1.0)",2,99.61134777092224,19817
"(0.81893131227901, 1.0)",1,99.61134413102953,19818
"(0.844988344988345, 1.0)",1,99.61134166467032,19819
"(0.9165164082221422, 1.0)",1,99.61133560265596,19820
"(0.8222222222222222, 1.0)",1,99.6113228974545,19821
"(0.7802197802197803, 1.0)",1,99.6112513232718,19822
"(0.9027777777777778, 1.0)",1,99.6112365723826,19823
"(0.844988344988345, 1.0)",1,99.61118588570002,19824
"(0.8294970161977834, 1.0)",1,99.61117986084147,19825
"(0.8703703703703703, 1.0)",1,99.61116801265166,19826
"(0.9442283950617284, 1.0)",1,99.61115853633862,19827
"(0.8053381731676306, 1.0)",1,99.6111419823222,19828
"(0.7092475655908492, 1.0)",1,99.6110906554722,19829
"(0.8976982097186702, 1.0)",1,99.61108423889416,19830
"(0.9018806250259218, 1.0)",1,99.61106696221978,19831
"(0.8676532769556025, 1.0)",1,99.6110259797638,19832
"(0.8976982097186702, 1.0)",1,99.61096199719108,19833
"(0.7498436522826767, 1.0)",1,99.6109547633938,19834
"(0.7612958226768967, 1.0)",1,99.61095044260944,19835
"(0.8468951683237397, 1.0)",1,99.61094062390436,19836
"(0.7802197802197803, 1.0)",1,99.61090761090762,19837
"(0.9326599326599326, 1.0)",1,99.61085389468111,19838
"(0.9, 1.0)",1,99.61082921500125,19839
"(0.9833229101521784, 1.0)",1,99.61078845373092,19840
"(0.8053381731676306, 1.0)",1,99.61077266119597,19841
"(0.8053381731676306, 1.0)",1,99.61075104151324,19842
"(0.9833229101521784, 1.0)",1,99.610602585806,19843
"(0.8319340617212959, 1.0)",1,99.61057219509068,19844
"(0.9303715638302106, 1.0)",1,99.61054434907015,19845
"(0.9833229101521784, 1.0)",1,99.61049281925774,19846
"(0.8229870141950848, 1.0)",1,99.61039281789084,19847
"(0.861111111111111, 1.0)",1,99.61039049652209,19848
"(0.786508365740383, 1.0)",1,99.6103577847937,19849
"(0.861111111111111, 1.0)",2,99.61030840708872,19851
"(0.8068904981347378, 1.0)",1,99.61030093767675,19852
"(0.7632275132275131, 1.0)",2,99.6102999907093,19854
"(0.8222222222222222, 1.0)",1,99.610286190774,19855
"(0.8635976129582268, 1.0)",1,99.61028159300864,19856
"(0.8796475392220073, 1.0)",1,99.61027611928048,19857
"(0.8329156223893065, 1.0)",1,99.6102219985329,19858
"(0.7944219523166891, 1.0)",1,99.6102192496795,19859
"(0.8329050741331443, 1.0)",1,99.61019683416896,19860
"(0.8880984643179766, 1.0)",1,99.6101866235096,19861
"(0.8653198653198653, 1.0)",1,99.61013890710548,19862
"(0.8814814814814814, 1.0)",1,99.61010684570104,19863
"(0.8294970161977834, 1.0)",1,99.61004813725232,19864
"(0.7656073923822403, 1.0)",1,99.61004141364552,19865
"(0.8633762288330498, 1.0)",2,99.60999693855028,19867
"(0.8547756205106323, 1.0)",1,99.6099596347638,19868
"(0.8976982097186702, 1.0)",1,99.60995356569484,19869
"(0.7632275132275131, 1.0)",1,99.60994928022647,19870
"(0.8491514770584537, 1.0)",2,99.60993221618024,19872
"(0.9497171590194846, 1.0)",2,99.60988977688793,19874
"(0.9665831244778612, 1.0)",1,99.6098804466872,19875
"(0.7121693121693121, 1.0)",1,99.60986752188798,19876
"(0.944073617452092, 1.0)",1,99.60983624569155,19877
"(0.7944219523166891, 1.0)",1,99.60983282870318,19878
"(0.7601281633539698, 1.0)",1,99.6098224282496,19879
"(0.8319340617212959, 1.0)",1,99.60977802334438,19880
"(0.8547756205106323, 1.0)",1,99.60977323056208,19881
"(0.8476190476190477, 1.0)",1,99.60975411297991,19882
"(0.8467532467532467, 1.0)",1,99.60973573905903,19883
"(0.9441792447111594, 1.0)",1,99.60971756395249,19884
"(0.8294970161977834, 1.0)",1,99.60971679641756,19885
"(0.7119388248146047, 1.0)",1,99.60971187027252,19886
"(0.8677248677248677, 1.0)",1,99.60968449165594,19887
"(0.9167853751187084, 1.0)",2,99.609603625918,19889
"(0.8319340617212959, 1.0)",1,99.60958853024115,19890
"(0.826388888888889, 1.0)",1,99.60956571776534,19891
"(0.8040695048423352, 1.0)",1,99.60956379788352,19892
"(0.7903875985986362, 1.0)",1,99.60956034343874,19893
"(0.8613656783468103, 1.0)",1,99.60954498935035,19894
"(0.9027777777777778, 1.0)",1,99.6095295376968,19895
"(0.917469251615593, 1.0)",1,99.60948984363618,19896
"(0.826388888888889, 1.0)",1,99.60948217557652,19897
"(0.861111111111111, 1.0)",1,99.60947064207934,19898
"(0.8796475392220073, 1.0)",1,99.60946555381403,19899
"(0.9497171590194846, 1.0)",1,99.60943999963958,19900
"(0.7479743867590829, 1.0)",1,99.6094133950146,19901
"(0.930704099821747, 1.0)",1,99.60925762613132,19902
"(0.7503607503607503, 1.0)",1,99.60925194565569,19903
"(0.808446455505279, 1.0)",1,99.60922968311776,19904
"(0.8420013166556946, 1.0)",1,99.60922796064742,19905
"(0.868077055383557, 1.0)",2,99.60914513208591,19907
"(0.8796475392220073, 1.0)",1,99.60913857398712,19908
"(0.9583930063253372, 1.0)",1,99.6091241330048,19909
"(0.861111111111111, 1.0)",1,99.6091182892762,19910
"(0.7632275132275131, 1.0)",2,99.6091180927339,19912
"(1.0, 1.0)",1,99.60910154748407,19913
"(0.8420013166556946, 1.0)",1,99.60909833792472,19914
"(0.8476190476190477, 1.0)",1,99.60901466576918,19915
"(0.859499940327008, 1.0)",2,99.60901323683132,19917
"(0.7090909090909091, 1.0)",2,99.60896567417748,19919
"(0.8300265307680562, 1.0)",1,99.60896491540716,19920
"(0.933249791144528, 1.0)",1,99.60893349185952,19921
"(0.7060994560994561, 1.0)",2,99.60887552685952,19923
"(0.7479743867590829, 1.0)",1,99.6088753928999,19924
"(0.8997493734335841, 1.0)",1,99.6088402825245,19925
"(0.7090909090909091, 1.0)",1,99.6088402825245,19926
"(0.7601164382773579, 1.0)",2,99.6088356875101,19928
"(0.8613656783468103, 1.0)",2,99.60880934903642,19930
"(0.9166682405676116, 1.0)",1,99.60879233568696,19931
"(0.81893131227901, 1.0)",1,99.60877923992862,19932
"(0.9833229101521784, 1.0)",1,99.60877679856694,19933
"(0.7090909090909091, 1.0)",1,99.60877679856694,19934
"(0.9499687304565352, 1.0)",1,99.60877664942706,19935
"(0.9333333333333332, 1.0)",1,99.608757204924,19936
"(0.8374727668845315, 1.0)",1,99.6087570381688,19937
"(0.8976982097186702, 1.0)",3,99.60873784758758,19940
"(0.8976982097186702, 1.0)",2,99.6087155121994,19942
"(0.917469251615593, 1.0)",1,99.6087056103876,19943
"(0.9720813204508856, 1.0)",1,99.608696007449,19944
"(0.7601164382773579, 1.0)",1,99.60868929840348,19945
"(0.8887202421952387, 1.0)",1,99.60867603691068,19946
"(0.7479743867590829, 1.0)",1,99.608668838647,19947
"(0.930124456440246, 1.0)",1,99.60860269221172,19948
"(0.9299507899507898, 1.0)",2,99.60859583205804,19950
"(0.8732774170274171, 1.0)",1,99.60856082047424,19951
"(0.917469251615593, 1.0)",1,99.60850605877452,19952
"(0.8635976129582268, 1.0)",1,99.6084951021542,19953
"(0.8222222222222222, 1.0)",1,99.60846250723851,19954
"(0.9583930063253372, 1.0)",1,99.60844909228638,19955
"(0.8796475392220073, 1.0)",1,99.60844417021184,19956
"(0.9326599326599326, 1.0)",1,99.6083966620552,19957
"(0.7435897435897435, 1.0)",1,99.6083941352234,19958
"(0.7421018697614443, 1.0)",1,99.60837088371532,19959
"(0.8319340617212959, 1.0)",1,99.60836339618488,19960
"(0.808446455505279, 1.0)",1,99.60836307005604,19961
"(0.861111111111111, 1.0)",1,99.60833854910936,19962
"(0.9301144010060736, 1.0)",1,99.60832584081588,19963
"(0.808446455505279, 1.0)",1,99.60831156095,19964
"(0.9158007932517735, 1.0)",1,99.60829209922528,19965
"(0.9583930063253372, 1.0)",1,99.60825809675768,19966
"(0.9161379295307868, 1.0)",1,99.6082531434228,19967
"(0.837707400507675, 1.0)",1,99.60816783054256,19968
"(0.816195709052852, 1.0)",1,99.60816575616508,19969
"(0.8796475392220073, 1.0)",1,99.60815801035125,19970
"(0.8615866942983156, 1.0)",1,99.60813019501384,19971
"(0.8420013166556946, 1.0)",1,99.60812409259428,19972
"(0.7479743867590829, 1.0)",1,99.60809757456803,19973
"(0.9333333333333332, 1.0)",1,99.6080817699559,19974
"(0.901575014782562, 1.0)",1,99.60808032884418,19975
"(0.944563492063492, 1.0)",1,99.60805939563625,19976
"(0.9158007932517735, 1.0)",1,99.60805354489564,19977
"(0.7090909090909091, 1.0)",1,99.6079668195201,19978
"(0.9297812306740878, 1.0)",1,99.60788656553513,19979
"(0.8872426490351017, 1.0)",1,99.60786997040056,19980
"(0.8633762288330498, 1.0)",1,99.60782072842444,19981
"(0.81893131227901, 1.0)",2,99.60777439763628,19983
"(0.8633762288330498, 1.0)",2,99.60776855737171,19985
"(0.7077308656256025, 1.0)",1,99.607689172901,19986
"(0.9497171590194846, 1.0)",1,99.6076790629596,19987
"(0.7077308656256025, 1.0)",1,99.60766832653869,19988
"(0.8222222222222222, 1.0)",1,99.60765535931222,19989
"(0.8420013166556946, 1.0)",1,99.60763877940036,19990
"(0.9166145507608924, 1.0)",1,99.60763877940036,19991
"(0.8468951683237397, 1.0)",1,99.60762947308436,19992
"(0.8796475392220073, 1.0)",1,99.60762833288598,19993
"(0.808446455505279, 1.0)",2,99.60762697355614,19995
"(0.8832603710652491, 1.0)",1,99.6075886620933,19996
"(0.9303715638302106, 1.0)",1,99.60757481568128,19997
"(0.7060994560994561, 1.0)",2,99.6074932339004,19999
"(0.8715701474388204, 1.0)",1,99.60748846959824,20000
"(0.861111111111111, 1.0)",1,99.60742531699978,20001
"(0.7077308656256025, 1.0)",1,99.60735405927512,20002
"(0.9497171590194846, 1.0)",1,99.6073245121368,20003
"(0.746304385688563, 1.0)",1,99.6073200647817,20004
"(0.9476043407479208, 1.0)",1,99.6072998004921,20005
"(0.757745166550198, 1.0)",1,99.60729524119208,20006
"(0.8796475392220073, 1.0)",1,99.60724945520649,20007
"(0.9497171590194848, 1.0)",1,99.60723588253713,20008
"(0.757745166550198, 1.0)",1,99.60723207219138,20009
"(0.9297812306740878, 1.0)",2,99.60721728737708,20011
"(0.8425483191745751, 1.0)",1,99.60721572448524,20012
"(0.8222222222222222, 1.0)",1,99.6072129259286,20013
"(0.7183489076634237, 1.0)",1,99.60718500755704,20014
"(0.80285509389987, 1.0)",1,99.6071640181414,20015
"(1.0, 1.0)",3,99.60714736156284,20018
"(0.9833229101521784, 1.0)",1,99.60714736156284,20019
"(0.7460317460317459, 1.0)",1,99.60714285714286,20020
"(0.8349489264123411, 1.0)",1,99.60711009857351,20021
"(0.8158879904162925, 1.0)",1,99.60702231356424,20022
"(0.7880931329207191, 1.0)",1,99.60701527867214,20023
"(0.808446455505279, 1.0)",1,99.60699526560737,20024
"(0.746304385688563, 1.0)",2,99.60699221191736,20026
"(0.7069597069597069, 1.0)",1,99.60695970695971,20027
"(0.757745166550198, 1.0)",1,99.60689425831804,20028
"(0.7069597069597069, 1.0)",3,99.60687616477092,20031
"(0.7601164382773579, 1.0)",1,99.6068696850306,20032
"(0.9153439153439152, 1.0)",1,99.60681316883364,20033
"(0.8976982097186702, 1.0)",4,99.6067891188096,20037
"(0.7090909090909091, 1.0)",1,99.6067891188096,20038
"(0.7075023741690408, 1.0)",1,99.60674543130683,20039
"(0.8814814814814814, 1.0)",2,99.60674316920242,20041
"(0.808446455505279, 1.0)",1,99.6067364746509,20042
"(0.8976982097186702, 1.0)",1,99.60672897301498,20043
"(0.6760835913312693, 1.0)",2,99.60672827344654,20045
"(0.6733821733821733, 1.0)",1,99.60667381399088,20046
"(0.882673371045464, 1.0)",1,99.60666442334944,20047
"(0.7880931329207191, 1.0)",1,99.60665776495968,20048
"(0.7844277631252677, 1.0)",1,99.60664998534747,20049
"(0.6733821733821733, 1.0)",1,99.6066319645267,20050
"(0.8374727668845315, 1.0)",1,99.60658745077828,20051
"(0.8976982097186702, 1.0)",1,99.60650947656436,20052
"(0.9326599326599326, 1.0)",1,99.60649432376744,20053
"(0.9581458989353726, 1.0)",1,99.6064770474498,20054
"(0.6733821733821733, 1.0)",1,99.60642224255383,20055
"(0.8976982097186702, 1.0)",1,99.60641356517849,20056
"(0.7077308656256025, 1.0)",1,99.6063976911217,20057
"(0.8165509259259259, 1.0)",1,99.60636263498596,20058
"(0.9665831244778612, 1.0)",1,99.6062656641604,20059
"(0.893146638589877, 1.0)",1,99.60625999136596,20060
"(0.808446455505279, 1.0)",1,99.60617428950034,20061
"(0.7222222222222221, 1.0)",2,99.60616718068133,20063
"(1.0, 1.0)",1,99.60615879757252,20064
"(0.8976982097186702, 1.0)",1,99.6061574159388,20065
"(0.8151249335459861, 1.0)",1,99.60610232247498,20066
"(0.6733821733821733, 1.0)",4,99.60604210604212,20070
"(0.7083333333333334, 1.0)",1,99.606031543052,20071
"(0.9331094582012576, 1.0)",1,99.60602945795053,20072
"(0.9299160159815896, 1.0)",1,99.60601261355288,20073
"(0.776488287126585, 1.0)",2,99.60598530332436,20075
"(0.8811945374355704, 1.0)",1,99.6059530822824,20076
"(0.8432903075760217, 1.0)",1,99.60593879854528,20077
"(0.8300265307680562, 1.0)",1,99.60587485700528,20078
"(0.8697983697983697, 1.0)",1,99.60581972469652,20079
"(0.9497171590194846, 1.0)",1,99.60581972469652,20080
"(0.844988344988345, 1.0)",1,99.60578534557548,20081
"(0.7944219523166891, 1.0)",1,99.60577457075286,20082
"(0.7222222222222221, 1.0)",1,99.60561816857904,20083
"(0.8468951683237397, 1.0)",1,99.60559843287876,20084
"(0.9497171590194848, 1.0)",1,99.6055579431044,20085
"(0.8796475392220073, 1.0)",3,99.60552574214388,20088
"(0.8848000715856217, 1.0)",1,99.60552552303848,20089
"(0.7222222222222221, 1.0)",1,99.60548259328748,20090
"(0.8796475392220073, 1.0)",1,99.60547530451134,20091
"(0.8976982097186702, 1.0)",1,99.60542907534428,20092
"(0.8976982097186702, 1.0)",1,99.6054121067254,20093
"(0.7222222222222221, 1.0)",1,99.60535720163448,20094
"(0.6747507742934573, 1.0)",1,99.60535584214944,20095
"(0.8976982097186702, 1.0)",1,99.60534941089892,20096
"(0.844988344988345, 1.0)",1,99.6053206053206,20097
"(0.6747507742934573, 1.0)",1,99.60527569859184,20098
"(0.81893131227901, 1.0)",2,99.60526296065837,20100
"(0.9166145507608924, 1.0)",1,99.60523196672104,20101
"(0.8635976129582268, 1.0)",1,99.6052317364767,20102
"(0.7222222222222221, 1.0)",1,99.6052310218504,20103
"(0.8663324979114452, 1.0)",1,99.60516927089456,20104
"(0.6747507742934573, 1.0)",1,99.60513537638876,20105
"(0.8222222222222222, 1.0)",1,99.60510657506806,20106
"(0.8222222222222222, 1.0)",1,99.60504387924158,20107
"(0.6747507742934573, 1.0)",1,99.60502715999432,20108
"(0.8976982097186702, 1.0)",1,99.60501939169424,20109
"(0.8222222222222222, 1.0)",1,99.60497021164544,20110
"(0.8420013166556946, 1.0)",1,99.60484653111646,20111
"(0.8599206349206349, 1.0)",1,99.60483947693062,20112
"(0.8845578466141503, 1.0)",1,99.60475830789976,20113
"(0.8222222222222222, 1.0)",1,99.60472882384695,20114
"(0.9331662489557224, 1.0)",1,99.60470591311412,20115
"(0.8374727668845315, 1.0)",1,99.60463248398004,20116
"(0.7574146783449108, 1.0)",1,99.60460449039952,20117
"(0.9326599326599326, 1.0)",1,99.60453756294578,20118
"(0.901575014782562, 1.0)",1,99.60453555608898,20119
"(0.8294970161977834, 1.0)",1,99.60452659618092,20120
"(0.9833229101521784, 1.0)",1,99.60452502149856,20121
"(0.7880931329207191, 1.0)",1,99.60451975294168,20122
"(0.808446455505279, 1.0)",1,99.60447782041344,20123
"(0.8703703703703703, 1.0)",1,99.60446343779677,20124
"(0.8222222222222222, 1.0)",1,99.60436906052334,20125
"(0.8651903651903651, 1.0)",1,99.60435705274416,20126
"(0.7916666666666666, 1.0)",2,99.60435427506032,20128
"(0.7711781618000022, 1.0)",1,99.60431371851696,20129
"(0.8222222222222222, 1.0)",1,99.60431160279772,20130
"(0.8811945374355704, 1.0)",1,99.60421697396212,20131
"(0.7222222222222221, 1.0)",1,99.60421195787048,20132
"(0.6542079837274346, 1.0)",1,99.60417671418398,20133
"(0.8633762288330498, 1.0)",1,99.60413487916615,20134
"(0.8887202421952387, 1.0)",1,99.60413316032212,20135
"(0.8703703703703703, 1.0)",1,99.60412363512492,20136
"(0.8065954953750508, 1.0)",1,99.60411341470852,20137
"(0.8651903651903651, 1.0)",2,99.6040688308981,20139
"(0.8222222222222222, 1.0)",1,99.60402402713058,20140
"(0.8840455840455841, 1.0)",1,99.60380795293077,20141
"(0.8796475392220073, 1.0)",1,99.6037886844909,20142
"(0.8653198653198653, 1.0)",1,99.60376887542571,20143
"(0.9497171590194846, 1.0)",1,99.60359259362582,20144
"(0.757745166550198, 1.0)",1,99.60358868352144,20145
"(0.8374727668845315, 1.0)",1,99.60355463822955,20146
"(0.7979797979797979, 1.0)",1,99.6035249303542,20147
"(0.7198480531813864, 1.0)",2,99.60351641733756,20149
"(0.9166145507608924, 1.0)",1,99.60351466611424,20150
"(0.6698155645524068, 1.0)",1,99.60349435188974,20151
"(0.868077055383557, 1.0)",1,99.60348836024288,20152
"(0.901575014782562, 1.0)",1,99.60345550522872,20153
"(0.8374727668845315, 1.0)",1,99.60344324864448,20154
"(0.7362637362637362, 1.0)",2,99.60342673955832,20156
"(0.8651903651903651, 1.0)",1,99.6033954302247,20157
"(0.7612958226768967, 1.0)",2,99.6032971393326,20159
"(0.7734344933751168, 1.0)",1,99.60327214717884,20160
"(0.7421018697614443, 1.0)",1,99.60321298087256,20161
"(0.9506533178503804, 1.0)",1,99.6031969875911,20162
"(0.8449978636391381, 1.0)",2,99.60317978156628,20164
"(0.9161952650324744, 1.0)",1,99.6031677672668,20165
"(0.8997493734335841, 1.0)",1,99.60314859419438,20166
"(0.9169719169719168, 1.0)",1,99.60313120870612,20167
"(0.6698155645524068, 1.0)",3,99.60311762834228,20170
"(0.6698155645524068, 1.0)",2,99.60310720516112,20172
"(0.6698155645524068, 1.0)",1,99.60306535569694,20173
"(0.6698155645524068, 1.0)",1,99.60304450933462,20174
"(0.8552744708994707, 1.0)",1,99.60302656796236,20175
"(0.8420013166556946, 1.0)",1,99.60300639345024,20176
"(0.6698155645524068, 1.0)",2,99.60298181350814,20178
"(1.0, 1.0)",1,99.60297735707474,20179
"(0.8845578466141503, 1.0)",1,99.60296224541072,20180
"(0.7277677677677677, 1.0)",1,99.60295945482687,20181
"(0.8547756205106323, 1.0)",1,99.6029266684481,20182
"(0.8703703703703703, 1.0)",1,99.60290527235328,20183
"(0.6698155645524068, 1.0)",1,99.60285563372406,20184
"(0.8811945374355704, 1.0)",1,99.60284339331326,20185
"(0.7030539311241066, 1.0)",1,99.60273982060014,20186
"(0.8420013166556946, 1.0)",1,99.60273562141631,20187
"(0.8420013166556946, 1.0)",1,99.60266997574855,20188
"(0.8703703703703703, 1.0)",1,99.6026624308351,20189
"(0.8247905643738976, 1.0)",1,99.60263240733728,20190
"(0.8374727668845315, 1.0)",1,99.602542005638,20191
"(0.8068904981347378, 1.0)",1,99.60252088016884,20192
"(0.8310777799491891, 1.0)",1,99.60250774093198,20193
"(0.7278086237149632, 1.0)",2,99.60248222713088,20195
"(0.6698155645524068, 1.0)",3,99.60247549721234,20198
"(0.8047508047508047, 1.0)",1,99.60244321174554,20199
"(0.7802197802197803, 1.0)",4,99.602442002442,20203
"(0.8222222222222222, 1.0)",1,99.602442002442,20204
"(0.8261351052048725, 1.0)",1,99.60244097276232,20205
"(0.9666666666666668, 1.0)",1,99.6024390270934,20206
"(0.8476190476190477, 1.0)",1,99.60235800084412,20207
"(0.8796475392220073, 1.0)",4,99.60234462149356,20211
"(0.9437903841498612, 1.0)",1,99.60232057918444,20212
"(1.0, 1.0)",2,99.60229584241044,20214
"(0.8885714285714285, 1.0)",1,99.60227587952484,20215
"(0.861111111111111, 1.0)",1,99.60217918781348,20216
"(0.8016677935542034, 1.0)",1,99.6021646069477,20217
"(0.799275702501509, 1.0)",1,99.60211810330092,20218
"(0.9833229101521784, 1.0)",1,99.60207784092756,20219
"(0.8101143854687974, 1.0)",1,99.60205355429072,20220
"(0.7687400318979267, 1.0)",2,99.60201082614434,20222
"(0.944073617452092, 1.0)",1,99.60196227058378,20223
"(0.9833229101521784, 1.0)",1,99.60191016758915,20224
"(0.8177442148030384, 1.0)",1,99.60187411240427,20225
"(0.9506533178503804, 1.0)",1,99.6018447136998,20226
"(0.7687400318979267, 1.0)",2,99.60184374176671,20228
"(0.9506533178503804, 1.0)",1,99.60179314401782,20229
"(0.8065954953750508, 1.0)",1,99.6017871196538,20230
"(0.861111111111111, 1.0)",1,99.6017792532629,20231
"(0.7713401051412279, 1.0)",2,99.60176995259052,20233
"(0.8222222222222222, 1.0)",1,99.6017445265308,20234
"(0.8229870141950848, 1.0)",1,99.60172637339022,20235
"(0.7711781618000022, 1.0)",1,99.60170281993136,20236
"(1.0, 1.0)",1,99.60169456401358,20237
"(0.8165520116739629, 1.0)",1,99.60154271538036,20238
"(0.9009534009534008, 1.0)",1,99.60151736167995,20239
"(0.9506533178503804, 1.0)",1,99.60147258846304,20240
"(0.7734344933751168, 1.0)",1,99.6014642016591,20241
"(0.934122934122934, 1.0)",1,99.60144494633155,20242
"(0.8633762288330498, 1.0)",1,99.6013827374794,20243
"(0.8845578466141503, 1.0)",1,99.60136141937724,20244
"(0.8420013166556946, 1.0)",1,99.60130865329369,20245
"(0.8349489264123411, 1.0)",1,99.60129790931654,20246
"(0.8840048840048841, 1.0)",1,99.60123381662623,20247
"(0.8653198653198653, 1.0)",1,99.60122051399236,20248
"(0.9326599326599326, 1.0)",1,99.60117551440852,20249
"(0.8635976129582268, 1.0)",1,99.60116375052436,20250
"(0.8110673829751791, 1.0)",1,99.6011189797659,20251
"(0.7994987468671678, 1.0)",1,99.60108307040272,20252
"(0.9666666666666668, 1.0)",1,99.60104053314387,20253
"(0.8312205288949474, 1.0)",1,99.60102205614876,20254
"(0.7675138481590094, 1.0)",1,99.60096291126996,20255
"(0.8165520116739629, 1.0)",1,99.60095043021872,20256
"(0.8229870141950848, 1.0)",1,99.6008852015064,20257
"(0.7675138481590094, 1.0)",1,99.60086985741196,20258
"(0.617513611615245, 1.0)",9,99.60083652176742,20267
"(0.861111111111111, 1.0)",3,99.60081063748548,20270
"(0.8420013166556946, 1.0)",1,99.60081063748548,20271
"(0.9497171590194846, 1.0)",1,99.60078808240998,20272
"(0.9326599326599326, 1.0)",1,99.60069794828718,20273
"(0.8177442148030384, 1.0)",1,99.60069126347535,20274
"(0.8341307814992026, 1.0)",1,99.60065152362972,20275
"(0.8177442148030384, 1.0)",1,99.60064862588013,20276
"(0.9009534009534008, 1.0)",1,99.60055590498018,20277
"(0.8997493734335841, 1.0)",2,99.60054161977078,20279
"(0.8552744708994707, 1.0)",1,99.60049482292872,20280
"(0.8101143854687974, 1.0)",2,99.60048254801572,20282
"(0.7511111111111111, 1.0)",4,99.60036760663444,20286
"(0.9665831244778612, 1.0)",1,99.60035617630824,20287
"(0.808446455505279, 1.0)",1,99.60035380679102,20288
"(0.8420013166556946, 1.0)",1,99.60030291680874,20289
"(0.8222222222222222, 1.0)",2,99.60029698125616,20291
"(0.7485857950974231, 1.0)",1,99.6002437965612,20292
"(0.9666562434855118, 1.0)",1,99.6002341655046,20293
"(0.8016677935542034, 1.0)",1,99.60021660365628,20294
"(0.8229870141950848, 1.0)",1,99.60021557228308,20295
"(0.7675138481590094, 1.0)",1,99.60020801434018,20296
"(0.8997493734335841, 1.0)",1,99.6001766126852,20297
"(0.7164894725870335, 1.0)",1,99.6001680657036,20298
"(0.8342074592074593, 1.0)",1,99.60016315076842,20299
"(0.868077055383557, 1.0)",2,99.60010876699552,20301
"(0.8177442148030384, 1.0)",1,99.60010046012016,20302
"(0.7675138481590094, 1.0)",1,99.60004606481252,20303
"(0.8222222222222222, 1.0)",1,99.59998957681884,20304
"(0.8177442148030384, 1.0)",1,99.5999677390572,20305
"(1.0, 1.0)",1,99.59996708469107,20306
"(0.8222222222222222, 1.0)",1,99.59994788409423,20307
"(0.8420013166556946, 1.0)",1,99.59992740141104,20308
"(0.6825396825396824, 1.0)",1,99.59983882069442,20309
"(0.861111111111111, 1.0)",1,99.59982249244123,20310
"(0.8796475392220073, 1.0)",1,99.59981564552172,20311
"(0.7340930674264007, 1.0)",1,99.599793069258,20312
"(0.8476190476190477, 1.0)",1,99.59976329744816,20313
"(0.8101143854687974, 1.0)",1,99.59975010197805,20314
"(0.9499687304565352, 1.0)",1,99.5997498436523,20315
"(0.8420013166556946, 1.0)",2,99.59974648320588,20317
"(0.844988344988345, 1.0)",1,99.599734639309,20318
"(0.9169719169719168, 1.0)",1,99.59973024677326,20319
"(0.7687400318979267, 1.0)",1,99.59972988222532,20320
"(0.8261351052048725, 1.0)",1,99.5997222846513,20321
"(0.8468951683237397, 1.0)",1,99.5997211267246,20322
"(0.876295504202481, 1.0)",1,99.59972091017192,20323
"(0.837707400507675, 1.0)",1,99.59968694442288,20324
"(0.882673371045464, 1.0)",1,99.59968507994358,20325
"(0.9, 1.0)",1,99.59964514162203,20326
"(0.7675138481590094, 1.0)",1,99.59963940115696,20327
"(0.8101143854687974, 1.0)",1,99.59956556135664,20328
"(0.9009287520039462, 1.0)",1,99.59956103977036,20329
"(0.9169719169719168, 1.0)",1,99.59955888736376,20330
"(0.7164894725870335, 1.0)",1,99.5995221476608,20331
"(0.9833229101521784, 1.0)",1,99.59951990670862,20332
"(0.9333333333333332, 1.0)",1,99.59951974996903,20333
"(0.8374727668845315, 1.0)",1,99.59949739778595,20334
"(0.8229870141950848, 1.0)",1,99.5994085961399,20335
"(0.934122934122934, 1.0)",1,99.59939419502962,20336
"(0.8420013166556946, 1.0)",1,99.5993465486553,20337
"(1.0, 1.0)",4,99.59934301740036,20341
"(0.9666562434855118, 1.0)",1,99.59932060791688,20342
"(0.9331662489557224, 1.0)",1,99.59931097286682,20343
"(0.7155555555555556, 1.0)",2,99.59923414867212,20345
"(1.0, 1.0)",1,99.59919279123386,20346
"(0.7994987468671678, 1.0)",1,99.59918558121382,20347
"(0.9161952650324744, 1.0)",1,99.599184163169,20348
"(0.8165520116739629, 1.0)",1,99.5991742188103,20349
"(0.8065954953750508, 1.0)",1,99.59913946952445,20350
"(0.9666562434855118, 1.0)",1,99.59913170495965,20351
"(0.799275702501509, 1.0)",1,99.59912962122576,20352
"(0.7372334455667788, 1.0)",1,99.59912837672864,20353
"(0.7647742788871822, 1.0)",1,99.59912618429172,20354
"(0.799275702501509, 1.0)",1,99.59910877486348,20355
"(0.9665831244778612, 1.0)",1,99.59908670942048,20356
"(0.9161952650324744, 1.0)",1,99.59907059786052,20357
"(0.8976982097186702, 1.0)",1,99.59906423644136,20358
"(0.8997493734335841, 1.0)",2,99.59903839832788,20360
"(0.799275702501509, 1.0)",1,99.59902523267466,20361
"(0.9166682405676116, 1.0)",1,99.59902191678094,20362
"(0.7503607503607503, 1.0)",1,99.5990035258328,20363
"(0.8016677935542034, 1.0)",1,99.5990014445464,20364
"(0.7503607503607503, 1.0)",1,99.59899630631338,20365
"(0.8997493734335841, 1.0)",1,99.59893322164572,20366
"(0.9833229101521784, 1.0)",1,99.59890266186352,20367
"(0.8845578466141503, 1.0)",2,99.5988289143691,20369
"(0.9161952650324744, 1.0)",1,99.59876550735432,20370
"(0.7155555555555556, 1.0)",1,99.59876365397548,20371
"(0.7155555555555556, 1.0)",1,99.5987532307943,20372
"(0.738145558145558, 1.0)",1,99.59869649719774,20373
"(0.9153439153439152, 1.0)",1,99.59867724867723,20374
"(0.8678757556806338, 1.0)",1,99.5986149794416,20375
"(0.8976982097186702, 1.0)",1,99.5985907216693,20376
"(0.6825396825396824, 1.0)",1,99.5985225253518,20377
"(0.9326599326599326, 1.0)",2,99.5985225253518,20379
"(0.9161952650324744, 1.0)",1,99.5985074441354,20380
"(0.9584987529902784, 1.0)",2,99.59849172662987,20382
"(0.8468951683237397, 1.0)",1,99.598468996508,20383
"(0.9499687304565352, 1.0)",1,99.59841672171136,20384
"(0.7767756418742694, 1.0)",1,99.59840423578784,20385
"(0.8976982097186702, 1.0)",1,99.59837440162292,20386
"(0.7340930674264007, 1.0)",2,99.59837440162292,20388
"(0.8341307814992026, 1.0)",1,99.59836437987914,20389
"(0.8697983697983697, 1.0)",1,99.59836155544512,20390
"(0.7155555555555556, 1.0)",1,99.59833394506587,20391
"(0.9161379295307868, 1.0)",2,99.59833127983788,20393
"(0.9161952650324744, 1.0)",1,99.59832188688505,20394
"(0.9665831244778612, 1.0)",1,99.59829468301868,20395
"(0.8316498316498316, 1.0)",1,99.59825395922957,20396
"(0.9153439153439156, 1.0)",1,99.59816572910282,20397
"(0.8165520116739629, 1.0)",1,99.59815422010544,20398
"(0.8677838677838676, 1.0)",1,99.59814201016246,20399
"(0.9720813204508856, 1.0)",1,99.598115571518,20400
"(0.8615866942983156, 1.0)",1,99.59810576623045,20401
"(0.8703703703703703, 1.0)",2,99.59808709808708,20403
"(0.9666666666666668, 1.0)",1,99.59800100531808,20404
"(0.9497171590194846, 1.0)",1,99.59798884359292,20405
"(0.8165520116739629, 1.0)",1,99.59796957357932,20406
"(0.8976982097186702, 1.0)",1,99.59796499470946,20407
"(0.8814814814814814, 1.0)",1,99.59792910460432,20408
"(0.7961989230281913, 1.0)",1,99.5978667165824,20409
"(0.8247905643738976, 1.0)",1,99.59785982588456,20410
"(0.9161952650324744, 1.0)",1,99.59785004379448,20411
"(0.944073617452092, 1.0)",1,99.5978306916564,20412
"(0.614498219149382, 1.0)",3,99.59782112930156,20415
"(0.8845578466141503, 1.0)",1,99.5978176960056,20416
"(0.9169719169719168, 1.0)",2,99.59778425974054,20418
"(0.8635976129582268, 1.0)",1,99.5977801154334,20419
"(0.9720813204508856, 1.0)",1,99.59777859202772,20420
"(0.8976982097186702, 1.0)",1,99.59777611909892,20421
"(0.917463536862289, 1.0)",1,99.59776272119448,20422
"(0.9497171590194848, 1.0)",1,99.59775791760312,20423
"(0.893146638589877, 1.0)",1,99.59772649400873,20424
"(0.8329156223893065, 1.0)",1,99.5977260701863,20425
"(0.930704099821747, 1.0)",1,99.59770128996254,20426
"(0.7647742788871822, 1.0)",1,99.59763617923969,20427
"(0.9445235834124724, 1.0)",1,99.59762697491276,20428
"(0.8420013166556946, 1.0)",2,99.59751517948663,20430
"(0.8222222222222222, 1.0)",2,99.59751517948663,20432
"(0.8976982097186702, 1.0)",1,99.5974478966314,20433
"(0.6825396825396824, 1.0)",1,99.59743966040052,20434
"(0.8547756205106323, 1.0)",1,99.59739271023533,20435
"(0.7791819291819292, 1.0)",1,99.59739144713676,20436
"(0.9331662489557224, 1.0)",1,99.5973852008049,20437
"(0.7362637362637362, 1.0)",2,99.59737484737484,20439
"(0.8324561403508771, 1.0)",1,99.59736343625946,20440
"(0.8165520116739629, 1.0)",1,99.59733730824874,20441
"(0.8053381731676306, 1.0)",3,99.5973256529902,20444
"(0.808446455505279, 1.0)",1,99.59732492121302,20445
"(0.8885714285714285, 1.0)",1,99.59732159234352,20446
"(0.9833229101521784, 1.0)",1,99.59731449803186,20447
"(0.8976982097186702, 1.0)",2,99.59730150187652,20449
"(0.8222222222222222, 1.0)",1,99.59728117411044,20450
"(0.8420013166556946, 1.0)",1,99.59725475586583,20451
"(0.9295946890286512, 1.0)",1,99.59721127482426,20452
"(0.81893131227901, 1.0)",1,99.59714769016436,20453
"(0.9158007932517735, 1.0)",1,99.59714524801814,20454
"(0.8814814814814814, 1.0)",1,99.597108521045,20455
"(0.7340930674264007, 1.0)",2,99.5970635168006,20457
"(0.8613656783468103, 1.0)",1,99.59703827355077,20458
"(0.8053381731676306, 1.0)",1,99.5969773191295,20459
"(0.8976982097186702, 1.0)",1,99.5969657583369,20460
"(0.9326599326599326, 1.0)",1,99.59696500903176,20461
"(0.8222222222222222, 1.0)",1,99.59688347153784,20462
"(0.8137566137566138, 1.0)",1,99.59687074680656,20463
"(0.9497171590194846, 1.0)",2,99.59684604876712,20465
"(0.9161952650324744, 1.0)",1,99.59684052342348,20466
"(0.9665831244778612, 1.0)",1,99.59682960042952,20467
"(0.8137566137566138, 1.0)",1,99.59682889734238,20468
"(0.8137865219658889, 1.0)",1,99.59681041962394,20469
"(0.9161952650324744, 1.0)",1,99.59679268171688,20470
"(0.8137865219658889, 1.0)",1,99.59672890121158,20471
"(0.7632275132275131, 1.0)",1,99.59671756383712,20472
"(0.9326599326599326, 1.0)",1,99.5967134375947,20473
"(0.8917140396210165, 1.0)",1,99.59668102189951,20474
"(0.8814814814814814, 1.0)",1,99.59664484234446,20475
"(1.0, 1.0)",1,99.59660793793788,20476
"(0.8814814814814814, 1.0)",1,99.59659577336086,20477
"(0.9499358151476252, 1.0)",1,99.59655951054263,20478
"(0.8468951683237397, 1.0)",1,99.5965497882563,20479
"(0.9009534009534008, 1.0)",2,99.5965420902629,20481
"(0.8310777799491891, 1.0)",1,99.59651518413554,20482
"(0.8329156223893065, 1.0)",1,99.59645831276126,20483
"(0.816195709052852, 1.0)",1,99.59641548927264,20484
"(0.9161379295307868, 1.0)",1,99.59640269829612,20485
"(0.8468951683237397, 1.0)",1,99.59640146602838,20486
"(0.8329050741331443, 1.0)",1,99.59634639146996,20487
"(0.9167853751187084, 1.0)",1,99.59632713862425,20488
"(0.7656073923822403, 1.0)",1,99.59629522307009,20489
"(1.0, 1.0)",1,99.59627544993398,20490
"(0.8137865219658889, 1.0)",2,99.59626894706706,20492
"(0.8840455840455841, 1.0)",1,99.59625339816978,20493
"(0.917415489944373, 1.0)",1,99.59621089608252,20494
"(0.8294970161977834, 1.0)",1,99.59615333361984,20495
"(0.7802197802197803, 1.0)",1,99.59612209604748,20496
"(0.861111111111111, 1.0)",1,99.59608361348864,20497
"(0.8976982097186702, 1.0)",1,99.596072867015,20498
"(0.9583930063253372, 1.0)",1,99.59605358630644,20499
"(0.9153439153439152, 1.0)",1,99.59602899431756,20500
"(0.944563492063492, 1.0)",1,99.59602315975124,20501
"(0.9583930063253372, 1.0)",1,99.59597375529708,20502
"(0.7306397306397308, 1.0)",1,99.5959595959596,20503
"(0.9153439153439152, 1.0)",1,99.59595199646547,20504
"(0.7802197802197803, 1.0)",1,99.59595199646547,20505
"(0.9166145507608924, 1.0)",2,99.59594892432956,20507
"(0.6378166586499919, 1.0)",1,99.59590376103188,20508
"(0.8796475392220073, 1.0)",2,99.59588622850306,20510
"(0.9331094582012576, 1.0)",1,99.59579652243968,20511
"(0.9581458989353726, 1.0)",2,99.5957568823784,20513
"(0.6961063627730295, 1.0)",1,99.59572955642255,20514
"(0.6954156954156954, 1.0)",1,99.5957178109296,20515
"(0.9153439153439152, 1.0)",1,99.5956441390928,20516
"(0.8796475392220073, 1.0)",1,99.59563544519708,20517
"(0.8329050741331443, 1.0)",1,99.59562177690552,20518
"(0.8312205288949474, 1.0)",1,99.59560951401755,20519
"(0.916104916104916, 1.0)",1,99.59557899964514,20520
"(0.7511111111111111, 1.0)",1,99.5955451323744,20521
"(0.9326599326599326, 1.0)",1,99.59545795335268,20522
"(0.837707400507675, 1.0)",1,99.59545256705788,20523
"(0.861111111111111, 1.0)",1,99.59543883732525,20524
"(0.9583930063253372, 1.0)",1,99.59540401787916,20525
"(0.8310777799491891, 1.0)",1,99.59540038752256,20526
"(0.9720813204508856, 1.0)",1,99.5953199723193,20527
"(0.9295946890286512, 1.0)",1,99.59531930868118,20528
"(1.0, 1.0)",1,99.59530342529146,20529
"(0.8329050741331443, 1.0)",1,99.59530150068996,20530
"(0.8796475392220073, 1.0)",1,99.59528622104736,20531
"(0.7903875985986362, 1.0)",2,99.59528306632149,20533
"(0.9499687304565352, 1.0)",1,99.59527134126348,20534
"(0.8976982097186702, 1.0)",1,99.59525137074148,20535
"(0.8468089381754635, 1.0)",1,99.59523369740629,20536
"(0.8374727668845315, 1.0)",1,99.59521793343472,20537
"(0.861111111111111, 1.0)",2,99.59520417853751,20539
"(0.7340930674264007, 1.0)",2,99.59520417853751,20541
"(0.916104916104916, 1.0)",1,99.59519567066737,20542
"(0.9499687304565352, 1.0)",2,99.59517555615116,20544
"(0.9441792447111594, 1.0)",1,99.59517261997622,20545
"(0.8976982097186702, 1.0)",1,99.59516203832108,20546
"(0.8653198653198653, 1.0)",1,99.59514539565888,20547
"(0.7121693121693121, 1.0)",2,99.595115415971,20549
"(0.8814814814814814, 1.0)",1,99.5950726717077,20550
"(0.8976982097186702, 1.0)",2,99.59501976982644,20552
"(0.9331662489557224, 1.0)",1,99.59494886259468,20553
"(0.933249791144528, 1.0)",1,99.5949485476378,20554
"(0.7060994560994561, 1.0)",1,99.59494727720076,20555
"(0.81893131227901, 1.0)",1,99.59494658135912,20556
"(0.9045740456093042, 1.0)",1,99.59490709494524,20557
"(0.8796475392220073, 1.0)",1,99.59487022805428,20558
"(0.7802197802197803, 1.0)",1,99.59486751065698,20559
"(0.9153439153439152, 1.0)",1,99.59486360641688,20560
"(0.7121693121693121, 1.0)",1,99.59484268321478,20561
"(0.9166682405676116, 1.0)",1,99.59482664216772,20562
"(0.8586166985951469, 1.0)",1,99.59478518895163,20563
"(0.930124456440246, 1.0)",1,99.59477055530436,20564
"(0.8633762288330498, 1.0)",1,99.59473655603028,20565
"(0.8040695048423352, 1.0)",1,99.59470086061444,20566
"(0.7532376017916352, 1.0)",2,99.59464307479956,20568
"(0.9833229101521784, 1.0)",1,99.59463565131732,20569
"(0.8294970161977834, 1.0)",1,99.5945882148502,20570
"(0.8533622685185187, 1.0)",1,99.5945868178313,20571
"(0.8732774170274171, 1.0)",1,99.59447833735754,20572
"(0.6636745887678723, 1.0)",1,99.5944583590911,20573
"(0.7183489076634237, 1.0)",5,99.594438988495,20578
"(0.9833229101521784, 1.0)",1,99.59443687358552,20579
"(0.8633762288330498, 1.0)",1,99.59442945111434,20580
"(0.9665831244778612, 1.0)",1,99.59440714904636,20581
"(0.7183489076634237, 1.0)",1,99.59431596273085,20582
"(0.808446455505279, 1.0)",1,99.59431134825452,20583
"(0.7060994560994561, 1.0)",1,99.59429342431687,20584
"(0.7479743867590829, 1.0)",3,99.59427088904064,20587
"(0.80285509389987, 1.0)",1,99.59426978007666,20588
"(0.7944219523166891, 1.0)",1,99.59426395883392,20589
"(0.8468951683237397, 1.0)",1,99.59426353405652,20590
"(0.7802197802197803, 1.0)",1,99.5942182734358,20591
"(0.901575014782562, 1.0)",1,99.59417110001924,20592
"(0.7612958226768967, 1.0)",2,99.59414796110865,20594
"(0.9158007932517735, 1.0)",1,99.59412620359171,20595
"(0.8294970161977834, 1.0)",1,99.59411541496252,20596
"(0.8247905643738976, 1.0)",1,99.59409055307762,20597
"(0.826388888888889, 1.0)",1,99.59406114436602,20598
"(0.8137865219658889, 1.0)",1,99.5940347920043,20599
"(0.8137566137566138, 1.0)",1,99.5939763939764,20600
"(0.8732774170274171, 1.0)",1,99.59397528722712,20601
"(0.9497171590194848, 1.0)",1,99.59397382946356,20602
"(0.8997493734335841, 1.0)",1,99.593901498587,20603
"(0.9665831244778612, 1.0)",1,99.59385365599591,20604
"(0.8715701474388204, 1.0)",1,99.59382605526596,20605
"(0.8053381731676306, 1.0)",1,99.59378709163218,20606
"(0.8796475392220073, 1.0)",1,99.59372462279713,20607
"(0.9666562434855118, 1.0)",2,99.5937200963163,20609
"(0.8468089381754635, 1.0)",1,99.59371964578078,20610
"(0.8467532467532467, 1.0)",1,99.59370077269593,20611
"(0.8432903075760217, 1.0)",1,99.59367563381812,20612
"(0.7479743867590829, 1.0)",1,99.59364662358291,20613
"(0.746304385688563, 1.0)",1,99.59361297323736,20614
"(0.7183489076634237, 1.0)",1,99.5936057014728,20615
"(0.9326599326599326, 1.0)",1,99.59360560515888,20616
"(0.8796475392220073, 1.0)",1,99.59359218229687,20617
"(0.901575014782562, 1.0)",1,99.59358133784924,20618
"(0.9665831244778612, 1.0)",1,99.59357514483996,20619
"(0.7903875985986362, 1.0)",1,99.59356207930549,20620
"(0.8294970161977834, 1.0)",1,99.59354778205916,20621
"(0.8976982097186702, 1.0)",1,99.59351313794248,20622
"(0.808446455505279, 1.0)",1,99.59343715921166,20623
"(0.6779618620193896, 1.0)",1,99.59340302322758,20624
"(0.8615866942983156, 1.0)",1,99.5933833753352,20625
"(0.9665831244778612, 1.0)",2,99.59322953833356,20627
"(0.9665831244778612, 1.0)",1,99.59320335683935,20628
"(1.0, 1.0)",1,99.59319954212496,20629
"(0.7601164382773579, 1.0)",2,99.59315745231964,20631
"(0.9165164082221422, 1.0)",1,99.5931298098442,20632
"(0.9499687304565352, 1.0)",1,99.59311740447365,20633
"(0.7511111111111111, 1.0)",1,99.5931124277668,20634
"(0.7042648709315374, 1.0)",1,99.59306103727458,20635
"(0.9165164082221422, 1.0)",1,99.59305746638624,20636
"(0.8294970161977834, 1.0)",1,99.59303970656974,20637
"(0.9309563801089225, 1.0)",1,99.59303676591624,20638
"(0.7601164382773579, 1.0)",1,99.59303206066669,20639
"(0.930124456440246, 1.0)",1,99.59302698454762,20640
"(0.746304385688563, 1.0)",1,99.59301230759334,20641
"(1.0, 1.0)",1,99.5930106665144,20642
"(0.7042648709315374, 1.0)",1,99.59298237597436,20643
"(0.746304385688563, 1.0)",1,99.59297658285328,20644
"(0.9581458989353726, 1.0)",1,99.59290765157296,20645
"(0.7802197802197803, 1.0)",1,99.59290738861344,20646
"(0.8261351052048725, 1.0)",1,99.59280878337572,20647
"(0.9153439153439152, 1.0)",2,99.59273741430351,20649
"(0.8300265307680562, 1.0)",1,99.59268055383876,20650
"(0.7083333333333334, 1.0)",1,99.5926497054546,20651
"(0.746304385688563, 1.0)",1,99.59257993538554,20652
"(0.8796475392220073, 1.0)",1,99.59252725210172,20653
"(0.8579868984630887, 1.0)",1,99.592511972859,20654
"(0.859499940327008, 1.0)",1,99.59249657832152,20655
"(0.826388888888889, 1.0)",1,99.59247076023392,20656
"(0.8420013166556946, 1.0)",1,99.59246294080152,20657
"(0.6907243513029603, 1.0)",2,99.59244122562544,20659
"(0.9331662489557224, 1.0)",1,99.5924329946262,20660
"(0.7090909090909091, 1.0)",1,99.59239297288076,20661
"(0.7503607503607503, 1.0)",2,99.59236206701644,20663
"(0.7090909090909091, 1.0)",1,99.59235128015617,20664
"(0.8736897274633123, 1.0)",1,99.59233979339712,20665
"(0.9166682405676116, 1.0)",1,99.59233348719694,20666
"(0.8796475392220073, 1.0)",1,99.59231069406832,20667
"(0.7090909090909091, 1.0)",1,99.59228858432968,20668
"(0.8703703703703703, 1.0)",1,99.59227848206862,20669
"(0.8976982097186702, 1.0)",1,99.59221677456244,20670
"(0.8266173510466989, 1.0)",1,99.59219720337238,20671
"(0.9442283950617284, 1.0)",1,99.59218336185302,20672
"(0.6760835913312693, 1.0)",3,99.59215572151288,20675
"(0.8963124945246743, 1.0)",1,99.59210676369868,20676
"(0.9833229101521784, 1.0)",1,99.5921010282445,20677
"(0.9161952650324744, 1.0)",1,99.59199176077834,20678
"(1.0, 1.0)",1,99.59198420918128,20679
"(0.7090909090909091, 1.0)",2,99.59197431706612,20681
"(0.9665831244778612, 1.0)",1,99.59197416792624,20682
"(0.9333333333333332, 1.0)",1,99.5919547234232,20683
"(0.9161952650324744, 1.0)",1,99.59192906495184,20684
"(0.8420013166556946, 1.0)",1,99.59191278967371,20685
"(0.8420013166556946, 1.0)",1,99.59188666166298,20686
"(0.7121693121693121, 1.0)",1,99.59181685139131,20687
"(0.9008025849489264, 1.0)",1,99.59177669628134,20688
"(0.882673371045464, 1.0)",1,99.59176428013636,20689
"(0.861111111111111, 1.0)",1,99.5917328440338,20690
"(0.9442283950617284, 1.0)",1,99.5917150834414,20691
"(0.9008025849489264, 1.0)",1,99.59171400045484,20692
"(0.9833229101521784, 1.0)",1,99.59165850942024,20693
"(0.8420013166556946, 1.0)",1,99.59165688145887,20694
"(0.7090909090909091, 1.0)",1,99.59165687638088,20695
"(0.9326599326599326, 1.0)",2,99.59165687638088,20697
"(0.808446455505279, 1.0)",1,99.59165471066476,20698
"(0.9497171590194846, 1.0)",1,99.59161424386365,20699
"(0.8796475392220073, 1.0)",1,99.59153311776726,20700
"(0.7294281157362763, 1.0)",1,99.59153129033945,20701
"(0.8848000715856217, 1.0)",1,99.591515060857,20702
"(0.861111111111111, 1.0)",1,99.59149205079436,20703
"(0.7090909090909091, 1.0)",2,99.59146800077032,20705
"(0.8222222222222222, 1.0)",1,99.59145329928386,20706
"(0.8222222222222222, 1.0)",1,99.59140922796836,20707
"(0.7711781618000022, 1.0)",1,99.59140520776296,20708
"(0.9161952650324744, 1.0)",1,99.59130029155696,20709
"(0.8796475392220073, 1.0)",1,99.59125765302534,20710
"(0.861111111111111, 1.0)",2,99.59123692596091,20712
"(0.8319340617212959, 1.0)",1,99.5912354700488,20713
"(0.8420013166556946, 1.0)",1,99.59118034568068,20714
"(0.8468951683237397, 1.0)",1,99.59116210520942,20715
"(0.7294281157362763, 1.0)",2,99.59115891089525,20717
"(0.861111111111111, 1.0)",1,99.59111868668823,20718
"(0.8053381731676306, 1.0)",1,99.59109738059946,20719
"(0.7802197802197803, 1.0)",1,99.5910944847115,20720
"(0.826388888888889, 1.0)",1,99.59109395859755,20721
"(0.808446455505279, 1.0)",1,99.59107996067412,20722
"(0.5910680656443368, 1.0)",12,99.59106806564434,20734
"(1.0, 1.0)",3,99.59106806564434,20737
"(0.8796475392220073, 1.0)",1,99.59102680147146,20738
"(0.7090909090909091, 1.0)",4,99.59101794891268,20742
"(0.8533622685185187, 1.0)",1,99.59096855198652,20743
"(0.8420013166556946, 1.0)",1,99.59096168955254,20744
"(0.7916666666666666, 1.0)",1,99.59095458847302,20745
"(0.7656073923822403, 1.0)",1,99.59093161919012,20746
"(0.8053381731676306, 1.0)",1,99.59091718192148,20747
"(0.757745166550198, 1.0)",1,99.59091157224547,20748
"(0.8476190476190477, 1.0)",1,99.59086682971656,20749
"(0.9499687304565352, 1.0)",1,99.590848876419,20750
"(0.8449978636391381, 1.0)",1,99.59082716479222,20751
"(0.8997493734335841, 1.0)",1,99.590723484766,20752
"(0.8653198653198653, 1.0)",2,99.5907205194598,20754
"(0.8420013166556947, 1.0)",4,99.5906709688988,20758
"(0.8329156223893065, 1.0)",1,99.5906607889395,20759
"(0.9166682405676116, 1.0)",1,99.59063496650452,20760
"(0.757745166550198, 1.0)",1,99.59057582870588,20761
"(0.8222222222222222, 1.0)",1,99.5905358360808,20762
"(0.9665831244778612, 1.0)",1,99.59040757588852,20763
"(1.0, 1.0)",1,99.59040757588852,20764
"(0.6238244514106583, 1.0)",1,99.59040757588852,20765
"(0.7077308656256025, 1.0)",2,99.59035952874208,20767
"(0.8579868984630887, 1.0)",1,99.5902604625759,20768
"(0.8796475392220073, 1.0)",1,99.59022223294492,20769
"(0.7601164382773579, 1.0)",1,99.59019259518278,20770
"(0.8976982097186702, 1.0)",3,99.59011202896176,20773
"(0.8420013166556947, 1.0)",1,99.59011054235992,20774
"(0.916104916104916, 1.0)",1,99.59009251122023,20775
"(0.7075023741690408, 1.0)",1,99.59006834145902,20776
"(0.757745166550198, 1.0)",1,99.59002829285966,20777
"(0.6733821733821733, 1.0)",1,99.58995487467888,20778
"(0.7734344933751168, 1.0)",1,99.58992380922258,20779
"(0.7503607503607503, 1.0)",1,99.589900919956,20780
"(0.7075023741690408, 1.0)",1,99.58987946584844,20781
"(0.9295946890286512, 1.0)",2,99.58985056090968,20783
"(0.9326599326599326, 1.0)",1,99.5898394172491,20784
"(0.7075023741690408, 1.0)",1,99.5897467447855,20785
"(0.7077308656256025, 1.0)",1,99.5897408105964,20786
"(0.7421018697614443, 1.0)",1,99.58970611411016,20787
"(0.6733821733821733, 1.0)",1,99.58968245687952,20788
"(0.7802197802197803, 1.0)",1,99.58960452536236,20789
"(0.8651903651903651, 1.0)",2,99.58958135204492,20791
"(0.8420013166556946, 1.0)",1,99.58950186151122,20792
"(0.7075023741690408, 1.0)",1,99.5894294139908,20793
"(0.9441792447111594, 1.0)",1,99.58940978265056,20794
"(0.6733821733821733, 1.0)",1,99.58936501619428,20795
"(0.7083333333333334, 1.0)",2,99.58935445320418,20797
"(0.7069597069597069, 1.0)",2,99.5892725161018,20799
"(0.7837066533930646, 1.0)",1,99.58925178576746,20800
"(0.816195709052852, 1.0)",1,99.58920115888756,20801
"(0.844988344988345, 1.0)",1,99.5891717396852,20802
"(0.8579868984630887, 1.0)",1,99.5891468866052,20803
"(0.8374727668845315, 1.0)",1,99.58910929089528,20804
"(0.844988344988345, 1.0)",1,99.58910825572764,20805
"(0.8068904981347378, 1.0)",1,99.58907965907424,20806
"(0.727840909090909, 1.0)",1,99.5890666493536,20807
"(0.868077055383557, 1.0)",1,99.58896610310188,20808
"(0.8222222222222222, 1.0)",1,99.58894202360185,20809
"(0.7222222222222221, 1.0)",1,99.58874280761316,20810
"(0.8796475392220073, 1.0)",4,99.58873844831292,20814
"(0.7734344933751168, 1.0)",2,99.5887367159944,20816
"(0.9499687304565352, 1.0)",1,99.58873501687758,20817
"(0.6733821733821733, 1.0)",1,99.58872608872608,20818
"(0.7222222222222221, 1.0)",1,99.58868011178666,20819
"(1.0, 1.0)",1,99.58866623572506,20820
"(0.8065067548938516, 1.0)",1,99.58863322000686,20821
"(0.9666666666666668, 1.0)",1,99.58857743435956,20822
"(0.861111111111111, 1.0)",1,99.5885539320026,20823
"(0.6908541194255481, 1.0)",1,99.58855232914422,20824
"(0.8468951683237397, 1.0)",1,99.58851967862896,20825
"(0.8848000715856217, 1.0)",1,99.58844884360025,20826
"(0.8732774170274171, 1.0)",1,99.58839671186124,20827
"(0.7417524659802721, 1.0)",1,99.58828602345312,20828
"(1.0, 1.0)",1,99.5882473028128,20829
"(0.7767756418742694, 1.0)",1,99.5882121948965,20830
"(0.8885714285714285, 1.0)",1,99.58819085392668,20831
"(0.9153439153439156, 1.0)",1,99.58803306268744,20832
"(0.7083333333333334, 1.0)",1,99.58798087255532,20833
"(0.7562136521052955, 1.0)",1,99.58797855352684,20834
"(0.8101143854687974, 1.0)",2,99.58788071676209,20836
"(0.9166145507608924, 1.0)",1,99.58785968496689,20837
"(0.8222222222222222, 1.0)",1,99.58784327924252,20838
"(0.727840909090909, 1.0)",1,99.58783092312862,20839
"(0.8633762288330498, 1.0)",1,99.58780552715044,20840
"(0.8547756205106323, 1.0)",1,99.58773484170268,20841
"(0.8651903651903651, 1.0)",1,99.58767996289632,20842
"(0.9169719169719168, 1.0)",1,99.58753145591132,20843
"(0.6698155645524068, 1.0)",4,99.58750184943575,20847
"(0.8533622685185187, 1.0)",1,99.58747257979388,20848
"(0.930704099821747, 1.0)",1,99.58746788102916,20849
"(0.8329050741331443, 1.0)",1,99.58743823869756,20850
"(0.8101143854687974, 1.0)",2,99.58741336290012,20852
"(0.9326599326599326, 1.0)",1,99.58741063054283,20853
"(1.0, 1.0)",2,99.58737423268316,20855
"(0.757745166550198, 1.0)",1,99.58736143622876,20856
"(0.8796475392220073, 1.0)",1,99.58736143622876,20857
"(0.8222222222222222, 1.0)",1,99.58734693728276,20858
"(0.933096859926128, 1.0)",1,99.58730484365356,20859
"(0.7198480531813864, 1.0)",1,99.5872730510942,20860
"(0.9497171590194846, 1.0)",2,99.5872480528991,20862
"(0.9442283950617284, 1.0)",1,99.58714670323288,20863
"(0.861111111111111, 1.0)",1,99.58713920350748,20864
"(0.7734344933751168, 1.0)",1,99.5871155459059,20865
"(0.8016677935542034, 1.0)",1,99.5871009306442,20866
"(0.7277677677677677, 1.0)",1,99.58709194260472,20867
"(0.7880931329207191, 1.0)",2,99.58708477536103,20869
"(0.8651903651903651, 1.0)",1,99.58704103542811,20870
"(0.7562136521052955, 1.0)",1,99.58694657987218,20871
"(0.757745166550198, 1.0)",1,99.58691159367363,20872
"(0.9326599326599326, 1.0)",2,99.58686791638738,20874
"(0.7979797979797979, 1.0)",1,99.58684784050638,20875
"(0.8222222222222222, 1.0)",1,99.58684690545157,20876
"(1.0, 1.0)",1,99.5868343412498,20877
"(0.8840048840048841, 1.0)",1,99.5868241440024,20878
"(0.7675138481590094, 1.0)",1,99.58681415288262,20879
"(0.8229870141950848, 1.0)",1,99.58674546956152,20880
"(0.73687720936437, 1.0)",1,99.5867415512698,20881
"(0.7204751921733054, 1.0)",1,99.58666003402462,20882
"(0.7675138481590094, 1.0)",1,99.58661345449002,20883
"(0.73687720936437, 1.0)",2,99.58659531325448,20885
"(0.8222222222222222, 1.0)",2,99.58658904954991,20887
"(0.7675138481590094, 1.0)",1,99.58657783287164,20888
"(0.7880931329207191, 1.0)",1,99.58657672543065,20889
"(0.9333333333333332, 1.0)",1,99.58654540588294,20890
"(0.8615866942983156, 1.0)",2,99.58654372796896,20892
"(0.916104916104916, 1.0)",1,99.58641748790112,20893
"(0.8165509259259259, 1.0)",1,99.58639926984836,20894
"(0.9833229101521784, 1.0)",1,99.58637326159791,20895
"(0.861111111111111, 1.0)",1,99.58637279883206,20896
"(0.6698155645524068, 1.0)",1,99.5863674194868,20897
"(0.721056721056721, 1.0)",1,99.58630667103068,20898
"(0.6698155645524068, 1.0)",1,99.5863047236603,20899
"(0.7198480531813864, 1.0)",1,99.5862595751725,20900
"(0.7675138481590094, 1.0)",2,99.5862555619137,20902
"(0.8420013166556946, 1.0)",1,99.58624740717906,20903
"(0.73687720936437, 1.0)",1,99.58620816652588,20904
"(0.8229870141950848, 1.0)",1,99.58615867209971,20905
"(0.8296970789758384, 1.0)",1,99.58615102245192,20906
"(0.808446455505279, 1.0)",1,99.58613920206838,20907
"(0.6698155645524068, 1.0)",2,99.58611584804976,20909
"(0.7204751921733054, 1.0)",1,99.58611091146756,20910
"(0.868077055383557, 1.0)",1,99.5861078282616,20911
"(0.7362637362637362, 1.0)",1,99.58602958602958,20912
"(0.8976982097186702, 1.0)",1,99.58580930938304,20913
"(0.9326599326599326, 1.0)",2,99.58579840736452,20915
"(0.6698155645524068, 1.0)",5,99.58579840736452,20920
"(0.882673371045464, 1.0)",1,99.58578579881228,20921
"(0.757745166550198, 1.0)",2,99.5857748748342,20923
"(0.9665831244778612, 1.0)",1,99.58576550751448,20924
"(0.7802197802197803, 1.0)",1,99.5857649125942,20925
"(0.8222222222222222, 1.0)",2,99.5857649125942,20927
"(1.0, 1.0)",1,99.5857649125942,20928
"(0.7204751921733054, 1.0)",1,99.58572514214724,20929
"(0.8814814814814814, 1.0)",1,99.585693439352,20930
"(0.9331662489557224, 1.0)",1,99.5855909055524,20931
"(0.8341307814992026, 1.0)",1,99.5855665797153,20932
"(0.8976982097186702, 1.0)",1,99.58555518229966,20933
"(0.861111111111111, 1.0)",3,99.58550209796569,20936
"(1.0, 1.0)",1,99.58549160188504,20937
"(0.8468951683237397, 1.0)",2,99.58548397659897,20939
"(0.8635976129582268, 1.0)",1,99.58544302882996,20940
"(0.9326599326599326, 1.0)",1,99.5854377104377,20941
"(0.8476190476190477, 1.0)",1,99.58542933955924,20942
"(0.9018806250259218, 1.0)",1,99.58535077953266,20943
"(0.7532376017916352, 1.0)",1,99.5852881923841,20944
"(0.9167853751187084, 1.0)",1,99.58528167279964,20945
"(0.8697983697983697, 1.0)",1,99.58527917134658,20946
"(0.9497171590194848, 1.0)",1,99.58519260007454,20947
"(0.8177442148030384, 1.0)",1,99.58516578581896,20948
"(0.6698155645524068, 1.0)",2,99.58515947989632,20950
"(0.7687400318979267, 1.0)",3,99.58504047213484,20953
"(0.9300671002153482, 1.0)",1,99.58503929221772,20954
"(0.8177442148030384, 1.0)",1,99.58493852178748,20955
"(0.9300671002153482, 1.0)",1,99.5848905447155,20956
"(0.8319340617212959, 1.0)",3,99.58488086551534,20959
"(0.7362637362637362, 1.0)",1,99.58477701160628,20960
"(0.7372334455667788, 1.0)",1,99.5847408793054,20961
"(0.8016677935542034, 1.0)",1,99.58467753805304,20962
"(0.8341307814992026, 1.0)",1,99.58465902117572,20963
"(0.7916666666666666, 1.0)",1,99.5846386800334,20964
"(0.7786375661375661, 1.0)",1,99.58457670387835,20965
"(0.7880931329207191, 1.0)",1,99.5845588456426,20966
"(0.8697983697983697, 1.0)",1,99.58455607177582,20967
"(0.8016677935542034, 1.0)",3,99.58448945057356,20970
"(0.9027777777777778, 1.0)",1,99.58446523328932,20971
"(0.8813080639167598, 1.0)",1,99.58442049168356,20972
"(0.786508365740383, 1.0)",1,99.5844051541944,20973
"(0.7786375661375661, 1.0)",1,99.58433910066736,20974
"(0.8676532769556025, 1.0)",1,99.58433175067968,20975
"(0.9161952650324744, 1.0)",2,99.58432094815112,20977
"(0.9297812306740878, 1.0)",1,99.58427496880827,20978
"(0.617513611615245, 1.0)",2,99.5841594319196,20980
"(0.9333333333333332, 1.0)",1,99.58412348482504,20981
"(0.617513611615245, 1.0)",9,99.5840967360931,20990
"(0.8796475392220073, 1.0)",1,99.58402717043091,20991
"(0.8840455840455841, 1.0)",1,99.5840008090926,20992
"(0.799275702501509, 1.0)",1,99.5839888451094,20993
"(0.7786375661375661, 1.0)",1,99.58395032431216,20994
"(0.7965746171391332, 1.0)",1,99.5839449764784,20995
"(0.7204751921733054, 1.0)",2,99.58385142100636,20997
"(0.8814814814814814, 1.0)",1,99.58385110256678,20998
"(0.9833229101521784, 1.0)",1,99.5838470472617,20999
"(0.6831352928913905, 1.0)",1,99.58383712042249,21000
"(0.9008025849489264, 1.0)",1,99.58381248618733,21001
"(0.8449978636391381, 1.0)",1,99.58379394999196,21002
"(0.6698155645524068, 1.0)",1,99.58376340532952,21003
"(0.7511111111111111, 1.0)",1,99.5837116781058,21004
"(0.7944219523166891, 1.0)",1,99.58367928093142,21005
"(0.7511111111111111, 1.0)",1,99.58366935546744,21006
"(0.9720813204508856, 1.0)",1,99.58362358083144,21007
"(0.8811945374355704, 1.0)",1,99.58361987809718,21008
"(0.9008025849489264, 1.0)",1,99.58356091475028,21009
"(0.9009534009534008, 1.0)",1,99.58349308349308,21010
"(0.7204751921733054, 1.0)",1,99.58344564154748,21011
"(0.6804620726495727, 1.0)",2,99.58343474220491,21013
"(0.776488287126585, 1.0)",1,99.58337878526132,21014
"(0.917415489944373, 1.0)",1,99.58337212637598,21015
"(0.9169719169719168, 1.0)",2,99.58336726744945,21017
"(1.0, 1.0)",1,99.58336558420278,21018
"(0.8068904981347378, 1.0)",1,99.58334552458976,21019
"(0.8997493734335841, 1.0)",1,99.58333476567944,21020
"(0.9584987529902784, 1.0)",1,99.58331402065753,21021
"(0.8880748880748881, 1.0)",1,99.5833020737344,21022
"(0.8068635828271864, 1.0)",1,99.58330066615775,21023
"(0.8329050741331443, 1.0)",1,99.58323736190358,21024
"(0.7198480531813864, 1.0)",1,99.58322428201444,21025
"(0.6825396825396824, 1.0)",2,99.5831617308466,21027
"(0.8613656783468103, 1.0)",1,99.58315348608058,21028
"(0.6831352928913905, 1.0)",2,99.5831352928914,21030
"(0.8613656783468103, 1.0)",1,99.58310915659608,21031
"(0.9666562434855118, 1.0)",1,99.58310386660835,21032
"(0.6831352928913905, 1.0)",1,99.58307275380446,21033
"(0.757745166550198, 1.0)",1,99.58306939335807,21034
"(0.8814814814814814, 1.0)",1,99.58302404012228,21035
"(0.7511111111111111, 1.0)",1,99.58301410090884,21036
"(0.6804620726495727, 1.0)",1,99.58300412281469,21037
"(0.9165164082221422, 1.0)",1,99.58298836515928,21038
"(0.8341307814992026, 1.0)",1,99.58293906445384,21039
"(0.9331662489557224, 1.0)",1,99.5828845095854,21040
"(0.8976982097186702, 1.0)",1,99.58287402703914,21041
"(0.8651903651903651, 1.0)",1,99.58286734807916,21042
"(0.9003556829643787, 1.0)",1,99.5828659554618,21043
"(0.9008627640703112, 1.0)",1,99.58285152660396,21044
"(0.8420013166556946, 1.0)",1,99.58284279358593,21045
"(0.859499940327008, 1.0)",2,99.58283983568064,21047
"(0.9666562434855118, 1.0)",2,99.58281785964712,21049
"(0.7673678366541239, 1.0)",1,99.58281397713412,21050
"(0.7632275132275131, 1.0)",1,99.58277415478248,21051
"(0.8796475392220073, 1.0)",1,99.58275996698882,21052
"(0.9506533178503804, 1.0)",1,99.58275263171224,21053
"(0.8651903651903651, 1.0)",1,99.58273703479374,21054
"(0.903667392883079, 1.0)",1,99.5827287815817,21055
"(0.861111111111111, 1.0)",1,99.58271057015676,21056
"(0.8796475392220073, 1.0)",4,99.58270147034612,21060
"(0.8467532467532467, 1.0)",1,99.58266671444954,21061
"(0.7574146783449108, 1.0)",1,99.5826449198842,21062
"(0.8976982097186702, 1.0)",1,99.58264270357142,21063
"(0.9442283950617284, 1.0)",1,99.58260941415084,21064
"(0.8651903651903651, 1.0)",1,99.58260634276894,21065
"(0.8053381731676306, 1.0)",1,99.58257830266751,21066
"(0.9497171590194846, 1.0)",1,99.58257039906142,21067
"(0.9161952650324744, 1.0)",1,99.58256976914768,21068
"(0.9027777777777778, 1.0)",1,99.58251332384204,21069
"(1.0, 1.0)",1,99.582508491366,21070
"(0.8976982097186702, 1.0)",1,99.58250098268512,21071
"(0.9666562434855118, 1.0)",1,99.58249633518317,21072
"(0.799275702501509, 1.0)",1,99.58249438084214,21073
"(0.6825396825396824, 1.0)",2,99.58247714345276,21075
"(0.9166145507608924, 1.0)",1,99.58247714345276,21076
"(0.9326599326599326, 1.0)",1,99.58247609712537,21077
"(1.0, 1.0)",1,99.5824457955395,21078
"(0.9166682405676116, 1.0)",1,99.58243956238157,21079
"(0.6825396825396824, 1.0)",1,99.58242487080742,21080
"(0.9665831244778612, 1.0)",1,99.58238231158194,21081
"(0.7632275132275131, 1.0)",1,99.58236866381802,21082
"(0.8997493734335841, 1.0)",1,99.58228905597326,21083
"(0.799275702501509, 1.0)",1,99.58228544700034,21084
"(0.7277677677677677, 1.0)",1,99.5822817806261,21085
"(0.9161952650324744, 1.0)",1,99.58223465552182,21086
"(0.933096859926128, 1.0)",1,99.5822344936594,21087
"(0.9444901834607716, 1.0)",1,99.58216185630212,21088
"(0.8976982097186702, 1.0)",2,99.58214715433022,21090
"(0.6831352928913905, 1.0)",4,99.58212519188127,21094
"(0.9027777777777778, 1.0)",1,99.58210665251984,21095
"(0.9161379295307868, 1.0)",1,99.58209138918726,21096
"(0.7802197802197803, 1.0)",1,99.5820287616386,21097
"(0.8976982097186702, 1.0)",1,99.5820160912794,21098
"(0.8885714285714285, 1.0)",1,99.5820031690298,21099
"(0.7651046271735927, 1.0)",1,99.5819782977058,21100
"(0.9497171590194846, 1.0)",1,99.5819711797368,21101
"(0.9161952650324744, 1.0)",1,99.58194970346074,21102
"(0.9833229101521784, 1.0)",1,99.58194066666468,21103
"(0.7903875985986362, 1.0)",1,99.5819191680332,21104
"(0.8016677935542034, 1.0)",2,99.58188757377398,21106
"(1.0, 1.0)",1,99.58188757377398,21107
"(0.9031692062697052, 1.0)",1,99.58186984412475,21108
"(0.8615866942983156, 1.0)",1,99.58186006209596,21109
"(0.9326599326599326, 1.0)",1,99.58184543550396,21110
"(0.7372334455667788, 1.0)",1,99.58179917013432,21111
"(0.8697983697983697, 1.0)",1,99.58174664417012,21112
"(0.9665831244778612, 1.0)",1,99.58169756744851,21113
"(0.7164894725870335, 1.0)",1,99.5816798377774,21114
"(0.7687400318979267, 1.0)",1,99.58167921172864,21115
"(0.8016677935542034, 1.0)",1,99.5816710157406,21116
"(0.9153439153439156, 1.0)",3,99.58165572363262,21119
"(0.9161379295307868, 1.0)",1,99.58158282318134,21120
"(0.9161952650324744, 1.0)",1,99.58157477180076,21121
"(0.8796475392220073, 1.0)",1,99.581550487208,21122
"(0.9166682405676116, 1.0)",1,99.58153915516596,21123
"(0.7340930674264007, 1.0)",1,99.58150843616455,21124
"(0.8976982097186702, 1.0)",1,99.58150843616455,21125
"(0.944563492063492, 1.0)",1,99.58147655560649,21126
"(0.9833229101521784, 1.0)",1,99.58142742444916,21127
"(0.9833229101521784, 1.0)",1,99.581412199375,21128
"(0.9833229101521784, 1.0)",1,99.58138989543892,21129
"(0.9153439153439156, 1.0)",1,99.581363247602,21130
"(0.7503607503607503, 1.0)",1,99.58135060068814,21131
"(0.9295946890286512, 1.0)",1,99.58131046320035,21132
"(1.0, 1.0)",1,99.5813093684545,21133
"(0.917415489944373, 1.0)",1,99.58130092096437,21134
"(1.0, 1.0)",1,99.58129976364444,21135
"(0.8222222222222222, 1.0)",1,99.58122523636742,21136
"(0.8832603710652491, 1.0)",2,99.5811490193569,21138
"(0.614498219149382, 1.0)",1,99.58114403945372,21139
"(0.859499940327008, 1.0)",2,99.58110655049916,21141
"(0.7060994560994561, 1.0)",1,99.58103764570394,21142
"(0.8222222222222222, 1.0)",2,99.581031543052,21144
"(0.8976982097186702, 1.0)",1,99.581031543052,21145
"(0.8796475392220073, 1.0)",1,99.58100122225224,21146
"(0.808446455505279, 1.0)",1,99.58092518728634,21147
"(0.9, 1.0)",1,99.58091673131972,21148
"(0.8885714285714285, 1.0)",1,99.58089982337395,21149
"(0.8329156223893065, 1.0)",1,99.58079423547971,21150
"(0.7060994560994561, 1.0)",1,99.58078910710644,21151
"(0.8222222222222222, 1.0)",1,99.58077539381232,21152
"(0.8976982097186702, 1.0)",1,99.5807708067836,21153
"(0.7164894725870335, 1.0)",1,99.58077080678356,21154
"(0.6636745887678723, 1.0)",1,99.5807645894105,21155
"(0.7503607503607503, 1.0)",1,99.58071889273936,21156
"(0.8976982097186702, 1.0)",1,99.58071889273936,21157
"(0.8294970161977834, 1.0)",1,99.58071884668044,21158
"(1.0, 1.0)",2,99.58071269798582,21160
"(0.9299507899507898, 1.0)",1,99.5806961302758,21161
"(0.916104916104916, 1.0)",1,99.58067116872382,21162
"(0.8732774170274171, 1.0)",1,99.58065824622612,21163
"(0.8053381731676306, 1.0)",1,99.58065504850408,21164
"(0.6636745887678723, 1.0)",1,99.58063837385164,21165
"(0.8294970161977834, 1.0)",1,99.58062271976252,21166
"(0.8420013166556946, 1.0)",1,99.58059012493092,21167
"(0.8976982097186702, 1.0)",1,99.5805200234776,21168
"(0.8976982097186702, 1.0)",1,99.58049024296,21169
"(0.8796475392220073, 1.0)",2,99.58038642695276,21171
"(0.9003556829643787, 1.0)",1,99.58035872086217,21172
"(0.9153439153439156, 1.0)",1,99.58027991153348,21173
"(0.6636745887678723, 1.0)",1,99.58026431552678,21174
"(0.816195709052852, 1.0)",1,99.58024116463346,21175
"(0.8976982097186702, 1.0)",7,99.58023789225837,21182
"(0.9665831244778612, 1.0)",2,99.58009904357338,21184
"(0.8468951683237397, 1.0)",2,99.5800825771209,21186
"(0.9333333333333332, 1.0)",1,99.58007369894403,21187
"(0.7183489076634237, 1.0)",2,99.5800676708851,21189
"(0.9161952650324744, 1.0)",1,99.5800459427374,21190
"(1.0, 1.0)",1,99.580034463021,21191
"(0.8222222222222222, 1.0)",1,99.57996738877242,21192
"(0.8976982097186702, 1.0)",1,99.57996092811298,21193
"(0.8016677935542034, 1.0)",1,99.57995820233242,21194
"(0.9297812306740878, 1.0)",1,99.57993126525152,21195
"(0.9326599326599326, 1.0)",1,99.5798883155288,21196
"(0.7786375661375661, 1.0)",1,99.57985534093208,21197
"(0.9833229101521784, 1.0)",1,99.57984193188842,21198
"(0.7656073923822403, 1.0)",1,99.57981170658655,21199
"(0.930704099821747, 1.0)",1,99.57979439606017,21200
"(0.9665831244778612, 1.0)",1,99.57978043478238,21201
"(0.8468951683237397, 1.0)",1,99.57972948947642,21202
"(0.8329156223893065, 1.0)",2,99.57971852708695,21204
"(0.8137865219658889, 1.0)",1,99.57971724887224,21205
"(0.9442283950617284, 1.0)",1,99.57968712646516,21206
"(0.8633762288330498, 1.0)",3,99.57965270495136,21209
"(0.7656073923822403, 1.0)",1,99.57961813322224,21210
"(0.9166682405676116, 1.0)",2,99.57961661622988,21212
"(0.9326599326599326, 1.0)",1,99.57958194907998,21213
"(0.8811945374355704, 1.0)",1,99.57951103575206,21214
"(0.8349489264123411, 1.0)",1,99.5794883376184,21215
"(0.8471527473990528, 1.0)",1,99.5794800530675,21216
"(0.8703703703703703, 1.0)",1,99.57946127946128,21217
"(1.0, 1.0)",1,99.57945445411885,21218
"(0.7479743867590829, 1.0)",2,99.57937932267411,21220
"(0.7042648709315374, 1.0)",1,99.57935209486736,21221
"(0.8552744708994707, 1.0)",1,99.57922585263714,21222
"(0.816195709052852, 1.0)",1,99.57920656457198,21223
"(0.916104916104916, 1.0)",1,99.57917167143044,21224
"(0.786508365740383, 1.0)",1,99.5791611457764,21225
"(0.8796475392220073, 1.0)",1,99.57914644282874,21226
"(0.8676532769556025, 1.0)",1,99.579087526024,21227
"(0.9497171590194848, 1.0)",1,99.57905181729733,21228
"(0.9666562434855118, 1.0)",1,99.57901050170608,21229
"(0.8319340617212959, 1.0)",1,99.579007674921,21230
"(0.8736897274633123, 1.0)",1,99.57895738018638,21231
"(0.6760835913312693, 1.0)",1,99.57894991610048,21232
"(0.8432903075760217, 1.0)",1,99.57894831605948,21233
"(0.8879365079365079, 1.0)",1,99.57889990015084,21234
"(0.8796475392220073, 1.0)",1,99.57887112581774,21235
"(0.8151249335459861, 1.0)",1,99.5788708783729,21236
"(0.7511111111111112, 1.0)",1,99.57886804252658,21237
"(0.9442283950617284, 1.0)",1,99.57883630812506,21238
"(0.916104916104916, 1.0)",1,99.5788099457015,21239
"(0.9833229101521784, 1.0)",2,99.57880815288192,21241
"(0.859499940327008, 1.0)",1,99.57879794646708,21242
"(0.9161952650324744, 1.0)",4,99.57879213693168,21246
"(1.0, 1.0)",1,99.57875457875456,21247
"(0.8177442148030384, 1.0)",1,99.57875093736304,21248
"(0.746304385688563, 1.0)",1,99.57870158153762,21249
"(0.8316498316498316, 1.0)",1,99.57859735759249,21250
"(0.8158879904162925, 1.0)",1,99.57855283102911,21251
"(0.8374727668845315, 1.0)",3,99.57854084358692,21254
"(0.8137566137566138, 1.0)",1,99.5785140007772,21255
"(0.9497171590194848, 1.0)",2,99.5784518550078,21257
"(0.9153439153439156, 1.0)",2,99.5784471035389,21259
"(0.6760835913312693, 1.0)",1,99.57844096651752,21260
"(0.7485857950974231, 1.0)",1,99.57842344890112,21261
"(0.8310777799491891, 1.0)",1,99.57841642833552,21262
"(0.8432903075760217, 1.0)",1,99.57838018607605,21263
"(0.7802197802197803, 1.0)",1,99.57834208507404,21264
"(0.9833229101521784, 1.0)",1,99.5783148723412,21265
"(0.9833229101521784, 1.0)",1,99.57829493367488,21266
"(0.8579868984630887, 1.0)",1,99.5782781149056,21267
"(0.8222222222222222, 1.0)",1,99.57825155092536,21268
"(0.8068904981347378, 1.0)",1,99.5782244273634,21269
"(0.9166145507608924, 1.0)",1,99.57820947076748,21270
"(0.7979797979797979, 1.0)",3,99.5781995781996,21273
"(0.8310777799491891, 1.0)",1,99.5780575026329,21274
"(0.7802197802197803, 1.0)",1,99.5780015451986,21275
"(0.6969696969696969, 1.0)",1,99.57799081684055,21276
"(0.930124456440246, 1.0)",1,99.5779432717058,21277
"(0.9497171590194846, 1.0)",1,99.57779630842144,21278
"(0.7294281157362763, 1.0)",1,99.57779349483016,21279
"(0.7916666666666666, 1.0)",1,99.57776531996238,21280
"(0.7903875985986362, 1.0)",1,99.57774671306032,21281
"(0.8432903075760217, 1.0)",1,99.57768813310469,21282
"(0.786508365740383, 1.0)",2,99.57766415557916,21284
"(0.7164894725870335, 1.0)",4,99.57760058369814,21288
"(0.9665831244778612, 1.0)",2,99.57755895798904,21290
"(0.8468951683237397, 1.0)",1,99.5775237483822,21291
"(0.7121693121693121, 1.0)",1,99.57741926214328,21292
"(0.8887202421952387, 1.0)",1,99.57739012142945,21293
"(0.8310994560994561, 1.0)",1,99.57736989654973,21294
"(0.9299507899507898, 1.0)",1,99.57731782344578,21295
"(0.9326599326599326, 1.0)",1,99.57728127950053,21296
"(0.8976982097186702, 1.0)",1,99.57722374290272,21297
"(0.8697983697983697, 1.0)",1,99.57722297120648,21298
"(0.8420013166556946, 1.0)",1,99.57715987378036,21299
"(0.8137865219658889, 1.0)",1,99.57715431948004,21300
"(0.9833229101521784, 1.0)",1,99.57707938843564,21301
"(0.9584987529902784, 1.0)",1,99.57707085931614,21302
"(0.8633762288330498, 1.0)",1,99.57704040220256,21303
"(0.9297812306740878, 1.0)",1,99.577014818174,21304
"(0.8814814814814814, 1.0)",1,99.57699705178334,21305
"(0.8635976129582268, 1.0)",1,99.576980451364,21306
"(0.7880931329207191, 1.0)",1,99.5769611754473,21307
"(0.8976982097186702, 1.0)",1,99.57692540574834,21308
"(0.9665831244778612, 1.0)",1,99.57689805499211,21309
"(0.8796475392220073, 1.0)",1,99.57685239662256,21310
"(0.861111111111111, 1.0)",1,99.576845869387,21311
"(0.8016677935542034, 1.0)",2,99.5768353591656,21313
"(0.8449978636391381, 1.0)",1,99.5767789912138,21314
"(0.9158007932517735, 1.0)",2,99.5767451395587,21316
"(0.9506533178503804, 1.0)",1,99.57674476550794,21317
"(0.808446455505279, 1.0)",1,99.57669737353734,21318
"(0.9326599326599326, 1.0)",1,99.576676943874,21319
"(0.8796475392220073, 1.0)",1,99.57665670569612,21320
"(0.9665831244778612, 1.0)",1,99.57659191265932,21321
"(0.898989898989899, 1.0)",2,99.57659032594847,21323
"(0.8976982097186702, 1.0)",1,99.57657924844068,21324
"(0.8840455840455841, 1.0)",1,99.57657228812556,21325
"(0.9497171590194846, 1.0)",1,99.57655644355458,21326
"(0.7713401051412279, 1.0)",1,99.5765454528089,21327
"(0.8703703703703703, 1.0)",1,99.57650588145944,21328
"(0.917849761232425, 1.0)",1,99.57643398252236,21329
"(0.9833229101521784, 1.0)",1,99.57639713197672,21330
"(0.7601164382773579, 1.0)",1,99.57631536230684,21331
"(0.901575014782562, 1.0)",1,99.57627887599594,21332
"(0.8177442148030384, 1.0)",1,99.57623469056664,21333
"(0.7802197802197803, 1.0)",1,99.57623029876564,21334
"(0.934122934122934, 1.0)",1,99.57619106741912,21335
"(0.7612958226768967, 1.0)",1,99.5761390643494,21336
"(0.8533622685185187, 1.0)",1,99.57612470884295,21337
"(0.8420013166556947, 1.0)",1,99.5760943840821,21338
"(1.0, 1.0)",1,99.5760943840821,21339
"(0.917849761232425, 1.0)",1,99.57608793055589,21340
"(0.826388888888889, 1.0)",1,99.57608327407304,21341
"(0.9665831244778612, 1.0)",1,99.57606908102264,21342
"(0.9584987529902784, 1.0)",1,99.57603317646088,21343
"(0.8976982097186702, 1.0)",1,99.57602312411744,21344
"(0.917849761232425, 1.0)",1,99.57595284893284,21345
"(0.5925925925925927, 1.0)",1,99.57591550274478,21346
"(0.9666562434855118, 1.0)",1,99.57587406099006,21347
"(0.861111111111111, 1.0)",1,99.57585487128878,21348
"(0.861111111111111, 1.0)",1,99.57583402492648,21349
"(0.8633762288330498, 1.0)",1,99.575722644838,21350
"(0.9333333333333332, 1.0)",2,99.57565318720646,21352
"(0.933249791144528, 1.0)",1,99.57565256597576,21353
"(0.9445235834124724, 1.0)",1,99.57564468574776,21354
"(0.9666562434855118, 1.0)",1,99.5756423935008,21355
"(0.9331662489557224, 1.0)",1,99.57558756190409,21356
"(0.7545469576719577, 1.0)",1,99.57555230733584,21357
"(0.8703703703703703, 1.0)",1,99.57547670283635,21358
"(0.7802197802197803, 1.0)",2,99.57547206160363,21360
"(0.7944219523166891, 1.0)",1,99.5754658694922,21361
"(0.8796475392220073, 1.0)",1,99.57542369795902,21362
"(0.8997493734335841, 1.0)",1,99.57542340700236,21363
"(0.9833229101521784, 1.0)",1,99.57538776427036,21364
"(0.796353220536539, 1.0)",1,99.57536418590792,21365
"(0.9665831244778612, 1.0)",1,99.5752972272183,21366
"(0.9161952650324744, 1.0)",1,99.57525490457992,21367
"(0.9161952650324744, 1.0)",1,99.57525197510402,21368
"(0.8068904981347378, 1.0)",1,99.5752041119933,21369
"(0.9833229101521784, 1.0)",1,99.57517104743424,21370
"(0.861111111111111, 1.0)",1,99.5751324016318,21371
"(0.9833229101521784, 1.0)",1,99.57509170867829,21372
"(0.7090909090909091, 1.0)",1,99.57508417508416,21373
"(0.882673371045464, 1.0)",1,99.57505204639855,21374
"(0.8420013166556946, 1.0)",1,99.57504248743756,21375
"(0.9153439153439152, 1.0)",1,99.57502166897778,21376
"(0.7278086237149632, 1.0)",1,99.57501555536705,21377
"(0.9161952650324744, 1.0)",1,99.575003184003,21378
"(0.9666562434855118, 1.0)",1,99.57499021479222,21379
"(0.7277677677677677, 1.0)",1,99.5747966273357,21380
"(0.837707400507675, 1.0)",1,99.57475095502043,21381
"(0.8165520116739629, 1.0)",3,99.57474859336212,21384
"(0.8796475392220073, 1.0)",1,99.5746997342742,21385
"(0.7090909090909091, 1.0)",1,99.57466393255868,21386
"(0.8796475392220073, 1.0)",1,99.574643259004,21387
"(0.7944219523166891, 1.0)",1,99.57464173253646,21388
"(0.7944219523166891, 1.0)",1,99.57455848605404,21389
"(0.9833229101521784, 1.0)",1,99.57455194283858,21390
"(0.861111111111111, 1.0)",1,99.5745439223661,21391
"(0.8247905643738976, 1.0)",1,99.57454201664405,21392
"(0.8420013166556946, 1.0)",1,99.57450325583288,21393
"(0.7802197802197803, 1.0)",1,99.5744971402866,21394
"(0.8420013166556946, 1.0)",1,99.57443511422966,21395
"(0.8848000715856217, 1.0)",1,99.57442411702124,21396
"(0.5910680656443368, 1.0)",8,99.57439097579652,21404
"(0.9833229101521784, 1.0)",5,99.57439097579652,21409
"(0.9326599326599326, 1.0)",2,99.574335489687,21411
"(0.7278086237149632, 1.0)",1,99.57431800050648,21412
"(0.8222222222222222, 1.0)",1,99.57430117961655,21413
"(0.9326599326599326, 1.0)",1,99.57428783665664,21414
"(0.898989898989899, 1.0)",1,99.57426782024602,21415
"(0.826388888888889, 1.0)",1,99.57423790438374,21416
"(0.757745166550198, 1.0)",1,99.57423448239766,21417
"(0.7944219523166891, 1.0)",1,99.57421057519072,21418
"(0.8796475392220073, 1.0)",1,99.57415440246916,21419
"(0.8976982097186702, 1.0)",1,99.57403522077968,21420
"(0.9506533178503804, 1.0)",1,99.57402208459484,21421
"(0.8633762288330498, 1.0)",1,99.57401361838244,21422
"(0.9497171590194846, 1.0)",1,99.5739829109606,21423
"(0.7965746171391332, 1.0)",1,99.57397659586744,21424
"(0.7075023741690408, 1.0)",1,99.57396026373348,21425
"(0.8796475392220073, 1.0)",1,99.5737996643754,21426
"(0.861111111111111, 1.0)",2,99.5736385273778,21428
"(0.8222222222222222, 1.0)",1,99.57360717479592,21429
"(0.808446455505279, 1.0)",1,99.5736009510834,21430
"(0.7880931329207191, 1.0)",1,99.57359840315,21431
"(0.6238244514106583, 1.0)",1,99.57354161043014,21432
"(0.757745166550198, 1.0)",1,99.5735400786224,21433
"(0.861111111111111, 1.0)",1,99.5735263017054,21434
"(1.0, 1.0)",1,99.57351720978444,21435
"(0.7069597069597069, 1.0)",1,99.57343844288646,21436
"(0.757745166550198, 1.0)",1,99.57341389883833,21437
"(0.8976982097186702, 1.0)",1,99.57337224328744,21438
"(0.7511111111111111, 1.0)",1,99.57333333333334,21439
"(0.7734344933751168, 1.0)",1,99.57330941520128,21440
"(0.9299507899507898, 1.0)",1,99.57330514251856,21441
"(0.7121693121693121, 1.0)",1,99.57328042328042,21442
"(0.8468951683237397, 1.0)",3,99.57324339697294,21445
"(0.9153439153439156, 1.0)",1,99.57314476518584,21446
"(0.7675138481590094, 1.0)",1,99.57308456624637,21447
"(0.7880931329207191, 1.0)",1,99.57308383662708,21448
"(0.6733821733821733, 1.0)",1,99.5730680628582,21449
"(0.7077308656256025, 1.0)",1,99.57304351142604,21450
"(0.7916666666666666, 1.0)",1,99.57302802452742,21451
"(0.8247905643738976, 1.0)",1,99.5729685151417,21452
"(0.917849761232425, 1.0)",1,99.5729411293108,21453
"(0.8229870141950848, 1.0)",1,99.57285821210436,21454
"(0.7734344933751168, 1.0)",1,99.57284828000866,21455
"(0.9665831244778612, 1.0)",1,99.57284177567314,21456
"(0.9027777777777778, 1.0)",2,99.5728412619452,21458
"(0.8112275321577646, 1.0)",1,99.57278934637222,21459
"(0.7075023741690408, 1.0)",1,99.572752324143,21460
"(0.9720813204508856, 1.0)",1,99.5727363243072,21461
"(0.8635976129582268, 1.0)",1,99.57268852204912,21462
"(0.8420013166556946, 1.0)",1,99.57261514876367,21463
"(0.7503607503607503, 1.0)",1,99.57258297258298,21464
"(0.826388888888889, 1.0)",1,99.5725785031302,21465
"(0.7734344933751168, 1.0)",1,99.5725731619618,21466
"(0.8229870141950848, 1.0)",2,99.5724460837948,21468
"(0.9665831244778612, 1.0)",1,99.57241481492728,21469
"(0.7675138481590094, 1.0)",2,99.57236712103416,21471
"(0.7734344933751168, 1.0)",2,99.57236343998892,21473
"(0.80285509389987, 1.0)",1,99.57235278586016,21474
"(0.8229870141950848, 1.0)",1,99.57231904488488,21475
"(0.7944219523166891, 1.0)",1,99.57227072289584,21476
"(0.6733821733821733, 1.0)",1,99.57224257224256,21477
"(0.8420013166556947, 1.0)",1,99.572189827332,21478
"(0.786508365740383, 1.0)",1,99.57214502634676,21479
"(0.7090909090909091, 1.0)",2,99.57206135846508,21481
"(0.8796475392220073, 1.0)",7,99.57206135846508,21488
"(0.8976982097186702, 1.0)",1,99.57201607756558,21489
"(0.8101143854687974, 1.0)",1,99.57199850283077,21490
"(0.8476190476190477, 1.0)",1,99.5719473386471,21491
"(0.9331662489557224, 1.0)",1,99.57194048285191,21492
"(0.7802197802197803, 1.0)",1,99.57193825589496,21493
"(0.8420013166556946, 1.0)",1,99.57193825589496,21494
"(0.8976982097186702, 1.0)",2,99.57193253537676,21496
"(0.8222222222222222, 1.0)",1,99.5718777870254,21497
"(1.0, 1.0)",2,99.57185144589236,21499
"(0.8222222222222222, 1.0)",2,99.57181509119891,21501
"(0.8676532769556025, 1.0)",1,99.57166197276992,21502
"(0.7278086237149632, 1.0)",2,99.57155515768208,21504
"(0.816195709052852, 1.0)",1,99.57144785066774,21505
"(0.8165520116739629, 1.0)",2,99.57143416655612,21507
"(0.9580331374974232, 1.0)",2,99.57134136239904,21509
"(0.8295839885326742, 1.0)",1,99.57133250782782,21510
"(0.8222222222222222, 1.0)",1,99.57127994075398,21511
"(0.8222222222222222, 1.0)",1,99.57122428784368,21512
"(0.8613656783468103, 1.0)",2,99.57121420933642,21514
"(0.7372334455667788, 1.0)",1,99.57120094928489,21515
"(0.8222222222222222, 1.0)",2,99.57118338325014,21517
"(0.9169719169719168, 1.0)",1,99.5711684765875,21518
"(0.8653198653198653, 1.0)",1,99.57110972900446,21519
"(0.8814814814814814, 1.0)",1,99.57108704248589,21520
"(0.7880931329207191, 1.0)",1,99.57106326890757,21521
"(0.8703703703703703, 1.0)",1,99.57104656227465,21522
"(0.8633762288330498, 1.0)",1,99.57102743001327,21523
"(0.9326599326599326, 1.0)",1,99.57101018262206,21524
"(0.9300671002153482, 1.0)",1,99.57099285747536,21525
"(0.8222222222222222, 1.0)",1,99.57097723113984,21526
"(0.8796475392220073, 1.0)",1,99.57097672880904,21527
"(0.8068904981347378, 1.0)",2,99.57092041763376,21529
"(0.9833229101521784, 1.0)",1,99.57086832785552,21530
"(0.7222222222222221, 1.0)",2,99.57085777817484,21532
"(0.8101143854687974, 1.0)",1,99.57084795580708,21533
"(0.7119388248146047, 1.0)",1,99.57083002010954,21534
"(0.9299160159815896, 1.0)",1,99.57082404261654,21535
"(0.8222222222222222, 1.0)",1,99.57080245860732,21536
"(0.7944219523166891, 1.0)",1,99.57075833322786,21537
"(1.0, 1.0)",1,99.57069714283534,21538
"(0.8796475392220073, 1.0)",1,99.57068434638092,21539
"(0.933096859926128, 1.0)",4,99.57062775380574,21543
"(0.8651903651903651, 1.0)",1,99.57061026265134,21544
"(0.8222222222222222, 1.0)",1,99.57059522099824,21545
"(0.6698155645524068, 1.0)",1,99.5705843189797,21546
"(0.9666562434855118, 1.0)",1,99.57058138623243,21547
"(1.0, 1.0)",1,99.57057096305128,21548
"(0.7734344933751168, 1.0)",1,99.57056702113276,21549
"(0.9192093318943212, 1.0)",1,99.5704828035663,21550
"(0.8222222222222222, 1.0)",1,99.57048097182437,21551
"(0.8068904981347378, 1.0)",1,99.5704331885067,21552
"(0.7204751921733054, 1.0)",1,99.57038138354292,21553
"(0.7734344933751168, 1.0)",1,99.57026574212745,21554
"(0.8374727668845315, 1.0)",1,99.57023337384284,21555
"(0.7090909090909091, 1.0)",1,99.57020202020202,21556
"(0.8374727668845315, 1.0)",1,99.57020045853392,21557
"(0.9326599326599326, 1.0)",1,99.57019082653954,21558
"(0.8222222222222222, 1.0)",1,99.57016332382186,21559
"(0.9665831244778612, 1.0)",1,99.57012050850304,21560
"(0.7887083935918564, 1.0)",1,99.57009055314836,21561
"(0.9497171590194846, 1.0)",1,99.57005304971582,21562
"(0.8653198653198653, 1.0)",1,99.57002754900148,21563
"(0.930704099821747, 1.0)",1,99.57001863698812,21564
"(0.9833229101521784, 1.0)",1,99.57001474227792,21565
"(0.8374727668845315, 1.0)",1,99.5700107947923,21566
"(0.7069597069597069, 1.0)",2,99.5699301563339,21568
"(0.930704099821747, 1.0)",1,99.56992086034214,21569
"(0.73687720936437, 1.0)",1,99.56991822340666,21570
"(0.7503607503607503, 1.0)",2,99.5698950681529,21572
"(0.8476190476190477, 1.0)",1,99.56984126984128,21573
"(0.9165164082221422, 1.0)",1,99.56982774705013,21574
"(0.6698155645524068, 1.0)",1,99.56975302546547,21575
"(0.8420013166556946, 1.0)",1,99.56971804437242,21576
"(0.6884388493583896, 1.0)",1,99.56963338679395,21577
"(0.6698155645524068, 1.0)",1,99.56962763381247,21578
"(0.9297812306740878, 1.0)",1,99.5696248678436,21579
"(0.8053381731676306, 1.0)",1,99.56961579337838,21580
"(0.6698155645524068, 1.0)",1,99.56957084305802,21581
"(0.901575014782562, 1.0)",1,99.5695692691758,21582
"(0.808446455505279, 1.0)",1,99.56951623296094,21583
"(0.6804620726495727, 1.0)",1,99.56948769993708,21584
"(0.8845578466141503, 1.0)",1,99.5694441617694,21585
"(0.6698155645524068, 1.0)",1,99.56943875820193,21586
"(0.8811945374355704, 1.0)",1,99.56942651779111,21587
"(0.826388888888889, 1.0)",1,99.56941317490096,21588
"(0.9497171590194846, 1.0)",1,99.56940562414188,21589
"(0.757745166550198, 1.0)",1,99.5693793318429,21590
"(0.9720813204508856, 1.0)",1,99.56936196171118,21591
"(0.81893131227901, 1.0)",1,99.56932611878152,21592
"(0.8053381731676306, 1.0)",2,99.56927998570862,21594
"(0.7030539311241066, 1.0)",1,99.56922064073947,21595
"(0.7648017586542176, 1.0)",1,99.5691926243335,21596
"(0.8016677935542034, 1.0)",1,99.56916437307125,21597
"(0.9153439153439156, 1.0)",1,99.56913705009624,21598
"(0.8222222222222222, 1.0)",1,99.56913221953523,21599
"(0.7204751921733054, 1.0)",2,99.56911074812594,21601
"(0.6804620726495727, 1.0)",1,99.56911054802724,21602
"(0.8222222222222222, 1.0)",1,99.56908782274635,21603
"(0.7802197802197803, 1.0)",1,99.56908782274635,21604
"(0.8887202421952387, 1.0)",1,99.56905097019036,21605
"(0.8222222222222222, 1.0)",1,99.56902512691988,21606
"(0.8420013166556946, 1.0)",1,99.56902470229116,21607
"(0.7916666666666666, 1.0)",1,99.56901241560736,21608
"(0.8471527473990528, 1.0)",1,99.56892339026932,21609
"(0.9167853751187084, 1.0)",1,99.56879117602472,21610
"(0.757745166550198, 1.0)",2,99.56876231229134,21612
"(0.7030539311241066, 1.0)",1,99.5687539329557,21613
"(0.8736897274633123, 1.0)",1,99.56864726253482,21614
"(0.7880931329207191, 1.0)",1,99.5686324279762,21615
"(0.8108747044917257, 1.0)",1,99.56861987104192,21616
"(0.7075023741690408, 1.0)",1,99.56861348528015,21617
"(0.7632275132275131, 1.0)",1,99.56860159951306,21618
"(0.8997493734335841, 1.0)",1,99.56858647490826,21619
"(0.8053381731676306, 1.0)",1,99.56858130111928,21620
"(0.8468089381754635, 1.0)",1,99.56852997601456,21621
"(0.8222222222222222, 1.0)",1,99.56849329206702,21622
"(0.8653198653198653, 1.0)",1,99.56849082865344,21623
"(0.9497171590194846, 1.0)",1,99.56848303696576,21624
"(0.6698155645524068, 1.0)",2,99.5684823900485,21626
"(0.9303715638302106, 1.0)",1,99.56840105458312,21627
"(0.9326599326599326, 1.0)",1,99.56837379644398,21628
"(0.7647742788871822, 1.0)",1,99.56837349306583,21629
"(0.9720813204508856, 1.0)",1,99.56836468370908,21630
"(0.8635976129582268, 1.0)",1,99.56835050924629,21631
"(0.8976982097186702, 1.0)",1,99.56830441645648,21632
"(0.944073617452092, 1.0)",1,99.5682172636765,21633
"(0.8976982097186702, 1.0)",1,99.56816297871082,21634
"(0.7903875985986362, 1.0)",1,99.56816102715028,21635
"(0.7687400318979267, 1.0)",1,99.56811259898105,21636
"(0.7734344933751168, 1.0)",1,99.56811002196346,21637
"(0.8796475392220073, 1.0)",1,99.5680863885804,21638
"(0.7687400318979267, 1.0)",1,99.5680040921376,21639
"(0.8068904981347378, 1.0)",1,99.56795827075578,21640
"(0.8651903651903651, 1.0)",1,99.5679431178212,21641
"(0.6804620726495727, 1.0)",2,99.56793690987274,21643
"(0.8796475392220073, 1.0)",1,99.56786604264188,21644
"(0.80285509389987, 1.0)",1,99.56785712210156,21645
"(0.7503607503607503, 1.0)",2,99.56782106782109,21647
"(0.8016677935542034, 1.0)",1,99.56781236072572,21648
"(0.8177442148030384, 1.0)",1,99.56769209889728,21649
"(0.8613656783468103, 1.0)",1,99.5675784830605,21650
"(0.8887202421952387, 1.0)",1,99.56754832853294,21651
"(0.8177442148030384, 1.0)",1,99.56752517125922,21652
"(0.6698155645524068, 1.0)",4,99.56751377427108,21656
"(0.9153439153439156, 1.0)",1,99.56751214140024,21657
"(0.9027777777777778, 1.0)",1,99.56750206098036,21658
"(0.8633762288330498, 1.0)",1,99.56745954566146,21659
"(1.0, 1.0)",1,99.56742930906036,21660
"(0.617513611615245, 1.0)",2,99.56741964624528,21662
"(0.8814814814814814, 1.0)",1,99.56740067757232,21663
"(0.9666562434855118, 1.0)",1,99.56733259212932,21664
"(0.9326599326599326, 1.0)",1,99.56729093149268,21665
"(0.7656073923822403, 1.0)",3,99.56727518593644,21668
"(1.0, 1.0)",1,99.5672560303408,21669
"(0.7994987468671678, 1.0)",2,99.56725426872006,21671
"(0.8319340617212959, 1.0)",1,99.56723179556263,21672
"(0.617513611615245, 1.0)",2,99.56723077063472,21674
"(0.859499940327008, 1.0)",1,99.56722935632646,21675
"(1.0, 1.0)",1,99.56717773762333,21676
"(0.8615866942983156, 1.0)",1,99.56716089813035,21677
"(0.757745166550198, 1.0)",1,99.56712991169276,21678
"(0.8885714285714285, 1.0)",1,99.56710063338969,21679
"(0.9169719169719168, 1.0)",1,99.56708204076624,21680
"(0.9158007932517735, 1.0)",1,99.56706361442842,21681
"(0.9333333333333332, 1.0)",1,99.56704959440926,21682
"(0.9581458989353726, 1.0)",1,99.56704601472372,21683
"(0.9153439153439156, 1.0)",1,99.56704178640472,21684
"(0.7511111111111111, 1.0)",1,99.5670134269388,21685
"(0.8547756205106323, 1.0)",1,99.56700849216304,21686
"(0.9583930063253372, 1.0)",1,99.56700255808612,21687
"(0.786508365740383, 1.0)",1,99.56698593578209,21688
"(0.8814814814814814, 1.0)",1,99.56697880613352,21689
"(0.9009534009534008, 1.0)",1,99.56691375163776,21690
"(0.9161952650324744, 1.0)",1,99.56690288321975,21691
"(0.8177442148030384, 1.0)",1,99.56683076748394,21692
"(0.8420013166556946, 1.0)",1,99.56682573996623,21693
"(0.9665831244778612, 1.0)",1,99.56675329308564,21694
"(0.8165520116739629, 1.0)",2,99.56670976413268,21696
"(0.799275702501509, 1.0)",1,99.56669727351743,21697
"(0.9161379295307868, 1.0)",1,99.56668112043783,21698
"(0.8266173510466989, 1.0)",1,99.56666118009429,21699
"(0.8420013166556947, 1.0)",1,99.56663720086604,21700
"(1.0, 1.0)",1,99.56656442022296,21701
"(0.7713401051412279, 1.0)",1,99.5665583117476,21702
"(0.7944219523166891, 1.0)",1,99.56655020916897,21703
"(0.9326599326599326, 1.0)",1,99.56650063057222,21704
"(1.0, 1.0)",1,99.5664685434217,21705
"(0.826388888888889, 1.0)",1,99.56633294192945,21706
"(0.6636745887678723, 1.0)",2,99.566332329477,21708
"(0.757745166550198, 1.0)",1,99.56632960768376,21709
"(0.8615866942983156, 1.0)",2,99.5663277526979,21711
"(0.9665831244778612, 1.0)",1,99.56627027230364,21712
"(0.8997493734335841, 1.0)",1,99.5662388460206,21713
"(0.9, 1.0)",1,99.56622747796882,21714
"(0.799275702501509, 1.0)",1,99.56622726945308,21715
"(0.808446455505279, 1.0)",1,99.56619162205548,21716
"(0.6825396825396824, 1.0)",2,99.56618720033354,21718
"(0.6825396825396824, 1.0)",1,99.56612450450704,21719
"(0.7994987468671678, 1.0)",1,99.56606118172228,21720
"(0.9161952650324744, 1.0)",1,99.56600810900729,21721
"(0.9331662489557224, 1.0)",1,99.5659984858958,21722
"(0.8997493734335841, 1.0)",1,99.5659984858958,21723
"(0.7511111111111111, 1.0)",2,99.56597320163968,21725
"(0.8476190476190477, 1.0)",2,99.56595730940596,21727
"(0.7479743867590829, 1.0)",2,99.5659440324003,21729
"(0.9161952650324744, 1.0)",1,99.56591368240171,21730
"(0.9309563801089225, 1.0)",1,99.56590125922732,21731
"(0.8329156223893065, 1.0)",2,99.56589409734468,21733
"(0.9166145507608924, 1.0)",1,99.56582982525605,21734
"(0.799275702501509, 1.0)",1,99.56579628789244,21735
"(0.9331094582012576, 1.0)",1,99.5657915428044,21736
"(0.8997493734335841, 1.0)",1,99.565789552054,21737
"(0.9161952650324744, 1.0)",1,99.56578829074874,21738
"(0.6825396825396824, 1.0)",1,99.56574778095958,21739
"(0.6825396825396824, 1.0)",1,99.56567466195196,21740
"(0.9167853751187084, 1.0)",1,99.56567059086632,21741
"(0.8976982097186702, 1.0)",1,99.56563501722675,21742
"(0.8653198653198653, 1.0)",1,99.56563381315225,21743
"(0.8349489264123411, 1.0)",1,99.56556275852031,21744
"(0.9499687304565352, 1.0)",1,99.5655570924998,21745
"(0.8814814814814814, 1.0)",1,99.56548058353792,21746
"(0.933249791144528, 1.0)",1,99.56547449665938,21747
"(1.0, 1.0)",1,99.565445932643,21748
"(0.7183489076634237, 1.0)",1,99.56540252412584,21749
"(0.9497171590194846, 1.0)",1,99.56538937820844,21750
"(0.9326599326599326, 1.0)",1,99.56538778104888,21751
"(0.8615866942983156, 1.0)",1,99.5653868728904,21752
"(0.8468951683237397, 1.0)",1,99.5653683745854,21753
"(0.9665831244778612, 1.0)",1,99.56534793436322,21754
"(0.7164894725870335, 1.0)",1,99.56534467027944,21755
"(0.861111111111111, 1.0)",1,99.5653230689816,21756
"(0.882673371045464, 1.0)",1,99.56526398655544,21757
"(0.9833229101521784, 1.0)",1,99.56521048392617,21758
"(0.8016677935542034, 1.0)",2,99.56521048392617,21760
"(0.7802197802197803, 1.0)",1,99.56521048392617,21761
"(0.6825396825396824, 1.0)",1,99.56516834565616,21762
"(0.614498219149382, 1.0)",1,99.56515153699976,21763
"(0.9299160159815896, 1.0)",2,99.56514874802336,21765
"(0.746304385688563, 1.0)",1,99.56513870169768,21766
"(0.7503607503607503, 1.0)",1,99.56509708961288,21767
"(0.916104916104916, 1.0)",1,99.5650930988424,21768
"(0.7340930674264007, 1.0)",1,99.56508291775378,21769
"(0.8468951683237397, 1.0)",1,99.56505212098584,21770
"(0.9442283950617284, 1.0)",1,99.5650412336353,21771
"(0.7340930674264007, 1.0)",2,99.56503502519764,21773
"(0.8420013166556946, 1.0)",1,99.56499723065744,21774
"(0.7042648709315374, 1.0)",1,99.5648516462976,21775
"(0.6760835913312693, 1.0)",1,99.5648360335566,21776
"(0.7344692811916678, 1.0)",1,99.56482576746863,21777
"(0.8976982097186702, 1.0)",1,99.56482121741745,21778
"(1.0, 1.0)",1,99.56481099402852,21779
"(0.7656073923822403, 1.0)",1,99.5647910838548,21780
"(0.8845578466141503, 1.0)",1,99.56474916397096,21781
"(0.6760835913312693, 1.0)",1,99.56471580974724,21782
"(0.9169719169719168, 1.0)",1,99.56469990194222,21783
"(0.8651903651903651, 1.0)",1,99.56468848066602,21784
"(0.9009287520039462, 1.0)",1,99.56467698328667,21785
"(0.746304385688563, 1.0)",1,99.5646330214542,21786
"(0.7042648709315374, 1.0)",2,99.5646272740356,21788
"(0.6831352928913905, 1.0)",1,99.56461677437288,21789
"(0.8884778134778135, 1.0)",1,99.56460411026274,21790
"(0.8374727668845315, 1.0)",1,99.56455884834652,21791
"(0.8653198653198653, 1.0)",1,99.5645452480393,21792
"(0.7673678366541239, 1.0)",1,99.56453964195916,21793
"(0.8539212725259236, 1.0)",1,99.56452725053856,21794
"(0.8848000715856217, 1.0)",1,99.5645195005837,21795
"(0.8796475392220073, 1.0)",1,99.56447273451212,21796
"(0.9153439153439152, 1.0)",1,99.56446672236146,21797
"(0.9666562434855118, 1.0)",1,99.56446173756828,21798
"(1.0, 1.0)",1,99.56435202376112,21799
"(1.0, 1.0)",1,99.56434982373872,21800
"(0.808446455505279, 1.0)",1,99.56434960442436,21801
"(0.9442283950617284, 1.0)",1,99.56434278127506,21802
"(0.7979797979797979, 1.0)",1,99.56431245263082,21803
"(0.8040695048423352, 1.0)",1,99.56427806016627,21804
"(0.8016677935542034, 1.0)",1,99.56426143657792,21805
"(0.9331662489557224, 1.0)",1,99.56423773630448,21806
"(0.8420013166556946, 1.0)",1,99.56422353887793,21807
"(0.8976982097186702, 1.0)",2,99.56415641276224,21809
"(0.8177442148030384, 1.0)",1,99.56411596215494,21810
"(0.8796475392220073, 1.0)",1,99.56409648383357,21811
"(0.9442283950617284, 1.0)",1,99.56401333531184,21812
"(0.837707400507675, 1.0)",1,99.56398213118446,21813
"(0.7164894725870335, 1.0)",5,99.56390484132518,21818
"(0.8420013166556946, 1.0)",1,99.5638378803437,21819
"(0.8976982097186702, 1.0)",1,99.56382114239682,21820
"(0.8316498316498316, 1.0)",1,99.56380851117692,21821
"(0.8329156223893065, 1.0)",1,99.56380287836836,21822
"(0.9326599326599326, 1.0)",1,99.56377182065616,21823
"(0.9666666666666668, 1.0)",1,99.56371327526657,21824
"(0.8222222222222222, 1.0)",1,99.56370874689917,21825
"(0.8432903075760217, 1.0)",1,99.56368319001398,21826
"(0.8976982097186702, 1.0)",1,99.56365484615029,21827
"(0.8796475392220073, 1.0)",1,99.5636501725334,21828
"(0.8420013166556946, 1.0)",1,99.5636501725334,21829
"(0.8432903075760217, 1.0)",1,99.56361374311857,21830
"(0.8165509259259259, 1.0)",1,99.56361212648152,21831
"(0.816195709052852, 1.0)",1,99.56356407478565,21832
"(0.8976982097186702, 1.0)",6,99.56356080241054,21838
"(0.7155555555555556, 1.0)",1,99.5635594035594,21839
"(0.7916666666666666, 1.0)",1,99.56344634628044,21840
"(0.868077055383557, 1.0)",2,99.56343178209627,21842
"(0.9326599326599326, 1.0)",1,99.5633796310872,21843
"(0.8137865219658889, 1.0)",1,99.56337045678733,21844
"(0.786508365740383, 1.0)",1,99.56336369800889,21845
"(0.9153439153439152, 1.0)",1,99.56324237259798,21846
"(0.9497171590194848, 1.0)",1,99.56321392798536,21847
"(0.9499687304565352, 1.0)",1,99.56316604076105,21848
"(0.7711781618000022, 1.0)",1,99.56316293524154,21849
"(0.9018806250259218, 1.0)",1,99.56313877842224,21850
"(0.8579868984630887, 1.0)",1,99.56313778260828,21851
"(0.8372053872053872, 1.0)",1,99.56311669468352,21852
"(0.8065067548938516, 1.0)",1,99.56311441204808,21853
"(0.9665831244778612, 1.0)",1,99.5631004669426,21854
"(0.816195709052852, 1.0)",1,99.5630821559393,21855
"(1.0, 1.0)",1,99.56307787327358,21856
"(0.9665831244778612, 1.0)",1,99.56307037364724,21857
"(0.882673371045464, 1.0)",1,99.56306196646376,21858
"(0.7511111111111111, 1.0)",1,99.56301805327232,21859
"(0.7164894725870335, 1.0)",1,99.56300421623855,21860
"(0.8222222222222222, 1.0)",1,99.56298087255534,21861
"(0.8796475392220073, 1.0)",2,99.56298087255534,21863
"(0.8468951683237397, 1.0)",1,99.5629666164876,21864
"(0.8374727668845315, 1.0)",1,99.56292790801866,21865
"(0.812557599070401, 1.0)",1,99.56292276874758,21866
"(0.8137865219658889, 1.0)",1,99.5628730746468,21867
"(0.9326599326599326, 1.0)",1,99.5628239244358,21868
"(0.9833229101521784, 1.0)",2,99.56280860061348,21870
"(0.9326599326599326, 1.0)",2,99.56278590424932,21872
"(0.7562136521052955, 1.0)",1,99.56277360187394,21873
"(0.8976982097186702, 1.0)",1,99.562773163924,21874
"(0.8633762288330498, 1.0)",1,99.56276979901804,21875
"(0.9584987529902784, 1.0)",1,99.56275240932943,21876
"(0.9326599326599326, 1.0)",1,99.56272623550292,21877
"(0.9497171590194848, 1.0)",1,99.56271378356938,21878
"(0.8796475392220073, 1.0)",2,99.56268847489451,21880
"(0.8294970161977834, 1.0)",1,99.56266357863264,21881
"(0.9833229101521784, 1.0)",1,99.5626536697519,21882
"(0.8796475392220073, 1.0)",1,99.56263643735852,21883
"(0.8814814814814814, 1.0)",4,99.56256977388952,21887
"(0.6886904761904762, 1.0)",2,99.5625617186106,21889
"(0.9666562434855118, 1.0)",1,99.5625214688867,21890
"(0.7204751921733054, 1.0)",1,99.562476508829,21891
"(0.8885714285714285, 1.0)",1,99.5624257529472,21892
"(0.8177442148030384, 1.0)",1,99.56239174316416,21893
"(0.9833229101521784, 1.0)",1,99.56238985399058,21894
"(0.8533622685185187, 1.0)",1,99.5623779612163,21895
"(1.0, 1.0)",1,99.56233151139014,21896
"(0.8468951683237397, 1.0)",1,99.56230594463548,21897
"(0.8976982097186702, 1.0)",1,99.5622668476282,21898
"(0.6825396825396824, 1.0)",1,99.56218722176168,21899
"(0.8796475392220073, 1.0)",4,99.56218722176168,21903
"(0.9833229101521784, 1.0)",1,99.56216835420943,21904
"(0.812557599070401, 1.0)",1,99.5621483246525,21905
"(0.7601164382773579, 1.0)",1,99.56213837868184,21906
"(0.7294281157362763, 1.0)",1,99.56211177034402,21907
"(0.868077055383557, 1.0)",1,99.5621030007529,21908
"(0.8814814814814814, 1.0)",1,99.56206915684824,21909
"(0.8425483191745751, 1.0)",1,99.56206315006472,21910
"(0.8653198653198653, 1.0)",1,99.56202880464755,21911
"(0.8796475392220073, 1.0)",1,99.56200472940976,21912
"(0.7511111111111111, 1.0)",2,99.56198581560284,21914
"(0.9666562434855118, 1.0)",1,99.5619574448335,21915
"(0.8566900022492128, 1.0)",1,99.56195639455908,21916
"(0.7030539311241066, 1.0)",1,99.56194512641903,21917
"(0.7612958226768967, 1.0)",1,99.56191410801918,21918
"(0.7656073923822403, 1.0)",2,99.56186948236514,21920
"(0.8374727668845315, 1.0)",1,99.56186375373908,21921
"(0.861111111111111, 1.0)",2,99.56184999884186,21923
"(0.816195709052852, 1.0)",1,99.56184780299265,21924
"(0.9665831244778612, 1.0)",1,99.56178730301536,21925
"(0.7545469576719577, 1.0)",1,99.56176708029643,21926
"(0.8976982097186702, 1.0)",2,99.56175171465344,21928
"(0.8294970161977834, 1.0)",2,99.5617368630718,21930
"(0.786508365740383, 1.0)",1,99.56160773745202,21931
"(0.75644561279016, 1.0)",1,99.5614217924964,21932
"(0.8796475392220073, 1.0)",1,99.56138991608634,21933
"(0.8796475392220073, 1.0)",1,99.56134495557924,21934
"(0.903667392883079, 1.0)",2,99.56129679289408,21936
"(0.7278086237149632, 1.0)",1,99.56128376722803,21937
"(0.8697983697983697, 1.0)",1,99.56125362493184,21938
"(0.8247905643738976, 1.0)",1,99.5612355988076,21939
"(0.9161952650324744, 1.0)",1,99.56121943688592,21940
"(0.8053381731676306, 1.0)",2,99.561217240669,21942
"(0.7277677677677677, 1.0)",1,99.56117408059475,21943
"(0.9326599326599326, 1.0)",1,99.56111888649512,21944
"(0.9497171590194848, 1.0)",1,99.56107084868609,21945
"(0.8635976129582268, 1.0)",2,99.56104535285004,21947
"(0.8016677935542034, 1.0)",1,99.56102126915331,21948
"(0.9326599326599326, 1.0)",1,99.5609798753013,21949
"(0.8294970161977834, 1.0)",2,99.56096961255231,21951
"(0.8761479805597453, 1.0)",1,99.56083804505006,21952
"(0.8976982097186702, 1.0)",1,99.56078977475649,21953
"(0.8137865219658889, 1.0)",1,99.5607173656412,21954
"(0.983545503234046, 0.9958292603453894)",2,99.5606747989623,21956
"(0.7119388248146047, 1.0)",1,99.56066353875111,21957
"(0.8976982097186702, 1.0)",1,99.56064652615086,21958
"(0.7278086237149632, 1.0)",1,99.56063949057058,21959
"(0.7687400318979267, 1.0)",1,99.5605093975554,21960
"(0.7294281157362763, 1.0)",1,99.5605046318128,21961
"(0.7277677677677677, 1.0)",1,99.56049808565366,21962
"(0.861111111111111, 1.0)",2,99.560477114384,21964
"(0.8615866942983156, 1.0)",1,99.5604052059171,21965
"(1.0, 1.0)",2,99.5602695630608,21967
"(0.7278086237149632, 1.0)",1,99.56025245553454,21968
"(0.8420013166556947, 1.0)",1,99.5602453153875,21969
"(0.9442283950617284, 1.0)",1,99.56024130213964,21970
"(0.8976982097186702, 1.0)",1,99.56022931365546,21971
"(0.9326599326599326, 1.0)",2,99.5601862942749,21973
"(0.808446455505279, 1.0)",1,99.560082979516,21974
"(0.7836699859544369, 1.0)",1,99.5600720083242,21975
"(0.861111111111111, 1.0)",3,99.56004100259555,21978
"(0.9164652836623464, 1.0)",1,99.56002645542578,21979
"(0.7965746171391332, 1.0)",1,99.55999992243184,21980
"(0.7612958226768967, 1.0)",1,99.55997319785364,21981
"(0.9441595441595442, 1.0)",1,99.55996918611577,21982
"(0.7574146783449108, 1.0)",1,99.5598679851132,21983
"(0.8476190476190477, 1.0)",4,99.55982462870142,21987
"(0.7121693121693121, 1.0)",1,99.55977355651802,21988
"(0.7090909090909091, 1.0)",1,99.55969877125204,21989
"(0.8229870141950848, 1.0)",1,99.55969249977684,21990
"(0.9833229101521784, 1.0)",1,99.559651953022,21991
"(0.8137865219658889, 1.0)",1,99.55964037931528,21992
"(0.7601164382773579, 1.0)",1,99.55961518514452,21993
"(0.8425483191745751, 1.0)",1,99.55955037706076,21994
"(0.8101143854687974, 1.0)",1,99.55953525995096,21995
"(0.8633762288330498, 1.0)",1,99.55948259160608,21996
"(0.8796475392220073, 1.0)",1,99.55943281414608,21997
"(0.8420013166556946, 1.0)",5,99.55941729423428,22002
"(0.8040695048423352, 1.0)",1,99.55941486411804,22003
"(0.8811945374355704, 1.0)",1,99.55937128168172,22004
"(0.8229870141950848, 1.0)",1,99.55931474260473,22005
"(0.8976982097186702, 1.0)",3,99.5593003684753,22008
"(0.8796475392220073, 1.0)",1,99.55921169299478,22009
"(0.8796475392220073, 1.0)",1,99.55919657485944,22010
"(0.9665831244778612, 1.0)",1,99.55915095865404,22011
"(0.8310777799491891, 1.0)",1,99.55910522128715,22012
"(0.9326599326599326, 1.0)",1,99.55908230488753,22013
"(0.7532376017916352, 1.0)",1,99.5590309082918,22014
"(0.7532376017916352, 1.0)",1,99.55902009570374,22015
"(0.7734344933751168, 1.0)",1,99.558931824442,22016
"(0.8533622685185187, 1.0)",1,99.5588030515124,22017
"(0.9497171590194848, 1.0)",1,99.55878602457392,22018
"(0.738145558145558, 1.0)",1,99.55874495792054,22019
"(0.9297812306740878, 1.0)",1,99.55870999031356,22020
"(0.9833229101521784, 1.0)",1,99.55868283319695,22021
"(0.8796475392220073, 1.0)",1,99.55866764552712,22022
"(0.6734452539330588, 1.0)",1,99.55863695659396,22023
"(0.7532376017916352, 1.0)",1,99.5584109673856,22024
"(0.7121693121693121, 1.0)",1,99.55839997586918,22025
"(0.9833229101521784, 1.0)",1,99.55838071857642,22026
"(0.7090909090909091, 1.0)",4,99.55834740461424,22030
"(0.9008627640703112, 1.0)",1,99.55833638748824,22031
"(0.7532376017916352, 1.0)",1,99.55833594771757,22032
"(0.9442283950617284, 1.0)",1,99.55831741955636,22033
"(0.757745166550198, 1.0)",1,99.5583046757702,22034
"(0.9499687304565352, 1.0)",1,99.5582472825046,22035
"(1.0, 1.0)",1,99.5582424547576,22036
"(0.7083333333333334, 1.0)",1,99.55823952470294,22037
"(0.8505245798478882, 1.0)",1,99.55817578102813,22038
"(1.0, 1.0)",1,99.55815570351942,22039
"(0.944563492063492, 1.0)",1,99.55814689173468,22040
"(0.8101143854687974, 1.0)",1,99.55809428348913,22041
"(0.861111111111111, 1.0)",1,99.5580174919817,22042
"(0.8310777799491891, 1.0)",1,99.5579262054198,22043
"(0.808446455505279, 1.0)",1,99.55780781127616,22044
"(0.9008025849489264, 1.0)",1,99.55779080863692,22045
"(0.8653198653198653, 1.0)",2,99.55773368456296,22047
"(0.7601164382773579, 1.0)",1,99.55772856323225,22048
"(0.9833229101521784, 1.0)",1,99.55771388594869,22049
"(0.5910680656443368, 1.0)",1,99.55771388594869,22050
"(0.7601164382773579, 1.0)",1,99.55766586740572,22051
"(0.9497171590194846, 1.0)",1,99.55766240642498,22052
"(0.776488287126585, 1.0)",1,99.55765838408615,22053
"(0.5910680656443368, 1.0)",3,99.5576511901222,22056
"(0.9665831244778612, 1.0)",1,99.5576511901222,22057
"(1.0, 1.0)",2,99.5576511901222,22059
"(0.757745166550198, 1.0)",1,99.55764093473866,22060
"(0.9833229101521784, 1.0)",1,99.55762008837634,22061
"(0.8651903651903651, 1.0)",2,99.55760418443344,22063
"(0.8796475392220073, 1.0)",4,99.55756552916046,22067
"(0.757745166550198, 1.0)",1,99.55755739254984,22068
"(0.7155555555555556, 1.0)",1,99.55755687221124,22069
"(0.9499687304565352, 1.0)",1,99.5575139494926,22070
"(0.8420013166556946, 1.0)",1,99.55751344680198,22071
"(0.7077308656256025, 1.0)",1,99.55751166534222,22072
"(0.944073617452092, 1.0)",1,99.55750039077516,22073
"(0.9153439153439152, 1.0)",1,99.55749572269708,22074
"(0.8316498316498316, 1.0)",1,99.55747759693917,22075
"(0.861111111111111, 1.0)",2,99.55738151940616,22077
"(0.7077308656256025, 1.0)",1,99.55732278973169,22078
"(0.9166682405676116, 1.0)",2,99.5573064538664,22080
"(0.7077308656256025, 1.0)",1,99.55726009390516,22081
"(0.7077308656256025, 1.0)",1,99.5571872144401,22082
"(0.9720813204508856, 1.0)",1,99.5571666792644,22083
"(0.893146638589877, 1.0)",1,99.55715827562932,22084
"(0.8814814814814814, 1.0)",1,99.55715551505024,22085
"(0.8976982097186702, 1.0)",1,99.55714499599472,22086
"(0.7421018697614443, 1.0)",1,99.5571388941008,22087
"(0.8848000715856217, 1.0)",1,99.55706204010212,22088
"(0.757745166550198, 1.0)",2,99.55700922678987,22090
"(0.8976982097186702, 1.0)",1,99.55699931518656,22091
"(0.9331662489557224, 1.0)",1,99.55699070036638,22092
"(0.808446455505279, 1.0)",3,99.55692386123556,22095
"(0.808446455505279, 1.0)",1,99.55687399283104,22096
"(0.9666666666666668, 1.0)",1,99.55677869562842,22097
"(0.882673371045464, 1.0)",1,99.55676535471191,22098
"(0.826388888888889, 1.0)",1,99.55672424703418,22099
"(0.7090909090909091, 1.0)",1,99.55670995670997,22100
"(0.776488287126585, 1.0)",7,99.55670806734636,22107
"(0.8976982097186702, 1.0)",4,99.55669515343962,22111
"(0.861111111111111, 1.0)",1,99.5566789540583,22112
"(0.7802197802197803, 1.0)",1,99.5566748066748,22113
"(0.9497171590194846, 1.0)",2,99.55666153464458,22115
"(0.9161952650324744, 1.0)",1,99.55665993561225,22116
"(0.7511111111111111, 1.0)",2,99.55665624348552,22118
"(0.8468951683237397, 1.0)",1,99.55656630712512,22119
"(0.8468951683237397, 1.0)",1,99.5565652746402,22120
"(0.7601164382773579, 1.0)",1,99.55653721655894,22121
"(0.7092475655908492, 1.0)",1,99.55648898846664,22122
"(0.8053381731676306, 1.0)",1,99.55642810757485,22123
"(0.7340930674264006, 1.0)",2,99.55631528964862,22125
"(0.9665831244778612, 1.0)",1,99.55625863778133,22126
"(0.8165509259259259, 1.0)",1,99.55622289201092,22127
"(0.9303715638302106, 1.0)",1,99.55614153695288,22128
"(0.930124456440246, 1.0)",1,99.55611522836148,22129
"(0.844988344988345, 1.0)",1,99.55606075971929,22130
"(0.6823744006670837, 1.0)",1,99.55598073704851,22131
"(0.8420013166556946, 1.0)",1,99.55588682258228,22132
"(0.8374727668845315, 1.0)",1,99.55585631931878,22133
"(0.8976982097186702, 1.0)",2,99.5558118791318,22135
"(0.8420013166556946, 1.0)",1,99.5558118791318,22136
"(0.9009287520039462, 1.0)",1,99.55580549858642,22137
"(0.757745166550198, 1.0)",2,99.55577840709172,22139
"(0.8053381731676306, 1.0)",1,99.55575616672084,22140
"(0.9158007932517735, 1.0)",1,99.55574216589694,22141
"(0.861111111111111, 1.0)",1,99.55569807735492,22142
"(1.0, 1.0)",28,99.55555555555556,22170
"(0.5555555555555555, 1.0)",1,99.55555555555556,22171
"(0.9583930063253372, 1.0)",1,99.55554434916664,22172
"(0.9437903841498612, 1.0)",1,99.55554220187014,22173
"(0.8222222222222222, 1.0)",1,99.55546708348508,22174
"(0.7222222222222221, 1.0)",1,99.555451323744,22175
"(0.8420013166556946, 1.0)",1,99.55545004165768,22176
"(0.8222222222222222, 1.0)",1,99.5554096310194,22177
"(0.8222222222222222, 1.0)",1,99.55535586934818,22178
"(0.81893131227901, 1.0)",1,99.55534513733264,22179
"(0.8813080639167598, 1.0)",2,99.55527506619669,22181
"(0.8053381731676306, 1.0)",1,99.55527260720902,22182
"(0.6804620726495727, 1.0)",1,99.5552258960982,22183
"(0.8633762288330498, 1.0)",1,99.55516483732144,22184
"(0.757745166550198, 1.0)",1,99.55507881754238,22185
"(0.8229870141950848, 1.0)",1,99.55507220176428,22186
"(0.7372334455667788, 1.0)",1,99.55502983336824,22187
"(0.901575014782562, 1.0)",1,99.5550234211822,22188
"(0.7994987468671678, 1.0)",1,99.5549499138716,22189
"(0.8374727668845315, 1.0)",3,99.55488874446311,22192
"(0.8420013166556946, 1.0)",1,99.5548810295354,22193
"(0.808446455505279, 1.0)",1,99.55486221347432,22194
"(0.9295946890286512, 1.0)",1,99.55484871769444,22195
"(0.9833229101521784, 1.0)",1,99.55484682140204,22196
"(0.9833229101521784, 1.0)",1,99.55469660943284,22197
"(0.8016677935542034, 1.0)",1,99.55468819363342,22198
"(0.882673371045464, 1.0)",1,99.5546763929843,22199
"(0.9295946890286512, 1.0)",1,99.55466838348264,22200
"(0.882673371045464, 1.0)",1,99.5546136971578,22201
"(0.933249791144528, 1.0)",5,99.554573974022,22206
"(0.9497171590194846, 1.0)",2,99.5545585912706,22208
"(0.8468951683237397, 1.0)",1,99.55453841209858,22209
"(0.917849761232425, 1.0)",1,99.55446100636595,22210
"(0.9161952650324744, 1.0)",1,99.55444344532174,22211
"(0.9161379295307868, 1.0)",1,99.5543703128517,22212
"(0.7090909090909091, 1.0)",1,99.55435203094775,22213
"(0.9299160159815896, 1.0)",1,99.55434182008676,22214
"(0.7632275132275131, 1.0)",1,99.55433836351924,22215
"(1.0, 1.0)",1,99.55421763742775,22216
"(0.7903875985986362, 1.0)",1,99.55420880801576,22217
"(0.9665831244778612, 1.0)",2,99.55420153157824,22219
"(0.8053381731676306, 1.0)",1,99.5541339773603,22220
"(0.8040695048423352, 1.0)",1,99.55413336970328,22221
"(0.844988344988345, 1.0)",2,99.55407925407926,22223
"(0.8547756205106323, 1.0)",1,99.55407636230774,22224
"(0.81893131227901, 1.0)",1,99.55400792183302,22225
"(0.81893131227901, 1.0)",1,99.5539749878396,22226
"(0.930124456440246, 1.0)",2,99.55396417409575,22228
"(0.7479743867590829, 1.0)",1,99.553912537998,22229
"(0.7083333333333334, 1.0)",1,99.55388290571216,22230
"(0.6698155645524068, 1.0)",2,99.55384453330538,22232
"(0.9833229101521784, 1.0)",1,99.5537815899132,22233
"(0.7802197802197803, 1.0)",1,99.55375609865888,22234
"(0.8732774170274171, 1.0)",1,99.55375433904558,22235
"(0.8319340617212959, 1.0)",1,99.55373380696317,22236
"(0.9161952650324744, 1.0)",3,99.55372615891208,22239
"(0.7479743867590829, 1.0)",1,99.55370783502124,22240
"(0.7204751921733054, 1.0)",1,99.55370429369508,22241
"(0.8068904981347378, 1.0)",1,99.55369340283238,22242
"(0.8796475392220073, 1.0)",1,99.5536910152626,22243
"(0.9497171590194846, 1.0)",1,99.5536423017664,22244
"(0.9497171590194848, 1.0)",1,99.5536423017664,22245
"(0.7944219523166891, 1.0)",1,99.55363140082494,22246
"(0.9666562434855118, 1.0)",1,99.55362822546869,22247
"(0.8449978636391381, 1.0)",1,99.55361742288612,22248
"(0.6784722222222224, 1.0)",1,99.5536123633398,22249
"(0.757745166550198, 1.0)",1,99.55358797080468,22250
"(0.8349489264123411, 1.0)",1,99.55355055964812,22251
"(0.8814814814814814, 1.0)",1,99.55354719924682,22252
"(0.8796475392220073, 1.0)",1,99.5535290853239,22253
"(0.9326599326599326, 1.0)",1,99.55345104086524,22254
"(0.9009287520039462, 1.0)",1,99.55338942832478,22255
"(0.859499940327008, 1.0)",1,99.5533840175593,22256
"(0.9027777777777778, 1.0)",1,99.55337313759276,22257
"(0.8065954953750508, 1.0)",1,99.553323958179,22258
"(0.73687720936437, 1.0)",2,99.55330382938534,22260
"(0.9871616776282092, 0.9958292603453894)",1,99.55329857189778,22261
"(0.8349489264123411, 1.0)",1,99.55328442657904,22262
"(0.8300265307680562, 1.0)",1,99.55326155423803,22263
"(0.7612958226768967, 1.0)",2,99.55320317396264,22265
"(0.8319340617212959, 1.0)",1,99.55319504204824,22266
"(0.9441792447111594, 1.0)",1,99.55317161606249,22267
"(0.6698155645524068, 1.0)",2,99.55310720516113,22269
"(0.6698155645524068, 1.0)",1,99.55307593561766,22270
"(0.6733821733821733, 1.0)",1,99.55302971260416,22271
"(0.8040695048423352, 1.0)",1,99.55301803606216,22272
"(0.6698155645524068, 1.0)",1,99.55301323979116,22273
"(0.8885714285714285, 1.0)",1,99.55297237175894,22274
"(0.6784722222222224, 1.0)",1,99.55296594497732,22275
"(0.8651903651903651, 1.0)",1,99.5529591285614,22276
"(0.9666562434855118, 1.0)",1,99.55293339818758,22277
"(0.7362637362637362, 1.0)",1,99.55291997974923,22278
"(0.868077055383557, 1.0)",1,99.55288347326028,22279
"(0.8814814814814814, 1.0)",1,99.55285279547154,22280
"(0.8976982097186702, 1.0)",1,99.55282086484132,22281
"(0.901575014782562, 1.0)",1,99.55278062298176,22282
"(0.7511111111111111, 1.0)",1,99.55277890466532,22283
"(0.9027777777777778, 1.0)",1,99.5527410542106,22284
"(0.757745166550198, 1.0)",1,99.55273662111613,22285
"(0.7944219523166891, 1.0)",1,99.55273186852132,22286
"(0.9027777777777778, 1.0)",1,99.55270944241268,22287
"(0.9326599326599326, 1.0)",1,99.5526737041816,22288
"(0.9008627640703112, 1.0)",1,99.55267344099062,22289
"(0.7077308656256025, 1.0)",1,99.55263732466784,22290
"(0.7647742788871822, 1.0)",1,99.55262565731918,22291
"(0.9161379295307868, 1.0)",1,99.55261720528688,22292
"(0.73687720936437, 1.0)",1,99.55254594165253,22293
"(0.7183489076634237, 1.0)",1,99.5524573217522,22294
"(0.8222222222222222, 1.0)",1,99.55242115607967,22295
"(0.80285509389987, 1.0)",1,99.55233471625982,22296
"(0.6698155645524068, 1.0)",1,99.552311825799,22297
"(0.8040695048423352, 1.0)",1,99.55226701799424,22298
"(0.7479743867590829, 1.0)",1,99.55221246276292,22299
"(0.6698155645524068, 1.0)",5,99.55219265623182,22304
"(0.8420013166556946, 1.0)",1,99.5521741847233,22305
"(0.7802197802197803, 1.0)",1,99.55215916146147,22306
"(0.8703703703703703, 1.0)",1,99.55209953827148,22307
"(0.9666562434855118, 1.0)",1,99.5520518673137,22308
"(0.7479743867590829, 1.0)",1,99.55202360307352,22309
"(0.901575014782562, 1.0)",1,99.55200207234807,22310
"(0.757745166550198, 1.0)",1,99.55197085258344,22311
"(0.9009534009534008, 1.0)",1,99.55192671727823,22312
"(0.8871082621082622, 1.0)",3,99.55191458012888,22315
"(0.861111111111111, 1.0)",1,99.55189634683298,22316
"(0.8222222222222222, 1.0)",2,99.55186812695524,22318
"(0.8420013166556946, 1.0)",4,99.55183491395252,22322
"(0.6698155645524068, 1.0)",3,99.55180530020068,22325
"(0.6779618620193896, 1.0)",1,99.55175530564117,22326
"(0.80285509389987, 1.0)",1,99.55171236497948,22327
"(1.0, 1.0)",1,99.55166329447012,22328
"(0.7802197802197803, 1.0)",1,99.55164316438828,22329
"(0.746304385688563, 1.0)",1,99.5516361717452,22330
"(0.8222222222222222, 1.0)",2,99.55161764585192,22332
"(0.9436368312757202, 1.0)",1,99.55160434359124,22333
"(0.861111111111111, 1.0)",1,99.55151621032124,22334
"(0.776488287126585, 1.0)",2,99.55147786394542,22336
"(0.9, 1.0)",1,99.55146087335436,22337
"(0.7786375661375661, 1.0)",1,99.55143335116338,22338
"(0.8552744708994707, 1.0)",1,99.55142790503211,22339
"(0.7204751921733054, 1.0)",2,99.5514023466742,22341
"(0.8651903651903651, 1.0)",1,99.55134465930622,22342
"(0.7479743867590829, 1.0)",1,99.55131862600292,22343
"(0.6698155645524068, 1.0)",1,99.55129704603388,22344
"(0.7060994560994561, 1.0)",1,99.5511919881069,22345
"(1.0, 1.0)",16,99.55119195259748,22361
"(0.9303715638302106, 1.0)",1,99.5511671105698,22362
"(0.7204751921733054, 1.0)",1,99.55116302286112,22363
"(0.8845578466141503, 1.0)",1,99.55114353344318,22364
"(0.8312205288949474, 1.0)",1,99.55111161360524,22365
"(0.6760835913312693, 1.0)",1,99.55109577798322,22366
"(0.7090909090909091, 1.0)",4,99.5510922257466,22370
"(0.7994987468671678, 1.0)",1,99.5510725750514,22371
"(0.8165520116739629, 1.0)",2,99.55093830915676,22373
"(0.9003556829643787, 1.0)",2,99.55093790949869,22375
"(0.7183489076634237, 1.0)",2,99.5509305956152,22377
"(0.9009534009534008, 1.0)",1,99.55089370455224,22378
"(0.6698155645524068, 1.0)",2,99.55083668442326,22380
"(0.8016677935542034, 1.0)",1,99.5508170420616,22381
"(0.8547756205106323, 1.0)",1,99.55080182346444,22382
"(0.8177442148030384, 1.0)",2,99.5507853855849,22384
"(0.8840048840048841, 1.0)",1,99.55072484212408,22385
"(0.617513611615245, 1.0)",1,99.55067986057097,22386
"(0.7183489076634237, 1.0)",2,99.5506375047873,22388
"(0.9, 1.0)",1,99.5506294798903,22389
"(0.868077055383557, 1.0)",1,99.55061673792324,22390
"(0.8312205288949474, 1.0)",1,99.55057917071768,22391
"(0.617513611615245, 1.0)",3,99.5505536807869,22394
"(0.9331094582012576, 1.0)",1,99.55050458941751,22395
"(0.8653198653198653, 1.0)",1,99.55050237584344,22396
"(0.9333333333333332, 1.0)",1,99.5504986843455,22397
"(0.9008025849489264, 1.0)",1,99.550479152854,22398
"(0.6760835913312693, 1.0)",2,99.55045818407936,22400
"(0.8732774170274171, 1.0)",1,99.55042098428146,22401
"(0.6760835913312693, 1.0)",1,99.55041973740155,22402
"(0.8222222222222222, 1.0)",1,99.55038303678676,22403
"(0.9, 1.0)",1,99.55029390837672,22404
"(0.882673371045464, 1.0)",1,99.55029273786832,22405
"(0.816195709052852, 1.0)",1,99.55028877647923,22406
"(0.917469251615593, 1.0)",2,99.55019710000454,22408
"(0.9506533178503804, 1.0)",2,99.5501776900986,22410
"(0.617513611615245, 1.0)",2,99.55017354427518,22412
"(0.808446455505279, 1.0)",1,99.5500789573004,22413
"(0.7511111111111111, 1.0)",1,99.55006360433472,22414
"(0.8997493734335841, 1.0)",2,99.55003770589246,22416
"(0.8976982097186702, 1.0)",2,99.54992023182456,22418
"(0.8851917026609075, 1.0)",1,99.54989520626044,22419
"(0.917469251615593, 1.0)",1,99.549882832741,22420
"(0.8845578466141503, 1.0)",1,99.54986864241276,22421
"(0.9169719169719168, 1.0)",1,99.54984600337616,22422
"(0.8432903075760217, 1.0)",1,99.54984199212817,22423
"(0.7362637362637362, 1.0)",1,99.5498300796785,22424
"(0.8420013166556946, 1.0)",1,99.54982881492704,22425
"(0.6760835913312693, 1.0)",1,99.54982476543192,22426
"(0.882673371045464, 1.0)",1,99.54980650764352,22427
"(0.9326599326599326, 1.0)",1,99.5497881130647,22428
"(0.6747507742934573, 1.0)",1,99.54976720897142,22429
"(0.9326599326599326, 1.0)",2,99.5497583325471,22431
"(0.8101143854687974, 1.0)",1,99.54974724168277,22432
"(0.934122934122934, 1.0)",1,99.54973403374753,22433
"(0.7164894725870335, 1.0)",1,99.54971857410882,22434
"(0.944073617452092, 1.0)",1,99.54970272423274,22435
"(0.8420013166556946, 1.0)",1,99.54965251783594,22436
"(0.9333333333333332, 1.0)",1,99.54963487518046,22437
"(0.6747507742934573, 1.0)",2,99.54963223542492,22439
"(0.8222222222222222, 1.0)",1,99.54960234728722,22440
"(0.8151249335459861, 1.0)",1,99.5495697613675,22441
"(0.8010054664946871, 1.0)",1,99.54955548320444,22442
"(0.7574146783449108, 1.0)",1,99.54950869182176,22443
"(0.6698155645524068, 1.0)",1,99.5494631037744,22444
"(0.9333333333333332, 1.0)",1,99.54944678770096,22445
"(0.9018806250259218, 1.0)",2,99.54939207191237,22447
"(0.9008025849489264, 1.0)",1,99.54936197497172,22448
"(0.799275702501509, 1.0)",1,99.5493500872999,22449
"(0.7994987468671678, 1.0)",1,99.54934239914984,22450
"(0.9333333333333332, 1.0)",1,99.5493003929461,22451
"(0.7294281157362763, 1.0)",2,99.54926938557756,22453
"(0.7994987468671678, 1.0)",2,99.54921700749684,22455
"(0.8832603710652491, 1.0)",1,99.54912296375711,22456
"(0.7713401051412279, 1.0)",1,99.54911007676392,22457
"(0.617513611615245, 1.0)",1,99.54909067932392,22458
"(0.6825396825396824, 1.0)",1,99.54908111429292,22459
"(0.7802197802197803, 1.0)",1,99.54906340272194,22460
"(0.6825396825396824, 1.0)",2,99.5490602679306,22462
"(0.8615866942983156, 1.0)",1,99.54905886649448,22463
"(0.8697983697983697, 1.0)",1,99.54904979834625,22464
"(1.0, 1.0)",1,99.5490281318863,22465
"(0.9161952650324744, 1.0)",1,99.54902750197256,22466
"(0.94993894993895, 1.0)",2,99.54899913949978,22468
"(0.9153439153439156, 1.0)",1,99.54897017500292,22469
"(0.9665831244778612, 1.0)",1,99.54896828518062,22470
"(0.7069597069597069, 1.0)",1,99.5489610236154,22471
"(0.7562136521052955, 1.0)",1,99.54890666589851,22472
"(0.808446455505279, 1.0)",1,99.548905948881,22473
"(0.9331662489557224, 1.0)",1,99.54890352836438,22474
"(0.9161952650324744, 1.0)",2,99.54890132218848,22476
"(0.8697983697983697, 1.0)",1,99.5488895234658,22477
"(0.8997493734335841, 1.0)",1,99.54887218045111,22478
"(0.9506533178503804, 1.0)",1,99.5488047763177,22479
"(0.7562136521052955, 1.0)",1,99.54879389622562,22480
"(0.9165164082221422, 1.0)",1,99.54869816996244,22481
"(0.7713401051412279, 1.0)",1,99.54869687299365,22482
"(0.8319340617212959, 1.0)",1,99.54862270362838,22483
"(0.8676532769556025, 1.0)",1,99.54860664841772,22484
"(0.6886904761904762, 1.0)",2,99.54855043601071,22486
"(0.9833229101521784, 1.0)",1,99.54853339407832,22487
"(0.8016677935542034, 1.0)",1,99.54853339407832,22488
"(0.8811945374355704, 1.0)",1,99.54852008089914,22489
"(0.7944219523166891, 1.0)",1,99.5484923321482,22490
"(0.7183489076634237, 1.0)",1,99.5484850276478,22491
"(0.7042648709315374, 1.0)",1,99.54845485812535,22492
"(0.9584987529902784, 1.0)",1,99.54844063524644,22493
"(0.6825396825396824, 1.0)",1,99.54842855998184,22494
"(0.6747507742934573, 1.0)",1,99.5484089351378,22495
"(0.8476190476190477, 1.0)",1,99.5483579353498,22496
"(0.8432903075760217, 1.0)",1,99.54835258728644,22497
"(0.7801008555725536, 1.0)",1,99.54835177360462,22498
"(0.8420013166556946, 1.0)",1,99.5483466633344,22499
"(0.9497171590194848, 1.0)",1,99.54833491553198,22500
"(0.8976982097186702, 1.0)",1,99.54828043625298,22501
"(0.7164894725870335, 1.0)",1,99.54826296225524,22502
"(0.9164652836623464, 1.0)",2,99.54825656080742,22504
"(0.8294970161977834, 1.0)",1,99.5482418297272,22505
"(0.9584987529902784, 1.0)",1,99.54819529530528,22506
"(0.8579868984630887, 1.0)",1,99.54819105050647,22507
"(0.9153439153439156, 1.0)",1,99.54813445955936,22508
"(0.8312205288949474, 1.0)",1,99.54812110345074,22509
"(0.9326599326599326, 1.0)",1,99.548064564458,22510
"(0.8976982097186702, 1.0)",1,99.54800877874492,22511
"(0.8468951683237397, 1.0)",1,99.54789975419204,22512
"(0.9665831244778612, 1.0)",1,99.54788931951066,22513
"(0.8552744708994707, 1.0)",1,99.54787741436778,22514
"(0.8316498316498316, 1.0)",1,99.54782582510438,22515
"(0.7164894725870335, 1.0)",1,99.54781623074304,22516
"(0.9003556829643787, 1.0)",1,99.54781384603736,22517
"(0.9666666666666668, 1.0)",1,99.54777755470056,22518
"(0.8579868984630887, 1.0)",1,99.547765410212,22519
"(0.8651903651903651, 1.0)",1,99.54773004773006,22520
"(0.8976982097186702, 1.0)",2,99.54768778653752,22522
"(0.8468951683237397, 1.0)",1,99.54763094151376,22523
"(0.8651903651903651, 1.0)",1,99.5475314346922,22524
"(0.8552744708994707, 1.0)",1,99.54752721132542,22525
"(0.746304385688563, 1.0)",2,99.54749255110528,22527
"(0.8222222222222222, 1.0)",1,99.54748390994315,22528
"(0.8222222222222222, 1.0)",1,99.54742121411668,22529
"(0.7711781618000022, 1.0)",1,99.54740360385246,22530
"(0.8976982097186702, 1.0)",1,99.54737477762372,22531
"(1.0, 1.0)",3,99.54734537493158,22534
"(0.9165164082221422, 1.0)",1,99.54732346532349,22535
"(0.8471527473990528, 1.0)",1,99.54728662871166,22536
"(0.7278086237149632, 1.0)",1,99.54725859479528,22537
"(0.7485857950974231, 1.0)",1,99.5472582632179,22538
"(0.8547756205106323, 1.0)",1,99.54724176618042,22539
"(0.9665831244778612, 1.0)",1,99.54723785591344,22540
"(0.8137865219658889, 1.0)",1,99.54722968223832,22541
"(0.8468951683237397, 1.0)",1,99.54722464914104,22542
"(0.8312205288949474, 1.0)",1,99.5472230753988,22543
"(0.81893131227901, 1.0)",1,99.54718501661216,22544
"(0.7673678366541239, 1.0)",1,99.54711304054264,22545
"(0.8976982097186702, 1.0)",1,99.54703966399788,22546
"(0.933249791144528, 1.0)",2,99.54696494486002,22548
"(0.8840455840455841, 1.0)",1,99.54692500481974,22549
"(0.8976982097186702, 1.0)",1,99.5468837125627,22550
"(0.6825396825396824, 1.0)",1,99.5468837125627,22551
"(0.7545469576719577, 1.0)",1,99.54688312954364,22552
"(0.8796475392220073, 1.0)",1,99.54684398562256,22553
"(0.8976982097186702, 1.0)",1,99.54682101673622,22554
"(0.876295504202481, 1.0)",1,99.54681407563864,22555
"(0.844988344988345, 1.0)",1,99.5467917940826,22556
"(0.7340930674264007, 1.0)",1,99.54678067582007,22557
"(0.8814814814814814, 1.0)",1,99.5467107418327,22558
"(0.8814814814814814, 1.0)",2,99.5466971149898,22560
"(0.7802197802197803, 1.0)",1,99.5466568234219,22561
"(0.9326599326599326, 1.0)",1,99.54663027507507,22562
"(0.9833229101521784, 1.0)",1,99.54656460952548,22563
"(0.8653198653198653, 1.0)",1,99.5464853180386,22564
"(0.868077055383557, 1.0)",1,99.5464018432828,22565
"(0.9326599326599326, 1.0)",1,99.54639348668664,22566
"(0.7503607503607503, 1.0)",1,99.5463712689066,22567
"(0.9009287520039462, 1.0)",1,99.54630286340544,22568
"(0.8425483191745751, 1.0)",1,99.54627496595576,22569
"(0.8435740514075887, 1.0)",1,99.54621999787012,22570
"(0.6698155645524068, 1.0)",1,99.54619844093529,22571
"(0.9497171590194848, 1.0)",1,99.5461934332878,22572
"(0.917849761232425, 1.0)",1,99.54616709387014,22573
"(0.9497171590194848, 1.0)",1,99.54608977472964,22574
"(0.8796475392220073, 1.0)",1,99.54603323005765,22575
"(0.9497171590194846, 1.0)",1,99.54585724296444,22576
"(0.8796475392220073, 1.0)",1,99.5458549589596,22577
"(0.8796475392220073, 1.0)",2,99.54583395585772,22579
"(0.7979797979797979, 1.0)",1,99.54567675497908,22580
"(0.8615866942983156, 1.0)",1,99.54564849218124,22581
"(0.8068904981347378, 1.0)",1,99.54560187946488,22582
"(0.8976982097186702, 1.0)",1,99.54557596632388,22583
"(0.6825396825396824, 1.0)",1,99.54551013191389,22584
"(0.8796475392220073, 1.0)",3,99.54551013191389,22587
"(0.8796475392220073, 1.0)",1,99.54547799586956,22588
"(0.9665831244778612, 1.0)",1,99.5454555346831,22589
"(0.9665831244778612, 1.0)",1,99.54545383109972,22590
"(0.8468951683237397, 1.0)",1,99.54544572187623,22591
"(0.8653198653198653, 1.0)",1,99.54544413516538,22592
"(0.8796475392220073, 1.0)",1,99.5453726624478,22593
"(0.7802197802197803, 1.0)",1,99.54534449528032,22594
"(0.816195709052852, 1.0)",1,99.54522067692756,22595
"(0.8814814814814814, 1.0)",1,99.54513459463006,22596
"(0.8420013166556946, 1.0)",1,99.54511374442252,22597
"(0.7030539311241066, 1.0)",2,99.5450552477798,22599
"(0.9326599326599326, 1.0)",1,99.54501054501054,22600
"(0.7916666666666666, 1.0)",1,99.5449164578112,22601
"(0.8579868984630887, 1.0)",1,99.54489126385178,22602
"(0.901575014782562, 1.0)",1,99.54482800880584,22603
"(0.9442283950617284, 1.0)",1,99.54481749935744,22604
"(0.7430253184970165, 1.0)",1,99.54476887609232,22605
"(0.9833229101521784, 1.0)",1,99.54473689775917,22606
"(0.8316498316498316, 1.0)",1,99.54473557631452,22607
"(0.9333333333333332, 1.0)",1,99.54466547754154,22608
"(0.8420013166556946, 1.0)",1,99.54465578671518,22609
"(0.8697983697983697, 1.0)",1,99.54459738144634,22610
"(0.826388888888889, 1.0)",1,99.54451969119172,22611
"(0.8068904981347378, 1.0)",1,99.54445663570088,22612
"(0.8165520116739629, 1.0)",2,99.54441433303222,22614
"(0.8670139869650273, 1.0)",1,99.54436363061762,22615
"(0.8976982097186702, 1.0)",1,99.5443131836764,22616
"(0.9166145507608924, 1.0)",2,99.54429409650768,22618
"(0.9333333333333332, 1.0)",1,99.54424624726292,22619
"(0.7612958226768967, 1.0)",1,99.5442140507096,22620
"(0.9166145507608924, 1.0)",1,99.5442033988998,22621
"(0.9303715638302106, 1.0)",1,99.5440998697149,22622
"(0.9153439153439156, 1.0)",1,99.54403328937435,22623
"(0.7675138481590094, 1.0)",1,99.54387507637936,22624
"(0.8222222222222222, 1.0)",1,99.54387107809993,22625
"(0.9833229101521784, 1.0)",1,99.54381513156228,22626
"(0.9, 1.0)",1,99.54378774782693,22627
"(0.8976982097186702, 1.0)",1,99.5437712011614,22628
"(0.7421018697614443, 1.0)",1,99.54376966331564,22629
"(0.786508365740383, 1.0)",1,99.543732110621,22630
"(0.7944219523166891, 1.0)",1,99.54372424557816,22631
"(0.8425483191745751, 1.0)",1,99.54371593759744,22632
"(0.861111111111111, 1.0)",1,99.5436990664229,22633
"(0.7675138481590094, 1.0)",1,99.54369606513508,22634
"(0.6825396825396824, 1.0)",2,99.5436507936508,22636
"(0.861111111111111, 1.0)",1,99.5436507936508,22637
"(0.8420013166556946, 1.0)",1,99.54360657112298,22638
"(0.7532376017916352, 1.0)",1,99.543578543406,22639
"(0.7802197802197803, 1.0)",1,99.54356754356756,22640
"(0.7880931329207191, 1.0)",1,99.54354429992516,22641
"(0.8222222222222222, 1.0)",1,99.54349501318144,22642
"(0.7965746171391332, 1.0)",1,99.54349111525867,22643
"(0.6544644252235129, 1.0)",1,99.54338823475793,22644
"(1.0, 1.0)",2,99.543365559759,22646
"(0.757745166550198, 1.0)",1,99.5433414653795,22647
"(0.8420013166556946, 1.0)",1,99.5432559545554,22648
"(0.8976982097186702, 1.0)",1,99.5432514821012,22649
"(0.8468089381754635, 1.0)",1,99.54320787499174,22650
"(0.8137566137566138, 1.0)",1,99.54316171814304,22651
"(0.7647742788871822, 1.0)",1,99.54315474295144,22652
"(0.9580331374974232, 1.0)",1,99.54309122240456,22653
"(0.9292738197776956, 1.0)",1,99.54307535045008,22654
"(0.6544644252235129, 1.0)",1,99.54303354973035,22655
"(0.8997493734335841, 1.0)",1,99.5430007911232,22656
"(0.9326599326599326, 1.0)",1,99.54294136222116,22657
"(0.8229870141950848, 1.0)",1,99.54285300165049,22658
"(0.7968963105438014, 1.0)",1,99.54284208597495,22659
"(0.9299160159815896, 1.0)",1,99.54281179433956,22660
"(0.9299160159815896, 1.0)",1,99.54279575783974,22661
"(0.7511111111111111, 1.0)",1,99.5427777777778,22662
"(0.8476190476190477, 1.0)",1,99.54276740234188,22663
"(0.8294970161977834, 1.0)",1,99.54275686558924,22664
"(0.9506533178503804, 1.0)",1,99.54274879170038,22665
"(0.8229870141950848, 1.0)",2,99.54274475062331,22667
"(0.8420013166556946, 1.0)",1,99.54274020438646,22668
"(0.8016677935542034, 1.0)",2,99.54273587025658,22670
"(0.8814814814814814, 1.0)",1,99.5427223815721,22671
"(0.9584987529902784, 1.0)",1,99.5427220577123,22672
"(0.724804131054131, 1.0)",1,99.54270484479856,22673
"(0.7204751921733054, 1.0)",2,99.54269741439552,22675
"(0.7601164382773579, 1.0)",1,99.54265962133402,22676
"(0.7030539311241066, 1.0)",3,99.54259410071936,22679
"(0.9720813204508856, 1.0)",1,99.54253969457932,22680
"(0.5925925925925927, 1.0)",1,99.54249862722264,22681
"(0.7786375661375661, 1.0)",1,99.54243814298673,22682
"(0.8420013166556946, 1.0)",1,99.54241623362584,22683
"(0.9333333333333332, 1.0)",1,99.54236170333732,22684
"(0.9497171590194848, 1.0)",1,99.54235445357784,22685
"(0.7090909090909091, 1.0)",1,99.54234070023544,22686
"(0.808446455505279, 1.0)",1,99.54233980418876,22687
"(0.7601164382773579, 1.0)",1,99.5422355739804,22688
"(0.9442283950617284, 1.0)",1,99.54223286196532,22689
"(0.7090909090909091, 1.0)",1,99.5421946189597,22690
"(0.81893131227901, 1.0)",1,99.54215047407894,22691
"(0.8976982097186702, 1.0)",1,99.54214265416311,22692
"(0.7090909090909091, 1.0)",1,99.5421319231332,22693
"(0.8796475392220073, 1.0)",1,99.54209993229952,22694
"(0.7090909090909091, 1.0)",1,99.54206922730673,22695
"(0.8053381731676306, 1.0)",1,99.5420537592702,22696
"(0.7430253184970165, 1.0)",1,99.54202717481594,22697
"(0.8796475392220073, 1.0)",1,99.54199055567928,22698
"(0.9583930063253372, 1.0)",1,99.54192629382904,22699
"(0.8613656783468103, 1.0)",1,99.54191964438,22700
"(0.8374727668845315, 1.0)",1,99.54189451195668,22701
"(0.8339475360293065, 1.0)",1,99.541823134642,22702
"(0.7164894725870335, 1.0)",1,99.54181369939492,22703
"(0.8319340617212959, 1.0)",2,99.54174445099436,22705
"(0.5910680656443368, 1.0)",1,99.54172138349472,22706
"(0.7090909090909091, 1.0)",1,99.5416256068374,22707
"(0.8887202421952387, 1.0)",1,99.54154832048287,22708
"(0.8976982097186702, 1.0)",1,99.54152068812762,22709
"(0.9300671002153482, 1.0)",1,99.54151723006598,22710
"(0.8976982097186702, 1.0)",1,99.5414859575456,22711
"(0.9027777777777778, 1.0)",1,99.54140931932572,22712
"(0.9499687304565352, 1.0)",1,99.54137404047836,22713
"(0.8065954953750508, 1.0)",1,99.5412246796294,22714
"(0.9665831244778612, 1.0)",1,99.54121058903276,22715
"(0.7601164382773579, 1.0)",1,99.5411375581482,22716
"(1.0, 1.0)",1,99.54112554112554,22717
"(0.8613656783468103, 1.0)",1,99.54111365087044,22718
"(0.6804620726495727, 1.0)",1,99.54110194347857,22719
"(0.7632275132275131, 1.0)",2,99.54108975011587,22721
"(0.7090909090909091, 1.0)",1,99.54107744107743,22722
"(0.81893131227901, 1.0)",1,99.54105686448382,22723
"(0.8668153102935712, 1.0)",1,99.54104963595168,22724
"(0.5910680656443368, 1.0)",3,99.54103679610088,22727
"(0.826388888888889, 1.0)",1,99.54103290853652,22728
"(0.5910680656443368, 1.0)",1,99.54100701558328,22729
"(0.8468951683237397, 1.0)",1,99.54100637546726,22730
"(0.7090909090909091, 1.0)",1,99.54099389888864,22731
"(0.9665831244778612, 1.0)",1,99.54097410027438,22732
"(0.5910680656443368, 1.0)",4,99.54097410027438,22736
"(0.9833229101521784, 1.0)",2,99.54097410027438,22738
"(0.9326599326599326, 1.0)",1,99.54093365696102,22739
"(0.8653198653198653, 1.0)",1,99.54088253705662,22740
"(0.8653198653198653, 1.0)",2,99.54081984123012,22742
"(0.7083333333333334, 1.0)",1,99.5407894736842,22743
"(0.8476190476190477, 1.0)",1,99.54078766761694,22744
"(0.7121693121693121, 1.0)",5,99.54075334417836,22749
"(0.7090909090909091, 1.0)",1,99.54073510793216,22750
"(0.8997493734335841, 1.0)",1,99.54069221522252,22751
"(0.861111111111111, 1.0)",1,99.5406352906353,22752
"(0.8880748880748881, 1.0)",2,99.54058964365564,22754
"(0.8222222222222222, 1.0)",1,99.54054307882996,22755
"(0.8312205288949474, 1.0)",1,99.54051929784995,22756
"(0.8294970161977834, 1.0)",1,99.54051794706392,22757
"(0.7903875985986362, 1.0)",1,99.54046617559372,22758
"(0.7601164382773579, 1.0)",1,99.54045714544732,22759
"(0.944073617452092, 1.0)",1,99.54045554492156,22760
"(0.808446455505279, 1.0)",1,99.54044060613626,22761
"(0.8536277430109583, 1.0)",1,99.54034198646444,22762
"(0.9506533178503804, 1.0)",1,99.5403320205192,22763
"(0.8300265307680562, 1.0)",1,99.54031426934526,22764
"(0.8222222222222222, 1.0)",2,99.54025299510027,22766
"(0.933096859926128, 1.0)",2,99.54024422148896,22768
"(0.7069597069597069, 1.0)",1,99.54018880848147,22769
"(0.8137865219658889, 1.0)",1,99.54013371813016,22770
"(0.9497171590194846, 1.0)",1,99.540080565505,22771
"(0.7344692811916678, 1.0)",1,99.54007849027832,22772
"(0.8319340617212959, 1.0)",1,99.54005806064046,22773
"(0.7545469576719577, 1.0)",2,99.54004372998276,22775
"(0.8633762288330498, 1.0)",1,99.54002773073802,22776
"(0.9161952650324744, 1.0)",1,99.54001971644314,22777
"(0.8316498316498316, 1.0)",1,99.5399657603605,22778
"(0.80285509389987, 1.0)",1,99.5399511771252,22779
"(0.757745166550198, 1.0)",1,99.53993671278032,22780
"(0.8040695048423352, 1.0)",1,99.53987528537488,22781
"(0.8976982097186702, 1.0)",1,99.53983946202251,22782
"(0.7916666666666666, 1.0)",1,99.53980804271502,22783
"(0.7503607503607503, 1.0)",1,99.53980695458604,22784
"(0.826388888888889, 1.0)",1,99.53980464260356,22785
"(0.7075023741690408, 1.0)",1,99.53973247469182,22786
"(0.8420013166556946, 1.0)",1,99.53958605313645,22787
"(0.8796475392220073, 1.0)",2,99.5395148586638,22789
"(0.859499940327008, 1.0)",2,99.5395051299998,22791
"(0.8796475392220073, 1.0)",1,99.53947330308694,22792
"(0.8420013166556946, 1.0)",1,99.53941543267446,22793
"(0.8425483191745751, 1.0)",1,99.53941504105435,22794
"(0.893146638589877, 1.0)",2,99.53939992193004,22796
"(0.9441595441595442, 1.0)",1,99.53935973809024,22797
"(0.7612958226768967, 1.0)",1,99.53927668437136,22798
"(0.9497171590194846, 1.0)",1,99.53927589465656,22799
"(0.9009534009534008, 1.0)",1,99.5392376539543,22800
"(0.8374727668845315, 1.0)",1,99.53917922947096,22801
"(0.8736897274633123, 1.0)",1,99.53915922374142,22802
"(0.8319340617212959, 1.0)",1,99.53914805018384,22803
"(0.6784722222222224, 1.0)",1,99.5391332864078,22804
"(0.8885714285714285, 1.0)",1,99.53909492415131,22805
"(0.7802197802197803, 1.0)",1,99.53902910104956,22806
"(0.8137566137566138, 1.0)",3,99.53901830147755,22809
"(0.8976982097186702, 1.0)",1,99.53896805098852,22810
"(0.7532376017916352, 1.0)",1,99.53893879820498,22811
"(0.9297812306740878, 1.0)",1,99.5389262523191,22812
"(0.893146638589877, 1.0)",1,99.53891226104732,22813
"(1.0, 1.0)",6,99.53887846570774,22819
"(0.9833229101521784, 1.0)",26,99.53887846570774,22845
"(0.7479743867590829, 1.0)",2,99.53884101710284,22847
"(0.8476190476190477, 1.0)",1,99.53871819237672,22848
"(0.9666562434855118, 1.0)",1,99.5387176019506,22849
"(0.7164894725870335, 1.0)",2,99.53871169480924,22851
"(0.6733821733821733, 1.0)",1,99.53870203870204,22852
"(0.6733821733821733, 1.0)",1,99.53869481918262,22853
"(0.8997493734335841, 1.0)",1,99.5386919910996,22854
"(0.8976982097186702, 1.0)",1,99.53865802012648,22855
"(0.8222222222222222, 1.0)",1,99.53864899898277,22856
"(0.7979797979797979, 1.0)",1,99.53864794013158,22857
"(0.844988344988345, 1.0)",1,99.53864662505036,22858
"(0.9295946890286512, 1.0)",1,99.53861741929198,22859
"(0.8420013166556946, 1.0)",1,99.53859389532728,22860
"(0.7090909090909091, 1.0)",2,99.5385879252887,22862
"(0.8222222222222222, 1.0)",1,99.53858630315626,22863
"(0.7183489076634237, 1.0)",1,99.53858387401588,22864
"(0.859499940327008, 1.0)",2,99.53857616883134,22866
"(0.8222222222222222, 1.0)",1,99.53842948522023,22867
"(0.8432903075760217, 1.0)",1,99.53836881718294,22868
"(0.901575014782562, 1.0)",1,99.53834597685815,22869
"(0.6907243513029603, 1.0)",1,99.5383278024494,22870
"(0.8796475392220073, 1.0)",1,99.5382882646901,22871
"(0.7802197802197803, 1.0)",1,99.53820393968758,22872
"(0.8420013166556946, 1.0)",1,99.53820086755168,22873
"(0.8222222222222222, 1.0)",1,99.53817563662624,22874
"(0.8633762288330498, 1.0)",1,99.53814998833082,22875
"(0.6784722222222224, 1.0)",1,99.53803705059347,22876
"(0.7802197802197803, 1.0)",2,99.53796494676996,22878
"(0.8053381731676306, 1.0)",1,99.5379487927901,22879
"(0.861111111111111, 1.0)",1,99.53794513277272,22880
"(0.8976982097186702, 1.0)",1,99.53793248250206,22881
"(0.808446455505279, 1.0)",1,99.53791815489215,22882
"(0.8222222222222222, 1.0)",1,99.5378907183329,22883
"(0.7183489076634237, 1.0)",2,99.53788757963764,22885
"(0.6779618620193896, 1.0)",1,99.53788023328278,22886
"(0.8635976129582268, 1.0)",1,99.53783193861632,22887
"(0.861111111111111, 1.0)",1,99.53780284043442,22888
"(0.7511111111111111, 1.0)",1,99.53777777777778,22889
"(0.8222222222222222, 1.0)",1,99.537766507728,22890
"(0.746304385688563, 1.0)",1,99.53775953139632,22891
"(0.6760835913312693, 1.0)",1,99.53771589117804,22892
"(0.9326599326599326, 1.0)",1,99.53769991718958,22893
"(0.7069597069597069, 1.0)",1,99.53764753764752,22894
"(0.8165520116739629, 1.0)",1,99.53760873273067,22895
"(0.8222222222222222, 1.0)",1,99.53759769034868,22896
"(0.9497171590194848, 1.0)",1,99.53758066847568,22897
"(0.8040695048423352, 1.0)",1,99.53756047287064,22898
"(0.9665831244778612, 1.0)",1,99.5375244417304,22899
"(0.859499940327008, 1.0)",1,99.53751668922364,22900
"(0.8222222222222222, 1.0)",1,99.53749317529804,22901
"(0.8832603710652491, 1.0)",2,99.53746835479268,22903
"(0.9303715638302106, 1.0)",1,99.53745770751831,22904
"(0.9295946890286512, 1.0)",1,99.53740746237474,22905
"(0.9166145507608924, 1.0)",1,99.53740565896618,22906
"(0.9299507899507898, 1.0)",2,99.53731825477996,22908
"(0.799275702501509, 1.0)",1,99.53726334838387,22909
"(0.8468951683237397, 1.0)",1,99.53718887646365,22910
"(0.9326599326599326, 1.0)",1,99.53718495415848,22911
"(0.8222222222222222, 1.0)",1,99.5371835828832,22912
"(0.7183489076634237, 1.0)",1,99.53711433767324,22913
"(0.9161952650324744, 1.0)",1,99.53704906906428,22914
"(0.7416325017951034, 1.0)",1,99.53702892123243,22915
"(0.8312205288949474, 1.0)",1,99.5370225161584,22916
"(0.8068904981347378, 1.0)",1,99.53701631298456,22917
"(0.8374727668845315, 1.0)",1,99.53700331196002,22918
"(0.930704099821747, 1.0)",2,99.53694961380673,22920
"(0.8165509259259259, 1.0)",1,99.53694049161184,22921
"(0.8420013166556946, 1.0)",1,99.5369374516541,22922
"(0.868077055383557, 1.0)",1,99.53690539250458,22923
"(0.6760835913312693, 1.0)",2,99.53687802406412,22925
"(0.7222222222222221, 1.0)",1,99.53687189053042,22926
"(0.861111111111111, 1.0)",1,99.53684784050635,22927
"(0.9833229101521784, 1.0)",1,99.53684784050635,22928
"(0.8449978636391381, 1.0)",1,99.5368406550758,22929
"(0.7090909090909091, 1.0)",1,99.53678514467988,22930
"(0.861111111111111, 1.0)",1,99.53678514467988,22931
"(0.7198480531813864, 1.0)",1,99.53675559108017,22932
"(0.8796475392220073, 1.0)",1,99.53674546500064,22933
"(0.8296970789758384, 1.0)",1,99.5367178677089,22934
"(0.9497171590194846, 1.0)",1,99.53658507540683,22935
"(0.757745166550198, 1.0)",1,99.53638260476212,22936
"(0.73687720936437, 1.0)",1,99.53637516810048,22937
"(0.8976982097186702, 1.0)",1,99.53624528728398,22938
"(0.6698155645524068, 1.0)",1,99.536244268786,22939
"(0.6698155645524068, 1.0)",1,99.53621075829037,22940
"(0.7183489076634237, 1.0)",1,99.53614165498888,22941
"(0.7183489076634237, 1.0)",1,99.53610960603172,22942
"(0.7511111111111111, 1.0)",2,99.5361018148175,22944
"(0.786508365740383, 1.0)",1,99.53609651134244,22945
"(0.8374727668845315, 1.0)",1,99.53605130656794,22946
"(0.6698155645524068, 1.0)",2,99.5360218826798,22948
"(0.8666666666666667, 1.0)",1,99.53599560497446,22949
"(0.9158007932517735, 1.0)",1,99.53596269990678,22950
"(0.9326599326599326, 1.0)",1,99.53587861100056,22951
"(0.8432903075760217, 1.0)",1,99.53585689360376,22952
"(0.8068904981347378, 1.0)",1,99.5358304987316,22953
"(0.7340930674264007, 1.0)",2,99.5357608609806,22955
"(0.7340930674264006, 1.0)",1,99.5357608609806,22956
"(0.8425483191745751, 1.0)",2,99.53575927729206,22958
"(0.6698155645524068, 1.0)",2,99.53570444199455,22960
"(0.8420013166556946, 1.0)",1,99.53560782676904,22961
"(0.8840048840048841, 1.0)",1,99.53554231871692,22962
"(0.8266173510466989, 1.0)",1,99.53549574531128,22963
"(0.7944219523166891, 1.0)",1,99.53549002901906,22964
"(0.7077308656256025, 1.0)",1,99.53548779704109,22965
"(0.8697983697983697, 1.0)",1,99.53543583254304,22966
"(0.9326599326599326, 1.0)",1,99.53537737788564,22967
"(0.9499687304565352, 1.0)",1,99.53528683641449,22968
"(0.7075023741690408, 1.0)",1,99.5352593055845,22969
"(0.8108747044917257, 1.0)",1,99.53525311282684,22970
"(0.7416325017951034, 1.0)",1,99.53524729981196,22971
"(0.917469251615593, 1.0)",1,99.5352144690829,22972
"(0.9333333333333332, 1.0)",1,99.53514055569065,22973
"(0.6698155645524068, 1.0)",1,99.53513542987228,22974
"(0.6698155645524068, 1.0)",2,99.53512821035288,22976
"(0.8796475392220073, 1.0)",1,99.53509870622644,22977
"(0.9167853751187084, 1.0)",1,99.53508310952952,22978
"(0.8796475392220073, 1.0)",1,99.53506643529133,22979
"(0.7030539311241066, 1.0)",1,99.53501961674831,22980
"(0.8329050741331443, 1.0)",1,99.53500808223032,22981
"(0.8319340617212959, 1.0)",1,99.53498307988296,22982
"(0.8222222222222222, 1.0)",1,99.53496892694828,22983
"(0.9665831244778612, 1.0)",1,99.53491077548654,22984
"(0.9008627640703112, 1.0)",1,99.53489045057316,22985
"(0.9833229101521784, 1.0)",1,99.53486208905102,22986
"(0.7204751921733054, 1.0)",1,99.53480879901518,22987
"(0.8840048840048841, 1.0)",1,99.53456029065786,22988
"(0.917415489944373, 1.0)",1,99.53452309113412,22989
"(1.0, 1.0)",2,99.53451486274967,22991
"(0.9833229101521784, 1.0)",1,99.53451486274967,22992
"(0.7734344933751168, 1.0)",1,99.5345039117616,22993
"(0.776488287126585, 1.0)",1,99.5344724465944,22994
"(0.7735205142749102, 1.0)",1,99.53441959731408,22995
"(0.8420013166556946, 1.0)",5,99.53441513589878,23000
"(0.8653198653198653, 1.0)",1,99.53432406712156,23001
"(0.7880931329207191, 1.0)",1,99.53427600466208,23002
"(0.8312205288949474, 1.0)",1,99.53426404536492,23003
"(0.9009534009534008, 1.0)",1,99.53421661470442,23004
"(0.861111111111111, 1.0)",1,99.53420019300523,23005
"(0.8635976129582268, 1.0)",1,99.53419493607386,23006
"(0.8312205288949474, 1.0)",1,99.53418512485244,23007
"(0.9331662489557224, 1.0)",1,99.53418045923377,23008
"(0.9009534009534008, 1.0)",2,99.53415391887792,23010
"(0.8547756205106323, 1.0)",1,99.5341386016082,23011
"(0.7340930674264007, 1.0)",1,99.5341035645441,23012
"(0.7562136521052955, 1.0)",1,99.53408286056262,23013
"(0.8420013166556946, 1.0)",1,99.53400871868278,23014
"(0.868077055383557, 1.0)",2,99.53393964807542,23016
"(0.7837735276259866, 1.0)",1,99.53393223840894,23017
"(0.9027777777777778, 1.0)",2,99.53391913655386,23019
"(0.8547756205106323, 1.0)",1,99.53387316544436,23020
"(0.8016677935542034, 1.0)",1,99.5338659182901,23021
"(0.9008025849489264, 1.0)",1,99.5338646020931,23022
"(0.8796475392220073, 1.0)",3,99.53385552294944,23025
"(0.8420013166556946, 1.0)",1,99.533783433028,23026
"(0.7713401051412279, 1.0)",1,99.53373134513028,23027
"(0.9497171590194846, 1.0)",1,99.5337147476452,23028
"(0.617513611615245, 1.0)",1,99.53370887664772,23029
"(0.7204751921733054, 1.0)",6,99.53343521836634,23035
"(0.7416325017951034, 1.0)",1,99.53340186745255,23036
"(0.9161952650324744, 1.0)",1,99.53338011270512,23037
"(0.7278086237149632, 1.0)",1,99.53336331849891,23038
"(0.73687720936437, 1.0)",1,99.53336068347244,23039
"(0.799275702501509, 1.0)",1,99.53334309382178,23040
"(0.837707400507675, 1.0)",1,99.53327109607136,23041
"(0.917469251615593, 1.0)",1,99.53326922685072,23042
"(0.9008627640703112, 1.0)",1,99.5332519689952,23043
"(0.7503607503607503, 1.0)",1,99.53324510320658,23044
"(0.7944219523166891, 1.0)",2,99.53319602947332,23046
"(0.8633762288330498, 1.0)",1,99.53319179338546,23047
"(0.7198480531813864, 1.0)",1,99.53313031664447,23048
"(0.9, 1.0)",1,99.53308302024604,23049
"(0.9326599326599326, 1.0)",1,99.53308124269928,23050
"(1.0, 1.0)",1,99.53304148426102,23051
"(0.882673371045464, 1.0)",2,99.5329140247258,23053
"(0.9497171590194848, 1.0)",1,99.53288992918412,23054
"(0.6825396825396824, 1.0)",1,99.53287322433664,23055
"(0.617513611615245, 1.0)",1,99.53285752695916,23056
"(0.8840048840048841, 1.0)",1,99.53278022790218,23057
"(0.8468951683237397, 1.0)",1,99.53270714801194,23058
"(0.9161952650324744, 1.0)",1,99.53268458087994,23059
"(0.8247905643738976, 1.0)",1,99.5326122790103,23060
"(0.808446455505279, 1.0)",1,99.53258760077416,23061
"(0.9326599326599326, 1.0)",1,99.53258411730812,23062
"(0.8420013166556946, 1.0)",1,99.53257549343752,23063
"(0.9331662489557224, 1.0)",1,99.53256859655642,23064
"(0.799275702501509, 1.0)",1,99.53255613623124,23065
"(0.6830409356725146, 1.0)",1,99.53255204359183,23066
"(0.9161952650324744, 1.0)",1,99.5325176532419,23067
"(0.808446455505279, 1.0)",1,99.5324946544893,23068
"(0.6825396825396824, 1.0)",1,99.5324875666339,23069
"(0.812557599070401, 1.0)",1,99.5324808671388,23070
"(0.8796475392220073, 1.0)",1,99.53243925497458,23071
"(0.9665831244778612, 1.0)",2,99.53241373786496,23073
"(0.8319340617212959, 1.0)",2,99.53235273003916,23075
"(0.8651903651903651, 1.0)",1,99.53232350178844,23076
"(0.7155555555555556, 1.0)",1,99.53230662647864,23077
"(0.7880931329207191, 1.0)",1,99.53229696879146,23078
"(0.94993894993895, 1.0)",1,99.5322713355358,23079
"(0.6825396825396824, 1.0)",2,99.5322577864298,23081
"(0.7687400318979267, 1.0)",1,99.53224975098256,23082
"(0.8247905643738976, 1.0)",1,99.53222710329214,23083
"(0.799275702501509, 1.0)",1,99.53221232799268,23084
"(0.6825396825396824, 1.0)",1,99.53219509060332,23085
"(0.7164894725870335, 1.0)",1,99.53218907089531,23086
"(0.9161952650324744, 1.0)",1,99.53218219698309,23087
"(0.9161952650324744, 1.0)",1,99.53217581906624,23088
"(0.7503607503607503, 1.0)",1,99.53217216007914,23089
"(0.9161952650324744, 1.0)",1,99.53216153651417,23090
"(0.6825396825396824, 1.0)",1,99.53213160664576,23091
"(0.7155555555555556, 1.0)",4,99.53212841359183,23095
"(0.7155555555555556, 1.0)",2,99.53211799041068,23097
"(1.0, 1.0)",1,99.53209629717972,23098
"(0.7979797979797979, 1.0)",2,99.5320728654062,23100
"(0.8814814814814814, 1.0)",1,99.5320543594482,23101
"(0.9497171590194848, 1.0)",1,99.53204443579568,23102
"(0.9833229101521784, 1.0)",1,99.53190647669854,23103
"(0.9326599326599326, 1.0)",1,99.53181416596053,23104
"(0.799275702501509, 1.0)",1,99.5317876160147,23105
"(0.7164894725870335, 1.0)",2,99.53165899141509,23107
"(0.7574146783449108, 1.0)",1,99.53161820579771,23108
"(0.7802197802197803, 1.0)",1,99.53160473279348,23109
"(0.933249791144528, 1.0)",1,99.53158927301006,23110
"(0.9326599326599326, 1.0)",1,99.53156259452344,23111
"(0.9833229101521784, 1.0)",1,99.5315610143729,23112
"(0.7574146783449108, 1.0)",1,99.5315195318904,23113
"(0.9326599326599326, 1.0)",1,99.53146789307976,23114
"(0.9153439153439156, 1.0)",1,99.53143636660968,23115
"(0.6825396825396824, 1.0)",1,99.53140516978772,23116
"(0.8467532467532467, 1.0)",1,99.53139504836906,23117
"(0.7155555555555556, 1.0)",1,99.53135285291836,23118
"(0.9297812306740878, 1.0)",1,99.53134996088356,23119
"(0.9045740456093042, 1.0)",1,99.5313297336015,23120
"(0.8222222222222222, 1.0)",1,99.53131313131314,23121
"(0.7090909090909091, 1.0)",2,99.53131313131314,23123
"(1.0, 1.0)",4,99.53131313131313,23127
"(0.808446455505279, 1.0)",1,99.53129524414354,23128
"(0.8316498316498316, 1.0)",1,99.53126930074332,23129
"(0.8294970161977834, 1.0)",2,99.53119335627667,23131
"(0.8137566137566138, 1.0)",1,99.5311725913352,23132
"(0.7503607503607503, 1.0)",1,99.53115606492824,23133
"(0.8468951683237397, 1.0)",1,99.53115282221748,23134
"(0.9833229101521784, 1.0)",1,99.53111254266582,23135
"(0.9720813204508856, 1.0)",1,99.5309783067543,23136
"(0.7675138481590094, 1.0)",2,99.53092544899984,23138
"(0.9665831244778612, 1.0)",1,99.53076924058504,23139
"(0.8976982097186702, 1.0)",1,99.5307395372401,23140
"(0.8811945374355704, 1.0)",1,99.53068207299052,23141
"(0.9833229101521784, 1.0)",3,99.53066828508376,23144
"(1.0, 1.0)",2,99.53066828508376,23146
"(0.861111111111111, 1.0)",1,99.53065656114435,23147
"(0.8468951683237397, 1.0)",1,99.53064331291912,23148
"(0.8468951683237397, 1.0)",1,99.53063437876384,23149
"(0.8814814814814814, 1.0)",1,99.53060428849903,23150
"(0.7503607503607503, 1.0)",1,99.53058053058052,23151
"(0.9, 1.0)",1,99.53055129302103,23152
"(0.8813080639167598, 1.0)",1,99.53051230794858,23153
"(0.614498219149382, 1.0)",1,99.5304810619615,23154
"(0.7030539311241066, 1.0)",1,99.53045567726616,23155
"(0.9331094582012576, 1.0)",2,99.53042461392462,23157
"(0.6544644252235129, 1.0)",1,99.53041941835689,23158
"(0.9326599326599326, 1.0)",1,99.53039164610352,23159
"(0.9, 1.0)",1,99.53036241741049,23160
"(0.9153439153439156, 1.0)",2,99.53031523699045,23162
"(0.8101143854687974, 1.0)",1,99.5302983633606,23163
"(0.8703703703703703, 1.0)",1,99.53023768981215,23164
"(0.8976982097186702, 1.0)",1,99.5301913714801,23165
"(1.0, 1.0)",1,99.53017527480164,23166
"(0.8653198653198653, 1.0)",2,99.53013610266498,23168
"(0.9666562434855118, 1.0)",1,99.53011825247248,23169
"(0.8467532467532467, 1.0)",1,99.53008416354672,23170
"(0.7802197802197803, 1.0)",2,99.5300214262987,23172
"(0.8976982097186702, 1.0)",7,99.52995505127784,23179
"(1.0, 1.0)",1,99.52993611922896,23180
"(0.8374727668845315, 1.0)",2,99.52988658612762,23182
"(0.8651903651903651, 1.0)",1,99.52981931363578,23183
"(0.7802197802197803, 1.0)",1,99.52981264919649,23184
"(0.861111111111111, 1.0)",1,99.5297837592446,23185
"(0.8137865219658889, 1.0)",1,99.52973481942894,23186
"(0.7416325017951034, 1.0)",2,99.52972563471582,23188
"(0.7075023741690408, 1.0)",1,99.52972459639126,23189
"(0.9666562434855118, 1.0)",1,99.52969391404343,23190
"(0.7656073923822403, 1.0)",1,99.52963810001236,23191
"(0.6815232656375146, 1.0)",1,99.52962944401028,23192
"(0.8222222222222222, 1.0)",1,99.5296266928597,23193
"(0.9583930063253372, 1.0)",1,99.5296247560028,23194
"(0.8137865219658889, 1.0)",1,99.52958143403808,23195
"(0.9153439153439156, 1.0)",1,99.5295217812682,23196
"(0.8976982097186702, 1.0)",1,99.52948948686374,23197
"(0.8840455840455841, 1.0)",1,99.52946595200127,23198
"(0.8796475392220073, 1.0)",1,99.52946047054972,23199
"(0.6831352928913905, 1.0)",1,99.52942865241776,23200
"(0.8832603710652491, 1.0)",1,99.52941581080664,23201
"(0.8796475392220073, 1.0)",1,99.52940764931589,23202
"(0.861111111111111, 1.0)",2,99.52940387860735,23204
"(0.868077055383557, 1.0)",1,99.52931795547418,23205
"(0.861111111111111, 1.0)",1,99.5292544690446,23206
"(0.6544644252235129, 1.0)",1,99.52923475754145,23207
"(0.8796475392220073, 1.0)",1,99.52919871547408,23208
"(0.9165164082221422, 1.0)",1,99.5291951435365,23209
"(0.8796475392220073, 1.0)",1,99.52917786911178,23210
"(0.8432903075760217, 1.0)",1,99.52913121794158,23211
"(0.8796475392220073, 1.0)",1,99.5291143851542,23212
"(0.916104916104916, 1.0)",1,99.52908876729664,23213
"(0.9009534009534008, 1.0)",1,99.5290284775012,23214
"(0.8796475392220073, 1.0)",1,99.5289270858058,23215
"(0.8796475392220073, 1.0)",1,99.5289270858058,23216
"(0.8796475392220073, 1.0)",1,99.52892629767472,23217
"(0.8329156223893065, 1.0)",1,99.52891222087617,23218
"(0.9009534009534008, 1.0)",1,99.52882043590112,23219
"(0.9497171590194848, 1.0)",1,99.5288055753172,23220
"(0.8796475392220073, 1.0)",1,99.52879964619422,23221
"(0.7532376017916352, 1.0)",1,99.52878723075489,23222
"(0.8848000715856217, 1.0)",1,99.52875819204957,23223
"(0.9326599326599326, 1.0)",6,99.52873691847712,23229
"(0.8633762288330498, 1.0)",1,99.52868309268506,23230
"(0.916104916104916, 1.0)",1,99.52868279164366,23231
"(0.8677838677838676, 1.0)",1,99.52861137191496,23232
"(0.8976982097186702, 1.0)",1,99.52856756890094,23233
"(0.7295469912102772, 1.0)",1,99.5284994844339,23234
"(0.9008025849489264, 1.0)",1,99.5284744851497,23235
"(0.9497171590194846, 1.0)",2,99.52847173777404,23237
"(0.8294970161977834, 1.0)",1,99.52845045429204,23238
"(0.9506533178503804, 1.0)",1,99.52841255028812,23239
"(0.9442283950617284, 1.0)",1,99.52836260677743,23240
"(0.738145558145558, 1.0)",1,99.52821654542986,23241
"(0.7164894725870335, 1.0)",1,99.52814226541692,23242
"(0.930124456440246, 1.0)",1,99.52803914212716,23243
"(0.9326599326599326, 1.0)",1,99.527997995403,23244
"(0.8796475392220073, 1.0)",1,99.52796898465066,23245
"(0.8068904981347378, 1.0)",1,99.52794721919146,23246
"(0.9303715638302106, 1.0)",1,99.52789448767888,23247
"(0.930124456440246, 1.0)",1,99.52788586820904,23248
"(0.7340930674264007, 1.0)",1,99.52786411119745,23249
"(0.8976982097186702, 1.0)",1,99.52783353823654,23250
"(0.8635976129582268, 1.0)",1,99.52782115183616,23251
"(0.8040695048423352, 1.0)",1,99.52779717206894,23252
"(0.8222222222222222, 1.0)",1,99.52776735459662,23253
"(0.6804620726495727, 1.0)",1,99.52771318742413,23254
"(0.6521663785997688, 1.0)",1,99.52768447350644,23255
"(0.8651903651903651, 1.0)",1,99.52763553874846,23256
"(0.9027777777777778, 1.0)",1,99.52762539645504,23257
"(0.6804620726495727, 1.0)",1,99.52762419149398,23258
"(0.7421018697614443, 1.0)",1,99.52760713999072,23259
"(0.9331662489557224, 1.0)",1,99.52757942385672,23260
"(0.7164894725870335, 1.0)",1,99.52756931415468,23261
"(0.8651903651903651, 1.0)",1,99.5275497472824,23262
"(0.917849761232425, 1.0)",1,99.5275462541257,23263
"(0.844988344988345, 1.0)",1,99.52752802752804,23264
"(0.8811945374355704, 1.0)",1,99.52744620423732,23265
"(0.9303715638302106, 1.0)",1,99.5274337490105,23266
"(0.9666562434855118, 1.0)",1,99.52742225382144,23267
"(0.7372334455667788, 1.0)",1,99.52731708469916,23268
"(0.8796475392220073, 1.0)",1,99.52731449246856,23269
"(0.8880748880748881, 1.0)",1,99.5272222294794,23270
"(0.9665831244778612, 1.0)",1,99.52710661183062,23271
"(0.868077055383557, 1.0)",1,99.5270739991045,23272
"(0.9583930063253372, 1.0)",1,99.5270728840466,23273
"(1.0, 1.0)",1,99.52702268491744,23274
"(0.8222222222222222, 1.0)",1,99.52701234179142,23275
"(0.882673371045464, 1.0)",1,99.5269840169612,23276
"(0.861111111111111, 1.0)",1,99.52697370380298,23277
"(0.8796475392220073, 1.0)",1,99.5269378297863,23278
"(0.8997493734335841, 1.0)",1,99.52686003141268,23279
"(0.8736897274633123, 1.0)",1,99.52685196937112,23280
"(0.8307349903094585, 1.0)",1,99.52684135308247,23281
"(0.8312205288949474, 1.0)",1,99.52669150238292,23282
"(0.8845578466141503, 1.0)",1,99.52668867573684,23283
"(1.0, 1.0)",2,99.52668846991118,23285
"(0.9833229101521784, 1.0)",2,99.52668846991118,23287
"(0.9161952650324744, 1.0)",1,99.52666028851164,23288
"(0.9297812306740878, 1.0)",2,99.52661833192296,23290
"(0.9833229101521784, 1.0)",1,99.52661618956014,23291
"(0.9442283950617284, 1.0)",1,99.5266116762923,23292
"(0.8814814814814814, 1.0)",2,99.526554829338,23294
"(0.8976982097186702, 1.0)",1,99.5264908500646,23295
"(0.8796475392220073, 1.0)",3,99.5264886208457,23298
"(0.8635976129582268, 1.0)",1,99.52648323356394,23299
"(0.8300265307680562, 1.0)",1,99.52648128082711,23300
"(0.8885714285714285, 1.0)",1,99.5264468107764,23301
"(0.9165164082221422, 1.0)",2,99.5263315526122,23303
"(0.8177442148030384, 1.0)",1,99.52620342102315,23304
"(0.8312205288949474, 1.0)",1,99.5261866771866,23305
"(0.7435897435897435, 1.0)",1,99.52615586761928,23306
"(0.7183489076634237, 1.0)",1,99.52611436238932,23307
"(0.8476190476190477, 1.0)",1,99.52609031249403,23308
"(0.7183489076634237, 1.0)",1,99.52608773482012,23309
"(0.9299160159815896, 1.0)",1,99.5260731581757,23310
"(0.7435897435897435, 1.0)",1,99.52605402257608,23311
"(0.9499358151476252, 1.0)",1,99.52603842639834,23312
"(0.9003556829643787, 1.0)",1,99.526019293352,23313
"(0.9045740456093042, 1.0)",1,99.52601710290888,23314
"(0.826388888888889, 1.0)",2,99.52595048832212,23316
"(0.7479743867590829, 1.0)",1,99.52592804523582,23317
"(0.934122934122934, 1.0)",1,99.52592052822148,23318
"(0.7030539311241066, 1.0)",1,99.52591701087152,23319
"(0.9584987529902784, 1.0)",1,99.52591067593352,23320
"(0.8420013166556946, 1.0)",1,99.52581154310158,23321
"(0.7802197802197803, 1.0)",2,99.52577974349374,23323
"(0.9665831244778612, 1.0)",1,99.52574120355064,23324
"(0.826388888888889, 1.0)",2,99.52569891688506,23326
"(0.81893131227901, 1.0)",1,99.5256781129252,23327
"(0.8420013166556947, 1.0)",1,99.52562942711307,23328
"(0.8476190476190477, 1.0)",1,99.52562535353232,23329
"(0.9665831244778612, 1.0)",1,99.52560107130068,23330
"(0.8579868984630887, 1.0)",1,99.52553205357876,23331
"(0.6521663785997688, 1.0)",1,99.52548343172224,23332
"(0.9833229101521784, 1.0)",1,99.52544553329034,23333
"(1.0, 1.0)",1,99.52540763701953,23334
"(0.7090909090909091, 1.0)",2,99.5253921374589,23336
"(1.0, 1.0)",1,99.52535468538191,23337
"(0.8976982097186702, 1.0)",1,99.52535029619428,23338
"(0.8222222222222222, 1.0)",1,99.52533464998902,23339
"(0.9161952650324744, 1.0)",1,99.52533113951986,23340
"(0.7090909090909091, 1.0)",1,99.5253294416324,23341
"(0.8976982097186702, 1.0)",1,99.52532730726296,23342
"(0.9581458989353726, 1.0)",1,99.52531990901193,23343
"(0.9442283950617284, 1.0)",1,99.5252389724391,23344
"(0.8068904981347378, 1.0)",1,99.52517284244983,23345
"(0.6831352928913905, 1.0)",1,99.52513660954708,23346
"(0.9008025849489264, 1.0)",1,99.52513103271656,23347
"(0.9009534009534008, 1.0)",1,99.52512663037358,23348
"(0.8420013166556946, 1.0)",1,99.52505291061873,23349
"(0.5910680656443368, 1.0)",1,99.5250442936469,23350
"(0.7090909090909091, 1.0)",1,99.52500499073028,23351
"(0.8796475392220073, 1.0)",1,99.52499493282724,23352
"(0.9720813204508856, 1.0)",1,99.52495437834848,23353
"(0.6733821733821733, 1.0)",1,99.52494049862472,23354
"(0.8547756205106323, 1.0)",2,99.52484286606906,23356
"(0.8222222222222222, 1.0)",1,99.5248152535133,23357
"(0.8579868984630887, 1.0)",1,99.52475135532644,23358
"(0.5910680656443368, 1.0)",1,99.52474685298166,23359
"(0.8329050741331443, 1.0)",1,99.52468543004842,23360
"(0.8420013166556946, 1.0)",1,99.52467594752866,23361
"(0.7183489076634237, 1.0)",1,99.52466740859552,23362
"(0.7183489076634237, 1.0)",1,99.5246512853658,23363
"(0.6804620726495727, 1.0)",1,99.52465121749604,23364
"(0.8420013166556947, 1.0)",1,99.52463425480406,23365
"(0.8615866942983156, 1.0)",1,99.52461832161389,23366
"(0.8796475392220073, 1.0)",1,99.52461198946054,23367
"(0.8222222222222222, 1.0)",1,99.5245882000599,23368
"(0.8222222222222222, 1.0)",1,99.5245754769241,23369
"(0.901575014782562, 1.0)",2,99.52454486159267,23371
"(0.8420013166556946, 1.0)",1,99.52454099919538,23372
"(0.6825396825396824, 1.0)",5,99.52454099919538,23377
"(0.7183489076634237, 1.0)",1,99.52453666751576,23378
"(0.8420013166556946, 1.0)",1,99.52450886315106,23379
"(0.8420013166556946, 1.0)",1,99.52450807502,23380
"(0.8468089381754635, 1.0)",1,99.5244712379474,23381
"(0.9169719169719168, 1.0)",1,99.52443518741224,23382
"(0.8703703703703703, 1.0)",1,99.52435799644036,23383
"(0.80285509389987, 1.0)",1,99.52433524940692,23384
"(0.8329050741331443, 1.0)",1,99.52433172675718,23385
"(0.9833229101521784, 1.0)",1,99.52432992573546,23386
"(0.5910680656443368, 1.0)",1,99.52431785678888,23387
"(0.746304385688563, 1.0)",1,99.52430906950586,23388
"(0.7479743867590829, 1.0)",1,99.52430466274885,23389
"(0.8732774170274171, 1.0)",1,99.52430075958604,23390
"(0.9665831244778612, 1.0)",1,99.52429701042657,23391
"(1.0, 1.0)",1,99.52429701042657,23392
"(0.859499940327008, 1.0)",1,99.52428111254444,23393
"(0.8976982097186702, 1.0)",1,99.5242610813856,23394
"(0.808446455505279, 1.0)",1,99.52417882849056,23395
"(0.7979797979797979, 1.0)",1,99.52410840453848,23396
"(0.9497171590194848, 1.0)",1,99.524108134816,23397
"(0.5910680656443368, 1.0)",2,99.524108134816,23399
"(0.8432903075760217, 1.0)",2,99.52405942208593,23401
"(0.8222222222222222, 1.0)",1,99.5240390191298,23402
"(0.9326599326599326, 1.0)",1,99.52390461906458,23403
"(0.757745166550198, 1.0)",2,99.5238883156769,23405
"(0.916104916104916, 1.0)",1,99.52387142110966,23406
"(0.8420013166556946, 1.0)",1,99.52382427575722,23407
"(0.9333333333333332, 1.0)",1,99.52380360504836,23408
"(0.9303715638302106, 1.0)",1,99.52378550843017,23409
"(0.9165164082221422, 1.0)",1,99.52374200725194,23410
"(0.6760835913312693, 1.0)",1,99.52373038057814,23411
"(0.6733821733821733, 1.0)",1,99.52370658680309,23412
"(0.9497171590194846, 1.0)",1,99.52360360694684,23413
"(0.8420013166556946, 1.0)",1,99.52356209980766,23414
"(0.8633762288330498, 1.0)",1,99.5235386737195,23415
"(0.8796475392220073, 1.0)",2,99.5235138735536,23417
"(0.933096859926128, 1.0)",3,99.52350443581464,23420
"(0.6760835913312693, 1.0)",1,99.52350337810196,23421
"(0.9326599326599326, 1.0)",1,99.52342606940428,23422
"(0.861111111111111, 1.0)",1,99.52339312886224,23423
"(0.6638632083547339, 1.0)",1,99.5233817467796,23424
"(0.7042648709315374, 1.0)",1,99.52336198369406,23425
"(0.7656073923822403, 1.0)",1,99.52335255893244,23426
"(0.9166145507608924, 1.0)",1,99.52332499794306,23427
"(0.7802197802197803, 1.0)",2,99.52332062697916,23429
"(0.7183489076634237, 1.0)",1,99.52330979693936,23430
"(0.6760835913312693, 1.0)",1,99.52324527978988,23431
"(0.9303715638302106, 1.0)",1,99.52321063629913,23432
"(0.7121693121693121, 1.0)",2,99.52318645791048,23434
"(0.6760835913312693, 1.0)",1,99.5231750157205,23435
"(0.8547756205106323, 1.0)",1,99.5231040107727,23436
"(0.8976982097186702, 1.0)",1,99.52308940230692,23437
"(0.8222222222222222, 1.0)",1,99.52296110995296,23438
"(0.7340930674264007, 1.0)",1,99.52296110995296,23439
"(0.9158007932517735, 1.0)",1,99.5228408875126,23440
"(0.757745166550198, 1.0)",1,99.52280718578425,23441
"(0.8016677935542034, 1.0)",1,99.52280099564658,23442
"(0.8976982097186702, 1.0)",1,99.52277196162169,23443
"(0.9584987529902784, 1.0)",1,99.52269225429433,23444
"(0.5910680656443368, 1.0)",2,99.522645133353,23446
"(0.806589620543109, 1.0)",1,99.52261237039588,23447
"(0.7075023741690408, 1.0)",1,99.52260997188532,23448
"(0.7090909090909091, 1.0)",1,99.52259455667917,23449
"(0.7030539311241066, 1.0)",2,99.52258824891626,23451
"(0.8329156223893065, 1.0)",1,99.5225838792202,23452
"(0.9166145507608924, 1.0)",1,99.52256356628438,23453
"(0.6747507742934573, 1.0)",1,99.5225546097835,23454
"(0.7077308656256025, 1.0)",1,99.52254568044042,23455
"(0.808446455505279, 1.0)",1,99.522520958478,23456
"(0.7083333333333334, 1.0)",1,99.52247357430284,23457
"(0.8374727668845315, 1.0)",1,99.52243944379664,23458
"(0.6760835913312693, 1.0)",1,99.52241356363396,23459
"(0.9436368312757202, 1.0)",2,99.52240243535184,23461
"(0.9326599326599326, 1.0)",1,99.52239830907314,23462
"(0.8310777799491891, 1.0)",1,99.5223913646536,23463
"(0.6760835913312693, 1.0)",1,99.5223680554752,23464
"(0.7944219523166891, 1.0)",1,99.52234047849304,23465
"(0.8633762288330498, 1.0)",1,99.5222945009266,23466
"(1.0, 1.0)",3,99.52220137585992,23469
"(0.9833229101521784, 1.0)",12,99.52220137585992,23481
"(0.8165509259259259, 1.0)",1,99.52218149518453,23482
"(0.8053381731676306, 1.0)",1,99.52214640163318,23483
"(1.0, 1.0)",4,99.5221386800334,23487
"(0.9665831244778612, 1.0)",9,99.5221386800334,23496
"(0.9299507899507898, 1.0)",1,99.5221226119026,23497
"(0.8884778134778135, 1.0)",1,99.52210425988947,23498
"(0.8294970161977834, 1.0)",1,99.5220995999635,23499
"(0.7222222222222221, 1.0)",1,99.52209714404836,23500
"(0.917469251615593, 1.0)",1,99.5220632017391,23501
"(0.9833229101521784, 1.0)",1,99.52204344887272,23502
"(0.8476190476190477, 1.0)",1,99.5220411025289,23503
"(0.8420013166556946, 1.0)",2,99.52198730654126,23505
"(0.572027972027972, 1.0)",1,99.521934006658,23506
"(0.8811945374355704, 1.0)",1,99.52193089808712,23507
"(0.8222222222222222, 1.0)",1,99.5219299029312,23508
"(0.8579868984630887, 1.0)",1,99.52192395472392,23509
"(0.9442283950617284, 1.0)",1,99.52185206919478,23510
"(0.9018806250259218, 1.0)",1,99.521812706833,23511
"(0.8887202421952387, 1.0)",1,99.52180937957992,23512
"(0.7940388012109323, 1.0)",1,99.52179945423217,23513
"(0.8796475392220073, 1.0)",1,99.52179767979636,23514
"(0.8229870141950848, 1.0)",1,99.52179623931028,23515
"(0.7673678366541239, 1.0)",1,99.5217950869812,23516
"(0.7222222222222221, 1.0)",1,99.52178366491589,23517
"(0.6784722222222224, 1.0)",2,99.52177431809936,23519
"(0.8579868984630887, 1.0)",1,99.52172088047246,23520
"(0.9497171590194848, 1.0)",1,99.52172033769789,23521
"(0.7416325017951034, 1.0)",1,99.52170759389064,23522
"(0.8222222222222222, 1.0)",1,99.52163663876952,23523
"(0.8053381731676306, 1.0)",1,99.5215484928686,23524
"(0.8374727668845315, 1.0)",1,99.52153456476746,23525
"(0.9506533178503804, 1.0)",1,99.5215070311286,23526
"(0.9169719169719168, 1.0)",1,99.5214990110092,23527
"(0.861111111111111, 1.0)",1,99.52148777148776,23528
"(0.808446455505279, 1.0)",1,99.52147139919884,23529
"(0.8471527473990528, 1.0)",1,99.5214649934728,23530
"(0.799275702501509, 1.0)",1,99.52145623199912,23531
"(0.9665831244778612, 1.0)",1,99.52143863545622,23532
"(0.7880931329207191, 1.0)",1,99.52139355094512,23533
"(0.9833229101521784, 1.0)",1,99.52128785692216,23534
"(0.8615866942983156, 1.0)",1,99.5212743053766,23535
"(0.8796475392220073, 1.0)",1,99.52121029857136,23536
"(0.9003556829643787, 1.0)",1,99.52114679116968,23537
"(0.9326599326599326, 1.0)",1,99.52108892797328,23538
"(1.0, 1.0)",1,99.52107129888876,23539
"(0.806589620543109, 1.0)",1,99.52098673137908,23540
"(0.812557599070401, 1.0)",1,99.52098156409048,23541
"(1.0, 1.0)",1,99.52094969094502,23542
"(0.8471527473990528, 1.0)",1,99.52093661274496,23543
"(0.7090909090909091, 1.0)",2,99.52093515542563,23545
"(0.8635976129582268, 1.0)",1,99.52088752539032,23546
"(0.6179693015417549, 1.0)",1,99.5208793571962,23547
"(0.757745166550198, 1.0)",1,99.52087373635646,23548
"(0.9165164082221422, 1.0)",1,99.52086693829256,23549
"(0.8312205288949474, 1.0)",1,99.52067162120612,23550
"(0.7198480531813864, 1.0)",2,99.5206631536024,23552
"(0.8222222222222222, 1.0)",1,99.52057588206496,23553
"(0.916104916104916, 1.0)",2,99.52051629926665,23555
"(0.7030539311241066, 1.0)",2,99.52051424858442,23557
"(0.6698155645524068, 1.0)",1,99.5203353085208,23558
"(0.8222222222222222, 1.0)",1,99.52033153014732,23559
"(0.983545503234046, 0.9958292603453894)",1,99.52031293154003,23560
"(0.837707400507675, 1.0)",1,99.52024708304737,23561
"(0.9158007932517735, 1.0)",1,99.52022124484115,23562
"(0.8796475392220073, 1.0)",1,99.52019929864412,23563
"(0.8222222222222222, 1.0)",1,99.52013032372469,23564
"(0.861111111111111, 1.0)",1,99.52010805483206,23565
"(0.6703030303030302, 1.0)",1,99.52008383001964,23566
"(0.8222222222222222, 1.0)",1,99.5200296402434,23567
"(0.8040695048423352, 1.0)",1,99.52001910335946,23568
"(0.9499687304565352, 1.0)",1,99.5199709842316,23569
"(0.9499687304565352, 1.0)",1,99.51996702804236,23570
"(0.8108747044917257, 1.0)",1,99.51996561358264,23571
"(0.840915911819273, 1.0)",1,99.51996452011647,23572
"(0.73687720936437, 1.0)",1,99.5199517339023,23573
"(0.7802197802197803, 1.0)",1,99.51991930659416,23574
"(0.7090909090909091, 1.0)",1,99.5199191792215,23575
"(0.8016677935542034, 1.0)",1,99.5198874420428,23576
"(0.8887202421952387, 1.0)",1,99.51984260657352,23577
"(0.6886904761904762, 1.0)",1,99.51981965693447,23578
"(0.944563492063492, 1.0)",1,99.51981600642247,23579
"(0.6698155645524068, 1.0)",1,99.519721755922,23580
"(0.6698155645524068, 1.0)",2,99.51966948327669,23582
"(0.8165520116739629, 1.0)",1,99.51966443944076,23583
"(0.6698155645524068, 1.0)",1,99.51965906009552,23584
"(0.8374727668845315, 1.0)",1,99.51957105622526,23585
"(0.6698155645524068, 1.0)",1,99.51953366844252,23586
"(0.8068904981347378, 1.0)",1,99.5195151877723,23587
"(0.882673371045464, 1.0)",1,99.51948921208334,23588
"(0.8633762288330498, 1.0)",1,99.5194600965202,23589
"(0.808446455505279, 1.0)",1,99.51944575122856,23590
"(0.8247905643738976, 1.0)",1,99.51941329904358,23591
"(0.6698155645524068, 1.0)",1,99.51940748865846,23592
"(0.8222222222222222, 1.0)",1,99.51936984800972,23593
"(0.8016677935542034, 1.0)",1,99.51931842992052,23594
"(0.8374727668845315, 1.0)",1,99.51931152089362,23595
"(0.6636745887678723, 1.0)",1,99.51928352234886,23596
"(0.6698155645524068, 1.0)",1,99.51928241401926,23597
"(0.73687720936437, 1.0)",1,99.51925524591442,23598
"(0.8552744708994707, 1.0)",1,99.5192011792886,23599
"(0.8016677935542034, 1.0)",1,99.51908377113278,23600
"(0.6886904761904762, 1.0)",1,99.5190475316515,23601
"(0.7612958226768967, 1.0)",2,99.5190409892271,23603
"(0.7498436522826767, 1.0)",1,99.51903065802884,23604
"(0.7802197802197803, 1.0)",1,99.5189311615499,23605
"(0.7944219523166891, 1.0)",1,99.51875024334475,23606
"(0.8653198653198653, 1.0)",1,99.51872133443618,23607
"(0.617513611615245, 1.0)",1,99.51870598649182,23608
"(0.8635976129582268, 1.0)",1,99.51861958679449,23609
"(0.7687400318979267, 1.0)",3,99.5185836841806,23612
"(0.816195709052852, 1.0)",1,99.51856168689054,23613
"(0.7204751921733054, 1.0)",1,99.51849800953366,23614
"(0.9720813204508856, 1.0)",1,99.5184749790978,23615
"(0.6698155645524068, 1.0)",1,99.51845112050503,23616
"(0.9326599326599326, 1.0)",1,99.51835714073135,23617
"(0.7545469576719577, 1.0)",1,99.51833718617084,23618
"(1.0, 1.0)",1,99.51830911477448,23619
"(0.8633762288330498, 1.0)",1,99.51827487585528,23620
"(0.917415489944373, 1.0)",1,99.51820110572294,23621
"(0.7164894725870335, 1.0)",1,99.51815726614124,23622
"(0.8848000715856217, 1.0)",1,99.51814535248138,23623
"(0.7060994560994561, 1.0)",1,99.51814514282556,23624
"(0.8040695048423352, 1.0)",1,99.51806410000292,23625
"(0.7083333333333334, 1.0)",1,99.5180451323744,23626
"(0.8880984643179766, 1.0)",1,99.51789183222726,23627
"(0.9161952650324744, 1.0)",1,99.51787709573678,23628
"(0.9833229101521784, 1.0)",1,99.51783777290186,23629
"(0.73687720936437, 1.0)",2,99.5178357901483,23631
"(1.0, 1.0)",2,99.51777507707536,23633
"(0.9665831244778612, 1.0)",7,99.51777507707536,23640
"(0.7090909090909091, 1.0)",1,99.51773804605097,23641
"(0.8420013166556946, 1.0)",1,99.51773804605097,23642
"(0.8329156223893065, 1.0)",1,99.51771839535576,23643
"(0.7121693121693121, 1.0)",1,99.51771444454371,23644
"(0.9003556829643787, 1.0)",1,99.51764642562954,23645
"(0.8533622685185187, 1.0)",1,99.51758166611444,23646
"(0.808446455505279, 1.0)",1,99.5175373645962,23647
"(0.930704099821747, 1.0)",1,99.51747902080736,23648
"(0.837707400507675, 1.0)",1,99.51741611767105,23649
"(0.9295946890286512, 1.0)",1,99.51738374936257,23650
"(0.9442283950617284, 1.0)",1,99.51734505101312,23651
"(0.8552744708994707, 1.0)",1,99.51733291959776,23652
"(0.9833229101521784, 1.0)",1,99.51732786504375,23653
"(0.786508365740383, 1.0)",1,99.5173097197389,23654
"(0.7030539311241066, 1.0)",1,99.51727240491704,23655
"(0.868077055383557, 1.0)",1,99.5172625582276,23656
"(0.9499687304565352, 1.0)",1,99.5172088462418,23657
"(0.868077055383557, 1.0)",1,99.5171998624011,23658
"(0.8796475392220073, 1.0)",1,99.51717843310162,23659
"(0.7421018697614443, 1.0)",1,99.51713144974458,23660
"(0.8374727668845315, 1.0)",1,99.51707815206952,23661
"(0.8222222222222222, 1.0)",1,99.51702885709112,23662
"(1.0, 1.0)",1,99.51700336937822,23663
"(0.9326599326599326, 1.0)",1,99.51699768766046,23664
"(0.7675138481590094, 1.0)",1,99.51697698218018,23665
"(0.9833229101521784, 1.0)",1,99.51696261761134,23666
"(0.8329156223893065, 1.0)",1,99.51691825570067,23667
"(0.8294970161977834, 1.0)",1,99.5168959020828,23668
"(0.983545503234046, 0.9958292603453894)",1,99.51686333886845,23669
"(0.934122934122934, 1.0)",1,99.51684035933076,23670
"(0.5502402432393444, 1.0)",1,99.5168233677172,23671
"(0.617513611615245, 1.0)",1,99.51675666875305,23672
"(1.0, 1.0)",1,99.5166572248115,23673
"(0.7574146783449108, 1.0)",1,99.51659792307107,23674
"(0.917469251615593, 1.0)",1,99.51659213700292,23675
"(0.8976982097186702, 1.0)",1,99.51654312252748,23676
"(0.8054298642533937, 1.0)",1,99.51649928263988,23677
"(0.9, 1.0)",1,99.51646862622472,23678
"(0.8997493734335841, 1.0)",1,99.5164265416512,23679
"(0.9326599326599326, 1.0)",1,99.51634145702498,23680
"(0.7077308656256025, 1.0)",1,99.51631530675915,23681
"(0.9009534009534008, 1.0)",1,99.51623710455546,23682
"(0.9666562434855118, 1.0)",1,99.51620477741317,23683
"(0.868077055383557, 1.0)",1,99.51604756261736,23684
"(0.9, 1.0)",1,99.5160289673082,23685
"(0.8468951683237397, 1.0)",1,99.51601963498295,23686
"(0.7344692811916678, 1.0)",1,99.51599105392307,23687
"(0.882673371045464, 1.0)",1,99.51597543483533,23688
"(0.7030539311241066, 1.0)",2,99.51596292364296,23690
"(0.7675138481590094, 1.0)",1,99.51596122011904,23691
"(1.0, 1.0)",1,99.51591867933332,23692
"(0.9833229101521784, 1.0)",1,99.51589798337766,23693
"(0.8997493734335841, 1.0)",1,99.51582097833702,23694
"(0.9161379295307868, 1.0)",1,99.5157732565732,23695
"(0.8651903651903651, 1.0)",1,99.51577259172468,23696
"(0.6825396825396824, 1.0)",2,99.51576878406146,23698
"(0.6666173934466618, 1.0)",1,99.5157664852145,23699
"(0.9331662489557224, 1.0)",1,99.51571643304636,23700
"(0.6825396825396824, 1.0)",2,99.51564339240848,23702
"(0.799275702501509, 1.0)",1,99.515639626696,23703
"(0.7647742788871822, 1.0)",1,99.51560711011662,23704
"(0.7164894725870335, 1.0)",2,99.51559143324226,23706
"(0.6825396825396824, 1.0)",1,99.51558069658198,23707
"(0.9161952650324744, 1.0)",2,99.51556893372576,23709
"(0.9161952650324744, 1.0)",1,99.51554651257908,23710
"(0.7786375661375661, 1.0)",1,99.51553507468311,23711
"(1.0, 1.0)",1,99.51551800075548,23712
"(0.9497171590194848, 1.0)",1,99.51551721262442,23713
"(0.7277677677677677, 1.0)",1,99.51550051995363,23714
"(0.9445235834124724, 1.0)",2,99.51549803503455,23716
"(1.0, 1.0)",2,99.5154903331004,23718
"(0.9331662489557224, 1.0)",1,99.51546407347824,23719
"(0.9333333333333332, 1.0)",1,99.51546407347824,23720
"(0.8247905643738976, 1.0)",1,99.51545290792345,23721
"(0.9169719169719168, 1.0)",1,99.51545096846766,23722
"(0.9333333333333332, 1.0)",1,99.51539820423004,23723
"(0.7979797979797979, 1.0)",1,99.51539577555836,23724
"(0.94993894993895, 1.0)",1,99.51536282781994,23725
"(0.8796475392220073, 1.0)",1,99.51536182493628,23726
"(0.9580331374974232, 1.0)",1,99.51532328884812,23727
"(1.0, 1.0)",1,99.51531909483856,23728
"(0.861111111111111, 1.0)",2,99.51530782746626,23730
"(0.7503607503607503, 1.0)",1,99.51527186215284,23731
"(0.8997493734335841, 1.0)",1,99.51523033172136,23732
"(0.9666562434855118, 1.0)",2,99.51519811730724,23734
"(0.9442283950617284, 1.0)",1,99.51514281468307,23735
"(0.8294970161977834, 1.0)",1,99.5151306145734,23736
"(0.8068904981347378, 1.0)",1,99.5150981329178,23737
"(0.8651903651903651, 1.0)",1,99.51505485850352,23738
"(1.0, 1.0)",1,99.5150538227297,23739
"(0.9326599326599326, 1.0)",1,99.51503790629909,23740
"(0.6825396825396824, 1.0)",1,99.5150116844597,23741
"(0.8432903075760217, 1.0)",1,99.51498380437349,23742
"(0.7164894725870335, 1.0)",1,99.51494169786852,23743
"(0.9497171590194846, 1.0)",1,99.51492764294564,23744
"(1.0, 1.0)",1,99.51491813700724,23745
"(0.738145558145558, 1.0)",1,99.51489742555918,23746
"(0.6825396825396824, 1.0)",1,99.51488529537308,23747
"(0.8533622685185187, 1.0)",1,99.51485333969428,23748
"(0.9583930063253372, 1.0)",1,99.51483793116364,23749
"(0.8703703703703703, 1.0)",1,99.5148148148148,23750
"(0.882673371045464, 1.0)",2,99.51481343128356,23752
"(0.808446455505279, 1.0)",1,99.514791802184,23753
"(0.7944920440636475, 1.0)",1,99.51477118751146,23754
"(0.8796475392220073, 1.0)",1,99.51476331046938,23755
"(0.9161952650324744, 1.0)",1,99.5147310736667,23756
"(0.8796475392220073, 1.0)",1,99.51472702662709,23757
"(0.8222222222222222, 1.0)",1,99.51463604146532,23758
"(0.8165520116739629, 1.0)",1,99.51463230884671,23759
"(0.8635976129582268, 1.0)",2,99.5146200841806,23761
"(0.8177442148030384, 1.0)",1,99.51451584995722,23762
"(0.80285509389987, 1.0)",1,99.5144875928902,23763
"(0.8329156223893065, 1.0)",1,99.51447402025066,23764
"(0.9665831244778612, 1.0)",1,99.51445128266931,23765
"(0.933249791144528, 1.0)",1,99.5144393231366,23766
"(0.7802197802197803, 1.0)",1,99.51441176376991,23767
"(0.799275702501509, 1.0)",1,99.5144108407432,23768
"(0.9153439153439156, 1.0)",1,99.51437275699148,23769
"(0.8976982097186702, 1.0)",1,99.51436077569,23770
"(0.7503607503607503, 1.0)",1,99.51434744117672,23771
"(0.7656073923822403, 1.0)",1,99.51431698197312,23772
"(0.861111111111111, 1.0)",2,99.51424958581568,23774
"(0.9018806250259218, 1.0)",1,99.5142322611445,23775
"(0.9300671002153482, 1.0)",1,99.5142295316622,23776
"(0.6825396825396824, 1.0)",1,99.51418388138094,23777
"(0.8294970161977834, 1.0)",1,99.51417360938018,23778
"(0.9497171590194846, 1.0)",1,99.51413476081365,23779
"(0.9666666666666668, 1.0)",1,99.51408464158428,23780
"(0.7340930674264007, 1.0)",1,99.5140652142901,23781
"(0.9666562434855118, 1.0)",2,99.5140016184171,23783
"(0.8070855614973262, 1.0)",1,99.51397132475287,23784
"(0.6804620726495727, 1.0)",1,99.51395119706297,23785
"(0.9665831244778612, 1.0)",1,99.51393705573928,23786
"(0.9665831244778612, 1.0)",3,99.51392849940945,23789
"(1.0, 1.0)",1,99.51392849940945,23790
"(0.8814814814814814, 1.0)",1,99.5139271986512,23791
"(0.9009534009534008, 1.0)",1,99.51390135819985,23792
"(0.9027777777777778, 1.0)",1,99.51386597107924,23793
"(0.9008025849489264, 1.0)",1,99.51383232079218,23794
"(0.8294970161977834, 1.0)",1,99.51379347286846,23795
"(0.9162596992611264, 1.0)",1,99.51371693493964,23796
"(0.9506533178503804, 1.0)",2,99.5136764689262,23798
"(0.7961989230281913, 1.0)",1,99.51361490060675,23799
"(0.7119388248146047, 1.0)",3,99.5136066183688,23802
"(0.8312205288949474, 1.0)",1,99.51360492908024,23803
"(0.8137865219658889, 1.0)",1,99.51357790160324,23804
"(0.7164894725870335, 1.0)",2,99.51356899649582,23806
"(0.9497171590194846, 1.0)",1,99.51356319512873,23807
"(0.8294970161977834, 1.0)",1,99.51355881408072,23808
"(0.8976982097186702, 1.0)",1,99.51349975234947,23809
"(0.844988344988345, 1.0)",1,99.51343761438696,23810
"(0.9153439153439156, 1.0)",1,99.51343597120234,23811
"(0.8137865219658889, 1.0)",1,99.51341066048604,23812
"(0.7503607503607503, 1.0)",2,99.5133919402212,23814
"(0.9497171590194848, 1.0)",1,99.51338003530424,23815
"(0.9003556829643787, 1.0)",2,99.513366664983,23817
"(0.7340930674264007, 1.0)",1,99.51330724264366,23818
"(0.9583930063253372, 1.0)",1,99.5132856122944,23819
"(0.8887202421952387, 1.0)",1,99.51326060217494,23820
"(1.0, 1.0)",1,99.51322314519626,23821
"(0.7632275132275131, 1.0)",1,99.5132098791138,23822
"(0.8374727668845315, 1.0)",1,99.5132094962798,23823
"(0.8468951683237397, 1.0)",1,99.51320697661244,23824
"(0.9326599326599326, 1.0)",1,99.51318064725236,23825
"(0.8329156223893065, 1.0)",1,99.51310693974612,23826
"(0.8635976129582268, 1.0)",1,99.51308530525274,23827
"(0.9027777777777778, 1.0)",1,99.51307075290742,23828
"(0.7416325017951034, 1.0)",2,99.51305588596358,23830
"(0.7340930674264007, 1.0)",1,99.5130463596127,23831
"(0.9009534009534008, 1.0)",1,99.51300528822163,23832
"(0.8425483191745751, 1.0)",1,99.51297619071832,23833
"(0.7416325017951034, 1.0)",1,99.51295668467256,23834
"(0.8796475392220073, 1.0)",1,99.51294960301188,23835
"(0.9665831244778612, 1.0)",1,99.51288690718538,23836
"(0.8491514770584537, 1.0)",1,99.51288287743492,23837
"(0.6378166586499919, 1.0)",1,99.51286692353077,23838
"(0.8845578466141503, 1.0)",1,99.51284223279328,23839
"(0.9833229101521784, 1.0)",1,99.51281557399994,23840
"(0.8468951683237397, 1.0)",1,99.51279689944286,23841
"(0.6831352928913905, 1.0)",1,99.51275156256992,23842
"(0.9497171590194848, 1.0)",1,99.5127452098524,23843
"(0.8676532769556025, 1.0)",2,99.5125484214836,23845
"(0.8796475392220073, 1.0)",1,99.51243792669788,23846
"(0.7632275132275131, 0.986081059422206)",1,99.51243184135238,23847
"(0.7802197802197803, 1.0)",1,99.51235968371832,23848
"(0.8101143854687974, 1.0)",1,99.51235374918409,23849
"(0.9161952650324744, 1.0)",1,99.51235329328291,23850
"(0.7979797979797979, 1.0)",1,99.51232251232253,23851
"(0.9833229101521784, 1.0)",1,99.5123113096663,23852
"(0.816195709052852, 1.0)",1,99.51226986829585,23853
"(0.7979797979797979, 1.0)",1,99.51223001937242,23854
"(0.7479743867590829, 1.0)",1,99.51219703520545,23855
"(0.7601164382773579, 1.0)",1,99.51219539567172,23856
"(0.9497171590194846, 1.0)",1,99.51218572386937,23857
"(0.9299160159815896, 1.0)",1,99.51215453368718,23858
"(0.8653198653198653, 1.0)",1,99.5121003786509,23859
"(0.8653198653198653, 1.0)",1,99.5120602309306,23860
"(0.8420013166556946, 1.0)",1,99.51200431497344,23861
"(0.8976982097186702, 1.0)",1,99.511927584749,23862
"(0.8247905643738976, 1.0)",1,99.51186187475707,23863
"(0.7121693121693121, 1.0)",1,99.511834355283,23864
"(0.7479743867590829, 1.0)",1,99.51178891830888,23865
"(0.9958292603453894, 0.9958292603453894)",1,99.51178067248286,23866
"(0.8633762288330498, 1.0)",1,99.5117750451872,23867
"(0.7802197802197803, 1.0)",1,99.51177165945651,23868
"(0.8137865219658889, 1.0)",1,99.5117622291814,23869
"(0.9165164082221422, 1.0)",1,99.51171480166248,23870
"(0.7601164382773579, 1.0)",1,99.5116902664616,23871
"(0.8692185007974482, 1.0)",1,99.51167993750828,23872
"(0.8976982097186702, 1.0)",1,99.51167347515482,23873
"(0.861111111111111, 1.0)",1,99.51166321601104,23874
"(0.7656073923822403, 1.0)",1,99.51163913841398,23875
"(0.7574146783449108, 1.0)",1,99.5116374147857,23876
"(0.917849761232425, 1.0)",1,99.51162084251618,23877
"(0.9871616776282092, 0.9958292603453894)",1,99.51153574361054,23878
"(0.816195709052852, 1.0)",1,99.51152995851702,23879
"(0.8635976129582268, 1.0)",1,99.51147638278822,23880
"(0.7121693121693121, 1.0)",1,99.51145723397568,23881
"(0.9326599326599326, 1.0)",1,99.51141451141451,23882
"(0.9158007932517735, 1.0)",1,99.51138073044476,23883
"(0.80285509389987, 1.0)",1,99.51128376288756,23884
"(0.9326599326599326, 1.0)",1,99.51120957764552,23885
"(1.0, 1.0)",1,99.51120619627548,23886
"(0.9326599326599326, 1.0)",1,99.5111785073274,23887
"(0.8579868984630887, 1.0)",1,99.51115991635852,23888
"(0.7632275132275131, 1.0)",1,99.51115507999911,23889
"(0.816195709052852, 1.0)",1,99.51111030367484,23890
"(0.9192093318943212, 1.0)",1,99.5110940009719,23891
"(0.7183489076634237, 1.0)",1,99.51102926915844,23892
"(0.7574146783449108, 1.0)",1,99.51102033342526,23893
"(0.7060994560994561, 1.0)",1,99.51099820171711,23894
"(0.8663324979114452, 1.0)",1,99.510979360541,23895
"(0.9161952650324744, 1.0)",1,99.51096219091232,23896
"(0.7164894725870335, 1.0)",5,99.51086244378928,23901
"(0.7979797979797979, 1.0)",2,99.51085951085952,23903
"(0.8329156223893065, 1.0)",4,99.51083361232776,23907
"(0.893146638589877, 1.0)",1,99.51081906588566,23908
"(0.861111111111111, 1.0)",1,99.510797867088,23909
"(0.8016677935542034, 1.0)",1,99.51075870264512,23910
"(0.7090909090909091, 1.0)",1,99.51075870264512,23911
"(0.8884778134778135, 1.0)",1,99.5107556836016,23912
"(0.9165164082221422, 1.0)",1,99.51072706368782,23913
"(0.9008627640703112, 1.0)",1,99.51068731222776,23914
"(0.776488287126585, 1.0)",1,99.51058135455298,23915
"(0.851037851037851, 1.0)",1,99.51056516107865,23916
"(0.7183489076634237, 1.0)",1,99.51055687605594,23917
"(0.844988344988345, 1.0)",3,99.51053748511376,23920
"(0.7944219523166891, 1.0)",1,99.51053383189992,23921
"(0.7340324228911184, 1.0)",1,99.5105317975757,23922
"(0.8300265307680562, 1.0)",1,99.51045872868012,23923
"(0.8796475392220073, 1.0)",1,99.5104542025778,23924
"(0.786508365740383, 1.0)",1,99.51043906741126,23925
"(0.7430253184970165, 1.0)",1,99.51040205628732,23926
"(0.944073617452092, 1.0)",1,99.51036434780929,23927
"(0.9333333333333332, 1.0)",2,99.5103024326631,23929
"(0.9326599326599326, 1.0)",1,99.51027860702308,23930
"(0.6907243513029603, 1.0)",1,99.51027679312604,23931
"(0.8294970161977834, 1.0)",1,99.51013735067748,23932
"(1.0, 1.0)",1,99.51001138006336,23933
"(0.808446455505279, 1.0)",1,99.5100069652232,23934
"(0.9833229101521784, 1.0)",1,99.50999095702352,23935
"(0.868077055383557, 1.0)",1,99.50997414022773,23936
"(1.0, 1.0)",2,99.50994868423686,23938
"(0.9665831244778612, 1.0)",5,99.50994868423686,23943
"(0.7090909090909091, 1.0)",1,99.50992935562896,23944
"(0.7944219523166891, 1.0)",1,99.50990513915552,23945
"(0.8653198653198653, 1.0)",1,99.50988828053906,23946
"(0.8471527473990528, 1.0)",1,99.50986393521126,23947
"(0.7306397306397308, 1.0)",1,99.509853905857,23948
"(0.8468951683237397, 1.0)",1,99.5098372849244,23949
"(0.8796475392220073, 1.0)",1,99.50981153099788,23950
"(0.7183489076634237, 1.0)",1,99.50976100391424,23951
"(0.8635976129582268, 1.0)",1,99.50969942777571,23952
"(0.917469251615593, 1.0)",1,99.50963244429228,23953
"(0.7944219523166891, 1.0)",1,99.5095910893317,23954
"(0.8976982097186702, 1.0)",1,99.50956218877973,23955
"(0.6760835913312693, 1.0)",1,99.50955788965048,23956
"(0.8536277430109583, 1.0)",1,99.50955602117398,23957
"(0.8736897274633123, 1.0)",1,99.5095003332806,23958
"(0.7164894725870335, 1.0)",2,99.50946148595378,23960
"(0.9833229101521784, 1.0)",1,99.50944094451022,23961
"(0.746304385688563, 1.0)",1,99.50941710860144,23962
"(0.7077308656256025, 1.0)",1,99.5093986591798,23963
"(0.6521663785997688, 1.0)",1,99.50937778602152,23964
"(0.7204751921733054, 1.0)",1,99.50928053887338,23965
"(0.898989898989899, 1.0)",1,99.5092484089558,23966
"(0.808446455505279, 1.0)",1,99.50918534323604,23967
"(0.6760835913312693, 1.0)",1,99.5091726326158,23968
"(0.8222222222222222, 1.0)",1,99.50917221770835,23969
"(0.7075023741690408, 1.0)",2,99.50917016772324,23971
"(0.944563492063492, 1.0)",1,99.50913505212075,23972
"(1.0, 1.0)",1,99.50913011912388,23973
"(0.7435897435897435, 1.0)",1,99.50912536129124,23974
"(0.882673371045464, 1.0)",1,99.50912381496512,23975
"(0.9746854694957162, 1.0)",1,99.50911992313496,23976
"(0.8420013166556946, 1.0)",1,99.50911446194152,23977
"(0.944563492063492, 1.0)",1,99.50905625885396,23978
"(0.934122934122934, 1.0)",1,99.50904002990752,23979
"(0.7802197802197803, 1.0)",1,99.50901879650024,23980
"(0.7121693121693121, 1.0)",1,99.50899586990975,23981
"(0.808446455505279, 1.0)",1,99.5089856244931,23982
"(0.8880984643179766, 1.0)",2,99.50897825518771,23984
"(0.7673678366541239, 1.0)",1,99.50894404374807,23985
"(0.9300671002153482, 1.0)",1,99.50884565363378,23986
"(0.8832603710652491, 1.0)",1,99.50883752793868,23987
"(0.6638632083547339, 1.0)",1,99.50881277658328,23988
"(0.9665831244778612, 1.0)",1,99.50881254226576,23989
"(0.7090909090909091, 1.0)",2,99.50877774343756,23991
"(0.7090909090909091, 1.0)",1,99.50871504761108,23992
"(0.7601164382773579, 1.0)",1,99.50864775677016,23993
"(0.882673371045464, 1.0)",1,99.50859189427116,23994
"(0.80285509389987, 1.0)",1,99.5085893385988,23995
"(0.9331662489557224, 1.0)",1,99.50858672648218,23996
"(0.7601164382773579, 1.0)",2,99.50850136766356,23998
"(0.8068904981347378, 1.0)",1,99.50849575260202,23999
"(0.9166145507608924, 1.0)",4,99.50846994288042,24003
"(0.7511111111111111, 1.0)",1,99.50845634311072,24004
"(0.786508365740383, 1.0)",1,99.50844225647184,24005
"(0.7183489076634237, 1.0)",1,99.50842187309294,24006
"(0.8222222222222222, 1.0)",1,99.5083762775093,24007
"(0.9442283950617284, 1.0)",1,99.5083532708227,24008
"(0.8420013166556946, 1.0)",2,99.50833412804629,24010
"(0.826388888888889, 1.0)",1,99.50832583655112,24011
"(0.9497171590194848, 1.0)",1,99.50830310207265,24012
"(0.786508365740383, 1.0)",1,99.50828271631178,24013
"(0.8796475392220073, 1.0)",1,99.50819354364543,24014
"(0.8101143854687974, 1.0)",1,99.50818665687602,24015
"(0.5910680656443368, 1.0)",1,99.50806976313385,24016
"(0.9326599326599326, 1.0)",1,99.50806185483918,24017
"(0.9153439153439152, 1.0)",1,99.50804737991648,24018
"(0.7916666666666666, 1.0)",1,99.5079680517742,24019
"(0.9161952650324744, 1.0)",1,99.50795653504248,24020
"(0.6779618620193896, 1.0)",1,99.50794194429336,24021
"(0.8703703703703703, 1.0)",1,99.50790126424998,24022
"(0.6760835913312693, 1.0)",5,99.50788141264997,24027
"(0.6825396825396824, 1.0)",2,99.50786390934756,24029
"(0.6760835913312693, 1.0)",1,99.50785958337042,24030
"(0.9326599326599326, 1.0)",2,99.5078503772554,24032
"(0.8813080639167598, 1.0)",1,99.50783721077111,24033
"(0.9169719169719168, 1.0)",1,99.5078207933909,24034
"(0.8420013166556946, 1.0)",1,99.50780625751428,24035
"(0.8425483191745751, 1.0)",1,99.50780035148163,24036
"(0.7673678366541239, 1.0)",1,99.50776956021184,24037
"(0.9584987529902784, 1.0)",1,99.50776436239286,24038
"(0.9161952650324744, 1.0)",1,99.50772920365924,24039
"(0.808446455505279, 1.0)",1,99.50772426908736,24040
"(0.7340324228911184, 1.0)",1,99.50771527771984,24041
"(0.9665831244778612, 1.0)",1,99.5077086656034,24042
"(0.7344692811916678, 1.0)",1,99.50763397131108,24043
"(0.9833040078201368, 0.9958292603453894)",1,99.50755213424564,24044
"(1.0, 1.0)",1,99.5075504567811,24045
"(0.7734344933751168, 1.0)",1,99.50752756080152,24046
"(0.9665831244778612, 1.0)",2,99.50749254138506,24048
"(0.861111111111111, 1.0)",1,99.50748301520258,24049
"(0.9833229101521784, 1.0)",1,99.50743577522238,24050
"(0.5910680656443368, 1.0)",2,99.50743104496816,24052
"(0.861111111111111, 1.0)",2,99.50741721031596,24054
"(0.9008627640703112, 1.0)",1,99.50740782250476,24055
"(0.9499687304565352, 1.0)",1,99.50719694898122,24056
"(0.8222222222222222, 1.0)",2,99.50715038684169,24058
"(0.7994987468671678, 1.0)",1,99.5071499480474,24059
"(0.9333333333333332, 1.0)",1,99.50712651520053,24060
"(0.7075023741690408, 1.0)",1,99.50709359738028,24061
"(0.8349489264123411, 1.0)",1,99.50707734000416,24062
"(0.7416325017951034, 1.0)",1,99.50703923946504,24063
"(0.786508365740383, 1.0)",1,99.50697830192756,24064
"(0.9833229101521784, 1.0)",1,99.5069381009763,24065
"(0.882673371045464, 1.0)",1,99.50690247348588,24066
"(0.6179693015417549, 1.0)",1,99.50688746505476,24067
"(0.7077308656256025, 1.0)",1,99.50685107314058,24068
"(0.9326599326599326, 1.0)",1,99.50684026125572,24069
"(0.7687400318979267, 1.0)",1,99.50680189527516,24070
"(0.8054298642533937, 1.0)",1,99.50679589097606,24071
"(0.786508365740383, 1.0)",1,99.50678442860332,24072
"(0.6733821733821733, 1.0)",1,99.5067779255182,24073
"(0.8247905643738976, 1.0)",1,99.50673127842956,24074
"(0.8796475392220073, 1.0)",1,99.50662056619504,24075
"(0.9161952650324744, 1.0)",1,99.506602840921,24076
"(0.9326599326599326, 1.0)",1,99.50659150572258,24077
"(0.8372053872053872, 1.0)",2,99.50648464120864,24079
"(0.8432903075760217, 1.0)",2,99.50646115197884,24081
"(0.8420013166556946, 1.0)",1,99.50643900419992,24082
"(0.7734344933751168, 1.0)",1,99.5064129683305,24083
"(0.5910680656443368, 1.0)",2,99.50641198098825,24085
"(0.8586166985951469, 1.0)",1,99.50631275924412,24086
"(0.8976982097186702, 1.0)",1,99.5062886179458,24087
"(0.8222222222222222, 1.0)",1,99.50628402010516,24088
"(0.6698155645524068, 1.0)",1,99.50619705882865,24089
"(0.7077308656256025, 1.0)",2,99.50618588493624,24091
"(0.9008025849489264, 1.0)",1,99.50615199584784,24092
"(0.6907243513029603, 1.0)",1,99.50611285995588,24093
"(0.7503607503607503, 1.0)",2,99.50600678499552,24095
"(0.6907243513029603, 1.0)",1,99.50596593697684,24096
"(0.8222222222222222, 1.0)",1,99.50589017460584,24097
"(0.8247905643738976, 1.0)",1,99.50586526195984,24098
"(0.7222222222222221, 1.0)",2,99.50580428629208,24100
"(0.8222222222222222, 1.0)",1,99.50579528872213,24101
"(0.7278086237149632, 1.0)",1,99.5057633984,24102
"(0.9441792447111594, 1.0)",1,99.50568811163429,24103
"(0.8137566137566138, 1.0)",2,99.50560142595542,24105
"(0.8165520116739629, 1.0)",1,99.50557363697912,24106
"(0.8374727668845315, 1.0)",1,99.50557347833826,24107
"(1.0, 1.0)",2,99.50555555555556,24109
"(0.9153439153439156, 1.0)",1,99.50554128577528,24110
"(0.5555555555555555, 1.0)",2,99.50552428601208,24112
"(1.0, 1.0)",2,99.50552428601208,24114
"(0.9833229101521784, 1.0)",3,99.50552428601208,24117
"(0.7030539311241066, 1.0)",1,99.5055122335824,24118
"(0.7277677677677677, 1.0)",1,99.5054937122975,24119
"(0.8420013166556946, 1.0)",1,99.50546829859896,24120
"(0.9833229101521784, 1.0)",2,99.5054615901856,24122
"(0.9665831244778612, 1.0)",10,99.5054615901856,24132
"(1.0, 1.0)",1,99.5054615901856,24133
"(0.5555555555555555, 1.0)",1,99.5054615901856,24134
"(0.9499687304565352, 1.0)",1,99.5053529990738,24135
"(0.9665831244778612, 1.0)",2,99.5053036631984,24137
"(0.9584987529902784, 1.0)",1,99.50529756007064,24138
"(0.7961989230281913, 1.0)",1,99.5052898321191,24139
"(0.9497171590194848, 1.0)",7,99.50527271457504,24146
"(0.5555555555555555, 1.0)",1,99.50527271457504,24147
"(0.9497171590194846, 1.0)",6,99.50527271457504,24153
"(1.0, 1.0)",3,99.50527271457504,24156
"(0.7416325017951034, 1.0)",1,99.50521958895592,24157
"(0.73687720936437, 1.0)",1,99.50520389143752,24158
"(0.8813080639167598, 1.0)",1,99.5051980796932,24159
"(0.9506533178503804, 1.0)",1,99.50518773388032,24160
"(0.7416325017951034, 1.0)",1,99.50517519216706,24161
"(0.9833229101521784, 1.0)",1,99.5051741961541,24162
"(0.7090909090909091, 1.0)",3,99.50517104976656,24165
"(0.8065954953750508, 1.0)",1,99.50507558828193,24166
"(0.8796475392220073, 1.0)",1,99.5050624766574,24167
"(0.8158879904162925, 1.0)",1,99.50505044645728,24168
"(0.7222222222222221, 1.0)",1,99.50500076847212,24169
"(1.0, 1.0)",1,99.50499713616654,24170
"(0.8676532769556025, 1.0)",1,99.50498750346269,24171
"(0.7903875985986362, 1.0)",1,99.50494594885608,24172
"(0.861111111111111, 1.0)",1,99.50485598536213,24173
"(0.8976982097186702, 1.0)",1,99.5048455712815,24174
"(0.8222222222222222, 1.0)",1,99.50477051509384,24175
"(0.8222222222222222, 1.0)",1,99.50451671658348,24176
"(0.944073617452092, 1.0)",1,99.50447990584831,24177
"(1.0, 1.0)",1,99.50443816918428,24178
"(0.8490208544183524, 1.0)",1,99.50443378761256,24179
"(0.861111111111111, 1.0)",2,99.50430134070508,24181
"(0.8296970789758384, 1.0)",1,99.50428703856863,24182
"(0.6703030303030302, 1.0)",1,99.50423803368604,24183
"(0.8736897274633123, 1.0)",1,99.5041339455996,24184
"(0.9833229101521784, 1.0)",1,99.50411417509704,24185
"(0.7880931329207191, 1.0)",1,99.5041033380792,24186
"(0.8266173510466989, 1.0)",1,99.50403416842316,24187
"(0.9295946890286512, 1.0)",1,99.50397576989126,24188
"(0.8796475392220073, 1.0)",1,99.50390830599832,24189
"(0.826388888888889, 1.0)",1,99.5039056169191,24190
"(0.7198480531813864, 1.0)",2,99.50389145763836,24192
"(0.7030539311241066, 1.0)",1,99.5038371587366,24193
"(0.861111111111111, 1.0)",1,99.50376164305015,24194
"(0.7961989230281913, 1.0)",1,99.50366124859788,24195
"(0.7965746171391332, 1.0)",1,99.50360946400448,24196
"(0.9499687304565352, 1.0)",1,99.50354511086218,24197
"(0.7222222222222221, 1.0)",1,99.5035249303542,24198
"(0.7222222222222221, 1.0)",1,99.5035177108348,24199
"(1.0, 1.0)",1,99.50350291405756,24200
"(0.8796475392220073, 1.0)",2,99.50347199063266,24202
"(0.808446455505279, 1.0)",1,99.50338142270344,24203
"(0.8468951683237397, 1.0)",1,99.50334398266727,24204
"(0.8374727668845315, 1.0)",1,99.5033353595764,24205
"(0.7090909090909091, 1.0)",1,99.5032885237348,24206
"(0.757745166550198, 1.0)",1,99.50328158321436,24207
"(0.73687720936437, 1.0)",1,99.50322976550706,24208
"(0.8372053872053872, 1.0)",1,99.50322471946347,24209
"(0.9, 1.0)",1,99.50299324882808,24210
"(0.7277677677677677, 1.0)",1,99.50292277168776,24211
"(0.898989898989899, 1.0)",1,99.50291504173684,24212
"(0.7574146783449108, 1.0)",1,99.50285913312813,24213
"(0.8615866942983156, 1.0)",1,99.50280441966238,24214
"(0.6698155645524068, 1.0)",2,99.5027938827682,24216
"(0.8101143854687974, 1.0)",1,99.50277992406824,24217
"(0.8177442148030384, 1.0)",1,99.50277358754164,24218
"(0.8068904981347378, 1.0)",1,99.50275477866528,24219
"(0.6698155645524068, 1.0)",1,99.50273118694172,24220
"(0.9497171590194846, 1.0)",4,99.50266965035452,24224
"(0.8222222222222222, 1.0)",1,99.5026509086977,24225
"(0.73687720936437, 1.0)",1,99.50264085189308,24226
"(0.7372334455667788, 1.0)",1,99.50263033823852,24227
"(0.8635976129582268, 1.0)",1,99.502538853305,24228
"(0.6703030303030302, 1.0)",1,99.50251922971628,24229
"(0.9009534009534008, 1.0)",1,99.50249499868583,24230
"(0.8349489264123411, 1.0)",1,99.50249274755052,24231
"(0.8976982097186702, 1.0)",1,99.50248972939212,24232
"(0.7077308656256025, 1.0)",1,99.50248271450737,24233
"(0.7574146783449108, 1.0)",1,99.50242457335492,24234
"(0.9161952650324744, 1.0)",1,99.50238417556884,24235
"(0.6698155645524068, 1.0)",1,99.5023467425175,24236
"(0.8796475392220073, 1.0)",1,99.5023332293769,24237
"(0.8065954953750508, 1.0)",1,99.5023125660722,24238
"(0.8101143854687974, 1.0)",1,99.5023119505569,24239
"(0.9833229101521784, 1.0)",1,99.5022723273251,24240
"(0.9153439153439152, 1.0)",3,99.50221183173127,24243
"(0.7372334455667788, 1.0)",1,99.5020920928924,24244
"(0.8420013166556947, 1.0)",1,99.50206492099042,24245
"(0.7090909090909091, 1.0)",1,99.50206292245768,24246
"(0.9331662489557224, 1.0)",1,99.50203489669929,24247
"(0.73687720936437, 1.0)",1,99.5020019244249,24248
"(0.868077055383557, 1.0)",1,99.50199933885207,24249
"(0.7675138481590094, 1.0)",1,99.501992336855,24250
"(0.8229870141950848, 1.0)",1,99.50197047713004,24251
"(0.8229870141950848, 1.0)",1,99.5019349410479,24252
"(0.8633762288330498, 1.0)",1,99.50191167444989,24253
"(0.8468951683237397, 1.0)",1,99.50190398064964,24254
"(0.8635976129582268, 1.0)",2,99.5018687039803,24256
"(0.8374727668845315, 1.0)",1,99.501811912251,24257
"(0.8329156223893065, 1.0)",1,99.50180593012934,24258
"(0.6698155645524068, 1.0)",1,99.50177403065722,24259
"(0.8832603710652491, 1.0)",1,99.5017699930946,24260
"(0.7691870057461455, 1.0)",1,99.50176939981765,24261
"(0.8552744708994707, 1.0)",1,99.50174018607238,24262
"(0.8848000715856217, 1.0)",1,99.5016875375959,24263
"(0.8796475392220073, 1.0)",1,99.50153509439428,24264
"(0.868077055383557, 1.0)",1,99.50153400749252,24265
"(0.9499687304565352, 1.0)",1,99.50150954100953,24266
"(0.7164894725870335, 1.0)",1,99.5014801762934,24267
"(0.8420013166556946, 1.0)",2,99.50146295077172,24269
"(0.9326599326599326, 1.0)",1,99.5013604281897,24270
"(0.8016677935542034, 1.0)",1,99.50129522360524,24271
"(0.80285509389987, 1.0)",1,99.50128356365688,24272
"(0.9833229101521784, 1.0)",1,99.5012694280987,24273
"(0.8312205288949474, 1.0)",1,99.50121169984772,24274
"(0.6544644252235129, 1.0)",1,99.5011875837136,24275
"(0.7077308656256025, 1.0)",1,99.50117431522165,24276
"(0.8796475392220073, 1.0)",1,99.5011532894781,24277
"(0.9665831244778612, 1.0)",3,99.50109798722752,24280
"(0.9331662489557228, 1.0)",1,99.50109216803602,24281
"(0.9008025849489264, 1.0)",1,99.50100809664352,24282
"(0.6521663785997688, 1.0)",1,99.5009878352361,24283
"(0.9497171590194848, 1.0)",1,99.50090911161698,24284
"(0.8976982097186702, 1.0)",1,99.50086666964673,24285
"(0.7552298585410389, 1.0)",1,99.50086465554638,24286
"(0.808446455505279, 1.0)",1,99.50086027474836,24287
"(0.6177248677248677, 1.0)",1,99.50085984713712,24288
"(0.6544644252235129, 1.0)",2,99.50085476302596,24290
"(0.6544644252235129, 1.0)",2,99.5008282938198,24292
"(0.8374727668845315, 1.0)",1,99.50076483069007,24293
"(0.8177442148030384, 1.0)",1,99.50075395930187,24294
"(0.9, 1.0)",1,99.50069049035226,24295
"(0.8177442148030384, 1.0)",1,99.5006904753443,24296
"(0.8468951683237397, 1.0)",1,99.50066407737236,24297
"(0.861111111111111, 1.0)",1,99.50062478601409,24298
"(0.8222222222222222, 1.0)",1,99.50057445051029,24299
"(0.8676532769556025, 1.0)",1,99.50055443112367,24300
"(0.9666562434855118, 1.0)",1,99.50051176643495,24301
"(0.8796475392220073, 1.0)",1,99.5005013432538,24302
"(0.8813080639167598, 1.0)",1,99.50047740350136,24303
"(0.7532376017916352, 1.0)",1,99.50047378327474,24304
"(0.8796475392220073, 1.0)",2,99.5004386474273,24306
"(0.8222222222222222, 1.0)",1,99.5003517672433,24307
"(0.6825396825396824, 1.0)",1,99.50028391235068,24308
"(0.9009534009534008, 1.0)",1,99.50026358568915,24309
"(0.9165164082221422, 1.0)",1,99.5002600020594,24310
"(0.6804620726495727, 1.0)",1,99.50015421598152,24311
"(0.5502402432393444, 1.0)",1,99.5001462778694,24312
"(0.617513611615245, 1.0)",1,99.5000795789052,24313
"(0.9166145507608924, 0.9833229101521784)",1,99.50007445129404,24314
"(0.9665831244778612, 0.9833229101521784)",1,99.5000728055286,24315
"(0.7083333333333334, 1.0)",1,99.50005180900853,24316
"(0.9833229101521784, 1.0)",1,99.50002198484992,24317
"(0.8101143854687974, 1.0)",1,99.50001668093644,24318
"(0.8997493734335841, 1.0)",1,99.49994196312588,24319
"(0.8294970161977834, 1.0)",1,99.49994093882762,24320
"(0.934122934122934, 1.0)",2,99.49993254440815,24322
"(0.9164652836623464, 1.0)",1,99.49989870375776,24323
"(0.9008025849489264, 1.0)",1,99.4998314265965,24324
"(0.6825396825396824, 1.0)",1,99.4997762816075,24325
"(0.8976982097186702, 1.0)",2,99.4997034678765,24327
"(0.7421018697614443, 1.0)",1,99.499683132366,24328
"(0.9326599326599326, 1.0)",1,99.49966436717716,24329
"(0.9008025849489264, 1.0)",1,99.49961054536875,24330
"(0.8222222222222222, 1.0)",1,99.4996072780521,24331
"(0.8976982097186702, 1.0)",1,99.4995679711629,24332
"(0.9833229101521784, 1.0)",1,99.49954984396572,24333
"(0.8848000715856217, 1.0)",1,99.49954797980853,24334
"(0.8420013166556946, 1.0)",1,99.49952004017332,24335
"(1.0, 1.0)",1,99.4994357331283,24336
"(0.8329050741331443, 1.0)",1,99.49939272706824,24337
"(0.8848000715856217, 1.0)",1,99.49938550132444,24338
"(0.6831352928913905, 1.0)",1,99.49938122495284,24339
"(0.9303715638302106, 1.0)",1,99.49936778637944,24340
"(0.7030539311241066, 1.0)",1,99.4993502274204,24341
"(0.9161952650324744, 1.0)",1,99.49933055792386,24342
"(0.8068904981347378, 1.0)",2,99.49932836740189,24344
"(0.7916666666666666, 1.0)",4,99.49931786784693,24348
"(0.930124456440246, 1.0)",1,99.49928967432916,24349
"(0.9748850895736324, 0.9958292603453894)",1,99.4992362343865,24350
"(0.8732774170274171, 1.0)",2,99.49921551446018,24352
"(0.8068904981347378, 1.0)",1,99.49917260361627,24353
"(0.8997493734335841, 1.0)",1,99.4991438884892,24354
"(0.6664472240509107, 1.0)",1,99.4991350041071,24355
"(0.8165520116739629, 1.0)",1,99.49910737057272,24356
"(0.9161952650324744, 1.0)",1,99.49910077771976,24357
"(0.9333333333333332, 1.0)",1,99.4990972893412,24358
"(0.7204751921733054, 1.0)",1,99.49906964736353,24359
"(0.9161952650324744, 1.0)",2,99.499058771516,24361
"(0.6378166586499919, 1.0)",1,99.49904905357911,24362
"(0.9665831244778612, 1.0)",1,99.4990361263958,24363
"(0.9303715638302106, 1.0)",1,99.4990113181476,24364
"(0.9295946890286512, 1.0)",2,99.49897670959108,24366
"(0.9, 1.0)",1,99.49895073784676,24367
"(0.6825396825396824, 1.0)",1,99.49894529945878,24368
"(0.8016677935542034, 1.0)",1,99.49893890545948,24369
"(0.9584987529902784, 1.0)",1,99.49891280400529,24370
"(0.9833229101521784, 1.0)",2,99.49888772199428,24372
"(0.8814814814814814, 1.0)",2,99.49885576633544,24374
"(0.9437903841498612, 1.0)",1,99.498831151704,24375
"(0.73687720936437, 1.0)",1,99.49879457470676,24376
"(0.8329156223893065, 1.0)",2,99.49877821508116,24378
"(0.7155555555555556, 1.0)",1,99.49875338753388,24379
"(0.7979797979797979, 1.0)",1,99.49871868571056,24380
"(0.8374727668845315, 1.0)",1,99.49871399964424,24381
"(0.9161952650324744, 1.0)",1,99.49870375639848,24382
"(0.8814814814814814, 1.0)",1,99.49870017975256,24383
"(0.7069597069597069, 1.0)",1,99.49867818263488,24384
"(0.6664472240509107, 1.0)",1,99.49867732457368,24385
"(0.9528959415746864, 1.0)",1,99.49866342365418,24386
"(0.7979797979797979, 1.0)",2,99.49865598988406,24388
"(0.7791819291819292, 1.0)",1,99.49865086821104,24389
"(0.861111111111111, 1.0)",6,99.49864200499071,24395
"(0.9161952650324744, 1.0)",1,99.49854701683223,24396
"(1.0, 1.0)",1,99.49850884720416,24397
"(0.6825396825396824, 1.0)",1,99.49845998626486,24398
"(0.8832603710652491, 1.0)",1,99.49845998626486,24399
"(0.9665831244778612, 1.0)",1,99.4983956660465,24400
"(0.7802197802197803, 1.0)",2,99.49837673288188,24402
"(0.7479743867590829, 1.0)",1,99.49826559626403,24403
"(1.0, 1.0)",1,99.49821436432308,24404
"(0.7880931329207191, 1.0)",1,99.4981888971464,24405
"(0.7632275132275131, 1.0)",1,99.4981517360825,24406
"(0.9009534009534008, 1.0)",1,99.49812511586082,24407
"(1.0, 1.0)",1,99.49799869278196,24408
"(1.0, 1.0)",1,99.49799057659465,24409
"(0.9158007932517735, 1.0)",1,99.49787813919588,24410
"(0.7734344933751168, 1.0)",1,99.49782548022966,24411
"(0.7479743867590829, 1.0)",2,99.49782500884452,24413
"(0.7155555555555556, 1.0)",1,99.49780741232156,24414
"(0.8732774170274171, 1.0)",1,99.49770850022524,24415
"(0.7673678366541239, 1.0)",1,99.49769017066347,24416
"(0.6521663785997688, 1.0)",1,99.49767358816844,24417
"(0.7979797979797979, 1.0)",1,99.49766678906602,24418
"(0.9833229101521784, 1.0)",1,99.49763575779836,24419
"(0.7903875985986362, 1.0)",1,99.49763533930472,24420
"(0.80285509389987, 1.0)",2,99.4974916489659,24422
"(0.9833229101521784, 1.0)",2,99.49748905742942,24424
"(0.9442283950617284, 1.0)",1,99.49746821046128,24425
"(0.8547756205106323, 1.0)",1,99.4974676667295,24426
"(0.7479743867590829, 1.0)",1,99.49738720212434,24427
"(0.9666562434855118, 1.0)",1,99.49730263444776,24428
"(0.9497171590194848, 1.0)",1,99.49728749054192,24429
"(0.7183489076634237, 1.0)",1,99.49727958014506,24430
"(0.8420013166556946, 1.0)",1,99.4972645529202,24431
"(0.8468089381754635, 1.0)",1,99.49725332769412,24432
"(0.917469251615593, 1.0)",1,99.49721180420374,24433
"(0.8715701474388204, 1.0)",2,99.49718034389142,24435
"(0.6378166586499919, 1.0)",2,99.49717619531216,24437
"(0.9299160159815896, 1.0)",1,99.49710260284876,24438
"(0.9704226680823772, 0.9958292603453894)",1,99.49706980568624,24439
"(0.6784722222222224, 1.0)",1,99.4970466811706,24440
"(0.5807100687237674, 1.0)",1,99.49691558458622,24441
"(0.8633762288330498, 1.0)",1,99.496837618392,24442
"(0.9161952650324744, 1.0)",1,99.49681429294527,24443
"(0.9158007932517735, 1.0)",1,99.49678344636064,24444
"(0.9497171590194846, 1.0)",1,99.4967159796249,24445
"(0.8976982097186702, 1.0)",2,99.49664185454552,24447
"(0.8165509259259259, 1.0)",2,99.49661414179558,24449
"(0.8016677935542034, 1.0)",1,99.49660551526344,24450
"(0.6760835913312693, 1.0)",1,99.49660153507504,24451
"(0.8976982097186702, 1.0)",1,99.4966008715822,24452
"(0.9584987529902784, 1.0)",1,99.49658220509296,24453
"(0.9442283950617284, 1.0)",1,99.49655345644835,24454
"(0.799275702501509, 1.0)",2,99.49653535491385,24456
"(0.8736897274633123, 1.0)",1,99.4965299665868,24457
"(0.9326599326599326, 1.0)",1,99.49652471872372,24458
"(0.7030539311241066, 1.0)",1,99.49649738072011,24459
"(0.8229870141950848, 1.0)",1,99.49643952977112,24460
"(0.9326599326599326, 1.0)",1,99.49643266878157,24461
"(0.6804620726495727, 1.0)",5,99.49639316771068,24466
"(0.7802197802197803, 1.0)",1,99.49633307784784,24467
"(0.8137566137566138, 1.0)",1,99.4962962962963,24468
"(0.8420013166556946, 1.0)",2,99.49620930038311,24470
"(0.7802197802197803, 1.0)",1,99.49620768619484,24471
"(0.8976982097186702, 1.0)",4,99.49619826431628,24475
"(0.9506533178503804, 1.0)",1,99.49616344976424,24476
"(0.8796475392220073, 1.0)",1,99.49611769832782,24477
"(0.8814814814814814, 1.0)",1,99.49602691797814,24478
"(0.8425483191745751, 1.0)",1,99.49601280009682,24479
"(0.9018806250259218, 1.0)",1,99.49599652374708,24480
"(0.8294970161977834, 0.9833229101521784)",1,99.4959133697772,24481
"(0.8349489264123411, 1.0)",6,99.4958722635231,24487
"(0.9166145507608924, 1.0)",1,99.49582597342098,24488
"(0.8796475392220073, 1.0)",1,99.49582368941611,24489
"(0.8976982097186702, 1.0)",2,99.49577224997589,24491
"(0.9833229101521784, 1.0)",1,99.49576099358964,24492
"(0.8455704732698088, 1.0)",1,99.49574740453524,24493
"(0.8796475392220073, 1.0)",1,99.49573999048776,24494
"(0.8715701474388204, 1.0)",2,99.4957379158056,24496
"(0.868077055383557, 1.0)",1,99.49572975498748,24497
"(0.7668348423065404, 1.0)",1,99.49568999799097,24498
"(0.6760835913312693, 1.0)",1,99.49566684773576,24499
"(0.9666562434855118, 1.0)",1,99.4956649155488,24500
"(0.9299160159815896, 1.0)",1,99.49556857961124,24501
"(0.8796475392220073, 1.0)",1,99.49551021028364,24502
"(0.8732774170274171, 1.0)",1,99.49548498195396,24503
"(0.8310777799491891, 1.0)",1,99.49545557648324,24504
"(0.8633762288330498, 1.0)",1,99.4954477056966,24505
"(0.861111111111111, 1.0)",1,99.49541504881516,24506
"(0.7612958226768967, 1.0)",1,99.4953888901033,24507
"(0.8420013166556946, 1.0)",1,99.49536395608104,24508
"(0.8068904981347378, 1.0)",1,99.49535688713152,24509
"(0.8651903651903651, 1.0)",1,99.49535435696625,24510
"(0.7479743867590829, 1.0)",1,99.4953439930748,24511
"(0.8329050741331443, 1.0)",1,99.49533566975248,24512
"(0.8324561403508771, 1.0)",1,99.49533118103584,24513
"(0.8068904981347378, 1.0)",1,99.49531903848435,24514
"(0.9326599326599326, 1.0)",1,99.49531737312032,24515
"(0.7460317460317459, 1.0)",1,99.4952476519184,24516
"(0.868077055383557, 1.0)",1,99.49518036948866,24517
"(0.9161379295307868, 1.0)",1,99.49517285155542,24518
"(0.8811945374355704, 1.0)",1,99.49516980287171,24519
"(0.8613656783468103, 1.0)",1,99.49516096141711,24520
"(0.6698155645524068, 1.0)",2,99.49513979136027,24522
"(0.6907243513029603, 1.0)",1,99.49506411589648,24523
"(0.9497171590194846, 1.0)",1,99.49505486225192,24524
"(0.6575398846941737, 1.0)",1,99.49501313310044,24525
"(0.8814814814814814, 1.0)",1,99.4950080515298,24526
"(0.7060994560994561, 1.0)",1,99.49492849703462,24527
"(0.917849761232425, 1.0)",1,99.49490397445508,24528
"(0.8796475392220073, 1.0)",1,99.49486636604414,24529
"(0.786508365740383, 1.0)",1,99.49485604639064,24530
"(1.0, 1.0)",1,99.49482737218705,24531
"(0.9833229101521784, 1.0)",1,99.4948107130392,24532
"(0.8165520116739629, 1.0)",1,99.4948104139161,24533
"(0.987491854024112, 0.9958292603453894)",1,99.49477492722906,24534
"(0.8668153102935712, 1.0)",1,99.49476933149144,24535
"(0.9833229101521784, 1.0)",1,99.4947374215667,24536
"(0.7802197802197803, 1.0)",6,99.49472591076018,24542
"(0.8811945374355704, 1.0)",1,99.49471089087936,24543
"(0.9665831244778612, 1.0)",1,99.49469449578407,24544
"(0.861111111111111, 1.0)",2,99.4946859517695,24546
"(0.8420013166556946, 1.0)",1,99.49466233278636,24547
"(0.8618871810094527, 1.0)",1,99.49461474793192,24548
"(0.7150639011104126, 1.0)",1,99.4945235095925,24549
"(0.80285509389987, 1.0)",1,99.49433313237968,24550
"(0.8222222222222222, 1.0)",1,99.49428793998756,24551
"(0.8703703703703703, 1.0)",1,99.49419482178104,24552
"(0.9958292603453894, 0.9958292603453894)",1,99.49417618904968,24553
"(0.7294281157362763, 1.0)",1,99.49413369103668,24554
"(0.6886904761904762, 1.0)",1,99.49409806722338,24555
"(0.8615866942983156, 1.0)",1,99.49391775647533,24556
"(0.9153439153439152, 1.0)",1,99.49389811149815,24557
"(0.812557599070401, 1.0)",1,99.4938566282556,24558
"(0.8697983697983697, 1.0)",1,99.49379113640988,24559
"(0.6847700625721401, 1.0)",1,99.49374425343068,24560
"(0.8294970161977834, 1.0)",1,99.49371596804696,24561
"(0.9497171590194846, 1.0)",1,99.4937128070543,24562
"(0.8732774170274171, 1.0)",1,99.49368835133174,24563
"(0.7673678366541239, 1.0)",2,99.49367021013066,24565
"(0.8471527473990528, 1.0)",1,99.493665941111,24566
"(0.8635976129582268, 1.0)",1,99.49366088872112,24567
"(0.7340930674264007, 1.0)",1,99.493648205271,24568
"(0.8697983697983697, 1.0)",1,99.49362282120904,24569
"(0.8165509259259259, 1.0)",1,99.4935921252733,24570
"(0.812557599070401, 1.0)",1,99.49359122256612,24571
"(0.8420013166556946, 1.0)",1,99.49355995537736,24572
"(0.9497171590194846, 1.0)",1,99.49355905210444,24573
"(0.8897050022050021, 1.0)",1,99.49346164015132,24574
"(0.9497171590194848, 1.0)",1,99.49336795267028,24575
"(0.9833229101521784, 1.0)",1,99.49333429021551,24576
"(1.0, 1.0)",1,99.49333429021551,24577
"(0.9833229101521784, 1.0)",2,99.49327159438904,24579
"(0.8635976129582268, 1.0)",1,99.49322044167351,24580
"(0.6179693015417549, 1.0)",2,99.49320337654784,24582
"(0.917469251615593, 1.0)",1,99.49315666097256,24583
"(0.9497171590194846, 1.0)",1,99.49313564266296,24584
"(0.8635976129582268, 1.0)",1,99.49311272296114,24585
"(0.917849761232425, 1.0)",1,99.49307643724464,24586
"(0.8736897274633123, 1.0)",1,99.49303809033114,24587
"(0.7734344933751168, 1.0)",1,99.49302649603742,24588
"(0.8845578466141503, 1.0)",1,99.49301720957384,24589
"(0.9497171590194846, 1.0)",1,99.49301604775228,24590
"(0.9192093318943212, 1.0)",1,99.49300124661524,24591
"(0.7802197802197803, 1.0)",1,99.49299801384512,24592
"(0.7479743867590829, 1.0)",1,99.49297002835824,24593
"(0.8165520116739629, 1.0)",1,99.49296955098217,24594
"(0.917469251615593, 1.0)",1,99.49293341407164,24595
"(0.8374727668845315, 1.0)",2,99.492888548141,24597
"(0.9833229101521784, 1.0)",1,99.49288444766044,24598
"(0.9665831244778612, 1.0)",1,99.4928752609649,24599
"(0.6179693015417549, 1.0)",1,99.49276610013452,24600
"(0.826388888888889, 1.0)",1,99.49276323626452,24601
"(0.8633762288330498, 1.0)",1,99.49265776600932,24602
"(0.7944219523166891, 1.0)",1,99.4925898475918,24603
"(0.8165520116739629, 1.0)",2,99.49256764283176,24605
"(0.7075023741690408, 1.0)",2,99.49249307787542,24607
"(0.8476190476190477, 1.0)",1,99.49248456136137,24608
"(0.9303715638302106, 1.0)",1,99.4923739251882,24609
"(0.9833211143695014, 1.0)",1,99.49236208753751,24610
"(0.9326599326599326, 1.0)",1,99.49235255122343,24611
"(0.8158879904162925, 1.0)",1,99.49232137200424,24612
"(0.9666562434855118, 1.0)",1,99.4923200106127,24613
"(0.8579868984630887, 1.0)",1,99.49228433347956,24614
"(0.8137865219658889, 1.0)",1,99.49205919395936,24615
"(0.7601164382773579, 1.0)",1,99.49201621695744,24616
"(0.808446455505279, 1.0)",1,99.49199199405275,24617
"(0.8222222222222222, 1.0)",1,99.49198047029338,24618
"(0.7090909090909091, 1.0)",1,99.49194974614778,24619
"(0.7612958226768967, 1.0)",2,99.49193555331664,24621
"(0.6886904761904762, 1.0)",1,99.4919207865724,24622
"(0.826388888888889, 1.0)",1,99.49190111672011,24623
"(0.8976982097186702, 1.0)",1,99.49189071821544,24624
"(0.786508365740383, 1.0)",1,99.49187777112128,24625
"(0.7277677677677677, 1.0)",1,99.4918656347584,24626
"(0.7711781618000022, 1.0)",1,99.49185830440916,24627
"(0.6575398846941737, 1.0)",1,99.4918475660981,24628
"(0.8420013166556946, 1.0)",1,99.49182396583647,24629
"(0.9009534009534008, 1.0)",1,99.49177245067794,24630
"(0.8832603710652491, 1.0)",1,99.49166015780608,24631
"(0.9497171590194848, 1.0)",3,99.4916260122248,24634
"(0.6636745887678723, 1.0)",1,99.49161820520986,24635
"(0.8736897274633123, 1.0)",1,99.49161576917442,24636
"(0.7121693121693121, 1.0)",1,99.49157236299712,24637
"(0.9027777777777778, 1.0)",1,99.49146247893432,24638
"(0.8247905643738976, 1.0)",1,99.4913715692702,24639
"(0.9499687304565352, 1.0)",1,99.49135782974037,24640
"(0.8633762288330498, 1.0)",2,99.49134911265767,24642
"(0.8420013166556946, 1.0)",1,99.49134355906595,24643
"(0.8420013166556946, 1.0)",1,99.49128086323948,24644
"(0.6825396825396824, 1.0)",1,99.49118681949972,24645
"(0.9, 1.0)",1,99.49110871569891,24646
"(0.7416325017951034, 1.0)",2,99.4910999791188,24648
"(0.9833229101521784, 1.0)",1,99.49109427158209,24649
"(0.944563492063492, 1.0)",1,99.49106495312562,24650
"(0.7802197802197803, 1.0)",1,99.49103194562456,24651
"(0.9665831244778612, 1.0)",1,99.49095540982576,24652
"(0.8796475392220073, 1.0)",2,99.4908775263294,24654
"(0.9003556829643787, 1.0)",2,99.4907632588529,24656
"(0.8796475392220073, 1.0)",1,99.49066089862248,24657
"(0.808446455505279, 1.0)",1,99.49056100841123,24658
"(0.8374727668845315, 1.0)",1,99.49055392510787,24659
"(0.8016677935542034, 1.0)",1,99.49053583608078,24660
"(0.7077308656256025, 1.0)",1,99.49052785906832,24661
"(0.9008627640703112, 1.0)",1,99.490526197599,24662
"(0.987491854024112, 0.9958292603453894)",1,99.4904602476376,24663
"(0.9153439153439156, 1.0)",1,99.49045108950897,24664
"(0.799275702501509, 1.0)",1,99.49043073203909,24665
"(0.9833229101521784, 1.0)",4,99.49037795211048,24669
"(0.8653198653198653, 1.0)",1,99.49034134965557,24670
"(0.5910680656443368, 1.0)",1,99.49030411256524,24671
"(0.8101143854687974, 1.0)",1,99.49024878699387,24672
"(0.7042648709315374, 1.0)",1,99.4902284523001,24673
"(0.8229870141950848, 1.0)",1,99.49009250195368,24674
"(0.7675138481590094, 1.0)",1,99.4900429893488,24675
"(0.9665831244778612, 1.0)",1,99.49003589601249,24676
"(0.8222222222222222, 1.0)",1,99.48993380481576,24677
"(0.7574146783449108, 1.0)",1,99.48974251478228,24678
"(0.5910680656443368, 1.0)",1,99.48973489114044,24679
"(0.9833229101521784, 1.0)",1,99.48973489114044,24680
"(0.8420013166556946, 1.0)",1,99.4897088961461,24681
"(0.8101143854687974, 1.0)",1,99.4896830742109,24682
"(0.8976982097186702, 1.0)",1,99.4896725267848,24683
"(1.0, 1.0)",1,99.48962642825204,24684
"(0.8312205288949474, 1.0)",1,99.48958796612156,24685
"(0.5555555555555555, 1.0)",1,99.4895317835581,24686
"(0.8651903651903651, 1.0)",1,99.48951881295798,24687
"(0.9744745723240348, 0.9958292603453894)",1,99.48949969553072,24688
"(0.6698155645524068, 1.0)",2,99.48941859738844,24690
"(0.7675138481590094, 1.0)",1,99.48928086285788,24691
"(0.5555555555555555, 1.0)",2,99.48923434289289,24693
"(0.8468951683237397, 1.0)",1,99.48921502219687,24694
"(0.7979797979797979, 1.0)",2,99.48917294630542,24696
"(0.8312205288949474, 1.0)",1,99.4891648659972,24697
"(0.8294970161977834, 1.0)",2,99.48905231078196,24699
"(0.7077308656256025, 1.0)",1,99.48903357375758,24700
"(0.6521663785997688, 1.0)",1,99.48902151548756,24701
"(0.7372334455667788, 1.0)",1,99.48899046991748,24702
"(0.8633762288330498, 1.0)",1,99.48895629703186,24703
"(0.7979797979797979, 1.0)",1,99.48895390931222,24704
"(0.8547756205106323, 1.0)",1,99.4889499812192,24705
"(0.5555555555555555, 1.0)",2,99.48884719616429,24707
"(0.9958292603453894, 1.0)",1,99.48881078057092,24708
"(0.7979797979797979, 1.0)",2,99.48876503370168,24710
"(0.7880931329207191, 1.0)",1,99.48873680917416,24711
"(0.9665831244778612, 1.0)",2,99.48872180451129,24713
"(0.757745166550198, 1.0)",1,99.4886931674134,24714
"(0.9497171590194848, 1.0)",1,99.48859562472722,24715
"(0.9497171590194846, 1.0)",2,99.48859562472722,24717
"(0.8796475392220073, 1.0)",1,99.4885708423796,24718
"(0.9793747635794354, 0.9958292603453894)",1,99.48856809976036,24719
"(0.8222222222222222, 1.0)",1,99.48855487687322,24720
"(0.8586166985951469, 1.0)",2,99.48848687645172,24722
"(0.8329156223893065, 1.0)",1,99.48838779249564,24723
"(0.9665831244778612, 1.0)",2,99.48833465778269,24725
"(0.8976982097186702, 1.0)",1,99.48830741586056,24726
"(0.9445235834124724, 1.0)",1,99.48827703976464,24727
"(0.7164894725870335, 1.0)",2,99.4882691522008,24729
"(0.7944219523166891, 1.0)",1,99.48825686036528,24730
"(1.0, 1.0)",2,99.48821548821547,24732
"(0.9326599326599326, 1.0)",8,99.48821548821547,24740
"(0.8420013166556946, 1.0)",1,99.4881401988274,24741
"(0.6825396825396824, 1.0)",4,99.48808481491407,24745
"(0.8425483191745751, 1.0)",1,99.48808193079776,24746
"(0.8420013166556946, 1.0)",1,99.48807640988524,24747
"(0.8615866942983156, 1.0)",1,99.48798282150744,24748
"(0.8796475392220073, 1.0)",1,99.48792126352308,24749
"(0.8635976129582268, 1.0)",1,99.48781109225402,24750
"(0.9499687304565352, 1.0)",1,99.48777611639136,24751
"(0.9, 1.0)",1,99.48776600663636,24752
"(0.7155555555555556, 1.0)",1,99.48774650823432,24753
"(0.7786375661375661, 1.0)",1,99.48774356908736,24754
"(0.9003556829643787, 1.0)",1,99.48772991564752,24755
"(0.7075023741690408, 1.0)",1,99.48772215438882,24756
"(0.9326599326599326, 1.0)",1,99.4876715974874,24757
"(0.975479255167798, 0.9958292603453894)",1,99.4876578245427,24758
"(0.5910680656443368, 1.0)",1,99.48764309835096,24759
"(0.9299507899507898, 1.0)",1,99.4875751999248,24760
"(0.9916585206907788, 0.9958292603453894)",1,99.48756782608768,24761
"(0.8222222222222222, 1.0)",1,99.48750927803648,24762
"(0.8697983697983697, 1.0)",1,99.48749434400744,24763
"(0.6521663785997688, 1.0)",1,99.48745131227128,24764
"(0.930704099821747, 1.0)",1,99.4874252057727,24765
"(1.0, 1.0)",2,99.48730003568711,24767
"(0.757745166550198, 1.0)",2,99.48723620131533,24769
"(0.8312205288949474, 1.0)",1,99.4871839829208,24770
"(0.8222222222222222, 1.0)",1,99.48716861135289,24771
"(0.8329156223893065, 1.0)",4,99.48712360611674,24775
"(0.8796475392220073, 1.0)",1,99.48692193405176,24776
"(0.7880931329207191, 1.0)",1,99.48689922991171,24777
"(0.8420013166556946, 1.0)",1,99.48686595239693,24778
"(0.8374727668845315, 1.0)",2,99.48685670201942,24780
"(0.73687720936437, 1.0)",1,99.48679452924318,24781
"(0.8976982097186702, 1.0)",1,99.48675527424744,24782
"(0.9326599326599326, 1.0)",4,99.48667998564744,24786
"(0.7278086237149632, 1.0)",1,99.48662504945524,24787
"(0.9003556829643787, 1.0)",1,99.48660309014345,24788
"(0.6612761389202956, 1.0)",1,99.48660036572817,24789
"(0.861111111111111, 1.0)",1,99.48656499952584,24790
"(0.8374727668845315, 1.0)",1,99.48636807046532,24791
"(0.7069597069597069, 1.0)",1,99.48636275778752,24792
"(0.6804620726495727, 1.0)",1,99.48633468078194,24793
"(0.9018806250259218, 1.0)",1,99.48620629630484,24794
"(0.944563492063492, 1.0)",1,99.48618609956884,24795
"(0.9166145507608924, 1.0)",1,99.48607059685196,24796
"(0.6698155645524068, 1.0)",1,99.4860540970939,24797
"(0.903667392883079, 1.0)",1,99.48604237203732,24798
"(0.8880984643179766, 1.0)",1,99.48600314241558,24799
"(0.7362637362637362, 1.0)",1,99.48600268651616,24800
"(0.7713401051412279, 1.0)",1,99.48598532516716,24801
"(0.7994987468671678, 1.0)",1,99.48597748279391,24802
"(1.0, 1.0)",2,99.4859681801184,24804
"(0.8070855614973262, 1.0)",1,99.4859640099904,24805
"(0.859499940327008, 1.0)",1,99.48595320057308,24806
"(0.8666666666666667, 1.0)",1,99.4859224859668,24807
"(0.9153439153439156, 1.0)",1,99.4859148783952,24808
"(0.9295946890286512, 1.0)",1,99.48588924143404,24809
"(0.6804620726495727, 1.0)",1,99.4858656627429,24810
"(0.8976982097186702, 1.0)",1,99.48580151864746,24811
"(0.6698155645524068, 1.0)",1,99.48579583245376,24812
"(0.8615866942983156, 1.0)",1,99.48579221618871,24813
"(0.7802197802197803, 1.0)",1,99.48576491259418,24814
"(0.9166145507608924, 1.0)",1,99.48573194130684,24815
"(0.6698155645524068, 1.0)",1,99.48572644342414,24816
"(0.8222222222222222, 1.0)",1,99.48568598190084,24817
"(0.746304385688563, 1.0)",1,99.48568499513448,24818
"(0.6698155645524068, 1.0)",1,99.48568359563224,24819
"(0.8697983697983697, 1.0)",1,99.48563877645287,24820
"(0.9161952650324744, 1.0)",1,99.48561557359228,24821
"(0.6804620726495727, 1.0)",1,99.48558858507867,24822
"(0.9303715638302106, 1.0)",1,99.48558306639798,24823
"(0.8845578466141503, 1.0)",1,99.4854988552175,24824
"(0.9161952650324744, 1.0)",1,99.48542669798172,24825
"(0.8703703703703703, 1.0)",1,99.4853720717758,24826
"(0.8997493734335841, 1.0)",1,99.48536927184766,24827
"(0.8732774170274171, 1.0)",1,99.48532376618198,24828
"(0.9161952650324744, 1.0)",1,99.48530401212489,24829
"(0.8697983697983697, 1.0)",1,99.48527645896068,24830
"(0.9166145507608924, 1.0)",1,99.48526311263926,24831
"(0.8848000715856217, 1.0)",2,99.48523503639596,24833
"(0.6804620726495727, 1.0)",1,99.48520858654996,24834
"(0.7511111111111111, 1.0)",1,99.48520417853751,24835
"(1.0, 1.0)",1,99.48516818060006,24836
"(0.812557599070401, 1.0)",2,99.48511878667044,24838
"(0.6784722222222224, 1.0)",1,99.48508895358988,24839
"(0.8471527473990528, 1.0)",1,99.48506972826507,24840
"(0.861111111111111, 1.0)",1,99.48505940060276,24841
"(0.8310777799491891, 1.0)",1,99.48505212337344,24842
"(0.9665831244778612, 1.0)",1,99.48500796973198,24843
"(1.0, 1.0)",2,99.48500112688754,24845
"(0.9744745723240348, 0.9958292603453894)",1,99.48488891776368,24846
"(0.8840048840048841, 1.0)",1,99.48485753710231,24847
"(0.944073617452092, 1.0)",1,99.48481897687653,24848
"(0.9581458989353726, 1.0)",1,99.48477086653304,24849
"(1.0, 0.9833229101521784)",1,99.48470384040738,24850
"(0.6378166586499919, 1.0)",1,99.48464327463796,24851
"(0.9166682405676116, 1.0)",1,99.48463619196116,24852
"(0.7786375661375661, 1.0)",1,99.48462828227552,24853
"(0.933096859926128, 1.0)",1,99.48462076510856,24854
"(0.8222222222222222, 1.0)",1,99.48456123821978,24855
"(0.8796475392220073, 1.0)",1,99.48451977544666,24856
"(0.7069597069597069, 1.0)",2,99.48448023175578,24858
"(0.9008627640703112, 1.0)",1,99.484429389318,24859
"(0.9833229101521784, 1.0)",2,99.4844208973797,24861
"(0.8065954953750508, 1.0)",2,99.48440795399527,24863
"(0.7090909090909091, 1.0)",1,99.48438386635532,24864
"(0.7601164382773579, 1.0)",1,99.48435502231963,24865
"(0.8851917026609075, 1.0)",1,99.484283240135,24866
"(0.8832603710652491, 1.0)",1,99.48426264885865,24867
"(0.8468089381754635, 1.0)",2,99.48426174782745,24869
"(0.8016677935542034, 1.0)",3,99.48420747609389,24872
"(0.808446455505279, 1.0)",1,99.48418318490054,24873
"(0.8796475392220073, 1.0)",1,99.48414595252544,24874
"(0.6378166586499919, 1.0)",1,99.48410189977928,24875
"(0.8762860082304527, 1.0)",1,99.48409872529868,24876
"(0.8177442148030384, 1.0)",1,99.48409771581636,24877
"(0.6825396825396824, 1.0)",1,99.48401026449808,24878
"(0.8165520116739629, 1.0)",1,99.48393671970908,24879
"(0.8997493734335841, 1.0)",1,99.4839006063653,24880
"(0.7060994560994561, 1.0)",1,99.48389146231185,24881
"(0.8449978636391381, 1.0)",1,99.48386540114934,24882
"(1.0, 1.0)",1,99.48385188525742,24883
"(0.9326599326599326, 1.0)",2,99.48385188525742,24885
"(0.8796475392220073, 1.0)",1,99.48382425340596,24886
"(0.8294970161977834, 1.0)",2,99.48378268203672,24888
"(0.7090909090909091, 1.0)",1,99.48375215840652,24889
"(0.8420013166556946, 1.0)",1,99.48375215840652,24890
"(0.8697983697983697, 1.0)",1,99.48370164492503,24891
"(0.808446455505279, 1.0)",2,99.48369772004509,24893
"(0.8065067548938516, 1.0)",1,99.48366969337654,24894
"(0.8848000715856217, 1.0)",1,99.48365728597383,24895
"(0.9665831244778612, 1.0)",1,99.48363210628489,24896
"(0.8796475392220073, 1.0)",1,99.48357268196892,24897
"(0.837707400507675, 1.0)",1,99.483508619405,24898
"(0.7164894725870335, 1.0)",1,99.48350321154282,24899
"(0.8635976129582268, 1.0)",1,99.48343018355654,24900
"(0.9666666666666668, 1.0)",1,99.48341950261356,24901
"(0.8316498316498316, 1.0)",1,99.48340396916586,24902
"(0.7198480531813864, 1.0)",1,99.48339074355334,24903
"(0.7511111111111111, 1.0)",2,99.4833643237977,24905
"(0.7077308656256025, 1.0)",1,99.48335087678848,24906
"(0.8420013166556946, 1.0)",2,99.4833322079866,24908
"(0.7164894725870335, 1.0)",1,99.48332431489357,24909
"(0.6825396825396824, 1.0)",1,99.48331099794515,24910
"(0.9333333333333332, 1.0)",1,99.4832451198305,24911
"(0.917469251615593, 1.0)",1,99.48321703257518,24912
"(0.6521663785997688, 1.0)",1,99.48320071104511,24913
"(0.7916666666666666, 1.0)",1,99.4831584522234,24914
"(0.934122934122934, 1.0)",1,99.48315185414027,24915
"(0.9833040078201368, 0.9958292603453894)",1,99.4830447727792,24916
"(0.7077308656256025, 1.0)",1,99.48302382289,24917
"(0.9499687304565352, 0.9833229101521784)",4,99.48301021471758,24921
"(0.9916585206907788, 0.9958292603453894)",1,99.48296268261797,24922
"(0.8976982097186702, 1.0)",2,99.48296259048844,24924
"(0.8468089381754635, 1.0)",1,99.48290774067604,24925
"(0.6698155645524068, 1.0)",1,99.482857689615,24926
"(0.7416325017951034, 1.0)",1,99.48270057849749,24927
"(0.746304385688563, 1.0)",1,99.48269347662335,24928
"(0.9333333333333332, 1.0)",1,99.4826908643674,24929
"(0.7802197802197803, 1.0)",1,99.48267396226464,24930
"(0.8552744708994707, 1.0)",1,99.48267075715926,24931
"(0.8068904981347378, 1.0)",1,99.48265127755406,24932
"(0.9303715638302106, 1.0)",1,99.48263780594009,24933
"(0.8736897274633123, 1.0)",1,99.4826080736403,24934
"(0.9167853751187084, 1.0)",2,99.4825664245084,24936
"(0.9, 1.0)",2,99.482508491366,24938
"(0.9665831244778612, 1.0)",1,99.48250001914508,24939
"(0.9666562434855118, 1.0)",1,99.48247596051728,24940
"(0.8468089381754635, 1.0)",1,99.48246240750822,24941
"(0.6825396825396824, 1.0)",1,99.48241460436584,24942
"(0.882673371045464, 1.0)",1,99.48236051887122,24943
"(0.799275702501509, 1.0)",1,99.48230629336264,24944
"(1.0, 1.0)",2,99.48227990371792,24946
"(0.799275702501509, 1.0)",1,99.48226460063805,24947
"(0.9833040078201368, 0.9958292603453894)",1,99.48220085101484,24948
"(0.8832603710652491, 1.0)",1,99.48216303292878,24949
"(0.9665831244778612, 1.0)",1,99.48213279641558,24950
"(0.8651903651903651, 1.0)",1,99.48211907017172,24951
"(0.6825396825396824, 1.0)",1,99.48210033710228,24952
"(0.9665831244778612, 1.0)",2,99.48207345757824,24954
"(0.7994987468671678, 1.0)",1,99.48203842940686,24955
"(0.7042648709315374, 1.0)",1,99.48203672526728,24956
"(0.6831352928913905, 1.0)",2,99.48201486860025,24958
"(0.8976982097186702, 1.0)",1,99.48201229339092,24959
"(0.7979797979797979, 1.0)",2,99.48197890003624,24961
"(0.8435517970401691, 1.0)",1,99.4819653782356,24962
"(1.0, 1.0)",1,99.4819546253303,24963
"(0.7030539311241066, 1.0)",2,99.4819445274839,24965
"(0.917415489944373, 1.0)",1,99.48190253005627,24966
"(0.6760835913312693, 1.0)",2,99.48189722125674,24968
"(0.917469251615593, 1.0)",1,99.4818475734946,24969
"(0.9871616776282092, 0.9958292603453894)",1,99.48183752676933,24970
"(0.8976982097186702, 1.0)",1,99.48182915797308,24971
"(0.9331662489557224, 1.0)",1,99.48179617969949,24972
"(0.8325755070546736, 1.0)",1,99.4817806326348,24973
"(0.9441792447111594, 1.0)",1,99.48173408791288,24974
"(0.9333333333333332, 1.0)",1,99.48172975727084,24975
"(0.9326599326599326, 1.0)",1,99.48172955850022,24976
"(0.7183489076634237, 1.0)",1,99.48172617416137,24977
"(0.944073617452092, 1.0)",1,99.48169566317333,24978
"(0.8651903651903651, 1.0)",1,99.4816540006953,24979
"(0.9161952650324744, 1.0)",1,99.48164904575668,24980
"(0.917415489944373, 1.0)",1,99.48159533140276,24981
"(0.6825396825396824, 1.0)",1,99.48159480893756,24982
"(0.9169719169719168, 1.0)",1,99.48158273198572,24983
"(0.6825396825396824, 1.0)",1,99.48153211311106,24984
"(0.8976982097186702, 1.0)",2,99.4815302273975,24986
"(0.8840455840455841, 1.0)",1,99.48151261629522,24987
"(0.9299160159815896, 1.0)",1,99.4815077792938,24988
"(0.7164894725870335, 1.0)",4,99.48142251800788,24992
"(0.9833229101521784, 1.0)",1,99.48127998406132,24993
"(0.8222222222222222, 1.0)",1,99.48124894646077,24994
"(0.6638632083547339, 1.0)",1,99.48123304405884,24995
"(0.9665831244778612, 1.0)",2,99.48121021785528,24997
"(0.8552744708994707, 1.0)",1,99.48119640050852,24998
"(0.7734344933751168, 1.0)",1,99.48116535900073,24999
"(0.861111111111111, 1.0)",1,99.481159469464,25000
"(0.8294970161977834, 1.0)",1,99.48115231765884,25001
"(0.7183489076634237, 1.0)",1,99.48109916865032,25002
"(0.8374727668845315, 1.0)",1,99.4810480074544,25003
"(0.868077055383557, 1.0)",1,99.48104456225728,25004
"(0.8222222222222222, 1.0)",1,99.48103014119276,25005
"(0.8329050741331443, 1.0)",1,99.48101341949564,25006
"(0.7183489076634237, 1.0)",1,99.48095999010924,25007
"(0.8887202421952387, 1.0)",2,99.48094073823869,25009
"(0.8177442148030384, 1.0)",1,99.48091009882452,25010
"(0.9584987529902784, 1.0)",2,99.48087464822046,25012
"(0.8316498316498316, 1.0)",1,99.48083899175042,25013
"(0.9665831244778612, 1.0)",1,99.48079794531016,25014
"(0.7164894725870335, 1.0)",1,99.48077096352311,25015
"(0.8976982097186702, 1.0)",1,99.48076760307674,25016
"(0.8420013166556946, 1.0)",2,99.48076500756405,25018
"(0.6698155645524068, 1.0)",1,99.48074994281949,25019
"(0.930704099821747, 1.0)",1,99.48071853879246,25020
"(0.9437903841498612, 1.0)",1,99.48071509281296,25021
"(0.8420013166556946, 1.0)",2,99.4807126979858,25023
"(0.9161952650324744, 1.0)",1,99.48064673615916,25024
"(0.8547756205106323, 1.0)",1,99.48063864244972,25025
"(0.8420013166556946, 1.0)",1,99.4805874630724,25026
"(0.9665831244778612, 1.0)",1,99.4805743197138,25027
"(0.8887202421952387, 1.0)",1,99.48057403849508,25028
"(0.7979797979797979, 1.0)",1,99.48051948051948,25029
"(1.0, 1.0)",1,99.4805019134456,25030
"(0.7077308656256025, 1.0)",1,99.48049998000306,25031
"(0.7880931329207191, 1.0)",1,99.48045525140849,25032
"(0.933096859926128, 1.0)",3,99.48044223485772,25035
"(0.9326599326599326, 1.0)",1,99.4804238605176,25036
"(0.7204751921733054, 1.0)",2,99.48028638945206,25038
"(0.9300671002153482, 1.0)",1,99.4802496453255,25039
"(0.8796475392220073, 1.0)",1,99.48019849621284,25040
"(0.9008627640703112, 1.0)",1,99.48019747567632,25041
"(0.9442283950617284, 1.0)",1,99.48018089183194,25042
"(0.8137566137566138, 1.0)",1,99.48017265385688,25043
"(0.7164894725870335, 1.0)",2,99.48017167633152,25045
"(0.917415489944373, 1.0)",1,99.4801146231294,25046
"(0.617513611615245, 1.0)",1,99.48010608834348,25047
"(0.8137865219658889, 1.0)",1,99.48007748389227,25048
"(0.868077055383557, 1.0)",1,99.48003172133558,25049
"(0.8432903075760217, 1.0)",1,99.48000146337704,25050
"(0.8814814814814814, 1.0)",4,99.47998875559853,25054
"(0.6825396825396824, 1.0)",1,99.47998726569192,25055
"(0.8796475392220073, 1.0)",1,99.47993340129392,25056
"(0.8222222222222222, 1.0)",2,99.4799048496855,25058
"(0.9299160159815896, 1.0)",1,99.47988854689896,25059
"(0.917849761232425, 1.0)",1,99.47987530134188,25060
"(0.8374727668845315, 1.0)",1,99.47979262075764,25061
"(0.7503607503607503, 1.0)",1,99.47978618908851,25062
"(0.8468951683237397, 1.0)",1,99.47974840836568,25063
"(0.7077308656256025, 1.0)",1,99.4796702468673,25064
"(0.9008025849489264, 1.0)",1,99.47962665157787,25065
"(0.8137566137566138, 1.0)",1,99.47961920644848,25066
"(0.9326599326599326, 1.0)",1,99.47954364522263,25067
"(0.8420013166556946, 1.0)",2,99.47953221053533,25069
"(0.8468951683237397, 1.0)",1,99.4794870089342,25070
"(0.8449978636391381, 1.0)",1,99.47935670369478,25071
"(0.9746854694957162, 0.9958292603453894)",2,99.4793562106308,25073
"(0.9331662489557224, 1.0)",1,99.47934016666996,25074
"(0.9833229101521784, 1.0)",1,99.47929590971953,25075
"(0.6760835913312693, 1.0)",1,99.47927185610678,25076
"(0.7802197802197803, 1.0)",1,99.47925707545971,25077
"(0.7294281157362763, 1.0)",1,99.4792331234853,25078
"(0.6907243513029603, 1.0)",1,99.4792079095466,25079
"(0.8547756205106323, 1.0)",1,99.47920634772431,25080
"(0.8167571527336316, 1.0)",1,99.479178593626,25081
"(0.8468951683237397, 1.0)",2,99.47912292250273,25083
"(0.8137865219658889, 1.0)",1,99.4790577828726,25084
"(0.9833229101521784, 1.0)",1,99.47900757817315,25085
"(0.8653198653198653, 1.0)",1,99.4790059810136,25086
"(1.0, 1.0)",1,99.47900539526157,25087
"(0.8997493734335841, 1.0)",1,99.4789996410664,25088
"(0.8294970161977834, 1.0)",1,99.47896465026103,25089
"(0.8420013166556946, 1.0)",1,99.47891564046697,25090
"(0.799275702501509, 1.0)",1,99.47883841295504,25091
"(0.8796475392220073, 1.0)",1,99.47883625522716,25092
"(1.0, 1.0)",1,99.47882750939722,25093
"(0.9833229101521784, 1.0)",1,99.4788017725226,25094
"(0.8840455840455841, 1.0)",1,99.47878342173516,25095
"(0.8796475392220073, 1.0)",1,99.4787599230584,25096
"(0.9665831244778612, 1.0)",1,99.4787478511411,25097
"(0.8796475392220073, 1.0)",1,99.47873907669609,25098
"(0.6907243513029603, 1.0)",1,99.47871572670496,25099
"(0.9497171590194848, 1.0)",1,99.47860410628805,25100
"(0.8432903075760217, 1.0)",1,99.47856577669536,25101
"(0.9833040078201368, 0.9958292603453894)",1,99.47855998635896,25102
"(0.7503607503607503, 1.0)",1,99.4785334036205,25103
"(0.8848000715856217, 1.0)",1,99.4784993242738,25104
"(0.6698155645524068, 1.0)",1,99.47846270151246,25105
"(0.9441595441595442, 1.0)",1,99.47844690981472,25106
"(0.8848000715856217, 1.0)",1,99.4784379911822,25107
"(0.9300671002153482, 1.0)",1,99.47841722012782,25108
"(0.6698155645524068, 1.0)",1,99.47840000568596,25109
"(0.9326599326599326, 1.0)",1,99.47835375061696,25110
"(0.8796475392220073, 1.0)",1,99.47826649360417,25111
"(0.8796475392220073, 1.0)",2,99.4782652957345,25113
"(0.987491854024112, 0.9958292603453894)",1,99.47823150629122,25114
"(0.7601164382773579, 1.0)",1,99.47819892189878,25115
"(0.7164894725870335, 1.0)",6,99.47811357376774,25121
"(0.6521663785997688, 1.0)",1,99.478084359782,25122
"(0.9874762808349148, 0.9958292603453894)",1,99.47807232243348,25123
"(0.7164894725870335, 1.0)",1,99.47805087794124,25124
"(0.8997493734335841, 1.0)",1,99.47804430710843,25125
"(0.9583930063253372, 1.0)",1,99.47799292937694,25126
"(0.8814814814814814, 1.0)",1,99.47788702917268,25127
"(0.6521663785997688, 1.0)",1,99.47788016280036,25128
"(0.8449978636391381, 1.0)",1,99.4778764304266,25129
"(0.786508365740383, 1.0)",1,99.47787434843798,25130
"(0.7802197802197803, 1.0)",1,99.47787344717575,25131
"(0.6556183301946014, 1.0)",1,99.47784055241682,25132
"(0.9874762808349148, 0.9958292603453894)",1,99.47781419083285,25133
"(0.7734344933751168, 1.0)",1,99.477814124584,25134
"(0.9364685314685316, 0.9958292603453894)",1,99.47780600487424,25135
"(0.9300671002153482, 1.0)",1,99.47770106968332,25136
"(0.8137865219658889, 1.0)",1,99.47765804603311,25137
"(0.4776542240827955, 1.0)",1,99.4776542240828,25138
"(0.7119388248146047, 1.0)",1,99.47764493595464,25139
"(0.7198480531813864, 1.0)",1,99.4775932197316,25140
"(0.8579868984630887, 1.0)",2,99.47758865118044,25142
"(0.861111111111111, 1.0)",1,99.47758127021692,25143
"(0.8697983697983697, 1.0)",1,99.47758015440942,25144
"(0.987491854024112, 0.9958292603453894)",1,99.47757384315727,25145
"(0.8796475392220073, 1.0)",1,99.47755579746402,25146
"(0.7531792444073147, 1.0)",1,99.47750753543536,25147
"(0.844988344988345, 1.0)",1,99.47749675798455,25148
"(0.7090909090909091, 1.0)",3,99.4774253693118,25151
"(0.6747507742934573, 1.0)",1,99.477415529655,25152
"(0.8016677935542034, 1.0)",1,99.47740452294948,25153
"(0.944563492063492, 1.0)",1,99.47739805327004,25154
"(0.81893131227901, 1.0)",2,99.47737608892508,25156
"(0.8736897274633123, 1.0)",1,99.4773657400192,25157
"(0.8329156223893065, 1.0)",1,99.47736006683375,25158
"(0.8016677935542034, 1.0)",1,99.47734182712296,25159
"(0.933249791144528, 1.0)",1,99.47729231621516,25160
"(1.0, 1.0)",2,99.47729153142144,25162
"(0.9295946890286512, 1.0)",1,99.47728437372872,25163
"(0.9833229101521784, 1.0)",2,99.47725386101258,25165
"(0.8125031257814453, 1.0)",1,99.47723952729814,25166
"(0.6969696969696969, 1.0)",1,99.47723387397836,25167
"(0.7965746171391332, 1.0)",1,99.4772274400378,25168
"(0.9666666666666668, 1.0)",1,99.47721275059224,25169
"(0.7802197802197803, 1.0)",2,99.4771838443809,25171
"(0.9331094582012576, 1.0)",1,99.477169466636,25172
"(0.6042502004811546, 1.0)",1,99.47710413881624,25173
"(0.8222222222222222, 1.0)",1,99.47710002288214,25174
"(0.8796475392220073, 1.0)",2,99.47707746903389,25176
"(0.9497171590194846, 1.0)",1,99.47703571720648,25177
"(0.7880931329207191, 1.0)",1,99.4769611754473,25178
"(0.7802197802197803, 1.0)",1,99.47687048316207,25179
"(0.9499687304565352, 1.0)",2,99.47679440889776,25181
"(0.8736897274633123, 1.0)",1,99.47675895765602,25182
"(0.9833229101521784, 1.0)",1,99.47673555171689,25183
"(0.8374727668845315, 1.0)",1,99.4766874621605,25184
"(0.9916585206907788, 0.9958292603453894)",1,99.47664202578191,25185
"(0.6521663785997688, 1.0)",1,99.47663782259248,25186
"(0.7083333333333334, 1.0)",1,99.4765842513654,25187
"(0.7994987468671678, 1.0)",1,99.47655355878568,25188
"(0.9665831244778612, 1.0)",3,99.47653180871473,25191
"(0.8552744708994707, 1.0)",2,99.47652484990265,25193
"(0.7687400318979267, 1.0)",1,99.47645392890466,25194
"(0.8222222222222222, 1.0)",1,99.47643020594964,25195
"(0.8635976129582268, 1.0)",1,99.476414786751,25196
"(0.9497171590194846, 1.0)",2,99.47640562893066,25198
"(0.8468951683237397, 1.0)",1,99.4763639134073,25199
"(0.861111111111111, 1.0)",1,99.47631072631071,25200
"(0.9299507899507898, 1.0)",1,99.47628051025788,25201
"(0.8997493734335841, 1.0)",1,99.47616704007892,25202
"(0.8280121312379377, 1.0)",1,99.47611259660692,25203
"(0.9326599326599326, 1.0)",2,99.47602549241893,25205
"(0.6733821733821733, 1.0)",1,99.47602428616696,25206
"(0.8997493734335841, 1.0)",1,99.47601662588826,25207
"(0.9326599326599326, 1.0)",1,99.47601627941036,25208
"(0.7711781618000022, 1.0)",1,99.47601290861584,25209
"(0.7675138481590094, 1.0)",1,99.47598737554688,25210
"(0.7278086237149632, 1.0)",1,99.47598048788772,25211
"(0.8420013166556946, 1.0)",1,99.47597268042362,25212
"(0.9331662489557224, 1.0)",1,99.47591454392996,25213
"(0.9497171590194846, 1.0)",1,99.47586584205251,25214
"(0.808446455505279, 1.0)",1,99.4758311635404,25215
"(0.8151249335459861, 1.0)",1,99.4758002540775,25216
"(0.7416325017951034, 1.0)",3,99.47572556922152,25219
"(0.8796475392220073, 1.0)",1,99.47569617725398,25220
"(0.9833229101521784, 1.0)",1,99.47568347837029,25221
"(0.7944219523166891, 1.0)",1,99.47565490184232,25222
"(0.6825396825396824, 1.0)",5,99.47557439173292,25227
"(0.8229870141950848, 1.0)",1,99.47555241024234,25228
"(0.7090909090909091, 1.0)",2,99.47554895539491,25230
"(0.7965746171391332, 1.0)",1,99.47551821068528,25231
"(0.9333333333333332, 1.0)",1,99.4755127646232,25232
"(0.5925925925925927, 1.0)",1,99.4754760005678,25233
"(0.868077055383557, 1.0)",2,99.47543818753095,25235
"(0.8476190476190477, 1.0)",1,99.4754273350018,25236
"(0.9003556829643787, 1.0)",1,99.47539684313254,25237
"(0.9009287520039462, 1.0)",1,99.47538619276853,25238
"(0.7109688804604058, 1.0)",1,99.47535146995538,25239
"(0.7675138481590094, 1.0)",1,99.47534370715374,25240
"(0.8420013166556946, 1.0)",1,99.475301862023,25241
"(0.9161952650324744, 1.0)",1,99.475192365493,25242
"(0.7090909090909091, 1.0)",1,99.47517199230488,25243
"(0.8374727668845315, 1.0)",1,99.47511587629351,25244
"(0.8635976129582268, 1.0)",1,99.47508522322184,25245
"(0.9666562434855118, 1.0)",1,99.47507761193064,25246
"(0.8329156223893065, 1.0)",2,99.47504660065188,25248
"(0.8976982097186702, 1.0)",1,99.47492796986032,25249
"(0.9499687304565352, 1.0)",1,99.47492183032678,25250
"(0.808446455505279, 1.0)",1,99.47490071246612,25251
"(0.617513611615245, 1.0)",1,99.47482900153932,25252
"(0.7880931329207191, 1.0)",1,99.47480652665348,25253
"(1.0, 0.9958292603453894)",1,99.47476401313207,25254
"(1.0, 1.0)",1,99.47473485823018,25255
"(0.7656073923822403, 1.0)",1,99.47469830147315,25256
"(0.7786375661375661, 1.0)",1,99.4746826319766,25257
"(0.9584987529902784, 1.0)",1,99.4746051955673,25258
"(0.7675138481590094, 1.0)",1,99.47450078444604,25259
"(0.8229870141950848, 1.0)",1,99.47448201892053,25260
"(0.7164894725870335, 1.0)",1,99.47447363205484,25261
"(0.8533622685185187, 1.0)",1,99.47441353042112,25262
"(0.8319340617212959, 1.0)",1,99.47432835855622,25263
"(0.9665831244778612, 1.0)",2,99.47429179008128,25265
"(0.8420013166556946, 1.0)",1,99.47425815821488,25266
"(0.933096859926128, 1.0)",1,99.47420021200509,25267
"(0.6698155645524068, 1.0)",1,99.47410608953794,25268
"(0.8316498316498316, 1.0)",1,99.47409214770006,25269
"(0.9497171590194846, 1.0)",2,99.47407686527254,25271
"(0.9441792447111594, 1.0)",1,99.47405361324356,25272
"(0.8653198653198653, 1.0)",1,99.47404878601232,25273
"(0.861111111111111, 1.0)",1,99.47398759511532,25274
"(0.9871616776282092, 1.0)",1,99.4739374791275,25275
"(0.808446455505279, 1.0)",1,99.47386605220802,25276
"(0.725278469959321, 1.0)",1,99.47386426505676,25277
"(0.8420013166556946, 1.0)",1,99.47384509752774,25278
"(0.6830409356725146, 1.0)",1,99.47383040935672,25279
"(0.9441792447111594, 1.0)",1,99.4738221800645,25280
"(0.6544644252235129, 1.0)",1,99.4738112201718,25281
"(0.7979797979797979, 1.0)",1,99.47369061361638,25282
"(0.882673371045464, 1.0)",1,99.47363183597902,25283
"(0.9958292603453894, 0.9958292603453894)",1,99.47361815498432,25284
"(0.7075023741690408, 1.0)",1,99.47359388056417,25285
"(0.9578375055710984, 1.0)",1,99.47356392645256,25286
"(0.944073617452092, 1.0)",1,99.4735610655014,25287
"(0.8615866942983156, 1.0)",1,99.47354068023604,25288
"(0.9297812306740878, 1.0)",1,99.47349101813307,25289
"(0.933096859926128, 1.0)",1,99.47345750358664,25290
"(1.0, 1.0)",4,99.47344515732377,25294
"(0.9497171590194846, 1.0)",1,99.47344515732377,25295
"(0.933096859926128, 1.0)",2,99.47337086193268,25297
"(0.8586166985951469, 1.0)",1,99.47336667509126,25298
"(0.868077055383557, 1.0)",1,99.4732966820616,25299
"(0.930704099821747, 1.0)",1,99.47324183952723,25300
"(0.9791625936787228, 0.9958292603453894)",1,99.47322774252696,25301
"(0.7979797979797979, 1.0)",1,99.47317080880512,25302
"(0.8068904981347378, 1.0)",1,99.47312839928472,25303
"(0.8976982097186702, 1.0)",2,99.47309098511144,25305
"(0.9300671002153482, 1.0)",1,99.47308658938272,25306
"(0.8635976129582268, 1.0)",1,99.47307663491932,25307
"(0.8310777799491891, 1.0)",1,99.47294689835256,25308
"(0.5555555555555555, 1.0)",5,99.47294439977368,25313
"(0.7916666666666666, 1.0)",1,99.47292768207402,25314
"(0.5555555555555555, 1.0)",1,99.47285469371027,25315
"(0.738145558145558, 1.0)",1,99.47282427201128,25316
"(0.8885714285714285, 1.0)",1,99.4727902816312,25317
"(0.7164894725870335, 1.0)",1,99.47275513674744,25318
"(0.861111111111111, 1.0)",1,99.47274527495888,25319
"(0.930124456440246, 1.0)",1,99.47274498685913,25320
"(0.8468951683237397, 1.0)",1,99.4727249290172,25321
"(0.8653198653198653, 1.0)",1,99.47272043993368,25322
"(0.9497171590194846, 1.0)",1,99.4727193825521,25323
"(1.0, 1.0)",1,99.47268110761952,25324
"(0.8305135146220418, 1.0)",1,99.47256805525092,25325
"(0.8053381731676306, 1.0)",2,99.47256620092377,25327
"(0.8317471971585321, 1.0)",1,99.47255197819726,25328
"(0.898989898989899, 1.0)",1,99.47253150942004,25329
"(0.5555555555555555, 1.0)",1,99.47249455721855,25330
"(0.738145558145558, 1.0)",1,99.47245784012534,25331
"(0.7075023741690408, 1.0)",2,99.47239240735176,25333
"(0.5910680656443368, 1.0)",1,99.47236229237248,25334
"(0.9833229101521784, 1.0)",1,99.4723227854193,25335
"(0.8222222222222222, 1.0)",1,99.47229229100796,25336
"(0.8976982097186702, 1.0)",1,99.472244564499,25337
"(0.9299160159815896, 1.0)",1,99.47224245663948,25338
"(0.7632275132275131, 1.0)",2,99.47223907428508,25340
"(0.9018806250259218, 1.0)",1,99.47222759288286,25341
"(1.0, 1.0)",2,99.47220137585992,25343
"(0.9833229101521784, 1.0)",1,99.4721805294976,25344
"(0.8177442148030384, 1.0)",1,99.47217638305634,25345
"(1.0, 1.0)",1,99.47217010631644,25346
"(0.9166145507608924, 1.0)",7,99.47217010631644,25353
"(0.5555555555555555, 1.0)",3,99.47217010631644,25356
"(0.7077308656256025, 1.0)",1,99.47215656388734,25357
"(0.8476190476190477, 1.0)",2,99.47214879945972,25359
"(0.9018806250259218, 1.0)",1,99.47214131087456,25360
"(0.8635976129582268, 1.0)",1,99.4721228400881,25361
"(0.5910680656443368, 1.0)",1,99.4720891855152,25362
"(0.7222222222222221, 1.0)",1,99.4720658745049,25363
"(0.9299160159815896, 1.0)",1,99.4720464749436,25364
"(0.9833229101521784, 1.0)",1,99.47204471466344,25365
"(0.9665831244778612, 1.0)",4,99.47204471466344,25369
"(0.8796475392220073, 1.0)",1,99.47204051210278,25370
"(0.9164652836623464, 1.0)",15,99.4720208392179,25385
"(0.757745166550198, 1.0)",1,99.47194311529748,25386
"(0.757745166550198, 1.0)",2,99.47193269211633,25388
"(0.9833229101521784, 1.0)",1,99.47192895806054,25389
"(0.9497171590194848, 1.0)",2,99.47185583905288,25391
"(0.9665831244778612, 1.0)",2,99.47185583905288,25393
"(0.8997493734335841, 1.0)",1,99.47183898222396,25394
"(0.933096859926128, 1.0)",1,99.47181739864666,25395
"(0.9497171590194848, 1.0)",1,99.47168145549792,25396
"(0.9833229101521784, 1.0)",1,99.47165756793484,25397
"(0.7164894725870335, 1.0)",3,99.471592062353,25400
"(0.9169719169719168, 1.0)",1,99.4715901911078,25401
"(0.7075023741690408, 1.0)",1,99.47158310397506,25402
"(1.0, 1.0)",2,99.47153839836768,25404
"(0.9833229101521784, 1.0)",1,99.47153839836768,25405
"(0.9326599326599326, 1.0)",1,99.47153839836768,25406
"(0.9299507899507898, 1.0)",1,99.4715259766,25407
"(0.8455704732698088, 1.0)",1,99.47151197931412,25408
"(0.8222222222222222, 1.0)",1,99.47150765925852,25409
"(0.8222222222222222, 1.0)",1,99.47141332019382,25410
"(0.8222222222222222, 1.0)",1,99.47140772506626,25411
"(0.6825396825396824, 1.0)",2,99.47140772506626,25413
"(0.8420013166556946, 1.0)",1,99.47140067270966,25414
"(0.7802197802197803, 1.0)",1,99.47137257393392,25415
"(0.7961989230281913, 1.0)",1,99.4713230069573,25416
"(0.7944219523166891, 1.0)",1,99.4712902309118,25417
"(1.0, 1.0)",2,99.47127208450507,25419
"(0.8222222222222222, 1.0)",1,99.47124979807909,25420
"(0.859499940327008, 1.0)",1,99.47124867355583,25421
"(0.8976982097186702, 1.0)",1,99.4712398201488,25422
"(0.8468951683237397, 1.0)",1,99.47120513249988,25423
"(0.8229870141950848, 1.0)",1,99.47118126368922,25424
"(0.8222222222222222, 1.0)",1,99.47116253688785,25425
"(0.6378166586499919, 1.0)",1,99.47111636348608,25426
"(0.844988344988345, 1.0)",1,99.47102393772498,25427
"(0.7802197802197803, 1.0)",1,99.47094716100943,25428
"(0.8547756205106323, 1.0)",1,99.47094289088962,25429
"(1.0, 1.0)",7,99.47089947089948,25436
"(0.9326599326599326, 1.0)",1,99.47087006085722,25437
"(0.9166682405676116, 1.0)",1,99.47084853778362,25438
"(0.7077308656256025, 1.0)",1,99.47084239865184,25439
"(0.7222222222222221, 1.0)",1,99.47081608545024,25440
"(0.8310777799491891, 1.0)",1,99.47072287110728,25441
"(0.8762860082304527, 1.0)",1,99.4705826041664,25442
"(0.9833229101521784, 1.0)",1,99.47054111200453,25443
"(0.8840048840048841, 1.0)",1,99.4705085971632,25444
"(0.9165164082221422, 1.0)",1,99.47046903679993,25445
"(0.8068904981347378, 1.0)",1,99.47037064941976,25446
"(0.8613656783468103, 1.0)",1,99.47035764417922,25447
"(0.738095238095238, 1.0)",1,99.47035631605593,25448
"(0.7687400318979267, 1.0)",1,99.4703452863652,25449
"(0.9303715638302106, 1.0)",1,99.47029402192813,25450
"(0.9445235834124724, 1.0)",1,99.47029374823155,25451
"(0.9833040078201368, 0.9958292603453894)",1,99.47020645040742,25452
"(0.9018806250259218, 1.0)",1,99.47013079051656,25453
"(0.8840455840455841, 1.0)",1,99.4701015109828,25454
"(0.8579868984630887, 1.0)",1,99.47009622779986,25455
"(0.859499940327008, 1.0)",2,99.47008835201152,25457
"(0.8633762288330498, 1.0)",1,99.47007816886833,25458
"(0.9832965806068272, 0.9958292603453894)",1,99.47007072030844,25459
"(0.861111111111111, 1.0)",1,99.4700140894621,25460
"(0.9499687304565352, 1.0)",1,99.47000706796408,25461
"(0.9333333333333332, 1.0)",1,99.46996050834304,25462
"(0.9158007932517735, 1.0)",1,99.46995539701618,25463
"(0.8372053872053872, 1.0)",1,99.46991128762184,25464
"(0.7479743867590829, 1.0)",1,99.46977588533665,25465
"(0.9833229101521784, 1.0)",1,99.46970690540078,25466
"(0.8372053872053872, 1.0)",1,99.46965396785232,25467
"(0.81893131227901, 1.0)",1,99.46958599835727,25468
"(0.944073617452092, 1.0)",1,99.46951221289046,25469
"(0.8796475392220073, 1.0)",2,99.46947325066026,25471
"(0.917849761232425, 1.0)",2,99.46945628988806,25473
"(0.9192093318943212, 1.0)",1,99.4694510357493,25474
"(0.8976982097186702, 1.0)",1,99.46945060509108,25475
"(0.9192093318943212, 1.0)",1,99.46939514676288,25476
"(0.6698155645524068, 1.0)",1,99.46938743042722,25477
"(0.8615866942983156, 1.0)",1,99.46935663827593,25478
"(0.861111111111111, 1.0)",1,99.4693494712824,25479
"(0.7326649958228906, 1.0)",1,99.4693003929461,25480
"(0.7687400318979267, 1.0)",1,99.46926401226789,25481
"(0.81893131227901, 1.0)",1,99.46923931220168,25482
"(0.8222222222222222, 1.0)",1,99.4692385590287,25483
"(0.9299507899507898, 1.0)",1,99.46922761780196,25484
"(0.7994987468671678, 1.0)",1,99.46919015910268,25485
"(0.8635976129582268, 1.0)",1,99.46918467360936,25486
"(0.8158879904162925, 1.0)",1,99.46917622413298,25487
"(0.9326599326599326, 1.0)",1,99.46916286328953,25488
"(1.0, 1.0)",1,99.4691241131484,25489
"(0.8697983697983697, 1.0)",1,99.46910115503852,25490
"(0.9833229101521784, 1.0)",2,99.46908894430533,25492
"(0.8468951683237397, 1.0)",1,99.4690025788137,25493
"(0.6698155645524068, 1.0)",1,99.46899608260328,25494
"(0.9958292603453894, 0.9958292603453894)",2,99.46895236506982,25496
"(0.8635976129582268, 1.0)",1,99.46893310217231,25497
"(0.7198480531813864, 1.0)",1,99.46891259518392,25498
"(0.9161952650324744, 1.0)",1,99.46887908843124,25499
"(0.861111111111111, 1.0)",1,99.46886884569813,25500
"(0.859499940327008, 1.0)",1,99.4688666915028,25501
"(0.861111111111111, 1.0)",1,99.46881337446904,25502
"(0.9506533178503804, 1.0)",1,99.4688088422988,25503
"(0.5807100687237674, 1.0)",1,99.4687651130946,25504
"(0.7164894725870335, 1.0)",2,99.46875924482175,25506
"(0.6698155645524068, 1.0)",1,99.46874451116622,25507
"(0.8703703703703703, 1.0)",1,99.4687345798938,25508
"(0.8468951683237397, 1.0)",1,99.4686924838908,25509
"(0.8468951683237397, 1.0)",1,99.46868936297014,25510
"(0.8976982097186702, 1.0)",1,99.4686754408585,25511
"(0.7687400318979267, 1.0)",1,99.4686632622708,25512
"(0.6779618620193896, 1.0)",1,99.4686632317798,25513
"(0.901575014782562, 1.0)",1,99.4686624562824,25514
"(0.7030539311241066, 1.0)",1,99.46862869804228,25515
"(0.7498436522826767, 1.0)",1,99.46861026578614,25516
"(0.8165509259259259, 1.0)",1,99.46858721844154,25517
"(0.9873444118605408, 0.9958292603453894)",1,99.46856114415544,25518
"(0.9832965806068272, 0.9958292603453894)",1,99.4685411107658,25519
"(0.8840048840048841, 1.0)",2,99.46853078894436,25521
"(0.8319340617212959, 1.0)",1,99.4685188004606,25522
"(0.8635976129582268, 1.0)",1,99.46851452428469,25523
"(0.868077055383557, 1.0)",1,99.46850925377277,25524
"(0.8796475392220073, 1.0)",1,99.4684875183609,25525
"(0.9167853751187084, 1.0)",1,99.46844340146234,25526
"(0.8796475392220073, 1.0)",1,99.46838598753492,25527
"(0.9161952650324744, 1.0)",1,99.46834862525984,25528
"(0.7601164382773579, 1.0)",1,99.46833855805276,25529
"(0.987463247273494, 0.9958292603453894)",1,99.46831269287937,25530
"(0.7687400318979267, 1.0)",1,99.46823893550466,25531
"(0.9873444118605408, 0.9958292603453894)",1,99.46820062343792,25532
"(0.8635976129582268, 1.0)",1,99.4681978717305,25533
"(0.7340930674264006, 1.0)",1,99.4681861348528,25534
"(0.8068904981347378, 1.0)",2,99.46813720182551,25536
"(0.7204751921733054, 1.0)",1,99.46810552868624,25537
"(0.9326599326599326, 1.0)",1,99.46806806525564,25538
"(0.844988344988345, 1.0)",1,99.46804351466722,25539
"(0.8813080639167598, 1.0)",1,99.4680345990304,25540
"(0.8976982097186702, 1.0)",1,99.46802905829826,25541
"(0.8848000715856217, 1.0)",1,99.46798217028906,25542
"(0.8137566137566138, 1.0)",2,99.46796459748404,25544
"(0.8468951683237397, 1.0)",1,99.4679456350794,25545
"(0.8053381731676306, 1.0)",1,99.46794510841602,25546
"(0.9833229101521784, 1.0)",1,99.4678890362582,25547
"(0.7574146783449108, 1.0)",1,99.46787924640492,25548
"(0.7479743867590829, 1.0)",1,99.46782397143248,25549
"(1.0, 1.0)",1,99.4678065033584,25550
"(0.8420013166556946, 1.0)",2,99.4677067765075,25552
"(0.8294970161977834, 1.0)",1,99.46769772700988,25553
"(0.9833229101521784, 1.0)",1,99.46767961713144,25554
"(0.6638632083547339, 1.0)",1,99.46767944824715,25555
"(0.9499687304565352, 1.0)",1,99.467644080681,25556
"(0.8420013166556946, 1.0)",1,99.467644080681,25557
"(0.9833229101521784, 1.0)",1,99.4676281395888,25558
"(0.8307349903094585, 1.0)",1,99.46762114509036,25559
"(0.916104916104916, 1.0)",1,99.4676191271936,25560
"(0.7880931329207191, 1.0)",1,99.46761559396889,25561
"(0.8294970161977834, 1.0)",1,99.46759563844276,25562
"(0.8633762288330498, 1.0)",2,99.46758860024248,25564
"(0.8420013166556946, 1.0)",1,99.4675813848545,25565
"(0.944563492063492, 1.0)",1,99.46754230161416,25566
"(0.8651903651903651, 1.0)",1,99.46753670051854,25567
"(0.9833229101521784, 1.0)",1,99.46753038624608,25568
"(0.8016677935542034, 1.0)",1,99.46753038624608,25569
"(0.6825396825396824, 1.0)",8,99.46753038624608,25577
"(0.7042648709315374, 1.0)",1,99.46751273768892,25578
"(0.7734344933751168, 1.0)",1,99.46750508218256,25579
"(0.8651903651903651, 1.0)",1,99.46743220416104,25580
"(1.0, 1.0)",1,99.46740701105928,25581
"(0.6177248677248677, 1.0)",1,99.46738027578849,25582
"(0.9008025849489264, 1.0)",1,99.4673754429852,25583
"(0.8452611218568665, 1.0)",1,99.46735826590525,25584
"(0.8796475392220073, 1.0)",1,99.46728205217192,25585
"(0.808446455505279, 1.0)",1,99.4672543744758,25586
"(1.0, 1.0)",1,99.46718912052953,25587
"(0.8177442148030384, 1.0)",1,99.4671491530398,25588
"(0.901575014782562, 1.0)",1,99.46714123631187,25589
"(0.6760835913312693, 1.0)",1,99.46712419237826,25590
"(0.8040695048423352, 1.0)",1,99.46707156286789,25591
"(0.8349489264123411, 1.0)",2,99.46704605850948,25593
"(0.8294970161977834, 1.0)",1,99.4670279100774,25594
"(0.7545469576719577, 1.0)",1,99.46702772893757,25595
"(0.8547756205106323, 1.0)",1,99.46701937128036,25596
"(0.9300671002153482, 1.0)",1,99.46698248010031,25597
"(0.776488287126585, 1.0)",3,99.46689338633672,25600
"(1.0, 1.0)",1,99.46688970828446,25601
"(0.9161952650324744, 1.0)",1,99.46685344050528,25602
"(0.7155555555555556, 1.0)",1,99.4668481618501,25603
"(0.7090909090909091, 1.0)",1,99.46683607564113,25604
"(1.0, 1.0)",1,99.46683607564113,25605
"(0.7277677677677677, 1.0)",2,99.466782739363,25607
"(0.8261351052048725, 1.0)",1,99.46676353943946,25608
"(0.7574146783449108, 1.0)",1,99.46673034654351,25609
"(0.7183489076634237, 1.0)",1,99.46665711599776,25610
"(0.8420013166556947, 1.0)",1,99.46665511813876,25611
"(0.7222222222222221, 1.0)",1,99.4665937043986,25612
"(0.9166145507608922, 1.0)",1,99.46656880803222,25613
"(0.8468951683237397, 1.0)",1,99.46656086847725,25614
"(0.9665831244778612, 1.0)",2,99.46653845370147,25616
"(0.861111111111111, 1.0)",2,99.4664466003252,25618
"(0.8316498316498316, 1.0)",1,99.46642133507282,25619
"(0.917415489944373, 1.0)",1,99.46638171413524,25620
"(0.9166145507608924, 1.0)",1,99.466374383831,25621
"(0.8300265307680562, 1.0)",1,99.46636754700512,25622
"(0.80285509389987, 1.0)",1,99.46635644139948,25623
"(0.7687400318979267, 1.0)",1,99.46635423932496,25624
"(0.6825396825396824, 1.0)",1,99.46631723659516,25625
"(0.7294281157362763, 1.0)",1,99.46629532347376,25626
"(0.9499687304565352, 0.9833229101521784)",1,99.46629127540558,25627
"(0.8156295830714435, 1.0)",1,99.46627450543224,25628
"(0.8633762288330498, 1.0)",1,99.46625501219964,25629
"(0.7042648709315374, 1.0)",1,99.4662070792212,25630
"(0.8177442148030384, 1.0)",1,99.46617099365344,25631
"(0.617513611615245, 1.0)",1,99.4661563870873,25632
"(0.861111111111111, 1.0)",1,99.46609150639512,25633
"(0.7416325017951034, 1.0)",2,99.46602348864964,25635
"(0.944073617452092, 1.0)",2,99.46602004858076,25637
"(0.7030539311241066, 1.0)",2,99.46599604772476,25639
"(0.6698155645524068, 1.0)",1,99.46595226288233,25640
"(0.8840455840455841, 1.0)",1,99.46593315781956,25641
"(0.9161952650324744, 1.0)",1,99.4659138391413,25642
"(0.9158007932517735, 1.0)",1,99.46588753395024,25643
"(0.9832401090007582, 0.9958292603453894)",1,99.4658856480931,25644
"(0.6825396825396824, 1.0)",1,99.46587308980956,25645
"(0.7183489076634237, 1.0)",1,99.4658384921585,25646
"(0.7183489076634237, 1.0)",1,99.465837966159,25647
"(0.8533622685185187, 1.0)",1,99.465830952529,25648
"(0.9161952650324744, 1.0)",1,99.46583014021292,25649
"(0.8420013166556946, 1.0)",1,99.46582576806637,25650
"(0.9, 1.0)",1,99.46581711456642,25651
"(0.9873891625615764, 0.9958292603453894)",1,99.46580153467882,25652
"(0.8697983697983697, 1.0)",1,99.4657687813836,25653
"(0.8997493734335841, 1.0)",1,99.4657679175606,25654
"(0.8976982097186702, 1.0)",1,99.46576222905892,25655
"(0.7979797979797979, 1.0)",1,99.46574889119653,25656
"(0.8158879904162925, 1.0)",1,99.46574739652388,25657
"(0.8294970161977834, 1.0)",1,99.46574495981172,25658
"(0.9333333333333332, 1.0)",1,99.46572685622748,25659
"(0.8112275321577646, 1.0)",1,99.46570140425452,25660
"(0.987491854024112, 0.9958292603453894)",1,99.46569068057676,25661
"(0.6825396825396824, 1.0)",1,99.46567481869153,25662
"(0.9501563219469168, 0.9958292603453894)",2,99.46565280415284,25664
"(0.9833211143695014, 0.9958292603453894)",1,99.4656128659459,25665
"(0.8333333333333334, 1.0)",1,99.4655901748925,25666
"(0.9161952650324744, 1.0)",1,99.46555851054462,25667
"(0.8599206349206349, 1.0)",1,99.46550648924212,25668
"(0.8222222222222222, 1.0)",1,99.46548536498844,25669
"(0.812557599070401, 1.0)",1,99.46547736587442,25670
"(0.8976982097186702, 1.0)",1,99.46542282927255,25671
"(0.9161952650324744, 1.0)",1,99.4654113276587,25672
"(0.987491854024112, 0.9958292603453894)",1,99.4654093364292,25673
"(0.757745166550198, 1.0)",1,99.46539636773043,25674
"(0.8736897274633123, 1.0)",1,99.46538624581012,25675
"(0.816195709052852, 1.0)",1,99.4653812118969,25676
"(0.7994987468671678, 1.0)",1,99.46536133955902,25677
"(0.6825396825396824, 1.0)",1,99.46536055142796,25678
"(0.8101143854687974, 1.0)",2,99.46533847319682,25680
"(0.8814814814814814, 1.0)",1,99.465316171598,25681
"(0.7711781618000022, 1.0)",1,99.46527112237465,25682
"(0.7030539311241066, 1.0)",1,99.46526743763609,25683
"(0.8633762288330498, 1.0)",1,99.46526161390884,25684
"(0.6179693015417549, 1.0)",1,99.46522458704553,25685
"(0.8374727668845315, 1.0)",1,99.46520293398208,25686
"(0.7077308656256025, 1.0)",1,99.46518700597647,25687
"(0.8329156223893065, 1.0)",1,99.46517246394848,25688
"(0.8796475392220073, 1.0)",1,99.46513914110704,25689
"(0.6825396825396824, 1.0)",1,99.46508480346736,25690
"(0.7164894725870335, 1.0)",1,99.46507526768444,25691
"(0.6886904761904762, 1.0)",1,99.46507356846168,25692
"(0.8468951683237397, 1.0)",1,99.46505200733615,25693
"(0.6179693015417549, 1.0)",1,99.46503890135574,25694
"(0.7545469576719577, 1.0)",1,99.4650347999993,25695
"(0.6825396825396824, 1.0)",1,99.46500318521694,25696
"(0.6179693015417549, 1.0)",1,99.46494747515928,25697
"(0.617513611615245, 1.0)",1,99.4649289803534,25698
"(0.8676532769556025, 1.0)",1,99.4649275674258,25699
"(0.7164894725870335, 1.0)",1,99.4649177404633,25700
"(0.9833229101521784, 1.0)",1,99.46490871709464,25701
"(0.6760835913312693, 1.0)",1,99.46482073077112,25702
"(0.9161952650324744, 1.0)",1,99.46474956924712,25703
"(0.8229870141950848, 1.0)",2,99.46473985734394,25705
"(1.0, 1.0)",1,99.46473431263684,25706
"(0.9161952650324744, 1.0)",1,99.46466596328432,25707
"(0.970619176311776, 0.9958292603453894)",1,99.4646635649182,25708
"(0.7421018697614443, 1.0)",1,99.46463151912036,25709
"(0.7545469576719577, 1.0)",1,99.46459976102234,25710
"(0.8165520116739629, 1.0)",1,99.46458911105448,25711
"(0.8068904981347378, 1.0)",2,99.46454913537364,25713
"(0.6521663785997688, 1.0)",1,99.46452416303288,25714
"(0.8885714285714285, 1.0)",1,99.46451805088682,25715
"(0.9581458989353726, 1.0)",1,99.46449689832616,25716
"(0.7880931329207191, 1.0)",1,99.46448868381997,25717
"(0.861111111111111, 1.0)",1,99.46444669821952,25718
"(0.6804620726495727, 1.0)",1,99.46438297457344,25719
"(0.9300671002153482, 1.0)",1,99.46437414493236,25720
"(0.861111111111111, 1.0)",1,99.46435445320418,25721
"(0.6698155645524068, 1.0)",1,99.4642686010482,25722
"(1.0, 1.0)",1,99.4642197530516,25723
"(0.7802197802197803, 1.0)",2,99.4642188822762,25725
"(0.8997493734335841, 1.0)",1,99.4642158456885,25726
"(0.7545469576719577, 1.0)",1,99.46418129354038,25727
"(0.8165520116739629, 1.0)",1,99.4641245300332,25728
"(0.8420013166556946, 1.0)",1,99.46404752067336,25729
"(0.7802197802197803, 1.0)",3,99.46403000666568,25732
"(0.9027777777777778, 1.0)",1,99.46402736185142,25733
"(0.6804620726495727, 1.0)",1,99.46401593074368,25734
"(0.7961989230281913, 1.0)",1,99.4639680162449,25735
"(0.9833229101521784, 1.0)",1,99.46389722986598,25736
"(0.9833229101521784, 1.0)",1,99.46388330629674,25737
"(0.80285509389987, 1.0)",1,99.46383026216152,25738
"(0.4776542240827955, 1.0)",1,99.46382156551329,25739
"(0.9326599326599326, 1.0)",1,99.46379666732597,25740
"(0.6961063627730295, 1.0)",1,99.46379418771376,25741
"(0.6521663785997688, 1.0)",1,99.46374754734298,25742
"(0.9750943974852894, 0.9958292603453894)",1,99.4637465169017,25743
"(0.8997493734335841, 1.0)",1,99.46372228574508,25744
"(0.8845578466141503, 1.0)",1,99.46370034087714,25745
"(0.7155555555555556, 1.0)",2,99.46369202454764,25747
"(0.7277677677677677, 1.0)",1,99.46359548581384,25748
"(0.9499687304565352, 1.0)",1,99.46358807676737,25749
"(0.7077308656256025, 1.0)",1,99.46350681941796,25750
"(0.8814814814814814, 1.0)",1,99.46349206349204,25751
"(0.6042502004811546, 1.0)",1,99.46347978961865,25752
"(0.9003556829643787, 1.0)",1,99.46345981603,25753
"(0.8976982097186702, 1.0)",1,99.4633728716706,25754
"(0.6831352928913905, 1.0)",1,99.46335507311116,25755
"(0.9442283950617284, 1.0)",1,99.46327882136563,25756
"(1.0, 1.0)",1,99.46316506401118,25757
"(0.8165520116739629, 1.0)",1,99.4630700160867,25758
"(0.9331662489557224, 1.0)",1,99.46306638765658,25759
"(0.8635976129582268, 1.0)",1,99.46300332618507,25760
"(0.6825396825396824, 1.0)",1,99.46295597618898,25761
"(0.8294970161977834, 1.0)",1,99.46289583658849,25762
"(0.8703703703703703, 1.0)",1,99.46288148514466,25763
"(0.8796475392220073, 1.0)",1,99.4628566564491,25764
"(0.7612958226768967, 1.0)",1,99.46285386524876,25765
"(0.9833229101521784, 1.0)",1,99.4628350448065,25766
"(0.917849761232425, 1.0)",1,99.46280563156904,25767
"(0.8635976129582268, 1.0)",1,99.46277568549118,25768
"(0.7802197802197803, 1.0)",3,99.46275946275946,25771
"(0.9153439153439152, 1.0)",4,99.4626892902755,25775
"(0.7416325017951034, 1.0)",1,99.46268922285182,25776
"(0.9009534009534008, 1.0)",1,99.4625727662313,25777
"(0.9506533178503804, 1.0)",1,99.46256813198444,25778
"(0.9166145507608924, 1.0)",1,99.4624885440812,25779
"(0.7802197802197803, 1.0)",2,99.4624725818564,25781
"(0.8420013166556946, 1.0)",1,99.4624590218374,25782
"(0.9834440227703986, 0.9958292603453894)",1,99.46244071450938,25783
"(0.757745166550198, 1.0)",1,99.46239123665308,25784
"(0.7090909090909091, 1.0)",1,99.46228719048946,25785
"(0.8101143854687974, 1.0)",2,99.46227591806752,25787
"(0.7574146783449108, 1.0)",1,99.46227077924408,25788
"(0.8736897274633123, 1.0)",1,99.46220242019768,25789
"(0.6733821733821733, 1.0)",1,99.46218752008224,25790
"(0.9331662489557224, 1.0)",1,99.4620680463413,25791
"(0.861111111111111, 1.0)",1,99.46201165207393,25792
"(0.9833229101521784, 1.0)",1,99.4619955924834,25793
"(0.9666562434855118, 1.0)",1,99.46194686072737,25794
"(0.9297812306740878, 1.0)",1,99.46180328999878,25795
"(0.8229870141950848, 1.0)",1,99.46180219348987,25796
"(0.861111111111111, 1.0)",1,99.46178578958464,25797
"(0.8976982097186702, 1.0)",1,99.46178528369468,25798
"(0.8796475392220073, 1.0)",1,99.4617367732323,25799
"(0.8796475392220073, 1.0)",1,99.4617193829539,25800
"(0.8310777799491891, 1.0)",1,99.4616750061892,25801
"(0.816195709052852, 1.0)",1,99.4616654392466,25802
"(0.8814814814814814, 1.0)",1,99.46165387183414,25803
"(0.7503607503607503, 1.0)",1,99.46165248842402,25804
"(0.826388888888889, 1.0)",1,99.46165098570428,25805
"(0.81893131227901, 1.0)",1,99.4616288112262,25806
"(0.9295946890286512, 1.0)",1,99.4615901147793,25807
"(0.8976982097186702, 1.0)",1,99.4615609924518,25808
"(0.9750943974852894, 0.9958292603453894)",1,99.4615337937064,25809
"(0.9832965806068272, 0.9958292603453894)",1,99.46149449057266,25810
"(0.9707136080238548, 0.9958292603453894)",1,99.46145171196414,25811
"(0.844988344988345, 1.0)",1,99.4613765638156,25812
"(0.7164894725870335, 1.0)",1,99.46137378809344,25813
"(0.9789546069211384, 0.9958292603453894)",1,99.461339304657,25814
"(0.9833229101521784, 1.0)",1,99.46125277461664,25815
"(0.8266173510466989, 1.0)",1,99.46123106055742,25816
"(0.9161952650324744, 1.0)",1,99.46123024451812,25817
"(0.7734344933751168, 1.0)",1,99.46115816104094,25818
"(0.930124456440246, 1.0)",2,99.46113687345392,25820
"(0.9326599326599326, 1.0)",2,99.461131670434,25822
"(0.6825396825396824, 1.0)",1,99.4610966379259,25823
"(0.9009534009534008, 1.0)",1,99.461090104165,25824
"(0.8468089381754635, 1.0)",1,99.4610020118217,25825
"(0.9665831244778612, 1.0)",1,99.46099629937883,25826
"(0.8976982097186702, 1.0)",1,99.46098850864328,25827
"(0.9326599326599326, 1.0)",1,99.460962816733,25828
"(0.7277677677677677, 1.0)",1,99.4609364038227,25829
"(0.8703703703703703, 1.0)",1,99.46093005021858,25830
"(0.9497171590194848, 1.0)",3,99.46092757745132,25833
"(0.9583178702993204, 0.9958292603453894)",1,99.4608970960586,25834
"(0.9876221896383188, 0.9958292603453894)",1,99.460811167504,25835
"(0.6831352928913905, 1.0)",2,99.4607982589369,25837
"(0.7545469576719577, 1.0)",1,99.46078574541195,25838
"(0.8420013166556946, 1.0)",1,99.46077073615967,25839
"(0.861111111111111, 1.0)",1,99.460679082274,25840
"(0.8676532769556025, 1.0)",1,99.46066226869064,25841
"(1.0, 1.0)",1,99.46061444157364,25842
"(0.6575398846941737, 1.0)",1,99.46058786042708,25843
"(0.9916585206907788, 0.9958292603453894)",1,99.46050765699496,25844
"(0.970619176311776, 0.9958292603453894)",1,99.4604928252636,25845
"(0.8016677935542034, 1.0)",1,99.4604758616646,25846
"(0.844988344988345, 1.0)",1,99.4603894763315,25847
"(0.8222222222222222, 1.0)",1,99.46033232049491,25848
"(0.987491854024112, 0.9958292603453894)",1,99.46029895731502,25849
"(0.8732774170274171, 1.0)",1,99.46025785788277,25850
"(0.9326599326599326, 1.0)",1,99.46022924681462,25851
"(0.8310777799491891, 1.0)",1,99.4600861084549,25852
"(0.8294970161977834, 1.0)",2,99.46001013451578,25854
"(0.9665831244778612, 1.0)",1,99.459962964891,25855
"(0.7767756418742694, 1.0)",1,99.45992549504842,25856
"(0.9916585206907788, 0.9958292603453894)",1,99.45990999963811,25857
"(0.7574146783449108, 1.0)",1,99.45989544227982,25858
"(0.799275702501509, 1.0)",1,99.45986905463002,25859
"(1.0, 1.0)",3,99.45985471886692,25862
"(0.8653198653198653, 1.0)",1,99.45980716062016,25863
"(0.9746535316523212, 0.9958292603453894)",1,99.45980135867704,25864
"(0.933096859926128, 1.0)",2,99.4597853298373,25866
"(0.9746535316523212, 0.9958292603453894)",1,99.4597768249144,25867
"(0.8222222222222222, 1.0)",1,99.45975311610184,25868
"(1.0, 1.0)",1,99.45974938544516,25869
"(0.9833040078201368, 0.9958292603453894)",1,99.45972911929437,25870
"(0.776488287126585, 1.0)",1,99.4597069654672,25871
"(0.8222222222222222, 1.0)",1,99.45969920799187,25872
"(0.9, 1.0)",1,99.4596513170098,25873
"(0.9833229101521784, 1.0)",1,99.4596048672672,25874
"(0.8887202421952387, 1.0)",1,99.45954100324664,25875
"(0.6544644252235129, 1.0)",1,99.45944962513144,25876
"(0.9326599326599326, 1.0)",2,99.45934840257112,25878
"(0.7965746171391332, 1.0)",1,99.45921699334453,25879
"(0.8796475392220073, 1.0)",1,99.45918365770416,25880
"(0.9331662489557224, 1.0)",1,99.45917475825566,25881
"(0.7916666666666666, 1.0)",1,99.45915001074576,25882
"(0.8635976129582268, 1.0)",1,99.45912697398404,25883
"(0.9018806250259218, 1.0)",1,99.45907871633447,25884
"(0.9008627640703112, 1.0)",1,99.459064112918,25885
"(0.7416325017951034, 1.0)",1,99.45904847937368,25886
"(0.7083333333333334, 1.0)",1,99.45897100268668,25887
"(0.9192093318943212, 1.0)",1,99.45893164678606,25888
"(0.826388888888889, 1.0)",1,99.45889884278924,25889
"(0.861111111111111, 1.0)",1,99.45888199269844,25890
"(0.7090909090909091, 1.0)",1,99.45887186554708,25891
"(0.987463247273494, 0.9958292603453894)",1,99.4588393810722,25892
"(0.808446455505279, 1.0)",1,99.45875702453152,25893
"(0.6804620726495727, 1.0)",1,99.4587361828353,25894
"(0.6698155645524068, 1.0)",1,99.45868360707898,25895
"(0.808446455505279, 1.0)",1,99.45861763508822,25896
"(0.9584987529902784, 1.0)",1,99.45855551426858,25897
"(0.9333333333333332, 1.0)",1,99.4585264115431,25898
"(0.9750854369118126, 0.9958292603453894)",1,99.45852614920858,25899
"(0.9442283950617284, 1.0)",2,99.45844628359475,25901
"(0.8840455840455841, 1.0)",2,99.4584365598421,25903
"(0.8420013166556946, 1.0)",1,99.45841767023508,25904
"(0.9300671002153482, 1.0)",1,99.45841753736632,25905
"(0.844988344988345, 1.0)",1,99.45841255108988,25906
"(0.9445235834124724, 1.0)",1,99.4583855102742,25907
"(0.9326599326599326, 1.0)",1,99.45835573794784,25908
"(0.8547756205106323, 1.0)",1,99.45832037469988,25909
"(0.9750854369118126, 0.9958292603453894)",1,99.45828008857042,25910
"(0.6825396825396824, 1.0)",1,99.45825999023144,25911
"(0.8325755070546736, 1.0)",1,99.45825670850172,25912
"(0.6825396825396824, 1.0)",1,99.45821978653272,25913
"(0.9672281917443208, 0.9958292603453894)",1,99.4580612675505,25914
"(0.9003556829643787, 1.0)",1,99.45800687308656,25915
"(0.7060994560994561, 1.0)",1,99.45790280692889,25916
"(1.0, 1.0)",1,99.45787545787546,25917
"(0.893146638589877, 1.0)",1,99.4578459652642,25918
"(0.8420013166556946, 1.0)",1,99.4577072481511,25919
"(0.893146638589877, 1.0)",1,99.45766789927757,25920
"(0.808446455505279, 1.0)",1,99.45763195834932,25921
"(0.9164652836623464, 1.0)",1,99.45759082478789,25922
"(0.6825396825396824, 1.0)",1,99.45758106836703,25923
"(0.8420013166556946, 1.0)",1,99.45758106836703,25924
"(0.8468951683237397, 1.0)",1,99.4574926593513,25925
"(0.7675138481590094, 1.0)",2,99.45748014511427,25927
"(0.9665831244778612, 1.0)",2,99.45742582462287,25929
"(0.7632275132275131, 1.0)",1,99.45740289924632,25930
"(0.861111111111111, 1.0)",1,99.45738230745545,25931
"(0.9834440227703986, 0.9958292603453894)",1,99.45737270802522,25932
"(0.9003556829643787, 1.0)",1,99.45734638333076,25933
"(0.5910680656443368, 1.0)",1,99.45733707959822,25934
"(0.7632275132275131, 1.0)",1,99.45733676674288,25935
"(0.944073617452092, 1.0)",1,99.457330924915,25936
"(1.0, 1.0)",1,99.45732850645132,25937
"(0.8310777799491891, 1.0)",1,99.45730622399824,25938
"(0.916104916104916, 1.0)",1,99.45728690755104,25939
"(0.987491854024112, 0.9958292603453894)",1,99.45727372472786,25940
"(0.9665831244778612, 1.0)",4,99.45713880848017,25944
"(0.7532376017916352, 1.0)",1,99.45712463633662,25945
"(0.8653198653198653, 1.0)",1,99.45711571319774,25946
"(0.7155555555555556, 1.0)",2,99.4570750473959,25948
"(0.757745166550198, 1.0)",1,99.45705598267745,25949
"(0.9331094582012576, 1.0)",1,99.45703219067369,25950
"(0.6733821733821733, 1.0)",1,99.45703010471496,25951
"(0.7673678366541239, 1.0)",1,99.456975883283,25952
"(0.7121693121693121, 1.0)",2,99.4567880449984,25954
"(0.7632275132275131, 1.0)",1,99.45678189863752,25955
"(0.8300265307680562, 1.0)",1,99.45678131115464,25956
"(0.8310777799491891, 1.0)",1,99.45675521832098,25957
"(0.8329156223893065, 1.0)",3,99.45674007379996,25960
"(0.882673371045464, 1.0)",1,99.4566641950363,25961
"(0.757745166550198, 1.0)",5,99.45663320857044,25966
"(0.8633762288330498, 1.0)",1,99.45657958567242,25967
"(0.944073617452092, 1.0)",1,99.45655143658072,25968
"(0.933096859926128, 1.0)",1,99.45654631020484,25969
"(0.9009534009534008, 1.0)",1,99.45650895650896,25970
"(0.7077308656256025, 1.0)",1,99.4564858745432,25971
"(0.917849761232425, 1.0)",1,99.45646125832867,25972
"(0.808446455505279, 1.0)",1,99.45645379040994,25973
"(0.9326599326599326, 1.0)",2,99.4564480182157,25975
"(1.0, 1.0)",1,99.4564225865004,25976
"(0.746304385688563, 1.0)",1,99.4563509147846,25977
"(0.9153439153439156, 1.0)",1,99.4563180156183,25978
"(0.8294970161977834, 1.0)",1,99.45628443502628,25979
"(0.8165509259259259, 1.0)",1,99.456268764053,25980
"(0.8613656783468103, 1.0)",1,99.45621864718056,25981
"(1.0, 1.0)",1,99.45619918259996,25982
"(0.5555555555555555, 1.0)",1,99.45617760386249,25983
"(0.8736897274633123, 1.0)",1,99.45617697207383,25984
"(0.8137566137566138, 1.0)",1,99.45613916345624,25985
"(0.9506533178503804, 1.0)",1,99.45613184869283,25986
"(0.9665831244778612, 1.0)",4,99.45611490803596,25990
"(0.7060994560994561, 1.0)",1,99.45608698110796,25991
"(0.861111111111111, 1.0)",1,99.45607295508032,25992
"(0.8848000715856217, 1.0)",1,99.45599196883484,25993
"(0.7916666666666666, 1.0)",1,99.45597896255792,25994
"(0.9166682405676116, 1.0)",1,99.45593948639512,25995
"(0.6378166586499919, 1.0)",1,99.45592787017442,25996
"(1.0, 1.0)",1,99.45592603242542,25997
"(0.8976982097186702, 1.0)",1,99.45591642442248,25998
"(0.7767756418742694, 1.0)",1,99.45591511770198,25999
"(0.9665831244778612, 1.0)",2,99.45589381378856,26001
"(1.0, 1.0)",1,99.45588016319724,26002
"(0.9873891625615764, 0.9958292603453894)",1,99.45583673519288,26003
"(0.8065954953750508, 1.0)",1,99.45575439065028,26004
"(0.6215073982652175, 1.0)",1,99.45575249716228,26005
"(0.9299507899507898, 1.0)",1,99.455752226539,26006
"(0.8420013166556946, 1.0)",1,99.45572870597492,26007
"(0.9833040078201368, 0.9958292603453894)",1,99.45570838290944,26008
"(0.859499940327008, 1.0)",1,99.4556760036241,26009
"(0.9665831244778612, 1.0)",1,99.45559094172047,26010
"(0.8294970161977834, 1.0)",1,99.4555896227782,26011
"(0.8963124945246743, 1.0)",1,99.45558816196628,26012
"(0.5555555555555555, 1.0)",1,99.45549301646862,26013
"(1.0, 1.0)",1,99.45549301646862,26014
"(0.8887202421952387, 1.0)",1,99.45547947541785,26015
"(0.9833229101521784, 1.0)",1,99.4554736591322,26016
"(0.8676532769556025, 1.0)",2,99.45546786020304,26018
"(0.9326599326599326, 1.0)",1,99.45544611560872,26019
"(0.7416325017951034, 1.0)",1,99.4554430642712,26020
"(0.9665831244778612, 1.0)",1,99.4554427959751,26021
"(0.8177442148030384, 1.0)",1,99.45543659738205,26022
"(0.9720813204508856, 1.0)",1,99.45543047370565,26023
"(0.9833229101521784, 1.0)",4,99.45543032064214,26027
"(0.8976982097186702, 1.0)",4,99.45534939984088,26031
"(0.5910680656443368, 1.0)",1,99.45534939984088,26032
"(0.9164652836623464, 1.0)",3,99.45534374937009,26035
"(0.7222222222222221, 1.0)",1,99.45532608883056,26036
"(0.8420013166556946, 1.0)",2,99.45532480674429,26038
"(0.9666562434855118, 1.0)",1,99.45530741031976,26039
"(0.8814814814814814, 1.0)",1,99.45527466334867,26040
"(0.9303715638302106, 1.0)",1,99.45526368597451,26041
"(0.8976982097186702, 1.0)",1,99.45526102235948,26042
"(0.9326599326599326, 1.0)",1,99.45524845524844,26043
"(0.8222222222222222, 1.0)",1,99.45524254664178,26044
"(0.8997493734335841, 1.0)",1,99.4552202614536,26045
"(0.8319340617212959, 1.0)",1,99.45521934802632,26046
"(0.8586166985951469, 1.0)",1,99.4551879771042,26047
"(0.9442283950617284, 1.0)",1,99.45513533830194,26048
"(0.7687400318979267, 1.0)",1,99.45510853398127,26049
"(0.9161952650324744, 1.0)",1,99.4550737307402,26050
"(0.8349489264123411, 1.0)",2,99.4550717592772,26052
"(0.8310777799491891, 1.0)",1,99.4550459415202,26053
"(0.9665831244778612, 1.0)",1,99.45502082221788,26054
"(0.757745166550198, 1.0)",1,99.45501956691302,26055
"(0.9666562434855118, 1.0)",1,99.45501708997163,26056
"(0.7711781618000022, 1.0)",1,99.45500577066105,26057
"(0.8137865219658889, 1.0)",1,99.45500434156028,26058
"(0.9497171590194848, 1.0)",3,99.45498987359451,26061
"(0.6784722222222224, 1.0)",1,99.45497265047028,26062
"(0.5910680656443368, 1.0)",1,99.45493791930431,26063
"(0.5807100687237674, 1.0)",1,99.45492663296687,26064
"(0.9665831244778612, 1.0)",1,99.45491778226054,26065
"(0.9618291283060416, 0.9958292603453894)",1,99.4548829775771,26066
"(0.9441792447111594, 1.0)",1,99.45486432655036,26067
"(1.0, 1.0)",2,99.45481717027732,26069
"(0.7479743867590829, 1.0)",1,99.45477610305088,26070
"(0.6825396825396824, 1.0)",1,99.4547410583996,26071
"(0.7069597069597069, 1.0)",1,99.45471292839711,26072
"(0.9008627640703112, 1.0)",1,99.45470605450694,26073
"(0.930704099821747, 1.0)",1,99.45469122957796,26074
"(0.8222222222222222, 1.0)",1,99.45467750172052,26075
"(0.7090909090909091, 1.0)",1,99.45465290291074,26076
"(0.9792521035784794, 0.9958292603453894)",1,99.4546254304518,26077
"(0.8420013166556946, 1.0)",1,99.45461778324533,26078
"(0.8471527473990528, 1.0)",1,99.45457159262544,26079
"(0.9008627640703112, 1.0)",1,99.45456477672194,26080
"(0.9665831244778612, 1.0)",1,99.45453566425968,26081
"(0.987491854024112, 0.9958292603453894)",1,99.45453252260693,26082
"(0.8148308968977662, 1.0)",1,99.45452216334968,26083
"(0.746304385688563, 1.0)",1,99.45451712368585,26084
"(0.903667392883079, 1.0)",1,99.45451524824546,26085
"(0.987463247273494, 0.9958292603453894)",1,99.45448620364093,26086
"(0.861111111111111, 1.0)",1,99.45444359757582,26087
"(0.979051756240299, 0.9958292603453894)",1,99.45442953044318,26088
"(0.7155555555555556, 1.0)",1,99.45441317490098,26089
"(0.8633762288330498, 1.0)",1,99.45441176270955,26090
"(1.0, 1.0)",1,99.45441146596474,26091
"(1.0, 0.9958292603453894)",1,99.45438904642002,26092
"(0.7460317460317459, 1.0)",1,99.45436556059887,26093
"(0.7090909090909091, 1.0)",1,99.45429368478148,26094
"(0.8997493734335841, 1.0)",1,99.4542451979274,26095
"(0.8222222222222222, 1.0)",1,99.45423954655443,26096
"(0.8732774170274171, 1.0)",1,99.45422654238988,26097
"(0.9153439153439152, 1.0)",1,99.45422238105164,26098
"(0.9583930063253372, 1.0)",1,99.45417946776692,26099
"(0.9161952650324744, 1.0)",1,99.45416021180245,26100
"(0.8247905643738976, 1.0)",1,99.4540554301351,26101
"(0.786508365740383, 1.0)",1,99.4540207504226,26102
"(0.9916585206907788, 0.9958292603453894)",1,99.4540148801735,26103
"(0.8324561403508771, 1.0)",1,99.454003369884,26104
"(0.9916585206907788, 0.9958292603453894)",1,99.45398936949172,26105
"(0.7198480531813864, 1.0)",1,99.4539411206078,26106
"(0.8449978636391381, 1.0)",1,99.45393226932018,26107
"(0.7030539311241066, 1.0)",1,99.45387342079331,26108
"(0.9958292603453894, 0.9958292603453894)",1,99.45379108196944,26109
"(0.8329156223893065, 1.0)",2,99.4537694264211,26111
"(0.6315151515151515, 1.0)",1,99.45373737373735,26112
"(0.8319340617212959, 1.0)",1,99.4537121502802,26113
"(0.8814814814814814, 1.0)",1,99.45367130881348,26114
"(0.746304385688563, 1.0)",1,99.45365820828611,26115
"(0.7416325017951034, 1.0)",1,99.45364347199332,26116
"(0.9835547122074636, 0.9958292603453894)",1,99.45364304014204,26117
"(0.8432903075760217, 1.0)",1,99.453588021732,26118
"(0.7942771556641777, 1.0)",1,99.45357006317396,26119
"(1.0, 1.0)",1,99.4535440692052,26120
"(0.9192093318943212, 1.0)",1,99.45354277268858,26121
"(0.8796475392220073, 1.0)",1,99.45350628545496,26122
"(0.978932178932179, 0.9958292603453894)",1,99.45348857692304,26123
"(0.9497171590194848, 1.0)",1,99.45348789808436,26124
"(0.8885714285714285, 1.0)",2,99.45344273055768,26126
"(0.8633762288330498, 1.0)",1,99.4534010790205,26127
"(0.8420013166556946, 1.0)",1,99.45336471351528,26128
"(0.7503607503607503, 1.0)",1,99.45336408740192,26129
"(0.8374727668845315, 1.0)",1,99.45333543794618,26130
"(0.9833211143695014, 0.9958292603453894)",1,99.45332813191544,26131
"(0.73687720936437, 1.0)",1,99.45332483248724,26132
"(0.861111111111111, 1.0)",1,99.45329424732058,26133
"(1.0, 1.0)",2,99.45325376527424,26135
"(1.0, 0.9958292603453894)",1,99.45324985482328,26136
"(0.7198480531813864, 1.0)",1,99.45322848014612,26137
"(0.9874762808349148, 0.9958292603453894)",1,99.45320739047176,26138
"(0.6238244514106583, 1.0)",1,99.45318914965216,26139
"(0.9833040078201368, 0.9958292603453894)",1,99.45317791207891,26140
"(0.9873891625615764, 0.9958292603453894)",1,99.45314594653937,26141
"(0.987491854024112, 0.9958292603453894)",1,99.4531070580612,26142
"(0.9580331374974232, 1.0)",1,99.45305326886412,26143
"(0.8158879904162925, 1.0)",1,99.45292461489856,26144
"(0.8976982097186702, 1.0)",1,99.45291589176564,26145
"(0.4943189964157706, 1.0)",1,99.45273174455596,26146
"(0.8976982097186702, 1.0)",1,99.45271081941678,26147
"(0.9665831244778612, 1.0)",1,99.45270529674347,26148
"(0.6698155645524068, 1.0)",1,99.45269991739823,26149
"(0.7069597069597069, 1.0)",1,99.45265198818996,26150
"(0.9791332681655264, 0.9958292603453894)",1,99.45264245798236,26151
"(0.9748850895736324, 0.9958292603453894)",1,99.4526398884291,26152
"(0.7503607503607503, 1.0)",2,99.45263350736975,26154
"(0.9916585206907788, 0.9958292603453894)",1,99.45262993173804,26155
"(0.8177442148030384, 1.0)",1,99.4526216827385,26156
"(1.0, 1.0)",2,99.45261400042276,26158
"(0.972281746031746, 1.0)",1,99.45244295117344,26159
"(0.9958292603453894, 0.9958292603453894)",1,99.4523962614507,26160
"(0.8222222222222222, 1.0)",1,99.4523322800646,26161
"(0.7906452533041516, 1.0)",1,99.45230198137756,26162
"(0.861111111111111, 1.0)",1,99.4521917558503,26163
"(0.7979797979797979, 1.0)",4,99.45218778170724,26167
"(0.7711781618000022, 1.0)",1,99.45218531242853,26168
"(0.8976982097186702, 1.0)",1,99.45217442164926,26169
"(0.7942771556641777, 1.0)",1,99.45217212760056,26170
"(0.6698155645524068, 1.0)",1,99.45216723354916,26171
"(0.8372053872053872, 1.0)",1,99.4521008040622,26172
"(0.9833229101521784, 1.0)",1,99.45205885257234,26173
"(0.9833040078201368, 0.9958292603453894)",1,99.45201016081069,26174
"(0.6698155645524068, 1.0)",1,99.4520047254919,26175
"(0.6760835913312693, 1.0)",1,99.4519772976574,26176
"(0.8432903075760217, 1.0)",1,99.45195548977686,26177
"(0.6784722222222224, 1.0)",1,99.45185116859216,26178
"(0.8137865219658889, 1.0)",1,99.4518400673365,26179
"(0.8887202421952387, 1.0)",1,99.45183618323284,26180
"(0.9497171590194848, 1.0)",1,99.451782355111,26181
"(0.9958292603453894, 0.9958292603453894)",1,99.45177684333127,26182
"(0.9164652836623464, 1.0)",1,99.4517255539688,26183
"(0.9749706744868036, 0.9958292603453894)",1,99.45168700415226,26184
"(0.6698155645524068, 1.0)",1,99.45168006528726,26185
"(0.6698155645524068, 1.0)",1,99.45168006528723,26186
"(0.8840048840048841, 1.0)",1,99.45159654375404,26187
"(0.7643097643097643, 1.0)",2,99.45153578345683,26189
"(0.978932178932179, 0.9958292603453894)",1,99.4514603712168,26190
"(0.8349489264123411, 1.0)",1,99.45145924536168,26191
"(0.9916585206907788, 0.9958292603453894)",1,99.4513832501572,26192
"(0.7164894725870335, 1.0)",1,99.45132351509696,26193
"(0.7030539311241066, 1.0)",1,99.45131990024566,26194
"(0.8137566137566138, 1.0)",1,99.45128750763622,26195
"(0.8151249335459861, 1.0)",1,99.45124215652086,26196
"(0.6747507742934573, 1.0)",1,99.45123847023996,26197
"(0.6831352928913905, 1.0)",1,99.45123184147576,26198
"(0.8547756205106323, 1.0)",1,99.4511555292433,26199
"(0.8796475392220073, 1.0)",1,99.45113989064282,26200
"(0.861111111111111, 1.0)",2,99.45113154027102,26202
"(1.0, 1.0)",1,99.45112941351056,26203
"(0.808446455505279, 1.0)",1,99.45107021689628,26204
"(0.9833229101521784, 1.0)",1,99.45106631767555,26205
"(0.8222222222222222, 1.0)",2,99.45103570893043,26207
"(0.917469251615593, 1.0)",1,99.45096825867044,26208
"(0.8420013166556946, 1.0)",1,99.45096699083318,26209
"(0.9326599326599326, 1.0)",2,99.45091804092256,26211
"(0.8329050741331443, 1.0)",1,99.45089515968306,26212
"(0.7077308656256025, 1.0)",1,99.4508914742411,26213
"(0.6825396825396824, 1.0)",1,99.45085329639824,26214
"(0.6825396825396824, 1.0)",1,99.45083666912188,26215
"(0.9618291283060416, 0.9958292603453894)",1,99.45083107333544,26216
"(0.7164894725870335, 1.0)",1,99.45081719880116,26217
"(0.8976982097186702, 1.0)",1,99.45080768791996,26218
"(0.8016677935542034, 1.0)",2,99.45079060057176,26220
"(0.859499940327008, 1.0)",1,99.4507594303643,26221
"(0.8374727668845315, 1.0)",1,99.4507335611466,26222
"(1.0, 1.0)",1,99.45072316344546,26223
"(0.9666562434855118, 1.0)",1,99.45071366778684,26224
"(0.9153439153439152, 1.0)",2,99.45069745069743,26226
"(0.893146638589877, 1.0)",1,99.45061360906314,26227
"(1.0, 1.0)",1,99.45057100276452,26228
"(0.727840909090909, 1.0)",1,99.45056276596488,26229
"(1.0, 1.0)",1,99.4504977055618,26230
"(0.7077308656256025, 1.0)",1,99.45049594512928,26231
"(0.8976982097186702, 1.0)",1,99.45049456802,26232
"(0.9672281917443208, 0.9958292603453894)",1,99.45049397046073,26233
"(0.9333333333333332, 1.0)",1,99.45049286756606,26234
"(0.9792521035784794, 0.9958292603453894)",1,99.4504546907972,26235
"(0.9581458989353726, 1.0)",1,99.45042654986354,26236
"(0.7734344933751168, 1.0)",1,99.45040343596531,26237
"(0.8305135146220418, 1.0)",1,99.45038449898148,26238
"(0.9442283950617284, 1.0)",1,99.45032086779592,26239
"(0.6825396825396824, 1.0)",1,99.45032055763764,26240
"(0.6907243513029603, 1.0)",1,99.45031739562292,26241
"(0.944563492063492, 1.0)",1,99.450229013193,26242
"(0.8329156223893065, 1.0)",1,99.45020989630942,26243
"(0.9833229101521784, 1.0)",1,99.45015898579328,26244
"(0.7994987468671678, 1.0)",2,99.45014366922796,26246
"(0.8222222222222222, 1.0)",1,99.45013893422754,26247
"(0.8312205288949474, 1.0)",1,99.45013393800454,26248
"(0.4776542240827955, 1.0)",2,99.45007485900342,26250
"(0.8814814814814814, 1.0)",1,99.45004105431072,26251
"(0.97934925289764, 0.9958292603453894)",1,99.45000780370792,26252
"(0.799275702501509, 1.0)",1,99.44996414824026,26253
"(0.617513611615245, 1.0)",1,99.44992291770876,26254
"(0.757745166550198, 1.0)",1,99.44992223230828,26255
"(0.73687720936437, 1.0)",1,99.44991253840683,26256
"(0.8653198653198653, 1.0)",1,99.44990492702884,26257
"(0.6831352928913905, 1.0)",1,99.44986387168672,26258
"(1.0, 0.9958292603453894)",1,99.44983909839895,26259
"(0.9666562434855118, 1.0)",1,99.44983307236195,26260
"(0.6825396825396824, 1.0)",1,99.44978973387188,26261
"(0.6179693015417549, 1.0)",1,99.4497589865519,26262
"(0.6698155645524068, 1.0)",1,99.44975080204782,26263
"(0.8976982097186702, 1.0)",1,99.44971289235846,26264
"(0.9499687304565352, 0.9833229101521784)",1,99.44967688138424,26265
"(0.7656073923822403, 1.0)",2,99.44966919026518,26267
"(0.8222222222222222, 1.0)",1,99.4496566759679,26268
"(0.8811945374355704, 1.0)",1,99.44964742335766,26269
"(0.9666562434855118, 1.0)",2,99.44958028420196,26271
"(0.6215073982652175, 1.0)",2,99.44957371089762,26273
"(1.0, 1.0)",1,99.44953194953194,26274
"(0.9333333333333332, 1.0)",1,99.44950932678788,26275
"(0.868077055383557, 1.0)",1,99.44947713678364,26276
"(0.9835547122074636, 0.9958292603453894)",1,99.4494436937368,26277
"(0.8374727668845315, 1.0)",1,99.44942119799585,26278
"(0.7164894725870335, 1.0)",1,99.44940525171592,26279
"(0.9499687304565352, 0.9833229101521784)",1,99.44940446358488,26280
"(1.0, 1.0)",1,99.44940446358484,26281
"(0.8887202421952387, 1.0)",1,99.44939575600316,26282
"(0.8552744708994707, 1.0)",1,99.44937303096444,26283
"(0.9583930063253372, 1.0)",1,99.44936621523016,26284
"(0.7944219523166891, 1.0)",1,99.4493624488031,26285
"(0.8599206349206349, 1.0)",1,99.4492779558146,26286
"(0.7372334455667788, 1.0)",1,99.44922719418334,26287
"(0.7155555555555556, 1.0)",3,99.44916214416408,26290
"(0.8229870141950848, 1.0)",1,99.44902124986548,26291
"(0.8653198653198653, 1.0)",1,99.4490155384146,26292
"(0.8468089381754635, 1.0)",1,99.44896681435318,26293
"(0.882673371045464, 1.0)",1,99.4489595633644,26294
"(0.9161952650324744, 1.0)",1,99.44894411652332,26295
"(0.6825396825396824, 1.0)",1,99.4489350330172,26296
"(0.9499687304565352, 1.0)",1,99.44889893542012,26297
"(0.6698155645524068, 1.0)",1,99.44889742181338,26298
"(0.9161952650324744, 1.0)",1,99.44888366164898,26299
"(0.6825396825396824, 1.0)",6,99.44885755617464,26305
"(0.9915151515151516, 0.9958292603453894)",1,99.44880085250676,26306
"(0.7294281157362763, 1.0)",2,99.44878616259436,26308
"(0.7030539311241066, 1.0)",1,99.44875598884664,26309
"(0.9331662489557224, 1.0)",1,99.44872071456544,26310
"(0.9666562434855118, 1.0)",1,99.44871593262874,26311
"(0.9161952650324744, 1.0)",1,99.44867239104076,26312
"(0.8997493734335841, 1.0)",1,99.4486572556748,26313
"(0.8468951683237397, 1.0)",1,99.44852928987255,26314
"(0.9161952650324744, 1.0)",1,99.44852530396908,26315
"(1.0, 0.9958292603453894)",1,99.44845880526564,26316
"(0.8137865219658889, 1.0)",1,99.44843263373588,26317
"(0.861111111111111, 1.0)",1,99.44841485642122,26318
"(0.9714797495442656, 0.9958292603453894)",1,99.44840384197904,26319
"(0.9297812306740878, 1.0)",1,99.44839270141284,26320
"(0.9167853751187084, 1.0)",1,99.44823509160688,26321
"(1.0, 0.9958292603453894)",1,99.44821650601388,26322
"(0.9832925076188832, 0.9958292603453894)",1,99.44818482208424,26323
"(0.7656073923822403, 1.0)",1,99.44814707492192,26324
"(0.7532376017916352, 1.0)",1,99.44813722489992,26325
"(0.9580331374974232, 1.0)",1,99.44805371362912,26326
"(0.7278086237149632, 1.0)",1,99.44803484964592,26327
"(0.7994987468671678, 1.0)",1,99.44801644416536,26328
"(0.7294281157362763, 1.0)",1,99.4480043793384,26329
"(0.882673371045464, 1.0)",1,99.44797968023929,26330
"(0.9326599326599326, 1.0)",1,99.44797902749848,26331
"(0.9454999712494968, 0.9958292603453894)",1,99.44796666325917,26332
"(0.9161952650324744, 1.0)",1,99.44796611387648,26333
"(0.7090909090909091, 1.0)",1,99.44786498624752,26334
"(0.73687720936437, 1.0)",2,99.4478318160186,26336
"(0.7802197802197803, 1.0)",1,99.44782697426216,26337
"(0.8976982097186702, 1.0)",1,99.4478136284856,26338
"(0.6664472240509107, 1.0)",1,99.44780158359752,26339
"(0.9331662489557224, 1.0)",1,99.44776684828032,26340
"(0.7030539311241066, 1.0)",1,99.44771181463592,26341
"(0.944563492063492, 1.0)",1,99.44764675886672,26342
"(0.6179693015417549, 1.0)",2,99.44763769566504,26344
"(0.9666562434855118, 1.0)",1,99.44761481900348,26345
"(0.8266173510466989, 1.0)",2,99.44755562958362,26347
"(0.7979797979797979, 1.0)",1,99.44755244755244,26348
"(0.9833229101521784, 1.0)",1,99.44753812575806,26349
"(0.8329050741331443, 1.0)",1,99.4474243099256,26350
"(0.614498219149382, 1.0)",1,99.44742124105863,26351
"(0.799275702501509, 1.0)",1,99.4474100053213,26352
"(0.903667392883079, 1.0)",1,99.44739541630804,26353
"(0.6521663785997688, 1.0)",1,99.447360216287,26354
"(0.8420013166556946, 1.0)",1,99.44735851829016,26355
"(0.9497171590194848, 1.0)",1,99.44735291681783,26356
"(0.7155555555555556, 1.0)",1,99.44735004832566,26357
"(0.9916585206907788, 0.9958292603453894)",1,99.44726410848732,26358
"(0.9665831244778612, 1.0)",1,99.44720141931832,26359
"(0.8222222222222222, 1.0)",1,99.44715799357496,26360
"(0.8294970161977834, 1.0)",4,99.44711220976504,26364
"(0.933096859926128, 1.0)",1,99.44708805516208,26365
"(0.9958292603453894, 0.9958292603453894)",1,99.44706972626068,26366
"(0.8615866942983156, 1.0)",1,99.4469551097218,26367
"(0.901575014782562, 1.0)",1,99.44692410513878,26368
"(0.978848063174439, 0.9958292603453894)",1,99.44688229018496,26369
"(0.8137865219658889, 1.0)",1,99.44678584328356,26370
"(0.7278086237149632, 1.0)",1,99.44674573398348,26371
"(0.8976982097186702, 1.0)",1,99.44674306967497,26372
"(0.9326599326599326, 1.0)",1,99.44672537214257,26373
"(0.8222222222222222, 1.0)",1,99.44665704665704,26374
"(0.8497658497658497, 1.0)",1,99.44653002515896,26375
"(0.903667392883079, 1.0)",1,99.44650531543218,26376
"(0.944563492063492, 1.0)",1,99.4464751667575,26377
"(0.8703703703703703, 1.0)",1,99.44646475445246,26378
"(0.6825396825396824, 1.0)",1,99.44643654835292,26379
"(0.8635976129582268, 1.0)",1,99.44635688763022,26380
"(0.796353220536539, 1.0)",1,99.44625496691458,26381
"(0.9833229101521784, 1.0)",3,99.4462437215617,26384
"(0.8468951683237397, 1.0)",1,99.44622331277384,26385
"(0.987491854024112, 0.9958292603453894)",1,99.4461910432977,26386
"(0.7277677677677677, 1.0)",2,99.44617613285844,26388
"(0.6825396825396824, 1.0)",1,99.4461321802208,26389
"(1.0, 1.0)",1,99.44607843137254,26390
"(0.9833229101521784, 1.0)",2,99.44607252535326,26392
"(0.8222222222222222, 1.0)",1,99.44604667363288,26393
"(0.7119388248146047, 1.0)",2,99.446031892241,26395
"(0.944563492063492, 1.0)",1,99.44601686187936,26396
"(0.7416325017951034, 1.0)",1,99.446012133004,26397
"(0.7916666666666666, 1.0)",1,99.4458746503941,26398
"(0.893146638589877, 1.0)",2,99.4458256141826,26400
"(0.9497171590194846, 1.0)",1,99.4458014306956,26401
"(0.7961989230281913, 1.0)",1,99.44577157260083,26402
"(0.9153439153439156, 1.0)",1,99.44576997345156,26403
"(0.7647742788871822, 1.0)",1,99.44569591988696,26404
"(0.8840455840455841, 1.0)",1,99.4455816439294,26405
"(0.9958292603453894, 0.9958292603453894)",1,99.44556843807317,26406
"(0.9008025849489264, 1.0)",1,99.44552012374936,26407
"(0.7944219523166891, 1.0)",1,99.44550554364795,26408
"(0.837707400507675, 1.0)",1,99.44545046259856,26409
"(0.757745166550198, 1.0)",1,99.44543191521257,26410
"(0.9583930063253372, 1.0)",1,99.44541578235189,26411
"(0.6658312447786131, 1.0)",1,99.44538646439612,26412
"(0.917849761232425, 1.0)",1,99.44533412547518,26413
"(0.8294970161977834, 1.0)",1,99.44532833934618,26414
"(0.8615866942983156, 1.0)",1,99.445326107068,26415
"(0.9506533178503804, 1.0)",1,99.44526386645828,26416
"(0.975195619792394, 0.9958292603453894)",1,99.4452308482858,26417
"(1.0, 1.0)",1,99.4452300332827,26418
"(0.9169719169719168, 1.0)",1,99.44522667937302,26419
"(0.8329156223893065, 1.0)",1,99.44521725019482,26420
"(0.944073617452092, 1.0)",1,99.44520393261016,26421
"(0.6544644252235129, 1.0)",1,99.44517095383227,26422
"(0.8997493734335841, 1.0)",1,99.4451159940514,26423
"(0.7155555555555556, 1.0)",2,99.44510254676584,26425
"(0.8880984643179766, 1.0)",1,99.44509194765476,26426
"(0.8976982097186702, 1.0)",1,99.44504358465024,26427
"(0.9583930063253372, 1.0)",1,99.44504112394152,26428
"(0.6590846340846341, 1.0)",1,99.44500726973855,26429
"(0.8137865219658889, 1.0)",1,99.44498626407706,26430
"(0.786508365740383, 1.0)",1,99.44490682532955,26431
"(0.9161952650324744, 1.0)",1,99.44485587841709,26432
"(0.6804620726495727, 1.0)",1,99.44483743522818,26433
"(0.9833040078201368, 0.9958292603453894)",1,99.4448001415483,26434
"(0.7601164382773579, 1.0)",1,99.44478204637664,26435
"(0.9442283950617284, 1.0)",1,99.44471047092496,26436
"(0.9161952650324744, 1.0)",1,99.44467933445438,26437
"(0.9018806250259218, 1.0)",1,99.4446482278035,26438
"(0.8653198653198653, 1.0)",1,99.44462499644727,26439
"(0.7372334455667788, 1.0)",1,99.44460306007925,26440
"(0.9916585206907788, 0.9958292603453894)",1,99.44457755520057,26441
"(0.9460182143215032, 0.9958292603453894)",1,99.44457289284766,26442
"(0.808446455505279, 1.0)",1,99.44456924124889,26443
"(0.9876066164491212, 0.9958292603453894)",1,99.44448511956097,26444
"(1.0, 0.9958292603453894)",1,99.4444617155052,26445
"(0.8420013166556946, 1.0)",1,99.4444433190977,26446
"(0.930124456440246, 1.0)",1,99.44443973691654,26447
"(0.8040695048423352, 1.0)",1,99.44443089631088,26448
"(0.837707400507675, 1.0)",1,99.44436432358712,26449
"(0.6747507742934573, 1.0)",1,99.44435483610248,26450
"(0.6825396825396824, 1.0)",3,99.44435262118188,26453
"(0.7121693121693121, 1.0)",1,99.44432958885596,26454
"(0.987463247273494, 0.9958292603453894)",1,99.44427293830304,26455
"(0.8294970161977834, 1.0)",1,99.44421928817296,26456
"(0.8635976129582268, 1.0)",1,99.44416486247373,26457
"(0.8615866942983156, 1.0)",1,99.4440682148037,26458
"(0.9167853751187084, 1.0)",1,99.44404981074122,26459
"(0.9583930063253372, 1.0)",1,99.44399884214724,26460
"(0.9833211143695014, 0.9958292603453894)",1,99.44398472528616,26461
"(0.7647742788871822, 1.0)",1,99.44391722578024,26462
"(0.9582389563841176, 0.9958292603453894)",1,99.44389568131976,26463
"(0.8247905643738976, 1.0)",1,99.4438926450103,26464
"(0.9331662489557224, 1.0)",1,99.4438369198221,26465
"(0.9832184229069656, 0.9958292603453894)",1,99.44377593990666,26466
"(0.8533622685185187, 1.0)",1,99.44375789123411,26467
"(0.6804620726495727, 1.0)",1,99.44365571111152,26468
"(0.8814814814814814, 1.0)",1,99.44365345200842,26469
"(0.9833229101521784, 1.0)",4,99.4436274715742,26473
"(0.9916585206907788, 1.0)",1,99.44356866607144,26474
"(0.9583930063253372, 1.0)",1,99.44356620890956,26475
"(0.9027777777777778, 1.0)",1,99.44354327813096,26476
"(0.7802197802197803, 1.0)",1,99.4435002035002,26477
"(0.9441595441595442, 1.0)",1,99.44345259092924,26478
"(0.8468951683237397, 1.0)",1,99.44345025313548,26479
"(0.6378166586499919, 1.0)",1,99.44344120237476,26480
"(0.9833229101521784, 1.0)",1,99.4434234742919,26481
"(0.8997493734335841, 1.0)",1,99.44340016708438,26482
"(0.9670329670329668, 1.0)",1,99.44337447670628,26483
"(0.9169719169719168, 1.0)",1,99.44335930402826,26484
"(0.8845578466141503, 1.0)",1,99.44332832265776,26485
"(0.8329050741331443, 1.0)",1,99.44331321564157,26486
"(0.9748850895736324, 0.9958292603453894)",1,99.44326995002812,26487
"(0.7340930674264007, 1.0)",1,99.4431839765173,26488
"(0.6804620726495727, 1.0)",1,99.44316769229113,26489
"(0.8811945374355704, 1.0)",2,99.44311628603216,26491
"(0.9665831244778612, 1.0)",1,99.44311313041965,26492
"(0.9916585206907788, 0.9958292603453894)",1,99.44310130260614,26493
"(0.8533622685185187, 1.0)",1,99.44306304978272,26494
"(0.8319340617212959, 1.0)",1,99.4430567231575,26495
"(0.73687720936437, 1.0)",1,99.4430489081548,26496
"(0.9153439153439152, 1.0)",1,99.44302274295856,26497
"(0.7802197802197803, 1.0)",1,99.44299736808917,26498
"(0.9744745723240348, 0.9958292603453894)",1,99.44296290749968,26499
"(0.8796475392220073, 1.0)",1,99.4429378381466,26500
"(0.9499687304565352, 1.0)",2,99.44288296901266,26502
"(0.8420013166556946, 1.0)",1,99.44284844721268,26503
"(0.7164894725870335, 1.0)",1,99.442815822389,26504
"(0.861111111111111, 1.0)",1,99.44281195414118,26505
"(0.6636745887678723, 1.0)",1,99.4427624714058,26506
"(0.7503607503607503, 1.0)",1,99.44269589797642,26507
"(0.7119388248146047, 1.0)",2,99.4425605577373,26509
"(0.8374727668845315, 1.0)",1,99.44251585799503,26510
"(0.8468089381754635, 1.0)",1,99.44249185140386,26511
"(0.7060994560994561, 1.0)",1,99.44248590400802,26512
"(0.9326599326599326, 1.0)",1,99.44248157823256,26513
"(0.8349489264123411, 1.0)",1,99.4424587869926,26514
"(0.861111111111111, 1.0)",1,99.44243498817968,26515
"(0.746304385688563, 1.0)",1,99.4424319742068,26516
"(0.6823744006670837, 1.0)",1,99.44240929616352,26517
"(0.7090909090909091, 1.0)",1,99.44230958743154,26518
"(0.7416325017951034, 1.0)",1,99.44230869369936,26519
"(0.9333333333333332, 1.0)",1,99.4422991642504,26520
"(0.8796475392220073, 1.0)",1,99.44222639366728,26521
"(0.8796475392220073, 1.0)",1,99.44221524201244,26522
"(0.934122934122934, 1.0)",1,99.44220267132732,26523
"(0.8222222222222222, 1.0)",1,99.44216183867752,26524
"(0.7944219523166891, 1.0)",1,99.44212305784836,26525
"(0.9009534009534008, 1.0)",1,99.44206499612656,26526
"(0.6825396825396824, 1.0)",1,99.44198684347047,26527
"(0.9303715638302106, 1.0)",2,99.441913808078,26529
"(0.7090909090909091, 1.0)",2,99.4418812965668,26531
"(0.9791299139401608, 0.9958292603453894)",1,99.44180260165976,26532
"(0.8885714285714285, 1.0)",1,99.44179656596675,26533
"(0.9166145507608924, 1.0)",2,99.44176158348914,26535
"(0.7903875985986362, 1.0)",1,99.4417356438091,26536
"(0.9791299139401608, 0.9958292603453894)",1,99.44170756635653,26537
"(0.8615866942983156, 1.0)",1,99.44168324904923,26538
"(0.8845578466141503, 1.0)",1,99.44167393863351,26539
"(0.8976982097186702, 1.0)",1,99.4416221155628,26540
"(0.6638632083547339, 1.0)",1,99.44160690862546,26541
"(0.9833229101521784, 1.0)",1,99.44153933864656,26542
"(0.7786375661375661, 1.0)",1,99.44153565067988,26543
"(0.9192093318943212, 1.0)",1,99.44148868011185,26544
"(0.7673678366541239, 1.0)",1,99.4414881148358,26545
"(0.945878018492034, 0.9958292603453894)",1,99.4414278239469,26546
"(0.8811945374355704, 1.0)",1,99.44136331697474,26547
"(0.917849761232425, 1.0)",1,99.44131595066068,26548
"(0.8976982097186702, 1.0)",1,99.441292914382,26549
"(0.8887202421952387, 1.0)",1,99.44122316498206,26550
"(0.8468951683237397, 1.0)",2,99.44121429505174,26552
"(0.8615866942983156, 1.0)",1,99.44119257989658,26553
"(0.8976982097186702, 1.0)",1,99.44115429580484,26554
"(0.9161952650324744, 1.0)",1,99.44114378202208,26555
"(1.0, 1.0)",1,99.44110509743253,26556
"(0.8976982097186702, 1.0)",3,99.44106376947768,26559
"(0.8420013166556946, 1.0)",1,99.44099802225897,26560
"(0.9303715638302106, 1.0)",1,99.4409727915126,26561
"(0.8880984643179766, 1.0)",1,99.44095210322725,26562
"(0.7204751921733054, 1.0)",3,99.4409503843466,26565
"(0.9326599326599326, 1.0)",1,99.440936064977,26566
"(0.8420013166556946, 1.0)",1,99.44093532643248,26567
"(0.9832184229069656, 0.9958292603453894)",1,99.44090519779482,26568
"(0.8420013166556946, 1.0)",2,99.44088865211208,26570
"(0.8613656783468103, 1.0)",1,99.44086327404754,26571
"(0.859499940327008, 1.0)",1,99.44083297279391,26572
"(1.0, 1.0)",1,99.44081812380466,26573
"(0.8294970161977834, 1.0)",1,99.44077652544212,26574
"(0.6698155645524068, 1.0)",1,99.4407519098423,26575
"(0.9833229101521784, 1.0)",3,99.44074656102244,26578
"(0.916104916104916, 1.0)",1,99.4407437487116,26579
"(0.9003556829643787, 1.0)",1,99.44066929348294,26580
"(0.9874762808349148, 0.9958292603453894)",1,99.44065627352624,26581
"(0.9792521035784794, 0.9958292603453894)",1,99.4406544279378,26582
"(0.978932178932179, 0.9958292603453894)",1,99.44064062966332,26583
"(0.9714797495442656, 0.9958292603453894)",1,99.44061664623966,26584
"(0.8222222222222222, 1.0)",1,99.4405967838195,26585
"(0.5807100687237674, 1.0)",1,99.44056570376031,26586
"(0.8229870141950848, 1.0)",1,99.4405226575187,26587
"(0.933096859926128, 1.0)",1,99.44047819277915,26588
"(0.9326599326599326, 1.0)",1,99.44044871355528,26589
"(0.9437903841498612, 1.0)",2,99.44042618311369,26591
"(0.8294970161977834, 1.0)",2,99.4404159940083,26593
"(1.0, 0.9958292603453894)",1,99.44038661680828,26594
"(0.9166145507608924, 1.0)",1,99.44037933162387,26595
"(0.812557599070401, 1.0)",1,99.44036670023056,26596
"(0.933096859926128, 1.0)",1,99.440355678429,26597
"(0.7880931329207191, 1.0)",2,99.44035170523836,26599
"(0.8312205288949474, 1.0)",1,99.44031834692088,26600
"(0.9791332681655264, 0.9958292603453894)",1,99.44031437332303,26601
"(0.7479743867590829, 1.0)",1,99.44030407126915,26602
"(0.971023600055858, 0.9958292603453894)",2,99.44028630340873,26604
"(0.6215073982652175, 1.0)",1,99.44026295839342,26605
"(0.8811945374355704, 1.0)",1,99.4402075629894,26606
"(0.987463247273494, 0.9958292603453894)",1,99.4400930019764,26607
"(0.8467532467532467, 1.0)",1,99.44005829870493,26608
"(0.8101143854687974, 1.0)",1,99.44005205057456,26609
"(0.9331662489557224, 1.0)",1,99.4400491081287,26610
"(0.6760835913312693, 1.0)",1,99.43999550472589,26611
"(0.9792521035784794, 0.9958292603453894)",1,99.4399817265735,26612
"(0.9916585206907788, 0.9958292603453894)",1,99.43990416074064,26613
"(0.6825396825396824, 1.0)",2,99.43988491453928,26615
"(0.9009534009534008, 1.0)",1,99.43983186666114,26616
"(0.8976982097186702, 1.0)",1,99.43982332877474,26617
"(0.882673371045464, 1.0)",1,99.43978571310404,26618
"(0.944563492063492, 1.0)",1,99.43974676032649,26619
"(0.868077055383557, 1.0)",1,99.43969498980177,26620
"(0.812557599070401, 1.0)",1,99.43961254604828,26621
"(0.9618291283060416, 0.9958292603453894)",1,99.43951513778369,26622
"(0.9497171590194846, 1.0)",1,99.439472866738,26623
"(0.5555555555555555, 1.0)",1,99.43943781818815,26624
"(1.0, 1.0)",1,99.439374274554,26625
"(0.7294281157362763, 1.0)",1,99.43937138617764,26626
"(0.8040695048423352, 1.0)",1,99.43936480898896,26627
"(0.8796475392220073, 1.0)",1,99.43930862888624,26628
"(0.970619176311776, 0.9958292603453894)",1,99.4392194112854,26629
"(0.9326599326599326, 1.0)",1,99.43921635135004,26630
"(0.8618871810094527, 1.0)",1,99.43921283964104,26631
"(0.5555555555555555, 1.0)",1,99.43920307334942,26632
"(0.9833229101521784, 1.0)",2,99.43917139203342,26634
"(0.7340930674264007, 1.0)",1,99.4391643876489,26635
"(0.933096859926128, 1.0)",2,99.43908211821235,26637
"(0.4943189964157706, 1.0)",2,99.4390743141974,26639
"(1.0, 1.0)",1,99.43904755286869,26640
"(0.944073617452092, 1.0)",1,99.43903119765508,26641
"(0.9916585206907788, 0.9958292603453894)",1,99.43891930623198,26642
"(0.9833229101521784, 1.0)",1,99.43890415347413,26643
"(0.9832184229069656, 0.9958292603453894)",1,99.43888591664984,26644
"(0.9750943974852894, 0.9958292603453894)",1,99.43888329849716,26645
"(0.5555555555555555, 1.0)",1,99.43883677298312,26646
"(0.8177442148030384, 1.0)",1,99.4388013569984,26647
"(0.5555555555555555, 1.0)",1,99.43876365397546,26648
"(0.9166145507608924, 1.0)",1,99.4387532307943,26649
"(0.8976982097186702, 1.0)",1,99.4387462802564,26650
"(0.9749706744868036, 0.9958292603453894)",1,99.43870151367936,26651
"(0.8814814814814814, 1.0)",1,99.43868398422892,26652
"(0.9916585206907788, 0.9958292603453894)",1,99.43868298177364,26653
"(0.7222222222222221, 1.0)",2,99.43864899898276,26655
"(0.9164652836623464, 1.0)",1,99.43860396369575,26656
"(0.7421018697614443, 1.0)",1,99.43858349503202,26657
"(0.9497171590194848, 1.0)",1,99.43856435518376,26658
"(0.8266173510466989, 1.0)",1,99.43855731375734,26659
"(0.9832965806068272, 0.9958292603453894)",1,99.43854476296536,26660
"(0.7802197802197803, 1.0)",1,99.43852302713924,26661
"(0.6733821733821733, 1.0)",1,99.43848548113024,26662
"(0.8222222222222222, 1.0)",1,99.43846106824284,26663
"(0.9497171590194848, 1.0)",1,99.43836957450117,26664
"(0.8065954953750508, 1.0)",1,99.4383253050791,26665
"(0.9497171590194846, 1.0)",4,99.43831278374672,26669
"(0.9833229101521784, 1.0)",1,99.43831278374672,26670
"(0.9497171590194848, 1.0)",1,99.43831278374672,26671
"(0.8229870141950848, 1.0)",1,99.43819759347136,26672
"(0.8615866942983156, 1.0)",1,99.4381043406444,26673
"(0.8222222222222222, 1.0)",1,99.43809001022484,26674
"(0.8222222222222222, 1.0)",1,99.43808489328389,26675
"(0.9791348015256934, 0.9958292603453894)",1,99.43807127894571,26676
"(0.9665831244778612, 1.0)",1,99.43799084954412,26677
"(0.7077308656256025, 1.0)",1,99.4379673560247,26678
"(0.9497171590194848, 1.0)",3,99.43793264723496,26681
"(0.987491854024112, 0.9958292603453894)",1,99.43792266374302,26682
"(0.8997493734335841, 1.0)",1,99.43787105301868,26683
"(0.9832965806068272, 0.9958292603453894)",1,99.43784084730248,26684
"(0.8467532467532467, 1.0)",2,99.43782131239756,26686
"(0.7198480531813864, 1.0)",1,99.43780682980064,26687
"(0.8222222222222222, 1.0)",2,99.43780197393356,26689
"(0.7460317460317459, 1.0)",1,99.43768847075106,26690
"(0.7090909090909091, 1.0)",1,99.43761659493369,26691
"(0.8137566137566138, 1.0)",1,99.43758106516728,26692
"(0.8222222222222222, 1.0)",1,99.43756245670662,26693
"(0.9153439153439152, 1.0)",1,99.43754529120385,26694
"(0.8222222222222222, 1.0)",1,99.43748852136711,26695
"(0.7077308656256025, 1.0)",1,99.437446369492,26696
"(0.859499940327008, 1.0)",1,99.43744318803496,26697
"(0.8635976129582268, 1.0)",1,99.43739366336467,26698
"(0.9835199925522506, 0.9958292603453894)",1,99.43738012206386,26699
"(0.8796475392220073, 1.0)",1,99.43737229470769,26700
"(0.5910680656443368, 1.0)",1,99.43736025737044,26701
"(0.9833040078201368, 0.9958292603453894)",1,99.43730530961548,26702
"(0.7090909090909091, 1.0)",1,99.43723349820912,26703
"(0.8633762288330498, 1.0)",1,99.43723247906716,26704
"(0.6698155645524068, 1.0)",1,99.43718191664276,26705
"(0.8222222222222222, 1.0)",1,99.43706504117289,26706
"(0.6733821733821733, 1.0)",1,99.43705868135716,26707
"(0.970619176311776, 0.9958292603453894)",1,99.43704569413292,26708
"(0.8703703703703703, 1.0)",1,99.43704167826976,26709
"(0.8814814814814814, 1.0)",1,99.43703703703704,26710
"(0.7204751921733054, 1.0)",2,99.43702720384726,26712
"(0.808446455505279, 1.0)",1,99.4370242972617,26713
"(0.9873444118605408, 0.9958292603453894)",1,99.4370175206874,26714
"(0.9169719169719168, 1.0)",1,99.43693511588394,26715
"(0.9832925076188832, 0.9958292603453894)",1,99.43690888768845,26716
"(0.9832965806068272, 0.9958292603453894)",1,99.43690707975335,26717
"(0.8065954953750508, 1.0)",1,99.43688660016798,26718
"(0.9916339869281046, 0.9958292603453894)",1,99.43687498935284,26719
"(0.8796475392220073, 1.0)",1,99.4368656062512,26720
"(0.7637048646619141, 1.0)",1,99.43685647235,26721
"(0.7711781618000022, 1.0)",1,99.43674952776152,26722
"(0.9326599326599326, 1.0)",1,99.43671141193047,26723
"(0.8222222222222222, 1.0)",1,99.4367030250214,26724
"(0.8633762288330498, 1.0)",1,99.4366612933462,26725
"(0.9874762808349148, 0.9958292603453894)",1,99.436658812538,26726
"(0.6698155645524068, 1.0)",1,99.43665040685894,26727
"(0.6886904761904762, 1.0)",1,99.43660211792204,26728
"(0.9331662489557224, 1.0)",1,99.43659606870072,26729
"(0.9158007932517735, 1.0)",2,99.43659173834988,26731
"(0.8976982097186702, 1.0)",1,99.4365766754264,26732
"(0.933096859926128, 1.0)",1,99.4365688505588,26733
"(0.7090909090909091, 1.0)",1,99.4365337299824,26734
"(0.8547756205106323, 1.0)",1,99.43652319963954,26735
"(0.9412662901087948, 0.9958292603453894)",1,99.4365114318166,26736
"(0.8247905643738976, 1.0)",1,99.43649532367112,26737
"(0.9326599326599326, 1.0)",1,99.43647191814846,26738
"(0.7164894725870335, 1.0)",1,99.43644777986242,26739
"(0.8845578466141503, 1.0)",1,99.43640624351283,26740
"(0.9833040078201368, 0.9958292603453894)",1,99.43638412458668,26741
"(0.9873444118605408, 0.9958292603453894)",1,99.4363759013234,26742
"(0.8814814814814814, 1.0)",1,99.43634675720236,26743
"(0.6636745887678723, 1.0)",1,99.43632152209862,26744
"(1.0, 1.0)",1,99.436242006279,26745
"(0.6703030303030302, 1.0)",1,99.43616912351187,26746
"(0.4776542240827955, 1.0)",1,99.43615591842564,26747
"(0.987491854024112, 0.9958292603453894)",1,99.4361169596432,26748
"(0.8425483191745751, 1.0)",1,99.43603519450328,26749
"(0.978932178932179, 0.9958292603453894)",1,99.4360066193194,26750
"(0.9833040078201368, 0.9958292603453894)",1,99.43598714144944,26751
"(0.8615866942983156, 1.0)",1,99.43598161221796,26752
"(0.8796475392220073, 1.0)",1,99.43596282887064,26753
"(0.73687720936437, 1.0)",1,99.4359324925018,26754
"(0.970619176311776, 0.9958292603453894)",1,99.43590520420528,26755
"(0.7687400318979267, 1.0)",2,99.435873168496,26757
"(0.9748524098350704, 0.9958292603453894)",1,99.43583449336306,26758
"(0.9437903841498612, 1.0)",1,99.4358126948345,26759
"(0.979051756240299, 0.9958292603453894)",1,99.43580979499706,26760
"(0.8976982097186702, 1.0)",2,99.43577826342,26762
"(0.979051756240299, 0.9958292603453894)",1,99.43575103318558,26763
"(0.9666666666666668, 1.0)",1,99.43568536129511,26764
"(0.8222222222222222, 1.0)",1,99.43561287940037,26765
"(0.9665831244778612, 1.0)",1,99.43556680885264,26766
"(0.7503607503607503, 1.0)",1,99.435530598919,26767
"(0.7979797979797979, 1.0)",4,99.4355106918594,26771
"(0.8796475392220073, 1.0)",4,99.43549169506616,26775
"(0.73687720936437, 1.0)",1,99.43543980304892,26776
"(0.7277677677677677, 1.0)",1,99.43543402537392,26777
"(0.7880931329207191, 1.0)",1,99.43542847731489,26778
"(0.6734452539330588, 1.0)",1,99.43542479784826,26779
"(0.9618291283060416, 0.9958292603453894)",1,99.43534439812908,26780
"(0.7916666666666666, 1.0)",1,99.43534412538772,26781
"(0.8329156223893065, 1.0)",1,99.43528111621822,26782
"(0.757745166550198, 1.0)",1,99.43522020185578,26783
"(0.8420013166556947, 1.0)",1,99.43520467349506,26784
"(0.8796475392220073, 1.0)",8,99.43520309477756,26792
"(1.0, 1.0)",5,99.43520309477756,26797
"(0.9916585206907788, 0.9958292603453894)",1,99.43511301153453,26798
"(0.8976982097186702, 1.0)",1,99.43510386868486,26799
"(0.9832184229069656, 0.9958292603453894)",1,99.43508256604257,26800
"(0.7278086237149632, 1.0)",1,99.43505776454325,26801
"(0.8341307814992026, 1.0)",2,99.43504206533731,26803
"(1.0, 1.0)",1,99.4350115194036,26804
"(0.7687400318979267, 1.0)",1,99.435010147462,26805
"(0.9333333333333332, 1.0)",1,99.43500203225418,26806
"(0.8177442148030384, 1.0)",1,99.43494658553556,26807
"(0.8247905643738976, 1.0)",1,99.43492067960598,26808
"(0.849906191369606, 1.0)",1,99.43488303550824,26809
"(0.6698155645524068, 1.0)",1,99.43488228154018,26810
"(0.9161952650324744, 1.0)",1,99.43488008423076,26811
"(0.9497171590194848, 1.0)",1,99.43480798763856,26812
"(0.6521663785997688, 1.0)",1,99.43475040473167,26813
"(0.9506533178503804, 1.0)",2,99.43470694114124,26815
"(0.8372053872053872, 1.0)",1,99.4346949765614,26816
"(0.8678757556806338, 0.9833229101521784)",1,99.43465856636595,26817
"(0.9192093318943212, 1.0)",1,99.4346296002956,26818
"(0.7498436522826767, 1.0)",1,99.43457682007384,26819
"(0.8476190476190477, 1.0)",2,99.43455240881426,26821
"(0.8137566137566138, 1.0)",2,99.4345477219619,26823
"(0.9871616776282092, 0.9958292603453894)",1,99.4345027148982,26824
"(0.7802197802197803, 1.0)",4,99.4344277639472,26828
"(0.8316498316498316, 1.0)",1,99.43440714412418,26829
"(0.9707136080238548, 0.9958292603453894)",1,99.43439113935924,26830
"(0.7503607503607503, 1.0)",1,99.4343598524172,26831
"(0.8420013166556946, 1.0)",1,99.43435259681186,26832
"(0.9009534009534008, 1.0)",1,99.43430894615906,26833
"(0.9164652836623464, 1.0)",1,99.43425849363872,26834
"(0.8468951683237397, 1.0)",1,99.43418531485204,26835
"(0.9008025849489264, 1.0)",1,99.4338437557308,26836
"(0.8177442148030384, 1.0)",1,99.43379030391752,26837
"(0.9008025849489264, 1.0)",1,99.43371852081737,26838
"(0.9833211143695014, 0.9958292603453894)",1,99.43367767302726,26839
"(0.9833211143695014, 0.9958292603453894)",1,99.43367360003931,26840
"(0.8222222222222222, 1.0)",1,99.43365602394918,26841
"(0.8305135146220418, 1.0)",1,99.43365505234796,26842
"(0.9326599326599326, 1.0)",1,99.43356904427692,26843
"(0.903667392883079, 1.0)",1,99.43356275773856,26844
"(0.9833229101521784, 1.0)",2,99.43351730101456,26846
"(0.8976982097186702, 1.0)",1,99.43351170497012,26847
"(0.7090909090909091, 1.0)",1,99.43348189594546,26848
"(0.7574146783449108, 1.0)",1,99.43343039247507,26849
"(0.9666562434855118, 1.0)",1,99.43342790573794,26850
"(0.7090909090909091, 1.0)",1,99.43341920011898,26851
"(0.8471527473990528, 1.0)",1,99.43340831653344,26852
"(0.9958292603453894, 0.9958292603453894)",1,99.43334765216964,26853
"(0.8796475392220073, 1.0)",2,99.43325162484128,26855
"(0.7612958226768967, 1.0)",1,99.4332352039186,26856
"(0.9300671002153482, 1.0)",1,99.43314642405528,26857
"(0.7532376017916352, 1.0)",1,99.43309387254028,26858
"(0.961552316099405, 0.9958292603453894)",1,99.43304863854937,26859
"(0.9333333333333332, 0.9833229101521784)",1,99.43302063789874,26860
"(0.9499687304565352, 1.0)",1,99.4329997915364,26861
"(0.8703703703703703, 1.0)",2,99.4329581784652,26863
"(0.9166145507608924, 1.0)",1,99.4329128889012,26864
"(0.9009534009534008, 1.0)",1,99.432846761977,26865
"(0.917469251615593, 1.0)",1,99.43276702884728,26866
"(0.8976982097186702, 1.0)",1,99.43270667393811,26867
"(0.971023600055858, 0.9958292603453894)",1,99.43269865082108,26868
"(0.7077308656256025, 1.0)",1,99.43269585214388,26869
"(0.917415489944373, 1.0)",1,99.43268782433483,26870
"(1.0, 1.0)",1,99.43268615566431,26871
"(0.9791299139401608, 0.9958292603453894)",1,99.43268370969714,26872
"(0.8814814814814814, 1.0)",2,99.43267343407896,26874
"(0.8796475392220073, 1.0)",1,99.43266615835842,26875
"(0.9833040078201368, 0.9958292603453894)",1,99.43254603908775,26876
"(0.9499687304565352, 1.0)",1,99.43254512092768,26877
"(0.8651903651903651, 1.0)",1,99.43253839522814,26878
"(0.868077055383557, 1.0)",1,99.43252844746677,26879
"(0.861111111111111, 1.0)",1,99.43246708395073,26880
"(1.0, 0.9958292603453894)",1,99.43245002888736,26881
"(0.8697983697983697, 1.0)",2,99.43243543742692,26883
"(0.7310532222812924, 1.0)",1,99.43241924900396,26884
"(0.7416325017951034, 1.0)",1,99.43241773751696,26885
"(0.9506533178503804, 1.0)",1,99.43240630306768,26886
"(0.97934925289764, 0.9958292603453894)",1,99.43239888296972,26887
"(0.9161952650324744, 1.0)",1,99.43239450254109,26888
"(0.9499358151476252, 1.0)",1,99.43238176742672,26889
"(0.9009287520039462, 1.0)",1,99.43234535108458,26890
"(0.9833040078201368, 0.9958292603453894)",1,99.43231336683898,26891
"(0.8222222222222222, 1.0)",1,99.43226363586776,26892
"(0.9501563219469168, 0.9958292603453894)",1,99.43223646044392,26893
"(0.8976982097186702, 1.0)",1,99.43222790382283,26894
"(0.9833229101521784, 1.0)",1,99.43221307246834,26895
"(0.8468951683237397, 1.0)",1,99.432173603783,26896
"(0.9708855839501, 0.9958292603453894)",1,99.43212602078027,26897
"(0.8310777799491891, 1.0)",1,99.43210551412936,26898
"(0.9720813204508856, 1.0)",1,99.43210225495682,26899
"(0.8177442148030384, 1.0)",1,99.4320976145978,26900
"(0.9833229101521784, 1.0)",1,99.43206985568987,26901
"(0.6825396825396824, 1.0)",2,99.43205612185128,26903
"(0.9791299139401608, 0.9958292603453894)",1,99.4319500143361,26904
"(0.9833229101521784, 1.0)",1,99.43194446403687,26905
"(0.97934925289764, 0.9958292603453894)",1,99.43186836773332,26906
"(0.8533622685185187, 1.0)",1,99.431864144256,26907
"(0.9833229101521784, 1.0)",4,99.43185331242424,26911
"(0.8976982097186702, 1.0)",1,99.43181707813986,26912
"(0.9665831244778612, 1.0)",1,99.4316664602929,26913
"(0.9297812306740878, 1.0)",1,99.43165685864818,26914
"(0.6825396825396824, 1.0)",1,99.43156592468472,26915
"(0.9665831244778612, 1.0)",1,99.43155407236524,26916
"(0.9333333333333332, 1.0)",1,99.4315363685505,26917
"(0.6825396825396824, 1.0)",1,99.43150005543652,26918
"(0.8468951683237397, 1.0)",1,99.43147730015596,26919
"(0.7656073923822403, 1.0)",1,99.4314699850741,26920
"(0.9749436010963526, 0.9958292603453894)",1,99.43140553407156,26921
"(0.7673678366541239, 1.0)",1,99.4312775067798,26922
"(0.7164894725870335, 1.0)",1,99.43127666893974,26923
"(1.0, 1.0)",2,99.43127665849104,26925
"(0.7090909090909091, 1.0)",1,99.43127143858852,26926
"(0.9582389563841176, 0.9958292603453894)",1,99.43124416616826,26927
"(0.9331662489557224, 1.0)",1,99.43118735556864,26928
"(0.9169719169719168, 1.0)",1,99.43118028890036,26929
"(0.7979797979797979, 1.0)",2,99.43117279836986,26931
"(0.6698155645524068, 1.0)",1,99.4311668888646,26932
"(0.9331662489557224, 1.0)",1,99.43112485131196,26933
"(0.9704226680823772, 1.0)",1,99.43111153907176,26934
"(0.9744745723240348, 0.9958292603453894)",1,99.43106924970154,26935
"(0.738145558145558, 1.0)",1,99.4310574574802,26936
"(0.9744745723240348, 0.9958292603453894)",1,99.43104471593888,26937
"(0.9153439153439156, 1.0)",1,99.43101865566564,26938
"(1.0, 0.9958292603453894)",1,99.43101596089318,26939
"(0.8222222222222222, 1.0)",1,99.43099902078916,26940
"(0.9437903841498612, 1.0)",1,99.43097645153276,26941
"(0.9501563219469168, 0.9958292603453894)",1,99.43093106129528,26942
"(0.9272583321169658, 0.9958292603453894)",1,99.43091903784592,26943
"(0.9501563219469168, 0.9958292603453894)",1,99.43091884233144,26944
"(0.9018806250259218, 1.0)",1,99.43090152129363,26945
"(0.8796475392220073, 1.0)",2,99.4308394918195,26947
"(0.8316498316498316, 1.0)",1,99.43083541286366,26948
"(0.8247905643738976, 1.0)",1,99.43081848472232,26949
"(0.8420013166556946, 1.0)",1,99.4307397649686,26950
"(0.5836197591348022, 1.0)",1,99.43070531964904,26951
"(0.7916666666666666, 1.0)",1,99.43060928433268,26952
"(0.8101143854687974, 1.0)",1,99.43059391987748,26953
"(0.930704099821747, 1.0)",1,99.43047505774894,26954
"(0.9299160159815896, 1.0)",1,99.43046923640392,26955
"(0.8294970161977834, 1.0)",2,99.43045416926408,26957
"(0.808446455505279, 1.0)",1,99.43041820790066,26958
"(0.8613656783468103, 1.0)",1,99.43040112658228,26959
"(0.9871616776282092, 0.9958292603453894)",1,99.4303075679279,26960
"(0.7648017586542176, 1.0)",1,99.43030555557849,26961
"(0.8845578466141503, 1.0)",1,99.4302019173054,26962
"(0.8885714285714285, 1.0)",1,99.43017739333328,26963
"(0.81893131227901, 1.0)",1,99.4301648320198,26964
"(0.8294970161977834, 1.0)",1,99.4301438871226,26965
"(0.8615866942983156, 1.0)",1,99.43008819233576,26966
"(0.8976982097186702, 1.0)",1,99.43002730230688,26967
"(0.9833229101521784, 1.0)",1,99.42999327691489,26968
"(0.8016677935542034, 1.0)",2,99.4299790472498,26970
"(0.6825396825396824, 1.0)",1,99.42997684251078,26971
"(0.934122934122934, 1.0)",1,99.42997530033982,26972
"(0.8976982097186702, 1.0)",2,99.429961591276,26974
"(0.7687400318979267, 1.0)",1,99.42994230384228,26975
"(0.8468951683237397, 1.0)",1,99.42992294647348,26976
"(0.8222222222222222, 1.0)",2,99.42989442650432,26978
"(0.7632275132275131, 1.0)",1,99.4298805736779,26979
"(0.868077055383557, 1.0)",1,99.4297836925619,26980
"(0.6825396825396824, 1.0)",1,99.4297594585051,26981
"(0.9873891625615764, 0.9958292603453894)",1,99.42974809204344,26982
"(0.9497171590194846, 1.0)",1,99.42964172284216,26983
"(0.8736897274633123, 1.0)",1,99.42964147351653,26984
"(0.9833229101521784, 1.0)",1,99.42956663171388,26985
"(0.7204751921733054, 1.0)",1,99.4295661012642,26986
"(0.8137566137566138, 1.0)",1,99.42954608744084,26987
"(0.8137566137566138, 1.0)",2,99.42952524107852,26989
"(1.0, 0.9958292603453894)",1,99.42946046017629,26990
"(0.9249567554350648, 0.9958292603453894)",1,99.42943177541451,26991
"(0.9003556829643787, 1.0)",1,99.4294073722921,26992
"(0.9665831244778612, 1.0)",1,99.42934258723731,26993
"(0.7965746171391332, 1.0)",2,99.42933221802724,26995
"(0.8247905643738976, 1.0)",1,99.42932703052662,26996
"(0.6804620726495727, 1.0)",1,99.42931034947716,26997
"(0.893146638589877, 1.0)",1,99.42927870399096,26998
"(0.9665831244778612, 1.0)",1,99.42927241475336,26999
"(0.9153439153439152, 1.0)",4,99.42927241475336,27003
"(0.7416325017951034, 1.0)",3,99.42927234732969,27006
"(0.9331662489557224, 1.0)",1,99.42926173811924,27007
"(0.7632275132275131, 1.0)",2,99.42924540237624,27009
"(0.9746854694957162, 0.9958292603453894)",1,99.4292440632495,27010
"(0.7687400318979267, 1.0)",1,99.4292268984231,27011
"(0.9499687304565352, 1.0)",1,99.42916756953088,27012
"(0.8633762288330498, 1.0)",1,99.42915379031022,27013
"(0.9299507899507898, 1.0)",1,99.42915298470172,27014
"(0.6831352928913905, 1.0)",1,99.42912146819708,27015
"(0.9873444118605408, 0.9958292603453894)",1,99.4290744274763,27016
"(0.987463247273494, 0.9958292603453894)",1,99.4289690053105,27017
"(0.8796475392220073, 1.0)",1,99.4289479321681,27018
"(0.9630015205821658, 0.9958292603453894)",1,99.42893639797136,27019
"(0.9874762808349148, 0.9958292603453894)",1,99.4289363887444,27020
"(0.8053381731676306, 1.0)",1,99.4289071159217,27021
"(0.8653198653198653, 1.0)",1,99.42882057086165,27022
"(0.9581458989353726, 1.0)",1,99.42881168434992,27023
"(0.8016677935542034, 1.0)",1,99.42880653650845,27024
"(0.8635976129582268, 1.0)",1,99.42879849394858,27025
"(0.786508365740383, 1.0)",1,99.42876958063812,27026
"(0.7802197802197803, 1.0)",1,99.42876419754948,27027
"(0.8997493734335841, 1.0)",1,99.42873915506588,27028
"(0.7574146783449108, 1.0)",1,99.42869875178768,27029
"(0.7916666666666666, 1.0)",1,99.4286713833151,27030
"(0.7060994560994561, 1.0)",1,99.42866659787732,27031
"(0.979051756240299, 1.0)",2,99.42865340704456,27033
"(0.808446455505279, 1.0)",1,99.42862539577364,27034
"(0.6378166586499919, 1.0)",1,99.42857861609184,27035
"(0.9018806250259218, 1.0)",1,99.4284786155128,27036
"(0.9833229101521784, 1.0)",1,99.42839654195744,27037
"(0.9437903841498612, 1.0)",1,99.4283729816978,27038
"(0.958227107069612, 0.9958292603453894)",1,99.428359300687,27039
"(0.8374727668845315, 1.0)",1,99.4283144740292,27040
"(0.8976982097186702, 1.0)",1,99.42829409745688,27041
"(0.9707136080238548, 0.9958292603453894)",1,99.42827774375552,27042
"(0.6575398846941737, 1.0)",1,99.42824249032024,27043
"(0.9299160159815896, 1.0)",1,99.42820394236252,27044
"(0.8374727668845315, 1.0)",1,99.42819625165052,27045
"(0.6378166586499919, 1.0)",2,99.4281841886716,27047
"(0.9874762808349148, 0.9958292603453894)",1,99.42817396405316,27048
"(0.9873891625615764, 0.9958292603453894)",1,99.4281513395334,27049
"(0.7673678366541239, 1.0)",1,99.42813128418749,27050
"(0.7802197802197803, 1.0)",2,99.42811823747384,27052
"(0.9009287520039462, 1.0)",2,99.42809155694606,27054
"(0.917849761232425, 1.0)",1,99.42808877564045,27055
"(0.7601164382773579, 1.0)",2,99.42804226070233,27057
"(0.9166682405676116, 1.0)",1,99.42798546290538,27058
"(0.9916585206907788, 0.9958292603453894)",1,99.42798431868798,27059
"(0.978848063174439, 1.0)",1,99.42796538354445,27060
"(0.8885714285714285, 1.0)",2,99.42790732121811,27062
"(0.8653198653198653, 1.0)",1,99.42788521077296,27063
"(0.6733821733821733, 1.0)",1,99.4278351879978,27064
"(0.8796475392220073, 1.0)",1,99.4278106601926,27065
"(0.6698155645524068, 1.0)",1,99.42779972402022,27066
"(0.8880984643179766, 1.0)",1,99.42777291802474,27067
"(0.7503607503607503, 1.0)",1,99.4277672397877,27068
"(0.8887202421952387, 1.0)",1,99.4277160103686,27069
"(0.9326599326599326, 1.0)",1,99.42771210368002,27070
"(0.8310777799491891, 1.0)",1,99.42771163314632,27071
"(0.978932178932179, 0.9958292603453894)",1,99.42767939889065,27072
"(0.8997493734335841, 1.0)",1,99.42764422156988,27073
"(0.8736897274633123, 1.0)",1,99.42762101568384,27074
"(0.9628507148300384, 0.9958292603453894)",1,99.4275583493839,27075
"(0.9714797495442656, 0.9958292603453894)",1,99.42755828968188,27076
"(0.7601281633539698, 1.0)",1,99.4275337177514,27077
"(0.9874877810361682, 0.9958292603453894)",1,99.42753283119666,27078
"(0.8222222222222222, 1.0)",1,99.42745418894329,27079
"(0.9161952650324744, 1.0)",1,99.4273822863821,27080
"(0.6831352928913905, 1.0)",1,99.42731868758828,27081
"(0.9665831244778612, 1.0)",1,99.42720419114572,27082
"(0.7612958226768967, 1.0)",1,99.42715841536877,27083
"(0.917415489944373, 1.0)",1,99.42714901257456,27084
"(0.8420013166556946, 1.0)",1,99.42710193988044,27085
"(0.8539212725259236, 1.0)",1,99.42709957099308,27086
"(0.861111111111111, 1.0)",1,99.42708701764288,27087
"(0.8420013166556946, 1.0)",1,99.42707274542504,27088
"(0.9833211143695014, 0.9958292603453894)",1,99.42706365883406,27089
"(0.9833040078201368, 0.9958292603453894)",1,99.4270629050138,27090
"(0.9008627640703112, 1.0)",1,99.42700809564784,27091
"(0.8796475392220073, 1.0)",2,99.4269929141536,27093
"(0.8420013166556946, 1.0)",1,99.42695834835668,27094
"(0.8633762288330498, 1.0)",1,99.42678490687588,27095
"(0.9326599326599326, 1.0)",2,99.42675842675844,27097
"(0.9829909379735984, 0.9958292603453894)",1,99.42673716559727,27098
"(0.9744745723240348, 0.9958292603453894)",1,99.42672531616007,27099
"(1.0, 1.0)",1,99.42667881026932,27100
"(0.9313372164415809, 0.9958292603453894)",1,99.42661372357924,27101
"(0.9497171590194846, 1.0)",1,99.42660287960786,27102
"(0.8676532769556025, 1.0)",1,99.42651234080186,27103
"(1.0, 1.0)",1,99.42650688666949,27104
"(0.8615866942983156, 1.0)",1,99.42649798400151,27105
"(0.8222222222222222, 1.0)",2,99.42639970688752,27107
"(0.893146638589877, 1.0)",1,99.42639961759336,27108
"(0.6767580302172832, 1.0)",2,99.42637566481844,27110
"(0.8552744708994707, 1.0)",1,99.42634733876532,27111
"(0.9161952650324744, 1.0)",1,99.426318844424,27112
"(0.7344692811916678, 1.0)",2,99.42629265927714,27114
"(0.9750854369118126, 0.9958292603453894)",2,99.42616068901324,27116
"(0.9835199925522506, 0.9958292603453894)",1,99.42615145700373,27117
"(0.944073617452092, 1.0)",1,99.42614435702166,27118
"(0.7326851851851852, 1.0)",1,99.42612430304644,27119
"(0.7090909090909091, 1.0)",1,99.42607819603968,27120
"(0.73687720936437, 1.0)",1,99.42602460658073,27121
"(0.9153439153439152, 1.0)",1,99.4259226878566,27122
"(0.7278086237149632, 1.0)",1,99.42585162904987,27123
"(0.6636745887678723, 1.0)",1,99.42583421299943,27124
"(0.9326599326599326, 1.0)",1,99.4257426514384,27125
"(0.8468951683237397, 1.0)",2,99.42573853343434,27127
"(0.8887202421952387, 1.0)",1,99.42572249603188,27128
"(0.7416325017951034, 1.0)",1,99.42563160385154,27129
"(0.6760835913312693, 1.0)",1,99.42546147853068,27130
"(0.9516794286955578, 0.9958292603453894)",1,99.42545832193775,27131
"(0.7601164382773579, 1.0)",1,99.42544136676018,27132
"(0.9833040078201368, 0.9958292603453894)",1,99.42539506508236,27133
"(0.7090909090909091, 1.0)",1,99.42532959837196,27134
"(0.9326599326599326, 1.0)",1,99.42524024684369,27135
"(1.0, 1.0)",4,99.42518421178094,27139
"(0.808446455505279, 1.0)",1,99.42515639757188,27140
"(0.4943189964157706, 1.0)",1,99.42511903429757,27141
"(0.9166145507608924, 1.0)",2,99.42508449364132,27143
"(0.962699692780338, 0.9958292603453894)",1,99.42508229489248,27144
"(0.8068904981347378, 1.0)",1,99.42506054307631,27145
"(0.9833040078201368, 0.9958292603453894)",1,99.42503435628196,27146
"(0.9833229101521784, 1.0)",1,99.42501676790566,27147
"(0.6907243513029603, 1.0)",1,99.42500815413982,27148
"(0.6521663785997688, 1.0)",1,99.42487892252846,27149
"(0.893146638589877, 1.0)",1,99.4248405464625,27150
"(0.757745166550198, 1.0)",1,99.42481726529935,27151
"(0.9833229101521784, 1.0)",1,99.42479502724892,27152
"(0.7030539311241066, 1.0)",2,99.4247027870018,27154
"(0.9161952650324744, 1.0)",1,99.42464276540558,27155
"(0.9506533178503804, 1.0)",1,99.42459671862304,27156
"(0.8703703703703703, 1.0)",1,99.424592751422,27157
"(0.8040695048423352, 1.0)",1,99.42458098435849,27158
"(0.7030539311241066, 1.0)",1,99.42451921048412,27159
"(0.9833211143695014, 0.9958292603453894)",1,99.42449315636216,27160
"(0.987491854024112, 0.9958292603453894)",1,99.4244507147922,27161
"(0.9161952650324744, 1.0)",1,99.42440400142576,27162
"(0.746304385688563, 1.0)",2,99.42434506507324,27164
"(0.7532376017916352, 1.0)",1,99.42430778631706,27165
"(0.8420013166556946, 1.0)",1,99.42426576055416,27166
"(0.7090909090909091, 1.0)",1,99.42425426995388,27167
"(0.8420013166556946, 1.0)",1,99.4242541856374,27168
"(0.9834358767945106, 0.9958292603453894)",1,99.42418534385266,27169
"(0.9027777777777778, 1.0)",2,99.42416772386257,27171
"(0.9916585206907788, 0.9958292603453894)",1,99.42415835153074,27172
"(0.9916585206907788, 0.9958292603453894)",1,99.42413403008916,27173
"(0.6544644252235129, 1.0)",1,99.42412765456756,27174
"(0.7479743867590829, 1.0)",1,99.42411306106447,27175
"(0.6804620726495727, 1.0)",1,99.424106878261,27176
"(1.0, 0.9958292603453894)",1,99.42403080779276,27177
"(0.9873891625615764, 0.9958292603453894)",1,99.423987229615,27178
"(0.9747273037595618, 0.9958292603453894)",1,99.42397714486434,27179
"(0.7656073923822403, 1.0)",1,99.42397426119376,27180
"(1.0, 0.9958292603453894)",1,99.42390875915692,27181
"(0.97934925289764, 0.9958292603453894)",1,99.42386947726357,27182
"(0.9835199925522506, 0.9958292603453894)",1,99.42385010986376,27183
"(0.8374727668845315, 1.0)",1,99.42384602848244,27184
"(0.944563492063492, 1.0)",1,99.4237492769794,27185
"(0.8425483191745751, 1.0)",1,99.42371630222314,27186
"(0.8300265307680562, 1.0)",1,99.42365492921984,27187
"(0.8796475392220073, 1.0)",5,99.42364318725684,27192
"(0.8615866942983156, 1.0)",2,99.4236205051126,27194
"(0.6179693015417549, 1.0)",1,99.423551416679,27195
"(0.9916585206907788, 0.9958292603453894)",1,99.4234822068061,27196
"(0.9835547122074636, 0.9958292603453894)",1,99.42346002949888,27197
"(0.9748524098350704, 0.9958292603453894)",1,99.42344110981216,27198
"(0.9751539794803552, 0.9958292603453894)",1,99.4234384642086,27199
"(0.7687400318979267, 1.0)",1,99.42341644603609,27200
"(0.9583930063253372, 1.0)",1,99.42334145410048,27201
"(0.9876221896383188, 0.9958292603453894)",1,99.42333153244373,27202
"(0.9708855839501, 0.9958292603453894)",1,99.42333051913056,27203
"(0.757745166550198, 1.0)",1,99.42327130799806,27204
"(0.8814814814814814, 1.0)",1,99.42325970341764,27205
"(0.9664171122994653, 0.9958292603453894)",1,99.423254749761,27206
"(0.6179693015417549, 1.0)",1,99.4231600098948,27207
"(0.9583930063253372, 1.0)",1,99.42308197507492,27208
"(0.6907243513029603, 1.0)",1,99.4230516569714,27209
"(0.9665831244778612, 1.0)",1,99.42304688966928,27210
"(0.901575014782562, 1.0)",2,99.42303676650664,27212
"(0.9454999712494968, 0.9958292603453894)",1,99.42296991702425,27213
"(0.9832184229069656, 0.9958292603453894)",1,99.42292631462156,27214
"(0.987463247273494, 0.9958292603453894)",1,99.4229002874244,27215
"(0.8307349903094585, 1.0)",1,99.42289759402532,27216
"(0.9833211143695014, 0.9958292603453894)",1,99.4228969921674,27217
"(0.9665831244778612, 1.0)",1,99.422861863055,27218
"(0.9164652836623464, 1.0)",1,99.4227709911814,27219
"(0.5555555555555555, 1.0)",1,99.42276072834034,27220
"(0.6886904761904762, 1.0)",2,99.42275324781905,27222
"(0.8615866942983156, 1.0)",1,99.42273727410684,27223
"(0.9161952650324744, 1.0)",1,99.42272904301085,27224
"(0.9834440227703986, 1.0)",1,99.42264351451831,27225
"(0.617513611615245, 1.0)",1,99.4226342211274,27226
"(0.7734344933751168, 1.0)",1,99.42261999621915,27227
"(0.9326599326599326, 1.0)",1,99.42250409933337,27228
"(0.5555555555555555, 1.0)",3,99.4224632876751,27231
"(0.9749706744868036, 0.9958292603453894)",1,99.42244339946834,27232
"(0.9707136080238548, 0.9958292603453894)",1,99.42240776993177,27233
"(0.987491854024112, 0.9958292603453894)",1,99.42238646889663,27234
"(0.7880931329207191, 1.0)",1,99.42229813184235,27235
"(0.9161952650324744, 1.0)",1,99.42225149100388,27236
"(0.4776542240827955, 1.0)",1,99.42223431365348,27237
"(0.8420013166556946, 1.0)",1,99.42221281660426,27238
"(0.5555555555555555, 1.0)",1,99.422138836773,27239
"(0.9437903841498612, 1.0)",1,99.42211526827847,27240
"(0.901575014782562, 1.0)",2,99.42209335351954,27242
"(0.9666562434855118, 1.0)",2,99.42208656412764,27244
"(0.5555555555555555, 1.0)",1,99.42207614094649,27245
"(0.7222222222222221, 1.0)",1,99.42201360185956,27246
"(0.8229870141950848, 1.0)",1,99.4220031016878,27247
"(0.5910680656443368, 1.0)",1,99.42199522014522,27248
"(0.8222222222222222, 1.0)",1,99.42199291223682,27249
"(0.8832603710652491, 1.0)",1,99.4219675498347,27250
"(0.9437903841498612, 1.0)",1,99.42194369694296,27251
"(0.868077055383557, 1.0)",1,99.42193091945003,27252
"(0.933096859926128, 1.0)",1,99.42188136026392,27253
"(0.8635976129582268, 1.0)",1,99.4218725699584,27254
"(0.7277677677677677, 1.0)",1,99.4218632846784,27255
"(0.9834113430318364, 0.9958292603453894)",1,99.42181134806756,27256
"(0.8976982097186702, 1.0)",1,99.42177603091989,27257
"(0.7786375661375661, 1.0)",1,99.42177140262932,27258
"(0.9164652836623464, 1.0)",1,99.4217379982374,27259
"(0.9665831244778612, 1.0)",1,99.42165131269424,27260
"(0.9497171590194846, 1.0)",1,99.42157299807238,27261
"(0.8222222222222222, 1.0)",1,99.42153839836766,27262
"(0.844988344988345, 1.0)",1,99.42153196404024,27263
"(1.0, 1.0)",1,99.421487904627,27264
"(0.7916666666666666, 1.0)",2,99.4214819243889,27266
"(0.8068904981347378, 1.0)",1,99.4214734206124,27267
"(0.8065954953750508, 1.0)",1,99.42144901712568,27268
"(0.8065954953750508, 1.0)",1,99.42136024380858,27269
"(0.6825396825396824, 1.0)",1,99.4213346060586,27270
"(0.6825396825396824, 1.0)",1,99.4213137596963,27271
"(0.8420013166556946, 1.0)",1,99.42127299439788,27272
"(0.7121693121693121, 1.0)",1,99.4212602212602,27273
"(0.6825396825396824, 1.0)",1,99.4212510638698,27274
"(0.8065954953750508, 1.0)",1,99.42122333691778,27275
"(0.8312205288949474, 1.0)",1,99.42117750496726,27276
"(0.6961063627730295, 1.0)",1,99.42114035450248,27277
"(0.8736897274633123, 1.0)",2,99.42110971042726,27279
"(0.826388888888889, 1.0)",1,99.42110572566511,27280
"(0.9873444118605408, 0.9958292603453894)",1,99.42102566007,27281
"(0.9833229101521784, 1.0)",1,99.42101883669784,27282
"(0.8222222222222222, 1.0)",1,99.42100810276467,27283
"(0.7675138481590094, 1.0)",1,99.42094571131014,27284
"(0.6215073982652175, 1.0)",1,99.4209405652417,27285
"(0.7090909090909091, 1.0)",1,99.42093950508584,27286
"(0.9791299139401608, 0.9958292603453894)",1,99.4209307109603,27287
"(0.73687720936437, 1.0)",1,99.42092816411494,27288
"(0.8137566137566138, 1.0)",1,99.42090397531943,27289
"(0.9833229101521784, 1.0)",1,99.4208988338597,27290
"(0.9665831244778612, 1.0)",1,99.4208566634754,27291
"(0.8101143854687974, 1.0)",1,99.4208445850574,27292
"(0.8615866942983156, 1.0)",1,99.42083575045709,27293
"(0.6636745887678723, 1.0)",1,99.42080595706972,27294
"(0.9665831244778612, 1.0)",2,99.42080550552951,27296
"(0.8796475392220073, 1.0)",1,99.42077308034754,27297
"(0.9442283950617284, 1.0)",1,99.4206905011257,27298
"(0.987463247273494, 0.9958292603453894)",1,99.42068344369588,27299
"(0.8552744708994707, 1.0)",1,99.42067509837752,27300
"(0.73687720936437, 1.0)",1,99.42065132048124,27301
"(0.8697983697983697, 1.0)",1,99.42063974660084,27302
"(0.8065954953750508, 1.0)",1,99.42063661020585,27303
"(0.799275702501509, 1.0)",1,99.42062947167578,27304
"(0.6698155645524068, 1.0)",1,99.42056752262144,27305
"(0.9158007932517735, 1.0)",1,99.42056037569048,27306
"(0.861111111111111, 1.0)",1,99.42052407121552,27307
"(0.7121693121693121, 1.0)",1,99.42049222232149,27308
"(0.9153439153439152, 1.0)",2,99.4204243060185,27310
"(0.9192093318943212, 1.0)",1,99.420420064306,27311
"(0.9666562434855118, 1.0)",1,99.4204057460155,27312
"(0.73687720936437, 1.0)",1,99.42040420868084,27313
"(0.9874747474747476, 0.9958292603453894)",1,99.42037979358274,27314
"(0.8814814814814814, 1.0)",1,99.4203599471892,27315
"(0.987491854024112, 0.9958292603453894)",1,99.42035830516863,27316
"(0.7675138481590094, 1.0)",2,99.42035251249683,27318
"(0.7574146783449108, 1.0)",1,99.42033816711958,27319
"(0.8068904981347378, 1.0)",1,99.42029753041211,27320
"(0.9874762808349148, 0.9958292603453894)",1,99.42028885813036,27321
"(0.9833040078201368, 0.9958292603453894)",1,99.42019224347015,27322
"(0.9873891625615764, 0.9958292603453894)",1,99.42013827654402,27323
"(0.8222222222222222, 1.0)",1,99.42007426352292,27324
"(0.8976982097186702, 1.0)",1,99.41989958557858,27325
"(0.8294970161977834, 1.0)",1,99.4198832622397,27326
"(0.7675138481590094, 1.0)",2,99.41985173666144,27328
"(0.8976982097186702, 1.0)",3,99.41983688975208,27331
"(0.8796475392220073, 1.0)",1,99.41983496995653,27332
"(1.0, 1.0)",1,99.41975046808813,27333
"(0.8420013166556946, 1.0)",1,99.41973137585424,27334
"(0.7944219523166891, 1.0)",1,99.41969108050203,27335
"(0.987491854024112, 0.9958292603453894)",1,99.41953237566298,27336
"(0.7903875985986362, 1.0)",1,99.4195275558636,27337
"(0.8615866942983156, 1.0)",1,99.4195127499853,27338
"(0.8653198653198653, 1.0)",1,99.41946530996036,27339
"(1.0, 1.0)",1,99.41946198621426,27340
"(0.9153439153439152, 1.0)",1,99.41945848569728,27341
"(0.9166682405676116, 1.0)",1,99.41928795602507,27342
"(0.7075023741690408, 1.0)",1,99.4192617729302,27343
"(0.8615866942983156, 1.0)",1,99.4192533724966,27344
"(0.816195709052852, 1.0)",1,99.41924606049858,27345
"(0.882673371045464, 1.0)",2,99.41922910546968,27347
"(0.73687720936437, 1.0)",1,99.4191508573633,27348
"(0.9666562434855118, 1.0)",1,99.4191476347546,27349
"(0.8374727668845315, 1.0)",1,99.41908157314032,27350
"(0.9445235834124724, 1.0)",1,99.4190445185886,27351
"(1.0, 1.0)",4,99.41903944957652,27355
"(0.903667392883079, 1.0)",1,99.41898731644278,27356
"(0.8222222222222222, 1.0)",1,99.41897046220336,27357
"(0.8432903075760217, 1.0)",1,99.41894565618718,27358
"(0.9832184229069656, 0.9958292603453894)",1,99.41894340449076,27359
"(0.7532376017916352, 1.0)",1,99.41890968493983,27360
"(0.9833229101521784, 1.0)",1,99.41887508946874,27361
"(0.7979797979797979, 1.0)",1,99.4188336020116,27362
"(0.8796475392220073, 1.0)",2,99.41881460521834,27364
"(0.837707400507675, 1.0)",1,99.4187467580517,27365
"(0.6698155645524068, 1.0)",2,99.41871324162275,27367
"(0.8615866942983156, 1.0)",2,99.4186618708215,27369
"(0.9665831244778612, 1.0)",1,99.4186442689558,27370
"(0.7880931329207191, 1.0)",1,99.41859574525456,27371
"(0.987463247273494, 0.9958292603453894)",1,99.4185718092496,27372
"(0.903667392883079, 1.0)",1,99.41853611740092,27373
"(0.9916585206907788, 0.9958292603453894)",1,99.41853320121685,27374
"(0.8229870141950848, 1.0)",1,99.41853081461008,27375
"(0.8796475392220073, 1.0)",2,99.41852600492976,27377
"(0.9833229101521784, 1.0)",1,99.41852600492976,27378
"(0.9835199925522506, 0.9958292603453894)",1,99.41848539566756,27379
"(0.7503607503607503, 1.0)",1,99.41845372308508,27380
"(0.8372053872053872, 1.0)",1,99.4184432431544,27381
"(0.9497171590194848, 1.0)",1,99.4184403114943,27382
"(0.9876066164491212, 0.9958292603453894)",1,99.4184182288982,27383
"(0.7164894725870335, 1.0)",1,99.418406901276,27384
"(0.8547756205106323, 1.0)",1,99.4183925667072,27385
"(0.8137566137566138, 1.0)",1,99.41835592765824,27386
"(1.0, 1.0)",1,99.41833953032162,27387
"(0.6733821733821733, 1.0)",1,99.41827966257812,27388
"(0.8814814814814814, 1.0)",2,99.41825013419216,27390
"(0.8177442148030384, 1.0)",1,99.41819996031654,27391
"(0.808446455505279, 1.0)",1,99.4181654928666,27392
"(0.9788980434141724, 0.9958292603453894)",1,99.41808097382034,27393
"(0.8222222222222222, 1.0)",1,99.41804481002816,27394
"(0.9750943974852894, 0.9958292603453894)",1,99.41797441979416,27395
"(0.7340930674264007, 1.0)",1,99.41790329387229,27396
"(0.9916585206907788, 0.9958292603453894)",1,99.41790177800858,27397
"(0.979051756240299, 0.9958292603453894)",1,99.41789136126133,27398
"(0.7767756418742694, 1.0)",1,99.4178685493094,27399
"(0.9833211143695014, 0.9916625936787228)",1,99.41782774433167,27400
"(0.9445235834124724, 1.0)",1,99.4178227402289,27401
"(0.8222222222222222, 1.0)",2,99.41779519931345,27403
"(0.7802197802197803, 1.0)",1,99.4177506740994,27404
"(0.6830409356725146, 1.0)",1,99.41763568682892,27405
"(0.6698155645524068, 1.0)",1,99.41756878598984,27406
"(0.6815232656375146, 1.0)",1,99.41748654078133,27407
"(0.8976982097186702, 1.0)",1,99.41748561601057,27408
"(0.6804620726495727, 1.0)",1,99.4174629000936,27409
"(0.8845578466141503, 1.0)",2,99.41741558017344,27411
"(0.8552744708994707, 1.0)",1,99.41737370725268,27412
"(0.9658790011731188, 0.9958292603453894)",1,99.4173721961372,27413
"(0.917469251615593, 1.0)",1,99.41726156577562,27414
"(0.8016677935542034, 1.0)",1,99.41724754526555,27415
"(0.9167853751187084, 1.0)",1,99.41721075816945,27416
"(0.617513611615245, 1.0)",2,99.41714817331656,27418
"(0.9665831244778612, 1.0)",1,99.4171391044456,27419
"(0.9582389563841176, 0.9958292603453894)",1,99.4171338000981,27420
"(0.7077308656256025, 1.0)",1,99.41709446220725,27421
"(0.9497171590194846, 1.0)",1,99.417062866305,27422
"(0.9623066688389268, 0.9958292603453894)",1,99.41697459425008,27423
"(0.933096859926128, 1.0)",1,99.41694874518356,27424
"(0.9665831244778612, 1.0)",2,99.41693614979432,27426
"(0.8796475392220073, 1.0)",1,99.4169278065352,27427
"(0.7786375661375661, 1.0)",1,99.41686617594765,27428
"(0.9707136080238548, 0.9958292603453894)",1,99.416835237606,27429
"(0.80285509389987, 1.0)",1,99.41682221960286,27430
"(0.9833040078201368, 0.9958292603453894)",1,99.4167671155314,27431
"(0.799275702501509, 1.0)",1,99.4167542880148,27432
"(0.7090909090909091, 1.0)",1,99.41674211027114,27433
"(0.9797933639980358, 0.9958292603453894)",1,99.41670204088456,27434
"(0.9750481776288228, 0.9958292603453894)",1,99.41670145959765,27435
"(0.861111111111111, 1.0)",3,99.41666666666666,27438
"(0.7340930674264006, 1.0)",1,99.41663274996608,27439
"(0.7511111111111111, 1.0)",1,99.41662333894234,27440
"(0.799275702501509, 1.0)",1,99.41660346488705,27441
"(1.0, 1.0)",1,99.41654288788504,27442
"(0.9161952650324744, 1.0)",1,99.4165359384797,27443
"(0.9750481776288228, 0.9958292603453894)",1,99.4165126124607,27444
"(0.9707136080238548, 0.9958292603453894)",1,99.4164770534801,27445
"(0.8068904981347378, 1.0)",1,99.41646597625068,27446
"(0.786508365740383, 1.0)",1,99.41645209115111,27447
"(0.9797933639980358, 0.9958292603453894)",1,99.41642704612752,27448
"(0.7083333333333334, 1.0)",1,99.41642682534216,27449
"(0.8887202421952387, 1.0)",1,99.41637447548078,27450
"(0.9833040078201368, 0.9958292603453894)",1,99.41634978066466,27451
"(1.0, 1.0)",1,99.41630185532622,27452
"(0.5502402432393444, 1.0)",1,99.41625768575618,27453
"(0.8420013166556946, 1.0)",1,99.41622779833656,27454
"(0.9008025849489264, 1.0)",1,99.41618343119522,27455
"(0.970619176311776, 0.9958292603453894)",1,99.41616232611172,27456
"(0.9789546069211384, 0.9958292603453894)",1,99.41610344006138,27457
"(0.8420013166556946, 1.0)",2,99.41602340125053,27459
"(0.9874747474747476, 0.9958292603453894)",1,99.41597499275086,27460
"(0.9658159033159032, 0.9958292603453894)",1,99.41594949218717,27461
"(0.8539212725259236, 1.0)",1,99.4159461515362,27462
"(0.7416325017951034, 1.0)",1,99.4159295232797,27463
"(0.5502402432393444, 1.0)",1,99.4158971936203,27464
"(1.0, 1.0)",1,99.41584511147954,27465
"(0.8016677935542034, 1.0)",1,99.41582947581152,27466
"(0.9003556829643787, 1.0)",1,99.41581019976228,27467
"(0.617513611615245, 1.0)",1,99.41580661921056,27468
"(0.934122934122934, 1.0)",1,99.41574909097372,27469
"(0.6698155645524068, 1.0)",1,99.4157321177283,27470
"(0.9161952650324744, 1.0)",1,99.41572410589636,27471
"(0.8329156223893065, 1.0)",1,99.4156832737616,27472
"(0.7601164382773579, 1.0)",1,99.41568021892824,27473
"(0.9916585206907788, 0.9958292603453894)",1,99.41563873666053,27474
"(0.9705383010048324, 0.9958292603453894)",1,99.41561375850448,27475
"(0.9665831244778612, 1.0)",1,99.4156054952768,27476
"(0.7090909090909091, 1.0)",1,99.41560460087516,27477
"(0.9326599326599326, 1.0)",1,99.41558441558442,27478
"(0.9161952650324744, 1.0)",1,99.41554808736348,27479
"(0.9834440227703986, 1.0)",1,99.41554636634837,27480
"(0.8294970161977834, 1.0)",1,99.4155299857278,27481
"(0.9746535316523212, 0.9958292603453894)",1,99.4155249585904,27482
"(0.9744745723240348, 1.0)",1,99.41551251480249,27483
"(0.7292352225255748, 1.0)",1,99.41549372911308,27484
"(0.9746854694957162, 0.9958292603453894)",1,99.41548834175563,27485
"(0.9835199925522506, 0.9958292603453894)",1,99.41541504766684,27486
"(0.9441792447111594, 1.0)",1,99.41529594168824,27487
"(0.8997493734335841, 1.0)",1,99.41523602627582,27488
"(0.9916585206907788, 0.9958292603453894)",1,99.41523048193191,27489
"(0.7880931329207191, 1.0)",1,99.415219681578,27490
"(0.9747838672665278, 0.9958292603453894)",1,99.4151793450008,27491
"(0.7075023741690408, 1.0)",1,99.41515357534928,27492
"(1.0, 1.0)",1,99.41510386869822,27493
"(0.917469251615593, 1.0)",1,99.41508418652472,27494
"(0.9583930063253372, 1.0)",1,99.41501407463552,27495
"(0.9721762578905436, 1.0)",1,99.41499071832057,27496
"(0.9833229101521784, 1.0)",1,99.41495822386648,27497
"(0.9161952650324744, 1.0)",1,99.41494055593826,27498
"(0.9832925076188832, 0.9958292603453894)",1,99.4149168231925,27499
"(0.8796475392220073, 1.0)",1,99.41490780952844,27500
"(0.9833229101521784, 1.0)",2,99.4148527372398,27502
"(0.944073617452092, 1.0)",1,99.41482782861594,27503
"(0.9161952650324744, 1.0)",1,99.4147525988859,27504
"(0.7155555555555556, 1.0)",2,99.41473938888574,27506
"(0.9876221896383188, 0.9958292603453894)",1,99.41473922116732,27507
"(0.8040695048423352, 1.0)",1,99.41471015676171,27508
"(0.868077055383557, 1.0)",1,99.41469026446032,27509
"(0.7090909090909091, 1.0)",2,99.41468983870485,27511
"(0.9161952650324744, 1.0)",1,99.4146865992106,27512
"(0.9747273037595618, 0.9958292603453894)",1,99.41466232277558,27513
"(0.6698155645524068, 1.0)",1,99.414634606338,27514
"(0.6698155645524068, 1.0)",1,99.41461597880084,27515
"(0.7204751921733054, 1.0)",1,99.41461026773028,27516
"(0.9958292603453894, 0.9958292603453894)",1,99.41453261316887,27517
"(0.7979797979797979, 1.0)",1,99.41449570852204,27518
"(0.9299160159815896, 1.0)",1,99.4144934610524,27519
"(0.8651903651903651, 1.0)",1,99.41446426098464,27520
"(0.9833229101521784, 1.0)",1,99.41444975086044,27521
"(0.9499687304565352, 1.0)",1,99.41443971803407,27522
"(0.9666666666666668, 1.0)",1,99.41439483225514,27523
"(0.9788980434141724, 0.9958292603453894)",1,99.41438877886236,27524
"(0.7802197802197803, 1.0)",1,99.4143713736737,27525
"(0.8676532769556025, 1.0)",1,99.41431671849784,27526
"(0.9299160159815896, 1.0)",1,99.41431104080893,27527
"(0.746304385688563, 1.0)",1,99.4142815027152,27528
"(0.9720813204508856, 1.0)",1,99.4142706925358,27529
"(0.9873891625615764, 0.9958292603453894)",1,99.41425248455356,27530
"(0.7479743867590829, 1.0)",1,99.4142039867525,27531
"(0.8762860082304527, 1.0)",1,99.41418174530848,27532
"(0.893146638589877, 1.0)",1,99.4141742113973,27533
"(0.8040695048423352, 1.0)",1,99.41417272314064,27534
"(0.9580602951397298, 0.9958292603453894)",1,99.41412489356512,27535
"(0.7880931329207191, 1.0)",1,99.41409477215537,27536
"(0.917469251615593, 1.0)",1,99.4140701231978,27537
"(0.721056721056721, 1.0)",1,99.41400090661963,27538
"(0.9829909379735984, 0.9958292603453894)",1,99.41398727580751,27539
"(0.9832965806068272, 0.9958292603453894)",1,99.41398064270302,27540
"(0.5807100687237674, 1.0)",1,99.41394162781512,27541
"(0.6636745887678723, 1.0)",1,99.4139310846524,27542
"(0.9295946890286512, 1.0)",1,99.41389701763715,27543
"(0.617513611615245, 1.0)",1,99.41387864683,27544
"(0.8976982097186702, 1.0)",1,99.4138743599128,27545
"(0.8420013166556946, 1.0)",1,99.41380507673573,27546
"(0.7030539311241066, 1.0)",1,99.41375696634128,27547
"(0.9497171590194848, 1.0)",1,99.41374716568517,27548
"(0.6378166586499919, 1.0)",1,99.41373532266395,27549
"(0.9833229101521784, 1.0)",1,99.41369627139844,27550
"(0.8425483191745751, 1.0)",1,99.4136853735166,27551
"(0.8177442148030384, 1.0)",1,99.41367405263642,27552
"(0.9161952650324744, 1.0)",1,99.41366881743332,27553
"(0.8065954953750508, 1.0)",1,99.41363521664022,27554
"(0.7340930674264007, 1.0)",1,99.41360878909322,27555
"(0.8319340617212959, 1.0)",1,99.41359186832842,27556
"(0.8137865219658889, 1.0)",1,99.41357306762302,27557
"(0.9916585206907788, 0.9958292603453894)",1,99.41350920329816,27558
"(0.9027777777777778, 1.0)",1,99.41348224518632,27559
"(0.8329050741331443, 1.0)",1,99.4134486613818,27560
"(0.7711781618000022, 1.0)",1,99.41343511630842,27561
"(0.8137865219658889, 1.0)",1,99.41342917800308,27562
"(0.9618291283060416, 0.9958292603453894)",1,99.41338747586532,27563
"(0.9153439153439156, 1.0)",1,99.41338440953334,27564
"(0.7786375661375661, 1.0)",1,99.41338264780224,27565
"(0.8976982097186702, 1.0)",1,99.41334704051512,27566
"(0.8222222222222222, 1.0)",1,99.41331009155884,27567
"(0.8976982097186702, 1.0)",1,99.41318854281906,27568
"(0.9958292603453894, 0.9958292603453894)",1,99.41318852720028,27569
"(0.9748850895736324, 0.9958292603453894)",1,99.41316002742502,27570
"(0.6784722222222224, 1.0)",1,99.41314018388064,27571
"(0.5807100687237674, 1.0)",1,99.41308901283998,27572
"(0.6804620726495727, 1.0)",1,99.41308770933296,27573
"(0.799275702501509, 1.0)",1,99.41306533014536,27574
"(0.9916585206907788, 0.9958292603453894)",1,99.413051323472,27575
"(0.94993894993895, 1.0)",1,99.41304036175218,27576
"(0.8468951683237397, 1.0)",1,99.41303989223483,27577
"(0.7632275132275131, 1.0)",1,99.4129650951266,27578
"(0.917849761232425, 1.0)",1,99.41291632545447,27579
"(0.80285509389987, 1.0)",1,99.4128531454851,27580
"(0.9161952650324744, 1.0)",1,99.41283273111796,27581
"(0.7340930674264006, 1.0)",1,99.41283167299429,27582
"(0.826388888888889, 1.0)",1,99.41281417023389,27583
"(0.9583930063253372, 1.0)",1,99.4126630870798,27584
"(0.8316498316498316, 1.0)",2,99.41263215460904,27586
"(0.882673371045464, 1.0)",1,99.41259691175496,27587
"(0.8796475392220073, 1.0)",1,99.41254262872816,27588
"(0.8420013166556946, 1.0)",1,99.41251787696238,27589
"(0.617513611615245, 1.0)",1,99.41251665006696,27590
"(0.9665831244778612, 1.0)",1,99.41243752189206,27591
"(0.8420013166556946, 1.0)",1,99.41236505646744,27592
"(0.9008025849489264, 1.0)",1,99.41232798485686,27593
"(1.0, 1.0)",1,99.4123030637086,27594
"(0.861111111111111, 1.0)",1,99.4123030637086,27595
"(0.6760835913312693, 1.0)",1,99.41228784381704,27596
"(0.8832603710652491, 1.0)",1,99.41227751471654,27597
"(0.9916585206907788, 0.9958292603453894)",1,99.41223207883084,27598
"(0.844988344988345, 1.0)",2,99.4121989121989,27600
"(0.7164894725870335, 1.0)",2,99.41205316815072,27602
"(0.975195619792394, 0.9958292603453894)",1,99.4120050753004,27603
"(0.8796475392220073, 1.0)",1,99.41199936939158,27604
"(0.826388888888889, 1.0)",1,99.41199194479948,27605
"(0.8736897274633123, 1.0)",1,99.411988542374,27606
"(0.757745166550198, 1.0)",1,99.41195315027764,27607
"(0.8814814814814814, 1.0)",1,99.4119367192538,27608
"(0.9497171590194848, 1.0)",1,99.41186216259568,27609
"(0.8040695048423352, 1.0)",1,99.41169408675168,27610
"(0.8814814814814814, 1.0)",1,99.41162260229068,27611
"(0.7485857950974231, 1.0)",1,99.41158242350562,27612
"(0.987463247273494, 0.9958292603453894)",1,99.41155641571096,27613
"(0.7075023741690408, 1.0)",1,99.4115546831048,27614
"(0.8316498316498316, 1.0)",1,99.41148940852362,27615
"(0.8887202421952387, 1.0)",1,99.41144489319782,27616
"(0.9003556829643787, 1.0)",1,99.41142919082864,27617
"(0.6747507742934573, 1.0)",1,99.41135380669664,27618
"(0.9833211143695014, 0.9958292603453894)",1,99.41134466529016,27619
"(0.4943189964157706, 1.0)",1,99.41132304499877,27620
"(0.917849761232425, 1.0)",2,99.41128250237036,27622
"(0.8300265307680562, 1.0)",1,99.41127218951326,27623
"(0.9874747474747476, 0.9958292603453894)",1,99.41124210236404,27624
"(0.6907243513029603, 1.0)",1,99.4112056909608,27625
"(0.8016677935542034, 1.0)",1,99.41119457307023,27626
"(0.6790911536674249, 1.0)",1,99.41114329778632,27627
"(0.738145558145558, 1.0)",1,99.4111228388996,27628
"(0.6825396825396824, 1.0)",2,99.41099844148624,27630
"(0.9871616776282092, 0.9958292603453894)",1,99.4109721864611,27631
"(0.9498461391725148, 0.9958292603453894)",1,99.41096728195885,27632
"(0.6847700625721401, 1.0)",1,99.41091543032586,27633
"(0.6698155645524068, 1.0)",2,99.41088364125478,27635
"(0.8997493734335841, 1.0)",1,99.41085922040602,27636
"(0.6784722222222224, 1.0)",1,99.41082007181728,27637
"(0.7503607503607503, 1.0)",1,99.41080360415025,27638
"(0.8040695048423352, 1.0)",1,99.410788863614,27639
"(0.8848000715856217, 1.0)",1,99.41078024789252,27640
"(1.0, 1.0)",1,99.41074671419142,27641
"(0.9665831244778612, 1.0)",1,99.41073430476064,27642
"(1.0, 1.0)",1,99.41072545308946,27643
"(0.8372053872053872, 1.0)",1,99.41069909601212,27644
"(0.9874877810361682, 0.9958292603453894)",1,99.41063444708264,27645
"(0.9832925076188832, 0.9958292603453894)",1,99.41059456838636,27646
"(0.9161952650324744, 1.0)",1,99.41057919390688,27647
"(0.987463247273494, 0.9958292603453894)",1,99.41056088844988,27648
"(0.7574146783449108, 1.0)",1,99.41055645634356,27649
"(0.9584987529902784, 1.0)",2,99.41053776577408,27651
"(0.8796475392220073, 1.0)",1,99.41049077634707,27652
"(0.9578375055710984, 0.9958292603453894)",1,99.41046290625,27653
"(0.9916585206907788, 0.9958292603453894)",1,99.41043394466004,27654
"(0.9788980434141724, 0.9958292603453894)",1,99.41042923613765,27655
"(0.916104916104916, 1.0)",1,99.41040853964564,27656
"(1.0, 1.0)",1,99.4103638830377,27657
"(0.9166145507608924, 1.0)",1,99.41033598770504,27658
"(0.8420013166556946, 1.0)",3,99.4103142297962,27661
"(0.8796475392220073, 1.0)",1,99.41028334744402,27662
"(0.6238244514106583, 1.0)",1,99.41023737196991,27663
"(0.861111111111111, 1.0)",1,99.4102340748682,27664
"(0.9916585206907788, 0.9958292603453894)",1,99.4102202079273,27665
"(0.8329050741331443, 1.0)",1,99.41013736670816,27666
"(0.7090909090909091, 1.0)",1,99.41013322297708,27667
"(0.9873891625615764, 0.9958292603453894)",1,99.41008174489896,27668
"(0.9876066164491212, 0.9958292603453894)",1,99.41008082257692,27669
"(0.8976982097186702, 1.0)",1,99.41007359732964,27670
"(0.7711781618000022, 1.0)",1,99.41004763992154,27671
"(0.80285509389987, 1.0)",1,99.4099450965434,27672
"(0.9748524098350704, 0.9958292603453894)",1,99.40993097485703,27673
"(0.9833211143695014, 0.9958292603453894)",1,99.40992081483674,27674
"(0.799275702501509, 1.0)",1,99.40991286912129,27675
"(0.9161952650324744, 1.0)",1,99.40983063018672,27676
"(0.8796475392220073, 1.0)",2,99.40982281402364,27678
"(0.9916585206907788, 0.9958292603453894)",1,99.40982155438822,27679
"(0.5070372093557577, 1.0)",1,99.40971713872742,27680
"(0.9166145507608924, 1.0)",1,99.40969766998204,27681
"(0.861111111111111, 1.0)",1,99.40961873166616,27682
"(0.8294970161977834, 1.0)",1,99.40950646141904,27683
"(1.0, 0.9958292603453894)",1,99.40950477733467,27684
"(0.6831352928913905, 1.0)",4,99.40949635397646,27688
"(0.9747273037595618, 0.9958292603453894)",1,99.40948951491018,27689
"(0.8997493734335841, 1.0)",1,99.4094715956558,27690
"(0.9871616776282092, 0.9958292603453894)",1,99.40945600473444,27691
"(0.916104916104916, 1.0)",1,99.4094463983639,27692
"(0.6733821733821733, 1.0)",2,99.40940352828032,27694
"(0.9873444118605408, 0.9958292603453894)",1,99.40939091556795,27695
"(0.9580331374974232, 1.0)",1,99.40938345348364,27696
"(1.0, 1.0)",1,99.40936088393715,27697
"(0.7075023741690408, 1.0)",2,99.40929849058288,27699
"(0.6238244514106583, 1.0)",1,99.40925758850064,27700
"(0.9835199925522506, 0.9958292603453894)",1,99.4091980519858,27701
"(0.9442283950617284, 1.0)",1,99.40917186132712,27702
"(0.8420013166556946, 1.0)",1,99.40912102807388,27703
"(0.9623066688389268, 0.9958292603453894)",1,99.40907722604126,27704
"(0.746304385688563, 1.0)",1,99.40904047332124,27705
"(0.6698155645524068, 1.0)",1,99.40902230375914,27706
"(0.9192093318943212, 1.0)",1,99.4089969778147,27707
"(0.8312205288949474, 1.0)",1,99.4089806701071,27708
"(0.8633762288330498, 1.0)",5,99.40890350822669,27713
"(0.9009287520039462, 1.0)",1,99.40880032189528,27714
"(0.7090909090909091, 1.0)",1,99.40879874653945,27715
"(0.9833229101521784, 1.0)",2,99.4087592624178,27717
"(0.6747507742934573, 1.0)",1,99.408745059997,27718
"(0.8848000715856217, 1.0)",1,99.40874183108424,27719
"(0.8976982097186702, 1.0)",1,99.40872927915797,27720
"(0.9326599326599326, 1.0)",1,99.40868542507889,27721
"(0.7574146783449108, 1.0)",1,99.40868432835622,27722
"(0.9010312805474096, 0.9958292603453894)",1,99.40856041439052,27723
"(0.9791332681655264, 0.9958292603453894)",1,99.4085225952452,27724
"(0.8310777799491891, 1.0)",1,99.40852097764676,27725
"(0.7077308656256025, 1.0)",1,99.40846975335636,27726
"(0.7164894725870335, 1.0)",1,99.40846504237254,27727
"(0.861111111111111, 1.0)",1,99.4084564860427,27728
"(0.6733821733821733, 1.0)",1,99.40841572702038,27729
"(0.6747507742934573, 1.0)",1,99.4083953923362,27730
"(0.757745166550198, 1.0)",1,99.408390088911,27731
"(0.8676532769556025, 1.0)",1,99.40837275618392,27732
"(0.9876066164491212, 0.9958292603453894)",1,99.40835426438754,27733
"(0.9665831244778612, 1.0)",1,99.40833428478584,27734
"(0.8697983697983697, 1.0)",1,99.40829459791009,27735
"(0.917849761232425, 1.0)",1,99.40827726356034,27736
"(0.8615866942983156, 1.0)",1,99.40826637352713,27737
"(0.7183489076634237, 1.0)",1,99.4082581417306,27738
"(0.9658159033159032, 0.9958292603453894)",1,99.40824609289514,27739
"(0.8310777799491891, 1.0)",1,99.40821553412,27740
"(0.4776542240827955, 1.0)",1,99.4081658855625,27741
"(0.9437903841498612, 1.0)",1,99.40814737769549,27742
"(0.7030539311241066, 1.0)",1,99.40812059459898,27743
"(0.8068904981347378, 1.0)",1,99.4081197343826,27744
"(0.8796475392220073, 1.0)",1,99.40811927699608,27745
"(0.8222222222222222, 1.0)",1,99.40809741592795,27746
"(0.933096859926128, 1.0)",1,99.4080394873938,27747
"(0.7155555555555556, 1.0)",2,99.40796937479864,27749
"(0.9658159033159032, 0.9958292603453894)",1,99.407907847851,27750
"(0.799275702501509, 1.0)",1,99.407896613754,27751
"(0.8887202421952387, 1.0)",1,99.40787397946846,27752
"(0.9720813204508856, 1.0)",1,99.40784284830362,27753
"(0.7075023741690408, 1.0)",1,99.40783699321932,27754
"(0.6804620726495727, 1.0)",1,99.40783623402427,27755
"(1.0, 1.0)",1,99.40781973677772,27756
"(0.9583930063253372, 1.0)",1,99.40778536695832,27757
"(0.8547756205106323, 1.0)",1,99.40766966992749,27758
"(0.8420013166556946, 1.0)",1,99.40757718518408,27759
"(0.9153439153439156, 1.0)",1,99.40756996058664,27760
"(0.7944219523166891, 1.0)",1,99.40745743809872,27761
"(0.8653198653198653, 1.0)",1,99.40745178845307,27762
"(0.7090909090909091, 1.0)",1,99.40744456893366,27763
"(0.8677838677838676, 1.0)",1,99.40742206758466,27764
"(0.5910680656443368, 1.0)",1,99.40740811439326,27765
"(0.9161952650324744, 1.0)",1,99.40736526739248,27766
"(0.6215073982652175, 1.0)",1,99.40727909746288,27767
"(0.8976982097186702, 1.0)",1,99.40725974722692,27768
"(0.8016677935542034, 1.0)",1,99.40721180058183,27769
"(0.9916585206907788, 0.9958292603453894)",2,99.40699312862972,27771
"(0.979273283115788, 0.9958292603453894)",1,99.4069224477732,27772
"(0.8814814814814814, 1.0)",1,99.40688630091265,27773
"(0.808446455505279, 1.0)",1,99.40688355295472,27774
"(0.9876066164491212, 0.9958292603453894)",2,99.4067903495371,27776
"(0.987463247273494, 0.9958292603453894)",1,99.40678698864998,27777
"(0.9833229101521784, 1.0)",1,99.40673459761382,27778
"(0.6830409356725146, 1.0)",1,99.40672764388898,27779
"(0.8848000715856217, 1.0)",1,99.4066936331283,27780
"(0.799275702501509, 1.0)",1,99.40665390932772,27781
"(0.9009534009534008, 1.0)",1,99.40660783075766,27782
"(0.8247905643738976, 1.0)",1,99.4065693767446,27783
"(0.7687400318979267, 1.0)",1,99.40641130371554,27784
"(0.97934925289764, 0.9958292603453894)",1,99.4063893952525,27785
"(0.9750943974852894, 0.9958292603453894)",1,99.4063398918628,27786
"(0.9167853751187084, 1.0)",1,99.40626830321472,27787
"(1.0, 0.9958292603453894)",1,99.40611187987967,27788
"(0.8329156223893065, 1.0)",1,99.40611123714852,27789
"(0.9873444118605408, 0.9958292603453894)",1,99.40609948529834,27790
"(0.9833040078201368, 0.9958292603453894)",1,99.40607551510446,27791
"(0.8425483191745751, 1.0)",1,99.40604282838888,27792
"(0.9744745723240348, 0.9958292603453894)",2,99.40594263616131,27794
"(0.987491854024112, 0.9958292603453894)",2,99.4059025653159,27796
"(0.5555555555555555, 1.0)",1,99.40589476288196,27797
"(0.8065954953750508, 1.0)",1,99.40588837323268,27798
"(0.9833211143695014, 0.9958292603453894)",1,99.40587298358302,27799
"(0.9744745723240348, 1.0)",1,99.40585392828224,27800
"(0.9833229101521784, 1.0)",1,99.40585127747906,27801
"(0.8848000715856217, 1.0)",1,99.40579262092116,27802
"(0.9326599326599326, 1.0)",1,99.40578504072346,27803
"(0.7372334455667788, 1.0)",1,99.40577008077352,27804
"(0.9166950113378683, 1.0)",1,99.40573776309462,27805
"(0.80285509389987, 1.0)",1,99.40572458780248,27806
"(0.978848063174439, 0.9958292603453894)",1,99.40570699490054,27807
"(0.9958292603453894, 0.9958292603453894)",1,99.40567122532508,27808
"(0.9665831244778612, 1.0)",1,99.4056337959374,27809
"(0.9497171590194848, 1.0)",1,99.40562839753942,27810
"(0.757745166550198, 1.0)",1,99.40561168386472,27811
"(0.5555555555555555, 1.0)",1,99.40550343964978,27812
"(0.9437903841498612, 1.0)",1,99.40549427531876,27813
"(0.8420013166556946, 1.0)",1,99.40546801095546,27814
"(0.893146638589877, 1.0)",2,99.40535775661068,27816
"(0.9665831244778612, 1.0)",1,99.40533796814351,27817
"(0.9665831244778612, 1.0)",1,99.40527365944568,27818
"(0.9499687304565352, 1.0)",2,99.40525903370386,27820
"(0.9751539794803552, 0.9958292603453894)",1,99.40522844587991,27821
"(0.9749706744868036, 0.9958292603453894)",1,99.40521149791006,27822
"(0.9497171590194848, 1.0)",1,99.40521017548812,27823
"(0.7802197802197803, 1.0)",1,99.40518689511266,27824
"(0.7075023741690408, 1.0)",1,99.4051387209282,27825
"(0.933096859926128, 1.0)",1,99.40510196607758,27826
"(0.9326599326599326, 1.0)",1,99.40507697503848,27827
"(0.9169719169719168, 1.0)",1,99.40505603571806,27828
"(0.7880931329207191, 1.0)",2,99.40504952225132,27830
"(0.757745166550198, 1.0)",1,99.40499663673356,27831
"(0.796353220536539, 1.0)",1,99.40499425393756,27832
"(0.7164894725870335, 1.0)",1,99.40493828847212,27833
"(0.9746535316523212, 0.9958292603453894)",1,99.4049357019689,27834
"(0.8222222222222222, 1.0)",1,99.40488184377789,27835
"(0.8068904981347378, 1.0)",1,99.40479633076458,27836
"(0.9326599326599326, 1.0)",2,99.40476734314989,27838
"(0.9497171590194846, 1.0)",1,99.404707032614,27839
"(0.9497171590194848, 1.0)",1,99.404707032614,27840
"(0.9164652836623464, 1.0)",1,99.40468077187784,27841
"(0.7222222222222221, 1.0)",1,99.40466311133834,27842
"(0.9333333333333332, 1.0)",1,99.40465567487588,27843
"(0.7090909090909091, 1.0)",1,99.4045960562116,27844
"(0.9666562434855118, 1.0)",1,99.40458793690502,27845
"(0.9009534009534008, 1.0)",1,99.40458053384656,27846
"(0.9192093318943212, 1.0)",1,99.40455043213274,27847
"(0.6521663785997688, 1.0)",1,99.40453216472388,27848
"(0.8635976129582268, 1.0)",2,99.40451284021944,27850
"(0.861111111111111, 1.0)",5,99.40447667087012,27855
"(0.9582389563841176, 0.9958292603453894)",1,99.404476407319,27856
"(0.8420013166556946, 1.0)",2,99.40438697070825,27858
"(0.9332172991312776, 0.9958292603453894)",2,99.4043637453201,27860
"(0.9792521035784794, 0.9958292603453894)",2,99.40435683558708,27862
"(0.7119388248146047, 1.0)",1,99.4043526440577,27863
"(0.9504245882013664, 0.9958292603453894)",1,99.40432012228038,27864
"(0.7326649958228906, 1.0)",1,99.40431500656864,27865
"(0.9916585206907788, 0.9958292603453894)",1,99.40427931072044,27866
"(0.9161952650324744, 1.0)",1,99.40426361888473,27867
"(0.987491854024112, 0.9958292603453894)",1,99.40424087719148,27868
"(0.7075023741690408, 1.0)",1,99.40423137647764,27869
"(0.8137566137566138, 1.0)",1,99.40416418964512,27870
"(0.9504245882013664, 0.9958292603453894)",1,99.4041437532867,27871
"(0.9442283950617284, 1.0)",1,99.40413713148696,27872
"(0.7802197802197803, 1.0)",2,99.40404423163044,27874
"(0.7944219523166891, 1.0)",1,99.40398431702592,27875
"(0.8233703746133577, 1.0)",1,99.40397947079666,27876
"(0.9326599326599326, 1.0)",1,99.40395946358244,27877
"(0.861111111111111, 1.0)",2,99.4039227454088,27879
"(0.7802197802197803, 1.0)",1,99.40391441106146,27880
"(0.6698155645524068, 1.0)",1,99.4039086319788,27881
"(0.7077308656256025, 1.0)",1,99.4038840946549,27882
"(0.8547756205106323, 1.0)",1,99.40387931739951,27883
"(0.7880931329207191, 1.0)",1,99.40383949879096,27884
"(0.6544644252235129, 1.0)",1,99.40383689550124,27885
"(0.9166682405676116, 1.0)",1,99.40383289240438,27886
"(0.9871616776282092, 0.9958292603453894)",1,99.40382725161484,27887
"(0.9326599326599326, 1.0)",1,99.40375936524843,27888
"(0.8796475392220073, 1.0)",2,99.40373952288846,27890
"(1.0, 0.9958292603453894)",2,99.4036999562413,27892
"(0.9665831244778612, 1.0)",1,99.4036772682131,27893
"(0.933096859926128, 1.0)",1,99.40362850692836,27894
"(0.8341307814992026, 1.0)",1,99.4035782705186,27895
"(0.73687720936437, 1.0)",1,99.4035021833064,27896
"(0.8425483191745751, 1.0)",1,99.40343582192084,27897
"(0.73687720936437, 1.0)",1,99.40341879785716,27898
"(0.7242579158812665, 1.0)",1,99.4034012144652,27899
"(0.8887202421952387, 1.0)",1,99.403396467216,27900
"(0.799275702501509, 1.0)",1,99.40338412518076,27901
"(0.73687720936437, 1.0)",1,99.40333524532043,27902
"(0.9, 1.0)",1,99.4033191544468,27903
"(0.8840048840048841, 1.0)",1,99.40331243880216,27904
"(0.73687720936437, 1.0)",1,99.40325171347956,27905
"(0.8633762288330498, 1.0)",1,99.40324441782406,27906
"(0.8449978636391381, 1.0)",1,99.40323411539714,27907
"(0.8635976129582268, 1.0)",1,99.403211547309,27908
"(0.7944219523166891, 1.0)",1,99.40320836917488,27909
"(0.979273283115788, 0.9958292603453894)",1,99.4032001888232,27910
"(0.7734344933751168, 1.0)",1,99.40318996888024,27911
"(0.8476190476190477, 1.0)",5,99.4031746031746,27916
"(0.8976982097186702, 1.0)",2,99.40315979990427,27918
"(0.9833229101521784, 1.0)",1,99.40315979990427,27919
"(0.8887202421952387, 1.0)",1,99.40310689961936,27920
"(0.9835199925522506, 0.9958292603453894)",1,99.40308985294917,27921
"(0.9331662489557224, 1.0)",1,99.40302819450991,27922
"(0.9649790647893116, 0.9958292603453894)",1,99.40300976851908,27923
"(0.73687720936437, 1.0)",1,99.4030009301736,27924
"(0.7612958226768967, 1.0)",1,99.40298180288512,27925
"(0.9497171590194846, 1.0)",1,99.40297092429373,27926
"(0.73687720936437, 1.0)",1,99.40295923744895,27927
"(0.8372053872053872, 1.0)",1,99.40294431237947,27928
"(0.7294281157362763, 1.0)",1,99.4029230098962,27929
"(0.9582389563841176, 0.9958292603453894)",1,99.4027656008302,27930
"(0.958227107069612, 0.9958292603453894)",1,99.40274824470067,27931
"(0.8976982097186702, 1.0)",1,99.40274208896024,27932
"(0.971023600055858, 0.9958292603453894)",1,99.402681768844,27933
"(0.6698155645524068, 1.0)",1,99.40266864785478,27934
"(0.9833040078201368, 0.9958292603453894)",1,99.40266215785554,27935
"(0.7786375661375661, 1.0)",1,99.4026540837858,27936
"(0.6698155645524068, 1.0)",1,99.40260453398346,27937
"(0.8229870141950848, 1.0)",1,99.40260034683016,27938
"(0.9750943974852894, 0.9958292603453894)",1,99.40259318903216,27939
"(0.6698155645524068, 1.0)",1,99.40254246807072,27940
"(0.9441792447111594, 1.0)",1,99.40249895707834,27941
"(0.8615866942983156, 1.0)",1,99.4024438312039,27942
"(0.9833229101521784, 1.0)",1,99.40244359326516,27943
"(0.7632275132275131, 1.0)",1,99.40238552794386,27944
"(0.9454999712494968, 0.9958292603453894)",1,99.40237136035502,27945
"(0.9916585206907788, 0.9958292603453894)",1,99.40235350894768,27946
"(0.8467532467532467, 1.0)",2,99.4023088023088,27948
"(0.9299160159815896, 1.0)",1,99.40230552522868,27949
"(0.8533622685185187, 1.0)",1,99.40229765909952,27950
"(0.7416325017951034, 1.0)",1,99.4022862150804,27951
"(0.9666562434855118, 1.0)",1,99.4022849747685,27952
"(0.893146638589877, 1.0)",1,99.4022789337682,27953
"(0.9580602951397298, 0.9958292603453894)",1,99.40224823667111,27954
"(0.8222222222222222, 1.0)",1,99.40223322533976,27955
"(0.6804620726495727, 1.0)",1,99.40223245103168,27956
"(0.9876221896383188, 0.9958292603453894)",1,99.40222678864367,27957
"(0.9874877810361682, 0.9958292603453894)",1,99.40219813572756,27958
"(0.7979797979797979, 1.0)",1,99.40215651216376,27959
"(0.73687720936437, 1.0)",1,99.40210030477756,27960
"(0.861111111111111, 1.0)",1,99.40208521138548,27961
"(0.757745166550198, 1.0)",1,99.40207495600194,27962
"(0.913471232954048, 1.0)",1,99.40199367152653,27963
"(0.9618291283060416, 0.9958292603453894)",1,99.40196305570436,27964
"(0.8341307814992026, 1.0)",1,99.40190604342467,27965
"(0.8796475392220073, 1.0)",1,99.40184891508191,27966
"(0.6698155645524068, 1.0)",2,99.4018307877957,27968
"(0.9873891625615764, 0.9958292603453894)",1,99.40180350175142,27969
"(0.9665831244778612, 1.0)",2,99.40178621925544,27971
"(0.8222222222222222, 1.0)",1,99.40172323650584,27972
"(0.9832925076188832, 0.9958292603453894)",1,99.40162132357986,27973
"(0.9916585206907788, 0.9958292603453894)",1,99.4015769891222,27974
"(0.7632275132275131, 1.0)",1,99.40155451784015,27975
"(0.8222222222222222, 1.0)",1,99.40148835142416,27976
"(0.9832965806068272, 0.9958292603453894)",1,99.4014845676896,27977
"(0.9833211143695014, 0.9958292603453894)",1,99.40146026637971,27978
"(0.757745166550198, 1.0)",2,99.401454890315,27980
"(0.8040695048423352, 1.0)",1,99.40144843464716,27981
"(0.9299507899507898, 1.0)",1,99.40143214360276,27982
"(0.9833229101521784, 1.0)",1,99.40141507963502,27983
"(0.6733821733821733, 1.0)",1,99.40141369711976,27984
"(0.7090909090909091, 1.0)",1,99.40140195157144,27985
"(0.8222222222222222, 1.0)",1,99.40138322223882,27986
"(0.9833040078201368, 0.9958292603453894)",1,99.40137481895071,27987
"(0.8222222222222222, 1.0)",1,99.4013709490558,27988
"(0.8053381731676306, 1.0)",1,99.40133179915674,27989
"(0.8449978636391381, 1.0)",1,99.40132402299166,27990
"(0.8547756205106323, 1.0)",1,99.40129885480144,27991
"(0.861111111111111, 1.0)",1,99.40129854184562,27992
"(0.8329050741331443, 1.0)",2,99.40123747979574,27994
"(0.979273283115788, 0.9958292603453894)",1,99.401219089255,27995
"(0.8997493734335841, 1.0)",1,99.40121706497894,27996
"(0.7340930674264007, 1.0)",1,99.4011870213496,27997
"(0.8420013166556946, 1.0)",1,99.40118465115442,27998
"(0.8635976129582268, 1.0)",1,99.40114743718289,27999
"(0.9166145507608924, 1.0)",1,99.4011336450361,28000
"(0.9791299139401608, 0.9958292603453894)",1,99.40112816734788,28001
"(0.9832184229069656, 0.9958292603453894)",1,99.40103464405884,28002
"(0.7802197802197803, 1.0)",2,99.40101088842508,28004
"(0.861111111111111, 1.0)",1,99.40100362868036,28005
"(0.8247905643738976, 1.0)",1,99.4009964545942,28006
"(1.0, 1.0)",1,99.40095900976404,28007
"(0.934122934122934, 1.0)",1,99.40088099737224,28008
"(0.9746535316523212, 0.9958292603453894)",1,99.40076088932636,28009
"(0.9618291283060416, 0.9958292603453894)",1,99.40073188772588,28010
"(0.9630015205821658, 0.9958292603453894)",1,99.40072195206716,28011
"(0.9161952650324744, 1.0)",1,99.40054981036263,28012
"(0.844988344988345, 1.0)",1,99.40054390054392,28013
"(0.9618291283060416, 0.9958292603453894)",1,99.4005292932744,28014
"(0.8840455840455841, 1.0)",4,99.40051620163364,28018
"(0.9301144010060736, 1.0)",1,99.4003884563932,28019
"(1.0, 0.9833229101521784)",2,99.4003674384319,28021
"(0.942324305015694, 0.9958292603453894)",1,99.40033441277924,28022
"(0.9300590455241422, 0.9958292603453894)",1,99.400309581374,28023
"(0.8732774170274171, 1.0)",1,99.40023358946542,28024
"(0.617513611615245, 1.0)",1,99.40015705574775,28025
"(0.7632275132275131, 1.0)",1,99.40014528729547,28026
"(0.859499940327008, 1.0)",1,99.4000934176832,28027
"(0.8976982097186702, 1.0)",1,99.40008853650713,28028
"(0.7077308656256025, 1.0)",1,99.4000845390741,28029
"(0.8222222222222222, 1.0)",1,99.40007767307377,28030
"(0.8468951683237397, 1.0)",1,99.40007081526376,28031
"(0.9008025849489264, 1.0)",1,99.40006026192998,28032
"(0.861111111111111, 1.0)",1,99.39998957681884,28033
"(0.8796475392220073, 1.0)",1,99.39989744514564,28034
"(0.7880931329207191, 1.0)",1,99.39989649030576,28035
"(0.9833229101521784, 1.0)",1,99.39987614481277,28036
"(0.8137566137566138, 1.0)",2,99.39985382721348,28038
"(0.9326599326599326, 1.0)",1,99.39983472806954,28039
"(0.9583178702993204, 0.9958292603453894)",1,99.39981765171152,28040
"(0.9873444118605408, 0.9958292603453894)",2,99.39981414104116,28042
"(0.6831352928913905, 1.0)",1,99.3998013325998,28043
"(0.9750072792119512, 0.9958292603453894)",1,99.39979356434928,28044
"(0.987463247273494, 0.9958292603453894)",1,99.39979273023803,28045
"(0.9696986734304888, 0.9958292603453894)",1,99.39976399158296,28046
"(0.7172410505743838, 1.0)",1,99.3996994676926,28047
"(0.861111111111111, 1.0)",2,99.39968957201312,28049
"(0.9499687304565352, 0.9833229101521784)",1,99.3996456118408,28050
"(0.9873444118605408, 0.9958292603453894)",1,99.39959662315712,28051
"(0.94993894993895, 1.0)",1,99.3995949849608,28052
"(0.893146638589877, 1.0)",1,99.39959461673284,28053
"(0.9008025849489264, 1.0)",1,99.39954800628183,28054
"(0.917415489944373, 1.0)",1,99.39954717495988,28055
"(0.9665831244778612, 1.0)",1,99.39953902893568,28056
"(0.7944219523166891, 1.0)",2,99.39952020151732,28058
"(0.80285509389987, 1.0)",1,99.39951683857404,28059
"(0.6544644252235129, 1.0)",1,99.39950852485968,28060
"(0.9649790647893116, 0.9958292603453894)",1,99.3994529058904,28061
"(0.974731376747506, 0.9958292603453894)",1,99.3993775591994,28062
"(0.8247905643738976, 1.0)",1,99.39932231656071,28063
"(0.7416325017951034, 1.0)",1,99.39918973760538,28064
"(0.9369138996969484, 0.9958292603453894)",1,99.39917558272872,28065
"(0.9161952650324744, 1.0)",1,99.39916347354624,28066
"(0.6784722222222224, 1.0)",1,99.399161334353,28067
"(0.9300671002153482, 1.0)",1,99.39915881097372,28068
"(0.9583178702993204, 0.9958292603453894)",1,99.39912121092888,28069
"(0.7416325017951034, 1.0)",1,99.39906355782134,28070
"(0.9516794286955578, 0.9958292603453894)",1,99.3990382248614,28071
"(0.6825396825396824, 1.0)",1,99.39896645930024,28072
"(1.0, 1.0)",1,99.39895997838546,28073
"(0.944563492063492, 1.0)",1,99.3989388447518,28074
"(0.9161952650324744, 1.0)",1,99.39893353660258,28075
"(0.9331662489557224, 1.0)",1,99.3989141082851,28076
"(0.9161952650324744, 1.0)",1,99.39882930479104,28077
"(0.9078088212397576, 0.9958292603453894)",1,99.39880636361458,28078
"(0.6760835913312693, 1.0)",1,99.39880085194034,28079
"(0.958095238095238, 0.9958292603453894)",1,99.39880070014314,28080
"(0.6831352928913905, 1.0)",1,99.39878698215266,28081
"(0.9333044546043194, 0.9958292603453894)",1,99.39878146691682,28082
"(0.975195619792394, 0.9958292603453894)",1,99.39877505692496,28083
"(0.9326599326599326, 1.0)",1,99.39874148609258,28084
"(0.7944219523166891, 1.0)",1,99.3987397905631,28085
"(0.799275702501509, 1.0)",1,99.39864937119482,28086
"(0.8468951683237397, 1.0)",1,99.39864829809945,28087
"(0.7294281157362763, 1.0)",2,99.39856895602618,28089
"(0.8266173510466989, 1.0)",1,99.39850834763575,28090
"(0.8468951683237397, 1.0)",1,99.3984980203291,28091
"(0.8420013166556946, 1.0)",1,99.39848570072628,28092
"(0.8976982097186702, 1.0)",1,99.39848425864336,28093
"(0.9916585206907788, 0.9958292603453894)",1,99.39847221814472,28094
"(0.6733821733821733, 1.0)",1,99.39845577362362,28095
"(0.8165509259259259, 1.0)",1,99.39845358173557,28096
"(0.917415489944373, 1.0)",1,99.3983916891642,28097
"(0.9623066688389268, 0.9958292603453894)",1,99.39834320896564,28098
"(0.8703703703703703, 1.0)",1,99.39831333584146,28099
"(0.9665831244778612, 1.0)",1,99.39823766195616,28100
"(0.868077055383557, 1.0)",1,99.3982355911217,28101
"(0.868077055383557, 1.0)",1,99.39822098227197,28102
"(0.6831352928913905, 1.0)",1,99.39817960055444,28103
"(0.933096859926128, 1.0)",1,99.398094620817,28104
"(0.7372334455667788, 1.0)",2,99.39803109307732,28106
"(0.8703703703703703, 1.0)",1,99.3980158899023,28107
"(0.9658159033159032, 0.9958292603453894)",1,99.39800598433249,28108
"(0.8997493734335841, 1.0)",1,99.39800589275366,28109
"(0.9583930063253372, 1.0)",1,99.39797690962511,28110
"(0.8467532467532467, 1.0)",1,99.39794519935074,28111
"(0.9665831244778612, 1.0)",1,99.39792644660336,28112
"(0.9584987529902784, 1.0)",1,99.39792224750089,28113
"(0.9833229101521784, 1.0)",2,99.39789164804186,28115
"(0.9832925076188832, 0.9958292603453894)",1,99.39789066457466,28116
"(0.9295946890286512, 1.0)",1,99.39788538950636,28117
"(0.8976982097186702, 1.0)",1,99.39775590123978,28118
"(0.861111111111111, 1.0)",1,99.39775187892896,28119
"(0.6698155645524068, 1.0)",1,99.397731852747,28120
"(0.6825396825396824, 1.0)",1,99.39769582388324,28121
"(0.6747507742934573, 1.0)",1,99.39763492224094,28122
"(0.9750943974852894, 0.9958292603453894)",1,99.39759283878936,28123
"(0.8703703703703703, 1.0)",1,99.3975824121588,28124
"(0.8420013166556946, 1.0)",2,99.39755687221124,28126
"(0.8137865219658889, 1.0)",1,99.3975323985756,28127
"(0.746304385688563, 1.0)",1,99.39752820618098,28128
"(0.7340930674264007, 1.0)",1,99.39751407628133,28129
"(0.4943189964157706, 1.0)",1,99.39749038642928,28130
"(0.9750854369118126, 0.9958292603453894)",1,99.39746994428698,28131
"(0.9958292603453894, 0.9958292603453894)",1,99.39746960212804,28132
"(0.9164652836623464, 1.0)",1,99.3974447979752,28133
"(0.7121693121693121, 1.0)",2,99.39736198376572,28135
"(0.987463247273494, 0.9958292603453894)",1,99.39733088341616,28136
"(0.9499687304565352, 1.0)",1,99.39719715003828,28137
"(0.861111111111111, 1.0)",1,99.39716529300983,28138
"(0.9665831244778612, 1.0)",1,99.39715009554456,28139
"(0.9009287520039462, 1.0)",1,99.39711371338248,28140
"(0.7183489076634237, 1.0)",1,99.3971095502354,28141
"(0.7503607503607503, 1.0)",1,99.39704966870652,28142
"(0.944563492063492, 1.0)",1,99.39701386078256,28143
"(0.979051756240299, 0.9958292603453894)",1,99.3970023709195,28144
"(0.8329050741331443, 1.0)",1,99.39697491066356,28145
"(0.614498219149382, 1.0)",1,99.39693895152593,28146
"(0.861111111111111, 1.0)",2,99.3968860987922,28148
"(0.8137865219658889, 1.0)",1,99.3968172695666,28149
"(0.9720813204508856, 1.0)",1,99.39679090107948,28150
"(0.757745166550198, 1.0)",1,99.39678522701882,28151
"(0.9833229101521784, 1.0)",1,99.39677798433657,28152
"(0.9873444118605408, 0.9958292603453894)",1,99.3967355000973,28153
"(0.979051756240299, 0.9958292603453894)",1,99.3966662629462,28154
"(0.9832965806068272, 0.9958292603453894)",1,99.3966638012242,28155
"(0.8449978636391381, 1.0)",1,99.3966583267534,28156
"(0.6825396825396824, 1.0)",1,99.39663473176174,28157
"(0.933096859926128, 1.0)",2,99.39660002971112,28159
"(0.8137865219658889, 1.0)",1,99.39656664300018,28160
"(0.987491854024112, 0.9958292603453894)",1,99.39652030248668,28161
"(0.9664171122994653, 0.9958292603453894)",1,99.39648761666614,28162
"(0.9707136080238548, 0.9958292603453894)",1,99.39641280863924,28163
"(0.8796475392220073, 1.0)",1,99.39640877829328,28164
"(0.6825396825396824, 1.0)",2,99.39640527880944,28166
"(0.9326599326599326, 1.0)",1,99.3963890908692,28167
"(0.6760835913312693, 1.0)",1,99.3963233850405,28168
"(0.9791348015256934, 0.9958292603453894)",1,99.39630320384424,28169
"(0.9748524098350704, 0.9958292603453894)",1,99.396294737345,28170
"(0.8468951683237397, 1.0)",1,99.39606890831158,28171
"(0.6544644252235129, 1.0)",1,99.3960532115548,28172
"(0.8976982097186702, 1.0)",1,99.39601048466764,28173
"(1.0, 0.9958292603453894)",1,99.3959691974794,28174
"(0.9009534009534008, 1.0)",1,99.39591141982396,28175
"(0.816195709052852, 1.0)",1,99.39579194775716,28176
"(0.9003556829643787, 1.0)",1,99.39579165650004,28177
"(0.859499940327008, 1.0)",1,99.39575946643814,28178
"(0.8468951683237397, 1.0)",1,99.3957522317572,28179
"(0.9153439153439152, 1.0)",1,99.39572935944716,28180
"(0.9331662489557224, 1.0)",1,99.39571947094412,28181
"(0.861111111111111, 1.0)",1,99.39566135549543,28182
"(0.8294970161977834, 1.0)",4,99.39564110871738,28186
"(0.9666562434855118, 1.0)",1,99.39563519492916,28187
"(1.0, 1.0)",2,99.39562597386076,28189
"(0.9161952650324744, 1.0)",1,99.39560357108266,28190
"(0.7204751921733054, 1.0)",1,99.3955175228713,28191
"(0.8312205288949474, 1.0)",2,99.39548598954278,28193
"(0.9958292603453894, 0.9958292603453894)",1,99.3954183311678,28194
"(0.8796475392220073, 1.0)",1,99.39541781230936,28195
"(0.617513611615245, 1.0)",1,99.3953331180746,28196
"(0.9833211143695014, 0.9958292603453894)",1,99.39532150127476,28197
"(0.8420013166556946, 1.0)",1,99.39530563422063,28198
"(0.7802197802197803, 1.0)",1,99.39519759563346,28199
"(0.8796475392220073, 1.0)",1,99.3951378723224,28200
"(0.9331662489557224, 1.0)",1,99.39513606791272,28201
"(0.6315151515151515, 1.0)",1,99.39505784188712,28202
"(0.9623066688389268, 0.9958292603453894)",1,99.39504758431325,28203
"(0.9751539794803552, 0.9958292603453894)",1,99.39502333766087,28204
"(0.8976982097186702, 1.0)",1,99.39496439060024,28205
"(0.9665831244778612, 1.0)",1,99.39493449776586,28206
"(0.8814814814814814, 1.0)",1,99.39491190164384,28207
"(0.7503607503607503, 1.0)",1,99.3949116720862,28208
"(0.9153439153439152, 1.0)",1,99.39489650040446,28209
"(0.9916339869281046, 0.9958292603453894)",1,99.3948798518419,28210
"(0.8635976129582268, 1.0)",1,99.39487530213066,28211
"(0.9873444118605408, 0.9958292603453894)",1,99.39482043148418,28212
"(0.8222222222222222, 1.0)",1,99.3947735825224,28213
"(0.9791332681655264, 0.9958292603453894)",1,99.39472987530208,28214
"(0.9748524098350704, 0.9958292603453894)",1,99.39469625971654,28215
"(0.8796475392220073, 1.0)",1,99.39456511557094,28216
"(0.9832965806068272, 0.9958292603453894)",1,99.39454040362958,28217
"(0.9457018956165067, 0.9958292603453894)",1,99.3945185939905,28218
"(0.8420013166556946, 1.0)",1,99.39447749102536,28219
"(0.8796475392220073, 1.0)",2,99.39447034807114,28221
"(0.9788980434141724, 0.9958292603453894)",1,99.3943975791417,28222
"(0.8068904981347378, 1.0)",1,99.3943901224709,28223
"(0.8266173510466989, 1.0)",1,99.39437105834114,28224
"(0.97934925289764, 0.9958292603453894)",1,99.39432243348428,28225
"(0.7090909090909091, 1.0)",1,99.39421651301222,28226
"(0.8165520116739629, 1.0)",1,99.3941973498864,28227
"(0.6521663785997688, 1.0)",1,99.39419645594336,28228
"(0.9326599326599326, 1.0)",1,99.39409163171736,28229
"(0.7198480531813864, 1.0)",4,99.39408237883949,28233
"(0.9666562434855118, 1.0)",1,99.3940166237984,28234
"(0.6042502004811546, 1.0)",1,99.3939877298807,28235
"(0.987463247273494, 0.9958292603453894)",1,99.39398612281768,28236
"(0.8796475392220073, 1.0)",1,99.3939603868682,28237
"(0.7090909090909091, 1.0)",1,99.39393787268352,28238
"(0.9705383010048324, 0.9958292603453894)",1,99.39393148330213,28239
"(0.9833229101521784, 1.0)",1,99.3939249649162,28240
"(0.7090909090909091, 1.0)",1,99.39389368205735,28241
"(0.826388888888889, 1.0)",1,99.393884051506,28242
"(0.799275702501509, 1.0)",1,99.39387870480031,28243
"(0.9916585206907788, 0.9958292603453894)",1,99.3938680655632,28244
"(0.9791299139401608, 0.9958292603453894)",1,99.39384422829716,28245
"(0.826388888888889, 1.0)",1,99.39380951485742,28246
"(1.0, 0.9958292603453894)",1,99.39375612297978,28247
"(0.868170426065163, 1.0)",1,99.39368018607178,28248
"(0.7430253184970165, 1.0)",1,99.39360754503132,28249
"(0.9791299139401608, 0.9958292603453894)",1,99.39354673163982,28250
"(0.9832184229069656, 0.9958292603453894)",1,99.3935200277242,28251
"(0.9873444118605408, 0.9958292603453894)",1,99.39347263682636,28252
"(0.8266173510466989, 1.0)",1,99.39347038963092,28253
"(0.9326599326599326, 1.0)",2,99.39345856626603,28255
"(0.8703703703703703, 1.0)",1,99.39343787891885,28256
"(0.7686844739476318, 1.0)",1,99.39343136968982,28257
"(0.9009287520039462, 1.0)",2,99.39342054642336,28259
"(0.9750943974852894, 0.9958292603453894)",1,99.39340947341265,28260
"(0.8294970161977834, 1.0)",2,99.39340185752296,28262
"(0.9649790647893116, 0.9958292603453894)",1,99.39332155054966,28263
"(0.8618871810094527, 1.0)",1,99.39327392599176,28264
"(0.837707400507675, 1.0)",17,99.39326295606324,28281
"(0.9916585206907788, 0.9958292603453894)",1,99.39324633723253,28282
"(0.9166682405676116, 1.0)",1,99.39320647960228,28283
"(0.860331150951135, 0.9958292603453894)",1,99.39320260745156,28284
"(1.0, 1.0)",2,99.3930935424023,28286
"(0.8796475392220073, 1.0)",1,99.39305355922046,28287
"(0.9793622864590606, 0.9958292603453894)",1,99.39302178929842,28288
"(0.9584987529902784, 1.0)",1,99.39301750020432,28289
"(0.8697983697983697, 1.0)",1,99.3930137975198,28290
"(0.9, 1.0)",1,99.39300565344502,28291
"(0.9164652836623464, 1.0)",1,99.39299528960412,28292
"(0.8796475392220073, 1.0)",1,99.39296716506976,28293
"(0.893146638589877, 1.0)",1,99.39295381300649,28294
"(0.9833211143695014, 0.9958292603453894)",2,99.39294290929026,28296
"(0.861111111111111, 1.0)",1,99.39290471951512,28297
"(0.9504245882013664, 0.9958292603453894)",1,99.39277814158116,28298
"(0.8796475392220073, 1.0)",1,99.39275849625209,28299
"(0.8976982097186702, 1.0)",1,99.39253942705038,28300
"(0.97899550533801, 0.9958292603453894)",1,99.39250297669967,28301
"(0.7647742788871822, 1.0)",2,99.39249269650183,28303
"(0.9333333333333332, 1.0)",1,99.392481801796,28304
"(0.9166145507608924, 1.0)",1,99.39245704058966,28305
"(0.9166145507608924, 1.0)",1,99.39245704058963,28306
"(0.7372334455667788, 1.0)",1,99.39244840604488,28307
"(0.7574146783449108, 1.0)",1,99.39240647581856,28308
"(0.8319340617212959, 1.0)",1,99.39229509678216,28309
"(0.826388888888889, 1.0)",1,99.39228219810248,28310
"(0.8931552430047053, 0.9958292603453894)",1,99.3922580545206,28311
"(0.8552744708994707, 1.0)",2,99.39225166599604,28313
"(0.6698155645524068, 1.0)",1,99.39218085834628,28314
"(0.861111111111111, 1.0)",2,99.39203778677464,28316
"(0.9833229101521784, 1.0)",1,99.39201486793452,28317
"(0.9832184229069656, 0.9958292603453894)",1,99.39201483547834,28318
"(0.816195709052852, 1.0)",2,99.3918907457235,28320
"(0.9133905806764424, 0.9958292603453894)",1,99.39183590654672,28321
"(0.9833229101521784, 1.0)",1,99.39177939619486,28322
"(0.8222222222222222, 1.0)",1,99.39172529793647,28323
"(0.9916585206907788, 0.9958292603453894)",1,99.39164778777486,28324
"(1.0, 1.0)",1,99.3916305916306,28325
"(0.8222222222222222, 1.0)",1,99.39162480511872,28326
"(0.8676532769556025, 1.0)",1,99.391545062072,28327
"(0.7786375661375661, 1.0)",1,99.39151305686936,28328
"(0.8420013166556947, 1.0)",1,99.39146495888107,28329
"(0.9871616776282092, 0.9958292603453894)",1,99.39144322544983,28330
"(0.808446455505279, 1.0)",1,99.39140973767203,28331
"(0.882673371045464, 1.0)",1,99.39127428693372,28332
"(0.9832965806068272, 0.9958292603453894)",1,99.3912737120373,28333
"(0.9665831244778612, 1.0)",2,99.39109377232984,28335
"(0.9161952650324744, 1.0)",1,99.39104981665211,28336
"(0.893146638589877, 1.0)",1,99.39104187232708,28337
"(0.7090909090909091, 1.0)",1,99.39103895201455,28338
"(0.9161379295307868, 1.0)",1,99.39103837276434,28339
"(0.6042502004811546, 1.0)",1,99.39098062257932,28340
"(0.975195619792394, 0.9958292603453894)",1,99.39096276491436,28341
"(0.9166145507608924, 1.0)",1,99.39086747739888,28342
"(0.9664171122994653, 0.9958292603453894)",1,99.3908527684977,28343
"(0.9504245882013664, 0.9958292603453894)",1,99.3908293677112,28344
"(0.8666666666666667, 1.0)",1,99.39074632561002,28345
"(0.8703703703703703, 1.0)",1,99.39068946604394,28346
"(0.9442283950617284, 1.0)",1,99.39064064954972,28347
"(1.0, 0.9958292603453894)",1,99.3905835103448,28348
"(0.868077055383557, 1.0)",1,99.39057989367586,28349
"(0.7601164382773579, 1.0)",1,99.39056070164398,28350
"(0.7362637362637362, 1.0)",2,99.39047171999115,28352
"(0.9369138996969484, 0.9958292603453894)",2,99.39044442141692,28354
"(0.8065954953750508, 1.0)",1,99.3904224518092,28355
"(0.9748524098350704, 0.9958292603453894)",1,99.39040668464898,28356
"(0.9833229101521784, 1.0)",1,99.39039810759311,28357
"(0.917849761232425, 1.0)",1,99.3903382809583,28358
"(0.8420013166556946, 1.0)",1,99.39033504476672,28359
"(0.7632275132275131, 1.0)",1,99.39031165336948,28360
"(0.8314237582530265, 1.0)",1,99.39030195102374,28361
"(0.916104916104916, 1.0)",1,99.39029563798051,28362
"(0.8796475392220073, 1.0)",1,99.3902819150682,28363
"(0.8372053872053872, 1.0)",1,99.39018196145857,28364
"(0.8547756205106323, 1.0)",1,99.39013858601952,28365
"(0.934122934122934, 1.0)",1,99.39009669239208,28366
"(0.9665831244778612, 1.0)",1,99.39008575728282,28367
"(0.9916585206907788, 0.9958292603453894)",1,99.3900642414592,28368
"(0.9958292603453894, 0.9958292603453894)",1,99.39006131342468,28369
"(0.8420013166556946, 1.0)",1,99.39004210295064,28370
"(0.7077308656256025, 1.0)",1,99.3897971769423,28371
"(0.9166682405676116, 1.0)",1,99.38979367958196,28372
"(0.934122934122934, 1.0)",1,99.3897829565994,28373
"(0.9874762808349148, 0.9958292603453894)",1,99.3897682244726,28374
"(0.7601164382773579, 1.0)",1,99.38973277521076,28375
"(0.9833040078201368, 0.9958292603453894)",1,99.38967693585823,28376
"(0.8468951683237397, 1.0)",1,99.38963103858032,28377
"(0.9497171590194848, 1.0)",1,99.38961733422408,28378
"(0.8840455840455841, 1.0)",1,99.38950717423116,28379
"(0.9876221896383188, 0.9958292603453894)",1,99.38945308385384,28380
"(0.9797933639980358, 0.9958292603453894)",1,99.38944640257682,28381
"(0.7656073923822403, 1.0)",1,99.38943184379288,28382
"(0.5555555555555555, 1.0)",1,99.38940654864469,28383
"(0.6825396825396824, 1.0)",1,99.38936764158748,28384
"(1.0, 1.0)",2,99.3893438528182,28386
"(0.8976982097186702, 1.0)",1,99.3893120492144,28387
"(0.8796475392220073, 1.0)",1,99.38928188497104,28388
"(0.893146638589877, 1.0)",1,99.38922771141269,28389
"(0.9750854369118126, 0.9958292603453894)",1,99.38921476865352,28390
"(0.7362637362637362, 1.0)",1,99.3891442130323,28391
"(0.7090909090909091, 1.0)",1,99.38906006274428,28392
"(0.617513611615245, 1.0)",1,99.3890284699947,28393
"(0.7711781618000022, 1.0)",1,99.38899685270565,28394
"(0.6733821733821733, 1.0)",1,99.38898915471444,28395
"(0.9833229101521784, 1.0)",1,99.38898375636008,28396
"(0.9833040078201368, 0.9958292603453894)",1,99.38896244895916,28397
"(0.808446455505279, 1.0)",1,99.38895836077612,28398
"(0.8139597215036807, 1.0)",1,99.38895740193854,28399
"(0.9297812306740878, 1.0)",1,99.38894812017104,28400
"(0.8697983697983697, 1.0)",1,99.38894486249065,28401
"(0.7734344933751168, 1.0)",1,99.3888766959699,28402
"(0.808446455505279, 1.0)",1,99.38879945580634,28403
"(1.0, 1.0)",1,99.38879508025848,28404
"(0.6698155645524068, 1.0)",1,99.38876541140922,28405
"(0.7734344933751168, 1.0)",1,99.38872209823708,28406
"(0.9624268025880928, 0.9958292603453894)",1,99.3887023288608,28407
"(0.9833040078201368, 0.9958292603453894)",1,99.38865922324923,28408
"(0.9750481776288228, 0.9958292603453894)",1,99.38861837803644,28409
"(0.9916585206907788, 0.9958292603453894)",1,99.3885764673706,28410
"(0.8374727668845315, 1.0)",1,99.38855431592307,28411
"(0.7545469576719577, 1.0)",2,99.38854501328608,28413
"(0.9833229101521784, 1.0)",4,99.38854009585717,28417
"(1.0, 1.0)",1,99.38853387377137,28418
"(0.9497171590194848, 1.0)",2,99.38853006130672,28420
"(0.987463247273494, 0.9958292603453894)",1,99.3884852526595,28421
"(0.6815232656375146, 1.0)",1,99.38847468822142,28422
"(0.8065954953750508, 1.0)",1,99.3884618268649,28423
"(0.9916585206907788, 0.9958292603453894)",1,99.38845763195764,28424
"(0.738145558145558, 1.0)",1,99.38841044163706,28425
"(0.978848063174439, 0.9958292603453894)",1,99.38839686997818,28426
"(0.9499687304565352, 1.0)",1,99.38837118483654,28427
"(0.987491854024112, 0.9958292603453894)",1,99.38834264302,28428
"(0.9299160159815896, 1.0)",1,99.38828776630103,28429
"(0.930124456440246, 1.0)",1,99.3882869365832,28430
"(0.8736897274633123, 1.0)",1,99.3882216964374,28431
"(0.8312205288949474, 1.0)",1,99.38820726496928,28432
"(0.958227107069612, 0.9958292603453894)",1,99.38815763749793,28433
"(0.9166145507608924, 1.0)",1,99.38815294912855,28434
"(0.9326599326599326, 1.0)",1,99.38815294912855,28435
"(0.8468951683237397, 1.0)",1,99.38812331686896,28436
"(0.6521663785997688, 1.0)",1,99.38806467702238,28437
"(0.9618291283060416, 0.9958292603453894)",1,99.38804164963928,28438
"(0.6575398846941737, 1.0)",1,99.38803272696512,28439
"(1.0, 1.0)",2,99.38802164793044,28441
"(0.8928598364786969, 0.9958292603453894)",1,99.38792150205902,28442
"(0.861111111111111, 1.0)",1,99.38791520073326,28443
"(1.0, 1.0)",1,99.3879013776915,28444
"(0.8801870819343937, 0.9958292603453894)",1,99.3878914500941,28445
"(0.8506854148663817, 0.9958292603453894)",1,99.3878357608307,28446
"(0.8329156223893065, 1.0)",1,99.38783043815492,28447
"(0.8319340617212959, 1.0)",2,99.38782198693256,28449
"(0.8533622685185187, 1.0)",1,99.38762884215151,28450
"(0.8615866942983156, 1.0)",1,99.38760909511264,28451
"(0.9299507899507898, 1.0)",1,99.3876025316767,28452
"(0.9744745723240348, 0.9958292603453894)",1,99.38756405366462,28453
"(0.7574146783449108, 1.0)",1,99.3875590572748,28454
"(0.9833229101521784, 1.0)",1,99.3875292428138,28455
"(0.9751539794803552, 0.9958292603453894)",1,99.387528420113,28456
"(0.9916585206907788, 0.9958292603453894)",1,99.38751772583332,28457
"(0.8476190476190477, 1.0)",1,99.38751156518828,28458
"(0.9665831244778612, 1.0)",1,99.38750248377976,28459
"(0.6238244514106583, 1.0)",1,99.38749510057352,28460
"(0.6825396825396824, 1.0)",1,99.38748091680591,28461
"(0.7090909090909091, 1.0)",1,99.38741560206483,28462
"(0.9665831244778612, 1.0)",1,99.38740883932992,28463
"(0.8651903651903651, 1.0)",1,99.38733062394128,28464
"(0.9435817855979146, 0.9958292603453894)",1,99.38732853893508,28465
"(0.8796475392220073, 1.0)",1,99.38732731855865,28466
"(0.9755096665580536, 0.9958292603453894)",1,99.387316335049,28467
"(0.9958292603453894, 0.9958292603453894)",2,99.38729873006145,28469
"(0.8137566137566138, 1.0)",1,99.38729822418676,28470
"(0.7479743867590829, 1.0)",2,99.38723115281542,28472
"(0.8329050741331443, 1.0)",1,99.38721856456472,28473
"(0.8613656783468103, 1.0)",1,99.3870832964812,28474
"(0.5910680656443368, 1.0)",1,99.3870785841902,28475
"(0.9192093318943212, 1.0)",1,99.3870705915214,28476
"(0.9747273037595618, 0.9958292603453894)",1,99.38705752772194,28477
"(0.9326599326599326, 1.0)",1,99.38702741301476,28478
"(0.816195709052852, 1.0)",1,99.38701824354118,28479
"(0.9791258409522168, 0.9958292603453894)",1,99.38690517382344,28480
"(0.9299507899507898, 1.0)",4,99.38686490780248,28484
"(0.9303715638302106, 1.0)",1,99.38683054538268,28485
"(0.7278086237149632, 1.0)",1,99.38675830372978,28486
"(0.8814814814814814, 1.0)",1,99.38675419605651,28487
"(0.6733821733821733, 1.0)",1,99.38668641956248,28488
"(0.8165509259259259, 1.0)",2,99.38668119557552,28490
"(0.8880984643179766, 1.0)",1,99.3866757039048,28491
"(0.9326599326599326, 1.0)",1,99.38665227000328,28492
"(0.73687720936437, 1.0)",1,99.38663731945825,28493
"(0.7786375661375661, 1.0)",1,99.38663160447096,28494
"(0.9326599326599326, 1.0)",1,99.38661999542504,28495
"(0.9665831244778612, 1.0)",2,99.3865566694514,28497
"(0.882673371045464, 1.0)",1,99.38655037202966,28498
"(0.7734344933751168, 1.0)",1,99.3865128790324,28499
"(0.8476190476190477, 1.0)",1,99.3864975133268,28500
"(0.8165509259259259, 1.0)",1,99.38643477304387,28501
"(0.9958292603453894, 0.9958292603453894)",1,99.3864140859566,28502
"(0.9441792447111594, 1.0)",1,99.38640929557644,28503
"(0.961552316099405, 0.9958292603453894)",1,99.38640566360924,28504
"(0.9501563219469168, 0.9958292603453894)",1,99.38632055233664,28505
"(0.738145558145558, 1.0)",1,99.3863147136411,28506
"(0.796353220536539, 1.0)",1,99.38628920530036,28507
"(0.9833040078201368, 0.9958292603453894)",1,99.38628772039118,28508
"(0.8165520116739629, 1.0)",1,99.38626129222004,28509
"(0.7503607503607503, 1.0)",1,99.38617671941552,28510
"(0.9326599326599326, 1.0)",1,99.3861697759599,28511
"(0.9835199925522506, 0.9958292603453894)",1,99.38615692866654,28512
"(0.9746535316523212, 0.9958292603453894)",1,99.3861506924262,28513
"(0.8651903651903651, 1.0)",1,99.38612246119928,28514
"(0.958227107069612, 0.9958292603453894)",1,99.3860448253075,28515
"(0.9665831244778612, 1.0)",1,99.38601319156268,28516
"(0.8976982097186702, 1.0)",1,99.38591369793416,28517
"(0.9326599326599326, 1.0)",2,99.38591369793416,28519
"(0.9009287520039462, 1.0)",2,99.3858668697898,28521
"(0.8703703703703703, 1.0)",1,99.38586070347075,28522
"(0.7498436522826767, 1.0)",1,99.3858523964708,28523
"(0.7979797979797979, 1.0)",6,99.38572838093717,28529
"(0.7075023741690408, 1.0)",1,99.3857015486455,28530
"(0.816195709052852, 1.0)",1,99.3856403093659,28531
"(0.8467532467532467, 1.0)",2,99.38563171246098,28533
"(0.9442283950617284, 1.0)",1,99.38561597676464,28534
"(0.8016677935542034, 1.0)",1,99.38559821591718,28535
"(0.970619176311776, 0.9958292603453894)",1,99.38550172095132,28536
"(0.9506533178503804, 1.0)",1,99.38544192652708,28537
"(0.9915151515151516, 0.9958292603453894)",1,99.38541548077126,28538
"(0.9658159033159032, 0.9958292603453894)",1,99.38539186789964,28539
"(0.6080315348608032, 1.0)",1,99.38537728380147,28540
"(0.972281746031746, 1.0)",1,99.3853241988724,28541
"(0.893146638589877, 1.0)",1,99.38526787939568,28542
"(0.8065954953750508, 1.0)",1,99.38525188449935,28543
"(0.8374727668845315, 1.0)",1,99.38523748287326,28544
"(0.9580602951397298, 0.9958292603453894)",1,99.38522605373744,28545
"(0.970619176311776, 0.9958292603453894)",1,99.38517458999564,28546
"(0.799275702501509, 1.0)",1,99.38512765780148,28547
"(0.97934925289764, 0.9958292603453894)",1,99.3850252925714,28548
"(0.861111111111111, 1.0)",1,99.38500112688754,28549
"(0.987463247273494, 0.9958292603453894)",1,99.38499338718044,28550
"(0.9442283950617284, 1.0)",1,99.38492230032752,28551
"(0.9750854369118126, 0.9958292603453894)",1,99.38488943871008,28552
"(0.6767580302172832, 1.0)",1,99.3848884214926,28553
"(1.0, 1.0)",1,99.38483656378592,28554
"(0.8222222222222222, 1.0)",1,99.38482708953654,28555
"(0.9788980434141724, 0.9958292603453894)",1,99.38481989663664,28556
"(0.9499687304565352, 1.0)",1,99.3848006856137,28557
"(0.6784722222222224, 1.0)",1,99.38479221210424,28558
"(0.9958292603453894, 0.9958292603453894)",1,99.38479094088363,28559
"(1.0, 1.0)",1,99.38476494265969,28560
"(0.861111111111111, 1.0)",1,99.38474763178183,28561
"(0.9326599326599326, 1.0)",1,99.38474531184303,28562
"(0.8016677935542034, 1.0)",1,99.38468472791456,28563
"(0.8294970161977834, 1.0)",1,99.38461370342324,28564
"(0.9958292603453894, 0.9958292603453894)",1,99.38460655232385,28565
"(0.8316498316498316, 1.0)",1,99.3846062177256,28566
"(0.9497171590194846, 1.0)",1,99.3846049769776,28567
"(0.8329050741331443, 1.0)",1,99.3845848819452,28568
"(0.8633762288330498, 1.0)",2,99.38458421215944,28570
"(0.7069597069597069, 1.0)",1,99.38457982464207,28571
"(0.7077308656256025, 1.0)",1,99.38456861185362,28572
"(0.9750072792119512, 0.9958292603453894)",1,99.38454237113532,28573
"(0.8769168536069467, 0.9958292603453894)",1,99.38453980567644,28574
"(0.987463247273494, 0.9958292603453894)",1,99.38448303741129,28575
"(0.8468951683237397, 1.0)",1,99.38446541361824,28576
"(0.9749706744868036, 0.9958292603453894)",1,99.38445418446798,28577
"(0.8420013166556946, 1.0)",1,99.38438043164444,28578
"(0.9916625936787228, 0.9958292603453894)",1,99.38432896602328,28579
"(0.8613656783468103, 1.0)",1,99.38431171905724,28580
"(0.7713401051412279, 1.0)",1,99.38429212361892,28581
"(0.8341307814992026, 1.0)",1,99.38427670603537,28582
"(0.7278086237149632, 1.0)",1,99.38426812190066,28583
"(0.8341307814992026, 1.0)",1,99.38423650233666,28584
"(0.8222222222222222, 1.0)",1,99.38422278231064,28585
"(0.893146638589877, 1.0)",1,99.38417973008916,28586
"(0.9504245882013664, 0.9958292603453894)",2,99.38408531793009,28588
"(0.934314108830238, 0.9958292603453894)",1,99.38400232134735,28589
"(0.9299160159815896, 1.0)",1,99.38397871309505,28590
"(0.844988344988345, 1.0)",1,99.38386681069608,28591
"(0.987463247273494, 0.9958292603453894)",1,99.3838343333806,28592
"(0.9497171590194846, 1.0)",1,99.3837925195922,28593
"(0.9835199925522506, 0.9958292603453894)",1,99.3837868597878,28594
"(0.8796475392220073, 1.0)",1,99.38369901849256,28595
"(0.9916585206907788, 0.9958292603453894)",1,99.3836981677116,28596
"(0.6760835913312693, 1.0)",1,99.38366541032232,28597
"(0.7183489076634237, 1.0)",1,99.38360493938612,28598
"(0.9297812306740878, 1.0)",1,99.38354849410348,28599
"(0.9131856219190184, 0.9958292603453894)",1,99.38346674271332,28600
"(0.8420013166556946, 1.0)",1,99.38345346030104,28601
"(0.9832965806068272, 0.9958292603453894)",1,99.383390543574,28602
"(0.4943189964157706, 1.0)",1,99.38336074518496,28603
"(0.9008025849489264, 1.0)",1,99.3833529257791,28604
"(0.9665831244778612, 1.0)",1,99.38329680780888,28605
"(0.9833229101521784, 1.0)",1,99.38329460269392,28606
"(0.8177442148030384, 1.0)",1,99.38326211581068,28607
"(0.6215073982652175, 1.0)",1,99.3832321117104,28608
"(0.9333333333333332, 1.0)",1,99.38322139743136,28609
"(0.9833229101521784, 1.0)",1,99.38315455998384,28610
"(0.987463247273494, 0.9958292603453894)",1,99.38314433588712,28611
"(0.9497171590194846, 1.0)",1,99.38313635913846,28612
"(0.9871616776282092, 0.9958292603453894)",1,99.38313487999686,28613
"(0.8997493734335841, 1.0)",1,99.38309550716484,28614
"(0.9408363037601548, 0.9958292603453894)",1,99.38309470401347,28615
"(0.898989898989899, 1.0)",1,99.38305120666423,28616
"(0.9153439153439152, 1.0)",1,99.38302502704931,28617
"(0.9665831244778612, 1.0)",4,99.38299077457808,28621
"(0.9499687304565352, 0.9833229101521784)",2,99.38296852199298,28623
"(0.7077308656256025, 1.0)",1,99.38296128380308,28624
"(0.9499687304565352, 0.9833229101521784)",1,99.38294767563066,28625
"(0.9749088814411396, 1.0)",1,99.38293762378164,28626
"(0.9166682405676116, 1.0)",1,99.38293214302423,28627
"(0.9161952650324744, 1.0)",1,99.38291537989124,28628
"(0.8796475392220073, 1.0)",1,99.38287822563068,28629
"(0.8651903651903651, 1.0)",1,99.38286816768256,28630
"(0.8468951683237397, 1.0)",1,99.382846986704,28631
"(0.9333333333333332, 1.0)",1,99.38277150035812,28632
"(0.9331662489557224, 1.0)",2,99.38275943141154,28634
"(0.9916585206907788, 0.9958292603453894)",1,99.38274760599737,28635
"(0.9666562434855118, 1.0)",1,99.38272568679535,28636
"(0.9833211143695014, 0.9958292603453894)",1,99.38261380597268,28637
"(0.9166145507608924, 1.0)",1,99.38257709258372,28638
"(0.9876221896383188, 0.9958292603453894)",1,99.38256306355945,28639
"(0.9504245882013664, 0.9958292603453894)",1,99.38255520993576,28640
"(0.9958292603453894, 0.9958292603453894)",1,99.3825246764306,28641
"(0.8997493734335841, 1.0)",1,99.38250880484514,28642
"(0.8432903075760217, 1.0)",1,99.3825042113621,28643
"(0.882673371045464, 1.0)",1,99.3824487380179,28644
"(0.9751539794803552, 0.9958292603453894)",1,99.38244721987768,28645
"(0.8997493734335841, 1.0)",1,99.3824033146838,28646
"(0.8703703703703703, 1.0)",1,99.3823928000602,28647
"(0.9161952650324744, 1.0)",1,99.38233048604128,28648
"(0.8796475392220073, 1.0)",1,99.38232842229505,28649
"(0.9445235834124724, 1.0)",1,99.38231430681178,28650
"(0.9516794286955578, 0.9958292603453894)",1,99.38227972096192,28651
"(0.9916339869281046, 0.9958292603453894)",1,99.3822661667346,28652
"(0.8997493734335841, 1.0)",1,99.38225786479958,28653
"(0.808446455505279, 1.0)",1,99.38224637340758,28654
"(0.8887202421952387, 1.0)",1,99.38223306113927,28655
"(0.8997493734335841, 1.0)",1,99.38221617207496,28656
"(0.9623066688389268, 0.9958292603453894)",1,99.3822086108625,28657
"(0.9, 1.0)",1,99.38219359271096,28658
"(0.5070372093557577, 1.0)",1,99.38218800662612,28659
"(0.746304385688563, 1.0)",3,99.3821601448443,28662
"(0.7164894725870335, 1.0)",1,99.38209526226493,28663
"(0.9008627640703112, 1.0)",2,99.38208989249289,28665
"(0.9873444118605408, 0.9958292603453894)",1,99.38206902243812,28666
"(0.9, 1.0)",1,99.38206428700208,28667
"(0.9153439153439152, 1.0)",1,99.38205211799564,28668
"(0.979051756240299, 1.0)",1,99.38204912900424,28669
"(0.799275702501509, 1.0)",1,99.38204575895575,28670
"(0.8676532769556025, 1.0)",1,99.38200273167108,28671
"(0.9833040078201368, 0.9958292603453894)",1,99.38193229317456,28672
"(0.9497171590194846, 1.0)",1,99.38190610444144,28673
"(0.987463247273494, 0.9958292603453894)",1,99.3818703030635,28674
"(0.8796475392220073, 1.0)",1,99.38182579581574,28675
"(0.9666562434855118, 1.0)",1,99.3817754451809,28676
"(0.9832965806068272, 0.9958292603453894)",1,99.38175182182056,28677
"(0.9623066688389268, 1.0)",1,99.38173414983372,28678
"(0.6179693015417549, 1.0)",1,99.38173376392024,28679
"(0.930124456440246, 1.0)",1,99.38170035051816,28680
"(0.978932178932179, 0.9958292603453894)",1,99.38163060415916,28681
"(0.9581458989353726, 1.0)",1,99.38160976819948,28682
"(0.917415489944373, 1.0)",1,99.38156836130106,28683
"(0.9326599326599326, 1.0)",1,99.381550600038,28684
"(0.9916666666666668, 0.9958292603453894)",1,99.38153800608346,28685
"(0.6698155645524068, 1.0)",1,99.38148975159054,28686
"(0.9161952650324744, 1.0)",1,99.38146098458964,28687
"(0.6886904761904762, 1.0)",1,99.38132823359656,28688
"(0.6575398846941737, 1.0)",1,99.38129993045972,28689
"(0.987463247273494, 0.9958292603453894)",1,99.38121681503355,28690
"(0.6042502004811546, 1.0)",1,99.38119419195436,28691
"(0.8653198653198653, 1.0)",1,99.38115204182812,28692
"(0.7362637362637362, 1.0)",2,99.3811486014738,28694
"(0.8547756205106323, 1.0)",1,99.38111077701797,28695
"(0.7880931329207191, 1.0)",1,99.38111056399082,28696
"(0.9153439153439156, 1.0)",1,99.381070928311,28697
"(1.0, 1.0)",1,99.38103041770526,28698
"(0.9833040078201368, 0.9958292603453894)",1,99.38100935314108,28699
"(0.799275702501509, 1.0)",1,99.38097311885876,28700
"(0.8420013166556946, 1.0)",2,99.38087978236342,28702
"(0.6698155645524068, 1.0)",1,99.3808540724646,28703
"(0.9295946890286512, 1.0)",1,99.38082035418472,28704
"(0.757745166550198, 1.0)",1,99.38077755252652,28705
"(0.4776542240827955, 1.0)",1,99.38072986954566,28706
"(0.8053381731676306, 1.0)",1,99.38067568922992,28707
"(0.7734344933751168, 1.0)",1,99.38064741930371,28708
"(0.8976982097186702, 1.0)",1,99.38058909103376,28709
"(0.8796475392220073, 1.0)",1,99.38055665083898,28710
"(0.9649790647893116, 0.9958292603453894)",1,99.38049623019822,28711
"(0.9326599326599326, 1.0)",1,99.38041362431603,28712
"(0.979051756240299, 0.9958292603453894)",1,99.38041336198384,28713
"(0.9832925076188832, 0.9958292603453894)",1,99.380382502941,28714
"(0.6804620726495727, 1.0)",1,99.38037981357502,28715
"(0.917415489944373, 1.0)",1,99.38031833262453,28716
"(0.8325755070546736, 1.0)",1,99.38029166525747,28717
"(0.80285509389987, 1.0)",1,99.38027967244167,28718
"(0.8467532467532467, 1.0)",1,99.38027556271048,28719
"(0.9833229101521784, 1.0)",1,99.3802639254576,28720
"(0.6825396825396824, 1.0)",1,99.3802589084316,28721
"(0.9833229101521784, 1.0)",1,99.3801943142787,28722
"(0.4776542240827955, 1.0)",1,99.38015625642068,28723
"(0.8165520116739629, 1.0)",4,99.38009725967372,28727
"(0.9791348015256934, 0.9958292603453894)",1,99.38009053140068,28728
"(0.7811965811965812, 1.0)",1,99.3800602073908,28729
"(0.8879787907565686, 1.0)",1,99.38004994877193,28730
"(0.9161952650324744, 1.0)",1,99.38003756727072,28731
"(0.7164894725870335, 1.0)",1,99.38003645192347,28732
"(0.9003556829643787, 1.0)",1,99.37991261146944,28733
"(0.9609386607489072, 0.9958292603453894)",1,99.37990594570138,28734
"(0.9833229101521784, 1.0)",1,99.37986315696088,28735
"(0.8016677935542034, 1.0)",1,99.37983458035028,28736
"(0.9666562434855118, 1.0)",1,99.3798278866004,28737
"(0.8349489264123411, 1.0)",1,99.37977350411298,28738
"(0.8887202421952387, 1.0)",1,99.37974434459326,28739
"(0.983545503234046, 0.9958292603453894)",1,99.37973788946718,28740
"(0.73687720936437, 1.0)",1,99.37970379497555,28741
"(0.987463247273494, 0.9958292603453894)",1,99.3796759253923,28742
"(0.8997493734335841, 1.0)",1,99.3796513150485,28743
"(0.93773047895128, 0.9958292603453894)",2,99.37959738502056,28745
"(0.8635976129582268, 1.0)",1,99.3795593759998,28746
"(0.9442283950617284, 1.0)",1,99.37952650800466,28747
"(0.9009287520039462, 1.0)",1,99.37950160584556,28748
"(0.9580602951397298, 0.9958292603453894)",1,99.37948538513064,28749
"(0.9748524098350704, 0.9958292603453894)",1,99.37948470150272,28750
"(0.8247905643738976, 1.0)",1,99.37948348903608,28751
"(0.9916666666666668, 0.9958292603453894)",1,99.37938503832235,28752
"(0.6831352928913905, 1.0)",2,99.37932810440604,28754
"(0.8247905643738976, 1.0)",1,99.37932575107708,28755
"(0.8997493734335841, 1.0)",1,99.37932086455837,28756
"(0.933096859926128, 1.0)",1,99.37928401239512,28757
"(0.9916625936787228, 0.9958292603453894)",1,99.37926197261744,28758
"(0.9666562434855118, 1.0)",1,99.37926156804014,28759
"(0.8633762288330498, 1.0)",1,99.37921382472572,28760
"(0.7030539311241066, 1.0)",1,99.37919600569036,28761
"(0.7278086237149632, 1.0)",1,99.37910430038504,28762
"(0.8976982097186702, 1.0)",1,99.37908151555192,28763
"(0.8579868984630887, 1.0)",2,99.37901578712066,28765
"(0.9153439153439152, 1.0)",1,99.37898957377284,28766
"(0.6698155645524068, 1.0)",1,99.37890647364333,28767
"(0.9665831244778612, 1.0)",5,99.37888618818648,28772
"(0.917655049465296, 0.9958292603453894)",2,99.37885495354944,28774
"(0.8329156223893065, 1.0)",1,99.37885293615044,28775
"(0.9829909379735984, 0.9958292603453894)",1,99.37873206151713,28776
"(0.8300265307680562, 1.0)",1,99.37869082686484,28777
"(0.6886904761904762, 1.0)",1,99.37866501530478,28778
"(0.9326599326599326, 1.0)",1,99.37865789709852,28779
"(0.93773047895128, 0.9958292603453894)",1,99.37863865777538,28780
"(0.8420013166556946, 1.0)",1,99.37862854437282,28781
"(0.9792406033772258, 0.9958292603453894)",1,99.37861103685292,28782
"(0.7711781618000022, 1.0)",1,99.37859663342714,28783
"(0.9609386607489072, 0.9958292603453894)",1,99.37855087450036,28784
"(0.97899550533801, 0.9958292603453894)",1,99.37853323471444,28785
"(0.9665831244778612, 1.0)",2,99.378529401314,28787
"(0.6825396825396824, 1.0)",1,99.37848845012968,28788
"(0.9916585206907788, 0.9958292603453894)",1,99.37844544621927,28789
"(0.9833040078201368, 0.9958292603453894)",1,99.37842398991236,28790
"(0.961552316099405, 0.9958292603453894)",1,99.3782749283856,28791
"(0.8374727668845315, 1.0)",1,99.37816498210708,28792
"(0.7675138481590094, 1.0)",1,99.37810934714253,28793
"(0.9583930063253372, 1.0)",1,99.37804575193492,28794
"(0.8229870141950848, 1.0)",1,99.37803926227382,28795
"(0.9791299139401608, 0.9958292603453894)",1,99.37796860126336,28796
"(0.8016677935542034, 1.0)",1,99.37792212915012,28797
"(0.7802197802197803, 1.0)",1,99.37789006959082,28798
"(0.958227107069612, 0.9958292603453894)",1,99.37788376442371,28799
"(0.9833040078201368, 0.9958292603453894)",1,99.37786484471432,28800
"(0.7436755530346001, 1.0)",1,99.37781122131456,28801
"(0.8222222222222222, 1.0)",5,99.37777777777778,28806
"(0.6698155645524068, 1.0)",1,99.37776599618704,28807
"(0.9958292603453894, 0.9958292603453894)",1,99.377714507909,28808
"(0.987491854024112, 0.9958292603453894)",1,99.37760147964131,28809
"(0.837707400507675, 1.0)",1,99.37759991807692,28810
"(0.97899550533801, 0.9958292603453894)",1,99.3775716618918,28811
"(0.8976982097186702, 1.0)",1,99.37752124298976,28812
"(0.9873891625615764, 0.9958292603453894)",1,99.37748865881557,28813
"(0.9833211143695014, 0.9958292603453894)",1,99.37746304610368,28814
"(0.8349489264123411, 1.0)",1,99.3774571821536,28815
"(0.8016677935542034, 1.0)",1,99.377366257467,28816
"(0.7786375661375661, 1.0)",1,99.37734877242292,28817
"(0.9720813204508856, 1.0)",1,99.377279150739,28818
"(0.9609386607489072, 0.9958292603453894)",1,99.37725191611952,28819
"(0.97934925289764, 0.9958292603453894)",1,99.37723756392504,28820
"(0.9161379295307868, 1.0)",1,99.37717350478326,28821
"(0.9832965806068272, 0.9958292603453894)",1,99.37715271489408,28822
"(0.9331662489557224, 1.0)",1,99.37714102328994,28823
"(0.9958292603453894, 0.9958292603453894)",1,99.37713454491126,28824
"(0.8468089381754635, 1.0)",1,99.37710545795836,28825
"(0.971023600055858, 0.9958292603453894)",1,99.37709484549929,28826
"(0.962264663441134, 0.9958292603453894)",1,99.37703113534182,28827
"(0.9746854694957162, 0.9958292603453894)",1,99.37702149064609,28828
"(0.796353220536539, 1.0)",1,99.3769882915786,28829
"(0.7734344933751168, 1.0)",1,99.37698526260488,28830
"(0.7532376017916352, 1.0)",1,99.37692101853182,28831
"(0.983545503234046, 0.9958292603453894)",1,99.37686030312732,28832
"(0.9833229101521784, 1.0)",1,99.37685820964772,28833
"(0.9705383010048324, 0.9958292603453894)",1,99.37675144690976,28834
"(0.7090909090909091, 1.0)",1,99.37673662243624,28835
"(0.8310777799491891, 1.0)",1,99.37672544261612,28836
"(0.8976982097186702, 1.0)",1,99.37671984066137,28837
"(1.0, 1.0)",1,99.37669737353734,28838
"(0.9829909379735984, 0.9958292603453894)",1,99.37668736715928,28839
"(0.9916339869281046, 0.9958292603453894)",1,99.37655824428828,28840
"(0.7278086237149632, 1.0)",1,99.37651360037076,28841
"(0.6521663785997688, 1.0)",1,99.37650172480154,28842
"(0.8310777799491891, 1.0)",1,99.37649866388584,28843
"(0.8697983697983697, 1.0)",1,99.37641923169976,28844
"(0.6042502004811546, 1.0)",2,99.3763935072602,28846
"(0.8976982097186702, 1.0)",1,99.37638530867324,28847
"(0.916104916104916, 1.0)",1,99.37629402246084,28848
"(0.8561710500899374, 0.9958292603453894)",1,99.37624047547354,28849
"(0.9833229101521784, 1.0)",1,99.37622404568896,28850
"(0.8222222222222222, 1.0)",1,99.3762092134621,28851
"(0.8676532769556025, 1.0)",1,99.3761969771783,28852
"(0.6831352928913905, 1.0)",1,99.37617508958972,28853
"(0.7601164382773579, 1.0)",1,99.37616719681849,28854
"(0.7647742788871822, 1.0)",1,99.37614252794538,28855
"(0.7786375661375661, 1.0)",1,99.37613217669691,28856
"(0.861111111111111, 1.0)",3,99.37603875405676,28859
"(0.987463247273494, 0.9958292603453894)",1,99.37598973034588,28860
"(0.8600291387756281, 0.9958292603453894)",1,99.37597107630832,28861
"(0.893146638589877, 1.0)",1,99.37589578305956,28862
"(0.9297812306740878, 1.0)",1,99.3758573375761,28863
"(0.8796475392220073, 1.0)",1,99.37585683960512,28864
"(0.8229870141950848, 1.0)",1,99.37573851439214,28865
"(0.9126251340467026, 0.9958292603453894)",1,99.3757348931574,28866
"(0.7164894725870335, 1.0)",1,99.37572201194412,28867
"(0.9297812306740878, 1.0)",1,99.37570415148532,28868
"(0.6907243513029603, 1.0)",1,99.3756649712248,28869
"(0.776488287126585, 1.0)",1,99.37564795881514,28870
"(0.9326599326599326, 1.0)",1,99.37564782718826,28871
"(0.987463247273494, 0.9958292603453894)",1,99.37562402115064,28872
"(0.7802197802197803, 1.0)",1,99.37559187892056,28873
"(0.8294970161977834, 1.0)",1,99.37558753156164,28874
"(0.8887202421952387, 1.0)",1,99.37555709150168,28875
"(0.9166145507608924, 1.0)",2,99.37555295882537,28877
"(0.8845578466141503, 1.0)",1,99.37552152370736,28878
"(0.971023600055858, 0.9958292603453894)",1,99.37550918058838,28879
"(0.8222222222222222, 1.0)",1,99.37550862580844,28880
"(0.9192093318943212, 1.0)",1,99.37544855341838,28881
"(0.9707136080238548, 0.9958292603453894)",1,99.37536202141835,28882
"(0.987463247273494, 0.9958292603453894)",1,99.37535711895616,28883
"(0.8997493734335841, 1.0)",1,99.375346043207,28884
"(0.9833229101521784, 1.0)",1,99.37534238689564,28885
"(0.9871616776282092, 0.9958292603453894)",1,99.37526395992688,28886
"(0.9707136080238548, 0.9958292603453894)",1,99.3752218199954,28887
"(0.9707136080238548, 0.9958292603453894)",1,99.37521774700744,28888
"(0.9504245882013664, 0.9958292603453894)",1,99.3752119029317,28889
"(0.8635976129582268, 1.0)",1,99.37519151391484,28890
"(0.7344692811916678, 1.0)",1,99.37511610001444,28891
"(0.9497171590194846, 1.0)",1,99.37502136405146,28892
"(1.0, 1.0)",1,99.37496799658054,28893
"(0.7204751921733054, 1.0)",1,99.37495170030834,28894
"(0.9666562434855118, 1.0)",1,99.37494867880716,28895
"(0.7647742788871822, 1.0)",1,99.3749183010308,28896
"(0.987463247273494, 0.9958292603453894)",1,99.37490956463924,28897
"(0.9442283950617284, 1.0)",1,99.3749035838568,28898
"(0.7121693121693121, 1.0)",1,99.37484289788772,28899
"(0.7090909090909091, 1.0)",1,99.37479597408546,28900
"(0.979055829228243, 0.9958292603453894)",1,99.37470072614607,28901
"(0.987463247273494, 0.9958292603453894)",1,99.37462352732013,28902
"(0.979273283115788, 0.9958292603453894)",1,99.37457266173897,28903
"(0.9833229101521784, 1.0)",1,99.3745258190908,28904
"(0.8796475392220073, 1.0)",1,99.37445056817135,28905
"(0.8420013166556946, 1.0)",2,99.37438449473848,28907
"(0.9490213526488036, 0.9958292603453894)",1,99.37436733241331,28908
"(1.0, 1.0)",1,99.37434479618106,28909
"(0.8425483191745751, 1.0)",1,99.37426317533338,28910
"(0.7503607503607503, 1.0)",2,99.37425076613718,28912
"(0.9333333333333332, 1.0)",1,99.37425024590708,28913
"(0.9958292603453894, 0.9958292603453894)",1,99.3742342782343,28914
"(0.8449978636391381, 1.0)",1,99.37421475035676,28915
"(0.8420013166556946, 1.0)",1,99.37414216502486,28916
"(0.979273283115788, 0.9958292603453894)",1,99.37403844681876,28917
"(0.7277677677677677, 1.0)",1,99.37403080537388,28918
"(0.8374727668845315, 1.0)",1,99.37401711921837,28919
"(0.9833040078201368, 0.9958292603453894)",1,99.3739412071996,28920
"(0.8635976129582268, 1.0)",1,99.3738940324928,28921
"(0.9506533178503804, 1.0)",1,99.37388739111331,28922
"(0.7668348423065404, 1.0)",1,99.3737824083334,28923
"(0.9497171590194848, 1.0)",1,99.37377507557868,28924
"(0.9750854369118126, 0.9958292603453894)",1,99.37373682154512,28925
"(0.9497171590194846, 1.0)",1,99.37372610812024,28926
"(0.9833040078201368, 0.9958292603453894)",2,99.37367640486958,28928
"(0.9665831244778612, 1.0)",2,99.37367097223262,28930
"(0.9609386607489072, 0.9958292603453894)",1,99.3736517262778,28931
"(0.8887202421952387, 1.0)",1,99.37363320849003,28932
"(0.7673678366541239, 1.0)",1,99.37357430834184,28933
"(0.9027777777777778, 1.0)",1,99.37353202836982,28934
"(1.0, 0.9958292603453894)",1,99.37351298718389,28935
"(0.5555555555555555, 1.0)",1,99.3734767420172,28936
"(0.9157097551404952, 0.9958292603453894)",1,99.37341529645292,28937
"(0.8222222222222222, 1.0)",2,99.37341417481971,28939
"(1.0, 1.0)",1,99.37341417481971,28940
"(0.8651903651903651, 1.0)",1,99.37333447342507,28941
"(0.80285509389987, 1.0)",1,99.3733159336555,28942
"(0.9835199925522506, 0.9958292603453894)",1,99.37329557528383,28943
"(0.8177442148030384, 1.0)",1,99.37324848344709,28944
"(0.8266173510466989, 1.0)",1,99.37320089289736,28945
"(0.5555555555555555, 1.0)",1,99.37317930135195,28946
"(0.6734452539330588, 1.0)",1,99.37317920438436,28947
"(0.7344692811916678, 1.0)",1,99.37317369744584,28948
"(0.9833229101521784, 1.0)",1,99.37309953677776,28949
"(0.9331094582012576, 1.0)",1,99.3730883499042,28950
"(0.9609386607489072, 0.9958292603453894)",1,99.37308117646492,28951
"(0.7574146783449108, 1.0)",2,99.37300785030584,28953
"(0.7198480531813864, 1.0)",1,99.37286235531847,28954
"(0.8887202421952387, 1.0)",1,99.37283280461908,28955
"(0.6636745887678723, 1.0)",1,99.37281891770544,28956
"(0.9158007932517735, 1.0)",1,99.3727978295498,28957
"(1.0, 1.0)",2,99.37279215462335,28959
"(1.0, 0.9958292603453894)",1,99.37270329936123,28960
"(0.9832965806068272, 0.9958292603453894)",1,99.37268408825338,28961
"(0.8796475392220073, 1.0)",1,99.37267659083724,28962
"(0.9916585206907788, 0.9958292603453894)",1,99.37267361253134,28963
"(0.9873891625615764, 0.9958292603453894)",1,99.3726164166101,28964
"(0.9792521035784794, 0.9958292603453894)",1,99.3726027679568,28965
"(0.7503607503607503, 1.0)",1,99.37258184723623,28966
"(0.9666562434855118, 1.0)",1,99.3725814835571,28967
"(0.9748524098350704, 0.9958292603453894)",1,99.37257844564148,28968
"(0.9506533178503804, 1.0)",2,99.3725453353255,28970
"(0.9326599326599326, 1.0)",1,99.37239002437572,28971
"(0.8715701474388204, 1.0)",1,99.3723647440074,28972
"(0.8651903651903651, 1.0)",1,99.37227518766628,28973
"(0.9454999712494968, 0.9958292603453894)",1,99.37227080727268,28974
"(0.8420013166556946, 1.0)",2,99.37225191126367,28976
"(0.9665831244778612, 1.0)",1,99.37220255140666,28977
"(0.6698155645524068, 1.0)",1,99.37218154239008,28978
"(0.9873891625615764, 0.9958292603453894)",1,99.3721697313792,28979
"(0.6804620726495727, 1.0)",4,99.37214279333706,28983
"(0.6544644252235129, 1.0)",1,99.372120508843,28984
"(0.6825396825396824, 1.0)",1,99.37210955259737,28985
"(0.9833229101521784, 1.0)",1,99.37210756722952,28986
"(0.8222222222222222, 1.0)",1,99.37210042773864,28987
"(0.6378166586499919, 1.0)",1,99.37209664836232,28988
"(0.9833040078201368, 0.9958292603453894)",2,99.37205900822288,28990
"(0.970619176311776, 0.9958292603453894)",1,99.37204704347532,28991
"(0.8420013166556946, 1.0)",1,99.37204584541652,28992
"(0.5555555555555555, 1.0)",3,99.37204487140302,28995
"(0.8467532467532467, 1.0)",1,99.37204159119052,28996
"(0.9791625936787228, 0.9958292603453894)",1,99.37197773557044,28997
"(0.9750780096985032, 0.9958292603453894)",1,99.37196626762083,28998
"(0.8420013166556946, 1.0)",1,99.37195636793354,28999
"(0.9916625936787228, 0.9958292603453894)",1,99.37194372844829,29000
"(0.6962148962148962, 1.0)",1,99.37188892978368,29001
"(0.6636745887678723, 1.0)",1,99.37184459631382,29002
"(0.8814814814814814, 1.0)",1,99.37182651828309,29003
"(0.8374727668845315, 1.0)",1,99.37174418229247,29004
"(0.7075023741690408, 1.0)",1,99.37172591304696,29005
"(0.958227107069612, 0.9958292603453894)",1,99.3717217319634,29006
"(0.8796475392220073, 1.0)",1,99.37172043198636,29007
"(0.8266173510466989, 1.0)",1,99.37165714579766,29008
"(0.8884778134778135, 1.0)",1,99.37165122317924,29009
"(0.8329156223893065, 1.0)",1,99.37163764899871,29010
"(0.8976982097186702, 1.0)",1,99.37161136752434,29011
"(0.9833229101521784, 1.0)",1,99.37157719749688,29012
"(0.7416325017951034, 1.0)",1,99.37156604403886,29013
"(0.8675949975949976, 0.9958292603453894)",1,99.37148776780175,29014
"(0.9497171590194848, 1.0)",1,99.3714664344273,29015
"(0.9497171590194846, 1.0)",1,99.37140964367283,29016
"(0.8319340617212959, 1.0)",1,99.3713924647446,29017
"(0.9166145507608924, 1.0)",4,99.3713049822806,29021
"(0.8374727668845315, 1.0)",1,99.37130226408814,29022
"(0.8420013166556946, 1.0)",1,99.37130080671194,29023
"(0.8736897274633123, 1.0)",1,99.37125274890244,29024
"(0.7880931329207191, 1.0)",1,99.3711962808615,29025
"(0.9442283950617284, 1.0)",1,99.37118785844832,29026
"(0.8374727668845315, 1.0)",1,99.37117783543748,29027
"(0.8814814814814814, 1.0)",1,99.37115997115995,29028
"(0.9720813204508856, 1.0)",1,99.3711315230312,29029
"(0.6804620726495727, 1.0)",1,99.37112806182913,29030
"(0.9365496267832196, 0.9958292603453894)",1,99.37111759454984,29031
"(0.7647742788871822, 1.0)",1,99.37107850377024,29032
"(0.7532376017916352, 1.0)",1,99.37107594375443,29033
"(0.746304385688563, 1.0)",1,99.3710753942912,29034
"(0.9747838672665278, 0.9958292603453894)",1,99.37101889322967,29035
"(0.7077308656256025, 1.0)",1,99.3709580318759,29036
"(0.7498436522826767, 1.0)",1,99.3709321252922,29037
"(0.8420013166556946, 1.0)",1,99.37089317880624,29038
"(0.9009534009534008, 1.0)",1,99.3708653606555,29039
"(0.8976982097186702, 1.0)",1,99.37086301379834,29040
"(0.73687720936437, 1.0)",1,99.37084917806035,29041
"(0.9161952650324744, 1.0)",1,99.37078404753608,29042
"(0.8222222222222222, 1.0)",1,99.37076772936103,29043
"(0.9665831244778612, 1.0)",1,99.3706791149776,29044
"(0.9622634791942192, 0.9958292603453894)",2,99.37067457838964,29046
"(0.9442283950617284, 1.0)",1,99.37065256196632,29047
"(0.9499687304565352, 1.0)",1,99.37063807447724,29048
"(0.893146638589877, 1.0)",1,99.3705759415764,29049
"(0.4899315048358174, 1.0)",1,99.3704624700908,29050
"(0.987463247273494, 0.9958292603453894)",1,99.37043077069504,29051
"(0.9153439153439152, 1.0)",1,99.37041808841514,29052
"(0.7183489076634237, 1.0)",1,99.3703977734766,29053
"(0.8432903075760217, 1.0)",1,99.37039553566564,29054
"(0.9833229101521784, 1.0)",1,99.37037647869111,29055
"(0.7294281157362763, 1.0)",1,99.37037194669271,29056
"(0.9746535316523212, 0.9958292603453894)",1,99.3702953250265,29057
"(0.9326599326599326, 1.0)",2,99.3702797938998,29059
"(0.9749706744868036, 0.9958292603453894)",1,99.37021946781805,29060
"(0.9299160159815896, 1.0)",1,99.37016040904908,29061
"(0.9832965806068272, 0.9958292603453894)",1,99.37007550103696,29062
"(0.9829909379735984, 0.9958292603453894)",1,99.3700458036752,29063
"(0.9833040078201368, 0.9958292603453894)",1,99.369942018941,29064
"(0.8222222222222222, 1.0)",1,99.36993739605316,29065
"(0.8796475392220073, 1.0)",1,99.3698123996944,29066
"(0.962505246140658, 0.9958292603453894)",1,99.36972357823248,29067
"(0.9164652836623464, 1.0)",1,99.36971904893656,29068
"(0.9153439153439152, 1.0)",1,99.36969579652506,29069
"(0.6238244514106583, 1.0)",1,99.36968444693228,29070
"(0.8040695048423352, 1.0)",1,99.369671227363,29071
"(0.9666562434855118, 1.0)",1,99.36956446740614,29072
"(0.9916585206907788, 0.9958292603453894)",1,99.36954836970811,29073
"(0.7204751921733054, 1.0)",1,99.3695316943914,29074
"(0.73687720936437, 1.0)",1,99.36947966610032,29075
"(0.6760835913312693, 1.0)",1,99.36946878485917,29076
"(0.8266173510466989, 1.0)",1,99.36946179200956,29077
"(0.9365496267832196, 0.9958292603453894)",1,99.36946000661808,29078
"(0.8586166985951469, 1.0)",1,99.36945742047394,29079
"(0.987463247273494, 0.9958292603453894)",1,99.36942759211746,29080
"(0.9584987529902784, 1.0)",1,99.36942597058344,29081
"(0.9169719169719168, 1.0)",1,99.3694078038586,29082
"(0.961552316099405, 0.9958292603453894)",1,99.36940567137222,29083
"(0.9916585206907788, 0.9958292603453894)",1,99.36930803839849,29084
"(0.746304385688563, 1.0)",1,99.36916135300864,29085
"(0.958227107069612, 0.9958292603453894)",1,99.36914476880337,29086
"(0.9666562434855118, 1.0)",2,99.36914373174965,29088
"(0.8420013166556947, 1.0)",1,99.3690866973996,29089
"(0.9833229101521784, 1.0)",2,99.36897495689328,29091
"(0.8310777799491891, 1.0)",1,99.36895886439578,29092
"(0.987491854024112, 0.9958292603453894)",1,99.36889152930138,29093
"(0.8552744708994707, 1.0)",1,99.36889125136912,29094
"(0.8840048840048841, 1.0)",1,99.36885219214682,29095
"(0.7077308656256025, 1.0)",1,99.36884903801636,29096
"(0.8736897274633123, 1.0)",1,99.36875261037515,29097
"(0.9442283950617284, 1.0)",1,99.36873068605269,29098
"(0.8312205288949474, 1.0)",1,99.36869915243588,29099
"(0.8420013166556946, 1.0)",2,99.36868978656688,29101
"(0.8570236964835615, 1.0)",1,99.36868279001494,29102
"(0.987463247273494, 0.9958292603453894)",1,99.36864468354106,29103
"(0.8676532769556025, 1.0)",1,99.36864194861218,29104
"(0.6042502004811546, 1.0)",1,99.36864130506262,29105
"(0.7944219523166891, 1.0)",2,99.3686258682974,29107
"(0.7340930674264007, 1.0)",1,99.36862276153056,29108
"(0.7687400318979267, 0.9833229101521784)",1,99.36862253421953,29109
"(0.9442283950617284, 1.0)",1,99.36860009904323,29110
"(0.6575398846941737, 1.0)",1,99.3685135377074,29111
"(0.979055829228243, 0.9958292603453894)",1,99.36850897886968,29112
"(0.9189396095602992, 0.9958292603453894)",1,99.36849499766416,29113
"(0.9297812306740878, 1.0)",1,99.36845983895196,29114
"(0.6698155645524068, 1.0)",1,99.36841391227355,29115
"(0.8976982097186702, 1.0)",1,99.368413814585,29116
"(0.7574146783449108, 1.0)",1,99.36838795372287,29117
"(0.9788980434141724, 0.9958292603453894)",1,99.36830917666454,29118
"(0.7643097643097643, 1.0)",1,99.36830632203348,29119
"(0.933096859926128, 1.0)",1,99.36829995470367,29120
"(0.9791258409522168, 0.9958292603453894)",1,99.3682831602695,29121
"(0.9326599326599326, 1.0)",1,99.36826818405764,29122
"(0.7310532222812924, 1.0)",1,99.36825192541043,29123
"(0.8840048840048841, 1.0)",2,99.36814675839064,29125
"(0.9303715638302106, 1.0)",1,99.36809555162588,29126
"(0.6698155645524068, 1.0)",2,99.36804383274216,29128
"(1.0, 1.0)",1,99.36792725003704,29129
"(0.8319340617212959, 1.0)",1,99.36788059056512,29130
"(0.9326599326599326, 1.0)",1,99.3678630274375,29131
"(0.861111111111111, 1.0)",2,99.36773327835031,29133
"(0.9546499948224086, 0.9958292603453894)",1,99.36771802262489,29134
"(0.9746854694957162, 0.9958292603453894)",1,99.3677049595764,29135
"(0.8316498316498316, 1.0)",1,99.3676360889064,29136
"(0.7121693121693121, 1.0)",1,99.36762047917377,29137
"(0.868077055383557, 1.0)",1,99.36758248745952,29138
"(0.9747273037595618, 0.9958292603453894)",1,99.36752208125108,29139
"(0.73687720936437, 1.0)",1,99.36746940697896,29140
"(0.958227107069612, 0.9958292603453894)",1,99.36733565636447,29141
"(0.8449978636391381, 1.0)",1,99.36731300105652,29142
"(0.9750854369118126, 0.9958292603453894)",1,99.36727312947916,29143
"(0.8885714285714285, 1.0)",1,99.36723787324392,29144
"(0.5910680656443368, 1.0)",1,99.36707413567676,29145
"(0.8796475392220073, 1.0)",1,99.36702192864472,29146
"(0.9365496267832196, 0.9958292603453894)",1,99.36694685489525,29147
"(0.7204751921733054, 1.0)",1,99.36690522860144,29148
"(0.9303715638302106, 1.0)",1,99.36687661138444,29149
"(1.0, 0.9958292603453894)",1,99.36674345848851,29150
"(0.6886904761904762, 1.0)",1,99.3667382762049,29151
"(1.0, 1.0)",1,99.36673529323264,29152
"(0.8633762288330498, 1.0)",1,99.36666815574516,29153
"(0.7503607503607503, 1.0)",1,99.36663312852586,29154
"(0.757745166550198, 1.0)",1,99.36658544907468,29155
"(0.8329050741331443, 1.0)",1,99.36657668025629,29156
"(0.7916666666666666, 1.0)",3,99.36655601768815,29159
"(0.861111111111111, 1.0)",1,99.366477470136,29160
"(0.9792521035784794, 0.9958292603453894)",1,99.36644582228722,29161
"(0.9623066688389268, 0.9958292603453894)",1,99.36642944710172,29162
"(0.876295504202481, 1.0)",1,99.36640309039656,29163
"(1.0, 1.0)",1,99.36638382568614,29164
"(0.7198480531813864, 1.0)",1,99.36633684735506,29165
"(0.9750854369118126, 0.9958292603453894)",1,99.36632126867426,29166
"(0.8468951683237397, 1.0)",1,99.36627674882588,29167
"(0.7198480531813864, 1.0)",1,99.36627415152856,29168
"(0.9131856219190184, 0.9958292603453894)",1,99.36623273538136,29169
"(0.7994987468671678, 1.0)",1,99.36618920786655,29170
"(0.978932178932179, 0.9958292603453894)",1,99.36612736140737,29171
"(0.8420013166556946, 1.0)",1,99.36609330032216,29172
"(0.9499687304565352, 1.0)",1,99.36608892169448,29173
"(0.987463247273494, 0.9958292603453894)",1,99.36605580350448,29174
"(0.9666562434855118, 1.0)",1,99.3660509152807,29175
"(0.97495917428555, 0.9958292603453894)",1,99.36604818647508,29176
"(0.9832184229069656, 0.9958292603453894)",1,99.36603621192768,29177
"(0.9499687304565352, 0.9833229101521784)",1,99.36601980247684,29178
"(0.9158007932517735, 1.0)",2,99.3659742040139,29180
"(0.7734344933751168, 1.0)",1,99.36596998173708,29181
"(0.9746854694957162, 0.9958292603453894)",1,99.36593355317576,29182
"(0.6215073982652175, 1.0)",1,99.36593341528224,29183
"(0.8059480202337346, 1.0)",1,99.36592612127748,29184
"(1.0, 1.0)",1,99.36589425408422,29185
"(0.6825396825396824, 1.0)",1,99.36581932813834,29186
"(0.9326599326599326, 1.0)",1,99.3657789250792,29187
"(0.9833229101521784, 1.0)",1,99.36576551781116,29188
"(0.8494098216335122, 0.9958292603453894)",1,99.36572611550191,29189
"(0.8997493734335841, 1.0)",1,99.36570616660477,29190
"(0.6831352928913905, 1.0)",1,99.36567497543108,29191
"(0.9169719169719168, 1.0)",1,99.36562363134892,29192
"(0.8976982097186702, 1.0)",1,99.36560802688544,29193
"(0.9833211143695014, 0.9958292603453894)",1,99.36560235301856,29194
"(0.9161952650324744, 1.0)",2,99.36556744469992,29196
"(0.7077308656256025, 1.0)",1,99.36545316388154,29197
"(0.6575398846941737, 1.0)",1,99.36543548828276,29198
"(0.7204751921733054, 1.0)",1,99.36540090399056,29199
"(0.6825396825396824, 1.0)",1,99.36538155452983,29200
"(0.9153439153439152, 1.0)",1,99.36537502814782,29201
"(0.9333333333333332, 1.0)",4,99.36535713608885,29205
"(0.930593793370792, 0.9958292603453894)",1,99.36533582443784,29206
"(0.9153439153439152, 1.0)",1,99.365332193567,29207
"(0.9008025849489264, 1.0)",1,99.36533006526588,29208
"(0.9916339869281046, 0.9958292603453894)",1,99.36532450227656,29209
"(0.9790972342015986, 0.9958292603453894)",1,99.36531235590054,29210
"(0.9609386607489072, 0.9958292603453894)",1,99.36531024696856,29211
"(0.7994987468671678, 1.0)",1,99.3652988004721,29212
"(0.9326599326599326, 1.0)",1,99.36527940083128,29213
"(0.9832925076188832, 0.9958292603453894)",1,99.36520649395344,29214
"(0.8676532769556025, 1.0)",1,99.3651995867664,29215
"(0.9834358767945106, 0.9958292603453894)",1,99.36519176742948,29216
"(0.987463247273494, 0.9958292603453894)",1,99.36516281068238,29217
"(0.7498436522826767, 1.0)",1,99.36510552775756,29218
"(0.9916666666666668, 0.9958292603453894)",1,99.36507454874403,29219
"(0.7511111111111111, 1.0)",1,99.365,29220
"(0.9916625936787228, 0.9958292603453894)",1,99.36496605535996,29221
"(1.0, 0.9958292603453894)",1,99.36491389247468,29222
"(0.7344692811916678, 1.0)",2,99.36491148315288,29224
"(1.0, 1.0)",2,99.3648655468012,29226
"(0.9916585206907788, 0.9958292603453894)",1,99.36484832951209,29227
"(0.9958292603453894, 0.9958292603453894)",1,99.36484417798086,29228
"(1.0, 1.0)",1,99.3648056923919,29229
"(0.8633762288330498, 1.0)",1,99.3647292111452,29230
"(0.6825396825396824, 1.0)",1,99.36472879091622,29231
"(0.8247905643738976, 1.0)",1,99.36457749672348,29232
"(0.8467532467532467, 1.0)",1,99.3645283238286,29233
"(0.975195619792394, 0.9958292603453894)",1,99.36450886984026,29234
"(0.958095238095238, 0.9958292603453894)",1,99.36450158300944,29235
"(0.9750780096985032, 0.9958292603453894)",1,99.36449883229768,29236
"(0.9153439153439156, 0.9833229101521784)",1,99.36449838375393,29237
"(1.0, 0.9958292603453894)",1,99.3644726440297,29238
"(0.9750943974852894, 0.9958292603453894)",1,99.36445426753296,29239
"(0.7675138481590094, 1.0)",1,99.36431982129156,29240
"(0.9958292603453894, 0.9958292603453894)",2,99.36430813801212,29242
"(0.7075023741690408, 1.0)",1,99.36428801643562,29243
"(0.9704226680823772, 0.9958292603453894)",1,99.36427673057815,29244
"(0.9161952650324744, 1.0)",1,99.36424557245824,29245
"(1.0, 1.0)",1,99.36419894523183,29246
"(0.987463247273494, 0.9958292603453894)",1,99.36417237424116,29247
"(0.9874877810361682, 0.9958292603453894)",1,99.36411975255292,29248
"(0.6825396825396824, 1.0)",1,99.36410541895268,29249
"(0.9751539794803552, 0.9958292603453894)",1,99.36405636001714,29250
"(0.7675138481590094, 1.0)",1,99.3639710300146,29251
"(0.6886904761904762, 1.0)",1,99.36393250463078,29252
"(0.9610567210567212, 0.9958292603453894)",1,99.36392182301466,29253
"(0.7511111111111111, 1.0)",3,99.3639209133946,29256
"(0.934122934122934, 1.0)",1,99.36389485522244,29257
"(0.6575398846941737, 1.0)",1,99.3638717597261,29258
"(0.8547756205106323, 1.0)",1,99.36381803633456,29259
"(0.7164894725870335, 1.0)",1,99.3637805512824,29260
"(0.746304385688563, 1.0)",1,99.36377947939856,29261
"(0.9622634791942192, 0.9958292603453894)",1,99.3637667382164,29262
"(0.6575398846941737, 1.0)",1,99.36366466952036,29263
"(0.9835199925522506, 0.9958292603453894)",1,99.36365060032838,29264
"(0.9750854369118126, 0.9958292603453894)",1,99.36359466248712,29265
"(0.9666666666666668, 1.0)",2,99.36357564019444,29267
"(0.961552316099405, 0.9958292603453894)",1,99.36352991828976,29268
"(0.7944219523166891, 1.0)",1,99.36351395156662,29269
"(0.8222222222222222, 1.0)",1,99.36350310038604,29270
"(0.8449978636391381, 1.0)",1,99.36344147609492,29271
"(0.7687400318979267, 1.0)",1,99.3634359274952,29272
"(0.9442283950617284, 1.0)",1,99.36342126710178,29273
"(0.9876066164491212, 0.9958292603453894)",1,99.36341109985186,29274
"(0.799275702501509, 1.0)",1,99.36336670799948,29275
"(0.9746854694957162, 0.9958292603453894)",1,99.3633008976864,29276
"(0.7511111111111111, 1.0)",4,99.3632935048192,29280
"(0.8468951683237397, 1.0)",1,99.36327993888052,29281
"(0.8137865219658889, 1.0)",1,99.3632603871668,29282
"(0.9746854694957162, 0.9958292603453894)",1,99.3632592739631,29283
"(0.8796475392220073, 1.0)",1,99.36322022119094,29284
"(0.958227107069612, 0.9958292603453894)",1,99.36313826500395,29285
"(0.9166145507608924, 1.0)",2,99.36309760700004,29287
"(0.9747273037595618, 0.9958292603453894)",1,99.36301615334348,29288
"(0.97495917428555, 0.9958292603453894)",1,99.36301390786709,29289
"(0.8814814814814814, 1.0)",1,99.36299033570732,29290
"(0.7498436522826767, 1.0)",1,99.36286634630204,29291
"(0.9303715638302106, 1.0)",1,99.36284061252886,29292
"(0.8796475392220073, 1.0)",1,99.36269913318505,29293
"(0.6825396825396824, 1.0)",1,99.36268930717188,29294
"(0.8316498316498316, 1.0)",1,99.36268838880714,29295
"(0.9499687304565352, 1.0)",1,99.36263422784604,29296
"(0.9297812306740878, 1.0)",1,99.36261935862586,29297
"(1.0, 1.0)",1,99.36251479229657,29298
"(0.896607872489407, 0.9958292603453894)",1,99.36247858147676,29299
"(0.7786375661375661, 1.0)",1,99.3623267404592,29300
"(0.6825396825396824, 1.0)",1,99.36229417266398,29301
"(0.8653198653198653, 1.0)",1,99.36226635207883,29302
"(0.9416450721400784, 1.0)",1,99.36219758619512,29303
"(0.9153439153439152, 1.0)",2,99.36212360831446,29305
"(0.7090909090909091, 1.0)",1,99.36210937148776,29306
"(0.7498436522826767, 1.0)",1,99.362013429324,29307
"(0.9008025849489264, 1.0)",1,99.36200928285726,29308
"(0.7077308656256025, 1.0)",1,99.36193884935304,29309
"(0.9791258409522168, 0.9958292603453894)",1,99.36178427206218,29310
"(0.898989898989899, 1.0)",1,99.36161667670656,29311
"(0.7673678366541239, 1.0)",1,99.36156603546324,29312
"(0.917849761232425, 1.0)",1,99.36156295791908,29313
"(0.8294970161977834, 1.0)",1,99.36153390433223,29314
"(0.7903875985986362, 1.0)",1,99.36153390158064,29315
"(0.6825396825396824, 1.0)",1,99.36153338087092,29316
"(0.8247905643738976, 1.0)",1,99.3614865467325,29317
"(0.9300671002153482, 1.0)",1,99.36146078209704,29318
"(0.6804620726495727, 1.0)",1,99.36137320114491,29319
"(0.8294970161977834, 1.0)",1,99.36123910876624,29320
"(0.8229870141950848, 1.0)",2,99.36120294096524,29322
"(0.8976982097186702, 1.0)",2,99.36120137950368,29324
"(0.9916625936787228, 0.9958292603453894)",1,99.36118375522403,29325
"(0.9916585206907788, 0.9958292603453894)",1,99.36116825629854,29326
"(0.8222222222222222, 1.0)",2,99.36110068792996,29328
"(0.8016677935542034, 1.0)",1,99.3610807536586,29329
"(0.8867361313822293, 0.9958292603453894)",2,99.36101436007232,29331
"(0.7121693121693121, 1.0)",1,99.36099304706045,29332
"(0.9333044546043194, 0.9958292603453894)",2,99.36096483373366,29334
"(0.9622634791942192, 0.9958292603453894)",1,99.3608544931948,29335
"(0.9326599326599326, 1.0)",1,99.36084010024072,29336
"(0.9326599326599326, 1.0)",1,99.36082993471804,29337
"(0.9832925076188832, 0.9958292603453894)",1,99.36081045449488,29338
"(0.8016677935542034, 1.0)",1,99.36080017665265,29339
"(0.6042502004811546, 1.0)",1,99.3607792553524,29340
"(0.9833229101521784, 1.0)",1,99.3606823455944,29341
"(1.0, 1.0)",1,99.36068107669465,29342
"(0.9435817855979146, 0.9958292603453894)",1,99.3606157810142,29343
"(0.8294970161977834, 1.0)",1,99.36055459908464,29344
"(0.8880748880748881, 1.0)",1,99.36054285369664,29345
"(0.8703703703703703, 1.0)",2,99.3605265315614,29347
"(0.9834440227703986, 1.0)",1,99.3605068912055,29348
"(0.933096859926128, 1.0)",1,99.36049711761996,29349
"(0.9435817855979146, 0.9958292603453894)",1,99.3604561198868,29350
"(0.8976982097186702, 1.0)",1,99.36042474830276,29351
"(0.9707136080238548, 0.9958292603453894)",1,99.36035888315168,29352
"(0.844988344988345, 1.0)",1,99.36035871183776,29353
"(0.7734344933751168, 1.0)",1,99.36030817275706,29354
"(0.8294970161977834, 1.0)",1,99.36029924926436,29355
"(0.8796475392220073, 1.0)",1,99.36026821935307,29356
"(1.0, 0.9958292603453894)",2,99.36020048701312,29358
"(0.987491854024112, 0.9958292603453894)",1,99.36019527413713,29359
"(0.826388888888889, 1.0)",1,99.36017373666604,29360
"(0.9497171590194846, 1.0)",1,99.36017136159728,29361
"(0.8736212624584717, 1.0)",1,99.3601594196934,29362
"(0.8533622685185187, 1.0)",1,99.36009731048502,29363
"(0.9326599326599326, 1.0)",1,99.36006100679852,29364
"(0.9497171590194848, 1.0)",1,99.3599301479828,29365
"(0.9750780096985032, 0.9958292603453894)",1,99.35992433483187,29366
"(0.9788980434141724, 0.9958292603453894)",1,99.35989994000369,29367
"(0.617513611615245, 1.0)",1,99.35989954238372,29368
"(0.9516794286955578, 0.9958292603453894)",1,99.35987836931707,29369
"(0.7075023741690408, 1.0)",1,99.35983708246326,29370
"(0.9326599326599326, 1.0)",1,99.35983176960298,29371
"(0.8613656783468103, 1.0)",1,99.35975956824468,29372
"(0.7164894725870335, 1.0)",1,99.35972950949014,29373
"(0.7552298585410389, 1.0)",1,99.35972671131472,29374
"(1.0, 1.0)",1,99.35962088121582,29375
"(0.8736897274633123, 1.0)",1,99.35961872663134,29376
"(0.8880748880748881, 1.0)",1,99.35958097348032,29377
"(0.6825396825396824, 1.0)",2,99.35948844562508,29379
"(0.9497171590194846, 1.0)",1,99.35948426001464,29380
"(0.8976982097186702, 1.0)",1,99.35948399930332,29381
"(0.9748524098350704, 0.9958292603453894)",1,99.35942779523286,29382
"(0.9832965806068272, 0.9958292603453894)",1,99.35926918336176,29383
"(0.934122934122934, 1.0)",1,99.35926792635172,29384
"(0.9833229101521784, 1.0)",1,99.35925592023152,29385
"(0.8796475392220073, 1.0)",1,99.35917974975732,29386
"(0.8053381731676306, 1.0)",1,99.35915943430874,29387
"(0.9166682405676116, 1.0)",1,99.35915885647135,29388
"(0.8319340617212959, 1.0)",1,99.3591081350996,29389
"(0.7344692811916678, 1.0)",1,99.35906025052051,29390
"(0.933249791144528, 1.0)",1,99.3590237438593,29391
"(0.8651903651903651, 1.0)",2,99.35894487927008,29393
"(1.0, 1.0)",1,99.3589185412652,29394
"(0.6521663785997688, 1.0)",1,99.35880850227582,29395
"(0.9333333333333332, 1.0)",1,99.35878109564976,29396
"(0.9146901709401708, 1.0)",1,99.35877472751424,29397
"(0.9490213526488036, 0.9958292603453894)",1,99.35877183777082,29398
"(0.7340930674264007, 1.0)",1,99.35874686890946,29399
"(0.617513611615245, 1.0)",1,99.35874601946703,29400
"(0.738145558145558, 1.0)",1,99.35873465672104,29401
"(0.9169719169719168, 1.0)",1,99.35872873089436,29402
"(0.8016677935542034, 1.0)",1,99.35871728001544,29403
"(0.6378166586499919, 1.0)",1,99.35868492351145,29404
"(0.7155555555555556, 1.0)",4,99.35866347432994,29408
"(0.8796475392220073, 1.0)",1,99.35864025762422,29409
"(0.9666562434855118, 1.0)",2,99.3585901205464,29411
"(0.6698155645524068, 1.0)",1,99.35858864031736,29412
"(0.9497171590194846, 1.0)",1,99.35854282234548,29413
"(1.0, 0.9958292603453894)",1,99.35852081459224,29414
"(0.9746854694957162, 0.9958292603453894)",1,99.35848061392416,29415
"(0.893146638589877, 1.0)",1,99.35839883666128,29416
"(0.9916585206907788, 0.9958292603453894)",1,99.35835764563026,29417
"(0.7656073923822403, 1.0)",1,99.3583198539715,29418
"(0.978932178932179, 0.9958292603453894)",1,99.35830486552344,29419
"(0.6734452539330588, 1.0)",1,99.35829537652388,29420
"(0.859499940327008, 1.0)",1,99.35822647728594,29421
"(0.9672281917443208, 0.9958292603453894)",1,99.35821281692884,29422
"(0.7164894725870335, 1.0)",1,99.35818220139204,29423
"(0.9665831244778612, 0.9833229101521784)",1,99.35817762358946,29424
"(0.7503607503607503, 1.0)",1,99.35816756492488,29425
"(0.8177442148030384, 1.0)",1,99.35807952516676,29426
"(0.7090909090909091, 1.0)",1,99.35798272388136,29427
"(0.9790693693461476, 0.9958292603453894)",1,99.35795724413283,29428
"(0.9583930063253372, 1.0)",1,99.35793739487472,29429
"(0.8976982097186702, 1.0)",1,99.35793060260826,29430
"(0.9833040078201368, 0.9958292603453894)",1,99.35788332697976,29431
"(0.9916339869281046, 0.9958292603453894)",1,99.35788041153472,29432
"(0.9792521035784794, 0.9958292603453894)",1,99.357711601943,29433
"(0.6734452539330588, 1.0)",1,99.35765986857774,29434
"(0.8420013166556946, 1.0)",1,99.3576334193822,29435
"(0.7802197802197803, 1.0)",1,99.35756636202744,29436
"(0.7183489076634237, 1.0)",1,99.35755449884114,29437
"(0.7077308656256025, 1.0)",1,99.3575437096004,29438
"(0.9749706744868036, 0.9958292603453894)",1,99.3575393459159,29439
"(0.9413496923696164, 0.9958292603453894)",1,99.35752356006948,29440
"(0.9326599326599326, 1.0)",1,99.35750327804531,29441
"(0.9791258409522168, 0.9958292603453894)",1,99.35749488771484,29442
"(0.6042502004811546, 1.0)",1,99.35748125071784,29443
"(0.9665831244778612, 1.0)",1,99.35745772035236,29444
"(0.9916585206907788, 0.9958292603453894)",1,99.3573693768807,29445
"(0.9750481776288228, 0.9958292603453894)",1,99.35734348613288,29446
"(0.5910680656443368, 1.0)",1,99.3573372363378,29447
"(0.9791258409522168, 0.9958292603453894)",1,99.3573258610671,29448
"(0.9622634791942192, 0.9958292603453894)",1,99.35732575725392,29449
"(0.5555555555555555, 1.0)",1,99.35727771093624,29450
"(0.9582389563841176, 0.9958292603453894)",1,99.35726784918435,29451
"(0.8016677935542034, 1.0)",3,99.35722334910976,29454
"(0.97899550533801, 0.9958292603453894)",1,99.3571544678128,29455
"(0.6521663785997688, 1.0)",1,99.35712279551193,29456
"(0.6767580302172832, 1.0)",1,99.3571115753852,29457
"(0.8653198653198653, 1.0)",1,99.35710625164606,29458
"(0.861111111111111, 1.0)",1,99.35704154465678,29459
"(0.8976982097186702, 1.0)",1,99.35698249303243,29460
"(0.9581458989353726, 1.0)",1,99.35697707617716,29461
"(0.6760835913312693, 1.0)",1,99.35696489123892,29462
"(0.9797933639980358, 0.9958292603453894)",1,99.35693390176176,29463
"(0.9666562434855118, 1.0)",1,99.35690889934511,29464
"(0.9658790011731188, 0.9958292603453894)",1,99.3568720932504,29465
"(0.9829909379735984, 0.9958292603453894)",1,99.356856292474,29466
"(0.9832925076188832, 0.9958292603453894)",1,99.3568375707256,29467
"(0.9658159033159032, 0.9958292603453894)",1,99.35680309053268,29468
"(0.9665831244778612, 1.0)",1,99.35677987443071,29469
"(0.8222222222222222, 1.0)",1,99.35675591950248,29470
"(0.861111111111111, 1.0)",1,99.35669291871338,29471
"(0.7632275132275131, 1.0)",1,99.35667995950108,29472
"(0.9665831244778612, 1.0)",1,99.35663895459597,29473
"(0.9873444118605408, 0.9958292603453894)",1,99.35663072442688,29474
"(0.9834358767945106, 0.9958292603453894)",1,99.35662762308642,29475
"(0.9714797495442656, 0.9958292603453894)",1,99.356611713593,29476
"(0.8319340617212959, 1.0)",1,99.35659884512675,29477
"(0.8533622685185187, 1.0)",1,99.3565886647159,29478
"(0.9332172991312776, 0.9958292603453894)",1,99.35650403375796,29479
"(0.9664171122994653, 0.9958292603453894)",1,99.35650313933034,29480
"(0.9665831244778612, 1.0)",1,99.35644553802292,29481
"(0.7075023741690408, 1.0)",1,99.35638513454089,29482
"(0.9958292603453894, 0.9958292603453894)",1,99.35638388728302,29483
"(0.987463247273494, 0.9958292603453894)",1,99.35634565411772,29484
"(0.8467532467532467, 1.0)",1,99.3563147842615,29485
"(0.987491854024112, 0.9958292603453894)",1,99.3562770474646,29486
"(0.7944219523166891, 1.0)",1,99.35627195115856,29487
"(0.9833229101521784, 1.0)",1,99.35616746393296,29488
"(0.6191502463054187, 1.0)",1,99.35611412380403,29489
"(0.983545503234046, 0.9958292603453894)",1,99.35603748516004,29490
"(0.8016677935542034, 1.0)",2,99.3560293755854,29492
"(0.9157169990503324, 1.0)",1,99.3560280896503,29493
"(0.9958292603453894, 0.9958292603453894)",1,99.35594511479418,29494
"(0.7030539311241066, 1.0)",1,99.35593440789268,29495
"(0.8832603710652491, 1.0)",1,99.35589397052811,29496
"(0.8449978636391381, 1.0)",1,99.35586714322072,29497
"(1.0, 0.9958292603453894)",1,99.35586610275048,29498
"(0.8736897274633123, 1.0)",1,99.35585964025104,29499
"(0.5555555555555555, 1.0)",1,99.3558176241103,29500
"(0.9832925076188832, 0.9958292603453894)",1,99.35574377551602,29501
"(0.9497171590194848, 1.0)",3,99.3557381016855,29504
"(0.9835547122074636, 0.9958292603453894)",1,99.35573199300276,29505
"(0.9165164082221422, 1.0)",1,99.35569463149798,29506
"(0.6698155645524068, 1.0)",1,99.3556069071918,29507
"(0.8420013166556946, 1.0)",1,99.3555767699571,29508
"(0.8468951683237397, 1.0)",1,99.3555245755892,29509
"(0.9665831244778612, 1.0)",1,99.35548247758302,29510
"(0.9581458989353726, 1.0)",1,99.3554366278411,29511
"(0.8449978636391381, 1.0)",1,99.35542161606044,29512
"(0.8420013166556946, 1.0)",1,99.3553687555687,29513
"(0.8420013166556946, 1.0)",2,99.35536875556868,29515
"(0.901575014782562, 1.0)",1,99.35534149499176,29516
"(0.7222222222222221, 0.9833229101521784)",1,99.3553262455702,29517
"(0.9714797495442656, 0.9958292603453894)",1,99.3553188389447,29518
"(0.987463247273494, 0.9958292603453894)",1,99.35531026071348,29519
"(0.7880931329207191, 1.0)",1,99.35530277808418,29520
"(0.6747507742934573, 1.0)",1,99.3553016738186,29521
"(0.8796475392220073, 1.0)",1,99.3552856954982,29522
"(0.8329050741331443, 1.0)",1,99.35528027464294,29523
"(0.7060994560994561, 1.0)",1,99.3552766711456,29524
"(0.9876221896383188, 0.9958292603453894)",1,99.3552538286425,29525
"(0.7344692811916678, 1.0)",1,99.3552509032976,29526
"(0.7511111111111111, 1.0)",1,99.35522512946858,29527
"(0.8653198653198653, 1.0)",1,99.35516256671583,29528
"(0.9746854694957162, 0.9958292603453894)",1,99.3551574688394,29529
"(0.6238244514106583, 1.0)",1,99.35508386949934,29530
"(0.7222222222222221, 0.9833229101521784)",1,99.35507467413316,29531
"(0.8840455840455841, 1.0)",1,99.35493169499397,29532
"(0.9497171590194848, 1.0)",1,99.35492994197222,29533
"(0.9793747635794354, 0.9958292603453894)",1,99.35483090195396,29534
"(0.8840455840455841, 1.0)",1,99.35476118891194,29535
"(0.8547756205106323, 1.0)",1,99.3546955565126,29536
"(0.9189396095602992, 0.9958292603453894)",2,99.35464903885976,29538
"(0.934122934122934, 1.0)",1,99.35463697372128,29539
"(0.8796475392220073, 1.0)",1,99.35462957178524,29540
"(0.9460182143215032, 0.9958292603453894)",1,99.35460311030836,29541
"(0.7077308656256025, 1.0)",1,99.35449466920194,29542
"(0.9750943974852894, 0.9958292603453894)",1,99.35446500029352,29543
"(0.9873444118605408, 0.9958292603453894)",1,99.35444368995174,29544
"(0.8796475392220073, 1.0)",1,99.35440441467031,29545
"(0.9750854369118126, 0.9958292603453894)",1,99.3543950236832,29546
"(0.9369808292429718, 0.9958292603453894)",1,99.35438956700608,29547
"(0.9791258409522168, 0.9958292603453894)",1,99.35438104511054,29548
"(0.861111111111111, 1.0)",1,99.35434540602036,29549
"(0.9658159033159032, 0.9958292603453894)",1,99.35427644051,29550
"(0.987491854024112, 0.9958292603453894)",1,99.354252822341,29551
"(0.9832965806068272, 0.9958292603453894)",1,99.354240240428,29552
"(0.9747273037595618, 0.9958292603453894)",1,99.35420910753328,29553
"(0.7183489076634237, 1.0)",1,99.35416814282404,29554
"(0.9665831244778612, 1.0)",1,99.3541387132468,29555
"(0.9666562434855118, 1.0)",1,99.35409332873472,29556
"(0.6760835913312693, 1.0)",1,99.35406739793478,29557
"(0.6825396825396824, 1.0)",1,99.3540640412838,29558
"(0.7916666666666666, 1.0)",1,99.35403328518755,29559
"(0.9791332681655264, 0.9958292603453894)",1,99.35401880928455,29560
"(0.6636745887678723, 1.0)",2,99.35401288249732,29562
"(0.8016677935542034, 1.0)",1,99.35395537525356,29563
"(0.6698155645524068, 1.0)",1,99.35387736243534,29564
"(0.8468089381754635, 1.0)",1,99.35383260424696,29565
"(0.987463247273494, 0.9958292603453894)",1,99.35379089199049,29566
"(0.8732774170274171, 1.0)",1,99.35378813847409,29567
"(0.9153439153439152, 1.0)",1,99.35378287887468,29568
"(0.9916585206907788, 0.9958292603453894)",1,99.353774071544,29569
"(0.9958292603453894, 0.9958292603453894)",1,99.35377312016404,29570
"(0.9747273037595618, 0.9958292603453894)",1,99.35376513875592,29571
"(0.9516794286955578, 0.9958292603453894)",1,99.35376048640192,29572
"(0.9916666666666668, 0.9958292603453894)",1,99.3537084349629,29573
"(0.9303715638302106, 1.0)",1,99.35370387881628,29574
"(0.7944219523166891, 1.0)",1,99.35369784766,29575
"(0.861111111111111, 1.0)",1,99.35369060775676,29576
"(0.7030539311241066, 1.0)",1,99.35363152509262,29577
"(0.8814814814814814, 1.0)",1,99.35360973833374,29578
"(0.9832401090007582, 0.9958292603453894)",1,99.35349205921476,29579
"(0.9744745723240348, 0.9958292603453894)",1,99.353488688223,29580
"(0.902764590611026, 0.9958292603453894)",1,99.35347562706204,29581
"(1.0, 0.9958292603453894)",1,99.35346932280886,29582
"(0.9665831244778612, 1.0)",2,99.35346866900468,29584
"(0.9437903841498612, 1.0)",1,99.3534571777086,29585
"(0.861111111111111, 1.0)",1,99.35344654666926,29586
"(0.9578375055710984, 0.9958292603453894)",1,99.35342679872772,29587
"(0.8374727668845315, 1.0)",1,99.35339549144824,29588
"(0.7164894725870335, 1.0)",1,99.35338678152542,29589
"(0.9009287520039462, 1.0)",1,99.3533270543874,29590
"(0.9832401090007582, 0.9958292603453894)",1,99.35332251496466,29591
"(0.983545503234046, 0.9958292603453894)",1,99.35331099380775,29592
"(0.9833229101521784, 1.0)",1,99.35330248279404,29593
"(0.9834440227703986, 0.9958292603453894)",1,99.3532760856655,29594
"(0.8533622685185187, 1.0)",1,99.35316550677592,29595
"(0.9665831244778612, 1.0)",1,99.35316386110952,29596
"(0.4776542240827955, 1.0)",1,99.35316376697044,29597
"(0.93773047895128, 0.9958292603453894)",1,99.35314660463791,29598
"(0.9649790647893116, 0.9958292603453894)",1,99.35314029406508,29599
"(0.8260618349904064, 1.0)",1,99.35311651181624,29600
"(0.9704226680823772, 0.9958292603453894)",1,99.35303349778852,29601
"(0.9833211143695014, 0.9958292603453894)",1,99.35302130356624,29602
"(0.987463247273494, 0.9958292603453894)",1,99.35298498935757,29603
"(0.979055829228243, 0.9958292603453894)",1,99.3529792781594,29604
"(0.930124456440246, 1.0)",1,99.35296560631824,29605
"(0.9623066688389268, 0.9958292603453894)",1,99.35295247401538,29606
"(0.934122934122934, 1.0)",1,99.35294793118274,29607
"(0.6179693015417549, 1.0)",1,99.35294127306236,29608
"(0.81893131227901, 1.0)",1,99.35291510730605,29609
"(0.8976982097186702, 1.0)",1,99.3528779037944,29610
"(0.8976982097186702, 1.0)",1,99.3528487839596,29611
"(0.9618291283060416, 0.9958292603453894)",1,99.35278457192442,29612
"(0.9300671002153482, 1.0)",1,99.3527802969061,29613
"(0.4776542240827955, 1.0)",1,99.3527410229008,29614
"(0.9365496267832196, 0.9958292603453894)",1,99.35273368430974,29615
"(0.7979797979797979, 1.0)",1,99.35267129586116,29616
"(0.8579868984630887, 1.0)",1,99.35266787429826,29617
"(0.9833211143695014, 0.9958292603453894)",1,99.3526640280184,29618
"(0.9832925076188832, 0.9958292603453894)",1,99.35247644543816,29619
"(0.6698155645524068, 1.0)",1,99.35244929083184,29620
"(0.9874762808349148, 0.9958292603453894)",1,99.352408018926,29621
"(0.81893131227901, 1.0)",1,99.35237968637016,29622
"(0.808446455505279, 1.0)",1,99.3523689994432,29623
"(0.6698155645524068, 1.0)",2,99.35235524709208,29625
"(0.987463247273494, 0.9958292603453894)",1,99.35235303460172,29626
"(0.944563492063492, 1.0)",1,99.3523469757398,29627
"(0.6784722222222224, 1.0)",1,99.3523430933073,29628
"(0.9664171122994653, 0.9958292603453894)",1,99.35233239967572,29629
"(0.9581458989353726, 1.0)",1,99.35232486812164,29630
"(0.8325755070546736, 1.0)",1,99.35231539985956,29631
"(0.9755096665580536, 0.9958292603453894)",1,99.35230689276862,29632
"(0.9665831244778612, 1.0)",1,99.3522916282437,29633
"(0.8736897274633123, 1.0)",1,99.35227706045218,29634
"(0.9665831244778612, 1.0)",1,99.3522719427158,29635
"(0.9958292603453894, 0.9958292603453894)",1,99.35226135776269,29636
"(0.8848000715856217, 1.0)",1,99.35223808339438,29637
"(0.9833229101521784, 1.0)",1,99.35222342499732,29638
"(0.9876221896383188, 0.9958292603453894)",1,99.35220506762415,29639
"(0.9131856219190184, 0.9958292603453894)",1,99.35219825056284,29640
"(0.5131569832583307, 1.0)",1,99.35215188721364,29641
"(0.9720813204508856, 1.0)",1,99.35213523634997,29642
"(0.9506533178503804, 1.0)",1,99.35202505100494,29643
"(0.9833229101521784, 1.0)",1,99.35197518021,29644
"(1.0, 0.9958292603453894)",1,99.35197225325496,29645
"(0.9158007932517735, 1.0)",1,99.35195263856632,29646
"(0.8420013166556946, 1.0)",2,99.35195000089256,29648
"(0.7734344933751168, 1.0)",1,99.35194490577769,29649
"(0.8635976129582268, 1.0)",1,99.3519432449659,29650
"(0.7077308656256025, 1.0)",1,99.35194246868954,29651
"(0.9835547122074636, 0.9958292603453894)",1,99.35192975690288,29652
"(0.9873891625615764, 0.9958292603453894)",1,99.35191841217778,29653
"(0.882673371045464, 1.0)",1,99.35185707101998,29654
"(0.970607585468542, 0.9958292603453894)",1,99.3518540530686,29655
"(0.962505246140658, 0.9958292603453894)",1,99.35184223765516,29656
"(0.8476190476190477, 1.0)",1,99.35179633868174,29657
"(0.882673371045464, 1.0)",1,99.3517468828672,29658
"(0.5910680656443368, 1.0)",1,99.3517367247372,29659
"(0.8586166985951469, 1.0)",1,99.35172142408884,29660
"(0.978932178932179, 0.9958292603453894)",1,99.35171343850956,29661
"(0.8796475392220073, 1.0)",1,99.35169225388546,29662
"(0.9874877810361682, 0.9958292603453894)",1,99.35169141007518,29663
"(0.9705906996229576, 0.9958292603453894)",1,99.3516761974737,29664
"(0.9164652836623464, 1.0)",4,99.35166837843992,29668
"(0.9916625936787228, 0.9958292603453894)",1,99.35164930657672,29669
"(1.0, 1.0)",1,99.35164452722748,29670
"(0.9874877810361682, 0.9958292603453894)",1,99.3514954502079,29671
"(0.7121693121693121, 1.0)",1,99.3514920321932,29672
"(0.786508365740383, 1.0)",1,99.35148985281974,29673
"(0.8840048840048841, 1.0)",4,99.35146966854283,29677
"(0.8374727668845315, 1.0)",1,99.35138701175096,29678
"(0.97934925289764, 0.9958292603453894)",1,99.3513806814432,29679
"(1.0, 0.9958292603453894)",1,99.35136586869696,29680
"(0.6698155645524068, 1.0)",1,99.351268628992,29681
"(0.9833040078201368, 0.9958292603453894)",1,99.3511981866599,29682
"(0.9665831244778612, 1.0)",4,99.35110841040868,29686
"(0.9833229101521784, 1.0)",1,99.35107667214024,29687
"(0.9166682405676116, 1.0)",1,99.35106946749325,29688
"(0.9876221896383188, 0.9958292603453894)",1,99.35104120027592,29689
"(0.8796475392220073, 1.0)",1,99.35099256846178,29690
"(0.8177442148030384, 1.0)",1,99.35099010024214,29691
"(0.786508365740383, 1.0)",1,99.35090677157665,29692
"(0.8800398919491478, 0.9958292603453894)",1,99.3508867060739,29693
"(0.7278086237149632, 1.0)",1,99.35081889366252,29694
"(0.7069597069597069, 1.0)",1,99.35081272966724,29695
"(0.7278086237149632, 1.0)",1,99.35080124570094,29696
"(0.9331662489557224, 1.0)",1,99.35072984001744,29697
"(0.8068904981347378, 1.0)",1,99.3507268486614,29698
"(0.861111111111111, 1.0)",3,99.35064289466922,29701
"(0.9303715638302106, 1.0)",1,99.35058107154823,29702
"(0.9833040078201368, 0.9958292603453894)",2,99.35058029987196,29704
"(0.8635976129582268, 1.0)",1,99.35054334994832,29705
"(0.7687400318979267, 1.0)",1,99.3504680214825,29706
"(0.861111111111111, 1.0)",3,99.3504218004218,29709
"(0.9665633291439744, 0.9958292603453894)",1,99.35040661000971,29710
"(0.9665831244778612, 1.0)",1,99.3504007936542,29711
"(0.9750072792119512, 0.9958292603453894)",1,99.3502809409604,29712
"(0.971023600055858, 0.9958292603453894)",1,99.35025184747992,29713
"(0.9497171590194848, 1.0)",1,99.35023164381631,29714
"(0.8928598364786969, 0.9958292603453894)",1,99.3501577082104,29715
"(0.8633762288330498, 1.0)",1,99.35013010396946,29716
"(0.9916625936787228, 0.9958292603453894)",1,99.35012454501256,29717
"(0.8040695048423352, 1.0)",1,99.35012274490296,29718
"(0.7090909090909091, 1.0)",1,99.35009644670636,29719
"(0.8468951683237397, 1.0)",1,99.3500603920826,29720
"(0.979273283115788, 0.9958292603453894)",1,99.35001567851508,29721
"(0.9161952650324744, 1.0)",1,99.35001180628996,29722
"(0.861111111111111, 1.0)",1,99.34994943048883,29723
"(0.930124456440246, 1.0)",1,99.3499212445658,29724
"(0.8533622685185187, 1.0)",1,99.3498965781298,29725
"(0.9835199925522506, 0.9958292603453894)",1,99.34988700252931,29726
"(0.97495917428555, 0.9958292603453894)",1,99.34988266119043,29727
"(0.6815232656375146, 1.0)",1,99.34986510252588,29728
"(1.0, 0.9833229101521784)",1,99.34977181452992,29729
"(0.9665831244778612, 1.0)",1,99.34974209240517,29730
"(0.9008627640703112, 1.0)",1,99.34972070568874,29731
"(0.8796475392220073, 1.0)",1,99.34964786844144,29732
"(0.9791258409522168, 0.9958292603453894)",1,99.34962506105556,29733
"(0.94993894993895, 1.0)",1,99.34961243024756,29734
"(0.8976982097186702, 1.0)",1,99.34958988998956,29735
"(0.9167853751187084, 1.0)",1,99.3494731563568,29736
"(0.9746535316523212, 0.9958292603453894)",1,99.34939864917106,29737
"(0.9169719169719168, 1.0)",1,99.34936033097576,29738
"(0.9169719169719168, 1.0)",1,99.34935130965388,29739
"(0.7511111111111111, 1.0)",1,99.34928327160227,29740
"(0.8976982097186702, 1.0)",1,99.3492727902272,29741
"(0.9750481776288228, 0.9958292603453894)",1,99.34923812083964,29742
"(0.9331662489557224, 1.0)",1,99.34919537300348,29743
"(0.80285509389987, 1.0)",1,99.3491499970528,29744
"(0.7030539311241066, 1.0)",1,99.34910234121108,29745
"(1.0, 1.0)",2,99.34907092622112,29747
"(0.7164894725870335, 1.0)",1,99.34903756860948,29748
"(0.799275702501509, 1.0)",1,99.3490356558558,29749
"(0.9833040078201368, 0.9958292603453894)",1,99.34897994051634,29750
"(0.9746854694957162, 0.9958292603453894)",2,99.34897620301334,29752
"(0.8676532769556025, 1.0)",1,99.34895702255696,29753
"(0.917849761232425, 1.0)",1,99.34887198599498,29754
"(0.9169719169719168, 1.0)",1,99.3488584921788,29755
"(0.9833229101521784, 1.0)",3,99.34882581128936,29758
"(0.6733821733821733, 1.0)",1,99.34874028648098,29759
"(0.97934925289764, 0.9958292603453894)",1,99.34872085124304,29760
"(0.8796475392220073, 1.0)",1,99.34871706293072,29761
"(0.8887202421952387, 1.0)",2,99.34871619062544,29763
"(0.9833229101521784, 1.0)",1,99.34869572754116,29764
"(0.9161952650324744, 1.0)",2,99.34869254508624,29766
"(0.6238244514106583, 1.0)",1,99.34869217627838,29767
"(0.5131569832583307, 1.0)",1,99.34864230202488,29768
"(0.6831352928913905, 1.0)",3,99.3486303209562,29771
"(0.9833229101521784, 1.0)",1,99.34853463080977,29772
"(0.987463247273494, 0.9958292603453894)",2,99.348478298167,29774
"(0.9704226680823772, 1.0)",1,99.34838579902086,29775
"(0.9833229101521784, 1.0)",1,99.34834914317156,29776
"(0.8976982097186702, 1.0)",1,99.3483432437436,29777
"(0.943710724759112, 0.9958292603453894)",1,99.3483308782486,29778
"(0.7711781618000022, 1.0)",1,99.34832044438916,29779
"(0.9792521035784794, 0.9958292603453894)",1,99.34829947215135,29780
"(0.8222222222222222, 1.0)",1,99.34824462303654,29781
"(0.6831352928913905, 1.0)",2,99.3482141616288,29783
"(0.9161952650324744, 1.0)",1,99.34816553916772,29784
"(0.9003556829643787, 1.0)",1,99.34815586515867,29785
"(0.757745166550198, 1.0)",1,99.34815274243871,29786
"(0.9192093318943212, 1.0)",1,99.34814838065864,29787
"(0.9832184229069656, 1.0)",1,99.3480548109196,29788
"(0.9435817855979146, 0.9958292603453894)",1,99.34804618931558,29789
"(0.7656073923822403, 1.0)",1,99.3480426863708,29790
"(0.9664171122994653, 0.9958292603453894)",1,99.34801533284588,29791
"(0.8796475392220073, 1.0)",1,99.34797207918776,29792
"(0.7416325017951034, 1.0)",1,99.34795052847144,29793
"(0.8222222222222222, 1.0)",1,99.34790683571173,29794
"(0.9832965806068272, 0.9958292603453894)",1,99.3478984843771,29795
"(0.944563492063492, 1.0)",1,99.34789648094228,29796
"(0.8425483191745751, 1.0)",1,99.34789040058352,29797
"(0.917415489944373, 1.0)",1,99.34786767683644,29798
"(0.8762860082304527, 1.0)",1,99.34783916635084,29799
"(0.8449978636391381, 1.0)",1,99.34783532794263,29800
"(0.8294970161977834, 1.0)",1,99.34779460798696,29801
"(0.9833229101521784, 1.0)",1,99.34775040370992,29802
"(0.7786375661375661, 1.0)",1,99.34768009990594,29803
"(0.8468951683237397, 1.0)",1,99.347679440024,29804
"(0.7503607503607503, 1.0)",1,99.3476749703097,29805
"(0.757745166550198, 1.0)",1,99.34756478576044,29806
"(0.8635976129582268, 1.0)",1,99.34754984268558,29807
"(0.8976982097186702, 1.0)",1,99.34753175918792,29808
"(0.8420013166556946, 1.0)",1,99.3475256026678,29809
"(0.9442283950617284, 1.0)",2,99.3474835518051,29811
"(0.9326599326599326, 1.0)",1,99.3474560187246,29812
"(0.8222222222222222, 1.0)",1,99.3474549997087,29813
"(0.9833229101521784, 1.0)",1,99.34744433081596,29814
"(0.9516794286955578, 0.9958292603453894)",1,99.34742784293866,29815
"(0.9664171122994653, 0.9958292603453894)",1,99.34742527907184,29816
"(0.8222222222222222, 1.0)",1,99.34736797376232,29817
"(0.8832603710652491, 1.0)",1,99.34735555179526,29818
"(0.7802197802197803, 1.0)",2,99.34730355295142,29820
"(0.9665831244778612, 1.0)",1,99.34726183274276,29821
"(0.8137865219658889, 1.0)",1,99.34724555382309,29822
"(0.9326599326599326, 1.0)",1,99.34723939595494,29823
"(0.8329156223893065, 1.0)",1,99.34722847003547,29824
"(0.9707136080238548, 0.9958292603453894)",1,99.34720295892996,29825
"(0.8796475392220073, 1.0)",1,99.34720247114332,29826
"(0.7916666666666666, 1.0)",1,99.34716409620502,29827
"(0.8329050741331443, 1.0)",1,99.34713059052498,29828
"(0.987491854024112, 0.9958292603453894)",1,99.3471285894499,29829
"(0.9669795885118464, 0.9958292603453894)",1,99.34704345258274,29830
"(0.8976982097186702, 0.9833229101521784)",1,99.34703997747708,29831
"(0.9832401090007582, 0.9958292603453894)",1,99.34703063694826,29832
"(0.9873891625615764, 0.9958292603453894)",1,99.346995155403,29833
"(0.9008025849489264, 1.0)",1,99.3469806157886,29834
"(0.9833229101521784, 1.0)",1,99.34692678595115,29835
"(0.8223603132717912, 0.9958292603453894)",1,99.34692043057376,29836
"(0.970619176311776, 0.9958292603453894)",1,99.34691428460442,29837
"(0.9664171122994653, 0.9958292603453894)",1,99.34689335062792,29838
"(0.9833229101521784, 1.0)",1,99.3468242947533,29839
"(0.9750943974852894, 0.9958292603453894)",2,99.34678383060576,29841
"(0.9299507899507898, 1.0)",2,99.34677559114998,29843
"(0.8040695048423352, 1.0)",1,99.34673403610944,29844
"(0.9331662489557224, 1.0)",1,99.3466789031188,29845
"(0.6886904761904762, 1.0)",2,99.34667821255157,29847
"(0.6544644252235129, 1.0)",1,99.34666902652586,29848
"(0.9326599326599326, 1.0)",1,99.34662779335436,29849
"(0.6042502004811546, 1.0)",2,99.34656937456216,29851
"(0.6575398846941737, 1.0)",1,99.34654420442672,29852
"(0.8762860082304527, 1.0)",1,99.34646686844326,29853
"(0.9958292603453894, 0.9958292603453894)",1,99.34646121418346,29854
"(0.9206165335472736, 0.9958292603453894)",1,99.34644790888689,29855
"(0.8165520116739629, 1.0)",1,99.34644197777256,29856
"(0.7340930674264007, 1.0)",4,99.346418448147,29860
"(0.9833229101521784, 1.0)",1,99.3464007532985,29861
"(0.7042648709315374, 1.0)",1,99.34639677515015,29862
"(0.8796475392220073, 1.0)",1,99.34637087586054,29863
"(0.7632275132275131, 1.0)",1,99.34633895770766,29864
"(0.9501563219469168, 0.9958292603453894)",1,99.34631025382129,29865
"(0.8997493734335841, 1.0)",1,99.34629988668388,29866
"(0.8374727668845315, 1.0)",1,99.34614517690036,29867
"(0.7979797979797979, 1.0)",1,99.3461340544487,29868
"(0.9834358767945106, 0.9958292603453894)",1,99.34597494072196,29869
"(0.9158007932517735, 1.0)",4,99.34590806236056,29873
"(0.8796475392220073, 1.0)",1,99.3458662442084,29874
"(0.8156295830714435, 1.0)",1,99.34583620578633,29875
"(0.9792766373411534, 0.9958292603453894)",1,99.34579737832208,29876
"(0.978932178932179, 0.9958292603453894)",1,99.34577089688167,29877
"(0.8222222222222222, 1.0)",1,99.3457450318839,29878
"(0.7030539311241066, 1.0)",1,99.34571232586524,29879
"(0.9873444118605408, 0.9958292603453894)",1,99.3456646633212,29880
"(0.9583930063253372, 1.0)",1,99.34562544002917,29881
"(0.6521663785997688, 1.0)",1,99.34561635605776,29882
"(0.7656073923822403, 1.0)",1,99.34557478115464,29883
"(0.9876066164491212, 0.9958292603453894)",1,99.345435969688,29884
"(0.8449978636391381, 1.0)",1,99.3453912434667,29885
"(0.9833229101521784, 1.0)",2,99.34537432035565,29887
"(0.9365496267832196, 0.9958292603453894)",1,99.345326224314,29888
"(0.7870865517924341, 1.0)",1,99.34532208563772,29889
"(0.9750854369118126, 0.9958292603453894)",1,99.34524323597242,29890
"(0.7204751921733054, 1.0)",1,99.34524141354945,29891
"(0.987491854024112, 0.9958292603453894)",2,99.34524051221716,29893
"(0.903667392883079, 1.0)",1,99.34515123018284,29894
"(0.8016677935542034, 1.0)",2,99.34511699141515,29896
"(0.8736897274633123, 1.0)",1,99.34508366952484,29897
"(0.7532376017916352, 1.0)",1,99.3450710621659,29898
"(0.8016677935542034, 1.0)",1,99.3450333533132,29899
"(0.9791299139401608, 0.9958292603453894)",1,99.34498273534334,29900
"(0.6784722222222224, 1.0)",1,99.34497245422516,29901
"(0.7121693121693121, 1.0)",1,99.34489716055826,29902
"(0.8497658497658497, 1.0)",1,99.3448927605648,29903
"(0.7090909090909091, 1.0)",1,99.34485411994125,29904
"(0.9501563219469168, 0.9958292603453894)",1,99.34481439041916,29905
"(0.8976982097186702, 1.0)",1,99.34475528543427,29906
"(0.8963124945246743, 1.0)",1,99.34475097157318,29907
"(0.735643158757169, 1.0)",1,99.34467422009588,29908
"(0.9669795885118464, 0.9958292603453894)",1,99.3446669109329,29909
"(0.9295946890286512, 1.0)",1,99.34455060727836,29910
"(0.9665831244778612, 1.0)",1,99.34452309171068,29911
"(0.7479743867590829, 1.0)",1,99.34449299717494,29912
"(0.8907966222338917, 0.9958292603453894)",1,99.34446467987722,29913
"(0.9490213526488036, 0.9958292603453894)",1,99.34439041327396,29914
"(0.9161952650324744, 1.0)",1,99.34437776178578,29915
"(1.0, 1.0)",1,99.34436090225564,29916
"(0.8579868984630887, 1.0)",1,99.34426708101266,29917
"(0.8814814814814814, 1.0)",1,99.34422262087026,29918
"(0.9873444118605408, 0.9958292603453894)",1,99.34415303647404,29919
"(0.6825396825396824, 1.0)",1,99.34414410395522,29920
"(0.9751539794803552, 0.9958292603453894)",1,99.34405296907504,29921
"(0.9583406125452844, 0.9958292603453894)",1,99.34401306181736,29922
"(0.9833229101521784, 1.0)",2,99.34378624933144,29924
"(0.9166682405676116, 1.0)",1,99.3437860903073,29925
"(0.8420013166556947, 1.0)",1,99.3437847818538,29926
"(0.8976982097186702, 1.0)",2,99.3437766410912,29928
"(0.987463247273494, 0.9958292603453894)",2,99.34368641302854,29930
"(0.7673678366541239, 1.0)",1,99.3435956560986,29931
"(0.979055829228243, 0.9958292603453894)",1,99.34358318313352,29932
"(0.97934925289764, 0.9958292603453894)",1,99.343541761105,29933
"(0.8065954953750508, 1.0)",1,99.34352339455694,29934
"(0.8247905643738976, 1.0)",2,99.34351030160632,29936
"(0.944563492063492, 1.0)",1,99.34350852162504,29937
"(0.9714797495442656, 0.9958292603453894)",1,99.34340950941758,29938
"(0.859499940327008, 1.0)",1,99.34330891055104,29939
"(0.7164894725870335, 1.0)",2,99.3431991257627,29941
"(0.6238244514106583, 1.0)",1,99.34315597805926,29942
"(0.8796475392220073, 1.0)",2,99.34301496151112,29944
"(0.837707400507675, 1.0)",1,99.34298011508272,29945
"(0.987491854024112, 0.9958292603453894)",1,99.34295784979528,29946
"(0.987463247273494, 0.9958292603453894)",1,99.34293573436788,29947
"(0.7601164382773579, 1.0)",2,99.34291740567396,29949
"(0.916104916104916, 1.0)",1,99.34291413209016,29950
"(0.8312205288949474, 1.0)",1,99.34291097994203,29951
"(0.8717520170461346, 0.9958292603453894)",1,99.34290068381992,29952
"(0.9747838672665278, 0.9958292603453894)",1,99.34288435618784,29953
"(0.947552083649559, 0.9958292603453894)",1,99.34274834030973,29954
"(0.975195619792394, 0.9958292603453894)",1,99.3427262570656,29955
"(0.8848000715856217, 1.0)",2,99.3427202769982,29957
"(0.7362637362637362, 1.0)",1,99.34269210471255,29958
"(0.9504245882013664, 0.9958292603453894)",1,99.34266266035117,29959
"(0.9699183291713004, 0.9958292603453894)",1,99.3426295531998,29960
"(0.8796475392220073, 1.0)",1,99.34262841177735,29961
"(0.6636745887678723, 1.0)",1,99.34262251562068,29962
"(0.8137865219658889, 1.0)",1,99.3426009823593,29963
"(0.947552083649559, 0.9958292603453894)",1,99.34257946045228,29964
"(0.8633762288330498, 1.0)",1,99.342498291737,29965
"(0.979166518665308, 1.0)",1,99.34246865093228,29966
"(0.9871616776282092, 0.9958292603453894)",1,99.34245047338972,29967
"(0.8796475392220073, 1.0)",1,99.34242089322343,29968
"(0.943710724759112, 0.9958292603453894)",1,99.34237428981892,29969
"(0.9161952650324744, 1.0)",1,99.34235934510716,29970
"(0.80285509389987, 1.0)",1,99.34235173503876,29971
"(0.8040695048423352, 1.0)",1,99.34234672820662,29972
"(0.987463247273494, 0.9958292603453894)",1,99.3422873529276,29973
"(0.8579868984630887, 1.0)",1,99.34227143926826,29974
"(0.8651903651903651, 1.0)",1,99.34226778942228,29975
"(0.9750780096985032, 0.9958292603453894)",1,99.34221275856,29976
"(0.9546499948224086, 0.9958292603453894)",1,99.34220870645066,29977
"(0.9666562434855118, 1.0)",1,99.342202327847,29978
"(0.9721762578905436, 1.0)",1,99.3421204146761,29979
"(0.8796475392220073, 1.0)",2,99.34210737873086,29981
"(0.8814814814814814, 1.0)",1,99.3420908648078,29982
"(0.7647742788871822, 1.0)",1,99.34208760411144,29983
"(0.9331094582012576, 1.0)",1,99.34202899546445,29984
"(0.6215073982652175, 1.0)",1,99.34199117269648,29985
"(0.7944219523166891, 1.0)",1,99.34198346576063,29986
"(0.9279680209218476, 0.9958292603453894)",1,99.34196620084914,29987
"(0.9750854369118126, 0.9958292603453894)",1,99.34194389301769,29988
"(0.8976982097186702, 1.0)",1,99.34192682914856,29989
"(0.7164894725870335, 1.0)",1,99.34169759779516,29990
"(0.9916585206907788, 0.9958292603453894)",1,99.34168633102084,29991
"(0.9832965806068272, 0.9958292603453894)",1,99.34168553173028,29992
"(0.9707136080238548, 0.9958292603453894)",1,99.3416351294427,29993
"(0.8885436799091353, 0.9958292603453894)",1,99.3416263715996,29994
"(0.8420013166556946, 1.0)",1,99.34162451030522,29995
"(0.9916585206907788, 0.9958292603453894)",1,99.3416195933605,29996
"(0.9581458989353726, 1.0)",1,99.3416039692716,29997
"(0.8222222222222222, 1.0)",1,99.34160380272436,29998
"(0.9792521035784794, 0.9958292603453894)",1,99.34159574046669,29999
"(0.9873444118605408, 0.9958292603453894)",1,99.34157275851508,30000
"(1.0, 1.0)",1,99.34153662626063,30001
"(0.9665831244778612, 1.0)",1,99.34153662626063,30002
"(0.9153439153439152, 1.0)",1,99.34149128031304,30003
"(0.8997493734335841, 1.0)",1,99.3414167435672,30004
"(0.8651903651903651, 1.0)",1,99.34141221751683,30005
"(0.979051756240299, 0.9958292603453894)",1,99.34136246732984,30006
"(0.8796475392220073, 1.0)",3,99.34134822177828,30009
"(0.9833229101521784, 1.0)",1,99.34134439556696,30010
"(0.9916666666666668, 0.9958292603453894)",1,99.34131330445288,30011
"(0.987463247273494, 0.9958292603453894)",1,99.34129023468964,30012
"(0.9153439153439152, 1.0)",1,99.34120659205652,30013
"(0.9669795885118464, 0.9958292603453894)",1,99.34115282617007,30014
"(0.9873891625615764, 0.9958292603453894)",1,99.34113667573298,30015
"(0.9003556829643787, 1.0)",1,99.34112842893607,30016
"(0.9369808292429718, 0.9958292603453894)",1,99.341094825204,30017
"(0.859499940327008, 1.0)",1,99.34105702337304,30018
"(0.5910680656443368, 1.0)",1,99.3410269635312,30019
"(0.9333333333333332, 1.0)",1,99.34096598974648,30020
"(0.9833040078201368, 0.9958292603453894)",1,99.34096530003076,30021
"(0.9748850895736324, 0.9958292603453894)",1,99.34096155233745,30022
"(0.8222222222222222, 1.0)",1,99.3409601607997,30023
"(0.7687400318979267, 1.0)",1,99.3408052902542,30024
"(0.9832184229069656, 0.9958292603453894)",2,99.34078392482375,30026
"(1.0, 1.0)",4,99.34065934065934,30030
"(0.9833229101521784, 1.0)",1,99.34064904027332,30031
"(0.901575014782562, 1.0)",1,99.34064737598489,30032
"(0.9295946890286512, 1.0)",2,99.34061299580914,30034
"(0.6825396825396824, 1.0)",1,99.34059206050723,30035
"(0.9833229101521784, 1.0)",1,99.34054625926194,30036
"(0.8016677935542034, 1.0)",1,99.34054625926194,30037
"(0.8372053872053872, 1.0)",1,99.3405060356074,30038
"(0.7075023741690408, 1.0)",1,99.34049692587928,30039
"(0.987463247273494, 0.9958292603453894)",1,99.3404787667344,30040
"(0.859499940327008, 1.0)",1,99.3404322270693,30041
"(0.9833211143695014, 0.9958292603453894)",1,99.34040122252024,30042
"(0.7416325017951034, 1.0)",1,99.34034789087625,30043
"(0.9791299139401608, 0.9958292603453894)",1,99.3402990850605,30044
"(0.7198480531813864, 1.0)",1,99.34016373455518,30045
"(0.9008627640703112, 1.0)",1,99.34012317699064,30046
"(0.9333333333333332, 1.0)",1,99.3400681976708,30047
"(0.7155555555555556, 1.0)",1,99.33999037999038,30048
"(0.9665831244778612, 1.0)",1,99.33996186474812,30049
"(0.987463247273494, 0.9958292603453894)",1,99.33995965105086,30050
"(0.9916585206907788, 0.9958292603453894)",1,99.33988096003104,30051
"(0.893146638589877, 1.0)",1,99.33986701486872,30052
"(0.902012682657844, 0.9958292603453894)",1,99.339851004355,30053
"(0.9166682405676116, 1.0)",2,99.33985043640018,30055
"(0.6825396825396824, 1.0)",1,99.33975967962589,30056
"(0.9958292603453894, 0.9958292603453894)",1,99.3397552622599,30057
"(0.7075023741690408, 1.0)",1,99.33973552883567,30058
"(0.7183489076634237, 1.0)",2,99.3396604071184,30060
"(0.9454999712494968, 0.9958292603453894)",1,99.33964033180376,30061
"(0.9916585206907788, 0.9958292603453894)",1,99.33963503525482,30062
"(0.9873891625615764, 0.9958292603453894)",2,99.3396323689005,30064
"(0.97899550533801, 0.9958292603453894)",1,99.33962439266534,30065
"(0.8552744708994707, 1.0)",1,99.33958970362517,30066
"(0.868077055383557, 1.0)",1,99.33955156837077,30067
"(0.8420013166556946, 1.0)",2,99.33949037408512,30069
"(0.5555555555555555, 1.0)",1,99.33948613364812,30070
"(0.7278086237149632, 1.0)",1,99.3393657044867,30071
"(0.9832965806068272, 0.9958292603453894)",1,99.3393587298532,30072
"(0.958227107069612, 0.9958292603453894)",1,99.33925291326732,30073
"(0.9295946890286512, 1.0)",2,99.33924372636666,30075
"(0.9835547122074636, 0.9958292603453894)",1,99.33914282141822,30076
"(0.5555555555555555, 1.0)",1,99.33914053426248,30077
"(1.0, 1.0)",4,99.33914053426248,30081
"(0.9916585206907788, 0.9958292603453894)",2,99.33913784597888,30083
"(0.6760835913312693, 1.0)",2,99.33895682255827,30085
"(0.9665831244778612, 1.0)",1,99.33890152260544,30086
"(0.9581458989353726, 1.0)",1,99.33887126833996,30087
"(0.837707400507675, 1.0)",1,99.3388680835617,30088
"(1.0, 1.0)",1,99.33886450102884,30089
"(0.8635976129582268, 1.0)",1,99.33884608266888,30090
"(0.9834440227703986, 0.9958292603453894)",1,99.33883345689958,30091
"(0.9833211143695014, 0.9958292603453894)",1,99.3387891848349,30092
"(0.9581458989353726, 1.0)",1,99.3387883646412,30093
"(0.8635976129582268, 1.0)",1,99.3387771043297,30094
"(0.9833229101521784, 1.0)",1,99.3387742338962,30095
"(0.8976982097186702, 1.0)",1,99.3387386484623,30096
"(0.8717520170461346, 0.9958292603453894)",1,99.33872994416532,30097
"(0.8533622685185187, 1.0)",2,99.3386681637971,30099
"(0.9832401090007582, 0.9958292603453894)",1,99.33861507292713,30100
"(0.9166145507608924, 1.0)",1,99.33859716985071,30101
"(0.7294281157362763, 1.0)",1,99.3385920768964,30102
"(0.9499687304565352, 1.0)",1,99.338583256189,30103
"(0.7545469576719577, 1.0)",1,99.33858317355995,30104
"(0.7532376017916352, 1.0)",1,99.3385564450283,30105
"(0.8600291387756281, 0.9958292603453894)",1,99.33848926182772,30106
"(0.893146638589877, 1.0)",1,99.33848415450618,30107
"(0.5070372093557577, 1.0)",2,99.3384427225282,30109
"(1.0, 1.0)",1,99.33839723996296,30110
"(0.944563492063492, 1.0)",1,99.33839169583996,30111
"(0.9833229101521784, 1.0)",1,99.33837336374776,30112
"(0.757745166550198, 1.0)",1,99.33834973828831,30113
"(0.9506533178503804, 1.0)",1,99.3383350954417,30114
"(0.94993894993895, 1.0)",1,99.33833445734687,30115
"(0.9834358767945106, 0.9958292603453894)",1,99.33827982018072,30116
"(0.8848000715856217, 1.0)",1,99.3382262686101,30117
"(0.9916585206907788, 0.9958292603453894)",1,99.33820056062254,30118
"(0.9916585206907788, 0.9958292603453894)",1,99.33816957822675,30119
"(0.6698155645524068, 1.0)",1,99.33811557479784,30120
"(0.974731376747506, 0.9958292603453894)",1,99.33796273813216,30121
"(0.987463247273494, 0.9958292603453894)",1,99.3379427984502,30122
"(1.0, 1.0)",2,99.33783986859612,30124
"(0.8468951683237397, 1.0)",1,99.33780821853706,30125
"(0.9546499948224086, 0.9958292603453894)",1,99.33780727563868,30126
"(0.9873891625615764, 0.9958292603453894)",1,99.33776180476984,30127
"(0.9833229101521784, 1.0)",1,99.33775453287647,30128
"(0.7503607503607503, 1.0)",1,99.3377349830439,30129
"(0.987463247273494, 0.9958292603453894)",1,99.33772197127008,30130
"(0.6179693015417549, 1.0)",1,99.33770256270004,30131
"(0.746304385688563, 1.0)",1,99.33768400323328,30132
"(0.6042502004811546, 1.0)",1,99.3376627923704,30133
"(0.7903875985986362, 1.0)",1,99.33755498447412,30134
"(0.9792766373411534, 0.9958292603453894)",1,99.33755020066312,30135
"(0.9299160159815896, 1.0)",1,99.33752143136246,30136
"(0.9833229101521784, 1.0)",1,99.3374988092647,30137
"(0.6825396825396824, 1.0)",1,99.33744964726247,30138
"(0.8840455840455841, 1.0)",1,99.33742798665864,30139
"(0.6825396825396824, 1.0)",1,99.33729660250842,30140
"(0.8635976129582268, 1.0)",1,99.33722456393068,30141
"(0.8848000715856217, 1.0)",1,99.33721299642733,30142
"(0.979055829228243, 0.9958292603453894)",1,99.33715687120278,30143
"(0.8503982994305574, 0.9958292603453894)",1,99.3371464281378,30144
"(0.9669558693467613, 0.9958292603453894)",1,99.33698696225356,30145
"(0.8613656783468103, 1.0)",1,99.33698152105968,30146
"(0.816195709052852, 1.0)",1,99.33696034911878,30147
"(0.8341307814992026, 1.0)",1,99.3368699111273,30148
"(0.917415489944373, 1.0)",1,99.33679773692442,30149
"(0.97899550533801, 0.9958292603453894)",1,99.33679649540038,30150
"(0.80285509389987, 1.0)",1,99.33671465193392,30151
"(0.97899550533801, 0.9958292603453894)",1,99.33653989113682,30152
"(0.9747273037595618, 0.9958292603453894)",1,99.33652073572652,30153
"(0.8976982097186702, 1.0)",1,99.3365118437078,30154
"(0.8065067548938516, 1.0)",1,99.3365074915698,30155
"(0.9833229101521784, 1.0)",1,99.3364692392506,30156
"(0.979055829228243, 0.9958292603453894)",1,99.33643144690568,30157
"(0.6747507742934573, 1.0)",1,99.33641950473564,30158
"(0.8452611218568665, 1.0)",1,99.33641010504692,30159
"(0.930704099821747, 1.0)",2,99.33634810933508,30161
"(0.7155555555555556, 1.0)",1,99.33634666376084,30162
"(0.757745166550198, 1.0)",1,99.33627225523988,30163
"(0.8372053872053872, 1.0)",1,99.33626494537472,30164
"(0.9750780096985032, 0.9958292603453894)",1,99.33624554943492,30165
"(0.7204751921733054, 1.0)",1,99.3362104300047,30166
"(0.8468951683237397, 1.0)",1,99.3361876945048,30167
"(0.7204751921733054, 1.0)",1,99.33618112366872,30168
"(0.9153439153439152, 1.0)",1,99.33611699569148,30169
"(0.9791102677630192, 0.9958292603453894)",1,99.33609688680411,30170
"(0.9835199925522506, 0.9958292603453894)",1,99.33607500160784,30171
"(0.8312205288949474, 1.0)",2,99.33604261580297,30173
"(0.9916585206907788, 0.9958292603453894)",1,99.3360345271322,30174
"(0.8476190476190477, 1.0)",1,99.33602250796456,30175
"(0.9516794286955578, 0.9958292603453894)",1,99.33601306716233,30176
"(0.9916585206907788, 0.9958292603453894)",1,99.33601003246386,30177
"(0.9916339869281046, 0.9958292603453894)",1,99.33600575951009,30178
"(0.7155555555555556, 1.0)",1,99.33597801064138,30179
"(0.9497171590194848, 1.0)",1,99.33596278969443,30180
"(0.7498436522826767, 1.0)",1,99.33593920896216,30181
"(0.987463247273494, 0.9958292603453894)",1,99.33591006389406,30182
"(0.7961989230281913, 1.0)",1,99.335837122829,30183
"(0.8814814814814814, 1.0)",1,99.3358282701306,30184
"(0.9333333333333332, 1.0)",1,99.33580516909824,30185
"(1.0, 1.0)",1,99.33577533577534,30186
"(0.7574146783449108, 1.0)",1,99.33571346052668,30187
"(0.6698155645524068, 1.0)",1,99.33570950515752,30188
"(0.9791332681655264, 0.9958292603453894)",1,99.33570872277544,30189
"(0.902012682657844, 0.9958292603453894)",1,99.3356802647004,30190
"(0.9665831244778612, 1.0)",1,99.33559369203356,30191
"(0.7030539311241066, 1.0)",1,99.3355884264037,30192
"(0.9750481776288228, 0.9958292603453894)",1,99.33558168123662,30193
"(0.9835199925522506, 0.9958292603453894)",1,99.33555091427172,30194
"(0.987463247273494, 0.9958292603453894)",1,99.3355258476406,30195
"(0.9299507899507898, 1.0)",1,99.33552388964864,30196
"(0.8633762288330498, 1.0)",1,99.33549752781671,30197
"(0.8222222222222222, 1.0)",1,99.33549602110324,30198
"(0.6698155645524068, 1.0)",1,99.33545397216773,30199
"(0.746304385688563, 1.0)",1,99.33539124332547,30200
"(0.6825396825396824, 1.0)",1,99.33536926932598,30201
"(0.8449978636391381, 1.0)",1,99.33535313180668,30202
"(0.9873891625615764, 0.9958292603453894)",1,99.335259284535,30203
"(0.7961989230281913, 1.0)",2,99.33522802407776,30205
"(0.7944219523166891, 1.0)",1,99.33522539396192,30206
"(0.617513611615245, 1.0)",2,99.33516424798157,30208
"(0.8552744708994707, 1.0)",1,99.33516371757295,30209
"(0.9835547122074636, 0.9958292603453894)",1,99.33511545093924,30210
"(0.9791258409522168, 0.9958292603453894)",1,99.33510960633151,30211
"(0.9649790647893116, 0.9958292603453894)",1,99.33509874303424,30212
"(0.8266173510466989, 1.0)",1,99.33509385033456,30213
"(0.7574146783449108, 1.0)",1,99.3350476687564,30214
"(0.9192093318943212, 1.0)",1,99.33504712268586,30215
"(0.7222222222222221, 0.9833229101521784)",1,99.33503632387912,30216
"(0.9832401090007582, 0.9958292603453894)",1,99.33499753142225,30217
"(0.617513611615245, 1.0)",1,99.33492958919382,30218
"(0.9669558693467613, 0.9958292603453894)",1,99.33491584564278,30219
"(0.746304385688563, 1.0)",2,99.33490209750056,30221
"(0.9916585206907788, 0.9958292603453894)",1,99.33489841488884,30222
"(0.9788980434141724, 0.9958292603453894)",1,99.33489086013132,30223
"(0.8796475392220073, 1.0)",1,99.33488898425358,30224
"(0.9669558693467613, 0.9958292603453894)",1,99.33484176093089,30225
"(0.9746854694957162, 0.9958292603453894)",1,99.3348330282507,30226
"(0.868077055383557, 1.0)",1,99.3348326869091,30227
"(0.9832965806068272, 0.9958292603453894)",1,99.33481057346611,30228
"(0.8222222222222222, 1.0)",1,99.33476413046375,30229
"(0.9714797495442656, 0.9958292603453894)",1,99.33475675799444,30230
"(0.6042502004811546, 1.0)",1,99.33469880826874,30231
"(0.9706172005998612, 0.9958292603453894)",1,99.33466411786468,30232
"(0.947552083649559, 0.9958292603453894)",1,99.33465918741136,30233
"(0.786508365740383, 1.0)",1,99.33462296471689,30234
"(0.6747507742934573, 1.0)",1,99.33461501274816,30235
"(0.9331662489557224, 1.0)",1,99.3345493519023,30236
"(0.9874877810361682, 0.9958292603453894)",1,99.3345444696662,30237
"(0.7416325017951034, 1.0)",1,99.33449941622813,30238
"(0.9833229101521784, 1.0)",1,99.33445160601772,30239
"(0.987463247273494, 0.9958292603453894)",1,99.33434264425114,30240
"(0.987463247273494, 0.9958292603453894)",1,99.33433205047008,30241
"(0.786508365740383, 1.0)",1,99.33427002245448,30242
"(0.9131856219190184, 0.9958292603453894)",2,99.33426925762448,30244
"(0.9669795885118464, 0.9958292603453894)",1,99.33424449526764,30245
"(0.978932178932179, 0.9958292603453894)",2,99.33424021382122,30247
"(0.6831352928913905, 1.0)",1,99.33420598660686,30248
"(0.838225667527993, 1.0)",1,99.33419551980712,30249
"(0.4776542240827955, 1.0)",2,99.33418694748582,30251
"(0.9501563219469168, 0.9958292603453894)",1,99.3341481694372,30252
"(0.917469251615593, 1.0)",1,99.33413256136386,30253
"(0.6378166586499919, 1.0)",1,99.33411821473472,30254
"(0.6825396825396824, 1.0)",1,99.3341136674635,30255
"(0.8247905643738976, 1.0)",1,99.334109554321,30256
"(0.9833211143695014, 0.9958292603453894)",1,99.3341015630482,30257
"(0.808446455505279, 1.0)",1,99.33408937627016,30258
"(0.73687720936437, 1.0)",1,99.33408907064026,30259
"(0.882673371045464, 1.0)",1,99.33407618544244,30260
"(0.861111111111111, 1.0)",1,99.33405551088478,30261
"(0.808446455505279, 1.0)",2,99.33404752680596,30263
"(0.816195709052852, 1.0)",1,99.33396774097552,30264
"(0.9333333333333332, 0.9833229101521784)",1,99.33396713710778,30265
"(0.8840048840048841, 0.9833229101521784)",1,99.33395558941136,30266
"(0.6825396825396824, 1.0)",1,99.333925579984,30267
"(0.987463247273494, 0.9958292603453894)",1,99.33386590279096,30268
"(0.8796475392220073, 1.0)",1,99.3338565406686,30269
"(0.9333333333333332, 0.9833229101521784)",1,99.33381409447162,30270
"(0.7530427440018636, 1.0)",1,99.33380250557232,30271
"(0.861111111111111, 1.0)",1,99.33374471057398,30272
"(1.0, 1.0)",1,99.33374211622312,30273
"(0.8880984643179766, 1.0)",1,99.33373182462894,30274
"(0.7164894725870335, 1.0)",1,99.33372105068064,30275
"(0.987463247273494, 0.9958292603453894)",2,99.33370559485834,30277
"(0.9916585206907788, 0.9958292603453894)",1,99.33366278366309,30278
"(0.9791332681655264, 0.9958292603453894)",1,99.33363996917284,30279
"(0.9166682405676116, 1.0)",1,99.33354235413306,30280
"(0.9916585206907788, 0.9958292603453894)",1,99.3335422966166,30281
"(0.949977467563772, 0.9958292603453894)",1,99.33353675150266,30282
"(0.7532376017916352, 1.0)",1,99.33353124913955,30283
"(0.9916585206907788, 0.9958292603453894)",1,99.3334865456877,30284
"(0.9833040078201368, 0.9958292603453894)",1,99.3334249463947,30285
"(0.7574146783449108, 1.0)",1,99.33339796601264,30286
"(0.9161952650324744, 1.0)",1,99.33339580663836,30287
"(0.861111111111111, 1.0)",1,99.33337371419104,30288
"(1.0, 0.9833229101521784)",1,99.33333394013312,30289
"(0.9165164082221422, 1.0)",1,99.33332219318554,30290
"(0.9161952650324744, 1.0)",1,99.3332772305954,30291
"(0.978932178932179, 0.9958292603453894)",1,99.33327578446723,30292
"(0.882673371045464, 1.0)",1,99.33326979654689,30293
"(0.6831352928913905, 1.0)",1,99.33326199855956,30294
"(0.9834358767945106, 0.9958292603453894)",1,99.33321265880572,30295
"(0.6042502004811546, 1.0)",1,99.33321171059588,30296
"(0.9546499948224086, 0.9958292603453894)",1,99.33319699726846,30297
"(0.7164894725870335, 1.0)",1,99.33318707096116,30298
"(0.7802197802197803, 1.0)",1,99.33318156432216,30299
"(0.8840048840048841, 1.0)",1,99.33317179658644,30300
"(0.8137865219658889, 1.0)",2,99.33313748227418,30302
"(0.7030539311241066, 1.0)",1,99.33292045541997,30303
"(0.9873891625615764, 0.9958292603453894)",1,99.3328920703629,30304
"(1.0, 0.9833229101521784)",1,99.33286413344186,30305
"(0.979051756240299, 0.9958292603453894)",1,99.33285958506046,30306
"(0.9873891625615764, 0.9958292603453894)",1,99.332831901548,30307
"(0.8300265307680562, 1.0)",1,99.33282398370962,30308
"(0.8814814814814814, 1.0)",1,99.33278556096468,30309
"(0.8222222222222222, 1.0)",1,99.33275377990124,30310
"(0.861111111111111, 1.0)",1,99.33272722158114,30311
"(0.9331662489557224, 1.0)",1,99.33270310644257,30312
"(0.7734344933751168, 1.0)",1,99.33261580204145,30313
"(0.7344692811916678, 1.0)",1,99.33254652330588,30314
"(0.9008025849489264, 1.0)",1,99.33254213400944,30315
"(0.97495917428555, 0.9958292603453894)",1,99.33252694308044,30316
"(0.8016677935542034, 1.0)",2,99.33251103067929,30318
"(0.9250222656674272, 0.9958292603453894)",2,99.33249281953424,30320
"(0.9384174012481092, 0.9958292603453894)",1,99.33245401537488,30321
"(0.9384174012481092, 0.9958292603453894)",1,99.332445869399,30322
"(0.9581458989353726, 1.0)",1,99.3324344103697,30323
"(0.9665831244778612, 1.0)",1,99.33237449505232,30324
"(0.6825396825396824, 1.0)",1,99.33225794316937,30325
"(0.799275702501509, 1.0)",1,99.33225339375905,30326
"(0.944563492063492, 1.0)",2,99.33219547995864,30328
"(0.9833211143695014, 0.9958292603453894)",1,99.33218690397842,30329
"(0.9916585206907788, 0.9958292603453894)",2,99.33217968649588,30331
"(0.6825396825396824, 1.0)",1,99.33217440098056,30332
"(0.746304385688563, 1.0)",1,99.3321505827328,30333
"(0.9034438470728792, 0.9958292603453894)",1,99.33214746686537,30334
"(0.7164894725870335, 1.0)",1,99.33213863163044,30335
"(0.9790755481078062, 0.9958292603453894)",1,99.33213234392892,30336
"(0.8016677935542034, 1.0)",1,99.33205901976332,30337
"(0.9829909379735984, 0.9958292603453894)",1,99.33203093493466,30338
"(0.9146901709401708, 1.0)",1,99.3320303070562,30339
"(0.882673371045464, 1.0)",2,99.3320036154902,30341
"(0.9333333333333332, 1.0)",2,99.3320029563932,30343
"(0.9303715638302106, 1.0)",1,99.33199038633822,30344
"(0.9295946890286512, 1.0)",1,99.33198654067888,30345
"(0.9161952650324744, 1.0)",1,99.33195828060296,30346
"(0.6825396825396824, 1.0)",1,99.33195084286228,30347
"(0.799275702501509, 1.0)",1,99.3318982174687,30348
"(0.7090909090909091, 1.0)",1,99.3318939550005,30349
"(0.9835547122074636, 0.9958292603453894)",1,99.33186264926294,30350
"(0.9833229101521784, 1.0)",1,99.33179625364104,30351
"(0.9748524098350704, 0.9958292603453894)",1,99.33178778322056,30352
"(0.9364685314685316, 0.9958292603453894)",1,99.33177407872674,30353
"(0.8425483191745751, 1.0)",1,99.33171866336444,30354
"(0.9832965806068272, 0.9958292603453894)",1,99.33169764025872,30355
"(0.9206165335472736, 0.9958292603453894)",1,99.33166148756246,30356
"(0.9829909379735984, 0.9958292603453894)",1,99.3316250914418,30357
"(0.9299507899507898, 1.0)",1,99.33160389693543,30358
"(0.6521663785997688, 1.0)",1,99.33157473657523,30359
"(0.8229870141950848, 1.0)",2,99.33157247233072,30361
"(0.8468951683237397, 1.0)",1,99.33155232950558,30362
"(0.9303715638302106, 1.0)",1,99.33153023269088,30363
"(0.9158007932517735, 1.0)",1,99.33149414811125,30364
"(0.6825396825396824, 1.0)",1,99.33148317627524,30365
"(0.757745166550198, 1.0)",2,99.33147650607376,30367
"(0.9623066688389268, 0.9958292603453894)",1,99.33146738383796,30368
"(0.7965746171391332, 1.0)",1,99.33144791841691,30369
"(0.9833040078201368, 0.9958292603453894)",1,99.33144522941024,30370
"(0.930124456440246, 1.0)",1,99.33142530197644,30371
"(0.7802197802197803, 1.0)",1,99.33141173281729,30372
"(0.7673678366541239, 1.0)",1,99.33136271041704,30373
"(0.97934925289764, 0.9958292603453894)",1,99.3313579282176,30374
"(0.9832965806068272, 0.9958292603453894)",1,99.33134998646256,30375
"(0.7656073923822403, 1.0)",2,99.33134475016068,30377
"(0.816195709052852, 1.0)",1,99.33133278516554,30378
"(0.8065954953750508, 1.0)",1,99.33133021154786,30379
"(0.9916339869281046, 0.9958292603453894)",1,99.33132327256628,30380
"(0.9833211143695014, 0.9958292603453894)",1,99.3312821527098,30381
"(0.7416325017951034, 1.0)",1,99.3312734386236,30382
"(0.6884388493583896, 1.0)",1,99.3312071161606,30383
"(0.9833229101521784, 1.0)",1,99.33118670919202,30384
"(0.6825396825396824, 1.0)",1,99.33114679569584,30385
"(0.9714797495442656, 0.9958292603453894)",1,99.33112630638094,30386
"(0.8310777799491891, 1.0)",1,99.33103124383538,30387
"(0.9326599326599326, 0.9833229101521784)",1,99.33101406272142,30388
"(0.917655049465296, 0.9958292603453894)",1,99.3310095172133,30389
"(0.9916585206907788, 0.9958292603453894)",1,99.3309973872134,30390
"(0.776488287126585, 1.0)",1,99.33099731559074,30391
"(0.9916625936787228, 0.9958292603453894)",1,99.33096155892376,30392
"(0.9833229101521784, 1.0)",1,99.33093190900377,30393
"(0.6378166586499919, 1.0)",1,99.33093030308882,30394
"(0.8653198653198653, 1.0)",1,99.33090064027162,30395
"(0.9792406033772258, 0.9958292603453894)",1,99.330899795386,30396
"(0.9445235834124724, 1.0)",1,99.33084098391215,30397
"(0.9832965806068272, 0.9958292603453894)",1,99.33083255682573,30398
"(0.8976982097186702, 1.0)",1,99.3307675920187,30399
"(0.901575014782562, 1.0)",1,99.3307623201587,30400
"(0.614498219149382, 1.0)",1,99.33074628905598,30401
"(0.9791258409522168, 0.9958292603453894)",1,99.33074077995916,30402
"(0.6804620726495727, 1.0)",1,99.3307175493106,30403
"(0.8065954953750508, 1.0)",1,99.33071548687724,30404
"(0.8651903651903651, 1.0)",1,99.3306918006918,30405
"(0.7802197802197803, 1.0)",1,99.33066418470337,30406
"(0.8222222222222222, 1.0)",1,99.3306607388196,30407
"(0.9008627640703112, 1.0)",1,99.3306068024364,30408
"(0.9791258409522168, 0.9958292603453894)",1,99.33057928436016,30409
"(0.861111111111111, 1.0)",1,99.33055715288576,30410
"(0.8222222222222222, 1.0)",1,99.33055634519047,30411
"(0.9750943974852894, 0.9958292603453894)",1,99.33055318135258,30412
"(0.901575014782562, 1.0)",1,99.33049132900324,30413
"(0.9167853751187084, 1.0)",1,99.33048347409996,30414
"(0.80285509389987, 1.0)",1,99.33044976937032,30415
"(0.8319340617212959, 1.0)",1,99.33043779228537,30416
"(0.8976982097186702, 0.9833229101521784)",1,99.33036288762924,30417
"(0.8976982097186702, 1.0)",1,99.3303426726584,30418
"(0.9832965806068272, 1.0)",1,99.3303316706332,30419
"(0.8468089381754635, 1.0)",1,99.33029084097596,30420
"(0.8796475392220073, 1.0)",1,99.33025398982846,30421
"(0.8468089381754635, 1.0)",1,99.33024089828972,30422
"(0.930704099821747, 1.0)",1,99.3302360390622,30423
"(0.9131856219190184, 0.9958292603453894)",1,99.33023578252072,30424
"(0.8329156223893065, 1.0)",4,99.33022949642346,30428
"(0.9504245882013664, 0.9958292603453894)",1,99.33021923811472,30429
"(0.8676532769556025, 1.0)",1,99.3301851362516,30430
"(0.8420013166556947, 1.0)",1,99.33010444812888,30431
"(0.9833229101521784, 1.0)",2,99.33009490101722,30433
"(0.94993894993895, 1.0)",1,99.33005844836006,30434
"(0.9829909379735984, 0.9958292603453894)",1,99.32996912110674,30435
"(0.9206165335472736, 0.9958292603453894)",1,99.329949867612,30436
"(1.0, 0.9958292603453894)",1,99.32986689898306,30437
"(0.8796475392220073, 1.0)",1,99.3298065250153,30438
"(0.917415489944373, 1.0)",1,99.3297910342949,30439
"(0.9192093318943212, 1.0)",1,99.32964684202976,30440
"(0.9516794286955578, 0.9958292603453894)",2,99.32959726745165,30442
"(0.6907243513029603, 1.0)",1,99.32958217833576,30443
"(0.8420013166556946, 1.0)",1,99.32954250888238,30444
"(0.9916585206907788, 0.9958292603453894)",2,99.3295191050901,30446
"(0.9791258409522168, 0.9958292603453894)",1,99.32944460012806,30447
"(0.9158007932517735, 1.0)",1,99.3294337218654,30448
"(1.0, 1.0)",1,99.32940764931588,30449
"(0.8420013166556946, 1.0)",2,99.32927410950808,30451
"(0.8633762288330498, 1.0)",1,99.32926872884596,30452
"(0.9876221896383188, 0.9958292603453894)",1,99.3291849982647,30453
"(0.987463247273494, 0.9958292603453894)",1,99.32910632674177,30454
"(0.9008627640703112, 1.0)",1,99.329093669832,30455
"(0.9303715638302106, 1.0)",1,99.32902838414932,30456
"(0.9873891625615764, 0.9958292603453894)",1,99.32900655890394,30457
"(0.8016677935542034, 1.0)",1,99.3289863517412,30458
"(0.9516794286955578, 0.9958292603453894)",1,99.32894481551452,30459
"(0.8796475392220073, 1.0)",2,99.3288429122255,30461
"(0.930593793370792, 0.9958292603453894)",1,99.32883092352584,30462
"(0.9161952650324744, 1.0)",1,99.3287698200384,30463
"(0.8579868984630887, 1.0)",1,99.3287684551524,30464
"(0.7479743867590829, 1.0)",1,99.328666286499,30465
"(1.0, 1.0)",1,99.32865561287706,30466
"(0.9833229101521784, 1.0)",1,99.32863570521116,30467
"(0.9833229101521784, 1.0)",1,99.32862458997744,30468
"(0.9916666666666668, 0.9958292603453894)",1,99.32862088625924,30469
"(0.7077308656256025, 1.0)",1,99.3285846696574,30470
"(0.7734344933751168, 1.0)",1,99.32856153630703,30471
"(0.9622634791942192, 0.9958292603453894)",1,99.32842336007388,30472
"(0.7734344933751168, 1.0)",1,99.32842140649213,30473
"(0.8579868984630887, 1.0)",2,99.32840786241216,30475
"(0.9791258409522168, 0.9958292603453894)",1,99.3283321173863,30476
"(0.8976982097186702, 1.0)",2,99.32819134171989,30478
"(0.9161379295307868, 1.0)",1,99.32815673281137,30479
"(0.8372053872053872, 1.0)",1,99.3281482179363,30480
"(0.7944219523166891, 1.0)",1,99.32812519455608,30481
"(0.8796475392220073, 1.0)",1,99.3281166823504,30482
"(0.8732774170274171, 1.0)",1,99.32809038438324,30483
"(0.816195709052852, 1.0)",1,99.32806290134926,30484
"(0.9833229101521784, 1.0)",1,99.32798903042092,30485
"(1.0, 1.0)",1,99.32787354544564,30486
"(0.7802197802197803, 1.0)",1,99.3278549862632,30487
"(0.7711781618000022, 1.0)",1,99.32785213545236,30488
"(0.9833040078201368, 0.9958292603453894)",1,99.32781730927366,30489
"(0.9873891625615764, 0.9958292603453894)",1,99.32772940036492,30490
"(0.9326599326599326, 1.0)",1,99.32770997867068,30491
"(0.9832184229069656, 1.0)",2,99.32763010317122,30493
"(0.9916585206907788, 0.9958292603453894)",1,99.32761965935606,30494
"(0.9581458989353726, 1.0)",1,99.32759113025875,30495
"(0.933249791144528, 1.0)",2,99.3275508364591,30497
"(0.9958292603453894, 0.9958292603453894)",1,99.32753952755976,30498
"(0.8137566137566138, 1.0)",1,99.3275203174624,30499
"(0.9832925076188832, 0.9958292603453894)",1,99.32751072615972,30500
"(0.6760835913312693, 1.0)",1,99.32750187533308,30501
"(0.9582389563841176, 0.9958292603453894)",1,99.32747564213064,30502
"(0.8976982097186702, 1.0)",1,99.32740822955763,30503
"(0.7362637362637362, 1.0)",2,99.32733180190807,30505
"(0.7601164382773579, 1.0)",1,99.32731321557256,30506
"(0.7673678366541239, 1.0)",1,99.32727308911652,30507
"(0.7164894725870335, 1.0)",1,99.32726556727594,30508
"(0.9580602951397298, 0.9958292603453894)",1,99.32725864793566,30509
"(0.9833040078201368, 0.9958292603453894)",1,99.32722825423352,30510
"(0.9333333333333332, 1.0)",1,99.32720500515173,30511
"(0.9618291283060416, 0.9958292603453894)",1,99.3271969841797,30512
"(0.8425483191745751, 1.0)",1,99.3271358367742,30513
"(0.8468089381754635, 1.0)",1,99.3270550766952,30514
"(0.7532376017916352, 1.0)",1,99.32705200322393,30515
"(0.9832965806068272, 0.9958292603453894)",1,99.32703587763233,30516
"(0.9916585206907788, 0.9958292603453894)",2,99.32703555805128,30518
"(0.933096859926128, 1.0)",1,99.32698759596644,30519
"(0.9622634791942192, 0.9958292603453894)",1,99.32695393452218,30520
"(0.7075023741690408, 1.0)",1,99.32693310591,30521
"(0.987463247273494, 0.9958292603453894)",1,99.32693251039572,30522
"(0.7030539311241066, 1.0)",1,99.32687838253476,30523
"(0.9832401090007582, 0.9958292603453894)",1,99.32680584116288,30524
"(0.7996376811594202, 1.0)",1,99.3267046136348,30525
"(0.8976982097186702, 1.0)",1,99.32663739762494,30526
"(0.9792766373411534, 0.9958292603453894)",1,99.32658746083186,30527
"(0.9958292603453894, 0.9958292603453894)",1,99.32634576348742,30528
"(0.8222222222222222, 1.0)",1,99.32633639731928,30529
"(0.9153439153439156, 1.0)",1,99.32633089821792,30530
"(0.930593793370792, 1.0)",1,99.32626854969476,30531
"(0.7786375661375661, 1.0)",1,99.32623497748716,30532
"(0.8316498316498316, 1.0)",1,99.3262309515307,30533
"(0.9161952650324744, 1.0)",1,99.3262179619893,30534
"(0.9792521035784794, 0.9958292603453894)",1,99.3260937936145,30535
"(0.9034438470728792, 0.9958292603453894)",1,99.32603741094564,30536
"(0.9871616776282092, 0.9958292603453894)",1,99.3260363772843,30537
"(0.5131569832583307, 1.0)",1,99.32599994299974,30538
"(0.9182966261114094, 0.9958292603453894)",1,99.32594694058494,30539
"(0.9182966261114094, 0.9958292603453894)",1,99.325942867597,30540
"(0.9707136080238548, 0.9958292603453894)",1,99.32582250662166,30541
"(1.0, 1.0)",1,99.32580473915309,30542
"(0.7164894725870335, 1.0)",1,99.32578914326776,30543
"(0.8885714285714285, 1.0)",1,99.32578266977816,30544
"(0.9166682405676116, 1.0)",1,99.32578107786028,30545
"(0.8880984643179766, 1.0)",1,99.32570374891348,30546
"(1.0, 1.0)",1,99.32568291892892,30547
"(0.9623066688389268, 0.9958292603453894)",1,99.32568056280606,30548
"(0.9916585206907788, 0.9958292603453894)",1,99.32564876774072,30549
"(0.947552083649559, 0.9958292603453894)",1,99.32563380983788,30550
"(0.983545503234046, 0.9958292603453894)",1,99.32557896101407,30551
"(0.7601164382773579, 1.0)",1,99.3255708767055,30552
"(0.861111111111111, 1.0)",1,99.32555780933065,30553
"(0.9833229101521784, 1.0)",1,99.32550290060196,30554
"(0.9582389563841176, 0.9958292603453894)",1,99.32547635785956,30555
"(0.9442283950617284, 1.0)",1,99.32540391132004,30556
"(0.9916585206907788, 0.9958292603453894)",1,99.3253993106116,30557
"(0.9958292603453894, 0.9958292603453894)",1,99.325389640153,30558
"(0.7532376017916352, 1.0)",1,99.32535157492164,30559
"(0.7030539311241066, 1.0)",1,99.32531613158034,30560
"(0.9788980434141724, 0.9958292603453894)",1,99.3252826243618,30561
"(0.6747507742934573, 1.0)",1,99.32526358305344,30562
"(0.9833229101521784, 1.0)",1,99.32517371216558,30563
"(0.9833040078201368, 0.9958292603453894)",1,99.32503679555025,30564
"(0.9331662489557224, 1.0)",2,99.3250258277448,30566
"(0.7802197802197803, 1.0)",1,99.32501485656346,30567
"(0.8300265307680562, 1.0)",1,99.32497915220635,30568
"(0.7574146783449108, 1.0)",1,99.32492398642816,30569
"(0.9833229101521784, 1.0)",1,99.3249157932303,30570
"(0.9835547122074636, 0.9958292603453894)",1,99.3248971887666,30571
"(0.8374727668845315, 1.0)",1,99.32488298895456,30572
"(0.947552083649559, 0.9958292603453894)",1,99.32485113022932,30573
"(0.9153439153439152, 1.0)",1,99.32484640420073,30574
"(0.9497171590194848, 1.0)",2,99.3248070323672,30576
"(0.9833229101521784, 1.0)",1,99.32479625162551,30577
"(0.9832184229069656, 0.9958292603453894)",1,99.3247669359382,30578
"(0.9497171590194848, 0.9833229101521784)",1,99.32475995993624,30579
"(0.8997493734335841, 1.0)",1,99.3247538563659,30580
"(0.913942789236907, 0.9958292603453894)",1,99.32472962131136,30581
"(0.916104916104916, 1.0)",1,99.32472114338564,30582
"(0.799275702501509, 1.0)",1,99.3246886863227,30583
"(1.0, 1.0)",1,99.32467532467533,30584
"(0.979055829228243, 0.9958292603453894)",1,99.32463641042806,30585
"(0.6042502004811546, 1.0)",1,99.32461253378249,30586
"(0.9497171590194846, 1.0)",1,99.32459316170542,30587
"(0.8374727668845315, 1.0)",1,99.32453173931532,30588
"(0.9791258409522168, 0.9958292603453894)",1,99.32452170855856,30589
"(0.9751539794803552, 0.9958292603453894)",1,99.3245112462633,30590
"(0.917415489944373, 1.0)",1,99.32446332894185,30591
"(0.8796475392220073, 1.0)",1,99.32442044475168,30592
"(0.7075023741690408, 1.0)",1,99.32440320634028,30593
"(0.799275702501509, 1.0)",1,99.3243857728619,30594
"(0.8151249335459861, 1.0)",1,99.32438564778133,30595
"(0.8976982097186702, 1.0)",1,99.32437443217565,30596
"(0.9279680209218476, 0.9958292603453894)",1,99.32436093126174,30597
"(0.9326599326599326, 1.0)",1,99.3243265993266,30598
"(0.808446455505279, 1.0)",1,99.32432262098791,30599
"(0.8653198653198653, 1.0)",1,99.32427976506924,30600
"(0.8796475392220073, 1.0)",1,99.3242688929555,30601
"(0.8070855614973262, 1.0)",1,99.32423200048066,30602
"(0.7673678366541239, 1.0)",1,99.32422900054311,30603
"(0.8976982097186702, 1.0)",1,99.32420509638816,30604
"(0.958095238095238, 0.9958292603453894)",1,99.32417018321352,30605
"(0.816195709052852, 1.0)",1,99.32412499746994,30606
"(0.7090909090909091, 1.0)",1,99.3240657595706,30607
"(0.6698155645524068, 1.0)",1,99.32402354827984,30608
"(0.8222222222222222, 1.0)",1,99.32401649869168,30609
"(0.9161952650324744, 1.0)",1,99.32396449924876,30610
"(0.8928598364786969, 0.9958292603453894)",1,99.3239262218572,30611
"(0.9744745723240348, 0.9958292603453894)",1,99.32391370774114,30612
"(0.9504245882013664, 0.9958292603453894)",1,99.32388119194744,30613
"(0.9791332681655264, 0.9958292603453894)",1,99.32385772874603,30614
"(0.9665831244778612, 1.0)",1,99.32380647358762,30615
"(0.9506533178503804, 1.0)",1,99.32376460144307,30616
"(0.9332172991312776, 0.9958292603453894)",1,99.32376043763736,30617
"(0.7916666666666666, 1.0)",1,99.3236511173668,30618
"(0.8533622685185187, 1.0)",1,99.32364435646365,30619
"(0.9833229101521784, 1.0)",3,99.32364009693237,30622
"(0.7673678366541239, 1.0)",1,99.3235737006761,30623
"(0.9618291283060416, 0.9958292603453894)",1,99.32351956198158,30624
"(0.8615866942983156, 1.0)",1,99.32348374686345,30625
"(0.9756244289830628, 0.9958292603453894)",1,99.32346674479494,30626
"(0.8635976129582268, 1.0)",2,99.32345562101456,30628
"(0.8928598364786969, 0.9958292603453894)",1,99.32325819375554,30629
"(0.987463247273494, 0.9958292603453894)",1,99.32323563194385,30630
"(0.7090909090909091, 1.0)",1,99.32322048259888,30631
"(0.97934925289764, 0.9958292603453894)",1,99.32317885673834,30632
"(0.9832925076188832, 0.9958292603453894)",1,99.3229840408262,30633
"(0.9610567210567212, 0.9958292603453894)",1,99.32295901461146,30634
"(0.978932178932179, 0.9958292603453894)",1,99.3229331859708,30635
"(0.9792766373411534, 0.9958292603453894)",1,99.32284704347887,30636
"(0.9874747474747476, 0.9958292603453894)",1,99.3228408761871,30637
"(0.826388888888889, 1.0)",1,99.3228328222936,30638
"(0.8020892995758788, 0.9958292603453894)",1,99.32282499756955,30639
"(0.9750072792119512, 1.0)",1,99.32272928537428,30640
"(0.8319340617212959, 1.0)",1,99.3227087953788,30641
"(0.9018806250259218, 1.0)",2,99.32259881598053,30643
"(0.8468089381754635, 1.0)",1,99.32256061837413,30644
"(0.9166682405676116, 1.0)",1,99.32255157440127,30645
"(0.8101143854687974, 1.0)",1,99.32253402872544,30646
"(1.0, 1.0)",1,99.32246473921978,30647
"(0.8420013166556946, 1.0)",1,99.32245949336316,30648
"(0.9161952650324744, 1.0)",1,99.3224167460507,30649
"(0.958095238095238, 0.9958292603453894)",1,99.32238589535876,30650
"(0.8483418730488175, 0.9958292603453894)",1,99.32236303313582,30651
"(0.8814814814814814, 1.0)",1,99.32236194092307,30652
"(0.9157097551404952, 0.9958292603453894)",1,99.32234544214572,30653
"(0.7417508417508417, 1.0)",1,99.32231966848096,30654
"(0.9166145507608922, 1.0)",1,99.32229667351618,30655
"(0.9326599326599326, 1.0)",4,99.3222499585172,30659
"(0.9871616776282092, 0.9958292603453894)",1,99.32224667763124,30660
"(0.8676532769556025, 1.0)",1,99.32224607492752,30661
"(0.8247905643738976, 1.0)",1,99.32223647793349,30662
"(0.7532376017916352, 1.0)",1,99.3222165039432,30663
"(0.9707095350359108, 0.9958292603453894)",1,99.32214537087218,30664
"(0.9384174012481092, 0.9958292603453894)",1,99.3221428590906,30665
"(1.0, 0.9958292603453894)",1,99.3221119279862,30666
"(0.882673371045464, 1.0)",1,99.32209609636628,30667
"(0.8736897274633123, 1.0)",2,99.32208612985218,30669
"(0.917849761232425, 1.0)",1,99.322066125127,30670
"(0.8651903651903651, 1.0)",1,99.32204093218505,30671
"(0.8222222222222222, 1.0)",1,99.32195825141908,30672
"(0.6825396825396824, 1.0)",1,99.32189363851305,30673
"(0.8420013166556946, 1.0)",1,99.32188012381825,30674
"(0.9583930063253372, 1.0)",2,99.32187165633624,30676
"(0.9497171590194848, 1.0)",1,99.321824726249,30677
"(0.9665831244778612, 1.0)",1,99.32180482475732,30678
"(0.962505246140658, 0.9958292603453894)",1,99.32167426315073,30679
"(0.8374727668845315, 1.0)",1,99.3216717984824,30680
"(0.9835547122074636, 0.9958292603453894)",1,99.3216036551472,30681
"(0.7030539311241066, 1.0)",1,99.32156292990258,30682
"(0.9161952650324744, 1.0)",1,99.32154504491297,30683
"(0.9749706744868036, 0.9958292603453894)",1,99.32154392255428,30684
"(0.8420013166556946, 1.0)",1,99.32149297708962,30685
"(0.9792766373411534, 0.9958292603453894)",1,99.32148574446973,30686
"(0.8449978636391381, 1.0)",1,99.3214657826887,30687
"(0.9916666666666668, 0.9958292603453894)",1,99.32135323774024,30688
"(0.9714797495442656, 0.9958292603453894)",1,99.32134476618506,30689
"(0.8600291387756281, 0.9958292603453894)",1,99.32128355813572,30690
"(0.944563492063492, 1.0)",1,99.32127977156668,30691
"(0.944563492063492, 1.0)",1,99.32125559403713,30692
"(0.7786375661375661, 1.0)",1,99.3212462766812,30693
"(0.8736897274633123, 1.0)",1,99.3212109658106,30694
"(0.7460317460317459, 1.0)",1,99.3211422952295,30695
"(0.9623066688389268, 0.9958292603453894)",1,99.32113838940718,30696
"(0.9916585206907788, 0.9958292603453894)",1,99.32108900244872,30697
"(0.8137865219658889, 1.0)",2,99.32106186166628,30699
"(0.882673371045464, 1.0)",1,99.32106095711792,30700
"(0.8668153102935712, 1.0)",1,99.32103182748712,30701
"(0.9157097551404952, 0.9958292603453894)",1,99.32098364959718,30702
"(0.7060994560994561, 1.0)",2,99.32093855282083,30704
"(0.9833229101521784, 1.0)",1,99.32084172978482,30705
"(0.9791258409522168, 0.9958292603453894)",1,99.32082870444012,30706
"(0.9166682405676116, 1.0)",1,99.32080854942738,30707
"(0.7278086237149632, 1.0)",1,99.32079142821486,30708
"(0.861111111111111, 1.0)",1,99.32076639429437,30709
"(0.8796475392220073, 1.0)",4,99.3207640647306,30713
"(0.9832184229069656, 0.9958292603453894)",1,99.32061300279112,30714
"(0.9164652836623464, 1.0)",1,99.32053579658267,30715
"(0.9699183291713004, 0.9958292603453894)",1,99.32052085979228,30716
"(0.7077308656256025, 1.0)",1,99.3205163210298,30717
"(0.987491854024112, 0.9958292603453894)",1,99.32050526754382,30718
"(0.8796475392220073, 1.0)",1,99.32044978836828,30719
"(0.9665831244778612, 1.0)",1,99.32039627399708,30720
"(0.9792766373411534, 0.9958292603453894)",1,99.32037270448906,30721
"(0.9499687304565352, 1.0)",1,99.32033440661782,30722
"(0.721056721056721, 1.0)",1,99.32031884342538,30723
"(0.9333044546043194, 0.9958292603453894)",1,99.3203169447557,30724
"(0.979273283115788, 0.9958292603453894)",1,99.32029439670652,30725
"(0.961552316099405, 0.9958292603453894)",1,99.32022586526249,30726
"(0.9833229101521784, 1.0)",1,99.32020767218371,30727
"(0.7532376017916352, 1.0)",1,99.32014770613338,30728
"(0.9791258409522168, 0.9958292603453894)",1,99.32012596975584,30729
"(0.9622634791942192, 0.9958292603453894)",2,99.3200988846008,30731
"(0.8151249335459861, 1.0)",1,99.3200364145198,30732
"(0.7278086237149632, 1.0)",1,99.32003205856398,30733
"(0.7802197802197803, 1.0)",1,99.32001422211457,30734
"(0.9326599326599326, 1.0)",1,99.32001003862656,30735
"(0.808446455505279, 1.0)",1,99.3199960017092,30736
"(0.7278086237149632, 1.0)",1,99.31995640650648,30737
"(0.9791348015256934, 0.9958292603453894)",2,99.31993838857716,30739
"(0.9720813204508856, 1.0)",1,99.31989856419816,30740
"(0.9835199925522506, 0.9958292603453894)",1,99.31988262949352,30741
"(0.9539225495593684, 0.9958292603453894)",1,99.31986477230468,30742
"(0.9161952650324744, 1.0)",1,99.3198592266951,30743
"(0.9008627640703112, 1.0)",1,99.31980252922682,30744
"(0.8796475392220073, 1.0)",1,99.31980028744876,30745
"(0.9300671002153482, 1.0)",1,99.31979308347675,30746
"(0.6215073982652175, 1.0)",1,99.31975648585558,30747
"(0.6747507742934573, 1.0)",1,99.31974356613604,30748
"(0.9835547122074636, 0.9958292603453894)",1,99.31960560167012,30749
"(0.9580602951397298, 0.9958292603453894)",1,99.31958304707376,30750
"(0.9497171590194848, 1.0)",1,99.3195446919849,30751
"(0.8676532769556025, 1.0)",1,99.31954206957148,30752
"(0.721056721056721, 1.0)",1,99.31951747931114,30753
"(0.9833229101521784, 1.0)",1,99.31950556645606,30754
"(0.9501563219469168, 0.9958292603453894)",1,99.31949584577237,30755
"(0.8880748880748881, 1.0)",1,99.3194689221005,30756
"(1.0, 1.0)",1,99.31946214295382,30757
"(0.917469251615593, 1.0)",1,99.31943658770956,30758
"(0.8476190476190477, 1.0)",1,99.31934541811674,30759
"(0.917469251615593, 1.0)",1,99.31932397329426,30760
"(0.6698155645524068, 1.0)",1,99.31922050278918,30761
"(0.9833040078201368, 0.9958292603453894)",1,99.3192085941381,30762
"(0.9665831244778612, 1.0)",1,99.31913111067529,30763
"(0.6521663785997688, 1.0)",1,99.31912762624192,30764
"(1.0, 1.0)",1,99.3190982459275,30765
"(0.7802197802197803, 1.0)",1,99.3190982459275,30766
"(1.0, 1.0)",1,99.3190416140434,30767
"(0.7344692811916678, 1.0)",1,99.3190339083546,30768
"(0.9832965806068272, 0.9958292603453894)",1,99.31903293630567,30769
"(0.9333333333333332, 1.0)",1,99.31901679155308,30770
"(0.8222222222222222, 1.0)",4,99.31898729928402,30774
"(0.9793747635794354, 0.9958292603453894)",1,99.31898229200068,30775
"(0.6698155645524068, 1.0)",1,99.31893837156994,30776
"(0.8222222222222222, 1.0)",2,99.31892938516816,30778
"(0.9665831244778612, 1.0)",1,99.31891660218577,30779
"(0.6042502004811546, 1.0)",1,99.31887746600655,30780
"(0.8420013166556946, 1.0)",2,99.31872343941176,30782
"(0.7944219523166891, 1.0)",1,99.3187149043091,30783
"(0.7503607503607503, 1.0)",2,99.31869128029456,30785
"(0.853048675610595, 1.0)",1,99.31867295304096,30786
"(0.8997493734335841, 1.0)",1,99.31861757126788,30787
"(0.8177442148030384, 1.0)",1,99.31860257766397,30788
"(0.837707400507675, 1.0)",2,99.31851936808928,30790
"(0.979051756240299, 0.9958292603453894)",1,99.31848678565896,30791
"(0.9166145507608924, 1.0)",1,99.31840077001632,30792
"(0.9669558693467613, 0.9958292603453894)",1,99.31834368141767,30793
"(0.9666562434855118, 1.0)",1,99.31830083813396,30794
"(0.7362637362637362, 1.0)",1,99.3182909044978,30795
"(0.8796475392220073, 1.0)",1,99.31827537836332,30796
"(0.9623978877963698, 0.9958292603453894)",1,99.31821179932626,30797
"(0.917415489944373, 1.0)",1,99.31820538075485,30798
"(0.844988344988345, 1.0)",1,99.31820127747386,30799
"(0.987463247273494, 0.9958292603453894)",1,99.31809945920568,30800
"(0.8468951683237397, 1.0)",1,99.31807419735163,30801
"(0.9501563219469168, 0.9958292603453894)",1,99.31799420683112,30802
"(0.8420013166556946, 1.0)",1,99.31797399707932,30803
"(0.8065954953750508, 1.0)",1,99.31795498689422,30804
"(0.7601164382773579, 1.0)",1,99.31789166177788,30805
"(0.9533841533841534, 0.9958292603453894)",1,99.31788208580276,30806
"(0.8887202421952387, 1.0)",1,99.31785363028722,30807
"(0.9305555555555556, 1.0)",1,99.31782850775656,30808
"(0.6378166586499919, 1.0)",1,99.3177789118509,30809
"(0.7090909090909091, 1.0)",1,99.31776364070012,30810
"(0.944563492063492, 1.0)",1,99.31768830923178,30811
"(0.6961063627730295, 1.0)",1,99.31761155372624,30812
"(0.9832965806068272, 0.9958292603453894)",1,99.31753713807916,30813
"(0.9833211143695014, 0.9958292603453894)",1,99.31753001279196,30814
"(0.9873891625615764, 0.9958292603453894)",1,99.3175061236802,30815
"(0.902764590611026, 0.9958292603453894)",1,99.3174158877488,30816
"(0.9748850895736324, 0.9958292603453894)",1,99.31734384264767,30817
"(0.9665831244778612, 0.9833229101521784)",1,99.31733806059871,30818
"(0.6831352928913905, 1.0)",1,99.31731868758824,30819
"(0.9789546069211384, 0.9958292603453894)",1,99.3172913536571,30820
"(0.901575014782562, 1.0)",1,99.31727742581675,30821
"(0.6042502004811546, 1.0)",1,99.31726877893784,30822
"(0.9331662489557224, 1.0)",1,99.3172502686688,30823
"(0.978932178932179, 0.9958292603453894)",1,99.31723361086894,30824
"(0.9748524098350704, 0.9958292603453894)",1,99.31718557817524,30825
"(0.9027777777777778, 1.0)",2,99.31717217722108,30827
"(0.9916585206907788, 0.9958292603453894)",1,99.31716282341276,30828
"(0.844988344988345, 1.0)",1,99.3171584513048,30829
"(0.8016677935542034, 1.0)",2,99.3171581266546,30831
"(0.8976982097186702, 1.0)",1,99.31713594364427,30832
"(0.6760835913312693, 1.0)",1,99.31710624122056,30833
"(0.9580602951397298, 0.9958292603453894)",1,99.31710572087611,30834
"(1.0, 0.9833229101521784)",1,99.31709691234282,30835
"(1.0, 0.9833229101521784)",2,99.31709531189918,30837
"(0.6698155645524068, 1.0)",1,99.3170643354212,30838
"(0.8151249335459861, 1.0)",1,99.3170375410961,30839
"(0.7552298585410389, 1.0)",1,99.31702981016366,30840
"(0.861111111111111, 1.0)",3,99.31698688839276,30843
"(0.8420013166556946, 1.0)",2,99.31698663094002,30845
"(0.738145558145558, 1.0)",1,99.3169846097268,30846
"(1.0, 0.9833229101521784)",4,99.31698198919278,30850
"(0.9833211143695014, 0.9958292603453894)",1,99.31694987088233,30851
"(0.8796475392220073, 1.0)",1,99.31692144543337,30852
"(0.7979797979797979, 1.0)",1,99.31691095952972,30853
"(0.8374727668845315, 1.0)",1,99.31688549507774,30854
"(0.9720813204508856, 1.0)",1,99.31687198830132,30855
"(0.9580331374974232, 1.0)",1,99.31686562999025,30856
"(0.8137566137566138, 1.0)",2,99.31685827073122,30858
"(0.8613656783468103, 1.0)",1,99.31681737055816,30859
"(0.9157097551404952, 0.9958292603453894)",1,99.31681290994256,30860
"(0.9666562434855118, 1.0)",1,99.31679080440313,30861
"(0.8533622685185187, 1.0)",1,99.31677466626614,30862
"(0.8016677935542034, 1.0)",1,99.31676877206982,30863
"(0.9916625936787228, 0.9958292603453894)",1,99.31674665449216,30864
"(0.9788980434141724, 0.9958292603453894)",1,99.3167249044364,30865
"(0.9182966261114094, 0.9958292603453894)",1,99.31668963358878,30866
"(0.9788980434141724, 0.9958292603453894)",1,99.31665164636976,30867
"(0.8165520116739629, 1.0)",1,99.31658515143305,30868
"(0.9300671002153482, 1.0)",1,99.3165720132128,30869
"(0.757745166550198, 1.0)",2,99.31651770923555,30871
"(0.987491854024112, 0.9958292603453894)",1,99.3164929979286,30872
"(0.949977467563772, 0.9958292603453894)",1,99.31642907100168,30873
"(0.5910680656443368, 1.0)",1,99.3164111581845,30874
"(0.9333333333333332, 1.0)",1,99.31640734105432,30875
"(0.9630015205821658, 0.9958292603453894)",1,99.31637563456196,30876
"(0.8976982097186702, 1.0)",1,99.31637187464165,30877
"(0.7802197802197803, 1.0)",1,99.3162916856829,30878
"(0.8762860082304527, 1.0)",2,99.31621657717416,30880
"(0.8222222222222222, 1.0)",1,99.3161349276882,30881
"(0.9499687304565352, 1.0)",1,99.31613477094868,30882
"(0.9497171590194848, 1.0)",1,99.31610098470564,30883
"(0.8547756205106323, 1.0)",2,99.31603870530108,30885
"(0.746304385688563, 1.0)",2,99.31603515365208,30887
"(0.799275702501509, 1.0)",1,99.3160273437031,30888
"(0.9833229101521784, 1.0)",1,99.31599581671318,30889
"(0.8222222222222222, 1.0)",1,99.31594605207763,30890
"(0.8040695048423352, 1.0)",1,99.31593552634902,30891
"(0.6575398846941737, 1.0)",2,99.31591606298213,30893
"(1.0, 1.0)",1,99.31582803161751,30894
"(0.8312205288949474, 1.0)",1,99.3158163378762,30895
"(0.7340930674264006, 1.0)",1,99.31581630872412,30896
"(0.8814814814814814, 1.0)",2,99.31573766457488,30898
"(0.9169719169719168, 1.0)",1,99.31571775345844,30899
"(0.9445235834124724, 1.0)",2,99.31571481094062,30901
"(0.8997493734335841, 1.0)",1,99.3156538939594,30902
"(0.893146638589877, 1.0)",1,99.31560655698928,30903
"(0.8997493734335841, 1.0)",1,99.31557127816278,30904
"(0.9206165335472736, 0.9958292603453894)",1,99.31555902404328,30905
"(0.8976982097186702, 1.0)",1,99.31555661084622,30906
"(0.8449978636391381, 1.0)",1,99.31551965716324,30907
"(0.6733821733821733, 1.0)",1,99.31551315164477,30908
"(0.4943189964157706, 1.0)",2,99.31543935814072,30910
"(0.9750481776288228, 0.9958292603453894)",1,99.31540133982745,30911
"(0.9832925076188832, 0.9958292603453894)",1,99.31531484145655,30912
"(0.9664171122994653, 0.9958292603453894)",1,99.31529046200848,30913
"(0.9833211143695014, 0.9958292603453894)",1,99.3152896987508,30914
"(0.9876221896383188, 0.9958292603453894)",1,99.31528406820313,30915
"(0.844988344988345, 1.0)",1,99.31504346009888,30916
"(0.9666562434855118, 1.0)",1,99.3149899041294,30917
"(0.8692185007974482, 1.0)",1,99.31498078042236,30918
"(0.9658159033159032, 0.9958292603453894)",1,99.31493224135129,30919
"(0.4943189964157706, 1.0)",1,99.31492419531044,30920
"(0.816195709052852, 1.0)",1,99.31489153299304,30921
"(0.933249791144528, 1.0)",2,99.31487119740495,30923
"(0.7277677677677677, 1.0)",2,99.3148088958758,30925
"(0.9665831244778612, 1.0)",1,99.31478920837073,30926
"(0.8928598364786969, 0.9958292603453894)",1,99.314737005236,30927
"(0.9873891625615764, 0.9958292603453894)",1,99.31470276794596,30928
"(0.6831352928913905, 1.0)",1,99.3146883531097,30929
"(0.97934925289764, 0.9958292603453894)",1,99.3146858622776,30930
"(0.9157097551404952, 0.9958292603453894)",1,99.31467615710469,30931
"(0.9153439153439156, 0.9833229101521784)",1,99.31461335222572,30932
"(0.9876066164491212, 0.9958292603453894)",1,99.31460962640872,30933
"(0.9833211143695014, 0.9958292603453894)",1,99.31459494500908,30934
"(0.7944219523166891, 1.0)",1,99.31459270297523,30935
"(0.9874877810361682, 0.9958292603453894)",1,99.31458763823647,30936
"(0.861111111111111, 1.0)",1,99.31454140659515,30937
"(0.6884388493583896, 1.0)",1,99.31452309948357,30938
"(0.8247905643738976, 1.0)",1,99.31450352466112,30939
"(0.9649790647893116, 0.9958292603453894)",1,99.31447350661368,30940
"(0.8586166985951469, 1.0)",1,99.31440370031724,30941
"(0.8222222222222222, 1.0)",1,99.31438557163848,30942
"(0.9506533178503804, 1.0)",1,99.31429504265982,30943
"(0.8449978636391381, 1.0)",1,99.31428074463096,30944
"(0.9749436010963526, 0.9958292603453894)",1,99.3142544918926,30945
"(0.6825396825396824, 1.0)",1,99.31423574820744,30946
"(0.9192093318943212, 1.0)",1,99.3142220544133,30947
"(0.7673678366541239, 1.0)",1,99.31421519789308,30948
"(0.9833040078201368, 0.9958292603453894)",1,99.31405941422868,30949
"(0.8885714285714285, 1.0)",1,99.3140553940658,30950
"(0.8613656783468103, 1.0)",2,99.31402310575922,30952
"(0.958095238095238, 0.9958292603453894)",1,99.31400691011252,30953
"(0.8762860082304527, 1.0)",1,99.31389166534004,30954
"(0.9295946890286512, 1.0)",2,99.3138824210289,30956
"(0.7416325017951034, 1.0)",2,99.31387507124374,30958
"(0.8547756205106323, 1.0)",1,99.31387206184,30959
"(0.9333333333333332, 1.0)",1,99.3138024725495,30960
"(0.9835199925522506, 0.9958292603453894)",1,99.31375410944848,30961
"(0.8339475360293065, 1.0)",1,99.3136559863748,30962
"(0.987491854024112, 0.9958292603453894)",1,99.31361434483031,30963
"(0.6042502004811546, 1.0)",1,99.31358757380652,30964
"(0.7632275132275131, 1.0)",1,99.31355327947074,30965
"(0.9497171590194848, 1.0)",1,99.3135466366701,30966
"(0.9791258409522168, 0.9958292603453894)",1,99.31353864064288,30967
"(0.9746535316523212, 0.9958292603453894)",1,99.31353629203832,30968
"(0.9504245882013664, 0.9958292603453894)",1,99.31352680716472,30969
"(0.930593793370792, 0.9958292603453894)",1,99.31345906889008,30970
"(0.8653198653198653, 1.0)",2,99.3134397531657,30972
"(0.6907243513029603, 1.0)",1,99.31342600306522,30973
"(0.9833229101521784, 1.0)",1,99.3134178111694,30974
"(0.9326599326599326, 1.0)",1,99.31337596733664,30975
"(0.8310777799491891, 1.0)",1,99.313333653349,30976
"(0.8137865219658889, 1.0)",1,99.3132855823122,30977
"(0.97899550533801, 0.9958292603453894)",1,99.31327260218453,30978
"(0.7574146783449108, 1.0)",1,99.31323211399597,30979
"(0.971023600055858, 0.9958292603453894)",1,99.31320459533435,30980
"(0.974731376747506, 0.9958292603453894)",1,99.31316736114724,30981
"(0.9835199925522506, 0.9958292603453894)",1,99.31316617913552,30982
"(0.8887202421952387, 1.0)",1,99.31314933620608,30983
"(0.6521663785997688, 1.0)",1,99.31314099771176,30984
"(0.8736897274633123, 1.0)",1,99.3131158408758,30985
"(0.8736474927779276, 0.9958292603453894)",1,99.31309081919524,30986
"(0.9166145507608922, 1.0)",1,99.3130731770013,30987
"(1.0, 1.0)",1,99.3130517029584,30988
"(0.7994987468671678, 1.0)",2,99.31302827973424,30990
"(0.6378166586499919, 1.0)",1,99.31301017227575,30991
"(0.844988344988345, 1.0)",1,99.31299905708065,30992
"(0.8222222222222222, 1.0)",1,99.3129967691659,30993
"(0.9916585206907788, 0.9958292603453894)",1,99.31293904356842,30994
"(0.9874877810361682, 0.9958292603453894)",1,99.3128711227444,30995
"(0.7786375661375661, 1.0)",1,99.31285409266052,30996
"(0.8633762288330498, 1.0)",1,99.31284125048114,30997
"(0.983545503234046, 0.9958292603453894)",1,99.31275185334655,30998
"(0.9835547122074636, 0.9958292603453894)",1,99.31270974873296,30999
"(0.861111111111111, 1.0)",1,99.31269249393723,31000
"(0.8449978636391381, 1.0)",1,99.31265723007786,31001
"(0.9501563219469168, 0.9958292603453894)",1,99.31259369941375,31002
"(0.9506533178503804, 1.0)",1,99.3125935095294,31003
"(0.9833251873574456, 0.9958292603453894)",1,99.31258793764184,31004
"(0.7164894725870335, 1.0)",2,99.31257020479936,31006
"(0.8449978636391381, 1.0)",1,99.31254702047973,31007
"(0.6179693015417549, 1.0)",1,99.31251488777468,31008
"(0.9833229101521784, 1.0)",1,99.31236182205076,31009
"(0.979055829228243, 0.9958292603453894)",1,99.31234440461972,31010
"(0.917469251615593, 1.0)",1,99.31230876147332,31011
"(0.930124456440246, 1.0)",1,99.31219012176751,31012
"(0.8600291387756281, 0.9958292603453894)",1,99.31212801176632,31013
"(0.9161952650324744, 1.0)",1,99.31208200115864,31014
"(0.8814814814814814, 1.0)",1,99.31203308798167,31015
"(0.9009287520039462, 1.0)",1,99.31200981142617,31016
"(0.7802197802197803, 1.0)",1,99.31199776953488,31017
"(0.7344692811916678, 1.0)",1,99.3119926370346,31018
"(0.6521663785997688, 1.0)",1,99.3119549995711,31019
"(0.9166682405676116, 1.0)",2,99.31194841929076,31021
"(0.8615866942983156, 1.0)",1,99.31193929736808,31022
"(0.9490213526488036, 0.9958292603453894)",1,99.3118248738156,31023
"(0.9490213526488036, 0.9958292603453894)",1,99.31182487381558,31024
"(0.9832965806068272, 0.9958292603453894)",2,99.31182242232066,31026
"(0.9833040078201368, 0.9958292603453894)",1,99.31178336435524,31027
"(0.6825396825396824, 1.0)",1,99.31177930260732,31028
"(0.9916585206907788, 0.9958292603453894)",1,99.3116901942626,31029
"(0.5070372093557577, 1.0)",1,99.31168010190912,31030
"(0.5131569832583307, 1.0)",1,99.31167723119523,31031
"(0.9916585206907788, 0.9958292603453894)",2,99.31161988443772,31033
"(0.617513611615245, 1.0)",1,99.31155103074448,31034
"(0.9008025849489264, 1.0)",1,99.31151556733964,31035
"(0.8420013166556946, 1.0)",1,99.3114698184747,31036
"(0.8158879904162925, 1.0)",1,99.31144539570602,31037
"(0.8296970789758384, 1.0)",1,99.31136571723908,31038
"(0.9454999712494968, 0.9958292603453894)",1,99.31118882595162,31039
"(0.903667392883079, 1.0)",1,99.31116435498532,31040
"(0.9580602951397298, 0.9958292603453894)",1,99.31114983794888,31041
"(0.962264663441134, 0.9958292603453894)",1,99.31110677380988,31042
"(0.8310777799491891, 1.0)",2,99.31109177622488,31044
"(0.987463247273494, 0.9958292603453894)",1,99.31107728831007,31045
"(1.0, 0.9958292603453894)",2,99.31107226889807,31047
"(0.7511111111111111, 1.0)",1,99.31105361227604,31048
"(0.9326599326599326, 1.0)",1,99.31103288882284,31049
"(0.837707400507675, 1.0)",1,99.3110309156879,31050
"(0.9189396095602992, 0.9958292603453894)",1,99.31100829153564,31051
"(0.861111111111111, 1.0)",1,99.31100410801496,31052
"(0.5910680656443368, 1.0)",1,99.31098849758524,31053
"(0.8483418730488175, 0.9958292603453894)",1,99.3108675530976,31054
"(0.9749395281084088, 0.9958292603453894)",1,99.310775525539,31055
"(1.0, 1.0)",1,99.31076470611356,31056
"(0.9916666666666668, 0.9958292603453894)",1,99.3107229621225,31057
"(0.7802197802197803, 1.0)",1,99.3107028521558,31058
"(0.8310777799491891, 1.0)",2,99.31069573715406,31060
"(0.9, 1.0)",1,99.31069536654712,31061
"(0.962505246140658, 0.9958292603453894)",1,99.31065172268382,31062
"(0.9189396095602992, 0.9958292603453894)",1,99.31055535772904,31063
"(0.9161952650324744, 1.0)",1,99.31051872358614,31064
"(0.9497171590194846, 1.0)",1,99.31047960328196,31065
"(0.930124456440246, 1.0)",1,99.31043392953704,31066
"(0.8229870141950848, 1.0)",1,99.31042308716742,31067
"(0.9280317595086728, 0.9958292603453894)",2,99.31035616682048,31069
"(0.8814814814814814, 1.0)",1,99.31015319103705,31070
"(0.757745166550198, 1.0)",1,99.310153165125,31071
"(0.8294970161977834, 1.0)",1,99.3101317122249,31072
"(0.868077055383557, 1.0)",1,99.31012296414634,31073
"(0.8796475392220073, 1.0)",1,99.31010494179633,31074
"(0.8222222222222222, 1.0)",1,99.31009320362224,31075
"(0.930124456440246, 1.0)",1,99.310081161894,31076
"(0.97934925289764, 0.9958292603453894)",1,99.31003602857804,31077
"(0.987463247273494, 0.9958292603453894)",2,99.30996216202584,31079
"(0.7198480531813864, 1.0)",1,99.30996008214314,31080
"(0.9326599326599326, 1.0)",4,99.30994735070476,31084
"(0.8796475392220073, 1.0)",1,99.3099432296803,31085
"(0.9833040078201368, 0.9958292603453894)",1,99.30991831528844,31086
"(0.9747273037595618, 0.9958292603453894)",1,99.30990960919968,31087
"(0.7994987468671678, 1.0)",1,99.30990703776328,31088
"(0.7673678366541239, 1.0)",1,99.30989847542256,31089
"(0.8976982097186702, 1.0)",1,99.30988347332772,31090
"(0.9916585206907788, 0.9958292603453894)",1,99.30985871534038,31091
"(0.97934925289764, 0.9958292603453894)",1,99.30978730225344,31092
"(0.8976982097186702, 1.0)",2,99.30963268047668,31094
"(0.8697983697983697, 1.0)",1,99.3096302915996,31095
"(0.9707136080238548, 0.9958292603453894)",1,99.30961853138542,31096
"(0.9161952650324744, 1.0)",1,99.30957371925368,31097
"(0.987491854024112, 0.9958292603453894)",1,99.30956351627914,31098
"(0.9833229101521784, 1.0)",1,99.30954595001484,31099
"(0.4747763864042934, 1.0)",1,99.30953832992202,31100
"(0.7090909090909091, 1.0)",1,99.3094506397196,31101
"(0.8016677935542034, 1.0)",1,99.30937986294562,31102
"(0.9326599326599326, 1.0)",2,99.30937833858246,31104
"(0.9873891625615764, 0.9958292603453894)",1,99.30934835336092,31105
"(0.8976982097186702, 1.0)",1,99.30927278743386,31106
"(0.9009287520039462, 1.0)",2,99.30917189076396,31108
"(0.9198255060602112, 0.9958292603453894)",1,99.309127721994,31109
"(0.9609386607489072, 0.9958292603453894)",1,99.3091132533712,31110
"(0.8310777799491891, 1.0)",1,99.30909325146436,31111
"(0.9299160159815896, 1.0)",1,99.30908938171488,31112
"(0.8533622685185187, 1.0)",1,99.309067943948,31113
"(0.7277677677677677, 1.0)",1,99.30906169489388,31114
"(0.9497171590194846, 1.0)",1,99.3090531029098,31115
"(0.8165509259259259, 1.0)",2,99.30904272034532,31117
"(0.6238244514106583, 1.0)",1,99.30901712300708,31118
"(0.9018806250259218, 1.0)",1,99.30896161511056,31119
"(0.947552083649559, 0.9958292603453894)",1,99.30894320202476,31120
"(0.9279680209218476, 0.9958292603453894)",2,99.30892437594524,31122
"(0.8653198653198653, 1.0)",1,99.30890211243448,31123
"(0.8229870141950848, 1.0)",1,99.30887204326086,31124
"(0.987463247273494, 0.9958292603453894)",1,99.30885035655288,31125
"(0.9792766373411534, 0.9958292603453894)",1,99.30883473587468,31126
"(0.9166145507608924, 0.9833229101521784)",1,99.3088255650734,31127
"(0.8420013166556946, 1.0)",1,99.30880041903586,31128
"(0.7090909090909091, 1.0)",1,99.30879874653944,31129
"(0.7673678366541239, 1.0)",1,99.30876857140034,31130
"(0.9333333333333332, 1.0)",1,99.30875729209065,31131
"(0.7090909090909091, 0.9833229101521784)",1,99.30871536109026,31132
"(0.9958292603453894, 0.9958292603453894)",1,99.30867249603736,31133
"(0.9581458989353726, 1.0)",1,99.308665579495,31134
"(0.6664472240509107, 1.0)",1,99.30863499306795,31135
"(0.837707400507675, 1.0)",1,99.30860687140716,31136
"(0.80285509389987, 1.0)",1,99.3085485618502,31137
"(0.8222222222222222, 1.0)",1,99.30853784790104,31138
"(0.7994987468671678, 1.0)",1,99.30848098858662,31139
"(0.903667392883079, 1.0)",1,99.30845267397704,31140
"(0.8229870141950848, 0.986081059422206)",1,99.30844455938484,31141
"(1.0, 1.0)",1,99.30841596745486,31142
"(0.97899550533801, 0.9958292603453894)",1,99.30840558027914,31143
"(0.8065954953750508, 1.0)",1,99.30839697816668,31144
"(0.861111111111111, 1.0)",1,99.30839394695576,31145
"(0.8552744708994707, 1.0)",1,99.30836927958909,31146
"(0.826388888888889, 1.0)",1,99.30827455421486,31147
"(0.9504245882013664, 0.9958292603453894)",1,99.30825980785907,31148
"(0.8796475392220073, 1.0)",1,99.30818898606574,31149
"(0.9833040078201368, 0.9958292603453894)",1,99.30806460206702,31150
"(0.6521663785997688, 1.0)",1,99.30805580185644,31151
"(0.9832965806068272, 0.9958292603453894)",1,99.3079964018446,31152
"(0.944563492063492, 1.0)",1,99.30796169737792,31153
"(0.8885714285714285, 1.0)",1,99.30789335599836,31154
"(0.9490213526488036, 0.9958292603453894)",1,99.30785238395868,31155
"(0.8310777799491891, 1.0)",1,99.30784373130224,31156
"(0.826388888888889, 1.0)",1,99.30781404418632,31157
"(0.8976982097186702, 1.0)",1,99.30779295346323,31158
"(0.9500975805767078, 0.9958292603453894)",1,99.30769268659432,31159
"(0.958095238095238, 0.9958292603453894)",1,99.30767078774517,31160
"(0.944563492063492, 1.0)",2,99.3076481304169,31162
"(0.9750780096985032, 0.9958292603453894)",1,99.30764109819422,31163
"(0.97934925289764, 0.9958292603453894)",1,99.3075930095606,31164
"(0.9490213526488036, 0.9958292603453894)",1,99.3075371870725,31165
"(0.9369808292429718, 0.9958292603453894)",2,99.3075021155006,31167
"(0.9584987529902784, 1.0)",2,99.3074280737794,31169
"(0.8222222222222222, 1.0)",1,99.30715863822688,31170
"(0.9665831244778612, 1.0)",1,99.3071293837398,31171
"(0.9744745723240348, 0.9958292603453894)",1,99.30712086433525,31172
"(0.9750943974852894, 0.9958292603453894)",1,99.3070818629636,31173
"(0.8065954953750508, 1.0)",1,99.3070683102434,31174
"(0.8165509259259259, 1.0)",1,99.30703930443536,31175
"(0.9833211143695014, 0.9958292603453894)",2,99.30701543865553,31177
"(0.7278086237149632, 1.0)",1,99.30688287669328,31178
"(0.9665831244778612, 1.0)",1,99.30677403938948,31179
"(0.5555555555555555, 1.0)",1,99.30676838262592,31180
"(0.9665831244778612, 1.0)",1,99.30674860488725,31181
"(0.7069597069597069, 1.0)",1,99.30670939387242,31182
"(0.8483418730488175, 0.9958292603453894)",1,99.30669681344298,31183
"(0.757745166550198, 1.0)",1,99.30666796501475,31184
"(0.8796475392220073, 1.0)",2,99.3066499468039,31186
"(1.0, 1.0)",1,99.3065611268426,31187
"(0.9126251340467026, 0.9958292603453894)",1,99.30648510305228,31188
"(0.7601164382773579, 1.0)",1,99.3064203115344,31189
"(0.8547756205106323, 1.0)",1,99.30641214557896,31190
"(0.8420013166556946, 1.0)",1,99.3062745191144,31191
"(0.9504245882013664, 0.9958292603453894)",1,99.30625464914618,31192
"(0.8929015655249481, 0.9958292603453894)",1,99.30623935842874,31193
"(0.9003556829643787, 1.0)",1,99.30620944979376,31194
"(0.8374727668845315, 1.0)",1,99.30616669190525,31195
"(0.8796475392220073, 1.0)",1,99.30615442589148,31196
"(0.9441792447111594, 1.0)",1,99.30614604589248,31197
"(0.934122934122934, 1.0)",1,99.30613744550016,31198
"(0.8796475392220073, 1.0)",1,99.3060933880426,31199
"(0.8443691323092412, 0.9958292603453894)",1,99.30600139648888,31200
"(0.808446455505279, 1.0)",2,99.30599953269191,31202
"(0.9027777777777778, 1.0)",1,99.3059108401566,31203
"(0.9832965806068272, 0.9958292603453894)",1,99.305900730115,31204
"(0.8814814814814814, 1.0)",1,99.30589331469837,31205
"(0.9622634791942192, 0.9958292603453894)",1,99.3057952062897,31206
"(0.9833229101521784, 1.0)",1,99.30569399806448,31207
"(0.7647742788871822, 1.0)",1,99.30568748666032,31208
"(0.9326599326599326, 1.0)",1,99.3056758056758,31209
"(0.738145558145558, 1.0)",1,99.30565018816466,31210
"(1.0, 1.0)",1,99.30564496721313,31211
"(0.9876221896383188, 0.9958292603453894)",1,99.30564269937295,31212
"(0.6804620726495727, 1.0)",1,99.3055177801216,31213
"(0.5910680656443368, 1.0)",1,99.30547180513987,31214
"(0.8676532769556025, 1.0)",1,99.30541948566908,31215
"(0.5555555555555555, 1.0)",1,99.30539920783822,31216
"(0.6378166586499919, 1.0)",1,99.30528345523952,31217
"(0.979051756240299, 0.9958292603453894)",1,99.30524326786129,31218
"(0.9833229101521784, 1.0)",1,99.30523595546566,31219
"(0.8420013166556946, 1.0)",1,99.3052030339704,31220
"(0.9665831244778612, 1.0)",1,99.30517858502456,31221
"(0.8420013166556946, 1.0)",1,99.30516638066686,31222
"(0.9699183291713004, 0.9958292603453894)",1,99.30515029649072,31223
"(0.9333333333333332, 1.0)",1,99.30510673180764,31224
"(0.9435817855979146, 0.9958292603453894)",1,99.30490210028792,31225
"(0.9490213526488036, 0.9958292603453894)",1,99.30488981692268,31226
"(0.970619176311776, 0.9958292603453894)",1,99.30485799709496,31227
"(0.8222222222222222, 1.0)",2,99.30485626198076,31229
"(0.9791332681655264, 0.9958292603453894)",1,99.30483392409776,31230
"(0.8312205288949474, 1.0)",1,99.30480343039338,31231
"(0.958227107069612, 0.9958292603453894)",1,99.30476636332786,31232
"(0.8697983697983697, 1.0)",1,99.30465593269857,31233
"(0.8222222222222222, 1.0)",2,99.30459497712386,31235
"(0.8796475392220073, 1.0)",1,99.30454623257462,31236
"(0.9747273037595618, 0.9958292603453894)",1,99.30454342505976,31237
"(0.9833229101521784, 1.0)",1,99.3045255091537,31238
"(0.9665831244778612, 1.0)",1,99.30451910187408,31239
"(0.9748524098350704, 0.9958292603453894)",1,99.3044352275915,31240
"(0.8676532769556025, 1.0)",1,99.3043547697012,31241
"(0.8420013166556946, 1.0)",1,99.30434543472322,31242
"(0.757745166550198, 1.0)",1,99.30431542654644,31243
"(0.979055829228243, 0.9958292603453894)",1,99.30430441392,31244
"(0.9750481776288228, 0.9958292603453894)",1,99.3041484381173,31245
"(0.7416325017951034, 1.0)",1,99.3041483262672,31246
"(0.8300265307680562, 1.0)",1,99.3039882207072,31247
"(0.9182966261114094, 0.9958292603453894)",1,99.3039872002844,31248
"(0.8312205288949474, 1.0)",1,99.30394441688402,31249
"(0.7944219523166891, 1.0)",1,99.30388748014664,31250
"(0.9166145507608924, 1.0)",1,99.30386182547142,31251
"(0.8372053872053872, 1.0)",1,99.30384385527856,31252
"(0.9167853751187084, 1.0)",1,99.30379866370106,31253
"(0.7786375661375661, 1.0)",1,99.30379029592712,31254
"(0.8101143854687974, 1.0)",1,99.30376059405006,31255
"(0.9504245882013664, 0.9958292603453894)",1,99.30372773576002,31256
"(0.987463247273494, 0.9958292603453894)",1,99.30368266384671,31257
"(0.7965746171391332, 1.0)",1,99.30355834966004,31258
"(0.7802197802197803, 1.0)",1,99.3035501163443,31259
"(0.9916585206907788, 0.9958292603453894)",1,99.30353866489536,31260
"(0.6042502004811546, 1.0)",1,99.30344720124786,31261
"(0.9445972545972546, 1.0)",1,99.30342033472314,31262
"(0.9833229101521784, 1.0)",1,99.30340329249384,31263
"(0.987463247273494, 0.9958292603453894)",1,99.30339762189948,31264
"(0.9833229101521784, 1.0)",1,99.30325730213195,31265
"(0.9916585206907788, 0.9958292603453894)",2,99.30325149073268,31267
"(0.9189396095602992, 0.9958292603453894)",1,99.3031459378887,31268
"(0.8552744708994707, 1.0)",1,99.30302816987708,31269
"(0.9664171122994653, 0.9958292603453894)",1,99.30302087528668,31270
"(0.9182966261114094, 0.9958292603453894)",1,99.30299775230964,31271
"(0.9835199925522506, 0.9958292603453894)",1,99.30294623166404,31272
"(0.930704099821747, 1.0)",1,99.30291854517256,31273
"(0.9835547122074636, 0.9958292603453894)",1,99.30289403630108,31274
"(0.8976982097186702, 1.0)",4,99.30285611256144,31278
"(0.9034438470728792, 0.9958292603453894)",1,99.30276818019254,31279
"(0.9497171590194848, 1.0)",1,99.30274097056623,31280
"(1.0, 1.0)",1,99.3027223572795,31281
"(0.9658159033159032, 0.9958292603453894)",1,99.30270676073869,31282
"(0.7916666666666666, 1.0)",2,99.30264227642276,31284
"(0.8310777799491891, 1.0)",1,99.30261012804311,31285
"(0.9750943974852894, 0.9958292603453894)",1,99.30259985119504,31286
"(0.9833229101521784, 1.0)",2,99.30256305697851,31288
"(0.9791348015256934, 0.9958292603453894)",1,99.30256227912952,31289
"(0.6698155645524068, 1.0)",2,99.30254341294136,31291
"(0.9744745723240348, 0.9958292603453894)",1,99.30253287150872,31292
"(0.97934925289764, 0.9958292603453894)",1,99.30253142335695,31293
"(0.8374727668845315, 1.0)",1,99.3025188989652,31294
"(0.8653198653198653, 1.0)",1,99.30251458236054,31295
"(0.8811945374355704, 1.0)",1,99.30249195709943,31296
"(0.617513611615245, 1.0)",1,99.30248789831636,31297
"(0.6042502004811546, 1.0)",1,99.30246504752596,31298
"(0.7802197802197803, 1.0)",1,99.30242115607967,31299
"(0.6698155645524068, 1.0)",1,99.30241802128836,31300
"(0.8158879904162925, 1.0)",1,99.3024156871477,31301
"(0.9126251340467026, 0.9958292603453894)",1,99.30232250937355,31302
"(0.9369138996969484, 0.9958292603453894)",1,99.3022894793846,31303
"(0.9873891625615764, 0.9958292603453894)",2,99.3022738577009,31305
"(0.8467532467532467, 1.0)",1,99.30224626322187,31306
"(0.958095238095238, 0.9958292603453894)",1,99.3022149266443,31307
"(0.9516794286955578, 0.9958292603453894)",1,99.30218831231666,31308
"(0.73687720936437, 1.0)",1,99.30218385393933,31309
"(0.987491854024112, 0.9958292603453894)",1,99.30216591204032,31310
"(0.8796475392220073, 1.0)",2,99.3021057251664,31312
"(0.812557599070401, 1.0)",1,99.30198764240374,31313
"(0.9027777777777778, 1.0)",1,99.30189219707208,31314
"(0.9835199925522506, 0.9958292603453894)",1,99.30183365946124,31315
"(0.9792766373411534, 0.9958292603453894)",1,99.30183008621404,31316
"(0.6747507742934573, 1.0)",1,99.30181255602096,31317
"(0.9280317595086728, 0.9958292603453894)",1,99.30179842129722,31318
"(0.9297812306740878, 1.0)",2,99.30164139156454,31320
"(0.9166145507608924, 1.0)",1,99.30153480455796,31321
"(0.617513611615245, 1.0)",1,99.30151271367168,31322
"(0.7340930674264007, 1.0)",1,99.30148682938976,31323
"(0.961552316099405, 0.9958292603453894)",1,99.301465108141,31324
"(0.8547756205106323, 1.0)",1,99.30141559519022,31325
"(0.9832965806068272, 1.0)",1,99.30132058811095,31326
"(0.9835199925522506, 0.9958292603453894)",1,99.30131186352249,31327
"(0.8420013166556946, 1.0)",1,99.30122268056256,31328
"(0.9497171590194848, 1.0)",1,99.3012205372944,31329
"(0.6612761389202956, 1.0)",1,99.30119727405751,31330
"(0.9582389563841176, 0.9958292603453894)",1,99.30109841270072,31331
"(0.9833229101521784, 1.0)",1,99.30109742632207,31332
"(0.9490213526488036, 0.9958292603453894)",2,99.30107045595354,31334
"(0.9369808292429718, 0.9958292603453894)",1,99.30105253531342,31335
"(0.9546499948224086, 0.9958292603453894)",1,99.30101376807951,31336
"(0.9009534009534008, 1.0)",2,99.30099551156113,31338
"(0.8840048840048841, 1.0)",1,99.30098379013208,31339
"(0.8533622685185187, 1.0)",1,99.30088598370772,31340
"(0.6886904761904762, 1.0)",1,99.30084832532198,31341
"(0.617513611615245, 1.0)",1,99.30084337155542,31342
"(0.812557599070401, 1.0)",1,99.30082616049184,31343
"(0.898989898989899, 1.0)",1,99.30079988360572,31344
"(0.9720813204508856, 1.0)",1,99.30079961205703,31345
"(0.7097211628104076, 1.0)",1,99.30078922845476,31346
"(0.9332172991312776, 0.9958292603453894)",1,99.30062644194363,31347
"(0.9665831244778612, 1.0)",1,99.30055131036713,31348
"(0.9445235834124724, 1.0)",1,99.30049989771445,31349
"(0.9158007932517735, 1.0)",1,99.30043393923027,31350
"(0.979273283115788, 0.9958292603453894)",1,99.30043283303851,31351
"(0.9161952650324744, 1.0)",1,99.30040987132666,31352
"(0.8420013166556946, 1.0)",1,99.30040155336424,31353
"(0.9871616776282092, 0.9958292603453894)",1,99.30040027038108,31354
"(0.8300265307680562, 1.0)",1,99.30036904004582,31355
"(0.771779679613781, 1.0)",1,99.3003635078483,31356
"(0.9750481776288228, 0.9958292603453894)",1,99.3003572248047,31357
"(0.9326599326599326, 1.0)",1,99.30033060231632,31358
"(0.8653198653198653, 1.0)",1,99.30033049266096,31359
"(0.8997493734335841, 1.0)",1,99.30027313473596,31360
"(0.9874877810361682, 0.9958292603453894)",1,99.30023142749228,31361
"(0.7069597069597069, 1.0)",1,99.30022161224208,31362
"(0.5910680656443368, 1.0)",1,99.30015897473524,31363
"(0.6747507742934573, 1.0)",1,99.30015041918256,31364
"(0.9874762808349148, 0.9958292603453894)",1,99.30013145367374,31365
"(0.8222222222222222, 1.0)",1,99.30010289046864,31366
"(0.8697983697983697, 1.0)",1,99.30007913892888,31367
"(0.97899550533801, 0.9958292603453894)",1,99.30006507788904,31368
"(0.8383327637702926, 0.9958292603453894)",1,99.30004648542705,31369
"(0.6747507742934573, 1.0)",1,99.30004200792882,31370
"(0.7711781618000022, 1.0)",1,99.30003026753808,31371
"(0.9833229101521784, 1.0)",1,99.3000033013467,31372
"(0.9332172991312776, 0.9958292603453894)",1,99.29999967556644,31373
"(0.934122934122934, 1.0)",1,99.2999126429165,31374
"(0.9665831244778612, 1.0)",1,99.29986434190542,31375
"(0.9326599326599326, 1.0)",2,99.29975296548372,31377
"(0.5218438528010998, 1.0)",2,99.29970786094266,31379
"(0.6747507742934573, 1.0)",1,99.299705555908,31380
"(0.9666562434855118, 1.0)",1,99.29969525267376,31381
"(0.9454999712494968, 0.9958292603453894)",1,99.29965175994752,31382
"(0.727840909090909, 1.0)",1,99.29965104081636,31383
"(0.8997493734335841, 1.0)",1,99.29963230190104,31384
"(0.83308011601048, 0.9958292603453894)",1,99.29960592149897,31385
"(0.9873891625615764, 1.0)",1,99.29957987505009,31386
"(0.9792766373411534, 0.9958292603453894)",1,99.29955650094378,31387
"(0.9442283950617284, 1.0)",1,99.2993839281622,31388
"(0.9435817855979146, 0.9958292603453894)",1,99.29938166522132,31389
"(0.8762860082304527, 1.0)",1,99.2993602903899,31390
"(0.7077308656256025, 1.0)",1,99.2993035669223,31391
"(0.9501563219469168, 0.9958292603453894)",1,99.29928169551354,31392
"(0.9916585206907788, 0.9958292603453894)",1,99.29926532519048,31393
"(0.80285509389987, 1.0)",1,99.29924306720758,31394
"(0.7030539311241066, 1.0)",2,99.29906428154992,31396
"(0.8814814814814814, 1.0)",1,99.29906057472704,31397
"(0.829257487152224, 1.0)",1,99.2990471584776,31398
"(0.8329050741331443, 1.0)",1,99.29902718214322,31399
"(0.9833229101521784, 1.0)",1,99.29902113059352,31400
"(0.8796475392220073, 1.0)",1,99.29898936485397,31401
"(0.8329050741331443, 1.0)",1,99.29882548273189,31402
"(0.9486619426325308, 1.0)",1,99.29880946907484,31403
"(0.9916585206907788, 0.9958292603453894)",1,99.29880730482854,31404
"(0.6760835913312693, 1.0)",1,99.29879382934148,31405
"(0.8880984643179766, 1.0)",1,99.29878272746288,31406
"(0.9699183291713004, 0.9958292603453894)",1,99.29873648249396,31407
"(0.9499687304565352, 0.9833229101521784)",1,99.2987236549347,31408
"(0.6747507742934573, 1.0)",2,99.2986776314911,31410
"(0.893146638589877, 1.0)",1,99.29867439789346,31411
"(0.9916585206907788, 0.9958292603453894)",1,99.29866155278644,31412
"(0.8997493734335841, 1.0)",1,99.2984929083249,31413
"(0.8736897274633123, 1.0)",1,99.29847669668564,31414
"(0.8796475392220073, 1.0)",1,99.29847253628182,31415
"(1.0, 1.0)",1,99.29844866265044,31416
"(0.9791348015256934, 0.9958292603453894)",1,99.2984160732376,31417
"(0.9834358767945106, 0.9958292603453894)",1,99.29838357033518,31418
"(0.9874762808349148, 0.9958292603453894)",1,99.29838010348614,31419
"(0.987463247273494, 0.9958292603453894)",1,99.29826003738212,31420
"(0.799275702501509, 1.0)",1,99.29820590746507,31421
"(0.9332172991312776, 0.9958292603453894)",1,99.2981690840042,31422
"(0.9876066164491212, 0.9958292603453894)",1,99.2981643386162,31423
"(0.5070372093557577, 1.0)",1,99.2981493661352,31424
"(0.6784722222222224, 1.0)",1,99.29812779543592,31425
"(0.8789143848066376, 0.9958292603453894)",1,99.2980913350241,31426
"(0.7735205142749102, 1.0)",1,99.29806244193183,31427
"(0.7075023741690408, 1.0)",1,99.29803485822625,31428
"(0.6825396825396824, 1.0)",1,99.29802142895852,31429
"(0.808446455505279, 1.0)",1,99.29794778469814,31430
"(0.933096859926128, 1.0)",1,99.29790255231802,31431
"(0.6784722222222224, 1.0)",1,99.29786998592893,31432
"(0.987463247273494, 0.9958292603453894)",1,99.29786490746734,31433
"(0.8929015655249481, 0.9958292603453894)",1,99.2978476331999,31434
"(0.9161952650324744, 1.0)",1,99.29782396391352,31435
"(0.9916585206907788, 0.9958292603453894)",1,99.29780731745,31436
"(0.7545469576719577, 1.0)",1,99.297788798199,31437
"(0.9665831244778612, 1.0)",1,99.29773772147716,31438
"(0.9279680209218476, 0.9958292603453894)",1,99.29773065080556,31439
"(0.9166145507608924, 1.0)",1,99.297687172743,31440
"(0.9189396095602992, 0.9958292603453894)",1,99.29756185527933,31441
"(0.8365328658269835, 0.9958292603453894)",2,99.29754821038117,31443
"(0.8158879904162925, 1.0)",1,99.29752239901217,31444
"(0.9369138996969484, 0.9958292603453894)",2,99.2974551514706,31446
"(0.9581458989353726, 1.0)",1,99.29745304193672,31447
"(0.9580331374974232, 1.0)",2,99.29741280803074,31449
"(0.861111111111111, 1.0)",1,99.29736153247777,31450
"(0.8976982097186702, 1.0)",1,99.29735071649657,31451
"(0.7077308656256025, 1.0)",1,99.29733539098795,31452
"(0.9300671002153482, 1.0)",1,99.29729918940647,31453
"(0.6733821733821733, 1.0)",1,99.29720662479284,31454
"(1.0, 1.0)",1,99.29717120159988,31455
"(0.9169719169719168, 1.0)",2,99.29712993736936,31457
"(0.9161952650324744, 1.0)",1,99.29711979858858,31458
"(0.9581458989353726, 1.0)",1,99.29700002073407,31459
"(0.9874877810361682, 0.9958292603453894)",2,99.29697490354089,31461
"(0.9161952650324744, 1.0)",1,99.29696849387568,31462
"(0.7344692811916678, 1.0)",1,99.29696094097044,31463
"(0.9546499948224086, 0.9958292603453894)",1,99.29691492597574,31464
"(0.9581458989353726, 1.0)",1,99.2968989464776,31465
"(0.971023600055858, 0.9958292603453894)",1,99.29688992440576,31466
"(0.8615866942983156, 1.0)",1,99.29683475284097,31467
"(0.7090909090909091, 1.0)",1,99.2968199207564,31468
"(0.9131856219190184, 0.9958292603453894)",1,99.29678108815494,31469
"(0.8374727668845315, 1.0)",1,99.29677060455208,31470
"(0.9791332681655264, 0.9958292603453894)",1,99.29669994780753,31471
"(0.9874762808349148, 0.9958292603453894)",1,99.29664327960518,31472
"(0.746304385688563, 1.0)",1,99.29664112567112,31473
"(0.8703703703703703, 1.0)",1,99.29663746608549,31474
"(0.8347775825943863, 0.9958292603453894)",2,99.29662368725678,31476
"(0.9833229101521784, 1.0)",1,99.29662363225792,31477
"(1.0, 1.0)",1,99.29657193384584,31478
"(0.9662506012506012, 0.9958292603453894)",1,99.2965553873328,31479
"(0.9791258409522168, 0.9958292603453894)",1,99.29654107881773,31480
"(0.9666666666666668, 1.0)",1,99.2965127632013,31481
"(0.8137865219658889, 1.0)",1,99.29649516975796,31482
"(0.9746535316523212, 0.9958292603453894)",1,99.29647924613737,31483
"(0.7430253184970165, 1.0)",1,99.29639019212875,31484
"(0.8796475392220073, 1.0)",4,99.29631420588868,31488
"(0.8976982097186702, 1.0)",1,99.29629408918748,31489
"(0.9665831244778612, 1.0)",1,99.29626013539962,31490
"(0.9833229101521784, 1.0)",1,99.296240987075,31491
"(0.9829909379735984, 0.9958292603453894)",1,99.29619171135845,31492
"(0.9583930063253372, 1.0)",1,99.29618791565017,31493
"(0.9871616776282092, 0.9958292603453894)",1,99.29618187631591,31494
"(0.7340930674264006, 1.0)",1,99.29617055633317,31495
"(0.8137865219658889, 1.0)",1,99.2961208118643,31496
"(0.8736897274633123, 1.0)",1,99.29611287420413,31497
"(0.8468951683237397, 1.0)",1,99.29609132945828,31498
"(0.8633762288330498, 1.0)",1,99.29606250640592,31499
"(0.8635976129582268, 1.0)",1,99.2960344381377,31500
"(0.962505246140658, 0.9958292603453894)",1,99.2959867362116,31501
"(0.9198255060602112, 0.9958292603453894)",1,99.2959290765559,31502
"(1.0, 1.0)",1,99.29592525034072,31503
"(0.5910680656443368, 1.0)",1,99.29585625515654,31504
"(0.9295946890286512, 1.0)",1,99.29580175104452,31505
"(0.9168295861844248, 1.0)",1,99.29575635581644,31506
"(0.8158879904162925, 1.0)",1,99.29563828597868,31507
"(0.8653198653198653, 1.0)",1,99.29561223835016,31508
"(0.971023600055858, 0.9958292603453894)",1,99.29560832698724,31509
"(0.9873891625615764, 0.9958292603453894)",1,99.2955725736043,31510
"(0.8635976129582268, 1.0)",1,99.29551695116768,31511
"(0.9916585206907788, 0.9958292603453894)",1,99.2953254160464,31512
"(0.9326599326599326, 1.0)",1,99.29530571268636,31513
"(0.8976982097186702, 1.0)",1,99.29525508192992,31514
"(0.9791348015256934, 0.9958292603453894)",1,99.29523820138836,31515
"(0.9501563219469168, 0.9958292603453894)",1,99.29511095585892,31516
"(0.8490736316823273, 1.0)",1,99.29508689760382,31517
"(0.965648083497546, 0.9958292603453894)",1,99.29505588520296,31518
"(0.9916666666666668, 0.9958292603453894)",1,99.295041489817,31519
"(0.978932178932179, 0.9958292603453894)",1,99.29503534746104,31520
"(0.9161952650324744, 1.0)",1,99.29502709324036,31521
"(0.7532376017916352, 1.0)",1,99.29502165797206,31522
"(0.9792406033772258, 0.9958292603453894)",1,99.29500657050704,31523
"(0.7532376017916352, 1.0)",1,99.29499760762587,31524
"(0.9833229101521784, 1.0)",2,99.29493938794324,31526
"(0.8907966222338917, 0.9958292603453894)",1,99.29491990136988,31527
"(0.9333044546043194, 0.9958292603453894)",1,99.29490077082755,31528
"(0.9161379295307868, 1.0)",1,99.29487079226244,31529
"(0.983545503234046, 0.9958292603453894)",1,99.29483806613564,31530
"(0.8997493734335841, 1.0)",1,99.29472747572876,31531
"(0.6698155645524068, 1.0)",1,99.29468192808594,31532
"(0.9280317595086728, 0.9958292603453894)",2,99.294649286063,31534
"(0.8997493734335841, 1.0)",1,99.29464469647766,31535
"(0.8586166985951469, 1.0)",3,99.29462692775672,31538
"(0.917849761232425, 1.0)",1,99.29462460502052,31539
"(0.9871616776282092, 0.9958292603453894)",1,99.29458273297048,31540
"(0.7802197802197803, 1.0)",1,99.29453262786596,31541
"(0.987463247273494, 0.9958292603453894)",1,99.29448510205076,31542
"(0.8329050741331443, 1.0)",1,99.29444091235293,31543
"(0.9333333333333332, 1.0)",1,99.29439334298128,31544
"(0.9299507899507898, 1.0)",1,99.29437592932707,31545
"(0.9622634791942192, 0.9958292603453894)",1,99.29433365219582,31546
"(0.9916339869281046, 0.9958292603453894)",1,99.29430795798754,31547
"(0.8266173510466989, 1.0)",2,99.2942858813842,31549
"(0.9131856219190184, 0.9958292603453894)",1,99.2941539885202,31550
"(0.9833229101521784, 1.0)",1,99.29413348515796,31551
"(0.903667392883079, 1.0)",2,99.29395762370734,31553
"(0.7060994560994561, 1.0)",1,99.29393612041298,31554
"(0.9369138996969484, 0.9958292603453894)",2,99.29391119039992,31556
"(0.9250222656674272, 0.9958292603453894)",1,99.29383984713536,31557
"(0.9873891625615764, 0.9958292603453894)",2,99.29378076041944,31559
"(0.9958292603453894, 0.9958292603453894)",1,99.29377966765092,31560
"(0.9516794286955578, 0.9958292603453894)",1,99.29374821453284,31561
"(0.9333044546043194, 0.9958292603453894)",1,99.29374261836976,31562
"(0.7277677677677677, 1.0)",1,99.2937152002593,31563
"(0.6747507742934573, 1.0)",1,99.29365078591408,31564
"(0.8796475392220073, 1.0)",1,99.29364987312164,31565
"(0.8053381731676306, 1.0)",2,99.2935746804974,31567
"(0.9874877810361682, 0.9958292603453894)",1,99.2935328143478,31568
"(0.9720813204508856, 1.0)",1,99.29348387980046,31569
"(0.9153439153439152, 1.0)",2,99.29337712096331,31571
"(0.9167853751187084, 1.0)",1,99.29336117127536,31572
"(0.9750854369118126, 0.9958292603453894)",1,99.29333143795684,31573
"(0.8635976129582268, 1.0)",1,99.29324675944764,31574
"(0.9749706744868036, 0.9958292603453894)",1,99.2932081278409,31575
"(0.7121693121693121, 1.0)",1,99.29317053442152,31576
"(0.5910680656443368, 1.0)",1,99.29315758929997,31577
"(0.9497171590194846, 1.0)",1,99.29314430465328,31578
"(0.8635976129582268, 1.0)",1,99.29305382899236,31579
"(1.0, 1.0)",1,99.29300296790052,31580
"(0.8222222222222222, 1.0)",1,99.29284203173803,31581
"(0.93773047895128, 0.9958292603453894)",1,99.29281681878628,31582
"(0.7601164382773579, 1.0)",1,99.29271905175288,31583
"(0.9618291283060416, 0.9958292603453894)",1,99.292714868292,31584
"(0.6698155645524068, 1.0)",1,99.29267270810456,31585
"(0.6733821733821733, 1.0)",1,99.29262402951257,31586
"(0.9832401090007582, 0.9958292603453894)",1,99.29253696896396,31587
"(0.837707400507675, 1.0)",1,99.29250601320102,31588
"(0.8976982097186702, 1.0)",1,99.2925031860384,31589
"(0.9832401090007582, 0.9958292603453894)",1,99.29249995497688,31590
"(0.8732774170274171, 1.0)",1,99.2924958045947,31591
"(0.9958292603453894, 0.9958292603453894)",1,99.29235889905392,31592
"(0.9874762808349148, 0.9958292603453894)",1,99.29235147779278,31593
"(0.7711781618000022, 1.0)",1,99.29231478640224,31594
"(0.987463247273494, 0.9958292603453894)",1,99.29224664777824,31595
"(0.9750072792119512, 1.0)",1,99.29214709397218,31596
"(0.9916339869281046, 0.9958292603453894)",1,99.29214570081427,31597
"(0.9748524098350704, 0.9958292603453894)",1,99.2920581359924,31598
"(0.7643097643097643, 1.0)",1,99.2919614498562,31599
"(0.9833211143695014, 0.9958292603453894)",2,99.29195447166995,31601
"(0.6575398846941737, 1.0)",2,99.29180978165328,31603
"(0.7204751921733054, 1.0)",1,99.29178396707644,31604
"(0.9249567554350648, 0.9958292603453894)",1,99.29178357699708,31605
"(0.9504245882013664, 0.9958292603453894)",1,99.29175313785692,31606
"(0.5910680656443368, 1.0)",1,99.2917442575486,31607
"(0.9958292603453894, 1.0)",1,99.2917341225722,31608
"(0.9618291283060416, 0.9958292603453894)",1,99.29173183966915,31609
"(0.987463247273494, 0.9958292603453894)",1,99.2917221785124,31610
"(0.9445972545972546, 1.0)",1,99.29171331926086,31611
"(0.9493072891175358, 0.9958292603453894)",1,99.2916783741432,31612
"(0.8319340617212959, 1.0)",1,99.2916009781916,31613
"(0.9034438470728792, 0.9958292603453894)",2,99.29151825594124,31615
"(0.8796475392220073, 1.0)",1,99.29150709908734,31616
"(0.97899550533801, 0.9958292603453894)",2,99.2915002188152,31618
"(0.9958292603453894, 0.9958292603453894)",1,99.29148370609904,31619
"(0.9153439153439152, 1.0)",1,99.29146670329406,31620
"(0.987491854024112, 0.9958292603453894)",1,99.29144402623828,31621
"(0.8997493734335841, 1.0)",1,99.29137996506418,31622
"(0.7880931329207191, 1.0)",1,99.29137320609328,31623
"(0.9958292603453894, 0.9958292603453894)",1,99.29135613718502,31624
"(0.958095238095238, 0.9958292603453894)",1,99.29134581850232,31625
"(0.9165164082221422, 1.0)",1,99.2913394459581,31626
"(0.7375253438078971, 1.0)",1,99.29124831809892,31627
"(0.8420013166556946, 1.0)",1,99.29121848089213,31628
"(0.837707400507675, 1.0)",1,99.2912014721091,31629
"(0.970619176311776, 0.9958292603453894)",1,99.2911618884553,31630
"(0.8420013166556946, 1.0)",1,99.29109378155596,31631
"(0.9497171590194848, 1.0)",1,99.29108761407964,31632
"(0.6664472240509107, 1.0)",1,99.29105274101836,31633
"(0.8976982097186702, 1.0)",2,99.2909782270396,31635
"(0.837707400507675, 1.0)",1,99.29096116578192,31636
"(0.9003556829643787, 1.0)",1,99.29093507457073,31637
"(0.9751539794803552, 0.9958292603453894)",1,99.29089523354418,31638
"(0.9161379295307868, 1.0)",1,99.29089302407183,31639
"(0.861111111111111, 1.0)",1,99.2908230532777,31640
"(0.721056721056721, 1.0)",1,99.29081410788424,31641
"(0.7647742788871822, 1.0)",1,99.29080582357474,31642
"(0.7421018697614443, 1.0)",1,99.29072497564388,31643
"(0.6804620726495727, 1.0)",1,99.29069595042245,31644
"(0.9749706744868036, 0.9958292603453894)",1,99.29068071679552,31645
"(0.8329050741331443, 1.0)",2,99.2906136085146,31647
"(0.6215073982652175, 1.0)",1,99.29061088376422,31648
"(0.7802197802197803, 1.0)",1,99.29058649456968,31649
"(0.9916339869281046, 0.9958292603453894)",1,99.29054098745748,31650
"(1.0, 1.0)",2,99.2904941561687,31652
"(0.97495917428555, 0.9958292603453894)",1,99.29049185575772,31653
"(0.6238244514106583, 1.0)",2,99.29044184485733,31655
"(0.8229870141950848, 1.0)",1,99.29041278549872,31656
"(0.9707136080238548, 0.9958292603453894)",1,99.2904063958876,31657
"(0.9504245882013664, 0.9958292603453894)",1,99.290370360439,31658
"(0.7083333333333334, 1.0)",1,99.2903605015674,31659
"(0.7786375661375661, 1.0)",1,99.29035877864796,31660
"(0.73687720936437, 1.0)",1,99.29035737091854,31661
"(0.9157097551404952, 0.9958292603453894)",1,99.29033937336112,31662
"(0.8329050741331443, 1.0)",1,99.29020763102577,31663
"(0.9874762808349148, 0.9958292603453894)",1,99.2901828573666,31664
"(0.9332172991312776, 0.9958292603453894)",1,99.29009959648184,31665
"(0.9250222656674272, 0.9958292603453894)",1,99.29003441010376,31666
"(0.9497171590194848, 1.0)",1,99.29001774747212,31667
"(0.979051756240299, 0.9958292603453894)",1,99.28998421885794,31668
"(0.9326599326599326, 1.0)",1,99.28988328176968,31669
"(0.9153439153439156, 1.0)",1,99.28987035755117,31670
"(0.9750854369118126, 1.0)",1,99.28985817031248,31671
"(0.987491854024112, 0.9958292603453894)",1,99.28984048288038,31672
"(0.7979797979797979, 1.0)",1,99.2898180319564,31673
"(0.861111111111111, 1.0)",1,99.28972051114528,31674
"(0.6825396825396824, 1.0)",3,99.28968704410252,31677
"(0.8976982097186702, 1.0)",1,99.28966161946592,31678
"(0.7340930674264006, 1.0)",4,99.28964862298196,31682
"(1.0, 1.0)",1,99.28964862298196,31683
"(0.8697983697983697, 1.0)",2,99.28962117260473,31685
"(0.6042502004811546, 1.0)",1,99.28954818596245,31686
"(0.9131856219190184, 0.9958292603453894)",1,99.28953251305468,31687
"(0.738145558145558, 1.0)",1,99.28939414905192,31688
"(0.9835547122074636, 0.9958292603453894)",1,99.28934390050853,31689
"(0.8633762288330498, 1.0)",1,99.28934223303386,31690
"(0.9583178702993204, 0.9916625936787228)",1,99.2893334483471,31691
"(0.808446455505279, 1.0)",1,99.28932244284408,31692
"(0.9326599326599326, 1.0)",1,99.28929213508904,31693
"(0.7344692811916678, 1.0)",1,99.28928487900538,31694
"(0.6544644252235129, 1.0)",1,99.2892514977583,31695
"(1.0, 1.0)",1,99.2891979485186,31696
"(0.8845578466141503, 1.0)",1,99.28915151729996,31697
"(0.9707136080238548, 0.9958292603453894)",2,99.28912476278596,31699
"(1.0, 0.9958292603453894)",1,99.2891232409829,31700
"(0.8635976129582268, 1.0)",1,99.28908028139264,31701
"(0.987463247273494, 0.9958292603453894)",1,99.28905414106931,31702
"(0.8222222222222222, 1.0)",1,99.28891087331677,31703
"(0.9832965806068272, 0.9958292603453894)",2,99.28886085840723,31705
"(0.9009287520039462, 1.0)",1,99.28883897484162,31706
"(0.8468089381754635, 1.0)",1,99.28877327361724,31707
"(0.9412662901087948, 0.9958292603453894)",1,99.28876151181288,31708
"(0.8468089381754635, 1.0)",1,99.288723330931,31709
"(0.7944219523166891, 1.0)",1,99.28870989230424,31710
"(0.930704099821747, 1.0)",4,99.28868283830684,31714
"(0.6179693015417549, 1.0)",1,99.288636732274,31715
"(0.8347775825943863, 0.9958292603453894)",1,99.28860245369624,31716
"(0.9749706744868036, 0.9958292603453894)",1,99.2885970127852,31717
"(0.7222222222222221, 0.9833229101521784)",2,99.28855519035244,31719
"(0.7632275132275131, 1.0)",1,99.28853138943391,31720
"(0.7430253184970165, 1.0)",1,99.28848095938658,31721
"(0.6636745887678723, 1.0)",1,99.28847251987776,31722
"(0.9009287520039462, 1.0)",2,99.288458136981,31724
"(0.901575014782562, 1.0)",1,99.2884501735386,31725
"(0.9829909379735984, 0.9958292603453894)",2,99.28843622160848,31727
"(0.786508365740383, 1.0)",1,99.28841402840315,31728
"(0.97934925289764, 0.9958292603453894)",1,99.28838696509474,31729
"(0.9714797495442656, 0.9958292603453894)",1,99.2882670682402,31730
"(0.6378166586499919, 1.0)",1,99.28821791891647,31731
"(0.6733821733821733, 1.0)",1,99.28816951602576,31732
"(0.9793747635794354, 0.9958292603453894)",1,99.28816810895115,31733
"(0.9916585206907788, 0.9958292603453894)",1,99.28812910738752,31734
"(0.8697983697983697, 1.0)",1,99.28797884285072,31735
"(0.8976982097186702, 1.0)",1,99.28796618683968,31736
"(0.9490213526488036, 0.9958292603453894)",1,99.28794902204751,31737
"(0.9720813204508856, 1.0)",1,99.28794838517273,31738
"(0.9833229101521784, 1.0)",1,99.287886460993,31739
"(0.81893131227901, 1.0)",1,99.28773801089557,31740
"(1.0, 0.9958292603453894)",2,99.2877231061394,31742
"(0.9750943974852894, 0.9958292603453894)",1,99.2877162657131,31743
"(0.7222222222222221, 1.0)",1,99.28769545757636,31744
"(0.9326599326599326, 1.0)",1,99.28769370219948,31745
"(0.9454999712494968, 0.9958292603453894)",1,99.28768127026665,31746
"(0.6804620726495727, 1.0)",2,99.28761558870303,31748
"(0.4908424908424908, 1.0)",1,99.28755571438498,31749
"(0.8165509259259259, 1.0)",1,99.28745016722372,31750
"(0.9506533178503804, 1.0)",1,99.2874009841175,31751
"(0.7647742788871822, 1.0)",1,99.28734372333165,31752
"(0.7880931329207191, 1.0)",1,99.28734225901744,31753
"(0.970619176311776, 0.9958292603453894)",1,99.28710998421364,31754
"(0.9326599326599326, 1.0)",1,99.2870858558174,31755
"(0.7090909090909091, 1.0)",1,99.28707863951767,31756
"(0.8579868984630887, 1.0)",1,99.2869324595258,31757
"(0.9454999712494968, 0.9958292603453894)",2,99.28693199994402,31759
"(0.9161952650324744, 1.0)",2,99.28686813450416,31761
"(0.9720813204508856, 1.0)",1,99.28684583239688,31762
"(0.6742198370105348, 1.0)",1,99.28678552442534,31763
"(0.8222222222222222, 1.0)",1,99.28663517404598,31764
"(0.9916585206907788, 0.9958292603453894)",1,99.28662399585282,31765
"(0.7198480531813864, 1.0)",1,99.2865385141808,31766
"(0.8300265307680562, 1.0)",1,99.28653638147632,31767
"(1.0, 1.0)",1,99.2864648252866,31768
"(0.4943189964157706, 1.0)",1,99.28646470821776,31769
"(0.8425483191745751, 1.0)",1,99.28642867312632,31770
"(0.8615866942983156, 1.0)",1,99.2864091933214,31771
"(0.9280317595086728, 0.9958292603453894)",1,99.28639146886616,31772
"(0.5131569832583307, 1.0)",1,99.28636100898714,31773
"(0.9747838672665278, 1.0)",1,99.28634599887914,31774
"(1.0, 1.0)",1,99.28622397745204,31775
"(0.9584987529902784, 1.0)",1,99.2862002537183,31776
"(0.9958292603453894, 0.9958292603453894)",1,99.28619752549275,31777
"(0.8420013166556946, 1.0)",1,99.28614510268744,31778
"(0.7503607503607503, 1.0)",1,99.2860632455012,31779
"(0.9874877810361682, 0.9958292603453894)",1,99.28603909334883,31780
"(0.9748850895736324, 1.0)",1,99.28603669640572,31781
"(0.9874762808349148, 0.9958292603453894)",1,99.28597857395935,31782
"(0.9833040078201368, 0.9958292603453894)",1,99.28596652574142,31783
"(0.9250222656674272, 0.9958292603453894)",1,99.28585552447328,31784
"(0.8449978636391381, 1.0)",1,99.28580499713776,31785
"(0.9833229101521784, 1.0)",2,99.2856844640157,31787
"(0.8229870141950848, 1.0)",1,99.28565901411648,31788
"(0.7647742788871822, 1.0)",1,99.28563608714296,31789
"(0.8137566137566138, 1.0)",1,99.28563288563288,31790
"(0.8420013166556946, 1.0)",4,99.28562878822989,31794
"(0.6698155645524068, 1.0)",1,99.28561553978756,31795
"(0.5070372093557577, 1.0)",2,99.2856087310623,31797
"(0.9445235834124724, 1.0)",1,99.28540766321817,31798
"(0.9834358767945106, 0.9958292603453894)",1,99.28538186873132,31799
"(0.8586166985951469, 1.0)",1,99.2853796073337,31800
"(0.9916339869281046, 0.9958292603453894)",2,99.28531957634604,31802
"(0.7471116816431321, 1.0)",1,99.28527817216346,31803
"(0.9369138996969484, 0.9958292603453894)",1,99.28524903429545,31804
"(0.7090909090909091, 1.0)",1,99.285185293173,31805
"(0.8976982097186702, 1.0)",1,99.28515675507197,31806
"(0.8315474711586087, 0.9958292603453894)",2,99.28512922512618,31808
"(0.9874762808349148, 0.9958292603453894)",1,99.28512564882762,31809
"(0.9749436010963526, 0.9958292603453894)",1,99.28511453508378,31810
"(0.8151249335459861, 1.0)",2,99.2851009617221,31812
"(0.9832401090007582, 0.9958292603453894)",1,99.28507249197156,31813
"(0.8420013166556946, 1.0)",1,99.28506954021172,31814
"(0.9131856219190184, 0.9958292603453894)",1,99.28505702042244,31815
"(0.8732774170274171, 1.0)",1,99.28503403024708,31816
"(0.9326599326599326, 1.0)",2,99.28498691913326,31818
"(0.901575014782562, 1.0)",1,99.28490287804016,31819
"(0.9295946890286512, 1.0)",1,99.28489940846382,31820
"(0.6825396825396824, 1.0)",1,99.2848958828529,31821
"(0.9610567210567212, 0.9958292603453894)",1,99.2848306008822,31822
"(1.0, 1.0)",1,99.28483054729412,31823
"(0.9916585206907788, 0.9958292603453894)",1,99.28479265426132,31824
"(0.9832401090007582, 0.9958292603453894)",1,99.28475140468912,31825
"(0.9916585206907788, 0.9958292603453894)",1,99.28473652991624,31826
"(0.9172792561601744, 0.9958292603453894)",1,99.28467171474934,31827
"(0.9009287520039462, 1.0)",1,99.28465506306075,31828
"(0.6575398846941737, 1.0)",1,99.2846013572225,31829
"(0.812557599070401, 1.0)",1,99.28457709887812,31830
"(1.0, 1.0)",1,99.28451069828878,31831
"(0.9669558693467613, 0.9958292603453894)",1,99.2845061786817,31832
"(0.9198255060602112, 0.9958292603453894)",1,99.28446676102988,31833
"(0.987463247273494, 0.9958292603453894)",1,99.2844480790745,31834
"(0.8329156223893065, 1.0)",1,99.28443445404427,31835
"(0.7979797979797979, 1.0)",1,99.28439520643325,31836
"(0.8471527473990528, 1.0)",1,99.28439384893164,31837
"(0.9876066164491212, 0.9958292603453894)",1,99.28434928931664,31838
"(0.8579868984630887, 1.0)",1,99.28433340985484,31839
"(0.6378166586499919, 1.0)",1,99.28430615103782,31840
"(0.974731376747506, 0.9958292603453894)",1,99.28427009038042,31841
"(0.861111111111111, 1.0)",1,99.284219079653,31842
"(0.8420013166556946, 1.0)",1,99.28412518126082,31843
"(0.8600291387756281, 0.9958292603453894)",1,99.28410287830962,31844
"(0.983545503234046, 0.9958292603453894)",1,99.28402007870405,31845
"(0.9153439153439152, 1.0)",1,99.28396323439163,31846
"(0.9584987529902784, 1.0)",1,99.2839042941634,31847
"(0.9791348015256934, 0.9958292603453894)",1,99.2839005864274,31848
"(0.9331662489557224, 1.0)",2,99.28389608897317,31850
"(0.7734344933751168, 1.0)",1,99.28381686203268,31851
"(0.6080315348608032, 1.0)",1,99.28376826425608,31852
"(1.0, 1.0)",1,99.2837573352182,31853
"(0.9832401090007582, 0.9958292603453894)",1,99.28374537207142,31854
"(0.8796475392220073, 1.0)",1,99.28369177085244,31855
"(0.9609386607489072, 0.9958292603453894)",1,99.28363039774771,31856
"(0.9873891625615764, 0.9958292603453894)",1,99.28362682525491,31857
"(0.9720813204508856, 1.0)",2,99.28362141587328,31859
"(0.6521663785997688, 1.0)",1,99.28361047417262,31860
"(0.7498436522826767, 1.0)",1,99.28359171850828,31861
"(0.7340930674264006, 1.0)",5,99.2835307179815,31866
"(0.7673678366541239, 1.0)",1,99.28352088226154,31867
"(0.9326599326599326, 1.0)",2,99.2834497237831,31869
"(0.9581458989353726, 1.0)",1,99.28344825690948,31870
"(0.9665831244778612, 1.0)",1,99.28343885021712,31871
"(0.7675138481590094, 1.0)",1,99.28338788934322,31872
"(0.9832925076188832, 0.9958292603453894)",1,99.2833754589883,31873
"(0.958095238095238, 0.9958292603453894)",1,99.2833740044492,31874
"(0.9873891625615764, 1.0)",1,99.28334238598951,31875
"(0.9707136080238548, 0.9958292603453894)",1,99.28332055765595,31876
"(0.8736212624584717, 1.0)",1,99.28331041075307,31877
"(0.80285509389987, 1.0)",2,99.28329282990794,31879
"(0.9581458989353726, 1.0)",1,99.28324761339177,31880
"(0.6909022710223011, 1.0)",1,99.28324309178252,31881
"(0.7077308656256025, 1.0)",1,99.28319910726324,31882
"(0.8717520170461346, 0.9958292603453894)",1,99.28310413495416,31883
"(0.9280459216361852, 0.9958292603453894)",2,99.28306356655584,31885
"(1.0, 1.0)",1,99.28304923746472,31886
"(0.9835547122074636, 0.9958292603453894)",1,99.28303096016244,31887
"(0.8887202421952387, 1.0)",1,99.28301780999324,31888
"(0.9, 1.0)",2,99.28301399644374,31890
"(0.8976982097186702, 1.0)",1,99.28300774774536,31891
"(0.8068904981347378, 1.0)",1,99.2829234466279,31892
"(1.0, 1.0)",1,99.28288513654364,31893
"(0.9003556829643787, 1.0)",1,99.28288503219348,31894
"(0.6179693015417549, 1.0)",1,99.28284619248068,31895
"(0.9165164082221422, 1.0)",1,99.2828344600523,31896
"(0.9299160159815896, 1.0)",1,99.28281146759154,31897
"(0.9748850895736324, 0.9958292603453894)",1,99.28277962671966,31898
"(0.9874762808349148, 0.9958292603453894)",1,99.28276025585144,31899
"(0.9833229101521784, 1.0)",1,99.28269778083194,31900
"(0.9833229101521784, 1.0)",1,99.28268498011758,31901
"(0.8374727668845315, 1.0)",3,99.28258146068478,31904
"(0.9435817855979146, 0.9958292603453894)",1,99.28257651696455,31905
"(0.9161952650324744, 1.0)",1,99.28257410419675,31906
"(0.9622634791942192, 0.9958292603453894)",1,99.28255334815574,31907
"(0.9876066164491212, 0.9958292603453894)",1,99.28255259458868,31908
"(0.9649790647893116, 0.9958292603453894)",1,99.28255032799731,31909
"(0.4776542240827955, 1.0)",1,99.28254748436048,31910
"(0.9445235834124724, 1.0)",1,99.2825275718308,31911
"(0.8420013166556946, 1.0)",1,99.28242749958216,31912
"(0.9630015205821658, 0.9958292603453894)",1,99.28242481830767,31913
"(0.9153439153439152, 0.9833229101521784)",1,99.28238879458397,31914
"(0.9915151515151516, 0.9958292603453894)",1,99.28234407615518,31915
"(0.8976982097186702, 1.0)",1,99.28232708909532,31916
"(0.9666562434855118, 1.0)",1,99.2823102941845,31917
"(0.9126251340467026, 0.9958292603453894)",2,99.28229651555012,31919
"(0.8976982097186702, 1.0)",1,99.2822255475864,31920
"(0.5070372093557577, 1.0)",1,99.28215371250889,31921
"(0.6733821733821733, 1.0)",1,99.28209351391726,31922
"(0.9369138996969484, 0.9958292603453894)",1,99.28204228430516,31923
"(0.9580602951397298, 0.9958292603453894)",1,99.28201560933728,31924
"(0.8997493734335841, 1.0)",1,99.28190404223808,31925
"(0.902012682657844, 0.9958292603453894)",1,99.28187202487337,31926
"(0.9751539794803552, 0.9958292603453894)",1,99.28183592196991,31927
"(0.9497171590194846, 1.0)",1,99.28179945867387,31928
"(0.8653198653198653, 1.0)",1,99.28179508758863,31929
"(0.8666666666666667, 1.0)",1,99.28178974071145,31930
"(0.6886904761904762, 1.0)",1,99.28168267224495,31931
"(0.9161952650324744, 1.0)",1,99.2816815260258,31932
"(0.9707136080238548, 0.9958292603453894)",1,99.28166976932836,31933
"(0.979051756240299, 0.9958292603453894)",1,99.28155687463824,31934
"(0.8068904981347378, 1.0)",1,99.28153633947528,31935
"(0.8165509259259259, 1.0)",2,99.2815278288148,31937
"(0.9009287520039462, 1.0)",1,99.28142442152712,31938
"(0.7119388248146047, 1.0)",1,99.28138326925904,31939
"(0.9658159033159032, 0.9958292603453894)",1,99.28136214940707,31940
"(0.9501563219469168, 0.9958292603453894)",1,99.28134698708072,31941
"(0.861111111111111, 1.0)",1,99.28133696088857,31942
"(0.9009287520039462, 1.0)",1,99.28133400960836,31943
"(0.9707136080238548, 0.9958292603453894)",1,99.28132970327955,31944
"(0.7372334455667788, 1.0)",1,99.28132228637458,31945
"(0.7994987468671678, 1.0)",2,99.28130635113948,31947
"(0.7077308656256025, 1.0)",1,99.28127247605576,31948
"(0.4943189964157706, 1.0)",1,99.28126223874996,31949
"(0.8420013166556946, 1.0)",1,99.2812175309833,31950
"(0.9161952650324744, 1.0)",2,99.28121035802324,31952
"(0.9874747474747476, 0.9958292603453894)",1,99.28113517226078,31953
"(0.9748524098350704, 0.9958292603453894)",1,99.28113117076354,31954
"(0.9161952650324744, 1.0)",1,99.2811141335457,31955
"(0.9, 1.0)",1,99.28109431769104,31956
"(0.971023600055858, 0.9958292603453894)",2,99.28099285590122,31958
"(0.9500975805767078, 0.9958292603453894)",1,99.2809275983456,31959
"(0.970607585468542, 0.9958292603453894)",1,99.28089672710502,31960
"(0.9792521035784794, 0.9958292603453894)",1,99.2808571157492,31961
"(0.725278469959321, 1.0)",1,99.28083402551488,31962
"(0.9506533178503804, 1.0)",1,99.28078920778712,31963
"(0.9246029866191156, 0.9958292603453894)",1,99.28072657039004,31964
"(0.8976982097186702, 1.0)",1,99.28066657497202,31965
"(0.6698155645524068, 1.0)",1,99.28064935280968,31966
"(0.7601164382773579, 1.0)",1,99.28060407031826,31967
"(0.987463247273494, 0.9958292603453894)",1,99.28059660548983,31968
"(0.8310777799491891, 1.0)",2,99.28055883480437,31970
"(0.6733821733821733, 1.0)",1,99.280529534945,31971
"(0.917469251615593, 1.0)",1,99.28049745298004,31972
"(0.8796475392220073, 1.0)",1,99.28049360673474,31973
"(0.93773047895128, 0.9958292603453894)",1,99.28045737042106,31974
"(0.8266173510466989, 1.0)",1,99.28044842359344,31975
"(0.8814814814814814, 0.9833229101521784)",2,99.280432689547,31977
"(0.9833229101521784, 1.0)",1,99.28041331912624,31978
"(0.9664171122994653, 0.9958292603453894)",1,99.28037630901964,31979
"(0.7673678366541239, 1.0)",1,99.28035295096718,31980
"(0.9871616776282092, 0.9958292603453894)",1,99.28021492804658,31981
"(0.8420013166556946, 1.0)",1,99.2802144534878,31982
"(0.8736897274633123, 1.0)",1,99.2802064496002,31983
"(0.6825396825396824, 1.0)",1,99.28020148063734,31984
"(0.7119388248146047, 1.0)",1,99.28015672521542,31985
"(0.9333333333333332, 1.0)",2,99.28014416199775,31987
"(0.9747273037595618, 0.9958292603453894)",1,99.2801205014923,31988
"(0.9916666666666668, 0.9958292603453894)",1,99.28007301156433,31989
"(0.8976982097186702, 0.9833229101521784)",1,99.28001813895332,31990
"(0.808446455505279, 1.0)",1,99.27999495845512,31991
"(0.9791332681655264, 0.9958292603453894)",1,99.2799857438356,31992
"(0.8931552430047053, 0.9958292603453894)",1,99.27991712175417,31993
"(0.958095238095238, 0.9958292603453894)",1,99.27986046219556,31994
"(0.9326599326599326, 1.0)",1,99.27983293510702,31995
"(0.9333333333333332, 1.0)",1,99.27975772798769,31996
"(0.9665831244778612, 1.0)",1,99.27975483776464,31997
"(0.9833040078201368, 0.9958292603453894)",1,99.27974614108447,31998
"(0.9166145507608922, 1.0)",1,99.27971899730566,31999
"(0.6042502004811546, 1.0)",1,99.27968236354604,32000
"(0.9003556829643787, 1.0)",1,99.27966700065824,32001
"(0.7362637362637362, 1.0)",1,99.27963331590055,32002
"(0.9369808292429718, 0.9958292603453894)",1,99.27959536539962,32003
"(0.7647742788871822, 1.0)",1,99.27958901893024,32004
"(0.987463247273494, 0.9958292603453894)",1,99.27958722939972,32005
"(0.7532376017916352, 1.0)",1,99.27955531669718,32006
"(0.8796475392220073, 1.0)",1,99.27951731508216,32007
"(0.7204751921733054, 1.0)",1,99.2794529352974,32008
"(0.9279680209218476, 0.9958292603453894)",1,99.27944805970417,32009
"(0.9332172991312776, 0.9958292603453894)",1,99.27943994843116,32010
"(0.9749436010963526, 0.9958292603453894)",1,99.27943562067034,32011
"(0.9369138996969484, 0.9958292603453894)",1,99.2794123307218,32012
"(0.757745166550198, 1.0)",2,99.2794096642168,32014
"(0.9169719169719168, 1.0)",1,99.27935693963296,32015
"(0.6698155645524068, 1.0)",1,99.27933860050788,32016
"(0.8796475392220073, 1.0)",1,99.27932480506638,32017
"(0.944073617452092, 1.0)",1,99.2792611378939,32018
"(0.893146638589877, 1.0)",1,99.27924733064388,32019
"(0.9161379295307868, 1.0)",1,99.2792100522366,32020
"(0.8040695048423352, 1.0)",1,99.27920358021284,32021
"(0.7673678366541239, 1.0)",1,99.27918028696548,32022
"(0.9832184229069656, 0.9958292603453894)",1,99.2791508944816,32023
"(0.757745166550198, 1.0)",1,99.27914725880788,32024
"(0.9, 1.0)",1,99.27903315822807,32025
"(0.9490213526488036, 0.9958292603453894)",1,99.27901427478804,32026
"(0.9833229101521784, 1.0)",1,99.27899154411868,32027
"(0.8222222222222222, 1.0)",1,99.27897958546949,32028
"(0.979273283115788, 0.9958292603453894)",1,99.27894563290994,32029
"(0.8653198653198653, 1.0)",1,99.2789207877934,32030
"(0.816195709052852, 1.0)",1,99.27888499932834,32031
"(0.9504245882013664, 0.9958292603453894)",1,99.27884540741876,32032
"(0.7711781618000022, 1.0)",1,99.2788420094922,32033
"(0.9666562434855118, 1.0)",1,99.27882285399424,32034
"(0.8137865219658889, 1.0)",1,99.27880145821706,32035
"(0.9622634791942192, 0.9958292603453894)",1,99.27872203841736,32036
"(0.970619176311776, 0.9958292603453894)",1,99.27870992593824,32037
"(0.9166682405676116, 1.0)",1,99.27866964854589,32038
"(0.9790755481078062, 0.9958292603453894)",1,99.2786230810036,32039
"(0.9871616776282092, 0.9958292603453894)",1,99.27858998964994,32040
"(0.7944219523166891, 1.0)",1,99.27857293516296,32041
"(0.5131569832583307, 1.0)",1,99.27855095011756,32042
"(0.8928598364786969, 0.9958292603453894)",1,99.2785439701388,32043
"(0.9791258409522168, 0.9958292603453894)",1,99.2784058964332,32044
"(0.6747507742934573, 1.0)",1,99.2783666329693,32045
"(0.7713401051412279, 1.0)",1,99.27836377121272,32046
"(0.8760238095238095, 0.9958292603453894)",1,99.2783610080461,32047
"(1.0, 1.0)",2,99.27828688530442,32049
"(0.5131569832583307, 1.0)",1,99.27821862187216,32050
"(0.746304385688563, 1.0)",2,99.27816946210716,32052
"(0.7340930674264006, 1.0)",1,99.27808871546122,32053
"(1.0, 0.9958292603453894)",1,99.2780531770553,32054
"(0.8796475392220073, 1.0)",1,99.27802271698044,32055
"(0.8796475392220073, 1.0)",1,99.2779460362368,32056
"(0.9750943974852894, 0.9958292603453894)",1,99.27792415817828,32057
"(0.8976982097186702, 1.0)",1,99.27790850073936,32058
"(0.947552083649559, 0.9958292603453894)",1,99.27790809891876,32059
"(0.7090909090909091, 1.0)",1,99.27781931497488,32060
"(0.7647742788871822, 1.0)",1,99.27781336603954,32061
"(0.9833040078201368, 0.9958292603453894)",1,99.27778706188968,32062
"(0.9750854369118126, 0.9958292603453894)",1,99.27775982415034,32063
"(0.776488287126585, 1.0)",1,99.27771142719943,32064
"(0.9958292603453894, 0.9958292603453894)",1,99.27762901461745,32065
"(0.8697983697983697, 1.0)",1,99.27750803115754,32066
"(0.9793747635794354, 0.9958292603453894)",1,99.27745288104111,32067
"(0.8676532769556025, 1.0)",1,99.27744032945056,32068
"(0.6804620726495727, 1.0)",1,99.2773671952582,32069
"(0.861111111111111, 1.0)",1,99.27736133458023,32070
"(0.9299507899507898, 1.0)",1,99.27735000876294,32071
"(0.8796475392220073, 1.0)",1,99.27720441143326,32072
"(0.9916585206907788, 0.9958292603453894)",2,99.27719399854858,32074
"(0.8651903651903651, 1.0)",1,99.27718498489808,32075
"(0.8814814814814814, 1.0)",1,99.2771833799057,32076
"(0.9916585206907788, 0.9958292603453894)",1,99.2771746561038,32077
"(0.97495917428555, 0.9958292603453894)",1,99.27716699491415,32078
"(0.7675138481590094, 1.0)",1,99.27713569398544,32079
"(0.961552316099405, 0.9958292603453894)",2,99.2770897150424,32081
"(0.8976982097186702, 1.0)",1,99.27707213172825,32082
"(0.6747507742934573, 1.0)",1,99.2770640048364,32083
"(1.0, 0.9916585206907788)",1,99.27701230652472,32084
"(0.7164894725870335, 1.0)",1,99.2769986310532,32085
"(0.861111111111111, 1.0)",1,99.27699706394093,32086
"(0.6698155645524068, 1.0)",1,99.27696292611525,32087
"(0.933249791144528, 1.0)",1,99.27695915643092,32088
"(0.8053381731676306, 1.0)",4,99.27692593611845,32092
"(0.9584987529902784, 1.0)",1,99.27683823325044,32093
"(0.9874762808349148, 0.9958292603453894)",1,99.27673199160404,32094
"(0.861111111111111, 1.0)",1,99.27669549149412,32095
"(0.8193928901539049, 1.0)",1,99.27665495556076,32096
"(0.9791332681655264, 0.9958292603453894)",1,99.2766323177765,32097
"(0.7164894725870335, 1.0)",1,99.27655736540495,32098
"(0.8222222222222222, 1.0)",1,99.2764864655506,32099
"(0.8222222222222222, 1.0)",2,99.27644460327387,32101
"(0.9499687304565352, 1.0)",1,99.27643260058916,32102
"(0.9665831244778612, 1.0)",1,99.2763503822126,32103
"(0.9299160159815896, 1.0)",1,99.2763324428016,32104
"(0.9833211143695014, 0.9958292603453894)",1,99.27632863801196,32105
"(0.9665831244778612, 1.0)",1,99.2762876863861,32106
"(0.8432903075760217, 1.0)",2,99.27618654690592,32108
"(0.8929015655249481, 0.9958292603453894)",1,99.2760891246236,32109
"(0.7916666666666666, 1.0)",1,99.2760845188937,32110
"(0.4747763864042934, 1.0)",1,99.27607242242895,32111
"(0.8796475392220073, 1.0)",1,99.27603472262264,32112
"(0.7090909090909091, 1.0)",1,99.2760278403598,32113
"(0.979055829228243, 0.9958292603453894)",1,99.27601525991145,32114
"(0.9649790647893116, 0.9958292603453894)",1,99.27601131486978,32115
"(0.9516794286955578, 0.9958292603453894)",1,99.27590964230193,32116
"(0.9833040078201368, 0.9958292603453894)",1,99.27589567514384,32117
"(0.7601164382773579, 1.0)",1,99.27589477901913,32118
"(0.5131569832583307, 1.0)",1,99.27582897846274,32119
"(0.983545503234046, 0.9958292603453894)",1,99.2758195300036,32120
"(0.9166682405676116, 1.0)",1,99.2757997999716,32121
"(1.0, 1.0)",1,99.2757989700812,32122
"(0.6215073982652175, 1.0)",1,99.2757457275949,32123
"(0.9916666666666668, 0.9958292603453894)",1,99.27571865424288,32124
"(0.8676532769556025, 1.0)",1,99.27570756347022,32125
"(0.9748076591340348, 1.0)",1,99.2756579336394,32126
"(0.6804620726495727, 1.0)",1,99.2756353303134,32127
"(0.8880984643179766, 1.0)",2,99.27562784929502,32129
"(0.9916585206907788, 0.9958292603453894)",1,99.27562391410248,32130
"(0.9167853751187084, 1.0)",1,99.27561389666326,32131
"(0.8579868984630887, 1.0)",1,99.27558131709952,32132
"(0.7090909090909091, 1.0)",1,99.2755592218365,32133
"(0.9748076591340348, 1.0)",1,99.27552606466504,32134
"(0.8976982097186702, 1.0)",1,99.27547598749643,32135
"(0.8420013166556946, 1.0)",1,99.27541325294852,32136
"(0.6830409356725146, 1.0)",1,99.27536243531108,32137
"(0.9834358767945106, 0.9958292603453894)",2,99.27532943898557,32139
"(0.8976982097186702, 1.0)",1,99.27528038798316,32140
"(0.9833229101521784, 1.0)",1,99.27526203920355,32141
"(0.876295504202481, 1.0)",1,99.2751990620558,32142
"(0.8651903651903651, 1.0)",1,99.27516498394914,32143
"(0.9750854369118126, 0.9958292603453894)",1,99.27515799574456,32144
"(0.9508264734071186, 0.9958292603453894)",1,99.27515075640632,32145
"(0.7077308656256025, 1.0)",1,99.27510488929214,32146
"(0.7097211628104076, 1.0)",1,99.27507124119666,32147
"(0.5910680656443368, 1.0)",1,99.27506716770075,32148
"(0.6804620726495727, 1.0)",1,99.27504833277348,32149
"(0.9833229101521784, 1.0)",1,99.27502714507912,32150
"(0.7479743867590829, 1.0)",1,99.27498427169834,32151
"(0.7786375661375661, 1.0)",1,99.27497356145312,32152
"(0.9326599326599326, 1.0)",1,99.27494006466,32153
"(0.6544644252235129, 1.0)",1,99.2749396530794,32154
"(0.4747763864042934, 1.0)",1,99.27492837134332,32155
"(0.7340930674264006, 1.0)",2,99.27487829209022,32157
"(0.9198255060602112, 0.9958292603453894)",1,99.27486015885754,32158
"(0.917469251615593, 1.0)",1,99.27485037495988,32159
"(0.9166682405676116, 1.0)",1,99.27483217018204,32160
"(0.8635976129582268, 1.0)",1,99.27477212159414,32161
"(0.6698155645524068, 1.0)",2,99.2747489389924,32163
"(0.8222222222222222, 1.0)",1,99.27469292969488,32164
"(0.9669795885118464, 0.9958292603453894)",2,99.2746625019682,32166
"(0.7574146783449108, 1.0)",1,99.2746035629183,32167
"(0.979051756240299, 0.9958292603453894)",2,99.2745967133818,32169
"(0.9791544477028348, 0.9958292603453894)",1,99.2745917751972,32170
"(0.9618291283060416, 0.9958292603453894)",1,99.27457706898736,32171
"(0.9874762808349148, 0.9958292603453894)",1,99.27457116825936,32172
"(0.8329156223893065, 1.0)",1,99.2744849102079,32173
"(0.7532376017916352, 1.0)",1,99.27446941524389,32174
"(0.8483418730488175, 0.9958292603453894)",1,99.27442839980108,32175
"(0.7880931329207191, 1.0)",1,99.27435679140838,32176
"(0.8796475392220073, 1.0)",1,99.2743375181762,32177
"(0.9649790647893116, 0.9958292603453894)",1,99.27432768410104,32178
"(0.8341307814992026, 1.0)",1,99.2742615865243,32179
"(0.7183489076634237, 1.0)",1,99.27420971005392,32180
"(0.6784722222222224, 1.0)",1,99.27420787004222,32181
"(0.9916625936787228, 0.9958292603453894)",1,99.27418629969712,32182
"(0.80285509389987, 1.0)",1,99.27417526996668,32183
"(0.7532376017916352, 1.0)",1,99.27407090114144,32184
"(0.7844277631252677, 1.0)",1,99.27404256529508,32185
"(0.9126251340467026, 0.9958292603453894)",1,99.27399749653551,32186
"(0.9622634791942192, 0.9958292603453894)",1,99.2739882440048,32187
"(0.97934925289764, 0.9958292603453894)",1,99.2739848915296,32188
"(0.9958292603453894, 0.9958292603453894)",1,99.27393042611764,32189
"(0.8976982097186702, 1.0)",2,99.27392225540764,32191
"(0.8420013166556946, 1.0)",1,99.27388867999366,32192
"(0.812557599070401, 1.0)",1,99.27385670724628,32193
"(0.9497171590194846, 1.0)",1,99.2738366312741,32194
"(0.9233019263238024, 0.9958292603453894)",1,99.27383588876592,32195
"(0.9666562434855118, 1.0)",1,99.27383060528118,32196
"(0.9916585206907788, 0.9958292603453894)",1,99.27380991771888,32197
"(0.5910680656443368, 1.0)",1,99.2737569790694,32198
"(0.6698155645524068, 1.0)",1,99.27374070729932,32199
"(0.9707136080238548, 0.9958292603453894)",1,99.27373228482442,32200
"(0.9835547122074636, 0.9958292603453894)",2,99.27371837678464,32202
"(0.9833211143695014, 0.9958292603453894)",1,99.2736275466035,32203
"(0.9750780096985032, 0.9958292603453894)",1,99.27352994312456,32204
"(0.8796475392220073, 1.0)",1,99.27346565235976,32205
"(0.979273283115788, 0.9958292603453894)",1,99.27337510705814,32206
"(0.8222222222222222, 1.0)",1,99.27335818352078,32207
"(0.7077308656256025, 1.0)",1,99.2733460715444,32208
"(0.9497171590194846, 1.0)",1,99.27333063676748,32209
"(0.8762860082304527, 1.0)",1,99.2733167240141,32210
"(0.7109688804604058, 1.0)",1,99.27331499941094,32211
"(0.8762860082304527, 1.0)",1,99.27328697306356,32212
"(0.6636745887678723, 1.0)",1,99.2731198288522,32213
"(0.8796475392220073, 1.0)",1,99.27309797768756,32214
"(0.9280317595086728, 0.9958292603453894)",1,99.2730802498208,32215
"(1.0, 1.0)",1,99.2730432291363,32216
"(0.9580602951397298, 0.9958292603453894)",1,99.27302771630148,32217
"(0.8867361313822293, 0.9958292603453894)",1,99.2729700353527,32218
"(0.8697983697983697, 1.0)",1,99.27294408275692,32219
"(0.93773047895128, 0.9958292603453894)",1,99.27292750505812,32220
"(0.9833211143695014, 0.9958292603453894)",1,99.27281337223904,32221
"(0.5555555555555555, 1.0)",1,99.2728072526532,32222
"(0.9384174012481092, 0.9958292603453894)",1,99.27276129373352,32223
"(0.808446455505279, 1.0)",1,99.27264535299626,32224
"(0.8832603710652491, 1.0)",2,99.27259797178873,32226
"(0.8222222222222222, 1.0)",1,99.27255397892966,32227
"(0.9916585206907788, 0.9958292603453894)",1,99.27254584949893,32228
"(0.9161952650324744, 1.0)",1,99.27251841584216,32229
"(0.9748850895736324, 0.991777356103732)",1,99.27244323744624,32230
"(0.9165164082221422, 1.0)",2,99.27242936473996,32232
"(0.93773047895128, 0.9958292603453894)",1,99.27238464396036,32233
"(0.9746535316523212, 0.9958292603453894)",2,99.2723807332568,32235
"(0.9442283950617284, 1.0)",1,99.2723301015181,32236
"(0.6698155645524068, 1.0)",1,99.27232649516436,32237
"(0.8420013166556946, 1.0)",1,99.27228113674803,32238
"(0.8958208965097509, 0.9958292603453894)",1,99.27225973371718,32239
"(0.9833229101521784, 1.0)",1,99.2722010472169,32240
"(0.9699183291713004, 0.9958292603453894)",1,99.27218451059886,32241
"(0.8796475392220073, 1.0)",1,99.27216038797587,32242
"(0.9834440227703986, 0.9958292603453894)",1,99.27213833716408,32243
"(0.8471527473990528, 1.0)",1,99.27210880433152,32244
"(0.9437903841498612, 1.0)",1,99.27208537792094,32245
"(0.7545469576719577, 1.0)",1,99.27199408004954,32246
"(0.9018806250259218, 1.0)",1,99.27199059050623,32247
"(0.7034009971509971, 1.0)",1,99.27197221085564,32248
"(0.7030539311241066, 1.0)",1,99.27192205246324,32249
"(0.8476190476190477, 1.0)",1,99.27191621478516,32250
"(0.861111111111111, 1.0)",1,99.27190278502827,32251
"(0.944563492063492, 1.0)",1,99.2718974574918,32252
"(0.861111111111111, 1.0)",1,99.27188821020655,32253
"(0.8420013166556946, 1.0)",1,99.27184885427477,32254
"(0.8420013166556946, 1.0)",1,99.27183283951048,32255
"(0.9833211143695014, 0.9958292603453894)",2,99.27182841093835,32257
"(0.8523949169110459, 0.9958292603453894)",1,99.27172710433142,32258
"(0.8374727668845315, 1.0)",1,99.27168164320553,32259
"(0.8449978636391381, 1.0)",1,99.27163670620966,32260
"(0.9748850895736324, 0.9958292603453894)",1,99.27162363178994,32261
"(0.8425483191745751, 1.0)",1,99.27158583615436,32262
"(0.8615866942983156, 1.0)",1,99.27152377037012,32263
"(0.9874762808349148, 0.9958292603453894)",1,99.2714471294166,32264
"(0.9369808292429718, 0.9958292603453894)",1,99.271413501868,32265
"(0.9008627640703112, 1.0)",1,99.27134691342258,32266
"(0.9166682405676116, 1.0)",1,99.2712754045052,32267
"(0.8666666666666667, 1.0)",1,99.27127120047084,32268
"(0.9833229101521784, 1.0)",1,99.27125120316492,32269
"(0.8222222222222222, 1.0)",1,99.27119351432572,32270
"(0.6698155645524068, 1.0)",1,99.271180827971,32271
"(0.8579868984630887, 1.0)",1,99.27118081309852,32272
"(0.9609386607489072, 0.9958292603453894)",1,99.27115864176268,32273
"(0.6238244514106583, 1.0)",1,99.2710589647608,32274
"(0.808446455505279, 1.0)",1,99.27099589109709,32275
"(0.9624268025880928, 0.9958292603453894)",1,99.27083818420648,32276
"(0.8068904981347378, 1.0)",1,99.2708366563884,32277
"(0.9497171590194848, 1.0)",1,99.27082339248152,32278
"(0.979051756240299, 0.9958292603453894)",1,99.27081670077852,32279
"(0.8468089381754635, 1.0)",1,99.27076638330972,32280
"(0.859499940327008, 1.0)",2,99.270685377091,32282
"(0.8762860082304527, 1.0)",2,99.2706650755592,32284
"(0.97899550533801, 0.9958292603453894)",1,99.27064075623548,32285
"(0.9834358767945106, 0.9958292603453894)",1,99.27056072632044,32286
"(1.0, 1.0)",1,99.27054844165238,32287
"(0.9161952650324744, 0.9833229101521784)",1,99.27053708595972,32288
"(0.9874762808349148, 0.9958292603453894)",1,99.2705216502434,32289
"(0.7090909090909091, 1.0)",1,99.27049179807295,32290
"(0.9153439153439152, 1.0)",1,99.27046091359313,32291
"(0.9747273037595618, 0.9958292603453894)",2,99.27045652097108,32293
"(0.9166145507608924, 1.0)",3,99.27043985824474,32296
"(0.9833211143695014, 0.9958292603453894)",1,99.2704358564057,32297
"(0.9835547122074636, 0.9958292603453894)",2,99.27038282775956,32299
"(0.6784722222222224, 1.0)",2,99.27030783228751,32301
"(0.9748850895736324, 0.9958292603453894)",1,99.27016878928124,32302
"(0.9504245882013664, 0.9958292603453894)",1,99.27008309676744,32303
"(0.8294970161977834, 1.0)",1,99.27007376987105,32304
"(0.9707136080238548, 0.9958292603453894)",1,99.270047296073,32305
"(0.9707136080238548, 0.9958292603453894)",1,99.27002204354773,32306
"(0.6703030303030302, 1.0)",1,99.27002190890788,32307
"(0.987463247273494, 0.9958292603453894)",1,99.27001942077172,32308
"(0.8848000715856217, 1.0)",1,99.27001454208646,32309
"(0.9010312805474096, 0.9958292603453894)",1,99.26996595527604,32310
"(0.9430479403581872, 0.9958292603453894)",1,99.269937379081,32311
"(0.8635976129582268, 1.0)",1,99.26992686029332,32312
"(0.8732774170274171, 1.0)",1,99.26983123793416,32313
"(0.9750481776288228, 0.9958292603453894)",1,99.26970644176748,32314
"(0.861111111111111, 1.0)",1,99.26970075282014,32315
"(0.861111111111111, 1.0)",1,99.2696557742836,32316
"(1.0, 1.0)",4,99.26962611614648,32320
"(0.8796475392220073, 1.0)",1,99.26961188837754,32321
"(0.8814814814814814, 1.0)",1,99.26957173478354,32322
"(0.7077308656256025, 1.0)",1,99.26954973462918,32323
"(0.917655049465296, 0.9958292603453894)",1,99.26948223662046,32324
"(0.9157097551404952, 0.9958292603453894)",2,99.269472586571,32326
"(0.9497171590194848, 1.0)",1,99.26945072661496,32327
"(0.6575398846941737, 1.0)",1,99.26944974381794,32328
"(0.97899550533801, 0.9958292603453894)",1,99.26944256248343,32329
"(0.9332172991312776, 0.9958292603453894)",1,99.26942695399964,32330
"(0.9874762808349148, 0.9958292603453894)",1,99.26941611114364,32331
"(0.8372053872053872, 1.0)",1,99.2693640619828,32332
"(0.8813080639167598, 1.0)",1,99.26933211947684,32333
"(0.8016677935542034, 1.0)",2,99.2693314705202,32335
"(0.6698155645524068, 1.0)",1,99.26932749095586,32336
"(0.9751539794803552, 0.9958292603453894)",1,99.26931168188752,32337
"(0.901575014782562, 1.0)",4,99.26929133393828,32341
"(0.9581458989353726, 1.0)",1,99.2692336293386,32342
"(0.8552744708994707, 1.0)",1,99.2692100100677,32343
"(0.8065954953750508, 1.0)",1,99.2691500453711,32344
"(0.970607585468542, 0.9958292603453894)",1,99.26914502825788,32345
"(0.6698155645524068, 1.0)",1,99.26906384159273,32346
"(0.9832965806068272, 0.9958292603453894)",1,99.26905666861066,32347
"(0.9333044546043194, 0.9958292603453894)",1,99.2690368875249,32348
"(0.6698155645524068, 1.0)",1,99.26901156894738,32349
"(0.9665831244778612, 1.0)",2,99.26898534355276,32351
"(0.7786375661375661, 1.0)",1,99.2689615650402,32352
"(0.7416325017951034, 1.0)",1,99.26893008606297,32353
"(0.9198255060602112, 0.9958292603453894)",1,99.26891613281688,32354
"(0.8796475392220073, 1.0)",1,99.2689107669778,32355
"(0.6698155645524068, 1.0)",2,99.26889185079172,32357
"(0.917415489944373, 1.0)",1,99.26888947690794,32358
"(0.8976982097186702, 1.0)",1,99.26884157676108,32359
"(0.8760238095238095, 0.9958292603453894)",1,99.26883293159612,32360
"(0.9032722195880092, 1.0)",1,99.26878694297548,32361
"(0.9916585206907788, 0.9958292603453894)",2,99.2687282028461,32363
"(0.9153439153439152, 1.0)",1,99.26871201414592,32364
"(0.9578375055710984, 0.9916625936787228)",1,99.26867252437444,32365
"(0.9161379295307868, 1.0)",1,99.26866351795726,32366
"(0.8845578466141503, 1.0)",1,99.26853996420972,32367
"(0.8885714285714285, 1.0)",1,99.26851068543792,32368
"(0.9744745723240348, 0.9958292603453894)",1,99.26848852442468,32369
"(0.9581458989353726, 1.0)",1,99.26846311578508,32370
"(0.9748524098350704, 0.9958292603453894)",1,99.26840922957004,32371
"(0.9833229101521784, 1.0)",1,99.2683951756159,32372
"(0.9751539794803552, 0.9958292603453894)",1,99.26837451416704,32373
"(0.987463247273494, 0.9958292603453894)",1,99.26835184608017,32374
"(0.8732774170274171, 1.0)",1,99.26832948737702,32375
"(0.776488287126585, 1.0)",1,99.26832652110318,32376
"(0.5910680656443368, 1.0)",1,99.26826740951034,32377
"(0.8796475392220073, 1.0)",1,99.26824410881986,32378
"(0.8997493734335841, 1.0)",1,99.26819245067644,32379
"(0.9832184229069656, 0.9958292603453894)",1,99.2681763246872,32380
"(0.9501563219469168, 0.9958292603453894)",1,99.26816560306672,32381
"(0.930124456440246, 1.0)",1,99.2681065235191,32382
"(0.9833211143695014, 0.9958292603453894)",1,99.26802139192378,32383
"(0.9665831244778612, 1.0)",1,99.26796448683923,32384
"(0.917849761232425, 1.0)",1,99.26794010413724,32385
"(0.9876066164491212, 0.9958292603453894)",1,99.2679156976272,32386
"(0.9649790647893116, 0.9958292603453894)",1,99.26778867097352,32387
"(1.0, 1.0)",1,99.2677653546627,32388
"(0.8165509259259259, 1.0)",1,99.2677640802862,32389
"(0.8796475392220073, 1.0)",2,99.2677195675493,32391
"(0.9333333333333332, 1.0)",1,99.26771247822684,32392
"(0.9516794286955578, 0.9958292603453894)",1,99.26768699840564,32393
"(1.0, 0.9958292603453894)",1,99.26764296265628,32394
"(0.7090909090909091, 1.0)",1,99.26753785145068,32395
"(0.94993894993895, 1.0)",1,99.26752727047976,32396
"(0.7119388248146047, 1.0)",2,99.26749438037017,32398
"(0.917415489944373, 1.0)",1,99.2674798939838,32399
"(0.944563492063492, 1.0)",1,99.2674559097706,32400
"(0.9833229101521784, 1.0)",1,99.26743969117864,32401
"(0.8420013166556946, 1.0)",1,99.26743958466174,32402
"(0.9445235834124724, 1.0)",1,99.26740986330044,32403
"(0.9832925076188832, 0.9958292603453894)",1,99.2673988763774,32404
"(0.8165509259259259, 1.0)",1,99.26729340622263,32405
"(0.7802197802197803, 1.0)",1,99.26728848161775,32406
"(0.7601164382773579, 1.0)",1,99.26723543028714,32407
"(0.9873891625615764, 0.9958292603453894)",1,99.2672267508498,32408
"(0.9748524098350704, 0.9958292603453894)",1,99.26721673096029,32409
"(0.9751539794803552, 0.9958292603453894)",1,99.26721605422736,32410
"(0.9833229101521784, 1.0)",1,99.267207151336,32411
"(0.9871616776282092, 0.9958292603453894)",1,99.2671316647849,32412
"(0.837707400507675, 1.0)",2,99.2671087420324,32414
"(0.6042502004811546, 1.0)",1,99.26708700760238,32415
"(0.8997493734335841, 1.0)",1,99.26704513482436,32416
"(0.8547756205106323, 1.0)",1,99.2669324887612,32417
"(0.944073617452092, 1.0)",1,99.26686959567658,32418
"(0.7711781618000022, 1.0)",1,99.26677155672904,32419
"(0.6636745887678723, 1.0)",1,99.26674256161368,32420
"(0.9916585206907788, 0.9958292603453894)",1,99.26670864180365,32421
"(0.9161952650324744, 1.0)",2,99.26666971928935,32423
"(0.7786375661375661, 1.0)",1,99.26656844403732,32424
"(0.8880984643179766, 1.0)",1,99.2665313654105,32425
"(0.9835199925522506, 0.9958292603453894)",1,99.2664874585006,32426
"(0.9166145507608924, 1.0)",1,99.2664762455092,32427
"(0.9034438470728792, 0.9958292603453894)",1,99.26642180384272,32428
"(1.0, 1.0)",1,99.26641662802852,32429
"(0.944073617452092, 1.0)",1,99.26639322873304,32430
"(0.8158879904162925, 1.0)",1,99.2663805277933,32431
"(0.9658159033159032, 0.9958292603453894)",1,99.2663629554755,32432
"(0.7077308656256025, 1.0)",2,99.26627044597838,32434
"(0.6886904761904762, 1.0)",1,99.26626691863297,32435
"(0.9665831244778612, 1.0)",1,99.26625859077274,32436
"(0.8796475392220073, 1.0)",1,99.2662486618845,32437
"(0.9, 1.0)",1,99.26621151494292,32438
"(0.8222222222222222, 1.0)",2,99.266088096451,32440
"(0.9166145507608924, 1.0)",2,99.26607625528668,32442
"(0.987463247273494, 0.9958292603453894)",1,99.26607200898628,32443
"(0.934122934122934, 1.0)",1,99.26600423211462,32444
"(0.947552083649559, 0.9958292603453894)",1,99.26590893621228,32445
"(0.9008627640703112, 1.0)",1,99.2658929136129,32446
"(0.9833040078201368, 0.9958292603453894)",1,99.26587633770744,32447
"(0.7880931329207191, 1.0)",1,99.26583914657948,32448
"(0.9746854694957162, 0.9958292603453894)",1,99.26582956177712,32449
"(0.7734344933751168, 1.0)",1,99.2657576774095,32450
"(1.0, 0.9958292603453894)",1,99.2656165722864,32451
"(0.8420013166556946, 1.0)",1,99.26556727402766,32452
"(0.9504245882013664, 0.9958292603453894)",1,99.26551448783742,32453
"(0.8547756205106323, 1.0)",1,99.2654987032302,32454
"(0.8468951683237397, 1.0)",1,99.26549091670124,32455
"(0.9744745723240348, 0.9958292603453894)",1,99.26548578427972,32456
"(0.5910680656443368, 1.0)",1,99.26547199519044,32457
"(0.8325755070546736, 1.0)",1,99.26543286898288,32458
"(0.9250222656674272, 0.9958292603453894)",1,99.2654123294408,32459
"(1.0, 0.9833229101521784)",1,99.26534569957784,32460
"(0.80285509389987, 1.0)",1,99.26534134689112,32461
"(0.9958292603453894, 0.9958292603453894)",1,99.26530566459944,32462
"(0.8296970789758384, 1.0)",1,99.26529917043754,32463
"(0.9833040078201368, 0.9958292603453894)",1,99.26527483313431,32464
"(0.9161952650324744, 1.0)",1,99.26522292374456,32465
"(0.7075023741690408, 1.0)",1,99.26521626011774,32466
"(0.861111111111111, 1.0)",2,99.26518069889433,32468
"(0.8887202421952387, 1.0)",2,99.26517926757776,32470
"(0.8420013166556946, 1.0)",1,99.26517700530285,32471
"(0.9490213526488036, 0.9958292603453894)",1,99.2651674715536,32472
"(0.9916585206907788, 0.9958292603453894)",1,99.26513989152046,32473
"(0.882673371045464, 1.0)",1,99.26512491401886,32474
"(0.9153439153439156, 1.0)",1,99.26509274546903,32475
"(0.8796475392220073, 1.0)",1,99.26508388400865,32476
"(0.8533622685185187, 1.0)",1,99.26506194400598,32477
"(0.9748524098350704, 0.9958292603453894)",1,99.26501676606055,32478
"(0.9584987529902784, 1.0)",1,99.264982497927,32479
"(0.9437903841498612, 1.0)",1,99.26497182110998,32480
"(0.8294970161977834, 1.0)",1,99.26493330059816,32481
"(0.6042502004811546, 1.0)",1,99.26491293258198,32482
"(0.8137865219658889, 1.0)",1,99.2649001583504,32483
"(0.861111111111111, 1.0)",1,99.26482060747394,32484
"(0.917415489944373, 1.0)",1,99.26476603653984,32485
"(0.9295946890286512, 1.0)",1,99.26476186930896,32486
"(0.9161952650324744, 1.0)",1,99.26476054478242,32487
"(0.9161952650324744, 1.0)",1,99.26471802549364,32488
"(0.930704099821747, 1.0)",2,99.26471700361914,32490
"(0.8137566137566138, 1.0)",2,99.26460991015486,32492
"(0.9580331374974232, 1.0)",1,99.26457643935044,32493
"(0.9609386607489072, 0.9958292603453894)",1,99.26457121699066,32494
"(0.8420013166556946, 1.0)",1,99.26454044113548,32495
"(0.7552298585410389, 1.0)",1,99.26452309667027,32496
"(0.9003556829643787, 1.0)",2,99.26452211785806,32498
"(0.6521663785997688, 1.0)",1,99.26446419363728,32499
"(0.9748524098350704, 0.9958292603453894)",1,99.26440121110102,32500
"(0.9833229101521784, 1.0)",3,99.26438511804366,32503
"(0.8222222222222222, 1.0)",1,99.26436392696812,32504
"(0.7060994560994561, 1.0)",2,99.2643469130487,32506
"(0.8929015655249481, 0.9958292603453894)",2,99.2642948264091,32508
"(0.8633762288330498, 1.0)",1,99.26429432520786,32509
"(0.8431623931623932, 1.0)",1,99.26429249520037,32510
"(0.9669795885118464, 0.9958292603453894)",1,99.26427476358126,32511
"(0.8697983697983697, 1.0)",1,99.2642593436588,32512
"(0.8053381731676306, 1.0)",1,99.2642451142818,32513
"(0.8976982097186702, 1.0)",1,99.26423055057708,32514
"(0.9158007932517735, 1.0)",1,99.26421204930124,32515
"(0.7880931329207191, 1.0)",1,99.26404116347936,32516
"(0.8310777799491891, 1.0)",1,99.26403811026266,32517
"(0.844988344988345, 1.0)",1,99.26398939813576,32518
"(0.8229870141950848, 1.0)",1,99.26388260868112,32519
"(0.9832965806068272, 0.9958292603453894)",1,99.2638497085698,32520
"(0.837707400507675, 1.0)",1,99.26380211435512,32521
"(0.7511111111111111, 1.0)",1,99.26379567848116,32522
"(0.6733821733821733, 1.0)",1,99.2637897492707,32523
"(0.8547756205106323, 1.0)",1,99.2637076330804,32524
"(0.9198255060602112, 0.9958292603453894)",1,99.26370223727427,32525
"(0.9916585206907788, 0.9958292603453894)",1,99.2636735834318,32526
"(0.9833229101521784, 1.0)",1,99.26365577475748,32527
"(0.8229870141950848, 1.0)",1,99.26362738019589,32528
"(0.6831352928913905, 1.0)",1,99.26361760776784,32529
"(0.9665831244778612, 1.0)",1,99.26355590944212,32530
"(0.9750943974852894, 0.9958292603453894)",1,99.26350706591998,32531
"(1.0, 0.9958292603453894)",2,99.26347081314567,32533
"(0.9332172991312776, 0.9958292603453894)",2,99.26344970779832,32535
"(0.9003556829643787, 1.0)",1,99.26321467525932,32536
"(0.7183489076634237, 1.0)",1,99.26321310779588,32537
"(0.9834440227703986, 0.9958292603453894)",1,99.26319563918652,32538
"(0.8796475392220073, 1.0)",1,99.26316943868594,32539
"(0.7675138481590094, 1.0)",1,99.26314946146572,32540
"(0.6575398846941737, 1.0)",1,99.26314366425954,32541
"(0.7119388248146047, 1.0)",7,99.2631307774121,32548
"(0.9516794286955578, 0.9958292603453894)",1,99.2631074700828,32549
"(0.9165164082221422, 1.0)",1,99.26299181379302,32550
"(0.8165520116739629, 1.0)",1,99.2629747464602,32551
"(0.8310777799491891, 1.0)",1,99.2629485508119,32552
"(0.9669558693467613, 0.9958292603453894)",1,99.26289178307034,32553
"(0.9666562434855118, 1.0)",1,99.262842295187,32554
"(0.979273283115788, 0.9958292603453894)",1,99.26267189572386,32555
"(0.8347775825943863, 0.9958292603453894)",1,99.2626447027271,32556
"(0.933096859926128, 1.0)",1,99.26263378108784,32557
"(0.757745166550198, 1.0)",1,99.26260045476975,32558
"(0.861111111111111, 1.0)",1,99.26258888657264,32559
"(0.8976982097186702, 1.0)",1,99.26250390211057,32560
"(0.7802197802197803, 1.0)",1,99.2624972300764,32561
"(0.9749706744868036, 0.9958292603453894)",1,99.2624882186154,32562
"(0.8796475392220073, 1.0)",1,99.26240325306364,32563
"(0.8266173510466989, 1.0)",1,99.2623982139186,32564
"(0.9583406125452844, 0.9958292603453894)",1,99.26237926094996,32565
"(0.8653198653198653, 1.0)",1,99.26235465990236,32566
"(0.6521663785997688, 1.0)",1,99.2623396433107,32567
"(0.9833229101521784, 1.0)",1,99.2623223862119,32568
"(0.8266173510466989, 1.0)",1,99.2622981113964,32569
"(0.9834358767945106, 0.9958292603453894)",1,99.26229214014764,32570
"(0.9829909379735984, 0.9958292603453894)",1,99.26226844912952,32571
"(0.8547756205106323, 1.0)",1,99.26223675872356,32572
"(0.9280317595086728, 0.9958292603453894)",1,99.26217963872116,32573
"(0.8760238095238095, 0.9958292603453894)",1,99.2621607398071,32574
"(0.9333333333333332, 1.0)",1,99.26212640681,32575
"(0.8653198653198653, 1.0)",1,99.26212152230062,32576
"(0.8796475392220073, 1.0)",1,99.26211354973232,32577
"(1.0, 0.9958292603453894)",1,99.26206227604705,32578
"(0.7916666666666666, 1.0)",2,99.2620304112281,32580
"(0.8814814814814814, 1.0)",2,99.26199927875432,32582
"(0.9749706744868036, 0.9958292603453894)",1,99.26197989884623,32583
"(0.917469251615593, 1.0)",1,99.26197423227455,32584
"(0.8976982097186702, 1.0)",1,99.26190090223427,32585
"(0.8372053872053872, 1.0)",1,99.26185385362852,32586
"(0.9916585206907788, 0.9958292603453894)",1,99.26181150855535,32587
"(0.9916625936787228, 0.9958292603453894)",2,99.26175811688826,32589
"(0.7734344933751168, 1.0)",1,99.26172182451654,32590
"(0.9198255060602112, 0.9958292603453894)",2,99.26168572965358,32592
"(0.9833040078201368, 0.9958292603453894)",1,99.2616217937775,32593
"(0.9747273037595618, 0.9958292603453894)",1,99.26155255822933,32594
"(0.9720813204508856, 1.0)",1,99.26154503578684,32595
"(0.9790755481078062, 0.9958292603453894)",1,99.26142300398674,32596
"(0.8976982097186702, 1.0)",1,99.26140904678178,32597
"(0.7155555555555556, 1.0)",1,99.2614037751338,32598
"(0.987463247273494, 0.9958292603453894)",1,99.26137894689924,32599
"(0.844988344988345, 1.0)",1,99.26136269236396,32600
"(0.945364478411655, 0.9958292603453894)",1,99.2613599414395,32601
"(1.0, 1.0)",2,99.26135534529028,32603
"(0.97934925289764, 0.9958292603453894)",1,99.2613307640479,32604
"(0.917415489944373, 1.0)",1,99.26132772519163,32605
"(0.9442283950617284, 1.0)",1,99.26131791164794,32606
"(0.7802197802197803, 1.0)",1,99.26127852210786,32607
"(0.8976982097186702, 1.0)",1,99.26123141089154,32608
"(0.8635976129582268, 0.9833229101521784)",1,99.26119191741591,32609
"(0.9504245882013664, 0.9958292603453894)",1,99.26119073218402,32610
"(0.8349489264123411, 1.0)",1,99.26118416065178,32611
"(0.6698155645524068, 1.0)",3,99.2611363875148,32614
"(0.9326599326599326, 1.0)",1,99.26108101564904,32615
"(0.8976982097186702, 1.0)",1,99.26096942716192,32616
"(0.9299507899507898, 1.0)",1,99.26096425428612,32617
"(0.9153439153439152, 1.0)",1,99.26070226070226,32618
"(0.8229870141950848, 1.0)",1,99.26061984087497,32619
"(0.9791625936787228, 0.9958292603453894)",1,99.26061003310669,32620
"(0.9874762808349148, 0.9958292603453894)",1,99.26057966750358,32621
"(0.9664171122994653, 0.9958292603453894)",1,99.26051216256958,32622
"(0.8300265307680562, 1.0)",1,99.26049719345696,32623
"(0.8976982097186702, 1.0)",1,99.26047008996224,32624
"(0.8016677935542034, 1.0)",1,99.26046090675908,32625
"(0.9192093318943212, 1.0)",1,99.26044233607436,32626
"(0.9506533178503804, 1.0)",1,99.26042616177642,32627
"(0.9874747474747476, 0.9958292603453894)",1,99.26029420188028,32628
"(0.8495378883833893, 0.9958292603453894)",1,99.26029296355657,32629
"(0.6698155645524068, 1.0)",1,99.26028583626744,32630
"(0.9031692062697052, 1.0)",1,99.26027726985544,32631
"(0.8420013166556946, 1.0)",3,99.26018313483752,32634
"(0.9791332681655264, 0.9958292603453894)",1,99.26015872850634,32635
"(0.8633762288330498, 1.0)",1,99.26010912599438,32636
"(0.7531792444073147, 1.0)",1,99.26003334180848,32637
"(0.9508264734071186, 0.9958292603453894)",1,99.26002688890496,32638
"(0.861111111111111, 1.0)",2,99.25998048101609,32640
"(0.9625085772334347, 0.9958292603453894)",1,99.25993422260338,32641
"(0.903667392883079, 1.0)",1,99.2598952509888,32642
"(0.9326599326599326, 1.0)",2,99.25989432705698,32644
"(0.9916585206907788, 0.9958292603453894)",1,99.25988201175906,32645
"(0.8907966222338917, 0.9958292603453894)",2,99.25981548766576,32647
"(0.9165164082221422, 1.0)",1,99.2598089874424,32648
"(0.8222222222222222, 1.0)",2,99.25976751342606,32650
"(0.9873891625615764, 0.9958292603453894)",1,99.25974742289932,32651
"(0.6825396825396824, 1.0)",1,99.25973544672732,32652
"(0.9832184229069656, 0.9958292603453894)",1,99.25972008295297,32653
"(0.8222222222222222, 1.0)",1,99.25970481759956,32654
"(0.9578375055710984, 0.9958292603453894)",1,99.2596691039138,32655
"(0.572027972027972, 1.0)",1,99.25966781756256,32656
"(0.8887202421952387, 1.0)",1,99.25964809841454,32657
"(0.9279680209218476, 0.9958292603453894)",1,99.25960410116924,32658
"(0.9833229101521784, 1.0)",1,99.25959462610902,32659
"(0.9189396095602992, 0.9958292603453894)",1,99.2595634151997,32660
"(0.8762860082304527, 1.0)",1,99.25943771698688,32661
"(0.8600291387756281, 0.9958292603453894)",1,99.25939523904316,32662
"(0.4943189964157706, 1.0)",1,99.25936555962733,32663
"(0.8762860082304527, 1.0)",1,99.25935691859334,32664
"(0.7119388248146047, 1.0)",1,99.2592841997462,32665
"(1.0, 1.0)",2,99.25916471474432,32667
"(0.8717520170461346, 0.9958292603453894)",1,99.25916045969274,32668
"(0.9326599326599326, 1.0)",1,99.25915376305583,32669
"(0.6698155645524068, 1.0)",1,99.25915344145162,32670
"(0.826388888888889, 1.0)",1,99.25913789711927,32671
"(0.9430479403581872, 0.9958292603453894)",1,99.2591032932258,32672
"(0.8579868984630887, 1.0)",1,99.2590873158367,32673
"(0.93773047895128, 0.9958292603453894)",1,99.25908527314895,32674
"(0.903667392883079, 1.0)",1,99.2590742046263,32675
"(0.6698155645524068, 1.0)",1,99.25906004223803,32676
"(0.6179693015417549, 1.0)",1,99.2590598198962,32677
"(0.933249791144528, 1.0)",2,99.25904869212178,32679
"(0.9791258409522168, 0.9958292603453894)",1,99.2589759534909,32680
"(0.8736897274633123, 1.0)",1,99.25895922586962,32681
"(1.0, 1.0)",1,99.25892489138378,32682
"(0.8040695048423352, 1.0)",1,99.25882158348486,32683
"(0.8976982097186702, 1.0)",1,99.25879889764865,32684
"(0.8222222222222222, 1.0)",2,99.25879889764865,32686
"(0.9669558693467613, 0.9958292603453894)",1,99.25869650965306,32687
"(0.8801870819343937, 0.9958292603453894)",1,99.2586709058356,32688
"(0.7786375661375661, 1.0)",1,99.25863433707626,32689
"(1.0, 0.9958292603453894)",1,99.25861749518678,32690
"(0.8976982097186702, 1.0)",1,99.25861355752257,32691
"(0.8653198653198653, 1.0)",1,99.25854986289744,32692
"(0.7601164382773579, 1.0)",1,99.25854507662896,32693
"(0.861111111111111, 1.0)",1,99.25852952679963,32694
"(0.9182966261114094, 0.9958292603453894)",1,99.25849426573212,32695
"(0.8329156223893065, 1.0)",1,99.25839086981576,32696
"(0.962505246140658, 0.9958292603453894)",1,99.25838804799564,32697
"(0.9131856219190184, 0.9958292603453894)",1,99.25835999169104,32698
"(0.944563492063492, 1.0)",1,99.25835112064148,32699
"(0.9546499948224086, 0.9958292603453894)",1,99.25832333097998,32700
"(0.9665831244778612, 1.0)",1,99.25824047615544,32701
"(0.7193191685235748, 1.0)",1,99.25819763423132,32702
"(0.9581458989353726, 1.0)",1,99.2581645503034,32703
"(0.9874762808349148, 0.9958292603453894)",1,99.25815041422948,32704
"(1.0, 1.0)",1,99.25813312647436,32705
"(0.9916585206907788, 0.9958292603453894)",1,99.25810877028928,32706
"(0.8266173510466989, 1.0)",1,99.25798270210224,32707
"(0.9916339869281046, 0.9958292603453894)",1,99.2578915313988,32708
"(0.9750943974852894, 0.9958292603453894)",1,99.25778154228152,32709
"(0.9749706744868036, 0.9958292603453894)",1,99.25772051224864,32710
"(0.8324561403508771, 1.0)",1,99.2577192743043,32711
"(0.9452448267044004, 0.9958292603453894)",1,99.25771209341498,32712
"(0.8222222222222222, 1.0)",1,99.25769667733522,32713
"(0.9665831244778612, 1.0)",1,99.25769167071924,32714
"(0.944073617452092, 1.0)",2,99.25768961607804,32716
"(0.9658159033159032, 0.9958292603453894)",2,99.25768436109648,32718
"(0.8676532769556025, 1.0)",1,99.25767302345582,32719
"(0.8615866942983156, 1.0)",1,99.25755677846932,32720
"(0.8762860082304527, 1.0)",1,99.25753826373422,32721
"(0.7801008555725536, 1.0)",1,99.25752622488432,32722
"(0.9832401090007582, 0.9958292603453894)",1,99.2574529313039,32723
"(0.9546499948224086, 0.9958292603453894)",1,99.25742499598134,32724
"(0.861111111111111, 1.0)",1,99.25741489381863,32725
"(0.9291343771135042, 0.9958292603453894)",1,99.25738339634114,32726
"(1.0, 1.0)",1,99.25738167721032,32727
"(0.9791332681655264, 0.9958292603453894)",1,99.25728608990958,32728
"(0.9916339869281046, 0.9958292603453894)",1,99.25726874009166,32729
"(0.7183489076634237, 1.0)",1,99.2571304558951,32730
"(0.987463247273494, 0.9958292603453894)",1,99.2570214251278,32731
"(0.9506533178503804, 1.0)",1,99.25701745180072,32732
"(0.6042502004811546, 1.0)",1,99.25700351153264,32733
"(0.8468951683237397, 1.0)",1,99.2569564630348,32734
"(0.9153439153439152, 1.0)",1,99.25693221462993,32735
"(0.7837735276259866, 1.0)",1,99.25689841690956,32736
"(0.6444891298012474, 1.0)",2,99.25688898772648,32738
"(0.9003556829643787, 1.0)",1,99.25684770518168,32739
"(0.8016677935542034, 1.0)",4,99.25684654275928,32743
"(0.5131569832583307, 1.0)",1,99.25679148931336,32744
"(1.0, 1.0)",1,99.2567313346773,32745
"(0.9442283950617284, 1.0)",1,99.2567290836274,32746
"(0.8471527473990528, 1.0)",1,99.2567219612352,32747
"(0.861111111111111, 1.0)",1,99.25664827543352,32748
"(0.6521663785997688, 1.0)",1,99.25663277837626,32749
"(0.9747273037595618, 0.9958292603453894)",1,99.25659852079671,32750
"(0.9665831244778612, 1.0)",2,99.25658557581474,32752
"(0.7944219523166891, 1.0)",1,99.25656764437758,32753
"(0.908707905546986, 0.9958292603453894)",1,99.25656192696891,32754
"(0.7802197802197803, 1.0)",1,99.2565265675619,32755
"(0.9916666666666668, 0.9958292603453894)",1,99.256524489449,32756
"(0.9499687304565352, 1.0)",2,99.25648321186677,32758
"(0.6080315348608032, 1.0)",1,99.25642072946307,32759
"(0.9871616776282092, 0.9958292603453894)",1,99.25640102158144,32760
"(0.7362637362637362, 1.0)",3,99.25639823407496,32763
"(0.9332172991312776, 0.9958292603453894)",1,99.25638070373893,32764
"(0.7503607503607503, 1.0)",1,99.25635708369984,32765
"(0.9250222656674272, 0.9958292603453894)",1,99.25633173849076,32766
"(0.5131569832583307, 1.0)",1,99.25632794609558,32767
"(0.97934925289764, 0.9958292603453894)",1,99.25632420653926,32768
"(0.816195709052852, 1.0)",1,99.25625055471248,32769
"(0.7340930674264006, 1.0)",1,99.25623174745982,32770
"(0.8468951683237397, 1.0)",1,99.25618419957908,32771
"(0.7994987468671678, 1.0)",1,99.25614086716784,32772
"(0.8319340617212959, 1.0)",1,99.2560876604625,32773
"(0.97934925289764, 0.9958292603453894)",1,99.256072203656,32774
"(0.7545469576719577, 1.0)",1,99.25601276353352,32775
"(0.4039045743444857, 1.0)",1,99.25597665976022,32776
"(0.7119388248146047, 1.0)",1,99.25593447284942,32777
"(0.8796475392220073, 1.0)",1,99.25585464463325,32778
"(0.861111111111111, 1.0)",1,99.25576897425636,32779
"(0.8579868984630887, 1.0)",1,99.25571269925132,32780
"(0.97495917428555, 0.9958292603453894)",1,99.25570511983176,32781
"(0.8697983697983697, 1.0)",1,99.25564280570048,32782
"(0.868077055383557, 1.0)",1,99.25562285340686,32783
"(0.983545503234046, 1.0)",1,99.25556568738207,32784
"(0.7077308656256025, 1.0)",1,99.25552067482688,32785
"(0.9157097551404952, 0.9958292603453894)",1,99.25549501829636,32786
"(0.979051756240299, 0.9958292603453894)",1,99.25545282384168,32787
"(0.5070372093557577, 1.0)",1,99.25535857060471,32788
"(0.9833211143695014, 0.9958292603453894)",1,99.25529568249708,32789
"(0.6544644252235129, 1.0)",1,99.25528848647268,32790
"(0.8651903651903651, 1.0)",1,99.25526220241667,32791
"(0.812557599070401, 1.0)",1,99.2552493389405,32792
"(0.8958208965097509, 0.9958292603453894)",1,99.255248483314,32793
"(0.5555555555555555, 1.0)",2,99.2552454503674,32795
"(0.5910680656443368, 1.0)",1,99.25520947978576,32796
"(0.7222222222222221, 0.9833229101521784)",1,99.25520101065678,32797
"(0.9669558693467613, 0.9958292603453894)",1,99.25519956905627,32798
"(0.9791258409522168, 0.9958292603453894)",1,99.25519241914336,32799
"(0.902012682657844, 0.9958292603453894)",2,99.25516702451722,32801
"(0.9833229101521784, 1.0)",1,99.25515929321922,32802
"(0.9829909379735984, 0.9958292603453894)",1,99.25511403274815,32803
"(0.9876106894370652, 0.9958292603453894)",1,99.25509889714984,32804
"(0.9833080808080809, 0.9958292603453894)",1,99.25506101125409,32805
"(0.9746535316523212, 0.9958292603453894)",1,99.25501338428258,32806
"(0.8374727668845315, 1.0)",1,99.25497645495368,32807
"(0.9369138996969484, 0.9958292603453894)",1,99.25496806417476,32808
"(0.987463247273494, 0.9958292603453894)",1,99.25492976925496,32809
"(0.97495917428555, 0.9958292603453894)",1,99.25484997953312,32810
"(0.7077308656256025, 1.0)",1,99.25475780952624,32811
"(0.9131856219190184, 0.9958292603453894)",1,99.25475451558007,32812
"(0.8929015655249481, 0.9958292603453894)",1,99.25472982431398,32813
"(0.8796475392220073, 1.0)",1,99.2547270504331,32814
"(0.8420013166556946, 1.0)",1,99.2546946640758,32815
"(0.6042502004811546, 1.0)",1,99.2546724785838,32816
"(0.9583406125452844, 0.9958292603453894)",1,99.25467075511747,32817
"(0.7479743867590829, 1.0)",1,99.25462204759133,32818
"(0.8316498316498316, 1.0)",1,99.25453716866735,32819
"(0.9833229101521784, 1.0)",1,99.25450943598082,32820
"(0.837707400507675, 1.0)",1,99.25437406717434,32821
"(0.9198255060602112, 0.9958292603453894)",1,99.25437211667662,32822
"(0.8365328658269835, 0.9958292603453894)",1,99.25427199082796,32823
"(0.949977467563772, 0.9958292603453894)",1,99.25415465699643,32824
"(0.9834358767945106, 0.9958292603453894)",1,99.25414559461116,32825
"(0.9916585206907788, 0.9958292603453894)",1,99.25413480960022,32826
"(0.9506533178503804, 1.0)",1,99.25404680442183,32827
"(0.7222222222222221, 1.0)",1,99.25404357002112,32828
"(0.757745166550198, 1.0)",1,99.25403992257569,32829
"(0.9669795885118464, 0.9958292603453894)",1,99.25400892804068,32830
"(0.902012682657844, 0.9958292603453894)",1,99.25399163041637,32831
"(0.9707071808622552, 0.9958292603453894)",1,99.25396798185534,32832
"(0.8635976129582268, 1.0)",1,99.25391919782308,32833
"(0.8615866942983156, 1.0)",1,99.25388535631323,32834
"(0.9873891625615764, 0.9958292603453894)",1,99.25383465445626,32835
"(0.9166145507608924, 1.0)",1,99.25376276839692,32836
"(0.816195709052852, 1.0)",1,99.2536735608063,32837
"(0.9835199925522506, 0.9958292603453894)",1,99.25365891250748,32838
"(0.958095238095238, 0.9958292603453894)",1,99.25365449249236,32839
"(0.9788980434141724, 0.9958292603453894)",1,99.25365067251116,32840
"(0.9034438470728792, 0.9958292603453894)",1,99.25359830832474,32841
"(0.9707136080238548, 0.9958292603453894)",1,99.25359306989154,32842
"(0.9791299139401608, 0.9958292603453894)",1,99.25357912744984,32843
"(0.8420013166556946, 1.0)",1,99.25348099979225,32844
"(0.9747273037595618, 0.9958292603453894)",1,99.253448749746,32845
"(0.7090909090909091, 1.0)",1,99.25343096498425,32846
"(0.8016677935542034, 1.0)",1,99.25341775741624,32847
"(0.9874762808349148, 0.9958292603453894)",1,99.25337923565556,32848
"(0.9161952650324744, 1.0)",1,99.25331665461552,32849
"(0.933249791144528, 1.0)",1,99.25324642459368,32850
"(0.9791332681655264, 0.9958292603453894)",1,99.25323780227453,32851
"(0.9665831244778612, 1.0)",1,99.25322768566986,32852
"(0.8151249335459861, 1.0)",1,99.25313991020344,32853
"(0.5070372093557577, 1.0)",1,99.2530996173582,32854
"(0.9086695042340204, 0.9958292603453894)",1,99.25301943441818,32855
"(0.945364478411655, 0.9958292603453894)",1,99.25298597575838,32856
"(0.9454999712494968, 0.9958292603453894)",2,99.25293515090608,32858
"(0.8796475392220073, 1.0)",1,99.25293479852972,32859
"(0.8814814814814814, 1.0)",1,99.25285182686436,32860
"(0.7030539311241066, 1.0)",1,99.25276548584404,32861
"(0.8222222222222222, 1.0)",1,99.2527262774288,32862
"(0.983545503234046, 0.9958292603453894)",1,99.25272405491054,32863
"(0.8101143854687974, 1.0)",4,99.25268297461729,32867
"(0.8467532467532467, 1.0)",1,99.25264807193192,32868
"(0.902012682657844, 0.9958292603453894)",1,99.25262006322234,32869
"(0.9445972545972546, 1.0)",1,99.25254433931158,32870
"(0.6698155645524068, 1.0)",2,99.2525121433979,32872
"(1.0, 1.0)",2,99.25245646884991,32874
"(0.9665831244778612, 1.0)",1,99.252451904423,32875
"(0.979051756240299, 0.9958292603453894)",1,99.25239242882424,32876
"(0.9384174012481092, 0.9958292603453894)",1,99.25238701738144,32877
"(0.987463247273494, 0.9958292603453894)",1,99.25237286198904,32878
"(0.9166145507608924, 1.0)",1,99.25236950730891,32879
"(0.9182966261114094, 0.9958292603453894)",1,99.25232574696471,32880
"(0.7994987468671678, 1.0)",1,99.25229551473691,32881
"(0.6698155645524068, 1.0)",1,99.25225085854098,32882
"(0.8887202421952387, 1.0)",1,99.25222338917276,32883
"(0.8374727668845315, 1.0)",1,99.25220588054952,32884
"(0.9008627640703112, 1.0)",1,99.25220092419038,32885
"(0.8976982097186702, 1.0)",1,99.25219439104411,32886
"(0.8294970161977834, 1.0)",1,99.25214401562678,32887
"(0.6698155645524068, 1.0)",1,99.2521046116592,32888
"(0.9497171590194848, 1.0)",1,99.25207561927267,32889
"(0.812557599070401, 1.0)",1,99.25204785123736,32890
"(0.9749395281084088, 0.9958292603453894)",1,99.25199713220005,32891
"(0.861111111111111, 1.0)",3,99.25197860673792,32894
"(0.9876221896383188, 0.9958292603453894)",1,99.25190164143446,32895
"(0.8374727668845315, 1.0)",1,99.25188424804828,32896
"(0.9916585206907788, 0.9958292603453894)",1,99.25186637969789,32897
"(0.9835547122074636, 0.9958292603453894)",1,99.25186197157252,32898
"(0.8247905643738976, 1.0)",1,99.25176236346717,32899
"(0.9582210352371644, 0.9958292603453894)",1,99.25173211920614,32900
"(0.8676532769556025, 1.0)",1,99.25161739329832,32901
"(0.94993894993895, 1.0)",1,99.25157679746285,32902
"(0.9454999712494968, 0.9958292603453894)",2,99.2515386447661,32904
"(0.9835199925522506, 0.9958292603453894)",1,99.25150465716634,32905
"(0.8266173510466989, 1.0)",1,99.25146945624344,32906
"(0.8796475392220073, 1.0)",1,99.25143082929796,32907
"(1.0, 0.9958292603453894)",1,99.25140642472874,32908
"(0.9751539794803552, 0.9958292603453894)",1,99.25137134627576,32909
"(0.9442283950617284, 1.0)",1,99.25133329194044,32910
"(0.9158007932517735, 1.0)",1,99.2512946512566,32911
"(0.8016677935542034, 1.0)",1,99.25126293294277,32912
"(0.9167853751187084, 1.0)",1,99.25113306516027,32913
"(0.8840048840048841, 0.9833229101521784)",1,99.25104976324496,32914
"(0.8840048840048841, 1.0)",1,99.25098706741838,32915
"(0.9333333333333332, 0.9833229101521784)",1,99.25098445329516,32916
"(0.9833229101521784, 1.0)",1,99.25094934470548,32917
"(0.8468951683237397, 1.0)",1,99.25094636535788,32918
"(0.868077055383557, 1.0)",1,99.25089973035124,32919
"(0.6733821733821733, 1.0)",1,99.25088427567056,32920
"(0.6521663785997688, 1.0)",1,99.25086001427928,32921
"(0.8222222222222222, 1.0)",1,99.25083184003668,32922
"(0.8420013166556946, 1.0)",1,99.25069626773248,32923
"(0.7601164382773579, 1.0)",1,99.2506825142848,32924
"(0.9791258409522168, 0.9958292603453894)",1,99.250517707588,32925
"(0.8300265307680562, 1.0)",1,99.25050124155968,32926
"(0.8769168536069467, 0.9958292603453894)",1,99.25049322217724,32927
"(0.9166145507608924, 1.0)",2,99.25048447103455,32929
"(0.9384174012481092, 0.9958292603453894)",1,99.2504778203943,32930
"(0.9748850895736324, 0.9958292603453894)",1,99.25031538546278,32931
"(0.5131569832583307, 1.0)",1,99.25029454873528,32932
"(0.602264469605218, 1.0)",1,99.25024275769368,32933
"(0.9696986734304888, 0.9958292603453894)",1,99.25022184708514,32934
"(0.9198255060602112, 0.9958292603453894)",1,99.250201377022,32935
"(0.9707136080238548, 0.9958292603453894)",1,99.25012409664704,32936
"(0.7277677677677677, 1.0)",2,99.25009915334994,32938
"(0.9665831244778612, 1.0)",1,99.25006102375012,32939
"(0.9206165335472736, 0.9958292603453894)",2,99.25005460213173,32941
"(1.0, 1.0)",2,99.2500495668046,32943
"(0.8300265307680562, 1.0)",1,99.25001702856412,32944
"(0.9665831244778612, 1.0)",1,99.24999578972177,32945
"(0.9832965806068272, 0.9958292603453894)",1,99.24993733656952,32946
"(0.9008627640703112, 1.0)",1,99.24991565492684,32947
"(0.5910680656443368, 1.0)",1,99.24990018377878,32948
"(0.776488287126585, 1.0)",1,99.2498156034417,32949
"(0.8840048840048841, 0.9833229101521784)",1,99.24978634734738,32950
"(0.9009534009534008, 1.0)",1,99.24970110098027,32951
"(0.7077308656256025, 1.0)",1,99.24959335613056,32952
"(0.8294970161977834, 1.0)",1,99.249581002957,32953
"(0.901575014782562, 1.0)",1,99.2495676926394,32954
"(0.6698155645524068, 1.0)",1,99.24954372668944,32955
"(0.9169719169719168, 1.0)",1,99.24944756253232,32956
"(0.9916585206907788, 0.9958292603453894)",1,99.24944389876508,32957
"(0.9916666666666668, 0.9958292603453894)",1,99.2493810213562,32958
"(0.9746854694957162, 0.9958292603453894)",1,99.24930582634876,32959
"(0.861111111111111, 1.0)",1,99.24928235939252,32960
"(0.903667392883079, 1.0)",1,99.24924311712496,32961
"(0.9300671002153482, 1.0)",1,99.24921496477953,32962
"(0.8165509259259259, 1.0)",1,99.24894510868867,32963
"(0.8316498316498316, 1.0)",1,99.24894028039002,32964
"(0.9504245882013664, 0.9958292603453894)",1,99.24890571520234,32965
"(0.7632275132275131, 1.0)",1,99.24886666096722,32966
"(0.9797933639980358, 0.9958292603453894)",1,99.24883447817098,32967
"(0.987463247273494, 0.9958292603453894)",1,99.24881415746398,32968
"(0.8976982097186702, 1.0)",1,99.2488118258026,32969
"(0.9333044546043194, 0.9958292603453894)",2,99.2488025191632,32971
"(0.7786375661375661, 1.0)",1,99.24875569511534,32972
"(0.6804620726495727, 1.0)",1,99.24873946417542,32973
"(0.97495917428555, 0.9958292603453894)",1,99.2487304052558,32974
"(0.8476190476190477, 1.0)",1,99.24872417555343,32975
"(0.8420013166556946, 1.0)",1,99.2486474250857,32976
"(0.738145558145558, 1.0)",2,99.24864446718584,32978
"(0.757745166550198, 1.0)",1,99.24861853348348,32979
"(0.7703623385261582, 0.9958292603453894)",1,99.2484942623538,32980
"(0.6733821733821733, 1.0)",1,99.2484905249899,32981
"(0.9280317595086728, 0.9958292603453894)",1,99.24844700508363,32982
"(0.8040695048423352, 1.0)",1,99.24839894740543,32983
"(0.987463247273494, 0.9958292603453894)",1,99.24839435460852,32984
"(0.8997493734335841, 1.0)",1,99.24837878895704,32985
"(0.6825396825396824, 1.0)",1,99.24836903609928,32986
"(0.9665831244778612, 1.0)",1,99.24836865431678,32987
"(0.9916585206907788, 0.9958292603453894)",1,99.24834603602837,32988
"(0.8796475392220073, 1.0)",1,99.2482998092798,32989
"(0.9365496267832196, 0.9958292603453894)",1,99.24826207779992,32990
"(0.987463247273494, 0.9958292603453894)",1,99.24825290059395,32991
"(0.6804620726495727, 1.0)",1,99.24821251355918,32992
"(0.9665831244778612, 1.0)",1,99.248197468865,32993
"(0.7532376017916352, 1.0)",1,99.2481916250843,32994
"(0.9333333333333332, 1.0)",1,99.24806920024992,32995
"(0.9024676850763808, 1.0)",1,99.24803883182705,32996
"(0.8997493734335841, 1.0)",1,99.24803747577626,32997
"(0.9833229101521784, 1.0)",1,99.24796937479864,32998
"(0.7673678366541239, 1.0)",2,99.24794322367208,33000
"(0.7155555555555556, 1.0)",1,99.24788327870482,33001
"(0.8016677935542034, 1.0)",1,99.24785494602318,33002
"(0.9788980434141724, 0.9958292603453894)",1,99.24784110161325,33003
"(0.9834358767945106, 0.9958292603453894)",1,99.24782654841732,33004
"(0.8796475392220073, 1.0)",3,99.24780955878956,33007
"(0.9497171590194846, 1.0)",1,99.24780904743488,33008
"(0.902012682657844, 0.9958292603453894)",1,99.24776070095814,33009
"(0.9008627640703112, 1.0)",1,99.2477478187116,33010
"(0.9743030741133208, 0.9958292603453894)",1,99.2477443497673,33011
"(0.9326599326599326, 1.0)",1,99.24770802819585,33012
"(0.882673371045464, 1.0)",1,99.2476949704946,33013
"(0.7090909090909091, 1.0)",1,99.24766380132776,33014
"(0.7946380416968652, 0.9958292603453894)",1,99.24764229116384,33015
"(0.8294970161977834, 1.0)",1,99.24759271693556,33016
"(0.9153439153439156, 1.0)",1,99.24759151370192,33017
"(0.9500975805767078, 0.9958292603453894)",1,99.2475834352547,33018
"(0.8365328658269835, 0.9958292603453894)",1,99.24755652058396,33019
"(0.9584987529902784, 1.0)",1,99.24752362121696,33020
"(0.949977467563772, 0.9958292603453894)",1,99.2474642486062,33021
"(0.9161952650324744, 1.0)",1,99.2473498620318,33022
"(0.9748524098350704, 0.9958292603453894)",1,99.24727308448482,33023
"(0.97899550533801, 0.9958292603453894)",1,99.24720740815954,33024
"(0.9189396095602992, 0.9958292603453894)",1,99.24714908418068,33025
"(0.8425483191745751, 1.0)",2,99.2471192195188,33027
"(0.8137865219658889, 1.0)",2,99.24704998835968,33029
"(0.8564088034923205, 0.9958292603453894)",1,99.2470070485077,33030
"(0.786508365740383, 1.0)",1,99.2468290280069,33031
"(0.8600291387756281, 0.9958292603453894)",1,99.24681294320642,33032
"(0.917655049465296, 0.9958292603453894)",1,99.24657372396582,33033
"(0.9326599326599326, 1.0)",1,99.24653337132528,33034
"(0.7903875985986362, 1.0)",1,99.246502319842,33035
"(0.9664171122994653, 0.9958292603453894)",1,99.2464855935018,33036
"(0.8976982097186702, 1.0)",2,99.24647587177812,33038
"(0.6666173934466618, 1.0)",1,99.2464613121866,33039
"(0.7119388248146047, 1.0)",4,99.24645368756428,33043
"(0.9490213526488036, 0.9958292603453894)",1,99.24642370375936,33044
"(0.8997493734335841, 1.0)",1,99.24638885575985,33045
"(0.8976982097186702, 1.0)",1,99.24631992034296,33046
"(0.9167853751187084, 1.0)",1,99.24631622263404,33047
"(0.7416325017951034, 1.0)",1,99.2462876656583,33048
"(1.0, 1.0)",1,99.24625166680175,33049
"(0.978932178932179, 0.9958292603453894)",1,99.24623553386212,33050
"(0.7713401051412279, 1.0)",1,99.24623189966948,33051
"(0.7362637362637362, 1.0)",1,99.2462124205006,33052
"(0.799275702501509, 1.0)",1,99.2461827148452,33053
"(0.9326599326599326, 1.0)",1,99.24617505829184,33054
"(0.9791348015256934, 0.9958292603453894)",1,99.2461170561908,33055
"(0.8976982097186702, 1.0)",1,99.24611484862702,33056
"(0.7077308656256025, 1.0)",1,99.24604068889478,33057
"(0.8976982097186702, 1.0)",1,99.24600042150252,33058
"(0.8319340617212959, 1.0)",2,99.2459725075389,33060
"(0.8976982097186702, 1.0)",1,99.24597034361342,33061
"(0.9291343771135042, 0.9958292603453894)",1,99.2459525110097,33062
"(0.97934925289764, 0.9958292603453894)",1,99.2459000255816,33063
"(0.8717520170461346, 0.9958292603453894)",1,99.24588778722216,33064
"(0.9835199925522506, 0.9958292603453894)",1,99.24581900473918,33065
"(0.9499687304565352, 1.0)",1,99.24579812747469,33066
"(0.9331662489557224, 1.0)",1,99.24563593694096,33067
"(0.9166145507608924, 0.9833229101521784)",1,99.2454859460562,33068
"(0.9699183291713004, 0.9958292603453894)",1,99.24546334089304,33069
"(0.6804620726495727, 1.0)",2,99.24541263138856,33071
"(0.9408363037601548, 0.9958292603453894)",1,99.24536366937862,33072
"(0.8814814814814814, 1.0)",1,99.2453221889065,33073
"(0.978932178932179, 0.9958292603453894)",1,99.2453095625899,33074
"(0.983545503234046, 0.9958292603453894)",1,99.24527601135637,33075
"(0.9161952650324744, 1.0)",1,99.24527481454622,33076
"(0.7786375661375661, 1.0)",1,99.24523961855768,33077
"(0.9625085772334347, 0.9958292603453894)",1,99.24519316271392,33078
"(0.9834358767945106, 0.9958292603453894)",2,99.24518111923348,33080
"(0.6698155645524068, 1.0)",1,99.24512225588646,33081
"(0.9833229101521784, 1.0)",1,99.24511424777587,33082
"(0.8880984643179766, 1.0)",1,99.24505265739607,33083
"(0.9300671002153482, 1.0)",1,99.24497110035954,33084
"(0.8796475392220073, 1.0)",1,99.24480887022808,33085
"(0.7802197802197803, 1.0)",1,99.24476878622173,33086
"(0.8796475392220073, 1.0)",2,99.24472690430136,33088
"(0.979055829228243, 0.9958292603453894)",1,99.24470166388645,33089
"(0.9165164082221422, 1.0)",1,99.24467376949389,33090
"(0.916104916104916, 1.0)",1,99.24465008937408,33091
"(0.8329050741331443, 1.0)",1,99.24464090271896,33092
"(0.8177442148030384, 1.0)",1,99.2446012071373,33093
"(1.0, 1.0)",1,99.24458047222276,33094
"(0.9161379295307868, 1.0)",1,99.24457893172482,33095
"(0.7183489076634237, 1.0)",2,99.24456641586436,33097
"(0.9873444118605408, 0.9958292603453894)",1,99.24453565886972,33098
"(0.9442283950617284, 1.0)",1,99.24450637891552,33099
"(1.0, 1.0)",1,99.2444881920208,33100
"(0.97495917428555, 0.9958292603453894)",1,99.244481460074,33101
"(0.6698155645524068, 1.0)",1,99.24441760494236,33102
"(0.9958292603453894, 0.9958292603453894)",1,99.2443968726436,33103
"(0.6698155645524068, 1.0)",1,99.24435192091995,33104
"(0.6760835913312693, 1.0)",1,99.24432608497848,33105
"(0.7277677677677677, 1.0)",2,99.24423777952416,33107
"(0.962505246140658, 0.9958292603453894)",1,99.2442283700286,33108
"(0.8760238095238095, 0.9958292603453894)",1,99.2442149861102,33109
"(0.786508365740383, 1.0)",1,99.24420603272088,33110
"(0.9749395281084088, 0.9958292603453894)",1,99.24415964045288,33111
"(0.93773047895128, 0.9958292603453894)",1,99.24412990505998,33112
"(0.9164652836623464, 1.0)",1,99.24401004940276,33113
"(0.882673371045464, 1.0)",1,99.24400084773497,33114
"(0.8449978636391381, 1.0)",1,99.24399937108647,33115
"(0.6698155645524068, 1.0)",1,99.24393312457678,33116
"(0.8316498316498316, 1.0)",1,99.24391036010005,33117
"(0.917655049465296, 0.9958292603453894)",1,99.24390034009087,33118
"(0.5131569832583307, 1.0)",1,99.24380676340444,33119
"(0.8247905643738976, 1.0)",1,99.2437505177666,33120
"(0.983305541180304, 0.9958292603453894)",1,99.2436888876137,33121
"(0.987463247273494, 0.9958292603453894)",1,99.24360315847672,33122
"(0.6784722222222224, 1.0)",1,99.2435334427072,33123
"(1.0, 1.0)",1,99.24347777960938,33124
"(0.9497171590194848, 1.0)",1,99.24347777960938,33125
"(0.8483418730488175, 0.9958292603453894)",1,99.24343188785268,33126
"(0.8316498316498316, 1.0)",1,99.24337072707873,33127
"(0.8832603710652491, 1.0)",1,99.24333474338496,33128
"(0.4943189964157706, 1.0)",1,99.24329532865382,33129
"(0.8374727668845315, 1.0)",1,99.24324777955086,33130
"(0.9829909379735984, 0.9958292603453894)",1,99.24321919211958,33131
"(0.9333044546043194, 0.9958292603453894)",1,99.24318561343205,33132
"(0.738145558145558, 1.0)",1,99.24308884034916,33133
"(0.8736897274633123, 1.0)",1,99.24305392293684,33134
"(0.9198255060602112, 0.9958292603453894)",1,99.24302998281811,33135
"(0.7673678366541239, 1.0)",1,99.24298849281556,33136
"(0.9832965806068272, 0.9958292603453894)",1,99.24298066820909,33137
"(0.9873891625615764, 0.9958292603453894)",1,99.24292016551996,33138
"(0.9720813204508856, 1.0)",2,99.24287674278077,33140
"(0.8468089381754635, 1.0)",1,99.24282059517238,33141
"(0.7545469576719577, 1.0)",1,99.24280905973926,33142
"(0.9958292603453894, 0.9958292603453894)",1,99.24280751877552,33143
"(0.9295946890286512, 1.0)",1,99.2427707492001,33144
"(0.9669795885118464, 0.9958292603453894)",1,99.24275534071818,33145
"(0.8040695048423352, 1.0)",1,99.24270612951682,33146
"(0.8471527473990528, 1.0)",2,99.24266504234345,33148
"(0.9027777777777778, 1.0)",4,99.24263771349196,33152
"(0.8310777799491891, 1.0)",1,99.24258413843496,33153
"(0.6575398846941737, 1.0)",1,99.24256415065553,33154
"(0.9623978877963698, 0.9958292603453894)",1,99.24248637904216,33155
"(0.786508365740383, 1.0)",1,99.24247285876206,33156
"(0.9305983472650138, 1.0)",1,99.24243112985025,33157
"(0.987463247273494, 0.9958292603453894)",1,99.24242864344504,33158
"(0.844988344988345, 1.0)",1,99.24241587854748,33159
"(0.978932178932179, 0.9958292603453894)",1,99.2423292931918,33160
"(0.8420013166556946, 1.0)",1,99.24231264994889,33161
"(0.8814814814814814, 1.0)",1,99.24228777990302,33162
"(0.7435897435897435, 1.0)",1,99.24223174858048,33163
"(0.7880931329207191, 1.0)",1,99.24221773119892,33164
"(0.8294970161977834, 1.0)",1,99.2421860396808,33165
"(0.8879252284571921, 0.9958292603453894)",1,99.24218031469016,33166
"(0.9874877810361682, 0.9958292603453894)",1,99.24216074812423,33167
"(0.861111111111111, 1.0)",1,99.24213020778126,33168
"(0.9153439153439152, 1.0)",1,99.24208430294048,33169
"(0.987463247273494, 0.9958292603453894)",1,99.2420364371506,33170
"(0.8506854148663817, 0.9958292603453894)",1,99.24191920155404,33171
"(0.8845578466141503, 1.0)",1,99.24187722745437,33172
"(0.9279680209218476, 0.9958292603453894)",1,99.24187308983592,33173
"(0.8177442148030384, 1.0)",1,99.24179858142568,33174
"(0.8635976129582268, 1.0)",1,99.24177420418224,33175
"(0.7090909090909091, 1.0)",1,99.24176916049024,33176
"(0.9874877810361682, 0.9958292603453894)",1,99.24168300847774,33177
"(0.9161952650324744, 1.0)",1,99.24167125815929,33178
"(0.7090909090909091, 1.0)",1,99.24156671286862,33179
"(0.9609386607489072, 0.9958292603453894)",1,99.24152205642716,33180
"(0.8796475392220073, 1.0)",1,99.24150796124503,33181
"(0.9169719169719168, 1.0)",1,99.24149572826536,33182
"(0.6521663785997688, 1.0)",1,99.24147201132944,33183
"(0.9581458989353726, 1.0)",1,99.24142316299432,33184
"(0.8420013166556946, 1.0)",1,99.2413535075952,33185
"(0.9746535316523212, 0.9958292603453894)",1,99.24135132064669,33186
"(0.9504245882013664, 0.9958292603453894)",1,99.2413361897044,33187
"(0.8633762288330498, 1.0)",1,99.24131696186916,33188
"(0.9625085772334347, 0.9958292603453894)",1,99.24127616730036,33189
"(0.9669558693467613, 0.9958292603453894)",2,99.241254603441,33191
"(0.8675949975949976, 0.9958292603453894)",1,99.24124752013738,33192
"(0.9746535316523212, 0.9958292603453894)",1,99.24120795147104,33193
"(0.9166145507608924, 1.0)",2,99.24118957464466,33195
"(0.9161952650324744, 1.0)",1,99.24118857851,33196
"(0.9153439153439152, 1.0)",1,99.24117716978908,33197
"(0.9506533178503804, 1.0)",1,99.24111378271252,33198
"(0.9416450721400784, 1.0)",1,99.2410987810472,33199
"(0.9369138996969484, 0.9958292603453894)",1,99.24098284944746,33200
"(0.9748524098350704, 0.9958292603453894)",1,99.24096610738462,33201
"(0.8420013166556946, 1.0)",1,99.24094628227957,33202
"(0.8586166985951469, 1.0)",1,99.2407649815358,33203
"(0.9153439153439152, 1.0)",1,99.24072187092892,33204
"(0.8068904981347378, 1.0)",1,99.24066421965084,33205
"(0.979055829228243, 0.9958292603453894)",1,99.24063094403772,33206
"(1.0, 1.0)",1,99.24058124532534,33207
"(0.7994987468671678, 1.0)",1,99.24055550339988,33208
"(0.816195709052852, 1.0)",1,99.24051372258128,33209
"(0.7340930674264006, 1.0)",2,99.24050504841466,33211
"(0.8523949169110459, 0.9958292603453894)",1,99.24048920442468,33212
"(0.8365328658269835, 0.9958292603453894)",1,99.24047188579604,33213
"(0.8319340617212959, 1.0)",1,99.24047042644727,33214
"(0.6733821733821733, 1.0)",1,99.24044336929116,33215
"(0.961552316099405, 0.9958292603453894)",1,99.24042322497944,33216
"(0.816195709052852, 1.0)",1,99.24036748456598,33217
"(0.9161379295307868, 1.0)",1,99.2403525410744,33218
"(0.979273283115788, 0.9958292603453894)",1,99.24035038913708,33219
"(0.7090909090909091, 1.0)",1,99.24021877660064,33220
"(0.9331662489557224, 1.0)",1,99.24015300864916,33221
"(0.9750481776288228, 0.9958292603453894)",1,99.24013207071565,33222
"(0.7164894725870335, 1.0)",1,99.24012886179705,33223
"(0.8958208965097509, 0.9958292603453894)",1,99.2400812143865,33224
"(0.7880931329207191, 1.0)",1,99.24006510548634,33225
"(0.8579868984630887, 1.0)",1,99.240038769803,33226
"(0.7198480531813864, 1.0)",1,99.24001880383994,33227
"(0.9835547122074636, 0.9958292603453894)",1,99.24000847543508,33228
"(0.617513611615245, 1.0)",1,99.23999692416083,33229
"(0.9958292603453894, 0.9958292603453894)",1,99.23998896788392,33230
"(0.8676532769556025, 1.0)",1,99.23992671810916,33231
"(0.8887202421952387, 1.0)",1,99.23989536142156,33232
"(0.7030539311241066, 1.0)",1,99.2398584815872,33233
"(0.9750943974852894, 0.9958292603453894)",1,99.23981299762995,33234
"(0.917415489944373, 1.0)",1,99.23977726652818,33235
"(0.9873891625615764, 0.9958292603453894)",1,99.23973041887903,33236
"(0.8867361313822293, 0.9958292603453894)",1,99.23968616409354,33237
"(0.9157097551404952, 0.9958292603453894)",1,99.23956614595602,33238
"(0.9027777777777778, 1.0)",1,99.23954429618428,33239
"(0.9873891625615764, 0.9958292603453894)",1,99.239521319256,33240
"(0.8997493734335841, 1.0)",1,99.23951756141632,33241
"(0.8845578466141503, 1.0)",1,99.23951443425956,33242
"(0.9326599326599326, 1.0)",1,99.23951061184246,33243
"(0.9791388745136372, 0.9958292603453894)",1,99.23949929472693,33244
"(0.8329050741331443, 1.0)",1,99.23949786255994,33245
"(0.849906191369606, 1.0)",1,99.2394974302548,33246
"(0.917849761232425, 1.0)",1,99.23947965030328,33247
"(0.8976982097186702, 1.0)",1,99.23937957884274,33248
"(0.975195619792394, 0.9958292603453894)",1,99.23936657274852,33249
"(0.7340930674264006, 1.0)",1,99.23936578200144,33250
"(0.9497171590194848, 1.0)",2,99.23936578200144,33252
"(0.9539225495593684, 0.9958292603453894)",1,99.23935248812236,33253
"(0.5070372093557577, 1.0)",2,99.23934189645368,33255
"(0.8101143854687974, 1.0)",2,99.23928767278298,33257
"(0.9746854694957162, 0.9958292603453894)",1,99.23927871502356,33258
"(0.8976982097186702, 1.0)",1,99.23927597638354,33259
"(0.757745166550198, 1.0)",1,99.23922475878032,33260
"(0.8372053872053872, 1.0)",1,99.23915546964326,33261
"(0.9161952650324744, 1.0)",1,99.23914033084436,33262
"(0.949977467563772, 0.9958292603453894)",1,99.23911869630903,33263
"(0.6831352928913905, 1.0)",1,99.23907117299056,33264
"(0.987491854024112, 0.9958292603453894)",1,99.23906252531891,33265
"(0.9157097551404952, 0.9958292603453894)",1,99.2390559168238,33266
"(0.80285509389987, 1.0)",1,99.23902662477592,33267
"(0.9008627640703112, 1.0)",1,99.23902477575626,33268
"(0.9916625936787228, 0.9958292603453894)",1,99.23899607659916,33269
"(0.7090909090909091, 1.0)",1,99.23893209350712,33270
"(0.9490213526488036, 0.9958292603453894)",1,99.23891177129912,33271
"(0.6733821733821733, 1.0)",1,99.23890592789216,33272
"(0.9749706744868036, 0.9958292603453894)",1,99.23885795007786,33273
"(0.786508365740383, 1.0)",1,99.23881210643944,33274
"(0.9829909379735984, 0.9958292603453894)",1,99.23879643376894,33275
"(1.0, 1.0)",1,99.23878450033776,33276
"(0.9744745723240348, 0.9958292603453894)",1,99.23872019231304,33277
"(0.97899550533801, 0.9958292603453894)",1,99.2387146424935,33278
"(0.9833040078201368, 0.9958292603453894)",1,99.23866764482942,33279
"(0.9003556829643787, 1.0)",1,99.23860959374716,33280
"(0.97934925289764, 0.9958292603453894)",1,99.23858591058286,33281
"(0.6733821733821733, 1.0)",2,99.23858438266932,33283
"(0.9580602951397298, 0.9958292603453894)",1,99.2385775079749,33284
"(0.949977467563772, 0.9958292603453894)",2,99.23857054056128,33286
"(0.757745166550198, 1.0)",1,99.23852071710208,33287
"(0.9714797495442656, 0.9915151515151516)",1,99.23847556155422,33288
"(1.0, 1.0)",1,99.23836417015124,33289
"(0.617513611615245, 1.0)",1,99.23830471982056,33290
"(0.7786375661375661, 1.0)",2,99.23827566717024,33292
"(0.6542079837274346, 1.0)",1,99.23824760633768,33293
"(0.9873444118605408, 0.991777356103732)",1,99.2382165497106,33294
"(0.987463247273494, 0.9958292603453894)",1,99.23817281208083,33295
"(0.8372053872053872, 1.0)",1,99.23810739060312,33296
"(0.961552316099405, 0.9958292603453894)",1,99.23810374373674,33297
"(0.9027777777777778, 1.0)",1,99.23806335200354,33298
"(0.7802197802197803, 1.0)",1,99.23799867738872,33299
"(0.808446455505279, 1.0)",1,99.23799708653496,33300
"(0.6698155645524068, 1.0)",1,99.23795013618567,33301
"(0.8613656783468103, 1.0)",1,99.23788923614065,33302
"(1.0, 1.0)",1,99.2378636716762,33303
"(0.6825396825396824, 1.0)",1,99.23785782389513,33304
"(0.9147764646501256, 0.9958292603453894)",1,99.23784495115164,33305
"(0.9189396095602992, 0.9958292603453894)",2,99.23781805318828,33307
"(0.9618291283060416, 0.9958292603453894)",1,99.2378033074744,33308
"(0.9625085772334347, 0.9958292603453894)",1,99.2376953510714,33309
"(0.849906191369606, 1.0)",1,99.23765778271556,33310
"(0.933096859926128, 1.0)",1,99.23762296483734,33311
"(0.8976982097186702, 1.0)",1,99.23759967779282,33312
"(0.8880984643179766, 1.0)",1,99.23755875456774,33313
"(0.9189396095602992, 0.9958292603453894)",1,99.2374955247455,33314
"(0.9832184229069656, 0.9958292603453894)",2,99.2374225271308,33316
"(0.9916339869281046, 0.9958292603453894)",1,99.23741580400971,33317
"(0.7075023741690408, 1.0)",1,99.23734355858524,33318
"(0.9326599326599326, 1.0)",1,99.2373188465156,33319
"(0.9873444118605408, 0.9958292603453894)",1,99.23723631163776,33320
"(0.8229870141950848, 1.0)",1,99.23721904772952,33321
"(0.9791332681655264, 0.9958292603453894)",1,99.23718625572134,33322
"(0.6825396825396824, 1.0)",1,99.23718509232268,33323
"(0.8732774170274171, 1.0)",1,99.23715757130954,33324
"(0.8811945374355704, 1.0)",1,99.23715572500171,33325
"(0.9326599326599326, 1.0)",4,99.237144031306,33329
"(0.9250222656674272, 0.9958292603453894)",1,99.23703170914544,33330
"(0.9835199925522506, 0.9958292603453894)",1,99.23694983516503,33331
"(0.8222222222222222, 1.0)",1,99.2369067179214,33332
"(0.8796475392220073, 1.0)",1,99.2368197956214,33333
"(0.8329050741331443, 1.0)",1,99.23679702747285,33334
"(0.9189396095602992, 0.9958292603453894)",1,99.23676813626136,33335
"(0.8316498316498316, 1.0)",1,99.23666968322811,33336
"(0.844988344988345, 1.0)",1,99.23661893661894,33337
"(0.9158007932517735, 1.0)",1,99.23657572923553,33338
"(0.9873891625615764, 0.9958292603453894)",1,99.23657455012172,33339
"(0.9833229101521784, 1.0)",1,99.23656806018798,33340
"(0.9665831244778612, 1.0)",1,99.23655344322869,33341
"(0.934122934122934, 1.0)",1,99.23649470358345,33342
"(0.9835199925522506, 0.9958292603453894)",1,99.23636775740816,33343
"(0.983545503234046, 0.9958292603453894)",1,99.23633230889756,33344
"(0.7673678366541239, 1.0)",1,99.23628161445792,33345
"(0.9413496923696164, 0.9958292603453894)",1,99.23626782992568,33346
"(0.5910680656443368, 1.0)",1,99.2361346410958,33347
"(0.812557599070401, 1.0)",1,99.2361255769862,33348
"(1.0, 1.0)",1,99.23608818254472,33349
"(0.7030539311241066, 1.0)",1,99.23607947641928,33350
"(0.8222222222222222, 1.0)",1,99.23607301147068,33351
"(0.9126251340467026, 0.9958292603453894)",1,99.23604723449284,33352
"(0.9280317595086728, 0.9958292603453894)",1,99.236020453223,33353
"(0.9189396095602992, 0.9958292603453894)",1,99.235975663487,33354
"(0.9504245882013664, 0.9958292603453894)",1,99.23590210861732,33355
"(0.9182966261114094, 0.9958292603453894)",1,99.23586988531508,33356
"(0.6556183301946014, 1.0)",1,99.23585622245297,33357
"(0.9161952650324744, 1.0)",1,99.23578690228555,33358
"(0.9331662489557224, 1.0)",1,99.23573588760463,33359
"(0.8840048840048841, 1.0)",1,99.23573107404324,33360
"(0.987463247273494, 0.9958292603453894)",1,99.23570607844488,33361
"(0.8471527473990528, 1.0)",1,99.2355664694295,33362
"(0.9331662489557224, 1.0)",1,99.2355473390775,33363
"(0.8533622685185187, 1.0)",2,99.2355295423086,33365
"(0.9832925076188832, 0.9958292603453894)",1,99.23530116068947,33366
"(0.9749706744868036, 0.9958292603453894)",1,99.23526524109668,33367
"(0.7802197802197803, 1.0)",1,99.23524060243768,33368
"(0.8300265307680562, 1.0)",1,99.23518026004297,33369
"(0.8840048840048841, 1.0)",1,99.23517804217698,33370
"(0.8300265307680562, 1.0)",1,99.23513021556867,33371
"(0.8222222222222222, 1.0)",1,99.2351228716003,33372
"(0.9746854694957162, 0.9958292603453894)",1,99.23510797536896,33373
"(0.9622634791942192, 0.9958292603453894)",1,99.23510310464934,33374
"(0.8796475392220073, 1.0)",1,99.23509710236738,33375
"(0.987491854024112, 0.9958292603453894)",1,99.23506366610646,33376
"(0.7362637362637362, 1.0)",1,99.2350384093266,33377
"(0.9751539794803552, 0.9958292603453894)",2,99.23501715045327,33379
"(0.8432903075760217, 1.0)",1,99.2350090398651,33380
"(0.9833229101521784, 1.0)",1,99.23500040251668,33381
"(0.8222222222222222, 1.0)",1,99.23497529979863,33382
"(0.9369138996969484, 0.9958292603453894)",1,99.23493901592772,33383
"(0.9161952650324744, 1.0)",1,99.23493504668646,33384
"(0.7687400318979267, 1.0)",1,99.23489063829244,33385
"(0.8266173510466989, 1.0)",2,99.23479633926618,33387
"(0.9496744347787992, 0.9958292603453894)",1,99.23475767528258,33388
"(0.7961989230281913, 1.0)",1,99.23472747035746,33389
"(0.8845424223473003, 1.0)",1,99.23468940582204,33390
"(0.9582389563841176, 0.9958292603453894)",1,99.23468831202396,33391
"(0.9034438470728792, 0.9958292603453894)",1,99.23468469972944,33392
"(0.9874877810361682, 0.9958292603453894)",1,99.23467521483713,33393
"(0.983545503234046, 0.9958292603453894)",1,99.234647634818,33394
"(0.7155555555555556, 1.0)",1,99.23463932668834,33395
"(0.9748524098350704, 0.9958292603453894)",2,99.23453330792852,33397
"(0.5131569832583307, 1.0)",1,99.2345286564527,33398
"(0.9665831244778612, 1.0)",1,99.23449322128208,33399
"(0.9146901709401708, 1.0)",1,99.23447994995574,33400
"(0.8653198653198653, 1.0)",1,99.23447037502623,33401
"(0.8247905643738976, 1.0)",1,99.23442846605718,33402
"(0.9669558693467613, 0.9958292603453894)",1,99.23435592202418,33403
"(0.6825396825396824, 1.0)",1,99.23434147779014,33404
"(0.9027777777777778, 1.0)",1,99.23429602683372,33405
"(0.8420013166556946, 1.0)",1,99.23426303305706,33406
"(0.8976982097186702, 1.0)",1,99.23424684200803,33407
"(0.9833040078201368, 0.9958292603453894)",1,99.23419216345756,33408
"(0.6733821733821733, 1.0)",1,99.23411269180212,33409
"(0.6825396825396824, 1.0)",1,99.2340928211012,33410
"(0.9832401090007582, 0.9958292603453894)",1,99.23407943154392,33411
"(0.9331662489557228, 0.9833229101521784)",1,99.23405776322376,33412
"(0.902012682657844, 0.9958292603453894)",1,99.23405657905816,33413
"(0.901575014782562, 1.0)",1,99.2340491234695,33414
"(0.9748524098350704, 0.9958292603453894)",1,99.23401578902048,33415
"(0.9750780096985032, 0.9958292603453894)",1,99.2339959173246,33416
"(0.8885436799091353, 0.9958292603453894)",1,99.23396136102733,33417
"(0.8468951683237397, 1.0)",1,99.2339051184302,33418
"(0.8613656783468103, 1.0)",1,99.23390225160556,33419
"(1.0, 0.9958292603453894)",1,99.23382491195058,33420
"(0.8177442148030384, 1.0)",1,99.2338161331856,33421
"(0.9583930063253372, 1.0)",1,99.23380428820217,33422
"(0.9333333333333332, 0.9833229101521784)",1,99.23375155538469,33423
"(0.4776542240827955, 1.0)",1,99.2337210408639,33424
"(0.944073617452092, 1.0)",1,99.23360503606231,33425
"(0.9369138996969484, 0.9958292603453894)",1,99.2336011882326,33426
"(0.8349489264123411, 1.0)",2,99.23359014372387,33428
"(0.9916585206907788, 0.9958292603453894)",1,99.23355986607388,33429
"(0.9658159033159032, 0.9958292603453894)",1,99.23351219914184,33430
"(0.9874762808349148, 0.9958292603453894)",1,99.23351045626052,33431
"(0.987463247273494, 0.9958292603453894)",1,99.23350749049476,33432
"(0.9622634791942192, 0.9958292603453894)",1,99.23349449497842,33433
"(0.7277677677677677, 1.0)",1,99.23348037731203,33434
"(0.8420013166556947, 1.0)",2,99.23340842060456,33436
"(0.9666562434855118, 1.0)",1,99.2333515934928,33437
"(0.9, 1.0)",1,99.233313468297,33438
"(0.8997493734335841, 1.0)",1,99.23330308383488,33439
"(0.7673678366541239, 1.0)",1,99.2333002076318,33440
"(0.9720813204508856, 1.0)",1,99.23328711131892,33441
"(0.7786375661375661, 1.0)",1,99.23326407159972,33442
"(0.8586166985951469, 1.0)",2,99.23323795220756,33444
"(0.7278086237149632, 1.0)",1,99.23323714342278,33445
"(0.9791332681655264, 0.9958292603453894)",1,99.23323029388168,33446
"(0.9157097551404952, 0.9958292603453894)",1,99.23322730178047,33447
"(0.917655049465296, 0.9958292603453894)",1,99.2332188710474,33448
"(0.9791299139401608, 0.9958292603453894)",1,99.23321607406612,33449
"(0.799275702501509, 1.0)",1,99.23319964073715,33450
"(0.7713401051412279, 1.0)",1,99.23311792120626,33451
"(0.8958208965097509, 0.9958292603453894)",1,99.23311036637038,33452
"(0.9791348015256934, 0.9958292603453894)",1,99.23308697504008,33453
"(0.81893131227901, 1.0)",1,99.233037039209,33454
"(0.9499687304565352, 1.0)",1,99.23298495418076,33455
"(0.859499940327008, 1.0)",1,99.23295655692526,33456
"(0.9369808292429718, 0.9958292603453894)",1,99.23295438869364,33457
"(0.8420013166556946, 1.0)",1,99.23293000391168,33458
"(1.0, 1.0)",1,99.23292674646528,33459
"(0.987463247273494, 0.9958292603453894)",1,99.23291997645288,33460
"(0.9583930063253372, 1.0)",1,99.23281520051812,33461
"(0.9833251873574456, 0.9958292603453894)",1,99.23278852999516,33462
"(0.8997493734335841, 1.0)",1,99.23275091522848,33463
"(0.4943189964157706, 1.0)",1,99.23271407808986,33464
"(0.7479743867590829, 1.0)",1,99.2327022716889,33465
"(0.9161952650324744, 1.0)",2,99.23264087903904,33467
"(0.8976982097186702, 1.0)",1,99.232639926111,33468
"(0.8929015655249481, 0.9958292603453894)",1,99.23260684464364,33469
"(0.8467532467532467, 1.0)",1,99.23258834189068,33470
"(0.9609386607489072, 0.9958292603453894)",1,99.23254878327508,33471
"(0.7673678366541239, 1.0)",1,99.23252788225504,33472
"(0.9202911589118484, 0.9958292603453894)",1,99.23251490060962,33473
"(0.8341307814992026, 1.0)",1,99.23249213108006,33474
"(0.8928598364786969, 0.9958292603453894)",1,99.23247466967828,33475
"(0.8527663604197443, 0.9958292603453894)",1,99.23243677447569,33476
"(0.9198255060602112, 0.9958292603453894)",1,99.23241774742868,33477
"(0.746304385688563, 1.0)",1,99.23239812437927,33478
"(0.916104916104916, 1.0)",1,99.23237550188767,33479
"(0.861111111111111, 1.0)",1,99.232262510521,33480
"(0.7734344933751168, 1.0)",1,99.23224534739474,33481
"(0.9583178702993204, 0.9958292603453894)",1,99.23220036051872,33482
"(0.799275702501509, 1.0)",1,99.2321802747514,33483
"(0.9833229101521784, 1.0)",1,99.23215892980625,33484
"(0.6544644252235129, 1.0)",2,99.23212997882892,33486
"(0.8814814814814814, 1.0)",1,99.23209702973485,33487
"(0.9457018956165067, 0.9958292603453894)",1,99.23208078831574,33488
"(0.8976982097186702, 1.0)",1,99.23207591328296,33489
"(0.930124456440246, 1.0)",1,99.2320722178414,33490
"(0.8374727668845315, 1.0)",1,99.2320705198634,33491
"(0.917469251615593, 1.0)",1,99.2320446060393,33492
"(1.0, 1.0)",1,99.23201066067332,33493
"(0.8736897274633123, 1.0)",1,99.23201033482468,33494
"(0.7647742788871822, 1.0)",1,99.2319728255544,33495
"(0.9369138996969484, 0.9958292603453894)",1,99.23188767037794,33496
"(0.7097211628104076, 1.0)",1,99.23185984284382,33497
"(0.979055829228243, 0.9958292603453894)",1,99.23176154718234,33498
"(0.9835199925522506, 0.9958292603453894)",1,99.23171387622854,33499
"(0.9189396095602992, 0.9958292603453894)",1,99.23170761854206,33500
"(0.7416325017951034, 1.0)",2,99.23169181741449,33502
"(0.7734344933751168, 1.0)",1,99.23162029833824,33503
"(0.9295946890286512, 1.0)",1,99.23153375271085,33504
"(1.0, 1.0)",1,99.23150351437025,33505
"(0.8158879904162925, 1.0)",1,99.231471077344,33506
"(0.8229870141950848, 1.0)",2,99.23140857472902,33508
"(0.987491854024112, 0.9958292603453894)",2,99.23140573648575,33510
"(0.8229870141950848, 1.0)",1,99.23127519113928,33511
"(0.9833040078201368, 0.9958292603453894)",2,99.23122747845242,33513
"(0.9497171590194846, 1.0)",2,99.2312027608965,33515
"(0.9707136080238548, 0.9958292603453894)",2,99.23108151570555,33517
"(0.965648083497546, 0.9958292603453894)",1,99.2310803028298,33518
"(0.9665831244778612, 0.9833229101521784)",2,99.23107464199954,33520
"(0.9833229101521784, 1.0)",1,99.23103031613942,33521
"(0.5502402432393444, 1.0)",1,99.23099346198104,33522
"(0.930593793370792, 0.9958292603453894)",1,99.23097808292528,33523
"(0.6698155645524068, 1.0)",1,99.23096122133994,33524
"(0.9665831244778612, 1.0)",1,99.23086714151084,33525
"(0.9153439153439156, 1.0)",1,99.23084285286228,33526
"(0.9749706744868036, 0.9958292603453894)",1,99.23083636984144,33527
"(0.8997493734335841, 1.0)",1,99.2308260554991,33528
"(0.9873891625615764, 0.9958292603453894)",1,99.23075547855726,33529
"(0.8068904981347378, 1.0)",1,99.23070511425009,33530
"(0.6636745887678723, 1.0)",2,99.23066150500432,33532
"(0.738145558145558, 1.0)",1,99.23065162678952,33533
"(0.7601164382773579, 1.0)",1,99.23062565037276,33534
"(1.0, 1.0)",1,99.23060326386872,33535
"(0.6575398846941737, 1.0)",1,99.23058357042342,33536
"(0.4943189964157706, 1.0)",2,99.2305598292819,33538
"(0.8976982097186702, 1.0)",1,99.23055191997932,33539
"(0.8976982097186702, 1.0)",1,99.23055191997928,33540
"(0.9153439153439152, 1.0)",1,99.2303920108798,33541
"(0.8491918316699293, 1.0)",1,99.2303256989112,33542
"(0.7632275132275131, 1.0)",1,99.23031369495442,33543
"(0.7362637362637362, 1.0)",1,99.23028261387311,33544
"(0.9622634791942192, 0.9958292603453894)",1,99.23026817412436,33545
"(0.944563492063492, 1.0)",1,99.230229223399,33546
"(0.962264663441134, 0.9958292603453894)",1,99.2301684221626,33547
"(0.8615866942983156, 1.0)",1,99.23012639344968,33548
"(0.8796475392220073, 1.0)",1,99.23011148169353,33549
"(0.7430253184970165, 1.0)",1,99.23010918316484,33550
"(0.8651903651903651, 1.0)",2,99.2300890906109,33552
"(0.8653198653198653, 1.0)",2,99.23007525446548,33554
"(0.7979797979797979, 1.0)",1,99.22990622179265,33555
"(0.9369138996969484, 0.9958292603453894)",1,99.22984640479118,33556
"(0.7060994560994561, 1.0)",1,99.22984412784793,33557
"(0.9665831244778612, 1.0)",1,99.22978988121366,33558
"(0.93773047895128, 0.9958292603453894)",2,99.229772093815,33560
"(0.7119388248146047, 1.0)",3,99.22971390188997,33563
"(0.8615866942983156, 1.0)",1,99.2297102900642,33564
"(0.799275702501509, 1.0)",1,99.22970097247806,33565
"(0.8976982097186702, 1.0)",1,99.2296775221858,33566
"(0.9874762808349148, 0.9958292603453894)",1,99.22964820929994,33567
"(0.7075023741690408, 1.0)",2,99.22964105420246,33569
"(0.9665831244778612, 1.0)",1,99.22954609340978,33570
"(0.7362637362637362, 1.0)",1,99.2295004964356,33571
"(0.961552316099405, 0.9958292603453894)",1,99.22949760933722,33572
"(0.8976982097186702, 1.0)",1,99.2293970911824,33573
"(0.7362637362637362, 1.0)",1,99.22934645504222,33574
"(0.868077055383557, 1.0)",1,99.22933060598886,33575
"(0.9916585206907788, 0.9958292603453894)",1,99.22931411294311,33576
"(0.9018806250259218, 1.0)",1,99.22916890771084,33577
"(0.9664171122994653, 0.9958292603453894)",1,99.2291618469594,33578
"(0.6521663785997688, 1.0)",1,99.22914882081058,33579
"(0.80285509389987, 1.0)",1,99.22911950036315,33580
"(0.8222222222222222, 1.0)",1,99.22909019578996,33581
"(0.8151249335459861, 1.0)",1,99.22904828836788,33582
"(0.974772367065274, 0.9958292603453894)",1,99.22903999740446,33583
"(0.7632275132275131, 1.0)",1,99.2290157828855,33584
"(0.9008627640703112, 1.0)",1,99.22900097252648,33585
"(0.6831352928913905, 1.0)",1,99.2289963900232,33586
"(0.7030539311241066, 1.0)",1,99.22899533749558,33587
"(0.8653198653198653, 1.0)",1,99.2289662896612,33588
"(0.9133905806764424, 0.9958292603453894)",1,99.22896235351422,33589
"(0.9303715638302106, 1.0)",1,99.22893271426804,33590
"(0.6760835913312693, 1.0)",2,99.2289175031733,33592
"(0.7562136521052955, 1.0)",1,99.22888427558556,33593
"(0.9153439153439152, 1.0)",1,99.22885767268976,33594
"(0.9791332681655264, 0.9958292603453894)",1,99.2287562857016,33595
"(0.8016677935542034, 1.0)",1,99.22874688729996,33596
"(1.0, 1.0)",2,99.22859895952396,33598
"(0.8613656783468103, 1.0)",1,99.22857223107464,33599
"(0.7479743867590829, 1.0)",1,99.22857065073056,33600
"(0.97934925289764, 0.9958292603453894)",1,99.22854037482476,33601
"(0.9749706744868036, 0.9958292603453894)",1,99.22852357911754,33602
"(0.9662506012506012, 0.9958292603453894)",1,99.22847537521908,33603
"(0.6444891298012474, 1.0)",1,99.22843653265484,33604
"(0.8420013166556946, 1.0)",1,99.22835024794124,33605
"(0.9665831244778612, 1.0)",2,99.22834474287234,33607
"(0.9916585206907788, 0.9958292603453894)",1,99.22832446833996,33608
"(0.861111111111111, 1.0)",1,99.2281254388362,33609
"(0.9833040078201368, 0.9958292603453894)",1,99.22805422168636,33610
"(0.8796475392220073, 1.0)",2,99.22804981445356,33612
"(0.617513611615245, 1.0)",1,99.228044357459,33613
"(0.8294970161977834, 1.0)",1,99.22803163878233,33614
"(0.8467532467532467, 1.0)",1,99.22802135625616,33615
"(0.930593793370792, 0.9958292603453894)",1,99.22801668282588,33616
"(0.8310777799491891, 1.0)",1,99.22796375825926,33617
"(0.9280459216361852, 0.9958292603453894)",1,99.227907347437,33618
"(0.8796475392220073, 1.0)",1,99.22777327836188,33619
"(0.983545503234046, 0.9958292603453894)",1,99.22772862499976,33620
"(0.8365328658269835, 0.9958292603453894)",1,99.22766216626776,33621
"(0.8717520170461346, 0.9958292603453894)",1,99.22763917201146,33622
"(0.9791258409522168, 0.9958292603453894)",1,99.22763842700128,33623
"(0.917849761232425, 1.0)",1,99.22759291567496,33624
"(0.8468089381754635, 1.0)",1,99.22749166882674,33625
"(0.8653198653198653, 1.0)",1,99.22748127729965,33626
"(0.8796475392220073, 1.0)",1,99.2274812132968,33627
"(0.9876066164491212, 0.9958292603453894)",1,99.22725677646916,33628
"(0.8586166985951469, 1.0)",1,99.22722456113628,33629
"(0.8676532769556025, 1.0)",1,99.2272137122298,33630
"(1.0, 1.0)",1,99.22720842773847,33631
"(0.9358935587920408, 0.9958292603453894)",1,99.22719253086142,33632
"(0.9829909379735984, 0.9958292603453894)",2,99.22717219119782,33634
"(0.8016677935542034, 1.0)",1,99.22716003851906,33635
"(0.9916666666666668, 0.9958292603453894)",1,99.22713714488027,33636
"(0.958095238095238, 0.9958292603453894)",1,99.22712898450791,33637
"(0.9662506012506012, 0.9958292603453894)",1,99.22702789270052,33638
"(0.8976982097186702, 0.9833229101521784)",1,99.22702263032492,33639
"(0.6179693015417549, 1.0)",1,99.22701780456552,33640
"(0.9791258409522168, 0.9958292603453894)",1,99.22698253384875,33641
"(0.8165509259259259, 1.0)",1,99.22696902899884,33642
"(0.8294970161977834, 1.0)",2,99.22690797439526,33644
"(0.9748850895736324, 0.9958292603453894)",1,99.22689496699944,33645
"(0.8579868984630887, 1.0)",1,99.22686365732076,33646
"(0.987491854024112, 0.9958292603453894)",1,99.22680980462124,33647
"(0.9792766373411534, 0.9958292603453894)",1,99.22680161885864,33648
"(0.7069597069597069, 1.0)",1,99.22673934026938,33649
"(1.0, 1.0)",1,99.22673234069596,33650
"(0.8425483191745751, 1.0)",1,99.22669100553529,33651
"(0.903667392883079, 1.0)",1,99.2266039850631,33652
"(0.8101143854687974, 1.0)",1,99.22658855013852,33653
"(0.8703703703703703, 1.0)",1,99.22654791553416,33654
"(0.9297812306740878, 1.0)",1,99.22653287259514,33655
"(0.9169719169719168, 1.0)",2,99.22647339110752,33657
"(0.9958292603453894, 0.9958292603453894)",1,99.22646339701782,33658
"(0.8347775825943863, 0.9958292603453894)",1,99.22644227789134,33659
"(0.9299507899507898, 1.0)",1,99.22644215092411,33660
"(0.8316498316498316, 1.0)",2,99.2264030990713,33662
"(0.861111111111111, 1.0)",1,99.22619047619048,33663
"(0.9833211143695014, 0.9958292603453894)",1,99.22608594217306,33664
"(0.9499687304565352, 1.0)",1,99.22605728919814,33665
"(0.8432903075760217, 1.0)",1,99.22604525318836,33666
"(0.903667392883079, 1.0)",2,99.22601589217024,33668
"(0.9189396095602992, 0.9958292603453894)",1,99.22596174551208,33669
"(0.6742198370105348, 1.0)",1,99.22595831531596,33670
"(0.861111111111111, 1.0)",1,99.225916803503,33671
"(0.9347674066329982, 0.9958292603453894)",1,99.22590214829764,33672
"(0.9958292603453894, 0.9958292603453894)",1,99.225891460995,33673
"(0.934122934122934, 1.0)",1,99.22587135894396,33674
"(0.949977467563772, 0.9958292603453894)",1,99.22569244955253,33675
"(0.8732774170274171, 1.0)",1,99.22562170933492,33676
"(0.9326599326599326, 1.0)",2,99.2255977597485,33678
"(0.97934925289764, 0.9958292603453894)",1,99.22557811378653,33679
"(0.9874762808349148, 0.9958292603453894)",2,99.22557132447,33681
"(0.983545503234046, 0.9958292603453894)",1,99.2255383203498,33682
"(0.9322127672355596, 0.9958292603453894)",1,99.22553160702788,33683
"(0.9665831244778612, 1.0)",1,99.22549263665184,33684
"(0.9369808292429718, 0.9958292603453894)",1,99.2254921916096,33685
"(0.9833229101521784, 1.0)",1,99.22546235183889,33686
"(0.9916585206907788, 0.9958292603453894)",1,99.22544442928212,33687
"(0.6698155645524068, 1.0)",1,99.22537112010797,33688
"(0.7880931329207191, 1.0)",1,99.22531665138898,33689
"(0.9666562434855118, 1.0)",1,99.22529462027477,33690
"(0.978932178932179, 0.9958292603453894)",1,99.22521393265076,33691
"(0.8976982097186702, 1.0)",1,99.22517766023893,33692
"(0.8547756205106323, 1.0)",1,99.22516789883034,33693
"(0.9916585206907788, 0.9958292603453894)",1,99.2251394871696,33694
"(0.9832184229069656, 0.9958292603453894)",1,99.22511593614252,33695
"(0.917655049465296, 0.9958292603453894)",1,99.2248773917382,33696
"(0.8229870141950848, 1.0)",1,99.22486244244816,33697
"(0.9916585206907788, 0.9958292603453894)",1,99.22477055562064,33698
"(0.917655049465296, 0.9958292603453894)",2,99.2247662794023,33700
"(0.844988344988345, 1.0)",1,99.22471972471972,33701
"(0.7946380416968652, 0.9958292603453894)",2,99.22468759874872,33703
"(0.9833211143695014, 0.9958292603453894)",1,99.22464062305689,33704
"(0.9332172991312776, 0.9958292603453894)",1,99.22462937767332,33705
"(0.5502402432393444, 1.0)",1,99.2246169291693,33706
"(0.9504245882013664, 0.9958292603453894)",2,99.22452199872129,33708
"(0.9166145507608924, 1.0)",1,99.22451248479685,33709
"(0.9369808292429718, 0.9958292603453894)",1,99.22450367892552,33710
"(0.9153439153439152, 1.0)",2,99.22450007994128,33712
"(0.8101143854687974, 1.0)",2,99.22442912958256,33714
"(0.9790755481078062, 0.9958292603453894)",1,99.2243974213117,33715
"(0.9874877810361682, 0.9958292603453894)",1,99.22438140206052,33716
"(0.9332172991312776, 0.9958292603453894)",2,99.224344157488,33718
"(0.8760238095238095, 0.9958292603453894)",1,99.2243104881019,33719
"(0.7916666666666666, 1.0)",1,99.2241890151122,33720
"(0.9791299139401608, 0.9958292603453894)",2,99.2241872580084,33722
"(0.6831352928913905, 1.0)",1,99.22418031514158,33723
"(0.961552316099405, 0.9958292603453894)",1,99.22400837738596,33724
"(0.9153439153439156, 1.0)",1,99.22400060465242,33725
"(0.7994987468671678, 1.0)",1,99.22387841355209,33726
"(0.8443691323092412, 0.9958292603453894)",1,99.2238508040553,33727
"(0.4039045743444857, 1.0)",1,99.22382319773854,33728
"(0.8222222222222222, 1.0)",1,99.22380781343485,33729
"(0.8347775825943863, 0.9958292603453894)",1,99.2237515660139,33730
"(0.9280459216361852, 0.9958292603453894)",1,99.2237366077824,33731
"(0.837707400507675, 1.0)",1,99.2236884733076,33732
"(0.7713401051412279, 1.0)",1,99.22367573143931,33733
"(0.9916585206907788, 0.9958292603453894)",1,99.22366499160292,33734
"(0.9454999712494968, 0.9958292603453894)",1,99.2236186419032,33735
"(0.9445235834124724, 1.0)",1,99.22359337815944,33736
"(0.9833229101521784, 1.0)",1,99.22356728414414,33737
"(0.9714797495442656, 0.9958292603453894)",2,99.22355211762394,33739
"(0.7713401051412279, 1.0)",1,99.22350316742272,33740
"(0.7632275132275131, 1.0)",2,99.22349949752083,33742
"(0.970772861441742, 0.9958292603453894)",1,99.2234798830754,33743
"(0.9751539794803552, 0.9958292603453894)",1,99.22347140341166,33744
"(0.975195619792394, 0.9958292603453894)",1,99.22346990727068,33745
"(0.73687720936437, 1.0)",1,99.22316453264357,33746
"(0.799275702501509, 1.0)",1,99.2230915133092,33747
"(0.7083333333333334, 1.0)",2,99.22302043422732,33749
"(0.9279680209218476, 0.9958292603453894)",2,99.22296656155942,33751
"(0.7222222222222221, 1.0)",1,99.22280809127392,33752
"(0.8586166985951469, 1.0)",1,99.22277855737732,33753
"(0.6521663785997688, 1.0)",1,99.222763232782,33754
"(0.8796475392220073, 1.0)",1,99.22263480235884,33755
"(0.9442283950617284, 1.0)",1,99.22256416895434,33756
"(0.9583930063253372, 1.0)",1,99.22253904956736,33757
"(0.9369808292429718, 0.9958292603453894)",1,99.22249753946552,33758
"(0.9748524098350704, 0.9958292603453894)",1,99.22246907051006,33759
"(0.8732774170274171, 1.0)",1,99.22240231590112,33760
"(0.9833040078201368, 0.9958292603453894)",1,99.22238626861822,33761
"(0.8222222222222222, 1.0)",1,99.22227592721372,33762
"(0.9744745723240348, 0.9916585206907788)",1,99.22227228353148,33763
"(0.975195619792394, 0.9958292603453894)",1,99.22226531616477,33764
"(0.9580602951397298, 0.9958292603453894)",1,99.2222459789612,33765
"(0.8420013166556946, 1.0)",1,99.22223648877728,33766
"(0.9384174012481092, 0.9958292603453894)",1,99.22213911754628,33767
"(0.97899550533801, 0.9958292603453894)",1,99.22213085198086,33768
"(0.9665831244778612, 1.0)",1,99.22211844070576,33769
"(0.5555555555555555, 1.0)",1,99.22201375859916,33770
"(0.97495917428555, 0.9958292603453894)",1,99.22195572247816,33771
"(0.9, 1.0)",1,99.2219261165905,33772
"(0.7979797979797979, 1.0)",1,99.22186868840949,33773
"(0.9497171590194846, 1.0)",2,99.22179154680572,33775
"(0.7222222222222221, 0.9833229101521784)",1,99.22178413513464,33776
"(0.816195709052852, 1.0)",1,99.22176051136212,33777
"(0.8976982097186702, 1.0)",1,99.22175138350852,33778
"(0.9332172991312776, 0.9958292603453894)",1,99.22165510893366,33779
"(0.5070372093557577, 1.0)",1,99.22165371891566,33780
"(0.837707400507675, 1.0)",1,99.22164829019567,33781
"(0.961552316099405, 0.9958292603453894)",1,99.22158792120943,33782
"(0.8958208965097509, 0.9958292603453894)",1,99.22153699809073,33783
"(0.8483418730488175, 0.9958292603453894)",1,99.22148359327473,33784
"(0.7767756418742694, 1.0)",1,99.22148135657363,33785
"(0.617513611615245, 1.0)",1,99.22143875436215,33786
"(0.6804620726495727, 1.0)",2,99.2214222592076,33788
"(0.8732774170274171, 1.0)",1,99.22140072994952,33789
"(0.9665831244778612, 1.0)",1,99.221369976723,33790
"(0.8635976129582268, 1.0)",1,99.22136762216462,33791
"(0.9182966261114094, 0.9958292603453894)",1,99.22136712093769,33792
"(0.9504245882013664, 0.9958292603453894)",2,99.22133079721472,33794
"(0.987463247273494, 0.9958292603453894)",1,99.22129737141456,33795
"(0.9498461391725148, 0.9958292603453894)",1,99.22126725697191,33796
"(0.9497171590194846, 1.0)",1,99.22125904428798,33797
"(0.9916585206907788, 0.9958292603453894)",1,99.22124354256292,33798
"(0.9916585206907788, 0.9958292603453894)",1,99.22124001749124,33799
"(0.962264663441134, 0.9958292603453894)",1,99.22120197450022,33800
"(0.9497171590194848, 1.0)",1,99.22101511730932,33801
"(0.8736212624584717, 1.0)",1,99.2209927018861,33802
"(1.0, 1.0)",2,99.22095020066864,33804
"(0.9441792447111594, 1.0)",1,99.22089162895932,33805
"(0.987463247273494, 0.9958292603453894)",1,99.2208553709045,33806
"(0.9166682405676116, 1.0)",1,99.22077724817224,33807
"(0.9161952650324744, 1.0)",1,99.220731734154,33808
"(0.8736897274633123, 1.0)",1,99.22072390145098,33809
"(0.9623978877963698, 0.9958292603453894)",1,99.2206827537011,33810
"(0.9833229101521784, 1.0)",1,99.22062812447028,33811
"(0.9365496267832196, 0.9958292603453894)",2,99.22061000804324,33813
"(0.7416325017951034, 1.0)",1,99.22055254439346,33814
"(0.97934925289764, 0.9958292603453894)",1,99.22054350671688,33815
"(0.9791299139401608, 0.9958292603453894)",2,99.22049540436004,33817
"(0.8997493734335841, 1.0)",1,99.22046141196611,33818
"(0.970619176311776, 0.9958292603453894)",1,99.22043195607404,33819
"(0.8635976129582268, 1.0)",1,99.22036298878204,33820
"(0.8420013166556946, 1.0)",1,99.220331450957,33821
"(0.8420013166556946, 1.0)",1,99.22031137191892,33822
"(0.9832925076188832, 0.9958292603453894)",2,99.22027368419153,33824
"(0.9916339869281046, 0.9958292603453894)",2,99.2202356526156,33826
"(0.9516794286955578, 0.9958292603453894)",1,99.22017107608023,33827
"(0.9153439153439156, 1.0)",1,99.22013378093024,33828
"(0.9751539794803552, 0.9958292603453894)",1,99.2200345741192,33829
"(0.9326599326599326, 1.0)",1,99.2199406735992,33830
"(0.961552316099405, 0.9958292603453894)",1,99.21983763773136,33831
"(0.8229870141950848, 1.0)",1,99.21983527043314,33832
"(0.7278086237149632, 1.0)",1,99.21981168717244,33833
"(0.8167571527336316, 1.0)",1,99.21974913005371,33834
"(0.8229870141950848, 1.0)",1,99.2197025215199,33835
"(0.9833040078201368, 0.9958292603453894)",1,99.21968123233296,33836
"(0.8443691323092412, 0.9958292603453894)",1,99.21968006440068,33837
"(0.9008627640703112, 1.0)",1,99.21965340153872,33838
"(0.8814814814814814, 1.0)",1,99.21954046524009,33839
"(0.9876066164491212, 0.9958292603453894)",1,99.21952382209484,33840
"(0.8374727668845315, 1.0)",1,99.2195129204266,33841
"(0.617513611615245, 1.0)",1,99.21951041346004,33842
"(0.961552316099405, 0.9958292603453894)",1,99.21945313046098,33843
"(0.8796475392220073, 1.0)",2,99.21938972450914,33845
"(0.7362637362637362, 1.0)",1,99.21938017415616,33846
"(0.8101143854687974, 1.0)",1,99.21932384969438,33847
"(0.9333044546043194, 0.9958292603453894)",1,99.2192464225084,33848
"(0.8814814814814814, 1.0)",1,99.21918848865342,33849
"(0.81893131227901, 1.0)",1,99.21915144381023,33850
"(0.8796475392220073, 1.0)",1,99.2191475246877,33851
"(0.8867361313822293, 0.9958292603453894)",1,99.21910881032194,33852
"(0.81893131227901, 1.0)",1,99.21909934194952,33853
"(0.8796475392220073, 1.0)",1,99.21904819454583,33854
"(0.8997493734335841, 1.0)",1,99.21904502010506,33855
"(0.8703703703703703, 1.0)",2,99.2189458346746,33857
"(0.6698155645524068, 1.0)",1,99.21888390013746,33858
"(0.9189396095602992, 0.9958292603453894)",1,99.21883134598122,33859
"(0.9833040078201368, 0.9958292603453894)",1,99.21882591222573,33860
"(0.9280317595086728, 0.9958292603453894)",1,99.2188057528108,33861
"(0.9665831244778612, 1.0)",1,99.21873494939086,33862
"(0.9499687304565352, 1.0)",1,99.21869468640224,33863
"(0.9791332681655264, 0.9958292603453894)",1,99.21853520572532,33864
"(0.9833229101521784, 1.0)",1,99.21853339453918,33865
"(0.9295946890286512, 1.0)",1,99.21845987732738,33866
"(0.6575398846941737, 1.0)",1,99.218444916401,33867
"(0.8615866942983156, 1.0)",1,99.21838792543204,33868
"(0.6636745887678723, 1.0)",1,99.21838201783932,33869
"(0.7647742788871822, 1.0)",2,99.21834508485722,33871
"(0.9832965806068272, 0.9958292603453894)",1,99.21822890114969,33872
"(0.9153439153439152, 1.0)",1,99.21820928117016,33873
"(0.9581458989353726, 1.0)",1,99.2181883274996,33874
"(0.930124456440246, 1.0)",1,99.21815735200424,33875
"(0.9454999712494968, 0.9958292603453894)",1,99.21814671192595,33876
"(0.7647742788871822, 1.0)",1,99.2181401669849,33877
"(0.902012682657844, 0.9958292603453894)",1,99.21807587449436,33878
"(0.9835199925522506, 0.9958292603453894)",1,99.21806160155846,33879
"(0.8177442148030384, 1.0)",1,99.21803287593896,33880
"(0.9583930063253372, 1.0)",1,99.21802974362352,33881
"(0.9916585206907788, 0.9958292603453894)",1,99.21793440482584,33882
"(0.8294970161977834, 1.0)",1,99.21790643875354,33883
"(0.9027777777777778, 1.0)",1,99.21787766940383,33884
"(0.8468951683237397, 1.0)",1,99.21786788473035,33885
"(0.971023600055858, 0.9958292603453894)",1,99.21785710227908,33886
"(0.93773047895128, 0.9958292603453894)",1,99.21784236746218,33887
"(0.9086695042340204, 0.9958292603453894)",1,99.21782207920248,33888
"(0.6784722222222224, 1.0)",1,99.21781007312552,33889
"(0.9665831244778612, 1.0)",1,99.21775577047808,33890
"(0.808446455505279, 1.0)",1,99.2177029111528,33891
"(0.983545503234046, 0.9958292603453894)",1,99.21768369185698,33892
"(0.7075023741690408, 1.0)",1,99.2176789016204,33893
"(0.9832925076188832, 0.9958292603453894)",1,99.21767496802708,33894
"(0.9669795885118464, 0.9958292603453894)",1,99.21763846263364,33895
"(1.0, 1.0)",1,99.21758539693856,33896
"(0.9506533178503804, 1.0)",1,99.21757744066451,33897
"(0.7498436522826767, 1.0)",1,99.21756458273292,33898
"(0.8613656783468103, 1.0)",1,99.21756103978284,33899
"(0.844988344988345, 1.0)",2,99.21748355129796,33901
"(0.8760238095238095, 0.9958292603453894)",1,99.21741072736206,33902
"(0.9131856219190184, 0.9958292603453894)",1,99.21740199386171,33903
"(0.9326599326599326, 1.0)",1,99.21736266242934,33904
"(0.8796475392220073, 1.0)",1,99.21727668044552,33905
"(0.8420013166556946, 1.0)",1,99.21727308318864,33906
"(0.8552744708994707, 1.0)",1,99.217271869636,33907
"(0.7164894725870335, 1.0)",1,99.21725995763424,33908
"(0.9189396095602992, 0.9958292603453894)",1,99.21724180096152,33909
"(1.0, 1.0)",2,99.21722868005168,33911
"(0.8468951683237397, 1.0)",1,99.21722802858235,33912
"(0.9331662489557224, 1.0)",1,99.21712503375538,33913
"(0.826388888888889, 1.0)",1,99.21712316425516,33914
"(0.9333333333333332, 0.9833229101521784)",1,99.2170744655369,33915
"(0.9623066688389268, 0.9958292603453894)",1,99.21706597283416,33916
"(0.9279680209218476, 0.9958292603453894)",1,99.21706548828044,33917
"(0.882673371045464, 1.0)",1,99.21703433306703,33918
"(0.934314108830238, 0.9958292603453894)",1,99.2170239167683,33919
"(0.6698155645524068, 1.0)",1,99.21701977477076,33920
"(0.9916625936787228, 0.9958292603453894)",1,99.21700753422805,33921
"(0.8471527473990528, 1.0)",1,99.21700419680316,33922
"(0.9833040078201368, 0.9958292603453894)",1,99.21688840367588,33923
"(0.9623978877963698, 0.9958292603453894)",1,99.21688757324064,33924
"(0.9300590455241422, 0.9958292603453894)",1,99.21685176742707,33925
"(0.9833211143695014, 0.9916585206907788)",1,99.21684140681212,33926
"(0.8300265307680562, 1.0)",1,99.21675676234476,33927
"(0.7479743867590829, 1.0)",1,99.21671363226272,33928
"(0.8374727668845315, 1.0)",1,99.21666538163682,33929
"(0.9580331374974232, 1.0)",1,99.21664125950882,33930
"(0.8796475392220073, 1.0)",1,99.2166271484648,33931
"(0.9295946890286512, 1.0)",1,99.216604513136,33932
"(0.8929015655249481, 0.9958292603453894)",1,99.21647312732244,33933
"(0.9153439153439156, 1.0)",1,99.21646205312392,33934
"(0.97934925289764, 0.9958292603453894)",1,99.21640894786616,33935
"(1.0, 1.0)",1,99.21640835021134,33936
"(0.7278086237149632, 1.0)",2,99.21640026834932,33938
"(0.8732774170274171, 1.0)",1,99.21634865446424,33939
"(0.9916585206907788, 0.9958292603453894)",1,99.21626029500776,33940
"(0.7069597069597069, 1.0)",1,99.21624024583308,33941
"(0.9833211143695014, 0.9958292603453894)",2,99.21621266730776,33943
"(0.868077055383557, 1.0)",1,99.21618768848234,33944
"(1.0, 0.9833229101521784)",1,99.2161767771524,33945
"(0.8832603710652491, 1.0)",1,99.21617573156682,33946
"(0.987463247273494, 0.9958292603453894)",1,99.21613447437326,33947
"(0.6907243513029603, 1.0)",2,99.21609236512958,33949
"(0.9669795885118464, 0.9958292603453894)",1,99.21608297117272,33950
"(0.8732774170274171, 1.0)",1,99.2160740543961,33951
"(0.9546499948224086, 0.9958292603453894)",1,99.21605484872089,33952
"(0.8316498316498316, 1.0)",1,99.21598815079696,33953
"(0.6825396825396824, 1.0)",2,99.21597649325506,33955
"(0.9, 1.0)",1,99.21596897723974,33956
"(0.6733821733821733, 1.0)",2,99.21587145880945,33958
"(0.9583930063253372, 1.0)",1,99.21580854552062,33959
"(1.0, 1.0)",1,99.21580852197904,33960
"(0.826388888888889, 1.0)",1,99.21580020225286,33961
"(0.9018806250259218, 1.0)",1,99.21578812903844,33962
"(0.8040695048423352, 1.0)",1,99.21576041180496,33963
"(0.799275702501509, 1.0)",1,99.21563361069448,33964
"(0.9874762808349148, 0.9958292603453894)",1,99.21560450434902,33965
"(0.9297812306740878, 1.0)",1,99.2155318272296,33966
"(0.6698155645524068, 1.0)",2,99.21550327884478,33968
"(0.8372053872053872, 1.0)",1,99.21539569276725,33969
"(0.9746854694957162, 0.9958292603453894)",1,99.21530431528517,33970
"(0.8907966222338917, 0.9958292603453894)",2,99.21527082179668,33972
"(0.6215073982652175, 1.0)",2,99.21526368935572,33974
"(0.9829909379735984, 0.9958292603453894)",1,99.21518430314472,33975
"(0.8928598364786969, 0.9958292603453894)",2,99.21509886337935,33977
"(0.8310777799491891, 1.0)",1,99.21505745878976,33978
"(0.7965746171391332, 1.0)",2,99.21504817943018,33980
"(0.8997493734335841, 1.0)",1,99.21504803795756,33981
"(0.8976982097186702, 0.9833229101521784)",1,99.21503627031736,33982
"(0.987491854024112, 0.9958292603453894)",1,99.21500933483438,33983
"(0.8468951683237397, 1.0)",1,99.21499539689296,33984
"(0.7802197802197803, 1.0)",1,99.21498903955045,33985
"(0.9192093318943212, 1.0)",1,99.21495675509446,33986
"(0.882673371045464, 1.0)",1,99.21494109993368,33987
"(0.917655049465296, 0.9958292603453894)",1,99.21483011488615,33988
"(0.9153439153439156, 1.0)",1,99.21480301689068,33989
"(0.9876066164491212, 0.9958292603453894)",1,99.2147842942752,33990
"(0.4039045743444857, 1.0)",1,99.21476684359376,33991
"(0.9835199925522506, 0.9958292603453894)",1,99.21471633521432,33992
"(0.9008025849489264, 1.0)",1,99.21470829277496,33993
"(0.8222222222222222, 1.0)",2,99.21465780271102,33995
"(1.0, 1.0)",1,99.21460855653038,33996
"(0.9161952650324744, 1.0)",1,99.214581579268,33997
"(0.7574146783449108, 1.0)",1,99.214520615555,33998
"(0.9365496267832196, 0.9958292603453894)",1,99.21449195316616,33999
"(0.6378166586499919, 1.0)",1,99.2144421323422,34000
"(0.8635976129582268, 1.0)",1,99.21443936379998,34001
"(0.8425483191745751, 1.0)",1,99.21437275135294,34002
"(0.8261351052048725, 1.0)",1,99.21436913826308,34003
"(0.9497171590194848, 1.0)",1,99.21436520746144,34004
"(0.8065954953750508, 1.0)",1,99.21432456750318,34005
"(0.947552083649559, 0.9958292603453894)",2,99.21431635831064,34007
"(0.837707400507675, 1.0)",3,99.21429326672308,34010
"(0.8020892995758788, 0.9958292603453894)",1,99.2142641748076,34011
"(0.7060994560994561, 1.0)",1,99.21420201254315,34012
"(0.9437903841498612, 1.0)",1,99.21416037369544,34013
"(0.6742198370105348, 1.0)",1,99.21404300426016,34014
"(0.979051756240299, 1.0)",1,99.2140121670284,34015
"(1.0, 1.0)",4,99.21397770010724,34019
"(0.7673678366541239, 1.0)",1,99.21392395663064,34020
"(0.9161952650324744, 1.0)",1,99.21390825885176,34021
"(0.7479743867590829, 1.0)",2,99.21377570948324,34023
"(0.9003556829643787, 1.0)",1,99.21368632549466,34024
"(0.8796475392220073, 1.0)",1,99.21367387324834,34025
"(0.8016677935542034, 1.0)",1,99.21362094383184,34026
"(0.9131856219190184, 0.9958292603453894)",1,99.21361142469422,34027
"(0.8997493734335841, 1.0)",1,99.21360304372362,34028
"(0.7713401051412279, 1.0)",1,99.21357370158486,34029
"(0.97899550533801, 0.9958292603453894)",1,99.2135719187841,34030
"(0.8319340617212959, 1.0)",1,99.21357030176353,34031
"(0.7979797979797979, 1.0)",1,99.21352788534328,34032
"(0.6804620726495727, 1.0)",1,99.21351707327996,34033
"(0.9748524098350704, 0.9958292603453894)",1,99.2134392301406,34034
"(0.8065954953750508, 1.0)",1,99.21335539600744,34035
"(0.8365328658269835, 0.9958292603453894)",1,99.21318694909358,34036
"(0.8222222222222222, 1.0)",1,99.213186056055,34037
"(0.5910680656443368, 1.0)",1,99.21309456639106,34038
"(0.6742198370105348, 1.0)",1,99.21308969794391,34039
"(0.7119388248146047, 1.0)",1,99.21303681204212,34040
"(0.9430479403581872, 0.9958292603453894)",1,99.213035078471,34041
"(0.9750854369118126, 1.0)",1,99.21299849394627,34042
"(0.8468951683237397, 1.0)",1,99.21298761958948,34043
"(0.9714797495442656, 0.9958292603453894)",1,99.21298613382385,34044
"(0.9169719169719168, 1.0)",1,99.21291854154498,34045
"(0.7119388248146047, 1.0)",2,99.2128479364316,34047
"(0.9874747474747476, 0.9958292603453894)",1,99.21278600632324,34048
"(0.975195619792394, 0.9958292603453894)",1,99.21276406393112,34049
"(0.8222222222222222, 1.0)",1,99.21273184514072,34050
"(0.8533622685185187, 1.0)",1,99.21272661221984,34051
"(0.8976982097186702, 0.9833229101521784)",2,99.21268773690338,34053
"(0.9916585206907788, 0.9958292603453894)",1,99.2126656803032,34054
"(0.9161952650324744, 1.0)",1,99.21262537678292,34055
"(0.8222222222222222, 1.0)",1,99.212609108488,34056
"(0.820360467419291, 1.0)",1,99.21260357166776,34057
"(0.9747838672665278, 0.9958292603453894)",1,99.21259148094856,34058
"(0.9441792447111594, 1.0)",1,99.21250492577528,34059
"(0.7860737114103088, 1.0)",1,99.21249034358416,34060
"(0.8976982097186702, 1.0)",1,99.21236301621856,34061
"(0.8420013166556946, 1.0)",4,99.21233510559414,34065
"(0.8976982097186702, 1.0)",1,99.21233240830664,34066
"(0.978932178932179, 0.9958292603453894)",1,99.212332134117,34067
"(0.5884497537136874, 1.0)",1,99.21227420512434,34068
"(0.6733821733821733, 1.0)",1,99.2122606390899,34069
"(0.8760238095238095, 0.9958292603453894)",1,99.2122603154891,34070
"(0.8633762288330498, 1.0)",1,99.21223939669696,34071
"(0.8848000715856217, 1.0)",1,99.2122150539296,34072
"(0.9873444118605408, 0.9958292603453894)",1,99.21219019039464,34073
"(0.9749706744868036, 0.9958292603453894)",1,99.21217188305378,34074
"(0.6825396825396824, 1.0)",1,99.21208457487076,34075
"(0.8333333333333334, 1.0)",1,99.21206038767016,34076
"(0.8101143854687974, 1.0)",1,99.21198352561372,34077
"(0.9454999712494968, 0.9958292603453894)",1,99.21195683127382,34078
"(0.9666562434855118, 1.0)",1,99.21190580719764,34079
"(0.965648083497546, 0.9958292603453894)",1,99.21190145961056,34080
"(0.9916585206907788, 0.9958292603453894)",1,99.21189607363452,34081
"(0.6544644252235129, 1.0)",1,99.21181865696528,34082
"(0.8796475392220073, 1.0)",1,99.21174889956472,34083
"(0.8300265307680562, 1.0)",1,99.21170273630392,34084
"(0.8266173510466989, 1.0)",2,99.211693259383,34086
"(0.8222222222222222, 1.0)",1,99.21168700491684,34087
"(0.8814814814814814, 1.0)",1,99.21168364935268,34088
"(0.9622634791942192, 0.9958292603453894)",1,99.21163666209485,34089
"(0.9748850895736324, 0.9958292603453894)",1,99.21163331716878,34090
"(0.8958208965097509, 0.9958292603453894)",1,99.21162196057917,34091
"(0.9299160159815896, 1.0)",1,99.21153272197452,34092
"(0.7887083935918564, 1.0)",1,99.21151337654096,34093
"(0.7532376017916352, 1.0)",1,99.2113766241568,34094
"(0.7198480531813864, 1.0)",1,99.21135827748112,34095
"(0.7713401051412279, 1.0)",1,99.211332597144,34096
"(0.9369138996969484, 0.9958292603453894)",1,99.2112766690568,34097
"(0.9750854369118126, 0.9958292603453894)",1,99.21125077132186,34098
"(0.7164894725870335, 1.0)",1,99.21121227544268,34099
"(0.949977467563772, 0.9958292603453894)",1,99.21117132557625,34100
"(0.9833211143695014, 0.9958292603453894)",1,99.21115275613198,34101
"(0.8976982097186702, 1.0)",1,99.21112508696667,34102
"(0.961552316099405, 0.9958292603453894)",1,99.21107836219082,34103
"(0.8294970161977834, 0.9833229101521784)",1,99.21107784417688,34104
"(1.0, 1.0)",1,99.2110540286641,34105
"(0.617513611615245, 1.0)",1,99.21102733626756,34106
"(0.7880931329207191, 1.0)",1,99.21102368151918,34107
"(0.8468089381754635, 1.0)",2,99.21098643323532,34109
"(0.757745166550198, 1.0)",1,99.21093431620235,34110
"(0.8907966222338917, 0.9958292603453894)",1,99.2108110834265,34111
"(0.8315474711586087, 0.9958292603453894)",1,99.21073047460536,34112
"(0.9833040078201368, 0.9958292603453894)",1,99.21072342155723,34113
"(0.8653198653198653, 1.0)",1,99.21060046785335,34114
"(0.6804620726495727, 1.0)",1,99.21059382504735,34115
"(0.987491854024112, 0.9958292603453894)",1,99.21058451326924,34116
"(0.7802197802197803, 1.0)",1,99.2105715462118,34117
"(0.7164894725870335, 1.0)",1,99.21057108538432,34118
"(0.9672281917443208, 0.9958292603453894)",1,99.2105350241154,34119
"(0.9791348015256934, 0.9958292603453894)",1,99.21052379880108,34120
"(0.9009287520039462, 1.0)",2,99.21049646348143,34122
"(0.8976982097186702, 1.0)",1,99.21048135404054,34123
"(0.97934925289764, 0.9958292603453894)",1,99.21043720622971,34124
"(0.987463247273494, 0.9958292603453894)",1,99.21034587409486,34125
"(0.971023600055858, 0.9958292603453894)",1,99.21031523455838,34126
"(0.7545469576719577, 1.0)",2,99.2103137040922,34128
"(0.8651903651903651, 1.0)",1,99.21029923065792,34129
"(0.8736897274633123, 1.0)",1,99.21028805894775,34130
"(0.9332172991312776, 0.9958292603453894)",1,99.21026418581144,34131
"(0.7687400318979267, 1.0)",1,99.21020104487744,34132
"(0.8305135146220418, 1.0)",1,99.21018626260071,34133
"(0.9582389563841176, 0.9958292603453894)",1,99.21017978615558,34134
"(0.949977467563772, 0.9958292603453894)",1,99.21012958103704,34135
"(0.8552744708994707, 1.0)",2,99.21011733333148,34137
"(0.8443691323092412, 0.9958292603453894)",1,99.21006976204936,34138
"(0.9583930063253372, 1.0)",1,99.210006671426,34139
"(0.9546499948224086, 0.9958292603453894)",1,99.20996326162476,34140
"(0.9326599326599326, 1.0)",2,99.20988481161784,34142
"(0.9623066688389268, 0.9958292603453894)",2,99.20984460015222,34144
"(0.901575014782562, 1.0)",1,99.20980638548352,34145
"(0.7903875985986362, 1.0)",2,99.20976093033752,34147
"(0.6179693015417549, 1.0)",1,99.209714497225,34148
"(0.9833229101521784, 1.0)",1,99.20970227267854,34149
"(0.8880984643179766, 1.0)",1,99.20968426996052,34150
"(0.8796475392220073, 1.0)",1,99.20959998362471,34151
"(0.987491854024112, 0.9958292603453894)",1,99.20959482854065,34152
"(0.8229870141950848, 1.0)",1,99.20953437001268,34153
"(0.97899550533801, 0.9958292603453894)",2,99.2095167661488,34155
"(0.987463247273494, 0.9958292603453894)",1,99.20948659308004,34156
"(0.9167853751187084, 1.0)",1,99.20945450283742,34157
"(0.9628507148300384, 0.9958292603453894)",1,99.20944025691786,34158
"(0.9791332681655264, 0.9958292603453894)",1,99.20938473322448,34159
"(0.987463247273494, 0.9958292603453894)",2,99.20938188601528,34161
"(0.7574146783449108, 1.0)",1,99.2093586961998,34162
"(0.8222222222222222, 1.0)",1,99.20925931865914,34163
"(0.8065954953750508, 1.0)",1,99.2092373946706,34164
"(0.9369138996969484, 0.9958292603453894)",1,99.209132070976,34165
"(0.8887202421952387, 1.0)",1,99.2090661020745,34166
"(0.7278086237149632, 1.0)",1,99.2090108391898,34167
"(0.861111111111111, 1.0)",1,99.2089951008436,34168
"(0.8762860082304527, 1.0)",1,99.20897093382816,34169
"(0.8374727668845315, 1.0)",1,99.20893409598344,34170
"(0.8294970161977834, 1.0)",1,99.20883533043936,34171
"(0.9788980434141724, 0.9958292603453894)",1,99.20882708765028,34172
"(0.6961063627730295, 1.0)",1,99.20881447581998,34173
"(0.8796475392220073, 1.0)",1,99.20874761541492,34174
"(0.9873891625615764, 0.9958292603453894)",1,99.2087311252175,34175
"(0.987463247273494, 0.9958292603453894)",2,99.20870987100773,34177
"(0.987463247273494, 0.9958292603453894)",1,99.20870829940408,34178
"(0.9834440227703986, 0.9958292603453894)",1,99.2086708399383,34179
"(0.9832965806068272, 0.9958292603453894)",1,99.20859798259846,34180
"(0.9792521035784794, 0.9958292603453894)",1,99.20857964478424,34181
"(0.868077055383557, 1.0)",1,99.20856384984532,34182
"(0.8717520170461346, 0.9958292603453894)",1,99.2084650878489,34183
"(0.8449978636391381, 1.0)",1,99.20844130490772,34184
"(0.987491854024112, 0.9958292603453894)",1,99.20835061116324,34185
"(0.9280459216361852, 0.9958292603453894)",1,99.20828802908667,34186
"(1.0, 1.0)",1,99.2082642892356,34187
"(0.9326599326599326, 1.0)",1,99.2082354827496,34188
"(0.9833229101521784, 1.0)",1,99.20820909408658,34189
"(0.8151249335459861, 1.0)",2,99.20809577626488,34191
"(0.983545503234046, 0.9958292603453894)",1,99.20806173579584,34192
"(0.8886514719848052, 1.0)",1,99.20798289662966,34193
"(0.7802197802197803, 1.0)",1,99.20796243329788,34194
"(0.9279680209218476, 0.9958292603453894)",1,99.20795169054966,34195
"(0.8420013166556946, 1.0)",1,99.20785372127574,34196
"(0.861111111111111, 1.0)",1,99.20783936978869,34197
"(0.949977467563772, 0.9958292603453894)",1,99.20782503584569,34198
"(0.8420013166556946, 1.0)",1,99.2077902373182,34199
"(0.9696986734304888, 0.9958292603453894)",1,99.20778849705948,34200
"(0.7121693121693121, 1.0)",1,99.2077815961537,34201
"(0.9506533178503804, 1.0)",1,99.20775960301688,34202
"(0.8613656783468103, 1.0)",1,99.20772825487788,34203
"(0.8928598364786969, 0.9958292603453894)",1,99.20770278963792,34204
"(0.9430479403581872, 0.9958292603453894)",1,99.20768302306276,34205
"(0.9791258409522168, 0.9958292603453894)",1,99.20767165480726,34206
"(0.9282083232965586, 0.9958292603453894)",1,99.2075863001289,34207
"(0.6544644252235129, 1.0)",1,99.20754869419147,34208
"(0.8494167439328729, 0.9958292603453894)",1,99.2075180423078,34209
"(0.8633762288330498, 1.0)",1,99.20749131077775,34210
"(0.757745166550198, 1.0)",1,99.20741162475323,34211
"(0.9720813204508856, 1.0)",1,99.2073983524013,34212
"(0.8425483191745751, 1.0)",1,99.2073504684144,34213
"(0.97899550533801, 0.9958292603453894)",1,99.20729894174264,34214
"(0.9916339869281046, 0.9958292603453894)",1,99.207249114896,34215
"(0.97899550533801, 0.9958292603453894)",1,99.20723358956376,34216
"(0.9658159033159032, 0.9958292603453894)",1,99.2072253734094,34217
"(0.9792766373411534, 0.9958292603453894)",1,99.20716732128896,34218
"(0.8266173510466989, 1.0)",1,99.20714608262656,34219
"(0.9441792447111594, 1.0)",1,99.20711688527584,34220
"(0.812557599070401, 1.0)",2,99.20707974847416,34222
"(0.9788980434141724, 0.9958292603453894)",1,99.20706406548496,34223
"(0.8294970161977834, 1.0)",2,99.20704540118712,34225
"(0.7786375661375661, 1.0)",1,99.20703259789823,34226
"(0.6575398846941737, 1.0)",1,99.20701980971398,34227
"(0.8266173510466989, 1.0)",1,99.20684231577644,34228
"(0.8845578466141503, 1.0)",1,99.2067416870832,34229
"(0.9003556829643787, 1.0)",1,99.20672541204226,34230
"(0.7083333333333334, 1.0)",2,99.20672348089124,34232
"(0.8907966222338917, 0.9958292603453894)",2,99.20660667197434,34234
"(0.9622634791942192, 0.9958292603453894)",1,99.2065709290955,34235
"(0.6886904761904762, 1.0)",1,99.20656820159252,34236
"(0.9746535316523212, 0.9958292603453894)",1,99.20654583418172,34237
"(0.8222222222222222, 1.0)",1,99.20654362683388,34238
"(0.9583930063253372, 1.0)",1,99.2065189981022,34239
"(0.7030539311241066, 1.0)",1,99.20644160606506,34240
"(0.6378166586499919, 1.0)",2,99.20642636468271,34242
"(0.8229870141950848, 1.0)",1,99.206395594602,34243
"(0.799275702501509, 1.0)",1,99.20633088127256,34244
"(0.757745166550198, 1.0)",1,99.20629694193124,34245
"(0.8976982097186702, 1.0)",1,99.2062904498847,34246
"(0.9618291283060416, 0.9958292603453894)",1,99.20625575866556,34247
"(0.9658159033159032, 0.9958292603453894)",2,99.20623910594227,34249
"(0.9832925076188832, 0.9958292603453894)",1,99.20623274000516,34250
"(0.9714797495442656, 0.9958292603453894)",1,99.20619624547516,34251
"(0.9874877810361682, 0.9958292603453894)",1,99.20616400569826,34252
"(0.9326599326599326, 1.0)",2,99.2061550463972,34254
"(0.9707136080238548, 0.9958292603453894)",1,99.2061438238054,34255
"(0.9748850895736324, 0.9958292603453894)",1,99.20613557037666,34256
"(0.8222222222222222, 1.0)",1,99.20612201414065,34257
"(0.738145558145558, 1.0)",1,99.206106891018,34258
"(0.8222222222222222, 1.0)",1,99.20605931831416,34259
"(0.8635976129582268, 1.0)",1,99.20591949221424,34260
"(0.9749706744868036, 0.9958292603453894)",1,99.20581358761784,34261
"(0.5555555555555555, 1.0)",2,99.2057696847081,34263
"(0.902012682657844, 0.9958292603453894)",1,99.20574613299634,34264
"(0.9755096665580536, 0.9958292603453894)",1,99.2056629496894,34265
"(0.8832603710652491, 1.0)",1,99.20557967805082,34266
"(0.9280317595086728, 0.9958292603453894)",1,99.20553090360282,34267
"(0.7574146783449108, 1.0)",1,99.20549497660532,34268
"(0.962505246140658, 0.9958292603453894)",1,99.20545896874232,34269
"(0.8065954953750508, 1.0)",1,99.20536957403158,34270
"(0.5502402432393444, 1.0)",1,99.20532491290209,34271
"(0.9442283950617284, 1.0)",1,99.20529830223492,34272
"(0.8016677935542034, 1.0)",1,99.20528086783892,34273
"(0.970619176311776, 0.9958292603453894)",1,99.20525671609197,34274
"(0.9916585206907788, 0.9958292603453894)",1,99.20520103850944,34275
"(0.9874877810361682, 0.9958292603453894)",2,99.20513422885344,34277
"(0.4943189964157706, 1.0)",1,99.20506456625242,34278
"(0.9832925076188832, 0.9958292603453894)",1,99.20501257680316,34279
"(0.9665831244778612, 1.0)",1,99.20495988643972,34280
"(0.7075023741690408, 1.0)",1,99.20490251835994,34281
"(0.5555555555555555, 1.0)",1,99.20487161141678,34282
"(0.9833040078201368, 0.9958292603453894)",1,99.20485715811064,34283
"(0.7344692811916678, 1.0)",1,99.2047999502371,34284
"(0.8796475392220073, 1.0)",1,99.20479223467424,34285
"(0.9746535316523212, 0.9958292603453894)",1,99.20475058335012,34286
"(0.9279680209218476, 0.9958292603453894)",1,99.2047398868773,34287
"(1.0, 1.0)",1,99.2047262466955,34288
"(0.786508365740383, 1.0)",1,99.20471512581916,34289
"(0.6434061179823892, 1.0)",1,99.20470314955736,34290
"(0.8040695048423352, 1.0)",1,99.2046620180398,34291
"(0.9369808292429718, 0.9958292603453894)",1,99.2046594816152,34292
"(0.6734452539330588, 1.0)",1,99.20464775347752,34293
"(0.7903875985986362, 1.0)",1,99.20461475702884,34294
"(0.8229870141950848, 1.0)",1,99.20460175175762,34295
"(0.9583930063253372, 1.0)",1,99.20455960815774,34296
"(0.8310777799491891, 1.0)",1,99.20454946387449,34297
"(0.8976982097186702, 1.0)",1,99.20454034107289,34298
"(0.8796475392220073, 1.0)",1,99.20443043346982,34299
"(0.9003556829643787, 1.0)",1,99.20443015780354,34300
"(0.9832965806068272, 1.0)",1,99.20442386606176,34301
"(0.9871616776282092, 1.0)",1,99.20440601313264,34302
"(0.7903875985986362, 1.0)",1,99.20439055605684,34303
"(0.9958292603453894, 0.9958292603453894)",1,99.20438251130795,34304
"(0.6804620726495727, 1.0)",1,99.20437866570954,34305
"(0.9454999712494968, 0.9958292603453894)",1,99.2043708839902,34306
"(0.9916585206907788, 0.9958292603453894)",1,99.20434313005693,34307
"(0.979273283115788, 0.9958292603453894)",1,99.20431409362722,34308
"(0.9504245882013664, 0.9958292603453894)",1,99.20431387324324,34309
"(0.9916339869281046, 0.9958292603453894)",1,99.20424633441549,34310
"(0.9916625936787228, 0.9958292603453894)",1,99.20419781860686,34311
"(0.903667392883079, 1.0)",1,99.20418118429087,34312
"(0.7916666666666666, 1.0)",1,99.20417827430023,34313
"(0.9206165335472736, 0.9958292603453894)",1,99.20416701332766,34314
"(0.975195619792394, 0.9958292603453894)",1,99.20412228416028,34315
"(0.9009287520039462, 1.0)",1,99.20411890148544,34316
"(0.9833251873574456, 0.9958292603453894)",1,99.2040673722666,34317
"(0.8633762288330498, 1.0)",1,99.20404384431998,34318
"(0.7372334455667788, 1.0)",1,99.20401891534246,34319
"(0.9161952650324744, 1.0)",1,99.20395045323136,34320
"(0.9189396095602992, 0.9958292603453894)",1,99.20382883714052,34321
"(0.7183489076634237, 1.0)",1,99.20378773797968,34322
"(0.8229870141950848, 1.0)",1,99.20376599526188,34323
"(0.8676532769556025, 1.0)",1,99.20374608598968,34324
"(0.9583930063253372, 1.0)",1,99.2037228129189,34325
"(0.9009534009534008, 1.0)",1,99.2037169701228,34326
"(0.944563492063492, 1.0)",1,99.20371247508508,34327
"(0.975195619792394, 0.9958292603453894)",1,99.20368803944072,34328
"(0.8294970161977834, 1.0)",4,99.20365653772863,34332
"(0.9153439153439152, 1.0)",1,99.20351948611196,34333
"(0.9618291283060416, 0.9958292603453894)",1,99.20346574286496,34334
"(0.8137566137566138, 1.0)",1,99.2034166613114,34335
"(0.8796475392220073, 1.0)",1,99.20333322612302,34336
"(0.8976982097186702, 1.0)",1,99.20330323935735,34337
"(0.9791258409522168, 0.9958292603453894)",1,99.20327196106383,34338
"(0.970772861441742, 0.9958292603453894)",1,99.20326994247688,34339
"(0.9280317595086728, 0.9958292603453894)",1,99.2032636707586,34340
"(0.9326599326599326, 1.0)",1,99.2032008879249,34341
"(0.4943189964157706, 1.0)",1,99.20319739068034,34342
"(0.9435817855979146, 0.9958292603453894)",2,99.20313093238772,34344
"(0.6521663785997688, 1.0)",1,99.2031100013825,34345
"(0.4747763864042934, 1.0)",1,99.20309820892962,34346
"(0.9161952650324744, 1.0)",2,99.20306554718958,34348
"(0.9034438470728792, 0.9958292603453894)",2,99.20305938660889,34350
"(0.9368376974614298, 0.9958292603453894)",1,99.20303368459696,34351
"(0.9658790011731188, 0.9958292603453894)",1,99.20298517091022,34352
"(0.9303715638302106, 1.0)",2,99.20292379153636,34354
"(0.8653198653198653, 1.0)",1,99.20292279150512,34355
"(0.9161952650324744, 1.0)",1,99.20288031384288,34356
"(0.9299160159815896, 1.0)",1,99.20286475334812,34357
"(0.8928598364786969, 0.9958292603453894)",1,99.20278841698553,34358
"(1.0, 1.0)",1,99.20269923953576,34359
"(0.8613656783468103, 1.0)",1,99.20266978099198,34360
"(0.6733821733821733, 1.0)",1,99.20263499666132,34361
"(0.9280317595086728, 0.9958292603453894)",2,99.20257875913792,34363
"(0.8483418730488175, 0.9958292603453894)",1,99.20254318440436,34364
"(0.9791332681655264, 0.9958292603453894)",2,99.2024750184302,34366
"(0.73687720936437, 1.0)",1,99.20239053880582,34367
"(0.9206165335472736, 0.9958292603453894)",1,99.20238649995548,34368
"(0.6521663785997688, 1.0)",1,99.20233365352902,34369
"(0.97934925289764, 0.9958292603453894)",1,99.20228555741475,34370
"(0.9153439153439152, 1.0)",1,99.20227154709912,34371
"(0.882673371045464, 1.0)",1,99.20226892933395,34372
"(0.9916585206907788, 0.9958292603453894)",1,99.2022583049992,34373
"(0.9206165335472736, 0.9958292603453894)",1,99.20216974651116,34374
"(0.6698155645524068, 1.0)",1,99.20195153426224,34375
"(0.8997493734335841, 1.0)",2,99.20193772028956,34377
"(0.9744745723240348, 0.9958292603453894)",1,99.20188154702166,34378
"(0.9664171122994653, 0.9958292603453894)",2,99.20179914145652,34380
"(0.917849761232425, 1.0)",1,99.20178557606827,34381
"(0.861111111111111, 1.0)",1,99.20177019392396,34382
"(0.8796475392220073, 1.0)",2,99.20174292267174,34384
"(0.8635976129582268, 1.0)",1,99.20170973142976,34385
"(0.9153439153439152, 1.0)",1,99.20170284195812,34386
"(0.757745166550198, 1.0)",1,99.2016748708704,34387
"(0.7183489076634237, 1.0)",1,99.201645676488,34388
"(0.8222222222222222, 1.0)",2,99.20159623574258,34390
"(0.9874762808349148, 0.9958292603453894)",1,99.20155167834484,34391
"(0.8294970161977834, 1.0)",1,99.20153403001169,34392
"(0.4943189964157706, 1.0)",1,99.20152224485962,34393
"(0.8222222222222222, 1.0)",1,99.20150763323257,34394
"(0.8016677935542034, 1.0)",1,99.201434356273,34395
"(0.7532376017916352, 1.0)",1,99.2013790665655,34396
"(0.958319976073035, 0.9958292603453894)",1,99.20136784158052,34397
"(0.7713401051412279, 1.0)",1,99.20132077759988,34398
"(0.9666562434855118, 0.9833229101521784)",1,99.20131575413994,34399
"(0.9958292603453894, 0.9958292603453894)",1,99.20129958890324,34400
"(0.9665831244778612, 1.0)",1,99.20125612744796,34401
"(0.8564088034923205, 0.9958292603453894)",1,99.20124294696748,34402
"(0.9835547122074636, 0.9958292603453894)",1,99.20113984347398,34403
"(0.9833229101521784, 1.0)",1,99.20108328823804,34404
"(0.987463247273494, 0.9958292603453894)",1,99.20107531857056,34405
"(0.9832965806068272, 0.9958292603453894)",1,99.20107129118524,34406
"(0.6042502004811546, 1.0)",1,99.2010414348531,34407
"(0.9696986734304888, 0.9958292603453894)",1,99.20103241282848,34408
"(0.7946380416968652, 0.9958292603453894)",1,99.20102455872131,34409
"(0.8845578466141503, 1.0)",1,99.20075938207792,34410
"(0.917849761232425, 1.0)",1,99.20074389023443,34411
"(0.6733821733821733, 1.0)",1,99.20071175437027,34412
"(0.9331662489557228, 0.9833229101521784)",1,99.20070358352814,34413
"(0.7030539311241066, 1.0)",1,99.20066658853492,34414
"(0.8762860082304527, 1.0)",1,99.20058929732556,34415
"(1.0, 1.0)",1,99.20041034418442,34416
"(0.6825396825396824, 1.0)",1,99.20031068515856,34417
"(0.7121693121693121, 1.0)",1,99.20028757688333,34418
"(0.844988344988345, 1.0)",2,99.2002001849242,34420
"(0.6042502004811546, 1.0)",1,99.200172201942,34421
"(0.8796475392220073, 1.0)",1,99.2001425633579,34422
"(0.983545503234046, 0.9958292603453894)",1,99.20012679738252,34423
"(0.8796475392220073, 1.0)",1,99.20012563851353,34424
"(0.8653198653198653, 1.0)",1,99.20012493457877,34425
"(0.9153439153439156, 1.0)",1,99.2000163119084,34426
"(0.6444891298012474, 1.0)",1,99.20000998376686,34427
"(0.9157097551404952, 0.9958292603453894)",1,99.19999032813142,34428
"(0.9161952650324744, 1.0)",1,99.19989040702536,34429
"(0.958095238095238, 0.9958292603453894)",1,99.19984172425644,34430
"(0.9707802886550516, 0.9958292603453894)",1,99.19979606322036,34431
"(0.9791332681655264, 0.9958292603453894)",1,99.19972766876715,34432
"(0.9333044546043194, 0.9958292603453894)",1,99.19971012987628,34433
"(0.7802197802197803, 1.0)",2,99.19970561049158,34435
"(0.6825396825396824, 0.9833229101521784)",1,99.199697571007,34436
"(0.9279680209218476, 0.9958292603453894)",2,99.19966841137504,34438
"(0.8976982097186702, 1.0)",1,99.19959149405946,34439
"(0.757745166550198, 1.0)",1,99.19955213098334,34440
"(1.0, 1.0)",1,99.19949968730457,34441
"(0.7372334455667788, 1.0)",1,99.199471925005,34442
"(0.917415489944373, 1.0)",1,99.19942478523248,34443
"(0.8229870141950848, 1.0)",2,99.19941929459084,34445
"(0.9333333333333332, 0.9833229101521784)",1,99.19935010788676,34446
"(0.8420013166556946, 1.0)",1,99.19931813518292,34447
"(0.8566900022492128, 1.0)",1,99.19931508842352,34448
"(0.8885714285714285, 1.0)",1,99.1992841408341,34449
"(0.8796475392220073, 1.0)",1,99.19926185072272,34450
"(0.7449564180930641, 1.0)",1,99.19922715398307,34451
"(0.8586166985951469, 1.0)",1,99.19920006080976,34452
"(0.6698155645524068, 1.0)",1,99.19913491402778,34453
"(0.9708855839501, 0.9958292603453894)",1,99.19907186037211,34454
"(0.8148308968977662, 1.0)",1,99.199046784662,34455
"(0.916104916104916, 1.0)",1,99.1990004758297,34456
"(0.8796475392220073, 1.0)",1,99.19899068300067,34457
"(0.9126251340467026, 0.9958292603453894)",1,99.19897728005589,34458
"(0.979273283115788, 0.9958292603453894)",1,99.19893866672462,34459
"(0.9546499948224086, 0.9958292603453894)",1,99.19892353285142,34460
"(0.9666666666666668, 1.0)",1,99.19887266112792,34461
"(0.6825396825396824, 1.0)",1,99.1988620707491,34462
"(0.9829909379735984, 0.9958292603453894)",1,99.19884930120428,34463
"(0.8976982097186702, 1.0)",1,99.1988359684166,34464
"(0.9009534009534008, 1.0)",2,99.19880734886256,34466
"(0.8341307814992026, 1.0)",1,99.19877631013703,34467
"(0.9833040078201368, 0.9958292603453894)",1,99.19875505133496,34468
"(0.8101143854687974, 1.0)",1,99.19874306127493,34469
"(0.9669795885118464, 0.9958292603453894)",1,99.19873599331594,34470
"(0.9331662489557228, 0.9833229101521784)",1,99.198725551802,34471
"(0.8533622685185187, 1.0)",1,99.19867191779622,34472
"(0.8294970161977834, 1.0)",1,99.19867046835478,34473
"(0.903667392883079, 1.0)",1,99.19866335006542,34474
"(0.8341307814992026, 0.9833229101521784)",1,99.19864332406058,34475
"(0.8467532467532467, 1.0)",1,99.19862300819749,34476
"(0.7372334455667788, 1.0)",1,99.19862118411842,34477
"(0.9788980434141724, 0.9958292603453894)",1,99.1985963783624,34478
"(0.9791348015256934, 0.9958292603453894)",1,99.1985918425797,34479
"(0.9131856219190184, 0.9958292603453894)",1,99.19854127422268,34480
"(0.8347775825943863, 0.9958292603453894)",1,99.19851445217505,34481
"(0.8697983697983697, 1.0)",1,99.19845951424898,34482
"(0.9744745723240348, 0.9958292603453894)",1,99.1984224645839,34483
"(0.8840455840455841, 1.0)",2,99.1983704020072,34485
"(0.7278086237149632, 1.0)",1,99.19833792473302,34486
"(1.0, 1.0)",2,99.19832409306092,34488
"(0.8845578466141503, 1.0)",1,99.19830765065974,34489
"(0.7786375661375661, 1.0)",1,99.1982065860564,34490
"(0.9748850895736324, 0.9958292603453894)",2,99.1981683086592,34492
"(0.9583930063253372, 1.0)",1,99.19816526014048,34493
"(0.9233019263238024, 0.9958292603453894)",1,99.19814194358466,34494
"(0.8315474711586087, 0.9958292603453894)",1,99.19811242304104,34495
"(0.9295946890286512, 1.0)",1,99.1981054506787,34496
"(0.8887202421952387, 1.0)",1,99.19803865840144,34497
"(0.8907966222338917, 0.9958292603453894)",1,99.1980118327882,34498
"(0.978932178932179, 0.9958292603453894)",1,99.19801116728937,34499
"(0.6825396825396824, 1.0)",2,99.19800058259624,34501
"(0.9442283950617284, 1.0)",1,99.19795652017828,34502
"(0.8222222222222222, 1.0)",1,99.19790053082288,34503
"(0.9331662489557228, 1.0)",1,99.19782381957504,34504
"(0.9669795885118464, 0.9958292603453894)",1,99.1978126151729,34505
"(0.9332172991312776, 0.9958292603453894)",1,99.1978014458391,34506
"(0.8811945374355704, 1.0)",1,99.19775172357862,34507
"(0.9280317595086728, 0.9958292603453894)",1,99.19772518595232,34508
"(0.9504245882013664, 0.9958292603453894)",1,99.1977212946574,34509
"(0.738145558145558, 1.0)",1,99.19768073533264,34510
"(0.9034438470728792, 0.9958292603453894)",1,99.19766642565754,34511
"(0.9153439153439156, 1.0)",1,99.19756024415844,34512
"(0.6804620726495727, 1.0)",1,99.19746087605364,34513
"(0.8635976129582268, 1.0)",1,99.1974032829138,34514
"(0.6886904761904762, 1.0)",1,99.1972035123346,34515
"(0.8210319542875959, 0.9992416608232524)",1,99.19720258597822,34516
"(0.9153439153439156, 1.0)",1,99.19709304567652,34517
"(0.8976982097186702, 1.0)",1,99.1970760286031,34518
"(0.987491854024112, 0.9958292603453894)",1,99.19700765493825,34519
"(0.8374727668845315, 1.0)",1,99.19699138914824,34520
"(0.9131856219190184, 0.9958292603453894)",1,99.19697792005066,34521
"(0.8372053872053872, 1.0)",1,99.19696960260222,34522
"(0.9442283950617284, 1.0)",1,99.19693354035164,34523
"(0.9630015205821658, 0.9958292603453894)",1,99.19691328076686,34524
"(0.9161952650324744, 1.0)",1,99.19690563476276,34525
"(0.8760238095238095, 0.9958292603453894)",2,99.19690309132562,34527
"(0.9445235834124724, 1.0)",1,99.19690158187794,34528
"(0.9279680209218476, 0.9958292603453894)",1,99.19687740020402,34529
"(0.7802197802197803, 1.0)",2,99.19685253018586,34531
"(0.7416325017951034, 1.0)",1,99.19683473772824,34532
"(0.8997493734335841, 1.0)",1,99.19682031856854,34533
"(0.861111111111111, 1.0)",1,99.19678926835536,34534
"(0.9331662489557224, 1.0)",1,99.19663633187226,34535
"(0.916104916104916, 1.0)",1,99.19663146805172,34536
"(0.9454999712494968, 0.9958292603453894)",1,99.19660538565996,34537
"(0.970772861441742, 0.9958292603453894)",1,99.19657368067304,34538
"(0.6747507742934573, 1.0)",1,99.19654329562324,34539
"(0.902012682657844, 0.9958292603453894)",1,99.19652611218557,34540
"(0.9751539794803552, 0.9958292603453894)",1,99.19652441453074,34541
"(0.8026839479876169, 0.9958292603453894)",1,99.1964624933618,34542
"(0.8300265307680562, 1.0)",1,99.19645517668133,34543
"(0.7511111111111111, 1.0)",1,99.19644801487522,34544
"(0.9958292603453894, 0.9958292603453894)",1,99.19644539153808,34545
"(0.7077308656256025, 1.0)",2,99.1964276212139,34547
"(0.4039045743444857, 1.0)",1,99.19636065207013,34548
"(0.8848000715856217, 1.0)",1,99.19634734457811,34549
"(0.9497171590194848, 1.0)",1,99.19632823244618,34550
"(0.979055829228243, 0.9958292603453894)",1,99.19630552557224,34551
"(0.8928598364786969, 0.9958292603453894)",1,99.19627977987652,34552
"(0.944563492063492, 1.0)",1,99.19623458484674,34553
"(0.4776542240827955, 1.0)",1,99.196198813868,34554
"(0.8760238095238095, 0.9958292603453894)",1,99.19616833864224,34555
"(0.930704099821747, 1.0)",1,99.19615459002682,34556
"(0.9746854694957162, 1.0)",1,99.19615148065031,34557
"(0.8425483191745751, 1.0)",1,99.19611534418785,34558
"(0.8329050741331443, 1.0)",1,99.19603707168868,34559
"(0.7802197802197803, 1.0)",1,99.19599794965649,34560
"(1.0, 1.0)",1,99.1959366003539,34561
"(0.6042502004811546, 1.0)",1,99.19590590921604,34562
"(0.8101143854687974, 1.0)",1,99.195872332343,34563
"(0.9746535316523212, 0.9958292603453894)",1,99.19579136824036,34564
"(0.7119388248146047, 1.0)",3,99.19579071007205,34567
"(0.7713401051412279, 1.0)",1,99.1957556981859,34568
"(0.9539225495593684, 0.9958292603453894)",1,99.1956911688086,34569
"(0.9490213526488036, 0.9958292603453894)",1,99.19568065583482,34570
"(0.8976982097186702, 1.0)",1,99.1956548846955,34571
"(0.7802197802197803, 1.0)",1,99.1955335405088,34572
"(0.8533622685185187, 1.0)",1,99.19538244538047,34573
"(0.4747763864042934, 1.0)",1,99.19533292501336,34574
"(0.7278086237149632, 1.0)",1,99.19532170038852,34575
"(0.7430253184970165, 1.0)",1,99.19528148215691,34576
"(0.987463247273494, 0.9958292603453894)",1,99.19525555655564,34577
"(0.8796475392220073, 1.0)",1,99.19517525904564,34578
"(0.9581458989353726, 1.0)",1,99.19510607527076,34579
"(0.9835547122074636, 0.9958292603453894)",1,99.19503300838022,34580
"(0.9749706744868036, 0.9958292603453894)",1,99.1950128543953,34581
"(0.9835547122074636, 0.9958292603453894)",1,99.19491417296726,34582
"(0.9666562434855118, 1.0)",1,99.19486457772722,34583
"(0.9750780096985032, 0.9916585206907788)",1,99.1948446191096,34584
"(0.8112275321577646, 1.0)",1,99.194826641151,34585
"(0.4039045743444857, 1.0)",1,99.1948219447294,34586
"(0.6698155645524068, 1.0)",1,99.1947642779644,34587
"(0.8997493734335841, 1.0)",2,99.19470897500425,34589
"(0.7532376017916352, 1.0)",1,99.19468216541772,34590
"(0.9793747635794354, 0.9958292603453894)",1,99.19463568591765,34591
"(0.8341307814992026, 1.0)",1,99.19459951588269,34592
"(0.7786375661375661, 1.0)",1,99.19454319118418,34593
"(0.9189396095602992, 0.9958292603453894)",1,99.1944643973038,34594
"(0.8697983697983697, 1.0)",1,99.1944566863431,34595
"(0.902764590611026, 0.9958292603453894)",1,99.1944543414682,34596
"(0.7372334455667788, 1.0)",1,99.19442541720696,34597
"(0.9720813204508856, 1.0)",1,99.19439126086276,34598
"(0.9833040078201368, 0.9958292603453894)",2,99.19435715681033,34600
"(0.808446455505279, 1.0)",1,99.19434567366386,34601
"(0.9714797495442656, 0.9958292603453894)",1,99.19430557325596,34602
"(0.8247905643738976, 1.0)",2,99.19420759793708,34604
"(0.861111111111111, 1.0)",1,99.19420289855071,34605
"(0.7075023741690408, 1.0)",2,99.19411480810967,34607
"(0.8177442148030384, 1.0)",1,99.19396716458182,34608
"(0.9792766373411534, 0.9958292603453894)",1,99.19392488659396,34609
"(0.93773047895128, 0.9958292603453894)",2,99.19389688159164,34611
"(0.8222222222222222, 1.0)",1,99.19389005665164,34612
"(0.8928598364786969, 0.9958292603453894)",1,99.19388026673695,34613
"(0.9019681633904184, 1.0)",1,99.1938783854212,34614
"(0.903667392883079, 1.0)",1,99.1938532060952,34615
"(0.6831352928913905, 1.0)",1,99.1938190679758,34616
"(0.6825396825396824, 1.0)",1,99.1937965614474,34617
"(0.9665831244778612, 1.0)",1,99.19378984310563,34618
"(0.8633762288330498, 1.0)",1,99.19377767704265,34619
"(0.917655049465296, 0.9958292603453894)",1,99.19367399905651,34620
"(0.9829909379735984, 0.9958292603453894)",1,99.19366495485748,34621
"(0.9299160159815896, 1.0)",1,99.19358068525209,34622
"(0.9206165335472736, 0.9958292603453894)",1,99.19350717737578,34623
"(0.9699183291713004, 0.9958292603453894)",1,99.19349959541007,34624
"(0.9665831244778612, 1.0)",1,99.19347298176768,34625
"(0.9546499948224086, 0.9958292603453894)",1,99.19338517917026,34626
"(1.0, 1.0)",1,99.193376350482,34627
"(0.8294970161977834, 1.0)",1,99.19331051455364,34628
"(0.9498461391725148, 0.9958292603453894)",1,99.19329832298344,34629
"(0.9833040078201368, 0.9958292603453894)",1,99.19327916601632,34630
"(0.9442283950617284, 1.0)",1,99.1932462358626,34631
"(0.9157097551404952, 0.9958292603453894)",2,99.19323999443914,34633
"(0.979055829228243, 0.9958292603453894)",2,99.1931662380685,34635
"(0.8703703703703703, 1.0)",1,99.193131040012,34636
"(0.6907243513029603, 1.0)",1,99.19312701868613,34637
"(0.9508264734071186, 0.9958292603453894)",1,99.19312362943506,34638
"(0.7532376017916352, 1.0)",1,99.19311373635644,34639
"(0.9833229101521784, 1.0)",1,99.19308644943516,34640
"(0.8137865219658889, 1.0)",1,99.1930793595495,34641
"(0.8329156223893065, 1.0)",2,99.193064694305,34643
"(0.9454999712494968, 0.9958292603453894)",1,99.19297863578868,34644
"(0.962505246140658, 0.9958292603453894)",1,99.19296385632786,34645
"(0.8316498316498316, 1.0)",1,99.19292352772268,34646
"(0.9833040078201368, 0.9958292603453894)",1,99.19292098698264,34647
"(0.902012682657844, 0.9958292603453894)",1,99.19285719700592,34648
"(0.9750780096985032, 0.9958292603453894)",2,99.19284363481978,34650
"(0.7121693121693121, 1.0)",1,99.1928274144907,34651
"(0.808446455505279, 1.0)",1,99.19282688519128,34652
"(1.0, 1.0)",1,99.19281480211713,34653
"(0.9750943974852894, 0.9958292603453894)",1,99.1928114406352,34654
"(0.757745166550198, 1.0)",1,99.19275253985226,34655
"(0.9280459216361852, 0.9958292603453894)",1,99.19271555270298,34656
"(0.962505246140658, 0.9958292603453894)",1,99.19257312566562,34657
"(0.9158007932517735, 1.0)",1,99.19252642722552,34658
"(0.8468951683237397, 1.0)",1,99.19246073144448,34659
"(0.826388888888889, 1.0)",1,99.19240759418872,34660
"(0.6636745887678723, 1.0)",1,99.19234870514472,34661
"(0.9166145507608924, 1.0)",1,99.1923393255303,34662
"(0.8867361313822293, 0.9958292603453894)",1,99.1923245103467,34663
"(0.8796475392220073, 1.0)",2,99.19227562366846,34665
"(0.9166145507608924, 1.0)",1,99.19217041405588,34666
"(0.9666562434855118, 1.0)",1,99.19213210672626,34667
"(0.8016677935542034, 1.0)",1,99.1921149644401,34668
"(0.9131856219190184, 0.9958292603453894)",1,99.19207952555386,34669
"(0.6544644252235129, 1.0)",1,99.19205207783968,34670
"(0.8165520116739629, 1.0)",1,99.19198300930276,34671
"(0.808446455505279, 1.0)",1,99.19188348632166,34672
"(0.9198255060602112, 0.9958292603453894)",1,99.19188216356868,34673
"(0.987463247273494, 0.9958292603453894)",1,99.19181275882596,34674
"(0.7965746171391332, 1.0)",1,99.19180639027844,34675
"(0.8872426490351017, 1.0)",1,99.19180434916464,34676
"(0.8312205288949474, 1.0)",2,99.19178621972704,34678
"(0.93773047895128, 0.9958292603453894)",1,99.19174714982972,34679
"(0.9126251340467026, 0.9958292603453894)",1,99.19168768499436,34680
"(0.9833229101521784, 1.0)",1,99.1916172316795,34681
"(0.7802197802197803, 1.0)",2,99.19157302378932,34683
"(0.7532376017916352, 1.0)",1,99.19155137482836,34684
"(0.9746535316523212, 0.9958292603453894)",1,99.1915063733733,34685
"(0.947552083649559, 0.9958292603453894)",1,99.19150284985996,34686
"(0.8432903075760217, 1.0)",1,99.19148386813524,34687
"(0.8736897274633123, 1.0)",1,99.19147809291736,34688
"(0.9295946890286512, 1.0)",1,99.19144930225715,34689
"(0.8814814814814814, 0.9833229101521784)",1,99.19144588592604,34690
"(0.8867361313822293, 0.9958292603453894)",2,99.19143605677765,34692
"(0.9442283950617284, 1.0)",1,99.1914258522885,34693
"(0.9833229101521784, 1.0)",1,99.19137114442094,34694
"(0.81893131227901, 1.0)",1,99.19128544917764,34695
"(0.7121693121693121, 1.0)",1,99.19127017375864,34696
"(0.9504245882013664, 0.9958292603453894)",1,99.19119765490976,34697
"(0.971023600055858, 0.9958292603453894)",1,99.19108588708596,34698
"(0.9792521035784794, 0.9958292603453894)",1,99.19107439706715,34699
"(0.97934925289764, 0.9958292603453894)",1,99.19104282131325,34700
"(0.844988344988345, 1.0)",1,99.19103501862122,34701
"(0.9165164082221422, 1.0)",1,99.1910106825174,34702
"(0.9326599326599326, 1.0)",1,99.1909995162165,34703
"(0.7416325017951034, 1.0)",1,99.1909812726746,34704
"(0.7903875985986362, 1.0)",1,99.1909782443271,34705
"(0.8796475392220073, 1.0)",1,99.1909432372956,34706
"(0.9153439153439152, 1.0)",1,99.19089432880855,34707
"(0.8425483191745751, 1.0)",1,99.19087921495148,34708
"(0.8832603710652491, 1.0)",1,99.19085945633972,34709
"(0.9832965806068272, 0.9958292603453894)",1,99.19085449310413,34710
"(0.9182966261114094, 0.9958292603453894)",1,99.1907790254136,34711
"(0.9295946890286512, 1.0)",1,99.19067970650389,34712
"(0.8420013166556946, 1.0)",1,99.1906535870622,34713
"(0.7030539311241066, 1.0)",1,99.1906359969002,34714
"(0.9326599326599326, 1.0)",1,99.19062687765944,34715
"(0.9369808292429718, 0.9958292603453894)",1,99.1905633373123,34716
"(0.6804620726495727, 1.0)",1,99.19054252268006,34717
"(0.987491854024112, 0.9958292603453894)",1,99.19052295110228,34718
"(0.8315474711586087, 0.9958292603453894)",1,99.19048010983248,34719
"(0.961552316099405, 0.9958292603453894)",1,99.19044809204772,34720
"(0.7503607503607503, 1.0)",1,99.19044665060926,34721
"(0.9708855839501, 0.9958292603453894)",1,99.19038271879184,34722
"(0.9916585206907788, 0.9958292603453894)",1,99.1903424162121,34723
"(0.9623066688389268, 0.9958292603453894)",1,99.19033988233568,34724
"(0.8315474711586087, 0.9958292603453894)",1,99.19028050797732,34725
"(1.0, 1.0)",1,99.19025648635196,34726
"(0.9833229101521784, 1.0)",2,99.19022229894492,34728
"(0.9369808292429718, 0.9958292603453894)",1,99.19020176560706,34729
"(0.9583930063253372, 1.0)",1,99.1901464198246,34730
"(0.9623066688389268, 0.9958292603453894)",2,99.19014245967594,34732
"(0.9583930063253372, 1.0)",1,99.19012285811992,34733
"(1.0, 1.0)",1,99.19010592536972,34734
"(0.9747273037595618, 0.9958292603453894)",1,99.19009904971072,34735
"(0.9714797495442656, 0.9958292603453894)",1,99.19007720782012,34736
"(0.8633762288330498, 1.0)",1,99.18991620352652,34737
"(0.917655049465296, 0.9958292603453894)",1,99.18972234341273,34738
"(0.6784722222222224, 1.0)",1,99.18956599966256,34739
"(0.8374727668845315, 1.0)",2,99.18938956763506,34741
"(0.9126251340467026, 0.9958292603453894)",1,99.18937462407584,34742
"(0.9749706744868036, 0.9958292603453894)",2,99.18934975997873,34744
"(0.6825396825396824, 1.0)",1,99.18931023775204,34745
"(0.9161379295307868, 1.0)",1,99.18926411513736,34746
"(0.7713401051412279, 1.0)",1,99.18921791259616,34747
"(0.8229870141950848, 1.0)",1,99.1891607945844,34748
"(0.7944219523166891, 1.0)",1,99.18914871148796,34749
"(0.8222222222222222, 1.0)",1,99.1891328134222,34750
"(0.5555555555555555, 1.0)",1,99.1889840298056,34751
"(0.916104916104916, 1.0)",2,99.1889331965144,34753
"(0.9833040078201368, 0.9958292603453894)",1,99.18890950343857,34754
"(0.8929015655249481, 0.9958292603453894)",1,99.1888954584187,34755
"(0.7077308656256025, 1.0)",1,99.1887769736204,34756
"(0.9435817855979146, 0.9958292603453894)",1,99.1887439458882,34757
"(0.9490213526488036, 0.9958292603453894)",1,99.18861725186127,34758
"(0.9622634791942192, 0.9958292603453894)",2,99.188563703703,34760
"(0.9609386607489072, 0.9958292603453894)",1,99.18850671809388,34761
"(0.9746854694957162, 0.9958292603453894)",2,99.18845529909316,34763
"(0.7944219523166891, 1.0)",1,99.1884514825375,34764
"(0.93773047895128, 0.9958292603453894)",1,99.18836382539487,34765
"(0.9876066164491212, 0.9958292603453894)",1,99.18833130026071,34766
"(0.8222222222222222, 1.0)",1,99.18820506740916,34767
"(0.965648083497546, 0.9958292603453894)",1,99.18820240144616,34768
"(0.9313372164415809, 0.9958292603453894)",1,99.18819070374884,34769
"(0.8579868984630887, 1.0)",1,99.1881855606183,34770
"(0.786508365740383, 1.0)",1,99.18817316600492,34771
"(0.7277677677677677, 1.0)",1,99.18806494001798,34772
"(0.9250222656674272, 0.9958292603453894)",1,99.18800933355418,34773
"(0.7545469576719577, 1.0)",1,99.18793135288226,34774
"(0.5077525425843888, 1.0)",1,99.18792514618872,34775
"(0.9746854694957162, 1.0)",1,99.18777804036512,34776
"(1.0, 1.0)",1,99.18763682459364,34777
"(0.9665831244778612, 1.0)",1,99.1875633249087,34778
"(0.8151249335459861, 1.0)",1,99.18752208587986,34779
"(0.9497171590194846, 1.0)",1,99.1874936957337,34780
"(0.9189396095602992, 0.9958292603453894)",1,99.1874731220899,34781
"(0.9161952650324744, 1.0)",1,99.18745859261472,34782
"(0.7222222222222221, 1.0)",1,99.18737182087632,34783
"(0.9250222656674272, 0.9958292603453894)",1,99.18736472121684,34784
"(0.7340930674264006, 1.0)",2,99.18734683270064,34786
"(0.8222222222222222, 1.0)",1,99.18733148577348,34787
"(0.9873891625615764, 0.9958292603453894)",1,99.1873188552604,34788
"(0.9497171590194848, 1.0)",1,99.18720540342731,34789
"(0.9746854694957162, 0.9958292603453894)",1,99.18718626550456,34790
"(0.837707400507675, 1.0)",1,99.18713734827335,34791
"(0.9649790647893116, 0.9958292603453894)",1,99.18713446469964,34792
"(0.7944219523166891, 1.0)",1,99.18712514636329,34793
"(0.4776542240827955, 1.0)",1,99.1871174137935,34794
"(0.9166145507608924, 1.0)",1,99.18699171317914,34795
"(0.9365496267832196, 0.9958292603453894)",1,99.18696872118788,34796
"(0.9669795885118464, 0.9958292603453894)",1,99.18694510089064,34797
"(0.8879252284571921, 0.9958292603453894)",1,99.1868856039316,34798
"(0.901575014782562, 1.0)",1,99.18679314869728,34799
"(0.8222222222222222, 1.0)",1,99.18672392632148,34800
"(0.7713401051412279, 1.0)",1,99.18671793793828,34801
"(0.9833040078201368, 0.9958292603453894)",1,99.1865767940442,34802
"(0.9833229101521784, 1.0)",2,99.18653965202554,34804
"(0.8156295830714435, 1.0)",1,99.1862997439855,34805
"(0.9749706744868036, 0.9958292603453894)",1,99.18622660024494,34806
"(0.9669795885118464, 0.9958292603453894)",1,99.1862237743521,34807
"(0.979051756240299, 0.9958292603453894)",1,99.186203549498,34808
"(1.0, 1.0)",1,99.18601703307586,34809
"(0.6804620726495727, 1.0)",2,99.18600412092748,34811
"(0.9333044546043194, 0.9958292603453894)",1,99.18597626192523,34812
"(0.73687720936437, 1.0)",1,99.18588402171416,34813
"(0.987463247273494, 0.9958292603453894)",1,99.1857972946484,34814
"(0.970619176311776, 0.9958292603453894)",2,99.18577814172704,34816
"(0.917469251615593, 1.0)",1,99.18576908562102,34817
"(0.8247905643738976, 1.0)",1,99.18575471607431,34818
"(0.757745166550198, 1.0)",1,99.18572736819944,34819
"(0.7802197802197803, 1.0)",1,99.18562630063748,34820
"(0.8717520170461346, 0.9958292603453894)",1,99.1856124919297,34821
"(0.9326599326599326, 1.0)",1,99.18538205483006,34822
"(0.882673371045464, 1.0)",1,99.18530216668906,34823
"(0.9161952650324744, 1.0)",1,99.18528973393784,34824
"(0.8976982097186702, 1.0)",1,99.1852216530098,34825
"(0.4860837462761431, 1.0)",1,99.18521537706276,34826
"(0.9833229101521784, 1.0)",4,99.18515691181152,34830
"(0.8365328658269835, 0.9958292603453894)",2,99.1851436286544,34832
"(0.8760238095238095, 0.9958292603453894)",1,99.18503409029384,34833
"(0.8468951683237397, 1.0)",1,99.18489783821654,34834
"(0.8848000715856217, 1.0)",1,99.18487899524769,34835
"(0.8059480202337346, 1.0)",1,99.18486664498818,34836
"(0.9279680209218476, 0.9958292603453894)",1,99.18478955284048,34837
"(0.9291343771135042, 0.9958292603453894)",1,99.18471865956909,34838
"(0.9034438470728792, 0.9958292603453894)",1,99.18467938239894,34839
"(0.7532376017916352, 1.0)",1,99.18459596842553,34840
"(0.7713401051412279, 1.0)",1,99.18450739727126,34841
"(0.9497171590194846, 1.0)",2,99.18438115722476,34843
"(0.861111111111111, 1.0)",1,99.1843808082917,34844
"(0.9623066688389268, 0.9958292603453894)",1,99.18437784981296,34845
"(0.5070372093557577, 1.0)",1,99.18437202316724,34846
"(0.7511111111111111, 1.0)",1,99.18428358068732,34847
"(0.9792766373411534, 0.9958292603453894)",1,99.18422550753604,34848
"(0.8867361313822293, 0.9958292603453894)",1,99.18415910612566,34849
"(0.8420013166556946, 1.0)",1,99.18413822458209,34850
"(0.9669795885118464, 0.9958292603453894)",1,99.18412229333646,34851
"(0.9916339869281046, 0.9958292603453894)",1,99.18409594310351,34852
"(0.8383327637702926, 0.9958292603453894)",1,99.1839068379544,34853
"(0.8600291387756281, 0.9958292603453894)",1,99.18382934332556,34854
"(0.9161952650324744, 1.0)",1,99.18380155620436,34855
"(0.7294281157362763, 1.0)",1,99.1837603079167,34856
"(0.8443691323092412, 0.9958292603453894)",1,99.18371341964026,34857
"(0.9746535316523212, 0.9958292603453894)",1,99.1837130941354,34858
"(0.8222222222222222, 1.0)",3,99.18370665339307,34861
"(0.987463247273494, 0.9958292603453894)",1,99.18356350971013,34862
"(0.6907243513029603, 1.0)",2,99.18355493313842,34864
"(0.8229870141950848, 1.0)",1,99.18353262939452,34865
"(0.8976982097186702, 1.0)",1,99.18347900246428,34866
"(0.8867361313822293, 0.9958292603453894)",1,99.18347225129496,34867
"(0.9206165335472736, 0.9958292603453894)",1,99.18345886790368,34868
"(0.9441792447111594, 1.0)",2,99.18334496789024,34870
"(0.9365496267832196, 0.9958292603453894)",1,99.18329211481148,34871
"(0.9161952650324744, 1.0)",1,99.18321331717756,34872
"(0.8420013166556946, 1.0)",1,99.18319207100278,34873
"(0.816195709052852, 1.0)",1,99.18313571420536,34874
"(0.8796475392220073, 1.0)",1,99.18304102579349,34875
"(1.0, 1.0)",1,99.18294005424448,34876
"(0.9916585206907788, 0.9958292603453894)",1,99.18260005317944,34877
"(0.9833229101521784, 1.0)",1,99.1825707685652,34878
"(0.9618291283060416, 0.9958292603453894)",1,99.18256688491836,34879
"(0.9326599326599326, 1.0)",2,99.18249200363022,34881
"(0.8222222222222222, 1.0)",1,99.18244887007909,34882
"(0.6521663785997688, 1.0)",1,99.18244278230956,34883
"(0.9792521035784794, 0.9958292603453894)",2,99.1823755764857,34885
"(0.7802197802197803, 1.0)",2,99.18236427188371,34887
"(0.8365328658269835, 0.9958292603453894)",1,99.18233056026004,34888
"(0.9331662489557224, 1.0)",1,99.18227060159306,34889
"(0.7075023741690408, 1.0)",1,99.18219673691138,34890
"(0.9750780096985032, 0.9958292603453894)",2,99.18214501374524,34892
"(0.8613656783468103, 1.0)",1,99.18204341999632,34893
"(0.9664171122994653, 0.9958292603453894)",1,99.18203571375848,34894
"(0.9331662489557224, 1.0)",2,99.1820283980746,34896
"(0.8300265307680562, 1.0)",1,99.18201643246456,34897
"(0.6831352928913905, 1.0)",1,99.1820059368198,34898
"(0.9182966261114094, 0.9958292603453894)",1,99.18200427253804,34899
"(0.8796475392220073, 1.0)",1,99.18175018581611,34900
"(0.882673371045464, 0.9833229101521784)",1,99.1817147371219,34901
"(0.7340930674264006, 1.0)",1,99.18170319591756,34902
"(0.8976982097186702, 0.9833229101521784)",1,99.18168209062172,34903
"(0.9369808292429718, 0.9958292603453894)",1,99.18165530404072,34904
"(0.8315474711586087, 0.9958292603453894)",1,99.18165397897856,34905
"(0.9714797495442656, 0.9958292603453894)",1,99.18159235933528,34906
"(0.9435817855979146, 0.9958292603453894)",1,99.18149398560432,34907
"(0.9322127672355596, 0.9958292603453894)",1,99.18148732325608,34908
"(0.8150750769839252, 0.9958292603453894)",1,99.18148551527656,34909
"(0.5910680656443368, 1.0)",2,99.18147564153286,34911
"(0.9665831244778612, 1.0)",1,99.1814365497083,34912
"(0.970619176311776, 0.9958292603453894)",1,99.18142670359002,34913
"(0.9958292603453894, 0.9958292603453894)",1,99.18138488597108,34914
"(0.9161952650324744, 1.0)",1,99.18138064780452,34915
"(0.8222222222222222, 1.0)",1,99.18130309285635,34916
"(0.9714797495442656, 0.9958292603453894)",1,99.18127340409508,34917
"(0.8840455840455841, 1.0)",1,99.18125462143432,34918
"(1.0, 1.0)",1,99.1812306745787,34919
"(0.9008627640703112, 1.0)",1,99.18121904805967,34920
"(0.9664171122994653, 0.9958292603453894)",1,99.18119688492428,34921
"(0.826388888888889, 1.0)",1,99.18117177717642,34922
"(0.9792766373411534, 0.9958292603453894)",1,99.18117036141636,34923
"(0.9506533178503804, 1.0)",1,99.18113815617356,34924
"(0.8229870141950848, 1.0)",1,99.1811144424698,34925
"(0.9834358767945106, 0.9958292603453894)",1,99.18110886605908,34926
"(0.9833229101521784, 1.0)",1,99.18105803306152,34927
"(0.9666562434855118, 1.0)",1,99.18101986715146,34928
"(0.9003556829643787, 1.0)",1,99.18101127696596,34929
"(1.0, 0.9958292603453894)",1,99.18098178281156,34930
"(0.9326599326599326, 1.0)",1,99.18078409405996,34931
"(0.9333333333333332, 1.0)",1,99.18072927079848,34932
"(0.979051756240299, 0.9958292603453894)",1,99.18066132519196,34933
"(0.9669795885118464, 0.9958292603453894)",1,99.18061852933864,34934
"(0.9198255060602112, 0.9958292603453894)",1,99.18051167141546,34935
"(0.97934925289764, 0.9958292603453894)",1,99.18049109056996,34936
"(0.9331662489557224, 1.0)",1,99.18046907481634,34937
"(0.8892949503417051, 0.9958292603453894)",1,99.180417792213,34938
"(0.8137865219658889, 1.0)",1,99.18040432479488,34939
"(0.902012682657844, 0.9958292603453894)",1,99.18035312401798,34940
"(0.9295946890286512, 1.0)",1,99.18033719255789,34941
"(0.9501563219469168, 0.9958292603453894)",2,99.18023473106788,34943
"(0.9834358767945106, 0.9958292603453894)",1,99.18017830190333,34944
"(0.8796475392220073, 1.0)",2,99.18014244625024,34946
"(0.7340930674264006, 1.0)",2,99.18013974105928,34948
"(0.9832965806068272, 0.9958292603453894)",2,99.18010249648772,34950
"(0.9161952650324744, 1.0)",1,99.18007717442492,34951
"(0.9744745723240348, 0.9958292603453894)",1,99.18003282140404,34952
"(0.9791332681655264, 0.9958292603453894)",1,99.1799554624318,34953
"(0.9833229101521784, 1.0)",1,99.17995439811568,34954
"(0.9832925076188832, 0.9958292603453894)",2,99.1799007249383,34956
"(0.9410852767304382, 0.9958292603453894)",1,99.17989151830506,34957
"(1.0, 1.0)",1,99.1798337862854,34958
"(0.757745166550198, 1.0)",2,99.17977451746272,34960
"(0.9833229101521784, 1.0)",1,99.17974625405137,34961
"(0.7675138481590094, 1.0)",1,99.17973823583368,34962
"(0.9161379295307868, 1.0)",1,99.17973054775253,34963
"(0.8796475392220073, 1.0)",1,99.17968588975889,34964
"(0.9435817855979146, 0.9958292603453894)",1,99.17960233679084,34965
"(0.9497171590194846, 1.0)",1,99.1795956998434,34966
"(0.9326599326599326, 1.0)",1,99.17958194797612,34967
"(0.9303715638302106, 1.0)",1,99.17957398213532,34968
"(0.4039045743444857, 1.0)",1,99.17957333569012,34969
"(0.945364478411655, 0.9958292603453894)",1,99.17956062739226,34970
"(0.9748850895736324, 0.9958292603453894)",1,99.17953020914318,34971
"(0.971023600055858, 0.9958292603453894)",2,99.17950420405704,34973
"(0.9916625936787228, 0.9958292603453894)",1,99.1795028611647,34974
"(0.9916585206907788, 0.9958292603453894)",1,99.1793851321244,34975
"(0.9166682405676116, 1.0)",1,99.1793288852013,34976
"(0.944073617452092, 1.0)",1,99.17930760117082,34977
"(0.8016677935542034, 1.0)",3,99.17927149313095,34980
"(0.9516794286955578, 0.9958292603453894)",1,99.17920801089508,34981
"(0.9788980434141724, 0.9958292603453894)",1,99.17920157256434,34982
"(0.9169719169719168, 1.0)",1,99.17918236884414,34983
"(0.9326599326599326, 1.0)",1,99.17916681331316,34984
"(0.7946380416968652, 0.9958292603453894)",1,99.17916191914762,34985
"(0.8952273442232329, 0.9958292603453894)",1,99.1791303328906,34986
"(1.0, 1.0)",2,99.1790962587894,34988
"(0.9182966261114094, 0.9958292603453894)",1,99.17905697569088,34989
"(0.8929015655249481, 0.9958292603453894)",1,99.1790018648508,34990
"(0.7362637362637362, 1.0)",1,99.17893504898704,34991
"(0.8697983697983697, 1.0)",1,99.17886127927976,34992
"(0.7511111111111111, 1.0)",1,99.1788599203677,34993
"(0.9873444118605408, 0.9958292603453894)",1,99.17880948626434,34994
"(0.8885714285714285, 1.0)",1,99.178726084535,34995
"(0.746304385688563, 1.0)",1,99.17871238673594,34996
"(0.816195709052852, 1.0)",3,99.1786764945478,34999
"(1.0, 1.0)",1,99.17865643500517,35000
"(0.9279680209218476, 0.9958292603453894)",1,99.17864210909458,35001
"(0.8676532769556025, 1.0)",1,99.1786333556235,35002
"(0.9153439153439156, 1.0)",1,99.178611933127,35003
"(0.9916585206907788, 0.9958292603453894)",1,99.17860879051328,35004
"(0.9750481776288228, 0.9958292603453894)",1,99.17860069762308,35005
"(0.8676532769556025, 1.0)",1,99.17854481906262,35006
"(0.9873891625615764, 0.9958292603453894)",1,99.17851196648216,35007
"(0.9182966261114094, 0.9958292603453894)",2,99.17851024327024,35009
"(0.9916625936787228, 0.9958292603453894)",2,99.17847919864904,35011
"(0.979051756240299, 1.0)",1,99.17845738066497,35012
"(0.8762860082304527, 1.0)",1,99.17840442373034,35013
"(0.9748524098350704, 0.9958292603453894)",1,99.17839114188962,35014
"(0.9499358151476252, 1.0)",1,99.17831537549128,35015
"(0.7362637362637362, 1.0)",2,99.17829612151884,35017
"(0.8907966222338917, 0.9958292603453894)",1,99.17824842741116,35018
"(0.896607872489407, 0.9958292603453894)",1,99.17823143152444,35019
"(0.7416325017951034, 1.0)",1,99.17817875098022,35020
"(0.9833040078201368, 0.9958292603453894)",1,99.17817078267716,35021
"(1.0, 1.0)",1,99.1781109844206,35022
"(0.8796475392220073, 1.0)",1,99.17804246749893,35023
"(0.962505246140658, 0.9958292603453894)",1,99.17801692741251,35024
"(0.8976982097186702, 1.0)",4,99.17801231012106,35028
"(0.7430253184970165, 1.0)",1,99.1780106520275,35029
"(0.9498461391725148, 0.9958292603453894)",1,99.17799076512556,35030
"(0.9833040078201368, 0.9958292603453894)",1,99.17792617933728,35031
"(0.9165164082221422, 1.0)",1,99.17790679892016,35032
"(0.979273283115788, 0.9958292603453894)",2,99.17772194087216,35034
"(0.9876066164491212, 0.9958292603453894)",1,99.17770983073171,35035
"(0.9153439153439152, 1.0)",1,99.17769694797488,35036
"(0.844988344988345, 1.0)",1,99.17761126708436,35037
"(0.9873891625615764, 0.9958292603453894)",1,99.17759031562478,35038
"(0.9833040078201368, 0.9958292603453894)",2,99.1775342638642,35040
"(0.9167853751187084, 1.0)",4,99.17753425834096,35044
"(0.9876221896383188, 0.9958292603453894)",1,99.17749575721557,35045
"(0.7060994560994561, 1.0)",1,99.17746944473356,35046
"(0.8732774170274171, 1.0)",1,99.1774160139604,35047
"(0.8631546198466533, 1.0)",1,99.17739127005257,35048
"(0.987463247273494, 0.9958292603453894)",1,99.17734095248504,35049
"(0.8633762288330498, 1.0)",2,99.17732053775816,35051
"(0.7340930674264007, 1.0)",2,99.17727704394372,35053
"(0.8976982097186702, 1.0)",1,99.17726689037292,35054
"(0.9874762808349148, 0.9958292603453894)",1,99.17722609957865,35055
"(0.7362637362637362, 1.0)",1,99.17714594447864,35056
"(0.7673678366541239, 1.0)",1,99.17708047283588,35057
"(0.9669795885118464, 0.9958292603453894)",2,99.1770730318137,35059
"(0.8867361313822293, 0.9958292603453894)",1,99.17701395413565,35060
"(0.7946380416968652, 0.9958292603453894)",1,99.17701042792125,35061
"(0.9873444118605408, 0.9958292603453894)",1,99.1769828894997,35062
"(0.8053381731676306, 1.0)",1,99.1769568476171,35063
"(1.0, 1.0)",1,99.17692282337134,35064
"(0.8491514770584537, 1.0)",1,99.17691073936084,35065
"(0.987463247273494, 0.9958292603453894)",1,99.17679205429845,35066
"(0.9200043551329178, 0.9958292603453894)",1,99.17674906423996,35067
"(0.9664171122994653, 0.9958292603453894)",2,99.17672203310852,35069
"(0.7802197802197803, 1.0)",1,99.17669922954764,35070
"(0.9584987529902784, 1.0)",1,99.17668373370093,35071
"(0.8976982097186702, 1.0)",1,99.17667234826727,35072
"(0.9326599326599326, 0.9833229101521784)",1,99.17665602357518,35073
"(0.7375253438078971, 1.0)",1,99.17664383516448,35074
"(0.8600291387756281, 0.9958292603453894)",1,99.17662530879184,35075
"(0.7612958226768967, 1.0)",1,99.17660984702712,35076
"(0.987491854024112, 0.9958292603453894)",1,99.176567660532,35077
"(0.9876066164491212, 0.9916585206907788)",1,99.17654719379422,35078
"(0.902012682657844, 0.9958292603453894)",1,99.17651690768268,35079
"(0.9832965806068272, 0.9958292603453894)",2,99.17649479918124,35081
"(0.8976982097186702, 1.0)",1,99.17647784929926,35082
"(0.9331094582012576, 1.0)",1,99.17638206302712,35083
"(0.9435817855979146, 0.9958292603453894)",1,99.17636359589874,35084
"(0.9384174012481092, 0.9958292603453894)",2,99.17636304751946,35086
"(0.8840455840455841, 1.0)",1,99.17631419109328,35087
"(0.9791348015256934, 0.9958292603453894)",1,99.17627881623814,35088
"(0.8310994560994561, 1.0)",1,99.1762782134713,35089
"(0.9833229101521784, 1.0)",1,99.17624908803882,35090
"(0.8907966222338917, 0.9958292603453894)",1,99.17624129105364,35091
"(0.7647742788871822, 1.0)",1,99.17622911438484,35092
"(0.8613656783468103, 1.0)",1,99.17622280399613,35093
"(0.7340324228911184, 1.0)",1,99.17619089837324,35094
"(0.7786375661375661, 1.0)",1,99.17619006095812,35095
"(0.9009287520039462, 1.0)",1,99.17615460386916,35096
"(0.913942789236907, 0.9958292603453894)",1,99.1760530813599,35097
"(0.9437903841498612, 1.0)",2,99.17596051753952,35099
"(0.8222222222222222, 1.0)",1,99.17590086928536,35100
"(1.0, 1.0)",1,99.17590003185954,35101
"(0.9580602951397298, 0.9958292603453894)",1,99.17587974908648,35102
"(0.9833040078201368, 0.9958292603453894)",1,99.17583130423616,35103
"(0.9437903841498612, 1.0)",1,99.17582713394977,35104
"(0.9442283950617284, 1.0)",1,99.17578225815284,35105
"(0.9189396095602992, 0.9958292603453894)",1,99.17576064944076,35106
"(0.8880984643179766, 1.0)",1,99.1757175226893,35107
"(0.9454999712494968, 0.9958292603453894)",1,99.17570226381643,35108
"(0.9331662489557224, 1.0)",1,99.17564011077856,35109
"(0.902012682657844, 0.9958292603453894)",1,99.17559773731936,35110
"(1.0, 1.0)",1,99.17555526016793,35111
"(0.8137865219658889, 1.0)",1,99.17551616447795,35112
"(0.8976982097186702, 1.0)",1,99.1754577435731,35113
"(0.9166145507608924, 1.0)",2,99.17541344840951,35115
"(0.8315474711586087, 0.9958292603453894)",1,99.17540277147614,35116
"(0.8053381731676306, 1.0)",2,99.17537157768562,35118
"(0.962505246140658, 0.9958292603453894)",1,99.17536631574762,35119
"(0.9829909379735984, 0.9958292603453894)",1,99.17526171691254,35120
"(0.9504245882013664, 0.9958292603453894)",1,99.17525342547624,35121
"(0.8347775825943863, 0.9958292603453894)",1,99.17520361712872,35122
"(0.8717520170461346, 0.9958292603453894)",1,99.17518259068676,35123
"(0.617513611615245, 1.0)",1,99.17516480173744,35124
"(0.8760238095238095, 0.9958292603453894)",1,99.17515463261986,35125
"(0.7069597069597069, 1.0)",1,99.17514584181252,35126
"(0.9788980434141724, 0.9958292603453894)",1,99.17504488292089,35127
"(0.9791258409522168, 0.9958292603453894)",1,99.1750382470277,35128
"(0.7278086237149632, 1.0)",1,99.17494648111068,35129
"(0.9153439153439152, 1.0)",1,99.17492522840912,35130
"(0.7090909090909091, 1.0)",1,99.17490146424676,35131
"(0.9250222656674272, 0.9958292603453894)",1,99.1748254382332,35132
"(0.9833229101521784, 0.9833229101521784)",1,99.17481129214418,35133
"(0.9874877810361682, 0.9916585206907788)",1,99.1747970983204,35134
"(0.9280317595086728, 0.9958292603453894)",1,99.17479424814788,35135
"(0.9751539794803552, 0.9958292603453894)",1,99.1747713573937,35136
"(0.8420013166556946, 1.0)",1,99.17475707740486,35137
"(0.9497171590194846, 1.0)",1,99.17474767723525,35138
"(0.8165520116739629, 1.0)",1,99.17461523605706,35139
"(0.8065954953750508, 1.0)",1,99.17458629059622,35140
"(0.933096859926128, 1.0)",2,99.17450532198488,35142
"(0.8374727668845315, 1.0)",1,99.17445297690712,35143
"(0.8347775825943863, 0.9958292603453894)",1,99.1744305835564,35144
"(0.974731376747506, 0.9958292603453894)",1,99.17432218428075,35145
"(0.816195709052852, 1.0)",1,99.17430976373302,35146
"(0.9916666666666668, 0.9958292603453894)",1,99.17422626535864,35147
"(0.9268079211169572, 0.9958292603453894)",1,99.17421467155354,35148
"(0.9666562434855118, 1.0)",1,99.17413381797208,35149
"(0.738145558145558, 1.0)",1,99.17407531084623,35150
"(0.812557599070401, 1.0)",1,99.17404267201884,35151
"(0.6698155645524068, 1.0)",1,99.1740145293971,35152
"(0.9157097551404952, 0.9958292603453894)",1,99.17401078972584,35153
"(0.861111111111111, 1.0)",1,99.17398932309716,35154
"(0.6378166586499919, 1.0)",2,99.17397364129928,35156
"(0.4860837462761431, 1.0)",1,99.17395405373426,35157
"(0.958095238095238, 0.9958292603453894)",2,99.1738041105328,35159
"(0.7344692811916678, 1.0)",1,99.1737995221997,35160
"(0.8796475392220073, 1.0)",1,99.17377769856398,35161
"(0.987463247273494, 0.9958292603453894)",2,99.17377300056604,35163
"(0.961552316099405, 0.9958292603453894)",1,99.1737253130333,35164
"(0.9873891625615764, 0.9958292603453894)",1,99.17363260321976,35165
"(0.9708855839501, 0.9958292603453894)",1,99.1736288024412,35166
"(0.8976982097186702, 1.0)",1,99.17361471041777,35167
"(0.6544644252235129, 1.0)",1,99.17359032303884,35168
"(0.898989898989899, 1.0)",1,99.17352754705658,35169
"(0.9027777777777778, 1.0)",1,99.17349368434324,35170
"(0.4714849648217822, 1.0)",1,99.1734833830703,35171
"(0.8420013166556946, 1.0)",1,99.17344554240888,35172
"(0.9833251873574456, 0.9958292603453894)",1,99.1734223823202,35173
"(0.9832401090007582, 0.9958292603453894)",1,99.17340140665772,35174
"(0.8420013166556946, 1.0)",1,99.17337785966096,35175
"(0.9279680209218476, 0.9958292603453894)",1,99.17325268830398,35176
"(0.7164894725870335, 1.0)",2,99.17323549429103,35178
"(0.9916666666666668, 0.9958292603453894)",1,99.17323024956092,35179
"(0.9499687304565352, 1.0)",1,99.17321344953125,35180
"(0.8762860082304527, 1.0)",1,99.17318358567744,35181
"(0.9497171590194846, 1.0)",1,99.1731667712709,35182
"(0.7734344933751168, 1.0)",1,99.1731475451338,35183
"(0.8468089381754635, 1.0)",1,99.17306677833702,35184
"(1.0, 1.0)",1,99.17305189031016,35185
"(0.979273283115788, 0.9958292603453894)",1,99.17295230270727,35186
"(0.9365496267832196, 0.9958292603453894)",1,99.17286276399874,35187
"(0.9835199925522506, 0.9958292603453894)",2,99.17285362691804,35189
"(0.6215073982652175, 1.0)",1,99.1728137445662,35190
"(0.6747507742934573, 1.0)",1,99.17276479211012,35191
"(0.9326599326599326, 1.0)",1,99.17276380794004,35192
"(0.9332172991312776, 0.9958292603453894)",1,99.17265700591796,35193
"(0.97495917428555, 0.9958292603453894)",1,99.17262508182289,35194
"(0.8374727668845315, 1.0)",1,99.17261138325264,35195
"(0.9834358767945106, 0.9958292603453894)",1,99.17260191515452,35196
"(0.8653198653198653, 1.0)",1,99.17259520502026,35197
"(0.8420013166556946, 1.0)",1,99.17252659099684,35198
"(0.861111111111111, 1.0)",1,99.17250056571876,35199
"(0.6825396825396824, 1.0)",1,99.17242017242016,35200
"(0.975195619792394, 0.9958292603453894)",1,99.1724100245432,35201
"(0.9332172991312776, 0.9958292603453894)",1,99.17237426588744,35202
"(0.9649790647893116, 0.9958292603453894)",1,99.1723529823539,35203
"(0.9916666666666668, 0.9958292603453894)",1,99.17232652851274,35204
"(0.9746854694957162, 1.0)",1,99.17227196996907,35205
"(0.861111111111111, 1.0)",1,99.1722243856182,35206
"(0.9874762808349148, 0.9958292603453894)",1,99.17213911572186,35207
"(0.9791348015256934, 0.9958292603453894)",1,99.17211622255942,35208
"(1.0, 1.0)",1,99.1720745124184,35209
"(0.4776542240827955, 1.0)",2,99.17202373217182,35211
"(0.5555555555555555, 0.9833229101521784)",1,99.17198248905574,35212
"(0.8635976129582268, 1.0)",1,99.1719320544836,35213
"(0.9497171590194846, 1.0)",1,99.17192565425856,35214
"(0.6444891298012474, 1.0)",1,99.17187940668204,35215
"(0.8420013166556946, 1.0)",1,99.17184163457108,35216
"(0.970619176311776, 0.9958292603453894)",1,99.17174589381592,35217
"(0.8471527473990528, 1.0)",1,99.17173701166362,35218
"(0.9580602951397298, 0.9958292603453894)",1,99.17171308241984,35219
"(0.9, 1.0)",1,99.17165879631672,35220
"(0.7802197802197803, 1.0)",1,99.17152632942108,35221
"(0.7340930674264007, 1.0)",1,99.17135709818636,35222
"(0.8483418730488175, 0.9958292603453894)",1,99.17113343861016,35223
"(0.7802197802197803, 1.0)",1,99.1710154391228,35224
"(0.9333044546043194, 0.9958292603453894)",1,99.17098937526124,35225
"(0.8547756205106323, 1.0)",1,99.1709892216675,35226
"(0.8040695048423352, 1.0)",1,99.17093465084972,35227
"(0.902012682657844, 0.9958292603453894)",1,99.17093112282554,35228
"(0.6831352928913905, 1.0)",1,99.17087395972692,35229
"(0.7734344933751168, 1.0)",1,99.17086349458653,35230
"(0.9416450721400784, 1.0)",1,99.17080023145849,35231
"(0.7545469576719577, 1.0)",1,99.17079621006432,35232
"(0.6760835913312693, 1.0)",1,99.17079296486276,35233
"(0.6215073982652175, 1.0)",1,99.17078644658648,35234
"(0.8151249335459861, 1.0)",1,99.17078283323389,35235
"(0.93795454842108, 0.9958292603453894)",2,99.17063459145136,35237
"(0.8151249335459861, 1.0)",2,99.17062708040932,35239
"(0.7060994560994561, 1.0)",1,99.1704916603963,35240
"(0.721056721056721, 1.0)",1,99.17047129877685,35241
"(0.9435817855979146, 0.9958292603453894)",1,99.17045063500524,35242
"(0.7916666666666666, 1.0)",1,99.17043032880892,35243
"(0.7430253184970165, 1.0)",1,99.1703889847104,35244
"(0.6544644252235129, 1.0)",1,99.17032068125678,35245
"(0.979051756240299, 0.9958292603453894)",1,99.17024741062454,35246
"(0.6698155645524068, 1.0)",1,99.17021403766036,35247
"(0.837707400507675, 1.0)",1,99.17020066423224,35248
"(0.8600291387756281, 0.9958292603453894)",1,99.170186498197,35249
"(0.7198480531813864, 1.0)",1,99.17017902175776,35250
"(0.6215073982652175, 1.0)",1,99.1700615357897,35251
"(0.9750072792119512, 0.9958292603453894)",1,99.16997931656556,35252
"(1.0, 1.0)",1,99.16995881911114,35253
"(0.8717520170461346, 0.9958292603453894)",1,99.16988800779905,35254
"(0.9169719169719168, 1.0)",1,99.16985571992188,35255
"(0.9437903841498612, 1.0)",1,99.16980711230474,35256
"(0.861111111111111, 1.0)",1,99.16979481080892,35257
"(0.8579868984630887, 1.0)",1,99.16977819664798,35258
"(0.9835199925522506, 0.9958292603453894)",2,99.16972648309036,35260
"(0.8222222222222222, 1.0)",1,99.16972174018382,35261
"(0.7532376017916352, 1.0)",1,99.16969255144215,35262
"(0.8151249335459861, 1.0)",1,99.16967303039702,35263
"(0.7416325017951034, 1.0)",1,99.16965573424989,35264
"(0.5910680656443368, 1.0)",1,99.16963209155296,35265
"(0.987463247273494, 0.9958292603453894)",1,99.16960259850852,35266
"(0.9874762808349148, 0.9958292603453894)",1,99.16938829107872,35267
"(0.8976982097186702, 1.0)",1,99.1693105891616,35268
"(0.9873891625615764, 0.9958292603453894)",1,99.1692602888508,35269
"(0.617513611615245, 1.0)",1,99.16922757247951,35270
"(0.8137566137566138, 1.0)",2,99.16915841215712,35272
"(0.8796475392220073, 1.0)",1,99.1690425452364,35273
"(0.7673678366541239, 1.0)",1,99.16903062876416,35274
"(0.9539225495593684, 0.9958292603453894)",1,99.16897839278992,35275
"(0.860331150951135, 0.9958292603453894)",1,99.16881708874578,35276
"(0.7222222222222221, 1.0)",1,99.16881028478784,35277
"(0.893146638589877, 1.0)",1,99.16877399035424,35278
"(0.9750780096985032, 0.9958292603453894)",1,99.16876665712152,35279
"(0.7687400318979267, 1.0)",1,99.16874410712666,35280
"(0.9871616776282092, 0.9958292603453894)",1,99.16865547994858,35281
"(0.8349489264123411, 1.0)",1,99.16863166215008,35282
"(0.9504245882013664, 0.9958292603453894)",1,99.16855382418863,35283
"(0.9581423242435478, 0.9958292603453894)",1,99.16845694866812,35284
"(0.8840048840048841, 0.9833229101521784)",1,99.16831912088212,35285
"(0.9333333333333332, 1.0)",1,99.16831752287467,35286
"(0.9748524098350704, 0.9958292603453894)",2,99.16823885984452,35288
"(0.9582389563841176, 0.9958292603453894)",1,99.1681935854672,35289
"(0.9791258409522168, 0.9958292603453894)",1,99.16816216964412,35290
"(0.9833229101521784, 1.0)",1,99.16810969714908,35291
"(0.7786375661375661, 1.0)",1,99.16802711727966,35292
"(1.0, 1.0)",1,99.16799812546093,35293
"(0.9750481776288228, 0.9958292603453894)",1,99.16797480850228,35294
"(0.8425483191745751, 1.0)",1,99.16796333508836,35295
"(0.7119388248146047, 1.0)",5,99.16787276170771,35300
"(0.9750854369118126, 1.0)",2,99.16787252258987,35302
"(1.0, 1.0)",1,99.16782009944548,35303
"(0.9958292603453894, 0.9958292603453894)",1,99.1678039002928,35304
"(0.7278086237149632, 1.0)",1,99.16779943571082,35305
"(0.893146638589877, 1.0)",1,99.16771069494982,35306
"(0.9749706744868036, 0.9958292603453894)",1,99.16768798100236,35307
"(0.617513611615245, 1.0)",1,99.16766616021776,35308
"(0.9009287520039462, 1.0)",2,99.16765684634504,35310
"(0.7416325017951034, 1.0)",2,99.16765333326114,35312
"(0.9833229101521784, 1.0)",1,99.16757496337186,35313
"(0.7198480531813864, 1.0)",1,99.16752245260778,35314
"(1.0, 1.0)",1,99.16751843550112,35315
"(1.0, 1.0)",1,99.16751624367812,35316
"(0.4747763864042934, 1.0)",1,99.16749687633995,35317
"(0.9873891625615764, 0.9958292603453894)",1,99.1674777135944,35318
"(0.8928598364786969, 0.9958292603453894)",1,99.16744954934325,35319
"(0.7946380416968652, 0.9958292603453894)",1,99.16743802058842,35320
"(0.9333044546043194, 0.9958292603453894)",1,99.16743222085243,35321
"(0.978932178932179, 0.9958292603453894)",1,99.1673600543926,35322
"(0.9034438470728792, 0.9958292603453894)",1,99.16735824011288,35323
"(0.9332172991312776, 0.9958292603453894)",1,99.16730985842028,35324
"(0.8247905643738976, 1.0)",1,99.16730776927268,35325
"(0.9583930063253372, 1.0)",1,99.1672843257127,35326
"(0.9916625936787228, 0.9958292603453894)",1,99.16728405855564,35327
"(0.7503607503607503, 1.0)",2,99.16726031662492,35329
"(0.9707136080238548, 0.9958292603453894)",1,99.16715410703748,35330
"(0.898989898989899, 1.0)",1,99.1670806606097,35331
"(0.917655049465296, 0.9958292603453894)",1,99.16706957281087,35332
"(0.6698155645524068, 1.0)",1,99.16703449725227,35333
"(0.9182966261114094, 0.9958292603453894)",1,99.16703257166849,35334
"(0.7687400318979267, 1.0)",1,99.16702003315643,35335
"(0.9751539794803552, 0.9958292603453894)",1,99.16699281189548,35336
"(0.8586166985951469, 1.0)",1,99.16691321307724,35337
"(0.9792521035784794, 0.9958292603453894)",1,99.16688845593818,35338
"(0.8651903651903651, 1.0)",1,99.16685826338176,35339
"(0.808446455505279, 1.0)",1,99.1668571222306,35340
"(0.7574146783449108, 1.0)",1,99.16684366979698,35341
"(0.9832965806068272, 0.9958292603453894)",1,99.16679098584063,35342
"(0.8016677935542034, 1.0)",1,99.16674715863356,35343
"(0.6042502004811546, 1.0)",1,99.1667106290454,35344
"(0.799275702501509, 1.0)",1,99.16669512254356,35345
"(0.9333333333333332, 1.0)",1,99.16667516965694,35346
"(0.9916585206907788, 0.9958292603453894)",1,99.16662514107333,35347
"(0.617513611615245, 1.0)",1,99.16656559300444,35348
"(0.9833211143695014, 0.9958292603453894)",1,99.16656478670824,35349
"(0.5131569832583307, 1.0)",1,99.16641455988844,35350
"(0.902012682657844, 0.9958292603453894)",1,99.16638479303636,35351
"(0.9516794286955578, 0.9958292603453894)",1,99.16631640516589,35352
"(0.7835695636831266, 0.9958292603453894)",1,99.166265441183,35353
"(0.8222222222222222, 1.0)",1,99.16625233811894,35354
"(0.8158879904162925, 1.0)",2,99.16621810099076,35356
"(0.8300265307680562, 1.0)",1,99.16618887131474,35357
"(0.8653198653198653, 1.0)",4,99.16602752983538,35361
"(0.8112275321577646, 1.0)",1,99.16593577248752,35362
"(0.9161952650324744, 1.0)",1,99.1659325196478,35363
"(0.916687675070028, 0.9958292603453894)",1,99.16593122162274,35364
"(0.9198255060602112, 0.9958292603453894)",1,99.1658979146206,35365
"(0.9501563219469168, 0.9958292603453894)",1,99.1657784714788,35366
"(0.8976982097186702, 1.0)",1,99.1657742584471,35367
"(0.8796475392220073, 1.0)",1,99.16575014922206,35368
"(0.9161952650324744, 1.0)",1,99.16574675476367,35369
"(0.9126251340467026, 0.9958292603453894)",1,99.16573664012958,35370
"(0.9501563219469168, 0.9958292603453894)",1,99.16569478336912,35371
"(0.8495378883833893, 0.9958292603453894)",1,99.16555555414338,35372
"(0.7030539311241066, 1.0)",1,99.1655280020064,35373
"(0.6575398846941737, 1.0)",1,99.16538985911193,35374
"(0.9516794286955578, 0.9958292603453894)",2,99.16538675293648,35376
"(0.9748850895736324, 0.9958292603453894)",1,99.16537832062252,35377
"(0.9384174012481092, 0.9958292603453894)",1,99.16535309015028,35378
"(0.5070372093557577, 1.0)",1,99.1653000542552,35379
"(0.8420013166556946, 1.0)",1,99.1652619758466,35380
"(0.9161952650324744, 1.0)",1,99.16524550163084,35381
"(0.9008627640703112, 1.0)",1,99.16522571846504,35382
"(0.5910680656443368, 1.0)",1,99.1651838146712,35383
"(0.8065954953750508, 1.0)",1,99.16517797691743,35384
"(0.9958292603453894, 1.0)",1,99.16517686332772,35385
"(0.8341307814992026, 1.0)",1,99.16507986069855,35386
"(0.9747273037595618, 0.9958292603453894)",1,99.1650437244932,35387
"(0.9658159033159032, 0.9958292603453894)",1,99.1650266920294,35388
"(0.9206165335472736, 0.9958292603453894)",1,99.16499442454231,35389
"(0.917415489944373, 1.0)",2,99.16492346145748,35391
"(0.9832401090007582, 0.9958292603453894)",1,99.16481669420163,35392
"(0.9835547122074636, 0.9958292603453894)",1,99.16474500749776,35393
"(0.9161952650324744, 1.0)",1,99.16472045258205,35394
"(0.8613656783468103, 1.0)",1,99.16468380168142,35395
"(0.949977467563772, 0.9958292603453894)",1,99.16468330572788,35396
"(0.8374727668845315, 1.0)",1,99.16465300597838,35397
"(0.799275702501509, 1.0)",1,99.16462045156038,35398
"(0.7552298585410389, 1.0)",1,99.1646068171116,35399
"(0.9833229101521784, 1.0)",1,99.16458392555954,35400
"(0.7069597069597069, 1.0)",2,99.16455887401142,35402
"(0.8468951683237397, 1.0)",1,99.164512695569,35403
"(0.9161952650324744, 1.0)",4,99.1644769704496,35407
"(0.8374727668845315, 1.0)",1,99.16445755672544,35408
"(0.9832401090007582, 0.9958292603453894)",1,99.16441328125282,35409
"(0.9792766373411534, 0.9958292603453894)",1,99.1643658640714,35410
"(0.757745166550198, 1.0)",2,99.16434445641418,35412
"(0.7965746171391332, 1.0)",1,99.16428528924573,35413
"(0.9161952650324744, 1.0)",1,99.164282641609,35414
"(0.757745166550198, 1.0)",1,99.16425491155758,35415
"(0.7164894725870335, 1.0)",1,99.164122522274,35416
"(0.7514159241564776, 1.0)",1,99.16410875496848,35417
"(0.8796475392220073, 1.0)",1,99.16401578516864,35418
"(0.8732774170274171, 1.0)",1,99.1640146584056,35419
"(0.9833211143695014, 0.9958292603453894)",1,99.16388168128786,35420
"(0.9200043551329178, 0.9958292603453894)",1,99.16377909050448,35421
"(0.901575014782562, 1.0)",1,99.16373613864702,35422
"(0.6767580302172832, 1.0)",1,99.16372383627876,35423
"(0.837707400507675, 1.0)",1,99.16372338609813,35424
"(0.9669558693467613, 0.9958292603453894)",1,99.16370847780992,35425
"(0.8814814814814814, 1.0)",1,99.16369732245604,35426
"(0.9665831244778612, 1.0)",1,99.16365478085184,35427
"(0.9300671002153482, 1.0)",1,99.16365424875488,35428
"(0.9009287520039462, 1.0)",1,99.16363937213607,35429
"(0.9250222656674272, 0.9958292603453894)",1,99.1635000397079,35430
"(0.8432903075760217, 1.0)",1,99.16349009586096,35431
"(0.9003556829643787, 1.0)",1,99.1634666450428,35432
"(0.93773047895128, 0.9958292603453894)",1,99.16345306355558,35433
"(0.8420013166556946, 1.0)",1,99.1634285469314,35434
"(0.7574146783449108, 1.0)",1,99.16334486365298,35435
"(0.8016677935542034, 1.0)",3,99.16333810285133,35438
"(0.6830409356725146, 1.0)",1,99.1633157283136,35439
"(0.9958292603453894, 0.9958292603453894)",1,99.16327093434576,35440
"(0.8997493734335841, 1.0)",1,99.16323650381472,35441
"(0.9189396095602992, 0.9958292603453894)",1,99.16320241414525,35442
"(0.917469251615593, 1.0)",1,99.1631523484404,35443
"(0.9835199925522506, 0.9958292603453894)",1,99.16303669695372,35444
"(0.9622634791942192, 0.9958292603453894)",1,99.16292314904332,35445
"(0.6698155645524068, 1.0)",1,99.16291759759469,35446
"(0.893146638589877, 1.0)",1,99.16280243080598,35447
"(0.9874747474747476, 0.9958292603453894)",1,99.16274439579796,35448
"(0.944563492063492, 1.0)",1,99.16273807110764,35449
"(0.8016677935542034, 1.0)",1,99.1626642760808,35450
"(0.9876066164491212, 0.9958292603453894)",1,99.16265956592184,35451
"(0.9704226680823772, 0.9958292603453894)",1,99.16259956497572,35452
"(0.757745166550198, 1.0)",1,99.1625101892436,35453
"(0.8065954953750508, 1.0)",1,99.1624331591402,35454
"(0.8813080639167598, 1.0)",1,99.16236973913942,35455
"(0.9874762808349148, 0.9958292603453894)",1,99.16226329551311,35456
"(0.8976982097186702, 1.0)",4,99.16225658519866,35460
"(0.776488287126585, 1.0)",1,99.162252074374,35461
"(0.9628507148300384, 0.9958292603453894)",1,99.16220175553948,35462
"(1.0, 0.9958292603453894)",1,99.16216048813422,35463
"(0.9437903841498612, 1.0)",1,99.16212785897,35464
"(0.8613656783468103, 1.0)",1,99.16209088440338,35465
"(0.8552744708994707, 1.0)",2,99.16185719080178,35467
"(0.902012682657844, 0.9958292603453894)",1,99.16176457740823,35468
"(0.975195619792394, 0.9958292603453894)",1,99.1617394843689,35469
"(0.81893131227901, 1.0)",1,99.16170026245736,35470
"(0.9916585206907788, 0.9958292603453894)",1,99.1615923186408,35471
"(0.9437903841498612, 1.0)",1,99.16157337276618,35472
"(0.8717520170461346, 0.9958292603453894)",1,99.1615465284898,35473
"(0.962505246140658, 0.9958292603453894)",1,99.16145270837202,35474
"(0.8928598364786969, 0.9958292603453894)",1,99.16144876754076,35475
"(0.9497171590194846, 1.0)",1,99.16136715312632,35476
"(0.8907966222338917, 0.9958292603453894)",1,99.16136678022076,35477
"(0.9299507899507898, 1.0)",1,99.16130382899252,35478
"(1.0, 1.0)",1,99.16128746792076,35479
"(0.7965746171391332, 1.0)",2,99.16127713879656,35481
"(0.9279680209218476, 0.9958292603453894)",1,99.16112857185487,35482
"(1.0, 1.0)",2,99.16110274278168,35484
"(1.0, 1.0)",3,99.16106659129588,35487
"(0.7083333333333334, 1.0)",1,99.16103784227889,35488
"(0.9437903841498612, 1.0)",1,99.16097870824068,35489
"(0.6825396825396824, 1.0)",1,99.16092942920343,35490
"(0.9829909379735984, 0.9958292603453894)",1,99.16089629012504,35491
"(0.861111111111111, 1.0)",1,99.16088497472242,35492
"(0.8349489264123411, 1.0)",2,99.16087872511171,35494
"(0.9009534009534008, 1.0)",1,99.16081835429183,35495
"(0.6747507742934573, 1.0)",2,99.16079693805368,35497
"(0.8600291387756281, 0.9958292603453894)",1,99.1607743340069,35498
"(0.9833229101521784, 1.0)",1,99.16074825760164,35499
"(0.8976982097186702, 0.9833229101521784)",2,99.16068057129996,35501
"(0.9958292603453894, 0.9958292603453894)",1,99.1606478905047,35502
"(0.9303715638302106, 1.0)",1,99.16062068941122,35503
"(0.5910680656443368, 1.0)",1,99.16061996471568,35504
"(0.738145558145558, 1.0)",1,99.16059473683936,35505
"(0.7193191685235748, 1.0)",1,99.16038293800123,35506
"(0.882673371045464, 1.0)",1,99.16034563492538,35507
"(1.0, 0.9958292603453894)",1,99.1603327738197,35508
"(0.9792766373411534, 0.9958292603453894)",1,99.16032085429754,35509
"(0.8247905643738976, 1.0)",1,99.16030995424386,35510
"(0.746304385688563, 1.0)",1,99.16029117536849,35511
"(0.9622634791942192, 0.9958292603453894)",2,99.16026870557224,35513
"(0.8796475392220073, 1.0)",1,99.16024635909298,35514
"(0.8223603132717912, 0.9958292603453894)",1,99.16019547923166,35515
"(0.944073617452092, 1.0)",1,99.16019524518032,35516
"(0.8247905643738976, 1.0)",1,99.16019290301702,35517
"(0.9916585206907788, 0.9958292603453894)",1,99.16016969703,35518
"(0.746304385688563, 1.0)",1,99.16016927989943,35519
"(0.8929015655249481, 0.9958292603453894)",2,99.1601292363814,35521
"(0.8547756205106323, 1.0)",1,99.16012271999703,35522
"(0.9832925076188832, 0.9958292603453894)",1,99.16012114299625,35523
"(0.9744745723240348, 0.9958292603453894)",1,99.15994828877454,35524
"(0.8399588504703595, 0.9958292603453894)",1,99.15991360794128,35525
"(0.9832965806068272, 0.9958292603453894)",1,99.15990904788023,35526
"(0.861111111111111, 1.0)",1,99.15986514204806,35527
"(0.8372053872053872, 1.0)",1,99.15977619378968,35528
"(0.9791625936787228, 0.9958292603453894)",1,99.15974925904295,35529
"(0.9788980434141724, 0.9958292603453894)",2,99.15973211970696,35531
"(0.799275702501509, 1.0)",1,99.159697943219,35532
"(0.9504245882013664, 0.9958292603453894)",1,99.15959752379396,35533
"(0.917469251615593, 1.0)",1,99.15949386231976,35534
"(0.9442283950617284, 1.0)",1,99.15948420200358,35535
"(0.8468951683237397, 1.0)",1,99.15941373429484,35536
"(0.617513611615245, 1.0)",1,99.1594037595522,35537
"(0.8547756205106323, 1.0)",2,99.15921460161547,35539
"(0.7503607503607503, 1.0)",1,99.15917590547778,35540
"(0.6747507742934573, 1.0)",1,99.1591599456989,35541
"(1.0, 1.0)",1,99.15912625386308,35542
"(0.8796475392220073, 1.0)",1,99.15908852835044,35543
"(0.617513611615245, 1.0)",1,99.15896943798072,35544
"(0.7903875985986362, 1.0)",1,99.15888780851564,35545
"(0.7791819291819292, 1.0)",1,99.1587480666337,35546
"(1.0, 1.0)",1,99.15872646088894,35547
"(0.8997493734335841, 1.0)",1,99.15864349186116,35548
"(0.9279680209218476, 0.9958292603453894)",1,99.15863894327262,35549
"(0.9916585206907788, 0.9958292603453894)",1,99.15851317464788,35550
"(0.8329156223893065, 1.0)",1,99.1584616786715,35551
"(0.9445235834124724, 1.0)",2,99.15845576244683,35553
"(0.9153439153439156, 1.0)",1,99.15833608490416,35554
"(0.7090909090909091, 1.0)",1,99.15832813155856,35555
"(0.9792766373411534, 0.9958292603453894)",1,99.15831496340506,35556
"(0.8929015655249481, 0.9958292603453894)",1,99.15829971613245,35557
"(0.6747507742934573, 1.0)",1,99.158299263804,35558
"(0.8615866942983156, 0.9833229101521784)",1,99.15826853283968,35559
"(0.8365328658269835, 0.9958292603453894)",1,99.15826498502202,35560
"(0.9126251340467026, 0.9958292603453894)",1,99.15825442024436,35561
"(0.8420013166556946, 1.0)",1,99.15823958730944,35562
"(1.0, 1.0)",1,99.1581827674851,35563
"(0.9288423094874708, 0.9958292603453894)",1,99.1581673706234,35564
"(1.0, 1.0)",1,99.15814237562805,35565
"(0.8315474711586087, 0.9958292603453894)",1,99.15807856246674,35566
"(0.826388888888889, 1.0)",1,99.1580674751246,35567
"(0.7090909090909091, 1.0)",2,99.15803471065736,35569
"(0.6698155645524068, 1.0)",1,99.1580310527679,35570
"(0.9583930063253372, 1.0)",1,99.15802755577414,35571
"(0.9169719169719168, 1.0)",1,99.15800208859058,35572
"(0.7119388248146047, 1.0)",3,99.15798646934836,35575
"(0.9873444118605408, 0.9958292603453894)",1,99.15798411301007,35576
"(0.8420013166556946, 1.0)",1,99.15794768664573,35577
"(0.9331662489557224, 1.0)",1,99.15789294537052,35578
"(0.7119388248146047, 1.0)",2,99.15786489495773,35580
"(0.5555555555555555, 1.0)",1,99.15785024134728,35581
"(0.9749088814411396, 1.0)",1,99.15784969938376,35582
"(0.9916585206907788, 0.9958292603453894)",1,99.15783440759452,35583
"(0.8976982097186702, 1.0)",1,99.15780668426429,35584
"(0.887309073841332, 0.9958292603453894)",1,99.1577746268562,35585
"(0.9835199925522506, 0.9958292603453894)",1,99.15776674398576,35586
"(0.9835199925522506, 0.9958292603453894)",1,99.15775728840843,35587
"(0.8976982097186702, 1.0)",3,99.15770183565046,35590
"(0.9916585206907788, 0.9958292603453894)",1,99.15764988926892,35591
"(0.9748524098350704, 0.9958292603453894)",1,99.15764924367286,35592
"(0.8420013166556946, 1.0)",1,99.15764614211164,35593
"(0.7734344933751168, 1.0)",1,99.1576211231067,35594
"(0.8222222222222222, 1.0)",1,99.15761827481327,35595
"(0.5131569832583307, 1.0)",2,99.15761694357536,35597
"(0.7075023741690408, 1.0)",1,99.1576124810475,35598
"(0.6042502004811546, 1.0)",1,99.15758047187822,35599
"(0.975195619792394, 0.9958292603453894)",1,99.15750639701838,35600
"(0.8633762288330498, 1.0)",1,99.15750371054672,35601
"(0.97934925289764, 0.9958292603453894)",2,99.15748347840083,35603
"(0.757745166550198, 1.0)",1,99.1574603691546,35604
"(0.9746535316523212, 0.9958292603453894)",1,99.15738140210075,35605
"(0.799275702501509, 1.0)",1,99.15733289624455,35606
"(0.9153439153439152, 1.0)",1,99.15731643291906,35607
"(0.861111111111111, 1.0)",1,99.15731223324934,35608
"(0.7372334455667788, 1.0)",1,99.1572951125292,35609
"(0.5070372093557577, 1.0)",1,99.15726375275555,35610
"(0.7090909090909091, 1.0)",1,99.15725644973637,35611
"(0.9916585206907788, 0.9958292603453894)",1,99.15715930583616,35612
"(0.808446455505279, 1.0)",1,99.15714735216882,35613
"(0.9707136080238548, 0.9958292603453894)",1,99.15714105054344,35614
"(0.8695210904700781, 0.9958292603453894)",1,99.1571328392384,35615
"(0.8800398919491478, 0.9958292603453894)",1,99.15711600956288,35616
"(0.9833229101521784, 1.0)",1,99.15703902725924,35617
"(0.9008627640703112, 1.0)",1,99.15701645293612,35618
"(0.9003556829643787, 1.0)",1,99.15700445624871,35619
"(0.8721949816243755, 0.9958292603453894)",1,99.15699141699272,35620
"(0.8374727668845315, 1.0)",1,99.15687758925698,35621
"(0.9750780096985032, 0.9958292603453894)",1,99.15687705567036,35622
"(0.9369138996969484, 0.9958292603453894)",1,99.15673276552776,35623
"(0.8653198653198653, 1.0)",1,99.15671505241468,35624
"(0.9833229101521784, 1.0)",1,99.15670260311668,35625
"(0.8040695048423352, 1.0)",1,99.15668855509922,35626
"(0.6544644252235129, 1.0)",1,99.1566710190146,35627
"(0.8420013166556946, 1.0)",1,99.1566452876271,35628
"(0.6886904761904762, 1.0)",1,99.15659214275642,35629
"(0.8065954953750508, 1.0)",2,99.15654182272324,35631
"(0.9616410906733488, 0.9958292603453894)",1,99.15651258571292,35632
"(0.7675138481590094, 1.0)",1,99.15641623586792,35633
"(0.808446455505279, 1.0)",1,99.15630630529807,35634
"(0.9835199925522506, 0.9958292603453894)",1,99.1562762217728,35635
"(0.837707400507675, 1.0)",1,99.15623872310512,35636
"(0.6544644252235129, 1.0)",1,99.15615287213284,35637
"(0.9326599326599326, 1.0)",1,99.15615097298397,35638
"(0.8561710500899374, 0.9958292603453894)",1,99.15611042769382,35639
"(0.8229870141950848, 1.0)",1,99.15605616467126,35640
"(0.8845578466141503, 1.0)",1,99.15601285953258,35641
"(0.958227107069612, 0.9958292603453894)",1,99.15595419812996,35642
"(0.987491854024112, 0.9958292603453894)",1,99.15571677279549,35643
"(0.7675138481590094, 1.0)",1,99.15563334955432,35644
"(0.8300265307680562, 1.0)",1,99.15553428794097,35645
"(0.9916585206907788, 0.9958292603453894)",1,99.15550375452382,35646
"(0.9280459216361852, 0.9958292603453894)",1,99.1554771615898,35647
"(0.8312205288949474, 1.0)",1,99.15546437014476,35648
"(0.979051756240299, 0.9958292603453894)",1,99.15544372330304,35649
"(0.6825396825396824, 1.0)",1,99.15538704593412,35650
"(1.0, 1.0)",1,99.15537673399216,35651
"(0.8300265307680562, 1.0)",1,99.15518831062596,35652
"(0.9445235834124724, 1.0)",1,99.15511706752127,35653
"(0.8222222222222222, 1.0)",1,99.15504302450796,35654
"(0.978932178932179, 0.9958292603453894)",1,99.1550103055449,35655
"(0.868077055383557, 1.0)",1,99.15498903026528,35656
"(0.7372334455667788, 1.0)",2,99.15498637883664,35658
"(1.0, 1.0)",1,99.15493331953108,35659
"(0.6698155645524068, 1.0)",1,99.15493036008698,35660
"(0.9295946890286512, 1.0)",2,99.15486512340377,35662
"(0.9720813204508856, 1.0)",1,99.15479245949984,35663
"(0.7416325017951034, 1.0)",1,99.154761311098,35664
"(0.6575398846941737, 1.0)",1,99.15473804278191,35665
"(0.9504245882013664, 0.9958292603453894)",1,99.15471836293464,35666
"(0.7713401051412279, 1.0)",1,99.1546281854174,35667
"(0.9497171590194846, 1.0)",1,99.1546204068741,35668
"(0.861111111111111, 1.0)",1,99.15461713864192,35669
"(0.97495917428555, 0.9958292603453894)",1,99.154593886672,35670
"(0.8365328658269835, 0.9958292603453894)",1,99.15454138773462,35671
"(0.8294970161977834, 1.0)",1,99.1544975501415,35672
"(0.9369138996969484, 0.9958292603453894)",1,99.15449334126272,35673
"(0.816195709052852, 1.0)",1,99.15447722325608,35674
"(0.9835199925522506, 0.9958292603453894)",1,99.15443377422862,35675
"(0.8158879904162925, 1.0)",1,99.15431148255448,35676
"(0.9161379295307868, 1.0)",2,99.15423336683337,35678
"(0.9833229101521784, 1.0)",1,99.15407808090735,35679
"(0.7340930674264006, 1.0)",4,99.153992653005,35683
"(0.8222222222222222, 1.0)",1,99.15394740760594,35684
"(0.8929015655249481, 0.9958292603453894)",1,99.15389905756936,35685
"(0.9916585206907788, 0.9958292603453894)",2,99.1538723816092,35687
"(0.8347775825943863, 0.9958292603453894)",1,99.1538195369209,35688
"(0.882361916533899, 0.9958292603453894)",1,99.1537800940754,35689
"(0.9158007932517735, 0.986081059422206)",1,99.15374772998628,35690
"(0.9008025849489264, 1.0)",1,99.15369440241072,35691
"(0.9748524098350704, 0.9958292603453894)",1,99.15368448823136,35692
"(0.8222222222222222, 1.0)",1,99.15364527546812,35693
"(0.987463247273494, 0.9958292603453894)",1,99.15355168535277,35694
"(0.9714797495442656, 0.9958292603453894)",1,99.1535319548744,35695
"(0.8471527473990528, 1.0)",1,99.15347138493074,35696
"(0.9332172991312776, 0.9958292603453894)",1,99.15328978868698,35697
"(0.8564088034923205, 0.9958292603453894)",1,99.15325961363702,35698
"(0.617513611615245, 1.0)",1,99.15317773680354,35699
"(0.8600291387756281, 0.9958292603453894)",2,99.15316301337378,35701
"(0.9018806250259218, 1.0)",1,99.15315962935652,35702
"(0.9791299139401608, 1.0)",1,99.15312768336835,35703
"(0.8483418730488175, 0.9958292603453894)",1,99.15312343111935,35704
"(0.6612761389202956, 1.0)",1,99.1531143728969,35705
"(0.9441792447111594, 1.0)",1,99.1530812394232,35706
"(0.7647742788871822, 1.0)",1,99.15306664382491,35707
"(0.8165509259259259, 1.0)",1,99.15305103101367,35708
"(0.9746854694957162, 0.9958292603453894)",1,99.15295901198044,35709
"(0.7965746171391332, 1.0)",1,99.15293658091176,35710
"(0.8310777799491891, 1.0)",1,99.15293600361608,35711
"(0.9442283950617284, 1.0)",1,99.152786928303,35712
"(0.9583930063253372, 1.0)",1,99.1527778083519,35713
"(0.8483418730488175, 0.9958292603453894)",2,99.15274705254676,35715
"(0.8814814814814814, 1.0)",2,99.15274568091836,35717
"(0.8796475392220073, 1.0)",1,99.15266036201598,35718
"(0.93773047895128, 0.9958292603453894)",1,99.15258874994676,35719
"(0.9166145507608924, 1.0)",1,99.15258840669624,35720
"(0.6760835913312693, 1.0)",1,99.15254318845363,35721
"(0.9165164082221422, 1.0)",1,99.15252441492908,35722
"(0.9031692062697052, 1.0)",1,99.15251022047369,35723
"(0.962505246140658, 0.9958292603453894)",1,99.1524886560884,35724
"(0.861111111111111, 1.0)",1,99.15242846919584,35725
"(0.9333333333333332, 1.0)",1,99.15241343294264,35726
"(0.799275702501509, 1.0)",1,99.1523357308736,35727
"(0.8796475392220073, 1.0)",1,99.15229925072344,35728
"(0.7344692811916678, 1.0)",1,99.15221293530472,35729
"(0.6215073982652175, 1.0)",1,99.15219041943458,35730
"(0.7545469576719577, 1.0)",2,99.15212930700736,35732
"(0.9874762808349148, 0.9916666666666668)",1,99.1520763142482,35733
"(0.9747273037595618, 0.9958292603453894)",1,99.15199088654472,35734
"(0.7802197802197803, 1.0)",2,99.15198073956694,35736
"(0.9161952650324744, 1.0)",1,99.15196289036308,35737
"(0.9300671002153482, 1.0)",1,99.15187680729434,35738
"(0.7734344933751168, 1.0)",1,99.15184738173414,35739
"(0.9198255060602112, 0.9958292603453894)",1,99.15183902163696,35740
"(0.9874877810361682, 0.9958292603453894)",2,99.1518282427632,35742
"(0.7946380416968652, 0.9958292603453894)",1,99.15179875468014,35743
"(0.8997493734335841, 1.0)",1,99.15178105909312,35744
"(0.8365328658269835, 0.9958292603453894)",1,99.15176497826276,35745
"(0.8443691323092412, 0.9958292603453894)",1,99.15167471742971,35746
"(0.9280459216361852, 0.9958292603453894)",1,99.15167365914309,35747
"(0.9161952650324744, 1.0)",1,99.15166162944804,35748
"(0.826388888888889, 1.0)",1,99.1516570572251,35749
"(0.8316498316498316, 1.0)",1,99.15157976518137,35750
"(0.7880931329207191, 1.0)",1,99.15148216152156,35751
"(0.7344692811916678, 1.0)",2,99.15146637894688,35753
"(0.9161952650324744, 1.0)",1,99.15140638395935,35754
"(0.9506533178503804, 1.0)",1,99.15140508940762,35755
"(0.9916585206907788, 0.9958292603453894)",1,99.15136588323344,35756
"(0.7916666666666666, 1.0)",1,99.15132481600688,35757
"(0.9833211143695014, 0.9958292603453894)",1,99.15129945060004,35758
"(0.7060994560994561, 1.0)",1,99.1512680637113,35759
"(0.97934925289764, 0.9958292603453894)",1,99.15125411189908,35760
"(0.8976982097186702, 1.0)",1,99.15113995331774,35761
"(0.9161952650324744, 1.0)",1,99.1511233498322,35762
"(0.978932178932179, 0.9958292603453894)",1,99.15109952856096,35763
"(0.9198255060602112, 0.9958292603453894)",1,99.15107870244536,35764
"(0.6664472240509107, 1.0)",1,99.15100551568771,35765
"(0.902764590611026, 0.9958292603453894)",1,99.15098594591174,35766
"(0.97495917428555, 0.9958292603453894)",1,99.15095596418584,35767
"(0.9791258409522168, 0.9958292603453894)",1,99.1509447734915,35768
"(1.0, 1.0)",1,99.1509139835641,35769
"(0.983545503234046, 0.9958292603453894)",1,99.1508808879139,35770
"(0.8128971639097002, 1.0)",1,99.15087757767417,35771
"(0.617513611615245, 1.0)",1,99.15083810444273,35772
"(0.9501563219469168, 0.9958292603453894)",1,99.1508062648064,35773
"(0.7340930674264006, 1.0)",1,99.15075973409309,35774
"(0.8341307814992026, 1.0)",1,99.15075724446709,35775
"(0.8151249335459861, 1.0)",1,99.1507422266375,35776
"(0.8420013166556946, 1.0)",1,99.15065165847544,35777
"(0.8600291387756281, 0.9958292603453894)",2,99.15056825338335,35779
"(0.8425483191745751, 1.0)",1,99.15049394090843,35780
"(0.8494098216335122, 0.9958292603453894)",1,99.15039629886444,35781
"(0.9034438470728792, 0.9958292603453894)",1,99.15019556100177,35782
"(0.9833040078201368, 0.9958292603453894)",1,99.15016004635557,35783
"(0.978932178932179, 0.9958292603453894)",2,99.15012083376423,35785
"(0.9295946890286512, 1.0)",1,99.15010201709762,35786
"(0.987463247273494, 0.9958292603453894)",1,99.15008080492264,35787
"(0.9832965806068272, 0.9958292603453894)",2,99.15007572454611,35789
"(0.9583930063253372, 1.0)",1,99.149995879017,35790
"(0.6831352928913905, 1.0)",1,99.1499713685325,35791
"(0.9384174012481092, 0.9958292603453894)",1,99.14989063555493,35792
"(0.9580331374974232, 1.0)",1,99.14988334479762,35793
"(0.8165509259259259, 1.0)",1,99.14986618127564,35794
"(0.930704099821747, 1.0)",1,99.14982430434712,35795
"(0.9833211143695014, 0.9958292603453894)",1,99.1498136562422,35796
"(0.917415489944373, 1.0)",1,99.14969374589496,35797
"(0.6911324786324786, 1.0)",1,99.1496220918125,35798
"(0.6825396825396824, 1.0)",2,99.14956191291236,35800
"(0.7711781618000022, 1.0)",1,99.1495078860854,35801
"(0.9916585206907788, 0.9958292603453894)",1,99.1493739102662,35802
"(0.7802197802197803, 1.0)",1,99.14936254940076,35803
"(0.9166145507608924, 1.0)",2,99.14934333989396,35805
"(0.933096859926128, 1.0)",1,99.14931212920968,35806
"(0.9835199925522506, 0.9958292603453894)",2,99.14926148691173,35808
"(0.930124456440246, 1.0)",1,99.14925452517072,35809
"(0.8471527473990528, 1.0)",2,99.1492522710005,35811
"(0.9161952650324744, 1.0)",1,99.14922249897523,35812
"(0.9750481776288228, 0.9958292603453894)",1,99.14917026715824,35813
"(0.9435817855979146, 0.9958292603453894)",1,99.14915035606708,35814
"(0.8732774170274171, 1.0)",1,99.14914847214692,35815
"(0.8065067548938516, 1.0)",1,99.1491101225702,35816
"(0.9958292603453894, 1.0)",1,99.14907185022189,35817
"(0.9297812306740878, 1.0)",1,99.14906871625084,35818
"(0.9750780096985032, 0.9958292603453894)",1,99.14898611462314,35819
"(0.916104916104916, 1.0)",1,99.14896920628624,35820
"(0.9720813204508856, 1.0)",1,99.14894347060316,35821
"(0.9669558693467613, 0.9958292603453894)",1,99.14886940852143,35822
"(0.7372334455667788, 1.0)",1,99.14879061344398,35823
"(0.9791348015256934, 0.9958292603453894)",1,99.14877392939891,35824
"(0.987491854024112, 0.9958292603453894)",1,99.14875897266325,35825
"(0.6378166586499919, 1.0)",1,99.14873327351896,35826
"(0.9497171590194846, 1.0)",1,99.14857758183352,35827
"(0.5910680656443368, 1.0)",2,99.14857130439232,35829
"(1.0, 1.0)",1,99.14855101460874,35830
"(0.9707136080238548, 0.9958292603453894)",1,99.14849686345728,35831
"(0.9132521225544482, 1.0)",1,99.14844145263038,35832
"(0.882673371045464, 0.9833229101521784)",1,99.14838528508416,35833
"(0.9166145507608924, 1.0)",1,99.14837985112936,35834
"(0.8420013166556946, 1.0)",1,99.14836545060604,35835
"(0.9958292603453894, 1.0)",1,99.14835053553368,35836
"(0.987491854024112, 0.9958292603453894)",1,99.14814326808292,35837
"(0.944563492063492, 1.0)",1,99.14802374072087,35838
"(0.979051756240299, 0.9958292603453894)",1,99.1479693116749,35839
"(0.8760238095238095, 0.9958292603453894)",2,99.147924350082,35841
"(0.81893131227901, 1.0)",1,99.14788650255775,35842
"(0.9161952650324744, 1.0)",1,99.14785820488478,35843
"(0.7786375661375661, 1.0)",1,99.1477141946168,35844
"(0.9419962019593964, 0.9958292603453894)",1,99.1475849156006,35845
"(0.9493072891175358, 0.9958292603453894)",1,99.14754144108572,35846
"(0.812557599070401, 1.0)",1,99.1474858199694,35847
"(0.9609386607489072, 0.9958292603453894)",2,99.14739591630035,35849
"(0.9189396095602992, 0.9958292603453894)",1,99.14735417631714,35850
"(0.8840455840455841, 1.0)",1,99.14728602828733,35851
"(0.8736897274633123, 1.0)",1,99.14722665410488,35852
"(0.8443691323092412, 0.9958292603453894)",1,99.14716191807013,35853
"(0.7362637362637362, 1.0)",1,99.14709882531876,35854
"(1.0, 1.0)",1,99.14708322086028,35855
"(0.8887202421952387, 1.0)",1,99.14706905177025,35856
"(0.9874877810361682, 0.9958292603453894)",1,99.14697670305742,35857
"(0.9582389563841176, 1.0)",1,99.14697460587809,35858
"(0.7479743867590829, 1.0)",1,99.14687729738785,35859
"(0.9454999712494968, 0.9958292603453894)",1,99.14685983997852,35860
"(0.816195709052852, 1.0)",1,99.14684392771908,35861
"(1.0, 1.0)",1,99.14676746500278,35862
"(0.9300671002153482, 1.0)",1,99.14676607918408,35863
"(0.8329156223893065, 1.0)",2,99.14675983488117,35865
"(0.8137865219658889, 1.0)",1,99.14663569184523,35866
"(1.0, 1.0)",1,99.1466236211999,35867
"(0.7277677677677677, 1.0)",1,99.14645375739276,35868
"(0.9833229101521784, 1.0)",1,99.14644406212308,35869
"(0.9279680209218476, 0.9958292603453894)",1,99.14644271689026,35870
"(0.965648083497546, 0.9958292603453894)",1,99.14643945192024,35871
"(0.9873891625615764, 0.9958292603453894)",1,99.1463801112872,35872
"(0.826388888888889, 1.0)",1,99.14636102671392,35873
"(0.8600291387756281, 0.9958292603453894)",1,99.14623894971405,35874
"(0.9750780096985032, 0.9958292603453894)",1,99.1462042306665,35875
"(0.9916585206907788, 0.9958292603453894)",1,99.14620075441071,35876
"(0.8997493734335841, 1.0)",1,99.14615634400008,35877
"(0.7965746171391332, 1.0)",1,99.1461139782765,35878
"(0.7362637362637362, 1.0)",1,99.1461023744258,35879
"(0.9665831244778612, 1.0)",1,99.14602869580985,35880
"(0.8566900022492128, 1.0)",1,99.14602107725476,35881
"(0.4747763864042934, 1.0)",1,99.14600447125072,35882
"(0.6830409356725146, 1.0)",1,99.14596872338656,35883
"(0.9665831244778612, 1.0)",1,99.14596313144408,35884
"(0.861111111111111, 1.0)",1,99.14592938522222,35885
"(0.7786375661375661, 1.0)",1,99.14592248229609,35886
"(0.97934925289764, 0.9958292603453894)",1,99.14592056876032,35887
"(0.9326599326599326, 1.0)",1,99.14591340097748,35888
"(0.7880931329207191, 1.0)",1,99.14588788329812,35889
"(0.757745166550198, 1.0)",1,99.14584699303455,35890
"(0.6042502004811546, 1.0)",1,99.14584102158284,35891
"(0.9832965806068272, 0.9958292603453894)",1,99.14583440744352,35892
"(0.9791332681655264, 0.9958292603453894)",1,99.1457451562417,35893
"(0.9833211143695014, 0.9958292603453894)",1,99.14561654294852,35894
"(0.7000013129045387, 1.0)",3,99.14542254729304,35897
"(0.8976982097186702, 1.0)",1,99.1454140924432,35898
"(0.8586166985951469, 1.0)",1,99.14539373182546,35899
"(0.8885714285714285, 1.0)",1,99.14536858111104,35900
"(0.9916585206907788, 0.9958292603453894)",1,99.14531610181294,35901
"(0.930124456440246, 1.0)",1,99.14531568882612,35902
"(0.8420013166556946, 1.0)",1,99.14529585306404,35903
"(0.7946380416968652, 0.9958292603453894)",1,99.14525361437695,35904
"(0.9750854369118126, 0.9958292603453894)",1,99.1451526734002,35905
"(0.9445235834124724, 1.0)",1,99.1450771623668,35906
"(0.861111111111111, 1.0)",1,99.14503624359696,35907
"(0.6733821733821733, 1.0)",1,99.1450131196675,35908
"(0.9829909379735984, 0.9958292603453894)",1,99.144991963994,35909
"(0.9584987529902784, 1.0)",1,99.1449379668717,35910
"(0.9790755481078062, 0.9958292603453894)",1,99.14492011777712,35911
"(0.9437903841498612, 1.0)",1,99.14487364398688,35912
"(0.9332172991312776, 0.9958292603453894)",1,99.14477267655948,35913
"(0.8586166985951469, 1.0)",1,99.14471711853444,35914
"(0.8137566137566138, 1.0)",1,99.14458754427748,35915
"(0.9198255060602112, 0.9958292603453894)",1,99.14449028096242,35916
"(0.4860837462761431, 1.0)",1,99.1444077353401,35917
"(0.8958208965097509, 0.9958292603453894)",1,99.1443641751746,35918
"(0.9873444118605408, 0.9958292603453894)",1,99.14435945671372,35919
"(0.9746535316523212, 0.9958292603453894)",1,99.14435266282052,35920
"(0.826388888888889, 1.0)",1,99.1443267152042,35921
"(0.9833040078201368, 0.9958292603453894)",1,99.14430802525446,35922
"(0.8976982097186702, 1.0)",1,99.14416342986252,35923
"(0.8329050741331443, 1.0)",1,99.14413246187443,35924
"(0.9131856219190184, 0.9958292603453894)",1,99.14412269862127,35925
"(0.9250222656674272, 0.9958292603453894)",1,99.1440661841484,35926
"(0.9833040078201368, 0.9958292603453894)",1,99.14406468839611,35927
"(0.944073617452092, 1.0)",1,99.14406041474244,35928
"(0.9280317595086728, 0.9958292603453894)",1,99.14393626558622,35929
"(0.9166145507608924, 1.0)",1,99.14377019389408,35930
"(0.4039045743444857, 1.0)",1,99.14371727489204,35931
"(0.9916625936787228, 0.9958292603453894)",1,99.14371515158211,35932
"(0.6042502004811546, 1.0)",1,99.14369639740312,35933
"(0.9832401090007582, 0.9958292603453894)",2,99.14367649946456,35935
"(0.6521663785997688, 1.0)",1,99.14362623085336,35936
"(0.8845578466141503, 1.0)",1,99.14360298981936,35937
"(0.7802197802197803, 1.0)",1,99.14351867303812,35938
"(0.7601164382773579, 1.0)",1,99.14342635646103,35939
"(0.9622634791942192, 0.9958292603453894)",1,99.14335957175052,35940
"(0.8796475392220073, 1.0)",1,99.14332913582147,35941
"(0.8468951683237397, 1.0)",1,99.14330737996434,35942
"(0.9333333333333332, 1.0)",1,99.1432842780834,35943
"(0.6886904761904762, 1.0)",1,99.14327350656052,35944
"(0.7294281157362763, 1.0)",1,99.14322811428204,35945
"(0.8547756205106323, 1.0)",1,99.14318672671972,35946
"(0.9437903841498612, 1.0)",1,99.14313056877992,35947
"(0.8420013166556946, 1.0)",1,99.1431120429649,35948
"(0.9649790647893116, 0.9958292603453894)",1,99.14308564639344,35949
"(0.6636745887678723, 1.0)",1,99.14307030512032,35950
"(0.4747763864042934, 1.0)",1,99.14302234284906,35951
"(0.8420013166556946, 1.0)",1,99.1429771189448,35952
"(0.9833229101521784, 1.0)",1,99.14280360845466,35953
"(0.9131856219190184, 0.9958292603453894)",1,99.14274653231736,35954
"(0.8229870141950848, 1.0)",1,99.1427295669689,35955
"(0.9153439153439156, 1.0)",2,99.14268110443696,35957
"(0.9792766373411534, 0.9958292603453894)",1,99.14268020066396,35958
"(0.8796475392220073, 1.0)",1,99.14266542034724,35959
"(0.8832603710652491, 1.0)",1,99.14264380965923,35960
"(0.9833229101521784, 1.0)",1,99.1426071003048,35961
"(0.7416325017951034, 1.0)",1,99.14258390504747,35962
"(0.8425483191745751, 1.0)",1,99.14249158409424,35963
"(0.5910680656443368, 1.0)",1,99.1424380959528,35964
"(0.8760238095238095, 0.9958292603453894)",1,99.14240287571144,35965
"(0.9437903841498612, 1.0)",1,99.14236113081512,35966
"(0.6575398846941737, 1.0)",1,99.14235301796296,35967
"(0.9958292603453894, 0.9958292603453894)",1,99.14229082539148,35968
"(0.786508365740383, 1.0)",1,99.1422455806608,35969
"(0.7164894725870335, 1.0)",1,99.14216550441564,35970
"(0.8796475392220073, 1.0)",1,99.1421497068699,35971
"(0.9958292603453894, 0.9958292603453894)",1,99.14214591619331,35972
"(0.8732774170274171, 1.0)",1,99.14210491154452,35973
"(0.8845578466141503, 1.0)",1,99.14204226583789,35974
"(0.8151249335459861, 1.0)",1,99.142039812145,35975
"(0.9658159033159032, 0.9958292603453894)",1,99.14203899838,35976
"(0.7713401051412279, 1.0)",1,99.14191118825188,35977
"(0.8796475392220073, 1.0)",1,99.14186772963106,35978
"(0.8420013166556946, 1.0)",1,99.14184770270973,35979
"(1.0, 1.0)",1,99.1418446009068,35980
"(0.9958292603453894, 0.9958292603453894)",1,99.14170271620958,35981
"(0.975195619792394, 0.9958292603453894)",1,99.141652157621,35982
"(0.617513611615245, 1.0)",1,99.14162174643124,35983
"(0.8247905643738976, 1.0)",1,99.14156650203776,35984
"(0.6042502004811546, 1.0)",1,99.14150842259497,35985
"(0.958319976073035, 0.9958292603453894)",1,99.1414789855815,35986
"(0.9454999712494968, 0.9958292603453894)",1,99.1414586287543,35987
"(0.9031692062697052, 1.0)",1,99.14144288860244,35988
"(0.6540728266539656, 1.0)",1,99.14141181558637,35989
"(1.0, 1.0)",1,99.1413684827806,35990
"(0.8165520116739629, 1.0)",1,99.14136777573528,35991
"(0.9369808292429718, 0.9958292603453894)",1,99.14129238698966,35992
"(0.8372053872053872, 1.0)",1,99.14121533049088,35993
"(0.837707400507675, 1.0)",2,99.14119946399974,35995
"(0.9916666666666668, 0.9958292603453894)",1,99.14117008646572,35996
"(0.9755096665580536, 0.9958292603453894)",1,99.14106083191044,35997
"(0.8976982097186702, 1.0)",1,99.14102474580264,35998
"(0.9792521035784794, 0.9958292603453894)",1,99.1410034315668,35999
"(0.9333044546043194, 0.9958292603453894)",1,99.14097385502362,36000
"(0.7545469576719577, 1.0)",1,99.14094870249582,36001
"(0.9008025849489264, 1.0)",1,99.1408445525336,36002
"(0.7278086237149632, 1.0)",1,99.14082860608592,36003
"(0.9490213526488036, 0.9958292603453894)",2,99.14082192733292,36005
"(0.9873444118605408, 0.9958292603453894)",1,99.14081767219837,36006
"(0.7979797979797979, 1.0)",1,99.14080776003917,36007
"(0.8420013166556946, 1.0)",1,99.14054877309788,36008
"(0.97934925289764, 0.9958292603453894)",1,99.1405196063323,36009
"(0.987463247273494, 0.9958292603453894)",2,99.14043093216928,36011
"(0.8468951683237397, 1.0)",1,99.14037719654463,36012
"(0.8997493734335841, 1.0)",1,99.14032446189051,36013
"(0.8796475392220073, 1.0)",1,99.14029856888548,36014
"(0.9665831244778612, 1.0)",1,99.14028830196744,36015
"(0.9835199925522506, 0.9958292603453894)",1,99.140283496248,36016
"(0.8796475392220073, 1.0)",1,99.14023158029386,36017
"(0.9189396095602992, 0.9958292603453894)",1,99.14020728097044,36018
"(0.9833229101521784, 1.0)",1,99.14019331290147,36019
"(1.0, 1.0)",1,99.14018138343836,36020
"(0.8329156223893065, 1.0)",2,99.14010480747322,36022
"(0.9034438470728792, 0.9958292603453894)",1,99.14010213053116,36023
"(0.9958292603453894, 0.9958292603453894)",2,99.14008476091688,36025
"(0.9834358767945106, 0.9958292603453894)",1,99.14000760499974,36026
"(0.9008627640703112, 1.0)",1,99.13988422413,36027
"(0.8110673829751791, 1.0)",1,99.13983091726122,36028
"(0.9198255060602112, 0.9958292603453894)",1,99.1397336156524,36029
"(0.9792766373411534, 0.9958292603453894)",1,99.13970965985922,36030
"(0.861111111111111, 1.0)",1,99.13966386256868,36031
"(0.9833229101521784, 1.0)",1,99.13962778179685,36032
"(0.9250222656674272, 0.9958292603453894)",1,99.13951475726708,36033
"(0.9018806250259218, 1.0)",1,99.13947060333686,36034
"(0.6215073982652175, 1.0)",1,99.13936850490072,36035
"(0.9873444118605408, 0.9958292603453894)",1,99.13936412038608,36036
"(0.7574146783449108, 1.0)",1,99.13934525209912,36037
"(0.6179693015417549, 1.0)",1,99.13930210459274,36038
"(0.8495378883833893, 0.9958292603453894)",1,99.1392591350406,36039
"(0.978932178932179, 0.9958292603453894)",1,99.1392349671475,36040
"(0.7030539311241066, 1.0)",1,99.13918585441672,36041
"(0.8848000715856217, 1.0)",1,99.13914024949594,36042
"(0.9833229101521784, 1.0)",2,99.13909428687047,36044
"(0.987463247273494, 0.9958292603453894)",1,99.13908715462576,36045
"(0.7946380416968652, 0.9958292603453894)",1,99.13907119310518,36046
"(0.8958208965097509, 0.9958292603453894)",1,99.1390467633034,36047
"(0.8101143854687974, 1.0)",1,99.13893661975874,36048
"(0.8579868984630887, 1.0)",2,99.13891433495674,36050
"(0.9622634791942192, 0.9958292603453894)",1,99.13888951965032,36051
"(0.9280459216361852, 0.9958292603453894)",1,99.13883781829507,36052
"(0.9333044546043194, 0.9958292603453894)",1,99.13867359489288,36053
"(0.8222222222222222, 1.0)",1,99.1386228842825,36054
"(0.808446455505279, 1.0)",1,99.1386133364379,36055
"(0.9792766373411534, 0.9958292603453894)",1,99.13860091255349,36056
"(0.9748850895736324, 0.9958292603453894)",1,99.13859160464432,36057
"(0.9791332681655264, 0.9958292603453894)",1,99.13854164814872,36058
"(0.6698155645524068, 1.0)",1,99.13853951600969,36059
"(0.8929015655249481, 0.9958292603453894)",1,99.13847344233284,36060
"(0.9167853751187084, 1.0)",1,99.13846869646612,36061
"(0.7601164382773579, 1.0)",1,99.1384640614736,36062
"(0.9792521035784794, 0.9958292603453894)",1,99.13843513112224,36063
"(0.9916339869281046, 0.9958292603453894)",1,99.1383940707306,36064
"(0.9916666666666668, 0.9958292603453894)",1,99.13837501481552,36065
"(0.9003556829643787, 1.0)",1,99.13831214218185,36066
"(1.0, 1.0)",1,99.13829438666464,36067
"(0.9665831244778612, 1.0)",1,99.13828590578242,36068
"(0.6575398846941737, 1.0)",1,99.13827924112228,36069
"(0.812557599070401, 1.0)",1,99.13827684510215,36070
"(0.8137865219658889, 1.0)",1,99.13826622497577,36071
"(0.9, 1.0)",1,99.13824192079456,36072
"(0.7734344933751168, 1.0)",1,99.13818287230384,36073
"(0.9369138996969484, 0.9958292603453894)",1,99.13817772073878,36074
"(0.9749088814411396, 1.0)",1,99.1381473059432,36075
"(0.9832965806068272, 0.9958292603453894)",1,99.13812170142477,36076
"(0.812557599070401, 1.0)",1,99.13806827171216,36077
"(0.7340930674264006, 1.0)",1,99.13806225400428,36078
"(0.9958292603453894, 0.9958292603453894)",2,99.13802830001164,36080
"(0.9665831244778612, 1.0)",1,99.13800079036513,36081
"(0.7994987468671678, 1.0)",1,99.13798987875406,36082
"(0.861111111111111, 1.0)",2,99.13794004879408,36084
"(0.8468951683237397, 1.0)",1,99.13782840694184,36085
"(0.8635976129582268, 0.9833229101521784)",1,99.13770717392168,36086
"(0.9198255060602112, 0.9958292603453894)",1,99.1377036427265,36087
"(0.8365328658269835, 0.9958292603453894)",2,99.1376771843986,36089
"(0.979055829228243, 0.9958292603453894)",1,99.1375710237075,36090
"(0.944073617452092, 1.0)",1,99.13756522872148,36091
"(0.9165164082221422, 1.0)",1,99.13756025216144,36092
"(0.9282083232965586, 0.9958292603453894)",1,99.13753799197885,36093
"(0.9172792561601744, 0.9958292603453894)",1,99.13752968345192,36094
"(0.9454999712494968, 0.9958292603453894)",1,99.13741003143886,36095
"(0.9326599326599326, 1.0)",1,99.13733829523304,36096
"(0.970619176311776, 0.9958292603453894)",1,99.13731227999412,36097
"(0.8158879904162925, 1.0)",2,99.13727672565486,36099
"(0.861111111111111, 1.0)",1,99.1371575072948,36100
"(0.949977467563772, 0.9958292603453894)",1,99.13715426569458,36101
"(0.9126251340467026, 0.9958292603453894)",1,99.13714543063992,36102
"(0.7278086237149632, 1.0)",1,99.1371308371753,36103
"(0.8329050741331443, 1.0)",1,99.13707951869328,36104
"(0.9833229101521784, 1.0)",1,99.13700126198054,36105
"(0.4747763864042934, 1.0)",1,99.1369411178641,36106
"(0.9790755481078062, 0.9958292603453894)",1,99.13687691154378,36107
"(0.8471527473990528, 1.0)",1,99.13685928687754,36108
"(0.9916585206907788, 0.9958292603453894)",1,99.13677936283376,36109
"(0.6521663785997688, 1.0)",1,99.13668966474812,36110
"(0.8840048840048841, 0.9833229101521784)",1,99.13665479133864,36111
"(0.9412172027494607, 0.9958292603453894)",1,99.13663987340614,36112
"(0.8814814814814814, 1.0)",1,99.13655902795826,36113
"(0.617513611615245, 1.0)",1,99.13650064695572,36114
"(0.9833229101521784, 1.0)",1,99.13649998143136,36115
"(0.6747507742934573, 1.0)",1,99.13644978870664,36116
"(0.9157097551404952, 0.9958292603453894)",1,99.13643831969992,36117
"(0.917655049465296, 0.9958292603453894)",1,99.13641567394458,36118
"(0.9747838672665278, 1.0)",1,99.13639264655232,36119
"(0.826388888888889, 1.0)",1,99.13635783173558,36120
"(0.9161952650324744, 1.0)",1,99.1363571877983,36121
"(0.9034438470728792, 0.9958292603453894)",1,99.13629400953836,36122
"(0.9161952650324744, 1.0)",1,99.1362436862196,36123
"(0.8717520170461346, 0.9958292603453894)",1,99.13620975702194,36124
"(0.9833040078201368, 0.9958292603453894)",1,99.1360940631959,36125
"(0.9833229101521784, 1.0)",1,99.13603227403988,36126
"(0.7503607503607503, 1.0)",1,99.13600462292185,36127
"(0.9504816667625016, 0.9958292603453894)",1,99.135968560007,36128
"(0.5910680656443368, 1.0)",1,99.13595714434987,36129
"(0.958227107069612, 0.9958292603453894)",2,99.13583309569408,36131
"(0.8432903075760217, 1.0)",1,99.13578293961795,36132
"(0.7532376017916352, 1.0)",2,99.13575596420723,36134
"(0.9326599326599326, 1.0)",1,99.1357524478438,36135
"(0.9126251340467026, 0.9958292603453894)",1,99.1357023402912,36136
"(0.9583930063253372, 1.0)",1,99.13563031842948,36137
"(0.73687720936437, 1.0)",1,99.13552940140104,36138
"(0.8222222222222222, 1.0)",1,99.13543067408786,36139
"(0.9876221896383188, 0.9958292603453894)",1,99.13540843419776,36140
"(0.9189396095602992, 0.9958292603453894)",2,99.13534522190552,36142
"(0.9280317595086728, 0.9958292603453894)",1,99.13526642956369,36143
"(0.9165164082221422, 1.0)",1,99.13524827375824,36144
"(0.738145558145558, 1.0)",2,99.13523474539062,36146
"(0.8341307814992026, 0.9833229101521784)",1,99.1352322961393,36147
"(0.9835199925522506, 0.9958292603453894)",1,99.1352263356651,36148
"(0.9835199925522506, 0.9958292603453894)",1,99.13520994787832,36149
"(0.8476190476190477, 1.0)",1,99.13520872715426,36150
"(0.9326599326599326, 1.0)",1,99.13500747064175,36151
"(0.9189396095602992, 0.9958292603453894)",1,99.13498279167506,36152
"(0.7711781618000022, 1.0)",1,99.1348935054194,36153
"(0.9666562434855118, 1.0)",1,99.13484575282996,36154
"(0.9833229101521784, 1.0)",1,99.13472128215231,36155
"(0.6544644252235129, 1.0)",1,99.13471994690204,36156
"(0.9618291283060416, 0.9958292603453894)",2,99.1345852065402,36158
"(0.7503607503607503, 1.0)",1,99.13455643244924,36159
"(0.7340930674264006, 1.0)",1,99.13453584661951,36160
"(0.9153439153439156, 1.0)",1,99.134485495061,36161
"(0.5131569832583307, 1.0)",1,99.13448268698392,36162
"(0.7042648709315374, 1.0)",2,99.13448131291167,36164
"(0.9441792447111594, 1.0)",1,99.13440810645696,36165
"(0.572027972027972, 1.0)",1,99.13431753431752,36166
"(1.0, 1.0)",1,99.13431013431014,36167
"(0.917469251615593, 1.0)",1,99.13430075147112,36168
"(0.7574146783449108, 1.0)",2,99.13427142588398,36170
"(0.9408363037601548, 0.9958292603453894)",1,99.1342472078607,36171
"(0.8974984433303618, 0.9958292603453894)",1,99.13422013784624,36172
"(0.73687720936437, 1.0)",1,99.13416076069156,36173
"(0.7574146783449108, 1.0)",1,99.13414328654682,36174
"(0.978932178932179, 0.9958292603453894)",2,99.13403625624544,36176
"(0.8676532769556025, 1.0)",1,99.13398597256962,36177
"(0.617513611615245, 1.0)",1,99.13397933265544,36178
"(0.675924061824263, 1.0)",1,99.13396273247304,36179
"(0.9744745723240348, 1.0)",1,99.13396086630442,36180
"(0.9280317595086728, 0.9958292603453894)",1,99.13391588946148,36181
"(0.6042502004811546, 1.0)",1,99.13391056823576,36182
"(0.9169719169719168, 1.0)",1,99.13371895800464,36183
"(0.8976982097186702, 1.0)",1,99.13371141381216,36184
"(0.916449550595892, 1.0)",1,99.13366606142732,36185
"(0.9365496267832196, 0.9958292603453894)",1,99.13353949562902,36186
"(0.9665831244778612, 1.0)",1,99.1334732941663,36187
"(0.7372334455667788, 1.0)",1,99.133460272733,36188
"(0.9665831244778612, 1.0)",1,99.13344768167076,36189
"(0.6609152288072019, 1.0)",1,99.13342226578968,36190
"(0.9666562434855118, 1.0)",1,99.1334153243776,36191
"(0.8016677935542034, 1.0)",1,99.13339297893792,36192
"(0.8997493734335841, 1.0)",1,99.13338417386228,36193
"(0.8653198653198653, 1.0)",1,99.13334010360612,36194
"(0.4747763864042934, 1.0)",1,99.1333299335997,36195
"(0.9279680209218476, 0.9958292603453894)",1,99.1331951928093,36196
"(0.943710724759112, 0.9958292603453894)",1,99.13301137256629,36197
"(0.6042502004811546, 1.0)",1,99.13299057967328,36198
"(1.0, 1.0)",1,99.1328791845292,36199
"(0.8420013166556947, 1.0)",1,99.1328428344578,36200
"(0.970619176311776, 0.9958292603453894)",1,99.13282328962526,36201
"(0.8420013166556946, 1.0)",1,99.13281472349644,36202
"(0.9295946890286512, 1.0)",1,99.13281116959791,36203
"(0.806589620543109, 1.0)",1,99.13278944567398,36204
"(0.5170126379596272, 1.0)",1,99.13271856945504,36205
"(0.958227107069612, 0.9958292603453894)",1,99.13269165794338,36206
"(1.0, 1.0)",1,99.13244189174216,36207
"(0.9792521035784794, 0.9958292603453894)",1,99.13244153816784,36208
"(0.8592711301044633, 1.0)",1,99.1322090085984,36209
"(0.8887202421952387, 1.0)",1,99.13215961387542,36210
"(0.9182966261114094, 0.9958292603453894)",1,99.13214130214624,36211
"(0.962264663441134, 0.9958292603453894)",1,99.13210915382646,36212
"(0.9916666666666668, 0.9958292603453894)",2,99.13209681778,36214
"(0.799275702501509, 1.0)",1,99.13208092033824,36215
"(0.9182966261114094, 0.9958292603453894)",1,99.13204566619788,36216
"(0.8760238095238095, 0.9958292603453894)",1,99.13200152072883,36217
"(0.9916585206907788, 0.9958292603453894)",1,99.13195407239866,36218
"(1.0, 0.9958292603453894)",1,99.13194931178074,36219
"(0.9791299139401608, 0.991777356103732)",1,99.13192597134056,36220
"(0.7119388248146047, 1.0)",1,99.1319051354138,36221
"(0.901575014782562, 1.0)",1,99.13188997098804,36222
"(1.0, 1.0)",2,99.13184205343023,36224
"(0.799275702501509, 1.0)",1,99.13179562284463,36225
"(0.8796475392220073, 1.0)",2,99.13174144034416,36227
"(0.9279680209218476, 0.9958292603453894)",1,99.1317341310257,36228
"(0.9876066164491212, 0.9958292603453894)",2,99.13170849299564,36230
"(0.930124456440246, 1.0)",1,99.13169050057238,36231
"(0.9751539794803552, 0.9958292603453894)",1,99.13167844109653,36232
"(0.7340930674264006, 1.0)",1,99.13164993963764,36233
"(0.844988344988345, 1.0)",1,99.13164164639088,36234
"(0.746304385688563, 1.0)",2,99.1316145563286,36236
"(0.9874762808349148, 0.9958292603453894)",1,99.1315675083374,36237
"(0.917655049465296, 0.9958292603453894)",1,99.13154819701168,36238
"(0.9288423094874708, 0.9958292603453894)",1,99.13152974999667,36239
"(0.7979797979797979, 1.0)",1,99.1315043362604,36240
"(0.81893131227901, 1.0)",1,99.13141541992825,36241
"(0.8372053872053872, 1.0)",1,99.13137132270252,36242
"(0.9833229101521784, 1.0)",1,99.13135934788215,36243
"(0.6238244514106583, 1.0)",1,99.13135787914904,36244
"(0.9161952650324744, 1.0)",2,99.13130202276378,36246
"(0.6825396825396824, 1.0)",1,99.13120868101616,36247
"(0.7944219523166891, 1.0)",1,99.13116785926192,36248
"(0.7601164382773579, 1.0)",1,99.13115739275862,36249
"(0.9161952650324744, 1.0)",1,99.13115447067744,36250
"(0.902012682657844, 0.9958292603453894)",1,99.13114787822184,36251
"(0.8814814814814814, 1.0)",1,99.1310888513141,36252
"(0.8762860082304527, 1.0)",1,99.13108241358682,36253
"(0.4747763864042934, 1.0)",1,99.13099917328276,36254
"(0.8928598364786969, 0.9958292603453894)",1,99.13089957595284,36255
"(0.7264363208807655, 1.0)",1,99.13087799872712,36256
"(0.8468951683237397, 1.0)",1,99.13078893026824,36257
"(0.9413496923696164, 0.9958292603453894)",1,99.13070561862644,36258
"(0.902012682657844, 0.9958292603453894)",1,99.1306773406173,36259
"(0.9833229101521784, 1.0)",1,99.1305873441441,36260
"(0.9169719169719168, 1.0)",1,99.1305259665292,36261
"(0.8137865219658889, 1.0)",1,99.1304984469044,36262
"(0.934122934122934, 1.0)",1,99.130486580658,36263
"(1.0, 1.0)",1,99.13043362215684,36264
"(0.962505246140658, 0.9958292603453894)",1,99.13041684407284,36265
"(0.7601164382773579, 1.0)",1,99.13037502380637,36266
"(0.8483418730488175, 0.9958292603453894)",1,99.13035518758484,36267
"(0.9916585206907788, 0.9958292603453894)",1,99.1303343866544,36268
"(0.837707400507675, 1.0)",1,99.130306510576,36269
"(0.9157097551404952, 0.9958292603453894)",1,99.13029300332671,36270
"(0.8222222222222222, 1.0)",1,99.13019621784456,36271
"(0.6378166586499919, 1.0)",1,99.13017211712908,36272
"(0.8997493734335841, 1.0)",1,99.13014076225544,36273
"(0.9791258409522168, 0.9958292603453894)",1,99.12999881954232,36274
"(0.9583178702993204, 0.9958292603453894)",1,99.12996435618297,36275
"(0.7416325017951034, 1.0)",1,99.12976349904568,36276
"(0.6733821733821733, 1.0)",1,99.12972161828776,36277
"(0.9333333333333332, 1.0)",1,99.12969285742074,36278
"(0.7656073923822403, 1.0)",1,99.12967254860789,36279
"(0.9833040078201368, 0.9958292603453894)",1,99.12957884245604,36280
"(0.7640454555806062, 1.0)",1,99.12955550336672,36281
"(0.9157097551404952, 0.9958292603453894)",1,99.12951605045714,36282
"(0.73687720936437, 1.0)",1,99.12941448957444,36283
"(0.9034438470728792, 0.9958292603453894)",1,99.12938287198006,36284
"(0.9958292603453894, 0.9958292603453894)",2,99.12936493427485,36286
"(0.8703703703703703, 1.0)",1,99.12934135252276,36287
"(0.8158879904162925, 1.0)",1,99.12930303376342,36288
"(0.9490213526488036, 0.9958292603453894)",1,99.12929588025486,36289
"(0.9365496267832196, 0.9958292603453894)",1,99.12925652707868,36290
"(0.7675138481590094, 1.0)",1,99.12924866135393,36291
"(0.8468951683237397, 1.0)",1,99.12917938053396,36292
"(0.9166145507608924, 1.0)",1,99.12905310441708,36293
"(0.934122934122934, 1.0)",1,99.1290200213885,36294
"(0.987491854024112, 0.9958292603453894)",1,99.1289464971222,36295
"(0.7372334455667788, 1.0)",1,99.12886311915132,36296
"(0.8016677935542034, 1.0)",1,99.128860458098,36297
"(0.9834358767945106, 0.9958292603453894)",1,99.12885002189516,36298
"(0.8222222222222222, 1.0)",1,99.12878400033236,36299
"(0.8294970161977834, 0.9833229101521784)",1,99.1287829434944,36300
"(0.7532376017916352, 1.0)",1,99.12874586255194,36301
"(0.5910680656443368, 1.0)",2,99.12872406857076,36303
"(0.979055829228243, 0.9958292603453894)",2,99.12865321549717,36305
"(0.975195619792394, 0.9958292603453894)",2,99.12861522787124,36307
"(0.837707400507675, 1.0)",1,99.12861436637958,36308
"(0.861111111111111, 1.0)",1,99.12859576176156,36309
"(0.9874877810361682, 0.9958292603453894)",1,99.12857057082412,36310
"(0.9696986734304888, 0.9958292603453894)",1,99.1285119147476,36311
"(0.9833040078201368, 0.9958292603453894)",1,99.12845715293427,36312
"(0.917655049465296, 0.9958292603453894)",1,99.12839931827602,36313
"(0.757745166550198, 1.0)",1,99.1283937834761,36314
"(0.757745166550198, 1.0)",1,99.1283725226585,36315
"(0.9662506012506012, 0.9958292603453894)",1,99.12831245408302,36316
"(0.8976982097186702, 1.0)",1,99.12828221326744,36317
"(0.861111111111111, 1.0)",1,99.128257718367,36318
"(0.902012682657844, 0.9958292603453894)",1,99.12825275876308,36319
"(0.8151249335459861, 1.0)",2,99.12807927350843,36321
"(0.8814814814814814, 1.0)",2,99.12804513645682,36323
"(0.7687400318979267, 1.0)",1,99.12798318386272,36324
"(0.9835199925522506, 0.9958292603453894)",1,99.12796735611052,36325
"(0.8315474711586087, 0.9958292603453894)",1,99.12786923919808,36326
"(0.8464596949891068, 1.0)",1,99.12780567074871,36327
"(0.9916585206907788, 0.9958292603453894)",1,99.12750962692527,36328
"(0.9299160159815896, 1.0)",1,99.1274906171236,36329
"(0.9666562434855118, 1.0)",1,99.12744812120124,36330
"(0.9665831244778612, 1.0)",1,99.12738640265476,36331
"(0.8732774170274171, 1.0)",2,99.12729637014505,36333
"(0.8615866942983156, 1.0)",1,99.12728220261248,36334
"(0.9748524098350704, 0.9958292603453894)",1,99.12726597179685,36335
"(0.9873891625615764, 0.9958292603453894)",1,99.12721976850337,36336
"(0.8976982097186702, 1.0)",1,99.12719345154892,36337
"(0.9788980434141724, 0.9958292603453894)",1,99.127186155978,36338
"(0.947552083649559, 0.9958292603453894)",1,99.12712040901278,36339
"(0.9669558693467613, 0.9958292603453894)",1,99.12706831153356,36340
"(0.8016677935542034, 1.0)",1,99.12697210777915,36341
"(0.9437903841498612, 1.0)",1,99.1269545836019,36342
"(0.8016677935542034, 1.0)",1,99.126927953461,36343
"(1.0, 1.0)",1,99.1269121286804,36344
"(0.9153439153439156, 1.0)",1,99.1269039392981,36345
"(0.8600291387756281, 0.9958292603453894)",1,99.12686900278337,36346
"(0.9229651974750014, 0.9958292603453894)",1,99.12678883219428,36347
"(0.6698155645524068, 1.0)",1,99.12678541855648,36348
"(0.9126251340467026, 0.9958292603453894)",1,99.12678210348574,36349
"(0.9299160159815896, 1.0)",1,99.12676190085304,36350
"(0.9332172991312776, 0.9958292603453894)",1,99.12672605870117,36351
"(0.9182966261114094, 0.9958292603453894)",1,99.12660342940512,36352
"(0.9018806250259218, 1.0)",1,99.12654948882523,36353
"(0.9326599326599326, 1.0)",1,99.1265445383588,36354
"(0.9665831244778612, 1.0)",1,99.12654012469312,36355
"(0.9008025849489264, 1.0)",1,99.1264379252184,36356
"(0.6612761389202956, 1.0)",1,99.126422428628,36357
"(0.9788980434141724, 0.9958292603453894)",1,99.1263915890102,36358
"(0.987463247273494, 0.9958292603453894)",1,99.12634286089371,36359
"(0.7164894725870335, 1.0)",1,99.12629217940002,36360
"(0.826388888888889, 1.0)",2,99.1262897920548,36362
"(0.8958208965097509, 0.9958292603453894)",1,99.12623945531593,36363
"(0.9454999712494968, 0.9958292603453894)",1,99.12623012884276,36364
"(0.9034438470728792, 0.9958292603453894)",1,99.12623008926477,36365
"(0.9501563219469168, 0.9958292603453894)",1,99.12618842778735,36366
"(0.9497171590194846, 1.0)",1,99.12617792236982,36367
"(0.93773047895128, 0.9958292603453894)",1,99.12613885966122,36368
"(0.8222222222222222, 1.0)",2,99.12605426610004,36370
"(0.7277677677677677, 1.0)",2,99.12597214623533,36372
"(0.979273283115788, 0.9958292603453894)",1,99.1259581552083,36373
"(0.9649790647893116, 0.9958292603453894)",2,99.12593124164508,36375
"(0.5131569832583307, 1.0)",1,99.12592883101878,36376
"(0.9182966261114094, 0.9958292603453894)",1,99.1259161858677,36377
"(0.8600291387756281, 0.9958292603453894)",1,99.1258358495338,36378
"(0.9333333333333332, 1.0)",1,99.1257551950171,36379
"(0.5131569832583307, 1.0)",1,99.12574405084584,36380
"(0.8697983697983697, 1.0)",1,99.12572814036228,36381
"(0.8420013166556946, 1.0)",1,99.12571860097204,36382
"(0.8796475392220073, 1.0)",1,99.12570540635316,36383
"(0.8796475392220073, 1.0)",1,99.12570351109164,36384
"(0.8053381731676306, 1.0)",2,99.1256905388908,36386
"(0.9369808292429718, 0.9958292603453894)",1,99.12562569519974,36387
"(0.8796475392220073, 1.0)",4,99.12560819398767,36391
"(0.9528959415746864, 1.0)",1,99.12550808222264,36392
"(0.97495917428555, 0.9958292603453894)",1,99.12544732355208,36393
"(0.944073617452092, 1.0)",2,99.1254112945498,36395
"(0.9198255060602112, 0.9958292603453894)",1,99.12538819554472,36396
"(0.9833229101521784, 1.0)",1,99.1253722811933,36397
"(0.8316498316498316, 1.0)",1,99.12536779682344,36398
"(0.7090909090909091, 1.0)",1,99.12529060705762,36399
"(0.8635976129582268, 1.0)",1,99.1252796051055,36400
"(0.8613656783468103, 1.0)",1,99.12524317258595,36401
"(0.9916339869281046, 0.9958292603453894)",1,99.12522615775244,36402
"(0.9749395281084088, 0.9958292603453894)",1,99.12522420253588,36403
"(0.7944219523166891, 1.0)",1,99.1252211122422,36404
"(0.9792766373411534, 0.9958292603453894)",2,99.12519222620936,36406
"(0.9497171590194848, 1.0)",1,99.1251792467918,36407
"(0.8068904981347378, 1.0)",1,99.12514336715336,36408
"(0.9365496267832196, 0.9958292603453894)",1,99.12498956975172,36409
"(0.7713401051412279, 1.0)",1,99.12487916131468,36410
"(0.9326599326599326, 1.0)",1,99.12482675494236,36411
"(0.9664171122994653, 0.9958292603453894)",1,99.12482112776796,36412
"(0.8420013166556946, 1.0)",1,99.12478143769,36413
"(0.8579868984630887, 1.0)",1,99.1247742344313,36414
"(0.7164894725870335, 1.0)",2,99.12473291131828,36416
"(0.9873891625615764, 0.9958292603453894)",1,99.12471924540289,36417
"(0.7090909090909091, 1.0)",1,99.12470137732402,36418
"(0.7687400318979267, 1.0)",1,99.12466391085373,36419
"(0.9198255060602112, 0.9958292603453894)",1,99.12458327784042,36420
"(0.8420013166556946, 1.0)",1,99.12456872724113,36421
"(0.9161952650324744, 1.0)",1,99.1245650249166,36422
"(0.868077055383557, 1.0)",1,99.12451131581516,36423
"(0.9669558693467613, 0.9958292603453894)",1,99.12447204464738,36424
"(0.979273283115788, 0.9958292603453894)",1,99.12445441790489,36425
"(0.6784722222222224, 1.0)",1,99.12443407169285,36426
"(0.6760835913312693, 1.0)",1,99.12440649533988,36427
"(0.8796475392220073, 1.0)",1,99.12440642526654,36428
"(0.7119388248146047, 1.0)",1,99.12438050891312,36429
"(0.9750943974852894, 0.9958292603453894)",1,99.12436434856149,36430
"(0.8587708587708588, 1.0)",1,99.12433690786976,36431
"(0.9833229101521784, 1.0)",2,99.1242385806604,36433
"(0.8732774170274171, 1.0)",1,99.12419616216894,36434
"(0.9280459216361852, 0.9958292603453894)",1,99.12418262724786,36435
"(0.9876221896383188, 0.9958292603453894)",1,99.1240663156898,36436
"(0.9086695042340204, 0.9958292603453894)",1,99.12404777936206,36437
"(0.7121693121693121, 1.0)",4,99.12402074131076,36441
"(0.8483418730488175, 0.9958292603453894)",1,99.12398841038528,36442
"(0.9873444118605408, 0.9958292603453894)",1,99.12398457394303,36443
"(0.961552316099405, 0.9958292603453894)",2,99.12394126754242,36445
"(0.9332172991312776, 0.9958292603453894)",1,99.12393218511347,36446
"(0.8222222222222222, 1.0)",1,99.12390420966612,36447
"(0.9369138996969484, 0.9958292603453894)",1,99.12384742563546,36448
"(0.812557599070401, 1.0)",1,99.12382524478988,36449
"(0.8247905643738976, 1.0)",1,99.12380426362748,36450
"(0.93773047895128, 0.9958292603453894)",2,99.12377088877712,36452
"(0.9182966261114094, 0.9958292603453894)",1,99.12370418688866,36453
"(0.776488287126585, 1.0)",1,99.12368493586368,36454
"(1.0, 1.0)",1,99.1236050309221,36455
"(0.9326599326599326, 1.0)",1,99.12356418025654,36456
"(0.9078088212397576, 0.9958292603453894)",1,99.12350587477523,36457
"(0.9299507899507898, 1.0)",1,99.12347734655152,36458
"(0.8867361313822293, 0.9958292603453894)",1,99.12345135476885,36459
"(0.9580331374974232, 1.0)",1,99.12339984174986,36460
"(0.9500975805767078, 0.9958292603453894)",1,99.1233916087593,36461
"(0.6733821733821733, 1.0)",1,99.12332657419677,36462
"(0.9833229101521784, 1.0)",1,99.12326814749508,36463
"(0.8976982097186702, 1.0)",2,99.12324272097568,36465
"(0.7372334455667788, 1.0)",1,99.12319403628533,36466
"(0.9441792447111594, 1.0)",2,99.12317590459848,36468
"(0.9250222656674272, 0.9958292603453894)",1,99.12305458809408,36469
"(0.930124456440246, 1.0)",1,99.1229364495587,36470
"(0.8976982097186702, 1.0)",1,99.12291776477672,36471
"(0.987463247273494, 0.9958292603453894)",1,99.12291347235492,36472
"(0.7965746171391332, 1.0)",1,99.12286853246604,36473
"(0.9279680209218476, 0.9958292603453894)",1,99.12280555677668,36474
"(0.8372053872053872, 1.0)",1,99.12276937043464,36475
"(0.9792766373411534, 0.9958292603453894)",1,99.12271330626064,36476
"(0.9153439153439152, 1.0)",1,99.12268998114462,36477
"(0.7164894725870335, 1.0)",1,99.12268241149926,36478
"(0.8717520170461346, 0.9958292603453894)",1,99.12258468936102,36479
"(0.9308677886724928, 1.0)",1,99.12256458646324,36480
"(1.0, 1.0)",2,99.12256144939072,36482
"(0.6760835913312693, 1.0)",1,99.1225613654979,36483
"(0.8907966222338917, 0.9958292603453894)",1,99.1225410508363,36484
"(0.9664171122994653, 0.9958292603453894)",1,99.1225152703093,36485
"(0.97934925289764, 0.9958292603453894)",1,99.12250958538932,36486
"(0.7965746171391332, 1.0)",1,99.1224476691188,36487
"(0.8760238095238095, 0.9958292603453894)",1,99.1224246301831,36488
"(0.9791348015256934, 0.9958292603453894)",1,99.12231682289128,36489
"(0.8666666666666667, 1.0)",1,99.12228502776549,36490
"(0.9347674066329982, 0.9958292603453894)",1,99.12223817340993,36491
"(0.9580602951397298, 0.9958292603453894)",1,99.12223210615964,36492
"(0.8229870141950848, 1.0)",1,99.12222806566903,36493
"(0.9250222656674272, 0.9958292603453894)",1,99.12222146071176,36494
"(0.8374727668845315, 1.0)",1,99.12217694695576,36495
"(0.4039045743444857, 1.0)",1,99.12215777181008,36496
"(0.6784722222222224, 1.0)",1,99.12211439758175,36497
"(0.8958208965097509, 0.9958292603453894)",2,99.12204588420532,36499
"(0.5836449308405534, 1.0)",1,99.12199680719146,36500
"(0.983545503234046, 0.9958292603453894)",1,99.1219309288255,36501
"(0.9833229101521784, 1.0)",1,99.12193011556238,36502
"(0.9280459216361852, 0.9958292603453894)",1,99.12192722989248,36503
"(0.8736897274633123, 1.0)",1,99.12192011877022,36504
"(0.8347775825943863, 0.9958292603453894)",1,99.12174753333252,36505
"(0.9873444118605408, 0.9958292603453894)",1,99.12174171997977,36506
"(0.9609386607489072, 0.9958292603453894)",1,99.1217159575516,36507
"(0.9916585206907788, 0.9958292603453894)",1,99.12169354412327,36508
"(0.7164894725870335, 1.0)",1,99.1216420616671,36509
"(0.9623978877963698, 0.9958292603453894)",1,99.12161705273434,36510
"(0.7734344933751168, 1.0)",1,99.12147637118872,36511
"(0.9161379295307868, 1.0)",1,99.12147315076372,36512
"(0.8443691323092412, 0.9958292603453894)",2,99.12139035162906,36514
"(0.8717520170461346, 0.9958292603453894)",1,99.121376396173,36515
"(1.0, 1.0)",2,99.1212799086868,36517
"(0.975195619792394, 0.9958292603453894)",1,99.12124216437442,36518
"(0.9147764646501256, 0.9958292603453894)",1,99.1212313447276,36519
"(0.8653198653198653, 1.0)",1,99.12120638661408,36520
"(0.8600291387756281, 0.9958292603453894)",1,99.12120312595124,36521
"(0.9833229101521784, 1.0)",1,99.12113855679875,36522
"(0.9161952650324744, 1.0)",1,99.12112442072736,36523
"(0.9295946890286512, 1.0)",1,99.12102605200474,36524
"(1.0, 1.0)",1,99.12096038109144,36525
"(0.9748524098350704, 0.9958292603453894)",1,99.12083704763492,36526
"(0.7222222222222221, 1.0)",4,99.12079916744516,36530
"(0.9454999712494968, 0.9958292603453894)",1,99.12078058947073,36531
"(0.8976982097186702, 1.0)",1,99.120715149355,36532
"(0.983545503234046, 0.9958292603453894)",1,99.12065981980602,36533
"(0.816195709052852, 1.0)",1,99.12049901275522,36534
"(0.8929015655249481, 0.9958292603453894)",1,99.12049159863464,36535
"(0.9441792447111594, 1.0)",1,99.12047033981916,36536
"(0.8222222222222222, 0.9833229101521784)",1,99.12045037960073,36537
"(0.9034438470728792, 0.9958292603453894)",1,99.12039611886352,36538
"(0.7916666666666666, 1.0)",1,99.12031446659174,36539
"(0.9369808292429718, 0.9958292603453894)",1,99.1202877984892,36540
"(0.8040695048423352, 1.0)",2,99.12026846446273,36542
"(0.7632275132275131, 1.0)",1,99.12015976744662,36543
"(0.9958292603453894, 0.9958292603453894)",1,99.12014363157176,36544
"(0.9618291283060416, 0.9958292603453894)",2,99.1201295995161,36546
"(0.9437903841498612, 1.0)",1,99.120107824329,36547
"(0.9833229101521784, 1.0)",1,99.12006235539188,36548
"(0.8329050741331443, 1.0)",1,99.1200189566826,36549
"(0.7880931329207191, 1.0)",1,99.11999511610192,36550
"(0.8329050741331443, 1.0)",1,99.11999159697513,36551
"(0.9166682405676116, 1.0)",1,99.1199212313728,36552
"(0.8653198653198653, 1.0)",1,99.11987639750872,36553
"(0.9326599326599326, 1.0)",1,99.11986993014824,36554
"(0.8483418730488175, 0.9958292603453894)",1,99.11981767073064,36555
"(0.8177442148030384, 1.0)",1,99.11977156542476,36556
"(0.9916585206907788, 0.9958292603453894)",1,99.11973078765328,36557
"(0.9873891625615764, 0.9958292603453894)",1,99.1196903499163,36558
"(0.983545503234046, 0.9958292603453894)",2,99.11962735888989,36560
"(0.9441792447111594, 1.0)",1,99.1196001547382,36561
"(0.987491854024112, 0.9958292603453894)",1,99.11952962020052,36562
"(0.6779618620193896, 1.0)",1,99.1195024010808,36563
"(0.7075023741690408, 1.0)",1,99.11949338954857,36564
"(0.8867361313822293, 0.9958292603453894)",1,99.11940285148508,36565
"(0.8372053872053872, 1.0)",1,99.11937339674078,36566
"(0.8880984643179766, 1.0)",1,99.11936161733205,36567
"(0.9876221896383188, 0.9958292603453894)",1,99.11928752195834,36568
"(0.7344692811916678, 1.0)",1,99.11927364555484,36569
"(0.917415489944373, 1.0)",1,99.11922893412272,36570
"(0.9665831244778612, 1.0)",1,99.11906792284576,36571
"(0.8814814814814814, 1.0)",1,99.11906368783283,36572
"(0.7503607503607503, 1.0)",1,99.11901198248631,36573
"(0.9582389563841176, 0.9958292603453894)",1,99.11900699907244,36574
"(0.9750780096985032, 0.9958292603453894)",1,99.11897802405362,36575
"(0.81893131227901, 1.0)",1,99.11894266602756,36576
"(0.9250222656674272, 0.9958292603453894)",1,99.11890014039125,36577
"(0.812557599070401, 1.0)",1,99.11886241777364,36578
"(0.9833229101521784, 1.0)",1,99.11885988248888,36579
"(0.7340930674264007, 1.0)",1,99.11885801008609,36580
"(0.9166145507608924, 1.0)",1,99.11884875579229,36581
"(0.9833040078201368, 0.9958292603453894)",1,99.11880334992613,36582
"(0.9280317595086728, 0.9958292603453894)",1,99.11877948157368,36583
"(0.9008627640703112, 1.0)",1,99.11876739101685,36584
"(0.9504245882013664, 0.9958292603453894)",1,99.11866215043938,36585
"(0.4776542240827955, 1.0)",1,99.11858394986274,36586
"(0.8997493734335841, 1.0)",1,99.11848957522398,36587
"(0.9490213526488036, 0.9958292603453894)",1,99.11847037561516,36588
"(0.8796475392220073, 1.0)",1,99.1184367879732,36589
"(0.9665831244778612, 1.0)",1,99.11841148560856,36590
"(0.8976982097186702, 1.0)",1,99.11836568566866,36591
"(0.9153439153439156, 1.0)",1,99.1183461324612,36592
"(0.987463247273494, 0.9958292603453894)",1,99.11833464614398,36593
"(0.73687720936437, 1.0)",1,99.11828889455848,36594
"(0.5910680656443368, 1.0)",2,99.11828660119993,36596
"(0.8796475392220073, 1.0)",1,99.11821388125612,36597
"(0.9161952650324744, 1.0)",1,99.11821306222336,36598
"(0.9664171122994653, 0.9958292603453894)",1,99.11820116147906,36599
"(0.7485857950974231, 1.0)",1,99.11817110178156,36600
"(0.6575398846941737, 1.0)",1,99.11813568807852,36601
"(0.9206165335472736, 0.9958292603453894)",1,99.11807258534756,36602
"(0.9916625936787228, 0.9958292603453894)",1,99.11804584486408,36603
"(0.9831777451938742, 0.9958292603453894)",1,99.11804241521024,36604
"(0.987491854024112, 0.9958292603453894)",1,99.11803164677444,36605
"(0.8976982097186702, 1.0)",1,99.11797919122068,36606
"(0.8976982097186702, 1.0)",1,99.11797579176404,36607
"(0.9835199925522506, 0.9958292603453894)",1,99.11795889466846,36608
"(0.8815906251265802, 0.9958292603453894)",1,99.11795519469688,36609
"(0.9916585206907788, 0.9958292603453894)",2,99.11794981368072,36611
"(0.9835199925522506, 0.9958292603453894)",1,99.11792484936284,36612
"(0.6779618620193896, 1.0)",1,99.11788719546868,36613
"(0.927984303278421, 0.9958292603453894)",1,99.11781049406092,36614
"(0.8928598364786969, 0.9958292603453894)",1,99.11780251187292,36615
"(0.861111111111111, 1.0)",1,99.11778167232872,36616
"(0.7077308656256025, 1.0)",1,99.11765824818455,36617
"(0.799275702501509, 1.0)",2,99.11765173013184,36619
"(0.6825396825396824, 1.0)",1,99.11764355122456,36620
"(0.8796475392220073, 1.0)",1,99.11763682399656,36621
"(0.9746854694957162, 1.0)",1,99.11763495734188,36622
"(0.9546499948224086, 0.9958292603453894)",1,99.11760555835792,36623
"(0.9326599326599326, 1.0)",1,99.11743565356724,36624
"(0.9649790647893116, 0.9958292603453894)",1,99.11740444589164,36625
"(0.987463247273494, 0.9958292603453894)",2,99.11738930534864,36627
"(0.9206165335472736, 0.9958292603453894)",1,99.11738344054412,36628
"(0.9748850895736324, 0.9958292603453894)",2,99.11737481838604,36630
"(0.9916585206907788, 0.9958292603453894)",1,99.117372451891,36631
"(0.9746535316523212, 0.9958292603453894)",1,99.11733003812004,36632
"(0.7479743867590829, 1.0)",1,99.11731970643302,36633
"(0.9748850895736324, 1.0)",1,99.11727727819786,36634
"(0.7479743867590829, 1.0)",2,99.11725605187314,36636
"(0.7515432098765432, 1.0)",1,99.11720911196196,36637
"(0.9750780096985032, 0.9958292603453894)",1,99.1171944117842,36638
"(0.9161952650324744, 1.0)",1,99.1171270347319,36639
"(0.8222222222222222, 1.0)",1,99.11696729315472,36640
"(0.9581458989353726, 1.0)",1,99.11684452068668,36641
"(0.9916666666666668, 0.9958292603453894)",1,99.11682757364908,36642
"(0.9146901709401708, 1.0)",1,99.11674106971849,36643
"(0.80285509389987, 1.0)",1,99.11661028244822,36644
"(0.8040695048423352, 1.0)",1,99.11655721936536,36645
"(0.987463247273494, 0.9958292603453894)",1,99.11654942650652,36646
"(0.9279680209218476, 0.9958292603453894)",1,99.11654202265372,36647
"(0.9189396095602992, 0.9958292603453894)",1,99.1165202966332,36648
"(0.7294281157362763, 1.0)",1,99.11649976701324,36649
"(0.961552316099405, 0.9958292603453894)",1,99.1162829557688,36650
"(0.7042648709315374, 1.0)",1,99.11623874858518,36651
"(0.958095238095238, 0.9958292603453894)",2,99.11623002890434,36653
"(0.816195709052852, 1.0)",1,99.11608883008418,36654
"(0.9665831244778612, 1.0)",1,99.11608381532896,36655
"(0.9833229101521784, 1.0)",1,99.11606196542006,36656
"(0.9131856219190184, 0.9958292603453894)",2,99.11605434546932,36658
"(0.8928598364786969, 0.9916585206907788)",1,99.11603645478496,36659
"(0.9791332681655264, 0.9958292603453894)",1,99.1159885637199,36660
"(0.8942622047218923, 0.9958292603453894)",2,99.11595657395556,36662
"(0.9331662489557224, 1.0)",1,99.1159384271616,36663
"(0.8796475392220073, 1.0)",2,99.11591440584382,36665
"(0.9665831244778612, 1.0)",1,99.11581140421228,36666
"(0.9876221896383188, 0.9958292603453894)",2,99.11571105952184,36668
"(0.9832925076188832, 0.9958292603453894)",1,99.11565696931594,36669
"(0.8929015655249481, 0.9958292603453894)",1,99.11565582996404,36670
"(0.5555555555555555, 1.0)",2,99.11563461499276,36672
"(0.9192093318943212, 1.0)",1,99.11561996246442,36673
"(0.9832925076188832, 0.9958292603453894)",1,99.11559440416364,36674
"(0.9664171122994653, 0.9958292603453894)",1,99.1155511611938,36675
"(0.9008025849489264, 1.0)",1,99.11551631883516,36676
"(0.9, 1.0)",1,99.1153545337918,36677
"(0.6042502004811546, 1.0)",1,99.11535077910524,36678
"(0.8495378883833893, 0.9958292603453894)",1,99.11530766485215,36679
"(0.7083333333333334, 1.0)",1,99.11527400474796,36680
"(0.8600291387756281, 0.9958292603453894)",1,99.11515782677894,36681
"(0.9161952650324744, 1.0)",1,99.11507164212908,36682
"(0.8587708587708588, 1.0)",3,99.11502775358348,36685
"(0.9916585206907788, 0.9958292603453894)",1,99.11502285546744,36686
"(0.9833040078201368, 0.9958292603453894)",1,99.11498906425582,36687
"(0.7711781618000022, 1.0)",1,99.1149723388099,36688
"(0.8177442148030384, 1.0)",1,99.11491970670642,36689
"(1.0, 1.0)",1,99.1148524088787,36690
"(0.786508365740383, 1.0)",1,99.11482786309558,36691
"(0.9452448267044004, 0.9958292603453894)",1,99.1148169388204,36692
"(0.9326599326599326, 1.0)",1,99.1147960639486,36693
"(0.8420013166556946, 1.0)",1,99.11478875512212,36694
"(0.970607585468542, 0.9958292603453894)",1,99.11474771105614,36695
"(0.8533622685185187, 1.0)",2,99.11473210519034,36697
"(0.8222222222222222, 1.0)",1,99.11471984525924,36698
"(0.9250222656674272, 0.9958292603453894)",1,99.11467376127597,36699
"(0.7164894725870335, 1.0)",1,99.1146323775592,36700
"(0.7994987468671678, 1.0)",1,99.11454684240309,36701
"(0.9750943974852894, 0.9958292603453894)",2,99.11450722485424,36703
"(0.9182966261114094, 0.9958292603453894)",1,99.11450570629349,36704
"(0.9161952650324744, 0.9833229101521784)",1,99.11443628612338,36705
"(0.5131569832583307, 1.0)",1,99.11442457168236,36706
"(0.9280317595086728, 0.9958292603453894)",1,99.11436804405602,36707
"(0.9164652836623464, 1.0)",1,99.11423528934196,36708
"(0.9280317595086728, 0.9958292603453894)",1,99.11406073151808,36709
"(0.8907966222338917, 0.9958292603453894)",1,99.11403937794236,36710
"(0.9876066164491212, 0.9958292603453894)",1,99.11401277837648,36711
"(0.9280317595086728, 0.9958292603453894)",1,99.11398679486776,36712
"(0.9649790647893116, 0.9958292603453894)",2,99.1139310777564,36714
"(0.8997493734335841, 1.0)",1,99.1139227503081,36715
"(0.9832925076188832, 0.9958292603453894)",1,99.11390283968812,36716
"(0.7362637362637362, 1.0)",1,99.113887467546,36717
"(0.9791332681655264, 0.9958292603453894)",1,99.11384064430344,36718
"(0.81893131227901, 1.0)",1,99.11382733832347,36719
"(0.8229870141950848, 1.0)",1,99.11382067847182,36720
"(0.979051756240299, 0.9958292603453894)",1,99.1137205366082,36721
"(0.9791299139401608, 0.9958292603453894)",1,99.11365229732004,36722
"(0.9622634791942192, 0.9958292603453894)",1,99.11364463574722,36723
"(0.9161952650324744, 1.0)",1,99.11361966411675,36724
"(0.8958208965097509, 0.9958292603453894)",1,99.11360192596987,36725
"(0.8976982097186702, 1.0)",2,99.11355858321062,36727
"(0.9454999712494968, 0.9958292603453894)",1,99.1134285481682,36728
"(0.9916585206907788, 0.9958292603453894)",1,99.11340796984256,36729
"(0.8151249335459861, 1.0)",1,99.11340308186728,36730
"(0.9658159033159032, 0.9958292603453894)",1,99.11338719362328,36731
"(0.8976982097186702, 1.0)",1,99.1133802195175,36732
"(0.9622634791942192, 0.9958292603453894)",1,99.11333952312272,36733
"(0.979055829228243, 0.9958292603453894)",1,99.1132924381126,36734
"(0.9791258409522168, 0.9958292603453894)",1,99.11321807426522,36735
"(0.8885714285714285, 1.0)",1,99.11321197619026,36736
"(1.0, 0.9958292603453894)",1,99.113153654571,36737
"(0.9326599326599326, 1.0)",2,99.1130905893422,36739
"(0.9958292603453894, 0.9958292603453894)",1,99.113033652841,36740
"(0.8310777799491891, 1.0)",2,99.11298584989146,36742
"(0.9958292603453894, 0.9958292603453894)",2,99.11292402312456,36744
"(0.9166682405676116, 1.0)",2,99.11287894403704,36746
"(0.9493072891175358, 0.9958292603453894)",1,99.11286641745151,36747
"(0.903667392883079, 1.0)",1,99.11282091311324,36748
"(0.8165509259259259, 1.0)",1,99.11275503358593,36749
"(0.8468951683237397, 1.0)",1,99.11274788642292,36750
"(0.868077055383557, 1.0)",1,99.11269018634314,36751
"(0.9833229101521784, 1.0)",1,99.11267164757491,36752
"(0.6042502004811546, 1.0)",1,99.11266895622984,36753
"(0.9791258409522168, 0.9958292603453894)",2,99.11260818838976,36755
"(0.9916339869281046, 0.9958292603453894)",1,99.11260595866156,36756
"(0.9618291283060416, 0.9958292603453894)",1,99.11256898035252,36757
"(0.8762860082304527, 1.0)",1,99.11238541541634,36758
"(0.9791299139401608, 0.9958292603453894)",1,99.11236742974752,36759
"(0.9833229101521784, 1.0)",1,99.1123246273892,36760
"(0.861111111111111, 1.0)",1,99.11227124750872,36761
"(0.8579868984630887, 1.0)",1,99.1122419913962,36762
"(0.987463247273494, 0.9958292603453894)",1,99.11223466725936,36763
"(0.7198480531813864, 1.0)",1,99.11222040999364,36764
"(0.6815232656375146, 1.0)",1,99.11217578922952,36765
"(0.7532376017916352, 1.0)",1,99.11214352300507,36766
"(0.979051756240299, 0.9958292603453894)",1,99.11213309876608,36767
"(0.8053381731676306, 1.0)",1,99.11211581582508,36768
"(0.5131569832583307, 1.0)",1,99.1120830234318,36769
"(0.9369138996969484, 0.9958292603453894)",1,99.11199192244864,36770
"(0.9490213526488036, 0.9958292603453894)",1,99.11194447027836,36771
"(0.9280317595086728, 0.9958292603453894)",1,99.11192332643004,36772
"(0.5131569832583307, 1.0)",1,99.11176923023316,36773
"(0.9437903841498612, 1.0)",1,99.11171932548784,36774
"(0.8494167439328729, 0.9958292603453894)",1,99.11169253811794,36775
"(0.9833229101521784, 1.0)",2,99.1116185058834,36777
"(0.757745166550198, 1.0)",1,99.11158460877218,36778
"(0.6215073982652175, 1.0)",1,99.11156474546068,36779
"(0.933096859926128, 1.0)",1,99.11142612788298,36780
"(0.826388888888889, 1.0)",1,99.11133294993115,36781
"(0.8468951683237397, 1.0)",1,99.1112997084846,36782
"(0.8997493734335841, 1.0)",1,99.11121898047443,36783
"(0.97934925289764, 0.9958292603453894)",1,99.11119847111333,36784
"(0.7903875985986362, 1.0)",1,99.11119533115208,36785
"(1.0, 1.0)",3,99.11111111111111,36788
"(0.9490213526488036, 0.9958292603453894)",1,99.1110931357222,36789
"(0.978932178932179, 0.9958292603453894)",1,99.11107507063522,36790
"(0.9326599326599326, 1.0)",1,99.1110302814336,36791
"(0.9791258409522168, 0.9958292603453894)",1,99.11093950257414,36792
"(0.8294970161977834, 0.9833229101521784)",1,99.11082721761042,36793
"(0.8997493734335841, 1.0)",1,99.11080652720216,36794
"(0.917469251615593, 1.0)",1,99.11078070903562,36795
"(0.9161952650324744, 1.0)",1,99.11077955510495,36796
"(0.8887202421952387, 1.0)",1,99.11068829542332,36797
"(0.8840455840455841, 1.0)",1,99.11066835269908,36798
"(0.6886904761904762, 1.0)",1,99.11059626011696,36799
"(0.7090909090909091, 1.0)",1,99.11059563742492,36800
"(0.8341307814992026, 1.0)",1,99.11059195894636,36801
"(0.7183489076634237, 1.0)",1,99.11057162430517,36802
"(0.9791258409522168, 0.9958292603453894)",1,99.11056439613849,36803
"(0.8347775825943863, 0.9958292603453894)",1,99.1105439859868,36804
"(0.8633762288330498, 1.0)",1,99.11050243808263,36805
"(0.9182966261114094, 0.9958292603453894)",1,99.11050131866246,36806
"(0.9384174012481092, 0.9958292603453894)",1,99.1104387048608,36807
"(0.80285509389987, 1.0)",1,99.11040043989462,36808
"(0.7532376017916352, 1.0)",1,99.11037581981724,36809
"(0.8247905643738976, 1.0)",1,99.11023280566133,36810
"(0.9744745723240348, 0.9958292603453894)",1,99.11022227727378,36811
"(0.882361916533899, 0.9916585206907788)",1,99.11008701167664,36812
"(0.9131856219190184, 0.9958292603453894)",1,99.11005472534389,36813
"(0.8814814814814814, 0.9833229101521784)",1,99.11002811286323,36814
"(0.9365496267832196, 0.9958292603453894)",1,99.11001537468098,36815
"(0.8976982097186702, 1.0)",2,99.10996211107503,36817
"(0.7673678366541239, 1.0)",1,99.10987850680968,36818
"(0.9916666666666668, 0.9958292603453894)",1,99.10987363234636,36819
"(0.9206165335472736, 0.9958292603453894)",1,99.10976922979772,36820
"(0.6636745887678723, 1.0)",1,99.10972959380452,36821
"(0.8887202421952387, 1.0)",1,99.10970378726851,36822
"(0.961552316099405, 0.9958292603453894)",1,99.10968258210714,36823
"(1.0, 1.0)",1,99.10957935122626,36824
"(0.6698155645524068, 1.0)",1,99.10954993189932,36825
"(0.6907243513029603, 1.0)",1,99.1095337930597,36826
"(0.9665831244778612, 1.0)",1,99.10952610115442,36827
"(0.8736474927779276, 0.9958292603453894)",1,99.10950024453908,36828
"(0.8068904981347378, 1.0)",1,99.10940396970216,36829
"(0.6804620726495727, 1.0)",1,99.1092894834974,36830
"(0.8976982097186702, 1.0)",1,99.10927579076116,36831
"(0.9666666666666668, 1.0)",1,99.10925543640909,36832
"(0.9791332681655264, 0.9958292603453894)",1,99.10924665192172,36833
"(0.9369808292429718, 0.9958292603453894)",2,99.1092008262824,36835
"(0.8468951683237397, 1.0)",1,99.10919888521217,36836
"(0.8165509259259259, 1.0)",1,99.1091673061042,36837
"(0.861111111111111, 1.0)",1,99.10914982865457,36838
"(0.8420013166556946, 1.0)",1,99.10908544216495,36839
"(0.9750481776288228, 0.9958292603453894)",1,99.10906169314954,36840
"(0.971023600055858, 0.9958292603453894)",1,99.10905251214088,36841
"(0.8468951683237397, 1.0)",1,99.10902565215234,36842
"(0.8796475392220073, 1.0)",1,99.1090111295612,36843
"(0.9747838672665278, 1.0)",1,99.10896206578506,36844
"(0.6521663785997688, 1.0)",1,99.1089244338745,36845
"(0.5512311153969784, 1.0)",2,99.10888230551916,36847
"(0.7703623385261582, 0.9958292603453894)",1,99.10885465442011,36848
"(0.8840455840455841, 1.0)",1,99.10883035897092,36849
"(0.9, 1.0)",1,99.10881563278544,36850
"(0.8266173510466989, 1.0)",1,99.108783577344,36851
"(0.7675138481590094, 1.0)",1,99.10863616169516,36852
"(0.9189396095602992, 0.9958292603453894)",1,99.10855453743628,36853
"(0.7060994560994561, 1.0)",1,99.10829219008876,36854
"(0.9295946890286512, 1.0)",1,99.10828676716912,36855
"(0.9916666666666668, 0.9958292603453894)",1,99.10826291239977,36856
"(0.9916585206907788, 0.9958292603453894)",1,99.1081860580594,36857
"(0.9008025849489264, 1.0)",1,99.10809041431634,36858
"(0.9832184229069656, 0.9958292603453894)",1,99.10808912053756,36859
"(0.97899550533801, 0.9958292603453894)",2,99.10796631797324,36861
"(0.9750854369118126, 0.9958292603453894)",1,99.1079403292951,36862
"(0.958319976073035, 0.9958292603453894)",1,99.1079258661724,36863
"(0.8796475392220073, 1.0)",1,99.10782099498168,36864
"(0.9490213526488036, 0.9958292603453894)",1,99.10777373062376,36865
"(0.81893131227901, 1.0)",1,99.10772252876598,36866
"(0.987463247273494, 0.9958292603453894)",1,99.1077167312884,36867
"(0.917655049465296, 0.9958292603453894)",2,99.10767196358056,36869
"(0.9833229101521784, 1.0)",1,99.1075010545371,36870
"(0.9916585206907788, 0.9958292603453894)",1,99.1074924890296,36871
"(0.9369808292429718, 0.9958292603453894)",1,99.10740412575498,36872
"(0.8177442148030384, 1.0)",1,99.1072805213652,36873
"(0.9833040078201368, 0.9958292603453894)",1,99.10724981365686,36874
"(0.931200007971039, 0.9958292603453894)",1,99.10714309375064,36875
"(0.9958292603453894, 0.9958292603453894)",1,99.10714199874776,36876
"(0.8599206349206349, 1.0)",1,99.107058544355,36877
"(0.8247905643738976, 1.0)",1,99.10704101871828,36878
"(0.8229870141950848, 1.0)",1,99.10702862177992,36879
"(1.0, 1.0)",1,99.10702762763428,36880
"(1.0, 1.0)",1,99.10701611064786,36881
"(0.9833229101521784, 1.0)",1,99.10687894694446,36882
"(0.9147764646501256, 0.9958292603453894)",1,99.10684888387668,36883
"(0.9958292603453894, 0.9958292603453894)",1,99.10684530337916,36884
"(1.0, 1.0)",1,99.10674750815303,36885
"(0.8420013166556946, 1.0)",1,99.10670387538458,36886
"(0.987463247273494, 0.9958292603453894)",1,99.1067004479632,36887
"(0.9833229101521784, 1.0)",1,99.10659756195832,36888
"(0.8425483191745751, 1.0)",1,99.1065862353252,36889
"(0.8117190416961583, 1.0)",1,99.10657230218192,36890
"(1.0, 1.0)",1,99.10653027502292,36891
"(0.9161379295307868, 1.0)",1,99.10649579564208,36892
"(0.9516794286955578, 0.9916585206907788)",1,99.10649394844118,36893
"(0.917655049465296, 0.9958292603453894)",1,99.10642841049298,36894
"(0.7946380416968652, 0.9958292603453894)",1,99.10641383532406,36895
"(0.9332172991312776, 0.9958292603453894)",1,99.10638700200244,36896
"(0.9384174012481092, 0.9958292603453894)",1,99.1062679652062,36897
"(0.9280317595086728, 0.9958292603453894)",1,99.10626726260983,36898
"(0.8068904981347378, 1.0)",1,99.10622842036776,36899
"(0.8885714285714285, 1.0)",1,99.1062245190802,36900
"(0.9365496267832196, 0.9958292603453894)",1,99.1061131045824,36901
"(0.93773047895128, 0.9958292603453894)",1,99.10606674936103,36902
"(0.9384174012481092, 0.9958292603453894)",1,99.10604494713156,36903
"(0.9707136080238548, 0.9958292603453894)",1,99.10604042596329,36904
"(0.9791332681655264, 0.9958292603453894)",1,99.10602324926296,36905
"(0.8420013166556946, 1.0)",1,99.10597895354556,36906
"(0.757745166550198, 1.0)",1,99.1059606048154,36907
"(0.724804131054131, 1.0)",1,99.10593285432086,36908
"(0.9665831244778612, 1.0)",1,99.10590192125105,36909
"(0.8468951683237397, 1.0)",1,99.10584070488842,36910
"(0.9833229101521784, 1.0)",1,99.105768528541,36911
"(0.8695210904700781, 0.9958292603453894)",1,99.1057525939941,36912
"(0.9189396095602992, 0.9916585206907788)",2,99.1057215090145,36914
"(0.8374727668845315, 1.0)",1,99.1055529997555,36915
"(0.7779212514298108, 1.0)",1,99.10542677472952,36916
"(0.7711781618000022, 1.0)",2,99.10540893839908,36918
"(0.8222222222222222, 1.0)",1,99.10532256846626,36919
"(0.9384174012481092, 0.9958292603453894)",1,99.10531604012624,36920
"(0.812557599070401, 1.0)",1,99.1052490948535,36921
"(0.9365496267832196, 0.9958292603453894)",1,99.10524125459364,36922
"(0.9623066688389268, 0.9958292603453894)",1,99.10518335357852,36923
"(0.9750780096985032, 0.9958292603453894)",1,99.10517607902284,36924
"(0.8266173510466989, 1.0)",1,99.1051103493224,36925
"(0.971023600055858, 0.9958292603453894)",1,99.10508237963164,36926
"(0.8796475392220073, 1.0)",1,99.10507819219536,36927
"(0.7075023741690408, 1.0)",1,99.10505924638028,36928
"(0.961552316099405, 0.9958292603453894)",1,99.10503724292175,36929
"(0.7903875985986362, 1.0)",2,99.10501229679625,36931
"(0.6521663785997688, 1.0)",1,99.1050045730715,36932
"(0.9916585206907788, 0.9958292603453894)",1,99.10497058480132,36933
"(0.9748850895736324, 0.9958292603453894)",1,99.10486929349364,36934
"(0.7687400318979267, 1.0)",1,99.1048633191661,36935
"(0.9649790647893116, 0.9958292603453894)",1,99.10481917499364,36936
"(0.5555555555555555, 1.0)",1,99.10477778770462,36937
"(0.8613656783468103, 1.0)",1,99.1047592608733,36938
"(0.786508365740383, 1.0)",1,99.10475175053377,36939
"(0.8867361313822293, 0.9958292603453894)",1,99.10471706188842,36940
"(0.5070372093557577, 1.0)",1,99.10467573190816,36941
"(0.6575398846941737, 1.0)",1,99.10461123497328,36942
"(0.9280459216361852, 0.9958292603453894)",1,99.10460960725972,36943
"(0.861111111111111, 1.0)",1,99.1045881066303,36944
"(0.8068904981347378, 1.0)",1,99.1045822051168,36945
"(1.0, 1.0)",1,99.10452317327196,36946
"(0.816195709052852, 1.0)",1,99.1044563369269,36947
"(0.8374727668845315, 1.0)",1,99.10440287402912,36948
"(0.8425483191745751, 1.0)",1,99.10437381997517,36949
"(0.8732774170274171, 1.0)",1,99.10430331484984,36950
"(0.8247905643738976, 1.0)",1,99.10421990799048,36951
"(0.8468951683237397, 1.0)",1,99.10421408146848,36952
"(0.8547756205106323, 1.0)",1,99.10419969101925,36953
"(0.837707400507675, 1.0)",1,99.10419026716735,36954
"(0.9658790011731188, 0.9958292603453894)",1,99.10418623037884,36955
"(0.934122934122934, 1.0)",1,99.10417159250603,36956
"(0.9958292603453894, 0.9958292603453894)",1,99.10414157113864,36957
"(0.8016677935542034, 1.0)",1,99.1040889496339,36958
"(0.9147764646501256, 0.9958292603453894)",1,99.10390881591805,36959
"(0.7075023741690408, 1.0)",1,99.1038941260635,36960
"(0.6733821733821733, 1.0)",1,99.10385696546884,36961
"(0.8942622047218923, 0.9958292603453894)",1,99.10375988042443,36962
"(0.8468951683237397, 1.0)",1,99.1037448702312,36963
"(0.9665831244778612, 1.0)",1,99.1036425988587,36964
"(0.6733821733821733, 1.0)",2,99.10352189019213,36966
"(0.9332172991312776, 0.9958292603453894)",1,99.10344906679018,36967
"(0.8443691323092412, 0.9958292603453894)",2,99.10343476633902,36969
"(0.8315474711586087, 0.9958292603453894)",1,99.10341758742835,36970
"(0.9791625936787228, 1.0)",1,99.10336542962412,36971
"(0.9169719169719168, 1.0)",1,99.10333702427222,36972
"(0.9172792561601744, 0.9958292603453894)",1,99.10328767659196,36973
"(0.9008627640703112, 1.0)",1,99.10322232029677,36974
"(0.8907966222338917, 0.9958292603453894)",1,99.10317348649929,36975
"(0.9333044546043194, 0.9958292603453894)",1,99.10300268666435,36976
"(0.8840455840455841, 1.0)",1,99.10294804290972,36977
"(0.9198255060602112, 0.9958292603453894)",1,99.10285213959187,36978
"(0.9649790647893116, 0.9958292603453894)",1,99.10279206549076,36979
"(0.81893131227901, 1.0)",1,99.1027164522339,36980
"(1.0, 1.0)",1,99.10270816291872,36981
"(0.6179693015417549, 1.0)",1,99.10262374563874,36982
"(0.917655049465296, 0.9958292603453894)",1,99.1026043692995,36983
"(0.6698155645524068, 1.0)",1,99.10258919044482,36984
"(0.9835199925522506, 0.9958292603453894)",1,99.10257588634612,36985
"(0.9, 1.0)",1,99.10257331608348,36986
"(0.902764590611026, 0.9958292603453894)",1,99.102560204813,36987
"(0.9332172991312776, 0.9958292603453894)",1,99.10252306686657,36988
"(0.7278086237149632, 1.0)",1,99.10246718534232,36989
"(0.9705196174266384, 0.9958292603453894)",1,99.10242382664184,36990
"(0.947552083649559, 0.9958292603453894)",1,99.10241788029523,36991
"(1.0, 1.0)",4,99.10238390519498,36995
"(0.9832965806068272, 0.9958292603453894)",1,99.10236218493522,36996
"(0.8796475392220073, 1.0)",2,99.10231558223217,36998
"(0.8452611218568665, 1.0)",1,99.10230562762509,36999
"(0.9490213526488036, 0.9916585206907788)",1,99.10221766473492,37000
"(0.9658159033159032, 0.9958292603453894)",1,99.10220560253622,37001
"(0.9833211143695014, 0.9958292603453894)",1,99.10218454615952,37002
"(0.8717520170461346, 0.9958292603453894)",1,99.10210394378484,37003
"(0.9916585206907788, 0.9958292603453894)",1,99.10207717886702,37004
"(0.7574146783449108, 1.0)",1,99.1020621746664,37005
"(0.9622634791942192, 0.9958292603453894)",1,99.10201380047536,37006
"(0.9832401090007582, 0.9958292603453894)",1,99.10194978431264,37007
"(0.9543883398911862, 0.9958292603453894)",1,99.10186047851774,37008
"(0.6698155645524068, 1.0)",1,99.10183079207025,37009
"(0.8016677935542034, 1.0)",1,99.1017907568405,37010
"(0.9410852767304382, 0.9958292603453894)",1,99.10178877675008,37011
"(0.9126251340467026, 0.9958292603453894)",1,99.10178806932647,37012
"(0.8929015655249481, 0.9958292603453894)",1,99.1017635117146,37013
"(0.8137865219658889, 1.0)",1,99.1016825936799,37014
"(0.8222222222222222, 1.0)",1,99.10167039640724,37015
"(0.8347775825943863, 0.9958292603453894)",1,99.10162834669588,37016
"(0.987463247273494, 0.9958292603453894)",1,99.10158968288762,37017
"(0.7075023741690408, 1.0)",1,99.10153965260044,37018
"(0.7982894736842105, 1.0)",1,99.10143195735884,37019
"(0.9666562434855118, 1.0)",1,99.1013941248216,37020
"(0.9791299139401608, 0.9958292603453894)",1,99.10134743819462,37021
"(0.9161952650324744, 1.0)",1,99.10134472194706,37022
"(0.9649790647893116, 0.9958292603453894)",1,99.10132773786408,37023
"(0.8177442148030384, 1.0)",1,99.10127255738144,37024
"(0.6636745887678723, 1.0)",1,99.10126868622896,37025
"(1.0, 1.0)",1,99.10107457763064,37026
"(0.979273283115788, 0.9958292603453894)",1,99.10107233121144,37027
"(0.6825396825396824, 1.0)",1,99.10106568746944,37028
"(1.0, 0.9958292603453894)",1,99.10106482313084,37029
"(0.9665831244778612, 1.0)",1,99.10095569723298,37030
"(0.8796475392220073, 1.0)",1,99.10093662947872,37031
"(0.8676532769556025, 1.0)",2,99.10092696698024,37033
"(0.9835199925522506, 0.9958292603453894)",2,99.10085421610718,37035
"(0.917415489944373, 0.9833229101521784)",2,99.1008343871586,37037
"(0.8016677935542034, 1.0)",1,99.10081804065432,37038
"(0.987463247273494, 0.9958292603453894)",1,99.10077886747248,37039
"(0.9915151515151516, 0.9958292603453894)",1,99.10072508718132,37040
"(0.7090909090909091, 1.0)",1,99.1007215007215,37041
"(0.8579868984630887, 1.0)",1,99.10068826713486,37042
"(0.9498370804822418, 0.9958292603453894)",1,99.10062364841644,37043
"(0.9876066164491212, 0.9958292603453894)",1,99.10048872997582,37044
"(0.9126251340467026, 0.9958292603453894)",1,99.10026436678714,37045
"(0.7075023741690408, 1.0)",1,99.10023823336758,37046
"(1.0, 1.0)",3,99.10022736195992,37049
"(0.6825396825396824, 1.0)",4,99.10019273863496,37053
"(0.949977467563772, 0.9958292603453894)",1,99.1000929617443,37054
"(0.9167853751187084, 1.0)",1,99.10007767098352,37055
"(1.0, 1.0)",1,99.09993598033915,37056
"(0.7075023741690408, 1.0)",1,99.09986483354426,37057
"(0.8668153102935712, 1.0)",1,99.0998586489327,37058
"(0.944073617452092, 1.0)",1,99.09984555957097,37059
"(0.9412172027494607, 0.9958292603453894)",1,99.09972029856948,37060
"(0.8796475392220073, 1.0)",1,99.0994372975352,37061
"(1.0, 0.9833229101521784)",1,99.09943714821767,37062
"(0.8040695048423352, 1.0)",2,99.09932051488582,37064
"(0.940002899623393, 0.9958292603453894)",1,99.09929940424252,37065
"(0.9669795885118464, 0.9958292603453894)",1,99.09924706488886,37066
"(0.902012682657844, 0.9958292603453894)",1,99.09923702234744,37067
"(0.8425483191745751, 1.0)",1,99.09921048656972,37068
"(0.757745166550198, 1.0)",1,99.09920787611068,37069
"(0.9169719169719168, 1.0)",1,99.09918783387184,37070
"(0.8372053872053872, 1.0)",2,99.09914416252876,37072
"(0.9665831244778612, 1.0)",1,99.09913681680788,37073
"(0.6747507742934573, 1.0)",1,99.098968217697,37074
"(1.0, 1.0)",1,99.09892111531455,37075
"(0.8976982097186702, 1.0)",1,99.09890050342923,37076
"(0.9161952650324744, 1.0)",1,99.09878776880598,37077
"(0.97934925289764, 0.9958292603453894)",2,99.09876559093196,37079
"(0.8845578466141503, 1.0)",1,99.09870506010915,37080
"(0.6215073982652175, 1.0)",1,99.09869767593467,37081
"(0.9280317595086728, 0.9958292603453894)",1,99.09863561158797,37082
"(0.9280317595086728, 0.9958292603453894)",1,99.09854435524116,37083
"(0.9333333333333332, 0.9833229101521784)",2,99.09852369852378,37085
"(0.9008025849489264, 1.0)",1,99.09850222282827,37086
"(0.940002899623393, 0.9958292603453894)",1,99.09849715962756,37087
"(0.970772861441742, 0.9958292603453894)",1,99.09846170811326,37088
"(0.8476190476190477, 1.0)",1,99.0984126984127,37089
"(0.9326599326599326, 1.0)",1,99.09829351410902,37090
"(0.978848063174439, 0.9958292603453894)",1,99.09824548567742,37091
"(0.9126251340467026, 0.9958292603453894)",1,99.09814435389004,37092
"(0.947552083649559, 0.9958292603453894)",1,99.09812190660584,37093
"(0.9750481776288228, 0.9958292603453894)",1,99.0980851207793,37094
"(0.5131569832583307, 1.0)",1,99.09797024343052,37095
"(0.8158879904162925, 1.0)",1,99.09787196572324,37096
"(0.8885714285714285, 1.0)",2,99.09783113269938,37098
"(0.8420013166556946, 1.0)",1,99.0978022112307,37099
"(0.9326599326599326, 1.0)",1,99.09779391526313,37100
"(0.8796475392220073, 1.0)",2,99.09775133313086,37102
"(0.947552083649559, 0.9958292603453894)",2,99.09774401701392,37104
"(0.9161952650324744, 1.0)",1,99.09773759515528,37105
"(0.8229870141950848, 1.0)",1,99.0976937329628,37106
"(0.9623066688389268, 1.0)",1,99.09767947822073,37107
"(0.8579868984630887, 1.0)",1,99.097552384543,37108
"(0.8347775825943863, 0.9958292603453894)",2,99.09752869143968,37110
"(0.5910680656443368, 1.0)",1,99.0974800466326,37111
"(0.816195709052852, 1.0)",1,99.0974629335428,37112
"(0.8579868984630887, 1.0)",1,99.09745370884806,37113
"(0.9665831244778612, 0.9833229101521784)",1,99.09742987158133,37114
"(0.940002899623393, 0.9958292603453894)",1,99.09723033894228,37115
"(0.8374727668845315, 1.0)",1,99.09720708490552,37116
"(0.83308011601048, 0.9958292603453894)",1,99.09717639432728,37117
"(0.757745166550198, 1.0)",1,99.09711571601916,37118
"(0.6575398846941737, 1.0)",1,99.0970296949506,37119
"(0.9279680209218476, 0.9958292603453894)",1,99.09702118274224,37120
"(0.9161952650324744, 1.0)",1,99.09698856859168,37121
"(0.9279680209218476, 0.9958292603453894)",1,99.09681894551473,37122
"(0.9497171590194848, 1.0)",1,99.0968066532018,37123
"(0.9206165335472736, 0.9958292603453894)",1,99.09680240724424,37124
"(0.9333333333333332, 1.0)",2,99.09669601693211,37126
"(0.8443691323092412, 0.9958292603453894)",1,99.09661482084375,37127
"(0.7503607503607503, 1.0)",1,99.09658906608314,37128
"(0.8867361313822293, 0.9958292603453894)",1,99.0965407084606,37129
"(0.9833229101521784, 1.0)",1,99.09652965582993,37130
"(0.9454999712494968, 0.9958292603453894)",2,99.09646470075818,37132
"(0.8068904981347378, 1.0)",1,99.09641814276875,37133
"(0.9666562434855118, 1.0)",1,99.09630434676258,37134
"(0.7632275132275131, 1.0)",4,99.09624016184188,37138
"(0.9748461391725148, 1.0)",1,99.0961573778086,37139
"(0.6760835913312693, 1.0)",2,99.09614340065605,37141
"(0.975195619792394, 0.9958292603453894)",1,99.09612607519728,37142
"(0.9454999712494968, 0.9958292603453894)",1,99.09597416583637,37143
"(0.6734452539330588, 1.0)",1,99.09595026258798,37144
"(0.9916339869281046, 0.9958292603453894)",1,99.09593328371024,37145
"(0.9323035861460908, 0.9958292603453894)",1,99.09590886757977,37146
"(0.9874762808349148, 0.9958292603453894)",1,99.09590174610165,37147
"(0.8476190476190477, 1.0)",1,99.09586061165008,37148
"(0.9008025849489264, 1.0)",1,99.09583408862652,37149
"(0.7802197802197803, 1.0)",1,99.09582128381074,37150
"(0.902012682657844, 0.9958292603453894)",1,99.0958082811624,37151
"(0.949977467563772, 0.9958292603453894)",1,99.09580029060793,37152
"(0.8760238095238095, 0.9958292603453894)",1,99.09569455676264,37153
"(0.8365328658269835, 0.9958292603453894)",1,99.0956756893694,37154
"(0.7164894725870335, 1.0)",1,99.09561309128512,37155
"(0.9499687304565352, 1.0)",1,99.09557597735,37156
"(0.975195619792394, 0.9958292603453894)",1,99.09552441251532,37157
"(0.9161379295307868, 1.0)",1,99.09552122919648,37158
"(0.9747273037595618, 0.9958292603453894)",2,99.09549634635744,37160
"(0.9303715638302106, 1.0)",1,99.09548445407178,37161
"(0.8222222222222222, 1.0)",1,99.09545809437788,37162
"(0.6886904761904762, 1.0)",1,99.09536906106618,37163
"(0.8613656783468103, 1.0)",1,99.09526609815777,37164
"(0.9333333333333332, 1.0)",1,99.09525809950937,37165
"(0.6238244514106583, 1.0)",1,99.09516948065044,37166
"(0.7802197802197803, 1.0)",1,99.09514660315511,37167
"(0.9916585206907788, 0.9958292603453894)",1,99.0950454473921,37168
"(0.7656073923822403, 1.0)",1,99.0949501363591,37169
"(0.8907966222338917, 0.9958292603453894)",1,99.09484884972557,37170
"(0.97495917428555, 0.9958292603453894)",1,99.094826511371,37171
"(0.8016677935542034, 1.0)",1,99.09480374969633,37172
"(1.0, 1.0)",2,99.09469074986316,37174
"(0.844988344988345, 1.0)",2,99.09459179388575,37176
"(1.0, 1.0)",2,99.09455751235647,37178
"(0.8315474711586087, 0.9958292603453894)",1,99.09453886114822,37179
"(0.9198255060602112, 0.9958292603453894)",1,99.09453802147932,37180
"(0.9791348015256934, 0.9958292603453894)",1,99.09453634890774,37181
"(0.9161952650324744, 1.0)",1,99.09449316085482,37182
"(0.9358935587920408, 0.9958292603453894)",1,99.09446703753495,37183
"(0.9833229101521784, 1.0)",8,99.09443402126328,37191
"(1.0, 1.0)",6,99.09443402126328,37197
"(0.9369138996969484, 0.9958292603453894)",1,99.09441035748335,37198
"(0.9833040078201368, 0.9958292603453894)",2,99.09440714653618,37200
"(0.8613656783468103, 1.0)",1,99.09439216180442,37201
"(0.7601164382773579, 1.0)",1,99.09434497467676,37202
"(0.9874762808349148, 0.9958292603453894)",1,99.09428802976994,37203
"(0.8040695048423352, 1.0)",1,99.09421778340752,37204
"(0.8615866942983156, 1.0)",1,99.09416426220352,37205
"(0.9871616776282092, 0.9958292603453894)",1,99.09415506821612,37206
"(0.9131856219190184, 0.9958292603453894)",2,99.09409965168388,37208
"(0.958095238095238, 0.9958292603453894)",1,99.09406768924646,37209
"(0.9788980434141724, 0.9958292603453894)",1,99.09397913687935,37210
"(0.9916585206907788, 0.9958292603453894)",1,99.09395997662308,37211
"(0.6521663785997688, 1.0)",1,99.09394175244144,37212
"(0.7916666666666666, 1.0)",1,99.0939337904999,37213
"(0.930704099821747, 1.0)",1,99.09379949983057,37214
"(0.944563492063492, 1.0)",1,99.09375565003694,37215
"(0.6760835913312693, 1.0)",1,99.0937303047096,37216
"(0.8347775825943863, 0.9958292603453894)",1,99.09369076237768,37217
"(0.8814814814814814, 1.0)",1,99.09368786746464,37218
"(0.9705383010048324, 0.9958292603453894)",1,99.09365325713398,37219
"(0.9435817855979146, 0.9916666666666668)",1,99.0936515515607,37220
"(0.7416325017951034, 1.0)",2,99.09363268044385,37222
"(0.8635976129582268, 1.0)",1,99.09359094399636,37223
"(0.8907966222338917, 0.9916585206907788)",2,99.09356533137186,37225
"(0.978932178932179, 0.9958292603453894)",1,99.0934970923581,37226
"(0.6698155645524068, 1.0)",2,99.09342332379448,37228
"(0.97934925289764, 0.9958292603453894)",1,99.09340875470612,37229
"(0.917469251615593, 1.0)",1,99.09329326849864,37230
"(0.9497171590194846, 1.0)",1,99.09319991763311,37231
"(0.8158879904162925, 1.0)",2,99.09311753290396,37233
"(0.7503607503607503, 1.0)",1,99.09310340834423,37234
"(0.6575398846941737, 1.0)",1,99.09307541876376,37235
"(0.9916666666666668, 0.9958292603453894)",1,99.09305684698464,37236
"(0.8420013166556946, 1.0)",1,99.0930545806026,37237
"(0.902012682657844, 0.9958292603453894)",1,99.093027438507,37238
"(0.9499687304565352, 1.0)",1,99.0930211185667,37239
"(0.7647742788871822, 1.0)",1,99.09287998876373,37240
"(0.9750072792119512, 1.0)",1,99.09286945219236,37241
"(0.5070372093557577, 1.0)",2,99.09281151633525,37243
"(0.8813080639167598, 1.0)",2,99.09280146033652,37245
"(0.7532376017916352, 1.0)",1,99.09276806425676,37246
"(0.9833229101521784, 1.0)",1,99.09274577399052,37247
"(0.9131856219190184, 0.9958292603453894)",1,99.09272979223807,37248
"(0.8796475392220073, 1.0)",1,99.09257629587157,37249
"(0.8372053872053872, 1.0)",1,99.0923642349188,37250
"(0.9832965806068272, 0.9958292603453894)",2,99.09229930761262,37252
"(0.8165520116739629, 1.0)",1,99.09228657890634,37253
"(0.9442283950617284, 1.0)",1,99.09226583490316,37254
"(0.8177442148030384, 1.0)",1,99.09219624924104,37255
"(0.8420013166556946, 1.0)",1,99.09214883061772,37256
"(0.8523949169110459, 0.9958292603453894)",1,99.09213411482337,37257
"(0.9003556829643787, 1.0)",1,99.09199249510075,37258
"(0.9876221896383188, 0.9916666666666668)",1,99.09198342710518,37259
"(0.9916585206907788, 0.9958292603453894)",1,99.0919474326903,37260
"(0.9384174012481092, 0.9916585206907788)",1,99.09193333025416,37261
"(0.812557599070401, 1.0)",1,99.09186648431552,37262
"(0.5131569832583307, 1.0)",1,99.09180700119865,37263
"(0.5131569832583307, 1.0)",1,99.09178941531594,37264
"(0.8222222222222222, 1.0)",1,99.09173782940984,37265
"(1.0, 1.0)",1,99.09171573773008,37266
"(0.8976982097186702, 1.0)",1,99.09169967051656,37267
"(0.8552744708994707, 1.0)",1,99.09160523462904,37268
"(0.9750780096985032, 0.9958292603453894)",1,99.09158227053776,37269
"(0.8796475392220073, 1.0)",2,99.09156940889814,37271
"(0.9789546069211384, 0.9958292603453894)",1,99.09151080191248,37272
"(0.9490213526488036, 0.9958292603453894)",1,99.09136110665531,37273
"(0.9301144010060736, 1.0)",1,99.0912973223381,37274
"(0.8970129352925051, 0.9958292603453894)",1,99.091217044708,37275
"(0.7855494505494506, 1.0)",1,99.09117276138868,37276
"(0.7532376017916352, 1.0)",1,99.09105438633254,37277
"(0.829257487152224, 1.0)",1,99.09094827157188,37278
"(0.7278086237149632, 1.0)",1,99.09086464973576,37279
"(0.7802197802197803, 1.0)",1,99.09074634747044,37280
"(0.9791332681655264, 0.9958292603453894)",1,99.0904601773432,37281
"(0.9791299139401608, 0.9958292603453894)",1,99.09040102750778,37282
"(0.882673371045464, 1.0)",1,99.09035951142492,37283
"(0.979273283115788, 0.9958292603453894)",1,99.09031911587118,37284
"(0.5131569832583307, 1.0)",1,99.0901658514998,37285
"(0.9707136080238548, 0.9958292603453894)",2,99.09013716362664,37287
"(0.808446455505279, 1.0)",1,99.09007767551904,37288
"(0.9833229101521784, 1.0)",2,99.09007041830525,37290
"(0.7944219523166891, 1.0)",1,99.08997093196292,37291
"(0.8420013166556946, 1.0)",1,99.08996408971026,37292
"(0.9874762808349148, 0.9916666666666668)",1,99.08984223763302,37293
"(0.930124456440246, 1.0)",1,99.08977794060849,37294
"(0.8476190476190477, 1.0)",1,99.08967815959336,37295
"(0.898989898989899, 1.0)",1,99.08963400092348,37296
"(0.9750481776288228, 0.9958292603453894)",1,99.0896043452824,37297
"(0.9147764646501256, 0.9958292603453894)",1,99.08951743095535,37298
"(0.8128971639097002, 1.0)",6,99.08948720796866,37304
"(0.8016677935542034, 1.0)",1,99.08942147384566,37305
"(0.8796475392220073, 1.0)",1,99.089411078505,37306
"(0.5910680656443368, 1.0)",1,99.08941076050272,37307
"(0.8316498316498316, 1.0)",1,99.0893735484455,37308
"(0.9161952650324744, 1.0)",1,99.08934891771432,37309
"(0.9665831244778612, 1.0)",1,99.0892548079584,37310
"(0.786508365740383, 1.0)",1,99.08925273053777,37311
"(0.902012682657844, 0.9958292603453894)",1,99.0891215811774,37312
"(0.81893131227901, 1.0)",1,99.08891668948225,37313
"(0.9665831244778612, 1.0)",1,99.08887836461744,37314
"(0.8907966222338917, 0.9958292603453894)",1,99.08887201344082,37315
"(0.9161952650324744, 1.0)",1,99.08886959487646,37316
"(0.9326599326599326, 1.0)",1,99.08880457621876,37317
"(0.9153439153439152, 1.0)",1,99.08872070854936,37318
"(0.7344692811916678, 1.0)",1,99.0886710729518,37319
"(0.9833229101521784, 1.0)",1,99.08866030739016,37320
"(0.8533622685185187, 1.0)",1,99.08861088943284,37321
"(0.7421018697614443, 1.0)",1,99.08859288233444,37322
"(1.0, 1.0)",1,99.08858810566126,37323
"(1.0, 0.9958292603453894)",1,99.08858743951382,37324
"(0.8976982097186702, 1.0)",2,99.08855120184484,37326
"(0.8054298642533937, 1.0)",1,99.08853993505689,37327
"(0.7222222222222221, 1.0)",1,99.08851349762776,37328
"(1.0, 1.0)",1,99.08845418008109,37329
"(0.8615866942983156, 1.0)",1,99.08842230780417,37330
"(0.617513611615245, 1.0)",1,99.08841308251472,37331
"(0.917655049465296, 0.9958292603453894)",1,99.08827649720844,37332
"(0.9153439153439152, 1.0)",1,99.08825829058937,37333
"(0.8300265307680562, 1.0)",1,99.08817501663168,37334
"(0.7916666666666666, 1.0)",1,99.08807908544826,37335
"(0.9126251340467026, 0.9958292603453894)",1,99.08796728786768,37336
"(0.617513611615245, 1.0)",1,99.08790644201866,37337
"(0.7802197802197803, 1.0)",1,99.08790134142106,37338
"(0.970619176311776, 0.9958292603453894)",2,99.08763168805592,37340
"(0.9834440227703986, 0.9958292603453894)",1,99.08762865026247,37341
"(0.9791258409522168, 0.9958292603453894)",1,99.0875974921378,37342
"(0.812557599070401, 1.0)",1,99.08752824762368,37343
"(0.8443691323092412, 0.9958292603453894)",1,99.08749370650534,37344
"(0.8997493734335841, 1.0)",1,99.087450232769,37345
"(0.9580331374974232, 1.0)",1,99.0874466826662,37346
"(0.9791332681655264, 0.9958292603453894)",1,99.08738162632078,37347
"(0.9669558693467613, 0.9958292603453894)",1,99.08737521245814,37348
"(0.6886904761904762, 1.0)",1,99.08735919251347,37349
"(0.8796475392220073, 1.0)",1,99.0872793764518,37350
"(0.987463247273494, 0.9958292603453894)",1,99.08727487808328,37351
"(0.8928598364786969, 0.9958292603453894)",1,99.08724151081464,37352
"(0.6747507742934573, 1.0)",1,99.08708413709483,37353
"(0.9008025849489264, 1.0)",1,99.08679884514288,37354
"(0.4039045743444857, 1.0)",2,99.08679270122768,37356
"(0.8796475392220073, 1.0)",1,99.08672822095708,37357
"(0.8222222222222222, 1.0)",1,99.08668853988884,37358
"(0.9669795885118464, 0.9958292603453894)",1,99.0866050619031,37359
"(0.9499687304565352, 1.0)",1,99.08659455983884,37360
"(0.934122934122934, 1.0)",1,99.08656733668488,37361
"(0.8229870141950848, 1.0)",1,99.08650690599669,37362
"(0.9280459216361852, 0.9958292603453894)",1,99.08645283212746,37363
"(1.0, 1.0)",1,99.08645222290392,37364
"(0.7372334455667788, 1.0)",1,99.08635194558111,37365
"(0.9876221896383188, 0.9958292603453894)",1,99.0863044233096,37366
"(0.9153439153439156, 1.0)",1,99.0863019501614,37367
"(0.7042648709315374, 1.0)",1,99.08626365162992,37368
"(0.9833229101521784, 1.0)",1,99.08622384063932,37369
"(1.0, 1.0)",1,99.08622384063932,37370
"(0.7421018697614443, 0.9833229101521784)",1,99.08618134612595,37371
"(0.6733821733821733, 1.0)",2,99.08603519491842,37373
"(0.9206165335472736, 0.9958292603453894)",1,99.08602305725309,37374
"(0.81893131227901, 1.0)",1,99.08596725689196,37375
"(0.9166145507608924, 1.0)",1,99.08590438468488,37376
"(0.9326599326599326, 1.0)",1,99.08588828284142,37377
"(0.6042502004811546, 1.0)",1,99.0857961473098,37378
"(0.6825396825396824, 1.0)",1,99.08577152312152,37379
"(1.0, 1.0)",2,99.08570681534717,37381
"(0.7204751921733054, 1.0)",1,99.08555455725266,37382
"(0.7277677677677677, 1.0)",1,99.08553477753809,37383
"(0.9874762808349148, 0.9958292603453894)",1,99.08547721436852,37384
"(0.8347775825943863, 0.9958292603453894)",1,99.08543750046778,37385
"(0.958095238095238, 0.9958292603453894)",1,99.08540834834018,37386
"(0.9435817855979146, 0.9958292603453894)",1,99.0853339097124,37387
"(0.7075023741690408, 1.0)",1,99.08528015194682,37388
"(0.8832603710652491, 1.0)",1,99.08527147310946,37389
"(0.9707136080238548, 0.9958292603453894)",1,99.08514047124788,37390
"(0.9437903841498612, 1.0)",1,99.08510198641758,37391
"(0.6575398846941737, 1.0)",1,99.08509686844477,37392
"(0.9280317595086728, 0.9916585206907788)",1,99.08506828992743,37393
"(0.9874762808349148, 0.9958292603453894)",1,99.08497346331828,37394
"(0.950297813353496, 0.9958292603453894)",1,99.08491680894466,37395
"(0.7532376017916352, 1.0)",2,99.08468566843614,37397
"(0.9497171590194846, 1.0)",1,99.08459517193327,37398
"(0.9876221896383188, 0.9958292603453894)",1,99.08453036892604,37399
"(0.9131856219190184, 0.9958292603453894)",2,99.0844757386401,37401
"(0.9664171122994653, 0.9958292603453894)",1,99.08435187233552,37402
"(0.9916625936787228, 0.9958292603453894)",1,99.08435083552548,37403
"(0.8796475392220073, 1.0)",2,99.0842595396309,37405
"(0.971023600055858, 0.9958292603453894)",1,99.08416192873716,37406
"(1.0, 1.0)",1,99.08414844663793,37407
"(0.9707136080238548, 0.9958292603453894)",1,99.0840118956184,37408
"(0.7042648709315374, 1.0)",2,99.08399065419688,37410
"(0.9018806250259218, 1.0)",1,99.08393966826652,37411
"(0.9153439153439156, 1.0)",1,99.0839161669023,37412
"(0.9871616776282092, 0.9958292603453894)",1,99.08391333777072,37413
"(0.9410852767304382, 0.9958292603453894)",1,99.0838434787565,37414
"(0.7734344933751168, 1.0)",2,99.08379258136324,37416
"(0.8552744708994707, 1.0)",1,99.08376216334877,37417
"(0.8158879904162925, 1.0)",1,99.083750600803,37418
"(0.7802197802197803, 1.0)",1,99.08371184371184,37419
"(1.0, 1.0)",1,99.08369200240767,37420
"(0.4747763864042934, 1.0)",1,99.08362542984185,37421
"(0.987463247273494, 0.9958292603453894)",1,99.08350667211516,37422
"(0.8016677935542034, 1.0)",1,99.083484738132,37423
"(0.987463247273494, 0.9958292603453894)",1,99.08346383507192,37424
"(0.8907966222338917, 0.9958292603453894)",1,99.08342791321948,37425
"(0.9876221896383188, 0.9958292603453894)",1,99.0834226360191,37426
"(0.9788980434141724, 0.9958292603453894)",1,99.08339185717016,37427
"(0.9333333333333332, 1.0)",1,99.083276434204,37428
"(0.933096859926128, 1.0)",1,99.08319848460404,37429
"(0.6825396825396824, 1.0)",1,99.08306094615186,37430
"(0.9873444118605408, 0.9958292603453894)",1,99.08298934890658,37431
"(0.8181654379194883, 1.0)",1,99.08293575580596,37432
"(0.9326599326599326, 1.0)",1,99.08289650728672,37433
"(0.9832401090007582, 0.9958292603453894)",1,99.082850697603,37434
"(0.8247905643738976, 1.0)",1,99.0828132613254,37435
"(0.9915151515151516, 0.9958292603453894)",1,99.08279438665068,37436
"(1.0, 1.0)",1,99.08269736254324,37437
"(0.9746535316523212, 0.9958292603453894)",1,99.08262859509854,37438
"(0.93773047895128, 0.9958292603453894)",1,99.08259931186598,37439
"(0.5910680656443368, 1.0)",1,99.08258585685184,37440
"(0.861111111111111, 1.0)",1,99.08252925935852,37441
"(0.7601164382773579, 1.0)",1,99.08251280094991,37442
"(0.9279680209218476, 0.9958292603453894)",1,99.08245740759372,37443
"(0.7344692811916678, 1.0)",1,99.0824386508966,37444
"(0.861111111111111, 1.0)",1,99.08237133237134,37445
"(0.6698155645524068, 1.0)",1,99.0822950636907,37446
"(0.8880984643179766, 1.0)",1,99.08228372022688,37447
"(0.9326599326599326, 1.0)",2,99.0822584210504,37449
"(0.9833229101521784, 1.0)",2,99.08224402546674,37451
"(1.0, 1.0)",1,99.08224402546674,37452
"(0.9876066164491212, 0.9958292603453894)",1,99.0821935887158,37453
"(0.7344692811916678, 1.0)",1,99.08218718237887,37454
"(0.9008025849489264, 1.0)",1,99.08209944331304,37455
"(0.8976982097186702, 1.0)",1,99.08208231565992,37456
"(0.6825396825396824, 1.0)",1,99.08208059235017,37457
"(1.0, 1.0)",1,99.08203518972256,37458
"(0.8845578466141503, 1.0)",1,99.08202797026134,37459
"(0.8341307814992026, 0.9833229101521784)",4,99.08188284876351,37463
"(0.9833229101521784, 1.0)",1,99.08186023768124,37464
"(0.9297812306740878, 1.0)",1,99.08181234047944,37465
"(0.9161952650324744, 1.0)",1,99.08177540859276,37466
"(0.8997493734335841, 1.0)",2,99.08171413081106,37468
"(0.6544644252235129, 1.0)",1,99.08161339357224,37469
"(0.9200043551329178, 0.9958292603453894)",1,99.08159066099456,37470
"(0.8732774170274171, 1.0)",1,99.0813897597432,37471
"(0.9835199925522506, 0.9958292603453894)",1,99.08136242231572,37472
"(0.8294970161977834, 1.0)",1,99.08134000834528,37473
"(0.962505246140658, 0.9958292603453894)",1,99.08131816732056,37474
"(0.7362637362637362, 1.0)",1,99.08129708957694,37475
"(0.9009534009534008, 1.0)",1,99.08125060780664,37476
"(0.8247905643738976, 1.0)",1,99.08123849386295,37477
"(0.7183489076634237, 1.0)",1,99.0812112873254,37478
"(0.9332172991312776, 0.9916585206907788)",1,99.08120173712412,37479
"(1.0, 1.0)",1,99.08118237520868,37480
"(0.8158879904162925, 1.0)",2,99.08114807455584,37482
"(0.73687720936437, 1.0)",1,99.08106263442272,37483
"(0.9280317595086728, 0.9958292603453894)",1,99.08104417734224,37484
"(0.7503607503607503, 1.0)",1,99.08104309914968,37485
"(0.8420013166556946, 1.0)",1,99.08102538326597,37486
"(0.9442283950617284, 1.0)",1,99.0809915094379,37487
"(0.90616388000495, 0.9958292603453894)",1,99.08095720853476,37488
"(0.9161952650324744, 1.0)",1,99.08093328300114,37489
"(0.9333044546043194, 0.9958292603453894)",1,99.08093219682152,37490
"(0.902012682657844, 0.9958292603453894)",1,99.08087002017336,37491
"(0.9833211143695014, 0.9958292603453894)",1,99.08085262911736,37492
"(0.9580602951397298, 0.9958292603453894)",1,99.08080873987149,37493
"(0.861111111111111, 1.0)",1,99.08077763390926,37494
"(0.8907966222338917, 0.9958292603453894)",1,99.08074958043863,37495
"(0.9958292603453894, 0.9958292603453894)",1,99.08070441640798,37496
"(0.975195619792394, 0.9958292603453894)",1,99.08068297680448,37497
"(0.8053381731676306, 1.0)",1,99.08067913309368,37498
"(0.9332172991312776, 0.9958292603453894)",1,99.0806384779433,37499
"(0.6831352928913905, 1.0)",1,99.08063775239644,37500
"(0.7362637362637362, 1.0)",1,99.08060476109256,37501
"(0.9333333333333332, 1.0)",1,99.08059376944348,37502
"(0.898989898989899, 1.0)",2,99.08054353625492,37504
"(0.9161952650324744, 1.0)",1,99.08050905117558,37505
"(0.9720813204508856, 1.0)",1,99.08050360111908,37506
"(0.8495378883833893, 0.9958292603453894)",1,99.0804661530499,37507
"(0.7060994560994561, 1.0)",1,99.08045430893318,37508
"(0.9791258409522168, 0.9958292603453894)",1,99.08038676967584,37509
"(0.7060994560994561, 1.0)",1,99.08030646830066,37510
"(0.9279680209218476, 0.9958292603453894)",1,99.08022472537014,37511
"(0.9958292603453894, 0.9958292603453894)",1,99.08018931794042,37512
"(0.8468951683237397, 1.0)",1,99.0801708591628,37513
"(0.8600291387756281, 0.9916585206907788)",1,99.08017006415837,37514
"(0.7532376017916352, 1.0)",1,99.08010892926086,37515
"(0.9582389563841176, 0.9958292603453894)",2,99.08008485940668,37517
"(0.7372334455667788, 1.0)",1,99.08000997065,37518
"(0.9958292603453894, 0.9958292603453894)",1,99.07995624858086,37519
"(0.8420013166556946, 1.0)",1,99.07990377866744,37520
"(0.9874762808349148, 0.9958292603453894)",1,99.07986765439392,37521
"(0.617513611615245, 1.0)",1,99.07981866398082,37522
"(0.8053381731676306, 1.0)",1,99.07978627106829,37523
"(0.861111111111111, 1.0)",1,99.07974760734264,37524
"(0.7278086237149632, 1.0)",2,99.07974052571193,37526
"(0.9189396095602992, 0.9958292603453894)",1,99.07961305249192,37527
"(0.9873444118605408, 0.9958292603453894)",1,99.07960693010834,37528
"(0.978932178932179, 0.9958292603453894)",1,99.07960105321146,37529
"(0.9666562434855118, 1.0)",1,99.079513756343,37530
"(0.9435817855979146, 0.9958292603453894)",1,99.07944438251954,37531
"(0.7042648709315374, 1.0)",1,99.07942100933492,37532
"(0.9333333333333332, 1.0)",1,99.0792964647774,37533
"(0.979273283115788, 0.9958292603453894)",1,99.0792932079618,37534
"(0.979273283115788, 0.9958292603453894)",1,99.07924768132824,37535
"(0.8040695048423352, 1.0)",1,99.07921686674572,37536
"(0.9625085772334347, 0.9958292603453894)",1,99.07921393850371,37537
"(0.93773047895128, 0.9958292603453894)",1,99.07903059285,37538
"(0.9625757575757576, 0.9958292603453894)",1,99.07899158725373,37539
"(0.6825396825396824, 0.9833229101521784)",1,99.07893876290352,37540
"(0.9749706744868036, 0.9958292603453894)",1,99.07889047331382,37541
"(0.9791258409522168, 0.9958292603453894)",1,99.07882607350884,37542
"(0.9707136080238548, 0.9958292603453894)",1,99.07878677177273,37543
"(0.917469251615593, 1.0)",1,99.07877238987456,37544
"(0.9833229101521784, 1.0)",1,99.07876326874609,37545
"(0.8929015655249481, 0.9958292603453894)",1,99.07873818857904,37546
"(0.725278469959321, 1.0)",1,99.0787345739875,37547
"(0.9916666666666668, 0.9958292603453894)",1,99.07872797669766,37548
"(0.9833229101521784, 1.0)",1,99.07868575993052,37549
"(0.9166682405676116, 1.0)",1,99.07860977037578,37550
"(0.4776542240827955, 1.0)",1,99.07857852831457,37551
"(0.8958208965097509, 0.9958292603453894)",1,99.0785083987269,37552
"(0.9622634791942192, 0.9958292603453894)",1,99.07850276833044,37553
"(0.93773047895128, 0.9958292603453894)",1,99.07847851230646,37554
"(0.8495378883833893, 0.9958292603453894)",1,99.07845483560712,37555
"(0.8177442148030384, 1.0)",1,99.07842147941346,37556
"(0.9279680209218476, 0.9958292603453894)",1,99.0783763786911,37557
"(0.8796475392220073, 0.9833229101521784)",1,99.0783650960911,37558
"(1.0, 1.0)",1,99.07835311238588,37559
"(0.9454999712494968, 0.9916585206907788)",1,99.07832789152674,37560
"(0.6747507742934573, 1.0)",1,99.07817933131632,37561
"(0.8065954953750508, 1.0)",2,99.07813706646368,37563
"(1.0, 1.0)",1,99.07788042250868,37564
"(0.9833229101521784, 1.0)",1,99.07788042250868,37565
"(0.9833229101521784, 1.0)",2,99.07775693141546,37567
"(1.0, 1.0)",4,99.07775693141546,37571
"(0.9583930063253372, 1.0)",1,99.077716115044,37572
"(0.9665831244778612, 1.0)",4,99.07769423558898,37576
"(0.7673678366541239, 1.0)",1,99.0776937766004,37577
"(1.0, 1.0)",1,99.07759900442828,37578
"(0.987463247273494, 0.9958292603453894)",2,99.0775577847978,37580
"(0.8294970161977834, 1.0)",1,99.07745796607512,37581
"(1.0, 1.0)",1,99.07744107744108,37582
"(0.6575398846941737, 1.0)",1,99.07741086306596,37583
"(1.0, 1.0)",1,99.07725339650231,37584
"(0.8425483191745751, 1.0)",1,99.0772434537446,37585
"(0.9747838672665278, 1.0)",1,99.07714531567623,37586
"(0.9666562434855118, 1.0)",1,99.0770838573612,37587
"(0.8365328658269835, 0.9958292603453894)",1,99.07702641350282,37588
"(0.6636745887678723, 1.0)",1,99.0769887439897,37589
"(0.97934925289764, 0.9958292603453894)",1,99.07694008522726,37590
"(0.8016677935542034, 1.0)",1,99.07693509841376,37591
"(0.8676532769556025, 1.0)",1,99.07686624576264,37592
"(0.9833229101521784, 1.0)",1,99.07684341247771,37593
"(0.9833251873574456, 0.9958292603453894)",1,99.0767672416638,37594
"(0.6747507742934573, 1.0)",2,99.0767010964545,37596
"(0.8165509259259259, 1.0)",1,99.07666483431905,37597
"(0.6804620726495727, 1.0)",1,99.07666217357848,37598
"(0.8732774170274171, 1.0)",1,99.07652984199336,37599
"(0.9873444118605408, 0.9958292603453894)",1,99.07651054376784,37600
"(0.8976982097186702, 1.0)",1,99.0763323717314,37601
"(0.9665831244778612, 1.0)",1,99.07630562874016,37602
"(0.9916339869281046, 0.9958292603453894)",1,99.07628795341184,37603
"(0.826388888888889, 1.0)",1,99.07621667304716,37604
"(0.5910680656443368, 1.0)",1,99.07621647217874,37605
"(0.9583930063253372, 1.0)",1,99.07619332830284,37606
"(0.8600291387756281, 0.9916585206907788)",1,99.0761181599167,37607
"(0.9581458989353726, 1.0)",1,99.07611651144472,37608
"(0.97934925289764, 0.9958292603453894)",1,99.07608618975664,37609
"(0.942324305015694, 0.9958292603453894)",1,99.07603631260882,37610
"(0.9833251873574456, 0.9958292603453894)",1,99.07594897702128,37611
"(0.6698155645524068, 1.0)",1,99.0759441807666,37612
"(0.6760835913312693, 1.0)",1,99.07590374843788,37613
"(0.8796475392220073, 1.0)",2,99.07585649005873,37615
"(0.7687400318979267, 1.0)",1,99.0758393013762,37616
"(1.0, 1.0)",1,99.07581260365424,37617
"(0.9750780096985032, 0.9958292603453894)",1,99.07576852173176,37618
"(0.970619176311776, 0.9958292603453894)",1,99.07569320006212,37619
"(0.9490213526488036, 0.9958292603453894)",1,99.07568928110064,37620
"(0.6238244514106583, 1.0)",1,99.07561896231849,37621
"(0.9833040078201368, 0.9958292603453894)",1,99.07556609242243,37622
"(0.8365328658269835, 0.9958292603453894)",2,99.07550836830032,37624
"(0.9280459216361852, 0.9958292603453894)",1,99.07546619013462,37625
"(0.8796475392220073, 1.0)",1,99.07537184439906,37626
"(0.9384174012481092, 0.9958292603453894)",1,99.07522340398349,37627
"(0.6215073982652175, 1.0)",1,99.07519317555088,37628
"(0.9008025849489264, 1.0)",1,99.07510653036869,37629
"(0.9299160159815896, 1.0)",1,99.07505896239007,37630
"(0.9, 1.0)",1,99.07500467162076,37631
"(0.7075023741690408, 1.0)",1,99.0748943786728,37632
"(0.979055829228243, 0.9958292603453894)",1,99.07489265172508,37633
"(0.4943189964157706, 1.0)",1,99.07475468975468,37634
"(0.6179693015417549, 1.0)",1,99.07472265897826,37635
"(1.0, 1.0)",1,99.07470882540515,37636
"(0.8928598364786969, 0.9958292603453894)",2,99.07470230696909,37638
"(0.9833229101521784, 1.0)",1,99.07466393311856,37639
"(0.9746535316523212, 0.9958292603453894)",2,99.07459406238088,37641
"(0.8976982097186702, 1.0)",2,99.07456776007989,37643
"(0.8635976129582268, 1.0)",1,99.07456758554116,37644
"(0.8928598364786969, 0.9958292603453894)",1,99.07455349108622,37645
"(0.9182966261114094, 0.9958292603453894)",1,99.0745401219843,37646
"(0.9707136080238548, 0.9916666666666668)",1,99.07444578670216,37647
"(0.9497171590194846, 1.0)",2,99.07440863303805,37649
"(0.8266173510466989, 1.0)",1,99.07438876315229,37650
"(0.9299507899507898, 1.0)",1,99.07436624866716,37651
"(0.9126251340467026, 0.9958292603453894)",1,99.0742732997582,37652
"(0.9332172991312776, 0.9958292603453894)",1,99.07422161360984,37653
"(0.7562136521052955, 0.986081059422206)",1,99.07421092417532,37654
"(0.9916585206907788, 0.9958292603453894)",1,99.0742048630421,37655
"(0.8547756205106323, 1.0)",1,99.0741855075436,37656
"(0.7090909090909091, 1.0)",1,99.07417027417029,37657
"(0.6907243513029603, 1.0)",1,99.07413005325388,37658
"(0.9332172991312776, 0.9916585206907788)",1,99.07411604169504,37659
"(0.9649790647893116, 0.9958292603453894)",1,99.07405252515495,37660
"(0.8347775825943863, 0.9958292603453894)",1,99.0740081117208,37661
"(0.7687400318979267, 1.0)",1,99.0740050635172,37662
"(0.947552083649559, 0.9958292603453894)",1,99.07395275690008,37663
"(0.812557599070401, 1.0)",1,99.07391492470356,37664
"(0.8165520116739629, 1.0)",2,99.07389433942988,37666
"(0.7362637362637362, 1.0)",4,99.07382064770874,37670
"(1.0, 1.0)",2,99.07374690779608,37672
"(0.9279680209218476, 0.9958292603453894)",1,99.07372782291525,37673
"(0.7720986603035019, 0.9988619159967322)",1,99.0737068787839,37674
"(0.8347775825943863, 0.9958292603453894)",1,99.0736839235338,37675
"(0.987463247273494, 0.9958292603453894)",1,99.0736815565791,37676
"(0.8016677935542034, 1.0)",1,99.07359411316538,37677
"(0.8760238095238095, 0.9958292603453894)",1,99.07350441384531,37678
"(0.8796475392220073, 1.0)",1,99.073397219665,37679
"(0.9833229101521784, 1.0)",1,99.0733933284574,37680
"(0.8796475392220073, 1.0)",1,99.07337539536864,37681
"(1.0, 1.0)",1,99.0733306326309,37682
"(0.9166682405676116, 1.0)",1,99.07327535819527,37683
"(0.8016677935542034, 1.0)",1,99.07325461323536,37684
"(0.7545469576719577, 1.0)",1,99.07323659795956,37685
"(0.8476190476190477, 1.0)",1,99.0732330551264,37686
"(0.6698155645524068, 1.0)",1,99.0731429888041,37687
"(0.9665831244778612, 1.0)",1,99.0730309499692,37688
"(0.9750481776288228, 0.9958292603453894)",2,99.07287873232902,37690
"(0.9791258409522168, 0.9958292603453894)",1,99.07281149060876,37691
"(0.9582389563841176, 0.9958292603453894)",1,99.07277509997176,37692
"(0.9623066688389268, 0.9958292603453894)",1,99.07271176152756,37693
"(0.9791258409522168, 0.9958292603453894)",1,99.0727020151304,37694
"(0.9161952650324744, 1.0)",1,99.07258828567772,37695
"(0.9279680209218476, 0.9916585206907788)",1,99.0725601853472,37696
"(0.9282083232965586, 0.9958292603453894)",1,99.0725518818502,37697
"(0.8266173510466989, 1.0)",1,99.0725399014744,37698
"(0.8165509259259259, 1.0)",2,99.07253118610195,37700
"(0.9182966261114094, 0.9958292603453894)",1,99.07251338486724,37701
"(0.6909022710223011, 1.0)",1,99.07241648568444,37702
"(0.9792766373411534, 0.9958292603453894)",1,99.0723843194561,37703
"(0.987491854024112, 0.9958292603453894)",1,99.07233857372776,37704
"(0.9182966261114094, 0.9958292603453894)",1,99.0722128781665,37705
"(0.7786375661375661, 1.0)",1,99.07212047364288,37706
"(0.9747838672665278, 1.0)",1,99.0721122239002,37707
"(0.844988344988345, 1.0)",1,99.07205656274976,37708
"(0.8796475392220073, 1.0)",1,99.07201440763,37709
"(0.617513611615245, 1.0)",1,99.07195428651008,37710
"(1.0, 1.0)",1,99.07193985313609,37711
"(0.9791299139401608, 0.9958292603453894)",1,99.07186760647028,37712
"(0.9833040078201368, 0.9958292603453894)",1,99.0718458004768,37713
"(0.7362637362637362, 1.0)",1,99.07183742779694,37714
"(0.8137566137566138, 1.0)",1,99.07172220919142,37715
"(0.6575398846941737, 1.0)",1,99.07171469434368,37716
"(0.861111111111111, 1.0)",1,99.07164319692308,37717
"(0.933096859926128, 1.0)",4,99.07162710775664,37721
"(0.9157097551404952, 0.9958292603453894)",1,99.0715812495876,37722
"(0.8796475392220073, 1.0)",1,99.07157993605384,37723
"(1.0, 1.0)",1,99.07156818870106,37724
"(0.6179693015417549, 1.0)",2,99.07146874654732,37726
"(0.987463247273494, 0.9958292603453894)",1,99.07145468741297,37727
"(0.9876221896383188, 0.9958292603453894)",1,99.07136935491376,37728
"(0.9832965806068272, 0.9958292603453894)",1,99.07135919624194,37729
"(0.9051976597090448, 0.9958292603453894)",1,99.07132237747638,37730
"(0.9279680209218476, 0.9958292603453894)",1,99.0713043085163,37731
"(0.9384174012481092, 0.9958292603453894)",1,99.0712963833821,37732
"(0.9027777777777778, 1.0)",1,99.07125698807812,37733
"(0.9583930063253372, 1.0)",2,99.07117101146734,37735
"(0.6636745887678723, 1.0)",1,99.07112906209017,37736
"(0.9198255060602112, 0.9958292603453894)",1,99.07110336327604,37737
"(1.0, 1.0)",1,99.07104588865596,37738
"(0.8600291387756281, 0.9958292603453894)",1,99.07099795548298,37739
"(0.7075023741690408, 1.0)",1,99.0709703817828,37740
"(0.9166145507608924, 1.0)",1,99.07095723156854,37741
"(1.0, 1.0)",1,99.07094212355362,37742
"(0.9750481776288228, 0.9958292603453894)",1,99.07086170743698,37743
"(0.958095238095238, 0.9916666666666668)",1,99.07082319800033,37744
"(0.9369138996969484, 0.9958292603453894)",1,99.07082123154083,37745
"(0.6042502004811546, 1.0)",1,99.07076196809749,37746
"(0.9153439153439156, 1.0)",1,99.07069491480084,37747
"(1.0, 1.0)",1,99.070684117946,37748
"(0.947552083649559, 0.9958292603453894)",1,99.07068186353575,37749
"(0.917655049465296, 0.9958292603453894)",1,99.07065159462245,37750
"(0.9333044546043194, 0.9958292603453894)",1,99.07064037055368,37751
"(0.8887202421952387, 1.0)",1,99.07061513441496,37752
"(0.9665831244778612, 1.0)",1,99.07060937828528,37753
"(0.9833040078201368, 0.9958292603453894)",1,99.07056666470422,37754
"(0.4776542240827955, 1.0)",2,99.0705428520989,37756
"(1.0, 1.0)",1,99.07052054061288,37757
"(0.8420013166556946, 1.0)",1,99.07049000189475,37758
"(0.9490213526488036, 0.9958292603453894)",1,99.07046587166496,37759
"(0.9331662489557224, 1.0)",1,99.07038268052736,37760
"(0.898989898989899, 1.0)",2,99.07031887350269,37762
"(0.6911324786324786, 1.0)",1,99.07028880405228,37763
"(0.7090909090909091, 1.0)",1,99.070276471496,37764
"(0.9182966261114094, 0.9958292603453894)",1,99.07025672835388,37765
"(0.9384174012481092, 0.9958292603453894)",2,99.07024521078672,37767
"(0.9126251340467026, 0.9958292603453894)",1,99.07020089951324,37768
"(0.7155555555555556, 1.0)",1,99.07016631157184,37769
"(0.9003556829643787, 1.0)",1,99.07014841578668,37770
"(0.8976982097186702, 1.0)",1,99.07012808081129,37771
"(0.7077308656256025, 1.0)",1,99.07010220923796,37772
"(0.8399588504703595, 0.9958292603453894)",1,99.07003843229722,37773
"(0.8420013166556946, 1.0)",1,99.0699995980019,37774
"(0.9833229101521784, 1.0)",4,99.06999100837356,37778
"(0.7786375661375661, 1.0)",1,99.06992875478949,37779
"(0.9750780096985032, 0.9958292603453894)",1,99.06990723020668,37780
"(0.7340930674264006, 1.0)",1,99.06986840320174,37781
"(0.9126251340467026, 0.9958292603453894)",1,99.06986093610038,37782
"(0.7344692811916678, 1.0)",1,99.06981485480016,37783
"(0.9131856219190184, 0.9916585206907788)",1,99.06979955477698,37784
"(0.8016677935542034, 1.0)",1,99.06973854845424,37785
"(0.617513611615245, 1.0)",1,99.0697294714398,37786
"(0.9833229101521784, 1.0)",1,99.0697217028328,37787
"(0.9707136080238548, 0.9958292603453894)",1,99.06969097454676,37788
"(0.9454999712494968, 0.9916585206907788)",1,99.069656200791,37789
"(1.0, 0.9958292603453894)",1,99.06960334267698,37790
"(0.987491854024112, 1.0)",1,99.0695896371816,37791
"(0.9166145507608924, 1.0)",1,99.0695395725763,37792
"(0.9009534009534008, 1.0)",1,99.06944070887602,37793
"(0.9034438470728792, 0.9958292603453894)",1,99.06928691180038,37794
"(0.4039045743444857, 1.0)",1,99.06924687003756,37795
"(0.9161379295307868, 1.0)",1,99.06921682677908,37796
"(0.8310777799491891, 1.0)",1,99.0692012776144,37797
"(0.7119388248146047, 1.0)",1,99.06916217392435,37798
"(1.0, 1.0)",1,99.069138470544,37799
"(0.8312205288949474, 1.0)",1,99.06904935179988,37800
"(0.9333333333333332, 1.0)",1,99.06904481725044,37801
"(0.9497171590194848, 1.0)",1,99.06903888169111,37802
"(0.9497171590194846, 1.0)",2,99.06898205167998,37804
"(0.861111111111111, 1.0)",1,99.06896282906402,37805
"(0.9618291283060416, 0.9958292603453894)",2,99.06895516436046,37807
"(0.8907966222338917, 0.9958292603453894)",1,99.06889487164467,37808
"(0.8760238095238095, 0.9958292603453894)",2,99.0688232205288,37810
"(0.9008627640703112, 1.0)",1,99.06868540651178,37811
"(0.8997493734335841, 1.0)",1,99.06865285006526,37812
"(0.9326599326599326, 1.0)",1,99.06858144691384,37813
"(0.9280317595086728, 0.9958292603453894)",1,99.06856707342222,37814
"(0.9326599326599326, 1.0)",1,99.06849254616714,37815
"(0.9833229101521784, 1.0)",1,99.06842165116149,37816
"(0.7880931329207191, 1.0)",1,99.06838137738488,37817
"(0.975195619792394, 0.9958292603453894)",1,99.06835961461223,37818
"(0.9792521035784794, 0.9958292603453894)",2,99.06830219587393,37820
"(0.9666562434855118, 1.0)",1,99.068264053309,37821
"(0.9365496267832196, 0.9916585206907788)",1,99.06823703861696,37822
"(0.7097211628104076, 1.0)",1,99.06822378294068,37823
"(0.9167853751187084, 1.0)",1,99.06818470537436,37824
"(0.617513611615245, 1.0)",4,99.068008556846,37828
"(0.9748524098350704, 0.9958292603453894)",1,99.0679593950642,37829
"(0.9437903841498612, 1.0)",1,99.06792616229924,37830
"(0.9835547122074636, 0.9958292603453894)",1,99.06792511512076,37831
"(0.9833229101521784, 1.0)",2,99.06781089399831,37833
"(0.9158007932517735, 1.0)",1,99.06777055520492,37834
"(0.9412964149491664, 0.9958292603453894)",1,99.06770047314802,37835
"(0.4943189964157706, 1.0)",1,99.06748465709236,37836
"(0.930704099821747, 1.0)",1,99.06747157837783,37837
"(0.987463247273494, 0.991777356103732)",1,99.06740852563844,37838
"(0.6825396825396824, 1.0)",1,99.06737879195506,37839
"(0.6378166586499919, 1.0)",1,99.06733097790736,37840
"(0.9748524098350704, 0.9958292603453894)",2,99.06719303389576,37842
"(0.9833229101521784, 1.0)",1,99.067134002676,37843
"(0.7164894725870335, 1.0)",1,99.06711424824118,37844
"(0.8552744708994707, 1.0)",1,99.06709406379346,37845
"(0.9720813204508856, 1.0)",1,99.0669692136558,37846
"(0.8871082621082622, 1.0)",1,99.06695541706053,37847
"(0.9384174012481092, 0.9958292603453894)",1,99.06692126511528,37848
"(0.6575398846941737, 1.0)",1,99.0668953428208,37849
"(0.9873891625615764, 0.9958292603453894)",1,99.06679341073468,37850
"(0.9198255060602112, 0.9958292603453894)",1,99.06677688005958,37851
"(0.9295946890286512, 1.0)",1,99.0666969406182,37852
"(0.868077055383557, 1.0)",1,99.06669346330224,37853
"(0.7686844739476318, 1.0)",1,99.0665998899632,37854
"(0.957630187612848, 0.9958292603453894)",1,99.06659336276807,37855
"(0.9707136080238548, 0.9958292603453894)",1,99.06649343368817,37856
"(0.987463247273494, 0.9958292603453894)",1,99.06634313141014,37857
"(1.0, 0.9958292603453894)",1,99.06613391415426,37858
"(0.8158879904162925, 1.0)",1,99.06607129068652,37859
"(0.8845578466141503, 1.0)",1,99.06598817136177,37860
"(0.9665831244778612, 1.0)",1,99.06598646903343,37861
"(0.6831352928913905, 1.0)",1,99.0659727241932,37862
"(0.9876221896383188, 0.9958292603453894)",2,99.0658975837312,37864
"(0.917655049465296, 0.9958292603453894)",1,99.0657919083952,37865
"(1.0, 1.0)",4,99.06578099953092,37869
"(0.9499687304565352, 1.0)",1,99.06572685179424,37870
"(0.7075023741690408, 1.0)",2,99.065720511651,37872
"(0.7711781618000022, 1.0)",1,99.06571800220152,37873
"(0.9126251340467026, 0.9958292603453894)",1,99.06569834242164,37874
"(0.9666562434855118, 1.0)",1,99.06557735880008,37875
"(0.9833229101521784, 1.0)",1,99.06557399240326,37876
"(0.9833229101521784, 1.0)",1,99.06556693561892,37877
"(0.844988344988345, 1.0)",1,99.06545625825429,37878
"(0.9326599326599326, 1.0)",1,99.06543852346458,37879
"(0.9833229101521784, 1.0)",1,99.06539406609562,37880
"(0.5131569832583307, 1.0)",1,99.06537968503886,37881
"(1.0, 1.0)",1,99.06527111070092,37882
"(0.6825396825396824, 0.9833229101521784)",1,99.06526364331248,37883
"(0.9833040078201368, 0.9958292603453894)",1,99.065165035693,37884
"(1.0, 1.0)",1,99.06504585861596,37885
"(0.9506533178503804, 1.0)",1,99.06503563592648,37886
"(0.861111111111111, 1.0)",1,99.06493569108127,37887
"(0.861111111111111, 1.0)",1,99.06481968751042,37888
"(0.6760835913312693, 1.0)",1,99.0647991803308,37889
"(0.6378166586499919, 1.0)",1,99.06477232148644,37890
"(0.958227107069612, 0.9958292603453894)",1,99.06458251007685,37891
"(0.8495378883833893, 0.9958292603453894)",1,99.0645409243775,37892
"(0.5910680656443368, 1.0)",1,99.06451322296807,37893
"(0.9332172991312776, 0.9958292603453894)",1,99.06451165350396,37894
"(0.7204751921733054, 1.0)",1,99.06447811000848,37895
"(0.7344692811916678, 1.0)",1,99.06447001535632,37896
"(0.9331662489557228, 1.0)",1,99.06446900996563,37897
"(0.8137865219658889, 1.0)",1,99.06441934404384,37898
"(0.5910680656443368, 1.0)",1,99.06435904950806,37899
"(0.6215073982652175, 1.0)",2,99.06435609438368,37901
"(0.9750780096985032, 0.9958292603453894)",1,99.06429986954606,37902
"(0.4747763864042934, 1.0)",1,99.06421700726992,37903
"(0.8613656783468103, 1.0)",1,99.0641196905336,37904
"(0.73687720936437, 1.0)",1,99.06407050529964,37905
"(0.8653198653198653, 0.9833229101521784)",1,99.06397648645466,37906
"(0.979273283115788, 0.9958292603453894)",2,99.06396649729064,37908
"(0.7802197802197803, 1.0)",1,99.06388981388982,37909
"(0.9272583321169658, 0.9958292603453894)",1,99.06369700729418,37910
"(0.9497171590194848, 1.0)",1,99.0635717376321,37911
"(0.9161952650324744, 1.0)",2,99.0634019302408,37913
"(0.947552083649559, 0.9958292603453894)",1,99.0633893773764,37914
"(0.9792773561037318, 1.0)",1,99.06338118573518,37915
"(0.8312205288949474, 1.0)",1,99.06335360879996,37916
"(1.0, 1.0)",1,99.06325857527904,37917
"(0.944073617452092, 1.0)",1,99.06315426900522,37918
"(0.983305541180304, 0.9958292603453894)",1,99.06314019998968,37919
"(0.8137865219658889, 1.0)",1,99.06312485095316,37920
"(0.8796475392220073, 1.0)",1,99.06311598698665,37921
"(0.9280459216361852, 0.9958292603453894)",1,99.06303001207752,37922
"(0.6042502004811546, 1.0)",2,99.06300753590104,37924
"(0.8372053872053872, 1.0)",1,99.06296650699272,37925
"(0.9166682405676116, 1.0)",1,99.0629556156522,37926
"(0.9874747474747476, 0.9958292603453894)",1,99.06290877787688,37927
"(0.7532376017916352, 1.0)",1,99.06290012533964,37928
"(0.6042502004811546, 1.0)",2,99.06288719127755,37930
"(0.9333333333333332, 1.0)",1,99.06288103598312,37931
"(0.8587708587708588, 1.0)",1,99.06283807674608,37932
"(0.8329050741331443, 1.0)",1,99.06282026256812,37933
"(0.9546499948224086, 0.9958292603453894)",1,99.06279195349153,37934
"(0.826388888888889, 1.0)",1,99.062768724025,37935
"(0.9580331374974232, 1.0)",1,99.06275210352884,37936
"(0.9664171122994653, 0.9958292603453894)",1,99.06268329942598,37937
"(1.0, 1.0)",2,99.06264037803146,37939
"(0.8600291387756281, 0.9958292603453894)",1,99.06262868739954,37940
"(0.8329156223893065, 1.0)",1,99.0625804553312,37941
"(0.4039045743444857, 1.0)",1,99.06257851311352,37942
"(0.944563492063492, 1.0)",1,99.06256347804164,37943
"(0.8310777799491891, 1.0)",1,99.0625429660988,37944
"(0.6825396825396824, 1.0)",1,99.06249085063456,37945
"(0.8717520170461346, 0.9958292603453894)",1,99.06248129102129,37946
"(0.9250222656674272, 0.9958292603453894)",1,99.06219941234714,37947
"(0.9009287520039462, 1.0)",1,99.06203772603104,37948
"(0.9665831244778612, 1.0)",1,99.06199329377613,37949
"(0.7545469576719577, 1.0)",1,99.06189645695127,37950
"(0.8564088034923205, 0.9958292603453894)",1,99.06187082540836,37951
"(0.9454999712494968, 0.9958292603453894)",1,99.0617735561344,37952
"(1.0, 1.0)",1,99.06176868157024,37953
"(0.9169719169719168, 1.0)",1,99.06176175166476,37954
"(0.7673678366541239, 1.0)",1,99.06163681341472,37955
"(0.8016677935542034, 1.0)",1,99.06162359899096,37956
"(0.9369808292429718, 0.9958292603453894)",1,99.06159480129992,37957
"(0.8976982097186702, 1.0)",1,99.06154587570585,37958
"(0.9533841533841534, 0.9958292603453894)",1,99.06153824217876,37959
"(0.979051756240299, 1.0)",1,99.06141889481168,37960
"(0.9658159033159032, 0.9958292603453894)",1,99.06125158253506,37961
"(0.6831352928913905, 1.0)",1,99.0612471293368,37962
"(0.9916625936787228, 0.9958292603453894)",2,99.06123795841232,37964
"(0.8887202421952387, 1.0)",1,99.06109078826694,37965
"(0.9833229101521784, 1.0)",1,99.06107984156765,37966
"(0.3660238527416034, 1.0)",1,99.06102599692234,37967
"(0.7278086237149632, 1.0)",1,99.06102176292772,37968
"(0.9833229101521784, 1.0)",2,99.06101714574116,37970
"(0.8796475392220073, 1.0)",1,99.06095618750844,37971
"(0.7734344933751168, 1.0)",1,99.06095613021957,37972
"(0.8635976129582268, 1.0)",1,99.06091114936312,37973
"(0.9250222656674272, 0.9958292603453894)",1,99.06087740177722,37974
"(0.9497171590194848, 1.0)",3,99.0608282701306,37977
"(0.7880931329207191, 1.0)",1,99.06080884616638,37978
"(0.8651903651903651, 1.0)",1,99.06073817957775,37979
"(0.9665831244778612, 1.0)",1,99.06071836022826,37980
"(0.9666562434855118, 1.0)",1,99.06061911678842,37981
"(0.8796475392220073, 1.0)",1,99.06054413903895,37982
"(0.826388888888889, 1.0)",1,99.06054012635146,37983
"(0.9623066688389268, 0.9958292603453894)",2,99.06045744771104,37985
"(0.9279680209218476, 0.9958292603453894)",1,99.0603831935706,37986
"(0.8317471971585321, 1.0)",1,99.06035580800624,37987
"(0.6747507742934573, 1.0)",1,99.06029739966196,37988
"(1.0, 1.0)",1,99.0601851851852,37989
"(0.6733821733821733, 1.0)",1,99.06004011421702,37990
"(0.8796475392220073, 1.0)",1,99.06002100677183,37991
"(0.979273283115788, 0.9958292603453894)",2,99.06001704817946,37993
"(0.9126251340467026, 0.9958292603453894)",2,99.06000010432813,37995
"(0.9228120179844318, 0.9958292603453894)",2,99.0599451850751,37997
"(0.9326599326599326, 1.0)",1,99.05991639464035,37998
"(0.9497171590194846, 1.0)",1,99.05974614138032,37999
"(0.9958292603453894, 0.9958292603453894)",1,99.05974467606788,38000
"(0.8653198653198653, 1.0)",1,99.05958939143255,38001
"(0.9874762808349148, 0.9958292603453894)",1,99.05954314402382,38002
"(0.9435817855979146, 0.9958292603453894)",1,99.05952552191184,38003
"(0.5910680656443368, 1.0)",1,99.05947668650442,38004
"(0.991777356103732, 0.9958292603453894)",1,99.05944217365298,38005
"(0.7545469576719577, 1.0)",1,99.05940393939004,38006
"(0.9833229101521784, 1.0)",2,99.05937368468392,38008
"(0.8717520170461346, 0.9958292603453894)",1,99.05927333044272,38009
"(0.9250222656674272, 0.9958292603453894)",2,99.0591452490004,38011
"(0.9442283950617284, 1.0)",1,99.05914145599826,38012
"(0.8796475392220073, 1.0)",1,99.0588797512482,38013
"(0.9497171590194846, 1.0)",2,99.05884593670564,38015
"(0.8372053872053872, 1.0)",1,99.05871757919256,38016
"(0.7416325017951034, 1.0)",1,99.05868853598402,38017
"(0.9669558693467613, 0.9958292603453894)",1,99.05866524650254,38018
"(0.9412172027494607, 0.9958292603453894)",1,99.0586452810346,38019
"(0.826388888888889, 1.0)",1,99.05855168375282,38020
"(0.8016677935542034, 1.0)",1,99.05841757971577,38021
"(0.5555555555555555, 1.0)",1,99.05835644563037,38022
"(0.9442283950617284, 1.0)",1,99.0583531451292,38023
"(0.6636745887678723, 1.0)",1,99.05827912564254,38024
"(0.8633762288330498, 1.0)",1,99.05816082840072,38025
"(0.8997493734335841, 1.0)",1,99.05815817181976,38026
"(0.8365328658269835, 0.9958292603453894)",1,99.05815665815533,38027
"(0.7060994560994561, 1.0)",1,99.05814342312766,38028
"(0.738145558145558, 1.0)",1,99.05810720063414,38029
"(0.9369808292429718, 0.9958292603453894)",1,99.0580150941669,38030
"(0.8958208965097509, 0.9958292603453894)",1,99.05799373747548,38031
"(0.979273283115788, 0.9958292603453894)",1,99.05790074288112,38032
"(0.8016677935542034, 1.0)",1,99.05789954101402,38033
"(0.9749706744868036, 0.9958292603453894)",1,99.05789416482529,38034
"(0.8997493734335841, 1.0)",1,99.05788773346212,38035
"(0.8347775825943863, 0.9958292603453894)",1,99.0578738107272,38036
"(0.9750854369118126, 0.9958292603453894)",2,99.05783398552964,38038
"(0.979051756240299, 1.0)",1,99.05779659895356,38039
"(0.9833229101521784, 1.0)",2,99.05778178461104,38041
"(0.9833229101521784, 1.0)",1,99.05777485578189,38042
"(0.9750854369118126, 0.9958292603453894)",1,99.05756659004162,38043
"(0.9326599326599326, 1.0)",1,99.05753734357852,38044
"(0.844988344988345, 1.0)",1,99.05749837906448,38045
"(0.8068904981347378, 1.0)",1,99.05748105812332,38046
"(0.7946380416968652, 0.9958292603453894)",1,99.05735588558082,38047
"(0.9665831244778612, 1.0)",1,99.05729405916844,38048
"(0.7880931329207191, 1.0)",1,99.05728749706029,38049
"(0.9497171590194848, 1.0)",2,99.05721134198537,38051
"(0.9161952650324744, 1.0)",2,99.05717354253932,38053
"(0.7673678366541239, 1.0)",1,99.0570861502593,38054
"(0.9916585206907788, 0.9958292603453894)",1,99.0570632439026,38055
"(0.8976982097186702, 1.0)",1,99.05693812034926,38056
"(0.8315474711586087, 0.9958292603453894)",1,99.05690067306448,38057
"(0.776488287126585, 1.0)",1,99.05679029494932,38058
"(0.7042648709315374, 1.0)",1,99.05667347564456,38059
"(0.902012682657844, 0.9958292603453894)",1,99.05663663426888,38060
"(0.9581458989353726, 1.0)",2,99.05658617933784,38062
"(0.9501563219469168, 0.9958292603453894)",1,99.0565472512222,38063
"(0.9189396095602992, 0.9958292603453894)",1,99.0565303405851,38064
"(0.9746535316523212, 0.9958292603453894)",1,99.05651520783964,38065
"(0.8026839479876169, 0.9916585206907788)",1,99.05650920242944,38066
"(0.9497171590194848, 1.0)",2,99.05646466717252,38068
"(0.7042648709315374, 1.0)",1,99.05642933973309,38069
"(0.9584987529902784, 1.0)",1,99.05639866684191,38070
"(0.9131856219190184, 0.9958292603453894)",1,99.05638816155688,38071
"(0.7713401051412279, 1.0)",2,99.05636742092707,38073
"(0.6698155645524068, 1.0)",1,99.05634374056989,38074
"(0.5910680656443368, 1.0)",1,99.05617097761562,38075
"(0.808446455505279, 1.0)",1,99.05616329648916,38076
"(0.8151249335459861, 1.0)",1,99.05614916033484,38077
"(0.8527663604197443, 0.9916585206907788)",1,99.05612992261734,38078
"(0.9198255060602112, 0.9958292603453894)",1,99.05611806383511,38079
"(0.812557599070401, 1.0)",1,99.0561165875373,38080
"(0.9873444118605408, 0.9958292603453894)",1,99.05604827596336,38081
"(0.8137566137566138, 1.0)",1,99.05587937030111,38082
"(1.0, 1.0)",1,99.05582158222713,38083
"(0.7632275132275131, 1.0)",1,99.0557758826164,38084
"(0.9829909379735984, 0.9958292603453894)",1,99.055662200874,38085
"(0.9749395281084088, 0.9958292603453894)",1,99.05564792176992,38086
"(0.9332172991312776, 0.9958292603453894)",2,99.05560860906536,38088
"(0.7069597069597069, 1.0)",1,99.05560564097144,38089
"(0.8976982097186702, 1.0)",2,99.05559057833926,38091
"(0.8425483191745751, 1.0)",1,99.05556640427012,38092
"(0.861111111111111, 1.0)",1,99.05555115831548,38093
"(0.757745166550198, 1.0)",1,99.05551004954351,38094
"(0.958227107069612, 0.9958292603453894)",1,99.0555030277379,38095
"(0.8158879904162925, 1.0)",1,99.05548973709853,38096
"(0.9748524098350704, 0.9958292603453894)",1,99.05547365907796,38097
"(0.8586166985951469, 1.0)",1,99.05545680368785,38098
"(0.9516794286955578, 0.9958292603453894)",1,99.05537816146985,38099
"(0.9580331374974232, 1.0)",1,99.05537667599828,38100
"(0.9833229101521784, 1.0)",1,99.0553518331693,38101
"(0.8177442148030384, 1.0)",1,99.05535003908804,38102
"(0.9580602951397298, 0.9958292603453894)",2,99.05534484757072,38104
"(0.9333044546043194, 0.9958292603453894)",1,99.05531958927884,38105
"(0.9665831244778612, 1.0)",1,99.05530378969792,38106
"(0.8976982097186702, 1.0)",1,99.05529822580448,38107
"(0.9008627640703112, 1.0)",1,99.05510775372925,38108
"(0.9791625936787228, 0.9958292603453894)",1,99.05510167117735,38109
"(0.9789546069211384, 0.9958292603453894)",1,99.055088738228,38110
"(0.617513611615245, 1.0)",1,99.05505890281908,38111
"(1.0, 1.0)",2,99.05494645638116,38113
"(0.9749706744868036, 0.9958292603453894)",1,99.0548872447503,38114
"(0.8796475392220073, 1.0)",1,99.05487651799405,38115
"(0.979166518665308, 1.0)",1,99.05486470198518,38116
"(0.5502402432393444, 1.0)",1,99.05485414118164,38117
"(0.6804620726495727, 1.0)",1,99.05483582126033,38118
"(0.8068635828271864, 1.0)",1,99.05475546993056,38119
"(0.816195709052852, 1.0)",1,99.05475326691813,38120
"(0.7030539311241066, 1.0)",1,99.0546917523724,38121
"(0.5131569832583307, 1.0)",1,99.05464604477228,38122
"(0.9833229101521784, 1.0)",2,99.05464434086524,38124
"(0.7946380416968652, 0.9958292603453894)",2,99.05460650278404,38126
"(0.7944219523166891, 1.0)",1,99.0545904816997,38127
"(0.9206165335472736, 0.9958292603453894)",1,99.05459011599932,38128
"(0.5555555555555555, 1.0)",2,99.05458670377018,38130
"(0.9368376974614298, 0.9958292603453894)",1,99.0545377510892,38131
"(0.8907966222338917, 0.9958292603453894)",1,99.05445921067584,38132
"(0.9365496267832196, 0.9958292603453894)",1,99.05445024116275,38133
"(0.9003556829643787, 1.0)",1,99.05442769409228,38134
"(0.7083333333333334, 1.0)",1,99.05428355385982,38135
"(0.8976982097186702, 1.0)",1,99.05425002603396,38136
"(1.0, 1.0)",1,99.05419298050876,38137
"(0.7647742788871822, 1.0)",1,99.05415708802283,38138
"(0.8976982097186702, 1.0)",1,99.05409670670424,38139
"(0.8928598364786969, 0.9958292603453894)",1,99.05405596995575,38140
"(0.8316498316498316, 1.0)",1,99.05402051431412,38141
"(0.8483418730488175, 0.9958292603453894)",1,99.05399290717666,38142
"(0.868077055383557, 1.0)",1,99.05390152896226,38143
"(0.9326599326599326, 1.0)",1,99.053845963405,38144
"(0.8600291387756281, 0.9958292603453894)",1,99.0538239865879,38145
"(0.8471527473990528, 1.0)",1,99.05378615977222,38146
"(0.9958292603453894, 0.9958292603453894)",1,99.053768505541,38147
"(0.945364478411655, 0.9916585206907788)",1,99.05367063258632,38148
"(0.8449978636391381, 1.0)",1,99.05364935805198,38149
"(0.9326599326599326, 1.0)",1,99.05362644398974,38150
"(0.9958292603453894, 0.9958292603453894)",1,99.0534495256666,38151
"(0.808446455505279, 1.0)",1,99.05341330849076,38152
"(0.9707136080238548, 0.9958292603453894)",1,99.05327068125244,38153
"(0.757745166550198, 1.0)",1,99.05326262528816,38154
"(0.9748524098350704, 0.9958292603453894)",1,99.05325571373278,38155
"(0.6760835913312693, 1.0)",1,99.0531381516992,38156
"(0.8633762288330498, 1.0)",1,99.0531021157134,38157
"(0.9665831244778612, 1.0)",1,99.0530070433728,38158
"(0.9665831244778612, 1.0)",1,99.05298191715848,38159
"(0.9834358767945106, 0.9958292603453894)",2,99.05298134719634,38161
"(0.8420013166556946, 1.0)",1,99.05291897569518,38162
"(0.9333333333333332, 1.0)",1,99.05290256076934,38163
"(0.933096859926128, 1.0)",2,99.0528793145723,38165
"(0.73687720936437, 1.0)",1,99.05280358204848,38166
"(0.9161952650324744, 1.0)",1,99.05272095525322,38167
"(0.7994987468671678, 1.0)",1,99.052680944522,38168
"(0.4039045743444857, 1.0)",1,99.05258196295334,38169
"(0.974731376747506, 0.9958292603453894)",1,99.05238562692288,38170
"(0.9833229101521784, 1.0)",2,99.05235263565152,38172
"(0.9916585206907788, 0.9958292603453894)",1,99.05232211509656,38173
"(0.9442283950617284, 1.0)",1,99.05230891479876,38174
"(0.9497171590194846, 1.0)",1,99.05230496183216,38175
"(0.9665831244778612, 1.0)",4,99.05228993982502,38179
"(0.7946380416968652, 0.9958292603453894)",1,99.05219967711804,38180
"(0.9189396095602992, 0.9916585206907788)",1,99.05218937051556,38181
"(0.8040695048423352, 1.0)",1,99.0520566230146,38182
"(0.9791258409522168, 0.9958292603453894)",1,99.05199790483312,38183
"(0.6636745887678723, 1.0)",1,99.0519965971466,38184
"(0.73687720936437, 1.0)",1,99.05184631624618,38185
"(0.9792766373411534, 0.9958292603453894)",1,99.05177189087968,38186
"(0.7083333333333334, 1.0)",2,99.05173135356064,38188
"(0.6521663785997688, 1.0)",1,99.05169491903855,38189
"(0.8613656783468103, 1.0)",1,99.05166807929848,38190
"(0.7545469576719577, 1.0)",2,99.0516596450296,38192
"(0.9384174012481092, 0.9958292603453894)",1,99.0515156256435,38193
"(0.7656073923822403, 1.0)",1,99.05149878789167,38194
"(0.6825396825396824, 1.0)",1,99.05147961711276,38195
"(0.6760835913312693, 1.0)",1,99.05132330442753,38196
"(0.9610567210567212, 0.9958292603453894)",1,99.05131048736038,38197
"(0.9665831244778612, 1.0)",1,99.05129047399085,38198
"(0.8840048840048841, 1.0)",1,99.05125315105016,38199
"(0.9295946890286512, 1.0)",1,99.05118196977456,38200
"(0.9333333333333332, 0.9833229101521784)",1,99.05115893855246,38201
"(0.8315474711586087, 0.9958292603453894)",1,99.05110235453384,38202
"(0.8928598364786969, 0.9958292603453894)",1,99.05095855810164,38203
"(0.9873891625615764, 0.9958292603453894)",2,99.05081561501564,38205
"(0.6825396825396824, 1.0)",1,99.05080980018026,38206
"(0.8547756205106323, 1.0)",1,99.05067743224926,38207
"(0.786508365740383, 1.0)",1,99.0506677757894,38208
"(0.939906877971394, 0.9958292603453894)",1,99.0506445463247,38209
"(0.901575014782562, 1.0)",1,99.05063352136511,38210
"(0.9153439153439156, 1.0)",1,99.05063068265612,38211
"(0.6215073982652175, 1.0)",1,99.0505814077467,38212
"(0.6760835913312693, 1.0)",1,99.05056461664756,38213
"(0.9833229101521784, 1.0)",1,99.05054070808904,38214
"(0.8848000715856217, 1.0)",1,99.05052422491096,38215
"(0.9157097551404952, 0.9958292603453894)",1,99.05040696895136,38216
"(0.9832965806068272, 1.0)",1,99.05036619463736,38217
"(0.962505246140658, 0.9958292603453894)",1,99.05032650029436,38218
"(0.6825396825396824, 0.9833229101521784)",1,99.05021687652822,38219
"(0.9791348015256934, 0.9916625936787228)",1,99.0502095703078,38220
"(0.9445235834124724, 1.0)",1,99.05019630597354,38221
"(0.868077055383557, 1.0)",1,99.05018698480336,38222
"(0.9665831244778612, 1.0)",1,99.05018302431652,38223
"(0.8347775825943863, 0.9958292603453894)",1,99.05017304520511,38224
"(0.9833229101521784, 1.0)",1,99.05016676240368,38225
"(0.9008627640703112, 1.0)",1,99.05010665062017,38226
"(0.9580331374974232, 1.0)",1,99.05009663980512,38227
"(0.8374727668845315, 1.0)",2,99.05004453401342,38229
"(0.8653198653198653, 1.0)",1,99.04987882985463,38230
"(0.9792521035784794, 0.9958292603453894)",1,99.049769826149,38231
"(0.9874877810361682, 0.9958292603453894)",1,99.04976798524552,38232
"(0.8040695048423352, 1.0)",1,99.04967197572228,38233
"(0.9748524098350704, 0.9958292603453894)",1,99.04963773469898,38234
"(0.6825396825396824, 1.0)",1,99.04947514889987,38235
"(0.9498370804822418, 0.9916339869281046)",1,99.04945007086452,38236
"(0.617513611615245, 1.0)",2,99.0494431275722,38238
"(0.8600291387756281, 0.9958292603453894)",1,99.0493500284314,38239
"(0.9131856219190184, 0.9958292603453894)",1,99.04934582229136,38240
"(0.9490213526488036, 0.9916585206907788)",1,99.04919591980826,38241
"(0.987463247273494, 0.9958292603453894)",1,99.04915831120763,38242
"(0.6760835913312693, 1.0)",1,99.04911883029088,38243
"(1.0, 1.0)",2,99.04909239954166,38245
"(0.7647742788871822, 1.0)",1,99.04893509125168,38246
"(0.987463247273494, 0.9958292603453894)",1,99.04892141025768,38247
"(1.0, 1.0)",1,99.04891334623822,38248
"(1.0, 1.0)",2,99.0488898457711,38250
"(0.8070855614973262, 1.0)",1,99.04884272361949,38251
"(0.7601281633539698, 1.0)",1,99.04883170988846,38252
"(0.6747507742934573, 1.0)",1,99.04871073475942,38253
"(0.9051976597090448, 0.9958292603453894)",1,99.04870823936685,38254
"(0.9497171590194848, 1.0)",1,99.04863827433404,38255
"(0.9280317595086728, 0.9916585206907788)",1,99.04851634949192,38256
"(1.0, 1.0)",1,99.0485060579856,38257
"(0.757745166550198, 1.0)",1,99.0484802079868,38258
"(0.9666666666666668, 1.0)",1,99.04829166780668,38259
"(0.9165164082221422, 1.0)",1,99.0482484152047,38260
"(0.8736897274633123, 1.0)",1,99.04821326058212,38261
"(0.9665831244778612, 1.0)",1,99.04820500400444,38262
"(0.9503122778456484, 0.9958292603453894)",1,99.04818211975883,38263
"(0.9581458989353726, 1.0)",1,99.04817998841656,38264
"(0.8372053872053872, 1.0)",1,99.04814894781796,38265
"(0.6636745887678723, 1.0)",1,99.0481122539724,38266
"(0.9751539794803552, 0.9958292603453894)",1,99.04809383666966,38267
"(0.987491854024112, 0.9958292603453894)",1,99.04799414395006,38268
"(0.916104916104916, 1.0)",1,99.04798549990208,38269
"(0.9457018956165067, 0.9958292603453894)",1,99.04798259198124,38270
"(0.9748850895736324, 0.9958292603453894)",1,99.04796219853844,38271
"(0.8928598364786969, 0.9958292603453894)",1,99.04776200874852,38272
"(0.5131569832583307, 1.0)",1,99.04775125849524,38273
"(0.7371074312749817, 1.0)",1,99.04772763170602,38274
"(0.9279680209218476, 0.9916585206907788)",1,99.04770627697069,38275
"(0.9916666666666668, 0.9958292603453894)",2,99.04765306865424,38277
"(1.0, 1.0)",1,99.04762011279404,38278
"(0.7612958226768967, 1.0)",1,99.04753972054188,38279
"(0.617513611615245, 1.0)",1,99.04747619030373,38280
"(0.9832965806068272, 0.9958292603453894)",1,99.04746846851324,38281
"(0.9665831244778612, 1.0)",1,99.0474480590013,38282
"(0.9873444118605408, 0.9958292603453894)",2,99.04733617144372,38284
"(0.9792766373411534, 0.9958292603453894)",1,99.04727246077576,38285
"(0.9153439153439152, 1.0)",1,99.04726654857984,38286
"(0.9665831244778612, 1.0)",1,99.04724660218233,38287
"(0.8845424223473003, 1.0)",1,99.0472200871393,38288
"(0.9166145507608924, 1.0)",2,99.04720427109186,38290
"(0.8372053872053872, 1.0)",1,99.04719752773836,38291
"(0.9331662489557224, 0.9833229101521784)",1,99.04713211003332,38292
"(0.9876221896383188, 0.9958292603453894)",1,99.0471317667786,38293
"(0.9665831244778612, 1.0)",1,99.0471141152918,38294
"(0.9, 1.0)",1,99.04702893296796,38295
"(0.9008025849489264, 1.0)",1,99.0469571905024,38296
"(0.8928598364786969, 0.9958292603453894)",1,99.04691198810224,38297
"(0.9384174012481092, 0.9958292603453894)",1,99.04690885323512,38298
"(0.8372053872053872, 1.0)",1,99.0469067630653,38299
"(0.9280317595086728, 0.9958292603453894)",1,99.04690145264944,38300
"(0.9832925076188832, 0.9958292603453894)",1,99.04682142471364,38301
"(0.6784722222222224, 1.0)",1,99.04673710198036,38302
"(0.6521663785997688, 1.0)",1,99.0465799501517,38303
"(0.6191502463054187, 1.0)",1,99.04657597070543,38304
"(0.8420013166556946, 1.0)",1,99.04651200013954,38305
"(0.9280459216361852, 0.9958292603453894)",2,99.04636697053276,38307
"(0.9333044546043194, 0.9958292603453894)",1,99.04633454344534,38308
"(0.8222222222222222, 1.0)",1,99.04632726967168,38309
"(0.9369808292429718, 0.9958292603453894)",2,99.04629375114465,38311
"(0.9454999712494968, 0.9958292603453894)",1,99.04625507604462,38312
"(0.987491854024112, 0.9958292603453894)",1,99.04624570658626,38313
"(0.962264663441134, 0.9958292603453894)",1,99.04618490369158,38314
"(0.9280317595086728, 0.9958292603453894)",1,99.04616701773486,38315
"(0.812557599070401, 1.0)",1,99.04614062245756,38316
"(0.9250222656674272, 0.9958292603453894)",1,99.04604668642996,38317
"(0.8467532467532467, 1.0)",1,99.04598740894826,38318
"(0.7503607503607503, 1.0)",1,99.04594257103436,38319
"(0.9791332681655264, 0.9958292603453894)",1,99.0458911118316,38320
"(0.8796475392220073, 1.0)",1,99.0458043738892,38321
"(0.979055829228243, 0.9916666666666668)",1,99.04571652617004,38322
"(0.9454999712494968, 0.9958292603453894)",1,99.0455842329114,38323
"(0.9746854694957162, 0.9958292603453894)",1,99.04552589104594,38324
"(0.7083333333333334, 1.0)",1,99.04550615071446,38325
"(0.9369808292429718, 0.9958292603453894)",1,99.04538577433976,38326
"(0.9504245882013664, 0.9958292603453894)",1,99.0453526152342,38327
"(0.7278086237149632, 1.0)",1,99.04531221751438,38328
"(0.987463247273494, 0.9958292603453894)",1,99.04530639861215,38329
"(0.8796475392220073, 1.0)",1,99.04529132347942,38330
"(0.917655049465296, 0.9958292603453894)",1,99.04526915601858,38331
"(0.9331662489557224, 0.9833229101521784)",1,99.04510339273956,38332
"(0.826388888888889, 1.0)",1,99.04505100672006,38333
"(0.9792766373411534, 0.9958292603453894)",1,99.04504962825324,38334
"(0.9916339869281046, 0.9958292603453894)",1,99.04501590599426,38335
"(0.861111111111111, 1.0)",1,99.0449803560724,38336
"(0.9833229101521784, 1.0)",1,99.04495924649534,38337
"(0.8468951683237397, 1.0)",1,99.0448615869241,38338
"(0.9172792561601744, 0.9958292603453894)",1,99.04485542970312,38339
"(0.9833229101521784, 1.0)",1,99.044834432361,38340
"(0.9750780096985032, 0.9958292603453894)",1,99.04480436141448,38341
"(0.7946380416968652, 0.9958292603453894)",1,99.04466907650372,38342
"(1.0, 1.0)",1,99.0446349878577,38343
"(0.3660238527416034, 1.0)",1,99.04445676222414,38344
"(0.8374727668845315, 1.0)",2,99.0444494357257,38346
"(0.934122934122934, 1.0)",2,99.04436782402122,38348
"(0.7030539311241066, 1.0)",1,99.04436511096183,38349
"(0.7903875985986362, 1.0)",1,99.04428646737536,38350
"(0.7734344933751168, 1.0)",1,99.04427904037172,38351
"(0.9833040078201368, 0.9958292603453894)",1,99.04415977163916,38352
"(0.9833229101521784, 1.0)",1,99.04415118028275,38353
"(0.9497171590194848, 1.0)",3,99.04415118028275,38356
"(0.8997493734335841, 1.0)",1,99.04414168915343,38357
"(0.9504245882013664, 0.9916625936787228)",1,99.04410766891172,38358
"(0.9333333333333332, 1.0)",1,99.04403009616792,38359
"(0.9916339869281046, 0.9958292603453894)",1,99.04392146835106,38360
"(0.9166145507608924, 1.0)",1,99.0439109928042,38361
"(0.7944920440636475, 1.0)",1,99.04390798558228,38362
"(0.5502402432393444, 1.0)",1,99.04379105758802,38363
"(0.8294970161977834, 1.0)",1,99.04374382414493,38364
"(0.8294970161977834, 1.0)",1,99.04373798995604,38365
"(0.5070372093557577, 1.0)",1,99.04367039661996,38366
"(0.9279680209218476, 0.9958292603453894)",2,99.04365730541902,38368
"(0.9707136080238548, 0.9958292603453894)",1,99.04360432489348,38369
"(0.9748524098350704, 0.9958292603453894)",1,99.04359582763868,38370
"(0.902012682657844, 0.9958292603453894)",1,99.04357038681692,38371
"(0.9876221896383188, 0.9958292603453894)",1,99.0435267859451,38372
"(0.8420013166556946, 1.0)",1,99.04348149294913,38373
"(0.6747507742934573, 1.0)",1,99.04346934804803,38374
"(0.917655049465296, 0.9958292603453894)",1,99.04345744940532,38375
"(0.7713401051412279, 1.0)",1,99.0433593033883,38376
"(0.8365328658269835, 0.9958292603453894)",1,99.04333886302824,38377
"(0.8796475392220073, 1.0)",2,99.04325059671834,38379
"(0.9435817855979146, 0.9958292603453894)",2,99.04318734757857,38381
"(0.987463247273494, 0.9958292603453894)",1,99.04307766613827,38382
"(0.9206165335472736, 0.9958292603453894)",1,99.04299897344934,38383
"(0.9333044546043194, 0.9958292603453894)",1,99.04289379757816,38384
"(0.987463247273494, 0.9958292603453894)",2,99.04280952515008,38386
"(0.4747763864042934, 1.0)",1,99.04260914780896,38387
"(0.4747763864042934, 1.0)",2,99.04258999260468,38389
"(0.9497171590194846, 1.0)",2,99.04243920120904,38391
"(0.958227107069612, 0.9958292603453894)",1,99.04237070997758,38392
"(0.8222222222222222, 1.0)",1,99.0423170661252,38393
"(0.8880984643179766, 1.0)",1,99.04230464595057,38394
"(0.8316498316498316, 1.0)",1,99.04228726283036,38395
"(0.9237918388227986, 0.9958292603453894)",1,99.04216180402862,38396
"(0.9250222656674272, 0.9958292603453894)",1,99.0421205877742,38397
"(1.0, 1.0)",1,99.04208677752814,38398
"(0.8294970161977834, 1.0)",2,99.042060961507,38400
"(0.9280459216361852, 0.9958292603453894)",1,99.04191027941168,38401
"(0.987463247273494, 0.9958292603453894)",1,99.04180159242456,38402
"(0.9454999712494968, 0.9958292603453894)",1,99.0417169864066,38403
"(0.8222222222222222, 1.0)",1,99.04154323309965,38404
"(0.9916585206907788, 0.9958292603453894)",1,99.0415393923148,38405
"(0.9045740456093042, 1.0)",1,99.041530558207,38406
"(0.9623066688389268, 0.9958292603453894)",1,99.04148246394796,38407
"(0.917849761232425, 1.0)",1,99.04147891371493,38408
"(0.7979797979797979, 1.0)",1,99.04146903076187,38409
"(0.9622634791942192, 0.9958292603453894)",1,99.04132003482168,38410
"(0.9250222656674272, 0.9916585206907788)",1,99.04130893079812,38411
"(0.9665831244778612, 1.0)",1,99.04124705759644,38412
"(0.917469251615593, 1.0)",1,99.04110447152809,38413
"(0.8016677935542034, 1.0)",1,99.04103357555564,38414
"(0.9916585206907788, 0.9958292603453894)",1,99.04086451853156,38415
"(0.8266173510466989, 1.0)",1,99.04084469919611,38416
"(0.9497171590194846, 1.0)",1,99.0408250716935,38417
"(1.0, 1.0)",1,99.04081609447464,38418
"(0.7835695636831266, 0.9958292603453894)",1,99.04066896717408,38419
"(0.9665831244778612, 1.0)",1,99.04061696932062,38420
"(0.9198255060602112, 0.9958292603453894)",1,99.0405946496514,38421
"(0.8976982097186702, 1.0)",1,99.04057779845256,38422
"(0.9437903841498612, 1.0)",1,99.04056224800397,38423
"(0.9833229101521784, 1.0)",1,99.04055929502036,38424
"(0.9580602951397298, 0.9958292603453894)",1,99.0405195534786,38425
"(0.861111111111111, 1.0)",1,99.04049111807733,38426
"(0.6636745887678723, 1.0)",1,99.0404676068698,38427
"(0.9916585206907788, 0.9958292603453894)",1,99.04040860059256,38428
"(0.8420013166556946, 1.0)",1,99.04038744443356,38429
"(0.9791332681655264, 0.9958292603453894)",1,99.04029889680235,38430
"(0.8958208965097509, 0.9958292603453894)",1,99.04029610247052,38431
"(0.9916666666666668, 0.9958292603453894)",1,99.04029290836678,38432
"(0.9833211143695014, 0.9958292603453894)",1,99.04027298846212,38433
"(0.9504245882013664, 0.9958292603453894)",1,99.04024501775588,38434
"(0.8907966222338917, 0.9958292603453894)",1,99.04022470883848,38435
"(1.0, 1.0)",1,99.04022095779206,38436
"(0.9666562434855118, 1.0)",1,99.0401583169876,38437
"(0.9658159033159032, 0.9958292603453894)",1,99.0400211792491,38438
"(0.9833040078201368, 0.9958292603453894)",1,99.0399116761069,38439
"(0.8552744708994707, 1.0)",1,99.03989448163892,38440
"(0.826388888888889, 1.0)",1,99.03982747823412,38441
"(0.9832965806068272, 0.9958292603453894)",1,99.03982697887396,38442
"(0.901575014782562, 1.0)",1,99.03958138781611,38443
"(0.8443691323092412, 0.9958292603453894)",1,99.03951199300364,38444
"(0.6378166586499919, 1.0)",1,99.0394065695579,38445
"(0.9326599326599326, 1.0)",1,99.03940423895922,38446
"(0.97934925289764, 0.9958292603453894)",2,99.0393902041442,38448
"(0.979051756240299, 0.9958292603453894)",1,99.03937559011509,38449
"(0.979051756240299, 0.9958292603453894)",1,99.03937151712712,38450
"(0.7647742788871822, 1.0)",1,99.0393452005316,38451
"(0.7371074312749817, 1.0)",1,99.0393155296041,38452
"(0.837707400507675, 1.0)",1,99.0392607591667,38453
"(0.9182966261114094, 0.9958292603453894)",1,99.03925605760244,38454
"(0.816195709052852, 1.0)",1,99.0391952401264,38455
"(0.9833229101521784, 1.0)",2,99.03914449237932,38457
"(0.9748524098350704, 0.9958292603453894)",1,99.03907991541952,38458
"(0.868077055383557, 1.0)",1,99.03898295514426,38459
"(0.9297812306740878, 1.0)",1,99.03894803874144,38460
"(0.942324305015694, 0.9958292603453894)",1,99.0388609943373,38461
"(0.9454999712494968, 0.9958292603453894)",1,99.03885711627474,38462
"(0.8717520170461346, 0.9958292603453894)",1,99.03880541786056,38463
"(0.9832965806068272, 0.9958292603453894)",1,99.03873703271232,38464
"(0.9347674066329982, 0.9958292603453894)",1,99.03863868574024,38465
"(0.9250222656674272, 0.9958292603453894)",1,99.038616692445,38466
"(0.9835199925522506, 0.9916666666666668)",1,99.03856712588852,38467
"(0.9333333333333332, 1.0)",1,99.03855472147885,38468
"(0.8151249335459861, 1.0)",1,99.03854157409128,38469
"(0.7601164382773579, 1.0)",1,99.03852791514367,38470
"(0.7946380416968652, 0.9958292603453894)",1,99.0384996336906,38471
"(0.9829909379735984, 0.9958292603453894)",1,99.03846355678236,38472
"(0.9788980434141724, 0.9916585206907788)",1,99.03845551170444,38473
"(0.9580602951397298, 0.9958292603453894)",1,99.03842166491798,38474
"(0.7711781618000022, 1.0)",1,99.03841695738176,38475
"(0.7673678366541239, 1.0)",1,99.03840403441636,38476
"(0.746304385688563, 1.0)",1,99.0383885242122,38477
"(0.8796475392220073, 1.0)",1,99.03837400011096,38478
"(0.808446455505279, 1.0)",1,99.03837141721962,38479
"(0.8928598364786969, 0.9958292603453894)",1,99.03833097625608,38480
"(0.8468951683237397, 1.0)",1,99.03830035331048,38481
"(0.7183489076634237, 1.0)",1,99.03802811078292,38482
"(0.9504245882013664, 0.9958292603453894)",1,99.03801555500068,38483
"(0.9454999712494968, 0.9916585206907788)",1,99.03800278303918,38484
"(0.8495378883833893, 0.9958292603453894)",1,99.03787424965272,38485
"(0.8053381731676306, 1.0)",1,99.0378493507324,38486
"(0.6215073982652175, 1.0)",1,99.03781033173571,38487
"(0.9332172991312776, 0.9958292603453894)",1,99.03769286390576,38488
"(0.9832401090007582, 0.9958292603453894)",1,99.03766494833884,38489
"(0.8420013166556946, 1.0)",1,99.03765111756036,38490
"(0.9034438470728792, 0.9916666666666668)",1,99.0375569220002,38491
"(0.8633762288330498, 1.0)",1,99.03751025374468,38492
"(0.8717520170461346, 0.9958292603453894)",1,99.03750045299924,38493
"(0.917655049465296, 0.9958292603453894)",1,99.03745722729133,38494
"(0.7060994560994561, 1.0)",2,99.03744756053705,38496
"(0.8762860082304527, 1.0)",1,99.03737650408016,38497
"(0.861111111111111, 1.0)",1,99.0373007010094,38498
"(0.8300265307680562, 1.0)",1,99.03729589610872,38499
"(0.947552083649559, 0.9958292603453894)",1,99.03719748139645,38500
"(0.8068635828271864, 1.0)",1,99.03714123353976,38501
"(0.8443691323092412, 0.9958292603453894)",1,99.037124647328,38502
"(0.7362637362637362, 1.0)",1,99.03708514816591,38503
"(0.9748850895736324, 0.9958292603453894)",1,99.03701746310117,38504
"(0.7675138481590094, 1.0)",2,99.03699198181124,38506
"(0.9008627640703112, 1.0)",1,99.0369787214279,38507
"(0.9833211143695014, 0.9958292603453894)",1,99.03684950931724,38508
"(0.7711781618000022, 1.0)",1,99.0368365609705,38509
"(0.7250237826596757, 1.0)",1,99.03683107306978,38510
"(0.9748524098350704, 0.9958292603453894)",1,99.0368227851429,38511
"(1.0, 1.0)",1,99.03671027315568,38512
"(0.7532376017916352, 1.0)",1,99.0366041798186,38513
"(0.6238244514106583, 1.0)",1,99.03658555421588,38514
"(0.7545469576719577, 1.0)",1,99.03652952301398,38515
"(0.7647742788871822, 1.0)",1,99.03650015806116,38516
"(0.9874762808349148, 0.9958292603453894)",1,99.03642655776288,38517
"(0.4747763864042934, 1.0)",1,99.0363530266169,38518
"(0.7155555555555556, 1.0)",2,99.03629625878474,38520
"(0.9333044546043194, 0.9958292603453894)",1,99.03625166984418,38521
"(0.9499687304565352, 1.0)",1,99.03621049175568,38522
"(0.8468089381754635, 1.0)",1,99.03608275795315,38523
"(0.9833229101521784, 1.0)",1,99.03604017688004,38524
"(0.7545469576719577, 1.0)",1,99.03604012487108,38525
"(0.9126251340467026, 0.9958292603453894)",1,99.03597282315664,38526
"(0.947552083649559, 0.9958292603453894)",1,99.03588648273048,38527
"(0.7673678366541239, 1.0)",1,99.03585860193868,38528
"(0.9161379295307868, 1.0)",2,99.0358353573058,38530
"(0.903667392883079, 1.0)",1,99.0357972837849,38531
"(0.9874762808349148, 0.9958292603453894)",2,99.03577950449086,38533
"(0.9833040078201368, 0.9958292603453894)",1,99.03574093645229,38534
"(0.8976982097186702, 1.0)",1,99.0357345900812,38535
"(0.8374727668845315, 1.0)",1,99.0356666951504,38536
"(0.9326599326599326, 1.0)",1,99.03556086314708,38537
"(0.908707905546986, 0.9958292603453894)",1,99.03550024329078,38538
"(0.9916585206907788, 0.9958292603453894)",1,99.0354798292781,38539
"(0.721056721056721, 1.0)",1,99.03545235637664,38540
"(0.7204751921733054, 1.0)",1,99.03532453959318,38541
"(0.8483418730488175, 0.9958292603453894)",1,99.03529294465264,38542
"(0.7075023741690408, 1.0)",1,99.0352442817448,38543
"(0.9300671002153482, 1.0)",2,99.03507437763002,38545
"(0.9618291283060416, 0.9958292603453894)",1,99.03500391980334,38546
"(0.8137865219658889, 1.0)",1,99.0349828832399,38547
"(0.8717520170461346, 0.9958292603453894)",1,99.03488976311932,38548
"(0.987491854024112, 0.9958292603453894)",1,99.03486104319514,38549
"(0.971023600055858, 0.9958292603453894)",1,99.03483992342862,38550
"(0.9750943974852894, 0.9958292603453894)",1,99.03480849077872,38551
"(0.9166145507608924, 1.0)",1,99.03478388531109,38552
"(0.73687720936437, 1.0)",2,99.0347732466699,38554
"(0.7601281633539698, 1.0)",1,99.0347696616491,38555
"(0.8633762288330498, 1.0)",1,99.03467341190226,38556
"(0.9748524098350704, 0.9958292603453894)",1,99.03464978106264,38557
"(0.837707400507675, 1.0)",1,99.0345748677356,38558
"(0.8600291387756281, 0.9958292603453894)",1,99.03452003554918,38559
"(0.9665831244778612, 1.0)",1,99.03449327783156,38560
"(0.8697983697983697, 1.0)",1,99.03441237158184,38561
"(0.859499940327008, 1.0)",1,99.03431469137564,38562
"(0.5070372093557577, 1.0)",1,99.03428693613664,38563
"(0.8586166985951469, 1.0)",2,99.03418129397603,38565
"(0.9326599326599326, 1.0)",1,99.03409504821656,38566
"(0.9504245882013664, 0.9958292603453894)",1,99.0340930345578,38567
"(0.9832401090007582, 0.9958292603453894)",1,99.03408360147463,38568
"(0.7632275132275131, 1.0)",1,99.03400511314452,38569
"(0.9658159033159032, 0.9958292603453894)",2,99.03397806414814,38571
"(0.903667392883079, 1.0)",1,99.03385012927332,38572
"(0.837707400507675, 1.0)",1,99.03381049714643,38573
"(0.9497171590194846, 1.0)",1,99.0337244523291,38574
"(0.9873891625615764, 0.9958292603453894)",1,99.03346598173736,38575
"(0.9, 1.0)",1,99.03336745031226,38576
"(0.7511111111111111, 1.0)",1,99.03334710630796,38577
"(0.8760238095238095, 0.9958292603453894)",1,99.03325407547904,38578
"(0.6521663785997688, 1.0)",1,99.03323392816012,38579
"(0.8101143854687974, 1.0)",1,99.03317999193068,38580
"(0.8495378883833893, 0.9958292603453894)",1,99.03315630514636,38581
"(0.9835199925522506, 0.9958292603453894)",1,99.03312187137402,38582
"(0.9744745723240348, 0.9958292603453894)",1,99.0330611819566,38583
"(0.9153439153439152, 1.0)",1,99.0330161303465,38584
"(0.9748850895736324, 0.9958292603453894)",1,99.03300860916332,38585
"(1.0, 1.0)",1,99.03295885883549,38586
"(0.7511111111111111, 1.0)",1,99.03278024141149,38587
"(1.0, 0.9833229101521784)",2,99.03277048155104,38589
"(0.746304385688563, 1.0)",1,99.0327591522472,38590
"(0.8976982097186702, 1.0)",1,99.03273307956115,38591
"(0.9958292603453894, 0.9958292603453894)",1,99.03272486314388,38592
"(0.9832184229069656, 0.9958292603453894)",1,99.0326978047765,38593
"(0.8468089381754635, 1.0)",1,99.03263402389108,38594
"(0.9008627640703112, 1.0)",1,99.03248896052006,38595
"(1.0, 0.9833229101521784)",1,99.03247721738931,38596
"(0.9835199925522506, 0.9958292603453894)",1,99.03247231481542,38597
"(0.9958292603453894, 0.9958292603453894)",1,99.03244110742996,38598
"(0.4747763864042934, 1.0)",1,99.03242905673196,38599
"(0.6042502004811546, 1.0)",1,99.03230951865756,38600
"(0.4899315048358174, 1.0)",1,99.0322737218319,38601
"(0.8476190476190477, 1.0)",1,99.03225988374354,38602
"(0.9669795885118464, 0.9958292603453894)",1,99.03212296976888,38603
"(0.9665831244778612, 1.0)",1,99.03208736427028,38604
"(1.0, 1.0)",1,99.03208556149733,38605
"(0.9490213526488036, 0.9958292603453894)",1,99.032044759935,38606
"(0.9658790011731188, 0.9958292603453894)",1,99.03195382463392,38607
"(0.8341307814992026, 0.9833229101521784)",2,99.03185157922006,38609
"(0.8483418730488175, 0.9958292603453894)",1,99.03183442505068,38610
"(1.0, 1.0)",1,99.0318289681378,38611
"(0.757745166550198, 1.0)",1,99.03180489812247,38612
"(0.9326599326599326, 1.0)",1,99.03178303178304,38613
"(0.9580602951397298, 0.9958292603453894)",1,99.03175615530976,38614
"(0.9497171590194846, 1.0)",1,99.03175234874205,38615
"(0.9326599326599326, 1.0)",2,99.0315810479745,38617
"(0.6521663785997688, 1.0)",1,99.03157109248772,38618
"(0.6215073982652175, 1.0)",1,99.03145532708074,38619
"(0.93773047895128, 0.9958292603453894)",1,99.03131803581483,38620
"(0.6444891298012474, 1.0)",1,99.03118538424684,38621
"(0.757745166550198, 1.0)",1,99.0311530183396,38622
"(0.9835547122074636, 0.9958292603453894)",2,99.03098272578832,38624
"(0.8247905643738976, 1.0)",1,99.03094462333635,38625
"(0.8347775825943863, 0.9958292603453894)",1,99.03090443748512,38626
"(0.9829909379735984, 0.9958292603453894)",1,99.03087925145324,38627
"(0.9874877810361682, 0.9958292603453894)",1,99.03084680585656,38628
"(0.9835547122074636, 0.9958292603453894)",1,99.0308097323694,38629
"(0.9665831244778612, 1.0)",1,99.03080873514396,38630
"(1.0, 1.0)",1,99.03079624017462,38631
"(0.8137566137566138, 1.0)",2,99.03077386323744,38633
"(0.8420013166556946, 1.0)",1,99.03070734486464,38634
"(0.7075023741690408, 1.0)",1,99.03068674787066,38635
"(0.917655049465296, 0.9958292603453894)",1,99.03065331508354,38636
"(0.6378166586499919, 1.0)",1,99.03063911386111,38637
"(0.8997493734335841, 1.0)",1,99.03059695033473,38638
"(0.8845424223473003, 1.0)",1,99.03054299729148,38639
"(0.7673678366541239, 1.0)",1,99.0305369802074,38640
"(1.0, 1.0)",2,99.03053325566717,38642
"(0.8347775825943863, 0.9916585206907788)",1,99.03053236486174,38643
"(0.9876221896383188, 0.9958292603453894)",1,99.03046510011195,38644
"(0.9198255060602112, 0.9958292603453894)",2,99.03043874902028,38646
"(0.8533622685185187, 1.0)",1,99.03041550078008,38647
"(0.8374727668845315, 1.0)",1,99.03038538277534,38648
"(0.9705383010048324, 0.9958292603453894)",1,99.03029156750888,38649
"(0.8137865219658889, 0.9833229101521784)",1,99.03024782033803,38650
"(0.913942789236907, 0.9958292603453894)",1,99.03022971605805,38651
"(0.8040695048423352, 1.0)",1,99.03022626037838,38652
"(0.933096859926128, 1.0)",1,99.03019860945416,38653
"(0.9748524098350704, 0.9958292603453894)",1,99.03018895259734,38654
"(0.9034438470728792, 0.9958292603453894)",1,99.03012193092609,38655
"(0.8796475392220073, 1.0)",1,99.02998983121752,38656
"(0.93773047895128, 0.9958292603453894)",1,99.0299517443136,38657
"(0.979051756240299, 0.9958292603453894)",2,99.0298643397982,38659
"(0.9748461391725148, 1.0)",1,99.02977832787496,38660
"(0.808446455505279, 1.0)",1,99.029663644352,38661
"(0.8222222222222222, 1.0)",1,99.02965017982388,38662
"(0.8717520170461346, 0.9958292603453894)",1,99.02963639864532,38663
"(0.9916585206907788, 0.9958292603453894)",1,99.02955290003118,38664
"(0.9624268025880928, 0.9958292603453894)",1,99.02942000038628,38665
"(0.9153439153439156, 1.0)",1,99.0294150012334,38666
"(0.9833229101521784, 1.0)",1,99.02938847053446,38667
"(0.9916585206907788, 0.9958292603453894)",1,99.02924466851196,38668
"(0.9034438470728792, 0.9958292603453894)",1,99.0292135290692,38669
"(0.9738477269913072, 0.9958292603453894)",1,99.0291486616048,38670
"(0.9546499948224086, 0.9958292603453894)",2,99.02903926307005,38672
"(0.9622634791942192, 0.9958292603453894)",1,99.02894320266788,38673
"(0.9833040078201368, 0.9958292603453894)",1,99.02887945174844,38674
"(0.903667392883079, 1.0)",1,99.02885194478384,38675
"(0.7786375661375661, 1.0)",1,99.02883260118384,38676
"(0.9189396095602992, 0.9958292603453894)",1,99.0288173915528,38677
"(0.8928598364786969, 0.9958292603453894)",1,99.02875935976104,38678
"(0.7042648709315374, 1.0)",1,99.028758597054,38679
"(0.861111111111111, 1.0)",1,99.02872447116698,38680
"(0.9665831244778612, 1.0)",1,99.02869995169593,38681
"(0.8653198653198653, 1.0)",1,99.02860471266598,38682
"(0.6042502004811546, 1.0)",1,99.02851862066784,38683
"(1.0, 1.0)",1,99.02848641864684,38684
"(0.97495917428555, 0.9916666666666668)",2,99.02847422391228,38686
"(0.9746854694957162, 1.0)",1,99.02847226533927,38687
"(0.9280317595086728, 0.9958292603453894)",1,99.02835014372324,38688
"(0.7802197802197803, 1.0)",1,99.02831582527467,38689
"(0.9873891625615764, 0.9915151515151516)",1,99.02830135233404,38690
"(0.9748524098350704, 0.9958292603453894)",2,99.02820905914696,38692
"(0.7278086237149632, 1.0)",1,99.02816522490872,38693
"(0.9584987529902784, 1.0)",1,99.02814104905092,38694
"(0.8347775825943863, 0.9958292603453894)",1,99.02808913810848,38695
"(0.9610567210567212, 0.9958292603453894)",1,99.02807302905975,38696
"(0.8101143854687974, 1.0)",2,99.02798100696212,38698
"(0.8845578466141503, 1.0)",2,99.02796556748848,38700
"(0.9322127672355596, 0.9958292603453894)",1,99.02793514702898,38701
"(1.0, 0.9958292603453894)",1,99.02790299966225,38702
"(0.987463247273494, 0.9958292603453894)",1,99.0278349795924,38703
"(0.9833229101521784, 1.0)",1,99.02774650823432,38704
"(0.9833229101521784, 1.0)",2,99.02773608505316,38706
"(0.9166145507608924, 1.0)",1,99.027725661872,38707
"(0.9746535316523212, 0.9958292603453894)",1,99.02766424083262,38708
"(0.7802197802197803, 1.0)",1,99.0276531252962,38709
"(0.9126251340467026, 0.9958292603453894)",1,99.02764582137628,38710
"(0.9674564520532262, 0.9958292603453894)",1,99.02761219862924,38711
"(0.9665831244778612, 1.0)",4,99.027600270219,38715
"(0.9454999712494968, 0.9958292603453894)",1,99.027580037974,38716
"(0.861111111111111, 1.0)",1,99.02756031295144,38717
"(0.9497171590194846, 1.0)",2,99.02741139460846,38719
"(1.0, 1.0)",1,99.027389510179,38720
"(0.9326599326599326, 1.0)",1,99.02735068252308,38721
"(0.9034438470728792, 0.9958292603453894)",1,99.02730888571196,38722
"(0.7340930674264006, 1.0)",2,99.02723683514644,38724
"(0.8266173510466989, 1.0)",1,99.02712265058676,38725
"(0.9326599326599326, 1.0)",2,99.0270939539232,38727
"(0.9153439153439156, 1.0)",1,99.02697636188395,38728
"(0.917469251615593, 1.0)",1,99.02695215178812,38729
"(0.8468951683237397, 1.0)",1,99.02690248651936,38730
"(0.8040695048423352, 1.0)",1,99.0268424895656,38731
"(0.987491854024112, 0.9958292603453894)",2,99.02683973118027,38733
"(0.7204751921733054, 1.0)",1,99.02683932612364,38734
"(0.7601164382773579, 1.0)",1,99.02676823984405,38735
"(0.6825396825396824, 1.0)",1,99.02674439381757,38736
"(0.8717520170461346, 0.9958292603453894)",2,99.02665199539337,38738
"(0.8222222222222222, 1.0)",1,99.02660215597923,38739
"(0.8976982097186702, 1.0)",1,99.02656841694905,38740
"(0.8796475392220073, 1.0)",1,99.02655902453992,38741
"(0.9788980434141724, 0.9958292603453894)",1,99.02652049578236,38742
"(0.93773047895128, 0.9958292603453894)",1,99.02641969803636,38743
"(0.9295538313113396, 0.9958292603453894)",1,99.02622917076832,38744
"(0.8907966222338917, 0.9958292603453894)",1,99.0261956018477,38745
"(0.6042502004811546, 1.0)",1,99.02618026622204,38746
"(0.6784722222222224, 1.0)",1,99.0261777040798,38747
"(0.8247905643738976, 1.0)",1,99.0261613844502,38748
"(0.9365496267832196, 0.9916585206907788)",1,99.02612530801608,38749
"(0.8676532769556025, 1.0)",1,99.02609047513224,38750
"(0.9499687304565352, 0.9833229101521784)",1,99.02607520939812,38751
"(0.8717520170461346, 0.9958292603453894)",1,99.02605132075276,38752
"(0.882673371045464, 1.0)",1,99.02598111029316,38753
"(0.9792766373411534, 0.9958292603453894)",1,99.02597356743684,38754
"(0.8053381731676306, 1.0)",2,99.0259368342164,38756
"(0.859499940327008, 1.0)",1,99.02591747574938,38757
"(0.738145558145558, 1.0)",1,99.02590972450818,38758
"(0.7164894725870335, 1.0)",1,99.02587274149288,38759
"(0.9958292603453894, 0.9958292603453894)",1,99.0258557557113,38760
"(0.8177442148030384, 1.0)",1,99.02584866555505,38761
"(0.9750854369118126, 0.9958292603453894)",1,99.02574072783705,38762
"(0.6733821733821733, 1.0)",1,99.02561396732516,38763
"(0.8316498316498316, 1.0)",1,99.02561017298254,38764
"(0.9916585206907788, 0.9958292603453894)",1,99.0255490848664,38765
"(0.7119388248146047, 1.0)",1,99.02550679854518,38766
"(0.9009287520039462, 1.0)",1,99.0255006951764,38767
"(0.9829909379735984, 0.9958292603453894)",1,99.02546810210931,38768
"(0.8294970161977834, 0.9833229101521784)",1,99.02538387165916,38769
"(0.7034009971509971, 1.0)",1,99.0252373619677,38770
"(0.8600291387756281, 0.9958292603453894)",1,99.02518496637144,38771
"(0.9003556829643787, 1.0)",2,99.02501599895524,38773
"(0.4039045743444857, 1.0)",1,99.0248892439505,38774
"(0.617513611615245, 1.0)",1,99.02488804432171,38775
"(0.9714797495442656, 0.9958292603453894)",1,99.02486570512976,38776
"(0.7362637362637362, 1.0)",1,99.02482527802756,38777
"(0.7430253184970165, 1.0)",1,99.0248176002893,38778
"(0.8347775825943863, 0.9958292603453894)",1,99.02469094164394,38779
"(0.9326599326599326, 1.0)",2,99.02463810662351,38781
"(0.9625114955760116, 0.9958292603453894)",1,99.02458871356444,38782
"(0.9333044546043194, 0.9916585206907788)",2,99.02440171324862,38784
"(0.4943189964157706, 1.0)",1,99.0243683886832,38785
"(0.8432903075760217, 0.986081059422206)",1,99.02436069181564,38786
"(0.9299160159815896, 1.0)",1,99.02434726518354,38787
"(0.8483418730488175, 0.9958292603453894)",1,99.024339415019,38788
"(0.9665831244778612, 1.0)",1,99.024338362964,38789
"(0.9031692062697052, 1.0)",1,99.02428491758911,38790
"(0.9829909379735984, 0.9958292603453894)",2,99.02428254052266,38792
"(0.8443691323092412, 0.9958292603453894)",2,99.0242676145523,38794
"(0.9788283442948758, 0.9958292603453894)",1,99.0242555980685,38795
"(0.9365496267832196, 0.9958292603453894)",2,99.02421999229574,38797
"(0.9369808292429718, 0.9958292603453894)",1,99.02421959485372,38798
"(0.9833229101521784, 1.0)",1,99.024163014239,38799
"(0.9205517358458536, 0.9958292603453894)",1,99.02415346513224,38800
"(0.8976982097186702, 1.0)",1,99.02414838381904,38801
"(0.8736897274633123, 1.0)",1,99.02400011915203,38802
"(0.7030539311241066, 1.0)",1,99.02396196198065,38803
"(0.9582389563841176, 0.9958292603453894)",1,99.02392315515836,38804
"(0.9365496267832196, 0.9916666666666668)",1,99.02391612436462,38805
"(1.0, 1.0)",1,99.02380756484988,38806
"(0.7713401051412279, 1.0)",2,99.02369051680886,38808
"(0.987463247273494, 0.9916666666666668)",1,99.02368041604048,38809
"(0.7532376017916352, 1.0)",1,99.02345854554842,38810
"(0.9166145507608924, 1.0)",1,99.02336205891392,38811
"(0.8468951683237397, 1.0)",1,99.02331032803224,38812
"(0.9497171590194848, 1.0)",1,99.02325446444084,38813
"(0.8997493734335841, 1.0)",1,99.0232278477164,38814
"(0.9750780096985032, 0.9958292603453894)",1,99.02312557752226,38815
"(0.9669795885118464, 0.9958292603453894)",1,99.02307418786926,38816
"(0.8736897274633123, 1.0)",2,99.02303464681827,38818
"(0.9504245882013664, 0.9958292603453894)",1,99.02302558211656,38819
"(0.8329156223893065, 1.0)",1,99.02295814195128,38820
"(0.9412964149491664, 0.9958292603453894)",1,99.02287103256036,38821
"(0.9497171590194846, 1.0)",1,99.02276155485984,38822
"(0.5910680656443368, 1.0)",1,99.02275534205948,38823
"(0.8016677935542034, 1.0)",1,99.02271713283014,38824
"(0.944563492063492, 1.0)",1,99.02266643180737,38825
"(0.9915151515151516, 0.9958292603453894)",1,99.0226493568349,38826
"(0.9497171590194846, 1.0)",1,99.02259575698989,38827
"(0.8736897274633123, 1.0)",1,99.02259334589807,38828
"(0.7601164382773579, 1.0)",2,99.02256670515472,38830
"(0.8880984643179766, 1.0)",1,99.02249085031062,38831
"(0.4943189964157706, 1.0)",2,99.02248835182137,38833
"(0.617513611615245, 1.0)",1,99.02244542842072,38834
"(0.6825396825396824, 1.0)",1,99.02240541329397,38835
"(0.9206165335472736, 0.9958292603453894)",1,99.02231021459264,38836
"(0.861111111111111, 1.0)",1,99.022231820841,38837
"(0.861111111111111, 1.0)",1,99.02216958480057,38838
"(0.9008025849489264, 1.0)",1,99.02214666366312,38839
"(0.8016677935542034, 1.0)",1,99.0220814065056,38840
"(0.8310777799491891, 1.0)",1,99.02206443141306,38841
"(0.9792521035784794, 0.9958292603453894)",1,99.02205253347783,38842
"(0.9300671002153482, 1.0)",1,99.02196941560358,38843
"(0.8347775825943863, 0.9958292603453894)",1,99.02186343883436,38844
"(0.8958208965097509, 0.9958292603453894)",1,99.02184319803452,38845
"(0.9958292603453894, 0.9958292603453894)",1,99.02179663410126,38846
"(1.0, 1.0)",1,99.02176475378292,38847
"(0.93773047895128, 0.9958292603453894)",1,99.02147304925316,38848
"(0.8374727668845315, 1.0)",1,99.021461316489,38849
"(0.9457018956165067, 0.9958292603453894)",1,99.02141160189969,38850
"(0.9714797495442656, 0.9958292603453894)",1,99.02131787185976,38851
"(0.9131856219190184, 0.9958292603453894)",1,99.0212967511664,38852
"(0.9206165335472736, 0.9958292603453894)",1,99.02126496544425,38853
"(0.5555555555555555, 1.0)",4,99.02123252407456,38857
"(0.826388888888889, 1.0)",1,99.02115177586526,38858
"(0.8247905643738976, 1.0)",1,99.02107064614322,38859
"(0.9497171590194846, 1.0)",3,99.0210313652413,38862
"(0.9748461391725148, 1.0)",1,99.02101180952148,38863
"(0.9369138996969484, 0.9958292603453894)",1,99.02081821273748,38864
"(1.0, 1.0)",2,99.02079817002794,38866
"(0.5910680656443368, 1.0)",1,99.02078473797977,38867
"(0.9665831244778612, 1.0)",2,99.0205431899912,38869
"(0.9833211143695014, 0.991777356103732)",1,99.02050429541212,38870
"(0.6886904761904762, 1.0)",1,99.02049429645513,38871
"(1.0, 0.9958292603453894)",1,99.0204754359798,38872
"(0.8547756205106323, 1.0)",1,99.0203693282798,38873
"(0.978932178932179, 0.9958292603453894)",1,99.0202857482254,38874
"(0.9833040078201368, 0.9958292603453894)",1,99.02026938312162,38875
"(0.8374727668845315, 1.0)",1,99.02025258876743,38876
"(1.0, 1.0)",1,99.0202524833835,38877
"(0.757745166550198, 1.0)",2,99.0202149897498,38879
"(0.9500975805767078, 0.9958292603453894)",1,99.02012900933616,38880
"(0.7097211628104076, 1.0)",1,99.02011778522748,38881
"(0.8495378883833893, 0.9958292603453894)",1,99.02006610019836,38882
"(0.8586166985951469, 1.0)",1,99.02004598186092,38883
"(0.9916585206907788, 0.9958292603453894)",1,99.02003269650632,38884
"(0.6698155645524068, 1.0)",1,99.0199697921688,38885
"(0.93773047895128, 0.9958292603453894)",1,99.019897002941,38886
"(0.8732774170274171, 1.0)",1,99.0197501210554,38887
"(0.7372334455667788, 1.0)",1,99.01971711157626,38888
"(0.8341307814992026, 1.0)",1,99.01968928462767,38889
"(0.5131569832583307, 1.0)",1,99.01966159698516,38890
"(0.9331094582012576, 1.0)",1,99.01960297197417,38891
"(0.9958292603453894, 1.0)",1,99.0195875060846,38892
"(0.9665831244778612, 1.0)",1,99.01946215472104,38893
"(0.8016677935542034, 1.0)",1,99.01946036598676,38894
"(0.9169719169719168, 1.0)",1,99.01944525873732,38895
"(0.8703703703703703, 1.0)",1,99.01941619107303,38896
"(0.808446455505279, 1.0)",1,99.01923197992495,38897
"(1.0, 1.0)",2,99.01903250963286,38899
"(0.882673371045464, 1.0)",1,99.0190295973369,38900
"(0.7511968744445381, 0.9988619159967322)",1,99.01900197886911,38901
"(0.9198255060602112, 0.9958292603453894)",1,99.01897820466615,38902
"(0.8717520170461346, 0.9958292603453894)",1,99.01896870666326,38903
"(0.7042648709315374, 1.0)",1,99.01892561585562,38904
"(0.961552316099405, 0.9958292603453894)",1,99.01865563385792,38905
"(0.902012682657844, 0.9958292603453894)",1,99.0186382409681,38906
"(0.8668153102935712, 1.0)",1,99.0186051963886,38907
"(0.8928598364786969, 0.9958292603453894)",1,99.01859237508022,38908
"(0.882673371045464, 1.0)",1,99.01849946024932,38909
"(0.978932178932179, 0.9958292603453894)",1,99.0184339370219,38910
"(0.9384174012481092, 0.9958292603453894)",1,99.01837208838032,38911
"(0.9833229101521784, 1.0)",1,99.01834592102378,38912
"(0.8365328658269835, 0.9958292603453894)",1,99.01831552835525,38913
"(0.8867361313822293, 0.9916585206907788)",1,99.01826286573306,38914
"(0.974772367065274, 0.9958292603453894)",1,99.01822681080208,38915
"(0.8796475392220073, 1.0)",1,99.0182099196708,38916
"(0.9792766373411534, 0.9958292603453894)",1,99.01813943059396,38917
"(0.9834358767945106, 0.9958292603453894)",1,99.0181134521383,38918
"(0.9501563219469168, 0.9958292603453894)",1,99.01793450129102,38919
"(0.6378166586499919, 1.0)",1,99.01786830266504,38920
"(0.9189396095602992, 0.9958292603453894)",1,99.01786171951834,38921
"(0.861111111111111, 1.0)",1,99.01782948154728,38922
"(0.9161952650324744, 1.0)",1,99.01781719571598,38923
"(0.7157482018564546, 1.0)",1,99.01777841579889,38924
"(0.7802197802197803, 1.0)",1,99.01771657039592,38925
"(0.6886904761904762, 1.0)",1,99.01769768233795,38926
"(0.9833040078201368, 0.9958292603453894)",1,99.01768026967518,38927
"(0.9751539794803552, 0.9958292603453894)",1,99.0176716069063,38928
"(0.8193928901539049, 1.0)",1,99.01744627966517,38929
"(0.8319340617212959, 1.0)",2,99.01743740459436,38931
"(0.617513611615245, 1.0)",1,99.01740648054864,38932
"(0.9200043551329178, 0.9958292603453894)",1,99.01739559859678,38933
"(0.8247905643738976, 1.0)",1,99.01735330443157,38934
"(0.8349489264123411, 1.0)",1,99.01721828554828,38935
"(0.6636745887678723, 1.0)",1,99.0172158140945,38936
"(0.4943189964157706, 1.0)",1,99.01714652977836,38937
"(0.943710724759112, 0.9958292603453894)",1,99.01707256947664,38938
"(0.9833229101521784, 1.0)",1,99.01704227322584,38939
"(0.9833040078201368, 0.9958292603453894)",1,99.01701174545911,38940
"(0.943710724759112, 0.9958292603453894)",1,99.01698323239692,38941
"(0.8308802308802309, 1.0)",1,99.01691187673494,38942
"(0.8811945374355704, 1.0)",1,99.01679902864647,38943
"(0.8796475392220073, 1.0)",1,99.01676798539629,38944
"(0.8455704732698088, 1.0)",2,99.01675416780228,38946
"(0.9365496267832196, 0.9916585206907788)",1,99.01675063932402,38947
"(0.7083333333333334, 1.0)",1,99.01665694464496,38948
"(0.8845578466141503, 1.0)",1,99.0165910344181,38949
"(0.9161952650324744, 1.0)",1,99.01658588011504,38950
"(0.9333333333333332, 1.0)",1,99.0165272272714,38951
"(0.8976982097186702, 1.0)",1,99.01647217467016,38952
"(0.9662506012506012, 0.9958292603453894)",1,99.01644878966589,38953
"(0.6445974707185653, 1.0)",1,99.01644819199232,38954
"(0.4039045743444857, 1.0)",1,99.01639915132569,38955
"(0.9750481776288228, 0.9958292603453894)",1,99.01638183445554,38956
"(0.812557599070401, 1.0)",1,99.01627636380402,38957
"(0.8976982097186702, 1.0)",1,99.01627244267324,38958
"(0.9268079211169572, 0.9958292603453894)",1,99.01607998578145,38959
"(0.9192093318943212, 1.0)",1,99.01605210929074,38960
"(0.9300671002153482, 1.0)",1,99.015932087739,38961
"(0.97495917428555, 0.9958292603453894)",2,99.01588908055751,38963
"(0.9664171122994653, 0.9958292603453894)",1,99.01586381278184,38964
"(0.7198480531813864, 1.0)",1,99.01585893228264,38965
"(0.9333333333333332, 1.0)",1,99.01571642861305,38966
"(0.9664171122994653, 0.9958292603453894)",1,99.01570346622309,38967
"(0.9131856219190184, 0.9958292603453894)",1,99.01566123814165,38968
"(1.0, 1.0)",1,99.01560384760552,38969
"(0.8125031257814453, 1.0)",1,99.015554096694,38970
"(0.9833229101521784, 1.0)",1,99.01553566607544,38971
"(0.4943189964157706, 1.0)",1,99.01552011914129,38972
"(0.8976982097186702, 1.0)",1,99.01549927893308,38973
"(0.9206165335472736, 0.9958292603453894)",1,99.01547580038812,38974
"(0.7183489076634237, 1.0)",1,99.015470184878,38975
"(0.9833229101521784, 1.0)",2,99.01540847164952,38977
"(0.8997493734335841, 1.0)",1,99.01533072348867,38978
"(0.9499687304565352, 1.0)",1,99.01520271146508,38979
"(0.8600291387756281, 0.9958292603453894)",1,99.01518632818934,38980
"(0.9916585206907788, 0.9958292603453894)",1,99.01503417989704,38981
"(0.799275702501509, 1.0)",1,99.0149878969713,38982
"(0.9445235834124724, 1.0)",1,99.01497128659608,38983
"(0.8907966222338917, 0.9958292603453894)",1,99.01493457356872,38984
"(0.9835547122074636, 0.9958292603453894)",1,99.01490205033495,38985
"(0.9430479403581872, 0.9958292603453894)",1,99.01488028508136,38986
"(0.9279680209218476, 0.9958292603453894)",1,99.01483275154852,38987
"(0.5925925925925927, 1.0)",1,99.01466873353908,38988
"(0.9832184229069656, 0.991777356103732)",1,99.01463193384006,38989
"(0.8653198653198653, 1.0)",1,99.01462783749824,38990
"(0.9288423094874708, 0.9958292603453894)",1,99.01460871254632,38991
"(0.5925925925925927, 1.0)",1,99.01460603771258,38992
"(0.9749625285109156, 0.9958292603453894)",1,99.01457403621262,38993
"(0.6825396825396824, 1.0)",1,99.01434239912312,38994
"(0.8760238095238095, 0.9958292603453894)",1,99.01430529695682,38995
"(0.9874762808349148, 0.9958292603453894)",1,99.01411416436176,38996
"(0.9665831244778612, 1.0)",1,99.01409387930563,38997
"(0.8329050741331443, 1.0)",1,99.01407929278392,38998
"(0.7545469576719577, 1.0)",1,99.01407679054292,38999
"(1.0, 1.0)",1,99.0139711304098,39000
"(0.9833229101521784, 1.0)",1,99.01395985009736,39001
"(0.837707400507675, 1.0)",1,99.01373060414826,39002
"(0.917849761232425, 1.0)",1,99.01372355152948,39003
"(0.9705906996229576, 0.9958292603453894)",1,99.01363336270832,39004
"(0.9873891625615764, 0.9958292603453894)",2,99.0136068028539,39006
"(0.9958292603453894, 0.9958292603453894)",2,99.01354036278516,39008
"(0.7083333333333334, 1.0)",1,99.01353840035212,39009
"(0.9792521035784794, 0.9958292603453894)",1,99.013461623897,39010
"(0.8796475392220073, 1.0)",1,99.01341203880531,39011
"(0.727840909090909, 0.986081059422206)",1,99.0133981396918,39012
"(0.8651903651903651, 1.0)",1,99.01335308424842,39013
"(0.8483418730488175, 0.9958292603453894)",1,99.013306168301,39014
"(0.9788980434141724, 0.9958292603453894)",1,99.01321886204056,39015
"(0.8760238095238095, 0.9958292603453894)",1,99.01312867128443,39016
"(0.8676532769556025, 1.0)",1,99.01311860403528,39017
"(0.7946380416968652, 0.9958292603453894)",1,99.0128093157108,39018
"(0.4943189964157706, 1.0)",1,99.012759541458,39019
"(0.7371074312749817, 1.0)",1,99.01263389226617,39020
"(0.8867361313822293, 0.9958292603453894)",1,99.01261779031256,39021
"(0.73687720936437, 1.0)",1,99.0126080696446,39022
"(0.8315474711586087, 0.9958292603453894)",1,99.01260534913304,39023
"(0.8247905643738976, 1.0)",1,99.01254051302767,39024
"(0.799275702501509, 1.0)",1,99.01253975130372,39025
"(0.7511111111111111, 1.0)",1,99.01246645640138,39026
"(0.9490213526488036, 0.9916585206907788)",1,99.01229999936,39027
"(0.9622634791942192, 0.9916585206907788)",1,99.01229317492135,39028
"(0.9161952650324744, 1.0)",1,99.01227855567356,39029
"(0.9666666666666668, 1.0)",1,99.01220845731888,39030
"(0.9297812306740878, 1.0)",1,99.01204474379084,39031
"(0.9833040078201368, 0.9958292603453894)",1,99.0118418439034,39032
"(0.9182966261114094, 0.9958292603453894)",1,99.01161414392423,39033
"(0.9206165335472736, 0.9958292603453894)",1,99.0115151347559,39034
"(0.861111111111111, 1.0)",1,99.01148939762096,39035
"(0.4943189964157706, 1.0)",2,99.0114771162167,39037
"(0.8165509259259259, 1.0)",1,99.01147622280446,39038
"(0.901575014782562, 1.0)",1,99.01145985130316,39039
"(0.9280459216361852, 0.9958292603453894)",1,99.01136224739848,39040
"(0.9666562434855118, 1.0)",1,99.0112912313432,39041
"(0.9157097551404952, 0.9958292603453894)",1,99.01128205731447,39042
"(0.9436368312757202, 1.0)",1,99.01122222087716,39043
"(0.9003556829643787, 1.0)",1,99.01112521582446,39044
"(0.7277677677677677, 1.0)",1,99.0111241855492,39045
"(0.9665831244778612, 1.0)",1,99.01109725365824,39046
"(0.9832965806068272, 0.9958292603453894)",1,99.01104992473826,39047
"(0.9166145507608924, 1.0)",3,99.01104857202418,39050
"(0.4039045743444857, 1.0)",1,99.01097035174784,39051
"(0.7734344933751168, 1.0)",2,99.01084486072874,39053
"(0.9833211143695014, 0.9958292603453894)",1,99.010841031101,39054
"(0.8420013166556946, 1.0)",1,99.01077184376535,39055
"(0.933249791144528, 1.0)",1,99.01035678242292,39056
"(0.9584987529902784, 1.0)",1,99.01007751868552,39057
"(0.9365496267832196, 0.9958292603453894)",1,99.00998476256852,39058
"(0.786508365740383, 1.0)",1,99.00993067577436,39059
"(0.9666562434855118, 1.0)",1,99.00989924607912,39060
"(0.9501563219469168, 0.9958292603453894)",1,99.00978222413836,39061
"(0.9833229101521784, 1.0)",1,99.0097779366072,39062
"(0.9749088814411396, 1.0)",1,99.00976251965386,39063
"(0.9430479403581872, 0.9958292603453894)",1,99.00968533028404,39064
"(0.9189396095602992, 0.9958292603453894)",1,99.00952712876465,39065
"(0.6378166586499919, 1.0)",1,99.00944910398664,39066
"(0.9157097551404952, 0.9916585206907788)",1,99.00938098387374,39067
"(0.6544644252235129, 1.0)",2,99.00932591120342,39069
"(0.81893131227901, 1.0)",1,99.0093219365572,39070
"(0.9490213526488036, 0.9958292603453894)",1,99.00928831404153,39071
"(0.882673371045464, 1.0)",1,99.00925986965832,39072
"(0.7802197802197803, 1.0)",1,99.009220868561,39073
"(0.9748850895736324, 0.9958292603453894)",2,99.00896547027062,39075
"(0.9746854694957162, 0.9958292603453894)",1,99.00890374214708,39076
"(0.746304385688563, 1.0)",1,99.00886717934108,39077
"(0.8347775825943863, 0.9958292603453894)",1,99.00882958283026,39078
"(0.9876066164491212, 0.9958292603453894)",1,99.00877197800816,39079
"(0.8885714285714285, 1.0)",1,99.00873842685212,39080
"(0.9497171590194848, 1.0)",1,99.00865658266756,39081
"(0.9280317595086728, 0.9958292603453894)",1,99.00863762353954,39082
"(0.8468951683237397, 1.0)",1,99.00856430206696,39083
"(0.9748461391725148, 1.0)",1,99.00849551756968,39084
"(0.8137865219658889, 1.0)",1,99.00849313536509,39085
"(0.8425483191745751, 1.0)",1,99.00845260585828,39086
"(0.9665831244778612, 1.0)",1,99.00841407764092,39087
"(0.8016677935542034, 1.0)",2,99.00835514165792,39089
"(0.861111111111111, 1.0)",1,99.00818464320204,39090
"(0.9751539794803552, 0.9958292603453894)",1,99.0081839473606,39091
"(0.9300671002153482, 1.0)",2,99.00818154123706,39093
"(0.9546499948224086, 0.9958292603453894)",1,99.00811598718025,39094
"(0.6747507742934573, 1.0)",1,99.00805026160094,39095
"(0.8247905643738976, 1.0)",2,99.00798519794505,39097
"(0.9153439153439152, 1.0)",1,99.00796357557256,39098
"(0.930124456440246, 1.0)",1,99.00793563081518,39099
"(0.837707400507675, 1.0)",1,99.00790806473994,39100
"(0.8814814814814814, 1.0)",1,99.00786809874468,39101
"(0.4039045743444857, 1.0)",1,99.00785544995632,39102
"(0.9833040078201368, 0.9958292603453894)",1,99.00778369540308,39103
"(0.861111111111111, 1.0)",1,99.007734732311,39104
"(0.8374727668845315, 1.0)",1,99.00757429751084,39105
"(0.7362637362637362, 1.0)",1,99.00749313895376,39106
"(0.7675138481590094, 1.0)",1,99.00742195238048,39107
"(0.8432903075760217, 1.0)",1,99.0074009283203,39108
"(0.6733821733821733, 1.0)",1,99.00723903966482,39109
"(0.9916585206907788, 0.9958292603453894)",1,99.00717040767992,39110
"(0.9250222656674272, 0.9958292603453894)",1,99.00705402289314,39111
"(0.9497171590194848, 1.0)",1,99.00701121818793,39112
"(1.0, 1.0)",1,99.00693276792856,39113
"(0.786508365740383, 1.0)",1,99.00690392462715,39114
"(0.8811945374355704, 1.0)",1,99.00675859318072,39115
"(0.9876221896383188, 0.9958292603453894)",1,99.0067386672351,39116
"(0.9609386607489072, 0.9958292603453894)",1,99.0067109672677,39117
"(0.8845578466141503, 1.0)",1,99.00668467785522,39118
"(0.9018806250259218, 1.0)",1,99.00658615287412,39119
"(0.8449978636391381, 1.0)",1,99.00652893569334,39120
"(0.826388888888889, 1.0)",1,99.00651584632897,39121
"(0.6698155645524068, 1.0)",1,99.00647406939032,39122
"(0.7372334455667788, 1.0)",1,99.006466356693,39123
"(0.8040695048423352, 1.0)",1,99.00641967256036,39124
"(0.8760238095238095, 0.9958292603453894)",1,99.00636916505286,39125
"(0.617513611615245, 1.0)",1,99.0063520351135,39126
"(0.829257487152224, 1.0)",1,99.006351939707,39127
"(0.6733821733821733, 1.0)",1,99.0063112136283,39128
"(0.8760238095238095, 0.9958292603453894)",1,99.00630349121552,39129
"(0.8958208965097509, 0.9958292603453894)",1,99.00615370885365,39130
"(0.8653198653198653, 1.0)",1,99.00614562023172,39131
"(0.9034438470728792, 0.9958292603453894)",1,99.00613508093522,39132
"(0.8315474711586087, 0.9958292603453894)",1,99.00612354315037,39133
"(0.9504245882013664, 0.9958292603453894)",1,99.00604547295391,39134
"(0.9040606114111948, 0.9958292603453894)",1,99.00600854882404,39135
"(0.7946380416968652, 0.9958292603453894)",1,99.00598819118947,39136
"(0.9326599326599326, 1.0)",1,99.00598816159626,39137
"(0.7880931329207191, 1.0)",1,99.00584393661056,39138
"(0.6784722222222224, 1.0)",2,99.00575753425228,39140
"(0.8222222222222222, 1.0)",2,99.00572514955893,39142
"(0.8613656783468103, 1.0)",1,99.0057198474936,39143
"(0.7498436522826767, 1.0)",1,99.00571042344755,39144
"(0.8158879904162925, 1.0)",1,99.00568814452078,39145
"(0.8796475392220073, 1.0)",1,99.00557362177368,39146
"(0.8165509259259259, 1.0)",1,99.00548699121951,39147
"(0.8177442148030384, 1.0)",1,99.00522399926166,39148
"(0.9672281917443208, 0.9958292603453894)",1,99.0052025709575,39149
"(0.9009287520039462, 1.0)",1,99.00508621472888,39150
"(0.7042648709315374, 1.0)",1,99.00500667527784,39151
"(0.9750780096985032, 0.9958292603453894)",1,99.00496399015655,39152
"(0.9580602951397298, 0.9958292603453894)",1,99.00493612215416,39153
"(0.9369138996969484, 0.9958292603453894)",2,99.00492475216107,39155
"(0.917655049465296, 0.9958292603453894)",1,99.00491343385464,39156
"(0.8420013166556946, 1.0)",1,99.00489181950805,39157
"(0.8420013166556946, 1.0)",1,99.00485759177003,39158
"(0.8929015655249481, 0.9958292603453894)",1,99.00474830712383,39159
"(0.7946380416968652, 0.9958292603453894)",2,99.00474077791864,39161
"(0.9791332681655264, 0.9958292603453894)",1,99.00473639920938,39162
"(0.5910680656443368, 1.0)",1,99.00472896032343,39163
"(0.9497171590194846, 1.0)",1,99.00470252602533,39164
"(0.9916625936787228, 0.9958292603453894)",1,99.00461040750795,39165
"(0.6179693015417549, 1.0)",1,99.00458424085672,39166
"(0.808446455505279, 1.0)",1,99.00458036775235,39167
"(0.7965746171391332, 1.0)",2,99.00452564369446,39169
"(1.0, 1.0)",1,99.00444571787172,39170
"(0.8633762288330498, 1.0)",1,99.00431864854156,39171
"(0.9501563219469168, 0.987491854024112)",1,99.00429344263266,39172
"(0.9300671002153482, 1.0)",1,99.00427483536046,39173
"(0.9916585206907788, 0.9958292603453894)",1,99.00423888336644,39174
"(0.7965746171391332, 1.0)",2,99.00423075663925,39176
"(0.7278086237149632, 1.0)",1,99.00407879184274,39177
"(0.9665831244778612, 1.0)",2,99.00401043416836,39179
"(0.8483418730488175, 0.9958292603453894)",1,99.00395065062648,39180
"(0.987463247273494, 0.9916666666666668)",1,99.0038953153422,39181
"(1.0, 1.0)",1,99.00389395465272,39182
"(0.9835199925522506, 0.9958292603453894)",1,99.00383780749836,39183
"(0.9018806250259218, 1.0)",1,99.0038359066577,39184
"(0.9326599326599326, 1.0)",4,99.00382792484456,39188
"(0.8635976129582268, 1.0)",1,99.00379623912607,39189
"(0.8222222222222222, 1.0)",1,99.0037514451056,39190
"(0.826388888888889, 1.0)",1,99.00367214037377,39191
"(0.9250222656674272, 0.9958292603453894)",1,99.0035708708528,39192
"(0.9833229101521784, 1.0)",1,99.00357073508,39193
"(0.7940388012109323, 1.0)",1,99.00343766862656,39194
"(0.7479743867590829, 1.0)",1,99.0033797619976,39195
"(0.8365328658269835, 0.9958292603453894)",1,99.0033305338388,39196
"(0.9493072891175358, 0.9958292603453894)",1,99.00321627217836,39197
"(0.7372334455667788, 1.0)",1,99.0032086336877,39198
"(0.8347775825943863, 0.9958292603453894)",2,99.00319284210084,39200
"(0.9580331374974232, 1.0)",1,99.00307019285827,39201
"(0.7802197802197803, 1.0)",1,99.00302132298654,39202
"(0.9326599326599326, 1.0)",1,99.00300631628214,39203
"(1.0, 1.0)",1,99.00285137801924,39204
"(0.861111111111111, 1.0)",1,99.0027746501694,39205
"(0.8703703703703703, 1.0)",1,99.00273910122522,39206
"(0.9833040078201368, 0.9958292603453894)",1,99.00269183667604,39207
"(0.945364478411655, 0.9916585206907788)",1,99.00262551858128,39208
"(1.0, 1.0)",1,99.00259075568334,39209
"(0.9751539794803552, 0.9958292603453894)",1,99.00254101509178,39210
"(0.9788980434141724, 0.9958292603453894)",1,99.0025216127802,39211
"(1.0, 1.0)",1,99.00247530639774,39212
"(0.7647742788871822, 1.0)",1,99.00239222100925,39213
"(0.9791332681655264, 0.9958292603453894)",1,99.00236888981205,39214
"(0.9665831244778612, 1.0)",1,99.00236741532623,39215
"(0.9326599326599326, 1.0)",2,99.00234046434676,39217
"(0.9916585206907788, 0.9958292603453894)",1,99.00231710251202,39218
"(0.9333333333333332, 1.0)",1,99.00227376203269,39219
"(0.7647742788871822, 1.0)",1,99.00220639424556,39220
"(0.9114218054477384, 0.9916339869281046)",1,99.0021557798278,39221
"(0.5131569832583307, 1.0)",1,99.00213309392912,39222
"(0.8229870141950848, 1.0)",1,99.00201290282163,39223
"(0.6961063627730295, 1.0)",1,99.00188833142428,39224
"(0.6636745887678723, 1.0)",2,99.00186310239796,39226
"(0.9486619426325308, 1.0)",1,99.00169600763286,39227
"(0.9833229101521784, 1.0)",1,99.00168965815928,39228
"(0.9182966261114094, 0.9958292603453894)",1,99.00166001059571,39229
"(0.9189396095602992, 0.9958292603453894)",2,99.00163899796804,39231
"(1.0, 1.0)",1,99.00162696233278,39232
"(0.6179693015417549, 1.0)",2,99.00156018124764,39234
"(0.9916625936787228, 0.9958292603453894)",1,99.00154321144836,39235
"(0.962699692780338, 0.9958292603453894)",1,99.00151383518738,39236
"(0.9246029866191156, 0.9958292603453894)",1,99.00146464027328,39237
"(0.8296970789758384, 1.0)",1,99.00141110839424,39238
"(0.8468089381754635, 1.0)",1,99.00133081409103,39239
"(0.9189396095602992, 0.9958292603453894)",1,99.0013165558323,39240
"(0.9624268025880928, 0.9958292603453894)",1,99.00128377638684,39241
"(0.8316498316498316, 1.0)",1,99.00127916444887,39242
"(0.947552083649559, 0.9958292603453894)",1,99.0012750781614,39243
"(0.9833229101521784, 1.0)",1,99.00119275886608,39244
"(0.9499687304565352, 1.0)",1,99.0011130315262,39245
"(1.0, 1.0)",1,99.00111023687856,39246
"(0.9833229101521784, 1.0)",1,99.0010811734554,39247
"(0.9665831244778612, 1.0)",1,99.000992541102,39248
"(0.9705906996229576, 0.9958292603453894)",1,99.0009282236196,39249
"(0.8676532769556025, 1.0)",1,99.00088525300202,39250
"(0.9665831244778612, 1.0)",1,99.00087466182208,39251
"(0.9873891625615764, 0.9958292603453894)",1,99.00075609206004,39252
"(0.7994987468671678, 0.9833229101521784)",1,99.00066591424688,39253
"(0.6907243513029603, 1.0)",2,99.00057364008087,39255
"(0.7000013129045387, 1.0)",1,99.0005605973026,39256
"(0.757745166550198, 1.0)",2,99.00039657538711,39258
"(0.8365328658269835, 0.9958292603453894)",1,99.00039536671125,39259
"(0.7675138481590094, 1.0)",1,99.00032035882514,39260
"(0.5070372093557577, 1.0)",1,99.00021269187351,39261
"(0.757745166550198, 1.0)",1,99.000194571123,39262
"(0.9750854369118126, 0.9958292603453894)",1,99.00015113716208,39263
"(0.8586166985951469, 1.0)",1,99.00012705098786,39264
"(0.5131569832583307, 1.0)",1,99.00011579311388,39265
"(0.8958208965097509, 0.9916585206907788)",2,99.00006065191968,39267
"(0.917415489944373, 1.0)",1,98.99997764105386,39268
"(0.8845578466141503, 1.0)",1,98.99991394457028,39269
"(0.9506533178503804, 1.0)",1,98.99990149426662,39270
"(0.949977467563772, 0.9958292603453894)",1,98.9998945405411,39271
"(0.8745860467551234, 0.9958292603453894)",1,98.99983226779445,39272
"(0.9832925076188832, 0.9958292603453894)",1,98.99981724120497,39273
"(0.9333044546043194, 0.9958292603453894)",1,98.99977829088266,39274
"(0.9835199925522506, 0.9958292603453894)",2,98.99975996268746,39276
"(0.9665831244778612, 1.0)",1,98.99969216706576,39277
"(0.9832184229069656, 0.9958292603453894)",1,98.99937485133636,39278
"(0.9791348015256934, 0.9958292603453894)",1,98.99934602565254,39279
"(0.8372053872053872, 1.0)",1,98.99925622674785,39280
"(0.7417508417508417, 1.0)",1,98.99925011618215,39281
"(0.826388888888889, 1.0)",1,98.99924653664924,39282
"(0.9295946890286512, 1.0)",1,98.9992369850893,39283
"(0.4776542240827955, 1.0)",1,98.99921179844112,39284
"(0.9333333333333332, 1.0)",1,98.99920572224804,39285
"(0.8880984643179766, 1.0)",1,98.99919302142798,39286
"(0.7479743867590829, 1.0)",1,98.99917441425607,39287
"(0.9454999712494968, 0.9958292603453894)",1,98.99912708533712,39288
"(0.8907966222338917, 0.9958292603453894)",1,98.99910451220173,39289
"(0.8653198653198653, 1.0)",2,98.9990888624772,39291
"(0.9182966261114094, 0.9958292603453894)",1,98.99901592005143,39292
"(0.6747507742934573, 1.0)",1,98.99887675094848,39293
"(0.9166145507608924, 1.0)",1,98.99885857622763,39294
"(0.8347775825943863, 0.9958292603453894)",1,98.99872983523136,39295
"(1.0, 0.9958292603453894)",2,98.9986631524798,39297
"(0.8495378883833893, 0.9958292603453894)",1,98.99864427287096,39298
"(0.930704099821747, 1.0)",1,98.99863223479312,39299
"(0.7612958226768967, 1.0)",1,98.9985458830335,39300
"(0.7562136521052955, 1.0)",1,98.9984049565726,39301
"(0.971023600055858, 0.9958292603453894)",1,98.99840344051786,39302
"(0.8813080639167598, 1.0)",1,98.99832078487265,39303
"(0.9161952650324744, 1.0)",1,98.9982644109611,39304
"(0.8151249335459861, 1.0)",1,98.99820037385072,39305
"(0.8929015655249481, 0.9958292603453894)",1,98.99812714983636,39306
"(0.6215073982652175, 1.0)",1,98.99807545541876,39307
"(0.8907966222338917, 0.9958292603453894)",1,98.99801652462456,39308
"(0.987463247273494, 0.9958292603453894)",1,98.99799264498378,39309
"(0.962505246140658, 0.9958292603453894)",1,98.99798752054782,39310
"(0.9008025849489264, 1.0)",1,98.9978200047332,39311
"(0.6042502004811546, 1.0)",1,98.99778056713768,39312
"(0.9189396095602992, 0.9958292603453894)",1,98.99766826016288,39313
"(0.8635976129582268, 1.0)",1,98.99766076237124,39314
"(0.9153439153439156, 1.0)",1,98.9976440998264,39315
"(0.9161952650324744, 1.0)",1,98.99763824368628,39316
"(0.9369808292429718, 0.9958292603453894)",1,98.99761519251292,39317
"(0.9833229101521784, 1.0)",2,98.99758794081066,39319
"(0.8976982097186702, 1.0)",1,98.99752571826504,39320
"(0.9497171590194848, 1.0)",2,98.99735686311598,39322
"(0.6886904761904762, 1.0)",1,98.99734456299524,39323
"(0.8796475392220073, 1.0)",1,98.99731354754628,39324
"(0.6698155645524068, 1.0)",1,98.99729902386504,39325
"(0.9299507899507898, 0.986081059422206)",2,98.99727122197316,39327
"(0.8587708587708588, 1.0)",1,98.99721378601949,39328
"(0.9916585206907788, 0.9958292603453894)",1,98.9970947842282,39329
"(0.9618291283060416, 0.9958292603453894)",1,98.99707233949624,39330
"(0.9522870228046522, 1.0)",1,98.9970539007606,39331
"(0.8347775825943863, 0.9958292603453894)",1,98.99695896582509,39332
"(0.9161952650324744, 1.0)",1,98.99689922418123,39333
"(0.9250222656674272, 0.9958292603453894)",1,98.99689062936922,39334
"(0.6215073982652175, 1.0)",1,98.99677545516369,39335
"(0.8929015655249481, 0.9958292603453894)",1,98.99677088866392,39336
"(0.9153439153439156, 1.0)",2,98.99676003230948,39338
"(0.8494167439328729, 0.9916585206907788)",1,98.99665258892482,39339
"(0.8976982097186702, 1.0)",2,98.99661932503324,39341
"(0.9497171590194846, 1.0)",1,98.9966101694166,39342
"(0.9618291283060416, 0.9958292603453894)",1,98.99657001562548,39343
"(0.9490213526488036, 0.9958292603453894)",1,98.99656415450778,39344
"(0.902764590611026, 0.9958292603453894)",1,98.99647261750584,39345
"(0.9369808292429718, 0.9958292603453894)",1,98.9963806072588,39346
"(0.7164894725870335, 1.0)",1,98.99636798612408,39347
"(0.8958208965097509, 0.9958292603453894)",1,98.99633660528444,39348
"(0.9454999712494968, 0.9958292603453894)",1,98.99619047271996,39349
"(0.9051976597090448, 0.9958292603453894)",1,98.99603814309302,39350
"(0.6907243513029603, 1.0)",1,98.9960364271848,39351
"(0.934122934122934, 0.9665831244778612)",1,98.99602974314148,39352
"(0.6238244514106583, 1.0)",1,98.99601022090512,39353
"(0.7965746171391332, 1.0)",1,98.99598739424836,39354
"(0.9751539794803552, 0.9958292603453894)",1,98.995826256183,39355
"(0.6378166586499919, 1.0)",1,98.9957534155822,39356
"(0.9791332681655264, 0.9958292603453894)",1,98.99574170940294,39357
"(0.9442283950617284, 1.0)",1,98.99569572044362,39358
"(0.971023600055858, 0.9958292603453894)",1,98.99553130211848,39359
"(0.7574146783449108, 1.0)",2,98.99550217761784,39361
"(0.9792773561037318, 1.0)",1,98.99543861630436,39362
"(0.9499687304565352, 1.0)",1,98.9953634976164,39363
"(0.9791348015256934, 0.9958292603453894)",2,98.99529154274556,39365
"(0.6215073982652175, 1.0)",1,98.99490646068864,39366
"(0.7786375661375661, 1.0)",1,98.99487488292424,39367
"(0.9916585206907788, 0.9958292603453894)",1,98.99483687700555,39368
"(0.4747763864042934, 1.0)",1,98.9948201840229,39369
"(0.9791332681655264, 0.9958292603453894)",1,98.99475747935271,39370
"(0.9280317595086728, 0.9958292603453894)",2,98.99461453156296,39372
"(0.8476190476190477, 1.0)",1,98.99456064354636,39373
"(0.8420013166556946, 1.0)",1,98.99454058581436,39374
"(0.9153439153439156, 1.0)",2,98.99453971154422,39376
"(0.9791299139401608, 0.9958292603453894)",1,98.9945377700889,39377
"(0.9622213554582854, 0.9916339869281046)",1,98.9945240687034,39378
"(0.7734344933751168, 1.0)",1,98.99443973074357,39379
"(0.942324305015694, 0.9958292603453894)",1,98.99443691765327,39380
"(0.8468951683237397, 1.0)",2,98.9944033138174,39382
"(0.8068635828271864, 1.0)",1,98.99437640100425,39383
"(0.9486619426325308, 1.0)",1,98.99436392997096,39384
"(0.8976982097186702, 0.9833229101521784)",1,98.9943567979646,39385
"(0.9504245882013664, 0.9958292603453894)",1,98.99433017962416,39386
"(0.9435817855979146, 0.9958292603453894)",1,98.9943186922912,39387
"(0.9665831244778612, 1.0)",1,98.99430508301712,39388
"(0.970607585468542, 0.9958292603453894)",1,98.99423446488063,39389
"(0.9582389563841176, 0.9958292603453894)",1,98.99421123443138,39390
"(0.6886904761904762, 1.0)",1,98.9941982827462,39391
"(0.9161952650324744, 1.0)",1,98.99416774756824,39392
"(0.9034438470728792, 0.9958292603453894)",1,98.99413330655602,39393
"(0.9497171590194846, 1.0)",1,98.9940091852847,39394
"(0.8495378883833893, 0.9958292603453894)",1,98.99400176694871,39395
"(0.6639781000006315, 0.9988619159967322)",1,98.99392340714816,39396
"(0.7083333333333334, 1.0)",2,98.99388047572852,39398
"(0.93773047895128, 0.9958292603453894)",2,98.99387917711836,39400
"(0.6042502004811546, 1.0)",1,98.99384085564652,39401
"(0.799275702501509, 1.0)",1,98.99372591878968,39402
"(0.6698155645524068, 1.0)",1,98.99372020032318,39403
"(0.799275702501509, 1.0)",1,98.99370989810134,39404
"(0.6215073982652175, 1.0)",1,98.99358618162032,39405
"(0.9497171590194848, 1.0)",1,98.99348820279052,39406
"(0.9791348015256934, 0.9958292603453894)",2,98.99345363465363,39408
"(0.9384174012481092, 0.9958292603453894)",1,98.9934050485666,39409
"(0.9497171590194848, 1.0)",1,98.99339750117792,39410
"(0.8016677935542034, 1.0)",1,98.9933951639247,39411
"(0.9384174012481092, 0.9958292603453894)",1,98.99335927972648,39412
"(0.9584987529902784, 1.0)",1,98.99329163488666,39413
"(0.6215073982652175, 1.0)",1,98.9932158796588,39414
"(0.958319976073035, 0.9958292603453894)",1,98.99316982147376,39415
"(0.9206165335472736, 0.9958292603453894)",1,98.99316357638884,39416
"(0.4747763864042934, 1.0)",1,98.99309999647916,39417
"(0.902012682657844, 0.9958292603453894)",1,98.99309153335902,39418
"(0.9497171590194846, 1.0)",1,98.993073992645,39419
"(0.9008627640703112, 1.0)",1,98.99301012623565,39420
"(0.9835199925522506, 0.9958292603453894)",1,98.99296721144466,39421
"(0.6698155645524068, 1.0)",1,98.99295083209032,39422
"(0.8329156223893065, 1.0)",1,98.99294223531103,39423
"(0.8976982097186702, 1.0)",1,98.99288581035096,39424
"(0.6825396825396824, 1.0)",1,98.99285137830375,39425
"(0.7090909090909091, 1.0)",1,98.9928277488864,39426
"(0.9157097551404952, 0.9958292603453894)",1,98.99281007328614,39427
"(0.7416325017951034, 1.0)",1,98.9927829268154,39428
"(0.8732774170274171, 1.0)",2,98.99274606695164,39430
"(0.8315474711586087, 0.9958292603453894)",1,98.99273200109832,39431
"(0.9833040078201368, 0.9958292603453894)",1,98.99270872046328,39432
"(0.572027972027972, 1.0)",1,98.99267015477074,39433
"(0.9501563219469168, 0.9958292603453894)",1,98.99266974484348,39434
"(0.9916666666666668, 0.9958292603453894)",1,98.9926379523918,39435
"(0.8814814814814814, 1.0)",4,98.9925925925926,39439
"(0.9833229101521784, 1.0)",1,98.99257279397833,39440
"(0.9034438470728792, 0.9958292603453894)",1,98.99256268157488,39441
"(0.7164894725870335, 1.0)",1,98.99253439649776,39442
"(0.9441792447111594, 1.0)",1,98.99243139689318,39443
"(0.9, 1.0)",1,98.99240561509416,39444
"(0.9009534009534008, 1.0)",1,98.99230838899648,39445
"(0.979055829228243, 0.9958292603453894)",2,98.9922844253135,39447
"(0.8796475392220073, 1.0)",1,98.99227811851924,39448
"(0.6444891298012474, 1.0)",1,98.99223222646056,39449
"(0.8976982097186702, 1.0)",2,98.99213223098197,39451
"(0.9008025849489264, 1.0)",1,98.99213124639066,39452
"(0.917724660397074, 0.9958292603453894)",1,98.99208133432816,39453
"(0.7083333333333334, 1.0)",1,98.99207682637916,39454
"(0.8443691323092412, 0.9958292603453894)",1,98.99205113350502,39455
"(0.7574146783449108, 1.0)",1,98.99191126714064,39456
"(0.917469251615593, 1.0)",2,98.99182286865953,39458
"(0.8635976129582268, 1.0)",2,98.99180009243842,39460
"(0.7946380416968652, 0.9958292603453894)",1,98.99177512736132,39461
"(0.738145558145558, 1.0)",2,98.99168291389384,39463
"(0.8016677935542034, 1.0)",1,98.9916780518101,39464
"(0.9126251340467026, 0.9958292603453894)",1,98.99165290680604,39465
"(1.0, 1.0)",1,98.991566999316,39466
"(0.9751539794803552, 0.9958292603453894)",1,98.99150807436482,39467
"(1.0, 1.0)",1,98.99146435871666,39468
"(0.9665831244778612, 0.9833229101521784)",1,98.99140703859032,39469
"(0.9369808292429718, 0.9958292603453894)",2,98.99140187404178,39471
"(0.4943189964157706, 1.0)",1,98.99133191812554,39472
"(0.9835199925522506, 0.9958292603453894)",1,98.99132312744784,39473
"(0.9835199925522506, 0.9958292603453894)",1,98.99131251467855,39474
"(0.7164894725870335, 1.0)",1,98.99127653931257,39475
"(0.81893131227901, 1.0)",2,98.99124361084662,39477
"(0.8156295830714435, 1.0)",1,98.99121790523893,39478
"(0.958095238095238, 0.9958292603453894)",1,98.99118691589618,39479
"(0.6636745887678723, 1.0)",1,98.99113204103136,39480
"(0.9250222656674272, 0.9958292603453894)",1,98.99109771743292,39481
"(0.7416325017951034, 1.0)",1,98.99109406934711,39482
"(0.861111111111111, 1.0)",4,98.99105764246318,39486
"(0.6636745887678723, 1.0)",1,98.99104608897171,39487
"(0.9322127672355596, 0.9958292603453894)",1,98.99099308461344,39488
"(0.8976982097186702, 1.0)",2,98.99098129403244,39490
"(0.4943189964157706, 1.0)",1,98.99094199553676,39491
"(0.7090909090909091, 1.0)",1,98.99090546690034,39492
"(0.983545503234046, 0.9958292603453894)",1,98.99086152380434,39493
"(0.9497171590194848, 1.0)",1,98.99073522641436,39494
"(1.0, 1.0)",1,98.99070372389812,39495
"(1.0, 1.0)",2,98.99068172956814,39497
"(0.8600291387756281, 0.9958292603453894)",1,98.99064320780415,39498
"(0.816195709052852, 1.0)",1,98.99062363933253,39499
"(0.8177442148030384, 1.0)",1,98.99062333883948,39500
"(0.9157097551404952, 0.9958292603453894)",1,98.99060431245904,39501
"(0.8976982097186702, 1.0)",1,98.99056594973388,39502
"(0.962505246140658, 0.9958292603453894)",1,98.9905413902862,39503
"(0.9504245882013664, 0.9958292603453894)",1,98.99051265020398,39504
"(0.9792766373411534, 0.9958292603453894)",1,98.99043607196772,39505
"(0.8633762288330498, 1.0)",1,98.99042728684852,39506
"(0.6804620726495727, 1.0)",1,98.99042565318128,39507
"(0.7786375661375661, 1.0)",1,98.99042001781196,39508
"(1.0, 1.0)",1,98.99033360834449,39509
"(0.8796475392220073, 1.0)",1,98.99025245192392,39510
"(0.7193191685235748, 1.0)",1,98.99011391397268,39511
"(0.971023600055858, 0.9958292603453894)",1,98.99008310210785,39512
"(0.7647742788871822, 1.0)",2,98.99005256835872,39514
"(0.9189396095602992, 0.9916585206907788)",1,98.99004584765092,39515
"(0.917006172839506, 1.0)",1,98.99003136525664,39516
"(0.9206165335472736, 0.9916585206907788)",1,98.98995248526722,39517
"(0.9034438470728792, 0.9958292603453894)",1,98.98994672625996,39518
"(0.8420013166556946, 1.0)",1,98.98993849366414,39519
"(0.6179693015417549, 1.0)",1,98.98993434485686,39520
"(0.9833229101521784, 1.0)",2,98.9898197917388,39522
"(0.7946380416968652, 0.9958292603453894)",1,98.98976836651246,39523
"(0.9750481776288228, 0.9958292603453894)",1,98.98963630378216,39524
"(0.9497171590194848, 1.0)",1,98.98963091612823,39525
"(0.9365496267832196, 0.9958292603453894)",1,98.98961527629004,39526
"(0.7250237826596757, 1.0)",1,98.98959974232044,39527
"(0.8558955563806776, 0.9958292603453894)",1,98.98945462418608,39528
"(0.9161952650324744, 1.0)",1,98.98944712403753,39529
"(0.9707136080238548, 0.9916666666666668)",1,98.98940643976871,39530
"(0.9916625936787228, 0.9958292603453894)",1,98.9893773921968,39531
"(0.8928598364786969, 0.9958292603453894)",1,98.9893126543519,39532
"(0.9279680209218476, 0.9958292603453894)",1,98.9892317604154,39533
"(0.7630560946847559, 1.0)",1,98.98898319956652,39534
"(0.7880931329207191, 1.0)",1,98.98895833805535,39535
"(0.97934925289764, 0.9958292603453894)",1,98.98875336553851,39536
"(0.9833229101521784, 1.0)",1,98.9887012716281,39537
"(0.8229870141950848, 1.0)",1,98.98868009846667,39538
"(0.8158879904162925, 1.0)",1,98.9886392843824,39539
"(0.8786901405005916, 0.9958292603453894)",1,98.98844422557204,39540
"(0.8976982097186702, 1.0)",1,98.98840914440925,39541
"(0.7242579158812665, 1.0)",1,98.98837490921436,39542
"(0.8814814814814814, 1.0)",4,98.98822898963454,39546
"(0.9157097551404952, 0.9916585206907788)",1,98.98819724485246,39547
"(0.9131856219190184, 0.9958292603453894)",1,98.98808770837762,39548
"(0.572027972027972, 1.0)",1,98.98804864030046,39549
"(0.9365496267832196, 0.9916666666666668)",1,98.9880277603374,39550
"(0.944073617452092, 1.0)",1,98.9879493094328,39551
"(0.8365328658269835, 0.9958292603453894)",1,98.9879363672277,39552
"(0.8796475392220073, 1.0)",1,98.98783019218588,39553
"(0.970772861441742, 0.9958292603453894)",1,98.98780303925956,39554
"(0.9871616776282092, 0.9958292603453894)",2,98.98779845366992,39556
"(0.6698155645524068, 1.0)",1,98.98778861929142,39557
"(0.9873891625615764, 0.9958292603453894)",1,98.98776621760024,39558
"(0.826388888888889, 1.0)",1,98.98775349141738,39559
"(0.8867361313822293, 0.9958292603453894)",1,98.98770687490152,39560
"(0.9497171590194846, 1.0)",1,98.98767718554564,39561
"(0.9791299139401608, 0.9958292603453894)",2,98.98739121839684,39563
"(0.826388888888889, 1.0)",1,98.98730739488175,39564
"(0.9916625936787228, 0.9958292603453894)",1,98.98725951071232,39565
"(0.4943189964157706, 1.0)",1,98.98720048003032,39566
"(0.6825396825396824, 1.0)",1,98.98717344083198,39567
"(0.8997493734335841, 1.0)",1,98.98716768365937,39568
"(0.9435817855979146, 0.9958292603453894)",1,98.98709241353174,39569
"(0.97934925289764, 0.9916666666666668)",1,98.98708414122166,39570
"(0.9791258409522168, 0.9958292603453894)",1,98.98697549660778,39571
"(0.826388888888889, 1.0)",1,98.98693235469943,39572
"(0.9833229101521784, 1.0)",1,98.9869015692835,39573
"(0.9297812306740878, 1.0)",1,98.98685599534694,39574
"(0.8613656783468103, 1.0)",1,98.98680222299907,39575
"(0.8420013166556946, 1.0)",1,98.98673057522258,39576
"(0.979273283115788, 0.9958292603453894)",1,98.98668206272085,39577
"(0.8796475392220073, 1.0)",2,98.98667061856484,39579
"(0.983545503234046, 1.0)",1,98.986663848067,39580
"(0.6636745887678723, 1.0)",1,98.98656717157547,39581
"(0.8329050741331443, 1.0)",1,98.98655407057396,39582
"(0.987463247273494, 0.9958292603453894)",1,98.98653472650174,39583
"(0.9508264734071186, 0.9958292603453894)",1,98.98650776900786,39584
"(0.9665831244778612, 1.0)",1,98.9865020211439,39585
"(0.7340324228911184, 1.0)",1,98.98639609097144,39586
"(0.8786901405005916, 0.9958292603453894)",1,98.98631592729728,39587
"(0.8420013166556946, 1.0)",1,98.9863097096238,39588
"(0.6784722222222224, 1.0)",1,98.986290356154,39589
"(0.9, 1.0)",1,98.98628753518746,39590
"(0.8976982097186702, 1.0)",1,98.98618879449054,39591
"(1.0, 1.0)",1,98.98616646523062,39592
"(0.944563492063492, 1.0)",1,98.98616557162332,39593
"(0.6886904761904762, 1.0)",1,98.98613312955888,39594
"(0.7965746171391332, 1.0)",1,98.9860351268252,39595
"(0.7344692811916678, 1.0)",1,98.98595439969806,39596
"(0.9157097551404952, 0.9958292603453894)",1,98.98593704469046,39597
"(0.944563492063492, 1.0)",1,98.9859326011082,39598
"(0.917655049465296, 0.9958292603453894)",2,98.98584613446904,39600
"(1.0, 1.0)",1,98.98579821654992,39601
"(0.9791258409522168, 0.9958292603453894)",1,98.985597233297,39602
"(0.7042648709315374, 1.0)",1,98.98558447725114,39603
"(0.8420013166556946, 1.0)",1,98.9853072204177,39604
"(0.6747507742934573, 1.0)",1,98.98527098414988,39605
"(0.6215073982652175, 1.0)",1,98.98526616252757,39606
"(0.8760238095238095, 0.9958292603453894)",2,98.98525781944538,39608
"(0.987463247273494, 0.9958292603453894)",1,98.98519879797162,39609
"(0.9295946890286512, 1.0)",1,98.98512469924678,39610
"(0.844988344988345, 1.0)",1,98.98511253877108,39611
"(1.0, 1.0)",4,98.98506561817672,39615
"(0.9583406125452844, 0.9958292603453894)",1,98.98504448303518,39616
"(0.8976982097186702, 1.0)",1,98.98484934869909,39617
"(0.9707136080238548, 0.9916666666666668)",1,98.98481694160552,39618
"(0.602264469605218, 1.0)",1,98.98471584837716,39619
"(0.903667392883079, 1.0)",1,98.9846584698962,39620
"(0.7198480531813864, 1.0)",1,98.9846478221059,39621
"(0.902012682657844, 0.9958292603453894)",1,98.98461413825548,39622
"(0.9665831244778612, 1.0)",1,98.98453165043084,39623
"(0.942324305015694, 0.9958292603453894)",1,98.98449860365832,39624
"(0.4039045743444857, 1.0)",1,98.98449736919432,39625
"(0.8468951683237397, 1.0)",1,98.98434466179744,39626
"(0.9299507899507898, 1.0)",1,98.98430311682532,39627
"(0.6042502004811546, 1.0)",1,98.98421086770144,39628
"(0.9958292603453894, 0.9958292603453894)",1,98.98420674270449,39629
"(0.9437903841498612, 1.0)",1,98.98415762445244,39630
"(0.9874877810361682, 0.9958292603453894)",1,98.98414663855289,39631
"(0.9280459216361852, 0.9958292603453894)",1,98.9841081526056,39632
"(0.6179693015417549, 1.0)",1,98.98399158808544,39633
"(0.9182966261114094, 0.9958292603453894)",1,98.98381898460126,39634
"(0.8867361313822293, 0.9958292603453894)",1,98.9837803065556,39635
"(0.9622634791942192, 0.9958292603453894)",1,98.98376555886068,39636
"(0.6146899224806203, 1.0)",1,98.9837415672561,39637
"(0.8928598364786969, 0.9958292603453894)",1,98.9837047808167,39638
"(0.6747507742934573, 1.0)",1,98.98369576582462,39639
"(0.6575398846941737, 1.0)",1,98.983536650971,39640
"(0.7711781618000022, 1.0)",2,98.98351490423929,39642
"(0.8266173510466989, 1.0)",1,98.98337375108756,39643
"(0.8247905643738976, 1.0)",1,98.9833550497307,39644
"(0.7278086237149632, 1.0)",1,98.9832027325408,39645
"(0.7376124238869338, 1.0)",1,98.98310614453068,39646
"(0.8483418730488175, 0.9958292603453894)",1,98.98306977485942,39647
"(0.917469251615593, 0.9665831244778612)",1,98.98306267022576,39648
"(0.8717520170461346, 0.9958292603453894)",1,98.98305733332388,39649
"(0.8177442148030384, 1.0)",1,98.9829178044266,39650
"(0.8762860082304527, 1.0)",1,98.98290397149776,39651
"(0.9282083232965586, 0.9958292603453894)",1,98.9828733138125,39652
"(0.9791258409522168, 0.9958292603453894)",1,98.98280475695316,39653
"(0.8928598364786969, 0.9958292603453894)",1,98.9826688031328,39654
"(0.8760238095238095, 0.9958292603453894)",1,98.98265759888017,39655
"(0.8476190476190477, 1.0)",2,98.98262529865548,39657
"(0.8796475392220073, 1.0)",1,98.98254846970914,39658
"(0.9333333333333332, 1.0)",2,98.9825092750638,39660
"(0.8177442148030384, 1.0)",1,98.98250516558495,39661
"(0.9198255060602112, 0.9958292603453894)",1,98.98244099241543,39662
"(0.8880984643179766, 1.0)",1,98.98229062619428,39663
"(0.9583930063253372, 1.0)",1,98.98216692530978,39664
"(0.6907243513029603, 1.0)",1,98.98215002094447,39665
"(0.9622634791942192, 0.9916585206907788)",2,98.98213630240508,39667
"(0.9747838672665278, 1.0)",1,98.98210879409248,39668
"(0.8789143848066376, 0.9958292603453894)",1,98.9820801309874,39669
"(0.9665831244778612, 1.0)",1,98.98206801108915,39670
"(0.916104916104916, 1.0)",1,98.98204008954222,39671
"(0.6767580302172832, 1.0)",1,98.98203982230412,39672
"(0.9832925076188832, 0.9958292603453894)",1,98.98202658968316,39673
"(0.9665755481078062, 1.0)",1,98.98200831463603,39674
"(0.9958292603453894, 0.9958292603453894)",1,98.98194917703522,39675
"(0.9833229101521784, 1.0)",1,98.98194268315112,39676
"(0.8300265307680562, 1.0)",1,98.98193183055356,39677
"(0.8347775825943863, 0.9958292603453894)",1,98.98186840304469,39678
"(0.9665831244778612, 1.0)",1,98.98174842013093,39679
"(0.8341307814992026, 0.9833229101521784)",1,98.98163187237256,39680
"(0.8736897274633123, 1.0)",1,98.98162419413757,39681
"(0.8315474711586087, 0.9958292603453894)",2,98.98153571747164,39683
"(0.7734344933751168, 1.0)",1,98.9814729730565,39684
"(0.9326599326599326, 1.0)",1,98.98141748545666,39685
"(0.7077308656256025, 1.0)",2,98.98121168016137,39687
"(0.757745166550198, 1.0)",2,98.98119073957989,39689
"(0.9452448267044004, 0.9916585206907788)",1,98.98118600850694,39690
"(0.987463247273494, 0.9958292603453894)",1,98.98111284809924,39691
"(0.958227107069612, 0.9958292603453894)",2,98.98104447168988,39693
"(0.9832965806068272, 1.0)",1,98.98102657355813,39694
"(0.5925925925925927, 1.0)",1,98.9810002865799,39695
"(0.961552316099405, 0.9958292603453894)",1,98.98080864268168,39696
"(0.9580602951397298, 0.9958292603453894)",1,98.9807446640199,39697
"(0.9714797495442656, 0.9958292603453894)",1,98.98069270111434,39698
"(0.9365496267832196, 0.9958292603453894)",1,98.9806846287317,39699
"(0.6825396825396824, 1.0)",1,98.98065279084472,39700
"(0.8294970161977834, 0.9833229101521784)",1,98.98064230954152,39701
"(0.8651903651903651, 1.0)",1,98.98054891196736,39702
"(0.8976982097186702, 1.0)",2,98.98054739830911,39704
"(0.902012682657844, 0.9958292603453894)",1,98.98037729708936,39705
"(0.6784722222222224, 1.0)",1,98.98032303110496,39706
"(0.8703703703703703, 1.0)",1,98.9802317373891,39707
"(0.8040695048423352, 1.0)",1,98.9802214214339,39708
"(0.8310777799491891, 1.0)",1,98.98021012800731,39709
"(1.0, 1.0)",1,98.9800684022704,39710
"(0.9958292603453894, 0.9958292603453894)",1,98.98003600304988,39711
"(0.9546499948224086, 0.9958292603453894)",1,98.9800166162774,39712
"(0.9583930063253372, 1.0)",1,98.98000847788236,39713
"(0.9365496267832196, 0.9958292603453894)",1,98.9799866300381,39714
"(0.9165164082221422, 1.0)",1,98.97997465770425,39715
"(0.8976982097186702, 1.0)",1,98.9799422351854,39716
"(0.9916585206907788, 0.9958292603453894)",1,98.9798775549424,39717
"(0.987463247273494, 0.9958292603453894)",1,98.97979157006304,39718
"(0.9584987529902784, 1.0)",1,98.97978770771095,39719
"(0.7278086237149632, 1.0)",1,98.97975018689765,39720
"(0.799275702501509, 1.0)",1,98.97973474343978,39721
"(0.9748524098350704, 0.9958292603453894)",1,98.97970388013528,39722
"(0.978932178932179, 0.987491854024112)",1,98.97969118112076,39723
"(0.9326599326599326, 1.0)",1,98.97967606016384,39724
"(0.9707136080238548, 0.9958292603453894)",1,98.97966775447505,39725
"(0.8867361313822293, 0.9958292603453894)",1,98.97957165343514,39726
"(0.9445235834124724, 1.0)",1,98.97946902118515,39727
"(0.9874762808349148, 0.9958292603453894)",1,98.97940982408522,39728
"(0.9750943974852894, 0.9958292603453894)",1,98.97936580662063,39729
"(0.7994987468671678, 1.0)",1,98.97932228946352,39730
"(0.9874877810361682, 0.9958292603453894)",1,98.97914914707825,39731
"(0.9297812306740878, 1.0)",1,98.9791455463664,39732
"(0.9748850895736324, 0.9958292603453894)",1,98.97907309806872,39733
"(0.7673678366541239, 1.0)",1,98.9789410746279,39734
"(0.6784722222222224, 1.0)",1,98.97889500376829,39735
"(0.6215073982652175, 1.0)",1,98.97888937444807,39736
"(0.4039045743444857, 1.0)",2,98.97883484537378,39738
"(0.9916625936787228, 0.9958292603453894)",1,98.97872754209044,39739
"(0.9166145507608924, 1.0)",1,98.97860427628758,39740
"(0.9169719169719168, 0.9833229101521784)",1,98.97858295226622,39741
"(1.0, 1.0)",1,98.97856865453656,39742
"(0.9435817855979146, 0.9958292603453894)",1,98.97855174055388,39743
"(0.7344692811916678, 1.0)",1,98.9784485839161,39744
"(0.902012682657844, 0.9958292603453894)",1,98.97840467653565,39745
"(0.9332172991312776, 0.9958292603453894)",1,98.97820395208794,39746
"(0.97495917428555, 0.9958292603453894)",1,98.97818861035276,39747
"(0.9164652836623464, 1.0)",4,98.97814026811916,39751
"(0.8151249335459861, 1.0)",1,98.9781279624548,39752
"(0.9161952650324744, 1.0)",1,98.97809439412866,39753
"(0.9300671002153482, 1.0)",1,98.97801564980148,39754
"(0.812557599070401, 1.0)",1,98.9779678294968,39755
"(0.9833229101521784, 1.0)",2,98.97790837187692,39757
"(0.9958292603453894, 0.9958292603453894)",1,98.97790463111454,39758
"(0.7802197802197803, 1.0)",4,98.97777471767114,39762
"(0.97495917428555, 0.9958292603453894)",1,98.97775142269852,39763
"(0.962505246140658, 0.9916666666666668)",1,98.97771057204169,39764
"(0.970619176311776, 0.9916585206907788)",1,98.97770761943828,39765
"(0.7340930674264006, 1.0)",2,98.97768923197592,39767
"(0.97934925289764, 0.987463247273494)",1,98.97766642434104,39768
"(0.9280459216361852, 0.9958292603453894)",1,98.97764115080008,39769
"(0.9279680209218476, 0.9958292603453894)",1,98.97759493274528,39770
"(0.9497171590194846, 1.0)",1,98.97743911755876,39771
"(0.6215073982652175, 1.0)",1,98.97738806451292,39772
"(0.8676532769556025, 1.0)",1,98.97730262077091,39773
"(0.9166145507608924, 1.0)",1,98.97723910714096,39774
"(0.9665831244778612, 1.0)",1,98.9772282957398,39775
"(0.882673371045464, 1.0)",1,98.97716620386278,39776
"(0.8016677935542034, 1.0)",1,98.9771636342038,39777
"(0.8495378883833893, 0.9958292603453894)",1,98.97710649138854,39778
"(0.7946380416968652, 0.9958292603453894)",1,98.97710213515322,39779
"(0.9546499948224086, 0.9958292603453894)",1,98.97708972247588,39780
"(0.8316498316498316, 1.0)",1,98.97706557368473,39781
"(0.8587708587708588, 1.0)",1,98.976952689476,39782
"(0.8677248677248677, 1.0)",1,98.97694660197467,39783
"(0.9751539794803552, 0.9958292603453894)",1,98.97693099913252,39784
"(0.9182966261114094, 0.9958292603453894)",1,98.97693051735996,39785
"(0.786508365740383, 1.0)",1,98.97669869233384,39786
"(1.0, 1.0)",1,98.97666927007646,39787
"(0.8347775825943863, 0.9958292603453894)",1,98.97659506941172,39788
"(0.9280459216361852, 0.9958292603453894)",1,98.9765666780524,39789
"(0.8329156223893065, 1.0)",1,98.97645227306572,39790
"(0.8177442148030384, 1.0)",1,98.9763797202554,39791
"(0.9665831244778612, 1.0)",1,98.97636106108509,39792
"(0.9539225495593684, 0.9958292603453894)",1,98.9763444057199,39793
"(0.8315474711586087, 0.9958292603453894)",1,98.97624035661345,39794
"(0.9497171590194848, 1.0)",2,98.97617218547452,39796
"(1.0, 1.0)",1,98.97617136313596,39797
"(0.8760238095238095, 0.9958292603453894)",1,98.97608916795978,39798
"(0.738145558145558, 1.0)",1,98.9760891171856,39799
"(0.9874762808349148, 0.9958292603453894)",1,98.97605711511147,39800
"(0.9791258409522168, 0.9958292603453894)",1,98.97604843406036,39801
"(0.9279680209218476, 0.9958292603453894)",1,98.97599827572505,39802
"(0.8796475392220073, 1.0)",2,98.97597761289484,39804
"(0.9833229101521784, 1.0)",1,98.97595341161365,39805
"(0.9871616776282092, 0.9958292603453894)",1,98.97593337906928,39806
"(0.979051756240299, 0.9958292603453894)",1,98.97591275687294,39807
"(0.9003556829643787, 1.0)",1,98.97576936595168,39808
"(0.9833229101521784, 1.0)",2,98.9756298504266,39810
"(0.944563492063492, 1.0)",1,98.97562396483288,39811
"(0.5981266189834885, 0.9996210215628012)",3,98.97558800930484,39814
"(0.8316498316498316, 1.0)",1,98.97545351178609,39815
"(0.9333333333333332, 1.0)",1,98.97534790725426,39816
"(0.9333044546043194, 0.9958292603453894)",1,98.97532818875632,39817
"(0.987491854024112, 0.9916585206907788)",1,98.97531148494944,39818
"(0.9153439153439156, 1.0)",1,98.97526641244738,39819
"(0.9714797495442656, 0.9958292603453894)",1,98.97512631526168,39820
"(1.0, 1.0)",1,98.97509898349377,39821
"(0.9876066164491212, 0.9958292603453894)",1,98.97507374139852,39822
"(0.8178752003946232, 1.0)",1,98.97503426582917,39823
"(0.9365496267832196, 0.9958292603453894)",1,98.97491128286693,39824
"(0.978932178932179, 0.9958292603453894)",1,98.97484484770378,39825
"(0.7713401051412279, 1.0)",1,98.9747195554051,39826
"(0.8651903651903651, 1.0)",1,98.97468074836668,39827
"(0.6544644252235129, 1.0)",1,98.97467693877006,39828
"(0.7946380416968652, 0.9958292603453894)",1,98.97461947006651,39829
"(0.9008025849489264, 1.0)",1,98.9745891410072,39830
"(0.9832401090007582, 0.9958292603453894)",1,98.97452003919852,39831
"(0.8814814814814814, 1.0)",1,98.97451391904904,39832
"(0.8815906251265802, 0.9916585206907788)",1,98.974454371891,39833
"(0.9833211143695014, 0.9958292603453894)",1,98.974450741477,39834
"(0.8928598364786969, 0.9958292603453894)",1,98.97444560083407,39835
"(0.97934925289764, 0.9958292603453894)",2,98.97443320813215,39837
"(0.9583930063253372, 1.0)",1,98.9744009541002,39838
"(0.8651903651903651, 1.0)",1,98.97438811559655,39839
"(0.9833040078201368, 0.9958292603453894)",1,98.97435977983682,39840
"(0.861111111111111, 1.0)",2,98.97431608684953,39842
"(0.9546499948224086, 0.9958292603453894)",1,98.9742093551237,39843
"(0.7278086237149632, 1.0)",2,98.97419255480668,39845
"(0.9833229101521784, 1.0)",1,98.97418847367162,39846
"(0.949977467563772, 0.9958292603453894)",1,98.974176255163,39847
"(0.9833229101521784, 1.0)",1,98.97414995876272,39848
"(0.9833229101521784, 1.0)",1,98.9740815604853,39849
"(0.8796475392220073, 1.0)",1,98.9740815604853,39850
"(0.987463247273494, 0.9958292603453894)",1,98.97403166823298,39851
"(0.6733821733821733, 1.0)",4,98.97401103975324,39855
"(0.6825396825396824, 1.0)",2,98.97398377717974,39857
"(0.9027777777777778, 1.0)",2,98.97388791728252,39859
"(0.9583406125452844, 0.9958292603453894)",1,98.97353288796556,39860
"(0.8222222222222222, 1.0)",1,98.97349149388624,39861
"(0.9916585206907788, 0.9958292603453894)",1,98.97348155518156,39862
"(0.7711781618000022, 1.0)",1,98.97342877699892,39863
"(0.970772861441742, 0.9958292603453894)",1,98.97339196669016,39864
"(0.8222222222222222, 1.0)",1,98.9733891930756,39865
"(0.9833229101521784, 1.0)",1,98.97326809354398,39866
"(0.9744745723240348, 0.9958292603453894)",1,98.9732555145721,39867
"(0.9669795885118464, 0.9958292603453894)",1,98.97320627881132,39868
"(0.978932178932179, 0.9958292603453894)",1,98.97316423412336,39869
"(0.8676532769556025, 1.0)",1,98.97309357745496,39870
"(0.9126251340467026, 0.9958292603453894)",1,98.97307429284622,39871
"(0.73687720936437, 1.0)",1,98.97306603651472,39872
"(0.8796475392220073, 1.0)",1,98.97303237239493,39873
"(0.9747273037595618, 0.9958292603453894)",1,98.9730313652802,39874
"(1.0, 1.0)",1,98.97297828842903,39875
"(0.9744745723240348, 0.9958292603453894)",1,98.97290011216964,39876
"(0.9876221896383188, 0.9958292603453894)",1,98.9728558225332,39877
"(0.8703703703703703, 1.0)",1,98.9728224768105,39878
"(0.859499940327008, 1.0)",4,98.97276594939132,39882
"(0.9536653605723816, 0.9958292603453894)",1,98.97271644989274,39883
"(0.7222222222222221, 1.0)",1,98.97261698823526,39884
"(0.9131856219190184, 0.9958292603453894)",2,98.97257716947146,39886
"(0.8420013166556946, 1.0)",1,98.9725666544738,39887
"(0.9326599326599326, 1.0)",1,98.97253804371992,39888
"(0.9189396095602992, 0.9958292603453894)",1,98.97244874015088,39889
"(0.882673371045464, 1.0)",1,98.97241314571242,39890
"(0.8586166985951469, 1.0)",1,98.97239268780824,39891
"(0.8483418730488175, 0.9958292603453894)",1,98.972345866022,39892
"(0.882246838129191, 0.9958292603453894)",1,98.97222284740016,39893
"(0.9873891625615764, 0.9958292603453894)",1,98.97216671886018,39894
"(0.7535998328459235, 0.9984817852901372)",1,98.97204623437985,39895
"(0.962505246140658, 0.9958292603453894)",1,98.97200623107388,39896
"(1.0, 1.0)",1,98.97199368776712,39897
"(0.7277677677677677, 1.0)",1,98.97193385614122,39898
"(0.9833229101521784, 1.0)",3,98.9719225906817,39901
"(0.9166145507608924, 1.0)",1,98.97191419822649,39902
"(0.8443691323092412, 0.9958292603453894)",1,98.9718879749262,39903
"(0.7946380416968652, 0.9958292603453894)",2,98.97175133520152,39905
"(0.7042648709315374, 1.0)",1,98.9717154793596,39906
"(0.9454999712494968, 0.9958292603453894)",1,98.97169421311432,39907
"(0.7042648709315374, 1.0)",1,98.97166553667336,39908
"(0.987463247273494, 0.9958292603453894)",1,98.9716338713916,39909
"(0.8796475392220073, 1.0)",1,98.97161005647334,39910
"(0.9584987529902784, 1.0)",1,98.97158860306078,39911
"(0.8760238095238095, 0.9958292603453894)",1,98.97151044723172,39912
"(0.844988344988345, 1.0)",1,98.97143732509586,39913
"(0.9198255060602112, 0.9958292603453894)",1,98.97125428074436,39914
"(0.8449978636391381, 1.0)",1,98.97119087731944,39915
"(0.979051756240299, 0.9958292603453894)",1,98.97118664574316,39916
"(0.8760238095238095, 0.9958292603453894)",1,98.97101815094248,39917
"(0.8976982097186702, 1.0)",1,98.97099306489712,39918
"(0.8431623931623932, 1.0)",1,98.97095670862905,39919
"(0.978932178932179, 0.9958292603453894)",1,98.97091177887508,39920
"(0.9791585206907788, 0.9958292603453894)",1,98.97085069846204,39921
"(0.7362637362637362, 1.0)",1,98.97072468184524,39922
"(0.9788980434141724, 0.9958292603453894)",1,98.97071934067054,39923
"(0.8222222222222222, 1.0)",1,98.97065615884614,39924
"(0.901575014782562, 0.986081059422206)",1,98.97061070889822,39925
"(0.8958208965097509, 0.9958292603453894)",2,98.97055262312745,39927
"(0.757745166550198, 1.0)",1,98.97052691119112,39928
"(0.7119388248146047, 1.0)",1,98.970432817376,39929
"(0.808446455505279, 1.0)",2,98.97042636239668,39931
"(0.9833229101521784, 1.0)",1,98.97039889671817,39932
"(0.8222222222222222, 1.0)",1,98.97034377420955,39933
"(0.4943189964157706, 1.0)",1,98.97033175066956,39934
"(0.8101143854687974, 1.0)",1,98.97029508538664,39935
"(0.97495917428555, 0.9958292603453894)",1,98.97026596928876,39936
"(0.9871616776282092, 0.9958292603453894)",1,98.97021976760529,39937
"(0.8341307814992026, 0.9833229101521784)",1,98.97014666976162,39938
"(0.9157097551404952, 0.9958292603453894)",1,98.9699362256105,39939
"(0.9, 0.9833229101521784)",1,98.96989086304062,39940
"(0.9369138996969484, 0.9916666666666668)",1,98.9698553864954,39941
"(0.7000013129045387, 1.0)",1,98.96983183666134,39942
"(0.9749706744868036, 0.9958292603453894)",1,98.96981072905226,39943
"(0.9441792447111594, 1.0)",1,98.96972120442044,39944
"(0.9584987529902784, 1.0)",1,98.96968702266084,39945
"(0.9833229101521784, 1.0)",1,98.9696748480604,39946
"(0.9791258409522168, 0.9958292603453894)",1,98.96964768716435,39947
"(1.0, 1.0)",1,98.96963400625388,39948
"(0.8974984433303618, 0.9958292603453894)",1,98.9696201870799,39949
"(0.9533841533841534, 0.9958292603453894)",1,98.96957346053512,39950
"(0.7278086237149632, 1.0)",1,98.96955551491786,39951
"(0.9279680209218476, 0.9958292603453894)",1,98.9695348430693,39952
"(0.9454999712494968, 0.9958292603453894)",1,98.96952941836696,39953
"(0.8579868984630887, 1.0)",1,98.969410076127,39954
"(0.9791258409522168, 0.9958292603453894)",2,98.96940209475233,39956
"(0.9832965806068272, 0.9958292603453894)",1,98.96924637782482,39957
"(0.9499687304565352, 1.0)",1,98.96918587652458,39958
"(0.979273283115788, 0.9958292603453894)",1,98.96917127046224,39959
"(0.812557599070401, 1.0)",1,98.96900760083646,39960
"(0.9834358767945106, 0.9958292603453894)",1,98.96894463336204,39961
"(0.97934925289764, 0.9916666666666668)",1,98.96878093473606,39962
"(0.7222222222222221, 0.9833229101521784)",1,98.96864095824309,39963
"(0.9873891625615764, 0.9958292603453894)",2,98.96860320728884,39965
"(0.987463247273494, 0.9958292603453894)",1,98.96860302819591,39966
"(0.9665831244778612, 1.0)",1,98.96858794303468,39967
"(0.8997493734335841, 1.0)",1,98.96856930787648,39968
"(0.8796475392220073, 1.0)",1,98.96852190035956,39969
"(0.9581458989353726, 1.0)",1,98.96851958101976,39970
"(0.9, 1.0)",1,98.96837234214586,39971
"(0.6544644252235129, 1.0)",1,98.96831312215843,39972
"(0.9916585206907788, 0.9958292603453894)",1,98.9682532580376,39973
"(0.9665831244778612, 1.0)",1,98.96821711140596,39974
"(1.0, 1.0)",1,98.96816627604684,39975
"(0.9018806250259218, 1.0)",1,98.967918134849,39976
"(0.8, 0.9833229101521784)",1,98.96787568351054,39977
"(0.8907966222338917, 0.9958292603453894)",1,98.96787312199548,39978
"(0.8222222222222222, 1.0)",2,98.96778445227002,39980
"(0.9326599326599326, 1.0)",1,98.96766078024498,39981
"(0.7611780174940991, 1.0)",1,98.96759507102809,39982
"(0.81893131227901, 1.0)",2,98.967586060475,39984
"(1.0, 1.0)",1,98.96756085387928,39985
"(0.987463247273494, 0.9958292603453894)",1,98.96753717375614,39986
"(1.0, 1.0)",2,98.96732994021052,39988
"(0.9625114955760116, 0.9958292603453894)",1,98.96729316800656,39989
"(0.9158007932517735, 1.0)",1,98.96727128004216,39990
"(0.816195709052852, 1.0)",1,98.96723020579137,39991
"(0.9454999712494968, 0.9958292603453894)",1,98.9672297851875,39992
"(0.971023600055858, 0.9958292603453894)",1,98.96722353199206,39993
"(0.9835199925522506, 0.9958292603453894)",1,98.96719631162276,39994
"(0.944563492063492, 1.0)",1,98.96714468155956,39995
"(0.8137865219658889, 1.0)",1,98.9670360841374,39996
"(0.9876221896383188, 0.9958292603453894)",1,98.96703423964505,39997
"(0.9153439153439156, 1.0)",1,98.96701716922728,39998
"(0.5642422164950636, 1.0)",1,98.96697955167798,39999
"(0.8483418730488175, 0.9958292603453894)",1,98.96697096014655,40000
"(0.9008025849489264, 1.0)",1,98.96691557531096,40001
"(0.9034438470728792, 0.9958292603453894)",1,98.9668367935515,40002
"(0.6825396825396824, 1.0)",2,98.96677601985242,40004
"(0.7134615384615385, 1.0)",1,98.96676318483978,40005
"(0.799275702501509, 1.0)",1,98.9667579751096,40006
"(0.9326599326599326, 1.0)",1,98.96667009477858,40007
"(0.9665831244778612, 1.0)",1,98.96666523939152,40008
"(0.9250222656674272, 0.9958292603453894)",1,98.96655295183142,40009
"(0.9916625936787228, 0.9958292603453894)",1,98.96651103160634,40010
"(0.8443691323092412, 0.9958292603453894)",1,98.96636509403648,40011
"(0.5910680656443368, 1.0)",1,98.96627409310328,40012
"(0.9658159033159032, 0.9958292603453894)",1,98.96627311680068,40013
"(0.9003556829643787, 1.0)",1,98.96614084956838,40014
"(0.9131856219190184, 0.9958292603453894)",1,98.96613809775512,40015
"(0.6575398846941737, 1.0)",1,98.9661373420286,40016
"(0.7278086237149632, 1.0)",1,98.96605535788272,40017
"(0.9874877810361682, 0.9958292603453894)",1,98.96585096083994,40018
"(0.7632275132275131, 1.0)",1,98.96578937239984,40019
"(0.8916052423523688, 0.9916339869281046)",1,98.96577182401252,40020
"(0.9833040078201368, 0.9958292603453894)",2,98.9657567857668,40022
"(0.979051756240299, 0.9958292603453894)",1,98.965739545123,40023
"(0.9157097551404952, 0.9958292603453894)",1,98.96573072111512,40024
"(0.9189396095602992, 0.9958292603453894)",1,98.96540691877064,40025
"(0.7946380416968652, 0.9958292603453894)",1,98.96539160694846,40026
"(0.9445235834124724, 1.0)",1,98.96530835029505,40027
"(0.9666562434855118, 1.0)",1,98.96518523822311,40028
"(0.9157097551404952, 0.9916585206907788)",1,98.96504155318824,40029
"(0.9280459216361852, 0.9958292603453894)",1,98.96503332732988,40030
"(0.8177442148030384, 1.0)",1,98.96502774153844,40031
"(0.8796475392220073, 1.0)",1,98.96500710362866,40032
"(0.8703703703703703, 1.0)",1,98.96498830204834,40033
"(0.6825396825396824, 1.0)",1,98.96492167620926,40034
"(0.9665831244778612, 1.0)",2,98.96491188111987,40036
"(0.7155555555555556, 1.0)",1,98.9648854850434,40037
"(0.9618291283060416, 0.9958292603453894)",1,98.96486989158257,40038
"(0.8848000715856217, 1.0)",2,98.96485351830154,40040
"(0.9876221896383188, 0.9958292603453894)",1,98.96482242933703,40041
"(0.9833229101521784, 1.0)",1,98.9647725978837,40042
"(0.9490213526488036, 0.9958292603453894)",1,98.9647228864572,40043
"(0.7292352225255748, 1.0)",1,98.96467427584344,40044
"(0.9833229101521784, 1.0)",1,98.96465774514556,40045
"(0.6042502004811546, 1.0)",1,98.96462606672983,40046
"(0.9126251340467026, 0.9958292603453894)",1,98.96456305784368,40047
"(0.9161952650324744, 1.0)",1,98.96451188288272,40048
"(0.7880931329207191, 1.0)",1,98.96449160251554,40049
"(0.9333333333333332, 1.0)",1,98.96447054110727,40050
"(0.8468951683237397, 1.0)",1,98.96439058879211,40051
"(0.9228120179844318, 0.9958292603453894)",1,98.96429010910803,40052
"(0.930704099821747, 1.0)",1,98.9641987391568,40053
"(0.8676532769556025, 1.0)",1,98.9641592810162,40054
"(0.8796475392220073, 1.0)",1,98.96396340968488,40055
"(0.8796475392220073, 1.0)",2,98.96395679777538,40057
"(0.837707400507675, 1.0)",1,98.96380735419385,40058
"(1.0, 1.0)",1,98.96378428950317,40059
"(0.8928598364786969, 0.9958292603453894)",1,98.96369417924812,40060
"(0.9580602951397298, 0.9958292603453894)",1,98.96362309469572,40061
"(0.8653198653198653, 0.9833229101521784)",2,98.96359722575428,40063
"(0.8976982097186702, 1.0)",1,98.96355994766084,40064
"(0.9833229101521784, 1.0)",1,98.96335146609852,40065
"(0.9198255060602112, 0.9958292603453894)",1,98.96333889223531,40066
"(0.799275702501509, 1.0)",1,98.96322306113773,40067
"(0.9, 1.0)",1,98.96311710920185,40068
"(0.9874747474747476, 0.9958292603453894)",1,98.96309612556956,40069
"(0.9166145507608924, 1.0)",2,98.96301259715894,40071
"(0.8600291387756281, 0.9958292603453894)",2,98.96300354435724,40073
"(0.7711781618000022, 1.0)",1,98.96295568748462,40074
"(0.7164894725870335, 1.0)",2,98.96293945656532,40076
"(0.9198255060602112, 0.9958292603453894)",1,98.96292909338692,40077
"(0.8796475392220073, 1.0)",1,98.9628341136354,40078
"(0.8814814814814814, 1.0)",1,98.96279016178504,40079
"(0.9707136080238548, 0.9958292603453894)",1,98.96275615291384,40080
"(0.786508365740383, 1.0)",1,98.96265749734516,40081
"(0.9126251340467026, 0.9958292603453894)",1,98.96262502894506,40082
"(0.9747273037595618, 0.9958292603453894)",1,98.96258749932508,40083
"(0.8310777799491891, 1.0)",1,98.9625701926318,40084
"(0.9189396095602992, 0.9958292603453894)",1,98.96254394978044,40085
"(0.9126251340467026, 0.9958292603453894)",1,98.96247596517289,40086
"(0.9791258409522168, 0.9958292603453894)",2,98.96219394758036,40088
"(0.8347775825943863, 0.9958292603453894)",1,98.9620553996698,40089
"(0.9192093318943212, 1.0)",1,98.96203924291198,40090
"(0.9832925076188832, 0.9958292603453894)",1,98.96202824634672,40091
"(0.8165509259259259, 1.0)",1,98.96200531606992,40092
"(0.8997493734335841, 1.0)",1,98.96196399584316,40093
"(0.8796475392220073, 1.0)",1,98.96185430692304,40094
"(0.9365496267832196, 0.9958292603453894)",1,98.96171314226228,40095
"(0.9166145507608924, 1.0)",1,98.96158425388498,40096
"(0.983545503234046, 1.0)",1,98.96155901757083,40097
"(0.9369808292429718, 0.9958292603453894)",1,98.96154126628102,40098
"(0.8867361313822293, 0.9958292603453894)",2,98.96153332628116,40100
"(0.9747273037595618, 0.9958292603453894)",1,98.96153276813683,40101
"(0.9580331374974232, 1.0)",1,98.96148593514148,40102
"(1.0, 1.0)",1,98.9614229837414,40103
"(0.9161952650324744, 0.9833229101521784)",1,98.96133383973776,40104
"(0.882673371045464, 1.0)",1,98.96131541457672,40105
"(0.8316498316498316, 1.0)",1,98.96117148702682,40106
"(0.9166145507608924, 1.0)",1,98.96112460149084,40107
"(0.9958292603453894, 0.9958292603453894)",1,98.96103478903288,40108
"(0.8495378883833893, 0.9958292603453894)",1,98.96096296660124,40109
"(0.9206165335472736, 0.9958292603453894)",2,98.96095900591108,40111
"(0.8635976129582268, 1.0)",1,98.9608705188422,40112
"(0.958095238095238, 0.9958292603453894)",2,98.9608640481389,40114
"(0.8796475392220073, 1.0)",1,98.96084793495083,40115
"(0.9161952650324744, 1.0)",1,98.96065316341216,40116
"(0.9791299139401608, 0.9958292603453894)",1,98.96059051393094,40117
"(0.9018806250259218, 1.0)",1,98.96052472025826,40118
"(0.9299507899507898, 1.0)",1,98.96047639254807,40119
"(0.7994987468671678, 1.0)",1,98.96041952172584,40120
"(0.9166145507608924, 1.0)",1,98.96038559453194,40121
"(0.6784722222222224, 1.0)",1,98.96028952538222,40122
"(1.0, 1.0)",2,98.96023894296732,40124
"(0.9916585206907788, 0.9958292603453894)",2,98.96020913592712,40126
"(0.9873891625615764, 0.9958292603453894)",1,98.96016047212322,40127
"(0.7430253184970165, 1.0)",1,98.96015250777867,40128
"(0.97934925289764, 0.9958292603453894)",1,98.96011200345274,40129
"(0.9750780096985032, 0.9958292603453894)",1,98.96010517386216,40130
"(0.958095238095238, 0.9958292603453894)",1,98.96009663318506,40131
"(0.9584987529902784, 1.0)",1,98.9600826203085,40132
"(0.9504816667625016, 0.9958292603453894)",1,98.96006013981555,40133
"(0.861111111111111, 1.0)",1,98.96003222642568,40134
"(0.9192093318943212, 1.0)",2,98.96002265880838,40136
"(0.979051756240299, 0.9958292603453894)",1,98.96002040532836,40137
"(0.9326599326599326, 1.0)",2,98.95997177758184,40139
"(0.92383799227569, 0.9958292603453894)",1,98.95988100993316,40140
"(0.987463247273494, 0.9958292603453894)",1,98.95980300873885,40141
"(0.9003556829643787, 1.0)",1,98.95978475097448,40142
"(0.9490213526488036, 0.9958292603453894)",1,98.95975478887624,40143
"(0.958319976073035, 0.9958292603453894)",1,98.95975243942324,40144
"(0.987463247273494, 0.9958292603453894)",1,98.95974102870431,40145
"(0.8523949169110459, 0.9958292603453894)",1,98.95966868136814,40146
"(0.7802197802197803, 1.0)",1,98.959599787186,40147
"(0.7077308656256025, 1.0)",1,98.95952229900271,40148
"(0.4776542240827955, 1.0)",1,98.95949442665528,40149
"(0.9476043407479208, 1.0)",1,98.95944213666364,40150
"(0.9435817855979146, 0.9958292603453894)",1,98.95914373152787,40151
"(0.8294970161977834, 0.9833229101521784)",1,98.95905872091552,40152
"(0.9916585206907788, 0.9958292603453894)",1,98.95883062676226,40153
"(0.9384174012481092, 0.9958292603453894)",1,98.95882127816878,40154
"(0.7802197802197803, 1.0)",1,98.95879544695912,40155
"(0.9832401090007582, 0.9958292603453894)",1,98.95875904487988,40156
"(0.9326599326599326, 1.0)",1,98.95874763068534,40157
"(0.9445235834124724, 1.0)",1,98.95873253589686,40158
"(0.8476190476190477, 1.0)",1,98.95873015873016,40159
"(0.757745166550198, 1.0)",1,98.95872345831924,40160
"(0.844988344988345, 1.0)",1,98.95871738615298,40161
"(0.8880984643179766, 1.0)",2,98.95871020409028,40163
"(0.9497171590194846, 1.0)",2,98.95860090581746,40165
"(0.6784722222222224, 1.0)",1,98.9584442742581,40166
"(0.9114218054477384, 0.9916339869281046)",1,98.95838590776222,40167
"(0.6575398846941737, 1.0)",1,98.95831322997078,40168
"(0.893146638589877, 1.0)",1,98.95819915278472,40169
"(0.9749088814411396, 1.0)",1,98.95815907474318,40170
"(0.8760238095238095, 0.9916585206907788)",1,98.95812790314396,40171
"(1.0, 0.9958292603453894)",1,98.95802754511736,40172
"(0.979051756240299, 1.0)",1,98.95800323284465,40173
"(0.8976982097186702, 1.0)",1,98.95788339490386,40174
"(0.8467532467532467, 1.0)",5,98.95786435786437,40179
"(0.8222222222222222, 1.0)",1,98.95786273750608,40180
"(0.9198255060602112, 0.9958292603453894)",1,98.95779672224822,40181
"(0.9665831244778612, 1.0)",1,98.95779087087398,40182
"(0.4776542240827955, 1.0)",1,98.95777540419392,40183
"(0.8495378883833893, 0.9958292603453894)",1,98.95774130276092,40184
"(0.8880984643179766, 1.0)",2,98.9577407603786,40186
"(0.9832965806068272, 0.9958292603453894)",1,98.95768931205488,40187
"(0.9707136080238548, 0.9958292603453894)",1,98.95766047134158,40188
"(0.8229870141950848, 1.0)",1,98.95762843814084,40189
"(0.9791348015256934, 0.9958292603453894)",2,98.95754752529557,40191
"(0.8796475392220073, 1.0)",1,98.95751056849168,40192
"(0.9874877810361682, 0.9958292603453894)",1,98.9574964479693,40193
"(0.9157097551404952, 0.9958292603453894)",1,98.95744408644391,40194
"(0.8796475392220073, 1.0)",1,98.95740608350884,40195
"(0.9748524098350704, 0.9916666666666668)",1,98.95710625861192,40196
"(1.0, 1.0)",1,98.9570527584583,40197
"(0.617513611615245, 1.0)",1,98.95703785281746,40198
"(0.8958208965097509, 0.9958292603453894)",2,98.95700130600642,40200
"(0.9153439153439152, 1.0)",1,98.9567380783506,40201
"(0.8431623931623932, 1.0)",1,98.95669471167894,40202
"(0.9331662489557224, 1.0)",1,98.95665797520304,40203
"(0.8703703703703703, 1.0)",1,98.95662634802538,40204
"(0.9496744347787992, 0.9958292603453894)",1,98.95662125174246,40205
"(0.9832965806068272, 0.9958292603453894)",1,98.9566172555106,40206
"(0.7965746171391332, 1.0)",1,98.95659280001348,40207
"(0.9665831244778612, 1.0)",1,98.95657435708785,40208
"(0.7294281157362763, 1.0)",1,98.95656400182814,40209
"(0.9666562434855118, 1.0)",1,98.95651212235086,40210
"(0.8315474711586087, 0.9958292603453894)",1,98.95648922807452,40211
"(0.9873891625615764, 0.9958292603453894)",1,98.95638424478422,40212
"(0.8867361313822293, 0.9958292603453894)",1,98.9563735302715,40213
"(0.9333044546043194, 0.9958292603453894)",1,98.95627898280564,40214
"(0.9166145507608924, 1.0)",1,98.9561822654808,40215
"(0.8811945374355704, 1.0)",1,98.95616128731342,40216
"(0.8420013166556946, 1.0)",1,98.95609473186347,40217
"(0.6042502004811546, 1.0)",2,98.95608269742442,40219
"(0.908513992905006, 1.0)",1,98.95602683966212,40220
"(0.9876066164491212, 0.9958292603453894)",2,98.95592552300178,40222
"(0.9744745723240348, 0.9958292603453894)",1,98.9559221438798,40223
"(0.970619176311776, 0.9958292603453894)",1,98.95588845536253,40224
"(0.9792766373411534, 0.9958292603453894)",1,98.95584739030238,40225
"(0.950297813353496, 0.9958292603453894)",1,98.9557658514009,40226
"(0.9792521035784794, 0.9958292603453894)",1,98.95575543813344,40227
"(0.8796475392220073, 1.0)",1,98.9557048703434,40228
"(0.9791348015256934, 0.9958292603453894)",1,98.95565366857024,40229
"(0.8177442148030384, 1.0)",1,98.95550699698175,40230
"(0.8600291387756281, 0.9958292603453894)",1,98.9554925589232,40231
"(0.6847700625721401, 1.0)",1,98.95549195014296,40232
"(0.8976982097186702, 1.0)",1,98.95547999432972,40233
"(0.7601164382773579, 1.0)",1,98.95544426491398,40234
"(0.97934925289764, 0.9916666666666668)",1,98.9554298124852,40235
"(0.837707400507675, 1.0)",4,98.95534044497,40239
"(0.8976982097186702, 1.0)",1,98.95528409554532,40240
"(0.9408363037601548, 0.9958292603453894)",1,98.95517843687426,40241
"(0.8976982097186702, 1.0)",1,98.95513537090608,40242
"(0.9326599326599326, 1.0)",1,98.9550776292329,40243
"(0.8717520170461346, 0.9916585206907788)",1,98.95505508899024,40244
"(0.6378166586499919, 1.0)",1,98.95502776175132,40245
"(0.7994987468671678, 1.0)",1,98.95490993439752,40246
"(0.6575398846941737, 1.0)",1,98.95488178655395,40247
"(0.9192093318943212, 1.0)",1,98.95487099634698,40248
"(0.81893131227901, 1.0)",1,98.95475793347173,40249
"(0.9365496267832196, 0.9958292603453894)",1,98.95470296758856,40250
"(0.5910680656443368, 1.0)",1,98.95467743407004,40251
"(0.9792406033772258, 0.9958292603453894)",1,98.95452642682385,40252
"(0.9835547122074636, 0.9958292603453894)",1,98.95446235852069,40253
"(0.6804620726495727, 1.0)",1,98.95446234959137,40254
"(0.9288423094874708, 0.9958292603453894)",1,98.95439087972711,40255
"(0.9369808292429718, 0.9958292603453894)",1,98.95438153658692,40256
"(0.9748524098350704, 0.9958292603453894)",1,98.95422630812362,40257
"(0.816195709052852, 1.0)",1,98.9541894861949,40258
"(0.9873891625615764, 1.0)",1,98.95415065463776,40259
"(0.8796475392220073, 1.0)",1,98.95410641368088,40260
"(0.9333044546043194, 0.9958292603453894)",1,98.95409494236291,40261
"(0.9833229101521784, 1.0)",1,98.95407536581224,40262
"(0.979055829228243, 0.9958292603453894)",1,98.95406116240824,40263
"(0.9583930063253372, 1.0)",1,98.95379691147345,40264
"(0.9493072891175358, 0.9958292603453894)",1,98.95371069027496,40265
"(0.9497171590194848, 1.0)",1,98.95368687061443,40266
"(0.7916666666666666, 1.0)",1,98.95359139624225,40267
"(0.9669558693467613, 0.9958292603453894)",2,98.95354518074213,40269
"(0.6733821733821733, 1.0)",1,98.95337026741755,40270
"(0.8495378883833893, 0.9958292603453894)",1,98.95331623059349,40271
"(0.971023600055858, 0.9958292603453894)",1,98.95327283336836,40272
"(0.7880931329207191, 1.0)",1,98.95323211666437,40273
"(0.9916339869281046, 0.9958292603453894)",1,98.9531900525196,40274
"(0.9506533178503804, 1.0)",1,98.95310398714084,40275
"(1.0, 1.0)",1,98.95302594880806,40276
"(0.9157097551404952, 0.9958292603453894)",1,98.9530129694748,40277
"(0.7294281157362763, 1.0)",1,98.95289183729284,40278
"(0.8468951683237397, 1.0)",1,98.95275325721032,40279
"(0.9791299139401608, 0.9958292603453894)",1,98.95270415933516,40280
"(1.0, 1.0)",1,98.9527026715964,40281
"(0.987463247273494, 0.9958292603453894)",1,98.95269767100268,40282
"(0.9748524098350704, 0.9958292603453894)",1,98.9524216260164,40283
"(0.9166145507608924, 1.0)",1,98.95235172571034,40284
"(0.9497171590194848, 1.0)",1,98.95229464940184,40285
"(0.917849761232425, 1.0)",2,98.9522361932252,40287
"(0.9916585206907788, 0.9958292603453894)",1,98.95222711292884,40288
"(0.917655049465296, 0.9958292603453894)",1,98.95221461068152,40289
"(0.987491854024112, 0.9958292603453894)",1,98.95216204603187,40290
"(0.9744745723240348, 0.9958292603453894)",1,98.95212096741244,40291
"(0.9326599326599326, 1.0)",1,98.95211271808148,40292
"(0.617513611615245, 1.0)",1,98.95191266213112,40293
"(0.930704099821747, 1.0)",1,98.95188409787424,40294
"(0.9833229101521784, 1.0)",1,98.9518396164926,40295
"(0.8300265307680562, 1.0)",1,98.95177205000064,40296
"(0.9833229101521784, 1.0)",1,98.95173786233995,40297
"(0.8483418730488175, 0.9958292603453894)",1,98.9516951762806,40298
"(0.9280317595086728, 0.9958292603453894)",1,98.9516526284078,40299
"(0.9873891625615764, 1.0)",1,98.9516341639881,40300
"(0.8229870141950848, 1.0)",1,98.95161936920675,40301
"(0.738145558145558, 1.0)",1,98.95143730234388,40302
"(0.9326599326599326, 1.0)",1,98.95142591541746,40303
"(0.9916339869281046, 0.9958292603453894)",1,98.9513957251811,40304
"(0.9835199925522506, 0.9958292603453894)",1,98.95138584065708,40305
"(0.987463247273494, 0.9916666666666668)",1,98.95138046060076,40306
"(0.9301144010060736, 1.0)",1,98.95132750253224,40307
"(0.9009287520039462, 1.0)",1,98.95129757105563,40308
"(1.0, 1.0)",1,98.95122976212328,40309
"(0.8065954953750508, 1.0)",1,98.95120022268614,40310
"(0.8717520170461346, 0.9958292603453894)",2,98.95117653011329,40312
"(0.9669558693467613, 0.9958292603453894)",1,98.95114490748624,40313
"(0.8483418730488175, 0.9958292603453894)",1,98.95114131060288,40314
"(0.8266173510466989, 1.0)",1,98.95112471743867,40315
"(0.9664171122994653, 0.9958292603453894)",1,98.95098420161474,40316
"(0.8796475392220073, 1.0)",1,98.95096174544382,40317
"(0.8158879904162925, 1.0)",1,98.95092081178947,40318
"(0.6747507742934573, 1.0)",1,98.95089980816432,40319
"(0.6544644252235129, 1.0)",1,98.95084699665097,40320
"(0.5131569832583307, 1.0)",1,98.95083849031576,40321
"(0.979055829228243, 0.9958292603453894)",1,98.95079321131114,40322
"(0.8796475392220073, 1.0)",2,98.95073702957342,40324
"(0.9182966261114094, 0.9958292603453894)",1,98.95066389880976,40325
"(0.7183489076634237, 1.0)",1,98.95066084411646,40326
"(0.917655049465296, 0.9916585206907788)",1,98.95057740456043,40327
"(0.9873891625615764, 0.9958292603453894)",1,98.95055045196384,40328
"(0.6760835913312693, 1.0)",2,98.9505291804732,40330
"(0.893146638589877, 1.0)",2,98.95040029237629,40332
"(0.8040695048423352, 1.0)",1,98.95038457437953,40333
"(0.893146638589877, 1.0)",1,98.95038398518264,40334
"(0.9793747635794354, 0.9958292603453894)",1,98.95024932770004,40335
"(0.9664171122994653, 0.9958292603453894)",1,98.95021991660666,40336
"(0.8928598364786969, 0.9958292603453894)",1,98.95021203380398,40337
"(0.4747763864042934, 1.0)",1,98.95018174331965,40338
"(0.8796475392220073, 1.0)",1,98.95016807983488,40339
"(1.0, 1.0)",1,98.9501031442026,40340
"(0.867604110329908, 1.0)",1,98.95003102258232,40341
"(0.979051756240299, 0.9958292603453894)",1,98.9499228651672,40342
"(0.9497171590194846, 1.0)",1,98.9498753632734,40343
"(0.6825396825396824, 1.0)",1,98.94983049333888,40344
"(0.7042648709315374, 1.0)",1,98.94982689990208,40345
"(0.9332172991312776, 0.9958292603453894)",1,98.94982264400488,40346
"(0.8653198653198653, 1.0)",2,98.94971871011175,40348
"(1.0, 1.0)",1,98.94961962041104,40349
"(0.9333044546043194, 0.9958292603453894)",2,98.9495935914076,40351
"(0.8316498316498316, 1.0)",1,98.94959121081008,40352
"(0.861111111111111, 1.0)",1,98.94958202716823,40353
"(0.9280459216361852, 0.9916585206907788)",1,98.94955392854004,40354
"(0.9916666666666668, 0.9958292603453894)",1,98.94952910535235,40355
"(0.8586166985951469, 1.0)",2,98.949520837336,40357
"(0.4747763864042934, 1.0)",1,98.9493838206668,40358
"(0.8732774170274171, 1.0)",1,98.94938025399956,40359
"(0.9499687304565352, 1.0)",1,98.94936418594948,40360
"(0.9622634791942192, 0.9958292603453894)",1,98.94930241193248,40361
"(0.978932178932179, 0.9958292603453894)",1,98.94928887981196,40362
"(0.7372334455667788, 1.0)",1,98.94913941759296,40363
"(0.9833040078201368, 0.9958292603453894)",1,98.94912335698072,40364
"(0.8653198653198653, 1.0)",1,98.94910107103271,40365
"(0.97495917428555, 0.9958292603453894)",2,98.94907850199762,40367
"(0.6378166586499919, 1.0)",1,98.94899475278712,40368
"(0.808446455505279, 1.0)",1,98.94897995417628,40369
"(0.983545503234046, 1.0)",1,98.94894818013242,40370
"(0.8907966222338917, 0.9916585206907788)",1,98.94882879072722,40371
"(0.837707400507675, 1.0)",13,98.94881851161878,40384
"(0.8579868984630887, 1.0)",1,98.9488177215446,40385
"(0.9747838672665278, 1.0)",1,98.94877891081951,40386
"(0.8762860082304527, 1.0)",1,98.94866468933556,40387
"(1.0, 0.9958292603453894)",1,98.94865523436036,40388
"(0.9332172991312776, 0.9958292603453894)",1,98.94850942424472,40389
"(0.8796475392220073, 1.0)",1,98.94845456156258,40390
"(0.9833211143695014, 0.9958292603453894)",1,98.94843757723496,40391
"(0.9751539794803552, 0.9958292603453894)",1,98.94841859692846,40392
"(0.9748524098350704, 0.9958292603453894)",2,98.94840686721676,40394
"(0.9751539794803552, 0.9958292603453894)",1,98.94833448117072,40395
"(0.799275702501509, 1.0)",2,98.94827985105916,40397
"(0.9435817855979146, 0.9916666666666668)",1,98.9482443452201,40398
"(0.913942789236907, 0.9916585206907788)",1,98.9482211284244,40399
"(0.8997493734335841, 0.9833229101521784)",1,98.94821460039248,40400
"(0.7119388248146047, 1.0)",1,98.94820569143644,40401
"(0.9198255060602112, 0.9958292603453894)",1,98.94818032183043,40402
"(0.7077308656256025, 1.0)",1,98.94811802472844,40403
"(0.9250222656674272, 0.9958292603453894)",1,98.94796368813697,40404
"(0.808446455505279, 1.0)",1,98.94795732068262,40405
"(0.8840048840048841, 0.9833229101521784)",1,98.9479283845138,40406
"(0.8653198653198653, 1.0)",1,98.947919478107,40407
"(0.9707802886550516, 0.9958292603453894)",1,98.94789068471012,40408
"(1.0, 1.0)",1,98.94788047559938,40409
"(0.8070855614973262, 1.0)",1,98.94782186110275,40410
"(0.9583930063253372, 1.0)",1,98.9477489506372,40411
"(0.727840909090909, 1.0)",1,98.94763449986004,40412
"(0.8958208965097509, 0.9958292603453894)",1,98.94755591119517,40413
"(0.917849761232425, 1.0)",2,98.9475536045388,40415
"(0.8443691323092412, 0.9958292603453894)",1,98.94747730816152,40416
"(0.9445235834124724, 1.0)",1,98.94744336613267,40417
"(0.9958292603453894, 1.0)",1,98.94738577999998,40418
"(0.9958292603453894, 1.0)",1,98.94734812477589,40419
"(1.0, 1.0)",1,98.9473472048334,40420
"(0.5070372093557577, 1.0)",1,98.9472521404855,40421
"(0.9791299139401608, 0.9958292603453894)",1,98.94724650635686,40422
"(0.958227107069612, 0.9958292603453894)",1,98.94720324955614,40423
"(0.958095238095238, 0.9958292603453894)",1,98.947182749299,40424
"(0.9621616286938868, 0.9958292603453894)",1,98.94711341791044,40425
"(0.9279680209218476, 0.9916585206907788)",1,98.94709402500044,40426
"(0.808446455505279, 1.0)",1,98.94707600325944,40427
"(0.4039045743444857, 1.0)",1,98.94705374509144,40428
"(0.8552744708994707, 1.0)",1,98.94683749823557,40429
"(0.9331662489557224, 0.9833229101521784)",1,98.94681799950936,40430
"(0.9164652836623464, 1.0)",1,98.94675293084242,40431
"(0.5070372093557577, 1.0)",1,98.94673278029944,40432
"(0.9873891625615764, 1.0)",1,98.94670936793696,40433
"(0.8468951683237397, 1.0)",1,98.9466849096217,40434
"(1.0, 1.0)",1,98.9466597383838,40435
"(0.8976982097186702, 1.0)",1,98.9466161833314,40436
"(0.9333044546043194, 0.9958292603453894)",1,98.94657328794068,40437
"(0.9833229101521784, 1.0)",1,98.94650617336856,40438
"(0.9233019263238024, 0.9916585206907788)",1,98.94649698897776,40439
"(0.8717520170461346, 0.9958292603453894)",1,98.94648165075864,40440
"(0.9018806250259218, 1.0)",1,98.94644166798214,40441
"(0.812557599070401, 1.0)",1,98.94640147172598,40442
"(0.9916585206907788, 0.9958292603453894)",1,98.94636336125286,40443
"(0.934122934122934, 1.0)",1,98.94634414089022,40444
"(0.8976982097186702, 1.0)",1,98.94629441010755,40445
"(0.9873891625615764, 0.9958292603453894)",1,98.9462363431336,40446
"(0.9333333333333332, 0.9833229101521784)",1,98.94622619008244,40447
"(0.7278086237149632, 1.0)",1,98.94617269353476,40448
"(0.8717520170461346, 0.9958292603453894)",1,98.94616077642938,40449
"(1.0, 1.0)",2,98.94614044083406,40451
"(0.958095238095238, 0.9958292603453894)",1,98.94610032503792,40452
"(1.0, 0.9958292603453894)",1,98.94593707750974,40453
"(0.917469251615593, 1.0)",1,98.94591629007972,40454
"(0.9131856219190184, 0.9958292603453894)",1,98.94591382609666,40455
"(0.7198480531813864, 1.0)",1,98.94579124452446,40456
"(0.8613656783468103, 1.0)",1,98.94570102743624,40457
"(0.9161379295307868, 1.0)",1,98.94567542143191,40458
"(0.7164894725870335, 1.0)",1,98.9456681250564,40459
"(0.4776542240827955, 1.0)",1,98.94562930770827,40460
"(0.9628507148300384, 0.9958292603453894)",1,98.94561293534169,40461
"(0.8872426490351017, 0.986081059422206)",1,98.94560187983126,40462
"(0.8222222222222222, 1.0)",1,98.94558123924745,40463
"(0.8600291387756281, 0.9958292603453894)",1,98.94554115294402,40464
"(0.9669558693467613, 0.9958292603453894)",1,98.94551655484145,40465
"(0.9280317595086728, 0.9958292603453894)",1,98.94533311548594,40466
"(0.9250222656674272, 0.9916585206907788)",1,98.94531166118026,40467
"(0.8840455840455841, 1.0)",1,98.94524891670645,40468
"(0.93795454842108, 0.9916339869281046)",1,98.9452428835204,40469
"(0.9584987529902784, 1.0)",1,98.94517699949296,40470
"(0.9189396095602992, 0.9958292603453894)",1,98.94517492819897,40471
"(0.7802197802197803, 1.0)",1,98.9450594063246,40472
"(0.9288423094874708, 0.9958292603453894)",1,98.9450123136956,40473
"(0.8600291387756281, 0.9916585206907788)",1,98.94498840008366,40474
"(0.9623978877963698, 0.9916585206907788)",1,98.94497562434148,40475
"(0.9958292603453894, 0.9958292603453894)",1,98.9449656177952,40476
"(0.8586166985951469, 1.0)",1,98.94494688793752,40477
"(0.6544644252235129, 1.0)",1,98.94490549726916,40478
"(0.8420013166556946, 1.0)",1,98.94490224714283,40479
"(0.9326599326599326, 1.0)",1,98.9447555236943,40480
"(0.9665831244778612, 1.0)",1,98.94467566540624,40481
"(0.93773047895128, 0.9958292603453894)",1,98.94458532968116,40482
"(0.9369808292429718, 0.9958292603453894)",1,98.94449910140108,40483
"(0.9227432552922749, 0.9958292603453894)",1,98.94442542669452,40484
"(0.9835199925522506, 0.9958292603453894)",1,98.94430827915156,40485
"(0.8907966222338917, 0.9916585206907788)",1,98.9442939295847,40486
"(0.826388888888889, 0.9833229101521784)",1,98.94424056987222,40487
"(0.8668153102935712, 1.0)",1,98.944230068501,40488
"(0.6784722222222224, 1.0)",2,98.94404497107487,40490
"(0.9280459216361852, 0.9958292603453894)",1,98.94404091562345,40491
"(0.7277677677677677, 1.0)",1,98.9439986956544,40492
"(0.8880984643179766, 1.0)",1,98.94387176248706,40493
"(0.8372053872053872, 1.0)",1,98.94385786555036,40494
"(0.8139597215036807, 1.0)",1,98.94384116176252,40495
"(0.634045584045584, 1.0)",2,98.9438350615488,40497
"(0.5131569832583307, 1.0)",1,98.94366680418652,40498
"(0.8880984643179766, 1.0)",1,98.94362847453613,40499
"(0.9707136080238548, 0.9958292603453894)",1,98.94356986004514,40500
"(0.9835199925522506, 0.9958292603453894)",1,98.94351448462398,40501
"(0.9206165335472736, 0.9958292603453894)",1,98.94345848942277,40502
"(0.8813080639167598, 1.0)",1,98.94345259844384,40503
"(0.7090909090909091, 1.0)",1,98.94344970464108,40504
"(0.9833229101521784, 1.0)",1,98.94335513657784,40505
"(0.9018806250259218, 1.0)",1,98.94324240913554,40506
"(0.9791258409522168, 0.9958292603453894)",1,98.9432389628904,40507
"(0.7979797979797979, 1.0)",1,98.94321740590269,40508
"(0.8283298826777087, 0.9833229101521784)",1,98.94303188838494,40509
"(0.8796475392220073, 1.0)",4,98.94291176038097,40513
"(0.9126251340467026, 0.9958292603453894)",1,98.94287089533717,40514
"(0.9833229101521784, 1.0)",1,98.94283028618352,40515
"(0.9442283950617284, 1.0)",1,98.9427610652147,40516
"(0.829257487152224, 1.0)",1,98.9427209706846,40517
"(0.972281746031746, 1.0)",1,98.9426961741332,40518
"(0.958227107069612, 0.9958292603453894)",1,98.942631514588,40519
"(0.9008627640703112, 1.0)",1,98.94258989643927,40520
"(1.0, 1.0)",4,98.94243786926714,40524
"(0.9664171122994653, 0.9958292603453894)",1,98.9424267572035,40525
"(0.94993894993895, 1.0)",1,98.94223706618584,40526
"(0.859499940327008, 1.0)",1,98.94218105717997,40527
"(0.8848000715856217, 1.0)",1,98.94207128711176,40528
"(0.958227107069612, 0.9958292603453894)",1,98.94185745298591,40529
"(0.9166145507608924, 1.0)",1,98.94184343446216,40530
"(0.8483418730488175, 0.9916585206907788)",1,98.94183354679448,40531
"(0.9581458989353726, 1.0)",2,98.94174076719617,40533
"(0.9364685314685316, 0.9916585206907788)",1,98.9417383825765,40534
"(0.9157097551404952, 0.9916585206907788)",1,98.94169460499104,40535
"(0.7340930674264006, 1.0)",2,98.9416831826252,40537
"(0.8365328658269835, 0.9958292603453894)",1,98.94161388825052,40538
"(0.8635976129582268, 1.0)",1,98.94161316208358,40539
"(0.7647742788871822, 1.0)",1,98.9415552788611,40540
"(1.0, 0.9958292603453894)",1,98.94153390638049,40541
"(0.97899550533801, 0.9958292603453894)",1,98.94151194222246,40542
"(0.5935341164785914, 0.9992416608232524)",1,98.94148822782124,40543
"(0.7946380416968652, 0.9916585206907788)",1,98.94145223205646,40544
"(0.9331094582012576, 1.0)",1,98.94128788138384,40545
"(0.944073617452092, 1.0)",1,98.9410921151126,40546
"(0.9744745723240348, 0.9958292603453894)",1,98.9410863129877,40547
"(0.9873444118605408, 0.9958292603453894)",1,98.94107858508714,40548
"(0.7090909090909091, 1.0)",1,98.94094914291948,40549
"(0.8420013166556946, 1.0)",2,98.94092243197024,40551
"(0.9658159033159032, 0.9958292603453894)",1,98.94071685439492,40552
"(0.6179693015417549, 1.0)",1,98.94071416076318,40553
"(0.9707136080238548, 0.9958292603453894)",1,98.9406961600162,40554
"(0.8222222222222222, 1.0)",1,98.94064580426188,40555
"(0.8476190476190477, 1.0)",1,98.94062058323932,40556
"(0.9027777777777778, 1.0)",1,98.94054503821324,40557
"(0.8222222222222222, 1.0)",1,98.94046405692036,40558
"(0.7090909090909091, 1.0)",1,98.94039790990452,40559
"(0.9623066688389268, 0.9958292603453894)",1,98.94033529773324,40560
"(0.9832965806068272, 0.9958292603453894)",1,98.9403144834799,40561
"(0.9161952650324744, 1.0)",1,98.940302133615,40562
"(0.8796475392220073, 1.0)",1,98.94024389691118,40563
"(0.9580331374974232, 1.0)",1,98.94022296267964,40564
"(0.8796475392220073, 1.0)",1,98.9401024621405,40565
"(0.9622634791942192, 0.9958292603453894)",1,98.94001466771162,40566
"(1.0, 1.0)",1,98.93998102526515,40567
"(0.8315474711586087, 0.9958292603453894)",1,98.939974718852,40568
"(0.9442283950617284, 1.0)",1,98.9399684111966,40569
"(0.9791332681655264, 0.9958292603453894)",1,98.93996676213185,40570
"(0.8276889808079367, 0.9958292603453894)",1,98.9396443398605,40571
"(0.7647742788871822, 1.0)",1,98.9395897818755,40572
"(0.9791258409522168, 0.9958292603453894)",1,98.93954394477502,40573
"(0.9192093318943212, 1.0)",1,98.93946330722332,40574
"(0.9755096665580536, 0.9958292603453894)",1,98.9392945508728,40575
"(0.6907243513029603, 1.0)",1,98.9392643969157,40576
"(1.0, 1.0)",1,98.93912667402996,40577
"(0.9326599326599326, 1.0)",1,98.939093330289,40578
"(0.987463247273494, 0.9958292603453894)",1,98.93902584125225,40579
"(1.0, 1.0)",1,98.93897875714994,40580
"(0.9833229101521784, 1.0)",1,98.93885498412637,40581
"(0.9161952650324744, 1.0)",1,98.9388352883197,40582
"(0.9, 1.0)",1,98.93882760961016,40583
"(0.958227107069612, 0.9958292603453894)",1,98.93876796500246,40584
"(0.9153439153439152, 1.0)",4,98.93875202347604,40588
"(0.7077308656256025, 1.0)",1,98.9387026785991,40589
"(0.8796475392220073, 1.0)",1,98.93868930932187,40590
"(0.9008627640703112, 1.0)",1,98.93866327395298,40591
"(0.4776542240827955, 1.0)",2,98.93862175612703,40593
"(0.8137865219658889, 1.0)",1,98.93860810948148,40594
"(0.987463247273494, 0.9958292603453894)",1,98.93857598476502,40595
"(0.9916585206907788, 0.9958292603453894)",1,98.93855209656964,40596
"(0.9157097551404952, 0.9958292603453894)",1,98.93849482917226,40597
"(0.9369138996969484, 0.9958292603453894)",1,98.93822094637908,40598
"(0.902012682657844, 0.9958292603453894)",2,98.93821434534163,40600
"(0.9833211143695014, 1.0)",1,98.938144566121,40601
"(0.8814814814814814, 1.0)",1,98.9379389976688,40602
"(0.7734344933751168, 1.0)",1,98.93767459821343,40603
"(0.9665831244778612, 1.0)",1,98.93761196682745,40604
"(0.9445235834124724, 1.0)",1,98.93759146750769,40605
"(0.9499687304565352, 1.0)",1,98.93752701642188,40606
"(0.8315474711586087, 0.9916585206907788)",1,98.93746375577535,40607
"(0.9622634791942192, 0.9958292603453894)",1,98.937424064919,40608
"(0.9166682405676116, 1.0)",1,98.93740147447532,40609
"(0.9293300445873568, 0.9916339869281046)",2,98.9373254424094,40611
"(0.9582210352371644, 0.9958292603453894)",1,98.93729197703252,40612
"(0.8495378883833893, 0.9958292603453894)",1,98.93729008834474,40613
"(0.9833229101521784, 1.0)",1,98.93725633563476,40614
"(0.9792406033772258, 0.9958292603453894)",1,98.93723858833124,40615
"(0.7687400318979267, 1.0)",1,98.93702329238936,40616
"(0.8552744708994707, 1.0)",1,98.93696560332012,40617
"(0.8613656783468103, 1.0)",2,98.93694310208554,40619
"(1.0, 1.0)",2,98.93694010163398,40621
"(0.9182966261114094, 0.9958292603453894)",1,98.93692640865208,40622
"(0.987491854024112, 1.0)",1,98.93685159005491,40623
"(0.9384174012481092, 0.9958292603453894)",1,98.93660335437288,40624
"(0.8796475392220073, 0.9833229101521784)",1,98.93649625826144,40625
"(0.944563492063492, 1.0)",2,98.936426500571,40627
"(0.8124563928135357, 0.9833229101521784)",1,98.9363035368222,40628
"(0.8586166985951469, 1.0)",1,98.93623114720114,40629
"(0.7632275132275131, 1.0)",1,98.93621708154777,40630
"(0.861111111111111, 1.0)",1,98.93601715963416,40631
"(0.8976982097186702, 1.0)",1,98.9358927865271,40632
"(0.861111111111111, 1.0)",1,98.93587504614229,40633
"(0.7612958226768967, 1.0)",1,98.93584021577414,40634
"(0.7811965811965812, 1.0)",1,98.93582666059174,40635
"(0.9789546069211384, 0.9958292603453894)",1,98.93575679903653,40636
"(0.9874762808349148, 0.9958292603453894)",1,98.93573835215108,40637
"(0.9280317595086728, 0.9916585206907788)",1,98.93567048837298,40638
"(0.979055829228243, 0.9958292603453894)",1,98.93561617993127,40639
"(0.917469251615593, 0.9833229101521784)",2,98.93561273790374,40641
"(0.9299507899507898, 1.0)",1,98.935554107053,40642
"(0.9198255060602112, 0.9916585206907788)",1,98.93540826109366,40643
"(0.9665831244778612, 1.0)",1,98.9352574449464,40644
"(0.8443691323092412, 0.9958292603453894)",1,98.9351738857036,40645
"(0.9280317595086728, 0.9958292603453894)",1,98.93515268418004,40646
"(0.861111111111111, 1.0)",1,98.93514495595387,40647
"(0.8193928901539049, 1.0)",1,98.9351421540363,40648
"(0.9326599326599326, 1.0)",1,98.93509167915067,40649
"(0.8319340617212959, 1.0)",1,98.93507921831656,40650
"(0.8310777799491891, 1.0)",1,98.93502795336008,40651
"(0.8128971639097002, 1.0)",1,98.93496953413909,40652
"(0.7372334455667788, 1.0)",1,98.93491725068202,40653
"(0.7675138481590094, 1.0)",1,98.93488044139283,40654
"(0.9792406033772258, 0.9958292603453894)",1,98.93487121498556,40655
"(0.9034438470728792, 0.9958292603453894)",1,98.9348460162138,40656
"(0.9666562434855118, 0.9666666666666668)",1,98.9348160151113,40657
"(0.9916585206907788, 0.9958292603453894)",1,98.9346472463142,40658
"(0.861111111111111, 1.0)",1,98.93461318461318,40659
"(0.9582389563841176, 0.9958292603453894)",1,98.93455869643128,40660
"(0.9791332681655264, 0.9958292603453894)",1,98.93446480800186,40661
"(0.8222222222222222, 1.0)",1,98.93444041403257,40662
"(0.917655049465296, 0.9958292603453894)",1,98.93442778325888,40663
"(0.4039045743444857, 1.0)",1,98.93441654147448,40664
"(0.9666562434855118, 1.0)",1,98.9343945759089,40665
"(0.949977467563772, 0.9958292603453894)",2,98.93434717244644,40667
"(0.8796475392220073, 1.0)",1,98.9342219597695,40668
"(0.9833229101521784, 1.0)",1,98.93420228356683,40669
"(0.5070372093557577, 1.0)",1,98.93415359011594,40670
"(0.9622634791942192, 0.9958292603453894)",1,98.93407388276164,40671
"(0.9441792447111594, 1.0)",1,98.93405855464256,40672
"(0.9833040078201368, 0.9958292603453894)",1,98.93405604687416,40673
"(0.8315474711586087, 0.9916585206907788)",1,98.93396826666822,40674
"(0.8431623931623932, 1.0)",1,98.9339619082338,40675
"(0.8976982097186702, 1.0)",1,98.93387674359306,40676
"(0.8867361313822293, 0.9958292603453894)",1,98.9338659947878,40677
"(0.6733821733821733, 1.0)",1,98.9337296932648,40678
"(0.8420013166556946, 1.0)",1,98.93371540698112,40679
"(0.9832965806068272, 1.0)",1,98.93365176600118,40680
"(0.8229870141950848, 1.0)",1,98.93349834610152,40681
"(0.9206165335472736, 0.9958292603453894)",1,98.93342293181104,40682
"(0.9326599326599326, 1.0)",1,98.93338383478935,40683
"(0.8222222222222222, 1.0)",1,98.93333333333334,40684
"(0.9333333333333332, 1.0)",1,98.93329292823978,40685
"(0.3660238527416034, 1.0)",1,98.93321644406268,40686
"(1.0, 1.0)",1,98.93316624895571,40687
"(0.9161952650324744, 0.9833229101521784)",1,98.93310364408696,40688
"(0.9369138996969484, 0.9958292603453894)",1,98.93309308243076,40689
"(0.9192093318943212, 1.0)",2,98.93305298755124,40691
"(0.9454999712494968, 0.9958292603453894)",2,98.93303850851592,40693
"(0.861111111111111, 1.0)",1,98.93293445758884,40694
"(0.9454999712494968, 0.9958292603453894)",1,98.93289688991352,40695
"(0.9326599326599326, 1.0)",1,98.93275853597314,40696
"(0.9003556829643787, 1.0)",1,98.93271715751216,40697
"(0.8372053872053872, 1.0)",1,98.93269771495268,40698
"(0.9198255060602112, 0.9958292603453894)",1,98.93269041376853,40699
"(0.8296970789758384, 1.0)",1,98.93267156565724,40700
"(0.8732774170274171, 1.0)",1,98.9326592462602,40701
"(0.7545469576719577, 1.0)",1,98.9326419282055,40702
"(0.8294970161977834, 1.0)",1,98.9326094439646,40703
"(0.8928598364786969, 0.9958292603453894)",1,98.9325804551377,40704
"(0.9018806250259218, 1.0)",2,98.9325726700906,40706
"(0.9833229101521784, 1.0)",1,98.93255897958984,40707
"(0.8372053872053872, 1.0)",1,98.93248517153005,40708
"(0.9164652836623464, 1.0)",1,98.9324425425474,40709
"(0.8312205288949474, 1.0)",1,98.93230272133002,40710
"(0.837707400507675, 1.0)",1,98.93214142177096,40711
"(0.9279680209218476, 0.9958292603453894)",2,98.93210450571648,40713
"(0.9452448267044004, 0.9958292603453894)",1,98.93195442587574,40714
"(0.8976982097186702, 1.0)",1,98.93195025188032,40715
"(0.9182966261114094, 0.9958292603453894)",1,98.93183681683,40716
"(0.9666562434855118, 0.9665831244778612)",1,98.9317127573486,40717
"(0.9009534009534008, 1.0)",1,98.9316961474856,40718
"(0.9791258409522168, 0.9958292603453894)",2,98.9316466374226,40720
"(0.9445235834124724, 1.0)",1,98.931618628629,40721
"(0.9009534009534008, 1.0)",1,98.93160786880524,40722
"(0.9746535316523212, 0.9958292603453894)",1,98.9314870453482,40723
"(0.8315474711586087, 0.9916585206907788)",2,98.93141288380096,40725
"(0.9546499948224086, 0.9958292603453894)",1,98.93132499383094,40726
"(0.5070372093557577, 1.0)",1,98.93130253195696,40727
"(0.9832401090007582, 0.9958292603453894)",2,98.93124394317346,40729
"(1.0, 1.0)",1,98.93121693121694,40730
"(0.9131856219190184, 0.9916585206907788)",1,98.93121020132835,40731
"(0.9161952650324744, 0.9833229101521784)",1,98.93118431143452,40732
"(0.9206165335472736, 0.9958292603453894)",1,98.93113050349808,40733
"(0.9832184229069656, 0.9958292603453894)",1,98.93110257243654,40734
"(0.6784722222222224, 1.0)",1,98.93108324104034,40735
"(0.8468951683237397, 1.0)",1,98.93103753459062,40736
"(0.9413496923696164, 0.9958292603453894)",1,98.9310263843623,40737
"(0.9326599326599326, 1.0)",1,98.93101775712351,40738
"(0.8653198653198653, 1.0)",1,98.93092249502652,40739
"(0.8471527473990528, 1.0)",2,98.930794782431,40741
"(0.6886904761904762, 1.0)",1,98.93070454981492,40742
"(0.8347775825943863, 0.9958292603453894)",2,98.93058383281414,40744
"(0.8814814814814814, 1.0)",1,98.93057277941294,40745
"(0.6698155645524068, 1.0)",1,98.93054280867092,40746
"(0.9369138996969484, 0.9958292603453894)",1,98.9305257844856,40747
"(0.9206165335472736, 0.9958292603453894)",1,98.93044264469752,40748
"(0.9720813204508856, 1.0)",1,98.93042852305176,40749
"(0.9297812306740878, 1.0)",1,98.93040765477592,40750
"(0.6698155645524068, 1.0)",1,98.9303708636718,40751
"(1.0, 0.9958292603453894)",1,98.9302398169894,40752
"(0.7601164382773579, 1.0)",1,98.93019956536487,40753
"(1.0, 0.9833229101521784)",1,98.93013811274405,40754
"(0.944563492063492, 1.0)",1,98.93004850439664,40755
"(0.8482801751094435, 1.0)",1,98.93000295883851,40756
"(0.9295946890286512, 1.0)",1,98.92995438543632,40757
"(0.9788980434141724, 0.9958292603453894)",1,98.92992056304296,40758
"(0.8976982097186702, 1.0)",1,98.92988083911742,40759
"(0.949977467563772, 0.9958292603453894)",1,98.9297542508293,40760
"(0.944073617452092, 1.0)",1,98.92970200503002,40761
"(0.9834358767945106, 0.9958292603453894)",1,98.92955783968878,40762
"(0.930704099821747, 1.0)",2,98.92936759330452,40764
"(0.735643158757169, 1.0)",1,98.92924396755876,40765
"(0.9198255060602112, 0.9916585206907788)",1,98.92911264968974,40766
"(0.9669558693467613, 0.9958292603453894)",1,98.92909891120058,40767
"(0.9707136080238548, 0.9958292603453894)",1,98.92898498520324,40768
"(0.9008627640703112, 1.0)",1,98.92891851946403,40769
"(0.9497171590194846, 1.0)",1,98.9288531505488,40770
"(0.9157097551404952, 0.9958292603453894)",1,98.9288266219214,40771
"(0.8365328658269835, 0.9958292603453894)",1,98.92877606223134,40772
"(0.9182966261114094, 0.9958292603453894)",2,98.9286145569024,40774
"(0.944073617452092, 1.0)",1,98.92849612420554,40775
"(0.7632275132275131, 1.0)",1,98.92847822340688,40776
"(0.8796475392220073, 1.0)",1,98.92840038156083,40777
"(0.8420013166556946, 1.0)",2,98.92840010933632,40779
"(0.8796475392220073, 1.0)",1,98.92834023957003,40780
"(0.9832965806068272, 0.9916585206907788)",1,98.92830382247875,40781
"(0.861111111111111, 1.0)",1,98.92827550603678,40782
"(0.9326599326599326, 1.0)",1,98.9280811780812,40783
"(0.9368376974614298, 0.9958292603453894)",1,98.92807869209258,40784
"(0.9874877810361682, 0.9958292603453894)",1,98.92805602879908,40785
"(0.8533622685185187, 1.0)",1,98.92801201270332,40786
"(0.9331662489557224, 1.0)",1,98.92795396459309,40787
"(0.9280317595086728, 0.9958292603453894)",1,98.92788864688175,40788
"(1.0, 1.0)",1,98.927793396809,40789
"(0.9153439153439156, 1.0)",1,98.92776794196791,40790
"(0.8316498316498316, 1.0)",1,98.92775461150468,40791
"(0.9166145507608924, 1.0)",1,98.92765941945234,40792
"(0.6215073982652175, 1.0)",1,98.92765212682,40793
"(0.9874762808349148, 0.9958292603453894)",2,98.92763102110182,40795
"(0.8316498316498316, 1.0)",1,98.92762843172062,40796
"(0.9126251340467026, 0.9958292603453894)",1,98.92761644312334,40797
"(1.0, 1.0)",1,98.92754423826,40798
"(0.7083333333333334, 1.0)",1,98.9275429735956,40799
"(0.9279680209218476, 0.9958292603453894)",1,98.9275176164673,40800
"(0.970607585468542, 0.9958292603453894)",1,98.92734156407508,40801
"(0.9153439153439152, 1.0)",2,98.9272927614391,40803
"(0.9669558693467613, 0.9958292603453894)",1,98.92719882175788,40804
"(0.8928598364786969, 0.9958292603453894)",2,98.92716426109114,40806
"(0.6378166586499919, 1.0)",1,98.92715027699384,40807
"(0.6378166586499919, 1.0)",1,98.9271087207666,40808
"(0.9498461391725148, 0.9958292603453894)",1,98.92709978628136,40809
"(0.9131856219190184, 0.9958292603453894)",1,98.92707211251364,40810
"(0.9384174012481092, 0.9958292603453894)",1,98.92690494121656,40811
"(0.9250222656674272, 0.9958292603453894)",1,98.92686887074488,40812
"(0.9369808292429718, 0.9958292603453894)",1,98.92685514587318,40813
"(0.957630187612848, 0.9916339869281046)",1,98.92684873677614,40814
"(0.7119388248146047, 1.0)",1,98.9268313418696,40815
"(0.9580331374974232, 1.0)",1,98.92676683096028,40816
"(0.9873444118605408, 0.9958292603453894)",1,98.92674266828728,40817
"(0.9665831244778612, 1.0)",1,98.92668942673072,40818
"(0.8294970161977834, 0.9833229101521784)",1,98.92665306375687,40819
"(0.8633762288330498, 1.0)",1,98.92651883435944,40820
"(0.9131856219190184, 0.9958292603453894)",1,98.92650330658512,40821
"(0.9958292603453894, 0.9958292603453894)",1,98.92648443656168,40822
"(0.9331662489557224, 1.0)",1,98.92647593012998,40823
"(0.837707400507675, 1.0)",1,98.9264733593256,40824
"(0.826388888888889, 1.0)",1,98.92645285959688,40825
"(0.8885714285714285, 1.0)",1,98.92639502921344,40826
"(0.902012682657844, 0.9958292603453894)",1,98.9263252666252,40827
"(0.9665831244778612, 1.0)",2,98.92624832800118,40829
"(0.4747763864042934, 1.0)",1,98.926216670532,40830
"(0.9157097551404952, 0.9958292603453894)",1,98.92615690500136,40831
"(0.9833211143695014, 0.9958292603453894)",1,98.92613013838792,40832
"(0.9916585206907788, 0.9958292603453894)",1,98.92608368814656,40833
"(0.9714797495442656, 0.9958292603453894)",1,98.926077145688,40834
"(0.73687720936437, 1.0)",1,98.92601233291671,40835
"(0.9497171590194846, 1.0)",4,98.92592029311736,40839
"(0.9198255060602112, 0.9958292603453894)",1,98.9259003448892,40840
"(0.9916585206907788, 0.9958292603453894)",1,98.9258965084302,40841
"(0.8315474711586087, 0.9958292603453894)",1,98.92581261064328,40842
"(0.8814814814814814, 1.0)",1,98.92575884154832,40843
"(0.9497171590194848, 1.0)",1,98.92570547846088,40844
"(0.7802197802197803, 1.0)",1,98.92565552634768,40845
"(0.9153439153439152, 1.0)",4,98.92549783098563,40849
"(0.8703703703703703, 1.0)",1,98.92549594920182,40850
"(0.9027777777777778, 1.0)",2,98.92543395435564,40852
"(0.861111111111111, 1.0)",1,98.92543280891702,40853
"(0.9665755481078062, 1.0)",1,98.92533012020914,40854
"(0.8319340617212959, 1.0)",2,98.92532340169085,40856
"(0.8976982097186702, 1.0)",1,98.92530956257436,40857
"(0.9874762808349148, 0.9958292603453894)",1,98.92527433246072,40858
"(0.9166145507608924, 1.0)",1,98.9252407208156,40859
"(0.9748524098350704, 0.9958292603453894)",1,98.92511207617656,40860
"(0.9582389563841176, 0.9958292603453894)",1,98.9250799626087,40861
"(0.958095238095238, 0.9958292603453894)",1,98.92495100094054,40862
"(0.8928598364786969, 0.9958292603453894)",1,98.92488386875009,40863
"(0.8467532467532467, 1.0)",1,98.92476690676858,40864
"(0.9791258409522168, 0.9958292603453894)",1,98.92463714946972,40865
"(0.9441792447111594, 1.0)",1,98.92458549521642,40866
"(0.8222222222222222, 1.0)",1,98.92458134860736,40867
"(0.8315474711586087, 0.9958292603453894)",1,98.9245721086355,40868
"(0.8907966222338917, 0.9958292603453894)",1,98.9245657304848,40869
"(0.6733821733821733, 1.0)",1,98.92445757183772,40870
"(0.8929015655249481, 0.9958292603453894)",2,98.9244565034438,40872
"(0.9835199925522506, 0.9958292603453894)",1,98.9244178022974,40873
"(0.6544644252235129, 1.0)",1,98.92431707692484,40874
"(0.617513611615245, 1.0)",1,98.92427237596792,40875
"(0.9665755481078062, 1.0)",1,98.92423628227743,40876
"(0.5540293040293041, 1.0)",3,98.9241907483089,40879
"(0.757745166550198, 1.0)",1,98.92417261115762,40880
"(0.9369138996969484, 0.9916585206907788)",1,98.9240473817798,40881
"(0.7090909090909091, 1.0)",1,98.92399170417649,40882
"(0.837707400507675, 1.0)",1,98.923931241147,40883
"(0.6747507742934573, 1.0)",1,98.9239303727762,40884
"(0.9025186657697726, 0.9958292603453894)",1,98.92391875213796,40885
"(0.9750780096985032, 0.9958292603453894)",1,98.92379289495038,40886
"(0.9131856219190184, 0.9958292603453894)",1,98.9237794412405,40887
"(0.974833726256876, 0.9958292603453894)",1,98.92376870103628,40888
"(0.9332172991312776, 0.9958292603453894)",1,98.92376616926047,40889
"(0.9622634791942192, 0.9958292603453894)",1,98.92372274813576,40890
"(1.0, 1.0)",1,98.92369857876264,40891
"(0.8101143854687974, 1.0)",2,98.92365369419488,40893
"(0.9623066688389268, 0.9958292603453894)",1,98.92365189828666,40894
"(0.9303715638302106, 1.0)",1,98.92358786555214,40895
"(0.9158007932517735, 1.0)",2,98.9235847035601,40897
"(0.7802197802197803, 1.0)",1,98.92355416634848,40898
"(0.7183489076634237, 1.0)",2,98.92345916696787,40900
"(0.837707400507675, 1.0)",1,98.92341421585483,40901
"(0.9333044546043194, 0.9958292603453894)",1,98.92335891469703,40902
"(0.983545503234046, 0.9958292603453894)",1,98.9232911357317,40903
"(0.9747273037595618, 0.9958292603453894)",1,98.92323067732194,40904
"(0.861111111111111, 1.0)",1,98.92319950528896,40905
"(0.757745166550198, 1.0)",1,98.92314851838518,40906
"(0.958095238095238, 0.9958292603453894)",1,98.92312427744666,40907
"(0.9384174012481092, 0.9958292603453894)",1,98.92299257632028,40908
"(0.917469251615593, 1.0)",1,98.92278695729674,40909
"(0.970619176311776, 0.9958292603453894)",1,98.92277483343112,40910
"(0.861111111111111, 1.0)",2,98.9227369640373,40912
"(0.9832965806068272, 0.9958292603453894)",1,98.9226755252567,40913
"(0.958227107069612, 0.9958292603453894)",1,98.92265821619048,40914
"(0.9166682405676116, 1.0)",1,98.9225393567517,40915
"(0.9747273037595618, 0.9958292603453894)",1,98.92248297202973,40916
"(0.8165509259259259, 1.0)",1,98.9224825525983,40917
"(0.9623066688389268, 0.9958292603453894)",1,98.92244661637822,40918
"(0.7946380416968652, 0.9958292603453894)",1,98.92243943612864,40919
"(0.5555555555555555, 0.9833229101521784)",1,98.92220347168558,40920
"(0.6804620726495727, 1.0)",1,98.92216741675404,40921
"(0.9791258409522168, 0.9958292603453894)",1,98.92215766773192,40922
"(1.0, 1.0)",2,98.92212825685226,40924
"(0.9876066164491212, 0.9958292603453894)",1,98.92212377017684,40925
"(0.6378166586499919, 1.0)",1,98.92210620312343,40926
"(0.9034438470728792, 0.9916585206907788)",1,98.92201326233008,40927
"(0.9583930063253372, 1.0)",1,98.92185368549094,40928
"(0.8976982097186702, 1.0)",1,98.92183565766304,40929
"(0.9916666666666668, 0.9958292603453894)",1,98.92174463661388,40930
"(0.9365496267832196, 0.9958292603453894)",2,98.92169810096968,40932
"(0.9665831244778612, 1.0)",1,98.92167991403744,40933
"(0.9161952650324744, 1.0)",1,98.92167098406212,40934
"(0.8432903075760217, 1.0)",1,98.92162920449864,40935
"(0.7183489076634237, 1.0)",1,98.92162623311415,40936
"(0.9358935587920408, 0.9958292603453894)",1,98.92159995032696,40937
"(0.9792521035784794, 0.9958292603453894)",1,98.92152279945984,40938
"(0.7340930674264006, 1.0)",1,98.92139777026507,40939
"(0.8666666666666667, 1.0)",1,98.92132426124726,40940
"(0.9454999712494968, 0.9958292603453894)",1,98.92131200728912,40941
"(0.8247905643738976, 1.0)",1,98.92129160555828,40942
"(0.9871616776282092, 0.9958292603453894)",1,98.92124527394792,40943
"(0.9279680209218476, 0.9958292603453894)",2,98.92121964591024,40945
"(0.8222222222222222, 1.0)",3,98.92114333753678,40948
"(0.8443691323092412, 0.9958292603453894)",1,98.9210368461309,40949
"(0.9280459216361852, 0.9958292603453894)",1,98.92091055333832,40950
"(0.8976982097186702, 1.0)",2,98.92087328422852,40952
"(0.7222222222222221, 1.0)",1,98.92084416795586,40953
"(0.9034438470728792, 0.9958292603453894)",1,98.92080471535624,40954
"(0.9497171590194848, 1.0)",1,98.92076913671332,40955
"(0.9665831244778612, 1.0)",1,98.92074600136908,40956
"(0.958227107069612, 0.9958292603453894)",1,98.92072490265711,40957
"(1.0, 1.0)",1,98.92070050858848,40958
"(0.9300671002153482, 1.0)",1,98.92066409677264,40959
"(0.9791388745136372, 0.9958292603453894)",1,98.9204444456798,40960
"(1.0, 1.0)",1,98.92043403022464,40961
"(0.8420013166556946, 1.0)",1,98.92041332984344,40962
"(0.8420013166556946, 1.0)",2,98.92037637218203,40964
"(0.8586166985951469, 1.0)",1,98.9203374731825,40965
"(0.983545503234046, 0.9958292603453894)",1,98.92028273154786,40966
"(0.8813080639167598, 1.0)",1,98.92021382587808,40967
"(0.8319340617212959, 1.0)",1,98.92018256445138,40968
"(0.9622634791942192, 0.9958292603453894)",1,98.9199301241886,40969
"(0.8471527473990528, 1.0)",1,98.91982624022074,40970
"(0.8365328658269835, 0.9958292603453894)",1,98.9198173202111,40971
"(0.9280317595086728, 0.9958292603453894)",1,98.9197853792694,40972
"(0.9832965806068272, 0.9916666666666668)",1,98.91977504879306,40973
"(0.962505246140658, 0.9958292603453894)",2,98.91975765493544,40975
"(0.987463247273494, 0.9958292603453894)",1,98.91969429647769,40976
"(0.9280459216361852, 0.9916585206907788)",1,98.91966872640944,40977
"(0.8796475392220073, 1.0)",1,98.91934063699,40978
"(0.73687720936437, 1.0)",1,98.91931947208846,40979
"(0.9034438470728792, 0.9958292603453894)",1,98.91931498547898,40980
"(0.6733821733821733, 1.0)",1,98.91931457974738,40981
"(0.9546499948224086, 0.9958292603453894)",1,98.91929849565804,40982
"(0.9833040078201368, 0.9958292603453894)",1,98.91927749365536,40983
"(0.8976982097186702, 1.0)",1,98.91920324733972,40984
"(0.9622634791942192, 0.9958292603453894)",1,98.9191675196991,40985
"(0.9748524098350704, 0.9958292603453894)",1,98.91895520775768,40986
"(0.816195709052852, 1.0)",1,98.91892666050256,40987
"(0.9182966261114094, 0.9958292603453894)",1,98.91888204240963,40988
"(0.7994987468671678, 1.0)",1,98.91886220184038,40989
"(0.9791258409522168, 0.9958292603453894)",1,98.91882628022474,40990
"(0.903667392883079, 1.0)",2,98.9188095002385,40992
"(0.9442283950617284, 1.0)",1,98.91879099041527,40993
"(1.0, 1.0)",1,98.91875626676187,40994
"(0.9748524098350704, 0.9958292603453894)",1,98.91844395221568,40995
"(0.8372053872053872, 1.0)",1,98.91843750867136,40996
"(0.9516794286955578, 0.9958292603453894)",1,98.9183021648449,40997
"(0.6698155645524068, 1.0)",1,98.91825012370138,40998
"(0.7612958226768967, 1.0)",1,98.91817952408698,40999
"(0.8676532769556025, 1.0)",1,98.91810408616956,41000
"(0.9916625936787228, 0.9958292603453894)",1,98.91803413882518,41001
"(0.9958292603453894, 0.9958292603453894)",1,98.91799958807682,41002
"(0.8365328658269835, 0.9958292603453894)",1,98.91797683479491,41003
"(0.8907966222338917, 0.9958292603453894)",2,98.91793345763703,41005
"(0.7513013302486987, 1.0)",1,98.91791941632334,41006
"(0.9833211143695014, 0.9958292603453894)",1,98.91788343758144,41007
"(0.9876066164491212, 0.9958292603453894)",1,98.91779885589712,41008
"(0.4747763864042934, 1.0)",1,98.91776801336928,41009
"(0.9331662489557224, 1.0)",1,98.91768343260397,41010
"(0.8476190476190477, 1.0)",1,98.91767307728924,41011
"(0.9748850895736324, 0.9958292603453894)",1,98.91764378439277,41012
"(0.9666562434855118, 1.0)",1,98.91758142194465,41013
"(0.861111111111111, 1.0)",1,98.91757577828363,41014
"(0.9504245882013664, 0.9958292603453894)",1,98.91751095417972,41015
"(0.9206165335472736, 0.9958292603453894)",2,98.91745960205908,41017
"(0.8736212624584717, 1.0)",1,98.91739231339784,41018
"(0.8300265307680562, 1.0)",1,98.91734236789476,41019
"(1.0, 1.0)",1,98.91733242781191,41020
"(0.7000013129045387, 1.0)",1,98.91725756915186,41021
"(0.8997493734335841, 1.0)",1,98.91725624997936,41022
"(0.9131856219190184, 0.9958292603453894)",1,98.91724123203176,41023
"(0.5131569832583307, 1.0)",1,98.91722697495211,41024
"(0.9791299139401608, 0.9958292603453894)",1,98.91721831027844,41025
"(0.9497171590194846, 1.0)",1,98.91721326930453,41026
"(0.9749706744868036, 0.9958292603453894)",1,98.91720774507056,41027
"(0.947552083649559, 0.9958292603453894)",1,98.91714444471594,41028
"(0.9874877810361682, 0.9958292603453894)",1,98.9170896748743,41029
"(0.6825396825396824, 1.0)",1,98.91704792558004,41030
"(0.9153439153439152, 1.0)",1,98.91697790227202,41031
"(0.8471527473990528, 1.0)",1,98.91692578453946,41032
"(0.6784722222222224, 1.0)",1,98.91688740835254,41033
"(0.917655049465296, 0.9958292603453894)",1,98.9168025122654,41034
"(0.9833229101521784, 1.0)",1,98.9166562434855,41035
"(0.8552744708994707, 1.0)",1,98.91662975513744,41036
"(0.738145558145558, 1.0)",1,98.91658413345914,41037
"(0.8040695048423352, 1.0)",1,98.9165829403421,41038
"(0.73687720936437, 1.0)",1,98.91646108534196,41039
"(0.9490213526488036, 0.9958292603453894)",1,98.91645060334376,41040
"(0.979055829228243, 0.9916666666666668)",1,98.91643234013632,41041
"(0.9707136080238548, 0.9958292603453894)",2,98.91641987715212,41043
"(0.8676532769556025, 1.0)",2,98.91635030128047,41045
"(0.8468951683237397, 1.0)",1,98.91632176187316,41046
"(0.9791332681655264, 0.9958292603453894)",1,98.91632101348434,41047
"(0.4943189964157706, 1.0)",1,98.9162948911944,41048
"(0.7944219523166891, 1.0)",1,98.91627182787737,41049
"(0.8867361313822293, 0.9916585206907788)",1,98.9162464733815,41050
"(0.6666173934466618, 1.0)",1,98.9161988005114,41051
"(0.9832184229069656, 0.9958292603453894)",1,98.91617875476948,41052
"(0.9580331374974232, 1.0)",1,98.91616196497834,41053
"(0.9008025849489264, 1.0)",1,98.91610216253696,41054
"(0.9333333333333332, 1.0)",1,98.9160621221596,41055
"(1.0, 0.9833229101521784)",1,98.91598915989164,41056
"(0.9326599326599326, 1.0)",2,98.9158864614398,41058
"(0.9746535316523212, 0.9958292603453894)",1,98.91580832105208,41059
"(0.4039045743444857, 1.0)",1,98.91578471949396,41060
"(0.9497171590194848, 1.0)",1,98.91575934020923,41061
"(0.979055829228243, 0.9958292603453894)",1,98.91573509301396,41062
"(0.8760238095238095, 0.9958292603453894)",1,98.9154470044569,41063
"(0.9832401090007582, 0.9958292603453894)",2,98.91543756359152,41065
"(0.9206165335472736, 0.9916585206907788)",1,98.9153222447662,41066
"(0.7994987468671678, 1.0)",2,98.91529607485612,41068
"(0.9157097551404952, 0.9958292603453894)",1,98.91515727822204,41069
"(0.9506533178503804, 1.0)",1,98.9149997303209,41070
"(1.0, 1.0)",1,98.91494060861092,41071
"(0.7944219523166891, 1.0)",2,98.91485402414024,41073
"(0.9326599326599326, 0.9833229101521784)",1,98.91481324773564,41074
"(0.9665831244778612, 1.0)",1,98.91480895536893,41075
"(0.9674564520532262, 0.9958292603453894)",1,98.91479268113582,41076
"(0.7647742788871822, 1.0)",1,98.91475125538857,41077
"(0.5910680656443368, 1.0)",2,98.91461319428868,41079
"(0.9297812306740878, 1.0)",1,98.9145900129939,41080
"(0.9832965806068272, 0.9958292603453894)",1,98.91450942602138,41081
"(0.9873891625615764, 1.0)",1,98.91443205219066,41082
"(0.7294281157362763, 1.0)",1,98.914425185911,41083
"(0.7294281157362763, 1.0)",1,98.91438220586278,41084
"(0.9008627640703112, 1.0)",2,98.91433522844032,41086
"(0.9153439153439152, 1.0)",1,98.91420249157154,41087
"(0.9, 0.9665831244778612)",1,98.91416264316976,41088
"(0.97934925289764, 0.987463247273494)",1,98.9141447728517,41089
"(0.6831352928913905, 1.0)",1,98.9141305854952,41090
"(0.8468951683237397, 1.0)",1,98.91412801707736,41091
"(0.9580331374974232, 1.0)",1,98.91409809268518,41092
"(0.9250222656674272, 0.9916585206907788)",1,98.91406649431674,41093
"(0.8053381731676306, 1.0)",1,98.9140165002626,41094
"(0.9833229101521784, 1.0)",1,98.91394761075694,41095
"(0.9876221896383188, 0.9958292603453894)",2,98.9138815469972,41097
"(0.9293300445873568, 0.9916339869281046)",1,98.9138553130744,41098
"(0.958095238095238, 0.9958292603453894)",1,98.91374193113543,41099
"(0.8365328658269835, 0.9958292603453894)",1,98.91355099999709,41100
"(0.898989898989899, 1.0)",1,98.91354016354016,41101
"(0.8229870141950848, 1.0)",1,98.91339153152694,41102
"(0.9622634791942192, 0.9958292603453894)",1,98.91332061409234,41103
"(0.6544644252235129, 1.0)",1,98.91301278213976,41104
"(0.9833229101521784, 1.0)",4,98.91293185615456,41108
"(0.8319340617212959, 1.0)",1,98.9128423007338,41109
"(0.9669795885118464, 0.9958292603453894)",1,98.91279983661568,41110
"(1.0, 1.0)",1,98.91277890466532,41111
"(0.8266173510466989, 1.0)",1,98.91263355734984,41112
"(0.962505246140658, 0.9958292603453894)",1,98.91260368579653,41113
"(0.987463247273494, 0.9958292603453894)",1,98.91256831455988,41114
"(0.9331094582012576, 1.0)",1,98.91256693770492,41115
"(0.7090909090909091, 1.0)",1,98.9125475259547,41116
"(0.8222222222222222, 1.0)",1,98.91252992997286,41117
"(0.8372053872053872, 1.0)",1,98.91252871364814,41118
"(0.8885714285714285, 1.0)",1,98.91252603132187,41119
"(0.9497171590194848, 1.0)",2,98.9123601082534,41121
"(0.9833229101521784, 1.0)",1,98.91214289906767,41122
"(0.8867361313822293, 0.9916585206907788)",1,98.91208902161968,41123
"(0.9158007932517735, 1.0)",1,98.91196891687008,41124
"(0.7686844739476318, 1.0)",1,98.91186101182004,41125
"(0.9412964149491664, 0.9958292603453894)",1,98.91178253640484,41126
"(0.979273283115788, 0.9958292603453894)",1,98.91162511466749,41127
"(0.9835199925522506, 0.9958292603453894)",1,98.9116102552898,41128
"(0.9300671002153482, 1.0)",1,98.91155852399808,41129
"(0.9332172991312776, 0.9958292603453894)",1,98.91154931528736,41130
"(0.8796475392220073, 1.0)",1,98.9113211389222,41131
"(0.9295946890286512, 1.0)",1,98.911315815926,41132
"(0.7475497813384121, 1.0)",1,98.91126225016627,41133
"(0.9792766373411534, 0.9958292603453894)",1,98.91125735151104,41134
"(0.837707400507675, 1.0)",2,98.91120947400977,41136
"(0.7802197802197803, 1.0)",1,98.91119263460055,41137
"(0.9497171590194848, 1.0)",2,98.91108173014015,41139
"(0.9326599326599326, 1.0)",2,98.91099427260616,41141
"(0.9445235834124724, 1.0)",1,98.91099104725949,41142
"(0.8633762288330498, 1.0)",1,98.91095273329816,41143
"(0.9358935587920408, 0.9958292603453894)",1,98.9109498867785,41144
"(0.7668348423065404, 1.0)",1,98.9109263856457,41145
"(0.9707136080238548, 0.9958292603453894)",1,98.9109090290922,41146
"(0.9832401090007582, 0.9958292603453894)",1,98.9105936098727,41147
"(0.8347775825943863, 0.9958292603453894)",1,98.91056418387566,41148
"(0.9165164082221422, 1.0)",1,98.91033352937598,41149
"(0.8745860467551234, 0.9916585206907788)",1,98.9101384383084,41150
"(0.8494167439328729, 0.9958292603453894)",1,98.9100820062646,41151
"(0.8016677935542034, 1.0)",1,98.91005869520411,41152
"(0.4776542240827955, 1.0)",1,98.91004273198251,41153
"(0.738145558145558, 1.0)",1,98.9100000052366,41154
"(0.4747763864042934, 1.0)",1,98.90999295941025,41155
"(0.979166518665308, 1.0)",1,98.90994022746212,41156
"(0.8296970789758384, 1.0)",1,98.90987778831148,41157
"(0.7786375661375661, 1.0)",1,98.90979997689946,41158
"(0.4039045743444857, 1.0)",1,98.90977291185872,41159
"(0.8495378883833893, 0.9958292603453894)",1,98.90964657877004,41160
"(0.861111111111111, 1.0)",2,98.90957952870951,41162
"(0.9172792561601744, 0.9958292603453894)",1,98.90949634821006,41163
"(0.81893131227901, 1.0)",1,98.90947517763692,41164
"(0.8420013166556946, 1.0)",1,98.909439898987,41165
"(0.8177442148030384, 1.0)",1,98.90932535762128,41166
"(0.8600291387756281, 0.9958292603453894)",1,98.90927111588616,41167
"(0.7802197802197803, 1.0)",1,98.9092662735216,41168
"(0.8653198653198653, 0.9833229101521784)",1,98.90926080768506,41169
"(0.861111111111111, 1.0)",1,98.90924809523167,41170
"(0.9746854694957162, 0.9958292603453894)",1,98.90924616227842,41171
"(0.893146638589877, 1.0)",1,98.90920308819256,41172
"(0.9131856219190184, 0.9958292603453894)",1,98.90919660761928,41173
"(0.4039045743444857, 1.0)",1,98.90913610719292,41174
"(0.9669558693467613, 0.9958292603453894)",1,98.90910321660628,41175
"(0.738145558145558, 1.0)",1,98.90904779872643,41176
"(0.8796475392220073, 1.0)",2,98.90904149713164,41178
"(0.861111111111111, 1.0)",1,98.90891877817424,41179
"(0.9916585206907788, 0.9958292603453894)",1,98.90888580502448,41180
"(0.6636745887678723, 1.0)",1,98.908809762654,41181
"(0.7713401051412279, 1.0)",1,98.90877828101762,41182
"(0.9583930063253372, 1.0)",1,98.90876709706154,41183
"(0.8319340617212959, 1.0)",1,98.90872887174496,41184
"(0.8420013166556946, 1.0)",1,98.90871961671851,41185
"(0.8976982097186702, 1.0)",1,98.9087114669474,41186
"(0.9832401090007582, 0.9958292603453894)",1,98.90867457185033,41187
"(0.8229870141950848, 1.0)",4,98.9086512622872,41191
"(0.8040695048423352, 1.0)",1,98.90863859303902,41192
"(0.8316498316498316, 1.0)",1,98.9086197607418,41193
"(0.8814814814814814, 1.0)",4,98.9085754354047,41197
"(0.9832184229069656, 0.9958292603453894)",1,98.90852837648129,41198
"(0.9665831244778612, 1.0)",1,98.90850231639706,41199
"(0.962505246140658, 0.9958292603453894)",1,98.90848033192997,41200
"(0.9268079211169572, 0.9958292603453894)",1,98.90847830092486,41201
"(0.8814814814814814, 1.0)",1,98.90842383293791,41202
"(0.8016677935542034, 1.0)",1,98.90841530170724,41203
"(0.9609386607489072, 0.9958292603453894)",2,98.90835967737353,41205
"(0.9274252484800152, 0.9958292603453894)",1,98.90830925800576,41206
"(0.8840455840455841, 1.0)",1,98.90824787071143,41207
"(0.816195709052852, 1.0)",1,98.90821942773556,41208
"(0.8016677935542034, 1.0)",2,98.9081273925256,41210
"(0.9830687830687832, 0.9958292603453894)",1,98.90803072429354,41211
"(0.9410852767304382, 0.9958292603453894)",1,98.90800628074,41212
"(0.8796475392220073, 1.0)",1,98.90795548414934,41213
"(0.7340324228911184, 1.0)",1,98.90787092791136,41214
"(0.7687400318979267, 1.0)",1,98.9078655905242,41215
"(0.9279680209218476, 0.9958292603453894)",1,98.90767380846624,41216
"(0.9508264734071186, 0.9958292603453894)",1,98.90764045154825,41217
"(0.8467532467532467, 1.0)",2,98.90758151688384,41219
"(0.972281746031746, 1.0)",1,98.9075504765308,41220
"(0.9166145507608924, 1.0)",1,98.90753603990125,41221
"(0.7069597069597069, 1.0)",1,98.90748626539204,41222
"(0.8316498316498316, 1.0)",1,98.90735192475356,41223
"(0.8471527473990528, 1.0)",1,98.90727572860806,41224
"(0.8420013166556946, 1.0)",1,98.90720981511728,41225
"(0.9365496267832196, 0.9958292603453894)",1,98.90718716990166,41226
"(0.979055829228243, 0.9958292603453894)",1,98.90712398190286,41227
"(0.9504245882013664, 0.9958292603453894)",1,98.90712153016072,41228
"(0.9228120179844318, 0.9916339869281046)",1,98.90709940527924,41229
"(0.5131569832583307, 1.0)",1,98.90701875068378,41230
"(0.8976982097186702, 1.0)",1,98.9069947898296,41231
"(0.9295946890286512, 1.0)",1,98.90698802233156,41232
"(0.9833040078201368, 0.9958292603453894)",1,98.90695564306088,41233
"(0.9750943974852894, 0.9958292603453894)",1,98.90686475799608,41234
"(0.9034438470728792, 0.9958292603453894)",1,98.90678065058394,41235
"(0.6698155645524068, 1.0)",1,98.9067748274586,41236
"(0.7656073923822403, 1.0)",1,98.90656674167492,41237
"(0.9674564520532262, 0.9958292603453894)",1,98.90656392433496,41238
"(0.9442283950617284, 1.0)",1,98.90648822650272,41239
"(0.9835199925522506, 0.9916585206907788)",1,98.90644110849524,41240
"(0.8420013166556946, 1.0)",1,98.90640679077116,41241
"(0.9057330122004186, 0.991206314397104)",3,98.90634304271262,41244
"(0.9833229101521784, 1.0)",2,98.9063394322591,41246
"(0.9435817855979146, 0.9958292603453894)",1,98.9062909905518,41247
"(0.9199973910846122, 0.9916339869281046)",1,98.90624674649727,41248
"(0.9189396095602992, 0.9958292603453894)",1,98.90611376361726,41249
"(0.7713401051412279, 1.0)",1,98.90599535357956,41250
"(0.8796475392220073, 1.0)",1,98.9059654749676,41251
"(0.8880984643179766, 1.0)",1,98.90590776952124,41252
"(0.9243707071934514, 0.9916339869281046)",1,98.905822982465,41253
"(0.8151249335459861, 1.0)",1,98.90573695386186,41254
"(0.9516794286955578, 0.9958292603453894)",1,98.90569999640783,41255
"(0.6544644252235129, 1.0)",1,98.9056577710326,41256
"(0.7075023741690408, 1.0)",1,98.905532177282,41257
"(0.9490213526488036, 0.9958292603453894)",2,98.90551078274903,41259
"(0.8300265307680562, 1.0)",1,98.905468829797,41260
"(1.0, 1.0)",1,98.9054083722146,41261
"(0.9128978937629072, 0.9958292603453894)",1,98.90510337678936,41262
"(0.8942622047218923, 0.9916339869281046)",1,98.905088426122,41263
"(0.8229870141950848, 1.0)",1,98.90505834323088,41264
"(0.8347775825943863, 0.9916585206907788)",1,98.90504559378792,41265
"(0.9623066688389268, 0.9958292603453894)",1,98.90503849081948,41266
"(0.9126251340467026, 0.9916585206907788)",1,98.9050153079818,41267
"(0.9008627640703112, 1.0)",1,98.90499280850788,41268
"(0.8365328658269835, 0.9958292603453894)",1,98.90495314685688,41269
"(0.903667392883079, 1.0)",1,98.90494050234692,41270
"(0.9749706744868036, 0.9958292603453894)",1,98.90491186611068,41271
"(0.6886904761904762, 1.0)",2,98.90479419933342,41273
"(0.7164894725870335, 1.0)",1,98.90468326947052,41274
"(0.987463247273494, 0.9958292603453894)",1,98.9046695071054,41275
"(0.5910680656443368, 1.0)",1,98.90457900225286,41276
"(0.9833229101521784, 1.0)",1,98.90446624768896,41277
"(0.8312205288949474, 1.0)",1,98.90443275672592,41278
"(0.8420013166556946, 1.0)",1,98.90441626584855,41279
"(0.931200007971039, 0.9958292603453894)",1,98.90425847657092,41280
"(0.9874762808349148, 0.9958292603453894)",1,98.90422298145896,41281
"(0.8635976129582268, 1.0)",1,98.90420836066946,41282
"(0.9871616776282092, 0.9958292603453894)",2,98.90414581259463,41284
"(0.8016677935542034, 1.0)",1,98.9040516987492,41285
"(1.0, 1.0)",1,98.90404604028744,41286
"(0.7711781618000022, 1.0)",1,98.90399989816106,41287
"(0.8832603710652491, 1.0)",1,98.9039903199098,41288
"(0.7250237826596757, 1.0)",1,98.90397080168972,41289
"(0.9490213526488036, 0.9958292603453894)",1,98.90392987425524,41290
"(0.8222222222222222, 1.0)",1,98.90391697197728,41291
"(0.9658159033159032, 0.9958292603453894)",1,98.9038922504069,41292
"(0.975195619792394, 0.9958292603453894)",2,98.9038156251529,41294
"(0.4776542240827955, 1.0)",1,98.90373602577104,41295
"(0.8958208965097509, 0.9958292603453894)",1,98.90372111486366,41296
"(0.9958292603453894, 0.9958292603453894)",1,98.90365453771123,41297
"(0.8814814814814814, 1.0)",1,98.90363642289908,41298
"(0.9497171590194848, 1.0)",1,98.90360818129,41299
"(1.0, 1.0)",1,98.90355226673104,41300
"(0.8796475392220073, 1.0)",1,98.9035470647334,41301
"(0.8177442148030384, 1.0)",1,98.90345180245276,41302
"(0.930124456440246, 1.0)",1,98.90344141729304,41303
"(0.8928598364786969, 0.9958292603453894)",1,98.9032950704003,41304
"(0.9153439153439152, 1.0)",1,98.90313734257396,41305
"(0.9504245882013664, 0.9958292603453894)",2,98.90313583733588,41307
"(0.7278086237149632, 1.0)",1,98.90310349865604,41308
"(0.9792521035784794, 0.9958292603453894)",1,98.90307626005968,41309
"(0.9009287520039462, 1.0)",1,98.90299012982368,41310
"(0.8796475392220073, 1.0)",2,98.90296121568367,41312
"(0.8471527473990528, 1.0)",1,98.90292604556814,41313
"(0.8420013166556946, 1.0)",1,98.90286053540964,41314
"(0.9750943974852894, 0.9958292603453894)",1,98.90284146050504,41315
"(0.8431623931623932, 1.0)",1,98.90270258130352,41316
"(0.837707400507675, 1.0)",1,98.90269191147038,41317
"(0.8443691323092412, 0.9958292603453894)",1,98.90264712324849,41318
"(0.903667392883079, 1.0)",2,98.90264668572688,41320
"(0.9833229101521784, 1.0)",1,98.9026042056388,41321
"(0.893146638589877, 1.0)",2,98.9025331369152,41323
"(0.8885714285714285, 1.0)",1,98.90247220818507,41324
"(1.0, 0.9958292603453894)",1,98.90244035024558,41325
"(0.8158879904162925, 1.0)",1,98.90234499206126,41326
"(0.896607872489407, 0.9958292603453894)",1,98.90232472773066,41327
"(0.9669795885118464, 0.9958292603453894)",1,98.90220462636282,41328
"(0.8399588504703595, 0.9958292603453894)",1,98.902091990117,41329
"(0.8158879904162925, 1.0)",2,98.90205997203245,41331
"(0.9791348015256934, 0.9958292603453894)",1,98.90200921304674,41332
"(0.9832925076188832, 0.9958292603453894)",1,98.90199090918836,41333
"(0.987491854024112, 0.9958292603453894)",1,98.90195936638769,41334
"(0.9166145507608924, 1.0)",1,98.9019387116948,41335
"(0.7994987468671678, 1.0)",1,98.90191886415217,41336
"(0.7294281157362763, 1.0)",1,98.90184725506182,41337
"(0.8976982097186702, 1.0)",1,98.90183953504098,41338
"(0.9384174012481092, 0.9916666666666668)",1,98.9014978222718,41339
"(0.949977467563772, 0.9958292603453894)",1,98.90137898803684,41340
"(0.987463247273494, 0.9958292603453894)",1,98.9013419854132,41341
"(0.73687720936437, 1.0)",1,98.90134033178197,41342
"(0.808446455505279, 1.0)",1,98.90131575163906,41343
"(0.9369808292429718, 0.9958292603453894)",1,98.90131265335182,41344
"(0.9610567210567212, 0.9958292603453894)",1,98.90126009916524,41345
"(0.9580331374974232, 1.0)",1,98.9012194331044,41346
"(0.6544644252235129, 1.0)",1,98.90119031723948,41347
"(0.8312205288949474, 1.0)",1,98.901147427389,41348
"(0.8552744708994707, 1.0)",2,98.9009924960285,41350
"(0.962505246140658, 0.9916666666666668)",1,98.9008699836842,41351
"(0.9791258409522168, 0.9958292603453894)",1,98.90080997417115,41352
"(0.9792521035784794, 0.9958292603453894)",1,98.90076340283706,41353
"(0.8579868984630887, 1.0)",1,98.90071634767844,41354
"(0.9833229101521784, 1.0)",1,98.9006850190336,41355
"(0.9158007932517735, 1.0)",1,98.90065308771446,41356
"(0.8760238095238095, 0.9958292603453894)",1,98.90063429814444,41357
"(0.9833229101521784, 1.0)",1,98.90053710950806,41358
"(0.9280317595086728, 0.9958292603453894)",1,98.90053444989672,41359
"(0.9299507899507898, 1.0)",2,98.90049250361206,41361
"(0.6962461114805364, 0.9981012669018314)",2,98.90048059176912,41363
"(0.9582389563841176, 0.9958292603453894)",1,98.900416645679,41364
"(0.8600291387756281, 0.9958292603453894)",1,98.9004007754242,41365
"(0.4776542240827955, 1.0)",1,98.90038763096916,41366
"(0.9916339869281046, 0.9958292603453894)",1,98.90035021981925,41367
"(0.7362637362637362, 1.0)",1,98.90031807273186,41368
"(0.6886904761904762, 1.0)",1,98.90027356184724,41369
"(0.8676532769556025, 1.0)",1,98.90024214575293,41370
"(1.0, 1.0)",3,98.9001735161164,41373
"(0.9384174012481092, 0.9916585206907788)",1,98.90014465327884,41374
"(0.970619176311776, 0.9958292603453894)",1,98.9000966481806,41375
"(0.9707136080238548, 0.9958292603453894)",1,98.90008237614056,41376
"(0.9295946890286512, 1.0)",1,98.90006312534348,41377
"(0.9833229101521784, 1.0)",1,98.89997915363767,41378
"(0.7802197802197803, 1.0)",1,98.89991724750344,41379
"(0.8907966222338917, 0.9958292603453894)",1,98.89990953793708,41380
"(0.902012682657844, 0.9916585206907788)",1,98.89989151763176,41381
"(0.8717520170461346, 0.9958292603453894)",1,98.89989018081508,41382
"(0.8229870141950848, 1.0)",1,98.89977820860682,41383
"(0.9744745723240348, 0.9958292603453894)",1,98.8997722634698,41384
"(0.812557599070401, 1.0)",1,98.89965236543787,41385
"(0.9873891625615764, 0.9958292603453894)",1,98.89957529133036,41386
"(0.6907243513029603, 1.0)",1,98.8995717941783,41387
"(0.8796475392220073, 1.0)",1,98.89953298669366,41388
"(0.9268079211169572, 0.9958292603453894)",1,98.89953185449691,41389
"(0.9833229101521784, 1.0)",1,98.89952298385788,41390
"(0.9751539794803552, 0.9958292603453894)",1,98.89948945622196,41391
"(0.9833229101521784, 1.0)",1,98.89944697177884,41392
"(0.8615866942983156, 1.0)",1,98.89944149466903,41393
"(0.8857958672840706, 0.9958292603453894)",1,98.89941749161704,41394
"(0.9157097551404952, 0.9958292603453894)",1,98.89937549715052,41395
"(0.6784722222222224, 1.0)",1,98.89926503777566,41396
"(1.0, 1.0)",1,98.89920584210287,41397
"(0.9125533644430458, 0.9958292603453894)",1,98.89916490917784,41398
"(0.6544644252235129, 1.0)",1,98.89912718674098,41399
"(0.9408363037601548, 0.9958292603453894)",1,98.89872271196091,41400
"(0.6825396825396824, 1.0)",1,98.8986537638656,41401
"(0.9126251340467026, 0.9958292603453894)",2,98.89864183714738,41403
"(0.80285509389987, 1.0)",1,98.89863817478098,41404
"(0.8613656783468103, 1.0)",1,98.89857741067075,41405
"(0.8483418730488175, 0.9958292603453894)",1,98.89854455385957,41406
"(0.9874762808349148, 0.9958292603453894)",1,98.89852938100783,41407
"(0.9833229101521784, 1.0)",1,98.89849283813282,41408
"(0.9206165335472736, 0.9958292603453894)",1,98.89842789008796,41409
"(0.8065954953750508, 1.0)",2,98.89840663701176,41411
"(0.8653198653198653, 1.0)",1,98.89831264766592,41412
"(0.9832401090007582, 0.9958292603453894)",1,98.89814097290396,41413
"(1.0, 1.0)",1,98.89798916198136,41414
"(0.9182966261114094, 0.9958292603453894)",1,98.89798685567484,41415
"(0.9166145507608924, 1.0)",1,98.8979723992485,41416
"(0.9445235834124724, 1.0)",1,98.8979026959846,41417
"(0.9871616776282092, 0.9958292603453894)",1,98.89786412075684,41418
"(0.9746854694957162, 0.9958292603453894)",1,98.89781601169508,41419
"(0.8651903651903651, 1.0)",1,98.89752580690418,41420
"(0.8101143854687974, 1.0)",1,98.89747370680064,41421
"(0.9182966261114094, 0.9958292603453894)",2,98.89744135211156,41423
"(0.943710724759112, 0.9958292603453894)",1,98.8974184971095,41424
"(0.6784722222222224, 1.0)",1,98.89722985679468,41425
"(0.7092475655908492, 1.0)",1,98.89721900467173,41426
"(0.8814814814814814, 1.0)",1,98.89717785186328,41427
"(0.8468951683237397, 1.0)",1,98.89713577985044,41428
"(0.9873891625615764, 0.9958292603453894)",1,98.89688526834117,41429
"(0.9874762808349148, 0.9958292603453894)",1,98.8968053575112,41430
"(0.6804620726495727, 1.0)",1,98.89667703758477,41431
"(0.8372053872053872, 1.0)",1,98.89656217112892,41432
"(0.7503607503607503, 1.0)",1,98.89654867031942,41433
"(0.861111111111111, 1.0)",1,98.89637292433304,41434
"(0.9618291283060416, 0.9958292603453894)",1,98.89623958303238,41435
"(0.9498370804822418, 0.9916339869281046)",1,98.89615294570687,41436
"(0.9833229101521784, 1.0)",1,98.89614533593549,41437
"(0.7802197802197803, 1.0)",1,98.89613316089356,41438
"(0.9268079211169572, 0.9958292603453894)",1,98.89600539285594,41439
"(0.9126251340467026, 0.9958292603453894)",1,98.8958834834968,41440
"(0.9182966261114094, 0.9958292603453894)",1,98.89587898480951,41441
"(0.5131569832583307, 1.0)",1,98.89577250710218,41442
"(0.9672281917443208, 0.9958292603453894)",1,98.8956454213844,41443
"(0.6784722222222224, 1.0)",1,98.89555680121656,41444
"(0.8600291387756281, 0.9958292603453894)",1,98.89550057002356,41445
"(0.8294970161977834, 1.0)",1,98.89539189724022,41446
"(0.7632275132275131, 1.0)",1,98.89536004472882,41447
"(0.8329156223893065, 1.0)",1,98.89531782534134,41448
"(0.9583930063253372, 1.0)",1,98.89522766351682,41449
"(0.8976982097186702, 1.0)",1,98.89489156729356,41450
"(0.9280459216361852, 0.9958292603453894)",1,98.89484336666683,41451
"(0.9916339869281046, 0.9958292603453894)",1,98.89475468103036,41452
"(0.8633762288330498, 1.0)",1,98.89467063996804,41453
"(0.861111111111111, 1.0)",4,98.89457463737266,41457
"(0.6575398846941737, 1.0)",1,98.89452987343722,41458
"(0.8976982097186702, 1.0)",1,98.89431676731284,41459
"(0.5170126379596272, 1.0)",1,98.894276682855,41460
"(0.9299160159815896, 1.0)",2,98.8941808428982,41462
"(0.9333333333333332, 1.0)",1,98.8941117080353,41463
"(0.893146638589877, 1.0)",1,98.89393230103772,41464
"(0.9669795885118464, 0.9958292603453894)",1,98.89387680217357,41465
"(0.93773047895128, 0.9958292603453894)",1,98.89380469325523,41466
"(0.9665831244778612, 1.0)",1,98.8936483179365,41467
"(0.8547756205106323, 1.0)",1,98.8935796670924,41468
"(0.9384174012481092, 0.9916585206907788)",1,98.89355679540994,41469
"(0.8760238095238095, 0.9958292603453894)",1,98.89351841169416,41470
"(0.971023600055858, 0.9958292603453894)",1,98.89350705820144,41471
"(0.8471527473990528, 1.0)",1,98.893447199949,41472
"(0.901575014782562, 1.0)",2,98.89342715267117,41474
"(0.9369138996969484, 0.9958292603453894)",1,98.89320410244022,41475
"(0.9583930063253372, 1.0)",1,98.8931931888271,41476
"(0.8151249335459861, 1.0)",1,98.89314739946744,41477
"(0.9034438470728792, 0.9958292603453894)",1,98.89313984492198,41478
"(0.8900605062175889, 0.9958292603453894)",1,98.8929491885595,41479
"(0.8867361313822293, 0.9958292603453894)",1,98.89287779552458,41480
"(0.9206165335472736, 0.9958292603453894)",2,98.89287503221064,41482
"(0.944073617452092, 1.0)",1,98.89273796233014,41483
"(0.97495917428555, 0.9958292603453894)",1,98.89272172441768,41484
"(0.5131569832583307, 1.0)",1,98.8926749059216,41485
"(0.7090909090909091, 1.0)",1,98.89265414266478,41486
"(0.9166145507608924, 1.0)",1,98.8925535935646,41487
"(0.9206165335472736, 0.9958292603453894)",1,98.89253318055526,41488
"(0.9707136080238548, 0.9958292603453894)",1,98.89241343456732,41489
"(0.9003556829643787, 1.0)",1,98.89237063800888,41490
"(0.9008627640703112, 1.0)",1,98.89231301664384,41491
"(0.4039045743444857, 1.0)",1,98.89227877732588,41492
"(1.0, 1.0)",1,98.89224636966895,41493
"(0.4747763864042934, 1.0)",1,98.89218916666393,41494
"(0.5665422026431718, 1.0)",1,98.89218005082614,41495
"(0.94291309888229, 0.991206314397104)",1,98.89214889123816,41496
"(0.97899550533801, 0.9958292603453894)",1,98.89213074155448,41497
"(0.8796475392220073, 1.0)",1,98.89206970651898,41498
"(0.7802197802197803, 1.0)",1,98.8920462413547,41499
"(0.7090909090909091, 1.0)",1,98.89203802891468,41500
"(0.8266173510466989, 1.0)",1,98.89203574098973,41501
"(0.91326516498939, 0.9958292603453894)",1,98.89203501014087,41502
"(0.9665831244778612, 1.0)",1,98.8920032927358,41503
"(0.947552083649559, 0.9958292603453894)",1,98.89195679859358,41504
"(0.4039045743444857, 1.0)",1,98.8919560859489,41505
"(0.8165509259259259, 1.0)",1,98.89184722612964,41506
"(0.9833229101521784, 1.0)",4,98.89173821185943,41510
"(0.9369138996969484, 0.9958292603453894)",1,98.89169561175238,41511
"(0.902012682657844, 0.9958292603453894)",1,98.89155020406292,41512
"(0.7713401051412279, 1.0)",1,98.8915014318748,41513
"(0.9131856219190184, 0.9958292603453894)",1,98.8914486050104,41514
"(0.7802197802197803, 1.0)",1,98.8913308913309,41515
"(0.9580331374974232, 1.0)",1,98.89127744417588,41516
"(0.9034438470728792, 0.9916666666666668)",1,98.89126591667122,41517
"(0.983545503234046, 1.0)",1,98.8911137645112,41518
"(0.8867361313822293, 0.9958292603453894)",1,98.89109554958158,41519
"(0.6831352928913905, 1.0)",1,98.89105243115353,41520
"(0.961552316099405, 0.9958292603453894)",1,98.89101324980228,41521
"(0.987491854024112, 0.9958292603453894)",1,98.89080305645255,41522
"(0.9533841533841534, 0.9958292603453894)",1,98.89076296131977,41523
"(0.9793622864590606, 0.9958292603453894)",1,98.89075888283682,41524
"(0.902012682657844, 0.9958292603453894)",1,98.89051151045206,41525
"(0.8762860082304527, 1.0)",2,98.89049496071485,41527
"(0.9009287520039462, 1.0)",1,98.8904506129347,41528
"(0.944563492063492, 1.0)",1,98.89032986674778,41529
"(1.0, 1.0)",1,98.89031233656964,41530
"(0.8796475392220073, 1.0)",1,98.89021379288464,41531
"(0.9198255060602112, 0.9958292603453894)",1,98.89015790971813,41532
"(0.6378166586499919, 1.0)",1,98.89010436460616,41533
"(0.8468089381754635, 1.0)",1,98.8900625705394,41534
"(0.9873891625615764, 0.9958292603453894)",1,98.89001562814867,41535
"(0.9649790647893116, 0.9958292603453894)",1,98.88981645813053,41536
"(0.970619176311776, 0.9958292603453894)",1,98.8897993121458,41537
"(0.9669795885118464, 0.9958292603453894)",1,98.88969240739898,41538
"(0.8468089381754635, 1.0)",1,98.8895685882622,41539
"(0.9584987529902784, 1.0)",1,98.88944940703176,41540
"(0.949977467563772, 0.9958292603453894)",1,98.88933309719728,41541
"(0.7119388248146047, 1.0)",1,98.88932441846217,41542
"(0.9189396095602992, 0.9916585206907788)",1,98.88927239605036,41543
"(0.9746535316523212, 0.9958292603453894)",2,98.88925040845515,41545
"(1.0, 1.0)",1,98.8891300389112,41546
"(0.962505246140658, 0.9958292603453894)",1,98.88911812507972,41547
"(0.9018806250259218, 1.0)",1,98.88903286216956,41548
"(0.7979797979797979, 1.0)",1,98.8890257218876,41549
"(0.808446455505279, 1.0)",1,98.88900914645096,41550
"(0.9833040078201368, 0.9958292603453894)",1,98.88887541850131,41551
"(0.7916666666666666, 1.0)",1,98.88886095111494,41552
"(0.7077308656256025, 1.0)",1,98.88867140905565,41553
"(0.9303715638302106, 1.0)",1,98.88863655876791,41554
"(0.902012682657844, 0.9916585206907788)",1,98.88862668666972,41555
"(0.9666562434855118, 1.0)",1,98.88859562472722,41556
"(0.9490213526488036, 0.9958292603453894)",1,98.88858915370064,41557
"(0.4943189964157706, 1.0)",1,98.88847332224628,41558
"(0.8796475392220073, 1.0)",1,98.88839601451129,41559
"(0.7416325017951034, 1.0)",1,98.88836887036014,41560
"(0.8016677935542034, 1.0)",1,98.8882788836296,41561
"(0.9198255060602112, 0.9958292603453894)",1,98.88822820829864,41562
"(0.9791258409522168, 0.9958292603453894)",1,98.8881838375324,41563
"(0.7632275132275131, 1.0)",1,98.88807442525189,41564
"(0.8016677935542034, 1.0)",2,98.88806658623484,41566
"(0.9297812306740878, 1.0)",1,98.88806145340652,41567
"(0.7278086237149632, 1.0)",1,98.88804079216273,41568
"(0.4943189964157706, 1.0)",2,98.88783636354974,41570
"(0.7362637362637362, 1.0)",4,98.8877695571291,41574
"(0.9833229101521784, 1.0)",1,98.88772876911516,41575
"(0.9501563219469168, 0.9958292603453894)",1,98.88763732912318,41576
"(0.7372334455667788, 1.0)",1,98.8876126766911,41577
"(0.9326599326599326, 1.0)",2,98.88748281679332,41579
"(0.9333044546043194, 0.9916666666666668)",1,98.8874774072138,41580
"(0.8468951683237397, 1.0)",1,98.8873615674719,41581
"(0.9250222656674272, 0.9958292603453894)",1,98.88730016597232,41582
"(0.9792773561037318, 1.0)",1,98.88717802268084,41583
"(0.9133907842517408, 0.9958292603453894)",1,98.8871464504041,41584
"(0.8158879904162925, 1.0)",1,98.88692561494054,41585
"(0.7371074312749817, 1.0)",6,98.88677300122085,41591
"(0.8349489264123411, 1.0)",1,98.88670805372132,41592
"(0.9622634791942192, 0.9958292603453894)",1,98.88665548820236,41593
"(0.9833040078201368, 0.9958292603453894)",1,98.88643649698258,41594
"(0.97934925289764, 0.9958292603453894)",2,98.88641113844136,41596
"(0.6815232656375146, 1.0)",1,98.8863846223598,41597
"(0.9331094582012576, 1.0)",1,98.88619293900756,41598
"(0.9876221896383188, 0.9958292603453894)",1,98.88618063306411,41599
"(0.9748076591340348, 1.0)",1,98.88612699426196,41600
"(0.9958292603453894, 0.9958292603453894)",1,98.88609375300956,41601
"(1.0, 0.9958292603453894)",1,98.88600816447904,41602
"(0.8814814814814814, 1.0)",1,98.88595706328417,41603
"(0.9750943974852894, 0.9958292603453894)",1,98.88577561672136,41604
"(0.8552744708994707, 1.0)",1,98.88576354264526,41605
"(0.9874762808349148, 0.9958292603453894)",1,98.88570915779395,41606
"(0.8840048840048841, 0.9833229101521784)",1,98.88557488306552,41607
"(0.8016677935542034, 1.0)",1,98.88555724081886,41608
"(0.861111111111111, 1.0)",1,98.88553768534514,41609
"(0.7183489076634237, 1.0)",1,98.8855311557308,41610
"(0.9280459216361852, 0.9958292603453894)",2,98.8855276473002,41612
"(0.979055829228243, 0.9958292603453894)",1,98.88551762576444,41613
"(0.7090909090909091, 1.0)",1,98.88549599262052,41614
"(0.7183489076634237, 1.0)",1,98.8854728186995,41615
"(0.8329156223893065, 1.0)",1,98.88546428890552,41616
"(0.8495378883833893, 0.9958292603453894)",1,98.8853726209706,41617
"(0.9833229101521784, 1.0)",1,98.88534065051957,41618
"(0.9303715638302106, 1.0)",1,98.88532060642912,41619
"(0.9746535316523212, 0.9958292603453894)",1,98.88521313807318,41620
"(0.93773047895128, 0.9916585206907788)",1,98.88520729737864,41621
"(0.9833211143695014, 0.9958292603453894)",2,98.88518523884905,41623
"(1.0, 1.0)",1,98.88517979670092,41624
"(0.9126251340467026, 0.9958292603453894)",1,98.88502775483134,41625
"(0.9326599326599326, 1.0)",1,98.8850256012039,41626
"(0.9333044546043194, 0.9958292603453894)",1,98.88493459939396,41627
"(0.7183489076634237, 1.0)",1,98.88483443563436,41628
"(0.7880931329207191, 1.0)",1,98.88483020381688,41629
"(0.8885714285714285, 1.0)",1,98.88478761051746,41630
"(0.9791102677630192, 0.9958292603453894)",1,98.88461559027704,41631
"(0.8468951683237397, 1.0)",2,98.88454052408964,41633
"(0.9228120179844318, 0.9916339869281046)",1,98.88447121566377,41634
"(0.786508365740383, 1.0)",1,98.88446315666528,41635
"(0.8065954953750508, 1.0)",1,98.8844540691005,41636
"(0.9157169990503324, 1.0)",1,98.88442586524428,41637
"(0.8443691323092412, 0.9958292603453894)",1,98.88440478593614,41638
"(0.8365328658269835, 0.9958292603453894)",1,98.88438043726364,41639
"(0.7601164382773579, 0.9833229101521784)",1,98.88437593321184,41640
"(0.7083333333333334, 1.0)",1,98.88436098401536,41641
"(0.9153439153439152, 1.0)",2,98.88401823581243,41643
"(0.8425483191745751, 1.0)",1,98.88383387568018,41644
"(0.9452448267044004, 0.9958292603453894)",1,98.88381592861931,41645
"(0.7903875985986362, 1.0)",1,98.8837808465478,41646
"(0.9169719169719168, 1.0)",1,98.88376758513968,41647
"(0.9008627640703112, 1.0)",1,98.88371969150484,41648
"(0.920238255356524, 0.987463247273494)",1,98.88370913860328,41649
"(0.9833229101521784, 1.0)",1,98.88360929897578,41650
"(0.8312205288949474, 1.0)",1,98.88354382667768,41651
"(0.727840909090909, 1.0)",1,98.88353550946384,41652
"(0.8552744708994707, 1.0)",1,98.88347357710953,41653
"(0.9669558693467613, 0.9958292603453894)",1,98.88346404538008,41654
"(0.8468089381754635, 1.0)",1,98.88339593559192,41655
"(0.9369138996969484, 0.9916585206907788)",1,98.88333269183929,41656
"(0.9916585206907788, 0.9958292603453894)",1,98.88328366023586,41657
"(0.6886904761904762, 1.0)",2,98.8832488838318,41659
"(0.9198255060602112, 0.9958292603453894)",1,98.88320201438164,41660
"(0.4776542240827955, 1.0)",1,98.8831887533764,41661
"(0.9166145507608924, 1.0)",1,98.88310695515857,41662
"(0.8564088034923205, 0.9958292603453894)",1,98.88306574459963,41663
"(0.9793622864590606, 0.9958292603453894)",1,98.88300750760445,41664
"(0.7601281633539698, 1.0)",1,98.88298731640178,41665
"(0.9369138996969484, 0.9958292603453894)",1,98.88297769037013,41666
"(0.6886904761904762, 1.0)",1,98.8829707765788,41667
"(0.9034438470728792, 0.9958292603453894)",1,98.88290871342336,41668
"(0.8997493734335841, 1.0)",1,98.88287311050694,41669
"(0.8885714285714285, 1.0)",1,98.88277165061646,41670
"(0.917415489944373, 0.9833229101521784)",2,98.88268278133047,41672
"(0.9499687304565352, 1.0)",1,98.88265582655822,41673
"(1.0, 1.0)",1,98.8825193290707,41674
"(0.9497171590194846, 1.0)",1,98.88251562169016,41675
"(0.8222222222222222, 1.0)",2,98.8824074074074,41677
"(0.8491918316699293, 1.0)",1,98.88238769457294,41678
"(0.97495917428555, 0.9958292603453894)",1,98.88233728862292,41679
"(0.8552744708994707, 1.0)",1,98.8822460048368,41680
"(0.944073617452092, 1.0)",1,98.88224544457792,41681
"(0.8016677935542034, 1.0)",1,98.88204880564253,41682
"(0.6042502004811546, 1.0)",1,98.88200361569984,41683
"(0.987463247273494, 0.9958292603453894)",1,98.88197864317772,41684
"(0.979055829228243, 0.9958292603453894)",1,98.88191367279212,41685
"(0.7294281157362763, 1.0)",2,98.88186517613764,41687
"(0.7204751921733054, 1.0)",2,98.8818109969403,41689
"(0.757745166550198, 1.0)",1,98.88178767491274,41690
"(0.9832965806068272, 0.9916666666666668)",1,98.88178458769386,41691
"(0.9497171590194846, 1.0)",1,98.88171417434984,41692
"(0.9497171590194846, 1.0)",4,98.88165463806652,41696
"(0.8316498316498316, 1.0)",1,98.88165261166482,41697
"(1.0, 1.0)",1,98.8816226778104,41698
"(0.9126251340467026, 0.9916666666666668)",1,98.88148756932236,41699
"(0.9157097551404952, 0.9916585206907788)",1,98.8813677944507,41700
"(0.9167853751187084, 1.0)",1,98.88136103956715,41701
"(0.9126251340467026, 0.9916585206907788)",1,98.88135755004228,41702
"(0.93773047895128, 0.9916585206907788)",1,98.88128324443,41703
"(0.9833229101521784, 1.0)",1,98.88127801845512,41704
"(0.93773047895128, 0.9916585206907788)",1,98.88113862380088,41705
"(0.6825396825396824, 1.0)",1,98.88109609783491,41706
"(0.9161952650324744, 1.0)",2,98.88105582167736,41708
"(1.0, 1.0)",1,98.8810500693056,41709
"(0.9609386607489072, 0.9958292603453894)",1,98.88101779605904,41710
"(0.7090909090909091, 1.0)",1,98.88094761607016,41711
"(0.9034438470728792, 0.9916585206907788)",2,98.88091655992594,41713
"(0.9583930063253372, 1.0)",2,98.88090394806142,41715
"(0.9490213526488036, 0.9916585206907788)",1,98.88087445195114,41716
"(0.9750481776288228, 0.9958292603453894)",1,98.88084226954996,41717
"(0.9034438470728792, 0.9958292603453894)",1,98.88079106444494,41718
"(0.8495378883833893, 0.9958292603453894)",1,98.88066467653746,41719
"(0.9583930063253372, 1.0)",1,98.88057216829034,41720
"(0.8425483191745751, 1.0)",2,98.88052848217126,41722
"(0.9665831244778612, 1.0)",1,98.88041725877352,41723
"(0.6544644252235129, 1.0)",2,98.88031609261463,41725
"(0.8319340617212959, 1.0)",1,98.88026608544756,41726
"(0.987463247273494, 0.9958292603453894)",2,98.88020620146008,41728
"(0.8970129352925051, 0.9916339869281046)",1,98.88015999913856,41729
"(0.9384174012481092, 0.9958292603453894)",1,98.8801578267858,41730
"(0.930124456440246, 1.0)",2,98.87984025533306,41732
"(0.9792766373411534, 0.9958292603453894)",1,98.87981114762243,41733
"(0.8476190476190477, 1.0)",1,98.87970641188932,41734
"(0.6591395909303083, 0.9996210215628012)",1,98.87966031923976,41735
"(0.8365328658269835, 0.9958292603453894)",1,98.87955838064038,41736
"(0.9835547122074636, 0.9958292603453894)",1,98.87954383837204,41737
"(0.962505246140658, 0.9958292603453894)",2,98.87942731620488,41739
"(0.8312205288949474, 1.0)",1,98.87940467615266,41740
"(0.9916339869281046, 0.9958292603453894)",2,98.8793671725619,41742
"(0.9189396095602992, 0.9958292603453894)",1,98.87933170367036,41743
"(1.0, 1.0)",2,98.87926971319963,41745
"(0.9326599326599326, 1.0)",1,98.8792579373676,41746
"(0.9666562434855118, 1.0)",1,98.87922753596244,41747
"(0.8128971639097002, 1.0)",1,98.87920160923332,41748
"(0.7802197802197803, 1.0)",1,98.87914089553432,41749
"(0.8468951683237397, 1.0)",1,98.87908014068378,41750
"(0.8633762288330498, 1.0)",1,98.87900778740732,41751
"(0.8600291387756281, 0.9958292603453894)",1,98.87897775700375,41752
"(0.9490213526488036, 0.9958292603453894)",1,98.87880823478658,41753
"(0.934122934122934, 1.0)",1,98.8787810017522,41754
"(0.617513611615245, 1.0)",1,98.87848266359012,41755
"(0.8467532467532467, 1.0)",1,98.87845682323804,41756
"(0.8796475392220073, 1.0)",1,98.87844483052756,41757
"(0.7513013302486987, 1.0)",1,98.87841362149032,41758
"(0.8420013166556946, 1.0)",1,98.8783760013641,41759
"(0.94291309888229, 0.991206314397104)",1,98.87834967666114,41760
"(0.9916585206907788, 0.9958292603453894)",1,98.87829797058046,41761
"(0.7532376017916352, 1.0)",1,98.87827316982852,41762
"(0.5131569832583307, 1.0)",1,98.87816660183886,41763
"(0.8908679049871878, 0.9958292603453894)",1,98.87801165258938,41764
"(0.97495917428555, 0.9958292603453894)",1,98.8779890276845,41765
"(0.8976982097186702, 0.9833229101521784)",1,98.87797081592204,41766
"(0.9622634791942192, 0.9958292603453894)",1,98.87794897147636,41767
"(0.6544644252235129, 1.0)",1,98.87793951706436,41768
"(0.9454999712494968, 0.9958292603453894)",1,98.87791394935284,41769
"(0.7545469576719577, 1.0)",1,98.87776125153913,41770
"(0.8762860082304527, 1.0)",1,98.8777488664115,41771
"(0.8848000715856217, 1.0)",1,98.87771964962047,41772
"(0.9490213526488036, 0.9958292603453894)",1,98.87770258569032,41773
"(0.9496114574862204, 0.9916339869281046)",1,98.87760469860405,41774
"(0.7713401051412279, 1.0)",1,98.87758249129698,41775
"(0.9280317595086728, 0.9958292603453894)",1,98.87757543432087,41776
"(0.9833211143695014, 1.0)",1,98.87755692433292,41777
"(0.9874762808349148, 0.9958292603453894)",1,98.8774826227369,41778
"(0.8916052423523688, 0.9958292603453894)",1,98.87734516902492,41779
"(0.9665831244778612, 1.0)",1,98.87731745725756,41780
"(0.9333333333333332, 1.0)",1,98.87698588807623,41781
"(0.8449978636391381, 1.0)",1,98.87675766605685,41782
"(0.917415489944373, 0.9833229101521784)",1,98.87674476791416,41783
"(0.8468089381754635, 1.0)",1,98.87661982858285,41784
"(0.9377148530109056, 0.991206314397104)",1,98.87660997883162,41785
"(0.8676532769556025, 1.0)",1,98.87654697295802,41786
"(0.9326599326599326, 1.0)",1,98.87651653936932,41787
"(0.917469251615593, 1.0)",1,98.87643644745832,41788
"(0.6636745887678723, 1.0)",1,98.8763886298811,41789
"(0.9874877810361682, 0.9958292603453894)",1,98.87634707992606,41790
"(0.8483418730488175, 0.9958292603453894)",1,98.87633877985094,41791
"(0.9958292603453894, 0.9958292603453894)",1,98.8763192994478,41792
"(0.7323849002849002, 0.9988619159967322)",1,98.87629484567807,41793
"(0.8907966222338917, 0.9958292603453894)",1,98.87616852263452,41794
"(0.8016677935542034, 1.0)",1,98.87612666801309,41795
"(0.972281746031746, 1.0)",1,98.87611249516696,41796
"(0.6747507742934573, 1.0)",1,98.87607818670956,41797
"(0.7647742788871822, 1.0)",2,98.87605126265606,41799
"(0.7069597069597069, 1.0)",1,98.87588472954326,41800
"(0.738145558145558, 1.0)",1,98.87581430907396,41801
"(0.987491854024112, 0.9958292603453894)",1,98.87573123207268,41802
"(1.0, 1.0)",1,98.87570013063788,41803
"(0.9131856219190184, 0.9958292603453894)",1,98.87567233964884,41804
"(0.9873444118605408, 0.9958292603453894)",1,98.87562376895382,41805
"(0.4776877676981033, 1.0)",3,98.87551735447686,41808
"(0.808446455505279, 1.0)",1,98.87546402881296,41809
"(0.9749706744868036, 0.9958292603453894)",1,98.87537674649838,41810
"(0.8651903651903651, 1.0)",1,98.87536113930403,41811
"(0.975195619792394, 0.9958292603453894)",1,98.87535431120624,41812
"(0.7965746171391332, 1.0)",1,98.8752758098901,41813
"(0.8316498316498316, 1.0)",1,98.87526558104616,41814
"(0.9268079211169572, 0.9958292603453894)",1,98.87516645859225,41815
"(0.9086695042340204, 0.9958292603453894)",1,98.87506254456495,41816
"(0.9665831244778612, 1.0)",1,98.87499895823028,41817
"(0.5981266189834885, 0.9992416608232524)",1,98.87487099389276,41818
"(0.8586166985951469, 1.0)",1,98.874760056472,41819
"(0.861111111111111, 1.0)",2,98.87467436694033,41821
"(0.7601164382773579, 1.0)",1,98.87458323900862,41822
"(0.9018806250259218, 1.0)",1,98.87455857055517,41823
"(0.7601164382773579, 0.9665831244778612)",1,98.87453631276536,41824
"(0.4039045743444857, 1.0)",1,98.8742966967607,41825
"(0.8158879904162925, 1.0)",1,98.87419049409472,41826
"(0.9365496267832196, 0.9958292603453894)",1,98.87417472759964,41827
"(0.8467532467532467, 1.0)",1,98.8741646413617,41828
"(0.6877902557095289, 0.9992416608232524)",1,98.87411319559864,41829
"(0.776488287126585, 1.0)",1,98.87407128464068,41830
"(0.7946380416968652, 0.9958292603453894)",1,98.8740448525565,41831
"(0.5836449308405534, 1.0)",1,98.87403369714148,41832
"(0.9157097551404952, 0.9958292603453894)",1,98.8738095424222,41833
"(0.7294281157362763, 1.0)",1,98.8738079359602,41834
"(0.9442283950617284, 1.0)",2,98.87361285348422,41836
"(0.9419962019593964, 0.9958292603453894)",1,98.8735189177954,41837
"(0.8760238095238095, 0.9958292603453894)",1,98.87340808354166,41838
"(0.970619176311776, 0.9958292603453894)",1,98.87340666308428,41839
"(0.8958208965097509, 0.9916585206907788)",1,98.87322596062168,41840
"(0.9009534009534008, 1.0)",1,98.87314882734682,41841
"(1.0, 1.0)",1,98.873075693297,41842
"(0.9873444118605408, 0.9958292603453894)",1,98.87303529971808,41843
"(0.9182966261114094, 0.9958292603453894)",1,98.87298912070295,41844
"(0.944563492063492, 1.0)",1,98.8729889647402,41845
"(0.8101143854687974, 1.0)",1,98.87298802442436,41846
"(0.9580331374974232, 1.0)",1,98.87298267960446,41847
"(0.7601164382773579, 1.0)",1,98.8728304533404,41848
"(0.9008627640703112, 1.0)",1,98.87281570254798,41849
"(0.8099445157447847, 0.9996210215628012)",1,98.8726811032589,41850
"(0.8193928901539049, 1.0)",1,98.87266343649586,41851
"(0.987463247273494, 0.9958292603453894)",1,98.8725394671042,41852
"(0.9499687304565352, 1.0)",1,98.87250228001092,41853
"(0.8586166985951469, 1.0)",1,98.87250016172388,41854
"(0.9157097551404952, 0.9916585206907788)",1,98.87244893356944,41855
"(0.7511111111111111, 1.0)",1,98.872288693952,41856
"(0.7647742788871822, 1.0)",1,98.87224640821228,41857
"(0.5555555555555555, 0.9833229101521784)",1,98.87217220214208,41858
"(0.9295946890286512, 1.0)",1,98.87215455948636,41859
"(0.9250222656674272, 0.9916585206907788)",1,98.87213020415976,41860
"(0.8158879904162925, 1.0)",1,98.87199409283257,41861
"(0.8158879904162925, 1.0)",1,98.87192165143584,41862
"(1.0, 1.0)",1,98.8718576960145,41863
"(0.9008627640703112, 1.0)",1,98.87181254973648,41864
"(0.8840048840048841, 1.0)",1,98.87179558018585,41865
"(0.9, 1.0)",1,98.8717301853628,41866
"(0.9504245882013664, 0.9958292603453894)",1,98.87169660437915,41867
"(0.9609386607489072, 0.9958292603453894)",1,98.87163038335127,41868
"(0.9720813204508856, 1.0)",1,98.87156015242644,41869
"(0.7944219523166891, 1.0)",2,98.8715099873014,41871
"(0.6575398846941737, 1.0)",1,98.87142458825052,41872
"(0.9369808292429718, 0.9958292603453894)",1,98.87141812721926,41873
"(0.9126251340467026, 0.9916585206907788)",1,98.8713809210601,41874
"(0.6698155645524068, 1.0)",1,98.8713547660916,41875
"(0.6872735507246376, 1.0)",3,98.87132770989284,41878
"(0.917655049465296, 0.9958292603453894)",1,98.87131754331318,41879
"(0.8443691323092412, 0.9958292603453894)",1,98.87121349989982,41880
"(0.808446455505279, 1.0)",1,98.87112195624512,41881
"(1.0, 1.0)",2,98.87103046242868,41883
"(0.9369808292429718, 0.9958292603453894)",1,98.87099664426238,41884
"(0.94291309888229, 0.991206314397104)",1,98.8709903641628,41885
"(0.8885714285714285, 1.0)",1,98.8709186126259,41886
"(0.9228120179844318, 0.9958292603453894)",2,98.87074679435304,41888
"(0.8420013166556946, 1.0)",1,98.8707191629836,41889
"(0.9291343771135042, 0.9958292603453894)",1,98.87067984359192,41890
"(0.6698155645524068, 1.0)",1,98.87063844982404,41891
"(0.93773047895128, 0.9958292603453894)",1,98.87049749451916,41892
"(0.9504245882013664, 0.9874877810361682)",1,98.87046934213367,41893
"(0.7994987468671678, 1.0)",2,98.87037924139445,41895
"(0.816195709052852, 1.0)",1,98.87030525705735,41896
"(0.94291309888229, 0.991206314397104)",1,98.87026911132376,41897
"(0.94291309888229, 0.991206314397104)",1,98.8702021614222,41898
"(0.9041196741854636, 0.991206314397104)",1,98.87014874649168,41899
"(0.94291309888229, 0.991206314397104)",1,98.87013056809607,41900
"(0.826388888888889, 1.0)",1,98.8701300299382,41901
"(1.0, 0.9665831244778612)",2,98.87011437928273,41903
"(0.939906877971394, 0.9958292603453894)",1,98.86996142005134,41904
"(0.8431623931623932, 1.0)",1,98.8699204418111,41905
"(0.9833040078201368, 0.9958292603453894)",1,98.86979553863353,41906
"(0.837707400507675, 1.0)",2,98.869792962005,41908
"(0.8633762288330498, 1.0)",1,98.86974790919602,41909
"(0.9166145507608924, 1.0)",1,98.8697269785277,41910
"(0.7000013129045387, 1.0)",1,98.8694785984356,41911
"(0.7470459434759006, 0.9996210215628012)",1,98.86945242061586,41912
"(0.9833229101521784, 1.0)",1,98.869343429513,41913
"(0.9665831244778612, 1.0)",2,98.86934115117676,41915
"(0.9533841533841534, 0.9958292603453894)",1,98.86931205958987,41916
"(0.73687720936437, 1.0)",1,98.86928804580542,41917
"(0.9035493827160492, 0.9958292603453894)",1,98.8690758935435,41918
"(0.8040695048423352, 1.0)",1,98.86901253672134,41919
"(0.776488287126585, 1.0)",1,98.8689918069916,41920
"(0.9198255060602112, 0.9958292603453894)",1,98.8689651892702,41921
"(0.9182966261114094, 0.9958292603453894)",2,98.86890628894798,41923
"(1.0, 1.0)",1,98.8689023339027,41924
"(0.8887202421952387, 1.0)",1,98.86890085969884,41925
"(0.917655049465296, 0.9916585206907788)",1,98.86889373320211,41926
"(0.8483418730488175, 0.9958292603453894)",1,98.86877553739578,41927
"(0.8420013166556946, 1.0)",1,98.86871613795796,41928
"(0.8813080639167598, 1.0)",1,98.86870568423484,41929
"(0.7479743867590829, 1.0)",1,98.86864486212174,41930
"(0.902012682657844, 0.9916666666666668)",1,98.86862567626623,41931
"(0.9057330122004186, 0.991206314397104)",1,98.8685587095208,41932
"(0.8796475392220073, 1.0)",1,98.86854171387576,41933
"(0.8315474711586087, 0.9958292603453894)",1,98.8683451780216,41934
"(1.0, 1.0)",1,98.86832679515608,41935
"(0.930124456440246, 1.0)",1,98.86829670118324,41936
"(0.8885714285714285, 1.0)",1,98.86818296915143,41937
"(0.9161952650324744, 1.0)",1,98.86814448689688,41938
"(0.6042502004811546, 1.0)",1,98.8679180262883,41939
"(0.7060994560994561, 1.0)",1,98.8677817360516,41940
"(0.971023600055858, 0.9958292603453894)",1,98.86776362808702,41941
"(0.9714797495442656, 0.9958292603453894)",1,98.8677097869748,41942
"(0.8867361313822293, 0.9958292603453894)",1,98.86766722662756,41943
"(0.861111111111111, 1.0)",1,98.86751182711636,41944
"(0.7903875985986362, 1.0)",1,98.86745551824778,41945
"(0.9791348015256934, 0.9958292603453894)",1,98.86744688027149,41946
"(0.917655049465296, 0.9958292603453894)",1,98.8674449959184,41947
"(0.9008025849489264, 1.0)",1,98.86740493873675,41948
"(0.8329050741331443, 1.0)",1,98.867401244837,41949
"(0.7371074312749817, 1.0)",1,98.86732451073117,41950
"(0.8996392387758612, 0.9958292603453894)",1,98.86730214819818,41951
"(0.9008025849489264, 1.0)",1,98.8671494511743,41952
"(0.4747763864042934, 1.0)",1,98.86714833098225,41953
"(0.7820160586118033, 1.0)",1,98.86699033843678,41954
"(0.9916666666666668, 0.9958292603453894)",1,98.8669209406352,41955
"(0.7965746171391332, 1.0)",1,98.86676799598422,41956
"(0.8222222222222222, 1.0)",1,98.86675148480224,41957
"(0.9499687304565352, 1.0)",2,98.86673218380534,41959
"(0.8908679049871878, 0.9958292603453894)",1,98.8666357956934,41960
"(0.8222222222222222, 1.0)",4,98.86659519342446,41964
"(0.9384174012481092, 0.9958292603453894)",1,98.86655462304654,41965
"(0.8974984433303618, 0.9916339869281046)",1,98.86650968805068,41966
"(0.8315474711586087, 0.9958292603453894)",2,98.86650314974578,41968
"(0.8867361313822293, 0.9958292603453894)",1,98.8664663993228,41969
"(0.8483418730488175, 0.9958292603453894)",1,98.86641664738342,41970
"(0.9874762808349148, 0.9958292603453894)",1,98.8663967952012,41971
"(0.902012682657844, 0.9958292603453894)",1,98.86634811524048,41972
"(0.4943189964157706, 1.0)",1,98.86626172036524,41973
"(0.8101143854687974, 1.0)",1,98.8662431169159,41974
"(0.9665755481078062, 1.0)",1,98.86622472988164,41975
"(0.9300671002153482, 1.0)",1,98.8661971948438,41976
"(0.861111111111111, 1.0)",1,98.86617217857292,41977
"(0.8600291387756281, 0.9958292603453894)",1,98.86614875837364,41978
"(0.9166145507608924, 1.0)",2,98.86613421704595,41980
"(0.5131569832583307, 1.0)",1,98.86610588991697,41981
"(0.979051756240299, 0.9958292603453894)",1,98.86604712115884,41982
"(0.9412964149491664, 0.9916339869281046)",1,98.86596772873642,41983
"(1.0, 0.9833229101521784)",1,98.86595789034814,41984
"(0.861111111111111, 1.0)",1,98.8659467502132,41985
"(0.799275702501509, 1.0)",1,98.86577622894512,41986
"(0.8432903075760217, 1.0)",1,98.86577565863703,41987
"(0.5555555555555555, 1.0)",1,98.86572932331484,41988
"(0.8929015655249481, 0.9958292603453894)",2,98.86568624703968,41990
"(0.7042648709315374, 1.0)",1,98.8656133558038,41991
"(0.9153439153439152, 1.0)",3,98.86558944985366,41994
"(0.8796475392220073, 1.0)",1,98.8655119951788,41995
"(0.9490213526488036, 0.9958292603453894)",1,98.86546952314632,41996
"(0.8796475392220073, 1.0)",1,98.86540558382052,41997
"(0.8347775825943863, 0.9958292603453894)",1,98.86520844380654,41998
"(0.8840455840455841, 1.0)",1,98.86520521961698,41999
"(0.8976982097186702, 1.0)",1,98.86518005938312,42000
"(1.0, 1.0)",1,98.8651522401112,42001
"(0.6907243513029603, 1.0)",1,98.86511891511988,42002
"(0.8848000715856217, 1.0)",1,98.86504188116744,42003
"(0.4039045743444857, 1.0)",1,98.86503147083998,42004
"(0.9873891625615764, 0.9958292603453894)",1,98.86500286872035,42005
"(0.8349489264123411, 1.0)",1,98.86497353817263,42006
"(0.6703030303030302, 1.0)",1,98.86496152076772,42007
"(0.8907966222338917, 0.9958292603453894)",1,98.8649414418252,42008
"(0.9189396095602992, 0.9916585206907788)",1,98.86493041557836,42009
"(0.8867361313822293, 0.9916585206907788)",1,98.86490815828924,42010
"(0.9279680209218476, 0.9958292603453894)",1,98.86481350990326,42011
"(0.9833229101521784, 1.0)",4,98.86473166762084,42015
"(0.5070372093557577, 1.0)",1,98.86466531990644,42016
"(0.983305541180304, 0.9958292603453894)",1,98.864652601053,42017
"(0.9916585206907788, 0.9958292603453894)",1,98.86463649938835,42018
"(0.9832965806068272, 0.9958292603453894)",1,98.8646053912472,42019
"(0.9791348015256934, 0.9958292603453894)",1,98.86456883797948,42020
"(0.8867361313822293, 0.9916666666666668)",1,98.8645341541385,42021
"(0.5910680656443368, 1.0)",1,98.86452481680055,42022
"(0.987491854024112, 1.0)",1,98.86445374382906,42023
"(0.6698155645524068, 1.0)",1,98.86439985462488,42024
"(0.6378166586499919, 1.0)",1,98.8643521958614,42025
"(0.8315474711586087, 0.9958292603453894)",1,98.86434168736524,42026
"(0.9, 1.0)",1,98.86433892647266,42027
"(0.844988344988345, 1.0)",1,98.86429522154204,42028
"(0.9834358767945106, 0.9958292603453894)",1,98.86428244810594,42029
"(0.9326599326599326, 0.9833229101521784)",2,98.86427883531802,42031
"(0.9206165335472736, 0.9916585206907788)",1,98.86426003670408,42032
"(0.8796475392220073, 1.0)",1,98.8642058830816,42033
"(0.9166145507608924, 1.0)",1,98.86418548259704,42034
"(0.9916666666666668, 0.9958292603453894)",1,98.86415074752524,42035
"(0.9034438470728792, 0.9958292603453894)",1,98.86413578764474,42036
"(0.9791348015256934, 0.9958292603453894)",1,98.86378728465802,42037
"(0.861111111111111, 1.0)",2,98.86374818452278,42039
"(0.9916585206907788, 0.9958292603453894)",1,98.8637192165129,42040
"(0.4039045743444857, 1.0)",1,98.86368526632612,42041
"(0.987491854024112, 0.9958292603453894)",1,98.86361672027152,42042
"(0.5981266189834885, 0.9992416608232524)",1,98.86351667823192,42043
"(0.9333044546043194, 0.9958292603453894)",1,98.8634958982694,42044
"(0.7574146783449108, 1.0)",1,98.863481234939,42045
"(0.7903875985986362, 1.0)",1,98.8632549289678,42046
"(0.9792766373411534, 0.9916585206907788)",1,98.86323916463876,42047
"(0.930124456440246, 1.0)",1,98.86316009863248,42048
"(0.8040695048423352, 1.0)",1,98.86313037399118,42049
"(0.8471527473990528, 1.0)",2,98.86311030484136,42051
"(0.812557599070401, 1.0)",2,98.86310252208514,42053
"(0.93773047895128, 0.9958292603453894)",1,98.86306006039683,42054
"(0.9164652836623464, 1.0)",1,98.86305333915212,42055
"(0.9707136080238548, 0.9958292603453894)",2,98.86302908740016,42057
"(0.5555555555555555, 1.0)",2,98.8629704493742,42059
"(0.6238244514106583, 1.0)",1,98.862948253987,42060
"(0.8635976129582268, 1.0)",1,98.86287954506416,42061
"(0.9192093318943212, 1.0)",1,98.86282247396484,42062
"(0.9833040078201368, 0.9958292603453894)",1,98.86271781890936,42063
"(0.8942622047218923, 0.9916339869281046)",1,98.8626509742762,42064
"(0.8443691323092412, 0.9916666666666668)",1,98.86261813592644,42065
"(0.617513611615245, 1.0)",1,98.86257562710011,42066
"(0.7802197802197803, 1.0)",1,98.8625590429628,42067
"(0.8420013166556947, 1.0)",2,98.86244046485902,42069
"(0.9625114955760116, 0.9958292603453894)",1,98.86240022712929,42070
"(0.4039045743444857, 1.0)",2,98.86236835734772,42072
"(0.7077308656256025, 1.0)",1,98.862245016352,42073
"(0.7802197802197803, 1.0)",1,98.86218958159672,42074
"(0.931200007971039, 0.9916339869281046)",1,98.86215239157742,42075
"(0.9027777777777778, 1.0)",1,98.8620838471602,42076
"(0.944073617452092, 1.0)",1,98.8620356153245,42077
"(0.9126251340467026, 0.9958292603453894)",1,98.86197671557056,42078
"(0.9332172991312776, 0.9958292603453894)",1,98.8618904633241,42079
"(0.4747763864042934, 1.0)",1,98.86183280414886,42080
"(0.8294970161977834, 1.0)",1,98.86175454088485,42081
"(0.8533622685185187, 1.0)",1,98.86160121295067,42082
"(0.931200007971039, 0.9916339869281046)",1,98.86155784594376,42083
"(0.4039045743444857, 1.0)",1,98.86153898796628,42084
"(0.917655049465296, 0.9958292603453894)",1,98.8614837450025,42085
"(0.9833229101521784, 1.0)",1,98.86143978531209,42086
"(0.9665831244778612, 1.0)",1,98.861359111393,42087
"(0.8916052423523688, 0.9916339869281046)",2,98.8613305986904,42089
"(0.7656073923822403, 1.0)",2,98.86132648810133,42091
"(0.9034438470728792, 0.9958292603453894)",1,98.8612766056676,42092
"(0.8997493734335841, 1.0)",1,98.8612624406542,42093
"(0.9829909379735984, 0.9958292603453894)",2,98.86114185135813,42095
"(0.8786901405005916, 0.9958292603453894)",1,98.8611052341267,42096
"(0.933249791144528, 1.0)",1,98.86104531490768,42097
"(0.9332172991312776, 0.9958292603453894)",2,98.86101287541833,42099
"(0.9916585206907788, 0.9958292603453894)",2,98.86091791058077,42101
"(0.958095238095238, 0.9916666666666668)",1,98.860811591164,42102
"(0.6179693015417549, 1.0)",1,98.86081036447514,42103
"(0.975195619792394, 0.9958292603453894)",1,98.86080693682084,42104
"(0.9788980434141724, 0.9958292603453894)",1,98.86079424774074,42105
"(0.6215073982652175, 1.0)",1,98.86078938294564,42106
"(0.9009287520039462, 1.0)",1,98.86076469417029,42107
"(0.8468951683237397, 1.0)",1,98.86069396226468,42108
"(0.859499940327008, 0.986081059422206)",1,98.86064341106858,42109
"(0.987491854024112, 0.9958292603453894)",1,98.86059091169142,42110
"(0.8425483191745751, 1.0)",1,98.86046235865624,42111
"(1.0, 1.0)",1,98.86045332946892,42112
"(0.8760238095238095, 0.9958292603453894)",1,98.86037776884056,42113
"(0.9157097551404952, 0.9958292603453894)",1,98.86019963669708,42114
"(0.9916585206907788, 0.9958292603453894)",1,98.86013950187848,42115
"(0.9034438470728792, 0.9958292603453894)",1,98.85996504799012,42116
"(0.8016677935542034, 1.0)",2,98.85978967655534,42118
"(0.7340930674264006, 1.0)",1,98.85971554711436,42119
"(0.9347674066329982, 0.9958292603453894)",1,98.85970477726742,42120
"(0.8016677935542034, 1.0)",1,98.85968948035062,42121
"(0.816195709052852, 1.0)",1,98.8596517414102,42122
"(0.9669795885118464, 0.9958292603453894)",1,98.85958540927042,42123
"(0.9442283950617284, 1.0)",1,98.8595673590212,42124
"(0.861111111111111, 1.0)",1,98.85948294183407,42125
"(0.9874762808349148, 0.9958292603453894)",2,98.85938150004442,42127
"(0.8907966222338917, 0.9916585206907788)",1,98.85935412309595,42128
"(0.8329156223893065, 1.0)",2,98.85933350405072,42130
"(0.7090909090909091, 1.0)",1,98.85932989687804,42131
"(0.9280317595086728, 0.9958292603453894)",1,98.85926393617108,42132
"(0.8158879904162925, 1.0)",1,98.85914162278024,42133
"(0.7294281157362763, 1.0)",1,98.85910227630396,42134
"(0.8165509259259259, 1.0)",1,98.8588866042957,42135
"(0.9791388745136372, 0.9958292603453894)",1,98.85884429637863,42136
"(0.7511111111111111, 1.0)",1,98.85881387499472,42137
"(0.91326516498939, 0.9916339869281046)",1,98.85878927991205,42138
"(0.844988344988345, 1.0)",1,98.85850156955968,42139
"(0.8579868984630887, 1.0)",1,98.85839645713752,42140
"(0.9009287520039462, 1.0)",1,98.85828484080102,42141
"(0.901575014782562, 1.0)",1,98.85820288526612,42142
"(0.9874762808349148, 0.9958292603453894)",1,98.85814262309684,42143
"(0.6575398846941737, 1.0)",1,98.85808618657252,42144
"(1.0, 1.0)",1,98.85804407395416,42145
"(0.9751539794803552, 0.9958292603453894)",2,98.85800363799574,42147
"(0.8319340617212959, 0.986081059422206)",1,98.8579959704416,42148
"(0.9791258409522168, 0.9958292603453894)",1,98.85799532281789,42149
"(0.917849761232425, 1.0)",1,98.85797147887418,42150
"(0.94993894993895, 1.0)",1,98.85792429917532,42151
"(0.9832925076188832, 0.9958292603453894)",1,98.85786794976444,42152
"(0.949977467563772, 0.9958292603453894)",1,98.8576149343811,42153
"(0.8997493734335841, 1.0)",1,98.85757089262398,42154
"(0.9833229101521784, 1.0)",2,98.85756602527655,42156
"(0.9009287520039462, 1.0)",1,98.85751549263745,42157
"(0.9454999712494968, 0.9958292603453894)",1,98.85747464474326,42158
"(0.9158007932517735, 1.0)",1,98.85745333348984,42159
"(0.8432903075760217, 1.0)",3,98.85737816674312,42162
"(0.8068635828271864, 1.0)",1,98.85723302357415,42163
"(0.8760238095238095, 0.9958292603453894)",1,98.85721122636204,42164
"(0.9583930063253372, 1.0)",1,98.85712798868244,42165
"(0.8796475392220073, 1.0)",1,98.85709551727632,42166
"(1.0, 1.0)",1,98.8569424664501,42167
"(0.81893131227901, 1.0)",1,98.85670497023476,42168
"(0.9835199925522506, 0.9958292603453894)",1,98.85656999963966,42169
"(0.8471527473990528, 1.0)",1,98.856548483174,42170
"(0.9835199925522506, 0.9958292603453894)",1,98.85637830483388,42171
"(0.8880984643179766, 1.0)",1,98.85630222654795,42172
"(0.8880984643179766, 1.0)",1,98.85625228386172,42173
"(0.5070372093557577, 1.0)",3,98.85625131222588,42176
"(0.5070372093557577, 1.0)",1,98.8562149729038,42177
"(0.861111111111111, 1.0)",1,98.8561847079096,42178
"(0.95305342208568, 0.9916339869281046)",1,98.8561536053694,42179
"(0.73687720936437, 1.0)",2,98.85613816336094,42181
"(0.9153439153439152, 1.0)",2,98.85613209140028,42183
"(0.8247905643738976, 1.0)",1,98.85605087671864,42184
"(0.9666562434855118, 1.0)",1,98.85603497066931,42185
"(0.6886904761904762, 1.0)",1,98.85592891420124,42186
"(0.8495378883833893, 0.9958292603453894)",1,98.85591005999088,42187
"(0.7946380416968652, 0.9958292603453894)",1,98.8558849088498,42188
"(0.6747507742934573, 1.0)",1,98.85578039771347,42189
"(0.6215073982652175, 1.0)",1,98.85571688920614,42190
"(0.9206165335472736, 0.9958292603453894)",1,98.85564807945076,42191
"(0.8885714285714285, 1.0)",1,98.85552924623136,42192
"(0.7362637362637362, 1.0)",1,98.85548000744492,42193
"(1.0, 1.0)",1,98.855458523926,42194
"(0.9365496267832196, 0.9958292603453894)",1,98.8554573749548,42195
"(1.0, 1.0)",1,98.8553954006984,42196
"(0.9546499948224086, 0.9958292603453894)",2,98.85532784268048,42198
"(0.757745166550198, 1.0)",1,98.85532110710344,42199
"(0.9034438470728792, 0.9916585206907788)",1,98.85518838395518,42200
"(0.8832603710652491, 1.0)",2,98.85517980573182,42202
"(0.7511111111111111, 1.0)",1,98.85514089390814,42203
"(0.8365328658269835, 0.9958292603453894)",1,98.85506431025392,42204
"(0.9333044546043194, 0.9958292603453894)",1,98.8549916946308,42205
"(0.738145558145558, 1.0)",1,98.85492404576443,42206
"(0.6907243513029603, 1.0)",1,98.8547600016334,42207
"(0.6733821733821733, 1.0)",1,98.85465074604755,42208
"(0.8372053872053872, 1.0)",1,98.85447386018636,42209
"(0.9157097551404952, 0.9958292603453894)",1,98.85437933943165,42210
"(0.6636745887678723, 1.0)",1,98.85437771287802,42211
"(0.8916052423523688, 0.9958292603453894)",1,98.85434656338796,42212
"(0.9669795885118464, 0.9958292603453894)",1,98.85432994876766,42213
"(0.9326599326599326, 1.0)",1,98.854320998831,42214
"(0.9751539794803552, 0.9958292603453894)",2,98.85428004692676,42216
"(0.933096859926128, 1.0)",1,98.8542401974629,42217
"(0.829257487152224, 1.0)",1,98.85420134962614,42218
"(0.5910680656443368, 1.0)",1,98.85415671826745,42219
"(0.987491854024112, 1.0)",1,98.85414238875288,42220
"(0.9832965806068272, 0.9958292603453894)",1,98.85405051775284,42221
"(0.9720813204508856, 1.0)",1,98.85394686335933,42222
"(0.8845578466141503, 1.0)",1,98.85393456784664,42223
"(0.7903875985986362, 1.0)",1,98.85392309917808,42224
"(0.7060994560994561, 1.0)",1,98.8538627954738,42225
"(0.8676532769556025, 1.0)",1,98.85381015241978,42226
"(0.97899550533801, 0.9958292603453894)",1,98.85376152499752,42227
"(0.9153439153439152, 1.0)",1,98.85370809578232,42228
"(0.9665831244778612, 1.0)",1,98.8536471832024,42229
"(0.8928598364786969, 0.9958292603453894)",1,98.85363532194808,42230
"(0.9832925076188832, 0.9958292603453894)",1,98.85352007625175,42231
"(0.93773047895128, 0.9916585206907788)",1,98.85343151520507,42232
"(0.8420013166556946, 1.0)",1,98.85331087078302,42233
"(0.6636745887678723, 1.0)",1,98.85329559048424,42234
"(0.9665831244778612, 1.0)",1,98.85327511174025,42235
"(0.9833229101521784, 1.0)",2,98.8531765099194,42237
"(0.73687720936437, 1.0)",1,98.85304958786708,42238
"(0.9297812306740878, 1.0)",1,98.8530383496645,42239
"(0.9292738197776956, 1.0)",1,98.85294597312736,42240
"(0.9497171590194846, 1.0)",1,98.85292302833015,42241
"(0.7042648709315374, 1.0)",1,98.8529050762489,42242
"(0.9280317595086728, 0.9958292603453894)",1,98.8528377503992,42243
"(0.9326599326599326, 1.0)",1,98.85281841697989,42244
"(0.8996392387758612, 0.9916339869281046)",1,98.85275588301354,42245
"(0.6907243513029603, 1.0)",1,98.85259472293106,42246
"(0.8958208965097509, 0.9958292603453894)",1,98.85245146407132,42247
"(0.8880984643179766, 1.0)",1,98.85232598506474,42248
"(0.8294970161977834, 1.0)",1,98.85225900874042,42249
"(0.9295946890286512, 1.0)",1,98.85219664222538,42250
"(0.370255348516218, 1.0)",1,98.85203189018388,42251
"(0.8476190476190477, 1.0)",1,98.85201891448249,42252
"(0.9326599326599326, 1.0)",1,98.852013904825,42253
"(0.8222222222222222, 1.0)",1,98.85201365933074,42254
"(0.9958292603453894, 0.9958292603453894)",1,98.85199476620453,42255
"(0.6179693015417549, 1.0)",1,98.85198846163448,42256
"(0.8885714285714285, 1.0)",1,98.85198507760856,42257
"(0.8695210904700781, 0.9958292603453894)",1,98.85188062488884,42258
"(0.94291309888229, 0.991206314397104)",1,98.85186349974929,42259
"(0.8958208965097509, 0.9958292603453894)",1,98.8518430565412,42260
"(0.987463247273494, 0.9958292603453894)",1,98.8518153818696,42261
"(0.9009287520039462, 1.0)",1,98.85180860820262,42262
"(0.9164652836623464, 1.0)",1,98.85172272860872,42263
"(0.8495378883833893, 0.9916585206907788)",1,98.85168331060756,42264
"(0.9161952650324744, 1.0)",1,98.85167762638872,42265
"(0.9916585206907788, 0.9958292603453894)",1,98.8516492283908,42266
"(0.9333333333333332, 1.0)",1,98.85162597500717,42267
"(0.8495378883833893, 0.9958292603453894)",1,98.85162253052684,42268
"(0.9749706744868036, 0.9873484848484848)",1,98.85159306112982,42269
"(0.6521663785997688, 1.0)",1,98.851560674069,42270
"(0.9333333333333332, 1.0)",1,98.85149852643434,42271
"(0.8483418730488175, 0.9958292603453894)",1,98.85145825865374,42272
"(0.9332172991312776, 0.9958292603453894)",1,98.85135932079643,42273
"(0.8867361313822293, 0.9958292603453894)",1,98.8513490892456,42274
"(0.8468089381754635, 1.0)",2,98.85124783390214,42276
"(0.9750943974852894, 0.9958292603453894)",1,98.85110105410465,42277
"(0.9874877810361682, 0.9958292603453894)",1,98.85108699522084,42278
"(0.9125533644430458, 0.9916339869281046)",2,98.85105573438196,42280
"(0.9206165335472736, 0.9958292603453894)",1,98.85099443410688,42281
"(0.8651903651903651, 1.0)",1,98.8508898476343,42282
"(0.9916625936787228, 0.9958292603453894)",1,98.85068597120978,42283
"(0.9791258409522168, 0.9958292603453894)",1,98.85059425119344,42284
"(0.6698155645524068, 1.0)",1,98.85049521897602,42285
"(0.9750943974852894, 0.9958292603453894)",1,98.8504087949992,42286
"(0.9158007932517735, 1.0)",1,98.85040735592878,42287
"(0.7294281157362763, 1.0)",1,98.8503965324497,42288
"(0.9161952650324744, 1.0)",1,98.85037612477348,42289
"(0.903667392883079, 1.0)",1,98.85023668139344,42290
"(0.9958292603453894, 1.0)",1,98.85023596142956,42291
"(0.861111111111111, 1.0)",1,98.8500930731566,42292
"(0.9916625936787228, 0.9958292603453894)",1,98.85007005025936,42293
"(0.949977467563772, 0.9958292603453894)",1,98.85005580970216,42294
"(0.9333333333333332, 1.0)",1,98.84996309739768,42295
"(0.9748850895736324, 0.9958292603453894)",1,98.84996122339597,42296
"(0.6886904761904762, 1.0)",1,98.84986752826848,42297
"(0.6698155645524068, 1.0)",2,98.84985049689357,42299
"(0.8547756205106323, 1.0)",1,98.84963497619542,42300
"(0.987491854024112, 0.9915151515151516)",1,98.84959532081784,42301
"(0.808446455505279, 1.0)",1,98.8494669100785,42302
"(0.808446455505279, 1.0)",1,98.84946691007848,42303
"(0.9516794286955578, 0.9958292603453894)",1,98.8494332634746,42304
"(0.7903875985986362, 1.0)",1,98.8494056728911,42305
"(0.913942789236907, 0.9958292603453894)",1,98.84938726634095,42306
"(0.9200043551329178, 0.9958292603453894)",1,98.84937585502344,42307
"(0.7903875985986362, 1.0)",1,98.84917860568096,42308
"(0.9873891625615764, 0.9958292603453894)",1,98.84916067856864,42309
"(0.9499687304565352, 1.0)",1,98.8491550953682,42310
"(0.8796475392220073, 1.0)",1,98.84904250185517,42311
"(0.9707136080238548, 0.9958292603453894)",1,98.8490351128,42312
"(0.81893131227901, 1.0)",1,98.84901907440212,42313
"(0.903667392883079, 1.0)",1,98.84900218235234,42314
"(0.8420013166556946, 1.0)",1,98.84897473335371,42315
"(0.6698155645524068, 0.9833229101521784)",1,98.84896230491366,42316
"(0.9628507148300384, 0.9916585206907788)",1,98.8489070098481,42317
"(0.7294281157362763, 1.0)",1,98.84884018493992,42318
"(0.9009534009534008, 1.0)",1,98.84874883789703,42319
"(0.9623066688389268, 0.9958292603453894)",1,98.84872308917254,42320
"(0.8222222222222222, 1.0)",1,98.84867724867723,42321
"(0.7855494505494506, 1.0)",1,98.84864980583302,42322
"(0.9874762808349148, 0.9958292603453894)",1,98.84859843185583,42323
"(0.9153439153439152, 1.0)",1,98.8485394782764,42324
"(0.5780660682584178, 0.9992416608232524)",3,98.84850621791206,42327
"(0.944563492063492, 1.0)",1,98.84850378136346,42328
"(0.9189396095602992, 0.9958292603453894)",2,98.84842996454223,42330
"(0.9008627640703112, 1.0)",2,98.8484285984202,42332
"(0.9721762578905436, 1.0)",1,98.8484024727938,42333
"(0.9750481776288228, 0.9958292603453894)",1,98.8483465408132,42334
"(0.8468951683237397, 1.0)",1,98.84832751495216,42335
"(0.8495378883833893, 0.9958292603453894)",1,98.84829640971589,42336
"(0.930704099821747, 1.0)",1,98.84823052152,42337
"(0.757745166550198, 1.0)",1,98.84819139957835,42338
"(0.9834113430318364, 0.9958292603453894)",1,98.84817353079724,42339
"(0.97934925289764, 0.9958292603453894)",1,98.84815735680132,42340
"(0.9497171590194848, 1.0)",1,98.84815216142118,42341
"(0.617513611615245, 1.0)",1,98.84813321621355,42342
"(0.9609386607489072, 0.9958292603453894)",1,98.8479615935158,42343
"(0.6378166586499919, 1.0)",1,98.84793004327204,42344
"(0.7946380416968652, 0.9958292603453894)",1,98.84770883561129,42345
"(0.9164652836623464, 1.0)",1,98.84768221487928,42346
"(0.8483418730488175, 0.9958292603453894)",1,98.8474862337826,42347
"(0.8471527473990528, 1.0)",1,98.8474395949454,42348
"(0.9744745723240348, 0.9958292603453894)",2,98.84729546516012,42350
"(0.6521663785997688, 1.0)",1,98.84729128861744,42351
"(0.9161952650324744, 1.0)",1,98.84720071612033,42352
"(0.8471527473990528, 1.0)",1,98.84720034057072,42353
"(0.4009727434617732, 0.9996210215628012)",1,98.84714117241964,42354
"(1.0, 1.0)",1,98.8471278584262,42355
"(0.9506533178503804, 1.0)",1,98.8470441169817,42356
"(0.9333044546043194, 0.9958292603453894)",2,98.84694899633986,42358
"(0.9323035861460908, 0.9958292603453894)",1,98.84693414816542,42359
"(0.9365496267832196, 0.9958292603453894)",1,98.84680828445188,42360
"(1.0, 1.0)",1,98.8467742698499,42361
"(0.7601164382773579, 1.0)",1,98.84672605727808,42362
"(0.9114218054477384, 0.9958292603453894)",1,98.84667424496388,42363
"(0.6378166586499919, 1.0)",2,98.8466290358276,42365
"(0.7601164382773579, 1.0)",1,98.84656333281978,42366
"(1.0, 1.0)",1,98.84647197611233,42367
"(0.9750943974852894, 0.9958292603453894)",1,98.84647097465192,42368
"(0.9018806250259218, 1.0)",1,98.84644115227728,42369
"(0.9666562434855118, 1.0)",1,98.84643977626826,42370
"(0.9658159033159032, 0.9958292603453894)",1,98.84643713489206,42371
"(0.979051756240299, 0.9958292603453894)",1,98.84639807662997,42372
"(0.9299507899507898, 1.0)",1,98.84637837254702,42373
"(0.776488287126585, 1.0)",1,98.84626001532553,42374
"(0.902012682657844, 0.9958292603453894)",1,98.84621869973417,42375
"(0.8137865219658889, 1.0)",1,98.84621233995158,42376
"(0.6215073982652175, 1.0)",1,98.84619701695458,42377
"(0.9206165335472736, 0.9958292603453894)",1,98.84611592642554,42378
"(0.8374727668845315, 1.0)",1,98.84600253216055,42379
"(0.9792521035784794, 0.9958292603453894)",1,98.84589040014458,42380
"(0.9326599326599326, 1.0)",1,98.84563019351208,42381
"(0.7340930674264006, 1.0)",1,98.84560820688826,42382
"(1.0, 1.0)",1,98.8455492972136,42383
"(0.7340930674264006, 1.0)",1,98.84554551106176,42384
"(0.97899550533801, 0.9958292603453894)",1,98.84549931014026,42385
"(0.9792406033772258, 0.9958292603453894)",1,98.8454973788474,42386
"(0.8587708587708588, 1.0)",1,98.8454559622718,42387
"(0.8158879904162925, 1.0)",1,98.84527262488868,42388
"(0.7858609875265303, 0.9988619159967322)",1,98.84516201182264,42389
"(0.7340930674264006, 1.0)",1,98.84515836433314,42390
"(0.8177442148030384, 0.9833229101521784)",1,98.84509673710336,42391
"(0.8796475392220073, 1.0)",1,98.84508539746356,42392
"(0.9504245882013664, 0.9958292603453894)",1,98.8449625723812,42393
"(0.6886904761904762, 1.0)",1,98.8449413814627,42394
"(0.8796475392220073, 1.0)",1,98.84478654990596,42395
"(0.9876066164491212, 0.9958292603453894)",1,98.84474814926232,42396
"(0.9079075500409146, 0.987463247273494)",1,98.84470958485716,42397
"(0.7277677677677677, 1.0)",1,98.84456342485096,42398
"(0.6179693015417549, 1.0)",1,98.84448337010151,42399
"(0.8929015655249481, 0.9958292603453894)",1,98.8444307109126,42400
"(0.6544644252235129, 1.0)",1,98.84434873946503,42401
"(0.9333333333333332, 1.0)",1,98.8442954403338,42402
"(0.7030539311241066, 1.0)",1,98.84423350494126,42403
"(0.94291309888229, 0.991206314397104)",1,98.84418230240291,42404
"(0.9916585206907788, 0.9958292603453894)",1,98.8441361178426,42405
"(0.9580602951397298, 0.9958292603453894)",1,98.84410969564658,42406
"(0.4747763864042934, 1.0)",1,98.84409918840356,42407
"(0.721056721056721, 1.0)",1,98.84392051798986,42408
"(0.8443691323092412, 0.9958292603453894)",1,98.8438712534033,42409
"(0.8483418730488175, 0.9958292603453894)",1,98.8436958510849,42410
"(0.9788980434141724, 0.9958292603453894)",1,98.8435881665444,42411
"(0.9233019263238024, 0.9958292603453894)",1,98.84353525011876,42412
"(0.9250222656674272, 0.9916585206907788)",1,98.84352697263272,42413
"(0.6579298927459657, 1.0)",1,98.8435083605074,42414
"(0.8374727668845315, 1.0)",1,98.84348695374378,42415
"(0.8300265307680562, 1.0)",1,98.84337325495262,42416
"(0.6544644252235129, 1.0)",1,98.84316782530168,42417
"(0.8443691323092412, 0.9958292603453894)",1,98.84312496344371,42418
"(0.7994987468671678, 1.0)",1,98.84309223423548,42419
"(0.961552316099405, 0.9958292603453894)",2,98.84304403862176,42421
"(0.9206165335472736, 0.9958292603453894)",1,98.84295545237228,42422
"(0.991777356103732, 0.9958292603453894)",1,98.84290869979375,42423
"(0.9157097551404952, 0.9958292603453894)",2,98.84285751806804,42425
"(0.8471527473990528, 1.0)",1,98.84279662299802,42426
"(0.7090909090909091, 0.9833229101521784)",1,98.84276961362524,42427
"(0.958095238095238, 0.9916585206907788)",1,98.84272798866616,42428
"(0.9916339869281046, 0.9958292603453894)",1,98.84247145439952,42429
"(0.902012682657844, 0.9916585206907788)",1,98.84246759939224,42430
"(0.9057330122004186, 0.991206314397104)",1,98.84230016467734,42431
"(0.5845989468748872, 0.9996210215628012)",1,98.84227054266206,42432
"(0.6786000457875457, 1.0)",1,98.84218429488058,42433
"(0.9280459216361852, 0.9916585206907788)",1,98.8421694368992,42434
"(0.9326599326599326, 1.0)",1,98.84212228218456,42435
"(0.9504245882013664, 0.9958292603453894)",1,98.84211852515864,42436
"(0.9750481776288228, 0.9958292603453894)",1,98.84208129874956,42437
"(0.8796475392220073, 1.0)",1,98.84199527753871,42438
"(0.8294970161977834, 1.0)",1,98.8419282401822,42439
"(0.9206165335472736, 0.9916585206907788)",1,98.84181583319206,42440
"(0.6108760330578512, 0.9988619159967322)",1,98.84174224545734,42441
"(0.9413496923696164, 0.9916585206907788)",1,98.8416944464911,42442
"(0.7083333333333334, 1.0)",2,98.84166666666668,42444
"(0.983545503234046, 0.9958292603453894)",2,98.8416412696488,42446
"(0.8476190476190477, 1.0)",1,98.84158648966832,42447
"(0.9250222656674272, 0.9958292603453894)",1,98.84147887908092,42448
"(0.8431623931623932, 1.0)",1,98.84143681190218,42449
"(0.8478418336329888, 0.991206314397104)",1,98.84136385746083,42450
"(0.9499687304565352, 1.0)",1,98.84122950289564,42451
"(0.9131856219190184, 0.9958292603453894)",1,98.84112241165391,42452
"(0.634045584045584, 1.0)",6,98.8411215606128,42458
"(0.7713401051412279, 1.0)",2,98.84111314228164,42460
"(0.826388888888889, 1.0)",1,98.84109501864452,42461
"(0.7802197802197803, 1.0)",1,98.84107899897371,42462
"(0.9958292603453894, 0.9958292603453894)",1,98.8410256063478,42463
"(0.93773047895128, 0.9958292603453894)",1,98.84097441523336,42464
"(0.844988344988345, 1.0)",1,98.8409506295973,42465
"(0.9586562930696936, 0.9876066164491212)",1,98.84085012334413,42466
"(0.8222222222222222, 1.0)",1,98.84078106979966,42467
"(0.9018806250259218, 1.0)",1,98.84077155766002,42468
"(0.882673371045464, 1.0)",1,98.84070311687218,42469
"(0.987463247273494, 0.9958292603453894)",2,98.84069089044382,42471
"(0.9466127311522048, 0.991206314397104)",1,98.84059481573124,42472
"(0.8579868984630887, 1.0)",1,98.84038830572484,42473
"(0.6215073982652175, 1.0)",1,98.84034213877472,42474
"(0.7711781618000022, 1.0)",1,98.8403127769766,42475
"(0.8929015655249481, 0.9958292603453894)",1,98.84027478197252,42476
"(0.8997493734335841, 1.0)",1,98.84025935294798,42477
"(0.8266173510466989, 1.0)",1,98.8402578145858,42478
"(0.9916625936787228, 0.9958292603453894)",1,98.84021640477432,42479
"(0.8151249335459861, 1.0)",1,98.84017278053302,42480
"(0.97934925289764, 0.9958292603453894)",1,98.8401488484872,42481
"(0.757745166550198, 1.0)",1,98.84013355738205,42482
"(0.9437903841498612, 1.0)",1,98.84013088575352,42483
"(0.9750780096985032, 0.9958292603453894)",1,98.84012908661174,42484
"(0.9833229101521784, 1.0)",1,98.84012204263756,42485
"(0.7802197802197803, 1.0)",1,98.84011159275848,42486
"(0.8420013166556946, 1.0)",1,98.84004622712447,42487
"(0.8365328658269835, 0.9958292603453894)",1,98.83997004089946,42488
"(0.9669795885118464, 0.9958292603453894)",1,98.83995827061514,42489
"(0.9916666666666668, 0.9958292603453894)",1,98.83994830044412,42490
"(0.553156146179402, 1.0)",1,98.83990479039824,42491
"(0.9791299139401608, 0.9958292603453894)",1,98.83981635791322,42492
"(0.9874747474747476, 0.9958292603453894)",1,98.83973469548754,42493
"(0.9279680209218476, 0.9958292603453894)",1,98.8396573241744,42494
"(0.8476190476190477, 1.0)",1,98.83953661514636,42495
"(0.9303715638302106, 1.0)",1,98.83945067448894,42496
"(0.983305541180304, 0.9958292603453894)",1,98.83944798304157,42497
"(0.6378166586499919, 1.0)",1,98.83943033697162,42498
"(0.934122934122934, 0.9833229101521784)",2,98.83940238646731,42500
"(0.9755096665580536, 0.9958292603453894)",1,98.83939140480167,42501
"(0.9516794286955578, 0.9958292603453894)",1,98.83937755706962,42502
"(0.9445235834124724, 1.0)",2,98.83913598222584,42504
"(0.9280317595086728, 0.9958292603453894)",1,98.83912701018583,42505
"(0.8916052423523688, 0.9958292603453894)",1,98.8390954038297,42506
"(0.9369808292429718, 0.9916585206907788)",1,98.83905270677182,42507
"(1.0, 1.0)",1,98.83900075075766,42508
"(0.7077308656256025, 1.0)",1,98.83896084824951,42509
"(0.724804131054131, 1.0)",1,98.83894184113484,42510
"(0.987491854024112, 0.9958292603453894)",1,98.83892020679114,42511
"(0.97495917428555, 0.9958292603453894)",1,98.83885417683024,42512
"(0.9788980434141724, 0.9958292603453894)",2,98.8388036797174,42514
"(0.8310777799491891, 1.0)",1,98.83878788399952,42515
"(0.9874762808349148, 0.9958292603453894)",2,98.83872749134358,42517
"(0.9326599326599326, 1.0)",1,98.8385733507684,42518
"(0.9665831244778612, 1.0)",1,98.83855614096376,42519
"(0.9833040078201368, 0.9958292603453894)",1,98.83851124939822,42520
"(0.6052212368618619, 0.9992416608232524)",3,98.83818504418936,42523
"(0.8137865219658889, 1.0)",1,98.8381849839801,42524
"(0.8420013166556946, 1.0)",1,98.83814525700524,42525
"(0.9486619426325308, 1.0)",1,98.8380137337558,42526
"(0.8420013166556946, 1.0)",1,98.83791353330209,42527
"(0.987463247273494, 0.9958292603453894)",2,98.83788522939884,42529
"(0.7916666666666666, 1.0)",2,98.83783197750046,42531
"(0.9738477269913072, 0.9958292603453894)",1,98.83778910006971,42532
"(0.816195709052852, 1.0)",1,98.83765095233092,42533
"(0.9583930063253372, 1.0)",1,98.83747556856206,42534
"(0.9714797495442656, 0.9958292603453894)",1,98.83746296222458,42535
"(0.975195619792394, 0.9958292603453894)",1,98.83744730283156,42536
"(0.8676532769556025, 1.0)",2,98.83743989713338,42538
"(0.8976982097186702, 1.0)",1,98.83728594902212,42539
"(0.9153439153439152, 1.0)",1,98.83728329658562,42540
"(0.8976982097186702, 1.0)",1,98.83728021908752,42541
"(0.8958208965097509, 0.9958292603453894)",1,98.83711510083016,42542
"(0.9833040078201368, 0.9958292603453894)",1,98.83703779940964,42543
"(0.8929015655249481, 0.9916666666666668)",1,98.83701759233324,42544
"(0.9153439153439156, 1.0)",1,98.83696420332018,42545
"(0.932230823034112, 0.9958292603453894)",1,98.83677615538512,42546
"(0.9833229101521784, 1.0)",1,98.83677614791524,42547
"(0.8796475392220073, 1.0)",1,98.8367158058528,42548
"(0.8455704732698088, 1.0)",1,98.8367101370204,42549
"(0.9749436010963526, 0.9958292603453894)",1,98.8365397327973,42550
"(0.6521663785997688, 1.0)",1,98.83651294694346,42551
"(0.944563492063492, 1.0)",1,98.83634764427735,42552
"(0.8420013166556946, 1.0)",1,98.83619763686896,42553
"(0.8633762288330498, 1.0)",2,98.83613731255858,42555
"(0.8762860082304527, 1.0)",1,98.83579811660992,42556
"(0.9199973910846122, 0.9916339869281046)",1,98.83557719934652,42557
"(0.8483418730488175, 0.9958292603453894)",1,98.83555205376884,42558
"(0.7734344933751168, 1.0)",1,98.8352656392063,42559
"(0.97934925289764, 0.9958292603453894)",1,98.83522928813905,42560
"(0.8040695048423352, 1.0)",1,98.83522686187652,42561
"(0.8997493734335841, 1.0)",1,98.83516315927685,42562
"(0.786508365740383, 1.0)",2,98.83498333325812,42564
"(0.7532376017916352, 1.0)",1,98.83496283413086,42565
"(0.9835199925522506, 0.9958292603453894)",1,98.83480651073208,42566
"(0.9435817855979146, 0.9958292603453894)",1,98.83479858787196,42567
"(0.8432903075760217, 1.0)",1,98.83475822484658,42568
"(0.93795454842108, 0.9958292603453894)",1,98.83473955088064,42569
"(0.9441595441595442, 1.0)",1,98.83472460204592,42570
"(0.9666562434855118, 1.0)",1,98.83472083512504,42571
"(0.7574146783449108, 1.0)",1,98.83452420304116,42572
"(0.8653198653198653, 1.0)",1,98.83450850312678,42573
"(0.9832965806068272, 1.0)",1,98.83444568815824,42574
"(0.8137865219658889, 1.0)",1,98.8343256304951,42575
"(0.7277677677677677, 1.0)",2,98.8340863556961,42577
"(0.9300671002153482, 1.0)",1,98.83399621347596,42578
"(1.0, 1.0)",1,98.8339896555367,42579
"(0.8840455840455841, 1.0)",1,98.83393078656236,42580
"(0.9958292603453894, 0.9958292603453894)",1,98.83392689413894,42581
"(0.9034438470728792, 0.9958292603453894)",1,98.83386592706452,42582
"(0.9833229101521784, 1.0)",1,98.83379464175962,42583
"(0.4747763864042934, 1.0)",1,98.83377009681767,42584
"(0.9099563673769218, 0.9958292603453894)",1,98.83357015792394,42585
"(0.8880984643179766, 1.0)",1,98.8335398115886,42586
"(0.9873444118605408, 0.9958292603453894)",2,98.83343265762088,42588
"(0.776488287126585, 1.0)",2,98.83343084305926,42590
"(0.8222222222222222, 1.0)",1,98.83340021669328,42591
"(0.8760238095238095, 0.9958292603453894)",1,98.83328277058132,42592
"(0.9326599326599326, 1.0)",1,98.83323968566594,42593
"(0.7030539311241066, 1.0)",1,98.83314404669515,42594
"(0.8222222222222222, 1.0)",1,98.83308270676692,42595
"(0.7687400318979267, 1.0)",1,98.83299769692582,42596
"(0.9873444118605408, 0.9958292603453894)",1,98.832976192159,42597
"(0.8365328658269835, 0.9916585206907788)",1,98.8329074547494,42598
"(0.8229870141950848, 1.0)",1,98.83277931893268,42599
"(0.913942789236907, 0.9916585206907788)",1,98.83263093535348,42600
"(0.979051756240299, 0.9958292603453894)",1,98.83260466699288,42601
"(0.9665831244778612, 1.0)",1,98.83258460872968,42602
"(0.6179693015417549, 1.0)",1,98.83256763463469,42603
"(0.9665831244778612, 1.0)",4,98.83255411683366,42607
"(0.9333333333333332, 0.9833229101521784)",1,98.8325200117242,42608
"(0.7294281157362763, 1.0)",2,98.8324899492606,42610
"(0.9126251340467026, 0.9916666666666668)",1,98.83232541229562,42611
"(0.987491854024112, 0.9958292603453894)",1,98.83230686912448,42612
"(0.8329156223893065, 1.0)",1,98.83228549315804,42613
"(0.9250222656674272, 0.9958292603453894)",1,98.83227569395474,42614
"(0.7090909090909091, 1.0)",1,98.83220501053115,42615
"(0.6179693015417549, 1.0)",1,98.83215539624098,42616
"(0.8483418730488175, 0.9958292603453894)",1,98.8320896378748,42617
"(0.9365496267832196, 0.9958292603453894)",1,98.83193340251886,42618
"(0.9748524098350704, 0.9958292603453894)",1,98.83178663764048,42619
"(0.9666562434855118, 1.0)",1,98.83177274432155,42620
"(0.9384174012481092, 0.9958292603453894)",1,98.83177058950004,42621
"(0.8885714285714285, 1.0)",1,98.83173092848122,42622
"(0.9497171590194846, 1.0)",1,98.83167447383734,42623
"(0.9169719169719168, 1.0)",1,98.83157329479714,42624
"(0.868077055383557, 1.0)",2,98.83157277421164,42626
"(0.9714797495442656, 0.9958292603453894)",1,98.83151562090528,42627
"(0.868077055383557, 1.0)",1,98.83132885932984,42628
"(0.861111111111111, 1.0)",1,98.8313202953593,42629
"(0.8929015655249481, 0.9958292603453894)",1,98.83101188203476,42630
"(0.7612958226768967, 1.0)",1,98.83093836792315,42631
"(0.9297812306740878, 1.0)",1,98.83091313681535,42632
"(0.9916585206907788, 0.9958292603453894)",1,98.83088920643132,42633
"(0.9916585206907788, 0.9958292603453894)",1,98.83088711079498,42634
"(1.0, 1.0)",1,98.83087654998572,42635
"(0.8997493734335841, 1.0)",1,98.830831538407,42636
"(0.9707136080238548, 0.9958292603453894)",2,98.83076274882724,42638
"(0.8760238095238095, 0.9958292603453894)",1,98.8307168388962,42639
"(0.8266173510466989, 1.0)",1,98.83065948412508,42640
"(0.8857958672840706, 0.9958292603453894)",1,98.8305940868992,42641
"(0.9331662489557224, 1.0)",1,98.83053921507312,42642
"(0.9262130464282252, 0.991206314397104)",1,98.83047390954162,42643
"(0.9874762808349148, 0.9958292603453894)",1,98.83037356069416,42644
"(0.9282083232965586, 0.9916339869281046)",1,98.83032300825612,42645
"(0.9834358767945106, 0.9958292603453894)",1,98.83026079868704,42646
"(0.8158879904162925, 1.0)",1,98.83004635890804,42647
"(0.9497171590194846, 1.0)",1,98.83001775827591,42648
"(0.617513611615245, 1.0)",1,98.83001377259032,42649
"(0.9326599326599326, 1.0)",1,98.82998771011223,42650
"(0.934122934122934, 1.0)",1,98.829979442948,42651
"(0.7946380416968652, 0.9958292603453894)",1,98.82989561213962,42652
"(0.8796475392220073, 1.0)",1,98.82989307373174,42653
"(0.9706172005998612, 0.9958292603453894)",1,98.8298653167552,42654
"(0.9664171122994653, 0.9958292603453894)",1,98.82986183433182,42655
"(0.7648017586542176, 1.0)",1,98.8298216018068,42656
"(0.5555555555555555, 1.0)",1,98.829797798173,42657
"(0.9665831244778612, 1.0)",1,98.82974252320057,42658
"(0.4860837462761431, 1.0)",1,98.82971971450606,42659
"(0.9833229101521784, 1.0)",1,98.82949723359188,42660
"(1.0, 1.0)",1,98.82931928771856,42661
"(0.738145558145558, 1.0)",1,98.82928808746948,42662
"(0.9833229101521784, 1.0)",1,98.82920332389696,42663
"(0.9958292603453894, 0.9958292603453894)",1,98.8291979304314,42664
"(0.7711781618000022, 1.0)",1,98.82917274327656,42665
"(0.987491854024112, 0.9958292603453894)",1,98.82915672215644,42666
"(0.987463247273494, 0.9958292603453894)",1,98.82911411919352,42667
"(0.8016677935542034, 1.0)",1,98.82907918816268,42668
"(0.9157097551404952, 0.9958292603453894)",1,98.829057703292,42669
"(0.4747763864042934, 1.0)",2,98.8290505907161,42671
"(0.9369138996969484, 0.9958292603453894)",1,98.82900072332176,42672
"(0.9916666666666668, 0.9916666666666668)",1,98.82893718482228,42673
"(0.6378166586499919, 1.0)",1,98.82893114358026,42674
"(0.8929015655249481, 0.9958292603453894)",1,98.82891132507596,42675
"(0.6823744006670837, 1.0)",1,98.82889891001275,42676
"(1.0, 1.0)",1,98.8288904086395,42677
"(0.8976982097186702, 1.0)",1,98.82881594881476,42678
"(0.9166145507608924, 1.0)",1,98.82877907615844,42679
"(0.8929015655249481, 0.9958292603453894)",1,98.82867338489162,42680
"(0.9665831244778612, 1.0)",1,98.82864171662814,42681
"(0.949977467563772, 0.9916585206907788)",1,98.82856820037644,42682
"(0.8887202421952387, 1.0)",1,98.8284625988496,42683
"(0.975195619792394, 0.9958292603453894)",1,98.82839459193602,42684
"(0.9958292603453894, 1.0)",1,98.8283919433142,42685
"(0.9445235834124724, 1.0)",1,98.82828504353996,42686
"(0.8319340617212959, 1.0)",1,98.82826561659982,42687
"(0.8796475392220073, 1.0)",1,98.8281462769974,42688
"(0.9746854694957162, 0.9958292603453894)",1,98.828036391402,42689
"(0.5131569832583307, 1.0)",1,98.8279569382006,42690
"(1.0, 1.0)",2,98.82785528451134,42692
"(0.9750481776288228, 0.9958292603453894)",1,98.8278254148119,42693
"(0.9008025849489264, 1.0)",1,98.82776325423866,42694
"(1.0, 1.0)",1,98.82775693141546,42695
"(0.9791258409522168, 0.9958292603453894)",1,98.82774613125083,42696
"(0.9833229101521784, 1.0)",1,98.82764235941109,42697
"(0.9833229101521784, 1.0)",4,98.8275464795341,42701
"(0.8976982097186702, 1.0)",1,98.82751978867788,42702
"(0.602662742458966, 0.9992416608232524)",2,98.82751536209574,42704
"(0.9164652836623464, 1.0)",1,98.82750874721722,42705
"(0.9791348015256934, 0.9958292603453894)",1,98.8274453857194,42706
"(0.8887202421952387, 1.0)",1,98.82736521225414,42707
"(0.9131856219190184, 0.9958292603453894)",1,98.8273533896334,42708
"(0.9280459216361852, 0.9958292603453894)",1,98.82735076302978,42709
"(0.6698155645524068, 1.0)",1,98.82727757981029,42710
"(0.7713401051412279, 1.0)",1,98.82726388620492,42711
"(0.8892949503417051, 0.9958292603453894)",1,98.82724037037906,42712
"(0.9496114574862204, 0.9916339869281046)",1,98.8272333995116,42713
"(0.7713401051412279, 1.0)",1,98.8272043623954,42714
"(0.5854597249132409, 0.9992416608232524)",1,98.82718804460455,42715
"(0.8294970161977834, 1.0)",1,98.82714410488722,42716
"(0.8247905643738976, 1.0)",1,98.8270552142105,42717
"(0.8432903075760217, 0.986081059422206)",2,98.8269466884693,42719
"(0.987463247273494, 0.9958292603453894)",2,98.82690843334564,42721
"(0.8814814814814814, 1.0)",1,98.82672391553352,42722
"(0.8065954953750508, 1.0)",1,98.82665504855512,42723
"(0.97934925289764, 0.9958292603453894)",2,98.8264069303125,42725
"(0.9833229101521784, 1.0)",1,98.82637284135237,42726
"(0.5910680656443368, 1.0)",2,98.82632539187728,42728
"(0.97934925289764, 0.9958292603453894)",1,98.82612712507064,42729
"(0.738145558145558, 1.0)",1,98.82606387277436,42730
"(0.9665831244778612, 1.0)",1,98.82596006386376,42731
"(0.51223726242967, 1.0)",1,98.82589853127554,42732
"(0.9040606114111948, 0.9958292603453894)",1,98.82570078799034,42733
"(0.808446455505279, 1.0)",1,98.82554683480076,42734
"(0.947552083649559, 0.9958292603453894)",1,98.82542042047989,42735
"(0.9669795885118464, 0.9958292603453894)",1,98.8254017528448,42736
"(0.7083333333333334, 1.0)",1,98.82539899856468,42737
"(0.8372053872053872, 1.0)",2,98.82532170677229,42739
"(0.8365328658269835, 0.9916585206907788)",1,98.82522059165504,42740
"(0.9669558693467613, 0.9958292603453894)",1,98.82517999628756,42741
"(0.9705906996229576, 0.9958292603453894)",1,98.82509028440384,42742
"(0.987491854024112, 0.9958292603453894)",1,98.82498598250184,42743
"(0.9326599326599326, 1.0)",1,98.82490246496474,42744
"(0.9218558227888856, 0.9958292603453894)",1,98.8247080159496,42745
"(0.9582389563841176, 0.9958292603453894)",1,98.82465365460877,42746
"(0.8158879904162925, 1.0)",1,98.8245697912038,42747
"(0.9833229101521784, 1.0)",1,98.82455567115665,42748
"(0.7340930674264006, 1.0)",1,98.824528445971,42749
"(0.861111111111111, 1.0)",2,98.82452169692496,42751
"(1.0, 1.0)",3,98.82449445159575,42754
"(0.6521663785997688, 1.0)",2,98.8244814608763,42756
"(0.8468089381754635, 1.0)",1,98.82444942725508,42757
"(0.9009287520039462, 1.0)",1,98.82438589152147,42758
"(0.7673678366541239, 1.0)",2,98.82438445204885,42760
"(0.7090909090909091, 1.0)",1,98.82434667716336,42761
"(0.6378166586499919, 1.0)",1,98.82432093149916,42762
"(0.5005466528962331, 0.9996210215628012)",3,98.82429019962808,42765
"(0.8467532467532467, 1.0)",1,98.82409611076932,42766
"(0.9198255060602112, 0.9958292603453894)",2,98.82408629865334,42768
"(0.8600291387756281, 0.9958292603453894)",1,98.82404936322374,42769
"(0.8065954953750508, 1.0)",1,98.82392946494558,42770
"(0.9669558693467613, 0.9958292603453894)",1,98.82392659760396,42771
"(0.9034438470728792, 0.9958292603453894)",1,98.8239159774163,42772
"(0.8552744708994707, 1.0)",1,98.82374272463264,42773
"(0.8976982097186702, 1.0)",1,98.82364554663909,42774
"(0.9792406033772258, 0.9958292603453894)",1,98.82346649289536,42775
"(0.9228120179844318, 0.9873891625615764)",1,98.8234568260664,42776
"(0.7944219523166891, 1.0)",1,98.8233601266401,42777
"(0.8347775825943863, 0.9958292603453894)",1,98.82335573857074,42778
"(0.8762860082304527, 1.0)",1,98.82326555695896,42779
"(0.8958208965097509, 0.9958292603453894)",1,98.82326255968668,42780
"(0.865581803207783, 0.991206314397104)",1,98.82323748464636,42781
"(0.8459898961734945, 1.0)",1,98.8232240623472,42782
"(0.9279680209218476, 0.9958292603453894)",1,98.82313598450284,42783
"(1.0, 0.9958292603453894)",1,98.82300200515796,42784
"(0.979273283115788, 0.9958292603453894)",1,98.8229871189177,42785
"(0.9835199925522506, 0.9958292603453894)",1,98.82284331101664,42786
"(0.9791348015256934, 0.9958292603453894)",1,98.82281438245464,42787
"(0.8928598364786969, 0.9958292603453894)",2,98.8227726056969,42789
"(0.5981266189834885, 0.9973390598305516)",1,98.82263007078278,42790
"(0.5187734941865547, 1.0)",2,98.82260591555443,42792
"(0.844988344988345, 1.0)",1,98.82258689980264,42793
"(0.917655049465296, 0.9958292603453894)",1,98.82231900714052,42794
"(0.8329050741331443, 1.0)",1,98.82223750037436,42795
"(0.8065954953750508, 1.0)",1,98.822189542585,42796
"(0.7601281633539698, 1.0)",1,98.822177858326,42797
"(0.812557599070401, 0.9861673414304992)",1,98.82210798980826,42798
"(0.9280459216361852, 0.9958292603453894)",1,98.82204856970608,42799
"(0.9876221896383188, 0.9958292603453894)",1,98.82197247962392,42800
"(0.8165509259259259, 1.0)",2,98.82176427719274,42802
"(0.9749706744868036, 0.9958292603453894)",2,98.82175616623456,42804
"(0.7944219523166891, 1.0)",1,98.82174361093432,42805
"(0.7903875985986362, 1.0)",1,98.82162731554504,42806
"(0.9161952650324744, 1.0)",1,98.82156469235304,42807
"(0.8365328658269835, 0.9958292603453894)",1,98.82154416050344,42808
"(0.7479743867590829, 1.0)",2,98.82152227745031,42810
"(0.8016677935542034, 1.0)",1,98.82151216641526,42811
"(0.983545503234046, 0.9958292603453894)",1,98.8214404859266,42812
"(0.9437903841498612, 1.0)",1,98.8213100606594,42813
"(0.902012682657844, 0.9958292603453894)",1,98.82128338059438,42814
"(0.7687400318979267, 1.0)",2,98.82127347364448,42816
"(0.9326599326599326, 1.0)",1,98.82121086283422,42817
"(0.6886904761904762, 1.0)",1,98.82104535841464,42818
"(0.9833229101521784, 1.0)",1,98.8210186394727,42819
"(0.8579868984630887, 1.0)",1,98.82090818422722,42820
"(0.9750943974852894, 0.9958292603453894)",1,98.8207250883399,42821
"(0.6215073982652175, 1.0)",1,98.82062212397835,42822
"(0.9791348015256934, 0.9958292603453894)",1,98.82056734990984,42823
"(0.7574146783449108, 1.0)",1,98.8205538128718,42824
"(0.9347674066329982, 0.9958292603453894)",1,98.82040590238536,42825
"(0.9707071808622552, 0.9958292603453894)",1,98.82038391476934,42826
"(0.8736897274633123, 1.0)",1,98.82030300754856,42827
"(0.9705196174266384, 0.9958292603453894)",1,98.82027261915252,42828
"(1.0, 1.0)",1,98.82013353732856,42829
"(0.917655049465296, 0.9958292603453894)",1,98.82011471662788,42830
"(0.7601164382773579, 1.0)",1,98.81989242463268,42831
"(0.9166145507608924, 1.0)",1,98.81983498612637,42832
"(0.8880984643179766, 1.0)",2,98.81980227597606,42834
"(0.8848000715856217, 1.0)",1,98.81978526750837,42835
"(0.8586166985951469, 1.0)",1,98.8197227323808,42836
"(0.5131569832583307, 1.0)",1,98.8196436491233,42837
"(0.9369808292429718, 0.9958292603453894)",1,98.81942358299617,42838
"(0.9041196741854636, 0.991206314397104)",1,98.8192259414213,42839
"(0.6215073982652175, 1.0)",1,98.81912586421936,42840
"(0.8329156223893065, 1.0)",1,98.81911657162895,42841
"(0.9280459216361852, 0.9958292603453894)",1,98.81901742969644,42842
"(0.9018806250259218, 1.0)",1,98.81891095874174,42843
"(0.4039045743444857, 1.0)",1,98.81880913618072,42844
"(0.94993894993895, 1.0)",1,98.8187223710055,42845
"(0.8229870141950848, 1.0)",1,98.81869520237969,42846
"(0.975195619792394, 0.9958292603453894)",1,98.81860237167636,42847
"(0.7294281157362763, 1.0)",1,98.81857550958064,42848
"(0.7362637362637362, 1.0)",3,98.81850776173049,42851
"(0.826388888888889, 1.0)",1,98.81844158233478,42852
"(0.9583406125452844, 0.9916585206907788)",1,98.81842070615434,42853
"(0.8365328658269835, 0.9958292603453894)",1,98.81835141017903,42854
"(0.7711781618000022, 1.0)",1,98.81812482478718,42855
"(0.9161952650324744, 1.0)",1,98.81805215158124,42856
"(0.8885714285714285, 1.0)",1,98.81781198790344,42857
"(0.944073617452092, 1.0)",2,98.81775448180936,42859
"(0.9398099650133386, 0.9916339869281046)",1,98.81775317070546,42860
"(0.776488287126585, 1.0)",1,98.81774193824457,42861
"(0.8341307814992026, 1.0)",2,98.81772998075948,42863
"(0.6825396825396824, 1.0)",1,98.81768268082077,42864
"(0.7344692811916678, 1.0)",1,98.81761377045524,42865
"(0.9326599326599326, 1.0)",1,98.8176133316896,42866
"(0.9916339869281046, 0.9958292603453894)",1,98.81759100857506,42867
"(0.9280317595086728, 0.9916585206907788)",1,98.81759090186836,42868
"(0.9609386607489072, 0.9958292603453894)",1,98.81757768635684,42869
"(0.9158007932517735, 0.986081059422206)",1,98.81743265279223,42870
"(0.9874762808349148, 0.9958292603453894)",1,98.81736341848412,42871
"(0.7344692811916678, 1.0)",1,98.81733109561446,42872
"(0.8796475392220073, 0.9833229101521784)",1,98.8173203107909,42873
"(0.9832184229069656, 0.9958292603453894)",1,98.81718378600884,42874
"(0.8928598364786969, 0.9958292603453894)",1,98.8171749855424,42875
"(0.9833229101521784, 1.0)",1,98.81703777268764,42876
"(0.9365496267832196, 0.9916585206907788)",1,98.81694007606004,42877
"(1.0, 1.0)",1,98.81692621833176,42878
"(0.7687400318979267, 1.0)",1,98.81680114635218,42879
"(0.9792521035784794, 0.9958292603453894)",1,98.8167995635506,42880
"(0.987463247273494, 0.9958292603453894)",1,98.8167882019818,42881
"(0.8294970161977834, 1.0)",2,98.8167161596158,42883
"(0.7372334455667788, 1.0)",1,98.81668737642256,42884
"(0.9166682405676116, 1.0)",1,98.81659177343056,42885
"(0.8974984433303618, 0.9916339869281046)",1,98.81652883222188,42886
"(0.8420013166556946, 1.0)",2,98.81652613129155,42888
"(1.0, 1.0)",1,98.8164291745075,42889
"(0.9666562434855118, 1.0)",1,98.81640527530698,42890
"(0.8845578466141503, 1.0)",1,98.81638789076771,42891
"(0.812557599070401, 1.0)",1,98.81631747377747,42892
"(0.7030539311241066, 1.0)",1,98.8162780812368,42893
"(0.8533622685185187, 1.0)",1,98.81614818400074,42894
"(0.9791258409522168, 0.9958292603453894)",2,98.81587468425836,42896
"(0.9280459216361852, 0.9958292603453894)",1,98.81573695066048,42897
"(0.6179693015417549, 1.0)",2,98.81571103581231,42899
"(0.7183489076634237, 1.0)",1,98.81568733329468,42900
"(0.7916666666666666, 1.0)",1,98.81567775484612,42901
"(0.6017315220343602, 1.0)",1,98.81556075239185,42902
"(0.7278086237149632, 1.0)",1,98.81554312546984,42903
"(0.7632275132275131, 1.0)",2,98.81527195396754,42905
"(0.916104916104916, 1.0)",1,98.81511314206624,42906
"(0.9280459216361852, 0.9958292603453894)",1,98.8150952732431,42907
"(0.9748524098350704, 0.9958292603453894)",2,98.81509242311226,42909
"(0.9790972342015986, 0.9958292603453894)",1,98.81508779824084,42910
"(0.6703030303030302, 1.0)",1,98.81493025122428,42911
"(0.7580478365689632, 0.9996210215628012)",1,98.81489645538106,42912
"(0.944120583717358, 0.9876066164491212)",1,98.81485840560012,42913
"(0.9835199925522506, 0.9958292603453894)",1,98.81484457778522,42914
"(0.9833211143695014, 0.9958292603453894)",2,98.8148406999249,42916
"(0.9833211143695014, 0.9958292603453894)",1,98.81476889127644,42917
"(0.6179693015417549, 1.0)",1,98.81476678824704,42918
"(0.975195619792394, 0.9958292603453894)",1,98.81473524671496,42919
"(0.9747273037595618, 0.9958292603453894)",1,98.81473015363498,42920
"(0.9253213924599162, 0.9882048106149588)",1,98.81449011285844,42921
"(0.933249791144528, 1.0)",1,98.81432589669592,42922
"(0.7119388248146047, 1.0)",1,98.8143227300096,42923
"(0.6636745887678723, 1.0)",1,98.814247499364,42924
"(0.8420013166556946, 1.0)",1,98.8141410554952,42925
"(0.8796475392220073, 1.0)",1,98.81403825210276,42926
"(0.987463247273494, 0.9958292603453894)",1,98.81399374317982,42927
"(0.9665831244778612, 0.9833229101521784)",1,98.8139781316216,42928
"(0.8845424223473003, 1.0)",1,98.8139724520739,42929
"(0.7135473163103189, 0.9992416608232524)",1,98.81387909753418,42930
"(0.94291309888229, 0.991206314397104)",1,98.81382505118567,42931
"(0.9403679612329746, 0.9916339869281046)",1,98.81382153634642,42932
"(0.9299507899507898, 0.986081059422206)",1,98.8137466002904,42933
"(0.7562136521052955, 1.0)",1,98.81365698388002,42934
"(0.8796475392220073, 1.0)",1,98.81354528904708,42935
"(0.8494167439328729, 0.9958292603453894)",1,98.81351062441848,42936
"(0.8997493734335841, 1.0)",1,98.81350214954288,42937
"(0.9833211143695014, 0.9958292603453894)",1,98.81343260176814,42938
"(0.9582389563841176, 1.0)",2,98.81326991257563,42940
"(0.9280459216361852, 0.9916585206907788)",1,98.81324617523384,42941
"(0.9153439153439156, 1.0)",1,98.813181845334,42942
"(0.9738477269913072, 0.9958292603453894)",1,98.81313590777404,42943
"(0.6636745887678723, 1.0)",1,98.81313550043733,42944
"(0.9833229101521784, 1.0)",1,98.81305573239784,42945
"(0.9835199925522506, 0.9958292603453894)",2,98.81298564943394,42947
"(0.6907243513029603, 1.0)",1,98.81296670908569,42948
"(0.9041196741854636, 0.991206314397104)",3,98.81290020643478,42951
"(0.8137566137566138, 1.0)",1,98.81280204162844,42952
"(0.8468089381754635, 1.0)",1,98.81277428135466,42953
"(0.903667392883079, 1.0)",2,98.81272339409055,42955
"(0.9161952650324744, 1.0)",2,98.81266930399688,42957
"(0.9623066688389268, 0.9958292603453894)",1,98.81253501583052,42958
"(0.9161952650324744, 0.9833229101521784)",1,98.81252928331776,42959
"(0.8976982097186702, 1.0)",1,98.81244068629906,42960
"(0.8360150146960627, 0.9958292603453894)",1,98.81236248057448,42961
"(0.826388888888889, 1.0)",1,98.8122716188244,42962
"(0.6460231360441068, 0.9988619159967322)",3,98.81224042903644,42965
"(0.9707136080238548, 0.9958292603453894)",1,98.81194316064862,42966
"(0.9244721788975638, 0.9916339869281046)",1,98.81193101283851,42967
"(0.7340930674264007, 1.0)",1,98.81190881039588,42968
"(0.7916666666666666, 1.0)",1,98.811793980053,42969
"(0.9958292603453894, 1.0)",1,98.81172258898042,42970
"(0.8633762288330498, 1.0)",1,98.8116474280894,42971
"(0.9326599326599326, 0.9833229101521784)",1,98.81161938518618,42972
"(0.9161952650324744, 0.9833229101521784)",1,98.81126565522683,42973
"(0.9182966261114094, 0.9916585206907788)",1,98.81112296036449,42974
"(0.9365496267832196, 0.9958292603453894)",1,98.81110532217616,42975
"(0.9833251873574456, 0.9958292603453894)",1,98.81100468640392,42976
"(0.8316498316498316, 1.0)",1,98.81095312726742,42977
"(0.8374727668845315, 1.0)",1,98.81093653438086,42978
"(0.8294970161977834, 1.0)",1,98.81093429300476,42979
"(0.8315474711586087, 0.9958292603453894)",1,98.81091109664374,42980
"(0.8600291387756281, 0.9916585206907788)",1,98.81087448673894,42981
"(0.9750481776288228, 0.9958292603453894)",1,98.81084598705786,42982
"(0.60813728824501, 1.0)",1,98.81075937429743,42983
"(0.9916585206907788, 0.9958292603453894)",1,98.81062786517064,42984
"(0.7562136521052955, 1.0)",1,98.81050318830675,42985
"(0.5910680656443368, 1.0)",1,98.81048497281172,42986
"(0.8958208965097509, 0.9958292603453894)",1,98.81045274045708,42987
"(0.8053381731676306, 0.986081059422206)",1,98.8104354072838,42988
"(0.6825396825396824, 1.0)",1,98.81038748819046,42989
"(0.9114218054477384, 0.9916339869281046)",1,98.8103681173016,42990
"(0.962505246140658, 0.9958292603453894)",1,98.8103045893925,42991
"(0.7675138481590094, 1.0)",1,98.810253950208,42992
"(0.7946380416968652, 0.9958292603453894)",1,98.81012881920476,42993
"(0.9581423242435478, 0.9958292603453894)",1,98.81011422402683,42994
"(0.7077308656256025, 1.0)",1,98.81005832040742,42995
"(0.9442283950617284, 1.0)",2,98.80992341897324,42997
"(0.8651903651903651, 1.0)",1,98.8099136635722,42998
"(0.8717520170461346, 0.9958292603453894)",2,98.80979011992892,43000
"(0.9279680209218476, 0.9958292603453894)",1,98.80974101756064,43001
"(0.8796475392220073, 1.0)",1,98.80971462333272,43002
"(0.8355992355992357, 1.0)",1,98.80963635996429,43003
"(0.9153439153439152, 1.0)",1,98.80963517182464,43004
"(0.8907966222338917, 0.9958292603453894)",1,98.80963208653873,43005
"(0.7310532222812924, 1.0)",1,98.80953959305792,43006
"(0.97934925289764, 0.9958292603453894)",1,98.80941377083585,43007
"(0.8342074592074593, 1.0)",1,98.80941115533544,43008
"(0.9916666666666668, 0.9958292603453894)",1,98.8093790990132,43009
"(0.7042648709315374, 1.0)",1,98.80933309434124,43010
"(0.8316498316498316, 0.9833229101521784)",1,98.80928776539632,43011
"(0.776488287126585, 1.0)",1,98.80926005307504,43012
"(0.9295946890286512, 1.0)",1,98.80925099310883,43013
"(0.9041196741854636, 0.991206314397104)",2,98.80925095783547,43015
"(0.7090909090909091, 0.9833229101521784)",1,98.80920520946816,43016
"(0.9504245882013664, 0.9958292603453894)",1,98.8091017698349,43017
"(0.9437903841498612, 1.0)",1,98.80899008842364,43018
"(0.844988344988345, 1.0)",1,98.80889081905342,43019
"(0.7713401051412279, 1.0)",1,98.80874255612116,43020
"(0.9333044546043194, 0.9916585206907788)",1,98.80872634216472,43021
"(0.9369808292429718, 0.9958292603453894)",1,98.8087044156735,43022
"(0.9792773561037318, 1.0)",1,98.80868644383705,43023
"(0.9333333333333332, 1.0)",2,98.80860599284084,43025
"(0.8016677935542034, 1.0)",1,98.80835276262032,43026
"(0.9749436010963526, 0.9958292603453894)",1,98.8083274149312,43027
"(0.7994987468671678, 1.0)",1,98.80828865424502,43028
"(0.4747763864042934, 1.0)",1,98.8082589600394,43029
"(0.7946380416968652, 0.9958292603453894)",1,98.80822733530005,43030
"(0.9166145507608924, 1.0)",2,98.8081654735108,43032
"(0.9749706744868036, 0.9958292603453894)",1,98.8080599269305,43033
"(0.7713401051412279, 1.0)",1,98.80794149420367,43034
"(0.8165509259259259, 1.0)",1,98.80793161862324,43035
"(0.9365496267832196, 0.9916585206907788)",1,98.8077964462618,43036
"(0.97934925289764, 0.9958292603453894)",2,98.8077102804479,43038
"(0.916104916104916, 1.0)",1,98.807675164097,43039
"(0.816195709052852, 1.0)",1,98.80756579433674,43040
"(0.9714797495442656, 0.9958292603453894)",1,98.80754603820088,43041
"(0.958095238095238, 0.9958292603453894)",1,98.80752207881191,43042
"(0.8840048840048841, 1.0)",1,98.80750849983916,43043
"(0.950297813353496, 0.9958292603453894)",1,98.80749828852466,43044
"(0.94291309888229, 0.991206314397104)",1,98.80747486949494,43045
"(0.9442283950617284, 1.0)",1,98.8074353612185,43046
"(0.8158879904162925, 1.0)",1,98.80742841205824,43047
"(0.9747273037595618, 0.9958292603453894)",1,98.8073811420928,43048
"(0.9833229101521784, 1.0)",1,98.80718706794384,43049
"(1.0, 1.0)",1,98.80717402476418,43050
"(0.9497171590194848, 1.0)",1,98.80704023715712,43051
"(0.8165520116739629, 1.0)",1,98.80694778255754,43052
"(0.6179693015417549, 1.0)",1,98.80665747099548,43053
"(0.8070855614973262, 1.0)",1,98.80656794365352,43054
"(0.8976982097186702, 1.0)",2,98.80656273639796,43056
"(0.8420013166556946, 1.0)",1,98.8065626661764,43057
"(0.9833229101521784, 1.0)",1,98.80652200157807,43058
"(0.8996392387758612, 0.9916339869281046)",1,98.80652000350504,43059
"(0.9791348015256934, 0.9958292603453894)",1,98.80651656272607,43060
"(0.826388888888889, 1.0)",1,98.80638081410127,43061
"(0.9228120179844318, 0.9958292603453894)",1,98.80629902013334,43062
"(0.7294281157362763, 1.0)",1,98.8062893810132,43063
"(0.8976982097186702, 1.0)",2,98.80621924521606,43065
"(0.8449978636391381, 1.0)",1,98.80607619982298,43066
"(0.8814814814814814, 1.0)",1,98.80600175645544,43067
"(0.7090909090909091, 1.0)",1,98.80600119521814,43068
"(0.979166518665308, 1.0)",1,98.80591367931252,43069
"(0.9377148530109056, 0.991206314397104)",3,98.80590873825308,43072
"(0.9874877810361682, 0.9958292603453894)",2,98.8059074709933,43074
"(0.9834358767945106, 0.9958292603453894)",1,98.80585020065864,43075
"(0.4747763864042934, 1.0)",1,98.80580961349476,43076
"(0.8814814814814814, 1.0)",1,98.80563471765518,43077
"(0.9125533644430458, 0.9916339869281046)",1,98.8055746329543,43078
"(0.7278086237149632, 1.0)",1,98.80557020178918,43079
"(0.9165164082221422, 1.0)",1,98.80552127312744,43080
"(0.9169719169719168, 1.0)",1,98.80542240529404,43081
"(0.8468951683237397, 1.0)",1,98.80534539905037,43082
"(0.8233703746133577, 1.0)",1,98.8053418383744,43083
"(0.9161952650324744, 1.0)",1,98.80530579589453,43084
"(0.757745166550198, 1.0)",1,98.80528983755995,43085
"(0.9205517358458536, 0.9916339869281046)",1,98.80521140302164,43086
"(0.861111111111111, 1.0)",1,98.80517992164503,43087
"(0.4714849648217822, 1.0)",1,98.80517454270608,43088
"(0.9674564520532262, 0.9958292603453894)",1,98.80502603221102,43089
"(0.6907243513029603, 1.0)",1,98.8050105862868,43090
"(0.9833229101521784, 1.0)",1,98.8049950858767,43091
"(0.6179693015417549, 1.0)",1,98.80482963885156,43092
"(0.9583930063253372, 1.0)",1,98.8047147579842,43093
"(0.9748850895736324, 0.9958292603453894)",1,98.8046685658955,43094
"(0.8365328658269835, 0.9916585206907788)",1,98.80466193914404,43095
"(0.8483418730488175, 0.9958292603453894)",1,98.80465413753876,43096
"(0.8976982097186702, 1.0)",1,98.8046394662266,43097
"(0.8796475392220073, 1.0)",1,98.80460154012516,43098
"(0.7060994560994561, 1.0)",1,98.80448923679378,43099
"(0.9916625936787228, 0.9958292603453894)",1,98.80440361322076,43100
"(0.8181654379194883, 1.0)",1,98.80433025347484,43101
"(0.8633762288330498, 1.0)",1,98.8042352630923,43102
"(0.7979797979797979, 1.0)",1,98.80413087960258,43103
"(0.9198255060602112, 0.9916585206907788)",1,98.80394815963204,43104
"(0.6575398846941737, 1.0)",1,98.8038404210282,43105
"(0.8848000715856217, 1.0)",1,98.80383230093037,43106
"(0.8872426490351017, 1.0)",1,98.80379496591904,43107
"(0.882673371045464, 1.0)",1,98.80374451451866,43108
"(0.9750481776288228, 0.9958292603453894)",1,98.80372334749012,43109
"(0.8760238095238095, 0.9958292603453894)",1,98.80355742195306,43110
"(0.8222222222222222, 1.0)",1,98.8035246884857,43111
"(1.0, 1.0)",1,98.80340955639764,43112
"(0.7362637362637362, 1.0)",1,98.80338589027238,43113
"(0.917415489944373, 1.0)",1,98.80322398289807,43114
"(0.8365328658269835, 0.9958292603453894)",1,98.80319978029726,43115
"(0.9580331374974232, 1.0)",1,98.80319197436212,43116
"(0.9665831244778612, 1.0)",2,98.80317361524035,43118
"(0.8976982097186702, 1.0)",1,98.803055240162,43119
"(0.93773047895128, 0.9958292603453894)",1,98.8030187209832,43120
"(0.8814814814814814, 1.0)",1,98.80300397651946,43121
"(0.8222222222222222, 1.0)",1,98.80300083124216,43122
"(0.6521663785997688, 1.0)",1,98.80292962257067,43123
"(0.9182966261114094, 0.9916585206907788)",1,98.80282868371576,43124
"(0.9916666666666668, 0.9958292603453894)",1,98.80281337547036,43125
"(0.8495378883833893, 0.9958292603453894)",1,98.80264750651376,43126
"(0.8796475392220073, 1.0)",1,98.8025789499627,43127
"(0.7198480531813864, 1.0)",1,98.80250726868942,43128
"(0.9871616776282092, 0.9958292603453894)",1,98.8024822444968,43129
"(0.5070372093557577, 1.0)",1,98.80243686498449,43130
"(0.8760238095238095, 0.9958292603453894)",1,98.80238235234992,43131
"(0.9833229101521784, 1.0)",1,98.802333993638,43132
"(0.9126251340467026, 0.9916666666666668)",1,98.802312207748,43133
"(0.8600291387756281, 0.9958292603453894)",1,98.802253433806,43134
"(0.8533622685185187, 1.0)",1,98.80222924342294,43135
"(0.80285509389987, 1.0)",1,98.80214455678028,43136
"(0.746304385688563, 1.0)",1,98.80210152832866,43137
"(0.9707095350359108, 0.9958292603453894)",1,98.80191758777718,43138
"(0.7532376017916352, 1.0)",1,98.80181810351112,43139
"(0.917655049465296, 0.9916585206907788)",1,98.80172076547872,43140
"(0.9280459216361852, 0.9958292603453894)",1,98.80162609508328,43141
"(0.9744745723240348, 0.9958292603453894)",1,98.8015453785556,43142
"(0.9445972545972546, 1.0)",1,98.80122117356004,43143
"(1.0, 0.9665831244778612)",1,98.80121765301044,43144
"(0.9157097551404952, 0.9958292603453894)",1,98.80108912602736,43145
"(0.987463247273494, 0.9958292603453894)",1,98.80104651785632,43146
"(0.9476043407479208, 1.0)",1,98.80102184978826,43147
"(0.93773047895128, 0.9958292603453894)",1,98.80087952663212,43148
"(0.9832925076188832, 0.9958292603453894)",1,98.8008447490814,43149
"(0.9658159033159032, 0.9958292603453894)",1,98.80081026151116,43150
"(0.5910680656443368, 1.0)",1,98.8007561048306,43151
"(0.844988344988345, 1.0)",1,98.8007279796606,43152
"(0.8813080639167598, 1.0)",1,98.80070936591336,43153
"(0.949977467563772, 0.9958292603453894)",1,98.80061366336214,43154
"(0.90616388000495, 0.9958292603453894)",1,98.8005901835871,43155
"(0.8810064268049709, 0.991206314397104)",1,98.80057332649092,43156
"(0.8137566137566138, 1.0)",1,98.80053939362082,43157
"(0.9876221896383188, 0.9705383010048324)",1,98.80053913618951,43158
"(0.9497171590194848, 1.0)",1,98.80052779650497,43159
"(0.80285509389987, 1.0)",1,98.80046356066092,43160
"(0.9546499948224086, 0.9958292603453894)",1,98.8003821604806,43161
"(0.9326599326599326, 1.0)",1,98.80029906358595,43162
"(0.9833229101521784, 1.0)",1,98.80016294430216,43163
"(0.9250222656674272, 0.9958292603453894)",1,98.79994469982344,43164
"(0.7802197802197803, 1.0)",1,98.79990287990022,43165
"(0.8222222222222222, 1.0)",1,98.7998729422769,43166
"(0.9750481776288228, 0.9958292603453894)",2,98.79983499332236,43168
"(0.9788283442948758, 0.9958292603453894)",1,98.7997246863428,43169
"(0.9161952650324744, 1.0)",1,98.79968511059248,43170
"(0.6733821733821733, 1.0)",1,98.79958780150682,43171
"(0.9833040078201368, 0.9958292603453894)",1,98.79958295663263,43172
"(0.6378166586499919, 1.0)",1,98.79953657370586,43173
"(0.9365496267832196, 0.9958292603453894)",1,98.79952707284286,43174
"(0.9609386607489072, 0.9958292603453894)",1,98.79950845361532,43175
"(0.8222222222222222, 1.0)",1,98.79943559398572,43176
"(0.8420013166556947, 1.0)",2,98.79941543021684,43178
"(0.9609386607489072, 0.9958292603453894)",1,98.79930550244464,43179
"(0.8867361313822293, 0.9958292603453894)",1,98.7992838936857,43180
"(0.9295946890286512, 1.0)",1,98.79921080390793,43181
"(0.5910680656443368, 1.0)",1,98.79919721370092,43182
"(0.9504245882013664, 0.9958292603453894)",1,98.79914755356792,43183
"(0.9748524098350704, 0.9958292603453894)",1,98.7991298621515,43184
"(0.8150750769839252, 0.9958292603453894)",1,98.79907586287304,43185
"(0.7687400318979267, 1.0)",1,98.79896394860488,43186
"(0.9714797495442656, 0.9958292603453894)",1,98.79873452951476,43187
"(0.9748076591340348, 1.0)",1,98.798600136532,43188
"(0.6825396825396824, 1.0)",1,98.79852337629772,43189
"(0.9250222656674272, 0.9958292603453894)",1,98.79850397521064,43190
"(0.8467532467532467, 1.0)",1,98.79845592381986,43191
"(0.8449978636391381, 1.0)",1,98.79835341029606,43192
"(0.9876066164491212, 0.9958292603453894)",1,98.7983321353991,43193
"(1.0, 0.9958292603453894)",1,98.79829210195926,43194
"(0.5555555555555555, 1.0)",1,98.79828005995724,43195
"(0.8156295830714435, 0.9833229101521784)",1,98.79826104608148,43196
"(0.7372334455667788, 1.0)",1,98.79812219547992,43197
"(0.9791102677630192, 0.9958292603453894)",1,98.79802033492656,43198
"(0.7532376017916352, 1.0)",1,98.79797187412424,43199
"(0.8840455840455841, 1.0)",1,98.79786515227693,43200
"(0.7601164382773579, 1.0)",1,98.79781842986256,43201
"(0.9916585206907788, 0.9958292603453894)",1,98.7976856301748,43202
"(0.7119388248146047, 1.0)",2,98.79764564016176,43204
"(0.8181654379194883, 1.0)",2,98.79760400156498,43206
"(0.9916339869281046, 0.9958292603453894)",1,98.79752303222224,43207
"(0.9295946890286512, 1.0)",1,98.7975157566788,43208
"(0.816195709052852, 1.0)",2,98.79748237631512,43210
"(0.9669558693467613, 0.9958292603453894)",2,98.79742655408194,43212
"(0.8796475392220073, 1.0)",1,98.7974073249499,43213
"(0.7979797979797979, 1.0)",1,98.7973901004202,43214
"(0.4943189964157706, 1.0)",1,98.79722496800198,43215
"(0.8997493734335841, 1.0)",1,98.79710151596272,43216
"(0.8468951683237397, 1.0)",1,98.79707308402396,43217
"(0.971023600055858, 0.9958292603453894)",1,98.79699177535348,43218
"(0.9916585206907788, 0.9958292603453894)",1,98.79689001044582,43219
"(0.9333152311646936, 0.9916339869281046)",1,98.79688607325556,43220
"(0.9435817855979146, 0.9958292603453894)",1,98.79676464493596,43221
"(0.9508264734071186, 0.9958292603453894)",1,98.79674760122786,43222
"(0.4039045743444857, 1.0)",1,98.79665886857607,43223
"(0.9009287520039462, 1.0)",1,98.7964241286794,43224
"(0.9832401090007582, 0.9958292603453894)",1,98.79638011572824,43225
"(0.9008025849489264, 0.9833229101521784)",2,98.79637610766945,43227
"(0.9791332681655264, 0.9958292603453894)",2,98.7963018077269,43229
"(0.9791332681655264, 0.9916585206907788)",1,98.79625052368635,43230
"(0.8316498316498316, 1.0)",1,98.7961490282062,43231
"(0.8483418730488175, 0.9916585206907788)",2,98.79612716590113,43233
"(0.837707400507675, 1.0)",1,98.7961151493006,43234
"(0.7344692811916678, 1.0)",1,98.79602128677432,43235
"(0.7982894736842105, 1.0)",1,98.79601385550356,43236
"(0.9664171122994653, 0.9958292603453894)",1,98.79598801115417,43237
"(0.6907243513029603, 1.0)",1,98.79595708957304,43238
"(0.8586166985951469, 1.0)",1,98.79592679302756,43239
"(0.8425483191745751, 0.9885557944107872)",1,98.7959200759386,43240
"(0.8586166985951469, 1.0)",1,98.79576365030024,43241
"(0.4039045743444857, 1.0)",1,98.7957598847072,43242
"(0.8997493734335841, 1.0)",2,98.79562093242023,43244
"(0.945364478411655, 0.9958292603453894)",1,98.79551743718004,43245
"(0.987463247273494, 0.9958292603453894)",1,98.79547912179422,43246
"(0.9833229101521784, 1.0)",1,98.79541862885584,43247
"(0.8976982097186702, 1.0)",2,98.79539549682096,43249
"(0.9166145507608924, 1.0)",2,98.7951609156159,43251
"(0.9665831244778612, 1.0)",1,98.79501270126566,43252
"(0.5070372093557577, 1.0)",1,98.79491982355594,43253
"(0.933096859926128, 1.0)",1,98.79491604928806,43254
"(0.8374727668845315, 1.0)",1,98.79489080170949,43255
"(0.9280459216361852, 0.9916585206907788)",1,98.79477322057149,43256
"(0.6784722222222224, 1.0)",2,98.79457669609327,43258
"(0.9333333333333332, 1.0)",1,98.79441146558408,43259
"(0.861111111111111, 1.0)",1,98.7942656804804,43260
"(0.9299160159815896, 1.0)",1,98.79418568718197,43261
"(0.8341307814992026, 0.9833229101521784)",1,98.79417987441596,43262
"(0.8476190476190477, 1.0)",4,98.79414440728232,43266
"(0.8996392387758612, 0.9916339869281046)",1,98.7940928781461,43267
"(0.9503122778456484, 0.9916585206907788)",2,98.79406477170312,43269
"(0.9876066164491212, 0.9958292603453894)",1,98.79406277726989,43270
"(0.9250222656674272, 0.9958292603453894)",1,98.79378203534718,43271
"(0.7946380416968652, 0.9958292603453894)",1,98.79373980218006,43272
"(0.9833229101521784, 1.0)",2,98.79355043589358,43274
"(0.9279680209218476, 0.9958292603453894)",1,98.79339085202731,43275
"(0.9279680209218476, 0.9958292603453894)",1,98.79333979805416,43276
"(0.7134615384615385, 1.0)",1,98.79332686947892,43277
"(0.6760835913312693, 1.0)",1,98.79332229204314,43278
"(0.738145558145558, 1.0)",1,98.793205270898,43279
"(0.97495917428555, 0.9958292603453894)",1,98.79312744933226,43280
"(0.987491854024112, 0.9958292603453894)",1,98.79308633856776,43281
"(0.8399588504703595, 0.9958292603453894)",1,98.79304268402149,43282
"(0.9876066164491212, 0.9958292603453894)",1,98.79303214320662,43283
"(0.9, 1.0)",1,98.79302469745346,43284
"(0.9750854369118126, 0.9958292603453894)",1,98.79296460098747,43285
"(0.9454999712494968, 0.9958292603453894)",1,98.79292185612567,43286
"(0.7340930674264006, 1.0)",1,98.7929181730946,43287
"(0.8929015655249481, 0.9916585206907788)",1,98.79285519886834,43288
"(0.738145558145558, 1.0)",1,98.79278461874448,43289
"(0.9916666666666668, 0.9916666666666668)",1,98.79270077777086,43290
"(0.859499940327008, 1.0)",2,98.79267913673206,43292
"(0.7000013129045387, 1.0)",1,98.7926253026847,43293
"(0.8997493734335841, 1.0)",1,98.7926232016658,43294
"(0.8165509259259259, 1.0)",1,98.79260579626836,43295
"(0.6155278427792774, 0.9996210215628012)",1,98.79251836712564,43296
"(0.9833229101521784, 1.0)",2,98.79220586566387,43298
"(0.9916585206907788, 0.9958292603453894)",1,98.79217240224862,43299
"(0.9706172005998612, 0.9958292603453894)",1,98.79212357294136,43300
"(0.916687675070028, 0.9958292603453894)",1,98.79209458439016,43301
"(0.8495378883833893, 0.9958292603453894)",1,98.79204702609046,43302
"(0.4943189964157706, 1.0)",1,98.79200130034164,43303
"(0.9041196741854636, 0.991206314397104)",3,98.79189225110817,43306
"(0.9749706744868036, 0.9958292603453894)",1,98.791867612749,43307
"(0.9916585206907788, 0.9958292603453894)",1,98.79185729431347,43308
"(0.8762860082304527, 1.0)",1,98.79173953793811,43309
"(0.8796475392220073, 1.0)",1,98.79160212913752,43310
"(0.8222222222222222, 1.0)",1,98.79156463536616,43311
"(0.7340930674264006, 1.0)",1,98.79156169002216,43312
"(0.882673371045464, 1.0)",1,98.79153960158962,43313
"(0.9916585206907788, 0.9958292603453894)",1,98.79150341413867,43314
"(0.94291309888229, 0.991206314397104)",1,98.7914850205162,43315
"(0.7532376017916352, 1.0)",1,98.79144890182737,43316
"(0.9833040078201368, 0.9958292603453894)",2,98.79142726892294,43318
"(1.0, 0.9958292603453894)",1,98.79142158553412,43319
"(0.4039045743444857, 1.0)",1,98.79134262994684,43320
"(0.9437903841498612, 1.0)",1,98.79130851534866,43321
"(0.9665831244778612, 1.0)",2,98.79128829524146,43323
"(0.917655049465296, 0.9958292603453894)",2,98.79127847219446,43325
"(0.9497171590194846, 1.0)",1,98.79125799618458,43326
"(0.6907243513029603, 1.0)",1,98.79109164570905,43327
"(0.93773047895128, 0.9958292603453894)",1,98.79094763395244,43328
"(0.7204751921733054, 1.0)",1,98.79083632144732,43329
"(0.837707400507675, 1.0)",1,98.79081982827448,43330
"(0.916104916104916, 1.0)",1,98.79061038561876,43331
"(0.9008627640703112, 1.0)",1,98.79057366596636,43332
"(0.9580331374974232, 1.0)",1,98.79057335917022,43333
"(0.8811945374355704, 1.0)",2,98.7905642339683,43335
"(0.9546499948224086, 0.9958292603453894)",1,98.79051895585282,43336
"(0.9580331374974232, 1.0)",1,98.79043997558048,43337
"(0.983305541180304, 0.9958292603453894)",1,98.79032880957377,43338
"(0.6733821733821733, 1.0)",1,98.79024388982016,43339
"(0.987463247273494, 0.9958292603453894)",1,98.79023514849996,43340
"(1.0, 1.0)",1,98.79019027521758,43341
"(0.5891971035837016, 1.0)",1,98.79016713625415,43342
"(0.8703703703703703, 1.0)",1,98.79008639946798,43343
"(0.7687400318979267, 1.0)",2,98.79004930907524,43345
"(0.6336863589341304, 1.0)",1,98.79004721339597,43346
"(0.947552083649559, 0.9958292603453894)",1,98.79003067867896,43347
"(0.903667392883079, 1.0)",1,98.78992641880691,43348
"(0.97934925289764, 0.9958292603453894)",1,98.78955365753296,43349
"(0.73687720936437, 1.0)",1,98.78953419252076,43350
"(0.8814814814814814, 1.0)",1,98.78949607439466,43351
"(0.7361988647484831, 1.0)",1,98.78948413307896,43352
"(0.9750943974852894, 0.9958292603453894)",1,98.78941012054968,43353
"(0.9916585206907788, 0.9958292603453894)",1,98.78911715420595,43354
"(0.9499687304565352, 1.0)",1,98.78895790136082,43355
"(0.8845424223473003, 1.0)",1,98.78889497769477,43356
"(0.6825396825396824, 1.0)",1,98.78884442194456,43357
"(0.9833229101521784, 1.0)",1,98.78884209692286,43358
"(1.0, 1.0)",1,98.78880478106922,43359
"(0.7198480531813864, 1.0)",2,98.7886120978975,43361
"(0.9280317595086728, 0.9958292603453894)",1,98.78850383708316,43362
"(0.8996392387758612, 0.9916339869281046)",1,98.78848874608308,43363
"(0.5555555555555555, 1.0)",1,98.78840942255572,43364
"(0.9299507899507898, 1.0)",1,98.78820662872629,43365
"(0.9750780096985032, 0.9958292603453894)",1,98.78799025052516,43366
"(0.8443691323092412, 0.9958292603453894)",1,98.78796441543244,43367
"(0.9791299139401608, 0.9958292603453894)",1,98.7878692638408,43368
"(0.7965746171391332, 1.0)",1,98.7878461217365,43369
"(0.9166145507608924, 1.0)",1,98.78783505577844,43370
"(0.9384174012481092, 0.9958292603453894)",1,98.7878326487239,43371
"(0.9198255060602112, 0.9958292603453894)",1,98.7877020850602,43372
"(0.908657698678324, 0.9958292603453894)",1,98.78757607326716,43373
"(0.9008627640703112, 1.0)",1,98.7874810571074,43374
"(0.7786375661375661, 1.0)",1,98.78731159221434,43375
"(0.9009287520039462, 1.0)",1,98.78724391476652,43376
"(0.8600291387756281, 0.9958292603453894)",1,98.78723227047118,43377
"(0.9833211143695014, 0.9958292603453894)",1,98.78695643285464,43378
"(0.979055829228243, 0.9916666666666668)",1,98.78682915285457,43379
"(0.8796475392220073, 1.0)",1,98.78681186114486,43380
"(0.8579868984630887, 1.0)",1,98.7867585592932,43381
"(0.8222222222222222, 1.0)",1,98.7867007173622,43382
"(0.8315474711586087, 0.9958292603453894)",1,98.78669662054487,43383
"(0.9833229101521784, 1.0)",1,98.78653758345224,43384
"(0.8867361313822293, 0.9916666666666668)",1,98.78648049107407,43385
"(0.9161952650324744, 1.0)",1,98.78643293437024,43386
"(0.8867361313822293, 0.9958292603453894)",1,98.78636689708485,43387
"(0.8810064268049709, 0.991206314397104)",1,98.7863577398773,43388
"(0.916104916104916, 1.0)",2,98.78629626553378,43390
"(0.9435817855979146, 0.9958292603453894)",1,98.7862712351625,43391
"(0.8483418730488175, 0.9958292603453894)",1,98.78626379809184,43392
"(0.9497171590194846, 1.0)",1,98.78614645782152,43393
"(0.9580331374974232, 1.0)",2,98.7860131407823,43395
"(0.9034438470728792, 0.9958292603453894)",1,98.78599790461044,43396
"(0.9833229101521784, 1.0)",1,98.78598045496425,43397
"(0.9250222656674272, 0.9916585206907788)",1,98.78594822699196,43398
"(0.8471527473990528, 1.0)",1,98.78590839069602,43399
"(0.8471527473990528, 1.0)",1,98.78582921621486,43400
"(1.0, 1.0)",1,98.78572875253695,43401
"(0.975195619792394, 0.9958292603453894)",1,98.78563437078296,43402
"(0.9454999712494968, 0.9958292603453894)",1,98.78561605383896,43403
"(0.9583930063253372, 1.0)",1,98.78558133041616,43404
"(0.9916585206907788, 0.9958292603453894)",1,98.78554882658166,43405
"(0.9833080808080809, 0.9958292603453894)",1,98.7853780685834,43406
"(0.9435817855979146, 0.9958292603453894)",2,98.78530282507536,43408
"(0.7880931329207191, 1.0)",1,98.78527230427127,43409
"(0.9009141059441464, 0.9958292603453894)",1,98.78514636874962,43410
"(0.9326599326599326, 1.0)",1,98.7850624450938,43411
"(0.9408363037601548, 0.9958292603453894)",1,98.78504968626946,43412
"(0.6698155645524068, 0.9833229101521784)",1,98.78501778764496,43413
"(0.4864161875237363, 0.9992416608232524)",3,98.78501754025136,43416
"(0.9369808292429718, 0.9958292603453894)",1,98.78499634794711,43417
"(0.9832184229069656, 0.9958292603453894)",1,98.78499153125054,43418
"(0.8929015655249481, 0.9958292603453894)",1,98.78487407378248,43419
"(0.9008627640703112, 1.0)",1,98.784837238035,43420
"(0.7060994560994561, 1.0)",1,98.78482775253018,43421
"(0.8976982097186702, 1.0)",1,98.7847403535002,43422
"(0.6698155645524068, 1.0)",1,98.78467638491522,43423
"(0.9497171590194846, 1.0)",1,98.78462419627742,43424
"(0.7601164382773579, 1.0)",1,98.7845685181668,43425
"(0.4776542240827955, 1.0)",1,98.78447259809556,43426
"(0.6961063627730295, 1.0)",1,98.78446605866444,43427
"(0.8300265307680562, 1.0)",1,98.78434890582592,43428
"(0.893146638589877, 1.0)",1,98.78421948048322,43429
"(0.9291343771135042, 0.9958292603453894)",1,98.784076226271,43430
"(0.8443691323092412, 0.9958292603453894)",1,98.78404159550992,43431
"(0.8151249335459861, 1.0)",1,98.78401406853186,43432
"(0.9649790647893116, 0.9958292603453894)",1,98.78394670900336,43433
"(0.7647742788871822, 1.0)",1,98.78391287443245,43434
"(0.9326599326599326, 1.0)",1,98.78389335438516,43435
"(0.9616410906733488, 0.9958292603453894)",1,98.78389071256666,43436
"(0.81893131227901, 1.0)",1,98.78379008548512,43437
"(0.8832603710652491, 1.0)",1,98.78378647042038,43438
"(0.9131856219190184, 0.9958292603453894)",1,98.78377662956756,43439
"(0.9008025849489264, 1.0)",1,98.7836552752374,43440
"(0.8300265307680562, 1.0)",1,98.78340864463956,43441
"(0.8266173510466989, 1.0)",1,98.78326959523764,43442
"(0.9496114574862204, 0.9916339869281046)",2,98.78324555232123,43444
"(0.94993894993895, 1.0)",1,98.78316363729226,43445
"(0.6378166586499919, 1.0)",1,98.78313412788634,43446
"(0.9750481776288228, 0.9958292603453894)",1,98.78302936576642,43447
"(0.9748524098350704, 0.9958292603453894)",1,98.78277469360005,43448
"(0.9522870228046522, 0.9882048106149588)",1,98.78276737440656,43449
"(0.8443691323092412, 0.9958292603453894)",1,98.78258759666424,43450
"(0.987463247273494, 0.9958292603453894)",1,98.78252008688654,43451
"(0.8552744708994707, 1.0)",1,98.78245528061233,43452
"(1.0, 0.9833229101521784)",2,98.7824051999919,43454
"(0.8653198653198653, 1.0)",1,98.7823436432502,43455
"(0.934122934122934, 1.0)",1,98.78215378918274,43456
"(0.9876066164491212, 0.9958292603453894)",1,98.78210247843288,43457
"(0.7340930674264006, 1.0)",1,98.78210032694906,43458
"(0.9331662489557224, 1.0)",1,98.78208510152946,43459
"(0.94291309888229, 0.991206314397104)",1,98.78204938598076,43460
"(0.8907966222338917, 0.9958292603453894)",1,98.78198848110507,43461
"(0.9435817855979146, 0.9958292603453894)",1,98.78197931441898,43462
"(0.8653198653198653, 0.9833229101521784)",1,98.78194988332292,43463
"(0.9833229101521784, 1.0)",1,98.78193868559602,43464
"(0.8420013166556946, 1.0)",1,98.78189932375996,43465
"(0.8880984643179766, 1.0)",1,98.78187087289736,43466
"(0.6215073982652175, 1.0)",1,98.78171706008476,43467
"(1.0, 1.0)",1,98.78169821521364,43468
"(0.9369138996969484, 0.9958292603453894)",1,98.78164579843744,43469
"(0.9583930063253372, 1.0)",1,98.78161791002628,43470
"(0.8316498316498316, 1.0)",1,98.78158926013964,43471
"(0.8976982097186702, 0.9665831244778612)",1,98.78148075864893,43472
"(0.5131569832583307, 1.0)",2,98.78130607450296,43474
"(0.8867361313822293, 0.9958292603453894)",2,98.78116957480644,43476
"(0.9833229101521784, 1.0)",1,98.78108049462692,43477
"(0.8315474711586087, 0.9916585206907788)",1,98.78105681061822,43478
"(0.8997493734335841, 1.0)",1,98.78100977481222,43479
"(0.7713401051412279, 1.0)",1,98.78090467496558,43480
"(0.9293300445873568, 0.9916339869281046)",1,98.7808781887336,43481
"(0.9199973910846122, 0.9916339869281046)",2,98.78079130766716,43483
"(0.7183489076634237, 1.0)",1,98.78074558925238,43484
"(0.974772367065274, 0.9958292603453894)",1,98.78065610930793,43485
"(0.9300671002153482, 1.0)",1,98.7805902466811,43486
"(0.8976982097186702, 1.0)",2,98.78051749763318,43488
"(0.6521663785997688, 1.0)",1,98.78045660073477,43489
"(0.8552744708994707, 1.0)",1,98.78027258272095,43490
"(0.9295946890286512, 1.0)",1,98.780265220705,43491
"(0.8315474711586087, 0.9916585206907788)",1,98.78018585193942,43492
"(0.9018806250259218, 1.0)",1,98.78017633822309,43493
"(0.4039045743444857, 1.0)",1,98.78005233548824,43494
"(0.9332172991312776, 0.9958292603453894)",1,98.78000982963158,43495
"(0.8796475392220073, 1.0)",1,98.77999374604076,43496
"(0.9791585206907788, 0.9958292603453894)",1,98.7798323797706,43497
"(0.9369808292429718, 0.9958292603453894)",2,98.77961164138522,43499
"(0.786508365740383, 1.0)",1,98.77959282041203,43500
"(0.9332172991312776, 0.9916585206907788)",1,98.7795173020451,43501
"(0.9873444118605408, 0.9958292603453894)",1,98.77951391625092,43502
"(0.9192093318943212, 0.9882048106149588)",1,98.77940447955494,43503
"(1.0, 1.0)",2,98.77935229491224,43505
"(0.7545469576719577, 1.0)",1,98.77930390411564,43506
"(1.0, 1.0)",1,98.77929089500265,43507
"(0.8300265307680562, 1.0)",1,98.7792440148341,43508
"(1.0, 1.0)",1,98.77917740890544,43509
"(1.0, 0.9958292603453894)",1,98.77914938919515,43510
"(0.9295946890286512, 1.0)",1,98.77908627563696,43511
"(0.97934925289764, 0.9958292603453894)",1,98.77907596259617,43512
"(0.80285509389987, 1.0)",1,98.77903540374716,43513
"(0.7294281157362763, 1.0)",1,98.77902750970036,43514
"(0.6825396825396824, 1.0)",1,98.7789977334132,43515
"(0.9833211143695014, 0.9958292603453894)",1,98.7789735496057,43516
"(0.9834358767945106, 0.9958292603453894)",1,98.7788930886788,43517
"(0.9748524098350704, 0.9958292603453894)",1,98.77874732312104,43518
"(0.8796475392220073, 1.0)",1,98.77873503115826,43519
"(0.9788980434141724, 0.9958292603453894)",1,98.77871691354208,43520
"(0.9490213526488036, 0.9958292603453894)",1,98.77855250713894,43521
"(0.7545469576719577, 1.0)",1,98.77849208696868,43522
"(0.9126251340467026, 0.9958292603453894)",1,98.77848303368567,43523
"(0.9665633291439744, 0.9958292603453894)",1,98.77847793321926,43524
"(0.931200007971039, 0.9916339869281046)",1,98.77846142738144,43525
"(0.9746854694957162, 0.9958292603453894)",1,98.77842427732254,43526
"(0.8222222222222222, 1.0)",1,98.77841671291556,43527
"(0.9437903841498612, 1.0)",1,98.7784147164256,43528
"(0.9086695042340204, 0.9958292603453894)",1,98.77840144647644,43529
"(0.9609386607489072, 0.9958292603453894)",1,98.77806653870788,43530
"(0.7982894736842105, 1.0)",1,98.77797158608108,43531
"(0.8796475392220073, 1.0)",1,98.77795279886168,43532
"(0.8867361313822293, 0.9958292603453894)",1,98.77784123565398,43533
"(0.9833229101521784, 1.0)",1,98.77778303939492,43534
"(0.944563492063492, 1.0)",1,98.77772399321066,43535
"(0.8717520170461346, 0.9958292603453894)",1,98.77762391768609,43536
"(0.9166682405676116, 1.0)",1,98.77761035883177,43537
"(0.8928598364786969, 0.9958292603453894)",1,98.7775800794118,43538
"(0.9916585206907788, 0.9958292603453894)",1,98.7775766210826,43539
"(0.9166145507608924, 1.0)",1,98.777514527396,43540
"(0.917415489944373, 1.0)",1,98.77741909972912,43541
"(0.7155555555555556, 1.0)",1,98.77731265420118,43542
"(0.6179693015417549, 1.0)",1,98.77723615993293,43543
"(0.6907243513029603, 1.0)",1,98.77717270513122,43544
"(1.0, 1.0)",1,98.7771304433692,43545
"(0.8222222222222222, 1.0)",1,98.77704162906164,43546
"(0.8586166985951469, 1.0)",1,98.77704096552053,43547
"(0.9169719169719168, 1.0)",1,98.7769977633264,43548
"(0.8717520170461346, 0.9958292603453894)",1,98.77689616654136,43549
"(0.9412172027494607, 0.9958292603453894)",1,98.77679434178098,43550
"(0.8786901405005916, 0.9958292603453894)",1,98.77678534182633,43551
"(0.8796475392220073, 1.0)",1,98.77677305464904,43552
"(0.5752595275257699, 1.0)",1,98.77666790751188,43553
"(0.7687400318979267, 0.9833229101521784)",1,98.776666861473,43554
"(0.8552744708994707, 1.0)",1,98.7766400685347,43555
"(0.9369138996969484, 0.9958292603453894)",1,98.77660554154204,43556
"(0.837707400507675, 1.0)",1,98.7765110205426,43557
"(0.6154850502676589, 1.0)",1,98.77647045283926,43558
"(0.8676532769556025, 1.0)",1,98.7764244739349,43559
"(0.9791299139401608, 0.9958292603453894)",1,98.7763409622026,43560
"(0.7060994560994561, 1.0)",1,98.7761551730296,43561
"(0.9490213526488036, 0.9958292603453894)",1,98.77614862930648,43562
"(0.8633762288330498, 1.0)",1,98.77611328437692,43563
"(0.8222222222222222, 1.0)",1,98.77607485299612,43564
"(0.8924228430110782, 0.9916339869281046)",1,98.77603767280397,43565
"(0.9707136080238548, 0.9958292603453894)",1,98.77589287994547,43566
"(0.9707095350359108, 0.9958292603453894)",1,98.77587039195464,43567
"(0.6611650515775019, 0.9992416608232524)",1,98.77586196855628,43568
"(0.987463247273494, 0.9958292603453894)",1,98.77579471406776,43569
"(0.8467532467532467, 1.0)",1,98.77564871666092,43570
"(0.8885714285714285, 1.0)",1,98.77544223509577,43571
"(1.0, 1.0)",1,98.77530469036816,43572
"(0.6907243513029603, 1.0)",1,98.77525701493543,43573
"(0.93773047895128, 0.9958292603453894)",1,98.77519506435571,43574
"(0.9748524098350704, 0.9958292603453894)",1,98.77511634839428,43575
"(0.9034438470728792, 0.9874877810361682)",2,98.77507920121808,43577
"(0.9326599326599326, 1.0)",1,98.77504625628752,43578
"(0.9166145507608924, 1.0)",4,98.77489040404376,43582
"(0.9793747635794354, 0.9958292603453894)",1,98.77488990383182,43583
"(0.6636745887678723, 1.0)",1,98.7748498328246,43584
"(0.944563492063492, 1.0)",1,98.77484025837992,43585
"(0.7479743867590829, 1.0)",1,98.7748380386316,43586
"(0.826388888888889, 1.0)",1,98.7746919974276,43587
"(0.7416325017951034, 1.0)",1,98.77459953476212,43588
"(0.8929015655249481, 0.9916666666666668)",1,98.7745877288866,43589
"(0.97934925289764, 0.9958292603453894)",1,98.7745272042319,43590
"(0.97934925289764, 0.987495927012056)",1,98.7745220467689,43591
"(0.987463247273494, 0.9958292603453894)",1,98.7744552984288,43592
"(0.9206165335472736, 0.9958292603453894)",1,98.77444168566116,43593
"(0.8151249335459861, 1.0)",1,98.77437467044956,43594
"(0.8633762288330498, 1.0)",1,98.77435020260268,43595
"(0.9490213526488036, 0.9958292603453894)",1,98.77422506953842,43596
"(0.9168295861844248, 1.0)",1,98.7742230606148,43597
"(0.9499687304565352, 1.0)",2,98.77416592340714,43599
"(0.7278086237149632, 1.0)",1,98.77412082481192,43600
"(0.9793622864590606, 0.9958292603453894)",1,98.77410822186184,43601
"(0.933249791144528, 1.0)",1,98.77399616674404,43602
"(0.8319340617212959, 1.0)",1,98.773948991046,43603
"(0.9444901834607716, 1.0)",1,98.77381075708406,43604
"(0.8653198653198653, 1.0)",1,98.77379410345432,43605
"(0.9189396095602992, 0.9958292603453894)",1,98.77375017957404,43606
"(0.9003556829643787, 1.0)",1,98.77374372438231,43607
"(0.9705196174266384, 0.9958292603453894)",1,98.7737436628323,43608
"(1.0, 1.0)",1,98.77373737373738,43609
"(0.7532376017916352, 1.0)",1,98.77368056849409,43610
"(0.8970129352925051, 0.9916339869281046)",1,98.77365839452176,43611
"(0.8300265307680562, 1.0)",1,98.77346351432404,43612
"(0.949977467563772, 0.9958292603453894)",1,98.77339566898954,43613
"(0.9189396095602992, 0.9958292603453894)",1,98.77336418434162,43614
"(0.9333044546043194, 0.9958292603453894)",1,98.77298567939576,43615
"(0.5070372093557577, 1.0)",1,98.77293711175582,43616
"(0.7687400318979267, 1.0)",1,98.7728622662348,43617
"(0.9609386607489072, 0.9958292603453894)",1,98.77279709445824,43618
"(0.8468089381754635, 1.0)",1,98.7727878455035,43619
"(0.9876221896383188, 0.9958292603453894)",1,98.7727815944874,43620
"(0.81893131227901, 1.0)",1,98.77274145370008,43621
"(0.9958292603453894, 0.9958292603453894)",1,98.7726670994938,43622
"(0.9182966261114094, 0.9958292603453894)",1,98.77260417431133,43623
"(0.9504245882013664, 0.9916585206907788)",1,98.77255844097483,43624
"(0.8845578466141503, 1.0)",1,98.77254676806456,43625
"(0.9384174012481092, 0.9958292603453894)",1,98.772526335058,43626
"(0.8177442148030384, 0.9833229101521784)",2,98.7724814788382,43628
"(0.8495378883833893, 0.9958292603453894)",2,98.77247378940083,43630
"(0.8065954953750508, 1.0)",1,98.77245547574282,43631
"(0.7060994560994561, 1.0)",1,98.77242996667044,43632
"(0.8016677935542034, 1.0)",1,98.77236646809035,43633
"(0.9161952650324744, 1.0)",1,98.77226138785086,43634
"(0.8982888105990573, 0.991777356103732)",1,98.77224281217894,43635
"(0.602662742458966, 0.9973390598305516)",1,98.77215619000116,43636
"(0.9916585206907788, 0.9958292603453894)",1,98.77203791000628,43637
"(0.8495378883833893, 0.9916585206907788)",1,98.77195446674872,43638
"(0.8312205288949474, 1.0)",1,98.7719480177902,43639
"(0.9876066164491212, 0.987491854024112)",1,98.77193497471607,43640
"(0.8229870141950848, 1.0)",1,98.77185398909953,43641
"(1.0, 1.0)",1,98.7718016210505,43642
"(0.979273283115788, 0.9958292603453894)",1,98.77175540225636,43643
"(0.9583930063253372, 1.0)",1,98.77174867184668,43644
"(0.9788980434141724, 0.9958292603453894)",1,98.77172373418465,43645
"(0.7090909090909091, 1.0)",1,98.77170722483706,43646
"(0.8315474711586087, 0.9958292603453894)",1,98.77170277728472,43647
"(0.9833229101521784, 1.0)",1,98.77165540040158,43648
"(0.5070372093557577, 1.0)",1,98.7715778840411,43649
"(0.8222222222222222, 1.0)",1,98.77156633259222,43650
"(0.9198255060602112, 0.9958292603453894)",1,98.7715310905714,43651
"(0.9916585206907788, 0.9958292603453894)",1,98.77153035481705,43652
"(0.6612761389202956, 1.0)",1,98.77151221936492,43653
"(0.8016677935542034, 1.0)",1,98.77147119665796,43654
"(0.8222222222222222, 1.0)",1,98.77139763296124,43655
"(0.9166950113378683, 1.0)",1,98.77135977170629,43656
"(0.9707071808622552, 0.9958292603453894)",1,98.7712762517878,43657
"(0.9166682405676116, 1.0)",2,98.7711174397278,43659
"(0.9790693693461476, 0.9958292603453894)",1,98.77104467640758,43660
"(0.9153439153439152, 1.0)",1,98.77101754231556,43661
"(0.8347775825943863, 0.9958292603453894)",1,98.77100872281868,43662
"(0.8887202421952387, 1.0)",1,98.77100467341305,43663
"(0.9750481776288228, 0.9958292603453894)",2,98.77082714212987,43665
"(0.9751539794803552, 0.9958292603453894)",1,98.77082480106884,43666
"(0.8796475392220073, 1.0)",1,98.77069751673062,43667
"(0.987491854024112, 0.9958292603453894)",1,98.77064701165996,43668
"(0.8315474711586087, 0.9958292603453894)",1,98.77064144069188,43669
"(0.9365496267832196, 0.9958292603453894)",1,98.77061908455106,43670
"(0.6108738933623663, 1.0)",1,98.77054188064392,43671
"(0.9622634791942192, 0.9916585206907788)",1,98.77050784729528,43672
"(0.9365496267832196, 0.9958292603453894)",1,98.77046982687492,43673
"(0.9237918388227986, 0.9958292603453894)",1,98.7704496433068,43674
"(0.8796475392220073, 1.0)",1,98.77043362529506,43675
"(0.97934925289764, 0.9958292603453894)",1,98.77035646457728,43676
"(0.9504245882013664, 0.9958292603453894)",1,98.77032202011269,43677
"(0.9874762808349148, 0.9958292603453894)",1,98.77026679378014,43678
"(0.5592114375870831, 1.0)",3,98.77017056938278,43681
"(1.0, 0.9665831244778612)",1,98.77005262832688,43682
"(0.9126251340467026, 0.9958292603453894)",1,98.77005025466656,43683
"(0.8495378883833893, 0.9958292603453894)",1,98.76996485664624,43684
"(0.8374727668845315, 1.0)",1,98.76995151715492,43685
"(0.9666562434855118, 1.0)",1,98.76995025196952,43686
"(0.9297812306740878, 1.0)",1,98.76992410770032,43687
"(0.9454999712494968, 0.9958292603453894)",2,98.76983370699377,43689
"(0.9916585206907788, 0.9958292603453894)",1,98.7697847385666,43690
"(0.634045584045584, 1.0)",1,98.76971646772137,43691
"(0.9454999712494968, 0.9958292603453894)",1,98.76966085818158,43692
"(0.8471527473990528, 1.0)",1,98.76957086101277,43693
"(0.8796475392220073, 1.0)",1,98.7692294288039,43694
"(0.9412964149491664, 0.9916339869281046)",1,98.76909950300448,43695
"(0.6521663785997688, 1.0)",1,98.76907688145008,43696
"(0.7946380416968652, 0.9958292603453894)",1,98.76904529255806,43697
"(0.7060994560994561, 1.0)",1,98.7689820321795,43698
"(0.97495917428555, 0.9958292603453894)",1,98.76896143102344,43699
"(0.8958208965097509, 0.9916585206907788)",1,98.76884649889996,43700
"(0.7372334455667788, 1.0)",1,98.76860015667464,43701
"(0.8432903075760217, 1.0)",1,98.76854494242993,43702
"(1.0, 1.0)",1,98.76852862910609,43703
"(0.8717520170461346, 0.9958292603453894)",1,98.76843205692172,43704
"(0.940002899623393, 0.9916585206907788)",1,98.76830365667256,43705
"(0.6042502004811546, 1.0)",1,98.76830125978374,43706
"(0.8976982097186702, 1.0)",1,98.76826281046144,43707
"(0.983545503234046, 1.0)",1,98.7680264283202,43708
"(0.514585158944719, 0.9988619159967322)",3,98.76784507545273,43711
"(0.7340930674264006, 1.0)",1,98.76767321367728,43712
"(0.4039045743444857, 1.0)",1,98.76763779719737,43713
"(0.9442283950617284, 1.0)",1,98.7676220446241,43714
"(0.9833040078201368, 0.983545503234046)",1,98.76751143677264,43715
"(0.9750481776288228, 0.9958292603453894)",1,98.76749369280134,43716
"(0.8247905643738976, 1.0)",1,98.76741604063052,43717
"(0.9580331374974232, 1.0)",1,98.76739421423623,43718
"(0.9916585206907788, 0.9958292603453894)",1,98.76731006421318,43719
"(0.8523949169110459, 0.9958292603453894)",1,98.76718975421512,43720
"(0.8101143854687974, 1.0)",1,98.76717223639034,43721
"(0.9707071808622552, 0.9958292603453894)",1,98.7671055121332,43722
"(0.961552316099405, 0.9958292603453894)",1,98.76707973174778,43723
"(0.7965746171391332, 1.0)",1,98.76705316714596,43724
"(0.9369138996969484, 0.9958292603453894)",1,98.76702504138078,43725
"(0.8315474711586087, 0.9958292603453894)",1,98.7669093815188,43726
"(0.9199973910846122, 0.9873891625615764)",1,98.76681992939976,43727
"(0.7545469576719577, 1.0)",1,98.76643395540032,43728
"(0.8692185007974482, 1.0)",1,98.76642342812649,43729
"(0.9506533178503804, 1.0)",1,98.76641365878616,43730
"(0.9749706744868036, 0.9958292603453894)",1,98.76634230204408,43731
"(0.9916585206907788, 0.9958292603453894)",1,98.76618873009365,43732
"(0.8053381731676306, 1.0)",1,98.76615055044483,43733
"(0.9161952650324744, 1.0)",1,98.76610434418036,43734
"(0.8615866942983156, 1.0)",1,98.7660674542394,43735
"(0.4943189964157706, 1.0)",1,98.76595593115636,43736
"(0.903667392883079, 1.0)",1,98.7659207533608,43737
"(0.9377148530109056, 0.991206314397104)",1,98.76590394361538,43738
"(1.0, 1.0)",1,98.76587918690493,43739
"(0.8600291387756281, 0.9958292603453894)",2,98.76578267734156,43741
"(0.9243707071934514, 0.9873891625615764)",1,98.7656907386372,43742
"(0.7416325017951034, 1.0)",1,98.76546616871052,43743
"(0.6521663785997688, 1.0)",2,98.765387917886,43745
"(0.4039045743444857, 1.0)",1,98.76524174132952,43746
"(0.9165164082221422, 1.0)",1,98.76521226170232,43747
"(0.9624268025880928, 0.9958292603453894)",1,98.76507565338342,43748
"(0.8495378883833893, 0.9958292603453894)",1,98.76495965609872,43749
"(0.9833229101521784, 1.0)",2,98.76494512655266,43751
"(0.8996392387758612, 0.9916339869281046)",1,98.76480510088484,43752
"(0.9750780096985032, 0.9958292603453894)",2,98.7646824262668,43754
"(0.9665831244778612, 1.0)",1,98.76466906383187,43755
"(0.9412964149491664, 0.9958292603453894)",1,98.76457539306054,43756
"(0.9182966261114094, 0.9916585206907788)",1,98.76454510256336,43757
"(0.8717520170461346, 0.9958292603453894)",1,98.76433017684022,43758
"(0.9057330122004186, 0.991206314397104)",1,98.76420464083176,43759
"(0.9206165335472736, 0.9958292603453894)",1,98.76414666302618,43760
"(0.8586166985951469, 1.0)",1,98.764028424533,43761
"(0.9958292603453894, 1.0)",1,98.76399082974498,43762
"(0.6179693015417549, 1.0)",1,98.76394502561352,43763
"(0.5083135416096426, 0.9984817852901372)",1,98.76386105015308,43764
"(0.799275702501509, 1.0)",1,98.7638531887048,43765
"(0.9916585206907788, 0.9958292603453894)",1,98.76381827494887,43766
"(0.9199973910846122, 0.9873891625615764)",1,98.76377479821782,43767
"(0.7675138481590094, 1.0)",4,98.76365310911169,43771
"(0.9369138996969484, 0.9958292603453894)",2,98.7636018654965,43773
"(0.5070372093557577, 1.0)",1,98.7635819185222,43774
"(0.8468089381754635, 1.0)",1,98.76357382921296,43775
"(0.7903875985986362, 1.0)",1,98.76355315323303,43776
"(0.7214747213672065, 0.9996210215628012)",1,98.76340636089353,43777
"(0.9916585206907788, 0.9958292603453894)",1,98.76340180728542,43778
"(0.9358935587920408, 0.9958292603453894)",1,98.7633800624972,43779
"(0.861111111111111, 1.0)",1,98.76335505894144,43780
"(0.8929015655249481, 0.9958292603453894)",1,98.76328076075444,43781
"(0.9790693693461476, 0.9958292603453894)",1,98.7632526234621,43782
"(0.934122934122934, 1.0)",1,98.76324840254648,43783
"(0.7371074312749817, 1.0)",1,98.7631900119406,43784
"(0.8420013166556946, 1.0)",1,98.763169737584,43785
"(0.9746535316523212, 0.9958292603453894)",1,98.76315783444797,43786
"(0.8695210904700781, 0.9916585206907788)",1,98.7630526819863,43787
"(0.8471527473990528, 1.0)",1,98.76301701262432,43788
"(0.8885714285714285, 1.0)",1,98.76301272424256,43789
"(0.8615866942983156, 1.0)",1,98.76296361370144,43790
"(0.8762860082304527, 1.0)",1,98.7629601556493,43791
"(0.9303715638302106, 1.0)",1,98.76284490748871,43792
"(0.9008025849489264, 0.9833229101521784)",1,98.76276663198074,43793
"(0.8937718863178524, 0.991777356103732)",2,98.76257639489371,43795
"(0.971023600055858, 0.9958292603453894)",1,98.76249107236966,43796
"(0.9262130464282252, 0.991206314397104)",2,98.76246854955278,43798
"(0.8840455840455841, 1.0)",1,98.7624186193292,43799
"(0.9280459216361852, 0.9958292603453894)",1,98.76237212484102,43800
"(0.9832965806068272, 1.0)",1,98.7622488533132,43801
"(0.9161379295307868, 1.0)",1,98.76202866563726,43802
"(0.902012682657844, 0.9958292603453894)",1,98.7619923422223,43803
"(0.7277677677677677, 1.0)",1,98.76190602969864,43804
"(0.9034438470728792, 0.9958292603453894)",1,98.76185417150474,43805
"(1.0, 1.0)",1,98.76170899859753,43806
"(0.987463247273494, 0.9958292603453894)",1,98.76164674339216,43807
"(0.8420013166556947, 1.0)",1,98.76164672603984,43808
"(0.9751539794803552, 0.9958292603453894)",1,98.76155787899933,43809
"(0.8552744708994707, 1.0)",1,98.7614608993035,43810
"(0.7083333333333334, 1.0)",1,98.76138945446296,43811
"(0.917469251615593, 1.0)",2,98.7612442765312,43813
"(0.987463247273494, 0.9916666666666668)",1,98.76108572718633,43814
"(1.0, 1.0)",1,98.7610822377966,43815
"(0.8329156223893065, 1.0)",1,98.7610714528792,43816
"(0.97495917428555, 0.9958292603453894)",1,98.76089030227868,43817
"(0.9435817855979146, 0.9916666666666668)",1,98.76087055178024,43818
"(0.9131856219190184, 0.9958292603453894)",1,98.76086693519596,43819
"(1.0, 1.0)",1,98.76082475625796,43820
"(1.0, 1.0)",1,98.76071800040133,43821
"(0.9500975805767078, 0.9958292603453894)",1,98.76065352943324,43822
"(0.9466127311522048, 0.991206314397104)",2,98.76064159780104,43824
"(0.9041196741854636, 0.991206314397104)",3,98.76060009204046,43827
"(0.9301144010060736, 0.986081059422206)",1,98.76059720936792,43828
"(0.7734344933751168, 1.0)",1,98.7605941268762,43829
"(0.9412964149491664, 0.9916339869281046)",1,98.76026099321857,43830
"(1.0, 1.0)",1,98.76022047294794,43831
"(0.738145558145558, 1.0)",1,98.76018168624412,43832
"(0.930124456440246, 1.0)",1,98.76005122364658,43833
"(0.6219687519109642, 1.0)",1,98.75986480635176,43834
"(0.6747507742934573, 1.0)",1,98.75958700577117,43835
"(0.9665831244778612, 1.0)",1,98.75958629068964,43836
"(0.8976982097186702, 1.0)",1,98.75954822121624,43837
"(0.8315474711586087, 0.9958292603453894)",1,98.7595122709394,43838
"(0.8266173510466989, 1.0)",1,98.759329311061,43839
"(0.8848000715856217, 1.0)",1,98.75929980542224,43840
"(0.8796475392220073, 1.0)",1,98.75921283875124,43841
"(0.7479743867590829, 1.0)",1,98.75918527892208,43842
"(0.9876221896383188, 0.9958292603453894)",1,98.75902940642024,43843
"(0.9501563219469168, 0.9958292603453894)",1,98.75902138971612,43844
"(0.8222222222222222, 1.0)",1,98.75900270644448,43845
"(0.8796475392220073, 1.0)",2,98.75899887098096,43847
"(0.5131569832583307, 1.0)",1,98.75867947318322,43848
"(0.8958208965097509, 0.9958292603453894)",1,98.75847944623094,43849
"(0.9499687304565352, 1.0)",1,98.75843159845908,43850
"(0.947552083649559, 0.9958292603453894)",1,98.7581974140304,43851
"(0.6664472240509107, 1.0)",1,98.75812742908184,43852
"(0.9714797495442656, 0.9958292603453894)",1,98.75811316412148,43853
"(0.7377975062704127, 1.0)",1,98.75810909383452,43854
"(0.9582389563841176, 0.9958292603453894)",1,98.75802175052256,43855
"(0.7340930674264006, 1.0)",1,98.7579702510727,43856
"(0.738145558145558, 1.0)",1,98.75796357639058,43857
"(1.0, 1.0)",1,98.75794421588074,43858
"(0.8177442148030384, 1.0)",1,98.75788368805291,43859
"(0.9790693693461476, 0.9958292603453894)",1,98.75786314534308,43860
"(0.8222222222222222, 1.0)",1,98.75783793625877,43861
"(0.8158879904162925, 1.0)",1,98.75781537414736,43862
"(0.9253213924599162, 0.9882048106149588)",1,98.75777949217712,43863
"(0.6784722222222224, 1.0)",1,98.75775289092192,43864
"(0.8151249335459861, 1.0)",1,98.75763094358751,43865
"(0.8760238095238095, 0.9958292603453894)",1,98.75752387855162,43866
"(0.9490213526488036, 0.9916585206907788)",1,98.75737240420192,43867
"(0.9833229101521784, 1.0)",1,98.75734946228246,43868
"(0.9114218054477384, 0.9916339869281046)",1,98.75731731729138,43869
"(1.0, 0.9958292603453894)",1,98.7573104932241,43870
"(0.94291309888229, 0.991206314397104)",1,98.75718312071444,43871
"(0.8796475392220073, 0.9833229101521784)",1,98.75710405788529,43872
"(0.8996392387758612, 0.9916339869281046)",1,98.75695876742212,43873
"(1.0, 1.0)",2,98.75692683290865,43875
"(0.9250222656674272, 0.9958292603453894)",1,98.75690681168837,43876
"(0.987463247273494, 0.9958292603453894)",2,98.7562889961521,43878
"(0.9874762808349148, 0.9958292603453894)",1,98.7562789613472,43879
"(1.0, 1.0)",1,98.7562570020794,43880
"(0.9748524098350704, 0.9958292603453894)",1,98.7560677363113,43881
"(1.0, 1.0)",1,98.75598086124404,43882
"(0.9374843410636878, 0.9832925076188832)",1,98.7559672695774,43883
"(0.7416325017951034, 1.0)",1,98.75578792317884,43884
"(0.7574146783449108, 1.0)",1,98.75576437220585,43885
"(0.9916585206907788, 0.9958292603453894)",1,98.7557142155835,43886
"(0.6387464387464387, 1.0)",6,98.75560342234331,43892
"(0.8907966222338917, 0.9958292603453894)",1,98.75557084447794,43893
"(0.9331662489557224, 1.0)",1,98.75549466690411,43894
"(0.9791332681655264, 0.9958292603453894)",1,98.75532451814476,43895
"(0.9876106894370652, 0.9958292603453894)",1,98.75528452683632,43896
"(0.962505246140658, 0.9958292603453894)",1,98.75524398424793,43897
"(0.9535432351387988, 0.9958292603453894)",1,98.75523329531696,43898
"(0.7371074312749817, 1.0)",1,98.75519734198951,43899
"(0.8976982097186702, 1.0)",1,98.75506771190986,43900
"(0.8165520116739629, 1.0)",1,98.75502259038096,43901
"(0.6042502004811546, 1.0)",1,98.75490914372136,43902
"(0.808446455505279, 1.0)",1,98.75487156116849,43903
"(1.0, 1.0)",1,98.75487031424868,43904
"(0.8885714285714285, 1.0)",2,98.754819144925,43906
"(0.8907966222338917, 0.9958292603453894)",1,98.75480629332692,43907
"(0.837707400507675, 1.0)",2,98.75479145174246,43909
"(0.958095238095238, 0.9916585206907788)",1,98.75476739403076,43910
"(0.9034438470728792, 0.9916585206907788)",1,98.7547284084586,43911
"(0.8247905643738976, 1.0)",1,98.75470529009368,43912
"(0.6378166586499919, 1.0)",1,98.75468523016742,43913
"(0.9199973910846122, 0.9958292603453894)",1,98.75467549541592,43914
"(0.8942622047218923, 0.9916339869281046)",1,98.75465547828465,43915
"(0.9444901834607716, 1.0)",1,98.75462732754475,43916
"(0.898989898989899, 1.0)",1,98.75455080836552,43917
"(0.8222222222222222, 1.0)",1,98.75453408380233,43918
"(0.7880931329207191, 1.0)",1,98.75451316782151,43919
"(0.861111111111111, 1.0)",1,98.75446053305272,43920
"(0.837707400507675, 1.0)",4,98.7543636439932,43924
"(0.7069597069597069, 1.0)",1,98.75435349649186,43925
"(0.9832184229069656, 0.9958292603453894)",1,98.7542824415282,43926
"(0.9206165335472736, 0.9958292603453894)",1,98.75421648800302,43927
"(0.971023600055858, 0.9958292603453894)",1,98.75419737374692,43928
"(0.9791258409522168, 0.9958292603453894)",1,98.75405367687182,43929
"(0.8586166985951469, 1.0)",1,98.7540529543338,43930
"(0.987491854024112, 0.9958292603453894)",1,98.75401555973438,43931
"(0.4943189964157706, 1.0)",1,98.75393511129504,43932
"(0.8315474711586087, 0.9958292603453894)",1,98.7538497795843,43933
"(0.9792766373411534, 0.9958292603453894)",1,98.75376893731932,43934
"(0.9114218054477384, 0.9958292603453894)",1,98.75368836705024,43935
"(0.9669795885118464, 0.9958292603453894)",1,98.75366070427188,43936
"(0.8929015655249481, 0.9958292603453894)",1,98.75343168088595,43937
"(0.7344692811916678, 1.0)",1,98.75337215112268,43938
"(0.7647742788871822, 1.0)",1,98.75330167669324,43939
"(1.0, 1.0)",1,98.75328016875022,43940
"(0.8491918316699293, 1.0)",1,98.7532225157909,43941
"(0.9057330122004186, 0.991206314397104)",1,98.75322060196272,43942
"(0.9326599326599326, 1.0)",1,98.75308169849625,43943
"(0.8016677935542034, 1.0)",1,98.75306287737008,43944
"(0.8420013166556946, 0.9665831244778612)",2,98.7530610323477,43946
"(0.97495917428555, 0.9958292603453894)",1,98.75304483582032,43947
"(0.861111111111111, 1.0)",1,98.75286656502104,43948
"(0.7647742788871822, 1.0)",2,98.7528354826416,43950
"(0.9622634791942192, 0.9958292603453894)",1,98.7525757554602,43951
"(0.94291309888229, 0.991206314397104)",1,98.7525546080628,43952
"(0.930124456440246, 1.0)",1,98.75253022119902,43953
"(0.861111111111111, 1.0)",1,98.7524698264214,43954
"(0.7802197802197803, 1.0)",1,98.752446506862,43955
"(0.8907966222338917, 0.9958292603453894)",1,98.75243821314152,43956
"(0.9057330122004186, 0.991206314397104)",2,98.752381971931,43958
"(0.9377148530109056, 0.991206314397104)",1,98.75235547838328,43959
"(0.9126251340467026, 0.9958292603453894)",1,98.7522641776814,43960
"(0.8848000715856217, 1.0)",1,98.75222335942232,43961
"(0.9747273037595618, 0.9958292603453894)",1,98.75215025977184,43962
"(0.9369808292429718, 0.9874877810361682)",1,98.75210579417642,43963
"(0.9166145507608924, 1.0)",4,98.75209616817816,43967
"(0.6698155645524068, 1.0)",1,98.7520435857443,43968
"(0.7277677677677677, 1.0)",1,98.75182557317424,43969
"(0.9833229101521784, 1.0)",2,98.75173662437108,43971
"(0.9384174012481092, 0.9916585206907788)",1,98.75169174753108,43972
"(0.8928598364786969, 0.9958292603453894)",1,98.75152147665491,43973
"(0.8653198653198653, 1.0)",1,98.75145391102112,43974
"(0.9229651974750014, 0.9916339869281046)",1,98.7514449830192,43975
"(0.8247905643738976, 1.0)",1,98.75143062005674,43976
"(1.0, 1.0)",1,98.75121888771596,43977
"(0.8970129352925051, 0.9916339869281046)",1,98.7511142246886,43978
"(0.94291309888229, 0.991206314397104)",1,98.7510836734458,43979
"(0.8907966222338917, 0.9958292603453894)",1,98.7510290171676,43980
"(0.8374727668845315, 1.0)",1,98.7509181974448,43981
"(0.9167853751187084, 1.0)",1,98.75090086552436,43982
"(0.987491854024112, 1.0)",1,98.75088232527828,43983
"(0.6698155645524068, 1.0)",1,98.75075665582278,43984
"(0.8425483191745751, 1.0)",1,98.7506860135375,43985
"(0.7221365682542256, 0.9988619159967322)",1,98.75059120767664,43986
"(0.7340930674264006, 1.0)",1,98.75054628127434,43987
"(0.9834358767945106, 0.9958292603453894)",1,98.7503683820438,43988
"(0.6747507742934573, 1.0)",1,98.75031086261208,43989
"(0.9326599326599326, 1.0)",1,98.75030539342931,43990
"(0.9833229101521784, 1.0)",1,98.75020164655515,43991
"(0.6575398846941737, 1.0)",1,98.7501704008424,43992
"(0.8996392387758612, 0.9916339869281046)",2,98.75005315942845,43994
"(0.9835547122074636, 0.9915151515151516)",1,98.749918330567,43995
"(0.5555555555555555, 1.0)",1,98.74988037022972,43996
"(0.8586166985951469, 1.0)",2,98.74969619610856,43998
"(0.8976982097186702, 1.0)",1,98.74966870754346,43999
"(0.9262130464282252, 0.991206314397104)",1,98.74965194145604,44000
"(0.8796475392220073, 1.0)",1,98.74962867300287,44001
"(0.9665633291439744, 0.9958292603453894)",1,98.74956858355566,44002
"(0.9497171590194846, 1.0)",1,98.74956578342952,44003
"(0.9751539794803552, 0.9958292603453894)",1,98.74949177923456,44004
"(0.8483418730488175, 0.9916585206907788)",1,98.7494420860046,44005
"(0.7077308656256025, 1.0)",2,98.74941142442356,44007
"(0.8804215399610136, 0.991206314397104)",1,98.74914924359028,44008
"(0.94291309888229, 0.991206314397104)",2,98.74914765727716,44010
"(0.8615866942983156, 1.0)",2,98.7491110769965,44012
"(0.9333044546043194, 0.9958292603453894)",1,98.74903595499514,44013
"(0.9623978877963698, 0.9958292603453894)",1,98.74899770524316,44014
"(0.8523949169110459, 0.9958292603453894)",1,98.74897738157104,44015
"(0.9157097551404952, 0.9916585206907788)",1,98.74894511669304,44016
"(0.8885714285714285, 1.0)",1,98.7488973356629,44017
"(0.7786375661375661, 1.0)",1,98.74840555411024,44018
"(0.8347775825943863, 0.9958292603453894)",1,98.748360173365,44019
"(0.930704099821747, 1.0)",1,98.74815286239696,44020
"(0.9326599326599326, 1.0)",1,98.74812738407384,44021
"(0.972281746031746, 1.0)",1,98.7479588253024,44022
"(0.8053381731676306, 0.986081059422206)",1,98.74781113269606,44023
"(0.8229870141950848, 1.0)",1,98.74773542339886,44024
"(0.9157097551404952, 0.9958292603453894)",1,98.74771541169542,44025
"(0.9791258409522168, 0.9958292603453894)",1,98.74759718790229,44026
"(0.8506653943511476, 0.991206314397104)",1,98.74756409034164,44027
"(0.8670139869650273, 0.9833229101521784)",1,98.74750303036924,44028
"(0.9452448267044004, 0.9916585206907788)",1,98.74748261253464,44029
"(0.9490213526488036, 0.9916585206907788)",1,98.74745845464054,44030
"(0.8310777799491891, 1.0)",1,98.7473363632599,44031
"(0.979273283115788, 0.9958292603453894)",1,98.74732531934336,44032
"(0.9189396095602992, 0.9916585206907788)",1,98.74724715401746,44033
"(0.8552744708994707, 1.0)",1,98.7472255984888,44034
"(0.9662506012506012, 0.9958292603453894)",1,98.74707281722908,44035
"(0.893146638589877, 1.0)",1,98.746935525025,44036
"(1.0, 1.0)",1,98.74692792458052,44037
"(0.97934925289764, 0.9958292603453894)",1,98.74680182435776,44038
"(0.9009287520039462, 1.0)",1,98.74675440380295,44039
"(0.9326599326599326, 1.0)",1,98.74667114785989,44040
"(0.8165520116739629, 1.0)",1,98.74666575763726,44041
"(0.8229870141950848, 1.0)",1,98.74658627266956,44042
"(0.7183489076634237, 1.0)",4,98.7465055024572,44046
"(0.6907243513029603, 1.0)",1,98.7464477067858,44047
"(0.9788980434141724, 0.9958292603453894)",1,98.7463432965746,44048
"(0.757745166550198, 1.0)",2,98.74619950337085,44050
"(0.979273283115788, 0.9958292603453894)",1,98.74619275262565,44051
"(0.9622634791942192, 0.9916666666666668)",1,98.74614273231276,44052
"(0.962505246140658, 0.9916666666666668)",1,98.74611678650211,44053
"(0.9288423094874708, 0.9958292603453894)",1,98.74604598829794,44054
"(0.5910680656443368, 1.0)",2,98.74603703635552,44056
"(0.9791332681655264, 0.9958292603453894)",1,98.74603325201042,44057
"(0.9333044546043194, 0.9958292603453894)",1,98.74597182284272,44058
"(0.91326516498939, 0.9916339869281046)",1,98.74589549371422,44059
"(0.8796475392220073, 1.0)",1,98.74575066898682,44060
"(0.930124456440246, 1.0)",1,98.74573851222324,44061
"(0.8653198653198653, 1.0)",1,98.74572445839924,44062
"(0.7545469576719577, 1.0)",1,98.74547459438908,44063
"(0.6444891298012474, 1.0)",2,98.74547339737742,44065
"(0.902012682657844, 0.9958292603453894)",1,98.74542071193868,44066
"(0.5910680656443368, 1.0)",1,98.7453898505599,44067
"(0.8653198653198653, 1.0)",1,98.74528526703948,44068
"(0.4747763864042934, 1.0)",1,98.74528205798242,44069
"(0.572027972027972, 1.0)",1,98.7452208770816,44070
"(0.6378166586499919, 1.0)",1,98.74521383020551,44071
"(0.8467532467532467, 1.0)",1,98.74516835447068,44072
"(0.9665831244778612, 1.0)",1,98.74510236376672,44073
"(0.8016677935542034, 1.0)",1,98.74473737077012,44074
"(0.8635976129582268, 1.0)",1,98.74472007544124,44075
"(0.7675138481590094, 1.0)",1,98.74456975743216,44076
"(0.7713401051412279, 1.0)",1,98.7443489650196,44077
"(0.8547756205106323, 1.0)",1,98.74423461643735,44078
"(1.0, 1.0)",4,98.74418148072075,44082
"(0.9833229101521784, 1.0)",1,98.7438710040336,44083
"(0.5070372093557577, 1.0)",1,98.743848788192,44084
"(0.8762860082304527, 1.0)",1,98.74375058373536,44085
"(0.8222222222222222, 1.0)",1,98.74359177848996,44086
"(0.9497171590194848, 1.0)",1,98.7435856071796,44087
"(0.9669795885118464, 0.9958292603453894)",1,98.74342522307704,44088
"(0.9833251873574456, 0.9958292603453894)",1,98.74341842957034,44089
"(0.9835199925522506, 0.9916666666666668)",1,98.74331932552616,44090
"(0.4195358585602487, 1.0)",1,98.74329880764134,44091
"(0.5070372093557577, 1.0)",1,98.74315623881282,44092
"(0.9369138996969484, 0.9958292603453894)",1,98.74313153301183,44093
"(0.5070372093557577, 1.0)",1,98.74307554159368,44094
"(0.7030539311241066, 1.0)",1,98.74295350177884,44095
"(0.786508365740383, 1.0)",2,98.74295039536226,44097
"(0.9442283950617284, 1.0)",1,98.74292961066269,44098
"(0.8483418730488175, 0.9958292603453894)",1,98.74291651049325,44099
"(0.5070372093557577, 1.0)",1,98.74284556803856,44100
"(0.9297812306740878, 1.0)",1,98.74283364715292,44101
"(0.9504245882013664, 0.9958292603453894)",2,98.74277215338635,44103
"(0.9297812306740878, 1.0)",1,98.74257648351448,44104
"(0.9583930063253372, 1.0)",1,98.74251272169992,44105
"(0.6544644252235129, 1.0)",1,98.74246534657443,44106
"(0.7077308656256025, 1.0)",1,98.74246430035905,44107
"(0.9581458989353726, 1.0)",1,98.74234874417348,44108
"(0.987463247273494, 0.9916666666666668)",1,98.74221178469226,44109
"(0.7508151839547188, 1.0)",1,98.74213862890996,44110
"(0.9499687304565352, 0.9833229101521784)",1,98.741851976273,44111
"(0.933096859926128, 1.0)",1,98.74181686300304,44112
"(0.9198255060602112, 0.9958292603453894)",1,98.74178773469922,44113
"(1.0, 0.9958292603453894)",1,98.74177405413474,44114
"(0.9157097551404952, 0.9958292603453894)",1,98.74176465723625,44115
"(0.6747507742934573, 1.0)",1,98.74174475971266,44116
"(0.961552316099405, 0.9958292603453894)",1,98.7416872089074,44117
"(0.8651903651903651, 1.0)",1,98.74158012748626,44118
"(0.7648017586542176, 1.0)",1,98.74157666287036,44119
"(0.9665831244778612, 1.0)",1,98.74151276465916,44120
"(0.9749706744868036, 0.9958292603453894)",1,98.74144634881964,44121
"(0.9243707071934514, 0.9873891625615764)",2,98.74139803300665,44123
"(0.9009287520039462, 1.0)",1,98.74122937887084,44124
"(0.9157097551404952, 0.9958292603453894)",1,98.74121180555346,44125
"(0.8365328658269835, 0.9916585206907788)",1,98.74108700755347,44126
"(0.6784722222222224, 1.0)",1,98.74105328826336,44127
"(0.9198255060602112, 0.9958292603453894)",1,98.74103496021937,44128
"(0.7965746171391332, 1.0)",1,98.74103101794432,44129
"(0.7075023741690408, 1.0)",1,98.74102509499826,44130
"(0.9873444118605408, 0.9958292603453894)",1,98.74101559192177,44131
"(0.94291309888229, 0.991206314397104)",1,98.7409481920169,44132
"(0.950297813353496, 0.9958292603453894)",1,98.74085643887685,44133
"(0.9466127311522048, 0.991206314397104)",1,98.74082505200676,44134
"(0.8165509259259259, 1.0)",1,98.74069374418806,44135
"(0.7404350561362756, 0.972420634920635)",1,98.74054590127372,44136
"(0.8880984643179766, 1.0)",1,98.7404869629388,44137
"(0.8796475392220073, 1.0)",1,98.74023049668858,44138
"(0.9243707071934514, 0.9916339869281046)",1,98.74013185799272,44139
"(0.9244721788975638, 0.9958292603453894)",1,98.74007942139302,44140
"(0.9833229101521784, 1.0)",1,98.74007201971992,44141
"(0.8420013166556946, 1.0)",1,98.74004622712448,44142
"(0.844988344988345, 1.0)",1,98.73996964163356,44143
"(0.8880984643179766, 1.0)",1,98.73994962823542,44144
"(0.9445972545972546, 0.986081059422206)",1,98.73994878035197,44145
"(0.9666562434855118, 1.0)",1,98.73988933025224,44146
"(0.9501563219469168, 0.9958292603453894)",2,98.73983500909765,44148
"(0.7075023741690408, 1.0)",1,98.73958793566636,44149
"(0.9331662489557224, 1.0)",1,98.73946678200348,44150
"(0.902012682657844, 0.9916666666666668)",1,98.73945073335436,44151
"(0.9916585206907788, 0.9958292603453894)",1,98.73939057940149,44152
"(0.9829909379735984, 0.9958292603453894)",1,98.73937226757212,44153
"(0.9750854369118126, 0.9958292603453894)",1,98.73931952245724,44154
"(0.9833040078201368, 0.9958292603453894)",1,98.73929524092485,44155
"(0.701311097281492, 1.0)",1,98.7391635724344,44156
"(0.8796475392220073, 1.0)",1,98.73905143832204,44157
"(0.9873891625615764, 0.9958292603453894)",1,98.7389037726706,44158
"(0.9622634791942192, 0.9958292603453894)",1,98.73889858759274,44159
"(0.8483418730488175, 0.9958292603453894)",1,98.73888918889476,44160
"(0.8137865219658889, 1.0)",1,98.73875977137912,44161
"(0.9333044546043194, 0.9958292603453894)",1,98.73874961984338,44162
"(0.8996392387758612, 0.9916339869281046)",1,98.73872885216863,44163
"(0.5775969264976549, 0.9996210215628012)",1,98.73870884044652,44164
"(0.930124456440246, 1.0)",1,98.73869756262953,44165
"(0.9280459216361852, 0.9958292603453894)",1,98.73869343741434,44166
"(0.9365496267832196, 0.9916585206907788)",1,98.73865497915092,44167
"(0.81893131227901, 1.0)",2,98.73858540858193,44169
"(0.9166145507608924, 1.0)",1,98.73843287371903,44170
"(0.7802197802197803, 1.0)",1,98.73824333725564,44171
"(0.7075023741690408, 1.0)",1,98.73810344101427,44172
"(0.8810064268049709, 0.991206314397104)",1,98.7379326169654,44173
"(1.0, 1.0)",1,98.73792779844568,44174
"(0.7802197802197803, 1.0)",1,98.73791982743928,44175
"(0.9131856219190184, 0.9958292603453894)",1,98.73791157875552,44176
"(0.9501563219469168, 0.9958292603453894)",1,98.73783205890513,44177
"(0.7545469576719577, 1.0)",1,98.73772790621976,44178
"(0.9153439153439152, 1.0)",1,98.73768307764718,44179
"(0.8347775825943863, 0.9958292603453894)",1,98.73760858273978,44180
"(0.9583930063253372, 1.0)",1,98.73752281356218,44181
"(0.7294281157362763, 1.0)",1,98.73747045716678,44182
"(0.9746535316523212, 0.9958292603453894)",1,98.73744733337726,44183
"(0.962505246140658, 0.9958292603453894)",1,98.73731543627956,44184
"(0.81893131227901, 1.0)",1,98.7372753175174,44185
"(0.9665831244778612, 1.0)",1,98.73705742486872,44186
"(0.6886904761904762, 1.0)",1,98.73704756971036,44187
"(0.9299507899507898, 1.0)",1,98.73685737871364,44188
"(0.8449978636391381, 1.0)",1,98.73680086455188,44189
"(0.6831352928913905, 1.0)",1,98.73672789796667,44190
"(0.9153439153439152, 1.0)",1,98.73648725288068,44191
"(1.0, 1.0)",1,98.73643907066298,44192
"(0.7492637423027605, 1.0)",1,98.73642402338636,44193
"(0.8467532467532467, 1.0)",3,98.73630313017992,44196
"(0.9377148530109056, 0.991206314397104)",3,98.73625942109248,44199
"(0.9369808292429718, 0.9958292603453894)",1,98.7359226091329,44200
"(0.8761383419447936, 0.9916339869281046)",1,98.73591545680826,44201
"(0.8760238095238095, 0.9958292603453894)",1,98.73585478968504,44202
"(0.9609386607489072, 0.9958292603453894)",1,98.73579752641344,44203
"(0.9835547122074636, 0.9958292603453894)",2,98.73571975784934,44205
"(0.8579868984630887, 1.0)",2,98.7356309261378,44207
"(0.8222222222222222, 1.0)",1,98.7356283915805,44208
"(0.975195619792394, 0.9958292603453894)",1,98.735601557375,44209
"(0.9833040078201368, 0.9958292603453894)",1,98.73553514891012,44210
"(0.7278086237149632, 1.0)",1,98.73549636625704,44211
"(0.9546499948224086, 0.9958292603453894)",1,98.7354925352508,44212
"(0.9166145507608924, 1.0)",1,98.73546903405988,44213
"(0.902012682657844, 0.9958292603453894)",1,98.73536365367843,44214
"(0.8296970789758384, 1.0)",1,98.73533219588386,44215
"(0.9441792447111594, 1.0)",1,98.73511516074257,44216
"(0.9791332681655264, 0.9958292603453894)",1,98.73509112770618,44217
"(0.9873444118605408, 0.9958292603453894)",1,98.73500797244728,44218
"(0.94291309888229, 0.991206314397104)",1,98.73497969130835,44219
"(0.8974984433303618, 0.9873891625615764)",2,98.73484552291768,44221
"(0.8885714285714285, 1.0)",1,98.73479757438125,44222
"(0.9580602951397298, 0.9958292603453894)",1,98.73475570243012,44223
"(0.902012682657844, 0.9958292603453894)",1,98.73466535926286,44224
"(0.9161952650324744, 1.0)",1,98.73460237646128,44225
"(0.9454999712494968, 0.9958292603453894)",1,98.73447217621244,44226
"(0.97934925289764, 0.9958292603453894)",1,98.73446605817094,44227
"(1.0, 1.0)",1,98.7341692129761,44228
"(0.7612958226768967, 1.0)",1,98.73407297815491,44229
"(0.7372334455667788, 1.0)",2,98.7340329159818,44231
"(0.9045740456093042, 0.9882048106149588)",1,98.73400355000506,44232
"(0.8970129352925051, 0.9916339869281046)",2,98.7339622510367,44234
"(0.9618291283060416, 0.9958292603453894)",1,98.73384066362917,44235
"(0.9034438470728792, 0.9958292603453894)",1,98.73372899911077,44236
"(0.4195358585602487, 1.0)",1,98.73370570615548,44237
"(0.8468951683237397, 1.0)",1,98.7336999817158,44238
"(0.9250222656674272, 0.9916585206907788)",1,98.73363624584348,44239
"(0.9832925076188832, 0.9916585206907788)",1,98.7336042955444,44240
"(0.91326516498939, 0.9916339869281046)",1,98.7335857082256,44241
"(0.9958292603453894, 0.9958292603453894)",1,98.73341714375672,44242
"(0.5832694035524224, 0.9988619159967322)",3,98.73331936732669,44245
"(0.97934925289764, 0.9958292603453894)",1,98.73319085490591,44246
"(0.8958208965097509, 0.9958292603453894)",2,98.7331075988384,44248
"(0.8958208965097509, 0.9958292603453894)",1,98.73307182357811,44249
"(0.940928587432546, 0.9832184229069656)",1,98.73289899091682,44250
"(0.8867361313822293, 0.9958292603453894)",1,98.73276497702363,44251
"(0.861111111111111, 1.0)",1,98.732741353872,44252
"(0.9498370804822418, 0.9916339869281046)",1,98.73274107471354,44253
"(0.943875558870815, 0.991777356103732)",1,98.73273490575512,44254
"(0.9622634791942192, 0.9958292603453894)",1,98.73270903384476,44255
"(0.9609386607489072, 0.9958292603453894)",1,98.73262399638988,44256
"(0.6907243513029603, 1.0)",1,98.73252876620802,44257
"(0.9167853751187084, 1.0)",1,98.73246984954616,44258
"(0.9833229101521784, 1.0)",1,98.73241741282882,44259
"(0.8365328658269835, 0.9958292603453894)",2,98.73228506514864,44261
"(0.8101143854687974, 1.0)",1,98.73226085641647,44262
"(0.97934925289764, 0.9958292603453894)",1,98.73224533208516,44263
"(0.6215073982652175, 1.0)",1,98.73199846846408,44264
"(0.979055829228243, 0.9958292603453894)",1,98.73177884309816,44265
"(1.0, 0.9833229101521784)",2,98.73172454955902,44267
"(1.0, 1.0)",1,98.7316479724177,44268
"(0.9658159033159032, 0.9958292603453894)",1,98.73142853727946,44269
"(0.97934925289764, 0.9916666666666668)",1,98.73142451861452,44270
"(0.8976982097186702, 1.0)",1,98.7314181149798,44271
"(0.9299160159815896, 1.0)",1,98.73138437895688,44272
"(0.8586166985951469, 1.0)",1,98.7313358244047,44273
"(0.6042502004811546, 1.0)",1,98.731302825536,44274
"(0.8845578466141503, 1.0)",1,98.7312397544547,44275
"(0.9750780096985032, 0.9958292603453894)",1,98.7312180271367,44276
"(0.9333044546043194, 0.9958292603453894)",1,98.7312101048926,44277
"(0.8653198653198653, 1.0)",1,98.73120701614866,44278
"(0.9377148530109056, 0.991206314397104)",1,98.73114827789568,44279
"(0.9441792447111594, 1.0)",1,98.73095991152226,44280
"(0.979055829228243, 0.9958292603453894)",1,98.73092779977742,44281
"(0.9161379295307868, 1.0)",1,98.7308190268081,44282
"(0.9106847145222836, 0.9882048106149588)",1,98.73074183770136,44283
"(0.9748461391725148, 1.0)",1,98.730678640793,44284
"(0.6886904761904762, 1.0)",1,98.7306569570878,44285
"(0.8814814814814814, 1.0)",2,98.73061480023986,44287
"(0.8848000715856217, 1.0)",1,98.73059218576071,44288
"(0.9649790647893116, 0.9958292603453894)",1,98.73058599337298,44289
"(0.9295946890286512, 1.0)",1,98.73053254742202,44290
"(0.917655049465296, 0.9958292603453894)",1,98.73048240208549,44291
"(0.898989898989899, 1.0)",1,98.73046492802592,44292
"(0.8907966222338917, 0.9916585206907788)",1,98.73041305295676,44293
"(0.893146638589877, 0.9882048106149588)",1,98.730403247739,44294
"(0.9326599326599326, 1.0)",1,98.73026778446288,44295
"(0.987463247273494, 0.9958292603453894)",1,98.73011663320092,44296
"(0.882673371045464, 1.0)",1,98.73002860971934,44297
"(0.9747273037595618, 0.983545503234046)",1,98.73002079253536,44298
"(0.9202911589118484, 0.9958292603453894)",1,98.72989025604429,44299
"(0.7119388248146047, 1.0)",1,98.7296666453535,44300
"(0.7097211628104076, 1.0)",1,98.72966032126948,44301
"(0.9580331374974232, 1.0)",1,98.7296525151656,44302
"(0.9368376974614298, 0.9916585206907788)",1,98.72964223010244,44303
"(0.987463247273494, 0.9958292603453894)",1,98.72964079909477,44304
"(0.9326599326599326, 1.0)",1,98.7295113890804,44305
"(0.7479743867590829, 1.0)",1,98.72943346333076,44306
"(0.947552083649559, 0.9958292603453894)",1,98.72926512450006,44307
"(0.917849761232425, 0.9882048106149588)",1,98.72923638449706,44308
"(0.7734344933751168, 1.0)",2,98.7291813585148,44310
"(0.9233019263238024, 0.9958292603453894)",1,98.72916038736692,44311
"(0.97934925289764, 0.9958292603453894)",1,98.729157865369,44312
"(0.9161952650324744, 1.0)",1,98.72895574659913,44313
"(0.9166145507608924, 0.9833229101521784)",1,98.72892833972234,44314
"(0.9750072792119512, 1.0)",1,98.7288996321129,44315
"(0.9708582256511328, 0.9873891625615764)",1,98.72879667272866,44316
"(1.0, 1.0)",1,98.72878660091057,44317
"(0.9369138996969484, 0.9958292603453894)",1,98.728682617829,44318
"(0.9833229101521784, 1.0)",1,98.72858210186924,44319
"(0.7371074312749817, 1.0)",1,98.72812167216772,44320
"(0.9916339869281046, 0.9958292603453894)",1,98.72805653914466,44321
"(0.617513611615245, 1.0)",1,98.72803875530754,44322
"(0.979166518665308, 1.0)",1,98.72803626704558,44323
"(0.9536653605723816, 0.9958292603453894)",1,98.72784334478202,44324
"(0.9003556829643787, 1.0)",1,98.72778730235946,44325
"(0.8676532769556025, 1.0)",1,98.72777754063318,44326
"(1.0, 1.0)",1,98.7277642584587,44327
"(0.4776542240827955, 1.0)",1,98.72776254406268,44328
"(0.9916585206907788, 0.9958292603453894)",1,98.7276386042005,44329
"(0.8867361313822293, 0.9958292603453894)",1,98.72743853057332,44330
"(0.8294970161977834, 0.9833229101521784)",1,98.72725415111051,44331
"(0.4776542240827955, 1.0)",1,98.72701605744354,44332
"(0.5807100687237674, 1.0)",1,98.7270150811612,44333
"(0.9750943974852894, 0.9873891625615764)",1,98.726968343477,44334
"(0.9157097551404952, 0.9958292603453894)",2,98.72696443728329,44336
"(0.8468951683237397, 1.0)",1,98.72690919541589,44337
"(0.8600291387756281, 0.9958292603453894)",1,98.7266183686629,44338
"(0.9788980434141724, 0.9958292603453894)",1,98.72661064149032,44339
"(0.9326599326599326, 1.0)",1,98.72640845632164,44340
"(0.93773047895128, 0.9958292603453894)",1,98.72636118507538,44341
"(0.6575398846941737, 1.0)",2,98.72634882084095,44343
"(0.8229870141950848, 1.0)",1,98.72631836004032,44344
"(0.9466127311522048, 0.991206314397104)",1,98.72626416948476,44345
"(0.903667392883079, 1.0)",1,98.72615368036132,44346
"(0.9832925076188832, 0.9958292603453894)",1,98.72608412873764,44347
"(0.8443691323092412, 0.9958292603453894)",1,98.72607321310508,44348
"(0.6886904761904762, 1.0)",1,98.72599804149304,44349
"(0.8329156223893065, 1.0)",1,98.72586785822428,44350
"(0.9333044546043194, 0.9916585206907788)",1,98.72585984052824,44351
"(0.9161952650324744, 1.0)",1,98.72583373764245,44352
"(0.6886904761904762, 1.0)",1,98.72582993733556,44353
"(0.861111111111111, 1.0)",1,98.7257981218634,44354
"(0.8312205288949474, 1.0)",1,98.72579268462844,44355
"(0.6733821733821733, 1.0)",1,98.7255514388418,44356
"(0.9205517358458536, 0.9916339869281046)",1,98.72551222425754,44357
"(0.8101143854687974, 1.0)",1,98.72548335665324,44358
"(1.0, 1.0)",1,98.72541346015616,44359
"(0.8614170116633171, 0.986081059422206)",1,98.72540850703624,44360
"(0.9326599326599326, 1.0)",1,98.72530503066112,44361
"(0.9282083232965586, 0.9873891625615764)",2,98.72514095466808,44363
"(0.9622634791942192, 0.9958292603453894)",1,98.72512927080578,44364
"(0.9205517358458536, 0.9916339869281046)",1,98.7251102595574,44365
"(0.8928598364786969, 0.9958292603453894)",1,98.72489687447184,44366
"(0.8845424223473003, 1.0)",1,98.72433953261576,44367
"(0.9497171590194848, 1.0)",4,98.72424572558911,44371
"(0.902012682657844, 0.9958292603453894)",1,98.72423413075684,44372
"(0.7278086237149632, 1.0)",1,98.72423135360644,44373
"(0.9791258409522168, 0.9958292603453894)",1,98.7241439161968,44374
"(0.9205517358458536, 0.9873891625615764)",1,98.723916380492,44375
"(0.81893131227901, 1.0)",1,98.72367258642316,44376
"(0.7047489872685186, 1.0)",1,98.72366458175478,44377
"(0.7294281157362763, 1.0)",1,98.72363779859728,44378
"(0.8564088034923205, 0.9958292603453894)",1,98.72350563791036,44379
"(0.9622634791942192, 0.9958292603453894)",1,98.7235023339965,44380
"(0.9833229101521784, 1.0)",1,98.72339193783348,44381
"(1.0, 1.0)",1,98.72330837867786,44382
"(0.9874877810361682, 0.9958292603453894)",1,98.723227747805,44383
"(0.7294281157362763, 1.0)",1,98.7231883512831,44384
"(0.81893131227901, 1.0)",1,98.72310852040246,44385
"(0.9834358767945106, 0.9958292603453894)",1,98.72298042243196,44386
"(0.5131569832583307, 1.0)",2,98.72297950338812,44388
"(0.7340930674264006, 1.0)",1,98.72297428819168,44389
"(0.9665831244778612, 1.0)",1,98.72283442391802,44390
"(0.9916585206907788, 0.9958292603453894)",1,98.72280639536324,44391
"(0.9497171590194846, 1.0)",2,98.72245657086307,44393
"(0.8958208965097509, 0.9958292603453894)",1,98.72240674884556,44394
"(0.8760238095238095, 0.9958292603453894)",1,98.72233628832402,44395
"(0.8796475392220073, 1.0)",1,98.72230503758638,44396
"(0.9126251340467026, 0.9958292603453894)",1,98.72225843570368,44397
"(0.9377148530109056, 0.991206314397104)",1,98.72220302182032,44398
"(0.8717520170461346, 0.9958292603453894)",1,98.72216952678863,44399
"(0.8533622685185187, 1.0)",1,98.72215359669234,44400
"(0.7042648709315374, 1.0)",1,98.72192241024702,44401
"(0.987491854024112, 0.9958292603453894)",1,98.72188867285676,44402
"(0.9829909379735984, 0.9958292603453894)",1,98.72163739496597,44403
"(0.9871616776282092, 0.9958292603453894)",1,98.72163333587451,44404
"(0.94291309888229, 0.991206314397104)",2,98.72158785153049,44406
"(0.829593594810986, 1.0)",1,98.72150706458922,44407
"(0.9497171590194846, 1.0)",1,98.7212441481196,44408
"(0.7374768177381903, 0.991206314397104)",1,98.72122972774368,44409
"(0.861111111111111, 1.0)",1,98.72121085498917,44410
"(0.9665831244778612, 1.0)",1,98.72115948486612,44411
"(0.9161952650324744, 1.0)",1,98.72108926562608,44412
"(0.5070372093557577, 1.0)",2,98.72094629376616,44414
"(0.9182966261114094, 0.9958292603453894)",1,98.72086711510067,44415
"(0.8420013166556946, 1.0)",1,98.72082430243164,44416
"(0.9873444118605408, 0.9958292603453894)",1,98.72080832922236,44417
"(0.9445235834124724, 1.0)",1,98.72053540689184,44418
"(0.9369808292429718, 0.9958292603453894)",1,98.7203430652534,44419
"(0.5512311153969784, 1.0)",1,98.72024939886064,44420
"(0.9166145507608924, 1.0)",1,98.72024410794606,44421
"(0.9916585206907788, 0.9958292603453894)",1,98.72012543403017,44422
"(0.9114218054477384, 0.9916339869281046)",1,98.720119271736,44423
"(0.9707071808622552, 0.9958292603453894)",1,98.7199907145824,44424
"(0.9441792447111594, 0.986081059422206)",1,98.71976176734591,44425
"(0.9295946890286512, 1.0)",1,98.71973680136186,44426
"(0.9916585206907788, 0.9958292603453894)",1,98.71970985825666,44427
"(0.8365328658269835, 0.9916585206907788)",2,98.7197029785336,44429
"(0.8315474711586087, 0.9958292603453894)",1,98.71963304729113,44430
"(0.8762860082304527, 1.0)",1,98.71962107320216,44431
"(0.9832965806068272, 0.9958292603453894)",1,98.71953213255792,44432
"(0.9326599326599326, 1.0)",1,98.71944528663906,44433
"(0.8635976129582268, 1.0)",1,98.71937723457025,44434
"(0.887309073841332, 0.9958292603453894)",1,98.71936987202292,44435
"(0.9291343771135042, 0.9958292603453894)",1,98.71930680012647,44436
"(0.8349489264123411, 1.0)",1,98.71930387738507,44437
"(0.9835199925522506, 0.9958292603453894)",1,98.71929519968302,44438
"(0.8887202421952387, 1.0)",1,98.71927991321444,44439
"(1.0, 1.0)",1,98.7192487580498,44440
"(0.8579868984630887, 1.0)",1,98.71923823756032,44441
"(0.8341307814992026, 0.9833229101521784)",2,98.71922696473406,44443
"(0.93795454842108, 0.9916339869281046)",1,98.7191552799972,44444
"(0.7155555555555556, 1.0)",1,98.71903547654132,44445
"(0.9791332681655264, 0.9958292603453894)",2,98.71898386349052,44447
"(0.9916339869281046, 0.9958292603453894)",1,98.7188324104288,44448
"(0.7836699859544369, 1.0)",1,98.71877105945964,44449
"(0.8365328658269835, 0.9958292603453894)",1,98.71872660891754,44450
"(0.9546499948224086, 0.9958292603453894)",1,98.71859021582448,44451
"(0.7651777469990767, 0.991206314397104)",1,98.71858734639729,44452
"(0.9280317595086728, 0.9958292603453894)",1,98.71857536747407,44453
"(0.5118812113070996, 0.9987500214884376)",1,98.71849878450516,44454
"(0.7042648709315374, 1.0)",1,98.71848347998193,44455
"(0.6698155645524068, 1.0)",1,98.7184418574167,44456
"(0.859499940327008, 1.0)",1,98.71841066652853,44457
"(1.0, 1.0)",2,98.71825847267397,44459
"(0.9158007932517735, 0.986081059422206)",1,98.71824938440584,44460
"(0.8635976129582268, 1.0)",1,98.71809260327872,44461
"(0.8471527473990528, 1.0)",1,98.71809204718244,44462
"(0.9833229101521784, 1.0)",1,98.7180790817236,44463
"(0.8653198653198653, 0.9833229101521784)",1,98.71801910382985,44464
"(0.6460231360441068, 0.9950429441987424)",1,98.7179503374862,44465
"(0.8341307814992026, 1.0)",1,98.71788221762542,44466
"(0.8016677935542034, 1.0)",1,98.7178018689906,44467
"(0.7340930674264006, 1.0)",1,98.71777751942535,44468
"(0.564922563324656, 0.996575280197092)",1,98.71768585406298,44469
"(0.8478418336329888, 0.991206314397104)",1,98.71768577793596,44470
"(0.9008025849489264, 0.9833229101521784)",1,98.71763597532852,44471
"(0.9280459216361852, 0.9958292603453894)",1,98.71754949451731,44472
"(0.8880984643179766, 1.0)",1,98.71754545939064,44473
"(0.4776542240827955, 1.0)",1,98.71750349314192,44474
"(0.90650529457547, 0.9916339869281046)",1,98.71743651575942,44475
"(0.837707400507675, 1.0)",1,98.71741102790143,44476
"(1.0, 1.0)",1,98.71738475623448,44477
"(0.9365496267832196, 0.9958292603453894)",1,98.71716423186592,44478
"(0.9437903841498612, 1.0)",1,98.71712778381496,44479
"(0.861111111111111, 1.0)",1,98.7170946867683,44480
"(0.9384174012481092, 0.9958292603453894)",2,98.71704170918636,44482
"(0.8365328658269835, 0.9958292603453894)",1,98.71695565096331,44483
"(0.9416255449494996, 0.991777356103732)",1,98.71691333190066,44484
"(0.9916585206907788, 0.9958292603453894)",1,98.71686892143092,44485
"(0.7612958226768967, 1.0)",1,98.71684545947129,44486
"(0.8468951683237397, 1.0)",1,98.71681133451736,44487
"(0.9013741688985591, 0.9958292603453894)",1,98.71662980146428,44488
"(0.9466127311522048, 0.991206314397104)",1,98.71658483492762,44489
"(0.4039045743444857, 1.0)",1,98.71652163128267,44490
"(0.8483418730488175, 0.9958292603453894)",1,98.71621909983529,44491
"(0.9834358767945106, 0.9958292603453894)",1,98.71613660772604,44492
"(0.8717520170461346, 0.9916585206907788)",1,98.71612408491237,44493
"(0.7416325017951034, 1.0)",1,98.71607225122035,44494
"(0.8796475392220073, 1.0)",1,98.71580711069012,44495
"(0.9326599326599326, 1.0)",1,98.71564297892988,44496
"(0.9873891625615764, 0.9958292603453894)",2,98.71559304945036,44498
"(0.8467532467532467, 1.0)",1,98.7155684891495,44499
"(0.757745166550198, 1.0)",1,98.71551521608455,44500
"(0.8552744708994707, 1.0)",1,98.71551516745131,44501
"(0.9497171590194848, 1.0)",1,98.71538210311832,44502
"(0.8347775825943863, 0.9958292603453894)",1,98.715330711132,44503
"(0.9876221896383188, 0.9958292603453894)",1,98.71532416667252,44504
"(0.8697983697983697, 1.0)",1,98.71529031388556,44505
"(0.5218438528010998, 1.0)",1,98.71526059771216,44506
"(0.9666562434855118, 1.0)",1,98.71516509068964,44507
"(0.9412964149491664, 0.9958292603453894)",1,98.71494330751072,44508
"(0.8586166985951469, 1.0)",1,98.7149033289855,44509
"(0.9131856219190184, 0.9958292603453894)",1,98.71479674949934,44510
"(0.9581458989353726, 1.0)",1,98.7147308174134,44511
"(0.7713401051412279, 1.0)",1,98.71464533802586,44512
"(0.8506653943511476, 0.991206314397104)",3,98.7146323452231,44515
"(0.8229870141950848, 1.0)",1,98.714582546965,44516
"(0.974833726256876, 0.9958292603453894)",1,98.71457164777058,44517
"(0.7416325017951034, 1.0)",1,98.71450159706168,44518
"(0.8310777799491891, 1.0)",1,98.7144866479588,44519
"(0.9490213526488036, 0.9958292603453894)",1,98.714400390661,44520
"(0.9958292603453894, 0.9958292603453894)",1,98.71430986764383,44521
"(0.9158007932517735, 1.0)",2,98.71426704939486,44523
"(0.9916585206907788, 0.9958292603453894)",1,98.7142554311487,44524
"(0.93773047895128, 0.9958292603453894)",1,98.71420913479524,44525
"(0.9873891625615764, 0.9958292603453894)",1,98.71420699889234,44526
"(0.8717520170461346, 0.9958292603453894)",1,98.71420656397352,44527
"(0.8976982097186702, 1.0)",1,98.7141266961379,44528
"(0.8478418336329888, 0.991206314397104)",2,98.71405511910852,44530
"(0.9205517358458536, 0.9958292603453894)",1,98.71388795902982,44531
"(0.944563492063492, 1.0)",1,98.71383328069174,44532
"(0.6636745887678723, 1.0)",1,98.71367654072274,44533
"(0.9333333333333332, 1.0)",1,98.71366652324788,44534
"(0.9377148530109056, 0.991206314397104)",2,98.71360414476842,44536
"(0.9340434419381788, 1.0)",1,98.71340414684444,44537
"(0.799275702501509, 1.0)",1,98.7130621512689,44538
"(0.9791258409522168, 0.9958292603453894)",1,98.7129995497318,44539
"(0.9133907842517408, 0.9958292603453894)",1,98.71258734269986,44540
"(0.9412964149491664, 0.9916339869281046)",1,98.71256237352524,44541
"(0.5070372093557577, 1.0)",1,98.7125589785012,44542
"(0.8420013166556946, 1.0)",1,98.71254405703291,44543
"(0.9153439153439152, 1.0)",1,98.71253926592158,44544
"(0.9161952650324744, 0.9833229101521784)",1,98.71246674423082,44545
"(0.9161952650324744, 1.0)",1,98.71246674423074,44546
"(0.9166145507608924, 0.9833229101521784)",1,98.71235419510636,44547
"(0.9674564520532262, 0.9958292603453894)",1,98.7123398861323,44548
"(0.6444891298012474, 1.0)",1,98.71230489883486,44549
"(0.9626794901621506, 0.9916585206907788)",1,98.71223419955122,44550
"(0.9793747635794354, 0.9958292603453894)",1,98.71223182867394,44551
"(0.9262130464282252, 0.991206314397104)",1,98.71219740096156,44552
"(0.9873444118605408, 0.9958292603453894)",1,98.7121525580522,44553
"(0.9326599326599326, 1.0)",1,98.71211661213984,44554
"(0.949977467563772, 0.9958292603453894)",1,98.7120294129504,44555
"(0.931200007971039, 0.9916339869281046)",1,98.71199256577052,44556
"(0.9581458989353726, 1.0)",1,98.71178403211266,44557
"(0.81893131227901, 1.0)",1,98.71173557827036,44558
"(0.7498057498057498, 1.0)",1,98.71166541391496,44559
"(0.893146638589877, 1.0)",1,98.71154995686987,44560
"(0.6050868628167587, 0.9996210215628012)",3,98.71152085454638,44563
"(0.9669558693467613, 0.9958292603453894)",1,98.71151339807324,44564
"(0.9751539794803552, 0.9958292603453894)",1,98.7114350858017,44565
"(0.9791388745136372, 0.9958292603453894)",1,98.71133104081964,44566
"(0.965648083497546, 0.9958292603453894)",1,98.71106325450408,44567
"(0.9205517358458536, 0.9958292603453894)",1,98.71100315761409,44568
"(0.8867361313822293, 0.9916585206907788)",1,98.71092167624506,44569
"(0.8177442148030384, 1.0)",1,98.7108244573222,44570
"(0.6698155645524068, 1.0)",2,98.71081895837546,44572
"(0.958095238095238, 0.9958292603453894)",1,98.71081278218848,44573
"(0.933096859926128, 1.0)",1,98.71076795157396,44574
"(0.9445235834124724, 1.0)",1,98.71068326045254,44575
"(0.8443691323092412, 0.9958292603453894)",1,98.71056987786096,44576
"(0.7651777469990767, 0.991206314397104)",1,98.71054022440424,44577
"(0.7344692811916678, 1.0)",2,98.71053701535928,44579
"(0.5961857774666546, 0.9992416608232524)",1,98.71052310940912,44580
"(0.7647742788871822, 1.0)",1,98.71049667261464,44581
"(0.9189396095602992, 0.9958292603453894)",1,98.71049318603694,44582
"(0.9958292603453894, 0.9958292603453894)",1,98.71037343059533,44583
"(0.961552316099405, 0.9958292603453894)",1,98.71030168670718,44584
"(0.9522870228046522, 0.9882048106149588)",1,98.71024369297749,44585
"(0.6786000457875457, 1.0)",1,98.71021100146224,44586
"(0.5734466317588319, 0.9984817852901372)",2,98.71014560846857,44588
"(0.8165509259259259, 1.0)",1,98.70972763833612,44589
"(0.7612958226768967, 1.0)",1,98.70957556367016,44590
"(0.9707136080238548, 0.9958292603453894)",1,98.70950465856563,44591
"(0.9454999712494968, 0.9916585206907788)",1,98.7094278127288,44592
"(0.5675807533251369, 1.0)",1,98.7094204098686,44593
"(0.8310777799491891, 0.9882048106149588)",1,98.70924151827204,44594
"(0.8266173510466989, 1.0)",1,98.70919864071952,44595
"(0.9161952650324744, 1.0)",1,98.70917203248185,44596
"(0.9835199925522506, 0.9958292603453894)",1,98.70917047936626,44597
"(0.9441792447111594, 1.0)",1,98.7090694299629,44598
"(0.975479255167798, 0.9958292603453894)",1,98.70898783063572,44599
"(0.8615866942983156, 1.0)",1,98.7089471275319,44600
"(0.903667392883079, 1.0)",1,98.70890294164502,44601
"(0.8796475392220073, 0.9833229101521784)",1,98.7087495032336,44602
"(0.8158879904162925, 1.0)",1,98.70869469987323,44603
"(0.5208957469413343, 0.9981012669018314)",1,98.70865281220904,44604
"(0.8547756205106323, 1.0)",1,98.70864600880448,44605
"(0.8165509259259259, 1.0)",1,98.70861961586698,44606
"(0.8796475392220073, 1.0)",1,98.70861096377604,44607
"(1.0, 1.0)",1,98.708569359893,44608
"(0.8880984643179766, 1.0)",1,98.70842815430429,44609
"(0.9958292603453894, 0.9958292603453894)",1,98.70837627980012,44610
"(0.7545469576719577, 1.0)",2,98.70832969978989,44612
"(0.9326599326599326, 1.0)",2,98.70831833495372,44614
"(0.9034438470728792, 0.9958292603453894)",1,98.70817746927376,44615
"(0.949977467563772, 0.9958292603453894)",1,98.70815877378566,44616
"(0.987463247273494, 0.9958292603453894)",1,98.70813058811414,44617
"(0.9833229101521784, 1.0)",2,98.70773019018311,44619
"(0.8420013166556946, 1.0)",2,98.70764541439225,44621
"(0.8907966222338917, 0.9958292603453894)",1,98.7075738473551,44622
"(0.7000013129045387, 1.0)",1,98.70748957261137,44623
"(0.8796475392220073, 1.0)",2,98.7074838104119,44625
"(1.0, 1.0)",1,98.7074662832215,44626
"(0.4039045743444857, 1.0)",1,98.70740739945649,44627
"(0.7647742788871822, 1.0)",1,98.70733034613096,44628
"(0.9153439153439152, 1.0)",2,98.70731339818124,44630
"(0.9833229101521784, 1.0)",2,98.70728887060518,44632
"(0.7294281157362763, 1.0)",1,98.70723093379311,44633
"(0.9874877810361682, 0.9958292603453894)",1,98.70714149177662,44634
"(0.738145558145558, 1.0)",1,98.70698111637276,44635
"(0.9410852767304382, 0.9958292603453894)",1,98.70695206058636,44636
"(0.9333152311646936, 0.9873891625615764)",1,98.7069168672774,44637
"(0.9412964149491664, 0.9916339869281046)",1,98.70688206150022,44638
"(0.9833251873574456, 0.9958292603453894)",1,98.70680315102209,44639
"(0.9384174012481092, 0.9958292603453894)",1,98.7066790987826,44640
"(0.9833229101521784, 1.0)",1,98.70642746159236,44641
"(0.5131569832583307, 1.0)",1,98.7063527774218,44642
"(0.8315474711586087, 0.9958292603453894)",1,98.70633238414096,44643
"(0.9131856219190184, 0.9958292603453894)",1,98.706246842013,44644
"(0.9326599326599326, 1.0)",1,98.70623977817304,44645
"(0.9958292603453894, 0.9958292603453894)",1,98.70622293672125,44646
"(0.8420013166556946, 1.0)",1,98.7061939692084,44647
"(0.8222222222222222, 1.0)",4,98.70613404124316,44651
"(0.9916585206907788, 0.9958292603453894)",1,98.706106082301,44652
"(0.9791332681655264, 0.9958292603453894)",1,98.70592442384564,44653
"(0.6050868628167587, 0.9992416608232524)",2,98.7057822178884,44655
"(0.8478418336329888, 0.991206314397104)",1,98.70577992870408,44656
"(0.4525211933060535, 0.9992416608232524)",3,98.7057723355521,44659
"(0.7880931329207191, 1.0)",1,98.70571461402072,44660
"(0.8495378883833893, 0.9958292603453894)",1,98.70562350633789,44661
"(0.9622213554582854, 0.9873891625615764)",1,98.70558066160044,44662
"(0.7524760273298283, 0.991206314397104)",1,98.70537046182856,44663
"(0.9707095350359108, 0.9958292603453894)",1,98.70513389989937,44664
"(0.5910680656443368, 1.0)",1,98.70512409861188,44665
"(0.9018806250259218, 1.0)",1,98.70501395128366,44666
"(0.9497171590194848, 1.0)",1,98.70497158405016,44667
"(0.9206165335472736, 0.9958292603453894)",1,98.7047283389169,44668
"(0.9441792447111594, 1.0)",1,98.70461564163018,44669
"(0.8796475392220073, 1.0)",1,98.7045564325104,44670
"(0.8745860467551234, 0.9916585206907788)",1,98.70427755673678,44671
"(0.7711781618000022, 1.0)",1,98.70389203383046,44672
"(0.8587708587708588, 1.0)",1,98.70388523363395,44673
"(0.6747507742934573, 1.0)",1,98.70384207267736,44674
"(0.9161952650324744, 1.0)",1,98.7038337531162,44675
"(0.9131856219190184, 0.9958292603453894)",1,98.70380761077097,44676
"(0.8929015655249481, 0.9958292603453894)",1,98.7037342007089,44677
"(0.9280459216361852, 0.9958292603453894)",1,98.70370540879829,44678
"(0.7000013129045387, 1.0)",1,98.70365391395336,44679
"(0.8615866942983156, 1.0)",1,98.70349467672229,44680
"(0.987491854024112, 0.9958292603453894)",1,98.7034472106423,44681
"(0.9167853751187084, 1.0)",1,98.70341299395108,44682
"(0.972281746031746, 1.0)",1,98.70338140650432,44683
"(0.9228120179844318, 0.9873891625615764)",1,98.7033279160643,44684
"(0.9834113430318364, 0.9958292603453894)",1,98.70331243860927,44685
"(0.9546499948224086, 0.9958292603453894)",1,98.70326787941433,44686
"(0.9833229101521784, 1.0)",2,98.7029378194147,44688
"(0.7344692811916678, 1.0)",1,98.7028210027553,44689
"(0.8372053872053872, 1.0)",1,98.702782043332,44690
"(0.9009534009534008, 1.0)",1,98.70246230970764,44691
"(0.8996392387758612, 0.9873891625615764)",1,98.70239604905078,44692
"(0.738145558145558, 1.0)",1,98.70216353535776,44693
"(0.8761383419447936, 0.9916339869281046)",1,98.70204770057936,44694
"(0.9161379295307868, 1.0)",1,98.7019752030893,44695
"(0.9618291283060416, 0.9958292603453894)",1,98.70195726227874,44696
"(0.9018806250259218, 1.0)",2,98.70186548170932,44698
"(0.8976982097186702, 1.0)",1,98.70183149661058,44699
"(0.9377148530109056, 0.991206314397104)",1,98.70179265529686,44700
"(0.8040695048423352, 1.0)",2,98.70174765570566,44702
"(0.9499687304565352, 1.0)",1,98.70171969987648,44703
"(0.882673371045464, 1.0)",1,98.70154878375594,44704
"(0.9666562434855118, 1.0)",1,98.70143798532766,44705
"(0.8976982097186702, 1.0)",2,98.7013041539645,44707
"(0.8811945374355704, 1.0)",2,98.70128111576352,44709
"(0.8101143854687974, 1.0)",1,98.7012715721776,44710
"(0.9295946890286512, 1.0)",1,98.70109016641318,44711
"(0.6215073982652175, 1.0)",1,98.70108197261864,44712
"(0.9916585206907788, 0.9958292603453894)",1,98.70107560493416,44713
"(0.9442283950617284, 1.0)",1,98.7009432370848,44714
"(0.9916585206907788, 0.9958292603453894)",1,98.70081645865376,44715
"(0.6886904761904762, 1.0)",1,98.70080657278557,44716
"(0.746304385688563, 1.0)",1,98.70074685706228,44717
"(0.91326516498939, 0.9916339869281046)",1,98.70073936213342,44718
"(0.91326516498939, 0.9916339869281046)",1,98.70069040801263,44719
"(0.961552316099405, 0.9958292603453894)",1,98.70068010834188,44720
"(0.9158007932517735, 1.0)",1,98.7006015554536,44721
"(0.8796475392220073, 1.0)",1,98.70036093825016,44722
"(0.916110211619383, 0.9916339869281046)",1,98.70035641165327,44723
"(0.9303715638302106, 1.0)",1,98.70035155972556,44724
"(0.9445235834124724, 1.0)",1,98.70025717222732,44725
"(0.8976982097186702, 1.0)",1,98.70014135762128,44726
"(0.8449978636391381, 0.9882048106149588)",1,98.70005292975137,44727
"(0.8996392387758612, 0.9916339869281046)",1,98.70003828952582,44728
"(0.9158007932517735, 1.0)",1,98.69998106175368,44729
"(0.9166682405676116, 1.0)",1,98.69997853861128,44730
"(0.4743478079735079, 0.9992416608232524)",3,98.69982702426869,44733
"(0.8736897274633123, 1.0)",1,98.69979270208567,44734
"(1.0, 1.0)",2,98.6997695826064,44736
"(0.9582210352371644, 0.9958292603453894)",1,98.6997374596796,44737
"(0.6825396825396824, 0.9833229101521784)",1,98.69973667440694,44738
"(0.8929015655249481, 0.9916666666666668)",1,98.69969793540432,44739
"(0.9182966261114094, 0.9958292603453894)",1,98.69965145305646,44740
"(0.8495378883833893, 0.9958292603453894)",1,98.69959646609696,44741
"(0.861111111111111, 1.0)",1,98.69958642592836,44742
"(0.9490213526488036, 0.9916585206907788)",1,98.6995741029364,44743
"(0.8432903075760217, 1.0)",2,98.69921723982384,44745
"(0.9714797495442656, 0.9958292603453894)",2,98.6990255788779,44747
"(0.9161952650324744, 1.0)",1,98.69899272094604,44748
"(0.9161379295307868, 1.0)",1,98.6989658959035,44749
"(0.7060994560994561, 1.0)",1,98.6989536799395,44750
"(0.9198255060602112, 0.9916585206907788)",1,98.69894523205392,44751
"(0.9289899460589116, 0.9873891625615764)",1,98.6988813927982,44752
"(0.6886904761904762, 1.0)",1,98.69883216218628,44753
"(0.8974984433303618, 0.9873891625615764)",1,98.6986854864586,44754
"(0.8697983697983697, 1.0)",1,98.69866070182734,44755
"(0.8329050741331443, 1.0)",1,98.69861064031032,44756
"(0.97495917428555, 0.9958292603453894)",1,98.69848939522798,44757
"(0.7060994560994561, 1.0)",1,98.69844353825955,44758
"(0.8420013166556946, 1.0)",2,98.69844101079543,44760
"(0.8294970161977834, 0.9833229101521784)",1,98.69841529276503,44761
"(0.9165164082221422, 1.0)",1,98.69834221816716,44762
"(0.6886904761904762, 1.0)",1,98.69833272435402,44763
"(1.0, 1.0)",1,98.69828435417593,44764
"(0.808446455505279, 1.0)",1,98.6981937236288,44765
"(0.9916585206907788, 0.9958292603453894)",1,98.69808127262108,44766
"(0.701112807238778, 1.0)",1,98.69805731651466,44767
"(0.944563492063492, 1.0)",1,98.69801559434671,44768
"(0.5642422164950636, 1.0)",1,98.69793549492336,44769
"(0.8760238095238095, 0.9958292603453894)",1,98.6978992982136,44770
"(0.738145558145558, 1.0)",1,98.69780565783672,44771
"(0.8347775825943863, 0.9958292603453894)",1,98.69778959221604,44772
"(0.8101143854687974, 1.0)",1,98.69774637839902,44773
"(0.9332172991312776, 0.9958292603453894)",1,98.69761939118268,44774
"(0.8310777799491891, 1.0)",1,98.69760233607462,44775
"(0.93773047895128, 0.9958292603453894)",1,98.69750368519564,44776
"(0.9874877810361682, 0.9958292603453894)",1,98.69749671230348,44777
"(0.9035493827160492, 0.9958292603453894)",1,98.69745617841944,44778
"(0.8916052423523688, 0.9873891625615764)",1,98.69740454764748,44779
"(0.8761383419447936, 0.9916339869281046)",1,98.69714118976296,44780
"(0.8928598364786969, 0.9958292603453894)",1,98.69708401249837,44781
"(0.9499687304565352, 1.0)",1,98.69696518793876,44782
"(0.9466127311522048, 0.991206314397104)",1,98.6968280403685,44783
"(0.987463247273494, 0.9958292603453894)",2,98.69671585480424,44785
"(0.9147764646501256, 0.9958292603453894)",1,98.69671350435144,44786
"(0.9497171590194848, 1.0)",1,98.69665627612297,44787
"(0.8796475392220073, 1.0)",1,98.69652757040475,44788
"(0.9747273037595618, 0.9958292603453894)",1,98.69652290748915,44789
"(0.9504245882013664, 0.9958292603453894)",1,98.69649014409232,44790
"(0.9497171590194846, 1.0)",1,98.696072489693,44791
"(0.5443142824598124, 1.0)",1,98.69594039902393,44792
"(0.9131856219190184, 0.9958292603453894)",1,98.69591123893204,44793
"(0.9166145507608924, 0.9833229101521784)",1,98.6958986109288,44794
"(0.9497171590194846, 1.0)",2,98.6958850807039,44796
"(0.8633762288330498, 1.0)",2,98.69582118766164,44798
"(0.4039045743444857, 1.0)",1,98.6956652449643,44799
"(0.5035807326063234, 0.9992416608232524)",3,98.6956217708453,44802
"(0.9333333333333332, 1.0)",2,98.69553419263244,44804
"(0.9756244289830628, 0.9958292603453894)",1,98.69541698017711,44805
"(0.991777356103732, 0.9958292603453894)",1,98.69531544072936,44806
"(0.94291309888229, 0.991206314397104)",1,98.6952606065072,44807
"(0.6747507742934573, 1.0)",1,98.69516233178312,44808
"(0.6825396825396824, 1.0)",1,98.6951622301971,44809
"(0.9153439153439156, 1.0)",1,98.69510431263971,44810
"(0.8997493734335841, 0.9665831244778612)",1,98.69508122826332,44811
"(0.8365328658269835, 0.9958292603453894)",1,98.69507343910416,44812
"(0.9293300445873568, 0.9873891625615764)",1,98.69500550097864,44813
"(0.97899550533801, 0.9958292603453894)",1,98.6949720504976,44814
"(0.7946380416968652, 0.9958292603453894)",1,98.69491023577504,44815
"(0.9008627640703112, 1.0)",1,98.6947455196504,44816
"(0.9791258409522168, 0.991777356103732)",1,98.69472651292398,44817
"(0.7075023741690408, 1.0)",1,98.69464760251212,44818
"(0.9435817855979146, 0.9958292603453894)",1,98.69461399705382,44819
"(0.8880984643179766, 1.0)",1,98.6945954957348,44820
"(0.8399588504703595, 0.9958292603453894)",1,98.69458969737522,44821
"(0.8478418336329888, 0.991206314397104)",1,98.6945558919689,44822
"(0.9300671002153482, 1.0)",1,98.69452780427086,44823
"(0.7545469576719577, 1.0)",1,98.69448044371316,44824
"(0.917849761232425, 1.0)",1,98.6944528725476,44825
"(0.8976982097186702, 1.0)",1,98.69442791223226,44826
"(0.9756244289830628, 0.9958292603453894)",1,98.69442050910456,44827
"(0.9322127672355596, 0.9916585206907788)",1,98.69439433127198,44828
"(1.0, 1.0)",4,98.6943599526398,44832
"(0.8900605062175889, 0.9958292603453894)",1,98.69424155326772,44833
"(0.97934925289764, 0.9958292603453894)",1,98.69409893829106,44834
"(0.8329156223893065, 1.0)",1,98.69409109525893,44835
"(0.8300265307680562, 1.0)",1,98.69397409381092,44836
"(0.9250222656674272, 0.9916585206907788)",2,98.69394653772756,44838
"(0.9199973910846122, 0.9873891625615764)",1,98.69393071456616,44839
"(0.7453091184935634, 0.991206314397104)",1,98.69388547438813,44840
"(0.7340930674264006, 1.0)",1,98.69380002713336,44841
"(0.9435817855979146, 0.9958292603453894)",1,98.69376706796108,44842
"(0.9166145507608924, 1.0)",2,98.69372421728352,44844
"(0.9412662901087948, 0.9958292603453894)",1,98.69364178821552,44845
"(0.4039045743444857, 1.0)",1,98.69361579723903,44846
"(0.8796475392220073, 1.0)",1,98.69352806961386,44847
"(0.9916585206907788, 0.9958292603453894)",1,98.6933036690955,44848
"(0.917849761232425, 0.9882048106149588)",1,98.69317538863385,44849
"(0.776488287126585, 1.0)",2,98.69310037438927,44851
"(0.9833229101521784, 1.0)",1,98.69303676153513,44852
"(0.8468951683237397, 1.0)",1,98.69303370987367,44853
"(0.8468951683237397, 1.0)",1,98.69296572275177,44854
"(0.9747273037595618, 0.9958292603453894)",1,98.69282900207268,44855
"(0.9189396095602992, 0.9958292603453894)",1,98.6926412381915,44856
"(0.8907966222338917, 0.9958292603453894)",1,98.69262043781586,44857
"(0.882246838129191, 0.9958292603453894)",1,98.6926099201236,44858
"(0.8065954953750508, 1.0)",1,98.69260174721988,44859
"(0.9916585206907788, 0.9958292603453894)",1,98.69252891691168,44860
"(0.7944219523166891, 1.0)",1,98.69252708020352,44861
"(0.9153439153439152, 1.0)",1,98.69251591646749,44862
"(0.8814814814814814, 1.0)",1,98.69250628718136,44863
"(0.961552316099405, 0.9958292603453894)",1,98.69245663388304,44864
"(0.9250222656674272, 0.9958292603453894)",1,98.69245660641248,44865
"(0.9793747635794354, 0.9958292603453894)",1,98.69239440441338,44866
"(0.3930894945067609, 0.9987499746026686)",1,98.69232078364094,44867
"(0.5452310701354139, 0.9973390598305516)",1,98.69222276635053,44868
"(0.8312205288949474, 1.0)",1,98.69204287661938,44869
"(0.917849761232425, 0.9882048106149588)",1,98.6919451617916,44870
"(0.8506653943511476, 0.991206314397104)",3,98.69175557322345,44873
"(0.9743030741133208, 0.9958292603453894)",1,98.69170115337194,44874
"(0.7601164382773579, 1.0)",1,98.69170072108328,44875
"(0.978932178932179, 0.9958292603453894)",1,98.69167348702572,44876
"(1.0, 0.9958292603453894)",1,98.69167126265124,44877
"(0.9835199925522506, 0.9958292603453894)",1,98.691666506463,44878
"(0.9793747635794354, 0.9958292603453894)",1,98.69151902948842,44879
"(0.916104916104916, 1.0)",1,98.69148143042446,44880
"(0.94291309888229, 0.991206314397104)",1,98.69135255292552,44881
"(0.8653198653198653, 1.0)",1,98.69125441307855,44882
"(0.8315474711586087, 0.9958292603453894)",1,98.69124023235791,44883
"(0.987491854024112, 0.9958292603453894)",1,98.69120061193544,44884
"(0.7802197802197803, 1.0)",1,98.69115065265711,44885
"(0.7687400318979267, 0.9833229101521784)",1,98.69106342250257,44886
"(0.8633762288330498, 1.0)",1,98.69105852972626,44887
"(1.0, 1.0)",1,98.6908674166487,44888
"(0.7121693121693121, 1.0)",1,98.69082059308693,44889
"(0.949977467563772, 0.9958292603453894)",1,98.69079906877772,44890
"(0.979051756240299, 0.9958292603453894)",1,98.69078643019598,44891
"(0.9377148530109056, 0.991206314397104)",1,98.6907764690868,44892
"(0.961552316099405, 0.9958292603453894)",1,98.690500592281,44893
"(0.8315474711586087, 0.9958292603453894)",1,98.6904613834568,44894
"(0.5005466528962331, 0.9988619159967322)",1,98.69045384237783,44895
"(0.9833229101521784, 1.0)",1,98.69042784619106,44896
"(0.9041196741854636, 0.991206314397104)",3,98.69027136842378,44899
"(1.0, 1.0)",1,98.69022803817586,44900
"(0.9609386607489072, 0.9958292603453894)",1,98.69021831522149,44901
"(0.5125574921326554, 1.0)",3,98.6901811425444,44904
"(0.9126251340467026, 0.9958292603453894)",1,98.69008842843026,44905
"(0.7711781618000022, 1.0)",1,98.69005937526096,44906
"(0.3067412107187314, 0.9992416608232524)",3,98.69001025014413,44909
"(0.954238558835333, 0.9916339869281046)",1,98.6899652862098,44910
"(0.485879976270526, 0.9992416608232524)",3,98.68983549244702,44913
"(0.9293300445873568, 0.9916339869281046)",2,98.68971014283116,44915
"(0.9916585206907788, 0.9958292603453894)",1,98.68968480995711,44916
"(0.861111111111111, 1.0)",1,98.68966109316972,44917
"(0.9622634791942192, 0.9958292603453894)",1,98.68962155808886,44918
"(0.861111111111111, 1.0)",1,98.68954089464782,44919
"(0.7069597069597069, 1.0)",1,98.68945868945868,44920
"(0.9516794286955578, 0.9958292603453894)",1,98.689440697131,44921
"(0.9664178541946324, 0.9873891625615764)",1,98.68943170863356,44922
"(0.9009287520039462, 1.0)",1,98.68933144136346,44923
"(0.8796475392220073, 1.0)",1,98.68920861374178,44924
"(0.933249791144528, 1.0)",1,98.689193043149,44925
"(0.8372053872053872, 1.0)",1,98.68918515367982,44926
"(0.7524760273298283, 0.991206314397104)",3,98.68911688361352,44929
"(0.9916585206907788, 0.9958292603453894)",1,98.68909603144796,44930
"(0.5485994340225477, 0.9996210215628012)",1,98.68909176599628,44931
"(0.9833229101521784, 1.0)",1,98.68908843338286,44932
"(0.9161379295307868, 1.0)",1,98.68904914459031,44933
"(0.6378166586499919, 1.0)",1,98.6888328170939,44934
"(0.971023600055858, 0.9958292603453894)",1,98.68883046864968,44935
"(0.987491854024112, 0.9958292603453894)",1,98.6887934958086,44936
"(0.861111111111111, 1.0)",1,98.68869120632392,44937
"(0.9792521035784794, 0.9958292603453894)",1,98.68866474638388,44938
"(0.93795454842108, 0.9916339869281046)",1,98.68848539280262,44939
"(0.7121693121693121, 1.0)",1,98.6884435800224,44940
"(0.931200007971039, 0.9873891625615764)",1,98.68842481152244,44941
"(0.5361367504335325, 0.9988619159967322)",3,98.68834123515184,44944
"(0.738145558145558, 1.0)",1,98.68805690352995,44945
"(0.9169719169719168, 1.0)",1,98.68793965861867,44946
"(0.8552744708994707, 1.0)",1,98.68792637137297,44947
"(0.97899550533801, 0.9958292603453894)",1,98.68789905494512,44948
"(0.4943189964157706, 1.0)",1,98.68788942199836,44949
"(0.8653198653198653, 1.0)",1,98.68778819467738,44950
"(0.8467532467532467, 1.0)",1,98.6875938223327,44951
"(0.816195709052852, 1.0)",1,98.68755896961753,44952
"(0.962699692780338, 0.9958292603453894)",1,98.68739480846055,44953
"(0.4994316028798788, 1.0)",1,98.68738981025687,44954
"(0.8633762288330498, 1.0)",2,98.6873249779193,44956
"(0.9788980434141724, 0.9958292603453894)",1,98.68731062811956,44957
"(0.8796475392220073, 1.0)",1,98.68729913922286,44958
"(0.8310777799491891, 1.0)",1,98.68725082484409,44959
"(0.6784722222222224, 1.0)",1,98.6872171029868,44960
"(0.7340930674264006, 1.0)",1,98.6872054951932,44961
"(0.865581803207783, 0.991206314397104)",1,98.68719120785308,44962
"(0.9326599326599326, 1.0)",2,98.68716945219388,44964
"(0.9442283950617284, 1.0)",1,98.68702232815866,44965
"(0.861111111111111, 1.0)",1,98.68700837579354,44966
"(0.9333044546043194, 0.9958292603453894)",1,98.68697809233282,44967
"(0.987491854024112, 0.9958292603453894)",1,98.68685775598344,44968
"(0.9501401498286928, 0.9873891625615764)",1,98.68671564647808,44969
"(0.8506653943511476, 0.991206314397104)",1,98.6866716613502,44970
"(0.9009534009534008, 1.0)",1,98.68667126143517,44971
"(0.6784722222222224, 1.0)",1,98.68664566662588,44972
"(0.8796475392220073, 1.0)",1,98.68664129629164,44973
"(0.9009534009534008, 1.0)",1,98.68663891393436,44974
"(0.7222222222222221, 1.0)",1,98.68661737153766,44975
"(0.4776877676981033, 0.9988619159967322)",3,98.68652383754863,44978
"(0.8907966222338917, 0.9958292603453894)",1,98.68651277171593,44979
"(0.9618291283060416, 0.9958292603453894)",1,98.68634933685938,44980
"(0.9297326845255915, 0.9916585206907788)",1,98.68616618371168,44981
"(0.8294970161977834, 1.0)",1,98.68604138853162,44982
"(0.9157097551404952, 0.9916585206907788)",1,98.68582471704634,44983
"(0.93773047895128, 0.9958292603453894)",1,98.68576629509256,44984
"(0.4606973696770164, 0.9975000781372088)",1,98.68561719145008,44985
"(0.8976982097186702, 1.0)",1,98.68558160982796,44986
"(0.9833229101521784, 1.0)",1,98.68545898224146,44987
"(0.8867361313822293, 0.9958292603453894)",1,98.6854212600104,44988
"(0.7647742788871822, 1.0)",1,98.68531562720392,44989
"(0.7503607503607503, 1.0)",1,98.68519784309258,44990
"(0.7060994560994561, 1.0)",1,98.68503473936173,44991
"(0.8697983697983697, 1.0)",1,98.6849830813738,44992
"(0.917849761232425, 0.9882048106149588)",1,98.68489611020416,44993
"(0.5131569832583307, 1.0)",1,98.68489220000156,44994
"(0.9504245882013664, 0.9958292603453894)",2,98.68487673083465,44996
"(0.8600291387756281, 0.9958292603453894)",1,98.68485415504004,44997
"(0.975195619792394, 0.9958292603453894)",1,98.68471337006363,44998
"(0.9333044546043194, 0.9958292603453894)",2,98.68451832686824,45000
"(0.6886904761904762, 1.0)",1,98.68448100408511,45001
"(0.9205517358458536, 0.9916339869281046)",1,98.68443088464616,45002
"(0.8165520116739629, 1.0)",1,98.68438743068444,45003
"(0.8374727668845315, 0.9833229101521784)",1,98.68432984303652,45004
"(0.9280459216361852, 0.9958292603453894)",1,98.68430516304224,45005
"(0.6179693015417549, 1.0)",1,98.68428894226886,45006
"(0.4897415065188988, 0.9992416608232524)",3,98.68417152280304,45009
"(0.9748524098350704, 0.9958292603453894)",1,98.68411444313992,45010
"(0.73687720936437, 1.0)",1,98.68390735099167,45011
"(0.8347775825943863, 0.9958292603453894)",1,98.68389319237104,45012
"(0.9326599326599326, 1.0)",1,98.683844721244,45013
"(0.386131416575074, 1.0)",1,98.68343915901409,45014
"(0.5118812113070996, 1.0)",1,98.68337797204543,45015
"(0.958319976073035, 0.9916666666666668)",1,98.68333230548004,45016
"(0.9374843410636878, 0.9916339869281046)",1,98.68331658461226,45017
"(0.944563492063492, 1.0)",1,98.6832443821682,45018
"(0.8840455840455841, 1.0)",1,98.683200569042,45019
"(0.9582389563841176, 0.9958292603453894)",1,98.68319399338168,45020
"(0.7946380416968652, 0.9958292603453894)",1,98.68318704792642,45021
"(0.7647742788871822, 1.0)",1,98.68314693017618,45022
"(0.8615866942983156, 1.0)",1,98.68307988222838,45023
"(0.8703703703703703, 1.0)",1,98.68304414599572,45024
"(0.8907966222338917, 0.9958292603453894)",1,98.68299246313694,45025
"(0.9874762808349148, 0.9915151515151516)",1,98.68297969481289,45026
"(0.9746535316523212, 0.9958292603453894)",1,98.6829792081638,45027
"(0.6215073982652175, 1.0)",1,98.6829610717562,45028
"(0.865581803207783, 0.991206314397104)",1,98.68293859274844,45029
"(0.6612761389202956, 1.0)",1,98.682908326128,45030
"(0.7278086237149632, 1.0)",1,98.68289599566478,45031
"(0.917849761232425, 1.0)",1,98.68272636602438,45032
"(0.7277677677677677, 1.0)",1,98.68264987278825,45033
"(0.8506653943511476, 0.991206314397104)",1,98.68261637848492,45034
"(0.954238558835333, 0.9916339869281046)",1,98.68259178636411,45035
"(0.8266173510466989, 1.0)",1,98.68247080787371,45036
"(0.6544644252235129, 1.0)",2,98.6824373143072,45038
"(0.8310777799491891, 1.0)",1,98.68229725570298,45039
"(0.9126251340467026, 0.9958292603453894)",1,98.68229052076052,45040
"(0.9218558227888856, 0.9916339869281046)",1,98.68226181868788,45041
"(0.7372334455667788, 1.0)",1,98.68223245977067,45042
"(0.9365496267832196, 0.9916585206907788)",2,98.68209873250744,45044
"(0.6544644252235129, 1.0)",1,98.68206087334212,45045
"(0.8229870141950848, 1.0)",1,98.68181898398127,45046
"(0.5450348040348041, 0.9977203590215908)",1,98.68176746099026,45047
"(0.8929015655249481, 0.9916585206907788)",2,98.6816627914508,45049
"(0.8678757556806338, 1.0)",1,98.68163079169736,45050
"(0.9454999712494968, 0.9958292603453894)",1,98.6812118629541,45051
"(0.4755355605353038, 0.9977203590215908)",1,98.68117146759003,45052
"(0.6575398846941737, 1.0)",1,98.68111515844431,45053
"(0.8165509259259259, 1.0)",1,98.68107367056234,45054
"(0.971023600055858, 0.9958292603453894)",2,98.68085143306398,45056
"(0.81893131227901, 1.0)",1,98.68074819207052,45057
"(0.8804215399610136, 0.991206314397104)",1,98.68063677749733,45058
"(0.861111111111111, 1.0)",1,98.6803435871981,45059
"(0.934122934122934, 1.0)",2,98.68033840362408,45061
"(0.9384174012481092, 0.9958292603453894)",1,98.68005639327836,45062
"(0.9167853751187084, 1.0)",2,98.68002367586888,45064
"(0.8468089381754635, 1.0)",2,98.68001833081166,45066
"(0.9916585206907788, 0.9958292603453894)",1,98.67995584967086,45067
"(0.9280317595086728, 0.9958292603453894)",1,98.67989577538756,45068
"(0.8929015655249481, 0.9958292603453894)",1,98.67981109531571,45069
"(0.4747763864042934, 1.0)",1,98.67971505098568,45070
"(0.9333044546043194, 0.9958292603453894)",1,98.6796991073164,45071
"(0.94291309888229, 0.991206314397104)",1,98.67965996677562,45072
"(0.9454999712494968, 0.9916585206907788)",1,98.67963986349974,45073
"(0.9167853751187084, 1.0)",1,98.67961825098122,45074
"(0.7946380416968652, 0.9958292603453894)",1,98.6795352849488,45075
"(0.8065954953750508, 0.9882048106149588)",1,98.67953049216196,45076
"(0.8976982097186702, 1.0)",1,98.67951744381404,45077
"(0.9262130464282252, 0.991206314397104)",1,98.67946568098937,45078
"(0.6886904761904762, 1.0)",1,98.67942503081356,45079
"(0.7946380416968652, 0.9916585206907788)",1,98.67937815824487,45080
"(1.0, 1.0)",1,98.6793218700405,45081
"(0.9496114574862204, 0.9873891625615764)",1,98.679275956304,45082
"(0.9034438470728792, 0.9958292603453894)",1,98.67926070032058,45083
"(0.8929015655249481, 0.9958292603453894)",1,98.67919386848372,45084
"(0.7801008555725536, 1.0)",1,98.67914428143294,45085
"(0.933096859926128, 1.0)",1,98.67904632780782,45086
"(0.9833040078201368, 0.9958292603453894)",1,98.67899289814284,45087
"(0.812557599070401, 1.0)",1,98.67897749306384,45088
"(0.9747838672665278, 1.0)",1,98.67892082271506,45089
"(0.826388888888889, 1.0)",1,98.6787922042153,45090
"(1.0, 1.0)",1,98.67868797965076,45091
"(0.9916585206907788, 0.9958292603453894)",1,98.67865610621504,45092
"(0.9466127311522048, 0.991206314397104)",1,98.67865606586074,45093
"(0.8796475392220073, 1.0)",1,98.67860981758108,45094
"(0.9874762808349148, 0.987463247273494)",1,98.6786068424404,45095
"(0.617513611615245, 1.0)",1,98.6785307573564,45096
"(0.9331602474692836, 0.9958292603453894)",1,98.67840494361892,45097
"(0.9833211143695014, 0.9747273037595618)",1,98.67839677760524,45098
"(0.9499687304565352, 1.0)",1,98.67832675227352,45099
"(0.757745166550198, 1.0)",1,98.67814909098308,45100
"(0.9289899460589116, 0.9873891625615764)",1,98.6781278874346,45101
"(0.9788283442948758, 0.9958292603453894)",1,98.6780831771894,45102
"(0.9497171590194846, 1.0)",1,98.67808028131464,45103
"(0.971023600055858, 0.9789824717765896)",1,98.677947938976,45104
"(0.7042648709315374, 1.0)",1,98.6779402433868,45105
"(0.933096859926128, 1.0)",1,98.67793040963772,45106
"(0.8976982097186702, 1.0)",1,98.67777166874674,45107
"(0.9749706744868036, 0.9958292603453894)",2,98.67768194488757,45109
"(0.9580602951397298, 0.9958292603453894)",1,98.67767695405117,45110
"(0.9497171590194848, 1.0)",1,98.67758810350364,45111
"(0.5684333674913385, 1.0)",1,98.67753572479069,45112
"(0.9609386607489072, 0.9958292603453894)",1,98.67749467742448,45113
"(0.8310777799491891, 1.0)",2,98.6774941727479,45115
"(0.8374727668845315, 1.0)",1,98.6774898638978,45116
"(0.7574146783449108, 1.0)",1,98.67748162921302,45117
"(0.9228120179844318, 0.9916339869281046)",1,98.6769373574088,45118
"(0.987463247273494, 0.9958292603453894)",1,98.6768593512824,45119
"(0.9250222656674272, 0.9958292603453894)",1,98.67683988563908,45120
"(0.9153439153439152, 1.0)",1,98.67680424228756,45121
"(0.7183489076634237, 1.0)",2,98.67676143423408,45123
"(0.9230468061350414, 0.9916339869281046)",1,98.67675714944258,45124
"(1.0, 1.0)",1,98.67671619531184,45125
"(0.7601164382773579, 1.0)",1,98.67653807845336,45126
"(0.6779618620193896, 1.0)",1,98.67648088066088,45127
"(0.8916052423523688, 0.9916339869281046)",1,98.67645879584904,45128
"(0.9369808292429718, 0.9958292603453894)",1,98.6764303651164,45129
"(0.7155555555555556, 1.0)",1,98.67636447705748,45130
"(0.7946380416968652, 0.9958292603453894)",1,98.67631445329116,45131
"(0.9665831244778612, 1.0)",1,98.67631345062942,45132
"(0.901575014782562, 0.986081059422206)",1,98.6761990552257,45133
"(0.599744651595403, 1.0)",2,98.67613136100628,45135
"(0.8420013166556946, 0.9833229101521784)",2,98.67612259368036,45137
"(0.961552316099405, 0.9958292603453894)",1,98.67610291913304,45138
"(0.9192093318943212, 0.9882048106149588)",1,98.67609881374894,45139
"(0.8495378883833893, 0.9916585206907788)",1,98.67601179923484,45140
"(0.9835199925522506, 0.9958292603453894)",1,98.67600120205232,45141
"(0.9797933639980358, 0.9958292603453894)",1,98.67594961927315,45142
"(0.9720813204508856, 1.0)",1,98.6758895934864,45143
"(0.8786901405005916, 0.9916666666666668)",1,98.6758280349736,45144
"(0.8329156223893065, 1.0)",1,98.67577664038213,45145
"(0.9293300445873568, 0.9916339869281046)",1,98.67573870454189,45146
"(0.7802197802197803, 1.0)",1,98.6755946701514,45147
"(0.9018806250259218, 1.0)",1,98.67557859387222,45148
"(0.8958208965097509, 0.9958292603453894)",1,98.67549835487112,45149
"(0.7374768177381903, 0.991206314397104)",1,98.67544798175162,45150
"(0.9445235834124724, 1.0)",1,98.67544654512996,45151
"(0.9706172005998612, 0.9958292603453894)",1,98.67538775485396,45152
"(0.9398731501057084, 0.988167361639188)",1,98.67536933555468,45153
"(0.6733821733821733, 1.0)",1,98.67526859786128,45154
"(0.8329156223893065, 1.0)",1,98.6752633808642,45155
"(0.9916585206907788, 0.9958292603453894)",1,98.675220278052,45156
"(0.7372334455667788, 1.0)",1,98.67514053809714,45157
"(0.9326599326599326, 1.0)",1,98.67507518588036,45158
"(0.9490213526488036, 0.9916585206907788)",1,98.67507481090183,45159
"(0.5807100687237674, 1.0)",1,98.6750747090287,45160
"(0.8065954953750508, 0.9885557944107872)",1,98.67466986445116,45161
"(0.9293300445873568, 0.9873891625615764)",2,98.67461567131522,45163
"(0.94291309888229, 0.991206314397104)",1,98.67444211467004,45164
"(0.8300265307680562, 1.0)",1,98.67435838924084,45165
"(0.9008025849489264, 1.0)",1,98.67431210062983,45166
"(0.7119388248146047, 1.0)",1,98.67425663615175,45167
"(0.9051976597090448, 0.9958292603453894)",1,98.67415319949878,45168
"(0.961552316099405, 0.9958292603453894)",1,98.6741154756043,45169
"(0.9667018107340688, 0.987463247273494)",1,98.67407535377929,45170
"(0.6825396825396824, 1.0)",1,98.67396241483787,45171
"(0.9834113430318364, 0.9958292603453894)",1,98.67393470093596,45172
"(0.933096859926128, 1.0)",1,98.67387728001802,45173
"(0.9365496267832196, 0.9958292603453894)",1,98.67376253373216,45174
"(0.7075023741690408, 1.0)",1,98.6737477234847,45175
"(0.930200260788496, 0.9873891625615764)",1,98.67368597344056,45176
"(0.6575398846941737, 1.0)",1,98.67353636331303,45177
"(0.7168719671519223, 0.991206314397104)",1,98.67352068188916,45178
"(0.6179693015417549, 1.0)",1,98.67350527569975,45179
"(0.5070372093557577, 1.0)",2,98.67342390035944,45181
"(0.9916585206907788, 0.9958292603453894)",1,98.67340575645626,45182
"(0.9833040078201368, 0.9958292603453894)",1,98.67338591303351,45183
"(0.8974984433303618, 0.9916339869281046)",1,98.67333419006704,45184
"(0.8506653943511476, 0.991206314397104)",3,98.67329732187255,45187
"(0.9057330122004186, 0.991206314397104)",2,98.67328696408391,45189
"(0.9057330122004186, 0.991206314397104)",1,98.67322765222464,45190
"(0.8432903075760217, 0.986081059422206)",1,98.6732265931447,45191
"(0.9916585206907788, 0.9958292603453894)",1,98.67317754197454,45192
"(0.9584987529902784, 1.0)",2,98.67316461461456,45194
"(0.7632275132275131, 1.0)",1,98.67315252147904,45195
"(0.9497171590194846, 1.0)",1,98.6730102402073,45196
"(0.7511111111111111, 1.0)",1,98.6729851450056,45197
"(0.9580602951397298, 0.9958292603453894)",1,98.67272226795258,45198
"(0.9206165335472736, 0.9958292603453894)",1,98.67269896300228,45199
"(0.8247905643738976, 1.0)",2,98.67247080286614,45201
"(0.4631616549920088, 1.0)",3,98.67238732112102,45204
"(0.433281060850566, 0.9992416608232524)",3,98.67231782639765,45207
"(0.979051756240299, 1.0)",1,98.67228326732808,45208
"(0.4943189964157706, 1.0)",1,98.67228301753718,45209
"(0.9008025849489264, 1.0)",1,98.67217884832957,45210
"(0.7222222222222221, 0.9833229101521784)",1,98.67217858766855,45211
"(0.7000013129045387, 1.0)",1,98.67207705674493,45212
"(0.7545469576719577, 1.0)",1,98.6720712283592,45213
"(0.987491854024112, 0.9958292603453894)",1,98.67192625182226,45214
"(0.8365328658269835, 0.9958292603453894)",1,98.67190418181828,45215
"(0.8929015655249481, 0.9916585206907788)",1,98.67186946846036,45216
"(0.6179693015417549, 1.0)",1,98.67186866192296,45217
"(0.987491854024112, 0.9958292603453894)",1,98.67182379883889,45218
"(0.7648017586542176, 1.0)",1,98.67179687984854,45219
"(0.5496037453183521, 1.0)",3,98.67178975962892,45222
"(0.9497171590194846, 1.0)",1,98.67172550331192,45223
"(0.9018806250259218, 1.0)",1,98.67166328950626,45224
"(0.9649790647893116, 0.9958292603453894)",1,98.67163148882796,45225
"(0.8974984433303618, 0.9916339869281046)",1,98.67162233344916,45226
"(0.9333333333333332, 1.0)",1,98.671544636028,45227
"(0.837707400507675, 1.0)",2,98.6714475818202,45229
"(0.8266173510466989, 1.0)",1,98.67127550217543,45230
"(0.9665831244778612, 1.0)",1,98.67122710413892,45231
"(0.93773047895128, 0.9958292603453894)",1,98.6712239911828,45232
"(0.7687400318979267, 1.0)",4,98.6711796650141,45236
"(0.8443691323092412, 0.9958292603453894)",1,98.67100495185488,45237
"(0.935159910332324, 0.9873891625615764)",1,98.67080539846862,45238
"(0.9333333333333332, 1.0)",1,98.67079157739812,45239
"(0.8832603710652491, 1.0)",1,98.67078791921844,45240
"(0.5361367504335325, 0.9988619159967322)",3,98.67078480728384,45243
"(0.917655049465296, 0.9916585206907788)",1,98.67077759472905,45244
"(0.9829909379735984, 0.9958292603453894)",1,98.67051484074403,45245
"(0.9161379295307868, 1.0)",1,98.6705072176062,45246
"(0.9114218054477384, 0.9916339869281046)",1,98.67049234183382,45247
"(0.9365496267832196, 0.9958292603453894)",1,98.67047106426874,45248
"(0.917415489944373, 1.0)",1,98.67045018235297,45249
"(0.9497171590194846, 1.0)",1,98.67040536506994,45250
"(0.9580602951397298, 0.9958292603453894)",1,98.67034908701234,45251
"(0.97934925289764, 0.9958292603453894)",1,98.67002018269449,45252
"(0.9705906996229576, 0.9958292603453894)",1,98.66982785807018,45253
"(0.8942622047218923, 0.9873891625615764)",1,98.66979409927536,45254
"(0.5286751006005854, 0.9992416608232524)",2,98.66976473912835,45256
"(0.9916625936787228, 0.9958292603453894)",1,98.66973605774344,45257
"(0.4076247491511041, 0.9992416608232524)",3,98.66973589178806,45260
"(0.9833229101521784, 1.0)",1,98.66972303993956,45261
"(0.5328475640808013, 1.0)",2,98.6695758638298,45263
"(0.7545469576719577, 1.0)",1,98.66942849905512,45264
"(0.8653198653198653, 0.9833229101521784)",1,98.66938540154628,45265
"(0.9009287520039462, 1.0)",1,98.66936971389497,45266
"(0.7916666666666666, 1.0)",2,98.66931120369956,45268
"(0.9333044546043194, 0.9958292603453894)",1,98.66930883059798,45269
"(0.8804215399610136, 0.991206314397104)",1,98.66922981157722,45270
"(1.0, 1.0)",4,98.66914960646788,45274
"(0.8928598364786969, 0.9958292603453894)",1,98.66914762232864,45275
"(0.8697983697983697, 1.0)",2,98.6691038811905,45277
"(0.8736897274633123, 1.0)",1,98.66905964938678,45278
"(0.9788283442948758, 0.9958292603453894)",1,98.66905885270786,45279
"(0.8222222222222222, 1.0)",1,98.66896901344282,45280
"(0.9578375055710984, 0.9958292603453894)",1,98.66882575226794,45281
"(0.8929015655249481, 0.9958292603453894)",1,98.66877440458572,45282
"(0.7545469576719577, 1.0)",1,98.6687459180882,45283
"(0.9750780096985032, 0.9958292603453894)",1,98.6687368292986,45284
"(0.9788980434141724, 0.9958292603453894)",1,98.66833916090388,45285
"(0.9347674066329982, 0.9874877810361682)",1,98.66828974629662,45286
"(0.9622634791942192, 0.9916585206907788)",1,98.66824608360425,45287
"(0.9714797495442656, 0.9958292603453894)",1,98.66818054982284,45288
"(0.9833229101521784, 1.0)",1,98.66800421162624,45289
"(0.917655049465296, 0.9958292603453894)",1,98.66798483281904,45290
"(0.8840455840455841, 1.0)",1,98.66781749989606,45291
"(0.979051756240299, 0.9958292603453894)",1,98.66773513338964,45292
"(0.5642422164950636, 1.0)",1,98.66768560154205,45293
"(0.8495378883833893, 0.9916585206907788)",1,98.6676703199256,45294
"(0.9418479305417444, 0.988167361639188)",1,98.66765014925952,45295
"(0.8557525637073444, 0.9958292603453894)",1,98.6675636073246,45296
"(0.8053381731676306, 1.0)",1,98.66749826591534,45297
"(0.9750854369118126, 0.9958292603453894)",1,98.66747503024963,45298
"(0.9326599326599326, 1.0)",1,98.66747031596388,45299
"(0.861111111111111, 1.0)",1,98.66746547978448,45300
"(0.514585158944719, 0.9981012669018314)",1,98.6674262962896,45301
"(0.8717520170461346, 0.9958292603453894)",1,98.66741947507128,45302
"(0.9486619426325308, 1.0)",1,98.66736404642695,45303
"(0.9791544477028348, 0.9958292603453894)",1,98.66729792642828,45304
"(0.9750943974852894, 0.9873891625615764)",1,98.66729112255511,45305
"(0.5380858033626137, 0.9988619159967322)",2,98.66728983838132,45307
"(0.975479255167798, 0.9958292603453894)",1,98.66725534910792,45308
"(0.8336922162804515, 0.9958292603453894)",1,98.6672206735192,45309
"(0.949977467563772, 0.9958292603453894)",1,98.66696993863889,45310
"(0.8552744708994707, 1.0)",1,98.66696592662797,45311
"(0.8341307814992026, 1.0)",1,98.66695074171042,45312
"(0.917415489944373, 1.0)",1,98.66666948336888,45313
"(1.0, 1.0)",2,98.66666666666666,45315
"(0.917655049465296, 0.9958292603453894)",1,98.66663035626377,45316
"(0.7168719671519223, 0.991206314397104)",1,98.66652063473104,45317
"(0.94291309888229, 0.991206314397104)",1,98.66645592517445,45318
"(1.0, 1.0)",1,98.66644057127196,45319
"(0.8976982097186702, 1.0)",1,98.66643109443638,45320
"(0.9833229101521784, 1.0)",1,98.666403431312,45321
"(0.97495917428555, 0.9958292603453894)",1,98.66636155206366,45322
"(0.9546499948224086, 0.9958292603453894)",1,98.666358413525,45323
"(0.9665633291439744, 0.9958292603453894)",1,98.66635016434682,45324
"(0.9743030741133208, 0.9958292603453894)",1,98.66631693519795,45325
"(0.8586166985951469, 1.0)",1,98.66615340806396,45326
"(0.9250222656674272, 0.9958292603453894)",1,98.66610193037752,45327
"(0.9832965806068272, 0.9958292603453894)",1,98.66608760825916,45328
"(0.987463247273494, 0.9958292603453894)",1,98.66608225237906,45329
"(0.943875558870815, 0.987463247273494)",1,98.66589647052834,45330
"(0.991777356103732, 0.9958292603453894)",1,98.66580592431283,45331
"(0.9199973910846122, 0.9873891625615764)",1,98.66576692908257,45332
"(0.9498461391725148, 0.9958292603453894)",1,98.66570344126438,45333
"(0.8974984433303618, 0.9916339869281046)",1,98.66564308971188,45334
"(0.861111111111111, 1.0)",2,98.66560094645286,45336
"(0.9834113430318364, 0.9958292603453894)",1,98.66541717271257,45337
"(0.7075825156110616, 0.991206314397104)",1,98.66516637190848,45338
"(0.9182966261114094, 0.9958292603453894)",1,98.66509076016034,45339
"(0.7479743867590829, 1.0)",1,98.66489684955933,45340
"(0.5450348040348041, 1.0)",3,98.66488109446274,45343
"(0.8374727668845315, 1.0)",1,98.6648714423614,45344
"(0.9333044546043194, 0.9958292603453894)",1,98.66482710465692,45345
"(0.8315474711586087, 0.9958292603453894)",1,98.66482595985066,45346
"(0.9791348015256934, 0.9958292603453894)",1,98.66479716004103,45347
"(1.0, 1.0)",1,98.6647754963447,45348
"(0.8907966222338917, 0.9958292603453894)",1,98.66467340792757,45349
"(0.7060994560994561, 1.0)",1,98.66452898124234,45350
"(0.9497171590194848, 1.0)",1,98.66452546539644,45351
"(0.893146638589877, 0.9882048106149588)",1,98.66446972550764,45352
"(0.9412964149491664, 0.9916339869281046)",1,98.6644337165021,45353
"(0.7204751921733054, 1.0)",1,98.66437022000326,45354
"(0.9832965806068272, 0.9916585206907788)",1,98.6643624444764,45355
"(0.9243707071934514, 0.9916339869281046)",1,98.66432422460775,45356
"(0.9403679612329746, 0.9916339869281046)",1,98.66422412913673,45357
"(0.7042648709315374, 1.0)",1,98.664021302809,45358
"(0.8547756205106323, 0.9882048106149588)",1,98.66399442954403,45359
"(0.8341307814992026, 1.0)",1,98.66394534481826,45360
"(0.9749088814411396, 1.0)",1,98.66390042985968,45361
"(0.8420013166556946, 1.0)",1,98.6638689256082,45362
"(0.8053381731676306, 1.0)",1,98.663849032404,45363
"(0.9497171590194848, 1.0)",1,98.66380979289642,45364
"(0.8552744708994707, 1.0)",1,98.66380908025032,45365
"(0.9333044546043194, 0.9916585206907788)",1,98.66380710935744,45366
"(0.6825396825396824, 1.0)",1,98.66378233186904,45367
"(0.9377148530109056, 0.991206314397104)",3,98.66375992791023,45370
"(0.861111111111111, 1.0)",1,98.66375528673238,45371
"(0.9008627640703112, 1.0)",1,98.66369937397212,45372
"(0.8315474711586087, 0.9958292603453894)",1,98.66368003909898,45373
"(0.927082576248316, 0.9832925076188832)",1,98.66352487508486,45374
"(0.8976982097186702, 1.0)",1,98.66351588730556,45375
"(1.0, 1.0)",1,98.66296481138644,45376
"(0.9, 1.0)",1,98.66289693301034,45377
"(0.6636745887678723, 1.0)",1,98.66288471586024,45378
"(0.8420013166556946, 1.0)",2,98.66286476020696,45380
"(0.9833211143695014, 0.9958292603453894)",1,98.66285690233266,45381
"(0.8600291387756281, 0.9958292603453894)",1,98.66284101099627,45382
"(0.8310777799491891, 0.9882048106149588)",1,98.6627896337146,45383
"(0.8443691323092412, 0.9958292603453894)",1,98.66276295207436,45384
"(0.9791258409522168, 0.9958292603453894)",1,98.66272133070323,45385
"(0.9198255060602112, 0.9958292603453894)",1,98.66268438766625,45386
"(0.6907243513029603, 1.0)",1,98.66264381749876,45387
"(0.8814814814814814, 1.0)",2,98.66252996579443,45389
"(0.958227107069612, 0.9958292603453894)",1,98.6625105316118,45390
"(0.844988344988345, 1.0)",1,98.66247938520344,45391
"(0.9665831244778612, 1.0)",1,98.66243431272892,45392
"(0.8976982097186702, 1.0)",1,98.6623412088144,45393
"(0.9009287520039462, 1.0)",1,98.662327101753,45394
"(0.9206165335472736, 0.9958292603453894)",1,98.6622749562514,45395
"(0.97899550533801, 0.9958292603453894)",1,98.66224680005956,45396
"(0.8312205288949474, 0.9882048106149588)",1,98.66213952965244,45397
"(0.9791258409522168, 0.9958292603453894)",1,98.66210830314525,45398
"(0.8976982097186702, 1.0)",1,98.66208529368387,45399
"(0.8920217788143652, 0.9916625936787228)",1,98.6620197389758,45400
"(0.9584987529902784, 1.0)",1,98.66198042565458,45401
"(0.934122934122934, 0.9833229101521784)",1,98.66197883373056,45402
"(0.9205517358458536, 0.9873891625615764)",1,98.66194340993574,45403
"(0.859499940327008, 1.0)",1,98.66188618974262,45404
"(0.9158007932517735, 0.986081059422206)",1,98.66175124225148,45405
"(0.9833229101521784, 1.0)",1,98.66170902449517,45406
"(0.8810064268049709, 0.991206314397104)",1,98.66169207378982,45407
"(0.837707400507675, 1.0)",1,98.6615868951261,45408
"(0.7994987468671678, 0.9833229101521784)",3,98.6615865761521,45411
"(0.9250222656674272, 0.9958292603453894)",1,98.66151456743944,45412
"(0.8880984643179766, 1.0)",1,98.66146203093824,45413
"(0.9626794901621506, 0.9958292603453894)",1,98.66144207027996,45414
"(0.9876106894370652, 0.9958292603453894)",1,98.66139522918824,45415
"(0.9392241745182922, 0.9873891625615764)",1,98.66122565472052,45416
"(0.8805377184744008, 0.987463247273494)",1,98.66121133831273,45417
"(0.9442283950617284, 1.0)",2,98.6610997742812,45419
"(0.7786375661375661, 1.0)",1,98.66096109856818,45420
"(0.9582389563841176, 0.9958292603453894)",1,98.66082968142037,45421
"(0.8300265307680562, 1.0)",1,98.66081551176956,45422
"(0.7479743867590829, 1.0)",1,98.66068089498062,45423
"(0.8958208965097509, 0.9916666666666668)",1,98.6606472236006,45424
"(0.8587708587708588, 1.0)",2,98.66063467556609,45426
"(0.9793747635794354, 0.9958292603453894)",1,98.66058232370032,45427
"(0.974833726256876, 0.9958292603453894)",1,98.66031722361578,45428
"(0.7711781618000022, 1.0)",1,98.66029394091596,45429
"(0.9916625936787228, 0.9958292603453894)",1,98.66026125198827,45430
"(0.5066418935372837, 0.9992416608232524)",3,98.6601339001704,45433
"(0.8137865219658889, 1.0)",1,98.66012237427988,45434
"(0.9441792447111594, 1.0)",1,98.66007235937823,45435
"(0.9280459216361852, 0.9916585206907788)",1,98.65999759083748,45436
"(0.9916585206907788, 0.9958292603453894)",1,98.6599266906856,45437
"(0.4923104882535888, 1.0)",1,98.65990748248024,45438
"(0.9664171122994653, 0.9958292603453894)",1,98.65984294730622,45439
"(0.8420013166556946, 1.0)",1,98.65980379302307,45440
"(0.7168719671519223, 0.991206314397104)",3,98.65939098740104,45443
"(0.9279680209218476, 0.9958292603453894)",1,98.65926979913472,45444
"(0.8796475392220073, 1.0)",1,98.65924445959622,45445
"(0.8420013166556946, 1.0)",1,98.65912719130992,45446
"(0.8942622047218923, 0.9916339869281046)",1,98.65910589471706,45447
"(0.861111111111111, 1.0)",1,98.65910208587786,45448
"(0.8266173510466989, 1.0)",1,98.65901406953948,45449
"(0.9833229101521784, 1.0)",1,98.65890223083149,45450
"(0.7119388248146047, 1.0)",1,98.65882527170103,45451
"(0.8653198653198653, 1.0)",1,98.6587775986454,45452
"(0.9497171590194848, 1.0)",2,98.65867341404773,45454
"(0.564922563324656, 0.9984817852901372)",3,98.65857473822052,45457
"(0.4497336854186499, 0.9977203590215908)",3,98.6584634593847,45460
"(0.8137865219658889, 0.9833229101521784)",1,98.65844833716692,45461
"(0.9360096343193032, 0.9916339869281046)",1,98.65822427997236,45462
"(0.9205517358458536, 0.9916339869281046)",1,98.6582072462554,45463
"(0.8804215399610136, 0.991206314397104)",1,98.65817419047426,45464
"(0.738145558145558, 1.0)",1,98.65813171801408,45465
"(0.6886904761904762, 1.0)",1,98.65795710022944,45466
"(0.8745860467551234, 0.9916585206907788)",1,98.65788244870122,45467
"(0.93773047895128, 0.9916585206907788)",1,98.65787201270828,45468
"(0.7916666666666666, 1.0)",1,98.6578410445221,45469
"(0.9749666014988596, 0.9873891625615764)",1,98.65767707699084,45470
"(0.7944219523166891, 1.0)",1,98.65726921771426,45471
"(0.9309821833269412, 0.988167361639188)",2,98.65714377922475,45473
"(0.9707095350359108, 0.9958292603453894)",1,98.65714112704416,45474
"(0.8867361313822293, 0.9958292603453894)",1,98.65699803929442,45475
"(0.9332172991312776, 0.9958292603453894)",1,98.65696578725074,45476
"(0.6575398846941737, 1.0)",1,98.65689247112054,45477
"(0.808446455505279, 1.0)",1,98.65679747172204,45478
"(0.9331662489557224, 1.0)",1,98.6566085871746,45479
"(0.9243707071934514, 0.9873891625615764)",2,98.65652178860864,45481
"(0.9669558693467613, 0.9958292603453894)",1,98.65643493176532,45482
"(0.8420013166556946, 1.0)",1,98.65642229275386,45483
"(0.9165164082221422, 1.0)",1,98.65641391258774,45484
"(0.8478418336329888, 0.991206314397104)",1,98.65636651846192,45485
"(0.7030539311241066, 1.0)",1,98.65623368108284,45486
"(0.917655049465296, 0.9958292603453894)",1,98.6561076620681,45487
"(0.8786901405005916, 0.9916585206907788)",1,98.6560909973869,45488
"(0.8732774170274171, 1.0)",1,98.6560461687962,45489
"(0.931200007971039, 0.9916339869281046)",1,98.65589686383352,45490
"(1.0, 1.0)",1,98.65576841827156,45491
"(0.9205517358458536, 0.9916339869281046)",1,98.65574128762547,45492
"(0.7574146783449108, 1.0)",1,98.6556975596213,45493
"(0.944120583717358, 0.9874877810361682)",1,98.65564152146352,45494
"(0.5131569832583307, 1.0)",1,98.65554584052995,45495
"(1.0, 1.0)",1,98.65554312514018,45496
"(0.8692185007974482, 1.0)",1,98.65543894663644,45497
"(0.97934925289764, 0.9958292603453894)",1,98.65531805786291,45498
"(0.9744745723240348, 0.9958292603453894)",1,98.65529936079882,45499
"(0.9412964149491664, 0.9873891625615764)",1,98.65529130957331,45500
"(0.5974076556127228, 0.9988619159967322)",3,98.6551808379398,45503
"(0.9829909379735984, 0.9958292603453894)",1,98.6551538300961,45504
"(0.9876106894370652, 0.9958292603453894)",1,98.65513766163012,45505
"(0.7601164382773579, 1.0)",1,98.65505272558212,45506
"(0.987463247273494, 0.9958292603453894)",1,98.65483652690264,45507
"(0.7946380416968652, 0.9958292603453894)",1,98.65478238966004,45508
"(0.844988344988345, 1.0)",1,98.654768085658,45509
"(0.9665831244778612, 1.0)",1,98.6547072349762,45510
"(0.5314564773657704, 1.0)",1,98.65469948363136,45511
"(0.7916666666666666, 1.0)",1,98.6546935532494,45512
"(0.8483418730488175, 0.9958292603453894)",1,98.6546276625689,45513
"(0.838225667527993, 0.9882048106149588)",1,98.65459499489734,45514
"(0.9057330122004186, 0.991206314397104)",1,98.65422565754824,45515
"(0.893146638589877, 0.9882048106149588)",1,98.65421425383936,45516
"(0.9189396095602992, 0.9958292603453894)",1,98.65414477659304,45517
"(0.9832965806068272, 0.9958292603453894)",2,98.65412449892672,45519
"(0.6556183301946014, 1.0)",1,98.6539512956144,45520
"(0.7880931329207191, 1.0)",1,98.65384001387866,45521
"(0.8449978636391381, 1.0)",2,98.65379883973388,45523
"(0.9750072792119512, 1.0)",1,98.65372542770037,45524
"(0.8443691323092412, 0.9958292603453894)",1,98.65366369602238,45525
"(0.9454999712494968, 0.9916585206907788)",1,98.6536408502962,45526
"(0.950175761409158, 0.9876066164491212)",1,98.65353116447577,45527
"(0.8958208965097509, 0.9916585206907788)",1,98.65338678139148,45528
"(0.9157169990503324, 1.0)",1,98.65330877693444,45529
"(0.4685764979375635, 0.9981012669018314)",3,98.6532852381452,45532
"(0.9280459216361852, 0.9958292603453894)",1,98.65327875733188,45533
"(0.7222222222222221, 1.0)",1,98.65325785800748,45534
"(0.4369316957552253, 1.0)",1,98.65308536981344,45535
"(0.9958292603453894, 0.9916666666666668)",1,98.65302792144864,45536
"(0.9326599326599326, 1.0)",1,98.6529162745084,45537
"(0.757745166550198, 1.0)",1,98.65286763458658,45538
"(0.9228120179844318, 0.9916339869281046)",1,98.6528585698537,45539
"(0.9496114574862204, 0.9916339869281046)",1,98.65254333950092,45540
"(0.8796475392220073, 1.0)",1,98.65253428096808,45541
"(0.7675138481590094, 0.986081059422206)",1,98.65242711964726,45542
"(0.931200007971039, 0.9916339869281046)",1,98.65241619279576,45543
"(0.867604110329908, 1.0)",1,98.65231303895432,45544
"(0.9958292603453894, 0.9958292603453894)",1,98.65223416970365,45545
"(0.94291309888229, 0.991206314397104)",3,98.6522054492622,45548
"(0.94291309888229, 0.991206314397104)",1,98.65213428193762,45549
"(0.931200007971039, 0.9916339869281046)",1,98.65211980073089,45550
"(0.93773047895128, 0.9958292603453894)",1,98.65197128776322,45551
"(0.987491854024112, 0.9958292603453894)",1,98.6519661514765,45552
"(0.5450348040348041, 0.9977203590215908)",1,98.65194805488,45553
"(0.9243707071934514, 0.9873891625615764)",1,98.6519357615405,45554
"(0.837707400507675, 1.0)",2,98.65189649584885,45556
"(0.8137566137566138, 1.0)",1,98.65181309246644,45557
"(0.9581458989353726, 1.0)",1,98.65179458543264,45558
"(0.9522870228046522, 1.0)",1,98.6516038846363,45559
"(0.8810064268049709, 0.991206314397104)",2,98.65158269480972,45561
"(0.8600291387756281, 0.9916585206907788)",1,98.65156764033966,45562
"(0.7786375661375661, 1.0)",1,98.65147563839864,45563
"(0.8229870141950848, 1.0)",1,98.65120423265158,45564
"(0.9832965806068272, 0.9958292603453894)",1,98.65117222988474,45565
"(0.9916585206907788, 0.9958292603453894)",1,98.65112456821234,45566
"(0.8365328658269835, 0.9958292603453894)",1,98.65110192801356,45567
"(0.4039045743444857, 1.0)",1,98.65109520407287,45568
"(0.861111111111111, 1.0)",1,98.65090102528156,45569
"(0.9441792447111594, 0.986081059422206)",1,98.65079690900184,45570
"(0.9369138996969484, 0.9958292603453894)",1,98.6504615887301,45571
"(0.7965746171391332, 1.0)",1,98.65043911588444,45572
"(0.9228120179844318, 0.9873891625615764)",1,98.65043721802977,45573
"(0.4747763864042934, 1.0)",1,98.65036072421384,45574
"(0.472908496732026, 0.9988619159967322)",1,98.65033978990148,45575
"(0.958422459893048, 0.986081059422206)",1,98.65032765844946,45576
"(0.9454999712494968, 0.9916585206907788)",1,98.6502429281308,45577
"(0.9034438470728792, 0.9958292603453894)",1,98.65006760832624,45578
"(0.9833229101521784, 1.0)",1,98.64998957681884,45579
"(1.0, 1.0)",2,98.64998957681884,45581
"(0.987463247273494, 0.9958292603453894)",1,98.64988156859482,45582
"(0.9227432552922749, 0.9873891625615764)",1,98.64985531965468,45583
"(0.927082576248316, 0.987463247273494)",2,98.64980965078196,45585
"(0.9499687304565352, 1.0)",1,98.6497979952372,45586
"(0.917469251615593, 1.0)",1,98.64976093086432,45587
"(0.9750072792119512, 1.0)",1,98.64961525341484,45588
"(0.918885978605481, 0.9916339869281046)",1,98.64955533716562,45589
"(0.4935897435897436, 1.0)",1,98.64934970413212,45590
"(0.9916625936787228, 0.9958292603453894)",1,98.64923886570924,45591
"(0.949977467563772, 0.9958292603453894)",1,98.64916599528706,45592
"(0.8635976129582268, 1.0)",1,98.6491513072922,45593
"(0.9833211143695014, 0.9958292603453894)",1,98.64913869340658,45594
"(0.9454999712494968, 0.9958292603453894)",2,98.64913061983282,45596
"(1.0, 1.0)",1,98.64904739423388,45597
"(0.9499687304565352, 1.0)",2,98.64900932757156,45599
"(0.9377148530109056, 0.991206314397104)",1,98.64882986939725,45600
"(0.8068904981347378, 1.0)",1,98.64880562130344,45601
"(0.9377148530109056, 0.991206314397104)",3,98.64879264829348,45604
"(0.476193313409349, 0.9962501582231502)",1,98.64872178609386,45605
"(0.9418479305417444, 0.988167361639188)",1,98.6486134033814,45606
"(0.6179693015417549, 1.0)",1,98.64859561170952,45607
"(0.9958292603453894, 0.9958292603453894)",1,98.64854077465604,45608
"(0.9034438470728792, 0.9958292603453894)",1,98.6484596047201,45609
"(0.9834113430318364, 0.9958292603453894)",1,98.64843520939417,45610
"(0.9738477269913072, 0.9958292603453894)",1,98.6480369073702,45611
"(0.3860590631364562, 0.9973390598305516)",1,98.648032450336,45612
"(0.8506653943511476, 0.991206314397104)",2,98.64802975788602,45614
"(0.9916585206907788, 0.9958292603453894)",1,98.64795474641454,45615
"(0.901575014782562, 1.0)",1,98.6479054640956,45616
"(0.9413496923696164, 0.9958292603453894)",1,98.64790427129464,45617
"(0.9504245882013664, 0.9916585206907788)",1,98.64776263329604,45618
"(0.9834113430318364, 0.9958292603453894)",1,98.6477491822054,45619
"(0.9032722195880092, 1.0)",1,98.64773791934452,45620
"(0.4268899127926591, 0.9973390598305516)",1,98.64771641205712,45621
"(0.6760835913312693, 1.0)",4,98.647652842064,45625
"(0.9750854369118126, 0.9958292603453894)",1,98.6475617930341,45626
"(0.987491854024112, 0.9958292603453894)",1,98.64755085588024,45627
"(0.8420013166556947, 1.0)",1,98.64741547810544,45628
"(0.9041196741854636, 0.991206314397104)",1,98.64740903641766,45629
"(0.9309821833269412, 0.988167361639188)",1,98.64739638517258,45630
"(0.861111111111111, 1.0)",2,98.64736723456151,45632
"(0.9412964149491664, 0.9873891625615764)",1,98.64732314128224,45633
"(0.9833229101521784, 1.0)",1,98.64723064204446,45634
"(0.8329156223893065, 1.0)",1,98.64719335323583,45635
"(0.9160443135108448, 0.9873891625615764)",1,98.64710584031124,45636
"(0.7168719671519223, 0.991206314397104)",3,98.6471020050172,45639
"(0.8887202421952387, 1.0)",1,98.6470677280475,45640
"(0.9916585206907788, 0.9958292603453894)",1,98.64699185143202,45641
"(0.9749625285109156, 0.9958292603453894)",1,98.6469670154892,45642
"(0.9041196741854636, 0.991206314397104)",1,98.64685582823442,45643
"(0.9833211143695014, 0.9958292603453894)",1,98.64673296052038,45644
"(0.9161952650324744, 1.0)",2,98.64667894864208,45646
"(0.91326516498939, 0.9916339869281046)",2,98.6466538034794,45648
"(0.9360096343193032, 0.9873891625615764)",1,98.64651144195076,45649
"(0.9833229101521784, 1.0)",1,98.6464594661537,45650
"(1.0, 1.0)",1,98.64643715773374,45651
"(0.9792766373411534, 0.9958292603453894)",1,98.64643109571824,45652
"(0.8996392387758612, 0.9873891625615764)",2,98.6464077223994,45654
"(1.0, 1.0)",1,98.6463795532298,45655
"(0.6907243513029603, 1.0)",1,98.64634575320318,45656
"(0.902012682657844, 0.9958292603453894)",1,98.64623430564548,45657
"(0.9665831244778612, 1.0)",1,98.6460714007952,45658
"(0.8796475392220073, 1.0)",2,98.64605875725618,45660
"(0.738145558145558, 1.0)",1,98.64598151511998,45661
"(0.9833229101521784, 1.0)",1,98.64587353026648,45662
"(0.94291309888229, 0.991206314397104)",3,98.64585014842984,45665
"(0.9833040078201368, 0.9958292603453894)",1,98.64583440945908,45666
"(0.8814814814814814, 0.9833229101521784)",1,98.64579341051004,45667
"(0.8928598364786969, 0.9916585206907788)",1,98.6456901866907,45668
"(0.7979797979797979, 1.0)",1,98.64567331996864,45669
"(0.8760238095238095, 0.9958292603453894)",1,98.64546976753576,45670
"(0.9583930063253372, 1.0)",1,98.64543283843211,45671
"(0.9309821833269412, 0.988167361639188)",1,98.6453990065888,45672
"(0.9326599326599326, 1.0)",1,98.64539017864884,45673
"(0.9368376974614298, 0.9958292603453894)",1,98.64526967502212,45674
"(0.9832925076188832, 0.9958292603453894)",1,98.64523405022788,45675
"(0.9536653605723816, 0.9958292603453894)",1,98.64518179655389,45676
"(0.9493072891175358, 0.9958292603453894)",1,98.64517751224236,45677
"(0.9172792561601744, 0.9958292603453894)",1,98.64508697276923,45678
"(0.8425483191745751, 0.9882048106149588)",1,98.64492558677864,45679
"(0.8365328658269835, 0.9958292603453894)",1,98.6447533590692,45680
"(0.7362637362637362, 1.0)",1,98.64467158220872,45681
"(0.882673371045464, 1.0)",1,98.64448151487886,45682
"(0.9326599326599326, 1.0)",1,98.64441897945734,45683
"(0.7378937728937729, 1.0)",1,98.64428466089942,45684
"(0.9295946890286512, 1.0)",1,98.64428039294988,45685
"(0.944073617452092, 1.0)",1,98.64423204523833,45686
"(0.7277677677677677, 1.0)",1,98.64416417503196,45687
"(0.837707400507675, 1.0)",1,98.644008868301,45688
"(0.9333044546043194, 0.9916585206907788)",1,98.64393042244336,45689
"(0.7344692811916678, 1.0)",1,98.64377702129664,45690
"(0.7042648709315374, 1.0)",1,98.64365911022064,45691
"(0.6907243513029603, 1.0)",1,98.6436387861005,45692
"(0.6000014702169422, 0.9988619159967322)",1,98.64358232454612,45693
"(0.9707136080238548, 0.9958292603453894)",1,98.64355630730738,45694
"(0.8976982097186702, 1.0)",1,98.6434904458466,45695
"(0.3385486111111111, 0.9988619159967322)",1,98.64335111731064,45696
"(0.9833229101521784, 1.0)",1,98.64329633698236,45697
"(0.6908541194255481, 1.0)",1,98.64305697240827,45698
"(0.3302862574369368, 0.9977203590215908)",3,98.64303509300493,45701
"(0.9161952650324744, 1.0)",1,98.643019070414,45702
"(0.9501563219469168, 0.9958292603453894)",1,98.6429623840775,45703
"(0.8468089381754635, 1.0)",2,98.64288179942984,45705
"(0.9871616776282092, 0.9958292603453894)",1,98.6428413509104,45706
"(1.0, 1.0)",1,98.6427311352394,45707
"(0.962505246140658, 0.9958292603453894)",1,98.64263442013836,45708
"(0.8266173510466989, 1.0)",1,98.6425991056736,45709
"(0.8810064268049709, 0.991206314397104)",1,98.6425450884058,45710
"(0.9243707071934514, 0.9916339869281046)",1,98.64246466230328,45711
"(0.94291309888229, 0.991206314397104)",1,98.64233478077446,45712
"(0.6740805942215464, 0.9996210215628012)",3,98.6422379241512,45715
"(0.987491854024112, 0.9958292603453894)",1,98.64221603345098,45716
"(0.9833229101521784, 1.0)",1,98.64219571428688,45717
"(0.7030539311241066, 1.0)",1,98.64213786978432,45718
"(0.931200007971039, 0.9873891625615764)",1,98.64209816918542,45719
"(0.96220700758815, 0.9916339869281046)",1,98.64206883915806,45720
"(0.9293300445873568, 0.9873891625615764)",1,98.64176823913404,45721
"(0.94291309888229, 0.991206314397104)",1,98.6416704626972,45722
"(0.9161952650324744, 0.9665831244778612)",2,98.64157403465786,45724
"(0.8947046219773493, 0.988167361639188)",2,98.64142717561124,45726
"(0.9835199925522506, 0.9958292603453894)",1,98.6413682679105,45727
"(0.9398099650133386, 0.9873891625615764)",1,98.64134457089206,45728
"(0.9326599326599326, 1.0)",1,98.6411231090232,45729
"(0.9466127311522048, 0.991206314397104)",1,98.641082856826,45730
"(0.8358530587380517, 0.9834113430318364)",1,98.64108054717543,45731
"(0.7802197802197803, 1.0)",1,98.64106597649528,45732
"(0.859499940327008, 1.0)",1,98.64099016831275,45733
"(0.9253213924599162, 1.0)",1,98.64097820265825,45734
"(0.6961063627730295, 1.0)",1,98.64096626409116,45735
"(0.9833080808080809, 0.9958292603453894)",1,98.64094934146384,45736
"(0.9833080808080809, 0.9958292603453894)",1,98.64077251471072,45737
"(1.0, 1.0)",1,98.64075631385325,45738
"(0.8329050741331443, 1.0)",1,98.640747933037,45739
"(0.9153439153439152, 1.0)",1,98.64074520744498,45740
"(0.9398731501057084, 0.988167361639188)",1,98.64066569771823,45741
"(0.9057330122004186, 0.991206314397104)",1,98.64063788453302,45742
"(0.5131569832583307, 0.9882048106149588)",1,98.64049695790312,45743
"(0.5491255359932153, 0.9992416608232524)",3,98.64046543223029,45746
"(0.9833040078201368, 0.9958292603453894)",1,98.64044220224024,45747
"(0.7453091184935634, 0.991206314397104)",1,98.640353862382,45748
"(0.398562919363056, 1.0)",3,98.63998033258017,45751
"(0.7713401051412279, 1.0)",1,98.63982801109712,45752
"(0.9398731501057084, 0.988167361639188)",1,98.63980299472824,45753
"(0.8420013166556947, 1.0)",1,98.63971297467222,45754
"(0.5169410170491575, 0.9977203590215908)",1,98.63968338334163,45755
"(0.8805377184744008, 0.9874877810361682)",1,98.63965754070956,45756
"(0.9792773561037318, 1.0)",1,98.6396493782734,45757
"(0.8760238095238095, 0.9958292603453894)",1,98.63959691340558,45758
"(0.6636745887678723, 1.0)",1,98.63957926041196,45759
"(0.6460231360441068, 0.9973390598305516)",3,98.6395324857358,45762
"(0.9833229101521784, 1.0)",1,98.63943759355443,45763
"(0.9126251340467026, 0.9958292603453894)",1,98.63943198684778,45764
"(0.949977467563772, 0.9958292603453894)",1,98.63942670025826,45765
"(0.9497171590194848, 1.0)",1,98.63941608060247,45766
"(0.9748524098350704, 0.9958292603453894)",1,98.63937880472928,45767
"(0.8579868984630887, 1.0)",1,98.63936392002353,45768
"(0.9497171590194846, 1.0)",1,98.63930265843535,45769
"(0.7802197802197803, 1.0)",1,98.6392673992674,45770
"(0.8928598364786969, 0.9916585206907788)",1,98.63918541907648,45771
"(0.9295946890286512, 1.0)",1,98.63914224298252,45772
"(0.9496114574862204, 0.9873891625615764)",1,98.63913580708495,45773
"(0.9665831244778612, 1.0)",1,98.63912929010633,45774
"(0.8929015655249481, 0.9958292603453894)",1,98.63908866843374,45775
"(0.7168719671519223, 0.991206314397104)",1,98.63906686038344,45776
"(0.9243707071934514, 0.9916339869281046)",1,98.63905810097378,45777
"(0.9445972545972546, 1.0)",1,98.63903540368112,45778
"(0.958227107069612, 0.9916585206907788)",1,98.63889651489262,45779
"(0.73687720936437, 1.0)",1,98.6388760305862,45780
"(0.9665831244778612, 1.0)",1,98.63887510221454,45781
"(0.8165509259259259, 1.0)",1,98.63883304310168,45782
"(0.9707071808622552, 0.9958292603453894)",1,98.63883082817112,45783
"(0.6250292965423266, 0.9987499746026686)",1,98.63878005089006,45784
"(0.9369808292429718, 0.9958292603453894)",1,98.63875265989714,45785
"(0.7090909090909091, 1.0)",1,98.63874977367377,45786
"(0.8796475392220073, 1.0)",1,98.6386340597618,45787
"(0.9326599326599326, 1.0)",1,98.63861646280944,45788
"(0.9699183291713004, 0.9958292603453894)",1,98.63850832693684,45789
"(0.9384174012481092, 0.9958292603453894)",1,98.63849137394308,45790
"(0.8845424223473003, 1.0)",1,98.63841768091102,45791
"(0.9198255060602112, 0.9958292603453894)",1,98.63841004235982,45792
"(0.93773047895128, 0.9958292603453894)",1,98.6383897437111,45793
"(0.6440664873253734, 1.0)",3,98.63836643778168,45796
"(0.7077308656256025, 1.0)",1,98.63833573031256,45797
"(0.8928598364786969, 0.9958292603453894)",1,98.6383000069202,45798
"(0.9041196741854636, 0.991206314397104)",1,98.63828798887928,45799
"(0.4912575527045726, 0.9962499238080056)",1,98.6382570809793,45800
"(0.7362637362637362, 1.0)",1,98.6382426038983,45801
"(0.8796475392220073, 1.0)",1,98.63824203114984,45802
"(0.738145558145558, 1.0)",1,98.63821069651824,45803
"(0.9228120179844318, 0.9873891625615764)",2,98.63820204330246,45805
"(0.7060994560994561, 1.0)",1,98.63819922937704,45806
"(0.9033578224210402, 0.9873891625615764)",1,98.63815435902852,45807
"(0.8374727668845315, 1.0)",1,98.6380192248732,45808
"(0.9792521035784794, 0.9958292603453894)",1,98.63800019582122,45809
"(0.746304385688563, 1.0)",3,98.6379841643589,45812
"(0.8523949169110459, 0.9958292603453894)",1,98.63793495791094,45813
"(0.7277677677677677, 1.0)",1,98.6378193836364,45814
"(0.7651777469990767, 0.991206314397104)",1,98.63778326394224,45815
"(0.4747763864042934, 1.0)",1,98.63772397571456,45816
"(0.9293300445873568, 0.9873891625615764)",1,98.63764263067168,45817
"(0.8997493734335841, 1.0)",1,98.6376418757602,45818
"(0.9665831244778612, 1.0)",1,98.63756201009082,45819
"(0.8374727668845315, 1.0)",1,98.63752323279547,45820
"(0.9228120179844318, 0.9873891625615764)",2,98.63751889477072,45822
"(0.8958208965097509, 0.9958292603453894)",1,98.63738118597772,45823
"(0.9199973910846122, 0.9873891625615764)",1,98.63732226262904,45824
"(0.8319340617212959, 1.0)",2,98.63730246680194,45826
"(0.9649790647893116, 0.9958292603453894)",1,98.6372112120598,45827
"(0.6907243513029603, 1.0)",1,98.63707895004612,45828
"(0.8996392387758612, 0.9916339869281046)",1,98.6370373151926,45829
"(0.5974752315218187, 0.9992416608232524)",1,98.63699072582963,45830
"(0.7060994560994561, 1.0)",1,98.63684092814547,45831
"(0.949977467563772, 0.9958292603453894)",1,98.6367464488122,45832
"(0.746304385688563, 1.0)",1,98.63672019816067,45833
"(0.9008025849489264, 1.0)",1,98.6367186579114,45834
"(0.9008025849489264, 1.0)",1,98.63671850117184,45835
"(0.8814814814814814, 1.0)",1,98.63670163469014,45836
"(1.0, 1.0)",1,98.6365880162838,45837
"(0.9003556829643787, 1.0)",1,98.63658653035894,45838
"(0.861111111111111, 1.0)",1,98.63650478958328,45839
"(0.947552083649559, 0.9958292603453894)",2,98.63648024997744,45841
"(0.9497171590194846, 1.0)",1,98.63607777441516,45842
"(0.9705196174266384, 0.9958292603453894)",1,98.6360729869046,45843
"(0.8579868984630887, 1.0)",1,98.63604484914607,45844
"(0.9580602951397298, 0.9958292603453894)",1,98.63595794714304,45845
"(0.4936062160591765, 0.9996210215628012)",3,98.63590469664234,45848
"(0.861111111111111, 1.0)",1,98.63590310135596,45849
"(0.8315474711586087, 0.9958292603453894)",1,98.63586379213922,45850
"(0.7532376017916352, 1.0)",1,98.63566915397864,45851
"(0.902012682657844, 0.9958292603453894)",1,98.635630503608,45852
"(0.8796475392220073, 1.0)",1,98.6356284137902,45853
"(0.9301144010060736, 0.986081059422206)",1,98.6355867276232,45854
"(0.7168719671519223, 0.991206314397104)",1,98.6355698962832,45855
"(0.4908424908424908, 1.0)",1,98.63555208195324,45856
"(0.9442283950617284, 1.0)",1,98.63534052012386,45857
"(0.865581803207783, 0.991206314397104)",2,98.635326088819,45859
"(0.8804215399610136, 0.991206314397104)",2,98.63522795073314,45861
"(0.5910680656443368, 1.0)",1,98.63521924592712,45862
"(0.9182966261114094, 0.9958292603453894)",1,98.63517970396424,45863
"(0.987491854024112, 0.9958292603453894)",1,98.63500052749475,45864
"(0.7374768177381903, 0.991206314397104)",1,98.63491370349612,45865
"(0.987491854024112, 0.9958292603453894)",1,98.634873581647,45866
"(0.917849761232425, 1.0)",1,98.63482741965312,45867
"(0.8165520116739629, 1.0)",1,98.6347935227829,45868
"(0.8810064268049709, 0.991206314397104)",1,98.6347325900187,45869
"(0.8848000715856217, 1.0)",1,98.63467594257332,45870
"(0.8137566137566138, 1.0)",1,98.63463321693445,45871
"(0.9829909379735984, 0.9958292603453894)",1,98.63462191840668,45872
"(0.9057330122004186, 0.991206314397104)",1,98.63440258334874,45873
"(0.93773047895128, 0.9958292603453894)",1,98.63439666005426,45874
"(0.8976982097186702, 1.0)",2,98.63436524053142,45876
"(0.987463247273494, 0.9958292603453894)",1,98.6343300455369,45877
"(0.8840048840048841, 1.0)",1,98.63432614042364,45878
"(0.8814814814814814, 1.0)",1,98.63420777219623,45879
"(0.9829909379735984, 0.9958292603453894)",1,98.63417112499506,45880
"(0.9250222656674272, 0.9958292603453894)",1,98.63407578228608,45881
"(0.9418479305417444, 0.988167361639188)",1,98.63407511124178,45882
"(0.9873444118605408, 0.9958292603453894)",1,98.6340689599943,45883
"(0.9833229101521784, 1.0)",1,98.63392592167108,45884
"(0.9309821833269412, 0.988167361639188)",1,98.6338771304459,45885
"(0.9833040078201368, 0.9958292603453894)",1,98.63386039263824,45886
"(0.931200007971039, 0.9873891625615764)",1,98.63384390598794,45887
"(0.9003556829643787, 0.9833229101521784)",1,98.63383337672454,45888
"(0.9243707071934514, 0.9916339869281046)",1,98.6337334467606,45889
"(0.4076314260692632, 0.9992416608232524)",3,98.63351802640064,45892
"(0.940002899623393, 0.9916585206907788)",1,98.6334288187004,45893
"(0.9876221896383188, 0.9958292603453894)",1,98.63338848039668,45894
"(0.944073617452092, 1.0)",1,98.63336092157618,45895
"(0.9126251340467026, 0.9916585206907788)",1,98.63327981190146,45896
"(0.9665831244778612, 1.0)",1,98.63324979114452,45897
"(0.8358530587380517, 0.987463247273494)",1,98.63316892697432,45898
"(0.7880931329207191, 1.0)",1,98.63311475734548,45899
"(0.893146638589877, 0.9882048106149588)",2,98.63276245835291,45901
"(0.9177366931314298, 0.9874877810361682)",1,98.63274446379243,45902
"(0.9279680209218476, 0.9958292603453894)",1,98.63271048386916,45903
"(0.5896957700576321, 1.0)",1,98.63255521286622,45904
"(0.9832965806068272, 0.9958292603453894)",1,98.6325523296192,45905
"(0.8804215399610136, 0.991206314397104)",1,98.6325415118162,45906
"(0.9669795885118464, 0.987463247273494)",1,98.63249078957296,45907
"(0.738145558145558, 1.0)",1,98.63246150607958,45908
"(1.0, 1.0)",2,98.63237030438609,45910
"(0.9377148530109056, 0.991206314397104)",1,98.6323421473024,45911
"(0.8365328658269835, 0.9958292603453894)",1,98.63232167451106,45912
"(0.9720813204508856, 1.0)",1,98.63225829384768,45913
"(0.9369138996969484, 0.9958292603453894)",1,98.63220869715668,45914
"(0.918885978605481, 0.9916339869281046)",1,98.63211869403982,45915
"(0.7802197802197803, 1.0)",1,98.6319156704769,45916
"(0.8796475392220073, 1.0)",1,98.63188026904096,45917
"(0.9416450721400784, 0.9882048106149588)",1,98.6317469918472,45918
"(0.9295946890286512, 1.0)",1,98.63173052891878,45919
"(0.9874747474747476, 0.9958292603453894)",1,98.63164197016506,45920
"(0.944120583717358, 0.9832184229069656)",2,98.63145439413104,45922
"(1.0, 1.0)",1,98.6313420589103,45923
"(0.9086695042340204, 0.9958292603453894)",1,98.6312272480782,45924
"(0.9916339869281046, 0.9958292603453894)",1,98.63119126441,45925
"(0.4747763864042934, 1.0)",1,98.63117441403683,45926
"(0.8425483191745751, 0.9882048106149588)",1,98.63112991737545,45927
"(0.97899550533801, 0.9958292603453894)",1,98.63110755288876,45928
"(0.6886904761904762, 1.0)",1,98.63109068767604,45929
"(1.0, 0.9833229101521784)",1,98.63100612599972,45930
"(0.9504245882013664, 0.9958292603453894)",1,98.63096844855468,45931
"(0.958095238095238, 0.9958292603453894)",1,98.6308892408358,45932
"(0.9009287520039462, 1.0)",1,98.6308797875459,45933
"(0.9625114955760116, 0.9958292603453894)",1,98.63067623619452,45934
"(0.8425483191745751, 1.0)",2,98.63059293911633,45936
"(0.7374768177381903, 0.991206314397104)",1,98.63058954529384,45937
"(0.9791388745136372, 0.9958292603453894)",1,98.63048457808986,45938
"(0.9833040078201368, 0.9958292603453894)",1,98.63040220680288,45939
"(0.7277677677677677, 1.0)",1,98.63039323912588,45940
"(0.8804215399610136, 0.991206314397104)",1,98.6303697124209,45941
"(0.8656578256578257, 0.9873891625615764)",1,98.63016234260245,45942
"(1.0, 1.0)",2,98.63013076178522,45944
"(0.8885714285714285, 1.0)",1,98.63004861032168,45945
"(0.799275702501509, 1.0)",1,98.629834323107,45946
"(1.0, 1.0)",1,98.62982690966884,45947
"(0.944073617452092, 1.0)",1,98.629748977058,45948
"(0.8483418730488175, 0.9958292603453894)",1,98.62974296567111,45949
"(0.861111111111111, 1.0)",1,98.62969631887565,45950
"(0.9309821833269412, 0.988167361639188)",2,98.6296895788499,45952
"(0.9664178541946324, 0.9873891625615764)",1,98.62968424047897,45953
"(0.9454999712494968, 0.9916585206907788)",1,98.62963320885206,45954
"(0.8229870141950848, 0.986081059422206)",2,98.6296100063462,45956
"(0.9331662489557224, 1.0)",1,98.62956412199031,45957
"(0.9497171590194846, 1.0)",1,98.62952639081848,45958
"(0.9126251340467026, 0.9958292603453894)",2,98.62951898347224,45960
"(0.9286305533870366, 0.9873891625615764)",1,98.62946762967633,45961
"(0.893146638589877, 1.0)",1,98.62946713342652,45962
"(0.8300265307680562, 1.0)",2,98.62938362277735,45964
"(0.6179693015417549, 1.0)",1,98.62935215489264,45965
"(0.7374768177381903, 0.991206314397104)",3,98.62925238577849,45968
"(1.0, 1.0)",1,98.62911683719516,45969
"(0.9009287520039462, 1.0)",1,98.62903006705076,45970
"(0.8676532769556025, 0.9882048106149588)",1,98.62898872018792,45971
"(0.8506653943511476, 0.991206314397104)",1,98.62898239603976,45972
"(0.7060994560994561, 1.0)",1,98.62892449053888,45973
"(0.8996392387758612, 0.9873891625615764)",1,98.62883256866134,45974
"(0.8916052423523688, 0.9916339869281046)",1,98.62880398899448,45975
"(0.7362637362637362, 1.0)",1,98.6286540619874,45976
"(0.91326516498939, 0.9873891625615764)",2,98.62863846964552,45978
"(0.9749666014988596, 0.9873891625615764)",1,98.6284125367912,45979
"(0.7946380416968652, 0.9958292603453894)",1,98.6280403285239,45980
"(0.9580331374974232, 1.0)",1,98.62796887102964,45981
"(0.974772367065274, 0.9958292603453894)",1,98.6279550363446,45982
"(0.917849761232425, 0.9882048106149588)",1,98.62791240860368,45983
"(0.8315416458960965, 0.988167361639188)",1,98.62784380898664,45984
"(0.9665831244778612, 1.0)",1,98.62771800070657,45985
"(0.9665633291439744, 0.9958292603453894)",1,98.62762094044724,45986
"(0.9580602951397298, 0.9958292603453894)",1,98.6275960070591,45987
"(0.9873444118605408, 0.9958292603453894)",2,98.62751493806454,45989
"(0.8294970161977834, 1.0)",1,98.627417164709,45990
"(0.9916585206907788, 0.9958292603453894)",1,98.6273496006173,45991
"(0.93795454842108, 0.9873891625615764)",1,98.62730848620008,45992
"(0.9666562434855118, 1.0)",4,98.627296632983,45996
"(0.4936062160591765, 0.9981012669018314)",1,98.627151772943,45997
"(0.7673678366541239, 1.0)",1,98.62713270579016,45998
"(0.9412964149491664, 0.9916339869281046)",1,98.62708032964797,45999
"(0.7802197802197803, 1.0)",1,98.62706245466627,46000
"(0.8471527473990528, 1.0)",1,98.62683299379692,46001
"(0.9665831244778612, 1.0)",1,98.62682362904472,46002
"(0.979055829228243, 0.9958292603453894)",1,98.62673107373917,46003
"(0.8146183925150791, 1.0)",1,98.6266598337647,46004
"(0.9583930063253372, 1.0)",1,98.62663305877506,46005
"(0.8552744708994707, 1.0)",1,98.62660852760402,46006
"(1.0, 1.0)",1,98.6266014442115,46007
"(0.9498370804822418, 0.9916339869281046)",1,98.62659827497062,46008
"(0.92383799227569, 0.9958292603453894)",1,98.6265885149418,46009
"(0.4337472035794183, 0.9992416608232524)",3,98.62655361673022,46012
"(0.9161379295307868, 1.0)",1,98.626531659164,46013
"(0.7083333333333334, 1.0)",1,98.62652454703375,46014
"(0.944120583717358, 0.9832184229069656)",1,98.62628434819472,46015
"(1.0, 1.0)",1,98.6262467302859,46016
"(0.7651777469990767, 0.991206314397104)",2,98.62613081253971,46018
"(0.8247905643738976, 1.0)",1,98.62605074143303,46019
"(0.8420013166556946, 1.0)",1,98.62604798511929,46020
"(0.9303715638302106, 1.0)",1,98.62595932428334,46021
"(0.8717520170461346, 0.9958292603453894)",1,98.62589458339266,46022
"(0.6784722222222224, 1.0)",2,98.62582307274155,46024
"(0.8976982097186702, 1.0)",1,98.62578895509944,46025
"(0.8229870141950848, 1.0)",1,98.62578580314468,46026
"(0.9041196741854636, 0.991206314397104)",1,98.62578205883024,46027
"(0.97934925289764, 0.9958292603453894)",1,98.62571882393364,46028
"(0.9708582256511328, 0.9873891625615764)",1,98.6256525430728,46029
"(0.9833229101521784, 1.0)",2,98.62560958522572,46031
"(0.9665755481078062, 1.0)",1,98.62549981774488,46032
"(0.8579868984630887, 1.0)",1,98.6254466051561,46033
"(0.9365496267832196, 0.9916585206907788)",1,98.62544265370128,46034
"(0.9583406125452844, 0.9958292603453894)",1,98.62539867515318,46035
"(0.9874762808349148, 0.9958292603453894)",1,98.62525338684767,46036
"(0.987491854024112, 0.9958292603453894)",1,98.62523844500774,46037
"(0.8963124945246743, 1.0)",1,98.62523574231666,46038
"(0.902012682657844, 0.9958292603453894)",1,98.62515092892362,46039
"(0.9008627640703112, 1.0)",1,98.62501566787164,46040
"(0.6784722222222224, 1.0)",1,98.6249415310007,46041
"(0.8676532769556025, 0.9882048106149588)",1,98.62493854798636,46042
"(0.9018806250259218, 1.0)",1,98.62487302561156,46043
"(0.9412964149491664, 0.9873891625615764)",1,98.6248447759688,46044
"(0.958227107069612, 0.9958292603453894)",1,98.62483501236248,46045
"(0.9665831244778612, 1.0)",1,98.62482942807796,46046
"(0.9916585206907788, 0.9958292603453894)",1,98.62482679082645,46047
"(0.8443691323092412, 0.9958292603453894)",1,98.62482626036034,46048
"(0.7277677677677677, 1.0)",1,98.62476993226991,46049
"(0.6698155645524068, 1.0)",1,98.62468852878098,46050
"(0.8315474711586087, 0.9958292603453894)",1,98.62460380184812,46051
"(0.7119388248146047, 1.0)",1,98.6245107544246,46052
"(0.4961453064375241, 0.9974998905914936)",1,98.624490877257,46053
"(0.9833229101521784, 1.0)",1,98.62431797808998,46054
"(0.8222222222222222, 1.0)",1,98.62426380881314,46055
"(0.8222222222222222, 1.0)",1,98.62423124041166,46056
"(0.9496114574862204, 0.9873891625615764)",1,98.624151119267,46057
"(0.9792521035784794, 0.9958292603453894)",2,98.62411004318145,46059
"(0.8586166985951469, 1.0)",1,98.62406287528532,46060
"(1.0, 1.0)",1,98.6239944006808,46061
"(0.9167853751187084, 0.986081059422206)",1,98.6238547011231,46062
"(0.7075023741690408, 1.0)",1,98.62380123744715,46063
"(0.8443691323092412, 0.9916585206907788)",1,98.62376924145636,46064
"(0.7574146783449108, 1.0)",1,98.62376219642653,46065
"(0.9658159033159032, 0.9958292603453894)",2,98.6237162373462,46067
"(0.8449978636391381, 1.0)",1,98.623649118274,46068
"(0.8222222222222222, 1.0)",1,98.6236200893322,46069
"(0.9279680209218476, 0.9958292603453894)",1,98.62347073309138,46070
"(0.8587862333021126, 0.9958292603453894)",1,98.62341899114064,46071
"(0.8319340617212959, 1.0)",1,98.6233024517165,46072
"(0.7617216117216117, 1.0)",1,98.6232537808433,46073
"(0.97934925289764, 0.9958292603453894)",1,98.62319963553723,46074
"(0.5735975683158782, 0.9996210215628012)",1,98.62314107470756,46075
"(0.93795454842108, 0.9916339869281046)",1,98.62310069619082,46076
"(0.6238255567452281, 1.0)",1,98.62305412618286,46077
"(0.9410852767304382, 0.9916585206907788)",1,98.62304644757477,46078
"(0.5046617565500936, 0.9996210215628012)",1,98.62274209686144,46079
"(0.8533622685185187, 1.0)",1,98.62258489859958,46080
"(0.868077055383557, 1.0)",1,98.62258483677192,46081
"(0.9125533644430458, 0.9873891625615764)",1,98.62258030993917,46082
"(0.94291309888229, 0.991206314397104)",2,98.62251119654262,46084
"(0.9299160159815896, 1.0)",1,98.62243346732411,46085
"(0.9293300445873568, 0.9873891625615764)",1,98.6224324637396,46086
"(0.9228120179844318, 0.9873891625615764)",1,98.6222909682925,46087
"(0.8372053872053872, 1.0)",1,98.62224843129404,46088
"(0.9958292603453894, 1.0)",1,98.62221665414124,46089
"(0.4345640839445211, 1.0)",1,98.62219250806366,46090
"(0.9535432351387988, 0.9873891625615764)",1,98.62218171078166,46091
"(0.931200007971039, 0.9873891625615764)",1,98.62216458602126,46092
"(0.901575014782562, 0.986081059422206)",1,98.62212799166085,46093
"(0.9832925076188832, 0.9958292603453894)",1,98.6220783889084,46094
"(0.9496114574862204, 0.9873891625615764)",2,98.62204373616623,46096
"(0.9332172991312776, 0.9958292603453894)",1,98.62193017055674,46097
"(0.865581803207783, 0.991206314397104)",1,98.62192229012092,46098
"(0.9958292603453894, 0.9958292603453894)",1,98.62185542229054,46099
"(0.9665831244778612, 1.0)",2,98.62180229591324,46101
"(0.9301144010060736, 0.986081059422206)",1,98.62178881342405,46102
"(0.9788980434141724, 0.9958292603453894)",1,98.62174145827235,46103
"(0.9333333333333332, 1.0)",1,98.6216419790042,46104
"(0.9916666666666668, 0.9916666666666668)",1,98.6215875727716,46105
"(0.9441792447111594, 0.986081059422206)",1,98.62155911559924,46106
"(0.8010410641989589, 1.0)",1,98.6214721321368,46107
"(0.518883018547448, 0.9996210215628012)",3,98.62144859739192,46110
"(0.9498370804822418, 0.9873891625615764)",2,98.62128606057004,46112
"(0.9301144010060736, 0.986081059422206)",1,98.62120013315436,46113
"(0.9165164082221422, 0.986081059422206)",1,98.62118962526608,46114
"(0.7503607503607503, 1.0)",1,98.62113721302362,46115
"(0.9833229101521784, 1.0)",1,98.62112954795882,46116
"(0.8796475392220073, 1.0)",1,98.62112683997174,46117
"(0.97934925289764, 0.9958292603453894)",1,98.6211139078541,46118
"(0.5734466317588319, 0.996575280197092)",1,98.62104354722707,46119
"(0.9833229101521784, 1.0)",1,98.62093478837222,46120
"(0.8796475392220073, 1.0)",1,98.62086276442908,46121
"(0.746304385688563, 1.0)",2,98.62081607769365,46123
"(0.9501563219469168, 0.9958292603453894)",1,98.62071098828824,46124
"(0.7601164382773579, 0.9665831244778612)",1,98.62067735404824,46125
"(0.8476190476190477, 1.0)",1,98.6206732743318,46126
"(0.8814814814814814, 1.0)",1,98.62063018933932,46127
"(0.4858175570582923, 0.9992416608232524)",2,98.62059273110046,46129
"(0.9326599326599326, 1.0)",1,98.62058497662926,46130
"(0.9041196741854636, 0.991206314397104)",1,98.6204453238244,46131
"(0.7656073923822403, 1.0)",1,98.6204036567664,46132
"(0.9228120179844318, 0.9873891625615764)",1,98.62039686112846,46133
"(0.8347775825943863, 0.9958292603453894)",1,98.6203444565365,46134
"(0.9280459216361852, 0.9958292603453894)",1,98.620338412303,46135
"(0.9384174012481092, 0.9916585206907788)",2,98.6202599531676,46137
"(0.9498370804822418, 0.9958292603453894)",1,98.62023103422268,46138
"(0.9833229101521784, 1.0)",2,98.62022167809684,46140
"(0.4747763864042934, 1.0)",1,98.62021640625636,46141
"(0.7994987468671678, 1.0)",1,98.6202149755838,46142
"(0.8600291387756281, 0.9958292603453894)",1,98.62017392041574,46143
"(1.0, 1.0)",1,98.62010077321112,46144
"(1.0, 1.0)",1,98.62009016517214,46145
"(0.9666562434855118, 1.0)",2,98.62000284935718,46147
"(0.503442416215342, 0.9992416608232524)",1,98.61995807371552,46148
"(0.8300265307680562, 1.0)",1,98.61993056550487,46149
"(0.9408664065499008, 0.988167361639188)",1,98.61989778422604,46150
"(0.8976982097186702, 1.0)",1,98.6197063390472,46151
"(0.816195709052852, 1.0)",1,98.61970459853735,46152
"(0.9205517358458536, 0.9873891625615764)",1,98.6195806943952,46153
"(0.7083333333333334, 1.0)",2,98.61937679688822,46155
"(0.8916052423523688, 0.9916339869281046)",1,98.61924282457058,46156
"(0.9498370804822418, 0.9873891625615764)",1,98.6192219798762,46157
"(0.9250222656674272, 0.9958292603453894)",1,98.61901257585968,46158
"(0.8506653943511476, 0.991206314397104)",1,98.61889989147993,46159
"(0.7734344933751168, 1.0)",1,98.61881862214427,46160
"(0.9580602951397298, 0.9916585206907788)",1,98.61876725940483,46161
"(0.983305541180304, 0.9958292603453894)",1,98.61858560982124,46162
"(0.9249567554350648, 0.9958292603453894)",1,98.6184657188331,46163
"(0.837707400507675, 1.0)",1,98.61845556722076,46164
"(0.9068759224041408, 0.9916339869281046)",1,98.6184085610206,46165
"(0.7168719671519223, 0.991206314397104)",1,98.61840065402951,46166
"(0.8222222222222222, 1.0)",2,98.61838399093514,46168
"(0.8796475392220073, 1.0)",2,98.61828192501086,46170
"(0.8449978636391381, 0.9882048106149588)",1,98.61827927187842,46171
"(0.970619176311776, 0.9958292603453894)",1,98.61809522958764,46172
"(0.835848883169409, 0.988167361639188)",1,98.61806540267222,46173
"(0.4229828165539535, 0.9996210215628012)",1,98.618032979785,46174
"(0.9833229101521784, 1.0)",1,98.61802949287758,46175
"(0.9788980434141724, 0.9876106894370652)",1,98.61797246827598,46176
"(0.9625114955760116, 0.9958292603453894)",1,98.61794712206596,46177
"(0.9665831244778612, 1.0)",1,98.61791111470188,46178
"(0.6575398846941737, 1.0)",2,98.61787534534815,46180
"(0.8065954953750508, 1.0)",1,98.61786937074083,46181
"(0.9398731501057084, 0.988167361639188)",2,98.61774935621114,46183
"(0.9250222656674272, 0.9958292603453894)",1,98.6176557917257,46184
"(0.9750943974852894, 0.9873484848484848)",1,98.61764648384738,46185
"(1.0, 1.0)",1,98.61757435664308,46186
"(0.9131856219190184, 0.9958292603453894)",1,98.61757116159644,46187
"(0.9791258409522168, 0.9958292603453894)",1,98.61735661785625,46188
"(0.7083333333333334, 1.0)",1,98.61725178488744,46189
"(0.930704099821747, 1.0)",1,98.6171826690573,46190
"(0.96220700758815, 0.9873891625615764)",1,98.6171436382738,46191
"(0.8996392387758612, 0.9873891625615764)",1,98.61711703537216,46192
"(0.8222222222222222, 1.0)",1,98.61711424842288,46193
"(0.954238558835333, 0.9873891625615764)",1,98.61709809536444,46194
"(0.9466127311522048, 0.991206314397104)",1,98.61705224630688,46195
"(0.9027777777777778, 1.0)",1,98.61694198739931,46196
"(1.0, 1.0)",2,98.61693517623544,46198
"(0.9412964149491664, 0.9873891625615764)",1,98.6169062605824,46199
"(0.93795454842108, 0.9916339869281046)",1,98.61686671923432,46200
"(0.9665831244778612, 1.0)",2,98.61681027098228,46202
"(0.9398731501057084, 0.988167361639188)",1,98.6168058230576,46203
"(0.9125533644430458, 0.9873891625615764)",1,98.6167815523866,46204
"(0.9269606362629618, 0.988167361639188)",1,98.61669909400328,46205
"(0.7513013302486987, 1.0)",1,98.616619940286,46206
"(0.4747763864042934, 1.0)",1,98.61656085496696,46207
"(0.7083333333333334, 1.0)",1,98.61647321379064,46208
"(0.9041196741854636, 0.991206314397104)",1,98.61642409737377,46209
"(0.9153439153439156, 0.9833229101521784)",1,98.6163725423626,46210
"(0.8796475392220073, 1.0)",1,98.6163711199259,46211
"(0.7880931329207191, 1.0)",2,98.61637081317944,46213
"(0.7786375661375661, 1.0)",1,98.61627999755666,46214
"(0.8158879904162925, 1.0)",1,98.61625601701012,46215
"(0.9833229101521784, 1.0)",1,98.61621994971996,46216
"(0.7344692811916678, 1.0)",1,98.61618762027014,46217
"(0.7090909090909091, 1.0)",1,98.61615290021378,46218
"(0.8848000715856217, 1.0)",1,98.6160941222715,46219
"(0.6962461114805364, 0.9988619159967322)",3,98.61595575981192,46222
"(0.6825396825396824, 1.0)",1,98.61590986070452,46223
"(0.8942622047218923, 0.9873891625615764)",1,98.61582937932997,46224
"(0.8468089381754635, 1.0)",1,98.6157073064586,46225
"(0.6886904761904762, 1.0)",1,98.61568124585682,46226
"(0.9280459216361852, 0.9958292603453894)",1,98.61562414893596,46227
"(0.8547756205106323, 0.9885557944107872)",1,98.61562140751464,46228
"(0.8676532769556025, 0.9882048106149588)",1,98.61557711992069,46229
"(0.9496114574862204, 0.9916339869281046)",1,98.615536638322,46230
"(0.9750943974852894, 0.9958292603453894)",1,98.61543984059544,46231
"(0.7503607503607503, 1.0)",1,98.61539047442938,46232
"(0.917849761232425, 1.0)",2,98.6153692551871,46234
"(0.9114218054477384, 0.9873891625615764)",2,98.61535419290186,46236
"(0.73687720936437, 1.0)",1,98.61534234520424,46237
"(0.488746700064167, 0.9992416608232524)",1,98.61533616319882,46238
"(0.8907966222338917, 0.9958292603453894)",1,98.61525220189306,46239
"(1.0, 1.0)",1,98.61511017044964,46240
"(0.81893131227901, 1.0)",1,98.61510098039756,46241
"(0.4971911339651811, 1.0)",3,98.61506111890104,46244
"(0.9199973910846122, 0.9873891625615764)",1,98.61501744430196,46245
"(0.9832401090007582, 0.9958292603453894)",1,98.6149411374364,46246
"(0.4776542240827955, 1.0)",1,98.61488800288627,46247
"(0.9333044546043194, 0.9958292603453894)",1,98.61487928439476,46248
"(1.0, 1.0)",1,98.61480375587917,46249
"(0.9243707071934514, 0.9873891625615764)",1,98.61478546010066,46250
"(0.876295504202481, 0.9882048106149588)",1,98.6147134323634,46251
"(0.9665831244778612, 1.0)",2,98.61467314044204,46253
"(0.7903875985986362, 1.0)",1,98.61465303707855,46254
"(0.9833229101521784, 1.0)",1,98.61437683477862,46255
"(0.9009534009534008, 1.0)",1,98.61430304552124,46256
"(0.8796475392220073, 1.0)",1,98.61424377063292,46257
"(0.8996392387758612, 0.9873891625615764)",1,98.6142382417314,46258
"(0.9365496267832196, 0.9916585206907788)",1,98.6142175712638,46259
"(0.9620528801064364, 0.9873891625615764)",1,98.61411632921164,46260
"(0.9398731501057084, 0.988167361639188)",1,98.61402557138148,46261
"(0.9161379295307868, 1.0)",1,98.61401888113456,46262
"(0.9206165335472736, 0.9958292603453894)",1,98.61392870913046,46263
"(0.7277677677677677, 1.0)",1,98.61385223517176,46264
"(0.7277677677677677, 1.0)",1,98.61378289235348,46265
"(0.9228120179844318, 0.9873891625615764)",1,98.61369737777464,46266
"(0.7673678366541239, 0.9882048106149588)",1,98.6136020007561,46267
"(0.816195709052852, 1.0)",1,98.61359472907256,46268
"(0.958227107069612, 0.9958292603453894)",2,98.61328017076568,46270
"(0.9833229101521784, 1.0)",1,98.61316438314444,46271
"(0.9003556829643787, 0.9665831244778612)",1,98.61304978474264,46272
"(0.9649790647893116, 0.9958292603453894)",1,98.61302518195969,46273
"(0.9303715638302106, 1.0)",1,98.61299775412806,46274
"(0.8495378883833893, 0.9958292603453894)",1,98.61296419923109,46275
"(0.9057330122004186, 0.991206314397104)",1,98.61294295972174,46276
"(0.8917140396210165, 0.9882048106149588)",1,98.61292419863352,46277
"(0.7042648709315374, 1.0)",1,98.61289739399652,46278
"(0.945878018492034, 0.9958292603453894)",1,98.61285867657443,46279
"(0.7656073923822403, 1.0)",1,98.61280381721048,46280
"(0.8443691323092412, 0.9916585206907788)",2,98.61279285748869,46282
"(0.6636745887678723, 1.0)",1,98.61276491478662,46283
"(0.9293300445873568, 0.9916339869281046)",2,98.612734524606,46285
"(0.9167853751187084, 1.0)",1,98.61266814950818,46286
"(0.9832401090007582, 0.9958292603453894)",1,98.61254801028974,46287
"(0.9008025849489264, 1.0)",1,98.61252584920328,46288
"(1.0, 1.0)",1,98.6123805392098,46289
"(0.7362637362637362, 1.0)",1,98.6123605252572,46290
"(0.898989898989899, 1.0)",1,98.612338234991,46291
"(0.8996392387758612, 0.9916339869281046)",1,98.6123123807022,46292
"(0.8996392387758612, 0.9873891625615764)",1,98.61229671341836,46293
"(0.9750481776288228, 0.9958292603453894)",1,98.61226520103016,46294
"(0.9665831244778612, 1.0)",1,98.61220909833864,46295
"(0.9835547122074636, 0.9958292603453894)",1,98.61218978554132,46296
"(0.9061764476533613, 0.9916339869281046)",1,98.6121312500296,46297
"(0.9279680209218476, 0.9958292603453894)",1,98.61201471857387,46298
"(0.6636745887678723, 1.0)",1,98.6119998953326,46299
"(0.812557599070401, 1.0)",1,98.61199494360731,46300
"(0.8976982097186702, 1.0)",1,98.61198133824526,46301
"(0.947552083649559, 0.9958292603453894)",1,98.61196880413156,46302
"(0.9041196741854636, 0.991206314397104)",3,98.61189715567316,46305
"(0.8880984643179766, 1.0)",1,98.61188838855035,46306
"(0.9738477269913072, 0.9958292603453894)",1,98.61187687914558,46307
"(0.8796475392220073, 1.0)",1,98.61177107947564,46308
"(0.903667392883079, 1.0)",1,98.61172741433812,46309
"(0.9079075500409146, 0.9874877810361682)",1,98.6116356570353,46310
"(0.9833040078201368, 0.9958292603453894)",1,98.61153369001468,46311
"(0.9792766373411534, 0.9958292603453894)",1,98.611532142644,46312
"(0.8980858408005299, 0.988167361639188)",1,98.61150452414336,46313
"(0.9833229101521784, 1.0)",1,98.6114003164046,46314
"(0.9833251873574456, 0.9958292603453894)",1,98.61130829214864,46315
"(0.9262130464282252, 0.991206314397104)",1,98.6112998838898,46316
"(0.7651777469990767, 0.991206314397104)",1,98.61129542969168,46317
"(0.8425483191745751, 0.9882048106149588)",1,98.6112874860429,46318
"(0.8804215399610136, 0.991206314397104)",1,98.61127375137652,46319
"(0.4822651515151516, 0.9981012669018314)",1,98.61120028728676,46320
"(0.8996392387758612, 0.9873891625615764)",2,98.61111965301416,46322
"(0.9833040078201368, 0.9958292603453894)",1,98.6111001578418,46323
"(0.9309821833269412, 0.988167361639188)",1,98.61105565831964,46324
"(0.9442283950617284, 1.0)",1,98.61084461985271,46325
"(0.75644561279016, 0.9882048106149588)",1,98.61082796906778,46326
"(0.7651777469990767, 0.991206314397104)",3,98.6107684981591,46329
"(0.8980858408005299, 0.988167361639188)",1,98.61075550321692,46330
"(0.9243707071934514, 0.9873891625615764)",1,98.61072135591328,46331
"(0.8928598364786969, 0.9958292603453894)",1,98.61068570711232,46332
"(0.9833040078201368, 0.9916625936787228)",1,98.61067299592534,46333
"(0.9452474337657768, 0.9874762808349148)",2,98.61049290136108,46335
"(0.9665831244778612, 1.0)",2,98.61039043498482,46337
"(0.9282083232965586, 0.9873891625615764)",1,98.61038598635643,46338
"(0.7277677677677677, 1.0)",1,98.6102733057866,46339
"(0.8653198653198653, 1.0)",2,98.6102690833786,46341
"(0.933096859926128, 1.0)",1,98.61022865564492,46342
"(0.7802197802197803, 1.0)",1,98.61016122500736,46343
"(0.8814814814814814, 1.0)",1,98.610007059613,46344
"(0.95305342208568, 0.9916339869281046)",1,98.61000254854844,46345
"(0.962505246140658, 0.9958292603453894)",2,98.61000247502028,46347
"(0.9408664065499008, 0.988167361639188)",1,98.60998668827216,46348
"(0.9369808292429718, 0.9958292603453894)",1,98.60993831854736,46349
"(0.9041196741854636, 0.991206314397104)",1,98.60988724960411,46350
"(0.9369138996969484, 0.9874877810361682)",1,98.60987800475976,46351
"(0.9916666666666668, 0.9916666666666668)",1,98.609812959681,46352
"(0.8547756205106323, 0.9882048106149588)",1,98.60979514766912,46353
"(0.9665831244778612, 1.0)",1,98.60979419370116,46354
"(0.917469251615593, 1.0)",1,98.60972666633856,46355
"(0.9498370804822418, 0.9916339869281046)",2,98.60969228318336,46357
"(0.9358935587920408, 0.9916585206907788)",1,98.6096451945369,46358
"(0.4755355605353038, 0.9977203590215908)",2,98.60964107491318,46360
"(0.786508365740383, 0.9882048106149588)",1,98.60962524670715,46361
"(0.9916339869281046, 0.9958292603453894)",1,98.6095981652675,46362
"(0.9833229101521784, 1.0)",2,98.60930553064898,46364
"(0.7802197802197803, 1.0)",1,98.6092722092722,46365
"(0.8420013166556946, 0.9833229101521784)",1,98.6092675195082,46366
"(0.7000013129045387, 1.0)",5,98.609229966374,46371
"(0.9581458989353726, 1.0)",1,98.60922940681836,46372
"(0.9496114574862204, 0.9873891625615764)",1,98.60914731230343,46373
"(0.9384174012481092, 0.9916585206907788)",1,98.6090815135508,46374
"(0.7277677677677677, 1.0)",3,98.6090521601689,46377
"(0.8958208965097509, 0.9958292603453894)",1,98.60888076709485,46378
"(0.8832603710652491, 1.0)",1,98.60881841447885,46379
"(0.6177248677248677, 1.0)",1,98.60878830052862,46380
"(1.0, 1.0)",1,98.60874959075127,46381
"(0.9293300445873568, 0.9873891625615764)",1,98.60852283771064,46382
"(0.9333333333333332, 1.0)",1,98.60851822043324,46383
"(0.9326599326599326, 1.0)",1,98.6084938469928,46384
"(0.9027777777777778, 0.986081059422206)",3,98.60849299796986,46387
"(0.9269606362629618, 0.988167361639188)",1,98.60848709878084,46388
"(1.0, 1.0)",1,98.60845774474735,46389
"(0.901575014782562, 1.0)",1,98.60813650405936,46390
"(0.8796475392220073, 1.0)",1,98.60805778326063,46391
"(0.7637048646619141, 1.0)",1,98.60786592527909,46392
"(0.8478418336329888, 0.991206314397104)",1,98.60785925441884,46393
"(0.940928587432546, 0.987463247273494)",1,98.60782673525296,46394
"(0.9282083232965586, 0.9873891625615764)",1,98.6077834914878,46395
"(0.7069597069597069, 1.0)",1,98.60775394259736,46396
"(0.9189396095602992, 0.9876066164491212)",1,98.60775114218188,46397
"(0.9622634791942192, 0.9916585206907788)",1,98.6077110305332,46398
"(0.8600291387756281, 0.9916585206907788)",1,98.60770045711018,46399
"(0.9333044546043194, 0.9958292603453894)",1,98.60766893502031,46400
"(0.8760238095238095, 0.9958292603453894)",1,98.607557194751,46401
"(0.9442283950617284, 1.0)",1,98.60740352289326,46402
"(0.9832965806068272, 0.9958292603453894)",1,98.60738028681628,46403
"(0.8420013166556946, 1.0)",1,98.60736398013468,46404
"(0.9792766373411534, 0.9958292603453894)",1,98.60734569817488,46405
"(0.8471527473990528, 1.0)",1,98.60728472900124,46406
"(0.8810064268049709, 0.991206314397104)",1,98.60709472976292,46407
"(0.9282083232965586, 0.9916339869281046)",1,98.60700705386084,46408
"(0.8347775825943863, 0.9916585206907788)",1,98.6070045888058,46409
"(0.9392241745182922, 0.9873891625615764)",1,98.60697894476844,46410
"(0.7340930674264007, 1.0)",1,98.60697726822715,46411
"(0.6575398846941737, 1.0)",1,98.60696283580327,46412
"(0.9546499948224086, 0.9958292603453894)",1,98.60685682328224,46413
"(0.9835199925522506, 0.9958292603453894)",1,98.6068089442664,46414
"(0.7377975062704127, 1.0)",2,98.60674409593852,46416
"(0.7155555555555556, 1.0)",1,98.60674196806475,46417
"(0.7503607503607503, 1.0)",1,98.60667790901984,46418
"(0.9833229101521784, 1.0)",1,98.60664855636506,46419
"(0.8947046219773493, 0.988167361639188)",1,98.60664439475131,46420
"(0.8947046219773493, 0.988167361639188)",1,98.60661925751056,46421
"(0.9309821833269412, 0.988167361639188)",2,98.60661477869924,46423
"(0.958095238095238, 0.9916666666666668)",1,98.60659193147994,46424
"(0.8976982097186702, 1.0)",1,98.6065868619033,46425
"(0.738145558145558, 1.0)",1,98.6065781840546,46426
"(0.8924228430110782, 0.9873891625615764)",1,98.6065557267518,46427
"(0.9131856219190184, 0.9958292603453894)",2,98.60646861149716,46429
"(0.9282083232965586, 0.9873891625615764)",1,98.6064428496853,46430
"(0.9297812306740878, 1.0)",1,98.60640716042288,46431
"(0.8804215399610136, 0.991206314397104)",1,98.6063104067921,46432
"(0.9398731501057084, 0.988167361639188)",1,98.60627388118678,46433
"(0.9833229101521784, 1.0)",1,98.60622267519032,46434
"(0.8761479805597453, 1.0)",1,98.60596536967611,46435
"(0.8947046219773493, 0.988167361639188)",1,98.6059563232134,46436
"(0.9744745723240348, 0.9958292603453894)",1,98.60586254449336,46437
"(0.9114218054477384, 0.9873891625615764)",1,98.6057239247488,46438
"(0.917849761232425, 1.0)",1,98.60568366735151,46439
"(0.7277677677677677, 1.0)",1,98.60547198157876,46440
"(0.8420013166556946, 1.0)",1,98.60544745536411,46441
"(0.9916625936787228, 0.9958292603453894)",1,98.6053191300998,46442
"(0.9833080808080809, 0.9958292603453894)",1,98.60526766723076,46443
"(0.8937718863178524, 0.9916585206907788)",1,98.60495446052606,46444
"(0.9584987529902784, 1.0)",1,98.60484021640492,46445
"(0.9018806250259218, 1.0)",1,98.60470243627344,46446
"(0.7168719671519223, 0.991206314397104)",3,98.60458929191014,46449
"(0.9286305533870366, 0.9873891625615764)",1,98.60454275612744,46450
"(0.9791585206907788, 0.9958292603453894)",1,98.60450144019028,46451
"(0.6733821733821733, 1.0)",2,98.60421879173964,46453
"(0.9497171590194848, 1.0)",1,98.6041938298896,46454
"(0.9169719169719168, 1.0)",1,98.60414019238632,46455
"(0.9873891625615764, 0.9958292603453894)",1,98.60408853090048,46456
"(0.8347775825943863, 0.9958292603453894)",2,98.6040843597567,46458
"(0.8016677935542034, 1.0)",2,98.60403389510071,46460
"(0.9365496267832196, 0.987495927012056)",1,98.6039972918596,46461
"(0.786508365740383, 0.9882048106149588)",1,98.6039653935874,46462
"(0.7060994560994561, 1.0)",2,98.60388942595252,46464
"(0.9377148530109056, 0.991206314397104)",2,98.6037902347168,46466
"(0.9243707071934514, 0.9873891625615764)",2,98.60370805060543,46468
"(0.8495378883833893, 0.9958292603453894)",1,98.6035866339249,46469
"(0.7479743867590829, 1.0)",1,98.60346000682487,46470
"(0.8294970161977834, 1.0)",1,98.60340025839368,46471
"(0.7574146783449108, 0.9882048106149588)",1,98.60329330312923,46472
"(0.8974984433303618, 0.9873891625615764)",1,98.60328956970794,46473
"(0.8016677935542034, 1.0)",1,98.60318400387544,46474
"(0.7119388248146047, 1.0)",1,98.60312807670968,46475
"(0.7647742788871822, 1.0)",1,98.60296365332044,46476
"(0.9476043407479208, 1.0)",1,98.6029402833203,46477
"(0.9916585206907788, 0.9958292603453894)",2,98.60292839604732,46479
"(0.9790972342015986, 0.9958292603453894)",1,98.60286438903336,46480
"(0.8365328658269835, 0.9958292603453894)",1,98.60285813374912,46481
"(0.9669795885118464, 0.9958292603453894)",1,98.60278975461787,46482
"(0.8495378883833893, 0.9958292603453894)",1,98.60271255202667,46483
"(0.9665831244778612, 1.0)",4,98.60259043568364,46487
"(0.9666666666666668, 1.0)",1,98.60249869681203,46488
"(0.4337472035794183, 0.9992416608232524)",3,98.60247381215515,46491
"(0.8294970161977834, 1.0)",1,98.6023790915698,46492
"(0.9114218054477384, 0.9873891625615764)",1,98.6022958599672,46493
"(0.9262130464282252, 0.991206314397104)",1,98.60228001548808,46494
"(0.6544644252235129, 1.0)",1,98.60213315110347,46495
"(0.9916585206907788, 0.9958292603453894)",1,98.6021072184649,46496
"(0.9369138996969484, 0.9958292603453894)",1,98.60206164157148,46497
"(0.5899355242465301, 1.0)",1,98.6019739206656,46498
"(0.9874762808349148, 0.9916666666666668)",1,98.60184771099848,46499
"(0.8425483191745751, 0.9882048106149588)",1,98.60184352219568,46500
"(0.9791544477028348, 0.9958292603453894)",1,98.60181857439784,46501
"(0.9546499948224086, 0.9791388745136372)",1,98.6017995950776,46502
"(0.6050868628167587, 0.9977203590215908)",1,98.60176489936264,46503
"(0.9499687304565352, 1.0)",1,98.60170993876888,46504
"(0.9705383010048324, 0.9958292603453894)",1,98.6017002483348,46505
"(0.6378166586499919, 1.0)",2,98.60165813782204,46507
"(0.727840909090909, 1.0)",1,98.60163012372595,46508
"(0.917655049465296, 0.9958292603453894)",1,98.60162168534072,46509
"(0.930200260788496, 0.9873891625615764)",1,98.60153604776455,46510
"(0.826388888888889, 1.0)",1,98.60153006241444,46511
"(0.9435817855979146, 0.9958292603453894)",1,98.6013948757512,46512
"(0.8976982097186702, 1.0)",1,98.60137321229352,46513
"(0.7946380416968652, 0.9958292603453894)",1,98.60124874167543,46514
"(0.9516794286955578, 0.9958292603453894)",1,98.60113235463504,46515
"(0.8796475392220073, 1.0)",2,98.6011173833565,46517
"(1.0, 1.0)",1,98.60106083807447,46518
"(0.6962461114805364, 0.9984817852901372)",3,98.6009812194812,46521
"(0.9279680209218476, 0.9958292603453894)",1,98.60090173129312,46522
"(0.8796475392220073, 1.0)",1,98.60089535377595,46523
"(0.9192093318943212, 0.9882048106149588)",1,98.60089147584388,46524
"(0.931200007971039, 0.9873891625615764)",1,98.60084234867188,46525
"(0.9831777451938742, 0.9958292603453894)",1,98.60070290699376,46526
"(0.4590791029805835, 0.9950001562744178)",1,98.60067898549856,46527
"(0.861111111111111, 1.0)",1,98.60067838955118,46528
"(0.8796475392220073, 1.0)",1,98.60066213621842,46529
"(0.8976982097186702, 1.0)",1,98.6006184173962,46530
"(0.9738477269913072, 0.9958292603453894)",1,98.6005406817078,46531
"(0.9377148530109056, 0.991206314397104)",1,98.60052970925844,46532
"(0.9418479305417444, 0.988167361639188)",1,98.60051895631504,46533
"(0.8443691323092412, 0.9916585206907788)",1,98.60048353285644,46534
"(0.917469251615593, 1.0)",1,98.60040324343596,46535
"(0.9205517358458536, 0.9916339869281046)",1,98.60021667895408,46536
"(0.8506653943511476, 0.991206314397104)",1,98.60019130339904,46537
"(0.7673678366541239, 0.9882048106149588)",1,98.60010220413218,46538
"(0.4039045743444857, 1.0)",1,98.59999100456992,46539
"(0.9192093318943212, 0.9882048106149588)",1,98.59998376652617,46540
"(0.983545503234046, 0.9916585206907788)",1,98.59996933785165,46541
"(0.9833229101521784, 1.0)",1,98.59981645353469,46542
"(0.932230823034112, 0.9958292603453894)",1,98.59967509394616,46543
"(0.987463247273494, 0.9958292603453894)",1,98.59962305401557,46544
"(0.8996392387758612, 0.9873891625615764)",1,98.59961833315693,46545
"(0.8165509259259259, 1.0)",1,98.59952497659084,46546
"(0.9833229101521784, 1.0)",1,98.5994845263138,46547
"(0.861111111111111, 1.0)",1,98.59944973875582,46548
"(0.8016677935542034, 1.0)",1,98.5993555730464,46549
"(0.8310777799491891, 0.9882048106149588)",1,98.59913995781444,46550
"(0.8300265307680562, 1.0)",1,98.59907100243387,46551
"(0.9501563219469168, 0.9958292603453894)",1,98.59904574880424,46552
"(0.9833229101521784, 1.0)",3,98.598959452618,46555
"(0.9791258409522168, 0.9958292603453894)",1,98.59894411348768,46556
"(0.8997493734335841, 1.0)",1,98.5988277920384,46557
"(1.0, 1.0)",1,98.59881097365049,46558
"(0.7503607503607503, 1.0)",1,98.59871338458156,46559
"(0.4897415065188988, 1.0)",3,98.59866232952106,46562
"(0.8347775825943863, 0.9958292603453894)",1,98.5985777778899,46563
"(0.5169410170491575, 0.9981012669018314)",1,98.59857149959524,46564
"(0.9408664065499008, 0.988167361639188)",1,98.5985112132478,46565
"(0.7075023741690408, 1.0)",1,98.59849338554125,46566
"(0.8016677935542034, 1.0)",1,98.59845594553592,46567
"(0.987491854024112, 0.9958292603453894)",1,98.5983443447552,46568
"(0.9506533178503804, 1.0)",1,98.59826466248956,46569
"(0.6825396825396824, 1.0)",1,98.59818526555938,46570
"(0.8229870141950848, 1.0)",1,98.59817725446194,46571
"(0.9057330122004186, 0.991206314397104)",1,98.59807752433802,46572
"(0.8867361313822293, 0.9958292603453894)",1,98.59783702679871,46573
"(0.8887202421952387, 1.0)",2,98.5976797122553,46575
"(0.8365328658269835, 0.9958292603453894)",1,98.59764584898808,46576
"(0.8937718863178524, 0.987463247273494)",2,98.59761400091963,46578
"(0.8476190476190477, 1.0)",1,98.59753740774798,46579
"(0.6784722222222224, 1.0)",1,98.59749912684764,46580
"(0.7168719671519223, 0.991206314397104)",3,98.59746568635506,46583
"(0.9750943974852894, 0.9873484848484848)",1,98.59739169268302,46584
"(0.9418479305417444, 0.988167361639188)",1,98.59737254321958,46585
"(0.7802197802197803, 1.0)",1,98.59728935679696,46586
"(0.6521663785997688, 0.9882048106149588)",1,98.5972213203888,46587
"(0.8300265307680562, 1.0)",1,98.59721756420198,46588
"(0.7944219523166891, 1.0)",1,98.59718564514417,46589
"(0.9504245882013664, 0.9958292603453894)",1,98.59712139892083,46590
"(0.6825396825396824, 1.0)",1,98.59707951504228,46591
"(0.4943189964157706, 1.0)",1,98.59703898760348,46592
"(0.7511111111111111, 1.0)",2,98.5969804905308,46594
"(0.8222222222222222, 1.0)",1,98.59696574683902,46595
"(0.9490213526488036, 0.9958292603453894)",1,98.5968935201659,46596
"(0.9365496267832196, 0.9958292603453894)",1,98.59681605045208,46597
"(0.9297326845255915, 0.9916585206907788)",1,98.5967529009144,46598
"(0.9205517358458536, 0.9873891625615764)",1,98.59671159642213,46599
"(0.8996392387758612, 0.9873891625615764)",1,98.59668712571232,46600
"(0.738145558145558, 1.0)",1,98.596594623681,46601
"(0.4724538701233134, 0.9975000781372088)",1,98.59659142518748,46602
"(0.6544644252235129, 1.0)",1,98.59658959885245,46603
"(1.0, 1.0)",1,98.59626956777704,46604
"(0.6378166586499919, 1.0)",1,98.59615290138382,46605
"(0.902012682657844, 0.9916585206907788)",1,98.59607576879716,46606
"(0.9833229101521784, 1.0)",1,98.59607066562266,46607
"(0.8810064268049709, 0.991206314397104)",1,98.5960403314666,46608
"(0.9206165335472736, 0.9874877810361682)",1,98.59597425911991,46609
"(0.5070372093557577, 1.0)",1,98.59595378242412,46610
"(0.4817463236342279, 0.9996210215628012)",2,98.59584361263212,46612
"(0.9114218054477384, 0.9873891625615764)",1,98.59578734746488,46613
"(0.8566900022492128, 1.0)",1,98.59577692177264,46614
"(0.9309821833269412, 0.988167361639188)",1,98.59577083722952,46615
"(0.9126251340467026, 0.9958292603453894)",1,98.59552787333251,46616
"(0.9228120179844318, 0.9873891625615764)",1,98.59543321562808,46617
"(0.97934925289764, 0.9958292603453894)",1,98.59541331969876,46618
"(0.8495378883833893, 0.9916666666666668)",1,98.59509384800792,46619
"(0.5200348032289219, 0.9988619159967322)",1,98.59497770822011,46620
"(0.9665831244778612, 1.0)",1,98.59496834222,46621
"(0.8443691323092412, 0.9958292603453894)",1,98.59492794016178,46622
"(0.861111111111111, 1.0)",1,98.59481518956248,46623
"(0.93795454842108, 0.9916339869281046)",1,98.5947616526705,46624
"(0.8947046219773493, 0.988167361639188)",1,98.594656878461,46625
"(1.0, 0.9958292603453894)",1,98.59460148498914,46626
"(0.930704099821747, 0.986081059422206)",1,98.59458288146678,46627
"(0.9125533644430458, 0.9916339869281046)",2,98.59454447859792,46629
"(0.8811945374355704, 1.0)",1,98.5945412294949,46630
"(0.9167853751187084, 0.986081059422206)",1,98.59449563375338,46631
"(0.9958292603453894, 0.9958292603453894)",1,98.59446523283026,46632
"(0.9699183291713004, 0.9958292603453894)",1,98.59446306071712,46633
"(0.9665831244778612, 1.0)",2,98.59445881982133,46635
"(0.9441792447111594, 0.986081059422206)",2,98.59442390599696,46637
"(0.9365069868128822, 0.987463247273494)",1,98.59436800604207,46638
"(0.9041196741854636, 0.991206314397104)",1,98.594306898028,46639
"(1.0, 1.0)",2,98.59427070579184,46641
"(0.8476190476190477, 1.0)",1,98.59413095882434,46642
"(0.8420013166556946, 1.0)",1,98.59407411104016,46643
"(0.903667392883079, 1.0)",1,98.59406172987552,46644
"(1.0, 1.0)",1,98.59400372203454,46645
"(0.9114218054477384, 0.9873891625615764)",1,98.59393079719575,46646
"(0.9205517358458536, 0.9873891625615764)",2,98.5939252962,46648
"(0.9299507899507898, 0.986081059422206)",1,98.59388209746804,46649
"(0.9441792447111594, 0.986081059422206)",1,98.59386703668808,46650
"(0.94291309888229, 0.991206314397104)",1,98.5937151575406,46651
"(0.8483418730488175, 0.9958292603453894)",1,98.59370473384809,46652
"(0.8697983697983697, 1.0)",1,98.59370347666464,46653
"(0.9756244289830628, 0.9958292603453894)",1,98.59369655412132,46654
"(0.9539225495593684, 0.9916585206907788)",1,98.59368882634196,46655
"(0.8165509259259259, 1.0)",1,98.5936023636318,46656
"(0.7734344933751168, 1.0)",1,98.5935132723491,46657
"(0.9665831244778612, 1.0)",1,98.59341548095055,46658
"(0.9293300445873568, 0.9873891625615764)",1,98.59337675261342,46659
"(0.9131856219190184, 0.9916585206907788)",1,98.59332878042876,46660
"(0.8970129352925051, 0.9873891625615764)",1,98.59327210930071,46661
"(0.8687499999999999, 0.988167361639188)",4,98.59318071922706,46665
"(0.8586166985951469, 1.0)",1,98.5931442986034,46666
"(0.7119388248146047, 1.0)",1,98.5930420595991,46667
"(0.4847252958987063, 0.9962497362353954)",1,98.59295335579074,46668
"(0.917655049465296, 0.9916585206907788)",1,98.5928526576008,46669
"(0.9498370804822418, 0.9873891625615764)",1,98.59272439881876,46670
"(0.987491854024112, 0.9958292603453894)",1,98.59252086613638,46671
"(0.93795454842108, 0.9873891625615764)",1,98.59245672441462,46672
"(0.8976982097186702, 1.0)",2,98.59229088111276,46674
"(0.9791258409522168, 0.9958292603453894)",1,98.59224587695893,46675
"(0.9377148530109056, 0.991206314397104)",1,98.59217036089456,46676
"(0.9746854694957162, 1.0)",1,98.59189336243696,46677
"(0.94291309888229, 0.991206314397104)",2,98.59184176129276,46679
"(0.9708855839501, 0.9958292603453894)",1,98.59173233949808,46680
"(0.970619176311776, 0.9958292603453894)",1,98.59170191212256,46681
"(0.9874877810361682, 0.9958292603453894)",1,98.5916665410068,46682
"(0.9326599326599326, 1.0)",1,98.5915824742949,46683
"(0.6786000457875457, 1.0)",1,98.59157969939204,46684
"(0.6733821733821733, 1.0)",1,98.59156888135864,46685
"(0.8885714285714285, 1.0)",1,98.59145398414417,46686
"(0.786508365740383, 0.9885557944107872)",1,98.59142132356848,46687
"(0.935159910332324, 0.9873891625615764)",1,98.59132291488572,46688
"(0.757745166550198, 1.0)",1,98.5912163933221,46689
"(0.8687499999999999, 0.988167361639188)",2,98.59108999283744,46691
"(0.983545503234046, 0.9958292603453894)",1,98.59106270310602,46692
"(0.9027777777777778, 1.0)",1,98.59101963707774,46693
"(0.6735455459483788, 0.9996210215628012)",1,98.59095484242336,46694
"(0.93773047895128, 0.9958292603453894)",2,98.59095202605448,46696
"(0.9622634791942192, 0.9958292603453894)",1,98.59094408445932,46697
"(0.8420013166556946, 1.0)",1,98.5908824687393,46698
"(0.9466127311522048, 0.991206314397104)",2,98.59071540170405,46700
"(0.7075023741690408, 1.0)",1,98.59071051565704,46701
"(0.9498370804822418, 0.9873891625615764)",1,98.59070077259383,46702
"(0.8468089381754635, 1.0)",1,98.59068834957723,46703
"(0.844988344988345, 1.0)",1,98.59059161453564,46704
"(0.913471232954048, 0.9882048106149588)",1,98.590539050756,46705
"(0.7000013129045387, 1.0)",1,98.59052394121984,46706
"(0.8615866942983156, 1.0)",1,98.5904633168009,46707
"(0.8315416458960965, 0.988167361639188)",1,98.59044501181818,46708
"(0.7979797979797979, 1.0)",1,98.59040974488022,46709
"(0.5485418203425949, 0.9992416608232524)",3,98.5902945720718,46712
"(0.9705196174266384, 0.9958292603453894)",1,98.5902884468441,46713
"(0.8471527473990528, 1.0)",1,98.59026131657,46714
"(0.861111111111111, 1.0)",1,98.59022221199488,46715
"(0.9166145507608924, 1.0)",2,98.59019942135532,46717
"(0.8879608405415911, 0.988167361639188)",1,98.59015759698836,46718
"(0.8449978636391381, 1.0)",1,98.59014129654882,46719
"(0.9623066688389268, 0.9958292603453894)",1,98.59011275770315,46720
"(1.0, 1.0)",2,98.5899780794249,46722
"(0.7090909090909091, 1.0)",1,98.58993120159955,46723
"(0.8420013166556946, 1.0)",2,98.58983707433354,46725
"(0.3690581214322782, 0.9977203590215908)",1,98.5898107180571,46726
"(0.8916052423523688, 0.9873891625615764)",1,98.58972473992368,46727
"(0.7168719671519223, 0.991206314397104)",2,98.58972419725784,46729
"(0.8158879904162925, 1.0)",1,98.58970030226337,46730
"(0.958227107069612, 0.9958292603453894)",1,98.58963232635897,46731
"(0.8483418730488175, 0.9958292603453894)",1,98.5896234898472,46732
"(0.9833229101521784, 1.0)",1,98.5895614593465,46733
"(0.8880984643179766, 1.0)",1,98.58949661817036,46734
"(0.4345640839445211, 0.9973390598305516)",1,98.58944976190912,46735
"(0.8761383419447936, 0.9873891625615764)",2,98.58941267147378,46737
"(0.9833229101521784, 1.0)",1,98.58934183646775,46738
"(0.6698155645524068, 1.0)",1,98.5892898396564,46739
"(0.9198255060602112, 0.9958292603453894)",1,98.58927716622269,46740
"(0.8449978636391381, 1.0)",1,98.5892467199091,46741
"(0.9131856219190184, 0.9958292603453894)",1,98.58921776905896,46742
"(0.9034438470728792, 0.9958292603453894)",1,98.58920901626838,46743
"(0.9326599326599326, 1.0)",1,98.58917144282998,46744
"(0.7651777469990767, 0.991206314397104)",2,98.58914532072902,46746
"(0.8761383419447936, 0.9916339869281046)",1,98.58912555109224,46747
"(0.9412964149491664, 0.9873891625615764)",1,98.58911471559313,46748
"(0.9041196741854636, 0.991206314397104)",3,98.58903070858608,46751
"(0.8976982097186702, 1.0)",1,98.58899861012618,46752
"(0.8315474711586087, 0.9958292603453894)",1,98.58896338037832,46753
"(0.9206165335472736, 0.9916585206907788)",1,98.5889112741644,46754
"(0.7786375661375661, 1.0)",1,98.58889534581246,46755
"(0.746304385688563, 1.0)",1,98.58885586620582,46756
"(0.8329050741331443, 1.0)",1,98.5888040540155,46757
"(0.4566269759061861, 0.9992416608232524)",3,98.58870507997766,46760
"(0.9161952650324744, 0.9665831244778612)",1,98.58862259331944,46761
"(0.9114218054477384, 0.9873891625615764)",1,98.5885964839878,46762
"(0.8929015655249481, 0.9958292603453894)",1,98.58854701540253,46763
"(0.9157097551404952, 0.9958292603453894)",1,98.58850561686772,46764
"(0.9293300445873568, 0.9916339869281046)",1,98.58849935113136,46765
"(0.9460182143215032, 0.9958292603453894)",1,98.58840947703186,46766
"(0.9498370804822418, 0.9873891625615764)",1,98.5883132262796,46767
"(0.9916585206907788, 0.9958292603453894)",1,98.58830844429376,46768
"(0.9326599326599326, 1.0)",2,98.58821986800264,46770
"(0.8958208965097509, 0.9958292603453894)",1,98.58821642305624,46771
"(0.8937718863178524, 0.987463247273494)",1,98.58820598734796,46772
"(0.7164894725870335, 1.0)",1,98.5881775762238,46773
"(0.8885714285714285, 1.0)",1,98.5880968634867,46774
"(0.789994229453279, 1.0)",1,98.58807323342192,46775
"(0.5910680656443368, 1.0)",1,98.58797059846276,46776
"(0.9326599326599326, 1.0)",1,98.58796359471036,46777
"(0.9580602951397298, 0.9958292603453894)",2,98.58793194327588,46779
"(0.97934925289764, 0.9958292603453894)",1,98.5879131622577,46780
"(0.8365328658269835, 0.9958292603453894)",1,98.58769396699157,46781
"(0.9665831244778612, 1.0)",1,98.58764291982584,46782
"(0.7880931329207191, 1.0)",1,98.5875706955896,46783
"(0.9126251340467026, 0.9958292603453894)",1,98.58755094282309,46784
"(0.7687400318979267, 1.0)",1,98.58753465678994,46785
"(0.9377148530109056, 0.991206314397104)",1,98.58746732747348,46786
"(0.8762860082304527, 1.0)",1,98.5874552924121,46787
"(0.9436368312757202, 0.9861673414304992)",1,98.58738419189352,46788
"(0.9665755481078062, 1.0)",1,98.58728847787368,46789
"(0.9161379295307868, 1.0)",1,98.58728086198109,46790
"(0.9293300445873568, 0.9916339869281046)",1,98.58721446944048,46791
"(0.972281746031746, 0.9861673414304992)",1,98.58712267189284,46792
"(0.8181654379194883, 1.0)",1,98.58709010126816,46793
"(0.9496114574862204, 0.9873891625615764)",1,98.58694211249018,46794
"(0.8229870141950848, 1.0)",1,98.5868380185542,46795
"(0.9833229101521784, 1.0)",1,98.58683296631568,46796
"(0.7632275132275131, 1.0)",1,98.58682538191488,46797
"(0.9874762808349148, 0.9874877810361682)",1,98.58678342384287,46798
"(0.9496114574862204, 0.9873891625615764)",1,98.5866209407442,46799
"(0.8677838677838676, 1.0)",1,98.58662056573328,46800
"(0.861111111111111, 1.0)",2,98.58659807881575,46802
"(0.8976982097186702, 1.0)",2,98.5863446016818,46804
"(0.9581458989353726, 1.0)",1,98.58632797575476,46805
"(0.9410852767304382, 0.9958292603453894)",1,98.58621783029402,46806
"(0.6733821733821733, 1.0)",1,98.58621551750586,46807
"(0.9835199925522506, 0.9958292603453894)",1,98.58617643813048,46808
"(0.7277677677677677, 1.0)",1,98.58611155699352,46809
"(0.9365496267832196, 0.9958292603453894)",1,98.5860347526924,46810
"(0.962505246140658, 0.9958292603453894)",1,98.58601937401372,46811
"(0.812557599070401, 1.0)",1,98.5858677320111,46812
"(0.837707400507675, 1.0)",1,98.58583650714311,46813
"(0.7651777469990767, 0.991206314397104)",1,98.5858344983474,46814
"(0.96220700758815, 0.9873891625615764)",1,98.5858067742887,46815
"(0.9504245882013664, 0.9958292603453894)",1,98.58576070714568,46816
"(0.9297326845255915, 0.987463247273494)",1,98.58569217530412,46817
"(0.9916625936787228, 0.9958292603453894)",1,98.58566829594372,46818
"(0.6179693015417549, 1.0)",1,98.5856677436264,46819
"(0.419237903544084, 0.9996210215628012)",3,98.58552822945484,46822
"(0.972281746031746, 0.9861310021084456)",1,98.58549198768684,46823
"(0.944563492063492, 1.0)",1,98.58537028796906,46824
"(0.8443691323092412, 0.9916585206907788)",1,98.58531300596827,46825
"(0.8065954953750508, 0.9882048106149588)",1,98.58527883949458,46826
"(0.7277677677677677, 1.0)",1,98.5852636590844,46827
"(0.9369138996969484, 0.9958292603453894)",1,98.5851095266736,46828
"(0.796353220536539, 1.0)",1,98.58503458332436,46829
"(0.4776542240827955, 1.0)",1,98.58500921587728,46830
"(0.8420013166556946, 1.0)",2,98.58489949429674,46832
"(0.9280317595086728, 0.9916666666666668)",2,98.58487619415246,46834
"(0.9128978937629072, 0.9958292603453894)",1,98.5848412377635,46835
"(0.7259777259777259, 1.0)",1,98.58478344072732,46836
"(0.8796475392220073, 1.0)",1,98.58474063273906,46837
"(0.436911946168762, 0.9973390598305516)",1,98.58473699605106,46838
"(0.9297812306740878, 1.0)",1,98.58471630671652,46839
"(0.9833040078201368, 0.9958292603453894)",1,98.58463306814244,46840
"(0.9744745723240348, 0.9958292603453894)",1,98.5845319464234,46841
"(0.8800398919491478, 0.9916585206907788)",1,98.58446798290156,46842
"(0.9253213924599162, 1.0)",1,98.58446052242736,46843
"(0.94291309888229, 0.991206314397104)",3,98.58444094648844,46846
"(0.962505246140658, 0.9958292603453894)",1,98.5844144670242,46847
"(0.8804215399610136, 0.991206314397104)",1,98.58430739150168,46848
"(0.9309821833269412, 0.988167361639188)",1,98.58421281872003,46849
"(0.9874762808349148, 0.9873484848484848)",1,98.58419839249542,46850
"(0.9749625285109156, 0.9958292603453894)",1,98.58408248195464,46851
"(0.96220700758815, 0.9873891625615764)",1,98.58391469093512,46852
"(0.9125533644430458, 0.9916339869281046)",1,98.5837138790445,46853
"(0.8471527473990528, 1.0)",1,98.5836706692243,46854
"(0.9300671002153482, 0.9861673414304992)",1,98.58358040666224,46855
"(0.6942027443208516, 0.9988619159967322)",1,98.58349077859052,46856
"(0.861111111111111, 1.0)",1,98.58346127266869,46857
"(0.3584486416678197, 0.9984817852901372)",1,98.58342770746044,46858
"(0.4867288782831281, 0.9981012669018314)",3,98.5832987632484,46861
"(0.9166145507608924, 1.0)",1,98.58328121742755,46862
"(0.9664171122994653, 0.9958292603453894)",2,98.58317017725383,46864
"(0.8229870141950848, 0.986081059422206)",1,98.58315610744626,46865
"(0.9331662489557224, 1.0)",2,98.58306194949972,46867
"(0.8249504969211211, 0.988167361639188)",1,98.58294843951911,46868
"(0.8533622685185187, 1.0)",2,98.58293145857076,46870
"(0.9958292603453894, 0.9958292603453894)",1,98.58284642658938,46871
"(0.94291309888229, 0.991206314397104)",3,98.58283830921512,46874
"(1.0, 1.0)",1,98.58280743646596,46875
"(0.4943189964157706, 1.0)",2,98.58265968188248,46877
"(0.94291309888229, 0.991206314397104)",1,98.58264011175496,46878
"(0.865581803207783, 0.991206314397104)",1,98.58256405889014,46879
"(0.944653051926493, 0.987463247273494)",1,98.5824773692124,46880
"(0.917469251615593, 0.9665831244778612)",1,98.58244812510443,46881
"(0.503442416215342, 0.9988619159967322)",3,98.58244678162228,46884
"(0.4937125269096371, 0.9996210215628012)",3,98.58241468511154,46887
"(0.9114218054477384, 0.9873891625615764)",1,98.58238401990856,46888
"(0.8420013166556946, 1.0)",1,98.58232324736258,46889
"(0.8165509259259259, 1.0)",1,98.5822749143386,46890
"(0.8222222222222222, 1.0)",1,98.58224662845883,46891
"(0.918885978605481, 0.9873891625615764)",1,98.58197550337826,46892
"(0.9027777777777778, 0.986081059422206)",1,98.58183210150648,46893
"(0.9205517358458536, 0.9873891625615764)",1,98.5817531652838,46894
"(0.9833229101521784, 1.0)",1,98.58174251044616,46895
"(0.9743030741133208, 0.9958292603453894)",1,98.58169753297256,46896
"(0.9666562434855118, 1.0)",1,98.58157876411546,46897
"(0.944563492063492, 1.0)",1,98.58152910882912,46898
"(0.916104916104916, 1.0)",1,98.58152813256666,46899
"(0.8997493734335841, 1.0)",1,98.58150721885832,46900
"(0.8974984433303618, 0.9873891625615764)",1,98.58148148451374,46901
"(0.8687499999999999, 0.988167361639188)",1,98.5814800528631,46902
"(0.9333333333333332, 1.0)",1,98.5814765880762,46903
"(0.6460231360441068, 0.9992416608232524)",1,98.5814571758152,46904
"(0.7083333333333334, 1.0)",1,98.5812381330674,46905
"(0.8137566137566138, 1.0)",1,98.5811984365312,46906
"(0.8552744708994707, 1.0)",1,98.58116261599008,46907
"(0.738145558145558, 1.0)",1,98.58111004750543,46908
"(0.9496114574862204, 0.9873891625615764)",1,98.58107654074136,46909
"(0.9454999712494968, 0.9958292603453894)",1,98.58099389555916,46910
"(0.9282083232965586, 0.9916339869281046)",2,98.58092549529891,46912
"(0.930124456440246, 1.0)",1,98.58091847039329,46913
"(0.9262130464282252, 0.991206314397104)",1,98.58089072023569,46914
"(0.8840455840455841, 1.0)",1,98.5808826009834,46915
"(0.9370337013190184, 0.9916339869281046)",1,98.58083760302472,46916
"(0.9293300445873568, 0.9873891625615764)",1,98.5808111223352,46917
"(0.9499687304565352, 1.0)",2,98.58075685199448,46919
"(0.8552744708994707, 1.0)",1,98.58066701334246,46920
"(0.8312205288949474, 1.0)",1,98.58064766603542,46921
"(0.9442283950617284, 0.986081059422206)",1,98.58061038255936,46922
"(0.7277677677677677, 1.0)",1,98.5805832435088,46923
"(0.9916666666666668, 0.9958292603453894)",1,98.58051322219232,46924
"(0.8177442148030384, 1.0)",1,98.5804522575133,46925
"(0.9165164082221422, 0.986081059422206)",1,98.5804400632376,46926
"(0.9169719169719168, 1.0)",1,98.58040308017686,46927
"(0.9125533644430458, 0.9873891625615764)",1,98.58039671867408,46928
"(0.8976982097186702, 1.0)",1,98.58030055642608,46929
"(0.7802197802197803, 1.0)",1,98.5802622967736,46930
"(0.8879365079365079, 1.0)",1,98.58017848982608,46931
"(0.8942622047218923, 0.9873891625615764)",1,98.579997931514,46932
"(0.8112275321577646, 0.9882048106149588)",1,98.57999362075684,46933
"(0.8660327643487228, 0.988167361639188)",1,98.57998445502636,46934
"(0.9441792447111594, 1.0)",1,98.579980294621,46935
"(0.9243707071934514, 0.9873891625615764)",1,98.57994334849668,46936
"(0.9322127672355596, 0.9958292603453894)",1,98.5799332166575,46937
"(0.806589620543109, 0.9882048106149588)",1,98.57990173897652,46938
"(0.9418479305417444, 0.988167361639188)",1,98.57987117338872,46939
"(0.6747507742934573, 1.0)",1,98.57984575928036,46940
"(0.861111111111111, 1.0)",1,98.5797561514187,46941
"(0.9441792447111594, 1.0)",2,98.5797555784067,46943
"(0.9403679612329746, 0.9873891625615764)",1,98.5797042980348,46944
"(0.9165164082221422, 1.0)",2,98.57969959559315,46946
"(0.8208994708994709, 1.0)",1,98.5796239866441,46947
"(1.0, 1.0)",1,98.57949843948236,46948
"(0.9199973910846122, 0.9873891625615764)",1,98.5794271598813,46949
"(0.901575014782562, 0.986081059422206)",1,98.57919724837105,46950
"(0.4268899127926591, 0.9992416608232524)",3,98.57918747418428,46953
"(0.8760238095238095, 0.9958292603453894)",1,98.57918200956294,46954
"(0.8970129352925051, 0.9873891625615764)",1,98.57912625065586,46955
"(0.9167853751187084, 1.0)",1,98.5790732092951,46956
"(0.8165520116739629, 1.0)",1,98.57905300679823,46957
"(0.9160443135108448, 0.9873891625615764)",1,98.57894663703723,46958
"(0.93795454842108, 0.9873891625615764)",1,98.5789190371368,46959
"(0.9166145507608924, 1.0)",1,98.5789176144695,46960
"(0.9874877810361682, 0.9958292603453894)",1,98.5787680581637,46961
"(0.8222222222222222, 1.0)",1,98.57862378433624,46962
"(0.8158879904162925, 1.0)",2,98.57859550411465,46964
"(0.7030539311241066, 1.0)",1,98.578519046363,46965
"(0.93795454842108, 0.9873891625615764)",1,98.57848390563092,46966
"(0.8483418730488175, 0.9958292603453894)",1,98.5784793166332,46967
"(0.934052618378994, 0.9873891625615764)",1,98.57847597470212,46968
"(0.958227107069612, 0.9958292603453894)",1,98.5783154801203,46969
"(0.865581803207783, 0.991206314397104)",1,98.57825095405532,46970
"(0.9293300445873568, 0.9873891625615764)",1,98.57816444356102,46971
"(0.6804620726495727, 0.986081059422206)",2,98.57810862887094,46973
"(0.9057330122004186, 0.991206314397104)",1,98.57802639155626,46974
"(0.7903875985986362, 1.0)",1,98.57802120929182,46975
"(0.987491854024112, 0.9958292603453894)",1,98.57796091325793,46976
"(0.9228120179844318, 0.9873891625615764)",1,98.5779025549295,46977
"(0.9622634791942192, 0.9916585206907788)",2,98.57787120699255,46979
"(0.9441792447111594, 1.0)",1,98.57785156516653,46980
"(0.8374727668845315, 1.0)",1,98.57779236846652,46981
"(0.940928587432546, 0.987463247273494)",2,98.57778206202084,46983
"(0.6544644252235129, 1.0)",1,98.57776392607772,46984
"(0.7713401051412279, 1.0)",1,98.5776234974666,46985
"(0.9309821833269412, 0.988167361639188)",1,98.57760282741576,46986
"(0.9498370804822418, 0.9873891625615764)",1,98.57755188616876,46987
"(0.6544644252235129, 1.0)",1,98.577475219727,46988
"(0.859499940327008, 1.0)",1,98.57743041633756,46989
"(0.9295946890286512, 1.0)",1,98.57742377226576,46990
"(0.617513611615245, 1.0)",1,98.57741572849628,46991
"(0.3974337753332183, 0.9996210215628012)",3,98.57740187207432,46994
"(0.8506653943511476, 0.991206314397104)",1,98.57731514310056,46995
"(0.9034438470728792, 0.9958292603453894)",1,98.57730871943136,46996
"(0.7453091184935634, 0.991206314397104)",1,98.57724356811303,46997
"(0.9444901834607716, 0.986081059422206)",1,98.5772270694247,46998
"(0.961552316099405, 0.9958292603453894)",1,98.57720728134736,46999
"(0.3690581214322782, 0.9996210215628012)",3,98.57714127301412,47002
"(0.9303715638302106, 1.0)",1,98.57712331035113,47003
"(0.9412964149491664, 0.9873891625615764)",1,98.57706130904752,47004
"(0.7711781618000022, 1.0)",1,98.57693223615595,47005
"(0.9833229101521784, 1.0)",1,98.576923423827,47006
"(0.9584987529902784, 1.0)",1,98.5769215368558,47007
"(0.9199973910846122, 0.9873891625615764)",2,98.57686188523624,47009
"(0.9958292603453894, 0.9958292603453894)",1,98.57655608706897,47010
"(0.9435817855979146, 0.9792406033772256)",1,98.57655303650398,47011
"(0.7121693121693121, 1.0)",1,98.57650745950156,47012
"(0.9618291283060416, 0.9831777451938742)",1,98.5763948372345,47013
"(0.9205517358458536, 0.9873891625615764)",2,98.57628079770669,47015
"(0.8158879904162925, 1.0)",1,98.5762265101533,47016
"(0.8300265307680562, 1.0)",1,98.57615548972323,47017
"(0.9157097551404952, 0.9958292603453894)",1,98.57614830155556,47018
"(0.5005466528962331, 0.9996210215628012)",3,98.57613065574188,47021
"(0.97934925289764, 0.9916666666666668)",1,98.5761284275749,47022
"(0.9377148530109056, 0.991206314397104)",1,98.57603120805902,47023
"(0.6575398846941737, 1.0)",1,98.57596794474097,47024
"(0.3262466548275309, 0.9996210215628012)",3,98.57576303132478,47027
"(0.7545469576719577, 1.0)",1,98.57571681266391,47028
"(0.9958292603453894, 0.9958292603453894)",1,98.57571140229948,47029
"(0.8310777799491891, 0.9882048106149588)",1,98.57568296690648,47030
"(0.9068759224041408, 0.9916339869281046)",1,98.57567004671677,47031
"(0.8804215399610136, 0.991206314397104)",1,98.57562632322042,47032
"(0.9199973910846122, 0.9916339869281046)",1,98.5755480481349,47033
"(0.9490213526488036, 0.9958292603453894)",1,98.5755476709999,47034
"(0.9295946890286512, 1.0)",1,98.57549453955995,47035
"(0.9009287520039462, 1.0)",1,98.5754432796094,47036
"(0.9009287520039462, 1.0)",1,98.57510161839193,47037
"(0.972281746031746, 0.9861673414304992)",1,98.57503772404162,47038
"(0.7083333333333334, 1.0)",1,98.575,47039
"(0.9498370804822418, 0.9873891625615764)",1,98.5749873527849,47040
"(0.9114218054477384, 0.9873891625615764)",1,98.57496015723122,47041
"(0.9332172991312776, 0.9916585206907788)",1,98.5749355916348,47042
"(0.9262130464282252, 0.991206314397104)",1,98.57485284764228,47043
"(0.9374843410636878, 0.9789043140767278)",1,98.57478110891792,47044
"(0.8958208965097509, 0.9958292603453894)",1,98.57474045951317,47045
"(0.9034438470728792, 0.9916585206907788)",1,98.57468666266097,47046
"(0.8432903075760217, 1.0)",2,98.5746636961477,47048
"(0.8587708587708588, 1.0)",1,98.574615868706,47049
"(0.987463247273494, 0.9958292603453894)",1,98.5746045691277,47050
"(0.7946380416968652, 0.9958292603453894)",2,98.57453482874344,47052
"(0.6575398846941737, 1.0)",1,98.57444389531042,47053
"(0.8112275321577646, 1.0)",1,98.5744437713031,47054
"(0.9326599326599326, 1.0)",1,98.5744393288548,47055
"(0.93795454842108, 0.9873891625615764)",2,98.57439448364512,47057
"(0.9749706744868036, 0.9958292603453894)",1,98.57436153012456,47058
"(0.6056395293929532, 0.9992416608232524)",1,98.57433345357326,47059
"(0.944073617452092, 0.986081059422206)",1,98.57430821224013,47060
"(0.9790693693461476, 0.9958292603453894)",1,98.57430310565348,47061
"(0.4943189964157706, 1.0)",1,98.57427895994432,47062
"(0.8929015655249481, 0.9958292603453894)",1,98.57413054004044,47063
"(0.9833229101521784, 1.0)",1,98.57410947421064,47064
"(0.7675138481590094, 1.0)",2,98.57399921269442,47066
"(0.979051756240299, 1.0)",1,98.57395919396892,47067
"(0.9300671002153482, 0.9861673414304992)",1,98.5739234787993,47068
"(0.9293300445873568, 0.9873891625615764)",1,98.57389098459062,47069
"(0.8449978636391381, 0.9882048106149588)",1,98.5738140807036,47070
"(0.9303715638302106, 1.0)",2,98.57379397667376,47072
"(0.9230468061350414, 0.987463247273494)",2,98.57366475450232,47074
"(0.8280121312379377, 1.0)",1,98.57349223701276,47075
"(0.9436368312757202, 0.9861673414304992)",2,98.57348683924616,47077
"(0.8420013166556946, 1.0)",1,98.57332548971986,47078
"(0.7075825156110616, 0.991206314397104)",1,98.57329541245768,47079
"(0.4747763864042934, 1.0)",1,98.57325268233042,47080
"(0.861111111111111, 1.0)",1,98.57316498563532,47081
"(0.836047207956091, 0.988167361639188)",2,98.5730761225836,47083
"(0.9665831244778612, 1.0)",1,98.57306542773426,47084
"(0.9916585206907788, 0.9958292603453894)",1,98.57305046016538,47085
"(0.9750072792119512, 1.0)",1,98.57300601295468,47086
"(0.8294970161977834, 1.0)",2,98.57280750212698,47088
"(0.9958292603453894, 1.0)",1,98.57274784512892,47089
"(0.812557599070401, 1.0)",1,98.57269384534298,47090
"(0.73687720936437, 0.9833229101521784)",1,98.57262779268756,47091
"(0.7687400318979267, 1.0)",1,98.57256493529717,47092
"(0.7168719671519223, 0.991206314397104)",1,98.57255659302425,47093
"(0.9788980434141724, 0.9958292603453894)",1,98.57245472053746,47094
"(0.9833211143695014, 1.0)",1,98.5724196419842,47095
"(0.920238255356524, 0.9916339869281046)",1,98.57235609844123,47096
"(0.9622634791942192, 0.987495927012056)",1,98.57221688399147,47097
"(0.9916585206907788, 0.9958292603453894)",1,98.57220952616268,47098
"(0.8360150146960627, 0.9958292603453894)",1,98.57215998495128,47099
"(0.9269606362629618, 0.988167361639188)",1,98.57181706036867,47100
"(0.8997493734335841, 1.0)",1,98.5716870321223,47101
"(0.8666666666666667, 1.0)",1,98.57167696196862,47102
"(0.8736897274633123, 1.0)",2,98.57164735588262,47104
"(0.9665831244778612, 1.0)",1,98.57160453214908,47105
"(0.8942622047218923, 0.9873891625615764)",1,98.5715350517982,47106
"(0.9161952650324744, 0.9665831244778612)",1,98.5713030683856,47107
"(0.835848883169409, 0.988167361639188)",1,98.5711922326812,47108
"(0.975479255167798, 0.9958292603453894)",1,98.57115133877002,47109
"(0.8947046219773493, 0.988167361639188)",2,98.57111258672596,47111
"(0.902012682657844, 0.9958292603453894)",2,98.57109896306254,47113
"(0.7675138481590094, 0.986081059422206)",1,98.57107954936788,47114
"(0.9436368312757202, 0.9861310021084456)",1,98.57105538529214,47115
"(0.934052618378994, 0.9873891625615764)",1,98.57104339339274,47116
"(0.9126251340467026, 0.9916585206907788)",1,98.57092922106874,47117
"(0.4037090566294931, 0.9981012669018314)",1,98.57088492458604,47118
"(0.9280317595086728, 0.9916585206907788)",1,98.57082711087496,47119
"(0.8420013166556946, 1.0)",1,98.57077682432782,47120
"(0.8732774170274171, 1.0)",1,98.57064466488109,47121
"(0.9295946890286512, 1.0)",1,98.57060260048604,47122
"(0.987463247273494, 0.9958292603453894)",1,98.57058898125368,47123
"(0.4776542240827955, 1.0)",1,98.57053810517272,47124
"(0.7545469576719577, 1.0)",1,98.57052871229888,47125
"(0.9916625936787228, 0.9958292603453894)",1,98.57044600722892,47126
"(0.4495135398715946, 0.9973390598305516)",1,98.57044436168972,47127
"(0.7965746171391332, 1.0)",1,98.57042859323955,47128
"(0.6907243513029603, 1.0)",1,98.57042716760532,47129
"(0.5073536286909905, 0.9996210215628012)",3,98.57034817781154,47132
"(0.9299507899507898, 0.986081059422206)",1,98.5703191683078,47133
"(0.8717520170461346, 0.9958292603453894)",2,98.570167314261,47135
"(0.9504245882013664, 0.9958292603453894)",1,98.5700634584426,47136
"(0.6609152288072019, 1.0)",1,98.5697284671921,47137
"(0.8970129352925051, 0.9873891625615764)",1,98.56945662622304,47138
"(0.9746535316523212, 0.9958292603453894)",1,98.56945515041778,47139
"(0.8840048840048841, 1.0)",1,98.56939928202398,47140
"(0.8315416458960965, 0.988167361639188)",1,98.5692955297942,47141
"(0.8222222222222222, 1.0)",1,98.56912304181796,47142
"(0.7083333333333334, 1.0)",1,98.5690939559077,47143
"(0.5049504801920769, 0.9975000781372088)",1,98.56908430371888,47144
"(0.9280317595086728, 0.9958292603453894)",1,98.56904981152672,47145
"(0.8137865219658889, 0.9833229101521784)",1,98.5689399427768,47146
"(0.861111111111111, 1.0)",1,98.56888952182156,47147
"(0.9833229101521784, 1.0)",2,98.56876245797288,47149
"(0.7168719671519223, 0.991206314397104)",1,98.56874973928194,47150
"(0.8600291387756281, 0.9958292603453894)",1,98.56869957404938,47151
"(0.917655049465296, 0.9958292603453894)",1,98.56868469193778,47152
"(0.8974984433303618, 0.9873891625615764)",1,98.56866364909676,47153
"(0.8976982097186702, 1.0)",1,98.56861410492569,47154
"(0.9114218054477384, 0.9873891625615764)",1,98.56861265290588,47155
"(0.920238255356524, 0.9958292603453894)",1,98.56857442286636,47156
"(0.9664171122994653, 0.9958292603453894)",1,98.5684462201347,47157
"(0.8478418336329888, 0.991206314397104)",1,98.5683621921938,47158
"(0.6050868628167587, 0.9992416608232524)",3,98.56823445854292,47161
"(0.9308677886724928, 1.0)",1,98.5681528624889,47162
"(0.7802197802197803, 1.0)",1,98.56815090221178,47163
"(0.9833229101521784, 1.0)",1,98.56792422439383,47164
"(0.738145558145558, 1.0)",1,98.5679190222274,47165
"(0.9418479305417444, 0.988167361639188)",1,98.56788392713864,47166
"(0.5910680656443368, 1.0)",1,98.56787917858703,47167
"(0.8053381731676306, 1.0)",1,98.56785438336595,47168
"(0.9279680209218476, 0.9958292603453894)",1,98.56784898751069,47169
"(0.9441792447111594, 1.0)",1,98.56776737911272,47170
"(0.9833229101521784, 1.0)",1,98.5676399837952,47171
"(0.8676532769556025, 1.0)",1,98.5675505624826,47172
"(0.9299160159815896, 1.0)",2,98.56754809478456,47174
"(0.7042648709315374, 1.0)",1,98.56753367392967,47175
"(0.6521663785997688, 1.0)",1,98.5674795387162,47176
"(0.7574146783449108, 0.9882048106149588)",1,98.56746750141552,47177
"(0.8942622047218923, 0.9873891625615764)",1,98.5674670161439,47178
"(0.503442416215342, 0.9981012669018314)",1,98.56743529350524,47179
"(0.9442283950617284, 1.0)",1,98.5674189802674,47180
"(0.8796475392220073, 1.0)",1,98.56741759591814,47181
"(0.9916585206907788, 0.9958292603453894)",1,98.56741687147488,47182
"(0.9466127311522048, 0.991206314397104)",1,98.56741598990811,47183
"(0.555320102908265, 0.9984817852901372)",3,98.56735904119628,47186
"(0.9309821833269412, 0.988167361639188)",1,98.56735155097924,47187
"(0.94291309888229, 0.991206314397104)",1,98.56726353018644,47188
"(0.8374727668845315, 1.0)",2,98.56717979930689,47190
"(0.9205517358458536, 0.9873891625615764)",1,98.56709614486692,47191
"(0.8879608405415911, 0.988167361639188)",2,98.5670750582152,47193
"(1.0, 1.0)",1,98.56705902063192,47194
"(0.8533622685185187, 1.0)",1,98.56695548314364,47195
"(0.5131569832583307, 1.0)",1,98.56692592186536,47196
"(0.8928598364786969, 0.9958292603453894)",1,98.56689016136131,47197
"(0.8483418730488175, 0.9958292603453894)",1,98.5668894430365,47198
"(0.9299507899507898, 1.0)",1,98.56673776032038,47199
"(0.8341307814992026, 0.9833229101521784)",1,98.56660925723828,47200
"(1.0, 1.0)",2,98.56658479228057,47202
"(0.9192093318943212, 0.9882048106149588)",1,98.56655705115568,47203
"(0.9157097551404952, 0.9958292603453894)",1,98.56655508640836,47204
"(0.9309821833269412, 0.988167361639188)",1,98.56648682246096,47205
"(0.9832925076188832, 0.9958292603453894)",1,98.56645898572104,47206
"(1.0, 1.0)",1,98.56638246765066,47207
"(0.958422459893048, 1.0)",1,98.5663513859367,47208
"(0.9833229101521784, 1.0)",1,98.5662898603162,47209
"(0.966870220228854, 0.9873891625615764)",1,98.56614187437948,47210
"(0.837707400507675, 1.0)",1,98.56613116581995,47211
"(0.9833229101521784, 1.0)",1,98.56606765079164,47212
"(0.7965746171391332, 1.0)",1,98.56599331476924,47213
"(0.9326599326599326, 1.0)",2,98.56597241963097,47215
"(0.8365328658269835, 0.9958292603453894)",1,98.56594085118532,47216
"(0.8810064268049709, 0.991206314397104)",1,98.56588440449842,47217
"(0.2372024545510323, 0.9988619159967322)",3,98.56585991671588,47220
"(0.9622634791942192, 0.9958292603453894)",1,98.56584540096124,47221
"(0.8947046219773493, 0.988167361639188)",1,98.56582873667114,47222
"(0.893146638589877, 0.9882048106149588)",1,98.5658254352311,47223
"(0.868077055383557, 1.0)",2,98.56582335459925,47225
"(0.9499687304565352, 0.9833229101521784)",1,98.56577027308738,47226
"(0.9326599326599326, 1.0)",1,98.56571212293868,47227
"(0.8613656783468103, 1.0)",1,98.56563038620584,47228
"(0.9369138996969484, 0.9958292603453894)",1,98.56562280183157,47229
"(0.8483418730488175, 0.9958292603453894)",1,98.56561859330634,47230
"(0.8420013166556946, 1.0)",1,98.56560036917304,47231
"(0.93795454842108, 0.9873891625615764)",1,98.56552873237013,47232
"(1.0, 1.0)",1,98.56551948978134,47233
"(0.8064997018485391, 0.988167361639188)",1,98.5655178988346,47234
"(0.9157097551404952, 0.9958292603453894)",1,98.56539543716622,47235
"(0.4514795008912656, 0.9987499746026686)",1,98.56529231849852,47236
"(0.8947046219773493, 0.988167361639188)",1,98.56528888684475,47237
"(0.8974984433303618, 0.9873891625615764)",1,98.56523158171,47238
"(0.9369808292429718, 0.9958292603453894)",2,98.56519506968722,47240
"(0.917415489944373, 1.0)",1,98.56510741702849,47241
"(0.8976982097186702, 1.0)",1,98.56510201452792,47242
"(0.9230468061350414, 0.9834113430318364)",1,98.56509808254977,47243
"(0.7673678366541239, 0.9882048106149588)",1,98.56506162298592,47244
"(0.9412964149491664, 0.9873891625615764)",2,98.56504968068276,47246
"(0.8552744708994707, 1.0)",1,98.56499235643524,47247
"(0.8222222222222222, 1.0)",1,98.56495500173293,47248
"(0.9008627640703112, 0.986081059422206)",2,98.56495294891184,47250
"(0.8653198653198653, 1.0)",1,98.56478029233482,47251
"(0.962505246140658, 0.9958292603453894)",1,98.5646558788913,47252
"(0.9297812306740878, 1.0)",2,98.56451931235742,47254
"(0.9441792447111594, 0.986081059422206)",1,98.5644981957488,47255
"(0.9504245882013664, 0.9916585206907788)",1,98.56448252366567,47256
"(0.8329050741331443, 1.0)",1,98.56439119931984,47257
"(0.6907243513029603, 1.0)",1,98.56435941999192,47258
"(0.8935211759471547, 0.9916339869281046)",1,98.56423744082254,47259
"(0.9297812306740878, 1.0)",1,98.56404006010744,47260
"(0.9262130464282252, 0.991206314397104)",1,98.5639928102874,47261
"(0.9295946890286512, 1.0)",1,98.56397260318728,47262
"(0.6544644252235129, 1.0)",1,98.56393126750822,47263
"(0.7168719671519223, 0.991206314397104)",1,98.56376405332524,47264
"(0.930704099821747, 0.986081059422206)",3,98.56373334354276,47267
"(0.9756244289830628, 0.9958292603453894)",1,98.56360469207624,47268
"(0.8942622047218923, 0.9873891625615764)",1,98.56346991241108,47269
"(0.861111111111111, 1.0)",1,98.56330491231374,47270
"(0.9916585206907788, 0.9958292603453894)",1,98.56326788056568,47271
"(0.9418479305417444, 0.988167361639188)",2,98.5632535506116,47273
"(1.0, 1.0)",1,98.56308330725528,47274
"(0.7524760273298283, 0.991206314397104)",1,98.56305661862542,47275
"(0.8796475392220073, 1.0)",2,98.56299290860784,47277
"(0.9412964149491664, 0.9873891625615764)",1,98.56285984960516,47278
"(0.8717520170461346, 0.9958292603453894)",1,98.5628205280379,47279
"(0.786508365740383, 1.0)",1,98.56281145469735,47280
"(0.4039045743444857, 1.0)",1,98.56273771563568,47281
"(0.9326599326599326, 1.0)",1,98.56267236697718,47282
"(0.8796475392220073, 1.0)",1,98.5625496671468,47283
"(0.7711781618000022, 1.0)",1,98.56252374543526,47284
"(0.9666562434855118, 1.0)",2,98.5625076764027,47286
"(0.8694224991654613, 0.988167361639188)",1,98.56248360416308,47287
"(0.5073536286909905, 0.9981012669018314)",1,98.56247690113166,47288
"(0.9309821833269412, 0.988167361639188)",2,98.56246735149712,47290
"(0.917655049465296, 0.9958292603453894)",1,98.5623451172172,47291
"(0.7545469576719577, 1.0)",1,98.56230047997504,47292
"(0.9666562434855118, 1.0)",1,98.562285191737,47293
"(0.91326516498939, 0.9916339869281046)",2,98.56213747492892,47295
"(0.8745860467551234, 0.9958292603453894)",1,98.56195307637208,47296
"(0.7340930674264006, 1.0)",1,98.56192634525968,47297
"(0.7545469576719577, 1.0)",1,98.56188415409444,47298
"(0.8558955563806776, 0.9958292603453894)",1,98.5616057629625,47299
"(0.9228120179844318, 0.9873891625615764)",1,98.56159718079611,47300
"(0.97495917428555, 0.9958292603453894)",1,98.56156431802997,47301
"(0.983305541180304, 0.9958292603453894)",1,98.56153873002928,47302
"(0.9114218054477384, 0.9873891625615764)",1,98.56144977085056,47303
"(0.7965746171391332, 1.0)",1,98.56142086691284,47304
"(0.4776542240827955, 1.0)",1,98.5613813226823,47305
"(0.9831777451938742, 0.9958292603453894)",1,98.56135105197912,47306
"(0.6575398846941737, 1.0)",1,98.56116079514857,47307
"(0.3317695658368551, 0.9988619159967322)",3,98.56114468505557,47310
"(1.0, 1.0)",2,98.56112632378412,47312
"(0.6215073982652175, 1.0)",1,98.56111381122042,47313
"(0.8928598364786969, 0.9916585206907788)",1,98.56107815913929,47314
"(0.9125533644430458, 0.9916339869281046)",1,98.56104824395804,47315
"(0.6052212368618619, 0.9992416608232524)",3,98.56102027262855,47318
"(0.4039045743444857, 1.0)",1,98.56101171941415,47319
"(0.5070372093557577, 1.0)",1,98.5609841868205,47320
"(0.9876106894370652, 0.9958292603453894)",1,98.56087452293252,47321
"(0.9444901834607716, 0.9861673414304992)",1,98.560862941516,47322
"(0.972281746031746, 0.9861673414304992)",1,98.5608469739674,47323
"(0.9916585206907788, 0.9958292603453894)",1,98.56081628777596,47324
"(0.6784722222222224, 1.0)",1,98.5607864235492,47325
"(0.9333333333333332, 1.0)",2,98.56078287427208,47327
"(0.9876066164491212, 0.9958292603453894)",1,98.56076464083102,47328
"(0.91326516498939, 0.9873891625615764)",1,98.5605979449968,47329
"(0.9326599326599326, 1.0)",1,98.5605474816746,47330
"(0.9625114955760116, 0.9958292603453894)",1,98.56052192208266,47331
"(0.9658159033159032, 0.9958292603453894)",1,98.56037448838347,47332
"(0.8249504969211211, 0.988167361639188)",1,98.56033819411208,47333
"(0.4369316957552253, 1.0)",2,98.5603195557714,47335
"(0.9300671002153482, 0.9861673414304992)",1,98.56030885616212,47336
"(0.9876221896383188, 0.9958292603453894)",1,98.56027205452776,47337
"(0.8533622685185187, 1.0)",1,98.5601474323193,47338
"(0.9707136080238548, 0.9916666666666668)",1,98.5601292160984,47339
"(0.9833229101521784, 1.0)",1,98.56011916376652,47340
"(0.8996392387758612, 0.987463247273494)",1,98.56008735553787,47341
"(0.8974984433303618, 0.9873891625615764)",1,98.56000065246296,47342
"(0.7673678366541239, 1.0)",1,98.559944089246,47343
"(0.9436368312757202, 0.9861673414304992)",1,98.55993691068684,47344
"(0.9874762808349148, 0.9958292603453894)",1,98.55990463611766,47345
"(0.9300671002153482, 0.9861673414304992)",1,98.55988664073176,47346
"(0.9833229101521784, 1.0)",2,98.55974109966044,47348
"(0.8814814814814814, 1.0)",1,98.55972383569174,47349
"(0.8294970161977834, 1.0)",2,98.55970403484947,47351
"(0.9466127311522048, 0.991206314397104)",1,98.55968996328151,47352
"(0.9497171590194846, 1.0)",1,98.5595011142353,47353
"(0.9412964149491664, 0.9873891625615764)",1,98.55930802150702,47354
"(0.8942622047218923, 0.9873891625615764)",1,98.55923835795096,47355
"(0.8817656528001355, 0.9916339869281046)",1,98.55918533436792,47356
"(0.9747273037595618, 0.9958292603453894)",1,98.55908711056637,47357
"(0.9916585206907788, 0.9958292603453894)",1,98.55905822660183,47358
"(0.9516794286955578, 0.9958292603453894)",1,98.55904086709576,47359
"(0.835848883169409, 0.988167361639188)",1,98.5590189481841,47360
"(0.9166682405676116, 1.0)",1,98.55896860036624,47361
"(0.8495378883833893, 0.9916585206907788)",1,98.55896330678664,47362
"(0.8506653943511476, 0.991206314397104)",1,98.55889195258897,47363
"(0.7713401051412279, 1.0)",1,98.55888651237288,47364
"(0.7524760273298283, 0.991206314397104)",1,98.55882533567237,47365
"(0.9436368312757202, 0.9861673414304992)",2,98.55875901895234,47367
"(0.9498370804822418, 0.9873891625615764)",1,98.55866386835918,47368
"(0.7673678366541239, 1.0)",1,98.5585199549268,47369
"(0.9833211143695014, 1.0)",1,98.55839915260432,47370
"(0.9205517358458536, 0.9958292603453894)",1,98.55829937254713,47371
"(0.920238255356524, 0.9834113430318364)",2,98.55828392093107,47373
"(0.9584987529902784, 1.0)",2,98.55824723059928,47375
"(0.8885714285714285, 1.0)",1,98.55823665092984,47376
"(0.8316498316498316, 0.9665831244778612)",1,98.55819098028157,47377
"(0.9791102677630192, 0.9958292603453894)",1,98.55817064657283,47378
"(0.90650529457547, 0.9873891625615764)",1,98.55816281048534,47379
"(0.9833080808080809, 0.9958292603453894)",1,98.55807643535675,47380
"(0.9442283950617284, 1.0)",2,98.55806610513848,47382
"(0.8222222222222222, 0.9833229101521784)",1,98.5579693838225,47383
"(0.9580602951397298, 0.9958292603453894)",1,98.55794180966268,47384
"(0.4495135398715946, 0.9992416608232524)",1,98.5578777449616,47385
"(0.9282083232965586, 0.9873891625615764)",1,98.55778207277362,47386
"(0.6698155645524068, 0.9833229101521784)",1,98.55776594504847,47387
"(0.917849761232425, 0.9882048106149588)",1,98.55767625647265,47388
"(0.9444901834607716, 0.9861310021084456)",1,98.55761513848904,47389
"(0.8166903745851114, 0.9833229101521784)",1,98.55761320870438,47390
"(0.808446455505279, 1.0)",1,98.55755134196572,47391
"(0.9744745723240348, 0.9958292603453894)",1,98.55751697584364,47392
"(0.91326516498939, 0.9873891625615764)",1,98.55749466894666,47393
"(0.9916585206907788, 0.9958292603453894)",1,98.5573850752106,47394
"(0.94291309888229, 0.991206314397104)",1,98.55738386328449,47395
"(0.9834358767945106, 0.9958292603453894)",1,98.55731882643252,47396
"(0.9384174012481092, 0.9958292603453894)",1,98.55728794861894,47397
"(0.9125533644430458, 0.9873891625615764)",1,98.55728298288425,47398
"(0.9243707071934514, 0.9916339869281046)",1,98.55718917772624,47399
"(0.9496114574862204, 0.9873891625615764)",1,98.55705957468948,47400
"(0.8101143854687974, 0.986081059422206)",3,98.5570327900399,47403
"(0.9583930063253372, 1.0)",1,98.55697604109208,47404
"(0.9041196741854636, 0.991206314397104)",1,98.55690061979006,47405
"(0.9490213526488036, 0.9958292603453894)",1,98.5568621808328,47406
"(0.9436368312757202, 0.9861310021084456)",1,98.55684806831226,47407
"(0.9916585206907788, 0.9958292603453894)",1,98.55684016245246,47408
"(0.8329156223893065, 1.0)",1,98.55666016052062,47409
"(0.8996392387758612, 0.9873891625615764)",1,98.55663452825672,47410
"(0.9496114574862204, 0.9916339869281046)",1,98.55659247688224,47411
"(0.9618291283060416, 0.9873444118605408)",1,98.55657960346046,47412
"(0.9506533178503804, 1.0)",1,98.55652582630847,47413
"(0.861111111111111, 1.0)",2,98.55648789578748,47415
"(0.8471527473990528, 1.0)",1,98.55641614972822,47416
"(0.5981266189834885, 0.9992416608232524)",3,98.5564078210214,47419
"(0.9299160159815896, 1.0)",1,98.55618336501485,47420
"(0.893146638589877, 0.9882048106149588)",1,98.55617616463891,47421
"(0.961552316099405, 0.9958292603453894)",1,98.55612839957686,47422
"(0.9750943974852894, 0.9958292603453894)",1,98.55600644023984,47423
"(0.950175761409158, 0.987463247273494)",2,98.55578112557316,47425
"(0.987463247273494, 0.958781465002266)",1,98.55575460644911,47426
"(0.6698155645524068, 1.0)",1,98.55574859007642,47427
"(0.9326599326599326, 1.0)",1,98.5556978913322,47428
"(0.7168719671519223, 0.991206314397104)",1,98.55568590389336,47429
"(0.8697983697983697, 1.0)",1,98.55564680305876,47430
"(0.9499631719745572, 0.9832184229069656)",1,98.55559319861548,47431
"(0.9303715638302106, 1.0)",1,98.55547409677938,47432
"(0.9157097551404952, 0.9958292603453894)",1,98.55545646208452,47433
"(0.7903875985986362, 1.0)",1,98.5553537954914,47434
"(0.958319976073035, 0.9916585206907788)",1,98.55532878949288,47435
"(0.640026163990047, 0.9992416608232524)",1,98.55521505533774,47436
"(0.4943189964157706, 1.0)",1,98.55521370039286,47437
"(0.8879608405415911, 0.988167361639188)",1,98.55512029512516,47438
"(0.8687499999999999, 0.988167361639188)",1,98.5550128167154,47439
"(0.8879608405415911, 0.988167361639188)",1,98.55497928253432,47440
"(0.8929015655249481, 0.9916585206907788)",2,98.5549570788178,47442
"(0.9831777451938742, 0.9958292603453894)",1,98.5549498633559,47443
"(0.8495378883833893, 0.9958292603453894)",1,98.55494511242952,47444
"(0.979055829228243, 0.9916666666666668)",1,98.5549209068484,47445
"(0.8229870141950848, 1.0)",1,98.55491745827278,47446
"(0.9384174012481092, 0.9958292603453894)",1,98.55491268140436,47447
"(0.6215073982652175, 1.0)",1,98.55486391644196,47448
"(0.569526627218935, 1.0)",3,98.55486390673694,47451
"(0.9412964149491664, 0.9873891625615764)",1,98.55473240200908,47452
"(0.9228120179844318, 0.9873891625615764)",1,98.55464522827106,47453
"(0.9412964149491664, 0.9873891625615764)",1,98.55463529438664,47454
"(0.4822651515151516, 0.9996210215628012)",3,98.5546043479754,47457
"(0.859499940327008, 1.0)",1,98.55459875367832,47458
"(0.9003556829643787, 0.9833229101521784)",1,98.55451679165824,47459
"(0.991777356103732, 0.9958292603453894)",1,98.55449917982372,47460
"(0.9192093318943212, 1.0)",1,98.55444525113704,47461
"(0.9299507899507898, 0.986081059422206)",1,98.55438038241223,47462
"(0.9412172027494607, 0.9916585206907788)",1,98.55431021572636,47463
"(0.9243707071934514, 0.9873891625615764)",1,98.55430463352025,47464
"(0.9498370804822418, 0.9873891625615764)",1,98.55420211560428,47465
"(0.9497171590194846, 1.0)",1,98.554201903821,47466
"(0.987491854024112, 0.9958292603453894)",1,98.55419177197052,47467
"(0.9147764646501256, 0.9958292603453894)",1,98.55418947204817,47468
"(0.7903875985986362, 1.0)",1,98.55415898244476,47469
"(1.0, 1.0)",1,98.5541352102729,47470
"(0.8879608405415911, 0.988167361639188)",1,98.554132002195,47471
"(0.738145558145558, 1.0)",2,98.55408636365787,47473
"(0.9243707071934514, 0.9873891625615764)",1,98.55403226910606,47474
"(0.9326599326599326, 1.0)",1,98.55398067280832,47475
"(0.9699183291713004, 0.9958292603453894)",1,98.5539698371772,47476
"(0.893146638589877, 0.9882048106149588)",1,98.55396422326092,47477
"(0.9413496923696164, 0.9916585206907788)",1,98.5538917848817,47478
"(0.9833229101521784, 1.0)",1,98.55379207775736,47479
"(0.8761383419447936, 0.9873891625615764)",1,98.55377891824328,47480
"(0.5244713025029905, 0.9992416608232524)",2,98.55376067183344,47482
"(0.933096859926128, 1.0)",1,98.55367763632792,47483
"(0.81893131227901, 1.0)",1,98.55327950692867,47484
"(0.8547756205106323, 1.0)",1,98.553186378499,47485
"(0.8443691323092412, 0.9958292603453894)",2,98.55312927240188,47487
"(0.9192093318943212, 1.0)",1,98.5530934314708,47488
"(0.9497171590194848, 1.0)",1,98.55301017583145,47489
"(0.9331662489557224, 1.0)",1,98.55290172490812,47490
"(0.9131856219190184, 0.9958292603453894)",1,98.5528863188576,47491
"(0.9282083232965586, 0.9916339869281046)",1,98.55285967927006,47492
"(0.7278086237149632, 1.0)",1,98.5528164327596,47493
"(0.7479743867590829, 1.0)",1,98.5527445843936,47494
"(0.975479255167798, 0.9958292603453894)",1,98.55273040544424,47495
"(0.9206165335472736, 0.9916585206907788)",1,98.55248102013256,47496
"(0.8065954953750508, 0.9882048106149588)",1,98.55244257560692,47497
"(0.8761383419447936, 0.9873891625615764)",1,98.55243946590112,47498
"(0.9748524098350704, 0.9958292603453894)",1,98.55241106390116,47499
"(0.8974984433303618, 0.9873891625615764)",1,98.55237573405336,47500
"(0.7060994560994561, 1.0)",1,98.55228523366132,47501
"(0.7083333333333334, 1.0)",1,98.55224595048672,47502
"(0.93795454842108, 0.9873891625615764)",1,98.55220785430988,47503
"(0.9282083232965586, 0.9873891625615764)",1,98.55217944828152,47504
"(0.9161379295307868, 1.0)",1,98.55205282907676,47505
"(0.901575014782562, 0.986081059422206)",1,98.55203553647848,47506
"(0.9282083232965586, 0.9873891625615764)",2,98.55197485663334,47508
"(0.8942622047218923, 0.9873891625615764)",1,98.55194251126304,47509
"(0.944073617452092, 0.986081059422206)",1,98.55191338910085,47510
"(0.8796354494028912, 0.988167361639188)",1,98.55191310789746,47511
"(0.8717520170461346, 0.9958292603453894)",1,98.5518617240384,47512
"(0.786508365740383, 0.9882048106149588)",1,98.55184271837796,47513
"(0.987491854024112, 0.9958292603453894)",1,98.55182777144702,47514
"(0.9496114574862204, 0.9873891625615764)",1,98.55181382083973,47515
"(0.9114218054477384, 0.9916339869281046)",1,98.5517678475738,47516
"(0.2184301094356221, 0.9977203590215908)",2,98.5517300899314,47518
"(0.8976982097186702, 1.0)",1,98.5516540840199,47519
"(0.9791544477028348, 0.9958292603453894)",1,98.55164242964864,47520
"(0.8726893261776982, 0.988167361639188)",1,98.55158801029756,47521
"(0.835848883169409, 0.988167361639188)",1,98.55158274314635,47522
"(0.8229870141950848, 1.0)",1,98.55141589001244,47523
"(0.9206165335472736, 0.9916585206907788)",1,98.55133762158688,47524
"(0.957630187612848, 0.9873891625615764)",1,98.55129914303554,47525
"(0.9243707071934514, 0.9873891625615764)",1,98.5512346948347,47526
"(0.8947046219773493, 0.988167361639188)",2,98.55123248691194,47528
"(0.4546676605521106, 1.0)",3,98.55113299650536,47531
"(0.9309821833269412, 0.988167361639188)",2,98.55099187647278,47533
"(0.8471527473990528, 1.0)",1,98.55097450882792,47534
"(0.8478418336329888, 0.991206314397104)",1,98.55095138075428,47535
"(0.7344692811916678, 1.0)",1,98.55083824457444,47536
"(0.9370337013190184, 0.9873891625615764)",1,98.55081806566668,47537
"(0.6733821733821733, 1.0)",1,98.55079233620778,47538
"(0.8726893261776982, 0.988167361639188)",1,98.55069813692008,47539
"(0.9262130464282252, 0.991206314397104)",1,98.55064299276584,47540
"(0.8312205288949474, 1.0)",1,98.55064092839744,47541
"(0.901575014782562, 0.986081059422206)",1,98.55062629593048,47542
"(0.902012682657844, 0.9958292603453894)",1,98.55047181447974,47543
"(0.5070372093557577, 1.0)",1,98.55046205203196,47544
"(0.9262130464282252, 0.991206314397104)",1,98.55040186211107,47545
"(0.4790513120764785, 0.9950001562744178)",1,98.55016636583092,47546
"(0.8996392387758612, 0.9873891625615764)",1,98.55016238569588,47547
"(0.8478418336329888, 0.991206314397104)",1,98.55014887850172,47548
"(0.93773047895128, 0.9958292603453894)",1,98.5500705369193,47549
"(0.7453091184935634, 0.991206314397104)",1,98.55006140555318,47550
"(0.9279680209218476, 0.9916585206907788)",2,98.55006125513432,47552
"(0.9293300445873568, 0.9873891625615764)",1,98.55003527847418,47553
"(0.786508365740383, 1.0)",2,98.54999800134964,47555
"(0.861111111111111, 1.0)",1,98.54993639132476,47556
"(0.8506653943511476, 0.991206314397104)",1,98.54987724540732,47557
"(0.949977467563772, 0.9958292603453894)",1,98.54987145738556,47558
"(0.9791102677630192, 0.9958292603453894)",1,98.54985432395388,47559
"(0.9707136080238548, 0.9958292603453894)",1,98.54980534072013,47560
"(0.8976982097186702, 1.0)",1,98.54978367361036,47561
"(1.0, 0.9833229101521784)",1,98.5497777706334,47562
"(0.9497171590194846, 1.0)",1,98.54974331834592,47563
"(0.9833229101521784, 1.0)",2,98.54970308837817,47565
"(0.8600291387756281, 0.9958292603453894)",1,98.54961376244562,47566
"(0.835848883169409, 0.988167361639188)",1,98.54950646913694,47567
"(0.8468951683237397, 1.0)",1,98.5494979811659,47568
"(0.7453091184935634, 0.991206314397104)",1,98.54946737104584,47569
"(0.9497171590194846, 1.0)",2,98.54946153001988,47571
"(0.9916339869281046, 0.9958292603453894)",2,98.54945278021648,47573
"(0.4747763864042934, 1.0)",1,98.5493199400861,47574
"(0.8879608405415911, 0.988167361639188)",1,98.54931013521087,47575
"(0.8732774170274171, 1.0)",1,98.54928620862216,47576
"(0.9543883398911862, 0.9958292603453894)",1,98.54911986344244,47577
"(0.9279680209218476, 0.9958292603453894)",1,98.54911518906144,47578
"(0.9269606362629618, 0.9882048106149588)",1,98.54904837258606,47579
"(0.9412172027494607, 0.9958292603453894)",1,98.5489375710346,47580
"(0.8420013166556946, 1.0)",1,98.54892721820276,47581
"(0.7340930674264007, 1.0)",1,98.54890227724609,47582
"(0.9295946890286512, 1.0)",2,98.54889424447346,47584
"(0.8963124945246743, 1.0)",1,98.54883079589062,47585
"(0.9003556829643787, 1.0)",2,98.5487597476897,47587
"(0.7377975062704127, 1.0)",2,98.54871455042112,47589
"(0.9161952650324744, 1.0)",1,98.54857419722627,47590
"(0.8341307814992026, 0.9833229101521784)",1,98.54846571406264,47591
"(0.9665755481078062, 1.0)",1,98.5484476684152,47592
"(0.9008627640703112, 1.0)",1,98.54842251474686,47593
"(0.7545469576719577, 1.0)",1,98.54813744758457,47594
"(0.9161952650324744, 1.0)",1,98.54811563602468,47595
"(0.9293300445873568, 0.9873891625615764)",1,98.54803236509166,47596
"(0.8552744708994707, 1.0)",1,98.5480169755379,47597
"(0.9792773561037318, 1.0)",1,98.54797762750866,47598
"(0.9666562434855118, 1.0)",1,98.54793927275244,47599
"(0.9418479305417444, 0.988167361639188)",1,98.5478986824804,47600
"(0.972281746031746, 0.9861673414304992)",1,98.54778064723568,47601
"(0.9834358767945106, 0.9958292603453894)",1,98.54776694494376,47602
"(0.9126251340467026, 0.9958292603453894)",2,98.54760281417067,47604
"(0.9192093318943212, 1.0)",1,98.54756037347448,47605
"(0.902012682657844, 0.9958292603453894)",1,98.5475087122833,47606
"(0.8942622047218923, 0.9873891625615764)",1,98.54750693948652,47607
"(0.94291309888229, 0.991206314397104)",1,98.54745597971336,47608
"(0.835848883169409, 0.988167361639188)",2,98.54745417876454,47610
"(0.9437903841498612, 1.0)",1,98.54745344895088,47611
"(0.8266173510466989, 1.0)",1,98.54742076033756,47612
"(0.8483418730488175, 0.9916585206907788)",2,98.54739782179792,47614
"(0.9444901834607716, 0.9861673414304992)",1,98.54736171628048,47615
"(0.9167853751187084, 1.0)",1,98.5473404013725,47616
"(0.972281746031746, 0.9861673414304992)",1,98.5473159007444,47617
"(0.972420634920635, 0.9861673414304992)",1,98.54725164700646,47618
"(0.9791258409522168, 0.9958292603453894)",1,98.54719506766205,47619
"(0.4777955536474655, 0.9996210215628012)",3,98.54697087816966,47622
"(0.972281746031746, 0.9861673414304992)",2,98.54693882683792,47624
"(0.9299160159815896, 0.9861673414304992)",1,98.54690801521058,47625
"(0.9033578224210402, 0.9873891625615764)",1,98.5468050259836,47626
"(0.9262130464282252, 0.991206314397104)",1,98.54678525332751,47627
"(0.9444901834607716, 0.9861673414304992)",2,98.54675894601549,47629
"(0.9418479305417444, 0.988167361639188)",1,98.54660374035568,47630
"(0.9833229101521784, 1.0)",1,98.54657115455274,47631
"(0.930124456440246, 1.0)",1,98.54650976168791,47632
"(0.9499687304565352, 1.0)",1,98.5464220797982,47633
"(0.4951406509253605, 0.9992416608232524)",1,98.54639338643268,47634
"(0.9436368312757202, 0.9861673414304992)",2,98.5463365789662,47636
"(0.9243707071934514, 0.9873891625615764)",1,98.54630739357032,47637
"(0.808446455505279, 1.0)",1,98.54629972639648,47638
"(1.0, 1.0)",1,98.54625170877458,47639
"(0.987491854024112, 1.0)",1,98.54619854320084,47640
"(0.893146638589877, 0.9882048106149588)",1,98.54619520473352,47641
"(0.8958208965097509, 0.9958292603453894)",1,98.54616378267244,47642
"(0.8958208965097509, 0.9958292603453894)",1,98.54615851784963,47643
"(0.7944219523166891, 1.0)",1,98.54614177842222,47644
"(0.9829909379735984, 0.9958292603453894)",1,98.54613769311972,47645
"(0.9125533644430458, 0.9873891625615764)",1,98.54606147994046,47646
"(1.0, 1.0)",2,98.54600618758248,47648
"(0.9436368312757202, 0.9861673414304992)",1,98.54597818811438,47649
"(0.972281746031746, 0.9861673414304992)",1,98.54595084957668,47650
"(0.9114218054477384, 0.9873891625615764)",1,98.54594191414658,47651
"(0.7075825156110616, 0.991206314397104)",3,98.5459387237326,47654
"(0.7673678366541239, 1.0)",1,98.5458255266002,47655
"(0.8942622047218923, 0.9873891625615764)",1,98.5458112532709,47656
"(1.0, 1.0)",1,98.54560001551522,47657
"(0.9418479305417444, 0.988167361639188)",2,98.54559070901064,47659
"(0.9309821833269412, 0.988167361639188)",2,98.54555089904416,47661
"(0.8503982994305574, 0.9958292603453894)",1,98.5454931766258,47662
"(0.9331662489557224, 1.0)",1,98.54544131095102,47663
"(0.7802197802197803, 1.0)",4,98.54542768155927,47667
"(0.7259777259777259, 1.0)",1,98.54541478862032,47668
"(0.876169430204998, 0.988167361639188)",1,98.54530460550455,47669
"(0.9750481776288228, 0.9958292603453894)",1,98.54529268250698,47670
"(0.8996392387758612, 0.9916339869281046)",1,98.54520096321232,47671
"(0.7786375661375661, 1.0)",1,98.54519878037917,47672
"(0.8877034517510707, 0.9861673414304992)",1,98.54519419478709,47673
"(1.0, 1.0)",1,98.54519298279352,47674
"(0.9300671002153482, 0.9861673414304992)",1,98.54514106260962,47675
"(0.9153127183787562, 0.9861673414304992)",1,98.54511774186376,47676
"(0.9041196741854636, 0.991206314397104)",1,98.5450345823179,47677
"(0.9706172005998612, 0.9958292603453894)",1,98.5450310078683,47678
"(0.9041196741854636, 0.991206314397104)",2,98.54502512364763,47680
"(0.9206165335472736, 0.9916585206907788)",1,98.5449657583789,47681
"(0.9293300445873568, 0.9873891625615764)",1,98.54490077916036,47682
"(0.94291309888229, 0.991206314397104)",1,98.54465855666317,47683
"(0.9228120179844318, 0.9873891625615764)",1,98.54461661288408,47684
"(0.9496114574862204, 0.9873891625615764)",1,98.54461627884731,47685
"(0.9189396095602992, 0.9958292603453894)",1,98.5446039980662,47686
"(0.8879608405415911, 0.988167361639188)",2,98.54453764101667,47688
"(0.9027777777777778, 1.0)",1,98.54440922138446,47689
"(0.975479255167798, 0.9958292603453894)",1,98.54436439237232,47690
"(0.9584987529902784, 1.0)",1,98.54424749162794,47691
"(0.9309563801089225, 0.9861310021084456)",1,98.5441758772809,47692
"(0.7030539311241066, 1.0)",2,98.54409044835693,47694
"(0.9199973910846122, 0.9873891625615764)",1,98.5440701866994,47695
"(0.8365328658269835, 0.9958292603453894)",1,98.54396892359348,47696
"(0.93795454842108, 0.9916339869281046)",2,98.54382564614404,47698
"(0.4994316028798788, 1.0)",1,98.54381946343636,47699
"(0.9182966261114094, 0.9916585206907788)",1,98.54378186067426,47700
"(0.8980858408005299, 0.988167361639188)",1,98.54377224223782,47701
"(0.8572505238994517, 0.988167361639188)",1,98.54371372335588,47702
"(1.0, 1.0)",1,98.54365786546671,47703
"(0.9832401090007582, 0.9958292603453894)",1,98.54360233355372,47704
"(0.8942622047218923, 0.9873891625615764)",2,98.54349756160764,47706
"(0.8420013166556947, 1.0)",1,98.54339338692456,47707
"(0.9300671002153482, 0.9861310021084456)",1,98.54311991228144,47708
"(0.9833080808080809, 0.9958292603453894)",1,98.54310899778142,47709
"(0.9580331374974232, 1.0)",1,98.54302888758912,47710
"(0.931200007971039, 0.9916339869281046)",1,98.5430046528709,47711
"(0.987463247273494, 0.9958292603453894)",1,98.54296844290006,47712
"(0.4776542240827955, 1.0)",1,98.54295874009335,47713
"(0.8801870819343937, 0.9958292603453894)",1,98.54286859645298,47714
"(0.9738477269913072, 0.9958292603453894)",1,98.54280276649962,47715
"(0.9228120179844318, 0.9873891625615764)",1,98.54277186113588,47716
"(0.9369808292429718, 0.9958292603453894)",2,98.54273851458495,47718
"(0.9466127311522048, 0.991206314397104)",1,98.54272705982868,47719
"(0.91326516498939, 0.9873891625615764)",1,98.54264621240266,47720
"(0.9182966261114094, 0.9958292603453894)",2,98.54260907983615,47722
"(0.6179693015417549, 1.0)",1,98.54256013049948,47723
"(0.9501563219469168, 0.9958292603453894)",1,98.54254318703408,47724
"(0.4012260196502799, 0.9984817852901372)",2,98.5424323974277,47726
"(0.8694224991654613, 0.988167361639188)",2,98.5421064643724,47728
"(0.7340930674264006, 1.0)",1,98.54210509183189,47729
"(0.9497171590194846, 1.0)",1,98.5420767155415,47730
"(0.6042502004811546, 1.0)",1,98.5420556665522,47731
"(1.0, 1.0)",1,98.54198342683384,47732
"(0.957630187612848, 0.9873891625615764)",1,98.54193261458732,47733
"(0.7075825156110616, 0.991206314397104)",3,98.54190054972612,47736
"(0.93795454842108, 0.9873891625615764)",1,98.54179996422268,47737
"(0.786508365740383, 0.9882048106149588)",1,98.541761979548,47738
"(0.8929015655249481, 0.9958292603453894)",1,98.541756467347,47739
"(0.4566269759061861, 0.9992416608232524)",2,98.54174927359728,47741
"(0.617513611615245, 1.0)",1,98.54173916376908,47742
"(0.9791585206907788, 0.9958292603453894)",1,98.54172475342092,47743
"(0.9788283442948758, 0.9958292603453894)",1,98.54171920372204,47744
"(0.6784722222222224, 1.0)",1,98.54167746752576,47745
"(0.8717520170461346, 0.9958292603453894)",1,98.54167182931651,47746
"(0.8970129352925051, 0.9958292603453894)",1,98.54164843252268,47747
"(0.9916585206907788, 0.9796763332247204)",1,98.54161389656068,47748
"(0.9079075500409146, 0.987463247273494)",1,98.54149441785816,47749
"(0.4525211933060535, 0.9988630646884038)",3,98.54145025729768,47752
"(0.7802197802197803, 1.0)",1,98.54141098449225,47753
"(0.9873891625615764, 1.0)",1,98.54130437227158,47754
"(0.8726893261776982, 0.988167361639188)",1,98.54111978356836,47755
"(0.8222222222222222, 1.0)",1,98.54110139387268,47756
"(0.8760238095238095, 0.9958292603453894)",1,98.54105927462042,47757
"(0.9326599326599326, 1.0)",1,98.54102245333266,47758
"(0.5746422104819308, 0.9981012669018314)",3,98.54098566895192,47761
"(0.9622634791942192, 0.9958292603453894)",2,98.54095559586172,47763
"(0.8687499999999999, 0.988167361639188)",1,98.54094586287816,47764
"(0.8976982097186702, 1.0)",1,98.54093259143076,47765
"(0.9293300445873568, 0.9873891625615764)",1,98.54092958578796,47766
"(0.457262827025654, 0.9996210215628012)",3,98.54086925621064,47769
"(0.9332172991312776, 0.9916585206907788)",1,98.54074749009176,47770
"(0.8222222222222222, 1.0)",1,98.54071424714404,47771
"(0.8867361313822293, 0.9916585206907788)",1,98.54069310104988,47772
"(0.9833229101521784, 1.0)",2,98.54055746675652,47774
"(0.8483418730488175, 0.9958292603453894)",1,98.5405347372164,47775
"(0.9442283950617284, 1.0)",1,98.54047647987068,47776
"(0.9228120179844318, 0.9873891625615764)",1,98.54041145621314,47777
"(0.9832925076188832, 0.9958292603453894)",2,98.54035320288791,47779
"(0.7075825156110616, 0.991206314397104)",1,98.54030638649216,47780
"(0.95305342208568, 0.9873891625615764)",1,98.54029775362191,47781
"(0.931200007971039, 0.9873891625615764)",1,98.54015467285149,47782
"(0.9369138996969484, 0.9916585206907788)",1,98.54015198340964,47783
"(0.8572505238994517, 0.988167361639188)",1,98.5401039317056,47784
"(0.94291309888229, 0.991206314397104)",1,98.54009627022889,47785
"(0.6056395293929532, 1.0)",1,98.5400693457686,47786
"(0.8249504969211211, 0.988167361639188)",2,98.54004158652036,47788
"(0.947552083649559, 0.9958292603453894)",1,98.54000927190114,47789
"(0.9125533644430458, 0.9873891625615764)",1,98.5398135923572,47790
"(0.979051756240299, 0.9958292603453894)",1,98.53974816318664,47791
"(0.93795454842108, 0.9873891625615764)",1,98.53974340510084,47792
"(0.4937125269096371, 0.9981012669018314)",1,98.5394895306404,47793
"(0.9280317595086728, 0.9916585206907788)",1,98.53944113335491,47794
"(0.9131856219190184, 0.9958292603453894)",1,98.5392874230469,47795
"(0.9331662489557224, 1.0)",2,98.53928273423116,47797
"(0.9262130464282252, 0.991206314397104)",1,98.5392663971472,47798
"(0.933249791144528, 1.0)",1,98.53922716068595,47799
"(0.9748524098350704, 0.9958292603453894)",1,98.53917319462384,47800
"(0.978932178932179, 0.9958292603453894)",1,98.53902426139769,47801
"(0.8053381731676306, 0.986081059422206)",1,98.53898452758892,47802
"(0.8907966222338917, 0.9958292603453894)",1,98.53897175571625,47803
"(0.917849761232425, 0.9882048106149588)",1,98.53894449103537,47804
"(0.9501563219469168, 0.9958292603453894)",1,98.53883549917352,47805
"(0.9262130464282252, 0.991206314397104)",1,98.53877842468472,47806
"(0.944563492063492, 1.0)",2,98.53877759815684,47808
"(0.835848883169409, 0.988167361639188)",2,98.53877501688515,47810
"(0.8804215399610136, 0.991206314397104)",1,98.53872026570735,47811
"(0.8053381731676306, 0.986081059422206)",1,98.53871458058826,47812
"(0.7436755530346001, 1.0)",1,98.53862061140772,47813
"(0.9497171590194846, 1.0)",1,98.53852635639014,47814
"(0.7075825156110616, 0.991206314397104)",1,98.53851297592932,47815
"(0.8053381731676306, 0.986081059422206)",1,98.53847372959628,47816
"(0.8879608405415911, 0.988167361639188)",1,98.5384692269928,47817
"(0.9114218054477384, 0.9873891625615764)",1,98.53843436143968,47818
"(0.7601164382773579, 1.0)",1,98.5384210102301,47819
"(0.8390424521630195, 0.9861673414304992)",1,98.538361218949,47820
"(0.8879608405415911, 0.988167361639188)",1,98.53825790843804,47821
"(0.893146638589877, 0.9882048106149588)",1,98.53819258671932,47822
"(0.93795454842108, 0.9873891625615764)",1,98.53819168229327,47823
"(0.9199973910846122, 0.9873891625615764)",1,98.53818486359164,47824
"(0.9303715638302106, 0.986081059422206)",2,98.53816584857124,47826
"(0.835848883169409, 0.988167361639188)",1,98.5380679300826,47827
"(0.8478418336329888, 0.991206314397104)",1,98.5380034887922,47828
"(0.620130835563485, 0.991206314397104)",1,98.53798911889858,47829
"(0.913471232954048, 1.0)",1,98.53794040753856,47830
"(0.931200007971039, 0.9873891625615764)",1,98.53791921790769,47831
"(0.8294970161977834, 1.0)",1,98.5378923507555,47832
"(0.8796475392220073, 1.0)",1,98.53787930976236,47833
"(0.9326599326599326, 1.0)",1,98.53783958629462,47834
"(0.9166145507608924, 1.0)",1,98.5378323814991,47835
"(0.8165509259259259, 1.0)",1,98.5377188960801,47836
"(0.9788283442948758, 0.9958292603453894)",1,98.53771636700571,47837
"(0.9751539794803552, 0.9958292603453894)",1,98.53770030705,47838
"(0.8329156223893065, 1.0)",1,98.53768258862446,47839
"(0.9833229101521784, 1.0)",2,98.53758754421531,47841
"(0.5734466317588319, 0.9996210215628012)",3,98.53757510423416,47844
"(0.8600291387756281, 0.9916585206907788)",1,98.5375683020438,47845
"(0.7168719671519223, 0.991206314397104)",1,98.53756243564854,47846
"(0.901575014782562, 0.986081059422206)",1,98.53755693683117,47847
"(0.9498370804822418, 0.9873891625615764)",1,98.5375067938186,47848
"(0.9198255060602112, 0.9958292603453894)",1,98.53737543614535,47849
"(0.9293300445873568, 0.9873891625615764)",1,98.53734817815952,47850
"(0.9384174012481092, 0.9958292603453894)",1,98.5373270237929,47851
"(0.7075825156110616, 0.991206314397104)",3,98.53732637874388,47854
"(0.4919916866987179, 0.9987499746026686)",1,98.53719893204678,47855
"(0.94291309888229, 0.991206314397104)",1,98.53715079405302,47856
"(0.3571517423754762, 0.9984817852901372)",2,98.53708564089636,47858
"(0.859499940327008, 0.986081059422206)",1,98.53705158863345,47859
"(0.4606973696770164, 0.9975000781372088)",1,98.53701534634055,47860
"(0.987491854024112, 1.0)",1,98.53695339454858,47861
"(0.944120583717358, 0.9832925076188832)",1,98.53691774849293,47862
"(0.564922563324656, 0.9988619159967322)",1,98.53685976038416,47863
"(0.9412964149491664, 0.9873891625615764)",1,98.53676311499775,47864
"(0.837707400507675, 1.0)",1,98.53675360709312,47865
"(0.9199973910846122, 0.9873891625615764)",1,98.53669693863267,47866
"(0.5371072475911186, 0.9992416608232524)",3,98.53668409418026,47869
"(0.6636745887678723, 1.0)",1,98.53664953437458,47870
"(1.0, 1.0)",1,98.53657725814335,47871
"(0.9665831244778612, 1.0)",1,98.53657085398224,47872
"(0.8222222222222222, 0.9833229101521784)",1,98.5365500987187,47873
"(0.5066418935372837, 0.9992416608232524)",3,98.53653603463866,47876
"(0.9496114574862204, 0.9873891625615764)",1,98.53653119175526,47877
"(0.8733799478600891, 0.987463247273494)",2,98.53647235575404,47879
"(0.6434061179823892, 1.0)",1,98.53646287375396,47880
"(0.931200007971039, 0.9873891625615764)",2,98.53644835174184,47882
"(0.8976982097186702, 1.0)",1,98.53631278414424,47883
"(0.6907243513029603, 1.0)",1,98.5362961809027,47884
"(0.9282083232965586, 0.9873891625615764)",1,98.5362829815199,47885
"(0.6636745887678723, 1.0)",1,98.5362748759642,47886
"(0.916110211619383, 0.9873891625615764)",1,98.53620561730872,47887
"(0.9131856219190184, 0.9958292603453894)",1,98.53619710908876,47888
"(0.8358530587380517, 0.987463247273494)",2,98.53613329909275,47890
"(0.8928598364786969, 0.987495927012056)",1,98.53604692750098,47891
"(0.9833229101521784, 1.0)",1,98.5359543094503,47892
"(0.9182966261114094, 0.9958292603453894)",1,98.53591328774354,47893
"(0.9125533644430458, 0.9873891625615764)",1,98.5359073366003,47894
"(0.9543883398911862, 0.9958292603453894)",1,98.53577514443408,47895
"(0.9205517358458536, 0.9873891625615764)",1,98.53572691217,47896
"(0.8697983697983697, 1.0)",1,98.53566265465004,47897
"(0.9398099650133386, 0.9916339869281046)",1,98.53560056694327,47898
"(0.6962461114805364, 0.9961927960732532)",1,98.5355989521206,47899
"(0.9164652836623464, 1.0)",1,98.5355021278896,47900
"(0.974772367065274, 0.9958292603453894)",1,98.53541747492297,47901
"(0.9177366931314298, 0.9832925076188832)",1,98.53533525244455,47902
"(0.5005466528962331, 0.9996210215628012)",1,98.53527298316337,47903
"(0.7944219523166891, 1.0)",1,98.53521607400342,47904
"(0.954238558835333, 0.9873891625615764)",1,98.53511185383292,47905
"(0.9498370804822418, 0.9873891625615764)",1,98.535084003618,47906
"(0.8935211759471547, 0.9916339869281046)",1,98.53507679734476,47907
"(0.961552316099405, 0.9958292603453894)",1,98.53501707554926,47908
"(0.9623066688389268, 0.9958292603453894)",1,98.53495482717064,47909
"(0.7515432098765432, 1.0)",1,98.5349396536646,47910
"(0.8432903075760217, 0.986081059422206)",1,98.53486440877305,47911
"(0.9833229101521784, 1.0)",1,98.53482421316038,47912
"(0.7372334455667788, 1.0)",1,98.53456168607984,47913
"(0.3525464877615415, 1.0)",1,98.53439407746224,47914
"(0.7574146783449108, 1.0)",1,98.53438486353478,47915
"(0.9750943974852894, 0.9958292603453894)",1,98.53436423261992,47916
"(0.7168719671519223, 0.991206314397104)",1,98.53434630201716,47917
"(0.9299160159815896, 1.0)",1,98.53431275389848,47918
"(0.9412964149491664, 0.9873891625615764)",1,98.53430466096862,47919
"(1.0, 1.0)",2,98.53424002953344,47921
"(0.8040695048423352, 1.0)",1,98.53423212945066,47922
"(0.9584987529902784, 1.0)",1,98.5341140361826,47923
"(0.9496114574862204, 0.9873891625615764)",1,98.53407327811892,47924
"(0.5555555555555555, 1.0)",1,98.53406698872968,47925
"(0.786508365740383, 0.9882048106149588)",1,98.53405079885744,47926
"(0.7946380416968652, 0.9958292603453894)",1,98.53399636263342,47927
"(0.7965746171391332, 1.0)",1,98.53397282597024,47928
"(0.9788980434141724, 0.9958292603453894)",1,98.53383251921112,47929
"(0.9206165335472736, 0.9916585206907788)",1,98.5337365827506,47930
"(0.972281746031746, 0.9861673414304992)",1,98.53373245641328,47931
"(1.0, 1.0)",1,98.53371892801928,47932
"(0.972420634920635, 0.9861673414304992)",3,98.53370609742576,47935
"(0.972281746031746, 0.9861673414304992)",1,98.53370401736956,47936
"(0.9788980434141724, 0.9958292603453894)",1,98.53367013101813,47937
"(0.5131569832583307, 1.0)",1,98.53366700633042,47938
"(0.94291309888229, 0.991206314397104)",3,98.53363860458738,47941
"(0.9418479305417444, 0.988167361639188)",1,98.53358456587765,47942
"(0.4776542240827955, 1.0)",1,98.5335747825734,47943
"(0.9418479305417444, 0.988167361639188)",1,98.5335323947394,47944
"(0.8158879904162925, 1.0)",1,98.5335290378802,47945
"(0.9444901834607716, 0.9861673414304992)",1,98.53345329934842,47946
"(0.9665831244778612, 1.0)",1,98.53340352009668,47947
"(0.8694224991654613, 0.988167361639188)",1,98.53321288165732,47948
"(0.8329050741331443, 1.0)",1,98.53318763673826,47949
"(0.9833229101521784, 1.0)",2,98.5331872520576,47951
"(0.9833229101521784, 1.0)",1,98.5331046034621,47952
"(0.9228120179844318, 0.9873891625615764)",1,98.53303362676009,47953
"(0.9664178541946324, 0.9873891625615764)",1,98.53289716468478,47954
"(0.9496114574862204, 0.9873891625615764)",1,98.532880287179,47955
"(0.9833229101521784, 1.0)",1,98.5328263845828,47956
"(0.9300671002153482, 0.9861673414304992)",1,98.532823433141,47957
"(0.93773047895128, 0.9958292603453894)",1,98.53281943134454,47958
"(0.972281746031746, 0.9861673414304992)",1,98.5327431317167,47959
"(0.9916585206907788, 0.9958292603453894)",2,98.532706125474,47961
"(0.9665755481078062, 1.0)",1,98.53267112162564,47962
"(0.9326599326599326, 1.0)",1,98.532645333664,47963
"(0.8229870141950848, 1.0)",1,98.53251492536424,47964
"(0.8633762288330498, 1.0)",1,98.53249511303758,47965
"(0.8300265307680562, 1.0)",1,98.5324889701216,47966
"(0.4670357941834451, 0.9984817852901372)",1,98.532461737786,47967
"(0.8879608405415911, 0.988167361639188)",2,98.532460072988,47969
"(0.9436368312757202, 0.9861673414304992)",1,98.53241695083604,47970
"(1.0, 0.9833229101521784)",1,98.53241609339176,47971
"(0.9499687304565352, 0.9833229101521784)",1,98.53237424392756,47972
"(0.8660327643487228, 0.988167361639188)",1,98.53236814070222,47973
"(0.9744745723240348, 0.9958292603453894)",1,98.53234007985928,47974
"(0.8942622047218923, 0.9873891625615764)",1,98.53230594027708,47975
"(0.8372053872053872, 1.0)",1,98.53228054896196,47976
"(0.9303715638302106, 1.0)",1,98.5322450507862,47977
"(0.9436368312757202, 0.9861673414304992)",1,98.53222017288552,47978
"(0.93795454842108, 0.9873891625615764)",2,98.53220238875828,47980
"(0.9436368312757202, 0.9861673414304992)",1,98.53218383356348,47981
"(0.9436368312757202, 0.9861673414304992)",1,98.53205289701836,47982
"(0.8589064384650125, 0.9916585206907788)",1,98.53196720062569,47983
"(0.7836974395113928, 0.988167361639188)",1,98.53193980562445,47984
"(0.9436368312757202, 0.9861673414304992)",1,98.5319334801928,47985
"(0.8703703703703703, 1.0)",1,98.53172301575202,47986
"(0.930124456440246, 1.0)",1,98.5317146594092,47987
"(0.9182966261114094, 0.9958292603453894)",1,98.53168127244513,47988
"(1.0, 1.0)",1,98.5316259867717,47989
"(0.8879608405415911, 0.988167361639188)",2,98.53159659165702,47991
"(0.9916666666666668, 0.9916666666666668)",1,98.53155224051308,47992
"(0.9834358767945106, 0.9958292603453894)",1,98.53119826584606,47993
"(0.9874762808349148, 0.9958292603453894)",1,98.53119804289884,47994
"(0.9707095350359108, 0.9958292603453894)",1,98.5311267593298,47995
"(0.9583930063253372, 1.0)",1,98.53107815419445,47996
"(0.868077055383557, 1.0)",1,98.5310438065358,47997
"(0.9665633291439744, 0.9958292603453894)",1,98.5309765408692,47998
"(0.93773047895128, 0.9958292603453894)",1,98.53082570101556,47999
"(0.93795454842108, 0.9873891625615764)",1,98.53082012028534,48000
"(0.979273283115788, 0.9916585206907788)",1,98.53070056324408,48001
"(0.9665831244778612, 0.9833229101521784)",2,98.53065348572416,48003
"(0.9126251340467026, 0.9916585206907788)",1,98.53065044781025,48004
"(0.786508365740383, 0.9882048106149588)",1,98.5305622149589,48005
"(0.9454999712494968, 0.9958292603453894)",1,98.53054242059456,48006
"(0.8970129352925051, 0.9873891625615764)",1,98.53049977242168,48007
"(0.9205517358458536, 0.9873891625615764)",1,98.53045745235652,48008
"(0.9583930063253372, 1.0)",1,98.53042322996608,48009
"(0.9833229101521784, 1.0)",1,98.53039685013393,48010
"(0.9584987529902784, 1.0)",1,98.5303784937364,48011
"(0.7344692811916678, 1.0)",1,98.53022927955402,48012
"(0.8976982097186702, 0.9833229101521784)",1,98.53017684219732,48013
"(0.8468951683237397, 1.0)",2,98.53004591336712,48015
"(0.8726893261776982, 0.988167361639188)",1,98.53002831861936,48016
"(0.917849761232425, 1.0)",1,98.53001654589832,48017
"(0.987491854024112, 0.9958292603453894)",2,98.53001050929994,48019
"(0.8879608405415911, 0.988167361639188)",2,98.52997097290628,48021
"(0.9620528801064364, 0.9873891625615764)",1,98.52996147860566,48022
"(0.6733821733821733, 1.0)",1,98.52996022975532,48023
"(0.9625757575757576, 0.9916585206907788)",1,98.52995312559608,48024
"(0.8443691323092412, 0.9958292603453894)",1,98.52991989703568,48025
"(0.835848883169409, 0.988167361639188)",2,98.52989448424222,48027
"(0.861111111111111, 1.0)",1,98.52981090778222,48028
"(0.8229870141950848, 0.986081059422206)",3,98.52974096116304,48031
"(0.9280317595086728, 0.9916585206907788)",1,98.5296110395915,48032
"(0.91326516498939, 0.9873891625615764)",1,98.5295215151159,48033
"(0.8495378883833893, 0.9958292603453894)",1,98.52941277610708,48034
"(0.514585158944719, 0.9996210215628012)",2,98.52938312775083,48036
"(0.9546499948224086, 0.9958292603453894)",1,98.52938263039113,48037
"(0.7075825156110616, 0.991206314397104)",2,98.52935548139271,48039
"(0.9833040078201368, 0.9958292603453894)",1,98.52931444015807,48040
"(0.9332172991312776, 0.9958292603453894)",1,98.52925365303425,48041
"(0.9165164082221422, 1.0)",1,98.52924662443532,48042
"(0.8249504969211211, 0.988167361639188)",1,98.52920709158188,48043
"(0.7946380416968652, 0.9916585206907788)",1,98.52913497571396,48044
"(0.9309821833269412, 0.988167361639188)",1,98.52913126880024,48045
"(0.5049504801920769, 0.9975000781372088)",1,98.52911219681378,48046
"(0.9665831244778612, 1.0)",1,98.52906347758244,48047
"(0.4609816352782865, 1.0)",2,98.52906017536436,48049
"(0.9833229101521784, 1.0)",1,98.5290537209879,48050
"(0.8249504969211211, 0.988167361639188)",1,98.5290248041537,48051
"(0.8053381731676306, 1.0)",1,98.52902150969736,48052
"(0.8976982097186702, 1.0)",1,98.52901438695277,48053
"(0.9835199925522506, 0.9958292603453894)",1,98.52897893695506,48054
"(0.8579868984630887, 1.0)",1,98.52897136850696,48055
"(0.8974984433303618, 0.9873891625615764)",1,98.52895340059082,48056
"(0.7075825156110616, 0.991206314397104)",2,98.52887003821596,48058
"(0.9333044546043194, 0.9958292603453894)",1,98.5288244919071,48059
"(0.8064997018485391, 0.988167361639188)",1,98.52876631087312,48060
"(0.901575014782562, 1.0)",2,98.52875243613548,48062
"(0.8974984433303618, 0.9873891625615764)",1,98.52868356957558,48063
"(0.8016677935542034, 1.0)",1,98.5286530296475,48064
"(0.8730304179305696, 0.988167361639188)",1,98.52862195424588,48065
"(0.8976982097186702, 1.0)",1,98.52860568398494,48066
"(0.835848883169409, 0.988167361639188)",1,98.5285855714757,48067
"(0.8635976129582268, 1.0)",1,98.52858168943304,48068
"(0.8432903075760217, 1.0)",1,98.52848361132496,48069
"(0.5070372093557577, 1.0)",1,98.52838268587551,48070
"(0.9667018107340688, 0.9834113430318364)",1,98.52837878505878,48071
"(0.8249504969211211, 0.988167361639188)",1,98.52835193041764,48072
"(0.9295946890286512, 1.0)",1,98.52815098063223,48073
"(0.7139609159313594, 1.0)",1,98.52813530577023,48074
"(0.8916052423523688, 0.9873891625615764)",1,98.52812612586824,48075
"(0.7513013302486987, 1.0)",1,98.5280828502314,48076
"(0.9833229101521784, 1.0)",1,98.52803033104922,48077
"(0.8970129352925051, 0.9916339869281046)",1,98.52788989313756,48078
"(0.9347674066329982, 0.9958292603453894)",1,98.527869706938,48079
"(0.9748524098350704, 0.9958292603453894)",2,98.52775079792232,48081
"(0.8880984643179766, 1.0)",1,98.52772463203932,48082
"(0.9205517358458536, 0.9916339869281046)",1,98.52771203824024,48083
"(0.9228120179844318, 0.9873891625615764)",1,98.52771169455806,48084
"(0.8947046219773493, 0.988167361639188)",1,98.52768912955972,48085
"(0.8468089381754635, 1.0)",1,98.52766424662752,48086
"(0.917849761232425, 0.9882048106149588)",1,98.5276496665098,48087
"(0.9916339869281046, 0.9958292603453894)",1,98.52758061053956,48088
"(0.8229870141950848, 0.986081059422206)",1,98.5275266935928,48089
"(0.7965746171391332, 1.0)",3,98.52751797379923,48092
"(0.8222222222222222, 1.0)",1,98.52748507552872,48093
"(0.9418479305417444, 0.988167361639188)",1,98.527474370229,48094
"(0.8942622047218923, 0.9873891625615764)",2,98.5274248537073,48096
"(0.9384174012481092, 0.9958292603453894)",1,98.52740349556758,48097
"(0.9958292603453894, 0.9958292603453894)",1,98.52739630184016,48098
"(0.9791258409522168, 0.9958292603453894)",1,98.52730757474951,48099
"(0.7083333333333334, 1.0)",2,98.52729249970966,48101
"(0.9198255060602112, 0.9958292603453894)",1,98.52727528414302,48102
"(0.8976982097186702, 1.0)",1,98.5272345743012,48103
"(0.6179693015417549, 1.0)",1,98.52723358191516,48104
"(0.6784722222222224, 1.0)",1,98.52715924781626,48105
"(0.9167853751187084, 1.0)",1,98.52713161240764,48106
"(0.9649790647893116, 0.9958292603453894)",1,98.52706318513542,48107
"(1.0, 1.0)",2,98.52699975331402,48109
"(0.918885978605481, 0.9873891625615764)",1,98.52688940656726,48110
"(0.8587708587708588, 1.0)",3,98.52688752491594,48113
"(0.5070372093557577, 1.0)",1,98.5266051543826,48114
"(0.9418479305417444, 0.988167361639188)",2,98.52652080003222,48116
"(0.8443691323092412, 0.9958292603453894)",1,98.52648400655258,48117
"(0.861111111111111, 1.0)",1,98.5264594483998,48118
"(0.979051756240299, 0.9958292603453894)",1,98.5264542434761,48119
"(0.8349489264123411, 1.0)",1,98.52631694876524,48120
"(0.9326599326599326, 0.9833229101521784)",1,98.52631221533665,48121
"(0.8599206349206349, 1.0)",1,98.52626114503995,48122
"(0.8942622047218923, 0.9873891625615764)",1,98.52622937732797,48123
"(0.7344692811916678, 1.0)",1,98.5261550737885,48124
"(0.9114218054477384, 0.9873891625615764)",1,98.52614122554212,48125
"(0.8372053872053872, 1.0)",1,98.52611288969943,48126
"(0.9228120179844318, 0.9873891625615764)",1,98.5260800712715,48127
"(0.893146638589877, 0.9882048106149588)",1,98.52607781798103,48128
"(0.9309821833269412, 0.988167361639188)",1,98.52606384650046,48129
"(0.8347775825943863, 0.9958292603453894)",1,98.52602909472397,48130
"(0.861111111111111, 1.0)",1,98.5259691380774,48131
"(0.9369138996969484, 0.9958292603453894)",1,98.52593169231776,48132
"(0.7944219523166891, 1.0)",1,98.52592934193356,48133
"(0.9412964149491664, 0.9873891625615764)",1,98.52592651720124,48134
"(0.950175761409158, 0.987463247273494)",2,98.52591954983764,48136
"(0.8137566137566138, 1.0)",1,98.5258866669014,48137
"(0.9496114574862204, 0.9873891625615764)",1,98.52579534762476,48138
"(0.7164894725870335, 1.0)",1,98.52572230521868,48139
"(0.5118261627427276, 0.9977203590215908)",1,98.52553170316644,48140
"(0.958227107069612, 0.9958292603453894)",1,98.52549801832524,48141
"(0.9133905806764424, 0.9916585206907788)",1,98.5253535423908,48142
"(0.514585158944719, 0.9988619159967322)",1,98.52529964555156,48143
"(0.9205517358458536, 0.9873891625615764)",1,98.52512496958728,48144
"(1.0, 1.0)",1,98.52512292812958,48145
"(0.9303715638302106, 0.986081059422206)",1,98.52511181077658,48146
"(0.8947046219773493, 0.988167361639188)",1,98.5251032939136,48147
"(0.8316498316498316, 1.0)",1,98.52504950138857,48148
"(0.933096859926128, 1.0)",1,98.52501261429244,48149
"(0.7060994560994561, 1.0)",1,98.52496697700543,48150
"(0.9295538313113396, 0.9958292603453894)",1,98.52496001769164,48151
"(0.91326516498939, 0.9873891625615764)",1,98.52495067467056,48152
"(0.9665755481078062, 1.0)",1,98.52486469934688,48153
"(0.7000013129045387, 1.0)",1,98.52483017893206,48154
"(0.9496114574862204, 0.9873891625615764)",2,98.52482649793204,48156
"(0.9027777777777778, 0.986081059422206)",1,98.52481765239888,48157
"(0.9206165335472736, 0.9958292603453894)",1,98.52471488326948,48158
"(0.9250222656674272, 0.9958292603453894)",1,98.52454873291954,48159
"(0.9166145507608924, 1.0)",1,98.52454208336113,48160
"(0.507482960719107, 0.9987499746026686)",1,98.52453817612869,48161
"(0.9747273037595618, 0.9789043140767278)",1,98.52450568585888,48162
"(0.9309821833269412, 0.988167361639188)",1,98.52447628966311,48163
"(0.9165164082221422, 0.986081059422206)",1,98.52438438294644,48164
"(0.9747273037595618, 0.9958292603453894)",1,98.52426044437432,48165
"(0.9326599326599326, 1.0)",1,98.52425777347858,48166
"(0.6747507742934573, 1.0)",1,98.52425398079164,48167
"(0.7802197802197803, 1.0)",1,98.52416401859574,48168
"(0.9958292603453894, 0.9958292603453894)",1,98.52414677103154,48169
"(0.8726893261776982, 0.988167361639188)",2,98.52412426268816,48171
"(0.7818150074652026, 0.9988619159967322)",1,98.52412075345556,48172
"(0.9369138996969484, 0.9958292603453894)",1,98.52401053433984,48173
"(0.9365496267832196, 0.9874877810361682)",1,98.52400326485451,48174
"(0.5073536286909905, 0.9992416608232524)",1,98.52399786201003,48175
"(0.987463247273494, 0.9958292603453894)",1,98.52394869033331,48176
"(0.4955558486584263, 0.9950001562744178)",1,98.5236652310712,48177
"(0.7962102115226081, 0.988167361639188)",1,98.5236462796326,48178
"(0.9833229101521784, 1.0)",2,98.5236313103076,48180
"(0.4957093292502148, 0.9992416608232524)",1,98.52362304130168,48181
"(0.813515418166581, 0.988167361639188)",1,98.5235460852283,48182
"(0.9506533178503804, 1.0)",1,98.52346344715951,48183
"(0.8443691323092412, 0.9916585206907788)",1,98.52345057278916,48184
"(0.9457018956165067, 0.9958292603453894)",1,98.52335368437156,48185
"(0.931200007971039, 0.9873891625615764)",1,98.52334187280682,48186
"(0.8449978636391381, 0.9882048106149588)",1,98.52333561330862,48187
"(0.9830687830687832, 0.9958292603453894)",1,98.52322638268734,48188
"(0.9669795885118464, 0.9958292603453894)",1,98.52316693953942,48189
"(0.8970129352925051, 0.9873891625615764)",1,98.52314278548567,48190
"(0.9299507899507898, 0.986081059422206)",2,98.52314084736604,48192
"(0.4955558486584263, 0.9975)",1,98.52308959378313,48193
"(0.8916052423523688, 0.9873891625615764)",1,98.52294052740385,48194
"(0.9958292603453894, 1.0)",1,98.52291500626016,48195
"(0.9707136080238548, 0.987491854024112)",1,98.52290627436938,48196
"(0.9586562930696936, 0.9832925076188832)",1,98.52289903536294,48197
"(0.8694224991654613, 0.988167361639188)",1,98.52283093667468,48198
"(0.8506653943511476, 0.991206314397104)",1,98.52278950929724,48199
"(0.5910166282704363, 0.9988619159967322)",1,98.52277275993676,48200
"(0.9166682405676116, 1.0)",1,98.52275118745249,48201
"(0.8478418336329888, 0.991206314397104)",1,98.52273170004088,48202
"(0.8471527473990528, 1.0)",1,98.5227114310379,48203
"(0.91326516498939, 0.9873891625615764)",1,98.52262901412666,48204
"(0.9161952650324744, 1.0)",1,98.52260091707036,48205
"(0.7574146783449108, 1.0)",1,98.52251203503072,48206
"(0.8804215399610136, 0.991206314397104)",1,98.522499779297,48207
"(0.4790513120764785, 0.9987499746026686)",1,98.52240807189564,48208
"(0.8547756205106323, 0.9882048106149588)",2,98.52240294000268,48210
"(0.8970129352925051, 0.9873891625615764)",1,98.52234351987212,48211
"(0.9958292603453894, 0.9958292603453894)",1,98.5222920981076,48212
"(0.8796475392220073, 1.0)",1,98.52201231125358,48213
"(0.9746854694957162, 0.9958292603453894)",1,98.52195199185373,48214
"(0.9497171590194846, 1.0)",1,98.52194047685828,48215
"(0.9665831244778612, 1.0)",1,98.521909370048,48216
"(0.8762860082304527, 1.0)",1,98.52190249307372,48217
"(0.8796475392220073, 1.0)",1,98.52185568044248,48218
"(0.812557599070401, 1.0)",1,98.52181687414912,48219
"(0.979055829228243, 0.9958292603453894)",1,98.52178481887516,48220
"(0.8347775825943863, 0.9958292603453894)",1,98.5216312646842,48221
"(0.7656073923822403, 1.0)",1,98.52157886668736,48222
"(0.4747763864042934, 1.0)",1,98.52155056643086,48223
"(0.9499687304565352, 1.0)",1,98.52152951525338,48224
"(0.9230468061350414, 0.987463247273494)",1,98.52151358118904,48225
"(0.8976982097186702, 1.0)",1,98.52149158251072,48226
"(0.91326516498939, 0.9916339869281046)",1,98.52146939849804,48227
"(0.457262827025654, 0.9988619159967322)",3,98.52146665737182,48230
"(0.8810064268049709, 0.991206314397104)",1,98.5214603817164,48231
"(0.7155555555555556, 1.0)",1,98.52143313925954,48232
"(0.987463247273494, 0.9958292603453894)",1,98.52138590447753,48233
"(0.8064997018485391, 0.988167361639188)",1,98.52120039916308,48234
"(0.8310777799491891, 0.9882048106149588)",1,98.52114576439972,48235
"(0.9442283950617284, 1.0)",1,98.52109040431748,48236
"(0.7030539311241066, 1.0)",1,98.52108010130944,48237
"(0.8341307814992026, 0.9833229101521784)",1,98.52107053551218,48238
"(0.844988344988345, 1.0)",1,98.52106195977603,48239
"(0.8425483191745751, 0.9882048106149588)",1,98.52096598753674,48240
"(0.9279680209218476, 0.9958292603453894)",1,98.52094815741596,48241
"(0.9876066164491212, 0.9958292603453894)",1,98.52092373353894,48242
"(0.917849761232425, 1.0)",1,98.52091692809236,48243
"(0.9198255060602112, 0.9916585206907788)",1,98.520878554253,48244
"(0.91326516498939, 0.9916339869281046)",1,98.5207670706504,48245
"(0.972281746031746, 0.9861673414304992)",1,98.52072466750111,48246
"(0.9398731501057084, 0.988167361639188)",1,98.52068889759283,48247
"(0.8312205288949474, 0.9882048106149588)",1,98.520685536865,48248
"(0.9876106894370652, 0.9958292603453894)",1,98.52063512412695,48249
"(0.903667392883079, 1.0)",1,98.52055671950208,48250
"(0.9623066688389268, 0.9958292603453894)",1,98.52050080509612,48251
"(0.9037258879440732, 0.9861673414304992)",1,98.52047330440968,48252
"(0.3921761406909921, 1.0)",1,98.52044021898392,48253
"(0.81893131227901, 1.0)",1,98.52043256864827,48254
"(1.0, 1.0)",1,98.52036816446731,48255
"(0.9497171590194848, 1.0)",1,98.52034408676012,48256
"(0.987491854024112, 0.9916625936787228)",1,98.52032732084932,48257
"(0.6521663785997688, 1.0)",2,98.5202936279466,48259
"(0.757745166550198, 1.0)",1,98.5202546238784,48260
"(0.8848000715856217, 1.0)",1,98.52008851503057,48261
"(0.7545469576719577, 1.0)",1,98.52005067518158,48262
"(0.9669558693467613, 0.9916585206907788)",1,98.5200460039735,48263
"(0.8916052423523688, 0.9873891625615764)",1,98.51987624917967,48264
"(0.4525211933060535, 0.9996210215628012)",1,98.51987619465848,48265
"(0.8137865219658889, 1.0)",1,98.51986449095769,48266
"(0.9444901834607716, 0.9861673414304992)",1,98.5195895610956,48267
"(0.9832965806068272, 0.9958292603453894)",1,98.51951938748353,48268
"(0.7946380416968652, 0.9958292603453894)",1,98.51949717370243,48269
"(0.7673678366541239, 0.9882048106149588)",1,98.5194825438432,48270
"(0.9699183291713004, 0.9958292603453894)",1,98.5194512348156,48271
"(0.6638632083547339, 0.986081059422206)",1,98.51944108967088,48272
"(0.9398731501057084, 0.988167361639188)",1,98.5193988290544,48273
"(0.8222222222222222, 1.0)",1,98.51937457552717,48274
"(0.917655049465296, 0.9958292603453894)",1,98.51932214792686,48275
"(0.917415489944373, 1.0)",2,98.51929659958132,48277
"(0.8916052423523688, 0.9873891625615764)",2,98.51929530232206,48279
"(0.8635976129582268, 1.0)",1,98.51927300275868,48280
"(0.7962102115226081, 0.988167361639188)",1,98.51925060998,48281
"(0.7802197802197803, 1.0)",2,98.51923958905095,48283
"(0.9125533644430458, 0.9873891625615764)",1,98.51911892379188,48284
"(0.9444901834607716, 0.9861673414304992)",2,98.51910113456223,48286
"(0.859499940327008, 0.986081059422206)",1,98.51910062239315,48287
"(0.4845066627893052, 0.9984817852901372)",1,98.5190724337548,48288
"(0.8840048840048841, 0.9833229101521784)",1,98.51906605314204,48289
"(0.9300671002153482, 0.9861673414304992)",1,98.51903685748412,48290
"(0.7996376811594202, 0.986081059422206)",1,98.51890893564544,48291
"(0.9309821833269412, 0.988167361639188)",2,98.5187934695059,48293
"(0.9581458989353726, 1.0)",1,98.51858021039008,48294
"(0.7962102115226081, 0.988167361639188)",1,98.51857651635882,48295
"(0.94291309888229, 0.991206314397104)",1,98.51856521808402,48296
"(0.9444901834607716, 0.9861673414304992)",1,98.51850891952851,48297
"(0.9205517358458536, 0.9873891625615764)",1,98.5184922781238,48298
"(0.9830687830687832, 0.9958292603453894)",1,98.51846520110466,48299
"(0.961552316099405, 0.9958292603453894)",1,98.51845504731814,48300
"(0.9398731501057084, 0.988167361639188)",1,98.51844019618709,48301
"(0.9282083232965586, 0.9873891625615764)",1,98.51834986377762,48302
"(0.9440529448756316, 0.9861673414304992)",1,98.51830268985763,48303
"(0.9029281534808432, 0.9861673414304992)",1,98.5182948021348,48304
"(0.9747838672665278, 1.0)",1,98.5182676390196,48305
"(0.2537048100490196, 0.9981012669018314)",1,98.5182584946931,48306
"(0.8732774170274171, 1.0)",1,98.5181433788196,48307
"(0.991777356103732, 0.9958292603453894)",1,98.51797416228052,48308
"(0.9583930063253372, 1.0)",1,98.51796865754412,48309
"(0.8449978636391381, 0.9882048106149588)",1,98.51787359540894,48310
"(0.5734466317588319, 0.9969573675011548)",3,98.51786321912331,48313
"(0.8996392387758612, 0.9873891625615764)",1,98.51784434865992,48314
"(0.8697983697983697, 1.0)",1,98.51781903439148,48315
"(0.9496114574862204, 0.9916339869281046)",1,98.51780619117864,48316
"(0.9436368312757202, 0.9861673414304992)",1,98.517715074809,48317
"(0.9153127183787562, 0.9861673414304992)",1,98.5177089767432,48318
"(0.8726893261776982, 0.988167361639188)",1,98.5176865478107,48319
"(0.492807005588115, 0.9987499746026686)",1,98.51768002317584,48320
"(0.9440529448756316, 0.9861673414304992)",1,98.517615874597,48321
"(0.7075825156110616, 0.991206314397104)",1,98.51745105671571,48322
"(0.9403679612329746, 0.9916339869281046)",1,98.51735607614351,48323
"(0.8970129352925051, 0.9873891625615764)",1,98.51732518665987,48324
"(0.7404350561362756, 0.9861673414304992)",1,98.5172618655626,48325
"(0.9436368312757202, 0.9861673414304992)",1,98.51722584000376,48326
"(0.9874762808349148, 0.9958292603453894)",1,98.51719841208492,48327
"(0.9125533644430458, 0.9873891625615764)",1,98.5170778595502,48328
"(0.9833251873574456, 0.9958292603453894)",1,98.51700761466708,48329
"(0.5697493278919207, 0.9988619159967322)",3,98.51696729797176,48332
"(0.9326599326599326, 1.0)",1,98.51689053278852,48333
"(0.7996376811594202, 1.0)",1,98.51686743967596,48334
"(0.7344692811916678, 1.0)",1,98.51685360229216,48335
"(1.0, 0.9833229101521784)",1,98.51685094136512,48336
"(0.8229870141950848, 1.0)",1,98.51682806777214,48337
"(0.831031066037186, 0.988167361639188)",2,98.51671809023216,48339
"(0.91326516498939, 0.9873891625615764)",1,98.51667949648908,48340
"(0.917655049465296, 0.9958292603453894)",1,98.51663466711162,48341
"(0.9832965806068272, 0.9958292603453894)",1,98.51660576154217,48342
"(0.831031066037186, 0.988167361639188)",2,98.51649936063582,48344
"(0.8432903075760217, 1.0)",1,98.51638340291314,48345
"(1.0, 1.0)",1,98.51628708237294,48346
"(0.8970129352925051, 0.9873891625615764)",1,98.51625560279008,48347
"(0.9177366931314298, 0.9832184229069656)",1,98.51623872351908,48348
"(0.8222222222222222, 1.0)",2,98.51622228849554,48350
"(0.8040695048423352, 1.0)",1,98.51619794344202,48351
"(0.8974984433303618, 0.9873891625615764)",1,98.51607099484984,48352
"(0.902898027898028, 0.9861310021084456)",1,98.51601798055758,48353
"(0.9153439153439156, 1.0)",1,98.51601504122856,48354
"(0.7498057498057498, 1.0)",1,98.51592338238402,48355
"(0.7340930674264007, 1.0)",2,98.5157657251318,48357
"(1.0, 0.9833229101521784)",1,98.51573900354391,48358
"(0.9499687304565352, 1.0)",1,98.51572623799969,48359
"(0.9125533644430458, 0.9873891625615764)",1,98.51568335255848,48360
"(0.808446455505279, 1.0)",1,98.51567999365965,48361
"(1.0, 0.9833229101521784)",1,98.51567630771744,48362
"(0.6804620726495727, 1.0)",1,98.5155438985546,48363
"(0.9665831244778612, 1.0)",1,98.51550840238644,48364
"(0.91326516498939, 0.9873891625615764)",1,98.51549839996348,48365
"(0.9295946890286512, 1.0)",1,98.51546767167405,48366
"(0.9466127311522048, 0.991206314397104)",1,98.51537333886216,48367
"(0.9147764646501256, 0.9958292603453894)",1,98.51536389858306,48368
"(0.7503607503607503, 1.0)",1,98.51520254368944,48369
"(0.94291309888229, 0.991206314397104)",1,98.51508584125158,48370
"(0.7090909090909091, 1.0)",1,98.51503926934504,48371
"(0.8814814814814814, 1.0)",1,98.51499669363156,48372
"(0.9114218054477384, 0.9873891625615764)",1,98.51492267458072,48373
"(0.8976982097186702, 1.0)",2,98.51492051466376,48375
"(0.9750072792119512, 1.0)",1,98.51487377928962,48376
"(0.9497171590194846, 1.0)",1,98.51484381208034,48377
"(0.7277677677677677, 1.0)",1,98.5148311613158,48378
"(0.962699692780338, 0.9958292603453894)",1,98.5148087663238,48379
"(0.4598735113246818, 1.0)",1,98.5148026260084,48380
"(0.9539225495593684, 0.9958292603453894)",1,98.51478311804698,48381
"(0.8847822547822548, 0.9861673414304992)",1,98.51477762004092,48382
"(0.457262827025654, 0.9981012669018314)",1,98.5147705073938,48383
"(0.9418479305417444, 0.988167361639188)",2,98.51476367252772,48385
"(0.6815232656375146, 1.0)",1,98.5147063066414,48386
"(0.9318989327022218, 0.9873891625615764)",1,98.51461353696084,48387
"(0.6831352928913905, 1.0)",1,98.51461060132203,48388
"(0.979055829228243, 0.9958292603453894)",1,98.51459830290888,48389
"(0.813515418166581, 0.988167361639188)",1,98.5145546913037,48390
"(0.8229870141950848, 0.986081059422206)",2,98.5145258014888,48392
"(0.9331662489557228, 1.0)",1,98.5145232490272,48393
"(0.9916585206907788, 0.9958292603453894)",2,98.51452315563408,48395
"(0.9436368312757202, 0.9861310021084456)",2,98.51441284439704,48397
"(0.8676532769556025, 1.0)",1,98.51437579282182,48398
"(0.8476190476190477, 1.0)",1,98.5142857142857,48399
"(0.7880931329207191, 1.0)",1,98.51427670865732,48400
"(0.91326516498939, 0.9873891625615764)",1,98.5142029497534,48401
"(0.9228120179844318, 0.9873891625615764)",1,98.51417989097722,48402
"(0.902012682657844, 0.9958292603453894)",1,98.5141788924643,48403
"(0.9665831244778612, 1.0)",1,98.51396420409624,48404
"(0.7449564180930641, 1.0)",1,98.51384310702116,48405
"(0.93795454842108, 0.9873891625615764)",1,98.51383221327126,48406
"(0.8065954953750508, 0.9882048106149588)",1,98.51364224981104,48407
"(0.9003556829643787, 0.9665831244778612)",2,98.51364147987864,48409
"(0.8016677935542034, 1.0)",1,98.51356064998284,48410
"(0.7999088007295942, 0.988167361639188)",1,98.51355153624122,48411
"(0.8635976129582268, 1.0)",1,98.51336995683002,48412
"(0.6215073982652175, 0.9882048106149588)",1,98.51334743117984,48413
"(0.8687499999999999, 0.988167361639188)",2,98.51330850340904,48415
"(0.6825396825396824, 0.9833229101521784)",1,98.51330691907468,48416
"(0.7786375661375661, 0.986081059422206)",1,98.51330005629444,48417
"(1.0, 1.0)",1,98.5132954530214,48418
"(1.0, 1.0)",1,98.51326929621048,48419
"(0.9498370804822418, 0.9873891625615764)",1,98.51324691123662,48420
"(0.8916052423523688, 0.9873891625615764)",1,98.51323095857182,48421
"(0.9833229101521784, 1.0)",1,98.51319947527844,48422
"(0.8249504969211211, 0.988167361639188)",1,98.51319667463072,48423
"(0.8506653943511476, 0.991206314397104)",1,98.51316900068667,48424
"(0.8065954953750508, 1.0)",1,98.51308886754622,48425
"(0.6384521701955596, 0.991206314397104)",1,98.51301902977306,48426
"(0.9749625285109156, 0.9958292603453894)",1,98.51283148355782,48427
"(0.9243707071934514, 0.9873891625615764)",1,98.5128099657751,48428
"(0.9792766373411534, 0.9958292603453894)",2,98.51279834682596,48430
"(0.9262130464282252, 0.991206314397104)",1,98.51269277903944,48431
"(0.9498370804822418, 0.9873891625615764)",1,98.51260962751437,48432
"(0.4782989297130066, 0.9996210215628012)",3,98.51244526284869,48435
"(0.9369808292429718, 0.9916585206907788)",1,98.51243386757116,48436
"(0.8249504969211211, 0.988167361639188)",1,98.51232524855642,48437
"(1.0, 1.0)",1,98.51217782879516,48438
"(0.7075825156110616, 0.991206314397104)",1,98.51202787604292,48439
"(0.8329156223893065, 1.0)",1,98.51200038997952,48440
"(0.8266173510466989, 1.0)",1,98.51193680196651,48441
"(0.8068904981347378, 1.0)",1,98.51193273978006,48442
"(0.8976982097186702, 1.0)",1,98.5119290496005,48443
"(0.8586166985951469, 1.0)",1,98.5118069980033,48444
"(0.9161379295307868, 1.0)",1,98.51177627294668,48445
"(0.9442283950617284, 1.0)",1,98.51173292162964,48446
"(0.9326599326599326, 1.0)",1,98.51158270429224,48447
"(0.9958292603453894, 0.9958292603453894)",1,98.5115507002281,48448
"(0.950297813353496, 0.9958292603453894)",1,98.51154677522264,48449
"(0.9165164082221422, 0.986081059422206)",1,98.51154462531056,48450
"(0.9282083232965586, 0.9873891625615764)",1,98.51152935149123,48451
"(0.602662742458966, 1.0)",3,98.5114586710274,48454
"(0.9630015205821658, 0.9958292603453894)",1,98.5114426737234,48455
"(0.8016677935542034, 1.0)",1,98.51135760108828,48456
"(0.9167853751187084, 0.986081059422206)",1,98.51133535309025,48457
"(0.8312205288949474, 0.9882048106149588)",1,98.51123016145372,48458
"(0.9126251340467026, 0.9958292603453894)",1,98.51121487715132,48459
"(0.9153439153439152, 1.0)",1,98.5111326524346,48460
"(0.9131856219190184, 0.9958292603453894)",2,98.51109278407328,48462
"(0.826388888888889, 1.0)",1,98.51109190968722,48463
"(0.893146638589877, 0.9882048106149588)",1,98.51104824306574,48464
"(0.8158879904162925, 1.0)",1,98.51104135359118,48465
"(0.9198255060602112, 0.9958292603453894)",1,98.51100709264864,48466
"(0.9916585206907788, 0.9958292603453894)",2,98.5109617978658,48468
"(0.94291309888229, 0.991206314397104)",1,98.5109520328522,48469
"(0.8390424521630195, 0.9861673414304992)",1,98.51094527469569,48470
"(0.859499940327008, 0.986081059422206)",1,98.51091484990476,48471
"(0.7374768177381903, 0.991206314397104)",1,98.51089703495006,48472
"(0.8420013166556946, 1.0)",1,98.51073477257158,48473
"(0.4776542240827955, 1.0)",1,98.51068414346054,48474
"(0.9262130464282252, 0.991206314397104)",1,98.51064362875526,48475
"(0.944563492063492, 1.0)",1,98.51059199009804,48476
"(0.9169719169719168, 1.0)",1,98.510585706721,48477
"(0.5958288378267684, 0.9992416608232524)",3,98.51050943578224,48480
"(0.944120583717358, 0.9958292603453894)",1,98.51046665878054,48481
"(0.8996392387758612, 0.9873891625615764)",1,98.5104177073525,48482
"(0.9262130464282252, 0.991206314397104)",2,98.51025511157242,48484
"(0.9746535316523212, 0.9958292603453894)",2,98.51024095061436,48486
"(0.930704099821747, 0.986081059422206)",1,98.5102354244576,48487
"(0.7647742788871822, 1.0)",1,98.5100356013773,48488
"(0.8762860082304527, 1.0)",1,98.50995771708727,48489
"(0.7479743867590829, 0.986081059422206)",1,98.50987848512928,48490
"(0.6886904761904762, 1.0)",1,98.50987367499457,48491
"(0.931200007971039, 0.9873891625615764)",1,98.5098524791311,48492
"(0.9125533644430458, 0.9873891625615764)",1,98.50981108824378,48493
"(0.9876221896383188, 0.9958292603453894)",1,98.50980099656545,48494
"(0.8333192389006343, 0.988167361639188)",2,98.50980007827948,48496
"(0.893146638589877, 0.9885557944107872)",1,98.50974851145412,48497
"(1.0, 1.0)",1,98.50962796899044,48498
"(0.8687499999999999, 0.988167361639188)",2,98.50958328524987,48500
"(0.8732774170274171, 0.986081059422206)",1,98.50957009190348,48501
"(0.9158007932517735, 0.986081059422206)",1,98.50955679431198,48502
"(0.9833040078201368, 0.9958292603453894)",2,98.5094701168296,48504
"(0.4076247491511041, 0.9992416608232524)",1,98.5094565459448,48505
"(0.8420013166556946, 1.0)",1,98.50941802638408,48506
"(0.9916585206907788, 0.9958292603453894)",1,98.5091036523968,48507
"(0.9158007932517735, 0.986081059422206)",2,98.5090200659356,48509
"(0.9303715638302106, 0.986081059422206)",1,98.50894390252762,48510
"(0.9377148530109056, 0.991206314397104)",1,98.5089434530753,48511
"(0.8333192389006343, 0.988167361639188)",1,98.50889763220252,48512
"(0.9295946890286512, 1.0)",1,98.50869290824392,48513
"(0.9293300445873568, 0.9873891625615764)",1,98.50855141005384,48514
"(0.9018806250259218, 1.0)",1,98.50852524689014,48515
"(0.902764590611026, 0.9958292603453894)",1,98.50835836835395,48516
"(0.8916052423523688, 0.9873891625615764)",1,98.50835816436523,48517
"(0.882673371045464, 1.0)",1,98.50831645599088,48518
"(0.9228120179844318, 0.9873891625615764)",1,98.50813764378246,48519
"(0.8845578466141503, 1.0)",1,98.50812486304638,48520
"(0.9580602951397298, 0.9958292603453894)",1,98.5079055588225,48521
"(0.9497171590194848, 1.0)",1,98.50779070753686,48522
"(0.920238255356524, 0.9916339869281046)",1,98.50772678222977,48523
"(0.9834358767945106, 0.9958292603453894)",1,98.50770299690473,48524
"(0.8796475392220073, 1.0)",1,98.5075044790994,48525
"(0.7090909090909091, 1.0)",1,98.5074526671446,48526
"(0.8760238095238095, 0.9958292603453894)",1,98.50742040057138,48527
"(0.931200007971039, 0.9873891625615764)",1,98.50737729803238,48528
"(0.8947046219773493, 0.988167361639188)",1,98.50736217771244,48529
"(0.8916052423523688, 0.9958292603453894)",1,98.50728768502545,48530
"(0.9165164082221422, 1.0)",1,98.50727663270985,48531
"(0.8432903075760217, 0.986081059422206)",1,98.50724949908891,48532
"(0.9833229101521784, 1.0)",1,98.50723299715872,48533
"(0.8974984433303618, 0.9873891625615764)",1,98.50705600815805,48534
"(0.4806879036961406, 0.9912488373656227)",1,98.50704908027564,48535
"(0.8982888105990573, 0.979166518665308)",2,98.50702201647589,48537
"(0.9791258409522168, 0.9958292603453894)",1,98.50695935877064,48538
"(0.9496114574862204, 0.9873891625615764)",1,98.50694972061504,48539
"(0.8970129352925051, 0.9873891625615764)",1,98.50688167886838,48540
"(0.9199973910846122, 0.9873891625615764)",2,98.5068401313304,48542
"(0.7374768177381903, 0.991206314397104)",1,98.50670743857228,48543
"(0.8761383419447936, 0.9873891625615764)",1,98.50669525952864,48544
"(0.4897415065188988, 0.9977203590215908)",1,98.50668388385736,48545
"(0.8976982097186702, 1.0)",1,98.50666840550608,48546
"(0.9435817855979146, 0.987495927012056)",1,98.50664697041866,48547
"(0.9746535316523212, 0.9916585206907788)",1,98.50658435084176,48548
"(0.9199973910846122, 0.9873891625615764)",1,98.50657505559737,48549
"(0.8300265307680562, 1.0)",1,98.50655184108288,48550
"(0.8880984643179766, 1.0)",1,98.5065212481835,48551
"(0.7060994560994561, 1.0)",1,98.50650186201366,48552
"(0.8222222222222222, 1.0)",2,98.50637190775134,48554
"(0.9228120179844318, 0.9873891625615764)",1,98.50630280511996,48555
"(0.6760014179369018, 1.0)",2,98.50627755885776,48557
"(0.972420634920635, 0.9861673414304992)",1,98.50624064574308,48558
"(0.934052618378994, 0.9873891625615764)",1,98.50620441972572,48559
"(0.90650529457547, 0.9873891625615764)",1,98.50611743363322,48560
"(0.9833229101521784, 1.0)",1,98.5060607303914,48561
"(0.9365116126406448, 0.9916339869281046)",1,98.50604527728926,48562
"(0.485879976270526, 0.9981012669018314)",1,98.5060439849414,48563
"(0.8449978636391381, 0.9882048106149588)",1,98.50584799749431,48564
"(0.972420634920635, 0.9861673414304992)",1,98.50581311477846,48565
"(0.8942622047218923, 0.9873891625615764)",1,98.50571495533516,48566
"(0.8016677935542034, 1.0)",1,98.50571033010904,48567
"(0.9029281534808432, 0.9861673414304992)",1,98.5056410555968,48568
"(0.7340930674264006, 1.0)",1,98.50556445609485,48569
"(0.9125533644430458, 0.9873891625615764)",2,98.50555900363328,48571
"(0.9543883398911862, 0.9958292603453894)",1,98.50552871948196,48572
"(0.9583930063253372, 1.0)",1,98.50533777349467,48573
"(0.9496114574862204, 0.9873891625615764)",2,98.5053290244319,48575
"(0.9114218054477384, 0.9873891625615764)",1,98.50525335310007,48576
"(0.8814814814814814, 1.0)",1,98.50518453837978,48577
"(0.972281746031746, 0.9861673414304992)",1,98.50514687134503,48578
"(0.6760835913312693, 1.0)",1,98.5051325812663,48579
"(0.9008627640703112, 1.0)",1,98.50508278183769,48580
"(0.8942622047218923, 0.9873891625615764)",1,98.5049935823412,48581
"(0.4971911339651811, 0.9981012669018314)",3,98.50495771279252,48584
"(0.7168719671519223, 0.991206314397104)",1,98.50484921894872,48585
"(0.9873891625615764, 1.0)",1,98.50480881681766,48586
"(0.972281746031746, 0.9861673414304992)",1,98.50476562583953,48587
"(0.9300671002153482, 0.9861673414304992)",1,98.50473645944814,48588
"(0.8942622047218923, 0.9873891625615764)",1,98.5046335676372,48589
"(0.8158879904162925, 1.0)",1,98.50460583300033,48590
"(0.9444901834607716, 0.9861673414304992)",1,98.50459453364984,48591
"(0.9442283950617284, 1.0)",1,98.50456834404172,48592
"(0.9436368312757202, 0.9861673414304992)",1,98.50456604443252,48593
"(0.9157097551404952, 0.9958292603453894)",1,98.50452970769298,48594
"(0.8229870141950848, 1.0)",2,98.50451604800338,48596
"(0.9916585206907788, 0.9958292603453894)",1,98.50445775378138,48597
"(0.972281746031746, 0.9861673414304992)",1,98.50445391602364,48598
"(0.837707400507675, 1.0)",1,98.50437406717434,48599
"(0.8726893261776982, 0.988167361639188)",1,98.5043706889332,48600
"(0.9958292603453894, 0.9958292603453894)",2,98.50437015370522,48602
"(0.9746854694957162, 0.9958292603453894)",1,98.50434537008042,48603
"(0.9436368312757202, 0.9861673414304992)",1,98.50429991192954,48604
"(0.4566269759061861, 0.9992416608232524)",3,98.5042804528303,48607
"(0.9303715638302106, 1.0)",1,98.50426752264153,48608
"(0.9309821833269412, 0.988167361639188)",1,98.50412804907452,48609
"(0.8877034517510707, 0.9861673414304992)",1,98.50411254912837,48610
"(0.9437903841498612, 1.0)",1,98.50400973026748,48611
"(0.9436368312757202, 0.9861673414304992)",1,98.50400146310167,48612
"(0.9705906996229576, 0.9958292603453894)",1,98.5039931814707,48613
"(0.7075825156110616, 0.991206314397104)",1,98.50397619451876,48614
"(0.9916585206907788, 0.9958292603453894)",1,98.50395295178768,48615
"(0.9297326845255915, 0.987463247273494)",1,98.50393772626954,48616
"(0.9299160159815896, 0.9861673414304992)",1,98.50392049069109,48617
"(0.8877034517510707, 0.9861673414304992)",1,98.50389602936296,48618
"(0.893146638589877, 1.0)",2,98.50378232705192,48620
"(0.9293598200132946, 0.9861673414304992)",1,98.50376620762472,48621
"(0.8312205288949474, 1.0)",1,98.50376502770185,48622
"(0.8513842746400886, 0.9885557944107872)",1,98.50373898016088,48623
"(0.9228120179844318, 0.9873891625615764)",1,98.50372532028396,48624
"(0.6733821733821733, 1.0)",1,98.50370668598164,48625
"(0.9153127183787562, 0.9861673414304992)",1,98.50366442069205,48626
"(0.9412964149491664, 0.9873891625615764)",2,98.5035885034903,48628
"(0.9666562434855118, 1.0)",1,98.5035642285945,48629
"(0.9295946890286512, 1.0)",1,98.50353514345964,48630
"(0.9206165335472736, 0.9958292603453894)",1,98.503476363176,48631
"(0.9303715638302106, 0.986081059422206)",2,98.50343509113068,48633
"(0.972281746031746, 0.9861673414304992)",1,98.50343137915044,48634
"(0.9300671002153482, 0.9861673414304992)",2,98.50333193541432,48636
"(0.9436368312757202, 0.9861673414304992)",1,98.5033295705198,48637
"(1.0, 1.0)",1,98.50331907562828,48638
"(0.8468951683237397, 1.0)",1,98.50308983944257,48639
"(0.8879608405415911, 0.988167361639188)",1,98.50308013981,48640
"(0.8916052423523688, 0.9873891625615764)",1,98.5030536513916,48641
"(0.8976982097186702, 1.0)",1,98.50302952801523,48642
"(0.8068904981347378, 1.0)",1,98.50301502551068,48643
"(0.9293300445873568, 0.9873891625615764)",1,98.50295725188128,48644
"(0.9496114574862204, 0.9873891625615764)",1,98.50288682542129,48645
"(0.8016677935542034, 1.0)",1,98.50287078795968,48646
"(0.7222222222222221, 0.9833229101521784)",1,98.50286197697908,48647
"(0.3812518212810579, 0.9992416608232524)",1,98.5026039320493,48648
"(0.8341307814992026, 0.9833229101521784)",1,98.50256708811206,48649
"(0.9874762808349148, 0.9958292603453894)",1,98.50242821548834,48650
"(0.9873891625615764, 0.9958292603453894)",1,98.50238252071703,48651
"(0.831031066037186, 0.988167361639188)",1,98.50231893583442,48652
"(0.8694224991654613, 0.988167361639188)",1,98.5022644322188,48653
"(0.4525211933060535, 0.9992416608232524)",3,98.50222503090676,48656
"(0.7090909090909091, 1.0)",2,98.5022144661993,48658
"(0.9250222656674272, 0.9916666666666668)",1,98.50219336334304,48659
"(0.8222222222222222, 1.0)",1,98.50201137468773,48660
"(0.9374843410636878, 0.9873484848484848)",1,98.50187188763172,48661
"(0.7453091184935634, 0.991206314397104)",1,98.5017953302864,48662
"(1.0, 1.0)",1,98.5017493336788,48663
"(0.6766917293233082, 1.0)",1,98.5017278781534,48664
"(0.8300265307680562, 1.0)",1,98.50172237532048,48665
"(0.9131856219190184, 0.9958292603453894)",1,98.50165778714398,48666
"(0.9665831244778612, 1.0)",1,98.50159208739151,48667
"(0.6575398846941737, 0.9882048106149588)",1,98.50146223907416,48668
"(0.8425483191745751, 0.9882048106149588)",1,98.50142905943169,48669
"(0.9153127183787562, 0.9861310021084456)",1,98.50139665862764,48670
"(0.7675138481590094, 0.986081059422206)",1,98.50138882903532,48671
"(0.93795454842108, 0.9873891625615764)",1,98.50131591323404,48672
"(0.8847822547822548, 0.9861673414304992)",1,98.50128442858716,48673
"(0.979051756240299, 0.9958292603453894)",2,98.50127176919342,48675
"(0.8847822547822548, 0.9861673414304992)",2,98.50125755180744,48677
"(0.9833229101521784, 1.0)",1,98.50120514295376,48678
"(0.94291309888229, 0.991206314397104)",1,98.50118737931383,48679
"(0.9496114574862204, 0.9873891625615764)",1,98.50117873514054,48680
"(0.9114218054477384, 0.9873891625615764)",1,98.50114365704394,48681
"(0.9153127183787562, 0.9861310021084456)",1,98.50110735126464,48682
"(0.9161952650324744, 1.0)",1,98.50109409439824,48683
"(0.96220700758815, 0.9873891625615764)",1,98.50108501607836,48684
"(0.933096859926128, 1.0)",1,98.5010753266334,48685
"(0.5910680656443368, 1.0)",1,98.5010478128334,48686
"(0.9300671002153482, 0.9861310021084456)",1,98.50102874473914,48687
"(0.9205517358458536, 0.9873891625615764)",1,98.5009392357406,48688
"(0.8579868984630887, 1.0)",1,98.50084471849765,48689
"(0.3817304812095882, 1.0)",3,98.50072985734629,48692
"(0.9414878248464588, 0.9958292603453894)",1,98.50072802397992,48693
"(0.8907966222338917, 0.9958292603453894)",1,98.5007059899904,48694
"(0.9326599326599326, 1.0)",1,98.50059016648817,48695
"(0.485092970675409, 1.0)",3,98.50040368207222,48698
"(0.9749625285109156, 0.9958292603453894)",1,98.5003919554494,48699
"(0.8312205288949474, 0.9882048106149588)",1,98.5003564936746,48700
"(0.813515418166581, 0.988167361639188)",1,98.50033473436768,48701
"(0.9153127183787562, 0.9861310021084456)",1,98.50033251658942,48702
"(0.8947046219773493, 0.988167361639188)",1,98.50019096071838,48703
"(0.7673678366541239, 0.9882048106149588)",1,98.5001248931581,48704
"(0.9206165335472736, 0.9958292603453894)",1,98.50002709459038,48705
"(0.9746854694957162, 0.9958292603453894)",1,98.5000067113523,48706
"(0.7453091184935634, 0.991206314397104)",2,98.4999879462288,48708
"(0.7673678366541239, 1.0)",2,98.49990788863158,48710
"(0.9126251340467026, 0.9916585206907788)",1,98.49988879923312,48711
"(0.5070372093557577, 1.0)",1,98.49987976286864,48712
"(1.0, 0.9833229101521784)",2,98.49974650108994,48714
"(0.9262130464282252, 0.991206314397104)",1,98.49972694111808,48715
"(0.9442283950617284, 1.0)",1,98.49961115888654,48716
"(0.8916052423523688, 0.9873891625615764)",2,98.4996048239077,48718
"(0.8694224991654613, 0.988167361639188)",1,98.49947663044486,48719
"(0.8308201058201059, 0.9861673414304992)",1,98.49946727660524,48720
"(0.920238255356524, 0.9832925076188832)",1,98.49945715792208,48721
"(0.8222222222222222, 1.0)",2,98.49945197094831,48723
"(0.7673678366541239, 0.9882048106149588)",1,98.49944594494562,48724
"(0.8247905643738976, 1.0)",1,98.49940491739564,48725
"(0.9916585206907788, 0.9958292603453894)",1,98.49940303716626,48726
"(0.9665831244778612, 0.9833229101521784)",1,98.4993863645982,48727
"(0.9034438470728792, 0.9916585206907788)",1,98.49915335728814,48728
"(0.7647742788871822, 1.0)",1,98.49909628447922,48729
"(0.9499687304565352, 0.9833229101521784)",1,98.4990619136961,48730
"(0.7083333333333334, 1.0)",1,98.4990243361102,48731
"(0.9665831244778612, 0.9833229101521784)",1,98.4989992178696,48732
"(0.8974984433303618, 0.9873891625615764)",1,98.49894354896114,48733
"(0.8694224991654613, 0.988167361639188)",1,98.49886795431652,48734
"(0.8600291387756281, 0.9958292603453894)",1,98.49881502094692,48735
"(0.8996392387758612, 0.9873891625615764)",1,98.4986551837509,48736
"(0.8796475392220073, 1.0)",1,98.49857427804169,48737
"(0.8315416458960965, 0.988167361639188)",2,98.49856986107882,48739
"(0.9649790647893116, 0.9958292603453894)",1,98.49849536017516,48740
"(0.8845424223473003, 1.0)",1,98.49837214771355,48741
"(0.5070372093557577, 1.0)",2,98.4983684008827,48743
"(0.8333192389006343, 0.988167361639188)",2,98.49832460325511,48745
"(0.9746535316523212, 0.9791258409522168)",1,98.4982673182755,48746
"(0.8847822547822548, 0.9861310021084456)",3,98.4982659555781,48749
"(0.8974984433303618, 0.9873891625615764)",1,98.4982537507005,48750
"(0.9018806250259218, 1.0)",1,98.4981442247989,48751
"(0.9622634791942192, 0.9916585206907788)",1,98.49814052063606,48752
"(0.9833229101521784, 1.0)",2,98.49809432416346,48754
"(0.6825396825396824, 1.0)",1,98.49806247661054,48755
"(0.9466127311522048, 0.991206314397104)",1,98.49791736834496,48756
"(0.8586166985951469, 1.0)",1,98.49784812387492,48757
"(0.9707802886550516, 0.9958292603453894)",1,98.49781250639404,48758
"(0.4923104882535888, 0.9987499746026686)",1,98.49781156180524,48759
"(0.916104916104916, 1.0)",1,98.4977155204324,48760
"(0.8476190476190477, 1.0)",1,98.49760862443787,48761
"(0.9441595441595442, 0.986081059422206)",1,98.49751188286731,48762
"(0.7344692811916678, 1.0)",1,98.49749149042913,48763
"(0.9309821833269412, 0.988167361639188)",1,98.49746570464556,48764
"(0.9748850895736324, 0.970417267917268)",1,98.49741177933552,48765
"(0.5009421228446381, 0.9974998905914936)",1,98.49740471295624,48766
"(0.5132679944801238, 0.9981012669018314)",1,98.49740436133013,48767
"(0.93773047895128, 0.9958292603453894)",1,98.49728728059551,48768
"(0.8736897274633123, 1.0)",1,98.4971991945653,48769
"(0.9131856219190184, 0.9958292603453894)",1,98.49719713956016,48770
"(0.97934925289764, 0.9958292603453894)",1,98.49710521212631,48771
"(0.9331662489557224, 1.0)",1,98.49709639510218,48772
"(0.7632275132275131, 0.986081059422206)",1,98.49703508525728,48773
"(0.6747507742934573, 1.0)",1,98.4970291923419,48774
"(0.5450348040348041, 0.9984817852901372)",3,98.49702500700964,48777
"(1.0, 1.0)",2,98.49700501161992,48779
"(0.3565880743185461, 1.0)",3,98.4970040015442,48782
"(0.7999088007295942, 0.988167361639188)",1,98.49697162826853,48783
"(0.9131856219190184, 0.9958292603453894)",1,98.49695699801302,48784
"(0.9916585206907788, 0.9958292603453894)",1,98.4968900573956,48785
"(0.917849761232425, 0.9882048106149588)",1,98.49688778479454,48786
"(0.9027777777777778, 0.986081059422206)",1,98.49684959251218,48787
"(0.8817656528001355, 0.9916339869281046)",1,98.4967347617528,48788
"(0.7632275132275131, 0.986081059422206)",1,98.49667185937145,48789
"(0.8867361313822293, 0.9958292603453894)",1,98.49663164412206,48790
"(0.4776542240827955, 1.0)",1,98.4966291081347,48791
"(0.9665831244778612, 1.0)",1,98.49657010769964,48792
"(0.8928598364786969, 0.9958292603453894)",1,98.49654668606595,48793
"(0.4987398156700754, 0.9987499746026686)",1,98.49652635768476,48794
"(0.8916052423523688, 0.9873891625615764)",1,98.49648309830108,48795
"(0.9756244289830628, 0.9958292603453894)",1,98.49647117842706,48796
"(0.930704099821747, 0.986081059422206)",1,98.49643987964862,48797
"(0.9442283950617284, 0.986081059422206)",1,98.4963967915468,48798
"(0.4776542240827955, 1.0)",1,98.49631887909528,48799
"(0.9586562930696936, 0.987463247273494)",1,98.4961601888634,48800
"(0.8697983697983697, 1.0)",1,98.49611554343667,48801
"(0.8333192389006343, 0.988167361639188)",1,98.49608457426012,48802
"(0.7824110326372048, 0.988167361639188)",1,98.4960213374586,48803
"(0.9027777777777778, 0.986081059422206)",2,98.4960136479688,48805
"(0.9228120179844318, 0.9873891625615764)",1,98.49598737501373,48806
"(0.94291309888229, 0.991206314397104)",1,98.49589865994146,48807
"(0.9365496267832196, 0.9916585206907788)",1,98.4958426610144,48808
"(0.8165509259259259, 1.0)",1,98.4958174964932,48809
"(0.9166145507608924, 0.9833229101521784)",1,98.49577353275492,48810
"(0.4747763864042934, 1.0)",1,98.49576337872672,48811
"(0.9198255060602112, 0.9958292603453894)",1,98.49566803959924,48812
"(0.7083333333333334, 1.0)",2,98.49561343263387,48814
"(0.4553345256344744, 0.9987500214884376)",1,98.49560870628795,48815
"(0.3618298321342925, 0.9981012669018314)",1,98.4955698331799,48816
"(0.7651777469990767, 0.991206314397104)",1,98.49553410686896,48817
"(0.8887202421952387, 1.0)",1,98.49547974339517,48818
"(0.9158007932517735, 0.986081059422206)",1,98.49547714745952,48819
"(0.9326599326599326, 0.9833229101521784)",2,98.4953869928644,48821
"(0.9205517358458536, 0.9873891625615764)",1,98.49536367761397,48822
"(0.8813080639167598, 1.0)",1,98.49534559448776,48823
"(0.930704099821747, 1.0)",1,98.49532812095232,48824
"(0.8694224991654613, 0.988167361639188)",1,98.49532395720678,48825
"(0.9025186657697726, 0.9916585206907788)",1,98.49515071446984,48826
"(0.9295946890286512, 1.0)",1,98.49513490742508,48827
"(0.8970129352925051, 0.9873891625615764)",1,98.4950678995842,48828
"(0.6521663785997688, 0.9882048106149588)",1,98.49500718412835,48829
"(0.3660238527416034, 1.0)",1,98.49494999631808,48830
"(0.9299507899507898, 0.986081059422206)",1,98.49484543161262,48831
"(0.9582389563841176, 0.9958292603453894)",1,98.4948398301465,48832
"(0.7183489076634237, 0.986081059422206)",1,98.49461657456384,48833
"(0.4990204708059675, 0.9988619159967322)",3,98.49460425165996,48836
"(0.9581458989353726, 1.0)",1,98.49460149816682,48837
"(0.9504245882013664, 0.9958292603453894)",1,98.49458849393952,48838
"(0.8804215399610136, 0.991206314397104)",1,98.49457816554111,48839
"(0.6698155645524068, 1.0)",1,98.49453618052502,48840
"(0.7651777469990767, 0.991206314397104)",3,98.49445045626328,48843
"(0.7121693121693121, 1.0)",1,98.494415058597,48844
"(0.9230854791003976, 0.9873891625615764)",1,98.49437181333025,48845
"(0.916104916104916, 1.0)",1,98.4943664437947,48846
"(0.3464973708160582, 0.9996210215628012)",3,98.49428440400943,48849
"(0.8804215399610136, 0.991206314397104)",1,98.49423444753856,48850
"(0.979166518665308, 1.0)",1,98.49418383848868,48851
"(0.94291309888229, 0.991206314397104)",1,98.4941149017989,48852
"(0.9153439153439156, 1.0)",1,98.49401208283496,48853
"(0.9497171590194848, 1.0)",1,98.4939701781961,48854
"(0.9750481776288228, 0.9916585206907788)",1,98.49396871378386,48855
"(0.9230854791003976, 0.9873891625615764)",1,98.49394947050833,48856
"(0.987491854024112, 0.9873444118605408)",1,98.4938206587297,48857
"(0.9649790647893116, 0.9958292603453894)",1,98.49376725529976,48858
"(0.8468089381754635, 1.0)",1,98.49376432055438,48859
"(0.4747763864042934, 1.0)",1,98.4936460977882,48860
"(0.7042648709315374, 1.0)",2,98.49364501208868,48862
"(0.9580602951397298, 0.9958292603453894)",1,98.49364218045972,48863
"(0.7946380416968652, 0.9958292603453894)",1,98.49362131298167,48864
"(0.9228120179844318, 0.9873891625615764)",2,98.49361535167962,48866
"(0.7479743867590829, 0.986081059422206)",1,98.49358992717151,48867
"(0.8432903075760217, 0.986081059422206)",1,98.4934657488712,48868
"(0.94291309888229, 0.991206314397104)",1,98.49344752299956,48869
"(0.930124456440246, 1.0)",1,98.493428079498,48870
"(0.8432903075760217, 0.986081059422206)",1,98.49339331150736,48871
"(0.7344692811916678, 1.0)",1,98.49337090889844,48872
"(0.7965746171391332, 1.0)",1,98.4933445530862,48873
"(0.9377148530109056, 0.991206314397104)",1,98.49331134387104,48874
"(0.6179693015417549, 1.0)",1,98.49330426098616,48875
"(0.944563492063492, 1.0)",1,98.49320471683076,48876
"(0.961552316099405, 0.9958292603453894)",1,98.49318709966968,48877
"(0.9649790647893116, 0.9958292603453894)",1,98.4931645412499,48878
"(0.5070372093557577, 1.0)",1,98.49304087257032,48879
"(0.8726893261776982, 0.988167361639188)",1,98.49301316716594,48880
"(0.9114218054477384, 0.9873891625615764)",2,98.4928849137484,48882
"(0.8495378883833893, 0.9958292603453894)",1,98.49285154668388,48883
"(0.9189396095602992, 0.9958292603453894)",2,98.49271922299587,48885
"(0.6698155645524068, 1.0)",1,98.49269450969248,48886
"(0.7323695788812067, 0.988167361639188)",2,98.49266204212827,48888
"(0.972420634920635, 0.9861673414304992)",1,98.49265220491354,48889
"(0.8425483191745751, 1.0)",2,98.4926469552008,48891
"(0.9916666666666668, 0.9958292603453894)",1,98.49256124207676,48892
"(0.9279680209218476, 0.9958292603453894)",1,98.4925359350959,48893
"(0.9037258879440732, 0.9861673414304992)",1,98.4925171961904,48894
"(0.7632275132275131, 1.0)",1,98.49249779537406,48895
"(0.4957093292502148, 0.9996210215628012)",3,98.49245991806364,48898
"(0.599744651595403, 0.9992416608232524)",1,98.49245489207668,48899
"(0.9665831244778612, 1.0)",1,98.49240379573688,48900
"(0.5208957469413343, 0.9977203590215908)",1,98.49240256665516,48901
"(0.987463247273494, 0.9958292603453894)",1,98.49237547758604,48902
"(0.8887202421952387, 1.0)",1,98.4922676113876,48903
"(0.7673678366541239, 0.9882048106149588)",1,98.49225127297302,48904
"(0.9665831244778612, 1.0)",1,98.49218537752492,48905
"(0.94484126984127, 0.9861673414304992)",1,98.4921816131381,48906
"(0.9438271604938272, 0.9861673414304992)",1,98.49205054957729,48907
"(0.9182966261114094, 0.9916585206907788)",1,98.4920420406608,48908
"(0.9916585206907788, 0.9958292603453894)",1,98.49196218809908,48909
"(0.8805377184744008, 0.987463247273494)",1,98.4919401534874,48910
"(0.9009287520039462, 1.0)",1,98.49193531327776,48911
"(0.8432903075760217, 1.0)",1,98.4919183143289,48912
"(0.9707136080238548, 0.9958292603453894)",1,98.49190580183412,48913
"(0.6238255567452281, 1.0)",1,98.49187289946762,48914
"(0.9297812306740878, 1.0)",1,98.4917634247291,48915
"(0.9454999712494968, 0.9958292603453894)",1,98.4917485999617,48916
"(0.6544644252235129, 1.0)",1,98.49173463645704,48917
"(0.8845578466141503, 1.0)",1,98.49172669057154,48918
"(0.9295946890286512, 1.0)",3,98.49166122751352,48921
"(0.8635976129582268, 1.0)",1,98.49163782296984,48922
"(0.8796475392220073, 1.0)",1,98.49157921672024,48923
"(0.9916625936787228, 0.9958292603453894)",1,98.4915726123161,48924
"(0.957630187612848, 0.9873891625615764)",1,98.4915518501816,48925
"(0.4987398156700754, 1.0)",1,98.49145349164276,48926
"(0.9205517358458536, 0.9873891625615764)",1,98.4914394795513,48927
"(0.9438271604938272, 0.9861673414304992)",1,98.49141935222104,48928
"(0.9497171590194846, 1.0)",1,98.49133268180826,48929
"(0.9749395281084088, 0.9958292603453894)",1,98.49132323696742,48930
"(0.837707400507675, 1.0)",1,98.49128325830014,48931
"(0.4133101229894375, 0.9992416608232524)",1,98.49120352602992,48932
"(0.9444901834607716, 0.9861673414304992)",1,98.49118878740836,48933
"(0.9029281534808432, 0.9861673414304992)",1,98.49111377077374,48934
"(0.9444901834607716, 0.9861673414304992)",1,98.49103378304682,48935
"(0.9666562434855118, 1.0)",1,98.49103170511604,48936
"(0.6907243513029603, 1.0)",1,98.49100282900731,48937
"(0.9750481776288228, 0.9958292603453894)",1,98.4909552597713,48938
"(0.6052212368618619, 0.9984817852901372)",1,98.490891461845,48939
"(0.9498370804822418, 0.9873891625615764)",1,98.49088554679469,48940
"(0.8552744708994707, 1.0)",1,98.4908267938832,48941
"(0.9916585206907788, 0.9958292603453894)",1,98.4907854054986,48942
"(0.893146638589877, 0.9882048106149588)",1,98.49078387333918,48943
"(0.972420634920635, 0.9861673414304992)",1,98.4907454138502,48944
"(0.9958292603453894, 0.9958292603453894)",1,98.49072443350708,48945
"(0.1843201651472994, 1.0)",3,98.49071658699556,48948
"(0.861111111111111, 1.0)",1,98.49064747569363,48949
"(0.9444901834607716, 0.9861673414304992)",1,98.49064254607448,48950
"(0.930704099821747, 0.986081059422206)",1,98.4906401214408,48951
"(0.9444901834607716, 0.9861673414304992)",1,98.49059603948449,48952
"(1.0, 1.0)",1,98.49044960101968,48953
"(0.9158409985615868, 0.9861673414304992)",1,98.49043724504676,48954
"(0.9293598200132946, 0.9861673414304992)",1,98.49043030758769,48955
"(0.931200007971039, 0.9873891625615764)",1,98.49041298850852,48956
"(0.8974984433303618, 0.9873891625615764)",1,98.49041278653544,48957
"(0.7802197802197803, 1.0)",1,98.49036211510165,48958
"(0.975195619792394, 0.9958292603453894)",1,98.4903050816488,48959
"(0.9916585206907788, 0.9958292603453894)",1,98.4901770435908,48960
"(0.9436368312757202, 0.9861673414304992)",1,98.49017204905168,48961
"(0.9153127183787562, 0.9861673414304992)",2,98.49007999892623,48963
"(0.9153127183787562, 0.9861673414304992)",2,98.4900436596042,48965
"(0.7077308656256025, 1.0)",1,98.49003350094488,48966
"(0.8877034517510707, 0.9861673414304992)",1,98.49003349987072,48967
"(0.8877034517510707, 0.9861673414304992)",1,98.48999716054868,48968
"(0.8312205288949474, 0.9882048106149588)",1,98.48995157532542,48969
"(0.972281746031746, 0.9861673414304992)",1,98.48994031238136,48970
"(0.8877034517510707, 0.9861673414304992)",1,98.48992448190458,48971
"(0.9300671002153482, 0.9861673414304992)",1,98.48989367262664,48972
"(0.9454999712494968, 0.9958292603453894)",1,98.4898691642872,48973
"(0.8495378883833893, 0.9958292603453894)",1,98.48981010749776,48974
"(0.9153127183787562, 0.9861673414304992)",1,98.48977469506832,48975
"(0.9444901834607716, 0.9861673414304992)",2,98.48975240772016,48977
"(0.8296970789758384, 1.0)",1,98.48965904223115,48978
"(0.8796475392220073, 1.0)",1,98.48961283885156,48979
"(0.8877034517510707, 0.9861673414304992)",2,98.48961053780212,48981
"(0.8347775825943863, 0.9958292603453894)",1,98.48960515337848,48982
"(0.9410852767304382, 0.9916585206907788)",1,98.48958678281436,48983
"(0.8329050741331443, 1.0)",2,98.48958031985693,48985
"(0.8506653943511476, 0.991206314397104)",1,98.48954153755852,48986
"(0.970619176311776, 0.9958292603453894)",1,98.48946370861312,48987
"(0.9916585206907788, 0.9958292603453894)",1,98.48933284498614,48988
"(0.93795454842108, 0.9873891625615764)",1,98.48930421939043,48989
"(0.5082177015724898, 0.9975)",1,98.4892234950203,48990
"(0.93773047895128, 0.9958292603453894)",1,98.48922152589628,48991
"(0.7344692811916678, 1.0)",1,98.48918828515318,48992
"(0.9114218054477384, 0.983545503234046)",1,98.4891365884532,48993
"(0.927082576248316, 0.9834113430318364)",1,98.48912824751982,48994
"(0.9623066688389268, 0.9958292603453894)",1,98.48912161728386,48995
"(0.91326516498939, 0.9916339869281046)",1,98.4890315106101,48996
"(0.9243707071934514, 0.9873891625615764)",1,98.48902850520314,48997
"(0.8860455063826657, 0.9861673414304992)",2,98.4889800060936,48999
"(0.4845066627893052, 0.9992416608232524)",3,98.48892975983252,49002
"(0.7999088007295942, 0.988167361639188)",1,98.48889608772858,49003
"(0.7711781618000022, 1.0)",1,98.48887441714754,49004
"(0.9153127183787562, 0.9861673414304992)",1,98.4888642521278,49005
"(0.7962102115226081, 0.988167361639188)",1,98.48882946667112,49006
"(0.8319340617212959, 1.0)",1,98.4887828210516,49007
"(0.4971911339651811, 0.9977203590215908)",3,98.48870109855416,49010
"(0.9496114574862204, 0.9873891625615764)",1,98.48848753726162,49011
"(0.9114218054477384, 0.9873891625615764)",1,98.48845741291028,49012
"(0.8885714285714285, 1.0)",1,98.48841426306848,49013
"(0.916110211619383, 0.9873891625615764)",1,98.48839407032838,49014
"(0.8633762288330498, 1.0)",2,98.48832027451296,49016
"(0.987463247273494, 0.9958292603453894)",1,98.48831178696574,49017
"(0.8947046219773493, 0.988167361639188)",1,98.4882310640029,49018
"(0.9832965806068272, 0.9958292603453894)",1,98.48821811522475,49019
"(1.0, 1.0)",2,98.4882025727558,49021
"(0.9295946890286512, 0.9861673414304992)",1,98.48807147800468,49022
"(0.9068759224041408, 0.9873891625615764)",1,98.48796670601328,49023
"(0.8847822547822548, 0.9861673414304992)",1,98.48790326619287,49024
"(0.8711095549330844, 0.9861673414304992)",1,98.48782063207663,49025
"(0.91326516498939, 0.9873891625615764)",1,98.48781710580478,49026
"(1.0, 1.0)",3,98.487811291907,49029
"(0.8101143854687974, 0.986081059422206)",2,98.4878040332553,49031
"(0.9243707071934514, 0.9873891625615764)",1,98.48772417529004,49032
"(0.927082576248316, 0.987463247273494)",1,98.48759086788723,49033
"(0.9444901834607716, 0.9861673414304992)",1,98.48758123129969,49034
"(0.6784722222222224, 1.0)",1,98.48756165925484,49035
"(0.9114218054477384, 0.9873891625615764)",1,98.48748528574107,49036
"(0.4117984546686067, 0.9975000781372088)",3,98.48747873686426,49039
"(0.8847822547822548, 0.9861673414304992)",1,98.48746416632268,49040
"(0.9333044546043194, 0.9916585206907788)",1,98.48744453636304,49041
"(0.5910680656443368, 1.0)",1,98.48736958849685,49042
"(0.9199973910846122, 0.9873891625615764)",1,98.48733696609752,49043
"(0.9621616286938868, 0.9958292603453894)",1,98.48730237477436,49044
"(0.9301209372637944, 0.9861310021084456)",1,98.48726683843236,49045
"(0.9831777451938742, 0.9958292603453894)",1,98.48721382057428,49046
"(0.5070372093557577, 1.0)",1,98.48719429511053,49047
"(0.4937125269096371, 1.0)",3,98.4871901380531,49050
"(0.4345640839445211, 1.0)",3,98.48713468486504,49053
"(0.934052618378994, 0.9873891625615764)",1,98.487130957179,49054
"(0.4722366884143547, 0.9974998905914936)",1,98.487122188449,49055
"(0.7999088007295942, 0.988167361639188)",1,98.48708330317685,49056
"(0.9454999712494968, 0.9958292603453894)",1,98.48699468772377,49057
"(0.8847822547822548, 0.9861673414304992)",1,98.486949748021,49058
"(0.8976982097186702, 1.0)",1,98.4869032609156,49059
"(0.9436368312757202, 0.9861310021084456)",1,98.48686011627544,49060
"(0.9454999712494968, 0.9916585206907788)",1,98.48682699458212,49061
"(0.8294970161977834, 1.0)",1,98.48668147582126,49062
"(0.9498370804822418, 0.9873891625615764)",1,98.48660881343112,49063
"(0.9280317595086728, 0.9958292603453894)",1,98.48658662831872,49064
"(0.950175761409158, 0.987463247273494)",2,98.48653251438772,49066
"(0.6804620726495727, 1.0)",3,98.48648403781684,49069
"(0.9444901834607716, 0.9861310021084456)",3,98.48648186873532,49072
"(0.9300671002153482, 0.9861310021084456)",1,98.48647081583468,49073
"(0.9205517358458536, 0.9873891625615764)",1,98.48634843907853,49074
"(0.944120583717358, 0.9832925076188832)",1,98.4862507984196,49075
"(0.931200007971039, 0.9873891625615764)",1,98.48620101316313,49076
"(1.0, 1.0)",1,98.48618208720974,49077
"(0.5807100687237674, 1.0)",1,98.48615815425843,49078
"(0.5070372093557577, 1.0)",1,98.48608529299334,49079
"(0.940928587432546, 0.9873891625615764)",1,98.4860678007676,49080
"(0.9833251873574456, 0.9958292603453894)",1,98.48606618900722,49081
"(0.7675138481590094, 1.0)",2,98.4860439513986,49083
"(0.9398731501057084, 0.988167361639188)",1,98.485760000476,49084
"(0.9792406033772258, 0.9958292603453894)",1,98.48568557876855,49085
"(0.8840455840455841, 1.0)",1,98.4856331912032,49086
"(0.8694224991654613, 0.988167361639188)",1,98.4856303901041,49087
"(1.0, 1.0)",1,98.48556013491374,49088
"(0.9125533644430458, 0.9873891625615764)",1,98.4855379028536,49089
"(0.3860590631364562, 0.9981012669018314)",3,98.48544067686282,49092
"(0.8467532467532467, 1.0)",1,98.48543964465122,49093
"(0.8929015655249481, 0.9958292603453894)",1,98.48541199900023,49094
"(0.9333044546043194, 0.9916585206907788)",1,98.48538292382914,49095
"(0.8726893261776982, 0.988167361639188)",1,98.48536904261964,49096
"(0.9790693693461476, 0.9958292603453894)",1,98.48536433830164,49097
"(0.97495917428555, 0.9958292603453894)",1,98.48524776528348,49098
"(0.3865130008203705, 0.9996210215628012)",3,98.4852102035384,49101
"(0.8847822547822548, 0.9861310021084456)",1,98.4851987684884,49102
"(0.9293300445873568, 0.9873891625615764)",1,98.4851526910334,49103
"(0.9384174012481092, 0.9916585206907788)",1,98.48491405514336,49104
"(0.7250237826596757, 1.0)",1,98.48483757816928,49105
"(0.757745166550198, 1.0)",1,98.4846633530296,49106
"(0.9744745723240348, 0.9958292603453894)",1,98.484607548492,49107
"(0.9326599326599326, 1.0)",1,98.4845294596317,49108
"(0.978932178932179, 0.9958292603453894)",1,98.48451977114463,49109
"(0.8633762288330498, 1.0)",1,98.48450731684969,49110
"(0.8916052423523688, 0.9873891625615764)",1,98.48445559663082,49111
"(0.7880931329207191, 1.0)",1,98.48442537482414,49112
"(0.9326599326599326, 1.0)",1,98.48436134393582,49113
"(0.9206165335472736, 0.9958292603453894)",2,98.4843377975604,49115
"(0.9326599326599326, 1.0)",1,98.48432051663131,49116
"(0.9748076591340348, 1.0)",1,98.48432038689263,49117
"(0.9832965806068272, 0.9958292603453894)",1,98.48421682199722,49118
"(0.9368376974614298, 0.9916666666666668)",1,98.48420396263522,49119
"(0.8847822547822548, 0.9861310021084456)",1,98.48410789642004,49120
"(0.9293300445873568, 0.9873891625615764)",1,98.48407380407858,49121
"(0.9788980434141724, 0.9958292603453894)",1,98.4839417399272,49122
"(0.9326599326599326, 1.0)",1,98.48391307664032,49123
"(0.9829909379735984, 0.9958292603453894)",1,98.48391095437722,49124
"(0.9326599326599326, 1.0)",1,98.48385038081383,49125
"(0.7374768177381903, 0.991206314397104)",1,98.48382884257047,49126
"(0.930124456440246, 1.0)",1,98.48377434282966,49127
"(0.8761383419447936, 0.9916339869281046)",1,98.48369939427144,49128
"(0.893146638589877, 1.0)",1,98.4836636029726,49129
"(0.9666562434855118, 1.0)",2,98.48348996612626,49131
"(0.9384174012481092, 0.9958292603453894)",1,98.4834732040951,49132
"(0.8730304179305696, 0.988167361639188)",1,98.48345710873608,49133
"(0.8064997018485391, 0.988167361639188)",1,98.4834303550959,49134
"(0.812557599070401, 1.0)",1,98.48328887268886,49135
"(0.9874762808349148, 0.9958292603453894)",1,98.4832332322064,49136
"(0.8101143854687974, 0.986081059422206)",1,98.48319765329464,49137
"(0.9369138996969484, 0.9916585206907788)",1,98.48306503454224,49138
"(0.97899550533801, 0.9958292603453894)",1,98.48303699813626,49139
"(0.8341307814992026, 1.0)",1,98.48303432854136,49140
"(0.9833229101521784, 1.0)",1,98.48300081034355,49141
"(0.8867361313822293, 0.9916666666666668)",1,98.48294635335738,49142
"(0.9441792447111594, 0.986081059422206)",2,98.4829132284631,49144
"(0.7962102115226081, 0.988167361639188)",2,98.48279975110644,49146
"(0.9833040078201368, 0.9958292603453894)",1,98.48279173603466,49147
"(0.9466127311522048, 0.991206314397104)",2,98.48272801925656,49149
"(0.8341307814992026, 1.0)",1,98.48267051733036,49150
"(0.8547756205106323, 0.9882048106149588)",1,98.4826148822753,49151
"(0.6713315879864084, 1.0)",3,98.4825742064013,49154
"(0.8887202421952387, 0.986081059422206)",1,98.48255640849575,49155
"(0.9499687304565352, 0.9833229101521784)",1,98.48242651657289,49156
"(0.7294281157362763, 1.0)",1,98.48242486894408,49157
"(0.8733799478600891, 0.987463247273494)",1,98.4824101192708,49158
"(0.7632275132275131, 1.0)",2,98.48240345664412,49160
"(0.8372053872053872, 1.0)",1,98.48239888666566,49161
"(0.9499687304565352, 0.9833229101521784)",1,98.48238482384828,49162
"(1.0, 0.9833229101521784)",2,98.48238482384828,49164
"(1.0, 0.9833229101521784)",1,98.48233255120294,49165
"(0.8736897274633123, 0.986081059422206)",1,98.48229424650356,49166
"(0.8468089381754635, 1.0)",1,98.48229411116466,49167
"(0.9229651974750014, 0.9873891625615764)",1,98.48226370160232,49168
"(0.9665831244778612, 0.9833229101521784)",1,98.48225943219528,49169
"(0.8848000715856217, 1.0)",1,98.482238241441,49170
"(0.9398731501057084, 0.988167361639188)",1,98.48222573475522,49171
"(0.8456659619450317, 0.988167361639188)",1,98.48212661086669,49172
"(0.92132700797001, 0.9790476832523552)",2,98.48212023480347,49174
"(0.8907966222338917, 0.9958292603453894)",1,98.48210769086108,49175
"(0.9665831244778612, 1.0)",1,98.4820917860188,49176
"(0.8016677935542034, 1.0)",1,98.48190717078064,49177
"(0.901575014782562, 0.986081059422206)",1,98.48180068409006,49178
"(0.9667018107340688, 0.9916585206907788)",1,98.48176082513218,49179
"(1.0, 0.9833229101521784)",1,98.4817531158995,49180
"(0.813515418166581, 0.988167361639188)",1,98.4817225814574,49181
"(0.9057330122004186, 0.991206314397104)",1,98.48168741696318,49182
"(0.8694224991654613, 0.988167361639188)",1,98.48166024757548,49183
"(0.8762860082304527, 1.0)",1,98.48164520132738,49184
"(0.9293300445873568, 0.9873891625615764)",1,98.48156156686596,49185
"(0.9293300445873568, 0.9873891625615764)",1,98.48155625144577,49186
"(0.8732774170274171, 1.0)",2,98.48145122106123,49188
"(0.8813080639167598, 1.0)",1,98.48132303058364,49189
"(0.7372334455667788, 1.0)",2,98.48128960795256,49191
"(0.9707136080238548, 0.9958292603453894)",1,98.48116057773822,49192
"(0.9114218054477384, 0.9873891625615764)",1,98.48113186677416,49193
"(1.0, 1.0)",1,98.48111683740862,49194
"(0.6384521701955596, 0.991206314397104)",1,98.48110953133512,49195
"(0.8996392387758612, 0.9873891625615764)",1,98.4810988815859,49196
"(0.8065954953750508, 0.9882048106149588)",1,98.4810297900199,49197
"(0.9243707071934514, 0.9873891625615764)",1,98.4810271147326,49198
"(0.6784722222222224, 1.0)",1,98.48097328076288,49199
"(0.8942622047218923, 0.9873891625615764)",1,98.48094644422572,49200
"(0.7713401051412279, 1.0)",1,98.48091548988631,49201
"(0.9262130464282252, 0.991206314397104)",1,98.48084885688128,49202
"(0.8468951683237397, 1.0)",1,98.48079144657451,49203
"(0.1639212100182649, 0.9996210215628012)",3,98.4807730102837,49206
"(0.8996392387758612, 0.9873891625615764)",1,98.48071462230456,49207
"(0.4961453064375241, 0.9975)",1,98.48070042883396,49208
"(0.844988344988345, 1.0)",1,98.48066724068484,49209
"(0.8137865219658889, 1.0)",1,98.48061683874852,49210
"(0.9620528801064364, 0.9873891625615764)",1,98.4805018655101,49211
"(0.8840455840455841, 1.0)",4,98.48041918302027,49215
"(0.9958292603453894, 0.9958292603453894)",1,98.4804184506859,49216
"(0.598886017848201, 0.9992416608232524)",1,98.48041074261192,49217
"(0.8760238095238095, 0.9958292603453894)",2,98.480368289796,49219
"(0.7323695788812067, 0.988167361639188)",1,98.4803449619791,49220
"(0.9333333333333332, 1.0)",1,98.48031429449463,49221
"(0.837707400507675, 1.0)",1,98.48022265480772,49222
"(0.8887202421952387, 1.0)",1,98.4800164387058,49223
"(0.91326516498939, 0.9873891625615764)",1,98.47996542503572,49224
"(0.6698155645524068, 1.0)",1,98.47994659419064,49225
"(0.8947046219773493, 0.988167361639188)",2,98.47991263631084,49227
"(0.831031066037186, 0.988167361639188)",1,98.47989231644004,49228
"(0.9665831244778612, 1.0)",1,98.47986704614152,49229
"(0.9791332681655264, 0.991777356103732)",1,98.479850147149,49230
"(0.8687499999999999, 0.988167361639188)",1,98.47979348911588,49231
"(0.8942622047218923, 0.9873891625615764)",1,98.47976091138048,49232
"(0.8796475392220073, 1.0)",1,98.479647539222,49233
"(0.8471527473990528, 1.0)",1,98.4795752702359,49234
"(0.7651777469990767, 0.991206314397104)",1,98.47956452979776,49235
"(0.8478418336329888, 0.991206314397104)",2,98.4795438245115,49237
"(0.987491854024112, 0.9958292603453894)",1,98.47951207286076,49238
"(0.4845066627893052, 1.0)",1,98.47949960755246,49239
"(0.9496114574862204, 0.9916339869281046)",1,98.47945052558129,49240
"(0.9833229101521784, 1.0)",1,98.47935761664476,49241
"(0.8997493734335841, 1.0)",2,98.47934795780868,49243
"(0.3217323575783004, 1.0)",1,98.47934302379764,49244
"(0.4590791029805835, 0.9987500214884376)",3,98.47933049701912,49247
"(0.9791332681655264, 0.9958292603453894)",1,98.47923349158482,49248
"(0.5096884338097788, 0.9992416608232524)",3,98.47919988208636,49251
"(0.962505246140658, 0.9958292603453894)",1,98.47919048962936,49252
"(0.9228120179844318, 0.9873891625615764)",1,98.47918751194216,49253
"(0.9408664065499008, 0.988167361639188)",1,98.47915287185072,49254
"(0.8974984433303618, 0.9873891625615764)",1,98.47912194601037,49255
"(0.5361367504335325, 0.9992416608232524)",1,98.47909879891256,49256
"(0.9442283950617284, 0.986081059422206)",1,98.47907685109926,49257
"(0.9326599326599326, 1.0)",1,98.47905066697496,49258
"(0.9161952650324744, 1.0)",1,98.47899746069726,49259
"(1.0, 0.9958292603453894)",1,98.47895721959412,49260
"(0.9658159033159032, 0.9958292603453894)",1,98.47888718038334,49261
"(0.3984101488896291, 1.0)",1,98.47887335838196,49262
"(0.9088918165958012, 0.9873891625615764)",1,98.47882397909892,49263
"(0.9126251340467026, 0.9916666666666668)",1,98.47880600236334,49264
"(0.6886904761904762, 1.0)",1,98.47879572491657,49265
"(0.9037258879440732, 0.9861673414304992)",1,98.47875930099454,49266
"(0.91326516498939, 0.9873891625615764)",1,98.47875058012524,49267
"(0.8687499999999999, 0.988167361639188)",2,98.47861829684702,49269
"(0.9057330122004186, 0.991206314397104)",2,98.47861237578982,49271
"(0.8656578256578257, 0.9873891625615764)",1,98.47860059049826,49272
"(0.9876221896383188, 0.9827417027417028)",1,98.47858780366298,49273
"(0.8579868984630887, 1.0)",1,98.47858233453972,49274
"(0.398436071148475, 0.9996210215628012)",1,98.47855351385428,49275
"(0.9504245882013664, 0.9958292603453894)",1,98.4785043346016,49276
"(0.8947046219773493, 0.988167361639188)",1,98.47849470584596,49277
"(0.91326516498939, 0.9873891625615764)",1,98.47848687591348,49278
"(0.9153439153439152, 1.0)",1,98.47844892808732,49279
"(0.6591395909303083, 0.9996210215628012)",1,98.47831288035884,49280
"(0.9438271604938272, 0.9861673414304992)",1,98.4783038430674,49281
"(0.831031066037186, 0.988167361639188)",1,98.47820570926686,49282
"(0.8697983697983697, 1.0)",1,98.47808979566348,49283
"(0.8694224991654613, 0.988167361639188)",2,98.47800878632069,49285
"(0.9029281534808432, 0.9861673414304992)",1,98.47797904640056,49286
"(0.9581458989353726, 1.0)",1,98.47796835858028,49287
"(0.4923104882535888, 0.9975)",1,98.47795268855472,49288
"(0.9310483384791604, 0.9861673414304992)",1,98.477856005643,49289
"(0.9664171122994653, 0.9958292603453894)",1,98.47781756177508,49290
"(0.972420634920635, 0.9861673414304992)",1,98.47777827462782,49291
"(0.9029281534808432, 0.9861673414304992)",1,98.47777824380542,49292
"(0.8222222222222222, 1.0)",1,98.47776661433312,49293
"(0.8552744708994707, 1.0)",1,98.47775353778952,49294
"(0.8319340617212959, 1.0)",4,98.47772009592492,49298
"(0.9750481776288228, 0.9958292603453894)",1,98.47762751237316,49299
"(0.9229651974750014, 0.9873891625615764)",1,98.47762331902834,49300
"(0.97934925289764, 0.9958292603453894)",1,98.4775605152333,49301
"(0.6636745887678723, 1.0)",1,98.47754552314072,49302
"(0.9665831244778612, 1.0)",1,98.4775289636585,49303
"(0.9198255060602112, 0.9958292603453894)",1,98.47747951343378,49304
"(0.7962102115226081, 0.988167361639188)",1,98.47727478941492,49305
"(0.9444901834607716, 0.9861673414304992)",1,98.47724152178615,49306
"(0.9300671002153482, 0.9861673414304992)",1,98.4771996392071,49307
"(0.9300671002153482, 0.9861673414304992)",1,98.47719875476255,49308
"(0.9029281534808432, 0.9861673414304992)",1,98.47718282390106,49309
"(0.8976982097186702, 1.0)",1,98.47715871582116,49310
"(0.9496114574862204, 0.9916339869281046)",1,98.47714592062788,49311
"(0.6474192096347017, 0.9996210215628012)",1,98.4771219904429,49312
"(0.9418479305417444, 0.988167361639188)",1,98.47710304369102,49313
"(0.9228120179844318, 0.9873891625615764)",1,98.4770256880754,49314
"(0.7687400318979267, 1.0)",1,98.47702563352313,49315
"(0.8760238095238095, 0.9958292603453894)",1,98.4769104499399,49316
"(0.9160264866799612, 0.9861673414304992)",1,98.47689211355762,49317
"(0.8602631935965268, 0.9861673414304992)",1,98.47688439450326,49318
"(0.8435517970401691, 0.9882048106149588)",1,98.47687801710208,49319
"(0.8877034517510707, 0.9861673414304992)",2,98.47682189039972,49321
"(0.861111111111111, 1.0)",1,98.47675999156276,49322
"(0.972281746031746, 0.9861673414304992)",1,98.47673113499695,49323
"(0.8877034517510707, 0.9861673414304992)",2,98.47671934083289,49325
"(0.9500975805767078, 0.9958292603453894)",1,98.47671472919988,49326
"(0.94291309888229, 0.991206314397104)",1,98.47668055160732,49327
"(0.9160264866799612, 0.9861673414304992)",1,98.47654607013202,49328
"(0.972281746031746, 0.9861673414304992)",1,98.47650497589102,49329
"(0.9418479305417444, 0.988167361639188)",1,98.47648273367008,49330
"(0.5070372093557577, 1.0)",1,98.47646548196737,49331
"(0.8372053872053872, 1.0)",1,98.47639515290192,49332
"(0.9311507936507936, 0.9861673414304992)",1,98.47637213862971,49333
"(0.8814814814814814, 1.0)",1,98.47636991194618,49334
"(0.9444901834607716, 0.9861673414304992)",1,98.47636166905818,49335
"(0.9153127183787562, 0.9861673414304992)",1,98.47634250591244,49336
"(0.9153127183787562, 0.9861673414304992)",1,98.47633329241638,49337
"(0.8916052423523688, 0.9873891625615764)",1,98.47633127778477,49338
"(0.972420634920635, 0.9861673414304992)",1,98.47631393234856,49339
"(0.8600291387756281, 0.9958292603453894)",1,98.47627275546512,49340
"(0.9182966261114094, 0.9916585206907788)",1,98.47624228829056,49341
"(0.9444901834607716, 0.9861673414304992)",2,98.47614072833514,49343
"(0.7172410505743838, 1.0)",1,98.47607995479198,49344
"(0.987463247273494, 0.9958292603453894)",1,98.47605184021852,49345
"(0.947552083649559, 0.9958292603453894)",1,98.47603455842176,49346
"(0.9153127183787562, 0.9861673414304992)",1,98.47600854754278,49347
"(0.9454999712494968, 0.9958292603453894)",1,98.47595485032603,49348
"(0.8997493734335841, 1.0)",2,98.47595109019328,49350
"(0.8976982097186702, 1.0)",1,98.47590531232694,49351
"(0.8929015655249481, 0.9958292603453894)",1,98.4758790881855,49352
"(0.8877034517510707, 0.9861673414304992)",1,98.47585695676796,49353
"(0.9293598200132946, 0.9861673414304992)",1,98.47583959978624,49354
"(0.8329156223893065, 1.0)",2,98.47571623978564,49356
"(0.7999088007295942, 0.988167361639188)",1,98.47569441586003,49357
"(0.9438271604938272, 0.9861673414304992)",1,98.475682461225,49358
"(0.9384174012481092, 0.9916585206907788)",1,98.47565213031127,49359
"(0.9436368312757202, 0.9861673414304992)",3,98.47562659444542,49362
"(0.7903875985986362, 1.0)",2,98.47560359955584,49364
"(0.8694224991654613, 0.988167361639188)",2,98.47556634414896,49366
"(0.7418922540873759, 1.0)",1,98.47556100427504,49367
"(0.9282083232965586, 0.9873891625615764)",1,98.47553915924776,49368
"(0.9153127183787562, 0.9861673414304992)",2,98.47550945150796,49370
"(0.9295946890286512, 1.0)",1,98.47547743594016,49371
"(0.7687400318979267, 1.0)",1,98.47540239720136,49372
"(0.8586166985951469, 0.9861673414304992)",1,98.47532956282257,49373
"(0.9436368312757202, 0.9861673414304992)",1,98.47531900144487,49374
"(0.8467532467532467, 1.0)",1,98.47530132967805,49375
"(0.7372334455667788, 1.0)",1,98.47528731292984,49376
"(0.9155669599217986, 0.9861673414304992)",1,98.47526485309484,49377
"(0.8315474711586087, 0.9958292603453894)",2,98.47526402743942,49379
"(0.972281746031746, 0.9861673414304992)",2,98.47523096497255,49381
"(0.8586166985951469, 0.9861673414304992)",1,98.47521875777254,49382
"(0.8796475392220073, 1.0)",1,98.47509735199384,49383
"(0.7999088007295942, 0.988167361639188)",1,98.47506961971536,49384
"(0.8093386061814339, 1.0)",1,98.47505365942308,49385
"(0.7711781618000022, 1.0)",1,98.47504175857804,49386
"(0.4936062160591765, 0.9992416608232524)",2,98.47498760793482,49388
"(0.94291309888229, 0.991206314397104)",1,98.47498260625083,49389
"(0.9833040078201368, 0.9958292603453894)",1,98.47485583048964,49390
"(0.7903875985986362, 1.0)",1,98.474839745729,49391
"(0.9744745723240348, 0.9958292603453894)",1,98.47481547813996,49392
"(0.9418479305417444, 0.988167361639188)",1,98.47479609981455,49393
"(0.97495917428555, 0.9958292603453894)",1,98.47478098978254,49394
"(0.8796475392220073, 1.0)",1,98.47471032146846,49395
"(0.9744745723240348, 0.987491854024112)",1,98.47464041431569,49396
"(0.837707400507675, 1.0)",2,98.4745935863223,49398
"(0.9199973910846122, 0.9916339869281046)",1,98.47457235357432,49399
"(0.8533622685185187, 1.0)",1,98.47437231617975,49400
"(0.8687499999999999, 0.988167361639188)",1,98.47436903177427,49401
"(0.8694224991654613, 0.988167361639188)",1,98.4743365328048,49402
"(0.8586166985951469, 0.9861673414304992)",2,98.47420928923276,49404
"(0.9438271604938272, 0.9861673414304992)",1,98.47419764225856,49405
"(0.9309563801089225, 0.9861310021084456)",1,98.47413186446872,49406
"(0.8312205288949474, 1.0)",2,98.47412951750944,49408
"(0.8885714285714285, 1.0)",1,98.4741224099149,49409
"(0.7962102115226081, 0.988167361639188)",2,98.47411829738589,49411
"(0.8847822547822548, 0.9861673414304992)",1,98.47410039469392,49412
"(0.9309821833269412, 0.988167361639188)",1,98.47403540076056,49413
"(0.94291309888229, 0.991206314397104)",1,98.47403195870884,49414
"(0.9436368312757202, 0.9861673414304992)",1,98.47397043976396,49415
"(0.8110673829751791, 0.986081059422206)",1,98.47394444666938,49416
"(0.9833229101521784, 1.0)",1,98.47393162734062,49417
"(0.7962102115226081, 0.988167361639188)",2,98.47393076670812,49419
"(0.8748200797381125, 0.9861310021084456)",1,98.47392576437022,49420
"(0.861111111111111, 1.0)",1,98.47390637274988,49421
"(0.7294281157362763, 1.0)",1,98.47389166539494,49422
"(0.9398731501057084, 0.988167361639188)",1,98.47388068370452,49423
"(0.8687499999999999, 0.988167361639188)",1,98.4737141097696,49424
"(0.786508365740383, 1.0)",1,98.47370595116756,49425
"(0.9228120179844318, 0.9873891625615764)",1,98.47358076433662,49426
"(0.9750943974852894, 0.9958292603453894)",1,98.47357861908196,49427
"(0.7651777469990767, 0.991206314397104)",1,98.473567092806,49428
"(0.8726893261776982, 0.988167361639188)",1,98.47355909041649,49429
"(0.3919717474763624, 0.9992416608232524)",3,98.47355101317076,49432
"(0.9301209372637944, 0.9861310021084456)",1,98.4734203432268,49433
"(0.9167853751187084, 1.0)",1,98.47337549118264,49434
"(0.9665831244778612, 1.0)",1,98.4732772628947,49435
"(0.865581803207783, 0.991206314397104)",1,98.47323485961522,49436
"(0.90224161204236, 0.9861310021084456)",1,98.4732232098098,49437
"(0.9665831244778612, 1.0)",1,98.47321948180698,49438
"(0.9876066164491212, 0.9958292603453894)",1,98.47321520434052,49439
"(0.8495378883833893, 0.9958292603453894)",1,98.4731817457852,49440
"(0.97934925289764, 0.9958292603453894)",1,98.47317559366122,49441
"(0.8333192389006343, 0.988167361639188)",1,98.4731336242114,49442
"(0.8249504969211211, 0.988167361639188)",2,98.47312101894197,49444
"(0.8579868984630887, 1.0)",1,98.47309855643516,49445
"(0.7836974395113928, 0.988167361639188)",1,98.47307695340534,49446
"(0.9412957478808424, 0.987463247273494)",1,98.47307385422228,49447
"(0.9301209372637944, 0.9861310021084456)",1,98.47302318838278,49448
"(0.91326516498939, 0.9873891625615764)",1,98.47300565633964,49449
"(0.9833211143695014, 0.9958292603453894)",2,98.47300475951316,49451
"(1.0, 1.0)",1,98.4729627144713,49452
"(0.8916052423523688, 0.9873891625615764)",1,98.47292296002487,49453
"(0.4990204708059675, 1.0)",2,98.47291824476316,49455
"(0.987463247273494, 0.9958292603453894)",1,98.47283951153987,49456
"(0.8847822547822548, 0.9861673414304992)",1,98.47278666752364,49457
"(0.8533622685185187, 1.0)",1,98.4726794046624,49458
"(0.9280317595086728, 0.9958292603453894)",1,98.47258290860914,49459
"(0.837707400507675, 1.0)",1,98.47257411285584,49460
"(0.8847822547822548, 0.9861673414304992)",2,98.472550974506,49462
"(0.5476876946142314, 1.0)",1,98.4725344108646,49463
"(0.9746535316523212, 0.9958292603453894)",1,98.4724590993497,49464
"(0.9444901834607716, 1.0)",1,98.47245181620173,49465
"(0.9665831244778612, 1.0)",1,98.47244263332476,49466
"(0.786508365740383, 0.9882048106149588)",1,98.47243608634484,49467
"(0.6747507742934573, 1.0)",1,98.4723356868719,49468
"(0.9916585206907788, 0.9958292603453894)",1,98.4723198251513,49469
"(0.9609386607489072, 0.9958292603453894)",1,98.47231913485402,49470
"(0.5935341164785914, 1.0)",1,98.47228151047122,49471
"(0.9228120179844318, 0.9873891625615764)",1,98.47218733386624,49472
"(0.975195619792394, 0.9958292603453894)",1,98.4721260678665,49473
"(0.3618298321342925, 0.9981012669018314)",1,98.4720371295897,49474
"(0.9158007932517735, 1.0)",1,98.47201039499838,49475
"(0.9958292603453894, 0.9958292603453894)",1,98.47200362059668,49476
"(0.9437903841498612, 1.0)",2,98.47195892496136,49478
"(0.9009534009534008, 1.0)",1,98.47195586920846,49479
"(0.4609816352782865, 0.9988619159967322)",2,98.47187051594712,49481
"(0.8547756205106323, 0.9882048106149588)",1,98.47177003972487,49482
"(0.8761383419447936, 0.9873891625615764)",1,98.4717063207742,49483
"(0.916104916104916, 1.0)",1,98.47161456607446,49484
"(0.9086695042340204, 0.9958292603453894)",1,98.47157282327322,49485
"(0.8974984433303618, 0.9873891625615764)",1,98.47156192866346,49486
"(0.8676532769556025, 1.0)",1,98.47153994360936,49487
"(0.8467532467532467, 1.0)",1,98.47140610318894,49488
"(0.9262130464282252, 0.991206314397104)",1,98.47135226432664,49489
"(0.8867361313822293, 0.9916585206907788)",1,98.47132249050097,49490
"(0.6784722222222224, 1.0)",1,98.4712705835044,49491
"(0.9228120179844318, 0.9873891625615764)",1,98.47119879325868,49492
"(0.9332172991312776, 0.9958292603453894)",2,98.47117816747787,49494
"(0.835848883169409, 0.988167361639188)",1,98.47105905844246,49495
"(0.9665831244778612, 1.0)",1,98.4710581099936,49496
"(0.9669558693467613, 0.9958292603453894)",1,98.47105595562456,49497
"(0.7791819291819292, 0.986081059422206)",1,98.4709217216248,49498
"(0.9165164082221422, 0.986081059422206)",1,98.47090751010862,49499
"(0.8651903651903651, 1.0)",2,98.47082089705738,49501
"(0.8635976129582268, 1.0)",1,98.47081326849032,49502
"(0.8365328658269835, 0.9958292603453894)",1,98.47081200885616,49503
"(0.8947046219773493, 0.988167361639188)",1,98.47064682464986,49504
"(0.987463247273494, 0.9958292603453894)",1,98.47051854879102,49505
"(0.4603282383880727, 0.9987499746026686)",1,98.47033389534938,49506
"(0.7996376811594202, 1.0)",1,98.4702969463628,49507
"(0.9958292603453894, 0.9958292603453894)",1,98.4702516774889,49508
"(0.8586166985951469, 1.0)",1,98.47005017626992,49509
"(0.7119388248146047, 1.0)",4,98.46991697225972,49513
"(0.9833229101521784, 1.0)",1,98.46979305621022,49514
"(0.9303715638302106, 1.0)",1,98.46973169114725,49515
"(0.6215073982652175, 1.0)",1,98.46966930410656,49516
"(0.9326599326599326, 1.0)",1,98.4696165888655,49517
"(0.7524760273298283, 0.991206314397104)",1,98.46959349252148,49518
"(0.8929015655249481, 0.9958292603453894)",1,98.46951399053611,49519
"(0.8294970161977834, 1.0)",2,98.46950223420345,49521
"(0.8390424521630195, 0.9861673414304992)",1,98.46946389649436,49522
"(0.8867361313822293, 0.9916585206907788)",2,98.46942010457636,49524
"(0.9749088814411396, 1.0)",1,98.46924692276104,49525
"(0.7673678366541239, 0.9882048106149588)",1,98.46918832038148,49526
"(0.7637048646619141, 0.986081059422206)",1,98.46918735197062,49527
"(0.9832184229069656, 0.9958292603453894)",1,98.46913857731175,49528
"(0.837707400507675, 1.0)",1,98.46906754005508,49529
"(0.8266173510466989, 1.0)",1,98.46905692176333,49530
"(0.9418479305417444, 0.988167361639188)",1,98.46903722098544,49531
"(0.9916585206907788, 0.9958292603453894)",1,98.46898400737822,49532
"(0.9497171590194846, 1.0)",2,98.46896093842588,49534
"(0.8694224991654613, 0.988167361639188)",1,98.46895978214982,49535
"(0.564922563324656, 1.0)",2,98.46894665707217,49537
"(0.7574146783449108, 0.9882048106149588)",1,98.46893375294482,49538
"(0.7632275132275131, 0.986081059422206)",3,98.46891586755127,49541
"(0.944653051926493, 0.9876066164491212)",1,98.468860340206,49542
"(0.8065954953750508, 0.9882048106149588)",1,98.46885515092391,49543
"(0.7139609159313594, 1.0)",1,98.46883635291027,49544
"(0.9873444118605408, 0.9958292603453894)",1,98.46881227734362,49545
"(0.8761383419447936, 0.9873891625615764)",2,98.46881051569328,49547
"(0.9792406033772258, 0.9958292603453894)",1,98.46876240969644,49548
"(0.7962102115226081, 0.988167361639188)",1,98.46874557019532,49549
"(0.8974984433303618, 0.9873891625615764)",1,98.46871246824324,49550
"(0.97495917428555, 0.9958292603453894)",1,98.46869036731977,49551
"(0.9282083232965586, 0.9873891625615764)",1,98.4686677736178,49552
"(0.9586562930696936, 0.991777356103732)",1,98.46866161939602,49553
"(0.9158007932517735, 0.986081059422206)",1,98.46863035635754,49554
"(0.9791258409522168, 0.9958292603453894)",1,98.46860191975216,49555
"(1.0, 0.9833229101521784)",1,98.46858974389647,49556
"(0.8040695048423352, 0.986081059422206)",1,98.4685541144467,49557
"(0.8319340617212959, 0.986081059422206)",1,98.46852397858098,49558
"(0.8613656783468103, 0.986081059422206)",1,98.46845860497072,49559
"(0.813515418166581, 0.988167361639188)",1,98.46845351176604,49560
"(0.514585158944719, 0.9988619159967322)",3,98.46844281418667,49563
"(0.4776542240827955, 1.0)",1,98.46840119492758,49564
"(0.94291309888229, 0.991206314397104)",1,98.46838586773676,49565
"(0.9516794286955578, 0.9958292603453894)",1,98.46836054874316,49566
"(0.4772368473497005, 0.9987499746026686)",1,98.46833249541304,49567
"(0.7323695788812067, 0.988167361639188)",2,98.46832889448548,49569
"(0.9114218054477384, 0.9873891625615764)",1,98.4683205977978,49570
"(0.9874877810361682, 0.9916625936787228)",1,98.4682671886924,49571
"(0.9835199925522506, 0.9958292603453894)",1,98.46823528625568,49572
"(0.8065954953750508, 0.9882048106149588)",1,98.46815481930165,49573
"(0.9503122778456484, 0.987463247273494)",1,98.46814443859571,49574
"(0.9165164082221422, 0.986081059422206)",1,98.46811193279308,49575
"(0.9622634791942192, 0.9916585206907788)",1,98.4681091794648,49576
"(0.9008627640703112, 1.0)",1,98.4680571624791,49577
"(0.9333333333333332, 0.9833229101521784)",1,98.46803811077784,49578
"(0.979055829228243, 0.9958292603453894)",1,98.46799981425195,49579
"(0.436083926037933, 1.0)",3,98.46797310572312,49582
"(0.9748076591340348, 1.0)",1,98.4679465697114,49583
"(0.7183489076634237, 0.986081059422206)",1,98.4677763866701,49584
"(0.8600291387756281, 0.9958292603453894)",1,98.46774478750108,49585
"(0.9303715638302106, 1.0)",1,98.46772997374003,49586
"(0.9408664065499008, 0.988167361639188)",1,98.46767739682636,49587
"(1.0, 1.0)",1,98.46763076339732,49588
"(0.8040695048423352, 0.986081059422206)",1,98.46741724120751,49589
"(0.9200043551329178, 0.9916585206907788)",1,98.46741418181368,49590
"(0.9280459216361852, 0.9916585206907788)",1,98.46733460529964,49591
"(0.9125533644430458, 0.9873891625615764)",1,98.46725594374024,49592
"(0.9299160159815896, 1.0)",1,98.46724527634731,49593
"(0.9504245882013664, 0.9958292603453894)",1,98.46722086337202,49594
"(0.8761383419447936, 0.9873891625615764)",1,98.46678987903672,49595
"(0.8952273442232329, 0.9958292603453894)",1,98.46676264496212,49596
"(0.9707802886550516, 0.9958292603453894)",1,98.46662961089676,49597
"(1.0, 0.9833229101521784)",1,98.46656243485516,49598
"(0.9205517358458536, 0.9873891625615764)",2,98.46654003134604,49600
"(0.6315151515151515, 1.0)",1,98.46651099161922,49601
"(0.9412964149491664, 0.9873891625615764)",1,98.46648747451675,49602
"(0.9616410906733488, 0.9958292603453894)",1,98.46648654944948,49603
"(0.9791585206907788, 0.9958292603453894)",1,98.46644986286798,49604
"(0.917469251615593, 0.9833229101521784)",1,98.46643704320216,49605
"(0.9250222656674272, 0.9958292603453894)",1,98.46637837609336,49606
"(0.8867361313822293, 0.9916585206907788)",1,98.46637511910484,49607
"(0.9198255060602112, 0.9958292603453894)",1,98.46636668157944,49608
"(0.9243707071934514, 0.9873891625615764)",2,98.46630548272222,49610
"(0.9166682405676116, 1.0)",1,98.46626224513744,49611
"(0.3974337753332183, 0.9981012669018314)",1,98.4662349981773,49612
"(0.8817656528001355, 0.9873891625615764)",1,98.46622632475494,49613
"(0.9244352123384382, 0.9832925076188832)",2,98.46614067934188,49615
"(0.9418479305417444, 0.988167361639188)",2,98.46613674900838,49617
"(0.9280459216361852, 0.9958292603453894)",1,98.4660885819018,49618
"(0.5910680656443368, 1.0)",1,98.46606857788504,49619
"(0.9750943974852894, 0.9958292603453894)",1,98.46603084421716,49620
"(0.9153439153439152, 1.0)",2,98.46601336817068,49622
"(0.9623066688389268, 0.9958292603453894)",1,98.4658121481966,49623
"(0.6384521701955596, 0.991206314397104)",1,98.46580907211867,49624
"(0.9546499948224086, 0.9958292603453894)",1,98.46575271610148,49625
"(0.9454999712494968, 0.9958292603453894)",1,98.46570092071828,49626
"(0.9300671002153482, 0.9861673414304992)",1,98.4656372140792,49627
"(0.4571140259616066, 0.9949997811829872)",1,98.46560486283111,49628
"(0.8687499999999999, 0.988167361639188)",1,98.46558734241272,49629
"(1.0, 0.9833229101521784)",2,98.46558234234746,49631
"(0.9125533644430458, 0.9873891625615764)",1,98.46557886252216,49632
"(0.931200007971039, 0.9873891625615764)",1,98.46554436608922,49633
"(0.9665831244778612, 1.0)",1,98.46551783712462,49634
"(0.93773047895128, 0.9958292603453894)",1,98.46549273034104,49635
"(0.8976982097186702, 1.0)",1,98.46548751189592,49636
"(0.861111111111111, 1.0)",1,98.46548512809812,49637
"(0.9504245882013664, 0.9958292603453894)",1,98.46547698905604,49638
"(0.9833229101521784, 1.0)",1,98.46547047723496,49639
"(0.930704099821747, 1.0)",1,98.46533673987268,49640
"(0.9027777777777778, 0.986081059422206)",2,98.46528578358772,49642
"(0.8947046219773493, 0.988167361639188)",1,98.4652801139542,49643
"(0.9295946890286512, 1.0)",1,98.46527256381682,49644
"(0.9498370804822418, 0.9873891625615764)",1,98.46526689702898,49645
"(0.3024053266749896, 0.9977203590215908)",3,98.46524989293243,49648
"(0.3152377687779569, 1.0)",3,98.4651928123292,49651
"(0.9311507936507936, 0.9861673414304992)",1,98.46519253002316,49652
"(0.9499687304565352, 0.9833229101521784)",1,98.46507602605168,49653
"(0.9161952650324744, 0.9833229101521784)",1,98.465036876835,49654
"(0.9114218054477384, 0.9873891625615764)",1,98.46503034253338,49655
"(0.9009534009534008, 1.0)",1,98.46502335959086,49656
"(0.9114218054477384, 0.9873891625615764)",1,98.46493402154212,49657
"(0.9499687304565352, 1.0)",1,98.46482999242944,49658
"(0.91326516498939, 0.9958292603453894)",1,98.4647643053932,49659
"(0.3984101488896291, 0.9984817852901372)",1,98.46473351840166,49660
"(0.9172008547008548, 0.9861673414304992)",1,98.46459583560662,49661
"(0.9182966261114094, 0.9958292603453894)",1,98.4645827164088,49662
"(0.972281746031746, 0.9861673414304992)",1,98.46457251165384,49663
"(0.917283950617284, 0.9861673414304992)",1,98.46445767564298,49664
"(0.9618291283060416, 0.9958292603453894)",1,98.46442151024172,49665
"(0.7687400318979267, 1.0)",2,98.46435623901692,49667
"(0.861111111111111, 1.0)",1,98.46428057654208,49668
"(0.9228120179844318, 0.9873891625615764)",1,98.4642642194132,49669
"(0.8996392387758612, 0.9873891625615764)",1,98.46426141587308,49670
"(0.9311507936507936, 0.9861673414304992)",1,98.4642568480566,49671
"(0.7729389061386163, 0.988167361639188)",1,98.46424070368042,49672
"(0.975195619792394, 0.9958292603453894)",1,98.4642221899927,49673
"(0.9182966261114094, 0.9958292603453894)",1,98.46417453660897,49674
"(0.9833229101521784, 1.0)",1,98.46415005214452,49675
"(0.9309821833269412, 0.988167361639188)",1,98.4641491628768,49676
"(0.9303715638302106, 1.0)",1,98.46411275714284,49677
"(0.903667392883079, 1.0)",1,98.46409645601366,49678
"(0.9162596992611264, 0.9861673414304992)",1,98.46408485698596,49679
"(0.9161379295307868, 1.0)",1,98.4640116917768,49680
"(0.9295946890286512, 1.0)",1,98.46397169674664,49681
"(0.9412964149491664, 0.9873891625615764)",1,98.4639080009382,49682
"(0.7075825156110616, 0.991206314397104)",1,98.46386013504468,49683
"(0.7374768177381903, 0.991206314397104)",1,98.46380697756638,49684
"(0.9114218054477384, 0.9958292603453894)",2,98.46378406618118,49686
"(0.4957093292502148, 0.9988619159967322)",3,98.46377793907774,49689
"(0.9026337658413128, 0.9861673414304992)",1,98.4637404421356,49690
"(0.8670292954258683, 0.988167361639188)",1,98.4636162886261,49691
"(0.9032855633136024, 0.9861673414304992)",1,98.46348604294242,49692
"(0.9497171590194846, 1.0)",1,98.46337701877168,49693
"(0.8804215399610136, 0.991206314397104)",1,98.46336825604644,49694
"(0.8687499999999999, 0.988167361639188)",1,98.4633618263434,49695
"(1.0, 1.0)",1,98.46333899059756,49696
"(0.972281746031746, 0.9861673414304992)",5,98.46327763587678,49701
"(0.9161952650324744, 1.0)",1,98.46324350931629,49702
"(0.8467532467532467, 1.0)",1,98.4631370724394,49703
"(0.5153209052589321, 0.9974998905914936)",1,98.46311041951095,49704
"(0.8443691323092412, 0.9958292603453894)",1,98.46308510806122,49705
"(0.7916666666666666, 1.0)",1,98.46296126410338,49706
"(0.8533622685185187, 1.0)",1,98.462928127538,49707
"(0.9438271604938272, 0.9861673414304992)",1,98.4629042043257,49708
"(0.8687499999999999, 0.988167361639188)",1,98.46289355674992,49709
"(0.9026337658413128, 0.9861673414304992)",1,98.4628872167904,49710
"(0.9438271604938272, 0.9861673414304992)",2,98.46288417107776,49712
"(0.7503607503607503, 1.0)",1,98.46287874761452,49713
"(0.9160264866799612, 0.9861673414304992)",1,98.46284309548444,49714
"(0.8420013166556946, 1.0)",1,98.46276642030152,49715
"(0.8976982097186702, 1.0)",1,98.46276416334295,49716
"(0.9300671002153482, 0.9861673414304992)",2,98.46274774878064,49718
"(0.9029281534808432, 0.9861673414304992)",1,98.46268537578312,49719
"(0.972281746031746, 0.9861673414304992)",1,98.46260904440948,49720
"(0.987463247273494, 0.9958292603453894)",1,98.46254312428826,49721
"(0.7340930674264007, 1.0)",1,98.46247132532412,49722
"(0.8796475392220073, 1.0)",1,98.46241435251576,49723
"(0.9234894220441888, 0.9958292603453894)",1,98.46225967377896,49724
"(0.9498370804822418, 0.9873891625615764)",1,98.4622549313174,49725
"(0.6638632083547339, 1.0)",1,98.46223220568584,49726
"(0.9018806250259218, 1.0)",1,98.46222372742614,49727
"(0.9019292060258446, 0.9861673414304992)",1,98.46220239878976,49728
"(0.972281746031746, 0.9861673414304992)",1,98.46218890378964,49729
"(0.972281746031746, 0.9861673414304992)",1,98.46212147759886,49730
"(0.9543883398911862, 0.9958292603453894)",1,98.46210001922196,49731
"(0.9436368312757202, 0.9861673414304992)",1,98.4620802203933,49732
"(0.8877034517510707, 0.9861673414304992)",1,98.46202465486728,49733
"(0.6760014179369018, 1.0)",1,98.46197823827131,49734
"(0.944120583717358, 0.9834113430318364)",1,98.46187668334814,49735
"(0.9153127183787562, 0.9861673414304992)",2,98.46180358201262,49737
"(0.9412964149491664, 0.9873891625615764)",1,98.4617723713534,49738
"(0.9444901834607716, 0.9861673414304992)",1,98.46176998032276,49739
"(0.9791258409522168, 0.9958292603453894)",1,98.4617474269542,49740
"(0.9436368312757202, 0.9861673414304992)",2,98.46161212443208,49742
"(0.6544644252235129, 1.0)",1,98.46160045112816,49743
"(0.8796475392220073, 1.0)",2,98.46149887311506,49745
"(0.9452474337657768, 0.9791102677630192)",1,98.46148389833188,49746
"(0.8586166985951469, 0.9861673414304992)",1,98.4614547232061,49747
"(0.7075825156110616, 0.991206314397104)",1,98.46143341194502,49748
"(0.9015592112551236, 0.9861673414304992)",1,98.4614117737887,49749
"(0.8877034517510707, 0.9861673414304992)",1,98.46134039239578,49750
"(1.0, 1.0)",1,98.4613037544946,49751
"(0.8899966931216932, 0.9861310021084456)",1,98.46126051824366,49752
"(0.987463247273494, 0.9958292603453894)",1,98.46124157408498,49753
"(0.8734313112361893, 0.9861673414304992)",1,98.46119651178348,49754
"(0.9749625285109156, 0.9958292603453894)",1,98.46118513456705,49755
"(0.786508365740383, 1.0)",1,98.46116008426252,49756
"(0.4925733396357239, 0.9975000781372088)",1,98.46110570592666,49757
"(0.8308201058201059, 0.9861673414304992)",2,98.4610972057075,49759
"(0.8762860082304527, 1.0)",1,98.46103542021656,49760
"(0.9153127183787562, 0.9861673414304992)",1,98.46103095541534,49761
"(0.958227107069612, 0.9958292603453894)",1,98.46100939695698,49762
"(0.9582389563841176, 0.9958292603453894)",1,98.4610038198804,49763
"(0.9125533644430458, 0.9873891625615764)",1,98.46095419191154,49764
"(0.9436368312757202, 0.9861673414304992)",1,98.46087247928224,49765
"(0.9162596992611264, 0.9861310021084456)",1,98.4608602548831,49766
"(0.5363990257063117, 0.9988619159967322)",3,98.46082510789743,49769
"(0.8916052423523688, 0.9873891625615764)",1,98.46078398172394,49770
"(0.9206165335472736, 0.9916585206907788)",2,98.46075104698848,49772
"(0.9011810599946194, 0.9861673414304992)",1,98.46065886705073,49773
"(0.8733888292158969, 0.9861673414304992)",1,98.46065820194792,49774
"(0.8847822547822548, 0.9861673414304992)",1,98.4604589446814,49775
"(0.7030539311241066, 1.0)",1,98.46033416212734,49776
"(0.4553345256344744, 0.9950001562744178)",1,98.46020524047825,49777
"(0.8847822547822548, 0.9861673414304992)",1,98.46012185405267,49778
"(0.9699183291713004, 0.9958292603453894)",1,98.46010893911088,49779
"(0.8748200797381125, 0.9861310021084456)",1,98.46006294881568,49780
"(0.8478418336329888, 0.991206314397104)",1,98.4599723959338,49781
"(0.8958208965097509, 0.9916585206907788)",2,98.45995456286968,49783
"(0.5452310701354139, 1.0)",3,98.45987379020156,49786
"(0.831031066037186, 0.988167361639188)",1,98.45987259909938,49787
"(0.4957093292502148, 1.0)",3,98.45979752238904,49790
"(0.7802197802197803, 1.0)",1,98.45978102932908,49791
"(0.7962102115226081, 0.988167361639188)",1,98.45973692756436,49792
"(0.8879608405415911, 0.988167361639188)",1,98.45965084909705,49793
"(0.9705196174266384, 0.9958292603453894)",1,98.4596203662831,49794
"(0.6384521701955596, 0.991206314397104)",2,98.45960538960789,49796
"(0.8847822547822548, 0.9861673414304992)",1,98.45954856604848,49797
"(0.8743078626799556, 0.9861310021084456)",1,98.45946245398127,49798
"(0.7955284187842329, 0.988167361639188)",2,98.45936062724446,49800
"(0.8229870141950848, 0.986081059422206)",1,98.45926097576331,49801
"(0.8229870141950848, 0.986081059422206)",1,98.45916694763817,49802
"(0.9301209372637944, 0.9861310021084456)",1,98.4590542376246,49803
"(0.8942622047218923, 0.9916339869281046)",1,98.4590478467168,49804
"(0.7675138481590094, 1.0)",2,98.45900016149056,49806
"(0.7729389061386163, 0.988167361639188)",1,98.45897931591352,49807
"(0.8847822547822548, 0.9861673414304992)",1,98.45892972287628,49808
"(0.7503607503607503, 1.0)",1,98.4589207648696,49809
"(0.8687499999999999, 0.988167361639188)",1,98.45886842823768,49810
"(0.9750943974852894, 0.9958292603453894)",1,98.45882274187686,49811
"(0.9496114574862204, 0.9873891625615764)",1,98.4588200559388,49812
"(0.8329050741331443, 1.0)",1,98.4587856602617,49813
"(0.958095238095238, 0.9958292603453894)",1,98.4586702764922,49814
"(0.8449978636391381, 0.9882048106149588)",1,98.45860358606144,49815
"(0.861111111111111, 1.0)",2,98.45845473604122,49817
"(0.8947046219773493, 0.988167361639188)",1,98.45843791021298,49818
"(0.7060994560994561, 1.0)",1,98.45834019256174,49819
"(0.3929204539802519, 0.9984817852901372)",3,98.45832523542548,49822
"(0.9746535316523212, 0.9958292603453894)",1,98.45831420472852,49823
"(0.7374768177381903, 0.991206314397104)",1,98.45831302452868,49824
"(0.8315416458960965, 0.988167361639188)",2,98.45826925543288,49826
"(1.0, 1.0)",2,98.4582168927166,49828
"(0.972281746031746, 0.9861310021084456)",1,98.45818675018376,49829
"(0.6460231360441068, 0.9988619159967322)",3,98.45816599266772,49832
"(0.8717520170461346, 0.9958292603453894)",1,98.45815528773689,49833
"(0.975195619792394, 0.9916625936787228)",1,98.45805927846511,49834
"(0.8495378883833893, 0.9958292603453894)",1,98.45804150981812,49835
"(0.8247905643738976, 1.0)",1,98.45798459446208,49836
"(0.8871082621082622, 0.9861310021084456)",1,98.45798001726818,49837
"(0.8552744708994707, 0.9861673414304992)",1,98.45797320108892,49838
"(0.7453091184935634, 0.991206314397104)",1,98.45789641636397,49839
"(0.7836974395113928, 0.988167361639188)",1,98.45780575392736,49840
"(0.7711781618000022, 1.0)",1,98.45768192676071,49841
"(0.8483418730488175, 0.9958292603453894)",1,98.4576424927244,49842
"(0.492807005588115, 0.9987500214884376)",1,98.45762566598056,49843
"(0.9444901834607716, 0.9861310021084456)",2,98.4576068102881,49845
"(0.8633762288330498, 1.0)",1,98.45759592744751,49846
"(0.8885436799091353, 0.9958292603453894)",1,98.45758628375964,49847
"(0.9250222656674272, 0.9958292603453894)",1,98.45755825089542,49848
"(0.8222222222222222, 1.0)",1,98.457543188068,49849
"(0.813515418166581, 0.988167361639188)",2,98.45750333615048,49851
"(0.8810064268049709, 0.991206314397104)",1,98.45749863933,49852
"(0.7647742788871822, 1.0)",1,98.45748211547274,49853
"(0.8165509259259259, 1.0)",2,98.4573094267308,49855
"(0.9466127311522048, 0.991206314397104)",1,98.45728805847654,49856
"(0.93795454842108, 0.9873891625615764)",1,98.45724648605186,49857
"(0.8602994826284275, 0.988167361639188)",1,98.45715760399722,49858
"(0.91326516498939, 0.9873891625615764)",1,98.45709317601204,49859
"(0.9280317595086728, 0.9958292603453894)",1,98.45703808410536,49860
"(0.9792406033772258, 0.9958292603453894)",1,98.45703787969704,49861
"(0.7880931329207191, 1.0)",2,98.45703749965884,49863
"(0.9582389563841176, 0.9958292603453894)",1,98.45703603139648,49864
"(0.7836974395113928, 0.988167361639188)",2,98.45696315326602,49866
"(0.8316498316498316, 1.0)",1,98.4569429260614,49867
"(0.7836974395113928, 0.988167361639188)",2,98.45691693164407,49869
"(0.5473183118671051, 1.0)",3,98.4568493326314,49872
"(0.930704099821747, 0.986081059422206)",1,98.45651607690225,49873
"(0.837707400507675, 1.0)",1,98.45649829095542,49874
"(0.7786375661375661, 0.986081059422206)",1,98.45645841800264,49875
"(0.9833229101521784, 1.0)",1,98.45642831737985,49876
"(0.8970129352925051, 0.9873891625615764)",1,98.45641487097012,49877
"(0.8976982097186702, 0.9833229101521784)",1,98.45639467659542,49878
"(0.9833040078201368, 0.9958292603453894)",1,98.4563292147908,49879
"(0.8762860082304527, 1.0)",1,98.45630634990565,49880
"(0.9746854694957162, 0.9958292603453894)",1,98.45628623584534,49881
"(0.8449978636391381, 0.9882048106149588)",1,98.45623415904912,49882
"(0.8016677935542034, 1.0)",1,98.45614446442433,49883
"(0.8449978636391381, 1.0)",1,98.45603977583428,49884
"(0.8694224991654613, 0.988167361639188)",1,98.4559364360466,49885
"(0.8483418730488175, 0.9958292603453894)",1,98.45588678932084,49886
"(0.7673678366541239, 0.9882048106149588)",1,98.4558131770629,49887
"(0.813515418166581, 0.988167361639188)",1,98.45579999688904,49888
"(0.8390424521630195, 0.9861673414304992)",2,98.4557877838991,49890
"(0.4912575527045726, 0.9975000781372088)",1,98.45578260374934,49891
"(0.8796475392220073, 1.0)",2,98.4557603998908,49893
"(0.6760014179369018, 1.0)",1,98.45575257873728,49894
"(0.8390424521630195, 0.9861673414304992)",2,98.45575144457705,49896
"(0.8468951683237397, 1.0)",1,98.45573298318308,49897
"(0.8796475392220073, 1.0)",1,98.45569201529958,49898
"(0.9374843410636878, 0.987463247273494)",1,98.45569198385196,49899
"(0.831031066037186, 0.988167361639188)",1,98.45566767376148,49900
"(0.9299507899507898, 0.986081059422206)",1,98.45550402748296,49901
"(0.8315416458960965, 0.988167361639188)",1,98.45547407515735,49902
"(0.8947046219773493, 0.988167361639188)",1,98.45539293542824,49903
"(0.7729389061386163, 0.988167361639188)",1,98.45530149031876,49904
"(0.9300671002153482, 0.9861673414304992)",3,98.4552746412125,49907
"(0.916110211619383, 0.9873891625615764)",1,98.45525818974556,49908
"(0.7532376017916352, 1.0)",1,98.4551981644373,49909
"(0.8970129352925051, 0.9916339869281046)",1,98.45517675072225,49910
"(0.9418479305417444, 0.988167361639188)",1,98.45504087032204,49911
"(0.5738039048389373, 0.9992416608232524)",3,98.45496719483748,49914
"(0.9057330122004186, 0.991206314397104)",1,98.45492558216448,49915
"(0.94291309888229, 0.991206314397104)",1,98.45491235794854,49916
"(0.8390424521630195, 0.9861673414304992)",1,98.45489338659492,49917
"(0.7077308656256025, 1.0)",1,98.45483387852482,49918
"(0.9165164082221422, 1.0)",1,98.45476294955051,49919
"(0.9503122778456484, 0.9832925076188832)",1,98.45469133731996,49920
"(0.9000617225831424, 1.0)",1,98.45466287699917,49921
"(0.9027777777777778, 0.986081059422206)",1,98.4546428324266,49922
"(0.9666666666666668, 1.0)",1,98.45455945127392,49923
"(0.9244721788975638, 0.9873891625615764)",1,98.45451054044024,49924
"(0.4096230954290297, 1.0)",1,98.45446455887704,49925
"(0.8726893261776982, 0.988167361639188)",1,98.45435828412413,49926
"(0.9177366931314298, 0.9832184229069656)",1,98.45434572520892,49927
"(0.9791258409522168, 0.9958292603453894)",1,98.4543341977154,49928
"(0.8732774170274171, 0.986081059422206)",1,98.45432022149322,49929
"(0.9269606362629618, 0.988167361639188)",1,98.4543098721032,49930
"(0.8980858408005299, 0.988167361639188)",1,98.4542867137596,49931
"(0.9437903841498612, 1.0)",1,98.4542664280834,49932
"(0.8996392387758612, 0.9873891625615764)",1,98.45422974215572,49933
"(0.8420013166556946, 1.0)",1,98.45422657626024,49934
"(0.8761383419447936, 0.9873891625615764)",1,98.45413846785782,49935
"(0.9873891625615764, 0.9958292603453894)",1,98.45410423008197,49936
"(0.8942622047218923, 0.9873891625615764)",1,98.4540957938484,49937
"(0.8970129352925051, 0.9873891625615764)",1,98.45407453663633,49938
"(0.7083333333333334, 1.0)",1,98.45403677853778,49939
"(0.7479743867590829, 0.986081059422206)",1,98.45403619346804,49940
"(0.7786375661375661, 1.0)",2,98.45402506661932,49942
"(0.950175761409158, 0.9834113430318364)",1,98.4540215337806,49943
"(0.835848883169409, 0.988167361639188)",1,98.45401408038316,49944
"(0.944563492063492, 1.0)",1,98.45399163045316,49945
"(0.966870220228854, 0.9873891625615764)",1,98.45394798529034,49946
"(0.9496114574862204, 0.9916339869281046)",1,98.453792259345,49947
"(0.9833040078201368, 0.9958292603453894)",1,98.45378732879426,49948
"(0.8947046219773493, 0.988167361639188)",2,98.45372761003011,49950
"(0.6179693015417549, 1.0)",1,98.4536762122102,49951
"(0.9442283950617284, 0.986081059422206)",1,98.453542552313,49952
"(0.9791348015256934, 0.9958292603453894)",1,98.4535196544811,49953
"(0.7802197802197803, 1.0)",1,98.45346560487114,49954
"(0.6886904761904762, 1.0)",1,98.45343570733364,49955
"(0.944563492063492, 1.0)",1,98.45342320998566,49956
"(0.9958292603453894, 0.9743756896698074)",1,98.45341819795354,49957
"(0.4049163909196675, 0.9992416608232524)",3,98.45326397741825,49960
"(0.8547756205106323, 0.9882048106149588)",1,98.45325670432108,49961
"(0.9125533644430458, 0.9873891625615764)",2,98.45324549590032,49963
"(0.9833251873574456, 0.9958292603453894)",1,98.45313125403688,49964
"(0.9153439153439152, 1.0)",1,98.45312681953588,49965
"(0.8907966222338917, 0.9958292603453894)",1,98.45305041175064,49966
"(0.9161952650324744, 1.0)",1,98.45300236277984,49967
"(0.9445235834124724, 1.0)",1,98.4529545217469,49968
"(0.8468089381754635, 1.0)",1,98.4528427973156,49969
"(0.9916585206907788, 0.9958292603453894)",1,98.45284232123564,49970
"(1.0, 1.0)",1,98.452830386494,49971
"(0.979051756240299, 0.9958292603453894)",1,98.45281552747744,49972
"(0.9876221896383188, 0.9958292603453894)",1,98.45281371477162,49973
"(0.738145558145558, 1.0)",1,98.4527166167898,49974
"(0.7294281157362763, 1.0)",1,98.45270414415212,49975
"(0.9418479305417444, 0.988167361639188)",2,98.45268936694129,49977
"(0.8315416458960965, 0.988167361639188)",2,98.45262854853128,49979
"(0.8694224991654613, 0.988167361639188)",2,98.45261539410023,49981
"(0.9666562434855118, 0.9833229101521784)",1,98.45257723995024,49982
"(0.9916585206907788, 0.9958292603453894)",2,98.45256151467756,49984
"(0.9297326845255915, 0.9876066164491212)",1,98.4525154394033,49985
"(0.9497171590194846, 1.0)",1,98.45239458320944,49986
"(0.8374727668845315, 1.0)",1,98.45228432086355,49987
"(0.9504245882013664, 0.9916585206907788)",1,98.45228422340897,49988
"(0.9300671002153482, 0.9861673414304992)",2,98.45221966369502,49990
"(0.8468089381754635, 1.0)",1,98.45217829196396,49991
"(0.9297326845255915, 0.9834113430318364)",2,98.45199203107848,49993
"(0.8687499999999999, 0.988167361639188)",1,98.45179514060216,49994
"(0.8016677935542034, 1.0)",2,98.45178356878604,49996
"(0.944563492063492, 1.0)",5,98.45177350501126,50001
