value,count,total,cumulative_sum
"(1.0, 1.0)",509,100.0,509
"(0.9833333333333332, 1.0)",290,99.98333333333332,799
"(1.0, 1.0)",204,99.98333333333332,1003
"(0.9833333333333332, 1.0)",153,99.96666666666668,1156
"(1.0, 1.0)",172,99.96666666666668,1328
"(0.9666666666666668, 1.0)",248,99.96666666666668,1576
"(0.9583333333333334, 1.0)",1,99.95833333333334,1577
"(0.95, 1.0)",200,99.95,1777
"(1.0, 1.0)",143,99.95,1920
"(0.9833333333333332, 1.0)",118,99.95,2038
"(0.9666666666666668, 1.0)",140,99.95,2178
"(1.0, 1.0)",1,99.95,2179
"(0.9444444444444444, 1.0)",1,99.94444444444444,2180
"(0.9583333333333334, 1.0)",1,99.94444444444444,2181
"(0.9833333333333332, 1.0)",108,99.93333333333334,2289
"(1.0, 1.0)",107,99.93333333333334,2396
"(0.9333333333333332, 1.0)",130,99.93333333333334,2526
"(0.95, 1.0)",104,99.93333333333334,2630
"(0.9666666666666668, 1.0)",107,99.93333333333334,2737
"(0.9305555555555556, 1.0)",1,99.93055555555556,2738
"(0.9444444444444444, 1.0)",1,99.93055555555556,2739
"(1.0, 1.0)",26,99.91666666666669,2765
"(0.9333333333333332, 1.0)",2,99.91666666666669,2767
"(0.9305555555555556, 1.0)",1,99.91666666666669,2768
"(0.95, 1.0)",54,99.91666666666669,2822
"(0.9666666666666668, 1.0)",85,99.91666666666669,2907
"(0.9833333333333332, 1.0)",16,99.91666666666669,2923
"(0.9444444444444444, 1.0)",1,99.91666666666669,2924
"(0.95, 1.0)",27,99.91666666666666,2951
"(0.9305555555555556, 1.0)",4,99.91666666666666,2955
"(0.9166666666666666, 1.0)",178,99.91666666666666,3133
"(0.9833333333333332, 1.0)",83,99.91666666666666,3216
"(0.9444444444444444, 1.0)",3,99.91666666666666,3219
"(0.9583333333333334, 1.0)",2,99.91666666666666,3221
"(0.9666666666666668, 1.0)",14,99.91666666666666,3235
"(1.0, 1.0)",75,99.91666666666666,3310
"(0.9333333333333332, 1.0)",116,99.91666666666666,3426
"(0.9027777777777778, 1.0)",1,99.90277777777776,3427
"(0.9583333333333334, 1.0)",6,99.90277777777776,3433
"(0.9305555555555556, 1.0)",4,99.90277777777776,3437
"(0.9444444444444444, 1.0)",3,99.90277777777776,3440
"(1.0, 1.0)",93,99.9,3533
"(0.9333333333333332, 1.0)",81,99.9,3614
"(0.9166666666666666, 1.0)",93,99.9,3707
"(0.95, 1.0)",89,99.9,3796
"(0.9666666666666668, 1.0)",66,99.9,3862
"(0.9833333333333332, 1.0)",72,99.9,3934
"(0.9, 1.0)",163,99.9,4097
"(0.9583333333333334, 1.0)",2,99.88888888888889,4099
"(0.9027777777777778, 1.0)",2,99.88888888888889,4101
"(0.9166666666666666, 1.0)",3,99.88888888888889,4104
"(0.9722222222222222, 1.0)",1,99.88888888888889,4105
"(0.9444444444444444, 1.0)",12,99.88888888888889,4117
"(0.9305555555555556, 1.0)",4,99.88888888888889,4121
"(0.9666666666666668, 1.0)",1,99.88333333333334,4122
"(1.0, 1.0)",1,99.88333333333334,4123
"(0.9833333333333332, 1.0)",90,99.88333333333333,4213
"(0.95, 1.0)",71,99.88333333333333,4284
"(0.8833333333333333, 1.0)",344,99.88333333333333,4628
"(0.9333333333333332, 1.0)",87,99.88333333333333,4715
"(0.9166666666666666, 1.0)",61,99.88333333333333,4776
"(0.9666666666666668, 1.0)",72,99.88333333333333,4848
"(1.0, 1.0)",97,99.88333333333333,4945
"(0.9, 1.0)",86,99.88333333333333,5031
"(0.9444444444444444, 1.0)",13,99.875,5044
"(0.9305555555555556, 1.0)",4,99.875,5048
"(0.9583333333333334, 1.0)",4,99.875,5052
"(0.9027777777777778, 1.0)",6,99.875,5058
"(0.9722222222222222, 1.0)",2,99.875,5060
"(0.9833333333333332, 1.0)",70,99.86666666666667,5130
"(0.9333333333333332, 1.0)",89,99.86666666666667,5219
"(1.0, 1.0)",89,99.86666666666667,5308
"(0.95, 1.0)",60,99.86666666666667,5368
"(0.9166666666666666, 1.0)",63,99.86666666666667,5431
"(0.9666666666666668, 1.0)",75,99.86666666666667,5506
"(0.9, 1.0)",86,99.86666666666667,5592
"(0.8833333333333333, 1.0)",161,99.86666666666667,5753
"(0.8666666666666667, 1.0)",151,99.86666666666667,5904
"(0.95, 1.0)",1,99.86666666666666,5905
"(0.9305555555555556, 1.0)",10,99.86111111111111,5915
"(0.8611111111111112, 1.0)",1,99.86111111111111,5916
"(0.9722222222222222, 1.0)",1,99.86111111111111,5917
"(0.8888888888888888, 1.0)",1,99.86111111111111,5918
"(0.9027777777777778, 1.0)",2,99.86111111111111,5920
"(0.9444444444444444, 1.0)",3,99.86111111111111,5923
"(0.9583333333333334, 1.0)",3,99.86111111111111,5926
"(0.9166666666666666, 1.0)",88,99.85,6014
"(0.8833333333333333, 1.0)",124,99.85,6138
"(0.85, 1.0)",205,99.85,6343
"(0.95, 1.0)",1,99.85,6344
"(1.0, 1.0)",1,99.85,6345
"(0.95, 1.0)",76,99.85,6421
"(0.9, 1.0)",64,99.85,6485
"(0.8666666666666667, 1.0)",178,99.85,6663
"(0.9833333333333332, 1.0)",64,99.85,6727
"(0.9333333333333332, 1.0)",78,99.85,6805
"(1.0, 1.0)",97,99.85,6902
"(0.9666666666666668, 1.0)",60,99.85,6962
"(0.8888888888888888, 1.0)",2,99.84722222222224,6964
"(0.9305555555555556, 1.0)",6,99.84722222222224,6970
"(0.9583333333333334, 1.0)",4,99.84722222222224,6974
"(0.9444444444444444, 1.0)",16,99.84722222222224,6990
"(0.9722222222222222, 1.0)",1,99.84722222222224,6991
"(0.9027777777777778, 1.0)",6,99.84722222222224,6997
"(0.9166666666666666, 1.0)",1,99.84722222222224,6998
"(0.8611111111111112, 1.0)",2,99.84722222222224,7000
"(0.875, 1.0)",4,99.84722222222224,7004
"(0.9186046511627908, 1.0)",1,99.8372093023256,7005
"(0.8333333333333334, 1.0)",150,99.83333333333334,7155
"(0.8888888888888888, 1.0)",1,99.83333333333334,7156
"(1.0, 1.0)",46,99.83333333333334,7202
"(0.9, 1.0)",11,99.83333333333334,7213
"(0.9166666666666666, 1.0)",4,99.83333333333334,7217
"(0.8833333333333333, 1.0)",2,99.83333333333334,7219
"(0.9583333333333334, 1.0)",2,99.83333333333334,7221
"(0.9833333333333332, 1.0)",4,99.83333333333334,7225
"(0.9305555555555556, 1.0)",8,99.83333333333334,7233
"(0.8666666666666667, 1.0)",61,99.83333333333334,7294
"(0.85, 1.0)",1,99.83333333333334,7295
"(0.95, 1.0)",13,99.83333333333334,7308
"(0.9027777777777778, 1.0)",4,99.83333333333334,7312
"(0.9333333333333332, 1.0)",3,99.83333333333334,7315
"(0.9444444444444444, 1.0)",5,99.83333333333334,7320
"(0.9666666666666668, 1.0)",36,99.83333333333334,7356
"(0.95, 1.0)",46,99.83333333333331,7402
"(0.85, 1.0)",133,99.83333333333331,7535
"(0.9, 1.0)",46,99.83333333333331,7581
"(0.9833333333333332, 1.0)",61,99.83333333333331,7642
"(0.9166666666666666, 1.0)",63,99.83333333333331,7705
"(0.8888888888888888, 1.0)",1,99.83333333333331,7706
"(0.9666666666666668, 1.0)",42,99.83333333333331,7748
"(0.9444444444444444, 1.0)",8,99.83333333333331,7756
"(0.9583333333333334, 1.0)",2,99.83333333333331,7758
"(0.9305555555555556, 1.0)",5,99.83333333333331,7763
"(0.9027777777777778, 1.0)",2,99.83333333333331,7765
"(0.8666666666666667, 1.0)",50,99.83333333333331,7815
"(1.0, 1.0)",33,99.83333333333331,7848
"(0.8833333333333333, 1.0)",134,99.83333333333331,7982
"(0.9333333333333332, 1.0)",63,99.83333333333331,8045
"(0.9166666666666666, 1.0)",4,99.81944444444444,8049
"(0.8611111111111112, 1.0)",2,99.81944444444444,8051
"(0.8888888888888888, 1.0)",5,99.81944444444444,8056
"(0.9583333333333334, 1.0)",4,99.81944444444444,8060
"(0.8472222222222222, 1.0)",3,99.81944444444444,8063
"(0.9305555555555556, 1.0)",28,99.81944444444444,8091
"(0.9444444444444444, 1.0)",15,99.81944444444444,8106
"(0.9027777777777778, 1.0)",4,99.81944444444444,8110
"(0.8333333333333334, 1.0)",1,99.81944444444444,8111
"(0.9166666666666666, 1.0)",80,99.81666666666666,8191
"(0.8333333333333334, 1.0)",85,99.81666666666666,8276
"(0.8833333333333333, 1.0)",74,99.81666666666666,8350
"(0.9, 1.0)",73,99.81666666666666,8423
"(0.9833333333333332, 1.0)",40,99.81666666666666,8463
"(0.8166666666666667, 1.0)",92,99.81666666666666,8555
"(0.9666666666666668, 1.0)",66,99.81666666666666,8621
"(0.8666666666666667, 1.0)",88,99.81666666666666,8709
"(0.9333333333333332, 1.0)",75,99.81666666666666,8784
"(0.85, 1.0)",88,99.81666666666666,8872
"(1.0, 1.0)",74,99.81666666666666,8946
"(0.95, 1.0)",46,99.81666666666666,8992
"(0.8472222222222222, 1.0)",3,99.80555555555556,8995
"(0.9027777777777778, 1.0)",9,99.80555555555556,9004
"(0.9583333333333334, 1.0)",5,99.80555555555556,9009
"(0.9166666666666666, 1.0)",9,99.80555555555556,9018
"(0.8888888888888888, 1.0)",2,99.80555555555556,9020
"(0.9444444444444444, 1.0)",13,99.80555555555556,9033
"(0.875, 1.0)",2,99.80555555555556,9035
"(0.9305555555555556, 1.0)",13,99.80555555555556,9048
"(0.8611111111111112, 1.0)",6,99.80555555555556,9054
"(0.8333333333333334, 1.0)",2,99.80555555555556,9056
"(0.9186046511627908, 1.0)",2,99.80232558139537,9058
"(0.8837209302325582, 1.0)",1,99.80232558139537,9059
"(0.9302325581395348, 1.0)",1,99.80232558139537,9060
"(0.8, 1.0)",122,99.8,9182
"(1.0, 1.0)",1,99.8,9183
"(0.8333333333333334, 1.0)",100,99.8,9283
"(0.8666666666666667, 1.0)",70,99.8,9353
"(0.85, 1.0)",64,99.8,9417
"(0.95, 1.0)",51,99.8,9468
"(0.8166666666666667, 1.0)",82,99.8,9550
"(0.9666666666666668, 1.0)",51,99.8,9601
"(0.9833333333333332, 1.0)",53,99.8,9654
"(0.9333333333333332, 1.0)",71,99.8,9725
"(0.8833333333333333, 1.0)",91,99.8,9816
"(1.0, 1.0)",79,99.8,9895
"(0.9166666666666666, 1.0)",83,99.8,9978
"(0.9, 1.0)",49,99.8,10027
"(0.8611111111111112, 1.0)",7,99.79166666666669,10034
"(0.875, 1.0)",1,99.79166666666669,10035
"(0.9583333333333334, 1.0)",1,99.79166666666669,10036
"(0.9722222222222222, 1.0)",1,99.79166666666669,10037
"(0.9305555555555556, 1.0)",5,99.79166666666669,10042
"(0.9166666666666666, 1.0)",3,99.79166666666669,10045
"(0.8472222222222222, 1.0)",1,99.79166666666669,10046
"(0.9027777777777778, 1.0)",1,99.79166666666669,10047
"(0.9444444444444444, 1.0)",9,99.79166666666669,10056
"(0.8888888888888888, 1.0)",2,99.79166666666669,10058
"(0.8194444444444444, 1.0)",1,99.79166666666669,10059
"(0.8472222222222222, 1.0)",2,99.79166666666666,10061
"(0.8888888888888888, 1.0)",3,99.79166666666666,10064
"(0.875, 1.0)",3,99.79166666666666,10067
"(0.9305555555555556, 1.0)",6,99.79166666666666,10073
"(0.9444444444444444, 1.0)",10,99.79166666666666,10083
"(0.8333333333333334, 1.0)",2,99.79166666666666,10085
"(0.9166666666666666, 1.0)",10,99.79166666666666,10095
"(0.9583333333333334, 1.0)",7,99.79166666666666,10102
"(0.9027777777777778, 1.0)",10,99.79166666666666,10112
"(0.9722222222222222, 1.0)",1,99.79166666666666,10113
"(0.9833333333333332, 1.0)",46,99.78333333333332,10159
"(1.0, 1.0)",72,99.78333333333332,10231
"(0.95, 1.0)",43,99.78333333333332,10274
"(0.8333333333333334, 1.0)",85,99.78333333333332,10359
"(0.7833333333333333, 1.0)",107,99.78333333333332,10466
"(0.9666666666666668, 1.0)",57,99.78333333333332,10523
"(0.8166666666666667, 1.0)",60,99.78333333333332,10583
"(0.85, 1.0)",65,99.78333333333332,10648
"(0.9166666666666666, 1.0)",78,99.78333333333332,10726
"(0.9, 1.0)",61,99.78333333333332,10787
"(0.9333333333333332, 1.0)",48,99.78333333333332,10835
"(0.8833333333333333, 1.0)",72,99.78333333333332,10907
"(0.8, 1.0)",65,99.78333333333332,10972
"(0.8666666666666667, 1.0)",70,99.78333333333332,11042
"(0.9186046511627908, 1.0)",1,99.77906976744184,11043
"(0.8194444444444444, 1.0)",1,99.77777777777776,11044
"(0.9722222222222222, 1.0)",6,99.77777777777776,11050
"(0.8611111111111112, 1.0)",5,99.77777777777776,11055
"(0.9166666666666666, 1.0)",19,99.77777777777776,11074
"(0.8472222222222222, 1.0)",6,99.77777777777776,11080
"(0.9444444444444444, 1.0)",16,99.77777777777776,11096
"(0.8333333333333334, 1.0)",2,99.77777777777776,11098
"(0.9583333333333334, 1.0)",4,99.77777777777776,11102
"(0.8055555555555556, 1.0)",1,99.77777777777776,11103
"(0.9305555555555556, 1.0)",19,99.77777777777776,11122
"(0.875, 1.0)",3,99.77777777777776,11125
"(0.8888888888888888, 1.0)",4,99.77777777777776,11129
"(0.9027777777777778, 1.0)",8,99.77777777777776,11137
"(0.9186046511627908, 1.0)",1,99.76744186046513,11138
"(0.8837209302325582, 1.0)",1,99.76744186046513,11139
"(0.7833333333333333, 1.0)",41,99.76666666666668,11180
"(0.9833333333333332, 1.0)",45,99.76666666666668,11225
"(0.8833333333333333, 1.0)",67,99.76666666666668,11292
"(0.8666666666666667, 1.0)",84,99.76666666666668,11376
"(0.85, 1.0)",57,99.76666666666668,11433
"(0.9666666666666668, 1.0)",38,99.76666666666668,11471
"(0.8, 1.0)",63,99.76666666666668,11534
"(0.9166666666666666, 1.0)",56,99.76666666666668,11590
"(1.0, 1.0)",40,99.76666666666668,11630
"(0.7666666666666667, 1.0)",154,99.76666666666668,11784
"(0.9333333333333332, 1.0)",61,99.76666666666668,11845
"(0.8333333333333334, 1.0)",67,99.76666666666668,11912
"(0.9, 1.0)",66,99.76666666666668,11978
"(0.8166666666666667, 1.0)",60,99.76666666666668,12038
"(0.95, 1.0)",51,99.76666666666668,12089
"(0.95, 1.0)",2,99.76666666666664,12091
"(0.8055555555555556, 1.0)",4,99.76388888888889,12095
"(0.9583333333333334, 1.0)",8,99.76388888888889,12103
"(0.875, 1.0)",2,99.76388888888889,12105
"(0.8472222222222222, 1.0)",2,99.76388888888889,12107
"(0.8333333333333334, 1.0)",7,99.76388888888889,12114
"(0.7916666666666666, 1.0)",3,99.76388888888889,12117
"(0.8611111111111112, 1.0)",6,99.76388888888889,12123
"(0.8194444444444444, 1.0)",6,99.76388888888889,12129
"(0.9027777777777778, 1.0)",10,99.76388888888889,12139
"(0.9305555555555556, 1.0)",26,99.76388888888889,12165
"(0.9444444444444444, 1.0)",13,99.76388888888889,12178
"(0.8888888888888888, 1.0)",7,99.76388888888889,12185
"(0.9166666666666666, 1.0)",24,99.76388888888889,12209
"(0.872093023255814, 1.0)",1,99.75581395348836,12210
"(0.9418604651162792, 1.0)",1,99.75581395348836,12211
"(0.9186046511627908, 1.0)",1,99.75581395348836,12212
"(0.8055555555555556, 1.0)",2,99.75,12214
"(0.7666666666666667, 1.0)",65,99.75,12279
"(0.8666666666666667, 1.0)",83,99.75,12362
"(0.9583333333333334, 1.0)",8,99.75,12370
"(0.75, 1.0)",85,99.75,12455
"(0.9333333333333332, 1.0)",40,99.75,12495
"(0.9027777777777778, 1.0)",10,99.75,12505
"(0.9166666666666666, 1.0)",63,99.75,12568
"(0.9722222222222222, 1.0)",2,99.75,12570
"(0.7777777777777778, 1.0)",1,99.75,12571
"(0.9833333333333332, 1.0)",50,99.75,12621
"(0.8166666666666667, 1.0)",42,99.75,12663
"(0.7833333333333333, 1.0)",34,99.75,12697
"(0.85, 1.0)",50,99.75,12747
"(0.8, 1.0)",46,99.75,12793
"(0.9, 1.0)",72,99.75,12865
"(0.8888888888888888, 1.0)",7,99.75,12872
"(0.875, 1.0)",4,99.75,12876
"(0.8194444444444444, 1.0)",11,99.75,12887
"(0.9305555555555556, 1.0)",17,99.75,12904
"(0.9444444444444444, 1.0)",14,99.75,12918
"(0.95, 1.0)",35,99.75,12953
"(0.8472222222222222, 1.0)",8,99.75,12961
"(1.0, 1.0)",52,99.75,13013
"(0.9666666666666668, 1.0)",41,99.75,13054
"(0.8611111111111112, 1.0)",6,99.75,13060
"(0.7916666666666666, 1.0)",1,99.75,13061
"(0.8333333333333334, 1.0)",83,99.75,13144
"(0.8833333333333333, 1.0)",74,99.75,13218
"(0.8255813953488372, 1.0)",1,99.74418604651164,13219
"(0.9186046511627908, 1.0)",4,99.74418604651164,13223
"(0.8472222222222222, 1.0)",3,99.73611111111111,13226
"(0.7916666666666666, 1.0)",2,99.73611111111111,13228
"(0.9166666666666666, 1.0)",8,99.73611111111111,13236
"(0.9027777777777778, 1.0)",19,99.73611111111111,13255
"(0.8888888888888888, 1.0)",6,99.73611111111111,13261
"(0.8611111111111112, 1.0)",8,99.73611111111111,13269
"(0.8333333333333334, 1.0)",7,99.73611111111111,13276
"(0.9305555555555556, 1.0)",16,99.73611111111111,13292
"(0.8055555555555556, 1.0)",1,99.73611111111111,13293
"(0.7638888888888888, 1.0)",1,99.73611111111111,13294
"(0.9444444444444444, 1.0)",15,99.73611111111111,13309
"(0.9722222222222222, 1.0)",3,99.73611111111111,13312
"(0.9583333333333334, 1.0)",6,99.73611111111111,13318
"(0.7777777777777778, 1.0)",1,99.73611111111111,13319
"(0.8194444444444444, 1.0)",10,99.73611111111111,13329
"(0.875, 1.0)",2,99.73611111111111,13331
"(0.9, 1.0)",1,99.73333333333336,13332
"(0.9, 1.0)",54,99.73333333333332,13386
"(1.0, 1.0)",4,99.73333333333332,13390
"(0.9166666666666666, 1.0)",50,99.73333333333332,13440
"(0.8333333333333334, 1.0)",70,99.73333333333332,13510
"(0.9833333333333332, 1.0)",34,99.73333333333332,13544
"(0.9666666666666668, 1.0)",27,99.73333333333332,13571
"(1.0, 1.0)",40,99.73333333333332,13611
"(0.9333333333333332, 1.0)",47,99.73333333333332,13658
"(0.8, 1.0)",60,99.73333333333332,13718
"(0.9333333333333332, 1.0)",5,99.73333333333332,13723
"(0.75, 1.0)",69,99.73333333333332,13792
"(0.95, 1.0)",1,99.73333333333332,13793
"(0.7333333333333333, 1.0)",76,99.73333333333332,13869
"(0.8666666666666667, 1.0)",65,99.73333333333332,13934
"(0.9, 1.0)",2,99.73333333333332,13936
"(0.85, 1.0)",63,99.73333333333332,13999
"(0.7666666666666667, 1.0)",23,99.73333333333332,14022
"(0.95, 1.0)",24,99.73333333333332,14046
"(0.85, 1.0)",1,99.73333333333332,14047
"(0.8166666666666667, 1.0)",38,99.73333333333332,14085
"(0.8833333333333333, 1.0)",72,99.73333333333332,14157
"(0.7833333333333333, 1.0)",22,99.73333333333332,14179
"(0.872093023255814, 1.0)",2,99.73255813953487,14181
"(0.9186046511627908, 1.0)",3,99.73255813953487,14184
"(0.9722222222222222, 1.0)",1,99.72222222222224,14185
"(0.9166666666666666, 1.0)",16,99.72222222222224,14201
"(0.8611111111111112, 1.0)",10,99.72222222222224,14211
"(0.7777777777777778, 1.0)",8,99.72222222222224,14219
"(0.8472222222222222, 1.0)",6,99.72222222222224,14225
"(0.9027777777777778, 1.0)",5,99.72222222222224,14230
"(0.8055555555555556, 1.0)",5,99.72222222222224,14235
"(0.8194444444444444, 1.0)",12,99.72222222222224,14247
"(0.7361111111111112, 1.0)",3,99.72222222222224,14250
"(0.9444444444444444, 1.0)",9,99.72222222222224,14259
"(0.8888888888888888, 1.0)",2,99.72222222222224,14261
"(0.7916666666666666, 1.0)",2,99.72222222222224,14263
"(0.7638888888888888, 1.0)",1,99.72222222222224,14264
"(0.75, 1.0)",2,99.72222222222224,14266
"(0.875, 1.0)",2,99.72222222222224,14268
"(0.9305555555555556, 1.0)",17,99.72222222222224,14285
"(0.9583333333333334, 1.0)",3,99.72222222222224,14288
"(0.8333333333333334, 1.0)",11,99.72222222222224,14299
"(0.9534883720930232, 1.0)",1,99.72093023255816,14300
"(0.8255813953488372, 1.0)",2,99.72093023255816,14302
"(0.9069767441860463, 1.0)",2,99.72093023255816,14304
"(0.8372093023255814, 1.0)",1,99.72093023255816,14305
"(0.872093023255814, 1.0)",2,99.72093023255816,14307
"(0.9186046511627908, 1.0)",5,99.72093023255816,14312
"(0.9166666666666666, 1.0)",49,99.71666666666668,14361
"(1.0, 1.0)",28,99.71666666666668,14389
"(0.75, 1.0)",26,99.71666666666668,14415
"(0.8166666666666667, 1.0)",42,99.71666666666668,14457
"(0.7833333333333333, 1.0)",29,99.71666666666668,14486
"(0.85, 1.0)",49,99.71666666666668,14535
"(0.8333333333333334, 1.0)",59,99.71666666666668,14594
"(0.7666666666666667, 1.0)",29,99.71666666666668,14623
"(0.9333333333333332, 1.0)",57,99.71666666666668,14680
"(0.9, 1.0)",58,99.71666666666668,14738
"(0.9833333333333332, 1.0)",32,99.71666666666668,14770
"(0.8666666666666667, 1.0)",62,99.71666666666668,14832
"(0.7166666666666667, 1.0)",161,99.71666666666668,14993
"(0.8833333333333333, 1.0)",68,99.71666666666668,15061
"(0.95, 1.0)",34,99.71666666666668,15095
"(0.9666666666666668, 1.0)",29,99.71666666666668,15124
"(0.8, 1.0)",28,99.71666666666668,15152
"(0.7333333333333333, 1.0)",84,99.71666666666668,15236
"(0.872093023255814, 1.0)",2,99.7093023255814,15238
"(0.8372093023255814, 1.0)",1,99.7093023255814,15239
"(0.9186046511627908, 1.0)",2,99.7093023255814,15241
"(0.9186046511627908, 1.0)",1,99.7093023255814,15242
"(0.75, 1.0)",1,99.70833333333334,15243
"(0.8472222222222222, 1.0)",2,99.70833333333334,15245
"(0.8611111111111112, 1.0)",12,99.70833333333334,15257
"(0.9583333333333334, 1.0)",1,99.70833333333334,15258
"(0.8888888888888888, 1.0)",3,99.70833333333334,15261
"(0.7777777777777778, 1.0)",3,99.70833333333334,15264
"(0.7361111111111112, 1.0)",1,99.70833333333334,15265
"(0.9444444444444444, 1.0)",3,99.70833333333334,15268
"(0.875, 1.0)",2,99.70833333333334,15270
"(0.8194444444444444, 1.0)",5,99.70833333333334,15275
"(0.9027777777777778, 1.0)",4,99.70833333333334,15279
"(0.7083333333333334, 1.0)",1,99.70833333333334,15280
"(0.7638888888888888, 1.0)",3,99.70833333333334,15283
"(0.8333333333333334, 1.0)",15,99.70833333333334,15298
"(0.9305555555555556, 1.0)",9,99.70833333333334,15307
"(0.8055555555555556, 1.0)",5,99.70833333333334,15312
"(0.7916666666666666, 1.0)",3,99.70833333333334,15315
"(0.9166666666666666, 1.0)",3,99.70833333333334,15318
"(0.8611111111111112, 1.0)",8,99.70833333333331,15326
"(0.9444444444444444, 1.0)",5,99.70833333333331,15331
"(0.9027777777777778, 1.0)",6,99.70833333333331,15337
"(0.8888888888888888, 1.0)",3,99.70833333333331,15340
"(0.7777777777777778, 1.0)",6,99.70833333333331,15346
"(0.7638888888888888, 1.0)",2,99.70833333333331,15348
"(0.8472222222222222, 1.0)",2,99.70833333333331,15350
"(0.9166666666666666, 1.0)",7,99.70833333333331,15357
"(0.8055555555555556, 1.0)",2,99.70833333333331,15359
"(0.9583333333333334, 1.0)",4,99.70833333333331,15363
"(0.9305555555555556, 1.0)",12,99.70833333333331,15375
"(0.8333333333333334, 1.0)",10,99.70833333333331,15385
"(0.875, 1.0)",1,99.70833333333331,15386
"(0.8194444444444444, 1.0)",4,99.70833333333331,15390
"(0.9833333333333332, 1.0)",1,99.70000000000002,15391
"(0.8833333333333333, 1.0)",72,99.7,15463
"(0.9666666666666668, 1.0)",34,99.7,15497
"(0.7, 1.0)",31,99.7,15528
"(0.8666666666666667, 1.0)",64,99.7,15592
"(1.0, 1.0)",7,99.7,15599
"(0.7166666666666667, 1.0)",107,99.7,15706
"(0.8833333333333333, 1.0)",3,99.7,15709
"(0.9833333333333332, 1.0)",3,99.7,15712
"(0.9833333333333332, 1.0)",37,99.7,15749
"(0.7666666666666667, 1.0)",19,99.7,15768
"(0.85, 1.0)",2,99.7,15770
"(0.8166666666666667, 1.0)",46,99.7,15816
"(0.9, 1.0)",1,99.7,15817
"(1.0, 1.0)",40,99.7,15857
"(0.7833333333333333, 1.0)",31,99.7,15888
"(0.9166666666666666, 1.0)",3,99.7,15891
"(0.8333333333333334, 1.0)",1,99.7,15892
"(0.75, 1.0)",32,99.7,15924
"(0.8666666666666667, 1.0)",2,99.7,15926
"(0.8, 1.0)",52,99.7,15978
"(0.9333333333333332, 1.0)",2,99.7,15980
"(0.9333333333333332, 1.0)",40,99.7,16020
"(0.95, 1.0)",26,99.7,16046
"(0.9166666666666666, 1.0)",46,99.7,16092
"(0.9, 1.0)",58,99.7,16150
"(0.8333333333333334, 1.0)",51,99.7,16201
"(0.85, 1.0)",42,99.7,16243
"(0.7666666666666667, 1.0)",1,99.7,16244
"(0.9666666666666668, 1.0)",1,99.7,16245
"(0.7333333333333333, 1.0)",54,99.7,16299
"(0.872093023255814, 1.0)",1,99.69767441860463,16300
"(0.9534883720930232, 1.0)",2,99.69767441860463,16302
"(0.8837209302325582, 1.0)",1,99.69767441860463,16303
"(0.8488372093023255, 1.0)",1,99.69767441860463,16304
"(0.9186046511627908, 1.0)",5,99.69767441860463,16309
"(0.7906976744186046, 1.0)",1,99.69767441860463,16310
"(0.8023255813953488, 1.0)",2,99.69767441860463,16312
"(0.9166666666666666, 1.0)",16,99.69444444444444,16328
"(0.8611111111111112, 1.0)",10,99.69444444444444,16338
"(0.8055555555555556, 1.0)",7,99.69444444444444,16345
"(0.8888888888888888, 1.0)",3,99.69444444444444,16348
"(0.7361111111111112, 1.0)",1,99.69444444444444,16349
"(0.75, 1.0)",2,99.69444444444444,16351
"(0.8333333333333334, 1.0)",12,99.69444444444444,16363
"(0.9722222222222222, 1.0)",1,99.69444444444444,16364
"(0.9583333333333334, 1.0)",3,99.69444444444444,16367
"(0.9305555555555556, 1.0)",12,99.69444444444444,16379
"(0.8194444444444444, 1.0)",11,99.69444444444444,16390
"(0.7916666666666666, 1.0)",3,99.69444444444444,16393
"(0.7777777777777778, 1.0)",12,99.69444444444444,16405
"(0.9444444444444444, 1.0)",13,99.69444444444444,16418
"(0.8472222222222222, 1.0)",3,99.69444444444444,16421
"(0.7222222222222222, 1.0)",2,99.69444444444444,16423
"(0.875, 1.0)",4,99.69444444444444,16427
"(0.9027777777777778, 1.0)",11,99.69444444444444,16438
"(0.7638888888888888, 1.0)",4,99.69444444444444,16442
"(0.9302325581395348, 1.0)",1,99.68604651162792,16443
"(0.8488372093023255, 1.0)",2,99.68604651162792,16445
"(0.8372093023255814, 1.0)",3,99.68604651162792,16448
"(0.8837209302325582, 1.0)",1,99.68604651162792,16449
"(0.8953488372093024, 1.0)",1,99.68604651162792,16450
"(0.9186046511627908, 1.0)",5,99.68604651162792,16455
"(0.8604651162790697, 1.0)",1,99.68604651162792,16456
"(0.9833333333333332, 1.0)",1,99.68333333333337,16457
"(0.7, 1.0)",16,99.68333333333334,16473
"(1.0, 1.0)",29,99.68333333333334,16502
"(0.75, 1.0)",33,99.68333333333334,16535
"(0.95, 1.0)",23,99.68333333333334,16558
"(0.8666666666666667, 1.0)",48,99.68333333333334,16606
"(0.8, 1.0)",31,99.68333333333334,16637
"(0.9833333333333332, 1.0)",33,99.68333333333334,16670
"(0.8333333333333334, 1.0)",51,99.68333333333334,16721
"(0.8833333333333333, 1.0)",75,99.68333333333334,16796
"(0.85, 1.0)",55,99.68333333333334,16851
"(0.7333333333333333, 1.0)",31,99.68333333333334,16882
"(0.7666666666666667, 1.0)",24,99.68333333333334,16906
"(0.8166666666666667, 1.0)",28,99.68333333333334,16934
"(0.7833333333333333, 1.0)",19,99.68333333333334,16953
"(0.9333333333333332, 1.0)",25,99.68333333333334,16978
"(0.9666666666666668, 1.0)",36,99.68333333333334,17014
"(0.9, 1.0)",58,99.68333333333334,17072
"(0.9166666666666666, 1.0)",44,99.68333333333334,17116
"(0.7166666666666667, 1.0)",39,99.68333333333334,17155
"(0.6833333333333333, 1.0)",24,99.68333333333334,17179
"(0.9166666666666666, 1.0)",2,99.68333333333332,17181
"(0.8472222222222222, 1.0)",4,99.68055555555556,17185
"(0.8888888888888888, 1.0)",5,99.68055555555556,17190
"(0.9583333333333334, 1.0)",4,99.68055555555556,17194
"(0.8333333333333334, 1.0)",13,99.68055555555556,17207
"(0.9444444444444444, 1.0)",13,99.68055555555556,17220
"(0.8611111111111112, 1.0)",9,99.68055555555556,17229
"(0.875, 1.0)",4,99.68055555555556,17233
"(0.9027777777777778, 1.0)",8,99.68055555555556,17241
"(0.75, 1.0)",9,99.68055555555556,17250
"(0.9722222222222222, 1.0)",2,99.68055555555556,17252
"(0.7916666666666666, 1.0)",2,99.68055555555556,17254
"(0.7083333333333334, 1.0)",1,99.68055555555556,17255
"(0.8194444444444444, 1.0)",8,99.68055555555556,17263
"(0.7638888888888888, 1.0)",7,99.68055555555556,17270
"(0.7361111111111112, 1.0)",1,99.68055555555556,17271
"(0.7777777777777778, 1.0)",13,99.68055555555556,17284
"(0.9166666666666666, 1.0)",14,99.68055555555556,17298
"(0.8055555555555556, 1.0)",6,99.68055555555556,17304
"(0.9305555555555556, 1.0)",15,99.68055555555556,17319
"(0.9444444444444444, 1.0)",1,99.68055555555554,17320
"(0.9305555555555556, 1.0)",2,99.68055555555554,17322
"(0.8611111111111112, 1.0)",1,99.68055555555554,17323
"(0.8023255813953488, 1.0)",1,99.67441860465117,17324
"(0.8255813953488372, 1.0)",1,99.67441860465117,17325
"(0.8604651162790697, 1.0)",1,99.67441860465117,17326
"(0.9186046511627908, 1.0)",1,99.67441860465117,17327
"(0.8488372093023255, 1.0)",2,99.67441860465117,17329
"(0.8953488372093024, 1.0)",2,99.67441860465117,17331
"(0.7674418604651163, 1.0)",1,99.67441860465117,17332
"(0.8372093023255814, 1.0)",1,99.67441860465117,17333
"(0.8472222222222222, 1.0)",2,99.66666666666669,17335
"(0.7166666666666667, 1.0)",14,99.66666666666669,17349
"(0.9666666666666668, 1.0)",22,99.66666666666669,17371
"(0.9333333333333332, 1.0)",13,99.66666666666669,17384
"(0.7333333333333333, 1.0)",5,99.66666666666669,17389
"(0.95, 1.0)",6,99.66666666666669,17395
"(0.8888888888888888, 1.0)",1,99.66666666666669,17396
"(0.9833333333333332, 1.0)",8,99.66666666666669,17404
"(0.7083333333333334, 1.0)",1,99.66666666666669,17405
"(0.7361111111111112, 1.0)",2,99.66666666666669,17407
"(0.8166666666666667, 1.0)",11,99.66666666666669,17418
"(0.7777777777777778, 1.0)",8,99.66666666666669,17426
"(0.875, 1.0)",1,99.66666666666669,17427
"(0.9444444444444444, 1.0)",4,99.66666666666669,17431
"(0.8, 1.0)",29,99.66666666666669,17460
"(0.7666666666666667, 1.0)",19,99.66666666666669,17479
"(0.75, 1.0)",11,99.66666666666669,17490
"(0.8833333333333333, 1.0)",23,99.66666666666669,17513
"(0.7, 1.0)",6,99.66666666666669,17519
"(0.8611111111111112, 1.0)",2,99.66666666666669,17521
"(1.0, 1.0)",15,99.66666666666669,17536
"(0.8666666666666667, 1.0)",28,99.66666666666669,17564
"(0.85, 1.0)",15,99.66666666666669,17579
"(0.9583333333333334, 1.0)",2,99.66666666666669,17581
"(0.9305555555555556, 1.0)",4,99.66666666666669,17585
"(0.9027777777777778, 1.0)",1,99.66666666666669,17586
"(0.9, 1.0)",35,99.66666666666669,17621
"(0.8194444444444444, 1.0)",3,99.66666666666669,17624
"(0.9166666666666666, 1.0)",29,99.66666666666669,17653
"(0.8333333333333334, 1.0)",44,99.66666666666669,17697
"(0.6833333333333333, 1.0)",1,99.66666666666669,17698
"(0.8055555555555556, 1.0)",5,99.66666666666669,17703
"(0.7833333333333333, 1.0)",8,99.66666666666669,17711
"(0.8472222222222222, 1.0)",4,99.66666666666666,17715
"(0.8194444444444444, 1.0)",8,99.66666666666666,17723
"(0.95, 1.0)",10,99.66666666666666,17733
"(0.6666666666666666, 1.0)",7,99.66666666666666,17740
"(0.7833333333333333, 1.0)",16,99.66666666666666,17756
"(0.875, 1.0)",7,99.66666666666666,17763
"(0.8611111111111112, 1.0)",13,99.66666666666666,17776
"(0.9166666666666666, 1.0)",34,99.66666666666666,17810
"(0.8166666666666667, 1.0)",10,99.66666666666666,17820
"(0.9305555555555556, 1.0)",9,99.66666666666666,17829
"(0.9333333333333332, 1.0)",28,99.66666666666666,17857
"(0.9833333333333332, 1.0)",25,99.66666666666666,17882
"(0.7222222222222222, 1.0)",1,99.66666666666666,17883
"(0.7166666666666667, 1.0)",23,99.66666666666666,17906
"(0.9583333333333334, 1.0)",4,99.66666666666666,17910
"(1.0, 1.0)",57,99.66666666666666,17967
"(0.9722222222222222, 1.0)",1,99.66666666666666,17968
"(0.7638888888888888, 1.0)",1,99.66666666666666,17969
"(0.9027777777777778, 1.0)",8,99.66666666666666,17977
"(0.7, 1.0)",3,99.66666666666666,17980
"(0.8833333333333333, 1.0)",35,99.66666666666666,18015
"(0.8888888888888888, 1.0)",1,99.66666666666666,18016
"(0.7083333333333334, 1.0)",4,99.66666666666666,18020
"(0.9, 1.0)",21,99.66666666666666,18041
"(0.85, 1.0)",41,99.66666666666666,18082
"(0.8666666666666667, 1.0)",22,99.66666666666666,18104
"(0.75, 1.0)",22,99.66666666666666,18126
"(0.8, 1.0)",10,99.66666666666666,18136
"(0.7666666666666667, 1.0)",7,99.66666666666666,18143
"(0.7333333333333333, 1.0)",29,99.66666666666666,18172
"(0.8333333333333334, 1.0)",46,99.66666666666666,18218
"(0.9444444444444444, 1.0)",15,99.66666666666666,18233
"(0.8055555555555556, 1.0)",5,99.66666666666666,18238
"(0.9666666666666668, 1.0)",8,99.66666666666666,18246
"(0.7777777777777778, 1.0)",14,99.66666666666666,18260
"(0.6833333333333333, 1.0)",27,99.66666666666666,18287
"(0.9186046511627908, 1.0)",3,99.6627906976744,18290
"(0.8837209302325582, 1.0)",3,99.6627906976744,18293
"(0.8488372093023255, 1.0)",2,99.6627906976744,18295
"(0.8023255813953488, 1.0)",1,99.6627906976744,18296
"(0.8255813953488372, 1.0)",1,99.6627906976744,18297
"(0.95, 1.0)",1,99.65416666666668,18298
"(0.875, 1.0)",9,99.65277777777776,18307
"(0.8611111111111112, 1.0)",3,99.65277777777776,18310
"(0.7638888888888888, 1.0)",11,99.65277777777776,18321
"(0.9305555555555556, 1.0)",7,99.65277777777776,18328
"(0.7361111111111112, 1.0)",3,99.65277777777776,18331
"(0.7777777777777778, 1.0)",10,99.65277777777776,18341
"(0.7222222222222222, 1.0)",1,99.65277777777776,18342
"(0.8333333333333334, 1.0)",11,99.65277777777776,18353
"(0.7083333333333334, 1.0)",2,99.65277777777776,18355
"(0.8055555555555556, 1.0)",6,99.65277777777776,18361
"(0.9444444444444444, 1.0)",11,99.65277777777776,18372
"(0.9027777777777778, 1.0)",4,99.65277777777776,18376
"(0.75, 1.0)",8,99.65277777777776,18384
"(0.9583333333333334, 1.0)",6,99.65277777777776,18390
"(0.9166666666666666, 1.0)",11,99.65277777777776,18401
"(0.8194444444444444, 1.0)",14,99.65277777777776,18415
"(0.8472222222222222, 1.0)",4,99.65277777777776,18419
"(0.6944444444444444, 1.0)",1,99.65277777777776,18420
"(0.8888888888888888, 1.0)",6,99.65277777777776,18426
"(0.9186046511627908, 1.0)",2,99.65116279069768,18428
"(0.8837209302325582, 1.0)",1,99.65116279069768,18429
"(0.813953488372093, 1.0)",1,99.65116279069768,18430
"(0.8255813953488372, 1.0)",2,99.65116279069768,18432
"(0.8666666666666667, 1.0)",55,99.65,18487
"(0.8833333333333333, 1.0)",3,99.65,18490
"(0.8, 1.0)",31,99.65,18521
"(0.7666666666666667, 1.0)",17,99.65,18538
"(0.9333333333333332, 1.0)",1,99.65,18539
"(0.8333333333333334, 1.0)",55,99.65,18594
"(0.6833333333333333, 1.0)",21,99.65,18615
"(0.8833333333333333, 1.0)",59,99.65,18674
"(0.95, 1.0)",1,99.65,18675
"(0.7333333333333333, 1.0)",32,99.65,18707
"(0.7833333333333333, 1.0)",23,99.65,18730
"(0.9, 1.0)",67,99.65,18797
"(0.9166666666666666, 1.0)",1,99.65,18798
"(0.95, 1.0)",20,99.65,18818
"(0.9833333333333332, 1.0)",53,99.65,18871
"(0.85, 1.0)",35,99.65,18906
"(0.9666666666666668, 1.0)",15,99.65,18921
"(0.7, 1.0)",11,99.65,18932
"(0.8333333333333334, 1.0)",1,99.65,18933
"(1.0, 1.0)",28,99.65,18961
"(0.8166666666666667, 1.0)",36,99.65,18997
"(0.75, 1.0)",32,99.65,19029
"(0.9, 1.0)",2,99.65,19031
"(0.9166666666666666, 1.0)",46,99.65,19077
"(0.9666666666666668, 1.0)",2,99.65,19079
"(0.6666666666666666, 1.0)",9,99.65,19088
"(0.9333333333333332, 1.0)",46,99.65,19134
"(0.8666666666666667, 1.0)",3,99.65,19137
"(0.7166666666666667, 1.0)",42,99.65,19179
"(0.8166666666666667, 1.0)",1,99.65,19180
"(0.7674418604651163, 1.0)",2,99.63953488372093,19182
"(0.872093023255814, 1.0)",3,99.63953488372093,19185
"(0.8372093023255814, 1.0)",1,99.63953488372093,19186
"(0.9302325581395348, 1.0)",1,99.63953488372093,19187
"(0.8255813953488372, 1.0)",1,99.63953488372093,19188
"(0.9186046511627908, 1.0)",4,99.63953488372093,19192
"(0.8604651162790697, 1.0)",1,99.63953488372093,19193
"(0.9534883720930232, 1.0)",2,99.63953488372093,19195
"(0.8837209302325582, 1.0)",1,99.63953488372093,19196
"(0.9444444444444444, 1.0)",12,99.63888888888889,19208
"(0.7777777777777778, 1.0)",7,99.63888888888889,19215
"(0.7222222222222222, 1.0)",1,99.63888888888889,19216
"(0.9166666666666666, 1.0)",15,99.63888888888889,19231
"(0.875, 1.0)",7,99.63888888888889,19238
"(0.7916666666666666, 1.0)",1,99.63888888888889,19239
"(0.7638888888888888, 1.0)",4,99.63888888888889,19243
"(0.9027777777777778, 1.0)",8,99.63888888888889,19251
"(0.9722222222222222, 1.0)",1,99.63888888888889,19252
"(0.8194444444444444, 1.0)",14,99.63888888888889,19266
"(0.7083333333333334, 1.0)",8,99.63888888888889,19274
"(0.75, 1.0)",7,99.63888888888889,19281
"(0.8888888888888888, 1.0)",6,99.63888888888889,19287
"(0.8472222222222222, 1.0)",6,99.63888888888889,19293
"(0.6944444444444444, 1.0)",2,99.63888888888889,19295
"(0.8333333333333334, 1.0)",22,99.63888888888889,19317
"(0.8611111111111112, 1.0)",7,99.63888888888889,19324
"(0.9583333333333334, 1.0)",10,99.63888888888889,19334
"(0.9305555555555556, 1.0)",16,99.63888888888889,19350
"(0.8055555555555556, 1.0)",1,99.63888888888889,19351
"(0.7361111111111112, 1.0)",8,99.63888888888889,19359
"(0.8666666666666667, 1.0)",1,99.63333333333334,19360
"(0.9166666666666666, 1.0)",1,99.63333333333334,19361
"(0.8833333333333333, 1.0)",4,99.63333333333334,19365
"(0.9, 1.0)",1,99.63333333333334,19366
"(0.7333333333333333, 1.0)",1,99.63333333333334,19367
"(0.9333333333333332, 1.0)",1,99.63333333333334,19368
"(0.7666666666666667, 1.0)",27,99.63333333333333,19395
"(0.7333333333333333, 1.0)",26,99.63333333333333,19421
"(0.9333333333333332, 1.0)",48,99.63333333333333,19469
"(0.8, 1.0)",33,99.63333333333333,19502
"(0.75, 1.0)",21,99.63333333333333,19523
"(0.95, 1.0)",16,99.63333333333333,19539
"(0.9666666666666668, 1.0)",43,99.63333333333333,19582
"(0.7833333333333333, 1.0)",11,99.63333333333333,19593
"(0.85, 1.0)",33,99.63333333333333,19626
"(0.6833333333333333, 1.0)",16,99.63333333333333,19642
"(0.7, 1.0)",9,99.63333333333333,19651
"(0.9, 1.0)",46,99.63333333333333,19697
"(1.0, 1.0)",31,99.63333333333333,19728
"(0.8833333333333333, 1.0)",39,99.63333333333333,19767
"(0.8666666666666667, 1.0)",43,99.63333333333333,19810
"(0.6666666666666666, 1.0)",12,99.63333333333333,19822
"(0.9833333333333332, 1.0)",39,99.63333333333333,19861
"(0.8166666666666667, 1.0)",40,99.63333333333333,19901
"(0.7166666666666667, 1.0)",25,99.63333333333333,19926
"(0.9166666666666666, 1.0)",37,99.63333333333333,19963
"(0.8333333333333334, 1.0)",44,99.63333333333333,20007
"(0.872093023255814, 1.0)",2,99.6279069767442,20009
"(0.9186046511627908, 1.0)",5,99.6279069767442,20014
"(0.9302325581395348, 1.0)",1,99.6279069767442,20015
"(0.7674418604651163, 1.0)",2,99.6279069767442,20017
"(0.8488372093023255, 1.0)",2,99.6279069767442,20019
"(0.7906976744186046, 1.0)",3,99.6279069767442,20022
"(0.7441860465116279, 1.0)",1,99.6279069767442,20023
"(0.8255813953488372, 1.0)",1,99.6279069767442,20024
"(0.9305555555555556, 1.0)",18,99.625,20042
"(0.75, 1.0)",14,99.625,20056
"(0.7638888888888888, 1.0)",8,99.625,20064
"(0.9166666666666666, 1.0)",10,99.625,20074
"(0.8194444444444444, 1.0)",11,99.625,20085
"(0.9583333333333334, 1.0)",6,99.625,20091
"(0.8333333333333334, 1.0)",12,99.625,20103
"(0.8472222222222222, 1.0)",3,99.625,20106
"(0.8611111111111112, 1.0)",6,99.625,20112
"(0.9027777777777778, 1.0)",9,99.625,20121
"(0.7083333333333334, 1.0)",6,99.625,20127
"(0.9722222222222222, 1.0)",1,99.625,20128
"(0.8055555555555556, 1.0)",3,99.625,20131
"(0.7916666666666666, 1.0)",4,99.625,20135
"(0.9444444444444444, 1.0)",9,99.625,20144
"(0.875, 1.0)",3,99.625,20147
"(0.8888888888888888, 1.0)",9,99.625,20156
"(0.7361111111111112, 1.0)",4,99.625,20160
"(0.7777777777777778, 1.0)",8,99.625,20168
"(0.9875, 1.0)",1,99.62083333333338,20169
"(0.9333333333333332, 1.0)",19,99.61666666666667,20188
"(0.75, 1.0)",28,99.61666666666667,20216
"(0.7666666666666667, 1.0)",17,99.61666666666667,20233
"(0.95, 1.0)",35,99.61666666666667,20268
"(0.7833333333333333, 1.0)",14,99.61666666666667,20282
"(0.8, 1.0)",21,99.61666666666667,20303
"(0.7, 1.0)",9,99.61666666666667,20312
"(0.7333333333333333, 1.0)",28,99.61666666666667,20340
"(0.6833333333333333, 1.0)",8,99.61666666666667,20348
"(0.9833333333333332, 1.0)",16,99.61666666666667,20364
"(0.9166666666666666, 1.0)",28,99.61666666666667,20392
"(0.8833333333333333, 1.0)",56,99.61666666666667,20448
"(0.8166666666666667, 1.0)",39,99.61666666666667,20487
"(0.9666666666666668, 1.0)",34,99.61666666666667,20521
"(0.85, 1.0)",39,99.61666666666667,20560
"(0.7166666666666667, 1.0)",21,99.61666666666667,20581
"(0.9, 1.0)",46,99.61666666666667,20627
"(0.6666666666666666, 1.0)",8,99.61666666666667,20635
"(0.8333333333333334, 1.0)",38,99.61666666666667,20673
"(1.0, 1.0)",26,99.61666666666667,20699
"(0.8666666666666667, 1.0)",62,99.61666666666667,20761
"(0.8833333333333333, 1.0)",1,99.61666666666666,20762
"(0.9333333333333332, 1.0)",2,99.61666666666666,20764
"(1.0, 1.0)",2,99.61666666666666,20766
"(0.7833333333333333, 1.0)",1,99.61666666666666,20767
"(0.85, 1.0)",4,99.61666666666666,20771
"(0.8333333333333334, 1.0)",4,99.61666666666666,20775
"(0.8666666666666667, 1.0)",4,99.61666666666666,20779
"(0.9166666666666666, 1.0)",3,99.61666666666666,20782
"(0.7333333333333333, 1.0)",1,99.61666666666666,20783
"(0.95, 1.0)",2,99.61666666666666,20785
"(0.9833333333333332, 1.0)",3,99.61666666666666,20788
"(0.9666666666666668, 1.0)",1,99.61666666666666,20789
"(0.9, 1.0)",1,99.61666666666666,20790
"(0.7674418604651163, 1.0)",1,99.61627906976744,20791
"(0.9534883720930232, 1.0)",1,99.61627906976744,20792
"(0.8488372093023255, 1.0)",1,99.61627906976744,20793
"(0.8837209302325582, 1.0)",3,99.61627906976744,20796
"(0.7906976744186046, 1.0)",4,99.61627906976744,20800
"(0.8255813953488372, 1.0)",3,99.61627906976744,20803
"(0.9186046511627908, 1.0)",1,99.61627906976744,20804
"(0.872093023255814, 1.0)",4,99.61627906976744,20808
"(0.7916666666666666, 1.0)",1,99.61111111111111,20809
"(0.7222222222222222, 1.0)",2,99.61111111111111,20811
"(0.8055555555555556, 1.0)",5,99.61111111111111,20816
"(0.875, 1.0)",2,99.61111111111111,20818
"(0.75, 1.0)",8,99.61111111111111,20826
"(0.7083333333333334, 1.0)",6,99.61111111111111,20832
"(0.8333333333333334, 1.0)",16,99.61111111111111,20848
"(0.9166666666666666, 1.0)",11,99.61111111111111,20859
"(0.8472222222222222, 1.0)",3,99.61111111111111,20862
"(0.9722222222222222, 1.0)",3,99.61111111111111,20865
"(0.8611111111111112, 1.0)",12,99.61111111111111,20877
"(0.7638888888888888, 1.0)",10,99.61111111111111,20887
"(0.7361111111111112, 1.0)",4,99.61111111111111,20891
"(0.8888888888888888, 1.0)",6,99.61111111111111,20897
"(0.8194444444444444, 1.0)",22,99.61111111111111,20919
"(0.9444444444444444, 1.0)",9,99.61111111111111,20928
"(0.9305555555555556, 1.0)",13,99.61111111111111,20941
"(0.6111111111111112, 1.0)",1,99.61111111111111,20942
"(0.9027777777777778, 1.0)",8,99.61111111111111,20950
"(0.7777777777777778, 1.0)",13,99.61111111111111,20963
"(0.9583333333333334, 1.0)",7,99.61111111111111,20970
"(0.8372093023255814, 1.0)",2,99.6046511627907,20972
"(0.813953488372093, 1.0)",1,99.6046511627907,20973
"(0.872093023255814, 1.0)",2,99.6046511627907,20975
"(0.8488372093023255, 1.0)",1,99.6046511627907,20976
"(0.8953488372093024, 1.0)",1,99.6046511627907,20977
"(0.7906976744186046, 1.0)",3,99.6046511627907,20980
"(0.7558139534883721, 1.0)",1,99.6046511627907,20981
"(0.7666666666666667, 1.0)",21,99.6,21002
"(0.8833333333333333, 1.0)",1,99.6,21003
"(0.9166666666666666, 1.0)",41,99.6,21044
"(0.7333333333333333, 1.0)",22,99.6,21066
"(1.0, 1.0)",1,99.6,21067
"(0.8833333333333333, 1.0)",49,99.6,21116
"(0.9, 1.0)",41,99.6,21157
"(0.9833333333333332, 1.0)",19,99.6,21176
"(0.8, 1.0)",32,99.6,21208
"(0.8666666666666667, 1.0)",45,99.6,21253
"(0.9333333333333332, 1.0)",1,99.6,21254
"(0.8333333333333334, 1.0)",43,99.6,21297
"(0.8666666666666667, 1.0)",1,99.6,21298
"(0.6833333333333333, 1.0)",5,99.6,21303
"(0.9333333333333332, 1.0)",38,99.6,21341
"(1.0, 1.0)",17,99.6,21358
"(0.85, 1.0)",44,99.6,21402
"(0.9833333333333332, 1.0)",1,99.6,21403
"(0.7166666666666667, 1.0)",26,99.6,21429
"(0.6666666666666666, 1.0)",12,99.6,21441
"(0.95, 1.0)",23,99.6,21464
"(0.8166666666666667, 1.0)",40,99.6,21504
"(0.9666666666666668, 1.0)",2,99.6,21506
"(0.95, 1.0)",3,99.6,21509
"(0.6166666666666667, 1.0)",3,99.6,21512
"(0.7, 1.0)",3,99.6,21515
"(0.9666666666666668, 1.0)",23,99.6,21538
"(0.75, 1.0)",26,99.6,21564
"(0.85, 1.0)",1,99.6,21565
"(0.7833333333333333, 1.0)",19,99.6,21584
"(0.7916666666666666, 1.0)",2,99.59722222222224,21586
"(0.9027777777777778, 1.0)",1,99.59722222222224,21587
"(0.75, 1.0)",4,99.59722222222224,21591
"(0.8888888888888888, 1.0)",5,99.59722222222224,21596
"(0.8611111111111112, 1.0)",8,99.59722222222224,21604
"(0.7361111111111112, 1.0)",3,99.59722222222224,21607
"(0.8333333333333334, 1.0)",12,99.59722222222224,21619
"(0.6944444444444444, 1.0)",3,99.59722222222224,21622
"(0.7777777777777778, 1.0)",9,99.59722222222224,21631
"(0.875, 1.0)",5,99.59722222222224,21636
"(0.9166666666666666, 1.0)",10,99.59722222222224,21646
"(0.8194444444444444, 1.0)",8,99.59722222222224,21654
"(0.6111111111111112, 1.0)",1,99.59722222222224,21655
"(0.9444444444444444, 1.0)",9,99.59722222222224,21664
"(0.9583333333333334, 1.0)",4,99.59722222222224,21668
"(0.7638888888888888, 1.0)",5,99.59722222222224,21673
"(0.8055555555555556, 1.0)",5,99.59722222222224,21678
"(0.7083333333333334, 1.0)",4,99.59722222222224,21682
"(0.7222222222222222, 1.0)",2,99.59722222222224,21684
"(0.9305555555555556, 1.0)",9,99.59722222222224,21693
"(0.8472222222222222, 1.0)",3,99.59722222222224,21696
"(0.9722222222222222, 1.0)",1,99.59722222222224,21697
"(0.9583333333333334, 1.0)",4,99.5972222222222,21701
"(0.9722222222222222, 1.0)",1,99.5972222222222,21702
"(0.9027777777777778, 1.0)",1,99.5972222222222,21703
"(0.8194444444444444, 1.0)",1,99.5972222222222,21704
"(0.9305555555555556, 1.0)",1,99.5972222222222,21705
"(0.9444444444444444, 1.0)",1,99.5972222222222,21706
"(0.8488372093023255, 1.0)",1,99.59302325581396,21707
"(0.8255813953488372, 1.0)",1,99.59302325581396,21708
"(0.9186046511627908, 1.0)",2,99.59302325581396,21710
"(0.872093023255814, 1.0)",1,99.59302325581396,21711
"(0.8488372093023255, 1.0)",2,99.59302325581396,21713
"(0.7674418604651163, 1.0)",2,99.59302325581396,21715
"(0.8837209302325582, 1.0)",1,99.59302325581396,21716
"(0.8604651162790697, 1.0)",1,99.59302325581396,21717
"(0.8255813953488372, 1.0)",3,99.59302325581396,21720
"(0.872093023255814, 1.0)",1,99.59302325581396,21721
"(0.7441860465116279, 1.0)",1,99.59302325581396,21722
"(0.813953488372093, 1.0)",1,99.59302325581396,21723
"(0.9069767441860463, 1.0)",1,99.59302325581396,21724
"(0.7333333333333333, 1.0)",6,99.58333333333334,21730
"(0.75, 1.0)",22,99.58333333333334,21752
"(0.7361111111111112, 1.0)",5,99.58333333333334,21757
"(0.7222222222222222, 1.0)",4,99.58333333333334,21761
"(0.9444444444444444, 1.0)",2,99.58333333333334,21763
"(0.9666666666666668, 1.0)",9,99.58333333333334,21772
"(0.6666666666666666, 1.0)",1,99.58333333333334,21773
"(0.8333333333333334, 1.0)",15,99.58333333333334,21788
"(0.8472222222222222, 1.0)",2,99.58333333333334,21790
"(0.7083333333333334, 1.0)",12,99.58333333333334,21802
"(0.8666666666666667, 1.0)",15,99.58333333333334,21817
"(0.8194444444444444, 1.0)",2,99.58333333333334,21819
"(0.8888888888888888, 1.0)",2,99.58333333333334,21821
"(0.6944444444444444, 1.0)",3,99.58333333333334,21824
"(0.7833333333333333, 1.0)",15,99.58333333333334,21839
"(0.9, 1.0)",20,99.58333333333334,21859
"(0.85, 1.0)",10,99.58333333333334,21869
"(0.9333333333333332, 1.0)",5,99.58333333333334,21874
"(1.0, 1.0)",10,99.58333333333334,21884
"(0.9583333333333334, 1.0)",1,99.58333333333334,21885
"(0.9166666666666666, 1.0)",14,99.58333333333334,21899
"(0.8, 1.0)",10,99.58333333333334,21909
"(0.8166666666666667, 1.0)",15,99.58333333333334,21924
"(0.9027777777777778, 1.0)",5,99.58333333333334,21929
"(0.9305555555555556, 1.0)",2,99.58333333333334,21931
"(0.9833333333333332, 1.0)",10,99.58333333333334,21941
"(0.95, 1.0)",5,99.58333333333334,21946
"(0.8833333333333333, 1.0)",15,99.58333333333334,21961
"(0.7166666666666667, 1.0)",10,99.58333333333334,21971
"(0.9722222222222222, 1.0)",2,99.58333333333334,21973
"(0.7777777777777778, 1.0)",3,99.58333333333334,21976
"(0.6805555555555556, 1.0)",1,99.58333333333334,21977
"(0.8611111111111112, 1.0)",7,99.58333333333334,21984
"(0.7666666666666667, 1.0)",8,99.58333333333334,21992
"(0.6833333333333333, 1.0)",7,99.58333333333334,21999
"(0.9722222222222222, 1.0)",1,99.58333333333331,22000
"(0.8333333333333334, 1.0)",34,99.58333333333331,22034
"(0.8, 1.0)",10,99.58333333333331,22044
"(0.8611111111111112, 1.0)",4,99.58333333333331,22048
"(0.7166666666666667, 1.0)",11,99.58333333333331,22059
"(0.7083333333333334, 1.0)",4,99.58333333333331,22063
"(0.85, 1.0)",25,99.58333333333331,22088
"(0.9166666666666666, 1.0)",49,99.58333333333331,22137
"(0.8666666666666667, 1.0)",28,99.58333333333331,22165
"(0.9666666666666668, 1.0)",19,99.58333333333331,22184
"(0.8888888888888888, 1.0)",5,99.58333333333331,22189
"(0.7833333333333333, 1.0)",14,99.58333333333331,22203
"(0.8833333333333333, 1.0)",25,99.58333333333331,22228
"(0.9583333333333334, 1.0)",1,99.58333333333331,22229
"(0.9027777777777778, 1.0)",6,99.58333333333331,22235
"(0.6944444444444444, 1.0)",1,99.58333333333331,22236
"(0.9833333333333332, 1.0)",17,99.58333333333331,22253
"(0.8166666666666667, 1.0)",26,99.58333333333331,22279
"(1.0, 1.0)",22,99.58333333333331,22301
"(0.7638888888888888, 1.0)",4,99.58333333333331,22305
"(0.9333333333333332, 1.0)",26,99.58333333333331,22331
"(0.7361111111111112, 1.0)",2,99.58333333333331,22333
"(0.6166666666666667, 1.0)",1,99.58333333333331,22334
"(0.9444444444444444, 1.0)",4,99.58333333333331,22338
"(0.8472222222222222, 1.0)",1,99.58333333333331,22339
"(0.7916666666666666, 1.0)",1,99.58333333333331,22340
"(0.875, 1.0)",3,99.58333333333331,22343
"(0.7777777777777778, 1.0)",9,99.58333333333331,22352
"(0.95, 1.0)",12,99.58333333333331,22364
"(0.7666666666666667, 1.0)",12,99.58333333333331,22376
"(0.8055555555555556, 1.0)",3,99.58333333333331,22379
"(0.8194444444444444, 1.0)",8,99.58333333333331,22387
"(0.7333333333333333, 1.0)",18,99.58333333333331,22405
"(0.6666666666666666, 1.0)",11,99.58333333333331,22416
"(0.6833333333333333, 1.0)",5,99.58333333333331,22421
"(0.9, 1.0)",25,99.58333333333331,22446
"(0.9305555555555556, 1.0)",10,99.58333333333331,22456
"(0.6111111111111112, 1.0)",2,99.58333333333331,22458
"(0.6, 1.0)",1,99.58333333333331,22459
"(0.75, 1.0)",15,99.58333333333331,22474
"(0.7, 1.0)",7,99.58333333333331,22481
"(0.8488372093023255, 1.0)",1,99.5813953488372,22482
"(0.8372093023255814, 1.0)",1,99.5813953488372,22483
"(0.9186046511627908, 1.0)",2,99.5813953488372,22485
"(0.872093023255814, 1.0)",2,99.5813953488372,22487
"(0.7906976744186046, 1.0)",2,99.5813953488372,22489
"(0.7674418604651163, 1.0)",2,99.5813953488372,22491
"(0.8953488372093024, 1.0)",1,99.5813953488372,22492
"(0.8023255813953488, 1.0)",1,99.5813953488372,22493
"(0.8255813953488372, 1.0)",3,99.5813953488372,22496
"(0.813953488372093, 1.0)",1,99.5813953488372,22497
"(0.9069767441860463, 1.0)",1,99.56976744186046,22498
"(0.7674418604651163, 1.0)",5,99.56976744186046,22503
"(0.7906976744186046, 1.0)",1,99.56976744186046,22504
"(0.8488372093023255, 1.0)",1,99.56976744186046,22505
"(0.7441860465116279, 1.0)",1,99.56976744186046,22506
"(0.9186046511627908, 1.0)",2,99.56976744186046,22508
"(0.8023255813953488, 1.0)",1,99.56976744186046,22509
"(0.7916666666666666, 1.0)",4,99.56944444444444,22513
"(0.8888888888888888, 1.0)",7,99.56944444444444,22520
"(0.75, 1.0)",9,99.56944444444444,22529
"(0.9166666666666666, 1.0)",5,99.56944444444444,22534
"(0.7083333333333334, 1.0)",8,99.56944444444444,22542
"(0.875, 1.0)",3,99.56944444444444,22545
"(0.6944444444444444, 1.0)",2,99.56944444444444,22547
"(0.9444444444444444, 1.0)",6,99.56944444444444,22553
"(0.6805555555555556, 1.0)",1,99.56944444444444,22554
"(0.7361111111111112, 1.0)",7,99.56944444444444,22561
"(0.7638888888888888, 1.0)",13,99.56944444444444,22574
"(0.8472222222222222, 1.0)",5,99.56944444444444,22579
"(0.6111111111111112, 1.0)",1,99.56944444444444,22580
"(0.9305555555555556, 1.0)",1,99.56944444444444,22581
"(0.9027777777777778, 1.0)",9,99.56944444444444,22590
"(0.9583333333333334, 1.0)",5,99.56944444444444,22595
"(0.8055555555555556, 1.0)",7,99.56944444444444,22602
"(0.9722222222222222, 1.0)",2,99.56944444444444,22604
"(0.9305555555555556, 1.0)",7,99.56944444444444,22611
"(0.8611111111111112, 1.0)",9,99.56944444444444,22620
"(0.7777777777777778, 1.0)",7,99.56944444444444,22627
"(0.6527777777777778, 1.0)",1,99.56944444444444,22628
"(0.8333333333333334, 1.0)",9,99.56944444444444,22637
"(0.7222222222222222, 1.0)",2,99.56944444444444,22639
"(0.8194444444444444, 1.0)",13,99.56944444444444,22652
"(1.0, 1.0)",1,99.56666666666668,22653
"(0.7666666666666667, 1.0)",2,99.56666666666668,22655
"(0.8333333333333334, 1.0)",1,99.56666666666668,22656
"(0.95, 1.0)",2,99.56666666666668,22658
"(1.0, 1.0)",1,99.56666666666668,22659
"(0.8666666666666667, 1.0)",5,99.56666666666668,22664
"(0.9333333333333332, 1.0)",1,99.56666666666668,22665
"(0.9666666666666668, 1.0)",1,99.56666666666668,22666
"(0.8833333333333333, 1.0)",39,99.56666666666666,22705
"(0.7333333333333333, 1.0)",19,99.56666666666666,22724
"(0.7666666666666667, 1.0)",24,99.56666666666666,22748
"(0.9666666666666668, 1.0)",22,99.56666666666666,22770
"(0.7, 1.0)",2,99.56666666666666,22772
"(0.75, 1.0)",25,99.56666666666666,22797
"(0.9, 1.0)",39,99.56666666666666,22836
"(0.7833333333333333, 1.0)",10,99.56666666666666,22846
"(0.85, 1.0)",29,99.56666666666666,22875
"(0.95, 1.0)",21,99.56666666666666,22896
"(1.0, 1.0)",27,99.56666666666666,22923
"(0.9333333333333332, 1.0)",26,99.56666666666666,22949
"(0.6833333333333333, 1.0)",4,99.56666666666666,22953
"(0.6166666666666667, 1.0)",1,99.56666666666666,22954
"(0.7166666666666667, 1.0)",27,99.56666666666666,22981
"(0.8, 1.0)",26,99.56666666666666,23007
"(0.8333333333333334, 1.0)",38,99.56666666666666,23045
"(0.9166666666666666, 1.0)",23,99.56666666666666,23068
"(0.6666666666666666, 1.0)",4,99.56666666666666,23072
"(0.8166666666666667, 1.0)",30,99.56666666666666,23102
"(0.8666666666666667, 1.0)",49,99.56666666666666,23151
"(0.9833333333333332, 1.0)",19,99.56666666666666,23170
"(0.9833333333333332, 1.0)",1,99.5625,23171
"(0.9833333333333332, 0.9958333333333332)",2,99.5625,23173
"(0.7441860465116279, 1.0)",1,99.55813953488372,23174
"(0.9186046511627908, 1.0)",1,99.55813953488372,23175
"(0.8372093023255814, 1.0)",2,99.55813953488372,23177
"(0.8255813953488372, 1.0)",5,99.55813953488372,23182
"(0.8488372093023255, 1.0)",3,99.55813953488372,23185
"(0.7674418604651163, 1.0)",1,99.55813953488372,23186
"(0.872093023255814, 1.0)",3,99.55813953488372,23189
"(0.7906976744186046, 1.0)",1,99.55813953488372,23190
"(0.8837209302325582, 1.0)",2,99.55813953488372,23192
"(0.8372093023255814, 1.0)",3,99.55813953488372,23195
"(0.8055555555555556, 1.0)",6,99.55555555555556,23201
"(0.8194444444444444, 1.0)",7,99.55555555555556,23208
"(0.7083333333333334, 1.0)",15,99.55555555555556,23223
"(0.9583333333333334, 1.0)",4,99.55555555555556,23227
"(0.9027777777777778, 1.0)",12,99.55555555555556,23239
"(0.9444444444444444, 1.0)",11,99.55555555555556,23250
"(0.875, 1.0)",1,99.55555555555556,23251
"(0.8472222222222222, 1.0)",3,99.55555555555556,23254
"(0.8611111111111112, 1.0)",8,99.55555555555556,23262
"(0.8888888888888888, 1.0)",6,99.55555555555556,23268
"(0.5972222222222222, 1.0)",1,99.55555555555556,23269
"(0.7361111111111112, 1.0)",2,99.55555555555556,23271
"(0.6111111111111112, 1.0)",1,99.55555555555556,23272
"(0.7777777777777778, 1.0)",7,99.55555555555556,23279
"(0.6805555555555556, 1.0)",3,99.55555555555556,23282
"(0.8333333333333334, 1.0)",10,99.55555555555556,23292
"(0.9722222222222222, 1.0)",1,99.55555555555556,23293
"(0.9305555555555556, 1.0)",12,99.55555555555556,23305
"(0.7222222222222222, 1.0)",1,99.55555555555556,23306
"(0.6944444444444444, 1.0)",4,99.55555555555556,23310
"(0.7638888888888888, 1.0)",6,99.55555555555556,23316
"(0.75, 1.0)",6,99.55555555555556,23322
"(0.7916666666666666, 1.0)",2,99.55555555555556,23324
"(0.9166666666666666, 1.0)",2,99.55555555555556,23326
"(0.8333333333333334, 1.0)",1,99.55555555555554,23327
"(0.9958333333333332, 1.0)",1,99.55416666666667,23328
"(0.9875, 0.9958333333333332)",1,99.55416666666667,23329
"(1.0, 1.0)",20,99.55,23349
"(0.85, 1.0)",27,99.55,23376
"(0.9166666666666666, 1.0)",30,99.55,23406
"(0.7333333333333333, 1.0)",25,99.55,23431
"(0.7833333333333333, 1.0)",9,99.55,23440
"(0.9, 1.0)",2,99.55,23442
"(0.8166666666666667, 1.0)",29,99.55,23471
"(0.9333333333333332, 1.0)",27,99.55,23498
"(0.6666666666666666, 1.0)",5,99.55,23503
"(0.75, 1.0)",20,99.55,23523
"(0.9666666666666668, 1.0)",20,99.55,23543
"(0.8, 1.0)",26,99.55,23569
"(0.7666666666666667, 1.0)",15,99.55,23584
"(0.9333333333333332, 1.0)",2,99.55,23586
"(0.6, 1.0)",2,99.55,23588
"(0.8666666666666667, 1.0)",24,99.55,23612
"(0.7166666666666667, 1.0)",28,99.55,23640
"(0.8833333333333333, 1.0)",59,99.55,23699
"(0.7, 1.0)",4,99.55,23703
"(0.9833333333333332, 1.0)",17,99.55,23720
"(0.95, 1.0)",30,99.55,23750
"(0.8333333333333334, 1.0)",41,99.55,23791
"(0.9, 1.0)",43,99.55,23834
"(0.6833333333333333, 1.0)",3,99.55,23837
"(0.8488372093023255, 1.0)",2,99.54651162790698,23839
"(0.9534883720930232, 1.0)",1,99.54651162790698,23840
"(0.7674418604651163, 1.0)",4,99.54651162790698,23844
"(0.8255813953488372, 1.0)",5,99.54651162790698,23849
"(0.872093023255814, 1.0)",2,99.54651162790698,23851
"(0.8488372093023255, 1.0)",1,99.54651162790697,23852
"(0.8255813953488372, 1.0)",1,99.54651162790697,23853
"(0.8372093023255814, 1.0)",3,99.54651162790697,23856
"(0.9166666666666666, 1.0)",1,99.54166666666669,23857
"(0.6527777777777778, 1.0)",1,99.54166666666669,23858
"(0.7777777777777778, 1.0)",1,99.54166666666669,23859
"(0.6805555555555556, 1.0)",1,99.54166666666669,23860
"(0.6944444444444444, 1.0)",2,99.54166666666669,23862
"(0.8194444444444444, 1.0)",1,99.54166666666669,23863
"(0.8888888888888888, 1.0)",1,99.54166666666669,23864
"(0.75, 1.0)",2,99.54166666666669,23866
"(0.7222222222222222, 1.0)",1,99.54166666666669,23867
"(0.8055555555555556, 1.0)",5,99.54166666666669,23872
"(0.7916666666666666, 1.0)",1,99.54166666666669,23873
"(0.7083333333333334, 1.0)",4,99.54166666666669,23877
"(0.8611111111111112, 1.0)",2,99.54166666666669,23879
"(0.8333333333333334, 1.0)",5,99.54166666666669,23884
"(0.6111111111111112, 1.0)",1,99.54166666666669,23885
"(0.8472222222222222, 1.0)",1,99.54166666666669,23886
"(0.9027777777777778, 1.0)",4,99.54166666666669,23890
"(0.9583333333333334, 1.0)",1,99.54166666666669,23891
"(0.5972222222222222, 1.0)",2,99.54166666666666,23893
"(0.875, 1.0)",1,99.54166666666666,23894
"(0.9305555555555556, 1.0)",13,99.54166666666666,23907
"(0.7083333333333334, 1.0)",7,99.54166666666666,23914
"(0.9166666666666666, 1.0)",4,99.54166666666666,23918
"(0.75, 1.0)",5,99.54166666666666,23923
"(0.7361111111111112, 1.0)",2,99.54166666666666,23925
"(0.9444444444444444, 1.0)",2,99.54166666666666,23927
"(0.7638888888888888, 1.0)",5,99.54166666666666,23932
"(0.8194444444444444, 1.0)",7,99.54166666666666,23939
"(0.6944444444444444, 1.0)",3,99.54166666666666,23942
"(0.9583333333333334, 1.0)",8,99.54166666666666,23950
"(0.7777777777777778, 1.0)",3,99.54166666666666,23953
"(0.8888888888888888, 1.0)",6,99.54166666666666,23959
"(0.9027777777777778, 1.0)",3,99.54166666666666,23962
"(0.8472222222222222, 1.0)",4,99.54166666666666,23966
"(0.8055555555555556, 1.0)",2,99.54166666666666,23968
"(0.8333333333333334, 1.0)",8,99.54166666666666,23976
"(0.8611111111111112, 1.0)",5,99.54166666666666,23981
"(0.8255813953488372, 1.0)",1,99.53488372093024,23982
"(0.8488372093023255, 1.0)",2,99.53488372093022,23984
"(0.7906976744186046, 1.0)",2,99.53488372093022,23986
"(0.9069767441860463, 1.0)",1,99.53488372093022,23987
"(0.8255813953488372, 1.0)",2,99.53488372093022,23989
"(0.872093023255814, 1.0)",3,99.53488372093022,23992
"(0.9186046511627908, 1.0)",5,99.53488372093022,23997
"(0.7441860465116279, 1.0)",3,99.53488372093022,24000
"(0.7674418604651163, 1.0)",3,99.53488372093022,24003
"(0.8837209302325582, 1.0)",2,99.53488372093022,24005
"(0.7325581395348837, 1.0)",1,99.53488372093022,24006
"(0.8833333333333333, 1.0)",3,99.53333333333336,24009
"(0.9, 1.0)",2,99.53333333333336,24011
"(1.0, 1.0)",1,99.53333333333336,24012
"(0.95, 1.0)",1,99.53333333333336,24013
"(0.7, 1.0)",3,99.53333333333332,24016
"(0.8833333333333333, 1.0)",52,99.53333333333332,24068
"(0.85, 1.0)",34,99.53333333333332,24102
"(0.7166666666666667, 1.0)",27,99.53333333333332,24129
"(0.9666666666666668, 1.0)",19,99.53333333333332,24148
"(0.8666666666666667, 1.0)",43,99.53333333333332,24191
"(1.0, 1.0)",14,99.53333333333332,24205
"(0.7666666666666667, 1.0)",19,99.53333333333332,24224
"(0.8166666666666667, 1.0)",21,99.53333333333332,24245
"(0.8, 1.0)",33,99.53333333333332,24278
"(0.8333333333333334, 1.0)",46,99.53333333333332,24324
"(0.7833333333333333, 1.0)",5,99.53333333333332,24329
"(0.9, 1.0)",23,99.53333333333332,24352
"(0.9833333333333332, 1.0)",12,99.53333333333332,24364
"(0.6166666666666667, 1.0)",1,99.53333333333332,24365
"(0.5666666666666667, 1.0)",1,99.53333333333332,24366
"(0.95, 1.0)",12,99.53333333333332,24378
"(0.6666666666666666, 1.0)",8,99.53333333333332,24386
"(0.9333333333333332, 1.0)",27,99.53333333333332,24413
"(0.6833333333333333, 1.0)",3,99.53333333333332,24416
"(0.75, 1.0)",21,99.53333333333332,24437
"(0.9166666666666666, 1.0)",27,99.53333333333332,24464
"(0.7333333333333333, 1.0)",33,99.53333333333332,24497
"(0.7777777777777778, 0.9861111111111112)",1,99.5277777777778,24498
"(0.8333333333333334, 1.0)",4,99.52777777777776,24502
"(0.9305555555555556, 1.0)",14,99.52777777777776,24516
"(0.9583333333333334, 1.0)",4,99.52777777777776,24520
"(0.9027777777777778, 1.0)",7,99.52777777777776,24527
"(0.5972222222222222, 1.0)",1,99.52777777777776,24528
"(0.7083333333333334, 1.0)",7,99.52777777777776,24535
"(0.7361111111111112, 1.0)",1,99.52777777777776,24536
"(0.9444444444444444, 1.0)",11,99.52777777777776,24547
"(0.6944444444444444, 1.0)",2,99.52777777777776,24549
"(0.7916666666666666, 1.0)",1,99.52777777777776,24550
"(0.8194444444444444, 1.0)",5,99.52777777777776,24555
"(0.75, 1.0)",6,99.52777777777776,24561
"(0.7638888888888888, 1.0)",3,99.52777777777776,24564
"(0.8055555555555556, 1.0)",3,99.52777777777776,24567
"(0.875, 1.0)",3,99.52777777777776,24570
"(0.8611111111111112, 1.0)",8,99.52777777777776,24578
"(0.9166666666666666, 1.0)",6,99.52777777777776,24584
"(0.8888888888888888, 1.0)",8,99.52777777777776,24592
"(0.9722222222222222, 1.0)",1,99.52777777777776,24593
"(0.7777777777777778, 1.0)",5,99.52777777777776,24598
"(0.625, 1.0)",1,99.52777777777776,24599
"(0.6527777777777778, 1.0)",1,99.52777777777776,24600
"(0.8472222222222222, 1.0)",7,99.52777777777776,24607
"(0.6805555555555556, 1.0)",4,99.52777777777776,24611
"(0.872093023255814, 1.0)",1,99.52325581395348,24612
"(0.8023255813953488, 1.0)",2,99.52325581395348,24614
"(0.7441860465116279, 1.0)",2,99.52325581395348,24616
"(0.8372093023255814, 1.0)",1,99.52325581395348,24617
"(0.8488372093023255, 1.0)",1,99.52325581395348,24618
"(0.8255813953488372, 1.0)",1,99.52325581395348,24619
"(0.7674418604651163, 1.0)",2,99.52325581395348,24621
"(0.9186046511627908, 1.0)",5,99.52325581395348,24626
"(0.8837209302325582, 1.0)",1,99.52325581395348,24627
"(0.9833333333333332, 0.9958333333333332)",1,99.52083333333336,24628
"(0.9833333333333332, 0.9958333333333332)",1,99.51666666666672,24629
"(0.9333333333333332, 1.0)",1,99.51666666666668,24630
"(0.85, 1.0)",51,99.51666666666668,24681
"(0.6666666666666666, 1.0)",4,99.51666666666668,24685
"(0.7833333333333333, 1.0)",9,99.51666666666668,24694
"(0.9, 1.0)",1,99.51666666666668,24695
"(0.7666666666666667, 1.0)",17,99.51666666666668,24712
"(0.8, 1.0)",40,99.51666666666668,24752
"(0.7166666666666667, 1.0)",26,99.51666666666668,24778
"(0.8, 1.0)",1,99.51666666666668,24779
"(0.7333333333333333, 1.0)",32,99.51666666666668,24811
"(0.6833333333333333, 1.0)",7,99.51666666666668,24818
"(0.8666666666666667, 1.0)",1,99.51666666666668,24819
"(0.8666666666666667, 1.0)",39,99.51666666666668,24858
"(0.8833333333333333, 1.0)",24,99.51666666666668,24882
"(0.7, 1.0)",2,99.51666666666668,24884
"(0.8166666666666667, 1.0)",34,99.51666666666668,24918
"(0.5666666666666667, 1.0)",1,99.51666666666668,24919
"(0.9333333333333332, 1.0)",32,99.51666666666668,24951
"(0.9, 1.0)",26,99.51666666666668,24977
"(0.9833333333333332, 1.0)",16,99.51666666666668,24993
"(1.0, 1.0)",9,99.51666666666668,25002
"(0.9666666666666668, 1.0)",16,99.51666666666668,25018
"(0.75, 1.0)",19,99.51666666666668,25037
"(0.6333333333333333, 1.0)",1,99.51666666666668,25038
"(0.95, 1.0)",23,99.51666666666668,25061
"(0.8333333333333334, 1.0)",37,99.51666666666668,25098
"(0.95, 1.0)",1,99.51666666666668,25099
"(0.9666666666666668, 1.0)",3,99.51666666666668,25102
"(0.9166666666666666, 1.0)",28,99.51666666666668,25130
"(1.0, 1.0)",3,99.51666666666668,25133
"(0.8666666666666667, 1.0)",1,99.51666666666664,25134
"(0.9027777777777778, 1.0)",10,99.51388888888889,25144
"(0.875, 1.0)",5,99.51388888888889,25149
"(0.8888888888888888, 1.0)",6,99.51388888888889,25155
"(0.7916666666666666, 1.0)",1,99.51388888888889,25156
"(0.8333333333333334, 1.0)",7,99.51388888888889,25163
"(0.8194444444444444, 1.0)",4,99.51388888888889,25167
"(0.8055555555555556, 1.0)",6,99.51388888888889,25173
"(0.9444444444444444, 1.0)",9,99.51388888888889,25182
"(0.9166666666666666, 1.0)",3,99.51388888888889,25185
"(0.75, 1.0)",6,99.51388888888889,25191
"(0.5972222222222222, 1.0)",1,99.51388888888889,25192
"(0.6527777777777778, 1.0)",1,99.51388888888889,25193
"(0.7083333333333334, 1.0)",10,99.51388888888889,25203
"(0.8472222222222222, 1.0)",4,99.51388888888889,25207
"(0.7222222222222222, 1.0)",2,99.51388888888889,25209
"(0.7777777777777778, 1.0)",4,99.51388888888889,25213
"(0.7361111111111112, 1.0)",3,99.51388888888889,25216
"(0.9722222222222222, 1.0)",1,99.51388888888889,25217
"(0.6944444444444444, 1.0)",7,99.51388888888889,25224
"(0.6111111111111112, 1.0)",2,99.51388888888889,25226
"(0.6805555555555556, 1.0)",3,99.51388888888889,25229
"(0.8611111111111112, 1.0)",5,99.51388888888889,25234
"(0.9305555555555556, 1.0)",6,99.51388888888889,25240
"(0.7638888888888888, 1.0)",8,99.51388888888889,25248
"(0.9583333333333334, 1.0)",9,99.51388888888889,25257
"(0.9875, 0.9958333333333332)",1,99.51250000000005,25258
"(0.9958333333333332, 0.9958333333333332)",1,99.51250000000005,25259
"(0.7441860465116279, 1.0)",1,99.51162790697674,25260
"(0.8372093023255814, 1.0)",2,99.51162790697674,25262
"(0.9186046511627908, 1.0)",1,99.51162790697674,25263
"(0.7674418604651163, 1.0)",4,99.51162790697674,25267
"(0.8488372093023255, 1.0)",2,99.51162790697674,25269
"(0.872093023255814, 1.0)",2,99.51162790697674,25271
"(0.8255813953488372, 1.0)",5,99.51162790697674,25276
"(0.975, 1.0)",1,99.50833333333335,25277
"(0.9833333333333332, 0.9958333333333332)",1,99.50833333333335,25278
"(0.9708333333333332, 0.9958333333333332)",1,99.50000000000006,25279
"(0.9666666666666668, 0.9833333333333332)",1,99.50000000000004,25280
"(0.975, 0.9958333333333332)",1,99.50000000000004,25281
"(0.9, 1.0)",1,99.5,25282
"(0.8333333333333334, 0.9833333333333332)",1,99.5,25283
"(0.7777777777777778, 1.0)",5,99.5,25288
"(0.6666666666666666, 1.0)",2,99.5,25290
"(0.8488372093023255, 1.0)",2,99.5,25292
"(0.8888888888888888, 1.0)",4,99.5,25296
"(0.8372093023255814, 1.0)",1,99.5,25297
"(0.8333333333333334, 1.0)",50,99.5,25347
"(0.9166666666666666, 1.0)",25,99.5,25372
"(1.0, 1.0)",1,99.5,25373
"(0.85, 1.0)",30,99.5,25403
"(0.8666666666666667, 1.0)",40,99.5,25443
"(0.8472222222222222, 1.0)",3,99.5,25446
"(0.9833333333333332, 1.0)",15,99.5,25461
"(0.75, 1.0)",23,99.5,25484
"(0.7441860465116279, 1.0)",3,99.5,25487
"(0.7666666666666667, 1.0)",11,99.5,25498
"(0.8255813953488372, 1.0)",1,99.5,25499
"(0.875, 1.0)",13,99.5,25512
"(0.7083333333333334, 1.0)",6,99.5,25518
"(0.9305555555555556, 1.0)",10,99.5,25528
"(0.7916666666666666, 1.0)",1,99.5,25529
"(0.9666666666666668, 1.0)",19,99.5,25548
"(0.8604651162790697, 1.0)",1,99.5,25549
"(0.8055555555555556, 1.0)",3,99.5,25552
"(0.9333333333333332, 1.0)",2,99.5,25554
"(0.8166666666666667, 1.0)",24,99.5,25578
"(0.872093023255814, 1.0)",1,99.5,25579
"(0.8833333333333333, 1.0)",26,99.5,25605
"(0.7, 1.0)",4,99.5,25609
"(0.95, 1.0)",15,99.5,25624
"(0.9, 1.0)",31,99.5,25655
"(0.8, 1.0)",32,99.5,25687
"(0.8611111111111112, 1.0)",9,99.5,25696
"(0.7325581395348837, 1.0)",1,99.5,25697
"(0.9833333333333332, 1.0)",2,99.5,25699
"(0.7674418604651163, 1.0)",2,99.5,25701
"(0.9027777777777778, 1.0)",5,99.5,25706
"(1.0, 1.0)",23,99.5,25729
"(0.8833333333333333, 1.0)",1,99.5,25730
"(0.8023255813953488, 1.0)",1,99.5,25731
"(0.7222222222222222, 1.0)",1,99.5,25732
"(0.7166666666666667, 1.0)",17,99.5,25749
"(0.7361111111111112, 1.0)",2,99.5,25751
"(0.6805555555555556, 1.0)",1,99.5,25752
"(0.7638888888888888, 1.0)",2,99.5,25754
"(0.9444444444444444, 1.0)",5,99.5,25759
"(0.7906976744186046, 1.0)",1,99.5,25760
"(0.5972222222222222, 1.0)",1,99.5,25761
"(0.6162790697674418, 1.0)",1,99.5,25762
"(0.7833333333333333, 1.0)",14,99.5,25776
"(0.6944444444444444, 1.0)",5,99.5,25781
"(0.9333333333333332, 1.0)",19,99.5,25800
"(0.9583333333333334, 1.0)",4,99.5,25804
"(0.9166666666666666, 1.0)",1,99.5,25805
"(0.6833333333333333, 1.0)",3,99.5,25808
"(0.625, 1.0)",1,99.5,25809
"(0.8837209302325582, 1.0)",1,99.5,25810
"(0.7333333333333333, 1.0)",28,99.5,25838
"(0.8194444444444444, 1.0)",14,99.5,25852
"(0.9186046511627908, 1.0)",1,99.5,25853
"(0.9166666666666666, 0.9833333333333332)",1,99.5,25854
"(0.9875, 0.9958333333333332)",1,99.49583333333338,25855
"(0.9958333333333332, 0.9958333333333332)",1,99.49583333333337,25856
"(0.975, 0.9958333333333332)",1,99.49166666666672,25857
"(0.9833333333333332, 0.9958333333333332)",1,99.4916666666667,25858
"(0.9875, 0.9958333333333332)",1,99.4916666666667,25859
"(0.7906976744186046, 1.0)",4,99.48837209302326,25863
"(0.8953488372093024, 1.0)",1,99.48837209302326,25864
"(0.9186046511627908, 1.0)",2,99.48837209302326,25866
"(0.7674418604651163, 1.0)",5,99.48837209302326,25871
"(0.8372093023255814, 1.0)",1,99.48837209302326,25872
"(0.7441860465116279, 1.0)",2,99.48837209302326,25874
"(0.8488372093023255, 1.0)",1,99.48837209302326,25875
"(0.6162790697674418, 1.0)",1,99.48837209302326,25876
"(0.813953488372093, 1.0)",1,99.48837209302326,25877
"(0.8488372093023255, 1.0)",1,99.48837209302324,25878
"(0.9916666666666668, 0.9958333333333332)",1,99.48750000000004,25879
"(0.975, 0.9958333333333332)",2,99.48750000000004,25881
"(0.9791666666666666, 0.9958333333333332)",1,99.48750000000004,25882
"(0.7916666666666666, 1.0)",2,99.48611111111111,25884
"(0.8194444444444444, 1.0)",4,99.48611111111111,25888
"(0.9583333333333334, 1.0)",4,99.48611111111111,25892
"(0.8055555555555556, 1.0)",4,99.48611111111111,25896
"(0.8333333333333334, 1.0)",10,99.48611111111111,25906
"(0.875, 1.0)",3,99.48611111111111,25909
"(0.7638888888888888, 1.0)",3,99.48611111111111,25912
"(0.8888888888888888, 1.0)",6,99.48611111111111,25918
"(0.5972222222222222, 1.0)",1,99.48611111111111,25919
"(0.8472222222222222, 1.0)",5,99.48611111111111,25924
"(0.9166666666666666, 1.0)",3,99.48611111111111,25927
"(0.9305555555555556, 1.0)",14,99.48611111111111,25941
"(0.6111111111111112, 1.0)",2,99.48611111111111,25943
"(0.6527777777777778, 1.0)",2,99.48611111111111,25945
"(0.7361111111111112, 1.0)",3,99.48611111111111,25948
"(0.8611111111111112, 1.0)",9,99.48611111111111,25957
"(0.7777777777777778, 1.0)",10,99.48611111111111,25967
"(0.7222222222222222, 1.0)",3,99.48611111111111,25970
"(0.9027777777777778, 1.0)",7,99.48611111111111,25977
"(0.6944444444444444, 1.0)",5,99.48611111111111,25982
"(0.75, 1.0)",5,99.48611111111111,25987
"(0.6805555555555556, 1.0)",3,99.48611111111111,25990
"(0.7083333333333334, 1.0)",8,99.48611111111111,25998
"(0.9444444444444444, 1.0)",11,99.48611111111111,26009
"(0.8194444444444444, 1.0)",2,99.4861111111111,26011
"(0.9916666666666668, 0.9958333333333332)",1,99.4833333333334,26012
"(0.9833333333333332, 0.9958333333333332)",2,99.48333333333338,26014
"(0.7333333333333333, 1.0)",1,99.48333333333336,26015
"(0.9666666666666668, 1.0)",2,99.48333333333336,26017
"(0.9875, 0.9958333333333332)",1,99.48333333333336,26018
"(0.8833333333333333, 1.0)",5,99.48333333333336,26023
"(0.95, 0.9833333333333332)",4,99.48333333333336,26027
"(1.0, 0.9833333333333332)",1,99.48333333333336,26028
"(0.8166666666666667, 1.0)",1,99.48333333333336,26029
"(0.9166666666666666, 1.0)",1,99.48333333333336,26030
"(0.75, 1.0)",13,99.48333333333332,26043
"(0.7, 1.0)",5,99.48333333333332,26048
"(0.8, 1.0)",20,99.48333333333332,26068
"(0.9666666666666668, 1.0)",10,99.48333333333332,26078
"(0.8, 1.0)",3,99.48333333333332,26081
"(0.9666666666666668, 1.0)",3,99.48333333333332,26084
"(0.6, 1.0)",1,99.48333333333332,26085
"(1.0, 1.0)",20,99.48333333333332,26105
"(0.8666666666666667, 1.0)",1,99.48333333333332,26106
"(0.85, 1.0)",2,99.48333333333332,26108
"(0.6333333333333333, 1.0)",1,99.48333333333332,26109
"(0.8666666666666667, 1.0)",34,99.48333333333332,26143
"(0.9333333333333332, 1.0)",2,99.48333333333332,26145
"(0.8166666666666667, 1.0)",22,99.48333333333332,26167
"(0.9333333333333332, 1.0)",19,99.48333333333332,26186
"(0.6666666666666666, 1.0)",6,99.48333333333332,26192
"(0.6833333333333333, 1.0)",4,99.48333333333332,26196
"(0.85, 1.0)",31,99.48333333333332,26227
"(0.95, 1.0)",10,99.48333333333332,26237
"(0.7166666666666667, 1.0)",38,99.48333333333332,26275
"(0.9166666666666666, 1.0)",25,99.48333333333332,26300
"(0.8833333333333333, 1.0)",32,99.48333333333332,26332
"(0.7666666666666667, 1.0)",1,99.48333333333332,26333
"(0.9, 1.0)",29,99.48333333333332,26362
"(0.95, 1.0)",1,99.48333333333332,26363
"(0.8333333333333334, 1.0)",35,99.48333333333332,26398
"(0.7666666666666667, 1.0)",12,99.48333333333332,26410
"(0.7333333333333333, 1.0)",26,99.48333333333332,26436
"(0.9833333333333332, 1.0)",18,99.48333333333332,26454
"(0.7833333333333333, 1.0)",9,99.48333333333332,26463
"(0.9875, 0.9958333333333332)",3,99.47916666666671,26466
"(0.9833333333333332, 0.9958333333333332)",1,99.47916666666671,26467
"(0.9875, 0.9958333333333332)",1,99.4791666666667,26468
"(0.9916666666666668, 0.9958333333333332)",1,99.4791666666667,26469
"(0.9375, 0.9958333333333332)",1,99.4791666666667,26470
"(0.975, 0.9958333333333332)",2,99.47916666666669,26472
"(1.0, 1.0)",1,99.47916666666664,26473
"(0.7674418604651163, 1.0)",2,99.47674418604652,26475
"(0.8488372093023255, 1.0)",1,99.47674418604652,26476
"(0.8837209302325582, 1.0)",3,99.47674418604652,26479
"(0.9186046511627908, 1.0)",1,99.47674418604652,26480
"(0.6162790697674418, 1.0)",1,99.47674418604652,26481
"(0.8255813953488372, 1.0)",2,99.47674418604652,26483
"(0.8488372093023255, 1.0)",1,99.4767441860465,26484
"(0.813953488372093, 1.0)",1,99.4767441860465,26485
"(0.9875, 1.0)",1,99.47500000000004,26486
"(0.9958333333333332, 0.9958333333333332)",1,99.47500000000004,26487
"(1.0, 0.9958333333333332)",1,99.47500000000004,26488
"(0.9583333333333334, 1.0)",1,99.47500000000004,26489
"(0.9791666666666666, 0.9958333333333332)",1,99.47500000000004,26490
"(0.6944444444444444, 1.0)",2,99.47222222222224,26492
"(0.8888888888888888, 1.0)",3,99.47222222222224,26495
"(0.9305555555555556, 1.0)",7,99.47222222222224,26502
"(0.875, 1.0)",2,99.47222222222224,26504
"(0.9444444444444444, 1.0)",11,99.47222222222224,26515
"(0.8333333333333334, 1.0)",7,99.47222222222224,26522
"(0.6111111111111112, 1.0)",2,99.47222222222224,26524
"(0.9027777777777778, 1.0)",4,99.47222222222224,26528
"(0.8055555555555556, 1.0)",6,99.47222222222224,26534
"(0.9166666666666666, 1.0)",5,99.47222222222224,26539
"(0.7777777777777778, 1.0)",6,99.47222222222224,26545
"(0.75, 1.0)",1,99.47222222222224,26546
"(0.7083333333333334, 1.0)",7,99.47222222222224,26553
"(0.8472222222222222, 1.0)",2,99.47222222222224,26555
"(0.8611111111111112, 1.0)",8,99.47222222222224,26563
"(0.7361111111111112, 1.0)",3,99.47222222222224,26566
"(0.7916666666666666, 1.0)",1,99.47222222222224,26567
"(0.7222222222222222, 1.0)",2,99.47222222222224,26569
"(0.7638888888888888, 1.0)",3,99.47222222222224,26572
"(0.8194444444444444, 1.0)",6,99.47222222222224,26578
"(0.9583333333333334, 1.0)",7,99.47222222222224,26585
"(0.9722222222222222, 1.0)",1,99.47222222222224,26586
"(0.8611111111111112, 1.0)",1,99.4722222222222,26587
"(0.8194444444444444, 1.0)",3,99.4722222222222,26590
"(0.9166666666666666, 1.0)",3,99.4722222222222,26593
"(0.8333333333333334, 1.0)",1,99.4722222222222,26594
"(0.9444444444444444, 1.0)",2,99.4722222222222,26596
"(0.8472222222222222, 1.0)",1,99.4722222222222,26597
"(0.9027777777777778, 1.0)",1,99.4722222222222,26598
"(0.7083333333333334, 1.0)",1,99.4722222222222,26599
"(0.8888888888888888, 1.0)",2,99.4722222222222,26601
"(0.7638888888888888, 1.0)",2,99.4722222222222,26603
"(0.9958333333333332, 0.9958333333333332)",2,99.47083333333336,26605
"(0.9875, 0.9958333333333332)",3,99.47083333333336,26608
"(0.9833333333333332, 0.9958333333333332)",3,99.47083333333336,26611
"(0.975, 1.0)",1,99.47083333333332,26612
"(0.9875, 0.9958333333333332)",2,99.46666666666673,26614
"(0.9833333333333332, 0.9958333333333332)",2,99.4666666666667,26616
"(0.9875, 0.9958333333333332)",1,99.4666666666667,26617
"(0.975, 0.9958333333333332)",1,99.4666666666667,26618
"(0.9708333333333332, 0.9958333333333332)",1,99.4666666666667,26619
"(0.95, 0.9833333333333332)",1,99.4666666666667,26620
"(0.7166666666666667, 1.0)",23,99.46666666666668,26643
"(0.9333333333333332, 1.0)",1,99.46666666666668,26644
"(0.8, 1.0)",18,99.46666666666668,26662
"(0.95, 1.0)",12,99.46666666666668,26674
"(0.7, 1.0)",4,99.46666666666668,26678
"(0.9833333333333332, 1.0)",20,99.46666666666668,26698
"(0.8666666666666667, 1.0)",35,99.46666666666668,26733
"(0.95, 0.9958333333333332)",2,99.46666666666668,26735
"(0.9333333333333332, 1.0)",20,99.46666666666668,26755
"(0.9166666666666666, 1.0)",26,99.46666666666668,26781
"(0.9666666666666668, 1.0)",2,99.46666666666668,26783
"(0.9666666666666668, 1.0)",11,99.46666666666668,26794
"(0.7333333333333333, 1.0)",14,99.46666666666668,26808
"(0.8833333333333333, 1.0)",1,99.46666666666668,26809
"(0.6833333333333333, 1.0)",6,99.46666666666668,26815
"(0.7666666666666667, 1.0)",13,99.46666666666668,26828
"(0.9, 1.0)",22,99.46666666666668,26850
"(0.8833333333333333, 1.0)",22,99.46666666666668,26872
"(0.75, 1.0)",19,99.46666666666668,26891
"(1.0, 1.0)",9,99.46666666666668,26900
"(0.8333333333333334, 1.0)",29,99.46666666666668,26929
"(0.8166666666666667, 1.0)",19,99.46666666666668,26948
"(0.6666666666666666, 1.0)",7,99.46666666666668,26955
"(0.7833333333333333, 1.0)",7,99.46666666666668,26962
"(0.85, 1.0)",25,99.46666666666668,26987
"(0.872093023255814, 1.0)",1,99.46511627906978,26988
"(0.6162790697674418, 1.0)",2,99.46511627906978,26990
"(0.7674418604651163, 1.0)",1,99.46511627906978,26991
"(0.7441860465116279, 1.0)",1,99.46511627906978,26992
"(0.8837209302325582, 1.0)",1,99.46511627906978,26993
"(0.5930232558139535, 1.0)",1,99.46511627906978,26994
"(0.8488372093023255, 1.0)",1,99.46511627906978,26995
"(0.8255813953488372, 1.0)",2,99.46511627906978,26997
"(0.627906976744186, 1.0)",1,99.46511627906978,26998
"(0.9186046511627908, 1.0)",1,99.46511627906978,26999
"(0.627906976744186, 1.0)",1,99.46511627906976,27000
"(0.813953488372093, 1.0)",1,99.46511627906976,27001
"(0.8255813953488372, 1.0)",1,99.46511627906976,27002
"(0.8837209302325582, 1.0)",1,99.46511627906976,27003
"(0.8488372093023255, 1.0)",1,99.46511627906976,27004
"(0.9186046511627908, 1.0)",2,99.46511627906976,27006
"(0.872093023255814, 1.0)",3,99.46511627906976,27009
"(0.8023255813953488, 1.0)",1,99.46511627906976,27010
"(0.7674418604651163, 1.0)",1,99.46511627906976,27011
"(0.975, 0.9958333333333332)",1,99.46250000000006,27012
"(0.975, 0.9958333333333332)",1,99.46250000000003,27013
"(0.9833333333333332, 0.9958333333333332)",2,99.46250000000003,27015
"(0.9791666666666666, 0.9958333333333332)",2,99.46250000000003,27017
"(0.9708333333333332, 0.9958333333333332)",2,99.46250000000003,27019
"(0.9875, 0.9958333333333332)",4,99.46250000000003,27023
"(0.975, 0.9958333333333332)",3,99.46250000000003,27026
"(0.9916666666666668, 0.9958333333333332)",2,99.46250000000003,27028
"(0.9583333333333334, 0.9958333333333332)",1,99.46249999999998,27029
"(0.9833333333333332, 0.9958333333333332)",1,99.4583333333334,27030
"(0.9625, 0.9958333333333332)",1,99.45833333333336,27031
"(0.9875, 0.9958333333333332)",3,99.45833333333336,27034
"(0.9666666666666668, 0.9958333333333332)",1,99.45833333333336,27035
"(0.9833333333333332, 0.9958333333333332)",2,99.45833333333336,27037
"(0.8472222222222222, 1.0)",3,99.45833333333334,27040
"(0.8888888888888888, 1.0)",1,99.45833333333334,27041
"(0.6944444444444444, 1.0)",1,99.45833333333334,27042
"(0.7222222222222222, 1.0)",1,99.45833333333334,27043
"(0.7083333333333334, 1.0)",1,99.45833333333334,27044
"(0.9583333333333334, 1.0)",1,99.45833333333334,27045
"(0.7361111111111112, 1.0)",1,99.45833333333334,27046
"(0.7777777777777778, 1.0)",2,99.45833333333334,27048
"(0.6805555555555556, 1.0)",1,99.45833333333334,27049
"(0.9305555555555556, 1.0)",2,99.45833333333334,27051
"(0.8611111111111112, 1.0)",3,99.45833333333334,27054
"(0.8055555555555556, 1.0)",1,99.45833333333334,27055
"(0.6111111111111112, 1.0)",1,99.45833333333334,27056
"(0.9444444444444444, 1.0)",2,99.45833333333334,27058
"(0.8333333333333334, 1.0)",2,99.45833333333334,27060
"(0.75, 1.0)",1,99.45833333333334,27061
"(0.9027777777777778, 1.0)",1,99.45833333333334,27062
"(1.0, 0.9958333333333332)",1,99.45833333333331,27063
"(0.9583333333333334, 1.0)",2,99.45833333333331,27065
"(0.7361111111111112, 1.0)",4,99.45833333333331,27069
"(0.9027777777777778, 1.0)",3,99.45833333333331,27072
"(0.9722222222222222, 1.0)",1,99.45833333333331,27073
"(0.9444444444444444, 1.0)",8,99.45833333333331,27081
"(0.8472222222222222, 1.0)",4,99.45833333333331,27085
"(0.625, 1.0)",2,99.45833333333331,27087
"(0.75, 1.0)",2,99.45833333333331,27089
"(0.8888888888888888, 1.0)",5,99.45833333333331,27094
"(0.6944444444444444, 1.0)",2,99.45833333333331,27096
"(0.9305555555555556, 1.0)",5,99.45833333333331,27101
"(0.7777777777777778, 1.0)",3,99.45833333333331,27104
"(0.875, 1.0)",1,99.45833333333331,27105
"(0.9166666666666666, 1.0)",2,99.45833333333331,27107
"(0.8194444444444444, 1.0)",4,99.45833333333331,27111
"(0.7638888888888888, 1.0)",7,99.45833333333331,27118
"(0.7083333333333334, 1.0)",3,99.45833333333331,27121
"(0.8611111111111112, 1.0)",6,99.45833333333331,27127
"(0.8055555555555556, 1.0)",1,99.45833333333331,27128
"(0.8333333333333334, 1.0)",9,99.45833333333331,27137
"(0.7916666666666666, 1.0)",2,99.45833333333331,27139
"(0.9791666666666666, 0.9958333333333332)",3,99.45416666666672,27142
"(0.9916666666666668, 0.9958333333333332)",1,99.45416666666672,27143
"(0.9833333333333332, 0.9958333333333332)",2,99.45416666666672,27145
"(0.975, 0.9958333333333332)",2,99.45416666666672,27147
"(1.0, 0.9958333333333332)",1,99.45416666666672,27148
"(0.9875, 0.9958333333333332)",1,99.45416666666672,27149
"(0.9833333333333332, 0.9958333333333332)",1,99.45416666666672,27150
"(0.9875, 0.9958333333333332)",3,99.45416666666672,27153
"(0.9791666666666666, 0.9958333333333332)",1,99.45416666666672,27154
"(0.9958333333333332, 0.9958333333333332)",1,99.45416666666672,27155
"(0.9916666666666668, 0.9958333333333332)",2,99.45416666666672,27157
"(0.9958333333333332, 0.9958333333333332)",2,99.4541666666667,27159
"(0.9875, 0.9958333333333332)",1,99.4541666666667,27160
"(0.9625, 0.9958333333333332)",1,99.4541666666667,27161
"(0.872093023255814, 1.0)",1,99.45348837209303,27162
"(0.8837209302325582, 1.0)",3,99.45348837209302,27165
"(0.872093023255814, 1.0)",3,99.45348837209302,27168
"(0.7441860465116279, 1.0)",1,99.45348837209302,27169
"(0.7674418604651163, 1.0)",3,99.45348837209302,27172
"(0.6162790697674418, 1.0)",4,99.45348837209302,27176
"(0.5930232558139535, 1.0)",1,99.45348837209302,27177
"(0.8488372093023255, 1.0)",1,99.45348837209302,27178
"(0.8255813953488372, 1.0)",5,99.45348837209302,27183
"(0.8604651162790697, 1.0)",1,99.45348837209302,27184
"(0.9186046511627908, 1.0)",1,99.45348837209302,27185
"(0.8372093023255814, 1.0)",2,99.45348837209302,27187
"(0.7906976744186046, 1.0)",1,99.45348837209302,27188
"(0.9666666666666668, 0.9958333333333332)",1,99.45000000000006,27189
"(1.0, 0.9958333333333332)",1,99.45000000000005,27190
"(0.9791666666666666, 0.9958333333333332)",2,99.45000000000005,27192
"(0.9916666666666668, 0.9958333333333332)",2,99.45000000000005,27194
"(0.9458333333333332, 0.9958333333333332)",1,99.45000000000005,27195
"(0.9833333333333332, 0.9958333333333332)",2,99.45000000000005,27197
"(0.975, 0.9958333333333332)",1,99.45000000000005,27198
"(0.9708333333333332, 0.9958333333333332)",1,99.45000000000005,27199
"(0.9833333333333332, 0.9958333333333332)",1,99.45000000000005,27200
"(1.0, 1.0)",1,99.45000000000002,27201
"(0.9666666666666668, 1.0)",1,99.45000000000002,27202
"(0.9166666666666666, 1.0)",1,99.45000000000002,27203
"(0.9333333333333332, 1.0)",2,99.45000000000002,27205
"(0.95, 0.9833333333333332)",2,99.45000000000002,27207
"(0.95, 1.0)",1,99.45000000000002,27208
"(1.0, 0.9958333333333332)",1,99.45000000000002,27209
"(0.7166666666666667, 1.0)",17,99.45,27226
"(0.9, 1.0)",2,99.45,27228
"(0.8666666666666667, 1.0)",24,99.45,27252
"(1.0, 1.0)",4,99.45,27256
"(0.9166666666666666, 1.0)",4,99.45,27260
"(0.8166666666666667, 1.0)",1,99.45,27261
"(0.7833333333333333, 1.0)",3,99.45,27264
"(0.8333333333333334, 1.0)",4,99.45,27268
"(0.9666666666666668, 1.0)",2,99.45,27270
"(0.9166666666666666, 1.0)",14,99.45,27284
"(0.8833333333333333, 1.0)",26,99.45,27310
"(0.8, 1.0)",1,99.45,27311
"(0.9833333333333332, 1.0)",11,99.45,27322
"(0.8, 1.0)",12,99.45,27334
"(0.7166666666666667, 1.0)",2,99.45,27336
"(0.7333333333333333, 1.0)",19,99.45,27355
"(0.85, 1.0)",21,99.45,27376
"(0.9, 1.0)",15,99.45,27391
"(0.7, 1.0)",1,99.45,27392
"(0.7, 1.0)",4,99.45,27396
"(0.8166666666666667, 1.0)",16,99.45,27412
"(0.6666666666666666, 1.0)",4,99.45,27416
"(0.85, 1.0)",2,99.45,27418
"(0.6833333333333333, 1.0)",5,99.45,27423
"(0.95, 1.0)",12,99.45,27435
"(0.6166666666666667, 1.0)",1,99.45,27436
"(0.75, 1.0)",23,99.45,27459
"(0.7333333333333333, 1.0)",1,99.45,27460
"(0.9666666666666668, 1.0)",11,99.45,27471
"(0.8666666666666667, 1.0)",4,99.45,27475
"(0.9333333333333332, 1.0)",12,99.45,27487
"(0.7666666666666667, 1.0)",9,99.45,27496
"(1.0, 0.9958333333333332)",1,99.45,27497
"(0.8333333333333334, 1.0)",21,99.45,27518
"(0.9833333333333332, 1.0)",3,99.45,27521
"(1.0, 1.0)",14,99.45,27535
"(0.8833333333333333, 1.0)",4,99.45,27539
"(0.6666666666666666, 1.0)",2,99.45,27541
"(0.9958333333333332, 0.9958333333333332)",1,99.44999999999996,27542
"(0.975, 0.9958333333333332)",2,99.44583333333338,27544
"(0.9833333333333332, 0.9958333333333332)",2,99.44583333333338,27546
"(0.9875, 0.9958333333333332)",1,99.44583333333338,27547
"(0.9958333333333332, 0.9958333333333332)",1,99.44583333333335,27548
"(0.9833333333333332, 0.9958333333333332)",3,99.44583333333335,27551
"(0.9791666666666666, 0.9958333333333332)",2,99.44583333333335,27553
"(0.975, 0.9958333333333332)",1,99.44583333333335,27554
"(0.9916666666666668, 0.9958333333333332)",3,99.44583333333335,27557
"(0.9583333333333334, 0.9958333333333332)",1,99.44583333333335,27558
"(0.9875, 0.9958333333333332)",3,99.44583333333335,27561
"(0.9458333333333332, 0.9958333333333332)",1,99.44583333333335,27562
"(0.9708333333333332, 0.9958333333333332)",2,99.44583333333335,27564
"(1.0, 0.9958333333333332)",1,99.44583333333335,27565
"(0.9916666666666668, 1.0)",1,99.4458333333333,27566
"(0.8611111111111112, 1.0)",9,99.44444444444444,27575
"(0.9027777777777778, 1.0)",5,99.44444444444444,27580
"(0.7083333333333334, 1.0)",9,99.44444444444444,27589
"(0.9583333333333334, 1.0)",3,99.44444444444444,27592
"(0.8888888888888888, 1.0)",9,99.44444444444444,27601
"(0.9444444444444444, 1.0)",8,99.44444444444444,27609
"(0.6805555555555556, 1.0)",1,99.44444444444444,27610
"(0.7638888888888888, 1.0)",4,99.44444444444444,27614
"(0.875, 1.0)",2,99.44444444444444,27616
"(0.6944444444444444, 1.0)",2,99.44444444444444,27618
"(0.9166666666666666, 1.0)",5,99.44444444444444,27623
"(0.9305555555555556, 1.0)",8,99.44444444444444,27631
"(0.7777777777777778, 1.0)",6,99.44444444444444,27637
"(0.8472222222222222, 1.0)",2,99.44444444444444,27639
"(0.9722222222222222, 1.0)",3,99.44444444444444,27642
"(0.7361111111111112, 1.0)",3,99.44444444444444,27645
"(0.8333333333333334, 1.0)",8,99.44444444444444,27653
"(0.8055555555555556, 1.0)",4,99.44444444444444,27657
"(0.7916666666666666, 1.0)",2,99.44444444444444,27659
"(0.8194444444444444, 1.0)",3,99.44444444444444,27662
"(0.75, 1.0)",3,99.44444444444444,27665
"(0.8372093023255814, 1.0)",2,99.44186046511628,27667
"(0.7674418604651163, 1.0)",2,99.44186046511628,27669
"(0.7441860465116279, 1.0)",1,99.44186046511628,27670
"(0.6162790697674418, 1.0)",6,99.44186046511628,27676
"(0.9186046511627908, 1.0)",1,99.44186046511628,27677
"(0.8604651162790697, 1.0)",1,99.44186046511628,27678
"(0.8255813953488372, 1.0)",3,99.44186046511628,27681
"(0.872093023255814, 1.0)",4,99.44186046511628,27685
"(0.813953488372093, 1.0)",1,99.44186046511628,27686
"(0.9833333333333332, 0.9958333333333332)",1,99.44166666666672,27687
"(0.975, 0.9958333333333332)",1,99.44166666666672,27688
"(0.9875, 0.9958333333333332)",1,99.44166666666672,27689
"(0.9708333333333332, 0.9958333333333332)",1,99.44166666666672,27690
"(0.9791666666666666, 0.9958333333333332)",1,99.44166666666672,27691
"(0.9625, 0.9958333333333332)",1,99.44166666666672,27692
"(1.0, 0.9958333333333332)",2,99.4416666666667,27694
"(0.975, 0.9958333333333332)",1,99.4416666666667,27695
"(0.9458333333333332, 0.9958333333333332)",1,99.4416666666667,27696
"(0.9916666666666668, 0.9958333333333332)",4,99.4416666666667,27700
"(0.9875, 0.9958333333333332)",4,99.4416666666667,27704
"(0.9791666666666666, 0.9958333333333332)",5,99.4416666666667,27709
"(0.9833333333333332, 0.9958333333333332)",5,99.4416666666667,27714
"(0.9708333333333332, 0.9958333333333332)",1,99.4416666666667,27715
"(0.9791666666666666, 0.9958333333333332)",2,99.43750000000006,27717
"(0.975, 0.9958333333333332)",1,99.43750000000006,27718
"(0.9625, 0.9958333333333332)",1,99.43750000000006,27719
"(0.9875, 0.9958333333333332)",1,99.43750000000004,27720
"(0.9625, 0.9958333333333332)",1,99.43750000000004,27721
"(0.9416666666666668, 0.9958333333333332)",1,99.43750000000004,27722
"(0.9916666666666668, 0.9958333333333332)",1,99.43750000000004,27723
"(0.9708333333333332, 0.9958333333333332)",2,99.43750000000004,27725
"(0.9791666666666666, 0.9958333333333332)",1,99.43750000000004,27726
"(0.9833333333333332, 0.9958333333333332)",3,99.43750000000004,27729
"(0.9791666666666666, 0.9958333333333332)",1,99.43750000000004,27730
"(0.9833333333333332, 0.9958333333333332)",3,99.43750000000004,27733
"(0.9708333333333332, 0.9958333333333332)",2,99.43750000000004,27735
"(0.9791666666666666, 0.9958333333333332)",1,99.4333333333334,27736
"(0.9875, 0.9958333333333332)",1,99.4333333333334,27737
"(0.95, 0.9958333333333332)",1,99.4333333333334,27738
"(0.9791666666666666, 0.9958333333333332)",1,99.4333333333334,27739
"(0.95, 0.9958333333333332)",1,99.43333333333338,27740
"(0.9833333333333332, 0.9958333333333332)",3,99.43333333333338,27743
"(0.9875, 0.9958333333333332)",1,99.43333333333338,27744
"(0.975, 0.9958333333333332)",1,99.43333333333338,27745
"(1.0, 0.9958333333333332)",1,99.43333333333338,27746
"(0.9291666666666668, 0.9958333333333332)",1,99.43333333333338,27747
"(0.8666666666666667, 0.9833333333333332)",1,99.43333333333337,27748
"(1.0, 0.9958333333333332)",1,99.43333333333337,27749
"(0.9333333333333332, 1.0)",1,99.43333333333337,27750
"(0.9833333333333332, 0.9958333333333332)",1,99.43333333333337,27751
"(0.9875, 0.9958333333333332)",3,99.43333333333337,27754
"(0.9583333333333334, 0.9958333333333332)",1,99.43333333333337,27755
"(0.95, 0.9958333333333332)",1,99.43333333333337,27756
"(0.8333333333333334, 1.0)",2,99.43333333333337,27758
"(0.975, 0.9958333333333332)",3,99.43333333333337,27761
"(0.9333333333333332, 0.9833333333333332)",1,99.43333333333337,27762
"(0.9833333333333332, 1.0)",1,99.43333333333337,27763
"(0.9958333333333332, 0.9958333333333332)",1,99.43333333333337,27764
"(0.9708333333333332, 0.9958333333333332)",1,99.43333333333337,27765
"(0.9708333333333332, 1.0)",1,99.43333333333337,27766
"(0.925, 0.9958333333333332)",1,99.43333333333337,27767
"(0.9791666666666666, 0.9958333333333332)",1,99.43333333333337,27768
"(0.95, 1.0)",2,99.43333333333337,27770
"(0.7166666666666667, 1.0)",13,99.43333333333334,27783
"(0.9333333333333332, 1.0)",17,99.43333333333334,27800
"(0.95, 1.0)",9,99.43333333333334,27809
"(0.6833333333333333, 1.0)",4,99.43333333333334,27813
"(0.9666666666666668, 1.0)",13,99.43333333333334,27826
"(0.8833333333333333, 1.0)",18,99.43333333333334,27844
"(0.7333333333333333, 1.0)",12,99.43333333333334,27856
"(0.5666666666666667, 1.0)",2,99.43333333333334,27858
"(0.75, 1.0)",14,99.43333333333334,27872
"(0.7666666666666667, 1.0)",14,99.43333333333334,27886
"(0.85, 1.0)",26,99.43333333333334,27912
"(0.9166666666666666, 1.0)",18,99.43333333333334,27930
"(0.9833333333333332, 1.0)",7,99.43333333333334,27937
"(0.7833333333333333, 1.0)",8,99.43333333333334,27945
"(0.8, 1.0)",12,99.43333333333334,27957
"(0.8166666666666667, 1.0)",14,99.43333333333334,27971
"(0.8666666666666667, 1.0)",33,99.43333333333334,28004
"(1.0, 1.0)",13,99.43333333333334,28017
"(0.9, 1.0)",18,99.43333333333334,28035
"(0.7, 1.0)",4,99.43333333333334,28039
"(0.8333333333333334, 1.0)",22,99.43333333333334,28061
"(0.8, 1.0)",1,99.43333333333332,28062
"(0.9, 1.0)",1,99.43333333333332,28063
"(0.9791666666666666, 1.0)",2,99.4333333333333,28065
"(0.7083333333333334, 1.0)",6,99.43055555555556,28071
"(0.9444444444444444, 1.0)",8,99.43055555555556,28079
"(0.8472222222222222, 1.0)",1,99.43055555555556,28080
"(0.625, 1.0)",1,99.43055555555556,28081
"(0.8888888888888888, 1.0)",8,99.43055555555556,28089
"(0.7916666666666666, 1.0)",1,99.43055555555556,28090
"(0.8055555555555556, 1.0)",3,99.43055555555556,28093
"(0.8194444444444444, 1.0)",2,99.43055555555556,28095
"(0.7222222222222222, 1.0)",3,99.43055555555556,28098
"(0.8611111111111112, 1.0)",4,99.43055555555556,28102
"(0.9027777777777778, 1.0)",8,99.43055555555556,28110
"(0.9305555555555556, 1.0)",10,99.43055555555556,28120
"(0.6944444444444444, 1.0)",4,99.43055555555556,28124
"(0.9583333333333334, 1.0)",4,99.43055555555556,28128
"(0.9166666666666666, 1.0)",6,99.43055555555556,28134
"(0.7638888888888888, 1.0)",1,99.43055555555556,28135
"(0.75, 1.0)",3,99.43055555555556,28138
"(0.7361111111111112, 1.0)",2,99.43055555555556,28140
"(0.7777777777777778, 1.0)",6,99.43055555555556,28146
"(0.8333333333333334, 1.0)",8,99.43055555555556,28154
"(0.875, 1.0)",5,99.43055555555556,28159
"(0.8888888888888888, 1.0)",2,99.43055555555554,28161
"(0.9027777777777778, 1.0)",2,99.43055555555554,28163
"(0.7777777777777778, 1.0)",1,99.43055555555554,28164
"(0.8194444444444444, 1.0)",2,99.43055555555554,28166
"(0.7638888888888888, 1.0)",1,99.43055555555554,28167
"(0.875, 1.0)",1,99.43055555555554,28168
"(0.7441860465116279, 1.0)",1,99.43023255813954,28169
"(0.8837209302325582, 1.0)",2,99.43023255813954,28171
"(0.872093023255814, 1.0)",3,99.43023255813954,28174
"(0.8255813953488372, 1.0)",1,99.43023255813954,28175
"(0.9186046511627908, 1.0)",2,99.43023255813954,28177
"(0.8023255813953488, 1.0)",1,99.43023255813954,28178
"(0.8372093023255814, 1.0)",1,99.43023255813954,28179
"(0.813953488372093, 1.0)",1,99.43023255813954,28180
"(0.7674418604651163, 1.0)",2,99.43023255813954,28182
"(0.7906976744186046, 1.0)",1,99.43023255813954,28183
"(0.627906976744186, 1.0)",1,99.43023255813954,28184
"(0.6162790697674418, 1.0)",2,99.43023255813954,28186
"(0.8255813953488372, 1.0)",1,99.43023255813952,28187
"(0.872093023255814, 1.0)",1,99.43023255813952,28188
"(0.8488372093023255, 1.0)",1,99.43023255813952,28189
"(0.9625, 0.9958333333333332)",1,99.42916666666672,28190
"(0.9833333333333332, 0.9958333333333332)",1,99.42916666666672,28191
"(0.9791666666666666, 0.9958333333333332)",1,99.42916666666672,28192
"(0.9541666666666668, 0.9958333333333332)",1,99.42916666666672,28193
"(0.9875, 0.9958333333333332)",1,99.42916666666672,28194
"(0.9708333333333332, 0.9958333333333332)",1,99.42916666666672,28195
"(0.975, 0.9958333333333332)",2,99.42916666666672,28197
"(0.9833333333333332, 0.9958333333333332)",1,99.42916666666672,28198
"(0.9333333333333332, 0.9958333333333332)",1,99.4291666666667,28199
"(0.9916666666666668, 0.9958333333333332)",1,99.4291666666667,28200
"(0.9875, 0.9958333333333332)",5,99.4291666666667,28205
"(0.975, 0.9958333333333332)",1,99.4291666666667,28206
"(0.9708333333333332, 0.9958333333333332)",1,99.4291666666667,28207
"(0.9833333333333332, 0.9958333333333332)",3,99.4291666666667,28210
"(0.9625, 0.9958333333333332)",1,99.4291666666667,28211
"(0.9583333333333334, 0.9958333333333332)",1,99.4291666666667,28212
"(0.9791666666666666, 1.0)",1,99.42916666666666,28213
"(0.9666666666666668, 0.9958333333333332)",1,99.42500000000004,28214
"(0.9875, 0.9958333333333332)",2,99.42500000000004,28216
"(0.9916666666666668, 0.9958333333333332)",3,99.42500000000004,28219
"(0.9625, 0.9958333333333332)",2,99.42500000000004,28221
"(0.9458333333333332, 0.9958333333333332)",1,99.42500000000004,28222
"(1.0, 0.9958333333333332)",2,99.42500000000004,28224
"(0.9708333333333332, 0.9958333333333332)",1,99.42500000000004,28225
"(0.9833333333333332, 0.9958333333333332)",2,99.42500000000004,28227
"(0.9875, 0.9958333333333332)",4,99.42500000000004,28231
"(0.9708333333333332, 0.9958333333333332)",1,99.42500000000004,28232
"(0.9833333333333332, 0.9958333333333332)",3,99.42500000000004,28235
"(0.9583333333333334, 0.9958333333333332)",1,99.42500000000004,28236
"(0.975, 0.9958333333333332)",1,99.42500000000004,28237
"(0.9708333333333332, 0.9958333333333332)",1,99.42500000000004,28238
"(0.9791666666666666, 0.9958333333333332)",2,99.42500000000004,28240
"(0.975, 0.9958333333333332)",3,99.42500000000004,28243
"(0.9833333333333332, 1.0)",1,99.42499999999998,28244
"(0.975, 1.0)",1,99.42499999999995,28245
"(0.9916666666666668, 0.9958333333333332)",1,99.42083333333338,28246
"(0.9833333333333332, 0.9958333333333332)",1,99.42083333333338,28247
"(0.9708333333333332, 0.9958333333333332)",1,99.42083333333338,28248
"(0.9875, 0.9958333333333332)",6,99.42083333333338,28254
"(0.9791666666666666, 0.9958333333333332)",2,99.42083333333338,28256
"(0.975, 0.9958333333333332)",2,99.42083333333338,28258
"(0.9833333333333332, 0.9958333333333332)",3,99.42083333333336,28261
"(0.9666666666666668, 0.9958333333333332)",1,99.42083333333336,28262
"(0.9125, 0.9958333333333332)",1,99.42083333333336,28263
"(0.975, 0.9958333333333332)",4,99.42083333333336,28267
"(0.9875, 0.9958333333333332)",3,99.42083333333336,28270
"(0.9916666666666668, 0.9958333333333332)",2,99.42083333333336,28272
"(0.9791666666666666, 0.9958333333333332)",1,99.42083333333336,28273
"(0.975, 1.0)",1,99.42083333333332,28274
"(0.9791666666666666, 1.0)",1,99.42083333333332,28275
"(0.872093023255814, 1.0)",1,99.4186046511628,28276
"(0.6976744186046512, 1.0)",1,99.4186046511628,28277
"(0.8488372093023255, 1.0)",1,99.4186046511628,28278
"(0.8372093023255814, 1.0)",1,99.4186046511628,28279
"(0.7906976744186046, 1.0)",2,99.4186046511628,28281
"(0.7441860465116279, 1.0)",2,99.4186046511628,28283
"(0.9186046511627908, 1.0)",1,99.4186046511628,28284
"(0.8837209302325582, 1.0)",1,99.4186046511628,28285
"(0.6162790697674418, 1.0)",1,99.4186046511628,28286
"(0.872093023255814, 1.0)",1,99.41860465116278,28287
"(0.8488372093023255, 1.0)",2,99.41860465116278,28289
"(0.7906976744186046, 1.0)",1,99.41860465116278,28290
"(0.7441860465116279, 1.0)",1,99.41860465116278,28291
"(0.8023255813953488, 1.0)",1,99.41860465116278,28292
"(0.9186046511627908, 1.0)",1,99.41860465116278,28293
"(0.8604651162790697, 1.0)",1,99.41860465116278,28294
"(0.8837209302325582, 1.0)",2,99.41860465116278,28296
"(0.6162790697674418, 1.0)",1,99.41860465116278,28297
"(0.8255813953488372, 1.0)",3,99.41860465116278,28300
"(0.7674418604651163, 1.0)",1,99.41860465116278,28301
"(0.9791666666666666, 0.9958333333333332)",1,99.41666666666671,28302
"(0.9666666666666668, 0.9958333333333332)",1,99.41666666666671,28303
"(0.9833333333333332, 0.9958333333333332)",3,99.41666666666671,28306
"(1.0, 0.9958333333333332)",1,99.41666666666671,28307
"(0.9708333333333332, 0.9958333333333332)",1,99.41666666666671,28308
"(0.9916666666666668, 0.9958333333333332)",1,99.41666666666671,28309
"(0.9625, 0.9958333333333332)",1,99.41666666666671,28310
"(0.9708333333333332, 0.9958333333333332)",1,99.4166666666667,28311
"(0.9791666666666666, 0.9958333333333332)",3,99.4166666666667,28314
"(0.975, 0.9958333333333332)",2,99.4166666666667,28316
"(0.9875, 0.9958333333333332)",5,99.4166666666667,28321
"(0.9833333333333332, 0.9958333333333332)",3,99.4166666666667,28324
"(0.9958333333333332, 0.9958333333333332)",1,99.4166666666667,28325
"(0.9916666666666668, 0.9958333333333332)",3,99.4166666666667,28328
"(0.9625, 0.9958333333333332)",1,99.4166666666667,28329
"(0.9583333333333334, 0.9958333333333332)",1,99.4166666666667,28330
"(1.0, 1.0)",2,99.41666666666669,28332
"(0.7, 1.0)",2,99.41666666666669,28334
"(0.975, 0.9958333333333332)",2,99.41666666666669,28336
"(0.75, 1.0)",7,99.41666666666669,28343
"(0.9444444444444444, 1.0)",2,99.41666666666669,28345
"(0.7166666666666667, 1.0)",7,99.41666666666669,28352
"(0.9833333333333332, 1.0)",9,99.41666666666669,28361
"(0.8166666666666667, 1.0)",7,99.41666666666669,28368
"(1.0, 1.0)",10,99.41666666666669,28378
"(0.8666666666666667, 1.0)",20,99.41666666666669,28398
"(0.8833333333333333, 1.0)",1,99.41666666666669,28399
"(0.7916666666666666, 1.0)",1,99.41666666666669,28400
"(0.9305555555555556, 1.0)",4,99.41666666666669,28404
"(0.6833333333333333, 1.0)",7,99.41666666666669,28411
"(0.9166666666666666, 1.0)",4,99.41666666666669,28415
"(0.9166666666666666, 1.0)",5,99.41666666666669,28420
"(0.9333333333333332, 1.0)",4,99.41666666666669,28424
"(0.7777777777777778, 1.0)",1,99.41666666666669,28425
"(0.6666666666666666, 1.0)",3,99.41666666666669,28428
"(0.9833333333333332, 0.9916666666666668)",1,99.41666666666669,28429
"(0.8055555555555556, 1.0)",2,99.41666666666669,28431
"(0.9666666666666668, 1.0)",9,99.41666666666669,28440
"(0.9027777777777778, 1.0)",2,99.41666666666669,28442
"(0.7638888888888888, 1.0)",3,99.41666666666669,28445
"(0.5333333333333333, 1.0)",1,99.41666666666669,28446
"(0.7666666666666667, 1.0)",2,99.41666666666669,28448
"(0.5972222222222222, 1.0)",2,99.41666666666669,28450
"(0.625, 1.0)",2,99.41666666666669,28452
"(0.7333333333333333, 1.0)",5,99.41666666666669,28457
"(0.7833333333333333, 1.0)",2,99.41666666666669,28459
"(0.85, 1.0)",5,99.41666666666669,28464
"(0.9666666666666668, 1.0)",1,99.41666666666669,28465
"(0.8, 1.0)",4,99.41666666666669,28469
"(0.8194444444444444, 1.0)",2,99.41666666666669,28471
"(0.9, 1.0)",9,99.41666666666669,28480
"(0.8888888888888888, 1.0)",2,99.41666666666669,28482
"(0.9583333333333334, 1.0)",2,99.41666666666669,28484
"(0.8333333333333334, 1.0)",14,99.41666666666669,28498
"(0.7083333333333334, 1.0)",1,99.41666666666669,28499
"(0.8833333333333333, 1.0)",16,99.41666666666669,28515
"(0.9583333333333334, 1.0)",3,99.41666666666666,28518
"(0.7666666666666667, 1.0)",4,99.41666666666666,28522
"(0.625, 1.0)",1,99.41666666666666,28523
"(0.7083333333333334, 1.0)",5,99.41666666666666,28528
"(0.6805555555555556, 1.0)",1,99.41666666666666,28529
"(0.875, 1.0)",1,99.41666666666666,28530
"(0.9722222222222222, 1.0)",2,99.41666666666666,28532
"(0.95, 1.0)",8,99.41666666666666,28540
"(0.9333333333333332, 1.0)",8,99.41666666666666,28548
"(0.9305555555555556, 1.0)",3,99.41666666666666,28551
"(0.9833333333333332, 1.0)",8,99.41666666666666,28559
"(0.8333333333333334, 1.0)",15,99.41666666666666,28574
"(0.8888888888888888, 1.0)",2,99.41666666666666,28576
"(0.6833333333333333, 1.0)",3,99.41666666666666,28579
"(0.6111111111111112, 1.0)",1,99.41666666666666,28580
"(0.7833333333333333, 1.0)",2,99.41666666666666,28582
"(0.75, 1.0)",14,99.41666666666666,28596
"(0.85, 1.0)",10,99.41666666666666,28606
"(0.8833333333333333, 1.0)",16,99.41666666666666,28622
"(0.7638888888888888, 1.0)",5,99.41666666666666,28627
"(0.7916666666666666, 1.0)",2,99.41666666666666,28629
"(0.7777777777777778, 1.0)",7,99.41666666666666,28636
"(0.9027777777777778, 1.0)",4,99.41666666666666,28640
"(0.9, 1.0)",13,99.41666666666666,28653
"(0.8055555555555556, 1.0)",4,99.41666666666666,28657
"(0.8, 1.0)",15,99.41666666666666,28672
"(0.8166666666666667, 1.0)",6,99.41666666666666,28678
"(0.6944444444444444, 1.0)",3,99.41666666666666,28681
"(0.6666666666666666, 1.0)",2,99.41666666666666,28683
"(0.8194444444444444, 1.0)",5,99.41666666666666,28688
"(0.7, 1.0)",4,99.41666666666666,28692
"(0.7333333333333333, 1.0)",23,99.41666666666666,28715
"(0.9666666666666668, 1.0)",9,99.41666666666666,28724
"(0.8611111111111112, 1.0)",2,99.41666666666666,28726
"(0.5972222222222222, 1.0)",1,99.41666666666666,28727
"(0.7166666666666667, 1.0)",5,99.41666666666666,28732
"(0.8666666666666667, 1.0)",6,99.41666666666666,28738
"(0.8472222222222222, 1.0)",2,99.41666666666666,28740
"(0.9444444444444444, 1.0)",2,99.41666666666666,28742
"(1.0, 1.0)",5,99.41666666666666,28747
"(0.9166666666666666, 1.0)",10,99.41666666666666,28757
"(0.7361111111111112, 1.0)",1,99.41666666666666,28758
"(0.9833333333333332, 0.9958333333333332)",1,99.41250000000008,28759
"(0.9916666666666668, 0.9958333333333332)",2,99.41250000000004,28761
"(0.9583333333333334, 0.9958333333333332)",1,99.41250000000004,28762
"(0.9666666666666668, 0.9958333333333332)",1,99.41250000000004,28763
"(0.9875, 0.9958333333333332)",3,99.41250000000004,28766
"(0.9583333333333334, 0.9958333333333332)",1,99.41250000000004,28767
"(0.9791666666666666, 0.9958333333333332)",1,99.41250000000004,28768
"(0.95, 0.9958333333333332)",1,99.41250000000004,28769
"(0.9625, 0.9958333333333332)",1,99.41250000000004,28770
"(0.9791666666666666, 0.9958333333333332)",1,99.41250000000004,28771
"(0.9833333333333332, 0.9958333333333332)",3,99.41250000000004,28774
"(0.975, 0.9958333333333332)",3,99.41250000000004,28777
"(0.9916666666666668, 0.9958333333333332)",1,99.41250000000004,28778
"(0.9875, 0.9958333333333332)",2,99.41250000000004,28780
"(0.9958333333333332, 0.9958333333333332)",1,99.41250000000004,28781
"(1.0, 1.0)",1,99.41250000000002,28782
"(0.9875, 0.9958333333333332)",1,99.41249999999997,28783
"(0.9833333333333332, 0.9958333333333332)",1,99.4083333333334,28784
"(0.9791666666666666, 0.9958333333333332)",1,99.4083333333334,28785
"(0.975, 0.9958333333333332)",1,99.4083333333334,28786
"(0.9791666666666666, 0.9958333333333332)",1,99.4083333333334,28787
"(0.9875, 0.9958333333333332)",2,99.4083333333334,28789
"(0.9958333333333332, 0.9958333333333332)",1,99.40833333333336,28790
"(0.9666666666666668, 0.9958333333333332)",2,99.40833333333336,28792
"(0.9333333333333332, 0.9958333333333332)",2,99.40833333333336,28794
"(0.9875, 0.9958333333333332)",4,99.40833333333336,28798
"(0.9916666666666668, 0.9958333333333332)",3,99.40833333333336,28801
"(0.9875, 0.9958333333333332)",1,99.40833333333336,28802
"(0.9791666666666666, 0.9958333333333332)",1,99.40833333333336,28803
"(0.975, 0.9958333333333332)",4,99.40833333333336,28807
"(0.9833333333333332, 0.9958333333333332)",3,99.40833333333336,28810
"(0.9708333333333332, 0.9958333333333332)",1,99.40833333333336,28811
"(0.9958333333333332, 1.0)",1,99.40833333333332,28812
"(1.0, 0.9958333333333332)",1,99.40833333333332,28813
"(0.7441860465116279, 1.0)",1,99.40697674418604,28814
"(0.8255813953488372, 1.0)",2,99.40697674418604,28816
"(0.8837209302325582, 1.0)",2,99.40697674418604,28818
"(0.8953488372093024, 1.0)",1,99.40697674418604,28819
"(0.9186046511627908, 1.0)",2,99.40697674418604,28821
"(0.627906976744186, 1.0)",1,99.40697674418604,28822
"(0.8488372093023255, 1.0)",1,99.40697674418604,28823
"(0.872093023255814, 1.0)",6,99.40697674418604,28829
"(0.7906976744186046, 1.0)",2,99.40697674418604,28831
"(0.7674418604651163, 1.0)",1,99.40697674418604,28832
"(0.6162790697674418, 1.0)",1,99.40697674418604,28833
"(0.8023255813953488, 1.0)",2,99.40697674418604,28835
"(0.8372093023255814, 1.0)",1,99.40697674418604,28836
"(0.9833333333333332, 0.9958333333333332)",1,99.40416666666674,28837
"(0.9875, 0.9958333333333332)",1,99.40416666666674,28838
"(0.9791666666666666, 0.9958333333333332)",4,99.40416666666673,28842
"(0.9875, 0.9958333333333332)",1,99.40416666666673,28843
"(0.95, 0.9958333333333332)",1,99.40416666666673,28844
"(0.9833333333333332, 0.9958333333333332)",3,99.40416666666673,28847
"(0.9625, 0.9958333333333332)",1,99.40416666666673,28848
"(0.9541666666666668, 0.9958333333333332)",1,99.40416666666673,28849
"(0.9875, 0.9958333333333332)",4,99.40416666666673,28853
"(0.9708333333333332, 0.9958333333333332)",1,99.40416666666673,28854
"(0.9625, 0.9958333333333332)",2,99.40416666666673,28856
"(0.9958333333333332, 0.9958333333333332)",1,99.4041666666667,28857
"(0.95, 0.9958333333333332)",1,99.4041666666667,28858
"(0.9833333333333332, 0.9958333333333332)",3,99.4041666666667,28861
"(0.9916666666666668, 0.9958333333333332)",1,99.4041666666667,28862
"(0.9375, 0.9958333333333332)",1,99.4041666666667,28863
"(0.9125, 0.9958333333333332)",1,99.4041666666667,28864
"(1.0, 0.9958333333333332)",1,99.4041666666667,28865
"(0.9458333333333332, 0.9958333333333332)",1,99.4041666666667,28866
"(0.9666666666666668, 0.9958333333333332)",1,99.4041666666667,28867
"(0.9583333333333334, 0.9958333333333332)",3,99.4041666666667,28870
"(0.975, 0.9958333333333332)",4,99.4041666666667,28874
"(0.9875, 0.9958333333333332)",1,99.4041666666667,28875
"(0.9791666666666666, 0.9958333333333332)",1,99.4041666666667,28876
"(1.0, 0.9958333333333332)",2,99.40416666666668,28878
"(0.9444444444444444, 1.0)",2,99.4027777777778,28880
"(0.8472222222222222, 1.0)",2,99.40277777777776,28882
"(0.9027777777777778, 1.0)",2,99.40277777777776,28884
"(0.7777777777777778, 1.0)",8,99.40277777777776,28892
"(0.9305555555555556, 1.0)",4,99.40277777777776,28896
"(0.7916666666666666, 1.0)",1,99.40277777777776,28897
"(0.6805555555555556, 1.0)",1,99.40277777777776,28898
"(0.8611111111111112, 1.0)",7,99.40277777777776,28905
"(0.75, 1.0)",5,99.40277777777776,28910
"(0.7361111111111112, 1.0)",6,99.40277777777776,28916
"(0.8333333333333334, 1.0)",10,99.40277777777776,28926
"(0.9166666666666666, 1.0)",4,99.40277777777776,28930
"(0.7638888888888888, 1.0)",7,99.40277777777776,28937
"(0.625, 1.0)",3,99.40277777777776,28940
"(0.7083333333333334, 1.0)",6,99.40277777777776,28946
"(0.6944444444444444, 1.0)",1,99.40277777777776,28947
"(0.9722222222222222, 1.0)",3,99.40277777777776,28950
"(0.9583333333333334, 1.0)",6,99.40277777777776,28956
"(0.7222222222222222, 1.0)",1,99.40277777777776,28957
"(0.9444444444444444, 1.0)",5,99.40277777777776,28962
"(0.8194444444444444, 1.0)",3,99.40277777777776,28965
"(0.875, 1.0)",2,99.40277777777776,28967
"(0.8055555555555556, 1.0)",3,99.40277777777776,28970
"(0.5972222222222222, 1.0)",1,99.40277777777776,28971
"(0.8888888888888888, 1.0)",2,99.40277777777776,28973
"(0.9791666666666666, 0.9958333333333332)",1,99.40000000000006,28974
"(0.9875, 0.9958333333333332)",1,99.40000000000006,28975
"(0.8666666666666667, 0.9958333333333332)",1,99.40000000000003,28976
"(0.975, 0.9958333333333332)",3,99.40000000000003,28979
"(0.9791666666666666, 0.9958333333333332)",3,99.40000000000003,28982
"(0.9875, 0.9958333333333332)",1,99.40000000000003,28983
"(0.9833333333333332, 0.9958333333333332)",4,99.40000000000003,28987
"(0.9916666666666668, 0.9958333333333332)",1,99.40000000000003,28988
"(0.95, 0.9958333333333332)",1,99.40000000000003,28989
"(0.9791666666666666, 0.9958333333333332)",1,99.40000000000003,28990
"(0.9708333333333332, 0.9958333333333332)",1,99.40000000000003,28991
"(0.9625, 0.9958333333333332)",3,99.40000000000003,28994
"(0.9291666666666668, 0.9958333333333332)",1,99.40000000000003,28995
"(0.9583333333333334, 0.9958333333333332)",2,99.40000000000003,28997
"(0.9666666666666668, 0.9958333333333332)",3,99.40000000000003,29000
"(0.9875, 0.9958333333333332)",1,99.40000000000003,29001
"(0.9416666666666668, 0.9958333333333332)",1,99.40000000000003,29002
"(0.975, 0.9958333333333332)",1,99.40000000000003,29003
"(0.9333333333333332, 0.9958333333333332)",1,99.40000000000003,29004
"(0.95, 1.0)",1,99.40000000000003,29005
"(0.9916666666666668, 0.9958333333333332)",3,99.40000000000003,29008
"(0.9583333333333334, 0.9958333333333332)",1,99.40000000000003,29009
"(0.9166666666666666, 1.0)",2,99.40000000000002,29011
"(0.9, 1.0)",1,99.40000000000002,29012
"(0.8333333333333334, 1.0)",4,99.40000000000002,29016
"(0.95, 0.9833333333333332)",1,99.40000000000002,29017
"(1.0, 0.9833333333333332)",2,99.40000000000002,29019
"(0.9666666666666668, 1.0)",12,99.4,29031
"(0.975, 1.0)",2,99.4,29033
"(0.9666666666666668, 1.0)",1,99.4,29034
"(0.7666666666666667, 1.0)",16,99.4,29050
"(0.7333333333333333, 1.0)",21,99.4,29071
"(0.8, 1.0)",13,99.4,29084
"(0.7, 1.0)",2,99.4,29086
"(0.8666666666666667, 1.0)",25,99.4,29111
"(0.6166666666666667, 1.0)",1,99.4,29112
"(1.0, 1.0)",14,99.4,29126
"(0.85, 1.0)",2,99.4,29128
"(0.6833333333333333, 1.0)",9,99.4,29137
"(0.8333333333333334, 1.0)",25,99.4,29162
"(0.9, 1.0)",20,99.4,29182
"(0.8166666666666667, 1.0)",11,99.4,29193
"(0.9833333333333332, 1.0)",12,99.4,29205
"(0.8833333333333333, 1.0)",10,99.4,29215
"(0.7166666666666667, 1.0)",4,99.4,29219
"(0.85, 1.0)",19,99.4,29238
"(0.8166666666666667, 1.0)",1,99.4,29239
"(0.9833333333333332, 1.0)",2,99.4,29241
"(0.9166666666666666, 1.0)",11,99.4,29252
"(0.6666666666666666, 1.0)",2,99.4,29254
"(0.9333333333333332, 1.0)",21,99.4,29275
"(0.7833333333333333, 1.0)",8,99.4,29283
"(0.95, 1.0)",3,99.4,29286
"(0.75, 1.0)",16,99.4,29302
"(0.9875, 0.9958333333333332)",1,99.3958333333334,29303
"(0.9916666666666668, 0.9958333333333332)",1,99.3958333333334,29304
"(0.9791666666666666, 0.9958333333333332)",3,99.3958333333334,29307
"(0.9833333333333332, 0.9958333333333332)",1,99.3958333333334,29308
"(0.9791666666666666, 0.9958333333333332)",3,99.39583333333336,29311
"(0.9166666666666666, 0.9958333333333332)",1,99.39583333333336,29312
"(0.9666666666666668, 0.9958333333333332)",1,99.39583333333336,29313
"(0.9916666666666668, 0.9958333333333332)",3,99.39583333333336,29316
"(0.9458333333333332, 0.9958333333333332)",2,99.39583333333336,29318
"(0.9, 0.9958333333333332)",1,99.39583333333336,29319
"(0.9958333333333332, 0.9958333333333332)",1,99.39583333333336,29320
"(0.9875, 0.9958333333333332)",7,99.39583333333336,29327
"(0.9625, 0.9958333333333332)",1,99.39583333333336,29328
"(0.8875, 0.9958333333333332)",1,99.39583333333336,29329
"(0.9375, 0.9958333333333332)",2,99.39583333333336,29331
"(0.9833333333333332, 0.9958333333333332)",4,99.39583333333336,29335
"(0.9708333333333332, 0.9958333333333332)",1,99.39583333333336,29336
"(0.975, 0.9958333333333332)",3,99.39583333333336,29339
"(0.975, 1.0)",1,99.39583333333334,29340
"(0.9833333333333332, 0.9958333333333332)",1,99.39583333333334,29341
"(1.0, 0.9958333333333332)",1,99.39583333333331,29342
"(0.627906976744186, 1.0)",1,99.3953488372093,29343
"(0.8488372093023255, 1.0)",2,99.3953488372093,29345
"(0.6162790697674418, 1.0)",2,99.3953488372093,29347
"(0.7325581395348837, 1.0)",1,99.3953488372093,29348
"(0.5930232558139535, 1.0)",2,99.3953488372093,29350
"(0.8837209302325582, 1.0)",4,99.3953488372093,29354
"(0.8255813953488372, 1.0)",3,99.3953488372093,29357
"(0.9186046511627908, 1.0)",3,99.3953488372093,29360
"(0.872093023255814, 1.0)",2,99.3953488372093,29362
"(0.7674418604651163, 1.0)",1,99.3953488372093,29363
"(0.7441860465116279, 1.0)",2,99.3953488372093,29365
"(0.9875, 0.9958333333333332)",1,99.39166666666674,29366
"(0.9666666666666668, 0.9958333333333332)",1,99.39166666666672,29367
"(0.9958333333333332, 0.9958333333333332)",1,99.39166666666672,29368
"(0.975, 0.9958333333333332)",3,99.39166666666672,29371
"(0.9916666666666668, 0.9958333333333332)",1,99.39166666666672,29372
"(0.9791666666666666, 0.9958333333333332)",3,99.39166666666672,29375
"(0.9625, 0.9958333333333332)",1,99.39166666666672,29376
"(0.95, 0.9958333333333332)",2,99.39166666666672,29378
"(0.9958333333333332, 0.9958333333333332)",2,99.39166666666672,29380
"(0.9708333333333332, 0.9958333333333332)",1,99.39166666666672,29381
"(0.9833333333333332, 0.9958333333333332)",3,99.39166666666672,29384
"(0.9583333333333334, 0.9958333333333332)",1,99.39166666666672,29385
"(0.9875, 0.9958333333333332)",1,99.39166666666672,29386
"(0.975, 0.9958333333333332)",1,99.39166666666672,29387
"(0.9916666666666668, 0.9958333333333332)",3,99.39166666666672,29390
"(0.8916666666666667, 0.9958333333333332)",1,99.39166666666672,29391
"(0.9458333333333332, 0.9958333333333332)",1,99.39166666666672,29392
"(0.9833333333333332, 0.9958333333333332)",1,99.3916666666667,29393
"(0.8541666666666666, 0.9958333333333332)",1,99.3916666666667,29394
"(1.0, 0.9958333333333332)",1,99.3916666666667,29395
"(0.975, 0.9958333333333332)",3,99.3916666666667,29398
"(0.9625, 0.9958333333333332)",1,99.3916666666667,29399
"(1.0, 0.9958333333333332)",1,99.39166666666668,29400
"(0.7638888888888888, 1.0)",4,99.38888888888889,29404
"(0.7916666666666666, 1.0)",2,99.38888888888889,29406
"(0.5972222222222222, 1.0)",1,99.38888888888889,29407
"(0.75, 1.0)",4,99.38888888888889,29411
"(0.7361111111111112, 1.0)",2,99.38888888888889,29413
"(0.8333333333333334, 1.0)",5,99.38888888888889,29418
"(0.7222222222222222, 1.0)",1,99.38888888888889,29419
"(0.6944444444444444, 1.0)",7,99.38888888888889,29426
"(0.8611111111111112, 1.0)",3,99.38888888888889,29429
"(0.8888888888888888, 1.0)",4,99.38888888888889,29433
"(0.9444444444444444, 1.0)",5,99.38888888888889,29438
"(0.7777777777777778, 1.0)",3,99.38888888888889,29441
"(0.875, 1.0)",3,99.38888888888889,29444
"(0.8472222222222222, 1.0)",3,99.38888888888889,29447
"(0.9166666666666666, 1.0)",2,99.38888888888889,29449
"(0.8055555555555556, 1.0)",1,99.38888888888889,29450
"(0.9305555555555556, 1.0)",11,99.38888888888889,29461
"(0.8194444444444444, 1.0)",6,99.38888888888889,29467
"(0.7083333333333334, 1.0)",7,99.38888888888889,29474
"(0.6388888888888888, 1.0)",1,99.38888888888889,29475
"(0.9027777777777778, 1.0)",8,99.38888888888889,29483
"(0.9833333333333332, 0.9958333333333332)",1,99.38750000000006,29484
"(0.9875, 0.9958333333333332)",1,99.38750000000006,29485
"(0.9916666666666668, 0.9958333333333332)",1,99.38750000000006,29486
"(0.9708333333333332, 0.9958333333333332)",1,99.38750000000005,29487
"(0.9625, 0.9958333333333332)",1,99.38750000000005,29488
"(0.9875, 0.9958333333333332)",4,99.38750000000005,29492
"(0.95, 0.9958333333333332)",2,99.38750000000005,29494
"(0.9916666666666668, 0.9958333333333332)",1,99.38750000000005,29495
"(0.9833333333333332, 0.9958333333333332)",2,99.38750000000005,29497
"(0.9583333333333334, 0.9958333333333332)",1,99.38750000000005,29498
"(0.975, 0.9958333333333332)",1,99.38750000000005,29499
"(0.9916666666666668, 0.9958333333333332)",1,99.38750000000005,29500
"(0.9833333333333332, 0.9958333333333332)",3,99.38750000000005,29503
"(0.9708333333333332, 0.9958333333333332)",1,99.38750000000005,29504
"(0.9791666666666666, 0.9958333333333332)",2,99.38750000000005,29506
"(0.9791666666666666, 0.9958333333333332)",2,99.38750000000005,29508
"(0.975, 0.9958333333333332)",4,99.38750000000005,29512
"(0.8791666666666667, 0.9958333333333332)",1,99.38750000000005,29513
"(0.9583333333333334, 0.9958333333333332)",1,99.38750000000005,29514
"(0.9875, 0.9958333333333332)",1,99.38750000000005,29515
"(0.9958333333333332, 0.9958333333333332)",1,99.3875,29516
"(0.9875, 1.0)",1,99.3875,29517
"(0.9791666666666666, 1.0)",1,99.3875,29518
"(0.9958333333333332, 0.9958333333333332)",2,99.38749999999996,29520
"(0.872093023255814, 1.0)",2,99.38372093023256,29522
"(0.7674418604651163, 1.0)",2,99.38372093023256,29524
"(0.5930232558139535, 1.0)",1,99.38372093023256,29525
"(0.6162790697674418, 1.0)",3,99.38372093023256,29528
"(0.7441860465116279, 1.0)",1,99.38372093023256,29529
"(0.9418604651162792, 1.0)",1,99.38372093023256,29530
"(0.7906976744186046, 1.0)",1,99.38372093023256,29531
"(0.8255813953488372, 1.0)",3,99.38372093023256,29534
"(0.9186046511627908, 1.0)",3,99.38372093023256,29537
"(0.8837209302325582, 1.0)",1,99.38372093023256,29538
"(0.627906976744186, 1.0)",1,99.38372093023256,29539
"(0.8488372093023255, 1.0)",1,99.38372093023256,29540
"(0.8372093023255814, 1.0)",1,99.38372093023256,29541
"(0.9625, 0.9958333333333332)",1,99.3833333333334,29542
"(0.9708333333333332, 0.9958333333333332)",1,99.3833333333334,29543
"(0.9916666666666668, 0.9958333333333332)",1,99.3833333333334,29544
"(0.9708333333333332, 0.9958333333333332)",1,99.38333333333338,29545
"(0.9875, 0.9958333333333332)",1,99.38333333333338,29546
"(0.9541666666666668, 0.9958333333333332)",1,99.38333333333338,29547
"(0.9833333333333332, 0.9958333333333332)",1,99.38333333333338,29548
"(0.9791666666666666, 0.9958333333333332)",1,99.38333333333338,29549
"(0.9333333333333332, 0.9958333333333332)",1,99.38333333333335,29550
"(0.9708333333333332, 0.9958333333333332)",1,99.38333333333335,29551
"(0.9916666666666668, 0.9958333333333332)",3,99.38333333333335,29554
"(0.95, 0.9958333333333332)",1,99.38333333333335,29555
"(0.9791666666666666, 0.9958333333333332)",2,99.38333333333335,29557
"(0.8666666666666667, 0.9958333333333332)",1,99.38333333333335,29558
"(0.9833333333333332, 0.9958333333333332)",2,99.38333333333335,29560
"(0.95, 0.9833333333333332)",3,99.38333333333335,29563
"(0.9875, 0.9958333333333332)",4,99.38333333333335,29567
"(0.9, 1.0)",1,99.38333333333335,29568
"(0.975, 0.9958333333333332)",1,99.38333333333335,29569
"(0.8333333333333334, 1.0)",2,99.38333333333335,29571
"(0.9166666666666666, 1.0)",4,99.38333333333335,29575
"(0.9625, 0.9958333333333332)",1,99.38333333333335,29576
"(0.9125, 0.9958333333333332)",1,99.38333333333335,29577
"(0.9666666666666668, 0.9958333333333332)",1,99.38333333333335,29578
"(0.9333333333333332, 1.0)",1,99.38333333333335,29579
"(0.9208333333333332, 0.9958333333333332)",2,99.38333333333335,29581
"(0.9666666666666668, 1.0)",7,99.38333333333334,29588
"(0.75, 1.0)",2,99.38333333333334,29590
"(0.8833333333333333, 1.0)",1,99.38333333333334,29591
"(0.8333333333333334, 1.0)",2,99.38333333333334,29593
"(1.0, 1.0)",2,99.38333333333334,29595
"(0.9, 1.0)",3,99.38333333333334,29598
"(0.7333333333333333, 1.0)",1,99.38333333333334,29599
"(0.8666666666666667, 1.0)",1,99.38333333333334,29600
"(0.9333333333333332, 1.0)",4,99.38333333333334,29604
"(0.9833333333333332, 1.0)",2,99.38333333333334,29606
"(0.95, 1.0)",2,99.38333333333334,29608
"(0.8, 1.0)",3,99.38333333333334,29611
"(0.9166666666666666, 1.0)",4,99.38333333333334,29615
"(0.6666666666666666, 1.0)",2,99.38333333333333,29617
"(0.9166666666666666, 1.0)",14,99.38333333333333,29631
"(0.85, 1.0)",6,99.38333333333333,29637
"(0.95, 1.0)",13,99.38333333333333,29650
"(0.7166666666666667, 1.0)",25,99.38333333333333,29675
"(0.9666666666666668, 1.0)",16,99.38333333333333,29691
"(0.75, 1.0)",7,99.38333333333333,29698
"(0.8, 1.0)",14,99.38333333333333,29712
"(0.8333333333333334, 1.0)",16,99.38333333333333,29728
"(0.9, 1.0)",20,99.38333333333333,29748
"(0.7333333333333333, 1.0)",13,99.38333333333333,29761
"(0.5833333333333334, 1.0)",1,99.38333333333333,29762
"(0.6833333333333333, 1.0)",5,99.38333333333333,29767
"(0.8666666666666667, 1.0)",16,99.38333333333333,29783
"(0.7666666666666667, 1.0)",14,99.38333333333333,29797
"(0.7, 1.0)",4,99.38333333333333,29801
"(1.0, 1.0)",14,99.38333333333333,29815
"(0.9333333333333332, 1.0)",10,99.38333333333333,29825
"(0.8833333333333333, 1.0)",14,99.38333333333333,29839
"(0.8166666666666667, 1.0)",30,99.38333333333333,29869
"(0.7833333333333333, 1.0)",8,99.38333333333333,29877
"(0.9958333333333332, 0.9958333333333332)",1,99.38333333333333,29878
"(0.9833333333333332, 1.0)",11,99.38333333333333,29889
"(0.9625, 1.0)",1,99.3833333333333,29890
"(0.9958333333333332, 0.9958333333333332)",1,99.37916666666676,29891
"(0.9958333333333332, 0.9958333333333332)",1,99.37916666666672,29892
"(0.975, 0.9958333333333332)",1,99.37916666666672,29893
"(0.9708333333333332, 0.9958333333333332)",3,99.37916666666672,29896
"(0.9875, 0.9958333333333332)",1,99.37916666666672,29897
"(0.9583333333333334, 0.9958333333333332)",1,99.37916666666672,29898
"(0.9916666666666668, 0.9958333333333332)",1,99.37916666666672,29899
"(0.9791666666666666, 0.9958333333333332)",5,99.3791666666667,29904
"(0.9375, 0.9958333333333332)",3,99.3791666666667,29907
"(0.9958333333333332, 0.9958333333333332)",1,99.3791666666667,29908
"(0.95, 0.9958333333333332)",1,99.3791666666667,29909
"(0.9875, 0.9958333333333332)",5,99.3791666666667,29914
"(0.9583333333333334, 0.9958333333333332)",2,99.3791666666667,29916
"(1.0, 0.9958333333333332)",1,99.3791666666667,29917
"(0.9708333333333332, 0.9958333333333332)",2,99.3791666666667,29919
"(0.9125, 0.9958333333333332)",1,99.3791666666667,29920
"(0.9833333333333332, 0.9958333333333332)",5,99.3791666666667,29925
"(0.9625, 0.9958333333333332)",4,99.3791666666667,29929
"(0.975, 0.9958333333333332)",1,99.37916666666668,29930
"(0.975, 0.9958333333333332)",1,99.3750000000001,29931
"(0.975, 0.9958333333333332)",2,99.37500000000006,29933
"(0.9833333333333332, 0.9958333333333332)",2,99.37500000000006,29935
"(0.9458333333333332, 0.9958333333333332)",1,99.37500000000004,29936
"(0.9833333333333332, 0.9958333333333332)",3,99.37500000000004,29939
"(0.9625, 0.9958333333333332)",1,99.37500000000004,29940
"(0.975, 0.9958333333333332)",1,99.37500000000004,29941
"(0.95, 0.9958333333333332)",1,99.37500000000004,29942
"(0.9583333333333334, 0.9958333333333332)",1,99.37500000000004,29943
"(0.9583333333333334, 0.9958333333333332)",1,99.37500000000004,29944
"(0.9791666666666666, 0.9958333333333332)",1,99.37500000000004,29945
"(0.9916666666666668, 0.9958333333333332)",2,99.37500000000004,29947
"(0.9166666666666666, 0.9958333333333332)",1,99.37500000000004,29948
"(0.975, 0.9958333333333332)",2,99.37500000000004,29950
"(0.9375, 0.9958333333333332)",1,99.37500000000004,29951
"(0.9791666666666666, 0.9958333333333332)",2,99.37500000000004,29953
"(0.9916666666666668, 0.9958333333333332)",3,99.37500000000004,29956
"(0.8541666666666666, 0.9958333333333332)",1,99.37500000000004,29957
"(0.9833333333333332, 0.9958333333333332)",3,99.37500000000004,29960
"(0.9875, 0.9958333333333332)",2,99.37500000000004,29962
"(0.9625, 0.9958333333333332)",1,99.37500000000004,29963
"(0.9875, 0.9958333333333332)",3,99.37500000000004,29966
"(1.0, 0.9958333333333332)",2,99.37500000000004,29968
"(0.9708333333333332, 0.9958333333333332)",1,99.37500000000004,29969
"(0.8888888888888888, 1.0)",4,99.375,29973
"(0.7916666666666666, 1.0)",2,99.375,29975
"(0.7083333333333334, 1.0)",10,99.375,29985
"(0.875, 1.0)",7,99.375,29992
"(0.8333333333333334, 1.0)",14,99.375,30006
"(0.9305555555555556, 1.0)",8,99.375,30014
"(0.6944444444444444, 1.0)",2,99.375,30016
"(0.9027777777777778, 1.0)",3,99.375,30019
"(0.75, 1.0)",4,99.375,30023
"(0.6111111111111112, 1.0)",1,99.375,30024
"(0.9166666666666666, 1.0)",5,99.375,30029
"(0.625, 1.0)",2,99.375,30031
"(0.8194444444444444, 1.0)",4,99.375,30035
"(0.7638888888888888, 1.0)",5,99.375,30040
"(0.7777777777777778, 1.0)",9,99.375,30049
"(0.8472222222222222, 1.0)",2,99.375,30051
"(0.8611111111111112, 1.0)",5,99.375,30056
"(0.6805555555555556, 1.0)",1,99.375,30057
"(0.9583333333333334, 1.0)",3,99.375,30060
"(0.9444444444444444, 1.0)",10,99.375,30070
"(0.8055555555555556, 1.0)",3,99.375,30073
"(0.8837209302325582, 1.0)",2,99.3720930232558,30075
"(0.9186046511627908, 1.0)",1,99.3720930232558,30076
"(0.8255813953488372, 1.0)",1,99.3720930232558,30077
"(0.7441860465116279, 1.0)",1,99.3720930232558,30078
"(0.7906976744186046, 1.0)",3,99.3720930232558,30081
"(0.872093023255814, 1.0)",5,99.3720930232558,30086
"(0.5930232558139535, 1.0)",2,99.3720930232558,30088
"(0.6162790697674418, 1.0)",1,99.3720930232558,30089
"(0.7674418604651163, 1.0)",2,99.3720930232558,30091
"(0.9875, 0.9958333333333332)",1,99.3708333333334,30092
"(0.975, 0.9958333333333332)",2,99.37083333333338,30094
"(0.9875, 0.9958333333333332)",1,99.37083333333338,30095
"(0.9625, 0.9958333333333332)",1,99.37083333333338,30096
"(0.9583333333333334, 0.9958333333333332)",2,99.37083333333338,30098
"(0.9375, 0.9958333333333332)",1,99.37083333333338,30099
"(0.9875, 0.9958333333333332)",3,99.37083333333337,30102
"(0.8666666666666667, 0.9958333333333332)",1,99.37083333333337,30103
"(0.9208333333333332, 0.9958333333333332)",1,99.37083333333337,30104
"(0.9541666666666668, 0.9958333333333332)",2,99.37083333333337,30106
"(0.9708333333333332, 0.9958333333333332)",1,99.37083333333337,30107
"(0.9791666666666666, 0.9958333333333332)",8,99.37083333333337,30115
"(0.9375, 0.9958333333333332)",2,99.37083333333337,30117
"(0.9833333333333332, 0.9958333333333332)",3,99.37083333333337,30120
"(1.0, 1.0)",1,99.37083333333337,30121
"(0.9916666666666668, 0.9958333333333332)",2,99.37083333333337,30123
"(0.9625, 0.9958333333333332)",3,99.37083333333337,30126
"(0.975, 0.9958333333333332)",7,99.37083333333337,30133
"(0.9583333333333334, 0.9958333333333332)",1,99.36666666666672,30134
"(0.9875, 0.9958333333333332)",2,99.36666666666672,30136
"(0.9916666666666668, 0.9958333333333332)",1,99.36666666666672,30137
"(0.9833333333333332, 0.9958333333333332)",1,99.36666666666672,30138
"(0.975, 0.9958333333333332)",1,99.36666666666672,30139
"(0.9916666666666668, 0.9958333333333332)",2,99.36666666666672,30141
"(0.9833333333333332, 0.9958333333333332)",1,99.36666666666672,30142
"(0.9958333333333332, 0.9958333333333332)",1,99.3666666666667,30143
"(0.9, 0.9958333333333332)",1,99.3666666666667,30144
"(0.9916666666666668, 0.9958333333333332)",1,99.3666666666667,30145
"(0.975, 0.9958333333333332)",8,99.3666666666667,30153
"(0.8916666666666667, 0.9958333333333332)",2,99.3666666666667,30155
"(0.9875, 0.9958333333333332)",3,99.3666666666667,30158
"(1.0, 0.9958333333333332)",2,99.3666666666667,30160
"(0.8416666666666667, 0.9958333333333332)",1,99.3666666666667,30161
"(0.9208333333333332, 0.9958333333333332)",2,99.3666666666667,30163
"(0.9833333333333332, 0.9958333333333332)",5,99.3666666666667,30168
"(0.9708333333333332, 0.9958333333333332)",1,99.3666666666667,30169
"(0.9791666666666666, 0.9958333333333332)",2,99.3666666666667,30171
"(0.9625, 0.9958333333333332)",3,99.3666666666667,30174
"(0.9666666666666668, 0.9958333333333332)",1,99.3666666666667,30175
"(0.85, 0.9958333333333332)",1,99.3666666666667,30176
"(0.9583333333333334, 0.9958333333333332)",1,99.3666666666667,30177
"(1.0, 1.0)",1,99.3666666666667,30178
"(0.9125, 0.9958333333333332)",1,99.3666666666667,30179
"(0.9666666666666668, 1.0)",9,99.36666666666667,30188
"(0.95, 0.9833333333333332)",1,99.36666666666667,30189
"(0.7666666666666667, 0.9833333333333332)",1,99.36666666666667,30190
"(0.975, 1.0)",1,99.36666666666667,30191
"(0.9666666666666668, 0.9833333333333332)",1,99.36666666666667,30192
"(0.7333333333333333, 0.9833333333333332)",2,99.36666666666667,30194
"(0.9333333333333332, 1.0)",10,99.36666666666667,30204
"(0.9, 1.0)",16,99.36666666666667,30220
"(0.75, 1.0)",11,99.36666666666667,30231
"(0.9333333333333332, 1.0)",5,99.36666666666667,30236
"(0.85, 1.0)",12,99.36666666666667,30248
"(0.8833333333333333, 1.0)",20,99.36666666666667,30268
"(0.8166666666666667, 1.0)",5,99.36666666666667,30273
"(0.85, 1.0)",1,99.36666666666667,30274
"(0.7833333333333333, 1.0)",4,99.36666666666667,30278
"(0.6833333333333333, 1.0)",4,99.36666666666667,30282
"(0.8, 1.0)",13,99.36666666666667,30295
"(0.9833333333333332, 1.0)",15,99.36666666666667,30310
"(0.6666666666666666, 1.0)",2,99.36666666666667,30312
"(0.9166666666666666, 1.0)",3,99.36666666666667,30315
"(0.95, 1.0)",6,99.36666666666667,30321
"(0.9166666666666666, 0.9833333333333332)",1,99.36666666666667,30322
"(1.0, 1.0)",10,99.36666666666667,30332
"(0.8666666666666667, 1.0)",10,99.36666666666667,30342
"(0.7166666666666667, 1.0)",17,99.36666666666667,30359
"(0.7666666666666667, 1.0)",5,99.36666666666667,30364
"(0.7333333333333333, 1.0)",6,99.36666666666667,30370
"(0.9166666666666666, 1.0)",11,99.36666666666667,30381
"(0.8333333333333334, 1.0)",21,99.36666666666667,30402
"(0.8333333333333334, 1.0)",1,99.36666666666667,30403
"(0.7, 1.0)",2,99.36666666666667,30405
"(0.6666666666666666, 1.0)",2,99.36666666666666,30407
"(0.8666666666666667, 1.0)",1,99.36666666666666,30408
"(0.7166666666666667, 1.0)",1,99.36666666666666,30409
"(0.8333333333333334, 1.0)",4,99.36666666666666,30413
"(0.7333333333333333, 1.0)",2,99.36666666666666,30415
"(0.9333333333333332, 1.0)",1,99.36666666666666,30416
"(0.95, 1.0)",1,99.36666666666666,30417
"(0.9666666666666668, 1.0)",1,99.36666666666666,30418
"(0.7833333333333333, 1.0)",1,99.36666666666666,30419
"(0.85, 1.0)",4,99.36666666666666,30423
"(0.9, 1.0)",1,99.36666666666666,30424
"(0.9958333333333332, 0.9958333333333332)",2,99.36666666666666,30426
"(0.8833333333333333, 1.0)",1,99.36666666666666,30427
"(1.0, 1.0)",2,99.36666666666666,30429
"(0.9166666666666666, 1.0)",2,99.36666666666666,30431
"(0.75, 1.0)",1,99.36666666666666,30432
"(0.9833333333333332, 1.0)",1,99.36666666666666,30433
"(0.9708333333333332, 0.9958333333333332)",2,99.36250000000004,30435
"(0.9916666666666668, 0.9958333333333332)",1,99.36250000000004,30436
"(0.9791666666666666, 0.9958333333333332)",3,99.36250000000004,30439
"(0.9875, 0.9958333333333332)",1,99.36250000000004,30440
"(0.9666666666666668, 0.9958333333333332)",1,99.36250000000004,30441
"(0.975, 0.9958333333333332)",4,99.36250000000004,30445
"(0.9541666666666668, 0.9958333333333332)",1,99.36250000000004,30446
"(0.9875, 0.9958333333333332)",1,99.36250000000004,30447
"(1.0, 0.9958333333333332)",1,99.36250000000004,30448
"(0.9333333333333332, 0.9958333333333332)",2,99.36250000000004,30450
"(0.95, 0.9958333333333332)",1,99.36250000000004,30451
"(0.9833333333333332, 0.9958333333333332)",7,99.36250000000004,30458
"(0.9625, 0.9958333333333332)",2,99.36250000000004,30460
"(0.9916666666666668, 0.9958333333333332)",2,99.36250000000004,30462
"(0.9458333333333332, 0.9958333333333332)",4,99.36250000000004,30466
"(0.9708333333333332, 0.9958333333333332)",1,99.3625,30467
"(1.0, 0.9958333333333332)",2,99.3625,30469
"(0.9708333333333332, 1.0)",1,99.36249999999998,30470
"(0.9833333333333332, 1.0)",1,99.36249999999998,30471
"(0.75, 1.0)",1,99.36111111111111,30472
"(0.7361111111111112, 1.0)",5,99.36111111111111,30477
"(0.7638888888888888, 1.0)",4,99.36111111111111,30481
"(0.8194444444444444, 1.0)",1,99.36111111111111,30482
"(0.9583333333333334, 1.0)",1,99.36111111111111,30483
"(0.9305555555555556, 1.0)",5,99.36111111111111,30488
"(0.8611111111111112, 1.0)",7,99.36111111111111,30495
"(0.875, 1.0)",6,99.36111111111111,30501
"(0.9027777777777778, 1.0)",9,99.36111111111111,30510
"(0.7777777777777778, 1.0)",4,99.36111111111111,30514
"(0.8055555555555556, 1.0)",3,99.36111111111111,30517
"(0.6111111111111112, 1.0)",1,99.36111111111111,30518
"(0.9444444444444444, 1.0)",8,99.36111111111111,30526
"(0.9166666666666666, 1.0)",6,99.36111111111111,30532
"(0.8472222222222222, 1.0)",5,99.36111111111111,30537
"(0.7916666666666666, 1.0)",3,99.36111111111111,30540
"(0.625, 1.0)",2,99.36111111111111,30542
"(0.9722222222222222, 1.0)",2,99.36111111111111,30544
"(0.6944444444444444, 1.0)",1,99.36111111111111,30545
"(0.6805555555555556, 1.0)",1,99.36111111111111,30546
"(0.7083333333333334, 1.0)",4,99.36111111111111,30550
"(0.8888888888888888, 1.0)",3,99.36111111111111,30553
"(0.5972222222222222, 1.0)",1,99.36111111111111,30554
"(0.8333333333333334, 1.0)",13,99.36111111111111,30567
"(0.8888888888888888, 1.0)",2,99.3611111111111,30569
"(0.8611111111111112, 1.0)",1,99.3611111111111,30570
"(0.9444444444444444, 1.0)",1,99.3611111111111,30571
"(0.7906976744186046, 1.0)",1,99.36046511627907,30572
"(0.8372093023255814, 1.0)",1,99.36046511627907,30573
"(0.8837209302325582, 1.0)",1,99.36046511627907,30574
"(0.6162790697674418, 1.0)",1,99.36046511627907,30575
"(0.9186046511627908, 1.0)",2,99.36046511627907,30577
"(0.7325581395348837, 1.0)",1,99.36046511627907,30578
"(0.627906976744186, 1.0)",2,99.36046511627907,30580
"(0.5930232558139535, 1.0)",2,99.36046511627907,30582
"(0.6162790697674418, 1.0)",1,99.36046511627906,30583
"(0.9833333333333332, 0.9958333333333332)",1,99.35833333333342,30584
"(0.9875, 0.9958333333333332)",1,99.35833333333342,30585
"(0.9875, 0.9958333333333332)",1,99.3583333333334,30586
"(0.9916666666666668, 0.9958333333333332)",2,99.3583333333334,30588
"(0.9666666666666668, 0.9958333333333332)",1,99.3583333333334,30589
"(0.975, 0.9958333333333332)",1,99.3583333333334,30590
"(1.0, 0.9958333333333332)",1,99.3583333333334,30591
"(0.9875, 0.9958333333333332)",1,99.3583333333334,30592
"(0.9666666666666668, 0.9958333333333332)",1,99.3583333333334,30593
"(0.9708333333333332, 0.9958333333333332)",1,99.3583333333334,30594
"(0.975, 0.9958333333333332)",1,99.3583333333334,30595
"(0.9958333333333332, 0.9958333333333332)",2,99.35833333333338,30597
"(0.9791666666666666, 0.9958333333333332)",2,99.35833333333338,30599
"(0.9708333333333332, 0.9958333333333332)",1,99.35833333333338,30600
"(0.9041666666666668, 0.9958333333333332)",1,99.35833333333338,30601
"(0.9416666666666668, 0.9958333333333332)",1,99.35833333333338,30602
"(0.9, 0.9958333333333332)",1,99.35833333333338,30603
"(0.9625, 0.9958333333333332)",1,99.35833333333338,30604
"(0.9666666666666668, 0.9958333333333332)",1,99.35833333333338,30605
"(0.9875, 0.9958333333333332)",3,99.35833333333338,30608
"(0.9916666666666668, 0.9958333333333332)",2,99.35833333333338,30610
"(0.8875, 0.9958333333333332)",1,99.35833333333338,30611
"(1.0, 0.9958333333333332)",1,99.35833333333338,30612
"(0.9833333333333332, 0.9958333333333332)",3,99.35833333333338,30615
"(0.9708333333333332, 0.9958333333333332)",2,99.35833333333336,30617
"(0.9666666666666668, 0.9958333333333332)",3,99.35833333333336,30620
"(0.9916666666666668, 0.9958333333333332)",1,99.35833333333336,30621
"(0.9333333333333332, 0.9958333333333332)",1,99.35833333333336,30622
"(0.9875, 0.9958333333333332)",1,99.35833333333336,30623
"(0.9083333333333332, 0.9958333333333332)",1,99.35833333333336,30624
"(0.9791666666666666, 0.9958333333333332)",4,99.35833333333336,30628
"(1.0, 0.9958333333333332)",1,99.35833333333336,30629
"(0.9833333333333332, 0.9958333333333332)",2,99.35833333333336,30631
"(0.9458333333333332, 0.9958333333333332)",1,99.35833333333336,30632
"(0.975, 0.9958333333333332)",3,99.35833333333336,30635
"(0.9541666666666668, 0.9958333333333332)",1,99.35833333333336,30636
"(0.9958333333333332, 0.9958333333333332)",1,99.35416666666676,30637
"(0.9875, 0.9958333333333332)",1,99.35416666666674,30638
"(0.9666666666666668, 0.9958333333333332)",2,99.35416666666671,30640
"(0.9958333333333332, 0.9958333333333332)",1,99.35416666666671,30641
"(0.9833333333333332, 0.9958333333333332)",1,99.35416666666671,30642
"(0.9833333333333332, 0.9958333333333332)",5,99.35416666666671,30647
"(0.9875, 0.9958333333333332)",2,99.35416666666671,30649
"(0.975, 0.9958333333333332)",1,99.35416666666671,30650
"(0.9875, 0.9958333333333332)",1,99.35416666666671,30651
"(0.975, 0.9958333333333332)",2,99.35416666666671,30653
"(0.9791666666666666, 0.9958333333333332)",1,99.35416666666671,30654
"(0.9958333333333332, 0.9958333333333332)",1,99.3541666666667,30655
"(0.9625, 0.9958333333333332)",1,99.3541666666667,30656
"(0.925, 0.9958333333333332)",1,99.3541666666667,30657
"(0.9791666666666666, 0.9958333333333332)",4,99.3541666666667,30661
"(0.95, 0.9958333333333332)",1,99.3541666666667,30662
"(0.975, 0.9958333333333332)",4,99.3541666666667,30666
"(0.9916666666666668, 0.9958333333333332)",2,99.3541666666667,30668
"(0.9875, 0.9958333333333332)",3,99.3541666666667,30671
"(0.9375, 0.9958333333333332)",3,99.3541666666667,30674
"(0.9833333333333332, 0.9958333333333332)",4,99.3541666666667,30678
"(0.9208333333333332, 0.9958333333333332)",1,99.3541666666667,30679
"(0.9125, 0.9958333333333332)",1,99.3541666666667,30680
"(0.9833333333333332, 0.9958333333333332)",1,99.35416666666669,30681
"(0.9833333333333332, 0.9958333333333332)",1,99.35416666666669,30682
"(0.9833333333333332, 1.0)",1,99.35416666666669,30683
"(0.9791666666666666, 0.9958333333333332)",1,99.35416666666664,30684
"(0.9833333333333332, 0.9958333333333332)",1,99.35000000000008,30685
"(0.9833333333333332, 0.9958333333333332)",1,99.35000000000008,30686
"(1.0, 0.9958333333333332)",1,99.35000000000004,30687
"(0.9791666666666666, 0.9958333333333332)",5,99.35000000000004,30692
"(0.9625, 0.9958333333333332)",1,99.35000000000004,30693
"(0.9708333333333332, 0.9958333333333332)",2,99.35000000000004,30695
"(0.9916666666666668, 0.9958333333333332)",1,99.35000000000004,30696
"(0.975, 0.9958333333333332)",4,99.35000000000004,30700
"(0.9666666666666668, 0.9958333333333332)",2,99.35000000000004,30702
"(0.9875, 0.9958333333333332)",1,99.35000000000004,30703
"(0.9875, 0.9958333333333332)",6,99.35000000000004,30709
"(0.9541666666666668, 0.9958333333333332)",1,99.35000000000004,30710
"(0.9625, 0.9958333333333332)",2,99.35000000000004,30712
"(0.975, 0.9958333333333332)",2,99.35000000000004,30714
"(0.9833333333333332, 0.9958333333333332)",2,99.35000000000004,30716
"(0.9791666666666666, 0.9958333333333332)",1,99.35000000000004,30717
"(0.9958333333333332, 0.9958333333333332)",1,99.35000000000004,30718
"(0.9833333333333332, 0.9958333333333332)",1,99.35000000000004,30719
"(0.9708333333333332, 0.9958333333333332)",1,99.35000000000004,30720
"(0.8958333333333334, 0.9958333333333332)",1,99.35000000000004,30721
"(0.9666666666666668, 0.9958333333333332)",1,99.35000000000004,30722
"(0.9, 0.9833333333333332)",1,99.35000000000002,30723
"(1.0, 0.9833333333333332)",1,99.35000000000002,30724
"(0.9833333333333332, 1.0)",1,99.35000000000002,30725
"(0.8833333333333333, 1.0)",2,99.35000000000002,30727
"(0.9166666666666666, 1.0)",2,99.35000000000002,30729
"(0.9333333333333332, 1.0)",1,99.35000000000002,30730
"(0.95, 1.0)",1,99.35,30731
"(0.9375, 1.0)",1,99.35,30732
"(0.95, 1.0)",7,99.35,30739
"(0.8, 1.0)",8,99.35,30747
"(0.8666666666666667, 1.0)",15,99.35,30762
"(0.8333333333333334, 1.0)",18,99.35,30780
"(0.6666666666666666, 1.0)",3,99.35,30783
"(0.9666666666666668, 1.0)",9,99.35,30792
"(0.7333333333333333, 1.0)",1,99.35,30793
"(0.8, 1.0)",1,99.35,30794
"(0.85, 1.0)",1,99.35,30795
"(0.7833333333333333, 1.0)",5,99.35,30800
"(1.0, 1.0)",16,99.35,30816
"(0.7666666666666667, 1.0)",8,99.35,30824
"(0.9, 1.0)",16,99.35,30840
"(0.9833333333333332, 1.0)",13,99.35,30853
"(0.7, 1.0)",5,99.35,30858
"(0.7333333333333333, 0.9833333333333332)",1,99.35,30859
"(0.65, 1.0)",1,99.35,30860
"(0.75, 1.0)",5,99.35,30865
"(0.8166666666666667, 1.0)",10,99.35,30875
"(0.75, 0.9833333333333332)",1,99.35,30876
"(0.7333333333333333, 1.0)",6,99.35,30882
"(0.9166666666666666, 1.0)",11,99.35,30893
"(0.8833333333333333, 1.0)",17,99.35,30910
"(0.6833333333333333, 1.0)",10,99.35,30920
"(0.9166666666666666, 1.0)",2,99.35,30922
"(0.8833333333333333, 1.0)",7,99.35,30929
"(0.8166666666666667, 1.0)",1,99.35,30930
"(0.9333333333333332, 1.0)",13,99.35,30943
"(0.9833333333333332, 0.9958333333333332)",2,99.35,30945
"(0.85, 1.0)",18,99.35,30963
"(0.7166666666666667, 1.0)",22,99.35,30985
"(0.7906976744186046, 1.0)",1,99.34883720930232,30986
"(0.8488372093023255, 1.0)",2,99.34883720930232,30988
"(0.5930232558139535, 1.0)",3,99.34883720930232,30991
"(0.9186046511627908, 1.0)",1,99.34883720930232,30992
"(0.627906976744186, 1.0)",1,99.34883720930232,30993
"(0.7674418604651163, 1.0)",1,99.34883720930232,30994
"(0.872093023255814, 1.0)",3,99.34883720930232,30997
"(0.7441860465116279, 1.0)",1,99.34883720930232,30998
"(0.9418604651162792, 1.0)",1,99.34883720930232,30999
"(0.6162790697674418, 1.0)",1,99.34883720930232,31000
"(0.8372093023255814, 1.0)",2,99.34883720930232,31002
"(0.7083333333333334, 1.0)",5,99.34722222222224,31007
"(0.8055555555555556, 1.0)",4,99.34722222222224,31011
"(0.9444444444444444, 1.0)",5,99.34722222222224,31016
"(0.7916666666666666, 1.0)",1,99.34722222222224,31017
"(0.75, 1.0)",3,99.34722222222224,31020
"(0.8194444444444444, 1.0)",4,99.34722222222224,31024
"(0.9027777777777778, 1.0)",2,99.34722222222224,31026
"(0.7361111111111112, 1.0)",1,99.34722222222224,31027
"(0.8611111111111112, 1.0)",8,99.34722222222224,31035
"(0.9583333333333334, 1.0)",4,99.34722222222224,31039
"(0.7777777777777778, 1.0)",5,99.34722222222224,31044
"(0.5972222222222222, 1.0)",4,99.34722222222224,31048
"(0.9722222222222222, 1.0)",3,99.34722222222224,31051
"(0.8333333333333334, 1.0)",7,99.34722222222224,31058
"(0.625, 1.0)",1,99.34722222222224,31059
"(0.6805555555555556, 1.0)",1,99.34722222222224,31060
"(0.7638888888888888, 1.0)",4,99.34722222222224,31064
"(0.6944444444444444, 1.0)",5,99.34722222222224,31069
"(0.9305555555555556, 1.0)",5,99.34722222222224,31074
"(0.9166666666666666, 1.0)",4,99.34722222222224,31078
"(0.8888888888888888, 1.0)",1,99.3472222222222,31079
"(0.9305555555555556, 1.0)",2,99.3472222222222,31081
"(0.8611111111111112, 1.0)",2,99.3472222222222,31083
"(0.7638888888888888, 1.0)",5,99.3472222222222,31088
"(0.8055555555555556, 1.0)",2,99.3472222222222,31090
"(0.9583333333333334, 1.0)",1,99.3472222222222,31091
"(0.9166666666666666, 1.0)",4,99.3472222222222,31095
"(0.9027777777777778, 1.0)",1,99.3472222222222,31096
"(0.875, 1.0)",2,99.3472222222222,31098
"(0.9458333333333332, 0.9958333333333332)",1,99.3458333333334,31099
"(0.9875, 0.9958333333333332)",2,99.3458333333334,31101
"(0.9541666666666668, 0.9958333333333332)",1,99.3458333333334,31102
"(0.9583333333333334, 0.9958333333333332)",1,99.34583333333336,31103
"(0.9833333333333332, 0.9958333333333332)",3,99.34583333333336,31106
"(0.9958333333333332, 0.9958333333333332)",1,99.34583333333336,31107
"(0.9791666666666666, 0.9958333333333332)",1,99.34583333333336,31108
"(0.9541666666666668, 0.9958333333333332)",2,99.34583333333336,31110
"(0.875, 0.9958333333333332)",1,99.34583333333336,31111
"(0.9375, 0.9958333333333332)",2,99.34583333333336,31113
"(0.975, 0.9958333333333332)",1,99.34583333333336,31114
"(0.9875, 0.9958333333333332)",3,99.34583333333336,31117
"(0.9916666666666668, 0.9958333333333332)",5,99.34583333333336,31122
"(0.95, 0.9958333333333332)",2,99.34583333333336,31124
"(0.8666666666666667, 0.9958333333333332)",1,99.34583333333336,31125
"(0.9583333333333334, 0.9958333333333332)",1,99.34583333333336,31126
"(0.9791666666666666, 0.9958333333333332)",3,99.34583333333336,31129
"(0.9291666666666668, 0.9958333333333332)",1,99.34583333333336,31130
"(0.9666666666666668, 0.9958333333333332)",2,99.34583333333336,31132
"(0.9875, 0.9958333333333332)",3,99.34583333333336,31135
"(0.95, 0.9958333333333332)",2,99.34583333333336,31137
"(0.95, 0.9958333333333332)",1,99.34583333333332,31138
"(0.9833333333333332, 0.9958333333333332)",1,99.34166666666674,31139
"(0.875, 0.9958333333333332)",1,99.34166666666673,31140
"(0.9791666666666666, 0.9958333333333332)",1,99.34166666666673,31141
"(0.9875, 0.9958333333333332)",3,99.34166666666673,31144
"(0.975, 0.9958333333333332)",2,99.34166666666673,31146
"(0.9375, 0.9958333333333332)",1,99.34166666666673,31147
"(0.9833333333333332, 0.9958333333333332)",2,99.34166666666673,31149
"(0.9666666666666668, 0.9958333333333332)",1,99.34166666666673,31150
"(0.95, 0.9958333333333332)",1,99.34166666666673,31151
"(0.9916666666666668, 0.9958333333333332)",5,99.34166666666673,31156
"(0.9791666666666666, 0.9958333333333332)",1,99.34166666666673,31157
"(0.9875, 0.9958333333333332)",6,99.3416666666667,31163
"(0.9833333333333332, 0.9958333333333332)",1,99.3416666666667,31164
"(0.9916666666666668, 0.9958333333333332)",2,99.3416666666667,31166
"(0.95, 0.9958333333333332)",1,99.3416666666667,31167
"(0.9041666666666668, 0.9958333333333332)",1,99.3416666666667,31168
"(0.9125, 0.9958333333333332)",2,99.3416666666667,31170
"(0.9375, 0.9958333333333332)",2,99.3416666666667,31172
"(0.8541666666666666, 0.9958333333333332)",1,99.3416666666667,31173
"(0.9791666666666666, 0.9958333333333332)",3,99.3416666666667,31176
"(0.9708333333333332, 0.9958333333333332)",2,99.3416666666667,31178
"(0.9458333333333332, 0.9958333333333332)",1,99.3416666666667,31179
"(0.975, 0.9958333333333332)",2,99.3416666666667,31181
"(0.9833333333333332, 0.9958333333333332)",1,99.34166666666668,31182
"(0.9541666666666668, 0.9958333333333332)",2,99.34166666666668,31184
"(0.9833333333333332, 0.9958333333333332)",1,99.34166666666668,31185
"(0.9875, 0.9958333333333332)",1,99.33750000000008,31186
"(0.9833333333333332, 0.9958333333333332)",1,99.33750000000008,31187
"(0.9833333333333332, 0.9958333333333332)",1,99.33750000000006,31188
"(0.9791666666666666, 0.9958333333333332)",8,99.33750000000003,31196
"(0.9875, 0.9958333333333332)",3,99.33750000000003,31199
"(0.9791666666666666, 0.9958333333333332)",3,99.33750000000003,31202
"(0.8166666666666667, 0.9958333333333332)",1,99.33750000000003,31203
"(0.9083333333333332, 0.9958333333333332)",1,99.33750000000003,31204
"(0.9708333333333332, 0.9958333333333332)",1,99.33750000000003,31205
"(0.9833333333333332, 0.9958333333333332)",2,99.33750000000003,31207
"(1.0, 0.9958333333333332)",1,99.33750000000003,31208
"(0.975, 0.9958333333333332)",2,99.33750000000003,31210
"(0.9916666666666668, 0.9958333333333332)",2,99.33750000000003,31212
"(0.925, 0.9958333333333332)",1,99.33750000000003,31213
"(0.9875, 0.9958333333333332)",5,99.33750000000003,31218
"(0.9833333333333332, 0.9958333333333332)",3,99.33750000000003,31221
"(0.95, 0.9958333333333332)",1,99.33750000000003,31222
"(0.925, 0.9958333333333332)",1,99.33750000000003,31223
"(0.9666666666666668, 0.9958333333333332)",3,99.33750000000003,31226
"(0.9041666666666668, 0.9958333333333332)",1,99.33750000000003,31227
"(0.9541666666666668, 0.9958333333333332)",1,99.33750000000003,31228
"(0.9833333333333332, 0.9958333333333332)",1,99.33750000000002,31229
"(0.9833333333333332, 0.9958333333333332)",1,99.33749999999998,31230
"(0.627906976744186, 1.0)",1,99.3372093023256,31231
"(0.8837209302325582, 1.0)",1,99.3372093023256,31232
"(0.5930232558139535, 1.0)",2,99.3372093023256,31234
"(0.627906976744186, 1.0)",1,99.33720930232558,31235
"(0.7674418604651163, 1.0)",3,99.33720930232558,31238
"(0.7441860465116279, 1.0)",1,99.33720930232558,31239
"(0.872093023255814, 1.0)",3,99.33720930232558,31242
"(0.8255813953488372, 1.0)",1,99.33720930232558,31243
"(0.9375, 0.9958333333333332)",1,99.3333333333334,31244
"(0.9916666666666668, 0.9958333333333332)",1,99.3333333333334,31245
"(0.9833333333333332, 0.9958333333333332)",1,99.3333333333334,31246
"(0.9625, 0.9958333333333332)",1,99.3333333333334,31247
"(0.9833333333333332, 0.9958333333333332)",2,99.3333333333334,31249
"(0.9875, 0.9958333333333332)",2,99.3333333333334,31251
"(0.9916666666666668, 0.9958333333333332)",3,99.3333333333334,31254
"(0.975, 0.9958333333333332)",1,99.3333333333334,31255
"(0.9791666666666666, 0.9958333333333332)",1,99.3333333333334,31256
"(0.9875, 0.9958333333333332)",1,99.3333333333334,31257
"(0.975, 0.9958333333333332)",2,99.33333333333336,31259
"(0.9166666666666666, 1.0)",1,99.33333333333336,31260
"(0.9208333333333332, 0.9958333333333332)",2,99.33333333333336,31262
"(0.9791666666666666, 0.9958333333333332)",7,99.33333333333336,31269
"(0.9125, 0.9958333333333332)",1,99.33333333333336,31270
"(1.0, 0.9833333333333332)",2,99.33333333333336,31272
"(0.9, 0.9958333333333332)",2,99.33333333333336,31274
"(0.9333333333333332, 0.9833333333333332)",3,99.33333333333336,31277
"(0.9833333333333332, 0.9958333333333332)",4,99.33333333333336,31281
"(0.9541666666666668, 0.9958333333333332)",1,99.33333333333336,31282
"(0.95, 0.9833333333333332)",1,99.33333333333336,31283
"(0.9083333333333332, 0.9958333333333332)",2,99.33333333333336,31285
"(0.95, 0.9958333333333332)",1,99.33333333333336,31286
"(1.0, 1.0)",1,99.33333333333336,31287
"(0.9875, 0.9958333333333332)",1,99.33333333333336,31288
"(0.9583333333333334, 0.9958333333333332)",3,99.33333333333336,31291
"(0.925, 0.9958333333333332)",2,99.33333333333336,31293
"(0.9916666666666668, 0.9958333333333332)",2,99.33333333333336,31295
"(0.9958333333333332, 0.9958333333333332)",2,99.33333333333336,31297
"(0.7083333333333334, 1.0)",1,99.33333333333334,31298
"(0.8194444444444444, 1.0)",1,99.33333333333334,31299
"(0.9666666666666668, 1.0)",3,99.33333333333334,31302
"(0.9, 1.0)",2,99.33333333333334,31304
"(0.85, 1.0)",7,99.33333333333334,31311
"(0.8, 1.0)",3,99.33333333333334,31314
"(0.8611111111111112, 1.0)",5,99.33333333333334,31319
"(0.95, 1.0)",4,99.33333333333334,31323
"(0.7777777777777778, 1.0)",4,99.33333333333334,31327
"(0.8472222222222222, 1.0)",3,99.33333333333334,31330
"(0.7833333333333333, 1.0)",1,99.33333333333334,31331
"(0.8833333333333333, 0.9833333333333332)",1,99.33333333333334,31332
"(0.8166666666666667, 1.0)",7,99.33333333333334,31339
"(0.5972222222222222, 1.0)",1,99.33333333333334,31340
"(0.9444444444444444, 1.0)",2,99.33333333333334,31342
"(0.9, 0.9833333333333332)",1,99.33333333333334,31343
"(0.9333333333333332, 1.0)",12,99.33333333333334,31355
"(0.6666666666666666, 1.0)",1,99.33333333333334,31356
"(0.9027777777777778, 1.0)",2,99.33333333333334,31358
"(0.8055555555555556, 1.0)",2,99.33333333333334,31360
"(0.7638888888888888, 1.0)",1,99.33333333333334,31361
"(0.7, 1.0)",2,99.33333333333334,31363
"(0.7666666666666667, 1.0)",7,99.33333333333334,31370
"(0.9305555555555556, 1.0)",2,99.33333333333334,31372
"(0.75, 1.0)",5,99.33333333333334,31377
"(0.7166666666666667, 1.0)",4,99.33333333333334,31381
"(0.875, 1.0)",2,99.33333333333334,31383
"(0.6833333333333333, 1.0)",3,99.33333333333334,31386
"(0.8888888888888888, 1.0)",2,99.33333333333334,31388
"(1.0, 1.0)",4,99.33333333333334,31392
"(0.8333333333333334, 1.0)",12,99.33333333333334,31404
"(0.9166666666666666, 1.0)",11,99.33333333333334,31415
"(0.9833333333333332, 1.0)",8,99.33333333333334,31423
"(0.8833333333333333, 1.0)",9,99.33333333333334,31432
"(0.9583333333333334, 1.0)",1,99.33333333333334,31433
"(0.8666666666666667, 1.0)",11,99.33333333333334,31444
"(0.7361111111111112, 1.0)",4,99.33333333333334,31448
"(0.7333333333333333, 1.0)",1,99.33333333333334,31449
"(0.9666666666666668, 1.0)",4,99.33333333333331,31453
"(0.7083333333333334, 1.0)",14,99.33333333333331,31467
"(0.85, 1.0)",13,99.33333333333331,31480
"(0.7333333333333333, 1.0)",8,99.33333333333331,31488
"(0.8055555555555556, 1.0)",3,99.33333333333331,31491
"(1.0, 1.0)",19,99.33333333333331,31510
"(0.9833333333333332, 1.0)",6,99.33333333333331,31516
"(0.7666666666666667, 1.0)",1,99.33333333333331,31517
"(0.7361111111111112, 1.0)",1,99.33333333333331,31518
"(0.6805555555555556, 1.0)",1,99.33333333333331,31519
"(0.8166666666666667, 1.0)",7,99.33333333333331,31526
"(0.8666666666666667, 1.0)",9,99.33333333333331,31535
"(0.7638888888888888, 1.0)",4,99.33333333333331,31539
"(0.6944444444444444, 1.0)",1,99.33333333333331,31540
"(0.6166666666666667, 1.0)",1,99.33333333333331,31541
"(0.9027777777777778, 1.0)",4,99.33333333333331,31545
"(0.8833333333333333, 1.0)",9,99.33333333333331,31554
"(0.9444444444444444, 1.0)",8,99.33333333333331,31562
"(0.9305555555555556, 1.0)",5,99.33333333333331,31567
"(0.75, 1.0)",4,99.33333333333331,31571
"(0.9722222222222222, 1.0)",1,99.33333333333331,31572
"(0.8611111111111112, 1.0)",5,99.33333333333331,31577
"(0.7166666666666667, 1.0)",9,99.33333333333331,31586
"(0.9333333333333332, 1.0)",7,99.33333333333331,31593
"(0.8, 1.0)",4,99.33333333333331,31597
"(0.9583333333333334, 1.0)",2,99.33333333333331,31599
"(0.7777777777777778, 1.0)",1,99.33333333333331,31600
"(0.8333333333333334, 1.0)",10,99.33333333333331,31610
"(0.6833333333333333, 1.0)",3,99.33333333333331,31613
"(0.9166666666666666, 1.0)",14,99.33333333333331,31627
"(0.7916666666666666, 1.0)",2,99.33333333333331,31629
"(0.95, 1.0)",5,99.33333333333331,31634
"(0.8194444444444444, 1.0)",2,99.33333333333331,31636
"(0.875, 1.0)",3,99.33333333333331,31639
"(0.7833333333333333, 1.0)",5,99.33333333333331,31644
"(0.9, 1.0)",6,99.33333333333331,31650
"(0.6666666666666666, 1.0)",1,99.33333333333331,31651
"(0.9916666666666668, 0.9958333333333332)",2,99.3333333333333,31653
"(0.9833333333333332, 0.9958333333333332)",1,99.3333333333333,31654
"(0.9875, 0.9958333333333332)",1,99.32916666666678,31655
"(0.9833333333333332, 0.9958333333333332)",1,99.32916666666677,31656
"(0.9708333333333332, 0.9958333333333332)",1,99.32916666666674,31657
"(0.9791666666666666, 0.9958333333333332)",1,99.32916666666674,31658
"(0.9208333333333332, 0.9958333333333332)",1,99.32916666666672,31659
"(0.9875, 0.9958333333333332)",2,99.32916666666672,31661
"(0.9291666666666668, 0.9958333333333332)",1,99.32916666666672,31662
"(0.9708333333333332, 0.9958333333333332)",1,99.32916666666672,31663
"(0.975, 0.9958333333333332)",1,99.32916666666672,31664
"(0.9875, 0.9958333333333332)",1,99.32916666666672,31665
"(0.9666666666666668, 0.9958333333333332)",1,99.32916666666672,31666
"(0.9166666666666666, 0.9958333333333332)",1,99.32916666666672,31667
"(0.9791666666666666, 0.9958333333333332)",4,99.32916666666672,31671
"(0.9916666666666668, 0.9958333333333332)",3,99.32916666666672,31674
"(0.9625, 0.9958333333333332)",2,99.32916666666672,31676
"(0.9833333333333332, 0.9958333333333332)",2,99.32916666666672,31678
"(0.8541666666666666, 0.9958333333333332)",1,99.32916666666672,31679
"(0.95, 0.9958333333333332)",2,99.32916666666672,31681
"(0.95, 0.9958333333333332)",1,99.3291666666667,31682
"(0.975, 0.9958333333333332)",1,99.3291666666667,31683
"(0.9625, 0.9958333333333332)",1,99.3291666666667,31684
"(0.9791666666666666, 0.9958333333333332)",3,99.3291666666667,31687
"(0.9833333333333332, 0.9958333333333332)",2,99.3291666666667,31689
"(0.8666666666666667, 0.9958333333333332)",1,99.3291666666667,31690
"(0.9791666666666666, 1.0)",1,99.32916666666668,31691
"(0.9916666666666668, 0.9958333333333332)",1,99.32916666666664,31692
"(0.872093023255814, 1.0)",4,99.32558139534883,31696
"(0.6162790697674418, 1.0)",2,99.32558139534883,31698
"(0.7906976744186046, 1.0)",2,99.32558139534883,31700
"(0.5930232558139535, 1.0)",4,99.32558139534883,31704
"(0.9186046511627908, 1.0)",2,99.32558139534883,31706
"(0.8837209302325582, 1.0)",1,99.32558139534883,31707
"(0.4883720930232558, 1.0)",2,99.32558139534883,31709
"(0.8488372093023255, 1.0)",2,99.32558139534883,31711
"(0.7441860465116279, 1.0)",1,99.32558139534883,31712
"(0.627906976744186, 1.0)",2,99.32558139534883,31714
"(0.8488372093023255, 1.0)",1,99.32558139534882,31715
"(0.9791666666666666, 0.9958333333333332)",1,99.32500000000007,31716
"(0.95, 0.9958333333333332)",1,99.32500000000007,31717
"(0.9833333333333332, 0.9958333333333332)",1,99.32500000000007,31718
"(0.9875, 0.9958333333333332)",1,99.32500000000006,31719
"(0.9583333333333334, 0.9958333333333332)",2,99.32500000000006,31721
"(0.975, 0.9958333333333332)",2,99.32500000000006,31723
"(0.9833333333333332, 0.9958333333333332)",1,99.32500000000006,31724
"(0.95, 0.9958333333333332)",1,99.32500000000005,31725
"(0.9166666666666666, 0.9958333333333332)",1,99.32500000000005,31726
"(0.9916666666666668, 0.9958333333333332)",1,99.32500000000005,31727
"(0.9625, 0.9958333333333332)",3,99.32500000000005,31730
"(0.8625, 0.9958333333333332)",3,99.32500000000005,31733
"(0.9875, 0.9958333333333332)",1,99.32500000000005,31734
"(0.9916666666666668, 0.9958333333333332)",1,99.32500000000005,31735
"(0.9875, 0.9958333333333332)",3,99.32500000000005,31738
"(0.9833333333333332, 0.9958333333333332)",2,99.32500000000005,31740
"(0.9333333333333332, 0.9958333333333332)",1,99.32500000000005,31741
"(0.9791666666666666, 0.9958333333333332)",3,99.32500000000005,31744
"(0.9166666666666666, 0.9958333333333332)",1,99.32500000000005,31745
"(0.9833333333333332, 0.9958333333333332)",2,99.32500000000005,31747
"(0.9375, 0.9958333333333332)",1,99.32500000000005,31748
"(0.9583333333333334, 0.9958333333333332)",3,99.32500000000005,31751
"(0.9791666666666666, 0.9958333333333332)",3,99.32500000000005,31754
"(0.9625, 0.9958333333333332)",3,99.32500000000005,31757
"(0.9541666666666668, 0.9958333333333332)",1,99.32500000000005,31758
"(0.9, 0.9958333333333332)",1,99.32500000000005,31759
"(1.0, 1.0)",1,99.32500000000002,31760
"(0.95, 0.9958333333333332)",1,99.325,31761
"(0.9375, 0.9958333333333332)",1,99.325,31762
"(0.975, 1.0)",1,99.325,31763
"(0.9833333333333332, 0.9958333333333332)",1,99.325,31764
"(0.9958333333333332, 1.0)",1,99.325,31765
"(0.9833333333333332, 0.9958333333333332)",1,99.32499999999992,31766
"(0.9625, 0.9958333333333332)",1,99.3208333333334,31767
"(0.9875, 0.9958333333333332)",1,99.3208333333334,31768
"(0.9791666666666666, 0.9958333333333332)",3,99.3208333333334,31771
"(0.975, 0.9958333333333332)",1,99.3208333333334,31772
"(0.9833333333333332, 0.9958333333333332)",1,99.3208333333334,31773
"(0.9916666666666668, 0.9958333333333332)",1,99.32083333333338,31774
"(0.975, 0.9958333333333332)",1,99.32083333333338,31775
"(0.9833333333333332, 0.9958333333333332)",1,99.32083333333338,31776
"(0.9625, 0.9958333333333332)",2,99.32083333333338,31778
"(0.9875, 0.9958333333333332)",1,99.32083333333338,31779
"(0.9666666666666668, 0.9958333333333332)",2,99.32083333333338,31781
"(0.9791666666666666, 0.9958333333333332)",2,99.32083333333338,31783
"(0.9875, 0.9958333333333332)",1,99.32083333333335,31784
"(0.9208333333333332, 0.9958333333333332)",1,99.32083333333335,31785
"(0.9708333333333332, 0.9958333333333332)",2,99.32083333333335,31787
"(0.8666666666666667, 0.9958333333333332)",1,99.32083333333335,31788
"(0.9833333333333332, 0.9958333333333332)",1,99.32083333333335,31789
"(0.9541666666666668, 0.9958333333333332)",1,99.32083333333335,31790
"(0.9333333333333332, 0.9958333333333332)",1,99.32083333333335,31791
"(0.9916666666666668, 0.9958333333333332)",1,99.32083333333335,31792
"(0.975, 0.9958333333333332)",3,99.32083333333335,31795
"(0.8791666666666667, 0.9958333333333332)",1,99.32083333333335,31796
"(0.95, 0.9958333333333332)",3,99.32083333333335,31799
"(0.925, 0.9958333333333332)",1,99.32083333333335,31800
"(0.9791666666666666, 0.9958333333333332)",3,99.32083333333335,31803
"(0.9791666666666666, 0.9958333333333332)",2,99.32083333333334,31805
"(0.975, 1.0)",1,99.32083333333334,31806
"(0.9833333333333332, 0.9958333333333332)",1,99.32083333333328,31807
"(0.9305555555555556, 1.0)",4,99.31944444444444,31811
"(0.8888888888888888, 1.0)",6,99.31944444444444,31817
"(0.9583333333333334, 1.0)",4,99.31944444444444,31821
"(0.875, 1.0)",3,99.31944444444444,31824
"(0.7083333333333334, 1.0)",7,99.31944444444444,31831
"(0.8333333333333334, 1.0)",10,99.31944444444444,31841
"(0.7638888888888888, 1.0)",2,99.31944444444444,31843
"(0.8611111111111112, 1.0)",3,99.31944444444444,31846
"(0.8194444444444444, 1.0)",13,99.31944444444444,31859
"(0.8055555555555556, 1.0)",4,99.31944444444444,31863
"(0.9722222222222222, 1.0)",2,99.31944444444444,31865
"(0.6944444444444444, 1.0)",1,99.31944444444444,31866
"(0.8333333333333334, 0.9861111111111112)",1,99.31944444444444,31867
"(0.9444444444444444, 1.0)",3,99.31944444444444,31870
"(0.7361111111111112, 1.0)",1,99.31944444444444,31871
"(0.7916666666666666, 1.0)",2,99.31944444444444,31873
"(0.75, 1.0)",2,99.31944444444444,31875
"(0.9027777777777778, 1.0)",10,99.31944444444444,31885
"(0.6111111111111112, 1.0)",3,99.31944444444444,31888
"(0.7777777777777778, 1.0)",5,99.31944444444444,31893
"(0.9875, 0.9958333333333332)",1,99.31666666666676,31894
"(0.9791666666666666, 0.9958333333333332)",1,99.31666666666676,31895
"(0.9833333333333332, 0.9958333333333332)",1,99.31666666666672,31896
"(0.9625, 0.9958333333333332)",1,99.31666666666672,31897
"(0.9791666666666666, 0.9958333333333332)",1,99.31666666666672,31898
"(0.975, 0.9958333333333332)",1,99.31666666666672,31899
"(0.9791666666666666, 0.9958333333333332)",1,99.31666666666672,31900
"(0.9958333333333332, 0.9958333333333332)",1,99.31666666666672,31901
"(0.9166666666666666, 0.9958333333333332)",1,99.3166666666667,31902
"(0.9833333333333332, 0.9958333333333332)",3,99.3166666666667,31905
"(0.8541666666666666, 0.9958333333333332)",1,99.3166666666667,31906
"(0.9291666666666668, 0.9958333333333332)",2,99.3166666666667,31908
"(1.0, 0.9958333333333332)",2,99.3166666666667,31910
"(0.9208333333333332, 0.9958333333333332)",2,99.3166666666667,31912
"(0.95, 0.9958333333333332)",2,99.3166666666667,31914
"(0.9875, 0.9958333333333332)",3,99.3166666666667,31917
"(0.8916666666666667, 0.9958333333333332)",1,99.3166666666667,31918
"(0.8625, 0.9958333333333332)",1,99.3166666666667,31919
"(0.975, 0.9958333333333332)",1,99.3166666666667,31920
"(0.8958333333333334, 0.9958333333333332)",1,99.3166666666667,31921
"(0.85, 0.9958333333333332)",1,99.3166666666667,31922
"(0.9666666666666668, 0.9958333333333332)",2,99.3166666666667,31924
"(0.9916666666666668, 0.9958333333333332)",2,99.3166666666667,31926
"(0.9791666666666666, 0.9958333333333332)",2,99.3166666666667,31928
"(0.8666666666666667, 1.0)",1,99.31666666666668,31929
"(0.85, 1.0)",3,99.31666666666668,31932
"(0.7833333333333333, 1.0)",1,99.31666666666668,31933
"(1.0, 1.0)",1,99.31666666666668,31934
"(0.9791666666666666, 0.9958333333333332)",1,99.31666666666668,31935
"(1.0, 0.9833333333333332)",1,99.31666666666668,31936
"(0.6666666666666666, 1.0)",2,99.31666666666668,31938
"(0.9833333333333332, 1.0)",1,99.31666666666668,31939
"(0.8833333333333333, 1.0)",2,99.31666666666668,31941
"(1.0, 0.9833333333333332)",6,99.31666666666668,31947
"(0.9875, 0.9958333333333332)",1,99.31666666666668,31948
"(0.9666666666666668, 0.9833333333333332)",1,99.31666666666668,31949
"(0.8, 1.0)",1,99.31666666666668,31950
"(0.9166666666666666, 0.9833333333333332)",1,99.31666666666668,31951
"(0.9333333333333332, 1.0)",8,99.31666666666668,31959
"(0.9666666666666668, 1.0)",2,99.31666666666668,31961
"(0.9166666666666666, 0.9833333333333332)",1,99.31666666666668,31962
"(0.8833333333333333, 1.0)",1,99.31666666666668,31963
"(0.8333333333333334, 1.0)",3,99.31666666666668,31966
"(0.95, 1.0)",1,99.31666666666668,31967
"(0.8333333333333334, 1.0)",11,99.31666666666666,31978
"(0.7, 1.0)",6,99.31666666666666,31984
"(0.8666666666666667, 1.0)",16,99.31666666666666,32000
"(0.6, 1.0)",1,99.31666666666666,32001
"(0.95, 1.0)",2,99.31666666666666,32003
"(0.9333333333333332, 1.0)",13,99.31666666666666,32016
"(0.9166666666666666, 1.0)",10,99.31666666666666,32026
"(0.85, 1.0)",10,99.31666666666666,32036
"(0.8166666666666667, 1.0)",10,99.31666666666666,32046
"(0.7333333333333333, 1.0)",5,99.31666666666666,32051
"(0.9, 1.0)",14,99.31666666666666,32065
"(0.7833333333333333, 1.0)",4,99.31666666666666,32069
"(0.6666666666666666, 1.0)",2,99.31666666666666,32071
"(0.6833333333333333, 1.0)",6,99.31666666666666,32077
"(1.0, 1.0)",26,99.31666666666666,32103
"(0.7666666666666667, 1.0)",4,99.31666666666666,32107
"(0.9833333333333332, 1.0)",29,99.31666666666666,32136
"(0.8833333333333333, 1.0)",13,99.31666666666666,32149
"(0.8, 1.0)",8,99.31666666666666,32157
"(0.75, 1.0)",8,99.31666666666666,32165
"(0.7166666666666667, 1.0)",21,99.31666666666666,32186
"(0.9666666666666668, 1.0)",4,99.31666666666666,32190
"(0.9875, 0.9958333333333332)",1,99.3166666666666,32191
"(0.7441860465116279, 1.0)",1,99.31395348837208,32192
"(0.5930232558139535, 1.0)",1,99.31395348837208,32193
"(0.872093023255814, 1.0)",1,99.31395348837208,32194
"(0.6162790697674418, 1.0)",3,99.31395348837208,32197
"(0.7674418604651163, 1.0)",6,99.31395348837208,32203
"(0.9186046511627908, 1.0)",1,99.31395348837208,32204
"(0.9186046511627908, 1.0)",1,99.31395348837208,32205
"(0.8372093023255814, 1.0)",1,99.31395348837208,32206
"(0.627906976744186, 1.0)",1,99.31395348837208,32207
"(0.975, 0.9958333333333332)",1,99.31250000000011,32208
"(0.9708333333333332, 0.9958333333333332)",1,99.31250000000009,32209
"(0.9458333333333332, 0.9958333333333332)",1,99.31250000000009,32210
"(0.9875, 0.9958333333333332)",1,99.31250000000009,32211
"(0.9916666666666668, 0.9958333333333332)",1,99.31250000000009,32212
"(0.9833333333333332, 0.9958333333333332)",1,99.31250000000006,32213
"(0.9875, 0.9958333333333332)",1,99.31250000000006,32214
"(0.9583333333333334, 0.9958333333333332)",1,99.31250000000006,32215
"(0.975, 0.9958333333333332)",1,99.31250000000006,32216
"(0.9833333333333332, 0.9958333333333332)",1,99.31250000000004,32217
"(0.8541666666666666, 0.9958333333333332)",1,99.31250000000004,32218
"(0.975, 0.9958333333333332)",1,99.31250000000004,32219
"(0.9291666666666668, 0.9958333333333332)",2,99.31250000000004,32221
"(0.95, 0.9958333333333332)",1,99.31250000000004,32222
"(0.9875, 0.9958333333333332)",2,99.31250000000004,32224
"(0.9375, 0.9958333333333332)",2,99.31250000000004,32226
"(0.9875, 0.9958333333333332)",4,99.31250000000004,32230
"(0.9791666666666666, 0.9958333333333332)",3,99.31250000000004,32233
"(0.9833333333333332, 0.9958333333333332)",1,99.31250000000004,32234
"(0.9208333333333332, 0.9958333333333332)",3,99.31250000000004,32237
"(0.975, 0.9958333333333332)",2,99.31250000000004,32239
"(0.9625, 0.9958333333333332)",1,99.31250000000004,32240
"(0.9916666666666668, 0.9958333333333332)",1,99.31250000000004,32241
"(0.85, 0.9958333333333332)",2,99.31250000000004,32243
"(0.9708333333333332, 0.9958333333333332)",1,99.31250000000004,32244
"(0.9125, 0.9958333333333332)",1,99.31250000000004,32245
"(0.95, 0.9958333333333332)",3,99.31250000000004,32248
"(0.9833333333333332, 1.0)",1,99.3125,32249
"(0.9833333333333332, 0.9958333333333332)",3,99.3125,32252
"(0.975, 1.0)",1,99.3125,32253
"(1.0, 0.9958333333333332)",2,99.3125,32255
"(0.9916666666666668, 0.9958333333333332)",1,99.31249999999996,32256
"(0.95, 0.9958333333333332)",1,99.30833333333344,32257
"(0.9583333333333334, 0.9958333333333332)",1,99.3083333333334,32258
"(0.9458333333333332, 0.9958333333333332)",1,99.3083333333334,32259
"(0.9833333333333332, 0.9958333333333332)",2,99.3083333333334,32261
"(0.9666666666666668, 0.9958333333333332)",1,99.3083333333334,32262
"(0.9958333333333332, 0.9958333333333332)",1,99.3083333333334,32263
"(0.9583333333333334, 0.9958333333333332)",1,99.30833333333338,32264
"(0.95, 0.9958333333333332)",2,99.30833333333338,32266
"(0.9125, 0.9958333333333332)",1,99.30833333333338,32267
"(0.9875, 0.9958333333333332)",1,99.30833333333338,32268
"(0.9458333333333332, 0.9958333333333332)",2,99.30833333333338,32270
"(0.975, 0.9958333333333332)",2,99.30833333333338,32272
"(0.9833333333333332, 0.9958333333333332)",1,99.30833333333338,32273
"(0.9916666666666668, 0.9958333333333332)",2,99.30833333333337,32275
"(0.9625, 0.9958333333333332)",2,99.30833333333337,32277
"(0.9791666666666666, 0.9958333333333332)",3,99.30833333333337,32280
"(0.9208333333333332, 0.9958333333333332)",1,99.30833333333337,32281
"(0.9708333333333332, 0.9958333333333332)",1,99.30833333333337,32282
"(1.0, 0.9958333333333332)",2,99.30833333333337,32284
"(0.9083333333333332, 0.9958333333333332)",1,99.30833333333337,32285
"(0.975, 0.9958333333333332)",3,99.30833333333337,32288
"(0.9666666666666668, 0.9958333333333332)",1,99.30833333333337,32289
"(0.9041666666666668, 0.9958333333333332)",1,99.30833333333337,32290
"(0.9875, 0.9958333333333332)",4,99.30833333333337,32294
"(0.95, 0.9958333333333332)",1,99.30833333333337,32295
"(0.9458333333333332, 0.9958333333333332)",1,99.30833333333337,32296
"(0.975, 1.0)",1,99.30833333333334,32297
"(0.9833333333333332, 0.9958333333333332)",2,99.30833333333334,32299
"(0.9958333333333332, 1.0)",1,99.30833333333334,32300
"(0.9875, 1.0)",1,99.30833333333332,32301
"(0.9833333333333332, 0.9958333333333332)",1,99.30833333333332,32302
"(0.8194444444444444, 1.0)",3,99.30555555555556,32305
"(0.8055555555555556, 1.0)",5,99.30555555555556,32310
"(0.7083333333333334, 1.0)",7,99.30555555555556,32317
"(0.7777777777777778, 1.0)",6,99.30555555555556,32323
"(0.9305555555555556, 1.0)",8,99.30555555555556,32331
"(0.6944444444444444, 1.0)",5,99.30555555555556,32336
"(0.6805555555555556, 1.0)",1,99.30555555555556,32337
"(0.8472222222222222, 1.0)",1,99.30555555555556,32338
"(0.8333333333333334, 1.0)",12,99.30555555555556,32350
"(0.9166666666666666, 1.0)",4,99.30555555555556,32354
"(0.9583333333333334, 1.0)",4,99.30555555555556,32358
"(0.75, 1.0)",8,99.30555555555556,32366
"(0.875, 1.0)",6,99.30555555555556,32372
"(0.8611111111111112, 1.0)",6,99.30555555555556,32378
"(0.7638888888888888, 1.0)",5,99.30555555555556,32383
"(0.7916666666666666, 1.0)",1,99.30555555555556,32384
"(0.5972222222222222, 1.0)",2,99.30555555555556,32386
"(0.9444444444444444, 1.0)",5,99.30555555555556,32391
"(0.625, 1.0)",2,99.30555555555556,32393
"(0.9027777777777778, 1.0)",5,99.30555555555556,32398
"(0.8888888888888888, 1.0)",1,99.30555555555556,32399
"(0.7361111111111112, 1.0)",4,99.30555555555556,32403
"(0.9166666666666666, 1.0)",4,99.30555555555554,32407
"(0.8333333333333334, 1.0)",1,99.30555555555554,32408
"(0.9791666666666666, 0.9958333333333332)",1,99.30416666666676,32409
"(0.9875, 0.9958333333333332)",1,99.30416666666676,32410
"(0.9916666666666668, 0.9958333333333332)",1,99.30416666666672,32411
"(0.9458333333333332, 0.9958333333333332)",1,99.30416666666672,32412
"(0.9875, 0.9958333333333332)",2,99.30416666666672,32414
"(0.9583333333333334, 0.9958333333333332)",1,99.30416666666672,32415
"(0.9833333333333332, 0.9958333333333332)",1,99.30416666666672,32416
"(0.9583333333333334, 0.9958333333333332)",1,99.30416666666672,32417
"(0.9875, 0.9958333333333332)",1,99.30416666666672,32418
"(0.9833333333333332, 0.9958333333333332)",1,99.30416666666672,32419
"(0.975, 0.9958333333333332)",3,99.3041666666667,32422
"(0.9291666666666668, 0.9958333333333332)",2,99.3041666666667,32424
"(0.9541666666666668, 0.9958333333333332)",2,99.3041666666667,32426
"(0.9625, 0.9958333333333332)",1,99.3041666666667,32427
"(0.9875, 0.9958333333333332)",4,99.3041666666667,32431
"(0.9333333333333332, 0.9958333333333332)",3,99.3041666666667,32434
"(0.9708333333333332, 0.9958333333333332)",1,99.3041666666667,32435
"(0.9125, 0.9958333333333332)",2,99.3041666666667,32437
"(1.0, 0.9958333333333332)",1,99.3041666666667,32438
"(0.9791666666666666, 0.9958333333333332)",2,99.3041666666667,32440
"(0.95, 0.9958333333333332)",3,99.3041666666667,32443
"(0.9833333333333332, 0.9958333333333332)",1,99.3041666666667,32444
"(0.9375, 0.9958333333333332)",2,99.3041666666667,32446
"(0.9916666666666668, 0.9958333333333332)",2,99.3041666666667,32448
"(0.8958333333333334, 0.9958333333333332)",1,99.3041666666667,32449
"(0.9958333333333332, 0.9958333333333332)",1,99.3041666666667,32450
"(0.9875, 0.9958333333333332)",2,99.30416666666667,32452
"(1.0, 1.0)",1,99.30416666666667,32453
"(0.9833333333333332, 1.0)",1,99.30416666666665,32454
"(0.7093023255813954, 1.0)",1,99.30232558139537,32455
"(0.4651162790697674, 1.0)",1,99.30232558139537,32456
"(0.8255813953488372, 1.0)",2,99.30232558139537,32458
"(0.8488372093023255, 1.0)",2,99.30232558139537,32460
"(0.4883720930232558, 1.0)",1,99.30232558139537,32461
"(0.7674418604651163, 1.0)",3,99.30232558139537,32464
"(0.7441860465116279, 1.0)",1,99.30232558139537,32465
"(0.6162790697674418, 1.0)",1,99.30232558139537,32466
"(0.6627906976744186, 1.0)",1,99.30232558139537,32467
"(0.8837209302325582, 1.0)",1,99.30232558139534,32468
"(0.8255813953488372, 1.0)",4,99.30232558139534,32472
"(0.7906976744186046, 1.0)",1,99.30232558139534,32473
"(0.5930232558139535, 1.0)",1,99.30232558139534,32474
"(0.9625, 0.9958333333333332)",1,99.3000000000001,32475
"(0.9791666666666666, 0.9958333333333332)",1,99.3000000000001,32476
"(0.975, 0.9958333333333332)",1,99.30000000000008,32477
"(0.9416666666666668, 0.9958333333333332)",1,99.30000000000008,32478
"(0.9916666666666668, 0.9958333333333332)",1,99.30000000000008,32479
"(0.9875, 0.9958333333333332)",1,99.30000000000008,32480
"(0.9791666666666666, 0.9958333333333332)",2,99.30000000000008,32482
"(0.9875, 0.9958333333333332)",1,99.30000000000008,32483
"(0.9708333333333332, 0.9958333333333332)",1,99.30000000000004,32484
"(0.95, 0.9833333333333332)",1,99.30000000000004,32485
"(0.9833333333333332, 0.9958333333333332)",5,99.30000000000004,32490
"(0.975, 0.9958333333333332)",1,99.30000000000004,32491
"(0.9208333333333332, 0.9958333333333332)",2,99.30000000000004,32493
"(0.9916666666666668, 0.9958333333333332)",1,99.30000000000004,32494
"(0.9875, 0.9958333333333332)",2,99.30000000000004,32496
"(0.9875, 0.9958333333333332)",1,99.30000000000004,32497
"(0.9916666666666668, 0.9958333333333332)",1,99.30000000000004,32498
"(0.8375, 0.9958333333333332)",1,99.30000000000004,32499
"(0.975, 0.9958333333333332)",2,99.30000000000004,32501
"(0.9375, 0.9958333333333332)",3,99.30000000000004,32504
"(0.9833333333333332, 0.9958333333333332)",1,99.30000000000004,32505
"(0.9666666666666668, 0.9958333333333332)",2,99.30000000000004,32507
"(0.9, 1.0)",1,99.30000000000004,32508
"(0.9916666666666668, 0.9958333333333332)",1,99.30000000000004,32509
"(0.9458333333333332, 0.9958333333333332)",1,99.30000000000004,32510
"(1.0, 1.0)",1,99.30000000000004,32511
"(0.9625, 0.9958333333333332)",2,99.30000000000004,32513
"(0.7333333333333333, 0.9833333333333332)",2,99.30000000000004,32515
"(0.9791666666666666, 0.9958333333333332)",1,99.30000000000004,32516
"(0.9166666666666666, 1.0)",1,99.30000000000004,32517
"(0.975, 0.9958333333333332)",1,99.30000000000004,32518
"(0.7, 1.0)",2,99.3,32520
"(0.8666666666666667, 1.0)",5,99.3,32525
"(0.9, 1.0)",17,99.3,32542
"(0.7166666666666667, 1.0)",6,99.3,32548
"(0.8833333333333333, 1.0)",17,99.3,32565
"(1.0, 1.0)",17,99.3,32582
"(0.75, 1.0)",5,99.3,32587
"(0.8666666666666667, 1.0)",15,99.3,32602
"(0.6666666666666666, 1.0)",2,99.3,32604
"(0.85, 1.0)",1,99.3,32605
"(0.8333333333333334, 1.0)",19,99.3,32624
"(0.8, 1.0)",13,99.3,32637
"(0.9666666666666668, 1.0)",4,99.3,32641
"(0.9, 1.0)",2,99.3,32643
"(0.9666666666666668, 1.0)",8,99.3,32651
"(1.0, 1.0)",2,99.3,32653
"(0.95, 1.0)",5,99.3,32658
"(0.8166666666666667, 1.0)",6,99.3,32664
"(0.7333333333333333, 1.0)",11,99.3,32675
"(0.9166666666666666, 1.0)",5,99.3,32680
"(0.7333333333333333, 1.0)",1,99.3,32681
"(0.9875, 0.9958333333333332)",2,99.3,32683
"(0.95, 1.0)",2,99.3,32685
"(0.9833333333333332, 1.0)",23,99.3,32708
"(0.9333333333333332, 1.0)",9,99.3,32717
"(0.9166666666666666, 1.0)",11,99.3,32728
"(0.6666666666666666, 1.0)",1,99.3,32729
"(0.85, 1.0)",15,99.3,32744
"(0.7833333333333333, 1.0)",4,99.3,32748
"(0.9333333333333332, 1.0)",2,99.3,32750
"(0.9958333333333332, 0.9958333333333332)",1,99.3,32751
"(0.7666666666666667, 1.0)",1,99.3,32752
"(0.7166666666666667, 1.0)",2,99.3,32754
"(0.7666666666666667, 1.0)",13,99.3,32767
"(1.0, 1.0)",1,99.29999999999998,32768
"(0.9583333333333334, 0.9958333333333332)",1,99.29583333333342,32769
"(0.9791666666666666, 0.9958333333333332)",3,99.2958333333334,32772
"(0.9833333333333332, 0.9958333333333332)",1,99.2958333333334,32773
"(0.9875, 0.9958333333333332)",1,99.2958333333334,32774
"(0.9875, 0.9958333333333332)",3,99.2958333333334,32777
"(1.0, 0.9958333333333332)",1,99.2958333333334,32778
"(0.9833333333333332, 0.9958333333333332)",3,99.29583333333338,32781
"(0.9791666666666666, 0.9958333333333332)",1,99.29583333333338,32782
"(0.9541666666666668, 0.9958333333333332)",1,99.29583333333338,32783
"(0.9333333333333332, 0.9958333333333332)",2,99.29583333333338,32785
"(0.9375, 0.9958333333333332)",2,99.29583333333338,32787
"(0.9916666666666668, 0.9958333333333332)",3,99.29583333333338,32790
"(0.8708333333333333, 0.9958333333333332)",1,99.29583333333338,32791
"(0.95, 0.9958333333333332)",2,99.29583333333338,32793
"(0.9625, 0.9958333333333332)",1,99.29583333333338,32794
"(0.9875, 0.9958333333333332)",3,99.29583333333338,32797
"(0.975, 0.9958333333333332)",2,99.29583333333338,32799
"(0.9958333333333332, 0.9958333333333332)",1,99.29583333333338,32800
"(0.925, 0.9958333333333332)",4,99.29583333333338,32804
"(0.925, 0.9958333333333332)",1,99.29583333333336,32805
"(0.9875, 0.9958333333333332)",1,99.29583333333336,32806
"(0.9541666666666668, 0.9958333333333332)",1,99.29583333333336,32807
"(0.9708333333333332, 0.9958333333333332)",1,99.29583333333336,32808
"(0.975, 0.9958333333333332)",2,99.29583333333336,32810
"(0.95, 0.9958333333333332)",1,99.29583333333336,32811
"(0.9625, 0.9958333333333332)",1,99.29583333333336,32812
"(0.9833333333333332, 0.9958333333333332)",2,99.29583333333336,32814
"(1.0, 0.9958333333333332)",1,99.29583333333336,32815
"(0.9666666666666668, 0.9958333333333332)",2,99.29583333333336,32817
"(0.9083333333333332, 0.9958333333333332)",2,99.29583333333336,32819
"(0.9291666666666668, 0.9958333333333332)",2,99.29583333333336,32821
"(0.9791666666666666, 0.9958333333333332)",1,99.29166666666676,32822
"(0.9833333333333332, 0.9958333333333332)",1,99.29166666666676,32823
"(0.975, 0.9958333333333332)",1,99.29166666666674,32824
"(0.95, 0.9958333333333332)",1,99.29166666666671,32825
"(0.9166666666666666, 0.9958333333333332)",1,99.29166666666671,32826
"(0.9375, 0.9958333333333332)",1,99.29166666666671,32827
"(0.9833333333333332, 0.9958333333333332)",2,99.29166666666671,32829
"(0.9625, 0.9958333333333332)",1,99.29166666666671,32830
"(0.9583333333333334, 0.9958333333333332)",1,99.29166666666671,32831
"(0.975, 0.9958333333333332)",1,99.29166666666671,32832
"(0.9125, 0.9958333333333332)",1,99.29166666666671,32833
"(0.9291666666666668, 0.9958333333333332)",1,99.29166666666671,32834
"(0.9916666666666668, 0.9958333333333332)",1,99.29166666666671,32835
"(0.9875, 0.9958333333333332)",2,99.29166666666671,32837
"(0.9875, 0.9958333333333332)",2,99.29166666666671,32839
"(0.9708333333333332, 0.9958333333333332)",1,99.29166666666671,32840
"(0.8666666666666667, 0.9958333333333332)",1,99.2916666666667,32841
"(0.9708333333333332, 0.9958333333333332)",3,99.2916666666667,32844
"(0.8375, 0.9958333333333332)",2,99.2916666666667,32846
"(0.95, 0.9958333333333332)",2,99.2916666666667,32848
"(0.8625, 0.9958333333333332)",1,99.2916666666667,32849
"(0.9916666666666668, 0.9958333333333332)",2,99.2916666666667,32851
"(0.9833333333333332, 0.9958333333333332)",2,99.2916666666667,32853
"(0.9, 0.9958333333333332)",1,99.2916666666667,32854
"(0.9583333333333334, 0.9916666666666668)",1,99.2916666666667,32855
"(0.9791666666666666, 0.9958333333333332)",1,99.2916666666667,32856
"(0.975, 0.9958333333333332)",3,99.2916666666667,32859
"(0.925, 0.9958333333333332)",1,99.2916666666667,32860
"(0.7361111111111112, 1.0)",1,99.29166666666669,32861
"(0.8333333333333334, 1.0)",1,99.29166666666669,32862
"(0.8888888888888888, 1.0)",1,99.29166666666669,32863
"(0.975, 1.0)",1,99.29166666666669,32864
"(0.75, 1.0)",1,99.29166666666669,32865
"(0.7083333333333334, 1.0)",1,99.29166666666669,32866
"(0.9708333333333332, 0.9958333333333332)",2,99.29166666666669,32868
"(0.8611111111111112, 1.0)",1,99.29166666666669,32869
"(0.8194444444444444, 1.0)",1,99.29166666666669,32870
"(0.8055555555555556, 1.0)",2,99.29166666666669,32872
"(0.9166666666666666, 1.0)",1,99.29166666666669,32873
"(0.7777777777777778, 1.0)",2,99.29166666666669,32875
"(0.9444444444444444, 1.0)",2,99.29166666666669,32877
"(0.975, 1.0)",2,99.29166666666669,32879
"(0.9583333333333334, 1.0)",1,99.29166666666669,32880
"(0.9305555555555556, 1.0)",7,99.29166666666669,32887
"(0.9722222222222222, 1.0)",1,99.29166666666666,32888
"(0.75, 1.0)",5,99.29166666666666,32893
"(0.8472222222222222, 1.0)",4,99.29166666666666,32897
"(0.6805555555555556, 1.0)",2,99.29166666666666,32899
"(0.8194444444444444, 1.0)",11,99.29166666666666,32910
"(0.7777777777777778, 1.0)",3,99.29166666666666,32913
"(0.8611111111111112, 1.0)",7,99.29166666666666,32920
"(0.9444444444444444, 1.0)",3,99.29166666666666,32923
"(0.875, 1.0)",3,99.29166666666666,32926
"(0.9166666666666666, 1.0)",5,99.29166666666666,32931
"(0.8888888888888888, 1.0)",1,99.29166666666666,32932
"(0.7916666666666666, 1.0)",2,99.29166666666666,32934
"(0.7083333333333334, 1.0)",3,99.29166666666666,32937
"(0.7222222222222222, 1.0)",4,99.29166666666666,32941
"(0.8333333333333334, 1.0)",5,99.29166666666666,32946
"(0.6944444444444444, 1.0)",3,99.29166666666666,32949
"(0.9027777777777778, 1.0)",3,99.29166666666666,32952
"(0.9583333333333334, 1.0)",1,99.29166666666666,32953
"(0.9305555555555556, 1.0)",1,99.29166666666666,32954
"(0.625, 1.0)",1,99.29166666666666,32955
"(0.7361111111111112, 1.0)",2,99.29166666666666,32957
"(0.7638888888888888, 1.0)",5,99.29166666666666,32962
"(0.9833333333333332, 0.9958333333333332)",2,99.2916666666666,32964
"(0.9418604651162792, 1.0)",1,99.2906976744186,32965
"(0.6395348837209303, 1.0)",1,99.2906976744186,32966
"(0.9186046511627908, 1.0)",1,99.2906976744186,32967
"(0.6162790697674418, 1.0)",6,99.2906976744186,32973
"(0.8488372093023255, 1.0)",1,99.2906976744186,32974
"(0.872093023255814, 1.0)",1,99.2906976744186,32975
"(0.8255813953488372, 1.0)",2,99.2906976744186,32977
"(0.8837209302325582, 1.0)",1,99.2906976744186,32978
"(0.7674418604651163, 1.0)",1,99.2906976744186,32979
"(0.4883720930232558, 1.0)",2,99.2906976744186,32981
"(0.8488372093023255, 1.0)",1,99.2906976744186,32982
"(0.7674418604651163, 1.0)",1,99.2906976744186,32983
"(0.8372093023255814, 1.0)",1,99.2906976744186,32984
"(0.5930232558139535, 1.0)",1,99.2906976744186,32985
"(0.9916666666666668, 0.9958333333333332)",1,99.28750000000008,32986
"(0.9875, 0.9958333333333332)",1,99.28750000000008,32987
"(0.9708333333333332, 0.9958333333333332)",2,99.28750000000008,32989
"(0.9583333333333334, 0.9958333333333332)",1,99.28750000000008,32990
"(0.9291666666666668, 0.9958333333333332)",1,99.28750000000004,32991
"(0.95, 0.9958333333333332)",1,99.28750000000004,32992
"(0.975, 0.9958333333333332)",4,99.28750000000004,32996
"(0.9375, 0.9958333333333332)",2,99.28750000000004,32998
"(0.9916666666666668, 0.9958333333333332)",3,99.28750000000004,33001
"(0.875, 0.9958333333333332)",1,99.28750000000004,33002
"(0.9125, 0.9958333333333332)",1,99.28750000000004,33003
"(0.9208333333333332, 0.9958333333333332)",1,99.28750000000004,33004
"(0.9333333333333332, 0.9958333333333332)",1,99.28750000000004,33005
"(0.9833333333333332, 0.9958333333333332)",1,99.28750000000004,33006
"(0.9875, 0.9958333333333332)",4,99.28750000000004,33010
"(0.9583333333333334, 0.9958333333333332)",1,99.28750000000004,33011
"(0.9833333333333332, 0.9958333333333332)",2,99.28750000000004,33013
"(0.9708333333333332, 0.9958333333333332)",1,99.28750000000004,33014
"(0.9791666666666666, 0.9958333333333332)",5,99.28750000000004,33019
"(0.9666666666666668, 0.9958333333333332)",1,99.28750000000004,33020
"(0.9541666666666668, 0.9958333333333332)",1,99.28750000000004,33021
"(0.9458333333333332, 0.9958333333333332)",1,99.28750000000004,33022
"(0.9625, 0.9958333333333332)",1,99.28750000000004,33023
"(0.9958333333333332, 0.9958333333333332)",1,99.2875,33024
"(0.975, 0.9958333333333332)",1,99.2875,33025
"(0.9791666666666666, 0.9958333333333332)",1,99.28749999999997,33026
"(0.975, 1.0)",1,99.28749999999994,33027
"(0.9916666666666668, 0.9958333333333332)",1,99.28749999999994,33028
"(0.9833333333333332, 0.9958333333333332)",1,99.28333333333347,33029
"(0.9875, 0.9958333333333332)",1,99.28333333333345,33030
"(0.9833333333333332, 0.9958333333333332)",1,99.28333333333345,33031
"(0.9875, 0.9958333333333332)",1,99.28333333333342,33032
"(0.9791666666666666, 0.9958333333333332)",1,99.28333333333342,33033
"(0.9625, 0.9958333333333332)",1,99.28333333333342,33034
"(0.9875, 0.9958333333333332)",1,99.2833333333334,33035
"(0.9791666666666666, 0.9958333333333332)",1,99.2833333333334,33036
"(0.975, 0.9958333333333332)",1,99.2833333333334,33037
"(0.9916666666666668, 0.9958333333333332)",1,99.2833333333334,33038
"(0.9708333333333332, 0.9958333333333332)",2,99.2833333333334,33040
"(0.9333333333333332, 0.9958333333333332)",1,99.28333333333336,33041
"(0.9625, 0.9958333333333332)",3,99.28333333333336,33044
"(0.975, 0.9958333333333332)",1,99.28333333333336,33045
"(0.9833333333333332, 0.9958333333333332)",1,99.28333333333336,33046
"(0.9041666666666668, 0.9958333333333332)",1,99.28333333333336,33047
"(0.8333333333333334, 1.0)",2,99.28333333333336,33049
"(0.8833333333333333, 0.9833333333333332)",2,99.28333333333336,33051
"(0.75, 1.0)",1,99.28333333333336,33052
"(0.9, 0.9833333333333332)",1,99.28333333333336,33053
"(0.9375, 0.9958333333333332)",2,99.28333333333336,33055
"(0.9166666666666666, 0.9833333333333332)",1,99.28333333333336,33056
"(0.9208333333333332, 0.9958333333333332)",1,99.28333333333336,33057
"(0.9791666666666666, 0.9958333333333332)",2,99.28333333333336,33059
"(0.9875, 0.9958333333333332)",3,99.28333333333336,33062
"(0.9166666666666666, 0.9833333333333332)",1,99.28333333333336,33063
"(0.85, 1.0)",2,99.28333333333336,33065
"(0.6666666666666666, 0.9833333333333332)",1,99.28333333333336,33066
"(0.9291666666666668, 0.9958333333333332)",2,99.28333333333336,33068
"(0.8791666666666667, 0.9958333333333332)",1,99.28333333333336,33069
"(0.9333333333333332, 1.0)",4,99.28333333333336,33073
"(0.9708333333333332, 0.9958333333333332)",1,99.28333333333336,33074
"(0.9125, 0.9958333333333332)",4,99.28333333333336,33078
"(0.9666666666666668, 0.9958333333333332)",1,99.28333333333336,33079
"(0.9791666666666666, 0.9958333333333332)",2,99.28333333333336,33081
"(0.95, 0.9958333333333332)",2,99.28333333333336,33083
"(0.9, 1.0)",3,99.28333333333336,33086
"(0.85, 1.0)",1,99.28333333333336,33087
"(0.8833333333333333, 1.0)",2,99.28333333333336,33089
"(0.95, 1.0)",1,99.28333333333336,33090
"(0.9833333333333332, 0.9958333333333332)",6,99.28333333333336,33096
"(0.9833333333333332, 1.0)",1,99.28333333333336,33097
"(1.0, 1.0)",1,99.28333333333336,33098
"(0.9541666666666668, 0.9958333333333332)",1,99.28333333333336,33099
"(0.8541666666666666, 0.9958333333333332)",1,99.28333333333336,33100
"(0.9708333333333332, 0.9958333333333332)",1,99.28333333333336,33101
"(0.9166666666666666, 1.0)",2,99.28333333333336,33103
"(0.8666666666666667, 1.0)",2,99.28333333333336,33105
"(0.9, 1.0)",14,99.28333333333332,33119
"(1.0, 1.0)",15,99.28333333333332,33134
"(0.7833333333333333, 1.0)",5,99.28333333333332,33139
"(0.8166666666666667, 1.0)",9,99.28333333333332,33148
"(0.8666666666666667, 1.0)",15,99.28333333333332,33163
"(1.0, 0.9916666666666668)",1,99.28333333333332,33164
"(0.7666666666666667, 1.0)",8,99.28333333333332,33172
"(0.8833333333333333, 1.0)",16,99.28333333333332,33188
"(0.85, 1.0)",19,99.28333333333332,33207
"(0.8333333333333334, 1.0)",16,99.28333333333332,33223
"(0.8, 1.0)",11,99.28333333333332,33234
"(0.7, 1.0)",4,99.28333333333332,33238
"(1.0, 0.9958333333333332)",2,99.28333333333332,33240
"(0.6666666666666666, 1.0)",1,99.28333333333332,33241
"(0.6833333333333333, 1.0)",4,99.28333333333332,33245
"(0.9166666666666666, 1.0)",16,99.28333333333332,33261
"(0.7166666666666667, 1.0)",10,99.28333333333332,33271
"(0.75, 1.0)",3,99.28333333333332,33274
"(0.9666666666666668, 1.0)",13,99.28333333333332,33287
"(0.95, 1.0)",14,99.28333333333332,33301
"(0.9833333333333332, 1.0)",8,99.28333333333332,33309
"(0.7333333333333333, 1.0)",10,99.28333333333332,33319
"(0.9958333333333332, 1.0)",1,99.28333333333332,33320
"(0.9333333333333332, 1.0)",5,99.28333333333332,33325
"(0.8461538461538461, 1.0)",1,99.28205128205128,33326
"(0.8916666666666667, 0.9958333333333332)",1,99.27916666666674,33327
"(0.975, 0.9958333333333332)",2,99.27916666666674,33329
"(0.9916666666666668, 0.9958333333333332)",1,99.27916666666673,33330
"(0.9208333333333332, 0.9958333333333332)",2,99.27916666666673,33332
"(0.9625, 0.9958333333333332)",1,99.27916666666673,33333
"(0.9583333333333334, 0.9958333333333332)",1,99.27916666666673,33334
"(0.9791666666666666, 0.9958333333333332)",2,99.27916666666673,33336
"(0.9875, 0.9958333333333332)",1,99.27916666666673,33337
"(0.9833333333333332, 0.9958333333333332)",3,99.27916666666673,33340
"(0.9791666666666666, 0.9958333333333332)",1,99.27916666666673,33341
"(0.9708333333333332, 0.9958333333333332)",1,99.27916666666673,33342
"(0.975, 0.9958333333333332)",2,99.27916666666673,33344
"(0.9916666666666668, 0.9958333333333332)",4,99.27916666666673,33348
"(0.9375, 0.9958333333333332)",1,99.27916666666673,33349
"(0.9666666666666668, 0.9958333333333332)",2,99.27916666666673,33351
"(0.9, 0.9958333333333332)",1,99.2791666666667,33352
"(0.9125, 0.9958333333333332)",1,99.2791666666667,33353
"(0.9791666666666666, 0.9958333333333332)",1,99.2791666666667,33354
"(0.9666666666666668, 0.9958333333333332)",1,99.2791666666667,33355
"(0.8958333333333334, 0.9958333333333332)",1,99.2791666666667,33356
"(0.8916666666666667, 0.9958333333333332)",1,99.2791666666667,33357
"(0.825, 0.9958333333333332)",1,99.2791666666667,33358
"(0.9458333333333332, 0.9958333333333332)",1,99.2791666666667,33359
"(0.9625, 0.9958333333333332)",1,99.2791666666667,33360
"(0.975, 0.9958333333333332)",2,99.2791666666667,33362
"(0.95, 0.9958333333333332)",3,99.2791666666667,33365
"(0.9958333333333332, 0.9958333333333332)",1,99.2791666666667,33366
"(0.9833333333333332, 0.9958333333333332)",1,99.2791666666667,33367
"(0.9958333333333332, 0.9958333333333332)",1,99.27916666666668,33368
"(0.9833333333333332, 0.9958333333333332)",1,99.27916666666668,33369
"(0.9916666666666668, 0.9958333333333332)",1,99.27916666666664,33370
"(0.8488372093023255, 1.0)",1,99.27906976744184,33371
"(0.4883720930232558, 1.0)",1,99.27906976744184,33372
"(0.6162790697674418, 1.0)",1,99.27906976744184,33373
"(0.5930232558139535, 1.0)",1,99.27906976744184,33374
"(0.7674418604651163, 1.0)",1,99.27906976744184,33375
"(0.8255813953488372, 1.0)",3,99.27906976744184,33378
"(0.627906976744186, 1.0)",1,99.27906976744184,33379
"(0.75, 1.0)",2,99.2777777777778,33381
"(0.875, 1.0)",5,99.27777777777776,33386
"(0.9305555555555556, 1.0)",5,99.27777777777776,33391
"(0.9444444444444444, 1.0)",4,99.27777777777776,33395
"(0.8888888888888888, 1.0)",5,99.27777777777776,33400
"(0.8333333333333334, 1.0)",3,99.27777777777776,33403
"(0.9027777777777778, 1.0)",7,99.27777777777776,33410
"(0.5972222222222222, 1.0)",1,99.27777777777776,33411
"(0.6944444444444444, 1.0)",4,99.27777777777776,33415
"(0.7222222222222222, 1.0)",1,99.27777777777776,33416
"(0.8611111111111112, 1.0)",3,99.27777777777776,33419
"(0.7083333333333334, 1.0)",4,99.27777777777776,33423
"(0.7777777777777778, 1.0)",6,99.27777777777776,33429
"(0.8194444444444444, 1.0)",10,99.27777777777776,33439
"(0.625, 1.0)",1,99.27777777777776,33440
"(0.75, 1.0)",6,99.27777777777776,33446
"(0.7638888888888888, 1.0)",1,99.27777777777776,33447
"(0.7916666666666666, 1.0)",1,99.27777777777776,33448
"(0.8055555555555556, 1.0)",7,99.27777777777776,33455
"(0.9583333333333334, 1.0)",4,99.27777777777776,33459
"(0.7361111111111112, 1.0)",4,99.27777777777776,33463
"(0.9166666666666666, 1.0)",3,99.27777777777776,33466
"(0.9722222222222222, 1.0)",1,99.27777777777776,33467
"(0.9708333333333332, 0.9958333333333332)",1,99.27500000000008,33468
"(0.975, 0.9958333333333332)",1,99.27500000000008,33469
"(0.9875, 0.9958333333333332)",1,99.27500000000008,33470
"(0.9833333333333332, 0.9958333333333332)",3,99.27500000000006,33473
"(0.9916666666666668, 0.9958333333333332)",1,99.27500000000006,33474
"(0.9791666666666666, 0.9958333333333332)",1,99.27500000000006,33475
"(0.9041666666666668, 0.9958333333333332)",2,99.27500000000006,33477
"(0.9708333333333332, 0.9958333333333332)",2,99.27500000000006,33479
"(0.925, 0.9958333333333332)",1,99.27500000000003,33480
"(0.975, 0.9958333333333332)",2,99.27500000000003,33482
"(0.9708333333333332, 0.9958333333333332)",1,99.27500000000003,33483
"(0.7958333333333333, 0.9958333333333332)",1,99.27500000000003,33484
"(0.9333333333333332, 0.9958333333333332)",1,99.27500000000003,33485
"(0.8625, 0.9958333333333332)",1,99.27500000000003,33486
"(0.9875, 0.9958333333333332)",1,99.27500000000003,33487
"(0.9583333333333334, 0.9958333333333332)",1,99.27500000000003,33488
"(0.9916666666666668, 0.9958333333333332)",3,99.27500000000003,33491
"(0.9291666666666668, 0.9958333333333332)",1,99.27500000000003,33492
"(0.9833333333333332, 0.9958333333333332)",3,99.27500000000003,33495
"(0.975, 0.9958333333333332)",1,99.27500000000003,33496
"(0.9833333333333332, 0.9958333333333332)",2,99.27500000000003,33498
"(0.9625, 0.9958333333333332)",1,99.27500000000003,33499
"(0.9666666666666668, 0.9958333333333332)",1,99.27500000000003,33500
"(0.9791666666666666, 0.9958333333333332)",1,99.27500000000003,33501
"(0.9916666666666668, 0.9958333333333332)",1,99.27500000000003,33502
"(0.9625, 0.9958333333333332)",1,99.27500000000003,33503
"(0.9833333333333332, 0.9958333333333332)",2,99.27500000000002,33505
"(0.975, 1.0)",1,99.275,33506
"(0.9916666666666668, 0.9958333333333332)",2,99.27499999999996,33508
"(0.975, 0.9916666666666668)",1,99.27499999999992,33509
"(0.9333333333333332, 0.9958333333333332)",1,99.2708333333334,33510
"(0.9375, 0.9958333333333332)",2,99.2708333333334,33512
"(0.9791666666666666, 0.9958333333333332)",2,99.2708333333334,33514
"(0.975, 0.9958333333333332)",1,99.2708333333334,33515
"(0.9875, 0.9958333333333332)",1,99.2708333333334,33516
"(0.8791666666666667, 0.9958333333333332)",1,99.2708333333334,33517
"(0.9791666666666666, 0.9958333333333332)",1,99.2708333333334,33518
"(0.9333333333333332, 0.9958333333333332)",1,99.27083333333336,33519
"(0.9666666666666668, 0.9958333333333332)",2,99.27083333333336,33521
"(0.85, 0.9958333333333332)",1,99.27083333333336,33522
"(0.925, 0.9958333333333332)",1,99.27083333333336,33523
"(0.95, 0.9958333333333332)",3,99.27083333333336,33526
"(0.9708333333333332, 0.9958333333333332)",1,99.27083333333336,33527
"(0.975, 0.9958333333333332)",1,99.27083333333336,33528
"(0.8791666666666667, 0.9958333333333332)",1,99.27083333333336,33529
"(0.9458333333333332, 0.9958333333333332)",1,99.27083333333336,33530
"(0.9791666666666666, 0.9958333333333332)",1,99.27083333333336,33531
"(0.9583333333333334, 0.9916666666666668)",1,99.27083333333336,33532
"(0.9625, 0.9958333333333332)",1,99.27083333333336,33533
"(0.9875, 0.9958333333333332)",4,99.27083333333336,33537
"(0.9833333333333332, 0.9958333333333332)",3,99.27083333333336,33540
"(0.9166666666666666, 0.9958333333333332)",2,99.27083333333336,33542
"(0.9083333333333332, 0.9958333333333332)",1,99.27083333333336,33543
"(0.9291666666666668, 0.9958333333333332)",1,99.27083333333336,33544
"(0.9541666666666668, 0.9958333333333332)",1,99.27083333333336,33545
"(0.975, 0.9958333333333332)",2,99.27083333333336,33547
"(0.8958333333333334, 0.9958333333333332)",2,99.27083333333336,33549
"(0.9375, 0.9958333333333332)",1,99.27083333333336,33550
"(0.9208333333333332, 0.9958333333333332)",1,99.27083333333336,33551
"(0.9833333333333332, 0.9958333333333332)",1,99.27083333333334,33552
"(0.95, 0.9958333333333332)",1,99.27083333333331,33553
"(0.9833333333333332, 0.9958333333333332)",1,99.27083333333331,33554
"(0.9916666666666668, 0.9958333333333332)",2,99.27083333333331,33556
"(0.8076923076923077, 1.0)",1,99.26923076923076,33557
"(0.4651162790697674, 1.0)",2,99.26744186046513,33559
"(0.4883720930232558, 1.0)",2,99.26744186046513,33561
"(0.7325581395348837, 1.0)",1,99.26744186046513,33562
"(0.8255813953488372, 1.0)",3,99.26744186046513,33565
"(0.5930232558139535, 1.0)",3,99.26744186046513,33568
"(0.7906976744186046, 1.0)",1,99.26744186046513,33569
"(0.7674418604651163, 1.0)",1,99.26744186046513,33570
"(0.8372093023255814, 1.0)",1,99.26744186046513,33571
"(0.7441860465116279, 1.0)",1,99.26744186046513,33572
"(0.9791666666666666, 0.9958333333333332)",1,99.26666666666677,33573
"(0.975, 0.9958333333333332)",1,99.26666666666674,33574
"(0.9833333333333332, 0.9958333333333332)",1,99.26666666666674,33575
"(1.0, 0.9958333333333332)",1,99.26666666666674,33576
"(0.9875, 0.9958333333333332)",2,99.26666666666674,33578
"(0.9333333333333332, 0.9958333333333332)",2,99.26666666666672,33580
"(0.9125, 0.9958333333333332)",1,99.26666666666672,33581
"(0.8791666666666667, 0.9958333333333332)",1,99.26666666666672,33582
"(0.9583333333333334, 0.9958333333333332)",1,99.26666666666672,33583
"(0.9791666666666666, 0.9958333333333332)",2,99.26666666666672,33585
"(0.95, 0.9958333333333332)",1,99.26666666666672,33586
"(0.9375, 0.9958333333333332)",1,99.26666666666672,33587
"(0.975, 0.9958333333333332)",1,99.26666666666672,33588
"(0.975, 0.9958333333333332)",2,99.26666666666672,33590
"(0.8916666666666667, 0.9958333333333332)",1,99.26666666666672,33591
"(0.9791666666666666, 0.9958333333333332)",1,99.26666666666672,33592
"(0.95, 0.9958333333333332)",1,99.26666666666672,33593
"(0.9666666666666668, 0.9958333333333332)",3,99.26666666666672,33596
"(0.9208333333333332, 0.9958333333333332)",1,99.26666666666672,33597
"(0.8875, 0.9958333333333332)",1,99.26666666666672,33598
"(0.9291666666666668, 0.9958333333333332)",2,99.26666666666672,33600
"(0.8666666666666667, 0.9958333333333332)",1,99.26666666666672,33601
"(0.9916666666666668, 0.9958333333333332)",1,99.26666666666672,33602
"(0.9833333333333332, 0.9958333333333332)",2,99.2666666666667,33604
"(0.9666666666666668, 0.9958333333333332)",2,99.2666666666667,33606
"(0.9, 1.0)",2,99.2666666666667,33608
"(0.9875, 0.9958333333333332)",2,99.2666666666667,33610
"(0.9916666666666668, 0.9958333333333332)",1,99.2666666666667,33611
"(0.9583333333333334, 0.9958333333333332)",1,99.2666666666667,33612
"(0.975, 0.9958333333333332)",2,99.2666666666667,33614
"(0.9708333333333332, 0.9958333333333332)",1,99.2666666666667,33615
"(0.9958333333333332, 0.9958333333333332)",1,99.2666666666667,33616
"(0.8166666666666667, 1.0)",7,99.26666666666668,33623
"(0.9833333333333332, 1.0)",16,99.26666666666668,33639
"(0.9666666666666668, 1.0)",9,99.26666666666668,33648
"(0.7, 1.0)",1,99.26666666666668,33649
"(0.6666666666666666, 1.0)",2,99.26666666666668,33651
"(0.6833333333333333, 1.0)",4,99.26666666666668,33655
"(0.95, 1.0)",13,99.26666666666668,33668
"(0.9333333333333332, 1.0)",2,99.26666666666668,33670
"(0.7333333333333333, 1.0)",1,99.26666666666668,33671
"(1.0, 0.9833333333333332)",1,99.26666666666668,33672
"(0.8666666666666667, 1.0)",1,99.26666666666668,33673
"(0.8666666666666667, 0.9833333333333332)",1,99.26666666666668,33674
"(0.9333333333333332, 1.0)",12,99.26666666666668,33686
"(0.75, 1.0)",2,99.26666666666668,33688
"(0.85, 1.0)",8,99.26666666666668,33696
"(0.7333333333333333, 0.9833333333333332)",1,99.26666666666668,33697
"(0.8, 1.0)",10,99.26666666666668,33707
"(0.7166666666666667, 1.0)",1,99.26666666666668,33708
"(0.95, 1.0)",1,99.26666666666668,33709
"(0.9166666666666666, 1.0)",7,99.26666666666668,33716
"(0.9666666666666668, 1.0)",1,99.26666666666668,33717
"(0.8333333333333334, 1.0)",11,99.26666666666668,33728
"(0.9, 1.0)",10,99.26666666666668,33738
"(0.5666666666666667, 1.0)",1,99.26666666666668,33739
"(0.8666666666666667, 1.0)",14,99.26666666666668,33753
"(0.8833333333333333, 1.0)",18,99.26666666666668,33771
"(0.8333333333333334, 1.0)",1,99.26666666666668,33772
"(1.0, 1.0)",18,99.26666666666668,33790
"(0.7666666666666667, 1.0)",5,99.26666666666668,33795
"(0.9166666666666666, 1.0)",17,99.26666666666668,33812
"(0.8833333333333333, 1.0)",4,99.26666666666668,33816
"(0.7166666666666667, 1.0)",15,99.26666666666668,33831
"(0.7333333333333333, 1.0)",9,99.26666666666668,33840
"(0.7, 1.0)",1,99.26666666666668,33841
"(0.9, 1.0)",6,99.26666666666668,33847
"(0.7833333333333333, 1.0)",5,99.26666666666668,33852
"(0.8194444444444444, 1.0)",14,99.26388888888889,33866
"(0.75, 1.0)",5,99.26388888888889,33871
"(0.8611111111111112, 1.0)",1,99.26388888888889,33872
"(0.9583333333333334, 1.0)",4,99.26388888888889,33876
"(0.9444444444444444, 1.0)",3,99.26388888888889,33879
"(0.9722222222222222, 1.0)",1,99.26388888888889,33880
"(0.9305555555555556, 1.0)",4,99.26388888888889,33884
"(0.8472222222222222, 1.0)",2,99.26388888888889,33886
"(0.6944444444444444, 1.0)",2,99.26388888888889,33888
"(0.9166666666666666, 1.0)",11,99.26388888888889,33899
"(0.875, 1.0)",3,99.26388888888889,33902
"(0.8055555555555556, 1.0)",5,99.26388888888889,33907
"(0.7777777777777778, 1.0)",2,99.26388888888889,33909
"(0.7916666666666666, 1.0)",4,99.26388888888889,33913
"(0.8333333333333334, 1.0)",6,99.26388888888889,33919
"(0.7083333333333334, 1.0)",7,99.26388888888889,33926
"(0.7638888888888888, 1.0)",3,99.26388888888889,33929
"(0.7361111111111112, 1.0)",2,99.26388888888889,33931
"(0.9027777777777778, 1.0)",3,99.26388888888889,33934
"(0.975, 0.9958333333333332)",1,99.26250000000007,33935
"(0.9791666666666666, 0.9958333333333332)",1,99.26250000000007,33936
"(0.9875, 0.9958333333333332)",1,99.26250000000006,33937
"(0.975, 0.9958333333333332)",3,99.26250000000006,33940
"(0.9625, 0.9958333333333332)",1,99.26250000000006,33941
"(0.9375, 0.9958333333333332)",1,99.26250000000005,33942
"(0.8666666666666667, 0.9958333333333332)",1,99.26250000000005,33943
"(0.9458333333333332, 0.9958333333333332)",1,99.26250000000005,33944
"(0.9291666666666668, 0.9958333333333332)",1,99.26250000000005,33945
"(0.9791666666666666, 0.9958333333333332)",1,99.26250000000005,33946
"(0.9208333333333332, 0.9958333333333332)",2,99.26250000000005,33948
"(0.95, 0.9958333333333332)",1,99.26250000000005,33949
"(0.9166666666666666, 0.9958333333333332)",1,99.26250000000005,33950
"(0.975, 0.9958333333333332)",2,99.26250000000005,33952
"(0.9375, 0.9958333333333332)",2,99.26250000000005,33954
"(0.9916666666666668, 0.9958333333333332)",1,99.26250000000005,33955
"(0.85, 0.9958333333333332)",2,99.26250000000005,33957
"(0.975, 0.9958333333333332)",4,99.26250000000005,33961
"(0.9833333333333332, 0.9958333333333332)",1,99.26250000000005,33962
"(0.9208333333333332, 0.9958333333333332)",2,99.26250000000005,33964
"(0.9583333333333334, 0.9958333333333332)",1,99.26250000000005,33965
"(0.9625, 0.9958333333333332)",1,99.26250000000005,33966
"(0.95, 0.9958333333333332)",2,99.26250000000005,33968
"(0.9833333333333332, 0.9958333333333332)",2,99.26250000000005,33970
"(0.9875, 0.9958333333333332)",2,99.26250000000005,33972
"(0.9458333333333332, 0.9958333333333332)",1,99.26250000000005,33973
"(0.9666666666666668, 0.9958333333333332)",1,99.26250000000005,33974
"(0.875, 0.9958333333333332)",1,99.26250000000005,33975
"(0.9791666666666666, 0.9958333333333332)",1,99.2625,33976
"(0.9916666666666668, 0.9958333333333332)",1,99.2625,33977
"(0.9916666666666668, 0.9958333333333332)",2,99.26249999999996,33979
"(0.9541666666666668, 0.9958333333333332)",1,99.25833333333344,33980
"(0.9791666666666666, 0.9958333333333332)",1,99.2583333333334,33981
"(0.9833333333333332, 0.9958333333333332)",2,99.2583333333334,33983
"(0.9875, 0.9958333333333332)",1,99.2583333333334,33984
"(0.975, 0.9958333333333332)",1,99.2583333333334,33985
"(0.9708333333333332, 0.9958333333333332)",1,99.25833333333338,33986
"(0.9916666666666668, 0.9958333333333332)",3,99.25833333333338,33989
"(0.925, 0.9958333333333332)",1,99.25833333333338,33990
"(0.9833333333333332, 0.9958333333333332)",1,99.25833333333338,33991
"(0.9958333333333332, 0.9958333333333332)",1,99.25833333333338,33992
"(0.9791666666666666, 0.9958333333333332)",2,99.25833333333338,33994
"(0.9666666666666668, 0.9958333333333332)",2,99.25833333333338,33996
"(0.9583333333333334, 0.9958333333333332)",1,99.25833333333338,33997
"(0.9833333333333332, 0.9958333333333332)",1,99.25833333333335,33998
"(0.825, 0.9958333333333332)",2,99.25833333333335,34000
"(0.9458333333333332, 0.9958333333333332)",2,99.25833333333335,34002
"(0.8958333333333334, 0.9958333333333332)",1,99.25833333333335,34003
"(0.9791666666666666, 0.9958333333333332)",3,99.25833333333335,34006
"(0.975, 0.9958333333333332)",1,99.25833333333335,34007
"(0.8625, 0.9958333333333332)",1,99.25833333333335,34008
"(0.9875, 0.9958333333333332)",4,99.25833333333335,34012
"(0.9083333333333332, 0.9958333333333332)",1,99.25833333333335,34013
"(0.9125, 0.9958333333333332)",1,99.25833333333335,34014
"(0.925, 0.9958333333333332)",2,99.25833333333335,34016
"(0.9, 0.9958333333333332)",1,99.25833333333335,34017
"(0.9375, 0.9958333333333332)",2,99.25833333333335,34019
"(0.9041666666666668, 0.9958333333333332)",4,99.25833333333335,34023
"(0.8708333333333333, 0.9958333333333332)",1,99.25833333333335,34024
"(0.9208333333333332, 0.9958333333333332)",3,99.25833333333335,34027
"(0.9166666666666666, 0.9958333333333332)",1,99.25833333333335,34028
"(0.9625, 0.9958333333333332)",2,99.25833333333335,34030
"(0.9916666666666668, 0.9958333333333332)",1,99.25833333333328,34031
"(0.4883720930232558, 1.0)",4,99.25581395348836,34035
"(0.7674418604651163, 1.0)",1,99.25581395348836,34036
"(0.7906976744186046, 1.0)",1,99.25581395348836,34037
"(0.8023255813953488, 1.0)",2,99.25581395348836,34039
"(0.627906976744186, 1.0)",2,99.25581395348836,34041
"(0.6162790697674418, 1.0)",2,99.25581395348836,34043
"(0.5930232558139535, 1.0)",1,99.25581395348836,34044
"(0.5697674418604651, 1.0)",1,99.25581395348836,34045
"(0.872093023255814, 1.0)",1,99.25581395348836,34046
"(0.8837209302325582, 1.0)",2,99.25581395348836,34048
"(1.0, 0.9958333333333332)",1,99.25416666666676,34049
"(0.9916666666666668, 0.9958333333333332)",1,99.25416666666676,34050
"(0.9833333333333332, 0.9958333333333332)",1,99.25416666666676,34051
"(0.9625, 0.9958333333333332)",1,99.25416666666676,34052
"(0.9916666666666668, 0.9958333333333332)",1,99.25416666666672,34053
"(0.9833333333333332, 0.9958333333333332)",2,99.25416666666672,34055
"(0.9875, 0.9958333333333332)",1,99.25416666666672,34056
"(0.8666666666666667, 0.9958333333333332)",1,99.25416666666672,34057
"(0.9791666666666666, 0.9958333333333332)",1,99.25416666666672,34058
"(0.975, 0.9958333333333332)",1,99.25416666666672,34059
"(0.9791666666666666, 0.9958333333333332)",1,99.25416666666672,34060
"(0.9625, 0.9958333333333332)",1,99.25416666666672,34061
"(0.9833333333333332, 0.9958333333333332)",2,99.25416666666672,34063
"(0.975, 0.9958333333333332)",1,99.25416666666672,34064
"(0.9666666666666668, 0.9958333333333332)",1,99.2541666666667,34065
"(0.9458333333333332, 0.9958333333333332)",4,99.2541666666667,34069
"(0.9166666666666666, 0.9958333333333332)",1,99.2541666666667,34070
"(0.9833333333333332, 0.9958333333333332)",4,99.2541666666667,34074
"(0.8625, 0.9958333333333332)",2,99.2541666666667,34076
"(0.9625, 0.9958333333333332)",2,99.2541666666667,34078
"(0.9791666666666666, 0.9958333333333332)",3,99.2541666666667,34081
"(0.8666666666666667, 0.9958333333333332)",1,99.2541666666667,34082
"(0.9958333333333332, 0.9958333333333332)",1,99.2541666666667,34083
"(0.9208333333333332, 0.9958333333333332)",1,99.2541666666667,34084
"(0.875, 0.9958333333333332)",1,99.2541666666667,34085
"(0.9875, 0.9958333333333332)",2,99.2541666666667,34087
"(0.975, 0.9958333333333332)",2,99.2541666666667,34089
"(0.95, 0.9958333333333332)",1,99.25416666666668,34090
"(0.9833333333333332, 0.9958333333333332)",1,99.25416666666668,34091
"(0.9666666666666668, 0.9958333333333332)",1,99.25416666666666,34092
"(0.9041666666666668, 0.9958333333333332)",1,99.25000000000009,34093
"(0.9333333333333332, 0.9958333333333332)",2,99.25000000000009,34095
"(0.9875, 0.9958333333333332)",1,99.25000000000009,34096
"(0.9875, 0.9958333333333332)",2,99.25000000000006,34098
"(0.9791666666666666, 0.9958333333333332)",1,99.25000000000006,34099
"(0.9708333333333332, 0.9958333333333332)",1,99.25000000000004,34100
"(1.0, 1.0)",1,99.25000000000004,34101
"(0.9208333333333332, 0.9958333333333332)",2,99.25000000000004,34103
"(0.9291666666666668, 0.9958333333333332)",1,99.25000000000004,34104
"(0.9291666666666668, 0.9958333333333332)",1,99.25000000000004,34105
"(0.9833333333333332, 0.9958333333333332)",2,99.25000000000004,34107
"(0.9791666666666666, 0.9958333333333332)",2,99.25000000000004,34109
"(0.9666666666666668, 0.9958333333333332)",1,99.25000000000004,34110
"(0.8625, 0.9958333333333332)",1,99.25000000000004,34111
"(0.9208333333333332, 0.9958333333333332)",2,99.25000000000004,34113
"(0.8541666666666666, 0.9958333333333332)",2,99.25000000000004,34115
"(0.9875, 0.9958333333333332)",2,99.25000000000004,34117
"(0.9791666666666666, 0.9958333333333332)",5,99.25000000000004,34122
"(0.9333333333333332, 0.9958333333333332)",1,99.25000000000004,34123
"(0.8333333333333334, 1.0)",1,99.25000000000004,34124
"(0.9166666666666666, 1.0)",1,99.25000000000004,34125
"(0.8833333333333333, 1.0)",1,99.25000000000004,34126
"(0.9916666666666668, 0.9958333333333332)",2,99.25000000000004,34128
"(0.9375, 0.9958333333333332)",2,99.25000000000004,34130
"(0.9833333333333332, 0.9958333333333332)",3,99.25000000000004,34133
"(0.8833333333333333, 0.9833333333333332)",1,99.25000000000004,34134
"(0.8791666666666667, 0.9958333333333332)",1,99.25000000000004,34135
"(0.9625, 0.9958333333333332)",1,99.25000000000004,34136
"(0.95, 0.9958333333333332)",1,99.25000000000004,34137
"(0.9, 1.0)",2,99.25000000000004,34139
"(0.7638888888888888, 1.0)",3,99.25,34142
"(0.7333333333333333, 1.0)",5,99.25,34147
"(0.9333333333333332, 0.9833333333333332)",1,99.25,34148
"(0.6944444444444444, 1.0)",4,99.25,34152
"(0.5666666666666667, 1.0)",1,99.25,34153
"(0.6111111111111112, 1.0)",1,99.25,34154
"(0.9166666666666666, 1.0)",2,99.25,34156
"(0.7, 1.0)",4,99.25,34160
"(0.6833333333333333, 1.0)",2,99.25,34162
"(0.8194444444444444, 1.0)",10,99.25,34172
"(0.9166666666666666, 1.0)",15,99.25,34187
"(0.7333333333333333, 0.9833333333333332)",1,99.25,34188
"(0.6666666666666666, 1.0)",5,99.25,34193
"(0.7666666666666667, 1.0)",2,99.25,34195
"(0.8166666666666667, 1.0)",3,99.25,34198
"(0.9444444444444444, 1.0)",5,99.25,34203
"(0.8055555555555556, 1.0)",5,99.25,34208
"(0.9305555555555556, 1.0)",5,99.25,34213
"(0.8888888888888888, 1.0)",3,99.25,34216
"(0.9722222222222222, 1.0)",3,99.25,34219
"(0.7361111111111112, 1.0)",2,99.25,34221
"(0.7833333333333333, 1.0)",6,99.25,34227
"(0.9333333333333332, 1.0)",10,99.25,34237
"(0.75, 1.0)",5,99.25,34242
"(0.85, 1.0)",10,99.25,34252
"(0.7333333333333333, 1.0)",6,99.25,34258
"(0.9027777777777778, 1.0)",6,99.25,34264
"(0.8833333333333333, 1.0)",1,99.25,34265
"(0.9, 1.0)",3,99.25,34268
"(0.9333333333333332, 1.0)",2,99.25,34270
"(0.8333333333333334, 1.0)",14,99.25,34284
"(0.8, 1.0)",1,99.25,34285
"(0.9833333333333332, 1.0)",9,99.25,34294
"(0.8333333333333334, 1.0)",2,99.25,34296
"(0.8, 1.0)",7,99.25,34303
"(0.9, 1.0)",11,99.25,34314
"(0.8611111111111112, 1.0)",5,99.25,34319
"(0.8833333333333333, 0.9833333333333332)",1,99.25,34320
"(0.9666666666666668, 1.0)",12,99.25,34332
"(0.7777777777777778, 1.0)",3,99.25,34335
"(0.8833333333333333, 1.0)",23,99.25,34358
"(0.9166666666666666, 0.9833333333333332)",1,99.25,34359
"(0.9625, 0.9958333333333332)",2,99.25,34361
"(0.9583333333333334, 1.0)",1,99.25,34362
"(0.7916666666666666, 1.0)",3,99.25,34365
"(0.7083333333333334, 1.0)",4,99.25,34369
"(0.8666666666666667, 1.0)",10,99.25,34379
"(0.95, 1.0)",10,99.25,34389
"(0.875, 1.0)",2,99.25,34391
"(0.8166666666666667, 1.0)",7,99.25,34398
"(0.7166666666666667, 1.0)",6,99.25,34404
"(1.0, 1.0)",8,99.25,34412
"(0.975, 0.9958333333333332)",1,99.24999999999996,34413
"(0.9833333333333332, 0.9958333333333332)",4,99.2458333333334,34417
"(0.9208333333333332, 0.9958333333333332)",1,99.2458333333334,34418
"(0.9791666666666666, 0.9958333333333332)",1,99.2458333333334,34419
"(0.9833333333333332, 0.9958333333333332)",1,99.2458333333334,34420
"(0.975, 0.9958333333333332)",1,99.2458333333334,34421
"(0.9916666666666668, 0.9958333333333332)",1,99.2458333333334,34422
"(0.9958333333333332, 0.9958333333333332)",1,99.2458333333334,34423
"(0.9875, 0.9958333333333332)",1,99.2458333333334,34424
"(0.975, 0.9958333333333332)",1,99.2458333333334,34425
"(0.9625, 0.9958333333333332)",1,99.2458333333334,34426
"(0.9875, 0.9958333333333332)",2,99.24583333333338,34428
"(0.8916666666666667, 0.9958333333333332)",1,99.24583333333338,34429
"(0.9916666666666668, 0.9958333333333332)",1,99.24583333333338,34430
"(0.9416666666666668, 0.9958333333333332)",1,99.24583333333338,34431
"(0.975, 0.9958333333333332)",1,99.24583333333338,34432
"(0.9833333333333332, 0.9958333333333332)",1,99.24583333333338,34433
"(0.9625, 0.9958333333333332)",1,99.24583333333338,34434
"(0.9833333333333332, 0.9958333333333332)",2,99.24583333333337,34436
"(0.9083333333333332, 0.9958333333333332)",1,99.24583333333337,34437
"(0.9166666666666666, 0.9958333333333332)",1,99.24583333333337,34438
"(0.975, 0.9958333333333332)",1,99.24583333333337,34439
"(0.85, 0.9958333333333332)",1,99.24583333333337,34440
"(0.9916666666666668, 0.9958333333333332)",2,99.24583333333337,34442
"(0.95, 0.9958333333333332)",1,99.24583333333337,34443
"(0.9583333333333334, 0.9958333333333332)",1,99.24583333333337,34444
"(0.9333333333333332, 0.9958333333333332)",1,99.24583333333337,34445
"(0.9875, 0.9958333333333332)",2,99.24583333333337,34447
"(0.9041666666666668, 0.9958333333333332)",1,99.24583333333337,34448
"(0.9791666666666666, 0.9958333333333332)",1,99.24583333333337,34449
"(0.9208333333333332, 0.9958333333333332)",2,99.24583333333337,34451
"(0.9375, 0.9958333333333332)",1,99.24583333333337,34452
"(0.9791666666666666, 1.0)",1,99.24583333333334,34453
"(0.9833333333333332, 0.9958333333333332)",1,99.24583333333334,34454
"(0.9875, 0.9916666666666668)",1,99.24583333333334,34455
"(0.9666666666666668, 0.9958333333333332)",2,99.24583333333332,34457
"(0.95, 0.9958333333333332)",2,99.2458333333333,34459
"(0.8488372093023255, 1.0)",1,99.24418604651164,34460
"(0.7674418604651163, 1.0)",4,99.24418604651164,34464
"(0.4883720930232558, 1.0)",1,99.24418604651164,34465
"(0.627906976744186, 1.0)",3,99.24418604651164,34468
"(0.872093023255814, 1.0)",1,99.24418604651164,34469
"(0.7441860465116279, 1.0)",1,99.24418604651164,34470
"(0.6162790697674418, 1.0)",1,99.24418604651164,34471
"(0.7906976744186046, 1.0)",1,99.24418604651164,34472
"(0.8255813953488372, 1.0)",2,99.24418604651164,34474
"(0.9186046511627908, 1.0)",1,99.24418604651162,34475
"(0.975, 0.9958333333333332)",1,99.24166666666676,34476
"(0.8958333333333334, 0.9958333333333332)",1,99.24166666666676,34477
"(0.9625, 0.9958333333333332)",1,99.24166666666676,34478
"(0.9875, 0.9958333333333332)",1,99.24166666666672,34479
"(0.9958333333333332, 0.9958333333333332)",1,99.24166666666672,34480
"(0.9375, 0.9958333333333332)",1,99.24166666666672,34481
"(0.9666666666666668, 0.9958333333333332)",1,99.24166666666672,34482
"(0.8666666666666667, 0.9958333333333332)",1,99.24166666666672,34483
"(0.9625, 0.9958333333333332)",1,99.24166666666672,34484
"(0.9875, 0.9958333333333332)",2,99.24166666666672,34486
"(0.9, 0.9958333333333332)",1,99.24166666666672,34487
"(0.9708333333333332, 0.9958333333333332)",1,99.24166666666672,34488
"(0.9583333333333334, 0.9958333333333332)",1,99.24166666666672,34489
"(0.975, 0.9958333333333332)",6,99.24166666666672,34495
"(0.9625, 0.9958333333333332)",1,99.2416666666667,34496
"(0.9583333333333334, 0.9958333333333332)",1,99.2416666666667,34497
"(0.9208333333333332, 0.9958333333333332)",1,99.2416666666667,34498
"(1.0, 1.0)",1,99.2416666666667,34499
"(0.9875, 0.9958333333333332)",3,99.2416666666667,34502
"(0.975, 0.9958333333333332)",2,99.2416666666667,34504
"(0.9541666666666668, 0.9958333333333332)",2,99.2416666666667,34506
"(0.9791666666666666, 0.9958333333333332)",3,99.2416666666667,34509
"(0.95, 0.9958333333333332)",2,99.2416666666667,34511
"(0.9375, 0.9958333333333332)",3,99.2416666666667,34514
"(0.9, 0.9958333333333332)",2,99.2416666666667,34516
"(0.9791666666666666, 1.0)",1,99.24166666666667,34517
"(0.9833333333333332, 0.9958333333333332)",1,99.24166666666666,34518
"(0.9708333333333332, 0.9916666666666668)",1,99.24166666666665,34519
"(0.9833333333333332, 0.9958333333333332)",1,99.24166666666662,34520
"(0.9791666666666666, 0.9958333333333332)",1,99.2416666666666,34521
"(0.975, 0.9958333333333332)",1,99.24166666666656,34522
"(0.9875, 0.9958333333333332)",1,99.23750000000013,34523
"(0.95, 0.9958333333333332)",1,99.23750000000008,34524
"(0.9375, 0.9958333333333332)",1,99.23750000000008,34525
"(0.9541666666666668, 0.9958333333333332)",1,99.23750000000008,34526
"(0.9291666666666668, 0.9958333333333332)",2,99.23750000000004,34528
"(0.9708333333333332, 0.9958333333333332)",2,99.23750000000004,34530
"(0.9875, 0.9958333333333332)",2,99.23750000000004,34532
"(0.9666666666666668, 0.9958333333333332)",1,99.23750000000004,34533
"(0.9625, 0.9958333333333332)",2,99.23750000000004,34535
"(0.9125, 0.9958333333333332)",1,99.23750000000004,34536
"(0.9916666666666668, 0.9958333333333332)",2,99.23750000000004,34538
"(0.9375, 0.9958333333333332)",2,99.23750000000004,34540
"(0.9875, 0.9958333333333332)",3,99.23750000000004,34543
"(0.9583333333333334, 0.9958333333333332)",1,99.23750000000004,34544
"(0.9041666666666668, 0.9958333333333332)",1,99.23750000000004,34545
"(0.9875, 0.9958333333333332)",3,99.23750000000004,34548
"(0.8958333333333334, 0.9958333333333332)",1,99.23750000000004,34549
"(0.9208333333333332, 0.9958333333333332)",4,99.23750000000004,34553
"(0.975, 0.9958333333333332)",5,99.23750000000004,34558
"(0.9791666666666666, 0.9958333333333332)",2,99.23750000000004,34560
"(0.9166666666666666, 0.9958333333333332)",1,99.23750000000004,34561
"(0.9833333333333332, 0.9958333333333332)",1,99.23750000000004,34562
"(0.9166666666666666, 0.9958333333333332)",1,99.23750000000004,34563
"(0.925, 0.9958333333333332)",1,99.23750000000004,34564
"(0.9791666666666666, 0.9958333333333332)",1,99.23750000000004,34565
"(0.8666666666666667, 0.9958333333333332)",1,99.23750000000004,34566
"(0.975, 0.9916666666666668)",1,99.23749999999994,34567
"(0.9444444444444444, 1.0)",6,99.23611111111111,34573
"(0.75, 1.0)",6,99.23611111111111,34579
"(0.8611111111111112, 1.0)",5,99.23611111111111,34584
"(0.8194444444444444, 1.0)",5,99.23611111111111,34589
"(0.6944444444444444, 1.0)",5,99.23611111111111,34594
"(0.7361111111111112, 1.0)",4,99.23611111111111,34598
"(0.9583333333333334, 1.0)",2,99.23611111111111,34600
"(0.7777777777777778, 1.0)",3,99.23611111111111,34603
"(0.875, 1.0)",1,99.23611111111111,34604
"(0.5972222222222222, 1.0)",1,99.23611111111111,34605
"(0.9305555555555556, 1.0)",3,99.23611111111111,34608
"(0.8472222222222222, 1.0)",3,99.23611111111111,34611
"(0.8333333333333334, 1.0)",4,99.23611111111111,34615
"(0.9166666666666666, 1.0)",1,99.23611111111111,34616
"(0.7916666666666666, 1.0)",1,99.23611111111111,34617
"(0.9027777777777778, 1.0)",8,99.23611111111111,34625
"(0.7638888888888888, 1.0)",8,99.23611111111111,34633
"(0.8888888888888888, 1.0)",2,99.23611111111111,34635
"(0.8055555555555556, 1.0)",1,99.23611111111111,34636
"(0.7083333333333334, 1.0)",5,99.23611111111111,34641
"(0.9722222222222222, 1.0)",1,99.23611111111111,34642
"(0.9166666666666666, 1.0)",1,99.2361111111111,34643
"(0.9958333333333332, 0.9958333333333332)",1,99.23333333333343,34644
"(0.9791666666666666, 0.9958333333333332)",1,99.23333333333342,34645
"(0.9166666666666666, 0.9958333333333332)",1,99.23333333333342,34646
"(0.975, 0.9958333333333332)",1,99.23333333333342,34647
"(0.9458333333333332, 0.9958333333333332)",2,99.2333333333334,34649
"(0.9916666666666668, 0.9958333333333332)",1,99.2333333333334,34650
"(0.975, 0.9958333333333332)",1,99.2333333333334,34651
"(0.9833333333333332, 0.9958333333333332)",2,99.2333333333334,34653
"(0.9708333333333332, 0.9958333333333332)",1,99.2333333333334,34654
"(0.9875, 0.9958333333333332)",1,99.2333333333334,34655
"(0.9833333333333332, 0.9958333333333332)",1,99.2333333333334,34656
"(0.8166666666666667, 0.9958333333333332)",1,99.23333333333338,34657
"(0.9666666666666668, 0.9958333333333332)",1,99.23333333333338,34658
"(0.9291666666666668, 0.9958333333333332)",2,99.23333333333338,34660
"(0.9625, 0.9958333333333332)",2,99.23333333333338,34662
"(0.9, 0.9958333333333332)",1,99.23333333333338,34663
"(0.9833333333333332, 0.9958333333333332)",4,99.23333333333338,34667
"(0.95, 0.9958333333333332)",1,99.23333333333338,34668
"(0.975, 0.9958333333333332)",2,99.23333333333338,34670
"(0.9791666666666666, 0.9958333333333332)",1,99.23333333333338,34671
"(0.9916666666666668, 0.9958333333333332)",1,99.23333333333338,34672
"(0.9166666666666666, 1.0)",3,99.23333333333336,34675
"(0.9666666666666668, 1.0)",1,99.23333333333336,34676
"(0.9625, 0.9958333333333332)",2,99.23333333333336,34678
"(1.0, 1.0)",1,99.23333333333336,34679
"(0.9916666666666668, 0.9958333333333332)",4,99.23333333333336,34683
"(0.8666666666666667, 1.0)",9,99.23333333333336,34692
"(0.8333333333333334, 1.0)",8,99.23333333333336,34700
"(0.9083333333333332, 0.9958333333333332)",2,99.23333333333336,34702
"(0.85, 1.0)",2,99.23333333333336,34704
"(0.975, 0.9958333333333332)",1,99.23333333333336,34705
"(0.875, 0.9958333333333332)",1,99.23333333333336,34706
"(0.9375, 0.9958333333333332)",2,99.23333333333336,34708
"(0.9, 1.0)",2,99.23333333333336,34710
"(0.8625, 0.9958333333333332)",1,99.23333333333336,34711
"(0.9333333333333332, 1.0)",1,99.23333333333336,34712
"(0.75, 1.0)",1,99.23333333333336,34713
"(0.9333333333333332, 0.9833333333333332)",1,99.23333333333336,34714
"(0.9333333333333332, 0.9833333333333332)",1,99.23333333333336,34715
"(0.7333333333333333, 0.9833333333333332)",1,99.23333333333336,34716
"(0.9208333333333332, 0.9958333333333332)",1,99.23333333333336,34717
"(0.9833333333333332, 0.9958333333333332)",3,99.23333333333336,34720
"(0.9, 0.9833333333333332)",1,99.23333333333336,34721
"(0.9041666666666668, 0.9958333333333332)",1,99.23333333333336,34722
"(0.9791666666666666, 0.9958333333333332)",1,99.23333333333336,34723
"(0.9666666666666668, 0.9833333333333332)",2,99.23333333333336,34725
"(0.7833333333333333, 1.0)",1,99.23333333333336,34726
"(0.6833333333333333, 1.0)",2,99.23333333333336,34728
"(0.9, 1.0)",7,99.23333333333336,34735
"(0.9166666666666666, 0.9958333333333332)",1,99.23333333333336,34736
"(0.9708333333333332, 0.9958333333333332)",2,99.23333333333336,34738
"(0.8833333333333333, 1.0)",2,99.23333333333336,34740
"(0.85, 1.0)",6,99.23333333333332,34746
"(0.95, 1.0)",8,99.23333333333332,34754
"(0.9791666666666666, 0.9958333333333332)",2,99.23333333333332,34756
"(0.7666666666666667, 1.0)",1,99.23333333333332,34757
"(0.7, 1.0)",2,99.23333333333332,34759
"(0.5833333333333334, 1.0)",2,99.23333333333332,34761
"(0.8833333333333333, 1.0)",1,99.23333333333332,34762
"(0.8333333333333334, 1.0)",10,99.23333333333332,34772
"(0.7166666666666667, 1.0)",9,99.23333333333332,34781
"(0.8333333333333334, 1.0)",3,99.23333333333332,34784
"(0.9833333333333332, 1.0)",16,99.23333333333332,34800
"(1.0, 1.0)",12,99.23333333333332,34812
"(0.7833333333333333, 1.0)",1,99.23333333333332,34813
"(0.7333333333333333, 1.0)",7,99.23333333333332,34820
"(0.8166666666666667, 1.0)",6,99.23333333333332,34826
"(0.9666666666666668, 1.0)",7,99.23333333333332,34833
"(0.8666666666666667, 1.0)",9,99.23333333333332,34842
"(0.9166666666666666, 1.0)",9,99.23333333333332,34851
"(0.75, 1.0)",3,99.23333333333332,34854
"(0.6666666666666666, 1.0)",3,99.23333333333332,34857
"(0.9833333333333332, 1.0)",1,99.23333333333332,34858
"(0.8, 1.0)",10,99.23333333333332,34868
"(0.5666666666666667, 1.0)",1,99.23333333333332,34869
"(0.9333333333333332, 1.0)",8,99.23333333333332,34877
"(0.8, 1.0)",1,99.23333333333332,34878
"(0.6833333333333333, 1.0)",5,99.23333333333332,34883
"(0.85, 1.0)",1,99.23333333333332,34884
"(0.7666666666666667, 1.0)",7,99.23333333333332,34891
"(0.8833333333333333, 1.0)",14,99.23333333333332,34905
"(0.9, 1.0)",10,99.23333333333332,34915
"(0.7906976744186046, 1.0)",2,99.23255813953487,34917
"(0.8837209302325582, 1.0)",1,99.23255813953487,34918
"(0.872093023255814, 1.0)",1,99.23255813953487,34919
"(0.813953488372093, 1.0)",1,99.23255813953487,34920
"(0.9186046511627908, 1.0)",1,99.23255813953487,34921
"(0.8372093023255814, 1.0)",1,99.23255813953487,34922
"(0.7441860465116279, 1.0)",1,99.23255813953487,34923
"(0.6395348837209303, 1.0)",1,99.23255813953487,34924
"(0.8488372093023255, 1.0)",1,99.23255813953487,34925
"(0.9186046511627908, 1.0)",2,99.23255813953487,34927
"(0.6162790697674418, 1.0)",1,99.23255813953487,34928
"(0.6162790697674418, 1.0)",1,99.23255813953487,34929
"(0.627906976744186, 1.0)",2,99.23255813953487,34931
"(0.5930232558139535, 1.0)",1,99.23255813953487,34932
"(1.0, 0.9958333333333332)",1,99.22916666666674,34933
"(0.9625, 0.9958333333333332)",1,99.22916666666671,34934
"(0.9666666666666668, 0.9958333333333332)",1,99.22916666666671,34935
"(0.9791666666666666, 0.9958333333333332)",1,99.22916666666671,34936
"(0.95, 0.9958333333333332)",2,99.22916666666671,34938
"(0.9916666666666668, 0.9958333333333332)",1,99.22916666666671,34939
"(0.9333333333333332, 0.9958333333333332)",2,99.22916666666671,34941
"(0.975, 0.9958333333333332)",2,99.22916666666671,34943
"(0.9291666666666668, 0.9958333333333332)",2,99.22916666666671,34945
"(0.9875, 0.9958333333333332)",3,99.22916666666671,34948
"(0.9375, 0.9958333333333332)",1,99.22916666666671,34949
"(0.9208333333333332, 0.9958333333333332)",1,99.22916666666671,34950
"(0.9833333333333332, 0.9958333333333332)",1,99.22916666666671,34951
"(0.925, 0.9958333333333332)",1,99.22916666666671,34952
"(0.8625, 0.9958333333333332)",1,99.2291666666667,34953
"(0.825, 0.9958333333333332)",1,99.2291666666667,34954
"(0.9333333333333332, 0.9958333333333332)",1,99.2291666666667,34955
"(0.9708333333333332, 0.9958333333333332)",2,99.2291666666667,34957
"(0.9791666666666666, 0.9958333333333332)",2,99.2291666666667,34959
"(0.8541666666666666, 0.9958333333333332)",1,99.2291666666667,34960
"(0.85, 0.9958333333333332)",1,99.2291666666667,34961
"(0.9041666666666668, 0.9958333333333332)",2,99.2291666666667,34963
"(0.9625, 0.9958333333333332)",2,99.2291666666667,34965
"(0.9916666666666668, 0.9958333333333332)",1,99.2291666666667,34966
"(0.9375, 0.9958333333333332)",1,99.2291666666667,34967
"(0.8791666666666667, 0.9958333333333332)",2,99.2291666666667,34969
"(0.9875, 0.9958333333333332)",3,99.2291666666667,34972
"(0.8958333333333334, 0.9958333333333332)",1,99.2291666666667,34973
"(0.95, 0.9958333333333332)",1,99.2291666666667,34974
"(0.9291666666666668, 0.9958333333333332)",1,99.2291666666667,34975
"(0.9208333333333332, 0.9958333333333332)",4,99.2291666666667,34979
"(0.9625, 0.9958333333333332)",2,99.22916666666669,34981
"(0.975, 0.9958333333333332)",1,99.22916666666664,34982
"(0.9208333333333332, 0.9958333333333332)",1,99.22500000000008,34983
"(0.9833333333333332, 0.9958333333333332)",1,99.22500000000008,34984
"(0.9875, 0.9958333333333332)",1,99.22500000000008,34985
"(0.9291666666666668, 0.9958333333333332)",1,99.22500000000008,34986
"(0.8916666666666667, 0.9958333333333332)",1,99.22500000000004,34987
"(0.9875, 0.9958333333333332)",1,99.22500000000004,34988
"(0.9666666666666668, 0.9958333333333332)",1,99.22500000000004,34989
"(0.9666666666666668, 0.9958333333333332)",1,99.22500000000004,34990
"(0.9375, 0.9958333333333332)",4,99.22500000000004,34994
"(0.9958333333333332, 0.9958333333333332)",2,99.22500000000004,34996
"(0.9791666666666666, 0.9958333333333332)",3,99.22500000000004,34999
"(0.9875, 0.9958333333333332)",3,99.22500000000004,35002
"(0.9833333333333332, 0.9958333333333332)",1,99.22500000000004,35003
"(0.9916666666666668, 0.9958333333333332)",1,99.22500000000004,35004
"(0.9833333333333332, 0.9958333333333332)",3,99.22500000000004,35007
"(0.9, 0.9958333333333332)",2,99.22500000000004,35009
"(0.9208333333333332, 0.9958333333333332)",1,99.22500000000004,35010
"(0.8791666666666667, 0.9958333333333332)",1,99.22500000000004,35011
"(0.95, 0.9958333333333332)",1,99.22500000000004,35012
"(0.9333333333333332, 0.9958333333333332)",1,99.22500000000004,35013
"(0.9708333333333332, 0.9958333333333332)",4,99.22500000000004,35017
"(0.9625, 0.9958333333333332)",1,99.22500000000004,35018
"(0.9458333333333332, 0.9958333333333332)",1,99.22500000000004,35019
"(0.9833333333333332, 0.9958333333333332)",1,99.22500000000002,35020
"(0.9791666666666666, 0.9958333333333332)",2,99.225,35022
"(0.9583333333333334, 0.9958333333333332)",1,99.22499999999998,35023
"(0.9791666666666666, 0.9958333333333332)",2,99.22499999999997,35025
"(0.8611111111111112, 1.0)",2,99.22222222222224,35027
"(0.8333333333333334, 1.0)",2,99.22222222222224,35029
"(0.75, 1.0)",3,99.22222222222224,35032
"(0.7638888888888888, 1.0)",4,99.22222222222224,35036
"(0.7083333333333334, 1.0)",5,99.22222222222224,35041
"(0.9583333333333334, 1.0)",1,99.22222222222224,35042
"(0.6944444444444444, 1.0)",3,99.22222222222224,35045
"(0.8888888888888888, 1.0)",1,99.22222222222224,35046
"(0.9722222222222222, 1.0)",1,99.22222222222224,35047
"(0.7361111111111112, 1.0)",3,99.22222222222224,35050
"(0.625, 1.0)",2,99.22222222222224,35052
"(0.8472222222222222, 1.0)",1,99.22222222222224,35053
"(0.7222222222222222, 1.0)",2,99.22222222222224,35055
"(0.9027777777777778, 1.0)",5,99.22222222222224,35060
"(0.7777777777777778, 1.0)",2,99.22222222222224,35062
"(0.875, 1.0)",2,99.22222222222224,35064
"(0.9305555555555556, 1.0)",3,99.22222222222224,35067
"(0.8194444444444444, 1.0)",4,99.22222222222224,35071
"(0.9444444444444444, 1.0)",4,99.22222222222224,35075
"(0.9305555555555556, 1.0)",2,99.2222222222222,35077
"(0.6111111111111112, 1.0)",1,99.2222222222222,35078
"(0.9027777777777778, 1.0)",1,99.2222222222222,35079
"(0.8194444444444444, 1.0)",3,99.2222222222222,35082
"(0.8055555555555556, 1.0)",1,99.2222222222222,35083
"(0.625, 1.0)",2,99.2222222222222,35085
"(0.9583333333333334, 1.0)",3,99.2222222222222,35088
"(0.9444444444444444, 1.0)",1,99.2222222222222,35089
"(0.7674418604651163, 1.0)",1,99.22093023255816,35090
"(0.7325581395348837, 1.0)",1,99.22093023255816,35091
"(0.4651162790697674, 1.0)",1,99.22093023255816,35092
"(0.8372093023255814, 1.0)",1,99.22093023255812,35093
"(0.7906976744186046, 1.0)",2,99.22093023255812,35095
"(0.9875, 0.9958333333333332)",2,99.22083333333342,35097
"(0.9541666666666668, 0.9958333333333332)",1,99.2208333333334,35098
"(0.975, 0.9958333333333332)",1,99.2208333333334,35099
"(0.9916666666666668, 0.9958333333333332)",1,99.2208333333334,35100
"(0.9833333333333332, 0.9958333333333332)",1,99.2208333333334,35101
"(0.975, 0.9958333333333332)",1,99.2208333333334,35102
"(0.9833333333333332, 0.9958333333333332)",1,99.2208333333334,35103
"(0.9125, 0.9958333333333332)",1,99.2208333333334,35104
"(0.9458333333333332, 0.9958333333333332)",1,99.2208333333334,35105
"(0.9833333333333332, 0.9958333333333332)",2,99.22083333333336,35107
"(0.8375, 0.9958333333333332)",1,99.22083333333336,35108
"(0.9791666666666666, 0.9958333333333332)",2,99.22083333333336,35110
"(0.9041666666666668, 0.9958333333333332)",3,99.22083333333336,35113
"(0.9333333333333332, 0.9958333333333332)",1,99.22083333333336,35114
"(0.9375, 0.9958333333333332)",3,99.22083333333336,35117
"(0.9208333333333332, 0.9958333333333332)",2,99.22083333333336,35119
"(0.9458333333333332, 0.9958333333333332)",1,99.22083333333336,35120
"(0.8666666666666667, 0.9958333333333332)",1,99.22083333333336,35121
"(0.975, 0.9958333333333332)",1,99.22083333333336,35122
"(0.9791666666666666, 0.9958333333333332)",1,99.22083333333336,35123
"(0.9875, 0.9958333333333332)",1,99.22083333333336,35124
"(0.95, 0.9958333333333332)",2,99.22083333333336,35126
"(0.9666666666666668, 0.9958333333333332)",1,99.22083333333336,35127
"(0.9666666666666668, 0.9958333333333332)",1,99.22083333333336,35128
"(0.9708333333333332, 0.9958333333333332)",2,99.22083333333336,35130
"(0.9833333333333332, 0.9958333333333332)",3,99.22083333333336,35133
"(0.9625, 0.9958333333333332)",1,99.22083333333336,35134
"(0.9916666666666668, 0.9958333333333332)",3,99.22083333333336,35137
"(0.975, 0.9958333333333332)",1,99.22083333333332,35138
"(0.9833333333333332, 0.9958333333333332)",2,99.22083333333332,35140
"(0.975, 1.0)",1,99.22083333333332,35141
"(0.9833333333333332, 0.9958333333333332)",3,99.22083333333327,35144
"(0.975, 1.0)",1,99.22083333333327,35145
"(0.9833333333333332, 0.9916666666666668)",1,99.22083333333326,35146
"(0.9375, 0.9958333333333332)",1,99.21666666666675,35147
"(0.9833333333333332, 0.9958333333333332)",1,99.21666666666674,35148
"(0.9791666666666666, 0.9958333333333332)",1,99.21666666666674,35149
"(0.9333333333333332, 0.9958333333333332)",1,99.21666666666674,35150
"(0.9291666666666668, 0.9958333333333332)",1,99.21666666666674,35151
"(0.9791666666666666, 0.9958333333333332)",2,99.21666666666673,35153
"(0.9666666666666668, 0.9958333333333332)",1,99.21666666666673,35154
"(0.9291666666666668, 0.9958333333333332)",3,99.21666666666673,35157
"(0.9125, 0.9958333333333332)",1,99.21666666666673,35158
"(0.9, 0.9958333333333332)",2,99.21666666666673,35160
"(0.9708333333333332, 0.9958333333333332)",1,99.21666666666673,35161
"(0.9708333333333332, 0.9958333333333332)",1,99.21666666666673,35162
"(0.9375, 0.9958333333333332)",1,99.21666666666673,35163
"(0.9458333333333332, 0.9958333333333332)",1,99.21666666666673,35164
"(0.925, 0.9958333333333332)",1,99.21666666666673,35165
"(0.9833333333333332, 0.9958333333333332)",1,99.21666666666673,35166
"(0.975, 0.9958333333333332)",3,99.21666666666673,35169
"(0.9583333333333334, 0.9958333333333332)",1,99.21666666666673,35170
"(0.9458333333333332, 0.9958333333333332)",1,99.21666666666673,35171
"(0.9875, 0.9958333333333332)",1,99.21666666666673,35172
"(0.975, 0.9958333333333332)",2,99.2166666666667,35174
"(0.9958333333333332, 0.9958333333333332)",1,99.2166666666667,35175
"(0.9208333333333332, 0.9958333333333332)",1,99.2166666666667,35176
"(0.9166666666666666, 1.0)",1,99.2166666666667,35177
"(0.9333333333333332, 0.9833333333333332)",1,99.2166666666667,35178
"(0.9083333333333332, 0.9958333333333332)",1,99.2166666666667,35179
"(0.9791666666666666, 0.9958333333333332)",3,99.2166666666667,35182
"(0.9, 0.9833333333333332)",3,99.2166666666667,35185
"(0.9, 0.9958333333333332)",1,99.2166666666667,35186
"(0.9916666666666668, 0.9958333333333332)",2,99.2166666666667,35188
"(0.9333333333333332, 0.9958333333333332)",1,99.2166666666667,35189
"(0.9875, 0.9958333333333332)",2,99.2166666666667,35191
"(1.0, 0.9833333333333332)",1,99.2166666666667,35192
"(0.9833333333333332, 0.9958333333333332)",3,99.2166666666667,35195
"(0.95, 0.9958333333333332)",1,99.2166666666667,35196
"(0.9333333333333332, 1.0)",3,99.21666666666668,35199
"(0.85, 1.0)",12,99.21666666666668,35211
"(0.8, 1.0)",10,99.21666666666668,35221
"(0.9833333333333332, 1.0)",11,99.21666666666668,35232
"(0.9625, 0.9958333333333332)",1,99.21666666666668,35233
"(0.8333333333333334, 1.0)",19,99.21666666666668,35252
"(0.9, 1.0)",3,99.21666666666668,35255
"(0.9166666666666666, 1.0)",1,99.21666666666668,35256
"(0.7666666666666667, 1.0)",5,99.21666666666668,35261
"(0.9791666666666666, 0.9958333333333332)",1,99.21666666666668,35262
"(1.0, 1.0)",4,99.21666666666668,35266
"(0.95, 1.0)",6,99.21666666666668,35272
"(0.6666666666666666, 1.0)",5,99.21666666666668,35277
"(0.8666666666666667, 1.0)",14,99.21666666666668,35291
"(0.7833333333333333, 1.0)",1,99.21666666666668,35292
"(0.8833333333333333, 0.9833333333333332)",1,99.21666666666668,35293
"(0.7833333333333333, 1.0)",5,99.21666666666668,35298
"(0.55, 1.0)",1,99.21666666666668,35299
"(0.8166666666666667, 1.0)",11,99.21666666666668,35310
"(0.9, 1.0)",13,99.21666666666668,35323
"(0.75, 1.0)",4,99.21666666666668,35327
"(0.8333333333333334, 0.9833333333333332)",1,99.21666666666668,35328
"(0.7166666666666667, 1.0)",6,99.21666666666668,35334
"(0.8833333333333333, 1.0)",1,99.21666666666668,35335
"(0.9666666666666668, 1.0)",8,99.21666666666668,35343
"(0.6833333333333333, 1.0)",3,99.21666666666668,35346
"(0.9833333333333332, 1.0)",1,99.21666666666668,35347
"(0.9166666666666666, 1.0)",6,99.21666666666668,35353
"(0.8833333333333333, 1.0)",18,99.21666666666668,35371
"(0.8333333333333334, 1.0)",6,99.21666666666668,35377
"(0.7333333333333333, 1.0)",5,99.21666666666668,35382
"(0.9333333333333332, 1.0)",5,99.21666666666668,35387
"(0.85, 1.0)",1,99.21666666666668,35388
"(0.7, 1.0)",3,99.21666666666668,35391
"(0.95, 0.9958333333333332)",1,99.21666666666664,35392
"(1.0, 1.0)",1,99.21666666666664,35393
"(0.95, 0.9958333333333332)",2,99.2166666666666,35395
"(0.8212121212121212, 0.9992424242424244)",1,99.21439393939396,35396
"(0.9708333333333332, 0.9958333333333332)",1,99.21250000000008,35397
"(0.9625, 0.9958333333333332)",1,99.21250000000008,35398
"(0.9125, 0.9958333333333332)",1,99.21250000000006,35399
"(0.9833333333333332, 0.9958333333333332)",1,99.21250000000006,35400
"(0.9666666666666668, 0.9958333333333332)",2,99.21250000000006,35402
"(0.9625, 0.9958333333333332)",2,99.21250000000006,35404
"(0.9291666666666668, 0.9958333333333332)",3,99.21250000000003,35407
"(0.925, 0.9958333333333332)",1,99.21250000000003,35408
"(0.9708333333333332, 0.9958333333333332)",1,99.21250000000003,35409
"(0.9916666666666668, 0.9958333333333332)",1,99.21250000000003,35410
"(0.975, 0.9958333333333332)",2,99.21250000000003,35412
"(0.9541666666666668, 0.9958333333333332)",1,99.21250000000003,35413
"(0.9166666666666666, 0.9958333333333332)",3,99.21250000000003,35416
"(0.9875, 0.9958333333333332)",2,99.21250000000003,35418
"(0.9708333333333332, 0.9958333333333332)",2,99.21250000000003,35420
"(0.8958333333333334, 0.9958333333333332)",1,99.21250000000003,35421
"(0.8625, 0.9958333333333332)",1,99.21250000000003,35422
"(0.9916666666666668, 0.9958333333333332)",1,99.21250000000003,35423
"(0.9833333333333332, 0.9958333333333332)",3,99.21250000000003,35426
"(0.9291666666666668, 0.9958333333333332)",1,99.21250000000003,35427
"(0.9791666666666666, 0.9958333333333332)",2,99.21250000000003,35429
"(0.8375, 0.9958333333333332)",1,99.21250000000003,35430
"(0.875, 0.9958333333333332)",1,99.21250000000003,35431
"(0.95, 0.9958333333333332)",2,99.21250000000003,35433
"(0.9375, 0.9958333333333332)",1,99.21250000000003,35434
"(0.975, 0.9958333333333332)",1,99.21250000000002,35435
"(0.9458333333333332, 0.9958333333333332)",1,99.21250000000002,35436
"(0.9791666666666666, 0.9958333333333332)",1,99.21250000000002,35437
"(0.9791666666666666, 0.9958333333333332)",1,99.21249999999998,35438
"(0.9875, 0.9958333333333332)",1,99.21249999999992,35439
"(0.8372093023255814, 1.0)",2,99.2093023255814,35441
"(0.9534883720930232, 1.0)",1,99.2093023255814,35442
"(0.627906976744186, 1.0)",1,99.2093023255814,35443
"(0.9186046511627908, 1.0)",1,99.2093023255814,35444
"(0.6395348837209303, 1.0)",1,99.2093023255814,35445
"(0.4651162790697674, 1.0)",1,99.2093023255814,35446
"(0.8372093023255814, 1.0)",1,99.2093023255814,35447
"(0.7674418604651163, 1.0)",1,99.2093023255814,35448
"(0.8255813953488372, 1.0)",1,99.2093023255814,35449
"(0.4651162790697674, 1.0)",1,99.2093023255814,35450
"(0.6162790697674418, 1.0)",2,99.2093023255814,35452
"(0.8488372093023255, 1.0)",2,99.2093023255814,35454
"(0.9625, 0.9958333333333332)",1,99.2083333333334,35455
"(0.9708333333333332, 0.9958333333333332)",1,99.2083333333334,35456
"(0.975, 0.9958333333333332)",1,99.2083333333334,35457
"(0.9791666666666666, 0.9958333333333332)",1,99.2083333333334,35458
"(0.9833333333333332, 0.9958333333333332)",1,99.2083333333334,35459
"(0.9666666666666668, 0.9958333333333332)",3,99.2083333333334,35462
"(0.9291666666666668, 0.9958333333333332)",2,99.20833333333336,35464
"(0.825, 0.9958333333333332)",2,99.20833333333336,35466
"(0.95, 0.9958333333333332)",1,99.20833333333336,35467
"(0.9791666666666666, 0.9958333333333332)",1,99.20833333333336,35468
"(0.9916666666666668, 0.9958333333333332)",1,99.20833333333336,35469
"(0.975, 0.9958333333333332)",1,99.20833333333336,35470
"(0.8916666666666667, 0.9958333333333332)",1,99.20833333333336,35471
"(0.9125, 0.9958333333333332)",1,99.20833333333336,35472
"(0.9791666666666666, 0.9958333333333332)",2,99.20833333333336,35474
"(0.8625, 0.9958333333333332)",1,99.20833333333336,35475
"(0.9666666666666668, 0.9958333333333332)",3,99.20833333333336,35478
"(0.8541666666666666, 0.9958333333333332)",1,99.20833333333336,35479
"(0.9208333333333332, 0.9958333333333332)",1,99.20833333333336,35480
"(0.9375, 0.9958333333333332)",1,99.20833333333336,35481
"(0.8375, 0.9958333333333332)",1,99.20833333333336,35482
"(0.9833333333333332, 0.9958333333333332)",2,99.20833333333336,35484
"(0.9625, 0.9958333333333332)",1,99.20833333333336,35485
"(0.9041666666666668, 0.9958333333333332)",2,99.20833333333336,35487
"(0.9875, 0.9958333333333332)",2,99.20833333333336,35489
"(0.9, 0.9958333333333332)",2,99.20833333333336,35491
"(0.9958333333333332, 0.9958333333333332)",1,99.20833333333336,35492
"(0.975, 1.0)",2,99.20833333333334,35494
"(0.8333333333333334, 1.0)",1,99.20833333333334,35495
"(0.8888888888888888, 1.0)",1,99.20833333333334,35496
"(0.9625, 0.9958333333333332)",1,99.20833333333334,35497
"(0.7916666666666666, 1.0)",1,99.20833333333334,35498
"(0.9583333333333334, 1.0)",1,99.20833333333334,35499
"(0.9305555555555556, 1.0)",2,99.20833333333334,35501
"(0.8055555555555556, 1.0)",5,99.20833333333334,35506
"(0.7083333333333334, 1.0)",3,99.20833333333334,35509
"(0.7222222222222222, 1.0)",2,99.20833333333334,35511
"(0.7638888888888888, 1.0)",1,99.20833333333334,35512
"(0.875, 1.0)",2,99.20833333333334,35514
"(0.8611111111111112, 1.0)",1,99.20833333333334,35515
"(0.9166666666666666, 1.0)",1,99.20833333333334,35516
"(0.8194444444444444, 1.0)",4,99.20833333333334,35520
"(0.9791666666666666, 1.0)",2,99.20833333333334,35522
"(0.9458333333333332, 0.9958333333333332)",2,99.20833333333334,35524
"(0.7361111111111112, 1.0)",1,99.20833333333334,35525
"(0.9444444444444444, 1.0)",1,99.20833333333334,35526
"(0.7638888888888888, 1.0)",5,99.20833333333331,35531
"(0.7777777777777778, 1.0)",5,99.20833333333331,35536
"(0.8611111111111112, 1.0)",1,99.20833333333331,35537
"(0.9444444444444444, 1.0)",2,99.20833333333331,35539
"(0.9166666666666666, 1.0)",1,99.20833333333331,35540
"(0.9305555555555556, 1.0)",1,99.20833333333331,35541
"(0.6944444444444444, 1.0)",1,99.20833333333331,35542
"(0.7916666666666666, 1.0)",3,99.20833333333331,35545
"(0.7222222222222222, 1.0)",1,99.20833333333331,35546
"(0.8333333333333334, 1.0)",3,99.20833333333331,35549
"(0.875, 1.0)",1,99.20833333333331,35550
"(0.8194444444444444, 1.0)",5,99.20833333333331,35555
"(0.7083333333333334, 1.0)",2,99.20833333333331,35557
"(0.9027777777777778, 1.0)",4,99.20833333333331,35561
"(0.75, 1.0)",1,99.20833333333331,35562
"(0.9708333333333332, 0.9958333333333332)",1,99.20833333333331,35563
"(0.9583333333333334, 1.0)",10,99.20833333333331,35573
"(0.7361111111111112, 1.0)",1,99.20833333333331,35574
"(0.6111111111111112, 1.0)",3,99.20833333333331,35577
"(0.8888888888888888, 1.0)",4,99.20833333333331,35581
"(0.9833333333333332, 0.9958333333333332)",1,99.2083333333333,35582
"(0.9875, 0.9958333333333332)",1,99.20833333333329,35583
"(0.9875, 1.0)",1,99.20833333333324,35584
"(0.9458333333333332, 0.9958333333333332)",2,99.20416666666674,35586
"(0.9916666666666668, 0.9958333333333332)",1,99.20416666666672,35587
"(0.9583333333333334, 0.9958333333333332)",3,99.20416666666672,35590
"(0.9125, 0.9958333333333332)",1,99.20416666666672,35591
"(0.9833333333333332, 0.9958333333333332)",2,99.20416666666672,35593
"(0.975, 0.9958333333333332)",1,99.20416666666672,35594
"(0.9833333333333332, 0.9958333333333332)",2,99.20416666666672,35596
"(0.9541666666666668, 0.9958333333333332)",1,99.20416666666672,35597
"(0.8791666666666667, 0.9958333333333332)",3,99.20416666666672,35600
"(0.9875, 0.9958333333333332)",2,99.20416666666672,35602
"(0.9375, 0.9958333333333332)",3,99.20416666666672,35605
"(0.9666666666666668, 0.9958333333333332)",2,99.20416666666672,35607
"(0.9791666666666666, 0.9958333333333332)",4,99.20416666666672,35611
"(0.9875, 0.9958333333333332)",3,99.20416666666672,35614
"(0.8083333333333333, 0.9958333333333332)",1,99.20416666666672,35615
"(0.95, 0.9958333333333332)",2,99.20416666666672,35617
"(0.8625, 0.9958333333333332)",1,99.20416666666672,35618
"(0.9291666666666668, 0.9958333333333332)",4,99.20416666666672,35622
"(0.8375, 0.9958333333333332)",1,99.20416666666672,35623
"(0.9708333333333332, 0.9958333333333332)",1,99.20416666666672,35624
"(0.9083333333333332, 0.9958333333333332)",1,99.20416666666672,35625
"(0.9625, 0.9958333333333332)",1,99.20416666666672,35626
"(0.9291666666666668, 0.9958333333333332)",1,99.20416666666672,35627
"(0.9375, 0.9958333333333332)",2,99.2041666666667,35629
"(0.95, 0.9958333333333332)",1,99.2041666666667,35630
"(0.9666666666666668, 0.9958333333333332)",1,99.2041666666667,35631
"(0.9833333333333332, 0.9958333333333332)",1,99.2041666666667,35632
"(0.9708333333333332, 0.9958333333333332)",1,99.20416666666668,35633
"(0.9958333333333332, 1.0)",1,99.20416666666668,35634
"(0.9833333333333332, 0.9958333333333332)",1,99.20416666666664,35635
"(0.9833333333333332, 0.9958333333333332)",1,99.20000000000012,35636
"(0.9833333333333332, 0.9958333333333332)",1,99.20000000000007,35637
"(0.8916666666666667, 0.9958333333333332)",1,99.20000000000007,35638
"(0.9041666666666668, 0.9958333333333332)",1,99.20000000000007,35639
"(0.9791666666666666, 0.9958333333333332)",1,99.20000000000007,35640
"(0.9625, 0.9958333333333332)",1,99.20000000000006,35641
"(0.9125, 0.9958333333333332)",1,99.20000000000006,35642
"(0.9541666666666668, 0.9958333333333332)",1,99.20000000000006,35643
"(0.8916666666666667, 0.9958333333333332)",2,99.20000000000006,35645
"(0.9833333333333332, 0.9958333333333332)",1,99.20000000000006,35646
"(0.8916666666666667, 0.9958333333333332)",1,99.20000000000005,35647
"(0.9791666666666666, 0.9958333333333332)",1,99.20000000000005,35648
"(1.0, 1.0)",1,99.20000000000005,35649
"(0.85, 0.9958333333333332)",2,99.20000000000005,35651
"(0.8833333333333333, 1.0)",1,99.20000000000005,35652
"(0.8375, 0.9958333333333332)",1,99.20000000000005,35653
"(0.9125, 0.9958333333333332)",1,99.20000000000005,35654
"(0.9916666666666668, 0.9958333333333332)",1,99.20000000000005,35655
"(0.9708333333333332, 0.9958333333333332)",2,99.20000000000005,35657
"(0.9083333333333332, 0.9958333333333332)",1,99.20000000000005,35658
"(0.9166666666666666, 1.0)",1,99.20000000000005,35659
"(0.975, 0.9958333333333332)",3,99.20000000000005,35662
"(0.9333333333333332, 0.9958333333333332)",2,99.20000000000005,35664
"(0.9291666666666668, 0.9958333333333332)",1,99.20000000000005,35665
"(0.825, 0.9958333333333332)",1,99.20000000000005,35666
"(0.9875, 0.9958333333333332)",2,99.20000000000005,35668
"(0.9208333333333332, 0.9958333333333332)",2,99.20000000000005,35670
"(0.925, 0.9958333333333332)",2,99.20000000000005,35672
"(0.8791666666666667, 0.9958333333333332)",1,99.20000000000005,35673
"(0.8416666666666667, 0.9958333333333332)",1,99.20000000000005,35674
"(0.9916666666666668, 0.9958333333333332)",1,99.20000000000005,35675
"(1.0, 1.0)",1,99.20000000000005,35676
"(0.9833333333333332, 0.9958333333333332)",2,99.20000000000005,35678
"(0.9583333333333334, 0.9958333333333332)",1,99.20000000000005,35679
"(0.975, 0.9958333333333332)",5,99.20000000000005,35684
"(0.9791666666666666, 0.9958333333333332)",3,99.20000000000005,35687
"(0.9, 1.0)",6,99.20000000000002,35693
"(0.8166666666666667, 1.0)",1,99.20000000000002,35694
"(0.75, 1.0)",3,99.20000000000002,35697
"(0.95, 1.0)",1,99.20000000000002,35698
"(0.8666666666666667, 1.0)",2,99.20000000000002,35700
"(1.0, 1.0)",2,99.20000000000002,35702
"(0.8333333333333334, 0.9833333333333332)",1,99.20000000000002,35703
"(0.9333333333333332, 1.0)",1,99.20000000000002,35704
"(0.9166666666666666, 1.0)",11,99.20000000000002,35715
"(0.9333333333333332, 0.9833333333333332)",3,99.20000000000002,35718
"(0.9666666666666668, 1.0)",2,99.20000000000002,35720
"(0.8333333333333334, 1.0)",4,99.20000000000002,35724
"(0.9666666666666668, 0.9833333333333332)",1,99.20000000000002,35725
"(0.85, 1.0)",1,99.20000000000002,35726
"(0.8333333333333334, 1.0)",11,99.2,35737
"(0.8666666666666667, 1.0)",13,99.2,35750
"(0.95, 1.0)",2,99.2,35752
"(0.8, 1.0)",2,99.2,35754
"(0.8166666666666667, 1.0)",9,99.2,35763
"(0.8, 1.0)",2,99.2,35765
"(0.75, 1.0)",1,99.2,35766
"(0.75, 1.0)",4,99.2,35770
"(0.8833333333333333, 1.0)",1,99.2,35771
"(0.9625, 0.9958333333333332)",1,99.2,35772
"(0.7333333333333333, 1.0)",2,99.2,35774
"(0.975, 0.9958333333333332)",2,99.2,35776
"(0.7833333333333333, 1.0)",2,99.2,35778
"(0.8166666666666667, 1.0)",5,99.2,35783
"(0.8833333333333333, 1.0)",17,99.2,35800
"(0.7166666666666667, 1.0)",4,99.2,35804
"(0.7333333333333333, 1.0)",8,99.2,35812
"(0.6833333333333333, 1.0)",1,99.2,35813
"(0.9875, 1.0)",1,99.2,35814
"(0.95, 0.9958333333333332)",2,99.2,35816
"(1.0, 1.0)",4,99.2,35820
"(0.9666666666666668, 1.0)",6,99.2,35826
"(0.9833333333333332, 1.0)",1,99.2,35827
"(0.95, 1.0)",6,99.2,35833
"(0.8333333333333334, 1.0)",3,99.2,35836
"(0.9333333333333332, 1.0)",8,99.2,35844
"(0.6833333333333333, 1.0)",2,99.2,35846
"(0.6, 1.0)",1,99.2,35847
"(0.9166666666666666, 1.0)",7,99.2,35854
"(1.0, 1.0)",9,99.2,35863
"(0.9, 1.0)",9,99.2,35872
"(0.85, 1.0)",12,99.2,35884
"(0.8666666666666667, 1.0)",2,99.2,35886
"(0.9, 1.0)",1,99.2,35887
"(0.6666666666666666, 1.0)",1,99.2,35888
"(0.7666666666666667, 1.0)",7,99.2,35895
"(0.9833333333333332, 1.0)",5,99.2,35900
"(0.7674418604651163, 1.0)",1,99.19767441860463,35901
"(0.4883720930232558, 1.0)",1,99.19767441860463,35902
"(0.6395348837209303, 1.0)",1,99.19767441860463,35903
"(0.8837209302325582, 1.0)",2,99.19767441860463,35905
"(0.8023255813953488, 1.0)",1,99.19767441860463,35906
"(0.5930232558139535, 1.0)",2,99.19767441860463,35908
"(0.8372093023255814, 1.0)",1,99.19767441860463,35909
"(0.7441860465116279, 1.0)",1,99.19767441860463,35910
"(0.6162790697674418, 1.0)",1,99.19767441860463,35911
"(0.6162790697674418, 1.0)",1,99.19767441860463,35912
"(0.9666666666666668, 0.9958333333333332)",1,99.1958333333334,35913
"(0.9875, 0.9958333333333332)",1,99.1958333333334,35914
"(0.9041666666666668, 0.9958333333333332)",1,99.1958333333334,35915
"(0.9458333333333332, 0.9958333333333332)",1,99.1958333333334,35916
"(0.9833333333333332, 0.9958333333333332)",1,99.1958333333334,35917
"(0.9791666666666666, 0.9958333333333332)",2,99.1958333333334,35919
"(0.9333333333333332, 0.9958333333333332)",1,99.1958333333334,35920
"(0.9875, 0.9958333333333332)",2,99.1958333333334,35922
"(0.9666666666666668, 0.9958333333333332)",1,99.19583333333338,35923
"(0.95, 0.9958333333333332)",1,99.19583333333338,35924
"(0.9875, 0.9958333333333332)",1,99.19583333333338,35925
"(0.9791666666666666, 0.9958333333333332)",1,99.19583333333338,35926
"(0.9375, 0.9958333333333332)",1,99.19583333333338,35927
"(0.9791666666666666, 0.9958333333333332)",3,99.19583333333335,35930
"(0.9625, 0.9958333333333332)",2,99.19583333333335,35932
"(0.9041666666666668, 0.9958333333333332)",1,99.19583333333335,35933
"(0.9875, 0.9958333333333332)",1,99.19583333333335,35934
"(1.0, 0.9958333333333332)",1,99.19583333333335,35935
"(0.9208333333333332, 0.9958333333333332)",1,99.19583333333335,35936
"(0.9708333333333332, 0.9958333333333332)",2,99.19583333333335,35938
"(0.8916666666666667, 0.9958333333333332)",2,99.19583333333335,35940
"(0.975, 0.9958333333333332)",6,99.19583333333335,35946
"(0.85, 0.9958333333333332)",1,99.19583333333335,35947
"(0.8666666666666667, 0.9958333333333332)",1,99.19583333333335,35948
"(0.8625, 0.9958333333333332)",1,99.19583333333335,35949
"(0.95, 0.9958333333333332)",1,99.19583333333335,35950
"(0.9666666666666668, 0.9958333333333332)",1,99.19583333333335,35951
"(0.925, 0.9958333333333332)",1,99.19583333333335,35952
"(0.9833333333333332, 0.9958333333333332)",2,99.19583333333335,35954
"(0.9916666666666668, 0.9958333333333332)",1,99.19583333333335,35955
"(0.975, 1.0)",1,99.19583333333334,35956
"(0.975, 1.0)",1,99.19583333333333,35957
"(0.9541666666666668, 0.9958333333333332)",1,99.19583333333333,35958
"(0.975, 0.9958333333333332)",2,99.19583333333333,35960
"(0.975, 0.9916666666666668)",1,99.1958333333332,35961
"(0.8333333333333334, 1.0)",1,99.19444444444446,35962
"(0.7361111111111112, 1.0)",3,99.19444444444444,35965
"(0.6944444444444444, 1.0)",4,99.19444444444444,35969
"(0.9722222222222222, 1.0)",1,99.19444444444444,35970
"(0.7777777777777778, 1.0)",2,99.19444444444444,35972
"(0.8472222222222222, 1.0)",3,99.19444444444444,35975
"(0.9027777777777778, 1.0)",4,99.19444444444444,35979
"(0.7638888888888888, 1.0)",3,99.19444444444444,35982
"(0.9166666666666666, 1.0)",2,99.19444444444444,35984
"(0.9444444444444444, 1.0)",2,99.19444444444444,35986
"(0.7916666666666666, 1.0)",3,99.19444444444444,35989
"(0.8055555555555556, 1.0)",2,99.19444444444444,35991
"(0.9305555555555556, 1.0)",5,99.19444444444444,35996
"(0.8888888888888888, 1.0)",4,99.19444444444444,36000
"(0.8333333333333334, 1.0)",1,99.19444444444444,36001
"(0.8611111111111112, 1.0)",9,99.19444444444444,36010
"(0.875, 1.0)",3,99.19444444444444,36013
"(0.9583333333333334, 1.0)",2,99.19444444444444,36015
"(0.7083333333333334, 1.0)",1,99.19444444444444,36016
"(0.8194444444444444, 1.0)",6,99.19444444444444,36022
"(0.9791666666666666, 0.9958333333333332)",1,99.19166666666676,36023
"(0.9875, 0.9958333333333332)",1,99.19166666666672,36024
"(0.9875, 0.9958333333333332)",1,99.19166666666672,36025
"(0.9458333333333332, 0.9958333333333332)",1,99.19166666666672,36026
"(0.9625, 0.9958333333333332)",1,99.19166666666672,36027
"(0.9708333333333332, 0.9958333333333332)",2,99.19166666666672,36029
"(0.95, 0.9958333333333332)",1,99.19166666666672,36030
"(0.9208333333333332, 0.9958333333333332)",1,99.19166666666672,36031
"(0.9833333333333332, 0.9958333333333332)",1,99.19166666666672,36032
"(0.9666666666666668, 0.9958333333333332)",2,99.19166666666672,36034
"(0.9416666666666668, 0.9958333333333332)",1,99.1916666666667,36035
"(0.925, 0.9958333333333332)",2,99.1916666666667,36037
"(0.9, 0.9958333333333332)",1,99.1916666666667,36038
"(0.9625, 0.9958333333333332)",4,99.1916666666667,36042
"(0.9333333333333332, 0.9958333333333332)",1,99.1916666666667,36043
"(0.95, 0.9958333333333332)",1,99.1916666666667,36044
"(0.8666666666666667, 0.9958333333333332)",1,99.1916666666667,36045
"(0.8375, 0.9958333333333332)",1,99.1916666666667,36046
"(0.9208333333333332, 0.9958333333333332)",2,99.1916666666667,36048
"(0.9791666666666666, 0.9958333333333332)",1,99.1916666666667,36049
"(0.975, 0.9958333333333332)",4,99.1916666666667,36053
"(0.9125, 0.9958333333333332)",1,99.1916666666667,36054
"(0.8041666666666667, 0.9958333333333332)",1,99.1916666666667,36055
"(0.9041666666666668, 0.9958333333333332)",1,99.1916666666667,36056
"(0.9833333333333332, 0.9958333333333332)",3,99.1916666666667,36059
"(0.9916666666666668, 0.9958333333333332)",1,99.1916666666667,36060
"(0.875, 0.9958333333333332)",1,99.1916666666667,36061
"(0.8958333333333334, 0.9958333333333332)",1,99.1916666666667,36062
"(0.975, 0.9958333333333332)",1,99.19166666666668,36063
"(0.9833333333333332, 0.9958333333333332)",1,99.19166666666668,36064
"(0.9791666666666666, 0.9958333333333332)",1,99.19166666666666,36065
"(0.9791666666666666, 0.9958333333333332)",1,99.19166666666663,36066
"(0.9791666666666666, 0.9958333333333332)",1,99.1875000000001,36067
"(0.975, 0.9958333333333332)",1,99.1875000000001,36068
"(0.9375, 0.9958333333333332)",1,99.18750000000009,36069
"(1.0, 0.9958333333333332)",1,99.18750000000009,36070
"(0.9458333333333332, 0.9958333333333332)",1,99.18750000000009,36071
"(0.9208333333333332, 0.9958333333333332)",1,99.18750000000006,36072
"(0.9708333333333332, 0.9958333333333332)",1,99.18750000000006,36073
"(0.9666666666666668, 0.9958333333333332)",1,99.18750000000006,36074
"(0.9625, 0.9958333333333332)",1,99.18750000000006,36075
"(0.95, 0.9958333333333332)",1,99.18750000000006,36076
"(0.975, 0.9958333333333332)",4,99.18750000000004,36080
"(0.9291666666666668, 0.9958333333333332)",1,99.18750000000004,36081
"(0.9666666666666668, 0.9958333333333332)",1,99.18750000000004,36082
"(0.8375, 0.9958333333333332)",1,99.18750000000004,36083
"(0.9916666666666668, 0.9958333333333332)",1,99.18750000000004,36084
"(0.975, 0.9958333333333332)",1,99.18750000000004,36085
"(0.825, 0.9958333333333332)",1,99.18750000000004,36086
"(0.9875, 0.9958333333333332)",1,99.18750000000004,36087
"(0.9833333333333332, 0.9958333333333332)",1,99.18750000000004,36088
"(0.9375, 0.9958333333333332)",1,99.18750000000004,36089
"(0.9791666666666666, 0.9958333333333332)",1,99.18750000000004,36090
"(0.9916666666666668, 0.9958333333333332)",1,99.18750000000004,36091
"(0.9, 0.9958333333333332)",1,99.18750000000004,36092
"(0.8541666666666666, 0.9958333333333332)",1,99.18750000000004,36093
"(0.9958333333333332, 0.9958333333333332)",1,99.18750000000004,36094
"(0.8666666666666667, 0.9958333333333332)",1,99.18750000000004,36095
"(0.9291666666666668, 0.9958333333333332)",1,99.18750000000004,36096
"(0.975, 0.9958333333333332)",2,99.1875,36098
"(0.9625, 0.9958333333333332)",1,99.1875,36099
"(0.9875, 0.9958333333333332)",1,99.1875,36100
"(0.975, 1.0)",1,99.1875,36101
"(0.9833333333333332, 1.0)",1,99.1875,36102
"(0.9791666666666666, 0.9958333333333332)",1,99.18749999999994,36103
"(0.4534883720930232, 1.0)",1,99.18604651162792,36104
"(0.8255813953488372, 1.0)",1,99.18604651162792,36105
"(0.627906976744186, 1.0)",1,99.18604651162792,36106
"(0.6162790697674418, 1.0)",3,99.18604651162792,36109
"(0.7441860465116279, 1.0)",1,99.18604651162792,36110
"(0.4883720930232558, 1.0)",4,99.18604651162792,36114
"(0.7906976744186046, 1.0)",2,99.18604651162792,36116
"(0.3372093023255814, 1.0)",1,99.18604651162792,36117
"(0.8372093023255814, 1.0)",2,99.18604651162792,36119
"(0.6162790697674418, 1.0)",1,99.1860465116279,36120
"(0.7674418604651163, 1.0)",1,99.1860465116279,36121
"(0.7906976744186046, 1.0)",1,99.1860465116279,36122
"(0.9, 0.9958333333333332)",1,99.18333333333342,36123
"(0.8791666666666667, 0.9958333333333332)",1,99.1833333333334,36124
"(0.9041666666666668, 0.9958333333333332)",1,99.1833333333334,36125
"(0.9625, 0.9958333333333332)",1,99.1833333333334,36126
"(0.9375, 0.9958333333333332)",1,99.1833333333334,36127
"(0.9458333333333332, 0.9958333333333332)",1,99.1833333333334,36128
"(0.8375, 0.9958333333333332)",1,99.1833333333334,36129
"(0.9833333333333332, 0.9958333333333332)",2,99.1833333333334,36131
"(0.9875, 0.9958333333333332)",1,99.1833333333334,36132
"(0.9208333333333332, 0.9958333333333332)",3,99.18333333333338,36135
"(0.9041666666666668, 0.9958333333333332)",2,99.18333333333338,36137
"(0.9833333333333332, 0.9958333333333332)",3,99.18333333333338,36140
"(0.9791666666666666, 0.9958333333333332)",1,99.18333333333338,36141
"(0.9333333333333332, 0.9958333333333332)",1,99.18333333333338,36142
"(1.0, 1.0)",1,99.18333333333337,36143
"(0.8833333333333333, 0.9833333333333332)",1,99.18333333333337,36144
"(0.8833333333333333, 1.0)",1,99.18333333333337,36145
"(0.8666666666666667, 1.0)",1,99.18333333333337,36146
"(0.7333333333333333, 1.0)",1,99.18333333333337,36147
"(0.9916666666666668, 0.9958333333333332)",1,99.18333333333337,36148
"(0.9208333333333332, 0.9958333333333332)",1,99.18333333333337,36149
"(0.9333333333333332, 0.9833333333333332)",1,99.18333333333337,36150
"(0.9, 0.9833333333333332)",1,99.18333333333337,36151
"(0.85, 1.0)",2,99.18333333333337,36153
"(0.9833333333333332, 1.0)",1,99.18333333333337,36154
"(0.875, 0.9958333333333332)",1,99.18333333333337,36155
"(0.9, 1.0)",2,99.18333333333337,36157
"(0.9583333333333334, 0.9958333333333332)",3,99.18333333333337,36160
"(0.9791666666666666, 0.9958333333333332)",2,99.18333333333337,36162
"(0.9041666666666668, 0.9958333333333332)",1,99.18333333333337,36163
"(0.95, 1.0)",1,99.18333333333337,36164
"(0.9166666666666666, 1.0)",3,99.18333333333337,36167
"(0.9833333333333332, 0.9833333333333332)",1,99.18333333333337,36168
"(1.0, 1.0)",1,99.18333333333337,36169
"(0.9458333333333332, 0.9958333333333332)",1,99.18333333333337,36170
"(0.9333333333333332, 1.0)",3,99.18333333333337,36173
"(0.9875, 0.9958333333333332)",1,99.18333333333337,36174
"(0.9833333333333332, 0.9958333333333332)",1,99.18333333333337,36175
"(0.8166666666666667, 1.0)",1,99.18333333333337,36176
"(0.9333333333333332, 0.9958333333333332)",1,99.18333333333337,36177
"(0.9666666666666668, 0.9958333333333332)",2,99.18333333333337,36179
"(0.7833333333333333, 1.0)",7,99.18333333333334,36186
"(0.8833333333333333, 1.0)",16,99.18333333333334,36202
"(0.8666666666666667, 1.0)",7,99.18333333333334,36209
"(0.7166666666666667, 1.0)",10,99.18333333333334,36219
"(0.6833333333333333, 1.0)",5,99.18333333333334,36224
"(0.75, 1.0)",4,99.18333333333334,36228
"(0.6666666666666666, 1.0)",1,99.18333333333334,36229
"(0.95, 1.0)",4,99.18333333333334,36233
"(0.8166666666666667, 1.0)",8,99.18333333333334,36241
"(0.9333333333333332, 1.0)",13,99.18333333333334,36254
"(0.85, 1.0)",26,99.18333333333334,36280
"(0.7333333333333333, 1.0)",2,99.18333333333334,36282
"(0.7666666666666667, 1.0)",4,99.18333333333334,36286
"(0.9833333333333332, 1.0)",3,99.18333333333334,36289
"(0.975, 1.0)",1,99.18333333333334,36290
"(0.9166666666666666, 1.0)",12,99.18333333333334,36302
"(0.9, 1.0)",10,99.18333333333334,36312
"(0.8, 1.0)",5,99.18333333333334,36317
"(0.8333333333333334, 1.0)",3,99.18333333333334,36320
"(0.9666666666666668, 1.0)",2,99.18333333333334,36322
"(1.0, 1.0)",13,99.18333333333334,36335
"(0.8666666666666667, 1.0)",1,99.18333333333332,36336
"(0.975, 0.9958333333333332)",2,99.18333333333332,36338
"(0.7333333333333333, 1.0)",1,99.18333333333332,36339
"(0.9791666666666666, 1.0)",1,99.18333333333332,36340
"(1.0, 1.0)",1,99.18333333333332,36341
"(0.975, 0.9958333333333332)",1,99.18333333333328,36342
"(0.9833333333333332, 0.9958333333333332)",2,99.18333333333328,36344
"(0.9444444444444444, 1.0)",3,99.18055555555556,36347
"(0.7777777777777778, 1.0)",1,99.18055555555556,36348
"(0.8333333333333334, 1.0)",6,99.18055555555556,36354
"(0.9305555555555556, 1.0)",1,99.18055555555556,36355
"(0.6805555555555556, 1.0)",1,99.18055555555556,36356
"(0.9166666666666666, 1.0)",12,99.18055555555556,36368
"(0.9583333333333334, 1.0)",4,99.18055555555556,36372
"(0.7361111111111112, 1.0)",1,99.18055555555556,36373
"(0.8888888888888888, 1.0)",3,99.18055555555556,36376
"(0.7222222222222222, 1.0)",2,99.18055555555556,36378
"(0.7083333333333334, 1.0)",2,99.18055555555556,36380
"(0.8611111111111112, 1.0)",7,99.18055555555556,36387
"(0.5972222222222222, 1.0)",1,99.18055555555556,36388
"(0.6944444444444444, 1.0)",1,99.18055555555556,36389
"(0.7916666666666666, 1.0)",2,99.18055555555556,36391
"(0.7638888888888888, 1.0)",5,99.18055555555556,36396
"(0.6111111111111112, 1.0)",3,99.18055555555556,36399
"(0.9027777777777778, 1.0)",6,99.18055555555556,36405
"(0.8194444444444444, 1.0)",1,99.18055555555556,36406
"(0.9444444444444444, 1.0)",2,99.18055555555554,36408
"(0.7222222222222222, 1.0)",1,99.18055555555554,36409
"(0.7638888888888888, 1.0)",2,99.18055555555554,36411
"(0.8717948717948718, 1.0)",3,99.17948717948718,36414
"(0.9208333333333332, 0.9958333333333332)",1,99.17916666666676,36415
"(0.9875, 0.9958333333333332)",1,99.17916666666676,36416
"(0.9916666666666668, 0.9958333333333332)",1,99.17916666666676,36417
"(0.975, 0.9958333333333332)",1,99.17916666666676,36418
"(0.8958333333333334, 0.9958333333333332)",1,99.17916666666676,36419
"(0.9625, 0.9958333333333332)",1,99.17916666666672,36420
"(0.975, 0.9958333333333332)",1,99.17916666666672,36421
"(0.9708333333333332, 0.9958333333333332)",1,99.17916666666672,36422
"(0.9875, 0.9958333333333332)",2,99.17916666666672,36424
"(0.8958333333333334, 0.9958333333333332)",1,99.17916666666672,36425
"(0.9666666666666668, 0.9958333333333332)",1,99.17916666666672,36426
"(0.8791666666666667, 0.9958333333333332)",1,99.17916666666672,36427
"(0.875, 0.9958333333333332)",1,99.17916666666672,36428
"(0.8625, 0.9958333333333332)",1,99.1791666666667,36429
"(0.9083333333333332, 0.9958333333333332)",1,99.1791666666667,36430
"(0.9833333333333332, 0.9958333333333332)",1,99.1791666666667,36431
"(0.95, 0.9958333333333332)",1,99.1791666666667,36432
"(0.9916666666666668, 0.9958333333333332)",2,99.1791666666667,36434
"(0.8541666666666666, 0.9958333333333332)",1,99.1791666666667,36435
"(0.9791666666666666, 0.9958333333333332)",1,99.1791666666667,36436
"(0.975, 0.9958333333333332)",1,99.1791666666667,36437
"(0.85, 0.9958333333333332)",1,99.1791666666667,36438
"(0.9666666666666668, 0.9958333333333332)",2,99.1791666666667,36440
"(0.9291666666666668, 0.9958333333333332)",1,99.1791666666667,36441
"(0.9583333333333334, 0.9958333333333332)",1,99.1791666666667,36442
"(0.9875, 0.9958333333333332)",1,99.1791666666667,36443
"(0.9541666666666668, 0.9958333333333332)",1,99.1791666666667,36444
"(0.9375, 0.9958333333333332)",3,99.1791666666667,36447
"(0.8833333333333333, 0.9958333333333332)",1,99.1791666666667,36448
"(1.0, 1.0)",1,99.17916666666667,36449
"(0.95, 0.9958333333333332)",1,99.17916666666666,36450
"(0.9916666666666668, 0.9958333333333332)",1,99.17916666666665,36451
"(0.9916666666666668, 0.9958333333333332)",2,99.17916666666665,36453
"(0.9791666666666666, 0.9958333333333332)",2,99.17916666666665,36455
"(0.9875, 0.9916666666666668)",1,99.1791666666666,36456
"(0.9875, 0.9958333333333332)",1,99.1791666666666,36457
"(0.95, 0.9958333333333332)",1,99.17500000000013,36458
"(0.9, 0.9958333333333332)",1,99.1750000000001,36459
"(0.9875, 0.9958333333333332)",3,99.17500000000008,36462
"(0.9333333333333332, 0.9958333333333332)",1,99.17500000000008,36463
"(0.9875, 0.9958333333333332)",1,99.17500000000008,36464
"(0.9041666666666668, 0.9958333333333332)",1,99.17500000000008,36465
"(0.9791666666666666, 0.9958333333333332)",1,99.17500000000008,36466
"(0.9375, 0.9958333333333332)",1,99.17500000000008,36467
"(0.9041666666666668, 0.9958333333333332)",1,99.17500000000004,36468
"(0.9291666666666668, 0.9958333333333332)",1,99.17500000000004,36469
"(0.9958333333333332, 0.9958333333333332)",2,99.17500000000004,36471
"(0.9833333333333332, 0.9958333333333332)",4,99.17500000000004,36475
"(0.975, 0.9958333333333332)",2,99.17500000000004,36477
"(0.85, 0.9958333333333332)",1,99.17500000000004,36478
"(0.825, 0.9958333333333332)",1,99.17500000000004,36479
"(0.9083333333333332, 0.9958333333333332)",1,99.17500000000004,36480
"(0.9916666666666668, 0.9958333333333332)",1,99.17500000000004,36481
"(0.9125, 0.9958333333333332)",1,99.17500000000004,36482
"(0.9083333333333332, 0.9958333333333332)",1,99.17500000000004,36483
"(0.9791666666666666, 0.9958333333333332)",1,99.17500000000004,36484
"(0.9375, 0.9958333333333332)",4,99.17500000000004,36488
"(0.9166666666666666, 0.9958333333333332)",2,99.17500000000004,36490
"(0.8666666666666667, 0.9958333333333332)",1,99.17500000000004,36491
"(0.975, 0.9958333333333332)",1,99.17500000000004,36492
"(0.975, 1.0)",2,99.17500000000004,36494
"(0.8958333333333334, 0.9958333333333332)",1,99.17500000000004,36495
"(0.925, 0.9958333333333332)",1,99.17500000000004,36496
"(0.975, 1.0)",1,99.175,36497
"(0.9708333333333332, 0.9958333333333332)",1,99.175,36498
"(0.9583333333333334, 0.9958333333333332)",1,99.17499999999995,36499
"(0.9833333333333332, 0.9958333333333332)",1,99.17499999999994,36500
"(0.9875, 0.9916666666666668)",1,99.17499999999993,36501
"(0.9875, 0.9958333333333332)",1,99.17499999999993,36502
"(0.6162790697674418, 1.0)",1,99.17441860465117,36503
"(0.5930232558139535, 1.0)",1,99.17441860465117,36504
"(0.7093023255813954, 1.0)",1,99.17441860465117,36505
"(0.7441860465116279, 1.0)",1,99.17441860465117,36506
"(0.4534883720930232, 1.0)",1,99.17441860465117,36507
"(0.872093023255814, 1.0)",1,99.17441860465117,36508
"(0.5930232558139535, 1.0)",1,99.17441860465117,36509
"(0.8372093023255814, 1.0)",2,99.17441860465117,36511
"(0.6162790697674418, 1.0)",1,99.17441860465117,36512
"(0.9875, 0.9958333333333332)",1,99.17083333333342,36513
"(0.9125, 0.9958333333333332)",1,99.17083333333342,36514
"(0.9625, 0.9958333333333332)",1,99.17083333333342,36515
"(0.9708333333333332, 0.9958333333333332)",1,99.1708333333334,36516
"(0.8625, 0.9958333333333332)",1,99.1708333333334,36517
"(0.9458333333333332, 0.9958333333333332)",1,99.1708333333334,36518
"(0.8875, 0.9958333333333332)",1,99.1708333333334,36519
"(0.8541666666666666, 0.9958333333333332)",1,99.1708333333334,36520
"(0.9541666666666668, 0.9958333333333332)",1,99.1708333333334,36521
"(0.9625, 0.9958333333333332)",1,99.1708333333334,36522
"(0.975, 0.9958333333333332)",1,99.1708333333334,36523
"(0.825, 0.9958333333333332)",1,99.1708333333334,36524
"(0.9208333333333332, 0.9958333333333332)",1,99.1708333333334,36525
"(0.9916666666666668, 0.9958333333333332)",1,99.1708333333334,36526
"(0.9375, 0.9958333333333332)",1,99.17083333333338,36527
"(0.85, 0.9958333333333332)",1,99.17083333333338,36528
"(0.9666666666666668, 0.9958333333333332)",1,99.17083333333338,36529
"(0.9208333333333332, 0.9958333333333332)",2,99.17083333333338,36531
"(0.875, 0.9958333333333332)",1,99.17083333333338,36532
"(0.8375, 0.9958333333333332)",1,99.17083333333338,36533
"(0.9791666666666666, 0.9958333333333332)",1,99.17083333333338,36534
"(0.9875, 0.9958333333333332)",2,99.17083333333338,36536
"(0.925, 0.9958333333333332)",1,99.17083333333338,36537
"(0.8625, 0.9958333333333332)",1,99.17083333333338,36538
"(0.9333333333333332, 0.9958333333333332)",4,99.17083333333338,36542
"(0.8666666666666667, 0.9958333333333332)",1,99.17083333333338,36543
"(0.9291666666666668, 0.9958333333333332)",2,99.17083333333338,36545
"(0.9375, 0.9958333333333332)",1,99.17083333333336,36546
"(0.9833333333333332, 0.9958333333333332)",3,99.17083333333336,36549
"(0.9333333333333332, 0.9958333333333332)",1,99.17083333333336,36550
"(0.9708333333333332, 0.9958333333333332)",1,99.17083333333336,36551
"(0.9916666666666668, 0.9958333333333332)",1,99.17083333333336,36552
"(0.95, 0.9958333333333332)",1,99.17083333333336,36553
"(0.975, 0.9958333333333332)",1,99.17083333333336,36554
"(0.9416666666666668, 0.9958333333333332)",1,99.17083333333336,36555
"(0.9541666666666668, 0.9958333333333332)",2,99.17083333333332,36557
"(0.9791666666666666, 0.9958333333333332)",2,99.17083333333332,36559
"(0.9833333333333332, 0.9958333333333332)",1,99.17083333333323,36560
"(0.9958333333333332, 0.9958333333333332)",1,99.17083333333323,36561
"(0.8875, 0.9958333333333332)",1,99.16666666666676,36562
"(0.9625, 0.9958333333333332)",1,99.16666666666674,36563
"(0.9041666666666668, 0.9958333333333332)",1,99.16666666666674,36564
"(0.9833333333333332, 0.9958333333333332)",1,99.16666666666674,36565
"(0.9875, 0.9958333333333332)",1,99.16666666666671,36566
"(0.8625, 0.9958333333333332)",1,99.16666666666671,36567
"(0.9208333333333332, 0.9958333333333332)",2,99.16666666666671,36569
"(0.9791666666666666, 0.9958333333333332)",1,99.16666666666671,36570
"(0.9958333333333332, 0.9958333333333332)",1,99.16666666666671,36571
"(0.9166666666666666, 1.0)",1,99.1666666666667,36572
"(0.8958333333333334, 0.9958333333333332)",1,99.1666666666667,36573
"(0.95, 0.9958333333333332)",1,99.1666666666667,36574
"(0.9625, 0.9958333333333332)",1,99.1666666666667,36575
"(0.9208333333333332, 0.9958333333333332)",2,99.1666666666667,36577
"(0.9833333333333332, 0.9958333333333332)",2,99.1666666666667,36579
"(0.9583333333333334, 0.9958333333333332)",1,99.1666666666667,36580
"(0.8666666666666667, 0.9958333333333332)",1,99.1666666666667,36581
"(0.975, 0.9958333333333332)",1,99.1666666666667,36582
"(0.9791666666666666, 0.9958333333333332)",3,99.1666666666667,36585
"(0.8541666666666666, 0.9958333333333332)",1,99.1666666666667,36586
"(0.9444444444444444, 1.0)",2,99.16666666666669,36588
"(0.7083333333333334, 1.0)",2,99.16666666666669,36590
"(0.9333333333333332, 1.0)",3,99.16666666666669,36593
"(0.9027777777777778, 1.0)",2,99.16666666666669,36595
"(0.9333333333333332, 1.0)",1,99.16666666666669,36596
"(0.8666666666666667, 0.9833333333333332)",2,99.16666666666669,36598
"(0.8333333333333334, 1.0)",5,99.16666666666669,36603
"(0.75, 1.0)",1,99.16666666666669,36604
"(0.9166666666666666, 1.0)",7,99.16666666666669,36611
"(0.9305555555555556, 1.0)",4,99.16666666666669,36615
"(0.7, 1.0)",1,99.16666666666669,36616
"(0.8, 1.0)",4,99.16666666666669,36620
"(0.9833333333333332, 1.0)",5,99.16666666666669,36625
"(0.625, 1.0)",1,99.16666666666669,36626
"(0.9583333333333334, 1.0)",1,99.16666666666669,36627
"(0.7361111111111112, 1.0)",1,99.16666666666669,36628
"(0.9, 0.9833333333333332)",2,99.16666666666669,36630
"(0.8666666666666667, 1.0)",4,99.16666666666669,36634
"(0.8833333333333333, 0.9833333333333332)",1,99.16666666666669,36635
"(0.6111111111111112, 1.0)",1,99.16666666666669,36636
"(0.8666666666666667, 1.0)",2,99.16666666666669,36638
"(0.95, 1.0)",4,99.16666666666669,36642
"(0.8333333333333334, 1.0)",10,99.16666666666669,36652
"(1.0, 1.0)",5,99.16666666666669,36657
"(0.85, 1.0)",2,99.16666666666669,36659
"(0.8166666666666667, 1.0)",1,99.16666666666669,36660
"(0.85, 1.0)",4,99.16666666666669,36664
"(0.7222222222222222, 1.0)",1,99.16666666666669,36665
"(0.7777777777777778, 1.0)",3,99.16666666666669,36668
"(0.9166666666666666, 1.0)",8,99.16666666666669,36676
"(0.8, 1.0)",2,99.16666666666669,36678
"(0.7666666666666667, 1.0)",2,99.16666666666669,36680
"(0.9, 1.0)",2,99.16666666666669,36682
"(0.8833333333333333, 1.0)",3,99.16666666666669,36685
"(0.6805555555555556, 1.0)",1,99.16666666666669,36686
"(0.6666666666666666, 1.0)",2,99.16666666666669,36688
"(0.6833333333333333, 1.0)",1,99.16666666666669,36689
"(1.0, 1.0)",2,99.16666666666669,36691
"(0.8055555555555556, 1.0)",1,99.16666666666669,36692
"(0.8611111111111112, 1.0)",1,99.16666666666669,36693
"(0.8833333333333333, 1.0)",2,99.16666666666669,36695
"(0.7833333333333333, 1.0)",1,99.16666666666669,36696
"(0.9, 1.0)",6,99.16666666666669,36702
"(0.7166666666666667, 1.0)",1,99.16666666666669,36703
"(0.7333333333333333, 1.0)",5,99.16666666666669,36708
"(0.8833333333333333, 1.0)",5,99.16666666666666,36713
"(0.8666666666666667, 1.0)",1,99.16666666666666,36714
"(0.9305555555555556, 1.0)",2,99.16666666666666,36716
"(0.7361111111111112, 1.0)",1,99.16666666666666,36717
"(0.6833333333333333, 1.0)",1,99.16666666666666,36718
"(0.7166666666666667, 1.0)",1,99.16666666666666,36719
"(0.8194444444444444, 1.0)",5,99.16666666666666,36724
"(0.7083333333333334, 1.0)",9,99.16666666666666,36733
"(0.7333333333333333, 1.0)",2,99.16666666666666,36735
"(0.7, 1.0)",1,99.16666666666666,36736
"(0.6666666666666666, 1.0)",1,99.16666666666666,36737
"(0.9, 1.0)",8,99.16666666666666,36745
"(0.7833333333333333, 1.0)",2,99.16666666666666,36747
"(0.9444444444444444, 1.0)",2,99.16666666666666,36749
"(0.8055555555555556, 1.0)",2,99.16666666666666,36751
"(0.9333333333333332, 1.0)",8,99.16666666666666,36759
"(0.8166666666666667, 1.0)",1,99.16666666666666,36760
"(0.8, 1.0)",2,99.16666666666666,36762
"(0.7666666666666667, 1.0)",1,99.16666666666666,36763
"(0.85, 1.0)",18,99.16666666666666,36781
"(0.8888888888888888, 1.0)",1,99.16666666666666,36782
"(0.7638888888888888, 1.0)",4,99.16666666666666,36786
"(0.9833333333333332, 1.0)",6,99.16666666666666,36792
"(0.625, 1.0)",2,99.16666666666666,36794
"(0.75, 1.0)",4,99.16666666666666,36798
"(0.9027777777777778, 1.0)",3,99.16666666666666,36801
"(0.875, 1.0)",4,99.16666666666666,36805
"(0.8333333333333334, 1.0)",14,99.16666666666666,36819
"(0.7222222222222222, 1.0)",2,99.16666666666666,36821
"(0.7916666666666666, 1.0)",1,99.16666666666666,36822
"(0.5972222222222222, 1.0)",2,99.16666666666666,36824
"(0.7777777777777778, 1.0)",3,99.16666666666666,36827
"(0.9791666666666666, 0.9958333333333332)",1,99.16666666666666,36828
"(0.9666666666666668, 1.0)",4,99.16666666666666,36832
"(0.8472222222222222, 1.0)",2,99.16666666666666,36834
"(0.9166666666666666, 1.0)",4,99.16666666666666,36838
"(1.0, 1.0)",9,99.16666666666666,36847
"(0.9916666666666668, 0.9958333333333332)",1,99.1666666666666,36848
"(0.9791666666666666, 0.9958333333333332)",1,99.16666666666656,36849
"(0.4651162790697674, 1.0)",2,99.1627906976744,36851
"(0.7674418604651163, 1.0)",2,99.1627906976744,36853
"(0.5930232558139535, 1.0)",1,99.1627906976744,36854
"(0.627906976744186, 1.0)",3,99.1627906976744,36857
"(0.7906976744186046, 1.0)",2,99.1627906976744,36859
"(0.4534883720930232, 1.0)",2,99.1627906976744,36861
"(0.6395348837209303, 1.0)",1,99.1627906976744,36862
"(0.6162790697674418, 1.0)",3,99.1627906976744,36865
"(1.0, 0.9958333333333332)",1,99.16250000000012,36866
"(0.975, 0.9958333333333332)",1,99.16250000000008,36867
"(0.9708333333333332, 0.9958333333333332)",1,99.16250000000008,36868
"(0.9625, 0.9958333333333332)",2,99.16250000000008,36870
"(0.9875, 0.9958333333333332)",1,99.16250000000008,36871
"(0.9833333333333332, 0.9958333333333332)",2,99.16250000000008,36873
"(0.925, 0.9958333333333332)",1,99.16250000000004,36874
"(0.9916666666666668, 0.9958333333333332)",2,99.16250000000004,36876
"(0.9458333333333332, 0.9958333333333332)",1,99.16250000000004,36877
"(0.8541666666666666, 0.9958333333333332)",1,99.16250000000004,36878
"(0.9875, 0.9958333333333332)",1,99.16250000000004,36879
"(0.975, 0.9958333333333332)",1,99.16250000000004,36880
"(0.9208333333333332, 0.9958333333333332)",2,99.16250000000004,36882
"(0.8958333333333334, 0.9958333333333332)",2,99.16250000000004,36884
"(0.9791666666666666, 0.9958333333333332)",2,99.16250000000004,36886
"(0.9916666666666668, 0.9958333333333332)",1,99.16250000000004,36887
"(0.9291666666666668, 0.9958333333333332)",1,99.16250000000004,36888
"(0.9708333333333332, 0.9958333333333332)",1,99.16250000000004,36889
"(0.8666666666666667, 0.9958333333333332)",2,99.16250000000004,36891
"(0.975, 0.9958333333333332)",1,99.16250000000004,36892
"(0.95, 0.9958333333333332)",4,99.16250000000004,36896
"(0.9875, 0.9958333333333332)",1,99.16250000000004,36897
"(1.0, 1.0)",1,99.1625,36898
"(0.9833333333333332, 0.9958333333333332)",1,99.1625,36899
"(0.975, 1.0)",1,99.1625,36900
"(0.9875, 0.9958333333333332)",1,99.16249999999998,36901
"(0.9833333333333332, 0.9958333333333332)",1,99.16249999999998,36902
"(0.975, 0.9958333333333332)",1,99.16249999999988,36903
"(0.9833333333333332, 0.9958333333333332)",1,99.15833333333342,36904
"(0.9791666666666666, 0.9958333333333332)",1,99.15833333333342,36905
"(0.9791666666666666, 0.9958333333333332)",2,99.1583333333334,36907
"(0.9916666666666668, 0.9958333333333332)",3,99.1583333333334,36910
"(0.9458333333333332, 0.9958333333333332)",1,99.1583333333334,36911
"(0.85, 0.9958333333333332)",1,99.1583333333334,36912
"(0.9833333333333332, 0.9958333333333332)",2,99.1583333333334,36914
"(0.9875, 0.9958333333333332)",1,99.1583333333334,36915
"(0.975, 0.9958333333333332)",1,99.1583333333334,36916
"(0.9791666666666666, 0.9958333333333332)",2,99.1583333333334,36918
"(0.975, 0.9958333333333332)",1,99.1583333333334,36919
"(0.9708333333333332, 0.9958333333333332)",1,99.1583333333334,36920
"(0.9041666666666668, 0.9958333333333332)",1,99.1583333333334,36921
"(0.9958333333333332, 0.9958333333333332)",1,99.15833333333336,36922
"(0.9583333333333334, 0.9958333333333332)",3,99.15833333333336,36925
"(0.9166666666666666, 0.9958333333333332)",1,99.15833333333336,36926
"(0.9916666666666668, 0.9958333333333332)",1,99.15833333333336,36927
"(0.9208333333333332, 0.9958333333333332)",2,99.15833333333336,36929
"(0.9208333333333332, 0.9958333333333332)",1,99.15833333333336,36930
"(0.9666666666666668, 0.9958333333333332)",1,99.15833333333336,36931
"(0.9916666666666668, 0.9958333333333332)",1,99.15833333333336,36932
"(0.95, 0.9958333333333332)",1,99.15833333333336,36933
"(0.9833333333333332, 0.9958333333333332)",1,99.15833333333336,36934
"(0.9291666666666668, 0.9958333333333332)",3,99.15833333333336,36937
"(0.9875, 0.9958333333333332)",1,99.15833333333336,36938
"(0.9458333333333332, 0.9958333333333332)",1,99.15833333333336,36939
"(0.975, 0.9958333333333332)",1,99.15833333333336,36940
"(0.9958333333333332, 0.9958333333333332)",1,99.15833333333336,36941
"(0.8666666666666667, 0.9958333333333332)",2,99.15833333333336,36943
"(0.9791666666666666, 0.9958333333333332)",1,99.15833333333336,36944
"(0.8541666666666666, 0.9958333333333332)",2,99.15833333333336,36946
"(0.9791666666666666, 0.9958333333333332)",2,99.15833333333336,36948
"(0.9791666666666666, 1.0)",1,99.15833333333332,36949
"(0.9875, 0.9916666666666668)",1,99.15833333333312,36950
"(0.9625, 0.9958333333333332)",2,99.15416666666675,36952
"(0.9708333333333332, 0.9958333333333332)",1,99.15416666666675,36953
"(0.9625, 0.9958333333333332)",1,99.15416666666674,36954
"(0.8791666666666667, 0.9958333333333332)",2,99.15416666666673,36956
"(0.9291666666666668, 0.9958333333333332)",1,99.15416666666673,36957
"(0.9375, 0.9958333333333332)",1,99.15416666666673,36958
"(0.8625, 0.9958333333333332)",3,99.15416666666673,36961
"(0.9125, 0.9958333333333332)",1,99.15416666666673,36962
"(0.8666666666666667, 0.9958333333333332)",1,99.15416666666673,36963
"(0.975, 0.9958333333333332)",1,99.15416666666673,36964
"(0.85, 0.9958333333333332)",2,99.15416666666673,36966
"(0.9208333333333332, 0.9958333333333332)",1,99.15416666666673,36967
"(0.9, 0.9958333333333332)",1,99.15416666666673,36968
"(0.8666666666666667, 0.9958333333333332)",1,99.15416666666673,36969
"(0.9916666666666668, 0.9958333333333332)",2,99.15416666666673,36971
"(0.9625, 0.9958333333333332)",2,99.15416666666673,36973
"(0.9458333333333332, 0.9958333333333332)",1,99.15416666666673,36974
"(0.9833333333333332, 0.9958333333333332)",2,99.15416666666673,36976
"(0.9291666666666668, 0.9958333333333332)",2,99.1541666666667,36978
"(0.875, 0.9958333333333332)",2,99.1541666666667,36980
"(0.9375, 0.9958333333333332)",1,99.1541666666667,36981
"(0.9916666666666668, 0.9958333333333332)",1,99.1541666666667,36982
"(0.9416666666666668, 0.9958333333333332)",1,99.1541666666667,36983
"(0.9583333333333334, 0.9958333333333332)",1,99.1541666666667,36984
"(0.9041666666666668, 0.9958333333333332)",1,99.1541666666667,36985
"(0.8666666666666667, 0.9958333333333332)",1,99.1541666666667,36986
"(0.9791666666666666, 0.9958333333333332)",5,99.1541666666667,36991
"(0.975, 0.9958333333333332)",3,99.1541666666667,36994
"(0.9833333333333332, 0.9958333333333332)",2,99.15416666666668,36996
"(0.9833333333333332, 1.0)",1,99.15416666666668,36997
"(0.9666666666666668, 0.9958333333333332)",1,99.15416666666664,36998
"(0.9458333333333332, 0.9958333333333332)",1,99.15416666666664,36999
"(0.9583333333333334, 1.0)",1,99.15416666666664,37000
"(0.9833333333333332, 0.9958333333333332)",2,99.1541666666666,37002
"(0.975, 0.9958333333333332)",1,99.1541666666666,37003
"(0.9875, 0.9958333333333332)",2,99.15416666666658,37005
"(0.8205128205128205, 1.0)",7,99.15384615384616,37012
"(0.9166666666666666, 0.9861111111111112)",1,99.1527777777778,37013
"(0.9444444444444444, 1.0)",1,99.1527777777778,37014
"(0.9305555555555556, 1.0)",1,99.1527777777778,37015
"(0.75, 1.0)",3,99.15277777777776,37018
"(0.9583333333333334, 1.0)",3,99.15277777777776,37021
"(0.7777777777777778, 1.0)",1,99.15277777777776,37022
"(0.8888888888888888, 1.0)",4,99.15277777777776,37026
"(0.8611111111111112, 1.0)",4,99.15277777777776,37030
"(0.7083333333333334, 1.0)",7,99.15277777777776,37037
"(0.9027777777777778, 1.0)",4,99.15277777777776,37041
"(0.9305555555555556, 1.0)",6,99.15277777777776,37047
"(0.8055555555555556, 1.0)",2,99.15277777777776,37049
"(0.9444444444444444, 1.0)",5,99.15277777777776,37054
"(0.8333333333333334, 1.0)",5,99.15277777777776,37059
"(0.875, 1.0)",3,99.15277777777776,37062
"(0.5972222222222222, 1.0)",1,99.15277777777776,37063
"(0.6944444444444444, 1.0)",1,99.15277777777776,37064
"(0.6805555555555556, 1.0)",2,99.15277777777776,37066
"(0.7222222222222222, 1.0)",3,99.15277777777776,37069
"(0.6111111111111112, 1.0)",1,99.15277777777776,37070
"(0.8472222222222222, 1.0)",3,99.15277777777776,37073
"(0.8194444444444444, 1.0)",4,99.15277777777776,37077
"(0.7638888888888888, 1.0)",2,99.15277777777776,37079
"(0.6162790697674418, 1.0)",2,99.15116279069768,37081
"(0.4651162790697674, 1.0)",2,99.15116279069768,37083
"(0.5697674418604651, 1.0)",1,99.15116279069768,37084
"(0.7674418604651163, 1.0)",4,99.15116279069768,37088
"(0.8255813953488372, 1.0)",2,99.15116279069768,37090
"(0.7906976744186046, 1.0)",1,99.15116279069768,37091
"(0.8488372093023255, 1.0)",1,99.15116279069768,37092
"(0.4883720930232558, 1.0)",1,99.15116279069768,37093
"(0.5930232558139535, 1.0)",4,99.15116279069768,37097
"(0.3372093023255814, 1.0)",2,99.15116279069768,37099
"(0.8372093023255814, 1.0)",1,99.15116279069768,37100
"(0.9375, 0.9958333333333332)",1,99.15000000000008,37101
"(0.975, 0.9958333333333332)",1,99.15000000000008,37102
"(0.8791666666666667, 0.9958333333333332)",1,99.15000000000008,37103
"(0.9333333333333332, 0.9958333333333332)",1,99.15000000000006,37104
"(0.9375, 0.9958333333333332)",1,99.15000000000006,37105
"(0.9833333333333332, 0.9958333333333332)",1,99.15000000000006,37106
"(0.9833333333333332, 0.9958333333333332)",2,99.15000000000003,37108
"(0.9125, 0.9958333333333332)",1,99.15000000000003,37109
"(0.9458333333333332, 0.9958333333333332)",1,99.15000000000003,37110
"(0.95, 0.9958333333333332)",1,99.15000000000003,37111
"(0.9333333333333332, 0.9958333333333332)",1,99.15000000000003,37112
"(0.9833333333333332, 0.9958333333333332)",1,99.15000000000003,37113
"(0.9666666666666668, 0.9958333333333332)",2,99.15000000000003,37115
"(0.975, 0.9958333333333332)",1,99.15000000000003,37116
"(0.925, 0.9958333333333332)",1,99.15000000000003,37117
"(0.9166666666666666, 1.0)",1,99.15000000000003,37118
"(0.9791666666666666, 0.9958333333333332)",1,99.15000000000003,37119
"(0.975, 0.9958333333333332)",2,99.15000000000003,37121
"(0.9208333333333332, 0.9958333333333332)",3,99.15000000000003,37124
"(0.9875, 0.9958333333333332)",3,99.15000000000003,37127
"(0.9, 0.9958333333333332)",1,99.15000000000003,37128
"(0.9083333333333332, 0.9958333333333332)",1,99.15000000000003,37129
"(0.9875, 0.9958333333333332)",1,99.15000000000003,37130
"(0.8625, 0.9958333333333332)",1,99.15000000000003,37131
"(0.9916666666666668, 0.9958333333333332)",1,99.15000000000003,37132
"(0.8833333333333333, 0.9833333333333332)",1,99.15000000000002,37133
"(0.8333333333333334, 1.0)",2,99.15000000000002,37135
"(0.85, 1.0)",1,99.15000000000002,37136
"(0.8666666666666667, 1.0)",1,99.15000000000002,37137
"(0.8333333333333334, 0.9833333333333332)",1,99.15000000000002,37138
"(0.9, 1.0)",1,99.15000000000002,37139
"(0.7166666666666667, 1.0)",1,99.15000000000002,37140
"(0.7833333333333333, 1.0)",2,99.15000000000002,37142
"(0.9166666666666666, 1.0)",3,99.15000000000002,37145
"(0.8833333333333333, 1.0)",1,99.15000000000002,37146
"(0.8166666666666667, 1.0)",1,99.15000000000002,37147
"(0.9666666666666668, 1.0)",10,99.15,37157
"(0.6666666666666666, 1.0)",3,99.15,37160
"(0.7333333333333333, 1.0)",8,99.15,37168
"(0.8333333333333334, 1.0)",15,99.15,37183
"(0.7666666666666667, 1.0)",2,99.15,37185
"(0.8333333333333334, 1.0)",1,99.15,37186
"(1.0, 1.0)",12,99.15,37198
"(0.7, 1.0)",3,99.15,37201
"(0.85, 1.0)",12,99.15,37213
"(0.8833333333333333, 1.0)",10,99.15,37223
"(0.9166666666666666, 1.0)",17,99.15,37240
"(0.6833333333333333, 1.0)",1,99.15,37241
"(0.7166666666666667, 1.0)",2,99.15,37243
"(0.8666666666666667, 1.0)",6,99.15,37249
"(0.95, 1.0)",3,99.15,37252
"(0.9333333333333332, 1.0)",1,99.15,37253
"(0.75, 1.0)",4,99.15,37257
"(0.9833333333333332, 1.0)",9,99.15,37266
"(0.8166666666666667, 1.0)",9,99.15,37275
"(0.9, 1.0)",9,99.15,37284
"(0.8, 1.0)",12,99.15,37296
"(0.7833333333333333, 1.0)",2,99.15,37298
"(0.9833333333333332, 1.0)",3,99.15,37301
"(0.9791666666666666, 0.9958333333333332)",1,99.14999999999998,37302
"(0.9791666666666666, 0.9958333333333332)",1,99.14999999999996,37303
"(0.975, 0.9958333333333332)",2,99.14999999999988,37305
"(0.8958333333333334, 0.9958333333333332)",1,99.14583333333344,37306
"(0.9666666666666668, 0.9958333333333332)",2,99.1458333333334,37308
"(0.9625, 0.9958333333333332)",2,99.1458333333334,37310
"(0.9875, 0.9958333333333332)",2,99.1458333333334,37312
"(0.9875, 0.9958333333333332)",1,99.1458333333334,37313
"(0.9125, 0.9958333333333332)",1,99.1458333333334,37314
"(0.925, 0.9958333333333332)",1,99.1458333333334,37315
"(0.9791666666666666, 0.9958333333333332)",1,99.1458333333334,37316
"(0.9375, 0.9958333333333332)",1,99.14583333333336,37317
"(0.9875, 0.9958333333333332)",3,99.14583333333336,37320
"(0.9125, 0.9958333333333332)",1,99.14583333333336,37321
"(0.9833333333333332, 0.9958333333333332)",1,99.14583333333336,37322
"(0.9958333333333332, 0.9958333333333332)",1,99.14583333333336,37323
"(0.9291666666666668, 0.9958333333333332)",1,99.14583333333336,37324
"(0.975, 0.9958333333333332)",2,99.14583333333336,37326
"(0.9208333333333332, 0.9958333333333332)",2,99.14583333333336,37328
"(0.925, 0.9958333333333332)",1,99.14583333333336,37329
"(0.9541666666666668, 0.9958333333333332)",1,99.14583333333336,37330
"(0.95, 0.9958333333333332)",1,99.14583333333336,37331
"(0.9666666666666668, 0.9958333333333332)",3,99.14583333333336,37334
"(0.9708333333333332, 0.9958333333333332)",1,99.14583333333336,37335
"(0.9083333333333332, 0.9958333333333332)",1,99.14583333333336,37336
"(0.9791666666666666, 0.9958333333333332)",3,99.14583333333336,37339
"(0.975, 0.9958333333333332)",1,99.14583333333336,37340
"(0.8375, 0.9958333333333332)",1,99.14583333333336,37341
"(1.0, 1.0)",1,99.14583333333334,37342
"(0.9833333333333332, 0.9958333333333332)",2,99.14583333333331,37344
"(0.9916666666666668, 0.9958333333333332)",1,99.14583333333331,37345
"(0.9666666666666668, 0.9958333333333332)",1,99.1458333333333,37346
"(0.9791666666666666, 0.9958333333333332)",1,99.1458333333333,37347
"(0.9916666666666668, 0.9958333333333332)",2,99.14583333333329,37349
"(0.9291666666666668, 0.9958333333333332)",1,99.14166666666677,37350
"(0.9333333333333332, 0.9958333333333332)",1,99.14166666666677,37351
"(0.9333333333333332, 0.9958333333333332)",1,99.14166666666674,37352
"(0.9833333333333332, 0.9958333333333332)",1,99.14166666666674,37353
"(0.7958333333333333, 0.9958333333333332)",1,99.14166666666674,37354
"(0.9916666666666668, 0.9958333333333332)",1,99.14166666666672,37355
"(0.9625, 0.9958333333333332)",1,99.14166666666672,37356
"(0.9875, 0.9958333333333332)",1,99.14166666666672,37357
"(0.9166666666666666, 0.9958333333333332)",1,99.14166666666672,37358
"(0.9875, 0.9958333333333332)",2,99.14166666666672,37360
"(0.9375, 0.9958333333333332)",3,99.14166666666672,37363
"(0.8791666666666667, 0.9958333333333332)",1,99.14166666666672,37364
"(0.9375, 0.9958333333333332)",1,99.14166666666672,37365
"(0.9791666666666666, 0.9958333333333332)",1,99.14166666666672,37366
"(0.9208333333333332, 0.9958333333333332)",1,99.14166666666672,37367
"(0.9666666666666668, 0.9958333333333332)",2,99.14166666666672,37369
"(0.9833333333333332, 0.9958333333333332)",1,99.14166666666672,37370
"(0.9625, 0.9958333333333332)",1,99.14166666666672,37371
"(0.9333333333333332, 0.9958333333333332)",1,99.14166666666672,37372
"(0.9041666666666668, 0.9958333333333332)",1,99.14166666666672,37373
"(0.9, 0.9958333333333332)",1,99.14166666666672,37374
"(0.8666666666666667, 0.9958333333333332)",1,99.14166666666672,37375
"(0.9958333333333332, 0.9958333333333332)",2,99.14166666666672,37377
"(0.9291666666666668, 0.9958333333333332)",1,99.14166666666672,37378
"(0.9583333333333334, 0.9958333333333332)",1,99.14166666666672,37379
"(0.9208333333333332, 0.9958333333333332)",3,99.14166666666672,37382
"(0.95, 0.9958333333333332)",1,99.14166666666672,37383
"(0.9875, 0.9958333333333332)",1,99.1416666666667,37384
"(0.825, 0.9958333333333332)",1,99.1416666666667,37385
"(0.9708333333333332, 0.9958333333333332)",1,99.1416666666667,37386
"(0.95, 0.9958333333333332)",1,99.1416666666667,37387
"(0.9875, 0.9958333333333332)",1,99.14166666666668,37388
"(0.9833333333333332, 0.9958333333333332)",1,99.14166666666668,37389
"(0.9958333333333332, 0.9958333333333332)",2,99.14166666666668,37391
"(0.9791666666666666, 0.9958333333333332)",3,99.14166666666664,37394
"(0.95, 0.9958333333333332)",1,99.14166666666662,37395
"(0.9791666666666666, 0.9958333333333332)",1,99.1416666666666,37396
"(0.9916666666666668, 0.9958333333333332)",1,99.1416666666666,37397
"(0.5930232558139535, 1.0)",1,99.13953488372093,37398
"(0.7674418604651163, 1.0)",1,99.13953488372093,37399
"(0.6162790697674418, 1.0)",1,99.13953488372093,37400
"(0.7441860465116279, 1.0)",2,99.13953488372093,37402
"(0.872093023255814, 1.0)",1,99.13953488372093,37403
"(0.8255813953488372, 1.0)",2,99.13953488372093,37405
"(0.627906976744186, 1.0)",2,99.13953488372093,37407
"(0.7906976744186046, 1.0)",1,99.13953488372093,37408
"(0.9305555555555556, 1.0)",8,99.13888888888889,37416
"(0.9166666666666666, 1.0)",1,99.13888888888889,37417
"(0.6805555555555556, 1.0)",2,99.13888888888889,37419
"(0.7361111111111112, 1.0)",2,99.13888888888889,37421
"(0.9583333333333334, 1.0)",4,99.13888888888889,37425
"(0.8472222222222222, 1.0)",3,99.13888888888889,37428
"(0.7777777777777778, 1.0)",3,99.13888888888889,37431
"(0.7083333333333334, 1.0)",10,99.13888888888889,37441
"(0.7638888888888888, 1.0)",3,99.13888888888889,37444
"(0.9444444444444444, 1.0)",9,99.13888888888889,37453
"(0.875, 1.0)",1,99.13888888888889,37454
"(0.8194444444444444, 1.0)",5,99.13888888888889,37459
"(0.9027777777777778, 1.0)",4,99.13888888888889,37463
"(0.8888888888888888, 1.0)",4,99.13888888888889,37467
"(0.7916666666666666, 1.0)",4,99.13888888888889,37471
"(0.8333333333333334, 1.0)",5,99.13888888888889,37476
"(0.8055555555555556, 1.0)",6,99.13888888888889,37482
"(0.8611111111111112, 1.0)",2,99.13888888888889,37484
"(0.6944444444444444, 1.0)",1,99.13888888888889,37485
"(0.6111111111111112, 1.0)",1,99.13888888888889,37486
"(0.6053030303030303, 1.0)",1,99.1378787878788,37487
"(0.9875, 0.9958333333333332)",2,99.13750000000007,37489
"(0.9, 0.9958333333333332)",1,99.13750000000007,37490
"(1.0, 0.9958333333333332)",1,99.13750000000006,37491
"(0.9708333333333332, 0.9958333333333332)",1,99.13750000000006,37492
"(0.8625, 0.9958333333333332)",2,99.13750000000006,37494
"(0.9083333333333332, 0.9958333333333332)",1,99.13750000000005,37495
"(0.9291666666666668, 0.9958333333333332)",2,99.13750000000005,37497
"(0.9958333333333332, 0.9958333333333332)",1,99.13750000000005,37498
"(0.9625, 0.9958333333333332)",1,99.13750000000005,37499
"(0.9833333333333332, 0.9958333333333332)",2,99.13750000000005,37501
"(0.9875, 0.9958333333333332)",3,99.13750000000005,37504
"(0.9208333333333332, 0.9958333333333332)",1,99.13750000000005,37505
"(0.8666666666666667, 0.9958333333333332)",2,99.13750000000005,37507
"(0.9458333333333332, 0.9958333333333332)",1,99.13750000000005,37508
"(0.9125, 0.9958333333333332)",1,99.13750000000005,37509
"(1.0, 0.9958333333333332)",1,99.13750000000005,37510
"(0.8625, 0.9958333333333332)",1,99.13750000000005,37511
"(0.925, 0.9958333333333332)",1,99.13750000000005,37512
"(0.925, 0.9958333333333332)",1,99.13750000000005,37513
"(0.9375, 0.9958333333333332)",2,99.13750000000005,37515
"(0.9166666666666666, 0.9958333333333332)",1,99.13750000000005,37516
"(0.9916666666666668, 0.9958333333333332)",1,99.13750000000005,37517
"(0.9875, 0.9958333333333332)",1,99.13750000000005,37518
"(0.9375, 0.9958333333333332)",1,99.13750000000005,37519
"(0.9875, 1.0)",1,99.1375,37520
"(0.9791666666666666, 0.9958333333333332)",1,99.13749999999996,37521
"(0.9625, 0.9958333333333332)",1,99.13749999999996,37522
"(0.975, 1.0)",1,99.13749999999996,37523
"(0.9791666666666666, 0.9916666666666668)",1,99.13749999999996,37524
"(0.9583333333333334, 0.9958333333333332)",2,99.13749999999996,37526
"(0.975, 1.0)",1,99.1374999999999,37527
"(0.9208333333333332, 0.9958333333333332)",1,99.13333333333344,37528
"(0.9125, 0.9958333333333332)",1,99.13333333333344,37529
"(0.9708333333333332, 0.9958333333333332)",1,99.1333333333334,37530
"(0.9875, 0.9958333333333332)",1,99.1333333333334,37531
"(0.9416666666666668, 0.9958333333333332)",1,99.1333333333334,37532
"(0.95, 0.9958333333333332)",1,99.1333333333334,37533
"(0.9916666666666668, 0.9958333333333332)",1,99.1333333333334,37534
"(0.9041666666666668, 0.9958333333333332)",1,99.1333333333334,37535
"(0.9791666666666666, 0.9958333333333332)",2,99.13333333333338,37537
"(0.9083333333333332, 0.9958333333333332)",1,99.13333333333338,37538
"(0.9833333333333332, 0.9958333333333332)",1,99.13333333333338,37539
"(0.9375, 0.9958333333333332)",1,99.13333333333338,37540
"(0.9541666666666668, 0.9958333333333332)",1,99.13333333333335,37541
"(0.8666666666666667, 1.0)",1,99.13333333333335,37542
"(0.8625, 0.9958333333333332)",3,99.13333333333335,37545
"(0.9, 0.9958333333333332)",1,99.13333333333335,37546
"(0.8625, 0.9958333333333332)",1,99.13333333333335,37547
"(0.8666666666666667, 1.0)",1,99.13333333333335,37548
"(0.9666666666666668, 0.9958333333333332)",1,99.13333333333335,37549
"(0.8916666666666667, 0.9958333333333332)",1,99.13333333333335,37550
"(0.95, 0.9958333333333332)",2,99.13333333333335,37552
"(0.8333333333333334, 0.9833333333333332)",2,99.13333333333335,37554
"(0.9166666666666666, 0.9958333333333332)",1,99.13333333333335,37555
"(0.95, 1.0)",1,99.13333333333335,37556
"(0.925, 0.9958333333333332)",1,99.13333333333335,37557
"(0.9583333333333334, 0.9958333333333332)",1,99.13333333333335,37558
"(0.9375, 0.9958333333333332)",1,99.13333333333335,37559
"(0.975, 0.9958333333333332)",1,99.13333333333335,37560
"(0.9333333333333332, 1.0)",3,99.13333333333335,37563
"(0.6666666666666666, 1.0)",4,99.13333333333335,37567
"(0.8, 1.0)",1,99.13333333333335,37568
"(0.8166666666666667, 1.0)",1,99.13333333333335,37569
"(0.9916666666666668, 0.9958333333333332)",1,99.13333333333335,37570
"(1.0, 1.0)",2,99.13333333333335,37572
"(0.8833333333333333, 0.9833333333333332)",1,99.13333333333335,37573
"(0.9166666666666666, 1.0)",5,99.13333333333335,37578
"(0.9291666666666668, 0.9958333333333332)",2,99.13333333333335,37580
"(0.9791666666666666, 0.9958333333333332)",1,99.13333333333335,37581
"(0.9625, 0.9958333333333332)",2,99.13333333333335,37583
"(0.9833333333333332, 0.9958333333333332)",2,99.13333333333335,37585
"(0.8958333333333334, 0.9958333333333332)",1,99.13333333333335,37586
"(0.9208333333333332, 0.9958333333333332)",1,99.13333333333335,37587
"(0.9833333333333332, 1.0)",2,99.13333333333335,37589
"(0.7333333333333333, 0.9833333333333332)",1,99.13333333333335,37590
"(0.7166666666666667, 1.0)",2,99.13333333333334,37592
"(0.9541666666666668, 0.9916666666666668)",1,99.13333333333334,37593
"(0.85, 1.0)",2,99.13333333333334,37595
"(0.7333333333333333, 1.0)",4,99.13333333333334,37599
"(0.8333333333333334, 1.0)",1,99.13333333333334,37600
"(0.9, 1.0)",2,99.13333333333334,37602
"(0.8666666666666667, 1.0)",2,99.13333333333334,37604
"(0.9166666666666666, 1.0)",3,99.13333333333334,37607
"(0.9333333333333332, 1.0)",2,99.13333333333334,37609
"(0.75, 1.0)",1,99.13333333333334,37610
"(0.8166666666666667, 1.0)",2,99.13333333333334,37612
"(0.9791666666666666, 0.9958333333333332)",2,99.13333333333333,37614
"(0.9333333333333332, 1.0)",5,99.13333333333333,37619
"(0.6666666666666666, 1.0)",4,99.13333333333333,37623
"(0.8166666666666667, 1.0)",4,99.13333333333333,37627
"(1.0, 1.0)",4,99.13333333333333,37631
"(0.9833333333333332, 1.0)",20,99.13333333333333,37651
"(0.6, 1.0)",2,99.13333333333333,37653
"(0.7166666666666667, 1.0)",6,99.13333333333333,37659
"(0.7333333333333333, 1.0)",2,99.13333333333333,37661
"(0.6833333333333333, 1.0)",1,99.13333333333333,37662
"(0.9166666666666666, 1.0)",9,99.13333333333333,37671
"(0.7, 1.0)",3,99.13333333333333,37674
"(0.8333333333333334, 1.0)",4,99.13333333333333,37678
"(0.8, 1.0)",2,99.13333333333333,37680
"(0.8833333333333333, 1.0)",12,99.13333333333333,37692
"(0.9666666666666668, 1.0)",4,99.13333333333333,37696
"(0.7666666666666667, 1.0)",2,99.13333333333333,37698
"(0.8666666666666667, 1.0)",4,99.13333333333333,37702
"(0.85, 1.0)",7,99.13333333333333,37709
"(0.95, 1.0)",10,99.13333333333333,37719
"(0.75, 1.0)",4,99.13333333333333,37723
"(0.9, 1.0)",9,99.13333333333333,37732
"(0.7833333333333333, 1.0)",1,99.13333333333333,37733
"(0.9958333333333332, 0.9958333333333332)",2,99.1333333333333,37735
"(0.9791666666666666, 0.9958333333333332)",2,99.1333333333333,37737
"(0.765530303030303, 1.0)",1,99.13257575757576,37738
"(0.8916666666666667, 0.9958333333333332)",1,99.12916666666676,37739
"(0.9375, 0.9958333333333332)",1,99.12916666666676,37740
"(0.9208333333333332, 0.9958333333333332)",1,99.12916666666672,37741
"(0.9, 0.9958333333333332)",1,99.12916666666672,37742
"(0.9791666666666666, 0.9958333333333332)",1,99.12916666666672,37743
"(0.8541666666666666, 0.9958333333333332)",1,99.12916666666672,37744
"(0.9666666666666668, 0.9958333333333332)",2,99.12916666666672,37746
"(0.9333333333333332, 0.9958333333333332)",1,99.12916666666672,37747
"(0.9833333333333332, 0.9958333333333332)",1,99.12916666666672,37748
"(0.8791666666666667, 0.9958333333333332)",1,99.12916666666672,37749
"(0.9625, 0.9958333333333332)",1,99.12916666666672,37750
"(0.95, 0.9958333333333332)",2,99.12916666666672,37752
"(0.9166666666666666, 0.9958333333333332)",1,99.12916666666672,37753
"(0.9291666666666668, 0.9958333333333332)",1,99.12916666666672,37754
"(0.9833333333333332, 0.9958333333333332)",1,99.12916666666672,37755
"(0.95, 0.9958333333333332)",1,99.1291666666667,37756
"(0.975, 0.9958333333333332)",2,99.1291666666667,37758
"(0.9708333333333332, 0.9958333333333332)",1,99.1291666666667,37759
"(0.9625, 0.9958333333333332)",1,99.1291666666667,37760
"(0.925, 0.9958333333333332)",1,99.1291666666667,37761
"(0.9291666666666668, 0.9958333333333332)",1,99.1291666666667,37762
"(0.9, 0.9958333333333332)",2,99.1291666666667,37764
"(0.9791666666666666, 0.9958333333333332)",1,99.1291666666667,37765
"(0.9916666666666668, 0.9958333333333332)",2,99.1291666666667,37767
"(0.9375, 0.9958333333333332)",1,99.1291666666667,37768
"(0.9833333333333332, 0.9958333333333332)",2,99.1291666666667,37770
"(0.9333333333333332, 0.9958333333333332)",1,99.1291666666667,37771
"(0.9208333333333332, 0.9958333333333332)",1,99.1291666666667,37772
"(0.9875, 0.9958333333333332)",1,99.12916666666668,37773
"(0.975, 1.0)",1,99.12916666666668,37774
"(0.9208333333333332, 0.9958333333333332)",1,99.12916666666668,37775
"(0.9666666666666668, 0.9958333333333332)",1,99.12916666666666,37776
"(0.9875, 0.9958333333333332)",1,99.12916666666666,37777
"(0.9791666666666666, 0.9958333333333332)",1,99.1291666666666,37778
"(0.9666666666666668, 0.9958333333333332)",1,99.12916666666658,37779
"(0.8717948717948718, 1.0)",2,99.12820512820514,37781
"(0.3372093023255814, 1.0)",2,99.1279069767442,37783
"(0.7906976744186046, 1.0)",1,99.1279069767442,37784
"(0.8255813953488372, 1.0)",1,99.1279069767442,37785
"(0.5930232558139535, 1.0)",1,99.1279069767442,37786
"(0.6162790697674418, 1.0)",1,99.1279069767442,37787
"(0.4651162790697674, 1.0)",1,99.1279069767442,37788
"(0.4883720930232558, 1.0)",1,99.1279069767442,37789
"(0.7441860465116279, 1.0)",1,99.1279069767442,37790
"(0.8488372093023255, 1.0)",1,99.1279069767442,37791
"(0.975, 0.9958333333333332)",1,99.1250000000001,37792
"(0.8916666666666667, 0.9958333333333332)",1,99.12500000000009,37793
"(0.9875, 0.9958333333333332)",3,99.12500000000009,37796
"(0.9916666666666668, 0.9958333333333332)",1,99.12500000000009,37797
"(0.8541666666666666, 0.9958333333333332)",1,99.12500000000009,37798
"(0.9833333333333332, 0.9958333333333332)",1,99.12500000000009,37799
"(0.9083333333333332, 0.9958333333333332)",1,99.12500000000009,37800
"(0.9375, 0.9958333333333332)",1,99.12500000000009,37801
"(0.8625, 0.9958333333333332)",1,99.12500000000006,37802
"(0.9625, 0.9958333333333332)",1,99.12500000000006,37803
"(0.9666666666666668, 0.9958333333333332)",1,99.12500000000006,37804
"(0.9458333333333332, 0.9958333333333332)",1,99.12500000000006,37805
"(0.95, 0.9958333333333332)",1,99.12500000000006,37806
"(0.925, 0.9958333333333332)",1,99.12500000000006,37807
"(0.9708333333333332, 0.9958333333333332)",2,99.12500000000004,37809
"(0.8708333333333333, 0.9958333333333332)",1,99.12500000000004,37810
"(0.9875, 0.9958333333333332)",3,99.12500000000004,37813
"(0.95, 0.9958333333333332)",2,99.12500000000004,37815
"(0.9333333333333332, 0.9958333333333332)",1,99.12500000000004,37816
"(0.925, 0.9958333333333332)",2,99.12500000000004,37818
"(0.9, 0.9958333333333332)",1,99.12500000000004,37819
"(0.8958333333333334, 0.9958333333333332)",2,99.12500000000004,37821
"(0.975, 0.9958333333333332)",1,99.12500000000004,37822
"(0.9416666666666668, 0.9958333333333332)",1,99.12500000000004,37823
"(0.9208333333333332, 0.9958333333333332)",1,99.12500000000004,37824
"(0.9125, 0.9958333333333332)",2,99.12500000000004,37826
"(0.9375, 0.9958333333333332)",1,99.12500000000004,37827
"(1.0, 0.9958333333333332)",1,99.12500000000004,37828
"(0.8833333333333333, 0.9958333333333332)",1,99.12500000000004,37829
"(0.9916666666666668, 0.9958333333333332)",3,99.12500000000004,37832
"(0.9041666666666668, 0.9958333333333332)",1,99.12500000000004,37833
"(0.9875, 0.9958333333333332)",1,99.12500000000004,37834
"(0.875, 0.9958333333333332)",1,99.12500000000004,37835
"(0.9722222222222222, 1.0)",1,99.125,37836
"(0.7361111111111112, 1.0)",1,99.125,37837
"(0.9027777777777778, 1.0)",5,99.125,37842
"(0.9833333333333332, 0.9958333333333332)",1,99.125,37843
"(0.9916666666666668, 0.9958333333333332)",1,99.125,37844
"(0.8333333333333334, 1.0)",3,99.125,37847
"(0.8611111111111112, 1.0)",7,99.125,37854
"(0.9791666666666666, 1.0)",1,99.125,37855
"(0.9166666666666666, 1.0)",1,99.125,37856
"(0.625, 1.0)",5,99.125,37861
"(0.9833333333333332, 1.0)",1,99.125,37862
"(0.8888888888888888, 1.0)",3,99.125,37865
"(0.7777777777777778, 1.0)",4,99.125,37869
"(0.875, 1.0)",3,99.125,37872
"(0.9958333333333332, 0.9958333333333332)",1,99.125,37873
"(0.8055555555555556, 1.0)",3,99.125,37876
"(0.5972222222222222, 1.0)",5,99.125,37881
"(0.9583333333333334, 1.0)",4,99.125,37885
"(0.9875, 1.0)",1,99.125,37886
"(0.75, 1.0)",5,99.125,37891
"(0.8472222222222222, 1.0)",2,99.125,37893
"(0.7083333333333334, 1.0)",3,99.125,37896
"(0.9444444444444444, 1.0)",8,99.125,37904
"(0.6805555555555556, 1.0)",2,99.125,37906
"(0.9305555555555556, 1.0)",3,99.125,37909
"(0.9791666666666666, 0.9958333333333332)",2,99.125,37911
"(0.6111111111111112, 1.0)",2,99.125,37913
"(0.8194444444444444, 1.0)",8,99.125,37921
"(0.6944444444444444, 1.0)",4,99.125,37925
"(0.9875, 0.9958333333333332)",1,99.12499999999996,37926
"(0.975, 0.9958333333333332)",1,99.12499999999996,37927
"(0.975, 1.0)",1,99.12499999999996,37928
"(0.9, 0.9916666666666668)",1,99.12499999999974,37929
"(0.7571969696969696, 0.9988636363636364)",1,99.12159090909093,37930
"(0.9291666666666668, 0.9958333333333332)",1,99.12083333333344,37931
"(0.9583333333333334, 0.9958333333333332)",2,99.12083333333342,37933
"(0.9375, 0.9958333333333332)",1,99.1208333333334,37934
"(0.9833333333333332, 0.9958333333333332)",1,99.1208333333334,37935
"(0.9291666666666668, 0.9958333333333332)",1,99.1208333333334,37936
"(0.8833333333333333, 0.9958333333333332)",1,99.1208333333334,37937
"(1.0, 0.9958333333333332)",1,99.1208333333334,37938
"(0.9625, 0.9958333333333332)",1,99.1208333333334,37939
"(0.9041666666666668, 0.9958333333333332)",1,99.12083333333338,37940
"(0.8625, 0.9958333333333332)",1,99.12083333333338,37941
"(0.8958333333333334, 0.9958333333333332)",2,99.12083333333338,37943
"(0.925, 0.9958333333333332)",2,99.12083333333338,37945
"(0.9375, 0.9958333333333332)",1,99.12083333333337,37946
"(1.0, 0.9958333333333332)",1,99.12083333333337,37947
"(0.95, 0.9958333333333332)",1,99.12083333333337,37948
"(0.9791666666666666, 0.9958333333333332)",1,99.12083333333337,37949
"(0.925, 0.9958333333333332)",1,99.12083333333337,37950
"(0.9208333333333332, 0.9958333333333332)",2,99.12083333333337,37952
"(0.9625, 0.9958333333333332)",2,99.12083333333337,37954
"(0.9041666666666668, 0.9958333333333332)",1,99.12083333333337,37955
"(0.9916666666666668, 0.9958333333333332)",2,99.12083333333337,37957
"(0.9833333333333332, 0.9958333333333332)",1,99.12083333333337,37958
"(0.9125, 0.9958333333333332)",1,99.12083333333337,37959
"(0.9166666666666666, 0.9958333333333332)",1,99.12083333333337,37960
"(0.9666666666666668, 1.0)",1,99.12083333333334,37961
"(0.95, 1.0)",1,99.12083333333334,37962
"(0.9875, 1.0)",2,99.12083333333334,37964
"(0.9791666666666666, 0.9958333333333332)",2,99.12083333333332,37966
"(0.975, 0.9958333333333332)",2,99.1208333333333,37968
"(0.9875, 0.9958333333333332)",1,99.12083333333328,37969
"(0.9708333333333332, 0.9958333333333332)",1,99.1208333333332,37970
"(0.9875, 0.9958333333333332)",1,99.12083333333318,37971
"(0.9375, 0.9958333333333332)",1,99.11666666666676,37972
"(0.9291666666666668, 0.9958333333333332)",3,99.11666666666676,37975
"(0.9875, 0.9958333333333332)",1,99.11666666666676,37976
"(0.9791666666666666, 0.9958333333333332)",1,99.11666666666676,37977
"(0.8791666666666667, 0.9958333333333332)",1,99.11666666666676,37978
"(0.9208333333333332, 0.9958333333333332)",1,99.11666666666672,37979
"(0.9958333333333332, 0.9958333333333332)",1,99.11666666666672,37980
"(0.9916666666666668, 0.9958333333333332)",2,99.11666666666672,37982
"(0.9333333333333332, 0.9958333333333332)",1,99.11666666666672,37983
"(0.9208333333333332, 0.9958333333333332)",1,99.11666666666672,37984
"(0.9625, 0.9958333333333332)",1,99.11666666666672,37985
"(0.975, 0.9958333333333332)",2,99.11666666666672,37987
"(0.9458333333333332, 0.9958333333333332)",1,99.11666666666672,37988
"(0.8375, 0.9958333333333332)",1,99.11666666666672,37989
"(0.9875, 0.9958333333333332)",1,99.11666666666672,37990
"(0.9958333333333332, 0.9958333333333332)",1,99.11666666666672,37991
"(0.9625, 0.9958333333333332)",1,99.11666666666672,37992
"(0.9291666666666668, 0.9958333333333332)",1,99.11666666666672,37993
"(0.9791666666666666, 0.9958333333333332)",1,99.11666666666672,37994
"(0.9708333333333332, 0.9958333333333332)",1,99.11666666666672,37995
"(0.9833333333333332, 0.9958333333333332)",2,99.1166666666667,37997
"(0.9916666666666668, 0.9958333333333332)",1,99.1166666666667,37998
"(0.9666666666666668, 0.9958333333333332)",3,99.1166666666667,38001
"(0.9375, 0.9958333333333332)",4,99.1166666666667,38005
"(0.9166666666666666, 0.9833333333333332)",1,99.1166666666667,38006
"(0.9041666666666668, 0.9958333333333332)",1,99.1166666666667,38007
"(0.9, 0.9958333333333332)",1,99.1166666666667,38008
"(0.9708333333333332, 0.9958333333333332)",1,99.1166666666667,38009
"(0.9166666666666666, 0.9958333333333332)",1,99.1166666666667,38010
"(0.9416666666666668, 0.9958333333333332)",2,99.1166666666667,38012
"(0.9333333333333332, 0.9958333333333332)",1,99.1166666666667,38013
"(0.9875, 0.9958333333333332)",1,99.1166666666667,38014
"(0.975, 0.9958333333333332)",1,99.1166666666667,38015
"(0.9791666666666666, 0.9958333333333332)",4,99.1166666666667,38019
"(1.0, 1.0)",1,99.1166666666667,38020
"(0.9291666666666668, 0.9958333333333332)",2,99.1166666666667,38022
"(0.85, 1.0)",9,99.11666666666667,38031
"(0.95, 1.0)",5,99.11666666666667,38036
"(0.8333333333333334, 1.0)",7,99.11666666666667,38043
"(0.8333333333333334, 1.0)",2,99.11666666666667,38045
"(0.8333333333333334, 0.9833333333333332)",1,99.11666666666667,38046
"(0.7333333333333333, 1.0)",7,99.11666666666667,38053
"(0.7333333333333333, 0.9833333333333332)",1,99.11666666666667,38054
"(1.0, 1.0)",1,99.11666666666667,38055
"(0.8166666666666667, 1.0)",2,99.11666666666667,38057
"(0.9166666666666666, 1.0)",11,99.11666666666667,38068
"(0.9875, 1.0)",1,99.11666666666667,38069
"(0.7, 1.0)",4,99.11666666666667,38073
"(0.6666666666666666, 1.0)",3,99.11666666666667,38076
"(0.7833333333333333, 1.0)",4,99.11666666666667,38080
"(0.75, 1.0)",2,99.11666666666667,38082
"(0.8, 1.0)",6,99.11666666666667,38088
"(0.9333333333333332, 1.0)",2,99.11666666666667,38090
"(0.8833333333333333, 0.9833333333333332)",1,99.11666666666667,38091
"(0.8833333333333333, 1.0)",1,99.11666666666667,38092
"(0.8166666666666667, 1.0)",10,99.11666666666667,38102
"(0.85, 1.0)",1,99.11666666666667,38103
"(0.9, 1.0)",9,99.11666666666667,38112
"(0.975, 1.0)",1,99.11666666666667,38113
"(0.9333333333333332, 1.0)",2,99.11666666666667,38115
"(0.9833333333333332, 1.0)",3,99.11666666666667,38118
"(0.8833333333333333, 1.0)",6,99.11666666666667,38124
"(0.9666666666666668, 1.0)",5,99.11666666666667,38129
"(0.8666666666666667, 1.0)",5,99.11666666666667,38134
"(1.0, 1.0)",11,99.11666666666667,38145
"(0.9, 1.0)",1,99.11666666666667,38146
"(0.9166666666666666, 1.0)",4,99.11666666666667,38150
"(0.7166666666666667, 1.0)",2,99.11666666666667,38152
"(0.9958333333333332, 1.0)",1,99.11666666666667,38153
"(0.6833333333333333, 1.0)",2,99.11666666666667,38155
"(0.9833333333333332, 1.0)",1,99.11666666666667,38156
"(0.7333333333333333, 1.0)",1,99.11666666666667,38157
"(0.7666666666666667, 1.0)",5,99.11666666666667,38162
"(0.9, 1.0)",2,99.11666666666666,38164
"(0.9166666666666666, 1.0)",2,99.11666666666666,38166
"(0.9833333333333332, 0.9958333333333332)",1,99.11666666666666,38167
"(0.7833333333333333, 1.0)",1,99.11666666666666,38168
"(0.8666666666666667, 1.0)",2,99.11666666666666,38170
"(0.7333333333333333, 1.0)",1,99.11666666666666,38171
"(0.8833333333333333, 1.0)",1,99.11666666666666,38172
"(0.7666666666666667, 1.0)",3,99.11666666666666,38175
"(0.8166666666666667, 1.0)",4,99.11666666666666,38179
"(0.9625, 1.0)",1,99.11666666666665,38180
"(0.9791666666666666, 0.9958333333333332)",1,99.11666666666665,38181
"(0.9875, 0.9958333333333332)",2,99.11666666666656,38183
"(0.8875, 0.9916666666666668)",1,99.11666666666645,38184
"(0.8837209302325582, 1.0)",1,99.11627906976744,38185
"(0.6162790697674418, 1.0)",2,99.11627906976744,38187
"(0.7674418604651163, 1.0)",2,99.11627906976744,38189
"(0.627906976744186, 1.0)",1,99.11627906976744,38190
"(0.8488372093023255, 1.0)",2,99.11627906976744,38192
"(0.8255813953488372, 1.0)",1,99.11627906976744,38193
"(0.3372093023255814, 1.0)",1,99.11627906976744,38194
"(0.872093023255814, 1.0)",1,99.11627906976744,38195
"(0.4651162790697674, 1.0)",1,99.11627906976744,38196
"(0.4883720930232558, 1.0)",3,99.11627906976744,38199
"(0.9833333333333332, 0.9958333333333332)",1,99.1125000000001,38200
"(0.9916666666666668, 0.9958333333333332)",1,99.1125000000001,38201
"(0.9083333333333332, 0.9958333333333332)",1,99.11250000000008,38202
"(0.9458333333333332, 0.9958333333333332)",1,99.11250000000008,38203
"(0.9375, 0.9958333333333332)",1,99.11250000000008,38204
"(0.9416666666666668, 0.9958333333333332)",1,99.11250000000008,38205
"(0.975, 0.9958333333333332)",1,99.11250000000008,38206
"(0.9125, 0.9958333333333332)",1,99.11250000000008,38207
"(0.9375, 0.9958333333333332)",1,99.11250000000004,38208
"(0.85, 0.9958333333333332)",3,99.11250000000004,38211
"(0.9791666666666666, 0.9958333333333332)",3,99.11250000000004,38214
"(0.9208333333333332, 0.9958333333333332)",1,99.11250000000004,38215
"(0.9833333333333332, 0.9958333333333332)",3,99.11250000000004,38218
"(0.8958333333333334, 0.9958333333333332)",1,99.11250000000004,38219
"(0.9458333333333332, 0.9958333333333332)",1,99.11250000000004,38220
"(0.9916666666666668, 0.9958333333333332)",1,99.11250000000004,38221
"(0.9458333333333332, 0.9958333333333332)",1,99.11250000000004,38222
"(0.8625, 0.9958333333333332)",2,99.11250000000004,38224
"(0.9416666666666668, 0.9958333333333332)",1,99.11250000000004,38225
"(0.9875, 0.9958333333333332)",1,99.11250000000004,38226
"(0.9666666666666668, 0.9958333333333332)",1,99.11250000000004,38227
"(0.85, 0.9958333333333332)",1,99.11250000000004,38228
"(0.975, 0.9958333333333332)",2,99.11250000000004,38230
"(0.9125, 0.9958333333333332)",2,99.11250000000004,38232
"(0.9916666666666668, 0.9958333333333332)",2,99.11250000000004,38234
"(0.9625, 0.9958333333333332)",1,99.11250000000004,38235
"(0.9041666666666668, 0.9958333333333332)",1,99.11250000000004,38236
"(0.8375, 0.9958333333333332)",1,99.11250000000004,38237
"(0.9708333333333332, 0.9958333333333332)",1,99.11250000000004,38238
"(0.9791666666666666, 1.0)",1,99.1125,38239
"(0.9666666666666668, 1.0)",1,99.1125,38240
"(0.95, 1.0)",1,99.1125,38241
"(0.9791666666666666, 0.9958333333333332)",1,99.11249999999998,38242
"(0.9916666666666668, 0.9958333333333332)",1,99.11249999999995,38243
"(0.9791666666666666, 0.9958333333333332)",2,99.11249999999994,38245
"(0.7638888888888888, 1.0)",1,99.11111111111111,38246
"(0.8194444444444444, 1.0)",3,99.11111111111111,38249
"(0.7361111111111112, 1.0)",1,99.11111111111111,38250
"(0.5972222222222222, 1.0)",3,99.11111111111111,38253
"(0.9444444444444444, 1.0)",7,99.11111111111111,38260
"(0.9583333333333334, 1.0)",4,99.11111111111111,38264
"(0.7083333333333334, 1.0)",10,99.11111111111111,38274
"(0.9027777777777778, 1.0)",3,99.11111111111111,38277
"(0.7777777777777778, 1.0)",7,99.11111111111111,38284
"(0.8888888888888888, 1.0)",5,99.11111111111111,38289
"(0.8055555555555556, 1.0)",1,99.11111111111111,38290
"(0.6388888888888888, 1.0)",1,99.11111111111111,38291
"(0.9305555555555556, 1.0)",1,99.11111111111111,38292
"(0.9166666666666666, 1.0)",1,99.11111111111111,38293
"(0.7222222222222222, 1.0)",2,99.11111111111111,38295
"(0.875, 1.0)",2,99.11111111111111,38297
"(0.8611111111111112, 1.0)",3,99.11111111111111,38300
"(0.75, 1.0)",1,99.11111111111111,38301
"(0.8472222222222222, 1.0)",3,99.11111111111111,38304
"(0.9722222222222222, 1.0)",1,99.11111111111111,38305
"(0.8333333333333334, 1.0)",8,99.11111111111111,38313
"(0.7083333333333334, 1.0)",1,99.1111111111111,38314
"(0.9375, 0.9958333333333332)",1,99.10833333333342,38315
"(0.9833333333333332, 0.9958333333333332)",1,99.10833333333342,38316
"(0.9958333333333332, 0.9958333333333332)",1,99.10833333333342,38317
"(0.9875, 0.9958333333333332)",1,99.1083333333334,38318
"(0.9916666666666668, 0.9958333333333332)",1,99.1083333333334,38319
"(0.9291666666666668, 0.9958333333333332)",1,99.1083333333334,38320
"(0.9291666666666668, 0.9958333333333332)",1,99.10833333333338,38321
"(0.9708333333333332, 0.9958333333333332)",1,99.10833333333338,38322
"(0.875, 0.9958333333333332)",1,99.10833333333338,38323
"(0.9833333333333332, 0.9958333333333332)",1,99.10833333333338,38324
"(0.9791666666666666, 0.9958333333333332)",1,99.10833333333338,38325
"(0.9208333333333332, 0.9958333333333332)",2,99.10833333333338,38327
"(0.9416666666666668, 0.9958333333333332)",1,99.10833333333338,38328
"(0.95, 0.9958333333333332)",2,99.10833333333338,38330
"(0.975, 0.9958333333333332)",1,99.10833333333338,38331
"(0.9583333333333334, 0.9958333333333332)",1,99.10833333333338,38332
"(0.9875, 0.9958333333333332)",3,99.10833333333338,38335
"(0.9833333333333332, 0.9958333333333332)",3,99.10833333333336,38338
"(0.9875, 0.9958333333333332)",3,99.10833333333336,38341
"(0.9666666666666668, 0.9958333333333332)",1,99.10833333333336,38342
"(0.975, 0.9958333333333332)",1,99.10833333333336,38343
"(0.9708333333333332, 0.9958333333333332)",1,99.10833333333336,38344
"(0.975, 1.0)",1,99.10833333333328,38345
"(0.9958333333333332, 0.9958333333333332)",1,99.10833333333323,38346
"(0.9791666666666666, 0.9958333333333332)",1,99.10833333333323,38347
"(0.9916666666666668, 0.9958333333333332)",1,99.10833333333318,38348
"(0.9041666666666668, 0.9916666666666668)",2,99.10833333333312,38350
"(0.9208333333333332, 0.9916666666666668)",2,99.1083333333331,38352
"(0.6046511627906976, 1.0)",1,99.1046511627907,38353
"(0.4651162790697674, 1.0)",1,99.1046511627907,38354
"(0.4883720930232558, 1.0)",2,99.1046511627907,38356
"(0.7441860465116279, 1.0)",1,99.1046511627907,38357
"(0.9186046511627908, 1.0)",1,99.1046511627907,38358
"(0.6162790697674418, 1.0)",1,99.1046511627907,38359
"(0.872093023255814, 1.0)",1,99.10465116279067,38360
"(0.7674418604651163, 1.0)",2,99.10465116279067,38362
"(0.8255813953488372, 1.0)",2,99.10465116279067,38364
"(0.5930232558139535, 1.0)",2,99.10465116279067,38366
"(0.9041666666666668, 0.9958333333333332)",1,99.10416666666676,38367
"(0.9875, 0.9958333333333332)",1,99.10416666666676,38368
"(0.9708333333333332, 0.9958333333333332)",1,99.10416666666676,38369
"(0.9291666666666668, 0.9958333333333332)",1,99.10416666666676,38370
"(0.8916666666666667, 0.9958333333333332)",1,99.10416666666674,38371
"(0.9833333333333332, 0.9958333333333332)",1,99.10416666666674,38372
"(0.9875, 0.9958333333333332)",3,99.10416666666671,38375
"(0.9041666666666668, 0.9958333333333332)",1,99.10416666666671,38376
"(0.9916666666666668, 0.9958333333333332)",1,99.10416666666671,38377
"(0.8791666666666667, 0.9958333333333332)",1,99.10416666666671,38378
"(0.9166666666666666, 0.9958333333333332)",1,99.10416666666671,38379
"(0.9666666666666668, 0.9958333333333332)",1,99.10416666666671,38380
"(0.9833333333333332, 0.9958333333333332)",2,99.1041666666667,38382
"(0.9791666666666666, 0.9958333333333332)",1,99.1041666666667,38383
"(0.85, 0.9958333333333332)",1,99.1041666666667,38384
"(0.9291666666666668, 0.9958333333333332)",1,99.1041666666667,38385
"(0.975, 0.9958333333333332)",2,99.1041666666667,38387
"(0.8625, 0.9958333333333332)",1,99.1041666666667,38388
"(0.8958333333333334, 0.9958333333333332)",1,99.1041666666667,38389
"(0.9666666666666668, 0.9958333333333332)",1,99.1041666666667,38390
"(0.9333333333333332, 0.9958333333333332)",1,99.1041666666667,38391
"(0.95, 0.9958333333333332)",1,99.1041666666667,38392
"(0.9916666666666668, 0.9958333333333332)",1,99.1041666666667,38393
"(0.9041666666666668, 0.9958333333333332)",1,99.1041666666667,38394
"(0.9375, 0.9958333333333332)",1,99.10416666666669,38395
"(0.9916666666666668, 0.9958333333333332)",1,99.10416666666669,38396
"(0.9791666666666666, 0.9958333333333332)",1,99.10416666666666,38397
"(0.95, 1.0)",1,99.10416666666664,38398
"(0.9833333333333332, 0.9958333333333332)",1,99.1041666666666,38399
"(0.9833333333333332, 0.9958333333333332)",2,99.1041666666666,38401
"(0.95, 0.9958333333333332)",2,99.1041666666666,38403
"(0.9791666666666666, 0.9958333333333332)",1,99.10416666666656,38404
"(0.95, 0.9916666666666668)",1,99.10416666666644,38405
"(0.6794871794871795, 1.0)",3,99.1025641025641,38408
"(0.9291666666666668, 0.9958333333333332)",1,99.10000000000012,38409
"(0.9291666666666668, 0.9958333333333332)",1,99.10000000000008,38410
"(0.8625, 0.9958333333333332)",1,99.10000000000008,38411
"(0.9875, 0.9958333333333332)",1,99.10000000000004,38412
"(0.975, 0.9958333333333332)",1,99.10000000000004,38413
"(0.9333333333333332, 0.9833333333333332)",2,99.10000000000004,38415
"(0.9041666666666668, 0.9958333333333332)",1,99.10000000000004,38416
"(0.9708333333333332, 0.9958333333333332)",2,99.10000000000004,38418
"(0.9291666666666668, 0.9958333333333332)",1,99.10000000000004,38419
"(0.9458333333333332, 0.9958333333333332)",1,99.10000000000004,38420
"(0.9833333333333332, 0.9958333333333332)",2,99.10000000000004,38422
"(0.825, 0.9958333333333332)",1,99.10000000000004,38423
"(0.9791666666666666, 0.9958333333333332)",3,99.10000000000004,38426
"(0.8625, 0.9958333333333332)",1,99.10000000000004,38427
"(0.8666666666666667, 0.9958333333333332)",1,99.10000000000004,38428
"(0.9791666666666666, 0.9958333333333332)",1,99.10000000000004,38429
"(1.0, 0.9833333333333332)",1,99.10000000000004,38430
"(0.9125, 0.9958333333333332)",3,99.10000000000004,38433
"(0.8541666666666666, 0.9958333333333332)",1,99.10000000000004,38434
"(0.9416666666666668, 0.9958333333333332)",1,99.10000000000004,38435
"(0.95, 0.9958333333333332)",1,99.10000000000004,38436
"(0.75, 0.9833333333333332)",1,99.10000000000002,38437
"(0.8166666666666667, 1.0)",1,99.10000000000002,38438
"(0.8666666666666667, 1.0)",2,99.10000000000002,38440
"(1.0, 1.0)",1,99.10000000000002,38441
"(0.9708333333333332, 0.9958333333333332)",2,99.10000000000002,38443
"(0.9166666666666666, 0.9833333333333332)",2,99.10000000000002,38445
"(0.9666666666666668, 0.9833333333333332)",1,99.10000000000002,38446
"(0.9333333333333332, 1.0)",2,99.10000000000002,38448
"(0.7333333333333333, 0.9833333333333332)",1,99.10000000000002,38449
"(0.9666666666666668, 1.0)",2,99.10000000000002,38451
"(0.9166666666666666, 1.0)",3,99.10000000000002,38454
"(0.9166666666666666, 1.0)",12,99.1,38466
"(0.9833333333333332, 1.0)",8,99.1,38474
"(1.0, 1.0)",7,99.1,38481
"(0.8166666666666667, 1.0)",8,99.1,38489
"(0.6, 1.0)",1,99.1,38490
"(0.7166666666666667, 1.0)",3,99.1,38493
"(0.9, 1.0)",7,99.1,38500
"(0.9166666666666666, 1.0)",1,99.1,38501
"(0.8333333333333334, 1.0)",4,99.1,38505
"(0.7, 1.0)",3,99.1,38508
"(0.9833333333333332, 1.0)",1,99.1,38509
"(0.7333333333333333, 1.0)",5,99.1,38514
"(0.8, 1.0)",3,99.1,38517
"(0.85, 1.0)",7,99.1,38524
"(0.7833333333333333, 1.0)",4,99.1,38528
"(0.9791666666666666, 0.9958333333333332)",2,99.1,38530
"(0.9333333333333332, 1.0)",4,99.1,38534
"(0.9791666666666666, 0.9958333333333332)",1,99.1,38535
"(0.9666666666666668, 1.0)",10,99.1,38545
"(0.8333333333333334, 1.0)",12,99.1,38557
"(0.95, 1.0)",2,99.1,38559
"(0.7, 1.0)",1,99.1,38560
"(0.8833333333333333, 1.0)",9,99.1,38569
"(0.8666666666666667, 1.0)",5,99.1,38574
"(0.75, 1.0)",1,99.1,38575
"(0.75, 1.0)",4,99.1,38579
"(0.95, 1.0)",5,99.1,38584
"(0.7666666666666667, 1.0)",1,99.1,38585
"(0.7333333333333333, 1.0)",4,99.1,38589
"(0.7666666666666667, 1.0)",3,99.1,38592
"(0.9791666666666666, 1.0)",1,99.09999999999997,38593
"(0.7083333333333334, 1.0)",4,99.09722222222224,38597
"(0.9305555555555556, 1.0)",4,99.09722222222224,38601
"(0.7638888888888888, 1.0)",1,99.09722222222224,38602
"(0.8611111111111112, 1.0)",3,99.09722222222224,38605
"(0.8333333333333334, 1.0)",4,99.09722222222224,38609
"(0.7777777777777778, 0.9861111111111112)",1,99.09722222222224,38610
"(0.875, 1.0)",1,99.09722222222224,38611
"(0.9027777777777778, 1.0)",2,99.09722222222224,38613
"(0.75, 1.0)",2,99.09722222222224,38615
"(0.7777777777777778, 1.0)",6,99.09722222222224,38621
"(0.9444444444444444, 1.0)",1,99.09722222222224,38622
"(0.7916666666666666, 1.0)",3,99.09722222222224,38625
"(0.8194444444444444, 1.0)",5,99.09722222222224,38630
"(0.7361111111111112, 1.0)",2,99.09722222222224,38632
"(0.8055555555555556, 1.0)",1,99.09722222222224,38633
"(0.6944444444444444, 1.0)",1,99.09722222222224,38634
"(0.8472222222222222, 1.0)",1,99.09722222222224,38635
"(0.9583333333333334, 1.0)",2,99.09722222222224,38637
"(0.8888888888888888, 1.0)",6,99.09722222222224,38643
"(0.7222222222222222, 1.0)",1,99.09722222222224,38644
"(0.6944444444444444, 1.0)",2,99.0972222222222,38646
"(0.9166666666666666, 1.0)",2,99.0972222222222,38648
"(0.7083333333333334, 1.0)",2,99.0972222222222,38650
"(0.9027777777777778, 1.0)",1,99.0972222222222,38651
"(0.9041666666666668, 0.9958333333333332)",1,99.09583333333345,38652
"(0.9708333333333332, 0.9958333333333332)",1,99.09583333333342,38653
"(0.9291666666666668, 0.9958333333333332)",1,99.09583333333342,38654
"(0.9666666666666668, 0.9958333333333332)",1,99.0958333333334,38655
"(0.9791666666666666, 0.9958333333333332)",1,99.0958333333334,38656
"(0.9375, 0.9958333333333332)",1,99.09583333333336,38657
"(0.9208333333333332, 0.9958333333333332)",1,99.09583333333336,38658
"(0.9875, 0.9958333333333332)",1,99.09583333333336,38659
"(0.975, 1.0)",1,99.09583333333336,38660
"(0.9916666666666668, 0.9958333333333332)",1,99.09583333333336,38661
"(0.975, 0.9958333333333332)",2,99.09583333333336,38663
"(0.9833333333333332, 0.9958333333333332)",1,99.09583333333336,38664
"(0.975, 0.9958333333333332)",1,99.09583333333336,38665
"(0.9125, 0.9958333333333332)",3,99.09583333333336,38668
"(0.9291666666666668, 0.9958333333333332)",1,99.09583333333336,38669
"(0.9625, 0.9958333333333332)",3,99.09583333333336,38672
"(0.8625, 0.9958333333333332)",1,99.09583333333336,38673
"(0.9583333333333334, 0.9958333333333332)",1,99.09583333333336,38674
"(0.9, 0.9958333333333332)",2,99.09583333333336,38676
"(0.9791666666666666, 0.9958333333333332)",2,99.09583333333336,38678
"(0.975, 1.0)",1,99.09583333333332,38679
"(0.9791666666666666, 1.0)",1,99.09583333333332,38680
"(0.9875, 0.9958333333333332)",1,99.09583333333327,38681
"(0.9791666666666666, 0.9958333333333332)",1,99.09583333333327,38682
"(0.975, 0.9958333333333332)",1,99.09583333333326,38683
"(0.9458333333333332, 0.9916666666666668)",1,99.0958333333331,38684
"(0.8372093023255814, 1.0)",1,99.09302325581396,38685
"(0.4883720930232558, 1.0)",1,99.09302325581396,38686
"(0.7674418604651163, 1.0)",1,99.09302325581396,38687
"(0.872093023255814, 1.0)",1,99.09302325581396,38688
"(0.8372093023255814, 1.0)",2,99.09302325581396,38690
"(0.813953488372093, 1.0)",1,99.09302325581396,38691
"(0.7441860465116279, 1.0)",2,99.09302325581396,38693
"(0.6162790697674418, 1.0)",3,99.09302325581396,38696
"(0.872093023255814, 1.0)",2,99.09302325581396,38698
"(0.4883720930232558, 1.0)",2,99.09302325581396,38700
"(0.9186046511627908, 1.0)",1,99.09302325581396,38701
"(0.975, 0.9958333333333332)",1,99.09166666666675,38702
"(0.975, 0.9958333333333332)",1,99.09166666666674,38703
"(0.925, 0.9958333333333332)",1,99.09166666666674,38704
"(0.9208333333333332, 0.9958333333333332)",1,99.09166666666674,38705
"(0.9375, 0.9958333333333332)",1,99.09166666666673,38706
"(0.9041666666666668, 0.9958333333333332)",1,99.09166666666673,38707
"(0.9208333333333332, 0.9958333333333332)",3,99.09166666666673,38710
"(0.9, 0.9958333333333332)",1,99.09166666666673,38711
"(0.9958333333333332, 0.9958333333333332)",1,99.09166666666673,38712
"(0.9083333333333332, 0.9958333333333332)",1,99.09166666666673,38713
"(0.8958333333333334, 0.9958333333333332)",1,99.09166666666673,38714
"(0.8791666666666667, 0.9958333333333332)",1,99.09166666666673,38715
"(0.8625, 0.9958333333333332)",1,99.0916666666667,38716
"(0.9625, 0.9958333333333332)",1,99.0916666666667,38717
"(0.975, 0.9958333333333332)",4,99.0916666666667,38721
"(0.9208333333333332, 0.9958333333333332)",1,99.0916666666667,38722
"(0.9791666666666666, 0.9958333333333332)",3,99.0916666666667,38725
"(0.9833333333333332, 0.9958333333333332)",2,99.0916666666667,38727
"(0.9916666666666668, 0.9958333333333332)",1,99.0916666666667,38728
"(0.9875, 0.9958333333333332)",1,99.0916666666667,38729
"(0.9583333333333334, 0.9958333333333332)",1,99.0916666666667,38730
"(0.9666666666666668, 0.9958333333333332)",1,99.0916666666667,38731
"(0.9458333333333332, 0.9958333333333332)",1,99.0916666666667,38732
"(0.9416666666666668, 0.9958333333333332)",1,99.0916666666667,38733
"(0.9875, 0.9916666666666668)",1,99.0916666666666,38734
"(0.975, 0.9958333333333332)",1,99.09166666666658,38735
"(0.9375, 0.9916666666666668)",1,99.09166666666644,38736
"(0.9875, 0.9916666666666668)",1,99.09166666666644,38737
"(0.9333333333333332, 0.9916666666666668)",1,99.0916666666664,38738
"(0.9875, 0.9958333333333332)",1,99.08750000000016,38739
"(0.9833333333333332, 0.9958333333333332)",1,99.0875000000001,38740
"(0.9625, 0.9958333333333332)",1,99.0875000000001,38741
"(0.9875, 0.9958333333333332)",1,99.08750000000008,38742
"(0.9291666666666668, 0.9958333333333332)",1,99.08750000000006,38743
"(0.825, 0.9958333333333332)",2,99.08750000000006,38745
"(0.825, 0.9958333333333332)",1,99.08750000000003,38746
"(0.9833333333333332, 0.9958333333333332)",2,99.08750000000003,38748
"(0.9791666666666666, 0.9958333333333332)",1,99.08750000000003,38749
"(0.9416666666666668, 0.9958333333333332)",2,99.08750000000003,38751
"(0.9791666666666666, 0.9958333333333332)",1,99.08750000000003,38752
"(0.9333333333333332, 0.9958333333333332)",1,99.08750000000003,38753
"(0.9041666666666668, 0.9958333333333332)",1,99.08750000000003,38754
"(0.9833333333333332, 0.9958333333333332)",1,99.08750000000003,38755
"(0.9083333333333332, 0.9958333333333332)",1,99.08750000000003,38756
"(0.9708333333333332, 0.9958333333333332)",1,99.08750000000003,38757
"(0.9125, 0.9958333333333332)",1,99.08750000000003,38758
"(0.975, 0.9958333333333332)",1,99.08750000000003,38759
"(0.9916666666666668, 0.9958333333333332)",4,99.08750000000003,38763
"(0.9291666666666668, 0.9958333333333332)",1,99.08750000000003,38764
"(0.9666666666666668, 0.9958333333333332)",1,99.08750000000003,38765
"(0.9208333333333332, 0.9958333333333332)",1,99.08750000000003,38766
"(0.975, 0.9958333333333332)",6,99.08750000000003,38772
"(0.8791666666666667, 0.9958333333333332)",2,99.08750000000003,38774
"(0.875, 0.9958333333333332)",1,99.08750000000003,38775
"(0.8625, 0.9958333333333332)",1,99.08750000000003,38776
"(0.9958333333333332, 0.9958333333333332)",1,99.08750000000003,38777
"(0.9375, 0.9958333333333332)",1,99.08750000000003,38778
"(0.9291666666666668, 0.9958333333333332)",1,99.08750000000003,38779
"(0.9583333333333334, 0.9958333333333332)",2,99.08750000000002,38781
"(0.9791666666666666, 1.0)",1,99.0875,38782
"(0.9916666666666668, 0.9958333333333332)",1,99.0875,38783
"(0.9458333333333332, 0.9958333333333332)",1,99.0875,38784
"(0.95, 0.9958333333333332)",1,99.08749999999996,38785
"(0.9833333333333332, 1.0)",1,99.08749999999996,38786
"(0.9875, 0.9958333333333332)",3,99.08749999999992,38789
"(0.9875, 0.9958333333333332)",1,99.08749999999988,38790
"(0.8666666666666667, 0.9916666666666668)",1,99.08749999999978,38791
"(0.9291666666666668, 0.9916666666666668)",1,99.08749999999978,38792
"(0.9833333333333332, 0.9958333333333332)",1,99.08333333333346,38793
"(0.9708333333333332, 0.9958333333333332)",1,99.0833333333334,38794
"(0.9041666666666668, 0.9958333333333332)",1,99.0833333333334,38795
"(0.9375, 0.9958333333333332)",1,99.0833333333334,38796
"(0.9791666666666666, 0.9958333333333332)",1,99.0833333333334,38797
"(0.9875, 0.9958333333333332)",1,99.0833333333334,38798
"(0.95, 0.9958333333333332)",3,99.0833333333334,38801
"(0.975, 0.9958333333333332)",2,99.0833333333334,38803
"(0.9625, 0.9958333333333332)",1,99.0833333333334,38804
"(0.7083333333333334, 1.0)",1,99.08333333333336,38805
"(0.8333333333333334, 0.9833333333333332)",4,99.08333333333336,38809
"(0.9666666666666668, 1.0)",1,99.08333333333336,38810
"(0.975, 0.9958333333333332)",2,99.08333333333336,38812
"(0.8666666666666667, 0.9958333333333332)",1,99.08333333333336,38813
"(0.7333333333333333, 1.0)",1,99.08333333333336,38814
"(0.9916666666666668, 0.9958333333333332)",1,99.08333333333336,38815
"(0.9208333333333332, 0.9958333333333332)",1,99.08333333333336,38816
"(0.9, 1.0)",1,99.08333333333336,38817
"(0.9333333333333332, 1.0)",3,99.08333333333336,38820
"(1.0, 1.0)",2,99.08333333333336,38822
"(0.9708333333333332, 0.9958333333333332)",1,99.08333333333336,38823
"(0.8833333333333333, 0.9833333333333332)",1,99.08333333333336,38824
"(1.0, 1.0)",2,99.08333333333336,38826
"(0.95, 0.9958333333333332)",1,99.08333333333336,38827
"(0.9166666666666666, 1.0)",4,99.08333333333336,38831
"(0.85, 1.0)",1,99.08333333333336,38832
"(0.9791666666666666, 0.9958333333333332)",2,99.08333333333336,38834
"(0.975, 0.9958333333333332)",2,99.08333333333336,38836
"(0.9875, 0.9958333333333332)",2,99.08333333333336,38838
"(0.9833333333333332, 0.9958333333333332)",2,99.08333333333336,38840
"(0.9291666666666668, 0.9958333333333332)",1,99.08333333333336,38841
"(0.8333333333333334, 1.0)",1,99.08333333333336,38842
"(0.9166666666666666, 1.0)",1,99.08333333333336,38843
"(0.9, 0.9958333333333332)",1,99.08333333333336,38844
"(0.8625, 0.9958333333333332)",2,99.08333333333336,38846
"(0.7222222222222222, 1.0)",2,99.08333333333334,38848
"(0.9, 1.0)",9,99.08333333333334,38857
"(0.9305555555555556, 1.0)",2,99.08333333333334,38859
"(0.8, 1.0)",2,99.08333333333334,38861
"(0.7166666666666667, 1.0)",2,99.08333333333334,38863
"(0.7083333333333334, 1.0)",1,99.08333333333334,38864
"(0.9666666666666668, 1.0)",2,99.08333333333334,38866
"(0.9583333333333334, 1.0)",2,99.08333333333334,38868
"(0.8666666666666667, 1.0)",5,99.08333333333334,38873
"(0.95, 1.0)",1,99.08333333333334,38874
"(0.9166666666666666, 1.0)",6,99.08333333333334,38880
"(0.8888888888888888, 1.0)",1,99.08333333333334,38881
"(0.7777777777777778, 1.0)",1,99.08333333333334,38882
"(0.8472222222222222, 1.0)",3,99.08333333333334,38885
"(0.8833333333333333, 1.0)",11,99.08333333333334,38896
"(0.875, 1.0)",1,99.08333333333334,38897
"(0.85, 1.0)",2,99.08333333333334,38899
"(0.5333333333333333, 1.0)",1,99.08333333333334,38900
"(1.0, 1.0)",4,99.08333333333334,38904
"(0.7916666666666666, 1.0)",1,99.08333333333334,38905
"(0.7666666666666667, 1.0)",2,99.08333333333334,38907
"(0.9333333333333332, 1.0)",7,99.08333333333334,38914
"(0.8194444444444444, 1.0)",3,99.08333333333334,38917
"(0.8333333333333334, 1.0)",4,99.08333333333334,38921
"(0.6666666666666666, 1.0)",3,99.08333333333334,38924
"(0.8166666666666667, 1.0)",2,99.08333333333334,38926
"(0.7333333333333333, 1.0)",1,99.08333333333334,38927
"(0.9027777777777778, 1.0)",3,99.08333333333334,38930
"(0.8055555555555556, 1.0)",3,99.08333333333334,38933
"(0.75, 1.0)",3,99.08333333333334,38936
"(0.7, 1.0)",1,99.08333333333334,38937
"(0.7361111111111112, 1.0)",2,99.08333333333331,38939
"(0.7333333333333333, 1.0)",2,99.08333333333331,38941
"(0.7666666666666667, 1.0)",2,99.08333333333331,38943
"(0.7, 1.0)",2,99.08333333333331,38945
"(0.9166666666666666, 1.0)",6,99.08333333333331,38951
"(0.7777777777777778, 1.0)",1,99.08333333333331,38952
"(0.9, 1.0)",5,99.08333333333331,38957
"(0.5666666666666667, 1.0)",1,99.08333333333331,38958
"(0.9444444444444444, 1.0)",1,99.08333333333331,38959
"(0.6666666666666666, 1.0)",1,99.08333333333331,38960
"(0.8194444444444444, 1.0)",4,99.08333333333331,38964
"(0.9333333333333332, 1.0)",2,99.08333333333331,38966
"(0.8055555555555556, 1.0)",3,99.08333333333331,38969
"(0.8472222222222222, 1.0)",1,99.08333333333331,38970
"(0.9583333333333334, 1.0)",5,99.08333333333331,38975
"(0.9666666666666668, 1.0)",1,99.08333333333331,38976
"(0.9027777777777778, 1.0)",2,99.08333333333331,38978
"(0.95, 1.0)",2,99.08333333333331,38980
"(0.8333333333333334, 1.0)",6,99.08333333333331,38986
"(0.9833333333333332, 1.0)",7,99.08333333333331,38993
"(0.8888888888888888, 1.0)",4,99.08333333333331,38997
"(0.85, 1.0)",10,99.08333333333331,39007
"(0.875, 1.0)",1,99.08333333333331,39008
"(0.9958333333333332, 0.9958333333333332)",1,99.08333333333331,39009
"(0.6833333333333333, 1.0)",1,99.08333333333331,39010
"(0.8, 1.0)",1,99.08333333333331,39011
"(0.8166666666666667, 1.0)",4,99.08333333333331,39015
"(0.75, 1.0)",5,99.08333333333331,39020
"(0.6944444444444444, 1.0)",1,99.08333333333331,39021
"(0.8833333333333333, 1.0)",2,99.08333333333331,39023
"(0.9305555555555556, 1.0)",2,99.08333333333331,39025
"(0.7083333333333334, 1.0)",7,99.08333333333331,39032
"(1.0, 1.0)",6,99.08333333333331,39038
"(0.8666666666666667, 1.0)",6,99.08333333333331,39044
"(0.7916666666666666, 1.0)",2,99.08333333333331,39046
"(0.7166666666666667, 1.0)",2,99.08333333333331,39048
"(0.975, 0.9958333333333332)",1,99.08333333333329,39049
"(0.9791666666666666, 0.9958333333333332)",1,99.08333333333326,39050
"(0.9791666666666666, 0.9958333333333332)",2,99.08333333333324,39052
"(0.9458333333333332, 0.9916666666666668)",1,99.08333333333312,39053
"(0.8666666666666667, 0.9916666666666668)",1,99.08333333333312,39054
"(0.627906976744186, 1.0)",1,99.08139534883722,39055
"(0.3372093023255814, 1.0)",1,99.0813953488372,39056
"(0.4883720930232558, 1.0)",3,99.0813953488372,39059
"(0.6162790697674418, 1.0)",3,99.0813953488372,39062
"(0.7674418604651163, 1.0)",1,99.0813953488372,39063
"(0.5930232558139535, 1.0)",3,99.0813953488372,39066
"(0.872093023255814, 1.0)",2,99.0813953488372,39068
"(0.627906976744186, 1.0)",1,99.0813953488372,39069
"(0.9186046511627908, 1.0)",2,99.0813953488372,39071
"(0.9291666666666668, 0.9958333333333332)",1,99.07916666666677,39072
"(0.9625, 0.9958333333333332)",1,99.07916666666677,39073
"(0.9791666666666666, 0.9958333333333332)",1,99.07916666666677,39074
"(0.9541666666666668, 0.9958333333333332)",1,99.07916666666677,39075
"(0.975, 0.9958333333333332)",1,99.07916666666677,39076
"(0.9375, 0.9958333333333332)",1,99.07916666666674,39077
"(0.9625, 0.9958333333333332)",1,99.07916666666674,39078
"(0.85, 0.9958333333333332)",1,99.07916666666672,39079
"(0.9291666666666668, 0.9958333333333332)",1,99.07916666666672,39080
"(0.8625, 0.9958333333333332)",1,99.07916666666672,39081
"(0.9125, 0.9958333333333332)",1,99.07916666666672,39082
"(0.9375, 0.9958333333333332)",2,99.07916666666672,39084
"(0.9583333333333334, 0.9916666666666668)",1,99.07916666666672,39085
"(0.925, 0.9958333333333332)",1,99.07916666666672,39086
"(0.8666666666666667, 0.9958333333333332)",1,99.07916666666672,39087
"(0.825, 0.9958333333333332)",1,99.07916666666672,39088
"(0.9708333333333332, 0.9958333333333332)",2,99.07916666666672,39090
"(0.9458333333333332, 0.9958333333333332)",1,99.07916666666672,39091
"(0.875, 0.9958333333333332)",1,99.07916666666672,39092
"(0.9208333333333332, 0.9958333333333332)",1,99.07916666666672,39093
"(0.8375, 0.9958333333333332)",1,99.07916666666672,39094
"(0.9666666666666668, 0.9958333333333332)",1,99.07916666666672,39095
"(0.9625, 0.9958333333333332)",1,99.07916666666672,39096
"(0.9125, 0.9958333333333332)",1,99.07916666666672,39097
"(1.0, 0.9958333333333332)",1,99.0791666666667,39098
"(0.9583333333333334, 0.9958333333333332)",1,99.0791666666667,39099
"(0.9875, 0.9958333333333332)",2,99.0791666666667,39101
"(0.9791666666666666, 0.9958333333333332)",1,99.0791666666667,39102
"(0.975, 0.9958333333333332)",1,99.0791666666667,39103
"(0.9791666666666666, 0.9958333333333332)",1,99.07916666666664,39104
"(0.9708333333333332, 0.9958333333333332)",1,99.07916666666664,39105
"(0.9708333333333332, 0.9916666666666668)",1,99.07916666666644,39106
"(0.9333333333333332, 0.9916666666666668)",1,99.07916666666644,39107
"(0.9458333333333332, 0.9958333333333332)",1,99.07500000000012,39108
"(0.9291666666666668, 0.9958333333333332)",1,99.07500000000007,39109
"(0.9875, 0.9958333333333332)",1,99.07500000000007,39110
"(0.975, 0.9958333333333332)",1,99.07500000000007,39111
"(0.9833333333333332, 0.9958333333333332)",1,99.07500000000007,39112
"(0.9208333333333332, 0.9958333333333332)",1,99.07500000000007,39113
"(0.9958333333333332, 0.9958333333333332)",1,99.07500000000007,39114
"(0.825, 0.9958333333333332)",1,99.07500000000007,39115
"(0.9875, 0.9958333333333332)",1,99.07500000000006,39116
"(0.9166666666666666, 0.9958333333333332)",1,99.07500000000006,39117
"(0.9625, 0.9958333333333332)",1,99.07500000000006,39118
"(0.8541666666666666, 0.9958333333333332)",1,99.07500000000005,39119
"(0.9125, 0.9958333333333332)",1,99.07500000000005,39120
"(0.8666666666666667, 0.9958333333333332)",1,99.07500000000005,39121
"(0.95, 0.9958333333333332)",2,99.07500000000005,39123
"(0.825, 0.9958333333333332)",1,99.07500000000005,39124
"(0.8625, 0.9958333333333332)",1,99.07500000000005,39125
"(0.8625, 0.9958333333333332)",3,99.07500000000005,39128
"(0.9125, 0.9958333333333332)",1,99.07500000000005,39129
"(0.9625, 0.9958333333333332)",2,99.07500000000005,39131
"(0.9916666666666668, 0.9958333333333332)",1,99.07500000000005,39132
"(0.9458333333333332, 0.9958333333333332)",1,99.07500000000005,39133
"(0.9916666666666668, 0.9958333333333332)",2,99.07500000000005,39135
"(0.9875, 0.9958333333333332)",1,99.07500000000005,39136
"(0.9833333333333332, 0.9958333333333332)",1,99.07500000000005,39137
"(0.975, 0.9958333333333332)",1,99.07500000000005,39138
"(0.9583333333333334, 0.9958333333333332)",1,99.07500000000005,39139
"(0.9083333333333332, 0.9958333333333332)",2,99.07500000000005,39141
"(0.9875, 1.0)",1,99.075,39142
"(0.9666666666666668, 1.0)",1,99.075,39143
"(0.9791666666666666, 0.9958333333333332)",1,99.075,39144
"(0.975, 0.9958333333333332)",2,99.07499999999996,39146
"(0.9791666666666666, 0.9958333333333332)",1,99.07499999999996,39147
"(0.9875, 0.9958333333333332)",1,99.07499999999992,39148
"(0.95, 0.9958333333333332)",1,99.0749999999999,39149
"(0.9291666666666668, 0.9916666666666668)",1,99.07499999999978,39150
"(0.9, 0.9958333333333332)",1,99.0708333333334,39151
"(0.9541666666666668, 0.9958333333333332)",1,99.0708333333334,39152
"(0.9416666666666668, 0.9958333333333332)",1,99.0708333333334,39153
"(0.975, 0.9958333333333332)",1,99.0708333333334,39154
"(0.9708333333333332, 0.9958333333333332)",1,99.07083333333338,39155
"(0.9875, 0.9958333333333332)",1,99.07083333333338,39156
"(0.9791666666666666, 0.9958333333333332)",1,99.07083333333335,39157
"(0.9, 0.9958333333333332)",2,99.07083333333335,39159
"(0.9833333333333332, 0.9958333333333332)",1,99.07083333333335,39160
"(0.9875, 0.9958333333333332)",2,99.07083333333335,39162
"(0.9041666666666668, 0.9958333333333332)",1,99.07083333333335,39163
"(0.9333333333333332, 0.9958333333333332)",2,99.07083333333335,39165
"(0.9916666666666668, 0.9958333333333332)",1,99.07083333333335,39166
"(0.925, 0.9958333333333332)",1,99.07083333333335,39167
"(0.8625, 0.9958333333333332)",2,99.07083333333335,39169
"(0.9208333333333332, 0.9958333333333332)",2,99.07083333333335,39171
"(0.9458333333333332, 0.9958333333333332)",1,99.07083333333335,39172
"(0.9625, 0.9958333333333332)",1,99.07083333333335,39173
"(0.9875, 0.9916666666666668)",1,99.07083333333335,39174
"(0.9375, 0.9958333333333332)",2,99.07083333333335,39176
"(0.9875, 1.0)",1,99.07083333333333,39177
"(0.9791666666666666, 0.9958333333333332)",1,99.07083333333328,39178
"(0.9875, 0.9958333333333332)",2,99.07083333333328,39180
"(0.8666666666666667, 0.9916666666666668)",1,99.07083333333313,39181
"(0.9458333333333332, 0.9916666666666668)",1,99.07083333333313,39182
"(0.9125, 0.9916666666666668)",1,99.07083333333313,39183
"(0.9375, 0.9916666666666668)",1,99.07083333333313,39184
"(0.6627906976744186, 1.0)",1,99.06976744186046,39185
"(0.4651162790697674, 1.0)",1,99.06976744186046,39186
"(0.7674418604651163, 1.0)",1,99.06976744186046,39187
"(0.872093023255814, 1.0)",1,99.06976744186046,39188
"(0.9186046511627908, 1.0)",1,99.06976744186046,39189
"(0.9069767441860463, 1.0)",2,99.06976744186046,39191
"(0.6162790697674418, 1.0)",1,99.06976744186046,39192
"(0.7906976744186046, 1.0)",2,99.06976744186046,39194
"(0.627906976744186, 1.0)",2,99.06976744186046,39196
"(0.8255813953488372, 1.0)",1,99.06976744186046,39197
"(0.6162790697674418, 1.0)",1,99.06976744186044,39198
"(0.8837209302325582, 1.0)",1,99.06976744186044,39199
"(0.9027777777777778, 1.0)",3,99.06944444444444,39202
"(0.8333333333333334, 1.0)",5,99.06944444444444,39207
"(0.7638888888888888, 1.0)",1,99.06944444444444,39208
"(0.6805555555555556, 1.0)",2,99.06944444444444,39210
"(0.9305555555555556, 1.0)",5,99.06944444444444,39215
"(0.8611111111111112, 1.0)",5,99.06944444444444,39220
"(0.75, 1.0)",3,99.06944444444444,39223
"(0.6944444444444444, 1.0)",2,99.06944444444444,39225
"(0.8055555555555556, 1.0)",2,99.06944444444444,39227
"(0.5972222222222222, 1.0)",1,99.06944444444444,39228
"(0.7777777777777778, 1.0)",5,99.06944444444444,39233
"(0.8888888888888888, 1.0)",1,99.06944444444444,39234
"(0.7361111111111112, 1.0)",6,99.06944444444444,39240
"(0.8194444444444444, 1.0)",2,99.06944444444444,39242
"(0.625, 1.0)",2,99.06944444444444,39244
"(0.9166666666666666, 1.0)",4,99.06944444444444,39248
"(0.875, 1.0)",2,99.06944444444444,39250
"(0.8888888888888888, 1.0)",2,99.06944444444444,39252
"(0.9583333333333334, 1.0)",6,99.06944444444444,39258
"(0.9444444444444444, 1.0)",1,99.06944444444444,39259
"(0.7916666666666666, 1.0)",2,99.06944444444444,39261
"(0.7083333333333334, 1.0)",6,99.06944444444444,39267
"(0.9625, 0.9958333333333332)",1,99.06666666666676,39268
"(0.9875, 0.9958333333333332)",1,99.06666666666676,39269
"(0.9125, 0.9958333333333332)",1,99.06666666666672,39270
"(0.8666666666666667, 0.9958333333333332)",1,99.06666666666672,39271
"(0.925, 0.9958333333333332)",2,99.06666666666672,39273
"(0.925, 0.9958333333333332)",2,99.06666666666672,39275
"(0.9791666666666666, 0.9958333333333332)",1,99.06666666666672,39276
"(0.975, 0.9958333333333332)",1,99.06666666666672,39277
"(0.9458333333333332, 0.9958333333333332)",1,99.06666666666672,39278
"(0.9625, 0.9958333333333332)",1,99.06666666666672,39279
"(0.9875, 0.9958333333333332)",3,99.06666666666672,39282
"(0.9833333333333332, 0.9958333333333332)",1,99.0666666666667,39283
"(0.8833333333333333, 1.0)",1,99.0666666666667,39284
"(0.875, 0.9958333333333332)",3,99.0666666666667,39287
"(0.9333333333333332, 0.9833333333333332)",1,99.0666666666667,39288
"(0.9958333333333332, 0.9958333333333332)",1,99.0666666666667,39289
"(0.95, 0.9958333333333332)",1,99.0666666666667,39290
"(0.9333333333333332, 0.9958333333333332)",2,99.0666666666667,39292
"(0.8375, 0.9958333333333332)",1,99.0666666666667,39293
"(0.925, 0.9958333333333332)",1,99.0666666666667,39294
"(0.9333333333333332, 1.0)",1,99.0666666666667,39295
"(0.9583333333333334, 0.9958333333333332)",1,99.0666666666667,39296
"(0.9916666666666668, 0.9958333333333332)",2,99.0666666666667,39298
"(0.9791666666666666, 0.9958333333333332)",5,99.0666666666667,39303
"(0.9041666666666668, 0.9958333333333332)",2,99.0666666666667,39305
"(0.9333333333333332, 1.0)",3,99.06666666666668,39308
"(0.9166666666666666, 1.0)",1,99.06666666666668,39309
"(0.8833333333333333, 1.0)",3,99.06666666666668,39312
"(0.9, 1.0)",3,99.06666666666668,39315
"(0.8166666666666667, 1.0)",1,99.06666666666668,39316
"(0.8333333333333334, 1.0)",2,99.06666666666668,39318
"(0.7666666666666667, 1.0)",2,99.06666666666668,39320
"(0.8666666666666667, 1.0)",2,99.06666666666668,39322
"(0.8666666666666667, 0.9833333333333332)",1,99.06666666666668,39323
"(0.9666666666666668, 1.0)",1,99.06666666666668,39324
"(0.8166666666666667, 1.0)",1,99.06666666666668,39325
"(0.7833333333333333, 1.0)",1,99.06666666666668,39326
"(0.7166666666666667, 1.0)",1,99.06666666666668,39327
"(0.9, 1.0)",1,99.06666666666668,39328
"(0.95, 1.0)",2,99.06666666666668,39330
"(0.975, 0.9958333333333332)",1,99.06666666666668,39331
"(0.95, 1.0)",1,99.06666666666668,39332
"(0.75, 1.0)",1,99.06666666666668,39333
"(0.8333333333333334, 1.0)",2,99.06666666666668,39335
"(0.9666666666666668, 1.0)",1,99.06666666666668,39336
"(0.8666666666666667, 1.0)",5,99.06666666666666,39341
"(0.9666666666666668, 1.0)",9,99.06666666666666,39350
"(0.9166666666666666, 1.0)",10,99.06666666666666,39360
"(0.9833333333333332, 1.0)",5,99.06666666666666,39365
"(0.9958333333333332, 1.0)",1,99.06666666666666,39366
"(0.8166666666666667, 1.0)",4,99.06666666666666,39370
"(0.7666666666666667, 1.0)",3,99.06666666666666,39373
"(0.6, 1.0)",1,99.06666666666666,39374
"(0.9333333333333332, 1.0)",4,99.06666666666666,39378
"(0.7333333333333333, 1.0)",8,99.06666666666666,39386
"(0.8833333333333333, 1.0)",2,99.06666666666666,39388
"(0.8333333333333334, 1.0)",9,99.06666666666666,39397
"(1.0, 1.0)",14,99.06666666666666,39411
"(0.85, 1.0)",5,99.06666666666666,39416
"(0.7166666666666667, 1.0)",3,99.06666666666666,39419
"(0.95, 1.0)",4,99.06666666666666,39423
"(0.7833333333333333, 1.0)",4,99.06666666666666,39427
"(0.75, 1.0)",2,99.06666666666666,39429
"(0.6833333333333333, 1.0)",5,99.06666666666666,39434
"(0.9, 1.0)",9,99.06666666666666,39443
"(0.8, 1.0)",1,99.06666666666666,39444
"(0.5666666666666667, 1.0)",1,99.06666666666666,39445
"(0.7, 1.0)",4,99.06666666666666,39449
"(0.9541666666666668, 0.9958333333333332)",1,99.06666666666658,39450
"(0.7692307692307693, 1.0)",1,99.06410256410255,39451
"(0.7307692307692307, 1.0)",2,99.06410256410255,39453
"(0.9875, 0.9958333333333332)",1,99.06250000000011,39454
"(0.9833333333333332, 0.9958333333333332)",1,99.06250000000011,39455
"(0.925, 0.9958333333333332)",1,99.0625000000001,39456
"(0.9, 0.9958333333333332)",1,99.0625000000001,39457
"(0.9125, 0.9958333333333332)",3,99.06250000000009,39460
"(0.925, 0.9958333333333332)",2,99.06250000000009,39462
"(0.9375, 0.9958333333333332)",1,99.06250000000009,39463
"(0.975, 0.9958333333333332)",1,99.06250000000009,39464
"(0.8041666666666667, 0.9958333333333332)",1,99.06250000000009,39465
"(0.9875, 0.9958333333333332)",1,99.06250000000009,39466
"(0.9583333333333334, 0.9958333333333332)",1,99.06250000000009,39467
"(0.8625, 0.9958333333333332)",2,99.06250000000006,39469
"(0.9208333333333332, 0.9958333333333332)",1,99.06250000000006,39470
"(0.9375, 0.9958333333333332)",1,99.06250000000006,39471
"(0.925, 0.9958333333333332)",1,99.06250000000006,39472
"(0.975, 0.9958333333333332)",1,99.06250000000006,39473
"(0.9291666666666668, 0.9958333333333332)",2,99.06250000000006,39475
"(0.9083333333333332, 0.9958333333333332)",1,99.06250000000004,39476
"(0.9666666666666668, 0.9958333333333332)",3,99.06250000000004,39479
"(0.9208333333333332, 0.9958333333333332)",1,99.06250000000004,39480
"(0.9791666666666666, 0.9958333333333332)",1,99.06250000000004,39481
"(0.8625, 0.9958333333333332)",3,99.06250000000004,39484
"(0.9375, 0.9958333333333332)",1,99.06250000000004,39485
"(0.9916666666666668, 0.9958333333333332)",4,99.06250000000004,39489
"(0.9375, 0.9958333333333332)",2,99.06250000000004,39491
"(0.9041666666666668, 0.9958333333333332)",1,99.06250000000004,39492
"(0.9958333333333332, 0.9958333333333332)",1,99.06250000000004,39493
"(0.9833333333333332, 0.9958333333333332)",2,99.06250000000004,39495
"(0.9958333333333332, 0.9958333333333332)",1,99.06250000000004,39496
"(0.9625, 0.9958333333333332)",1,99.06250000000004,39497
"(0.9875, 0.9958333333333332)",1,99.0625,39498
"(0.9833333333333332, 1.0)",1,99.0625,39499
"(0.95, 1.0)",1,99.0625,39500
"(0.9583333333333334, 0.9958333333333332)",2,99.0625,39502
"(0.9666666666666668, 1.0)",1,99.0625,39503
"(0.975, 0.9958333333333332)",1,99.06249999999996,39504
"(0.9958333333333332, 0.9958333333333332)",1,99.06249999999991,39505
"(0.8083333333333333, 0.9916666666666668)",1,99.06249999999976,39506
"(0.9958333333333332, 0.9958333333333332)",1,99.05833333333344,39507
"(0.9333333333333332, 0.9958333333333332)",2,99.05833333333344,39509
"(0.925, 0.9958333333333332)",1,99.05833333333342,39510
"(0.85, 0.9958333333333332)",1,99.0583333333334,39511
"(0.975, 0.9958333333333332)",1,99.0583333333334,39512
"(0.9, 0.9958333333333332)",1,99.0583333333334,39513
"(0.95, 0.9958333333333332)",1,99.0583333333334,39514
"(0.9791666666666666, 0.9958333333333332)",1,99.0583333333334,39515
"(0.9875, 0.9958333333333332)",1,99.0583333333334,39516
"(0.9833333333333332, 0.9958333333333332)",1,99.0583333333334,39517
"(0.9875, 0.9958333333333332)",1,99.0583333333334,39518
"(0.975, 0.9958333333333332)",1,99.05833333333338,39519
"(0.9375, 0.9958333333333332)",2,99.05833333333338,39521
"(0.9208333333333332, 0.9958333333333332)",1,99.05833333333338,39522
"(0.9833333333333332, 0.9916666666666668)",1,99.05833333333337,39523
"(0.9833333333333332, 0.9958333333333332)",1,99.05833333333337,39524
"(0.9, 0.9958333333333332)",2,99.05833333333337,39526
"(0.9291666666666668, 0.9958333333333332)",2,99.05833333333337,39528
"(0.9958333333333332, 0.9958333333333332)",2,99.05833333333337,39530
"(0.9458333333333332, 0.9958333333333332)",1,99.05833333333337,39531
"(0.975, 0.9958333333333332)",1,99.05833333333337,39532
"(0.9791666666666666, 0.9958333333333332)",1,99.05833333333337,39533
"(0.9583333333333334, 0.9958333333333332)",1,99.05833333333332,39534
"(0.9833333333333332, 0.9958333333333332)",1,99.0583333333333,39535
"(0.95, 0.9916666666666668)",1,99.05833333333308,39536
"(0.8625, 0.9916666666666668)",1,99.05833333333304,39537
"(0.4651162790697674, 1.0)",1,99.05813953488372,39538
"(0.3372093023255814, 1.0)",3,99.05813953488372,39541
"(0.627906976744186, 1.0)",2,99.05813953488372,39543
"(0.8837209302325582, 1.0)",2,99.05813953488372,39545
"(0.6162790697674418, 1.0)",2,99.05813953488372,39547
"(0.7441860465116279, 1.0)",1,99.05813953488372,39548
"(0.872093023255814, 1.0)",1,99.05813953488372,39549
"(0.5930232558139535, 1.0)",1,99.05813953488372,39550
"(0.9305555555555556, 1.0)",4,99.05555555555556,39554
"(0.8472222222222222, 1.0)",3,99.05555555555556,39557
"(0.9583333333333334, 1.0)",2,99.05555555555556,39559
"(0.875, 1.0)",1,99.05555555555556,39560
"(0.6805555555555556, 1.0)",1,99.05555555555556,39561
"(0.8333333333333334, 1.0)",3,99.05555555555556,39564
"(0.7361111111111112, 1.0)",4,99.05555555555556,39568
"(0.8055555555555556, 1.0)",2,99.05555555555556,39570
"(0.625, 1.0)",1,99.05555555555556,39571
"(0.9027777777777778, 1.0)",2,99.05555555555556,39573
"(0.8194444444444444, 1.0)",6,99.05555555555556,39579
"(0.7777777777777778, 1.0)",2,99.05555555555556,39581
"(0.7638888888888888, 1.0)",3,99.05555555555556,39584
"(0.9444444444444444, 1.0)",4,99.05555555555556,39588
"(0.5972222222222222, 1.0)",2,99.05555555555556,39590
"(0.75, 1.0)",1,99.05555555555556,39591
"(0.8888888888888888, 1.0)",3,99.05555555555556,39594
"(0.7222222222222222, 1.0)",1,99.05555555555556,39595
"(0.6944444444444444, 1.0)",2,99.05555555555556,39597
"(0.8611111111111112, 1.0)",1,99.05555555555556,39598
"(0.7083333333333334, 1.0)",4,99.05555555555556,39602
"(0.9166666666666666, 1.0)",1,99.05555555555554,39603
"(0.975, 0.9958333333333332)",1,99.0541666666668,39604
"(0.9666666666666668, 0.9958333333333332)",1,99.05416666666676,39605
"(0.9875, 0.9958333333333332)",1,99.05416666666676,39606
"(0.9208333333333332, 0.9958333333333332)",1,99.05416666666676,39607
"(0.875, 0.9958333333333332)",1,99.05416666666672,39608
"(0.9458333333333332, 0.9958333333333332)",2,99.05416666666672,39610
"(0.9083333333333332, 0.9958333333333332)",1,99.05416666666672,39611
"(0.9208333333333332, 0.9958333333333332)",1,99.05416666666672,39612
"(0.9, 0.9958333333333332)",1,99.05416666666672,39613
"(0.9458333333333332, 0.9958333333333332)",1,99.0541666666667,39614
"(0.9208333333333332, 0.9958333333333332)",1,99.0541666666667,39615
"(0.9375, 0.9958333333333332)",1,99.0541666666667,39616
"(0.9625, 0.9958333333333332)",1,99.0541666666667,39617
"(0.8375, 0.9958333333333332)",1,99.0541666666667,39618
"(0.9833333333333332, 0.9958333333333332)",1,99.0541666666667,39619
"(0.9958333333333332, 0.9958333333333332)",2,99.0541666666667,39621
"(0.95, 0.9958333333333332)",2,99.0541666666667,39623
"(0.8791666666666667, 0.9958333333333332)",1,99.0541666666667,39624
"(0.9541666666666668, 0.9958333333333332)",1,99.0541666666667,39625
"(0.875, 0.9958333333333332)",2,99.0541666666667,39627
"(0.9875, 0.9958333333333332)",2,99.0541666666667,39629
"(0.975, 0.9958333333333332)",3,99.0541666666667,39632
"(0.925, 0.9958333333333332)",1,99.0541666666667,39633
"(1.0, 0.9958333333333332)",2,99.0541666666667,39635
"(0.9916666666666668, 0.9958333333333332)",1,99.0541666666667,39636
"(0.9833333333333332, 0.9958333333333332)",1,99.05416666666667,39637
"(0.9791666666666666, 0.9916666666666668)",1,99.05416666666667,39638
"(0.9625, 0.9958333333333332)",1,99.0541666666666,39639
"(0.9875, 0.9958333333333332)",1,99.05416666666648,39640
"(0.95, 0.9916666666666668)",1,99.05416666666645,39641
"(0.9208333333333332, 0.9916666666666668)",1,99.05416666666645,39642
"(0.9291666666666668, 0.9916666666666668)",1,99.0541666666664,39643
"(0.9458333333333332, 0.9916666666666668)",1,99.0541666666664,39644
"(0.8076923076923077, 1.0)",1,99.05128205128204,39645
"(0.8717948717948718, 1.0)",1,99.05128205128204,39646
"(0.9625, 0.9958333333333332)",1,99.0500000000001,39647
"(0.9291666666666668, 0.9958333333333332)",3,99.05000000000008,39650
"(0.9333333333333332, 0.9958333333333332)",1,99.05000000000008,39651
"(0.9333333333333332, 0.9958333333333332)",1,99.05000000000008,39652
"(0.975, 0.9958333333333332)",1,99.05000000000008,39653
"(0.95, 0.9958333333333332)",1,99.05000000000008,39654
"(0.9708333333333332, 0.9958333333333332)",1,99.05000000000004,39655
"(0.9833333333333332, 0.9958333333333332)",1,99.05000000000004,39656
"(0.9791666666666666, 0.9958333333333332)",1,99.05000000000004,39657
"(0.8, 1.0)",1,99.05000000000004,39658
"(0.8541666666666666, 0.9958333333333332)",1,99.05000000000004,39659
"(0.9916666666666668, 0.9958333333333332)",2,99.05000000000004,39661
"(0.8666666666666667, 1.0)",1,99.05000000000004,39662
"(0.8333333333333334, 1.0)",4,99.05000000000004,39666
"(0.9166666666666666, 0.9958333333333332)",1,99.05000000000004,39667
"(0.9791666666666666, 0.9958333333333332)",1,99.05000000000004,39668
"(0.9875, 0.9958333333333332)",2,99.05000000000004,39670
"(0.9291666666666668, 0.9958333333333332)",1,99.05000000000004,39671
"(0.9875, 0.9958333333333332)",1,99.05000000000004,39672
"(1.0, 1.0)",2,99.05000000000004,39674
"(0.975, 0.9958333333333332)",2,99.05000000000004,39676
"(0.95, 0.9958333333333332)",3,99.05000000000004,39679
"(0.9333333333333332, 0.9833333333333332)",2,99.05000000000004,39681
"(0.9, 0.9958333333333332)",2,99.05000000000004,39683
"(0.9333333333333332, 0.9958333333333332)",1,99.05000000000004,39684
"(0.9458333333333332, 0.9958333333333332)",2,99.05000000000004,39686
"(0.8625, 0.9958333333333332)",1,99.05000000000004,39687
"(0.85, 1.0)",1,99.05000000000004,39688
"(0.9875, 0.9958333333333332)",1,99.05000000000004,39689
"(0.8833333333333333, 1.0)",1,99.05000000000004,39690
"(0.9625, 0.9958333333333332)",1,99.05000000000004,39691
"(0.95, 0.9833333333333332)",1,99.05000000000004,39692
"(0.9833333333333332, 0.9958333333333332)",1,99.05000000000004,39693
"(0.9666666666666668, 1.0)",1,99.05000000000004,39694
"(0.9166666666666666, 1.0)",3,99.05000000000004,39697
"(0.7333333333333333, 1.0)",3,99.05,39700
"(0.8333333333333334, 1.0)",5,99.05,39705
"(0.95, 1.0)",2,99.05,39707
"(0.6, 1.0)",1,99.05,39708
"(0.8666666666666667, 1.0)",5,99.05,39713
"(0.7166666666666667, 1.0)",1,99.05,39714
"(0.9166666666666666, 1.0)",1,99.05,39715
"(0.75, 1.0)",2,99.05,39717
"(0.8, 1.0)",3,99.05,39720
"(0.9333333333333332, 1.0)",7,99.05,39727
"(0.9666666666666668, 1.0)",3,99.05,39730
"(0.75, 1.0)",1,99.05,39731
"(1.0, 1.0)",6,99.05,39737
"(0.85, 1.0)",3,99.05,39740
"(0.975, 1.0)",1,99.05,39741
"(0.6666666666666666, 1.0)",1,99.05,39742
"(0.8166666666666667, 1.0)",2,99.05,39744
"(0.9, 1.0)",7,99.05,39751
"(0.9833333333333332, 1.0)",7,99.05,39758
"(0.7666666666666667, 1.0)",4,99.05,39762
"(0.6833333333333333, 1.0)",1,99.05,39763
"(0.85, 1.0)",1,99.05,39764
"(0.6833333333333333, 1.0)",1,99.05,39765
"(0.7833333333333333, 1.0)",4,99.05,39769
"(0.9833333333333332, 1.0)",1,99.05,39770
"(1.0, 1.0)",1,99.05,39771
"(0.9166666666666666, 1.0)",7,99.05,39778
"(0.8833333333333333, 1.0)",8,99.05,39786
"(0.9666666666666668, 1.0)",3,99.05,39789
"(0.8666666666666667, 1.0)",2,99.05,39791
"(0.9, 1.0)",2,99.05,39793
"(0.8166666666666667, 1.0)",3,99.05,39796
"(0.7166666666666667, 1.0)",5,99.05,39801
"(0.9791666666666666, 0.9916666666666668)",2,99.04999999999994,39803
"(0.9791666666666666, 0.9958333333333332)",1,99.04999999999994,39804
"(0.9791666666666666, 0.9958333333333332)",1,99.04999999999993,39805
"(0.9291666666666668, 0.9916666666666668)",1,99.04999999999978,39806
"(0.9186046511627908, 1.0)",2,99.04651162790698,39808
"(0.6162790697674418, 1.0)",1,99.04651162790698,39809
"(0.872093023255814, 1.0)",1,99.04651162790697,39810
"(0.9186046511627908, 1.0)",2,99.04651162790697,39812
"(0.8255813953488372, 1.0)",1,99.04651162790697,39813
"(0.6162790697674418, 1.0)",1,99.04651162790697,39814
"(0.975, 0.9958333333333332)",1,99.04583333333346,39815
"(0.9916666666666668, 0.9958333333333332)",1,99.04583333333343,39816
"(0.8541666666666666, 0.9958333333333332)",1,99.04583333333343,39817
"(0.9375, 0.9958333333333332)",1,99.04583333333342,39818
"(0.925, 0.9958333333333332)",1,99.04583333333342,39819
"(0.9458333333333332, 0.9958333333333332)",1,99.04583333333342,39820
"(0.9708333333333332, 0.9958333333333332)",1,99.0458333333334,39821
"(0.95, 0.9958333333333332)",1,99.0458333333334,39822
"(0.9833333333333332, 0.9958333333333332)",1,99.0458333333334,39823
"(0.975, 0.9958333333333332)",1,99.0458333333334,39824
"(0.9875, 0.9958333333333332)",1,99.0458333333334,39825
"(0.825, 0.9958333333333332)",1,99.0458333333334,39826
"(0.9375, 0.9958333333333332)",1,99.0458333333334,39827
"(0.9333333333333332, 0.9958333333333332)",1,99.0458333333334,39828
"(0.9625, 0.9958333333333332)",1,99.04583333333338,39829
"(0.9916666666666668, 0.9958333333333332)",1,99.04583333333338,39830
"(0.9375, 0.9958333333333332)",1,99.04583333333338,39831
"(0.9833333333333332, 0.9958333333333332)",2,99.04583333333338,39833
"(0.925, 0.9958333333333332)",1,99.04583333333338,39834
"(0.875, 0.9958333333333332)",1,99.04583333333338,39835
"(0.8541666666666666, 0.9958333333333332)",1,99.04583333333336,39836
"(0.9083333333333332, 0.9958333333333332)",1,99.04583333333336,39837
"(0.9833333333333332, 0.9958333333333332)",3,99.04583333333336,39840
"(0.95, 0.9958333333333332)",1,99.04583333333336,39841
"(0.9375, 0.9958333333333332)",1,99.04583333333336,39842
"(0.9791666666666666, 0.9958333333333332)",3,99.04583333333336,39845
"(0.9125, 0.9958333333333332)",1,99.04583333333336,39846
"(0.9875, 0.9958333333333332)",1,99.04583333333336,39847
"(0.9875, 0.9916666666666668)",1,99.04583333333332,39848
"(0.9791666666666666, 0.9958333333333332)",2,99.0458333333333,39850
"(0.95, 0.9916666666666668)",1,99.04583333333304,39851
"(0.9208333333333332, 0.9958333333333332)",1,99.04166666666676,39852
"(0.9958333333333332, 0.9958333333333332)",1,99.04166666666674,39853
"(0.9875, 0.9958333333333332)",2,99.04166666666674,39855
"(0.8666666666666667, 0.9958333333333332)",1,99.04166666666671,39856
"(0.8916666666666667, 0.9958333333333332)",1,99.04166666666671,39857
"(0.9083333333333332, 0.9958333333333332)",1,99.04166666666671,39858
"(0.95, 0.9958333333333332)",1,99.04166666666671,39859
"(0.9291666666666668, 0.9958333333333332)",1,99.04166666666671,39860
"(0.9375, 0.9958333333333332)",1,99.04166666666671,39861
"(0.8375, 0.9958333333333332)",1,99.0416666666667,39862
"(0.9875, 0.9958333333333332)",4,99.0416666666667,39866
"(0.825, 0.9958333333333332)",2,99.0416666666667,39868
"(0.85, 0.9958333333333332)",2,99.0416666666667,39870
"(0.925, 0.9958333333333332)",1,99.0416666666667,39871
"(0.9666666666666668, 0.9958333333333332)",2,99.0416666666667,39873
"(0.9583333333333334, 0.9958333333333332)",1,99.0416666666667,39874
"(0.9541666666666668, 0.9958333333333332)",1,99.0416666666667,39875
"(0.9916666666666668, 0.9958333333333332)",2,99.0416666666667,39877
"(0.9791666666666666, 0.9958333333333332)",6,99.0416666666667,39883
"(0.9625, 0.9958333333333332)",1,99.0416666666667,39884
"(0.975, 0.9958333333333332)",1,99.0416666666667,39885
"(0.9833333333333332, 0.9958333333333332)",1,99.0416666666667,39886
"(0.625, 1.0)",1,99.04166666666669,39887
"(0.7083333333333334, 1.0)",3,99.04166666666669,39890
"(0.8194444444444444, 1.0)",2,99.04166666666669,39892
"(0.9305555555555556, 1.0)",2,99.04166666666669,39894
"(0.5972222222222222, 1.0)",1,99.04166666666669,39895
"(0.6805555555555556, 1.0)",1,99.04166666666669,39896
"(0.9027777777777778, 1.0)",2,99.04166666666669,39898
"(0.75, 0.9861111111111112)",1,99.04166666666669,39899
"(0.75, 1.0)",1,99.04166666666669,39900
"(0.7361111111111112, 1.0)",1,99.04166666666669,39901
"(0.8611111111111112, 1.0)",1,99.04166666666669,39902
"(0.9305555555555556, 1.0)",2,99.04166666666666,39904
"(0.75, 1.0)",2,99.04166666666666,39906
"(0.9166666666666666, 1.0)",1,99.04166666666666,39907
"(0.7083333333333334, 1.0)",8,99.04166666666666,39915
"(0.9791666666666666, 0.9958333333333332)",2,99.04166666666666,39917
"(0.625, 1.0)",1,99.04166666666666,39918
"(0.9027777777777778, 1.0)",2,99.04166666666666,39920
"(0.8611111111111112, 1.0)",3,99.04166666666666,39923
"(0.7777777777777778, 1.0)",2,99.04166666666666,39925
"(0.8888888888888888, 1.0)",1,99.04166666666666,39926
"(0.6805555555555556, 1.0)",2,99.04166666666666,39928
"(0.8055555555555556, 1.0)",1,99.04166666666666,39929
"(0.9722222222222222, 1.0)",3,99.04166666666666,39932
"(0.8194444444444444, 1.0)",12,99.04166666666666,39944
"(0.7361111111111112, 1.0)",1,99.04166666666666,39945
"(0.6944444444444444, 1.0)",3,99.04166666666666,39948
"(0.875, 1.0)",1,99.04166666666666,39949
"(0.6111111111111112, 1.0)",1,99.04166666666666,39950
"(0.9958333333333332, 0.9958333333333332)",1,99.04166666666664,39951
"(0.975, 0.9958333333333332)",1,99.04166666666664,39952
"(0.9083333333333332, 0.9916666666666668)",1,99.04166666666644,39953
"(0.925, 0.9916666666666668)",1,99.04166666666644,39954
"(0.9458333333333332, 0.9916666666666668)",1,99.04166666666644,39955
"(0.734469696969697, 1.0)",1,99.0409090909091,39956
"(0.7051282051282052, 1.0)",1,99.03846153846156,39957
"(0.8717948717948718, 1.0)",1,99.03846153846156,39958
"(0.9833333333333332, 0.9958333333333332)",1,99.0375000000001,39959
"(0.9916666666666668, 0.9958333333333332)",1,99.03750000000008,39960
"(0.9666666666666668, 0.9958333333333332)",1,99.03750000000008,39961
"(0.9875, 0.9958333333333332)",1,99.03750000000008,39962
"(0.925, 0.9958333333333332)",1,99.03750000000008,39963
"(0.925, 0.9958333333333332)",1,99.03750000000004,39964
"(0.9541666666666668, 0.9958333333333332)",1,99.03750000000004,39965
"(0.975, 0.9958333333333332)",1,99.03750000000004,39966
"(0.8541666666666666, 0.9958333333333332)",1,99.03750000000004,39967
"(0.9958333333333332, 0.9958333333333332)",1,99.03750000000004,39968
"(0.95, 0.9958333333333332)",1,99.03750000000004,39969
"(0.975, 0.9958333333333332)",1,99.03750000000004,39970
"(0.9791666666666666, 0.9958333333333332)",1,99.03750000000004,39971
"(0.9833333333333332, 0.9958333333333332)",1,99.03750000000004,39972
"(0.9666666666666668, 0.9958333333333332)",1,99.03750000000004,39973
"(0.9625, 0.9958333333333332)",1,99.03750000000004,39974
"(0.9875, 0.9958333333333332)",2,99.03750000000004,39976
"(0.9375, 0.9958333333333332)",1,99.03750000000004,39977
"(0.9125, 0.9958333333333332)",1,99.03750000000004,39978
"(0.9041666666666668, 0.9958333333333332)",1,99.03750000000004,39979
"(0.9875, 0.9958333333333332)",1,99.03750000000004,39980
"(0.9583333333333334, 0.9958333333333332)",1,99.03750000000004,39981
"(0.95, 1.0)",1,99.0375,39982
"(0.9875, 0.9916666666666668)",1,99.03749999999978,39983
"(0.8488372093023255, 1.0)",1,99.03488372093022,39984
"(0.4651162790697674, 1.0)",2,99.03488372093022,39986
"(0.5930232558139535, 1.0)",4,99.03488372093022,39990
"(0.2906976744186046, 1.0)",1,99.03488372093022,39991
"(0.7906976744186046, 1.0)",1,99.03488372093022,39992
"(0.6162790697674418, 1.0)",2,99.03488372093022,39994
"(0.9186046511627908, 1.0)",3,99.03488372093022,39997
"(0.95, 0.9958333333333332)",1,99.03333333333345,39998
"(0.9291666666666668, 0.9958333333333332)",1,99.03333333333342,39999
"(0.9083333333333332, 0.9958333333333332)",1,99.03333333333342,40000
"(0.9208333333333332, 0.9958333333333332)",2,99.03333333333342,40002
"(0.9625, 0.9958333333333332)",1,99.03333333333342,40003
"(0.9916666666666668, 0.9958333333333332)",1,99.03333333333342,40004
"(0.875, 0.9958333333333332)",1,99.03333333333342,40005
"(0.9208333333333332, 0.9958333333333332)",1,99.0333333333334,40006
"(0.825, 0.9958333333333332)",1,99.0333333333334,40007
"(0.8666666666666667, 0.9958333333333332)",1,99.0333333333334,40008
"(0.8541666666666666, 0.9958333333333332)",1,99.0333333333334,40009
"(0.9791666666666666, 0.9958333333333332)",1,99.0333333333334,40010
"(0.8625, 0.9958333333333332)",1,99.03333333333336,40011
"(0.825, 0.9958333333333332)",2,99.03333333333336,40013
"(0.8166666666666667, 0.9833333333333332)",1,99.03333333333336,40014
"(0.7333333333333333, 1.0)",1,99.03333333333336,40015
"(0.9875, 0.9958333333333332)",1,99.03333333333336,40016
"(0.9125, 0.9958333333333332)",1,99.03333333333336,40017
"(0.8791666666666667, 0.9958333333333332)",2,99.03333333333336,40019
"(0.9333333333333332, 1.0)",1,99.03333333333336,40020
"(0.6666666666666666, 0.9833333333333332)",1,99.03333333333336,40021
"(0.75, 1.0)",1,99.03333333333336,40022
"(0.875, 0.9958333333333332)",1,99.03333333333336,40023
"(0.7666666666666667, 1.0)",1,99.03333333333336,40024
"(0.9833333333333332, 1.0)",1,99.03333333333336,40025
"(1.0, 0.9833333333333332)",3,99.03333333333336,40028
"(0.9791666666666666, 0.9958333333333332)",1,99.03333333333336,40029
"(0.8666666666666667, 1.0)",2,99.03333333333336,40031
"(0.8333333333333334, 1.0)",3,99.03333333333336,40034
"(0.9666666666666668, 0.9958333333333332)",2,99.03333333333336,40036
"(0.8166666666666667, 1.0)",1,99.03333333333336,40037
"(0.9833333333333332, 0.9958333333333332)",1,99.03333333333336,40038
"(0.9833333333333332, 0.9958333333333332)",1,99.03333333333336,40039
"(0.9166666666666666, 1.0)",2,99.03333333333336,40041
"(0.7666666666666667, 1.0)",2,99.03333333333336,40043
"(0.8333333333333334, 0.9833333333333332)",3,99.03333333333336,40046
"(0.9791666666666666, 0.9958333333333332)",4,99.03333333333336,40050
"(0.9208333333333332, 0.9958333333333332)",4,99.03333333333336,40054
"(0.9916666666666668, 0.9958333333333332)",1,99.03333333333336,40055
"(1.0, 1.0)",1,99.03333333333336,40056
"(0.9458333333333332, 0.9958333333333332)",1,99.03333333333336,40057
"(0.9375, 0.9958333333333332)",3,99.03333333333336,40060
"(0.975, 0.9958333333333332)",1,99.03333333333336,40061
"(0.9166666666666666, 1.0)",6,99.03333333333332,40067
"(0.6833333333333333, 1.0)",1,99.03333333333332,40068
"(0.95, 1.0)",6,99.03333333333332,40074
"(0.9, 1.0)",9,99.03333333333332,40083
"(0.9666666666666668, 1.0)",10,99.03333333333332,40093
"(0.8833333333333333, 1.0)",10,99.03333333333332,40103
"(0.7833333333333333, 1.0)",3,99.03333333333332,40106
"(0.9333333333333332, 1.0)",5,99.03333333333332,40111
"(0.7333333333333333, 1.0)",8,99.03333333333332,40119
"(0.9833333333333332, 1.0)",3,99.03333333333332,40122
"(0.8666666666666667, 1.0)",5,99.03333333333332,40127
"(0.85, 1.0)",3,99.03333333333332,40130
"(0.75, 1.0)",1,99.03333333333332,40131
"(0.6666666666666666, 1.0)",1,99.03333333333332,40132
"(1.0, 1.0)",8,99.03333333333332,40140
"(0.8333333333333334, 1.0)",5,99.03333333333332,40145
"(0.7166666666666667, 1.0)",4,99.03333333333332,40149
"(0.8, 1.0)",6,99.03333333333332,40155
"(0.8166666666666667, 1.0)",1,99.03333333333332,40156
"(0.7, 1.0)",5,99.03333333333332,40161
"(0.975, 0.9916666666666668)",2,99.0333333333333,40163
"(0.975, 0.9958333333333332)",2,99.0333333333333,40165
"(0.9583333333333334, 0.9958333333333332)",1,99.03333333333327,40166
"(0.9541666666666668, 0.9958333333333332)",2,99.03333333333327,40168
"(0.975, 0.9958333333333332)",1,99.03333333333325,40169
"(0.9375, 0.9916666666666668)",1,99.03333333333308,40170
"(1.0, 0.9958333333333332)",1,99.02916666666675,40171
"(0.9583333333333334, 0.9958333333333332)",1,99.02916666666675,40172
"(0.95, 0.9958333333333332)",1,99.02916666666675,40173
"(0.9375, 0.9958333333333332)",1,99.02916666666675,40174
"(0.9125, 0.9958333333333332)",1,99.02916666666674,40175
"(0.9791666666666666, 0.9958333333333332)",1,99.02916666666674,40176
"(0.9041666666666668, 0.9958333333333332)",1,99.02916666666674,40177
"(0.9416666666666668, 0.9958333333333332)",1,99.02916666666674,40178
"(0.9208333333333332, 0.9958333333333332)",1,99.02916666666673,40179
"(0.95, 0.9958333333333332)",1,99.02916666666673,40180
"(0.9375, 0.9958333333333332)",1,99.02916666666673,40181
"(0.9458333333333332, 0.9958333333333332)",1,99.02916666666673,40182
"(0.8625, 0.9958333333333332)",1,99.02916666666673,40183
"(0.9916666666666668, 0.9958333333333332)",1,99.02916666666673,40184
"(0.9, 0.9958333333333332)",2,99.02916666666673,40186
"(0.9708333333333332, 0.9958333333333332)",1,99.02916666666673,40187
"(0.975, 0.9958333333333332)",1,99.02916666666673,40188
"(0.9791666666666666, 0.9958333333333332)",1,99.02916666666673,40189
"(0.9166666666666666, 0.9958333333333332)",1,99.02916666666673,40190
"(0.8625, 0.9958333333333332)",2,99.02916666666673,40192
"(0.9291666666666668, 0.9958333333333332)",2,99.02916666666673,40194
"(0.8791666666666667, 0.9958333333333332)",1,99.02916666666673,40195
"(0.9458333333333332, 0.9958333333333332)",1,99.0291666666667,40196
"(0.9583333333333334, 0.9958333333333332)",3,99.0291666666667,40199
"(0.9791666666666666, 0.9958333333333332)",1,99.0291666666667,40200
"(0.9166666666666666, 0.9958333333333332)",2,99.0291666666667,40202
"(0.9666666666666668, 0.9958333333333332)",1,99.0291666666667,40203
"(0.9083333333333332, 0.9958333333333332)",1,99.0291666666667,40204
"(0.9833333333333332, 0.9958333333333332)",3,99.0291666666667,40207
"(0.9875, 0.9958333333333332)",1,99.0291666666667,40208
"(0.9708333333333332, 0.9958333333333332)",1,99.02916666666664,40209
"(0.9375, 0.9916666666666668)",1,99.02916666666644,40210
"(0.95, 0.9916666666666668)",1,99.02916666666638,40211
"(0.8666666666666667, 0.9916666666666668)",1,99.02916666666638,40212
"(0.8333333333333334, 1.0)",2,99.0277777777778,40214
"(0.7638888888888888, 1.0)",1,99.0277777777778,40215
"(0.9027777777777778, 1.0)",3,99.02777777777776,40218
"(0.6805555555555556, 1.0)",3,99.02777777777776,40221
"(0.5972222222222222, 1.0)",2,99.02777777777776,40223
"(0.7222222222222222, 1.0)",2,99.02777777777776,40225
"(0.875, 1.0)",3,99.02777777777776,40228
"(0.8333333333333334, 1.0)",5,99.02777777777776,40233
"(0.9305555555555556, 1.0)",1,99.02777777777776,40234
"(0.6944444444444444, 1.0)",2,99.02777777777776,40236
"(0.7361111111111112, 1.0)",3,99.02777777777776,40239
"(0.9722222222222222, 1.0)",1,99.02777777777776,40240
"(0.8472222222222222, 0.9861111111111112)",1,99.02777777777776,40241
"(0.7638888888888888, 1.0)",3,99.02777777777776,40244
"(0.8055555555555556, 1.0)",1,99.02777777777776,40245
"(0.7777777777777778, 1.0)",6,99.02777777777776,40251
"(0.9166666666666666, 1.0)",1,99.02777777777776,40252
"(0.9444444444444444, 1.0)",1,99.02777777777776,40253
"(0.6111111111111112, 1.0)",1,99.02777777777776,40254
"(0.7083333333333334, 1.0)",8,99.02777777777776,40262
"(0.8611111111111112, 1.0)",2,99.02777777777776,40264
"(0.8472222222222222, 1.0)",2,99.02777777777776,40266
"(0.8888888888888888, 1.0)",1,99.02777777777776,40267
"(0.9583333333333334, 1.0)",1,99.02777777777776,40268
"(0.7916666666666666, 1.0)",3,99.02777777777776,40271
"(0.8194444444444444, 1.0)",2,99.02777777777776,40273
"(0.8076923076923077, 1.0)",1,99.02564102564102,40274
"(0.8461538461538461, 1.0)",1,99.02564102564102,40275
"(0.7307692307692307, 1.0)",1,99.02564102564102,40276
"(0.9291666666666668, 0.9958333333333332)",1,99.02500000000008,40277
"(0.9208333333333332, 0.9958333333333332)",1,99.02500000000008,40278
"(0.9791666666666666, 0.9958333333333332)",1,99.02500000000008,40279
"(0.9208333333333332, 0.9958333333333332)",1,99.02500000000008,40280
"(0.9666666666666668, 0.9958333333333332)",1,99.02500000000008,40281
"(0.9916666666666668, 0.9958333333333332)",1,99.02500000000006,40282
"(0.9208333333333332, 0.9958333333333332)",1,99.02500000000006,40283
"(0.85, 0.9958333333333332)",1,99.02500000000003,40284
"(0.9375, 0.9958333333333332)",1,99.02500000000003,40285
"(0.9375, 0.9958333333333332)",1,99.02500000000003,40286
"(0.9875, 0.9958333333333332)",3,99.02500000000003,40289
"(1.0, 0.9958333333333332)",1,99.02500000000003,40290
"(0.9166666666666666, 0.9958333333333332)",1,99.02500000000003,40291
"(0.9958333333333332, 0.9958333333333332)",2,99.02500000000003,40293
"(0.8625, 0.9958333333333332)",1,99.02500000000003,40294
"(0.9625, 0.9958333333333332)",1,99.02500000000003,40295
"(0.9791666666666666, 0.9958333333333332)",2,99.02500000000003,40297
"(0.8916666666666667, 0.9958333333333332)",1,99.02500000000003,40298
"(0.975, 0.9958333333333332)",1,99.02500000000003,40299
"(0.9833333333333332, 0.9958333333333332)",2,99.02500000000003,40301
"(0.925, 0.9958333333333332)",1,99.02500000000003,40302
"(0.9833333333333332, 0.9916666666666668)",1,99.02500000000003,40303
"(0.9833333333333332, 1.0)",1,99.02499999999996,40304
"(0.9916666666666668, 0.9958333333333332)",1,99.02499999999992,40305
"(0.9791666666666666, 0.9958333333333332)",1,99.02499999999988,40306
"(0.9375, 0.9916666666666668)",1,99.0249999999998,40307
"(0.9333333333333332, 0.9916666666666668)",2,99.02499999999978,40309
"(0.8916666666666667, 0.9916666666666668)",1,99.02499999999978,40310
"(0.4883720930232558, 1.0)",1,99.02325581395348,40311
"(0.8372093023255814, 1.0)",1,99.02325581395348,40312
"(0.872093023255814, 1.0)",1,99.02325581395348,40313
"(0.5930232558139535, 1.0)",1,99.02325581395348,40314
"(0.3372093023255814, 1.0)",1,99.02325581395348,40315
"(0.9458333333333332, 0.9958333333333332)",1,99.02083333333346,40316
"(0.9666666666666668, 0.9958333333333332)",1,99.02083333333344,40317
"(0.975, 0.9958333333333332)",1,99.0208333333334,40318
"(0.8916666666666667, 0.9958333333333332)",1,99.0208333333334,40319
"(0.9291666666666668, 0.9958333333333332)",1,99.0208333333334,40320
"(0.9625, 0.9958333333333332)",1,99.0208333333334,40321
"(0.9208333333333332, 0.9958333333333332)",1,99.0208333333334,40322
"(0.925, 0.9958333333333332)",1,99.0208333333334,40323
"(0.95, 0.9958333333333332)",1,99.0208333333334,40324
"(0.9875, 0.9958333333333332)",2,99.0208333333334,40326
"(0.8375, 0.9958333333333332)",3,99.02083333333336,40329
"(0.9291666666666668, 0.9958333333333332)",1,99.02083333333336,40330
"(0.9083333333333332, 0.9958333333333332)",1,99.02083333333336,40331
"(0.9375, 0.9958333333333332)",1,99.02083333333336,40332
"(0.9041666666666668, 0.9958333333333332)",1,99.02083333333336,40333
"(0.9833333333333332, 0.9958333333333332)",1,99.02083333333336,40334
"(0.925, 0.9958333333333332)",2,99.02083333333336,40336
"(0.9541666666666668, 0.9958333333333332)",1,99.02083333333336,40337
"(0.825, 0.9958333333333332)",1,99.02083333333336,40338
"(0.8666666666666667, 0.9958333333333332)",1,99.02083333333336,40339
"(0.9875, 0.9958333333333332)",3,99.02083333333336,40342
"(0.85, 0.9958333333333332)",1,99.02083333333336,40343
"(0.9791666666666666, 0.9958333333333332)",1,99.02083333333336,40344
"(0.9583333333333334, 0.9958333333333332)",1,99.02083333333336,40345
"(1.0, 0.9958333333333332)",1,99.02083333333336,40346
"(0.8791666666666667, 0.9958333333333332)",1,99.02083333333336,40347
"(0.9458333333333332, 0.9958333333333332)",1,99.02083333333336,40348
"(0.9958333333333332, 1.0)",1,99.02083333333334,40349
"(0.9833333333333332, 1.0)",1,99.02083333333329,40350
"(0.9458333333333332, 0.9958333333333332)",1,99.02083333333324,40351
"(0.9833333333333332, 0.9916666666666668)",1,99.02083333333324,40352
"(0.975, 0.9958333333333332)",1,99.0208333333332,40353
"(0.9791666666666666, 0.9958333333333332)",1,99.01666666666678,40354
"(0.9291666666666668, 0.9958333333333332)",1,99.01666666666677,40355
"(0.9208333333333332, 0.9958333333333332)",1,99.01666666666677,40356
"(0.8958333333333334, 0.9958333333333332)",1,99.01666666666674,40357
"(0.8791666666666667, 0.9958333333333332)",1,99.01666666666672,40358
"(0.9125, 0.9958333333333332)",1,99.01666666666672,40359
"(0.9458333333333332, 0.9958333333333332)",1,99.01666666666672,40360
"(0.9083333333333332, 0.9958333333333332)",1,99.01666666666672,40361
"(0.9833333333333332, 0.9958333333333332)",2,99.01666666666672,40363
"(0.975, 0.9958333333333332)",1,99.01666666666672,40364
"(0.9208333333333332, 0.9958333333333332)",1,99.01666666666672,40365
"(0.8958333333333334, 0.9958333333333332)",1,99.01666666666672,40366
"(0.9, 0.9958333333333332)",1,99.01666666666672,40367
"(0.8, 0.9833333333333332)",1,99.0166666666667,40368
"(0.8916666666666667, 0.9958333333333332)",1,99.0166666666667,40369
"(0.9333333333333332, 1.0)",3,99.0166666666667,40372
"(0.9875, 0.9958333333333332)",1,99.0166666666667,40373
"(0.8333333333333334, 1.0)",1,99.0166666666667,40374
"(0.9, 1.0)",1,99.0166666666667,40375
"(0.8666666666666667, 1.0)",1,99.0166666666667,40376
"(0.8833333333333333, 1.0)",1,99.0166666666667,40377
"(0.7333333333333333, 1.0)",4,99.0166666666667,40381
"(0.9791666666666666, 0.9958333333333332)",2,99.0166666666667,40383
"(0.9916666666666668, 0.9958333333333332)",1,99.0166666666667,40384
"(0.9666666666666668, 1.0)",2,99.01666666666668,40386
"(0.7833333333333333, 1.0)",3,99.01666666666668,40389
"(0.8166666666666667, 1.0)",1,99.01666666666668,40390
"(0.8833333333333333, 1.0)",9,99.01666666666668,40399
"(0.9, 1.0)",1,99.01666666666668,40400
"(0.7666666666666667, 1.0)",3,99.01666666666668,40403
"(0.85, 1.0)",1,99.01666666666668,40404
"(0.8666666666666667, 1.0)",1,99.01666666666668,40405
"(0.75, 1.0)",2,99.01666666666668,40407
"(0.8166666666666667, 1.0)",3,99.01666666666668,40410
"(0.8, 1.0)",3,99.01666666666668,40413
"(0.9833333333333332, 1.0)",1,99.01666666666668,40414
"(0.75, 1.0)",2,99.01666666666668,40416
"(0.7333333333333333, 1.0)",3,99.01666666666668,40419
"(0.7166666666666667, 1.0)",1,99.01666666666668,40420
"(0.8333333333333334, 1.0)",3,99.01666666666668,40423
"(0.9333333333333332, 1.0)",5,99.01666666666668,40428
"(0.9166666666666666, 1.0)",8,99.01666666666668,40436
"(0.7, 1.0)",2,99.01666666666668,40438
"(1.0, 1.0)",8,99.01666666666668,40446
"(0.8333333333333334, 1.0)",4,99.01666666666668,40450
"(0.9791666666666666, 1.0)",1,99.01666666666668,40451
"(0.9, 1.0)",8,99.01666666666668,40459
"(0.9166666666666666, 1.0)",1,99.01666666666668,40460
"(0.85, 1.0)",14,99.01666666666668,40474
"(0.9833333333333332, 1.0)",8,99.01666666666668,40482
"(0.9333333333333332, 1.0)",2,99.01666666666668,40484
"(0.8666666666666667, 1.0)",5,99.01666666666668,40489
"(0.95, 1.0)",4,99.01666666666668,40493
"(0.8, 1.0)",3,99.01666666666668,40496
"(0.9875, 0.9958333333333332)",1,99.01666666666664,40497
"(0.9833333333333332, 0.9958333333333332)",1,99.01666666666664,40498
"(0.9958333333333332, 1.0)",1,99.01666666666662,40499
"(0.9625, 0.9916666666666668)",1,99.01666666666644,40500
"(0.9027777777777778, 1.0)",1,99.01388888888891,40501
"(0.8055555555555556, 1.0)",1,99.01388888888889,40502
"(0.8333333333333334, 1.0)",3,99.01388888888889,40505
"(0.8472222222222222, 1.0)",2,99.01388888888889,40507
"(0.9444444444444444, 1.0)",2,99.01388888888889,40509
"(0.7916666666666666, 1.0)",1,99.01388888888889,40510
"(0.9027777777777778, 1.0)",1,99.01388888888889,40511
"(0.625, 1.0)",4,99.01388888888889,40515
"(0.7361111111111112, 1.0)",1,99.01388888888889,40516
"(0.9305555555555556, 1.0)",4,99.01388888888889,40520
"(0.6805555555555556, 1.0)",2,99.01388888888889,40522
"(0.9166666666666666, 1.0)",1,99.01388888888889,40523
"(0.75, 1.0)",6,99.01388888888889,40529
"(0.9583333333333334, 1.0)",1,99.01388888888889,40530
"(0.7777777777777778, 1.0)",3,99.01388888888889,40533
"(0.6944444444444444, 1.0)",1,99.01388888888889,40534
"(0.8194444444444444, 1.0)",2,99.01388888888889,40536
"(0.7083333333333334, 1.0)",5,99.01388888888889,40541
"(0.8888888888888888, 1.0)",1,99.01388888888889,40542
"(0.8611111111111112, 1.0)",3,99.01388888888889,40545
"(0.7051282051282052, 1.0)",1,99.01282051282053,40546
"(0.9833333333333332, 0.9958333333333332)",1,99.01250000000007,40547
"(0.9583333333333334, 0.9958333333333332)",1,99.01250000000007,40548
"(0.9208333333333332, 0.9958333333333332)",2,99.01250000000007,40550
"(0.8625, 0.9958333333333332)",1,99.01250000000007,40551
"(0.9791666666666666, 0.9958333333333332)",1,99.01250000000007,40552
"(0.825, 0.9958333333333332)",1,99.01250000000006,40553
"(0.9833333333333332, 0.9958333333333332)",1,99.01250000000006,40554
"(0.9375, 0.9958333333333332)",2,99.01250000000006,40556
"(0.975, 0.9958333333333332)",1,99.01250000000006,40557
"(0.9208333333333332, 0.9958333333333332)",1,99.01250000000005,40558
"(0.8375, 0.9958333333333332)",1,99.01250000000005,40559
"(0.9541666666666668, 0.9958333333333332)",1,99.01250000000005,40560
"(0.9708333333333332, 0.9958333333333332)",1,99.01250000000005,40561
"(0.9791666666666666, 0.9958333333333332)",4,99.01250000000005,40565
"(0.9875, 0.9958333333333332)",1,99.01250000000005,40566
"(0.8625, 0.9958333333333332)",1,99.01250000000005,40567
"(0.9916666666666668, 0.9958333333333332)",1,99.01250000000005,40568
"(0.9791666666666666, 0.9958333333333332)",1,99.01250000000005,40569
"(0.8625, 0.9958333333333332)",1,99.01250000000005,40570
"(0.9833333333333332, 0.9958333333333332)",1,99.01250000000005,40571
"(0.9625, 0.9958333333333332)",1,99.01250000000005,40572
"(0.9791666666666666, 0.9958333333333332)",1,99.0124999999999,40573
"(0.9458333333333332, 0.9916666666666668)",1,99.01249999999978,40574
"(0.9166666666666666, 0.9916666666666668)",1,99.01249999999978,40575
"(0.9791666666666666, 0.9916666666666668)",1,99.01249999999978,40576
"(0.4883720930232558, 1.0)",1,99.01162790697674,40577
"(0.4651162790697674, 1.0)",4,99.01162790697674,40581
"(0.3372093023255814, 1.0)",2,99.01162790697674,40583
"(0.6162790697674418, 1.0)",1,99.01162790697674,40584
"(0.7441860465116279, 1.0)",1,99.01162790697674,40585
"(0.9534883720930232, 1.0)",1,99.01162790697674,40586
"(0.7674418604651163, 1.0)",1,99.01162790697674,40587
"(0.8255813953488372, 1.0)",1,99.01162790697674,40588
"(0.872093023255814, 1.0)",2,99.01162790697671,40590
"(0.5930232558139535, 1.0)",1,99.01162790697671,40591
"(0.9708333333333332, 0.9958333333333332)",1,99.0083333333334,40592
"(0.9, 0.9958333333333332)",1,99.0083333333334,40593
"(0.9333333333333332, 0.9958333333333332)",1,99.0083333333334,40594
"(0.925, 0.9958333333333332)",1,99.0083333333334,40595
"(0.9375, 0.9958333333333332)",2,99.0083333333334,40597
"(0.9375, 0.9958333333333332)",1,99.0083333333334,40598
"(0.9541666666666668, 0.9958333333333332)",1,99.00833333333338,40599
"(0.9666666666666668, 0.9958333333333332)",1,99.00833333333338,40600
"(0.9875, 0.9958333333333332)",3,99.00833333333335,40603
"(0.9458333333333332, 0.9958333333333332)",1,99.00833333333335,40604
"(0.9583333333333334, 0.9958333333333332)",1,99.00833333333335,40605
"(0.9833333333333332, 0.9958333333333332)",1,99.00833333333335,40606
"(0.95, 0.9958333333333332)",1,99.00833333333335,40607
"(0.9625, 0.9958333333333332)",1,99.00833333333335,40608
"(0.9375, 0.9958333333333332)",1,99.00833333333335,40609
"(0.85, 0.9958333333333332)",1,99.00833333333335,40610
"(0.9916666666666668, 0.9958333333333332)",3,99.00833333333335,40613
"(0.8791666666666667, 0.9958333333333332)",1,99.00833333333335,40614
"(0.8916666666666667, 0.9958333333333332)",1,99.00833333333335,40615
"(0.9791666666666666, 0.9958333333333332)",2,99.00833333333335,40617
"(0.975, 0.9958333333333332)",1,99.00833333333335,40618
"(0.9958333333333332, 0.9958333333333332)",1,99.00833333333335,40619
"(0.9958333333333332, 1.0)",1,99.00833333333334,40620
"(0.9625, 0.9958333333333332)",1,99.00833333333334,40621
"(0.9833333333333332, 0.9958333333333332)",2,99.00833333333333,40623
"(0.9708333333333332, 0.9916666666666668)",1,99.00833333333333,40624
"(0.9875, 0.9916666666666668)",1,99.00833333333328,40625
"(0.95, 0.9875)",1,99.00833333333316,40626
"(0.9125, 0.9916666666666668)",1,99.00833333333313,40627
"(0.809469696969697, 0.999621212121212)",1,99.00454545454546,40628
"(0.9916666666666668, 0.9958333333333332)",1,99.00416666666676,40629
"(0.8625, 0.9958333333333332)",1,99.00416666666676,40630
"(0.9833333333333332, 0.9958333333333332)",1,99.00416666666672,40631
"(0.95, 0.9958333333333332)",1,99.00416666666672,40632
"(0.9, 0.9958333333333332)",1,99.00416666666672,40633
"(0.9291666666666668, 0.9958333333333332)",1,99.00416666666672,40634
"(0.9875, 0.9958333333333332)",1,99.00416666666672,40635
"(0.9791666666666666, 0.9958333333333332)",5,99.0041666666667,40640
"(0.9833333333333332, 0.9958333333333332)",3,99.0041666666667,40643
"(0.9083333333333332, 0.9958333333333332)",1,99.0041666666667,40644
"(0.9916666666666668, 0.9958333333333332)",1,99.0041666666667,40645
"(0.8875, 0.9958333333333332)",1,99.0041666666667,40646
"(0.975, 0.9958333333333332)",2,99.0041666666667,40648
"(0.9708333333333332, 0.9958333333333332)",1,99.0041666666667,40649
"(0.9958333333333332, 0.9958333333333332)",1,99.0041666666667,40650
"(0.9875, 0.9958333333333332)",1,99.0041666666667,40651
"(0.9458333333333332, 0.9958333333333332)",1,99.0041666666667,40652
"(0.9666666666666668, 0.9958333333333332)",1,99.0041666666667,40653
"(0.8625, 0.9958333333333332)",2,99.0041666666667,40655
"(0.9333333333333332, 0.9958333333333332)",1,99.0041666666667,40656
"(0.8916666666666667, 0.9958333333333332)",1,99.0041666666667,40657
"(0.825, 0.9958333333333332)",2,99.0041666666667,40659
"(0.8541666666666666, 0.9958333333333332)",1,99.0041666666667,40660
"(0.9041666666666668, 0.9958333333333332)",1,99.0041666666667,40661
"(0.9791666666666666, 0.9958333333333332)",1,99.00416666666668,40662
"(0.9583333333333334, 0.9958333333333332)",1,99.00416666666666,40663
"(0.9958333333333332, 1.0)",1,99.00416666666662,40664
"(0.9, 0.9916666666666668)",2,99.00416666666644,40666
"(0.7428030303030303, 1.0)",1,99.00303030303031,40667
"(0.7371212121212121, 0.9988636363636364)",1,99.00265151515154,40668
"(0.7875, 0.9988636363636364)",1,99.00189393939397,40669
"(0.9875, 0.9958333333333332)",2,99.0000000000001,40671
"(0.8958333333333334, 0.9958333333333332)",1,99.0000000000001,40672
"(0.9708333333333332, 0.9958333333333332)",1,99.0000000000001,40673
"(0.9291666666666668, 0.9958333333333332)",2,99.00000000000009,40675
"(0.8708333333333333, 0.9958333333333332)",1,99.00000000000009,40676
"(0.9291666666666668, 0.9958333333333332)",1,99.00000000000009,40677
"(0.9916666666666668, 0.9958333333333332)",1,99.00000000000006,40678
"(0.95, 0.9958333333333332)",1,99.00000000000006,40679
"(0.9583333333333334, 0.9958333333333332)",1,99.00000000000006,40680
"(0.8541666666666666, 0.9958333333333332)",1,99.00000000000006,40681
"(0.9083333333333332, 0.9958333333333332)",1,99.00000000000006,40682
"(0.975, 0.9958333333333332)",1,99.00000000000006,40683
"(0.9833333333333332, 0.9958333333333332)",3,99.00000000000004,40686
"(0.9041666666666668, 0.9958333333333332)",2,99.00000000000004,40688
"(0.9166666666666666, 1.0)",4,99.00000000000004,40692
"(0.9, 0.9833333333333332)",1,99.00000000000004,40693
"(0.9333333333333332, 0.9666666666666668)",1,99.00000000000004,40694
"(0.9291666666666668, 0.9958333333333332)",1,99.00000000000004,40695
"(0.9333333333333332, 0.9958333333333332)",1,99.00000000000004,40696
"(0.8333333333333334, 1.0)",1,99.00000000000004,40697
"(0.8625, 0.9958333333333332)",1,99.00000000000004,40698
"(0.9208333333333332, 0.9958333333333332)",1,99.00000000000004,40699
"(0.9583333333333334, 0.9958333333333332)",1,99.00000000000004,40700
"(0.975, 0.9958333333333332)",1,99.00000000000004,40701
"(0.7166666666666667, 1.0)",1,99.00000000000004,40702
"(0.8333333333333334, 0.9833333333333332)",1,99.00000000000004,40703
"(0.9666666666666668, 0.9833333333333332)",1,99.00000000000004,40704
"(0.9583333333333334, 0.9958333333333332)",1,99.00000000000004,40705
"(0.9666666666666668, 0.9958333333333332)",1,99.00000000000004,40706
"(0.925, 0.9958333333333332)",1,99.00000000000004,40707
"(0.8, 1.0)",1,99.00000000000004,40708
"(0.8541666666666666, 0.9958333333333332)",1,99.00000000000004,40709
"(0.975, 0.9958333333333332)",1,99.00000000000004,40710
"(0.9333333333333332, 1.0)",1,99.00000000000004,40711
"(0.9875, 0.9958333333333332)",1,99.00000000000004,40712
"(0.9541666666666668, 0.9958333333333332)",1,99.00000000000004,40713
"(0.9166666666666666, 1.0)",1,99.00000000000004,40714
"(0.8666666666666667, 1.0)",1,99.00000000000004,40715
"(0.7333333333333333, 1.0)",1,99.0,40716
"(0.6666666666666666, 1.0)",3,99.0,40719
"(0.75, 1.0)",1,99.0,40720
"(0.9722222222222222, 1.0)",1,99.0,40721
"(0.7441860465116279, 1.0)",2,99.0,40723
"(0.7166666666666667, 1.0)",3,99.0,40726
"(0.8333333333333334, 0.9833333333333332)",1,99.0,40727
"(0.8166666666666667, 1.0)",4,99.0,40731
"(0.8, 1.0)",1,99.0,40732
"(0.9, 1.0)",5,99.0,40737
"(0.7361111111111112, 1.0)",2,99.0,40739
"(0.8461538461538461, 1.0)",1,99.0,40740
"(0.9166666666666666, 1.0)",11,99.0,40751
"(0.6976744186046512, 1.0)",1,99.0,40752
"(0.627906976744186, 1.0)",2,99.0,40754
"(0.8833333333333333, 1.0)",3,99.0,40757
"(0.7833333333333333, 1.0)",1,99.0,40758
"(0.8611111111111112, 1.0)",2,99.0,40760
"(0.7083333333333334, 1.0)",4,99.0,40764
"(0.7916666666666666, 1.0)",2,99.0,40766
"(0.8666666666666667, 1.0)",5,99.0,40771
"(0.6162790697674418, 1.0)",3,99.0,40774
"(0.9833333333333332, 1.0)",2,99.0,40776
"(0.7777777777777778, 1.0)",1,99.0,40777
"(0.625, 1.0)",1,99.0,40778
"(0.7906976744186046, 1.0)",1,99.0,40779
"(0.9333333333333332, 1.0)",1,99.0,40780
"(0.9666666666666668, 1.0)",4,99.0,40784
"(0.85, 1.0)",8,99.0,40792
"(0.872093023255814, 1.0)",3,99.0,40795
"(0.9, 1.0)",1,99.0,40796
"(0.8833333333333333, 1.0)",3,99.0,40799
"(0.8055555555555556, 1.0)",2,99.0,40801
"(0.8333333333333334, 1.0)",7,99.0,40808
"(0.7, 1.0)",2,99.0,40810
"(0.8166666666666667, 1.0)",5,99.0,40815
"(0.8194444444444444, 1.0)",5,99.0,40820
"(0.9833333333333332, 1.0)",7,99.0,40827
"(0.8, 1.0)",3,99.0,40830
"(0.95, 1.0)",3,99.0,40833
"(0.9305555555555556, 0.9861111111111112)",2,99.0,40835
"(1.0, 1.0)",15,99.0,40850
"(0.7222222222222222, 1.0)",1,99.0,40851
"(0.7333333333333333, 1.0)",1,99.0,40852
"(0.2906976744186046, 1.0)",1,99.0,40853
"(0.9444444444444444, 1.0)",8,99.0,40861
"(0.8888888888888888, 1.0)",3,99.0,40864
"(0.9333333333333332, 1.0)",1,99.0,40865
"(0.7638888888888888, 1.0)",1,99.0,40866
"(0.7666666666666667, 1.0)",4,99.0,40870
"(0.9027777777777778, 1.0)",6,99.0,40876
"(0.6666666666666666, 1.0)",2,99.0,40878
"(0.8666666666666667, 1.0)",5,99.0,40883
"(0.9305555555555556, 1.0)",1,99.0,40884
"(0.85, 1.0)",3,99.0,40887
"(0.95, 1.0)",1,99.0,40888
"(0.9416666666666668, 0.9958333333333332)",1,98.99999999999996,40889
"(0.9583333333333334, 0.9958333333333332)",1,98.99999999999994,40890
"(0.95, 0.9958333333333332)",1,98.99999999999991,40891
"(0.9625, 0.9916666666666668)",1,98.9999999999998,40892
"(0.6098484848484849, 0.9988636363636364)",1,98.99734848484847,40893
"(0.9875, 0.9958333333333332)",1,98.99583333333344,40894
"(0.9791666666666666, 0.9958333333333332)",1,98.99583333333344,40895
"(0.9833333333333332, 0.9958333333333332)",1,98.99583333333344,40896
"(0.9375, 0.9958333333333332)",2,98.99583333333342,40898
"(0.8666666666666667, 0.9958333333333332)",1,98.9958333333334,40899
"(0.9125, 0.9958333333333332)",1,98.9958333333334,40900
"(0.9833333333333332, 0.9958333333333332)",1,98.9958333333334,40901
"(0.9791666666666666, 0.9958333333333332)",1,98.9958333333334,40902
"(0.95, 0.9958333333333332)",1,98.9958333333334,40903
"(0.9208333333333332, 0.9958333333333332)",1,98.9958333333334,40904
"(0.9625, 0.9958333333333332)",1,98.9958333333334,40905
"(0.8791666666666667, 0.9958333333333332)",2,98.9958333333334,40907
"(0.9375, 0.9958333333333332)",1,98.9958333333334,40908
"(0.9875, 0.9958333333333332)",2,98.9958333333334,40910
"(0.95, 0.9958333333333332)",1,98.99583333333338,40911
"(0.9, 0.9958333333333332)",1,98.99583333333338,40912
"(0.9208333333333332, 0.9958333333333332)",1,98.99583333333338,40913
"(0.9916666666666668, 0.9958333333333332)",3,98.99583333333337,40916
"(0.9708333333333332, 0.9958333333333332)",1,98.99583333333337,40917
"(0.9125, 0.9958333333333332)",1,98.99583333333337,40918
"(0.9791666666666666, 0.9958333333333332)",2,98.99583333333337,40920
"(0.9875, 0.9958333333333332)",1,98.99583333333337,40921
"(0.8916666666666667, 0.9958333333333332)",1,98.99583333333337,40922
"(0.9833333333333332, 0.9958333333333332)",3,98.99583333333337,40925
"(0.975, 0.9958333333333332)",1,98.99583333333337,40926
"(0.9333333333333332, 0.9958333333333332)",1,98.99583333333337,40927
"(0.9791666666666666, 0.9958333333333332)",1,98.99583333333334,40928
"(0.9791666666666666, 0.9958333333333332)",2,98.99583333333328,40930
"(0.9208333333333332, 0.9916666666666668)",1,98.99583333333312,40931
"(0.925, 0.9916666666666668)",1,98.99583333333312,40932
"(0.9208333333333332, 0.9958333333333332)",2,98.99166666666676,40934
"(0.9, 0.9958333333333332)",1,98.99166666666676,40935
"(0.9916666666666668, 0.9958333333333332)",1,98.99166666666676,40936
"(0.9333333333333332, 0.9958333333333332)",1,98.99166666666676,40937
"(0.9291666666666668, 0.9958333333333332)",1,98.99166666666676,40938
"(0.9833333333333332, 0.9958333333333332)",1,98.99166666666672,40939
"(0.9708333333333332, 0.9958333333333332)",1,98.99166666666672,40940
"(0.8791666666666667, 0.9958333333333332)",1,98.99166666666672,40941
"(0.95, 0.9958333333333332)",1,98.99166666666672,40942
"(0.9458333333333332, 0.9958333333333332)",1,98.99166666666672,40943
"(0.9791666666666666, 0.9958333333333332)",1,98.99166666666672,40944
"(0.975, 0.9958333333333332)",2,98.99166666666672,40946
"(0.9583333333333334, 0.9958333333333332)",1,98.99166666666672,40947
"(0.9208333333333332, 0.9958333333333332)",1,98.9916666666667,40948
"(0.9875, 0.9958333333333332)",1,98.9916666666667,40949
"(0.9791666666666666, 0.9958333333333332)",1,98.9916666666667,40950
"(0.9833333333333332, 0.9958333333333332)",1,98.9916666666667,40951
"(0.975, 0.9958333333333332)",2,98.9916666666667,40953
"(0.9, 0.9958333333333332)",1,98.9916666666667,40954
"(0.9041666666666668, 0.9958333333333332)",1,98.9916666666667,40955
"(0.9916666666666668, 0.9958333333333332)",1,98.9916666666667,40956
"(0.8791666666666667, 0.9958333333333332)",1,98.9916666666667,40957
"(0.9125, 0.9958333333333332)",1,98.9916666666667,40958
"(0.9708333333333332, 0.9958333333333332)",1,98.9916666666667,40959
"(0.9833333333333332, 1.0)",1,98.99166666666667,40960
"(0.9833333333333332, 0.9958333333333332)",1,98.99166666666666,40961
"(0.9708333333333332, 0.9916666666666668)",2,98.99166666666665,40963
"(0.9708333333333332, 0.9958333333333332)",1,98.99166666666665,40964
"(0.9375, 0.9916666666666668)",1,98.99166666666645,40965
"(0.9625, 0.9916666666666668)",1,98.99166666666645,40966
"(0.9166666666666666, 0.9916666666666668)",1,98.99166666666645,40967
"(0.7674418604651163, 1.0)",2,98.98837209302326,40969
"(0.872093023255814, 1.0)",1,98.98837209302326,40970
"(0.5930232558139535, 1.0)",1,98.98837209302326,40971
"(0.4883720930232558, 1.0)",1,98.98837209302326,40972
"(0.3372093023255814, 1.0)",1,98.98837209302326,40973
"(0.8488372093023255, 1.0)",1,98.98837209302326,40974
"(0.8953488372093024, 1.0)",1,98.98837209302326,40975
"(0.627906976744186, 1.0)",1,98.98837209302326,40976
"(0.4651162790697674, 1.0)",2,98.98837209302324,40978
"(0.9708333333333332, 0.9958333333333332)",1,98.98750000000013,40979
"(0.9791666666666666, 0.9958333333333332)",1,98.98750000000013,40980
"(0.9625, 0.9958333333333332)",1,98.9875000000001,40981
"(0.9583333333333334, 0.9958333333333332)",1,98.98750000000008,40982
"(0.9291666666666668, 0.9958333333333332)",1,98.98750000000008,40983
"(0.95, 0.9958333333333332)",1,98.98750000000008,40984
"(0.9916666666666668, 0.9958333333333332)",1,98.98750000000008,40985
"(0.975, 0.9958333333333332)",1,98.98750000000008,40986
"(0.8916666666666667, 0.9958333333333332)",1,98.98750000000004,40987
"(0.9708333333333332, 0.9958333333333332)",2,98.98750000000004,40989
"(0.9375, 0.9958333333333332)",2,98.98750000000004,40991
"(0.9125, 0.9958333333333332)",1,98.98750000000004,40992
"(0.8791666666666667, 0.9958333333333332)",1,98.98750000000004,40993
"(0.9875, 0.9958333333333332)",1,98.98750000000004,40994
"(0.9666666666666668, 0.9958333333333332)",1,98.98750000000004,40995
"(0.975, 0.9958333333333332)",1,98.98750000000004,40996
"(0.9583333333333334, 0.9958333333333332)",1,98.98750000000004,40997
"(0.9083333333333332, 0.9958333333333332)",1,98.98750000000004,40998
"(0.9291666666666668, 0.9958333333333332)",1,98.98750000000004,40999
"(0.9625, 0.9958333333333332)",1,98.98750000000004,41000
"(0.9458333333333332, 0.9958333333333332)",1,98.98750000000004,41001
"(0.8625, 0.9958333333333332)",1,98.98750000000004,41002
"(0.9833333333333332, 0.9958333333333332)",1,98.98750000000004,41003
"(1.0, 0.9958333333333332)",1,98.98750000000004,41004
"(0.975, 1.0)",1,98.9875,41005
"(0.9875, 0.9958333333333332)",1,98.9875,41006
"(0.9875, 1.0)",1,98.9875,41007
"(0.9791666666666666, 0.9958333333333332)",1,98.9875,41008
"(0.9416666666666668, 0.9958333333333332)",1,98.98749999999993,41009
"(0.9625, 0.9916666666666668)",2,98.98749999999976,41011
"(0.6794871794871795, 1.0)",1,98.98717948717947,41012
"(0.6923076923076923, 1.0)",1,98.98717948717947,41013
"(0.7051282051282052, 1.0)",1,98.98717948717947,41014
"(0.9305555555555556, 1.0)",1,98.98611111111114,41015
"(0.8055555555555556, 1.0)",3,98.98611111111111,41018
"(0.7638888888888888, 1.0)",1,98.98611111111111,41019
"(0.8888888888888888, 1.0)",5,98.98611111111111,41024
"(0.8611111111111112, 1.0)",5,98.98611111111111,41029
"(0.9583333333333334, 1.0)",2,98.98611111111111,41031
"(0.875, 1.0)",2,98.98611111111111,41033
"(0.9305555555555556, 1.0)",3,98.98611111111111,41036
"(0.7777777777777778, 1.0)",4,98.98611111111111,41040
"(0.8333333333333334, 1.0)",2,98.98611111111111,41042
"(0.8194444444444444, 1.0)",1,98.98611111111111,41043
"(0.7361111111111112, 1.0)",2,98.98611111111111,41045
"(0.8472222222222222, 1.0)",5,98.98611111111111,41050
"(0.9444444444444444, 1.0)",3,98.98611111111111,41053
"(0.9027777777777778, 1.0)",4,98.98611111111111,41057
"(0.6805555555555556, 1.0)",1,98.98611111111111,41058
"(0.5972222222222222, 1.0)",1,98.98611111111111,41059
"(0.75, 1.0)",6,98.98611111111111,41065
"(0.625, 1.0)",1,98.98611111111111,41066
"(0.7083333333333334, 1.0)",6,98.98611111111111,41072
"(0.6111111111111112, 1.0)",1,98.98611111111111,41073
"(0.6944444444444444, 1.0)",3,98.98611111111111,41076
"(0.625, 1.0)",1,98.9861111111111,41077
"(0.9305555555555556, 1.0)",1,98.9861111111111,41078
"(0.7159090909090909, 0.9988636363636364)",1,98.98409090909092,41079
"(0.9041666666666668, 0.9958333333333332)",1,98.98333333333343,41080
"(1.0, 0.9958333333333332)",1,98.98333333333343,41081
"(0.9125, 0.9958333333333332)",1,98.98333333333342,41082
"(0.9916666666666668, 0.9958333333333332)",1,98.98333333333342,41083
"(0.9958333333333332, 0.9958333333333332)",1,98.9833333333334,41084
"(0.9291666666666668, 0.9958333333333332)",1,98.9833333333334,41085
"(0.9166666666666666, 0.9958333333333332)",1,98.9833333333334,41086
"(0.9708333333333332, 0.9958333333333332)",1,98.9833333333334,41087
"(0.9208333333333332, 0.9958333333333332)",1,98.9833333333334,41088
"(0.9291666666666668, 0.9958333333333332)",1,98.9833333333334,41089
"(0.9625, 0.9958333333333332)",1,98.98333333333338,41090
"(0.8375, 0.9958333333333332)",1,98.98333333333338,41091
"(0.9833333333333332, 0.9958333333333332)",1,98.98333333333338,41092
"(0.9166666666666666, 0.9666666666666668)",1,98.98333333333338,41093
"(0.9916666666666668, 0.9958333333333332)",1,98.98333333333338,41094
"(0.9125, 0.9958333333333332)",1,98.98333333333338,41095
"(0.9375, 0.9958333333333332)",2,98.98333333333338,41097
"(0.9333333333333332, 1.0)",2,98.98333333333338,41099
"(0.8833333333333333, 1.0)",2,98.98333333333336,41101
"(0.75, 1.0)",1,98.98333333333336,41102
"(0.7333333333333333, 0.9833333333333332)",1,98.98333333333336,41103
"(0.9166666666666666, 1.0)",1,98.98333333333336,41104
"(0.95, 1.0)",1,98.98333333333336,41105
"(0.8833333333333333, 0.9833333333333332)",1,98.98333333333336,41106
"(0.7166666666666667, 1.0)",2,98.98333333333336,41108
"(0.9583333333333334, 0.9958333333333332)",1,98.98333333333336,41109
"(0.9166666666666666, 0.9833333333333332)",1,98.98333333333336,41110
"(0.8666666666666667, 1.0)",2,98.98333333333336,41112
"(0.9625, 0.9958333333333332)",1,98.98333333333336,41113
"(0.9708333333333332, 0.9958333333333332)",1,98.98333333333336,41114
"(0.9666666666666668, 1.0)",3,98.98333333333336,41117
"(0.9666666666666668, 0.9958333333333332)",4,98.98333333333336,41121
"(0.9791666666666666, 0.9958333333333332)",1,98.98333333333336,41122
"(0.825, 0.9958333333333332)",1,98.98333333333336,41123
"(0.9333333333333332, 1.0)",2,98.98333333333336,41125
"(0.8166666666666667, 1.0)",1,98.98333333333336,41126
"(0.8, 0.9833333333333332)",1,98.98333333333336,41127
"(0.6666666666666666, 0.9833333333333332)",1,98.98333333333336,41128
"(0.9666666666666668, 1.0)",1,98.98333333333336,41129
"(0.9833333333333332, 0.9958333333333332)",2,98.98333333333336,41131
"(0.8625, 0.9958333333333332)",1,98.98333333333336,41132
"(0.9375, 0.9958333333333332)",1,98.98333333333336,41133
"(0.8, 1.0)",2,98.98333333333336,41135
"(0.8333333333333334, 0.9833333333333332)",2,98.98333333333336,41137
"(0.975, 0.9958333333333332)",1,98.98333333333336,41138
"(0.4166666666666667, 1.0)",1,98.98333333333332,41139
"(0.7, 1.0)",3,98.98333333333332,41142
"(0.7833333333333333, 1.0)",2,98.98333333333332,41144
"(0.8833333333333333, 1.0)",13,98.98333333333332,41157
"(0.9666666666666668, 1.0)",3,98.98333333333332,41160
"(0.7166666666666667, 1.0)",2,98.98333333333332,41162
"(0.7833333333333333, 1.0)",1,98.98333333333332,41163
"(0.9583333333333334, 0.9958333333333332)",2,98.98333333333332,41165
"(0.8333333333333334, 1.0)",5,98.98333333333332,41170
"(0.95, 1.0)",1,98.98333333333332,41171
"(0.8666666666666667, 1.0)",7,98.98333333333332,41178
"(1.0, 1.0)",16,98.98333333333332,41194
"(0.8333333333333334, 1.0)",1,98.98333333333332,41195
"(0.9541666666666668, 0.9958333333333332)",1,98.98333333333332,41196
"(0.85, 1.0)",6,98.98333333333332,41202
"(0.9833333333333332, 1.0)",8,98.98333333333332,41210
"(0.7333333333333333, 1.0)",2,98.98333333333332,41212
"(0.9333333333333332, 1.0)",5,98.98333333333332,41217
"(0.7166666666666667, 1.0)",3,98.98333333333332,41220
"(0.8166666666666667, 1.0)",7,98.98333333333332,41227
"(0.9166666666666666, 1.0)",2,98.98333333333332,41229
"(0.8, 1.0)",3,98.98333333333332,41232
"(0.7666666666666667, 1.0)",3,98.98333333333332,41235
"(0.75, 1.0)",1,98.98333333333332,41236
"(0.9791666666666666, 0.9958333333333332)",2,98.98333333333328,41238
"(0.9791666666666666, 0.9958333333333332)",2,98.98333333333323,41240
"(0.975, 0.9958333333333332)",1,98.98333333333323,41241
"(0.9833333333333332, 0.9958333333333332)",1,98.9833333333332,41242
"(0.9791666666666666, 0.9875)",1,98.9833333333331,41243
"(0.9458333333333332, 0.9916666666666668)",1,98.9833333333331,41244
"(0.9041666666666668, 0.9916666666666668)",1,98.98333333333308,41245
"(0.9916666666666668, 0.9958333333333332)",1,98.97916666666676,41246
"(0.9875, 0.9958333333333332)",1,98.97916666666676,41247
"(0.9875, 0.9958333333333332)",2,98.97916666666676,41249
"(0.9, 0.9958333333333332)",2,98.97916666666674,41251
"(0.8916666666666667, 0.9958333333333332)",2,98.97916666666674,41253
"(0.9458333333333332, 0.9958333333333332)",1,98.97916666666671,41254
"(0.9833333333333332, 0.9958333333333332)",1,98.97916666666671,41255
"(0.9208333333333332, 0.9958333333333332)",1,98.97916666666671,41256
"(0.9583333333333334, 0.9958333333333332)",2,98.97916666666671,41258
"(0.9625, 0.9958333333333332)",1,98.97916666666671,41259
"(0.9916666666666668, 0.9958333333333332)",1,98.97916666666671,41260
"(0.9208333333333332, 0.9958333333333332)",1,98.97916666666671,41261
"(1.0, 0.9958333333333332)",1,98.9791666666667,41262
"(0.9208333333333332, 0.9958333333333332)",1,98.9791666666667,41263
"(0.8666666666666667, 0.9958333333333332)",2,98.9791666666667,41265
"(0.9375, 0.9958333333333332)",1,98.9791666666667,41266
"(0.9833333333333332, 0.9958333333333332)",1,98.9791666666667,41267
"(0.9791666666666666, 0.9958333333333332)",2,98.9791666666667,41269
"(0.8625, 0.9958333333333332)",2,98.9791666666667,41271
"(0.85, 0.9958333333333332)",1,98.9791666666667,41272
"(0.975, 0.9958333333333332)",2,98.9791666666667,41274
"(0.9875, 0.9958333333333332)",1,98.9791666666667,41275
"(0.9666666666666668, 0.9958333333333332)",1,98.9791666666667,41276
"(0.9916666666666668, 0.9958333333333332)",1,98.9791666666667,41277
"(0.975, 0.9958333333333332)",1,98.97916666666669,41278
"(0.9791666666666666, 1.0)",1,98.97916666666664,41279
"(0.9708333333333332, 0.9958333333333332)",1,98.97916666666664,41280
"(0.9791666666666666, 0.9958333333333332)",1,98.97916666666656,41281
"(0.9791666666666666, 0.9875)",1,98.97916666666652,41282
"(0.9875, 0.9916666666666668)",1,98.97916666666652,41283
"(0.9875, 0.9958333333333332)",1,98.97916666666649,41284
"(0.8833333333333333, 0.9916666666666668)",1,98.97916666666644,41285
"(0.9041666666666668, 0.9916666666666668)",1,98.97916666666644,41286
"(0.8023255813953488, 1.0)",1,98.97674418604652,41287
"(0.9186046511627908, 1.0)",1,98.97674418604652,41288
"(0.872093023255814, 1.0)",2,98.97674418604652,41290
"(0.4651162790697674, 1.0)",1,98.97674418604652,41291
"(0.5697674418604651, 1.0)",1,98.97674418604652,41292
"(0.3372093023255814, 1.0)",3,98.97674418604652,41295
"(0.872093023255814, 1.0)",1,98.9767441860465,41296
"(0.9186046511627908, 1.0)",1,98.9767441860465,41297
"(0.5930232558139535, 1.0)",1,98.9767441860465,41298
"(0.8255813953488372, 1.0)",1,98.9767441860465,41299
"(0.9791666666666666, 0.9958333333333332)",1,98.97500000000012,41300
"(0.9, 0.9958333333333332)",2,98.9750000000001,41302
"(0.9625, 0.9958333333333332)",1,98.97500000000008,41303
"(0.9916666666666668, 0.9958333333333332)",1,98.97500000000008,41304
"(0.9791666666666666, 0.9958333333333332)",1,98.97500000000008,41305
"(0.9125, 0.9958333333333332)",2,98.97500000000008,41307
"(0.9875, 0.9958333333333332)",1,98.97500000000004,41308
"(0.95, 0.9958333333333332)",2,98.97500000000004,41310
"(0.9458333333333332, 0.9958333333333332)",1,98.97500000000004,41311
"(0.85, 0.9958333333333332)",1,98.97500000000004,41312
"(0.8375, 0.9958333333333332)",2,98.97500000000004,41314
"(0.975, 0.9958333333333332)",3,98.97500000000004,41317
"(0.9541666666666668, 0.9958333333333332)",1,98.97500000000004,41318
"(0.9708333333333332, 0.9958333333333332)",1,98.97500000000004,41319
"(0.9916666666666668, 0.9958333333333332)",1,98.97500000000004,41320
"(0.9583333333333334, 0.9958333333333332)",1,98.97500000000004,41321
"(0.925, 0.9958333333333332)",1,98.97500000000004,41322
"(0.95, 0.9958333333333332)",1,98.97500000000004,41323
"(0.9833333333333332, 0.9958333333333332)",3,98.97500000000004,41326
"(0.9791666666666666, 0.9958333333333332)",3,98.97500000000004,41329
"(0.9208333333333332, 0.9958333333333332)",1,98.97500000000004,41330
"(0.9875, 0.9958333333333332)",2,98.97500000000004,41332
"(0.8625, 0.9958333333333332)",1,98.97500000000004,41333
"(0.8666666666666667, 0.9958333333333332)",1,98.97500000000004,41334
"(0.9541666666666668, 0.9958333333333332)",1,98.975,41335
"(0.9791666666666666, 1.0)",1,98.975,41336
"(0.9708333333333332, 0.9958333333333332)",1,98.97499999999992,41337
"(0.9791666666666666, 0.9916666666666668)",1,98.9749999999999,41338
"(0.8916666666666667, 0.9916666666666668)",1,98.9749999999998,41339
"(0.9375, 0.9916666666666668)",1,98.97499999999977,41340
"(0.825, 0.9916666666666668)",1,98.97499999999972,41341
"(0.5512820512820513, 1.0)",1,98.97435897435898,41342
"(0.717948717948718, 1.0)",1,98.97435897435898,41343
"(0.8461538461538461, 1.0)",1,98.97435897435898,41344
"(0.9444444444444444, 1.0)",1,98.97222222222226,41345
"(0.9583333333333334, 1.0)",1,98.97222222222226,41346
"(0.9166666666666666, 1.0)",1,98.97222222222224,41347
"(0.75, 1.0)",2,98.97222222222224,41349
"(0.9305555555555556, 1.0)",5,98.97222222222224,41354
"(0.9583333333333334, 1.0)",2,98.97222222222224,41356
"(0.8333333333333334, 1.0)",3,98.97222222222224,41359
"(0.7361111111111112, 1.0)",4,98.97222222222224,41363
"(0.9305555555555556, 1.0)",1,98.97222222222224,41364
"(0.875, 1.0)",1,98.97222222222224,41365
"(0.6944444444444444, 1.0)",2,98.97222222222224,41367
"(0.8055555555555556, 1.0)",1,98.97222222222224,41368
"(0.9027777777777778, 1.0)",3,98.97222222222224,41371
"(0.7083333333333334, 1.0)",3,98.97222222222224,41374
"(0.9444444444444444, 1.0)",4,98.97222222222224,41378
"(0.7916666666666666, 1.0)",1,98.97222222222224,41379
"(0.9027777777777778, 0.9861111111111112)",1,98.97222222222224,41380
"(0.5972222222222222, 1.0)",1,98.97222222222224,41381
"(0.8888888888888888, 1.0)",1,98.97222222222224,41382
"(0.9722222222222222, 1.0)",1,98.97222222222224,41383
"(0.8194444444444444, 1.0)",4,98.97222222222224,41387
"(0.8472222222222222, 1.0)",1,98.97222222222224,41388
"(0.8611111111111112, 1.0)",2,98.97222222222224,41390
"(0.625, 1.0)",2,98.97222222222224,41392
"(0.9305555555555556, 1.0)",2,98.9722222222222,41394
"(0.9444444444444444, 1.0)",1,98.9722222222222,41395
"(0.8611111111111112, 1.0)",6,98.9722222222222,41401
"(0.9, 0.9958333333333332)",1,98.97083333333345,41402
"(0.975, 0.9958333333333332)",1,98.97083333333345,41403
"(0.9791666666666666, 0.9958333333333332)",1,98.97083333333345,41404
"(0.8541666666666666, 0.9958333333333332)",1,98.9708333333334,41405
"(0.9791666666666666, 0.9958333333333332)",1,98.9708333333334,41406
"(0.9208333333333332, 0.9958333333333332)",1,98.9708333333334,41407
"(0.9666666666666668, 0.9958333333333332)",1,98.9708333333334,41408
"(1.0, 0.9958333333333332)",1,98.9708333333334,41409
"(0.9791666666666666, 0.9958333333333332)",1,98.97083333333336,41410
"(0.9583333333333334, 0.9958333333333332)",1,98.97083333333336,41411
"(0.875, 0.9958333333333332)",1,98.97083333333336,41412
"(0.9333333333333332, 0.9958333333333332)",1,98.97083333333336,41413
"(0.8666666666666667, 0.9958333333333332)",1,98.97083333333336,41414
"(0.9, 0.9958333333333332)",1,98.97083333333336,41415
"(0.5875, 1.0)",1,98.97083333333336,41416
"(0.9833333333333332, 0.9958333333333332)",1,98.97083333333336,41417
"(0.85, 0.9958333333333332)",1,98.97083333333336,41418
"(0.9875, 0.9958333333333332)",3,98.97083333333336,41421
"(0.95, 0.9958333333333332)",2,98.97083333333336,41423
"(0.925, 0.9958333333333332)",1,98.97083333333336,41424
"(0.9166666666666666, 0.9958333333333332)",1,98.97083333333336,41425
"(0.8625, 0.9958333333333332)",1,98.97083333333336,41426
"(0.9791666666666666, 0.9958333333333332)",1,98.97083333333336,41427
"(0.9708333333333332, 0.9958333333333332)",1,98.97083333333336,41428
"(0.975, 0.9958333333333332)",1,98.97083333333336,41429
"(0.9166666666666666, 0.9916666666666668)",1,98.9708333333331,41430
"(0.925, 0.9916666666666668)",1,98.97083333333308,41431
"(0.9458333333333332, 0.9958333333333332)",1,98.96666666666675,41432
"(0.9833333333333332, 0.9958333333333332)",1,98.96666666666675,41433
"(0.9333333333333332, 0.9958333333333332)",1,98.96666666666675,41434
"(0.925, 0.9958333333333332)",1,98.96666666666675,41435
"(0.9375, 0.9958333333333332)",1,98.96666666666674,41436
"(0.9166666666666666, 0.9958333333333332)",2,98.96666666666674,41438
"(0.9875, 0.9958333333333332)",2,98.96666666666673,41440
"(0.925, 0.9958333333333332)",2,98.96666666666673,41442
"(0.9375, 0.9958333333333332)",1,98.96666666666673,41443
"(0.9125, 0.9958333333333332)",1,98.96666666666673,41444
"(0.9041666666666668, 0.9958333333333332)",1,98.96666666666673,41445
"(0.9875, 0.9958333333333332)",1,98.96666666666673,41446
"(0.9208333333333332, 0.9958333333333332)",1,98.96666666666673,41447
"(0.9583333333333334, 0.9958333333333332)",1,98.96666666666673,41448
"(0.9708333333333332, 0.9958333333333332)",1,98.96666666666673,41449
"(0.9833333333333332, 0.9958333333333332)",1,98.96666666666673,41450
"(0.7166666666666667, 1.0)",1,98.9666666666667,41451
"(0.9791666666666666, 0.9958333333333332)",1,98.9666666666667,41452
"(0.95, 1.0)",1,98.9666666666667,41453
"(0.8833333333333333, 1.0)",1,98.9666666666667,41454
"(0.8625, 0.9958333333333332)",3,98.9666666666667,41457
"(0.9, 0.9833333333333332)",1,98.9666666666667,41458
"(0.8, 1.0)",1,98.9666666666667,41459
"(0.975, 0.9958333333333332)",3,98.9666666666667,41462
"(0.9, 0.9958333333333332)",1,98.9666666666667,41463
"(0.9208333333333332, 0.9958333333333332)",1,98.9666666666667,41464
"(0.9666666666666668, 0.9958333333333332)",1,98.9666666666667,41465
"(0.9166666666666666, 0.9833333333333332)",1,98.9666666666667,41466
"(0.7666666666666667, 1.0)",1,98.9666666666667,41467
"(0.9625, 0.9958333333333332)",1,98.9666666666667,41468
"(0.8833333333333333, 1.0)",1,98.96666666666668,41469
"(0.9333333333333332, 1.0)",4,98.96666666666668,41473
"(0.8333333333333334, 1.0)",3,98.96666666666668,41476
"(0.9333333333333332, 1.0)",1,98.96666666666668,41477
"(0.7333333333333333, 1.0)",5,98.96666666666668,41482
"(0.8, 1.0)",1,98.96666666666668,41483
"(0.8333333333333334, 1.0)",2,98.96666666666668,41485
"(0.8666666666666667, 0.9833333333333332)",2,98.96666666666668,41487
"(0.8166666666666667, 1.0)",5,98.96666666666668,41492
"(0.85, 1.0)",9,98.96666666666668,41501
"(1.0, 1.0)",12,98.96666666666668,41513
"(0.7833333333333333, 1.0)",1,98.96666666666668,41514
"(0.75, 1.0)",1,98.96666666666668,41515
"(0.9166666666666666, 0.9833333333333332)",1,98.96666666666668,41516
"(0.9, 1.0)",2,98.96666666666668,41518
"(0.7666666666666667, 1.0)",2,98.96666666666668,41520
"(0.9833333333333332, 1.0)",8,98.96666666666668,41528
"(0.6833333333333333, 1.0)",1,98.96666666666668,41529
"(1.0, 1.0)",1,98.96666666666668,41530
"(0.9166666666666666, 1.0)",6,98.96666666666668,41536
"(0.7666666666666667, 1.0)",1,98.96666666666668,41537
"(0.8333333333333334, 0.9833333333333332)",2,98.96666666666668,41539
"(0.8, 1.0)",4,98.96666666666668,41543
"(0.95, 1.0)",8,98.96666666666668,41551
"(0.9666666666666668, 1.0)",1,98.96666666666668,41552
"(0.6666666666666666, 1.0)",2,98.96666666666668,41554
"(0.9, 1.0)",7,98.96666666666668,41561
"(0.7166666666666667, 1.0)",1,98.96666666666668,41562
"(0.9666666666666668, 1.0)",1,98.96666666666668,41563
"(0.75, 1.0)",1,98.96666666666668,41564
"(0.8666666666666667, 1.0)",3,98.96666666666668,41567
"(0.8833333333333333, 1.0)",1,98.96666666666668,41568
"(0.9583333333333334, 0.9958333333333332)",1,98.96666666666664,41569
"(0.9875, 0.9958333333333332)",1,98.96666666666658,41570
"(0.9791666666666666, 0.9958333333333332)",2,98.96666666666658,41572
"(0.975, 0.9916666666666668)",1,98.96666666666644,41573
"(0.8791666666666667, 0.9916666666666668)",1,98.96666666666644,41574
"(0.9625, 0.9916666666666668)",1,98.96666666666638,41575
"(0.6162790697674418, 1.0)",1,98.96511627906978,41576
"(0.4651162790697674, 1.0)",2,98.96511627906978,41578
"(0.5930232558139535, 1.0)",2,98.96511627906976,41580
"(0.8837209302325582, 1.0)",2,98.96511627906976,41582
"(0.4883720930232558, 1.0)",1,98.96511627906976,41583
"(0.9291666666666668, 0.9958333333333332)",1,98.9625000000001,41584
"(0.9916666666666668, 0.9958333333333332)",1,98.96250000000008,41585
"(0.9791666666666666, 0.9958333333333332)",1,98.96250000000008,41586
"(0.925, 0.9958333333333332)",1,98.96250000000008,41587
"(0.9375, 0.9958333333333332)",2,98.96250000000008,41589
"(0.95, 0.9958333333333332)",1,98.96250000000008,41590
"(0.9208333333333332, 0.9958333333333332)",1,98.96250000000006,41591
"(0.9333333333333332, 0.9958333333333332)",1,98.96250000000006,41592
"(0.9791666666666666, 0.9958333333333332)",1,98.96250000000003,41593
"(0.8541666666666666, 0.9958333333333332)",1,98.96250000000003,41594
"(0.9375, 0.9958333333333332)",1,98.96250000000003,41595
"(0.9916666666666668, 0.9958333333333332)",3,98.96250000000003,41598
"(0.9916666666666668, 0.9958333333333332)",1,98.96250000000003,41599
"(0.925, 0.9958333333333332)",1,98.96250000000003,41600
"(0.9875, 0.9958333333333332)",4,98.96250000000003,41604
"(0.975, 0.9958333333333332)",1,98.96250000000003,41605
"(0.9208333333333332, 0.9958333333333332)",2,98.96250000000003,41607
"(0.8666666666666667, 0.9958333333333332)",2,98.96250000000003,41609
"(0.975, 0.9958333333333332)",4,98.96250000000003,41613
"(0.9833333333333332, 0.9958333333333332)",2,98.96250000000003,41615
"(0.9666666666666668, 0.9958333333333332)",1,98.96250000000003,41616
"(0.9708333333333332, 0.9958333333333332)",1,98.96250000000002,41617
"(0.9291666666666668, 0.9916666666666668)",1,98.96249999999978,41618
"(0.9208333333333332, 0.9916666666666668)",1,98.96249999999978,41619
"(0.875, 0.9916666666666668)",1,98.96249999999974,41620
"(0.9125, 0.9916666666666668)",1,98.96249999999974,41621
"(0.9458333333333332, 0.9916666666666668)",1,98.96249999999972,41622
"(0.7435897435897436, 1.0)",1,98.96153846153848,41623
"(0.7307692307692307, 1.0)",12,98.96153846153844,41635
"(0.9708333333333332, 0.9958333333333332)",1,98.95833333333344,41636
"(0.9375, 0.9958333333333332)",1,98.95833333333344,41637
"(0.9166666666666666, 0.9958333333333332)",1,98.9583333333334,41638
"(0.9666666666666668, 0.9958333333333332)",1,98.9583333333334,41639
"(0.9125, 0.9958333333333332)",1,98.9583333333334,41640
"(0.9291666666666668, 0.9958333333333332)",1,98.9583333333334,41641
"(0.9833333333333332, 0.9958333333333332)",1,98.9583333333334,41642
"(0.9166666666666666, 0.9958333333333332)",1,98.9583333333334,41643
"(0.9791666666666666, 0.9958333333333332)",1,98.9583333333334,41644
"(0.9791666666666666, 0.9958333333333332)",1,98.9583333333334,41645
"(0.925, 0.9958333333333332)",2,98.9583333333334,41647
"(0.9375, 0.9958333333333332)",1,98.9583333333334,41648
"(0.9916666666666668, 0.9958333333333332)",1,98.95833333333336,41649
"(0.9291666666666668, 0.9958333333333332)",1,98.95833333333336,41650
"(0.925, 0.9958333333333332)",1,98.95833333333336,41651
"(0.9625, 0.9958333333333332)",1,98.95833333333336,41652
"(0.9708333333333332, 0.9958333333333332)",1,98.95833333333336,41653
"(0.8916666666666667, 0.9958333333333332)",1,98.95833333333336,41654
"(0.975, 0.9958333333333332)",3,98.95833333333336,41657
"(0.95, 0.9958333333333332)",1,98.95833333333336,41658
"(0.9583333333333334, 0.9958333333333332)",1,98.95833333333336,41659
"(0.8472222222222222, 1.0)",1,98.95833333333334,41660
"(0.7777777777777778, 1.0)",3,98.95833333333334,41663
"(0.9444444444444444, 1.0)",2,98.95833333333334,41665
"(0.7361111111111112, 1.0)",2,98.95833333333334,41667
"(0.75, 1.0)",2,98.95833333333334,41669
"(0.8888888888888888, 0.9861111111111112)",1,98.95833333333334,41670
"(0.6805555555555556, 1.0)",1,98.95833333333334,41671
"(0.7916666666666666, 1.0)",1,98.95833333333334,41672
"(0.8194444444444444, 1.0)",2,98.95833333333334,41674
"(0.9583333333333334, 1.0)",3,98.95833333333334,41677
"(0.8888888888888888, 1.0)",1,98.95833333333334,41678
"(0.8611111111111112, 1.0)",1,98.95833333333334,41679
"(0.8055555555555556, 1.0)",1,98.95833333333331,41680
"(0.8194444444444444, 1.0)",3,98.95833333333331,41683
"(0.6944444444444444, 1.0)",1,98.95833333333331,41684
"(0.7916666666666666, 1.0)",1,98.95833333333331,41685
"(0.9027777777777778, 1.0)",1,98.95833333333331,41686
"(0.9166666666666666, 1.0)",1,98.95833333333331,41687
"(0.9305555555555556, 1.0)",5,98.95833333333331,41692
"(0.8888888888888888, 1.0)",3,98.95833333333331,41695
"(0.7638888888888888, 1.0)",1,98.95833333333331,41696
"(0.7361111111111112, 1.0)",2,98.95833333333331,41698
"(0.7083333333333334, 1.0)",4,98.95833333333331,41702
"(0.75, 1.0)",1,98.95833333333331,41703
"(0.8611111111111112, 1.0)",2,98.95833333333331,41705
"(0.875, 1.0)",1,98.95833333333331,41706
"(0.9583333333333334, 1.0)",1,98.95833333333331,41707
"(0.7777777777777778, 1.0)",1,98.95833333333331,41708
"(0.9444444444444444, 1.0)",1,98.95833333333331,41709
"(0.9791666666666666, 0.9958333333333332)",1,98.95833333333329,41710
"(0.9791666666666666, 0.9916666666666668)",1,98.95833333333326,41711
"(0.9208333333333332, 0.9916666666666668)",1,98.95833333333312,41712
"(0.925, 0.9916666666666668)",1,98.95833333333312,41713
"(0.9208333333333332, 0.9958333333333332)",1,98.95416666666677,41714
"(0.9791666666666666, 0.9958333333333332)",1,98.95416666666677,41715
"(0.9375, 0.9958333333333332)",1,98.95416666666677,41716
"(0.9958333333333332, 0.9958333333333332)",1,98.95416666666674,41717
"(0.9375, 0.9958333333333332)",1,98.95416666666674,41718
"(0.9, 0.9958333333333332)",1,98.95416666666672,41719
"(0.95, 0.9958333333333332)",1,98.95416666666672,41720
"(0.9916666666666668, 0.9958333333333332)",2,98.95416666666672,41722
"(0.9125, 0.9958333333333332)",1,98.95416666666672,41723
"(0.9166666666666666, 0.9958333333333332)",1,98.95416666666672,41724
"(0.9875, 0.9958333333333332)",1,98.95416666666672,41725
"(0.95, 0.9958333333333332)",1,98.95416666666672,41726
"(0.975, 0.9958333333333332)",1,98.95416666666672,41727
"(0.9291666666666668, 0.9958333333333332)",1,98.95416666666672,41728
"(0.925, 0.9958333333333332)",2,98.95416666666672,41730
"(0.875, 0.9958333333333332)",1,98.95416666666672,41731
"(0.9125, 0.9958333333333332)",1,98.95416666666672,41732
"(0.9791666666666666, 0.9958333333333332)",1,98.95416666666672,41733
"(0.9833333333333332, 0.9958333333333332)",1,98.95416666666672,41734
"(0.9083333333333332, 0.9958333333333332)",1,98.95416666666672,41735
"(0.9666666666666668, 0.9958333333333332)",1,98.9541666666667,41736
"(0.875, 0.9958333333333332)",2,98.9541666666667,41738
"(0.9833333333333332, 0.9958333333333332)",3,98.9541666666667,41741
"(0.9916666666666668, 0.9958333333333332)",1,98.9541666666667,41742
"(0.975, 0.9958333333333332)",2,98.95416666666662,41744
"(0.975, 0.9958333333333332)",1,98.9541666666666,41745
"(0.9875, 0.9916666666666668)",1,98.9541666666664,41746
"(0.8837209302325582, 1.0)",1,98.95348837209302,41747
"(0.3372093023255814, 1.0)",3,98.95348837209302,41750
"(0.627906976744186, 1.0)",1,98.95348837209302,41751
"(0.7906976744186046, 1.0)",2,98.95348837209302,41753
"(0.872093023255814, 1.0)",1,98.953488372093,41754
"(0.9625, 0.9958333333333332)",1,98.95000000000007,41755
"(0.9333333333333332, 0.9958333333333332)",2,98.95000000000007,41757
"(0.9791666666666666, 0.9958333333333332)",1,98.95000000000006,41758
"(0.9375, 0.9958333333333332)",1,98.95000000000006,41759
"(0.9333333333333332, 0.9958333333333332)",1,98.95000000000006,41760
"(0.8791666666666667, 0.9958333333333332)",1,98.95000000000005,41761
"(0.9166666666666666, 0.9833333333333332)",2,98.95000000000005,41763
"(0.7333333333333333, 1.0)",1,98.95000000000005,41764
"(0.9041666666666668, 0.9958333333333332)",1,98.95000000000005,41765
"(0.9208333333333332, 0.9958333333333332)",2,98.95000000000005,41767
"(0.9916666666666668, 0.9958333333333332)",3,98.95000000000005,41770
"(0.8, 1.0)",2,98.95000000000005,41772
"(0.9333333333333332, 0.9833333333333332)",2,98.95000000000005,41774
"(0.95, 0.9958333333333332)",1,98.95000000000005,41775
"(0.975, 0.9958333333333332)",1,98.95000000000005,41776
"(0.8333333333333334, 1.0)",1,98.95000000000005,41777
"(0.9291666666666668, 0.9958333333333332)",2,98.95000000000005,41779
"(0.9458333333333332, 0.9958333333333332)",2,98.95000000000005,41781
"(0.9291666666666668, 0.9958333333333332)",2,98.95000000000005,41783
"(0.9333333333333332, 1.0)",3,98.95000000000005,41786
"(0.9, 0.9833333333333332)",1,98.95000000000005,41787
"(0.9791666666666666, 0.9958333333333332)",1,98.95000000000005,41788
"(0.8166666666666667, 0.9833333333333332)",1,98.95000000000005,41789
"(0.95, 1.0)",1,98.95000000000005,41790
"(0.9666666666666668, 0.9958333333333332)",1,98.95000000000005,41791
"(0.9333333333333332, 0.9958333333333332)",1,98.95000000000005,41792
"(0.8625, 0.9958333333333332)",1,98.95000000000005,41793
"(0.9708333333333332, 0.9958333333333332)",1,98.95000000000005,41794
"(0.9791666666666666, 0.9958333333333332)",1,98.95000000000005,41795
"(0.9875, 0.9958333333333332)",1,98.95000000000005,41796
"(0.8166666666666667, 1.0)",1,98.95000000000002,41797
"(0.9166666666666666, 1.0)",1,98.95000000000002,41798
"(0.7166666666666667, 1.0)",1,98.95000000000002,41799
"(0.8833333333333333, 1.0)",1,98.95000000000002,41800
"(0.8333333333333334, 1.0)",1,98.95000000000002,41801
"(0.7833333333333333, 1.0)",1,98.95000000000002,41802
"(0.8666666666666667, 1.0)",2,98.95000000000002,41804
"(0.85, 1.0)",2,98.95000000000002,41806
"(0.8833333333333333, 0.9833333333333332)",1,98.95000000000002,41807
"(0.9833333333333332, 1.0)",1,98.95000000000002,41808
"(0.95, 1.0)",2,98.95,41810
"(0.7, 1.0)",4,98.95,41814
"(0.7166666666666667, 1.0)",1,98.95,41815
"(0.6666666666666666, 1.0)",2,98.95,41817
"(0.7666666666666667, 1.0)",1,98.95,41818
"(0.8, 1.0)",5,98.95,41823
"(0.6833333333333333, 1.0)",3,98.95,41826
"(0.75, 1.0)",2,98.95,41828
"(0.7833333333333333, 1.0)",2,98.95,41830
"(0.8333333333333334, 1.0)",8,98.95,41838
"(0.7666666666666667, 1.0)",5,98.95,41843
"(0.8833333333333333, 1.0)",4,98.95,41847
"(0.9333333333333332, 1.0)",1,98.95,41848
"(0.8666666666666667, 1.0)",1,98.95,41849
"(0.7333333333333333, 1.0)",3,98.95,41852
"(0.9333333333333332, 1.0)",1,98.95,41853
"(0.8666666666666667, 1.0)",9,98.95,41862
"(0.9833333333333332, 1.0)",1,98.95,41863
"(0.55, 1.0)",1,98.95,41864
"(0.85, 1.0)",6,98.95,41870
"(0.9, 1.0)",3,98.95,41873
"(1.0, 1.0)",2,98.95,41875
"(0.9166666666666666, 1.0)",2,98.95,41877
"(0.9666666666666668, 1.0)",5,98.95,41882
"(0.9833333333333332, 1.0)",8,98.95,41890
"(1.0, 1.0)",2,98.95,41892
"(0.8166666666666667, 1.0)",6,98.95,41898
"(0.9, 1.0)",3,98.95,41901
"(0.8, 1.0)",2,98.95,41903
"(0.975, 0.9958333333333332)",2,98.94999999999996,41905
"(0.9375, 0.9916666666666668)",1,98.9499999999999,41906
"(0.9375, 0.9916666666666668)",1,98.9499999999998,41907
"(0.9125, 0.9916666666666668)",1,98.94999999999978,41908
"(0.8666666666666667, 0.9916666666666668)",1,98.94999999999978,41909
"(0.9791666666666666, 0.9916666666666668)",1,98.94999999999978,41910
"(0.8541666666666666, 0.9916666666666668)",1,98.94999999999978,41911
"(0.9291666666666668, 0.9916666666666668)",1,98.94999999999978,41912
"(0.9166666666666666, 0.9916666666666668)",1,98.94999999999972,41913
"(0.6410256410256411, 1.0)",2,98.94871794871796,41915
"(0.8076923076923077, 1.0)",1,98.94871794871796,41916
"(0.6794871794871795, 1.0)",1,98.94871794871796,41917
"(0.9291666666666668, 0.9958333333333332)",2,98.94583333333348,41919
"(0.9875, 0.9958333333333332)",2,98.9458333333334,41921
"(0.9375, 0.9958333333333332)",1,98.9458333333334,41922
"(0.85, 0.9958333333333332)",1,98.9458333333334,41923
"(0.9458333333333332, 0.9958333333333332)",1,98.9458333333334,41924
"(0.9625, 0.9958333333333332)",1,98.94583333333338,41925
"(0.9083333333333332, 0.9958333333333332)",1,98.94583333333338,41926
"(0.8625, 0.9958333333333332)",1,98.94583333333338,41927
"(0.9375, 0.9958333333333332)",1,98.94583333333338,41928
"(0.9291666666666668, 0.9958333333333332)",2,98.94583333333335,41930
"(0.9875, 0.9958333333333332)",1,98.94583333333335,41931
"(0.95, 0.9958333333333332)",1,98.94583333333335,41932
"(0.9125, 0.9958333333333332)",1,98.94583333333335,41933
"(0.9208333333333332, 0.9958333333333332)",2,98.94583333333335,41935
"(0.9083333333333332, 0.9958333333333332)",1,98.94583333333335,41936
"(0.9916666666666668, 0.9958333333333332)",1,98.94583333333335,41937
"(0.9041666666666668, 0.9958333333333332)",1,98.94583333333335,41938
"(0.975, 0.9958333333333332)",1,98.94583333333335,41939
"(0.9833333333333332, 0.9958333333333332)",2,98.94583333333335,41941
"(0.9708333333333332, 0.9958333333333332)",1,98.94583333333335,41942
"(0.9791666666666666, 0.9958333333333332)",2,98.94583333333335,41944
"(0.9791666666666666, 0.9958333333333332)",1,98.94583333333334,41945
"(0.9583333333333334, 0.9958333333333332)",1,98.94583333333328,41946
"(0.8375, 0.9916666666666668)",2,98.94583333333313,41948
"(0.9291666666666668, 0.9916666666666668)",2,98.94583333333313,41950
"(0.7136363636363636, 0.999621212121212)",1,98.94545454545457,41951
"(0.7777777777777778, 1.0)",1,98.94444444444449,41952
"(0.8333333333333334, 1.0)",1,98.94444444444446,41953
"(0.625, 1.0)",3,98.94444444444444,41956
"(0.9444444444444444, 1.0)",2,98.94444444444444,41958
"(0.9722222222222222, 1.0)",1,98.94444444444444,41959
"(0.75, 1.0)",2,98.94444444444444,41961
"(0.9027777777777778, 1.0)",6,98.94444444444444,41967
"(0.9305555555555556, 1.0)",4,98.94444444444444,41971
"(0.7638888888888888, 1.0)",1,98.94444444444444,41972
"(0.8194444444444444, 1.0)",3,98.94444444444444,41975
"(0.8055555555555556, 1.0)",1,98.94444444444444,41976
"(0.8888888888888888, 1.0)",4,98.94444444444444,41980
"(0.7361111111111112, 1.0)",1,98.94444444444444,41981
"(0.8333333333333334, 1.0)",2,98.94444444444444,41983
"(0.7777777777777778, 1.0)",6,98.94444444444444,41989
"(0.875, 1.0)",1,98.94444444444444,41990
"(0.8611111111111112, 1.0)",4,98.94444444444444,41994
"(0.7083333333333334, 1.0)",5,98.94444444444444,41999
"(0.7916666666666666, 1.0)",1,98.94444444444444,42000
"(0.9166666666666666, 1.0)",2,98.94444444444444,42002
"(0.6944444444444444, 1.0)",1,98.94444444444444,42003
"(0.6162790697674418, 1.0)",1,98.94186046511628,42004
"(0.7674418604651163, 1.0)",1,98.94186046511628,42005
"(0.7674418604651163, 1.0)",1,98.94186046511626,42006
"(0.9291666666666668, 0.9958333333333332)",2,98.9416666666668,42008
"(0.9666666666666668, 0.9958333333333332)",1,98.94166666666678,42009
"(0.9208333333333332, 0.9958333333333332)",1,98.94166666666676,42010
"(0.9375, 0.9958333333333332)",1,98.94166666666676,42011
"(0.9625, 0.9958333333333332)",1,98.94166666666676,42012
"(0.9833333333333332, 0.9958333333333332)",1,98.94166666666676,42013
"(0.9416666666666668, 0.9958333333333332)",1,98.94166666666676,42014
"(0.9791666666666666, 0.9958333333333332)",1,98.94166666666672,42015
"(0.9875, 0.9958333333333332)",2,98.94166666666672,42017
"(0.9791666666666666, 0.9958333333333332)",1,98.94166666666672,42018
"(0.9583333333333334, 0.9958333333333332)",1,98.94166666666672,42019
"(0.9041666666666668, 0.9958333333333332)",2,98.94166666666672,42021
"(0.6575757575757576, 0.9981060606060606)",2,98.9416666666667,42023
"(0.8958333333333334, 0.9958333333333332)",2,98.9416666666667,42025
"(0.9458333333333332, 0.9958333333333332)",1,98.9416666666667,42026
"(0.9, 0.9958333333333332)",1,98.9416666666667,42027
"(0.9708333333333332, 0.9958333333333332)",1,98.9416666666667,42028
"(0.925, 0.9958333333333332)",1,98.9416666666667,42029
"(0.9416666666666668, 0.9958333333333332)",1,98.9416666666667,42030
"(0.9791666666666666, 0.9958333333333332)",1,98.9416666666667,42031
"(0.975, 0.9958333333333332)",1,98.9416666666667,42032
"(0.9916666666666668, 0.9958333333333332)",1,98.9416666666667,42033
"(0.9041666666666668, 0.9958333333333332)",2,98.9416666666667,42035
"(0.9625, 0.9958333333333332)",1,98.9416666666667,42036
"(0.9875, 0.9958333333333332)",1,98.94166666666668,42037
"(0.9958333333333332, 0.9958333333333332)",1,98.94166666666668,42038
"(0.95, 0.9958333333333332)",1,98.94166666666663,42039
"(0.9833333333333332, 0.9958333333333332)",2,98.94166666666658,42041
"(0.975, 0.9958333333333332)",1,98.94166666666658,42042
"(0.9791666666666666, 0.9958333333333332)",1,98.94166666666656,42043
"(0.9291666666666668, 0.9916666666666668)",1,98.94166666666644,42044
"(0.9208333333333332, 0.9916666666666668)",1,98.94166666666644,42045
"(0.8625, 0.9916666666666668)",1,98.94166666666644,42046
"(0.8375, 0.9916666666666668)",2,98.9416666666664,42048
"(0.9208333333333332, 0.9958333333333332)",1,98.9375000000001,42049
"(0.9, 0.9958333333333332)",2,98.9375000000001,42051
"(0.9541666666666668, 0.9958333333333332)",1,98.93750000000009,42052
"(0.8375, 0.9958333333333332)",1,98.93750000000009,42053
"(0.9625, 0.9958333333333332)",1,98.93750000000009,42054
"(0.925, 0.9958333333333332)",1,98.93750000000009,42055
"(0.9, 0.9958333333333332)",1,98.93750000000004,42056
"(0.9291666666666668, 0.9958333333333332)",1,98.93750000000004,42057
"(0.9833333333333332, 0.9958333333333332)",1,98.93750000000004,42058
"(0.9791666666666666, 0.9958333333333332)",1,98.93750000000004,42059
"(0.8916666666666667, 0.9958333333333332)",1,98.93750000000004,42060
"(0.975, 0.9958333333333332)",1,98.93750000000004,42061
"(0.9916666666666668, 0.9958333333333332)",1,98.93750000000004,42062
"(0.8541666666666666, 0.9958333333333332)",1,98.93750000000004,42063
"(0.8625, 0.9958333333333332)",1,98.93750000000004,42064
"(0.9625, 0.9958333333333332)",1,98.93750000000004,42065
"(0.9125, 0.9958333333333332)",1,98.93750000000004,42066
"(0.8625, 0.9958333333333332)",1,98.93750000000004,42067
"(0.7246212121212121, 0.9984848484848484)",1,98.9375,42068
"(0.9083333333333332, 0.9916666666666668)",1,98.9374999999998,42069
"(0.8916666666666667, 0.9916666666666668)",1,98.93749999999976,42070
"(0.9208333333333332, 0.9916666666666668)",1,98.93749999999974,42071
"(0.8076923076923077, 1.0)",1,98.93589743589745,42072
"(0.8461538461538461, 1.0)",1,98.93589743589745,42073
"(0.9708333333333332, 0.9958333333333332)",1,98.93333333333344,42074
"(0.9041666666666668, 0.9958333333333332)",2,98.93333333333342,42076
"(0.9208333333333332, 0.9958333333333332)",1,98.93333333333342,42077
"(0.9458333333333332, 0.9958333333333332)",2,98.9333333333334,42079
"(0.9833333333333332, 0.9958333333333332)",1,98.9333333333334,42080
"(0.9125, 0.9958333333333332)",1,98.9333333333334,42081
"(0.9875, 0.9958333333333332)",1,98.9333333333334,42082
"(0.9166666666666666, 0.9958333333333332)",1,98.9333333333334,42083
"(0.9833333333333332, 0.9958333333333332)",1,98.93333333333338,42084
"(0.9916666666666668, 0.9958333333333332)",1,98.93333333333338,42085
"(0.9875, 0.9958333333333332)",1,98.93333333333338,42086
"(1.0, 0.9833333333333332)",1,98.93333333333337,42087
"(0.9, 1.0)",1,98.93333333333337,42088
"(0.8666666666666667, 1.0)",3,98.93333333333337,42091
"(0.9666666666666668, 1.0)",2,98.93333333333337,42093
"(0.9916666666666668, 0.9958333333333332)",1,98.93333333333337,42094
"(0.9125, 0.9958333333333332)",1,98.93333333333337,42095
"(1.0, 1.0)",2,98.93333333333337,42097
"(0.7333333333333333, 1.0)",1,98.93333333333337,42098
"(0.9166666666666666, 1.0)",2,98.93333333333337,42100
"(0.9875, 0.9958333333333332)",3,98.93333333333337,42103
"(0.9333333333333332, 1.0)",1,98.93333333333337,42104
"(0.9666666666666668, 0.9958333333333332)",1,98.93333333333337,42105
"(0.8833333333333333, 1.0)",2,98.93333333333337,42107
"(0.8833333333333333, 1.0)",1,98.93333333333337,42108
"(0.75, 1.0)",2,98.93333333333337,42110
"(0.8333333333333334, 1.0)",1,98.93333333333337,42111
"(0.7833333333333333, 1.0)",1,98.93333333333337,42112
"(0.9166666666666666, 0.9833333333333332)",1,98.93333333333337,42113
"(0.8333333333333334, 0.9833333333333332)",1,98.93333333333337,42114
"(0.9666666666666668, 0.9666666666666668)",2,98.93333333333337,42116
"(0.85, 0.9958333333333332)",1,98.93333333333337,42117
"(0.85, 1.0)",7,98.93333333333334,42124
"(0.8166666666666667, 1.0)",5,98.93333333333334,42129
"(0.75, 1.0)",8,98.93333333333334,42137
"(0.8666666666666667, 1.0)",8,98.93333333333334,42145
"(0.95, 1.0)",6,98.93333333333334,42151
"(0.7166666666666667, 1.0)",2,98.93333333333334,42153
"(0.6833333333333333, 1.0)",1,98.93333333333334,42154
"(0.9666666666666668, 1.0)",3,98.93333333333334,42157
"(1.0, 1.0)",10,98.93333333333334,42167
"(0.7833333333333333, 1.0)",1,98.93333333333334,42168
"(0.8833333333333333, 1.0)",9,98.93333333333334,42177
"(0.7333333333333333, 1.0)",2,98.93333333333334,42179
"(0.7, 1.0)",1,98.93333333333334,42180
"(0.8333333333333334, 1.0)",4,98.93333333333334,42184
"(0.7666666666666667, 1.0)",3,98.93333333333334,42187
"(0.8, 1.0)",3,98.93333333333334,42190
"(0.9833333333333332, 1.0)",9,98.93333333333334,42199
"(0.9, 1.0)",4,98.93333333333334,42203
"(0.9333333333333332, 1.0)",3,98.93333333333334,42206
"(0.9166666666666666, 1.0)",5,98.93333333333334,42211
"(0.8666666666666667, 1.0)",1,98.93333333333332,42212
"(0.8333333333333334, 1.0)",1,98.93333333333332,42213
"(0.9708333333333332, 0.9958333333333332)",1,98.93333333333328,42214
"(0.9875, 0.9958333333333332)",2,98.93333333333324,42216
"(0.9833333333333332, 0.9916666666666668)",1,98.93333333333318,42217
"(0.9583333333333334, 0.9916666666666668)",1,98.93333333333312,42218
"(0.8916666666666667, 0.9916666666666668)",1,98.9333333333331,42219
"(0.9444444444444444, 1.0)",1,98.9305555555556,42220
"(0.8611111111111112, 1.0)",2,98.93055555555556,42222
"(0.7916666666666666, 1.0)",2,98.93055555555556,42224
"(0.9444444444444444, 1.0)",2,98.93055555555556,42226
"(0.8333333333333334, 1.0)",12,98.93055555555556,42238
"(0.9166666666666666, 1.0)",2,98.93055555555556,42240
"(0.9583333333333334, 1.0)",1,98.93055555555556,42241
"(0.8194444444444444, 1.0)",1,98.93055555555556,42242
"(0.8055555555555556, 1.0)",3,98.93055555555556,42245
"(0.9305555555555556, 1.0)",3,98.93055555555556,42248
"(0.7361111111111112, 1.0)",1,98.93055555555556,42249
"(0.7083333333333334, 1.0)",3,98.93055555555556,42252
"(0.8472222222222222, 1.0)",1,98.93055555555556,42253
"(0.7777777777777778, 1.0)",2,98.93055555555556,42255
"(0.7222222222222222, 1.0)",1,98.93055555555556,42256
"(0.75, 1.0)",2,98.93055555555556,42258
"(0.9027777777777778, 1.0)",3,98.93055555555556,42261
"(0.8888888888888888, 1.0)",2,98.93055555555556,42263
"(0.7638888888888888, 1.0)",2,98.93055555555556,42265
"(0.7361111111111112, 1.0)",1,98.93055555555554,42266
"(0.625, 1.0)",2,98.93055555555554,42268
"(0.5972222222222222, 1.0)",1,98.93055555555554,42269
"(0.4651162790697674, 1.0)",1,98.93023255813954,42270
"(0.9186046511627908, 1.0)",1,98.93023255813954,42271
"(0.4883720930232558, 1.0)",1,98.93023255813954,42272
"(0.4883720930232558, 1.0)",1,98.93023255813952,42273
"(0.7906976744186046, 1.0)",1,98.93023255813952,42274
"(0.7674418604651163, 1.0)",2,98.93023255813952,42276
"(0.8372093023255814, 1.0)",2,98.93023255813952,42278
"(0.8255813953488372, 1.0)",1,98.93023255813952,42279
"(0.9333333333333332, 0.9958333333333332)",1,98.92916666666676,42280
"(0.9875, 0.9958333333333332)",1,98.92916666666676,42281
"(0.9125, 0.9958333333333332)",1,98.92916666666676,42282
"(0.9916666666666668, 0.9958333333333332)",1,98.92916666666676,42283
"(0.925, 0.9958333333333332)",1,98.92916666666676,42284
"(0.95, 0.9958333333333332)",1,98.92916666666676,42285
"(0.9375, 0.9958333333333332)",1,98.92916666666676,42286
"(0.9458333333333332, 0.9958333333333332)",1,98.92916666666672,42287
"(0.9083333333333332, 0.9958333333333332)",1,98.92916666666672,42288
"(0.9375, 0.9958333333333332)",2,98.92916666666672,42290
"(1.0, 0.9958333333333332)",1,98.92916666666672,42291
"(0.85, 0.9958333333333332)",1,98.92916666666672,42292
"(0.8875, 0.9958333333333332)",1,98.9291666666667,42293
"(0.95, 0.9958333333333332)",1,98.9291666666667,42294
"(0.9375, 0.9958333333333332)",1,98.9291666666667,42295
"(0.8666666666666667, 0.9958333333333332)",1,98.9291666666667,42296
"(0.9833333333333332, 0.9958333333333332)",3,98.9291666666667,42299
"(0.9791666666666666, 0.9958333333333332)",2,98.9291666666667,42301
"(0.8541666666666666, 0.9958333333333332)",1,98.9291666666667,42302
"(0.9166666666666666, 0.9958333333333332)",1,98.9291666666667,42303
"(0.9875, 0.9958333333333332)",2,98.9291666666667,42305
"(0.9625, 0.9958333333333332)",1,98.9291666666667,42306
"(0.975, 0.9958333333333332)",3,98.9291666666667,42309
"(0.9916666666666668, 0.9958333333333332)",1,98.9291666666667,42310
"(0.975, 1.0)",1,98.92916666666667,42311
"(0.9208333333333332, 0.9958333333333332)",1,98.92916666666667,42312
"(0.9916666666666668, 0.9958333333333332)",1,98.92916666666666,42313
"(0.9541666666666668, 0.9958333333333332)",1,98.92916666666665,42314
"(0.9833333333333332, 0.9958333333333332)",1,98.92916666666662,42315
"(0.9375, 0.9916666666666668)",1,98.92916666666645,42316
"(0.9833333333333332, 0.9916666666666668)",1,98.92916666666645,42317
"(0.9583333333333334, 0.9958333333333332)",1,98.92500000000013,42318
"(0.9833333333333332, 0.9958333333333332)",1,98.92500000000013,42319
"(0.975, 0.9958333333333332)",1,98.92500000000013,42320
"(0.9708333333333332, 0.9958333333333332)",1,98.9250000000001,42321
"(0.9291666666666668, 0.9958333333333332)",1,98.9250000000001,42322
"(0.9833333333333332, 0.9958333333333332)",1,98.9250000000001,42323
"(0.9416666666666668, 0.9958333333333332)",1,98.92500000000008,42324
"(0.9791666666666666, 0.9958333333333332)",1,98.92500000000008,42325
"(0.9625, 0.9958333333333332)",1,98.92500000000008,42326
"(0.8625, 0.9958333333333332)",1,98.92500000000008,42327
"(0.8916666666666667, 0.9958333333333332)",1,98.92500000000008,42328
"(0.9208333333333332, 0.9958333333333332)",1,98.92500000000008,42329
"(0.9125, 0.9958333333333332)",1,98.92500000000008,42330
"(0.9625, 0.9958333333333332)",1,98.92500000000004,42331
"(0.9125, 0.9958333333333332)",1,98.92500000000004,42332
"(0.9375, 0.9958333333333332)",1,98.92500000000004,42333
"(0.975, 0.9958333333333332)",1,98.92500000000004,42334
"(0.9541666666666668, 0.9958333333333332)",1,98.92500000000004,42335
"(0.9166666666666666, 0.9958333333333332)",1,98.92500000000004,42336
"(0.9708333333333332, 0.9958333333333332)",1,98.92500000000004,42337
"(0.9833333333333332, 0.9958333333333332)",2,98.92500000000004,42339
"(0.8666666666666667, 0.9958333333333332)",1,98.92500000000004,42340
"(0.9791666666666666, 0.9958333333333332)",2,98.92500000000004,42342
"(0.9583333333333334, 0.9958333333333332)",1,98.92500000000004,42343
"(0.9875, 0.9958333333333332)",2,98.92500000000004,42345
"(0.9375, 0.9958333333333332)",1,98.92500000000004,42346
"(0.9875, 0.9958333333333332)",1,98.92500000000004,42347
"(0.95, 0.9958333333333332)",1,98.92500000000004,42348
"(0.9916666666666668, 0.9958333333333332)",1,98.92500000000004,42349
"(0.975, 0.9958333333333332)",1,98.925,42350
"(0.9625, 0.9958333333333332)",1,98.92499999999995,42351
"(0.9791666666666666, 0.9958333333333332)",1,98.92499999999994,42352
"(0.9625, 0.9958333333333332)",2,98.92499999999994,42354
"(0.8205128205128205, 1.0)",2,98.92307692307692,42356
"(0.8717948717948718, 1.0)",1,98.92307692307692,42357
"(0.9875, 0.9958333333333332)",2,98.92083333333342,42359
"(0.95, 0.9958333333333332)",2,98.92083333333342,42361
"(0.9791666666666666, 0.9958333333333332)",1,98.92083333333342,42362
"(0.9625, 0.9958333333333332)",1,98.9208333333334,42363
"(0.9166666666666666, 0.9958333333333332)",1,98.9208333333334,42364
"(1.0, 0.9958333333333332)",1,98.9208333333334,42365
"(0.9416666666666668, 0.9958333333333332)",1,98.9208333333334,42366
"(0.8666666666666667, 0.9958333333333332)",1,98.9208333333334,42367
"(0.9125, 0.9958333333333332)",1,98.92083333333338,42368
"(0.9875, 0.9958333333333332)",1,98.92083333333338,42369
"(0.9541666666666668, 0.9958333333333332)",1,98.92083333333338,42370
"(0.8541666666666666, 0.9958333333333332)",1,98.92083333333338,42371
"(0.8625, 0.9958333333333332)",2,98.92083333333338,42373
"(0.9833333333333332, 0.9958333333333332)",1,98.92083333333336,42374
"(0.9375, 0.9958333333333332)",2,98.92083333333336,42376
"(0.975, 0.9958333333333332)",2,98.92083333333336,42378
"(0.8791666666666667, 0.9958333333333332)",1,98.92083333333336,42379
"(0.9875, 0.9958333333333332)",1,98.92083333333336,42380
"(0.9958333333333332, 0.9958333333333332)",1,98.92083333333336,42381
"(0.9708333333333332, 0.9958333333333332)",2,98.92083333333336,42383
"(0.9583333333333334, 0.9958333333333332)",1,98.92083333333336,42384
"(0.9041666666666668, 0.9958333333333332)",1,98.92083333333336,42385
"(0.9708333333333332, 0.9958333333333332)",2,98.92083333333332,42387
"(0.9625, 0.9958333333333332)",1,98.92083333333332,42388
"(0.9458333333333332, 0.9958333333333332)",1,98.92083333333328,42389
"(0.975, 0.9958333333333332)",2,98.92083333333323,42391
"(0.9833333333333332, 0.9916666666666668)",1,98.92083333333322,42392
"(0.9291666666666668, 0.9916666666666668)",1,98.92083333333312,42393
"(0.925, 0.9916666666666668)",1,98.92083333333312,42394
"(0.9291666666666668, 0.9916666666666668)",1,98.9208333333331,42395
"(0.9833333333333332, 0.9958333333333332)",1,98.9208333333331,42396
"(0.925, 0.9916666666666668)",1,98.92083333333308,42397
"(0.8791666666666667, 0.9916666666666668)",1,98.92083333333306,42398
"(0.6375, 0.9992424242424244)",1,98.9189393939394,42399
"(0.8372093023255814, 1.0)",1,98.9186046511628,42400
"(0.3372093023255814, 1.0)",1,98.9186046511628,42401
"(0.4651162790697674, 1.0)",1,98.9186046511628,42402
"(0.6162790697674418, 1.0)",1,98.9186046511628,42403
"(0.627906976744186, 1.0)",1,98.91860465116278,42404
"(0.4651162790697674, 1.0)",2,98.91860465116278,42406
"(0.3372093023255814, 1.0)",1,98.91860465116278,42407
"(0.4883720930232558, 1.0)",1,98.91860465116278,42408
"(0.8255813953488372, 1.0)",1,98.91860465116278,42409
"(0.9333333333333332, 0.9958333333333332)",1,98.91666666666676,42410
"(0.975, 0.9958333333333332)",2,98.91666666666674,42412
"(0.9625, 0.9958333333333332)",1,98.91666666666674,42413
"(0.8333333333333334, 1.0)",1,98.91666666666674,42414
"(0.9208333333333332, 0.9958333333333332)",1,98.91666666666674,42415
"(0.9708333333333332, 0.9958333333333332)",1,98.91666666666671,42416
"(1.0, 0.9833333333333332)",1,98.91666666666671,42417
"(0.8916666666666667, 0.9958333333333332)",1,98.91666666666671,42418
"(0.95, 0.9958333333333332)",1,98.91666666666671,42419
"(0.9666666666666668, 0.9958333333333332)",1,98.91666666666671,42420
"(0.8666666666666667, 0.9833333333333332)",1,98.9166666666667,42421
"(0.975, 0.9958333333333332)",1,98.9166666666667,42422
"(0.9333333333333332, 1.0)",1,98.9166666666667,42423
"(0.8958333333333334, 0.9958333333333332)",1,98.9166666666667,42424
"(0.9875, 0.9958333333333332)",1,98.9166666666667,42425
"(0.9208333333333332, 0.9958333333333332)",1,98.9166666666667,42426
"(0.95, 0.9958333333333332)",1,98.9166666666667,42427
"(0.9666666666666668, 0.9958333333333332)",1,98.9166666666667,42428
"(0.9833333333333332, 0.9958333333333332)",4,98.9166666666667,42432
"(0.8833333333333333, 1.0)",2,98.9166666666667,42434
"(0.9916666666666668, 0.9958333333333332)",1,98.9166666666667,42435
"(0.9, 0.9958333333333332)",1,98.9166666666667,42436
"(0.9791666666666666, 0.9958333333333332)",2,98.9166666666667,42438
"(0.9708333333333332, 0.9958333333333332)",1,98.9166666666667,42439
"(0.925, 0.9958333333333332)",1,98.9166666666667,42440
"(0.9, 0.9666666666666668)",1,98.9166666666667,42441
"(0.9333333333333332, 0.9833333333333332)",1,98.9166666666667,42442
"(0.9125, 0.9958333333333332)",1,98.9166666666667,42443
"(0.9625, 0.9916666666666668)",1,98.9166666666667,42444
"(0.9625, 0.9958333333333332)",1,98.9166666666667,42445
"(0.8666666666666667, 1.0)",3,98.91666666666669,42448
"(0.9666666666666668, 1.0)",4,98.91666666666669,42452
"(0.7666666666666667, 1.0)",1,98.91666666666669,42453
"(0.9333333333333332, 1.0)",2,98.91666666666669,42455
"(0.7222222222222222, 1.0)",1,98.91666666666669,42456
"(0.8472222222222222, 1.0)",2,98.91666666666669,42458
"(0.9, 1.0)",2,98.91666666666669,42460
"(0.7166666666666667, 1.0)",1,98.91666666666669,42461
"(0.7777777777777778, 1.0)",1,98.91666666666669,42462
"(0.7083333333333334, 1.0)",2,98.91666666666669,42464
"(0.9444444444444444, 1.0)",1,98.91666666666669,42465
"(1.0, 1.0)",4,98.91666666666669,42469
"(0.8833333333333333, 1.0)",2,98.91666666666669,42471
"(0.8194444444444444, 1.0)",2,98.91666666666669,42473
"(0.6666666666666666, 1.0)",1,98.91666666666669,42474
"(0.75, 1.0)",2,98.91666666666669,42476
"(0.9027777777777778, 1.0)",2,98.91666666666669,42478
"(0.8333333333333334, 1.0)",2,98.91666666666669,42480
"(0.9027777777777778, 1.0)",1,98.91666666666669,42481
"(0.9833333333333332, 1.0)",3,98.91666666666669,42484
"(0.9166666666666666, 1.0)",2,98.91666666666669,42486
"(0.9833333333333332, 0.9958333333333332)",1,98.91666666666669,42487
"(0.75, 1.0)",1,98.91666666666669,42488
"(0.85, 1.0)",1,98.91666666666669,42489
"(0.9166666666666666, 1.0)",1,98.91666666666669,42490
"(0.9, 1.0)",3,98.91666666666669,42493
"(0.7833333333333333, 1.0)",2,98.91666666666669,42495
"(0.9333333333333332, 1.0)",3,98.91666666666669,42498
"(0.95, 1.0)",3,98.91666666666669,42501
"(0.7638888888888888, 1.0)",1,98.91666666666669,42502
"(0.7666666666666667, 1.0)",3,98.91666666666669,42505
"(0.95, 1.0)",1,98.91666666666669,42506
"(0.8, 1.0)",2,98.91666666666669,42508
"(0.8833333333333333, 1.0)",2,98.91666666666669,42510
"(0.8666666666666667, 1.0)",3,98.91666666666669,42513
"(0.8833333333333333, 1.0)",6,98.91666666666666,42519
"(1.0, 1.0)",6,98.91666666666666,42525
"(0.8333333333333334, 1.0)",5,98.91666666666666,42530
"(0.9666666666666668, 1.0)",1,98.91666666666666,42531
"(0.8055555555555556, 1.0)",1,98.91666666666666,42532
"(0.7083333333333334, 1.0)",3,98.91666666666666,42535
"(0.9833333333333332, 1.0)",1,98.91666666666666,42536
"(0.6833333333333333, 1.0)",1,98.91666666666666,42537
"(0.95, 1.0)",1,98.91666666666666,42538
"(0.6666666666666666, 1.0)",1,98.91666666666666,42539
"(0.9027777777777778, 1.0)",2,98.91666666666666,42541
"(0.7777777777777778, 1.0)",1,98.91666666666666,42542
"(0.9166666666666666, 1.0)",10,98.91666666666666,42552
"(0.9333333333333332, 1.0)",3,98.91666666666666,42555
"(0.85, 1.0)",3,98.91666666666666,42558
"(0.75, 1.0)",5,98.91666666666666,42563
"(0.9444444444444444, 1.0)",5,98.91666666666666,42568
"(0.8666666666666667, 1.0)",3,98.91666666666666,42571
"(0.9583333333333334, 1.0)",2,98.91666666666666,42573
"(0.8166666666666667, 1.0)",1,98.91666666666666,42574
"(0.7361111111111112, 1.0)",1,98.91666666666666,42575
"(0.9, 1.0)",4,98.91666666666666,42579
"(0.9305555555555556, 1.0)",1,98.91666666666666,42580
"(0.7, 1.0)",1,98.91666666666666,42581
"(0.8611111111111112, 1.0)",1,98.91666666666666,42582
"(0.8, 1.0)",2,98.91666666666666,42584
"(0.7666666666666667, 1.0)",1,98.91666666666666,42585
"(0.9625, 0.9958333333333332)",1,98.9166666666666,42586
"(0.9791666666666666, 0.9875)",1,98.9166666666666,42587
"(0.925, 0.9916666666666668)",1,98.91666666666646,42588
"(0.7178030303030303, 0.999621212121212)",1,98.91439393939396,42589
"(0.9875, 0.9958333333333332)",1,98.91250000000012,42590
"(0.9625, 0.9958333333333332)",2,98.9125000000001,42592
"(0.9666666666666668, 0.9958333333333332)",1,98.9125000000001,42593
"(0.9333333333333332, 0.9958333333333332)",2,98.9125000000001,42595
"(0.9125, 0.9958333333333332)",1,98.9125000000001,42596
"(0.9291666666666668, 0.9958333333333332)",1,98.91250000000008,42597
"(0.9, 0.9958333333333332)",1,98.91250000000008,42598
"(0.975, 0.9958333333333332)",2,98.91250000000004,42600
"(0.875, 0.9958333333333332)",1,98.91250000000004,42601
"(0.9333333333333332, 0.9958333333333332)",1,98.91250000000004,42602
"(1.0, 0.9958333333333332)",1,98.91250000000004,42603
"(0.9708333333333332, 0.9958333333333332)",1,98.91250000000004,42604
"(0.9208333333333332, 0.9958333333333332)",2,98.91250000000004,42606
"(0.9625, 0.9958333333333332)",1,98.91250000000004,42607
"(0.9083333333333332, 0.9958333333333332)",1,98.91250000000002,42608
"(0.9875, 0.9958333333333332)",1,98.9125,42609
"(0.925, 0.9916666666666668)",1,98.9124999999998,42610
"(0.9833333333333332, 0.9916666666666668)",1,98.9124999999998,42611
"(0.8958333333333334, 0.9916666666666668)",1,98.9124999999998,42612
"(0.9208333333333332, 0.9916666666666668)",1,98.9124999999998,42613
"(0.9041666666666668, 0.9916666666666668)",1,98.91249999999978,42614
"(0.9078947368421052, 0.9912280701754386)",3,98.91228070175436,42617
"(0.5333333333333333, 0.999621212121212)",3,98.91098484848486,42620
"(0.7307692307692307, 1.0)",1,98.9102564102564,42621
"(0.8461538461538461, 1.0)",1,98.9102564102564,42622
"(0.6794871794871795, 1.0)",1,98.9102564102564,42623
"(0.975, 0.9958333333333332)",2,98.90833333333346,42625
"(0.925, 0.9958333333333332)",1,98.90833333333345,42626
"(0.95, 0.9958333333333332)",1,98.90833333333342,42627
"(0.9666666666666668, 0.9958333333333332)",1,98.9083333333334,42628
"(0.9208333333333332, 0.9958333333333332)",2,98.9083333333334,42630
"(0.9083333333333332, 0.9958333333333332)",1,98.9083333333334,42631
"(0.9625, 0.9958333333333332)",1,98.9083333333334,42632
"(0.9833333333333332, 0.9958333333333332)",2,98.9083333333334,42634
"(0.8791666666666667, 0.9958333333333332)",1,98.9083333333334,42635
"(0.9291666666666668, 0.9958333333333332)",1,98.90833333333336,42636
"(0.9791666666666666, 0.9958333333333332)",2,98.90833333333336,42638
"(0.9291666666666668, 0.9958333333333332)",3,98.90833333333336,42641
"(0.9708333333333332, 0.9958333333333332)",1,98.90833333333336,42642
"(0.85, 0.9958333333333332)",1,98.90833333333336,42643
"(0.9708333333333332, 0.9958333333333332)",1,98.90833333333336,42644
"(0.9041666666666668, 0.9958333333333332)",1,98.90833333333336,42645
"(0.9875, 0.9958333333333332)",1,98.90833333333336,42646
"(0.9083333333333332, 0.9958333333333332)",1,98.90833333333336,42647
"(0.9375, 0.9958333333333332)",1,98.90833333333336,42648
"(0.825, 0.9958333333333332)",1,98.90833333333336,42649
"(0.95, 0.9958333333333332)",1,98.90833333333336,42650
"(0.9875, 0.9958333333333332)",1,98.90833333333336,42651
"(0.8541666666666666, 0.9958333333333332)",1,98.90833333333336,42652
"(1.0, 1.0)",1,98.90833333333327,42653
"(0.9791666666666666, 0.9958333333333332)",2,98.90833333333325,42655
"(0.9, 0.9958333333333332)",1,98.90833333333322,42656
"(0.9375, 0.9916666666666668)",1,98.90833333333312,42657
"(0.95, 0.9916666666666668)",1,98.90833333333312,42658
"(0.9041666666666668, 0.9916666666666668)",1,98.90833333333312,42659
"(0.9125, 0.9916666666666668)",1,98.90833333333308,42660
"(0.6162790697674418, 1.0)",1,98.90697674418604,42661
"(0.627906976744186, 1.0)",2,98.90697674418604,42663
"(0.4651162790697674, 1.0)",2,98.90697674418604,42665
"(0.8255813953488372, 1.0)",2,98.90697674418604,42667
"(0.872093023255814, 1.0)",1,98.90697674418604,42668
"(0.2906976744186046, 1.0)",1,98.90697674418604,42669
"(0.8837209302325582, 1.0)",1,98.90697674418604,42670
"(0.8837209302325582, 1.0)",1,98.90697674418604,42671
"(0.5697674418604651, 1.0)",1,98.90697674418604,42672
"(0.9875, 0.9958333333333332)",1,98.90416666666678,42673
"(0.9333333333333332, 0.9958333333333332)",1,98.90416666666675,42674
"(0.9375, 0.9958333333333332)",1,98.90416666666675,42675
"(0.95, 0.9958333333333332)",2,98.90416666666675,42677
"(0.925, 0.9958333333333332)",1,98.90416666666675,42678
"(0.9875, 0.9958333333333332)",1,98.90416666666674,42679
"(0.9791666666666666, 0.9958333333333332)",1,98.90416666666674,42680
"(0.975, 0.9958333333333332)",1,98.90416666666674,42681
"(0.9791666666666666, 0.9958333333333332)",1,98.90416666666673,42682
"(0.85, 0.9958333333333332)",1,98.90416666666673,42683
"(0.925, 0.9958333333333332)",2,98.90416666666673,42685
"(0.9666666666666668, 0.9958333333333332)",1,98.90416666666673,42686
"(0.9333333333333332, 0.9958333333333332)",1,98.90416666666673,42687
"(0.8916666666666667, 0.9958333333333332)",1,98.90416666666673,42688
"(0.95, 0.9958333333333332)",1,98.90416666666673,42689
"(0.9708333333333332, 0.9958333333333332)",1,98.9041666666667,42690
"(0.9625, 0.9958333333333332)",1,98.9041666666667,42691
"(0.9791666666666666, 0.9958333333333332)",1,98.9041666666667,42692
"(0.8625, 0.9958333333333332)",1,98.9041666666667,42693
"(0.975, 0.9958333333333332)",1,98.9041666666667,42694
"(0.9125, 0.9958333333333332)",2,98.9041666666667,42696
"(0.8916666666666667, 0.9958333333333332)",1,98.9041666666667,42697
"(0.9, 0.9958333333333332)",2,98.9041666666667,42699
"(0.9875, 0.9958333333333332)",2,98.9041666666667,42701
"(0.9208333333333332, 0.9958333333333332)",1,98.9041666666667,42702
"(0.9916666666666668, 0.9958333333333332)",1,98.9041666666667,42703
"(0.9875, 0.9958333333333332)",1,98.90416666666655,42704
"(0.9041666666666668, 0.9916666666666668)",1,98.90416666666646,42705
"(0.9375, 0.9916666666666668)",1,98.90416666666646,42706
"(0.9333333333333332, 0.9916666666666668)",1,98.90416666666638,42707
"(0.5034090909090909, 1.0)",1,98.90303030303032,42708
"(0.9166666666666666, 1.0)",1,98.9027777777778,42709
"(0.9305555555555556, 1.0)",2,98.9027777777778,42711
"(0.8888888888888888, 1.0)",3,98.90277777777776,42714
"(0.9166666666666666, 1.0)",1,98.90277777777776,42715
"(0.7777777777777778, 1.0)",2,98.90277777777776,42717
"(0.7361111111111112, 1.0)",3,98.90277777777776,42720
"(0.8333333333333334, 1.0)",1,98.90277777777776,42721
"(0.7222222222222222, 1.0)",2,98.90277777777776,42723
"(0.9444444444444444, 1.0)",2,98.90277777777776,42725
"(0.9027777777777778, 1.0)",6,98.90277777777776,42731
"(0.9583333333333334, 1.0)",4,98.90277777777776,42735
"(0.7916666666666666, 1.0)",1,98.90277777777776,42736
"(0.625, 1.0)",1,98.90277777777776,42737
"(0.8194444444444444, 1.0)",1,98.90277777777776,42738
"(0.7083333333333334, 1.0)",5,98.90277777777776,42743
"(0.75, 1.0)",3,98.90277777777776,42746
"(0.8472222222222222, 1.0)",2,98.90277777777776,42748
"(0.9305555555555556, 1.0)",2,98.90277777777776,42750
"(0.7638888888888888, 1.0)",3,98.90277777777776,42753
"(0.6944444444444444, 1.0)",1,98.90277777777776,42754
"(0.8611111111111112, 1.0)",2,98.90277777777776,42756
"(0.9375, 0.9958333333333332)",1,98.90000000000008,42757
"(0.9875, 0.9958333333333332)",1,98.90000000000008,42758
"(0.9208333333333332, 0.9958333333333332)",2,98.90000000000008,42760
"(0.9625, 0.9958333333333332)",1,98.90000000000008,42761
"(0.9166666666666666, 0.9958333333333332)",1,98.90000000000008,42762
"(0.9083333333333332, 0.9958333333333332)",1,98.90000000000006,42763
"(0.9, 1.0)",1,98.90000000000003,42764
"(0.9625, 0.9958333333333332)",1,98.90000000000003,42765
"(0.6666666666666666, 1.0)",1,98.90000000000003,42766
"(0.8833333333333333, 1.0)",1,98.90000000000003,42767
"(0.8333333333333334, 1.0)",1,98.90000000000003,42768
"(0.975, 0.9958333333333332)",1,98.90000000000003,42769
"(0.9375, 0.9958333333333332)",1,98.90000000000003,42770
"(0.8375, 0.9958333333333332)",2,98.90000000000003,42772
"(0.9875, 0.9958333333333332)",7,98.90000000000003,42779
"(0.7166666666666667, 0.9833333333333332)",1,98.90000000000003,42780
"(0.9333333333333332, 1.0)",1,98.90000000000003,42781
"(0.7666666666666667, 0.9833333333333332)",1,98.90000000000003,42782
"(0.9666666666666668, 0.9958333333333332)",1,98.90000000000003,42783
"(0.9666666666666668, 0.9958333333333332)",1,98.90000000000003,42784
"(0.8625, 0.9958333333333332)",1,98.90000000000003,42785
"(1.0, 1.0)",1,98.90000000000003,42786
"(0.9916666666666668, 0.9958333333333332)",1,98.90000000000003,42787
"(1.0, 1.0)",1,98.90000000000002,42788
"(0.8666666666666667, 1.0)",1,98.90000000000002,42789
"(0.7166666666666667, 1.0)",4,98.90000000000002,42793
"(0.8166666666666667, 1.0)",2,98.90000000000002,42795
"(0.7666666666666667, 1.0)",1,98.90000000000002,42796
"(0.85, 1.0)",2,98.90000000000002,42798
"(0.75, 1.0)",2,98.90000000000002,42800
"(0.9666666666666668, 1.0)",1,98.90000000000002,42801
"(0.9166666666666666, 1.0)",1,98.90000000000002,42802
"(0.7833333333333333, 1.0)",1,98.9,42803
"(0.8666666666666667, 1.0)",2,98.9,42805
"(0.6666666666666666, 1.0)",1,98.9,42806
"(0.75, 1.0)",1,98.9,42807
"(0.6833333333333333, 1.0)",6,98.9,42813
"(0.8, 1.0)",4,98.9,42817
"(1.0, 1.0)",13,98.9,42830
"(0.7166666666666667, 1.0)",2,98.9,42832
"(0.8333333333333334, 1.0)",3,98.9,42835
"(0.85, 1.0)",4,98.9,42839
"(0.9, 1.0)",2,98.9,42841
"(0.9, 1.0)",1,98.9,42842
"(0.9166666666666666, 1.0)",3,98.9,42845
"(0.9833333333333332, 1.0)",7,98.9,42852
"(0.8333333333333334, 1.0)",1,98.9,42853
"(0.85, 1.0)",1,98.9,42854
"(0.7, 1.0)",1,98.9,42855
"(0.9333333333333332, 1.0)",1,98.9,42856
"(0.8833333333333333, 1.0)",5,98.9,42861
"(0.95, 1.0)",1,98.9,42862
"(0.7666666666666667, 1.0)",4,98.9,42866
"(0.9333333333333332, 1.0)",8,98.9,42874
"(0.8166666666666667, 1.0)",2,98.9,42876
"(0.9666666666666668, 1.0)",1,98.9,42877
"(0.8666666666666667, 1.0)",2,98.9,42879
"(0.9375, 0.9916666666666668)",1,98.89999999999976,42880
"(0.5384615384615384, 1.0)",3,98.8974358974359,42883
"(0.7435897435897436, 1.0)",1,98.8974358974359,42884
"(0.7051282051282052, 1.0)",1,98.8974358974359,42885
"(0.9791666666666666, 0.9958333333333332)",1,98.89583333333344,42886
"(0.975, 0.9958333333333332)",1,98.8958333333334,42887
"(0.9875, 0.9958333333333332)",2,98.8958333333334,42889
"(0.9083333333333332, 0.9958333333333332)",1,98.8958333333334,42890
"(0.9041666666666668, 0.9958333333333332)",1,98.8958333333334,42891
"(0.975, 0.9958333333333332)",1,98.8958333333334,42892
"(0.9916666666666668, 0.9958333333333332)",1,98.8958333333334,42893
"(0.8375, 0.9958333333333332)",1,98.8958333333334,42894
"(0.8625, 0.9958333333333332)",1,98.8958333333334,42895
"(0.9125, 0.9958333333333332)",1,98.8958333333334,42896
"(0.8666666666666667, 0.9958333333333332)",1,98.8958333333334,42897
"(0.9791666666666666, 0.9958333333333332)",1,98.8958333333334,42898
"(0.9333333333333332, 0.9958333333333332)",1,98.89583333333336,42899
"(0.9291666666666668, 0.9958333333333332)",4,98.89583333333336,42903
"(0.9708333333333332, 0.9958333333333332)",1,98.89583333333336,42904
"(0.9875, 0.9958333333333332)",1,98.89583333333336,42905
"(0.9916666666666668, 0.9958333333333332)",2,98.89583333333336,42907
"(0.925, 0.9958333333333332)",1,98.89583333333336,42908
"(0.9666666666666668, 0.9958333333333332)",1,98.89583333333336,42909
"(0.9791666666666666, 0.9958333333333332)",3,98.89583333333336,42912
"(0.95, 0.9958333333333332)",1,98.89583333333336,42913
"(0.8625, 0.9958333333333332)",1,98.89583333333336,42914
"(0.9833333333333332, 0.9958333333333332)",1,98.89583333333336,42915
"(0.9458333333333332, 0.9958333333333332)",1,98.89583333333336,42916
"(0.9166666666666666, 0.9958333333333332)",1,98.89583333333336,42917
"(0.975, 0.9958333333333332)",2,98.89583333333336,42919
"(0.8541666666666666, 0.9958333333333332)",1,98.89583333333336,42920
"(0.9416666666666668, 0.9958333333333332)",1,98.89583333333336,42921
"(0.9208333333333332, 0.9916666666666668)",1,98.89583333333331,42922
"(0.9791666666666666, 0.9958333333333332)",1,98.8958333333333,42923
"(0.9875, 0.9958333333333332)",2,98.89583333333329,42925
"(0.9083333333333332, 0.9916666666666668)",1,98.89583333333312,42926
"(0.9375, 0.9916666666666668)",1,98.89583333333312,42927
"(0.925, 0.9916666666666668)",1,98.89583333333312,42928
"(0.4883720930232558, 1.0)",2,98.8953488372093,42930
"(0.8488372093023255, 1.0)",1,98.8953488372093,42931
"(0.9186046511627908, 1.0)",1,98.8953488372093,42932
"(0.4651162790697674, 1.0)",1,98.8953488372093,42933
"(0.8837209302325582, 1.0)",1,98.8953488372093,42934
"(0.7906976744186046, 1.0)",1,98.8953488372093,42935
"(0.813953488372093, 1.0)",1,98.8953488372093,42936
"(0.9429824561403508, 0.9912280701754386)",1,98.89473684210525,42937
"(0.975, 0.9958333333333332)",1,98.89166666666677,42938
"(0.9791666666666666, 0.9958333333333332)",1,98.89166666666677,42939
"(0.9916666666666668, 0.9958333333333332)",1,98.89166666666677,42940
"(0.9791666666666666, 0.9958333333333332)",2,98.89166666666674,42942
"(0.8958333333333334, 0.9958333333333332)",1,98.89166666666674,42943
"(0.9291666666666668, 0.9958333333333332)",1,98.89166666666672,42944
"(0.9791666666666666, 0.9958333333333332)",1,98.89166666666672,42945
"(0.9375, 0.9958333333333332)",2,98.89166666666672,42947
"(0.9541666666666668, 0.9958333333333332)",1,98.89166666666672,42948
"(0.9291666666666668, 0.9958333333333332)",1,98.89166666666672,42949
"(0.9208333333333332, 0.9958333333333332)",2,98.89166666666672,42951
"(0.9875, 0.9958333333333332)",1,98.89166666666672,42952
"(0.9875, 0.9958333333333332)",1,98.89166666666672,42953
"(0.975, 0.9958333333333332)",3,98.89166666666672,42956
"(0.9333333333333332, 0.9958333333333332)",1,98.89166666666672,42957
"(0.9083333333333332, 0.9958333333333332)",1,98.8916666666667,42958
"(0.9916666666666668, 0.9958333333333332)",1,98.8916666666667,42959
"(0.975, 0.9958333333333332)",1,98.8916666666667,42960
"(0.9791666666666666, 0.9958333333333332)",2,98.8916666666667,42962
"(0.9875, 0.9958333333333332)",1,98.8916666666667,42963
"(0.9458333333333332, 0.9958333333333332)",1,98.89166666666662,42964
"(0.9833333333333332, 0.9958333333333332)",1,98.89166666666658,42965
"(0.9625, 0.9958333333333332)",1,98.89166666666658,42966
"(0.95, 0.9958333333333332)",1,98.89166666666658,42967
"(0.9125, 0.9916666666666668)",1,98.89166666666644,42968
"(0.925, 0.9916666666666668)",1,98.89166666666644,42969
"(0.9375, 0.9916666666666668)",1,98.89166666666644,42970
"(0.75, 1.0)",1,98.8888888888889,42971
"(0.9027777777777778, 1.0)",6,98.88888888888889,42977
"(0.7361111111111112, 1.0)",2,98.88888888888889,42979
"(0.8611111111111112, 1.0)",6,98.88888888888889,42985
"(0.7638888888888888, 1.0)",4,98.88888888888889,42989
"(0.6805555555555556, 1.0)",2,98.88888888888889,42991
"(0.75, 1.0)",6,98.88888888888889,42997
"(0.9444444444444444, 1.0)",1,98.88888888888889,42998
"(0.7222222222222222, 1.0)",1,98.88888888888889,42999
"(0.8055555555555556, 1.0)",1,98.88888888888889,43000
"(0.8194444444444444, 1.0)",4,98.88888888888889,43004
"(0.8472222222222222, 1.0)",1,98.88888888888889,43005
"(0.8333333333333334, 1.0)",3,98.88888888888889,43008
"(0.9305555555555556, 1.0)",2,98.88888888888889,43010
"(0.9166666666666666, 1.0)",2,98.88888888888889,43012
"(0.9583333333333334, 1.0)",5,98.88888888888889,43017
"(0.6111111111111112, 1.0)",1,98.88888888888889,43018
"(0.7083333333333334, 1.0)",2,98.88888888888889,43020
"(0.9875, 0.9958333333333332)",1,98.8875000000001,43021
"(0.9208333333333332, 0.9958333333333332)",2,98.88750000000007,43023
"(0.9166666666666666, 0.9958333333333332)",1,98.88750000000007,43024
"(0.8916666666666667, 0.9958333333333332)",1,98.88750000000007,43025
"(0.9041666666666668, 0.9958333333333332)",1,98.88750000000007,43026
"(0.8958333333333334, 0.9958333333333332)",2,98.88750000000007,43028
"(0.9666666666666668, 0.9958333333333332)",1,98.88750000000005,43029
"(0.9833333333333332, 0.9958333333333332)",2,98.88750000000005,43031
"(0.9916666666666668, 0.9958333333333332)",1,98.88750000000005,43032
"(0.975, 0.9958333333333332)",1,98.88750000000005,43033
"(0.9875, 0.9958333333333332)",2,98.88750000000005,43035
"(0.9375, 0.9958333333333332)",2,98.88750000000005,43037
"(0.9208333333333332, 0.9958333333333332)",1,98.88750000000005,43038
"(0.825, 0.9958333333333332)",1,98.88750000000005,43039
"(0.9916666666666668, 0.9958333333333332)",3,98.88750000000005,43042
"(0.9583333333333334, 0.9958333333333332)",1,98.88750000000005,43043
"(0.9875, 0.9958333333333332)",1,98.88750000000005,43044
"(0.9125, 0.9958333333333332)",1,98.88750000000005,43045
"(0.8791666666666667, 0.9958333333333332)",1,98.88750000000005,43046
"(0.95, 0.9958333333333332)",2,98.88750000000005,43048
"(0.9791666666666666, 1.0)",1,98.8875,43049
"(0.9875, 0.9958333333333332)",1,98.88749999999992,43050
"(0.975, 0.9958333333333332)",1,98.88749999999992,43051
"(0.975, 0.9958333333333332)",1,98.8874999999999,43052
"(0.9208333333333332, 0.9875)",1,98.88749999999982,43053
"(0.95, 0.9916666666666668)",1,98.8874999999998,43054
"(0.9083333333333332, 0.9916666666666668)",2,98.88749999999978,43056
"(0.95, 0.9916666666666668)",1,98.88749999999978,43057
"(0.8916666666666667, 0.9916666666666668)",1,98.88749999999978,43058
"(0.6794871794871795, 1.0)",1,98.8846153846154,43059
"(0.3372093023255814, 1.0)",2,98.88372093023256,43061
"(0.5930232558139535, 1.0)",1,98.88372093023256,43062
"(0.7674418604651163, 1.0)",2,98.88372093023256,43064
"(0.9666666666666668, 0.9958333333333332)",1,98.88333333333344,43065
"(0.9041666666666668, 0.9958333333333332)",1,98.8833333333334,43066
"(0.9375, 0.9958333333333332)",1,98.8833333333334,43067
"(0.9375, 0.9958333333333332)",1,98.8833333333334,43068
"(0.8916666666666667, 0.9958333333333332)",1,98.8833333333334,43069
"(0.825, 0.9958333333333332)",1,98.88333333333338,43070
"(0.9166666666666666, 0.9958333333333332)",1,98.88333333333338,43071
"(0.95, 0.9958333333333332)",1,98.88333333333338,43072
"(0.95, 1.0)",1,98.88333333333338,43073
"(0.9458333333333332, 0.9958333333333332)",1,98.88333333333338,43074
"(0.85, 1.0)",1,98.88333333333335,43075
"(0.75, 1.0)",1,98.88333333333335,43076
"(0.9791666666666666, 0.9958333333333332)",2,98.88333333333335,43078
"(0.925, 0.9958333333333332)",1,98.88333333333335,43079
"(0.8541666666666666, 0.9958333333333332)",1,98.88333333333335,43080
"(0.7666666666666667, 1.0)",1,98.88333333333335,43081
"(1.0, 0.9666666666666668)",2,98.88333333333335,43083
"(0.9833333333333332, 0.9958333333333332)",2,98.88333333333335,43085
"(0.9875, 0.9958333333333332)",1,98.88333333333335,43086
"(0.8, 1.0)",2,98.88333333333335,43088
"(0.8333333333333334, 1.0)",3,98.88333333333335,43091
"(0.7666666666666667, 0.9666666666666668)",1,98.88333333333335,43092
"(1.0, 1.0)",1,98.88333333333335,43093
"(0.975, 0.9958333333333332)",1,98.88333333333335,43094
"(0.9166666666666666, 0.9833333333333332)",3,98.88333333333335,43097
"(0.75, 0.9833333333333332)",1,98.88333333333335,43098
"(0.9, 0.9833333333333332)",1,98.88333333333335,43099
"(0.85, 0.9958333333333332)",1,98.88333333333335,43100
"(0.9666666666666668, 1.0)",1,98.88333333333335,43101
"(0.8166666666666667, 1.0)",1,98.88333333333335,43102
"(0.9916666666666668, 0.9958333333333332)",2,98.88333333333335,43104
"(0.8833333333333333, 0.9833333333333332)",1,98.88333333333335,43105
"(0.85, 1.0)",2,98.88333333333334,43107
"(0.9166666666666666, 1.0)",1,98.88333333333334,43108
"(0.9333333333333332, 1.0)",1,98.88333333333334,43109
"(0.8333333333333334, 1.0)",1,98.88333333333334,43110
"(0.8666666666666667, 1.0)",2,98.88333333333334,43112
"(0.95, 1.0)",2,98.88333333333334,43114
"(0.6666666666666666, 1.0)",1,98.88333333333334,43115
"(0.9541666666666668, 0.9958333333333332)",2,98.88333333333333,43117
"(1.0, 1.0)",10,98.88333333333333,43127
"(0.8666666666666667, 1.0)",5,98.88333333333333,43132
"(0.75, 1.0)",3,98.88333333333333,43135
"(0.6833333333333333, 1.0)",1,98.88333333333333,43136
"(0.9833333333333332, 0.9958333333333332)",1,98.88333333333333,43137
"(0.9333333333333332, 1.0)",7,98.88333333333333,43144
"(0.7333333333333333, 1.0)",2,98.88333333333333,43146
"(0.95, 1.0)",1,98.88333333333333,43147
"(0.85, 1.0)",4,98.88333333333333,43151
"(0.7833333333333333, 1.0)",1,98.88333333333333,43152
"(0.8166666666666667, 1.0)",3,98.88333333333333,43155
"(0.9666666666666668, 1.0)",7,98.88333333333333,43162
"(0.7666666666666667, 1.0)",2,98.88333333333333,43164
"(0.9833333333333332, 1.0)",5,98.88333333333333,43169
"(0.9166666666666666, 1.0)",2,98.88333333333333,43171
"(0.8333333333333334, 1.0)",3,98.88333333333333,43174
"(0.8833333333333333, 1.0)",11,98.88333333333333,43185
"(0.9625, 0.9958333333333332)",2,98.88333333333328,43187
"(0.9, 0.9916666666666668)",1,98.88333333333313,43188
"(0.8625, 0.9916666666666668)",1,98.88333333333313,43189
"(0.9166666666666666, 0.9916666666666668)",1,98.88333333333313,43190
"(0.8958333333333334, 0.9916666666666668)",1,98.88333333333313,43191
"(0.9375, 0.9916666666666668)",1,98.88333333333313,43192
"(0.9166666666666666, 0.9916666666666668)",1,98.88333333333308,43193
"(0.9125, 0.9916666666666668)",1,98.88333333333308,43194
"(0.9208333333333332, 0.9916666666666668)",1,98.88333333333308,43195
"(0.925, 0.9916666666666668)",1,98.88333333333306,43196
"(0.9385964912280702, 0.9912280701754386)",1,98.8815789473684,43197
"(0.9429824561403508, 0.9912280701754386)",1,98.8815789473684,43198
"(0.9291666666666668, 0.9958333333333332)",1,98.87916666666678,43199
"(0.975, 0.9958333333333332)",1,98.87916666666676,43200
"(0.9875, 0.9958333333333332)",1,98.87916666666676,43201
"(0.9791666666666666, 0.9958333333333332)",1,98.87916666666676,43202
"(0.9375, 0.9958333333333332)",2,98.87916666666672,43204
"(0.9916666666666668, 0.9958333333333332)",4,98.8791666666667,43208
"(0.9208333333333332, 0.9958333333333332)",1,98.8791666666667,43209
"(0.8791666666666667, 0.9958333333333332)",1,98.8791666666667,43210
"(0.9375, 0.9958333333333332)",1,98.8791666666667,43211
"(0.8375, 0.9958333333333332)",1,98.8791666666667,43212
"(0.975, 0.9958333333333332)",1,98.8791666666667,43213
"(0.825, 0.9958333333333332)",1,98.8791666666667,43214
"(0.9458333333333332, 0.9958333333333332)",2,98.8791666666667,43216
"(0.9708333333333332, 0.9958333333333332)",1,98.8791666666667,43217
"(0.9875, 0.9958333333333332)",1,98.8791666666667,43218
"(0.9083333333333332, 0.9958333333333332)",1,98.8791666666667,43219
"(0.9791666666666666, 0.9958333333333332)",1,98.8791666666667,43220
"(0.9916666666666668, 0.9958333333333332)",1,98.87916666666668,43221
"(0.9708333333333332, 0.9958333333333332)",1,98.87916666666668,43222
"(0.95, 0.9875)",1,98.87916666666666,43223
"(0.975, 1.0)",1,98.87916666666666,43224
"(0.9, 0.9916666666666668)",1,98.87916666666644,43225
"(0.9125, 0.9916666666666668)",1,98.87916666666644,43226
"(0.9041666666666668, 0.9916666666666668)",1,98.87916666666644,43227
"(0.9083333333333332, 0.9916666666666668)",1,98.8791666666664,43228
"(0.8625, 0.9958333333333332)",1,98.87500000000011,43229
"(0.975, 0.9958333333333332)",1,98.87500000000009,43230
"(0.925, 0.9958333333333332)",2,98.87500000000009,43232
"(0.8666666666666667, 0.9958333333333332)",1,98.87500000000009,43233
"(0.9333333333333332, 0.9958333333333332)",2,98.87500000000009,43235
"(0.8625, 0.9958333333333332)",1,98.87500000000006,43236
"(0.9666666666666668, 0.9958333333333332)",1,98.87500000000006,43237
"(0.8958333333333334, 0.9958333333333332)",1,98.87500000000006,43238
"(0.9708333333333332, 0.9958333333333332)",1,98.87500000000006,43239
"(0.9333333333333332, 0.9958333333333332)",1,98.87500000000006,43240
"(0.9833333333333332, 0.9958333333333332)",2,98.87500000000006,43242
"(0.95, 0.9958333333333332)",1,98.87500000000004,43243
"(0.8791666666666667, 0.9958333333333332)",1,98.87500000000004,43244
"(0.9916666666666668, 0.9958333333333332)",1,98.87500000000004,43245
"(0.9875, 0.9958333333333332)",3,98.87500000000004,43248
"(0.975, 0.9958333333333332)",1,98.87500000000004,43249
"(0.9, 0.9958333333333332)",2,98.87500000000004,43251
"(0.8541666666666666, 0.9958333333333332)",1,98.87500000000004,43252
"(0.9666666666666668, 0.9958333333333332)",1,98.87500000000004,43253
"(0.9833333333333332, 0.9958333333333332)",1,98.87500000000004,43254
"(0.8333333333333334, 0.9861111111111112)",1,98.875,43255
"(0.7083333333333334, 1.0)",7,98.875,43262
"(0.9027777777777778, 1.0)",3,98.875,43265
"(0.8888888888888888, 1.0)",2,98.875,43267
"(0.6805555555555556, 1.0)",1,98.875,43268
"(0.5972222222222222, 1.0)",1,98.875,43269
"(0.75, 1.0)",2,98.875,43271
"(0.8333333333333334, 1.0)",4,98.875,43275
"(0.9583333333333334, 1.0)",6,98.875,43281
"(0.9305555555555556, 1.0)",1,98.875,43282
"(0.8611111111111112, 1.0)",4,98.875,43286
"(0.975, 1.0)",1,98.875,43287
"(0.7361111111111112, 1.0)",1,98.875,43288
"(0.9166666666666666, 1.0)",3,98.875,43291
"(0.7916666666666666, 1.0)",2,98.875,43293
"(0.8194444444444444, 1.0)",6,98.875,43299
"(0.9722222222222222, 1.0)",1,98.875,43300
"(0.8194444444444444, 1.0)",1,98.875,43301
"(0.8472222222222222, 1.0)",1,98.875,43302
"(0.625, 1.0)",2,98.875,43304
"(0.9791666666666666, 0.9958333333333332)",1,98.87499999999994,43305
"(0.975, 0.9958333333333332)",1,98.87499999999991,43306
"(0.9583333333333334, 0.9916666666666668)",1,98.8749999999998,43307
"(0.9416666666666668, 0.9916666666666668)",1,98.8749999999998,43308
"(0.8916666666666667, 0.9916666666666668)",1,98.87499999999976,43309
"(0.9375, 0.9916666666666668)",1,98.87499999999976,43310
"(0.7303030303030303, 0.999621212121212)",1,98.87310606060606,43311
"(0.9035087719298246, 0.9912280701754386)",1,98.87280701754383,43312
"(0.9429824561403508, 0.9912280701754386)",4,98.87280701754383,43316
"(0.9078947368421052, 0.9912280701754386)",1,98.87280701754383,43317
"(0.4651162790697674, 1.0)",1,98.8720930232558,43318
"(0.8255813953488372, 1.0)",1,98.8720930232558,43319
"(0.4883720930232558, 1.0)",2,98.8720930232558,43321
"(0.872093023255814, 1.0)",2,98.8720930232558,43323
"(0.3372093023255814, 1.0)",2,98.8720930232558,43325
"(0.8255813953488372, 1.0)",1,98.8720930232558,43326
"(0.8461538461538461, 1.0)",1,98.87179487179488,43327
"(0.9916666666666668, 0.9958333333333332)",1,98.87083333333344,43328
"(0.9, 0.9958333333333332)",1,98.87083333333342,43329
"(0.9833333333333332, 0.9958333333333332)",1,98.8708333333334,43330
"(0.9916666666666668, 0.9958333333333332)",2,98.8708333333334,43332
"(0.9708333333333332, 0.9958333333333332)",2,98.8708333333334,43334
"(0.9833333333333332, 0.9958333333333332)",1,98.8708333333334,43335
"(0.9208333333333332, 0.9958333333333332)",1,98.8708333333334,43336
"(0.9833333333333332, 0.9958333333333332)",1,98.87083333333338,43337
"(0.9333333333333332, 0.9958333333333332)",1,98.87083333333338,43338
"(0.8833333333333333, 0.9958333333333332)",1,98.87083333333338,43339
"(0.9458333333333332, 0.9958333333333332)",1,98.87083333333338,43340
"(0.8666666666666667, 0.9958333333333332)",1,98.87083333333337,43341
"(0.975, 0.9958333333333332)",1,98.87083333333337,43342
"(0.9708333333333332, 0.9958333333333332)",1,98.87083333333337,43343
"(0.9958333333333332, 0.9958333333333332)",1,98.87083333333337,43344
"(0.9833333333333332, 0.9958333333333332)",2,98.87083333333337,43346
"(0.9875, 0.9958333333333332)",1,98.87083333333337,43347
"(0.9875, 0.9958333333333332)",1,98.87083333333337,43348
"(1.0, 0.9958333333333332)",1,98.87083333333337,43349
"(0.95, 0.9958333333333332)",1,98.87083333333337,43350
"(0.9625, 0.9958333333333332)",1,98.87083333333337,43351
"(0.9791666666666666, 1.0)",1,98.87083333333334,43352
"(0.9208333333333332, 0.9916666666666668)",1,98.87083333333312,43353
"(0.8958333333333334, 0.9916666666666668)",1,98.87083333333312,43354
"(0.8916666666666667, 0.9916666666666668)",2,98.87083333333312,43356
"(0.9333333333333332, 0.9916666666666668)",1,98.87083333333312,43357
"(0.9333333333333332, 0.9916666666666668)",1,98.87083333333308,43358
"(0.8541666666666666, 0.9958333333333332)",1,98.86666666666676,43359
"(0.9375, 0.9958333333333332)",1,98.86666666666676,43360
"(1.0, 0.9833333333333332)",1,98.86666666666672,43361
"(0.8541666666666666, 0.9958333333333332)",1,98.86666666666672,43362
"(1.0, 1.0)",1,98.86666666666672,43363
"(0.9791666666666666, 0.9958333333333332)",1,98.86666666666672,43364
"(0.9916666666666668, 0.9958333333333332)",1,98.86666666666672,43365
"(0.8916666666666667, 0.9958333333333332)",1,98.86666666666672,43366
"(0.925, 0.9958333333333332)",1,98.86666666666672,43367
"(0.95, 0.9958333333333332)",1,98.86666666666672,43368
"(0.825, 0.9958333333333332)",1,98.86666666666672,43369
"(0.9791666666666666, 0.9958333333333332)",1,98.86666666666672,43370
"(0.9375, 0.9958333333333332)",1,98.86666666666672,43371
"(0.975, 0.9958333333333332)",1,98.86666666666672,43372
"(0.9791666666666666, 0.9958333333333332)",2,98.8666666666667,43374
"(0.975, 0.9958333333333332)",1,98.8666666666667,43375
"(0.9291666666666668, 0.9958333333333332)",2,98.8666666666667,43377
"(0.8625, 0.9958333333333332)",1,98.8666666666667,43378
"(1.0, 1.0)",1,98.8666666666667,43379
"(0.9875, 0.9958333333333332)",1,98.8666666666667,43380
"(0.8666666666666667, 1.0)",1,98.8666666666667,43381
"(1.0, 0.9958333333333332)",1,98.8666666666667,43382
"(0.95, 1.0)",2,98.8666666666667,43384
"(0.9166666666666666, 1.0)",1,98.8666666666667,43385
"(0.85, 0.9958333333333332)",1,98.8666666666667,43386
"(0.9708333333333332, 0.9958333333333332)",2,98.8666666666667,43388
"(0.9958333333333332, 0.9958333333333332)",1,98.8666666666667,43389
"(0.9833333333333332, 0.9958333333333332)",2,98.8666666666667,43391
"(0.9333333333333332, 0.9833333333333332)",2,98.8666666666667,43393
"(0.9, 1.0)",2,98.86666666666667,43395
"(0.9166666666666666, 1.0)",4,98.86666666666667,43399
"(0.75, 1.0)",3,98.86666666666667,43402
"(0.7, 1.0)",2,98.86666666666667,43404
"(0.8833333333333333, 1.0)",1,98.86666666666667,43405
"(0.7666666666666667, 1.0)",1,98.86666666666667,43406
"(0.8, 1.0)",2,98.86666666666667,43408
"(0.7333333333333333, 1.0)",5,98.86666666666667,43413
"(1.0, 1.0)",4,98.86666666666667,43417
"(0.9666666666666668, 1.0)",12,98.86666666666667,43429
"(0.9833333333333332, 1.0)",7,98.86666666666667,43436
"(0.8333333333333334, 1.0)",5,98.86666666666667,43441
"(0.9166666666666666, 1.0)",3,98.86666666666667,43444
"(0.7833333333333333, 1.0)",4,98.86666666666667,43448
"(0.6833333333333333, 1.0)",1,98.86666666666667,43449
"(0.9333333333333332, 1.0)",5,98.86666666666667,43454
"(0.9, 1.0)",5,98.86666666666667,43459
"(0.8833333333333333, 0.9833333333333332)",1,98.86666666666667,43460
"(0.6, 1.0)",1,98.86666666666667,43461
"(0.8666666666666667, 1.0)",4,98.86666666666667,43465
"(0.8833333333333333, 1.0)",2,98.86666666666667,43467
"(0.85, 1.0)",1,98.86666666666667,43468
"(0.85, 1.0)",4,98.86666666666667,43472
"(0.95, 1.0)",5,98.86666666666667,43477
"(0.8166666666666667, 1.0)",3,98.86666666666667,43480
"(0.9666666666666668, 0.9958333333333332)",1,98.86666666666666,43481
"(1.0, 1.0)",3,98.86666666666666,43484
"(0.9166666666666666, 1.0)",2,98.86666666666666,43486
"(0.8, 1.0)",1,98.86666666666666,43487
"(0.9, 1.0)",1,98.86666666666666,43488
"(0.85, 1.0)",2,98.86666666666666,43490
"(0.9666666666666668, 1.0)",2,98.86666666666666,43492
"(0.75, 1.0)",2,98.86666666666666,43494
"(0.9791666666666666, 0.9916666666666668)",1,98.86666666666665,43495
"(0.9791666666666666, 0.9958333333333332)",1,98.86666666666665,43496
"(0.8625, 0.9916666666666668)",1,98.86666666666645,43497
"(0.9625, 0.9916666666666668)",1,98.86666666666645,43498
"(0.9, 0.9916666666666668)",1,98.86666666666645,43499
"(0.9375, 0.9916666666666668)",1,98.86666666666645,43500
"(0.9166666666666666, 0.9916666666666668)",1,98.86666666666645,43501
"(0.9125, 0.9916666666666668)",1,98.86666666666645,43502
"(0.7200757575757577, 0.9988636363636364)",1,98.86439393939396,43503
"(0.9541666666666668, 0.9958333333333332)",1,98.86250000000008,43504
"(0.85, 0.9958333333333332)",1,98.86250000000008,43505
"(0.975, 0.9958333333333332)",1,98.86250000000008,43506
"(0.9791666666666666, 0.9958333333333332)",2,98.86250000000004,43508
"(0.9166666666666666, 0.9958333333333332)",1,98.86250000000004,43509
"(0.9916666666666668, 0.9958333333333332)",1,98.86250000000004,43510
"(0.9791666666666666, 0.9958333333333332)",2,98.86250000000004,43512
"(0.9375, 0.9958333333333332)",1,98.86250000000004,43513
"(1.0, 0.9958333333333332)",1,98.86250000000004,43514
"(0.9666666666666668, 0.9958333333333332)",1,98.86250000000004,43515
"(0.975, 0.9958333333333332)",2,98.86250000000004,43517
"(0.9833333333333332, 0.9958333333333332)",1,98.86250000000004,43518
"(0.9875, 0.9958333333333332)",2,98.86250000000004,43520
"(0.825, 0.9958333333333332)",1,98.86250000000004,43521
"(0.9958333333333332, 0.9958333333333332)",1,98.86250000000004,43522
"(0.8958333333333334, 0.9958333333333332)",1,98.86250000000004,43523
"(0.8708333333333333, 0.9958333333333332)",1,98.86250000000004,43524
"(0.9875, 0.9958333333333332)",1,98.86249999999995,43525
"(0.975, 0.9958333333333332)",1,98.86249999999988,43526
"(0.9541666666666668, 0.9916666666666668)",1,98.86249999999978,43527
"(0.9916666666666668, 0.9916666666666668)",1,98.86249999999978,43528
"(0.9125, 0.9916666666666668)",2,98.86249999999978,43530
"(0.7916666666666666, 1.0)",1,98.86111111111111,43531
"(0.9166666666666666, 1.0)",3,98.86111111111111,43534
"(0.7361111111111112, 1.0)",4,98.86111111111111,43538
"(0.9583333333333334, 1.0)",1,98.86111111111111,43539
"(0.6111111111111112, 1.0)",3,98.86111111111111,43542
"(0.8611111111111112, 1.0)",2,98.86111111111111,43544
"(0.9305555555555556, 1.0)",2,98.86111111111111,43546
"(0.8194444444444444, 1.0)",3,98.86111111111111,43549
"(0.8888888888888888, 1.0)",2,98.86111111111111,43551
"(0.8611111111111112, 0.9861111111111112)",1,98.86111111111111,43552
"(0.9027777777777778, 1.0)",2,98.86111111111111,43554
"(0.75, 1.0)",5,98.86111111111111,43559
"(0.8472222222222222, 1.0)",4,98.86111111111111,43563
"(0.7638888888888888, 1.0)",2,98.86111111111111,43565
"(0.875, 1.0)",1,98.86111111111111,43566
"(0.8333333333333334, 1.0)",3,98.86111111111111,43569
"(0.7083333333333334, 1.0)",7,98.86111111111111,43576
"(0.625, 1.0)",1,98.86111111111111,43577
"(0.8055555555555556, 1.0)",2,98.86111111111111,43579
"(0.6111111111111112, 1.0)",1,98.8611111111111,43580
"(0.9166666666666666, 1.0)",1,98.8611111111111,43581
"(0.5, 1.0)",1,98.86046511627907,43582
"(0.8255813953488372, 1.0)",1,98.86046511627907,43583
"(0.3372093023255814, 1.0)",1,98.86046511627907,43584
"(0.7674418604651163, 1.0)",1,98.86046511627906,43585
"(0.4534883720930232, 1.0)",1,98.86046511627906,43586
"(0.6666666666666666, 1.0)",3,98.85897435897436,43589
"(0.6410256410256411, 1.0)",6,98.85897435897436,43595
"(0.717948717948718, 1.0)",1,98.85897435897436,43596
"(0.9208333333333332, 0.9958333333333332)",1,98.85833333333342,43597
"(0.9291666666666668, 0.9958333333333332)",1,98.85833333333342,43598
"(0.8958333333333334, 0.9958333333333332)",1,98.8583333333334,43599
"(0.8541666666666666, 0.9958333333333332)",1,98.8583333333334,43600
"(0.9083333333333332, 0.9958333333333332)",1,98.8583333333334,43601
"(0.9833333333333332, 0.9958333333333332)",1,98.8583333333334,43602
"(0.9791666666666666, 0.9958333333333332)",1,98.85833333333338,43603
"(0.85, 0.9958333333333332)",1,98.85833333333338,43604
"(0.9375, 0.9958333333333332)",1,98.85833333333338,43605
"(0.975, 0.9958333333333332)",2,98.85833333333338,43607
"(0.9958333333333332, 0.9958333333333332)",1,98.85833333333338,43608
"(0.9291666666666668, 0.9958333333333332)",1,98.85833333333338,43609
"(0.8916666666666667, 0.9958333333333332)",1,98.85833333333338,43610
"(0.8875, 0.9958333333333332)",1,98.85833333333338,43611
"(0.9708333333333332, 0.9958333333333332)",1,98.85833333333338,43612
"(0.9125, 0.9958333333333332)",1,98.85833333333336,43613
"(0.9875, 0.9958333333333332)",2,98.85833333333336,43615
"(0.9583333333333334, 0.9958333333333332)",1,98.85833333333336,43616
"(0.9833333333333332, 0.9958333333333332)",2,98.85833333333336,43618
"(0.975, 0.9958333333333332)",1,98.85833333333336,43619
"(0.9458333333333332, 0.9958333333333332)",1,98.85833333333336,43620
"(0.9916666666666668, 0.9958333333333332)",1,98.85833333333336,43621
"(0.9208333333333332, 0.9958333333333332)",2,98.85833333333332,43623
"(0.9291666666666668, 0.9958333333333332)",1,98.85833333333326,43624
"(0.9875, 0.9916666666666668)",1,98.85833333333322,43625
"(0.975, 0.9875)",1,98.85833333333318,43626
"(0.8958333333333334, 0.9916666666666668)",1,98.8583333333331,43627
"(0.925, 0.9916666666666668)",1,98.85833333333306,43628
"(0.9375, 0.9916666666666668)",1,98.85833333333306,43629
"(0.6041666666666666, 0.999621212121212)",1,98.85795454545456,43630
"(0.5257575757575758, 1.0)",1,98.85795454545456,43631
"(0.9429824561403508, 0.9912280701754386)",1,98.85526315789473,43632
"(0.9916666666666668, 0.9958333333333332)",1,98.85416666666676,43633
"(0.9625, 0.9958333333333332)",2,98.85416666666676,43635
"(0.9958333333333332, 0.9958333333333332)",1,98.85416666666676,43636
"(0.9125, 0.9958333333333332)",1,98.85416666666671,43637
"(0.9791666666666666, 0.9958333333333332)",2,98.85416666666671,43639
"(0.9791666666666666, 0.9958333333333332)",1,98.85416666666671,43640
"(0.8625, 0.9958333333333332)",1,98.85416666666671,43641
"(0.9166666666666666, 0.9958333333333332)",2,98.85416666666671,43643
"(0.9833333333333332, 0.9958333333333332)",1,98.85416666666671,43644
"(0.9541666666666668, 0.9958333333333332)",1,98.8541666666667,43645
"(0.9333333333333332, 0.9958333333333332)",1,98.8541666666667,43646
"(0.9791666666666666, 0.9958333333333332)",1,98.8541666666667,43647
"(0.9875, 0.9958333333333332)",1,98.8541666666667,43648
"(0.9583333333333334, 0.9958333333333332)",1,98.8541666666667,43649
"(0.8791666666666667, 0.9958333333333332)",1,98.8541666666667,43650
"(0.9875, 0.9958333333333332)",1,98.85416666666666,43651
"(0.95, 1.0)",1,98.85416666666664,43652
"(0.9875, 0.9958333333333332)",1,98.85416666666664,43653
"(0.975, 0.9958333333333332)",1,98.8541666666666,43654
"(0.9875, 0.9958333333333332)",1,98.8541666666666,43655
"(0.85, 0.9916666666666668)",1,98.85416666666644,43656
"(0.9291666666666668, 0.9916666666666668)",1,98.85416666666644,43657
"(0.4268939393939394, 1.0)",3,98.85151515151516,43660
"(0.9078947368421052, 0.9912280701754386)",1,98.85087719298244,43661
"(0.8552631578947368, 0.9912280701754386)",1,98.85087719298244,43662
"(0.5287878787878788, 0.9992424242424244)",1,98.8507575757576,43663
"(0.9291666666666668, 0.9958333333333332)",1,98.85000000000008,43664
"(0.9416666666666668, 0.9958333333333332)",1,98.85000000000008,43665
"(0.8541666666666666, 0.9958333333333332)",1,98.85000000000008,43666
"(0.9041666666666668, 0.9958333333333332)",2,98.85000000000008,43668
"(0.9791666666666666, 0.9958333333333332)",1,98.85000000000008,43669
"(0.95, 0.9958333333333332)",1,98.85000000000004,43670
"(0.8666666666666667, 0.9958333333333332)",1,98.85000000000004,43671
"(0.8333333333333334, 1.0)",1,98.85000000000004,43672
"(0.9583333333333334, 0.9958333333333332)",1,98.85000000000004,43673
"(0.9291666666666668, 0.9958333333333332)",1,98.85000000000004,43674
"(0.925, 0.9958333333333332)",1,98.85000000000004,43675
"(0.8958333333333334, 0.9958333333333332)",1,98.85000000000004,43676
"(0.9833333333333332, 1.0)",1,98.85000000000002,43677
"(0.9666666666666668, 0.9958333333333332)",2,98.85000000000002,43679
"(0.9333333333333332, 0.9833333333333332)",2,98.85000000000002,43681
"(0.9166666666666666, 1.0)",1,98.85000000000002,43682
"(0.8166666666666667, 0.9833333333333332)",1,98.85000000000002,43683
"(0.75, 0.9833333333333332)",1,98.85000000000002,43684
"(0.8333333333333334, 1.0)",2,98.85000000000002,43686
"(0.9333333333333332, 1.0)",4,98.85000000000002,43690
"(0.9875, 0.9958333333333332)",2,98.85000000000002,43692
"(0.9, 1.0)",2,98.85000000000002,43694
"(0.9625, 0.9958333333333332)",2,98.85000000000002,43696
"(0.8166666666666667, 1.0)",1,98.85000000000002,43697
"(0.9791666666666666, 0.9958333333333332)",3,98.85000000000002,43700
"(0.95, 1.0)",2,98.85000000000002,43702
"(0.9375, 0.9958333333333332)",1,98.85000000000002,43703
"(0.8666666666666667, 1.0)",1,98.85000000000002,43704
"(0.975, 0.9958333333333332)",1,98.85000000000002,43705
"(0.9916666666666668, 0.9958333333333332)",1,98.85000000000002,43706
"(0.8958333333333334, 0.9958333333333332)",1,98.85000000000002,43707
"(0.85, 0.9958333333333332)",1,98.85000000000002,43708
"(1.0, 1.0)",8,98.85,43716
"(0.9333333333333332, 1.0)",3,98.85,43719
"(0.8833333333333333, 1.0)",5,98.85,43724
"(0.8166666666666667, 1.0)",1,98.85,43725
"(0.9833333333333332, 1.0)",2,98.85,43727
"(0.8333333333333334, 1.0)",2,98.85,43729
"(0.7666666666666667, 1.0)",1,98.85,43730
"(0.8666666666666667, 1.0)",4,98.85,43734
"(0.6833333333333333, 1.0)",2,98.85,43736
"(0.9666666666666668, 1.0)",5,98.85,43741
"(0.9333333333333332, 1.0)",1,98.85,43742
"(0.8333333333333334, 1.0)",3,98.85,43745
"(0.9666666666666668, 1.0)",1,98.85,43746
"(0.7333333333333333, 1.0)",3,98.85,43749
"(0.9, 1.0)",2,98.85,43751
"(0.7833333333333333, 1.0)",1,98.85,43752
"(0.8, 1.0)",3,98.85,43755
"(0.8666666666666667, 1.0)",2,98.85,43757
"(0.9166666666666666, 1.0)",2,98.85,43759
"(0.7666666666666667, 1.0)",2,98.85,43761
"(0.85, 1.0)",6,98.85,43767
"(0.75, 1.0)",1,98.85,43768
"(0.7833333333333333, 1.0)",3,98.85,43771
"(0.7166666666666667, 1.0)",3,98.85,43774
"(0.95, 1.0)",2,98.85,43776
"(0.9, 1.0)",3,98.85,43779
"(0.9791666666666666, 0.9958333333333332)",1,98.84999999999998,43780
"(0.9708333333333332, 0.9958333333333332)",2,98.84999999999997,43782
"(0.9875, 0.9958333333333332)",2,98.84999999999997,43784
"(0.975, 0.9958333333333332)",1,98.8499999999999,43785
"(0.9083333333333332, 0.9875)",1,98.84999999999984,43786
"(0.85, 0.9916666666666668)",1,98.84999999999978,43787
"(0.9416666666666668, 0.9916666666666668)",1,98.84999999999978,43788
"(0.9041666666666668, 0.9916666666666668)",1,98.84999999999977,43789
"(0.9583333333333334, 0.9916666666666668)",1,98.84999999999977,43790
"(0.9208333333333332, 0.9916666666666668)",1,98.84999999999974,43791
"(0.6162790697674418, 1.0)",1,98.84883720930232,43792
"(0.5930232558139535, 1.0)",1,98.84883720930232,43793
"(0.8488372093023255, 1.0)",2,98.84883720930232,43795
"(0.8255813953488372, 1.0)",1,98.84883720930232,43796
"(0.7441860465116279, 1.0)",1,98.84883720930232,43797
"(0.4651162790697674, 1.0)",1,98.84883720930232,43798
"(0.7441860465116279, 1.0)",1,98.84883720930232,43799
"(0.75, 1.0)",1,98.8472222222223,43800
"(0.9305555555555556, 1.0)",1,98.84722222222226,43801
"(0.8611111111111112, 1.0)",3,98.84722222222224,43804
"(0.6944444444444444, 1.0)",4,98.84722222222224,43808
"(0.75, 1.0)",3,98.84722222222224,43811
"(0.6111111111111112, 1.0)",1,98.84722222222224,43812
"(0.9444444444444444, 1.0)",2,98.84722222222224,43814
"(0.9027777777777778, 1.0)",1,98.84722222222224,43815
"(0.8472222222222222, 1.0)",3,98.84722222222224,43818
"(0.7638888888888888, 1.0)",3,98.84722222222224,43821
"(0.5972222222222222, 1.0)",2,98.84722222222224,43823
"(0.7361111111111112, 1.0)",1,98.84722222222224,43824
"(0.625, 1.0)",2,98.84722222222224,43826
"(0.7083333333333334, 1.0)",2,98.84722222222224,43828
"(0.7777777777777778, 1.0)",4,98.84722222222224,43832
"(0.7916666666666666, 1.0)",1,98.84722222222224,43833
"(0.9166666666666666, 1.0)",1,98.84722222222224,43834
"(0.8333333333333334, 1.0)",3,98.84722222222224,43837
"(0.8055555555555556, 1.0)",1,98.84722222222224,43838
"(0.5972222222222222, 1.0)",1,98.8472222222222,43839
"(0.8472222222222222, 1.0)",1,98.8472222222222,43840
"(0.9429824561403508, 0.9912280701754386)",1,98.84649122807016,43841
"(0.8076923076923077, 1.0)",2,98.84615384615384,43843
"(0.782051282051282, 1.0)",1,98.84615384615384,43844
"(0.9875, 0.9958333333333332)",1,98.84583333333345,43845
"(0.9291666666666668, 0.9958333333333332)",1,98.84583333333345,43846
"(0.9791666666666666, 0.9958333333333332)",1,98.84583333333345,43847
"(0.9, 0.9958333333333332)",1,98.8458333333334,43848
"(0.8791666666666667, 0.9958333333333332)",1,98.8458333333334,43849
"(0.975, 0.9958333333333332)",1,98.8458333333334,43850
"(0.9625, 0.9958333333333332)",1,98.8458333333334,43851
"(0.95, 0.9958333333333332)",1,98.8458333333334,43852
"(0.9875, 0.9958333333333332)",1,98.84583333333336,43853
"(0.9083333333333332, 0.9958333333333332)",1,98.84583333333336,43854
"(0.9916666666666668, 0.9958333333333332)",2,98.84583333333336,43856
"(0.975, 0.9958333333333332)",2,98.84583333333336,43858
"(0.95, 0.9958333333333332)",1,98.84583333333336,43859
"(0.9833333333333332, 0.9958333333333332)",3,98.84583333333336,43862
"(0.925, 0.9958333333333332)",1,98.84583333333336,43863
"(0.9625, 0.9958333333333332)",2,98.84583333333336,43865
"(0.9458333333333332, 0.9958333333333332)",1,98.84583333333336,43866
"(0.975, 0.9958333333333332)",3,98.84583333333336,43869
"(0.9791666666666666, 0.9958333333333332)",2,98.84583333333336,43871
"(0.9541666666666668, 0.9958333333333332)",1,98.84583333333336,43872
"(0.8916666666666667, 0.9958333333333332)",3,98.84583333333336,43875
"(0.9208333333333332, 0.9916666666666668)",1,98.84583333333312,43876
"(0.925, 0.9916666666666668)",1,98.84583333333312,43877
"(0.9375, 0.9916666666666668)",1,98.84583333333312,43878
"(0.9291666666666668, 0.9916666666666668)",1,98.84583333333312,43879
"(0.5333333333333333, 0.9992424242424244)",1,98.84431818181822,43880
"(0.9473684210526316, 0.9912280701754386)",1,98.84210526315788,43881
"(0.9625, 0.9958333333333332)",1,98.84166666666678,43882
"(0.975, 0.9958333333333332)",1,98.84166666666678,43883
"(0.9791666666666666, 0.9958333333333332)",1,98.84166666666675,43884
"(0.9791666666666666, 0.9958333333333332)",1,98.84166666666675,43885
"(0.975, 0.9958333333333332)",1,98.84166666666675,43886
"(0.9875, 0.9958333333333332)",3,98.84166666666674,43889
"(0.925, 0.9958333333333332)",1,98.84166666666674,43890
"(0.9375, 0.9958333333333332)",1,98.84166666666674,43891
"(0.9291666666666668, 0.9958333333333332)",2,98.84166666666673,43893
"(0.8625, 0.9958333333333332)",1,98.84166666666673,43894
"(0.9791666666666666, 0.9958333333333332)",1,98.84166666666673,43895
"(0.8958333333333334, 0.9958333333333332)",1,98.84166666666673,43896
"(0.9083333333333332, 0.9958333333333332)",1,98.84166666666673,43897
"(0.9916666666666668, 0.9958333333333332)",1,98.84166666666673,43898
"(0.9833333333333332, 0.9958333333333332)",2,98.8416666666667,43900
"(0.8375, 0.9958333333333332)",1,98.8416666666667,43901
"(0.8791666666666667, 0.9958333333333332)",1,98.8416666666667,43902
"(0.825, 0.9958333333333332)",1,98.8416666666667,43903
"(0.9375, 0.9958333333333332)",1,98.8416666666667,43904
"(0.9458333333333332, 0.9958333333333332)",1,98.8416666666667,43905
"(0.9708333333333332, 0.9958333333333332)",1,98.8416666666667,43906
"(0.9291666666666668, 0.9958333333333332)",1,98.8416666666667,43907
"(0.9791666666666666, 0.9958333333333332)",1,98.8416666666667,43908
"(0.975, 0.9958333333333332)",1,98.84166666666664,43909
"(0.5189393939393939, 0.9992424242424244)",1,98.8382575757576,43910
"(0.925438596491228, 0.9912280701754386)",1,98.8377192982456,43911
"(0.9875, 0.9958333333333332)",1,98.83750000000008,43912
"(0.9708333333333332, 0.9958333333333332)",1,98.83750000000008,43913
"(0.975, 0.9958333333333332)",1,98.83750000000008,43914
"(0.9, 0.9958333333333332)",2,98.83750000000008,43916
"(0.9, 0.9958333333333332)",1,98.83750000000008,43917
"(0.925, 0.9958333333333332)",1,98.83750000000008,43918
"(0.9375, 0.9958333333333332)",1,98.83750000000006,43919
"(0.875, 0.9958333333333332)",1,98.83750000000003,43920
"(0.9875, 0.9958333333333332)",1,98.83750000000003,43921
"(0.975, 0.9958333333333332)",1,98.83750000000003,43922
"(0.8375, 0.9958333333333332)",1,98.83750000000003,43923
"(0.9833333333333332, 0.9958333333333332)",1,98.83750000000003,43924
"(0.9875, 0.9958333333333332)",1,98.83750000000003,43925
"(0.825, 0.9958333333333332)",1,98.83750000000003,43926
"(0.975, 0.9958333333333332)",1,98.83750000000003,43927
"(1.0, 0.9958333333333332)",1,98.83750000000002,43928
"(0.5443181818181818, 0.9992424242424244)",2,98.83750000000002,43930
"(0.95, 0.9916666666666668)",1,98.83750000000002,43931
"(0.9833333333333332, 0.9958333333333332)",3,98.83750000000002,43934
"(0.9916666666666668, 0.9958333333333332)",1,98.83750000000002,43935
"(0.9833333333333332, 1.0)",1,98.8375,43936
"(0.9791666666666666, 0.9958333333333332)",2,98.8374999999999,43938
"(0.925, 0.9875)",1,98.83749999999982,43939
"(0.9208333333333332, 0.9916666666666668)",1,98.83749999999978,43940
"(0.9302325581395348, 0.9883720930232558)",1,98.83720930232576,43941
"(0.4883720930232558, 1.0)",1,98.83720930232558,43942
"(0.8255813953488372, 1.0)",2,98.83720930232558,43944
"(0.7906976744186046, 1.0)",1,98.83720930232558,43945
"(0.6162790697674418, 1.0)",1,98.83720930232558,43946
"(0.6583333333333334, 1.0)",1,98.83712121212122,43947
"(0.9375, 0.9958333333333332)",1,98.83333333333344,43948
"(0.975, 0.9958333333333332)",1,98.8333333333334,43949
"(0.9166666666666666, 0.9958333333333332)",1,98.8333333333334,43950
"(0.9958333333333332, 0.9958333333333332)",1,98.8333333333334,43951
"(0.9666666666666668, 0.9958333333333332)",1,98.8333333333334,43952
"(0.975, 0.9958333333333332)",1,98.8333333333334,43953
"(0.8194444444444444, 0.9861111111111112)",1,98.8333333333334,43954
"(0.85, 0.9958333333333332)",1,98.8333333333334,43955
"(0.9333333333333332, 0.9833333333333332)",1,98.8333333333334,43956
"(0.9791666666666666, 0.9958333333333332)",1,98.8333333333334,43957
"(0.9041666666666668, 0.9958333333333332)",1,98.8333333333334,43958
"(0.9875, 0.9958333333333332)",1,98.8333333333334,43959
"(0.975, 0.9958333333333332)",1,98.83333333333336,43960
"(0.975, 0.9958333333333332)",1,98.83333333333336,43961
"(0.95, 0.9958333333333332)",1,98.83333333333336,43962
"(0.9666666666666668, 0.9958333333333332)",1,98.83333333333336,43963
"(0.9, 1.0)",1,98.83333333333336,43964
"(0.8, 1.0)",1,98.83333333333336,43965
"(0.9125, 0.9958333333333332)",1,98.83333333333336,43966
"(0.8166666666666667, 0.9833333333333332)",1,98.83333333333336,43967
"(0.9166666666666666, 0.9833333333333332)",1,98.83333333333336,43968
"(0.9708333333333332, 0.9958333333333332)",3,98.83333333333336,43971
"(0.7166666666666667, 0.9833333333333332)",1,98.83333333333336,43972
"(0.8166666666666667, 1.0)",1,98.83333333333336,43973
"(0.9791666666666666, 0.9958333333333332)",2,98.83333333333336,43975
"(0.75, 1.0)",1,98.83333333333336,43976
"(0.9166666666666666, 1.0)",1,98.83333333333336,43977
"(0.8666666666666667, 0.9958333333333332)",1,98.83333333333336,43978
"(0.8666666666666667, 1.0)",1,98.83333333333336,43979
"(0.9875, 0.9958333333333332)",3,98.83333333333336,43982
"(0.9916666666666668, 0.9958333333333332)",3,98.83333333333336,43985
"(0.7166666666666667, 1.0)",1,98.83333333333336,43986
"(0.8333333333333334, 1.0)",1,98.83333333333336,43987
"(0.8194444444444444, 0.9861111111111112)",1,98.83333333333334,43988
"(0.6111111111111112, 1.0)",3,98.83333333333334,43991
"(1.0, 1.0)",1,98.83333333333334,43992
"(0.8833333333333333, 1.0)",1,98.83333333333334,43993
"(0.9, 1.0)",3,98.83333333333334,43996
"(0.9166666666666666, 1.0)",3,98.83333333333334,43999
"(0.7916666666666666, 1.0)",2,98.83333333333334,44001
"(0.8166666666666667, 1.0)",1,98.83333333333334,44002
"(0.7666666666666667, 1.0)",3,98.83333333333334,44005
"(0.8472222222222222, 1.0)",1,98.83333333333334,44006
"(0.8472222222222222, 0.9861111111111112)",2,98.83333333333334,44008
"(0.7166666666666667, 1.0)",2,98.83333333333334,44010
"(0.8666666666666667, 1.0)",2,98.83333333333334,44012
"(0.8333333333333334, 1.0)",3,98.83333333333334,44015
"(0.7333333333333333, 1.0)",1,98.83333333333334,44016
"(0.9166666666666666, 0.9861111111111112)",1,98.83333333333334,44017
"(0.85, 1.0)",1,98.83333333333334,44018
"(0.9333333333333332, 1.0)",5,98.83333333333334,44023
"(0.8888888888888888, 1.0)",1,98.83333333333334,44024
"(0.95, 1.0)",4,98.83333333333334,44028
"(0.9444444444444444, 1.0)",1,98.83333333333334,44029
"(0.7083333333333334, 1.0)",4,98.83333333333334,44033
"(0.7222222222222222, 1.0)",1,98.83333333333334,44034
"(0.625, 1.0)",1,98.83333333333334,44035
"(0.8194444444444444, 1.0)",1,98.83333333333334,44036
"(0.75, 1.0)",1,98.83333333333334,44037
"(0.9583333333333334, 1.0)",2,98.83333333333334,44039
"(0.8, 1.0)",3,98.83333333333334,44042
"(0.8611111111111112, 1.0)",1,98.83333333333334,44043
"(0.7666666666666667, 1.0)",1,98.83333333333331,44044
"(0.625, 1.0)",4,98.83333333333331,44048
"(0.8, 1.0)",2,98.83333333333331,44050
"(0.8728070175438597, 0.9912280701754386)",1,98.83333333333331,44051
"(0.9305555555555556, 1.0)",5,98.83333333333331,44056
"(0.7361111111111112, 1.0)",1,98.83333333333331,44057
"(0.9666666666666668, 1.0)",1,98.83333333333331,44058
"(0.9444444444444444, 1.0)",2,98.83333333333331,44060
"(0.6111111111111112, 1.0)",1,98.83333333333331,44061
"(0.9583333333333334, 1.0)",2,98.83333333333331,44063
"(0.7638888888888888, 1.0)",2,98.83333333333331,44065
"(0.9666666666666668, 0.9958333333333332)",1,98.83333333333331,44066
"(0.9625, 0.9958333333333332)",1,98.83333333333331,44067
"(0.9333333333333332, 1.0)",3,98.83333333333331,44070
"(0.9, 1.0)",2,98.83333333333331,44072
"(0.8472222222222222, 1.0)",4,98.83333333333331,44076
"(0.85, 1.0)",5,98.83333333333331,44081
"(0.8055555555555556, 1.0)",1,98.83333333333331,44082
"(0.9027777777777778, 1.0)",1,98.83333333333331,44083
"(0.8611111111111112, 1.0)",2,98.83333333333331,44085
"(0.7777777777777778, 1.0)",2,98.83333333333331,44087
"(0.875, 1.0)",2,98.83333333333331,44089
"(0.8194444444444444, 1.0)",1,98.83333333333331,44090
"(1.0, 1.0)",5,98.83333333333331,44095
"(0.7, 1.0)",1,98.83333333333331,44096
"(0.8333333333333334, 1.0)",6,98.83333333333331,44102
"(0.8833333333333333, 1.0)",7,98.83333333333331,44109
"(0.9833333333333332, 1.0)",7,98.83333333333331,44116
"(0.9166666666666666, 1.0)",2,98.83333333333331,44118
"(0.8666666666666667, 1.0)",1,98.83333333333331,44119
"(0.7083333333333334, 1.0)",4,98.83333333333331,44123
"(0.7333333333333333, 1.0)",3,98.83333333333331,44126
"(0.975, 0.9958333333333332)",1,98.8333333333332,44127
"(0.9583333333333334, 0.9875)",1,98.83333333333316,44128
"(0.95, 0.9916666666666668)",1,98.83333333333312,44129
"(0.9291666666666668, 0.9916666666666668)",1,98.83333333333312,44130
"(0.6147727272727272, 0.9992424242424244)",1,98.8314393939394,44131
"(0.3678030303030303, 0.999621212121212)",1,98.83068181818184,44132
"(0.9833333333333332, 0.9958333333333332)",1,98.82916666666678,44133
"(0.9583333333333334, 0.9958333333333332)",1,98.82916666666677,44134
"(0.9375, 0.9958333333333332)",1,98.82916666666674,44135
"(0.9833333333333332, 0.9958333333333332)",1,98.82916666666672,44136
"(0.95, 0.9958333333333332)",1,98.82916666666672,44137
"(0.9208333333333332, 0.9958333333333332)",2,98.8291666666667,44139
"(0.9125, 0.9958333333333332)",1,98.8291666666667,44140
"(0.9875, 0.9958333333333332)",2,98.8291666666667,44142
"(0.9958333333333332, 0.9958333333333332)",1,98.8291666666667,44143
"(0.9916666666666668, 0.9958333333333332)",2,98.8291666666667,44145
"(0.95, 0.9958333333333332)",1,98.8291666666667,44146
"(0.9833333333333332, 0.9958333333333332)",1,98.8291666666667,44147
"(0.8375, 0.9958333333333332)",1,98.8291666666667,44148
"(0.9708333333333332, 0.9958333333333332)",1,98.8291666666667,44149
"(0.9041666666666668, 0.9958333333333332)",1,98.8291666666667,44150
"(0.9833333333333332, 0.9958333333333332)",1,98.82916666666657,44151
"(0.85, 0.9916666666666668)",1,98.82916666666644,44152
"(0.9583333333333334, 0.9916666666666668)",1,98.8291666666664,44153
"(0.8666666666666667, 0.9916666666666668)",1,98.8291666666664,44154
"(0.5890151515151515, 0.9988636363636364)",3,98.82803030303032,44157
"(0.627906976744186, 1.0)",2,98.82558139534883,44159
"(0.7441860465116279, 1.0)",1,98.82558139534883,44160
"(0.3372093023255814, 1.0)",3,98.82558139534883,44163
"(0.6162790697674418, 1.0)",1,98.82558139534883,44164
"(0.9186046511627908, 1.0)",1,98.82558139534883,44165
"(0.875, 0.9958333333333332)",2,98.82500000000007,44167
"(0.9791666666666666, 0.9958333333333332)",1,98.82500000000007,44168
"(0.9041666666666668, 0.9958333333333332)",1,98.82500000000007,44169
"(0.9375, 0.9958333333333332)",1,98.82500000000007,44170
"(0.95, 0.9958333333333332)",1,98.82500000000006,44171
"(0.9875, 0.9958333333333332)",2,98.82500000000005,44173
"(0.9875, 0.9958333333333332)",1,98.82500000000005,44174
"(0.8625, 0.9958333333333332)",1,98.82500000000005,44175
"(0.8666666666666667, 0.9958333333333332)",1,98.82500000000005,44176
"(0.9708333333333332, 0.9958333333333332)",1,98.82500000000005,44177
"(0.8916666666666667, 0.9958333333333332)",1,98.82500000000005,44178
"(0.9916666666666668, 0.9958333333333332)",1,98.82500000000005,44179
"(0.9833333333333332, 0.9958333333333332)",1,98.82500000000005,44180
"(0.975, 1.0)",1,98.825,44181
"(0.9833333333333332, 1.0)",1,98.825,44182
"(0.9791666666666666, 0.9958333333333332)",1,98.825,44183
"(0.9, 0.9916666666666668)",1,98.8249999999998,44184
"(0.9208333333333332, 0.9916666666666668)",2,98.82499999999978,44186
"(0.5625, 1.0)",1,98.82424242424244,44187
"(0.5375, 1.0)",1,98.82386363636364,44188
"(0.925, 0.9958333333333332)",1,98.82083333333344,44189
"(0.9291666666666668, 0.9958333333333332)",1,98.82083333333344,44190
"(0.975, 0.9958333333333332)",2,98.8208333333334,44192
"(0.9791666666666666, 0.9958333333333332)",1,98.8208333333334,44193
"(0.9708333333333332, 0.9958333333333332)",1,98.8208333333334,44194
"(0.975, 0.9958333333333332)",1,98.8208333333334,44195
"(0.9625, 0.9958333333333332)",1,98.8208333333334,44196
"(0.9833333333333332, 0.9958333333333332)",1,98.82083333333338,44197
"(0.95, 0.9958333333333332)",1,98.82083333333338,44198
"(0.8958333333333334, 0.9958333333333332)",1,98.82083333333335,44199
"(0.9625, 0.9958333333333332)",1,98.82083333333335,44200
"(0.975, 0.9958333333333332)",2,98.82083333333335,44202
"(0.9083333333333332, 0.9958333333333332)",1,98.82083333333335,44203
"(0.8625, 0.9958333333333332)",1,98.82083333333335,44204
"(0.9708333333333332, 0.9958333333333332)",1,98.82083333333335,44205
"(0.9791666666666666, 0.9958333333333332)",1,98.82083333333335,44206
"(0.975, 0.9958333333333332)",1,98.82083333333335,44207
"(0.8625, 0.9958333333333332)",1,98.82083333333335,44208
"(0.9875, 0.9958333333333332)",1,98.82083333333335,44209
"(0.9625, 0.9958333333333332)",1,98.82083333333335,44210
"(0.9208333333333332, 0.9958333333333332)",2,98.82083333333334,44212
"(0.9208333333333332, 0.9916666666666668)",1,98.82083333333313,44213
"(0.925, 0.9916666666666668)",1,98.82083333333313,44214
"(0.9291666666666668, 0.9916666666666668)",1,98.82083333333313,44215
"(0.8375, 0.9916666666666668)",1,98.82083333333313,44216
"(0.9416666666666668, 0.9916666666666668)",1,98.82083333333313,44217
"(0.9416666666666668, 0.9916666666666668)",1,98.82083333333313,44218
"(0.7692307692307693, 1.0)",1,98.82051282051282,44219
"(0.7307692307692307, 1.0)",1,98.82051282051282,44220
"(0.9035087719298246, 0.9912280701754386)",4,98.82017543859648,44224
"(0.7777777777777778, 1.0)",1,98.81944444444446,44225
"(0.7083333333333334, 1.0)",1,98.81944444444444,44226
"(0.9305555555555556, 0.9861111111111112)",1,98.81944444444444,44227
"(0.9444444444444444, 1.0)",2,98.81944444444444,44229
"(0.8333333333333334, 1.0)",2,98.81944444444444,44231
"(0.9166666666666666, 1.0)",1,98.81944444444444,44232
"(0.75, 1.0)",3,98.81944444444444,44235
"(0.8194444444444444, 1.0)",2,98.81944444444444,44237
"(0.8888888888888888, 1.0)",3,98.81944444444444,44240
"(0.6944444444444444, 1.0)",1,98.81944444444444,44241
"(0.7361111111111112, 1.0)",2,98.81944444444444,44243
"(0.8611111111111112, 1.0)",3,98.81944444444444,44246
"(0.9305555555555556, 1.0)",5,98.81944444444444,44251
"(0.8194444444444444, 1.0)",1,98.81944444444444,44252
"(0.7638888888888888, 1.0)",1,98.81944444444444,44253
"(0.5972222222222222, 1.0)",1,98.81944444444444,44254
"(0.875, 1.0)",1,98.81944444444444,44255
"(0.5484848484848485, 0.9988636363636364)",1,98.81818181818186,44256
"(0.9791666666666666, 0.9958333333333332)",1,98.81666666666678,44257
"(0.8625, 0.9958333333333332)",1,98.81666666666676,44258
"(0.95, 0.9958333333333332)",1,98.81666666666676,44259
"(0.9833333333333332, 0.9958333333333332)",2,98.81666666666676,44261
"(0.9333333333333332, 0.9833333333333332)",1,98.81666666666672,44262
"(0.9458333333333332, 0.9958333333333332)",1,98.81666666666672,44263
"(0.8541666666666666, 0.9958333333333332)",1,98.81666666666672,44264
"(0.95, 0.9958333333333332)",1,98.81666666666672,44265
"(0.8333333333333334, 0.9833333333333332)",1,98.8166666666667,44266
"(0.8333333333333334, 1.0)",2,98.8166666666667,44268
"(0.9666666666666668, 0.9833333333333332)",1,98.8166666666667,44269
"(0.9166666666666666, 1.0)",1,98.8166666666667,44270
"(0.925, 0.9958333333333332)",1,98.8166666666667,44271
"(0.7666666666666667, 1.0)",1,98.8166666666667,44272
"(0.9875, 0.9958333333333332)",3,98.81666666666668,44275
"(0.9791666666666666, 0.9958333333333332)",1,98.81666666666668,44276
"(0.8833333333333333, 1.0)",2,98.81666666666668,44278
"(0.9166666666666666, 1.0)",3,98.81666666666668,44281
"(0.8333333333333334, 1.0)",3,98.81666666666668,44284
"(0.9, 1.0)",1,98.81666666666668,44285
"(0.9833333333333332, 1.0)",1,98.81666666666668,44286
"(0.7666666666666667, 1.0)",1,98.81666666666668,44287
"(0.9208333333333332, 0.9958333333333332)",1,98.81666666666668,44288
"(0.8333333333333334, 1.0)",4,98.81666666666668,44292
"(0.8666666666666667, 1.0)",1,98.81666666666668,44293
"(0.9833333333333332, 1.0)",1,98.81666666666668,44294
"(0.9166666666666666, 1.0)",1,98.81666666666668,44295
"(0.9041666666666668, 0.9958333333333332)",1,98.81666666666668,44296
"(0.9, 0.9833333333333332)",2,98.81666666666668,44298
"(0.9333333333333332, 1.0)",4,98.81666666666668,44302
"(1.0, 1.0)",1,98.81666666666668,44303
"(0.9708333333333332, 0.9958333333333332)",1,98.81666666666668,44304
"(0.8833333333333333, 1.0)",2,98.81666666666668,44306
"(0.8666666666666667, 1.0)",1,98.81666666666668,44307
"(0.7333333333333333, 1.0)",1,98.81666666666668,44308
"(0.9333333333333332, 1.0)",1,98.81666666666668,44309
"(0.9166666666666666, 0.9833333333333332)",1,98.81666666666668,44310
"(0.9625, 0.9958333333333332)",1,98.81666666666668,44311
"(0.9166666666666666, 1.0)",2,98.81666666666666,44313
"(0.8166666666666667, 1.0)",4,98.81666666666666,44317
"(0.8, 1.0)",5,98.81666666666666,44322
"(0.8666666666666667, 1.0)",2,98.81666666666666,44324
"(0.8833333333333333, 1.0)",3,98.81666666666666,44327
"(0.85, 1.0)",2,98.81666666666666,44329
"(1.0, 1.0)",3,98.81666666666666,44332
"(0.9333333333333332, 1.0)",2,98.81666666666666,44334
"(0.7166666666666667, 1.0)",1,98.81666666666666,44335
"(0.9, 1.0)",3,98.81666666666666,44338
"(0.9833333333333332, 1.0)",6,98.81666666666666,44344
"(0.8333333333333334, 1.0)",2,98.81666666666666,44346
"(0.6833333333333333, 1.0)",1,98.81666666666666,44347
"(0.9666666666666668, 1.0)",5,98.81666666666666,44352
"(0.7, 1.0)",2,98.81666666666666,44354
"(0.9916666666666668, 0.9958333333333332)",1,98.8166666666666,44355
"(0.975, 0.9958333333333332)",1,98.81666666666658,44356
"(0.9375, 0.9916666666666668)",1,98.81666666666656,44357
"(0.9291666666666668, 0.9916666666666668)",1,98.81666666666644,44358
"(0.9125, 0.9916666666666668)",1,98.81666666666644,44359
"(0.8916666666666667, 0.9916666666666668)",1,98.81666666666644,44360
"(0.8958333333333334, 0.9916666666666668)",1,98.81666666666644,44361
"(0.9125, 0.9916666666666668)",1,98.8166666666664,44362
"(0.9429824561403508, 0.9912280701754386)",1,98.8157894736842,44363
"(0.6162790697674418, 1.0)",2,98.81395348837208,44365
"(0.4883720930232558, 1.0)",1,98.81395348837208,44366
"(0.8372093023255814, 1.0)",3,98.81395348837208,44369
"(0.3372093023255814, 1.0)",3,98.81395348837208,44372
"(0.9791666666666666, 0.9958333333333332)",1,98.81250000000011,44373
"(0.9916666666666668, 0.9958333333333332)",1,98.8125000000001,44374
"(0.8916666666666667, 0.9958333333333332)",1,98.8125000000001,44375
"(0.9375, 0.9958333333333332)",1,98.81250000000009,44376
"(0.9125, 0.9958333333333332)",1,98.81250000000009,44377
"(0.9208333333333332, 0.9958333333333332)",1,98.81250000000009,44378
"(0.9791666666666666, 0.9958333333333332)",1,98.81250000000009,44379
"(0.975, 0.9958333333333332)",1,98.81250000000009,44380
"(0.9833333333333332, 0.9958333333333332)",1,98.81250000000009,44381
"(0.9125, 0.9958333333333332)",1,98.81250000000006,44382
"(0.8625, 0.9958333333333332)",2,98.81250000000006,44384
"(0.9083333333333332, 0.9958333333333332)",1,98.81250000000004,44385
"(0.975, 0.9958333333333332)",1,98.81250000000004,44386
"(0.9916666666666668, 0.9958333333333332)",1,98.81250000000004,44387
"(0.8625, 0.9958333333333332)",1,98.81250000000004,44388
"(0.9791666666666666, 0.9958333333333332)",1,98.81250000000004,44389
"(0.9833333333333332, 0.9958333333333332)",1,98.81250000000004,44390
"(0.975, 0.9958333333333332)",1,98.8125,44391
"(0.9666666666666668, 1.0)",1,98.8125,44392
"(0.9791666666666666, 0.9916666666666668)",1,98.81249999999994,44393
"(0.9458333333333332, 0.9875)",1,98.81249999999984,44394
"(0.9208333333333332, 0.9916666666666668)",1,98.8124999999998,44395
"(0.95, 0.9916666666666668)",2,98.8124999999998,44397
"(0.9, 0.9916666666666668)",1,98.8124999999998,44398
"(0.9125, 0.9916666666666668)",1,98.8124999999998,44399
"(0.9875, 0.9958333333333332)",1,98.81249999999976,44400
"(0.9333333333333332, 0.9916666666666668)",1,98.81249999999976,44401
"(0.925, 0.9916666666666668)",1,98.81249999999974,44402
"(0.9416666666666668, 0.9916666666666668)",1,98.81249999999972,44403
"(0.9429824561403508, 0.9912280701754386)",1,98.81140350877192,44404
"(0.9035087719298246, 0.9912280701754386)",2,98.81140350877192,44406
"(0.5431818181818182, 0.9992424242424244)",3,98.80871212121214,44409
"(0.8708333333333333, 0.9958333333333332)",1,98.80833333333342,44410
"(0.8916666666666667, 0.9958333333333332)",1,98.80833333333342,44411
"(0.9791666666666666, 0.9958333333333332)",1,98.80833333333342,44412
"(0.8791666666666667, 0.9958333333333332)",1,98.80833333333342,44413
"(0.8625, 0.9958333333333332)",1,98.8083333333334,44414
"(0.95, 0.9958333333333332)",1,98.8083333333334,44415
"(0.85, 0.9958333333333332)",2,98.8083333333334,44417
"(0.9375, 0.9958333333333332)",1,98.80833333333338,44418
"(1.0, 0.9958333333333332)",1,98.80833333333338,44419
"(0.925, 0.9958333333333332)",1,98.80833333333337,44420
"(0.9875, 0.9958333333333332)",2,98.80833333333337,44422
"(0.9833333333333332, 0.9958333333333332)",1,98.80833333333337,44423
"(0.9625, 0.9958333333333332)",1,98.80833333333337,44424
"(0.9041666666666668, 0.9958333333333332)",1,98.80833333333337,44425
"(0.9791666666666666, 0.9958333333333332)",1,98.80833333333337,44426
"(0.875, 0.9958333333333332)",1,98.80833333333337,44427
"(1.0, 1.0)",1,98.80833333333334,44428
"(0.9666666666666668, 0.9958333333333332)",2,98.80833333333328,44430
"(0.9166666666666666, 0.9958333333333332)",1,98.80833333333328,44431
"(0.9875, 0.9708333333333332)",1,98.80833333333322,44432
"(0.8375, 0.9916666666666668)",1,98.80833333333308,44433
"(0.9375, 0.9916666666666668)",1,98.80833333333304,44434
"(0.6410256410256411, 1.0)",1,98.8076923076923,44435
"(0.9385964912280702, 0.9912280701754386)",3,98.80701754385964,44438
"(0.8859649122807017, 0.9912280701754386)",1,98.80701754385964,44439
"(0.6111111111111112, 1.0)",1,98.80555555555556,44440
"(0.9166666666666666, 1.0)",1,98.80555555555556,44441
"(0.8472222222222222, 1.0)",4,98.80555555555556,44445
"(0.7083333333333334, 1.0)",3,98.80555555555556,44448
"(0.8333333333333334, 1.0)",3,98.80555555555556,44451
"(0.7777777777777778, 1.0)",1,98.80555555555556,44452
"(0.75, 1.0)",1,98.80555555555556,44453
"(0.6527777777777778, 1.0)",1,98.80555555555556,44454
"(0.8055555555555556, 1.0)",2,98.80555555555556,44456
"(0.7638888888888888, 1.0)",1,98.80555555555556,44457
"(0.9027777777777778, 1.0)",1,98.80555555555556,44458
"(0.9305555555555556, 1.0)",6,98.80555555555556,44464
"(0.875, 1.0)",1,98.80555555555556,44465
"(0.8611111111111112, 1.0)",2,98.80555555555556,44467
"(0.7361111111111112, 1.0)",2,98.80555555555556,44469
"(0.9583333333333334, 1.0)",2,98.80555555555556,44471
"(0.8888888888888888, 1.0)",2,98.80555555555556,44473
"(0.9027777777777778, 1.0)",1,98.80555555555554,44474
"(0.8194444444444444, 1.0)",1,98.80555555555554,44475
"(0.6944444444444444, 1.0)",2,98.80555555555554,44477
"(0.8333333333333334, 1.0)",1,98.80555555555554,44478
"(0.9444444444444444, 1.0)",1,98.80555555555554,44479
"(0.9291666666666668, 0.9958333333333332)",1,98.80416666666676,44480
"(0.9375, 0.9958333333333332)",1,98.80416666666676,44481
"(0.9375, 0.9958333333333332)",1,98.80416666666676,44482
"(0.9708333333333332, 0.9958333333333332)",1,98.80416666666672,44483
"(0.95, 0.9958333333333332)",1,98.80416666666672,44484
"(0.9791666666666666, 0.9958333333333332)",1,98.80416666666672,44485
"(0.9291666666666668, 0.9958333333333332)",1,98.80416666666672,44486
"(0.975, 0.9958333333333332)",1,98.80416666666672,44487
"(0.9375, 0.9958333333333332)",2,98.80416666666672,44489
"(0.9041666666666668, 0.9958333333333332)",1,98.8041666666667,44490
"(0.9625, 0.9958333333333332)",1,98.8041666666667,44491
"(0.95, 0.9958333333333332)",1,98.8041666666667,44492
"(0.9791666666666666, 0.9958333333333332)",2,98.8041666666667,44494
"(0.9541666666666668, 0.9958333333333332)",1,98.8041666666667,44495
"(0.8375, 0.9958333333333332)",1,98.8041666666667,44496
"(0.9208333333333332, 0.9958333333333332)",1,98.8041666666667,44497
"(0.9833333333333332, 0.9958333333333332)",1,98.80416666666667,44498
"(0.875, 0.9958333333333332)",1,98.80416666666667,44499
"(0.9166666666666666, 0.9958333333333332)",1,98.80416666666667,44500
"(0.8625, 0.9958333333333332)",1,98.80416666666667,44501
"(0.9125, 0.9958333333333332)",1,98.80416666666667,44502
"(0.9791666666666666, 0.9958333333333332)",1,98.80416666666667,44503
"(0.9208333333333332, 0.9958333333333332)",1,98.80416666666667,44504
"(0.975, 0.9958333333333332)",2,98.80416666666667,44506
"(0.975, 0.9958333333333332)",2,98.80416666666656,44508
"(0.9375, 0.9958333333333332)",1,98.80416666666652,44509
"(0.8541666666666666, 0.9916666666666668)",2,98.80416666666645,44511
"(0.9534883720930232, 0.9883720930232558)",1,98.80232558139552,44512
"(0.5930232558139535, 1.0)",1,98.80232558139537,44513
"(0.4534883720930232, 1.0)",1,98.80232558139537,44514
"(0.7441860465116279, 1.0)",1,98.80232558139537,44515
"(0.4651162790697674, 1.0)",2,98.80232558139537,44517
"(0.9791666666666666, 0.9958333333333332)",1,98.80000000000008,44518
"(0.9916666666666668, 0.9958333333333332)",2,98.80000000000008,44520
"(0.925, 0.9958333333333332)",1,98.80000000000008,44521
"(0.925, 0.9958333333333332)",1,98.80000000000008,44522
"(0.8541666666666666, 0.9958333333333332)",1,98.80000000000008,44523
"(0.9791666666666666, 0.9958333333333332)",1,98.80000000000004,44524
"(1.0, 0.9666666666666668)",1,98.80000000000004,44525
"(0.9333333333333332, 1.0)",1,98.80000000000004,44526
"(0.975, 0.9958333333333332)",2,98.80000000000004,44528
"(0.95, 0.9958333333333332)",1,98.80000000000004,44529
"(0.9041666666666668, 0.9958333333333332)",1,98.80000000000004,44530
"(0.9916666666666668, 0.9958333333333332)",1,98.80000000000004,44531
"(0.975, 0.9958333333333332)",1,98.80000000000004,44532
"(0.9458333333333332, 0.9958333333333332)",1,98.80000000000004,44533
"(0.9, 1.0)",2,98.80000000000004,44535
"(0.9, 1.0)",1,98.80000000000004,44536
"(0.7666666666666667, 1.0)",1,98.80000000000004,44537
"(0.8833333333333333, 1.0)",1,98.80000000000004,44538
"(0.8333333333333334, 0.9833333333333332)",1,98.80000000000004,44539
"(0.8666666666666667, 1.0)",2,98.80000000000004,44541
"(0.8333333333333334, 1.0)",2,98.8,44543
"(0.7166666666666667, 1.0)",1,98.8,44544
"(0.8833333333333333, 1.0)",9,98.8,44553
"(0.8833333333333333, 1.0)",1,98.8,44554
"(0.8333333333333334, 1.0)",1,98.8,44555
"(0.8166666666666667, 1.0)",3,98.8,44558
"(0.7333333333333333, 1.0)",1,98.8,44559
"(0.7166666666666667, 1.0)",2,98.8,44561
"(0.8, 1.0)",1,98.8,44562
"(0.9, 1.0)",1,98.8,44563
"(1.0, 1.0)",1,98.8,44564
"(0.9166666666666666, 1.0)",2,98.8,44566
"(0.9, 1.0)",3,98.8,44569
"(1.0, 1.0)",6,98.8,44575
"(0.5833333333333334, 1.0)",1,98.8,44576
"(0.9333333333333332, 1.0)",1,98.8,44577
"(0.85, 1.0)",1,98.8,44578
"(0.9333333333333332, 1.0)",4,98.8,44582
"(0.8666666666666667, 1.0)",5,98.8,44587
"(0.95, 1.0)",8,98.8,44595
"(0.9833333333333332, 1.0)",2,98.8,44597
"(0.9833333333333332, 1.0)",1,98.8,44598
"(0.9666666666666668, 1.0)",4,98.8,44602
"(0.9666666666666668, 1.0)",1,98.8,44603
"(0.85, 1.0)",4,98.8,44607
"(0.95, 1.0)",1,98.8,44608
"(0.9166666666666666, 1.0)",1,98.8,44609
"(0.9916666666666668, 0.9916666666666668)",1,98.8,44610
"(0.8666666666666667, 1.0)",3,98.8,44613
"(0.9291666666666668, 0.9958333333333332)",1,98.79999999999986,44614
"(0.9, 0.9916666666666668)",1,98.79999999999978,44615
"(0.9035087719298246, 0.9912280701754386)",3,98.79824561403508,44618
"(0.8625, 0.9958333333333332)",1,98.79583333333343,44619
"(0.9375, 0.9958333333333332)",1,98.79583333333342,44620
"(0.9875, 0.9958333333333332)",2,98.79583333333342,44622
"(0.975, 0.9958333333333332)",1,98.79583333333342,44623
"(0.8625, 0.9958333333333332)",1,98.7958333333334,44624
"(0.9458333333333332, 0.9958333333333332)",1,98.7958333333334,44625
"(0.9125, 0.9958333333333332)",1,98.7958333333334,44626
"(0.975, 0.9958333333333332)",1,98.7958333333334,44627
"(0.9, 0.9958333333333332)",1,98.7958333333334,44628
"(0.9375, 0.9958333333333332)",1,98.79583333333338,44629
"(0.925, 0.9958333333333332)",1,98.79583333333338,44630
"(0.9791666666666666, 0.9958333333333332)",1,98.79583333333336,44631
"(0.9708333333333332, 0.9958333333333332)",2,98.79583333333336,44633
"(0.9833333333333332, 0.9958333333333332)",1,98.79583333333336,44634
"(0.9166666666666666, 0.9958333333333332)",1,98.79583333333336,44635
"(0.9375, 0.9958333333333332)",2,98.79583333333336,44637
"(0.9791666666666666, 1.0)",1,98.79583333333336,44638
"(0.825, 0.9958333333333332)",1,98.79583333333336,44639
"(0.9291666666666668, 0.9958333333333332)",1,98.79583333333336,44640
"(0.95, 0.9958333333333332)",2,98.79583333333336,44642
"(0.9625, 0.9958333333333332)",1,98.79583333333336,44643
"(0.9875, 0.9958333333333332)",1,98.79583333333336,44644
"(0.9375, 0.9958333333333332)",1,98.79583333333332,44645
"(0.9458333333333332, 0.9958333333333332)",1,98.7958333333332,44646
"(0.9, 0.9916666666666668)",1,98.79583333333312,44647
"(0.8958333333333334, 0.9916666666666668)",1,98.7958333333331,44648
"(0.95, 0.9916666666666668)",1,98.7958333333331,44649
"(0.7307692307692307, 1.0)",1,98.7948717948718,44650
"(0.9429824561403508, 0.9912280701754386)",1,98.7938596491228,44651
"(0.8859649122807017, 0.9912280701754386)",1,98.7938596491228,44652
"(0.8007575757575758, 0.9988636363636364)",1,98.79356060606062,44653
"(0.9, 0.9958333333333332)",2,98.79166666666676,44655
"(0.9625, 0.9958333333333332)",1,98.79166666666676,44656
"(0.925, 0.9958333333333332)",1,98.79166666666671,44657
"(0.9375, 0.9958333333333332)",1,98.79166666666671,44658
"(0.8375, 0.9958333333333332)",1,98.79166666666671,44659
"(0.925, 0.9958333333333332)",1,98.79166666666671,44660
"(0.8375, 0.9958333333333332)",1,98.79166666666671,44661
"(0.9666666666666668, 0.9958333333333332)",1,98.7916666666667,44662
"(0.9833333333333332, 0.9958333333333332)",1,98.7916666666667,44663
"(0.9541666666666668, 0.9958333333333332)",1,98.7916666666667,44664
"(0.975, 0.9958333333333332)",2,98.7916666666667,44666
"(0.9875, 0.9958333333333332)",1,98.7916666666667,44667
"(0.9791666666666666, 0.9958333333333332)",2,98.7916666666667,44669
"(0.9041666666666668, 0.9958333333333332)",1,98.7916666666667,44670
"(0.9791666666666666, 0.9958333333333332)",1,98.79166666666669,44671
"(0.9666666666666668, 0.9958333333333332)",1,98.79166666666669,44672
"(0.9208333333333332, 0.9958333333333332)",1,98.79166666666669,44673
"(0.9916666666666668, 0.9958333333333332)",2,98.79166666666669,44675
"(0.8611111111111112, 1.0)",3,98.79166666666669,44678
"(0.9722222222222222, 1.0)",1,98.79166666666669,44679
"(0.8194444444444444, 1.0)",1,98.79166666666669,44680
"(0.9027777777777778, 1.0)",1,98.79166666666669,44681
"(0.9583333333333334, 0.9958333333333332)",1,98.79166666666669,44682
"(0.9305555555555556, 1.0)",3,98.79166666666669,44685
"(0.9833333333333332, 0.9958333333333332)",1,98.79166666666669,44686
"(0.7083333333333334, 1.0)",1,98.79166666666669,44687
"(0.8888888888888888, 1.0)",2,98.79166666666666,44689
"(0.7638888888888888, 1.0)",1,98.79166666666666,44690
"(0.9583333333333334, 1.0)",1,98.79166666666666,44691
"(0.6805555555555556, 1.0)",1,98.79166666666666,44692
"(0.8472222222222222, 1.0)",1,98.79166666666666,44693
"(0.8611111111111112, 1.0)",2,98.79166666666666,44695
"(0.5972222222222222, 1.0)",1,98.79166666666666,44696
"(0.9305555555555556, 1.0)",3,98.79166666666666,44699
"(0.9444444444444444, 1.0)",8,98.79166666666666,44707
"(0.8333333333333334, 1.0)",3,98.79166666666666,44710
"(0.625, 1.0)",2,98.79166666666666,44712
"(0.8055555555555556, 1.0)",2,98.79166666666666,44714
"(0.75, 1.0)",3,98.79166666666666,44717
"(0.9166666666666666, 1.0)",1,98.79166666666666,44718
"(0.7083333333333334, 1.0)",1,98.79166666666666,44719
"(0.8194444444444444, 1.0)",3,98.79166666666666,44722
"(0.875, 1.0)",1,98.79166666666666,44723
"(0.9875, 0.9958333333333332)",1,98.79166666666664,44724
"(0.9333333333333332, 0.9916666666666668)",1,98.79166666666646,44725
"(0.9291666666666668, 0.9916666666666668)",1,98.79166666666646,44726
"(0.9416666666666668, 0.9916666666666668)",1,98.79166666666646,44727
"(0.95, 0.9916666666666668)",2,98.7916666666664,44729
"(0.9186046511627908, 0.9883720930232558)",1,98.79069767441877,44730
"(0.3372093023255814, 1.0)",1,98.7906976744186,44731
"(0.6162790697674418, 1.0)",3,98.7906976744186,44734
"(0.4651162790697674, 1.0)",1,98.7906976744186,44735
"(0.9916666666666668, 0.9958333333333332)",1,98.78750000000008,44736
"(0.9666666666666668, 0.9958333333333332)",1,98.78750000000008,44737
"(0.8916666666666667, 0.9958333333333332)",1,98.78750000000008,44738
"(0.9833333333333332, 0.9958333333333332)",2,98.78750000000008,44740
"(0.8958333333333334, 0.9958333333333332)",1,98.78750000000008,44741
"(0.95, 0.9958333333333332)",1,98.78750000000008,44742
"(0.9208333333333332, 0.9958333333333332)",1,98.78750000000004,44743
"(0.9625, 0.9958333333333332)",1,98.78750000000004,44744
"(0.975, 0.9958333333333332)",1,98.78750000000004,44745
"(0.95, 0.9958333333333332)",1,98.78750000000004,44746
"(0.8625, 0.9958333333333332)",1,98.78750000000004,44747
"(0.8791666666666667, 0.9958333333333332)",1,98.78750000000004,44748
"(0.9833333333333332, 0.9958333333333332)",1,98.78750000000004,44749
"(0.9791666666666666, 0.9958333333333332)",1,98.78750000000004,44750
"(0.9333333333333332, 0.9958333333333332)",1,98.78750000000002,44751
"(0.9666666666666668, 0.9958333333333332)",1,98.78750000000002,44752
"(0.9916666666666668, 0.9958333333333332)",1,98.78750000000002,44753
"(0.9625, 0.9958333333333332)",1,98.78750000000002,44754
"(0.9833333333333332, 0.9958333333333332)",2,98.78750000000002,44756
"(0.85, 0.9958333333333332)",1,98.78750000000002,44757
"(0.9875, 0.9958333333333332)",1,98.78750000000002,44758
"(0.509469696969697, 0.999621212121212)",1,98.7875,44759
"(0.9625, 0.9958333333333332)",1,98.7875,44760
"(0.975, 1.0)",1,98.7875,44761
"(0.9208333333333332, 0.9958333333333332)",1,98.78749999999997,44762
"(0.9875, 0.9916666666666668)",1,98.78749999999992,44763
"(0.9791666666666666, 0.9916666666666668)",1,98.7874999999999,44764
"(0.9083333333333332, 0.9875)",2,98.78749999999988,44766
"(0.9208333333333332, 0.9916666666666668)",2,98.78749999999978,44768
"(0.8958333333333334, 0.9916666666666668)",1,98.78749999999972,44769
"(0.5333333333333333, 0.9992424242424244)",1,98.78636363636365,44770
"(0.9429824561403508, 0.9912280701754386)",1,98.78508771929825,44771
"(0.9541666666666668, 0.9958333333333332)",1,98.78333333333345,44772
"(0.8541666666666666, 0.9958333333333332)",1,98.78333333333342,44773
"(0.8958333333333334, 0.9958333333333332)",1,98.78333333333342,44774
"(0.9208333333333332, 0.9958333333333332)",1,98.7833333333334,44775
"(1.0, 0.9833333333333332)",2,98.7833333333334,44777
"(0.9041666666666668, 0.9958333333333332)",1,98.7833333333334,44778
"(0.9791666666666666, 0.9958333333333332)",1,98.7833333333334,44779
"(0.9541666666666668, 0.9958333333333332)",1,98.7833333333334,44780
"(0.8375, 0.9958333333333332)",1,98.7833333333334,44781
"(0.9625, 0.9958333333333332)",1,98.7833333333334,44782
"(0.9291666666666668, 0.9958333333333332)",1,98.7833333333334,44783
"(0.8666666666666667, 0.9833333333333332)",2,98.78333333333336,44785
"(0.7666666666666667, 1.0)",3,98.78333333333336,44788
"(0.9833333333333332, 0.9958333333333332)",1,98.78333333333336,44789
"(0.9, 0.9833333333333332)",1,98.78333333333336,44790
"(0.9625, 0.9958333333333332)",1,98.78333333333336,44791
"(1.0, 1.0)",1,98.78333333333336,44792
"(0.9, 0.9666666666666668)",1,98.78333333333336,44793
"(0.9791666666666666, 0.9958333333333332)",1,98.78333333333336,44794
"(0.9666666666666668, 1.0)",1,98.78333333333336,44795
"(1.0, 0.9666666666666668)",1,98.78333333333336,44796
"(0.9875, 0.9958333333333332)",2,98.78333333333336,44798
"(0.95, 1.0)",1,98.78333333333336,44799
"(0.9333333333333332, 0.9958333333333332)",1,98.78333333333336,44800
"(0.9166666666666666, 1.0)",1,98.78333333333336,44801
"(0.9916666666666668, 0.9958333333333332)",2,98.78333333333336,44803
"(0.85, 1.0)",1,98.78333333333336,44804
"(0.7833333333333333, 1.0)",1,98.78333333333336,44805
"(0.8333333333333334, 1.0)",2,98.78333333333336,44807
"(0.9, 1.0)",1,98.78333333333336,44808
"(1.0, 1.0)",2,98.78333333333336,44810
"(0.7666666666666667, 0.9833333333333332)",1,98.78333333333336,44811
"(0.8833333333333333, 1.0)",1,98.78333333333336,44812
"(0.9833333333333332, 1.0)",1,98.78333333333336,44813
"(0.8166666666666667, 0.9833333333333332)",2,98.78333333333336,44815
"(0.9625, 0.9958333333333332)",1,98.78333333333336,44816
"(0.9, 1.0)",1,98.78333333333336,44817
"(0.9833333333333332, 0.9958333333333332)",1,98.78333333333336,44818
"(0.975, 1.0)",1,98.78333333333332,44819
"(0.9333333333333332, 1.0)",2,98.78333333333332,44821
"(0.9166666666666666, 1.0)",3,98.78333333333332,44824
"(0.8333333333333334, 1.0)",1,98.78333333333332,44825
"(0.7666666666666667, 1.0)",2,98.78333333333332,44827
"(0.85, 1.0)",3,98.78333333333332,44830
"(0.9, 1.0)",3,98.78333333333332,44833
"(0.7166666666666667, 1.0)",1,98.78333333333332,44834
"(0.8, 1.0)",1,98.78333333333332,44835
"(0.9958333333333332, 1.0)",1,98.78333333333332,44836
"(0.8833333333333333, 1.0)",3,98.78333333333332,44839
"(0.9666666666666668, 1.0)",1,98.78333333333332,44840
"(0.95, 1.0)",4,98.78333333333332,44844
"(0.7, 1.0)",4,98.78333333333332,44848
"(0.6666666666666666, 1.0)",1,98.78333333333332,44849
"(0.8166666666666667, 1.0)",1,98.78333333333332,44850
"(0.8666666666666667, 1.0)",6,98.78333333333332,44856
"(0.7333333333333333, 1.0)",2,98.78333333333332,44858
"(1.0, 1.0)",4,98.78333333333332,44862
"(0.9833333333333332, 1.0)",5,98.78333333333332,44867
"(0.9875, 0.9916666666666668)",1,98.78333333333326,44868
"(0.9458333333333332, 0.9958333333333332)",2,98.78333333333325,44870
"(0.9, 0.9916666666666668)",1,98.78333333333312,44871
"(0.8625, 0.9916666666666668)",1,98.78333333333312,44872
"(0.9333333333333332, 0.9916666666666668)",1,98.7833333333331,44873
"(0.8833333333333333, 0.9916666666666668)",1,98.7833333333331,44874
"(0.95, 0.9916666666666668)",1,98.78333333333306,44875
"(0.6923076923076923, 1.0)",1,98.78205128205128,44876
"(0.8076923076923077, 1.0)",1,98.78205128205128,44877
"(0.4462121212121212, 0.999621212121212)",3,98.7818181818182,44880
"(0.5496212121212121, 1.0)",1,98.78068181818182,44881
"(0.9541666666666668, 0.9958333333333332)",1,98.77916666666675,44882
"(0.925, 0.9958333333333332)",1,98.77916666666674,44883
"(0.9333333333333332, 0.9958333333333332)",1,98.77916666666674,44884
"(0.9333333333333332, 0.9958333333333332)",1,98.77916666666673,44885
"(0.9416666666666668, 0.9958333333333332)",1,98.77916666666673,44886
"(0.8625, 0.9958333333333332)",1,98.77916666666673,44887
"(0.875, 0.9958333333333332)",1,98.77916666666673,44888
"(0.9833333333333332, 0.9958333333333332)",2,98.77916666666673,44890
"(0.975, 0.9958333333333332)",2,98.7791666666667,44892
"(0.8375, 0.9958333333333332)",1,98.7791666666667,44893
"(0.9375, 0.9958333333333332)",1,98.7791666666667,44894
"(0.9958333333333332, 0.9958333333333332)",2,98.7791666666667,44896
"(0.8625, 0.9958333333333332)",1,98.7791666666667,44897
"(0.9125, 0.9958333333333332)",1,98.7791666666667,44898
"(0.9708333333333332, 0.9958333333333332)",2,98.7791666666667,44900
"(0.9791666666666666, 0.9958333333333332)",1,98.77916666666668,44901
"(0.975, 0.9958333333333332)",1,98.77916666666668,44902
"(0.9166666666666666, 0.9958333333333332)",1,98.77916666666668,44903
"(0.9875, 0.9875)",1,98.77916666666658,44904
"(0.925, 0.9875)",1,98.77916666666655,44905
"(0.9791666666666666, 0.9875)",1,98.77916666666653,44906
"(0.9041666666666668, 0.9916666666666668)",1,98.77916666666646,44907
"(0.9302325581395348, 0.9883720930232558)",1,98.77906976744202,44908
"(0.8372093023255814, 0.9883720930232558)",1,98.77906976744202,44909
"(0.8837209302325582, 1.0)",1,98.77906976744188,44910
"(0.6162790697674418, 1.0)",1,98.77906976744188,44911
"(0.4651162790697674, 1.0)",1,98.77906976744184,44912
"(0.8255813953488372, 1.0)",2,98.77906976744184,44914
"(0.3255813953488372, 1.0)",1,98.77906976744184,44915
"(0.9444444444444444, 1.0)",2,98.7777777777778,44917
"(0.7777777777777778, 1.0)",4,98.7777777777778,44921
"(0.8194444444444444, 1.0)",1,98.7777777777778,44922
"(0.8472222222222222, 1.0)",1,98.7777777777778,44923
"(0.9166666666666666, 1.0)",1,98.7777777777778,44924
"(0.8333333333333334, 1.0)",1,98.7777777777778,44925
"(0.8194444444444444, 1.0)",5,98.77777777777776,44930
"(0.7222222222222222, 1.0)",1,98.77777777777776,44931
"(0.6527777777777778, 1.0)",1,98.77777777777776,44932
"(0.9027777777777778, 1.0)",1,98.77777777777776,44933
"(0.6111111111111112, 1.0)",1,98.77777777777776,44934
"(0.7361111111111112, 1.0)",2,98.77777777777776,44936
"(0.9444444444444444, 1.0)",3,98.77777777777776,44939
"(0.9305555555555556, 1.0)",2,98.77777777777776,44941
"(0.8333333333333334, 1.0)",4,98.77777777777776,44945
"(0.6805555555555556, 1.0)",1,98.77777777777776,44946
"(0.75, 1.0)",5,98.77777777777776,44951
"(0.8055555555555556, 1.0)",4,98.77777777777776,44955
"(0.7777777777777778, 1.0)",1,98.77777777777776,44956
"(0.7638888888888888, 1.0)",2,98.77777777777776,44958
"(0.7083333333333334, 1.0)",3,98.77777777777776,44961
"(0.8888888888888888, 1.0)",2,98.77777777777776,44963
"(0.9035087719298246, 0.9912280701754386)",3,98.77631578947368,44966
"(0.47625, 0.99875)",1,98.77625000000008,44967
"(0.9083333333333332, 0.9958333333333332)",1,98.77500000000012,44968
"(0.9833333333333332, 0.9958333333333332)",1,98.77500000000008,44969
"(0.9, 0.9958333333333332)",1,98.77500000000008,44970
"(0.8666666666666667, 0.9958333333333332)",2,98.77500000000008,44972
"(0.9666666666666668, 0.9958333333333332)",1,98.77500000000008,44973
"(0.9666666666666668, 0.9958333333333332)",1,98.77500000000008,44974
"(0.9791666666666666, 0.9958333333333332)",1,98.77500000000003,44975
"(0.9625, 0.9958333333333332)",1,98.77500000000003,44976
"(0.9666666666666668, 0.9958333333333332)",1,98.77500000000003,44977
"(0.8916666666666667, 0.9958333333333332)",1,98.77500000000003,44978
"(0.9708333333333332, 0.9958333333333332)",4,98.77500000000003,44982
"(0.975, 0.9958333333333332)",1,98.77500000000003,44983
"(0.9916666666666668, 0.9958333333333332)",1,98.77500000000002,44984
"(0.875, 0.9958333333333332)",1,98.77500000000002,44985
"(0.9875, 0.9958333333333332)",1,98.77500000000002,44986
"(1.0, 0.9958333333333332)",1,98.77500000000002,44987
"(0.925, 0.9958333333333332)",1,98.77500000000002,44988
"(0.5208333333333334, 0.999621212121212)",1,98.775,44989
"(0.9375, 0.9833333333333332)",1,98.77499999999996,44990
"(0.9458333333333332, 0.9958333333333332)",1,98.7749999999999,44991
"(0.95, 0.9916666666666668)",1,98.77499999999984,44992
"(0.9208333333333332, 0.9875)",2,98.77499999999982,44994
"(0.9, 0.9916666666666668)",2,98.7749999999998,44996
"(0.8958333333333334, 0.9916666666666668)",1,98.7749999999998,44997
"(0.5189393939393939, 0.9992424242424244)",3,98.7727272727273,45000
"(0.9791666666666666, 0.9958333333333332)",1,98.77083333333346,45001
"(0.9041666666666668, 0.9958333333333332)",1,98.77083333333344,45002
"(0.9458333333333332, 0.9958333333333332)",1,98.77083333333344,45003
"(0.9083333333333332, 0.9958333333333332)",1,98.77083333333344,45004
"(0.9125, 0.9958333333333332)",1,98.77083333333344,45005
"(0.9375, 0.9958333333333332)",2,98.77083333333344,45007
"(0.9, 0.9958333333333332)",1,98.77083333333336,45008
"(0.9875, 0.9958333333333332)",1,98.77083333333336,45009
"(0.9833333333333332, 0.9958333333333332)",4,98.77083333333336,45013
"(0.9791666666666666, 0.9958333333333332)",1,98.77083333333336,45014
"(0.9375, 0.9958333333333332)",1,98.77083333333336,45015
"(0.9458333333333332, 0.9958333333333332)",1,98.77083333333336,45016
"(0.9916666666666668, 0.9958333333333332)",2,98.77083333333336,45018
"(0.9666666666666668, 1.0)",1,98.77083333333334,45019
"(0.975, 0.9958333333333332)",1,98.77083333333331,45020
"(0.9041666666666668, 0.9958333333333332)",1,98.77083333333329,45021
"(0.9791666666666666, 0.9958333333333332)",1,98.77083333333329,45022
"(0.9208333333333332, 0.9916666666666668)",1,98.77083333333312,45023
"(0.9416666666666668, 0.9916666666666668)",1,98.77083333333312,45024
"(0.9, 0.9916666666666668)",1,98.77083333333312,45025
"(0.8541666666666666, 0.9916666666666668)",1,98.7708333333331,45026
"(0.4242424242424242, 0.9992424242424244)",3,98.77045454545456,45029
"(0.717948717948718, 1.0)",1,98.76923076923076,45030
"(0.7307692307692307, 1.0)",1,98.76923076923076,45031
"(0.6794871794871795, 1.0)",1,98.76923076923076,45032
"(0.603030303030303, 1.0)",1,98.7689393939394,45033
"(0.9473684210526316, 0.9912280701754386)",2,98.76754385964912,45035
"(0.925438596491228, 0.9912280701754386)",2,98.76754385964912,45037
"(0.9385964912280702, 0.9912280701754386)",1,98.76754385964912,45038
"(0.9078947368421052, 0.9912280701754386)",1,98.76754385964912,45039
"(0.6162790697674418, 1.0)",1,98.76744186046513,45040
"(0.3372093023255814, 1.0)",1,98.76744186046513,45041
"(0.9833333333333332, 0.9958333333333332)",1,98.76666666666677,45042
"(0.9916666666666668, 0.9958333333333332)",1,98.76666666666674,45043
"(0.9791666666666666, 0.9958333333333332)",1,98.76666666666672,45044
"(0.9375, 0.9958333333333332)",1,98.76666666666672,45045
"(0.85, 0.9666666666666668)",2,98.76666666666672,45047
"(0.8666666666666667, 0.9958333333333332)",1,98.76666666666672,45048
"(0.95, 0.9958333333333332)",2,98.76666666666672,45050
"(0.8666666666666667, 1.0)",1,98.7666666666667,45051
"(0.925, 0.9958333333333332)",1,98.7666666666667,45052
"(0.9958333333333332, 0.9958333333333332)",1,98.7666666666667,45053
"(0.8833333333333333, 0.9833333333333332)",1,98.7666666666667,45054
"(0.9916666666666668, 0.9958333333333332)",2,98.7666666666667,45056
"(0.9166666666666666, 1.0)",2,98.7666666666667,45058
"(0.9875, 0.9958333333333332)",3,98.7666666666667,45061
"(0.975, 0.9958333333333332)",3,98.7666666666667,45064
"(0.9, 0.9958333333333332)",1,98.7666666666667,45065
"(0.8166666666666667, 1.0)",1,98.7666666666667,45066
"(0.9833333333333332, 1.0)",2,98.7666666666667,45068
"(0.8, 1.0)",1,98.7666666666667,45069
"(0.8333333333333334, 1.0)",1,98.7666666666667,45070
"(0.8666666666666667, 1.0)",3,98.76666666666668,45073
"(0.85, 1.0)",1,98.76666666666668,45074
"(0.9166666666666666, 0.9958333333333332)",1,98.76666666666668,45075
"(0.9666666666666668, 1.0)",3,98.76666666666668,45078
"(0.75, 1.0)",2,98.76666666666668,45080
"(0.8833333333333333, 1.0)",7,98.76666666666668,45087
"(0.8833333333333333, 1.0)",2,98.76666666666668,45089
"(0.85, 1.0)",7,98.76666666666668,45096
"(0.9, 1.0)",3,98.76666666666668,45099
"(0.6833333333333333, 1.0)",1,98.76666666666668,45100
"(0.9791666666666666, 1.0)",1,98.76666666666668,45101
"(0.8333333333333334, 1.0)",2,98.76666666666668,45103
"(0.9833333333333332, 1.0)",2,98.76666666666668,45105
"(0.7, 1.0)",2,98.76666666666668,45107
"(0.8333333333333334, 1.0)",1,98.76666666666668,45108
"(1.0, 1.0)",1,98.76666666666668,45109
"(0.7333333333333333, 1.0)",4,98.76666666666668,45113
"(1.0, 1.0)",13,98.76666666666668,45126
"(0.8, 1.0)",2,98.76666666666668,45128
"(0.9, 1.0)",3,98.76666666666668,45131
"(0.8666666666666667, 1.0)",1,98.76666666666668,45132
"(0.9333333333333332, 1.0)",1,98.76666666666668,45133
"(0.8166666666666667, 1.0)",2,98.76666666666668,45135
"(0.95, 1.0)",1,98.76666666666668,45136
"(0.8, 1.0)",2,98.76666666666668,45138
"(0.9166666666666666, 1.0)",3,98.76666666666668,45141
"(0.9458333333333332, 0.9916666666666668)",1,98.76666666666652,45142
"(0.9375, 0.9916666666666668)",1,98.76666666666644,45143
"(0.9, 0.9916666666666668)",1,98.76666666666644,45144
"(0.925, 0.9916666666666668)",1,98.76666666666642,45145
"(0.8958333333333334, 0.9916666666666668)",1,98.76666666666638,45146
"(0.5333333333333333, 0.9973484848484848)",1,98.76628787878792,45147
"(0.9305555555555556, 0.9861111111111112)",1,98.7638888888891,45148
"(0.7638888888888888, 0.9722222222222222)",1,98.76388888888904,45149
"(0.8194444444444444, 0.9861111111111112)",1,98.76388888888904,45150
"(0.9444444444444444, 1.0)",1,98.7638888888889,45151
"(0.9027777777777778, 1.0)",4,98.76388888888889,45155
"(0.75, 1.0)",1,98.76388888888889,45156
"(0.7916666666666666, 1.0)",1,98.76388888888889,45157
"(0.8888888888888888, 1.0)",1,98.76388888888889,45158
"(0.6944444444444444, 1.0)",1,98.76388888888889,45159
"(0.7777777777777778, 1.0)",6,98.76388888888889,45165
"(0.625, 1.0)",1,98.76388888888889,45166
"(0.7083333333333334, 1.0)",4,98.76388888888889,45170
"(0.5972222222222222, 1.0)",1,98.76388888888889,45171
"(0.8472222222222222, 1.0)",3,98.76388888888889,45174
"(0.9583333333333334, 1.0)",1,98.76388888888889,45175
"(0.8194444444444444, 1.0)",6,98.76388888888889,45181
"(0.7222222222222222, 1.0)",1,98.76388888888889,45182
"(0.8055555555555556, 1.0)",2,98.76388888888889,45184
"(0.9305555555555556, 1.0)",4,98.76388888888889,45188
"(0.7361111111111112, 1.0)",2,98.76388888888889,45190
"(0.9444444444444444, 1.0)",5,98.76388888888889,45195
"(0.8333333333333334, 1.0)",4,98.76388888888889,45199
"(0.6805555555555556, 1.0)",1,98.76388888888889,45200
"(0.4492424242424242, 0.9984848484848484)",1,98.7632575757576,45201
"(0.9208333333333332, 0.9958333333333332)",1,98.76250000000007,45202
"(0.9041666666666668, 0.9958333333333332)",1,98.76250000000007,45203
"(0.975, 0.9958333333333332)",1,98.76250000000007,45204
"(0.9375, 0.9958333333333332)",2,98.76250000000007,45206
"(0.9875, 0.9958333333333332)",2,98.76250000000007,45208
"(0.9125, 0.9958333333333332)",1,98.76250000000007,45209
"(0.9875, 0.9958333333333332)",1,98.76250000000005,45210
"(0.9791666666666666, 0.9958333333333332)",3,98.76250000000005,45213
"(0.9916666666666668, 0.9958333333333332)",1,98.76250000000005,45214
"(0.975, 0.9958333333333332)",3,98.76250000000005,45217
"(0.925, 0.9958333333333332)",1,98.76250000000005,45218
"(0.9375, 0.9958333333333332)",1,98.76250000000005,45219
"(0.8458333333333333, 0.9958333333333332)",1,98.76250000000005,45220
"(0.9708333333333332, 0.9958333333333332)",1,98.76250000000005,45221
"(0.9833333333333332, 0.9958333333333332)",1,98.76250000000005,45222
"(0.9125, 0.9958333333333332)",2,98.76250000000005,45224
"(0.9833333333333332, 0.9833333333333332)",1,98.76250000000005,45225
"(0.9, 0.9958333333333332)",1,98.76250000000005,45226
"(0.9625, 0.9958333333333332)",2,98.76250000000005,45228
"(0.8625, 0.9958333333333332)",1,98.76250000000005,45229
"(0.8541666666666666, 0.9958333333333332)",1,98.76250000000005,45230
"(0.95, 0.9958333333333332)",2,98.76250000000005,45232
"(0.5068181818181818, 1.0)",1,98.76250000000002,45233
"(0.9, 0.9875)",2,98.76249999999982,45235
"(0.925, 0.9916666666666668)",1,98.7624999999998,45236
"(0.85, 0.9916666666666668)",1,98.76249999999978,45237
"(0.9375, 0.9916666666666668)",1,98.76249999999978,45238
"(0.9166666666666666, 0.9916666666666668)",1,98.76249999999978,45239
"(0.9125, 0.9916666666666668)",1,98.76249999999978,45240
"(0.975, 0.9958333333333332)",1,98.76249999999976,45241
"(0.5106060606060606, 0.9984848484848484)",2,98.75909090909094,45243
"(0.9429824561403508, 0.9912280701754386)",1,98.75877192982456,45244
"(0.9078947368421052, 0.9912280701754386)",3,98.75877192982456,45247
"(0.8541666666666666, 0.9958333333333332)",1,98.75833333333344,45248
"(0.9333333333333332, 0.9958333333333332)",1,98.7583333333334,45249
"(0.9666666666666668, 0.9958333333333332)",1,98.7583333333334,45250
"(0.9291666666666668, 0.9958333333333332)",2,98.75833333333338,45252
"(0.9208333333333332, 0.9958333333333332)",1,98.75833333333338,45253
"(0.95, 0.9958333333333332)",1,98.75833333333335,45254
"(0.9791666666666666, 0.9958333333333332)",1,98.75833333333335,45255
"(0.4992424242424242, 1.0)",3,98.75833333333335,45258
"(0.975, 0.9958333333333332)",1,98.75833333333335,45259
"(0.9791666666666666, 0.9958333333333332)",1,98.75833333333335,45260
"(0.9, 0.9958333333333332)",1,98.75833333333335,45261
"(0.9833333333333332, 0.9958333333333332)",1,98.75833333333335,45262
"(0.9625, 0.9958333333333332)",1,98.75833333333335,45263
"(0.9875, 1.0)",1,98.75833333333334,45264
"(0.9625, 0.9958333333333332)",1,98.75833333333333,45265
"(0.9833333333333332, 0.9916666666666668)",1,98.75833333333328,45266
"(0.9083333333333332, 0.9916666666666668)",1,98.7583333333332,45267
"(0.9583333333333334, 0.9916666666666668)",1,98.75833333333318,45268
"(0.9166666666666666, 0.9916666666666668)",1,98.75833333333313,45269
"(0.8916666666666667, 0.9916666666666668)",1,98.75833333333313,45270
"(0.9625, 0.9916666666666668)",1,98.75833333333306,45271
"(0.8958333333333334, 0.9916666666666668)",1,98.75833333333304,45272
"(0.6794871794871795, 1.0)",1,98.75641025641026,45273
"(0.717948717948718, 1.0)",1,98.75641025641023,45274
"(0.4883720930232558, 1.0)",1,98.75581395348836,45275
"(0.6162790697674418, 1.0)",1,98.75581395348836,45276
"(0.4651162790697674, 1.0)",1,98.75581395348836,45277
"(0.8488372093023255, 1.0)",1,98.75581395348836,45278
"(0.8859649122807017, 0.9912280701754386)",1,98.75438596491226,45279
"(0.7675438596491229, 0.9912280701754386)",1,98.75438596491226,45280
"(0.9385964912280702, 0.9912280701754386)",1,98.75438596491226,45281
"(0.8552631578947368, 0.9912280701754386)",1,98.75438596491226,45282
"(0.9429824561403508, 0.9912280701754386)",4,98.75438596491226,45286
"(0.925438596491228, 0.9912280701754386)",1,98.75438596491226,45287
"(0.9875, 0.9958333333333332)",1,98.75416666666676,45288
"(0.925, 0.9958333333333332)",1,98.75416666666676,45289
"(0.9791666666666666, 0.9958333333333332)",1,98.75416666666676,45290
"(0.975, 0.9958333333333332)",1,98.75416666666672,45291
"(0.9583333333333334, 0.9958333333333332)",1,98.75416666666672,45292
"(0.95, 0.9958333333333332)",1,98.75416666666672,45293
"(0.85, 0.9958333333333332)",1,98.75416666666672,45294
"(0.9166666666666666, 0.9958333333333332)",1,98.7541666666667,45295
"(0.9, 0.9958333333333332)",1,98.7541666666667,45296
"(0.8916666666666667, 0.9958333333333332)",1,98.75416666666668,45297
"(0.9791666666666666, 0.9958333333333332)",1,98.75416666666668,45298
"(0.9458333333333332, 0.9958333333333332)",1,98.75416666666668,45299
"(0.9833333333333332, 0.9958333333333332)",2,98.75416666666668,45301
"(0.9666666666666668, 1.0)",1,98.75416666666663,45302
"(0.975, 1.0)",1,98.75416666666662,45303
"(0.9208333333333332, 0.9916666666666668)",1,98.75416666666652,45304
"(0.9375, 0.9875)",1,98.75416666666648,45305
"(0.8958333333333334, 0.9916666666666668)",2,98.75416666666646,45307
"(0.9, 0.9916666666666668)",2,98.75416666666644,45309
"(0.8833333333333333, 0.9916666666666668)",1,98.75416666666644,45310
"(0.9625, 0.9916666666666668)",1,98.75416666666642,45311
"(0.9041666666666668, 0.9916666666666668)",1,98.7541666666664,45312
"(0.9625, 0.9958333333333332)",1,98.75000000000009,45313
"(0.9291666666666668, 0.9958333333333332)",1,98.75000000000009,45314
"(0.9833333333333332, 0.9958333333333332)",1,98.75000000000009,45315
"(0.9375, 0.9958333333333332)",1,98.75000000000009,45316
"(0.8791666666666667, 0.9958333333333332)",1,98.75000000000009,45317
"(0.9, 0.9958333333333332)",2,98.75000000000009,45319
"(0.9208333333333332, 0.9958333333333332)",1,98.75000000000009,45320
"(0.9583333333333334, 0.9958333333333332)",1,98.75000000000009,45321
"(0.9583333333333334, 0.9958333333333332)",1,98.75000000000006,45322
"(0.9291666666666668, 0.9958333333333332)",1,98.75000000000004,45323
"(0.8666666666666667, 1.0)",1,98.75000000000004,45324
"(0.975, 0.9958333333333332)",3,98.75000000000004,45327
"(0.85, 1.0)",1,98.75000000000004,45328
"(0.7333333333333333, 0.9833333333333332)",1,98.75000000000004,45329
"(0.9208333333333332, 0.9958333333333332)",1,98.75000000000004,45330
"(0.95, 0.9958333333333332)",1,98.75000000000004,45331
"(0.9916666666666668, 0.9958333333333332)",1,98.75000000000004,45332
"(0.8833333333333333, 1.0)",2,98.75000000000004,45334
"(0.9833333333333332, 0.9958333333333332)",1,98.75000000000004,45335
"(0.9166666666666666, 1.0)",1,98.75000000000004,45336
"(0.95, 0.9833333333333332)",1,98.75000000000004,45337
"(0.9833333333333332, 1.0)",1,98.75000000000004,45338
"(0.9833333333333332, 1.0)",1,98.75000000000004,45339
"(0.9444444444444444, 1.0)",1,98.75000000000004,45340
"(0.9875, 0.9958333333333332)",2,98.75000000000004,45342
"(0.9791666666666666, 0.9958333333333332)",1,98.75000000000004,45343
"(0.7222222222222222, 1.0)",2,98.75,45345
"(0.9666666666666668, 1.0)",1,98.75,45346
"(0.7666666666666667, 1.0)",2,98.75,45348
"(0.6833333333333333, 1.0)",1,98.75,45349
"(0.8833333333333333, 1.0)",8,98.75,45357
"(0.6666666666666666, 1.0)",1,98.75,45358
"(0.8833333333333333, 1.0)",2,98.75,45360
"(0.7638888888888888, 1.0)",2,98.75,45362
"(0.9444444444444444, 1.0)",2,98.75,45364
"(0.75, 1.0)",1,98.75,45365
"(0.7833333333333333, 1.0)",3,98.75,45368
"(0.8888888888888888, 1.0)",1,98.75,45369
"(0.6805555555555556, 1.0)",1,98.75,45370
"(0.8611111111111112, 1.0)",1,98.75,45371
"(0.85, 1.0)",4,98.75,45375
"(0.8, 1.0)",2,98.75,45377
"(0.8666666666666667, 1.0)",8,98.75,45385
"(0.95, 1.0)",5,98.75,45390
"(0.8666666666666667, 1.0)",1,98.75,45391
"(0.9333333333333332, 1.0)",1,98.75,45392
"(0.875, 1.0)",1,98.75,45393
"(0.7777777777777778, 1.0)",4,98.75,45397
"(0.9305555555555556, 1.0)",2,98.75,45399
"(0.8194444444444444, 1.0)",7,98.75,45406
"(0.8055555555555556, 1.0)",1,98.75,45407
"(0.9166666666666666, 1.0)",4,98.75,45411
"(0.7166666666666667, 1.0)",1,98.75,45412
"(0.9958333333333332, 1.0)",1,98.75,45413
"(0.9, 1.0)",3,98.75,45416
"(0.7083333333333334, 1.0)",5,98.75,45421
"(0.9722222222222222, 1.0)",1,98.75,45422
"(0.9, 1.0)",1,98.75,45423
"(0.8333333333333334, 1.0)",5,98.75,45428
"(0.9833333333333332, 1.0)",2,98.75,45430
"(0.9444444444444444, 0.9861111111111112)",1,98.75,45431
"(0.7916666666666666, 1.0)",1,98.75,45432
"(0.8166666666666667, 1.0)",1,98.75,45433
"(0.9333333333333332, 1.0)",4,98.75,45437
"(0.7333333333333333, 1.0)",2,98.75,45439
"(1.0, 1.0)",1,98.75,45440
"(0.7361111111111112, 1.0)",2,98.75,45442
"(0.9583333333333334, 1.0)",2,98.75,45444
"(1.0, 1.0)",7,98.75,45451
"(0.8166666666666667, 1.0)",3,98.75,45454
"(0.9458333333333332, 0.9916666666666668)",1,98.74999999999994,45455
"(0.9041666666666668, 0.9958333333333332)",1,98.74999999999991,45456
"(0.925, 0.9875)",2,98.74999999999989,45458
"(0.9166666666666666, 0.9916666666666668)",1,98.7499999999998,45459
"(0.9041666666666668, 0.9916666666666668)",1,98.74999999999974,45460
"(0.975, 0.9958333333333332)",1,98.74583333333344,45461
"(0.9833333333333332, 0.9958333333333332)",1,98.7458333333334,45462
"(0.9166666666666666, 0.9958333333333332)",2,98.7458333333334,45464
"(0.8541666666666666, 0.9958333333333332)",1,98.74583333333338,45465
"(0.9791666666666666, 0.9958333333333332)",1,98.74583333333338,45466
"(0.9916666666666668, 0.9958333333333332)",1,98.74583333333337,45467
"(0.9875, 0.9958333333333332)",2,98.74583333333337,45469
"(0.975, 0.9958333333333332)",1,98.74583333333337,45470
"(0.9791666666666666, 0.9958333333333332)",1,98.74583333333337,45471
"(0.9791666666666666, 1.0)",1,98.74583333333334,45472
"(0.9041666666666668, 0.9958333333333332)",1,98.74583333333328,45473
"(0.9833333333333332, 0.9916666666666668)",1,98.74583333333328,45474
"(0.9791666666666666, 0.9958333333333332)",2,98.74583333333324,45476
"(0.9625, 0.9916666666666668)",1,98.74583333333312,45477
"(0.8791666666666667, 0.9916666666666668)",1,98.74583333333312,45478
"(0.9, 0.9916666666666668)",1,98.74583333333312,45479
"(0.9333333333333332, 0.9916666666666668)",1,98.7458333333331,45480
"(0.9429824561403508, 0.9912280701754386)",1,98.7456140350877,45481
"(0.9473684210526316, 0.9912280701754386)",1,98.7456140350877,45482
"(0.8859649122807017, 0.9912280701754386)",1,98.7456140350877,45483
"(0.8837209302325582, 0.9883720930232558)",1,98.7441860465118,45484
"(0.9069767441860463, 0.9883720930232558)",2,98.7441860465118,45486
"(0.872093023255814, 0.9883720930232558)",1,98.7441860465118,45487
"(0.8837209302325582, 1.0)",1,98.74418604651166,45488
"(0.627906976744186, 1.0)",4,98.74418604651164,45492
"(0.3372093023255814, 1.0)",3,98.74418604651164,45495
"(0.6162790697674418, 1.0)",1,98.74418604651164,45496
"(0.7906976744186046, 1.0)",1,98.74418604651164,45497
"(0.7674418604651163, 1.0)",1,98.74418604651164,45498
"(0.6794871794871795, 1.0)",1,98.74358974358977,45499
"(0.8717948717948718, 1.0)",2,98.74358974358977,45501
"(0.8076923076923077, 1.0)",1,98.74358974358977,45502
"(0.4358974358974359, 1.0)",2,98.74358974358977,45504
"(0.543939393939394, 0.9992424242424244)",2,98.7435606060606,45506
"(0.9125, 0.9958333333333332)",1,98.74166666666676,45507
"(0.9625, 0.9958333333333332)",2,98.74166666666676,45509
"(0.9875, 0.9958333333333332)",1,98.74166666666676,45510
"(0.825, 0.9958333333333332)",1,98.74166666666672,45511
"(0.9916666666666668, 0.9958333333333332)",1,98.74166666666672,45512
"(0.9791666666666666, 0.9958333333333332)",1,98.74166666666672,45513
"(0.9833333333333332, 0.9958333333333332)",1,98.74166666666672,45514
"(0.8666666666666667, 0.9958333333333332)",1,98.74166666666672,45515
"(0.9791666666666666, 0.9958333333333332)",1,98.74166666666672,45516
"(0.9625, 0.9958333333333332)",1,98.74166666666672,45517
"(0.9666666666666668, 0.9958333333333332)",1,98.7416666666667,45518
"(0.9541666666666668, 0.9958333333333332)",1,98.7416666666667,45519
"(0.925, 0.9958333333333332)",1,98.7416666666667,45520
"(0.8375, 0.9958333333333332)",1,98.7416666666667,45521
"(0.9875, 0.9958333333333332)",1,98.7416666666667,45522
"(0.9458333333333332, 0.9958333333333332)",1,98.7416666666667,45523
"(0.9916666666666668, 0.9958333333333332)",1,98.7416666666667,45524
"(0.975, 0.9833333333333332)",1,98.7416666666667,45525
"(0.9708333333333332, 0.9958333333333332)",1,98.74166666666667,45526
"(0.975, 1.0)",1,98.74166666666667,45527
"(0.9875, 0.9958333333333332)",1,98.74166666666667,45528
"(0.9791666666666666, 0.9958333333333332)",1,98.74166666666667,45529
"(0.975, 0.9958333333333332)",3,98.74166666666667,45532
"(0.9791666666666666, 0.9958333333333332)",1,98.74166666666662,45533
"(0.9875, 0.9958333333333332)",1,98.74166666666652,45534
"(0.9833333333333332, 0.9916666666666668)",1,98.74166666666652,45535
"(0.9208333333333332, 0.9916666666666668)",1,98.74166666666646,45536
"(0.925, 0.9916666666666668)",1,98.74166666666645,45537
"(0.85, 0.9916666666666668)",2,98.74166666666645,45539
"(0.875, 0.9916666666666668)",1,98.74166666666645,45540
"(0.9375, 0.9916666666666668)",1,98.74166666666645,45541
"(0.6575757575757576, 0.9984848484848484)",3,98.73939393939398,45544
"(0.4825757575757576, 0.9977272727272728)",1,98.7390151515152,45545
"(0.49875, 0.9975)",1,98.73875000000012,45546
"(0.9375, 0.9958333333333332)",1,98.7375000000001,45547
"(0.9041666666666668, 0.9958333333333332)",1,98.73750000000008,45548
"(0.9875, 0.9958333333333332)",1,98.73750000000004,45549
"(0.9708333333333332, 0.9958333333333332)",1,98.73750000000004,45550
"(0.875, 0.9958333333333332)",1,98.73750000000004,45551
"(0.9833333333333332, 0.9958333333333332)",1,98.73750000000004,45552
"(0.9791666666666666, 0.9958333333333332)",1,98.73750000000004,45553
"(0.9833333333333332, 0.9958333333333332)",1,98.73750000000004,45554
"(0.9916666666666668, 0.9958333333333332)",1,98.73750000000004,45555
"(0.9958333333333332, 0.9958333333333332)",2,98.73750000000004,45557
"(0.825, 0.9958333333333332)",2,98.73750000000004,45559
"(0.9541666666666668, 0.9958333333333332)",1,98.73750000000004,45560
"(0.9958333333333332, 0.9958333333333332)",1,98.73750000000004,45561
"(0.9791666666666666, 0.9958333333333332)",3,98.73750000000004,45564
"(0.9583333333333334, 0.9958333333333332)",1,98.73750000000004,45565
"(0.9416666666666668, 0.9833333333333332)",1,98.7375,45566
"(0.9708333333333332, 0.9875)",1,98.73749999999984,45567
"(0.9833333333333332, 0.9916666666666668)",1,98.73749999999984,45568
"(0.9791666666666666, 0.9916666666666668)",1,98.73749999999984,45569
"(0.975, 0.9875)",1,98.73749999999984,45570
"(0.9291666666666668, 0.9875)",2,98.7374999999998,45572
"(0.95, 0.9916666666666668)",1,98.73749999999978,45573
"(0.9429824561403508, 0.9912280701754386)",1,98.73684210526314,45574
"(0.9385964912280702, 0.9912280701754386)",3,98.73684210526314,45577
"(0.9444444444444444, 1.0)",1,98.73611111111116,45578
"(0.8472222222222222, 1.0)",1,98.73611111111111,45579
"(0.9444444444444444, 1.0)",1,98.73611111111111,45580
"(0.7083333333333334, 1.0)",2,98.73611111111111,45582
"(0.7222222222222222, 1.0)",1,98.73611111111111,45583
"(0.8333333333333334, 1.0)",2,98.73611111111111,45585
"(0.9305555555555556, 1.0)",5,98.73611111111111,45590
"(0.9166666666666666, 1.0)",1,98.73611111111111,45591
"(0.8611111111111112, 1.0)",5,98.73611111111111,45596
"(0.6805555555555556, 1.0)",1,98.73611111111111,45597
"(0.7916666666666666, 1.0)",1,98.73611111111111,45598
"(0.9027777777777778, 1.0)",2,98.73611111111111,45600
"(0.9444444444444444, 1.0)",1,98.73611111111111,45601
"(0.7777777777777778, 1.0)",4,98.73611111111111,45605
"(0.7916666666666666, 1.0)",1,98.73611111111111,45606
"(0.625, 1.0)",1,98.73611111111111,45607
"(0.8194444444444444, 1.0)",7,98.73611111111111,45614
"(0.75, 1.0)",1,98.73611111111111,45615
"(0.8888888888888888, 1.0)",2,98.73611111111111,45617
"(0.9583333333333334, 1.0)",2,98.73611111111111,45619
"(0.540530303030303, 0.9988636363636364)",1,98.73409090909092,45620
"(0.925, 0.9958333333333332)",1,98.73333333333342,45621
"(0.9791666666666666, 0.9958333333333332)",2,98.7333333333334,45623
"(0.9333333333333332, 0.9958333333333332)",1,98.7333333333334,45624
"(0.9041666666666668, 0.9958333333333332)",1,98.7333333333334,45625
"(0.9708333333333332, 0.9958333333333332)",1,98.7333333333334,45626
"(1.0, 0.9833333333333332)",2,98.73333333333338,45628
"(0.9375, 0.9958333333333332)",1,98.73333333333338,45629
"(0.9166666666666666, 1.0)",1,98.73333333333338,45630
"(0.9166666666666666, 0.9833333333333332)",2,98.73333333333338,45632
"(0.5833333333333334, 1.0)",1,98.73333333333336,45633
"(0.8333333333333334, 0.9833333333333332)",1,98.73333333333336,45634
"(0.9, 1.0)",2,98.73333333333336,45636
"(0.8166666666666667, 1.0)",1,98.73333333333336,45637
"(0.8833333333333333, 1.0)",3,98.73333333333336,45640
"(0.825, 0.9958333333333332)",1,98.73333333333336,45641
"(0.9333333333333332, 1.0)",1,98.73333333333336,45642
"(0.9208333333333332, 0.9958333333333332)",1,98.73333333333336,45643
"(0.9541666666666668, 0.9958333333333332)",1,98.73333333333336,45644
"(0.9791666666666666, 0.9958333333333332)",1,98.73333333333336,45645
"(0.9333333333333332, 1.0)",1,98.73333333333336,45646
"(0.95, 0.9958333333333332)",3,98.73333333333336,45649
"(0.9, 0.9833333333333332)",1,98.73333333333336,45650
"(0.95, 1.0)",2,98.73333333333336,45652
"(0.9875, 0.9958333333333332)",1,98.73333333333336,45653
"(0.9666666666666668, 1.0)",1,98.73333333333336,45654
"(0.8666666666666667, 1.0)",1,98.73333333333336,45655
"(0.9166666666666666, 1.0)",1,98.73333333333336,45656
"(0.8666666666666667, 1.0)",2,98.73333333333336,45658
"(0.9125, 0.9958333333333332)",1,98.73333333333336,45659
"(0.85, 1.0)",2,98.73333333333336,45661
"(0.9833333333333332, 1.0)",3,98.73333333333336,45664
"(0.8375, 0.9958333333333332)",1,98.73333333333336,45665
"(0.9041666666666668, 0.9958333333333332)",1,98.73333333333336,45666
"(0.9833333333333332, 1.0)",2,98.73333333333336,45668
"(0.9375, 0.9958333333333332)",1,98.73333333333336,45669
"(0.6333333333333333, 1.0)",1,98.73333333333336,45670
"(0.9583333333333334, 0.9958333333333332)",1,98.73333333333336,45671
"(0.9, 1.0)",2,98.73333333333332,45673
"(0.7833333333333333, 1.0)",3,98.73333333333332,45676
"(0.9833333333333332, 1.0)",6,98.73333333333332,45682
"(0.8833333333333333, 1.0)",4,98.73333333333332,45686
"(0.95, 1.0)",3,98.73333333333332,45689
"(0.7666666666666667, 1.0)",1,98.73333333333332,45690
"(0.85, 1.0)",5,98.73333333333332,45695
"(0.9833333333333332, 1.0)",2,98.73333333333332,45697
"(0.7333333333333333, 1.0)",1,98.73333333333332,45698
"(0.8666666666666667, 1.0)",6,98.73333333333332,45704
"(0.8, 1.0)",2,98.73333333333332,45706
"(1.0, 1.0)",10,98.73333333333332,45716
"(0.8166666666666667, 1.0)",4,98.73333333333332,45720
"(0.9333333333333332, 1.0)",3,98.73333333333332,45723
"(0.9666666666666668, 1.0)",4,98.73333333333332,45727
"(0.8333333333333334, 1.0)",4,98.73333333333332,45731
"(0.9166666666666666, 1.0)",1,98.73333333333332,45732
"(0.9625, 0.9958333333333332)",1,98.7333333333332,45733
"(0.9833333333333332, 0.9958333333333332)",1,98.73333333333318,45734
"(0.9208333333333332, 0.9875)",1,98.73333333333316,45735
"(0.9458333333333332, 0.9916666666666668)",1,98.7333333333331,45736
"(0.9534883720930232, 0.9883720930232558)",1,98.73255813953504,45737
"(0.9186046511627908, 0.9883720930232558)",1,98.73255813953504,45738
"(0.7906976744186046, 1.0)",1,98.73255813953487,45739
"(0.872093023255814, 1.0)",2,98.73255813953487,45741
"(0.6162790697674418, 1.0)",1,98.73255813953487,45742
"(0.4651162790697674, 1.0)",2,98.73255813953487,45744
"(0.5930232558139535, 1.0)",1,98.73255813953487,45745
"(0.3372093023255814, 1.0)",1,98.73255813953487,45746
"(0.9385964912280702, 0.9912280701754386)",1,98.73245614035086,45747
"(0.9473684210526316, 0.9912280701754386)",1,98.73245614035086,45748
"(0.6794871794871795, 1.0)",1,98.73076923076924,45749
"(0.7307692307692307, 1.0)",1,98.73076923076924,45750
"(0.717948717948718, 1.0)",1,98.73076923076924,45751
"(0.9375, 0.9958333333333332)",1,98.72916666666676,45752
"(0.8625, 0.9958333333333332)",1,98.72916666666676,45753
"(0.9291666666666668, 0.9958333333333332)",1,98.72916666666676,45754
"(0.975, 0.9958333333333332)",2,98.72916666666676,45756
"(0.9125, 0.9958333333333332)",1,98.72916666666676,45757
"(0.8625, 0.9958333333333332)",1,98.72916666666674,45758
"(0.8791666666666667, 0.9958333333333332)",1,98.72916666666674,45759
"(0.9333333333333332, 0.9958333333333332)",1,98.72916666666674,45760
"(0.95, 0.9958333333333332)",1,98.72916666666671,45761
"(0.975, 0.9958333333333332)",1,98.72916666666671,45762
"(0.9041666666666668, 0.9958333333333332)",1,98.72916666666671,45763
"(0.9791666666666666, 0.9958333333333332)",1,98.72916666666671,45764
"(0.925, 0.9958333333333332)",1,98.72916666666671,45765
"(0.9916666666666668, 0.9958333333333332)",1,98.72916666666671,45766
"(0.975, 0.9958333333333332)",1,98.7291666666667,45767
"(0.9666666666666668, 0.9958333333333332)",1,98.7291666666667,45768
"(0.8375, 0.9958333333333332)",1,98.7291666666667,45769
"(0.9583333333333334, 0.9958333333333332)",1,98.7291666666667,45770
"(0.9958333333333332, 0.9958333333333332)",1,98.72916666666669,45771
"(0.9625, 0.9916666666666668)",1,98.72916666666644,45772
"(0.9458333333333332, 0.9916666666666668)",1,98.72916666666644,45773
"(0.9208333333333332, 0.9916666666666668)",1,98.72916666666636,45774
"(0.5178030303030303, 0.9988636363636364)",3,98.72840909090914,45777
"(0.8552631578947368, 0.9912280701754386)",3,98.72807017543856,45780
"(0.7763157894736842, 0.9912280701754386)",1,98.72807017543856,45781
"(0.7719298245614035, 0.9912280701754386)",2,98.72807017543856,45783
"(0.9429824561403508, 0.9912280701754386)",2,98.72807017543856,45785
"(0.9385964912280702, 0.9912280701754386)",1,98.72807017543856,45786
"(0.51875, 0.99875)",1,98.72625000000004,45787
"(0.4537878787878788, 1.0)",1,98.7257575757576,45788
"(0.4003787878787879, 0.9977272727272728)",3,98.7253787878788,45791
"(0.9375, 0.9958333333333332)",2,98.7250000000001,45793
"(0.9833333333333332, 0.9958333333333332)",2,98.72500000000008,45795
"(0.8666666666666667, 0.9958333333333332)",1,98.72500000000008,45796
"(0.9875, 0.9958333333333332)",1,98.72500000000008,45797
"(0.9208333333333332, 0.9958333333333332)",1,98.72500000000008,45798
"(0.9416666666666668, 0.9958333333333332)",1,98.72500000000004,45799
"(0.9833333333333332, 0.9958333333333332)",1,98.72500000000004,45800
"(0.85, 0.9958333333333332)",1,98.72500000000004,45801
"(0.8375, 0.9958333333333332)",1,98.72500000000004,45802
"(0.9875, 0.9958333333333332)",1,98.72500000000002,45803
"(0.9791666666666666, 0.9958333333333332)",2,98.72500000000002,45805
"(0.9375, 0.9958333333333332)",1,98.72500000000002,45806
"(0.975, 0.9958333333333332)",1,98.72500000000002,45807
"(0.9583333333333334, 0.9958333333333332)",1,98.72500000000002,45808
"(0.9875, 1.0)",1,98.725,45809
"(0.9958333333333332, 1.0)",1,98.725,45810
"(0.9208333333333332, 0.9958333333333332)",1,98.72499999999998,45811
"(0.975, 1.0)",1,98.72499999999997,45812
"(0.8833333333333333, 0.9916666666666668)",1,98.7249999999998,45813
"(0.9083333333333332, 0.9916666666666668)",1,98.72499999999978,45814
"(0.9125, 0.9916666666666668)",1,98.72499999999978,45815
"(0.9375, 0.9916666666666668)",1,98.72499999999978,45816
"(0.8958333333333334, 0.9916666666666668)",1,98.72499999999978,45817
"(0.9333333333333332, 0.9916666666666668)",1,98.72499999999978,45818
"(0.95, 0.9916666666666668)",1,98.72499999999978,45819
"(0.9416666666666668, 0.9916666666666668)",1,98.72499999999977,45820
"(0.9444444444444444, 0.9861111111111112)",1,98.72222222222244,45821
"(0.9166666666666666, 0.9861111111111112)",1,98.72222222222244,45822
"(0.7638888888888888, 1.0)",1,98.72222222222226,45823
"(0.9166666666666666, 1.0)",3,98.72222222222224,45826
"(0.8333333333333334, 1.0)",4,98.72222222222224,45830
"(0.9027777777777778, 1.0)",1,98.72222222222224,45831
"(0.875, 1.0)",1,98.72222222222224,45832
"(0.9305555555555556, 1.0)",3,98.72222222222224,45835
"(0.7638888888888888, 1.0)",1,98.72222222222224,45836
"(0.9583333333333334, 1.0)",1,98.72222222222224,45837
"(0.9444444444444444, 1.0)",2,98.72222222222224,45839
"(0.75, 1.0)",4,98.72222222222224,45843
"(0.8194444444444444, 1.0)",7,98.72222222222224,45850
"(0.7777777777777778, 1.0)",1,98.72222222222224,45851
"(0.6111111111111112, 1.0)",1,98.72222222222224,45852
"(0.9583333333333334, 1.0)",1,98.72222222222224,45853
"(0.6805555555555556, 1.0)",1,98.72222222222224,45854
"(0.8611111111111112, 0.9861111111111112)",1,98.72222222222224,45855
"(0.8611111111111112, 1.0)",3,98.72222222222224,45858
"(0.7916666666666666, 1.0)",1,98.72222222222224,45859
"(0.7083333333333334, 1.0)",3,98.72222222222224,45862
"(0.8055555555555556, 1.0)",6,98.72222222222224,45868
"(0.8472222222222222, 1.0)",1,98.72222222222224,45869
"(0.9583333333333334, 1.0)",1,98.7222222222222,45870
"(0.7083333333333334, 1.0)",1,98.7222222222222,45871
"(0.8194444444444444, 1.0)",2,98.7222222222222,45873
"(0.7916666666666666, 1.0)",1,98.7222222222222,45874
"(0.8255813953488372, 0.9883720930232558)",1,98.7209302325583,45875
"(0.9186046511627908, 0.9883720930232558)",1,98.7209302325583,45876
"(0.4651162790697674, 1.0)",1,98.72093023255816,45877
"(0.7674418604651163, 1.0)",1,98.72093023255816,45878
"(0.6162790697674418, 1.0)",1,98.72093023255816,45879
"(0.7906976744186046, 1.0)",1,98.72093023255816,45880
"(0.7674418604651163, 1.0)",2,98.72093023255812,45882
"(0.4883720930232558, 1.0)",2,98.72093023255812,45884
"(0.9916666666666668, 0.9958333333333332)",1,98.72083333333345,45885
"(1.0, 0.9958333333333332)",1,98.72083333333345,45886
"(0.9083333333333332, 0.9958333333333332)",1,98.72083333333345,45887
"(0.9208333333333332, 0.9958333333333332)",1,98.72083333333342,45888
"(0.9625, 0.9958333333333332)",1,98.7208333333334,45889
"(0.9333333333333332, 0.9958333333333332)",1,98.7208333333334,45890
"(0.9208333333333332, 0.9958333333333332)",1,98.7208333333334,45891
"(0.9833333333333332, 0.9958333333333332)",1,98.72083333333336,45892
"(0.4723484848484848, 1.0)",1,98.72083333333336,45893
"(0.975, 0.9958333333333332)",1,98.72083333333336,45894
"(0.8375, 0.9958333333333332)",1,98.72083333333336,45895
"(0.5526515151515151, 1.0)",1,98.72083333333336,45896
"(0.9916666666666668, 0.9958333333333332)",1,98.72083333333336,45897
"(0.875, 0.9958333333333332)",1,98.72083333333336,45898
"(0.8791666666666667, 0.9958333333333332)",1,98.72083333333336,45899
"(0.95, 0.9958333333333332)",1,98.72083333333336,45900
"(0.9375, 0.9875)",1,98.72083333333318,45901
"(0.9416666666666668, 0.9916666666666668)",1,98.72083333333303,45902
"(0.9473684210526316, 0.9912280701754386)",1,98.719298245614,45903
"(0.8552631578947368, 0.9912280701754386)",3,98.719298245614,45906
"(0.925438596491228, 0.9912280701754386)",1,98.719298245614,45907
"(0.9385964912280702, 0.9912280701754386)",2,98.719298245614,45909
"(0.7719298245614035, 0.9912280701754386)",1,98.719298245614,45910
"(0.4659090909090909, 0.9981060606060606)",1,98.71818181818183,45911
"(0.8717948717948718, 1.0)",1,98.71794871794872,45912
"(0.9833333333333332, 0.9958333333333332)",1,98.71666666666678,45913
"(0.8958333333333334, 0.9958333333333332)",1,98.71666666666675,45914
"(0.9416666666666668, 0.9958333333333332)",1,98.71666666666675,45915
"(0.9916666666666668, 0.9958333333333332)",1,98.71666666666674,45916
"(0.9708333333333332, 0.9958333333333332)",1,98.71666666666674,45917
"(0.9125, 0.9958333333333332)",1,98.71666666666674,45918
"(0.9208333333333332, 0.9958333333333332)",1,98.71666666666673,45919
"(0.9583333333333334, 0.9958333333333332)",1,98.71666666666673,45920
"(0.8625, 0.9958333333333332)",1,98.71666666666673,45921
"(0.9333333333333332, 1.0)",1,98.71666666666673,45922
"(0.8333333333333334, 0.9833333333333332)",2,98.71666666666673,45924
"(0.9166666666666666, 0.9833333333333332)",1,98.71666666666673,45925
"(0.8666666666666667, 0.9833333333333332)",1,98.71666666666673,45926
"(0.8333333333333334, 1.0)",1,98.71666666666673,45927
"(0.9833333333333332, 0.9958333333333332)",3,98.7166666666667,45930
"(0.8666666666666667, 1.0)",1,98.7166666666667,45931
"(0.9958333333333332, 0.9958333333333332)",1,98.7166666666667,45932
"(0.9875, 0.9958333333333332)",1,98.7166666666667,45933
"(0.7333333333333333, 0.9833333333333332)",1,98.7166666666667,45934
"(0.85, 1.0)",2,98.7166666666667,45936
"(0.9791666666666666, 0.9958333333333332)",1,98.7166666666667,45937
"(0.9166666666666666, 1.0)",1,98.7166666666667,45938
"(0.9, 1.0)",3,98.7166666666667,45941
"(0.8333333333333334, 0.9833333333333332)",1,98.7166666666667,45942
"(0.8875, 0.9958333333333332)",1,98.7166666666667,45943
"(0.8333333333333334, 1.0)",1,98.7166666666667,45944
"(0.9333333333333332, 1.0)",1,98.7166666666667,45945
"(0.4996212121212121, 1.0)",1,98.71666666666668,45946
"(0.9166666666666666, 1.0)",1,98.71666666666668,45947
"(0.8666666666666667, 1.0)",3,98.71666666666668,45950
"(0.8166666666666667, 1.0)",3,98.71666666666668,45953
"(0.85, 1.0)",3,98.71666666666668,45956
"(1.0, 1.0)",15,98.71666666666668,45971
"(0.7666666666666667, 1.0)",1,98.71666666666668,45972
"(0.8833333333333333, 1.0)",2,98.71666666666668,45974
"(0.7666666666666667, 1.0)",1,98.71666666666668,45975
"(0.8, 1.0)",3,98.71666666666668,45978
"(0.9666666666666668, 1.0)",11,98.71666666666668,45989
"(0.75, 1.0)",1,98.71666666666668,45990
"(0.9333333333333332, 1.0)",3,98.71666666666668,45993
"(0.95, 1.0)",3,98.71666666666668,45996
"(0.9833333333333332, 1.0)",6,98.71666666666668,46002
"(0.6833333333333333, 1.0)",1,98.71666666666668,46003
"(0.8333333333333334, 0.9833333333333332)",1,98.71666666666668,46004
"(0.7166666666666667, 1.0)",1,98.71666666666668,46005
"(0.8833333333333333, 0.9833333333333332)",1,98.71666666666668,46006
"(0.9166666666666666, 1.0)",2,98.71666666666668,46008
"(0.7166666666666667, 1.0)",1,98.71666666666668,46009
"(0.85, 1.0)",1,98.71666666666668,46010
"(0.7833333333333333, 1.0)",2,98.71666666666668,46012
"(0.8333333333333334, 1.0)",4,98.71666666666668,46016
"(0.8833333333333333, 1.0)",12,98.71666666666668,46028
"(0.9, 1.0)",2,98.71666666666668,46030
"(0.9875, 1.0)",1,98.7166666666666,46031
"(0.825, 0.9916666666666668)",1,98.7166666666666,46032
"(0.925, 0.9875)",1,98.7166666666665,46033
"(0.9625, 0.9875)",1,98.7166666666665,46034
"(0.9166666666666666, 0.9916666666666668)",1,98.71666666666646,46035
"(0.9208333333333332, 0.9916666666666668)",1,98.71666666666646,46036
"(0.8916666666666667, 0.9916666666666668)",1,98.71666666666644,46037
"(0.9, 0.9916666666666668)",1,98.71666666666644,46038
"(0.9333333333333332, 0.9916666666666668)",1,98.71666666666644,46039
"(0.9166666666666666, 0.9916666666666668)",1,98.71666666666638,46040
"(0.8552631578947368, 0.9912280701754386)",1,98.71491228070174,46041
"(0.9833333333333332, 0.9958333333333332)",1,98.71250000000008,46042
"(0.8625, 0.9958333333333332)",1,98.71250000000008,46043
"(0.9625, 0.9958333333333332)",1,98.71250000000008,46044
"(0.9, 0.9958333333333332)",1,98.71250000000006,46045
"(0.9208333333333332, 0.9958333333333332)",1,98.71250000000006,46046
"(0.9791666666666666, 0.9958333333333332)",1,98.71250000000003,46047
"(0.9833333333333332, 0.9958333333333332)",1,98.71250000000003,46048
"(0.9666666666666668, 0.9958333333333332)",1,98.71250000000003,46049
"(0.9708333333333332, 0.9958333333333332)",1,98.71250000000003,46050
"(0.8375, 0.9958333333333332)",1,98.71250000000003,46051
"(0.975, 0.9958333333333332)",1,98.71250000000003,46052
"(0.825, 0.9958333333333332)",1,98.71250000000003,46053
"(0.95, 0.9958333333333332)",1,98.71250000000003,46054
"(0.9791666666666666, 0.9958333333333332)",1,98.71250000000002,46055
"(0.9875, 1.0)",1,98.71249999999996,46056
"(0.9208333333333332, 0.9958333333333332)",1,98.71249999999992,46057
"(0.9, 0.9875)",1,98.71249999999982,46058
"(0.9166666666666666, 0.9916666666666668)",1,98.7124999999998,46059
"(0.8833333333333333, 0.9916666666666668)",1,98.7124999999998,46060
"(0.9416666666666668, 0.9916666666666668)",1,98.7124999999998,46061
"(0.9541666666666668, 0.9916666666666668)",1,98.7124999999998,46062
"(0.271969696969697, 0.9992424242424244)",3,98.71098484848488,46065
"(0.7675438596491229, 0.9912280701754386)",1,98.71052631578944,46066
"(0.7719298245614035, 0.9912280701754386)",3,98.71052631578944,46069
"(0.9186046511627908, 1.0)",1,98.70930232558143,46070
"(0.4883720930232558, 1.0)",1,98.7093023255814,46071
"(0.872093023255814, 1.0)",1,98.7093023255814,46072
"(0.3372093023255814, 1.0)",2,98.7093023255814,46074
"(0.6162790697674418, 1.0)",1,98.7093023255814,46075
"(0.7674418604651163, 1.0)",1,98.7093023255814,46076
"(0.5930232558139535, 1.0)",1,98.7093023255814,46077
"(0.627906976744186, 1.0)",2,98.7093023255814,46079
"(0.8194444444444444, 1.0)",1,98.70833333333346,46080
"(0.925, 0.9958333333333332)",1,98.70833333333344,46081
"(0.9875, 0.9958333333333332)",1,98.70833333333344,46082
"(0.9291666666666668, 0.9958333333333332)",1,98.70833333333344,46083
"(0.9291666666666668, 0.9958333333333332)",1,98.7083333333334,46084
"(0.9666666666666668, 0.9958333333333332)",1,98.7083333333334,46085
"(0.9444444444444444, 1.0)",1,98.7083333333334,46086
"(0.85, 0.9958333333333332)",1,98.7083333333334,46087
"(0.9375, 0.9958333333333332)",1,98.7083333333334,46088
"(0.9166666666666666, 1.0)",1,98.7083333333334,46089
"(0.9791666666666666, 0.9958333333333332)",1,98.70833333333336,46090
"(0.9125, 0.9958333333333332)",1,98.70833333333336,46091
"(0.9625, 0.9958333333333332)",1,98.70833333333336,46092
"(0.8958333333333334, 0.9958333333333332)",1,98.70833333333336,46093
"(0.9708333333333332, 0.9958333333333332)",1,98.70833333333336,46094
"(0.9833333333333332, 0.9958333333333332)",2,98.70833333333336,46096
"(0.9166666666666666, 1.0)",1,98.70833333333336,46097
"(0.9875, 0.9958333333333332)",1,98.70833333333336,46098
"(0.8611111111111112, 1.0)",1,98.70833333333334,46099
"(0.9166666666666666, 1.0)",2,98.70833333333334,46101
"(0.75, 1.0)",3,98.70833333333334,46104
"(0.7361111111111112, 1.0)",1,98.70833333333334,46105
"(0.95, 1.0)",1,98.70833333333334,46106
"(0.7777777777777778, 1.0)",1,98.70833333333334,46107
"(0.875, 1.0)",2,98.70833333333334,46109
"(0.9444444444444444, 1.0)",1,98.70833333333334,46110
"(0.7777777777777778, 1.0)",1,98.70833333333331,46111
"(0.625, 1.0)",1,98.70833333333331,46112
"(0.8194444444444444, 1.0)",1,98.70833333333331,46113
"(0.9444444444444444, 1.0)",3,98.70833333333331,46116
"(0.75, 1.0)",1,98.70833333333331,46117
"(0.7083333333333334, 1.0)",3,98.70833333333331,46120
"(0.9583333333333334, 1.0)",3,98.70833333333331,46123
"(0.8611111111111112, 1.0)",2,98.70833333333331,46125
"(0.6805555555555556, 1.0)",1,98.70833333333331,46126
"(0.8472222222222222, 1.0)",2,98.70833333333331,46128
"(0.7638888888888888, 1.0)",2,98.70833333333331,46130
"(0.8333333333333334, 1.0)",2,98.70833333333331,46132
"(0.9166666666666666, 1.0)",3,98.70833333333331,46135
"(0.9305555555555556, 1.0)",2,98.70833333333331,46137
"(0.9041666666666668, 0.9958333333333332)",1,98.70833333333329,46138
"(0.9, 0.9875)",1,98.7083333333332,46139
"(0.9208333333333332, 0.9875)",1,98.70833333333316,46140
"(0.9291666666666668, 0.9875)",2,98.70833333333316,46142
"(0.8916666666666667, 0.9875)",1,98.70833333333316,46143
"(0.9166666666666666, 0.9916666666666668)",1,98.70833333333312,46144
"(0.9, 0.9916666666666668)",1,98.70833333333312,46145
"(0.9583333333333334, 0.9916666666666668)",1,98.7083333333331,46146
"(0.9291666666666668, 0.9916666666666668)",1,98.70833333333309,46147
"(0.9385964912280702, 0.9912280701754386)",1,98.70614035087718,46148
"(0.8552631578947368, 0.9912280701754386)",1,98.70614035087718,46149
"(0.5034090909090909, 0.9984848484848484)",3,98.70568181818186,46152
"(0.8076923076923077, 1.0)",1,98.7051282051282,46153
"(0.7307692307692307, 1.0)",1,98.7051282051282,46154
"(0.5512820512820513, 1.0)",1,98.7051282051282,46155
"(0.6794871794871795, 1.0)",1,98.7051282051282,46156
"(0.9375, 0.9958333333333332)",1,98.70416666666678,46157
"(0.95, 0.9958333333333332)",1,98.70416666666677,46158
"(0.9083333333333332, 0.9958333333333332)",1,98.70416666666677,46159
"(0.925, 0.9958333333333332)",1,98.70416666666677,46160
"(0.9, 0.9958333333333332)",1,98.70416666666677,46161
"(0.9625, 0.9958333333333332)",1,98.70416666666677,46162
"(0.9291666666666668, 0.9958333333333332)",1,98.70416666666677,46163
"(0.9791666666666666, 0.9958333333333332)",1,98.70416666666674,46164
"(0.9875, 0.9958333333333332)",2,98.70416666666674,46166
"(0.8666666666666667, 0.9958333333333332)",1,98.70416666666674,46167
"(0.8958333333333334, 0.9958333333333332)",1,98.70416666666674,46168
"(0.8958333333333334, 0.9958333333333332)",1,98.70416666666672,46169
"(0.9208333333333332, 0.9958333333333332)",1,98.70416666666672,46170
"(0.975, 0.9958333333333332)",1,98.70416666666672,46171
"(0.9333333333333332, 0.9958333333333332)",1,98.70416666666672,46172
"(0.3579545454545454, 0.9973484848484848)",1,98.70416666666672,46173
"(0.9791666666666666, 0.9958333333333332)",1,98.7041666666667,46174
"(0.4268939393939394, 0.9988636363636364)",3,98.7041666666667,46177
"(0.9958333333333332, 0.9958333333333332)",1,98.7041666666667,46178
"(0.9041666666666668, 0.9958333333333332)",1,98.7041666666667,46179
"(0.9916666666666668, 0.9958333333333332)",1,98.7041666666667,46180
"(0.95, 1.0)",1,98.70416666666668,46181
"(0.9208333333333332, 0.9916666666666668)",1,98.70416666666662,46182
"(0.975, 1.0)",1,98.70416666666662,46183
"(0.9, 0.9916666666666668)",1,98.70416666666648,46184
"(0.6575, 0.99875)",1,98.7025000000002,46185
"(0.3583333333333333, 0.9992424242424244)",3,98.70227272727274,46188
"(0.9035087719298246, 0.9912280701754386)",3,98.70175438596488,46191
"(0.9473684210526316, 0.9912280701754386)",1,98.70175438596488,46192
"(0.8728070175438597, 0.9912280701754386)",1,98.70175438596488,46193
"(0.6708333333333333, 0.9992424242424244)",1,98.7007575757576,46194
"(0.9875, 0.9958333333333332)",1,98.70000000000012,46195
"(0.9791666666666666, 0.9958333333333332)",1,98.7000000000001,46196
"(0.9166666666666666, 0.9958333333333332)",1,98.70000000000007,46197
"(0.8625, 0.9958333333333332)",2,98.70000000000007,46199
"(0.925, 0.9958333333333332)",1,98.70000000000006,46200
"(0.8666666666666667, 1.0)",1,98.70000000000005,46201
"(0.8375, 0.9958333333333332)",1,98.70000000000005,46202
"(0.9625, 0.9958333333333332)",2,98.70000000000005,46204
"(0.9166666666666666, 1.0)",2,98.70000000000005,46206
"(0.8791666666666667, 0.9958333333333332)",1,98.70000000000005,46207
"(0.9, 0.9666666666666668)",1,98.70000000000005,46208
"(0.9833333333333332, 0.9958333333333332)",1,98.70000000000005,46209
"(0.9875, 0.9958333333333332)",1,98.70000000000005,46210
"(0.75, 1.0)",1,98.70000000000005,46211
"(0.8, 1.0)",1,98.70000000000005,46212
"(0.9333333333333332, 0.9833333333333332)",1,98.70000000000005,46213
"(0.9541666666666668, 0.9958333333333332)",1,98.70000000000005,46214
"(0.9708333333333332, 0.9958333333333332)",1,98.70000000000005,46215
"(0.975, 0.9958333333333332)",1,98.70000000000005,46216
"(0.9166666666666666, 0.9833333333333332)",1,98.70000000000005,46217
"(0.9166666666666666, 1.0)",1,98.70000000000002,46218
"(0.8833333333333333, 1.0)",1,98.70000000000002,46219
"(0.8333333333333334, 1.0)",1,98.70000000000002,46220
"(0.85, 1.0)",1,98.70000000000002,46221
"(0.95, 0.9958333333333332)",2,98.70000000000002,46223
"(0.9, 1.0)",1,98.70000000000002,46224
"(0.8166666666666667, 1.0)",1,98.70000000000002,46225
"(0.95, 1.0)",1,98.70000000000002,46226
"(0.4462121212121212, 0.9988636363636364)",1,98.70000000000002,46227
"(1.0, 1.0)",1,98.70000000000002,46228
"(0.7666666666666667, 0.9833333333333332)",1,98.70000000000002,46229
"(0.7666666666666667, 1.0)",4,98.70000000000002,46233
"(0.85, 0.9833333333333332)",2,98.70000000000002,46235
"(0.8, 1.0)",3,98.7,46238
"(0.7666666666666667, 1.0)",1,98.7,46239
"(0.95, 1.0)",2,98.7,46241
"(0.9166666666666666, 1.0)",2,98.7,46243
"(0.6666666666666666, 1.0)",1,98.7,46244
"(1.0, 1.0)",1,98.7,46245
"(0.8666666666666667, 1.0)",1,98.7,46246
"(0.85, 1.0)",4,98.7,46250
"(0.8666666666666667, 1.0)",5,98.7,46255
"(0.7666666666666667, 1.0)",1,98.7,46256
"(0.7166666666666667, 1.0)",2,98.7,46258
"(0.75, 1.0)",1,98.7,46259
"(0.9666666666666668, 1.0)",4,98.7,46263
"(0.8833333333333333, 1.0)",4,98.7,46267
"(0.85, 1.0)",1,98.7,46268
"(0.7, 1.0)",4,98.7,46272
"(1.0, 1.0)",1,98.7,46273
"(0.6833333333333333, 1.0)",2,98.7,46275
"(0.9833333333333332, 1.0)",1,98.7,46276
"(0.8166666666666667, 1.0)",2,98.7,46278
"(0.8166666666666667, 1.0)",1,98.7,46279
"(0.8333333333333334, 1.0)",2,98.7,46281
"(0.9166666666666666, 1.0)",3,98.7,46284
"(0.9333333333333332, 1.0)",4,98.7,46288
"(0.9833333333333332, 1.0)",1,98.7,46289
"(0.9416666666666668, 0.9958333333333332)",1,98.69999999999996,46290
"(0.9333333333333332, 0.9875)",1,98.69999999999985,46291
"(0.9666666666666668, 0.9875)",1,98.69999999999985,46292
"(0.9291666666666668, 0.9916666666666668)",1,98.6999999999998,46293
"(0.8625, 0.9916666666666668)",1,98.6999999999998,46294
"(0.925, 0.9916666666666668)",2,98.69999999999976,46296
"(0.9186046511627908, 0.9883720930232558)",1,98.69767441860482,46297
"(0.9418604651162792, 0.9883720930232558)",1,98.6976744186048,46298
"(0.8953488372093024, 1.0)",1,98.69767441860468,46299
"(0.6162790697674418, 1.0)",1,98.69767441860463,46300
"(0.3372093023255814, 1.0)",1,98.69767441860463,46301
"(0.8255813953488372, 1.0)",1,98.69767441860463,46302
"(0.9473684210526316, 0.9912280701754386)",1,98.69736842105262,46303
"(0.8552631578947368, 0.9912280701754386)",3,98.69736842105262,46306
"(0.9429824561403508, 0.9912280701754386)",1,98.69736842105262,46307
"(0.443560606060606, 0.9992424242424244)",3,98.69659090909092,46310
"(0.5348484848484848, 0.9992424242424244)",1,98.69621212121214,46311
"(0.9583333333333334, 0.9958333333333332)",1,98.69583333333344,46312
"(0.95, 0.9958333333333332)",1,98.6958333333334,46313
"(0.8541666666666666, 0.9958333333333332)",1,98.6958333333334,46314
"(0.8583333333333333, 0.9958333333333332)",1,98.69583333333338,46315
"(0.9833333333333332, 0.9958333333333332)",1,98.69583333333338,46316
"(0.9875, 0.9958333333333332)",1,98.69583333333335,46317
"(0.9083333333333332, 0.9958333333333332)",1,98.69583333333335,46318
"(0.9916666666666668, 0.9958333333333332)",2,98.69583333333335,46320
"(0.9208333333333332, 0.9958333333333332)",2,98.69583333333335,46322
"(0.9833333333333332, 0.9958333333333332)",1,98.69583333333335,46323
"(0.975, 1.0)",1,98.69583333333334,46324
"(0.9583333333333334, 0.9958333333333332)",1,98.69583333333333,46325
"(0.9541666666666668, 0.9958333333333332)",1,98.69583333333333,46326
"(0.9791666666666666, 0.9916666666666668)",1,98.69583333333328,46327
"(0.9875, 0.9916666666666668)",1,98.6958333333332,46328
"(0.95, 0.9875)",1,98.6958333333332,46329
"(0.95, 0.9875)",1,98.69583333333316,46330
"(0.8916666666666667, 0.9916666666666668)",1,98.69583333333313,46331
"(0.9375, 0.9916666666666668)",1,98.69583333333313,46332
"(0.8958333333333334, 0.9916666666666668)",1,98.69583333333308,46333
"(0.9291666666666668, 0.9916666666666668)",2,98.69583333333306,46335
"(0.5768939393939394, 1.0)",1,98.69469696969698,46336
"(0.6944444444444444, 1.0)",1,98.69444444444444,46337
"(0.7777777777777778, 1.0)",1,98.69444444444444,46338
"(0.9305555555555556, 1.0)",2,98.69444444444444,46340
"(0.8333333333333334, 1.0)",2,98.69444444444444,46342
"(0.7361111111111112, 1.0)",3,98.69444444444444,46345
"(0.7083333333333334, 1.0)",3,98.69444444444444,46348
"(0.8611111111111112, 1.0)",2,98.69444444444444,46350
"(0.7777777777777778, 1.0)",1,98.69444444444444,46351
"(0.9583333333333334, 1.0)",4,98.69444444444444,46355
"(0.8194444444444444, 1.0)",2,98.69444444444444,46357
"(0.875, 1.0)",1,98.69444444444444,46358
"(0.8888888888888888, 1.0)",1,98.69444444444444,46359
"(0.9027777777777778, 1.0)",3,98.69444444444444,46362
"(0.9166666666666666, 1.0)",1,98.69444444444444,46363
"(0.7638888888888888, 1.0)",1,98.69444444444444,46364
"(0.75, 1.0)",2,98.69444444444444,46366
"(0.8472222222222222, 1.0)",1,98.69444444444444,46367
"(0.9444444444444444, 1.0)",3,98.69444444444444,46370
"(0.4901515151515151, 0.999621212121212)",1,98.6943181818182,46371
"(0.4515151515151515, 1.0)",3,98.6943181818182,46374
"(0.9429824561403508, 0.9912280701754386)",1,98.69298245614034,46375
"(0.9385964912280702, 0.9912280701754386)",1,98.69298245614031,46376
"(0.8552631578947368, 0.9912280701754386)",1,98.69298245614031,46377
"(0.8728070175438597, 0.9912280701754386)",1,98.69298245614031,46378
"(0.51875, 1.0)",1,98.69250000000014,46379
"(0.4284090909090909, 0.9992424242424244)",2,98.69242424242428,46381
"(0.9958333333333332, 0.9958333333333332)",1,98.69166666666678,46382
"(0.9791666666666666, 0.9958333333333332)",1,98.69166666666676,46383
"(0.975, 0.9958333333333332)",1,98.69166666666676,46384
"(0.9916666666666668, 0.9958333333333332)",1,98.69166666666676,46385
"(0.9875, 0.9958333333333332)",1,98.69166666666676,46386
"(0.8625, 0.9958333333333332)",2,98.69166666666672,46388
"(0.9333333333333332, 0.9958333333333332)",1,98.69166666666672,46389
"(0.925, 0.9958333333333332)",1,98.69166666666672,46390
"(0.9208333333333332, 0.9958333333333332)",1,98.69166666666672,46391
"(0.9625, 0.9958333333333332)",1,98.69166666666672,46392
"(0.9375, 0.9958333333333332)",1,98.6916666666667,46393
"(0.9958333333333332, 0.9958333333333332)",1,98.69166666666668,46394
"(0.9666666666666668, 0.9958333333333332)",1,98.69166666666668,46395
"(0.9333333333333332, 0.9958333333333332)",1,98.69166666666668,46396
"(0.925, 0.9916666666666668)",1,98.69166666666646,46397
"(0.9333333333333332, 0.9916666666666668)",1,98.69166666666646,46398
"(0.9541666666666668, 0.9916666666666668)",1,98.69166666666646,46399
"(0.9, 0.9916666666666668)",1,98.69166666666646,46400
"(0.8625, 0.9916666666666668)",1,98.69166666666644,46401
"(0.9375, 0.9916666666666668)",1,98.69166666666644,46402
"(0.9208333333333332, 0.9916666666666668)",1,98.6916666666664,46403
"(0.5545454545454546, 0.999621212121212)",1,98.69128787878788,46404
"(0.4602272727272727, 0.9988636363636364)",3,98.69053030303031,46407
"(0.6575757575757576, 0.9988636363636364)",3,98.69015151515156,46410
"(0.4132575757575757, 0.9992424242424244)",3,98.69015151515153,46413
"(0.8859649122807017, 0.9912280701754386)",1,98.68859649122804,46414
"(0.8552631578947368, 0.9912280701754386)",1,98.68859649122804,46415
"(0.4890151515151515, 0.9973484848484848)",1,98.68825757575765,46416
"(0.9375, 0.9958333333333332)",1,98.68750000000011,46417
"(0.9291666666666668, 0.9958333333333332)",1,98.6875000000001,46418
"(0.8625, 0.9958333333333332)",1,98.68750000000009,46419
"(0.85, 0.9958333333333332)",1,98.68750000000009,46420
"(0.9375, 0.9958333333333332)",1,98.68750000000009,46421
"(0.9625, 0.9958333333333332)",1,98.68750000000009,46422
"(0.9333333333333332, 0.9958333333333332)",1,98.68750000000009,46423
"(0.9833333333333332, 0.9958333333333332)",1,98.68750000000009,46424
"(0.9708333333333332, 0.9958333333333332)",1,98.68750000000009,46425
"(0.9333333333333332, 0.9958333333333332)",1,98.68750000000009,46426
"(0.9625, 0.9958333333333332)",1,98.68750000000006,46427
"(0.9791666666666666, 0.9958333333333332)",1,98.68750000000004,46428
"(0.9666666666666668, 0.9958333333333332)",2,98.68750000000004,46430
"(0.9166666666666666, 0.9958333333333332)",1,98.68750000000004,46431
"(0.9625, 0.9958333333333332)",1,98.68750000000004,46432
"(0.975, 0.9958333333333332)",2,98.68750000000004,46434
"(0.9333333333333332, 0.9958333333333332)",2,98.68750000000004,46436
"(0.9375, 0.9875)",1,98.6875,46437
"(0.9083333333333332, 0.9958333333333332)",1,98.68749999999991,46438
"(0.9333333333333332, 0.9875)",1,98.68749999999984,46439
"(0.9291666666666668, 0.9875)",1,98.68749999999984,46440
"(0.9875, 0.9875)",1,98.68749999999984,46441
"(0.9375, 0.9916666666666668)",2,98.68749999999984,46443
"(0.8791666666666667, 0.9916666666666668)",1,98.6874999999998,46444
"(0.9916666666666668, 0.9916666666666668)",1,98.6874999999998,46445
"(0.8958333333333334, 0.9916666666666668)",2,98.68749999999976,46447
"(0.9125, 0.9916666666666668)",1,98.68749999999972,46448
"(0.7906976744186046, 0.9883720930232558)",1,98.68604651162808,46449
"(0.8255813953488372, 0.9883720930232558)",1,98.68604651162808,46450
"(0.8488372093023255, 0.9883720930232558)",1,98.68604651162808,46451
"(0.9186046511627908, 0.9883720930232558)",2,98.68604651162808,46453
"(0.9418604651162792, 0.9883720930232558)",1,98.68604651162806,46454
"(0.872093023255814, 1.0)",1,98.68604651162792,46455
"(0.7674418604651163, 1.0)",1,98.68604651162792,46456
"(0.9186046511627908, 1.0)",1,98.68604651162792,46457
"(0.7325581395348837, 1.0)",1,98.68604651162792,46458
"(0.8255813953488372, 1.0)",2,98.6860465116279,46460
"(0.5458333333333333, 0.9992424242424244)",1,98.68598484848486,46461
"(0.4227272727272727, 0.9988636363636364)",1,98.68598484848486,46462
"(0.9429824561403508, 0.9912280701754386)",1,98.68421052631577,46463
"(0.6215909090909091, 0.999621212121212)",3,98.68409090909093,46466
"(0.9833333333333332, 0.9958333333333332)",1,98.68333333333344,46467
"(0.8916666666666667, 0.9958333333333332)",1,98.6833333333334,46468
"(0.9833333333333332, 0.9958333333333332)",1,98.6833333333334,46469
"(0.8958333333333334, 0.9958333333333332)",1,98.68333333333338,46470
"(0.9333333333333332, 1.0)",1,98.68333333333338,46471
"(0.8666666666666667, 1.0)",1,98.68333333333337,46472
"(0.9166666666666666, 1.0)",3,98.68333333333337,46475
"(0.9, 1.0)",2,98.68333333333337,46477
"(0.825, 0.9958333333333332)",1,98.68333333333337,46478
"(0.5848484848484848, 0.9992424242424244)",1,98.68333333333337,46479
"(0.8166666666666667, 1.0)",1,98.68333333333337,46480
"(0.8833333333333333, 1.0)",1,98.68333333333337,46481
"(0.9833333333333332, 1.0)",1,98.68333333333337,46482
"(0.975, 0.9958333333333332)",3,98.68333333333337,46485
"(0.9666666666666668, 1.0)",1,98.68333333333337,46486
"(0.9333333333333332, 1.0)",1,98.68333333333337,46487
"(0.7833333333333333, 1.0)",1,98.68333333333337,46488
"(0.9833333333333332, 0.9958333333333332)",2,98.68333333333337,46490
"(0.9333333333333332, 1.0)",2,98.68333333333337,46492
"(0.8, 0.9833333333333332)",3,98.68333333333337,46495
"(0.9875, 0.9958333333333332)",1,98.68333333333337,46496
"(0.9916666666666668, 0.9958333333333332)",1,98.68333333333337,46497
"(0.9, 0.9958333333333332)",1,98.68333333333337,46498
"(0.8666666666666667, 1.0)",1,98.68333333333337,46499
"(0.75, 1.0)",1,98.68333333333337,46500
"(0.8333333333333334, 1.0)",2,98.68333333333337,46502
"(0.9791666666666666, 0.9958333333333332)",2,98.68333333333337,46504
"(0.7666666666666667, 1.0)",2,98.68333333333337,46506
"(0.6833333333333333, 1.0)",2,98.68333333333334,46508
"(0.8166666666666667, 1.0)",4,98.68333333333334,46512
"(0.543939393939394, 0.999621212121212)",3,98.68333333333334,46515
"(0.8833333333333333, 1.0)",2,98.68333333333334,46517
"(0.8, 1.0)",2,98.68333333333334,46519
"(0.95, 1.0)",3,98.68333333333334,46522
"(0.9666666666666668, 1.0)",2,98.68333333333334,46524
"(0.9333333333333332, 1.0)",8,98.68333333333334,46532
"(0.8333333333333334, 1.0)",2,98.68333333333334,46534
"(0.9, 1.0)",6,98.68333333333334,46540
"(0.7833333333333333, 1.0)",1,98.68333333333334,46541
"(0.85, 1.0)",3,98.68333333333334,46544
"(0.8666666666666667, 1.0)",7,98.68333333333334,46551
"(0.7166666666666667, 1.0)",8,98.68333333333334,46559
"(0.7333333333333333, 1.0)",3,98.68333333333334,46562
"(1.0, 1.0)",2,98.68333333333334,46564
"(0.9833333333333332, 1.0)",6,98.68333333333334,46570
"(0.7, 1.0)",4,98.68333333333334,46574
"(0.9708333333333332, 0.9791666666666666)",1,98.6833333333333,46575
"(0.9208333333333332, 0.9875)",1,98.6833333333332,46576
"(0.95, 0.9916666666666668)",1,98.68333333333318,46577
"(0.9375, 0.9875)",1,98.68333333333317,46578
"(0.975, 0.9875)",1,98.68333333333317,46579
"(0.9291666666666668, 0.9875)",2,98.68333333333317,46581
"(0.925, 0.9916666666666668)",1,98.68333333333312,46582
"(0.9333333333333332, 0.9916666666666668)",1,98.68333333333312,46583
"(0.9291666666666668, 0.9916666666666668)",1,98.68333333333312,46584
"(0.9375, 0.9916666666666668)",1,98.68333333333312,46585
"(0.9333333333333332, 0.9916666666666668)",1,98.68333333333308,46586
"(0.9027777777777778, 0.9861111111111112)",1,98.68055555555576,46587
"(0.8472222222222222, 0.9861111111111112)",1,98.6805555555556,46588
"(0.6805555555555556, 1.0)",2,98.68055555555556,46590
"(0.9444444444444444, 1.0)",1,98.68055555555556,46591
"(0.9166666666666666, 1.0)",3,98.68055555555556,46594
"(0.75, 1.0)",1,98.68055555555556,46595
"(0.9583333333333334, 1.0)",1,98.68055555555556,46596
"(0.5972222222222222, 1.0)",1,98.68055555555556,46597
"(0.9027777777777778, 1.0)",1,98.68055555555556,46598
"(0.9027777777777778, 1.0)",1,98.68055555555556,46599
"(0.9444444444444444, 1.0)",1,98.68055555555556,46600
"(0.8194444444444444, 1.0)",2,98.68055555555556,46602
"(0.6111111111111112, 1.0)",1,98.68055555555556,46603
"(0.7916666666666666, 1.0)",1,98.68055555555556,46604
"(0.8472222222222222, 1.0)",1,98.68055555555556,46605
"(0.7083333333333334, 1.0)",8,98.68055555555556,46613
"(0.8611111111111112, 1.0)",4,98.68055555555556,46617
"(0.8888888888888888, 1.0)",2,98.68055555555554,46619
"(0.7916666666666666, 1.0)",1,98.68055555555554,46620
"(0.9305555555555556, 1.0)",1,98.68055555555554,46621
"(0.8055555555555556, 1.0)",1,98.68055555555554,46622
"(0.49375, 1.0)",1,98.68000000000008,46623
"(0.8859649122807017, 0.9912280701754386)",1,98.67982456140348,46624
"(0.925438596491228, 0.9912280701754386)",1,98.67982456140348,46625
"(0.9035087719298246, 0.9912280701754386)",1,98.67982456140348,46626
"(0.8552631578947368, 0.9912280701754386)",3,98.67982456140348,46629
"(0.9078947368421052, 0.9912280701754386)",3,98.67982456140348,46632
"(0.7948717948717948, 1.0)",1,98.67948717948718,46633
"(0.6025641025641025, 1.0)",1,98.67948717948718,46634
"(0.7435897435897436, 1.0)",1,98.67948717948718,46635
"(0.717948717948718, 1.0)",1,98.67948717948718,46636
"(0.9833333333333332, 0.9958333333333332)",1,98.6791666666668,46637
"(0.8916666666666667, 0.9958333333333332)",1,98.67916666666676,46638
"(0.95, 0.9958333333333332)",1,98.67916666666672,46639
"(0.9916666666666668, 0.9958333333333332)",1,98.6791666666667,46640
"(0.9833333333333332, 0.9958333333333332)",1,98.6791666666667,46641
"(0.9875, 0.9958333333333332)",1,98.6791666666667,46642
"(0.9708333333333332, 0.9958333333333332)",1,98.6791666666667,46643
"(0.9625, 0.9958333333333332)",1,98.6791666666667,46644
"(0.9375, 0.9958333333333332)",1,98.6791666666667,46645
"(0.4863636363636364, 0.9992424242424244)",3,98.67916666666667,46648
"(0.9833333333333332, 0.975)",1,98.6791666666666,46649
"(0.9458333333333332, 0.9916666666666668)",1,98.67916666666656,46650
"(0.8958333333333334, 0.9875)",1,98.67916666666652,46651
"(0.9458333333333332, 0.9875)",1,98.67916666666648,46652
"(0.9625, 0.9916666666666668)",1,98.67916666666646,46653
"(0.8625, 0.9916666666666668)",1,98.6791666666664,46654
"(0.9, 0.9916666666666668)",1,98.6791666666664,46655
"(0.7763157894736842, 0.9912280701754386)",1,98.6754385964912,46656
"(0.9429824561403508, 0.9912280701754386)",1,98.6754385964912,46657
"(0.7149122807017544, 0.9912280701754386)",1,98.6754385964912,46658
"(0.8859649122807017, 0.9912280701754386)",1,98.6754385964912,46659
"(0.95, 0.9958333333333332)",1,98.67500000000013,46660
"(0.9291666666666668, 0.9958333333333332)",2,98.6750000000001,46662
"(0.9458333333333332, 0.9958333333333332)",2,98.6750000000001,46664
"(0.9333333333333332, 0.9958333333333332)",1,98.6750000000001,46665
"(0.975, 0.9958333333333332)",1,98.6750000000001,46666
"(0.9916666666666668, 0.9958333333333332)",1,98.6750000000001,46667
"(0.8625, 0.9958333333333332)",1,98.67500000000008,46668
"(0.9666666666666668, 0.9958333333333332)",2,98.67500000000008,46670
"(0.9708333333333332, 0.9958333333333332)",1,98.67500000000008,46671
"(0.9541666666666668, 0.9958333333333332)",1,98.67500000000004,46672
"(0.9916666666666668, 0.9958333333333332)",1,98.67500000000004,46673
"(0.9375, 0.9958333333333332)",1,98.67500000000004,46674
"(0.8625, 0.9958333333333332)",1,98.67500000000004,46675
"(0.9833333333333332, 0.9958333333333332)",1,98.67500000000004,46676
"(0.95, 0.9958333333333332)",1,98.67500000000004,46677
"(0.9708333333333332, 0.9958333333333332)",2,98.67500000000004,46679
"(0.975, 1.0)",1,98.675,46680
"(0.8875, 0.9875)",1,98.67499999999993,46681
"(0.8916666666666667, 0.9916666666666668)",1,98.67499999999993,46682
"(0.9208333333333332, 0.9875)",1,98.67499999999984,46683
"(0.9666666666666668, 0.9875)",1,98.67499999999984,46684
"(0.9416666666666668, 0.9875)",1,98.67499999999984,46685
"(0.9458333333333332, 0.9916666666666668)",1,98.67499999999978,46686
"(0.95, 0.9916666666666668)",1,98.67499999999971,46687
"(0.5443181818181818, 0.9973484848484848)",1,98.67462121212124,46688
"(0.9302325581395348, 0.9883720930232558)",2,98.67441860465132,46690
"(0.8372093023255814, 0.9883720930232558)",1,98.67441860465132,46691
"(0.872093023255814, 0.9883720930232558)",1,98.67441860465132,46692
"(0.8837209302325582, 0.9883720930232558)",1,98.67441860465132,46693
"(0.8255813953488372, 0.9883720930232558)",1,98.67441860465132,46694
"(0.9418604651162792, 0.9883720930232558)",1,98.67441860465132,46695
"(0.4883720930232558, 1.0)",1,98.67441860465117,46696
"(0.6162790697674418, 1.0)",1,98.67441860465117,46697
"(0.8372093023255814, 1.0)",1,98.67441860465117,46698
"(0.7441860465116279, 1.0)",1,98.67441860465117,46699
"(0.8255813953488372, 1.0)",2,98.67441860465117,46701
"(0.4382575757575757, 0.9992424242424244)",3,98.67424242424246,46704
"(0.3814393939393939, 0.9992424242424244)",3,98.67386363636363,46707
"(0.4753787878787879, 0.9988636363636364)",3,98.67272727272729,46710
"(0.5890151515151515, 0.9950757575757576)",1,98.6719696969698,46711
"(0.9035087719298246, 0.9912280701754386)",1,98.67105263157892,46712
"(0.8859649122807017, 0.9912280701754386)",1,98.67105263157892,46713
"(0.9429824561403508, 0.9912280701754386)",1,98.67105263157892,46714
"(0.7105263157894737, 0.9912280701754386)",1,98.67105263157892,46715
"(0.9625, 0.9958333333333332)",1,98.6708333333334,46716
"(0.8791666666666667, 0.9958333333333332)",1,98.6708333333334,46717
"(0.8375, 0.9958333333333332)",1,98.6708333333334,46718
"(0.9916666666666668, 0.9958333333333332)",2,98.67083333333338,46720
"(0.9625, 0.9958333333333332)",2,98.67083333333336,46722
"(0.9541666666666668, 0.9958333333333332)",2,98.67083333333336,46724
"(0.9875, 0.9958333333333332)",1,98.67083333333336,46725
"(0.9708333333333332, 0.9958333333333332)",1,98.67083333333336,46726
"(0.9375, 0.9958333333333332)",1,98.67083333333332,46727
"(0.9291666666666668, 0.9833333333333332)",1,98.6708333333333,46728
"(0.9583333333333334, 0.9958333333333332)",1,98.67083333333328,46729
"(0.9208333333333332, 0.9875)",1,98.67083333333316,46730
"(0.9416666666666668, 0.9916666666666668)",1,98.67083333333312,46731
"(0.9, 0.9916666666666668)",1,98.67083333333312,46732
"(0.8958333333333334, 0.9916666666666668)",1,98.67083333333308,46733
"(0.8666666666666667, 0.9916666666666668)",1,98.67083333333306,46734
"(0.9375, 0.9916666666666668)",1,98.67083333333304,46735
"(0.4753787878787879, 1.0)",2,98.67045454545456,46737
"(0.4825757575757576, 1.0)",3,98.669696969697,46740
"(0.431060606060606, 0.999621212121212)",2,98.66893939393944,46742
"(0.4079545454545454, 0.9992424242424244)",3,98.66818181818182,46745
"(0.440530303030303, 0.999621212121212)",3,98.66704545454547,46748
"(0.9166666666666666, 0.9861111111111112)",1,98.66666666666688,46749
"(0.9833333333333332, 0.9958333333333332)",1,98.66666666666676,46750
"(0.9666666666666668, 0.9958333333333332)",1,98.66666666666674,46751
"(0.9444444444444444, 1.0)",1,98.66666666666671,46752
"(0.925, 0.9958333333333332)",1,98.66666666666671,46753
"(0.9166666666666666, 0.9833333333333332)",1,98.66666666666671,46754
"(0.8333333333333334, 1.0)",1,98.66666666666671,46755
"(0.9, 0.9958333333333332)",1,98.66666666666671,46756
"(0.8625, 0.9958333333333332)",1,98.6666666666667,46757
"(0.9541666666666668, 0.9958333333333332)",1,98.6666666666667,46758
"(0.9916666666666668, 0.9958333333333332)",1,98.6666666666667,46759
"(0.8708333333333333, 0.9958333333333332)",1,98.6666666666667,46760
"(0.9875, 0.9958333333333332)",1,98.6666666666667,46761
"(0.7333333333333333, 1.0)",2,98.6666666666667,46763
"(0.85, 1.0)",1,98.6666666666667,46764
"(0.9791666666666666, 0.9958333333333332)",2,98.6666666666667,46766
"(0.9666666666666668, 0.9958333333333332)",2,98.6666666666667,46768
"(0.8, 1.0)",1,98.6666666666667,46769
"(0.8833333333333333, 1.0)",2,98.6666666666667,46771
"(0.8958333333333334, 0.9958333333333332)",1,98.6666666666667,46772
"(0.9833333333333332, 1.0)",1,98.6666666666667,46773
"(0.8833333333333333, 0.9833333333333332)",1,98.6666666666667,46774
"(0.8166666666666667, 0.9833333333333332)",1,98.6666666666667,46775
"(0.925, 0.9958333333333332)",1,98.6666666666667,46776
"(0.9666666666666668, 1.0)",2,98.66666666666669,46778
"(0.8666666666666667, 0.9833333333333332)",1,98.66666666666669,46779
"(0.8666666666666667, 1.0)",2,98.66666666666669,46781
"(0.75, 1.0)",1,98.66666666666669,46782
"(0.7361111111111112, 1.0)",1,98.66666666666669,46783
"(0.7333333333333333, 1.0)",1,98.66666666666669,46784
"(0.6833333333333333, 1.0)",1,98.66666666666669,46785
"(0.7333333333333333, 1.0)",2,98.66666666666669,46787
"(0.8166666666666667, 1.0)",1,98.66666666666669,46788
"(0.7666666666666667, 1.0)",2,98.66666666666669,46790
"(0.8166666666666667, 1.0)",1,98.66666666666669,46791
"(0.8666666666666667, 1.0)",1,98.66666666666669,46792
"(0.9666666666666668, 1.0)",3,98.66666666666669,46795
"(0.85, 1.0)",5,98.66666666666669,46800
"(0.8333333333333334, 1.0)",1,98.66666666666669,46801
"(0.9027777777777778, 1.0)",2,98.66666666666669,46803
"(0.75, 1.0)",1,98.66666666666669,46804
"(0.7777777777777778, 1.0)",1,98.66666666666669,46805
"(0.7777777777777778, 0.9861111111111112)",1,98.66666666666669,46806
"(0.8708333333333333, 0.9958333333333332)",1,98.66666666666669,46807
"(0.7638888888888888, 1.0)",1,98.66666666666669,46808
"(0.8611111111111112, 1.0)",2,98.66666666666669,46810
"(1.0, 1.0)",5,98.66666666666669,46815
"(0.6794871794871795, 1.0)",5,98.66666666666669,46820
"(0.6805555555555556, 1.0)",1,98.66666666666669,46821
"(0.875, 1.0)",1,98.66666666666669,46822
"(0.95, 1.0)",1,98.66666666666669,46823
"(0.9166666666666666, 1.0)",5,98.66666666666669,46828
"(0.7083333333333334, 1.0)",1,98.66666666666669,46829
"(0.9333333333333332, 1.0)",2,98.66666666666669,46831
"(0.85, 1.0)",2,98.66666666666666,46833
"(0.8333333333333334, 1.0)",5,98.66666666666666,46838
"(0.8205128205128205, 1.0)",1,98.66666666666666,46839
"(0.8833333333333333, 1.0)",1,98.66666666666666,46840
"(0.9583333333333334, 1.0)",3,98.66666666666666,46843
"(0.7333333333333333, 1.0)",2,98.66666666666666,46845
"(0.7777777777777778, 1.0)",2,98.66666666666666,46847
"(0.95, 0.9958333333333332)",1,98.66666666666666,46848
"(1.0, 1.0)",7,98.66666666666666,46855
"(0.9429824561403508, 0.9912280701754386)",3,98.66666666666666,46858
"(0.7638888888888888, 1.0)",5,98.66666666666666,46863
"(0.9, 1.0)",5,98.66666666666666,46868
"(0.9666666666666668, 1.0)",1,98.66666666666666,46869
"(0.7916666666666666, 1.0)",1,98.66666666666666,46870
"(0.75, 1.0)",4,98.66666666666666,46874
"(0.9833333333333332, 1.0)",5,98.66666666666666,46879
"(0.8611111111111112, 1.0)",2,98.66666666666666,46881
"(0.8, 1.0)",1,98.66666666666666,46882
"(0.9027777777777778, 1.0)",3,98.66666666666666,46885
"(0.9444444444444444, 1.0)",3,98.66666666666666,46888
"(0.8194444444444444, 1.0)",2,98.66666666666666,46890
"(0.95, 1.0)",1,98.66666666666666,46891
"(0.8888888888888888, 1.0)",1,98.66666666666666,46892
"(0.7222222222222222, 1.0)",1,98.66666666666666,46893
"(0.8166666666666667, 1.0)",1,98.66666666666666,46894
"(0.7666666666666667, 1.0)",2,98.66666666666666,46896
"(0.8666666666666667, 1.0)",1,98.66666666666666,46897
"(0.9078947368421052, 0.9912280701754386)",1,98.66666666666664,46898
"(0.7149122807017544, 0.9912280701754386)",1,98.66666666666664,46899
"(0.8552631578947368, 0.9912280701754386)",1,98.66666666666664,46900
"(0.7675438596491229, 0.9912280701754386)",1,98.66666666666664,46901
"(0.9083333333333332, 0.9958333333333332)",1,98.6666666666666,46902
"(0.85, 0.9958333333333332)",1,98.6666666666666,46903
"(0.9833333333333332, 0.9916666666666668)",1,98.66666666666656,46904
"(0.9416666666666668, 0.9916666666666668)",1,98.66666666666652,46905
"(0.9333333333333332, 0.9916666666666668)",1,98.66666666666652,46906
"(0.9416666666666668, 0.9875)",1,98.6666666666665,46907
"(0.975, 0.9875)",1,98.6666666666665,46908
"(0.925, 0.9875)",2,98.66666666666649,46910
"(0.925, 0.9916666666666668)",2,98.66666666666646,46912
"(0.9416666666666668, 0.9916666666666668)",1,98.66666666666646,46913
"(0.8958333333333334, 0.9916666666666668)",1,98.66666666666642,46914
"(0.9208333333333332, 0.9916666666666668)",1,98.6666666666664,46915
"(0.9333333333333332, 0.9916666666666668)",1,98.66666666666636,46916
"(0.9208333333333332, 0.9916666666666668)",1,98.66666666666636,46917
"(0.5034090909090909, 0.9965909090909092)",1,98.6647727272728,46918
"(0.4556818181818182, 0.9981060606060606)",1,98.66439393939396,46919
"(0.3, 0.9988636363636364)",1,98.6628787878788,46920
"(0.9418604651162792, 0.9883720930232558)",2,98.66279069767458,46922
"(0.872093023255814, 0.9883720930232558)",1,98.66279069767458,46923
"(0.9302325581395348, 0.9883720930232558)",2,98.66279069767458,46925
"(0.8837209302325582, 0.9883720930232558)",1,98.66279069767458,46926
"(0.8372093023255814, 0.9883720930232558)",1,98.66279069767458,46927
"(0.9418604651162792, 0.9883720930232558)",1,98.66279069767457,46928
"(0.8953488372093024, 0.9883720930232558)",2,98.66279069767457,46930
"(0.8953488372093024, 1.0)",1,98.66279069767444,46931
"(0.9302325581395348, 1.0)",1,98.66279069767442,46932
"(0.8255813953488372, 1.0)",1,98.66279069767442,46933
"(0.3372093023255814, 1.0)",1,98.6627906976744,46934
"(0.9186046511627908, 1.0)",1,98.6627906976744,46935
"(0.4883720930232558, 1.0)",1,98.6627906976744,46936
"(0.6395348837209303, 1.0)",1,98.6627906976744,46937
"(0.7906976744186046, 1.0)",1,98.6627906976744,46938
"(0.8488372093023255, 1.0)",1,98.6627906976744,46939
"(0.872093023255814, 1.0)",1,98.6627906976744,46940
"(0.9375, 0.9958333333333332)",2,98.66250000000008,46942
"(0.9416666666666668, 0.9958333333333332)",1,98.66250000000008,46943
"(0.85, 0.9958333333333332)",1,98.66250000000008,46944
"(0.875, 0.9958333333333332)",2,98.66250000000008,46946
"(0.9916666666666668, 0.9958333333333332)",1,98.66250000000008,46947
"(0.9375, 0.9958333333333332)",1,98.66250000000008,46948
"(0.9791666666666666, 0.9958333333333332)",1,98.66250000000008,46949
"(0.9958333333333332, 0.9958333333333332)",1,98.66250000000004,46950
"(0.975, 0.9958333333333332)",1,98.66250000000004,46951
"(0.875, 0.9958333333333332)",1,98.66250000000004,46952
"(0.9875, 0.9958333333333332)",1,98.66250000000004,46953
"(0.9833333333333332, 0.9958333333333332)",1,98.66250000000004,46954
"(0.95, 0.9958333333333332)",1,98.66250000000004,46955
"(0.9916666666666668, 0.9958333333333332)",1,98.66250000000004,46956
"(0.9583333333333334, 0.9958333333333332)",1,98.66250000000004,46957
"(0.9916666666666668, 0.9958333333333332)",1,98.66250000000004,46958
"(0.9541666666666668, 0.9958333333333332)",1,98.66250000000002,46959
"(0.9916666666666668, 0.9958333333333332)",3,98.66250000000002,46962
"(0.9958333333333332, 1.0)",2,98.6625,46964
"(0.9375, 0.9958333333333332)",1,98.66249999999994,46965
"(0.9458333333333332, 0.9916666666666668)",1,98.66249999999988,46966
"(0.925, 0.9875)",2,98.66249999999982,46968
"(0.9916666666666668, 0.9916666666666668)",1,98.66249999999978,46969
"(0.8625, 0.9916666666666668)",1,98.66249999999978,46970
"(0.9375, 0.9916666666666668)",1,98.66249999999978,46971
"(0.9375, 0.9916666666666668)",1,98.66249999999977,46972
"(0.7149122807017544, 0.9912280701754386)",3,98.66228070175436,46975
"(0.9385964912280702, 0.9912280701754386)",3,98.66228070175436,46978
"(0.8859649122807017, 0.9912280701754386)",2,98.66228070175436,46980
"(0.9429824561403508, 0.9912280701754386)",3,98.66228070175436,46983
"(0.7675438596491229, 0.9912280701754386)",4,98.66228070175436,46987
"(0.4579545454545454, 0.9988636363636364)",1,98.66174242424243,46988
"(0.485, 0.99625)",1,98.66125000000012,46989
"(0.4753787878787879, 0.9988636363636364)",3,98.65909090909092,46992
"(0.4242424242424242, 0.9977272727272728)",1,98.65871212121216,46993
"(0.95, 0.9958333333333332)",1,98.65833333333345,46994
"(0.9, 0.9958333333333332)",1,98.6583333333334,46995
"(0.925, 0.9958333333333332)",1,98.6583333333334,46996
"(0.9708333333333332, 0.9958333333333332)",2,98.65833333333336,46998
"(0.925, 0.9958333333333332)",1,98.65833333333336,46999
"(0.9791666666666666, 0.9958333333333332)",1,98.65833333333336,47000
"(0.85, 0.9958333333333332)",1,98.65833333333336,47001
"(0.9916666666666668, 0.9958333333333332)",1,98.65833333333336,47002
"(0.9916666666666668, 0.9958333333333332)",3,98.65833333333336,47005
"(0.9833333333333332, 1.0)",1,98.65833333333332,47006
"(0.975, 1.0)",1,98.6583333333333,47007
"(0.9291666666666668, 0.9958333333333332)",1,98.65833333333327,47008
"(0.8458333333333333, 0.9833333333333332)",1,98.65833333333326,47009
"(0.9416666666666668, 0.9875)",1,98.65833333333316,47010
"(0.9166666666666666, 0.9875)",1,98.65833333333316,47011
"(0.9375, 0.9875)",1,98.65833333333316,47012
"(0.9458333333333332, 0.9875)",1,98.65833333333316,47013
"(0.9, 0.9875)",2,98.65833333333316,47015
"(0.925, 0.9875)",1,98.65833333333316,47016
"(0.9333333333333332, 0.9916666666666668)",1,98.65833333333312,47017
"(0.9, 0.9916666666666668)",1,98.65833333333312,47018
"(0.8625, 0.9916666666666668)",2,98.6583333333331,47020
"(0.9208333333333332, 0.9916666666666668)",1,98.65833333333306,47021
"(0.9625, 0.9916666666666668)",1,98.65833333333303,47022
"(0.9035087719298246, 0.9912280701754386)",1,98.6578947368421,47023
"(0.7719298245614035, 0.9912280701754386)",1,98.6578947368421,47024
"(0.8552631578947368, 0.9912280701754386)",2,98.65789473684208,47026
"(0.9429824561403508, 0.9912280701754386)",1,98.65789473684208,47027
"(0.9875, 0.9958333333333332)",1,98.65416666666675,47028
"(0.9791666666666666, 0.9958333333333332)",3,98.6541666666667,47031
"(0.9625, 0.9958333333333332)",1,98.6541666666667,47032
"(0.975, 0.9958333333333332)",2,98.6541666666667,47034
"(0.9583333333333334, 0.9958333333333332)",2,98.6541666666666,47036
"(0.9958333333333332, 0.9916666666666668)",1,98.6541666666666,47037
"(0.9083333333333332, 0.9875)",1,98.6541666666665,47038
"(0.9291666666666668, 0.9875)",2,98.6541666666665,47040
"(0.9541666666666668, 0.9875)",1,98.6541666666665,47041
"(0.9333333333333332, 0.9875)",1,98.6541666666665,47042
"(0.9416666666666668, 0.9875)",1,98.6541666666665,47043
"(0.9291666666666668, 0.9875)",1,98.65416666666648,47044
"(0.9166666666666666, 0.9916666666666668)",2,98.65416666666646,47046
"(0.9, 0.9916666666666668)",1,98.65416666666646,47047
"(0.95, 0.9916666666666668)",1,98.65416666666646,47048
"(0.7307692307692307, 1.0)",1,98.65384615384616,47049
"(0.5512820512820513, 1.0)",1,98.65384615384616,47050
"(0.3974358974358974, 1.0)",1,98.65384615384616,47051
"(0.4615384615384615, 1.0)",1,98.65384615384616,47052
"(0.7051282051282052, 1.0)",1,98.65384615384616,47053
"(0.9385964912280702, 0.9912280701754386)",1,98.6535087719298,47054
"(0.9444444444444444, 0.9861111111111112)",1,98.65277777777798,47055
"(0.9583333333333334, 0.9861111111111112)",1,98.65277777777798,47056
"(0.8333333333333334, 0.9861111111111112)",2,98.6527777777778,47058
"(0.9027777777777778, 1.0)",1,98.6527777777778,47059
"(0.9722222222222222, 1.0)",1,98.6527777777778,47060
"(0.9166666666666666, 1.0)",1,98.6527777777778,47061
"(0.8888888888888888, 1.0)",2,98.65277777777776,47063
"(0.9444444444444444, 1.0)",1,98.65277777777776,47064
"(0.5972222222222222, 1.0)",1,98.65277777777776,47065
"(0.6805555555555556, 1.0)",2,98.65277777777776,47067
"(0.9583333333333334, 1.0)",3,98.65277777777776,47070
"(0.75, 1.0)",2,98.65277777777776,47072
"(0.7777777777777778, 1.0)",1,98.65277777777776,47073
"(0.8194444444444444, 1.0)",1,98.65277777777776,47074
"(0.8055555555555556, 1.0)",2,98.65277777777776,47076
"(0.9027777777777778, 1.0)",2,98.65277777777776,47078
"(0.9305555555555556, 1.0)",3,98.65277777777776,47081
"(0.7083333333333334, 1.0)",3,98.65277777777776,47084
"(0.7638888888888888, 1.0)",4,98.65277777777776,47088
"(0.9166666666666666, 1.0)",2,98.65277777777776,47090
"(0.6111111111111112, 1.0)",2,98.65277777777776,47092
"(0.8333333333333334, 1.0)",1,98.65277777777776,47093
"(0.4602272727272727, 0.9981060606060606)",1,98.65189393939396,47094
"(0.5890151515151515, 0.9973484848484848)",3,98.65151515151518,47097
"(0.9302325581395348, 0.9883720930232558)",1,98.65116279069784,47098
"(0.872093023255814, 0.9883720930232558)",2,98.65116279069782,47100
"(0.8372093023255814, 0.9883720930232558)",1,98.65116279069782,47101
"(0.9418604651162792, 0.9883720930232558)",2,98.65116279069782,47103
"(0.9302325581395348, 0.9883720930232558)",2,98.65116279069782,47105
"(0.7906976744186046, 0.9883720930232558)",1,98.65116279069782,47106
"(0.9534883720930232, 1.0)",1,98.6511627906977,47107
"(0.872093023255814, 1.0)",1,98.65116279069768,47108
"(0.4883720930232558, 1.0)",2,98.65116279069768,47110
"(0.627906976744186, 1.0)",1,98.65116279069768,47111
"(0.6162790697674418, 1.0)",1,98.65116279069768,47112
"(0.3372093023255814, 1.0)",1,98.65116279069768,47113
"(0.4825757575757576, 0.9977272727272728)",1,98.65037878787884,47114
"(0.9625, 0.9958333333333332)",1,98.65000000000012,47115
"(0.9833333333333332, 0.9958333333333332)",2,98.65000000000012,47117
"(0.4925, 0.99625)",1,98.6500000000001,47118
"(0.9, 0.9958333333333332)",1,98.65000000000008,47119
"(0.9583333333333334, 0.9916666666666668)",1,98.65000000000008,47120
"(0.85, 0.9958333333333332)",1,98.65000000000008,47121
"(0.8666666666666667, 0.9958333333333332)",1,98.65000000000003,47122
"(0.9791666666666666, 0.9958333333333332)",2,98.65000000000003,47124
"(0.9875, 0.9958333333333332)",2,98.65000000000003,47126
"(0.8625, 0.9958333333333332)",1,98.65000000000003,47127
"(0.9041666666666668, 0.9958333333333332)",1,98.65000000000003,47128
"(0.8333333333333334, 1.0)",2,98.65000000000003,47130
"(0.9166666666666666, 1.0)",1,98.65000000000003,47131
"(0.9875, 0.9958333333333332)",2,98.65000000000003,47133
"(0.95, 1.0)",2,98.65000000000003,47135
"(0.9166666666666666, 0.9666666666666668)",2,98.65000000000003,47137
"(0.7333333333333333, 1.0)",1,98.65000000000003,47138
"(0.9, 1.0)",1,98.65000000000003,47139
"(0.9333333333333332, 1.0)",1,98.65000000000003,47140
"(0.9, 0.9833333333333332)",1,98.65000000000003,47141
"(0.9833333333333332, 0.9958333333333332)",2,98.65000000000003,47143
"(0.8666666666666667, 1.0)",1,98.65000000000002,47144
"(0.9166666666666666, 1.0)",2,98.65000000000002,47146
"(0.9, 1.0)",1,98.65000000000002,47147
"(0.6833333333333333, 1.0)",2,98.65,47149
"(0.8833333333333333, 1.0)",7,98.65,47156
"(0.7166666666666667, 1.0)",2,98.65,47158
"(0.9833333333333332, 1.0)",1,98.65,47159
"(0.85, 1.0)",2,98.65,47161
"(0.9666666666666668, 1.0)",2,98.65,47163
"(0.8, 1.0)",2,98.65,47165
"(0.7, 1.0)",2,98.65,47167
"(0.8166666666666667, 1.0)",1,98.65,47168
"(0.975, 1.0)",1,98.65,47169
"(1.0, 1.0)",7,98.65,47176
"(0.8333333333333334, 1.0)",5,98.65,47181
"(0.8666666666666667, 1.0)",4,98.65,47185
"(0.95, 1.0)",2,98.65,47187
"(0.9, 1.0)",6,98.65,47193
"(0.9166666666666666, 1.0)",3,98.65,47196
"(0.9791666666666666, 0.9958333333333332)",1,98.65,47197
"(0.6666666666666666, 1.0)",1,98.65,47198
"(0.8833333333333333, 1.0)",1,98.65,47199
"(1.0, 1.0)",1,98.64999999999996,47200
"(0.8875, 0.9875)",1,98.64999999999988,47201
"(0.95, 0.9875)",1,98.64999999999984,47202
"(0.925, 0.9875)",2,98.64999999999984,47204
"(0.925, 0.9875)",2,98.64999999999982,47206
"(0.95, 0.9875)",1,98.64999999999982,47207
"(0.9291666666666668, 0.9875)",1,98.64999999999982,47208
"(0.925, 0.9916666666666668)",1,98.6499999999998,47209
"(0.8625, 0.9916666666666668)",1,98.64999999999978,47210
"(0.9125, 0.9916666666666668)",1,98.64999999999976,47211
"(0.925, 0.9916666666666668)",1,98.64999999999972,47212
"(0.8859649122807017, 0.9912280701754386)",3,98.64912280701752,47215
"(0.9035087719298246, 0.9912280701754386)",1,98.64912280701752,47216
"(0.7149122807017544, 0.9912280701754386)",3,98.64912280701752,47219
"(0.9385964912280702, 0.9912280701754386)",3,98.64912280701752,47222
"(0.9473684210526316, 0.9912280701754386)",1,98.64912280701752,47223
"(0.9429824561403508, 0.9912280701754386)",2,98.64912280701752,47225
"(0.4174242424242424, 1.0)",3,98.64848484848488,47228
"(0.9375, 0.9958333333333332)",1,98.6458333333334,47229
"(0.8625, 0.9958333333333332)",1,98.6458333333334,47230
"(0.9041666666666668, 0.9958333333333332)",1,98.6458333333334,47231
"(0.9791666666666666, 0.9958333333333332)",2,98.64583333333336,47233
"(0.8541666666666666, 0.9958333333333332)",1,98.64583333333336,47234
"(0.9833333333333332, 0.9958333333333332)",1,98.64583333333336,47235
"(0.9375, 0.9958333333333332)",1,98.64583333333336,47236
"(0.9708333333333332, 0.9958333333333332)",1,98.64583333333336,47237
"(0.9791666666666666, 0.9958333333333332)",1,98.64583333333336,47238
"(0.975, 0.9958333333333332)",1,98.64583333333336,47239
"(0.9, 0.9958333333333332)",1,98.64583333333336,47240
"(0.9458333333333332, 0.9833333333333332)",2,98.64583333333331,47242
"(0.975, 1.0)",1,98.64583333333329,47243
"(0.9125, 0.9958333333333332)",1,98.64583333333329,47244
"(0.8458333333333333, 0.9875)",1,98.64583333333324,47245
"(0.9208333333333332, 0.9875)",1,98.64583333333316,47246
"(0.8708333333333333, 0.9875)",1,98.64583333333316,47247
"(0.9333333333333332, 0.9875)",1,98.64583333333316,47248
"(0.9, 0.9916666666666668)",1,98.64583333333312,47249
"(0.95, 0.9916666666666668)",1,98.64583333333312,47250
"(0.9375, 0.9916666666666668)",1,98.64583333333312,47251
"(0.9078947368421052, 0.9912280701754386)",1,98.64473684210525,47252
"(0.8728070175438597, 0.9912280701754386)",2,98.64473684210525,47254
"(0.8859649122807017, 0.9912280701754386)",2,98.64473684210525,47256
"(0.49625, 0.9975)",1,98.64250000000008,47257
"(0.3954545454545454, 1.0)",1,98.64242424242424,47258
"(0.6575757575757576, 0.9962121212121212)",1,98.64204545454552,47259
"(0.9833333333333332, 0.9958333333333332)",1,98.64166666666677,47260
"(0.9291666666666668, 0.9958333333333332)",1,98.64166666666677,47261
"(0.9458333333333332, 0.9958333333333332)",1,98.64166666666674,47262
"(0.9791666666666666, 0.9958333333333332)",1,98.64166666666672,47263
"(0.8541666666666666, 0.9958333333333332)",1,98.64166666666672,47264
"(0.9, 0.9958333333333332)",1,98.64166666666672,47265
"(0.9791666666666666, 0.9958333333333332)",2,98.6416666666667,47267
"(0.9916666666666668, 0.9958333333333332)",1,98.6416666666667,47268
"(0.9625, 0.9958333333333332)",1,98.6416666666667,47269
"(0.9416666666666668, 0.9958333333333332)",1,98.6416666666667,47270
"(0.9, 0.9958333333333332)",1,98.6416666666667,47271
"(0.9708333333333332, 0.9958333333333332)",1,98.6416666666667,47272
"(0.975, 0.9958333333333332)",1,98.6416666666667,47273
"(0.9833333333333332, 1.0)",1,98.64166666666668,47274
"(0.95, 1.0)",1,98.64166666666668,47275
"(0.9958333333333332, 1.0)",1,98.64166666666662,47276
"(0.9666666666666668, 0.9875)",1,98.64166666666652,47277
"(0.9166666666666666, 0.9875)",2,98.6416666666665,47279
"(0.975, 0.9875)",1,98.6416666666665,47280
"(0.925, 0.9875)",1,98.6416666666665,47281
"(0.9208333333333332, 0.9958333333333332)",1,98.6416666666665,47282
"(0.9625, 0.9916666666666668)",1,98.64166666666648,47283
"(0.8916666666666667, 0.9916666666666668)",1,98.64166666666648,47284
"(0.9208333333333332, 0.9916666666666668)",1,98.64166666666644,47285
"(0.8666666666666667, 0.9916666666666668)",1,98.64166666666644,47286
"(0.9416666666666668, 0.9916666666666668)",1,98.6416666666664,47287
"(0.4462121212121212, 0.999621212121212)",3,98.64128787878788,47290
"(0.4871794871794871, 1.0)",1,98.64102564102564,47291
"(0.7435897435897436, 1.0)",1,98.64102564102564,47292
"(0.6794871794871795, 1.0)",1,98.64102564102564,47293
"(0.7719298245614035, 0.9912280701754386)",2,98.64035087719296,47295
"(0.9385964912280702, 0.9912280701754386)",1,98.64035087719296,47296
"(0.7149122807017544, 0.9912280701754386)",1,98.64035087719296,47297
"(0.9078947368421052, 0.9912280701754386)",1,98.64035087719296,47298
"(0.49375, 0.995)",1,98.64000000000011,47299
"(0.8372093023255814, 0.9883720930232558)",1,98.6395348837211,47300
"(0.9186046511627908, 0.9883720930232558)",1,98.6395348837211,47301
"(0.9418604651162792, 0.9883720930232558)",5,98.63953488372108,47306
"(0.8255813953488372, 0.9883720930232558)",1,98.63953488372108,47307
"(0.872093023255814, 0.9883720930232558)",1,98.63953488372108,47308
"(0.9302325581395348, 0.9883720930232558)",2,98.63953488372108,47310
"(0.8023255813953488, 1.0)",1,98.63953488372096,47311
"(0.8953488372093024, 1.0)",1,98.63953488372096,47312
"(0.4883720930232558, 0.9883720930232558)",1,98.63953488372094,47313
"(0.8255813953488372, 1.0)",1,98.63953488372093,47314
"(0.3372093023255814, 1.0)",2,98.63953488372093,47316
"(0.8837209302325582, 1.0)",1,98.63953488372093,47317
"(0.9305555555555556, 0.9861111111111112)",1,98.63888888888908,47318
"(0.9444444444444444, 1.0)",1,98.63888888888891,47319
"(0.8333333333333334, 1.0)",1,98.63888888888891,47320
"(0.8333333333333334, 1.0)",2,98.6388888888889,47322
"(0.8888888888888888, 1.0)",2,98.63888888888889,47324
"(0.7777777777777778, 1.0)",2,98.63888888888889,47326
"(0.9444444444444444, 1.0)",1,98.63888888888889,47327
"(0.8333333333333334, 1.0)",3,98.63888888888889,47330
"(0.8055555555555556, 1.0)",1,98.63888888888889,47331
"(0.9027777777777778, 1.0)",1,98.63888888888889,47332
"(0.9166666666666666, 1.0)",1,98.63888888888889,47333
"(0.75, 1.0)",4,98.63888888888889,47337
"(0.8472222222222222, 1.0)",1,98.63888888888889,47338
"(0.9583333333333334, 1.0)",2,98.63888888888889,47340
"(0.7083333333333334, 1.0)",1,98.63888888888889,47341
"(0.8194444444444444, 1.0)",1,98.63888888888889,47342
"(0.7361111111111112, 1.0)",1,98.63888888888889,47343
"(0.8611111111111112, 1.0)",4,98.63888888888889,47347
"(0.9305555555555556, 1.0)",3,98.63888888888889,47350
"(0.6805555555555556, 1.0)",2,98.63888888888889,47352
"(0.4291666666666666, 0.9992424242424244)",3,98.6382575757576,47355
"(0.9291666666666668, 0.9958333333333332)",1,98.6375000000001,47356
"(0.9541666666666668, 0.9958333333333332)",1,98.63750000000007,47357
"(0.9666666666666668, 0.9958333333333332)",1,98.63750000000007,47358
"(0.9625, 0.9958333333333332)",1,98.63750000000006,47359
"(0.85, 0.9958333333333332)",1,98.63750000000006,47360
"(0.9666666666666668, 0.9958333333333332)",1,98.63750000000005,47361
"(0.4049242424242424, 0.9973484848484848)",1,98.63750000000005,47362
"(0.975, 0.9958333333333332)",1,98.63750000000005,47363
"(0.9583333333333334, 0.9958333333333332)",1,98.63750000000005,47364
"(0.9875, 0.9958333333333332)",1,98.63750000000005,47365
"(0.9833333333333332, 0.9958333333333332)",1,98.63750000000005,47366
"(0.9625, 0.9958333333333332)",2,98.63750000000005,47368
"(0.9916666666666668, 0.9958333333333332)",1,98.63750000000005,47369
"(0.9333333333333332, 0.9958333333333332)",1,98.63750000000005,47370
"(0.3776515151515151, 0.999621212121212)",1,98.63750000000002,47371
"(0.975, 1.0)",1,98.6375,47372
"(0.9791666666666666, 1.0)",1,98.63749999999996,47373
"(0.9583333333333334, 0.9916666666666668)",1,98.63749999999992,47374
"(0.9125, 0.9958333333333332)",2,98.6374999999999,47376
"(0.9375, 0.9875)",1,98.63749999999985,47377
"(0.9291666666666668, 0.9875)",1,98.63749999999985,47378
"(0.9, 0.9875)",1,98.63749999999985,47379
"(0.9416666666666668, 0.9875)",1,98.63749999999985,47380
"(0.9541666666666668, 0.9875)",1,98.63749999999985,47381
"(0.95, 0.9875)",1,98.63749999999982,47382
"(0.9208333333333332, 0.9875)",1,98.63749999999982,47383
"(0.925, 0.9916666666666668)",1,98.6374999999998,47384
"(0.9208333333333332, 0.9916666666666668)",1,98.6374999999998,47385
"(0.8625, 0.9916666666666668)",1,98.63749999999978,47386
"(0.95, 0.9916666666666668)",1,98.63749999999972,47387
"(0.3409090909090909, 0.9977272727272728)",1,98.63712121212126,47388
"(0.4291666666666666, 0.9992424242424244)",1,98.63598484848488,47389
"(0.8859649122807017, 0.9912280701754386)",1,98.63596491228068,47390
"(0.8552631578947368, 0.9912280701754386)",1,98.63596491228068,47391
"(0.7149122807017544, 0.9912280701754386)",1,98.63596491228068,47392
"(0.3681818181818181, 0.9992424242424244)",3,98.63560606060608,47395
"(0.4772727272727273, 0.9988636363636364)",2,98.6348484848485,47397
"(0.5890151515151515, 0.9992424242424244)",1,98.63409090909092,47398
"(0.5325757575757576, 0.9992424242424244)",1,98.63371212121214,47399
"(0.9375, 0.9958333333333332)",1,98.63333333333344,47400
"(0.9083333333333332, 0.9958333333333332)",1,98.63333333333344,47401
"(0.975, 0.9958333333333332)",1,98.63333333333344,47402
"(0.9416666666666668, 0.9958333333333332)",1,98.6333333333334,47403
"(0.95, 1.0)",1,98.63333333333338,47404
"(1.0, 0.9833333333333332)",1,98.63333333333338,47405
"(0.975, 0.9958333333333332)",1,98.63333333333338,47406
"(0.7666666666666667, 0.9666666666666668)",1,98.63333333333338,47407
"(0.95, 0.9958333333333332)",1,98.63333333333338,47408
"(0.9666666666666668, 1.0)",1,98.63333333333338,47409
"(0.8333333333333334, 1.0)",1,98.63333333333338,47410
"(0.8, 1.0)",2,98.63333333333335,47412
"(0.9875, 0.9958333333333332)",1,98.63333333333335,47413
"(0.9666666666666668, 1.0)",2,98.63333333333335,47415
"(0.8833333333333333, 1.0)",1,98.63333333333335,47416
"(0.9, 1.0)",2,98.63333333333335,47418
"(0.9916666666666668, 0.9958333333333332)",1,98.63333333333335,47419
"(0.9666666666666668, 1.0)",1,98.63333333333335,47420
"(0.9833333333333332, 1.0)",2,98.63333333333335,47422
"(0.85, 0.9833333333333332)",1,98.63333333333335,47423
"(0.8666666666666667, 1.0)",1,98.63333333333335,47424
"(0.75, 1.0)",1,98.63333333333335,47425
"(0.9166666666666666, 1.0)",2,98.63333333333335,47427
"(0.75, 1.0)",1,98.63333333333335,47428
"(1.0, 1.0)",1,98.63333333333335,47429
"(0.9333333333333332, 1.0)",1,98.63333333333335,47430
"(0.9, 1.0)",1,98.63333333333335,47431
"(0.9875, 0.9958333333333332)",1,98.63333333333335,47432
"(0.9375, 0.9958333333333332)",1,98.63333333333335,47433
"(0.9791666666666666, 0.9958333333333332)",3,98.63333333333335,47436
"(0.85, 1.0)",2,98.63333333333335,47438
"(0.7833333333333333, 1.0)",1,98.63333333333335,47439
"(0.8333333333333334, 1.0)",1,98.63333333333335,47440
"(0.9333333333333332, 1.0)",2,98.63333333333335,47442
"(0.9833333333333332, 0.9958333333333332)",2,98.63333333333335,47444
"(0.8833333333333333, 1.0)",3,98.63333333333335,47447
"(0.8666666666666667, 1.0)",2,98.63333333333334,47449
"(0.7833333333333333, 1.0)",1,98.63333333333334,47450
"(0.9291666666666668, 0.9958333333333332)",1,98.63333333333334,47451
"(0.9, 1.0)",2,98.63333333333334,47453
"(0.8, 1.0)",1,98.63333333333334,47454
"(0.9833333333333332, 1.0)",2,98.63333333333333,47456
"(0.9458333333333332, 0.9833333333333332)",1,98.63333333333333,47457
"(0.95, 1.0)",1,98.63333333333333,47458
"(0.9333333333333332, 1.0)",2,98.63333333333333,47460
"(0.9666666666666668, 1.0)",4,98.63333333333333,47464
"(0.9, 1.0)",4,98.63333333333333,47468
"(0.8, 1.0)",3,98.63333333333333,47471
"(1.0, 1.0)",3,98.63333333333333,47474
"(0.85, 1.0)",5,98.63333333333333,47479
"(0.8833333333333333, 1.0)",3,98.63333333333333,47482
"(0.6833333333333333, 1.0)",1,98.63333333333333,47483
"(0.7166666666666667, 1.0)",2,98.63333333333333,47485
"(0.8333333333333334, 1.0)",2,98.63333333333333,47487
"(0.9166666666666666, 1.0)",4,98.63333333333333,47491
"(0.85, 0.9958333333333332)",1,98.6333333333333,47492
"(0.9375, 0.9916666666666668)",2,98.6333333333333,47494
"(0.9666666666666668, 0.9875)",1,98.63333333333328,47495
"(0.9125, 0.9958333333333332)",1,98.63333333333324,47496
"(0.9416666666666668, 0.9916666666666668)",1,98.63333333333324,47497
"(0.9291666666666668, 0.9875)",1,98.63333333333318,47498
"(0.925, 0.9875)",1,98.63333333333318,47499
"(0.9333333333333332, 0.9875)",1,98.63333333333316,47500
"(0.9125, 0.9875)",1,98.63333333333316,47501
"(0.9708333333333332, 0.9875)",1,98.63333333333316,47502
"(0.9625, 0.9875)",1,98.63333333333316,47503
"(0.8625, 0.9916666666666668)",1,98.63333333333313,47504
"(0.9333333333333332, 0.9916666666666668)",1,98.63333333333313,47505
"(0.9125, 0.9916666666666668)",1,98.63333333333313,47506
"(0.9125, 0.9916666666666668)",1,98.63333333333306,47507
"(0.368560606060606, 0.9981060606060606)",1,98.63181818181825,47508
"(0.8728070175438597, 0.9912280701754386)",1,98.6315789473684,47509
"(0.925438596491228, 0.9912280701754386)",1,98.6315789473684,47510
"(0.9791666666666666, 0.9958333333333332)",1,98.62916666666676,47511
"(0.9916666666666668, 0.9958333333333332)",2,98.62916666666676,47513
"(0.9, 0.9958333333333332)",1,98.62916666666676,47514
"(0.9916666666666668, 0.9958333333333332)",1,98.62916666666672,47515
"(0.9791666666666666, 0.9958333333333332)",1,98.62916666666668,47516
"(0.9666666666666668, 0.9958333333333332)",1,98.62916666666668,47517
"(0.9958333333333332, 0.9958333333333332)",1,98.62916666666668,47518
"(0.9833333333333332, 0.9958333333333332)",3,98.62916666666668,47521
"(0.9875, 1.0)",2,98.62916666666666,47523
"(0.9458333333333332, 0.9916666666666668)",1,98.62916666666656,47524
"(0.9625, 0.9875)",1,98.6291666666665,47525
"(0.9125, 0.9875)",1,98.62916666666648,47526
"(0.95, 0.9875)",6,98.62916666666648,47532
"(0.9, 0.9875)",2,98.62916666666648,47534
"(0.8958333333333334, 0.9875)",1,98.62916666666648,47535
"(0.9375, 0.9916666666666668)",1,98.62916666666638,47536
"(0.8916666666666667, 0.9916666666666668)",1,98.62916666666638,47537
"(0.6189393939393939, 1.0)",3,98.62878787878788,47540
"(0.7307692307692307, 1.0)",2,98.62820512820512,47542
"(0.9302325581395348, 0.9883720930232558)",3,98.62790697674434,47545
"(0.8255813953488372, 0.9883720930232558)",1,98.62790697674434,47546
"(0.9418604651162792, 0.9883720930232558)",4,98.62790697674434,47550
"(0.8837209302325582, 0.9883720930232558)",6,98.62790697674434,47556
"(0.7674418604651163, 0.9883720930232558)",1,98.62790697674434,47557
"(0.8488372093023255, 0.9883720930232558)",1,98.62790697674434,47558
"(0.8953488372093024, 0.9883720930232558)",6,98.62790697674434,47564
"(0.9186046511627908, 1.0)",1,98.6279069767442,47565
"(0.8837209302325582, 1.0)",1,98.6279069767442,47566
"(0.8837209302325582, 0.9883720930232558)",2,98.6279069767442,47568
"(0.627906976744186, 1.0)",1,98.6279069767442,47569
"(0.4651162790697674, 1.0)",2,98.6279069767442,47571
"(0.9429824561403508, 0.9912280701754386)",2,98.62719298245612,47573
"(0.9473684210526316, 0.9912280701754386)",1,98.62719298245612,47574
"(0.9035087719298246, 0.9912280701754386)",1,98.62719298245612,47575
"(0.8552631578947368, 0.9912280701754386)",1,98.62719298245612,47576
"(0.3814393939393939, 0.9992424242424244)",3,98.62651515151518,47579
"(0.3920454545454545, 0.9992424242424244)",3,98.62651515151518,47582
"(0.5912878787878788, 0.999621212121212)",1,98.62651515151516,47583
"(0.51, 0.99875)",1,98.62625000000008,47584
"(0.3844696969696969, 0.9973484848484848)",1,98.62575757575765,47585
"(0.9305555555555556, 0.9861111111111112)",2,98.6250000000002,47587
"(0.9444444444444444, 0.9861111111111112)",1,98.6250000000002,47588
"(0.9166666666666666, 0.9861111111111112)",2,98.6250000000002,47590
"(0.49875, 0.9975)",1,98.62500000000011,47591
"(0.9041666666666668, 0.9958333333333332)",1,98.62500000000009,47592
"(0.8541666666666666, 0.9958333333333332)",2,98.62500000000009,47594
"(0.9305555555555556, 1.0)",1,98.62500000000006,47595
"(0.9208333333333332, 0.9958333333333332)",1,98.62500000000006,47596
"(0.9125, 0.9958333333333332)",1,98.62500000000006,47597
"(0.9875, 0.9958333333333332)",3,98.62500000000004,47600
"(0.9833333333333332, 0.9958333333333332)",3,98.62500000000004,47603
"(0.8625, 0.9958333333333332)",1,98.62500000000004,47604
"(0.9791666666666666, 0.9958333333333332)",1,98.62500000000004,47605
"(0.975, 0.9958333333333332)",2,98.62500000000004,47607
"(0.9583333333333334, 0.9958333333333332)",1,98.62500000000004,47608
"(0.9625, 0.9958333333333332)",1,98.62500000000004,47609
"(0.9791666666666666, 0.9958333333333332)",2,98.62500000000004,47611
"(0.95, 0.9958333333333332)",1,98.62500000000004,47612
"(0.6805555555555556, 1.0)",1,98.625,47613
"(0.9583333333333334, 0.9958333333333332)",1,98.625,47614
"(0.7638888888888888, 1.0)",1,98.625,47615
"(0.9583333333333334, 1.0)",1,98.625,47616
"(0.9305555555555556, 1.0)",4,98.625,47620
"(0.8611111111111112, 1.0)",2,98.625,47622
"(0.7083333333333334, 1.0)",2,98.625,47624
"(0.875, 1.0)",2,98.625,47626
"(0.9166666666666666, 1.0)",1,98.625,47627
"(0.7916666666666666, 1.0)",1,98.625,47628
"(0.2893939393939393, 0.999621212121212)",3,98.625,47631
"(0.6944444444444444, 0.9861111111111112)",2,98.625,47633
"(0.8194444444444444, 1.0)",3,98.625,47636
"(0.8472222222222222, 1.0)",1,98.625,47637
"(0.9027777777777778, 1.0)",1,98.625,47638
"(0.9027777777777778, 0.9861111111111112)",1,98.625,47639
"(0.9305555555555556, 1.0)",1,98.625,47640
"(0.9208333333333332, 0.9958333333333332)",1,98.625,47641
"(0.75, 1.0)",1,98.625,47642
"(0.9833333333333332, 1.0)",1,98.625,47643
"(0.8333333333333334, 1.0)",3,98.625,47646
"(0.9666666666666668, 0.9958333333333332)",1,98.62499999999996,47647
"(0.95, 0.9958333333333332)",1,98.62499999999996,47648
"(0.975, 0.9875)",1,98.62499999999991,47649
"(0.925, 0.9958333333333332)",1,98.6249999999999,47650
"(0.9791666666666666, 0.9875)",1,98.6249999999999,47651
"(0.9375, 0.9875)",1,98.62499999999986,47652
"(0.925, 0.9875)",1,98.62499999999984,47653
"(0.9125, 0.9875)",2,98.62499999999984,47655
"(0.9416666666666668, 0.9875)",1,98.62499999999984,47656
"(0.9208333333333332, 0.9875)",1,98.62499999999984,47657
"(0.9208333333333332, 0.9916666666666668)",1,98.6249999999998,47658
"(0.9291666666666668, 0.9916666666666668)",2,98.6249999999998,47660
"(0.9375, 0.9916666666666668)",1,98.62499999999976,47661
"(0.9, 0.9916666666666668)",1,98.62499999999974,47662
"(0.9375, 0.9916666666666668)",1,98.62499999999972,47663
"(0.4803030303030303, 1.0)",3,98.62424242424244,47666
"(0.2356060606060606, 0.9977272727272728)",2,98.62386363636368,47668
"(0.7719298245614035, 0.9912280701754386)",1,98.62280701754383,47669
"(0.9833333333333332, 0.9958333333333332)",1,98.62083333333344,47670
"(0.95, 0.9958333333333332)",1,98.62083333333342,47671
"(0.9625, 0.9958333333333332)",1,98.6208333333334,47672
"(0.8791666666666667, 0.9958333333333332)",1,98.6208333333334,47673
"(0.8541666666666666, 0.9958333333333332)",1,98.62083333333338,47674
"(0.8791666666666667, 0.9958333333333332)",1,98.62083333333337,47675
"(0.9541666666666668, 0.9958333333333332)",1,98.62083333333337,47676
"(0.9875, 0.9958333333333332)",3,98.62083333333337,47679
"(0.975, 0.9958333333333332)",2,98.62083333333337,47681
"(0.9916666666666668, 0.9958333333333332)",1,98.62083333333337,47682
"(0.85, 0.9958333333333332)",1,98.6208333333333,47683
"(0.8791666666666667, 0.9958333333333332)",1,98.62083333333328,47684
"(0.9583333333333334, 0.9916666666666668)",1,98.62083333333322,47685
"(0.925, 0.9875)",1,98.6208333333332,47686
"(0.9, 0.9875)",2,98.62083333333318,47688
"(0.9416666666666668, 0.9875)",1,98.62083333333318,47689
"(0.9083333333333332, 0.9875)",1,98.62083333333318,47690
"(0.9125, 0.9875)",1,98.62083333333318,47691
"(0.9375, 0.9875)",1,98.62083333333317,47692
"(0.8958333333333334, 0.9875)",1,98.62083333333317,47693
"(0.9291666666666668, 0.9875)",2,98.62083333333317,47695
"(0.9875, 0.9916666666666668)",1,98.62083333333317,47696
"(0.9, 0.9875)",1,98.62083333333317,47697
"(0.925, 0.9875)",1,98.62083333333317,47698
"(0.9291666666666668, 0.9875)",1,98.62083333333317,47699
"(0.9, 0.9916666666666668)",1,98.62083333333312,47700
"(0.9291666666666668, 0.9916666666666668)",1,98.62083333333308,47701
"(0.2579545454545454, 0.9988636363636364)",3,98.62045454545458,47704
"(0.4428030303030303, 0.9992424242424244)",1,98.61969696969696,47705
"(0.7149122807017544, 0.9912280701754386)",1,98.61842105263156,47706
"(0.925438596491228, 0.9912280701754386)",1,98.61842105263156,47707
"(0.9078947368421052, 0.9912280701754386)",1,98.61842105263156,47708
"(0.7719298245614035, 0.9912280701754386)",3,98.61842105263156,47711
"(0.8552631578947368, 0.9912280701754386)",1,98.61842105263156,47712
"(0.8859649122807017, 0.9912280701754386)",3,98.61842105263156,47715
"(0.3159090909090909, 0.9977272727272728)",3,98.61780303030308,47718
"(0.4450757575757575, 0.999621212121212)",1,98.61742424242426,47719
"(0.5443181818181818, 1.0)",3,98.61704545454546,47722
"(0.9833333333333332, 0.9958333333333332)",1,98.61666666666676,47723
"(0.9, 0.9666666666666668)",1,98.61666666666672,47724
"(0.9333333333333332, 0.9958333333333332)",1,98.61666666666672,47725
"(0.8625, 0.9958333333333332)",1,98.61666666666672,47726
"(0.9791666666666666, 0.9958333333333332)",2,98.6166666666667,47728
"(0.7166666666666667, 0.9833333333333332)",1,98.6166666666667,47729
"(0.75, 0.9833333333333332)",1,98.6166666666667,47730
"(0.9, 1.0)",1,98.6166666666667,47731
"(0.9833333333333332, 0.9958333333333332)",3,98.6166666666667,47734
"(0.8333333333333334, 1.0)",1,98.6166666666667,47735
"(0.9875, 0.9958333333333332)",1,98.6166666666667,47736
"(0.8666666666666667, 1.0)",3,98.61666666666667,47739
"(0.8833333333333333, 1.0)",2,98.61666666666667,47741
"(0.9833333333333332, 1.0)",2,98.61666666666667,47743
"(0.7666666666666667, 1.0)",1,98.61666666666667,47744
"(0.7, 1.0)",1,98.61666666666667,47745
"(1.0, 1.0)",2,98.61666666666667,47747
"(0.9, 1.0)",4,98.61666666666667,47751
"(0.6833333333333333, 1.0)",1,98.61666666666667,47752
"(0.95, 1.0)",4,98.61666666666667,47756
"(0.7333333333333333, 1.0)",2,98.61666666666667,47758
"(0.8, 1.0)",5,98.61666666666667,47763
"(0.9666666666666668, 0.9958333333333332)",1,98.61666666666667,47764
"(0.8333333333333334, 1.0)",2,98.61666666666667,47766
"(0.8333333333333334, 1.0)",2,98.61666666666667,47768
"(0.8666666666666667, 1.0)",2,98.61666666666667,47770
"(0.75, 1.0)",1,98.61666666666667,47771
"(0.9333333333333332, 1.0)",1,98.61666666666667,47772
"(0.9833333333333332, 0.9958333333333332)",2,98.61666666666667,47774
"(0.7666666666666667, 1.0)",1,98.61666666666667,47775
"(0.9666666666666668, 1.0)",2,98.61666666666667,47777
"(0.534469696969697, 0.9992424242424244)",3,98.61666666666667,47780
"(0.85, 1.0)",5,98.61666666666667,47785
"(0.8166666666666667, 0.9833333333333332)",1,98.61666666666667,47786
"(0.85, 1.0)",1,98.61666666666667,47787
"(0.8, 1.0)",1,98.61666666666666,47788
"(0.7833333333333333, 1.0)",1,98.61666666666666,47789
"(0.8333333333333334, 1.0)",1,98.61666666666666,47790
"(0.9583333333333334, 0.9958333333333332)",2,98.61666666666665,47792
"(0.9208333333333332, 0.9958333333333332)",1,98.61666666666662,47793
"(0.9833333333333332, 0.9916666666666668)",1,98.61666666666656,47794
"(0.9, 0.9875)",1,98.61666666666652,47795
"(0.9125, 0.9875)",1,98.61666666666652,47796
"(0.9333333333333332, 0.9875)",1,98.6166666666665,47797
"(0.9, 0.9875)",1,98.61666666666648,47798
"(0.9333333333333332, 0.9875)",1,98.61666666666648,47799
"(0.9291666666666668, 0.9875)",2,98.61666666666648,47801
"(0.95, 0.9916666666666668)",2,98.61666666666646,47803
"(0.8625, 0.9916666666666668)",1,98.61666666666646,47804
"(0.825, 0.9916666666666668)",1,98.61666666666642,47805
"(0.9541666666666668, 0.9916666666666668)",1,98.6166666666664,47806
"(0.8837209302325582, 0.9883720930232558)",1,98.6162790697676,47807
"(0.8953488372093024, 0.9883720930232558)",2,98.6162790697676,47809
"(0.9302325581395348, 0.9883720930232558)",1,98.6162790697676,47810
"(0.7674418604651163, 0.9883720930232558)",1,98.6162790697676,47811
"(0.872093023255814, 0.9883720930232558)",1,98.6162790697676,47812
"(0.9186046511627908, 0.9883720930232558)",1,98.61627906976749,47813
"(0.9302325581395348, 1.0)",1,98.61627906976749,47814
"(0.872093023255814, 1.0)",1,98.61627906976744,47815
"(0.9186046511627908, 1.0)",1,98.61627906976744,47816
"(0.6162790697674418, 1.0)",1,98.61627906976744,47817
"(0.4651162790697674, 1.0)",1,98.61627906976744,47818
"(0.431060606060606, 0.999621212121212)",3,98.61515151515152,47821
"(0.4428030303030303, 0.9988636363636364)",3,98.61439393939396,47824
"(0.6929824561403509, 0.9912280701754386)",1,98.61403508771927,47825
"(0.9035087719298246, 0.9912280701754386)",1,98.61403508771927,47826
"(0.9791666666666666, 0.9958333333333332)",1,98.61250000000013,47827
"(0.9333333333333332, 0.9958333333333332)",1,98.6125000000001,47828
"(0.9125, 0.9958333333333332)",2,98.6125000000001,47830
"(0.9083333333333332, 0.9958333333333332)",1,98.61250000000008,47831
"(0.95, 0.9958333333333332)",1,98.61250000000008,47832
"(0.975, 0.9958333333333332)",1,98.61250000000008,47833
"(0.95, 0.9958333333333332)",1,98.61250000000008,47834
"(0.9833333333333332, 0.9958333333333332)",1,98.61250000000004,47835
"(0.975, 0.9958333333333332)",1,98.61250000000004,47836
"(0.9916666666666668, 0.9958333333333332)",2,98.61250000000004,47838
"(0.9375, 0.9958333333333332)",1,98.61250000000004,47839
"(0.8625, 0.9958333333333332)",1,98.61250000000004,47840
"(0.6231060606060606, 0.999621212121212)",1,98.6125,47841
"(0.9541666666666668, 0.9791666666666666)",1,98.61249999999988,47842
"(0.925, 0.9875)",2,98.61249999999986,47844
"(0.9416666666666668, 0.9875)",1,98.61249999999984,47845
"(0.9458333333333332, 0.9875)",2,98.61249999999984,47847
"(0.9125, 0.9916666666666668)",2,98.6124999999998,47849
"(0.9291666666666668, 0.9916666666666668)",1,98.61249999999971,47850
"(0.5871212121212122, 1.0)",3,98.61174242424244,47853
"(0.9027777777777778, 0.9861111111111112)",3,98.61111111111131,47856
"(0.8472222222222222, 1.0)",1,98.6111111111112,47857
"(0.9305555555555556, 1.0)",1,98.61111111111114,47858
"(0.9444444444444444, 1.0)",1,98.61111111111114,47859
"(0.9583333333333334, 1.0)",1,98.61111111111111,47860
"(0.9166666666666666, 1.0)",1,98.61111111111111,47861
"(0.7638888888888888, 1.0)",5,98.61111111111111,47866
"(0.7777777777777778, 1.0)",3,98.61111111111111,47869
"(0.8333333333333334, 1.0)",3,98.61111111111111,47872
"(0.6805555555555556, 1.0)",1,98.61111111111111,47873
"(0.9444444444444444, 1.0)",2,98.61111111111111,47875
"(0.8611111111111112, 1.0)",3,98.61111111111111,47878
"(0.8472222222222222, 1.0)",2,98.61111111111111,47880
"(0.8194444444444444, 1.0)",2,98.61111111111111,47882
"(0.6944444444444444, 1.0)",1,98.61111111111111,47883
"(0.8888888888888888, 1.0)",4,98.61111111111111,47887
"(0.9027777777777778, 1.0)",3,98.61111111111111,47890
"(0.7083333333333334, 1.0)",1,98.61111111111111,47891
"(0.7361111111111112, 1.0)",2,98.61111111111111,47893
"(0.7916666666666666, 1.0)",3,98.61111111111111,47896
"(0.9305555555555556, 1.0)",2,98.61111111111111,47898
"(0.3844696969696969, 0.9992424242424244)",3,98.61098484848488,47901
"(0.9035087719298246, 0.9912280701754386)",4,98.609649122807,47905
"(0.8552631578947368, 0.9912280701754386)",1,98.609649122807,47906
"(0.9385964912280702, 0.9912280701754386)",2,98.609649122807,47908
"(0.7763157894736842, 0.9912280701754386)",1,98.609649122807,47909
"(0.48875, 0.99625)",1,98.60875000000016,47910
"(0.975, 0.9958333333333332)",1,98.60833333333348,47911
"(0.9125, 0.9958333333333332)",1,98.60833333333343,47912
"(0.8625, 0.9958333333333332)",2,98.60833333333343,47914
"(0.95, 0.9958333333333332)",1,98.60833333333343,47915
"(0.9958333333333332, 0.9958333333333332)",1,98.6083333333334,47916
"(0.8375, 0.9958333333333332)",1,98.60833333333338,47917
"(0.9583333333333334, 0.9958333333333332)",1,98.60833333333336,47918
"(0.9416666666666668, 0.9958333333333332)",1,98.60833333333336,47919
"(0.4659090909090909, 0.9977272727272728)",1,98.60833333333336,47920
"(0.85, 0.9958333333333332)",1,98.60833333333336,47921
"(0.9041666666666668, 0.9958333333333332)",1,98.60833333333336,47922
"(0.9916666666666668, 0.9958333333333332)",1,98.60833333333336,47923
"(0.9666666666666668, 0.9958333333333332)",1,98.60833333333336,47924
"(0.8625, 0.9958333333333332)",1,98.60833333333336,47925
"(0.9833333333333332, 0.9958333333333332)",2,98.60833333333336,47927
"(0.9791666666666666, 0.9958333333333332)",1,98.60833333333332,47928
"(0.9875, 1.0)",1,98.60833333333328,47929
"(0.925, 0.9875)",1,98.6083333333332,47930
"(0.95, 0.9875)",1,98.60833333333318,47931
"(0.9208333333333332, 0.9875)",1,98.60833333333316,47932
"(0.9, 0.9875)",3,98.60833333333316,47935
"(0.9125, 0.9875)",1,98.60833333333316,47936
"(0.9333333333333332, 0.9916666666666668)",1,98.60833333333312,47937
"(0.8833333333333333, 0.9916666666666668)",1,98.60833333333304,47938
"(0.5079545454545454, 1.0)",1,98.60606060606062,47939
"(0.5106060606060606, 0.9965909090909092)",1,98.6056818181819,47940
"(0.4462121212121212, 0.999621212121212)",1,98.60530303030308,47941
"(0.9385964912280702, 0.9912280701754386)",1,98.60526315789473,47942
"(0.925438596491228, 0.9912280701754386)",1,98.60526315789473,47943
"(0.9429824561403508, 0.9912280701754386)",1,98.60526315789473,47944
"(0.7149122807017544, 0.9912280701754386)",3,98.60526315789473,47947
"(0.365530303030303, 1.0)",3,98.60492424242426,47950
"(0.872093023255814, 0.9883720930232558)",1,98.60465116279086,47951
"(0.7674418604651163, 0.9883720930232558)",2,98.60465116279086,47953
"(0.8255813953488372, 0.9883720930232558)",2,98.60465116279086,47955
"(0.8023255813953488, 0.9883720930232558)",1,98.60465116279086,47956
"(0.8488372093023255, 0.9883720930232558)",1,98.60465116279086,47957
"(0.7906976744186046, 0.9883720930232558)",1,98.60465116279086,47958
"(0.9302325581395348, 0.9883720930232558)",2,98.60465116279086,47960
"(0.7441860465116279, 0.9883720930232558)",1,98.60465116279086,47961
"(0.9186046511627908, 0.9883720930232558)",1,98.60465116279086,47962
"(0.8372093023255814, 0.9883720930232558)",1,98.60465116279086,47963
"(0.7325581395348837, 0.9883720930232558)",1,98.60465116279086,47964
"(0.8255813953488372, 0.9883720930232558)",1,98.60465116279084,47965
"(0.7674418604651163, 1.0)",2,98.6046511627907,47967
"(0.627906976744186, 1.0)",1,98.6046511627907,47968
"(0.6162790697674418, 1.0)",3,98.6046511627907,47971
"(0.3372093023255814, 1.0)",1,98.6046511627907,47972
"(0.975, 0.9958333333333332)",1,98.60416666666676,47973
"(0.8958333333333334, 0.9958333333333332)",1,98.60416666666676,47974
"(0.9958333333333332, 0.9958333333333332)",1,98.60416666666676,47975
"(0.825, 0.9958333333333332)",2,98.60416666666674,47977
"(0.9375, 0.9958333333333332)",1,98.60416666666674,47978
"(0.9958333333333332, 0.9958333333333332)",2,98.60416666666671,47980
"(0.975, 0.9958333333333332)",2,98.6041666666667,47982
"(0.9625, 0.9958333333333332)",1,98.6041666666667,47983
"(0.9833333333333332, 0.9958333333333332)",1,98.6041666666667,47984
"(0.9916666666666668, 0.9958333333333332)",1,98.6041666666667,47985
"(0.9791666666666666, 1.0)",2,98.60416666666669,47987
"(0.9666666666666668, 0.9958333333333332)",1,98.60416666666669,47988
"(0.9166666666666666, 0.9958333333333332)",1,98.60416666666664,47989
"(1.0, 1.0)",1,98.6041666666666,47990
"(0.9125, 0.9916666666666668)",1,98.60416666666656,47991
"(0.95, 0.9958333333333332)",1,98.60416666666654,47992
"(0.9208333333333332, 0.9916666666666668)",1,98.60416666666652,47993
"(0.9375, 0.9875)",1,98.60416666666652,47994
"(0.975, 0.9875)",1,98.6041666666665,47995
"(0.9625, 0.9875)",1,98.6041666666665,47996
"(0.95, 0.9875)",1,98.6041666666665,47997
"(0.9375, 0.9875)",2,98.6041666666665,47999
"(0.9125, 0.9875)",1,98.6041666666665,48000
"(0.9291666666666668, 0.9875)",1,98.6041666666665,48001
"(0.8833333333333333, 0.9875)",2,98.60416666666649,48003
"(0.8958333333333334, 0.9875)",1,98.60416666666649,48004
"(0.9208333333333332, 0.9875)",2,98.60416666666649,48006
"(0.95, 0.9875)",1,98.60416666666649,48007
"(0.925, 0.9875)",1,98.60416666666649,48008
"(0.9375, 0.9916666666666668)",1,98.60416666666646,48009
"(0.3174242424242424, 0.9988636363636364)",3,98.60189393939396,48012
"(0.4795454545454545, 0.9992424242424244)",3,98.60151515151516,48015
"(0.5356060606060606, 1.0)",2,98.60151515151516,48017
"(0.9078947368421052, 0.9912280701754386)",1,98.60087719298244,48018
"(0.9035087719298246, 0.9912280701754386)",1,98.60087719298244,48019
"(0.8859649122807017, 0.9912280701754386)",1,98.60087719298244,48020
"(0.925438596491228, 0.9912280701754386)",1,98.60087719298244,48021
"(0.9473684210526316, 0.9912280701754386)",2,98.60087719298244,48023
"(0.440530303030303, 0.9981060606060606)",1,98.6007575757576,48024
"(0.9375, 0.9958333333333332)",1,98.60000000000012,48025
"(0.49875, 0.9975)",1,98.60000000000012,48026
"(0.8958333333333334, 0.9958333333333332)",1,98.6000000000001,48027
"(0.9041666666666668, 0.9958333333333332)",1,98.6000000000001,48028
"(0.9583333333333334, 0.9958333333333332)",1,98.60000000000008,48029
"(0.9875, 0.9958333333333332)",1,98.60000000000008,48030
"(0.9833333333333332, 0.9958333333333332)",1,98.60000000000004,48031
"(0.8625, 0.9958333333333332)",1,98.60000000000004,48032
"(0.875, 0.9958333333333332)",1,98.60000000000004,48033
"(0.9916666666666668, 0.9958333333333332)",1,98.60000000000004,48034
"(0.9166666666666666, 0.9666666666666668)",2,98.60000000000004,48036
"(0.9791666666666666, 0.9958333333333332)",1,98.60000000000004,48037
"(0.9333333333333332, 1.0)",3,98.60000000000004,48040
"(1.0, 1.0)",1,98.60000000000004,48041
"(0.9875, 0.9958333333333332)",1,98.60000000000004,48042
"(0.9958333333333332, 0.9958333333333332)",1,98.60000000000002,48043
"(0.9333333333333332, 1.0)",1,98.60000000000002,48044
"(0.975, 0.9958333333333332)",4,98.60000000000002,48048
"(0.9625, 0.9958333333333332)",1,98.60000000000002,48049
"(0.9791666666666666, 0.9958333333333332)",1,98.60000000000002,48050
"(0.8666666666666667, 1.0)",5,98.6,48055
"(0.85, 1.0)",1,98.6,48056
"(0.7333333333333333, 1.0)",1,98.6,48057
"(0.8, 1.0)",2,98.6,48059
"(0.8833333333333333, 1.0)",5,98.6,48064
"(0.9833333333333332, 1.0)",2,98.6,48066
"(0.8666666666666667, 1.0)",2,98.6,48068
"(0.8166666666666667, 1.0)",3,98.6,48071
"(0.8333333333333334, 1.0)",1,98.6,48072
"(0.9166666666666666, 1.0)",1,98.6,48073
"(0.7833333333333333, 1.0)",1,98.6,48074
"(0.7166666666666667, 1.0)",3,98.6,48077
"(0.7, 1.0)",1,98.6,48078
"(0.8833333333333333, 1.0)",3,98.6,48081
"(0.8166666666666667, 1.0)",1,98.6,48082
"(0.9166666666666666, 1.0)",2,98.6,48084
"(0.9, 1.0)",2,98.6,48086
"(0.85, 1.0)",1,98.6,48087
"(1.0, 1.0)",8,98.6,48095
"(0.7833333333333333, 1.0)",1,98.6,48096
"(0.9333333333333332, 1.0)",2,98.6,48098
"(0.95, 1.0)",1,98.6,48099
"(0.9833333333333332, 1.0)",3,98.6,48102
"(0.9666666666666668, 1.0)",1,98.6,48103
"(0.9416666666666668, 0.9875)",1,98.59999999999984,48104
"(0.9041666666666668, 0.9916666666666668)",1,98.59999999999982,48105
"(0.9, 0.9875)",1,98.59999999999982,48106
"(0.9416666666666668, 0.9875)",1,98.59999999999982,48107
"(0.8916666666666667, 0.9875)",1,98.59999999999982,48108
"(0.9208333333333332, 0.9875)",2,98.59999999999982,48110
"(0.95, 0.9875)",2,98.59999999999982,48112
"(0.925, 0.9916666666666668)",1,98.59999999999977,48113
"(0.3731060606060606, 0.9992424242424244)",1,98.59772727272728,48114
"(0.9166666666666666, 0.9861111111111112)",1,98.59722222222244,48115
"(0.9444444444444444, 0.9861111111111112)",3,98.59722222222244,48118
"(0.8333333333333334, 0.9861111111111112)",1,98.59722222222244,48119
"(0.9305555555555556, 0.9861111111111112)",2,98.59722222222244,48121
"(0.9444444444444444, 1.0)",1,98.59722222222231,48122
"(0.875, 1.0)",2,98.59722222222224,48124
"(0.8333333333333334, 1.0)",1,98.59722222222224,48125
"(0.8194444444444444, 1.0)",4,98.59722222222224,48129
"(0.9444444444444444, 1.0)",1,98.59722222222224,48130
"(0.7638888888888888, 1.0)",3,98.59722222222224,48133
"(0.7083333333333334, 1.0)",3,98.59722222222224,48136
"(0.9444444444444444, 0.9861111111111112)",1,98.59722222222224,48137
"(0.8611111111111112, 1.0)",1,98.59722222222224,48138
"(0.8888888888888888, 1.0)",3,98.59722222222224,48141
"(0.7777777777777778, 1.0)",3,98.59722222222224,48144
"(0.9305555555555556, 1.0)",3,98.59722222222224,48147
"(0.9027777777777778, 1.0)",2,98.59722222222224,48149
"(0.7916666666666666, 1.0)",4,98.59722222222224,48153
"(0.8333333333333334, 1.0)",1,98.5972222222222,48154
"(0.6944444444444444, 1.0)",2,98.5972222222222,48156
"(0.7083333333333334, 1.0)",1,98.5972222222222,48157
"(0.9429824561403508, 0.9912280701754386)",6,98.59649122807016,48163
"(0.7149122807017544, 0.9912280701754386)",3,98.59649122807016,48166
"(0.8728070175438597, 0.9912280701754386)",1,98.59649122807016,48167
"(0.7719298245614035, 0.9912280701754386)",1,98.59649122807016,48168
"(0.9035087719298246, 0.9912280701754386)",3,98.59649122807016,48171
"(0.9385964912280702, 0.9912280701754386)",1,98.59649122807016,48172
"(0.9429824561403508, 0.9912280701754386)",2,98.59649122807016,48174
"(0.8859649122807017, 0.9912280701754386)",1,98.59649122807016,48175
"(0.7719298245614035, 0.9912280701754386)",2,98.59649122807016,48177
"(0.975, 0.9958333333333332)",1,98.59583333333345,48178
"(0.9291666666666668, 0.9958333333333332)",1,98.59583333333345,48179
"(0.9375, 0.9791666666666666)",1,98.59583333333345,48180
"(0.875, 0.9958333333333332)",1,98.59583333333342,48181
"(0.8625, 0.9958333333333332)",1,98.59583333333342,48182
"(0.9875, 0.9958333333333332)",1,98.59583333333342,48183
"(0.9291666666666668, 0.9958333333333332)",1,98.5958333333334,48184
"(0.9208333333333332, 0.9958333333333332)",1,98.5958333333334,48185
"(0.9166666666666666, 0.9958333333333332)",1,98.59583333333336,48186
"(0.95, 0.9958333333333332)",2,98.59583333333336,48188
"(0.9875, 0.9958333333333332)",1,98.59583333333336,48189
"(0.4079545454545454, 0.999621212121212)",1,98.59583333333336,48190
"(0.9583333333333334, 0.9958333333333332)",1,98.59583333333336,48191
"(0.9791666666666666, 0.9958333333333332)",3,98.59583333333336,48194
"(0.9625, 0.9958333333333332)",2,98.59583333333336,48196
"(0.975, 0.9958333333333332)",2,98.59583333333336,48198
"(0.5303030303030303, 0.9988636363636364)",1,98.59583333333336,48199
"(0.9833333333333332, 0.9958333333333332)",1,98.59583333333336,48200
"(0.9708333333333332, 0.9958333333333332)",1,98.59583333333336,48201
"(0.975, 1.0)",1,98.59583333333332,48202
"(0.9458333333333332, 0.9958333333333332)",2,98.5958333333333,48204
"(0.9125, 0.9958333333333332)",1,98.59583333333325,48205
"(0.9166666666666666, 0.9958333333333332)",1,98.59583333333322,48206
"(0.9125, 0.9875)",1,98.59583333333318,48207
"(0.9416666666666668, 0.9875)",2,98.59583333333318,48209
"(0.95, 0.9875)",1,98.59583333333316,48210
"(0.9375, 0.9875)",1,98.59583333333316,48211
"(0.8958333333333334, 0.9875)",1,98.59583333333316,48212
"(0.9, 0.9875)",1,98.59583333333316,48213
"(0.9625, 0.9875)",1,98.59583333333316,48214
"(0.95, 0.9875)",1,98.59583333333316,48215
"(0.925, 0.9875)",1,98.59583333333316,48216
"(0.9333333333333332, 0.9875)",1,98.59583333333316,48217
"(0.9208333333333332, 0.9875)",2,98.59583333333316,48219
"(0.9625, 0.9875)",1,98.59583333333316,48220
"(0.9125, 0.9916666666666668)",1,98.59583333333312,48221
"(0.9875, 0.9875)",1,98.59583333333312,48222
"(0.9291666666666668, 0.9916666666666668)",1,98.59583333333312,48223
"(0.9291666666666668, 0.9916666666666668)",2,98.5958333333331,48225
"(0.9541666666666668, 0.9916666666666668)",1,98.59583333333306,48226
"(0.9418604651162792, 0.9883720930232558)",2,98.59302325581412,48228
"(0.9186046511627908, 0.9883720930232558)",2,98.59302325581412,48230
"(0.872093023255814, 0.9883720930232558)",1,98.59302325581412,48231
"(0.9302325581395348, 0.9883720930232558)",2,98.59302325581412,48233
"(0.7674418604651163, 0.9883720930232558)",1,98.59302325581412,48234
"(0.8953488372093024, 0.9883720930232558)",5,98.5930232558141,48239
"(0.8837209302325582, 0.9883720930232558)",1,98.5930232558141,48240
"(0.9418604651162792, 0.9883720930232558)",2,98.5930232558141,48242
"(0.813953488372093, 0.9883720930232558)",1,98.5930232558141,48243
"(0.8604651162790697, 0.9883720930232558)",1,98.5930232558141,48244
"(0.9302325581395348, 0.9883720930232558)",2,98.5930232558141,48246
"(0.872093023255814, 1.0)",1,98.59302325581396,48247
"(0.6046511627906976, 1.0)",1,98.59302325581396,48248
"(0.9385964912280702, 0.9912280701754386)",1,98.59210526315788,48249
"(0.7149122807017544, 0.9912280701754386)",2,98.59210526315788,48251
"(0.9375, 0.9958333333333332)",2,98.59166666666675,48253
"(0.9833333333333332, 0.9958333333333332)",1,98.59166666666675,48254
"(0.9208333333333332, 0.9958333333333332)",1,98.59166666666674,48255
"(0.825, 0.9958333333333332)",1,98.59166666666673,48256
"(0.9791666666666666, 0.9958333333333332)",1,98.5916666666667,48257
"(0.8666666666666667, 0.9958333333333332)",1,98.5916666666667,48258
"(0.9625, 0.9958333333333332)",1,98.5916666666667,48259
"(0.9708333333333332, 0.9958333333333332)",1,98.5916666666667,48260
"(0.8541666666666666, 0.9958333333333332)",1,98.5916666666667,48261
"(0.9833333333333332, 0.9958333333333332)",2,98.5916666666667,48263
"(0.9375, 0.9958333333333332)",1,98.5916666666667,48264
"(0.9916666666666668, 0.9958333333333332)",1,98.5916666666667,48265
"(0.9791666666666666, 1.0)",1,98.59166666666668,48266
"(0.296969696969697, 0.9977272727272728)",3,98.59166666666668,48269
"(0.975, 1.0)",3,98.59166666666668,48272
"(0.9291666666666668, 0.9958333333333332)",1,98.59166666666664,48273
"(0.8875, 0.9916666666666668)",1,98.59166666666658,48274
"(0.9208333333333332, 0.9875)",1,98.59166666666653,48275
"(0.9166666666666666, 0.9875)",1,98.59166666666653,48276
"(0.9375, 0.9875)",1,98.5916666666665,48277
"(0.9208333333333332, 0.9875)",1,98.5916666666665,48278
"(0.925, 0.9875)",1,98.5916666666665,48279
"(0.9291666666666668, 0.9875)",2,98.5916666666665,48281
"(0.9125, 0.9875)",2,98.5916666666665,48283
"(0.9458333333333332, 0.9875)",1,98.5916666666665,48284
"(0.9416666666666668, 0.9875)",1,98.5916666666665,48285
"(0.9, 0.9916666666666668)",1,98.59166666666646,48286
"(0.9333333333333332, 0.9916666666666668)",1,98.59166666666646,48287
"(0.9291666666666668, 0.9916666666666668)",2,98.59166666666646,48289
"(0.8875, 0.9916666666666668)",1,98.59166666666646,48290
"(0.9125, 0.9916666666666668)",1,98.59166666666644,48291
"(0.5106060606060606, 0.996969696969697)",3,98.59128787878792,48294
"(0.3223484848484848, 0.9984848484848484)",1,98.5912878787879,48295
"(0.3954545454545454, 0.9973484848484848)",1,98.59090909090916,48296
"(0.3974358974358974, 1.0)",2,98.5897435897436,48298
"(0.7051282051282052, 1.0)",1,98.5897435897436,48299
"(0.8717948717948718, 1.0)",1,98.5897435897436,48300
"(0.4382575757575757, 0.9977272727272728)",1,98.5890151515152,48301
"(0.4181818181818181, 0.9981060606060606)",3,98.58901515151518,48304
"(0.8728070175438597, 0.9912280701754386)",1,98.5877192982456,48305
"(0.7105263157894737, 0.9912280701754386)",1,98.5877192982456,48306
"(0.8552631578947368, 0.9912280701754386)",1,98.5877192982456,48307
"(0.9429824561403508, 0.9912280701754386)",1,98.5877192982456,48308
"(0.9078947368421052, 0.9912280701754386)",1,98.5877192982456,48309
"(0.9916666666666668, 0.9958333333333332)",1,98.5875000000001,48310
"(0.9208333333333332, 0.9958333333333332)",1,98.5875000000001,48311
"(0.9583333333333334, 0.9958333333333332)",1,98.58750000000008,48312
"(0.8666666666666667, 0.9958333333333332)",1,98.58750000000008,48313
"(0.9208333333333332, 0.9958333333333332)",1,98.58750000000008,48314
"(0.9958333333333332, 0.9958333333333332)",1,98.58750000000008,48315
"(0.9291666666666668, 0.9958333333333332)",1,98.58750000000008,48316
"(0.975, 0.9958333333333332)",1,98.58750000000008,48317
"(0.9291666666666668, 0.9958333333333332)",1,98.58750000000006,48318
"(0.9041666666666668, 0.9958333333333332)",1,98.58750000000006,48319
"(0.9791666666666666, 0.9958333333333332)",2,98.58750000000003,48321
"(0.3496212121212121, 0.9984848484848484)",2,98.58750000000003,48323
"(0.9708333333333332, 0.9958333333333332)",1,98.58750000000003,48324
"(0.9875, 0.9958333333333332)",1,98.58750000000003,48325
"(0.9583333333333334, 0.9958333333333332)",1,98.58750000000003,48326
"(0.9916666666666668, 0.9958333333333332)",2,98.58750000000003,48328
"(0.9833333333333332, 0.9958333333333332)",2,98.58750000000003,48330
"(0.9916666666666668, 0.9958333333333332)",1,98.58750000000003,48331
"(0.9166666666666666, 0.9958333333333332)",1,98.58750000000002,48332
"(0.3409090909090909, 0.999621212121212)",3,98.5875,48335
"(0.9625, 0.9833333333333332)",1,98.58749999999996,48336
"(0.9375, 0.9958333333333332)",2,98.58749999999992,48338
"(0.9875, 0.9583333333333334)",1,98.5874999999999,48339
"(0.8958333333333334, 0.9875)",1,98.58749999999984,48340
"(0.9, 0.9875)",1,98.58749999999984,48341
"(0.9416666666666668, 0.9875)",1,98.58749999999984,48342
"(0.9291666666666668, 0.9875)",1,98.58749999999982,48343
"(0.8958333333333334, 0.9875)",1,98.58749999999982,48344
"(0.95, 0.9875)",1,98.58749999999982,48345
"(0.9125, 0.9875)",1,98.58749999999982,48346
"(0.925, 0.9875)",2,98.58749999999982,48348
"(0.9375, 0.9875)",4,98.58749999999982,48352
"(0.9208333333333332, 0.9875)",2,98.58749999999982,48354
"(0.9416666666666668, 0.9875)",2,98.58749999999982,48356
"(0.9875, 0.9875)",1,98.5874999999998,48357
"(0.9125, 0.9916666666666668)",1,98.5874999999998,48358
"(0.9375, 0.9916666666666668)",1,98.5874999999998,48359
"(0.925, 0.9916666666666668)",1,98.5874999999998,48360
"(0.9791666666666666, 0.9916666666666668)",1,98.58749999999976,48361
"(0.9208333333333332, 0.9916666666666668)",1,98.58749999999972,48362
"(0.4382575757575757, 1.0)",3,98.58560606060608,48365
"(0.4348484848484849, 0.9981060606060606)",3,98.58446969696972,48368
"(0.7371212121212121, 1.0)",1,98.58409090909092,48369
"(0.505, 0.9975)",1,98.58375000000012,48370
"(0.5238636363636363, 1.0)",1,98.58371212121212,48371
"(0.9166666666666666, 0.9861111111111112)",1,98.58333333333354,48372
"(0.9305555555555556, 0.9861111111111112)",1,98.58333333333354,48373
"(0.9027777777777778, 0.9861111111111112)",2,98.58333333333354,48375
"(0.9444444444444444, 0.9861111111111112)",2,98.58333333333354,48377
"(0.7777777777777778, 0.9861111111111112)",1,98.58333333333354,48378
"(0.9722222222222222, 0.9861111111111112)",2,98.58333333333351,48380
"(0.9444444444444444, 0.9861111111111112)",1,98.58333333333351,48381
"(0.9041666666666668, 0.9958333333333332)",1,98.58333333333344,48382
"(0.9444444444444444, 1.0)",3,98.5833333333334,48385
"(0.9875, 0.9958333333333332)",1,98.5833333333334,48386
"(0.9125, 0.9958333333333332)",1,98.5833333333334,48387
"(0.9916666666666668, 0.9958333333333332)",1,98.5833333333334,48388
"(0.9791666666666666, 0.9958333333333332)",1,98.58333333333336,48389
"(0.8333333333333334, 1.0)",2,98.58333333333336,48391
"(0.95, 1.0)",1,98.58333333333336,48392
"(0.9541666666666668, 0.9958333333333332)",1,98.58333333333336,48393
"(0.8333333333333334, 1.0)",1,98.58333333333336,48394
"(0.8166666666666667, 0.9833333333333332)",1,98.58333333333336,48395
"(0.8625, 0.9958333333333332)",1,98.58333333333336,48396
"(0.9666666666666668, 1.0)",2,98.58333333333336,48398
"(0.9333333333333332, 1.0)",1,98.58333333333336,48399
"(0.9444444444444444, 1.0)",2,98.58333333333336,48401
"(0.8166666666666667, 1.0)",1,98.58333333333336,48402
"(0.9833333333333332, 0.9958333333333332)",1,98.58333333333336,48403
"(0.8333333333333334, 0.9833333333333332)",1,98.58333333333336,48404
"(0.9833333333333332, 1.0)",1,98.58333333333336,48405
"(0.9583333333333334, 0.9958333333333332)",1,98.58333333333336,48406
"(0.9, 1.0)",1,98.58333333333336,48407
"(0.9791666666666666, 0.9958333333333332)",1,98.58333333333336,48408
"(0.8166666666666667, 1.0)",1,98.58333333333336,48409
"(0.7166666666666667, 1.0)",2,98.58333333333334,48411
"(0.9305555555555556, 1.0)",1,98.58333333333334,48412
"(0.8, 1.0)",1,98.58333333333334,48413
"(0.9666666666666668, 1.0)",2,98.58333333333334,48415
"(0.8333333333333334, 1.0)",6,98.58333333333334,48421
"(0.7361111111111112, 1.0)",2,98.58333333333334,48423
"(0.8888888888888888, 1.0)",1,98.58333333333334,48424
"(0.9333333333333332, 1.0)",4,98.58333333333334,48428
"(0.9833333333333332, 1.0)",2,98.58333333333334,48430
"(0.75, 1.0)",1,98.58333333333334,48431
"(0.9166666666666666, 1.0)",3,98.58333333333334,48434
"(0.7666666666666667, 1.0)",2,98.58333333333334,48436
"(0.8666666666666667, 1.0)",2,98.58333333333334,48438
"(0.8333333333333334, 0.9833333333333332)",1,98.58333333333334,48439
"(0.8541666666666666, 0.9958333333333332)",1,98.58333333333334,48440
"(0.7638888888888888, 1.0)",2,98.58333333333334,48442
"(0.7777777777777778, 1.0)",1,98.58333333333334,48443
"(0.8611111111111112, 1.0)",3,98.58333333333334,48446
"(1.0, 1.0)",2,98.58333333333334,48448
"(0.85, 1.0)",1,98.58333333333334,48449
"(0.9027777777777778, 1.0)",2,98.58333333333334,48451
"(0.9583333333333334, 1.0)",1,98.58333333333334,48452
"(0.95, 1.0)",1,98.58333333333334,48453
"(0.6666666666666666, 1.0)",1,98.58333333333334,48454
"(0.9444444444444444, 1.0)",1,98.58333333333334,48455
"(0.7083333333333334, 1.0)",3,98.58333333333334,48458
"(0.8472222222222222, 1.0)",2,98.58333333333334,48460
"(0.9833333333333332, 1.0)",5,98.58333333333331,48465
"(0.9166666666666666, 1.0)",1,98.58333333333331,48466
"(0.8552631578947368, 0.9912280701754386)",1,98.58333333333331,48467
"(0.8166666666666667, 1.0)",1,98.58333333333331,48468
"(0.8833333333333333, 1.0)",1,98.58333333333331,48469
"(0.8859649122807017, 0.9912280701754386)",1,98.58333333333331,48470
"(1.0, 1.0)",2,98.58333333333331,48472
"(0.9333333333333332, 1.0)",2,98.58333333333331,48474
"(0.7916666666666666, 1.0)",1,98.58333333333331,48475
"(0.95, 1.0)",2,98.58333333333331,48477
"(0.7777777777777778, 1.0)",2,98.58333333333331,48479
"(0.9473684210526316, 0.9912280701754386)",1,98.58333333333331,48480
"(0.85, 1.0)",2,98.58333333333331,48482
"(0.7083333333333334, 1.0)",3,98.58333333333331,48485
"(0.9027777777777778, 1.0)",1,98.58333333333331,48486
"(0.5972222222222222, 1.0)",1,98.58333333333331,48487
"(0.8611111111111112, 1.0)",2,98.58333333333331,48489
"(0.7, 1.0)",2,98.58333333333331,48491
"(0.706140350877193, 0.9912280701754386)",1,98.58333333333331,48492
"(0.7166666666666667, 1.0)",1,98.58333333333331,48493
"(0.75, 1.0)",3,98.58333333333331,48496
"(0.8333333333333334, 1.0)",5,98.58333333333331,48501
"(0.925438596491228, 0.9912280701754386)",1,98.58333333333331,48502
"(0.7638888888888888, 1.0)",1,98.58333333333331,48503
"(0.8666666666666667, 1.0)",3,98.58333333333331,48506
"(0.9, 1.0)",1,98.58333333333331,48507
"(0.7333333333333333, 1.0)",1,98.58333333333331,48508
"(0.875, 1.0)",2,98.58333333333331,48510
"(0.9666666666666668, 1.0)",1,98.58333333333331,48511
"(0.7719298245614035, 0.9912280701754386)",1,98.58333333333331,48512
"(0.7763157894736842, 0.9912280701754386)",2,98.58333333333331,48514
"(0.9166666666666666, 0.9958333333333332)",1,98.5833333333332,48515
"(0.9791666666666666, 0.9916666666666668)",1,98.5833333333332,48516
"(0.9083333333333332, 0.9916666666666668)",1,98.5833333333332,48517
"(0.9166666666666666, 0.9916666666666668)",1,98.58333333333316,48518
"(0.8958333333333334, 0.9875)",1,98.58333333333316,48519
"(0.95, 0.9875)",1,98.58333333333316,48520
"(0.9625, 0.9916666666666668)",2,98.58333333333316,48522
"(0.9, 0.9875)",1,98.58333333333314,48523
"(0.9208333333333332, 0.9916666666666668)",1,98.58333333333312,48524
"(0.95, 0.9916666666666668)",1,98.58333333333312,48525
"(0.925, 0.9916666666666668)",1,98.5833333333331,48526
"(0.8958333333333334, 0.9916666666666668)",1,98.58333333333304,48527
"(0.4602272727272727, 0.9988636363636364)",1,98.58181818181822,48528
"(0.543939393939394, 0.9977272727272728)",1,98.58143939393946,48529
"(0.9302325581395348, 0.9883720930232558)",2,98.58139534883738,48531
"(0.8023255813953488, 0.9883720930232558)",1,98.58139534883736,48532
"(0.8255813953488372, 0.9883720930232558)",5,98.58139534883736,48537
"(0.8953488372093024, 0.9883720930232558)",6,98.58139534883736,48543
"(0.9186046511627908, 0.9883720930232558)",1,98.58139534883736,48544
"(0.8837209302325582, 0.9883720930232558)",4,98.58139534883736,48548
"(0.8023255813953488, 1.0)",1,98.58139534883722,48549
"(0.9186046511627908, 1.0)",1,98.58139534883722,48550
"(0.4069767441860465, 1.0)",1,98.5813953488372,48551
"(0.9186046511627908, 1.0)",2,98.5813953488372,48553
"(0.3481060606060606, 0.9992424242424244)",1,98.58068181818184,48554
"(0.431060606060606, 0.9981060606060606)",1,98.5803030303031,48555
"(0.4106060606060606, 1.0)",3,98.57954545454548,48558
"(0.9833333333333332, 0.9958333333333332)",2,98.57916666666677,48560
"(0.9125, 0.9958333333333332)",1,98.57916666666677,48561
"(0.9375, 0.9958333333333332)",1,98.57916666666677,48562
"(0.9833333333333332, 0.9958333333333332)",2,98.57916666666674,48564
"(0.875, 0.9958333333333332)",1,98.57916666666674,48565
"(0.9041666666666668, 0.9958333333333332)",2,98.57916666666672,48567
"(0.95, 0.9958333333333332)",1,98.57916666666672,48568
"(0.9833333333333332, 0.9958333333333332)",1,98.57916666666672,48569
"(0.975, 0.9958333333333332)",1,98.57916666666672,48570
"(0.9208333333333332, 0.9958333333333332)",1,98.57916666666672,48571
"(0.8958333333333334, 0.9958333333333332)",1,98.57916666666672,48572
"(0.9791666666666666, 0.9958333333333332)",2,98.5791666666667,48574
"(0.975, 0.9958333333333332)",1,98.5791666666667,48575
"(0.9708333333333332, 0.9958333333333332)",2,98.5791666666667,48577
"(0.9458333333333332, 0.9958333333333332)",1,98.5791666666667,48578
"(0.8791666666666667, 0.9958333333333332)",1,98.57916666666668,48579
"(0.9666666666666668, 0.9958333333333332)",1,98.57916666666664,48580
"(0.9458333333333332, 0.9791666666666666)",1,98.57916666666657,48581
"(0.9, 0.9875)",1,98.57916666666652,48582
"(0.9375, 0.9916666666666668)",1,98.57916666666652,48583
"(0.9208333333333332, 0.9875)",1,98.5791666666665,48584
"(0.9125, 0.9875)",1,98.5791666666665,48585
"(0.9375, 0.9875)",1,98.5791666666665,48586
"(0.9666666666666668, 0.9875)",1,98.5791666666665,48587
"(0.9, 0.9875)",2,98.5791666666665,48589
"(0.8958333333333334, 0.9875)",1,98.57916666666648,48590
"(0.9625, 0.9916666666666668)",1,98.57916666666635,48591
"(0.9385964912280702, 0.9912280701754386)",1,98.57894736842104,48592
"(0.7719298245614035, 0.9912280701754386)",1,98.57894736842104,48593
"(0.5384615384615384, 1.0)",3,98.57692307692308,48596
"(0.717948717948718, 1.0)",2,98.57692307692308,48598
"(0.9583333333333334, 0.9958333333333332)",1,98.57500000000012,48599
"(0.9583333333333334, 0.9958333333333332)",1,98.57500000000012,48600
"(0.9916666666666668, 0.9958333333333332)",1,98.57500000000012,48601
"(0.9375, 0.9958333333333332)",1,98.57500000000007,48602
"(0.9791666666666666, 0.9958333333333332)",1,98.57500000000006,48603
"(0.9, 0.9958333333333332)",1,98.57500000000006,48604
"(0.9375, 0.9958333333333332)",1,98.57500000000006,48605
"(0.9791666666666666, 0.9958333333333332)",1,98.57500000000005,48606
"(0.9875, 0.9958333333333332)",2,98.57500000000005,48608
"(0.9208333333333332, 0.9958333333333332)",1,98.57500000000005,48609
"(0.8625, 0.9958333333333332)",1,98.57500000000005,48610
"(0.9916666666666668, 0.9958333333333332)",1,98.57500000000005,48611
"(0.975, 0.9958333333333332)",1,98.57500000000005,48612
"(0.9625, 0.9958333333333332)",1,98.57500000000005,48613
"(0.975, 1.0)",1,98.575,48614
"(0.4571969696969697, 0.9992424242424244)",2,98.575,48616
"(0.95, 0.9958333333333332)",1,98.57499999999996,48617
"(0.9208333333333332, 0.9958333333333332)",1,98.57499999999996,48618
"(0.95, 0.9958333333333332)",1,98.57499999999992,48619
"(0.9125, 0.9958333333333332)",1,98.57499999999992,48620
"(0.9625, 0.9875)",1,98.5749999999999,48621
"(0.925, 0.9916666666666668)",1,98.57499999999987,48622
"(0.925, 0.9875)",1,98.57499999999985,48623
"(0.9291666666666668, 0.9916666666666668)",2,98.57499999999985,48625
"(0.9416666666666668, 0.9875)",2,98.57499999999985,48627
"(0.8958333333333334, 0.9875)",1,98.57499999999985,48628
"(0.8833333333333333, 0.9875)",1,98.57499999999982,48629
"(0.9291666666666668, 0.9916666666666668)",1,98.57499999999982,48630
"(0.9125, 0.9875)",1,98.57499999999982,48631
"(0.8666666666666667, 0.9916666666666668)",1,98.5749999999998,48632
"(0.9166666666666666, 0.9916666666666668)",2,98.5749999999998,48634
"(0.9708333333333332, 0.9916666666666668)",1,98.5749999999998,48635
"(0.9916666666666668, 0.9916666666666668)",1,98.57499999999976,48636
"(0.9416666666666668, 0.9916666666666668)",1,98.57499999999976,48637
"(0.925438596491228, 0.9912280701754386)",2,98.57456140350877,48639
"(0.9035087719298246, 0.9912280701754386)",1,98.57456140350877,48640
"(0.9473684210526316, 0.9912280701754386)",1,98.57456140350877,48641
"(0.7149122807017544, 0.9912280701754386)",1,98.57456140350877,48642
"(0.9429824561403508, 0.9912280701754386)",2,98.57456140350877,48644
"(0.8859649122807017, 0.9912280701754386)",1,98.57456140350877,48645
"(0.4621212121212121, 0.9992424242424244)",2,98.57234848484852,48647
"(0.3583333333333333, 0.9992424242424244)",1,98.5723484848485,48648
"(0.4753787878787879, 0.9992424242424244)",1,98.57121212121214,48649
"(0.4496212121212121, 0.9992424242424244)",3,98.57121212121214,48652
"(0.9791666666666666, 0.9958333333333332)",1,98.57083333333344,48653
"(0.9375, 0.9958333333333332)",1,98.5708333333334,48654
"(0.9791666666666666, 0.9958333333333332)",1,98.5708333333334,48655
"(0.9875, 0.9958333333333332)",1,98.57083333333335,48656
"(0.975, 0.9958333333333332)",3,98.57083333333335,48659
"(0.9791666666666666, 0.9958333333333332)",2,98.57083333333335,48661
"(0.9208333333333332, 0.9958333333333332)",1,98.57083333333335,48662
"(0.9833333333333332, 0.9958333333333332)",1,98.57083333333335,48663
"(0.9208333333333332, 0.9958333333333332)",1,98.5708333333333,48664
"(0.9583333333333334, 0.9916666666666668)",1,98.57083333333328,48665
"(0.9416666666666668, 0.9916666666666668)",1,98.57083333333324,48666
"(0.9166666666666666, 0.9875)",1,98.57083333333318,48667
"(0.925, 0.9875)",1,98.57083333333316,48668
"(0.9166666666666666, 0.9875)",1,98.57083333333316,48669
"(0.8833333333333333, 0.9875)",1,98.57083333333316,48670
"(0.95, 0.9875)",1,98.57083333333316,48671
"(0.9125, 0.9875)",1,98.57083333333316,48672
"(0.8958333333333334, 0.9875)",1,98.57083333333316,48673
"(0.9291666666666668, 0.9875)",1,98.57083333333316,48674
"(0.9083333333333332, 0.9875)",1,98.57083333333316,48675
"(0.9291666666666668, 0.9875)",1,98.57083333333316,48676
"(0.8625, 0.9916666666666668)",1,98.57083333333313,48677
"(0.9125, 0.9916666666666668)",1,98.57083333333304,48678
"(0.2253787878787878, 1.0)",3,98.57045454545457,48681
"(0.7149122807017544, 0.9912280701754386)",1,98.57017543859648,48682
"(0.406060606060606, 1.0)",1,98.5700757575758,48683
"(0.8837209302325582, 0.9883720930232558)",1,98.56976744186063,48684
"(0.9186046511627908, 0.9883720930232558)",1,98.56976744186063,48685
"(0.9302325581395348, 0.9883720930232558)",2,98.56976744186063,48687
"(0.9302325581395348, 0.9883720930232558)",2,98.56976744186062,48689
"(0.8837209302325582, 0.9883720930232558)",3,98.56976744186062,48692
"(0.9186046511627908, 0.9883720930232558)",1,98.56976744186062,48693
"(0.813953488372093, 0.9883720930232558)",1,98.56976744186062,48694
"(0.8953488372093024, 0.9883720930232558)",5,98.56976744186062,48699
"(0.8604651162790697, 0.9883720930232558)",1,98.56976744186062,48700
"(0.872093023255814, 0.9883720930232558)",2,98.56976744186062,48702
"(0.8255813953488372, 0.9883720930232558)",1,98.56976744186062,48703
"(0.7906976744186046, 0.9883720930232558)",2,98.56976744186062,48705
"(0.7441860465116279, 0.9883720930232558)",1,98.56976744186062,48706
"(0.9418604651162792, 0.9883720930232558)",2,98.56976744186062,48708
"(0.6162790697674418, 0.9883720930232558)",1,98.5697674418605,48709
"(0.4651162790697674, 1.0)",1,98.56976744186046,48710
"(0.7441860465116279, 1.0)",1,98.56976744186046,48711
"(0.8194444444444444, 0.9861111111111112)",3,98.56944444444466,48714
"(0.9444444444444444, 0.9861111111111112)",4,98.56944444444464,48718
"(0.9305555555555556, 0.9861111111111112)",5,98.56944444444464,48723
"(0.9027777777777778, 0.9861111111111112)",2,98.56944444444464,48725
"(0.9722222222222222, 0.9861111111111112)",1,98.56944444444464,48726
"(0.9444444444444444, 1.0)",1,98.56944444444458,48727
"(0.9305555555555556, 1.0)",1,98.56944444444454,48728
"(0.6527777777777778, 1.0)",1,98.56944444444446,48729
"(0.9166666666666666, 1.0)",1,98.56944444444446,48730
"(0.9305555555555556, 0.9861111111111112)",1,98.56944444444446,48731
"(0.8611111111111112, 1.0)",1,98.56944444444446,48732
"(0.9305555555555556, 1.0)",1,98.56944444444446,48733
"(0.8472222222222222, 1.0)",1,98.56944444444446,48734
"(0.7638888888888888, 1.0)",1,98.56944444444446,48735
"(0.875, 1.0)",1,98.56944444444446,48736
"(0.7222222222222222, 1.0)",1,98.56944444444446,48737
"(0.7916666666666666, 1.0)",1,98.56944444444444,48738
"(0.9027777777777778, 1.0)",2,98.56944444444444,48740
"(0.8611111111111112, 1.0)",1,98.56944444444444,48741
"(0.8333333333333334, 1.0)",1,98.56944444444444,48742
"(0.9166666666666666, 1.0)",1,98.56944444444444,48743
"(0.8472222222222222, 1.0)",1,98.56944444444444,48744
"(0.8194444444444444, 1.0)",1,98.56944444444444,48745
"(0.75, 1.0)",1,98.56944444444444,48746
"(0.625, 1.0)",1,98.56944444444444,48747
"(0.7083333333333334, 1.0)",2,98.56944444444444,48749
"(0.9444444444444444, 1.0)",2,98.56944444444444,48751
"(0.9305555555555556, 1.0)",2,98.56944444444444,48753
"(0.8888888888888888, 1.0)",2,98.56944444444444,48755
"(0.9305555555555556, 1.0)",1,98.56944444444444,48756
"(0.8055555555555556, 1.0)",1,98.56944444444444,48757
"(0.9583333333333334, 1.0)",5,98.56944444444444,48762
"(0.3537878787878787, 1.0)",1,98.5685606060606,48763
"(0.925, 0.9958333333333332)",1,98.56666666666676,48764
"(1.0, 1.0)",3,98.56666666666672,48767
"(0.9875, 0.9958333333333332)",2,98.56666666666672,48769
"(0.8166666666666667, 1.0)",1,98.56666666666672,48770
"(0.95, 0.9833333333333332)",1,98.56666666666672,48771
"(0.8333333333333334, 0.9666666666666668)",1,98.56666666666672,48772
"(0.8333333333333334, 0.9833333333333332)",1,98.56666666666672,48773
"(0.7333333333333333, 0.9833333333333332)",1,98.5666666666667,48774
"(0.825, 0.9958333333333332)",1,98.5666666666667,48775
"(0.8333333333333334, 1.0)",2,98.5666666666667,48777
"(0.9958333333333332, 0.9958333333333332)",1,98.5666666666667,48778
"(0.9166666666666666, 0.9666666666666668)",1,98.5666666666667,48779
"(0.9708333333333332, 0.9958333333333332)",3,98.56666666666668,48782
"(0.9833333333333332, 1.0)",2,98.56666666666668,48784
"(0.9666666666666668, 1.0)",1,98.56666666666668,48785
"(0.9166666666666666, 1.0)",2,98.56666666666668,48787
"(0.9, 1.0)",3,98.56666666666668,48790
"(0.9625, 0.9958333333333332)",1,98.56666666666668,48791
"(1.0, 1.0)",1,98.56666666666668,48792
"(0.8, 1.0)",1,98.56666666666668,48793
"(0.9166666666666666, 1.0)",1,98.56666666666668,48794
"(0.7666666666666667, 1.0)",1,98.56666666666668,48795
"(0.7833333333333333, 1.0)",1,98.56666666666668,48796
"(0.9916666666666668, 0.9958333333333332)",1,98.56666666666668,48797
"(0.7333333333333333, 1.0)",1,98.56666666666668,48798
"(0.8166666666666667, 1.0)",1,98.56666666666668,48799
"(0.8333333333333334, 1.0)",3,98.56666666666668,48802
"(0.9833333333333332, 0.9958333333333332)",1,98.56666666666668,48803
"(0.9, 0.9833333333333332)",1,98.56666666666668,48804
"(0.95, 1.0)",1,98.56666666666668,48805
"(0.9458333333333332, 0.9958333333333332)",1,98.56666666666668,48806
"(0.85, 1.0)",1,98.56666666666668,48807
"(0.9333333333333332, 1.0)",2,98.56666666666668,48809
"(0.8833333333333333, 1.0)",6,98.56666666666666,48815
"(0.975, 1.0)",1,98.56666666666666,48816
"(0.9833333333333332, 1.0)",5,98.56666666666666,48821
"(0.925, 0.9833333333333332)",1,98.56666666666666,48822
"(0.75, 1.0)",1,98.56666666666666,48823
"(0.9666666666666668, 1.0)",4,98.56666666666666,48827
"(0.8, 1.0)",2,98.56666666666666,48829
"(0.7166666666666667, 1.0)",3,98.56666666666666,48832
"(0.95, 1.0)",1,98.56666666666666,48833
"(0.8166666666666667, 1.0)",1,98.56666666666666,48834
"(0.8666666666666667, 1.0)",4,98.56666666666666,48838
"(0.6666666666666666, 1.0)",1,98.56666666666666,48839
"(1.0, 1.0)",6,98.56666666666666,48845
"(0.8333333333333334, 1.0)",4,98.56666666666666,48849
"(0.7, 1.0)",2,98.56666666666666,48851
"(0.7333333333333333, 1.0)",1,98.56666666666666,48852
"(0.9, 1.0)",1,98.56666666666666,48853
"(0.9166666666666666, 1.0)",3,98.56666666666666,48856
"(0.85, 1.0)",7,98.56666666666666,48863
"(0.9333333333333332, 1.0)",4,98.56666666666666,48867
"(0.8916666666666667, 0.9916666666666668)",1,98.56666666666658,48868
"(0.9166666666666666, 0.9958333333333332)",1,98.5666666666665,48869
"(0.925, 0.9875)",1,98.5666666666665,48870
"(0.9, 0.9875)",1,98.5666666666665,48871
"(0.9375, 0.9875)",2,98.56666666666648,48873
"(0.925, 0.9875)",1,98.56666666666648,48874
"(0.9, 0.9875)",2,98.56666666666648,48876
"(0.9208333333333332, 0.9875)",1,98.56666666666648,48877
"(0.9583333333333334, 0.9875)",1,98.56666666666648,48878
"(0.7149122807017544, 0.9912280701754386)",1,98.5657894736842,48879
"(0.9429824561403508, 0.9912280701754386)",1,98.5657894736842,48880
"(0.8552631578947368, 0.9912280701754386)",1,98.5657894736842,48881
"(0.4469696969696969, 0.999621212121212)",3,98.56515151515154,48884
"(0.6923076923076923, 1.0)",1,98.56410256410255,48885
"(0.5890151515151515, 0.9988636363636364)",3,98.5640151515152,48888
"(0.3534090909090909, 0.9984848484848484)",3,98.5628787878788,48891
"(0.4329545454545455, 1.0)",3,98.5628787878788,48894
"(0.975, 0.9958333333333332)",1,98.56250000000011,48895
"(0.9, 0.9958333333333332)",1,98.56250000000011,48896
"(0.8625, 0.9958333333333332)",1,98.56250000000011,48897
"(0.9375, 0.9958333333333332)",1,98.56250000000011,48898
"(0.9833333333333332, 0.9958333333333332)",1,98.5625000000001,48899
"(0.9875, 0.9958333333333332)",1,98.56250000000009,48900
"(0.9375, 0.9958333333333332)",1,98.56250000000009,48901
"(0.975, 0.9958333333333332)",1,98.56250000000004,48902
"(0.9875, 0.9958333333333332)",2,98.56250000000004,48904
"(0.9541666666666668, 0.9958333333333332)",1,98.56250000000004,48905
"(0.9625, 0.9958333333333332)",1,98.56250000000004,48906
"(0.9833333333333332, 0.9958333333333332)",1,98.56250000000004,48907
"(0.9875, 0.9958333333333332)",1,98.56250000000004,48908
"(0.9875, 1.0)",2,98.5625,48910
"(0.9208333333333332, 0.9958333333333332)",2,98.5625,48912
"(0.95, 0.9833333333333332)",1,98.5625,48913
"(0.95, 1.0)",1,98.5625,48914
"(0.95, 0.9875)",2,98.5624999999999,48916
"(0.95, 0.9875)",1,98.56249999999989,48917
"(0.9083333333333332, 0.9875)",1,98.56249999999986,48918
"(0.9208333333333332, 0.9875)",1,98.56249999999984,48919
"(0.9, 0.9875)",1,98.56249999999984,48920
"(0.95, 0.9875)",2,98.56249999999984,48922
"(0.925, 0.9875)",1,98.56249999999984,48923
"(0.9291666666666668, 0.9875)",1,98.56249999999984,48924
"(0.9291666666666668, 0.9875)",2,98.56249999999984,48926
"(0.8958333333333334, 0.9875)",2,98.56249999999984,48928
"(0.925, 0.9875)",1,98.56249999999982,48929
"(0.8958333333333334, 0.9875)",2,98.56249999999982,48931
"(0.8541666666666666, 0.9916666666666668)",2,98.56249999999976,48933
"(0.9291666666666668, 0.9916666666666668)",1,98.56249999999976,48934
"(0.95, 0.9916666666666668)",1,98.56249999999972,48935
"(0.9429824561403508, 0.9912280701754386)",1,98.56140350877192,48936
"(0.925438596491228, 0.9912280701754386)",1,98.56140350877192,48937
"(0.8552631578947368, 0.9912280701754386)",2,98.56140350877192,48939
"(0.7105263157894737, 0.9912280701754386)",3,98.56140350877192,48942
"(0.49, 0.995)",1,98.56125000000009,48943
"(0.4079545454545454, 0.9992424242424244)",3,98.56060606060608,48946
"(0.4469696969696969, 0.9992424242424244)",1,98.55946969696971,48947
"(0.4799242424242424, 0.9988636363636364)",3,98.55909090909094,48950
"(0.9375, 0.9958333333333332)",1,98.55833333333344,48951
"(0.9708333333333332, 0.9958333333333332)",1,98.55833333333344,48952
"(0.8375, 0.9958333333333332)",2,98.5583333333334,48954
"(0.9916666666666668, 0.9958333333333332)",1,98.5583333333334,48955
"(0.9625, 0.9958333333333332)",1,98.55833333333338,48956
"(0.9208333333333332, 0.9833333333333332)",2,98.55833333333337,48958
"(0.9791666666666666, 0.9958333333333332)",1,98.55833333333337,48959
"(0.9625, 0.9958333333333332)",1,98.55833333333337,48960
"(0.9791666666666666, 0.9958333333333332)",1,98.55833333333332,48961
"(0.9625, 0.9958333333333332)",1,98.55833333333328,48962
"(0.8541666666666666, 0.9958333333333332)",1,98.55833333333324,48963
"(0.925, 0.9916666666666668)",1,98.5583333333332,48964
"(0.9125, 0.9875)",1,98.5583333333332,48965
"(0.8958333333333334, 0.9916666666666668)",2,98.55833333333318,48967
"(0.9291666666666668, 0.9875)",1,98.55833333333318,48968
"(0.9166666666666666, 0.9875)",1,98.55833333333318,48969
"(0.95, 0.9875)",2,98.55833333333317,48971
"(0.9291666666666668, 0.9875)",1,98.55833333333317,48972
"(0.9125, 0.9875)",1,98.55833333333317,48973
"(0.9583333333333334, 0.9875)",1,98.55833333333317,48974
"(0.9125, 0.9875)",1,98.55833333333317,48975
"(0.9416666666666668, 0.9875)",1,98.55833333333317,48976
"(0.9375, 0.9875)",1,98.55833333333317,48977
"(0.8958333333333334, 0.9875)",1,98.55833333333317,48978
"(0.9208333333333332, 0.9875)",2,98.55833333333317,48980
"(0.9375, 0.9916666666666668)",1,98.5583333333331,48981
"(0.9125, 0.9916666666666668)",1,98.55833333333308,48982
"(0.9333333333333332, 0.9916666666666668)",1,98.55833333333304,48983
"(0.8255813953488372, 0.9883720930232558)",1,98.55813953488388,48984
"(0.872093023255814, 0.9883720930232558)",1,98.55813953488388,48985
"(0.7674418604651163, 0.9883720930232558)",2,98.55813953488388,48987
"(0.8488372093023255, 0.9883720930232558)",2,98.55813953488388,48989
"(0.7674418604651163, 0.9883720930232558)",1,98.55813953488388,48990
"(0.813953488372093, 0.9883720930232558)",2,98.55813953488388,48992
"(0.8953488372093024, 0.9883720930232558)",9,98.55813953488388,49001
"(0.9302325581395348, 0.9883720930232558)",1,98.55813953488388,49002
"(0.8372093023255814, 0.9883720930232558)",1,98.55813953488388,49003
"(0.7906976744186046, 0.9883720930232558)",1,98.55813953488388,49004
"(0.8604651162790697, 0.9883720930232558)",5,98.55813953488388,49009
"(0.8837209302325582, 0.9883720930232558)",6,98.55813953488388,49015
"(0.8255813953488372, 0.9883720930232558)",6,98.55813953488388,49021
"(0.9418604651162792, 0.9883720930232558)",7,98.55813953488388,49028
"(0.7441860465116279, 1.0)",1,98.55813953488374,49029
"(0.7149122807017544, 0.9912280701754386)",1,98.55701754385964,49030
"(0.9035087719298246, 0.9912280701754386)",1,98.55701754385964,49031
"(0.9429824561403508, 0.9912280701754386)",1,98.55701754385964,49032
"(0.8552631578947368, 0.9912280701754386)",1,98.55701754385964,49033
"(0.7105263157894737, 0.9912280701754386)",1,98.55701754385964,49034
"(0.925438596491228, 0.9912280701754386)",1,98.55701754385964,49035
"(0.4359848484848485, 0.999621212121212)",3,98.5564393939394,49038
"(0.2174242424242424, 0.999621212121212)",3,98.55606060606064,49041
"(0.8194444444444444, 0.9861111111111112)",3,98.55555555555576,49044
"(0.9305555555555556, 0.9861111111111112)",2,98.55555555555576,49046
"(0.9722222222222222, 0.9861111111111112)",1,98.55555555555576,49047
"(0.9027777777777778, 0.9861111111111112)",2,98.55555555555576,49049
"(0.9444444444444444, 0.9861111111111112)",7,98.55555555555576,49056
"(0.9444444444444444, 1.0)",1,98.55555555555556,49057
"(0.9305555555555556, 1.0)",1,98.55555555555556,49058
"(0.7777777777777778, 1.0)",3,98.55555555555556,49061
"(0.7361111111111112, 1.0)",3,98.55555555555556,49064
"(0.8611111111111112, 1.0)",2,98.55555555555556,49066
"(0.8888888888888888, 1.0)",2,98.55555555555556,49068
"(0.75, 1.0)",2,98.55555555555556,49070
"(0.6805555555555556, 1.0)",1,98.55555555555556,49071
"(0.7083333333333334, 1.0)",2,98.55555555555556,49073
"(0.6805555555555556, 0.9861111111111112)",1,98.55555555555556,49074
"(0.9583333333333334, 1.0)",1,98.55555555555556,49075
"(0.8333333333333334, 1.0)",2,98.55555555555556,49077
"(0.625, 1.0)",2,98.55555555555556,49079
"(0.9305555555555556, 1.0)",1,98.55555555555556,49080
"(0.9166666666666666, 1.0)",1,98.55555555555556,49081
"(0.7638888888888888, 1.0)",1,98.55555555555556,49082
"(0.9027777777777778, 1.0)",1,98.55555555555556,49083
"(0.9444444444444444, 0.9861111111111112)",1,98.55555555555556,49084
"(0.8472222222222222, 1.0)",1,98.55555555555556,49085
"(0.9027777777777778, 1.0)",1,98.55555555555556,49086
"(0.5325757575757576, 0.9988636363636364)",3,98.55530303030304,49089
"(0.4356060606060606, 1.0)",3,98.55492424242426,49092
"(0.975, 0.9958333333333332)",1,98.5541666666668,49093
"(0.8958333333333334, 0.9958333333333332)",1,98.55416666666676,49094
"(0.9458333333333332, 0.9958333333333332)",1,98.55416666666676,49095
"(0.9625, 0.9958333333333332)",1,98.55416666666676,49096
"(0.9333333333333332, 0.9958333333333332)",1,98.55416666666676,49097
"(0.9791666666666666, 0.9958333333333332)",1,98.55416666666672,49098
"(0.975, 0.9958333333333332)",1,98.55416666666672,49099
"(0.9875, 0.9958333333333332)",1,98.5541666666667,49100
"(0.9791666666666666, 0.9958333333333332)",1,98.5541666666667,49101
"(0.9916666666666668, 0.9958333333333332)",2,98.5541666666667,49103
"(0.9333333333333332, 0.9958333333333332)",1,98.5541666666667,49104
"(0.9208333333333332, 0.9958333333333332)",1,98.5541666666667,49105
"(0.975, 0.9958333333333332)",1,98.5541666666667,49106
"(0.9875, 0.9958333333333332)",1,98.55416666666667,49107
"(0.8791666666666667, 0.9916666666666668)",1,98.55416666666656,49108
"(0.9125, 0.9875)",1,98.55416666666652,49109
"(0.9625, 0.9875)",1,98.5541666666665,49110
"(0.9333333333333332, 0.9875)",1,98.5541666666665,49111
"(0.9291666666666668, 0.9875)",1,98.5541666666665,49112
"(0.9541666666666668, 0.9875)",1,98.55416666666648,49113
"(0.9375, 0.9875)",1,98.55416666666648,49114
"(0.9333333333333332, 0.9875)",3,98.55416666666648,49117
"(0.925, 0.9875)",3,98.55416666666648,49120
"(0.9, 0.9875)",1,98.55416666666648,49121
"(0.9458333333333332, 0.9958333333333332)",1,98.55416666666648,49122
"(0.9375, 0.9916666666666668)",2,98.55416666666646,49124
"(0.8875, 0.9916666666666668)",1,98.55416666666646,49125
"(0.9125, 0.9916666666666668)",1,98.55416666666646,49126
"(0.9416666666666668, 0.9916666666666668)",1,98.55416666666638,49127
"(0.4602272727272727, 0.999621212121212)",2,98.55303030303033,49129
"(0.4996212121212121, 0.999621212121212)",1,98.55265151515154,49130
"(0.7105263157894737, 0.9912280701754386)",4,98.55263157894736,49134
"(0.706140350877193, 0.9912280701754386)",1,98.55263157894736,49135
"(0.925438596491228, 0.9912280701754386)",1,98.55263157894736,49136
"(0.8859649122807017, 0.9912280701754386)",1,98.55263157894736,49137
"(0.56125, 0.99875)",1,98.5525000000001,49138
"(0.4242424242424242, 0.9977272727272728)",2,98.55227272727276,49140
"(0.4356060606060606, 0.9981060606060606)",1,98.55189393939398,49141
"(0.8717948717948718, 1.0)",3,98.55128205128206,49144
"(0.4378787878787878, 1.0)",3,98.5503787878788,49147
"(0.4340909090909091, 0.9988636363636364)",3,98.5503787878788,49150
"(0.9375, 0.9958333333333332)",2,98.55000000000013,49152
"(0.9458333333333332, 0.9958333333333332)",1,98.55000000000013,49153
"(0.9625, 0.9958333333333332)",2,98.55000000000013,49155
"(0.9833333333333332, 0.9958333333333332)",1,98.5500000000001,49156
"(0.9875, 0.9958333333333332)",1,98.55000000000008,49157
"(0.9125, 0.9958333333333332)",2,98.55000000000008,49159
"(1.0, 0.9833333333333332)",1,98.55000000000008,49160
"(0.8333333333333334, 0.9833333333333332)",1,98.55000000000004,49161
"(0.8333333333333334, 1.0)",1,98.55000000000004,49162
"(0.75, 1.0)",1,98.55000000000004,49163
"(0.7666666666666667, 1.0)",1,98.55000000000004,49164
"(0.95, 1.0)",2,98.55000000000004,49166
"(0.9666666666666668, 0.9958333333333332)",1,98.55000000000004,49167
"(0.9, 1.0)",1,98.55000000000004,49168
"(1.0, 1.0)",1,98.55000000000004,49169
"(0.8333333333333334, 1.0)",1,98.55000000000004,49170
"(0.9166666666666666, 1.0)",1,98.55000000000004,49171
"(0.9791666666666666, 0.9958333333333332)",2,98.55000000000004,49173
"(0.9833333333333332, 1.0)",1,98.55000000000004,49174
"(0.9791666666666666, 0.9958333333333332)",1,98.55000000000004,49175
"(0.9875, 0.9958333333333332)",1,98.55000000000004,49176
"(0.7333333333333333, 1.0)",1,98.55,49177
"(1.0, 1.0)",1,98.55,49178
"(0.8, 1.0)",1,98.55,49179
"(1.0, 1.0)",3,98.55,49182
"(0.7166666666666667, 1.0)",2,98.55,49184
"(0.8833333333333333, 1.0)",1,98.55,49185
"(0.95, 1.0)",1,98.55,49186
"(0.8166666666666667, 1.0)",1,98.55,49187
"(0.85, 1.0)",2,98.55,49189
"(0.95, 1.0)",1,98.55,49190
"(0.7666666666666667, 1.0)",1,98.55,49191
"(0.7166666666666667, 1.0)",1,98.55,49192
"(0.9, 1.0)",3,98.55,49195
"(0.7, 1.0)",3,98.55,49198
"(0.9666666666666668, 1.0)",2,98.55,49200
"(0.8666666666666667, 1.0)",5,98.55,49205
"(0.8166666666666667, 1.0)",2,98.55,49207
"(0.8333333333333334, 1.0)",1,98.55,49208
"(0.9833333333333332, 1.0)",5,98.55,49213
"(0.85, 1.0)",1,98.55,49214
"(0.9166666666666666, 1.0)",2,98.55,49216
"(0.8833333333333333, 1.0)",7,98.55,49223
"(0.7833333333333333, 1.0)",1,98.55,49224
"(0.9666666666666668, 1.0)",1,98.55,49225
"(0.8333333333333334, 1.0)",3,98.55,49228
"(0.9333333333333332, 1.0)",2,98.55,49230
"(0.9833333333333332, 1.0)",1,98.54999999999998,49231
"(0.8458333333333333, 0.9875)",2,98.54999999999988,49233
"(0.9166666666666666, 0.9875)",1,98.54999999999984,49234
"(0.95, 0.9875)",1,98.54999999999984,49235
"(0.9416666666666668, 0.9875)",1,98.54999999999984,49236
"(0.8958333333333334, 0.9875)",2,98.54999999999984,49238
"(0.925, 0.9875)",1,98.54999999999984,49239
"(0.9375, 0.9875)",1,98.54999999999984,49240
"(0.9541666666666668, 0.9875)",1,98.54999999999984,49241
"(0.9208333333333332, 0.9875)",1,98.54999999999984,49242
"(0.9291666666666668, 0.9875)",2,98.54999999999984,49244
"(0.8958333333333334, 0.9916666666666668)",1,98.5499999999998,49245
"(0.9, 0.9916666666666668)",1,98.54999999999971,49246
"(0.47125, 0.9975)",3,98.54875000000013,49249
"(0.4975, 0.9975)",1,98.5487500000001,49250
"(0.4556818181818182, 0.9977272727272728)",1,98.5484848484849,49251
"(0.7105263157894737, 0.9912280701754386)",3,98.54824561403508,49254
"(0.7675438596491229, 0.9912280701754386)",1,98.54824561403508,49255
"(0.925438596491228, 0.9912280701754386)",1,98.54824561403508,49256
"(0.9035087719298246, 0.9912280701754386)",2,98.54824561403508,49258
"(0.9473684210526316, 0.9912280701754386)",1,98.54824561403508,49259
"(0.9429824561403508, 0.9912280701754386)",5,98.54824561403508,49264
"(0.8552631578947368, 0.9912280701754386)",2,98.54824561403508,49266
"(0.525, 1.0)",1,98.54810606060607,49267
"(0.4871212121212121, 0.9992424242424244)",3,98.54772727272729,49270
"(0.5025, 0.99875)",1,98.54750000000008,49271
"(0.4109848484848485, 1.0)",2,98.5473484848485,49273
"(0.4469696969696969, 0.9981060606060606)",1,98.54696969696975,49274
"(0.4223484848484848, 0.999621212121212)",3,98.54696969696973,49277
"(0.872093023255814, 0.9883720930232558)",1,98.54651162790714,49278
"(0.8604651162790697, 0.9883720930232558)",5,98.54651162790714,49283
"(0.8837209302325582, 0.9883720930232558)",6,98.54651162790714,49289
"(0.8488372093023255, 0.9883720930232558)",4,98.54651162790714,49293
"(0.9302325581395348, 0.9883720930232558)",1,98.54651162790714,49294
"(0.8255813953488372, 0.9883720930232558)",7,98.54651162790714,49301
"(0.9418604651162792, 0.9883720930232558)",3,98.54651162790714,49304
"(0.7674418604651163, 0.9883720930232558)",1,98.54651162790714,49305
"(0.9186046511627908, 1.0)",1,98.546511627907,49306
"(0.9186046511627908, 1.0)",1,98.54651162790698,49307
"(0.4378787878787878, 0.999621212121212)",3,98.54621212121216,49310
"(0.925, 0.9958333333333332)",2,98.54583333333346,49312
"(0.8625, 0.9958333333333332)",1,98.54583333333343,49313
"(0.95, 0.9958333333333332)",1,98.54583333333343,49314
"(0.9791666666666666, 0.9958333333333332)",2,98.54583333333342,49316
"(0.9375, 0.9958333333333332)",1,98.54583333333342,49317
"(0.975, 0.9958333333333332)",1,98.5458333333334,49318
"(0.975, 0.9958333333333332)",1,98.54583333333338,49319
"(0.8875, 0.9958333333333332)",1,98.54583333333336,49320
"(0.975, 0.9958333333333332)",1,98.54583333333336,49321
"(0.9875, 0.9958333333333332)",2,98.54583333333336,49323
"(0.9291666666666668, 0.9958333333333332)",1,98.54583333333336,49324
"(0.9083333333333332, 0.9875)",1,98.54583333333326,49325
"(0.9125, 0.9958333333333332)",1,98.54583333333326,49326
"(0.9458333333333332, 0.9958333333333332)",1,98.54583333333323,49327
"(0.9291666666666668, 0.9916666666666668)",1,98.5458333333332,49328
"(0.9666666666666668, 0.9875)",1,98.5458333333332,49329
"(0.9916666666666668, 0.9791666666666666)",1,98.5458333333332,49330
"(0.9375, 0.9916666666666668)",1,98.54583333333318,49331
"(0.9166666666666666, 0.9875)",1,98.54583333333316,49332
"(0.95, 0.9875)",1,98.54583333333316,49333
"(0.9125, 0.9875)",1,98.54583333333316,49334
"(0.925, 0.9875)",1,98.54583333333316,49335
"(0.9208333333333332, 0.9875)",1,98.54583333333316,49336
"(0.8916666666666667, 0.9875)",1,98.54583333333316,49337
"(0.9375, 0.9875)",3,98.54583333333316,49340
"(0.9166666666666666, 0.9916666666666668)",1,98.54583333333312,49341
"(0.9291666666666668, 0.9916666666666668)",1,98.54583333333308,49342
"(0.8958333333333334, 0.9916666666666668)",1,98.54583333333306,49343
"(0.7149122807017544, 0.9912280701754386)",1,98.5438596491228,49344
"(0.9429824561403508, 0.9912280701754386)",2,98.5438596491228,49346
"(0.9722222222222222, 0.9861111111111112)",6,98.54166666666688,49352
"(0.9305555555555556, 0.9861111111111112)",6,98.54166666666688,49358
"(0.9027777777777778, 0.9861111111111112)",1,98.54166666666688,49359
"(0.8472222222222222, 0.9861111111111112)",2,98.54166666666688,49361
"(0.8333333333333334, 0.9861111111111112)",4,98.54166666666688,49365
"(0.8611111111111112, 0.9861111111111112)",1,98.54166666666688,49366
"(0.8888888888888888, 0.9861111111111112)",1,98.54166666666688,49367
"(0.9444444444444444, 0.9861111111111112)",6,98.54166666666688,49373
"(0.9166666666666666, 0.9861111111111112)",1,98.54166666666688,49374
"(0.7638888888888888, 0.9861111111111112)",1,98.54166666666684,49375
"(0.9458333333333332, 0.9833333333333332)",1,98.54166666666671,49376
"(0.975, 0.9958333333333332)",1,98.5416666666667,49377
"(0.9125, 0.9958333333333332)",2,98.5416666666667,49379
"(1.0, 0.9958333333333332)",1,98.5416666666667,49380
"(0.8958333333333334, 0.9958333333333332)",1,98.5416666666667,49381
"(0.9791666666666666, 0.9958333333333332)",1,98.5416666666667,49382
"(0.9875, 0.9958333333333332)",1,98.5416666666667,49383
"(0.7777777777777778, 1.0)",1,98.5416666666667,49384
"(0.9333333333333332, 0.9958333333333332)",1,98.5416666666667,49385
"(0.875, 1.0)",1,98.54166666666669,49386
"(0.8472222222222222, 1.0)",1,98.54166666666669,49387
"(0.9444444444444444, 1.0)",2,98.54166666666669,49389
"(0.9305555555555556, 1.0)",2,98.54166666666669,49391
"(0.975, 1.0)",2,98.54166666666669,49393
"(0.7361111111111112, 1.0)",1,98.54166666666669,49394
"(0.7638888888888888, 1.0)",1,98.54166666666669,49395
"(0.9027777777777778, 1.0)",3,98.54166666666669,49398
"(0.8194444444444444, 1.0)",1,98.54166666666669,49399
"(0.9833333333333332, 1.0)",1,98.54166666666669,49400
"(0.9166666666666666, 1.0)",1,98.54166666666669,49401
"(0.7083333333333334, 1.0)",3,98.54166666666669,49404
"(0.8055555555555556, 1.0)",2,98.54166666666669,49406
"(0.7916666666666666, 1.0)",1,98.54166666666669,49407
"(0.7222222222222222, 1.0)",2,98.54166666666669,49409
"(0.7777777777777778, 1.0)",2,98.54166666666669,49411
"(0.8055555555555556, 1.0)",1,98.54166666666669,49412
"(0.9444444444444444, 1.0)",1,98.54166666666669,49413
"(0.5972222222222222, 1.0)",1,98.54166666666669,49414
"(0.8194444444444444, 1.0)",1,98.54166666666669,49415
"(0.9583333333333334, 1.0)",2,98.54166666666669,49417
"(0.8333333333333334, 1.0)",1,98.54166666666666,49418
"(0.6111111111111112, 1.0)",1,98.54166666666666,49419
"(0.8055555555555556, 1.0)",4,98.54166666666666,49423
"(0.9583333333333334, 1.0)",2,98.54166666666666,49425
"(0.7777777777777778, 1.0)",1,98.54166666666666,49426
"(0.9444444444444444, 1.0)",1,98.54166666666666,49427
"(0.9166666666666666, 1.0)",2,98.54166666666666,49429
"(0.7083333333333334, 1.0)",2,98.54166666666666,49431
"(0.9305555555555556, 1.0)",2,98.54166666666666,49433
"(0.8611111111111112, 1.0)",1,98.54166666666666,49434
"(0.6805555555555556, 1.0)",3,98.54166666666666,49437
"(0.875, 1.0)",3,98.54166666666666,49440
"(0.8888888888888888, 1.0)",2,98.54166666666666,49442
"(0.7916666666666666, 1.0)",2,98.54166666666666,49444
"(0.9027777777777778, 1.0)",2,98.54166666666666,49446
"(0.9208333333333332, 0.9833333333333332)",1,98.54166666666664,49447
"(0.975, 0.9791666666666666)",1,98.54166666666664,49448
"(0.8916666666666667, 0.9958333333333332)",1,98.5416666666666,49449
"(0.9791666666666666, 0.9916666666666668)",1,98.54166666666654,49450
"(0.9416666666666668, 0.9875)",1,98.54166666666652,49451
"(0.9333333333333332, 0.9875)",1,98.54166666666652,49452
"(0.95, 0.9875)",1,98.54166666666652,49453
"(0.9125, 0.9875)",1,98.5416666666665,49454
"(0.875, 0.9875)",2,98.5416666666665,49456
"(0.9208333333333332, 0.9875)",2,98.54166666666649,49458
"(0.9375, 0.9875)",1,98.54166666666649,49459
"(0.925, 0.9875)",1,98.54166666666649,49460
"(0.8958333333333334, 0.9875)",2,98.54166666666649,49462
"(0.95, 0.9875)",1,98.54166666666649,49463
"(0.9208333333333332, 0.9916666666666668)",1,98.54166666666646,49464
"(0.9333333333333332, 0.9916666666666668)",1,98.54166666666644,49465
"(0.925, 0.9916666666666668)",1,98.54166666666644,49466
"(0.9208333333333332, 0.9916666666666668)",1,98.54166666666642,49467
"(0.9083333333333332, 0.9916666666666668)",1,98.54166666666642,49468
"(0.8916666666666667, 0.9916666666666668)",1,98.5416666666664,49469
"(0.456060606060606, 0.999621212121212)",3,98.54090909090912,49472
"(0.4925, 0.99875)",1,98.54000000000008,49473
"(0.7675438596491229, 0.9912280701754386)",1,98.5394736842105,49474
"(0.7763157894736842, 0.9912280701754386)",3,98.5394736842105,49477
"(0.5034090909090909, 0.9988636363636364)",1,98.5390151515152,49478
"(0.505, 0.9975)",1,98.53875000000016,49479
"(0.543939393939394, 0.999621212121212)",1,98.5386363636364,49480
"(0.6538461538461539, 1.0)",1,98.53846153846156,49481
"(0.9916666666666668, 0.9958333333333332)",2,98.5375000000001,49483
"(0.9541666666666668, 0.9958333333333332)",1,98.53750000000008,49484
"(0.5106060606060606, 0.999621212121212)",3,98.53750000000004,49487
"(0.9708333333333332, 0.9958333333333332)",1,98.53750000000004,49488
"(0.9791666666666666, 0.9958333333333332)",2,98.53750000000004,49490
"(0.4068181818181818, 0.999621212121212)",3,98.53750000000002,49493
"(0.9666666666666668, 0.9916666666666668)",1,98.5375,49494
"(0.9375, 0.9916666666666668)",1,98.53749999999997,49495
"(0.9875, 0.9916666666666668)",1,98.53749999999992,49496
"(0.925, 0.9958333333333332)",1,98.5374999999999,49497
"(0.925, 0.9875)",1,98.5374999999999,49498
"(0.8958333333333334, 0.9875)",2,98.53749999999984,49500
"(0.8916666666666667, 0.9875)",1,98.53749999999982,49501
"(0.8958333333333334, 0.9875)",1,98.53749999999982,49502
"(0.9416666666666668, 0.9875)",1,98.53749999999982,49503
"(0.9166666666666666, 0.9875)",2,98.53749999999982,49505
"(0.95, 0.9916666666666668)",1,98.5374999999998,49506
"(0.9416666666666668, 0.9916666666666668)",1,98.53749999999974,49507
"(0.9166666666666666, 0.9916666666666668)",1,98.53749999999972,49508
"(0.8859649122807017, 0.9912280701754386)",2,98.53508771929825,49510
"(0.7149122807017544, 0.9912280701754386)",1,98.53508771929825,49511
"(0.706140350877193, 0.9912280701754386)",1,98.53508771929825,49512
"(0.7105263157894737, 0.9912280701754386)",4,98.53508771929825,49516
"(0.49, 0.99875)",1,98.53500000000014,49517
"(0.8837209302325582, 0.9883720930232558)",1,98.5348837209304,49518
"(0.8488372093023255, 0.9883720930232558)",1,98.5348837209304,49519
"(0.7674418604651163, 0.9883720930232558)",2,98.5348837209304,49521
"(0.813953488372093, 0.9883720930232558)",2,98.5348837209304,49523
"(0.8372093023255814, 0.9883720930232558)",1,98.5348837209304,49524
"(0.8604651162790697, 0.9883720930232558)",1,98.5348837209304,49525
"(0.9302325581395348, 0.9883720930232558)",3,98.5348837209304,49528
"(0.9418604651162792, 0.9883720930232558)",2,98.5348837209304,49530
"(0.8255813953488372, 0.9883720930232558)",3,98.5348837209304,49533
"(0.8953488372093024, 0.9883720930232558)",1,98.5348837209304,49534
"(0.8837209302325582, 0.9883720930232558)",1,98.53488372093038,49535
"(0.7674418604651163, 0.9883720930232558)",1,98.53488372093038,49536
"(0.7906976744186046, 0.9883720930232558)",1,98.53488372093038,49537
"(0.8255813953488372, 0.9883720930232558)",1,98.53488372093038,49538
"(0.813953488372093, 0.9883720930232558)",1,98.53488372093038,49539
"(0.9302325581395348, 0.9883720930232558)",1,98.53488372093038,49540
"(0.8023255813953488, 0.9883720930232558)",1,98.53488372093038,49541
"(0.9186046511627908, 1.0)",1,98.53488372093028,49542
"(0.9186046511627908, 1.0)",1,98.53488372093022,49543
"(0.4651162790697674, 1.0)",1,98.53488372093022,49544
"(0.8625, 0.9958333333333332)",1,98.53333333333345,49545
"(0.9875, 0.9958333333333332)",1,98.53333333333345,49546
"(0.9916666666666668, 0.9958333333333332)",1,98.53333333333342,49547
"(0.8833333333333333, 1.0)",1,98.5333333333334,49548
"(1.0, 1.0)",2,98.5333333333334,49550
"(0.8625, 0.9958333333333332)",1,98.5333333333334,49551
"(0.9125, 0.9958333333333332)",1,98.5333333333334,49552
"(0.9666666666666668, 0.9833333333333332)",2,98.5333333333334,49554
"(0.9333333333333332, 0.9833333333333332)",1,98.5333333333334,49555
"(0.95, 0.9833333333333332)",1,98.5333333333334,49556
"(1.0, 0.9833333333333332)",1,98.5333333333334,49557
"(0.9, 0.9833333333333332)",1,98.5333333333334,49558
"(0.9333333333333332, 1.0)",1,98.53333333333336,49559
"(0.8666666666666667, 1.0)",1,98.53333333333336,49560
"(0.8166666666666667, 1.0)",2,98.53333333333336,49562
"(0.9166666666666666, 1.0)",1,98.53333333333336,49563
"(0.9833333333333332, 0.9958333333333332)",2,98.53333333333336,49565
"(0.8833333333333333, 1.0)",1,98.53333333333336,49566
"(0.8666666666666667, 1.0)",1,98.53333333333336,49567
"(0.9625, 0.9958333333333332)",1,98.53333333333336,49568
"(0.8333333333333334, 1.0)",1,98.53333333333336,49569
"(0.8333333333333334, 1.0)",1,98.53333333333336,49570
"(0.8333333333333334, 1.0)",1,98.53333333333336,49571
"(0.95, 1.0)",1,98.53333333333336,49572
"(0.9166666666666666, 1.0)",3,98.53333333333336,49575
"(0.9666666666666668, 0.9958333333333332)",1,98.53333333333336,49576
"(0.8666666666666667, 1.0)",3,98.53333333333336,49579
"(0.9708333333333332, 0.9958333333333332)",1,98.53333333333336,49580
"(0.95, 1.0)",1,98.53333333333336,49581
"(0.85, 1.0)",1,98.53333333333336,49582
"(0.9791666666666666, 0.9958333333333332)",1,98.53333333333336,49583
"(0.9791666666666666, 0.9958333333333332)",1,98.53333333333336,49584
"(0.95, 1.0)",3,98.53333333333332,49587
"(0.9875, 1.0)",1,98.53333333333332,49588
"(0.7166666666666667, 1.0)",2,98.53333333333332,49590
"(0.85, 1.0)",1,98.53333333333332,49591
"(0.8, 1.0)",1,98.53333333333332,49592
"(0.9666666666666668, 1.0)",2,98.53333333333332,49594
"(0.9833333333333332, 1.0)",2,98.53333333333332,49596
"(1.0, 1.0)",6,98.53333333333332,49602
"(0.7333333333333333, 1.0)",1,98.53333333333332,49603
"(0.9, 1.0)",2,98.53333333333332,49605
"(0.9333333333333332, 1.0)",2,98.53333333333332,49607
"(0.8333333333333334, 1.0)",1,98.53333333333332,49608
"(0.8833333333333333, 1.0)",3,98.53333333333332,49611
"(0.975, 1.0)",1,98.53333333333332,49612
"(0.9166666666666666, 1.0)",4,98.53333333333332,49616
"(0.975, 0.9958333333333332)",1,98.53333333333327,49617
"(0.95, 0.9875)",2,98.53333333333325,49619
"(0.9708333333333332, 0.9875)",1,98.53333333333325,49620
"(0.95, 0.9875)",1,98.5333333333332,49621
"(0.9333333333333332, 0.9875)",1,98.5333333333332,49622
"(0.8833333333333333, 0.9875)",1,98.53333333333316,49623
"(0.9, 0.9875)",1,98.53333333333316,49624
"(0.9, 0.9875)",1,98.53333333333316,49625
"(0.8958333333333334, 0.9875)",2,98.53333333333316,49627
"(0.9166666666666666, 0.9875)",2,98.53333333333316,49629
"(0.9208333333333332, 0.9875)",1,98.53333333333316,49630
"(0.9125, 0.9875)",1,98.53333333333316,49631
"(0.9375, 0.9916666666666668)",2,98.53333333333312,49633
"(0.9875, 0.9916666666666668)",1,98.53333333333312,49634
"(0.8916666666666667, 0.9916666666666668)",1,98.53333333333308,49635
"(0.5431818181818182, 0.9984848484848484)",1,98.53257575757576,49636
"(0.7428030303030303, 1.0)",1,98.53219696969695,49637
"(0.5056818181818182, 0.9988636363636364)",3,98.5318181818182,49640
"(0.3534090909090909, 0.9973484848484848)",1,98.53143939393942,49641
"(0.2454545454545454, 0.999621212121212)",3,98.53106060606062,49644
"(0.8552631578947368, 0.9912280701754386)",1,98.53070175438594,49645
"(0.706140350877193, 0.9912280701754386)",2,98.53070175438594,49647
"(0.4079545454545454, 0.9988636363636364)",3,98.53068181818183,49650
"(0.3814393939393939, 0.999621212121212)",3,98.52992424242426,49653
"(0.4579545454545454, 1.0)",1,98.52992424242424,49654
"(0.4049242424242424, 0.9992424242424244)",1,98.52954545454551,49655
"(0.4174242424242424, 0.9992424242424244)",3,98.52954545454548,49658
"(0.9625, 0.9958333333333332)",1,98.52916666666678,49659
"(0.9875, 0.9958333333333332)",2,98.52916666666675,49661
"(0.9, 0.9958333333333332)",1,98.52916666666675,49662
"(0.9041666666666668, 0.9958333333333332)",1,98.52916666666674,49663
"(0.9833333333333332, 0.9958333333333332)",1,98.5291666666667,49664
"(0.9208333333333332, 0.9833333333333332)",1,98.5291666666667,49665
"(0.9458333333333332, 0.9958333333333332)",1,98.5291666666667,49666
"(0.4053030303030303, 0.9992424242424244)",3,98.52916666666668,49669
"(0.9666666666666668, 0.9833333333333332)",1,98.52916666666668,49670
"(0.9958333333333332, 1.0)",1,98.52916666666668,49671
"(0.975, 0.9958333333333332)",1,98.52916666666664,49672
"(0.9083333333333332, 0.9958333333333332)",1,98.52916666666664,49673
"(0.9958333333333332, 1.0)",1,98.5291666666666,49674
"(0.9166666666666666, 0.9958333333333332)",1,98.52916666666654,49675
"(0.9166666666666666, 0.9875)",1,98.52916666666653,49676
"(0.9208333333333332, 0.9958333333333332)",1,98.52916666666653,49677
"(0.9291666666666668, 0.9875)",1,98.5291666666665,49678
"(0.9125, 0.9875)",5,98.5291666666665,49683
"(0.8916666666666667, 0.9875)",3,98.5291666666665,49686
"(0.8958333333333334, 0.9875)",1,98.5291666666665,49687
"(0.925, 0.9875)",1,98.5291666666665,49688
"(0.95, 0.9875)",2,98.5291666666665,49690
"(0.9333333333333332, 0.9875)",1,98.5291666666665,49691
"(0.4068181818181818, 0.9981060606060606)",1,98.52840909090912,49692
"(0.6621212121212121, 0.9988636363636364)",1,98.5280303030303,49693
"(0.4890151515151515, 1.0)",3,98.5280303030303,49696
"(0.8055555555555556, 0.9861111111111112)",1,98.52777777777798,49697
"(0.9166666666666666, 0.9861111111111112)",1,98.52777777777798,49698
"(0.9305555555555556, 0.9861111111111112)",4,98.52777777777798,49702
"(0.7638888888888888, 0.9861111111111112)",1,98.52777777777798,49703
"(0.9027777777777778, 0.9861111111111112)",1,98.52777777777798,49704
"(0.8333333333333334, 0.9861111111111112)",2,98.52777777777798,49706
"(0.9722222222222222, 0.9861111111111112)",6,98.52777777777798,49712
"(0.9444444444444444, 0.9861111111111112)",6,98.52777777777798,49718
"(0.75, 0.9861111111111112)",1,98.52777777777798,49719
"(0.8611111111111112, 0.9861111111111112)",1,98.52777777777798,49720
"(0.875, 1.0)",1,98.52777777777784,49721
"(0.8194444444444444, 1.0)",1,98.5277777777778,49722
"(0.9305555555555556, 1.0)",1,98.5277777777778,49723
"(0.9305555555555556, 1.0)",1,98.5277777777778,49724
"(0.6944444444444444, 1.0)",3,98.5277777777778,49727
"(0.9166666666666666, 1.0)",1,98.5277777777778,49728
"(0.8472222222222222, 1.0)",2,98.5277777777778,49730
"(0.5972222222222222, 1.0)",1,98.52777777777776,49731
"(0.7916666666666666, 1.0)",2,98.52777777777776,49733
"(0.9166666666666666, 1.0)",1,98.52777777777776,49734
"(0.8194444444444444, 1.0)",3,98.52777777777776,49737
"(0.8055555555555556, 1.0)",1,98.52777777777776,49738
"(0.7777777777777778, 1.0)",1,98.52777777777776,49739
"(0.75, 1.0)",1,98.52777777777776,49740
"(0.9305555555555556, 1.0)",2,98.52777777777776,49742
"(0.9444444444444444, 1.0)",1,98.52777777777776,49743
"(0.7083333333333334, 1.0)",2,98.52777777777776,49745
"(0.7361111111111112, 1.0)",1,98.52777777777776,49746
"(0.6944444444444444, 1.0)",1,98.52777777777776,49747
"(0.8888888888888888, 1.0)",1,98.52777777777776,49748
"(0.8611111111111112, 1.0)",3,98.52777777777776,49751
"(0.50875, 0.99875)",1,98.52750000000007,49752
"(0.49375, 0.99875)",1,98.52750000000006,49753
"(0.7105263157894737, 0.9912280701754386)",1,98.52631578947368,49754
"(0.9429824561403508, 0.9912280701754386)",1,98.52631578947368,49755
"(0.4975, 0.995)",1,98.5262500000001,49756
"(0.4053030303030303, 0.9992424242424244)",3,98.52613636363635,49759
"(0.6538461538461539, 1.0)",1,98.52564102564102,49760
"(0.9791666666666666, 0.9958333333333332)",1,98.52500000000012,49761
"(0.9583333333333334, 0.9958333333333332)",1,98.52500000000012,49762
"(0.9708333333333332, 0.9958333333333332)",1,98.5250000000001,49763
"(0.9916666666666668, 0.9958333333333332)",1,98.5250000000001,49764
"(0.9791666666666666, 0.9958333333333332)",1,98.5250000000001,49765
"(0.9125, 0.9958333333333332)",1,98.52500000000008,49766
"(0.975, 0.9958333333333332)",1,98.52500000000008,49767
"(0.95, 0.9958333333333332)",1,98.52500000000008,49768
"(0.9583333333333334, 0.9833333333333332)",1,98.52500000000006,49769
"(0.9791666666666666, 0.9958333333333332)",1,98.52500000000006,49770
"(0.9791666666666666, 0.9958333333333332)",1,98.52500000000003,49771
"(0.825, 0.9958333333333332)",1,98.52500000000003,49772
"(0.9458333333333332, 0.9958333333333332)",1,98.52500000000003,49773
"(0.95, 0.9958333333333332)",1,98.52500000000003,49774
"(0.975, 0.9958333333333332)",1,98.52500000000003,49775
"(0.9833333333333332, 0.9958333333333332)",2,98.52500000000003,49777
"(0.8666666666666667, 0.9958333333333332)",1,98.52499999999992,49778
"(0.975, 0.9958333333333332)",1,98.52499999999992,49779
"(0.825, 0.9958333333333332)",1,98.52499999999992,49780
"(0.9208333333333332, 0.9875)",2,98.52499999999984,49782
"(0.95, 0.9875)",2,98.52499999999984,49784
"(0.925, 0.9875)",1,98.52499999999984,49785
"(0.9333333333333332, 0.9875)",1,98.52499999999982,49786
"(0.9, 0.9875)",1,98.52499999999982,49787
"(0.9083333333333332, 0.9875)",1,98.52499999999982,49788
"(0.9125, 0.9875)",1,98.52499999999982,49789
"(0.8875, 0.9875)",1,98.52499999999982,49790
"(0.9375, 0.9875)",1,98.52499999999982,49791
"(0.8916666666666667, 0.9875)",1,98.52499999999982,49792
"(0.8916666666666667, 0.9916666666666668)",1,98.5249999999998,49793
"(0.8625, 0.9916666666666668)",1,98.52499999999978,49794
"(0.9208333333333332, 0.9916666666666668)",1,98.52499999999976,49795
"(0.2208333333333333, 0.999621212121212)",3,98.52348484848486,49798
"(0.813953488372093, 0.9883720930232558)",2,98.52325581395364,49800
"(0.8604651162790697, 0.9883720930232558)",1,98.52325581395364,49801
"(0.8488372093023255, 0.9883720930232558)",2,98.52325581395364,49803
"(0.8255813953488372, 0.9883720930232558)",2,98.52325581395364,49805
"(0.872093023255814, 0.9883720930232558)",2,98.52325581395364,49807
"(0.7790697674418605, 0.9883720930232558)",3,98.52325581395364,49810
"(0.8953488372093024, 0.9883720930232558)",2,98.52325581395364,49812
"(0.7906976744186046, 0.9883720930232558)",1,98.52325581395364,49813
"(0.6162790697674418, 0.9883720930232558)",1,98.52325581395364,49814
"(0.7906976744186046, 0.9883720930232558)",1,98.52325581395364,49815
"(0.8023255813953488, 0.9883720930232558)",1,98.52325581395364,49816
"(0.9302325581395348, 0.9883720930232558)",1,98.52325581395364,49817
"(0.872093023255814, 1.0)",2,98.52325581395353,49819
"(0.3372093023255814, 1.0)",1,98.52325581395348,49820
"(0.7674418604651163, 1.0)",1,98.52325581395348,49821
"(0.5930232558139535, 1.0)",1,98.52325581395348,49822
"(0.5025, 0.995)",1,98.52250000000008,49823
"(0.3318181818181818, 1.0)",3,98.5223484848485,49826
"(0.3431818181818182, 0.9984848484848484)",1,98.52196969696972,49827
"(0.7105263157894737, 0.9912280701754386)",1,98.52192982456138,49828
"(0.9429824561403508, 0.9912280701754386)",1,98.52192982456138,49829
"(0.8552631578947368, 0.9912280701754386)",1,98.52192982456138,49830
"(0.3814393939393939, 0.9988636363636364)",1,98.52121212121212,49831
"(0.9875, 0.9958333333333332)",1,98.52083333333346,49832
"(0.975, 0.9958333333333332)",1,98.52083333333344,49833
"(0.85, 0.9958333333333332)",1,98.52083333333344,49834
"(0.9916666666666668, 0.9958333333333332)",1,98.5208333333334,49835
"(0.8916666666666667, 0.9958333333333332)",1,98.5208333333334,49836
"(0.825, 0.9958333333333332)",1,98.5208333333334,49837
"(0.9916666666666668, 0.9958333333333332)",1,98.52083333333336,49838
"(0.975, 0.9958333333333332)",1,98.52083333333336,49839
"(0.9666666666666668, 0.9958333333333332)",1,98.52083333333336,49840
"(0.9833333333333332, 0.9958333333333332)",1,98.52083333333336,49841
"(0.975, 0.9958333333333332)",1,98.52083333333336,49842
"(0.9708333333333332, 0.9958333333333332)",1,98.52083333333336,49843
"(0.95, 0.9875)",1,98.5208333333332,49844
"(0.9, 0.9875)",1,98.5208333333332,49845
"(0.925, 0.9875)",1,98.5208333333332,49846
"(0.8958333333333334, 0.9875)",2,98.52083333333316,49848
"(0.9291666666666668, 0.9875)",1,98.52083333333316,49849
"(0.925, 0.9875)",2,98.52083333333316,49851
"(0.9291666666666668, 0.9875)",2,98.52083333333316,49853
"(0.9375, 0.9875)",1,98.52083333333316,49854
"(0.9125, 0.9875)",1,98.52083333333316,49855
"(0.8916666666666667, 0.9875)",1,98.52083333333316,49856
"(0.9041666666666668, 0.9916666666666668)",1,98.52083333333309,49857
"(0.8833333333333333, 0.9916666666666668)",1,98.52083333333304,49858
"(0.2696969696969697, 0.9981060606060606)",1,98.5204545454546,49859
"(0.4068181818181818, 0.9988636363636364)",3,98.52045454545456,49862
"(0.5458333333333333, 1.0)",1,98.52045454545456,49863
"(0.7675438596491229, 0.9912280701754386)",1,98.51754385964912,49864
"(0.9473684210526316, 0.9912280701754386)",1,98.51754385964912,49865
"(0.925438596491228, 0.9912280701754386)",2,98.51754385964912,49867
"(0.7105263157894737, 0.9912280701754386)",1,98.5175438596491,49868
"(0.50875, 0.9975)",1,98.5175000000002,49869
"(0.5113636363636364, 0.999621212121212)",1,98.51704545454548,49870
"(0.9041666666666668, 0.9791666666666666)",2,98.5166666666668,49872
"(0.9958333333333332, 0.9958333333333332)",1,98.51666666666678,49873
"(0.9083333333333332, 0.9958333333333332)",1,98.51666666666677,49874
"(0.9291666666666668, 0.9958333333333332)",1,98.51666666666677,49875
"(0.9125, 0.9958333333333332)",1,98.51666666666674,49876
"(1.0, 0.9833333333333332)",3,98.51666666666674,49879
"(0.8833333333333333, 0.9833333333333332)",1,98.51666666666672,49880
"(0.8333333333333334, 0.9833333333333332)",1,98.51666666666672,49881
"(0.9125, 0.9958333333333332)",1,98.51666666666672,49882
"(0.9916666666666668, 0.9958333333333332)",1,98.51666666666672,49883
"(0.9, 0.9666666666666668)",2,98.51666666666672,49885
"(0.9291666666666668, 0.9958333333333332)",1,98.51666666666672,49886
"(0.7333333333333333, 0.9833333333333332)",1,98.51666666666672,49887
"(0.9875, 0.9958333333333332)",1,98.51666666666672,49888
"(0.9833333333333332, 1.0)",1,98.51666666666672,49889
"(0.9541666666666668, 0.9958333333333332)",1,98.5166666666667,49890
"(0.9, 1.0)",1,98.5166666666667,49891
"(0.9916666666666668, 0.9958333333333332)",1,98.5166666666667,49892
"(0.975, 0.9958333333333332)",1,98.5166666666667,49893
"(0.8666666666666667, 1.0)",1,98.5166666666667,49894
"(0.9666666666666668, 0.9958333333333332)",1,98.5166666666667,49895
"(1.0, 0.9833333333333332)",1,98.5166666666667,49896
"(0.8333333333333334, 1.0)",1,98.5166666666667,49897
"(0.65, 1.0)",1,98.51666666666668,49898
"(0.8333333333333334, 1.0)",1,98.51666666666668,49899
"(0.9833333333333332, 1.0)",4,98.51666666666668,49903
"(0.7166666666666667, 1.0)",1,98.51666666666668,49904
"(0.9666666666666668, 1.0)",1,98.51666666666668,49905
"(0.8333333333333334, 1.0)",2,98.51666666666668,49907
"(0.85, 1.0)",1,98.51666666666668,49908
"(0.85, 1.0)",3,98.51666666666668,49911
"(0.9166666666666666, 1.0)",2,98.51666666666668,49913
"(0.95, 1.0)",1,98.51666666666668,49914
"(0.8666666666666667, 1.0)",2,98.51666666666668,49916
"(0.9666666666666668, 1.0)",1,98.51666666666668,49917
"(0.7666666666666667, 1.0)",2,98.51666666666668,49919
"(0.8833333333333333, 1.0)",5,98.51666666666668,49924
"(0.9, 1.0)",3,98.51666666666668,49927
"(0.8666666666666667, 1.0)",1,98.51666666666668,49928
"(0.6666666666666666, 1.0)",1,98.51666666666668,49929
"(0.7333333333333333, 1.0)",2,98.51666666666668,49931
"(0.9166666666666666, 1.0)",2,98.51666666666668,49933
"(0.8166666666666667, 1.0)",1,98.51666666666668,49934
"(0.8, 1.0)",1,98.51666666666668,49935
"(1.0, 1.0)",6,98.51666666666668,49941
"(0.8, 1.0)",1,98.51666666666668,49942
"(0.9333333333333332, 1.0)",1,98.51666666666668,49943
"(0.9333333333333332, 1.0)",1,98.51666666666664,49944
"(0.9125, 0.9916666666666668)",1,98.5166666666666,49945
"(0.975, 0.9916666666666668)",1,98.5166666666666,49946
"(0.975, 0.9916666666666668)",1,98.51666666666654,49947
"(0.9208333333333332, 0.9916666666666668)",1,98.51666666666652,49948
"(0.9375, 0.9875)",1,98.5166666666665,49949
"(0.9, 0.9875)",1,98.5166666666665,49950
"(0.925, 0.9875)",1,98.5166666666665,49951
"(0.8958333333333334, 0.9875)",1,98.5166666666665,49952
"(0.95, 0.9875)",1,98.5166666666665,49953
"(0.9333333333333332, 0.9875)",1,98.5166666666665,49954
"(0.9125, 0.9875)",1,98.5166666666665,49955
"(0.95, 0.9875)",2,98.51666666666648,49957
"(0.9416666666666668, 0.9875)",2,98.51666666666648,49959
"(0.975, 0.9958333333333332)",1,98.51666666666644,49960
"(0.9166666666666666, 0.9916666666666668)",1,98.5166666666664,49961
"(0.2856060606060606, 0.999621212121212)",1,98.51628787878788,49962
"(0.49375, 0.99875)",3,98.51625000000008,49965
"(0.543939393939394, 0.9992424242424244)",3,98.51477272727274,49968
"(0.3026515151515151, 1.0)",1,98.51401515151515,49969
"(0.8472222222222222, 0.9861111111111112)",1,98.5138888888891,49970
"(0.7777777777777778, 0.9861111111111112)",4,98.5138888888891,49974
"(0.7638888888888888, 0.9861111111111112)",1,98.5138888888891,49975
"(0.9166666666666666, 0.9861111111111112)",1,98.5138888888891,49976
"(0.9305555555555556, 0.9861111111111112)",5,98.51388888888908,49981
"(0.875, 0.9861111111111112)",1,98.51388888888908,49982
"(0.8611111111111112, 0.9861111111111112)",1,98.51388888888908,49983
"(0.9444444444444444, 0.9861111111111112)",10,98.51388888888908,49993
"(0.8888888888888888, 0.9861111111111112)",1,98.51388888888908,49994
"(0.9722222222222222, 0.9861111111111112)",1,98.51388888888908,49995
"(0.8472222222222222, 0.9861111111111112)",1,98.51388888888908,49996
"(0.9166666666666666, 0.9861111111111112)",5,98.51388888888908,50001
