value,count,total,cumulative_sum
"(1.0, 1.0)",509,100.0,509
"(1.0, 1.0)",204,99.98333333333332,713
"(0.9833333333333332, 1.0)",290,99.98333333333332,1003
"(0.9833333333333332, 1.0)",153,99.96666666666668,1156
"(0.9666666666666668, 1.0)",248,99.96666666666668,1404
"(1.0, 1.0)",172,99.96666666666668,1576
"(0.9583333333333334, 1.0)",1,99.95833333333334,1577
"(0.9666666666666668, 1.0)",140,99.95,1717
"(0.9833333333333332, 1.0)",118,99.95,1835
"(1.0, 1.0)",1,99.95,1836
"(0.95, 1.0)",200,99.95,2036
"(1.0, 1.0)",143,99.95,2179
"(0.9444444444444444, 1.0)",1,99.94444444444444,2180
"(0.9583333333333334, 1.0)",1,99.94444444444444,2181
"(0.95, 1.0)",104,99.93333333333334,2285
"(0.9666666666666668, 1.0)",107,99.93333333333334,2392
"(0.9333333333333332, 1.0)",130,99.93333333333334,2522
"(1.0, 1.0)",107,99.93333333333334,2629
"(0.9833333333333332, 1.0)",108,99.93333333333334,2737
"(0.9305555555555556, 1.0)",1,99.93055555555556,2738
"(0.9444444444444444, 1.0)",1,99.93055555555556,2739
"(0.9305555555555556, 1.0)",1,99.91666666666669,2740
"(0.95, 1.0)",54,99.91666666666669,2794
"(1.0, 1.0)",26,99.91666666666669,2820
"(0.9666666666666668, 1.0)",85,99.91666666666669,2905
"(0.9333333333333332, 1.0)",2,99.91666666666669,2907
"(0.9444444444444444, 1.0)",1,99.91666666666669,2908
"(0.9833333333333332, 1.0)",16,99.91666666666669,2924
"(0.9305555555555556, 1.0)",4,99.91666666666666,2928
"(0.9583333333333334, 1.0)",2,99.91666666666666,2930
"(0.9833333333333332, 1.0)",83,99.91666666666666,3013
"(0.9444444444444444, 1.0)",3,99.91666666666666,3016
"(0.9666666666666668, 1.0)",14,99.91666666666666,3030
"(0.9166666666666666, 1.0)",178,99.91666666666666,3208
"(0.9333333333333332, 1.0)",116,99.91666666666666,3324
"(0.95, 1.0)",27,99.91666666666666,3351
"(1.0, 1.0)",75,99.91666666666666,3426
"(0.9305555555555556, 1.0)",4,99.90277777777776,3430
"(0.9444444444444444, 1.0)",3,99.90277777777776,3433
"(0.9583333333333334, 1.0)",6,99.90277777777776,3439
"(0.9027777777777778, 1.0)",1,99.90277777777776,3440
"(0.9833333333333332, 1.0)",72,99.9,3512
"(0.9666666666666668, 1.0)",66,99.9,3578
"(1.0, 1.0)",93,99.9,3671
"(0.9166666666666666, 1.0)",93,99.9,3764
"(0.9333333333333332, 1.0)",81,99.9,3845
"(0.9, 1.0)",163,99.9,4008
"(0.95, 1.0)",89,99.9,4097
"(0.9305555555555556, 1.0)",4,99.88888888888889,4101
"(0.9444444444444444, 1.0)",12,99.88888888888889,4113
"(0.9166666666666666, 1.0)",3,99.88888888888889,4116
"(0.9722222222222222, 1.0)",1,99.88888888888889,4117
"(0.9027777777777778, 1.0)",2,99.88888888888889,4119
"(0.9583333333333334, 1.0)",2,99.88888888888889,4121
"(0.9666666666666668, 1.0)",1,99.88333333333334,4122
"(1.0, 1.0)",1,99.88333333333334,4123
"(0.9, 1.0)",86,99.88333333333333,4209
"(0.95, 1.0)",71,99.88333333333333,4280
"(0.9666666666666668, 1.0)",72,99.88333333333333,4352
"(0.9166666666666666, 1.0)",61,99.88333333333333,4413
"(0.9833333333333332, 1.0)",90,99.88333333333333,4503
"(1.0, 1.0)",97,99.88333333333333,4600
"(0.9333333333333332, 1.0)",87,99.88333333333333,4687
"(0.8833333333333333, 1.0)",344,99.88333333333333,5031
"(0.9027777777777778, 1.0)",6,99.875,5037
"(0.9444444444444444, 1.0)",13,99.875,5050
"(0.9722222222222222, 1.0)",2,99.875,5052
"(0.9583333333333334, 1.0)",4,99.875,5056
"(0.9305555555555556, 1.0)",4,99.875,5060
"(0.95, 1.0)",60,99.86666666666667,5120
"(0.9833333333333332, 1.0)",70,99.86666666666667,5190
"(0.8666666666666667, 1.0)",151,99.86666666666667,5341
"(1.0, 1.0)",89,99.86666666666667,5430
"(0.8833333333333333, 1.0)",161,99.86666666666667,5591
"(0.9666666666666668, 1.0)",75,99.86666666666667,5666
"(0.9166666666666666, 1.0)",63,99.86666666666667,5729
"(0.9333333333333332, 1.0)",89,99.86666666666667,5818
"(0.9, 1.0)",86,99.86666666666667,5904
"(0.95, 1.0)",1,99.86666666666666,5905
"(0.9583333333333334, 1.0)",3,99.86111111111111,5908
"(0.9444444444444444, 1.0)",3,99.86111111111111,5911
"(0.8611111111111112, 1.0)",1,99.86111111111111,5912
"(0.9722222222222222, 1.0)",1,99.86111111111111,5913
"(0.9027777777777778, 1.0)",2,99.86111111111111,5915
"(0.9305555555555556, 1.0)",10,99.86111111111111,5925
"(0.8888888888888888, 1.0)",1,99.86111111111111,5926
"(0.95, 1.0)",76,99.85,6002
"(0.9833333333333332, 1.0)",64,99.85,6066
"(0.9166666666666666, 1.0)",88,99.85,6154
"(0.8666666666666667, 1.0)",178,99.85,6332
"(0.9333333333333332, 1.0)",78,99.85,6410
"(1.0, 1.0)",1,99.85,6411
"(0.95, 1.0)",1,99.85,6412
"(0.9, 1.0)",64,99.85,6476
"(0.85, 1.0)",205,99.85,6681
"(0.8833333333333333, 1.0)",124,99.85,6805
"(0.9666666666666668, 1.0)",60,99.85,6865
"(1.0, 1.0)",97,99.85,6962
"(0.9166666666666666, 1.0)",1,99.84722222222224,6963
"(0.9444444444444444, 1.0)",16,99.84722222222224,6979
"(0.8888888888888888, 1.0)",2,99.84722222222224,6981
"(0.9722222222222222, 1.0)",1,99.84722222222224,6982
"(0.9583333333333334, 1.0)",4,99.84722222222224,6986
"(0.8611111111111112, 1.0)",2,99.84722222222224,6988
"(0.9027777777777778, 1.0)",6,99.84722222222224,6994
"(0.875, 1.0)",4,99.84722222222224,6998
"(0.9305555555555556, 1.0)",6,99.84722222222224,7004
"(0.9186046511627908, 1.0)",1,99.8372093023256,7005
"(0.8333333333333334, 1.0)",150,99.83333333333334,7155
"(0.9305555555555556, 1.0)",8,99.83333333333334,7163
"(0.95, 1.0)",13,99.83333333333334,7176
"(0.9333333333333332, 1.0)",3,99.83333333333334,7179
"(0.9027777777777778, 1.0)",4,99.83333333333334,7183
"(0.8666666666666667, 1.0)",61,99.83333333333334,7244
"(0.9, 1.0)",11,99.83333333333334,7255
"(0.9444444444444444, 1.0)",5,99.83333333333334,7260
"(1.0, 1.0)",46,99.83333333333334,7306
"(0.9666666666666668, 1.0)",36,99.83333333333334,7342
"(0.85, 1.0)",1,99.83333333333334,7343
"(0.8833333333333333, 1.0)",2,99.83333333333334,7345
"(0.9583333333333334, 1.0)",2,99.83333333333334,7347
"(0.9833333333333332, 1.0)",4,99.83333333333334,7351
"(0.9166666666666666, 1.0)",4,99.83333333333334,7355
"(0.8888888888888888, 1.0)",1,99.83333333333334,7356
"(0.9166666666666666, 1.0)",63,99.83333333333331,7419
"(0.9, 1.0)",46,99.83333333333331,7465
"(0.9333333333333332, 1.0)",63,99.83333333333331,7528
"(0.8666666666666667, 1.0)",50,99.83333333333331,7578
"(0.85, 1.0)",133,99.83333333333331,7711
"(0.9444444444444444, 1.0)",8,99.83333333333331,7719
"(0.9583333333333334, 1.0)",2,99.83333333333331,7721
"(0.8833333333333333, 1.0)",134,99.83333333333331,7855
"(1.0, 1.0)",33,99.83333333333331,7888
"(0.9305555555555556, 1.0)",5,99.83333333333331,7893
"(0.95, 1.0)",46,99.83333333333331,7939
"(0.8888888888888888, 1.0)",1,99.83333333333331,7940
"(0.9833333333333332, 1.0)",61,99.83333333333331,8001
"(0.9666666666666668, 1.0)",42,99.83333333333331,8043
"(0.9027777777777778, 1.0)",2,99.83333333333331,8045
"(0.9583333333333334, 1.0)",4,99.81944444444444,8049
"(0.8333333333333334, 1.0)",1,99.81944444444444,8050
"(0.9444444444444444, 1.0)",15,99.81944444444444,8065
"(0.8472222222222222, 1.0)",3,99.81944444444444,8068
"(0.8611111111111112, 1.0)",2,99.81944444444444,8070
"(0.9305555555555556, 1.0)",28,99.81944444444444,8098
"(0.9166666666666666, 1.0)",4,99.81944444444444,8102
"(0.9027777777777778, 1.0)",4,99.81944444444444,8106
"(0.8888888888888888, 1.0)",5,99.81944444444444,8111
"(0.9666666666666668, 1.0)",66,99.81666666666666,8177
"(0.8333333333333334, 1.0)",85,99.81666666666666,8262
"(0.95, 1.0)",46,99.81666666666666,8308
"(0.9833333333333332, 1.0)",40,99.81666666666666,8348
"(0.8833333333333333, 1.0)",74,99.81666666666666,8422
"(0.9166666666666666, 1.0)",80,99.81666666666666,8502
"(1.0, 1.0)",74,99.81666666666666,8576
"(0.9, 1.0)",73,99.81666666666666,8649
"(0.8166666666666667, 1.0)",92,99.81666666666666,8741
"(0.8666666666666667, 1.0)",88,99.81666666666666,8829
"(0.9333333333333332, 1.0)",75,99.81666666666666,8904
"(0.85, 1.0)",88,99.81666666666666,8992
"(0.8472222222222222, 1.0)",3,99.80555555555556,8995
"(0.8611111111111112, 1.0)",6,99.80555555555556,9001
"(0.8888888888888888, 1.0)",2,99.80555555555556,9003
"(0.9583333333333334, 1.0)",5,99.80555555555556,9008
"(0.9305555555555556, 1.0)",13,99.80555555555556,9021
"(0.9166666666666666, 1.0)",9,99.80555555555556,9030
"(0.8333333333333334, 1.0)",2,99.80555555555556,9032
"(0.875, 1.0)",2,99.80555555555556,9034
"(0.9444444444444444, 1.0)",13,99.80555555555556,9047
"(0.9027777777777778, 1.0)",9,99.80555555555556,9056
"(0.9302325581395348, 1.0)",1,99.80232558139537,9057
"(0.8837209302325582, 1.0)",1,99.80232558139537,9058
"(0.9186046511627908, 1.0)",2,99.80232558139537,9060
"(0.9666666666666668, 1.0)",51,99.8,9111
"(1.0, 1.0)",79,99.8,9190
"(0.85, 1.0)",64,99.8,9254
"(0.8166666666666667, 1.0)",82,99.8,9336
"(0.8666666666666667, 1.0)",70,99.8,9406
"(1.0, 1.0)",1,99.8,9407
"(0.8333333333333334, 1.0)",100,99.8,9507
"(0.8833333333333333, 1.0)",91,99.8,9598
"(0.95, 1.0)",51,99.8,9649
"(0.8, 1.0)",122,99.8,9771
"(0.9166666666666666, 1.0)",83,99.8,9854
"(0.9, 1.0)",49,99.8,9903
"(0.9833333333333332, 1.0)",53,99.8,9956
"(0.9333333333333332, 1.0)",71,99.8,10027
"(0.9027777777777778, 1.0)",1,99.79166666666669,10028
"(0.875, 1.0)",1,99.79166666666669,10029
"(0.9444444444444444, 1.0)",9,99.79166666666669,10038
"(0.8472222222222222, 1.0)",1,99.79166666666669,10039
"(0.9166666666666666, 1.0)",3,99.79166666666669,10042
"(0.8611111111111112, 1.0)",7,99.79166666666669,10049
"(0.8194444444444444, 1.0)",1,99.79166666666669,10050
"(0.8888888888888888, 1.0)",2,99.79166666666669,10052
"(0.9722222222222222, 1.0)",1,99.79166666666669,10053
"(0.9305555555555556, 1.0)",5,99.79166666666669,10058
"(0.9583333333333334, 1.0)",1,99.79166666666669,10059
"(0.9166666666666666, 1.0)",10,99.79166666666666,10069
"(0.9444444444444444, 1.0)",10,99.79166666666666,10079
"(0.9305555555555556, 1.0)",6,99.79166666666666,10085
"(0.8888888888888888, 1.0)",3,99.79166666666666,10088
"(0.9583333333333334, 1.0)",7,99.79166666666666,10095
"(0.875, 1.0)",3,99.79166666666666,10098
"(0.9722222222222222, 1.0)",1,99.79166666666666,10099
"(0.8333333333333334, 1.0)",2,99.79166666666666,10101
"(0.8472222222222222, 1.0)",2,99.79166666666666,10103
"(0.9027777777777778, 1.0)",10,99.79166666666666,10113
"(0.95, 1.0)",43,99.78333333333332,10156
"(0.8166666666666667, 1.0)",60,99.78333333333332,10216
"(0.9333333333333332, 1.0)",48,99.78333333333332,10264
"(0.9, 1.0)",61,99.78333333333332,10325
"(0.8833333333333333, 1.0)",72,99.78333333333332,10397
"(0.9833333333333332, 1.0)",46,99.78333333333332,10443
"(0.8666666666666667, 1.0)",70,99.78333333333332,10513
"(0.8, 1.0)",65,99.78333333333332,10578
"(1.0, 1.0)",72,99.78333333333332,10650
"(0.7833333333333333, 1.0)",107,99.78333333333332,10757
"(0.85, 1.0)",65,99.78333333333332,10822
"(0.9166666666666666, 1.0)",78,99.78333333333332,10900
"(0.9666666666666668, 1.0)",57,99.78333333333332,10957
"(0.8333333333333334, 1.0)",85,99.78333333333332,11042
"(0.9186046511627908, 1.0)",1,99.77906976744184,11043
"(0.8194444444444444, 1.0)",1,99.77777777777776,11044
"(0.8472222222222222, 1.0)",6,99.77777777777776,11050
"(0.875, 1.0)",3,99.77777777777776,11053
"(0.8333333333333334, 1.0)",2,99.77777777777776,11055
"(0.8888888888888888, 1.0)",4,99.77777777777776,11059
"(0.8611111111111112, 1.0)",5,99.77777777777776,11064
"(0.9027777777777778, 1.0)",8,99.77777777777776,11072
"(0.8055555555555556, 1.0)",1,99.77777777777776,11073
"(0.9722222222222222, 1.0)",6,99.77777777777776,11079
"(0.9166666666666666, 1.0)",19,99.77777777777776,11098
"(0.9305555555555556, 1.0)",19,99.77777777777776,11117
"(0.9444444444444444, 1.0)",16,99.77777777777776,11133
"(0.9583333333333334, 1.0)",4,99.77777777777776,11137
"(0.8837209302325582, 1.0)",1,99.76744186046513,11138
"(0.9186046511627908, 1.0)",1,99.76744186046513,11139
"(0.9666666666666668, 1.0)",38,99.76666666666668,11177
"(0.7666666666666667, 1.0)",154,99.76666666666668,11331
"(0.85, 1.0)",57,99.76666666666668,11388
"(0.8, 1.0)",63,99.76666666666668,11451
"(0.7833333333333333, 1.0)",41,99.76666666666668,11492
"(0.8666666666666667, 1.0)",84,99.76666666666668,11576
"(0.9833333333333332, 1.0)",45,99.76666666666668,11621
"(1.0, 1.0)",40,99.76666666666668,11661
"(0.9166666666666666, 1.0)",56,99.76666666666668,11717
"(0.8166666666666667, 1.0)",60,99.76666666666668,11777
"(0.95, 1.0)",51,99.76666666666668,11828
"(0.8833333333333333, 1.0)",67,99.76666666666668,11895
"(0.9333333333333332, 1.0)",61,99.76666666666668,11956
"(0.9, 1.0)",66,99.76666666666668,12022
"(0.8333333333333334, 1.0)",67,99.76666666666668,12089
"(0.95, 1.0)",2,99.76666666666664,12091
"(0.9166666666666666, 1.0)",24,99.76388888888889,12115
"(0.8888888888888888, 1.0)",7,99.76388888888889,12122
"(0.8333333333333334, 1.0)",7,99.76388888888889,12129
"(0.9444444444444444, 1.0)",13,99.76388888888889,12142
"(0.9305555555555556, 1.0)",26,99.76388888888889,12168
"(0.9583333333333334, 1.0)",8,99.76388888888889,12176
"(0.7916666666666666, 1.0)",3,99.76388888888889,12179
"(0.9027777777777778, 1.0)",10,99.76388888888889,12189
"(0.8055555555555556, 1.0)",4,99.76388888888889,12193
"(0.8194444444444444, 1.0)",6,99.76388888888889,12199
"(0.8472222222222222, 1.0)",2,99.76388888888889,12201
"(0.875, 1.0)",2,99.76388888888889,12203
"(0.8611111111111112, 1.0)",6,99.76388888888889,12209
"(0.9418604651162792, 1.0)",1,99.75581395348836,12210
"(0.9186046511627908, 1.0)",1,99.75581395348836,12211
"(0.872093023255814, 1.0)",1,99.75581395348836,12212
"(0.85, 1.0)",50,99.75,12262
"(0.9166666666666666, 1.0)",63,99.75,12325
"(0.7916666666666666, 1.0)",1,99.75,12326
"(0.875, 1.0)",4,99.75,12330
"(0.8888888888888888, 1.0)",7,99.75,12337
"(0.8, 1.0)",46,99.75,12383
"(0.9583333333333334, 1.0)",8,99.75,12391
"(0.9666666666666668, 1.0)",41,99.75,12432
"(0.9722222222222222, 1.0)",2,99.75,12434
"(0.8472222222222222, 1.0)",8,99.75,12442
"(1.0, 1.0)",52,99.75,12494
"(0.9027777777777778, 1.0)",10,99.75,12504
"(0.9333333333333332, 1.0)",40,99.75,12544
"(0.75, 1.0)",85,99.75,12629
"(0.9444444444444444, 1.0)",14,99.75,12643
"(0.8833333333333333, 1.0)",74,99.75,12717
"(0.7833333333333333, 1.0)",34,99.75,12751
"(0.7666666666666667, 1.0)",65,99.75,12816
"(0.8194444444444444, 1.0)",11,99.75,12827
"(0.9305555555555556, 1.0)",17,99.75,12844
"(0.8055555555555556, 1.0)",2,99.75,12846
"(0.7777777777777778, 1.0)",1,99.75,12847
"(0.8666666666666667, 1.0)",83,99.75,12930
"(0.8333333333333334, 1.0)",83,99.75,13013
"(0.9, 1.0)",72,99.75,13085
"(0.95, 1.0)",35,99.75,13120
"(0.8166666666666667, 1.0)",42,99.75,13162
"(0.9833333333333332, 1.0)",50,99.75,13212
"(0.8611111111111112, 1.0)",6,99.75,13218
"(0.8255813953488372, 1.0)",1,99.74418604651164,13219
"(0.9186046511627908, 1.0)",4,99.74418604651164,13223
"(0.8472222222222222, 1.0)",3,99.73611111111111,13226
"(0.9722222222222222, 1.0)",3,99.73611111111111,13229
"(0.7916666666666666, 1.0)",2,99.73611111111111,13231
"(0.9027777777777778, 1.0)",19,99.73611111111111,13250
"(0.8611111111111112, 1.0)",8,99.73611111111111,13258
"(0.9444444444444444, 1.0)",15,99.73611111111111,13273
"(0.8333333333333334, 1.0)",7,99.73611111111111,13280
"(0.7777777777777778, 1.0)",1,99.73611111111111,13281
"(0.9305555555555556, 1.0)",16,99.73611111111111,13297
"(0.9166666666666666, 1.0)",8,99.73611111111111,13305
"(0.875, 1.0)",2,99.73611111111111,13307
"(0.9583333333333334, 1.0)",6,99.73611111111111,13313
"(0.8194444444444444, 1.0)",10,99.73611111111111,13323
"(0.8055555555555556, 1.0)",1,99.73611111111111,13324
"(0.7638888888888888, 1.0)",1,99.73611111111111,13325
"(0.8888888888888888, 1.0)",6,99.73611111111111,13331
"(0.9, 1.0)",1,99.73333333333336,13332
"(0.9833333333333332, 1.0)",34,99.73333333333332,13366
"(0.7833333333333333, 1.0)",22,99.73333333333332,13388
"(0.8, 1.0)",60,99.73333333333332,13448
"(1.0, 1.0)",40,99.73333333333332,13488
"(0.8833333333333333, 1.0)",72,99.73333333333332,13560
"(0.8666666666666667, 1.0)",65,99.73333333333332,13625
"(0.9, 1.0)",2,99.73333333333332,13627
"(0.75, 1.0)",69,99.73333333333332,13696
"(0.85, 1.0)",1,99.73333333333332,13697
"(0.9333333333333332, 1.0)",47,99.73333333333332,13744
"(1.0, 1.0)",4,99.73333333333332,13748
"(0.95, 1.0)",24,99.73333333333332,13772
"(0.7666666666666667, 1.0)",23,99.73333333333332,13795
"(0.7333333333333333, 1.0)",76,99.73333333333332,13871
"(0.8166666666666667, 1.0)",38,99.73333333333332,13909
"(0.9166666666666666, 1.0)",50,99.73333333333332,13959
"(0.9666666666666668, 1.0)",27,99.73333333333332,13986
"(0.9333333333333332, 1.0)",5,99.73333333333332,13991
"(0.9, 1.0)",54,99.73333333333332,14045
"(0.8333333333333334, 1.0)",70,99.73333333333332,14115
"(0.85, 1.0)",63,99.73333333333332,14178
"(0.95, 1.0)",1,99.73333333333332,14179
"(0.872093023255814, 1.0)",2,99.73255813953487,14181
"(0.9186046511627908, 1.0)",3,99.73255813953487,14184
"(0.8472222222222222, 1.0)",6,99.72222222222224,14190
"(0.8333333333333334, 1.0)",11,99.72222222222224,14201
"(0.7777777777777778, 1.0)",8,99.72222222222224,14209
"(0.9583333333333334, 1.0)",3,99.72222222222224,14212
"(0.9444444444444444, 1.0)",9,99.72222222222224,14221
"(0.8055555555555556, 1.0)",5,99.72222222222224,14226
"(0.8194444444444444, 1.0)",12,99.72222222222224,14238
"(0.75, 1.0)",2,99.72222222222224,14240
"(0.8888888888888888, 1.0)",2,99.72222222222224,14242
"(0.875, 1.0)",2,99.72222222222224,14244
"(0.9722222222222222, 1.0)",1,99.72222222222224,14245
"(0.7916666666666666, 1.0)",2,99.72222222222224,14247
"(0.8611111111111112, 1.0)",10,99.72222222222224,14257
"(0.7361111111111112, 1.0)",3,99.72222222222224,14260
"(0.9027777777777778, 1.0)",5,99.72222222222224,14265
"(0.9166666666666666, 1.0)",16,99.72222222222224,14281
"(0.9305555555555556, 1.0)",17,99.72222222222224,14298
"(0.7638888888888888, 1.0)",1,99.72222222222224,14299
"(0.9069767441860463, 1.0)",2,99.72093023255816,14301
"(0.9186046511627908, 1.0)",5,99.72093023255816,14306
"(0.872093023255814, 1.0)",2,99.72093023255816,14308
"(0.8372093023255814, 1.0)",1,99.72093023255816,14309
"(0.8255813953488372, 1.0)",2,99.72093023255816,14311
"(0.9534883720930232, 1.0)",1,99.72093023255816,14312
"(1.0, 1.0)",28,99.71666666666668,14340
"(0.8333333333333334, 1.0)",59,99.71666666666668,14399
"(0.9833333333333332, 1.0)",32,99.71666666666668,14431
"(0.7166666666666667, 1.0)",161,99.71666666666668,14592
"(0.8833333333333333, 1.0)",68,99.71666666666668,14660
"(0.7833333333333333, 1.0)",29,99.71666666666668,14689
"(0.9666666666666668, 1.0)",29,99.71666666666668,14718
"(0.8666666666666667, 1.0)",62,99.71666666666668,14780
"(0.8, 1.0)",28,99.71666666666668,14808
"(0.9166666666666666, 1.0)",49,99.71666666666668,14857
"(0.7333333333333333, 1.0)",84,99.71666666666668,14941
"(0.95, 1.0)",34,99.71666666666668,14975
"(0.9, 1.0)",58,99.71666666666668,15033
"(0.9333333333333332, 1.0)",57,99.71666666666668,15090
"(0.7666666666666667, 1.0)",29,99.71666666666668,15119
"(0.85, 1.0)",49,99.71666666666668,15168
"(0.75, 1.0)",26,99.71666666666668,15194
"(0.8166666666666667, 1.0)",42,99.71666666666668,15236
"(0.9186046511627908, 1.0)",2,99.7093023255814,15238
"(0.9186046511627908, 1.0)",1,99.7093023255814,15239
"(0.8372093023255814, 1.0)",1,99.7093023255814,15240
"(0.872093023255814, 1.0)",2,99.7093023255814,15242
"(0.8194444444444444, 1.0)",5,99.70833333333334,15247
"(0.75, 1.0)",1,99.70833333333334,15248
"(0.7638888888888888, 1.0)",3,99.70833333333334,15251
"(0.8333333333333334, 1.0)",15,99.70833333333334,15266
"(0.8472222222222222, 1.0)",2,99.70833333333334,15268
"(0.9583333333333334, 1.0)",1,99.70833333333334,15269
"(0.7083333333333334, 1.0)",1,99.70833333333334,15270
"(0.9027777777777778, 1.0)",4,99.70833333333334,15274
"(0.7777777777777778, 1.0)",3,99.70833333333334,15277
"(0.8611111111111112, 1.0)",12,99.70833333333334,15289
"(0.7361111111111112, 1.0)",1,99.70833333333334,15290
"(0.8888888888888888, 1.0)",3,99.70833333333334,15293
"(0.875, 1.0)",2,99.70833333333334,15295
"(0.9166666666666666, 1.0)",3,99.70833333333334,15298
"(0.9305555555555556, 1.0)",9,99.70833333333334,15307
"(0.7916666666666666, 1.0)",3,99.70833333333334,15310
"(0.9444444444444444, 1.0)",3,99.70833333333334,15313
"(0.8055555555555556, 1.0)",5,99.70833333333334,15318
"(0.8055555555555556, 1.0)",2,99.70833333333331,15320
"(0.8194444444444444, 1.0)",4,99.70833333333331,15324
"(0.8888888888888888, 1.0)",3,99.70833333333331,15327
"(0.7777777777777778, 1.0)",6,99.70833333333331,15333
"(0.9166666666666666, 1.0)",7,99.70833333333331,15340
"(0.8333333333333334, 1.0)",10,99.70833333333331,15350
"(0.9305555555555556, 1.0)",12,99.70833333333331,15362
"(0.8611111111111112, 1.0)",8,99.70833333333331,15370
"(0.9444444444444444, 1.0)",5,99.70833333333331,15375
"(0.7638888888888888, 1.0)",2,99.70833333333331,15377
"(0.9583333333333334, 1.0)",4,99.70833333333331,15381
"(0.875, 1.0)",1,99.70833333333331,15382
"(0.8472222222222222, 1.0)",2,99.70833333333331,15384
"(0.9027777777777778, 1.0)",6,99.70833333333331,15390
"(0.9833333333333332, 1.0)",1,99.70000000000002,15391
"(0.9, 1.0)",1,99.7,15392
"(0.9166666666666666, 1.0)",46,99.7,15438
"(0.7, 1.0)",31,99.7,15469
"(0.9166666666666666, 1.0)",3,99.7,15472
"(1.0, 1.0)",40,99.7,15512
"(0.8333333333333334, 1.0)",51,99.7,15563
"(0.9333333333333332, 1.0)",2,99.7,15565
"(0.7666666666666667, 1.0)",19,99.7,15584
"(0.75, 1.0)",32,99.7,15616
"(0.9666666666666668, 1.0)",34,99.7,15650
"(0.7833333333333333, 1.0)",31,99.7,15681
"(0.9333333333333332, 1.0)",40,99.7,15721
"(0.85, 1.0)",2,99.7,15723
"(0.8833333333333333, 1.0)",3,99.7,15726
"(0.8, 1.0)",52,99.7,15778
"(0.8666666666666667, 1.0)",64,99.7,15842
"(0.95, 1.0)",26,99.7,15868
"(0.9, 1.0)",58,99.7,15926
"(0.8333333333333334, 1.0)",1,99.7,15927
"(0.9666666666666668, 1.0)",1,99.7,15928
"(0.7333333333333333, 1.0)",54,99.7,15982
"(0.9833333333333332, 1.0)",3,99.7,15985
"(0.8666666666666667, 1.0)",2,99.7,15987
"(0.85, 1.0)",42,99.7,16029
"(0.9833333333333332, 1.0)",37,99.7,16066
"(0.8833333333333333, 1.0)",72,99.7,16138
"(1.0, 1.0)",7,99.7,16145
"(0.8166666666666667, 1.0)",46,99.7,16191
"(0.7666666666666667, 1.0)",1,99.7,16192
"(0.7166666666666667, 1.0)",107,99.7,16299
"(0.8023255813953488, 1.0)",2,99.69767441860463,16301
"(0.7906976744186046, 1.0)",1,99.69767441860463,16302
"(0.872093023255814, 1.0)",1,99.69767441860463,16303
"(0.8837209302325582, 1.0)",1,99.69767441860463,16304
"(0.9534883720930232, 1.0)",2,99.69767441860463,16306
"(0.9186046511627908, 1.0)",5,99.69767441860463,16311
"(0.8488372093023255, 1.0)",1,99.69767441860463,16312
"(0.9722222222222222, 1.0)",1,99.69444444444444,16313
"(0.8472222222222222, 1.0)",3,99.69444444444444,16316
"(0.8611111111111112, 1.0)",10,99.69444444444444,16326
"(0.8333333333333334, 1.0)",12,99.69444444444444,16338
"(0.75, 1.0)",2,99.69444444444444,16340
"(0.7916666666666666, 1.0)",3,99.69444444444444,16343
"(0.875, 1.0)",4,99.69444444444444,16347
"(0.9583333333333334, 1.0)",3,99.69444444444444,16350
"(0.8888888888888888, 1.0)",3,99.69444444444444,16353
"(0.9027777777777778, 1.0)",11,99.69444444444444,16364
"(0.8194444444444444, 1.0)",11,99.69444444444444,16375
"(0.7361111111111112, 1.0)",1,99.69444444444444,16376
"(0.9305555555555556, 1.0)",12,99.69444444444444,16388
"(0.8055555555555556, 1.0)",7,99.69444444444444,16395
"(0.7638888888888888, 1.0)",4,99.69444444444444,16399
"(0.7777777777777778, 1.0)",12,99.69444444444444,16411
"(0.9166666666666666, 1.0)",16,99.69444444444444,16427
"(0.9444444444444444, 1.0)",13,99.69444444444444,16440
"(0.7222222222222222, 1.0)",2,99.69444444444444,16442
"(0.9186046511627908, 1.0)",5,99.68604651162792,16447
"(0.8488372093023255, 1.0)",2,99.68604651162792,16449
"(0.9302325581395348, 1.0)",1,99.68604651162792,16450
"(0.8604651162790697, 1.0)",1,99.68604651162792,16451
"(0.8372093023255814, 1.0)",3,99.68604651162792,16454
"(0.8953488372093024, 1.0)",1,99.68604651162792,16455
"(0.8837209302325582, 1.0)",1,99.68604651162792,16456
"(0.9833333333333332, 1.0)",1,99.68333333333337,16457
"(0.9166666666666666, 1.0)",44,99.68333333333334,16501
"(0.7833333333333333, 1.0)",19,99.68333333333334,16520
"(0.85, 1.0)",55,99.68333333333334,16575
"(0.75, 1.0)",33,99.68333333333334,16608
"(0.7, 1.0)",16,99.68333333333334,16624
"(1.0, 1.0)",29,99.68333333333334,16653
"(0.7166666666666667, 1.0)",39,99.68333333333334,16692
"(0.8666666666666667, 1.0)",48,99.68333333333334,16740
"(0.8833333333333333, 1.0)",75,99.68333333333334,16815
"(0.9, 1.0)",58,99.68333333333334,16873
"(0.8, 1.0)",31,99.68333333333334,16904
"(0.9666666666666668, 1.0)",36,99.68333333333334,16940
"(0.9833333333333332, 1.0)",33,99.68333333333334,16973
"(0.7333333333333333, 1.0)",31,99.68333333333334,17004
"(0.7666666666666667, 1.0)",24,99.68333333333334,17028
"(0.8333333333333334, 1.0)",51,99.68333333333334,17079
"(0.95, 1.0)",23,99.68333333333334,17102
"(0.8166666666666667, 1.0)",28,99.68333333333334,17130
"(0.9333333333333332, 1.0)",25,99.68333333333334,17155
"(0.6833333333333333, 1.0)",24,99.68333333333334,17179
"(0.9166666666666666, 1.0)",2,99.68333333333332,17181
"(0.9583333333333334, 1.0)",4,99.68055555555556,17185
"(0.8055555555555556, 1.0)",6,99.68055555555556,17191
"(0.8194444444444444, 1.0)",8,99.68055555555556,17199
"(0.7638888888888888, 1.0)",7,99.68055555555556,17206
"(0.9166666666666666, 1.0)",14,99.68055555555556,17220
"(0.7083333333333334, 1.0)",1,99.68055555555556,17221
"(0.75, 1.0)",9,99.68055555555556,17230
"(0.8888888888888888, 1.0)",5,99.68055555555556,17235
"(0.8611111111111112, 1.0)",9,99.68055555555556,17244
"(0.8333333333333334, 1.0)",13,99.68055555555556,17257
"(0.875, 1.0)",4,99.68055555555556,17261
"(0.8472222222222222, 1.0)",4,99.68055555555556,17265
"(0.7777777777777778, 1.0)",13,99.68055555555556,17278
"(0.9444444444444444, 1.0)",13,99.68055555555556,17291
"(0.9027777777777778, 1.0)",8,99.68055555555556,17299
"(0.7361111111111112, 1.0)",1,99.68055555555556,17300
"(0.9305555555555556, 1.0)",15,99.68055555555556,17315
"(0.9722222222222222, 1.0)",2,99.68055555555556,17317
"(0.7916666666666666, 1.0)",2,99.68055555555556,17319
"(0.9444444444444444, 1.0)",1,99.68055555555554,17320
"(0.8611111111111112, 1.0)",1,99.68055555555554,17321
"(0.9305555555555556, 1.0)",2,99.68055555555554,17323
"(0.8488372093023255, 1.0)",2,99.67441860465117,17325
"(0.7674418604651163, 1.0)",1,99.67441860465117,17326
"(0.8255813953488372, 1.0)",1,99.67441860465117,17327
"(0.8372093023255814, 1.0)",1,99.67441860465117,17328
"(0.8023255813953488, 1.0)",1,99.67441860465117,17329
"(0.8604651162790697, 1.0)",1,99.67441860465117,17330
"(0.8953488372093024, 1.0)",2,99.67441860465117,17332
"(0.9186046511627908, 1.0)",1,99.67441860465117,17333
"(0.9166666666666666, 1.0)",29,99.66666666666669,17362
"(0.9666666666666668, 1.0)",22,99.66666666666669,17384
"(0.8055555555555556, 1.0)",5,99.66666666666669,17389
"(0.8888888888888888, 1.0)",1,99.66666666666669,17390
"(0.9027777777777778, 1.0)",1,99.66666666666669,17391
"(0.8611111111111112, 1.0)",2,99.66666666666669,17393
"(0.7, 1.0)",6,99.66666666666669,17399
"(0.8666666666666667, 1.0)",28,99.66666666666669,17427
"(0.95, 1.0)",6,99.66666666666669,17433
"(0.6833333333333333, 1.0)",1,99.66666666666669,17434
"(0.8194444444444444, 1.0)",3,99.66666666666669,17437
"(0.8333333333333334, 1.0)",44,99.66666666666669,17481
"(0.8833333333333333, 1.0)",23,99.66666666666669,17504
"(0.875, 1.0)",1,99.66666666666669,17505
"(0.7666666666666667, 1.0)",19,99.66666666666669,17524
"(0.8472222222222222, 1.0)",2,99.66666666666669,17526
"(0.75, 1.0)",11,99.66666666666669,17537
"(0.9333333333333332, 1.0)",13,99.66666666666669,17550
"(0.7777777777777778, 1.0)",8,99.66666666666669,17558
"(0.7833333333333333, 1.0)",8,99.66666666666669,17566
"(1.0, 1.0)",15,99.66666666666669,17581
"(0.8, 1.0)",29,99.66666666666669,17610
"(0.85, 1.0)",15,99.66666666666669,17625
"(0.9, 1.0)",35,99.66666666666669,17660
"(0.9833333333333332, 1.0)",8,99.66666666666669,17668
"(0.7361111111111112, 1.0)",2,99.66666666666669,17670
"(0.9583333333333334, 1.0)",2,99.66666666666669,17672
"(0.9305555555555556, 1.0)",4,99.66666666666669,17676
"(0.9444444444444444, 1.0)",4,99.66666666666669,17680
"(0.7083333333333334, 1.0)",1,99.66666666666669,17681
"(0.8166666666666667, 1.0)",11,99.66666666666669,17692
"(0.7333333333333333, 1.0)",5,99.66666666666669,17697
"(0.7166666666666667, 1.0)",14,99.66666666666669,17711
"(0.6833333333333333, 1.0)",27,99.66666666666666,17738
"(0.8, 1.0)",10,99.66666666666666,17748
"(0.7666666666666667, 1.0)",7,99.66666666666666,17755
"(0.9583333333333334, 1.0)",4,99.66666666666666,17759
"(1.0, 1.0)",57,99.66666666666666,17816
"(0.9666666666666668, 1.0)",8,99.66666666666666,17824
"(0.8333333333333334, 1.0)",46,99.66666666666666,17870
"(0.8666666666666667, 1.0)",22,99.66666666666666,17892
"(0.7638888888888888, 1.0)",1,99.66666666666666,17893
"(0.8194444444444444, 1.0)",8,99.66666666666666,17901
"(0.85, 1.0)",41,99.66666666666666,17942
"(0.9333333333333332, 1.0)",28,99.66666666666666,17970
"(0.7166666666666667, 1.0)",23,99.66666666666666,17993
"(0.8472222222222222, 1.0)",4,99.66666666666666,17997
"(0.7, 1.0)",3,99.66666666666666,18000
"(0.7777777777777778, 1.0)",14,99.66666666666666,18014
"(0.9444444444444444, 1.0)",15,99.66666666666666,18029
"(0.8833333333333333, 1.0)",35,99.66666666666666,18064
"(0.9722222222222222, 1.0)",1,99.66666666666666,18065
"(0.7083333333333334, 1.0)",4,99.66666666666666,18069
"(0.9, 1.0)",21,99.66666666666666,18090
"(0.875, 1.0)",7,99.66666666666666,18097
"(0.9027777777777778, 1.0)",8,99.66666666666666,18105
"(0.75, 1.0)",22,99.66666666666666,18127
"(0.8055555555555556, 1.0)",5,99.66666666666666,18132
"(0.7222222222222222, 1.0)",1,99.66666666666666,18133
"(0.6666666666666666, 1.0)",7,99.66666666666666,18140
"(0.8888888888888888, 1.0)",1,99.66666666666666,18141
"(0.95, 1.0)",10,99.66666666666666,18151
"(0.9166666666666666, 1.0)",34,99.66666666666666,18185
"(0.9305555555555556, 1.0)",9,99.66666666666666,18194
"(0.8166666666666667, 1.0)",10,99.66666666666666,18204
"(0.8611111111111112, 1.0)",13,99.66666666666666,18217
"(0.7833333333333333, 1.0)",16,99.66666666666666,18233
"(0.9833333333333332, 1.0)",25,99.66666666666666,18258
"(0.7333333333333333, 1.0)",29,99.66666666666666,18287
"(0.8255813953488372, 1.0)",1,99.6627906976744,18288
"(0.8837209302325582, 1.0)",3,99.6627906976744,18291
"(0.8023255813953488, 1.0)",1,99.6627906976744,18292
"(0.8488372093023255, 1.0)",2,99.6627906976744,18294
"(0.9186046511627908, 1.0)",3,99.6627906976744,18297
"(0.95, 1.0)",1,99.65416666666668,18298
"(0.8472222222222222, 1.0)",4,99.65277777777776,18302
"(0.8333333333333334, 1.0)",11,99.65277777777776,18313
"(0.8194444444444444, 1.0)",14,99.65277777777776,18327
"(0.8888888888888888, 1.0)",6,99.65277777777776,18333
"(0.7638888888888888, 1.0)",11,99.65277777777776,18344
"(0.75, 1.0)",8,99.65277777777776,18352
"(0.9166666666666666, 1.0)",11,99.65277777777776,18363
"(0.9027777777777778, 1.0)",4,99.65277777777776,18367
"(0.8611111111111112, 1.0)",3,99.65277777777776,18370
"(0.7777777777777778, 1.0)",10,99.65277777777776,18380
"(0.7361111111111112, 1.0)",3,99.65277777777776,18383
"(0.875, 1.0)",9,99.65277777777776,18392
"(0.9583333333333334, 1.0)",6,99.65277777777776,18398
"(0.9305555555555556, 1.0)",7,99.65277777777776,18405
"(0.9444444444444444, 1.0)",11,99.65277777777776,18416
"(0.7222222222222222, 1.0)",1,99.65277777777776,18417
"(0.7083333333333334, 1.0)",2,99.65277777777776,18419
"(0.6944444444444444, 1.0)",1,99.65277777777776,18420
"(0.8055555555555556, 1.0)",6,99.65277777777776,18426
"(0.813953488372093, 1.0)",1,99.65116279069768,18427
"(0.9186046511627908, 1.0)",2,99.65116279069768,18429
"(0.8255813953488372, 1.0)",2,99.65116279069768,18431
"(0.8837209302325582, 1.0)",1,99.65116279069768,18432
"(0.7, 1.0)",11,99.65,18443
"(0.9666666666666668, 1.0)",2,99.65,18445
"(0.8666666666666667, 1.0)",55,99.65,18500
"(0.8833333333333333, 1.0)",59,99.65,18559
"(0.9333333333333332, 1.0)",1,99.65,18560
"(0.9166666666666666, 1.0)",46,99.65,18606
"(0.7666666666666667, 1.0)",17,99.65,18623
"(0.75, 1.0)",32,99.65,18655
"(0.7833333333333333, 1.0)",23,99.65,18678
"(0.9, 1.0)",67,99.65,18745
"(1.0, 1.0)",28,99.65,18773
"(0.8166666666666667, 1.0)",1,99.65,18774
"(0.6833333333333333, 1.0)",21,99.65,18795
"(0.9, 1.0)",2,99.65,18797
"(0.8333333333333334, 1.0)",1,99.65,18798
"(0.8333333333333334, 1.0)",55,99.65,18853
"(0.9166666666666666, 1.0)",1,99.65,18854
"(0.8666666666666667, 1.0)",3,99.65,18857
"(0.7333333333333333, 1.0)",32,99.65,18889
"(0.9333333333333332, 1.0)",46,99.65,18935
"(0.8, 1.0)",31,99.65,18966
"(0.8833333333333333, 1.0)",3,99.65,18969
"(0.9666666666666668, 1.0)",15,99.65,18984
"(0.6666666666666666, 1.0)",9,99.65,18993
"(0.85, 1.0)",35,99.65,19028
"(0.9833333333333332, 1.0)",53,99.65,19081
"(0.8166666666666667, 1.0)",36,99.65,19117
"(0.7166666666666667, 1.0)",42,99.65,19159
"(0.95, 1.0)",20,99.65,19179
"(0.95, 1.0)",1,99.65,19180
"(0.9534883720930232, 1.0)",2,99.63953488372093,19182
"(0.8837209302325582, 1.0)",1,99.63953488372093,19183
"(0.7674418604651163, 1.0)",2,99.63953488372093,19185
"(0.8372093023255814, 1.0)",1,99.63953488372093,19186
"(0.8255813953488372, 1.0)",1,99.63953488372093,19187
"(0.9302325581395348, 1.0)",1,99.63953488372093,19188
"(0.9186046511627908, 1.0)",4,99.63953488372093,19192
"(0.872093023255814, 1.0)",3,99.63953488372093,19195
"(0.8604651162790697, 1.0)",1,99.63953488372093,19196
"(0.7361111111111112, 1.0)",8,99.63888888888889,19204
"(0.7638888888888888, 1.0)",4,99.63888888888889,19208
"(0.8055555555555556, 1.0)",1,99.63888888888889,19209
"(0.7222222222222222, 1.0)",1,99.63888888888889,19210
"(0.7916666666666666, 1.0)",1,99.63888888888889,19211
"(0.7083333333333334, 1.0)",8,99.63888888888889,19219
"(0.9583333333333334, 1.0)",10,99.63888888888889,19229
"(0.8333333333333334, 1.0)",22,99.63888888888889,19251
"(0.6944444444444444, 1.0)",2,99.63888888888889,19253
"(0.9305555555555556, 1.0)",16,99.63888888888889,19269
"(0.8888888888888888, 1.0)",6,99.63888888888889,19275
"(0.9166666666666666, 1.0)",15,99.63888888888889,19290
"(0.8472222222222222, 1.0)",6,99.63888888888889,19296
"(0.9722222222222222, 1.0)",1,99.63888888888889,19297
"(0.9027777777777778, 1.0)",8,99.63888888888889,19305
"(0.8194444444444444, 1.0)",14,99.63888888888889,19319
"(0.9444444444444444, 1.0)",12,99.63888888888889,19331
"(0.75, 1.0)",7,99.63888888888889,19338
"(0.875, 1.0)",7,99.63888888888889,19345
"(0.8611111111111112, 1.0)",7,99.63888888888889,19352
"(0.7777777777777778, 1.0)",7,99.63888888888889,19359
"(0.9333333333333332, 1.0)",1,99.63333333333334,19360
"(0.9, 1.0)",1,99.63333333333334,19361
"(0.8833333333333333, 1.0)",4,99.63333333333334,19365
"(0.7333333333333333, 1.0)",1,99.63333333333334,19366
"(0.9166666666666666, 1.0)",1,99.63333333333334,19367
"(0.8666666666666667, 1.0)",1,99.63333333333334,19368
"(0.7833333333333333, 1.0)",11,99.63333333333333,19379
"(0.95, 1.0)",16,99.63333333333333,19395
"(0.75, 1.0)",21,99.63333333333333,19416
"(1.0, 1.0)",31,99.63333333333333,19447
"(0.7, 1.0)",9,99.63333333333333,19456
"(0.7333333333333333, 1.0)",26,99.63333333333333,19482
"(0.8833333333333333, 1.0)",39,99.63333333333333,19521
"(0.9666666666666668, 1.0)",43,99.63333333333333,19564
"(0.85, 1.0)",33,99.63333333333333,19597
"(0.7666666666666667, 1.0)",27,99.63333333333333,19624
"(0.9166666666666666, 1.0)",37,99.63333333333333,19661
"(0.6833333333333333, 1.0)",16,99.63333333333333,19677
"(0.8166666666666667, 1.0)",40,99.63333333333333,19717
"(0.6666666666666666, 1.0)",12,99.63333333333333,19729
"(0.8333333333333334, 1.0)",44,99.63333333333333,19773
"(0.7166666666666667, 1.0)",25,99.63333333333333,19798
"(0.9833333333333332, 1.0)",39,99.63333333333333,19837
"(0.8666666666666667, 1.0)",43,99.63333333333333,19880
"(0.8, 1.0)",33,99.63333333333333,19913
"(0.9, 1.0)",46,99.63333333333333,19959
"(0.9333333333333332, 1.0)",48,99.63333333333333,20007
"(0.872093023255814, 1.0)",2,99.6279069767442,20009
"(0.9186046511627908, 1.0)",5,99.6279069767442,20014
"(0.7441860465116279, 1.0)",1,99.6279069767442,20015
"(0.7906976744186046, 1.0)",3,99.6279069767442,20018
"(0.8255813953488372, 1.0)",1,99.6279069767442,20019
"(0.7674418604651163, 1.0)",2,99.6279069767442,20021
"(0.8488372093023255, 1.0)",2,99.6279069767442,20023
"(0.9302325581395348, 1.0)",1,99.6279069767442,20024
"(0.7361111111111112, 1.0)",4,99.625,20028
"(0.9305555555555556, 1.0)",18,99.625,20046
"(0.8055555555555556, 1.0)",3,99.625,20049
"(0.8888888888888888, 1.0)",9,99.625,20058
"(0.9583333333333334, 1.0)",6,99.625,20064
"(0.7083333333333334, 1.0)",6,99.625,20070
"(0.9027777777777778, 1.0)",9,99.625,20079
"(0.8333333333333334, 1.0)",12,99.625,20091
"(0.7916666666666666, 1.0)",4,99.625,20095
"(0.7638888888888888, 1.0)",8,99.625,20103
"(0.8611111111111112, 1.0)",6,99.625,20109
"(0.75, 1.0)",14,99.625,20123
"(0.875, 1.0)",3,99.625,20126
"(0.7777777777777778, 1.0)",8,99.625,20134
"(0.8194444444444444, 1.0)",11,99.625,20145
"(0.9722222222222222, 1.0)",1,99.625,20146
"(0.8472222222222222, 1.0)",3,99.625,20149
"(0.9166666666666666, 1.0)",10,99.625,20159
"(0.9444444444444444, 1.0)",9,99.625,20168
"(0.9875, 1.0)",1,99.62083333333338,20169
"(0.9833333333333332, 1.0)",16,99.61666666666667,20185
"(0.95, 1.0)",35,99.61666666666667,20220
"(0.9666666666666668, 1.0)",34,99.61666666666667,20254
"(0.85, 1.0)",39,99.61666666666667,20293
"(0.7833333333333333, 1.0)",14,99.61666666666667,20307
"(0.6666666666666666, 1.0)",8,99.61666666666667,20315
"(0.8833333333333333, 1.0)",56,99.61666666666667,20371
"(0.6833333333333333, 1.0)",8,99.61666666666667,20379
"(0.7666666666666667, 1.0)",17,99.61666666666667,20396
"(0.7333333333333333, 1.0)",28,99.61666666666667,20424
"(0.9, 1.0)",46,99.61666666666667,20470
"(0.8166666666666667, 1.0)",39,99.61666666666667,20509
"(0.75, 1.0)",28,99.61666666666667,20537
"(0.8333333333333334, 1.0)",38,99.61666666666667,20575
"(0.7, 1.0)",9,99.61666666666667,20584
"(0.9166666666666666, 1.0)",28,99.61666666666667,20612
"(0.8, 1.0)",21,99.61666666666667,20633
"(0.9333333333333332, 1.0)",19,99.61666666666667,20652
"(0.7166666666666667, 1.0)",21,99.61666666666667,20673
"(0.8666666666666667, 1.0)",62,99.61666666666667,20735
"(1.0, 1.0)",26,99.61666666666667,20761
"(0.7833333333333333, 1.0)",1,99.61666666666666,20762
"(0.9166666666666666, 1.0)",3,99.61666666666666,20765
"(0.7333333333333333, 1.0)",1,99.61666666666666,20766
"(0.9833333333333332, 1.0)",3,99.61666666666666,20769
"(0.85, 1.0)",4,99.61666666666666,20773
"(0.9666666666666668, 1.0)",1,99.61666666666666,20774
"(0.95, 1.0)",2,99.61666666666666,20776
"(0.9, 1.0)",1,99.61666666666666,20777
"(1.0, 1.0)",2,99.61666666666666,20779
"(0.8333333333333334, 1.0)",4,99.61666666666666,20783
"(0.8833333333333333, 1.0)",1,99.61666666666666,20784
"(0.9333333333333332, 1.0)",2,99.61666666666666,20786
"(0.8666666666666667, 1.0)",4,99.61666666666666,20790
"(0.7906976744186046, 1.0)",4,99.61627906976744,20794
"(0.8255813953488372, 1.0)",3,99.61627906976744,20797
"(0.7674418604651163, 1.0)",1,99.61627906976744,20798
"(0.8837209302325582, 1.0)",3,99.61627906976744,20801
"(0.8488372093023255, 1.0)",1,99.61627906976744,20802
"(0.9534883720930232, 1.0)",1,99.61627906976744,20803
"(0.872093023255814, 1.0)",4,99.61627906976744,20807
"(0.9186046511627908, 1.0)",1,99.61627906976744,20808
"(0.8472222222222222, 1.0)",3,99.61111111111111,20811
"(0.8055555555555556, 1.0)",5,99.61111111111111,20816
"(0.9722222222222222, 1.0)",3,99.61111111111111,20819
"(0.9305555555555556, 1.0)",13,99.61111111111111,20832
"(0.8333333333333334, 1.0)",16,99.61111111111111,20848
"(0.875, 1.0)",2,99.61111111111111,20850
"(0.7222222222222222, 1.0)",2,99.61111111111111,20852
"(0.75, 1.0)",8,99.61111111111111,20860
"(0.9444444444444444, 1.0)",9,99.61111111111111,20869
"(0.6111111111111112, 1.0)",1,99.61111111111111,20870
"(0.8888888888888888, 1.0)",6,99.61111111111111,20876
"(0.7777777777777778, 1.0)",13,99.61111111111111,20889
"(0.8611111111111112, 1.0)",12,99.61111111111111,20901
"(0.7638888888888888, 1.0)",10,99.61111111111111,20911
"(0.7361111111111112, 1.0)",4,99.61111111111111,20915
"(0.9166666666666666, 1.0)",11,99.61111111111111,20926
"(0.8194444444444444, 1.0)",22,99.61111111111111,20948
"(0.9027777777777778, 1.0)",8,99.61111111111111,20956
"(0.7916666666666666, 1.0)",1,99.61111111111111,20957
"(0.7083333333333334, 1.0)",6,99.61111111111111,20963
"(0.9583333333333334, 1.0)",7,99.61111111111111,20970
"(0.8372093023255814, 1.0)",2,99.6046511627907,20972
"(0.8953488372093024, 1.0)",1,99.6046511627907,20973
"(0.7906976744186046, 1.0)",3,99.6046511627907,20976
"(0.7558139534883721, 1.0)",1,99.6046511627907,20977
"(0.872093023255814, 1.0)",2,99.6046511627907,20979
"(0.8488372093023255, 1.0)",1,99.6046511627907,20980
"(0.813953488372093, 1.0)",1,99.6046511627907,20981
"(0.75, 1.0)",26,99.6,21007
"(0.8833333333333333, 1.0)",1,99.6,21008
"(0.8833333333333333, 1.0)",49,99.6,21057
"(0.6166666666666667, 1.0)",3,99.6,21060
"(0.8166666666666667, 1.0)",40,99.6,21100
"(0.85, 1.0)",44,99.6,21144
"(0.7666666666666667, 1.0)",21,99.6,21165
"(0.8, 1.0)",32,99.6,21197
"(0.9, 1.0)",41,99.6,21238
"(0.7333333333333333, 1.0)",22,99.6,21260
"(0.9666666666666668, 1.0)",2,99.6,21262
"(0.9166666666666666, 1.0)",41,99.6,21303
"(0.85, 1.0)",1,99.6,21304
"(0.6833333333333333, 1.0)",5,99.6,21309
"(0.95, 1.0)",3,99.6,21312
"(0.6666666666666666, 1.0)",12,99.6,21324
"(0.9333333333333332, 1.0)",1,99.6,21325
"(0.95, 1.0)",23,99.6,21348
"(1.0, 1.0)",1,99.6,21349
"(0.7166666666666667, 1.0)",26,99.6,21375
"(0.9833333333333332, 1.0)",1,99.6,21376
"(0.9333333333333332, 1.0)",38,99.6,21414
"(0.8666666666666667, 1.0)",45,99.6,21459
"(0.7, 1.0)",3,99.6,21462
"(0.9833333333333332, 1.0)",19,99.6,21481
"(0.9666666666666668, 1.0)",23,99.6,21504
"(0.8666666666666667, 1.0)",1,99.6,21505
"(0.7833333333333333, 1.0)",19,99.6,21524
"(1.0, 1.0)",17,99.6,21541
"(0.8333333333333334, 1.0)",43,99.6,21584
"(0.6111111111111112, 1.0)",1,99.59722222222224,21585
"(0.9166666666666666, 1.0)",10,99.59722222222224,21595
"(0.7777777777777778, 1.0)",9,99.59722222222224,21604
"(0.7361111111111112, 1.0)",3,99.59722222222224,21607
"(0.8611111111111112, 1.0)",8,99.59722222222224,21615
"(0.8888888888888888, 1.0)",5,99.59722222222224,21620
"(0.9722222222222222, 1.0)",1,99.59722222222224,21621
"(0.7916666666666666, 1.0)",2,99.59722222222224,21623
"(0.75, 1.0)",4,99.59722222222224,21627
"(0.7638888888888888, 1.0)",5,99.59722222222224,21632
"(0.8055555555555556, 1.0)",5,99.59722222222224,21637
"(0.7222222222222222, 1.0)",2,99.59722222222224,21639
"(0.8194444444444444, 1.0)",8,99.59722222222224,21647
"(0.9305555555555556, 1.0)",9,99.59722222222224,21656
"(0.8333333333333334, 1.0)",12,99.59722222222224,21668
"(0.6944444444444444, 1.0)",3,99.59722222222224,21671
"(0.9027777777777778, 1.0)",1,99.59722222222224,21672
"(0.875, 1.0)",5,99.59722222222224,21677
"(0.8472222222222222, 1.0)",3,99.59722222222224,21680
"(0.7083333333333334, 1.0)",4,99.59722222222224,21684
"(0.9444444444444444, 1.0)",9,99.59722222222224,21693
"(0.9583333333333334, 1.0)",4,99.59722222222224,21697
"(0.9305555555555556, 1.0)",1,99.5972222222222,21698
"(0.9722222222222222, 1.0)",1,99.5972222222222,21699
"(0.9027777777777778, 1.0)",1,99.5972222222222,21700
"(0.9444444444444444, 1.0)",1,99.5972222222222,21701
"(0.8194444444444444, 1.0)",1,99.5972222222222,21702
"(0.9583333333333334, 1.0)",4,99.5972222222222,21706
"(0.872093023255814, 1.0)",1,99.59302325581396,21707
"(0.8488372093023255, 1.0)",1,99.59302325581396,21708
"(0.7674418604651163, 1.0)",2,99.59302325581396,21710
"(0.9186046511627908, 1.0)",2,99.59302325581396,21712
"(0.8255813953488372, 1.0)",3,99.59302325581396,21715
"(0.7441860465116279, 1.0)",1,99.59302325581396,21716
"(0.872093023255814, 1.0)",1,99.59302325581396,21717
"(0.8837209302325582, 1.0)",1,99.59302325581396,21718
"(0.9069767441860463, 1.0)",1,99.59302325581396,21719
"(0.813953488372093, 1.0)",1,99.59302325581396,21720
"(0.8604651162790697, 1.0)",1,99.59302325581396,21721
"(0.8488372093023255, 1.0)",2,99.59302325581396,21723
"(0.8255813953488372, 1.0)",1,99.59302325581396,21724
"(0.8666666666666667, 1.0)",15,99.58333333333334,21739
"(0.9166666666666666, 1.0)",14,99.58333333333334,21753
"(0.7083333333333334, 1.0)",12,99.58333333333334,21765
"(0.9, 1.0)",20,99.58333333333334,21785
"(0.8611111111111112, 1.0)",7,99.58333333333334,21792
"(0.7666666666666667, 1.0)",8,99.58333333333334,21800
"(0.6944444444444444, 1.0)",3,99.58333333333334,21803
"(0.8194444444444444, 1.0)",2,99.58333333333334,21805
"(0.7166666666666667, 1.0)",10,99.58333333333334,21815
"(0.8, 1.0)",10,99.58333333333334,21825
"(0.9722222222222222, 1.0)",2,99.58333333333334,21827
"(0.9833333333333332, 1.0)",10,99.58333333333334,21837
"(0.9333333333333332, 1.0)",5,99.58333333333334,21842
"(0.6666666666666666, 1.0)",1,99.58333333333334,21843
"(0.7833333333333333, 1.0)",15,99.58333333333334,21858
"(0.7333333333333333, 1.0)",6,99.58333333333334,21864
"(0.7777777777777778, 1.0)",3,99.58333333333334,21867
"(0.75, 1.0)",22,99.58333333333334,21889
"(0.6833333333333333, 1.0)",7,99.58333333333334,21896
"(0.9666666666666668, 1.0)",9,99.58333333333334,21905
"(0.9305555555555556, 1.0)",2,99.58333333333334,21907
"(1.0, 1.0)",10,99.58333333333334,21917
"(0.8888888888888888, 1.0)",2,99.58333333333334,21919
"(0.85, 1.0)",10,99.58333333333334,21929
"(0.7222222222222222, 1.0)",4,99.58333333333334,21933
"(0.8833333333333333, 1.0)",15,99.58333333333334,21948
"(0.6805555555555556, 1.0)",1,99.58333333333334,21949
"(0.9027777777777778, 1.0)",5,99.58333333333334,21954
"(0.95, 1.0)",5,99.58333333333334,21959
"(0.8333333333333334, 1.0)",15,99.58333333333334,21974
"(0.9444444444444444, 1.0)",2,99.58333333333334,21976
"(0.7361111111111112, 1.0)",5,99.58333333333334,21981
"(0.8166666666666667, 1.0)",15,99.58333333333334,21996
"(0.8472222222222222, 1.0)",2,99.58333333333334,21998
"(0.9583333333333334, 1.0)",1,99.58333333333334,21999
"(0.75, 1.0)",15,99.58333333333331,22014
"(0.7916666666666666, 1.0)",1,99.58333333333331,22015
"(0.9666666666666668, 1.0)",19,99.58333333333331,22034
"(0.7777777777777778, 1.0)",9,99.58333333333331,22043
"(0.7083333333333334, 1.0)",4,99.58333333333331,22047
"(0.8888888888888888, 1.0)",5,99.58333333333331,22052
"(0.95, 1.0)",12,99.58333333333331,22064
"(0.8611111111111112, 1.0)",4,99.58333333333331,22068
"(0.6, 1.0)",1,99.58333333333331,22069
"(0.6166666666666667, 1.0)",1,99.58333333333331,22070
"(0.7166666666666667, 1.0)",11,99.58333333333331,22081
"(0.6833333333333333, 1.0)",5,99.58333333333331,22086
"(0.8472222222222222, 1.0)",1,99.58333333333331,22087
"(0.7666666666666667, 1.0)",12,99.58333333333331,22099
"(0.9722222222222222, 1.0)",1,99.58333333333331,22100
"(0.8833333333333333, 1.0)",25,99.58333333333331,22125
"(0.9305555555555556, 1.0)",10,99.58333333333331,22135
"(0.8166666666666667, 1.0)",26,99.58333333333331,22161
"(0.6111111111111112, 1.0)",2,99.58333333333331,22163
"(0.8194444444444444, 1.0)",8,99.58333333333331,22171
"(0.8055555555555556, 1.0)",3,99.58333333333331,22174
"(0.9833333333333332, 1.0)",17,99.58333333333331,22191
"(0.7638888888888888, 1.0)",4,99.58333333333331,22195
"(0.8, 1.0)",10,99.58333333333331,22205
"(0.9027777777777778, 1.0)",6,99.58333333333331,22211
"(0.9, 1.0)",25,99.58333333333331,22236
"(0.9444444444444444, 1.0)",4,99.58333333333331,22240
"(0.9333333333333332, 1.0)",26,99.58333333333331,22266
"(0.875, 1.0)",3,99.58333333333331,22269
"(0.7, 1.0)",7,99.58333333333331,22276
"(0.7361111111111112, 1.0)",2,99.58333333333331,22278
"(1.0, 1.0)",22,99.58333333333331,22300
"(0.8333333333333334, 1.0)",34,99.58333333333331,22334
"(0.9166666666666666, 1.0)",49,99.58333333333331,22383
"(0.7833333333333333, 1.0)",14,99.58333333333331,22397
"(0.85, 1.0)",25,99.58333333333331,22422
"(0.6666666666666666, 1.0)",11,99.58333333333331,22433
"(0.8666666666666667, 1.0)",28,99.58333333333331,22461
"(0.7333333333333333, 1.0)",18,99.58333333333331,22479
"(0.9583333333333334, 1.0)",1,99.58333333333331,22480
"(0.6944444444444444, 1.0)",1,99.58333333333331,22481
"(0.8953488372093024, 1.0)",1,99.5813953488372,22482
"(0.8023255813953488, 1.0)",1,99.5813953488372,22483
"(0.872093023255814, 1.0)",2,99.5813953488372,22485
"(0.8372093023255814, 1.0)",1,99.5813953488372,22486
"(0.8488372093023255, 1.0)",1,99.5813953488372,22487
"(0.7906976744186046, 1.0)",2,99.5813953488372,22489
"(0.8255813953488372, 1.0)",3,99.5813953488372,22492
"(0.9186046511627908, 1.0)",2,99.5813953488372,22494
"(0.813953488372093, 1.0)",1,99.5813953488372,22495
"(0.7674418604651163, 1.0)",2,99.5813953488372,22497
"(0.8488372093023255, 1.0)",1,99.56976744186046,22498
"(0.8023255813953488, 1.0)",1,99.56976744186046,22499
"(0.9186046511627908, 1.0)",2,99.56976744186046,22501
"(0.7441860465116279, 1.0)",1,99.56976744186046,22502
"(0.9069767441860463, 1.0)",1,99.56976744186046,22503
"(0.7906976744186046, 1.0)",1,99.56976744186046,22504
"(0.7674418604651163, 1.0)",5,99.56976744186046,22509
"(0.8611111111111112, 1.0)",9,99.56944444444444,22518
"(0.8472222222222222, 1.0)",5,99.56944444444444,22523
"(0.7777777777777778, 1.0)",7,99.56944444444444,22530
"(0.6944444444444444, 1.0)",2,99.56944444444444,22532
"(0.9305555555555556, 1.0)",7,99.56944444444444,22539
"(0.9027777777777778, 1.0)",9,99.56944444444444,22548
"(0.8194444444444444, 1.0)",13,99.56944444444444,22561
"(0.7083333333333334, 1.0)",8,99.56944444444444,22569
"(0.8888888888888888, 1.0)",7,99.56944444444444,22576
"(0.6111111111111112, 1.0)",1,99.56944444444444,22577
"(0.8055555555555556, 1.0)",7,99.56944444444444,22584
"(0.9583333333333334, 1.0)",5,99.56944444444444,22589
"(0.9444444444444444, 1.0)",6,99.56944444444444,22595
"(0.7222222222222222, 1.0)",2,99.56944444444444,22597
"(0.875, 1.0)",3,99.56944444444444,22600
"(0.7361111111111112, 1.0)",7,99.56944444444444,22607
"(0.6527777777777778, 1.0)",1,99.56944444444444,22608
"(0.9722222222222222, 1.0)",2,99.56944444444444,22610
"(0.7916666666666666, 1.0)",4,99.56944444444444,22614
"(0.7638888888888888, 1.0)",13,99.56944444444444,22627
"(0.9305555555555556, 1.0)",1,99.56944444444444,22628
"(0.8333333333333334, 1.0)",9,99.56944444444444,22637
"(0.75, 1.0)",9,99.56944444444444,22646
"(0.6805555555555556, 1.0)",1,99.56944444444444,22647
"(0.9166666666666666, 1.0)",5,99.56944444444444,22652
"(1.0, 1.0)",1,99.56666666666668,22653
"(0.95, 1.0)",2,99.56666666666668,22655
"(1.0, 1.0)",1,99.56666666666668,22656
"(0.7666666666666667, 1.0)",2,99.56666666666668,22658
"(0.8666666666666667, 1.0)",5,99.56666666666668,22663
"(0.9333333333333332, 1.0)",1,99.56666666666668,22664
"(0.9666666666666668, 1.0)",1,99.56666666666668,22665
"(0.8333333333333334, 1.0)",1,99.56666666666668,22666
"(0.75, 1.0)",25,99.56666666666666,22691
"(0.7333333333333333, 1.0)",19,99.56666666666666,22710
"(0.8833333333333333, 1.0)",39,99.56666666666666,22749
"(0.8333333333333334, 1.0)",38,99.56666666666666,22787
"(0.7666666666666667, 1.0)",24,99.56666666666666,22811
"(0.9166666666666666, 1.0)",23,99.56666666666666,22834
"(0.9, 1.0)",39,99.56666666666666,22873
"(0.9833333333333332, 1.0)",19,99.56666666666666,22892
"(0.95, 1.0)",21,99.56666666666666,22913
"(0.6833333333333333, 1.0)",4,99.56666666666666,22917
"(0.8666666666666667, 1.0)",49,99.56666666666666,22966
"(0.6166666666666667, 1.0)",1,99.56666666666666,22967
"(0.7, 1.0)",2,99.56666666666666,22969
"(0.9666666666666668, 1.0)",22,99.56666666666666,22991
"(0.9333333333333332, 1.0)",26,99.56666666666666,23017
"(0.8, 1.0)",26,99.56666666666666,23043
"(0.85, 1.0)",29,99.56666666666666,23072
"(0.8166666666666667, 1.0)",30,99.56666666666666,23102
"(0.7833333333333333, 1.0)",10,99.56666666666666,23112
"(1.0, 1.0)",27,99.56666666666666,23139
"(0.7166666666666667, 1.0)",27,99.56666666666666,23166
"(0.6666666666666666, 1.0)",4,99.56666666666666,23170
"(0.9833333333333332, 1.0)",1,99.5625,23171
"(0.9833333333333332, 0.9958333333333332)",2,99.5625,23173
"(0.9186046511627908, 1.0)",1,99.55813953488372,23174
"(0.8488372093023255, 1.0)",3,99.55813953488372,23177
"(0.8372093023255814, 1.0)",3,99.55813953488372,23180
"(0.8372093023255814, 1.0)",2,99.55813953488372,23182
"(0.7906976744186046, 1.0)",1,99.55813953488372,23183
"(0.8837209302325582, 1.0)",2,99.55813953488372,23185
"(0.7674418604651163, 1.0)",1,99.55813953488372,23186
"(0.8255813953488372, 1.0)",5,99.55813953488372,23191
"(0.7441860465116279, 1.0)",1,99.55813953488372,23192
"(0.872093023255814, 1.0)",3,99.55813953488372,23195
"(0.7222222222222222, 1.0)",1,99.55555555555556,23196
"(0.7361111111111112, 1.0)",2,99.55555555555556,23198
"(0.9583333333333334, 1.0)",4,99.55555555555556,23202
"(0.7916666666666666, 1.0)",2,99.55555555555556,23204
"(0.6944444444444444, 1.0)",4,99.55555555555556,23208
"(0.9444444444444444, 1.0)",11,99.55555555555556,23219
"(0.7083333333333334, 1.0)",15,99.55555555555556,23234
"(0.7777777777777778, 1.0)",7,99.55555555555556,23241
"(0.8194444444444444, 1.0)",7,99.55555555555556,23248
"(0.9722222222222222, 1.0)",1,99.55555555555556,23249
"(0.875, 1.0)",1,99.55555555555556,23250
"(0.7638888888888888, 1.0)",6,99.55555555555556,23256
"(0.9166666666666666, 1.0)",2,99.55555555555556,23258
"(0.9027777777777778, 1.0)",12,99.55555555555556,23270
"(0.9305555555555556, 1.0)",12,99.55555555555556,23282
"(0.6111111111111112, 1.0)",1,99.55555555555556,23283
"(0.8611111111111112, 1.0)",8,99.55555555555556,23291
"(0.75, 1.0)",6,99.55555555555556,23297
"(0.8888888888888888, 1.0)",6,99.55555555555556,23303
"(0.8055555555555556, 1.0)",6,99.55555555555556,23309
"(0.5972222222222222, 1.0)",1,99.55555555555556,23310
"(0.8472222222222222, 1.0)",3,99.55555555555556,23313
"(0.6805555555555556, 1.0)",3,99.55555555555556,23316
"(0.8333333333333334, 1.0)",10,99.55555555555556,23326
"(0.8333333333333334, 1.0)",1,99.55555555555554,23327
"(0.9958333333333332, 1.0)",1,99.55416666666667,23328
"(0.9875, 0.9958333333333332)",1,99.55416666666667,23329
"(0.75, 1.0)",20,99.55,23349
"(0.7, 1.0)",4,99.55,23353
"(0.9666666666666668, 1.0)",20,99.55,23373
"(1.0, 1.0)",20,99.55,23393
"(0.6, 1.0)",2,99.55,23395
"(0.8833333333333333, 1.0)",59,99.55,23454
"(0.9833333333333332, 1.0)",17,99.55,23471
"(0.6666666666666666, 1.0)",5,99.55,23476
"(0.9, 1.0)",43,99.55,23519
"(0.9333333333333332, 1.0)",27,99.55,23546
"(0.7833333333333333, 1.0)",9,99.55,23555
"(0.7666666666666667, 1.0)",15,99.55,23570
"(0.8166666666666667, 1.0)",29,99.55,23599
"(0.8, 1.0)",26,99.55,23625
"(0.95, 1.0)",30,99.55,23655
"(0.8333333333333334, 1.0)",41,99.55,23696
"(0.7166666666666667, 1.0)",28,99.55,23724
"(0.85, 1.0)",27,99.55,23751
"(0.9333333333333332, 1.0)",2,99.55,23753
"(0.9, 1.0)",2,99.55,23755
"(0.9166666666666666, 1.0)",30,99.55,23785
"(0.6833333333333333, 1.0)",3,99.55,23788
"(0.7333333333333333, 1.0)",25,99.55,23813
"(0.8666666666666667, 1.0)",24,99.55,23837
"(0.8488372093023255, 1.0)",2,99.54651162790698,23839
"(0.9534883720930232, 1.0)",1,99.54651162790698,23840
"(0.7674418604651163, 1.0)",4,99.54651162790698,23844
"(0.8255813953488372, 1.0)",5,99.54651162790698,23849
"(0.872093023255814, 1.0)",2,99.54651162790698,23851
"(0.8255813953488372, 1.0)",1,99.54651162790697,23852
"(0.8372093023255814, 1.0)",3,99.54651162790697,23855
"(0.8488372093023255, 1.0)",1,99.54651162790697,23856
"(0.6805555555555556, 1.0)",1,99.54166666666669,23857
"(0.7777777777777778, 1.0)",1,99.54166666666669,23858
"(0.7083333333333334, 1.0)",4,99.54166666666669,23862
"(0.9027777777777778, 1.0)",4,99.54166666666669,23866
"(0.8055555555555556, 1.0)",5,99.54166666666669,23871
"(0.9166666666666666, 1.0)",1,99.54166666666669,23872
"(0.8472222222222222, 1.0)",1,99.54166666666669,23873
"(0.6527777777777778, 1.0)",1,99.54166666666669,23874
"(0.8194444444444444, 1.0)",1,99.54166666666669,23875
"(0.7916666666666666, 1.0)",1,99.54166666666669,23876
"(0.75, 1.0)",2,99.54166666666669,23878
"(0.8333333333333334, 1.0)",5,99.54166666666669,23883
"(0.8888888888888888, 1.0)",1,99.54166666666669,23884
"(0.7222222222222222, 1.0)",1,99.54166666666669,23885
"(0.6944444444444444, 1.0)",2,99.54166666666669,23887
"(0.6111111111111112, 1.0)",1,99.54166666666669,23888
"(0.9583333333333334, 1.0)",1,99.54166666666669,23889
"(0.8611111111111112, 1.0)",2,99.54166666666669,23891
"(0.5972222222222222, 1.0)",2,99.54166666666666,23893
"(0.8611111111111112, 1.0)",5,99.54166666666666,23898
"(0.875, 1.0)",1,99.54166666666666,23899
"(0.8472222222222222, 1.0)",4,99.54166666666666,23903
"(0.7361111111111112, 1.0)",2,99.54166666666666,23905
"(0.8888888888888888, 1.0)",6,99.54166666666666,23911
"(0.8055555555555556, 1.0)",2,99.54166666666666,23913
"(0.9166666666666666, 1.0)",4,99.54166666666666,23917
"(0.9027777777777778, 1.0)",3,99.54166666666666,23920
"(0.8194444444444444, 1.0)",7,99.54166666666666,23927
"(0.9444444444444444, 1.0)",2,99.54166666666666,23929
"(0.9583333333333334, 1.0)",8,99.54166666666666,23937
"(0.75, 1.0)",5,99.54166666666666,23942
"(0.9305555555555556, 1.0)",13,99.54166666666666,23955
"(0.8333333333333334, 1.0)",8,99.54166666666666,23963
"(0.7083333333333334, 1.0)",7,99.54166666666666,23970
"(0.7777777777777778, 1.0)",3,99.54166666666666,23973
"(0.6944444444444444, 1.0)",3,99.54166666666666,23976
"(0.7638888888888888, 1.0)",5,99.54166666666666,23981
"(0.8255813953488372, 1.0)",1,99.53488372093024,23982
"(0.8837209302325582, 1.0)",2,99.53488372093022,23984
"(0.7674418604651163, 1.0)",3,99.53488372093022,23987
"(0.7325581395348837, 1.0)",1,99.53488372093022,23988
"(0.9069767441860463, 1.0)",1,99.53488372093022,23989
"(0.9186046511627908, 1.0)",5,99.53488372093022,23994
"(0.8255813953488372, 1.0)",2,99.53488372093022,23996
"(0.7441860465116279, 1.0)",3,99.53488372093022,23999
"(0.872093023255814, 1.0)",3,99.53488372093022,24002
"(0.7906976744186046, 1.0)",2,99.53488372093022,24004
"(0.8488372093023255, 1.0)",2,99.53488372093022,24006
"(1.0, 1.0)",1,99.53333333333336,24007
"(0.8833333333333333, 1.0)",3,99.53333333333336,24010
"(0.95, 1.0)",1,99.53333333333336,24011
"(0.9, 1.0)",2,99.53333333333336,24013
"(0.8833333333333333, 1.0)",52,99.53333333333332,24065
"(0.7666666666666667, 1.0)",19,99.53333333333332,24084
"(1.0, 1.0)",14,99.53333333333332,24098
"(0.8166666666666667, 1.0)",21,99.53333333333332,24119
"(0.7, 1.0)",3,99.53333333333332,24122
"(0.75, 1.0)",21,99.53333333333332,24143
"(0.9333333333333332, 1.0)",27,99.53333333333332,24170
"(0.7833333333333333, 1.0)",5,99.53333333333332,24175
"(0.6833333333333333, 1.0)",3,99.53333333333332,24178
"(0.7333333333333333, 1.0)",33,99.53333333333332,24211
"(0.6166666666666667, 1.0)",1,99.53333333333332,24212
"(0.9666666666666668, 1.0)",19,99.53333333333332,24231
"(0.95, 1.0)",12,99.53333333333332,24243
"(0.9, 1.0)",23,99.53333333333332,24266
"(0.85, 1.0)",34,99.53333333333332,24300
"(0.6666666666666666, 1.0)",8,99.53333333333332,24308
"(0.8666666666666667, 1.0)",43,99.53333333333332,24351
"(0.5666666666666667, 1.0)",1,99.53333333333332,24352
"(0.9833333333333332, 1.0)",12,99.53333333333332,24364
"(0.9166666666666666, 1.0)",27,99.53333333333332,24391
"(0.8333333333333334, 1.0)",46,99.53333333333332,24437
"(0.7166666666666667, 1.0)",27,99.53333333333332,24464
"(0.8, 1.0)",33,99.53333333333332,24497
"(0.7777777777777778, 0.9861111111111112)",1,99.5277777777778,24498
"(0.8472222222222222, 1.0)",7,99.52777777777776,24505
"(0.9444444444444444, 1.0)",11,99.52777777777776,24516
"(0.7361111111111112, 1.0)",1,99.52777777777776,24517
"(0.6527777777777778, 1.0)",1,99.52777777777776,24518
"(0.9305555555555556, 1.0)",14,99.52777777777776,24532
"(0.875, 1.0)",3,99.52777777777776,24535
"(0.5972222222222222, 1.0)",1,99.52777777777776,24536
"(0.75, 1.0)",6,99.52777777777776,24542
"(0.625, 1.0)",1,99.52777777777776,24543
"(0.8333333333333334, 1.0)",4,99.52777777777776,24547
"(0.8194444444444444, 1.0)",5,99.52777777777776,24552
"(0.7083333333333334, 1.0)",7,99.52777777777776,24559
"(0.7916666666666666, 1.0)",1,99.52777777777776,24560
"(0.8888888888888888, 1.0)",8,99.52777777777776,24568
"(0.8611111111111112, 1.0)",8,99.52777777777776,24576
"(0.6805555555555556, 1.0)",4,99.52777777777776,24580
"(0.9166666666666666, 1.0)",6,99.52777777777776,24586
"(0.9722222222222222, 1.0)",1,99.52777777777776,24587
"(0.6944444444444444, 1.0)",2,99.52777777777776,24589
"(0.9027777777777778, 1.0)",7,99.52777777777776,24596
"(0.9583333333333334, 1.0)",4,99.52777777777776,24600
"(0.7777777777777778, 1.0)",5,99.52777777777776,24605
"(0.7638888888888888, 1.0)",3,99.52777777777776,24608
"(0.8055555555555556, 1.0)",3,99.52777777777776,24611
"(0.8255813953488372, 1.0)",1,99.52325581395348,24612
"(0.8023255813953488, 1.0)",2,99.52325581395348,24614
"(0.7674418604651163, 1.0)",2,99.52325581395348,24616
"(0.7441860465116279, 1.0)",2,99.52325581395348,24618
"(0.9186046511627908, 1.0)",5,99.52325581395348,24623
"(0.8372093023255814, 1.0)",1,99.52325581395348,24624
"(0.872093023255814, 1.0)",1,99.52325581395348,24625
"(0.8488372093023255, 1.0)",1,99.52325581395348,24626
"(0.8837209302325582, 1.0)",1,99.52325581395348,24627
"(0.9833333333333332, 0.9958333333333332)",1,99.52083333333336,24628
"(0.9833333333333332, 0.9958333333333332)",1,99.51666666666672,24629
"(0.7666666666666667, 1.0)",17,99.51666666666668,24646
"(0.7166666666666667, 1.0)",26,99.51666666666668,24672
"(0.95, 1.0)",1,99.51666666666668,24673
"(0.6833333333333333, 1.0)",7,99.51666666666668,24680
"(0.6666666666666666, 1.0)",4,99.51666666666668,24684
"(0.9833333333333332, 1.0)",16,99.51666666666668,24700
"(0.8833333333333333, 1.0)",24,99.51666666666668,24724
"(0.95, 1.0)",23,99.51666666666668,24747
"(0.8, 1.0)",40,99.51666666666668,24787
"(1.0, 1.0)",3,99.51666666666668,24790
"(0.9333333333333332, 1.0)",32,99.51666666666668,24822
"(0.9, 1.0)",1,99.51666666666668,24823
"(0.8166666666666667, 1.0)",34,99.51666666666668,24857
"(0.9166666666666666, 1.0)",28,99.51666666666668,24885
"(0.9666666666666668, 1.0)",16,99.51666666666668,24901
"(0.7, 1.0)",2,99.51666666666668,24903
"(0.8666666666666667, 1.0)",39,99.51666666666668,24942
"(0.8, 1.0)",1,99.51666666666668,24943
"(0.6333333333333333, 1.0)",1,99.51666666666668,24944
"(0.75, 1.0)",19,99.51666666666668,24963
"(0.5666666666666667, 1.0)",1,99.51666666666668,24964
"(0.7333333333333333, 1.0)",32,99.51666666666668,24996
"(0.9333333333333332, 1.0)",1,99.51666666666668,24997
"(0.85, 1.0)",51,99.51666666666668,25048
"(0.9666666666666668, 1.0)",3,99.51666666666668,25051
"(1.0, 1.0)",9,99.51666666666668,25060
"(0.8333333333333334, 1.0)",37,99.51666666666668,25097
"(0.8666666666666667, 1.0)",1,99.51666666666668,25098
"(0.9, 1.0)",26,99.51666666666668,25124
"(0.7833333333333333, 1.0)",9,99.51666666666668,25133
"(0.8666666666666667, 1.0)",1,99.51666666666664,25134
"(0.5972222222222222, 1.0)",1,99.51388888888889,25135
"(0.6944444444444444, 1.0)",7,99.51388888888889,25142
"(0.7777777777777778, 1.0)",4,99.51388888888889,25146
"(0.9305555555555556, 1.0)",6,99.51388888888889,25152
"(0.7222222222222222, 1.0)",2,99.51388888888889,25154
"(0.8055555555555556, 1.0)",6,99.51388888888889,25160
"(0.8333333333333334, 1.0)",7,99.51388888888889,25167
"(0.75, 1.0)",6,99.51388888888889,25173
"(0.875, 1.0)",5,99.51388888888889,25178
"(0.9027777777777778, 1.0)",10,99.51388888888889,25188
"(0.6805555555555556, 1.0)",3,99.51388888888889,25191
"(0.9444444444444444, 1.0)",9,99.51388888888889,25200
"(0.7638888888888888, 1.0)",8,99.51388888888889,25208
"(0.7083333333333334, 1.0)",10,99.51388888888889,25218
"(0.9583333333333334, 1.0)",9,99.51388888888889,25227
"(0.7361111111111112, 1.0)",3,99.51388888888889,25230
"(0.8888888888888888, 1.0)",6,99.51388888888889,25236
"(0.8194444444444444, 1.0)",4,99.51388888888889,25240
"(0.8472222222222222, 1.0)",4,99.51388888888889,25244
"(0.6527777777777778, 1.0)",1,99.51388888888889,25245
"(0.7916666666666666, 1.0)",1,99.51388888888889,25246
"(0.9722222222222222, 1.0)",1,99.51388888888889,25247
"(0.8611111111111112, 1.0)",5,99.51388888888889,25252
"(0.6111111111111112, 1.0)",2,99.51388888888889,25254
"(0.9166666666666666, 1.0)",3,99.51388888888889,25257
"(0.9875, 0.9958333333333332)",1,99.51250000000005,25258
"(0.9958333333333332, 0.9958333333333332)",1,99.51250000000005,25259
"(0.7441860465116279, 1.0)",1,99.51162790697674,25260
"(0.8372093023255814, 1.0)",2,99.51162790697674,25262
"(0.872093023255814, 1.0)",2,99.51162790697674,25264
"(0.8488372093023255, 1.0)",2,99.51162790697674,25266
"(0.8255813953488372, 1.0)",5,99.51162790697674,25271
"(0.9186046511627908, 1.0)",1,99.51162790697674,25272
"(0.7674418604651163, 1.0)",4,99.51162790697674,25276
"(0.975, 1.0)",1,99.50833333333335,25277
"(0.9833333333333332, 0.9958333333333332)",1,99.50833333333335,25278
"(0.9708333333333332, 0.9958333333333332)",1,99.50000000000006,25279
"(0.9666666666666668, 0.9833333333333332)",1,99.50000000000004,25280
"(0.975, 0.9958333333333332)",1,99.50000000000004,25281
"(0.9583333333333334, 1.0)",4,99.5,25285
"(0.8833333333333333, 1.0)",1,99.5,25286
"(0.8472222222222222, 1.0)",3,99.5,25289
"(0.872093023255814, 1.0)",1,99.5,25290
"(0.9333333333333332, 1.0)",19,99.5,25309
"(0.7, 1.0)",4,99.5,25313
"(0.8333333333333334, 0.9833333333333332)",1,99.5,25314
"(0.7083333333333334, 1.0)",6,99.5,25320
"(0.7674418604651163, 1.0)",2,99.5,25322
"(0.9166666666666666, 0.9833333333333332)",1,99.5,25323
"(0.85, 1.0)",30,99.5,25353
"(0.875, 1.0)",13,99.5,25366
"(0.7638888888888888, 1.0)",2,99.5,25368
"(0.8255813953488372, 1.0)",1,99.5,25369
"(0.6833333333333333, 1.0)",3,99.5,25372
"(0.7906976744186046, 1.0)",1,99.5,25373
"(0.9333333333333332, 1.0)",2,99.5,25375
"(0.7222222222222222, 1.0)",1,99.5,25376
"(0.9166666666666666, 1.0)",25,99.5,25401
"(0.7777777777777778, 1.0)",5,99.5,25406
"(0.8166666666666667, 1.0)",24,99.5,25430
"(0.5972222222222222, 1.0)",1,99.5,25431
"(0.9027777777777778, 1.0)",5,99.5,25436
"(0.9, 1.0)",1,99.5,25437
"(0.7361111111111112, 1.0)",2,99.5,25439
"(0.8055555555555556, 1.0)",3,99.5,25442
"(0.8488372093023255, 1.0)",2,99.5,25444
"(0.8666666666666667, 1.0)",40,99.5,25484
"(0.7833333333333333, 1.0)",14,99.5,25498
"(0.9833333333333332, 1.0)",2,99.5,25500
"(0.8833333333333333, 1.0)",26,99.5,25526
"(0.8604651162790697, 1.0)",1,99.5,25527
"(0.7441860465116279, 1.0)",3,99.5,25530
"(1.0, 1.0)",1,99.5,25531
"(0.8023255813953488, 1.0)",1,99.5,25532
"(0.7916666666666666, 1.0)",1,99.5,25533
"(0.8372093023255814, 1.0)",1,99.5,25534
"(1.0, 1.0)",23,99.5,25557
"(0.9666666666666668, 1.0)",19,99.5,25576
"(0.9166666666666666, 1.0)",1,99.5,25577
"(0.625, 1.0)",1,99.5,25578
"(0.7333333333333333, 1.0)",28,99.5,25606
"(0.75, 1.0)",23,99.5,25629
"(0.8, 1.0)",32,99.5,25661
"(0.6944444444444444, 1.0)",5,99.5,25666
"(0.8837209302325582, 1.0)",1,99.5,25667
"(0.7666666666666667, 1.0)",11,99.5,25678
"(0.6805555555555556, 1.0)",1,99.5,25679
"(0.9, 1.0)",31,99.5,25710
"(0.7166666666666667, 1.0)",17,99.5,25727
"(0.9444444444444444, 1.0)",5,99.5,25732
"(0.6666666666666666, 1.0)",2,99.5,25734
"(0.7325581395348837, 1.0)",1,99.5,25735
"(0.9833333333333332, 1.0)",15,99.5,25750
"(0.6162790697674418, 1.0)",1,99.5,25751
"(0.8333333333333334, 1.0)",50,99.5,25801
"(0.9186046511627908, 1.0)",1,99.5,25802
"(0.95, 1.0)",15,99.5,25817
"(0.8611111111111112, 1.0)",9,99.5,25826
"(0.9305555555555556, 1.0)",10,99.5,25836
"(0.8194444444444444, 1.0)",14,99.5,25850
"(0.8888888888888888, 1.0)",4,99.5,25854
"(0.9875, 0.9958333333333332)",1,99.49583333333338,25855
"(0.9958333333333332, 0.9958333333333332)",1,99.49583333333337,25856
"(0.975, 0.9958333333333332)",1,99.49166666666672,25857
"(0.9833333333333332, 0.9958333333333332)",1,99.4916666666667,25858
"(0.9875, 0.9958333333333332)",1,99.4916666666667,25859
"(0.8953488372093024, 1.0)",1,99.48837209302326,25860
"(0.9186046511627908, 1.0)",2,99.48837209302326,25862
"(0.6162790697674418, 1.0)",1,99.48837209302326,25863
"(0.8372093023255814, 1.0)",1,99.48837209302326,25864
"(0.7906976744186046, 1.0)",4,99.48837209302326,25868
"(0.813953488372093, 1.0)",1,99.48837209302326,25869
"(0.8488372093023255, 1.0)",1,99.48837209302326,25870
"(0.7674418604651163, 1.0)",5,99.48837209302326,25875
"(0.7441860465116279, 1.0)",2,99.48837209302326,25877
"(0.8488372093023255, 1.0)",1,99.48837209302324,25878
"(0.9916666666666668, 0.9958333333333332)",1,99.48750000000004,25879
"(0.975, 0.9958333333333332)",2,99.48750000000004,25881
"(0.9791666666666666, 0.9958333333333332)",1,99.48750000000004,25882
"(0.5972222222222222, 1.0)",1,99.48611111111111,25883
"(0.7916666666666666, 1.0)",2,99.48611111111111,25885
"(0.75, 1.0)",5,99.48611111111111,25890
"(0.6111111111111112, 1.0)",2,99.48611111111111,25892
"(0.9444444444444444, 1.0)",11,99.48611111111111,25903
"(0.7361111111111112, 1.0)",3,99.48611111111111,25906
"(0.7777777777777778, 1.0)",10,99.48611111111111,25916
"(0.875, 1.0)",3,99.48611111111111,25919
"(0.7222222222222222, 1.0)",3,99.48611111111111,25922
"(0.8472222222222222, 1.0)",5,99.48611111111111,25927
"(0.8333333333333334, 1.0)",10,99.48611111111111,25937
"(0.8194444444444444, 1.0)",4,99.48611111111111,25941
"(0.7083333333333334, 1.0)",8,99.48611111111111,25949
"(0.9166666666666666, 1.0)",3,99.48611111111111,25952
"(0.9305555555555556, 1.0)",14,99.48611111111111,25966
"(0.9027777777777778, 1.0)",7,99.48611111111111,25973
"(0.8888888888888888, 1.0)",6,99.48611111111111,25979
"(0.6527777777777778, 1.0)",2,99.48611111111111,25981
"(0.9583333333333334, 1.0)",4,99.48611111111111,25985
"(0.8611111111111112, 1.0)",9,99.48611111111111,25994
"(0.6805555555555556, 1.0)",3,99.48611111111111,25997
"(0.6944444444444444, 1.0)",5,99.48611111111111,26002
"(0.8055555555555556, 1.0)",4,99.48611111111111,26006
"(0.7638888888888888, 1.0)",3,99.48611111111111,26009
"(0.8194444444444444, 1.0)",2,99.4861111111111,26011
"(0.9916666666666668, 0.9958333333333332)",1,99.4833333333334,26012
"(0.9833333333333332, 0.9958333333333332)",2,99.48333333333338,26014
"(0.95, 0.9833333333333332)",4,99.48333333333336,26018
"(0.8833333333333333, 1.0)",5,99.48333333333336,26023
"(0.9166666666666666, 1.0)",1,99.48333333333336,26024
"(0.8166666666666667, 1.0)",1,99.48333333333336,26025
"(0.9875, 0.9958333333333332)",1,99.48333333333336,26026
"(1.0, 0.9833333333333332)",1,99.48333333333336,26027
"(0.9666666666666668, 1.0)",2,99.48333333333336,26029
"(0.7333333333333333, 1.0)",1,99.48333333333336,26030
"(0.9333333333333332, 1.0)",19,99.48333333333332,26049
"(0.8333333333333334, 1.0)",35,99.48333333333332,26084
"(0.9333333333333332, 1.0)",2,99.48333333333332,26086
"(0.8166666666666667, 1.0)",22,99.48333333333332,26108
"(0.75, 1.0)",13,99.48333333333332,26121
"(0.9166666666666666, 1.0)",25,99.48333333333332,26146
"(0.8666666666666667, 1.0)",1,99.48333333333332,26147
"(0.7, 1.0)",5,99.48333333333332,26152
"(0.9833333333333332, 1.0)",18,99.48333333333332,26170
"(0.6333333333333333, 1.0)",1,99.48333333333332,26171
"(0.7166666666666667, 1.0)",38,99.48333333333332,26209
"(0.7666666666666667, 1.0)",1,99.48333333333332,26210
"(0.9666666666666668, 1.0)",3,99.48333333333332,26213
"(0.8833333333333333, 1.0)",32,99.48333333333332,26245
"(0.7833333333333333, 1.0)",9,99.48333333333332,26254
"(0.8666666666666667, 1.0)",34,99.48333333333332,26288
"(0.85, 1.0)",2,99.48333333333332,26290
"(0.7333333333333333, 1.0)",26,99.48333333333332,26316
"(0.95, 1.0)",10,99.48333333333332,26326
"(0.9666666666666668, 1.0)",10,99.48333333333332,26336
"(0.9, 1.0)",29,99.48333333333332,26365
"(0.8, 1.0)",3,99.48333333333332,26368
"(0.8, 1.0)",20,99.48333333333332,26388
"(0.6, 1.0)",1,99.48333333333332,26389
"(1.0, 1.0)",20,99.48333333333332,26409
"(0.85, 1.0)",31,99.48333333333332,26440
"(0.6833333333333333, 1.0)",4,99.48333333333332,26444
"(0.95, 1.0)",1,99.48333333333332,26445
"(0.7666666666666667, 1.0)",12,99.48333333333332,26457
"(0.6666666666666666, 1.0)",6,99.48333333333332,26463
"(0.9875, 0.9958333333333332)",3,99.47916666666671,26466
"(0.9833333333333332, 0.9958333333333332)",1,99.47916666666671,26467
"(0.9916666666666668, 0.9958333333333332)",1,99.4791666666667,26468
"(0.9375, 0.9958333333333332)",1,99.4791666666667,26469
"(0.9875, 0.9958333333333332)",1,99.4791666666667,26470
"(0.975, 0.9958333333333332)",2,99.47916666666669,26472
"(1.0, 1.0)",1,99.47916666666664,26473
"(0.8255813953488372, 1.0)",2,99.47674418604652,26475
"(0.9186046511627908, 1.0)",1,99.47674418604652,26476
"(0.8488372093023255, 1.0)",1,99.47674418604652,26477
"(0.7674418604651163, 1.0)",2,99.47674418604652,26479
"(0.8837209302325582, 1.0)",3,99.47674418604652,26482
"(0.6162790697674418, 1.0)",1,99.47674418604652,26483
"(0.8488372093023255, 1.0)",1,99.4767441860465,26484
"(0.813953488372093, 1.0)",1,99.4767441860465,26485
"(1.0, 0.9958333333333332)",1,99.47500000000004,26486
"(0.9875, 1.0)",1,99.47500000000004,26487
"(0.9958333333333332, 0.9958333333333332)",1,99.47500000000004,26488
"(0.9791666666666666, 0.9958333333333332)",1,99.47500000000004,26489
"(0.9583333333333334, 1.0)",1,99.47500000000004,26490
"(0.7361111111111112, 1.0)",3,99.47222222222224,26493
"(0.8611111111111112, 1.0)",8,99.47222222222224,26501
"(0.6111111111111112, 1.0)",2,99.47222222222224,26503
"(0.7916666666666666, 1.0)",1,99.47222222222224,26504
"(0.9722222222222222, 1.0)",1,99.47222222222224,26505
"(0.9166666666666666, 1.0)",5,99.47222222222224,26510
"(0.7638888888888888, 1.0)",3,99.47222222222224,26513
"(0.7777777777777778, 1.0)",6,99.47222222222224,26519
"(0.7083333333333334, 1.0)",7,99.47222222222224,26526
"(0.8333333333333334, 1.0)",7,99.47222222222224,26533
"(0.8194444444444444, 1.0)",6,99.47222222222224,26539
"(0.9027777777777778, 1.0)",4,99.47222222222224,26543
"(0.9305555555555556, 1.0)",7,99.47222222222224,26550
"(0.8472222222222222, 1.0)",2,99.47222222222224,26552
"(0.6944444444444444, 1.0)",2,99.47222222222224,26554
"(0.9444444444444444, 1.0)",11,99.47222222222224,26565
"(0.875, 1.0)",2,99.47222222222224,26567
"(0.8055555555555556, 1.0)",6,99.47222222222224,26573
"(0.7222222222222222, 1.0)",2,99.47222222222224,26575
"(0.8888888888888888, 1.0)",3,99.47222222222224,26578
"(0.9583333333333334, 1.0)",7,99.47222222222224,26585
"(0.75, 1.0)",1,99.47222222222224,26586
"(0.7083333333333334, 1.0)",1,99.4722222222222,26587
"(0.8611111111111112, 1.0)",1,99.4722222222222,26588
"(0.7638888888888888, 1.0)",2,99.4722222222222,26590
"(0.9027777777777778, 1.0)",1,99.4722222222222,26591
"(0.8333333333333334, 1.0)",1,99.4722222222222,26592
"(0.9444444444444444, 1.0)",2,99.4722222222222,26594
"(0.8194444444444444, 1.0)",3,99.4722222222222,26597
"(0.9166666666666666, 1.0)",3,99.4722222222222,26600
"(0.8888888888888888, 1.0)",2,99.4722222222222,26602
"(0.8472222222222222, 1.0)",1,99.4722222222222,26603
"(0.9958333333333332, 0.9958333333333332)",2,99.47083333333336,26605
"(0.9875, 0.9958333333333332)",3,99.47083333333336,26608
"(0.9833333333333332, 0.9958333333333332)",3,99.47083333333336,26611
"(0.975, 1.0)",1,99.47083333333332,26612
"(0.9875, 0.9958333333333332)",2,99.46666666666673,26614
"(0.9833333333333332, 0.9958333333333332)",2,99.4666666666667,26616
"(0.9875, 0.9958333333333332)",1,99.4666666666667,26617
"(0.975, 0.9958333333333332)",1,99.4666666666667,26618
"(0.9708333333333332, 0.9958333333333332)",1,99.4666666666667,26619
"(0.95, 0.9833333333333332)",1,99.4666666666667,26620
"(0.95, 0.9958333333333332)",2,99.46666666666668,26622
"(0.8333333333333334, 1.0)",29,99.46666666666668,26651
"(0.9833333333333332, 1.0)",20,99.46666666666668,26671
"(0.8833333333333333, 1.0)",22,99.46666666666668,26693
"(0.8166666666666667, 1.0)",19,99.46666666666668,26712
"(0.7166666666666667, 1.0)",23,99.46666666666668,26735
"(0.85, 1.0)",25,99.46666666666668,26760
"(0.9, 1.0)",22,99.46666666666668,26782
"(0.7666666666666667, 1.0)",13,99.46666666666668,26795
"(0.8833333333333333, 1.0)",1,99.46666666666668,26796
"(0.9666666666666668, 1.0)",11,99.46666666666668,26807
"(0.9166666666666666, 1.0)",26,99.46666666666668,26833
"(0.6833333333333333, 1.0)",6,99.46666666666668,26839
"(0.7333333333333333, 1.0)",14,99.46666666666668,26853
"(0.7, 1.0)",4,99.46666666666668,26857
"(0.95, 1.0)",12,99.46666666666668,26869
"(1.0, 1.0)",9,99.46666666666668,26878
"(0.75, 1.0)",19,99.46666666666668,26897
"(0.7833333333333333, 1.0)",7,99.46666666666668,26904
"(0.9333333333333332, 1.0)",1,99.46666666666668,26905
"(0.8666666666666667, 1.0)",35,99.46666666666668,26940
"(0.9666666666666668, 1.0)",2,99.46666666666668,26942
"(0.9333333333333332, 1.0)",20,99.46666666666668,26962
"(0.8, 1.0)",18,99.46666666666668,26980
"(0.6666666666666666, 1.0)",7,99.46666666666668,26987
"(0.8488372093023255, 1.0)",1,99.46511627906978,26988
"(0.9186046511627908, 1.0)",1,99.46511627906978,26989
"(0.7441860465116279, 1.0)",1,99.46511627906978,26990
"(0.627906976744186, 1.0)",1,99.46511627906978,26991
"(0.7674418604651163, 1.0)",1,99.46511627906978,26992
"(0.8255813953488372, 1.0)",2,99.46511627906978,26994
"(0.872093023255814, 1.0)",1,99.46511627906978,26995
"(0.5930232558139535, 1.0)",1,99.46511627906978,26996
"(0.8837209302325582, 1.0)",1,99.46511627906978,26997
"(0.6162790697674418, 1.0)",2,99.46511627906978,26999
"(0.8255813953488372, 1.0)",1,99.46511627906976,27000
"(0.813953488372093, 1.0)",1,99.46511627906976,27001
"(0.872093023255814, 1.0)",3,99.46511627906976,27004
"(0.8023255813953488, 1.0)",1,99.46511627906976,27005
"(0.9186046511627908, 1.0)",2,99.46511627906976,27007
"(0.8837209302325582, 1.0)",1,99.46511627906976,27008
"(0.7674418604651163, 1.0)",1,99.46511627906976,27009
"(0.8488372093023255, 1.0)",1,99.46511627906976,27010
"(0.627906976744186, 1.0)",1,99.46511627906976,27011
"(0.975, 0.9958333333333332)",1,99.46250000000006,27012
"(0.9875, 0.9958333333333332)",4,99.46250000000003,27016
"(0.9791666666666666, 0.9958333333333332)",2,99.46250000000003,27018
"(0.975, 0.9958333333333332)",1,99.46250000000003,27019
"(0.9833333333333332, 0.9958333333333332)",2,99.46250000000003,27021
"(0.9708333333333332, 0.9958333333333332)",2,99.46250000000003,27023
"(0.9916666666666668, 0.9958333333333332)",2,99.46250000000003,27025
"(0.975, 0.9958333333333332)",3,99.46250000000003,27028
"(0.9583333333333334, 0.9958333333333332)",1,99.46249999999998,27029
"(0.9833333333333332, 0.9958333333333332)",1,99.4583333333334,27030
"(0.9666666666666668, 0.9958333333333332)",1,99.45833333333336,27031
"(0.9625, 0.9958333333333332)",1,99.45833333333336,27032
"(0.9833333333333332, 0.9958333333333332)",2,99.45833333333336,27034
"(0.9875, 0.9958333333333332)",3,99.45833333333336,27037
"(0.8472222222222222, 1.0)",3,99.45833333333334,27040
"(0.8888888888888888, 1.0)",1,99.45833333333334,27041
"(0.6805555555555556, 1.0)",1,99.45833333333334,27042
"(0.8333333333333334, 1.0)",2,99.45833333333334,27044
"(0.7777777777777778, 1.0)",2,99.45833333333334,27046
"(0.9305555555555556, 1.0)",2,99.45833333333334,27048
"(0.9027777777777778, 1.0)",1,99.45833333333334,27049
"(0.6111111111111112, 1.0)",1,99.45833333333334,27050
"(0.9444444444444444, 1.0)",2,99.45833333333334,27052
"(0.6944444444444444, 1.0)",1,99.45833333333334,27053
"(0.8611111111111112, 1.0)",3,99.45833333333334,27056
"(0.7083333333333334, 1.0)",1,99.45833333333334,27057
"(0.75, 1.0)",1,99.45833333333334,27058
"(0.8055555555555556, 1.0)",1,99.45833333333334,27059
"(0.7361111111111112, 1.0)",1,99.45833333333334,27060
"(0.9583333333333334, 1.0)",1,99.45833333333334,27061
"(0.7222222222222222, 1.0)",1,99.45833333333334,27062
"(0.9583333333333334, 1.0)",2,99.45833333333331,27064
"(0.875, 1.0)",1,99.45833333333331,27065
"(0.7916666666666666, 1.0)",2,99.45833333333331,27067
"(0.9305555555555556, 1.0)",5,99.45833333333331,27072
"(0.8472222222222222, 1.0)",4,99.45833333333331,27076
"(0.8888888888888888, 1.0)",5,99.45833333333331,27081
"(0.8611111111111112, 1.0)",6,99.45833333333331,27087
"(0.8055555555555556, 1.0)",1,99.45833333333331,27088
"(0.9444444444444444, 1.0)",8,99.45833333333331,27096
"(0.75, 1.0)",2,99.45833333333331,27098
"(0.7361111111111112, 1.0)",4,99.45833333333331,27102
"(0.6944444444444444, 1.0)",2,99.45833333333331,27104
"(1.0, 0.9958333333333332)",1,99.45833333333331,27105
"(0.9027777777777778, 1.0)",3,99.45833333333331,27108
"(0.8194444444444444, 1.0)",4,99.45833333333331,27112
"(0.7777777777777778, 1.0)",3,99.45833333333331,27115
"(0.9722222222222222, 1.0)",1,99.45833333333331,27116
"(0.9166666666666666, 1.0)",2,99.45833333333331,27118
"(0.8333333333333334, 1.0)",9,99.45833333333331,27127
"(0.7638888888888888, 1.0)",7,99.45833333333331,27134
"(0.7083333333333334, 1.0)",3,99.45833333333331,27137
"(0.625, 1.0)",2,99.45833333333331,27139
"(0.9833333333333332, 0.9958333333333332)",2,99.45416666666672,27141
"(0.9875, 0.9958333333333332)",1,99.45416666666672,27142
"(0.9916666666666668, 0.9958333333333332)",1,99.45416666666672,27143
"(0.9791666666666666, 0.9958333333333332)",1,99.45416666666672,27144
"(0.9791666666666666, 0.9958333333333332)",3,99.45416666666672,27147
"(0.9833333333333332, 0.9958333333333332)",1,99.45416666666672,27148
"(1.0, 0.9958333333333332)",1,99.45416666666672,27149
"(0.9875, 0.9958333333333332)",3,99.45416666666672,27152
"(0.9916666666666668, 0.9958333333333332)",2,99.45416666666672,27154
"(0.975, 0.9958333333333332)",2,99.45416666666672,27156
"(0.9958333333333332, 0.9958333333333332)",1,99.45416666666672,27157
"(0.9958333333333332, 0.9958333333333332)",2,99.4541666666667,27159
"(0.9625, 0.9958333333333332)",1,99.4541666666667,27160
"(0.9875, 0.9958333333333332)",1,99.4541666666667,27161
"(0.872093023255814, 1.0)",1,99.45348837209303,27162
"(0.9186046511627908, 1.0)",1,99.45348837209302,27163
"(0.6162790697674418, 1.0)",4,99.45348837209302,27167
"(0.8488372093023255, 1.0)",1,99.45348837209302,27168
"(0.8372093023255814, 1.0)",2,99.45348837209302,27170
"(0.8255813953488372, 1.0)",5,99.45348837209302,27175
"(0.872093023255814, 1.0)",3,99.45348837209302,27178
"(0.8604651162790697, 1.0)",1,99.45348837209302,27179
"(0.7441860465116279, 1.0)",1,99.45348837209302,27180
"(0.7906976744186046, 1.0)",1,99.45348837209302,27181
"(0.8837209302325582, 1.0)",3,99.45348837209302,27184
"(0.7674418604651163, 1.0)",3,99.45348837209302,27187
"(0.5930232558139535, 1.0)",1,99.45348837209302,27188
"(0.9666666666666668, 0.9958333333333332)",1,99.45000000000006,27189
"(0.975, 0.9958333333333332)",1,99.45000000000005,27190
"(0.9458333333333332, 0.9958333333333332)",1,99.45000000000005,27191
"(1.0, 0.9958333333333332)",1,99.45000000000005,27192
"(0.9708333333333332, 0.9958333333333332)",1,99.45000000000005,27193
"(0.9916666666666668, 0.9958333333333332)",2,99.45000000000005,27195
"(0.9833333333333332, 0.9958333333333332)",1,99.45000000000005,27196
"(0.9833333333333332, 0.9958333333333332)",2,99.45000000000005,27198
"(0.9791666666666666, 0.9958333333333332)",2,99.45000000000005,27200
"(0.95, 1.0)",1,99.45000000000002,27201
"(1.0, 1.0)",1,99.45000000000002,27202
"(0.95, 0.9833333333333332)",2,99.45000000000002,27204
"(0.9333333333333332, 1.0)",2,99.45000000000002,27206
"(0.9666666666666668, 1.0)",1,99.45000000000002,27207
"(1.0, 0.9958333333333332)",1,99.45000000000002,27208
"(0.9166666666666666, 1.0)",1,99.45000000000002,27209
"(0.9666666666666668, 1.0)",11,99.45,27220
"(0.9, 1.0)",15,99.45,27235
"(1.0, 1.0)",14,99.45,27249
"(0.9166666666666666, 1.0)",4,99.45,27253
"(0.7166666666666667, 1.0)",2,99.45,27255
"(0.7333333333333333, 1.0)",19,99.45,27274
"(0.95, 1.0)",12,99.45,27286
"(0.6666666666666666, 1.0)",4,99.45,27290
"(0.6166666666666667, 1.0)",1,99.45,27291
"(0.9, 1.0)",2,99.45,27293
"(0.6666666666666666, 1.0)",2,99.45,27295
"(0.8, 1.0)",12,99.45,27307
"(0.7333333333333333, 1.0)",1,99.45,27308
"(0.8166666666666667, 1.0)",16,99.45,27324
"(0.9166666666666666, 1.0)",14,99.45,27338
"(0.8333333333333334, 1.0)",21,99.45,27359
"(0.8, 1.0)",1,99.45,27360
"(0.85, 1.0)",21,99.45,27381
"(0.8666666666666667, 1.0)",24,99.45,27405
"(1.0, 0.9958333333333332)",1,99.45,27406
"(0.75, 1.0)",23,99.45,27429
"(0.7, 1.0)",4,99.45,27433
"(0.8166666666666667, 1.0)",1,99.45,27434
"(1.0, 1.0)",4,99.45,27438
"(0.7833333333333333, 1.0)",3,99.45,27441
"(0.85, 1.0)",2,99.45,27443
"(0.8333333333333334, 1.0)",4,99.45,27447
"(0.8833333333333333, 1.0)",26,99.45,27473
"(0.7166666666666667, 1.0)",17,99.45,27490
"(0.9333333333333332, 1.0)",12,99.45,27502
"(0.9833333333333332, 1.0)",3,99.45,27505
"(0.9666666666666668, 1.0)",2,99.45,27507
"(0.8666666666666667, 1.0)",4,99.45,27511
"(0.8833333333333333, 1.0)",4,99.45,27515
"(0.7, 1.0)",1,99.45,27516
"(0.9833333333333332, 1.0)",11,99.45,27527
"(0.6833333333333333, 1.0)",5,99.45,27532
"(0.7666666666666667, 1.0)",9,99.45,27541
"(0.9958333333333332, 0.9958333333333332)",1,99.44999999999996,27542
"(0.975, 0.9958333333333332)",2,99.44583333333338,27544
"(0.9875, 0.9958333333333332)",1,99.44583333333338,27545
"(0.9833333333333332, 0.9958333333333332)",2,99.44583333333338,27547
"(0.9833333333333332, 0.9958333333333332)",3,99.44583333333335,27550
"(0.9583333333333334, 0.9958333333333332)",1,99.44583333333335,27551
"(0.9458333333333332, 0.9958333333333332)",1,99.44583333333335,27552
"(0.9875, 0.9958333333333332)",3,99.44583333333335,27555
"(0.9708333333333332, 0.9958333333333332)",2,99.44583333333335,27557
"(0.9916666666666668, 0.9958333333333332)",3,99.44583333333335,27560
"(0.975, 0.9958333333333332)",1,99.44583333333335,27561
"(1.0, 0.9958333333333332)",1,99.44583333333335,27562
"(0.9958333333333332, 0.9958333333333332)",1,99.44583333333335,27563
"(0.9791666666666666, 0.9958333333333332)",2,99.44583333333335,27565
"(0.9916666666666668, 1.0)",1,99.4458333333333,27566
"(0.8194444444444444, 1.0)",3,99.44444444444444,27569
"(0.875, 1.0)",2,99.44444444444444,27571
"(0.9027777777777778, 1.0)",5,99.44444444444444,27576
"(0.7638888888888888, 1.0)",4,99.44444444444444,27580
"(0.8055555555555556, 1.0)",4,99.44444444444444,27584
"(0.9583333333333334, 1.0)",3,99.44444444444444,27587
"(0.7777777777777778, 1.0)",6,99.44444444444444,27593
"(0.7083333333333334, 1.0)",9,99.44444444444444,27602
"(0.9444444444444444, 1.0)",8,99.44444444444444,27610
"(0.7361111111111112, 1.0)",3,99.44444444444444,27613
"(0.6944444444444444, 1.0)",2,99.44444444444444,27615
"(0.75, 1.0)",3,99.44444444444444,27618
"(0.9166666666666666, 1.0)",5,99.44444444444444,27623
"(0.8611111111111112, 1.0)",9,99.44444444444444,27632
"(0.6805555555555556, 1.0)",1,99.44444444444444,27633
"(0.8888888888888888, 1.0)",9,99.44444444444444,27642
"(0.9305555555555556, 1.0)",8,99.44444444444444,27650
"(0.7916666666666666, 1.0)",2,99.44444444444444,27652
"(0.8333333333333334, 1.0)",8,99.44444444444444,27660
"(0.8472222222222222, 1.0)",2,99.44444444444444,27662
"(0.9722222222222222, 1.0)",3,99.44444444444444,27665
"(0.7674418604651163, 1.0)",2,99.44186046511628,27667
"(0.813953488372093, 1.0)",1,99.44186046511628,27668
"(0.6162790697674418, 1.0)",6,99.44186046511628,27674
"(0.872093023255814, 1.0)",4,99.44186046511628,27678
"(0.8604651162790697, 1.0)",1,99.44186046511628,27679
"(0.7441860465116279, 1.0)",1,99.44186046511628,27680
"(0.8372093023255814, 1.0)",2,99.44186046511628,27682
"(0.8255813953488372, 1.0)",3,99.44186046511628,27685
"(0.9186046511627908, 1.0)",1,99.44186046511628,27686
"(0.9791666666666666, 0.9958333333333332)",1,99.44166666666672,27687
"(0.9708333333333332, 0.9958333333333332)",1,99.44166666666672,27688
"(0.9875, 0.9958333333333332)",1,99.44166666666672,27689
"(0.975, 0.9958333333333332)",1,99.44166666666672,27690
"(0.9625, 0.9958333333333332)",1,99.44166666666672,27691
"(0.9833333333333332, 0.9958333333333332)",1,99.44166666666672,27692
"(0.9875, 0.9958333333333332)",4,99.4416666666667,27696
"(1.0, 0.9958333333333332)",2,99.4416666666667,27698
"(0.9833333333333332, 0.9958333333333332)",5,99.4416666666667,27703
"(0.9708333333333332, 0.9958333333333332)",1,99.4416666666667,27704
"(0.975, 0.9958333333333332)",1,99.4416666666667,27705
"(0.9791666666666666, 0.9958333333333332)",5,99.4416666666667,27710
"(0.9458333333333332, 0.9958333333333332)",1,99.4416666666667,27711
"(0.9916666666666668, 0.9958333333333332)",4,99.4416666666667,27715
"(0.975, 0.9958333333333332)",1,99.43750000000006,27716
"(0.9791666666666666, 0.9958333333333332)",2,99.43750000000006,27718
"(0.9625, 0.9958333333333332)",1,99.43750000000006,27719
"(0.9625, 0.9958333333333332)",1,99.43750000000004,27720
"(0.9833333333333332, 0.9958333333333332)",3,99.43750000000004,27723
"(0.9875, 0.9958333333333332)",1,99.43750000000004,27724
"(0.9416666666666668, 0.9958333333333332)",1,99.43750000000004,27725
"(0.9791666666666666, 0.9958333333333332)",1,99.43750000000004,27726
"(0.9708333333333332, 0.9958333333333332)",2,99.43750000000004,27728
"(0.9708333333333332, 0.9958333333333332)",2,99.43750000000004,27730
"(0.9833333333333332, 0.9958333333333332)",3,99.43750000000004,27733
"(0.9916666666666668, 0.9958333333333332)",1,99.43750000000004,27734
"(0.9791666666666666, 0.9958333333333332)",1,99.43750000000004,27735
"(0.9791666666666666, 0.9958333333333332)",1,99.4333333333334,27736
"(0.9875, 0.9958333333333332)",1,99.4333333333334,27737
"(0.9791666666666666, 0.9958333333333332)",1,99.4333333333334,27738
"(0.95, 0.9958333333333332)",1,99.4333333333334,27739
"(0.975, 0.9958333333333332)",1,99.43333333333338,27740
"(0.9833333333333332, 0.9958333333333332)",3,99.43333333333338,27743
"(1.0, 0.9958333333333332)",1,99.43333333333338,27744
"(0.9875, 0.9958333333333332)",1,99.43333333333338,27745
"(0.9291666666666668, 0.9958333333333332)",1,99.43333333333338,27746
"(0.95, 0.9958333333333332)",1,99.43333333333338,27747
"(0.9333333333333332, 0.9833333333333332)",1,99.43333333333337,27748
"(0.95, 0.9958333333333332)",1,99.43333333333337,27749
"(0.9875, 0.9958333333333332)",3,99.43333333333337,27752
"(0.9708333333333332, 0.9958333333333332)",1,99.43333333333337,27753
"(0.9583333333333334, 0.9958333333333332)",1,99.43333333333337,27754
"(0.9708333333333332, 1.0)",1,99.43333333333337,27755
"(0.925, 0.9958333333333332)",1,99.43333333333337,27756
"(0.975, 0.9958333333333332)",3,99.43333333333337,27759
"(0.9833333333333332, 1.0)",1,99.43333333333337,27760
"(1.0, 0.9958333333333332)",1,99.43333333333337,27761
"(0.8666666666666667, 0.9833333333333332)",1,99.43333333333337,27762
"(0.9333333333333332, 1.0)",1,99.43333333333337,27763
"(0.9791666666666666, 0.9958333333333332)",1,99.43333333333337,27764
"(0.9958333333333332, 0.9958333333333332)",1,99.43333333333337,27765
"(0.95, 1.0)",2,99.43333333333337,27767
"(0.9833333333333332, 0.9958333333333332)",1,99.43333333333337,27768
"(0.8333333333333334, 1.0)",2,99.43333333333337,27770
"(0.75, 1.0)",14,99.43333333333334,27784
"(0.7, 1.0)",4,99.43333333333334,27788
"(0.7666666666666667, 1.0)",14,99.43333333333334,27802
"(0.85, 1.0)",26,99.43333333333334,27828
"(0.8333333333333334, 1.0)",22,99.43333333333334,27850
"(0.5666666666666667, 1.0)",2,99.43333333333334,27852
"(0.8, 1.0)",12,99.43333333333334,27864
"(0.9166666666666666, 1.0)",18,99.43333333333334,27882
"(0.9, 1.0)",18,99.43333333333334,27900
"(0.7833333333333333, 1.0)",8,99.43333333333334,27908
"(0.95, 1.0)",9,99.43333333333334,27917
"(0.7166666666666667, 1.0)",13,99.43333333333334,27930
"(0.8666666666666667, 1.0)",33,99.43333333333334,27963
"(1.0, 1.0)",13,99.43333333333334,27976
"(0.8166666666666667, 1.0)",14,99.43333333333334,27990
"(0.9666666666666668, 1.0)",13,99.43333333333334,28003
"(0.9833333333333332, 1.0)",7,99.43333333333334,28010
"(0.9333333333333332, 1.0)",17,99.43333333333334,28027
"(0.8833333333333333, 1.0)",18,99.43333333333334,28045
"(0.6833333333333333, 1.0)",4,99.43333333333334,28049
"(0.7333333333333333, 1.0)",12,99.43333333333334,28061
"(0.9, 1.0)",1,99.43333333333332,28062
"(0.8, 1.0)",1,99.43333333333332,28063
"(0.9791666666666666, 1.0)",2,99.4333333333333,28065
"(0.9444444444444444, 1.0)",8,99.43055555555556,28073
"(0.7638888888888888, 1.0)",1,99.43055555555556,28074
"(0.7361111111111112, 1.0)",2,99.43055555555556,28076
"(0.9305555555555556, 1.0)",10,99.43055555555556,28086
"(0.7222222222222222, 1.0)",3,99.43055555555556,28089
"(0.7083333333333334, 1.0)",6,99.43055555555556,28095
"(0.9166666666666666, 1.0)",6,99.43055555555556,28101
"(0.8194444444444444, 1.0)",2,99.43055555555556,28103
"(0.8055555555555556, 1.0)",3,99.43055555555556,28106
"(0.8888888888888888, 1.0)",8,99.43055555555556,28114
"(0.9027777777777778, 1.0)",8,99.43055555555556,28122
"(0.875, 1.0)",5,99.43055555555556,28127
"(0.75, 1.0)",3,99.43055555555556,28130
"(0.9583333333333334, 1.0)",4,99.43055555555556,28134
"(0.8472222222222222, 1.0)",1,99.43055555555556,28135
"(0.6944444444444444, 1.0)",4,99.43055555555556,28139
"(0.8611111111111112, 1.0)",4,99.43055555555556,28143
"(0.7777777777777778, 1.0)",6,99.43055555555556,28149
"(0.625, 1.0)",1,99.43055555555556,28150
"(0.7916666666666666, 1.0)",1,99.43055555555556,28151
"(0.8333333333333334, 1.0)",8,99.43055555555556,28159
"(0.875, 1.0)",1,99.43055555555554,28160
"(0.8194444444444444, 1.0)",2,99.43055555555554,28162
"(0.9027777777777778, 1.0)",2,99.43055555555554,28164
"(0.8888888888888888, 1.0)",2,99.43055555555554,28166
"(0.7638888888888888, 1.0)",1,99.43055555555554,28167
"(0.7777777777777778, 1.0)",1,99.43055555555554,28168
"(0.9186046511627908, 1.0)",2,99.43023255813954,28170
"(0.7674418604651163, 1.0)",2,99.43023255813954,28172
"(0.8372093023255814, 1.0)",1,99.43023255813954,28173
"(0.8023255813953488, 1.0)",1,99.43023255813954,28174
"(0.813953488372093, 1.0)",1,99.43023255813954,28175
"(0.6162790697674418, 1.0)",2,99.43023255813954,28177
"(0.7441860465116279, 1.0)",1,99.43023255813954,28178
"(0.7906976744186046, 1.0)",1,99.43023255813954,28179
"(0.8255813953488372, 1.0)",1,99.43023255813954,28180
"(0.627906976744186, 1.0)",1,99.43023255813954,28181
"(0.872093023255814, 1.0)",3,99.43023255813954,28184
"(0.8837209302325582, 1.0)",2,99.43023255813954,28186
"(0.8255813953488372, 1.0)",1,99.43023255813952,28187
"(0.8488372093023255, 1.0)",1,99.43023255813952,28188
"(0.872093023255814, 1.0)",1,99.43023255813952,28189
"(0.9625, 0.9958333333333332)",1,99.42916666666672,28190
"(0.9833333333333332, 0.9958333333333332)",1,99.42916666666672,28191
"(0.9875, 0.9958333333333332)",1,99.42916666666672,28192
"(0.9833333333333332, 0.9958333333333332)",1,99.42916666666672,28193
"(0.9708333333333332, 0.9958333333333332)",1,99.42916666666672,28194
"(0.975, 0.9958333333333332)",2,99.42916666666672,28196
"(0.9541666666666668, 0.9958333333333332)",1,99.42916666666672,28197
"(0.9791666666666666, 0.9958333333333332)",1,99.42916666666672,28198
"(0.9583333333333334, 0.9958333333333332)",1,99.4291666666667,28199
"(0.975, 0.9958333333333332)",1,99.4291666666667,28200
"(0.9833333333333332, 0.9958333333333332)",3,99.4291666666667,28203
"(0.9708333333333332, 0.9958333333333332)",1,99.4291666666667,28204
"(0.9916666666666668, 0.9958333333333332)",1,99.4291666666667,28205
"(0.9333333333333332, 0.9958333333333332)",1,99.4291666666667,28206
"(0.9875, 0.9958333333333332)",5,99.4291666666667,28211
"(0.9625, 0.9958333333333332)",1,99.4291666666667,28212
"(0.9791666666666666, 1.0)",1,99.42916666666666,28213
"(0.9708333333333332, 0.9958333333333332)",1,99.42500000000004,28214
"(0.9666666666666668, 0.9958333333333332)",1,99.42500000000004,28215
"(0.9708333333333332, 0.9958333333333332)",1,99.42500000000004,28216
"(0.9625, 0.9958333333333332)",2,99.42500000000004,28218
"(0.9833333333333332, 0.9958333333333332)",2,99.42500000000004,28220
"(0.9708333333333332, 0.9958333333333332)",1,99.42500000000004,28221
"(0.9875, 0.9958333333333332)",4,99.42500000000004,28225
"(0.9875, 0.9958333333333332)",2,99.42500000000004,28227
"(0.9916666666666668, 0.9958333333333332)",3,99.42500000000004,28230
"(0.9458333333333332, 0.9958333333333332)",1,99.42500000000004,28231
"(0.975, 0.9958333333333332)",1,99.42500000000004,28232
"(0.9583333333333334, 0.9958333333333332)",1,99.42500000000004,28233
"(0.975, 0.9958333333333332)",3,99.42500000000004,28236
"(0.9791666666666666, 0.9958333333333332)",2,99.42500000000004,28238
"(0.9833333333333332, 0.9958333333333332)",3,99.42500000000004,28241
"(1.0, 0.9958333333333332)",2,99.42500000000004,28243
"(0.9833333333333332, 1.0)",1,99.42499999999998,28244
"(0.975, 1.0)",1,99.42499999999995,28245
"(0.9916666666666668, 0.9958333333333332)",1,99.42083333333338,28246
"(0.9833333333333332, 0.9958333333333332)",1,99.42083333333338,28247
"(0.9875, 0.9958333333333332)",6,99.42083333333338,28253
"(0.975, 0.9958333333333332)",2,99.42083333333338,28255
"(0.9791666666666666, 0.9958333333333332)",2,99.42083333333338,28257
"(0.9708333333333332, 0.9958333333333332)",1,99.42083333333338,28258
"(0.9916666666666668, 0.9958333333333332)",2,99.42083333333336,28260
"(0.9666666666666668, 0.9958333333333332)",1,99.42083333333336,28261
"(0.9875, 0.9958333333333332)",3,99.42083333333336,28264
"(0.975, 0.9958333333333332)",4,99.42083333333336,28268
"(0.9125, 0.9958333333333332)",1,99.42083333333336,28269
"(0.9833333333333332, 0.9958333333333332)",3,99.42083333333336,28272
"(0.9791666666666666, 0.9958333333333332)",1,99.42083333333336,28273
"(0.975, 1.0)",1,99.42083333333332,28274
"(0.9791666666666666, 1.0)",1,99.42083333333332,28275
"(0.8372093023255814, 1.0)",1,99.4186046511628,28276
"(0.872093023255814, 1.0)",1,99.4186046511628,28277
"(0.9186046511627908, 1.0)",1,99.4186046511628,28278
"(0.6976744186046512, 1.0)",1,99.4186046511628,28279
"(0.6162790697674418, 1.0)",1,99.4186046511628,28280
"(0.8488372093023255, 1.0)",1,99.4186046511628,28281
"(0.7441860465116279, 1.0)",2,99.4186046511628,28283
"(0.7906976744186046, 1.0)",2,99.4186046511628,28285
"(0.8837209302325582, 1.0)",1,99.4186046511628,28286
"(0.8837209302325582, 1.0)",2,99.41860465116278,28288
"(0.872093023255814, 1.0)",1,99.41860465116278,28289
"(0.6162790697674418, 1.0)",1,99.41860465116278,28290
"(0.8023255813953488, 1.0)",1,99.41860465116278,28291
"(0.8604651162790697, 1.0)",1,99.41860465116278,28292
"(0.8255813953488372, 1.0)",3,99.41860465116278,28295
"(0.7906976744186046, 1.0)",1,99.41860465116278,28296
"(0.9186046511627908, 1.0)",1,99.41860465116278,28297
"(0.8488372093023255, 1.0)",2,99.41860465116278,28299
"(0.7441860465116279, 1.0)",1,99.41860465116278,28300
"(0.7674418604651163, 1.0)",1,99.41860465116278,28301
"(0.9916666666666668, 0.9958333333333332)",1,99.41666666666671,28302
"(0.9708333333333332, 0.9958333333333332)",1,99.41666666666671,28303
"(0.9666666666666668, 0.9958333333333332)",1,99.41666666666671,28304
"(1.0, 0.9958333333333332)",1,99.41666666666671,28305
"(0.9833333333333332, 0.9958333333333332)",3,99.41666666666671,28308
"(0.9791666666666666, 0.9958333333333332)",1,99.41666666666671,28309
"(0.9625, 0.9958333333333332)",1,99.41666666666671,28310
"(0.9708333333333332, 0.9958333333333332)",1,99.4166666666667,28311
"(0.9833333333333332, 0.9958333333333332)",3,99.4166666666667,28314
"(0.975, 0.9958333333333332)",2,99.4166666666667,28316
"(0.9916666666666668, 0.9958333333333332)",3,99.4166666666667,28319
"(0.9875, 0.9958333333333332)",5,99.4166666666667,28324
"(0.9625, 0.9958333333333332)",1,99.4166666666667,28325
"(0.9791666666666666, 0.9958333333333332)",3,99.4166666666667,28328
"(0.9958333333333332, 0.9958333333333332)",1,99.4166666666667,28329
"(0.9583333333333334, 0.9958333333333332)",1,99.4166666666667,28330
"(0.75, 1.0)",7,99.41666666666669,28337
"(0.8, 1.0)",4,99.41666666666669,28341
"(0.8055555555555556, 1.0)",2,99.41666666666669,28343
"(0.8888888888888888, 1.0)",2,99.41666666666669,28345
"(0.9, 1.0)",9,99.41666666666669,28354
"(0.9833333333333332, 1.0)",9,99.41666666666669,28363
"(0.9166666666666666, 1.0)",5,99.41666666666669,28368
"(0.7916666666666666, 1.0)",1,99.41666666666669,28369
"(0.6833333333333333, 1.0)",7,99.41666666666669,28376
"(0.85, 1.0)",5,99.41666666666669,28381
"(0.8333333333333334, 1.0)",14,99.41666666666669,28395
"(0.9305555555555556, 1.0)",4,99.41666666666669,28399
"(0.5333333333333333, 1.0)",1,99.41666666666669,28400
"(0.9333333333333332, 1.0)",4,99.41666666666669,28404
"(0.9444444444444444, 1.0)",2,99.41666666666669,28406
"(0.8833333333333333, 1.0)",1,99.41666666666669,28407
"(1.0, 1.0)",10,99.41666666666669,28417
"(0.9666666666666668, 1.0)",9,99.41666666666669,28426
"(0.5972222222222222, 1.0)",2,99.41666666666669,28428
"(0.8194444444444444, 1.0)",2,99.41666666666669,28430
"(0.8833333333333333, 1.0)",16,99.41666666666669,28446
"(0.7666666666666667, 1.0)",2,99.41666666666669,28448
"(0.9027777777777778, 1.0)",2,99.41666666666669,28450
"(0.9166666666666666, 1.0)",4,99.41666666666669,28454
"(0.7777777777777778, 1.0)",1,99.41666666666669,28455
"(0.625, 1.0)",2,99.41666666666669,28457
"(0.6666666666666666, 1.0)",3,99.41666666666669,28460
"(0.7638888888888888, 1.0)",3,99.41666666666669,28463
"(0.8666666666666667, 1.0)",20,99.41666666666669,28483
"(0.7083333333333334, 1.0)",1,99.41666666666669,28484
"(0.8166666666666667, 1.0)",7,99.41666666666669,28491
"(0.9666666666666668, 1.0)",1,99.41666666666669,28492
"(0.9833333333333332, 0.9916666666666668)",1,99.41666666666669,28493
"(0.7333333333333333, 1.0)",5,99.41666666666669,28498
"(1.0, 1.0)",2,99.41666666666669,28500
"(0.9583333333333334, 1.0)",2,99.41666666666669,28502
"(0.975, 0.9958333333333332)",2,99.41666666666669,28504
"(0.7, 1.0)",2,99.41666666666669,28506
"(0.7166666666666667, 1.0)",7,99.41666666666669,28513
"(0.7833333333333333, 1.0)",2,99.41666666666669,28515
"(0.9444444444444444, 1.0)",2,99.41666666666666,28517
"(1.0, 1.0)",5,99.41666666666666,28522
"(0.75, 1.0)",14,99.41666666666666,28536
"(0.7, 1.0)",4,99.41666666666666,28540
"(0.875, 1.0)",1,99.41666666666666,28541
"(0.7916666666666666, 1.0)",2,99.41666666666666,28543
"(0.9722222222222222, 1.0)",2,99.41666666666666,28545
"(0.8055555555555556, 1.0)",4,99.41666666666666,28549
"(0.7666666666666667, 1.0)",4,99.41666666666666,28553
"(0.7638888888888888, 1.0)",5,99.41666666666666,28558
"(0.9333333333333332, 1.0)",8,99.41666666666666,28566
"(0.8166666666666667, 1.0)",6,99.41666666666666,28572
"(0.6666666666666666, 1.0)",2,99.41666666666666,28574
"(0.9305555555555556, 1.0)",3,99.41666666666666,28577
"(0.8472222222222222, 1.0)",2,99.41666666666666,28579
"(0.7333333333333333, 1.0)",23,99.41666666666666,28602
"(0.6944444444444444, 1.0)",3,99.41666666666666,28605
"(0.8333333333333334, 1.0)",15,99.41666666666666,28620
"(0.8611111111111112, 1.0)",2,99.41666666666666,28622
"(0.9666666666666668, 1.0)",9,99.41666666666666,28631
"(0.8833333333333333, 1.0)",16,99.41666666666666,28647
"(0.625, 1.0)",1,99.41666666666666,28648
"(0.7083333333333334, 1.0)",5,99.41666666666666,28653
"(0.9833333333333332, 1.0)",8,99.41666666666666,28661
"(0.8666666666666667, 1.0)",6,99.41666666666666,28667
"(0.6111111111111112, 1.0)",1,99.41666666666666,28668
"(0.5972222222222222, 1.0)",1,99.41666666666666,28669
"(0.8, 1.0)",15,99.41666666666666,28684
"(0.9583333333333334, 1.0)",3,99.41666666666666,28687
"(0.7833333333333333, 1.0)",2,99.41666666666666,28689
"(0.9027777777777778, 1.0)",4,99.41666666666666,28693
"(0.9166666666666666, 1.0)",10,99.41666666666666,28703
"(0.85, 1.0)",10,99.41666666666666,28713
"(0.7777777777777778, 1.0)",7,99.41666666666666,28720
"(0.8194444444444444, 1.0)",5,99.41666666666666,28725
"(0.9, 1.0)",13,99.41666666666666,28738
"(0.8888888888888888, 1.0)",2,99.41666666666666,28740
"(0.7166666666666667, 1.0)",5,99.41666666666666,28745
"(0.95, 1.0)",8,99.41666666666666,28753
"(0.6805555555555556, 1.0)",1,99.41666666666666,28754
"(0.7361111111111112, 1.0)",1,99.41666666666666,28755
"(0.6833333333333333, 1.0)",3,99.41666666666666,28758
"(0.9833333333333332, 0.9958333333333332)",1,99.41250000000008,28759
"(0.9666666666666668, 0.9958333333333332)",1,99.41250000000004,28760
"(0.9916666666666668, 0.9958333333333332)",1,99.41250000000004,28761
"(0.9583333333333334, 0.9958333333333332)",1,99.41250000000004,28762
"(0.9583333333333334, 0.9958333333333332)",1,99.41250000000004,28763
"(0.95, 0.9958333333333332)",1,99.41250000000004,28764
"(0.9791666666666666, 0.9958333333333332)",1,99.41250000000004,28765
"(0.9791666666666666, 0.9958333333333332)",1,99.41250000000004,28766
"(0.9875, 0.9958333333333332)",2,99.41250000000004,28768
"(0.9625, 0.9958333333333332)",1,99.41250000000004,28769
"(0.9916666666666668, 0.9958333333333332)",2,99.41250000000004,28771
"(0.9875, 0.9958333333333332)",3,99.41250000000004,28774
"(0.9958333333333332, 0.9958333333333332)",1,99.41250000000004,28775
"(0.975, 0.9958333333333332)",3,99.41250000000004,28778
"(0.9833333333333332, 0.9958333333333332)",3,99.41250000000004,28781
"(1.0, 1.0)",1,99.41250000000002,28782
"(0.9875, 0.9958333333333332)",1,99.41249999999997,28783
"(0.9791666666666666, 0.9958333333333332)",1,99.4083333333334,28784
"(0.9875, 0.9958333333333332)",2,99.4083333333334,28786
"(0.9833333333333332, 0.9958333333333332)",1,99.4083333333334,28787
"(0.975, 0.9958333333333332)",1,99.4083333333334,28788
"(0.9791666666666666, 0.9958333333333332)",1,99.4083333333334,28789
"(0.9708333333333332, 0.9958333333333332)",1,99.40833333333336,28790
"(0.9791666666666666, 0.9958333333333332)",1,99.40833333333336,28791
"(0.9875, 0.9958333333333332)",4,99.40833333333336,28795
"(0.9916666666666668, 0.9958333333333332)",3,99.40833333333336,28798
"(0.9833333333333332, 0.9958333333333332)",3,99.40833333333336,28801
"(0.9666666666666668, 0.9958333333333332)",2,99.40833333333336,28803
"(0.9333333333333332, 0.9958333333333332)",2,99.40833333333336,28805
"(0.9875, 0.9958333333333332)",1,99.40833333333336,28806
"(0.975, 0.9958333333333332)",4,99.40833333333336,28810
"(0.9958333333333332, 0.9958333333333332)",1,99.40833333333336,28811
"(0.9958333333333332, 1.0)",1,99.40833333333332,28812
"(1.0, 0.9958333333333332)",1,99.40833333333332,28813
"(0.6162790697674418, 1.0)",1,99.40697674418604,28814
"(0.8488372093023255, 1.0)",1,99.40697674418604,28815
"(0.7674418604651163, 1.0)",1,99.40697674418604,28816
"(0.8837209302325582, 1.0)",2,99.40697674418604,28818
"(0.8255813953488372, 1.0)",2,99.40697674418604,28820
"(0.8023255813953488, 1.0)",2,99.40697674418604,28822
"(0.7441860465116279, 1.0)",1,99.40697674418604,28823
"(0.872093023255814, 1.0)",6,99.40697674418604,28829
"(0.9186046511627908, 1.0)",2,99.40697674418604,28831
"(0.8372093023255814, 1.0)",1,99.40697674418604,28832
"(0.7906976744186046, 1.0)",2,99.40697674418604,28834
"(0.627906976744186, 1.0)",1,99.40697674418604,28835
"(0.8953488372093024, 1.0)",1,99.40697674418604,28836
"(0.9875, 0.9958333333333332)",1,99.40416666666674,28837
"(0.9833333333333332, 0.9958333333333332)",1,99.40416666666674,28838
"(0.95, 0.9958333333333332)",1,99.40416666666673,28839
"(0.9833333333333332, 0.9958333333333332)",3,99.40416666666673,28842
"(0.9625, 0.9958333333333332)",2,99.40416666666673,28844
"(0.9875, 0.9958333333333332)",1,99.40416666666673,28845
"(0.9875, 0.9958333333333332)",4,99.40416666666673,28849
"(0.9625, 0.9958333333333332)",1,99.40416666666673,28850
"(0.9541666666666668, 0.9958333333333332)",1,99.40416666666673,28851
"(0.9791666666666666, 0.9958333333333332)",4,99.40416666666673,28855
"(0.9708333333333332, 0.9958333333333332)",1,99.40416666666673,28856
"(0.9666666666666668, 0.9958333333333332)",1,99.4041666666667,28857
"(0.9833333333333332, 0.9958333333333332)",3,99.4041666666667,28860
"(0.9958333333333332, 0.9958333333333332)",1,99.4041666666667,28861
"(0.9125, 0.9958333333333332)",1,99.4041666666667,28862
"(0.95, 0.9958333333333332)",1,99.4041666666667,28863
"(0.9458333333333332, 0.9958333333333332)",1,99.4041666666667,28864
"(0.9375, 0.9958333333333332)",1,99.4041666666667,28865
"(0.9916666666666668, 0.9958333333333332)",1,99.4041666666667,28866
"(0.9875, 0.9958333333333332)",1,99.4041666666667,28867
"(1.0, 0.9958333333333332)",1,99.4041666666667,28868
"(0.975, 0.9958333333333332)",4,99.4041666666667,28872
"(0.9791666666666666, 0.9958333333333332)",1,99.4041666666667,28873
"(0.9583333333333334, 0.9958333333333332)",3,99.4041666666667,28876
"(1.0, 0.9958333333333332)",2,99.40416666666668,28878
"(0.9444444444444444, 1.0)",2,99.4027777777778,28880
"(0.9583333333333334, 1.0)",6,99.40277777777776,28886
"(0.625, 1.0)",3,99.40277777777776,28889
"(0.9444444444444444, 1.0)",5,99.40277777777776,28894
"(0.7361111111111112, 1.0)",6,99.40277777777776,28900
"(0.8888888888888888, 1.0)",2,99.40277777777776,28902
"(0.9166666666666666, 1.0)",4,99.40277777777776,28906
"(0.7777777777777778, 1.0)",8,99.40277777777776,28914
"(0.8194444444444444, 1.0)",3,99.40277777777776,28917
"(0.8333333333333334, 1.0)",10,99.40277777777776,28927
"(0.7638888888888888, 1.0)",7,99.40277777777776,28934
"(0.8472222222222222, 1.0)",2,99.40277777777776,28936
"(0.7916666666666666, 1.0)",1,99.40277777777776,28937
"(0.75, 1.0)",5,99.40277777777776,28942
"(0.9027777777777778, 1.0)",2,99.40277777777776,28944
"(0.7222222222222222, 1.0)",1,99.40277777777776,28945
"(0.9305555555555556, 1.0)",4,99.40277777777776,28949
"(0.7083333333333334, 1.0)",6,99.40277777777776,28955
"(0.8611111111111112, 1.0)",7,99.40277777777776,28962
"(0.9722222222222222, 1.0)",3,99.40277777777776,28965
"(0.8055555555555556, 1.0)",3,99.40277777777776,28968
"(0.5972222222222222, 1.0)",1,99.40277777777776,28969
"(0.875, 1.0)",2,99.40277777777776,28971
"(0.6944444444444444, 1.0)",1,99.40277777777776,28972
"(0.6805555555555556, 1.0)",1,99.40277777777776,28973
"(0.9791666666666666, 0.9958333333333332)",1,99.40000000000006,28974
"(0.9875, 0.9958333333333332)",1,99.40000000000006,28975
"(0.975, 0.9958333333333332)",1,99.40000000000003,28976
"(0.9333333333333332, 0.9958333333333332)",1,99.40000000000003,28977
"(0.9708333333333332, 0.9958333333333332)",1,99.40000000000003,28978
"(0.9291666666666668, 0.9958333333333332)",1,99.40000000000003,28979
"(0.975, 0.9958333333333332)",3,99.40000000000003,28982
"(0.95, 0.9958333333333332)",1,99.40000000000003,28983
"(0.8666666666666667, 0.9958333333333332)",1,99.40000000000003,28984
"(0.9916666666666668, 0.9958333333333332)",1,99.40000000000003,28985
"(0.9833333333333332, 0.9958333333333332)",4,99.40000000000003,28989
"(0.9583333333333334, 0.9958333333333332)",2,99.40000000000003,28991
"(0.95, 1.0)",1,99.40000000000003,28992
"(0.9791666666666666, 0.9958333333333332)",1,99.40000000000003,28993
"(0.9583333333333334, 0.9958333333333332)",1,99.40000000000003,28994
"(0.9666666666666668, 0.9958333333333332)",3,99.40000000000003,28997
"(0.9625, 0.9958333333333332)",3,99.40000000000003,29000
"(0.9791666666666666, 0.9958333333333332)",3,99.40000000000003,29003
"(0.9916666666666668, 0.9958333333333332)",3,99.40000000000003,29006
"(0.9416666666666668, 0.9958333333333332)",1,99.40000000000003,29007
"(0.9875, 0.9958333333333332)",1,99.40000000000003,29008
"(0.9875, 0.9958333333333332)",1,99.40000000000003,29009
"(1.0, 0.9833333333333332)",2,99.40000000000002,29011
"(0.8333333333333334, 1.0)",4,99.40000000000002,29015
"(0.9, 1.0)",1,99.40000000000002,29016
"(0.95, 0.9833333333333332)",1,99.40000000000002,29017
"(0.9166666666666666, 1.0)",2,99.40000000000002,29019
"(0.7666666666666667, 1.0)",16,99.4,29035
"(0.9833333333333332, 1.0)",12,99.4,29047
"(0.6166666666666667, 1.0)",1,99.4,29048
"(0.9833333333333332, 1.0)",2,99.4,29050
"(0.975, 1.0)",2,99.4,29052
"(0.8333333333333334, 1.0)",25,99.4,29077
"(0.9666666666666668, 1.0)",12,99.4,29089
"(0.8833333333333333, 1.0)",10,99.4,29099
"(0.7166666666666667, 1.0)",4,99.4,29103
"(0.85, 1.0)",19,99.4,29122
"(0.7833333333333333, 1.0)",8,99.4,29130
"(0.6833333333333333, 1.0)",9,99.4,29139
"(0.95, 1.0)",3,99.4,29142
"(0.75, 1.0)",16,99.4,29158
"(0.9, 1.0)",20,99.4,29178
"(0.8166666666666667, 1.0)",1,99.4,29179
"(0.6666666666666666, 1.0)",2,99.4,29181
"(0.9333333333333332, 1.0)",21,99.4,29202
"(0.8166666666666667, 1.0)",11,99.4,29213
"(0.9666666666666668, 1.0)",1,99.4,29214
"(0.9166666666666666, 1.0)",11,99.4,29225
"(0.7, 1.0)",2,99.4,29227
"(0.85, 1.0)",2,99.4,29229
"(0.8, 1.0)",13,99.4,29242
"(0.8666666666666667, 1.0)",25,99.4,29267
"(0.7333333333333333, 1.0)",21,99.4,29288
"(1.0, 1.0)",14,99.4,29302
"(0.9875, 0.9958333333333332)",1,99.3958333333334,29303
"(0.9833333333333332, 0.9958333333333332)",1,99.3958333333334,29304
"(0.9791666666666666, 0.9958333333333332)",3,99.3958333333334,29307
"(0.9916666666666668, 0.9958333333333332)",1,99.3958333333334,29308
"(0.975, 0.9958333333333332)",3,99.39583333333336,29311
"(0.9916666666666668, 0.9958333333333332)",3,99.39583333333336,29314
"(0.9166666666666666, 0.9958333333333332)",1,99.39583333333336,29315
"(0.9458333333333332, 0.9958333333333332)",2,99.39583333333336,29317
"(0.9958333333333332, 0.9958333333333332)",1,99.39583333333336,29318
"(0.9708333333333332, 0.9958333333333332)",1,99.39583333333336,29319
"(0.8875, 0.9958333333333332)",1,99.39583333333336,29320
"(0.9875, 0.9958333333333332)",7,99.39583333333336,29327
"(0.9375, 0.9958333333333332)",2,99.39583333333336,29329
"(0.9, 0.9958333333333332)",1,99.39583333333336,29330
"(0.9833333333333332, 0.9958333333333332)",4,99.39583333333336,29334
"(0.9666666666666668, 0.9958333333333332)",1,99.39583333333336,29335
"(0.9791666666666666, 0.9958333333333332)",3,99.39583333333336,29338
"(0.9625, 0.9958333333333332)",1,99.39583333333336,29339
"(0.9833333333333332, 0.9958333333333332)",1,99.39583333333334,29340
"(0.975, 1.0)",1,99.39583333333334,29341
"(1.0, 0.9958333333333332)",1,99.39583333333331,29342
"(0.627906976744186, 1.0)",1,99.3953488372093,29343
"(0.8488372093023255, 1.0)",2,99.3953488372093,29345
"(0.8837209302325582, 1.0)",4,99.3953488372093,29349
"(0.8255813953488372, 1.0)",3,99.3953488372093,29352
"(0.7674418604651163, 1.0)",1,99.3953488372093,29353
"(0.7325581395348837, 1.0)",1,99.3953488372093,29354
"(0.872093023255814, 1.0)",2,99.3953488372093,29356
"(0.9186046511627908, 1.0)",3,99.3953488372093,29359
"(0.5930232558139535, 1.0)",2,99.3953488372093,29361
"(0.7441860465116279, 1.0)",2,99.3953488372093,29363
"(0.6162790697674418, 1.0)",2,99.3953488372093,29365
"(0.9875, 0.9958333333333332)",1,99.39166666666674,29366
"(0.9666666666666668, 0.9958333333333332)",1,99.39166666666672,29367
"(0.9958333333333332, 0.9958333333333332)",1,99.39166666666672,29368
"(0.9625, 0.9958333333333332)",1,99.39166666666672,29369
"(0.9791666666666666, 0.9958333333333332)",3,99.39166666666672,29372
"(0.9916666666666668, 0.9958333333333332)",1,99.39166666666672,29373
"(0.9708333333333332, 0.9958333333333332)",1,99.39166666666672,29374
"(0.8916666666666667, 0.9958333333333332)",1,99.39166666666672,29375
"(0.975, 0.9958333333333332)",1,99.39166666666672,29376
"(0.9916666666666668, 0.9958333333333332)",3,99.39166666666672,29379
"(0.9875, 0.9958333333333332)",1,99.39166666666672,29380
"(0.9833333333333332, 0.9958333333333332)",3,99.39166666666672,29383
"(0.9958333333333332, 0.9958333333333332)",2,99.39166666666672,29385
"(0.9458333333333332, 0.9958333333333332)",1,99.39166666666672,29386
"(0.975, 0.9958333333333332)",3,99.39166666666672,29389
"(0.9583333333333334, 0.9958333333333332)",1,99.39166666666672,29390
"(0.95, 0.9958333333333332)",2,99.39166666666672,29392
"(0.8541666666666666, 0.9958333333333332)",1,99.3916666666667,29393
"(0.9833333333333332, 0.9958333333333332)",1,99.3916666666667,29394
"(0.975, 0.9958333333333332)",3,99.3916666666667,29397
"(1.0, 0.9958333333333332)",1,99.3916666666667,29398
"(0.9625, 0.9958333333333332)",1,99.3916666666667,29399
"(1.0, 0.9958333333333332)",1,99.39166666666668,29400
"(0.875, 1.0)",3,99.38888888888889,29403
"(0.8611111111111112, 1.0)",3,99.38888888888889,29406
"(0.7222222222222222, 1.0)",1,99.38888888888889,29407
"(0.9305555555555556, 1.0)",11,99.38888888888889,29418
"(0.8888888888888888, 1.0)",4,99.38888888888889,29422
"(0.8194444444444444, 1.0)",6,99.38888888888889,29428
"(0.7361111111111112, 1.0)",2,99.38888888888889,29430
"(0.7638888888888888, 1.0)",4,99.38888888888889,29434
"(0.9166666666666666, 1.0)",2,99.38888888888889,29436
"(0.8333333333333334, 1.0)",5,99.38888888888889,29441
"(0.9027777777777778, 1.0)",8,99.38888888888889,29449
"(0.8472222222222222, 1.0)",3,99.38888888888889,29452
"(0.9444444444444444, 1.0)",5,99.38888888888889,29457
"(0.5972222222222222, 1.0)",1,99.38888888888889,29458
"(0.8055555555555556, 1.0)",1,99.38888888888889,29459
"(0.6388888888888888, 1.0)",1,99.38888888888889,29460
"(0.7916666666666666, 1.0)",2,99.38888888888889,29462
"(0.6944444444444444, 1.0)",7,99.38888888888889,29469
"(0.75, 1.0)",4,99.38888888888889,29473
"(0.7083333333333334, 1.0)",7,99.38888888888889,29480
"(0.7777777777777778, 1.0)",3,99.38888888888889,29483
"(0.9875, 0.9958333333333332)",1,99.38750000000006,29484
"(0.9916666666666668, 0.9958333333333332)",1,99.38750000000006,29485
"(0.9833333333333332, 0.9958333333333332)",1,99.38750000000006,29486
"(0.9583333333333334, 0.9958333333333332)",1,99.38750000000005,29487
"(0.9791666666666666, 0.9958333333333332)",2,99.38750000000005,29489
"(0.9875, 0.9958333333333332)",4,99.38750000000005,29493
"(0.9875, 0.9958333333333332)",1,99.38750000000005,29494
"(0.9583333333333334, 0.9958333333333332)",1,99.38750000000005,29495
"(0.95, 0.9958333333333332)",2,99.38750000000005,29497
"(0.9708333333333332, 0.9958333333333332)",1,99.38750000000005,29498
"(0.9791666666666666, 0.9958333333333332)",2,99.38750000000005,29500
"(0.9833333333333332, 0.9958333333333332)",3,99.38750000000005,29503
"(0.9708333333333332, 0.9958333333333332)",1,99.38750000000005,29504
"(0.975, 0.9958333333333332)",1,99.38750000000005,29505
"(0.9625, 0.9958333333333332)",1,99.38750000000005,29506
"(0.9833333333333332, 0.9958333333333332)",2,99.38750000000005,29508
"(0.9916666666666668, 0.9958333333333332)",1,99.38750000000005,29509
"(0.975, 0.9958333333333332)",4,99.38750000000005,29513
"(0.9916666666666668, 0.9958333333333332)",1,99.38750000000005,29514
"(0.8791666666666667, 0.9958333333333332)",1,99.38750000000005,29515
"(0.9958333333333332, 0.9958333333333332)",1,99.3875,29516
"(0.9875, 1.0)",1,99.3875,29517
"(0.9791666666666666, 1.0)",1,99.3875,29518
"(0.9958333333333332, 0.9958333333333332)",2,99.38749999999996,29520
"(0.9186046511627908, 1.0)",3,99.38372093023256,29523
"(0.627906976744186, 1.0)",1,99.38372093023256,29524
"(0.8372093023255814, 1.0)",1,99.38372093023256,29525
"(0.8255813953488372, 1.0)",3,99.38372093023256,29528
"(0.8488372093023255, 1.0)",1,99.38372093023256,29529
"(0.7674418604651163, 1.0)",2,99.38372093023256,29531
"(0.6162790697674418, 1.0)",3,99.38372093023256,29534
"(0.7441860465116279, 1.0)",1,99.38372093023256,29535
"(0.5930232558139535, 1.0)",1,99.38372093023256,29536
"(0.9418604651162792, 1.0)",1,99.38372093023256,29537
"(0.872093023255814, 1.0)",2,99.38372093023256,29539
"(0.7906976744186046, 1.0)",1,99.38372093023256,29540
"(0.8837209302325582, 1.0)",1,99.38372093023256,29541
"(0.9708333333333332, 0.9958333333333332)",1,99.3833333333334,29542
"(0.9916666666666668, 0.9958333333333332)",1,99.3833333333334,29543
"(0.9625, 0.9958333333333332)",1,99.3833333333334,29544
"(0.9541666666666668, 0.9958333333333332)",1,99.38333333333338,29545
"(0.9875, 0.9958333333333332)",1,99.38333333333338,29546
"(0.9833333333333332, 0.9958333333333332)",1,99.38333333333338,29547
"(0.9791666666666666, 0.9958333333333332)",1,99.38333333333338,29548
"(0.9708333333333332, 0.9958333333333332)",1,99.38333333333338,29549
"(0.8333333333333334, 1.0)",2,99.38333333333335,29551
"(0.95, 0.9833333333333332)",3,99.38333333333335,29554
"(0.9333333333333332, 0.9958333333333332)",1,99.38333333333335,29555
"(0.8666666666666667, 0.9958333333333332)",1,99.38333333333335,29556
"(0.9916666666666668, 0.9958333333333332)",3,99.38333333333335,29559
"(0.9, 1.0)",1,99.38333333333335,29560
"(0.95, 0.9958333333333332)",1,99.38333333333335,29561
"(0.9791666666666666, 0.9958333333333332)",2,99.38333333333335,29563
"(0.9166666666666666, 1.0)",4,99.38333333333335,29567
"(0.9125, 0.9958333333333332)",1,99.38333333333335,29568
"(0.9708333333333332, 0.9958333333333332)",1,99.38333333333335,29569
"(0.9875, 0.9958333333333332)",4,99.38333333333335,29573
"(0.9625, 0.9958333333333332)",1,99.38333333333335,29574
"(0.9666666666666668, 0.9958333333333332)",1,99.38333333333335,29575
"(0.9833333333333332, 0.9958333333333332)",2,99.38333333333335,29577
"(0.975, 0.9958333333333332)",1,99.38333333333335,29578
"(0.9208333333333332, 0.9958333333333332)",2,99.38333333333335,29580
"(0.9333333333333332, 1.0)",1,99.38333333333335,29581
"(0.8666666666666667, 1.0)",1,99.38333333333334,29582
"(0.8333333333333334, 1.0)",2,99.38333333333334,29584
"(0.9166666666666666, 1.0)",4,99.38333333333334,29588
"(0.95, 1.0)",2,99.38333333333334,29590
"(0.9666666666666668, 1.0)",7,99.38333333333334,29597
"(1.0, 1.0)",2,99.38333333333334,29599
"(0.9333333333333332, 1.0)",4,99.38333333333334,29603
"(0.8833333333333333, 1.0)",1,99.38333333333334,29604
"(0.8, 1.0)",3,99.38333333333334,29607
"(0.7333333333333333, 1.0)",1,99.38333333333334,29608
"(0.9833333333333332, 1.0)",2,99.38333333333334,29610
"(0.9, 1.0)",3,99.38333333333334,29613
"(0.75, 1.0)",2,99.38333333333334,29615
"(0.9333333333333332, 1.0)",10,99.38333333333333,29625
"(0.9, 1.0)",20,99.38333333333333,29645
"(0.6666666666666666, 1.0)",2,99.38333333333333,29647
"(1.0, 1.0)",14,99.38333333333333,29661
"(0.8833333333333333, 1.0)",14,99.38333333333333,29675
"(0.85, 1.0)",6,99.38333333333333,29681
"(0.7833333333333333, 1.0)",8,99.38333333333333,29689
"(0.5833333333333334, 1.0)",1,99.38333333333333,29690
"(0.7666666666666667, 1.0)",14,99.38333333333333,29704
"(0.95, 1.0)",13,99.38333333333333,29717
"(0.8333333333333334, 1.0)",16,99.38333333333333,29733
"(0.9166666666666666, 1.0)",14,99.38333333333333,29747
"(0.8166666666666667, 1.0)",30,99.38333333333333,29777
"(0.7333333333333333, 1.0)",13,99.38333333333333,29790
"(0.9833333333333332, 1.0)",11,99.38333333333333,29801
"(0.9958333333333332, 0.9958333333333332)",1,99.38333333333333,29802
"(0.8, 1.0)",14,99.38333333333333,29816
"(0.75, 1.0)",7,99.38333333333333,29823
"(0.9666666666666668, 1.0)",16,99.38333333333333,29839
"(0.7, 1.0)",4,99.38333333333333,29843
"(0.7166666666666667, 1.0)",25,99.38333333333333,29868
"(0.6833333333333333, 1.0)",5,99.38333333333333,29873
"(0.8666666666666667, 1.0)",16,99.38333333333333,29889
"(0.9625, 1.0)",1,99.3833333333333,29890
"(0.9958333333333332, 0.9958333333333332)",1,99.37916666666676,29891
"(0.9583333333333334, 0.9958333333333332)",1,99.37916666666672,29892
"(0.9708333333333332, 0.9958333333333332)",3,99.37916666666672,29895
"(0.9875, 0.9958333333333332)",1,99.37916666666672,29896
"(0.9916666666666668, 0.9958333333333332)",1,99.37916666666672,29897
"(0.975, 0.9958333333333332)",1,99.37916666666672,29898
"(0.9958333333333332, 0.9958333333333332)",1,99.37916666666672,29899
"(0.9875, 0.9958333333333332)",5,99.3791666666667,29904
"(1.0, 0.9958333333333332)",1,99.3791666666667,29905
"(0.9583333333333334, 0.9958333333333332)",2,99.3791666666667,29907
"(0.9791666666666666, 0.9958333333333332)",5,99.3791666666667,29912
"(0.95, 0.9958333333333332)",1,99.3791666666667,29913
"(0.9958333333333332, 0.9958333333333332)",1,99.3791666666667,29914
"(0.9833333333333332, 0.9958333333333332)",5,99.3791666666667,29919
"(0.9708333333333332, 0.9958333333333332)",2,99.3791666666667,29921
"(0.9375, 0.9958333333333332)",3,99.3791666666667,29924
"(0.9625, 0.9958333333333332)",4,99.3791666666667,29928
"(0.9125, 0.9958333333333332)",1,99.3791666666667,29929
"(0.975, 0.9958333333333332)",1,99.37916666666668,29930
"(0.975, 0.9958333333333332)",1,99.3750000000001,29931
"(0.9833333333333332, 0.9958333333333332)",2,99.37500000000006,29933
"(0.975, 0.9958333333333332)",2,99.37500000000006,29935
"(0.9916666666666668, 0.9958333333333332)",2,99.37500000000004,29937
"(0.9583333333333334, 0.9958333333333332)",1,99.37500000000004,29938
"(0.9833333333333332, 0.9958333333333332)",3,99.37500000000004,29941
"(0.9625, 0.9958333333333332)",1,99.37500000000004,29942
"(1.0, 0.9958333333333332)",2,99.37500000000004,29944
"(0.9833333333333332, 0.9958333333333332)",3,99.37500000000004,29947
"(0.9166666666666666, 0.9958333333333332)",1,99.37500000000004,29948
"(0.9875, 0.9958333333333332)",3,99.37500000000004,29951
"(0.9583333333333334, 0.9958333333333332)",1,99.37500000000004,29952
"(0.9625, 0.9958333333333332)",1,99.37500000000004,29953
"(0.975, 0.9958333333333332)",1,99.37500000000004,29954
"(0.975, 0.9958333333333332)",2,99.37500000000004,29956
"(0.9708333333333332, 0.9958333333333332)",1,99.37500000000004,29957
"(0.9791666666666666, 0.9958333333333332)",2,99.37500000000004,29959
"(0.9375, 0.9958333333333332)",1,99.37500000000004,29960
"(0.9875, 0.9958333333333332)",2,99.37500000000004,29962
"(0.9916666666666668, 0.9958333333333332)",3,99.37500000000004,29965
"(0.8541666666666666, 0.9958333333333332)",1,99.37500000000004,29966
"(0.9458333333333332, 0.9958333333333332)",1,99.37500000000004,29967
"(0.95, 0.9958333333333332)",1,99.37500000000004,29968
"(0.9791666666666666, 0.9958333333333332)",1,99.37500000000004,29969
"(0.6805555555555556, 1.0)",1,99.375,29970
"(0.8055555555555556, 1.0)",3,99.375,29973
"(0.7916666666666666, 1.0)",2,99.375,29975
"(0.7777777777777778, 1.0)",9,99.375,29984
"(0.8888888888888888, 1.0)",4,99.375,29988
"(0.875, 1.0)",7,99.375,29995
"(0.8611111111111112, 1.0)",5,99.375,30000
"(0.625, 1.0)",2,99.375,30002
"(0.8472222222222222, 1.0)",2,99.375,30004
"(0.75, 1.0)",4,99.375,30008
"(0.7638888888888888, 1.0)",5,99.375,30013
"(0.8333333333333334, 1.0)",14,99.375,30027
"(0.9305555555555556, 1.0)",8,99.375,30035
"(0.6111111111111112, 1.0)",1,99.375,30036
"(0.9166666666666666, 1.0)",5,99.375,30041
"(0.9444444444444444, 1.0)",10,99.375,30051
"(0.8194444444444444, 1.0)",4,99.375,30055
"(0.9027777777777778, 1.0)",3,99.375,30058
"(0.6944444444444444, 1.0)",2,99.375,30060
"(0.7083333333333334, 1.0)",10,99.375,30070
"(0.9583333333333334, 1.0)",3,99.375,30073
"(0.7441860465116279, 1.0)",1,99.3720930232558,30074
"(0.7674418604651163, 1.0)",2,99.3720930232558,30076
"(0.872093023255814, 1.0)",5,99.3720930232558,30081
"(0.5930232558139535, 1.0)",2,99.3720930232558,30083
"(0.7906976744186046, 1.0)",3,99.3720930232558,30086
"(0.8255813953488372, 1.0)",1,99.3720930232558,30087
"(0.8837209302325582, 1.0)",2,99.3720930232558,30089
"(0.9186046511627908, 1.0)",1,99.3720930232558,30090
"(0.6162790697674418, 1.0)",1,99.3720930232558,30091
"(0.9875, 0.9958333333333332)",1,99.3708333333334,30092
"(0.9583333333333334, 0.9958333333333332)",2,99.37083333333338,30094
"(0.9875, 0.9958333333333332)",1,99.37083333333338,30095
"(0.9375, 0.9958333333333332)",1,99.37083333333338,30096
"(0.975, 0.9958333333333332)",2,99.37083333333338,30098
"(0.9625, 0.9958333333333332)",1,99.37083333333338,30099
"(0.9916666666666668, 0.9958333333333332)",2,99.37083333333337,30101
"(0.9875, 0.9958333333333332)",3,99.37083333333337,30104
"(0.8666666666666667, 0.9958333333333332)",1,99.37083333333337,30105
"(0.9625, 0.9958333333333332)",3,99.37083333333337,30108
"(0.9791666666666666, 0.9958333333333332)",8,99.37083333333337,30116
"(0.9541666666666668, 0.9958333333333332)",2,99.37083333333337,30118
"(0.9833333333333332, 0.9958333333333332)",3,99.37083333333337,30121
"(0.9208333333333332, 0.9958333333333332)",1,99.37083333333337,30122
"(0.9375, 0.9958333333333332)",2,99.37083333333337,30124
"(0.9708333333333332, 0.9958333333333332)",1,99.37083333333337,30125
"(1.0, 1.0)",1,99.37083333333337,30126
"(0.975, 0.9958333333333332)",7,99.37083333333337,30133
"(0.9833333333333332, 0.9958333333333332)",1,99.36666666666672,30134
"(0.975, 0.9958333333333332)",1,99.36666666666672,30135
"(0.9833333333333332, 0.9958333333333332)",1,99.36666666666672,30136
"(0.9916666666666668, 0.9958333333333332)",1,99.36666666666672,30137
"(0.9916666666666668, 0.9958333333333332)",2,99.36666666666672,30139
"(0.9583333333333334, 0.9958333333333332)",1,99.36666666666672,30140
"(0.9875, 0.9958333333333332)",2,99.36666666666672,30142
"(0.9125, 0.9958333333333332)",1,99.3666666666667,30143
"(0.9, 0.9958333333333332)",1,99.3666666666667,30144
"(0.9708333333333332, 0.9958333333333332)",1,99.3666666666667,30145
"(0.9625, 0.9958333333333332)",3,99.3666666666667,30148
"(0.9916666666666668, 0.9958333333333332)",1,99.3666666666667,30149
"(0.8416666666666667, 0.9958333333333332)",1,99.3666666666667,30150
"(0.975, 0.9958333333333332)",8,99.3666666666667,30158
"(0.9583333333333334, 0.9958333333333332)",1,99.3666666666667,30159
"(0.8916666666666667, 0.9958333333333332)",2,99.3666666666667,30161
"(1.0, 0.9958333333333332)",2,99.3666666666667,30163
"(0.9666666666666668, 0.9958333333333332)",1,99.3666666666667,30164
"(1.0, 1.0)",1,99.3666666666667,30165
"(0.9791666666666666, 0.9958333333333332)",2,99.3666666666667,30167
"(0.9875, 0.9958333333333332)",3,99.3666666666667,30170
"(0.9208333333333332, 0.9958333333333332)",2,99.3666666666667,30172
"(0.9958333333333332, 0.9958333333333332)",1,99.3666666666667,30173
"(0.85, 0.9958333333333332)",1,99.3666666666667,30174
"(0.9833333333333332, 0.9958333333333332)",5,99.3666666666667,30179
"(0.7, 1.0)",2,99.36666666666667,30181
"(0.6833333333333333, 1.0)",4,99.36666666666667,30185
"(0.8833333333333333, 1.0)",20,99.36666666666667,30205
"(0.9, 1.0)",16,99.36666666666667,30221
"(0.6666666666666666, 1.0)",2,99.36666666666667,30223
"(0.9333333333333332, 1.0)",5,99.36666666666667,30228
"(0.9166666666666666, 0.9833333333333332)",1,99.36666666666667,30229
"(0.9166666666666666, 1.0)",11,99.36666666666667,30240
"(0.7666666666666667, 1.0)",5,99.36666666666667,30245
"(0.9833333333333332, 1.0)",15,99.36666666666667,30260
"(0.8333333333333334, 1.0)",1,99.36666666666667,30261
"(1.0, 1.0)",10,99.36666666666667,30271
"(0.7166666666666667, 1.0)",17,99.36666666666667,30288
"(0.9166666666666666, 1.0)",3,99.36666666666667,30291
"(0.8666666666666667, 1.0)",10,99.36666666666667,30301
"(0.75, 1.0)",11,99.36666666666667,30312
"(0.7833333333333333, 1.0)",4,99.36666666666667,30316
"(0.85, 1.0)",12,99.36666666666667,30328
"(0.7333333333333333, 1.0)",6,99.36666666666667,30334
"(0.85, 1.0)",1,99.36666666666667,30335
"(0.975, 1.0)",1,99.36666666666667,30336
"(0.7333333333333333, 0.9833333333333332)",2,99.36666666666667,30338
"(0.8333333333333334, 1.0)",21,99.36666666666667,30359
"(0.8166666666666667, 1.0)",5,99.36666666666667,30364
"(0.9333333333333332, 1.0)",10,99.36666666666667,30374
"(0.9666666666666668, 0.9833333333333332)",1,99.36666666666667,30375
"(0.95, 0.9833333333333332)",1,99.36666666666667,30376
"(0.7666666666666667, 0.9833333333333332)",1,99.36666666666667,30377
"(0.9666666666666668, 1.0)",9,99.36666666666667,30386
"(0.8, 1.0)",13,99.36666666666667,30399
"(0.95, 1.0)",6,99.36666666666667,30405
"(0.8666666666666667, 1.0)",1,99.36666666666666,30406
"(0.7833333333333333, 1.0)",1,99.36666666666666,30407
"(0.9666666666666668, 1.0)",1,99.36666666666666,30408
"(0.9833333333333332, 1.0)",1,99.36666666666666,30409
"(0.9958333333333332, 0.9958333333333332)",2,99.36666666666666,30411
"(0.7333333333333333, 1.0)",2,99.36666666666666,30413
"(0.7166666666666667, 1.0)",1,99.36666666666666,30414
"(1.0, 1.0)",2,99.36666666666666,30416
"(0.9, 1.0)",1,99.36666666666666,30417
"(0.8333333333333334, 1.0)",4,99.36666666666666,30421
"(0.95, 1.0)",1,99.36666666666666,30422
"(0.9333333333333332, 1.0)",1,99.36666666666666,30423
"(0.75, 1.0)",1,99.36666666666666,30424
"(0.8833333333333333, 1.0)",1,99.36666666666666,30425
"(0.6666666666666666, 1.0)",2,99.36666666666666,30427
"(0.85, 1.0)",4,99.36666666666666,30431
"(0.9166666666666666, 1.0)",2,99.36666666666666,30433
"(0.95, 0.9958333333333332)",1,99.36250000000004,30434
"(0.9791666666666666, 0.9958333333333332)",3,99.36250000000004,30437
"(0.9833333333333332, 0.9958333333333332)",7,99.36250000000004,30444
"(0.9458333333333332, 0.9958333333333332)",4,99.36250000000004,30448
"(0.9625, 0.9958333333333332)",2,99.36250000000004,30450
"(0.9875, 0.9958333333333332)",1,99.36250000000004,30451
"(0.9333333333333332, 0.9958333333333332)",2,99.36250000000004,30453
"(0.9916666666666668, 0.9958333333333332)",2,99.36250000000004,30455
"(0.9916666666666668, 0.9958333333333332)",1,99.36250000000004,30456
"(0.975, 0.9958333333333332)",4,99.36250000000004,30460
"(0.9666666666666668, 0.9958333333333332)",1,99.36250000000004,30461
"(0.9541666666666668, 0.9958333333333332)",1,99.36250000000004,30462
"(0.9708333333333332, 0.9958333333333332)",2,99.36250000000004,30464
"(1.0, 0.9958333333333332)",1,99.36250000000004,30465
"(0.9875, 0.9958333333333332)",1,99.36250000000004,30466
"(1.0, 0.9958333333333332)",2,99.3625,30468
"(0.9708333333333332, 0.9958333333333332)",1,99.3625,30469
"(0.9833333333333332, 1.0)",1,99.36249999999998,30470
"(0.9708333333333332, 1.0)",1,99.36249999999998,30471
"(0.9166666666666666, 1.0)",6,99.36111111111111,30477
"(0.9444444444444444, 1.0)",8,99.36111111111111,30485
"(0.875, 1.0)",6,99.36111111111111,30491
"(0.7777777777777778, 1.0)",4,99.36111111111111,30495
"(0.6944444444444444, 1.0)",1,99.36111111111111,30496
"(0.9027777777777778, 1.0)",9,99.36111111111111,30505
"(0.9722222222222222, 1.0)",2,99.36111111111111,30507
"(0.8194444444444444, 1.0)",1,99.36111111111111,30508
"(0.8611111111111112, 1.0)",7,99.36111111111111,30515
"(0.5972222222222222, 1.0)",1,99.36111111111111,30516
"(0.9305555555555556, 1.0)",5,99.36111111111111,30521
"(0.6111111111111112, 1.0)",1,99.36111111111111,30522
"(0.7916666666666666, 1.0)",3,99.36111111111111,30525
"(0.8333333333333334, 1.0)",13,99.36111111111111,30538
"(0.7361111111111112, 1.0)",5,99.36111111111111,30543
"(0.8472222222222222, 1.0)",5,99.36111111111111,30548
"(0.7083333333333334, 1.0)",4,99.36111111111111,30552
"(0.6805555555555556, 1.0)",1,99.36111111111111,30553
"(0.75, 1.0)",1,99.36111111111111,30554
"(0.8888888888888888, 1.0)",3,99.36111111111111,30557
"(0.9583333333333334, 1.0)",1,99.36111111111111,30558
"(0.625, 1.0)",2,99.36111111111111,30560
"(0.7638888888888888, 1.0)",4,99.36111111111111,30564
"(0.8055555555555556, 1.0)",3,99.36111111111111,30567
"(0.8888888888888888, 1.0)",2,99.3611111111111,30569
"(0.9444444444444444, 1.0)",1,99.3611111111111,30570
"(0.8611111111111112, 1.0)",1,99.3611111111111,30571
"(0.627906976744186, 1.0)",2,99.36046511627907,30573
"(0.5930232558139535, 1.0)",2,99.36046511627907,30575
"(0.6162790697674418, 1.0)",1,99.36046511627907,30576
"(0.7906976744186046, 1.0)",1,99.36046511627907,30577
"(0.8837209302325582, 1.0)",1,99.36046511627907,30578
"(0.8372093023255814, 1.0)",1,99.36046511627907,30579
"(0.7325581395348837, 1.0)",1,99.36046511627907,30580
"(0.9186046511627908, 1.0)",2,99.36046511627907,30582
"(0.6162790697674418, 1.0)",1,99.36046511627906,30583
"(0.9875, 0.9958333333333332)",1,99.35833333333342,30584
"(0.9833333333333332, 0.9958333333333332)",1,99.35833333333342,30585
"(0.9875, 0.9958333333333332)",1,99.3583333333334,30586
"(0.9666666666666668, 0.9958333333333332)",1,99.3583333333334,30587
"(0.9666666666666668, 0.9958333333333332)",1,99.3583333333334,30588
"(0.975, 0.9958333333333332)",1,99.3583333333334,30589
"(0.9875, 0.9958333333333332)",1,99.3583333333334,30590
"(0.975, 0.9958333333333332)",1,99.3583333333334,30591
"(0.9708333333333332, 0.9958333333333332)",1,99.3583333333334,30592
"(0.9916666666666668, 0.9958333333333332)",2,99.3583333333334,30594
"(1.0, 0.9958333333333332)",1,99.3583333333334,30595
"(0.9958333333333332, 0.9958333333333332)",2,99.35833333333338,30597
"(0.9916666666666668, 0.9958333333333332)",2,99.35833333333338,30599
"(0.9833333333333332, 0.9958333333333332)",3,99.35833333333338,30602
"(0.9, 0.9958333333333332)",1,99.35833333333338,30603
"(0.9791666666666666, 0.9958333333333332)",2,99.35833333333338,30605
"(1.0, 0.9958333333333332)",1,99.35833333333338,30606
"(0.9416666666666668, 0.9958333333333332)",1,99.35833333333338,30607
"(0.9666666666666668, 0.9958333333333332)",1,99.35833333333338,30608
"(0.8875, 0.9958333333333332)",1,99.35833333333338,30609
"(0.9625, 0.9958333333333332)",1,99.35833333333338,30610
"(0.9875, 0.9958333333333332)",3,99.35833333333338,30613
"(0.9041666666666668, 0.9958333333333332)",1,99.35833333333338,30614
"(0.9708333333333332, 0.9958333333333332)",1,99.35833333333338,30615
"(0.9916666666666668, 0.9958333333333332)",1,99.35833333333336,30616
"(0.975, 0.9958333333333332)",3,99.35833333333336,30619
"(0.9875, 0.9958333333333332)",1,99.35833333333336,30620
"(0.9458333333333332, 0.9958333333333332)",1,99.35833333333336,30621
"(0.9708333333333332, 0.9958333333333332)",2,99.35833333333336,30623
"(0.9833333333333332, 0.9958333333333332)",2,99.35833333333336,30625
"(0.9333333333333332, 0.9958333333333332)",1,99.35833333333336,30626
"(0.9666666666666668, 0.9958333333333332)",3,99.35833333333336,30629
"(0.9791666666666666, 0.9958333333333332)",4,99.35833333333336,30633
"(0.9541666666666668, 0.9958333333333332)",1,99.35833333333336,30634
"(1.0, 0.9958333333333332)",1,99.35833333333336,30635
"(0.9083333333333332, 0.9958333333333332)",1,99.35833333333336,30636
"(0.9958333333333332, 0.9958333333333332)",1,99.35416666666676,30637
"(0.9875, 0.9958333333333332)",1,99.35416666666674,30638
"(0.975, 0.9958333333333332)",1,99.35416666666671,30639
"(0.9791666666666666, 0.9958333333333332)",1,99.35416666666671,30640
"(0.9875, 0.9958333333333332)",2,99.35416666666671,30642
"(0.9833333333333332, 0.9958333333333332)",5,99.35416666666671,30647
"(0.9666666666666668, 0.9958333333333332)",2,99.35416666666671,30649
"(0.9958333333333332, 0.9958333333333332)",1,99.35416666666671,30650
"(0.975, 0.9958333333333332)",2,99.35416666666671,30652
"(0.9875, 0.9958333333333332)",1,99.35416666666671,30653
"(0.9833333333333332, 0.9958333333333332)",1,99.35416666666671,30654
"(0.925, 0.9958333333333332)",1,99.3541666666667,30655
"(0.95, 0.9958333333333332)",1,99.3541666666667,30656
"(0.9125, 0.9958333333333332)",1,99.3541666666667,30657
"(0.9208333333333332, 0.9958333333333332)",1,99.3541666666667,30658
"(0.9958333333333332, 0.9958333333333332)",1,99.3541666666667,30659
"(0.9791666666666666, 0.9958333333333332)",4,99.3541666666667,30663
"(0.9375, 0.9958333333333332)",3,99.3541666666667,30666
"(0.9916666666666668, 0.9958333333333332)",2,99.3541666666667,30668
"(0.975, 0.9958333333333332)",4,99.3541666666667,30672
"(0.9833333333333332, 0.9958333333333332)",4,99.3541666666667,30676
"(0.9875, 0.9958333333333332)",3,99.3541666666667,30679
"(0.9625, 0.9958333333333332)",1,99.3541666666667,30680
"(0.9833333333333332, 0.9958333333333332)",1,99.35416666666669,30681
"(0.9833333333333332, 0.9958333333333332)",1,99.35416666666669,30682
"(0.9833333333333332, 1.0)",1,99.35416666666669,30683
"(0.9791666666666666, 0.9958333333333332)",1,99.35416666666664,30684
"(0.9833333333333332, 0.9958333333333332)",1,99.35000000000008,30685
"(0.9833333333333332, 0.9958333333333332)",1,99.35000000000008,30686
"(0.9708333333333332, 0.9958333333333332)",1,99.35000000000004,30687
"(0.9875, 0.9958333333333332)",1,99.35000000000004,30688
"(0.9916666666666668, 0.9958333333333332)",1,99.35000000000004,30689
"(0.9666666666666668, 0.9958333333333332)",2,99.35000000000004,30691
"(0.975, 0.9958333333333332)",2,99.35000000000004,30693
"(0.9625, 0.9958333333333332)",2,99.35000000000004,30695
"(1.0, 0.9958333333333332)",1,99.35000000000004,30696
"(0.9708333333333332, 0.9958333333333332)",2,99.35000000000004,30698
"(0.9833333333333332, 0.9958333333333332)",2,99.35000000000004,30700
"(0.9833333333333332, 0.9958333333333332)",1,99.35000000000004,30701
"(0.9958333333333332, 0.9958333333333332)",1,99.35000000000004,30702
"(0.9625, 0.9958333333333332)",1,99.35000000000004,30703
"(0.9791666666666666, 0.9958333333333332)",5,99.35000000000004,30708
"(0.975, 0.9958333333333332)",4,99.35000000000004,30712
"(0.9791666666666666, 0.9958333333333332)",1,99.35000000000004,30713
"(0.9666666666666668, 0.9958333333333332)",1,99.35000000000004,30714
"(0.9875, 0.9958333333333332)",6,99.35000000000004,30720
"(0.9541666666666668, 0.9958333333333332)",1,99.35000000000004,30721
"(0.8958333333333334, 0.9958333333333332)",1,99.35000000000004,30722
"(0.9, 0.9833333333333332)",1,99.35000000000002,30723
"(0.9333333333333332, 1.0)",1,99.35000000000002,30724
"(0.9166666666666666, 1.0)",2,99.35000000000002,30726
"(1.0, 0.9833333333333332)",1,99.35000000000002,30727
"(0.9833333333333332, 1.0)",1,99.35000000000002,30728
"(0.8833333333333333, 1.0)",2,99.35000000000002,30730
"(0.9833333333333332, 0.9958333333333332)",2,99.35,30732
"(0.6666666666666666, 1.0)",3,99.35,30735
"(0.85, 1.0)",1,99.35,30736
"(0.7333333333333333, 1.0)",6,99.35,30742
"(0.9375, 1.0)",1,99.35,30743
"(0.75, 1.0)",5,99.35,30748
"(0.9833333333333332, 1.0)",13,99.35,30761
"(0.8166666666666667, 1.0)",1,99.35,30762
"(0.8, 1.0)",1,99.35,30763
"(0.8166666666666667, 1.0)",10,99.35,30773
"(0.6833333333333333, 1.0)",10,99.35,30783
"(0.9666666666666668, 1.0)",9,99.35,30792
"(0.7333333333333333, 0.9833333333333332)",1,99.35,30793
"(0.95, 1.0)",1,99.35,30794
"(0.7666666666666667, 1.0)",8,99.35,30802
"(0.95, 1.0)",7,99.35,30809
"(0.9166666666666666, 1.0)",11,99.35,30820
"(0.75, 0.9833333333333332)",1,99.35,30821
"(0.85, 1.0)",18,99.35,30839
"(1.0, 1.0)",16,99.35,30855
"(0.8666666666666667, 1.0)",15,99.35,30870
"(0.8833333333333333, 1.0)",17,99.35,30887
"(0.7833333333333333, 1.0)",5,99.35,30892
"(0.7, 1.0)",5,99.35,30897
"(0.8833333333333333, 1.0)",7,99.35,30904
"(0.7333333333333333, 1.0)",1,99.35,30905
"(0.7166666666666667, 1.0)",22,99.35,30927
"(0.8333333333333334, 1.0)",18,99.35,30945
"(0.9333333333333332, 1.0)",13,99.35,30958
"(0.9, 1.0)",16,99.35,30974
"(0.65, 1.0)",1,99.35,30975
"(0.9166666666666666, 1.0)",2,99.35,30977
"(0.8, 1.0)",8,99.35,30985
"(0.9418604651162792, 1.0)",1,99.34883720930232,30986
"(0.6162790697674418, 1.0)",1,99.34883720930232,30987
"(0.8488372093023255, 1.0)",2,99.34883720930232,30989
"(0.5930232558139535, 1.0)",3,99.34883720930232,30992
"(0.9186046511627908, 1.0)",1,99.34883720930232,30993
"(0.872093023255814, 1.0)",3,99.34883720930232,30996
"(0.7441860465116279, 1.0)",1,99.34883720930232,30997
"(0.627906976744186, 1.0)",1,99.34883720930232,30998
"(0.7674418604651163, 1.0)",1,99.34883720930232,30999
"(0.7906976744186046, 1.0)",1,99.34883720930232,31000
"(0.8372093023255814, 1.0)",2,99.34883720930232,31002
"(0.9722222222222222, 1.0)",3,99.34722222222224,31005
"(0.8333333333333334, 1.0)",7,99.34722222222224,31012
"(0.9027777777777778, 1.0)",2,99.34722222222224,31014
"(0.8611111111111112, 1.0)",8,99.34722222222224,31022
"(0.6805555555555556, 1.0)",1,99.34722222222224,31023
"(0.9305555555555556, 1.0)",5,99.34722222222224,31028
"(0.7777777777777778, 1.0)",5,99.34722222222224,31033
"(0.7638888888888888, 1.0)",4,99.34722222222224,31037
"(0.7361111111111112, 1.0)",1,99.34722222222224,31038
"(0.7916666666666666, 1.0)",1,99.34722222222224,31039
"(0.8055555555555556, 1.0)",4,99.34722222222224,31043
"(0.7083333333333334, 1.0)",5,99.34722222222224,31048
"(0.75, 1.0)",3,99.34722222222224,31051
"(0.5972222222222222, 1.0)",4,99.34722222222224,31055
"(0.9444444444444444, 1.0)",5,99.34722222222224,31060
"(0.6944444444444444, 1.0)",5,99.34722222222224,31065
"(0.8194444444444444, 1.0)",4,99.34722222222224,31069
"(0.625, 1.0)",1,99.34722222222224,31070
"(0.9583333333333334, 1.0)",4,99.34722222222224,31074
"(0.9166666666666666, 1.0)",4,99.34722222222224,31078
"(0.9305555555555556, 1.0)",2,99.3472222222222,31080
"(0.8888888888888888, 1.0)",1,99.3472222222222,31081
"(0.7638888888888888, 1.0)",5,99.3472222222222,31086
"(0.875, 1.0)",2,99.3472222222222,31088
"(0.8055555555555556, 1.0)",2,99.3472222222222,31090
"(0.8611111111111112, 1.0)",2,99.3472222222222,31092
"(0.9583333333333334, 1.0)",1,99.3472222222222,31093
"(0.9027777777777778, 1.0)",1,99.3472222222222,31094
"(0.9166666666666666, 1.0)",4,99.3472222222222,31098
"(0.9541666666666668, 0.9958333333333332)",1,99.3458333333334,31099
"(0.9458333333333332, 0.9958333333333332)",1,99.3458333333334,31100
"(0.9875, 0.9958333333333332)",2,99.3458333333334,31102
"(0.9833333333333332, 0.9958333333333332)",3,99.34583333333336,31105
"(0.975, 0.9958333333333332)",1,99.34583333333336,31106
"(0.9916666666666668, 0.9958333333333332)",5,99.34583333333336,31111
"(0.9291666666666668, 0.9958333333333332)",1,99.34583333333336,31112
"(0.875, 0.9958333333333332)",1,99.34583333333336,31113
"(0.9791666666666666, 0.9958333333333332)",1,99.34583333333336,31114
"(0.9583333333333334, 0.9958333333333332)",1,99.34583333333336,31115
"(0.9541666666666668, 0.9958333333333332)",2,99.34583333333336,31117
"(0.95, 0.9958333333333332)",2,99.34583333333336,31119
"(0.9375, 0.9958333333333332)",2,99.34583333333336,31121
"(0.8666666666666667, 0.9958333333333332)",1,99.34583333333336,31122
"(0.9583333333333334, 0.9958333333333332)",1,99.34583333333336,31123
"(0.9958333333333332, 0.9958333333333332)",1,99.34583333333336,31124
"(0.9875, 0.9958333333333332)",3,99.34583333333336,31127
"(0.9666666666666668, 0.9958333333333332)",2,99.34583333333336,31129
"(0.95, 0.9958333333333332)",2,99.34583333333336,31131
"(0.9791666666666666, 0.9958333333333332)",3,99.34583333333336,31134
"(0.9875, 0.9958333333333332)",3,99.34583333333336,31137
"(0.95, 0.9958333333333332)",1,99.34583333333332,31138
"(0.9833333333333332, 0.9958333333333332)",1,99.34166666666674,31139
"(0.9833333333333332, 0.9958333333333332)",2,99.34166666666673,31141
"(0.9916666666666668, 0.9958333333333332)",5,99.34166666666673,31146
"(0.9875, 0.9958333333333332)",3,99.34166666666673,31149
"(0.875, 0.9958333333333332)",1,99.34166666666673,31150
"(0.9791666666666666, 0.9958333333333332)",1,99.34166666666673,31151
"(0.9791666666666666, 0.9958333333333332)",1,99.34166666666673,31152
"(0.9375, 0.9958333333333332)",1,99.34166666666673,31153
"(0.95, 0.9958333333333332)",1,99.34166666666673,31154
"(0.975, 0.9958333333333332)",2,99.34166666666673,31156
"(0.9666666666666668, 0.9958333333333332)",1,99.34166666666673,31157
"(0.9875, 0.9958333333333332)",6,99.3416666666667,31163
"(0.9916666666666668, 0.9958333333333332)",2,99.3416666666667,31165
"(0.9791666666666666, 0.9958333333333332)",3,99.3416666666667,31168
"(0.9708333333333332, 0.9958333333333332)",2,99.3416666666667,31170
"(0.9458333333333332, 0.9958333333333332)",1,99.3416666666667,31171
"(0.9375, 0.9958333333333332)",2,99.3416666666667,31173
"(0.8541666666666666, 0.9958333333333332)",1,99.3416666666667,31174
"(0.95, 0.9958333333333332)",1,99.3416666666667,31175
"(0.9125, 0.9958333333333332)",2,99.3416666666667,31177
"(0.975, 0.9958333333333332)",2,99.3416666666667,31179
"(0.9833333333333332, 0.9958333333333332)",1,99.3416666666667,31180
"(0.9041666666666668, 0.9958333333333332)",1,99.3416666666667,31181
"(0.9541666666666668, 0.9958333333333332)",2,99.34166666666668,31183
"(0.9833333333333332, 0.9958333333333332)",1,99.34166666666668,31184
"(0.9833333333333332, 0.9958333333333332)",1,99.34166666666668,31185
"(0.9875, 0.9958333333333332)",1,99.33750000000008,31186
"(0.9833333333333332, 0.9958333333333332)",1,99.33750000000008,31187
"(0.9833333333333332, 0.9958333333333332)",1,99.33750000000006,31188
"(0.95, 0.9958333333333332)",1,99.33750000000003,31189
"(0.9875, 0.9958333333333332)",5,99.33750000000003,31194
"(0.8166666666666667, 0.9958333333333332)",1,99.33750000000003,31195
"(0.9083333333333332, 0.9958333333333332)",1,99.33750000000003,31196
"(0.9875, 0.9958333333333332)",3,99.33750000000003,31199
"(0.9541666666666668, 0.9958333333333332)",1,99.33750000000003,31200
"(0.9666666666666668, 0.9958333333333332)",3,99.33750000000003,31203
"(0.9833333333333332, 0.9958333333333332)",2,99.33750000000003,31205
"(1.0, 0.9958333333333332)",1,99.33750000000003,31206
"(0.9833333333333332, 0.9958333333333332)",3,99.33750000000003,31209
"(0.975, 0.9958333333333332)",2,99.33750000000003,31211
"(0.9041666666666668, 0.9958333333333332)",1,99.33750000000003,31212
"(0.925, 0.9958333333333332)",1,99.33750000000003,31213
"(0.9791666666666666, 0.9958333333333332)",3,99.33750000000003,31216
"(0.925, 0.9958333333333332)",1,99.33750000000003,31217
"(0.9791666666666666, 0.9958333333333332)",8,99.33750000000003,31225
"(0.9916666666666668, 0.9958333333333332)",2,99.33750000000003,31227
"(0.9708333333333332, 0.9958333333333332)",1,99.33750000000003,31228
"(0.9833333333333332, 0.9958333333333332)",1,99.33750000000002,31229
"(0.9833333333333332, 0.9958333333333332)",1,99.33749999999998,31230
"(0.627906976744186, 1.0)",1,99.3372093023256,31231
"(0.8837209302325582, 1.0)",1,99.3372093023256,31232
"(0.5930232558139535, 1.0)",2,99.3372093023256,31234
"(0.627906976744186, 1.0)",1,99.33720930232558,31235
"(0.7674418604651163, 1.0)",3,99.33720930232558,31238
"(0.7441860465116279, 1.0)",1,99.33720930232558,31239
"(0.872093023255814, 1.0)",3,99.33720930232558,31242
"(0.8255813953488372, 1.0)",1,99.33720930232558,31243
"(0.9916666666666668, 0.9958333333333332)",3,99.3333333333334,31246
"(0.9833333333333332, 0.9958333333333332)",1,99.3333333333334,31247
"(0.9875, 0.9958333333333332)",2,99.3333333333334,31249
"(0.9833333333333332, 0.9958333333333332)",2,99.3333333333334,31251
"(0.9375, 0.9958333333333332)",1,99.3333333333334,31252
"(0.9916666666666668, 0.9958333333333332)",1,99.3333333333334,31253
"(0.9625, 0.9958333333333332)",1,99.3333333333334,31254
"(0.9791666666666666, 0.9958333333333332)",1,99.3333333333334,31255
"(0.975, 0.9958333333333332)",1,99.3333333333334,31256
"(0.9875, 0.9958333333333332)",1,99.3333333333334,31257
"(0.9, 0.9958333333333332)",2,99.33333333333336,31259
"(0.925, 0.9958333333333332)",2,99.33333333333336,31261
"(0.9583333333333334, 0.9958333333333332)",3,99.33333333333336,31264
"(0.9833333333333332, 0.9958333333333332)",4,99.33333333333336,31268
"(0.9791666666666666, 0.9958333333333332)",7,99.33333333333336,31275
"(0.9125, 0.9958333333333332)",1,99.33333333333336,31276
"(0.9208333333333332, 0.9958333333333332)",2,99.33333333333336,31278
"(0.95, 0.9833333333333332)",1,99.33333333333336,31279
"(0.9166666666666666, 1.0)",1,99.33333333333336,31280
"(0.9916666666666668, 0.9958333333333332)",2,99.33333333333336,31282
"(0.9958333333333332, 0.9958333333333332)",2,99.33333333333336,31284
"(0.9875, 0.9958333333333332)",1,99.33333333333336,31285
"(0.975, 0.9958333333333332)",2,99.33333333333336,31287
"(1.0, 0.9833333333333332)",2,99.33333333333336,31289
"(1.0, 1.0)",1,99.33333333333336,31290
"(0.9083333333333332, 0.9958333333333332)",2,99.33333333333336,31292
"(0.9541666666666668, 0.9958333333333332)",1,99.33333333333336,31293
"(0.9333333333333332, 0.9833333333333332)",3,99.33333333333336,31296
"(0.95, 0.9958333333333332)",1,99.33333333333336,31297
"(0.8888888888888888, 1.0)",2,99.33333333333334,31299
"(0.8833333333333333, 1.0)",9,99.33333333333334,31308
"(0.95, 1.0)",4,99.33333333333334,31312
"(0.85, 1.0)",7,99.33333333333334,31319
"(0.75, 1.0)",5,99.33333333333334,31324
"(0.7166666666666667, 1.0)",4,99.33333333333334,31328
"(0.8472222222222222, 1.0)",3,99.33333333333334,31331
"(0.9305555555555556, 1.0)",2,99.33333333333334,31333
"(0.7, 1.0)",2,99.33333333333334,31335
"(0.8611111111111112, 1.0)",5,99.33333333333334,31340
"(0.9166666666666666, 1.0)",11,99.33333333333334,31351
"(0.6833333333333333, 1.0)",3,99.33333333333334,31354
"(0.875, 1.0)",2,99.33333333333334,31356
"(0.9583333333333334, 1.0)",1,99.33333333333334,31357
"(0.7638888888888888, 1.0)",1,99.33333333333334,31358
"(0.8166666666666667, 1.0)",7,99.33333333333334,31365
"(0.7666666666666667, 1.0)",7,99.33333333333334,31372
"(0.8333333333333334, 1.0)",12,99.33333333333334,31384
"(0.7777777777777778, 1.0)",4,99.33333333333334,31388
"(0.7333333333333333, 1.0)",1,99.33333333333334,31389
"(0.7083333333333334, 1.0)",1,99.33333333333334,31390
"(0.9833333333333332, 1.0)",8,99.33333333333334,31398
"(0.6666666666666666, 1.0)",1,99.33333333333334,31399
"(0.8666666666666667, 1.0)",11,99.33333333333334,31410
"(0.9444444444444444, 1.0)",2,99.33333333333334,31412
"(0.5972222222222222, 1.0)",1,99.33333333333334,31413
"(0.8, 1.0)",3,99.33333333333334,31416
"(0.8055555555555556, 1.0)",2,99.33333333333334,31418
"(1.0, 1.0)",4,99.33333333333334,31422
"(0.7833333333333333, 1.0)",1,99.33333333333334,31423
"(0.8833333333333333, 0.9833333333333332)",1,99.33333333333334,31424
"(0.7361111111111112, 1.0)",4,99.33333333333334,31428
"(0.9, 1.0)",2,99.33333333333334,31430
"(0.9027777777777778, 1.0)",2,99.33333333333334,31432
"(0.8194444444444444, 1.0)",1,99.33333333333334,31433
"(0.9333333333333332, 1.0)",12,99.33333333333334,31445
"(0.9, 0.9833333333333332)",1,99.33333333333334,31446
"(0.9666666666666668, 1.0)",3,99.33333333333334,31449
"(0.9722222222222222, 1.0)",1,99.33333333333331,31450
"(0.9027777777777778, 1.0)",4,99.33333333333331,31454
"(0.6166666666666667, 1.0)",1,99.33333333333331,31455
"(0.8055555555555556, 1.0)",3,99.33333333333331,31458
"(0.8, 1.0)",4,99.33333333333331,31462
"(0.9583333333333334, 1.0)",2,99.33333333333331,31464
"(0.9666666666666668, 1.0)",4,99.33333333333331,31468
"(0.8611111111111112, 1.0)",5,99.33333333333331,31473
"(0.9833333333333332, 1.0)",6,99.33333333333331,31479
"(0.9333333333333332, 1.0)",7,99.33333333333331,31486
"(0.9166666666666666, 1.0)",14,99.33333333333331,31500
"(0.6666666666666666, 1.0)",1,99.33333333333331,31501
"(0.7638888888888888, 1.0)",4,99.33333333333331,31505
"(0.8833333333333333, 1.0)",9,99.33333333333331,31514
"(0.7833333333333333, 1.0)",5,99.33333333333331,31519
"(0.8166666666666667, 1.0)",7,99.33333333333331,31526
"(0.7333333333333333, 1.0)",8,99.33333333333331,31534
"(0.7166666666666667, 1.0)",9,99.33333333333331,31543
"(0.6833333333333333, 1.0)",3,99.33333333333331,31546
"(0.8666666666666667, 1.0)",9,99.33333333333331,31555
"(0.8333333333333334, 1.0)",10,99.33333333333331,31565
"(0.95, 1.0)",5,99.33333333333331,31570
"(0.8194444444444444, 1.0)",2,99.33333333333331,31572
"(0.9, 1.0)",6,99.33333333333331,31578
"(1.0, 1.0)",19,99.33333333333331,31597
"(0.7083333333333334, 1.0)",14,99.33333333333331,31611
"(0.7916666666666666, 1.0)",2,99.33333333333331,31613
"(0.7361111111111112, 1.0)",1,99.33333333333331,31614
"(0.7666666666666667, 1.0)",1,99.33333333333331,31615
"(0.6944444444444444, 1.0)",1,99.33333333333331,31616
"(0.9444444444444444, 1.0)",8,99.33333333333331,31624
"(0.875, 1.0)",3,99.33333333333331,31627
"(0.9305555555555556, 1.0)",5,99.33333333333331,31632
"(0.85, 1.0)",13,99.33333333333331,31645
"(0.75, 1.0)",4,99.33333333333331,31649
"(0.7777777777777778, 1.0)",1,99.33333333333331,31650
"(0.6805555555555556, 1.0)",1,99.33333333333331,31651
"(0.9916666666666668, 0.9958333333333332)",2,99.3333333333333,31653
"(0.9833333333333332, 0.9958333333333332)",1,99.3333333333333,31654
"(0.9875, 0.9958333333333332)",1,99.32916666666678,31655
"(0.9833333333333332, 0.9958333333333332)",1,99.32916666666677,31656
"(0.9708333333333332, 0.9958333333333332)",1,99.32916666666674,31657
"(0.9791666666666666, 0.9958333333333332)",1,99.32916666666674,31658
"(0.9625, 0.9958333333333332)",2,99.32916666666672,31660
"(0.9166666666666666, 0.9958333333333332)",1,99.32916666666672,31661
"(0.975, 0.9958333333333332)",1,99.32916666666672,31662
"(0.9666666666666668, 0.9958333333333332)",1,99.32916666666672,31663
"(0.9875, 0.9958333333333332)",2,99.32916666666672,31665
"(0.9708333333333332, 0.9958333333333332)",1,99.32916666666672,31666
"(0.8541666666666666, 0.9958333333333332)",1,99.32916666666672,31667
"(0.95, 0.9958333333333332)",2,99.32916666666672,31669
"(0.9208333333333332, 0.9958333333333332)",1,99.32916666666672,31670
"(0.9291666666666668, 0.9958333333333332)",1,99.32916666666672,31671
"(0.9833333333333332, 0.9958333333333332)",2,99.32916666666672,31673
"(0.9791666666666666, 0.9958333333333332)",4,99.32916666666672,31677
"(0.9916666666666668, 0.9958333333333332)",3,99.32916666666672,31680
"(0.9875, 0.9958333333333332)",1,99.32916666666672,31681
"(0.9625, 0.9958333333333332)",1,99.3291666666667,31682
"(0.8666666666666667, 0.9958333333333332)",1,99.3291666666667,31683
"(0.9791666666666666, 0.9958333333333332)",3,99.3291666666667,31686
"(0.95, 0.9958333333333332)",1,99.3291666666667,31687
"(0.9833333333333332, 0.9958333333333332)",2,99.3291666666667,31689
"(0.975, 0.9958333333333332)",1,99.3291666666667,31690
"(0.9791666666666666, 1.0)",1,99.32916666666668,31691
"(0.9916666666666668, 0.9958333333333332)",1,99.32916666666664,31692
"(0.5930232558139535, 1.0)",4,99.32558139534883,31696
"(0.4883720930232558, 1.0)",2,99.32558139534883,31698
"(0.7441860465116279, 1.0)",1,99.32558139534883,31699
"(0.8488372093023255, 1.0)",2,99.32558139534883,31701
"(0.9186046511627908, 1.0)",2,99.32558139534883,31703
"(0.627906976744186, 1.0)",2,99.32558139534883,31705
"(0.6162790697674418, 1.0)",2,99.32558139534883,31707
"(0.8837209302325582, 1.0)",1,99.32558139534883,31708
"(0.872093023255814, 1.0)",4,99.32558139534883,31712
"(0.7906976744186046, 1.0)",2,99.32558139534883,31714
"(0.8488372093023255, 1.0)",1,99.32558139534882,31715
"(0.95, 0.9958333333333332)",1,99.32500000000007,31716
"(0.9791666666666666, 0.9958333333333332)",1,99.32500000000007,31717
"(0.9833333333333332, 0.9958333333333332)",1,99.32500000000007,31718
"(0.975, 0.9958333333333332)",2,99.32500000000006,31720
"(0.9875, 0.9958333333333332)",1,99.32500000000006,31721
"(0.9583333333333334, 0.9958333333333332)",2,99.32500000000006,31723
"(0.9833333333333332, 0.9958333333333332)",1,99.32500000000006,31724
"(0.9791666666666666, 0.9958333333333332)",3,99.32500000000005,31727
"(0.9916666666666668, 0.9958333333333332)",1,99.32500000000005,31728
"(0.9791666666666666, 0.9958333333333332)",3,99.32500000000005,31731
"(0.9625, 0.9958333333333332)",3,99.32500000000005,31734
"(0.9833333333333332, 0.9958333333333332)",2,99.32500000000005,31736
"(0.8625, 0.9958333333333332)",3,99.32500000000005,31739
"(0.9875, 0.9958333333333332)",3,99.32500000000005,31742
"(0.9833333333333332, 0.9958333333333332)",2,99.32500000000005,31744
"(0.9, 0.9958333333333332)",1,99.32500000000005,31745
"(0.9583333333333334, 0.9958333333333332)",3,99.32500000000005,31748
"(0.9166666666666666, 0.9958333333333332)",1,99.32500000000005,31749
"(0.9625, 0.9958333333333332)",3,99.32500000000005,31752
"(0.9875, 0.9958333333333332)",1,99.32500000000005,31753
"(0.95, 0.9958333333333332)",1,99.32500000000005,31754
"(0.9333333333333332, 0.9958333333333332)",1,99.32500000000005,31755
"(0.9916666666666668, 0.9958333333333332)",1,99.32500000000005,31756
"(0.9375, 0.9958333333333332)",1,99.32500000000005,31757
"(0.9541666666666668, 0.9958333333333332)",1,99.32500000000005,31758
"(0.9166666666666666, 0.9958333333333332)",1,99.32500000000005,31759
"(1.0, 1.0)",1,99.32500000000002,31760
"(0.9833333333333332, 0.9958333333333332)",1,99.325,31761
"(0.95, 0.9958333333333332)",1,99.325,31762
"(0.975, 1.0)",1,99.325,31763
"(0.9375, 0.9958333333333332)",1,99.325,31764
"(0.9958333333333332, 1.0)",1,99.325,31765
"(0.9833333333333332, 0.9958333333333332)",1,99.32499999999992,31766
"(0.9625, 0.9958333333333332)",1,99.3208333333334,31767
"(0.9833333333333332, 0.9958333333333332)",1,99.3208333333334,31768
"(0.9791666666666666, 0.9958333333333332)",3,99.3208333333334,31771
"(0.975, 0.9958333333333332)",1,99.3208333333334,31772
"(0.9875, 0.9958333333333332)",1,99.3208333333334,31773
"(0.9875, 0.9958333333333332)",1,99.32083333333338,31774
"(0.975, 0.9958333333333332)",1,99.32083333333338,31775
"(0.9791666666666666, 0.9958333333333332)",2,99.32083333333338,31777
"(0.9833333333333332, 0.9958333333333332)",1,99.32083333333338,31778
"(0.9625, 0.9958333333333332)",2,99.32083333333338,31780
"(0.9916666666666668, 0.9958333333333332)",1,99.32083333333338,31781
"(0.9666666666666668, 0.9958333333333332)",2,99.32083333333338,31783
"(0.9708333333333332, 0.9958333333333332)",2,99.32083333333335,31785
"(0.975, 0.9958333333333332)",3,99.32083333333335,31788
"(0.8666666666666667, 0.9958333333333332)",1,99.32083333333335,31789
"(0.9208333333333332, 0.9958333333333332)",1,99.32083333333335,31790
"(0.9541666666666668, 0.9958333333333332)",1,99.32083333333335,31791
"(0.9833333333333332, 0.9958333333333332)",1,99.32083333333335,31792
"(0.9791666666666666, 0.9958333333333332)",3,99.32083333333335,31795
"(0.9875, 0.9958333333333332)",1,99.32083333333335,31796
"(0.9916666666666668, 0.9958333333333332)",1,99.32083333333335,31797
"(0.9333333333333332, 0.9958333333333332)",1,99.32083333333335,31798
"(0.925, 0.9958333333333332)",1,99.32083333333335,31799
"(0.95, 0.9958333333333332)",3,99.32083333333335,31802
"(0.8791666666666667, 0.9958333333333332)",1,99.32083333333335,31803
"(0.9791666666666666, 0.9958333333333332)",2,99.32083333333334,31805
"(0.975, 1.0)",1,99.32083333333334,31806
"(0.9833333333333332, 0.9958333333333332)",1,99.32083333333328,31807
"(0.8333333333333334, 0.9861111111111112)",1,99.31944444444444,31808
"(0.8333333333333334, 1.0)",10,99.31944444444444,31818
"(0.875, 1.0)",3,99.31944444444444,31821
"(0.6111111111111112, 1.0)",3,99.31944444444444,31824
"(0.7777777777777778, 1.0)",5,99.31944444444444,31829
"(0.8888888888888888, 1.0)",6,99.31944444444444,31835
"(0.8611111111111112, 1.0)",3,99.31944444444444,31838
"(0.7638888888888888, 1.0)",2,99.31944444444444,31840
"(0.9722222222222222, 1.0)",2,99.31944444444444,31842
"(0.8055555555555556, 1.0)",4,99.31944444444444,31846
"(0.9444444444444444, 1.0)",3,99.31944444444444,31849
"(0.7083333333333334, 1.0)",7,99.31944444444444,31856
"(0.9027777777777778, 1.0)",10,99.31944444444444,31866
"(0.9583333333333334, 1.0)",4,99.31944444444444,31870
"(0.8194444444444444, 1.0)",13,99.31944444444444,31883
"(0.9305555555555556, 1.0)",4,99.31944444444444,31887
"(0.6944444444444444, 1.0)",1,99.31944444444444,31888
"(0.7916666666666666, 1.0)",2,99.31944444444444,31890
"(0.7361111111111112, 1.0)",1,99.31944444444444,31891
"(0.75, 1.0)",2,99.31944444444444,31893
"(0.9875, 0.9958333333333332)",1,99.31666666666676,31894
"(0.9791666666666666, 0.9958333333333332)",1,99.31666666666676,31895
"(0.9958333333333332, 0.9958333333333332)",1,99.31666666666672,31896
"(0.9625, 0.9958333333333332)",1,99.31666666666672,31897
"(0.9791666666666666, 0.9958333333333332)",1,99.31666666666672,31898
"(0.975, 0.9958333333333332)",1,99.31666666666672,31899
"(0.9833333333333332, 0.9958333333333332)",1,99.31666666666672,31900
"(0.9791666666666666, 0.9958333333333332)",1,99.31666666666672,31901
"(0.9791666666666666, 0.9958333333333332)",2,99.3166666666667,31903
"(0.9666666666666668, 0.9958333333333332)",2,99.3166666666667,31905
"(0.9208333333333332, 0.9958333333333332)",2,99.3166666666667,31907
"(0.9916666666666668, 0.9958333333333332)",2,99.3166666666667,31909
"(0.8958333333333334, 0.9958333333333332)",1,99.3166666666667,31910
"(0.9291666666666668, 0.9958333333333332)",2,99.3166666666667,31912
"(0.9166666666666666, 0.9958333333333332)",1,99.3166666666667,31913
"(0.85, 0.9958333333333332)",1,99.3166666666667,31914
"(1.0, 0.9958333333333332)",2,99.3166666666667,31916
"(0.8541666666666666, 0.9958333333333332)",1,99.3166666666667,31917
"(0.8625, 0.9958333333333332)",1,99.3166666666667,31918
"(0.95, 0.9958333333333332)",2,99.3166666666667,31920
"(0.9875, 0.9958333333333332)",3,99.3166666666667,31923
"(0.9833333333333332, 0.9958333333333332)",3,99.3166666666667,31926
"(0.975, 0.9958333333333332)",1,99.3166666666667,31927
"(0.8916666666666667, 0.9958333333333332)",1,99.3166666666667,31928
"(1.0, 0.9833333333333332)",1,99.31666666666668,31929
"(1.0, 0.9833333333333332)",6,99.31666666666668,31935
"(0.95, 1.0)",1,99.31666666666668,31936
"(0.8833333333333333, 1.0)",2,99.31666666666668,31938
"(0.9875, 0.9958333333333332)",1,99.31666666666668,31939
"(0.9166666666666666, 0.9833333333333332)",1,99.31666666666668,31940
"(0.6666666666666666, 1.0)",2,99.31666666666668,31942
"(0.9666666666666668, 0.9833333333333332)",1,99.31666666666668,31943
"(0.8833333333333333, 1.0)",1,99.31666666666668,31944
"(0.8333333333333334, 1.0)",3,99.31666666666668,31947
"(1.0, 1.0)",1,99.31666666666668,31948
"(0.8666666666666667, 1.0)",1,99.31666666666668,31949
"(0.9333333333333332, 1.0)",8,99.31666666666668,31957
"(0.9166666666666666, 0.9833333333333332)",1,99.31666666666668,31958
"(0.9666666666666668, 1.0)",2,99.31666666666668,31960
"(0.8, 1.0)",1,99.31666666666668,31961
"(0.9791666666666666, 0.9958333333333332)",1,99.31666666666668,31962
"(0.9833333333333332, 1.0)",1,99.31666666666668,31963
"(0.7833333333333333, 1.0)",1,99.31666666666668,31964
"(0.85, 1.0)",3,99.31666666666668,31967
"(0.8333333333333334, 1.0)",11,99.31666666666666,31978
"(0.9, 1.0)",14,99.31666666666666,31992
"(0.95, 1.0)",2,99.31666666666666,31994
"(0.8166666666666667, 1.0)",10,99.31666666666666,32004
"(0.6, 1.0)",1,99.31666666666666,32005
"(0.8833333333333333, 1.0)",13,99.31666666666666,32018
"(0.9833333333333332, 1.0)",29,99.31666666666666,32047
"(0.6833333333333333, 1.0)",6,99.31666666666666,32053
"(0.85, 1.0)",10,99.31666666666666,32063
"(0.8, 1.0)",8,99.31666666666666,32071
"(1.0, 1.0)",26,99.31666666666666,32097
"(0.7666666666666667, 1.0)",4,99.31666666666666,32101
"(0.7166666666666667, 1.0)",21,99.31666666666666,32122
"(0.75, 1.0)",8,99.31666666666666,32130
"(0.9166666666666666, 1.0)",10,99.31666666666666,32140
"(0.9666666666666668, 1.0)",4,99.31666666666666,32144
"(0.7833333333333333, 1.0)",4,99.31666666666666,32148
"(0.7, 1.0)",6,99.31666666666666,32154
"(0.6666666666666666, 1.0)",2,99.31666666666666,32156
"(0.8666666666666667, 1.0)",16,99.31666666666666,32172
"(0.7333333333333333, 1.0)",5,99.31666666666666,32177
"(0.9333333333333332, 1.0)",13,99.31666666666666,32190
"(0.9875, 0.9958333333333332)",1,99.3166666666666,32191
"(0.627906976744186, 1.0)",1,99.31395348837208,32192
"(0.872093023255814, 1.0)",1,99.31395348837208,32193
"(0.7441860465116279, 1.0)",1,99.31395348837208,32194
"(0.9186046511627908, 1.0)",1,99.31395348837208,32195
"(0.6162790697674418, 1.0)",3,99.31395348837208,32198
"(0.9186046511627908, 1.0)",1,99.31395348837208,32199
"(0.5930232558139535, 1.0)",1,99.31395348837208,32200
"(0.7674418604651163, 1.0)",6,99.31395348837208,32206
"(0.8372093023255814, 1.0)",1,99.31395348837208,32207
"(0.975, 0.9958333333333332)",1,99.31250000000011,32208
"(0.9916666666666668, 0.9958333333333332)",1,99.31250000000009,32209
"(0.9875, 0.9958333333333332)",1,99.31250000000009,32210
"(0.9708333333333332, 0.9958333333333332)",1,99.31250000000009,32211
"(0.9458333333333332, 0.9958333333333332)",1,99.31250000000009,32212
"(0.9875, 0.9958333333333332)",1,99.31250000000006,32213
"(0.9833333333333332, 0.9958333333333332)",1,99.31250000000006,32214
"(0.9583333333333334, 0.9958333333333332)",1,99.31250000000006,32215
"(0.975, 0.9958333333333332)",1,99.31250000000006,32216
"(0.9708333333333332, 0.9958333333333332)",1,99.31250000000004,32217
"(0.9791666666666666, 0.9958333333333332)",3,99.31250000000004,32220
"(0.975, 0.9958333333333332)",2,99.31250000000004,32222
"(0.9875, 0.9958333333333332)",2,99.31250000000004,32224
"(0.9625, 0.9958333333333332)",1,99.31250000000004,32225
"(0.9291666666666668, 0.9958333333333332)",2,99.31250000000004,32227
"(0.8541666666666666, 0.9958333333333332)",1,99.31250000000004,32228
"(0.9875, 0.9958333333333332)",4,99.31250000000004,32232
"(0.9833333333333332, 0.9958333333333332)",1,99.31250000000004,32233
"(0.95, 0.9958333333333332)",3,99.31250000000004,32236
"(0.9375, 0.9958333333333332)",2,99.31250000000004,32238
"(0.9916666666666668, 0.9958333333333332)",1,99.31250000000004,32239
"(0.95, 0.9958333333333332)",1,99.31250000000004,32240
"(0.9208333333333332, 0.9958333333333332)",3,99.31250000000004,32243
"(0.9125, 0.9958333333333332)",1,99.31250000000004,32244
"(0.85, 0.9958333333333332)",2,99.31250000000004,32246
"(0.975, 0.9958333333333332)",1,99.31250000000004,32247
"(0.9833333333333332, 0.9958333333333332)",1,99.31250000000004,32248
"(1.0, 0.9958333333333332)",2,99.3125,32250
"(0.975, 1.0)",1,99.3125,32251
"(0.9833333333333332, 1.0)",1,99.3125,32252
"(0.9833333333333332, 0.9958333333333332)",3,99.3125,32255
"(0.9916666666666668, 0.9958333333333332)",1,99.31249999999996,32256
"(0.95, 0.9958333333333332)",1,99.30833333333344,32257
"(0.9458333333333332, 0.9958333333333332)",1,99.3083333333334,32258
"(0.9958333333333332, 0.9958333333333332)",1,99.3083333333334,32259
"(0.9666666666666668, 0.9958333333333332)",1,99.3083333333334,32260
"(0.9833333333333332, 0.9958333333333332)",2,99.3083333333334,32262
"(0.9583333333333334, 0.9958333333333332)",1,99.3083333333334,32263
"(0.9583333333333334, 0.9958333333333332)",1,99.30833333333338,32264
"(0.9458333333333332, 0.9958333333333332)",2,99.30833333333338,32266
"(0.9875, 0.9958333333333332)",1,99.30833333333338,32267
"(0.95, 0.9958333333333332)",2,99.30833333333338,32269
"(0.9833333333333332, 0.9958333333333332)",1,99.30833333333338,32270
"(0.9125, 0.9958333333333332)",1,99.30833333333338,32271
"(0.975, 0.9958333333333332)",2,99.30833333333338,32273
"(0.975, 0.9958333333333332)",3,99.30833333333337,32276
"(0.9916666666666668, 0.9958333333333332)",2,99.30833333333337,32278
"(0.9625, 0.9958333333333332)",2,99.30833333333337,32280
"(0.9458333333333332, 0.9958333333333332)",1,99.30833333333337,32281
"(0.9208333333333332, 0.9958333333333332)",1,99.30833333333337,32282
"(0.9708333333333332, 0.9958333333333332)",1,99.30833333333337,32283
"(0.9875, 0.9958333333333332)",4,99.30833333333337,32287
"(0.95, 0.9958333333333332)",1,99.30833333333337,32288
"(1.0, 0.9958333333333332)",2,99.30833333333337,32290
"(0.9666666666666668, 0.9958333333333332)",1,99.30833333333337,32291
"(0.9791666666666666, 0.9958333333333332)",3,99.30833333333337,32294
"(0.9083333333333332, 0.9958333333333332)",1,99.30833333333337,32295
"(0.9041666666666668, 0.9958333333333332)",1,99.30833333333337,32296
"(0.9833333333333332, 0.9958333333333332)",2,99.30833333333334,32298
"(0.9958333333333332, 1.0)",1,99.30833333333334,32299
"(0.975, 1.0)",1,99.30833333333334,32300
"(0.9875, 1.0)",1,99.30833333333332,32301
"(0.9833333333333332, 0.9958333333333332)",1,99.30833333333332,32302
"(0.6805555555555556, 1.0)",1,99.30555555555556,32303
"(0.9027777777777778, 1.0)",5,99.30555555555556,32308
"(0.9583333333333334, 1.0)",4,99.30555555555556,32312
"(0.8888888888888888, 1.0)",1,99.30555555555556,32313
"(0.6944444444444444, 1.0)",5,99.30555555555556,32318
"(0.7083333333333334, 1.0)",7,99.30555555555556,32325
"(0.8472222222222222, 1.0)",1,99.30555555555556,32326
"(0.8611111111111112, 1.0)",6,99.30555555555556,32332
"(0.9305555555555556, 1.0)",8,99.30555555555556,32340
"(0.75, 1.0)",8,99.30555555555556,32348
"(0.7777777777777778, 1.0)",6,99.30555555555556,32354
"(0.875, 1.0)",6,99.30555555555556,32360
"(0.7361111111111112, 1.0)",4,99.30555555555556,32364
"(0.8333333333333334, 1.0)",12,99.30555555555556,32376
"(0.5972222222222222, 1.0)",2,99.30555555555556,32378
"(0.8055555555555556, 1.0)",5,99.30555555555556,32383
"(0.625, 1.0)",2,99.30555555555556,32385
"(0.9444444444444444, 1.0)",5,99.30555555555556,32390
"(0.8194444444444444, 1.0)",3,99.30555555555556,32393
"(0.7916666666666666, 1.0)",1,99.30555555555556,32394
"(0.9166666666666666, 1.0)",4,99.30555555555556,32398
"(0.7638888888888888, 1.0)",5,99.30555555555556,32403
"(0.8333333333333334, 1.0)",1,99.30555555555554,32404
"(0.9166666666666666, 1.0)",4,99.30555555555554,32408
"(0.9875, 0.9958333333333332)",1,99.30416666666676,32409
"(0.9791666666666666, 0.9958333333333332)",1,99.30416666666676,32410
"(0.9875, 0.9958333333333332)",1,99.30416666666672,32411
"(0.9458333333333332, 0.9958333333333332)",1,99.30416666666672,32412
"(0.9583333333333334, 0.9958333333333332)",1,99.30416666666672,32413
"(0.9583333333333334, 0.9958333333333332)",1,99.30416666666672,32414
"(0.9916666666666668, 0.9958333333333332)",1,99.30416666666672,32415
"(0.9833333333333332, 0.9958333333333332)",1,99.30416666666672,32416
"(0.9833333333333332, 0.9958333333333332)",1,99.30416666666672,32417
"(0.9875, 0.9958333333333332)",2,99.30416666666672,32419
"(0.9375, 0.9958333333333332)",2,99.3041666666667,32421
"(0.8958333333333334, 0.9958333333333332)",1,99.3041666666667,32422
"(0.95, 0.9958333333333332)",3,99.3041666666667,32425
"(0.9291666666666668, 0.9958333333333332)",2,99.3041666666667,32427
"(0.9625, 0.9958333333333332)",1,99.3041666666667,32428
"(0.9125, 0.9958333333333332)",2,99.3041666666667,32430
"(0.9708333333333332, 0.9958333333333332)",1,99.3041666666667,32431
"(0.975, 0.9958333333333332)",3,99.3041666666667,32434
"(1.0, 0.9958333333333332)",1,99.3041666666667,32435
"(0.9958333333333332, 0.9958333333333332)",1,99.3041666666667,32436
"(0.9541666666666668, 0.9958333333333332)",2,99.3041666666667,32438
"(0.9833333333333332, 0.9958333333333332)",1,99.3041666666667,32439
"(0.9333333333333332, 0.9958333333333332)",3,99.3041666666667,32442
"(0.9875, 0.9958333333333332)",4,99.3041666666667,32446
"(0.9916666666666668, 0.9958333333333332)",2,99.3041666666667,32448
"(0.9791666666666666, 0.9958333333333332)",2,99.3041666666667,32450
"(0.9875, 0.9958333333333332)",2,99.30416666666667,32452
"(1.0, 1.0)",1,99.30416666666667,32453
"(0.9833333333333332, 1.0)",1,99.30416666666665,32454
"(0.4651162790697674, 1.0)",1,99.30232558139537,32455
"(0.7093023255813954, 1.0)",1,99.30232558139537,32456
"(0.8255813953488372, 1.0)",2,99.30232558139537,32458
"(0.7441860465116279, 1.0)",1,99.30232558139537,32459
"(0.7674418604651163, 1.0)",3,99.30232558139537,32462
"(0.4883720930232558, 1.0)",1,99.30232558139537,32463
"(0.6627906976744186, 1.0)",1,99.30232558139537,32464
"(0.8488372093023255, 1.0)",2,99.30232558139537,32466
"(0.6162790697674418, 1.0)",1,99.30232558139537,32467
"(0.8255813953488372, 1.0)",4,99.30232558139534,32471
"(0.7906976744186046, 1.0)",1,99.30232558139534,32472
"(0.8837209302325582, 1.0)",1,99.30232558139534,32473
"(0.5930232558139535, 1.0)",1,99.30232558139534,32474
"(0.9791666666666666, 0.9958333333333332)",1,99.3000000000001,32475
"(0.9625, 0.9958333333333332)",1,99.3000000000001,32476
"(0.9791666666666666, 0.9958333333333332)",2,99.30000000000008,32478
"(0.9875, 0.9958333333333332)",1,99.30000000000008,32479
"(0.9416666666666668, 0.9958333333333332)",1,99.30000000000008,32480
"(0.9875, 0.9958333333333332)",1,99.30000000000008,32481
"(0.9916666666666668, 0.9958333333333332)",1,99.30000000000008,32482
"(0.975, 0.9958333333333332)",1,99.30000000000008,32483
"(0.95, 0.9833333333333332)",1,99.30000000000004,32484
"(0.9708333333333332, 0.9958333333333332)",1,99.30000000000004,32485
"(0.9666666666666668, 0.9958333333333332)",2,99.30000000000004,32487
"(0.9833333333333332, 0.9958333333333332)",1,99.30000000000004,32488
"(0.9916666666666668, 0.9958333333333332)",1,99.30000000000004,32489
"(0.9875, 0.9958333333333332)",2,99.30000000000004,32491
"(0.9, 1.0)",1,99.30000000000004,32492
"(0.975, 0.9958333333333332)",1,99.30000000000004,32493
"(0.9625, 0.9958333333333332)",2,99.30000000000004,32495
"(0.9458333333333332, 0.9958333333333332)",1,99.30000000000004,32496
"(0.8375, 0.9958333333333332)",1,99.30000000000004,32497
"(0.975, 0.9958333333333332)",2,99.30000000000004,32499
"(0.9166666666666666, 1.0)",1,99.30000000000004,32500
"(0.9833333333333332, 0.9958333333333332)",5,99.30000000000004,32505
"(0.9875, 0.9958333333333332)",1,99.30000000000004,32506
"(0.9791666666666666, 0.9958333333333332)",1,99.30000000000004,32507
"(0.9208333333333332, 0.9958333333333332)",2,99.30000000000004,32509
"(0.975, 0.9958333333333332)",1,99.30000000000004,32510
"(0.9916666666666668, 0.9958333333333332)",1,99.30000000000004,32511
"(1.0, 1.0)",1,99.30000000000004,32512
"(0.9916666666666668, 0.9958333333333332)",1,99.30000000000004,32513
"(0.7333333333333333, 0.9833333333333332)",2,99.30000000000004,32515
"(0.9375, 0.9958333333333332)",3,99.30000000000004,32518
"(0.95, 1.0)",5,99.3,32523
"(0.7333333333333333, 1.0)",11,99.3,32534
"(0.9333333333333332, 1.0)",9,99.3,32543
"(0.8666666666666667, 1.0)",5,99.3,32548
"(0.8166666666666667, 1.0)",6,99.3,32554
"(0.8833333333333333, 1.0)",17,99.3,32571
"(0.75, 1.0)",5,99.3,32576
"(0.9166666666666666, 1.0)",11,99.3,32587
"(0.9166666666666666, 1.0)",5,99.3,32592
"(0.9875, 0.9958333333333332)",2,99.3,32594
"(0.7, 1.0)",2,99.3,32596
"(0.7333333333333333, 1.0)",1,99.3,32597
"(0.9958333333333332, 0.9958333333333332)",1,99.3,32598
"(0.95, 1.0)",2,99.3,32600
"(0.9833333333333332, 1.0)",23,99.3,32623
"(0.85, 1.0)",15,99.3,32638
"(0.8666666666666667, 1.0)",15,99.3,32653
"(0.9333333333333332, 1.0)",2,99.3,32655
"(0.8, 1.0)",13,99.3,32668
"(0.6666666666666666, 1.0)",2,99.3,32670
"(0.9, 1.0)",17,99.3,32687
"(0.8333333333333334, 1.0)",19,99.3,32706
"(0.7166666666666667, 1.0)",6,99.3,32712
"(0.9, 1.0)",2,99.3,32714
"(0.7166666666666667, 1.0)",2,99.3,32716
"(0.7833333333333333, 1.0)",4,99.3,32720
"(0.85, 1.0)",1,99.3,32721
"(0.7666666666666667, 1.0)",13,99.3,32734
"(0.6666666666666666, 1.0)",1,99.3,32735
"(1.0, 1.0)",2,99.3,32737
"(1.0, 1.0)",17,99.3,32754
"(0.9666666666666668, 1.0)",8,99.3,32762
"(0.9666666666666668, 1.0)",4,99.3,32766
"(0.7666666666666667, 1.0)",1,99.3,32767
"(1.0, 1.0)",1,99.29999999999998,32768
"(0.9583333333333334, 0.9958333333333332)",1,99.29583333333342,32769
"(0.9875, 0.9958333333333332)",1,99.2958333333334,32770
"(1.0, 0.9958333333333332)",1,99.2958333333334,32771
"(0.9875, 0.9958333333333332)",3,99.2958333333334,32774
"(0.9833333333333332, 0.9958333333333332)",1,99.2958333333334,32775
"(0.9791666666666666, 0.9958333333333332)",3,99.2958333333334,32778
"(0.8708333333333333, 0.9958333333333332)",1,99.29583333333338,32779
"(0.975, 0.9958333333333332)",2,99.29583333333338,32781
"(0.9791666666666666, 0.9958333333333332)",1,99.29583333333338,32782
"(0.9333333333333332, 0.9958333333333332)",2,99.29583333333338,32784
"(0.95, 0.9958333333333332)",2,99.29583333333338,32786
"(0.9833333333333332, 0.9958333333333332)",3,99.29583333333338,32789
"(0.9541666666666668, 0.9958333333333332)",1,99.29583333333338,32790
"(0.9958333333333332, 0.9958333333333332)",1,99.29583333333338,32791
"(0.9875, 0.9958333333333332)",3,99.29583333333338,32794
"(0.925, 0.9958333333333332)",4,99.29583333333338,32798
"(0.9916666666666668, 0.9958333333333332)",3,99.29583333333338,32801
"(0.9375, 0.9958333333333332)",2,99.29583333333338,32803
"(0.9625, 0.9958333333333332)",1,99.29583333333338,32804
"(0.9083333333333332, 0.9958333333333332)",2,99.29583333333336,32806
"(0.925, 0.9958333333333332)",1,99.29583333333336,32807
"(0.9708333333333332, 0.9958333333333332)",1,99.29583333333336,32808
"(0.95, 0.9958333333333332)",1,99.29583333333336,32809
"(0.9666666666666668, 0.9958333333333332)",2,99.29583333333336,32811
"(0.9875, 0.9958333333333332)",1,99.29583333333336,32812
"(1.0, 0.9958333333333332)",1,99.29583333333336,32813
"(0.9625, 0.9958333333333332)",1,99.29583333333336,32814
"(0.9541666666666668, 0.9958333333333332)",1,99.29583333333336,32815
"(0.975, 0.9958333333333332)",2,99.29583333333336,32817
"(0.9291666666666668, 0.9958333333333332)",2,99.29583333333336,32819
"(0.9833333333333332, 0.9958333333333332)",2,99.29583333333336,32821
"(0.9833333333333332, 0.9958333333333332)",1,99.29166666666676,32822
"(0.9791666666666666, 0.9958333333333332)",1,99.29166666666676,32823
"(0.975, 0.9958333333333332)",1,99.29166666666674,32824
"(0.95, 0.9958333333333332)",1,99.29166666666671,32825
"(0.9291666666666668, 0.9958333333333332)",1,99.29166666666671,32826
"(0.975, 0.9958333333333332)",1,99.29166666666671,32827
"(0.9833333333333332, 0.9958333333333332)",2,99.29166666666671,32829
"(0.9166666666666666, 0.9958333333333332)",1,99.29166666666671,32830
"(0.9375, 0.9958333333333332)",1,99.29166666666671,32831
"(0.9625, 0.9958333333333332)",1,99.29166666666671,32832
"(0.9875, 0.9958333333333332)",2,99.29166666666671,32834
"(0.9125, 0.9958333333333332)",1,99.29166666666671,32835
"(0.9583333333333334, 0.9958333333333332)",1,99.29166666666671,32836
"(0.9916666666666668, 0.9958333333333332)",1,99.29166666666671,32837
"(0.9708333333333332, 0.9958333333333332)",1,99.29166666666671,32838
"(0.9875, 0.9958333333333332)",2,99.29166666666671,32840
"(0.8375, 0.9958333333333332)",2,99.2916666666667,32842
"(0.9833333333333332, 0.9958333333333332)",2,99.2916666666667,32844
"(0.9916666666666668, 0.9958333333333332)",2,99.2916666666667,32846
"(0.975, 0.9958333333333332)",3,99.2916666666667,32849
"(0.95, 0.9958333333333332)",2,99.2916666666667,32851
"(0.8625, 0.9958333333333332)",1,99.2916666666667,32852
"(0.9708333333333332, 0.9958333333333332)",3,99.2916666666667,32855
"(0.9791666666666666, 0.9958333333333332)",1,99.2916666666667,32856
"(0.9583333333333334, 0.9916666666666668)",1,99.2916666666667,32857
"(0.8666666666666667, 0.9958333333333332)",1,99.2916666666667,32858
"(0.9, 0.9958333333333332)",1,99.2916666666667,32859
"(0.925, 0.9958333333333332)",1,99.2916666666667,32860
"(0.75, 1.0)",1,99.29166666666669,32861
"(0.975, 1.0)",1,99.29166666666669,32862
"(0.8333333333333334, 1.0)",1,99.29166666666669,32863
"(0.7361111111111112, 1.0)",1,99.29166666666669,32864
"(0.7777777777777778, 1.0)",2,99.29166666666669,32866
"(0.9166666666666666, 1.0)",1,99.29166666666669,32867
"(0.7083333333333334, 1.0)",1,99.29166666666669,32868
"(0.8055555555555556, 1.0)",2,99.29166666666669,32870
"(0.8888888888888888, 1.0)",1,99.29166666666669,32871
"(0.9305555555555556, 1.0)",7,99.29166666666669,32878
"(0.9583333333333334, 1.0)",1,99.29166666666669,32879
"(0.8194444444444444, 1.0)",1,99.29166666666669,32880
"(0.9708333333333332, 0.9958333333333332)",2,99.29166666666669,32882
"(0.9444444444444444, 1.0)",2,99.29166666666669,32884
"(0.975, 1.0)",2,99.29166666666669,32886
"(0.8611111111111112, 1.0)",1,99.29166666666669,32887
"(0.8611111111111112, 1.0)",7,99.29166666666666,32894
"(0.9027777777777778, 1.0)",3,99.29166666666666,32897
"(0.9305555555555556, 1.0)",1,99.29166666666666,32898
"(0.9583333333333334, 1.0)",1,99.29166666666666,32899
"(0.9722222222222222, 1.0)",1,99.29166666666666,32900
"(0.8888888888888888, 1.0)",1,99.29166666666666,32901
"(0.625, 1.0)",1,99.29166666666666,32902
"(0.875, 1.0)",3,99.29166666666666,32905
"(0.9166666666666666, 1.0)",5,99.29166666666666,32910
"(0.7638888888888888, 1.0)",5,99.29166666666666,32915
"(0.6944444444444444, 1.0)",3,99.29166666666666,32918
"(0.8472222222222222, 1.0)",4,99.29166666666666,32922
"(0.8194444444444444, 1.0)",11,99.29166666666666,32933
"(0.7083333333333334, 1.0)",3,99.29166666666666,32936
"(0.7361111111111112, 1.0)",2,99.29166666666666,32938
"(0.75, 1.0)",5,99.29166666666666,32943
"(0.7916666666666666, 1.0)",2,99.29166666666666,32945
"(0.7222222222222222, 1.0)",4,99.29166666666666,32949
"(0.9444444444444444, 1.0)",3,99.29166666666666,32952
"(0.7777777777777778, 1.0)",3,99.29166666666666,32955
"(0.6805555555555556, 1.0)",2,99.29166666666666,32957
"(0.8333333333333334, 1.0)",5,99.29166666666666,32962
"(0.9833333333333332, 0.9958333333333332)",2,99.2916666666666,32964
"(0.7674418604651163, 1.0)",1,99.2906976744186,32965
"(0.7674418604651163, 1.0)",1,99.2906976744186,32966
"(0.8837209302325582, 1.0)",1,99.2906976744186,32967
"(0.6395348837209303, 1.0)",1,99.2906976744186,32968
"(0.9418604651162792, 1.0)",1,99.2906976744186,32969
"(0.8488372093023255, 1.0)",1,99.2906976744186,32970
"(0.8372093023255814, 1.0)",1,99.2906976744186,32971
"(0.4883720930232558, 1.0)",2,99.2906976744186,32973
"(0.8488372093023255, 1.0)",1,99.2906976744186,32974
"(0.9186046511627908, 1.0)",1,99.2906976744186,32975
"(0.8255813953488372, 1.0)",2,99.2906976744186,32977
"(0.872093023255814, 1.0)",1,99.2906976744186,32978
"(0.6162790697674418, 1.0)",6,99.2906976744186,32984
"(0.5930232558139535, 1.0)",1,99.2906976744186,32985
"(0.9583333333333334, 0.9958333333333332)",1,99.28750000000008,32986
"(0.9916666666666668, 0.9958333333333332)",1,99.28750000000008,32987
"(0.9708333333333332, 0.9958333333333332)",2,99.28750000000008,32989
"(0.9875, 0.9958333333333332)",1,99.28750000000008,32990
"(0.875, 0.9958333333333332)",1,99.28750000000004,32991
"(0.9625, 0.9958333333333332)",1,99.28750000000004,32992
"(0.9708333333333332, 0.9958333333333332)",1,99.28750000000004,32993
"(0.9583333333333334, 0.9958333333333332)",1,99.28750000000004,32994
"(0.9916666666666668, 0.9958333333333332)",3,99.28750000000004,32997
"(0.9875, 0.9958333333333332)",4,99.28750000000004,33001
"(0.9375, 0.9958333333333332)",2,99.28750000000004,33003
"(0.9791666666666666, 0.9958333333333332)",5,99.28750000000004,33008
"(0.9125, 0.9958333333333332)",1,99.28750000000004,33009
"(0.9333333333333332, 0.9958333333333332)",1,99.28750000000004,33010
"(0.9458333333333332, 0.9958333333333332)",1,99.28750000000004,33011
"(0.9208333333333332, 0.9958333333333332)",1,99.28750000000004,33012
"(0.9666666666666668, 0.9958333333333332)",1,99.28750000000004,33013
"(0.9833333333333332, 0.9958333333333332)",2,99.28750000000004,33015
"(0.9541666666666668, 0.9958333333333332)",1,99.28750000000004,33016
"(0.9291666666666668, 0.9958333333333332)",1,99.28750000000004,33017
"(0.9833333333333332, 0.9958333333333332)",1,99.28750000000004,33018
"(0.95, 0.9958333333333332)",1,99.28750000000004,33019
"(0.975, 0.9958333333333332)",4,99.28750000000004,33023
"(0.975, 0.9958333333333332)",1,99.2875,33024
"(0.9958333333333332, 0.9958333333333332)",1,99.2875,33025
"(0.9791666666666666, 0.9958333333333332)",1,99.28749999999997,33026
"(0.9916666666666668, 0.9958333333333332)",1,99.28749999999994,33027
"(0.975, 1.0)",1,99.28749999999994,33028
"(0.9833333333333332, 0.9958333333333332)",1,99.28333333333347,33029
"(0.9833333333333332, 0.9958333333333332)",1,99.28333333333345,33030
"(0.9875, 0.9958333333333332)",1,99.28333333333345,33031
"(0.9625, 0.9958333333333332)",1,99.28333333333342,33032
"(0.9875, 0.9958333333333332)",1,99.28333333333342,33033
"(0.9791666666666666, 0.9958333333333332)",1,99.28333333333342,33034
"(0.975, 0.9958333333333332)",1,99.2833333333334,33035
"(0.9875, 0.9958333333333332)",1,99.2833333333334,33036
"(0.9708333333333332, 0.9958333333333332)",2,99.2833333333334,33038
"(0.9791666666666666, 0.9958333333333332)",1,99.2833333333334,33039
"(0.9916666666666668, 0.9958333333333332)",1,99.2833333333334,33040
"(0.975, 0.9958333333333332)",1,99.28333333333336,33041
"(0.9625, 0.9958333333333332)",3,99.28333333333336,33044
"(0.9708333333333332, 0.9958333333333332)",1,99.28333333333336,33045
"(0.9166666666666666, 0.9833333333333332)",1,99.28333333333336,33046
"(0.9208333333333332, 0.9958333333333332)",1,99.28333333333336,33047
"(0.95, 1.0)",1,99.28333333333336,33048
"(0.95, 0.9958333333333332)",2,99.28333333333336,33050
"(0.9541666666666668, 0.9958333333333332)",1,99.28333333333336,33051
"(0.9166666666666666, 0.9833333333333332)",1,99.28333333333336,33052
"(0.9833333333333332, 1.0)",1,99.28333333333336,33053
"(0.9666666666666668, 0.9958333333333332)",1,99.28333333333336,33054
"(1.0, 1.0)",1,99.28333333333336,33055
"(0.9833333333333332, 0.9958333333333332)",6,99.28333333333336,33061
"(0.8333333333333334, 1.0)",2,99.28333333333336,33063
"(0.8541666666666666, 0.9958333333333332)",1,99.28333333333336,33064
"(0.9333333333333332, 1.0)",4,99.28333333333336,33068
"(0.9833333333333332, 0.9958333333333332)",1,99.28333333333336,33069
"(0.8666666666666667, 1.0)",2,99.28333333333336,33071
"(0.85, 1.0)",1,99.28333333333336,33072
"(0.9041666666666668, 0.9958333333333332)",1,99.28333333333336,33073
"(0.8833333333333333, 0.9833333333333332)",2,99.28333333333336,33075
"(0.9166666666666666, 1.0)",2,99.28333333333336,33077
"(0.9291666666666668, 0.9958333333333332)",2,99.28333333333336,33079
"(0.8791666666666667, 0.9958333333333332)",1,99.28333333333336,33080
"(0.9, 0.9833333333333332)",1,99.28333333333336,33081
"(0.9875, 0.9958333333333332)",3,99.28333333333336,33084
"(0.9125, 0.9958333333333332)",4,99.28333333333336,33088
"(0.9, 1.0)",3,99.28333333333336,33091
"(0.9708333333333332, 0.9958333333333332)",1,99.28333333333336,33092
"(0.85, 1.0)",2,99.28333333333336,33094
"(0.9791666666666666, 0.9958333333333332)",2,99.28333333333336,33096
"(0.75, 1.0)",1,99.28333333333336,33097
"(0.6666666666666666, 0.9833333333333332)",1,99.28333333333336,33098
"(0.8833333333333333, 1.0)",2,99.28333333333336,33100
"(0.9791666666666666, 0.9958333333333332)",2,99.28333333333336,33102
"(0.9333333333333332, 0.9958333333333332)",1,99.28333333333336,33103
"(0.9375, 0.9958333333333332)",2,99.28333333333336,33105
"(1.0, 0.9916666666666668)",1,99.28333333333332,33106
"(0.9833333333333332, 1.0)",8,99.28333333333332,33114
"(0.75, 1.0)",3,99.28333333333332,33117
"(1.0, 0.9958333333333332)",2,99.28333333333332,33119
"(0.9666666666666668, 1.0)",13,99.28333333333332,33132
"(0.8666666666666667, 1.0)",15,99.28333333333332,33147
"(0.95, 1.0)",14,99.28333333333332,33161
"(0.7333333333333333, 1.0)",10,99.28333333333332,33171
"(0.8166666666666667, 1.0)",9,99.28333333333332,33180
"(0.9, 1.0)",14,99.28333333333332,33194
"(0.8333333333333334, 1.0)",16,99.28333333333332,33210
"(0.85, 1.0)",19,99.28333333333332,33229
"(0.6666666666666666, 1.0)",1,99.28333333333332,33230
"(0.9958333333333332, 1.0)",1,99.28333333333332,33231
"(0.8833333333333333, 1.0)",16,99.28333333333332,33247
"(1.0, 1.0)",15,99.28333333333332,33262
"(0.7, 1.0)",4,99.28333333333332,33266
"(0.7833333333333333, 1.0)",5,99.28333333333332,33271
"(0.7666666666666667, 1.0)",8,99.28333333333332,33279
"(0.9333333333333332, 1.0)",5,99.28333333333332,33284
"(0.8, 1.0)",11,99.28333333333332,33295
"(0.7166666666666667, 1.0)",10,99.28333333333332,33305
"(0.6833333333333333, 1.0)",4,99.28333333333332,33309
"(0.9166666666666666, 1.0)",16,99.28333333333332,33325
"(0.8461538461538461, 1.0)",1,99.28205128205128,33326
"(0.975, 0.9958333333333332)",2,99.27916666666674,33328
"(0.8916666666666667, 0.9958333333333332)",1,99.27916666666674,33329
"(0.9583333333333334, 0.9958333333333332)",1,99.27916666666673,33330
"(0.9916666666666668, 0.9958333333333332)",4,99.27916666666673,33334
"(0.9666666666666668, 0.9958333333333332)",2,99.27916666666673,33336
"(0.9625, 0.9958333333333332)",1,99.27916666666673,33337
"(0.9791666666666666, 0.9958333333333332)",1,99.27916666666673,33338
"(0.9833333333333332, 0.9958333333333332)",3,99.27916666666673,33341
"(0.9875, 0.9958333333333332)",1,99.27916666666673,33342
"(0.9375, 0.9958333333333332)",1,99.27916666666673,33343
"(0.9916666666666668, 0.9958333333333332)",1,99.27916666666673,33344
"(0.9791666666666666, 0.9958333333333332)",2,99.27916666666673,33346
"(0.9708333333333332, 0.9958333333333332)",1,99.27916666666673,33347
"(0.975, 0.9958333333333332)",2,99.27916666666673,33349
"(0.9208333333333332, 0.9958333333333332)",2,99.27916666666673,33351
"(0.825, 0.9958333333333332)",1,99.2791666666667,33352
"(0.975, 0.9958333333333332)",2,99.2791666666667,33354
"(0.9625, 0.9958333333333332)",1,99.2791666666667,33355
"(0.9125, 0.9958333333333332)",1,99.2791666666667,33356
"(0.9666666666666668, 0.9958333333333332)",1,99.2791666666667,33357
"(0.9833333333333332, 0.9958333333333332)",1,99.2791666666667,33358
"(0.9958333333333332, 0.9958333333333332)",1,99.2791666666667,33359
"(0.95, 0.9958333333333332)",3,99.2791666666667,33362
"(0.9791666666666666, 0.9958333333333332)",1,99.2791666666667,33363
"(0.9, 0.9958333333333332)",1,99.2791666666667,33364
"(0.8958333333333334, 0.9958333333333332)",1,99.2791666666667,33365
"(0.8916666666666667, 0.9958333333333332)",1,99.2791666666667,33366
"(0.9458333333333332, 0.9958333333333332)",1,99.2791666666667,33367
"(0.9833333333333332, 0.9958333333333332)",1,99.27916666666668,33368
"(0.9958333333333332, 0.9958333333333332)",1,99.27916666666668,33369
"(0.9916666666666668, 0.9958333333333332)",1,99.27916666666664,33370
"(0.8488372093023255, 1.0)",1,99.27906976744184,33371
"(0.8255813953488372, 1.0)",3,99.27906976744184,33374
"(0.6162790697674418, 1.0)",1,99.27906976744184,33375
"(0.5930232558139535, 1.0)",1,99.27906976744184,33376
"(0.627906976744186, 1.0)",1,99.27906976744184,33377
"(0.7674418604651163, 1.0)",1,99.27906976744184,33378
"(0.4883720930232558, 1.0)",1,99.27906976744184,33379
"(0.75, 1.0)",2,99.2777777777778,33381
"(0.7222222222222222, 1.0)",1,99.27777777777776,33382
"(0.875, 1.0)",5,99.27777777777776,33387
"(0.7916666666666666, 1.0)",1,99.27777777777776,33388
"(0.8888888888888888, 1.0)",5,99.27777777777776,33393
"(0.75, 1.0)",6,99.27777777777776,33399
"(0.6944444444444444, 1.0)",4,99.27777777777776,33403
"(0.9166666666666666, 1.0)",3,99.27777777777776,33406
"(0.625, 1.0)",1,99.27777777777776,33407
"(0.9305555555555556, 1.0)",5,99.27777777777776,33412
"(0.8055555555555556, 1.0)",7,99.27777777777776,33419
"(0.9444444444444444, 1.0)",4,99.27777777777776,33423
"(0.8611111111111112, 1.0)",3,99.27777777777776,33426
"(0.8194444444444444, 1.0)",10,99.27777777777776,33436
"(0.7361111111111112, 1.0)",4,99.27777777777776,33440
"(0.9027777777777778, 1.0)",7,99.27777777777776,33447
"(0.5972222222222222, 1.0)",1,99.27777777777776,33448
"(0.7777777777777778, 1.0)",6,99.27777777777776,33454
"(0.8333333333333334, 1.0)",3,99.27777777777776,33457
"(0.9722222222222222, 1.0)",1,99.27777777777776,33458
"(0.9583333333333334, 1.0)",4,99.27777777777776,33462
"(0.7638888888888888, 1.0)",1,99.27777777777776,33463
"(0.7083333333333334, 1.0)",4,99.27777777777776,33467
"(0.9875, 0.9958333333333332)",1,99.27500000000008,33468
"(0.975, 0.9958333333333332)",1,99.27500000000008,33469
"(0.9708333333333332, 0.9958333333333332)",1,99.27500000000008,33470
"(0.9916666666666668, 0.9958333333333332)",1,99.27500000000006,33471
"(0.9041666666666668, 0.9958333333333332)",2,99.27500000000006,33473
"(0.9791666666666666, 0.9958333333333332)",1,99.27500000000006,33474
"(0.9833333333333332, 0.9958333333333332)",3,99.27500000000006,33477
"(0.9708333333333332, 0.9958333333333332)",2,99.27500000000006,33479
"(0.9916666666666668, 0.9958333333333332)",1,99.27500000000003,33480
"(0.7958333333333333, 0.9958333333333332)",1,99.27500000000003,33481
"(0.9625, 0.9958333333333332)",1,99.27500000000003,33482
"(0.9833333333333332, 0.9958333333333332)",2,99.27500000000003,33484
"(0.9291666666666668, 0.9958333333333332)",1,99.27500000000003,33485
"(0.9708333333333332, 0.9958333333333332)",1,99.27500000000003,33486
"(0.9875, 0.9958333333333332)",1,99.27500000000003,33487
"(0.8625, 0.9958333333333332)",1,99.27500000000003,33488
"(0.9833333333333332, 0.9958333333333332)",3,99.27500000000003,33491
"(0.975, 0.9958333333333332)",2,99.27500000000003,33493
"(0.9333333333333332, 0.9958333333333332)",1,99.27500000000003,33494
"(0.975, 0.9958333333333332)",1,99.27500000000003,33495
"(0.9666666666666668, 0.9958333333333332)",1,99.27500000000003,33496
"(0.9583333333333334, 0.9958333333333332)",1,99.27500000000003,33497
"(0.925, 0.9958333333333332)",1,99.27500000000003,33498
"(0.9791666666666666, 0.9958333333333332)",1,99.27500000000003,33499
"(0.9916666666666668, 0.9958333333333332)",3,99.27500000000003,33502
"(0.9625, 0.9958333333333332)",1,99.27500000000003,33503
"(0.9833333333333332, 0.9958333333333332)",2,99.27500000000002,33505
"(0.975, 1.0)",1,99.275,33506
"(0.9916666666666668, 0.9958333333333332)",2,99.27499999999996,33508
"(0.975, 0.9916666666666668)",1,99.27499999999992,33509
"(0.9875, 0.9958333333333332)",1,99.2708333333334,33510
"(0.9333333333333332, 0.9958333333333332)",1,99.2708333333334,33511
"(0.9791666666666666, 0.9958333333333332)",1,99.2708333333334,33512
"(0.9375, 0.9958333333333332)",2,99.2708333333334,33514
"(0.9791666666666666, 0.9958333333333332)",2,99.2708333333334,33516
"(0.975, 0.9958333333333332)",1,99.2708333333334,33517
"(0.8791666666666667, 0.9958333333333332)",1,99.2708333333334,33518
"(0.9541666666666668, 0.9958333333333332)",1,99.27083333333336,33519
"(0.95, 0.9958333333333332)",3,99.27083333333336,33522
"(0.9875, 0.9958333333333332)",4,99.27083333333336,33526
"(0.9333333333333332, 0.9958333333333332)",1,99.27083333333336,33527
"(0.9375, 0.9958333333333332)",1,99.27083333333336,33528
"(0.9833333333333332, 0.9958333333333332)",3,99.27083333333336,33531
"(0.8791666666666667, 0.9958333333333332)",1,99.27083333333336,33532
"(0.9458333333333332, 0.9958333333333332)",1,99.27083333333336,33533
"(0.9583333333333334, 0.9916666666666668)",1,99.27083333333336,33534
"(0.85, 0.9958333333333332)",1,99.27083333333336,33535
"(0.975, 0.9958333333333332)",1,99.27083333333336,33536
"(0.975, 0.9958333333333332)",2,99.27083333333336,33538
"(0.9708333333333332, 0.9958333333333332)",1,99.27083333333336,33539
"(0.9291666666666668, 0.9958333333333332)",1,99.27083333333336,33540
"(0.9083333333333332, 0.9958333333333332)",1,99.27083333333336,33541
"(0.9791666666666666, 0.9958333333333332)",1,99.27083333333336,33542
"(0.8958333333333334, 0.9958333333333332)",2,99.27083333333336,33544
"(0.9666666666666668, 0.9958333333333332)",2,99.27083333333336,33546
"(0.9166666666666666, 0.9958333333333332)",2,99.27083333333336,33548
"(0.9625, 0.9958333333333332)",1,99.27083333333336,33549
"(0.925, 0.9958333333333332)",1,99.27083333333336,33550
"(0.9208333333333332, 0.9958333333333332)",1,99.27083333333336,33551
"(0.9833333333333332, 0.9958333333333332)",1,99.27083333333334,33552
"(0.9833333333333332, 0.9958333333333332)",1,99.27083333333331,33553
"(0.95, 0.9958333333333332)",1,99.27083333333331,33554
"(0.9916666666666668, 0.9958333333333332)",2,99.27083333333331,33556
"(0.8076923076923077, 1.0)",1,99.26923076923076,33557
"(0.7906976744186046, 1.0)",1,99.26744186046513,33558
"(0.8372093023255814, 1.0)",1,99.26744186046513,33559
"(0.5930232558139535, 1.0)",3,99.26744186046513,33562
"(0.4883720930232558, 1.0)",2,99.26744186046513,33564
"(0.4651162790697674, 1.0)",2,99.26744186046513,33566
"(0.7441860465116279, 1.0)",1,99.26744186046513,33567
"(0.8255813953488372, 1.0)",3,99.26744186046513,33570
"(0.7674418604651163, 1.0)",1,99.26744186046513,33571
"(0.7325581395348837, 1.0)",1,99.26744186046513,33572
"(0.9791666666666666, 0.9958333333333332)",1,99.26666666666677,33573
"(1.0, 0.9958333333333332)",1,99.26666666666674,33574
"(0.9833333333333332, 0.9958333333333332)",1,99.26666666666674,33575
"(0.9875, 0.9958333333333332)",2,99.26666666666674,33577
"(0.975, 0.9958333333333332)",1,99.26666666666674,33578
"(0.9208333333333332, 0.9958333333333332)",1,99.26666666666672,33579
"(0.9333333333333332, 0.9958333333333332)",2,99.26666666666672,33581
"(0.9666666666666668, 0.9958333333333332)",3,99.26666666666672,33584
"(0.975, 0.9958333333333332)",2,99.26666666666672,33586
"(0.9791666666666666, 0.9958333333333332)",1,99.26666666666672,33587
"(0.9916666666666668, 0.9958333333333332)",1,99.26666666666672,33588
"(0.8916666666666667, 0.9958333333333332)",1,99.26666666666672,33589
"(0.9125, 0.9958333333333332)",1,99.26666666666672,33590
"(0.9583333333333334, 0.9958333333333332)",1,99.26666666666672,33591
"(0.8875, 0.9958333333333332)",1,99.26666666666672,33592
"(0.95, 0.9958333333333332)",1,99.26666666666672,33593
"(0.8666666666666667, 0.9958333333333332)",1,99.26666666666672,33594
"(0.9291666666666668, 0.9958333333333332)",2,99.26666666666672,33596
"(0.95, 0.9958333333333332)",1,99.26666666666672,33597
"(0.975, 0.9958333333333332)",1,99.26666666666672,33598
"(0.9791666666666666, 0.9958333333333332)",2,99.26666666666672,33600
"(0.9375, 0.9958333333333332)",1,99.26666666666672,33601
"(0.8791666666666667, 0.9958333333333332)",1,99.26666666666672,33602
"(0.9708333333333332, 0.9958333333333332)",1,99.2666666666667,33603
"(0.9875, 0.9958333333333332)",2,99.2666666666667,33605
"(0.9, 1.0)",2,99.2666666666667,33607
"(0.9916666666666668, 0.9958333333333332)",1,99.2666666666667,33608
"(0.9833333333333332, 0.9958333333333332)",2,99.2666666666667,33610
"(0.9666666666666668, 0.9958333333333332)",2,99.2666666666667,33612
"(0.9583333333333334, 0.9958333333333332)",1,99.2666666666667,33613
"(0.9958333333333332, 0.9958333333333332)",1,99.2666666666667,33614
"(0.975, 0.9958333333333332)",2,99.2666666666667,33616
"(0.7833333333333333, 1.0)",5,99.26666666666668,33621
"(0.7, 1.0)",1,99.26666666666668,33622
"(0.8666666666666667, 0.9833333333333332)",1,99.26666666666668,33623
"(0.5666666666666667, 1.0)",1,99.26666666666668,33624
"(0.95, 1.0)",1,99.26666666666668,33625
"(0.85, 1.0)",8,99.26666666666668,33633
"(0.7, 1.0)",1,99.26666666666668,33634
"(0.7333333333333333, 1.0)",9,99.26666666666668,33643
"(0.9833333333333332, 1.0)",16,99.26666666666668,33659
"(0.8666666666666667, 1.0)",14,99.26666666666668,33673
"(0.9, 1.0)",6,99.26666666666668,33679
"(0.9166666666666666, 1.0)",17,99.26666666666668,33696
"(0.7166666666666667, 1.0)",1,99.26666666666668,33697
"(0.8, 1.0)",10,99.26666666666668,33707
"(0.6666666666666666, 1.0)",2,99.26666666666668,33709
"(0.9333333333333332, 1.0)",12,99.26666666666668,33721
"(0.8833333333333333, 1.0)",18,99.26666666666668,33739
"(0.7666666666666667, 1.0)",5,99.26666666666668,33744
"(0.95, 1.0)",13,99.26666666666668,33757
"(0.7333333333333333, 1.0)",1,99.26666666666668,33758
"(0.9, 1.0)",10,99.26666666666668,33768
"(0.7333333333333333, 0.9833333333333332)",1,99.26666666666668,33769
"(1.0, 0.9833333333333332)",1,99.26666666666668,33770
"(0.75, 1.0)",2,99.26666666666668,33772
"(0.8333333333333334, 1.0)",11,99.26666666666668,33783
"(0.8833333333333333, 1.0)",4,99.26666666666668,33787
"(0.9333333333333332, 1.0)",2,99.26666666666668,33789
"(0.7166666666666667, 1.0)",15,99.26666666666668,33804
"(1.0, 1.0)",18,99.26666666666668,33822
"(0.8166666666666667, 1.0)",7,99.26666666666668,33829
"(0.8666666666666667, 1.0)",1,99.26666666666668,33830
"(0.8333333333333334, 1.0)",1,99.26666666666668,33831
"(0.9666666666666668, 1.0)",1,99.26666666666668,33832
"(0.9166666666666666, 1.0)",7,99.26666666666668,33839
"(0.6833333333333333, 1.0)",4,99.26666666666668,33843
"(0.9666666666666668, 1.0)",9,99.26666666666668,33852
"(0.7638888888888888, 1.0)",3,99.26388888888889,33855
"(0.9583333333333334, 1.0)",4,99.26388888888889,33859
"(0.8472222222222222, 1.0)",2,99.26388888888889,33861
"(0.8055555555555556, 1.0)",5,99.26388888888889,33866
"(0.875, 1.0)",3,99.26388888888889,33869
"(0.8333333333333334, 1.0)",6,99.26388888888889,33875
"(0.9166666666666666, 1.0)",11,99.26388888888889,33886
"(0.7361111111111112, 1.0)",2,99.26388888888889,33888
"(0.9722222222222222, 1.0)",1,99.26388888888889,33889
"(0.9444444444444444, 1.0)",3,99.26388888888889,33892
"(0.9305555555555556, 1.0)",4,99.26388888888889,33896
"(0.9027777777777778, 1.0)",3,99.26388888888889,33899
"(0.8611111111111112, 1.0)",1,99.26388888888889,33900
"(0.8194444444444444, 1.0)",14,99.26388888888889,33914
"(0.7777777777777778, 1.0)",2,99.26388888888889,33916
"(0.75, 1.0)",5,99.26388888888889,33921
"(0.7916666666666666, 1.0)",4,99.26388888888889,33925
"(0.7083333333333334, 1.0)",7,99.26388888888889,33932
"(0.6944444444444444, 1.0)",2,99.26388888888889,33934
"(0.975, 0.9958333333333332)",1,99.26250000000007,33935
"(0.9791666666666666, 0.9958333333333332)",1,99.26250000000007,33936
"(0.9625, 0.9958333333333332)",1,99.26250000000006,33937
"(0.9875, 0.9958333333333332)",1,99.26250000000006,33938
"(0.975, 0.9958333333333332)",3,99.26250000000006,33941
"(0.85, 0.9958333333333332)",2,99.26250000000005,33943
"(0.9291666666666668, 0.9958333333333332)",1,99.26250000000005,33944
"(0.9875, 0.9958333333333332)",2,99.26250000000005,33946
"(0.9833333333333332, 0.9958333333333332)",1,99.26250000000005,33947
"(0.9791666666666666, 0.9958333333333332)",1,99.26250000000005,33948
"(0.9833333333333332, 0.9958333333333332)",2,99.26250000000005,33950
"(0.95, 0.9958333333333332)",2,99.26250000000005,33952
"(0.9458333333333332, 0.9958333333333332)",1,99.26250000000005,33953
"(0.9208333333333332, 0.9958333333333332)",2,99.26250000000005,33955
"(0.9458333333333332, 0.9958333333333332)",1,99.26250000000005,33956
"(0.9208333333333332, 0.9958333333333332)",2,99.26250000000005,33958
"(0.9583333333333334, 0.9958333333333332)",1,99.26250000000005,33959
"(0.9666666666666668, 0.9958333333333332)",1,99.26250000000005,33960
"(0.875, 0.9958333333333332)",1,99.26250000000005,33961
"(0.9375, 0.9958333333333332)",2,99.26250000000005,33963
"(0.975, 0.9958333333333332)",2,99.26250000000005,33965
"(0.9625, 0.9958333333333332)",1,99.26250000000005,33966
"(0.975, 0.9958333333333332)",4,99.26250000000005,33970
"(0.95, 0.9958333333333332)",1,99.26250000000005,33971
"(0.9916666666666668, 0.9958333333333332)",1,99.26250000000005,33972
"(0.9166666666666666, 0.9958333333333332)",1,99.26250000000005,33973
"(0.9375, 0.9958333333333332)",1,99.26250000000005,33974
"(0.8666666666666667, 0.9958333333333332)",1,99.26250000000005,33975
"(0.9916666666666668, 0.9958333333333332)",1,99.2625,33976
"(0.9791666666666666, 0.9958333333333332)",1,99.2625,33977
"(0.9916666666666668, 0.9958333333333332)",2,99.26249999999996,33979
"(0.9541666666666668, 0.9958333333333332)",1,99.25833333333344,33980
"(0.975, 0.9958333333333332)",1,99.2583333333334,33981
"(0.9833333333333332, 0.9958333333333332)",2,99.2583333333334,33983
"(0.9875, 0.9958333333333332)",1,99.2583333333334,33984
"(0.9791666666666666, 0.9958333333333332)",1,99.2583333333334,33985
"(0.9708333333333332, 0.9958333333333332)",1,99.25833333333338,33986
"(0.9583333333333334, 0.9958333333333332)",1,99.25833333333338,33987
"(0.925, 0.9958333333333332)",1,99.25833333333338,33988
"(0.9833333333333332, 0.9958333333333332)",1,99.25833333333338,33989
"(0.9958333333333332, 0.9958333333333332)",1,99.25833333333338,33990
"(0.9916666666666668, 0.9958333333333332)",3,99.25833333333338,33993
"(0.9791666666666666, 0.9958333333333332)",2,99.25833333333338,33995
"(0.9666666666666668, 0.9958333333333332)",2,99.25833333333338,33997
"(0.9791666666666666, 0.9958333333333332)",3,99.25833333333335,34000
"(0.9833333333333332, 0.9958333333333332)",1,99.25833333333335,34001
"(0.9375, 0.9958333333333332)",2,99.25833333333335,34003
"(0.9875, 0.9958333333333332)",4,99.25833333333335,34007
"(0.9125, 0.9958333333333332)",1,99.25833333333335,34008
"(0.975, 0.9958333333333332)",1,99.25833333333335,34009
"(0.8708333333333333, 0.9958333333333332)",1,99.25833333333335,34010
"(0.9083333333333332, 0.9958333333333332)",1,99.25833333333335,34011
"(0.9166666666666666, 0.9958333333333332)",1,99.25833333333335,34012
"(0.925, 0.9958333333333332)",2,99.25833333333335,34014
"(0.9625, 0.9958333333333332)",2,99.25833333333335,34016
"(0.9041666666666668, 0.9958333333333332)",4,99.25833333333335,34020
"(0.9208333333333332, 0.9958333333333332)",3,99.25833333333335,34023
"(0.9458333333333332, 0.9958333333333332)",2,99.25833333333335,34025
"(0.825, 0.9958333333333332)",2,99.25833333333335,34027
"(0.8958333333333334, 0.9958333333333332)",1,99.25833333333335,34028
"(0.8625, 0.9958333333333332)",1,99.25833333333335,34029
"(0.9, 0.9958333333333332)",1,99.25833333333335,34030
"(0.9916666666666668, 0.9958333333333332)",1,99.25833333333328,34031
"(0.7674418604651163, 1.0)",1,99.25581395348836,34032
"(0.5930232558139535, 1.0)",1,99.25581395348836,34033
"(0.627906976744186, 1.0)",2,99.25581395348836,34035
"(0.6162790697674418, 1.0)",2,99.25581395348836,34037
"(0.5697674418604651, 1.0)",1,99.25581395348836,34038
"(0.872093023255814, 1.0)",1,99.25581395348836,34039
"(0.8023255813953488, 1.0)",2,99.25581395348836,34041
"(0.8837209302325582, 1.0)",2,99.25581395348836,34043
"(0.4883720930232558, 1.0)",4,99.25581395348836,34047
"(0.7906976744186046, 1.0)",1,99.25581395348836,34048
"(0.9916666666666668, 0.9958333333333332)",1,99.25416666666676,34049
"(0.9833333333333332, 0.9958333333333332)",1,99.25416666666676,34050
"(1.0, 0.9958333333333332)",1,99.25416666666676,34051
"(0.9625, 0.9958333333333332)",1,99.25416666666676,34052
"(0.975, 0.9958333333333332)",1,99.25416666666672,34053
"(0.9833333333333332, 0.9958333333333332)",2,99.25416666666672,34055
"(0.9791666666666666, 0.9958333333333332)",1,99.25416666666672,34056
"(0.9625, 0.9958333333333332)",1,99.25416666666672,34057
"(0.975, 0.9958333333333332)",1,99.25416666666672,34058
"(0.9875, 0.9958333333333332)",1,99.25416666666672,34059
"(0.9791666666666666, 0.9958333333333332)",1,99.25416666666672,34060
"(0.9833333333333332, 0.9958333333333332)",2,99.25416666666672,34062
"(0.9916666666666668, 0.9958333333333332)",1,99.25416666666672,34063
"(0.8666666666666667, 0.9958333333333332)",1,99.25416666666672,34064
"(0.8625, 0.9958333333333332)",2,99.2541666666667,34066
"(0.875, 0.9958333333333332)",1,99.2541666666667,34067
"(0.9875, 0.9958333333333332)",2,99.2541666666667,34069
"(0.9208333333333332, 0.9958333333333332)",1,99.2541666666667,34070
"(0.9958333333333332, 0.9958333333333332)",1,99.2541666666667,34071
"(0.9833333333333332, 0.9958333333333332)",4,99.2541666666667,34075
"(0.9625, 0.9958333333333332)",2,99.2541666666667,34077
"(0.9791666666666666, 0.9958333333333332)",3,99.2541666666667,34080
"(0.9666666666666668, 0.9958333333333332)",1,99.2541666666667,34081
"(0.9458333333333332, 0.9958333333333332)",4,99.2541666666667,34085
"(0.8666666666666667, 0.9958333333333332)",1,99.2541666666667,34086
"(0.9166666666666666, 0.9958333333333332)",1,99.2541666666667,34087
"(0.975, 0.9958333333333332)",2,99.2541666666667,34089
"(0.9833333333333332, 0.9958333333333332)",1,99.25416666666668,34090
"(0.95, 0.9958333333333332)",1,99.25416666666668,34091
"(0.9666666666666668, 0.9958333333333332)",1,99.25416666666666,34092
"(0.9333333333333332, 0.9958333333333332)",2,99.25000000000009,34094
"(0.9041666666666668, 0.9958333333333332)",1,99.25000000000009,34095
"(0.9875, 0.9958333333333332)",1,99.25000000000009,34096
"(0.9875, 0.9958333333333332)",2,99.25000000000006,34098
"(0.9791666666666666, 0.9958333333333332)",1,99.25000000000006,34099
"(0.8833333333333333, 0.9833333333333332)",1,99.25000000000004,34100
"(0.95, 0.9958333333333332)",1,99.25000000000004,34101
"(0.9208333333333332, 0.9958333333333332)",2,99.25000000000004,34103
"(0.9833333333333332, 0.9958333333333332)",3,99.25000000000004,34106
"(0.9875, 0.9958333333333332)",2,99.25000000000004,34108
"(0.8833333333333333, 1.0)",1,99.25000000000004,34109
"(0.9166666666666666, 1.0)",1,99.25000000000004,34110
"(0.8791666666666667, 0.9958333333333332)",1,99.25000000000004,34111
"(0.9, 1.0)",2,99.25000000000004,34113
"(1.0, 1.0)",1,99.25000000000004,34114
"(0.9791666666666666, 0.9958333333333332)",2,99.25000000000004,34116
"(0.8541666666666666, 0.9958333333333332)",2,99.25000000000004,34118
"(0.9666666666666668, 0.9958333333333332)",1,99.25000000000004,34119
"(0.9291666666666668, 0.9958333333333332)",1,99.25000000000004,34120
"(0.9791666666666666, 0.9958333333333332)",5,99.25000000000004,34125
"(0.9916666666666668, 0.9958333333333332)",2,99.25000000000004,34127
"(0.8333333333333334, 1.0)",1,99.25000000000004,34128
"(0.9625, 0.9958333333333332)",1,99.25000000000004,34129
"(0.8625, 0.9958333333333332)",1,99.25000000000004,34130
"(0.9291666666666668, 0.9958333333333332)",1,99.25000000000004,34131
"(0.9708333333333332, 0.9958333333333332)",1,99.25000000000004,34132
"(0.9375, 0.9958333333333332)",2,99.25000000000004,34134
"(0.9208333333333332, 0.9958333333333332)",2,99.25000000000004,34136
"(0.9833333333333332, 0.9958333333333332)",2,99.25000000000004,34138
"(0.9333333333333332, 0.9958333333333332)",1,99.25000000000004,34139
"(0.8833333333333333, 1.0)",23,99.25,34162
"(0.7638888888888888, 1.0)",3,99.25,34165
"(0.9166666666666666, 1.0)",15,99.25,34180
"(0.7777777777777778, 1.0)",3,99.25,34183
"(0.7083333333333334, 1.0)",4,99.25,34187
"(0.8166666666666667, 1.0)",3,99.25,34190
"(0.8333333333333334, 1.0)",14,99.25,34204
"(0.7333333333333333, 0.9833333333333332)",1,99.25,34205
"(0.8166666666666667, 1.0)",7,99.25,34212
"(0.9, 1.0)",3,99.25,34215
"(1.0, 1.0)",8,99.25,34223
"(0.9583333333333334, 1.0)",1,99.25,34224
"(0.9333333333333332, 1.0)",10,99.25,34234
"(0.8055555555555556, 1.0)",5,99.25,34239
"(0.9666666666666668, 1.0)",12,99.25,34251
"(0.9833333333333332, 1.0)",9,99.25,34260
"(0.7916666666666666, 1.0)",3,99.25,34263
"(0.9027777777777778, 1.0)",6,99.25,34269
"(0.9166666666666666, 0.9833333333333332)",1,99.25,34270
"(0.8, 1.0)",1,99.25,34271
"(0.9444444444444444, 1.0)",5,99.25,34276
"(0.8666666666666667, 1.0)",10,99.25,34286
"(0.9722222222222222, 1.0)",3,99.25,34289
"(0.875, 1.0)",2,99.25,34291
"(0.6666666666666666, 1.0)",5,99.25,34296
"(0.75, 1.0)",5,99.25,34301
"(0.6833333333333333, 1.0)",2,99.25,34303
"(0.6944444444444444, 1.0)",4,99.25,34307
"(0.8833333333333333, 1.0)",1,99.25,34308
"(0.9333333333333332, 1.0)",2,99.25,34310
"(0.7, 1.0)",4,99.25,34314
"(0.7361111111111112, 1.0)",2,99.25,34316
"(0.85, 1.0)",10,99.25,34326
"(0.9305555555555556, 1.0)",5,99.25,34331
"(0.95, 1.0)",10,99.25,34341
"(0.7666666666666667, 1.0)",2,99.25,34343
"(0.9, 1.0)",11,99.25,34354
"(0.9333333333333332, 0.9833333333333332)",1,99.25,34355
"(0.8194444444444444, 1.0)",10,99.25,34365
"(0.8888888888888888, 1.0)",3,99.25,34368
"(0.7166666666666667, 1.0)",6,99.25,34374
"(0.5666666666666667, 1.0)",1,99.25,34375
"(0.8, 1.0)",7,99.25,34382
"(0.6111111111111112, 1.0)",1,99.25,34383
"(0.9166666666666666, 1.0)",2,99.25,34385
"(0.7333333333333333, 1.0)",6,99.25,34391
"(0.8333333333333334, 1.0)",2,99.25,34393
"(0.8611111111111112, 1.0)",5,99.25,34398
"(0.7833333333333333, 1.0)",6,99.25,34404
"(0.9625, 0.9958333333333332)",2,99.25,34406
"(0.7333333333333333, 1.0)",5,99.25,34411
"(0.8833333333333333, 0.9833333333333332)",1,99.25,34412
"(0.975, 0.9958333333333332)",1,99.24999999999996,34413
"(0.9833333333333332, 0.9958333333333332)",4,99.2458333333334,34417
"(0.9208333333333332, 0.9958333333333332)",1,99.2458333333334,34418
"(0.9875, 0.9958333333333332)",1,99.2458333333334,34419
"(0.975, 0.9958333333333332)",1,99.2458333333334,34420
"(0.9625, 0.9958333333333332)",1,99.2458333333334,34421
"(0.9958333333333332, 0.9958333333333332)",1,99.2458333333334,34422
"(0.9833333333333332, 0.9958333333333332)",1,99.2458333333334,34423
"(0.975, 0.9958333333333332)",1,99.2458333333334,34424
"(0.9916666666666668, 0.9958333333333332)",1,99.2458333333334,34425
"(0.9791666666666666, 0.9958333333333332)",1,99.2458333333334,34426
"(0.975, 0.9958333333333332)",1,99.24583333333338,34427
"(0.9625, 0.9958333333333332)",1,99.24583333333338,34428
"(0.9916666666666668, 0.9958333333333332)",1,99.24583333333338,34429
"(0.8916666666666667, 0.9958333333333332)",1,99.24583333333338,34430
"(0.9416666666666668, 0.9958333333333332)",1,99.24583333333338,34431
"(0.9875, 0.9958333333333332)",2,99.24583333333338,34433
"(0.9833333333333332, 0.9958333333333332)",1,99.24583333333338,34434
"(0.9875, 0.9958333333333332)",2,99.24583333333337,34436
"(0.975, 0.9958333333333332)",1,99.24583333333337,34437
"(0.9208333333333332, 0.9958333333333332)",2,99.24583333333337,34439
"(0.9041666666666668, 0.9958333333333332)",1,99.24583333333337,34440
"(0.9833333333333332, 0.9958333333333332)",2,99.24583333333337,34442
"(0.9083333333333332, 0.9958333333333332)",1,99.24583333333337,34443
"(0.9916666666666668, 0.9958333333333332)",2,99.24583333333337,34445
"(0.9791666666666666, 0.9958333333333332)",1,99.24583333333337,34446
"(0.9583333333333334, 0.9958333333333332)",1,99.24583333333337,34447
"(0.85, 0.9958333333333332)",1,99.24583333333337,34448
"(0.9166666666666666, 0.9958333333333332)",1,99.24583333333337,34449
"(0.95, 0.9958333333333332)",1,99.24583333333337,34450
"(0.9375, 0.9958333333333332)",1,99.24583333333337,34451
"(0.9333333333333332, 0.9958333333333332)",1,99.24583333333337,34452
"(0.9833333333333332, 0.9958333333333332)",1,99.24583333333334,34453
"(0.9791666666666666, 1.0)",1,99.24583333333334,34454
"(0.9875, 0.9916666666666668)",1,99.24583333333334,34455
"(0.9666666666666668, 0.9958333333333332)",2,99.24583333333332,34457
"(0.95, 0.9958333333333332)",2,99.2458333333333,34459
"(0.6162790697674418, 1.0)",1,99.24418604651164,34460
"(0.4883720930232558, 1.0)",1,99.24418604651164,34461
"(0.8255813953488372, 1.0)",2,99.24418604651164,34463
"(0.7906976744186046, 1.0)",1,99.24418604651164,34464
"(0.627906976744186, 1.0)",3,99.24418604651164,34467
"(0.7441860465116279, 1.0)",1,99.24418604651164,34468
"(0.872093023255814, 1.0)",1,99.24418604651164,34469
"(0.8488372093023255, 1.0)",1,99.24418604651164,34470
"(0.7674418604651163, 1.0)",4,99.24418604651164,34474
"(0.9186046511627908, 1.0)",1,99.24418604651162,34475
"(0.8958333333333334, 0.9958333333333332)",1,99.24166666666676,34476
"(0.975, 0.9958333333333332)",1,99.24166666666676,34477
"(0.9625, 0.9958333333333332)",1,99.24166666666676,34478
"(0.9958333333333332, 0.9958333333333332)",1,99.24166666666672,34479
"(0.9375, 0.9958333333333332)",1,99.24166666666672,34480
"(0.9708333333333332, 0.9958333333333332)",1,99.24166666666672,34481
"(0.975, 0.9958333333333332)",6,99.24166666666672,34487
"(0.9, 0.9958333333333332)",1,99.24166666666672,34488
"(0.9625, 0.9958333333333332)",1,99.24166666666672,34489
"(0.9666666666666668, 0.9958333333333332)",1,99.24166666666672,34490
"(0.8666666666666667, 0.9958333333333332)",1,99.24166666666672,34491
"(0.9875, 0.9958333333333332)",1,99.24166666666672,34492
"(0.9583333333333334, 0.9958333333333332)",1,99.24166666666672,34493
"(0.9875, 0.9958333333333332)",2,99.24166666666672,34495
"(0.9875, 0.9958333333333332)",3,99.2416666666667,34498
"(0.9625, 0.9958333333333332)",1,99.2416666666667,34499
"(1.0, 1.0)",1,99.2416666666667,34500
"(0.9208333333333332, 0.9958333333333332)",1,99.2416666666667,34501
"(0.9583333333333334, 0.9958333333333332)",1,99.2416666666667,34502
"(0.975, 0.9958333333333332)",2,99.2416666666667,34504
"(0.95, 0.9958333333333332)",2,99.2416666666667,34506
"(0.9375, 0.9958333333333332)",3,99.2416666666667,34509
"(0.9541666666666668, 0.9958333333333332)",2,99.2416666666667,34511
"(0.9791666666666666, 0.9958333333333332)",3,99.2416666666667,34514
"(0.9, 0.9958333333333332)",2,99.2416666666667,34516
"(0.9791666666666666, 1.0)",1,99.24166666666667,34517
"(0.9833333333333332, 0.9958333333333332)",1,99.24166666666666,34518
"(0.9708333333333332, 0.9916666666666668)",1,99.24166666666665,34519
"(0.9833333333333332, 0.9958333333333332)",1,99.24166666666662,34520
"(0.9791666666666666, 0.9958333333333332)",1,99.2416666666666,34521
"(0.975, 0.9958333333333332)",1,99.24166666666656,34522
"(0.9875, 0.9958333333333332)",1,99.23750000000013,34523
"(0.9541666666666668, 0.9958333333333332)",1,99.23750000000008,34524
"(0.95, 0.9958333333333332)",1,99.23750000000008,34525
"(0.9375, 0.9958333333333332)",1,99.23750000000008,34526
"(0.9625, 0.9958333333333332)",2,99.23750000000004,34528
"(0.9583333333333334, 0.9958333333333332)",1,99.23750000000004,34529
"(0.9875, 0.9958333333333332)",3,99.23750000000004,34532
"(0.9791666666666666, 0.9958333333333332)",2,99.23750000000004,34534
"(0.9875, 0.9958333333333332)",2,99.23750000000004,34536
"(0.9208333333333332, 0.9958333333333332)",4,99.23750000000004,34540
"(0.9916666666666668, 0.9958333333333332)",2,99.23750000000004,34542
"(0.975, 0.9958333333333332)",5,99.23750000000004,34547
"(0.9041666666666668, 0.9958333333333332)",1,99.23750000000004,34548
"(0.9666666666666668, 0.9958333333333332)",1,99.23750000000004,34549
"(0.9125, 0.9958333333333332)",1,99.23750000000004,34550
"(0.9291666666666668, 0.9958333333333332)",2,99.23750000000004,34552
"(0.9791666666666666, 0.9958333333333332)",1,99.23750000000004,34553
"(0.9166666666666666, 0.9958333333333332)",1,99.23750000000004,34554
"(0.9875, 0.9958333333333332)",3,99.23750000000004,34557
"(0.8666666666666667, 0.9958333333333332)",1,99.23750000000004,34558
"(0.925, 0.9958333333333332)",1,99.23750000000004,34559
"(0.9833333333333332, 0.9958333333333332)",1,99.23750000000004,34560
"(0.8958333333333334, 0.9958333333333332)",1,99.23750000000004,34561
"(0.9375, 0.9958333333333332)",2,99.23750000000004,34563
"(0.9166666666666666, 0.9958333333333332)",1,99.23750000000004,34564
"(0.9708333333333332, 0.9958333333333332)",2,99.23750000000004,34566
"(0.975, 0.9916666666666668)",1,99.23749999999994,34567
"(0.7638888888888888, 1.0)",8,99.23611111111111,34575
"(0.9583333333333334, 1.0)",2,99.23611111111111,34577
"(0.7083333333333334, 1.0)",5,99.23611111111111,34582
"(0.8333333333333334, 1.0)",4,99.23611111111111,34586
"(0.75, 1.0)",6,99.23611111111111,34592
"(0.8888888888888888, 1.0)",2,99.23611111111111,34594
"(0.8472222222222222, 1.0)",3,99.23611111111111,34597
"(0.9027777777777778, 1.0)",8,99.23611111111111,34605
"(0.9722222222222222, 1.0)",1,99.23611111111111,34606
"(0.8055555555555556, 1.0)",1,99.23611111111111,34607
"(0.8611111111111112, 1.0)",5,99.23611111111111,34612
"(0.6944444444444444, 1.0)",5,99.23611111111111,34617
"(0.7361111111111112, 1.0)",4,99.23611111111111,34621
"(0.8194444444444444, 1.0)",5,99.23611111111111,34626
"(0.7777777777777778, 1.0)",3,99.23611111111111,34629
"(0.9166666666666666, 1.0)",1,99.23611111111111,34630
"(0.7916666666666666, 1.0)",1,99.23611111111111,34631
"(0.9305555555555556, 1.0)",3,99.23611111111111,34634
"(0.875, 1.0)",1,99.23611111111111,34635
"(0.9444444444444444, 1.0)",6,99.23611111111111,34641
"(0.5972222222222222, 1.0)",1,99.23611111111111,34642
"(0.9166666666666666, 1.0)",1,99.2361111111111,34643
"(0.9958333333333332, 0.9958333333333332)",1,99.23333333333343,34644
"(0.975, 0.9958333333333332)",1,99.23333333333342,34645
"(0.9166666666666666, 0.9958333333333332)",1,99.23333333333342,34646
"(0.9791666666666666, 0.9958333333333332)",1,99.23333333333342,34647
"(0.9833333333333332, 0.9958333333333332)",2,99.2333333333334,34649
"(0.9708333333333332, 0.9958333333333332)",1,99.2333333333334,34650
"(0.9833333333333332, 0.9958333333333332)",1,99.2333333333334,34651
"(0.9875, 0.9958333333333332)",1,99.2333333333334,34652
"(0.9916666666666668, 0.9958333333333332)",1,99.2333333333334,34653
"(0.9458333333333332, 0.9958333333333332)",2,99.2333333333334,34655
"(0.975, 0.9958333333333332)",1,99.2333333333334,34656
"(0.9291666666666668, 0.9958333333333332)",2,99.23333333333338,34658
"(0.9, 0.9958333333333332)",1,99.23333333333338,34659
"(0.9791666666666666, 0.9958333333333332)",1,99.23333333333338,34660
"(0.9833333333333332, 0.9958333333333332)",4,99.23333333333338,34664
"(0.9625, 0.9958333333333332)",2,99.23333333333338,34666
"(0.975, 0.9958333333333332)",2,99.23333333333338,34668
"(0.9666666666666668, 0.9958333333333332)",1,99.23333333333338,34669
"(0.8166666666666667, 0.9958333333333332)",1,99.23333333333338,34670
"(0.95, 0.9958333333333332)",1,99.23333333333338,34671
"(0.9916666666666668, 0.9958333333333332)",1,99.23333333333338,34672
"(0.875, 0.9958333333333332)",1,99.23333333333336,34673
"(0.8833333333333333, 1.0)",2,99.23333333333336,34675
"(0.9625, 0.9958333333333332)",2,99.23333333333336,34677
"(0.8625, 0.9958333333333332)",1,99.23333333333336,34678
"(0.9208333333333332, 0.9958333333333332)",1,99.23333333333336,34679
"(0.9, 1.0)",7,99.23333333333336,34686
"(0.9083333333333332, 0.9958333333333332)",2,99.23333333333336,34688
"(0.7833333333333333, 1.0)",1,99.23333333333336,34689
"(0.9333333333333332, 0.9833333333333332)",1,99.23333333333336,34690
"(0.8333333333333334, 1.0)",8,99.23333333333336,34698
"(0.9041666666666668, 0.9958333333333332)",1,99.23333333333336,34699
"(0.9375, 0.9958333333333332)",2,99.23333333333336,34701
"(0.85, 1.0)",2,99.23333333333336,34703
"(0.75, 1.0)",1,99.23333333333336,34704
"(0.8666666666666667, 1.0)",9,99.23333333333336,34713
"(0.9916666666666668, 0.9958333333333332)",4,99.23333333333336,34717
"(0.9666666666666668, 0.9833333333333332)",2,99.23333333333336,34719
"(1.0, 1.0)",1,99.23333333333336,34720
"(0.7333333333333333, 0.9833333333333332)",1,99.23333333333336,34721
"(0.6833333333333333, 1.0)",2,99.23333333333336,34723
"(0.975, 0.9958333333333332)",1,99.23333333333336,34724
"(0.9833333333333332, 0.9958333333333332)",3,99.23333333333336,34727
"(0.9166666666666666, 0.9958333333333332)",1,99.23333333333336,34728
"(0.9, 1.0)",2,99.23333333333336,34730
"(0.9791666666666666, 0.9958333333333332)",1,99.23333333333336,34731
"(0.9666666666666668, 1.0)",1,99.23333333333336,34732
"(0.9, 0.9833333333333332)",1,99.23333333333336,34733
"(0.9333333333333332, 1.0)",1,99.23333333333336,34734
"(0.9333333333333332, 0.9833333333333332)",1,99.23333333333336,34735
"(0.9166666666666666, 1.0)",3,99.23333333333336,34738
"(0.9708333333333332, 0.9958333333333332)",2,99.23333333333336,34740
"(0.85, 1.0)",1,99.23333333333332,34741
"(0.8333333333333334, 1.0)",3,99.23333333333332,34744
"(0.8, 1.0)",1,99.23333333333332,34745
"(0.6666666666666666, 1.0)",3,99.23333333333332,34748
"(0.8833333333333333, 1.0)",14,99.23333333333332,34762
"(0.9166666666666666, 1.0)",9,99.23333333333332,34771
"(0.9833333333333332, 1.0)",16,99.23333333333332,34787
"(0.7833333333333333, 1.0)",1,99.23333333333332,34788
"(0.95, 1.0)",8,99.23333333333332,34796
"(0.8833333333333333, 1.0)",1,99.23333333333332,34797
"(1.0, 1.0)",12,99.23333333333332,34809
"(0.7333333333333333, 1.0)",7,99.23333333333332,34816
"(0.7166666666666667, 1.0)",9,99.23333333333332,34825
"(0.9666666666666668, 1.0)",7,99.23333333333332,34832
"(0.6833333333333333, 1.0)",5,99.23333333333332,34837
"(0.85, 1.0)",6,99.23333333333332,34843
"(0.75, 1.0)",3,99.23333333333332,34846
"(0.8, 1.0)",10,99.23333333333332,34856
"(0.8166666666666667, 1.0)",6,99.23333333333332,34862
"(0.7, 1.0)",2,99.23333333333332,34864
"(0.8666666666666667, 1.0)",9,99.23333333333332,34873
"(0.9, 1.0)",10,99.23333333333332,34883
"(0.7666666666666667, 1.0)",7,99.23333333333332,34890
"(0.9791666666666666, 0.9958333333333332)",2,99.23333333333332,34892
"(0.7666666666666667, 1.0)",1,99.23333333333332,34893
"(0.8333333333333334, 1.0)",10,99.23333333333332,34903
"(0.5666666666666667, 1.0)",1,99.23333333333332,34904
"(0.5833333333333334, 1.0)",2,99.23333333333332,34906
"(0.9333333333333332, 1.0)",8,99.23333333333332,34914
"(0.9833333333333332, 1.0)",1,99.23333333333332,34915
"(0.8837209302325582, 1.0)",1,99.23255813953487,34916
"(0.8488372093023255, 1.0)",1,99.23255813953487,34917
"(0.8372093023255814, 1.0)",1,99.23255813953487,34918
"(0.5930232558139535, 1.0)",1,99.23255813953487,34919
"(0.6395348837209303, 1.0)",1,99.23255813953487,34920
"(0.9186046511627908, 1.0)",1,99.23255813953487,34921
"(0.6162790697674418, 1.0)",1,99.23255813953487,34922
"(0.7441860465116279, 1.0)",1,99.23255813953487,34923
"(0.813953488372093, 1.0)",1,99.23255813953487,34924
"(0.7906976744186046, 1.0)",2,99.23255813953487,34926
"(0.6162790697674418, 1.0)",1,99.23255813953487,34927
"(0.9186046511627908, 1.0)",2,99.23255813953487,34929
"(0.627906976744186, 1.0)",2,99.23255813953487,34931
"(0.872093023255814, 1.0)",1,99.23255813953487,34932
"(1.0, 0.9958333333333332)",1,99.22916666666674,34933
"(0.9625, 0.9958333333333332)",1,99.22916666666671,34934
"(0.9833333333333332, 0.9958333333333332)",1,99.22916666666671,34935
"(0.9291666666666668, 0.9958333333333332)",2,99.22916666666671,34937
"(0.9208333333333332, 0.9958333333333332)",1,99.22916666666671,34938
"(0.9916666666666668, 0.9958333333333332)",1,99.22916666666671,34939
"(0.95, 0.9958333333333332)",2,99.22916666666671,34941
"(0.9875, 0.9958333333333332)",3,99.22916666666671,34944
"(0.975, 0.9958333333333332)",2,99.22916666666671,34946
"(0.925, 0.9958333333333332)",1,99.22916666666671,34947
"(0.9791666666666666, 0.9958333333333332)",1,99.22916666666671,34948
"(0.9333333333333332, 0.9958333333333332)",2,99.22916666666671,34950
"(0.9666666666666668, 0.9958333333333332)",1,99.22916666666671,34951
"(0.9375, 0.9958333333333332)",1,99.22916666666671,34952
"(0.8958333333333334, 0.9958333333333332)",1,99.2291666666667,34953
"(0.825, 0.9958333333333332)",1,99.2291666666667,34954
"(0.8791666666666667, 0.9958333333333332)",2,99.2291666666667,34956
"(0.8625, 0.9958333333333332)",1,99.2291666666667,34957
"(0.9333333333333332, 0.9958333333333332)",1,99.2291666666667,34958
"(0.9375, 0.9958333333333332)",1,99.2291666666667,34959
"(0.9875, 0.9958333333333332)",3,99.2291666666667,34962
"(0.9708333333333332, 0.9958333333333332)",2,99.2291666666667,34964
"(0.9208333333333332, 0.9958333333333332)",4,99.2291666666667,34968
"(0.9041666666666668, 0.9958333333333332)",2,99.2291666666667,34970
"(0.9291666666666668, 0.9958333333333332)",1,99.2291666666667,34971
"(0.85, 0.9958333333333332)",1,99.2291666666667,34972
"(0.9916666666666668, 0.9958333333333332)",1,99.2291666666667,34973
"(0.9625, 0.9958333333333332)",2,99.2291666666667,34975
"(0.8541666666666666, 0.9958333333333332)",1,99.2291666666667,34976
"(0.9791666666666666, 0.9958333333333332)",2,99.2291666666667,34978
"(0.95, 0.9958333333333332)",1,99.2291666666667,34979
"(0.9625, 0.9958333333333332)",2,99.22916666666669,34981
"(0.975, 0.9958333333333332)",1,99.22916666666664,34982
"(0.9208333333333332, 0.9958333333333332)",1,99.22500000000008,34983
"(0.9833333333333332, 0.9958333333333332)",1,99.22500000000008,34984
"(0.9291666666666668, 0.9958333333333332)",1,99.22500000000008,34985
"(0.9875, 0.9958333333333332)",1,99.22500000000008,34986
"(0.9, 0.9958333333333332)",2,99.22500000000004,34988
"(0.8916666666666667, 0.9958333333333332)",1,99.22500000000004,34989
"(0.9375, 0.9958333333333332)",4,99.22500000000004,34993
"(0.9708333333333332, 0.9958333333333332)",4,99.22500000000004,34997
"(0.9666666666666668, 0.9958333333333332)",1,99.22500000000004,34998
"(0.8791666666666667, 0.9958333333333332)",1,99.22500000000004,34999
"(0.9625, 0.9958333333333332)",1,99.22500000000004,35000
"(0.9666666666666668, 0.9958333333333332)",1,99.22500000000004,35001
"(0.9833333333333332, 0.9958333333333332)",3,99.22500000000004,35004
"(0.9916666666666668, 0.9958333333333332)",1,99.22500000000004,35005
"(0.9833333333333332, 0.9958333333333332)",1,99.22500000000004,35006
"(0.9208333333333332, 0.9958333333333332)",1,99.22500000000004,35007
"(0.9458333333333332, 0.9958333333333332)",1,99.22500000000004,35008
"(0.9333333333333332, 0.9958333333333332)",1,99.22500000000004,35009
"(0.9958333333333332, 0.9958333333333332)",2,99.22500000000004,35011
"(0.95, 0.9958333333333332)",1,99.22500000000004,35012
"(0.9791666666666666, 0.9958333333333332)",3,99.22500000000004,35015
"(0.9875, 0.9958333333333332)",3,99.22500000000004,35018
"(0.9875, 0.9958333333333332)",1,99.22500000000004,35019
"(0.9833333333333332, 0.9958333333333332)",1,99.22500000000002,35020
"(0.9791666666666666, 0.9958333333333332)",2,99.225,35022
"(0.9583333333333334, 0.9958333333333332)",1,99.22499999999998,35023
"(0.9791666666666666, 0.9958333333333332)",2,99.22499999999997,35025
"(0.8333333333333334, 1.0)",2,99.22222222222224,35027
"(0.9583333333333334, 1.0)",1,99.22222222222224,35028
"(0.8611111111111112, 1.0)",2,99.22222222222224,35030
"(0.6944444444444444, 1.0)",3,99.22222222222224,35033
"(0.7083333333333334, 1.0)",5,99.22222222222224,35038
"(0.7777777777777778, 1.0)",2,99.22222222222224,35040
"(0.7638888888888888, 1.0)",4,99.22222222222224,35044
"(0.9305555555555556, 1.0)",3,99.22222222222224,35047
"(0.875, 1.0)",2,99.22222222222224,35049
"(0.7361111111111112, 1.0)",3,99.22222222222224,35052
"(0.8888888888888888, 1.0)",1,99.22222222222224,35053
"(0.8194444444444444, 1.0)",4,99.22222222222224,35057
"(0.9444444444444444, 1.0)",4,99.22222222222224,35061
"(0.9027777777777778, 1.0)",5,99.22222222222224,35066
"(0.75, 1.0)",3,99.22222222222224,35069
"(0.7222222222222222, 1.0)",2,99.22222222222224,35071
"(0.8472222222222222, 1.0)",1,99.22222222222224,35072
"(0.9722222222222222, 1.0)",1,99.22222222222224,35073
"(0.625, 1.0)",2,99.22222222222224,35075
"(0.9027777777777778, 1.0)",1,99.2222222222222,35076
"(0.625, 1.0)",2,99.2222222222222,35078
"(0.8194444444444444, 1.0)",3,99.2222222222222,35081
"(0.6111111111111112, 1.0)",1,99.2222222222222,35082
"(0.9305555555555556, 1.0)",2,99.2222222222222,35084
"(0.8055555555555556, 1.0)",1,99.2222222222222,35085
"(0.9583333333333334, 1.0)",3,99.2222222222222,35088
"(0.9444444444444444, 1.0)",1,99.2222222222222,35089
"(0.7325581395348837, 1.0)",1,99.22093023255816,35090
"(0.7674418604651163, 1.0)",1,99.22093023255816,35091
"(0.4651162790697674, 1.0)",1,99.22093023255816,35092
"(0.7906976744186046, 1.0)",2,99.22093023255812,35094
"(0.8372093023255814, 1.0)",1,99.22093023255812,35095
"(0.9875, 0.9958333333333332)",2,99.22083333333342,35097
"(0.9458333333333332, 0.9958333333333332)",1,99.2208333333334,35098
"(0.9916666666666668, 0.9958333333333332)",1,99.2208333333334,35099
"(0.975, 0.9958333333333332)",1,99.2208333333334,35100
"(0.9541666666666668, 0.9958333333333332)",1,99.2208333333334,35101
"(0.9833333333333332, 0.9958333333333332)",1,99.2208333333334,35102
"(0.975, 0.9958333333333332)",1,99.2208333333334,35103
"(0.9125, 0.9958333333333332)",1,99.2208333333334,35104
"(0.9833333333333332, 0.9958333333333332)",1,99.2208333333334,35105
"(0.9041666666666668, 0.9958333333333332)",3,99.22083333333336,35108
"(0.9791666666666666, 0.9958333333333332)",2,99.22083333333336,35110
"(0.9333333333333332, 0.9958333333333332)",1,99.22083333333336,35111
"(0.9833333333333332, 0.9958333333333332)",3,99.22083333333336,35114
"(0.9875, 0.9958333333333332)",1,99.22083333333336,35115
"(0.95, 0.9958333333333332)",2,99.22083333333336,35117
"(0.9666666666666668, 0.9958333333333332)",1,99.22083333333336,35118
"(0.9708333333333332, 0.9958333333333332)",2,99.22083333333336,35120
"(0.8666666666666667, 0.9958333333333332)",1,99.22083333333336,35121
"(0.9458333333333332, 0.9958333333333332)",1,99.22083333333336,35122
"(0.975, 0.9958333333333332)",1,99.22083333333336,35123
"(0.9625, 0.9958333333333332)",1,99.22083333333336,35124
"(0.9666666666666668, 0.9958333333333332)",1,99.22083333333336,35125
"(0.8375, 0.9958333333333332)",1,99.22083333333336,35126
"(0.9791666666666666, 0.9958333333333332)",1,99.22083333333336,35127
"(0.9375, 0.9958333333333332)",3,99.22083333333336,35130
"(0.9833333333333332, 0.9958333333333332)",2,99.22083333333336,35132
"(0.9916666666666668, 0.9958333333333332)",3,99.22083333333336,35135
"(0.9208333333333332, 0.9958333333333332)",2,99.22083333333336,35137
"(0.975, 0.9958333333333332)",1,99.22083333333332,35138
"(0.9833333333333332, 0.9958333333333332)",2,99.22083333333332,35140
"(0.975, 1.0)",1,99.22083333333332,35141
"(0.975, 1.0)",1,99.22083333333327,35142
"(0.9833333333333332, 0.9958333333333332)",3,99.22083333333327,35145
"(0.9833333333333332, 0.9916666666666668)",1,99.22083333333326,35146
"(0.9375, 0.9958333333333332)",1,99.21666666666675,35147
"(0.9833333333333332, 0.9958333333333332)",1,99.21666666666674,35148
"(0.9791666666666666, 0.9958333333333332)",1,99.21666666666674,35149
"(0.9333333333333332, 0.9958333333333332)",1,99.21666666666674,35150
"(0.9291666666666668, 0.9958333333333332)",1,99.21666666666674,35151
"(0.9833333333333332, 0.9958333333333332)",1,99.21666666666673,35152
"(0.9458333333333332, 0.9958333333333332)",1,99.21666666666673,35153
"(0.9458333333333332, 0.9958333333333332)",1,99.21666666666673,35154
"(0.925, 0.9958333333333332)",1,99.21666666666673,35155
"(0.9708333333333332, 0.9958333333333332)",1,99.21666666666673,35156
"(0.9, 0.9958333333333332)",2,99.21666666666673,35158
"(0.9125, 0.9958333333333332)",1,99.21666666666673,35159
"(0.9291666666666668, 0.9958333333333332)",3,99.21666666666673,35162
"(0.975, 0.9958333333333332)",3,99.21666666666673,35165
"(0.9708333333333332, 0.9958333333333332)",1,99.21666666666673,35166
"(0.9791666666666666, 0.9958333333333332)",2,99.21666666666673,35168
"(0.9583333333333334, 0.9958333333333332)",1,99.21666666666673,35169
"(0.9666666666666668, 0.9958333333333332)",1,99.21666666666673,35170
"(0.9875, 0.9958333333333332)",1,99.21666666666673,35171
"(0.9375, 0.9958333333333332)",1,99.21666666666673,35172
"(0.95, 0.9958333333333332)",1,99.2166666666667,35173
"(0.9333333333333332, 0.9833333333333332)",1,99.2166666666667,35174
"(0.9875, 0.9958333333333332)",2,99.2166666666667,35176
"(0.975, 0.9958333333333332)",2,99.2166666666667,35178
"(0.9333333333333332, 0.9958333333333332)",1,99.2166666666667,35179
"(0.9, 0.9833333333333332)",3,99.2166666666667,35182
"(0.9791666666666666, 0.9958333333333332)",3,99.2166666666667,35185
"(1.0, 0.9833333333333332)",1,99.2166666666667,35186
"(0.9166666666666666, 1.0)",1,99.2166666666667,35187
"(0.9833333333333332, 0.9958333333333332)",3,99.2166666666667,35190
"(0.9208333333333332, 0.9958333333333332)",1,99.2166666666667,35191
"(0.9958333333333332, 0.9958333333333332)",1,99.2166666666667,35192
"(0.9916666666666668, 0.9958333333333332)",2,99.2166666666667,35194
"(0.9, 0.9958333333333332)",1,99.2166666666667,35195
"(0.9083333333333332, 0.9958333333333332)",1,99.2166666666667,35196
"(0.8333333333333334, 1.0)",6,99.21666666666668,35202
"(0.9333333333333332, 1.0)",3,99.21666666666668,35205
"(0.7833333333333333, 1.0)",5,99.21666666666668,35210
"(0.7333333333333333, 1.0)",5,99.21666666666668,35215
"(0.8333333333333334, 0.9833333333333332)",1,99.21666666666668,35216
"(0.7833333333333333, 1.0)",1,99.21666666666668,35217
"(0.9791666666666666, 0.9958333333333332)",1,99.21666666666668,35218
"(0.9333333333333332, 1.0)",5,99.21666666666668,35223
"(0.55, 1.0)",1,99.21666666666668,35224
"(0.9, 1.0)",3,99.21666666666668,35227
"(0.8833333333333333, 1.0)",18,99.21666666666668,35245
"(0.8166666666666667, 1.0)",11,99.21666666666668,35256
"(0.6666666666666666, 1.0)",5,99.21666666666668,35261
"(0.6833333333333333, 1.0)",3,99.21666666666668,35264
"(0.8, 1.0)",10,99.21666666666668,35274
"(0.9, 1.0)",13,99.21666666666668,35287
"(0.7166666666666667, 1.0)",6,99.21666666666668,35293
"(0.8333333333333334, 1.0)",19,99.21666666666668,35312
"(0.8833333333333333, 1.0)",1,99.21666666666668,35313
"(0.9625, 0.9958333333333332)",1,99.21666666666668,35314
"(0.7666666666666667, 1.0)",5,99.21666666666668,35319
"(0.95, 1.0)",6,99.21666666666668,35325
"(0.8833333333333333, 0.9833333333333332)",1,99.21666666666668,35326
"(0.75, 1.0)",4,99.21666666666668,35330
"(0.9833333333333332, 1.0)",11,99.21666666666668,35341
"(1.0, 1.0)",4,99.21666666666668,35345
"(0.9666666666666668, 1.0)",8,99.21666666666668,35353
"(0.8666666666666667, 1.0)",14,99.21666666666668,35367
"(0.9833333333333332, 1.0)",1,99.21666666666668,35368
"(0.9166666666666666, 1.0)",1,99.21666666666668,35369
"(0.7, 1.0)",3,99.21666666666668,35372
"(0.85, 1.0)",1,99.21666666666668,35373
"(0.85, 1.0)",12,99.21666666666668,35385
"(0.9166666666666666, 1.0)",6,99.21666666666668,35391
"(0.95, 0.9958333333333332)",1,99.21666666666664,35392
"(1.0, 1.0)",1,99.21666666666664,35393
"(0.95, 0.9958333333333332)",2,99.2166666666666,35395
"(0.8212121212121212, 0.9992424242424244)",1,99.21439393939396,35396
"(0.9708333333333332, 0.9958333333333332)",1,99.21250000000008,35397
"(0.9625, 0.9958333333333332)",1,99.21250000000008,35398
"(0.9666666666666668, 0.9958333333333332)",2,99.21250000000006,35400
"(0.9125, 0.9958333333333332)",1,99.21250000000006,35401
"(0.9625, 0.9958333333333332)",2,99.21250000000006,35403
"(0.9833333333333332, 0.9958333333333332)",1,99.21250000000006,35404
"(0.975, 0.9958333333333332)",2,99.21250000000003,35406
"(0.9916666666666668, 0.9958333333333332)",1,99.21250000000003,35407
"(0.9708333333333332, 0.9958333333333332)",2,99.21250000000003,35409
"(0.9291666666666668, 0.9958333333333332)",3,99.21250000000003,35412
"(0.9916666666666668, 0.9958333333333332)",1,99.21250000000003,35413
"(0.875, 0.9958333333333332)",1,99.21250000000003,35414
"(0.9291666666666668, 0.9958333333333332)",1,99.21250000000003,35415
"(0.9875, 0.9958333333333332)",2,99.21250000000003,35417
"(0.9791666666666666, 0.9958333333333332)",2,99.21250000000003,35419
"(0.8625, 0.9958333333333332)",1,99.21250000000003,35420
"(0.9833333333333332, 0.9958333333333332)",3,99.21250000000003,35423
"(0.8958333333333334, 0.9958333333333332)",1,99.21250000000003,35424
"(0.8375, 0.9958333333333332)",1,99.21250000000003,35425
"(0.95, 0.9958333333333332)",2,99.21250000000003,35427
"(0.925, 0.9958333333333332)",1,99.21250000000003,35428
"(0.9166666666666666, 0.9958333333333332)",3,99.21250000000003,35431
"(0.9541666666666668, 0.9958333333333332)",1,99.21250000000003,35432
"(0.9375, 0.9958333333333332)",1,99.21250000000003,35433
"(0.9708333333333332, 0.9958333333333332)",1,99.21250000000003,35434
"(0.9791666666666666, 0.9958333333333332)",1,99.21250000000002,35435
"(0.975, 0.9958333333333332)",1,99.21250000000002,35436
"(0.9458333333333332, 0.9958333333333332)",1,99.21250000000002,35437
"(0.9791666666666666, 0.9958333333333332)",1,99.21249999999998,35438
"(0.9875, 0.9958333333333332)",1,99.21249999999992,35439
"(0.8488372093023255, 1.0)",2,99.2093023255814,35441
"(0.9186046511627908, 1.0)",1,99.2093023255814,35442
"(0.4651162790697674, 1.0)",1,99.2093023255814,35443
"(0.4651162790697674, 1.0)",1,99.2093023255814,35444
"(0.6395348837209303, 1.0)",1,99.2093023255814,35445
"(0.627906976744186, 1.0)",1,99.2093023255814,35446
"(0.8372093023255814, 1.0)",2,99.2093023255814,35448
"(0.6162790697674418, 1.0)",2,99.2093023255814,35450
"(0.7674418604651163, 1.0)",1,99.2093023255814,35451
"(0.8372093023255814, 1.0)",1,99.2093023255814,35452
"(0.8255813953488372, 1.0)",1,99.2093023255814,35453
"(0.9534883720930232, 1.0)",1,99.2093023255814,35454
"(0.9625, 0.9958333333333332)",1,99.2083333333334,35455
"(0.9791666666666666, 0.9958333333333332)",1,99.2083333333334,35456
"(0.9666666666666668, 0.9958333333333332)",3,99.2083333333334,35459
"(0.9833333333333332, 0.9958333333333332)",1,99.2083333333334,35460
"(0.975, 0.9958333333333332)",1,99.2083333333334,35461
"(0.9708333333333332, 0.9958333333333332)",1,99.2083333333334,35462
"(0.9291666666666668, 0.9958333333333332)",2,99.20833333333336,35464
"(0.95, 0.9958333333333332)",1,99.20833333333336,35465
"(0.8375, 0.9958333333333332)",1,99.20833333333336,35466
"(0.9916666666666668, 0.9958333333333332)",1,99.20833333333336,35467
"(0.975, 0.9958333333333332)",1,99.20833333333336,35468
"(0.8541666666666666, 0.9958333333333332)",1,99.20833333333336,35469
"(0.9666666666666668, 0.9958333333333332)",3,99.20833333333336,35472
"(0.9791666666666666, 0.9958333333333332)",2,99.20833333333336,35474
"(0.9625, 0.9958333333333332)",1,99.20833333333336,35475
"(0.9375, 0.9958333333333332)",1,99.20833333333336,35476
"(0.9833333333333332, 0.9958333333333332)",2,99.20833333333336,35478
"(0.8625, 0.9958333333333332)",1,99.20833333333336,35479
"(0.9958333333333332, 0.9958333333333332)",1,99.20833333333336,35480
"(0.9791666666666666, 0.9958333333333332)",1,99.20833333333336,35481
"(0.9875, 0.9958333333333332)",2,99.20833333333336,35483
"(0.825, 0.9958333333333332)",2,99.20833333333336,35485
"(0.9208333333333332, 0.9958333333333332)",1,99.20833333333336,35486
"(0.9125, 0.9958333333333332)",1,99.20833333333336,35487
"(0.8916666666666667, 0.9958333333333332)",1,99.20833333333336,35488
"(0.9041666666666668, 0.9958333333333332)",2,99.20833333333336,35490
"(0.9, 0.9958333333333332)",2,99.20833333333336,35492
"(0.8333333333333334, 1.0)",1,99.20833333333334,35493
"(0.7222222222222222, 1.0)",2,99.20833333333334,35495
"(0.7916666666666666, 1.0)",1,99.20833333333334,35496
"(0.7638888888888888, 1.0)",1,99.20833333333334,35497
"(0.9444444444444444, 1.0)",1,99.20833333333334,35498
"(0.875, 1.0)",2,99.20833333333334,35500
"(0.975, 1.0)",2,99.20833333333334,35502
"(0.9625, 0.9958333333333332)",1,99.20833333333334,35503
"(0.8194444444444444, 1.0)",4,99.20833333333334,35507
"(0.9583333333333334, 1.0)",1,99.20833333333334,35508
"(0.7361111111111112, 1.0)",1,99.20833333333334,35509
"(0.8611111111111112, 1.0)",1,99.20833333333334,35510
"(0.9791666666666666, 1.0)",2,99.20833333333334,35512
"(0.7083333333333334, 1.0)",3,99.20833333333334,35515
"(0.8055555555555556, 1.0)",5,99.20833333333334,35520
"(0.8888888888888888, 1.0)",1,99.20833333333334,35521
"(0.9458333333333332, 0.9958333333333332)",2,99.20833333333334,35523
"(0.9305555555555556, 1.0)",2,99.20833333333334,35525
"(0.9166666666666666, 1.0)",1,99.20833333333334,35526
"(0.9305555555555556, 1.0)",1,99.20833333333331,35527
"(0.7083333333333334, 1.0)",2,99.20833333333331,35529
"(0.8611111111111112, 1.0)",1,99.20833333333331,35530
"(0.8888888888888888, 1.0)",4,99.20833333333331,35534
"(0.9027777777777778, 1.0)",4,99.20833333333331,35538
"(0.8194444444444444, 1.0)",5,99.20833333333331,35543
"(0.6111111111111112, 1.0)",3,99.20833333333331,35546
"(0.9166666666666666, 1.0)",1,99.20833333333331,35547
"(0.7638888888888888, 1.0)",5,99.20833333333331,35552
"(0.8333333333333334, 1.0)",3,99.20833333333331,35555
"(0.875, 1.0)",1,99.20833333333331,35556
"(0.7916666666666666, 1.0)",3,99.20833333333331,35559
"(0.7777777777777778, 1.0)",5,99.20833333333331,35564
"(0.7222222222222222, 1.0)",1,99.20833333333331,35565
"(0.75, 1.0)",1,99.20833333333331,35566
"(0.9444444444444444, 1.0)",2,99.20833333333331,35568
"(0.6944444444444444, 1.0)",1,99.20833333333331,35569
"(0.7361111111111112, 1.0)",1,99.20833333333331,35570
"(0.9708333333333332, 0.9958333333333332)",1,99.20833333333331,35571
"(0.9583333333333334, 1.0)",10,99.20833333333331,35581
"(0.9833333333333332, 0.9958333333333332)",1,99.2083333333333,35582
"(0.9875, 0.9958333333333332)",1,99.20833333333329,35583
"(0.9875, 1.0)",1,99.20833333333324,35584
"(0.9458333333333332, 0.9958333333333332)",2,99.20416666666674,35586
"(0.9375, 0.9958333333333332)",3,99.20416666666672,35589
"(0.9916666666666668, 0.9958333333333332)",1,99.20416666666672,35590
"(0.8083333333333333, 0.9958333333333332)",1,99.20416666666672,35591
"(0.8375, 0.9958333333333332)",1,99.20416666666672,35592
"(0.9083333333333332, 0.9958333333333332)",1,99.20416666666672,35593
"(0.9708333333333332, 0.9958333333333332)",1,99.20416666666672,35594
"(0.9875, 0.9958333333333332)",2,99.20416666666672,35596
"(0.9291666666666668, 0.9958333333333332)",4,99.20416666666672,35600
"(0.95, 0.9958333333333332)",2,99.20416666666672,35602
"(0.9541666666666668, 0.9958333333333332)",1,99.20416666666672,35603
"(0.9791666666666666, 0.9958333333333332)",4,99.20416666666672,35607
"(0.9833333333333332, 0.9958333333333332)",2,99.20416666666672,35609
"(0.9875, 0.9958333333333332)",3,99.20416666666672,35612
"(0.9666666666666668, 0.9958333333333332)",2,99.20416666666672,35614
"(0.9291666666666668, 0.9958333333333332)",1,99.20416666666672,35615
"(0.8791666666666667, 0.9958333333333332)",3,99.20416666666672,35618
"(0.9125, 0.9958333333333332)",1,99.20416666666672,35619
"(0.8625, 0.9958333333333332)",1,99.20416666666672,35620
"(0.9583333333333334, 0.9958333333333332)",3,99.20416666666672,35623
"(0.9625, 0.9958333333333332)",1,99.20416666666672,35624
"(0.9833333333333332, 0.9958333333333332)",2,99.20416666666672,35626
"(0.975, 0.9958333333333332)",1,99.20416666666672,35627
"(0.95, 0.9958333333333332)",1,99.2041666666667,35628
"(0.9666666666666668, 0.9958333333333332)",1,99.2041666666667,35629
"(0.9833333333333332, 0.9958333333333332)",1,99.2041666666667,35630
"(0.9375, 0.9958333333333332)",2,99.2041666666667,35632
"(0.9958333333333332, 1.0)",1,99.20416666666668,35633
"(0.9708333333333332, 0.9958333333333332)",1,99.20416666666668,35634
"(0.9833333333333332, 0.9958333333333332)",1,99.20416666666664,35635
"(0.9833333333333332, 0.9958333333333332)",1,99.20000000000012,35636
"(0.9041666666666668, 0.9958333333333332)",1,99.20000000000007,35637
"(0.8916666666666667, 0.9958333333333332)",1,99.20000000000007,35638
"(0.9791666666666666, 0.9958333333333332)",1,99.20000000000007,35639
"(0.9833333333333332, 0.9958333333333332)",1,99.20000000000007,35640
"(0.9541666666666668, 0.9958333333333332)",1,99.20000000000006,35641
"(0.9125, 0.9958333333333332)",1,99.20000000000006,35642
"(0.9625, 0.9958333333333332)",1,99.20000000000006,35643
"(0.9833333333333332, 0.9958333333333332)",1,99.20000000000006,35644
"(0.8916666666666667, 0.9958333333333332)",2,99.20000000000006,35646
"(0.9916666666666668, 0.9958333333333332)",1,99.20000000000005,35647
"(0.9916666666666668, 0.9958333333333332)",1,99.20000000000005,35648
"(0.9791666666666666, 0.9958333333333332)",1,99.20000000000005,35649
"(0.9708333333333332, 0.9958333333333332)",2,99.20000000000005,35651
"(0.8916666666666667, 0.9958333333333332)",1,99.20000000000005,35652
"(0.9583333333333334, 0.9958333333333332)",1,99.20000000000005,35653
"(0.9791666666666666, 0.9958333333333332)",3,99.20000000000005,35656
"(0.8833333333333333, 1.0)",1,99.20000000000005,35657
"(0.9166666666666666, 1.0)",1,99.20000000000005,35658
"(0.9333333333333332, 0.9958333333333332)",2,99.20000000000005,35660
"(1.0, 1.0)",1,99.20000000000005,35661
"(0.8416666666666667, 0.9958333333333332)",1,99.20000000000005,35662
"(0.9208333333333332, 0.9958333333333332)",2,99.20000000000005,35664
"(0.925, 0.9958333333333332)",2,99.20000000000005,35666
"(0.9833333333333332, 0.9958333333333332)",2,99.20000000000005,35668
"(0.9291666666666668, 0.9958333333333332)",1,99.20000000000005,35669
"(0.8375, 0.9958333333333332)",1,99.20000000000005,35670
"(0.825, 0.9958333333333332)",1,99.20000000000005,35671
"(0.8791666666666667, 0.9958333333333332)",1,99.20000000000005,35672
"(0.9083333333333332, 0.9958333333333332)",1,99.20000000000005,35673
"(0.9125, 0.9958333333333332)",1,99.20000000000005,35674
"(0.85, 0.9958333333333332)",2,99.20000000000005,35676
"(0.9875, 0.9958333333333332)",2,99.20000000000005,35678
"(0.975, 0.9958333333333332)",5,99.20000000000005,35683
"(1.0, 1.0)",1,99.20000000000005,35684
"(0.975, 0.9958333333333332)",3,99.20000000000005,35687
"(1.0, 1.0)",2,99.20000000000002,35689
"(0.75, 1.0)",3,99.20000000000002,35692
"(0.9, 1.0)",6,99.20000000000002,35698
"(0.8333333333333334, 1.0)",4,99.20000000000002,35702
"(0.9166666666666666, 1.0)",11,99.20000000000002,35713
"(0.9333333333333332, 1.0)",1,99.20000000000002,35714
"(0.9333333333333332, 0.9833333333333332)",3,99.20000000000002,35717
"(0.8166666666666667, 1.0)",1,99.20000000000002,35718
"(0.8333333333333334, 0.9833333333333332)",1,99.20000000000002,35719
"(0.95, 1.0)",1,99.20000000000002,35720
"(0.85, 1.0)",1,99.20000000000002,35721
"(0.9666666666666668, 1.0)",2,99.20000000000002,35723
"(0.8666666666666667, 1.0)",2,99.20000000000002,35725
"(0.9666666666666668, 0.9833333333333332)",1,99.20000000000002,35726
"(0.7333333333333333, 1.0)",2,99.2,35728
"(1.0, 1.0)",4,99.2,35732
"(0.9666666666666668, 1.0)",6,99.2,35738
"(0.7333333333333333, 1.0)",8,99.2,35746
"(0.8333333333333334, 1.0)",11,99.2,35757
"(0.95, 0.9958333333333332)",2,99.2,35759
"(0.7166666666666667, 1.0)",4,99.2,35763
"(0.8666666666666667, 1.0)",2,99.2,35765
"(0.9333333333333332, 1.0)",8,99.2,35773
"(0.75, 1.0)",4,99.2,35777
"(0.6833333333333333, 1.0)",1,99.2,35778
"(0.9875, 1.0)",1,99.2,35779
"(0.8166666666666667, 1.0)",5,99.2,35784
"(0.9166666666666666, 1.0)",7,99.2,35791
"(0.6, 1.0)",1,99.2,35792
"(0.85, 1.0)",12,99.2,35804
"(0.9, 1.0)",1,99.2,35805
"(0.8166666666666667, 1.0)",9,99.2,35814
"(0.9833333333333332, 1.0)",1,99.2,35815
"(0.9833333333333332, 1.0)",5,99.2,35820
"(0.8666666666666667, 1.0)",13,99.2,35833
"(0.8, 1.0)",2,99.2,35835
"(0.8, 1.0)",2,99.2,35837
"(0.8333333333333334, 1.0)",3,99.2,35840
"(0.7666666666666667, 1.0)",7,99.2,35847
"(0.6666666666666666, 1.0)",1,99.2,35848
"(0.75, 1.0)",1,99.2,35849
"(0.975, 0.9958333333333332)",2,99.2,35851
"(0.6833333333333333, 1.0)",2,99.2,35853
"(0.9625, 0.9958333333333332)",1,99.2,35854
"(1.0, 1.0)",9,99.2,35863
"(0.7833333333333333, 1.0)",2,99.2,35865
"(0.8833333333333333, 1.0)",1,99.2,35866
"(0.95, 1.0)",2,99.2,35868
"(0.9, 1.0)",9,99.2,35877
"(0.95, 1.0)",6,99.2,35883
"(0.8833333333333333, 1.0)",17,99.2,35900
"(0.7674418604651163, 1.0)",1,99.19767441860463,35901
"(0.4883720930232558, 1.0)",1,99.19767441860463,35902
"(0.6162790697674418, 1.0)",1,99.19767441860463,35903
"(0.8023255813953488, 1.0)",1,99.19767441860463,35904
"(0.8837209302325582, 1.0)",2,99.19767441860463,35906
"(0.6162790697674418, 1.0)",1,99.19767441860463,35907
"(0.5930232558139535, 1.0)",2,99.19767441860463,35909
"(0.8372093023255814, 1.0)",1,99.19767441860463,35910
"(0.7441860465116279, 1.0)",1,99.19767441860463,35911
"(0.6395348837209303, 1.0)",1,99.19767441860463,35912
"(0.9333333333333332, 0.9958333333333332)",1,99.1958333333334,35913
"(0.9041666666666668, 0.9958333333333332)",1,99.1958333333334,35914
"(0.9875, 0.9958333333333332)",2,99.1958333333334,35916
"(0.9875, 0.9958333333333332)",1,99.1958333333334,35917
"(0.9666666666666668, 0.9958333333333332)",1,99.1958333333334,35918
"(0.9833333333333332, 0.9958333333333332)",1,99.1958333333334,35919
"(0.9458333333333332, 0.9958333333333332)",1,99.1958333333334,35920
"(0.9791666666666666, 0.9958333333333332)",2,99.1958333333334,35922
"(0.95, 0.9958333333333332)",1,99.19583333333338,35923
"(0.9666666666666668, 0.9958333333333332)",1,99.19583333333338,35924
"(0.9875, 0.9958333333333332)",1,99.19583333333338,35925
"(0.9791666666666666, 0.9958333333333332)",1,99.19583333333338,35926
"(0.9375, 0.9958333333333332)",1,99.19583333333338,35927
"(1.0, 0.9958333333333332)",1,99.19583333333335,35928
"(0.8625, 0.9958333333333332)",1,99.19583333333335,35929
"(0.9666666666666668, 0.9958333333333332)",1,99.19583333333335,35930
"(0.925, 0.9958333333333332)",1,99.19583333333335,35931
"(0.8916666666666667, 0.9958333333333332)",2,99.19583333333335,35933
"(0.9625, 0.9958333333333332)",2,99.19583333333335,35935
"(0.85, 0.9958333333333332)",1,99.19583333333335,35936
"(0.8666666666666667, 0.9958333333333332)",1,99.19583333333335,35937
"(0.9208333333333332, 0.9958333333333332)",1,99.19583333333335,35938
"(0.9708333333333332, 0.9958333333333332)",2,99.19583333333335,35940
"(0.9041666666666668, 0.9958333333333332)",1,99.19583333333335,35941
"(0.9916666666666668, 0.9958333333333332)",1,99.19583333333335,35942
"(0.9833333333333332, 0.9958333333333332)",2,99.19583333333335,35944
"(0.9791666666666666, 0.9958333333333332)",3,99.19583333333335,35947
"(0.9875, 0.9958333333333332)",1,99.19583333333335,35948
"(0.975, 0.9958333333333332)",6,99.19583333333335,35954
"(0.95, 0.9958333333333332)",1,99.19583333333335,35955
"(0.975, 1.0)",1,99.19583333333334,35956
"(0.975, 0.9958333333333332)",2,99.19583333333333,35958
"(0.975, 1.0)",1,99.19583333333333,35959
"(0.9541666666666668, 0.9958333333333332)",1,99.19583333333333,35960
"(0.975, 0.9916666666666668)",1,99.1958333333332,35961
"(0.8333333333333334, 1.0)",1,99.19444444444446,35962
"(0.7361111111111112, 1.0)",3,99.19444444444444,35965
"(0.9722222222222222, 1.0)",1,99.19444444444444,35966
"(0.9444444444444444, 1.0)",2,99.19444444444444,35968
"(0.7916666666666666, 1.0)",3,99.19444444444444,35971
"(0.875, 1.0)",3,99.19444444444444,35974
"(0.9166666666666666, 1.0)",2,99.19444444444444,35976
"(0.7083333333333334, 1.0)",1,99.19444444444444,35977
"(0.8333333333333334, 1.0)",1,99.19444444444444,35978
"(0.8611111111111112, 1.0)",9,99.19444444444444,35987
"(0.8055555555555556, 1.0)",2,99.19444444444444,35989
"(0.8888888888888888, 1.0)",4,99.19444444444444,35993
"(0.8472222222222222, 1.0)",3,99.19444444444444,35996
"(0.9583333333333334, 1.0)",2,99.19444444444444,35998
"(0.8194444444444444, 1.0)",6,99.19444444444444,36004
"(0.9027777777777778, 1.0)",4,99.19444444444444,36008
"(0.9305555555555556, 1.0)",5,99.19444444444444,36013
"(0.6944444444444444, 1.0)",4,99.19444444444444,36017
"(0.7777777777777778, 1.0)",2,99.19444444444444,36019
"(0.7638888888888888, 1.0)",3,99.19444444444444,36022
"(0.9791666666666666, 0.9958333333333332)",1,99.19166666666676,36023
"(0.9625, 0.9958333333333332)",1,99.19166666666672,36024
"(0.9875, 0.9958333333333332)",1,99.19166666666672,36025
"(0.95, 0.9958333333333332)",1,99.19166666666672,36026
"(0.9666666666666668, 0.9958333333333332)",2,99.19166666666672,36028
"(0.9458333333333332, 0.9958333333333332)",1,99.19166666666672,36029
"(0.9208333333333332, 0.9958333333333332)",1,99.19166666666672,36030
"(0.9833333333333332, 0.9958333333333332)",1,99.19166666666672,36031
"(0.9708333333333332, 0.9958333333333332)",2,99.19166666666672,36033
"(0.9875, 0.9958333333333332)",1,99.19166666666672,36034
"(0.9791666666666666, 0.9958333333333332)",1,99.1916666666667,36035
"(0.9125, 0.9958333333333332)",1,99.1916666666667,36036
"(0.8041666666666667, 0.9958333333333332)",1,99.1916666666667,36037
"(0.9333333333333332, 0.9958333333333332)",1,99.1916666666667,36038
"(0.875, 0.9958333333333332)",1,99.1916666666667,36039
"(0.925, 0.9958333333333332)",2,99.1916666666667,36041
"(0.9208333333333332, 0.9958333333333332)",2,99.1916666666667,36043
"(0.9625, 0.9958333333333332)",4,99.1916666666667,36047
"(0.8958333333333334, 0.9958333333333332)",1,99.1916666666667,36048
"(0.9833333333333332, 0.9958333333333332)",3,99.1916666666667,36051
"(0.8666666666666667, 0.9958333333333332)",1,99.1916666666667,36052
"(0.8375, 0.9958333333333332)",1,99.1916666666667,36053
"(0.95, 0.9958333333333332)",1,99.1916666666667,36054
"(0.9041666666666668, 0.9958333333333332)",1,99.1916666666667,36055
"(0.9916666666666668, 0.9958333333333332)",1,99.1916666666667,36056
"(0.9416666666666668, 0.9958333333333332)",1,99.1916666666667,36057
"(0.975, 0.9958333333333332)",4,99.1916666666667,36061
"(0.9, 0.9958333333333332)",1,99.1916666666667,36062
"(0.975, 0.9958333333333332)",1,99.19166666666668,36063
"(0.9833333333333332, 0.9958333333333332)",1,99.19166666666668,36064
"(0.9791666666666666, 0.9958333333333332)",1,99.19166666666666,36065
"(0.9791666666666666, 0.9958333333333332)",1,99.19166666666663,36066
"(0.9791666666666666, 0.9958333333333332)",1,99.1875000000001,36067
"(0.975, 0.9958333333333332)",1,99.1875000000001,36068
"(0.9375, 0.9958333333333332)",1,99.18750000000009,36069
"(1.0, 0.9958333333333332)",1,99.18750000000009,36070
"(0.9458333333333332, 0.9958333333333332)",1,99.18750000000009,36071
"(0.9625, 0.9958333333333332)",1,99.18750000000006,36072
"(0.9208333333333332, 0.9958333333333332)",1,99.18750000000006,36073
"(0.95, 0.9958333333333332)",1,99.18750000000006,36074
"(0.9708333333333332, 0.9958333333333332)",1,99.18750000000006,36075
"(0.9666666666666668, 0.9958333333333332)",1,99.18750000000006,36076
"(0.975, 0.9958333333333332)",1,99.18750000000004,36077
"(0.8666666666666667, 0.9958333333333332)",1,99.18750000000004,36078
"(0.8375, 0.9958333333333332)",1,99.18750000000004,36079
"(0.9291666666666668, 0.9958333333333332)",1,99.18750000000004,36080
"(0.9375, 0.9958333333333332)",1,99.18750000000004,36081
"(0.9916666666666668, 0.9958333333333332)",1,99.18750000000004,36082
"(0.9666666666666668, 0.9958333333333332)",1,99.18750000000004,36083
"(0.825, 0.9958333333333332)",1,99.18750000000004,36084
"(0.9791666666666666, 0.9958333333333332)",1,99.18750000000004,36085
"(0.9875, 0.9958333333333332)",1,99.18750000000004,36086
"(0.9, 0.9958333333333332)",1,99.18750000000004,36087
"(0.9833333333333332, 0.9958333333333332)",1,99.18750000000004,36088
"(0.9291666666666668, 0.9958333333333332)",1,99.18750000000004,36089
"(0.9916666666666668, 0.9958333333333332)",1,99.18750000000004,36090
"(0.8541666666666666, 0.9958333333333332)",1,99.18750000000004,36091
"(0.9958333333333332, 0.9958333333333332)",1,99.18750000000004,36092
"(0.975, 0.9958333333333332)",4,99.18750000000004,36096
"(0.9625, 0.9958333333333332)",1,99.1875,36097
"(0.9833333333333332, 1.0)",1,99.1875,36098
"(0.975, 1.0)",1,99.1875,36099
"(0.975, 0.9958333333333332)",2,99.1875,36101
"(0.9875, 0.9958333333333332)",1,99.1875,36102
"(0.9791666666666666, 0.9958333333333332)",1,99.18749999999994,36103
"(0.8372093023255814, 1.0)",2,99.18604651162792,36105
"(0.627906976744186, 1.0)",1,99.18604651162792,36106
"(0.4534883720930232, 1.0)",1,99.18604651162792,36107
"(0.7441860465116279, 1.0)",1,99.18604651162792,36108
"(0.3372093023255814, 1.0)",1,99.18604651162792,36109
"(0.7906976744186046, 1.0)",2,99.18604651162792,36111
"(0.4883720930232558, 1.0)",4,99.18604651162792,36115
"(0.8255813953488372, 1.0)",1,99.18604651162792,36116
"(0.6162790697674418, 1.0)",3,99.18604651162792,36119
"(0.7674418604651163, 1.0)",1,99.1860465116279,36120
"(0.6162790697674418, 1.0)",1,99.1860465116279,36121
"(0.7906976744186046, 1.0)",1,99.1860465116279,36122
"(0.9, 0.9958333333333332)",1,99.18333333333342,36123
"(0.9625, 0.9958333333333332)",1,99.1833333333334,36124
"(0.9458333333333332, 0.9958333333333332)",1,99.1833333333334,36125
"(0.8791666666666667, 0.9958333333333332)",1,99.1833333333334,36126
"(0.9041666666666668, 0.9958333333333332)",1,99.1833333333334,36127
"(0.9375, 0.9958333333333332)",1,99.1833333333334,36128
"(0.9875, 0.9958333333333332)",1,99.1833333333334,36129
"(0.8375, 0.9958333333333332)",1,99.1833333333334,36130
"(0.9833333333333332, 0.9958333333333332)",2,99.1833333333334,36132
"(0.9333333333333332, 0.9958333333333332)",1,99.18333333333338,36133
"(0.9208333333333332, 0.9958333333333332)",3,99.18333333333338,36136
"(0.9791666666666666, 0.9958333333333332)",1,99.18333333333338,36137
"(0.9833333333333332, 0.9958333333333332)",3,99.18333333333338,36140
"(0.9041666666666668, 0.9958333333333332)",2,99.18333333333338,36142
"(0.9041666666666668, 0.9958333333333332)",1,99.18333333333337,36143
"(0.9583333333333334, 0.9958333333333332)",3,99.18333333333337,36146
"(0.85, 1.0)",2,99.18333333333337,36148
"(0.9458333333333332, 0.9958333333333332)",1,99.18333333333337,36149
"(0.8166666666666667, 1.0)",1,99.18333333333337,36150
"(0.9333333333333332, 1.0)",3,99.18333333333337,36153
"(0.9916666666666668, 0.9958333333333332)",1,99.18333333333337,36154
"(0.9, 0.9833333333333332)",1,99.18333333333337,36155
"(0.8833333333333333, 0.9833333333333332)",1,99.18333333333337,36156
"(0.875, 0.9958333333333332)",1,99.18333333333337,36157
"(0.9333333333333332, 0.9833333333333332)",1,99.18333333333337,36158
"(0.9833333333333332, 1.0)",1,99.18333333333337,36159
"(0.9, 1.0)",2,99.18333333333337,36161
"(0.8833333333333333, 1.0)",1,99.18333333333337,36162
"(0.9333333333333332, 0.9958333333333332)",1,99.18333333333337,36163
"(0.9166666666666666, 1.0)",3,99.18333333333337,36166
"(0.8666666666666667, 1.0)",1,99.18333333333337,36167
"(0.95, 1.0)",1,99.18333333333337,36168
"(0.7333333333333333, 1.0)",1,99.18333333333337,36169
"(0.9875, 0.9958333333333332)",1,99.18333333333337,36170
"(0.9833333333333332, 0.9958333333333332)",1,99.18333333333337,36171
"(1.0, 1.0)",1,99.18333333333337,36172
"(0.9666666666666668, 0.9958333333333332)",2,99.18333333333337,36174
"(1.0, 1.0)",1,99.18333333333337,36175
"(0.9791666666666666, 0.9958333333333332)",2,99.18333333333337,36177
"(0.9833333333333332, 0.9833333333333332)",1,99.18333333333337,36178
"(0.9208333333333332, 0.9958333333333332)",1,99.18333333333337,36179
"(0.8833333333333333, 1.0)",16,99.18333333333334,36195
"(0.7333333333333333, 1.0)",2,99.18333333333334,36197
"(0.6833333333333333, 1.0)",5,99.18333333333334,36202
"(0.7666666666666667, 1.0)",4,99.18333333333334,36206
"(0.9, 1.0)",10,99.18333333333334,36216
"(0.9333333333333332, 1.0)",13,99.18333333333334,36229
"(0.6666666666666666, 1.0)",1,99.18333333333334,36230
"(0.8333333333333334, 1.0)",3,99.18333333333334,36233
"(0.8666666666666667, 1.0)",7,99.18333333333334,36240
"(0.8166666666666667, 1.0)",8,99.18333333333334,36248
"(0.7166666666666667, 1.0)",10,99.18333333333334,36258
"(1.0, 1.0)",13,99.18333333333334,36271
"(0.9666666666666668, 1.0)",2,99.18333333333334,36273
"(0.975, 1.0)",1,99.18333333333334,36274
"(0.75, 1.0)",4,99.18333333333334,36278
"(0.9166666666666666, 1.0)",12,99.18333333333334,36290
"(0.95, 1.0)",4,99.18333333333334,36294
"(0.8, 1.0)",5,99.18333333333334,36299
"(0.85, 1.0)",26,99.18333333333334,36325
"(0.7833333333333333, 1.0)",7,99.18333333333334,36332
"(0.9833333333333332, 1.0)",3,99.18333333333334,36335
"(1.0, 1.0)",1,99.18333333333332,36336
"(0.7333333333333333, 1.0)",1,99.18333333333332,36337
"(0.9791666666666666, 1.0)",1,99.18333333333332,36338
"(0.975, 0.9958333333333332)",2,99.18333333333332,36340
"(0.8666666666666667, 1.0)",1,99.18333333333332,36341
"(0.9833333333333332, 0.9958333333333332)",2,99.18333333333328,36343
"(0.975, 0.9958333333333332)",1,99.18333333333328,36344
"(0.8888888888888888, 1.0)",3,99.18055555555556,36347
"(0.7222222222222222, 1.0)",2,99.18055555555556,36349
"(0.5972222222222222, 1.0)",1,99.18055555555556,36350
"(0.7083333333333334, 1.0)",2,99.18055555555556,36352
"(0.9444444444444444, 1.0)",3,99.18055555555556,36355
"(0.9583333333333334, 1.0)",4,99.18055555555556,36359
"(0.6111111111111112, 1.0)",3,99.18055555555556,36362
"(0.9027777777777778, 1.0)",6,99.18055555555556,36368
"(0.8194444444444444, 1.0)",1,99.18055555555556,36369
"(0.7777777777777778, 1.0)",1,99.18055555555556,36370
"(0.6805555555555556, 1.0)",1,99.18055555555556,36371
"(0.8611111111111112, 1.0)",7,99.18055555555556,36378
"(0.9166666666666666, 1.0)",12,99.18055555555556,36390
"(0.6944444444444444, 1.0)",1,99.18055555555556,36391
"(0.8333333333333334, 1.0)",6,99.18055555555556,36397
"(0.7361111111111112, 1.0)",1,99.18055555555556,36398
"(0.9305555555555556, 1.0)",1,99.18055555555556,36399
"(0.7916666666666666, 1.0)",2,99.18055555555556,36401
"(0.7638888888888888, 1.0)",5,99.18055555555556,36406
"(0.9444444444444444, 1.0)",2,99.18055555555554,36408
"(0.7222222222222222, 1.0)",1,99.18055555555554,36409
"(0.7638888888888888, 1.0)",2,99.18055555555554,36411
"(0.8717948717948718, 1.0)",3,99.17948717948718,36414
"(0.975, 0.9958333333333332)",1,99.17916666666676,36415
"(0.8958333333333334, 0.9958333333333332)",1,99.17916666666676,36416
"(0.9208333333333332, 0.9958333333333332)",1,99.17916666666676,36417
"(0.9875, 0.9958333333333332)",1,99.17916666666676,36418
"(0.9916666666666668, 0.9958333333333332)",1,99.17916666666676,36419
"(0.8958333333333334, 0.9958333333333332)",1,99.17916666666672,36420
"(0.9875, 0.9958333333333332)",2,99.17916666666672,36422
"(0.9708333333333332, 0.9958333333333332)",1,99.17916666666672,36423
"(0.8791666666666667, 0.9958333333333332)",1,99.17916666666672,36424
"(0.9666666666666668, 0.9958333333333332)",1,99.17916666666672,36425
"(0.9625, 0.9958333333333332)",1,99.17916666666672,36426
"(0.975, 0.9958333333333332)",1,99.17916666666672,36427
"(0.875, 0.9958333333333332)",1,99.17916666666672,36428
"(0.9791666666666666, 0.9958333333333332)",1,99.1791666666667,36429
"(0.9916666666666668, 0.9958333333333332)",2,99.1791666666667,36431
"(0.9291666666666668, 0.9958333333333332)",1,99.1791666666667,36432
"(0.8833333333333333, 0.9958333333333332)",1,99.1791666666667,36433
"(0.9583333333333334, 0.9958333333333332)",1,99.1791666666667,36434
"(0.95, 0.9958333333333332)",1,99.1791666666667,36435
"(0.975, 0.9958333333333332)",1,99.1791666666667,36436
"(0.9541666666666668, 0.9958333333333332)",1,99.1791666666667,36437
"(0.9875, 0.9958333333333332)",1,99.1791666666667,36438
"(0.9375, 0.9958333333333332)",3,99.1791666666667,36441
"(0.9666666666666668, 0.9958333333333332)",2,99.1791666666667,36443
"(0.85, 0.9958333333333332)",1,99.1791666666667,36444
"(0.8625, 0.9958333333333332)",1,99.1791666666667,36445
"(0.8541666666666666, 0.9958333333333332)",1,99.1791666666667,36446
"(0.9083333333333332, 0.9958333333333332)",1,99.1791666666667,36447
"(0.9833333333333332, 0.9958333333333332)",1,99.1791666666667,36448
"(1.0, 1.0)",1,99.17916666666667,36449
"(0.95, 0.9958333333333332)",1,99.17916666666666,36450
"(0.9791666666666666, 0.9958333333333332)",2,99.17916666666665,36452
"(0.9916666666666668, 0.9958333333333332)",2,99.17916666666665,36454
"(0.9916666666666668, 0.9958333333333332)",1,99.17916666666665,36455
"(0.9875, 0.9916666666666668)",1,99.1791666666666,36456
"(0.9875, 0.9958333333333332)",1,99.1791666666666,36457
"(0.95, 0.9958333333333332)",1,99.17500000000013,36458
"(0.9, 0.9958333333333332)",1,99.1750000000001,36459
"(0.9791666666666666, 0.9958333333333332)",1,99.17500000000008,36460
"(0.9375, 0.9958333333333332)",1,99.17500000000008,36461
"(0.9041666666666668, 0.9958333333333332)",1,99.17500000000008,36462
"(0.9333333333333332, 0.9958333333333332)",1,99.17500000000008,36463
"(0.9875, 0.9958333333333332)",3,99.17500000000008,36466
"(0.9875, 0.9958333333333332)",1,99.17500000000008,36467
"(0.9291666666666668, 0.9958333333333332)",1,99.17500000000004,36468
"(0.8958333333333334, 0.9958333333333332)",1,99.17500000000004,36469
"(0.975, 0.9958333333333332)",2,99.17500000000004,36471
"(0.9833333333333332, 0.9958333333333332)",4,99.17500000000004,36475
"(0.9375, 0.9958333333333332)",4,99.17500000000004,36479
"(0.8666666666666667, 0.9958333333333332)",1,99.17500000000004,36480
"(0.925, 0.9958333333333332)",1,99.17500000000004,36481
"(0.9166666666666666, 0.9958333333333332)",2,99.17500000000004,36483
"(0.85, 0.9958333333333332)",1,99.17500000000004,36484
"(0.9958333333333332, 0.9958333333333332)",2,99.17500000000004,36486
"(0.9791666666666666, 0.9958333333333332)",1,99.17500000000004,36487
"(0.9916666666666668, 0.9958333333333332)",1,99.17500000000004,36488
"(0.9041666666666668, 0.9958333333333332)",1,99.17500000000004,36489
"(0.975, 1.0)",2,99.17500000000004,36491
"(0.9083333333333332, 0.9958333333333332)",1,99.17500000000004,36492
"(0.9083333333333332, 0.9958333333333332)",1,99.17500000000004,36493
"(0.825, 0.9958333333333332)",1,99.17500000000004,36494
"(0.9125, 0.9958333333333332)",1,99.17500000000004,36495
"(0.975, 0.9958333333333332)",1,99.17500000000004,36496
"(0.975, 1.0)",1,99.175,36497
"(0.9708333333333332, 0.9958333333333332)",1,99.175,36498
"(0.9583333333333334, 0.9958333333333332)",1,99.17499999999995,36499
"(0.9833333333333332, 0.9958333333333332)",1,99.17499999999994,36500
"(0.9875, 0.9916666666666668)",1,99.17499999999993,36501
"(0.9875, 0.9958333333333332)",1,99.17499999999993,36502
"(0.7093023255813954, 1.0)",1,99.17441860465117,36503
"(0.4534883720930232, 1.0)",1,99.17441860465117,36504
"(0.8372093023255814, 1.0)",2,99.17441860465117,36506
"(0.872093023255814, 1.0)",1,99.17441860465117,36507
"(0.6162790697674418, 1.0)",1,99.17441860465117,36508
"(0.5930232558139535, 1.0)",1,99.17441860465117,36509
"(0.6162790697674418, 1.0)",1,99.17441860465117,36510
"(0.7441860465116279, 1.0)",1,99.17441860465117,36511
"(0.5930232558139535, 1.0)",1,99.17441860465117,36512
"(0.9125, 0.9958333333333332)",1,99.17083333333342,36513
"(0.9875, 0.9958333333333332)",1,99.17083333333342,36514
"(0.9625, 0.9958333333333332)",1,99.17083333333342,36515
"(0.825, 0.9958333333333332)",1,99.1708333333334,36516
"(0.8875, 0.9958333333333332)",1,99.1708333333334,36517
"(0.9708333333333332, 0.9958333333333332)",1,99.1708333333334,36518
"(0.8541666666666666, 0.9958333333333332)",1,99.1708333333334,36519
"(0.9916666666666668, 0.9958333333333332)",1,99.1708333333334,36520
"(0.9625, 0.9958333333333332)",1,99.1708333333334,36521
"(0.975, 0.9958333333333332)",1,99.1708333333334,36522
"(0.8625, 0.9958333333333332)",1,99.1708333333334,36523
"(0.9541666666666668, 0.9958333333333332)",1,99.1708333333334,36524
"(0.9208333333333332, 0.9958333333333332)",1,99.1708333333334,36525
"(0.9458333333333332, 0.9958333333333332)",1,99.1708333333334,36526
"(0.9791666666666666, 0.9958333333333332)",1,99.17083333333338,36527
"(0.9208333333333332, 0.9958333333333332)",2,99.17083333333338,36529
"(0.85, 0.9958333333333332)",1,99.17083333333338,36530
"(0.8666666666666667, 0.9958333333333332)",1,99.17083333333338,36531
"(0.9291666666666668, 0.9958333333333332)",2,99.17083333333338,36533
"(0.9666666666666668, 0.9958333333333332)",1,99.17083333333338,36534
"(0.8625, 0.9958333333333332)",1,99.17083333333338,36535
"(0.9875, 0.9958333333333332)",2,99.17083333333338,36537
"(0.875, 0.9958333333333332)",1,99.17083333333338,36538
"(0.9375, 0.9958333333333332)",1,99.17083333333338,36539
"(0.8375, 0.9958333333333332)",1,99.17083333333338,36540
"(0.9333333333333332, 0.9958333333333332)",4,99.17083333333338,36544
"(0.925, 0.9958333333333332)",1,99.17083333333338,36545
"(0.975, 0.9958333333333332)",1,99.17083333333336,36546
"(0.9916666666666668, 0.9958333333333332)",1,99.17083333333336,36547
"(0.9416666666666668, 0.9958333333333332)",1,99.17083333333336,36548
"(0.9333333333333332, 0.9958333333333332)",1,99.17083333333336,36549
"(0.9833333333333332, 0.9958333333333332)",3,99.17083333333336,36552
"(0.95, 0.9958333333333332)",1,99.17083333333336,36553
"(0.9708333333333332, 0.9958333333333332)",1,99.17083333333336,36554
"(0.9375, 0.9958333333333332)",1,99.17083333333336,36555
"(0.9791666666666666, 0.9958333333333332)",2,99.17083333333332,36557
"(0.9541666666666668, 0.9958333333333332)",2,99.17083333333332,36559
"(0.9833333333333332, 0.9958333333333332)",1,99.17083333333323,36560
"(0.9958333333333332, 0.9958333333333332)",1,99.17083333333323,36561
"(0.8875, 0.9958333333333332)",1,99.16666666666676,36562
"(0.9833333333333332, 0.9958333333333332)",1,99.16666666666674,36563
"(0.9041666666666668, 0.9958333333333332)",1,99.16666666666674,36564
"(0.9625, 0.9958333333333332)",1,99.16666666666674,36565
"(0.9791666666666666, 0.9958333333333332)",1,99.16666666666671,36566
"(0.9875, 0.9958333333333332)",1,99.16666666666671,36567
"(0.9958333333333332, 0.9958333333333332)",1,99.16666666666671,36568
"(0.8625, 0.9958333333333332)",1,99.16666666666671,36569
"(0.9208333333333332, 0.9958333333333332)",2,99.16666666666671,36571
"(0.9166666666666666, 1.0)",1,99.1666666666667,36572
"(0.9833333333333332, 0.9958333333333332)",2,99.1666666666667,36574
"(0.8958333333333334, 0.9958333333333332)",1,99.1666666666667,36575
"(0.975, 0.9958333333333332)",1,99.1666666666667,36576
"(0.9791666666666666, 0.9958333333333332)",3,99.1666666666667,36579
"(0.8541666666666666, 0.9958333333333332)",1,99.1666666666667,36580
"(0.9208333333333332, 0.9958333333333332)",2,99.1666666666667,36582
"(0.95, 0.9958333333333332)",1,99.1666666666667,36583
"(0.9625, 0.9958333333333332)",1,99.1666666666667,36584
"(0.9583333333333334, 0.9958333333333332)",1,99.1666666666667,36585
"(0.8666666666666667, 0.9958333333333332)",1,99.1666666666667,36586
"(0.8, 1.0)",2,99.16666666666669,36588
"(0.8333333333333334, 1.0)",10,99.16666666666669,36598
"(0.7166666666666667, 1.0)",1,99.16666666666669,36599
"(0.9333333333333332, 1.0)",1,99.16666666666669,36600
"(0.8166666666666667, 1.0)",1,99.16666666666669,36601
"(0.75, 1.0)",1,99.16666666666669,36602
"(0.9305555555555556, 1.0)",4,99.16666666666669,36606
"(0.8666666666666667, 1.0)",4,99.16666666666669,36610
"(0.6666666666666666, 1.0)",2,99.16666666666669,36612
"(0.8666666666666667, 0.9833333333333332)",2,99.16666666666669,36614
"(0.8333333333333334, 1.0)",5,99.16666666666669,36619
"(0.9, 1.0)",6,99.16666666666669,36625
"(1.0, 1.0)",2,99.16666666666669,36627
"(0.95, 1.0)",4,99.16666666666669,36631
"(0.6805555555555556, 1.0)",1,99.16666666666669,36632
"(0.9027777777777778, 1.0)",2,99.16666666666669,36634
"(0.8611111111111112, 1.0)",1,99.16666666666669,36635
"(1.0, 1.0)",5,99.16666666666669,36640
"(0.9333333333333332, 1.0)",3,99.16666666666669,36643
"(0.9, 1.0)",2,99.16666666666669,36645
"(0.9583333333333334, 1.0)",1,99.16666666666669,36646
"(0.8055555555555556, 1.0)",1,99.16666666666669,36647
"(0.7083333333333334, 1.0)",2,99.16666666666669,36649
"(0.9, 0.9833333333333332)",2,99.16666666666669,36651
"(0.7222222222222222, 1.0)",1,99.16666666666669,36652
"(0.85, 1.0)",4,99.16666666666669,36656
"(0.8833333333333333, 0.9833333333333332)",1,99.16666666666669,36657
"(0.8, 1.0)",4,99.16666666666669,36661
"(0.6833333333333333, 1.0)",1,99.16666666666669,36662
"(0.9166666666666666, 1.0)",8,99.16666666666669,36670
"(0.9166666666666666, 1.0)",7,99.16666666666669,36677
"(0.6111111111111112, 1.0)",1,99.16666666666669,36678
"(0.8833333333333333, 1.0)",2,99.16666666666669,36680
"(0.7, 1.0)",1,99.16666666666669,36681
"(0.7333333333333333, 1.0)",5,99.16666666666669,36686
"(0.7777777777777778, 1.0)",3,99.16666666666669,36689
"(0.7666666666666667, 1.0)",2,99.16666666666669,36691
"(0.7361111111111112, 1.0)",1,99.16666666666669,36692
"(0.9833333333333332, 1.0)",5,99.16666666666669,36697
"(0.7833333333333333, 1.0)",1,99.16666666666669,36698
"(0.9444444444444444, 1.0)",2,99.16666666666669,36700
"(0.8666666666666667, 1.0)",2,99.16666666666669,36702
"(0.8833333333333333, 1.0)",3,99.16666666666669,36705
"(0.625, 1.0)",1,99.16666666666669,36706
"(0.85, 1.0)",2,99.16666666666669,36708
"(0.9027777777777778, 1.0)",3,99.16666666666666,36711
"(1.0, 1.0)",9,99.16666666666666,36720
"(0.9833333333333332, 1.0)",6,99.16666666666666,36726
"(0.7166666666666667, 1.0)",1,99.16666666666666,36727
"(0.9791666666666666, 0.9958333333333332)",1,99.16666666666666,36728
"(0.7638888888888888, 1.0)",4,99.16666666666666,36732
"(0.8472222222222222, 1.0)",2,99.16666666666666,36734
"(0.8166666666666667, 1.0)",1,99.16666666666666,36735
"(0.9444444444444444, 1.0)",2,99.16666666666666,36737
"(0.7666666666666667, 1.0)",1,99.16666666666666,36738
"(0.6833333333333333, 1.0)",1,99.16666666666666,36739
"(0.7222222222222222, 1.0)",2,99.16666666666666,36741
"(0.75, 1.0)",4,99.16666666666666,36745
"(0.7333333333333333, 1.0)",2,99.16666666666666,36747
"(0.5972222222222222, 1.0)",2,99.16666666666666,36749
"(0.8666666666666667, 1.0)",1,99.16666666666666,36750
"(0.7833333333333333, 1.0)",2,99.16666666666666,36752
"(0.9, 1.0)",8,99.16666666666666,36760
"(0.7916666666666666, 1.0)",1,99.16666666666666,36761
"(0.8055555555555556, 1.0)",2,99.16666666666666,36763
"(0.8888888888888888, 1.0)",1,99.16666666666666,36764
"(0.625, 1.0)",2,99.16666666666666,36766
"(0.6666666666666666, 1.0)",1,99.16666666666666,36767
"(0.9166666666666666, 1.0)",4,99.16666666666666,36771
"(0.8194444444444444, 1.0)",5,99.16666666666666,36776
"(0.8, 1.0)",2,99.16666666666666,36778
"(0.7361111111111112, 1.0)",1,99.16666666666666,36779
"(0.7777777777777778, 1.0)",3,99.16666666666666,36782
"(0.8833333333333333, 1.0)",5,99.16666666666666,36787
"(0.9333333333333332, 1.0)",8,99.16666666666666,36795
"(0.9666666666666668, 1.0)",4,99.16666666666666,36799
"(0.875, 1.0)",4,99.16666666666666,36803
"(0.8333333333333334, 1.0)",14,99.16666666666666,36817
"(0.7083333333333334, 1.0)",9,99.16666666666666,36826
"(0.85, 1.0)",18,99.16666666666666,36844
"(0.7, 1.0)",1,99.16666666666666,36845
"(0.9305555555555556, 1.0)",2,99.16666666666666,36847
"(0.9916666666666668, 0.9958333333333332)",1,99.1666666666666,36848
"(0.9791666666666666, 0.9958333333333332)",1,99.16666666666656,36849
"(0.6162790697674418, 1.0)",3,99.1627906976744,36852
"(0.7674418604651163, 1.0)",2,99.1627906976744,36854
"(0.627906976744186, 1.0)",3,99.1627906976744,36857
"(0.4651162790697674, 1.0)",2,99.1627906976744,36859
"(0.6395348837209303, 1.0)",1,99.1627906976744,36860
"(0.4534883720930232, 1.0)",2,99.1627906976744,36862
"(0.7906976744186046, 1.0)",2,99.1627906976744,36864
"(0.5930232558139535, 1.0)",1,99.1627906976744,36865
"(1.0, 0.9958333333333332)",1,99.16250000000012,36866
"(0.9625, 0.9958333333333332)",2,99.16250000000008,36868
"(0.975, 0.9958333333333332)",1,99.16250000000008,36869
"(0.9833333333333332, 0.9958333333333332)",2,99.16250000000008,36871
"(0.9875, 0.9958333333333332)",1,99.16250000000008,36872
"(0.9708333333333332, 0.9958333333333332)",1,99.16250000000008,36873
"(0.9791666666666666, 0.9958333333333332)",2,99.16250000000004,36875
"(0.9208333333333332, 0.9958333333333332)",2,99.16250000000004,36877
"(0.9458333333333332, 0.9958333333333332)",1,99.16250000000004,36878
"(0.9916666666666668, 0.9958333333333332)",1,99.16250000000004,36879
"(0.975, 0.9958333333333332)",1,99.16250000000004,36880
"(0.8958333333333334, 0.9958333333333332)",2,99.16250000000004,36882
"(0.9916666666666668, 0.9958333333333332)",2,99.16250000000004,36884
"(0.9291666666666668, 0.9958333333333332)",1,99.16250000000004,36885
"(0.95, 0.9958333333333332)",4,99.16250000000004,36889
"(0.9875, 0.9958333333333332)",1,99.16250000000004,36890
"(0.8666666666666667, 0.9958333333333332)",2,99.16250000000004,36892
"(0.9875, 0.9958333333333332)",1,99.16250000000004,36893
"(0.925, 0.9958333333333332)",1,99.16250000000004,36894
"(0.975, 0.9958333333333332)",1,99.16250000000004,36895
"(0.9708333333333332, 0.9958333333333332)",1,99.16250000000004,36896
"(0.8541666666666666, 0.9958333333333332)",1,99.16250000000004,36897
"(0.9833333333333332, 0.9958333333333332)",1,99.1625,36898
"(0.975, 1.0)",1,99.1625,36899
"(1.0, 1.0)",1,99.1625,36900
"(0.9875, 0.9958333333333332)",1,99.16249999999998,36901
"(0.9833333333333332, 0.9958333333333332)",1,99.16249999999998,36902
"(0.975, 0.9958333333333332)",1,99.16249999999988,36903
"(0.9833333333333332, 0.9958333333333332)",1,99.15833333333342,36904
"(0.9791666666666666, 0.9958333333333332)",1,99.15833333333342,36905
"(0.9041666666666668, 0.9958333333333332)",1,99.1583333333334,36906
"(0.9875, 0.9958333333333332)",1,99.1583333333334,36907
"(0.9791666666666666, 0.9958333333333332)",2,99.1583333333334,36909
"(0.9708333333333332, 0.9958333333333332)",1,99.1583333333334,36910
"(0.9458333333333332, 0.9958333333333332)",1,99.1583333333334,36911
"(0.85, 0.9958333333333332)",1,99.1583333333334,36912
"(0.9833333333333332, 0.9958333333333332)",2,99.1583333333334,36914
"(0.9791666666666666, 0.9958333333333332)",2,99.1583333333334,36916
"(0.975, 0.9958333333333332)",1,99.1583333333334,36917
"(0.975, 0.9958333333333332)",1,99.1583333333334,36918
"(0.9916666666666668, 0.9958333333333332)",3,99.1583333333334,36921
"(0.9791666666666666, 0.9958333333333332)",1,99.15833333333336,36922
"(0.9916666666666668, 0.9958333333333332)",1,99.15833333333336,36923
"(0.975, 0.9958333333333332)",1,99.15833333333336,36924
"(0.95, 0.9958333333333332)",1,99.15833333333336,36925
"(0.9208333333333332, 0.9958333333333332)",2,99.15833333333336,36927
"(0.9458333333333332, 0.9958333333333332)",1,99.15833333333336,36928
"(0.9833333333333332, 0.9958333333333332)",1,99.15833333333336,36929
"(0.9666666666666668, 0.9958333333333332)",1,99.15833333333336,36930
"(0.9958333333333332, 0.9958333333333332)",1,99.15833333333336,36931
"(0.9875, 0.9958333333333332)",1,99.15833333333336,36932
"(0.9791666666666666, 0.9958333333333332)",2,99.15833333333336,36934
"(0.9208333333333332, 0.9958333333333332)",1,99.15833333333336,36935
"(0.8666666666666667, 0.9958333333333332)",2,99.15833333333336,36937
"(0.9291666666666668, 0.9958333333333332)",3,99.15833333333336,36940
"(0.9916666666666668, 0.9958333333333332)",1,99.15833333333336,36941
"(0.8541666666666666, 0.9958333333333332)",2,99.15833333333336,36943
"(0.9166666666666666, 0.9958333333333332)",1,99.15833333333336,36944
"(0.9958333333333332, 0.9958333333333332)",1,99.15833333333336,36945
"(0.9583333333333334, 0.9958333333333332)",3,99.15833333333336,36948
"(0.9791666666666666, 1.0)",1,99.15833333333332,36949
"(0.9875, 0.9916666666666668)",1,99.15833333333312,36950
"(0.9625, 0.9958333333333332)",2,99.15416666666675,36952
"(0.9708333333333332, 0.9958333333333332)",1,99.15416666666675,36953
"(0.9625, 0.9958333333333332)",1,99.15416666666674,36954
"(0.8666666666666667, 0.9958333333333332)",1,99.15416666666673,36955
"(0.9916666666666668, 0.9958333333333332)",2,99.15416666666673,36957
"(0.9833333333333332, 0.9958333333333332)",2,99.15416666666673,36959
"(0.975, 0.9958333333333332)",1,99.15416666666673,36960
"(0.8625, 0.9958333333333332)",3,99.15416666666673,36963
"(0.85, 0.9958333333333332)",2,99.15416666666673,36965
"(0.9, 0.9958333333333332)",1,99.15416666666673,36966
"(0.8791666666666667, 0.9958333333333332)",2,99.15416666666673,36968
"(0.9625, 0.9958333333333332)",2,99.15416666666673,36970
"(0.9125, 0.9958333333333332)",1,99.15416666666673,36971
"(0.8666666666666667, 0.9958333333333332)",1,99.15416666666673,36972
"(0.9458333333333332, 0.9958333333333332)",1,99.15416666666673,36973
"(0.9291666666666668, 0.9958333333333332)",1,99.15416666666673,36974
"(0.9375, 0.9958333333333332)",1,99.15416666666673,36975
"(0.9208333333333332, 0.9958333333333332)",1,99.15416666666673,36976
"(0.9916666666666668, 0.9958333333333332)",1,99.1541666666667,36977
"(0.9416666666666668, 0.9958333333333332)",1,99.1541666666667,36978
"(0.9375, 0.9958333333333332)",1,99.1541666666667,36979
"(0.9583333333333334, 0.9958333333333332)",1,99.1541666666667,36980
"(0.975, 0.9958333333333332)",3,99.1541666666667,36983
"(0.9041666666666668, 0.9958333333333332)",1,99.1541666666667,36984
"(0.8666666666666667, 0.9958333333333332)",1,99.1541666666667,36985
"(0.875, 0.9958333333333332)",2,99.1541666666667,36987
"(0.9791666666666666, 0.9958333333333332)",5,99.1541666666667,36992
"(0.9291666666666668, 0.9958333333333332)",2,99.1541666666667,36994
"(0.9833333333333332, 0.9958333333333332)",2,99.15416666666668,36996
"(0.9833333333333332, 1.0)",1,99.15416666666668,36997
"(0.9666666666666668, 0.9958333333333332)",1,99.15416666666664,36998
"(0.9583333333333334, 1.0)",1,99.15416666666664,36999
"(0.9458333333333332, 0.9958333333333332)",1,99.15416666666664,37000
"(0.9833333333333332, 0.9958333333333332)",2,99.1541666666666,37002
"(0.975, 0.9958333333333332)",1,99.1541666666666,37003
"(0.9875, 0.9958333333333332)",2,99.15416666666658,37005
"(0.8205128205128205, 1.0)",7,99.15384615384616,37012
"(0.9444444444444444, 1.0)",1,99.1527777777778,37013
"(0.9166666666666666, 0.9861111111111112)",1,99.1527777777778,37014
"(0.9305555555555556, 1.0)",1,99.1527777777778,37015
"(0.8333333333333334, 1.0)",5,99.15277777777776,37020
"(0.8611111111111112, 1.0)",4,99.15277777777776,37024
"(0.7638888888888888, 1.0)",2,99.15277777777776,37026
"(0.8055555555555556, 1.0)",2,99.15277777777776,37028
"(0.5972222222222222, 1.0)",1,99.15277777777776,37029
"(0.8194444444444444, 1.0)",4,99.15277777777776,37033
"(0.8888888888888888, 1.0)",4,99.15277777777776,37037
"(0.8472222222222222, 1.0)",3,99.15277777777776,37040
"(0.9444444444444444, 1.0)",5,99.15277777777776,37045
"(0.6111111111111112, 1.0)",1,99.15277777777776,37046
"(0.6944444444444444, 1.0)",1,99.15277777777776,37047
"(0.7222222222222222, 1.0)",3,99.15277777777776,37050
"(0.6805555555555556, 1.0)",2,99.15277777777776,37052
"(0.7777777777777778, 1.0)",1,99.15277777777776,37053
"(0.9583333333333334, 1.0)",3,99.15277777777776,37056
"(0.7083333333333334, 1.0)",7,99.15277777777776,37063
"(0.9305555555555556, 1.0)",6,99.15277777777776,37069
"(0.9027777777777778, 1.0)",4,99.15277777777776,37073
"(0.75, 1.0)",3,99.15277777777776,37076
"(0.875, 1.0)",3,99.15277777777776,37079
"(0.5930232558139535, 1.0)",4,99.15116279069768,37083
"(0.3372093023255814, 1.0)",2,99.15116279069768,37085
"(0.8488372093023255, 1.0)",1,99.15116279069768,37086
"(0.8372093023255814, 1.0)",1,99.15116279069768,37087
"(0.8255813953488372, 1.0)",2,99.15116279069768,37089
"(0.5697674418604651, 1.0)",1,99.15116279069768,37090
"(0.7674418604651163, 1.0)",4,99.15116279069768,37094
"(0.7906976744186046, 1.0)",1,99.15116279069768,37095
"(0.4883720930232558, 1.0)",1,99.15116279069768,37096
"(0.6162790697674418, 1.0)",2,99.15116279069768,37098
"(0.4651162790697674, 1.0)",2,99.15116279069768,37100
"(0.8791666666666667, 0.9958333333333332)",1,99.15000000000008,37101
"(0.975, 0.9958333333333332)",1,99.15000000000008,37102
"(0.9375, 0.9958333333333332)",1,99.15000000000008,37103
"(0.9375, 0.9958333333333332)",1,99.15000000000006,37104
"(0.9833333333333332, 0.9958333333333332)",1,99.15000000000006,37105
"(0.9333333333333332, 0.9958333333333332)",1,99.15000000000006,37106
"(0.9833333333333332, 0.9958333333333332)",1,99.15000000000003,37107
"(0.9166666666666666, 1.0)",1,99.15000000000003,37108
"(0.9875, 0.9958333333333332)",1,99.15000000000003,37109
"(0.9666666666666668, 0.9958333333333332)",2,99.15000000000003,37111
"(0.9208333333333332, 0.9958333333333332)",3,99.15000000000003,37114
"(0.9458333333333332, 0.9958333333333332)",1,99.15000000000003,37115
"(0.9833333333333332, 0.9958333333333332)",2,99.15000000000003,37117
"(0.9, 0.9958333333333332)",1,99.15000000000003,37118
"(0.95, 0.9958333333333332)",1,99.15000000000003,37119
"(0.975, 0.9958333333333332)",2,99.15000000000003,37121
"(0.9916666666666668, 0.9958333333333332)",1,99.15000000000003,37122
"(0.9791666666666666, 0.9958333333333332)",1,99.15000000000003,37123
"(0.9333333333333332, 0.9958333333333332)",1,99.15000000000003,37124
"(0.925, 0.9958333333333332)",1,99.15000000000003,37125
"(0.9083333333333332, 0.9958333333333332)",1,99.15000000000003,37126
"(0.9125, 0.9958333333333332)",1,99.15000000000003,37127
"(0.975, 0.9958333333333332)",1,99.15000000000003,37128
"(0.9875, 0.9958333333333332)",3,99.15000000000003,37131
"(0.8625, 0.9958333333333332)",1,99.15000000000003,37132
"(0.7833333333333333, 1.0)",2,99.15000000000002,37134
"(0.8333333333333334, 0.9833333333333332)",1,99.15000000000002,37135
"(0.8833333333333333, 1.0)",1,99.15000000000002,37136
"(0.8166666666666667, 1.0)",1,99.15000000000002,37137
"(0.9166666666666666, 1.0)",3,99.15000000000002,37140
"(0.8333333333333334, 1.0)",2,99.15000000000002,37142
"(0.8666666666666667, 1.0)",1,99.15000000000002,37143
"(0.7166666666666667, 1.0)",1,99.15000000000002,37144
"(0.8833333333333333, 0.9833333333333332)",1,99.15000000000002,37145
"(0.9, 1.0)",1,99.15000000000002,37146
"(0.85, 1.0)",1,99.15000000000002,37147
"(1.0, 1.0)",12,99.15,37159
"(0.75, 1.0)",4,99.15,37163
"(0.85, 1.0)",12,99.15,37175
"(0.9833333333333332, 1.0)",9,99.15,37184
"(0.6833333333333333, 1.0)",1,99.15,37185
"(0.7833333333333333, 1.0)",2,99.15,37187
"(0.9333333333333332, 1.0)",1,99.15,37188
"(0.8333333333333334, 1.0)",1,99.15,37189
"(0.7166666666666667, 1.0)",2,99.15,37191
"(0.8666666666666667, 1.0)",6,99.15,37197
"(0.8833333333333333, 1.0)",10,99.15,37207
"(0.9166666666666666, 1.0)",17,99.15,37224
"(0.95, 1.0)",3,99.15,37227
"(0.8333333333333334, 1.0)",15,99.15,37242
"(0.8, 1.0)",12,99.15,37254
"(0.9666666666666668, 1.0)",10,99.15,37264
"(0.8166666666666667, 1.0)",9,99.15,37273
"(0.6666666666666666, 1.0)",3,99.15,37276
"(0.7666666666666667, 1.0)",2,99.15,37278
"(0.9833333333333332, 1.0)",3,99.15,37281
"(0.9, 1.0)",9,99.15,37290
"(0.7333333333333333, 1.0)",8,99.15,37298
"(0.7, 1.0)",3,99.15,37301
"(0.9791666666666666, 0.9958333333333332)",1,99.14999999999998,37302
"(0.9791666666666666, 0.9958333333333332)",1,99.14999999999996,37303
"(0.975, 0.9958333333333332)",2,99.14999999999988,37305
"(0.8958333333333334, 0.9958333333333332)",1,99.14583333333344,37306
"(0.9125, 0.9958333333333332)",1,99.1458333333334,37307
"(0.9875, 0.9958333333333332)",2,99.1458333333334,37309
"(0.9875, 0.9958333333333332)",1,99.1458333333334,37310
"(0.9791666666666666, 0.9958333333333332)",1,99.1458333333334,37311
"(0.9666666666666668, 0.9958333333333332)",2,99.1458333333334,37313
"(0.9625, 0.9958333333333332)",2,99.1458333333334,37315
"(0.925, 0.9958333333333332)",1,99.1458333333334,37316
"(0.9125, 0.9958333333333332)",1,99.14583333333336,37317
"(0.8375, 0.9958333333333332)",1,99.14583333333336,37318
"(0.925, 0.9958333333333332)",1,99.14583333333336,37319
"(0.9708333333333332, 0.9958333333333332)",1,99.14583333333336,37320
"(0.9208333333333332, 0.9958333333333332)",2,99.14583333333336,37322
"(0.9541666666666668, 0.9958333333333332)",1,99.14583333333336,37323
"(0.9291666666666668, 0.9958333333333332)",1,99.14583333333336,37324
"(0.975, 0.9958333333333332)",2,99.14583333333336,37326
"(0.9958333333333332, 0.9958333333333332)",1,99.14583333333336,37327
"(0.9833333333333332, 0.9958333333333332)",1,99.14583333333336,37328
"(0.9791666666666666, 0.9958333333333332)",3,99.14583333333336,37331
"(0.9666666666666668, 0.9958333333333332)",3,99.14583333333336,37334
"(0.9875, 0.9958333333333332)",3,99.14583333333336,37337
"(0.95, 0.9958333333333332)",1,99.14583333333336,37338
"(0.9083333333333332, 0.9958333333333332)",1,99.14583333333336,37339
"(0.975, 0.9958333333333332)",1,99.14583333333336,37340
"(0.9375, 0.9958333333333332)",1,99.14583333333336,37341
"(1.0, 1.0)",1,99.14583333333334,37342
"(0.9833333333333332, 0.9958333333333332)",2,99.14583333333331,37344
"(0.9916666666666668, 0.9958333333333332)",1,99.14583333333331,37345
"(0.9666666666666668, 0.9958333333333332)",1,99.1458333333333,37346
"(0.9791666666666666, 0.9958333333333332)",1,99.1458333333333,37347
"(0.9916666666666668, 0.9958333333333332)",2,99.14583333333329,37349
"(0.9333333333333332, 0.9958333333333332)",1,99.14166666666677,37350
"(0.9291666666666668, 0.9958333333333332)",1,99.14166666666677,37351
"(0.9333333333333332, 0.9958333333333332)",1,99.14166666666674,37352
"(0.9833333333333332, 0.9958333333333332)",1,99.14166666666674,37353
"(0.7958333333333333, 0.9958333333333332)",1,99.14166666666674,37354
"(0.9333333333333332, 0.9958333333333332)",1,99.14166666666672,37355
"(0.9208333333333332, 0.9958333333333332)",1,99.14166666666672,37356
"(0.9916666666666668, 0.9958333333333332)",1,99.14166666666672,37357
"(0.9875, 0.9958333333333332)",2,99.14166666666672,37359
"(0.9958333333333332, 0.9958333333333332)",2,99.14166666666672,37361
"(0.9583333333333334, 0.9958333333333332)",1,99.14166666666672,37362
"(0.9166666666666666, 0.9958333333333332)",1,99.14166666666672,37363
"(0.9, 0.9958333333333332)",1,99.14166666666672,37364
"(0.9208333333333332, 0.9958333333333332)",3,99.14166666666672,37367
"(0.9791666666666666, 0.9958333333333332)",1,99.14166666666672,37368
"(0.8666666666666667, 0.9958333333333332)",1,99.14166666666672,37369
"(0.9041666666666668, 0.9958333333333332)",1,99.14166666666672,37370
"(0.9625, 0.9958333333333332)",1,99.14166666666672,37371
"(0.9875, 0.9958333333333332)",1,99.14166666666672,37372
"(0.95, 0.9958333333333332)",1,99.14166666666672,37373
"(0.9833333333333332, 0.9958333333333332)",1,99.14166666666672,37374
"(0.9291666666666668, 0.9958333333333332)",1,99.14166666666672,37375
"(0.8791666666666667, 0.9958333333333332)",1,99.14166666666672,37376
"(0.9375, 0.9958333333333332)",1,99.14166666666672,37377
"(0.9375, 0.9958333333333332)",3,99.14166666666672,37380
"(0.9666666666666668, 0.9958333333333332)",2,99.14166666666672,37382
"(0.9625, 0.9958333333333332)",1,99.14166666666672,37383
"(0.825, 0.9958333333333332)",1,99.1416666666667,37384
"(0.95, 0.9958333333333332)",1,99.1416666666667,37385
"(0.9708333333333332, 0.9958333333333332)",1,99.1416666666667,37386
"(0.9875, 0.9958333333333332)",1,99.1416666666667,37387
"(0.9958333333333332, 0.9958333333333332)",2,99.14166666666668,37389
"(0.9833333333333332, 0.9958333333333332)",1,99.14166666666668,37390
"(0.9875, 0.9958333333333332)",1,99.14166666666668,37391
"(0.9791666666666666, 0.9958333333333332)",3,99.14166666666664,37394
"(0.95, 0.9958333333333332)",1,99.14166666666662,37395
"(0.9916666666666668, 0.9958333333333332)",1,99.1416666666666,37396
"(0.9791666666666666, 0.9958333333333332)",1,99.1416666666666,37397
"(0.7674418604651163, 1.0)",1,99.13953488372093,37398
"(0.872093023255814, 1.0)",1,99.13953488372093,37399
"(0.5930232558139535, 1.0)",1,99.13953488372093,37400
"(0.627906976744186, 1.0)",2,99.13953488372093,37402
"(0.6162790697674418, 1.0)",1,99.13953488372093,37403
"(0.8255813953488372, 1.0)",2,99.13953488372093,37405
"(0.7906976744186046, 1.0)",1,99.13953488372093,37406
"(0.7441860465116279, 1.0)",2,99.13953488372093,37408
"(0.8055555555555556, 1.0)",6,99.13888888888889,37414
"(0.7777777777777778, 1.0)",3,99.13888888888889,37417
"(0.9166666666666666, 1.0)",1,99.13888888888889,37418
"(0.7638888888888888, 1.0)",3,99.13888888888889,37421
"(0.8194444444444444, 1.0)",5,99.13888888888889,37426
"(0.8333333333333334, 1.0)",5,99.13888888888889,37431
"(0.6805555555555556, 1.0)",2,99.13888888888889,37433
"(0.6111111111111112, 1.0)",1,99.13888888888889,37434
"(0.8611111111111112, 1.0)",2,99.13888888888889,37436
"(0.6944444444444444, 1.0)",1,99.13888888888889,37437
"(0.7916666666666666, 1.0)",4,99.13888888888889,37441
"(0.875, 1.0)",1,99.13888888888889,37442
"(0.7083333333333334, 1.0)",10,99.13888888888889,37452
"(0.9583333333333334, 1.0)",4,99.13888888888889,37456
"(0.8888888888888888, 1.0)",4,99.13888888888889,37460
"(0.9444444444444444, 1.0)",9,99.13888888888889,37469
"(0.7361111111111112, 1.0)",2,99.13888888888889,37471
"(0.8472222222222222, 1.0)",3,99.13888888888889,37474
"(0.9305555555555556, 1.0)",8,99.13888888888889,37482
"(0.9027777777777778, 1.0)",4,99.13888888888889,37486
"(0.6053030303030303, 1.0)",1,99.1378787878788,37487
"(0.9875, 0.9958333333333332)",2,99.13750000000007,37489
"(0.9, 0.9958333333333332)",1,99.13750000000007,37490
"(1.0, 0.9958333333333332)",1,99.13750000000006,37491
"(0.8625, 0.9958333333333332)",2,99.13750000000006,37493
"(0.9708333333333332, 0.9958333333333332)",1,99.13750000000006,37494
"(0.925, 0.9958333333333332)",1,99.13750000000005,37495
"(0.8666666666666667, 0.9958333333333332)",2,99.13750000000005,37497
"(0.9833333333333332, 0.9958333333333332)",2,99.13750000000005,37499
"(0.9958333333333332, 0.9958333333333332)",1,99.13750000000005,37500
"(0.9083333333333332, 0.9958333333333332)",1,99.13750000000005,37501
"(0.9208333333333332, 0.9958333333333332)",1,99.13750000000005,37502
"(0.9375, 0.9958333333333332)",2,99.13750000000005,37504
"(1.0, 0.9958333333333332)",1,99.13750000000005,37505
"(0.9125, 0.9958333333333332)",1,99.13750000000005,37506
"(0.8625, 0.9958333333333332)",1,99.13750000000005,37507
"(0.9375, 0.9958333333333332)",1,99.13750000000005,37508
"(0.9166666666666666, 0.9958333333333332)",1,99.13750000000005,37509
"(0.9875, 0.9958333333333332)",1,99.13750000000005,37510
"(0.9458333333333332, 0.9958333333333332)",1,99.13750000000005,37511
"(0.925, 0.9958333333333332)",1,99.13750000000005,37512
"(0.9875, 0.9958333333333332)",3,99.13750000000005,37515
"(0.9291666666666668, 0.9958333333333332)",2,99.13750000000005,37517
"(0.9625, 0.9958333333333332)",1,99.13750000000005,37518
"(0.9916666666666668, 0.9958333333333332)",1,99.13750000000005,37519
"(0.9875, 1.0)",1,99.1375,37520
"(0.9791666666666666, 0.9958333333333332)",1,99.13749999999996,37521
"(0.9625, 0.9958333333333332)",1,99.13749999999996,37522
"(0.975, 1.0)",1,99.13749999999996,37523
"(0.9791666666666666, 0.9916666666666668)",1,99.13749999999996,37524
"(0.9583333333333334, 0.9958333333333332)",2,99.13749999999996,37526
"(0.975, 1.0)",1,99.1374999999999,37527
"(0.9125, 0.9958333333333332)",1,99.13333333333344,37528
"(0.9208333333333332, 0.9958333333333332)",1,99.13333333333344,37529
"(0.9875, 0.9958333333333332)",1,99.1333333333334,37530
"(0.9416666666666668, 0.9958333333333332)",1,99.1333333333334,37531
"(0.95, 0.9958333333333332)",1,99.1333333333334,37532
"(0.9916666666666668, 0.9958333333333332)",1,99.1333333333334,37533
"(0.9708333333333332, 0.9958333333333332)",1,99.1333333333334,37534
"(0.9041666666666668, 0.9958333333333332)",1,99.1333333333334,37535
"(0.9375, 0.9958333333333332)",1,99.13333333333338,37536
"(0.9083333333333332, 0.9958333333333332)",1,99.13333333333338,37537
"(0.9833333333333332, 0.9958333333333332)",1,99.13333333333338,37538
"(0.9791666666666666, 0.9958333333333332)",2,99.13333333333338,37540
"(0.7333333333333333, 0.9833333333333332)",1,99.13333333333335,37541
"(0.9625, 0.9958333333333332)",2,99.13333333333335,37543
"(0.95, 1.0)",1,99.13333333333335,37544
"(0.9375, 0.9958333333333332)",1,99.13333333333335,37545
"(0.9791666666666666, 0.9958333333333332)",1,99.13333333333335,37546
"(0.9833333333333332, 0.9958333333333332)",2,99.13333333333335,37548
"(0.9833333333333332, 1.0)",2,99.13333333333335,37550
"(0.6666666666666666, 1.0)",4,99.13333333333335,37554
"(0.8333333333333334, 0.9833333333333332)",2,99.13333333333335,37556
"(0.8666666666666667, 1.0)",1,99.13333333333335,37557
"(0.9291666666666668, 0.9958333333333332)",2,99.13333333333335,37559
"(0.9333333333333332, 1.0)",3,99.13333333333335,37562
"(0.9166666666666666, 0.9958333333333332)",1,99.13333333333335,37563
"(0.9208333333333332, 0.9958333333333332)",1,99.13333333333335,37564
"(0.8916666666666667, 0.9958333333333332)",1,99.13333333333335,37565
"(0.8, 1.0)",1,99.13333333333335,37566
"(0.925, 0.9958333333333332)",1,99.13333333333335,37567
"(0.9666666666666668, 0.9958333333333332)",1,99.13333333333335,37568
"(0.8666666666666667, 1.0)",1,99.13333333333335,37569
"(0.95, 0.9958333333333332)",2,99.13333333333335,37571
"(0.8166666666666667, 1.0)",1,99.13333333333335,37572
"(0.9916666666666668, 0.9958333333333332)",1,99.13333333333335,37573
"(0.9541666666666668, 0.9958333333333332)",1,99.13333333333335,37574
"(0.9, 0.9958333333333332)",1,99.13333333333335,37575
"(0.8625, 0.9958333333333332)",1,99.13333333333335,37576
"(1.0, 1.0)",2,99.13333333333335,37578
"(0.9166666666666666, 1.0)",5,99.13333333333335,37583
"(0.8625, 0.9958333333333332)",3,99.13333333333335,37586
"(0.8833333333333333, 0.9833333333333332)",1,99.13333333333335,37587
"(0.9583333333333334, 0.9958333333333332)",1,99.13333333333335,37588
"(0.975, 0.9958333333333332)",1,99.13333333333335,37589
"(0.8958333333333334, 0.9958333333333332)",1,99.13333333333335,37590
"(0.8666666666666667, 1.0)",2,99.13333333333334,37592
"(0.9541666666666668, 0.9916666666666668)",1,99.13333333333334,37593
"(0.7166666666666667, 1.0)",2,99.13333333333334,37595
"(0.9166666666666666, 1.0)",3,99.13333333333334,37598
"(0.9, 1.0)",2,99.13333333333334,37600
"(0.7333333333333333, 1.0)",4,99.13333333333334,37604
"(0.8166666666666667, 1.0)",2,99.13333333333334,37606
"(0.9333333333333332, 1.0)",2,99.13333333333334,37608
"(0.8333333333333334, 1.0)",1,99.13333333333334,37609
"(0.75, 1.0)",1,99.13333333333334,37610
"(0.85, 1.0)",2,99.13333333333334,37612
"(0.6666666666666666, 1.0)",4,99.13333333333333,37616
"(0.7833333333333333, 1.0)",1,99.13333333333333,37617
"(0.9833333333333332, 1.0)",20,99.13333333333333,37637
"(0.8, 1.0)",2,99.13333333333333,37639
"(0.8666666666666667, 1.0)",4,99.13333333333333,37643
"(0.7666666666666667, 1.0)",2,99.13333333333333,37645
"(0.6, 1.0)",2,99.13333333333333,37647
"(0.6833333333333333, 1.0)",1,99.13333333333333,37648
"(0.9166666666666666, 1.0)",9,99.13333333333333,37657
"(0.8166666666666667, 1.0)",4,99.13333333333333,37661
"(0.9333333333333332, 1.0)",5,99.13333333333333,37666
"(0.9666666666666668, 1.0)",4,99.13333333333333,37670
"(0.9791666666666666, 0.9958333333333332)",2,99.13333333333333,37672
"(0.7333333333333333, 1.0)",2,99.13333333333333,37674
"(0.7, 1.0)",3,99.13333333333333,37677
"(0.9, 1.0)",9,99.13333333333333,37686
"(0.8833333333333333, 1.0)",12,99.13333333333333,37698
"(0.7166666666666667, 1.0)",6,99.13333333333333,37704
"(1.0, 1.0)",4,99.13333333333333,37708
"(0.75, 1.0)",4,99.13333333333333,37712
"(0.85, 1.0)",7,99.13333333333333,37719
"(0.8333333333333334, 1.0)",4,99.13333333333333,37723
"(0.95, 1.0)",10,99.13333333333333,37733
"(0.9958333333333332, 0.9958333333333332)",2,99.1333333333333,37735
"(0.9791666666666666, 0.9958333333333332)",2,99.1333333333333,37737
"(0.765530303030303, 1.0)",1,99.13257575757576,37738
"(0.8916666666666667, 0.9958333333333332)",1,99.12916666666676,37739
"(0.9375, 0.9958333333333332)",1,99.12916666666676,37740
"(0.9833333333333332, 0.9958333333333332)",1,99.12916666666672,37741
"(0.9, 0.9958333333333332)",1,99.12916666666672,37742
"(0.9166666666666666, 0.9958333333333332)",1,99.12916666666672,37743
"(0.9291666666666668, 0.9958333333333332)",1,99.12916666666672,37744
"(0.9666666666666668, 0.9958333333333332)",2,99.12916666666672,37746
"(0.8541666666666666, 0.9958333333333332)",1,99.12916666666672,37747
"(0.9833333333333332, 0.9958333333333332)",1,99.12916666666672,37748
"(0.9791666666666666, 0.9958333333333332)",1,99.12916666666672,37749
"(0.9208333333333332, 0.9958333333333332)",1,99.12916666666672,37750
"(0.9333333333333332, 0.9958333333333332)",1,99.12916666666672,37751
"(0.9625, 0.9958333333333332)",1,99.12916666666672,37752
"(0.8791666666666667, 0.9958333333333332)",1,99.12916666666672,37753
"(0.95, 0.9958333333333332)",2,99.12916666666672,37755
"(0.925, 0.9958333333333332)",1,99.1291666666667,37756
"(0.9625, 0.9958333333333332)",1,99.1291666666667,37757
"(0.9375, 0.9958333333333332)",1,99.1291666666667,37758
"(0.9, 0.9958333333333332)",2,99.1291666666667,37760
"(0.9708333333333332, 0.9958333333333332)",1,99.1291666666667,37761
"(0.9208333333333332, 0.9958333333333332)",1,99.1291666666667,37762
"(0.9833333333333332, 0.9958333333333332)",2,99.1291666666667,37764
"(0.975, 0.9958333333333332)",2,99.1291666666667,37766
"(0.9791666666666666, 0.9958333333333332)",1,99.1291666666667,37767
"(0.95, 0.9958333333333332)",1,99.1291666666667,37768
"(0.9916666666666668, 0.9958333333333332)",2,99.1291666666667,37770
"(0.9291666666666668, 0.9958333333333332)",1,99.1291666666667,37771
"(0.9333333333333332, 0.9958333333333332)",1,99.1291666666667,37772
"(0.9875, 0.9958333333333332)",1,99.12916666666668,37773
"(0.9208333333333332, 0.9958333333333332)",1,99.12916666666668,37774
"(0.975, 1.0)",1,99.12916666666668,37775
"(0.9666666666666668, 0.9958333333333332)",1,99.12916666666666,37776
"(0.9875, 0.9958333333333332)",1,99.12916666666666,37777
"(0.9791666666666666, 0.9958333333333332)",1,99.1291666666666,37778
"(0.9666666666666668, 0.9958333333333332)",1,99.12916666666658,37779
"(0.8717948717948718, 1.0)",2,99.12820512820514,37781
"(0.3372093023255814, 1.0)",2,99.1279069767442,37783
"(0.4883720930232558, 1.0)",1,99.1279069767442,37784
"(0.8255813953488372, 1.0)",1,99.1279069767442,37785
"(0.5930232558139535, 1.0)",1,99.1279069767442,37786
"(0.8488372093023255, 1.0)",1,99.1279069767442,37787
"(0.6162790697674418, 1.0)",1,99.1279069767442,37788
"(0.7441860465116279, 1.0)",1,99.1279069767442,37789
"(0.7906976744186046, 1.0)",1,99.1279069767442,37790
"(0.4651162790697674, 1.0)",1,99.1279069767442,37791
"(0.975, 0.9958333333333332)",1,99.1250000000001,37792
"(0.9916666666666668, 0.9958333333333332)",1,99.12500000000009,37793
"(0.8541666666666666, 0.9958333333333332)",1,99.12500000000009,37794
"(0.9833333333333332, 0.9958333333333332)",1,99.12500000000009,37795
"(0.9875, 0.9958333333333332)",3,99.12500000000009,37798
"(0.9375, 0.9958333333333332)",1,99.12500000000009,37799
"(0.8916666666666667, 0.9958333333333332)",1,99.12500000000009,37800
"(0.9083333333333332, 0.9958333333333332)",1,99.12500000000009,37801
"(0.9666666666666668, 0.9958333333333332)",1,99.12500000000006,37802
"(0.8625, 0.9958333333333332)",1,99.12500000000006,37803
"(0.9458333333333332, 0.9958333333333332)",1,99.12500000000006,37804
"(0.925, 0.9958333333333332)",1,99.12500000000006,37805
"(0.9625, 0.9958333333333332)",1,99.12500000000006,37806
"(0.95, 0.9958333333333332)",1,99.12500000000006,37807
"(0.925, 0.9958333333333332)",2,99.12500000000004,37809
"(1.0, 0.9958333333333332)",1,99.12500000000004,37810
"(0.9125, 0.9958333333333332)",2,99.12500000000004,37812
"(0.9208333333333332, 0.9958333333333332)",1,99.12500000000004,37813
"(0.875, 0.9958333333333332)",1,99.12500000000004,37814
"(0.9875, 0.9958333333333332)",3,99.12500000000004,37817
"(0.9875, 0.9958333333333332)",1,99.12500000000004,37818
"(0.9375, 0.9958333333333332)",1,99.12500000000004,37819
"(0.9333333333333332, 0.9958333333333332)",1,99.12500000000004,37820
"(0.9041666666666668, 0.9958333333333332)",1,99.12500000000004,37821
"(0.9, 0.9958333333333332)",1,99.12500000000004,37822
"(0.9416666666666668, 0.9958333333333332)",1,99.12500000000004,37823
"(0.95, 0.9958333333333332)",2,99.12500000000004,37825
"(0.975, 0.9958333333333332)",1,99.12500000000004,37826
"(0.9708333333333332, 0.9958333333333332)",2,99.12500000000004,37828
"(0.9916666666666668, 0.9958333333333332)",3,99.12500000000004,37831
"(0.8958333333333334, 0.9958333333333332)",2,99.12500000000004,37833
"(0.8833333333333333, 0.9958333333333332)",1,99.12500000000004,37834
"(0.8708333333333333, 0.9958333333333332)",1,99.12500000000004,37835
"(0.9583333333333334, 1.0)",4,99.125,37839
"(0.9791666666666666, 1.0)",1,99.125,37840
"(0.625, 1.0)",5,99.125,37845
"(0.7083333333333334, 1.0)",3,99.125,37848
"(0.9722222222222222, 1.0)",1,99.125,37849
"(0.8611111111111112, 1.0)",7,99.125,37856
"(0.9791666666666666, 0.9958333333333332)",2,99.125,37858
"(0.8055555555555556, 1.0)",3,99.125,37861
"(0.8333333333333334, 1.0)",3,99.125,37864
"(0.8194444444444444, 1.0)",8,99.125,37872
"(0.9166666666666666, 1.0)",1,99.125,37873
"(0.9875, 1.0)",1,99.125,37874
"(0.75, 1.0)",5,99.125,37879
"(0.5972222222222222, 1.0)",5,99.125,37884
"(0.9305555555555556, 1.0)",3,99.125,37887
"(0.9444444444444444, 1.0)",8,99.125,37895
"(0.9833333333333332, 1.0)",1,99.125,37896
"(0.875, 1.0)",3,99.125,37899
"(0.6805555555555556, 1.0)",2,99.125,37901
"(0.8472222222222222, 1.0)",2,99.125,37903
"(0.7777777777777778, 1.0)",4,99.125,37907
"(0.9833333333333332, 0.9958333333333332)",1,99.125,37908
"(0.9916666666666668, 0.9958333333333332)",1,99.125,37909
"(0.6944444444444444, 1.0)",4,99.125,37913
"(0.6111111111111112, 1.0)",2,99.125,37915
"(0.9958333333333332, 0.9958333333333332)",1,99.125,37916
"(0.8888888888888888, 1.0)",3,99.125,37919
"(0.9027777777777778, 1.0)",5,99.125,37924
"(0.7361111111111112, 1.0)",1,99.125,37925
"(0.9875, 0.9958333333333332)",1,99.12499999999996,37926
"(0.975, 1.0)",1,99.12499999999996,37927
"(0.975, 0.9958333333333332)",1,99.12499999999996,37928
"(0.9, 0.9916666666666668)",1,99.12499999999974,37929
"(0.7571969696969697, 0.9988636363636364)",1,99.12159090909093,37930
"(0.9291666666666668, 0.9958333333333332)",1,99.12083333333344,37931
"(0.9583333333333334, 0.9958333333333332)",2,99.12083333333342,37933
"(0.9625, 0.9958333333333332)",1,99.1208333333334,37934
"(1.0, 0.9958333333333332)",1,99.1208333333334,37935
"(0.9833333333333332, 0.9958333333333332)",1,99.1208333333334,37936
"(0.8833333333333333, 0.9958333333333332)",1,99.1208333333334,37937
"(0.9375, 0.9958333333333332)",1,99.1208333333334,37938
"(0.9291666666666668, 0.9958333333333332)",1,99.1208333333334,37939
"(0.925, 0.9958333333333332)",2,99.12083333333338,37941
"(0.8625, 0.9958333333333332)",1,99.12083333333338,37942
"(0.9041666666666668, 0.9958333333333332)",1,99.12083333333338,37943
"(0.8958333333333334, 0.9958333333333332)",2,99.12083333333338,37945
"(0.9833333333333332, 0.9958333333333332)",1,99.12083333333337,37946
"(0.9916666666666668, 0.9958333333333332)",2,99.12083333333337,37948
"(0.9166666666666666, 0.9958333333333332)",1,99.12083333333337,37949
"(0.9041666666666668, 0.9958333333333332)",1,99.12083333333337,37950
"(0.925, 0.9958333333333332)",1,99.12083333333337,37951
"(0.95, 0.9958333333333332)",1,99.12083333333337,37952
"(0.9208333333333332, 0.9958333333333332)",2,99.12083333333337,37954
"(0.9625, 0.9958333333333332)",2,99.12083333333337,37956
"(0.9375, 0.9958333333333332)",1,99.12083333333337,37957
"(1.0, 0.9958333333333332)",1,99.12083333333337,37958
"(0.9791666666666666, 0.9958333333333332)",1,99.12083333333337,37959
"(0.9125, 0.9958333333333332)",1,99.12083333333337,37960
"(0.95, 1.0)",1,99.12083333333334,37961
"(0.9666666666666668, 1.0)",1,99.12083333333334,37962
"(0.9875, 1.0)",2,99.12083333333334,37964
"(0.9791666666666666, 0.9958333333333332)",2,99.12083333333332,37966
"(0.975, 0.9958333333333332)",2,99.1208333333333,37968
"(0.9875, 0.9958333333333332)",1,99.12083333333328,37969
"(0.9708333333333332, 0.9958333333333332)",1,99.1208333333332,37970
"(0.9875, 0.9958333333333332)",1,99.12083333333318,37971
"(0.9791666666666666, 0.9958333333333332)",1,99.11666666666676,37972
"(0.9875, 0.9958333333333332)",1,99.11666666666676,37973
"(0.8791666666666667, 0.9958333333333332)",1,99.11666666666676,37974
"(0.9375, 0.9958333333333332)",1,99.11666666666676,37975
"(0.9291666666666668, 0.9958333333333332)",3,99.11666666666676,37978
"(0.9625, 0.9958333333333332)",1,99.11666666666672,37979
"(0.9333333333333332, 0.9958333333333332)",1,99.11666666666672,37980
"(0.9916666666666668, 0.9958333333333332)",2,99.11666666666672,37982
"(0.9791666666666666, 0.9958333333333332)",1,99.11666666666672,37983
"(0.9708333333333332, 0.9958333333333332)",1,99.11666666666672,37984
"(0.9208333333333332, 0.9958333333333332)",1,99.11666666666672,37985
"(0.975, 0.9958333333333332)",2,99.11666666666672,37987
"(0.9208333333333332, 0.9958333333333332)",1,99.11666666666672,37988
"(0.9458333333333332, 0.9958333333333332)",1,99.11666666666672,37989
"(0.9958333333333332, 0.9958333333333332)",1,99.11666666666672,37990
"(0.8375, 0.9958333333333332)",1,99.11666666666672,37991
"(0.9958333333333332, 0.9958333333333332)",1,99.11666666666672,37992
"(0.9291666666666668, 0.9958333333333332)",1,99.11666666666672,37993
"(0.9875, 0.9958333333333332)",1,99.11666666666672,37994
"(0.9625, 0.9958333333333332)",1,99.11666666666672,37995
"(0.9291666666666668, 0.9958333333333332)",2,99.1166666666667,37997
"(0.9041666666666668, 0.9958333333333332)",1,99.1166666666667,37998
"(0.9333333333333332, 0.9958333333333332)",1,99.1166666666667,37999
"(0.9833333333333332, 0.9958333333333332)",2,99.1166666666667,38001
"(1.0, 1.0)",1,99.1166666666667,38002
"(0.9166666666666666, 0.9833333333333332)",1,99.1166666666667,38003
"(0.9166666666666666, 0.9958333333333332)",1,99.1166666666667,38004
"(0.9875, 0.9958333333333332)",1,99.1166666666667,38005
"(0.9666666666666668, 0.9958333333333332)",3,99.1166666666667,38008
"(0.9375, 0.9958333333333332)",4,99.1166666666667,38012
"(0.9416666666666668, 0.9958333333333332)",2,99.1166666666667,38014
"(0.9708333333333332, 0.9958333333333332)",1,99.1166666666667,38015
"(0.9916666666666668, 0.9958333333333332)",1,99.1166666666667,38016
"(0.9, 0.9958333333333332)",1,99.1166666666667,38017
"(0.975, 0.9958333333333332)",1,99.1166666666667,38018
"(0.9791666666666666, 0.9958333333333332)",4,99.1166666666667,38022
"(0.8833333333333333, 0.9833333333333332)",1,99.11666666666667,38023
"(0.9833333333333332, 1.0)",3,99.11666666666667,38026
"(0.7666666666666667, 1.0)",5,99.11666666666667,38031
"(0.7333333333333333, 1.0)",1,99.11666666666667,38032
"(0.9, 1.0)",9,99.11666666666667,38041
"(0.85, 1.0)",9,99.11666666666667,38050
"(0.8166666666666667, 1.0)",2,99.11666666666667,38052
"(0.9333333333333332, 1.0)",2,99.11666666666667,38054
"(0.9875, 1.0)",1,99.11666666666667,38055
"(0.8, 1.0)",6,99.11666666666667,38061
"(0.95, 1.0)",5,99.11666666666667,38066
"(0.9833333333333332, 1.0)",1,99.11666666666667,38067
"(0.9166666666666666, 1.0)",4,99.11666666666667,38071
"(1.0, 1.0)",11,99.11666666666667,38082
"(0.75, 1.0)",2,99.11666666666667,38084
"(0.85, 1.0)",1,99.11666666666667,38085
"(0.7, 1.0)",4,99.11666666666667,38089
"(0.975, 1.0)",1,99.11666666666667,38090
"(0.7333333333333333, 0.9833333333333332)",1,99.11666666666667,38091
"(1.0, 1.0)",1,99.11666666666667,38092
"(0.8333333333333334, 1.0)",2,99.11666666666667,38094
"(0.7333333333333333, 1.0)",7,99.11666666666667,38101
"(0.9958333333333332, 1.0)",1,99.11666666666667,38102
"(0.9166666666666666, 1.0)",11,99.11666666666667,38113
"(0.8666666666666667, 1.0)",5,99.11666666666667,38118
"(0.8833333333333333, 1.0)",1,99.11666666666667,38119
"(0.7166666666666667, 1.0)",2,99.11666666666667,38121
"(0.7833333333333333, 1.0)",4,99.11666666666667,38125
"(0.9333333333333332, 1.0)",2,99.11666666666667,38127
"(0.6833333333333333, 1.0)",2,99.11666666666667,38129
"(0.9666666666666668, 1.0)",5,99.11666666666667,38134
"(0.8333333333333334, 1.0)",7,99.11666666666667,38141
"(0.8333333333333334, 0.9833333333333332)",1,99.11666666666667,38142
"(0.6666666666666666, 1.0)",3,99.11666666666667,38145
"(0.8166666666666667, 1.0)",10,99.11666666666667,38155
"(0.9, 1.0)",1,99.11666666666667,38156
"(0.8833333333333333, 1.0)",6,99.11666666666667,38162
"(0.9, 1.0)",2,99.11666666666666,38164
"(0.7666666666666667, 1.0)",3,99.11666666666666,38167
"(0.7833333333333333, 1.0)",1,99.11666666666666,38168
"(0.8666666666666667, 1.0)",2,99.11666666666666,38170
"(0.8833333333333333, 1.0)",1,99.11666666666666,38171
"(0.7333333333333333, 1.0)",1,99.11666666666666,38172
"(0.9166666666666666, 1.0)",2,99.11666666666666,38174
"(0.9833333333333332, 0.9958333333333332)",1,99.11666666666666,38175
"(0.8166666666666667, 1.0)",4,99.11666666666666,38179
"(0.9625, 1.0)",1,99.11666666666665,38180
"(0.9791666666666666, 0.9958333333333332)",1,99.11666666666665,38181
"(0.9875, 0.9958333333333332)",2,99.11666666666656,38183
"(0.8875, 0.9916666666666668)",1,99.11666666666645,38184
"(0.8488372093023255, 1.0)",2,99.11627906976744,38186
"(0.872093023255814, 1.0)",1,99.11627906976744,38187
"(0.8837209302325582, 1.0)",1,99.11627906976744,38188
"(0.8255813953488372, 1.0)",1,99.11627906976744,38189
"(0.7674418604651163, 1.0)",2,99.11627906976744,38191
"(0.6162790697674418, 1.0)",2,99.11627906976744,38193
"(0.4883720930232558, 1.0)",3,99.11627906976744,38196
"(0.4651162790697674, 1.0)",1,99.11627906976744,38197
"(0.627906976744186, 1.0)",1,99.11627906976744,38198
"(0.3372093023255814, 1.0)",1,99.11627906976744,38199
"(0.9916666666666668, 0.9958333333333332)",1,99.1125000000001,38200
"(0.9833333333333332, 0.9958333333333332)",1,99.1125000000001,38201
"(0.9083333333333332, 0.9958333333333332)",1,99.11250000000008,38202
"(0.9458333333333332, 0.9958333333333332)",1,99.11250000000008,38203
"(0.9375, 0.9958333333333332)",1,99.11250000000008,38204
"(0.975, 0.9958333333333332)",1,99.11250000000008,38205
"(0.9125, 0.9958333333333332)",1,99.11250000000008,38206
"(0.9416666666666668, 0.9958333333333332)",1,99.11250000000008,38207
"(0.9041666666666668, 0.9958333333333332)",1,99.11250000000004,38208
"(0.9916666666666668, 0.9958333333333332)",2,99.11250000000004,38210
"(0.9708333333333332, 0.9958333333333332)",1,99.11250000000004,38211
"(0.9791666666666666, 0.9958333333333332)",3,99.11250000000004,38214
"(0.8375, 0.9958333333333332)",1,99.11250000000004,38215
"(0.85, 0.9958333333333332)",1,99.11250000000004,38216
"(0.9125, 0.9958333333333332)",2,99.11250000000004,38218
"(0.975, 0.9958333333333332)",2,99.11250000000004,38220
"(0.8958333333333334, 0.9958333333333332)",1,99.11250000000004,38221
"(0.85, 0.9958333333333332)",3,99.11250000000004,38224
"(0.9625, 0.9958333333333332)",1,99.11250000000004,38225
"(0.9208333333333332, 0.9958333333333332)",1,99.11250000000004,38226
"(0.9375, 0.9958333333333332)",1,99.11250000000004,38227
"(0.9875, 0.9958333333333332)",1,99.11250000000004,38228
"(0.9416666666666668, 0.9958333333333332)",1,99.11250000000004,38229
"(0.9916666666666668, 0.9958333333333332)",1,99.11250000000004,38230
"(0.8625, 0.9958333333333332)",2,99.11250000000004,38232
"(0.9666666666666668, 0.9958333333333332)",1,99.11250000000004,38233
"(0.9458333333333332, 0.9958333333333332)",1,99.11250000000004,38234
"(0.9833333333333332, 0.9958333333333332)",3,99.11250000000004,38237
"(0.9458333333333332, 0.9958333333333332)",1,99.11250000000004,38238
"(0.9791666666666666, 1.0)",1,99.1125,38239
"(0.9666666666666668, 1.0)",1,99.1125,38240
"(0.95, 1.0)",1,99.1125,38241
"(0.9791666666666666, 0.9958333333333332)",1,99.11249999999998,38242
"(0.9916666666666668, 0.9958333333333332)",1,99.11249999999995,38243
"(0.9791666666666666, 0.9958333333333332)",2,99.11249999999994,38245
"(0.8055555555555556, 1.0)",1,99.11111111111111,38246
"(0.7361111111111112, 1.0)",1,99.11111111111111,38247
"(0.7777777777777778, 1.0)",7,99.11111111111111,38254
"(0.7222222222222222, 1.0)",2,99.11111111111111,38256
"(0.8333333333333334, 1.0)",8,99.11111111111111,38264
"(0.9166666666666666, 1.0)",1,99.11111111111111,38265
"(0.5972222222222222, 1.0)",3,99.11111111111111,38268
"(0.7083333333333334, 1.0)",10,99.11111111111111,38278
"(0.7638888888888888, 1.0)",1,99.11111111111111,38279
"(0.9583333333333334, 1.0)",4,99.11111111111111,38283
"(0.875, 1.0)",2,99.11111111111111,38285
"(0.8472222222222222, 1.0)",3,99.11111111111111,38288
"(0.9444444444444444, 1.0)",7,99.11111111111111,38295
"(0.9722222222222222, 1.0)",1,99.11111111111111,38296
"(0.9027777777777778, 1.0)",3,99.11111111111111,38299
"(0.6388888888888888, 1.0)",1,99.11111111111111,38300
"(0.75, 1.0)",1,99.11111111111111,38301
"(0.8194444444444444, 1.0)",3,99.11111111111111,38304
"(0.8611111111111112, 1.0)",3,99.11111111111111,38307
"(0.9305555555555556, 1.0)",1,99.11111111111111,38308
"(0.8888888888888888, 1.0)",5,99.11111111111111,38313
"(0.7083333333333334, 1.0)",1,99.1111111111111,38314
"(0.9375, 0.9958333333333332)",1,99.10833333333342,38315
"(0.9833333333333332, 0.9958333333333332)",1,99.10833333333342,38316
"(0.9958333333333332, 0.9958333333333332)",1,99.10833333333342,38317
"(0.9875, 0.9958333333333332)",1,99.1083333333334,38318
"(0.9291666666666668, 0.9958333333333332)",1,99.1083333333334,38319
"(0.9916666666666668, 0.9958333333333332)",1,99.1083333333334,38320
"(0.9833333333333332, 0.9958333333333332)",1,99.10833333333338,38321
"(0.95, 0.9958333333333332)",2,99.10833333333338,38323
"(0.9208333333333332, 0.9958333333333332)",2,99.10833333333338,38325
"(0.9875, 0.9958333333333332)",3,99.10833333333338,38328
"(0.9416666666666668, 0.9958333333333332)",1,99.10833333333338,38329
"(0.875, 0.9958333333333332)",1,99.10833333333338,38330
"(0.9791666666666666, 0.9958333333333332)",1,99.10833333333338,38331
"(0.9708333333333332, 0.9958333333333332)",1,99.10833333333338,38332
"(0.9291666666666668, 0.9958333333333332)",1,99.10833333333338,38333
"(0.9583333333333334, 0.9958333333333332)",1,99.10833333333338,38334
"(0.975, 0.9958333333333332)",1,99.10833333333338,38335
"(0.9833333333333332, 0.9958333333333332)",3,99.10833333333336,38338
"(0.9708333333333332, 0.9958333333333332)",1,99.10833333333336,38339
"(0.9666666666666668, 0.9958333333333332)",1,99.10833333333336,38340
"(0.975, 0.9958333333333332)",1,99.10833333333336,38341
"(0.9875, 0.9958333333333332)",3,99.10833333333336,38344
"(0.975, 1.0)",1,99.10833333333328,38345
"(0.9791666666666666, 0.9958333333333332)",1,99.10833333333323,38346
"(0.9958333333333332, 0.9958333333333332)",1,99.10833333333323,38347
"(0.9916666666666668, 0.9958333333333332)",1,99.10833333333318,38348
"(0.9041666666666668, 0.9916666666666668)",2,99.10833333333312,38350
"(0.9208333333333332, 0.9916666666666668)",2,99.1083333333331,38352
"(0.6046511627906976, 1.0)",1,99.1046511627907,38353
"(0.7441860465116279, 1.0)",1,99.1046511627907,38354
"(0.4651162790697674, 1.0)",1,99.1046511627907,38355
"(0.4883720930232558, 1.0)",2,99.1046511627907,38357
"(0.9186046511627908, 1.0)",1,99.1046511627907,38358
"(0.6162790697674418, 1.0)",1,99.1046511627907,38359
"(0.5930232558139535, 1.0)",2,99.10465116279067,38361
"(0.8255813953488372, 1.0)",2,99.10465116279067,38363
"(0.7674418604651163, 1.0)",2,99.10465116279067,38365
"(0.872093023255814, 1.0)",1,99.10465116279067,38366
"(0.9041666666666668, 0.9958333333333332)",1,99.10416666666676,38367
"(0.9875, 0.9958333333333332)",1,99.10416666666676,38368
"(0.9291666666666668, 0.9958333333333332)",1,99.10416666666676,38369
"(0.9708333333333332, 0.9958333333333332)",1,99.10416666666676,38370
"(0.8916666666666667, 0.9958333333333332)",1,99.10416666666674,38371
"(0.9833333333333332, 0.9958333333333332)",1,99.10416666666674,38372
"(0.9041666666666668, 0.9958333333333332)",1,99.10416666666671,38373
"(0.9166666666666666, 0.9958333333333332)",1,99.10416666666671,38374
"(0.8791666666666667, 0.9958333333333332)",1,99.10416666666671,38375
"(0.9875, 0.9958333333333332)",3,99.10416666666671,38378
"(0.9666666666666668, 0.9958333333333332)",1,99.10416666666671,38379
"(0.9916666666666668, 0.9958333333333332)",1,99.10416666666671,38380
"(0.9833333333333332, 0.9958333333333332)",2,99.1041666666667,38382
"(0.9666666666666668, 0.9958333333333332)",1,99.1041666666667,38383
"(0.85, 0.9958333333333332)",1,99.1041666666667,38384
"(0.95, 0.9958333333333332)",1,99.1041666666667,38385
"(0.8958333333333334, 0.9958333333333332)",1,99.1041666666667,38386
"(0.9791666666666666, 0.9958333333333332)",1,99.1041666666667,38387
"(0.9291666666666668, 0.9958333333333332)",1,99.1041666666667,38388
"(0.9916666666666668, 0.9958333333333332)",1,99.1041666666667,38389
"(0.8625, 0.9958333333333332)",1,99.1041666666667,38390
"(0.9041666666666668, 0.9958333333333332)",1,99.1041666666667,38391
"(0.9333333333333332, 0.9958333333333332)",1,99.1041666666667,38392
"(0.975, 0.9958333333333332)",2,99.1041666666667,38394
"(0.9375, 0.9958333333333332)",1,99.10416666666669,38395
"(0.9916666666666668, 0.9958333333333332)",1,99.10416666666669,38396
"(0.9791666666666666, 0.9958333333333332)",1,99.10416666666666,38397
"(0.95, 1.0)",1,99.10416666666664,38398
"(0.9833333333333332, 0.9958333333333332)",2,99.1041666666666,38400
"(0.9833333333333332, 0.9958333333333332)",1,99.1041666666666,38401
"(0.95, 0.9958333333333332)",2,99.1041666666666,38403
"(0.9791666666666666, 0.9958333333333332)",1,99.10416666666656,38404
"(0.95, 0.9916666666666668)",1,99.10416666666644,38405
"(0.6794871794871795, 1.0)",3,99.1025641025641,38408
"(0.9291666666666668, 0.9958333333333332)",1,99.10000000000012,38409
"(0.9291666666666668, 0.9958333333333332)",1,99.10000000000008,38410
"(0.8625, 0.9958333333333332)",1,99.10000000000008,38411
"(0.8666666666666667, 0.9958333333333332)",1,99.10000000000004,38412
"(0.8541666666666666, 0.9958333333333332)",1,99.10000000000004,38413
"(0.9416666666666668, 0.9958333333333332)",1,99.10000000000004,38414
"(0.9708333333333332, 0.9958333333333332)",2,99.10000000000004,38416
"(0.95, 0.9958333333333332)",1,99.10000000000004,38417
"(0.9125, 0.9958333333333332)",3,99.10000000000004,38420
"(0.825, 0.9958333333333332)",1,99.10000000000004,38421
"(0.9833333333333332, 0.9958333333333332)",2,99.10000000000004,38423
"(0.9791666666666666, 0.9958333333333332)",3,99.10000000000004,38426
"(0.8625, 0.9958333333333332)",1,99.10000000000004,38427
"(0.9041666666666668, 0.9958333333333332)",1,99.10000000000004,38428
"(0.9458333333333332, 0.9958333333333332)",1,99.10000000000004,38429
"(0.9791666666666666, 0.9958333333333332)",1,99.10000000000004,38430
"(0.9875, 0.9958333333333332)",1,99.10000000000004,38431
"(0.9333333333333332, 0.9833333333333332)",2,99.10000000000004,38433
"(1.0, 0.9833333333333332)",1,99.10000000000004,38434
"(0.9291666666666668, 0.9958333333333332)",1,99.10000000000004,38435
"(0.975, 0.9958333333333332)",1,99.10000000000004,38436
"(0.9333333333333332, 1.0)",2,99.10000000000002,38438
"(0.9708333333333332, 0.9958333333333332)",2,99.10000000000002,38440
"(0.7333333333333333, 0.9833333333333332)",1,99.10000000000002,38441
"(0.9166666666666666, 0.9833333333333332)",2,99.10000000000002,38443
"(1.0, 1.0)",1,99.10000000000002,38444
"(0.8666666666666667, 1.0)",2,99.10000000000002,38446
"(0.9666666666666668, 0.9833333333333332)",1,99.10000000000002,38447
"(0.8166666666666667, 1.0)",1,99.10000000000002,38448
"(0.9666666666666668, 1.0)",2,99.10000000000002,38450
"(0.9166666666666666, 1.0)",3,99.10000000000002,38453
"(0.75, 0.9833333333333332)",1,99.10000000000002,38454
"(0.8166666666666667, 1.0)",8,99.1,38462
"(0.9833333333333332, 1.0)",8,99.1,38470
"(0.8833333333333333, 1.0)",9,99.1,38479
"(0.95, 1.0)",5,99.1,38484
"(0.7, 1.0)",3,99.1,38487
"(1.0, 1.0)",7,99.1,38494
"(0.9166666666666666, 1.0)",1,99.1,38495
"(0.85, 1.0)",7,99.1,38502
"(0.8, 1.0)",3,99.1,38505
"(0.7166666666666667, 1.0)",3,99.1,38508
"(0.7666666666666667, 1.0)",3,99.1,38511
"(0.7, 1.0)",1,99.1,38512
"(0.8333333333333334, 1.0)",4,99.1,38516
"(0.7666666666666667, 1.0)",1,99.1,38517
"(0.8333333333333334, 1.0)",12,99.1,38529
"(0.7333333333333333, 1.0)",4,99.1,38533
"(0.6, 1.0)",1,99.1,38534
"(0.95, 1.0)",2,99.1,38536
"(0.7333333333333333, 1.0)",5,99.1,38541
"(0.9791666666666666, 0.9958333333333332)",2,99.1,38543
"(0.9833333333333332, 1.0)",1,99.1,38544
"(0.75, 1.0)",4,99.1,38548
"(0.9333333333333332, 1.0)",4,99.1,38552
"(0.9791666666666666, 0.9958333333333332)",1,99.1,38553
"(0.9, 1.0)",7,99.1,38560
"(0.7833333333333333, 1.0)",4,99.1,38564
"(0.9166666666666666, 1.0)",12,99.1,38576
"(0.8666666666666667, 1.0)",5,99.1,38581
"(0.9666666666666668, 1.0)",10,99.1,38591
"(0.75, 1.0)",1,99.1,38592
"(0.9791666666666666, 1.0)",1,99.09999999999997,38593
"(0.8611111111111112, 1.0)",3,99.09722222222224,38596
"(0.8472222222222222, 1.0)",1,99.09722222222224,38597
"(0.8055555555555556, 1.0)",1,99.09722222222224,38598
"(0.9583333333333334, 1.0)",2,99.09722222222224,38600
"(0.75, 1.0)",2,99.09722222222224,38602
"(0.7777777777777778, 1.0)",6,99.09722222222224,38608
"(0.7777777777777778, 0.9861111111111112)",1,99.09722222222224,38609
"(0.7916666666666666, 1.0)",3,99.09722222222224,38612
"(0.8194444444444444, 1.0)",5,99.09722222222224,38617
"(0.9027777777777778, 1.0)",2,99.09722222222224,38619
"(0.6944444444444444, 1.0)",1,99.09722222222224,38620
"(0.8333333333333334, 1.0)",4,99.09722222222224,38624
"(0.9444444444444444, 1.0)",1,99.09722222222224,38625
"(0.7222222222222222, 1.0)",1,99.09722222222224,38626
"(0.9305555555555556, 1.0)",4,99.09722222222224,38630
"(0.7638888888888888, 1.0)",1,99.09722222222224,38631
"(0.7361111111111112, 1.0)",2,99.09722222222224,38633
"(0.8888888888888888, 1.0)",6,99.09722222222224,38639
"(0.875, 1.0)",1,99.09722222222224,38640
"(0.7083333333333334, 1.0)",4,99.09722222222224,38644
"(0.9166666666666666, 1.0)",2,99.0972222222222,38646
"(0.7083333333333334, 1.0)",2,99.0972222222222,38648
"(0.6944444444444444, 1.0)",2,99.0972222222222,38650
"(0.9027777777777778, 1.0)",1,99.0972222222222,38651
"(0.9041666666666668, 0.9958333333333332)",1,99.09583333333345,38652
"(0.9291666666666668, 0.9958333333333332)",1,99.09583333333342,38653
"(0.9708333333333332, 0.9958333333333332)",1,99.09583333333342,38654
"(0.9791666666666666, 0.9958333333333332)",1,99.0958333333334,38655
"(0.9666666666666668, 0.9958333333333332)",1,99.0958333333334,38656
"(0.9875, 0.9958333333333332)",1,99.09583333333336,38657
"(0.9291666666666668, 0.9958333333333332)",1,99.09583333333336,38658
"(0.9583333333333334, 0.9958333333333332)",1,99.09583333333336,38659
"(0.9208333333333332, 0.9958333333333332)",1,99.09583333333336,38660
"(0.975, 0.9958333333333332)",1,99.09583333333336,38661
"(0.9125, 0.9958333333333332)",3,99.09583333333336,38664
"(0.9, 0.9958333333333332)",2,99.09583333333336,38666
"(0.975, 0.9958333333333332)",2,99.09583333333336,38668
"(0.8625, 0.9958333333333332)",1,99.09583333333336,38669
"(0.975, 1.0)",1,99.09583333333336,38670
"(0.9833333333333332, 0.9958333333333332)",1,99.09583333333336,38671
"(0.9916666666666668, 0.9958333333333332)",1,99.09583333333336,38672
"(0.9375, 0.9958333333333332)",1,99.09583333333336,38673
"(0.9625, 0.9958333333333332)",3,99.09583333333336,38676
"(0.9791666666666666, 0.9958333333333332)",2,99.09583333333336,38678
"(0.975, 1.0)",1,99.09583333333332,38679
"(0.9791666666666666, 1.0)",1,99.09583333333332,38680
"(0.9791666666666666, 0.9958333333333332)",1,99.09583333333327,38681
"(0.9875, 0.9958333333333332)",1,99.09583333333327,38682
"(0.975, 0.9958333333333332)",1,99.09583333333326,38683
"(0.9458333333333332, 0.9916666666666668)",1,99.0958333333331,38684
"(0.7441860465116279, 1.0)",2,99.09302325581396,38686
"(0.9186046511627908, 1.0)",1,99.09302325581396,38687
"(0.4883720930232558, 1.0)",2,99.09302325581396,38689
"(0.4883720930232558, 1.0)",1,99.09302325581396,38690
"(0.8372093023255814, 1.0)",2,99.09302325581396,38692
"(0.872093023255814, 1.0)",2,99.09302325581396,38694
"(0.8372093023255814, 1.0)",1,99.09302325581396,38695
"(0.872093023255814, 1.0)",1,99.09302325581396,38696
"(0.6162790697674418, 1.0)",3,99.09302325581396,38699
"(0.7674418604651163, 1.0)",1,99.09302325581396,38700
"(0.813953488372093, 1.0)",1,99.09302325581396,38701
"(0.975, 0.9958333333333332)",1,99.09166666666675,38702
"(0.9208333333333332, 0.9958333333333332)",1,99.09166666666674,38703
"(0.975, 0.9958333333333332)",1,99.09166666666674,38704
"(0.925, 0.9958333333333332)",1,99.09166666666674,38705
"(0.8791666666666667, 0.9958333333333332)",1,99.09166666666673,38706
"(0.9041666666666668, 0.9958333333333332)",1,99.09166666666673,38707
"(0.9208333333333332, 0.9958333333333332)",3,99.09166666666673,38710
"(0.9, 0.9958333333333332)",1,99.09166666666673,38711
"(0.9958333333333332, 0.9958333333333332)",1,99.09166666666673,38712
"(0.9375, 0.9958333333333332)",1,99.09166666666673,38713
"(0.8958333333333334, 0.9958333333333332)",1,99.09166666666673,38714
"(0.9083333333333332, 0.9958333333333332)",1,99.09166666666673,38715
"(0.9458333333333332, 0.9958333333333332)",1,99.0916666666667,38716
"(0.9791666666666666, 0.9958333333333332)",3,99.0916666666667,38719
"(0.9583333333333334, 0.9958333333333332)",1,99.0916666666667,38720
"(0.9916666666666668, 0.9958333333333332)",1,99.0916666666667,38721
"(0.975, 0.9958333333333332)",4,99.0916666666667,38725
"(0.9416666666666668, 0.9958333333333332)",1,99.0916666666667,38726
"(0.9833333333333332, 0.9958333333333332)",2,99.0916666666667,38728
"(0.9666666666666668, 0.9958333333333332)",1,99.0916666666667,38729
"(0.9625, 0.9958333333333332)",1,99.0916666666667,38730
"(0.9875, 0.9958333333333332)",1,99.0916666666667,38731
"(0.9208333333333332, 0.9958333333333332)",1,99.0916666666667,38732
"(0.8625, 0.9958333333333332)",1,99.0916666666667,38733
"(0.9875, 0.9916666666666668)",1,99.0916666666666,38734
"(0.975, 0.9958333333333332)",1,99.09166666666658,38735
"(0.9375, 0.9916666666666668)",1,99.09166666666644,38736
"(0.9875, 0.9916666666666668)",1,99.09166666666644,38737
"(0.9333333333333332, 0.9916666666666668)",1,99.0916666666664,38738
"(0.9875, 0.9958333333333332)",1,99.08750000000016,38739
"(0.9625, 0.9958333333333332)",1,99.0875000000001,38740
"(0.9833333333333332, 0.9958333333333332)",1,99.0875000000001,38741
"(0.9875, 0.9958333333333332)",1,99.08750000000008,38742
"(0.825, 0.9958333333333332)",2,99.08750000000006,38744
"(0.9291666666666668, 0.9958333333333332)",1,99.08750000000006,38745
"(0.875, 0.9958333333333332)",1,99.08750000000003,38746
"(0.9833333333333332, 0.9958333333333332)",2,99.08750000000003,38748
"(0.9666666666666668, 0.9958333333333332)",1,99.08750000000003,38749
"(0.8791666666666667, 0.9958333333333332)",2,99.08750000000003,38751
"(0.9833333333333332, 0.9958333333333332)",1,99.08750000000003,38752
"(0.9375, 0.9958333333333332)",1,99.08750000000003,38753
"(0.9958333333333332, 0.9958333333333332)",1,99.08750000000003,38754
"(0.9083333333333332, 0.9958333333333332)",1,99.08750000000003,38755
"(0.975, 0.9958333333333332)",6,99.08750000000003,38761
"(0.9291666666666668, 0.9958333333333332)",1,99.08750000000003,38762
"(0.9708333333333332, 0.9958333333333332)",1,99.08750000000003,38763
"(0.9791666666666666, 0.9958333333333332)",1,99.08750000000003,38764
"(0.825, 0.9958333333333332)",1,99.08750000000003,38765
"(0.8625, 0.9958333333333332)",1,99.08750000000003,38766
"(0.975, 0.9958333333333332)",1,99.08750000000003,38767
"(0.9291666666666668, 0.9958333333333332)",1,99.08750000000003,38768
"(0.9916666666666668, 0.9958333333333332)",4,99.08750000000003,38772
"(0.9791666666666666, 0.9958333333333332)",1,99.08750000000003,38773
"(0.9416666666666668, 0.9958333333333332)",2,99.08750000000003,38775
"(0.9208333333333332, 0.9958333333333332)",1,99.08750000000003,38776
"(0.9125, 0.9958333333333332)",1,99.08750000000003,38777
"(0.9041666666666668, 0.9958333333333332)",1,99.08750000000003,38778
"(0.9333333333333332, 0.9958333333333332)",1,99.08750000000003,38779
"(0.9583333333333334, 0.9958333333333332)",2,99.08750000000002,38781
"(0.9791666666666666, 1.0)",1,99.0875,38782
"(0.9458333333333332, 0.9958333333333332)",1,99.0875,38783
"(0.9916666666666668, 0.9958333333333332)",1,99.0875,38784
"(0.95, 0.9958333333333332)",1,99.08749999999996,38785
"(0.9833333333333332, 1.0)",1,99.08749999999996,38786
"(0.9875, 0.9958333333333332)",3,99.08749999999992,38789
"(0.9875, 0.9958333333333332)",1,99.08749999999988,38790
"(0.9291666666666668, 0.9916666666666668)",1,99.08749999999978,38791
"(0.8666666666666667, 0.9916666666666668)",1,99.08749999999978,38792
"(0.9833333333333332, 0.9958333333333332)",1,99.08333333333346,38793
"(0.9625, 0.9958333333333332)",1,99.0833333333334,38794
"(0.9791666666666666, 0.9958333333333332)",1,99.0833333333334,38795
"(0.975, 0.9958333333333332)",2,99.0833333333334,38797
"(0.9375, 0.9958333333333332)",1,99.0833333333334,38798
"(0.95, 0.9958333333333332)",3,99.0833333333334,38801
"(0.9041666666666668, 0.9958333333333332)",1,99.0833333333334,38802
"(0.9708333333333332, 0.9958333333333332)",1,99.0833333333334,38803
"(0.9875, 0.9958333333333332)",1,99.0833333333334,38804
"(0.8666666666666667, 0.9958333333333332)",1,99.08333333333336,38805
"(0.9666666666666668, 1.0)",1,99.08333333333336,38806
"(0.9833333333333332, 0.9958333333333332)",2,99.08333333333336,38808
"(0.9, 0.9958333333333332)",1,99.08333333333336,38809
"(0.9166666666666666, 1.0)",4,99.08333333333336,38813
"(0.8333333333333334, 1.0)",1,99.08333333333336,38814
"(0.975, 0.9958333333333332)",2,99.08333333333336,38816
"(1.0, 1.0)",2,99.08333333333336,38818
"(1.0, 1.0)",2,99.08333333333336,38820
"(0.8625, 0.9958333333333332)",2,99.08333333333336,38822
"(0.85, 1.0)",1,99.08333333333336,38823
"(0.9791666666666666, 0.9958333333333332)",2,99.08333333333336,38825
"(0.9875, 0.9958333333333332)",2,99.08333333333336,38827
"(0.9291666666666668, 0.9958333333333332)",1,99.08333333333336,38828
"(0.9708333333333332, 0.9958333333333332)",1,99.08333333333336,38829
"(0.7083333333333334, 1.0)",1,99.08333333333336,38830
"(0.9333333333333332, 1.0)",3,99.08333333333336,38833
"(0.975, 0.9958333333333332)",2,99.08333333333336,38835
"(0.9916666666666668, 0.9958333333333332)",1,99.08333333333336,38836
"(0.9208333333333332, 0.9958333333333332)",1,99.08333333333336,38837
"(0.9, 1.0)",1,99.08333333333336,38838
"(0.8333333333333334, 0.9833333333333332)",4,99.08333333333336,38842
"(0.8833333333333333, 0.9833333333333332)",1,99.08333333333336,38843
"(0.95, 0.9958333333333332)",1,99.08333333333336,38844
"(0.9166666666666666, 1.0)",1,99.08333333333336,38845
"(0.7333333333333333, 1.0)",1,99.08333333333336,38846
"(0.75, 1.0)",3,99.08333333333334,38849
"(0.9305555555555556, 1.0)",2,99.08333333333334,38851
"(0.7166666666666667, 1.0)",2,99.08333333333334,38853
"(0.8055555555555556, 1.0)",3,99.08333333333334,38856
"(0.8833333333333333, 1.0)",11,99.08333333333334,38867
"(0.8666666666666667, 1.0)",5,99.08333333333334,38872
"(1.0, 1.0)",4,99.08333333333334,38876
"(0.7083333333333334, 1.0)",1,99.08333333333334,38877
"(0.85, 1.0)",2,99.08333333333334,38879
"(0.8333333333333334, 1.0)",4,99.08333333333334,38883
"(0.9583333333333334, 1.0)",2,99.08333333333334,38885
"(0.7916666666666666, 1.0)",1,99.08333333333334,38886
"(0.9, 1.0)",9,99.08333333333334,38895
"(0.7666666666666667, 1.0)",2,99.08333333333334,38897
"(0.8472222222222222, 1.0)",3,99.08333333333334,38900
"(0.9666666666666668, 1.0)",2,99.08333333333334,38902
"(0.5333333333333333, 1.0)",1,99.08333333333334,38903
"(0.8, 1.0)",2,99.08333333333334,38905
"(0.9166666666666666, 1.0)",6,99.08333333333334,38911
"(0.875, 1.0)",1,99.08333333333334,38912
"(0.7, 1.0)",1,99.08333333333334,38913
"(0.7222222222222222, 1.0)",2,99.08333333333334,38915
"(0.95, 1.0)",1,99.08333333333334,38916
"(0.6666666666666666, 1.0)",3,99.08333333333334,38919
"(0.7777777777777778, 1.0)",1,99.08333333333334,38920
"(0.8166666666666667, 1.0)",2,99.08333333333334,38922
"(0.9027777777777778, 1.0)",3,99.08333333333334,38925
"(0.9333333333333332, 1.0)",7,99.08333333333334,38932
"(0.7333333333333333, 1.0)",1,99.08333333333334,38933
"(0.8194444444444444, 1.0)",3,99.08333333333334,38936
"(0.8888888888888888, 1.0)",1,99.08333333333334,38937
"(0.7916666666666666, 1.0)",2,99.08333333333331,38939
"(0.9444444444444444, 1.0)",1,99.08333333333331,38940
"(0.8166666666666667, 1.0)",4,99.08333333333331,38944
"(0.8055555555555556, 1.0)",3,99.08333333333331,38947
"(0.7333333333333333, 1.0)",2,99.08333333333331,38949
"(0.9027777777777778, 1.0)",2,99.08333333333331,38951
"(0.9166666666666666, 1.0)",6,99.08333333333331,38957
"(0.5666666666666667, 1.0)",1,99.08333333333331,38958
"(0.9305555555555556, 1.0)",2,99.08333333333331,38960
"(0.6833333333333333, 1.0)",1,99.08333333333331,38961
"(0.9583333333333334, 1.0)",5,99.08333333333331,38966
"(0.7083333333333334, 1.0)",7,99.08333333333331,38973
"(0.9833333333333332, 1.0)",7,99.08333333333331,38980
"(0.95, 1.0)",2,99.08333333333331,38982
"(0.7166666666666667, 1.0)",2,99.08333333333331,38984
"(0.85, 1.0)",10,99.08333333333331,38994
"(0.9333333333333332, 1.0)",2,99.08333333333331,38996
"(0.75, 1.0)",5,99.08333333333331,39001
"(0.8, 1.0)",1,99.08333333333331,39002
"(0.7777777777777778, 1.0)",1,99.08333333333331,39003
"(0.8888888888888888, 1.0)",4,99.08333333333331,39007
"(0.9, 1.0)",5,99.08333333333331,39012
"(0.8833333333333333, 1.0)",2,99.08333333333331,39014
"(0.8666666666666667, 1.0)",6,99.08333333333331,39020
"(0.8472222222222222, 1.0)",1,99.08333333333331,39021
"(1.0, 1.0)",6,99.08333333333331,39027
"(0.875, 1.0)",1,99.08333333333331,39028
"(0.7, 1.0)",2,99.08333333333331,39030
"(0.9666666666666668, 1.0)",1,99.08333333333331,39031
"(0.6666666666666666, 1.0)",1,99.08333333333331,39032
"(0.6944444444444444, 1.0)",1,99.08333333333331,39033
"(0.8194444444444444, 1.0)",4,99.08333333333331,39037
"(0.9958333333333332, 0.9958333333333332)",1,99.08333333333331,39038
"(0.7361111111111112, 1.0)",2,99.08333333333331,39040
"(0.8333333333333334, 1.0)",6,99.08333333333331,39046
"(0.7666666666666667, 1.0)",2,99.08333333333331,39048
"(0.975, 0.9958333333333332)",1,99.08333333333329,39049
"(0.9791666666666666, 0.9958333333333332)",1,99.08333333333326,39050
"(0.9791666666666666, 0.9958333333333332)",2,99.08333333333324,39052
"(0.9458333333333332, 0.9916666666666668)",1,99.08333333333312,39053
"(0.8666666666666667, 0.9916666666666668)",1,99.08333333333312,39054
"(0.627906976744186, 1.0)",1,99.08139534883722,39055
"(0.5930232558139535, 1.0)",3,99.0813953488372,39058
"(0.7674418604651163, 1.0)",1,99.0813953488372,39059
"(0.9186046511627908, 1.0)",2,99.0813953488372,39061
"(0.872093023255814, 1.0)",2,99.0813953488372,39063
"(0.627906976744186, 1.0)",1,99.0813953488372,39064
"(0.3372093023255814, 1.0)",1,99.0813953488372,39065
"(0.4883720930232558, 1.0)",3,99.0813953488372,39068
"(0.6162790697674418, 1.0)",3,99.0813953488372,39071
"(0.975, 0.9958333333333332)",1,99.07916666666677,39072
"(0.9291666666666668, 0.9958333333333332)",1,99.07916666666677,39073
"(0.9625, 0.9958333333333332)",1,99.07916666666677,39074
"(0.9791666666666666, 0.9958333333333332)",1,99.07916666666677,39075
"(0.9541666666666668, 0.9958333333333332)",1,99.07916666666677,39076
"(0.9375, 0.9958333333333332)",1,99.07916666666674,39077
"(0.9625, 0.9958333333333332)",1,99.07916666666674,39078
"(0.9291666666666668, 0.9958333333333332)",1,99.07916666666672,39079
"(0.925, 0.9958333333333332)",1,99.07916666666672,39080
"(0.825, 0.9958333333333332)",1,99.07916666666672,39081
"(0.9125, 0.9958333333333332)",1,99.07916666666672,39082
"(0.9208333333333332, 0.9958333333333332)",1,99.07916666666672,39083
"(0.9625, 0.9958333333333332)",1,99.07916666666672,39084
"(0.9375, 0.9958333333333332)",2,99.07916666666672,39086
"(0.8375, 0.9958333333333332)",1,99.07916666666672,39087
"(0.8666666666666667, 0.9958333333333332)",1,99.07916666666672,39088
"(0.9708333333333332, 0.9958333333333332)",2,99.07916666666672,39090
"(0.9666666666666668, 0.9958333333333332)",1,99.07916666666672,39091
"(0.85, 0.9958333333333332)",1,99.07916666666672,39092
"(0.9583333333333334, 0.9916666666666668)",1,99.07916666666672,39093
"(0.9458333333333332, 0.9958333333333332)",1,99.07916666666672,39094
"(0.875, 0.9958333333333332)",1,99.07916666666672,39095
"(0.8625, 0.9958333333333332)",1,99.07916666666672,39096
"(0.9125, 0.9958333333333332)",1,99.07916666666672,39097
"(0.9791666666666666, 0.9958333333333332)",1,99.0791666666667,39098
"(1.0, 0.9958333333333332)",1,99.0791666666667,39099
"(0.9875, 0.9958333333333332)",2,99.0791666666667,39101
"(0.9583333333333334, 0.9958333333333332)",1,99.0791666666667,39102
"(0.975, 0.9958333333333332)",1,99.0791666666667,39103
"(0.9708333333333332, 0.9958333333333332)",1,99.07916666666664,39104
"(0.9791666666666666, 0.9958333333333332)",1,99.07916666666664,39105
"(0.9708333333333332, 0.9916666666666668)",1,99.07916666666644,39106
"(0.9333333333333332, 0.9916666666666668)",1,99.07916666666644,39107
"(0.9458333333333332, 0.9958333333333332)",1,99.07500000000012,39108
"(0.9833333333333332, 0.9958333333333332)",1,99.07500000000007,39109
"(0.9875, 0.9958333333333332)",1,99.07500000000007,39110
"(0.9958333333333332, 0.9958333333333332)",1,99.07500000000007,39111
"(0.9208333333333332, 0.9958333333333332)",1,99.07500000000007,39112
"(0.975, 0.9958333333333332)",1,99.07500000000007,39113
"(0.825, 0.9958333333333332)",1,99.07500000000007,39114
"(0.9291666666666668, 0.9958333333333332)",1,99.07500000000007,39115
"(0.9875, 0.9958333333333332)",1,99.07500000000006,39116
"(0.9625, 0.9958333333333332)",1,99.07500000000006,39117
"(0.9166666666666666, 0.9958333333333332)",1,99.07500000000006,39118
"(0.8541666666666666, 0.9958333333333332)",1,99.07500000000005,39119
"(0.9916666666666668, 0.9958333333333332)",1,99.07500000000005,39120
"(0.975, 0.9958333333333332)",1,99.07500000000005,39121
"(0.9125, 0.9958333333333332)",1,99.07500000000005,39122
"(0.9916666666666668, 0.9958333333333332)",2,99.07500000000005,39124
"(0.9875, 0.9958333333333332)",1,99.07500000000005,39125
"(0.9083333333333332, 0.9958333333333332)",2,99.07500000000005,39127
"(0.9833333333333332, 0.9958333333333332)",1,99.07500000000005,39128
"(0.9583333333333334, 0.9958333333333332)",1,99.07500000000005,39129
"(0.9625, 0.9958333333333332)",2,99.07500000000005,39131
"(0.8666666666666667, 0.9958333333333332)",1,99.07500000000005,39132
"(0.9125, 0.9958333333333332)",1,99.07500000000005,39133
"(0.8625, 0.9958333333333332)",1,99.07500000000005,39134
"(0.95, 0.9958333333333332)",2,99.07500000000005,39136
"(0.8625, 0.9958333333333332)",3,99.07500000000005,39139
"(0.825, 0.9958333333333332)",1,99.07500000000005,39140
"(0.9458333333333332, 0.9958333333333332)",1,99.07500000000005,39141
"(0.9875, 1.0)",1,99.075,39142
"(0.9791666666666666, 0.9958333333333332)",1,99.075,39143
"(0.9666666666666668, 1.0)",1,99.075,39144
"(0.975, 0.9958333333333332)",2,99.07499999999996,39146
"(0.9791666666666666, 0.9958333333333332)",1,99.07499999999996,39147
"(0.9875, 0.9958333333333332)",1,99.07499999999992,39148
"(0.95, 0.9958333333333332)",1,99.0749999999999,39149
"(0.9291666666666668, 0.9916666666666668)",1,99.07499999999978,39150
"(0.975, 0.9958333333333332)",1,99.0708333333334,39151
"(0.9, 0.9958333333333332)",1,99.0708333333334,39152
"(0.9541666666666668, 0.9958333333333332)",1,99.0708333333334,39153
"(0.9416666666666668, 0.9958333333333332)",1,99.0708333333334,39154
"(0.9708333333333332, 0.9958333333333332)",1,99.07083333333338,39155
"(0.9875, 0.9958333333333332)",1,99.07083333333338,39156
"(0.9458333333333332, 0.9958333333333332)",1,99.07083333333335,39157
"(0.9, 0.9958333333333332)",2,99.07083333333335,39159
"(0.9041666666666668, 0.9958333333333332)",1,99.07083333333335,39160
"(0.9916666666666668, 0.9958333333333332)",1,99.07083333333335,39161
"(0.9375, 0.9958333333333332)",2,99.07083333333335,39163
"(0.9333333333333332, 0.9958333333333332)",2,99.07083333333335,39165
"(0.8625, 0.9958333333333332)",2,99.07083333333335,39167
"(0.9875, 0.9958333333333332)",2,99.07083333333335,39169
"(0.9875, 0.9916666666666668)",1,99.07083333333335,39170
"(0.9625, 0.9958333333333332)",1,99.07083333333335,39171
"(0.9833333333333332, 0.9958333333333332)",1,99.07083333333335,39172
"(0.9791666666666666, 0.9958333333333332)",1,99.07083333333335,39173
"(0.925, 0.9958333333333332)",1,99.07083333333335,39174
"(0.9208333333333332, 0.9958333333333332)",2,99.07083333333335,39176
"(0.9875, 1.0)",1,99.07083333333333,39177
"(0.9875, 0.9958333333333332)",2,99.07083333333328,39179
"(0.9791666666666666, 0.9958333333333332)",1,99.07083333333328,39180
"(0.9375, 0.9916666666666668)",1,99.07083333333313,39181
"(0.9125, 0.9916666666666668)",1,99.07083333333313,39182
"(0.9458333333333332, 0.9916666666666668)",1,99.07083333333313,39183
"(0.8666666666666667, 0.9916666666666668)",1,99.07083333333313,39184
"(0.9186046511627908, 1.0)",1,99.06976744186046,39185
"(0.627906976744186, 1.0)",2,99.06976744186046,39187
"(0.7906976744186046, 1.0)",2,99.06976744186046,39189
"(0.6627906976744186, 1.0)",1,99.06976744186046,39190
"(0.6162790697674418, 1.0)",1,99.06976744186046,39191
"(0.872093023255814, 1.0)",1,99.06976744186046,39192
"(0.7674418604651163, 1.0)",1,99.06976744186046,39193
"(0.8255813953488372, 1.0)",1,99.06976744186046,39194
"(0.4651162790697674, 1.0)",1,99.06976744186046,39195
"(0.9069767441860463, 1.0)",2,99.06976744186046,39197
"(0.8837209302325582, 1.0)",1,99.06976744186044,39198
"(0.6162790697674418, 1.0)",1,99.06976744186044,39199
"(0.8888888888888888, 1.0)",2,99.06944444444444,39201
"(0.8055555555555556, 1.0)",2,99.06944444444444,39203
"(0.625, 1.0)",2,99.06944444444444,39205
"(0.5972222222222222, 1.0)",1,99.06944444444444,39206
"(0.9166666666666666, 1.0)",4,99.06944444444444,39210
"(0.7916666666666666, 1.0)",2,99.06944444444444,39212
"(0.8333333333333334, 1.0)",5,99.06944444444444,39217
"(0.9027777777777778, 1.0)",3,99.06944444444444,39220
"(0.7777777777777778, 1.0)",5,99.06944444444444,39225
"(0.8611111111111112, 1.0)",5,99.06944444444444,39230
"(0.7361111111111112, 1.0)",6,99.06944444444444,39236
"(0.6805555555555556, 1.0)",2,99.06944444444444,39238
"(0.875, 1.0)",2,99.06944444444444,39240
"(0.7083333333333334, 1.0)",6,99.06944444444444,39246
"(0.9444444444444444, 1.0)",1,99.06944444444444,39247
"(0.9305555555555556, 1.0)",5,99.06944444444444,39252
"(0.9583333333333334, 1.0)",6,99.06944444444444,39258
"(0.8888888888888888, 1.0)",1,99.06944444444444,39259
"(0.8194444444444444, 1.0)",2,99.06944444444444,39261
"(0.75, 1.0)",3,99.06944444444444,39264
"(0.7638888888888888, 1.0)",1,99.06944444444444,39265
"(0.6944444444444444, 1.0)",2,99.06944444444444,39267
"(0.9625, 0.9958333333333332)",1,99.06666666666676,39268
"(0.9875, 0.9958333333333332)",1,99.06666666666676,39269
"(0.925, 0.9958333333333332)",2,99.06666666666672,39271
"(0.9791666666666666, 0.9958333333333332)",1,99.06666666666672,39272
"(0.8666666666666667, 0.9958333333333332)",1,99.06666666666672,39273
"(0.925, 0.9958333333333332)",2,99.06666666666672,39275
"(0.9458333333333332, 0.9958333333333332)",1,99.06666666666672,39276
"(0.975, 0.9958333333333332)",1,99.06666666666672,39277
"(0.9125, 0.9958333333333332)",1,99.06666666666672,39278
"(0.9625, 0.9958333333333332)",1,99.06666666666672,39279
"(0.9875, 0.9958333333333332)",3,99.06666666666672,39282
"(0.925, 0.9958333333333332)",1,99.0666666666667,39283
"(0.9583333333333334, 0.9958333333333332)",1,99.0666666666667,39284
"(0.8375, 0.9958333333333332)",1,99.0666666666667,39285
"(0.9333333333333332, 0.9833333333333332)",1,99.0666666666667,39286
"(0.9791666666666666, 0.9958333333333332)",5,99.0666666666667,39291
"(0.9916666666666668, 0.9958333333333332)",2,99.0666666666667,39293
"(0.95, 0.9958333333333332)",1,99.0666666666667,39294
"(0.8833333333333333, 1.0)",1,99.0666666666667,39295
"(0.9041666666666668, 0.9958333333333332)",2,99.0666666666667,39297
"(0.9833333333333332, 0.9958333333333332)",1,99.0666666666667,39298
"(0.9333333333333332, 1.0)",1,99.0666666666667,39299
"(0.9958333333333332, 0.9958333333333332)",1,99.0666666666667,39300
"(0.9333333333333332, 0.9958333333333332)",2,99.0666666666667,39302
"(0.875, 0.9958333333333332)",3,99.0666666666667,39305
"(0.9, 1.0)",3,99.06666666666668,39308
"(0.7166666666666667, 1.0)",1,99.06666666666668,39309
"(0.95, 1.0)",2,99.06666666666668,39311
"(0.95, 1.0)",1,99.06666666666668,39312
"(0.9333333333333332, 1.0)",3,99.06666666666668,39315
"(0.8166666666666667, 1.0)",1,99.06666666666668,39316
"(0.8666666666666667, 1.0)",2,99.06666666666668,39318
"(0.8166666666666667, 1.0)",1,99.06666666666668,39319
"(0.9166666666666666, 1.0)",1,99.06666666666668,39320
"(0.8333333333333334, 1.0)",2,99.06666666666668,39322
"(0.75, 1.0)",1,99.06666666666668,39323
"(0.975, 0.9958333333333332)",1,99.06666666666668,39324
"(0.9666666666666668, 1.0)",1,99.06666666666668,39325
"(0.9666666666666668, 1.0)",1,99.06666666666668,39326
"(0.8333333333333334, 1.0)",2,99.06666666666668,39328
"(0.9, 1.0)",1,99.06666666666668,39329
"(0.7666666666666667, 1.0)",2,99.06666666666668,39331
"(0.8666666666666667, 0.9833333333333332)",1,99.06666666666668,39332
"(0.7833333333333333, 1.0)",1,99.06666666666668,39333
"(0.8833333333333333, 1.0)",3,99.06666666666668,39336
"(0.8333333333333334, 1.0)",9,99.06666666666666,39345
"(0.8666666666666667, 1.0)",5,99.06666666666666,39350
"(0.8833333333333333, 1.0)",2,99.06666666666666,39352
"(0.8, 1.0)",1,99.06666666666666,39353
"(0.7333333333333333, 1.0)",8,99.06666666666666,39361
"(0.85, 1.0)",5,99.06666666666666,39366
"(0.8166666666666667, 1.0)",4,99.06666666666666,39370
"(0.9166666666666666, 1.0)",10,99.06666666666666,39380
"(0.6833333333333333, 1.0)",5,99.06666666666666,39385
"(0.75, 1.0)",2,99.06666666666666,39387
"(0.9666666666666668, 1.0)",9,99.06666666666666,39396
"(0.95, 1.0)",4,99.06666666666666,39400
"(1.0, 1.0)",14,99.06666666666666,39414
"(0.7833333333333333, 1.0)",4,99.06666666666666,39418
"(0.9958333333333332, 1.0)",1,99.06666666666666,39419
"(0.9, 1.0)",9,99.06666666666666,39428
"(0.7166666666666667, 1.0)",3,99.06666666666666,39431
"(0.5666666666666667, 1.0)",1,99.06666666666666,39432
"(0.6, 1.0)",1,99.06666666666666,39433
"(0.9333333333333332, 1.0)",4,99.06666666666666,39437
"(0.9833333333333332, 1.0)",5,99.06666666666666,39442
"(0.7666666666666667, 1.0)",3,99.06666666666666,39445
"(0.7, 1.0)",4,99.06666666666666,39449
"(0.9541666666666668, 0.9958333333333332)",1,99.06666666666658,39450
"(0.7307692307692307, 1.0)",2,99.06410256410255,39452
"(0.7692307692307693, 1.0)",1,99.06410256410255,39453
"(0.9875, 0.9958333333333332)",1,99.06250000000011,39454
"(0.9833333333333332, 0.9958333333333332)",1,99.06250000000011,39455
"(0.925, 0.9958333333333332)",1,99.0625000000001,39456
"(0.9, 0.9958333333333332)",1,99.0625000000001,39457
"(0.8041666666666667, 0.9958333333333332)",1,99.06250000000009,39458
"(0.9583333333333334, 0.9958333333333332)",1,99.06250000000009,39459
"(0.925, 0.9958333333333332)",2,99.06250000000009,39461
"(0.9125, 0.9958333333333332)",3,99.06250000000009,39464
"(0.975, 0.9958333333333332)",1,99.06250000000009,39465
"(0.9875, 0.9958333333333332)",1,99.06250000000009,39466
"(0.9375, 0.9958333333333332)",1,99.06250000000009,39467
"(0.9375, 0.9958333333333332)",1,99.06250000000006,39468
"(0.975, 0.9958333333333332)",1,99.06250000000006,39469
"(0.9208333333333332, 0.9958333333333332)",1,99.06250000000006,39470
"(0.9291666666666668, 0.9958333333333332)",2,99.06250000000006,39472
"(0.925, 0.9958333333333332)",1,99.06250000000006,39473
"(0.8625, 0.9958333333333332)",2,99.06250000000006,39475
"(0.8625, 0.9958333333333332)",3,99.06250000000004,39478
"(0.9625, 0.9958333333333332)",1,99.06250000000004,39479
"(0.9666666666666668, 0.9958333333333332)",3,99.06250000000004,39482
"(0.9791666666666666, 0.9958333333333332)",1,99.06250000000004,39483
"(0.9375, 0.9958333333333332)",1,99.06250000000004,39484
"(0.9958333333333332, 0.9958333333333332)",1,99.06250000000004,39485
"(0.9208333333333332, 0.9958333333333332)",1,99.06250000000004,39486
"(0.9041666666666668, 0.9958333333333332)",1,99.06250000000004,39487
"(0.9833333333333332, 0.9958333333333332)",2,99.06250000000004,39489
"(0.9375, 0.9958333333333332)",2,99.06250000000004,39491
"(0.9083333333333332, 0.9958333333333332)",1,99.06250000000004,39492
"(0.9916666666666668, 0.9958333333333332)",4,99.06250000000004,39496
"(0.9958333333333332, 0.9958333333333332)",1,99.06250000000004,39497
"(0.9583333333333334, 0.9958333333333332)",2,99.0625,39499
"(0.9875, 0.9958333333333332)",1,99.0625,39500
"(0.9833333333333332, 1.0)",1,99.0625,39501
"(0.9666666666666668, 1.0)",1,99.0625,39502
"(0.95, 1.0)",1,99.0625,39503
"(0.975, 0.9958333333333332)",1,99.06249999999996,39504
"(0.9958333333333332, 0.9958333333333332)",1,99.06249999999991,39505
"(0.8083333333333333, 0.9916666666666668)",1,99.06249999999976,39506
"(0.9333333333333332, 0.9958333333333332)",2,99.05833333333344,39508
"(0.9958333333333332, 0.9958333333333332)",1,99.05833333333344,39509
"(0.925, 0.9958333333333332)",1,99.05833333333342,39510
"(0.9791666666666666, 0.9958333333333332)",1,99.0583333333334,39511
"(0.975, 0.9958333333333332)",1,99.0583333333334,39512
"(0.9875, 0.9958333333333332)",1,99.0583333333334,39513
"(0.85, 0.9958333333333332)",1,99.0583333333334,39514
"(0.9833333333333332, 0.9958333333333332)",1,99.0583333333334,39515
"(0.95, 0.9958333333333332)",1,99.0583333333334,39516
"(0.9875, 0.9958333333333332)",1,99.0583333333334,39517
"(0.9, 0.9958333333333332)",1,99.0583333333334,39518
"(0.9375, 0.9958333333333332)",2,99.05833333333338,39520
"(0.975, 0.9958333333333332)",1,99.05833333333338,39521
"(0.9208333333333332, 0.9958333333333332)",1,99.05833333333338,39522
"(0.9791666666666666, 0.9958333333333332)",1,99.05833333333337,39523
"(0.9291666666666668, 0.9958333333333332)",2,99.05833333333337,39525
"(0.9833333333333332, 0.9916666666666668)",1,99.05833333333337,39526
"(0.975, 0.9958333333333332)",1,99.05833333333337,39527
"(0.9958333333333332, 0.9958333333333332)",2,99.05833333333337,39529
"(0.9458333333333332, 0.9958333333333332)",1,99.05833333333337,39530
"(0.9833333333333332, 0.9958333333333332)",1,99.05833333333337,39531
"(0.9, 0.9958333333333332)",2,99.05833333333337,39533
"(0.9583333333333334, 0.9958333333333332)",1,99.05833333333332,39534
"(0.9833333333333332, 0.9958333333333332)",1,99.0583333333333,39535
"(0.95, 0.9916666666666668)",1,99.05833333333308,39536
"(0.8625, 0.9916666666666668)",1,99.05833333333304,39537
"(0.3372093023255814, 1.0)",3,99.05813953488372,39540
"(0.5930232558139535, 1.0)",1,99.05813953488372,39541
"(0.872093023255814, 1.0)",1,99.05813953488372,39542
"(0.7441860465116279, 1.0)",1,99.05813953488372,39543
"(0.6162790697674418, 1.0)",2,99.05813953488372,39545
"(0.627906976744186, 1.0)",2,99.05813953488372,39547
"(0.4651162790697674, 1.0)",1,99.05813953488372,39548
"(0.8837209302325582, 1.0)",2,99.05813953488372,39550
"(0.8472222222222222, 1.0)",3,99.05555555555556,39553
"(0.6805555555555556, 1.0)",1,99.05555555555556,39554
"(0.7638888888888888, 1.0)",3,99.05555555555556,39557
"(0.9444444444444444, 1.0)",4,99.05555555555556,39561
"(0.5972222222222222, 1.0)",2,99.05555555555556,39563
"(0.9583333333333334, 1.0)",2,99.05555555555556,39565
"(0.8888888888888888, 1.0)",3,99.05555555555556,39568
"(0.9027777777777778, 1.0)",2,99.05555555555556,39570
"(0.9305555555555556, 1.0)",4,99.05555555555556,39574
"(0.7361111111111112, 1.0)",4,99.05555555555556,39578
"(0.8333333333333334, 1.0)",3,99.05555555555556,39581
"(0.7222222222222222, 1.0)",1,99.05555555555556,39582
"(0.8194444444444444, 1.0)",6,99.05555555555556,39588
"(0.8055555555555556, 1.0)",2,99.05555555555556,39590
"(0.875, 1.0)",1,99.05555555555556,39591
"(0.75, 1.0)",1,99.05555555555556,39592
"(0.6944444444444444, 1.0)",2,99.05555555555556,39594
"(0.7777777777777778, 1.0)",2,99.05555555555556,39596
"(0.7083333333333334, 1.0)",4,99.05555555555556,39600
"(0.8611111111111112, 1.0)",1,99.05555555555556,39601
"(0.625, 1.0)",1,99.05555555555556,39602
"(0.9166666666666666, 1.0)",1,99.05555555555554,39603
"(0.975, 0.9958333333333332)",1,99.0541666666668,39604
"(0.9208333333333332, 0.9958333333333332)",1,99.05416666666676,39605
"(0.9875, 0.9958333333333332)",1,99.05416666666676,39606
"(0.9666666666666668, 0.9958333333333332)",1,99.05416666666676,39607
"(0.9208333333333332, 0.9958333333333332)",1,99.05416666666672,39608
"(0.9, 0.9958333333333332)",1,99.05416666666672,39609
"(0.9083333333333332, 0.9958333333333332)",1,99.05416666666672,39610
"(0.9458333333333332, 0.9958333333333332)",2,99.05416666666672,39612
"(0.875, 0.9958333333333332)",1,99.05416666666672,39613
"(0.9833333333333332, 0.9958333333333332)",1,99.0541666666667,39614
"(0.925, 0.9958333333333332)",1,99.0541666666667,39615
"(0.8791666666666667, 0.9958333333333332)",1,99.0541666666667,39616
"(0.9208333333333332, 0.9958333333333332)",1,99.0541666666667,39617
"(0.95, 0.9958333333333332)",2,99.0541666666667,39619
"(0.9541666666666668, 0.9958333333333332)",1,99.0541666666667,39620
"(0.9958333333333332, 0.9958333333333332)",2,99.0541666666667,39622
"(0.9875, 0.9958333333333332)",2,99.0541666666667,39624
"(0.9375, 0.9958333333333332)",1,99.0541666666667,39625
"(0.9458333333333332, 0.9958333333333332)",1,99.0541666666667,39626
"(0.875, 0.9958333333333332)",2,99.0541666666667,39628
"(0.8375, 0.9958333333333332)",1,99.0541666666667,39629
"(0.9916666666666668, 0.9958333333333332)",1,99.0541666666667,39630
"(0.9625, 0.9958333333333332)",1,99.0541666666667,39631
"(1.0, 0.9958333333333332)",2,99.0541666666667,39633
"(0.975, 0.9958333333333332)",3,99.0541666666667,39636
"(0.9791666666666666, 0.9916666666666668)",1,99.05416666666667,39637
"(0.9833333333333332, 0.9958333333333332)",1,99.05416666666667,39638
"(0.9625, 0.9958333333333332)",1,99.0541666666666,39639
"(0.9875, 0.9958333333333332)",1,99.05416666666648,39640
"(0.95, 0.9916666666666668)",1,99.05416666666645,39641
"(0.9208333333333332, 0.9916666666666668)",1,99.05416666666645,39642
"(0.9291666666666668, 0.9916666666666668)",1,99.0541666666664,39643
"(0.9458333333333332, 0.9916666666666668)",1,99.0541666666664,39644
"(0.8717948717948718, 1.0)",1,99.05128205128204,39645
"(0.8076923076923077, 1.0)",1,99.05128205128204,39646
"(0.9625, 0.9958333333333332)",1,99.0500000000001,39647
"(0.9333333333333332, 0.9958333333333332)",1,99.05000000000008,39648
"(0.975, 0.9958333333333332)",1,99.05000000000008,39649
"(0.9291666666666668, 0.9958333333333332)",3,99.05000000000008,39652
"(0.95, 0.9958333333333332)",1,99.05000000000008,39653
"(0.9333333333333332, 0.9958333333333332)",1,99.05000000000008,39654
"(0.9458333333333332, 0.9958333333333332)",2,99.05000000000004,39656
"(0.9916666666666668, 0.9958333333333332)",2,99.05000000000004,39658
"(0.8541666666666666, 0.9958333333333332)",1,99.05000000000004,39659
"(0.9791666666666666, 0.9958333333333332)",1,99.05000000000004,39660
"(0.9666666666666668, 1.0)",1,99.05000000000004,39661
"(0.9833333333333332, 0.9958333333333332)",1,99.05000000000004,39662
"(0.9708333333333332, 0.9958333333333332)",1,99.05000000000004,39663
"(0.95, 0.9833333333333332)",1,99.05000000000004,39664
"(0.975, 0.9958333333333332)",2,99.05000000000004,39666
"(0.9791666666666666, 0.9958333333333332)",1,99.05000000000004,39667
"(0.8, 1.0)",1,99.05000000000004,39668
"(0.9291666666666668, 0.9958333333333332)",1,99.05000000000004,39669
"(0.95, 0.9958333333333332)",3,99.05000000000004,39672
"(0.9875, 0.9958333333333332)",2,99.05000000000004,39674
"(0.9333333333333332, 0.9833333333333332)",2,99.05000000000004,39676
"(0.8625, 0.9958333333333332)",1,99.05000000000004,39677
"(0.8833333333333333, 1.0)",1,99.05000000000004,39678
"(0.85, 1.0)",1,99.05000000000004,39679
"(0.9333333333333332, 0.9958333333333332)",1,99.05000000000004,39680
"(0.9833333333333332, 0.9958333333333332)",1,99.05000000000004,39681
"(0.9, 0.9958333333333332)",2,99.05000000000004,39683
"(0.9166666666666666, 0.9958333333333332)",1,99.05000000000004,39684
"(1.0, 1.0)",2,99.05000000000004,39686
"(0.9875, 0.9958333333333332)",1,99.05000000000004,39687
"(0.9166666666666666, 1.0)",3,99.05000000000004,39690
"(0.9875, 0.9958333333333332)",1,99.05000000000004,39691
"(0.8666666666666667, 1.0)",1,99.05000000000004,39692
"(0.8333333333333334, 1.0)",4,99.05000000000004,39696
"(0.9625, 0.9958333333333332)",1,99.05000000000004,39697
"(1.0, 1.0)",6,99.05,39703
"(0.75, 1.0)",1,99.05,39704
"(0.7333333333333333, 1.0)",3,99.05,39707
"(0.8, 1.0)",3,99.05,39710
"(0.6833333333333333, 1.0)",1,99.05,39711
"(0.9333333333333332, 1.0)",7,99.05,39718
"(0.975, 1.0)",1,99.05,39719
"(0.85, 1.0)",3,99.05,39722
"(0.9, 1.0)",2,99.05,39724
"(0.8666666666666667, 1.0)",2,99.05,39726
"(0.6666666666666666, 1.0)",1,99.05,39727
"(0.6833333333333333, 1.0)",1,99.05,39728
"(0.95, 1.0)",2,99.05,39730
"(0.9833333333333332, 1.0)",1,99.05,39731
"(0.6, 1.0)",1,99.05,39732
"(0.8166666666666667, 1.0)",2,99.05,39734
"(0.8333333333333334, 1.0)",5,99.05,39739
"(0.8166666666666667, 1.0)",3,99.05,39742
"(1.0, 1.0)",1,99.05,39743
"(0.8833333333333333, 1.0)",8,99.05,39751
"(0.75, 1.0)",2,99.05,39753
"(0.9, 1.0)",7,99.05,39760
"(0.7833333333333333, 1.0)",4,99.05,39764
"(0.9833333333333332, 1.0)",7,99.05,39771
"(0.7166666666666667, 1.0)",1,99.05,39772
"(0.9666666666666668, 1.0)",3,99.05,39775
"(0.9166666666666666, 1.0)",1,99.05,39776
"(0.7666666666666667, 1.0)",4,99.05,39780
"(0.9166666666666666, 1.0)",7,99.05,39787
"(0.8666666666666667, 1.0)",5,99.05,39792
"(0.9666666666666668, 1.0)",3,99.05,39795
"(0.85, 1.0)",1,99.05,39796
"(0.7166666666666667, 1.0)",5,99.05,39801
"(0.9791666666666666, 0.9958333333333332)",1,99.04999999999994,39802
"(0.9791666666666666, 0.9916666666666668)",2,99.04999999999994,39804
"(0.9791666666666666, 0.9958333333333332)",1,99.04999999999993,39805
"(0.9291666666666668, 0.9916666666666668)",1,99.04999999999978,39806
"(0.6162790697674418, 1.0)",1,99.04651162790698,39807
"(0.9186046511627908, 1.0)",2,99.04651162790698,39809
"(0.8255813953488372, 1.0)",1,99.04651162790697,39810
"(0.6162790697674418, 1.0)",1,99.04651162790697,39811
"(0.9186046511627908, 1.0)",2,99.04651162790697,39813
"(0.872093023255814, 1.0)",1,99.04651162790697,39814
"(0.975, 0.9958333333333332)",1,99.04583333333346,39815
"(0.8541666666666666, 0.9958333333333332)",1,99.04583333333343,39816
"(0.9916666666666668, 0.9958333333333332)",1,99.04583333333343,39817
"(0.925, 0.9958333333333332)",1,99.04583333333342,39818
"(0.9375, 0.9958333333333332)",1,99.04583333333342,39819
"(0.9458333333333332, 0.9958333333333332)",1,99.04583333333342,39820
"(0.9833333333333332, 0.9958333333333332)",1,99.0458333333334,39821
"(0.9375, 0.9958333333333332)",1,99.0458333333334,39822
"(0.9333333333333332, 0.9958333333333332)",1,99.0458333333334,39823
"(0.825, 0.9958333333333332)",1,99.0458333333334,39824
"(0.9708333333333332, 0.9958333333333332)",1,99.0458333333334,39825
"(0.9875, 0.9958333333333332)",1,99.0458333333334,39826
"(0.975, 0.9958333333333332)",1,99.0458333333334,39827
"(0.95, 0.9958333333333332)",1,99.0458333333334,39828
"(0.9916666666666668, 0.9958333333333332)",1,99.04583333333338,39829
"(0.9625, 0.9958333333333332)",1,99.04583333333338,39830
"(0.875, 0.9958333333333332)",1,99.04583333333338,39831
"(0.9375, 0.9958333333333332)",1,99.04583333333338,39832
"(0.925, 0.9958333333333332)",1,99.04583333333338,39833
"(0.9833333333333332, 0.9958333333333332)",2,99.04583333333338,39835
"(0.9791666666666666, 0.9958333333333332)",3,99.04583333333336,39838
"(0.9083333333333332, 0.9958333333333332)",1,99.04583333333336,39839
"(0.9833333333333332, 0.9958333333333332)",3,99.04583333333336,39842
"(0.8541666666666666, 0.9958333333333332)",1,99.04583333333336,39843
"(0.95, 0.9958333333333332)",1,99.04583333333336,39844
"(0.9875, 0.9958333333333332)",1,99.04583333333336,39845
"(0.9375, 0.9958333333333332)",1,99.04583333333336,39846
"(0.9125, 0.9958333333333332)",1,99.04583333333336,39847
"(0.9875, 0.9916666666666668)",1,99.04583333333332,39848
"(0.9791666666666666, 0.9958333333333332)",2,99.0458333333333,39850
"(0.95, 0.9916666666666668)",1,99.04583333333304,39851
"(0.9208333333333332, 0.9958333333333332)",1,99.04166666666676,39852
"(0.9958333333333332, 0.9958333333333332)",1,99.04166666666674,39853
"(0.9875, 0.9958333333333332)",2,99.04166666666674,39855
"(0.95, 0.9958333333333332)",1,99.04166666666671,39856
"(0.9083333333333332, 0.9958333333333332)",1,99.04166666666671,39857
"(0.9291666666666668, 0.9958333333333332)",1,99.04166666666671,39858
"(0.8916666666666667, 0.9958333333333332)",1,99.04166666666671,39859
"(0.9375, 0.9958333333333332)",1,99.04166666666671,39860
"(0.8666666666666667, 0.9958333333333332)",1,99.04166666666671,39861
"(0.9833333333333332, 0.9958333333333332)",1,99.0416666666667,39862
"(0.9916666666666668, 0.9958333333333332)",2,99.0416666666667,39864
"(0.9875, 0.9958333333333332)",4,99.0416666666667,39868
"(0.925, 0.9958333333333332)",1,99.0416666666667,39869
"(0.825, 0.9958333333333332)",2,99.0416666666667,39871
"(0.8375, 0.9958333333333332)",1,99.0416666666667,39872
"(0.9791666666666666, 0.9958333333333332)",6,99.0416666666667,39878
"(0.975, 0.9958333333333332)",1,99.0416666666667,39879
"(0.9541666666666668, 0.9958333333333332)",1,99.0416666666667,39880
"(0.9583333333333334, 0.9958333333333332)",1,99.0416666666667,39881
"(0.9625, 0.9958333333333332)",1,99.0416666666667,39882
"(0.85, 0.9958333333333332)",2,99.0416666666667,39884
"(0.9666666666666668, 0.9958333333333332)",2,99.0416666666667,39886
"(0.5972222222222222, 1.0)",1,99.04166666666669,39887
"(0.625, 1.0)",1,99.04166666666669,39888
"(0.75, 1.0)",1,99.04166666666669,39889
"(0.75, 0.9861111111111112)",1,99.04166666666669,39890
"(0.7083333333333334, 1.0)",3,99.04166666666669,39893
"(0.7361111111111112, 1.0)",1,99.04166666666669,39894
"(0.8611111111111112, 1.0)",1,99.04166666666669,39895
"(0.9027777777777778, 1.0)",2,99.04166666666669,39897
"(0.9305555555555556, 1.0)",2,99.04166666666669,39899
"(0.8194444444444444, 1.0)",2,99.04166666666669,39901
"(0.6805555555555556, 1.0)",1,99.04166666666669,39902
"(0.7777777777777778, 1.0)",2,99.04166666666666,39904
"(0.7083333333333334, 1.0)",8,99.04166666666666,39912
"(0.8888888888888888, 1.0)",1,99.04166666666666,39913
"(0.8194444444444444, 1.0)",12,99.04166666666666,39925
"(0.9791666666666666, 0.9958333333333332)",2,99.04166666666666,39927
"(0.9722222222222222, 1.0)",3,99.04166666666666,39930
"(0.8055555555555556, 1.0)",1,99.04166666666666,39931
"(0.9027777777777778, 1.0)",2,99.04166666666666,39933
"(0.625, 1.0)",1,99.04166666666666,39934
"(0.875, 1.0)",1,99.04166666666666,39935
"(0.7361111111111112, 1.0)",1,99.04166666666666,39936
"(0.9305555555555556, 1.0)",2,99.04166666666666,39938
"(0.8611111111111112, 1.0)",3,99.04166666666666,39941
"(0.6944444444444444, 1.0)",3,99.04166666666666,39944
"(0.6805555555555556, 1.0)",2,99.04166666666666,39946
"(0.75, 1.0)",2,99.04166666666666,39948
"(0.9166666666666666, 1.0)",1,99.04166666666666,39949
"(0.6111111111111112, 1.0)",1,99.04166666666666,39950
"(0.975, 0.9958333333333332)",1,99.04166666666664,39951
"(0.9958333333333332, 0.9958333333333332)",1,99.04166666666664,39952
"(0.925, 0.9916666666666668)",1,99.04166666666644,39953
"(0.9458333333333332, 0.9916666666666668)",1,99.04166666666644,39954
"(0.9083333333333332, 0.9916666666666668)",1,99.04166666666644,39955
"(0.734469696969697, 1.0)",1,99.0409090909091,39956
"(0.8717948717948718, 1.0)",1,99.03846153846156,39957
"(0.7051282051282052, 1.0)",1,99.03846153846156,39958
"(0.9833333333333332, 0.9958333333333332)",1,99.0375000000001,39959
"(0.925, 0.9958333333333332)",1,99.03750000000008,39960
"(0.9916666666666668, 0.9958333333333332)",1,99.03750000000008,39961
"(0.9666666666666668, 0.9958333333333332)",1,99.03750000000008,39962
"(0.9875, 0.9958333333333332)",1,99.03750000000008,39963
"(0.9958333333333332, 0.9958333333333332)",1,99.03750000000004,39964
"(0.9541666666666668, 0.9958333333333332)",1,99.03750000000004,39965
"(0.9833333333333332, 0.9958333333333332)",1,99.03750000000004,39966
"(0.9375, 0.9958333333333332)",1,99.03750000000004,39967
"(0.9125, 0.9958333333333332)",1,99.03750000000004,39968
"(0.9041666666666668, 0.9958333333333332)",1,99.03750000000004,39969
"(0.975, 0.9958333333333332)",1,99.03750000000004,39970
"(0.9791666666666666, 0.9958333333333332)",1,99.03750000000004,39971
"(0.9666666666666668, 0.9958333333333332)",1,99.03750000000004,39972
"(0.9625, 0.9958333333333332)",1,99.03750000000004,39973
"(0.9875, 0.9958333333333332)",2,99.03750000000004,39975
"(0.9583333333333334, 0.9958333333333332)",1,99.03750000000004,39976
"(0.925, 0.9958333333333332)",1,99.03750000000004,39977
"(0.8541666666666666, 0.9958333333333332)",1,99.03750000000004,39978
"(0.9875, 0.9958333333333332)",1,99.03750000000004,39979
"(0.975, 0.9958333333333332)",1,99.03750000000004,39980
"(0.95, 0.9958333333333332)",1,99.03750000000004,39981
"(0.95, 1.0)",1,99.0375,39982
"(0.9875, 0.9916666666666668)",1,99.03749999999978,39983
"(0.2906976744186046, 1.0)",1,99.03488372093022,39984
"(0.9186046511627908, 1.0)",3,99.03488372093022,39987
"(0.8488372093023255, 1.0)",1,99.03488372093022,39988
"(0.5930232558139535, 1.0)",4,99.03488372093022,39992
"(0.6162790697674418, 1.0)",2,99.03488372093022,39994
"(0.4651162790697674, 1.0)",2,99.03488372093022,39996
"(0.7906976744186046, 1.0)",1,99.03488372093022,39997
"(0.95, 0.9958333333333332)",1,99.03333333333345,39998
"(0.9291666666666668, 0.9958333333333332)",1,99.03333333333342,39999
"(0.875, 0.9958333333333332)",1,99.03333333333342,40000
"(0.9916666666666668, 0.9958333333333332)",1,99.03333333333342,40001
"(0.9083333333333332, 0.9958333333333332)",1,99.03333333333342,40002
"(0.9208333333333332, 0.9958333333333332)",2,99.03333333333342,40004
"(0.9625, 0.9958333333333332)",1,99.03333333333342,40005
"(0.9208333333333332, 0.9958333333333332)",1,99.0333333333334,40006
"(0.825, 0.9958333333333332)",1,99.0333333333334,40007
"(0.9791666666666666, 0.9958333333333332)",1,99.0333333333334,40008
"(0.8541666666666666, 0.9958333333333332)",1,99.0333333333334,40009
"(0.8666666666666667, 0.9958333333333332)",1,99.0333333333334,40010
"(0.9916666666666668, 0.9958333333333332)",1,99.03333333333336,40011
"(0.9833333333333332, 0.9958333333333332)",1,99.03333333333336,40012
"(0.9833333333333332, 1.0)",1,99.03333333333336,40013
"(0.75, 1.0)",1,99.03333333333336,40014
"(0.9791666666666666, 0.9958333333333332)",1,99.03333333333336,40015
"(0.9833333333333332, 0.9958333333333332)",1,99.03333333333336,40016
"(0.7333333333333333, 1.0)",1,99.03333333333336,40017
"(0.8166666666666667, 1.0)",1,99.03333333333336,40018
"(0.825, 0.9958333333333332)",2,99.03333333333336,40020
"(1.0, 1.0)",1,99.03333333333336,40021
"(0.9166666666666666, 1.0)",2,99.03333333333336,40023
"(0.975, 0.9958333333333332)",1,99.03333333333336,40024
"(0.9458333333333332, 0.9958333333333332)",1,99.03333333333336,40025
"(0.8625, 0.9958333333333332)",1,99.03333333333336,40026
"(0.8166666666666667, 0.9833333333333332)",1,99.03333333333336,40027
"(0.7666666666666667, 1.0)",2,99.03333333333336,40029
"(0.9666666666666668, 0.9958333333333332)",2,99.03333333333336,40031
"(0.9125, 0.9958333333333332)",1,99.03333333333336,40032
"(0.8333333333333334, 0.9833333333333332)",3,99.03333333333336,40035
"(0.875, 0.9958333333333332)",1,99.03333333333336,40036
"(0.8333333333333334, 1.0)",3,99.03333333333336,40039
"(0.9791666666666666, 0.9958333333333332)",4,99.03333333333336,40043
"(0.9208333333333332, 0.9958333333333332)",4,99.03333333333336,40047
"(0.8666666666666667, 1.0)",2,99.03333333333336,40049
"(0.9333333333333332, 1.0)",1,99.03333333333336,40050
"(0.7666666666666667, 1.0)",1,99.03333333333336,40051
"(0.9375, 0.9958333333333332)",3,99.03333333333336,40054
"(0.8791666666666667, 0.9958333333333332)",2,99.03333333333336,40056
"(0.6666666666666666, 0.9833333333333332)",1,99.03333333333336,40057
"(0.9875, 0.9958333333333332)",1,99.03333333333336,40058
"(1.0, 0.9833333333333332)",3,99.03333333333336,40061
"(0.7, 1.0)",5,99.03333333333332,40066
"(0.7833333333333333, 1.0)",3,99.03333333333332,40069
"(0.95, 1.0)",6,99.03333333333332,40075
"(0.9166666666666666, 1.0)",6,99.03333333333332,40081
"(0.9333333333333332, 1.0)",5,99.03333333333332,40086
"(0.75, 1.0)",1,99.03333333333332,40087
"(0.9, 1.0)",9,99.03333333333332,40096
"(0.7166666666666667, 1.0)",4,99.03333333333332,40100
"(0.6833333333333333, 1.0)",1,99.03333333333332,40101
"(0.8333333333333334, 1.0)",5,99.03333333333332,40106
"(0.85, 1.0)",3,99.03333333333332,40109
"(0.8833333333333333, 1.0)",10,99.03333333333332,40119
"(0.8666666666666667, 1.0)",5,99.03333333333332,40124
"(0.7333333333333333, 1.0)",8,99.03333333333332,40132
"(1.0, 1.0)",8,99.03333333333332,40140
"(0.8166666666666667, 1.0)",1,99.03333333333332,40141
"(0.8, 1.0)",6,99.03333333333332,40147
"(0.6666666666666666, 1.0)",1,99.03333333333332,40148
"(0.9833333333333332, 1.0)",3,99.03333333333332,40151
"(0.9666666666666668, 1.0)",10,99.03333333333332,40161
"(0.975, 0.9916666666666668)",2,99.0333333333333,40163
"(0.975, 0.9958333333333332)",2,99.0333333333333,40165
"(0.9541666666666668, 0.9958333333333332)",2,99.03333333333327,40167
"(0.9583333333333334, 0.9958333333333332)",1,99.03333333333327,40168
"(0.975, 0.9958333333333332)",1,99.03333333333325,40169
"(0.9375, 0.9916666666666668)",1,99.03333333333308,40170
"(0.9375, 0.9958333333333332)",1,99.02916666666675,40171
"(1.0, 0.9958333333333332)",1,99.02916666666675,40172
"(0.95, 0.9958333333333332)",1,99.02916666666675,40173
"(0.9583333333333334, 0.9958333333333332)",1,99.02916666666675,40174
"(0.9791666666666666, 0.9958333333333332)",1,99.02916666666674,40175
"(0.9416666666666668, 0.9958333333333332)",1,99.02916666666674,40176
"(0.9041666666666668, 0.9958333333333332)",1,99.02916666666674,40177
"(0.9125, 0.9958333333333332)",1,99.02916666666674,40178
"(0.9708333333333332, 0.9958333333333332)",1,99.02916666666673,40179
"(0.9291666666666668, 0.9958333333333332)",2,99.02916666666673,40181
"(0.8625, 0.9958333333333332)",1,99.02916666666673,40182
"(0.9916666666666668, 0.9958333333333332)",1,99.02916666666673,40183
"(0.8625, 0.9958333333333332)",2,99.02916666666673,40185
"(0.9166666666666666, 0.9958333333333332)",1,99.02916666666673,40186
"(0.9208333333333332, 0.9958333333333332)",1,99.02916666666673,40187
"(0.9, 0.9958333333333332)",2,99.02916666666673,40189
"(0.95, 0.9958333333333332)",1,99.02916666666673,40190
"(0.975, 0.9958333333333332)",1,99.02916666666673,40191
"(0.9791666666666666, 0.9958333333333332)",1,99.02916666666673,40192
"(0.9458333333333332, 0.9958333333333332)",1,99.02916666666673,40193
"(0.8791666666666667, 0.9958333333333332)",1,99.02916666666673,40194
"(0.9375, 0.9958333333333332)",1,99.02916666666673,40195
"(0.9875, 0.9958333333333332)",1,99.0291666666667,40196
"(0.9666666666666668, 0.9958333333333332)",1,99.0291666666667,40197
"(0.9791666666666666, 0.9958333333333332)",1,99.0291666666667,40198
"(0.9833333333333332, 0.9958333333333332)",3,99.0291666666667,40201
"(0.9583333333333334, 0.9958333333333332)",3,99.0291666666667,40204
"(0.9166666666666666, 0.9958333333333332)",2,99.0291666666667,40206
"(0.9083333333333332, 0.9958333333333332)",1,99.0291666666667,40207
"(0.9458333333333332, 0.9958333333333332)",1,99.0291666666667,40208
"(0.9708333333333332, 0.9958333333333332)",1,99.02916666666664,40209
"(0.9375, 0.9916666666666668)",1,99.02916666666644,40210
"(0.8666666666666667, 0.9916666666666668)",1,99.02916666666638,40211
"(0.95, 0.9916666666666668)",1,99.02916666666638,40212
"(0.7638888888888888, 1.0)",1,99.0277777777778,40213
"(0.8333333333333334, 1.0)",2,99.0277777777778,40215
"(0.7083333333333334, 1.0)",8,99.02777777777776,40223
"(0.9444444444444444, 1.0)",1,99.02777777777776,40224
"(0.8472222222222222, 0.9861111111111112)",1,99.02777777777776,40225
"(0.7222222222222222, 1.0)",2,99.02777777777776,40227
"(0.7777777777777778, 1.0)",6,99.02777777777776,40233
"(0.7916666666666666, 1.0)",3,99.02777777777776,40236
"(0.9166666666666666, 1.0)",1,99.02777777777776,40237
"(0.9027777777777778, 1.0)",3,99.02777777777776,40240
"(0.8055555555555556, 1.0)",1,99.02777777777776,40241
"(0.7638888888888888, 1.0)",3,99.02777777777776,40244
"(0.5972222222222222, 1.0)",2,99.02777777777776,40246
"(0.8194444444444444, 1.0)",2,99.02777777777776,40248
"(0.6805555555555556, 1.0)",3,99.02777777777776,40251
"(0.7361111111111112, 1.0)",3,99.02777777777776,40254
"(0.9305555555555556, 1.0)",1,99.02777777777776,40255
"(0.8472222222222222, 1.0)",2,99.02777777777776,40257
"(0.6111111111111112, 1.0)",1,99.02777777777776,40258
"(0.9583333333333334, 1.0)",1,99.02777777777776,40259
"(0.8333333333333334, 1.0)",5,99.02777777777776,40264
"(0.8888888888888888, 1.0)",1,99.02777777777776,40265
"(0.8611111111111112, 1.0)",2,99.02777777777776,40267
"(0.6944444444444444, 1.0)",2,99.02777777777776,40269
"(0.9722222222222222, 1.0)",1,99.02777777777776,40270
"(0.875, 1.0)",3,99.02777777777776,40273
"(0.7307692307692307, 1.0)",1,99.02564102564102,40274
"(0.8076923076923077, 1.0)",1,99.02564102564102,40275
"(0.8461538461538461, 1.0)",1,99.02564102564102,40276
"(0.9208333333333332, 0.9958333333333332)",1,99.02500000000008,40277
"(0.9291666666666668, 0.9958333333333332)",1,99.02500000000008,40278
"(0.9791666666666666, 0.9958333333333332)",1,99.02500000000008,40279
"(0.9666666666666668, 0.9958333333333332)",1,99.02500000000008,40280
"(0.9208333333333332, 0.9958333333333332)",1,99.02500000000008,40281
"(0.9208333333333332, 0.9958333333333332)",1,99.02500000000006,40282
"(0.9916666666666668, 0.9958333333333332)",1,99.02500000000006,40283
"(0.85, 0.9958333333333332)",1,99.02500000000003,40284
"(0.975, 0.9958333333333332)",1,99.02500000000003,40285
"(0.9375, 0.9958333333333332)",1,99.02500000000003,40286
"(0.9791666666666666, 0.9958333333333332)",2,99.02500000000003,40288
"(0.9166666666666666, 0.9958333333333332)",1,99.02500000000003,40289
"(0.8625, 0.9958333333333332)",1,99.02500000000003,40290
"(0.8916666666666667, 0.9958333333333332)",1,99.02500000000003,40291
"(0.9833333333333332, 0.9958333333333332)",2,99.02500000000003,40293
"(0.9958333333333332, 0.9958333333333332)",2,99.02500000000003,40295
"(0.9833333333333332, 0.9916666666666668)",1,99.02500000000003,40296
"(0.9875, 0.9958333333333332)",3,99.02500000000003,40299
"(1.0, 0.9958333333333332)",1,99.02500000000003,40300
"(0.925, 0.9958333333333332)",1,99.02500000000003,40301
"(0.9625, 0.9958333333333332)",1,99.02500000000003,40302
"(0.9375, 0.9958333333333332)",1,99.02500000000003,40303
"(0.9833333333333332, 1.0)",1,99.02499999999996,40304
"(0.9916666666666668, 0.9958333333333332)",1,99.02499999999992,40305
"(0.9791666666666666, 0.9958333333333332)",1,99.02499999999988,40306
"(0.9375, 0.9916666666666668)",1,99.0249999999998,40307
"(0.9333333333333332, 0.9916666666666668)",2,99.02499999999978,40309
"(0.8916666666666667, 0.9916666666666668)",1,99.02499999999978,40310
"(0.4883720930232558, 1.0)",1,99.02325581395348,40311
"(0.8372093023255814, 1.0)",1,99.02325581395348,40312
"(0.3372093023255814, 1.0)",1,99.02325581395348,40313
"(0.872093023255814, 1.0)",1,99.02325581395348,40314
"(0.5930232558139535, 1.0)",1,99.02325581395348,40315
"(0.9458333333333332, 0.9958333333333332)",1,99.02083333333346,40316
"(0.9666666666666668, 0.9958333333333332)",1,99.02083333333344,40317
"(0.8916666666666667, 0.9958333333333332)",1,99.0208333333334,40318
"(0.9625, 0.9958333333333332)",1,99.0208333333334,40319
"(0.925, 0.9958333333333332)",1,99.0208333333334,40320
"(0.9208333333333332, 0.9958333333333332)",1,99.0208333333334,40321
"(0.975, 0.9958333333333332)",1,99.0208333333334,40322
"(0.9291666666666668, 0.9958333333333332)",1,99.0208333333334,40323
"(0.95, 0.9958333333333332)",1,99.0208333333334,40324
"(0.9875, 0.9958333333333332)",2,99.0208333333334,40326
"(0.9875, 0.9958333333333332)",3,99.02083333333336,40329
"(0.85, 0.9958333333333332)",1,99.02083333333336,40330
"(1.0, 0.9958333333333332)",1,99.02083333333336,40331
"(0.9291666666666668, 0.9958333333333332)",1,99.02083333333336,40332
"(0.9583333333333334, 0.9958333333333332)",1,99.02083333333336,40333
"(0.8666666666666667, 0.9958333333333332)",1,99.02083333333336,40334
"(0.9375, 0.9958333333333332)",1,99.02083333333336,40335
"(0.9083333333333332, 0.9958333333333332)",1,99.02083333333336,40336
"(0.9041666666666668, 0.9958333333333332)",1,99.02083333333336,40337
"(0.825, 0.9958333333333332)",1,99.02083333333336,40338
"(0.8375, 0.9958333333333332)",3,99.02083333333336,40341
"(0.9833333333333332, 0.9958333333333332)",1,99.02083333333336,40342
"(0.8791666666666667, 0.9958333333333332)",1,99.02083333333336,40343
"(0.9541666666666668, 0.9958333333333332)",1,99.02083333333336,40344
"(0.925, 0.9958333333333332)",2,99.02083333333336,40346
"(0.9458333333333332, 0.9958333333333332)",1,99.02083333333336,40347
"(0.9791666666666666, 0.9958333333333332)",1,99.02083333333336,40348
"(0.9958333333333332, 1.0)",1,99.02083333333334,40349
"(0.9833333333333332, 1.0)",1,99.02083333333329,40350
"(0.9833333333333332, 0.9916666666666668)",1,99.02083333333324,40351
"(0.9458333333333332, 0.9958333333333332)",1,99.02083333333324,40352
"(0.975, 0.9958333333333332)",1,99.0208333333332,40353
"(0.9791666666666666, 0.9958333333333332)",1,99.01666666666678,40354
"(0.9291666666666668, 0.9958333333333332)",1,99.01666666666677,40355
"(0.9208333333333332, 0.9958333333333332)",1,99.01666666666677,40356
"(0.8958333333333334, 0.9958333333333332)",1,99.01666666666674,40357
"(0.975, 0.9958333333333332)",1,99.01666666666672,40358
"(0.9833333333333332, 0.9958333333333332)",2,99.01666666666672,40360
"(0.9, 0.9958333333333332)",1,99.01666666666672,40361
"(0.9083333333333332, 0.9958333333333332)",1,99.01666666666672,40362
"(0.8958333333333334, 0.9958333333333332)",1,99.01666666666672,40363
"(0.9458333333333332, 0.9958333333333332)",1,99.01666666666672,40364
"(0.9208333333333332, 0.9958333333333332)",1,99.01666666666672,40365
"(0.9125, 0.9958333333333332)",1,99.01666666666672,40366
"(0.8791666666666667, 0.9958333333333332)",1,99.01666666666672,40367
"(0.8, 0.9833333333333332)",1,99.0166666666667,40368
"(0.9333333333333332, 1.0)",3,99.0166666666667,40371
"(0.8833333333333333, 1.0)",1,99.0166666666667,40372
"(0.8916666666666667, 0.9958333333333332)",1,99.0166666666667,40373
"(0.9916666666666668, 0.9958333333333332)",1,99.0166666666667,40374
"(0.9, 1.0)",1,99.0166666666667,40375
"(0.7333333333333333, 1.0)",4,99.0166666666667,40379
"(0.9875, 0.9958333333333332)",1,99.0166666666667,40380
"(0.8333333333333334, 1.0)",1,99.0166666666667,40381
"(0.9791666666666666, 0.9958333333333332)",2,99.0166666666667,40383
"(0.8666666666666667, 1.0)",1,99.0166666666667,40384
"(0.9166666666666666, 1.0)",1,99.01666666666668,40385
"(0.9333333333333332, 1.0)",5,99.01666666666668,40390
"(0.8833333333333333, 1.0)",9,99.01666666666668,40399
"(0.8333333333333334, 1.0)",3,99.01666666666668,40402
"(0.7166666666666667, 1.0)",1,99.01666666666668,40403
"(0.9833333333333332, 1.0)",8,99.01666666666668,40411
"(0.85, 1.0)",1,99.01666666666668,40412
"(0.75, 1.0)",2,99.01666666666668,40414
"(0.8666666666666667, 1.0)",5,99.01666666666668,40419
"(0.85, 1.0)",14,99.01666666666668,40433
"(0.8333333333333334, 1.0)",4,99.01666666666668,40437
"(0.7333333333333333, 1.0)",3,99.01666666666668,40440
"(0.8166666666666667, 1.0)",1,99.01666666666668,40441
"(0.9, 1.0)",8,99.01666666666668,40449
"(0.8166666666666667, 1.0)",3,99.01666666666668,40452
"(0.9666666666666668, 1.0)",2,99.01666666666668,40454
"(0.9333333333333332, 1.0)",2,99.01666666666668,40456
"(0.7, 1.0)",2,99.01666666666668,40458
"(0.8, 1.0)",3,99.01666666666668,40461
"(0.7833333333333333, 1.0)",3,99.01666666666668,40464
"(0.9791666666666666, 1.0)",1,99.01666666666668,40465
"(0.75, 1.0)",2,99.01666666666668,40467
"(1.0, 1.0)",8,99.01666666666668,40475
"(0.9166666666666666, 1.0)",8,99.01666666666668,40483
"(0.8666666666666667, 1.0)",1,99.01666666666668,40484
"(0.7666666666666667, 1.0)",3,99.01666666666668,40487
"(0.95, 1.0)",4,99.01666666666668,40491
"(0.9, 1.0)",1,99.01666666666668,40492
"(0.8, 1.0)",3,99.01666666666668,40495
"(0.9833333333333332, 1.0)",1,99.01666666666668,40496
"(0.9875, 0.9958333333333332)",1,99.01666666666664,40497
"(0.9833333333333332, 0.9958333333333332)",1,99.01666666666664,40498
"(0.9958333333333332, 1.0)",1,99.01666666666662,40499
"(0.9625, 0.9916666666666668)",1,99.01666666666644,40500
"(0.9027777777777778, 1.0)",1,99.01388888888891,40501
"(0.9027777777777778, 1.0)",1,99.01388888888889,40502
"(0.9166666666666666, 1.0)",1,99.01388888888889,40503
"(0.9444444444444444, 1.0)",2,99.01388888888889,40505
"(0.9305555555555556, 1.0)",4,99.01388888888889,40509
"(0.8055555555555556, 1.0)",1,99.01388888888889,40510
"(0.7916666666666666, 1.0)",1,99.01388888888889,40511
"(0.6944444444444444, 1.0)",1,99.01388888888889,40512
"(0.75, 1.0)",6,99.01388888888889,40518
"(0.8472222222222222, 1.0)",2,99.01388888888889,40520
"(0.7361111111111112, 1.0)",1,99.01388888888889,40521
"(0.7083333333333334, 1.0)",5,99.01388888888889,40526
"(0.8611111111111112, 1.0)",3,99.01388888888889,40529
"(0.8194444444444444, 1.0)",2,99.01388888888889,40531
"(0.625, 1.0)",4,99.01388888888889,40535
"(0.9583333333333334, 1.0)",1,99.01388888888889,40536
"(0.7777777777777778, 1.0)",3,99.01388888888889,40539
"(0.6805555555555556, 1.0)",2,99.01388888888889,40541
"(0.8333333333333334, 1.0)",3,99.01388888888889,40544
"(0.8888888888888888, 1.0)",1,99.01388888888889,40545
"(0.7051282051282052, 1.0)",1,99.01282051282053,40546
"(0.9833333333333332, 0.9958333333333332)",1,99.01250000000007,40547
"(0.9583333333333334, 0.9958333333333332)",1,99.01250000000007,40548
"(0.9791666666666666, 0.9958333333333332)",1,99.01250000000007,40549
"(0.9208333333333332, 0.9958333333333332)",2,99.01250000000007,40551
"(0.8625, 0.9958333333333332)",1,99.01250000000007,40552
"(0.9375, 0.9958333333333332)",2,99.01250000000006,40554
"(0.9833333333333332, 0.9958333333333332)",1,99.01250000000006,40555
"(0.825, 0.9958333333333332)",1,99.01250000000006,40556
"(0.975, 0.9958333333333332)",1,99.01250000000006,40557
"(0.9708333333333332, 0.9958333333333332)",1,99.01250000000005,40558
"(0.9833333333333332, 0.9958333333333332)",1,99.01250000000005,40559
"(0.9541666666666668, 0.9958333333333332)",1,99.01250000000005,40560
"(0.9208333333333332, 0.9958333333333332)",1,99.01250000000005,40561
"(0.9875, 0.9958333333333332)",1,99.01250000000005,40562
"(0.9791666666666666, 0.9958333333333332)",1,99.01250000000005,40563
"(0.8375, 0.9958333333333332)",1,99.01250000000005,40564
"(0.8625, 0.9958333333333332)",1,99.01250000000005,40565
"(0.9625, 0.9958333333333332)",1,99.01250000000005,40566
"(0.9916666666666668, 0.9958333333333332)",1,99.01250000000005,40567
"(0.9791666666666666, 0.9958333333333332)",4,99.01250000000005,40571
"(0.8625, 0.9958333333333332)",1,99.01250000000005,40572
"(0.9791666666666666, 0.9958333333333332)",1,99.0124999999999,40573
"(0.9166666666666666, 0.9916666666666668)",1,99.01249999999978,40574
"(0.9791666666666666, 0.9916666666666668)",1,99.01249999999978,40575
"(0.9458333333333332, 0.9916666666666668)",1,99.01249999999978,40576
"(0.4651162790697674, 1.0)",4,99.01162790697674,40580
"(0.9534883720930232, 1.0)",1,99.01162790697674,40581
"(0.7674418604651163, 1.0)",1,99.01162790697674,40582
"(0.3372093023255814, 1.0)",2,99.01162790697674,40584
"(0.7441860465116279, 1.0)",1,99.01162790697674,40585
"(0.6162790697674418, 1.0)",1,99.01162790697674,40586
"(0.4883720930232558, 1.0)",1,99.01162790697674,40587
"(0.8255813953488372, 1.0)",1,99.01162790697674,40588
"(0.872093023255814, 1.0)",2,99.01162790697671,40590
"(0.5930232558139535, 1.0)",1,99.01162790697671,40591
"(0.9333333333333332, 0.9958333333333332)",1,99.0083333333334,40592
"(0.9375, 0.9958333333333332)",2,99.0083333333334,40594
"(0.9, 0.9958333333333332)",1,99.0083333333334,40595
"(0.9708333333333332, 0.9958333333333332)",1,99.0083333333334,40596
"(0.925, 0.9958333333333332)",1,99.0083333333334,40597
"(0.9375, 0.9958333333333332)",1,99.0083333333334,40598
"(0.9666666666666668, 0.9958333333333332)",1,99.00833333333338,40599
"(0.9541666666666668, 0.9958333333333332)",1,99.00833333333338,40600
"(0.85, 0.9958333333333332)",1,99.00833333333335,40601
"(0.9833333333333332, 0.9958333333333332)",1,99.00833333333335,40602
"(0.9875, 0.9958333333333332)",3,99.00833333333335,40605
"(0.9583333333333334, 0.9958333333333332)",1,99.00833333333335,40606
"(0.9625, 0.9958333333333332)",1,99.00833333333335,40607
"(0.9375, 0.9958333333333332)",1,99.00833333333335,40608
"(0.8916666666666667, 0.9958333333333332)",1,99.00833333333335,40609
"(0.9958333333333332, 0.9958333333333332)",1,99.00833333333335,40610
"(0.9458333333333332, 0.9958333333333332)",1,99.00833333333335,40611
"(0.975, 0.9958333333333332)",1,99.00833333333335,40612
"(0.95, 0.9958333333333332)",1,99.00833333333335,40613
"(0.9791666666666666, 0.9958333333333332)",2,99.00833333333335,40615
"(0.8791666666666667, 0.9958333333333332)",1,99.00833333333335,40616
"(0.9916666666666668, 0.9958333333333332)",3,99.00833333333335,40619
"(0.9958333333333332, 1.0)",1,99.00833333333334,40620
"(0.9625, 0.9958333333333332)",1,99.00833333333334,40621
"(0.9833333333333332, 0.9958333333333332)",2,99.00833333333333,40623
"(0.9708333333333332, 0.9916666666666668)",1,99.00833333333333,40624
"(0.9875, 0.9916666666666668)",1,99.00833333333328,40625
"(0.95, 0.9875)",1,99.00833333333316,40626
"(0.9125, 0.9916666666666668)",1,99.00833333333313,40627
"(0.809469696969697, 0.999621212121212)",1,99.00454545454546,40628
"(0.8625, 0.9958333333333332)",1,99.00416666666676,40629
"(0.9916666666666668, 0.9958333333333332)",1,99.00416666666676,40630
"(0.95, 0.9958333333333332)",1,99.00416666666672,40631
"(0.9, 0.9958333333333332)",1,99.00416666666672,40632
"(0.9833333333333332, 0.9958333333333332)",1,99.00416666666672,40633
"(0.9875, 0.9958333333333332)",1,99.00416666666672,40634
"(0.9291666666666668, 0.9958333333333332)",1,99.00416666666672,40635
"(0.9083333333333332, 0.9958333333333332)",1,99.0041666666667,40636
"(0.9458333333333332, 0.9958333333333332)",1,99.0041666666667,40637
"(0.9791666666666666, 0.9958333333333332)",5,99.0041666666667,40642
"(0.8916666666666667, 0.9958333333333332)",1,99.0041666666667,40643
"(0.8625, 0.9958333333333332)",2,99.0041666666667,40645
"(0.9041666666666668, 0.9958333333333332)",1,99.0041666666667,40646
"(0.9333333333333332, 0.9958333333333332)",1,99.0041666666667,40647
"(0.975, 0.9958333333333332)",2,99.0041666666667,40649
"(0.8875, 0.9958333333333332)",1,99.0041666666667,40650
"(0.9708333333333332, 0.9958333333333332)",1,99.0041666666667,40651
"(0.9833333333333332, 0.9958333333333332)",3,99.0041666666667,40654
"(0.9666666666666668, 0.9958333333333332)",1,99.0041666666667,40655
"(0.8541666666666666, 0.9958333333333332)",1,99.0041666666667,40656
"(0.825, 0.9958333333333332)",2,99.0041666666667,40658
"(0.9875, 0.9958333333333332)",1,99.0041666666667,40659
"(0.9916666666666668, 0.9958333333333332)",1,99.0041666666667,40660
"(0.9958333333333332, 0.9958333333333332)",1,99.0041666666667,40661
"(0.9791666666666666, 0.9958333333333332)",1,99.00416666666668,40662
"(0.9583333333333334, 0.9958333333333332)",1,99.00416666666666,40663
"(0.9958333333333332, 1.0)",1,99.00416666666662,40664
"(0.9, 0.9916666666666668)",2,99.00416666666644,40666
"(0.7428030303030303, 1.0)",1,99.00303030303031,40667
"(0.7371212121212121, 0.9988636363636364)",1,99.00265151515154,40668
"(0.7875, 0.9988636363636364)",1,99.00189393939397,40669
"(0.8958333333333334, 0.9958333333333332)",1,99.0000000000001,40670
"(0.9875, 0.9958333333333332)",2,99.0000000000001,40672
"(0.9708333333333332, 0.9958333333333332)",1,99.0000000000001,40673
"(0.8708333333333333, 0.9958333333333332)",1,99.00000000000009,40674
"(0.9291666666666668, 0.9958333333333332)",1,99.00000000000009,40675
"(0.9291666666666668, 0.9958333333333332)",2,99.00000000000009,40677
"(0.9083333333333332, 0.9958333333333332)",1,99.00000000000006,40678
"(0.8541666666666666, 0.9958333333333332)",1,99.00000000000006,40679
"(0.975, 0.9958333333333332)",1,99.00000000000006,40680
"(0.9583333333333334, 0.9958333333333332)",1,99.00000000000006,40681
"(0.95, 0.9958333333333332)",1,99.00000000000006,40682
"(0.9916666666666668, 0.9958333333333332)",1,99.00000000000006,40683
"(0.8333333333333334, 1.0)",1,99.00000000000004,40684
"(0.8625, 0.9958333333333332)",1,99.00000000000004,40685
"(0.9, 0.9833333333333332)",1,99.00000000000004,40686
"(0.8, 1.0)",1,99.00000000000004,40687
"(0.9333333333333332, 0.9666666666666668)",1,99.00000000000004,40688
"(0.8333333333333334, 0.9833333333333332)",1,99.00000000000004,40689
"(0.9666666666666668, 0.9958333333333332)",1,99.00000000000004,40690
"(0.8666666666666667, 1.0)",1,99.00000000000004,40691
"(0.9666666666666668, 0.9833333333333332)",1,99.00000000000004,40692
"(0.975, 0.9958333333333332)",1,99.00000000000004,40693
"(0.975, 0.9958333333333332)",1,99.00000000000004,40694
"(0.9166666666666666, 1.0)",4,99.00000000000004,40698
"(0.9291666666666668, 0.9958333333333332)",1,99.00000000000004,40699
"(0.7166666666666667, 1.0)",1,99.00000000000004,40700
"(0.9583333333333334, 0.9958333333333332)",1,99.00000000000004,40701
"(0.9208333333333332, 0.9958333333333332)",1,99.00000000000004,40702
"(0.9833333333333332, 0.9958333333333332)",3,99.00000000000004,40705
"(0.9583333333333334, 0.9958333333333332)",1,99.00000000000004,40706
"(0.8541666666666666, 0.9958333333333332)",1,99.00000000000004,40707
"(0.9333333333333332, 0.9958333333333332)",1,99.00000000000004,40708
"(0.9041666666666668, 0.9958333333333332)",2,99.00000000000004,40710
"(0.9333333333333332, 1.0)",1,99.00000000000004,40711
"(0.9875, 0.9958333333333332)",1,99.00000000000004,40712
"(0.925, 0.9958333333333332)",1,99.00000000000004,40713
"(0.9541666666666668, 0.9958333333333332)",1,99.00000000000004,40714
"(0.9166666666666666, 1.0)",1,99.00000000000004,40715
"(0.7083333333333334, 1.0)",4,99.0,40719
"(0.7, 1.0)",2,99.0,40721
"(0.9333333333333332, 1.0)",1,99.0,40722
"(0.8166666666666667, 1.0)",5,99.0,40727
"(0.6666666666666666, 1.0)",3,99.0,40730
"(0.7222222222222222, 1.0)",1,99.0,40731
"(0.7833333333333333, 1.0)",1,99.0,40732
"(0.8666666666666667, 1.0)",5,99.0,40737
"(0.8611111111111112, 1.0)",2,99.0,40739
"(0.6666666666666666, 1.0)",2,99.0,40741
"(0.6162790697674418, 1.0)",3,99.0,40744
"(0.9333333333333332, 1.0)",1,99.0,40745
"(0.9833333333333332, 1.0)",7,99.0,40752
"(0.8888888888888888, 1.0)",3,99.0,40755
"(1.0, 1.0)",15,99.0,40770
"(0.7666666666666667, 1.0)",4,99.0,40774
"(0.9027777777777778, 1.0)",6,99.0,40780
"(0.8333333333333334, 0.9833333333333332)",1,99.0,40781
"(0.7906976744186046, 1.0)",1,99.0,40782
"(0.8666666666666667, 1.0)",5,99.0,40787
"(0.7441860465116279, 1.0)",2,99.0,40789
"(0.95, 1.0)",3,99.0,40792
"(0.8194444444444444, 1.0)",5,99.0,40797
"(0.8166666666666667, 1.0)",4,99.0,40801
"(0.7361111111111112, 1.0)",2,99.0,40803
"(0.9305555555555556, 0.9861111111111112)",2,99.0,40805
"(0.7333333333333333, 1.0)",1,99.0,40806
"(0.95, 1.0)",1,99.0,40807
"(0.7333333333333333, 1.0)",1,99.0,40808
"(0.85, 1.0)",8,99.0,40816
"(0.75, 1.0)",1,99.0,40817
"(0.9166666666666666, 1.0)",11,99.0,40828
"(0.625, 1.0)",1,99.0,40829
"(0.8333333333333334, 1.0)",7,99.0,40836
"(0.9444444444444444, 1.0)",8,99.0,40844
"(0.627906976744186, 1.0)",2,99.0,40846
"(0.7916666666666666, 1.0)",2,99.0,40848
"(0.8461538461538461, 1.0)",1,99.0,40849
"(0.9, 1.0)",1,99.0,40850
"(0.6976744186046512, 1.0)",1,99.0,40851
"(0.7166666666666667, 1.0)",3,99.0,40854
"(0.9305555555555556, 1.0)",1,99.0,40855
"(0.9, 1.0)",5,99.0,40860
"(0.9833333333333332, 1.0)",2,99.0,40862
"(0.7638888888888888, 1.0)",1,99.0,40863
"(0.9666666666666668, 1.0)",4,99.0,40867
"(0.8, 1.0)",3,99.0,40870
"(0.2906976744186046, 1.0)",1,99.0,40871
"(0.85, 1.0)",3,99.0,40874
"(0.7777777777777778, 1.0)",1,99.0,40875
"(0.872093023255814, 1.0)",3,99.0,40878
"(0.9722222222222222, 1.0)",1,99.0,40879
"(0.8833333333333333, 1.0)",3,99.0,40882
"(0.8, 1.0)",1,99.0,40883
"(0.8055555555555556, 1.0)",2,99.0,40885
"(0.8833333333333333, 1.0)",3,99.0,40888
"(0.9416666666666668, 0.9958333333333332)",1,98.99999999999996,40889
"(0.9583333333333334, 0.9958333333333332)",1,98.99999999999994,40890
"(0.95, 0.9958333333333332)",1,98.99999999999991,40891
"(0.9625, 0.9916666666666668)",1,98.9999999999998,40892
"(0.6098484848484849, 0.9988636363636364)",1,98.99734848484847,40893
"(0.9791666666666666, 0.9958333333333332)",1,98.99583333333344,40894
"(0.9833333333333332, 0.9958333333333332)",1,98.99583333333344,40895
"(0.9875, 0.9958333333333332)",1,98.99583333333344,40896
"(0.9375, 0.9958333333333332)",2,98.99583333333342,40898
"(0.9791666666666666, 0.9958333333333332)",1,98.9958333333334,40899
"(0.9375, 0.9958333333333332)",1,98.9958333333334,40900
"(0.9625, 0.9958333333333332)",1,98.9958333333334,40901
"(0.9833333333333332, 0.9958333333333332)",1,98.9958333333334,40902
"(0.9125, 0.9958333333333332)",1,98.9958333333334,40903
"(0.8666666666666667, 0.9958333333333332)",1,98.9958333333334,40904
"(0.95, 0.9958333333333332)",1,98.9958333333334,40905
"(0.8791666666666667, 0.9958333333333332)",2,98.9958333333334,40907
"(0.9208333333333332, 0.9958333333333332)",1,98.9958333333334,40908
"(0.9875, 0.9958333333333332)",2,98.9958333333334,40910
"(0.9, 0.9958333333333332)",1,98.99583333333338,40911
"(0.9208333333333332, 0.9958333333333332)",1,98.99583333333338,40912
"(0.95, 0.9958333333333332)",1,98.99583333333338,40913
"(0.9333333333333332, 0.9958333333333332)",1,98.99583333333337,40914
"(0.975, 0.9958333333333332)",1,98.99583333333337,40915
"(0.9708333333333332, 0.9958333333333332)",1,98.99583333333337,40916
"(0.9791666666666666, 0.9958333333333332)",2,98.99583333333337,40918
"(0.9875, 0.9958333333333332)",1,98.99583333333337,40919
"(0.8916666666666667, 0.9958333333333332)",1,98.99583333333337,40920
"(0.9833333333333332, 0.9958333333333332)",3,98.99583333333337,40923
"(0.9916666666666668, 0.9958333333333332)",3,98.99583333333337,40926
"(0.9125, 0.9958333333333332)",1,98.99583333333337,40927
"(0.9791666666666666, 0.9958333333333332)",1,98.99583333333334,40928
"(0.9791666666666666, 0.9958333333333332)",2,98.99583333333328,40930
"(0.9208333333333332, 0.9916666666666668)",1,98.99583333333312,40931
"(0.925, 0.9916666666666668)",1,98.99583333333312,40932
"(0.9333333333333332, 0.9958333333333332)",1,98.99166666666676,40933
"(0.9, 0.9958333333333332)",1,98.99166666666676,40934
"(0.9208333333333332, 0.9958333333333332)",2,98.99166666666676,40936
"(0.9916666666666668, 0.9958333333333332)",1,98.99166666666676,40937
"(0.9291666666666668, 0.9958333333333332)",1,98.99166666666676,40938
"(0.8791666666666667, 0.9958333333333332)",1,98.99166666666672,40939
"(0.95, 0.9958333333333332)",1,98.99166666666672,40940
"(0.9458333333333332, 0.9958333333333332)",1,98.99166666666672,40941
"(0.975, 0.9958333333333332)",2,98.99166666666672,40943
"(0.9708333333333332, 0.9958333333333332)",1,98.99166666666672,40944
"(0.9833333333333332, 0.9958333333333332)",1,98.99166666666672,40945
"(0.9791666666666666, 0.9958333333333332)",1,98.99166666666672,40946
"(0.9583333333333334, 0.9958333333333332)",1,98.99166666666672,40947
"(0.9833333333333332, 0.9958333333333332)",1,98.9916666666667,40948
"(0.8791666666666667, 0.9958333333333332)",1,98.9916666666667,40949
"(0.9, 0.9958333333333332)",1,98.9916666666667,40950
"(0.9875, 0.9958333333333332)",1,98.9916666666667,40951
"(0.9916666666666668, 0.9958333333333332)",1,98.9916666666667,40952
"(0.975, 0.9958333333333332)",2,98.9916666666667,40954
"(0.9125, 0.9958333333333332)",1,98.9916666666667,40955
"(0.9791666666666666, 0.9958333333333332)",1,98.9916666666667,40956
"(0.9208333333333332, 0.9958333333333332)",1,98.9916666666667,40957
"(0.9708333333333332, 0.9958333333333332)",1,98.9916666666667,40958
"(0.9041666666666668, 0.9958333333333332)",1,98.9916666666667,40959
"(0.9833333333333332, 1.0)",1,98.99166666666667,40960
"(0.9833333333333332, 0.9958333333333332)",1,98.99166666666666,40961
"(0.9708333333333332, 0.9916666666666668)",2,98.99166666666665,40963
"(0.9708333333333332, 0.9958333333333332)",1,98.99166666666665,40964
"(0.9375, 0.9916666666666668)",1,98.99166666666645,40965
"(0.9166666666666666, 0.9916666666666668)",1,98.99166666666645,40966
"(0.9625, 0.9916666666666668)",1,98.99166666666645,40967
"(0.8953488372093024, 1.0)",1,98.98837209302326,40968
"(0.7674418604651163, 1.0)",2,98.98837209302326,40970
"(0.872093023255814, 1.0)",1,98.98837209302326,40971
"(0.4883720930232558, 1.0)",1,98.98837209302326,40972
"(0.3372093023255814, 1.0)",1,98.98837209302326,40973
"(0.5930232558139535, 1.0)",1,98.98837209302326,40974
"(0.8488372093023255, 1.0)",1,98.98837209302326,40975
"(0.627906976744186, 1.0)",1,98.98837209302326,40976
"(0.4651162790697674, 1.0)",2,98.98837209302324,40978
"(0.9708333333333332, 0.9958333333333332)",1,98.98750000000013,40979
"(0.9791666666666666, 0.9958333333333332)",1,98.98750000000013,40980
"(0.9625, 0.9958333333333332)",1,98.9875000000001,40981
"(0.95, 0.9958333333333332)",1,98.98750000000008,40982
"(0.975, 0.9958333333333332)",1,98.98750000000008,40983
"(0.9291666666666668, 0.9958333333333332)",1,98.98750000000008,40984
"(0.9583333333333334, 0.9958333333333332)",1,98.98750000000008,40985
"(0.9916666666666668, 0.9958333333333332)",1,98.98750000000008,40986
"(0.8916666666666667, 0.9958333333333332)",1,98.98750000000004,40987
"(0.9125, 0.9958333333333332)",1,98.98750000000004,40988
"(0.9083333333333332, 0.9958333333333332)",1,98.98750000000004,40989
"(0.9708333333333332, 0.9958333333333332)",2,98.98750000000004,40991
"(0.8791666666666667, 0.9958333333333332)",1,98.98750000000004,40992
"(0.975, 0.9958333333333332)",1,98.98750000000004,40993
"(0.9666666666666668, 0.9958333333333332)",1,98.98750000000004,40994
"(0.9583333333333334, 0.9958333333333332)",1,98.98750000000004,40995
"(0.9833333333333332, 0.9958333333333332)",1,98.98750000000004,40996
"(1.0, 0.9958333333333332)",1,98.98750000000004,40997
"(0.9291666666666668, 0.9958333333333332)",1,98.98750000000004,40998
"(0.9625, 0.9958333333333332)",1,98.98750000000004,40999
"(0.8625, 0.9958333333333332)",1,98.98750000000004,41000
"(0.9875, 0.9958333333333332)",1,98.98750000000004,41001
"(0.9458333333333332, 0.9958333333333332)",1,98.98750000000004,41002
"(0.9375, 0.9958333333333332)",2,98.98750000000004,41004
"(0.9875, 1.0)",1,98.9875,41005
"(0.9875, 0.9958333333333332)",1,98.9875,41006
"(0.975, 1.0)",1,98.9875,41007
"(0.9791666666666666, 0.9958333333333332)",1,98.9875,41008
"(0.9416666666666668, 0.9958333333333332)",1,98.98749999999993,41009
"(0.9625, 0.9916666666666668)",2,98.98749999999976,41011
"(0.6794871794871795, 1.0)",1,98.98717948717947,41012
"(0.7051282051282052, 1.0)",1,98.98717948717947,41013
"(0.6923076923076923, 1.0)",1,98.98717948717947,41014
"(0.9305555555555556, 1.0)",1,98.98611111111114,41015
"(0.8888888888888888, 1.0)",5,98.98611111111111,41020
"(0.7777777777777778, 1.0)",4,98.98611111111111,41024
"(0.8055555555555556, 1.0)",3,98.98611111111111,41027
"(0.8472222222222222, 1.0)",5,98.98611111111111,41032
"(0.75, 1.0)",6,98.98611111111111,41038
"(0.8194444444444444, 1.0)",1,98.98611111111111,41039
"(0.5972222222222222, 1.0)",1,98.98611111111111,41040
"(0.6944444444444444, 1.0)",3,98.98611111111111,41043
"(0.7638888888888888, 1.0)",1,98.98611111111111,41044
"(0.9027777777777778, 1.0)",4,98.98611111111111,41048
"(0.875, 1.0)",2,98.98611111111111,41050
"(0.8333333333333334, 1.0)",2,98.98611111111111,41052
"(0.7361111111111112, 1.0)",2,98.98611111111111,41054
"(0.8611111111111112, 1.0)",5,98.98611111111111,41059
"(0.9444444444444444, 1.0)",3,98.98611111111111,41062
"(0.625, 1.0)",1,98.98611111111111,41063
"(0.9305555555555556, 1.0)",3,98.98611111111111,41066
"(0.6805555555555556, 1.0)",1,98.98611111111111,41067
"(0.9583333333333334, 1.0)",2,98.98611111111111,41069
"(0.7083333333333334, 1.0)",6,98.98611111111111,41075
"(0.6111111111111112, 1.0)",1,98.98611111111111,41076
"(0.9305555555555556, 1.0)",1,98.9861111111111,41077
"(0.625, 1.0)",1,98.9861111111111,41078
"(0.7159090909090909, 0.9988636363636364)",1,98.98409090909092,41079
"(0.9041666666666668, 0.9958333333333332)",1,98.98333333333343,41080
"(1.0, 0.9958333333333332)",1,98.98333333333343,41081
"(0.9916666666666668, 0.9958333333333332)",1,98.98333333333342,41082
"(0.9125, 0.9958333333333332)",1,98.98333333333342,41083
"(0.9958333333333332, 0.9958333333333332)",1,98.9833333333334,41084
"(0.9208333333333332, 0.9958333333333332)",1,98.9833333333334,41085
"(0.9708333333333332, 0.9958333333333332)",1,98.9833333333334,41086
"(0.9166666666666666, 0.9958333333333332)",1,98.9833333333334,41087
"(0.9291666666666668, 0.9958333333333332)",1,98.9833333333334,41088
"(0.9291666666666668, 0.9958333333333332)",1,98.9833333333334,41089
"(0.9333333333333332, 1.0)",2,98.98333333333338,41091
"(0.9166666666666666, 0.9666666666666668)",1,98.98333333333338,41092
"(0.9125, 0.9958333333333332)",1,98.98333333333338,41093
"(0.9833333333333332, 0.9958333333333332)",1,98.98333333333338,41094
"(0.9375, 0.9958333333333332)",2,98.98333333333338,41096
"(0.9916666666666668, 0.9958333333333332)",1,98.98333333333338,41097
"(0.9625, 0.9958333333333332)",1,98.98333333333338,41098
"(0.8375, 0.9958333333333332)",1,98.98333333333338,41099
"(0.9583333333333334, 0.9958333333333332)",1,98.98333333333336,41100
"(0.8166666666666667, 1.0)",1,98.98333333333336,41101
"(0.9708333333333332, 0.9958333333333332)",1,98.98333333333336,41102
"(0.9666666666666668, 1.0)",1,98.98333333333336,41103
"(0.9166666666666666, 1.0)",1,98.98333333333336,41104
"(0.8, 1.0)",2,98.98333333333336,41106
"(0.9666666666666668, 0.9958333333333332)",4,98.98333333333336,41110
"(0.9333333333333332, 1.0)",2,98.98333333333336,41112
"(0.7166666666666667, 1.0)",2,98.98333333333336,41114
"(0.9625, 0.9958333333333332)",1,98.98333333333336,41115
"(0.975, 0.9958333333333332)",1,98.98333333333336,41116
"(0.75, 1.0)",1,98.98333333333336,41117
"(0.8625, 0.9958333333333332)",1,98.98333333333336,41118
"(0.8833333333333333, 0.9833333333333332)",1,98.98333333333336,41119
"(0.9166666666666666, 0.9833333333333332)",1,98.98333333333336,41120
"(0.95, 1.0)",1,98.98333333333336,41121
"(0.6666666666666666, 0.9833333333333332)",1,98.98333333333336,41122
"(0.825, 0.9958333333333332)",1,98.98333333333336,41123
"(0.8, 0.9833333333333332)",1,98.98333333333336,41124
"(0.9791666666666666, 0.9958333333333332)",1,98.98333333333336,41125
"(0.8666666666666667, 1.0)",2,98.98333333333336,41127
"(0.9666666666666668, 1.0)",3,98.98333333333336,41130
"(0.9375, 0.9958333333333332)",1,98.98333333333336,41131
"(0.8333333333333334, 0.9833333333333332)",2,98.98333333333336,41133
"(0.9833333333333332, 0.9958333333333332)",2,98.98333333333336,41135
"(0.8833333333333333, 1.0)",2,98.98333333333336,41137
"(0.7333333333333333, 0.9833333333333332)",1,98.98333333333336,41138
"(0.8166666666666667, 1.0)",7,98.98333333333332,41145
"(1.0, 1.0)",16,98.98333333333332,41161
"(0.8333333333333334, 1.0)",5,98.98333333333332,41166
"(0.9166666666666666, 1.0)",2,98.98333333333332,41168
"(0.75, 1.0)",1,98.98333333333332,41169
"(0.9333333333333332, 1.0)",5,98.98333333333332,41174
"(0.85, 1.0)",6,98.98333333333332,41180
"(0.4166666666666667, 1.0)",1,98.98333333333332,41181
"(0.7333333333333333, 1.0)",2,98.98333333333332,41183
"(0.9541666666666668, 0.9958333333333332)",1,98.98333333333332,41184
"(0.7666666666666667, 1.0)",3,98.98333333333332,41187
"(0.7833333333333333, 1.0)",1,98.98333333333332,41188
"(0.9666666666666668, 1.0)",3,98.98333333333332,41191
"(0.95, 1.0)",1,98.98333333333332,41192
"(0.8333333333333334, 1.0)",1,98.98333333333332,41193
"(0.7166666666666667, 1.0)",2,98.98333333333332,41195
"(0.7, 1.0)",3,98.98333333333332,41198
"(0.8, 1.0)",3,98.98333333333332,41201
"(0.8666666666666667, 1.0)",7,98.98333333333332,41208
"(0.7166666666666667, 1.0)",3,98.98333333333332,41211
"(0.9583333333333334, 0.9958333333333332)",2,98.98333333333332,41213
"(0.9833333333333332, 1.0)",8,98.98333333333332,41221
"(0.7833333333333333, 1.0)",2,98.98333333333332,41223
"(0.8833333333333333, 1.0)",13,98.98333333333332,41236
"(0.9791666666666666, 0.9958333333333332)",2,98.98333333333328,41238
"(0.975, 0.9958333333333332)",1,98.98333333333323,41239
"(0.9791666666666666, 0.9958333333333332)",2,98.98333333333323,41241
"(0.9833333333333332, 0.9958333333333332)",1,98.9833333333332,41242
"(0.9791666666666666, 0.9875)",1,98.9833333333331,41243
"(0.9458333333333332, 0.9916666666666668)",1,98.9833333333331,41244
"(0.9041666666666668, 0.9916666666666668)",1,98.98333333333308,41245
"(0.9916666666666668, 0.9958333333333332)",1,98.97916666666676,41246
"(0.9875, 0.9958333333333332)",1,98.97916666666676,41247
"(0.9875, 0.9958333333333332)",2,98.97916666666676,41249
"(0.8916666666666667, 0.9958333333333332)",2,98.97916666666674,41251
"(0.9, 0.9958333333333332)",2,98.97916666666674,41253
"(0.9625, 0.9958333333333332)",1,98.97916666666671,41254
"(0.9458333333333332, 0.9958333333333332)",1,98.97916666666671,41255
"(0.9208333333333332, 0.9958333333333332)",1,98.97916666666671,41256
"(0.9833333333333332, 0.9958333333333332)",1,98.97916666666671,41257
"(0.9916666666666668, 0.9958333333333332)",1,98.97916666666671,41258
"(0.9208333333333332, 0.9958333333333332)",1,98.97916666666671,41259
"(0.9583333333333334, 0.9958333333333332)",2,98.97916666666671,41261
"(0.9666666666666668, 0.9958333333333332)",1,98.9791666666667,41262
"(0.9916666666666668, 0.9958333333333332)",1,98.9791666666667,41263
"(0.8666666666666667, 0.9958333333333332)",2,98.9791666666667,41265
"(1.0, 0.9958333333333332)",1,98.9791666666667,41266
"(0.9833333333333332, 0.9958333333333332)",1,98.9791666666667,41267
"(0.975, 0.9958333333333332)",2,98.9791666666667,41269
"(0.85, 0.9958333333333332)",1,98.9791666666667,41270
"(0.9875, 0.9958333333333332)",1,98.9791666666667,41271
"(0.9375, 0.9958333333333332)",1,98.9791666666667,41272
"(0.8625, 0.9958333333333332)",2,98.9791666666667,41274
"(0.9791666666666666, 0.9958333333333332)",2,98.9791666666667,41276
"(0.9208333333333332, 0.9958333333333332)",1,98.9791666666667,41277
"(0.975, 0.9958333333333332)",1,98.97916666666669,41278
"(0.9708333333333332, 0.9958333333333332)",1,98.97916666666664,41279
"(0.9791666666666666, 1.0)",1,98.97916666666664,41280
"(0.9791666666666666, 0.9958333333333332)",1,98.97916666666656,41281
"(0.9791666666666666, 0.9875)",1,98.97916666666652,41282
"(0.9875, 0.9916666666666668)",1,98.97916666666652,41283
"(0.9875, 0.9958333333333332)",1,98.97916666666649,41284
"(0.9041666666666668, 0.9916666666666668)",1,98.97916666666644,41285
"(0.8833333333333333, 0.9916666666666668)",1,98.97916666666644,41286
"(0.5697674418604651, 1.0)",1,98.97674418604652,41287
"(0.3372093023255814, 1.0)",3,98.97674418604652,41290
"(0.9186046511627908, 1.0)",1,98.97674418604652,41291
"(0.4651162790697674, 1.0)",1,98.97674418604652,41292
"(0.872093023255814, 1.0)",2,98.97674418604652,41294
"(0.8023255813953488, 1.0)",1,98.97674418604652,41295
"(0.8255813953488372, 1.0)",1,98.9767441860465,41296
"(0.9186046511627908, 1.0)",1,98.9767441860465,41297
"(0.872093023255814, 1.0)",1,98.9767441860465,41298
"(0.5930232558139535, 1.0)",1,98.9767441860465,41299
"(0.9791666666666666, 0.9958333333333332)",1,98.97500000000012,41300
"(0.9, 0.9958333333333332)",2,98.9750000000001,41302
"(0.9125, 0.9958333333333332)",2,98.97500000000008,41304
"(0.9791666666666666, 0.9958333333333332)",1,98.97500000000008,41305
"(0.9625, 0.9958333333333332)",1,98.97500000000008,41306
"(0.9916666666666668, 0.9958333333333332)",1,98.97500000000008,41307
"(0.85, 0.9958333333333332)",1,98.97500000000004,41308
"(0.9916666666666668, 0.9958333333333332)",1,98.97500000000004,41309
"(0.9791666666666666, 0.9958333333333332)",3,98.97500000000004,41312
"(0.9583333333333334, 0.9958333333333332)",1,98.97500000000004,41313
"(0.9875, 0.9958333333333332)",2,98.97500000000004,41315
"(0.8666666666666667, 0.9958333333333332)",1,98.97500000000004,41316
"(0.975, 0.9958333333333332)",3,98.97500000000004,41319
"(0.8625, 0.9958333333333332)",1,98.97500000000004,41320
"(0.8375, 0.9958333333333332)",2,98.97500000000004,41322
"(0.95, 0.9958333333333332)",1,98.97500000000004,41323
"(0.9875, 0.9958333333333332)",1,98.97500000000004,41324
"(0.9541666666666668, 0.9958333333333332)",1,98.97500000000004,41325
"(0.9833333333333332, 0.9958333333333332)",3,98.97500000000004,41328
"(0.9708333333333332, 0.9958333333333332)",1,98.97500000000004,41329
"(0.925, 0.9958333333333332)",1,98.97500000000004,41330
"(0.95, 0.9958333333333332)",2,98.97500000000004,41332
"(0.9208333333333332, 0.9958333333333332)",1,98.97500000000004,41333
"(0.9458333333333332, 0.9958333333333332)",1,98.97500000000004,41334
"(0.9791666666666666, 1.0)",1,98.975,41335
"(0.9541666666666668, 0.9958333333333332)",1,98.975,41336
"(0.9708333333333332, 0.9958333333333332)",1,98.97499999999992,41337
"(0.9791666666666666, 0.9916666666666668)",1,98.9749999999999,41338
"(0.8916666666666667, 0.9916666666666668)",1,98.9749999999998,41339
"(0.9375, 0.9916666666666668)",1,98.97499999999977,41340
"(0.825, 0.9916666666666668)",1,98.97499999999972,41341
"(0.5512820512820513, 1.0)",1,98.97435897435898,41342
"(0.717948717948718, 1.0)",1,98.97435897435898,41343
"(0.8461538461538461, 1.0)",1,98.97435897435898,41344
"(0.9444444444444444, 1.0)",1,98.97222222222226,41345
"(0.9583333333333334, 1.0)",1,98.97222222222226,41346
"(0.9305555555555556, 1.0)",1,98.97222222222224,41347
"(0.7916666666666666, 1.0)",1,98.97222222222224,41348
"(0.75, 1.0)",2,98.97222222222224,41350
"(0.8194444444444444, 1.0)",4,98.97222222222224,41354
"(0.9583333333333334, 1.0)",2,98.97222222222224,41356
"(0.9027777777777778, 1.0)",3,98.97222222222224,41359
"(0.7083333333333334, 1.0)",3,98.97222222222224,41362
"(0.8888888888888888, 1.0)",1,98.97222222222224,41363
"(0.625, 1.0)",2,98.97222222222224,41365
"(0.8611111111111112, 1.0)",2,98.97222222222224,41367
"(0.9166666666666666, 1.0)",1,98.97222222222224,41368
"(0.8055555555555556, 1.0)",1,98.97222222222224,41369
"(0.875, 1.0)",1,98.97222222222224,41370
"(0.8472222222222222, 1.0)",1,98.97222222222224,41371
"(0.8333333333333334, 1.0)",3,98.97222222222224,41374
"(0.9444444444444444, 1.0)",4,98.97222222222224,41378
"(0.7361111111111112, 1.0)",4,98.97222222222224,41382
"(0.9722222222222222, 1.0)",1,98.97222222222224,41383
"(0.6944444444444444, 1.0)",2,98.97222222222224,41385
"(0.5972222222222222, 1.0)",1,98.97222222222224,41386
"(0.9305555555555556, 1.0)",5,98.97222222222224,41391
"(0.9027777777777778, 0.9861111111111112)",1,98.97222222222224,41392
"(0.9305555555555556, 1.0)",2,98.9722222222222,41394
"(0.9444444444444444, 1.0)",1,98.9722222222222,41395
"(0.8611111111111112, 1.0)",6,98.9722222222222,41401
"(0.9791666666666666, 0.9958333333333332)",1,98.97083333333345,41402
"(0.9, 0.9958333333333332)",1,98.97083333333345,41403
"(0.975, 0.9958333333333332)",1,98.97083333333345,41404
"(0.9208333333333332, 0.9958333333333332)",1,98.9708333333334,41405
"(0.8541666666666666, 0.9958333333333332)",1,98.9708333333334,41406
"(0.9666666666666668, 0.9958333333333332)",1,98.9708333333334,41407
"(1.0, 0.9958333333333332)",1,98.9708333333334,41408
"(0.9791666666666666, 0.9958333333333332)",1,98.9708333333334,41409
"(0.9708333333333332, 0.9958333333333332)",1,98.97083333333336,41410
"(0.8666666666666667, 0.9958333333333332)",1,98.97083333333336,41411
"(0.85, 0.9958333333333332)",1,98.97083333333336,41412
"(0.975, 0.9958333333333332)",1,98.97083333333336,41413
"(0.925, 0.9958333333333332)",1,98.97083333333336,41414
"(0.9583333333333334, 0.9958333333333332)",1,98.97083333333336,41415
"(0.9166666666666666, 0.9958333333333332)",1,98.97083333333336,41416
"(0.9, 0.9958333333333332)",1,98.97083333333336,41417
"(0.95, 0.9958333333333332)",2,98.97083333333336,41419
"(0.9833333333333332, 0.9958333333333332)",1,98.97083333333336,41420
"(0.8625, 0.9958333333333332)",1,98.97083333333336,41421
"(0.875, 0.9958333333333332)",1,98.97083333333336,41422
"(0.9875, 0.9958333333333332)",3,98.97083333333336,41425
"(0.5875, 1.0)",1,98.97083333333336,41426
"(0.9333333333333332, 0.9958333333333332)",1,98.97083333333336,41427
"(0.9791666666666666, 0.9958333333333332)",1,98.97083333333336,41428
"(0.9791666666666666, 0.9958333333333332)",1,98.97083333333336,41429
"(0.9166666666666666, 0.9916666666666668)",1,98.9708333333331,41430
"(0.925, 0.9916666666666668)",1,98.97083333333308,41431
"(0.9458333333333332, 0.9958333333333332)",1,98.96666666666675,41432
"(0.925, 0.9958333333333332)",1,98.96666666666675,41433
"(0.9333333333333332, 0.9958333333333332)",1,98.96666666666675,41434
"(0.9833333333333332, 0.9958333333333332)",1,98.96666666666675,41435
"(0.9166666666666666, 0.9958333333333332)",2,98.96666666666674,41437
"(0.9375, 0.9958333333333332)",1,98.96666666666674,41438
"(0.925, 0.9958333333333332)",2,98.96666666666673,41440
"(0.9875, 0.9958333333333332)",1,98.96666666666673,41441
"(0.9833333333333332, 0.9958333333333332)",1,98.96666666666673,41442
"(0.9708333333333332, 0.9958333333333332)",1,98.96666666666673,41443
"(0.9875, 0.9958333333333332)",2,98.96666666666673,41445
"(0.9208333333333332, 0.9958333333333332)",1,98.96666666666673,41446
"(0.9375, 0.9958333333333332)",1,98.96666666666673,41447
"(0.9583333333333334, 0.9958333333333332)",1,98.96666666666673,41448
"(0.9125, 0.9958333333333332)",1,98.96666666666673,41449
"(0.9041666666666668, 0.9958333333333332)",1,98.96666666666673,41450
"(0.7666666666666667, 1.0)",1,98.9666666666667,41451
"(0.9, 0.9833333333333332)",1,98.9666666666667,41452
"(0.9, 0.9958333333333332)",1,98.9666666666667,41453
"(0.9791666666666666, 0.9958333333333332)",1,98.9666666666667,41454
"(0.975, 0.9958333333333332)",3,98.9666666666667,41457
"(0.8, 1.0)",1,98.9666666666667,41458
"(0.95, 1.0)",1,98.9666666666667,41459
"(0.9666666666666668, 0.9958333333333332)",1,98.9666666666667,41460
"(0.8625, 0.9958333333333332)",3,98.9666666666667,41463
"(0.9208333333333332, 0.9958333333333332)",1,98.9666666666667,41464
"(0.8833333333333333, 1.0)",1,98.9666666666667,41465
"(0.9625, 0.9958333333333332)",1,98.9666666666667,41466
"(0.7166666666666667, 1.0)",1,98.9666666666667,41467
"(0.9166666666666666, 0.9833333333333332)",1,98.9666666666667,41468
"(0.9, 1.0)",7,98.96666666666668,41475
"(0.75, 1.0)",1,98.96666666666668,41476
"(0.8833333333333333, 1.0)",1,98.96666666666668,41477
"(0.9833333333333332, 1.0)",8,98.96666666666668,41485
"(0.8666666666666667, 1.0)",3,98.96666666666668,41488
"(0.8333333333333334, 0.9833333333333332)",2,98.96666666666668,41490
"(0.8166666666666667, 1.0)",5,98.96666666666668,41495
"(0.7333333333333333, 1.0)",5,98.96666666666668,41500
"(1.0, 1.0)",12,98.96666666666668,41512
"(0.8, 1.0)",1,98.96666666666668,41513
"(0.85, 1.0)",9,98.96666666666668,41522
"(0.8666666666666667, 0.9833333333333332)",2,98.96666666666668,41524
"(0.8833333333333333, 1.0)",1,98.96666666666668,41525
"(0.9, 1.0)",2,98.96666666666668,41527
"(0.7666666666666667, 1.0)",1,98.96666666666668,41528
"(0.9666666666666668, 1.0)",1,98.96666666666668,41529
"(0.6833333333333333, 1.0)",1,98.96666666666668,41530
"(0.75, 1.0)",1,98.96666666666668,41531
"(0.9666666666666668, 1.0)",1,98.96666666666668,41532
"(0.8333333333333334, 1.0)",3,98.96666666666668,41535
"(0.9333333333333332, 1.0)",4,98.96666666666668,41539
"(0.7833333333333333, 1.0)",1,98.96666666666668,41540
"(1.0, 1.0)",1,98.96666666666668,41541
"(0.6666666666666666, 1.0)",2,98.96666666666668,41543
"(0.9333333333333332, 1.0)",1,98.96666666666668,41544
"(0.8, 1.0)",4,98.96666666666668,41548
"(0.95, 1.0)",8,98.96666666666668,41556
"(0.8333333333333334, 1.0)",2,98.96666666666668,41558
"(0.9166666666666666, 0.9833333333333332)",1,98.96666666666668,41559
"(0.7666666666666667, 1.0)",2,98.96666666666668,41561
"(0.7166666666666667, 1.0)",1,98.96666666666668,41562
"(0.9166666666666666, 1.0)",6,98.96666666666668,41568
"(0.9583333333333334, 0.9958333333333332)",1,98.96666666666664,41569
"(0.9791666666666666, 0.9958333333333332)",2,98.96666666666658,41571
"(0.9875, 0.9958333333333332)",1,98.96666666666658,41572
"(0.8791666666666667, 0.9916666666666668)",1,98.96666666666644,41573
"(0.975, 0.9916666666666668)",1,98.96666666666644,41574
"(0.9625, 0.9916666666666668)",1,98.96666666666638,41575
"(0.4651162790697674, 1.0)",2,98.96511627906978,41577
"(0.6162790697674418, 1.0)",1,98.96511627906978,41578
"(0.4883720930232558, 1.0)",1,98.96511627906976,41579
"(0.8837209302325582, 1.0)",2,98.96511627906976,41581
"(0.5930232558139535, 1.0)",2,98.96511627906976,41583
"(0.9291666666666668, 0.9958333333333332)",1,98.9625000000001,41584
"(0.9791666666666666, 0.9958333333333332)",1,98.96250000000008,41585
"(0.9375, 0.9958333333333332)",2,98.96250000000008,41587
"(0.9916666666666668, 0.9958333333333332)",1,98.96250000000008,41588
"(0.925, 0.9958333333333332)",1,98.96250000000008,41589
"(0.95, 0.9958333333333332)",1,98.96250000000008,41590
"(0.9333333333333332, 0.9958333333333332)",1,98.96250000000006,41591
"(0.9208333333333332, 0.9958333333333332)",1,98.96250000000006,41592
"(0.9875, 0.9958333333333332)",4,98.96250000000003,41596
"(0.9375, 0.9958333333333332)",1,98.96250000000003,41597
"(0.975, 0.9958333333333332)",4,98.96250000000003,41601
"(0.9791666666666666, 0.9958333333333332)",1,98.96250000000003,41602
"(0.9833333333333332, 0.9958333333333332)",2,98.96250000000003,41604
"(0.925, 0.9958333333333332)",1,98.96250000000003,41605
"(0.9916666666666668, 0.9958333333333332)",3,98.96250000000003,41608
"(0.8541666666666666, 0.9958333333333332)",1,98.96250000000003,41609
"(0.9666666666666668, 0.9958333333333332)",1,98.96250000000003,41610
"(0.9916666666666668, 0.9958333333333332)",1,98.96250000000003,41611
"(0.975, 0.9958333333333332)",1,98.96250000000003,41612
"(0.9208333333333332, 0.9958333333333332)",2,98.96250000000003,41614
"(0.8666666666666667, 0.9958333333333332)",2,98.96250000000003,41616
"(0.9708333333333332, 0.9958333333333332)",1,98.96250000000002,41617
"(0.9208333333333332, 0.9916666666666668)",1,98.96249999999978,41618
"(0.9291666666666668, 0.9916666666666668)",1,98.96249999999978,41619
"(0.9125, 0.9916666666666668)",1,98.96249999999974,41620
"(0.875, 0.9916666666666668)",1,98.96249999999974,41621
"(0.9458333333333332, 0.9916666666666668)",1,98.96249999999972,41622
"(0.7435897435897436, 1.0)",1,98.96153846153848,41623
"(0.7307692307692307, 1.0)",12,98.96153846153844,41635
"(0.9708333333333332, 0.9958333333333332)",1,98.95833333333344,41636
"(0.9375, 0.9958333333333332)",1,98.95833333333344,41637
"(0.9375, 0.9958333333333332)",1,98.9583333333334,41638
"(0.9125, 0.9958333333333332)",1,98.9583333333334,41639
"(0.9833333333333332, 0.9958333333333332)",1,98.9583333333334,41640
"(0.9791666666666666, 0.9958333333333332)",1,98.9583333333334,41641
"(0.9291666666666668, 0.9958333333333332)",1,98.9583333333334,41642
"(0.925, 0.9958333333333332)",2,98.9583333333334,41644
"(0.9166666666666666, 0.9958333333333332)",1,98.9583333333334,41645
"(0.9791666666666666, 0.9958333333333332)",1,98.9583333333334,41646
"(0.9666666666666668, 0.9958333333333332)",1,98.9583333333334,41647
"(0.9166666666666666, 0.9958333333333332)",1,98.9583333333334,41648
"(0.975, 0.9958333333333332)",3,98.95833333333336,41651
"(0.9291666666666668, 0.9958333333333332)",1,98.95833333333336,41652
"(0.9583333333333334, 0.9958333333333332)",1,98.95833333333336,41653
"(0.925, 0.9958333333333332)",1,98.95833333333336,41654
"(0.9708333333333332, 0.9958333333333332)",1,98.95833333333336,41655
"(0.9625, 0.9958333333333332)",1,98.95833333333336,41656
"(0.9916666666666668, 0.9958333333333332)",1,98.95833333333336,41657
"(0.8916666666666667, 0.9958333333333332)",1,98.95833333333336,41658
"(0.95, 0.9958333333333332)",1,98.95833333333336,41659
"(0.7777777777777778, 1.0)",3,98.95833333333334,41662
"(0.7916666666666666, 1.0)",1,98.95833333333334,41663
"(0.8194444444444444, 1.0)",2,98.95833333333334,41665
"(0.75, 1.0)",2,98.95833333333334,41667
"(0.9444444444444444, 1.0)",2,98.95833333333334,41669
"(0.7361111111111112, 1.0)",2,98.95833333333334,41671
"(0.9583333333333334, 1.0)",3,98.95833333333334,41674
"(0.8472222222222222, 1.0)",1,98.95833333333334,41675
"(0.8888888888888888, 1.0)",1,98.95833333333334,41676
"(0.8611111111111112, 1.0)",1,98.95833333333334,41677
"(0.8888888888888888, 0.9861111111111112)",1,98.95833333333334,41678
"(0.6805555555555556, 1.0)",1,98.95833333333334,41679
"(0.6944444444444444, 1.0)",1,98.95833333333331,41680
"(0.8888888888888888, 1.0)",3,98.95833333333331,41683
"(0.9444444444444444, 1.0)",1,98.95833333333331,41684
"(0.9166666666666666, 1.0)",1,98.95833333333331,41685
"(0.9583333333333334, 1.0)",1,98.95833333333331,41686
"(0.8055555555555556, 1.0)",1,98.95833333333331,41687
"(0.7083333333333334, 1.0)",4,98.95833333333331,41691
"(0.9027777777777778, 1.0)",1,98.95833333333331,41692
"(0.7777777777777778, 1.0)",1,98.95833333333331,41693
"(0.7916666666666666, 1.0)",1,98.95833333333331,41694
"(0.8194444444444444, 1.0)",3,98.95833333333331,41697
"(0.875, 1.0)",1,98.95833333333331,41698
"(0.7638888888888888, 1.0)",1,98.95833333333331,41699
"(0.75, 1.0)",1,98.95833333333331,41700
"(0.7361111111111112, 1.0)",2,98.95833333333331,41702
"(0.8611111111111112, 1.0)",2,98.95833333333331,41704
"(0.9305555555555556, 1.0)",5,98.95833333333331,41709
"(0.9791666666666666, 0.9958333333333332)",1,98.95833333333329,41710
"(0.9791666666666666, 0.9916666666666668)",1,98.95833333333326,41711
"(0.9208333333333332, 0.9916666666666668)",1,98.95833333333312,41712
"(0.925, 0.9916666666666668)",1,98.95833333333312,41713
"(0.9375, 0.9958333333333332)",1,98.95416666666677,41714
"(0.9791666666666666, 0.9958333333333332)",1,98.95416666666677,41715
"(0.9208333333333332, 0.9958333333333332)",1,98.95416666666677,41716
"(0.9958333333333332, 0.9958333333333332)",1,98.95416666666674,41717
"(0.9375, 0.9958333333333332)",1,98.95416666666674,41718
"(0.875, 0.9958333333333332)",1,98.95416666666672,41719
"(0.9, 0.9958333333333332)",1,98.95416666666672,41720
"(0.925, 0.9958333333333332)",2,98.95416666666672,41722
"(0.9083333333333332, 0.9958333333333332)",1,98.95416666666672,41723
"(0.975, 0.9958333333333332)",1,98.95416666666672,41724
"(0.9291666666666668, 0.9958333333333332)",1,98.95416666666672,41725
"(0.9166666666666666, 0.9958333333333332)",1,98.95416666666672,41726
"(0.9875, 0.9958333333333332)",1,98.95416666666672,41727
"(0.9833333333333332, 0.9958333333333332)",1,98.95416666666672,41728
"(0.9125, 0.9958333333333332)",1,98.95416666666672,41729
"(0.9916666666666668, 0.9958333333333332)",2,98.95416666666672,41731
"(0.9125, 0.9958333333333332)",1,98.95416666666672,41732
"(0.95, 0.9958333333333332)",1,98.95416666666672,41733
"(0.9791666666666666, 0.9958333333333332)",1,98.95416666666672,41734
"(0.95, 0.9958333333333332)",1,98.95416666666672,41735
"(0.9833333333333332, 0.9958333333333332)",3,98.9541666666667,41738
"(0.9916666666666668, 0.9958333333333332)",1,98.9541666666667,41739
"(0.9666666666666668, 0.9958333333333332)",1,98.9541666666667,41740
"(0.875, 0.9958333333333332)",2,98.9541666666667,41742
"(0.975, 0.9958333333333332)",2,98.95416666666662,41744
"(0.975, 0.9958333333333332)",1,98.9541666666666,41745
"(0.9875, 0.9916666666666668)",1,98.9541666666664,41746
"(0.627906976744186, 1.0)",1,98.95348837209302,41747
"(0.7906976744186046, 1.0)",2,98.95348837209302,41749
"(0.3372093023255814, 1.0)",3,98.95348837209302,41752
"(0.8837209302325582, 1.0)",1,98.95348837209302,41753
"(0.872093023255814, 1.0)",1,98.953488372093,41754
"(0.9625, 0.9958333333333332)",1,98.95000000000007,41755
"(0.9333333333333332, 0.9958333333333332)",2,98.95000000000007,41757
"(0.9375, 0.9958333333333332)",1,98.95000000000006,41758
"(0.9791666666666666, 0.9958333333333332)",1,98.95000000000006,41759
"(0.9333333333333332, 0.9958333333333332)",1,98.95000000000006,41760
"(0.9041666666666668, 0.9958333333333332)",1,98.95000000000005,41761
"(0.9166666666666666, 0.9833333333333332)",2,98.95000000000005,41763
"(0.8166666666666667, 0.9833333333333332)",1,98.95000000000005,41764
"(0.9, 0.9833333333333332)",1,98.95000000000005,41765
"(0.95, 0.9958333333333332)",1,98.95000000000005,41766
"(0.8333333333333334, 1.0)",1,98.95000000000005,41767
"(0.9708333333333332, 0.9958333333333332)",1,98.95000000000005,41768
"(0.9333333333333332, 1.0)",3,98.95000000000005,41771
"(0.9333333333333332, 0.9958333333333332)",1,98.95000000000005,41772
"(0.9791666666666666, 0.9958333333333332)",1,98.95000000000005,41773
"(0.9208333333333332, 0.9958333333333332)",2,98.95000000000005,41775
"(0.9666666666666668, 0.9958333333333332)",1,98.95000000000005,41776
"(0.975, 0.9958333333333332)",1,98.95000000000005,41777
"(0.9916666666666668, 0.9958333333333332)",3,98.95000000000005,41780
"(0.8, 1.0)",2,98.95000000000005,41782
"(0.9458333333333332, 0.9958333333333332)",2,98.95000000000005,41784
"(0.7333333333333333, 1.0)",1,98.95000000000005,41785
"(0.95, 1.0)",1,98.95000000000005,41786
"(0.9875, 0.9958333333333332)",1,98.95000000000005,41787
"(0.9791666666666666, 0.9958333333333332)",1,98.95000000000005,41788
"(0.9291666666666668, 0.9958333333333332)",2,98.95000000000005,41790
"(0.8625, 0.9958333333333332)",1,98.95000000000005,41791
"(0.9291666666666668, 0.9958333333333332)",2,98.95000000000005,41793
"(0.9333333333333332, 0.9833333333333332)",2,98.95000000000005,41795
"(0.8791666666666667, 0.9958333333333332)",1,98.95000000000005,41796
"(0.8833333333333333, 1.0)",1,98.95000000000002,41797
"(0.9166666666666666, 1.0)",1,98.95000000000002,41798
"(0.8333333333333334, 1.0)",1,98.95000000000002,41799
"(0.8833333333333333, 0.9833333333333332)",1,98.95000000000002,41800
"(0.9833333333333332, 1.0)",1,98.95000000000002,41801
"(0.7833333333333333, 1.0)",1,98.95000000000002,41802
"(0.7166666666666667, 1.0)",1,98.95000000000002,41803
"(0.8666666666666667, 1.0)",2,98.95000000000002,41805
"(0.8166666666666667, 1.0)",1,98.95000000000002,41806
"(0.85, 1.0)",2,98.95000000000002,41808
"(0.8833333333333333, 1.0)",4,98.95,41812
"(0.8166666666666667, 1.0)",6,98.95,41818
"(0.6666666666666666, 1.0)",2,98.95,41820
"(0.9166666666666666, 1.0)",2,98.95,41822
"(1.0, 1.0)",2,98.95,41824
"(0.95, 1.0)",2,98.95,41826
"(0.9833333333333332, 1.0)",1,98.95,41827
"(0.9666666666666668, 1.0)",5,98.95,41832
"(0.9333333333333332, 1.0)",1,98.95,41833
"(0.7, 1.0)",4,98.95,41837
"(0.55, 1.0)",1,98.95,41838
"(0.7833333333333333, 1.0)",2,98.95,41840
"(0.9333333333333332, 1.0)",1,98.95,41841
"(0.7666666666666667, 1.0)",5,98.95,41846
"(0.8666666666666667, 1.0)",1,98.95,41847
"(0.9, 1.0)",3,98.95,41850
"(0.8333333333333334, 1.0)",8,98.95,41858
"(0.7333333333333333, 1.0)",3,98.95,41861
"(0.85, 1.0)",6,98.95,41867
"(0.9833333333333332, 1.0)",8,98.95,41875
"(0.9, 1.0)",3,98.95,41878
"(0.7166666666666667, 1.0)",1,98.95,41879
"(0.6833333333333333, 1.0)",3,98.95,41882
"(0.8, 1.0)",2,98.95,41884
"(0.8666666666666667, 1.0)",9,98.95,41893
"(0.7666666666666667, 1.0)",1,98.95,41894
"(0.75, 1.0)",2,98.95,41896
"(0.8, 1.0)",5,98.95,41901
"(1.0, 1.0)",2,98.95,41903
"(0.975, 0.9958333333333332)",2,98.94999999999996,41905
"(0.9375, 0.9916666666666668)",1,98.9499999999999,41906
"(0.9375, 0.9916666666666668)",1,98.9499999999998,41907
"(0.8666666666666667, 0.9916666666666668)",1,98.94999999999978,41908
"(0.9791666666666666, 0.9916666666666668)",1,98.94999999999978,41909
"(0.9291666666666668, 0.9916666666666668)",1,98.94999999999978,41910
"(0.8541666666666666, 0.9916666666666668)",1,98.94999999999978,41911
"(0.9125, 0.9916666666666668)",1,98.94999999999978,41912
"(0.9166666666666666, 0.9916666666666668)",1,98.94999999999972,41913
"(0.6410256410256411, 1.0)",2,98.94871794871796,41915
"(0.6794871794871795, 1.0)",1,98.94871794871796,41916
"(0.8076923076923077, 1.0)",1,98.94871794871796,41917
"(0.9291666666666668, 0.9958333333333332)",2,98.94583333333348,41919
"(0.85, 0.9958333333333332)",1,98.9458333333334,41920
"(0.9375, 0.9958333333333332)",1,98.9458333333334,41921
"(0.9875, 0.9958333333333332)",2,98.9458333333334,41923
"(0.9458333333333332, 0.9958333333333332)",1,98.9458333333334,41924
"(0.9625, 0.9958333333333332)",1,98.94583333333338,41925
"(0.9375, 0.9958333333333332)",1,98.94583333333338,41926
"(0.9083333333333332, 0.9958333333333332)",1,98.94583333333338,41927
"(0.8625, 0.9958333333333332)",1,98.94583333333338,41928
"(0.9291666666666668, 0.9958333333333332)",2,98.94583333333335,41930
"(0.9083333333333332, 0.9958333333333332)",1,98.94583333333335,41931
"(0.9791666666666666, 0.9958333333333332)",2,98.94583333333335,41933
"(0.9833333333333332, 0.9958333333333332)",2,98.94583333333335,41935
"(0.9875, 0.9958333333333332)",1,98.94583333333335,41936
"(0.9208333333333332, 0.9958333333333332)",2,98.94583333333335,41938
"(0.975, 0.9958333333333332)",1,98.94583333333335,41939
"(0.9916666666666668, 0.9958333333333332)",1,98.94583333333335,41940
"(0.9041666666666668, 0.9958333333333332)",1,98.94583333333335,41941
"(0.95, 0.9958333333333332)",1,98.94583333333335,41942
"(0.9125, 0.9958333333333332)",1,98.94583333333335,41943
"(0.9708333333333332, 0.9958333333333332)",1,98.94583333333335,41944
"(0.9791666666666666, 0.9958333333333332)",1,98.94583333333334,41945
"(0.9583333333333334, 0.9958333333333332)",1,98.94583333333328,41946
"(0.8375, 0.9916666666666668)",2,98.94583333333313,41948
"(0.9291666666666668, 0.9916666666666668)",2,98.94583333333313,41950
"(0.7136363636363636, 0.999621212121212)",1,98.94545454545457,41951
"(0.7777777777777778, 1.0)",1,98.94444444444449,41952
"(0.8333333333333334, 1.0)",1,98.94444444444446,41953
"(0.875, 1.0)",1,98.94444444444444,41954
"(0.8888888888888888, 1.0)",4,98.94444444444444,41958
"(0.8055555555555556, 1.0)",1,98.94444444444444,41959
"(0.9305555555555556, 1.0)",4,98.94444444444444,41963
"(0.9722222222222222, 1.0)",1,98.94444444444444,41964
"(0.625, 1.0)",3,98.94444444444444,41967
"(0.8333333333333334, 1.0)",2,98.94444444444444,41969
"(0.7777777777777778, 1.0)",6,98.94444444444444,41975
"(0.7638888888888888, 1.0)",1,98.94444444444444,41976
"(0.6944444444444444, 1.0)",1,98.94444444444444,41977
"(0.75, 1.0)",2,98.94444444444444,41979
"(0.7916666666666666, 1.0)",1,98.94444444444444,41980
"(0.7361111111111112, 1.0)",1,98.94444444444444,41981
"(0.7083333333333334, 1.0)",5,98.94444444444444,41986
"(0.9027777777777778, 1.0)",6,98.94444444444444,41992
"(0.8611111111111112, 1.0)",4,98.94444444444444,41996
"(0.9444444444444444, 1.0)",2,98.94444444444444,41998
"(0.8194444444444444, 1.0)",3,98.94444444444444,42001
"(0.9166666666666666, 1.0)",2,98.94444444444444,42003
"(0.6162790697674418, 1.0)",1,98.94186046511628,42004
"(0.7674418604651163, 1.0)",1,98.94186046511628,42005
"(0.7674418604651163, 1.0)",1,98.94186046511626,42006
"(0.9291666666666668, 0.9958333333333332)",2,98.9416666666668,42008
"(0.9666666666666668, 0.9958333333333332)",1,98.94166666666678,42009
"(0.9416666666666668, 0.9958333333333332)",1,98.94166666666676,42010
"(0.9625, 0.9958333333333332)",1,98.94166666666676,42011
"(0.9208333333333332, 0.9958333333333332)",1,98.94166666666676,42012
"(0.9375, 0.9958333333333332)",1,98.94166666666676,42013
"(0.9833333333333332, 0.9958333333333332)",1,98.94166666666676,42014
"(0.9583333333333334, 0.9958333333333332)",1,98.94166666666672,42015
"(0.9875, 0.9958333333333332)",2,98.94166666666672,42017
"(0.9791666666666666, 0.9958333333333332)",1,98.94166666666672,42018
"(0.9041666666666668, 0.9958333333333332)",2,98.94166666666672,42020
"(0.9791666666666666, 0.9958333333333332)",1,98.94166666666672,42021
"(0.9625, 0.9958333333333332)",1,98.9416666666667,42022
"(0.9916666666666668, 0.9958333333333332)",1,98.9416666666667,42023
"(0.6575757575757576, 0.9981060606060606)",2,98.9416666666667,42025
"(0.975, 0.9958333333333332)",1,98.9416666666667,42026
"(0.8958333333333334, 0.9958333333333332)",2,98.9416666666667,42028
"(0.9458333333333332, 0.9958333333333332)",1,98.9416666666667,42029
"(0.9791666666666666, 0.9958333333333332)",1,98.9416666666667,42030
"(0.9041666666666668, 0.9958333333333332)",2,98.9416666666667,42032
"(0.9, 0.9958333333333332)",1,98.9416666666667,42033
"(0.9416666666666668, 0.9958333333333332)",1,98.9416666666667,42034
"(0.9708333333333332, 0.9958333333333332)",1,98.9416666666667,42035
"(0.925, 0.9958333333333332)",1,98.9416666666667,42036
"(0.9958333333333332, 0.9958333333333332)",1,98.94166666666668,42037
"(0.9875, 0.9958333333333332)",1,98.94166666666668,42038
"(0.95, 0.9958333333333332)",1,98.94166666666663,42039
"(0.9833333333333332, 0.9958333333333332)",2,98.94166666666658,42041
"(0.975, 0.9958333333333332)",1,98.94166666666658,42042
"(0.9791666666666666, 0.9958333333333332)",1,98.94166666666656,42043
"(0.8625, 0.9916666666666668)",1,98.94166666666644,42044
"(0.9291666666666668, 0.9916666666666668)",1,98.94166666666644,42045
"(0.9208333333333332, 0.9916666666666668)",1,98.94166666666644,42046
"(0.8375, 0.9916666666666668)",2,98.9416666666664,42048
"(0.9, 0.9958333333333332)",2,98.9375000000001,42050
"(0.9208333333333332, 0.9958333333333332)",1,98.9375000000001,42051
"(0.9625, 0.9958333333333332)",1,98.93750000000009,42052
"(0.8375, 0.9958333333333332)",1,98.93750000000009,42053
"(0.925, 0.9958333333333332)",1,98.93750000000009,42054
"(0.9541666666666668, 0.9958333333333332)",1,98.93750000000009,42055
"(0.9291666666666668, 0.9958333333333332)",1,98.93750000000004,42056
"(0.9916666666666668, 0.9958333333333332)",1,98.93750000000004,42057
"(0.9625, 0.9958333333333332)",1,98.93750000000004,42058
"(0.9, 0.9958333333333332)",1,98.93750000000004,42059
"(0.9791666666666666, 0.9958333333333332)",1,98.93750000000004,42060
"(0.8625, 0.9958333333333332)",1,98.93750000000004,42061
"(0.8916666666666667, 0.9958333333333332)",1,98.93750000000004,42062
"(0.975, 0.9958333333333332)",1,98.93750000000004,42063
"(0.9833333333333332, 0.9958333333333332)",1,98.93750000000004,42064
"(0.9125, 0.9958333333333332)",1,98.93750000000004,42065
"(0.8541666666666666, 0.9958333333333332)",1,98.93750000000004,42066
"(0.8625, 0.9958333333333332)",1,98.93750000000004,42067
"(0.7246212121212121, 0.9984848484848484)",1,98.9375,42068
"(0.9083333333333332, 0.9916666666666668)",1,98.9374999999998,42069
"(0.8916666666666667, 0.9916666666666668)",1,98.93749999999976,42070
"(0.9208333333333332, 0.9916666666666668)",1,98.93749999999974,42071
"(0.8076923076923077, 1.0)",1,98.93589743589745,42072
"(0.8461538461538461, 1.0)",1,98.93589743589745,42073
"(0.9708333333333332, 0.9958333333333332)",1,98.93333333333344,42074
"(0.9208333333333332, 0.9958333333333332)",1,98.93333333333342,42075
"(0.9041666666666668, 0.9958333333333332)",2,98.93333333333342,42077
"(0.9166666666666666, 0.9958333333333332)",1,98.9333333333334,42078
"(0.9458333333333332, 0.9958333333333332)",2,98.9333333333334,42080
"(0.9833333333333332, 0.9958333333333332)",1,98.9333333333334,42081
"(0.9875, 0.9958333333333332)",1,98.9333333333334,42082
"(0.9125, 0.9958333333333332)",1,98.9333333333334,42083
"(0.9916666666666668, 0.9958333333333332)",1,98.93333333333338,42084
"(0.9875, 0.9958333333333332)",1,98.93333333333338,42085
"(0.9833333333333332, 0.9958333333333332)",1,98.93333333333338,42086
"(0.8333333333333334, 0.9833333333333332)",1,98.93333333333337,42087
"(0.8666666666666667, 1.0)",3,98.93333333333337,42090
"(0.8333333333333334, 1.0)",1,98.93333333333337,42091
"(0.8833333333333333, 1.0)",2,98.93333333333337,42093
"(0.9916666666666668, 0.9958333333333332)",1,98.93333333333337,42094
"(1.0, 1.0)",2,98.93333333333337,42096
"(0.9125, 0.9958333333333332)",1,98.93333333333337,42097
"(0.9666666666666668, 0.9958333333333332)",1,98.93333333333337,42098
"(0.9666666666666668, 0.9666666666666668)",2,98.93333333333337,42100
"(0.9166666666666666, 0.9833333333333332)",1,98.93333333333337,42101
"(0.8833333333333333, 1.0)",1,98.93333333333337,42102
"(0.75, 1.0)",2,98.93333333333337,42104
"(0.7333333333333333, 1.0)",1,98.93333333333337,42105
"(0.7833333333333333, 1.0)",1,98.93333333333337,42106
"(0.9333333333333332, 1.0)",1,98.93333333333337,42107
"(0.9, 1.0)",1,98.93333333333337,42108
"(0.9666666666666668, 1.0)",2,98.93333333333337,42110
"(1.0, 0.9833333333333332)",1,98.93333333333337,42111
"(0.85, 0.9958333333333332)",1,98.93333333333337,42112
"(0.9875, 0.9958333333333332)",3,98.93333333333337,42115
"(0.9166666666666666, 1.0)",2,98.93333333333337,42117
"(0.7166666666666667, 1.0)",2,98.93333333333334,42119
"(0.7333333333333333, 1.0)",2,98.93333333333334,42121
"(0.95, 1.0)",6,98.93333333333334,42127
"(0.7, 1.0)",1,98.93333333333334,42128
"(0.8333333333333334, 1.0)",4,98.93333333333334,42132
"(0.8833333333333333, 1.0)",9,98.93333333333334,42141
"(1.0, 1.0)",10,98.93333333333334,42151
"(0.9166666666666666, 1.0)",5,98.93333333333334,42156
"(0.9666666666666668, 1.0)",3,98.93333333333334,42159
"(0.9, 1.0)",4,98.93333333333334,42163
"(0.75, 1.0)",8,98.93333333333334,42171
"(0.85, 1.0)",7,98.93333333333334,42178
"(0.6833333333333333, 1.0)",1,98.93333333333334,42179
"(0.8, 1.0)",3,98.93333333333334,42182
"(0.7666666666666667, 1.0)",3,98.93333333333334,42185
"(0.9833333333333332, 1.0)",9,98.93333333333334,42194
"(0.9333333333333332, 1.0)",3,98.93333333333334,42197
"(0.8166666666666667, 1.0)",5,98.93333333333334,42202
"(0.8666666666666667, 1.0)",8,98.93333333333334,42210
"(0.7833333333333333, 1.0)",1,98.93333333333334,42211
"(0.8333333333333334, 1.0)",1,98.93333333333332,42212
"(0.8666666666666667, 1.0)",1,98.93333333333332,42213
"(0.9708333333333332, 0.9958333333333332)",1,98.93333333333328,42214
"(0.9875, 0.9958333333333332)",2,98.93333333333324,42216
"(0.9833333333333332, 0.9916666666666668)",1,98.93333333333318,42217
"(0.9583333333333334, 0.9916666666666668)",1,98.93333333333312,42218
"(0.8916666666666667, 0.9916666666666668)",1,98.9333333333331,42219
"(0.9444444444444444, 1.0)",1,98.9305555555556,42220
"(0.8611111111111112, 1.0)",2,98.93055555555556,42222
"(0.7222222222222222, 1.0)",1,98.93055555555556,42223
"(0.9583333333333334, 1.0)",1,98.93055555555556,42224
"(0.7083333333333334, 1.0)",3,98.93055555555556,42227
"(0.7916666666666666, 1.0)",2,98.93055555555556,42229
"(0.9444444444444444, 1.0)",2,98.93055555555556,42231
"(0.8888888888888888, 1.0)",2,98.93055555555556,42233
"(0.7638888888888888, 1.0)",2,98.93055555555556,42235
"(0.8055555555555556, 1.0)",3,98.93055555555556,42238
"(0.8333333333333334, 1.0)",12,98.93055555555556,42250
"(0.75, 1.0)",2,98.93055555555556,42252
"(0.7361111111111112, 1.0)",1,98.93055555555556,42253
"(0.8472222222222222, 1.0)",1,98.93055555555556,42254
"(0.9027777777777778, 1.0)",3,98.93055555555556,42257
"(0.9166666666666666, 1.0)",2,98.93055555555556,42259
"(0.7777777777777778, 1.0)",2,98.93055555555556,42261
"(0.8194444444444444, 1.0)",1,98.93055555555556,42262
"(0.9305555555555556, 1.0)",3,98.93055555555556,42265
"(0.625, 1.0)",2,98.93055555555554,42267
"(0.7361111111111112, 1.0)",1,98.93055555555554,42268
"(0.5972222222222222, 1.0)",1,98.93055555555554,42269
"(0.4883720930232558, 1.0)",1,98.93023255813954,42270
"(0.4651162790697674, 1.0)",1,98.93023255813954,42271
"(0.9186046511627908, 1.0)",1,98.93023255813954,42272
"(0.8255813953488372, 1.0)",1,98.93023255813952,42273
"(0.4883720930232558, 1.0)",1,98.93023255813952,42274
"(0.8372093023255814, 1.0)",2,98.93023255813952,42276
"(0.7674418604651163, 1.0)",2,98.93023255813952,42278
"(0.7906976744186046, 1.0)",1,98.93023255813952,42279
"(0.9375, 0.9958333333333332)",1,98.92916666666676,42280
"(0.9875, 0.9958333333333332)",1,98.92916666666676,42281
"(0.925, 0.9958333333333332)",1,98.92916666666676,42282
"(0.9333333333333332, 0.9958333333333332)",1,98.92916666666676,42283
"(0.95, 0.9958333333333332)",1,98.92916666666676,42284
"(0.9916666666666668, 0.9958333333333332)",1,98.92916666666676,42285
"(0.9125, 0.9958333333333332)",1,98.92916666666676,42286
"(1.0, 0.9958333333333332)",1,98.92916666666672,42287
"(0.9375, 0.9958333333333332)",2,98.92916666666672,42289
"(0.9083333333333332, 0.9958333333333332)",1,98.92916666666672,42290
"(0.9458333333333332, 0.9958333333333332)",1,98.92916666666672,42291
"(0.85, 0.9958333333333332)",1,98.92916666666672,42292
"(0.9875, 0.9958333333333332)",2,98.9291666666667,42294
"(0.9916666666666668, 0.9958333333333332)",1,98.9291666666667,42295
"(0.9833333333333332, 0.9958333333333332)",3,98.9291666666667,42298
"(0.8666666666666667, 0.9958333333333332)",1,98.9291666666667,42299
"(0.9791666666666666, 0.9958333333333332)",2,98.9291666666667,42301
"(0.9625, 0.9958333333333332)",1,98.9291666666667,42302
"(0.975, 0.9958333333333332)",3,98.9291666666667,42305
"(0.95, 0.9958333333333332)",1,98.9291666666667,42306
"(0.8875, 0.9958333333333332)",1,98.9291666666667,42307
"(0.8541666666666666, 0.9958333333333332)",1,98.9291666666667,42308
"(0.9375, 0.9958333333333332)",1,98.9291666666667,42309
"(0.9166666666666666, 0.9958333333333332)",1,98.9291666666667,42310
"(0.9208333333333332, 0.9958333333333332)",1,98.92916666666667,42311
"(0.975, 1.0)",1,98.92916666666667,42312
"(0.9916666666666668, 0.9958333333333332)",1,98.92916666666666,42313
"(0.9541666666666668, 0.9958333333333332)",1,98.92916666666665,42314
"(0.9833333333333332, 0.9958333333333332)",1,98.92916666666662,42315
"(0.9375, 0.9916666666666668)",1,98.92916666666645,42316
"(0.9833333333333332, 0.9916666666666668)",1,98.92916666666645,42317
"(0.975, 0.9958333333333332)",1,98.92500000000013,42318
"(0.9583333333333334, 0.9958333333333332)",1,98.92500000000013,42319
"(0.9833333333333332, 0.9958333333333332)",1,98.92500000000013,42320
"(0.9708333333333332, 0.9958333333333332)",1,98.9250000000001,42321
"(0.9291666666666668, 0.9958333333333332)",1,98.9250000000001,42322
"(0.9833333333333332, 0.9958333333333332)",1,98.9250000000001,42323
"(0.9791666666666666, 0.9958333333333332)",1,98.92500000000008,42324
"(0.9416666666666668, 0.9958333333333332)",1,98.92500000000008,42325
"(0.8625, 0.9958333333333332)",1,98.92500000000008,42326
"(0.9625, 0.9958333333333332)",1,98.92500000000008,42327
"(0.8916666666666667, 0.9958333333333332)",1,98.92500000000008,42328
"(0.9208333333333332, 0.9958333333333332)",1,98.92500000000008,42329
"(0.9125, 0.9958333333333332)",1,98.92500000000008,42330
"(0.975, 0.9958333333333332)",1,98.92500000000004,42331
"(0.9541666666666668, 0.9958333333333332)",1,98.92500000000004,42332
"(0.9833333333333332, 0.9958333333333332)",2,98.92500000000004,42334
"(0.9875, 0.9958333333333332)",1,98.92500000000004,42335
"(0.9583333333333334, 0.9958333333333332)",1,98.92500000000004,42336
"(0.9375, 0.9958333333333332)",1,98.92500000000004,42337
"(0.9708333333333332, 0.9958333333333332)",1,98.92500000000004,42338
"(0.9625, 0.9958333333333332)",1,98.92500000000004,42339
"(0.9166666666666666, 0.9958333333333332)",1,98.92500000000004,42340
"(0.9916666666666668, 0.9958333333333332)",1,98.92500000000004,42341
"(0.9791666666666666, 0.9958333333333332)",2,98.92500000000004,42343
"(0.9875, 0.9958333333333332)",2,98.92500000000004,42345
"(0.95, 0.9958333333333332)",1,98.92500000000004,42346
"(0.8666666666666667, 0.9958333333333332)",1,98.92500000000004,42347
"(0.9375, 0.9958333333333332)",1,98.92500000000004,42348
"(0.9125, 0.9958333333333332)",1,98.92500000000004,42349
"(0.975, 0.9958333333333332)",1,98.925,42350
"(0.9625, 0.9958333333333332)",1,98.92499999999995,42351
"(0.9791666666666666, 0.9958333333333332)",1,98.92499999999994,42352
"(0.9625, 0.9958333333333332)",2,98.92499999999994,42354
"(0.8717948717948718, 1.0)",1,98.92307692307692,42355
"(0.8205128205128205, 1.0)",2,98.92307692307692,42357
"(0.9875, 0.9958333333333332)",2,98.92083333333342,42359
"(0.95, 0.9958333333333332)",2,98.92083333333342,42361
"(0.9791666666666666, 0.9958333333333332)",1,98.92083333333342,42362
"(1.0, 0.9958333333333332)",1,98.9208333333334,42363
"(0.8666666666666667, 0.9958333333333332)",1,98.9208333333334,42364
"(0.9166666666666666, 0.9958333333333332)",1,98.9208333333334,42365
"(0.9416666666666668, 0.9958333333333332)",1,98.9208333333334,42366
"(0.9625, 0.9958333333333332)",1,98.9208333333334,42367
"(0.8541666666666666, 0.9958333333333332)",1,98.92083333333338,42368
"(0.8625, 0.9958333333333332)",2,98.92083333333338,42370
"(0.9541666666666668, 0.9958333333333332)",1,98.92083333333338,42371
"(0.9875, 0.9958333333333332)",1,98.92083333333338,42372
"(0.9125, 0.9958333333333332)",1,98.92083333333338,42373
"(0.975, 0.9958333333333332)",2,98.92083333333336,42375
"(0.9583333333333334, 0.9958333333333332)",1,98.92083333333336,42376
"(0.9958333333333332, 0.9958333333333332)",1,98.92083333333336,42377
"(0.9708333333333332, 0.9958333333333332)",2,98.92083333333336,42379
"(0.9375, 0.9958333333333332)",2,98.92083333333336,42381
"(0.9833333333333332, 0.9958333333333332)",1,98.92083333333336,42382
"(0.8791666666666667, 0.9958333333333332)",1,98.92083333333336,42383
"(0.9875, 0.9958333333333332)",1,98.92083333333336,42384
"(0.9041666666666668, 0.9958333333333332)",1,98.92083333333336,42385
"(0.9708333333333332, 0.9958333333333332)",2,98.92083333333332,42387
"(0.9625, 0.9958333333333332)",1,98.92083333333332,42388
"(0.9458333333333332, 0.9958333333333332)",1,98.92083333333328,42389
"(0.975, 0.9958333333333332)",2,98.92083333333323,42391
"(0.9833333333333332, 0.9916666666666668)",1,98.92083333333322,42392
"(0.925, 0.9916666666666668)",1,98.92083333333312,42393
"(0.9291666666666668, 0.9916666666666668)",1,98.92083333333312,42394
"(0.9291666666666668, 0.9916666666666668)",1,98.9208333333331,42395
"(0.9833333333333332, 0.9958333333333332)",1,98.9208333333331,42396
"(0.925, 0.9916666666666668)",1,98.92083333333308,42397
"(0.8791666666666667, 0.9916666666666668)",1,98.92083333333306,42398
"(0.6375, 0.9992424242424244)",1,98.9189393939394,42399
"(0.6162790697674418, 1.0)",1,98.9186046511628,42400
"(0.8372093023255814, 1.0)",1,98.9186046511628,42401
"(0.3372093023255814, 1.0)",1,98.9186046511628,42402
"(0.4651162790697674, 1.0)",1,98.9186046511628,42403
"(0.4883720930232558, 1.0)",1,98.91860465116278,42404
"(0.3372093023255814, 1.0)",1,98.91860465116278,42405
"(0.627906976744186, 1.0)",1,98.91860465116278,42406
"(0.4651162790697674, 1.0)",2,98.91860465116278,42408
"(0.8255813953488372, 1.0)",1,98.91860465116278,42409
"(0.9333333333333332, 0.9958333333333332)",1,98.91666666666676,42410
"(0.9625, 0.9958333333333332)",1,98.91666666666674,42411
"(0.8333333333333334, 1.0)",1,98.91666666666674,42412
"(0.9208333333333332, 0.9958333333333332)",1,98.91666666666674,42413
"(0.975, 0.9958333333333332)",2,98.91666666666674,42415
"(0.9666666666666668, 0.9958333333333332)",1,98.91666666666671,42416
"(0.8916666666666667, 0.9958333333333332)",1,98.91666666666671,42417
"(0.95, 0.9958333333333332)",1,98.91666666666671,42418
"(0.9708333333333332, 0.9958333333333332)",1,98.91666666666671,42419
"(1.0, 0.9833333333333332)",1,98.91666666666671,42420
"(0.8958333333333334, 0.9958333333333332)",1,98.9166666666667,42421
"(0.925, 0.9958333333333332)",1,98.9166666666667,42422
"(0.9, 0.9958333333333332)",1,98.9166666666667,42423
"(0.9125, 0.9958333333333332)",1,98.9166666666667,42424
"(0.9333333333333332, 1.0)",1,98.9166666666667,42425
"(0.9333333333333332, 0.9833333333333332)",1,98.9166666666667,42426
"(0.9791666666666666, 0.9958333333333332)",2,98.9166666666667,42428
"(0.8666666666666667, 0.9833333333333332)",1,98.9166666666667,42429
"(0.8833333333333333, 1.0)",2,98.9166666666667,42431
"(0.9916666666666668, 0.9958333333333332)",1,98.9166666666667,42432
"(0.9708333333333332, 0.9958333333333332)",1,98.9166666666667,42433
"(0.9625, 0.9916666666666668)",1,98.9166666666667,42434
"(0.9208333333333332, 0.9958333333333332)",1,98.9166666666667,42435
"(0.9875, 0.9958333333333332)",1,98.9166666666667,42436
"(0.9625, 0.9958333333333332)",1,98.9166666666667,42437
"(0.9833333333333332, 0.9958333333333332)",4,98.9166666666667,42441
"(0.975, 0.9958333333333332)",1,98.9166666666667,42442
"(0.9, 0.9666666666666668)",1,98.9166666666667,42443
"(0.9666666666666668, 0.9958333333333332)",1,98.9166666666667,42444
"(0.95, 0.9958333333333332)",1,98.9166666666667,42445
"(0.8666666666666667, 1.0)",3,98.91666666666669,42448
"(0.75, 1.0)",1,98.91666666666669,42449
"(0.8833333333333333, 1.0)",2,98.91666666666669,42451
"(0.7083333333333334, 1.0)",2,98.91666666666669,42453
"(0.9333333333333332, 1.0)",2,98.91666666666669,42455
"(0.8666666666666667, 1.0)",3,98.91666666666669,42458
"(0.6666666666666666, 1.0)",1,98.91666666666669,42459
"(0.8333333333333334, 1.0)",2,98.91666666666669,42461
"(0.9027777777777778, 1.0)",2,98.91666666666669,42463
"(0.7777777777777778, 1.0)",1,98.91666666666669,42464
"(0.9833333333333332, 1.0)",3,98.91666666666669,42467
"(0.9333333333333332, 1.0)",3,98.91666666666669,42470
"(0.8, 1.0)",2,98.91666666666669,42472
"(0.9166666666666666, 1.0)",1,98.91666666666669,42473
"(0.8194444444444444, 1.0)",2,98.91666666666669,42475
"(0.7666666666666667, 1.0)",1,98.91666666666669,42476
"(0.9166666666666666, 1.0)",2,98.91666666666669,42478
"(0.8472222222222222, 1.0)",2,98.91666666666669,42480
"(0.75, 1.0)",2,98.91666666666669,42482
"(0.9666666666666668, 1.0)",4,98.91666666666669,42486
"(0.7166666666666667, 1.0)",1,98.91666666666669,42487
"(0.7222222222222222, 1.0)",1,98.91666666666669,42488
"(0.7666666666666667, 1.0)",3,98.91666666666669,42491
"(0.9027777777777778, 1.0)",1,98.91666666666669,42492
"(0.95, 1.0)",3,98.91666666666669,42495
"(0.9, 1.0)",2,98.91666666666669,42497
"(0.9833333333333332, 0.9958333333333332)",1,98.91666666666669,42498
"(0.9444444444444444, 1.0)",1,98.91666666666669,42499
"(0.7638888888888888, 1.0)",1,98.91666666666669,42500
"(1.0, 1.0)",4,98.91666666666669,42504
"(0.9, 1.0)",3,98.91666666666669,42507
"(0.7833333333333333, 1.0)",2,98.91666666666669,42509
"(0.8833333333333333, 1.0)",2,98.91666666666669,42511
"(0.95, 1.0)",1,98.91666666666669,42512
"(0.85, 1.0)",1,98.91666666666669,42513
"(0.8611111111111112, 1.0)",1,98.91666666666666,42514
"(0.75, 1.0)",5,98.91666666666666,42519
"(0.8333333333333334, 1.0)",5,98.91666666666666,42524
"(0.8166666666666667, 1.0)",1,98.91666666666666,42525
"(0.7083333333333334, 1.0)",3,98.91666666666666,42528
"(0.9333333333333332, 1.0)",3,98.91666666666666,42531
"(0.6666666666666666, 1.0)",1,98.91666666666666,42532
"(0.9305555555555556, 1.0)",1,98.91666666666666,42533
"(0.9833333333333332, 1.0)",1,98.91666666666666,42534
"(0.7361111111111112, 1.0)",1,98.91666666666666,42535
"(0.9666666666666668, 1.0)",1,98.91666666666666,42536
"(0.85, 1.0)",3,98.91666666666666,42539
"(0.9444444444444444, 1.0)",5,98.91666666666666,42544
"(0.7777777777777778, 1.0)",1,98.91666666666666,42545
"(0.9583333333333334, 1.0)",2,98.91666666666666,42547
"(0.8, 1.0)",2,98.91666666666666,42549
"(0.95, 1.0)",1,98.91666666666666,42550
"(0.9, 1.0)",4,98.91666666666666,42554
"(0.8833333333333333, 1.0)",6,98.91666666666666,42560
"(0.9027777777777778, 1.0)",2,98.91666666666666,42562
"(0.8055555555555556, 1.0)",1,98.91666666666666,42563
"(0.6833333333333333, 1.0)",1,98.91666666666666,42564
"(1.0, 1.0)",6,98.91666666666666,42570
"(0.9166666666666666, 1.0)",10,98.91666666666666,42580
"(0.7, 1.0)",1,98.91666666666666,42581
"(0.8666666666666667, 1.0)",3,98.91666666666666,42584
"(0.7666666666666667, 1.0)",1,98.91666666666666,42585
"(0.9625, 0.9958333333333332)",1,98.9166666666666,42586
"(0.9791666666666666, 0.9875)",1,98.9166666666666,42587
"(0.925, 0.9916666666666668)",1,98.91666666666646,42588
"(0.7178030303030303, 0.999621212121212)",1,98.91439393939396,42589
"(0.9875, 0.9958333333333332)",1,98.91250000000012,42590
"(0.9625, 0.9958333333333332)",2,98.9125000000001,42592
"(0.9333333333333332, 0.9958333333333332)",2,98.9125000000001,42594
"(0.9666666666666668, 0.9958333333333332)",1,98.9125000000001,42595
"(0.9125, 0.9958333333333332)",1,98.9125000000001,42596
"(0.9, 0.9958333333333332)",1,98.91250000000008,42597
"(0.9291666666666668, 0.9958333333333332)",1,98.91250000000008,42598
"(0.9208333333333332, 0.9958333333333332)",2,98.91250000000004,42600
"(0.875, 0.9958333333333332)",1,98.91250000000004,42601
"(1.0, 0.9958333333333332)",1,98.91250000000004,42602
"(0.9625, 0.9958333333333332)",1,98.91250000000004,42603
"(0.9708333333333332, 0.9958333333333332)",1,98.91250000000004,42604
"(0.975, 0.9958333333333332)",2,98.91250000000004,42606
"(0.9333333333333332, 0.9958333333333332)",1,98.91250000000004,42607
"(0.9083333333333332, 0.9958333333333332)",1,98.91250000000002,42608
"(0.9875, 0.9958333333333332)",1,98.9125,42609
"(0.9208333333333332, 0.9916666666666668)",1,98.9124999999998,42610
"(0.925, 0.9916666666666668)",1,98.9124999999998,42611
"(0.8958333333333334, 0.9916666666666668)",1,98.9124999999998,42612
"(0.9833333333333332, 0.9916666666666668)",1,98.9124999999998,42613
"(0.9041666666666668, 0.9916666666666668)",1,98.91249999999978,42614
"(0.9078947368421052, 0.9912280701754386)",3,98.91228070175436,42617
"(0.5333333333333333, 0.999621212121212)",3,98.91098484848486,42620
"(0.8461538461538461, 1.0)",1,98.9102564102564,42621
"(0.7307692307692307, 1.0)",1,98.9102564102564,42622
"(0.6794871794871795, 1.0)",1,98.9102564102564,42623
"(0.975, 0.9958333333333332)",2,98.90833333333346,42625
"(0.925, 0.9958333333333332)",1,98.90833333333345,42626
"(0.95, 0.9958333333333332)",1,98.90833333333342,42627
"(0.9833333333333332, 0.9958333333333332)",2,98.9083333333334,42629
"(0.9208333333333332, 0.9958333333333332)",2,98.9083333333334,42631
"(0.9666666666666668, 0.9958333333333332)",1,98.9083333333334,42632
"(0.8791666666666667, 0.9958333333333332)",1,98.9083333333334,42633
"(0.9625, 0.9958333333333332)",1,98.9083333333334,42634
"(0.9083333333333332, 0.9958333333333332)",1,98.9083333333334,42635
"(0.85, 0.9958333333333332)",1,98.90833333333336,42636
"(0.95, 0.9958333333333332)",1,98.90833333333336,42637
"(0.9291666666666668, 0.9958333333333332)",3,98.90833333333336,42640
"(0.9291666666666668, 0.9958333333333332)",1,98.90833333333336,42641
"(0.9041666666666668, 0.9958333333333332)",1,98.90833333333336,42642
"(0.9791666666666666, 0.9958333333333332)",2,98.90833333333336,42644
"(0.9875, 0.9958333333333332)",1,98.90833333333336,42645
"(0.9708333333333332, 0.9958333333333332)",1,98.90833333333336,42646
"(0.8541666666666666, 0.9958333333333332)",1,98.90833333333336,42647
"(0.9708333333333332, 0.9958333333333332)",1,98.90833333333336,42648
"(0.825, 0.9958333333333332)",1,98.90833333333336,42649
"(0.9375, 0.9958333333333332)",1,98.90833333333336,42650
"(0.9875, 0.9958333333333332)",1,98.90833333333336,42651
"(0.9083333333333332, 0.9958333333333332)",1,98.90833333333336,42652
"(1.0, 1.0)",1,98.90833333333327,42653
"(0.9791666666666666, 0.9958333333333332)",2,98.90833333333325,42655
"(0.9, 0.9958333333333332)",1,98.90833333333322,42656
"(0.95, 0.9916666666666668)",1,98.90833333333312,42657
"(0.9041666666666668, 0.9916666666666668)",1,98.90833333333312,42658
"(0.9375, 0.9916666666666668)",1,98.90833333333312,42659
"(0.9125, 0.9916666666666668)",1,98.90833333333308,42660
"(0.872093023255814, 1.0)",1,98.90697674418604,42661
"(0.8255813953488372, 1.0)",2,98.90697674418604,42663
"(0.5697674418604651, 1.0)",1,98.90697674418604,42664
"(0.4651162790697674, 1.0)",2,98.90697674418604,42666
"(0.6162790697674418, 1.0)",1,98.90697674418604,42667
"(0.8837209302325582, 1.0)",1,98.90697674418604,42668
"(0.627906976744186, 1.0)",2,98.90697674418604,42670
"(0.2906976744186046, 1.0)",1,98.90697674418604,42671
"(0.8837209302325582, 1.0)",1,98.90697674418604,42672
"(0.9875, 0.9958333333333332)",1,98.90416666666678,42673
"(0.9375, 0.9958333333333332)",1,98.90416666666675,42674
"(0.95, 0.9958333333333332)",2,98.90416666666675,42676
"(0.925, 0.9958333333333332)",1,98.90416666666675,42677
"(0.9333333333333332, 0.9958333333333332)",1,98.90416666666675,42678
"(0.9875, 0.9958333333333332)",1,98.90416666666674,42679
"(0.975, 0.9958333333333332)",1,98.90416666666674,42680
"(0.9791666666666666, 0.9958333333333332)",1,98.90416666666674,42681
"(0.8916666666666667, 0.9958333333333332)",1,98.90416666666673,42682
"(0.85, 0.9958333333333332)",1,98.90416666666673,42683
"(0.95, 0.9958333333333332)",1,98.90416666666673,42684
"(0.9791666666666666, 0.9958333333333332)",1,98.90416666666673,42685
"(0.925, 0.9958333333333332)",2,98.90416666666673,42687
"(0.9666666666666668, 0.9958333333333332)",1,98.90416666666673,42688
"(0.9333333333333332, 0.9958333333333332)",1,98.90416666666673,42689
"(0.8916666666666667, 0.9958333333333332)",1,98.9041666666667,42690
"(0.9208333333333332, 0.9958333333333332)",1,98.9041666666667,42691
"(0.8625, 0.9958333333333332)",1,98.9041666666667,42692
"(0.9916666666666668, 0.9958333333333332)",1,98.9041666666667,42693
"(0.9875, 0.9958333333333332)",2,98.9041666666667,42695
"(0.9625, 0.9958333333333332)",1,98.9041666666667,42696
"(0.975, 0.9958333333333332)",1,98.9041666666667,42697
"(0.9708333333333332, 0.9958333333333332)",1,98.9041666666667,42698
"(0.9791666666666666, 0.9958333333333332)",1,98.9041666666667,42699
"(0.9, 0.9958333333333332)",2,98.9041666666667,42701
"(0.9125, 0.9958333333333332)",2,98.9041666666667,42703
"(0.9875, 0.9958333333333332)",1,98.90416666666655,42704
"(0.9041666666666668, 0.9916666666666668)",1,98.90416666666646,42705
"(0.9375, 0.9916666666666668)",1,98.90416666666646,42706
"(0.9333333333333332, 0.9916666666666668)",1,98.90416666666638,42707
"(0.5034090909090909, 1.0)",1,98.90303030303032,42708
"(0.9166666666666666, 1.0)",1,98.9027777777778,42709
"(0.9305555555555556, 1.0)",2,98.9027777777778,42711
"(0.75, 1.0)",3,98.90277777777776,42714
"(0.9166666666666666, 1.0)",1,98.90277777777776,42715
"(0.8611111111111112, 1.0)",2,98.90277777777776,42717
"(0.8472222222222222, 1.0)",2,98.90277777777776,42719
"(0.9027777777777778, 1.0)",6,98.90277777777776,42725
"(0.9583333333333334, 1.0)",4,98.90277777777776,42729
"(0.9305555555555556, 1.0)",2,98.90277777777776,42731
"(0.7777777777777778, 1.0)",2,98.90277777777776,42733
"(0.8888888888888888, 1.0)",3,98.90277777777776,42736
"(0.8194444444444444, 1.0)",1,98.90277777777776,42737
"(0.9444444444444444, 1.0)",2,98.90277777777776,42739
"(0.7916666666666666, 1.0)",1,98.90277777777776,42740
"(0.7361111111111112, 1.0)",3,98.90277777777776,42743
"(0.7083333333333334, 1.0)",5,98.90277777777776,42748
"(0.8333333333333334, 1.0)",1,98.90277777777776,42749
"(0.625, 1.0)",1,98.90277777777776,42750
"(0.6944444444444444, 1.0)",1,98.90277777777776,42751
"(0.7222222222222222, 1.0)",2,98.90277777777776,42753
"(0.7638888888888888, 1.0)",3,98.90277777777776,42756
"(0.9625, 0.9958333333333332)",1,98.90000000000008,42757
"(0.9875, 0.9958333333333332)",1,98.90000000000008,42758
"(0.9166666666666666, 0.9958333333333332)",1,98.90000000000008,42759
"(0.9208333333333332, 0.9958333333333332)",2,98.90000000000008,42761
"(0.9375, 0.9958333333333332)",1,98.90000000000008,42762
"(0.9083333333333332, 0.9958333333333332)",1,98.90000000000006,42763
"(0.9666666666666668, 0.9958333333333332)",1,98.90000000000003,42764
"(0.8833333333333333, 1.0)",1,98.90000000000003,42765
"(1.0, 1.0)",1,98.90000000000003,42766
"(0.8375, 0.9958333333333332)",2,98.90000000000003,42768
"(0.9666666666666668, 0.9958333333333332)",1,98.90000000000003,42769
"(0.9375, 0.9958333333333332)",1,98.90000000000003,42770
"(0.9625, 0.9958333333333332)",1,98.90000000000003,42771
"(0.7666666666666667, 0.9833333333333332)",1,98.90000000000003,42772
"(0.9, 1.0)",1,98.90000000000003,42773
"(0.8333333333333334, 1.0)",1,98.90000000000003,42774
"(0.9916666666666668, 0.9958333333333332)",1,98.90000000000003,42775
"(0.7166666666666667, 0.9833333333333332)",1,98.90000000000003,42776
"(0.8625, 0.9958333333333332)",1,98.90000000000003,42777
"(0.9333333333333332, 1.0)",1,98.90000000000003,42778
"(0.9875, 0.9958333333333332)",7,98.90000000000003,42785
"(0.6666666666666666, 1.0)",1,98.90000000000003,42786
"(0.975, 0.9958333333333332)",1,98.90000000000003,42787
"(0.7166666666666667, 1.0)",4,98.90000000000002,42791
"(1.0, 1.0)",1,98.90000000000002,42792
"(0.8666666666666667, 1.0)",1,98.90000000000002,42793
"(0.8166666666666667, 1.0)",2,98.90000000000002,42795
"(0.7666666666666667, 1.0)",1,98.90000000000002,42796
"(0.75, 1.0)",2,98.90000000000002,42798
"(0.9666666666666668, 1.0)",1,98.90000000000002,42799
"(0.85, 1.0)",2,98.90000000000002,42801
"(0.9166666666666666, 1.0)",1,98.90000000000002,42802
"(0.95, 1.0)",1,98.9,42803
"(0.8333333333333334, 1.0)",3,98.9,42806
"(0.85, 1.0)",4,98.9,42810
"(0.9, 1.0)",2,98.9,42812
"(0.9, 1.0)",1,98.9,42813
"(0.85, 1.0)",1,98.9,42814
"(0.7166666666666667, 1.0)",2,98.9,42816
"(0.9333333333333332, 1.0)",1,98.9,42817
"(0.7666666666666667, 1.0)",4,98.9,42821
"(0.7833333333333333, 1.0)",1,98.9,42822
"(0.8, 1.0)",4,98.9,42826
"(0.8333333333333334, 1.0)",1,98.9,42827
"(0.8666666666666667, 1.0)",2,98.9,42829
"(0.75, 1.0)",1,98.9,42830
"(0.9333333333333332, 1.0)",8,98.9,42838
"(0.7, 1.0)",1,98.9,42839
"(0.6833333333333333, 1.0)",6,98.9,42845
"(0.6666666666666666, 1.0)",1,98.9,42846
"(0.9166666666666666, 1.0)",3,98.9,42849
"(0.8166666666666667, 1.0)",2,98.9,42851
"(0.8666666666666667, 1.0)",2,98.9,42853
"(0.9833333333333332, 1.0)",7,98.9,42860
"(0.8833333333333333, 1.0)",5,98.9,42865
"(1.0, 1.0)",13,98.9,42878
"(0.9666666666666668, 1.0)",1,98.9,42879
"(0.9375, 0.9916666666666668)",1,98.89999999999976,42880
"(0.7435897435897436, 1.0)",1,98.8974358974359,42881
"(0.7051282051282052, 1.0)",1,98.8974358974359,42882
"(0.5384615384615384, 1.0)",3,98.8974358974359,42885
"(0.9791666666666666, 0.9958333333333332)",1,98.89583333333344,42886
"(0.9083333333333332, 0.9958333333333332)",1,98.8958333333334,42887
"(0.9125, 0.9958333333333332)",1,98.8958333333334,42888
"(0.8375, 0.9958333333333332)",1,98.8958333333334,42889
"(0.8666666666666667, 0.9958333333333332)",1,98.8958333333334,42890
"(0.975, 0.9958333333333332)",1,98.8958333333334,42891
"(0.9875, 0.9958333333333332)",2,98.8958333333334,42893
"(0.975, 0.9958333333333332)",1,98.8958333333334,42894
"(0.9791666666666666, 0.9958333333333332)",1,98.8958333333334,42895
"(0.9916666666666668, 0.9958333333333332)",1,98.8958333333334,42896
"(0.8625, 0.9958333333333332)",1,98.8958333333334,42897
"(0.9041666666666668, 0.9958333333333332)",1,98.8958333333334,42898
"(0.9333333333333332, 0.9958333333333332)",1,98.89583333333336,42899
"(0.9708333333333332, 0.9958333333333332)",1,98.89583333333336,42900
"(0.9416666666666668, 0.9958333333333332)",1,98.89583333333336,42901
"(0.9458333333333332, 0.9958333333333332)",1,98.89583333333336,42902
"(0.95, 0.9958333333333332)",1,98.89583333333336,42903
"(0.9291666666666668, 0.9958333333333332)",4,98.89583333333336,42907
"(0.8625, 0.9958333333333332)",1,98.89583333333336,42908
"(0.9916666666666668, 0.9958333333333332)",2,98.89583333333336,42910
"(0.9875, 0.9958333333333332)",1,98.89583333333336,42911
"(0.9833333333333332, 0.9958333333333332)",1,98.89583333333336,42912
"(0.925, 0.9958333333333332)",1,98.89583333333336,42913
"(0.9791666666666666, 0.9958333333333332)",3,98.89583333333336,42916
"(0.8541666666666666, 0.9958333333333332)",1,98.89583333333336,42917
"(0.975, 0.9958333333333332)",2,98.89583333333336,42919
"(0.9166666666666666, 0.9958333333333332)",1,98.89583333333336,42920
"(0.9666666666666668, 0.9958333333333332)",1,98.89583333333336,42921
"(0.9208333333333332, 0.9916666666666668)",1,98.89583333333331,42922
"(0.9791666666666666, 0.9958333333333332)",1,98.8958333333333,42923
"(0.9875, 0.9958333333333332)",2,98.89583333333329,42925
"(0.925, 0.9916666666666668)",1,98.89583333333312,42926
"(0.9375, 0.9916666666666668)",1,98.89583333333312,42927
"(0.9083333333333332, 0.9916666666666668)",1,98.89583333333312,42928
"(0.9186046511627908, 1.0)",1,98.8953488372093,42929
"(0.4883720930232558, 1.0)",2,98.8953488372093,42931
"(0.4651162790697674, 1.0)",1,98.8953488372093,42932
"(0.8488372093023255, 1.0)",1,98.8953488372093,42933
"(0.7906976744186046, 1.0)",1,98.8953488372093,42934
"(0.813953488372093, 1.0)",1,98.8953488372093,42935
"(0.8837209302325582, 1.0)",1,98.8953488372093,42936
"(0.9429824561403508, 0.9912280701754386)",1,98.89473684210525,42937
"(0.975, 0.9958333333333332)",1,98.89166666666677,42938
"(0.9791666666666666, 0.9958333333333332)",1,98.89166666666677,42939
"(0.9916666666666668, 0.9958333333333332)",1,98.89166666666677,42940
"(0.9791666666666666, 0.9958333333333332)",2,98.89166666666674,42942
"(0.8958333333333334, 0.9958333333333332)",1,98.89166666666674,42943
"(0.9291666666666668, 0.9958333333333332)",1,98.89166666666672,42944
"(0.9791666666666666, 0.9958333333333332)",1,98.89166666666672,42945
"(0.9541666666666668, 0.9958333333333332)",1,98.89166666666672,42946
"(0.9208333333333332, 0.9958333333333332)",2,98.89166666666672,42948
"(0.9291666666666668, 0.9958333333333332)",1,98.89166666666672,42949
"(0.9875, 0.9958333333333332)",1,98.89166666666672,42950
"(0.9875, 0.9958333333333332)",1,98.89166666666672,42951
"(0.9333333333333332, 0.9958333333333332)",1,98.89166666666672,42952
"(0.9375, 0.9958333333333332)",2,98.89166666666672,42954
"(0.975, 0.9958333333333332)",3,98.89166666666672,42957
"(0.975, 0.9958333333333332)",1,98.8916666666667,42958
"(0.9916666666666668, 0.9958333333333332)",1,98.8916666666667,42959
"(0.9791666666666666, 0.9958333333333332)",2,98.8916666666667,42961
"(0.9083333333333332, 0.9958333333333332)",1,98.8916666666667,42962
"(0.9875, 0.9958333333333332)",1,98.8916666666667,42963
"(0.9458333333333332, 0.9958333333333332)",1,98.89166666666662,42964
"(0.9625, 0.9958333333333332)",1,98.89166666666658,42965
"(0.95, 0.9958333333333332)",1,98.89166666666658,42966
"(0.9833333333333332, 0.9958333333333332)",1,98.89166666666658,42967
"(0.9375, 0.9916666666666668)",1,98.89166666666644,42968
"(0.9125, 0.9916666666666668)",1,98.89166666666644,42969
"(0.925, 0.9916666666666668)",1,98.89166666666644,42970
"(0.75, 1.0)",1,98.8888888888889,42971
"(0.9444444444444444, 1.0)",1,98.88888888888889,42972
"(0.8194444444444444, 1.0)",4,98.88888888888889,42976
"(0.9166666666666666, 1.0)",2,98.88888888888889,42978
"(0.7361111111111112, 1.0)",2,98.88888888888889,42980
"(0.9027777777777778, 1.0)",6,98.88888888888889,42986
"(0.75, 1.0)",6,98.88888888888889,42992
"(0.7083333333333334, 1.0)",2,98.88888888888889,42994
"(0.8333333333333334, 1.0)",3,98.88888888888889,42997
"(0.9583333333333334, 1.0)",5,98.88888888888889,43002
"(0.6111111111111112, 1.0)",1,98.88888888888889,43003
"(0.8611111111111112, 1.0)",6,98.88888888888889,43009
"(0.8055555555555556, 1.0)",1,98.88888888888889,43010
"(0.6805555555555556, 1.0)",2,98.88888888888889,43012
"(0.7638888888888888, 1.0)",4,98.88888888888889,43016
"(0.8472222222222222, 1.0)",1,98.88888888888889,43017
"(0.7222222222222222, 1.0)",1,98.88888888888889,43018
"(0.9305555555555556, 1.0)",2,98.88888888888889,43020
"(0.9875, 0.9958333333333332)",1,98.8875000000001,43021
"(0.9166666666666666, 0.9958333333333332)",1,98.88750000000007,43022
"(0.8916666666666667, 0.9958333333333332)",1,98.88750000000007,43023
"(0.9208333333333332, 0.9958333333333332)",2,98.88750000000007,43025
"(0.9041666666666668, 0.9958333333333332)",1,98.88750000000007,43026
"(0.8958333333333334, 0.9958333333333332)",2,98.88750000000007,43028
"(0.95, 0.9958333333333332)",2,98.88750000000005,43030
"(0.9583333333333334, 0.9958333333333332)",1,98.88750000000005,43031
"(0.9208333333333332, 0.9958333333333332)",1,98.88750000000005,43032
"(0.9916666666666668, 0.9958333333333332)",3,98.88750000000005,43035
"(0.9875, 0.9958333333333332)",2,98.88750000000005,43037
"(0.9833333333333332, 0.9958333333333332)",2,98.88750000000005,43039
"(0.9666666666666668, 0.9958333333333332)",1,98.88750000000005,43040
"(0.9916666666666668, 0.9958333333333332)",1,98.88750000000005,43041
"(0.8791666666666667, 0.9958333333333332)",1,98.88750000000005,43042
"(0.975, 0.9958333333333332)",1,98.88750000000005,43043
"(0.9375, 0.9958333333333332)",2,98.88750000000005,43045
"(0.9125, 0.9958333333333332)",1,98.88750000000005,43046
"(0.825, 0.9958333333333332)",1,98.88750000000005,43047
"(0.9875, 0.9958333333333332)",1,98.88750000000005,43048
"(0.9791666666666666, 1.0)",1,98.8875,43049
"(0.9875, 0.9958333333333332)",1,98.88749999999992,43050
"(0.975, 0.9958333333333332)",1,98.88749999999992,43051
"(0.975, 0.9958333333333332)",1,98.8874999999999,43052
"(0.9208333333333332, 0.9875)",1,98.88749999999982,43053
"(0.95, 0.9916666666666668)",1,98.8874999999998,43054
"(0.95, 0.9916666666666668)",1,98.88749999999978,43055
"(0.9083333333333332, 0.9916666666666668)",2,98.88749999999978,43057
"(0.8916666666666667, 0.9916666666666668)",1,98.88749999999978,43058
"(0.6794871794871795, 1.0)",1,98.8846153846154,43059
"(0.3372093023255814, 1.0)",2,98.88372093023256,43061
"(0.7674418604651163, 1.0)",2,98.88372093023256,43063
"(0.5930232558139535, 1.0)",1,98.88372093023256,43064
"(0.9666666666666668, 0.9958333333333332)",1,98.88333333333344,43065
"(0.9375, 0.9958333333333332)",1,98.8833333333334,43066
"(0.8916666666666667, 0.9958333333333332)",1,98.8833333333334,43067
"(0.9041666666666668, 0.9958333333333332)",1,98.8833333333334,43068
"(0.9375, 0.9958333333333332)",1,98.8833333333334,43069
"(0.825, 0.9958333333333332)",1,98.88333333333338,43070
"(0.9166666666666666, 0.9958333333333332)",1,98.88333333333338,43071
"(0.9458333333333332, 0.9958333333333332)",1,98.88333333333338,43072
"(0.95, 1.0)",1,98.88333333333338,43073
"(0.95, 0.9958333333333332)",1,98.88333333333338,43074
"(0.9666666666666668, 1.0)",1,98.88333333333335,43075
"(0.75, 0.9833333333333332)",1,98.88333333333335,43076
"(0.8541666666666666, 0.9958333333333332)",1,98.88333333333335,43077
"(0.9791666666666666, 0.9958333333333332)",2,98.88333333333335,43079
"(0.8166666666666667, 1.0)",1,98.88333333333335,43080
"(0.9833333333333332, 0.9958333333333332)",2,98.88333333333335,43082
"(1.0, 1.0)",1,98.88333333333335,43083
"(0.8833333333333333, 0.9833333333333332)",1,98.88333333333335,43084
"(0.9166666666666666, 0.9833333333333332)",3,98.88333333333335,43087
"(1.0, 0.9666666666666668)",2,98.88333333333335,43089
"(0.9875, 0.9958333333333332)",1,98.88333333333335,43090
"(0.925, 0.9958333333333332)",1,98.88333333333335,43091
"(0.7666666666666667, 0.9666666666666668)",1,98.88333333333335,43092
"(0.75, 1.0)",1,98.88333333333335,43093
"(0.975, 0.9958333333333332)",1,98.88333333333335,43094
"(0.7666666666666667, 1.0)",1,98.88333333333335,43095
"(0.8333333333333334, 1.0)",3,98.88333333333335,43098
"(0.8, 1.0)",2,98.88333333333335,43100
"(0.85, 1.0)",1,98.88333333333335,43101
"(0.85, 0.9958333333333332)",1,98.88333333333335,43102
"(0.9, 0.9833333333333332)",1,98.88333333333335,43103
"(0.9916666666666668, 0.9958333333333332)",2,98.88333333333335,43105
"(0.8666666666666667, 1.0)",2,98.88333333333334,43107
"(0.85, 1.0)",2,98.88333333333334,43109
"(0.9166666666666666, 1.0)",1,98.88333333333334,43110
"(0.6666666666666666, 1.0)",1,98.88333333333334,43111
"(0.95, 1.0)",2,98.88333333333334,43113
"(0.8333333333333334, 1.0)",1,98.88333333333334,43114
"(0.9333333333333332, 1.0)",1,98.88333333333334,43115
"(0.9666666666666668, 1.0)",7,98.88333333333333,43122
"(0.9166666666666666, 1.0)",2,98.88333333333333,43124
"(0.75, 1.0)",3,98.88333333333333,43127
"(0.9541666666666668, 0.9958333333333332)",2,98.88333333333333,43129
"(0.6833333333333333, 1.0)",1,98.88333333333333,43130
"(0.7333333333333333, 1.0)",2,98.88333333333333,43132
"(0.9833333333333332, 1.0)",5,98.88333333333333,43137
"(0.7666666666666667, 1.0)",2,98.88333333333333,43139
"(0.9833333333333332, 0.9958333333333332)",1,98.88333333333333,43140
"(0.85, 1.0)",4,98.88333333333333,43144
"(0.8833333333333333, 1.0)",11,98.88333333333333,43155
"(0.8166666666666667, 1.0)",3,98.88333333333333,43158
"(0.9333333333333332, 1.0)",7,98.88333333333333,43165
"(0.95, 1.0)",1,98.88333333333333,43166
"(0.8333333333333334, 1.0)",3,98.88333333333333,43169
"(0.7833333333333333, 1.0)",1,98.88333333333333,43170
"(1.0, 1.0)",10,98.88333333333333,43180
"(0.8666666666666667, 1.0)",5,98.88333333333333,43185
"(0.9625, 0.9958333333333332)",2,98.88333333333328,43187
"(0.8958333333333334, 0.9916666666666668)",1,98.88333333333313,43188
"(0.9, 0.9916666666666668)",1,98.88333333333313,43189
"(0.9166666666666666, 0.9916666666666668)",1,98.88333333333313,43190
"(0.8625, 0.9916666666666668)",1,98.88333333333313,43191
"(0.9375, 0.9916666666666668)",1,98.88333333333313,43192
"(0.9125, 0.9916666666666668)",1,98.88333333333308,43193
"(0.9208333333333332, 0.9916666666666668)",1,98.88333333333308,43194
"(0.9166666666666666, 0.9916666666666668)",1,98.88333333333308,43195
"(0.925, 0.9916666666666668)",1,98.88333333333306,43196
"(0.9429824561403508, 0.9912280701754386)",1,98.8815789473684,43197
"(0.9385964912280702, 0.9912280701754386)",1,98.8815789473684,43198
"(0.9291666666666668, 0.9958333333333332)",1,98.87916666666678,43199
"(0.975, 0.9958333333333332)",1,98.87916666666676,43200
"(0.9791666666666666, 0.9958333333333332)",1,98.87916666666676,43201
"(0.9875, 0.9958333333333332)",1,98.87916666666676,43202
"(0.9375, 0.9958333333333332)",2,98.87916666666672,43204
"(0.8375, 0.9958333333333332)",1,98.8791666666667,43205
"(0.9708333333333332, 0.9958333333333332)",1,98.8791666666667,43206
"(0.8791666666666667, 0.9958333333333332)",1,98.8791666666667,43207
"(0.975, 0.9958333333333332)",1,98.8791666666667,43208
"(0.9916666666666668, 0.9958333333333332)",4,98.8791666666667,43212
"(0.9458333333333332, 0.9958333333333332)",2,98.8791666666667,43214
"(0.9791666666666666, 0.9958333333333332)",1,98.8791666666667,43215
"(0.9208333333333332, 0.9958333333333332)",1,98.8791666666667,43216
"(0.9375, 0.9958333333333332)",1,98.8791666666667,43217
"(0.9875, 0.9958333333333332)",1,98.8791666666667,43218
"(0.825, 0.9958333333333332)",1,98.8791666666667,43219
"(0.9083333333333332, 0.9958333333333332)",1,98.8791666666667,43220
"(0.9708333333333332, 0.9958333333333332)",1,98.87916666666668,43221
"(0.9916666666666668, 0.9958333333333332)",1,98.87916666666668,43222
"(0.975, 1.0)",1,98.87916666666666,43223
"(0.95, 0.9875)",1,98.87916666666666,43224
"(0.9041666666666668, 0.9916666666666668)",1,98.87916666666644,43225
"(0.9, 0.9916666666666668)",1,98.87916666666644,43226
"(0.9125, 0.9916666666666668)",1,98.87916666666644,43227
"(0.9083333333333332, 0.9916666666666668)",1,98.8791666666664,43228
"(0.8625, 0.9958333333333332)",1,98.87500000000011,43229
"(0.975, 0.9958333333333332)",1,98.87500000000009,43230
"(0.9333333333333332, 0.9958333333333332)",2,98.87500000000009,43232
"(0.925, 0.9958333333333332)",2,98.87500000000009,43234
"(0.8666666666666667, 0.9958333333333332)",1,98.87500000000009,43235
"(0.8958333333333334, 0.9958333333333332)",1,98.87500000000006,43236
"(0.9333333333333332, 0.9958333333333332)",1,98.87500000000006,43237
"(0.8625, 0.9958333333333332)",1,98.87500000000006,43238
"(0.9833333333333332, 0.9958333333333332)",2,98.87500000000006,43240
"(0.9666666666666668, 0.9958333333333332)",1,98.87500000000006,43241
"(0.9708333333333332, 0.9958333333333332)",1,98.87500000000006,43242
"(0.9, 0.9958333333333332)",2,98.87500000000004,43244
"(0.95, 0.9958333333333332)",1,98.87500000000004,43245
"(0.9875, 0.9958333333333332)",3,98.87500000000004,43248
"(0.9916666666666668, 0.9958333333333332)",1,98.87500000000004,43249
"(0.9666666666666668, 0.9958333333333332)",1,98.87500000000004,43250
"(0.975, 0.9958333333333332)",1,98.87500000000004,43251
"(0.9833333333333332, 0.9958333333333332)",1,98.87500000000004,43252
"(0.8541666666666666, 0.9958333333333332)",1,98.87500000000004,43253
"(0.8791666666666667, 0.9958333333333332)",1,98.87500000000004,43254
"(0.975, 1.0)",1,98.875,43255
"(0.9305555555555556, 1.0)",1,98.875,43256
"(0.9027777777777778, 1.0)",3,98.875,43259
"(0.8194444444444444, 1.0)",6,98.875,43265
"(0.75, 1.0)",2,98.875,43267
"(0.9583333333333334, 1.0)",6,98.875,43273
"(0.8333333333333334, 1.0)",4,98.875,43277
"(0.9722222222222222, 1.0)",1,98.875,43278
"(0.7916666666666666, 1.0)",2,98.875,43280
"(0.8888888888888888, 1.0)",2,98.875,43282
"(0.8333333333333334, 0.9861111111111112)",1,98.875,43283
"(0.9166666666666666, 1.0)",3,98.875,43286
"(0.7083333333333334, 1.0)",7,98.875,43293
"(0.5972222222222222, 1.0)",1,98.875,43294
"(0.8611111111111112, 1.0)",4,98.875,43298
"(0.6805555555555556, 1.0)",1,98.875,43299
"(0.8472222222222222, 1.0)",1,98.875,43300
"(0.625, 1.0)",2,98.875,43302
"(0.7361111111111112, 1.0)",1,98.875,43303
"(0.8194444444444444, 1.0)",1,98.875,43304
"(0.9791666666666666, 0.9958333333333332)",1,98.87499999999994,43305
"(0.975, 0.9958333333333332)",1,98.87499999999991,43306
"(0.9416666666666668, 0.9916666666666668)",1,98.8749999999998,43307
"(0.9583333333333334, 0.9916666666666668)",1,98.8749999999998,43308
"(0.9375, 0.9916666666666668)",1,98.87499999999976,43309
"(0.8916666666666667, 0.9916666666666668)",1,98.87499999999976,43310
"(0.7303030303030303, 0.999621212121212)",1,98.87310606060606,43311
"(0.9078947368421052, 0.9912280701754386)",1,98.87280701754383,43312
"(0.9429824561403508, 0.9912280701754386)",4,98.87280701754383,43316
"(0.9035087719298246, 0.9912280701754386)",1,98.87280701754383,43317
"(0.3372093023255814, 1.0)",2,98.8720930232558,43319
"(0.8255813953488372, 1.0)",1,98.8720930232558,43320
"(0.8255813953488372, 1.0)",1,98.8720930232558,43321
"(0.872093023255814, 1.0)",2,98.8720930232558,43323
"(0.4651162790697674, 1.0)",1,98.8720930232558,43324
"(0.4883720930232558, 1.0)",2,98.8720930232558,43326
"(0.8461538461538461, 1.0)",1,98.87179487179488,43327
"(0.9916666666666668, 0.9958333333333332)",1,98.87083333333344,43328
"(0.9, 0.9958333333333332)",1,98.87083333333342,43329
"(0.9833333333333332, 0.9958333333333332)",1,98.8708333333334,43330
"(0.9833333333333332, 0.9958333333333332)",1,98.8708333333334,43331
"(0.9916666666666668, 0.9958333333333332)",2,98.8708333333334,43333
"(0.9708333333333332, 0.9958333333333332)",2,98.8708333333334,43335
"(0.9208333333333332, 0.9958333333333332)",1,98.8708333333334,43336
"(0.9458333333333332, 0.9958333333333332)",1,98.87083333333338,43337
"(0.9833333333333332, 0.9958333333333332)",1,98.87083333333338,43338
"(0.9333333333333332, 0.9958333333333332)",1,98.87083333333338,43339
"(0.8833333333333333, 0.9958333333333332)",1,98.87083333333338,43340
"(0.8666666666666667, 0.9958333333333332)",1,98.87083333333337,43341
"(0.9875, 0.9958333333333332)",1,98.87083333333337,43342
"(0.9833333333333332, 0.9958333333333332)",2,98.87083333333337,43344
"(0.9625, 0.9958333333333332)",1,98.87083333333337,43345
"(0.9875, 0.9958333333333332)",1,98.87083333333337,43346
"(0.95, 0.9958333333333332)",1,98.87083333333337,43347
"(1.0, 0.9958333333333332)",1,98.87083333333337,43348
"(0.9708333333333332, 0.9958333333333332)",1,98.87083333333337,43349
"(0.9958333333333332, 0.9958333333333332)",1,98.87083333333337,43350
"(0.975, 0.9958333333333332)",1,98.87083333333337,43351
"(0.9791666666666666, 1.0)",1,98.87083333333334,43352
"(0.8958333333333334, 0.9916666666666668)",1,98.87083333333312,43353
"(0.9208333333333332, 0.9916666666666668)",1,98.87083333333312,43354
"(0.8916666666666667, 0.9916666666666668)",2,98.87083333333312,43356
"(0.9333333333333332, 0.9916666666666668)",1,98.87083333333312,43357
"(0.9333333333333332, 0.9916666666666668)",1,98.87083333333308,43358
"(0.9375, 0.9958333333333332)",1,98.86666666666676,43359
"(0.8541666666666666, 0.9958333333333332)",1,98.86666666666676,43360
"(0.9375, 0.9958333333333332)",1,98.86666666666672,43361
"(0.8541666666666666, 0.9958333333333332)",1,98.86666666666672,43362
"(0.8916666666666667, 0.9958333333333332)",1,98.86666666666672,43363
"(0.825, 0.9958333333333332)",1,98.86666666666672,43364
"(0.9791666666666666, 0.9958333333333332)",1,98.86666666666672,43365
"(1.0, 1.0)",1,98.86666666666672,43366
"(0.95, 0.9958333333333332)",1,98.86666666666672,43367
"(0.925, 0.9958333333333332)",1,98.86666666666672,43368
"(0.975, 0.9958333333333332)",1,98.86666666666672,43369
"(0.9791666666666666, 0.9958333333333332)",1,98.86666666666672,43370
"(1.0, 0.9833333333333332)",1,98.86666666666672,43371
"(0.9916666666666668, 0.9958333333333332)",1,98.86666666666672,43372
"(0.9291666666666668, 0.9958333333333332)",2,98.8666666666667,43374
"(0.85, 0.9958333333333332)",1,98.8666666666667,43375
"(0.9958333333333332, 0.9958333333333332)",1,98.8666666666667,43376
"(0.9166666666666666, 1.0)",1,98.8666666666667,43377
"(0.8666666666666667, 1.0)",1,98.8666666666667,43378
"(0.9875, 0.9958333333333332)",1,98.8666666666667,43379
"(0.8625, 0.9958333333333332)",1,98.8666666666667,43380
"(0.9791666666666666, 0.9958333333333332)",2,98.8666666666667,43382
"(0.9708333333333332, 0.9958333333333332)",2,98.8666666666667,43384
"(1.0, 0.9958333333333332)",1,98.8666666666667,43385
"(0.9333333333333332, 0.9833333333333332)",2,98.8666666666667,43387
"(1.0, 1.0)",1,98.8666666666667,43388
"(0.9833333333333332, 0.9958333333333332)",2,98.8666666666667,43390
"(0.975, 0.9958333333333332)",1,98.8666666666667,43391
"(0.95, 1.0)",2,98.8666666666667,43393
"(0.85, 1.0)",4,98.86666666666667,43397
"(0.9333333333333332, 1.0)",5,98.86666666666667,43402
"(0.8833333333333333, 0.9833333333333332)",1,98.86666666666667,43403
"(0.7833333333333333, 1.0)",4,98.86666666666667,43407
"(0.9, 1.0)",5,98.86666666666667,43412
"(0.8833333333333333, 1.0)",1,98.86666666666667,43413
"(0.75, 1.0)",3,98.86666666666667,43416
"(0.8666666666666667, 1.0)",4,98.86666666666667,43420
"(0.8166666666666667, 1.0)",3,98.86666666666667,43423
"(0.9833333333333332, 1.0)",7,98.86666666666667,43430
"(0.8333333333333334, 1.0)",5,98.86666666666667,43435
"(0.9, 1.0)",2,98.86666666666667,43437
"(0.6, 1.0)",1,98.86666666666667,43438
"(0.9666666666666668, 1.0)",12,98.86666666666667,43450
"(0.85, 1.0)",1,98.86666666666667,43451
"(0.6833333333333333, 1.0)",1,98.86666666666667,43452
"(0.95, 1.0)",5,98.86666666666667,43457
"(0.9166666666666666, 1.0)",3,98.86666666666667,43460
"(0.8833333333333333, 1.0)",2,98.86666666666667,43462
"(0.7, 1.0)",2,98.86666666666667,43464
"(0.7666666666666667, 1.0)",1,98.86666666666667,43465
"(0.9166666666666666, 1.0)",4,98.86666666666667,43469
"(0.7333333333333333, 1.0)",5,98.86666666666667,43474
"(0.8, 1.0)",2,98.86666666666667,43476
"(1.0, 1.0)",4,98.86666666666667,43480
"(0.8, 1.0)",1,98.86666666666666,43481
"(0.75, 1.0)",2,98.86666666666666,43483
"(0.85, 1.0)",2,98.86666666666666,43485
"(0.9666666666666668, 1.0)",2,98.86666666666666,43487
"(0.9166666666666666, 1.0)",2,98.86666666666666,43489
"(1.0, 1.0)",3,98.86666666666666,43492
"(0.9, 1.0)",1,98.86666666666666,43493
"(0.9666666666666668, 0.9958333333333332)",1,98.86666666666666,43494
"(0.9791666666666666, 0.9916666666666668)",1,98.86666666666665,43495
"(0.9791666666666666, 0.9958333333333332)",1,98.86666666666665,43496
"(0.9, 0.9916666666666668)",1,98.86666666666645,43497
"(0.9375, 0.9916666666666668)",1,98.86666666666645,43498
"(0.9166666666666666, 0.9916666666666668)",1,98.86666666666645,43499
"(0.9625, 0.9916666666666668)",1,98.86666666666645,43500
"(0.8625, 0.9916666666666668)",1,98.86666666666645,43501
"(0.9125, 0.9916666666666668)",1,98.86666666666645,43502
"(0.7200757575757576, 0.9988636363636364)",1,98.86439393939396,43503
"(0.9541666666666668, 0.9958333333333332)",1,98.86250000000008,43504
"(0.85, 0.9958333333333332)",1,98.86250000000008,43505
"(0.975, 0.9958333333333332)",1,98.86250000000008,43506
"(0.9666666666666668, 0.9958333333333332)",1,98.86250000000004,43507
"(0.975, 0.9958333333333332)",2,98.86250000000004,43509
"(0.9791666666666666, 0.9958333333333332)",2,98.86250000000004,43511
"(0.9916666666666668, 0.9958333333333332)",1,98.86250000000004,43512
"(0.9375, 0.9958333333333332)",1,98.86250000000004,43513
"(0.9791666666666666, 0.9958333333333332)",2,98.86250000000004,43515
"(1.0, 0.9958333333333332)",1,98.86250000000004,43516
"(0.825, 0.9958333333333332)",1,98.86250000000004,43517
"(0.8708333333333333, 0.9958333333333332)",1,98.86250000000004,43518
"(0.9833333333333332, 0.9958333333333332)",1,98.86250000000004,43519
"(0.9958333333333332, 0.9958333333333332)",1,98.86250000000004,43520
"(0.9875, 0.9958333333333332)",2,98.86250000000004,43522
"(0.9166666666666666, 0.9958333333333332)",1,98.86250000000004,43523
"(0.8958333333333334, 0.9958333333333332)",1,98.86250000000004,43524
"(0.9875, 0.9958333333333332)",1,98.86249999999995,43525
"(0.975, 0.9958333333333332)",1,98.86249999999988,43526
"(0.9541666666666668, 0.9916666666666668)",1,98.86249999999978,43527
"(0.9916666666666668, 0.9916666666666668)",1,98.86249999999978,43528
"(0.9125, 0.9916666666666668)",2,98.86249999999978,43530
"(0.7638888888888888, 1.0)",2,98.86111111111111,43532
"(0.8472222222222222, 1.0)",4,98.86111111111111,43536
"(0.7083333333333334, 1.0)",7,98.86111111111111,43543
"(0.8055555555555556, 1.0)",2,98.86111111111111,43545
"(0.8611111111111112, 1.0)",2,98.86111111111111,43547
"(0.875, 1.0)",1,98.86111111111111,43548
"(0.8333333333333334, 1.0)",3,98.86111111111111,43551
"(0.8194444444444444, 1.0)",3,98.86111111111111,43554
"(0.7916666666666666, 1.0)",1,98.86111111111111,43555
"(0.9166666666666666, 1.0)",3,98.86111111111111,43558
"(0.625, 1.0)",1,98.86111111111111,43559
"(0.9305555555555556, 1.0)",2,98.86111111111111,43561
"(0.8611111111111112, 0.9861111111111112)",1,98.86111111111111,43562
"(0.75, 1.0)",5,98.86111111111111,43567
"(0.6111111111111112, 1.0)",3,98.86111111111111,43570
"(0.8888888888888888, 1.0)",2,98.86111111111111,43572
"(0.7361111111111112, 1.0)",4,98.86111111111111,43576
"(0.9027777777777778, 1.0)",2,98.86111111111111,43578
"(0.9583333333333334, 1.0)",1,98.86111111111111,43579
"(0.9166666666666666, 1.0)",1,98.8611111111111,43580
"(0.6111111111111112, 1.0)",1,98.8611111111111,43581
"(0.8255813953488372, 1.0)",1,98.86046511627907,43582
"(0.3372093023255814, 1.0)",1,98.86046511627907,43583
"(0.5, 1.0)",1,98.86046511627907,43584
"(0.7674418604651163, 1.0)",1,98.86046511627906,43585
"(0.4534883720930232, 1.0)",1,98.86046511627906,43586
"(0.717948717948718, 1.0)",1,98.85897435897436,43587
"(0.6410256410256411, 1.0)",6,98.85897435897436,43593
"(0.6666666666666666, 1.0)",3,98.85897435897436,43596
"(0.9208333333333332, 0.9958333333333332)",1,98.85833333333342,43597
"(0.9291666666666668, 0.9958333333333332)",1,98.85833333333342,43598
"(0.9833333333333332, 0.9958333333333332)",1,98.8583333333334,43599
"(0.8958333333333334, 0.9958333333333332)",1,98.8583333333334,43600
"(0.8541666666666666, 0.9958333333333332)",1,98.8583333333334,43601
"(0.9083333333333332, 0.9958333333333332)",1,98.8583333333334,43602
"(0.975, 0.9958333333333332)",2,98.85833333333338,43604
"(0.9291666666666668, 0.9958333333333332)",1,98.85833333333338,43605
"(0.85, 0.9958333333333332)",1,98.85833333333338,43606
"(0.9375, 0.9958333333333332)",1,98.85833333333338,43607
"(0.9958333333333332, 0.9958333333333332)",1,98.85833333333338,43608
"(0.8916666666666667, 0.9958333333333332)",1,98.85833333333338,43609
"(0.8875, 0.9958333333333332)",1,98.85833333333338,43610
"(0.9791666666666666, 0.9958333333333332)",1,98.85833333333338,43611
"(0.9708333333333332, 0.9958333333333332)",1,98.85833333333338,43612
"(0.9583333333333334, 0.9958333333333332)",1,98.85833333333336,43613
"(0.9916666666666668, 0.9958333333333332)",1,98.85833333333336,43614
"(0.9458333333333332, 0.9958333333333332)",1,98.85833333333336,43615
"(0.975, 0.9958333333333332)",1,98.85833333333336,43616
"(0.9875, 0.9958333333333332)",2,98.85833333333336,43618
"(0.9125, 0.9958333333333332)",1,98.85833333333336,43619
"(0.9833333333333332, 0.9958333333333332)",2,98.85833333333336,43621
"(0.9208333333333332, 0.9958333333333332)",2,98.85833333333332,43623
"(0.9291666666666668, 0.9958333333333332)",1,98.85833333333326,43624
"(0.9875, 0.9916666666666668)",1,98.85833333333322,43625
"(0.975, 0.9875)",1,98.85833333333318,43626
"(0.8958333333333334, 0.9916666666666668)",1,98.8583333333331,43627
"(0.9375, 0.9916666666666668)",1,98.85833333333306,43628
"(0.925, 0.9916666666666668)",1,98.85833333333306,43629
"(0.6041666666666666, 0.999621212121212)",1,98.85795454545456,43630
"(0.5257575757575758, 1.0)",1,98.85795454545456,43631
"(0.9429824561403508, 0.9912280701754386)",1,98.85526315789473,43632
"(0.9625, 0.9958333333333332)",2,98.85416666666676,43634
"(0.9916666666666668, 0.9958333333333332)",1,98.85416666666676,43635
"(0.9958333333333332, 0.9958333333333332)",1,98.85416666666676,43636
"(0.9125, 0.9958333333333332)",1,98.85416666666671,43637
"(0.9166666666666666, 0.9958333333333332)",2,98.85416666666671,43639
"(0.9833333333333332, 0.9958333333333332)",1,98.85416666666671,43640
"(0.8625, 0.9958333333333332)",1,98.85416666666671,43641
"(0.9791666666666666, 0.9958333333333332)",2,98.85416666666671,43643
"(0.9791666666666666, 0.9958333333333332)",1,98.85416666666671,43644
"(0.9541666666666668, 0.9958333333333332)",1,98.8541666666667,43645
"(0.9875, 0.9958333333333332)",1,98.8541666666667,43646
"(0.9791666666666666, 0.9958333333333332)",1,98.8541666666667,43647
"(0.9583333333333334, 0.9958333333333332)",1,98.8541666666667,43648
"(0.8791666666666667, 0.9958333333333332)",1,98.8541666666667,43649
"(0.9333333333333332, 0.9958333333333332)",1,98.8541666666667,43650
"(0.9875, 0.9958333333333332)",1,98.85416666666666,43651
"(0.95, 1.0)",1,98.85416666666664,43652
"(0.9875, 0.9958333333333332)",1,98.85416666666664,43653
"(0.975, 0.9958333333333332)",1,98.8541666666666,43654
"(0.9875, 0.9958333333333332)",1,98.8541666666666,43655
"(0.9291666666666668, 0.9916666666666668)",1,98.85416666666644,43656
"(0.85, 0.9916666666666668)",1,98.85416666666644,43657
"(0.4268939393939394, 1.0)",3,98.85151515151516,43660
"(0.9078947368421052, 0.9912280701754386)",1,98.85087719298244,43661
"(0.8552631578947368, 0.9912280701754386)",1,98.85087719298244,43662
"(0.5287878787878788, 0.9992424242424244)",1,98.8507575757576,43663
"(0.8541666666666666, 0.9958333333333332)",1,98.85000000000008,43664
"(0.9791666666666666, 0.9958333333333332)",1,98.85000000000008,43665
"(0.9416666666666668, 0.9958333333333332)",1,98.85000000000008,43666
"(0.9291666666666668, 0.9958333333333332)",1,98.85000000000008,43667
"(0.9041666666666668, 0.9958333333333332)",2,98.85000000000008,43669
"(0.9291666666666668, 0.9958333333333332)",1,98.85000000000004,43670
"(0.8958333333333334, 0.9958333333333332)",1,98.85000000000004,43671
"(0.925, 0.9958333333333332)",1,98.85000000000004,43672
"(0.8333333333333334, 1.0)",1,98.85000000000004,43673
"(0.8666666666666667, 0.9958333333333332)",1,98.85000000000004,43674
"(0.9583333333333334, 0.9958333333333332)",1,98.85000000000004,43675
"(0.95, 0.9958333333333332)",1,98.85000000000004,43676
"(0.9625, 0.9958333333333332)",2,98.85000000000002,43678
"(0.9833333333333332, 1.0)",1,98.85000000000002,43679
"(0.9916666666666668, 0.9958333333333332)",1,98.85000000000002,43680
"(0.75, 0.9833333333333332)",1,98.85000000000002,43681
"(0.9791666666666666, 0.9958333333333332)",3,98.85000000000002,43684
"(0.8166666666666667, 1.0)",1,98.85000000000002,43685
"(0.8166666666666667, 0.9833333333333332)",1,98.85000000000002,43686
"(0.9166666666666666, 1.0)",1,98.85000000000002,43687
"(0.8333333333333334, 1.0)",2,98.85000000000002,43689
"(0.85, 0.9958333333333332)",1,98.85000000000002,43690
"(0.975, 0.9958333333333332)",1,98.85000000000002,43691
"(0.9333333333333332, 0.9833333333333332)",2,98.85000000000002,43693
"(0.9666666666666668, 0.9958333333333332)",2,98.85000000000002,43695
"(0.9333333333333332, 1.0)",4,98.85000000000002,43699
"(0.8958333333333334, 0.9958333333333332)",1,98.85000000000002,43700
"(0.95, 1.0)",2,98.85000000000002,43702
"(0.9, 1.0)",2,98.85000000000002,43704
"(0.9875, 0.9958333333333332)",2,98.85000000000002,43706
"(0.8666666666666667, 1.0)",1,98.85000000000002,43707
"(0.9375, 0.9958333333333332)",1,98.85000000000002,43708
"(0.9666666666666668, 1.0)",1,98.85,43709
"(0.8833333333333333, 1.0)",5,98.85,43714
"(0.7833333333333333, 1.0)",3,98.85,43717
"(0.8, 1.0)",3,98.85,43720
"(0.6833333333333333, 1.0)",2,98.85,43722
"(0.7166666666666667, 1.0)",3,98.85,43725
"(0.9333333333333332, 1.0)",3,98.85,43728
"(0.8333333333333334, 1.0)",2,98.85,43730
"(0.8333333333333334, 1.0)",3,98.85,43733
"(0.9333333333333332, 1.0)",1,98.85,43734
"(0.7666666666666667, 1.0)",1,98.85,43735
"(0.9666666666666668, 1.0)",5,98.85,43740
"(0.75, 1.0)",1,98.85,43741
"(0.8166666666666667, 1.0)",1,98.85,43742
"(0.85, 1.0)",6,98.85,43748
"(0.9166666666666666, 1.0)",2,98.85,43750
"(1.0, 1.0)",8,98.85,43758
"(0.7333333333333333, 1.0)",3,98.85,43761
"(0.9, 1.0)",2,98.85,43763
"(0.7833333333333333, 1.0)",1,98.85,43764
"(0.9, 1.0)",3,98.85,43767
"(0.7666666666666667, 1.0)",2,98.85,43769
"(0.8666666666666667, 1.0)",2,98.85,43771
"(0.95, 1.0)",2,98.85,43773
"(0.8666666666666667, 1.0)",4,98.85,43777
"(0.9833333333333332, 1.0)",2,98.85,43779
"(0.9791666666666666, 0.9958333333333332)",1,98.84999999999998,43780
"(0.9875, 0.9958333333333332)",2,98.84999999999997,43782
"(0.9708333333333332, 0.9958333333333332)",2,98.84999999999997,43784
"(0.975, 0.9958333333333332)",1,98.8499999999999,43785
"(0.9083333333333332, 0.9875)",1,98.84999999999984,43786
"(0.9416666666666668, 0.9916666666666668)",1,98.84999999999978,43787
"(0.85, 0.9916666666666668)",1,98.84999999999978,43788
"(0.9041666666666668, 0.9916666666666668)",1,98.84999999999977,43789
"(0.9583333333333334, 0.9916666666666668)",1,98.84999999999977,43790
"(0.9208333333333332, 0.9916666666666668)",1,98.84999999999974,43791
"(0.8488372093023255, 1.0)",2,98.84883720930232,43793
"(0.7441860465116279, 1.0)",1,98.84883720930232,43794
"(0.6162790697674418, 1.0)",1,98.84883720930232,43795
"(0.7441860465116279, 1.0)",1,98.84883720930232,43796
"(0.5930232558139535, 1.0)",1,98.84883720930232,43797
"(0.4651162790697674, 1.0)",1,98.84883720930232,43798
"(0.8255813953488372, 1.0)",1,98.84883720930232,43799
"(0.75, 1.0)",1,98.8472222222223,43800
"(0.9305555555555556, 1.0)",1,98.84722222222226,43801
"(0.9027777777777778, 1.0)",1,98.84722222222224,43802
"(0.8055555555555556, 1.0)",1,98.84722222222224,43803
"(0.6944444444444444, 1.0)",4,98.84722222222224,43807
"(0.7083333333333334, 1.0)",2,98.84722222222224,43809
"(0.6111111111111112, 1.0)",1,98.84722222222224,43810
"(0.7638888888888888, 1.0)",3,98.84722222222224,43813
"(0.8611111111111112, 1.0)",3,98.84722222222224,43816
"(0.75, 1.0)",3,98.84722222222224,43819
"(0.8333333333333334, 1.0)",3,98.84722222222224,43822
"(0.7916666666666666, 1.0)",1,98.84722222222224,43823
"(0.7777777777777778, 1.0)",4,98.84722222222224,43827
"(0.625, 1.0)",2,98.84722222222224,43829
"(0.8472222222222222, 1.0)",3,98.84722222222224,43832
"(0.7361111111111112, 1.0)",1,98.84722222222224,43833
"(0.9444444444444444, 1.0)",2,98.84722222222224,43835
"(0.9166666666666666, 1.0)",1,98.84722222222224,43836
"(0.5972222222222222, 1.0)",2,98.84722222222224,43838
"(0.8472222222222222, 1.0)",1,98.8472222222222,43839
"(0.5972222222222222, 1.0)",1,98.8472222222222,43840
"(0.9429824561403508, 0.9912280701754386)",1,98.84649122807016,43841
"(0.8076923076923077, 1.0)",2,98.84615384615384,43843
"(0.782051282051282, 1.0)",1,98.84615384615384,43844
"(0.9791666666666666, 0.9958333333333332)",1,98.84583333333345,43845
"(0.9291666666666668, 0.9958333333333332)",1,98.84583333333345,43846
"(0.9875, 0.9958333333333332)",1,98.84583333333345,43847
"(0.975, 0.9958333333333332)",1,98.8458333333334,43848
"(0.9, 0.9958333333333332)",1,98.8458333333334,43849
"(0.95, 0.9958333333333332)",1,98.8458333333334,43850
"(0.9625, 0.9958333333333332)",1,98.8458333333334,43851
"(0.8791666666666667, 0.9958333333333332)",1,98.8458333333334,43852
"(0.9791666666666666, 0.9958333333333332)",2,98.84583333333336,43854
"(0.8916666666666667, 0.9958333333333332)",3,98.84583333333336,43857
"(0.975, 0.9958333333333332)",2,98.84583333333336,43859
"(0.9541666666666668, 0.9958333333333332)",1,98.84583333333336,43860
"(0.9833333333333332, 0.9958333333333332)",3,98.84583333333336,43863
"(0.9458333333333332, 0.9958333333333332)",1,98.84583333333336,43864
"(0.925, 0.9958333333333332)",1,98.84583333333336,43865
"(0.975, 0.9958333333333332)",3,98.84583333333336,43868
"(0.9625, 0.9958333333333332)",2,98.84583333333336,43870
"(0.9916666666666668, 0.9958333333333332)",2,98.84583333333336,43872
"(0.9083333333333332, 0.9958333333333332)",1,98.84583333333336,43873
"(0.95, 0.9958333333333332)",1,98.84583333333336,43874
"(0.9875, 0.9958333333333332)",1,98.84583333333336,43875
"(0.9375, 0.9916666666666668)",1,98.84583333333312,43876
"(0.9208333333333332, 0.9916666666666668)",1,98.84583333333312,43877
"(0.9291666666666668, 0.9916666666666668)",1,98.84583333333312,43878
"(0.925, 0.9916666666666668)",1,98.84583333333312,43879
"(0.5333333333333333, 0.9992424242424244)",1,98.84431818181822,43880
"(0.9473684210526316, 0.9912280701754386)",1,98.84210526315788,43881
"(0.9625, 0.9958333333333332)",1,98.84166666666678,43882
"(0.975, 0.9958333333333332)",1,98.84166666666678,43883
"(0.9791666666666666, 0.9958333333333332)",1,98.84166666666675,43884
"(0.9791666666666666, 0.9958333333333332)",1,98.84166666666675,43885
"(0.975, 0.9958333333333332)",1,98.84166666666675,43886
"(0.9875, 0.9958333333333332)",3,98.84166666666674,43889
"(0.9375, 0.9958333333333332)",1,98.84166666666674,43890
"(0.925, 0.9958333333333332)",1,98.84166666666674,43891
"(0.8958333333333334, 0.9958333333333332)",1,98.84166666666673,43892
"(0.9291666666666668, 0.9958333333333332)",2,98.84166666666673,43894
"(0.9916666666666668, 0.9958333333333332)",1,98.84166666666673,43895
"(0.9083333333333332, 0.9958333333333332)",1,98.84166666666673,43896
"(0.8625, 0.9958333333333332)",1,98.84166666666673,43897
"(0.9791666666666666, 0.9958333333333332)",1,98.84166666666673,43898
"(0.9291666666666668, 0.9958333333333332)",1,98.8416666666667,43899
"(0.9708333333333332, 0.9958333333333332)",1,98.8416666666667,43900
"(0.9833333333333332, 0.9958333333333332)",2,98.8416666666667,43902
"(0.8375, 0.9958333333333332)",1,98.8416666666667,43903
"(0.825, 0.9958333333333332)",1,98.8416666666667,43904
"(0.9458333333333332, 0.9958333333333332)",1,98.8416666666667,43905
"(0.9375, 0.9958333333333332)",1,98.8416666666667,43906
"(0.8791666666666667, 0.9958333333333332)",1,98.8416666666667,43907
"(0.9791666666666666, 0.9958333333333332)",1,98.8416666666667,43908
"(0.975, 0.9958333333333332)",1,98.84166666666664,43909
"(0.5189393939393939, 0.9992424242424244)",1,98.8382575757576,43910
"(0.925438596491228, 0.9912280701754386)",1,98.8377192982456,43911
"(0.9, 0.9958333333333332)",1,98.83750000000008,43912
"(0.9875, 0.9958333333333332)",1,98.83750000000008,43913
"(0.9708333333333332, 0.9958333333333332)",1,98.83750000000008,43914
"(0.975, 0.9958333333333332)",1,98.83750000000008,43915
"(0.925, 0.9958333333333332)",1,98.83750000000008,43916
"(0.9, 0.9958333333333332)",2,98.83750000000008,43918
"(0.9375, 0.9958333333333332)",1,98.83750000000006,43919
"(0.8375, 0.9958333333333332)",1,98.83750000000003,43920
"(0.9875, 0.9958333333333332)",1,98.83750000000003,43921
"(0.975, 0.9958333333333332)",1,98.83750000000003,43922
"(0.825, 0.9958333333333332)",1,98.83750000000003,43923
"(0.9875, 0.9958333333333332)",1,98.83750000000003,43924
"(0.975, 0.9958333333333332)",1,98.83750000000003,43925
"(0.875, 0.9958333333333332)",1,98.83750000000003,43926
"(0.9833333333333332, 0.9958333333333332)",1,98.83750000000003,43927
"(1.0, 0.9958333333333332)",1,98.83750000000002,43928
"(0.9833333333333332, 0.9958333333333332)",3,98.83750000000002,43931
"(0.5443181818181818, 0.9992424242424244)",2,98.83750000000002,43933
"(0.9916666666666668, 0.9958333333333332)",1,98.83750000000002,43934
"(0.95, 0.9916666666666668)",1,98.83750000000002,43935
"(0.9833333333333332, 1.0)",1,98.8375,43936
"(0.9791666666666666, 0.9958333333333332)",2,98.8374999999999,43938
"(0.925, 0.9875)",1,98.83749999999982,43939
"(0.9208333333333332, 0.9916666666666668)",1,98.83749999999978,43940
"(0.9302325581395348, 0.9883720930232558)",1,98.83720930232576,43941
"(0.7906976744186046, 1.0)",1,98.83720930232558,43942
"(0.6162790697674418, 1.0)",1,98.83720930232558,43943
"(0.8255813953488372, 1.0)",2,98.83720930232558,43945
"(0.4883720930232558, 1.0)",1,98.83720930232558,43946
"(0.6583333333333333, 1.0)",1,98.83712121212122,43947
"(0.9375, 0.9958333333333332)",1,98.83333333333344,43948
"(0.975, 0.9958333333333332)",1,98.8333333333334,43949
"(0.85, 0.9958333333333332)",1,98.8333333333334,43950
"(0.975, 0.9958333333333332)",1,98.8333333333334,43951
"(0.9875, 0.9958333333333332)",1,98.8333333333334,43952
"(0.9166666666666666, 0.9958333333333332)",1,98.8333333333334,43953
"(0.9791666666666666, 0.9958333333333332)",1,98.8333333333334,43954
"(0.9333333333333332, 0.9833333333333332)",1,98.8333333333334,43955
"(0.9041666666666668, 0.9958333333333332)",1,98.8333333333334,43956
"(0.8194444444444444, 0.9861111111111112)",1,98.8333333333334,43957
"(0.9666666666666668, 0.9958333333333332)",1,98.8333333333334,43958
"(0.9958333333333332, 0.9958333333333332)",1,98.8333333333334,43959
"(0.9, 1.0)",1,98.83333333333336,43960
"(0.7166666666666667, 0.9833333333333332)",1,98.83333333333336,43961
"(0.9916666666666668, 0.9958333333333332)",3,98.83333333333336,43964
"(0.9875, 0.9958333333333332)",3,98.83333333333336,43967
"(0.8333333333333334, 1.0)",1,98.83333333333336,43968
"(0.75, 1.0)",1,98.83333333333336,43969
"(0.7166666666666667, 1.0)",1,98.83333333333336,43970
"(0.975, 0.9958333333333332)",1,98.83333333333336,43971
"(0.8, 1.0)",1,98.83333333333336,43972
"(0.9166666666666666, 0.9833333333333332)",1,98.83333333333336,43973
"(0.9708333333333332, 0.9958333333333332)",3,98.83333333333336,43976
"(0.8166666666666667, 1.0)",1,98.83333333333336,43977
"(0.9666666666666668, 0.9958333333333332)",1,98.83333333333336,43978
"(0.8666666666666667, 1.0)",1,98.83333333333336,43979
"(0.9125, 0.9958333333333332)",1,98.83333333333336,43980
"(0.8666666666666667, 0.9958333333333332)",1,98.83333333333336,43981
"(0.975, 0.9958333333333332)",1,98.83333333333336,43982
"(0.95, 0.9958333333333332)",1,98.83333333333336,43983
"(0.8166666666666667, 0.9833333333333332)",1,98.83333333333336,43984
"(0.9166666666666666, 1.0)",1,98.83333333333336,43985
"(0.9791666666666666, 0.9958333333333332)",2,98.83333333333336,43987
"(0.7916666666666666, 1.0)",2,98.83333333333334,43989
"(0.8611111111111112, 1.0)",1,98.83333333333334,43990
"(0.8194444444444444, 0.9861111111111112)",1,98.83333333333334,43991
"(0.8666666666666667, 1.0)",2,98.83333333333334,43993
"(0.85, 1.0)",1,98.83333333333334,43994
"(0.8194444444444444, 1.0)",1,98.83333333333334,43995
"(0.9583333333333334, 1.0)",2,98.83333333333334,43997
"(0.9, 1.0)",3,98.83333333333334,44000
"(0.7166666666666667, 1.0)",2,98.83333333333334,44002
"(0.8166666666666667, 1.0)",1,98.83333333333334,44003
"(0.7083333333333334, 1.0)",4,98.83333333333334,44007
"(0.9333333333333332, 1.0)",5,98.83333333333334,44012
"(0.7222222222222222, 1.0)",1,98.83333333333334,44013
"(1.0, 1.0)",1,98.83333333333334,44014
"(0.8, 1.0)",3,98.83333333333334,44017
"(0.9444444444444444, 1.0)",1,98.83333333333334,44018
"(0.7333333333333333, 1.0)",1,98.83333333333334,44019
"(0.6111111111111112, 1.0)",3,98.83333333333334,44022
"(0.7666666666666667, 1.0)",3,98.83333333333334,44025
"(0.95, 1.0)",4,98.83333333333334,44029
"(0.8833333333333333, 1.0)",1,98.83333333333334,44030
"(0.8472222222222222, 0.9861111111111112)",2,98.83333333333334,44032
"(0.9166666666666666, 1.0)",3,98.83333333333334,44035
"(0.8888888888888888, 1.0)",1,98.83333333333334,44036
"(0.8333333333333334, 1.0)",3,98.83333333333334,44039
"(0.75, 1.0)",1,98.83333333333334,44040
"(0.9166666666666666, 0.9861111111111112)",1,98.83333333333334,44041
"(0.8472222222222222, 1.0)",1,98.83333333333334,44042
"(0.625, 1.0)",1,98.83333333333334,44043
"(1.0, 1.0)",5,98.83333333333331,44048
"(0.9625, 0.9958333333333332)",1,98.83333333333331,44049
"(0.8333333333333334, 1.0)",6,98.83333333333331,44055
"(0.8666666666666667, 1.0)",1,98.83333333333331,44056
"(0.8055555555555556, 1.0)",1,98.83333333333331,44057
"(0.7, 1.0)",1,98.83333333333331,44058
"(0.9027777777777778, 1.0)",1,98.83333333333331,44059
"(0.6111111111111112, 1.0)",1,98.83333333333331,44060
"(0.9666666666666668, 1.0)",1,98.83333333333331,44061
"(0.7777777777777778, 1.0)",2,98.83333333333331,44063
"(0.625, 1.0)",4,98.83333333333331,44067
"(0.9166666666666666, 1.0)",2,98.83333333333331,44069
"(0.8611111111111112, 1.0)",2,98.83333333333331,44071
"(0.8833333333333333, 1.0)",7,98.83333333333331,44078
"(0.9833333333333332, 1.0)",7,98.83333333333331,44085
"(0.8728070175438597, 0.9912280701754386)",1,98.83333333333331,44086
"(0.875, 1.0)",2,98.83333333333331,44088
"(0.7638888888888888, 1.0)",2,98.83333333333331,44090
"(0.7666666666666667, 1.0)",1,98.83333333333331,44091
"(0.9333333333333332, 1.0)",3,98.83333333333331,44094
"(0.7361111111111112, 1.0)",1,98.83333333333331,44095
"(0.9666666666666668, 0.9958333333333332)",1,98.83333333333331,44096
"(0.7083333333333334, 1.0)",4,98.83333333333331,44100
"(0.7333333333333333, 1.0)",3,98.83333333333331,44103
"(0.8, 1.0)",2,98.83333333333331,44105
"(0.8194444444444444, 1.0)",1,98.83333333333331,44106
"(0.9, 1.0)",2,98.83333333333331,44108
"(0.9444444444444444, 1.0)",2,98.83333333333331,44110
"(0.85, 1.0)",5,98.83333333333331,44115
"(0.8472222222222222, 1.0)",4,98.83333333333331,44119
"(0.9305555555555556, 1.0)",5,98.83333333333331,44124
"(0.9583333333333334, 1.0)",2,98.83333333333331,44126
"(0.975, 0.9958333333333332)",1,98.8333333333332,44127
"(0.9583333333333334, 0.9875)",1,98.83333333333316,44128
"(0.95, 0.9916666666666668)",1,98.83333333333312,44129
"(0.9291666666666668, 0.9916666666666668)",1,98.83333333333312,44130
"(0.6147727272727272, 0.9992424242424244)",1,98.8314393939394,44131
"(0.3678030303030303, 0.999621212121212)",1,98.83068181818184,44132
"(0.9833333333333332, 0.9958333333333332)",1,98.82916666666678,44133
"(0.9583333333333334, 0.9958333333333332)",1,98.82916666666677,44134
"(0.9375, 0.9958333333333332)",1,98.82916666666674,44135
"(0.95, 0.9958333333333332)",1,98.82916666666672,44136
"(0.9833333333333332, 0.9958333333333332)",1,98.82916666666672,44137
"(0.9208333333333332, 0.9958333333333332)",2,98.8291666666667,44139
"(0.9125, 0.9958333333333332)",1,98.8291666666667,44140
"(0.8375, 0.9958333333333332)",1,98.8291666666667,44141
"(0.9958333333333332, 0.9958333333333332)",1,98.8291666666667,44142
"(0.9875, 0.9958333333333332)",2,98.8291666666667,44144
"(0.95, 0.9958333333333332)",1,98.8291666666667,44145
"(0.9833333333333332, 0.9958333333333332)",1,98.8291666666667,44146
"(0.9916666666666668, 0.9958333333333332)",2,98.8291666666667,44148
"(0.9708333333333332, 0.9958333333333332)",1,98.8291666666667,44149
"(0.9041666666666668, 0.9958333333333332)",1,98.8291666666667,44150
"(0.9833333333333332, 0.9958333333333332)",1,98.82916666666657,44151
"(0.85, 0.9916666666666668)",1,98.82916666666644,44152
"(0.9583333333333334, 0.9916666666666668)",1,98.8291666666664,44153
"(0.8666666666666667, 0.9916666666666668)",1,98.8291666666664,44154
"(0.5890151515151515, 0.9988636363636364)",3,98.82803030303032,44157
"(0.9186046511627908, 1.0)",1,98.82558139534883,44158
"(0.3372093023255814, 1.0)",3,98.82558139534883,44161
"(0.6162790697674418, 1.0)",1,98.82558139534883,44162
"(0.7441860465116279, 1.0)",1,98.82558139534883,44163
"(0.627906976744186, 1.0)",2,98.82558139534883,44165
"(0.9375, 0.9958333333333332)",1,98.82500000000007,44166
"(0.9041666666666668, 0.9958333333333332)",1,98.82500000000007,44167
"(0.875, 0.9958333333333332)",2,98.82500000000007,44169
"(0.9791666666666666, 0.9958333333333332)",1,98.82500000000007,44170
"(0.95, 0.9958333333333332)",1,98.82500000000006,44171
"(0.9916666666666668, 0.9958333333333332)",1,98.82500000000005,44172
"(0.9875, 0.9958333333333332)",1,98.82500000000005,44173
"(0.8916666666666667, 0.9958333333333332)",1,98.82500000000005,44174
"(0.9875, 0.9958333333333332)",2,98.82500000000005,44176
"(0.9708333333333332, 0.9958333333333332)",1,98.82500000000005,44177
"(0.8666666666666667, 0.9958333333333332)",1,98.82500000000005,44178
"(0.8625, 0.9958333333333332)",1,98.82500000000005,44179
"(0.9833333333333332, 0.9958333333333332)",1,98.82500000000005,44180
"(0.9833333333333332, 1.0)",1,98.825,44181
"(0.975, 1.0)",1,98.825,44182
"(0.9791666666666666, 0.9958333333333332)",1,98.825,44183
"(0.9, 0.9916666666666668)",1,98.8249999999998,44184
"(0.9208333333333332, 0.9916666666666668)",2,98.82499999999978,44186
"(0.5625, 1.0)",1,98.82424242424244,44187
"(0.5375, 1.0)",1,98.82386363636364,44188
"(0.925, 0.9958333333333332)",1,98.82083333333344,44189
"(0.9291666666666668, 0.9958333333333332)",1,98.82083333333344,44190
"(0.9708333333333332, 0.9958333333333332)",1,98.8208333333334,44191
"(0.9625, 0.9958333333333332)",1,98.8208333333334,44192
"(0.975, 0.9958333333333332)",1,98.8208333333334,44193
"(0.9791666666666666, 0.9958333333333332)",1,98.8208333333334,44194
"(0.975, 0.9958333333333332)",2,98.8208333333334,44196
"(0.9833333333333332, 0.9958333333333332)",1,98.82083333333338,44197
"(0.95, 0.9958333333333332)",1,98.82083333333338,44198
"(0.975, 0.9958333333333332)",2,98.82083333333335,44200
"(0.9875, 0.9958333333333332)",1,98.82083333333335,44201
"(0.975, 0.9958333333333332)",1,98.82083333333335,44202
"(0.9708333333333332, 0.9958333333333332)",1,98.82083333333335,44203
"(0.8958333333333334, 0.9958333333333332)",1,98.82083333333335,44204
"(0.9625, 0.9958333333333332)",1,98.82083333333335,44205
"(0.8625, 0.9958333333333332)",1,98.82083333333335,44206
"(0.8625, 0.9958333333333332)",1,98.82083333333335,44207
"(0.9625, 0.9958333333333332)",1,98.82083333333335,44208
"(0.9083333333333332, 0.9958333333333332)",1,98.82083333333335,44209
"(0.9791666666666666, 0.9958333333333332)",1,98.82083333333335,44210
"(0.9208333333333332, 0.9958333333333332)",2,98.82083333333334,44212
"(0.925, 0.9916666666666668)",1,98.82083333333313,44213
"(0.9416666666666668, 0.9916666666666668)",1,98.82083333333313,44214
"(0.8375, 0.9916666666666668)",1,98.82083333333313,44215
"(0.9291666666666668, 0.9916666666666668)",1,98.82083333333313,44216
"(0.9416666666666668, 0.9916666666666668)",1,98.82083333333313,44217
"(0.9208333333333332, 0.9916666666666668)",1,98.82083333333313,44218
"(0.7692307692307693, 1.0)",1,98.82051282051282,44219
"(0.7307692307692307, 1.0)",1,98.82051282051282,44220
"(0.9035087719298246, 0.9912280701754386)",4,98.82017543859648,44224
"(0.7777777777777778, 1.0)",1,98.81944444444446,44225
"(0.7638888888888888, 1.0)",1,98.81944444444444,44226
"(0.7361111111111112, 1.0)",2,98.81944444444444,44228
"(0.8194444444444444, 1.0)",2,98.81944444444444,44230
"(0.8888888888888888, 1.0)",3,98.81944444444444,44233
"(0.6944444444444444, 1.0)",1,98.81944444444444,44234
"(0.875, 1.0)",1,98.81944444444444,44235
"(0.5972222222222222, 1.0)",1,98.81944444444444,44236
"(0.8194444444444444, 1.0)",1,98.81944444444444,44237
"(0.8611111111111112, 1.0)",3,98.81944444444444,44240
"(0.9444444444444444, 1.0)",2,98.81944444444444,44242
"(0.9166666666666666, 1.0)",1,98.81944444444444,44243
"(0.9305555555555556, 0.9861111111111112)",1,98.81944444444444,44244
"(0.9305555555555556, 1.0)",5,98.81944444444444,44249
"(0.7083333333333334, 1.0)",1,98.81944444444444,44250
"(0.8333333333333334, 1.0)",2,98.81944444444444,44252
"(0.75, 1.0)",3,98.81944444444444,44255
"(0.5484848484848485, 0.9988636363636364)",1,98.81818181818186,44256
"(0.9791666666666666, 0.9958333333333332)",1,98.81666666666678,44257
"(0.95, 0.9958333333333332)",1,98.81666666666676,44258
"(0.8625, 0.9958333333333332)",1,98.81666666666676,44259
"(0.9833333333333332, 0.9958333333333332)",2,98.81666666666676,44261
"(0.8541666666666666, 0.9958333333333332)",1,98.81666666666672,44262
"(0.9458333333333332, 0.9958333333333332)",1,98.81666666666672,44263
"(0.95, 0.9958333333333332)",1,98.81666666666672,44264
"(0.9333333333333332, 0.9833333333333332)",1,98.81666666666672,44265
"(0.8333333333333334, 0.9833333333333332)",1,98.8166666666667,44266
"(0.7666666666666667, 1.0)",1,98.8166666666667,44267
"(0.9166666666666666, 1.0)",1,98.8166666666667,44268
"(0.925, 0.9958333333333332)",1,98.8166666666667,44269
"(0.9666666666666668, 0.9833333333333332)",1,98.8166666666667,44270
"(0.8333333333333334, 1.0)",2,98.8166666666667,44272
"(0.9333333333333332, 1.0)",1,98.81666666666668,44273
"(0.9166666666666666, 1.0)",3,98.81666666666668,44276
"(0.9166666666666666, 0.9833333333333332)",1,98.81666666666668,44277
"(0.9333333333333332, 1.0)",4,98.81666666666668,44281
"(0.9791666666666666, 0.9958333333333332)",1,98.81666666666668,44282
"(1.0, 1.0)",1,98.81666666666668,44283
"(0.8333333333333334, 1.0)",3,98.81666666666668,44286
"(0.8666666666666667, 1.0)",1,98.81666666666668,44287
"(0.8833333333333333, 1.0)",2,98.81666666666668,44289
"(0.9708333333333332, 0.9958333333333332)",1,98.81666666666668,44290
"(0.7333333333333333, 1.0)",1,98.81666666666668,44291
"(0.8666666666666667, 1.0)",1,98.81666666666668,44292
"(0.9875, 0.9958333333333332)",3,98.81666666666668,44295
"(0.9625, 0.9958333333333332)",1,98.81666666666668,44296
"(0.9, 1.0)",1,98.81666666666668,44297
"(0.9166666666666666, 1.0)",1,98.81666666666668,44298
"(0.9833333333333332, 1.0)",1,98.81666666666668,44299
"(0.9208333333333332, 0.9958333333333332)",1,98.81666666666668,44300
"(0.8833333333333333, 1.0)",2,98.81666666666668,44302
"(0.8333333333333334, 1.0)",4,98.81666666666668,44306
"(0.9, 0.9833333333333332)",2,98.81666666666668,44308
"(0.7666666666666667, 1.0)",1,98.81666666666668,44309
"(0.9833333333333332, 1.0)",1,98.81666666666668,44310
"(0.9041666666666668, 0.9958333333333332)",1,98.81666666666668,44311
"(0.8666666666666667, 1.0)",2,98.81666666666666,44313
"(1.0, 1.0)",3,98.81666666666666,44316
"(0.8833333333333333, 1.0)",3,98.81666666666666,44319
"(0.7166666666666667, 1.0)",1,98.81666666666666,44320
"(0.8, 1.0)",5,98.81666666666666,44325
"(0.8166666666666667, 1.0)",4,98.81666666666666,44329
"(0.9833333333333332, 1.0)",6,98.81666666666666,44335
"(0.6833333333333333, 1.0)",1,98.81666666666666,44336
"(0.9333333333333332, 1.0)",2,98.81666666666666,44338
"(0.9666666666666668, 1.0)",5,98.81666666666666,44343
"(0.9, 1.0)",3,98.81666666666666,44346
"(0.8333333333333334, 1.0)",2,98.81666666666666,44348
"(0.9166666666666666, 1.0)",2,98.81666666666666,44350
"(0.7, 1.0)",2,98.81666666666666,44352
"(0.85, 1.0)",2,98.81666666666666,44354
"(0.9916666666666668, 0.9958333333333332)",1,98.8166666666666,44355
"(0.975, 0.9958333333333332)",1,98.81666666666658,44356
"(0.9375, 0.9916666666666668)",1,98.81666666666656,44357
"(0.8916666666666667, 0.9916666666666668)",1,98.81666666666644,44358
"(0.8958333333333334, 0.9916666666666668)",1,98.81666666666644,44359
"(0.9291666666666668, 0.9916666666666668)",1,98.81666666666644,44360
"(0.9125, 0.9916666666666668)",1,98.81666666666644,44361
"(0.9125, 0.9916666666666668)",1,98.8166666666664,44362
"(0.9429824561403508, 0.9912280701754386)",1,98.8157894736842,44363
"(0.6162790697674418, 1.0)",2,98.81395348837208,44365
"(0.4883720930232558, 1.0)",1,98.81395348837208,44366
"(0.8372093023255814, 1.0)",3,98.81395348837208,44369
"(0.3372093023255814, 1.0)",3,98.81395348837208,44372
"(0.9791666666666666, 0.9958333333333332)",1,98.81250000000011,44373
"(0.8916666666666667, 0.9958333333333332)",1,98.8125000000001,44374
"(0.9916666666666668, 0.9958333333333332)",1,98.8125000000001,44375
"(0.9125, 0.9958333333333332)",1,98.81250000000009,44376
"(0.9375, 0.9958333333333332)",1,98.81250000000009,44377
"(0.9833333333333332, 0.9958333333333332)",1,98.81250000000009,44378
"(0.9791666666666666, 0.9958333333333332)",1,98.81250000000009,44379
"(0.9208333333333332, 0.9958333333333332)",1,98.81250000000009,44380
"(0.975, 0.9958333333333332)",1,98.81250000000009,44381
"(0.8625, 0.9958333333333332)",2,98.81250000000006,44383
"(0.9125, 0.9958333333333332)",1,98.81250000000006,44384
"(0.9083333333333332, 0.9958333333333332)",1,98.81250000000004,44385
"(0.8625, 0.9958333333333332)",1,98.81250000000004,44386
"(0.975, 0.9958333333333332)",1,98.81250000000004,44387
"(0.9916666666666668, 0.9958333333333332)",1,98.81250000000004,44388
"(0.9833333333333332, 0.9958333333333332)",1,98.81250000000004,44389
"(0.9791666666666666, 0.9958333333333332)",1,98.81250000000004,44390
"(0.975, 0.9958333333333332)",1,98.8125,44391
"(0.9666666666666668, 1.0)",1,98.8125,44392
"(0.9791666666666666, 0.9916666666666668)",1,98.81249999999994,44393
"(0.9458333333333332, 0.9875)",1,98.81249999999984,44394
"(0.95, 0.9916666666666668)",2,98.8124999999998,44396
"(0.9125, 0.9916666666666668)",1,98.8124999999998,44397
"(0.9, 0.9916666666666668)",1,98.8124999999998,44398
"(0.9208333333333332, 0.9916666666666668)",1,98.8124999999998,44399
"(0.9333333333333332, 0.9916666666666668)",1,98.81249999999976,44400
"(0.9875, 0.9958333333333332)",1,98.81249999999976,44401
"(0.925, 0.9916666666666668)",1,98.81249999999974,44402
"(0.9416666666666668, 0.9916666666666668)",1,98.81249999999972,44403
"(0.9035087719298246, 0.9912280701754386)",2,98.81140350877192,44405
"(0.9429824561403508, 0.9912280701754386)",1,98.81140350877192,44406
"(0.5431818181818182, 0.9992424242424244)",3,98.80871212121214,44409
"(0.9791666666666666, 0.9958333333333332)",1,98.80833333333342,44410
"(0.8708333333333333, 0.9958333333333332)",1,98.80833333333342,44411
"(0.8791666666666667, 0.9958333333333332)",1,98.80833333333342,44412
"(0.8916666666666667, 0.9958333333333332)",1,98.80833333333342,44413
"(0.95, 0.9958333333333332)",1,98.8083333333334,44414
"(0.85, 0.9958333333333332)",2,98.8083333333334,44416
"(0.8625, 0.9958333333333332)",1,98.8083333333334,44417
"(1.0, 0.9958333333333332)",1,98.80833333333338,44418
"(0.9375, 0.9958333333333332)",1,98.80833333333338,44419
"(0.9625, 0.9958333333333332)",1,98.80833333333337,44420
"(0.9791666666666666, 0.9958333333333332)",1,98.80833333333337,44421
"(0.9833333333333332, 0.9958333333333332)",1,98.80833333333337,44422
"(0.9875, 0.9958333333333332)",2,98.80833333333337,44424
"(0.875, 0.9958333333333332)",1,98.80833333333337,44425
"(0.9041666666666668, 0.9958333333333332)",1,98.80833333333337,44426
"(0.925, 0.9958333333333332)",1,98.80833333333337,44427
"(1.0, 1.0)",1,98.80833333333334,44428
"(0.9666666666666668, 0.9958333333333332)",2,98.80833333333328,44430
"(0.9166666666666666, 0.9958333333333332)",1,98.80833333333328,44431
"(0.9875, 0.9708333333333332)",1,98.80833333333322,44432
"(0.8375, 0.9916666666666668)",1,98.80833333333308,44433
"(0.9375, 0.9916666666666668)",1,98.80833333333304,44434
"(0.6410256410256411, 1.0)",1,98.8076923076923,44435
"(0.8859649122807017, 0.9912280701754386)",1,98.80701754385964,44436
"(0.9385964912280702, 0.9912280701754386)",3,98.80701754385964,44439
"(0.8055555555555556, 1.0)",2,98.80555555555556,44441
"(0.9305555555555556, 1.0)",6,98.80555555555556,44447
"(0.6527777777777778, 1.0)",1,98.80555555555556,44448
"(0.9027777777777778, 1.0)",1,98.80555555555556,44449
"(0.7083333333333334, 1.0)",3,98.80555555555556,44452
"(0.8888888888888888, 1.0)",2,98.80555555555556,44454
"(0.9166666666666666, 1.0)",1,98.80555555555556,44455
"(0.9583333333333334, 1.0)",2,98.80555555555556,44457
"(0.7638888888888888, 1.0)",1,98.80555555555556,44458
"(0.8333333333333334, 1.0)",3,98.80555555555556,44461
"(0.7361111111111112, 1.0)",2,98.80555555555556,44463
"(0.875, 1.0)",1,98.80555555555556,44464
"(0.8472222222222222, 1.0)",4,98.80555555555556,44468
"(0.75, 1.0)",1,98.80555555555556,44469
"(0.6111111111111112, 1.0)",1,98.80555555555556,44470
"(0.7777777777777778, 1.0)",1,98.80555555555556,44471
"(0.8611111111111112, 1.0)",2,98.80555555555556,44473
"(0.8194444444444444, 1.0)",1,98.80555555555554,44474
"(0.9027777777777778, 1.0)",1,98.80555555555554,44475
"(0.6944444444444444, 1.0)",2,98.80555555555554,44477
"(0.9444444444444444, 1.0)",1,98.80555555555554,44478
"(0.8333333333333334, 1.0)",1,98.80555555555554,44479
"(0.9375, 0.9958333333333332)",1,98.80416666666676,44480
"(0.9291666666666668, 0.9958333333333332)",1,98.80416666666676,44481
"(0.9375, 0.9958333333333332)",1,98.80416666666676,44482
"(0.9291666666666668, 0.9958333333333332)",1,98.80416666666672,44483
"(0.95, 0.9958333333333332)",1,98.80416666666672,44484
"(0.9791666666666666, 0.9958333333333332)",1,98.80416666666672,44485
"(0.9708333333333332, 0.9958333333333332)",1,98.80416666666672,44486
"(0.975, 0.9958333333333332)",1,98.80416666666672,44487
"(0.9375, 0.9958333333333332)",2,98.80416666666672,44489
"(0.9625, 0.9958333333333332)",1,98.8041666666667,44490
"(0.9791666666666666, 0.9958333333333332)",2,98.8041666666667,44492
"(0.8375, 0.9958333333333332)",1,98.8041666666667,44493
"(0.9208333333333332, 0.9958333333333332)",1,98.8041666666667,44494
"(0.9541666666666668, 0.9958333333333332)",1,98.8041666666667,44495
"(0.9041666666666668, 0.9958333333333332)",1,98.8041666666667,44496
"(0.95, 0.9958333333333332)",1,98.8041666666667,44497
"(0.8625, 0.9958333333333332)",1,98.80416666666667,44498
"(0.975, 0.9958333333333332)",2,98.80416666666667,44500
"(0.9833333333333332, 0.9958333333333332)",1,98.80416666666667,44501
"(0.9166666666666666, 0.9958333333333332)",1,98.80416666666667,44502
"(0.9125, 0.9958333333333332)",1,98.80416666666667,44503
"(0.9791666666666666, 0.9958333333333332)",1,98.80416666666667,44504
"(0.875, 0.9958333333333332)",1,98.80416666666667,44505
"(0.9208333333333332, 0.9958333333333332)",1,98.80416666666667,44506
"(0.975, 0.9958333333333332)",2,98.80416666666656,44508
"(0.9375, 0.9958333333333332)",1,98.80416666666652,44509
"(0.8541666666666666, 0.9916666666666668)",2,98.80416666666645,44511
"(0.9534883720930232, 0.9883720930232558)",1,98.80232558139552,44512
"(0.5930232558139535, 1.0)",1,98.80232558139537,44513
"(0.4651162790697674, 1.0)",2,98.80232558139537,44515
"(0.7441860465116279, 1.0)",1,98.80232558139537,44516
"(0.4534883720930232, 1.0)",1,98.80232558139537,44517
"(0.925, 0.9958333333333332)",1,98.80000000000008,44518
"(0.925, 0.9958333333333332)",1,98.80000000000008,44519
"(0.9791666666666666, 0.9958333333333332)",1,98.80000000000008,44520
"(0.8541666666666666, 0.9958333333333332)",1,98.80000000000008,44521
"(0.9916666666666668, 0.9958333333333332)",2,98.80000000000008,44523
"(0.9041666666666668, 0.9958333333333332)",1,98.80000000000004,44524
"(0.7666666666666667, 1.0)",1,98.80000000000004,44525
"(0.8666666666666667, 1.0)",2,98.80000000000004,44527
"(0.8333333333333334, 0.9833333333333332)",1,98.80000000000004,44528
"(0.9458333333333332, 0.9958333333333332)",1,98.80000000000004,44529
"(0.9791666666666666, 0.9958333333333332)",1,98.80000000000004,44530
"(0.975, 0.9958333333333332)",1,98.80000000000004,44531
"(0.9, 1.0)",2,98.80000000000004,44533
"(1.0, 0.9666666666666668)",1,98.80000000000004,44534
"(0.8833333333333333, 1.0)",1,98.80000000000004,44535
"(0.975, 0.9958333333333332)",2,98.80000000000004,44537
"(0.95, 0.9958333333333332)",1,98.80000000000004,44538
"(0.9, 1.0)",1,98.80000000000004,44539
"(0.9916666666666668, 0.9958333333333332)",1,98.80000000000004,44540
"(0.9333333333333332, 1.0)",1,98.80000000000004,44541
"(0.9, 1.0)",1,98.8,44542
"(0.8833333333333333, 1.0)",9,98.8,44551
"(0.7333333333333333, 1.0)",1,98.8,44552
"(0.85, 1.0)",1,98.8,44553
"(0.5833333333333334, 1.0)",1,98.8,44554
"(0.8333333333333334, 1.0)",1,98.8,44555
"(0.9833333333333332, 1.0)",1,98.8,44556
"(0.9666666666666668, 1.0)",4,98.8,44560
"(0.7166666666666667, 1.0)",1,98.8,44561
"(0.95, 1.0)",8,98.8,44569
"(0.8666666666666667, 1.0)",5,98.8,44574
"(0.9, 1.0)",3,98.8,44577
"(0.7166666666666667, 1.0)",2,98.8,44579
"(0.95, 1.0)",1,98.8,44580
"(0.8333333333333334, 1.0)",2,98.8,44582
"(0.9333333333333332, 1.0)",1,98.8,44583
"(0.9666666666666668, 1.0)",1,98.8,44584
"(0.9916666666666668, 0.9916666666666668)",1,98.8,44585
"(1.0, 1.0)",6,98.8,44591
"(0.85, 1.0)",4,98.8,44595
"(0.9166666666666666, 1.0)",2,98.8,44597
"(0.9333333333333332, 1.0)",4,98.8,44601
"(0.9166666666666666, 1.0)",1,98.8,44602
"(1.0, 1.0)",1,98.8,44603
"(0.8833333333333333, 1.0)",1,98.8,44604
"(0.8166666666666667, 1.0)",3,98.8,44607
"(0.9833333333333332, 1.0)",2,98.8,44609
"(0.8, 1.0)",1,98.8,44610
"(0.8666666666666667, 1.0)",3,98.8,44613
"(0.9291666666666668, 0.9958333333333332)",1,98.79999999999986,44614
"(0.9, 0.9916666666666668)",1,98.79999999999978,44615
"(0.9035087719298246, 0.9912280701754386)",3,98.79824561403508,44618
"(0.8625, 0.9958333333333332)",1,98.79583333333343,44619
"(0.975, 0.9958333333333332)",1,98.79583333333342,44620
"(0.9375, 0.9958333333333332)",1,98.79583333333342,44621
"(0.9875, 0.9958333333333332)",2,98.79583333333342,44623
"(0.9, 0.9958333333333332)",1,98.7958333333334,44624
"(0.975, 0.9958333333333332)",1,98.7958333333334,44625
"(0.9458333333333332, 0.9958333333333332)",1,98.7958333333334,44626
"(0.9125, 0.9958333333333332)",1,98.7958333333334,44627
"(0.8625, 0.9958333333333332)",1,98.7958333333334,44628
"(0.925, 0.9958333333333332)",1,98.79583333333338,44629
"(0.9375, 0.9958333333333332)",1,98.79583333333338,44630
"(0.9291666666666668, 0.9958333333333332)",1,98.79583333333336,44631
"(0.95, 0.9958333333333332)",2,98.79583333333336,44633
"(0.825, 0.9958333333333332)",1,98.79583333333336,44634
"(0.9833333333333332, 0.9958333333333332)",1,98.79583333333336,44635
"(0.9375, 0.9958333333333332)",2,98.79583333333336,44637
"(0.9625, 0.9958333333333332)",1,98.79583333333336,44638
"(0.9791666666666666, 0.9958333333333332)",1,98.79583333333336,44639
"(0.9708333333333332, 0.9958333333333332)",2,98.79583333333336,44641
"(0.9791666666666666, 1.0)",1,98.79583333333336,44642
"(0.9875, 0.9958333333333332)",1,98.79583333333336,44643
"(0.9166666666666666, 0.9958333333333332)",1,98.79583333333336,44644
"(0.9375, 0.9958333333333332)",1,98.79583333333332,44645
"(0.9458333333333332, 0.9958333333333332)",1,98.7958333333332,44646
"(0.9, 0.9916666666666668)",1,98.79583333333312,44647
"(0.8958333333333334, 0.9916666666666668)",1,98.7958333333331,44648
"(0.95, 0.9916666666666668)",1,98.7958333333331,44649
"(0.7307692307692307, 1.0)",1,98.7948717948718,44650
"(0.8859649122807017, 0.9912280701754386)",1,98.7938596491228,44651
"(0.9429824561403508, 0.9912280701754386)",1,98.7938596491228,44652
"(0.8007575757575758, 0.9988636363636364)",1,98.79356060606062,44653
"(0.9625, 0.9958333333333332)",1,98.79166666666676,44654
"(0.9, 0.9958333333333332)",2,98.79166666666676,44656
"(0.8375, 0.9958333333333332)",1,98.79166666666671,44657
"(0.9375, 0.9958333333333332)",1,98.79166666666671,44658
"(0.8375, 0.9958333333333332)",1,98.79166666666671,44659
"(0.925, 0.9958333333333332)",1,98.79166666666671,44660
"(0.925, 0.9958333333333332)",1,98.79166666666671,44661
"(0.9541666666666668, 0.9958333333333332)",1,98.7916666666667,44662
"(0.9833333333333332, 0.9958333333333332)",1,98.7916666666667,44663
"(0.9875, 0.9958333333333332)",1,98.7916666666667,44664
"(0.9666666666666668, 0.9958333333333332)",1,98.7916666666667,44665
"(0.9041666666666668, 0.9958333333333332)",1,98.7916666666667,44666
"(0.975, 0.9958333333333332)",2,98.7916666666667,44668
"(0.9791666666666666, 0.9958333333333332)",2,98.7916666666667,44670
"(0.7083333333333334, 1.0)",1,98.79166666666669,44671
"(0.8611111111111112, 1.0)",3,98.79166666666669,44674
"(0.9027777777777778, 1.0)",1,98.79166666666669,44675
"(0.9305555555555556, 1.0)",3,98.79166666666669,44678
"(0.9722222222222222, 1.0)",1,98.79166666666669,44679
"(0.9666666666666668, 0.9958333333333332)",1,98.79166666666669,44680
"(0.9916666666666668, 0.9958333333333332)",2,98.79166666666669,44682
"(0.9583333333333334, 0.9958333333333332)",1,98.79166666666669,44683
"(0.8194444444444444, 1.0)",1,98.79166666666669,44684
"(0.9791666666666666, 0.9958333333333332)",1,98.79166666666669,44685
"(0.9833333333333332, 0.9958333333333332)",1,98.79166666666669,44686
"(0.9208333333333332, 0.9958333333333332)",1,98.79166666666669,44687
"(0.7083333333333334, 1.0)",1,98.79166666666666,44688
"(0.875, 1.0)",1,98.79166666666666,44689
"(0.9166666666666666, 1.0)",1,98.79166666666666,44690
"(0.9305555555555556, 1.0)",3,98.79166666666666,44693
"(0.8055555555555556, 1.0)",2,98.79166666666666,44695
"(0.5972222222222222, 1.0)",1,98.79166666666666,44696
"(0.9583333333333334, 1.0)",1,98.79166666666666,44697
"(0.625, 1.0)",2,98.79166666666666,44699
"(0.6805555555555556, 1.0)",1,98.79166666666666,44700
"(0.8888888888888888, 1.0)",2,98.79166666666666,44702
"(0.8194444444444444, 1.0)",3,98.79166666666666,44705
"(0.8611111111111112, 1.0)",2,98.79166666666666,44707
"(0.8333333333333334, 1.0)",3,98.79166666666666,44710
"(0.75, 1.0)",3,98.79166666666666,44713
"(0.7638888888888888, 1.0)",1,98.79166666666666,44714
"(0.9444444444444444, 1.0)",8,98.79166666666666,44722
"(0.8472222222222222, 1.0)",1,98.79166666666666,44723
"(0.9875, 0.9958333333333332)",1,98.79166666666664,44724
"(0.9333333333333332, 0.9916666666666668)",1,98.79166666666646,44725
"(0.9416666666666668, 0.9916666666666668)",1,98.79166666666646,44726
"(0.9291666666666668, 0.9916666666666668)",1,98.79166666666646,44727
"(0.95, 0.9916666666666668)",2,98.7916666666664,44729
"(0.9186046511627908, 0.9883720930232558)",1,98.79069767441877,44730
"(0.6162790697674418, 1.0)",3,98.7906976744186,44733
"(0.3372093023255814, 1.0)",1,98.7906976744186,44734
"(0.4651162790697674, 1.0)",1,98.7906976744186,44735
"(0.9666666666666668, 0.9958333333333332)",1,98.78750000000008,44736
"(0.8958333333333334, 0.9958333333333332)",1,98.78750000000008,44737
"(0.8916666666666667, 0.9958333333333332)",1,98.78750000000008,44738
"(0.9916666666666668, 0.9958333333333332)",1,98.78750000000008,44739
"(0.95, 0.9958333333333332)",1,98.78750000000008,44740
"(0.9833333333333332, 0.9958333333333332)",2,98.78750000000008,44742
"(0.9833333333333332, 0.9958333333333332)",1,98.78750000000004,44743
"(0.9208333333333332, 0.9958333333333332)",1,98.78750000000004,44744
"(0.9625, 0.9958333333333332)",1,98.78750000000004,44745
"(0.8625, 0.9958333333333332)",1,98.78750000000004,44746
"(0.975, 0.9958333333333332)",1,98.78750000000004,44747
"(0.9791666666666666, 0.9958333333333332)",1,98.78750000000004,44748
"(0.8791666666666667, 0.9958333333333332)",1,98.78750000000004,44749
"(0.95, 0.9958333333333332)",1,98.78750000000004,44750
"(0.9333333333333332, 0.9958333333333332)",1,98.78750000000002,44751
"(0.9875, 0.9958333333333332)",1,98.78750000000002,44752
"(0.9833333333333332, 0.9958333333333332)",2,98.78750000000002,44754
"(0.85, 0.9958333333333332)",1,98.78750000000002,44755
"(0.9625, 0.9958333333333332)",1,98.78750000000002,44756
"(0.9666666666666668, 0.9958333333333332)",1,98.78750000000002,44757
"(0.9916666666666668, 0.9958333333333332)",1,98.78750000000002,44758
"(0.509469696969697, 0.999621212121212)",1,98.7875,44759
"(0.975, 1.0)",1,98.7875,44760
"(0.9625, 0.9958333333333332)",1,98.7875,44761
"(0.9208333333333332, 0.9958333333333332)",1,98.78749999999997,44762
"(0.9875, 0.9916666666666668)",1,98.78749999999992,44763
"(0.9791666666666666, 0.9916666666666668)",1,98.7874999999999,44764
"(0.9083333333333332, 0.9875)",2,98.78749999999988,44766
"(0.9208333333333332, 0.9916666666666668)",2,98.78749999999978,44768
"(0.8958333333333334, 0.9916666666666668)",1,98.78749999999972,44769
"(0.5333333333333333, 0.9992424242424244)",1,98.78636363636365,44770
"(0.9429824561403508, 0.9912280701754386)",1,98.78508771929825,44771
"(0.9541666666666668, 0.9958333333333332)",1,98.78333333333345,44772
"(0.8958333333333334, 0.9958333333333332)",1,98.78333333333342,44773
"(0.8541666666666666, 0.9958333333333332)",1,98.78333333333342,44774
"(0.9291666666666668, 0.9958333333333332)",1,98.7833333333334,44775
"(0.9208333333333332, 0.9958333333333332)",1,98.7833333333334,44776
"(1.0, 0.9833333333333332)",2,98.7833333333334,44778
"(0.9625, 0.9958333333333332)",1,98.7833333333334,44779
"(0.9791666666666666, 0.9958333333333332)",1,98.7833333333334,44780
"(0.9541666666666668, 0.9958333333333332)",1,98.7833333333334,44781
"(0.9041666666666668, 0.9958333333333332)",1,98.7833333333334,44782
"(0.8375, 0.9958333333333332)",1,98.7833333333334,44783
"(0.7666666666666667, 0.9833333333333332)",1,98.78333333333336,44784
"(0.7666666666666667, 1.0)",3,98.78333333333336,44787
"(0.9, 1.0)",1,98.78333333333336,44788
"(0.9333333333333332, 0.9958333333333332)",1,98.78333333333336,44789
"(0.9, 0.9833333333333332)",1,98.78333333333336,44790
"(0.8166666666666667, 0.9833333333333332)",2,98.78333333333336,44792
"(0.9791666666666666, 0.9958333333333332)",1,98.78333333333336,44793
"(0.9625, 0.9958333333333332)",1,98.78333333333336,44794
"(0.9166666666666666, 1.0)",1,98.78333333333336,44795
"(0.8666666666666667, 0.9833333333333332)",2,98.78333333333336,44797
"(0.9, 0.9666666666666668)",1,98.78333333333336,44798
"(1.0, 0.9666666666666668)",1,98.78333333333336,44799
"(0.9833333333333332, 1.0)",1,98.78333333333336,44800
"(0.9, 1.0)",1,98.78333333333336,44801
"(0.7833333333333333, 1.0)",1,98.78333333333336,44802
"(0.95, 1.0)",1,98.78333333333336,44803
"(0.9833333333333332, 0.9958333333333332)",1,98.78333333333336,44804
"(0.9666666666666668, 1.0)",1,98.78333333333336,44805
"(1.0, 1.0)",2,98.78333333333336,44807
"(0.85, 1.0)",1,98.78333333333336,44808
"(0.9833333333333332, 0.9958333333333332)",1,98.78333333333336,44809
"(0.9916666666666668, 0.9958333333333332)",2,98.78333333333336,44811
"(0.9625, 0.9958333333333332)",1,98.78333333333336,44812
"(0.8833333333333333, 1.0)",1,98.78333333333336,44813
"(1.0, 1.0)",1,98.78333333333336,44814
"(0.9875, 0.9958333333333332)",2,98.78333333333336,44816
"(0.8333333333333334, 1.0)",2,98.78333333333336,44818
"(0.8166666666666667, 1.0)",1,98.78333333333332,44819
"(0.8833333333333333, 1.0)",3,98.78333333333332,44822
"(0.8, 1.0)",1,98.78333333333332,44823
"(0.9, 1.0)",3,98.78333333333332,44826
"(0.6666666666666666, 1.0)",1,98.78333333333332,44827
"(0.9333333333333332, 1.0)",2,98.78333333333332,44829
"(0.9958333333333332, 1.0)",1,98.78333333333332,44830
"(0.7, 1.0)",4,98.78333333333332,44834
"(0.9833333333333332, 1.0)",5,98.78333333333332,44839
"(0.7333333333333333, 1.0)",2,98.78333333333332,44841
"(0.7666666666666667, 1.0)",2,98.78333333333332,44843
"(1.0, 1.0)",4,98.78333333333332,44847
"(0.95, 1.0)",4,98.78333333333332,44851
"(0.7166666666666667, 1.0)",1,98.78333333333332,44852
"(0.8333333333333334, 1.0)",1,98.78333333333332,44853
"(0.9666666666666668, 1.0)",1,98.78333333333332,44854
"(0.8666666666666667, 1.0)",6,98.78333333333332,44860
"(0.9166666666666666, 1.0)",3,98.78333333333332,44863
"(0.975, 1.0)",1,98.78333333333332,44864
"(0.85, 1.0)",3,98.78333333333332,44867
"(0.9875, 0.9916666666666668)",1,98.78333333333326,44868
"(0.9458333333333332, 0.9958333333333332)",2,98.78333333333325,44870
"(0.9, 0.9916666666666668)",1,98.78333333333312,44871
"(0.8625, 0.9916666666666668)",1,98.78333333333312,44872
"(0.8833333333333333, 0.9916666666666668)",1,98.7833333333331,44873
"(0.9333333333333332, 0.9916666666666668)",1,98.7833333333331,44874
"(0.95, 0.9916666666666668)",1,98.78333333333306,44875
"(0.6923076923076923, 1.0)",1,98.78205128205128,44876
"(0.8076923076923077, 1.0)",1,98.78205128205128,44877
"(0.4462121212121212, 0.999621212121212)",3,98.7818181818182,44880
"(0.5496212121212121, 1.0)",1,98.78068181818182,44881
"(0.9541666666666668, 0.9958333333333332)",1,98.77916666666675,44882
"(0.925, 0.9958333333333332)",1,98.77916666666674,44883
"(0.9333333333333332, 0.9958333333333332)",1,98.77916666666674,44884
"(0.8625, 0.9958333333333332)",1,98.77916666666673,44885
"(0.9333333333333332, 0.9958333333333332)",1,98.77916666666673,44886
"(0.9833333333333332, 0.9958333333333332)",2,98.77916666666673,44888
"(0.9416666666666668, 0.9958333333333332)",1,98.77916666666673,44889
"(0.875, 0.9958333333333332)",1,98.77916666666673,44890
"(0.9958333333333332, 0.9958333333333332)",2,98.7791666666667,44892
"(0.9125, 0.9958333333333332)",1,98.7791666666667,44893
"(0.975, 0.9958333333333332)",2,98.7791666666667,44895
"(0.9708333333333332, 0.9958333333333332)",2,98.7791666666667,44897
"(0.9375, 0.9958333333333332)",1,98.7791666666667,44898
"(0.8625, 0.9958333333333332)",1,98.7791666666667,44899
"(0.8375, 0.9958333333333332)",1,98.7791666666667,44900
"(0.975, 0.9958333333333332)",1,98.77916666666668,44901
"(0.9166666666666666, 0.9958333333333332)",1,98.77916666666668,44902
"(0.9791666666666666, 0.9958333333333332)",1,98.77916666666668,44903
"(0.9875, 0.9875)",1,98.77916666666658,44904
"(0.925, 0.9875)",1,98.77916666666655,44905
"(0.9791666666666666, 0.9875)",1,98.77916666666653,44906
"(0.9041666666666668, 0.9916666666666668)",1,98.77916666666646,44907
"(0.8372093023255814, 0.9883720930232558)",1,98.77906976744202,44908
"(0.9302325581395348, 0.9883720930232558)",1,98.77906976744202,44909
"(0.6162790697674418, 1.0)",1,98.77906976744188,44910
"(0.8837209302325582, 1.0)",1,98.77906976744188,44911
"(0.4651162790697674, 1.0)",1,98.77906976744184,44912
"(0.3255813953488372, 1.0)",1,98.77906976744184,44913
"(0.8255813953488372, 1.0)",2,98.77906976744184,44915
"(0.8333333333333334, 1.0)",1,98.7777777777778,44916
"(0.8194444444444444, 1.0)",1,98.7777777777778,44917
"(0.9166666666666666, 1.0)",1,98.7777777777778,44918
"(0.8472222222222222, 1.0)",1,98.7777777777778,44919
"(0.7777777777777778, 1.0)",4,98.7777777777778,44923
"(0.9444444444444444, 1.0)",2,98.7777777777778,44925
"(0.75, 1.0)",5,98.77777777777776,44930
"(0.8194444444444444, 1.0)",5,98.77777777777776,44935
"(0.9027777777777778, 1.0)",1,98.77777777777776,44936
"(0.9444444444444444, 1.0)",3,98.77777777777776,44939
"(0.6805555555555556, 1.0)",1,98.77777777777776,44940
"(0.6527777777777778, 1.0)",1,98.77777777777776,44941
"(0.8055555555555556, 1.0)",4,98.77777777777776,44945
"(0.7638888888888888, 1.0)",2,98.77777777777776,44947
"(0.7361111111111112, 1.0)",2,98.77777777777776,44949
"(0.8333333333333334, 1.0)",4,98.77777777777776,44953
"(0.7777777777777778, 1.0)",1,98.77777777777776,44954
"(0.7083333333333334, 1.0)",3,98.77777777777776,44957
"(0.9305555555555556, 1.0)",2,98.77777777777776,44959
"(0.8888888888888888, 1.0)",2,98.77777777777776,44961
"(0.7222222222222222, 1.0)",1,98.77777777777776,44962
"(0.6111111111111112, 1.0)",1,98.77777777777776,44963
"(0.9035087719298246, 0.9912280701754386)",3,98.77631578947368,44966
"(0.47625, 0.99875)",1,98.77625000000008,44967
"(0.9083333333333332, 0.9958333333333332)",1,98.77500000000012,44968
"(0.9, 0.9958333333333332)",1,98.77500000000008,44969
"(0.9666666666666668, 0.9958333333333332)",1,98.77500000000008,44970
"(0.9833333333333332, 0.9958333333333332)",1,98.77500000000008,44971
"(0.8666666666666667, 0.9958333333333332)",2,98.77500000000008,44973
"(0.9666666666666668, 0.9958333333333332)",1,98.77500000000008,44974
"(0.8916666666666667, 0.9958333333333332)",1,98.77500000000003,44975
"(0.9708333333333332, 0.9958333333333332)",4,98.77500000000003,44979
"(0.975, 0.9958333333333332)",1,98.77500000000003,44980
"(0.9791666666666666, 0.9958333333333332)",1,98.77500000000003,44981
"(0.9625, 0.9958333333333332)",1,98.77500000000003,44982
"(0.9666666666666668, 0.9958333333333332)",1,98.77500000000003,44983
"(0.875, 0.9958333333333332)",1,98.77500000000002,44984
"(0.9916666666666668, 0.9958333333333332)",1,98.77500000000002,44985
"(0.925, 0.9958333333333332)",1,98.77500000000002,44986
"(1.0, 0.9958333333333332)",1,98.77500000000002,44987
"(0.9875, 0.9958333333333332)",1,98.77500000000002,44988
"(0.5208333333333334, 0.999621212121212)",1,98.775,44989
"(0.9375, 0.9833333333333332)",1,98.77499999999996,44990
"(0.9458333333333332, 0.9958333333333332)",1,98.7749999999999,44991
"(0.95, 0.9916666666666668)",1,98.77499999999984,44992
"(0.9208333333333332, 0.9875)",2,98.77499999999982,44994
"(0.8958333333333334, 0.9916666666666668)",1,98.7749999999998,44995
"(0.9, 0.9916666666666668)",2,98.7749999999998,44997
"(0.5189393939393939, 0.9992424242424244)",3,98.7727272727273,45000
"(0.9791666666666666, 0.9958333333333332)",1,98.77083333333346,45001
"(0.9125, 0.9958333333333332)",1,98.77083333333344,45002
"(0.9041666666666668, 0.9958333333333332)",1,98.77083333333344,45003
"(0.9375, 0.9958333333333332)",2,98.77083333333344,45005
"(0.9458333333333332, 0.9958333333333332)",1,98.77083333333344,45006
"(0.9083333333333332, 0.9958333333333332)",1,98.77083333333344,45007
"(0.9875, 0.9958333333333332)",1,98.77083333333336,45008
"(0.9916666666666668, 0.9958333333333332)",2,98.77083333333336,45010
"(0.9458333333333332, 0.9958333333333332)",1,98.77083333333336,45011
"(0.9375, 0.9958333333333332)",1,98.77083333333336,45012
"(0.9833333333333332, 0.9958333333333332)",4,98.77083333333336,45016
"(0.9791666666666666, 0.9958333333333332)",1,98.77083333333336,45017
"(0.9, 0.9958333333333332)",1,98.77083333333336,45018
"(0.9666666666666668, 1.0)",1,98.77083333333334,45019
"(0.975, 0.9958333333333332)",1,98.77083333333331,45020
"(0.9041666666666668, 0.9958333333333332)",1,98.77083333333329,45021
"(0.9791666666666666, 0.9958333333333332)",1,98.77083333333329,45022
"(0.9416666666666668, 0.9916666666666668)",1,98.77083333333312,45023
"(0.9, 0.9916666666666668)",1,98.77083333333312,45024
"(0.9208333333333332, 0.9916666666666668)",1,98.77083333333312,45025
"(0.8541666666666666, 0.9916666666666668)",1,98.7708333333331,45026
"(0.4242424242424242, 0.9992424242424244)",3,98.77045454545456,45029
"(0.7307692307692307, 1.0)",1,98.76923076923076,45030
"(0.6794871794871795, 1.0)",1,98.76923076923076,45031
"(0.717948717948718, 1.0)",1,98.76923076923076,45032
"(0.603030303030303, 1.0)",1,98.7689393939394,45033
"(0.925438596491228, 0.9912280701754386)",2,98.76754385964912,45035
"(0.9078947368421052, 0.9912280701754386)",1,98.76754385964912,45036
"(0.9473684210526316, 0.9912280701754386)",2,98.76754385964912,45038
"(0.9385964912280702, 0.9912280701754386)",1,98.76754385964912,45039
"(0.3372093023255814, 1.0)",1,98.76744186046513,45040
"(0.6162790697674418, 1.0)",1,98.76744186046513,45041
"(0.9833333333333332, 0.9958333333333332)",1,98.76666666666677,45042
"(0.9916666666666668, 0.9958333333333332)",1,98.76666666666674,45043
"(0.85, 0.9666666666666668)",2,98.76666666666672,45045
"(0.9375, 0.9958333333333332)",1,98.76666666666672,45046
"(0.8666666666666667, 0.9958333333333332)",1,98.76666666666672,45047
"(0.9791666666666666, 0.9958333333333332)",1,98.76666666666672,45048
"(0.95, 0.9958333333333332)",2,98.76666666666672,45050
"(0.9875, 0.9958333333333332)",3,98.7666666666667,45053
"(0.9, 0.9958333333333332)",1,98.7666666666667,45054
"(0.9958333333333332, 0.9958333333333332)",1,98.7666666666667,45055
"(0.8333333333333334, 1.0)",1,98.7666666666667,45056
"(0.975, 0.9958333333333332)",3,98.7666666666667,45059
"(0.8166666666666667, 1.0)",1,98.7666666666667,45060
"(0.9166666666666666, 1.0)",2,98.7666666666667,45062
"(0.925, 0.9958333333333332)",1,98.7666666666667,45063
"(0.9833333333333332, 1.0)",2,98.7666666666667,45065
"(0.9916666666666668, 0.9958333333333332)",2,98.7666666666667,45067
"(0.8666666666666667, 1.0)",1,98.7666666666667,45068
"(0.8, 1.0)",1,98.7666666666667,45069
"(0.8833333333333333, 0.9833333333333332)",1,98.7666666666667,45070
"(1.0, 1.0)",13,98.76666666666668,45083
"(0.9166666666666666, 1.0)",3,98.76666666666668,45086
"(0.9, 1.0)",3,98.76666666666668,45089
"(0.7333333333333333, 1.0)",4,98.76666666666668,45093
"(0.9333333333333332, 1.0)",1,98.76666666666668,45094
"(0.6833333333333333, 1.0)",1,98.76666666666668,45095
"(0.8833333333333333, 1.0)",2,98.76666666666668,45097
"(0.95, 1.0)",1,98.76666666666668,45098
"(0.9833333333333332, 1.0)",2,98.76666666666668,45100
"(0.8333333333333334, 1.0)",2,98.76666666666668,45102
"(0.8666666666666667, 1.0)",1,98.76666666666668,45103
"(1.0, 1.0)",1,98.76666666666668,45104
"(0.8833333333333333, 1.0)",7,98.76666666666668,45111
"(0.8, 1.0)",2,98.76666666666668,45113
"(0.9666666666666668, 1.0)",3,98.76666666666668,45116
"(0.85, 1.0)",1,98.76666666666668,45117
"(0.8333333333333334, 1.0)",1,98.76666666666668,45118
"(0.9166666666666666, 0.9958333333333332)",1,98.76666666666668,45119
"(0.8, 1.0)",2,98.76666666666668,45121
"(0.85, 1.0)",7,98.76666666666668,45128
"(0.75, 1.0)",2,98.76666666666668,45130
"(0.8166666666666667, 1.0)",2,98.76666666666668,45132
"(0.7, 1.0)",2,98.76666666666668,45134
"(0.8666666666666667, 1.0)",3,98.76666666666668,45137
"(0.9, 1.0)",3,98.76666666666668,45140
"(0.9791666666666666, 1.0)",1,98.76666666666668,45141
"(0.9458333333333332, 0.9916666666666668)",1,98.76666666666652,45142
"(0.9, 0.9916666666666668)",1,98.76666666666644,45143
"(0.9375, 0.9916666666666668)",1,98.76666666666644,45144
"(0.925, 0.9916666666666668)",1,98.76666666666642,45145
"(0.8958333333333334, 0.9916666666666668)",1,98.76666666666638,45146
"(0.5333333333333333, 0.9973484848484848)",1,98.76628787878792,45147
"(0.9305555555555556, 0.9861111111111112)",1,98.7638888888891,45148
"(0.7638888888888888, 0.9722222222222222)",1,98.76388888888904,45149
"(0.8194444444444444, 0.9861111111111112)",1,98.76388888888904,45150
"(0.9444444444444444, 1.0)",1,98.7638888888889,45151
"(0.8888888888888888, 1.0)",1,98.76388888888889,45152
"(0.9305555555555556, 1.0)",4,98.76388888888889,45156
"(0.8055555555555556, 1.0)",2,98.76388888888889,45158
"(0.7083333333333334, 1.0)",4,98.76388888888889,45162
"(0.7361111111111112, 1.0)",2,98.76388888888889,45164
"(0.5972222222222222, 1.0)",1,98.76388888888889,45165
"(0.7222222222222222, 1.0)",1,98.76388888888889,45166
"(0.625, 1.0)",1,98.76388888888889,45167
"(0.9444444444444444, 1.0)",5,98.76388888888889,45172
"(0.7916666666666666, 1.0)",1,98.76388888888889,45173
"(0.7777777777777778, 1.0)",6,98.76388888888889,45179
"(0.6805555555555556, 1.0)",1,98.76388888888889,45180
"(0.8333333333333334, 1.0)",4,98.76388888888889,45184
"(0.6944444444444444, 1.0)",1,98.76388888888889,45185
"(0.9583333333333334, 1.0)",1,98.76388888888889,45186
"(0.8472222222222222, 1.0)",3,98.76388888888889,45189
"(0.8194444444444444, 1.0)",6,98.76388888888889,45195
"(0.75, 1.0)",1,98.76388888888889,45196
"(0.9027777777777778, 1.0)",4,98.76388888888889,45200
"(0.4492424242424242, 0.9984848484848484)",1,98.7632575757576,45201
"(0.9208333333333332, 0.9958333333333332)",1,98.76250000000007,45202
"(0.9375, 0.9958333333333332)",2,98.76250000000007,45204
"(0.975, 0.9958333333333332)",1,98.76250000000007,45205
"(0.9875, 0.9958333333333332)",2,98.76250000000007,45207
"(0.9041666666666668, 0.9958333333333332)",1,98.76250000000007,45208
"(0.9125, 0.9958333333333332)",1,98.76250000000007,45209
"(0.9708333333333332, 0.9958333333333332)",1,98.76250000000005,45210
"(0.9625, 0.9958333333333332)",2,98.76250000000005,45212
"(0.8625, 0.9958333333333332)",1,98.76250000000005,45213
"(0.9916666666666668, 0.9958333333333332)",1,98.76250000000005,45214
"(0.9833333333333332, 0.9958333333333332)",1,98.76250000000005,45215
"(0.8541666666666666, 0.9958333333333332)",1,98.76250000000005,45216
"(0.8458333333333333, 0.9958333333333332)",1,98.76250000000005,45217
"(0.9875, 0.9958333333333332)",1,98.76250000000005,45218
"(0.95, 0.9958333333333332)",2,98.76250000000005,45220
"(0.925, 0.9958333333333332)",1,98.76250000000005,45221
"(0.9375, 0.9958333333333332)",1,98.76250000000005,45222
"(0.9125, 0.9958333333333332)",2,98.76250000000005,45224
"(0.975, 0.9958333333333332)",3,98.76250000000005,45227
"(0.9, 0.9958333333333332)",1,98.76250000000005,45228
"(0.9833333333333332, 0.9833333333333332)",1,98.76250000000005,45229
"(0.9791666666666666, 0.9958333333333332)",3,98.76250000000005,45232
"(0.5068181818181818, 1.0)",1,98.76250000000002,45233
"(0.9, 0.9875)",2,98.76249999999982,45235
"(0.925, 0.9916666666666668)",1,98.7624999999998,45236
"(0.85, 0.9916666666666668)",1,98.76249999999978,45237
"(0.9375, 0.9916666666666668)",1,98.76249999999978,45238
"(0.9166666666666666, 0.9916666666666668)",1,98.76249999999978,45239
"(0.9125, 0.9916666666666668)",1,98.76249999999978,45240
"(0.975, 0.9958333333333332)",1,98.76249999999976,45241
"(0.5106060606060606, 0.9984848484848484)",2,98.75909090909094,45243
"(0.9429824561403508, 0.9912280701754386)",1,98.75877192982456,45244
"(0.9078947368421052, 0.9912280701754386)",3,98.75877192982456,45247
"(0.8541666666666666, 0.9958333333333332)",1,98.75833333333344,45248
"(0.9333333333333332, 0.9958333333333332)",1,98.7583333333334,45249
"(0.9666666666666668, 0.9958333333333332)",1,98.7583333333334,45250
"(0.9291666666666668, 0.9958333333333332)",2,98.75833333333338,45252
"(0.9208333333333332, 0.9958333333333332)",1,98.75833333333338,45253
"(0.975, 0.9958333333333332)",1,98.75833333333335,45254
"(0.9791666666666666, 0.9958333333333332)",1,98.75833333333335,45255
"(0.95, 0.9958333333333332)",1,98.75833333333335,45256
"(0.9791666666666666, 0.9958333333333332)",1,98.75833333333335,45257
"(0.9833333333333332, 0.9958333333333332)",1,98.75833333333335,45258
"(0.4992424242424242, 1.0)",3,98.75833333333335,45261
"(0.9625, 0.9958333333333332)",1,98.75833333333335,45262
"(0.9, 0.9958333333333332)",1,98.75833333333335,45263
"(0.9875, 1.0)",1,98.75833333333334,45264
"(0.9625, 0.9958333333333332)",1,98.75833333333333,45265
"(0.9833333333333332, 0.9916666666666668)",1,98.75833333333328,45266
"(0.9083333333333332, 0.9916666666666668)",1,98.7583333333332,45267
"(0.9583333333333334, 0.9916666666666668)",1,98.75833333333318,45268
"(0.8916666666666667, 0.9916666666666668)",1,98.75833333333313,45269
"(0.9166666666666666, 0.9916666666666668)",1,98.75833333333313,45270
"(0.9625, 0.9916666666666668)",1,98.75833333333306,45271
"(0.8958333333333334, 0.9916666666666668)",1,98.75833333333304,45272
"(0.6794871794871795, 1.0)",1,98.75641025641026,45273
"(0.717948717948718, 1.0)",1,98.75641025641023,45274
"(0.6162790697674418, 1.0)",1,98.75581395348836,45275
"(0.4883720930232558, 1.0)",1,98.75581395348836,45276
"(0.4651162790697674, 1.0)",1,98.75581395348836,45277
"(0.8488372093023255, 1.0)",1,98.75581395348836,45278
"(0.8552631578947368, 0.9912280701754386)",1,98.75438596491226,45279
"(0.9429824561403508, 0.9912280701754386)",4,98.75438596491226,45283
"(0.8859649122807017, 0.9912280701754386)",1,98.75438596491226,45284
"(0.9385964912280702, 0.9912280701754386)",1,98.75438596491226,45285
"(0.925438596491228, 0.9912280701754386)",1,98.75438596491226,45286
"(0.7675438596491229, 0.9912280701754386)",1,98.75438596491226,45287
"(0.9875, 0.9958333333333332)",1,98.75416666666676,45288
"(0.925, 0.9958333333333332)",1,98.75416666666676,45289
"(0.9791666666666666, 0.9958333333333332)",1,98.75416666666676,45290
"(0.85, 0.9958333333333332)",1,98.75416666666672,45291
"(0.9583333333333334, 0.9958333333333332)",1,98.75416666666672,45292
"(0.95, 0.9958333333333332)",1,98.75416666666672,45293
"(0.975, 0.9958333333333332)",1,98.75416666666672,45294
"(0.9166666666666666, 0.9958333333333332)",1,98.7541666666667,45295
"(0.9, 0.9958333333333332)",1,98.7541666666667,45296
"(0.8916666666666667, 0.9958333333333332)",1,98.75416666666668,45297
"(0.9791666666666666, 0.9958333333333332)",1,98.75416666666668,45298
"(0.9833333333333332, 0.9958333333333332)",2,98.75416666666668,45300
"(0.9458333333333332, 0.9958333333333332)",1,98.75416666666668,45301
"(0.9666666666666668, 1.0)",1,98.75416666666663,45302
"(0.975, 1.0)",1,98.75416666666662,45303
"(0.9208333333333332, 0.9916666666666668)",1,98.75416666666652,45304
"(0.9375, 0.9875)",1,98.75416666666648,45305
"(0.8958333333333334, 0.9916666666666668)",2,98.75416666666646,45307
"(0.9, 0.9916666666666668)",2,98.75416666666644,45309
"(0.8833333333333333, 0.9916666666666668)",1,98.75416666666644,45310
"(0.9625, 0.9916666666666668)",1,98.75416666666642,45311
"(0.9041666666666668, 0.9916666666666668)",1,98.7541666666664,45312
"(0.8791666666666667, 0.9958333333333332)",1,98.75000000000009,45313
"(0.9, 0.9958333333333332)",2,98.75000000000009,45315
"(0.9291666666666668, 0.9958333333333332)",1,98.75000000000009,45316
"(0.9583333333333334, 0.9958333333333332)",1,98.75000000000009,45317
"(0.9375, 0.9958333333333332)",1,98.75000000000009,45318
"(0.9208333333333332, 0.9958333333333332)",1,98.75000000000009,45319
"(0.9625, 0.9958333333333332)",1,98.75000000000009,45320
"(0.9833333333333332, 0.9958333333333332)",1,98.75000000000009,45321
"(0.9583333333333334, 0.9958333333333332)",1,98.75000000000006,45322
"(0.9166666666666666, 1.0)",1,98.75000000000004,45323
"(0.9208333333333332, 0.9958333333333332)",1,98.75000000000004,45324
"(0.9916666666666668, 0.9958333333333332)",1,98.75000000000004,45325
"(0.975, 0.9958333333333332)",3,98.75000000000004,45328
"(0.8666666666666667, 1.0)",1,98.75000000000004,45329
"(0.9444444444444444, 1.0)",1,98.75000000000004,45330
"(0.9875, 0.9958333333333332)",2,98.75000000000004,45332
"(0.95, 0.9958333333333332)",1,98.75000000000004,45333
"(0.8833333333333333, 1.0)",2,98.75000000000004,45335
"(0.85, 1.0)",1,98.75000000000004,45336
"(0.7333333333333333, 0.9833333333333332)",1,98.75000000000004,45337
"(0.95, 0.9833333333333332)",1,98.75000000000004,45338
"(0.9791666666666666, 0.9958333333333332)",1,98.75000000000004,45339
"(0.9833333333333332, 1.0)",1,98.75000000000004,45340
"(0.9833333333333332, 1.0)",1,98.75000000000004,45341
"(0.9833333333333332, 0.9958333333333332)",1,98.75000000000004,45342
"(0.9291666666666668, 0.9958333333333332)",1,98.75000000000004,45343
"(0.9958333333333332, 1.0)",1,98.75,45344
"(0.9166666666666666, 1.0)",4,98.75,45348
"(0.6805555555555556, 1.0)",1,98.75,45349
"(0.8166666666666667, 1.0)",3,98.75,45352
"(0.6833333333333333, 1.0)",1,98.75,45353
"(0.75, 1.0)",1,98.75,45354
"(0.9833333333333332, 1.0)",2,98.75,45356
"(0.8666666666666667, 1.0)",8,98.75,45364
"(0.95, 1.0)",5,98.75,45369
"(0.9444444444444444, 1.0)",2,98.75,45371
"(0.7666666666666667, 1.0)",2,98.75,45373
"(0.8833333333333333, 1.0)",2,98.75,45375
"(0.8833333333333333, 1.0)",8,98.75,45383
"(0.8666666666666667, 1.0)",1,98.75,45384
"(0.7333333333333333, 1.0)",2,98.75,45386
"(0.7166666666666667, 1.0)",1,98.75,45387
"(0.9444444444444444, 0.9861111111111112)",1,98.75,45388
"(0.8333333333333334, 1.0)",5,98.75,45393
"(0.7777777777777778, 1.0)",4,98.75,45397
"(1.0, 1.0)",7,98.75,45404
"(0.9722222222222222, 1.0)",1,98.75,45405
"(0.9, 1.0)",1,98.75,45406
"(0.8055555555555556, 1.0)",1,98.75,45407
"(0.8888888888888888, 1.0)",1,98.75,45408
"(0.7361111111111112, 1.0)",2,98.75,45410
"(1.0, 1.0)",1,98.75,45411
"(0.875, 1.0)",1,98.75,45412
"(0.9333333333333332, 1.0)",1,98.75,45413
"(0.6666666666666666, 1.0)",1,98.75,45414
"(0.9305555555555556, 1.0)",2,98.75,45416
"(0.7083333333333334, 1.0)",5,98.75,45421
"(0.7638888888888888, 1.0)",2,98.75,45423
"(0.7916666666666666, 1.0)",1,98.75,45424
"(0.85, 1.0)",4,98.75,45428
"(0.8194444444444444, 1.0)",7,98.75,45435
"(0.9333333333333332, 1.0)",4,98.75,45439
"(0.8, 1.0)",2,98.75,45441
"(0.8611111111111112, 1.0)",1,98.75,45442
"(0.7833333333333333, 1.0)",3,98.75,45445
"(0.7222222222222222, 1.0)",2,98.75,45447
"(0.8166666666666667, 1.0)",1,98.75,45448
"(0.9, 1.0)",3,98.75,45451
"(0.9583333333333334, 1.0)",2,98.75,45453
"(0.9666666666666668, 1.0)",1,98.75,45454
"(0.9458333333333332, 0.9916666666666668)",1,98.74999999999994,45455
"(0.9041666666666668, 0.9958333333333332)",1,98.74999999999991,45456
"(0.925, 0.9875)",2,98.74999999999989,45458
"(0.9166666666666666, 0.9916666666666668)",1,98.7499999999998,45459
"(0.9041666666666668, 0.9916666666666668)",1,98.74999999999974,45460
"(0.975, 0.9958333333333332)",1,98.74583333333344,45461
"(0.9833333333333332, 0.9958333333333332)",1,98.7458333333334,45462
"(0.9166666666666666, 0.9958333333333332)",2,98.7458333333334,45464
"(0.9791666666666666, 0.9958333333333332)",1,98.74583333333338,45465
"(0.8541666666666666, 0.9958333333333332)",1,98.74583333333338,45466
"(0.9916666666666668, 0.9958333333333332)",1,98.74583333333337,45467
"(0.9791666666666666, 0.9958333333333332)",1,98.74583333333337,45468
"(0.975, 0.9958333333333332)",1,98.74583333333337,45469
"(0.9875, 0.9958333333333332)",2,98.74583333333337,45471
"(0.9791666666666666, 1.0)",1,98.74583333333334,45472
"(0.9041666666666668, 0.9958333333333332)",1,98.74583333333328,45473
"(0.9833333333333332, 0.9916666666666668)",1,98.74583333333328,45474
"(0.9791666666666666, 0.9958333333333332)",2,98.74583333333324,45476
"(0.9625, 0.9916666666666668)",1,98.74583333333312,45477
"(0.8791666666666667, 0.9916666666666668)",1,98.74583333333312,45478
"(0.9, 0.9916666666666668)",1,98.74583333333312,45479
"(0.9333333333333332, 0.9916666666666668)",1,98.7458333333331,45480
"(0.8859649122807017, 0.9912280701754386)",1,98.7456140350877,45481
"(0.9473684210526316, 0.9912280701754386)",1,98.7456140350877,45482
"(0.9429824561403508, 0.9912280701754386)",1,98.7456140350877,45483
"(0.872093023255814, 0.9883720930232558)",1,98.7441860465118,45484
"(0.8837209302325582, 0.9883720930232558)",1,98.7441860465118,45485
"(0.9069767441860463, 0.9883720930232558)",2,98.7441860465118,45487
"(0.8837209302325582, 1.0)",1,98.74418604651166,45488
"(0.7674418604651163, 1.0)",1,98.74418604651164,45489
"(0.3372093023255814, 1.0)",3,98.74418604651164,45492
"(0.6162790697674418, 1.0)",1,98.74418604651164,45493
"(0.7906976744186046, 1.0)",1,98.74418604651164,45494
"(0.627906976744186, 1.0)",4,98.74418604651164,45498
"(0.6794871794871795, 1.0)",1,98.74358974358977,45499
"(0.4358974358974359, 1.0)",2,98.74358974358977,45501
"(0.8717948717948718, 1.0)",2,98.74358974358977,45503
"(0.8076923076923077, 1.0)",1,98.74358974358977,45504
"(0.543939393939394, 0.9992424242424244)",2,98.7435606060606,45506
"(0.9125, 0.9958333333333332)",1,98.74166666666676,45507
"(0.9625, 0.9958333333333332)",2,98.74166666666676,45509
"(0.9875, 0.9958333333333332)",1,98.74166666666676,45510
"(0.9833333333333332, 0.9958333333333332)",1,98.74166666666672,45511
"(0.9791666666666666, 0.9958333333333332)",1,98.74166666666672,45512
"(0.9625, 0.9958333333333332)",1,98.74166666666672,45513
"(0.9916666666666668, 0.9958333333333332)",1,98.74166666666672,45514
"(0.825, 0.9958333333333332)",1,98.74166666666672,45515
"(0.9791666666666666, 0.9958333333333332)",1,98.74166666666672,45516
"(0.8666666666666667, 0.9958333333333332)",1,98.74166666666672,45517
"(0.9916666666666668, 0.9958333333333332)",1,98.7416666666667,45518
"(0.9541666666666668, 0.9958333333333332)",1,98.7416666666667,45519
"(0.8375, 0.9958333333333332)",1,98.7416666666667,45520
"(0.9875, 0.9958333333333332)",1,98.7416666666667,45521
"(0.975, 0.9833333333333332)",1,98.7416666666667,45522
"(0.9666666666666668, 0.9958333333333332)",1,98.7416666666667,45523
"(0.925, 0.9958333333333332)",1,98.7416666666667,45524
"(0.9458333333333332, 0.9958333333333332)",1,98.7416666666667,45525
"(0.9875, 0.9958333333333332)",1,98.74166666666667,45526
"(0.9791666666666666, 0.9958333333333332)",1,98.74166666666667,45527
"(0.975, 0.9958333333333332)",3,98.74166666666667,45530
"(0.975, 1.0)",1,98.74166666666667,45531
"(0.9708333333333332, 0.9958333333333332)",1,98.74166666666667,45532
"(0.9791666666666666, 0.9958333333333332)",1,98.74166666666662,45533
"(0.9833333333333332, 0.9916666666666668)",1,98.74166666666652,45534
"(0.9875, 0.9958333333333332)",1,98.74166666666652,45535
"(0.9208333333333332, 0.9916666666666668)",1,98.74166666666646,45536
"(0.85, 0.9916666666666668)",2,98.74166666666645,45538
"(0.875, 0.9916666666666668)",1,98.74166666666645,45539
"(0.925, 0.9916666666666668)",1,98.74166666666645,45540
"(0.9375, 0.9916666666666668)",1,98.74166666666645,45541
"(0.6575757575757576, 0.9984848484848484)",3,98.73939393939398,45544
"(0.4825757575757576, 0.9977272727272728)",1,98.7390151515152,45545
"(0.49875, 0.9975)",1,98.73875000000012,45546
"(0.9375, 0.9958333333333332)",1,98.7375000000001,45547
"(0.9041666666666668, 0.9958333333333332)",1,98.73750000000008,45548
"(0.9916666666666668, 0.9958333333333332)",1,98.73750000000004,45549
"(0.9541666666666668, 0.9958333333333332)",1,98.73750000000004,45550
"(0.9708333333333332, 0.9958333333333332)",1,98.73750000000004,45551
"(0.9958333333333332, 0.9958333333333332)",1,98.73750000000004,45552
"(0.9833333333333332, 0.9958333333333332)",1,98.73750000000004,45553
"(0.875, 0.9958333333333332)",1,98.73750000000004,45554
"(0.9583333333333334, 0.9958333333333332)",1,98.73750000000004,45555
"(0.9875, 0.9958333333333332)",1,98.73750000000004,45556
"(0.825, 0.9958333333333332)",2,98.73750000000004,45558
"(0.9833333333333332, 0.9958333333333332)",1,98.73750000000004,45559
"(0.9791666666666666, 0.9958333333333332)",1,98.73750000000004,45560
"(0.9791666666666666, 0.9958333333333332)",3,98.73750000000004,45563
"(0.9958333333333332, 0.9958333333333332)",2,98.73750000000004,45565
"(0.9416666666666668, 0.9833333333333332)",1,98.7375,45566
"(0.975, 0.9875)",1,98.73749999999984,45567
"(0.9708333333333332, 0.9875)",1,98.73749999999984,45568
"(0.9791666666666666, 0.9916666666666668)",1,98.73749999999984,45569
"(0.9833333333333332, 0.9916666666666668)",1,98.73749999999984,45570
"(0.9291666666666668, 0.9875)",2,98.7374999999998,45572
"(0.95, 0.9916666666666668)",1,98.73749999999978,45573
"(0.9429824561403508, 0.9912280701754386)",1,98.73684210526314,45574
"(0.9385964912280702, 0.9912280701754386)",3,98.73684210526314,45577
"(0.9444444444444444, 1.0)",1,98.73611111111116,45578
"(0.9305555555555556, 1.0)",5,98.73611111111111,45583
"(0.7916666666666666, 1.0)",1,98.73611111111111,45584
"(0.7916666666666666, 1.0)",1,98.73611111111111,45585
"(0.6805555555555556, 1.0)",1,98.73611111111111,45586
"(0.8194444444444444, 1.0)",7,98.73611111111111,45593
"(0.625, 1.0)",1,98.73611111111111,45594
"(0.8611111111111112, 1.0)",5,98.73611111111111,45599
"(0.9583333333333334, 1.0)",2,98.73611111111111,45601
"(0.75, 1.0)",1,98.73611111111111,45602
"(0.8333333333333334, 1.0)",2,98.73611111111111,45604
"(0.9166666666666666, 1.0)",1,98.73611111111111,45605
"(0.7222222222222222, 1.0)",1,98.73611111111111,45606
"(0.8472222222222222, 1.0)",1,98.73611111111111,45607
"(0.9444444444444444, 1.0)",1,98.73611111111111,45608
"(0.7083333333333334, 1.0)",2,98.73611111111111,45610
"(0.8888888888888888, 1.0)",2,98.73611111111111,45612
"(0.7777777777777778, 1.0)",4,98.73611111111111,45616
"(0.9444444444444444, 1.0)",1,98.73611111111111,45617
"(0.9027777777777778, 1.0)",2,98.73611111111111,45619
"(0.540530303030303, 0.9988636363636364)",1,98.73409090909092,45620
"(0.925, 0.9958333333333332)",1,98.73333333333342,45621
"(0.9041666666666668, 0.9958333333333332)",1,98.7333333333334,45622
"(0.9791666666666666, 0.9958333333333332)",2,98.7333333333334,45624
"(0.9708333333333332, 0.9958333333333332)",1,98.7333333333334,45625
"(0.9333333333333332, 0.9958333333333332)",1,98.7333333333334,45626
"(0.9166666666666666, 1.0)",1,98.73333333333338,45627
"(1.0, 0.9833333333333332)",2,98.73333333333338,45629
"(0.9375, 0.9958333333333332)",1,98.73333333333338,45630
"(0.9166666666666666, 0.9833333333333332)",2,98.73333333333338,45632
"(0.825, 0.9958333333333332)",1,98.73333333333336,45633
"(0.9208333333333332, 0.9958333333333332)",1,98.73333333333336,45634
"(0.9541666666666668, 0.9958333333333332)",1,98.73333333333336,45635
"(0.9041666666666668, 0.9958333333333332)",1,98.73333333333336,45636
"(0.85, 1.0)",2,98.73333333333336,45638
"(0.8333333333333334, 0.9833333333333332)",1,98.73333333333336,45639
"(0.9666666666666668, 1.0)",1,98.73333333333336,45640
"(0.9333333333333332, 1.0)",1,98.73333333333336,45641
"(0.9125, 0.9958333333333332)",1,98.73333333333336,45642
"(0.9166666666666666, 1.0)",1,98.73333333333336,45643
"(0.5833333333333334, 1.0)",1,98.73333333333336,45644
"(0.8166666666666667, 1.0)",1,98.73333333333336,45645
"(0.6333333333333333, 1.0)",1,98.73333333333336,45646
"(0.8375, 0.9958333333333332)",1,98.73333333333336,45647
"(0.9791666666666666, 0.9958333333333332)",1,98.73333333333336,45648
"(0.9375, 0.9958333333333332)",1,98.73333333333336,45649
"(0.95, 1.0)",2,98.73333333333336,45651
"(0.9833333333333332, 1.0)",3,98.73333333333336,45654
"(0.9583333333333334, 0.9958333333333332)",1,98.73333333333336,45655
"(0.9833333333333332, 1.0)",2,98.73333333333336,45657
"(0.8833333333333333, 1.0)",3,98.73333333333336,45660
"(0.9333333333333332, 1.0)",1,98.73333333333336,45661
"(0.95, 0.9958333333333332)",3,98.73333333333336,45664
"(0.9, 1.0)",2,98.73333333333336,45666
"(0.8666666666666667, 1.0)",1,98.73333333333336,45667
"(0.9, 0.9833333333333332)",1,98.73333333333336,45668
"(0.9875, 0.9958333333333332)",1,98.73333333333336,45669
"(0.8666666666666667, 1.0)",2,98.73333333333336,45671
"(0.9, 1.0)",2,98.73333333333332,45673
"(0.9833333333333332, 1.0)",6,98.73333333333332,45679
"(0.9833333333333332, 1.0)",2,98.73333333333332,45681
"(0.8166666666666667, 1.0)",4,98.73333333333332,45685
"(0.9666666666666668, 1.0)",4,98.73333333333332,45689
"(0.7833333333333333, 1.0)",3,98.73333333333332,45692
"(0.7333333333333333, 1.0)",1,98.73333333333332,45693
"(0.8, 1.0)",2,98.73333333333332,45695
"(0.85, 1.0)",5,98.73333333333332,45700
"(0.9333333333333332, 1.0)",3,98.73333333333332,45703
"(0.9166666666666666, 1.0)",1,98.73333333333332,45704
"(1.0, 1.0)",10,98.73333333333332,45714
"(0.8333333333333334, 1.0)",4,98.73333333333332,45718
"(0.8666666666666667, 1.0)",6,98.73333333333332,45724
"(0.7666666666666667, 1.0)",1,98.73333333333332,45725
"(0.95, 1.0)",3,98.73333333333332,45728
"(0.8833333333333333, 1.0)",4,98.73333333333332,45732
"(0.9625, 0.9958333333333332)",1,98.7333333333332,45733
"(0.9833333333333332, 0.9958333333333332)",1,98.73333333333318,45734
"(0.9208333333333332, 0.9875)",1,98.73333333333316,45735
"(0.9458333333333332, 0.9916666666666668)",1,98.7333333333331,45736
"(0.9534883720930232, 0.9883720930232558)",1,98.73255813953504,45737
"(0.9186046511627908, 0.9883720930232558)",1,98.73255813953504,45738
"(0.6162790697674418, 1.0)",1,98.73255813953487,45739
"(0.3372093023255814, 1.0)",1,98.73255813953487,45740
"(0.7906976744186046, 1.0)",1,98.73255813953487,45741
"(0.872093023255814, 1.0)",2,98.73255813953487,45743
"(0.5930232558139535, 1.0)",1,98.73255813953487,45744
"(0.4651162790697674, 1.0)",2,98.73255813953487,45746
"(0.9385964912280702, 0.9912280701754386)",1,98.73245614035086,45747
"(0.9473684210526316, 0.9912280701754386)",1,98.73245614035086,45748
"(0.7307692307692307, 1.0)",1,98.73076923076924,45749
"(0.717948717948718, 1.0)",1,98.73076923076924,45750
"(0.6794871794871795, 1.0)",1,98.73076923076924,45751
"(0.9375, 0.9958333333333332)",1,98.72916666666676,45752
"(0.8625, 0.9958333333333332)",1,98.72916666666676,45753
"(0.9291666666666668, 0.9958333333333332)",1,98.72916666666676,45754
"(0.975, 0.9958333333333332)",2,98.72916666666676,45756
"(0.9125, 0.9958333333333332)",1,98.72916666666676,45757
"(0.9333333333333332, 0.9958333333333332)",1,98.72916666666674,45758
"(0.8625, 0.9958333333333332)",1,98.72916666666674,45759
"(0.8791666666666667, 0.9958333333333332)",1,98.72916666666674,45760
"(0.975, 0.9958333333333332)",1,98.72916666666671,45761
"(0.95, 0.9958333333333332)",1,98.72916666666671,45762
"(0.9791666666666666, 0.9958333333333332)",1,98.72916666666671,45763
"(0.9041666666666668, 0.9958333333333332)",1,98.72916666666671,45764
"(0.925, 0.9958333333333332)",1,98.72916666666671,45765
"(0.9916666666666668, 0.9958333333333332)",1,98.72916666666671,45766
"(0.975, 0.9958333333333332)",1,98.7291666666667,45767
"(0.9666666666666668, 0.9958333333333332)",1,98.7291666666667,45768
"(0.8375, 0.9958333333333332)",1,98.7291666666667,45769
"(0.9583333333333334, 0.9958333333333332)",1,98.7291666666667,45770
"(0.9958333333333332, 0.9958333333333332)",1,98.72916666666669,45771
"(0.9458333333333332, 0.9916666666666668)",1,98.72916666666644,45772
"(0.9625, 0.9916666666666668)",1,98.72916666666644,45773
"(0.9208333333333332, 0.9916666666666668)",1,98.72916666666636,45774
"(0.5178030303030303, 0.9988636363636364)",3,98.72840909090914,45777
"(0.9385964912280702, 0.9912280701754386)",1,98.72807017543856,45778
"(0.7763157894736842, 0.9912280701754386)",1,98.72807017543856,45779
"(0.9429824561403508, 0.9912280701754386)",2,98.72807017543856,45781
"(0.8552631578947368, 0.9912280701754386)",3,98.72807017543856,45784
"(0.7719298245614035, 0.9912280701754386)",2,98.72807017543856,45786
"(0.51875, 0.99875)",1,98.72625000000004,45787
"(0.4537878787878788, 1.0)",1,98.7257575757576,45788
"(0.4003787878787879, 0.9977272727272728)",3,98.7253787878788,45791
"(0.9375, 0.9958333333333332)",2,98.7250000000001,45793
"(0.9208333333333332, 0.9958333333333332)",1,98.72500000000008,45794
"(0.9875, 0.9958333333333332)",1,98.72500000000008,45795
"(0.8666666666666667, 0.9958333333333332)",1,98.72500000000008,45796
"(0.9833333333333332, 0.9958333333333332)",2,98.72500000000008,45798
"(0.9833333333333332, 0.9958333333333332)",1,98.72500000000004,45799
"(0.85, 0.9958333333333332)",1,98.72500000000004,45800
"(0.8375, 0.9958333333333332)",1,98.72500000000004,45801
"(0.9416666666666668, 0.9958333333333332)",1,98.72500000000004,45802
"(0.9875, 0.9958333333333332)",1,98.72500000000002,45803
"(0.9583333333333334, 0.9958333333333332)",1,98.72500000000002,45804
"(0.9791666666666666, 0.9958333333333332)",2,98.72500000000002,45806
"(0.975, 0.9958333333333332)",1,98.72500000000002,45807
"(0.9375, 0.9958333333333332)",1,98.72500000000002,45808
"(0.9875, 1.0)",1,98.725,45809
"(0.9958333333333332, 1.0)",1,98.725,45810
"(0.9208333333333332, 0.9958333333333332)",1,98.72499999999998,45811
"(0.975, 1.0)",1,98.72499999999997,45812
"(0.8833333333333333, 0.9916666666666668)",1,98.7249999999998,45813
"(0.9125, 0.9916666666666668)",1,98.72499999999978,45814
"(0.9375, 0.9916666666666668)",1,98.72499999999978,45815
"(0.95, 0.9916666666666668)",1,98.72499999999978,45816
"(0.8958333333333334, 0.9916666666666668)",1,98.72499999999978,45817
"(0.9083333333333332, 0.9916666666666668)",1,98.72499999999978,45818
"(0.9333333333333332, 0.9916666666666668)",1,98.72499999999978,45819
"(0.9416666666666668, 0.9916666666666668)",1,98.72499999999977,45820
"(0.9444444444444444, 0.9861111111111112)",1,98.72222222222244,45821
"(0.9166666666666666, 0.9861111111111112)",1,98.72222222222244,45822
"(0.7638888888888888, 1.0)",1,98.72222222222226,45823
"(0.7777777777777778, 1.0)",1,98.72222222222224,45824
"(0.9166666666666666, 1.0)",3,98.72222222222224,45827
"(0.9583333333333334, 1.0)",1,98.72222222222224,45828
"(0.8194444444444444, 1.0)",7,98.72222222222224,45835
"(0.8472222222222222, 1.0)",1,98.72222222222224,45836
"(0.9583333333333334, 1.0)",1,98.72222222222224,45837
"(0.8333333333333334, 1.0)",4,98.72222222222224,45841
"(0.875, 1.0)",1,98.72222222222224,45842
"(0.9444444444444444, 1.0)",2,98.72222222222224,45844
"(0.9027777777777778, 1.0)",1,98.72222222222224,45845
"(0.6805555555555556, 1.0)",1,98.72222222222224,45846
"(0.8611111111111112, 0.9861111111111112)",1,98.72222222222224,45847
"(0.75, 1.0)",4,98.72222222222224,45851
"(0.8611111111111112, 1.0)",3,98.72222222222224,45854
"(0.7638888888888888, 1.0)",1,98.72222222222224,45855
"(0.7916666666666666, 1.0)",1,98.72222222222224,45856
"(0.6111111111111112, 1.0)",1,98.72222222222224,45857
"(0.7083333333333334, 1.0)",3,98.72222222222224,45860
"(0.9305555555555556, 1.0)",3,98.72222222222224,45863
"(0.8055555555555556, 1.0)",6,98.72222222222224,45869
"(0.7083333333333334, 1.0)",1,98.7222222222222,45870
"(0.8194444444444444, 1.0)",2,98.7222222222222,45872
"(0.7916666666666666, 1.0)",1,98.7222222222222,45873
"(0.9583333333333334, 1.0)",1,98.7222222222222,45874
"(0.8255813953488372, 0.9883720930232558)",1,98.7209302325583,45875
"(0.9186046511627908, 0.9883720930232558)",1,98.7209302325583,45876
"(0.7906976744186046, 1.0)",1,98.72093023255816,45877
"(0.7674418604651163, 1.0)",1,98.72093023255816,45878
"(0.6162790697674418, 1.0)",1,98.72093023255816,45879
"(0.4651162790697674, 1.0)",1,98.72093023255816,45880
"(0.4883720930232558, 1.0)",2,98.72093023255812,45882
"(0.7674418604651163, 1.0)",2,98.72093023255812,45884
"(0.9083333333333332, 0.9958333333333332)",1,98.72083333333345,45885
"(0.9916666666666668, 0.9958333333333332)",1,98.72083333333345,45886
"(1.0, 0.9958333333333332)",1,98.72083333333345,45887
"(0.9208333333333332, 0.9958333333333332)",1,98.72083333333342,45888
"(0.9208333333333332, 0.9958333333333332)",1,98.7208333333334,45889
"(0.9333333333333332, 0.9958333333333332)",1,98.7208333333334,45890
"(0.9625, 0.9958333333333332)",1,98.7208333333334,45891
"(0.95, 0.9958333333333332)",1,98.72083333333336,45892
"(0.5526515151515151, 1.0)",1,98.72083333333336,45893
"(0.4723484848484848, 1.0)",1,98.72083333333336,45894
"(0.9916666666666668, 0.9958333333333332)",1,98.72083333333336,45895
"(0.975, 0.9958333333333332)",1,98.72083333333336,45896
"(0.9833333333333332, 0.9958333333333332)",1,98.72083333333336,45897
"(0.8375, 0.9958333333333332)",1,98.72083333333336,45898
"(0.8791666666666667, 0.9958333333333332)",1,98.72083333333336,45899
"(0.875, 0.9958333333333332)",1,98.72083333333336,45900
"(0.9375, 0.9875)",1,98.72083333333318,45901
"(0.9416666666666668, 0.9916666666666668)",1,98.72083333333303,45902
"(0.7719298245614035, 0.9912280701754386)",1,98.719298245614,45903
"(0.9473684210526316, 0.9912280701754386)",1,98.719298245614,45904
"(0.8552631578947368, 0.9912280701754386)",3,98.719298245614,45907
"(0.9385964912280702, 0.9912280701754386)",2,98.719298245614,45909
"(0.925438596491228, 0.9912280701754386)",1,98.719298245614,45910
"(0.4659090909090909, 0.9981060606060606)",1,98.71818181818183,45911
"(0.8717948717948718, 1.0)",1,98.71794871794872,45912
"(0.9833333333333332, 0.9958333333333332)",1,98.71666666666678,45913
"(0.8958333333333334, 0.9958333333333332)",1,98.71666666666675,45914
"(0.9416666666666668, 0.9958333333333332)",1,98.71666666666675,45915
"(0.9916666666666668, 0.9958333333333332)",1,98.71666666666674,45916
"(0.9708333333333332, 0.9958333333333332)",1,98.71666666666674,45917
"(0.9125, 0.9958333333333332)",1,98.71666666666674,45918
"(0.8666666666666667, 0.9833333333333332)",1,98.71666666666673,45919
"(0.9583333333333334, 0.9958333333333332)",1,98.71666666666673,45920
"(0.8333333333333334, 0.9833333333333332)",2,98.71666666666673,45922
"(0.8333333333333334, 1.0)",1,98.71666666666673,45923
"(0.9333333333333332, 1.0)",1,98.71666666666673,45924
"(0.9208333333333332, 0.9958333333333332)",1,98.71666666666673,45925
"(0.8625, 0.9958333333333332)",1,98.71666666666673,45926
"(0.9166666666666666, 0.9833333333333332)",1,98.71666666666673,45927
"(0.85, 1.0)",2,98.7166666666667,45929
"(0.9833333333333332, 0.9958333333333332)",3,98.7166666666667,45932
"(0.9875, 0.9958333333333332)",1,98.7166666666667,45933
"(0.8875, 0.9958333333333332)",1,98.7166666666667,45934
"(0.9958333333333332, 0.9958333333333332)",1,98.7166666666667,45935
"(0.8666666666666667, 1.0)",1,98.7166666666667,45936
"(0.9, 1.0)",3,98.7166666666667,45939
"(0.8333333333333334, 0.9833333333333332)",1,98.7166666666667,45940
"(0.7333333333333333, 0.9833333333333332)",1,98.7166666666667,45941
"(0.9166666666666666, 1.0)",1,98.7166666666667,45942
"(0.9791666666666666, 0.9958333333333332)",1,98.7166666666667,45943
"(0.9333333333333332, 1.0)",1,98.7166666666667,45944
"(0.8333333333333334, 1.0)",1,98.7166666666667,45945
"(0.9166666666666666, 1.0)",1,98.71666666666668,45946
"(0.6833333333333333, 1.0)",1,98.71666666666668,45947
"(0.85, 1.0)",3,98.71666666666668,45950
"(0.9333333333333332, 1.0)",3,98.71666666666668,45953
"(0.8833333333333333, 1.0)",12,98.71666666666668,45965
"(0.8, 1.0)",3,98.71666666666668,45968
"(0.7666666666666667, 1.0)",1,98.71666666666668,45969
"(0.75, 1.0)",1,98.71666666666668,45970
"(0.8333333333333334, 1.0)",4,98.71666666666668,45974
"(0.4996212121212121, 1.0)",1,98.71666666666668,45975
"(0.8833333333333333, 1.0)",2,98.71666666666668,45977
"(0.8833333333333333, 0.9833333333333332)",1,98.71666666666668,45978
"(0.9166666666666666, 1.0)",2,98.71666666666668,45980
"(0.7166666666666667, 1.0)",1,98.71666666666668,45981
"(1.0, 1.0)",15,98.71666666666668,45996
"(0.8333333333333334, 0.9833333333333332)",1,98.71666666666668,45997
"(0.9833333333333332, 1.0)",6,98.71666666666668,46003
"(0.85, 1.0)",1,98.71666666666668,46004
"(0.8166666666666667, 1.0)",3,98.71666666666668,46007
"(0.9666666666666668, 1.0)",11,98.71666666666668,46018
"(0.7166666666666667, 1.0)",1,98.71666666666668,46019
"(0.8666666666666667, 1.0)",3,98.71666666666668,46022
"(0.9, 1.0)",2,98.71666666666668,46024
"(0.7666666666666667, 1.0)",1,98.71666666666668,46025
"(0.7833333333333333, 1.0)",2,98.71666666666668,46027
"(0.95, 1.0)",3,98.71666666666668,46030
"(0.825, 0.9916666666666668)",1,98.7166666666666,46031
"(0.9875, 1.0)",1,98.7166666666666,46032
"(0.925, 0.9875)",1,98.7166666666665,46033
"(0.9625, 0.9875)",1,98.7166666666665,46034
"(0.9166666666666666, 0.9916666666666668)",1,98.71666666666646,46035
"(0.9208333333333332, 0.9916666666666668)",1,98.71666666666646,46036
"(0.8916666666666667, 0.9916666666666668)",1,98.71666666666644,46037
"(0.9, 0.9916666666666668)",1,98.71666666666644,46038
"(0.9333333333333332, 0.9916666666666668)",1,98.71666666666644,46039
"(0.9166666666666666, 0.9916666666666668)",1,98.71666666666638,46040
"(0.8552631578947368, 0.9912280701754386)",1,98.71491228070174,46041
"(0.8625, 0.9958333333333332)",1,98.71250000000008,46042
"(0.9833333333333332, 0.9958333333333332)",1,98.71250000000008,46043
"(0.9625, 0.9958333333333332)",1,98.71250000000008,46044
"(0.9, 0.9958333333333332)",1,98.71250000000006,46045
"(0.9208333333333332, 0.9958333333333332)",1,98.71250000000006,46046
"(0.8375, 0.9958333333333332)",1,98.71250000000003,46047
"(0.825, 0.9958333333333332)",1,98.71250000000003,46048
"(0.975, 0.9958333333333332)",1,98.71250000000003,46049
"(0.9833333333333332, 0.9958333333333332)",1,98.71250000000003,46050
"(0.9708333333333332, 0.9958333333333332)",1,98.71250000000003,46051
"(0.9791666666666666, 0.9958333333333332)",1,98.71250000000003,46052
"(0.9666666666666668, 0.9958333333333332)",1,98.71250000000003,46053
"(0.95, 0.9958333333333332)",1,98.71250000000003,46054
"(0.9791666666666666, 0.9958333333333332)",1,98.71250000000002,46055
"(0.9875, 1.0)",1,98.71249999999996,46056
"(0.9208333333333332, 0.9958333333333332)",1,98.71249999999992,46057
"(0.9, 0.9875)",1,98.71249999999982,46058
"(0.8833333333333333, 0.9916666666666668)",1,98.7124999999998,46059
"(0.9416666666666668, 0.9916666666666668)",1,98.7124999999998,46060
"(0.9166666666666666, 0.9916666666666668)",1,98.7124999999998,46061
"(0.9541666666666668, 0.9916666666666668)",1,98.7124999999998,46062
"(0.271969696969697, 0.9992424242424244)",3,98.71098484848488,46065
"(0.7719298245614035, 0.9912280701754386)",3,98.71052631578944,46068
"(0.7675438596491229, 0.9912280701754386)",1,98.71052631578944,46069
"(0.9186046511627908, 1.0)",1,98.70930232558143,46070
"(0.3372093023255814, 1.0)",2,98.7093023255814,46072
"(0.5930232558139535, 1.0)",1,98.7093023255814,46073
"(0.4883720930232558, 1.0)",1,98.7093023255814,46074
"(0.872093023255814, 1.0)",1,98.7093023255814,46075
"(0.627906976744186, 1.0)",2,98.7093023255814,46077
"(0.7674418604651163, 1.0)",1,98.7093023255814,46078
"(0.6162790697674418, 1.0)",1,98.7093023255814,46079
"(0.8194444444444444, 1.0)",1,98.70833333333346,46080
"(0.925, 0.9958333333333332)",1,98.70833333333344,46081
"(0.9875, 0.9958333333333332)",1,98.70833333333344,46082
"(0.9291666666666668, 0.9958333333333332)",1,98.70833333333344,46083
"(0.9291666666666668, 0.9958333333333332)",1,98.7083333333334,46084
"(0.9444444444444444, 1.0)",1,98.7083333333334,46085
"(0.85, 0.9958333333333332)",1,98.7083333333334,46086
"(0.9666666666666668, 0.9958333333333332)",1,98.7083333333334,46087
"(0.9166666666666666, 1.0)",1,98.7083333333334,46088
"(0.9375, 0.9958333333333332)",1,98.7083333333334,46089
"(0.9166666666666666, 1.0)",1,98.70833333333336,46090
"(0.9833333333333332, 0.9958333333333332)",2,98.70833333333336,46092
"(0.8958333333333334, 0.9958333333333332)",1,98.70833333333336,46093
"(0.9708333333333332, 0.9958333333333332)",1,98.70833333333336,46094
"(0.9125, 0.9958333333333332)",1,98.70833333333336,46095
"(0.9625, 0.9958333333333332)",1,98.70833333333336,46096
"(0.9875, 0.9958333333333332)",1,98.70833333333336,46097
"(0.9791666666666666, 0.9958333333333332)",1,98.70833333333336,46098
"(0.7777777777777778, 1.0)",1,98.70833333333334,46099
"(0.75, 1.0)",3,98.70833333333334,46102
"(0.875, 1.0)",2,98.70833333333334,46104
"(0.9166666666666666, 1.0)",2,98.70833333333334,46106
"(0.8611111111111112, 1.0)",1,98.70833333333334,46107
"(0.9444444444444444, 1.0)",1,98.70833333333334,46108
"(0.95, 1.0)",1,98.70833333333334,46109
"(0.7361111111111112, 1.0)",1,98.70833333333334,46110
"(0.8472222222222222, 1.0)",2,98.70833333333331,46112
"(0.8611111111111112, 1.0)",2,98.70833333333331,46114
"(0.9305555555555556, 1.0)",2,98.70833333333331,46116
"(0.9166666666666666, 1.0)",3,98.70833333333331,46119
"(0.7638888888888888, 1.0)",2,98.70833333333331,46121
"(0.6805555555555556, 1.0)",1,98.70833333333331,46122
"(0.75, 1.0)",1,98.70833333333331,46123
"(0.8333333333333334, 1.0)",2,98.70833333333331,46125
"(0.9444444444444444, 1.0)",3,98.70833333333331,46128
"(0.9583333333333334, 1.0)",3,98.70833333333331,46131
"(0.8194444444444444, 1.0)",1,98.70833333333331,46132
"(0.7777777777777778, 1.0)",1,98.70833333333331,46133
"(0.7083333333333334, 1.0)",3,98.70833333333331,46136
"(0.625, 1.0)",1,98.70833333333331,46137
"(0.9041666666666668, 0.9958333333333332)",1,98.70833333333329,46138
"(0.9, 0.9875)",1,98.7083333333332,46139
"(0.9208333333333332, 0.9875)",1,98.70833333333316,46140
"(0.8916666666666667, 0.9875)",1,98.70833333333316,46141
"(0.9291666666666668, 0.9875)",2,98.70833333333316,46143
"(0.9, 0.9916666666666668)",1,98.70833333333312,46144
"(0.9166666666666666, 0.9916666666666668)",1,98.70833333333312,46145
"(0.9583333333333334, 0.9916666666666668)",1,98.7083333333331,46146
"(0.9291666666666668, 0.9916666666666668)",1,98.70833333333309,46147
"(0.9385964912280702, 0.9912280701754386)",1,98.70614035087718,46148
"(0.8552631578947368, 0.9912280701754386)",1,98.70614035087718,46149
"(0.5034090909090909, 0.9984848484848484)",3,98.70568181818186,46152
"(0.8076923076923077, 1.0)",1,98.7051282051282,46153
"(0.5512820512820513, 1.0)",1,98.7051282051282,46154
"(0.6794871794871795, 1.0)",1,98.7051282051282,46155
"(0.7307692307692307, 1.0)",1,98.7051282051282,46156
"(0.9375, 0.9958333333333332)",1,98.70416666666678,46157
"(0.95, 0.9958333333333332)",1,98.70416666666677,46158
"(0.925, 0.9958333333333332)",1,98.70416666666677,46159
"(0.9083333333333332, 0.9958333333333332)",1,98.70416666666677,46160
"(0.9625, 0.9958333333333332)",1,98.70416666666677,46161
"(0.9291666666666668, 0.9958333333333332)",1,98.70416666666677,46162
"(0.9, 0.9958333333333332)",1,98.70416666666677,46163
"(0.8958333333333334, 0.9958333333333332)",1,98.70416666666674,46164
"(0.9791666666666666, 0.9958333333333332)",1,98.70416666666674,46165
"(0.9875, 0.9958333333333332)",2,98.70416666666674,46167
"(0.8666666666666667, 0.9958333333333332)",1,98.70416666666674,46168
"(0.9333333333333332, 0.9958333333333332)",1,98.70416666666672,46169
"(0.8958333333333334, 0.9958333333333332)",1,98.70416666666672,46170
"(0.3579545454545454, 0.9973484848484848)",1,98.70416666666672,46171
"(0.975, 0.9958333333333332)",1,98.70416666666672,46172
"(0.9208333333333332, 0.9958333333333332)",1,98.70416666666672,46173
"(0.9791666666666666, 0.9958333333333332)",1,98.7041666666667,46174
"(0.9041666666666668, 0.9958333333333332)",1,98.7041666666667,46175
"(0.4268939393939394, 0.9988636363636364)",3,98.7041666666667,46178
"(0.9916666666666668, 0.9958333333333332)",1,98.7041666666667,46179
"(0.9958333333333332, 0.9958333333333332)",1,98.7041666666667,46180
"(0.95, 1.0)",1,98.70416666666668,46181
"(0.9208333333333332, 0.9916666666666668)",1,98.70416666666662,46182
"(0.975, 1.0)",1,98.70416666666662,46183
"(0.9, 0.9916666666666668)",1,98.70416666666648,46184
"(0.6575, 0.99875)",1,98.7025000000002,46185
"(0.3583333333333333, 0.9992424242424244)",3,98.70227272727274,46188
"(0.9473684210526316, 0.9912280701754386)",1,98.70175438596488,46189
"(0.9035087719298246, 0.9912280701754386)",3,98.70175438596488,46192
"(0.8728070175438597, 0.9912280701754386)",1,98.70175438596488,46193
"(0.6708333333333333, 0.9992424242424244)",1,98.7007575757576,46194
"(0.9875, 0.9958333333333332)",1,98.70000000000012,46195
"(0.9791666666666666, 0.9958333333333332)",1,98.7000000000001,46196
"(0.8625, 0.9958333333333332)",2,98.70000000000007,46198
"(0.9166666666666666, 0.9958333333333332)",1,98.70000000000007,46199
"(0.925, 0.9958333333333332)",1,98.70000000000006,46200
"(0.9333333333333332, 0.9833333333333332)",1,98.70000000000005,46201
"(0.8666666666666667, 1.0)",1,98.70000000000005,46202
"(0.8375, 0.9958333333333332)",1,98.70000000000005,46203
"(0.8791666666666667, 0.9958333333333332)",1,98.70000000000005,46204
"(0.9833333333333332, 0.9958333333333332)",1,98.70000000000005,46205
"(0.75, 1.0)",1,98.70000000000005,46206
"(0.975, 0.9958333333333332)",1,98.70000000000005,46207
"(0.9708333333333332, 0.9958333333333332)",1,98.70000000000005,46208
"(0.9166666666666666, 1.0)",2,98.70000000000005,46210
"(0.9541666666666668, 0.9958333333333332)",1,98.70000000000005,46211
"(0.9166666666666666, 0.9833333333333332)",1,98.70000000000005,46212
"(0.8, 1.0)",1,98.70000000000005,46213
"(0.9875, 0.9958333333333332)",1,98.70000000000005,46214
"(0.9, 0.9666666666666668)",1,98.70000000000005,46215
"(0.9625, 0.9958333333333332)",2,98.70000000000005,46217
"(0.85, 0.9833333333333332)",2,98.70000000000002,46219
"(0.9, 1.0)",1,98.70000000000002,46220
"(0.7666666666666667, 0.9833333333333332)",1,98.70000000000002,46221
"(0.85, 1.0)",1,98.70000000000002,46222
"(0.7666666666666667, 1.0)",4,98.70000000000002,46226
"(0.4462121212121212, 0.9988636363636364)",1,98.70000000000002,46227
"(0.8166666666666667, 1.0)",1,98.70000000000002,46228
"(0.8333333333333334, 1.0)",1,98.70000000000002,46229
"(0.9166666666666666, 1.0)",1,98.70000000000002,46230
"(0.8833333333333333, 1.0)",1,98.70000000000002,46231
"(0.95, 1.0)",1,98.70000000000002,46232
"(1.0, 1.0)",1,98.70000000000002,46233
"(0.95, 0.9958333333333332)",2,98.70000000000002,46235
"(0.8166666666666667, 1.0)",1,98.7,46236
"(0.8833333333333333, 1.0)",4,98.7,46240
"(0.7666666666666667, 1.0)",1,98.7,46241
"(0.8166666666666667, 1.0)",2,98.7,46243
"(0.9833333333333332, 1.0)",1,98.7,46244
"(0.7166666666666667, 1.0)",2,98.7,46246
"(0.9666666666666668, 1.0)",4,98.7,46250
"(0.6833333333333333, 1.0)",2,98.7,46252
"(1.0, 1.0)",1,98.7,46253
"(0.85, 1.0)",1,98.7,46254
"(0.75, 1.0)",1,98.7,46255
"(0.7, 1.0)",4,98.7,46259
"(0.7666666666666667, 1.0)",1,98.7,46260
"(0.8666666666666667, 1.0)",1,98.7,46261
"(0.95, 1.0)",2,98.7,46263
"(0.9833333333333332, 1.0)",1,98.7,46264
"(0.9333333333333332, 1.0)",4,98.7,46268
"(1.0, 1.0)",1,98.7,46269
"(0.6666666666666666, 1.0)",1,98.7,46270
"(0.8666666666666667, 1.0)",5,98.7,46275
"(0.9166666666666666, 1.0)",2,98.7,46277
"(0.9166666666666666, 1.0)",3,98.7,46280
"(0.85, 1.0)",4,98.7,46284
"(0.8, 1.0)",3,98.7,46287
"(0.8333333333333334, 1.0)",2,98.7,46289
"(0.9416666666666668, 0.9958333333333332)",1,98.69999999999996,46290
"(0.9666666666666668, 0.9875)",1,98.69999999999985,46291
"(0.9333333333333332, 0.9875)",1,98.69999999999985,46292
"(0.9291666666666668, 0.9916666666666668)",1,98.6999999999998,46293
"(0.8625, 0.9916666666666668)",1,98.6999999999998,46294
"(0.925, 0.9916666666666668)",2,98.69999999999976,46296
"(0.9186046511627908, 0.9883720930232558)",1,98.69767441860482,46297
"(0.9418604651162792, 0.9883720930232558)",1,98.6976744186048,46298
"(0.8953488372093024, 1.0)",1,98.69767441860468,46299
"(0.8255813953488372, 1.0)",1,98.69767441860463,46300
"(0.3372093023255814, 1.0)",1,98.69767441860463,46301
"(0.6162790697674418, 1.0)",1,98.69767441860463,46302
"(0.9429824561403508, 0.9912280701754386)",1,98.69736842105262,46303
"(0.9473684210526316, 0.9912280701754386)",1,98.69736842105262,46304
"(0.8552631578947368, 0.9912280701754386)",3,98.69736842105262,46307
"(0.443560606060606, 0.9992424242424244)",3,98.69659090909092,46310
"(0.5348484848484848, 0.9992424242424244)",1,98.69621212121214,46311
"(0.9583333333333334, 0.9958333333333332)",1,98.69583333333344,46312
"(0.95, 0.9958333333333332)",1,98.6958333333334,46313
"(0.8541666666666666, 0.9958333333333332)",1,98.6958333333334,46314
"(0.9833333333333332, 0.9958333333333332)",1,98.69583333333338,46315
"(0.8583333333333333, 0.9958333333333332)",1,98.69583333333338,46316
"(0.9208333333333332, 0.9958333333333332)",2,98.69583333333335,46318
"(0.9916666666666668, 0.9958333333333332)",2,98.69583333333335,46320
"(0.9875, 0.9958333333333332)",1,98.69583333333335,46321
"(0.9083333333333332, 0.9958333333333332)",1,98.69583333333335,46322
"(0.9833333333333332, 0.9958333333333332)",1,98.69583333333335,46323
"(0.975, 1.0)",1,98.69583333333334,46324
"(0.9583333333333334, 0.9958333333333332)",1,98.69583333333333,46325
"(0.9541666666666668, 0.9958333333333332)",1,98.69583333333333,46326
"(0.9791666666666666, 0.9916666666666668)",1,98.69583333333328,46327
"(0.9875, 0.9916666666666668)",1,98.6958333333332,46328
"(0.95, 0.9875)",1,98.6958333333332,46329
"(0.95, 0.9875)",1,98.69583333333316,46330
"(0.9375, 0.9916666666666668)",1,98.69583333333313,46331
"(0.8916666666666667, 0.9916666666666668)",1,98.69583333333313,46332
"(0.8958333333333334, 0.9916666666666668)",1,98.69583333333308,46333
"(0.9291666666666668, 0.9916666666666668)",2,98.69583333333306,46335
"(0.5768939393939394, 1.0)",1,98.69469696969698,46336
"(0.8194444444444444, 1.0)",2,98.69444444444444,46338
"(0.8333333333333334, 1.0)",2,98.69444444444444,46340
"(0.9444444444444444, 1.0)",3,98.69444444444444,46343
"(0.8888888888888888, 1.0)",1,98.69444444444444,46344
"(0.8611111111111112, 1.0)",2,98.69444444444444,46346
"(0.7777777777777778, 1.0)",1,98.69444444444444,46347
"(0.9166666666666666, 1.0)",1,98.69444444444444,46348
"(0.875, 1.0)",1,98.69444444444444,46349
"(0.7083333333333334, 1.0)",3,98.69444444444444,46352
"(0.7361111111111112, 1.0)",3,98.69444444444444,46355
"(0.9305555555555556, 1.0)",2,98.69444444444444,46357
"(0.75, 1.0)",2,98.69444444444444,46359
"(0.6944444444444444, 1.0)",1,98.69444444444444,46360
"(0.7638888888888888, 1.0)",1,98.69444444444444,46361
"(0.8472222222222222, 1.0)",1,98.69444444444444,46362
"(0.9027777777777778, 1.0)",3,98.69444444444444,46365
"(0.9583333333333334, 1.0)",4,98.69444444444444,46369
"(0.7777777777777778, 1.0)",1,98.69444444444444,46370
"(0.4515151515151515, 1.0)",3,98.6943181818182,46373
"(0.4901515151515151, 0.999621212121212)",1,98.6943181818182,46374
"(0.9429824561403508, 0.9912280701754386)",1,98.69298245614034,46375
"(0.8552631578947368, 0.9912280701754386)",1,98.69298245614031,46376
"(0.8728070175438597, 0.9912280701754386)",1,98.69298245614031,46377
"(0.9385964912280702, 0.9912280701754386)",1,98.69298245614031,46378
"(0.51875, 1.0)",1,98.69250000000014,46379
"(0.4284090909090909, 0.9992424242424244)",2,98.69242424242428,46381
"(0.9958333333333332, 0.9958333333333332)",1,98.69166666666678,46382
"(0.9916666666666668, 0.9958333333333332)",1,98.69166666666676,46383
"(0.975, 0.9958333333333332)",1,98.69166666666676,46384
"(0.9875, 0.9958333333333332)",1,98.69166666666676,46385
"(0.9791666666666666, 0.9958333333333332)",1,98.69166666666676,46386
"(0.9208333333333332, 0.9958333333333332)",1,98.69166666666672,46387
"(0.8625, 0.9958333333333332)",2,98.69166666666672,46389
"(0.925, 0.9958333333333332)",1,98.69166666666672,46390
"(0.9625, 0.9958333333333332)",1,98.69166666666672,46391
"(0.9333333333333332, 0.9958333333333332)",1,98.69166666666672,46392
"(0.9375, 0.9958333333333332)",1,98.6916666666667,46393
"(0.9666666666666668, 0.9958333333333332)",1,98.69166666666668,46394
"(0.9958333333333332, 0.9958333333333332)",1,98.69166666666668,46395
"(0.9333333333333332, 0.9958333333333332)",1,98.69166666666668,46396
"(0.9, 0.9916666666666668)",1,98.69166666666646,46397
"(0.9333333333333332, 0.9916666666666668)",1,98.69166666666646,46398
"(0.925, 0.9916666666666668)",1,98.69166666666646,46399
"(0.9541666666666668, 0.9916666666666668)",1,98.69166666666646,46400
"(0.9375, 0.9916666666666668)",1,98.69166666666644,46401
"(0.8625, 0.9916666666666668)",1,98.69166666666644,46402
"(0.9208333333333332, 0.9916666666666668)",1,98.6916666666664,46403
"(0.5545454545454546, 0.999621212121212)",1,98.69128787878788,46404
"(0.4602272727272727, 0.9988636363636364)",3,98.69053030303031,46407
"(0.6575757575757576, 0.9988636363636364)",3,98.69015151515156,46410
"(0.4132575757575757, 0.9992424242424244)",3,98.69015151515153,46413
"(0.8859649122807017, 0.9912280701754386)",1,98.68859649122804,46414
"(0.8552631578947368, 0.9912280701754386)",1,98.68859649122804,46415
"(0.4890151515151515, 0.9973484848484848)",1,98.68825757575765,46416
"(0.9375, 0.9958333333333332)",1,98.68750000000011,46417
"(0.9291666666666668, 0.9958333333333332)",1,98.6875000000001,46418
"(0.9333333333333332, 0.9958333333333332)",1,98.68750000000009,46419
"(0.9625, 0.9958333333333332)",1,98.68750000000009,46420
"(0.9833333333333332, 0.9958333333333332)",1,98.68750000000009,46421
"(0.9708333333333332, 0.9958333333333332)",1,98.68750000000009,46422
"(0.8625, 0.9958333333333332)",1,98.68750000000009,46423
"(0.9333333333333332, 0.9958333333333332)",1,98.68750000000009,46424
"(0.9375, 0.9958333333333332)",1,98.68750000000009,46425
"(0.85, 0.9958333333333332)",1,98.68750000000009,46426
"(0.9625, 0.9958333333333332)",1,98.68750000000006,46427
"(0.9791666666666666, 0.9958333333333332)",1,98.68750000000004,46428
"(0.9333333333333332, 0.9958333333333332)",2,98.68750000000004,46430
"(0.9166666666666666, 0.9958333333333332)",1,98.68750000000004,46431
"(0.975, 0.9958333333333332)",2,98.68750000000004,46433
"(0.9625, 0.9958333333333332)",1,98.68750000000004,46434
"(0.9666666666666668, 0.9958333333333332)",2,98.68750000000004,46436
"(0.9375, 0.9875)",1,98.6875,46437
"(0.9083333333333332, 0.9958333333333332)",1,98.68749999999991,46438
"(0.9375, 0.9916666666666668)",2,98.68749999999984,46440
"(0.9333333333333332, 0.9875)",1,98.68749999999984,46441
"(0.9291666666666668, 0.9875)",1,98.68749999999984,46442
"(0.9875, 0.9875)",1,98.68749999999984,46443
"(0.9916666666666668, 0.9916666666666668)",1,98.6874999999998,46444
"(0.8791666666666667, 0.9916666666666668)",1,98.6874999999998,46445
"(0.8958333333333334, 0.9916666666666668)",2,98.68749999999976,46447
"(0.9125, 0.9916666666666668)",1,98.68749999999972,46448
"(0.9186046511627908, 0.9883720930232558)",2,98.68604651162808,46450
"(0.7906976744186046, 0.9883720930232558)",1,98.68604651162808,46451
"(0.8255813953488372, 0.9883720930232558)",1,98.68604651162808,46452
"(0.8488372093023255, 0.9883720930232558)",1,98.68604651162808,46453
"(0.9418604651162792, 0.9883720930232558)",1,98.68604651162806,46454
"(0.9186046511627908, 1.0)",1,98.68604651162792,46455
"(0.7674418604651163, 1.0)",1,98.68604651162792,46456
"(0.872093023255814, 1.0)",1,98.68604651162792,46457
"(0.7325581395348837, 1.0)",1,98.68604651162792,46458
"(0.8255813953488372, 1.0)",2,98.6860465116279,46460
"(0.5458333333333333, 0.9992424242424244)",1,98.68598484848486,46461
"(0.4227272727272727, 0.9988636363636364)",1,98.68598484848486,46462
"(0.9429824561403508, 0.9912280701754386)",1,98.68421052631577,46463
"(0.6215909090909091, 0.999621212121212)",3,98.68409090909093,46466
"(0.9833333333333332, 0.9958333333333332)",1,98.68333333333344,46467
"(0.8916666666666667, 0.9958333333333332)",1,98.6833333333334,46468
"(0.9833333333333332, 0.9958333333333332)",1,98.6833333333334,46469
"(0.9333333333333332, 1.0)",1,98.68333333333338,46470
"(0.8958333333333334, 0.9958333333333332)",1,98.68333333333338,46471
"(0.9791666666666666, 0.9958333333333332)",2,98.68333333333337,46473
"(0.825, 0.9958333333333332)",1,98.68333333333337,46474
"(0.7833333333333333, 1.0)",1,98.68333333333337,46475
"(0.9333333333333332, 1.0)",1,98.68333333333337,46476
"(0.9, 0.9958333333333332)",1,98.68333333333337,46477
"(0.8166666666666667, 1.0)",1,98.68333333333337,46478
"(0.9916666666666668, 0.9958333333333332)",1,98.68333333333337,46479
"(0.9833333333333332, 1.0)",1,98.68333333333337,46480
"(0.8333333333333334, 1.0)",2,98.68333333333337,46482
"(0.8833333333333333, 1.0)",1,98.68333333333337,46483
"(0.9833333333333332, 0.9958333333333332)",2,98.68333333333337,46485
"(0.8666666666666667, 1.0)",1,98.68333333333337,46486
"(0.9, 1.0)",2,98.68333333333337,46488
"(0.7666666666666667, 1.0)",2,98.68333333333337,46490
"(0.5848484848484848, 0.9992424242424244)",1,98.68333333333337,46491
"(0.75, 1.0)",1,98.68333333333337,46492
"(0.9875, 0.9958333333333332)",1,98.68333333333337,46493
"(0.975, 0.9958333333333332)",3,98.68333333333337,46496
"(0.8, 0.9833333333333332)",3,98.68333333333337,46499
"(0.9166666666666666, 1.0)",3,98.68333333333337,46502
"(0.9333333333333332, 1.0)",2,98.68333333333337,46504
"(0.9666666666666668, 1.0)",1,98.68333333333337,46505
"(0.8666666666666667, 1.0)",1,98.68333333333337,46506
"(0.8166666666666667, 1.0)",4,98.68333333333334,46510
"(0.95, 1.0)",3,98.68333333333334,46513
"(0.8, 1.0)",2,98.68333333333334,46515
"(0.7166666666666667, 1.0)",8,98.68333333333334,46523
"(0.8833333333333333, 1.0)",2,98.68333333333334,46525
"(0.9333333333333332, 1.0)",8,98.68333333333334,46533
"(0.9666666666666668, 1.0)",2,98.68333333333334,46535
"(0.7, 1.0)",4,98.68333333333334,46539
"(0.6833333333333333, 1.0)",2,98.68333333333334,46541
"(0.9833333333333332, 1.0)",6,98.68333333333334,46547
"(1.0, 1.0)",2,98.68333333333334,46549
"(0.8333333333333334, 1.0)",2,98.68333333333334,46551
"(0.8666666666666667, 1.0)",7,98.68333333333334,46558
"(0.7833333333333333, 1.0)",1,98.68333333333334,46559
"(0.7333333333333333, 1.0)",3,98.68333333333334,46562
"(0.9, 1.0)",6,98.68333333333334,46568
"(0.543939393939394, 0.999621212121212)",3,98.68333333333334,46571
"(0.85, 1.0)",3,98.68333333333334,46574
"(0.9708333333333332, 0.9791666666666666)",1,98.6833333333333,46575
"(0.9208333333333332, 0.9875)",1,98.6833333333332,46576
"(0.95, 0.9916666666666668)",1,98.68333333333318,46577
"(0.9375, 0.9875)",1,98.68333333333317,46578
"(0.975, 0.9875)",1,98.68333333333317,46579
"(0.9291666666666668, 0.9875)",2,98.68333333333317,46581
"(0.9333333333333332, 0.9916666666666668)",1,98.68333333333312,46582
"(0.925, 0.9916666666666668)",1,98.68333333333312,46583
"(0.9375, 0.9916666666666668)",1,98.68333333333312,46584
"(0.9291666666666668, 0.9916666666666668)",1,98.68333333333312,46585
"(0.9333333333333332, 0.9916666666666668)",1,98.68333333333308,46586
"(0.9027777777777778, 0.9861111111111112)",1,98.68055555555576,46587
"(0.8472222222222222, 0.9861111111111112)",1,98.6805555555556,46588
"(0.9027777777777778, 1.0)",1,98.68055555555556,46589
"(0.6805555555555556, 1.0)",2,98.68055555555556,46591
"(0.8472222222222222, 1.0)",1,98.68055555555556,46592
"(0.8194444444444444, 1.0)",2,98.68055555555556,46594
"(0.5972222222222222, 1.0)",1,98.68055555555556,46595
"(0.9027777777777778, 1.0)",1,98.68055555555556,46596
"(0.7083333333333334, 1.0)",8,98.68055555555556,46604
"(0.7916666666666666, 1.0)",1,98.68055555555556,46605
"(0.75, 1.0)",1,98.68055555555556,46606
"(0.9444444444444444, 1.0)",1,98.68055555555556,46607
"(0.6111111111111112, 1.0)",1,98.68055555555556,46608
"(0.9583333333333334, 1.0)",1,98.68055555555556,46609
"(0.9444444444444444, 1.0)",1,98.68055555555556,46610
"(0.9166666666666666, 1.0)",3,98.68055555555556,46613
"(0.8611111111111112, 1.0)",4,98.68055555555556,46617
"(0.9305555555555556, 1.0)",1,98.68055555555554,46618
"(0.8888888888888888, 1.0)",2,98.68055555555554,46620
"(0.8055555555555556, 1.0)",1,98.68055555555554,46621
"(0.7916666666666666, 1.0)",1,98.68055555555554,46622
"(0.49375, 1.0)",1,98.68000000000008,46623
"(0.9035087719298246, 0.9912280701754386)",1,98.67982456140348,46624
"(0.8552631578947368, 0.9912280701754386)",3,98.67982456140348,46627
"(0.8859649122807017, 0.9912280701754386)",1,98.67982456140348,46628
"(0.9078947368421052, 0.9912280701754386)",3,98.67982456140348,46631
"(0.925438596491228, 0.9912280701754386)",1,98.67982456140348,46632
"(0.7948717948717948, 1.0)",1,98.67948717948718,46633
"(0.7435897435897436, 1.0)",1,98.67948717948718,46634
"(0.6025641025641025, 1.0)",1,98.67948717948718,46635
"(0.717948717948718, 1.0)",1,98.67948717948718,46636
"(0.9833333333333332, 0.9958333333333332)",1,98.6791666666668,46637
"(0.8916666666666667, 0.9958333333333332)",1,98.67916666666676,46638
"(0.95, 0.9958333333333332)",1,98.67916666666672,46639
"(0.9875, 0.9958333333333332)",1,98.6791666666667,46640
"(0.9625, 0.9958333333333332)",1,98.6791666666667,46641
"(0.9375, 0.9958333333333332)",1,98.6791666666667,46642
"(0.9708333333333332, 0.9958333333333332)",1,98.6791666666667,46643
"(0.9833333333333332, 0.9958333333333332)",1,98.6791666666667,46644
"(0.9916666666666668, 0.9958333333333332)",1,98.6791666666667,46645
"(0.4863636363636364, 0.9992424242424244)",3,98.67916666666667,46648
"(0.9833333333333332, 0.975)",1,98.6791666666666,46649
"(0.9458333333333332, 0.9916666666666668)",1,98.67916666666656,46650
"(0.8958333333333334, 0.9875)",1,98.67916666666652,46651
"(0.9458333333333332, 0.9875)",1,98.67916666666648,46652
"(0.9625, 0.9916666666666668)",1,98.67916666666646,46653
"(0.8625, 0.9916666666666668)",1,98.6791666666664,46654
"(0.9, 0.9916666666666668)",1,98.6791666666664,46655
"(0.7149122807017544, 0.9912280701754386)",1,98.6754385964912,46656
"(0.9429824561403508, 0.9912280701754386)",1,98.6754385964912,46657
"(0.7763157894736842, 0.9912280701754386)",1,98.6754385964912,46658
"(0.8859649122807017, 0.9912280701754386)",1,98.6754385964912,46659
"(0.95, 0.9958333333333332)",1,98.67500000000013,46660
"(0.9458333333333332, 0.9958333333333332)",2,98.6750000000001,46662
"(0.975, 0.9958333333333332)",1,98.6750000000001,46663
"(0.9333333333333332, 0.9958333333333332)",1,98.6750000000001,46664
"(0.9916666666666668, 0.9958333333333332)",1,98.6750000000001,46665
"(0.9291666666666668, 0.9958333333333332)",2,98.6750000000001,46667
"(0.9666666666666668, 0.9958333333333332)",2,98.67500000000008,46669
"(0.9708333333333332, 0.9958333333333332)",1,98.67500000000008,46670
"(0.8625, 0.9958333333333332)",1,98.67500000000008,46671
"(0.8625, 0.9958333333333332)",1,98.67500000000004,46672
"(0.95, 0.9958333333333332)",1,98.67500000000004,46673
"(0.9916666666666668, 0.9958333333333332)",1,98.67500000000004,46674
"(0.9541666666666668, 0.9958333333333332)",1,98.67500000000004,46675
"(0.9708333333333332, 0.9958333333333332)",2,98.67500000000004,46677
"(0.9833333333333332, 0.9958333333333332)",1,98.67500000000004,46678
"(0.9375, 0.9958333333333332)",1,98.67500000000004,46679
"(0.975, 1.0)",1,98.675,46680
"(0.8875, 0.9875)",1,98.67499999999993,46681
"(0.8916666666666667, 0.9916666666666668)",1,98.67499999999993,46682
"(0.9208333333333332, 0.9875)",1,98.67499999999984,46683
"(0.9666666666666668, 0.9875)",1,98.67499999999984,46684
"(0.9416666666666668, 0.9875)",1,98.67499999999984,46685
"(0.9458333333333332, 0.9916666666666668)",1,98.67499999999978,46686
"(0.95, 0.9916666666666668)",1,98.67499999999971,46687
"(0.5443181818181818, 0.9973484848484848)",1,98.67462121212124,46688
"(0.8255813953488372, 0.9883720930232558)",1,98.67441860465132,46689
"(0.8837209302325582, 0.9883720930232558)",1,98.67441860465132,46690
"(0.9302325581395348, 0.9883720930232558)",2,98.67441860465132,46692
"(0.9418604651162792, 0.9883720930232558)",1,98.67441860465132,46693
"(0.8372093023255814, 0.9883720930232558)",1,98.67441860465132,46694
"(0.872093023255814, 0.9883720930232558)",1,98.67441860465132,46695
"(0.6162790697674418, 1.0)",1,98.67441860465117,46696
"(0.4883720930232558, 1.0)",1,98.67441860465117,46697
"(0.7441860465116279, 1.0)",1,98.67441860465117,46698
"(0.8372093023255814, 1.0)",1,98.67441860465117,46699
"(0.8255813953488372, 1.0)",2,98.67441860465117,46701
"(0.4382575757575757, 0.9992424242424244)",3,98.67424242424246,46704
"(0.3814393939393939, 0.9992424242424244)",3,98.67386363636363,46707
"(0.4753787878787879, 0.9988636363636364)",3,98.67272727272729,46710
"(0.5890151515151515, 0.9950757575757576)",1,98.6719696969698,46711
"(0.9429824561403508, 0.9912280701754386)",1,98.67105263157892,46712
"(0.7105263157894737, 0.9912280701754386)",1,98.67105263157892,46713
"(0.9035087719298246, 0.9912280701754386)",1,98.67105263157892,46714
"(0.8859649122807017, 0.9912280701754386)",1,98.67105263157892,46715
"(0.8375, 0.9958333333333332)",1,98.6708333333334,46716
"(0.8791666666666667, 0.9958333333333332)",1,98.6708333333334,46717
"(0.9625, 0.9958333333333332)",1,98.6708333333334,46718
"(0.9916666666666668, 0.9958333333333332)",2,98.67083333333338,46720
"(0.9541666666666668, 0.9958333333333332)",2,98.67083333333336,46722
"(0.9625, 0.9958333333333332)",2,98.67083333333336,46724
"(0.9875, 0.9958333333333332)",1,98.67083333333336,46725
"(0.9708333333333332, 0.9958333333333332)",1,98.67083333333336,46726
"(0.9375, 0.9958333333333332)",1,98.67083333333332,46727
"(0.9291666666666668, 0.9833333333333332)",1,98.6708333333333,46728
"(0.9583333333333334, 0.9958333333333332)",1,98.67083333333328,46729
"(0.9208333333333332, 0.9875)",1,98.67083333333316,46730
"(0.9, 0.9916666666666668)",1,98.67083333333312,46731
"(0.9416666666666668, 0.9916666666666668)",1,98.67083333333312,46732
"(0.8958333333333334, 0.9916666666666668)",1,98.67083333333308,46733
"(0.8666666666666667, 0.9916666666666668)",1,98.67083333333306,46734
"(0.9375, 0.9916666666666668)",1,98.67083333333304,46735
"(0.4753787878787879, 1.0)",2,98.67045454545456,46737
"(0.4825757575757576, 1.0)",3,98.669696969697,46740
"(0.431060606060606, 0.999621212121212)",2,98.66893939393944,46742
"(0.4079545454545454, 0.9992424242424244)",3,98.66818181818182,46745
"(0.440530303030303, 0.999621212121212)",3,98.66704545454547,46748
"(0.9166666666666666, 0.9861111111111112)",1,98.66666666666688,46749
"(0.9833333333333332, 0.9958333333333332)",1,98.66666666666676,46750
"(0.9666666666666668, 0.9958333333333332)",1,98.66666666666674,46751
"(0.9444444444444444, 1.0)",1,98.66666666666671,46752
"(0.8333333333333334, 1.0)",1,98.66666666666671,46753
"(0.9166666666666666, 0.9833333333333332)",1,98.66666666666671,46754
"(0.9, 0.9958333333333332)",1,98.66666666666671,46755
"(0.925, 0.9958333333333332)",1,98.66666666666671,46756
"(0.9875, 0.9958333333333332)",1,98.6666666666667,46757
"(0.8833333333333333, 1.0)",2,98.6666666666667,46759
"(0.9833333333333332, 1.0)",1,98.6666666666667,46760
"(0.8625, 0.9958333333333332)",1,98.6666666666667,46761
"(0.8708333333333333, 0.9958333333333332)",1,98.6666666666667,46762
"(0.9541666666666668, 0.9958333333333332)",1,98.6666666666667,46763
"(0.7333333333333333, 1.0)",2,98.6666666666667,46765
"(0.8958333333333334, 0.9958333333333332)",1,98.6666666666667,46766
"(0.8166666666666667, 0.9833333333333332)",1,98.6666666666667,46767
"(0.8, 1.0)",1,98.6666666666667,46768
"(0.85, 1.0)",1,98.6666666666667,46769
"(0.9791666666666666, 0.9958333333333332)",2,98.6666666666667,46771
"(0.9916666666666668, 0.9958333333333332)",1,98.6666666666667,46772
"(0.8833333333333333, 0.9833333333333332)",1,98.6666666666667,46773
"(0.925, 0.9958333333333332)",1,98.6666666666667,46774
"(0.9666666666666668, 0.9958333333333332)",2,98.6666666666667,46776
"(0.8166666666666667, 1.0)",1,98.66666666666669,46777
"(0.8666666666666667, 1.0)",2,98.66666666666669,46779
"(0.8611111111111112, 1.0)",2,98.66666666666669,46781
"(0.7361111111111112, 1.0)",1,98.66666666666669,46782
"(0.9666666666666668, 1.0)",3,98.66666666666669,46785
"(0.95, 1.0)",1,98.66666666666669,46786
"(0.9666666666666668, 1.0)",2,98.66666666666669,46788
"(0.9027777777777778, 1.0)",2,98.66666666666669,46790
"(0.9333333333333332, 1.0)",2,98.66666666666669,46792
"(0.7333333333333333, 1.0)",1,98.66666666666669,46793
"(0.7333333333333333, 1.0)",2,98.66666666666669,46795
"(0.8708333333333333, 0.9958333333333332)",1,98.66666666666669,46796
"(0.6794871794871795, 1.0)",5,98.66666666666669,46801
"(0.75, 1.0)",1,98.66666666666669,46802
"(0.7083333333333334, 1.0)",1,98.66666666666669,46803
"(0.7777777777777778, 1.0)",1,98.66666666666669,46804
"(0.7777777777777778, 0.9861111111111112)",1,98.66666666666669,46805
"(0.8333333333333334, 1.0)",1,98.66666666666669,46806
"(0.75, 1.0)",1,98.66666666666669,46807
"(0.85, 1.0)",5,98.66666666666669,46812
"(0.6833333333333333, 1.0)",1,98.66666666666669,46813
"(0.7638888888888888, 1.0)",1,98.66666666666669,46814
"(0.875, 1.0)",1,98.66666666666669,46815
"(0.8666666666666667, 1.0)",1,98.66666666666669,46816
"(0.7666666666666667, 1.0)",2,98.66666666666669,46818
"(0.8666666666666667, 0.9833333333333332)",1,98.66666666666669,46819
"(0.8166666666666667, 1.0)",1,98.66666666666669,46820
"(1.0, 1.0)",5,98.66666666666669,46825
"(0.9166666666666666, 1.0)",5,98.66666666666669,46830
"(0.6805555555555556, 1.0)",1,98.66666666666669,46831
"(0.95, 1.0)",1,98.66666666666666,46832
"(0.9027777777777778, 1.0)",3,98.66666666666666,46835
"(0.9833333333333332, 1.0)",5,98.66666666666666,46840
"(0.75, 1.0)",4,98.66666666666666,46844
"(0.8666666666666667, 1.0)",1,98.66666666666666,46845
"(0.8166666666666667, 1.0)",1,98.66666666666666,46846
"(0.7638888888888888, 1.0)",5,98.66666666666666,46851
"(0.7777777777777778, 1.0)",2,98.66666666666666,46853
"(0.8833333333333333, 1.0)",1,98.66666666666666,46854
"(0.7222222222222222, 1.0)",1,98.66666666666666,46855
"(0.9444444444444444, 1.0)",3,98.66666666666666,46858
"(0.9429824561403508, 0.9912280701754386)",3,98.66666666666666,46861
"(0.8888888888888888, 1.0)",1,98.66666666666666,46862
"(0.8194444444444444, 1.0)",2,98.66666666666666,46864
"(0.9, 1.0)",5,98.66666666666666,46869
"(0.9583333333333334, 1.0)",3,98.66666666666666,46872
"(0.7666666666666667, 1.0)",2,98.66666666666666,46874
"(0.9666666666666668, 1.0)",1,98.66666666666666,46875
"(1.0, 1.0)",7,98.66666666666666,46882
"(0.7916666666666666, 1.0)",1,98.66666666666666,46883
"(0.7333333333333333, 1.0)",2,98.66666666666666,46885
"(0.85, 1.0)",2,98.66666666666666,46887
"(0.95, 0.9958333333333332)",1,98.66666666666666,46888
"(0.8333333333333334, 1.0)",5,98.66666666666666,46893
"(0.8, 1.0)",1,98.66666666666666,46894
"(0.8205128205128205, 1.0)",1,98.66666666666666,46895
"(0.8611111111111112, 1.0)",2,98.66666666666666,46897
"(0.9078947368421052, 0.9912280701754386)",1,98.66666666666664,46898
"(0.7149122807017544, 0.9912280701754386)",1,98.66666666666664,46899
"(0.7675438596491229, 0.9912280701754386)",1,98.66666666666664,46900
"(0.8552631578947368, 0.9912280701754386)",1,98.66666666666664,46901
"(0.9083333333333332, 0.9958333333333332)",1,98.6666666666666,46902
"(0.85, 0.9958333333333332)",1,98.6666666666666,46903
"(0.9833333333333332, 0.9916666666666668)",1,98.66666666666656,46904
"(0.9333333333333332, 0.9916666666666668)",1,98.66666666666652,46905
"(0.9416666666666668, 0.9916666666666668)",1,98.66666666666652,46906
"(0.975, 0.9875)",1,98.6666666666665,46907
"(0.9416666666666668, 0.9875)",1,98.6666666666665,46908
"(0.925, 0.9875)",2,98.66666666666649,46910
"(0.925, 0.9916666666666668)",2,98.66666666666646,46912
"(0.9416666666666668, 0.9916666666666668)",1,98.66666666666646,46913
"(0.8958333333333334, 0.9916666666666668)",1,98.66666666666642,46914
"(0.9208333333333332, 0.9916666666666668)",1,98.6666666666664,46915
"(0.9208333333333332, 0.9916666666666668)",1,98.66666666666636,46916
"(0.9333333333333332, 0.9916666666666668)",1,98.66666666666636,46917
"(0.5034090909090909, 0.9965909090909092)",1,98.6647727272728,46918
"(0.4556818181818182, 0.9981060606060606)",1,98.66439393939396,46919
"(0.3, 0.9988636363636364)",1,98.6628787878788,46920
"(0.8837209302325582, 0.9883720930232558)",1,98.66279069767458,46921
"(0.872093023255814, 0.9883720930232558)",1,98.66279069767458,46922
"(0.9418604651162792, 0.9883720930232558)",2,98.66279069767458,46924
"(0.8372093023255814, 0.9883720930232558)",1,98.66279069767458,46925
"(0.9302325581395348, 0.9883720930232558)",2,98.66279069767458,46927
"(0.9418604651162792, 0.9883720930232558)",1,98.66279069767457,46928
"(0.8953488372093024, 0.9883720930232558)",2,98.66279069767457,46930
"(0.8953488372093024, 1.0)",1,98.66279069767444,46931
"(0.9302325581395348, 1.0)",1,98.66279069767442,46932
"(0.8255813953488372, 1.0)",1,98.66279069767442,46933
"(0.3372093023255814, 1.0)",1,98.6627906976744,46934
"(0.8488372093023255, 1.0)",1,98.6627906976744,46935
"(0.9186046511627908, 1.0)",1,98.6627906976744,46936
"(0.7906976744186046, 1.0)",1,98.6627906976744,46937
"(0.6395348837209303, 1.0)",1,98.6627906976744,46938
"(0.872093023255814, 1.0)",1,98.6627906976744,46939
"(0.4883720930232558, 1.0)",1,98.6627906976744,46940
"(0.9375, 0.9958333333333332)",2,98.66250000000008,46942
"(0.9916666666666668, 0.9958333333333332)",1,98.66250000000008,46943
"(0.875, 0.9958333333333332)",2,98.66250000000008,46945
"(0.9416666666666668, 0.9958333333333332)",1,98.66250000000008,46946
"(0.85, 0.9958333333333332)",1,98.66250000000008,46947
"(0.9791666666666666, 0.9958333333333332)",1,98.66250000000008,46948
"(0.9375, 0.9958333333333332)",1,98.66250000000008,46949
"(0.9916666666666668, 0.9958333333333332)",1,98.66250000000004,46950
"(0.95, 0.9958333333333332)",1,98.66250000000004,46951
"(0.975, 0.9958333333333332)",1,98.66250000000004,46952
"(0.9875, 0.9958333333333332)",1,98.66250000000004,46953
"(0.9833333333333332, 0.9958333333333332)",1,98.66250000000004,46954
"(0.9958333333333332, 0.9958333333333332)",1,98.66250000000004,46955
"(0.875, 0.9958333333333332)",1,98.66250000000004,46956
"(0.9583333333333334, 0.9958333333333332)",1,98.66250000000004,46957
"(0.9916666666666668, 0.9958333333333332)",1,98.66250000000004,46958
"(0.9916666666666668, 0.9958333333333332)",3,98.66250000000002,46961
"(0.9541666666666668, 0.9958333333333332)",1,98.66250000000002,46962
"(0.9958333333333332, 1.0)",2,98.6625,46964
"(0.9375, 0.9958333333333332)",1,98.66249999999994,46965
"(0.9458333333333332, 0.9916666666666668)",1,98.66249999999988,46966
"(0.925, 0.9875)",2,98.66249999999982,46968
"(0.9375, 0.9916666666666668)",1,98.66249999999978,46969
"(0.8625, 0.9916666666666668)",1,98.66249999999978,46970
"(0.9916666666666668, 0.9916666666666668)",1,98.66249999999978,46971
"(0.9375, 0.9916666666666668)",1,98.66249999999977,46972
"(0.9429824561403508, 0.9912280701754386)",3,98.66228070175436,46975
"(0.9385964912280702, 0.9912280701754386)",3,98.66228070175436,46978
"(0.7149122807017544, 0.9912280701754386)",3,98.66228070175436,46981
"(0.8859649122807017, 0.9912280701754386)",2,98.66228070175436,46983
"(0.7675438596491229, 0.9912280701754386)",4,98.66228070175436,46987
"(0.4579545454545454, 0.9988636363636364)",1,98.66174242424243,46988
"(0.485, 0.99625)",1,98.66125000000012,46989
"(0.4753787878787879, 0.9988636363636364)",3,98.65909090909092,46992
"(0.4242424242424242, 0.9977272727272728)",1,98.65871212121216,46993
"(0.95, 0.9958333333333332)",1,98.65833333333345,46994
"(0.925, 0.9958333333333332)",1,98.6583333333334,46995
"(0.9, 0.9958333333333332)",1,98.6583333333334,46996
"(0.925, 0.9958333333333332)",1,98.65833333333336,46997
"(0.9916666666666668, 0.9958333333333332)",1,98.65833333333336,46998
"(0.9708333333333332, 0.9958333333333332)",2,98.65833333333336,47000
"(0.9791666666666666, 0.9958333333333332)",1,98.65833333333336,47001
"(0.85, 0.9958333333333332)",1,98.65833333333336,47002
"(0.9916666666666668, 0.9958333333333332)",3,98.65833333333336,47005
"(0.9833333333333332, 1.0)",1,98.65833333333332,47006
"(0.975, 1.0)",1,98.6583333333333,47007
"(0.9291666666666668, 0.9958333333333332)",1,98.65833333333327,47008
"(0.8458333333333333, 0.9833333333333332)",1,98.65833333333326,47009
"(0.925, 0.9875)",1,98.65833333333316,47010
"(0.9458333333333332, 0.9875)",1,98.65833333333316,47011
"(0.9166666666666666, 0.9875)",1,98.65833333333316,47012
"(0.9, 0.9875)",2,98.65833333333316,47014
"(0.9416666666666668, 0.9875)",1,98.65833333333316,47015
"(0.9375, 0.9875)",1,98.65833333333316,47016
"(0.9333333333333332, 0.9916666666666668)",1,98.65833333333312,47017
"(0.9, 0.9916666666666668)",1,98.65833333333312,47018
"(0.8625, 0.9916666666666668)",2,98.6583333333331,47020
"(0.9208333333333332, 0.9916666666666668)",1,98.65833333333306,47021
"(0.9625, 0.9916666666666668)",1,98.65833333333303,47022
"(0.7719298245614035, 0.9912280701754386)",1,98.6578947368421,47023
"(0.9035087719298246, 0.9912280701754386)",1,98.6578947368421,47024
"(0.9429824561403508, 0.9912280701754386)",1,98.65789473684208,47025
"(0.8552631578947368, 0.9912280701754386)",2,98.65789473684208,47027
"(0.9875, 0.9958333333333332)",1,98.65416666666675,47028
"(0.975, 0.9958333333333332)",2,98.6541666666667,47030
"(0.9625, 0.9958333333333332)",1,98.6541666666667,47031
"(0.9791666666666666, 0.9958333333333332)",3,98.6541666666667,47034
"(0.9958333333333332, 0.9916666666666668)",1,98.6541666666666,47035
"(0.9583333333333334, 0.9958333333333332)",2,98.6541666666666,47037
"(0.9416666666666668, 0.9875)",1,98.6541666666665,47038
"(0.9083333333333332, 0.9875)",1,98.6541666666665,47039
"(0.9333333333333332, 0.9875)",1,98.6541666666665,47040
"(0.9291666666666668, 0.9875)",2,98.6541666666665,47042
"(0.9541666666666668, 0.9875)",1,98.6541666666665,47043
"(0.9291666666666668, 0.9875)",1,98.65416666666648,47044
"(0.95, 0.9916666666666668)",1,98.65416666666646,47045
"(0.9166666666666666, 0.9916666666666668)",2,98.65416666666646,47047
"(0.9, 0.9916666666666668)",1,98.65416666666646,47048
"(0.3974358974358974, 1.0)",1,98.65384615384616,47049
"(0.7307692307692307, 1.0)",1,98.65384615384616,47050
"(0.5512820512820513, 1.0)",1,98.65384615384616,47051
"(0.4615384615384615, 1.0)",1,98.65384615384616,47052
"(0.7051282051282052, 1.0)",1,98.65384615384616,47053
"(0.9385964912280702, 0.9912280701754386)",1,98.6535087719298,47054
"(0.9444444444444444, 0.9861111111111112)",1,98.65277777777798,47055
"(0.9583333333333334, 0.9861111111111112)",1,98.65277777777798,47056
"(0.9166666666666666, 1.0)",1,98.6527777777778,47057
"(0.9027777777777778, 1.0)",1,98.6527777777778,47058
"(0.9722222222222222, 1.0)",1,98.6527777777778,47059
"(0.8333333333333334, 0.9861111111111112)",2,98.6527777777778,47061
"(0.6111111111111112, 1.0)",2,98.65277777777776,47063
"(0.8194444444444444, 1.0)",1,98.65277777777776,47064
"(0.9583333333333334, 1.0)",3,98.65277777777776,47067
"(0.6805555555555556, 1.0)",2,98.65277777777776,47069
"(0.7777777777777778, 1.0)",1,98.65277777777776,47070
"(0.5972222222222222, 1.0)",1,98.65277777777776,47071
"(0.8055555555555556, 1.0)",2,98.65277777777776,47073
"(0.8888888888888888, 1.0)",2,98.65277777777776,47075
"(0.7638888888888888, 1.0)",4,98.65277777777776,47079
"(0.9027777777777778, 1.0)",2,98.65277777777776,47081
"(0.8333333333333334, 1.0)",1,98.65277777777776,47082
"(0.7083333333333334, 1.0)",3,98.65277777777776,47085
"(0.9305555555555556, 1.0)",3,98.65277777777776,47088
"(0.75, 1.0)",2,98.65277777777776,47090
"(0.9444444444444444, 1.0)",1,98.65277777777776,47091
"(0.9166666666666666, 1.0)",2,98.65277777777776,47093
"(0.4602272727272727, 0.9981060606060606)",1,98.65189393939396,47094
"(0.5890151515151515, 0.9973484848484848)",3,98.65151515151518,47097
"(0.9302325581395348, 0.9883720930232558)",1,98.65116279069784,47098
"(0.872093023255814, 0.9883720930232558)",2,98.65116279069782,47100
"(0.7906976744186046, 0.9883720930232558)",1,98.65116279069782,47101
"(0.9418604651162792, 0.9883720930232558)",2,98.65116279069782,47103
"(0.8372093023255814, 0.9883720930232558)",1,98.65116279069782,47104
"(0.9302325581395348, 0.9883720930232558)",2,98.65116279069782,47106
"(0.9534883720930232, 1.0)",1,98.6511627906977,47107
"(0.6162790697674418, 1.0)",1,98.65116279069768,47108
"(0.4883720930232558, 1.0)",2,98.65116279069768,47110
"(0.3372093023255814, 1.0)",1,98.65116279069768,47111
"(0.627906976744186, 1.0)",1,98.65116279069768,47112
"(0.872093023255814, 1.0)",1,98.65116279069768,47113
"(0.4825757575757576, 0.9977272727272728)",1,98.65037878787884,47114
"(0.9625, 0.9958333333333332)",1,98.65000000000012,47115
"(0.9833333333333332, 0.9958333333333332)",2,98.65000000000012,47117
"(0.4925, 0.99625)",1,98.6500000000001,47118
"(0.85, 0.9958333333333332)",1,98.65000000000008,47119
"(0.9, 0.9958333333333332)",1,98.65000000000008,47120
"(0.9583333333333334, 0.9916666666666668)",1,98.65000000000008,47121
"(0.7333333333333333, 1.0)",1,98.65000000000003,47122
"(0.9166666666666666, 0.9666666666666668)",2,98.65000000000003,47124
"(0.9, 1.0)",1,98.65000000000003,47125
"(0.9875, 0.9958333333333332)",2,98.65000000000003,47127
"(0.9833333333333332, 0.9958333333333332)",2,98.65000000000003,47129
"(0.9041666666666668, 0.9958333333333332)",1,98.65000000000003,47130
"(0.8666666666666667, 0.9958333333333332)",1,98.65000000000003,47131
"(0.9166666666666666, 1.0)",1,98.65000000000003,47132
"(0.8333333333333334, 1.0)",2,98.65000000000003,47134
"(0.9, 0.9833333333333332)",1,98.65000000000003,47135
"(0.95, 1.0)",2,98.65000000000003,47137
"(0.8625, 0.9958333333333332)",1,98.65000000000003,47138
"(0.9791666666666666, 0.9958333333333332)",2,98.65000000000003,47140
"(0.9333333333333332, 1.0)",1,98.65000000000003,47141
"(0.9875, 0.9958333333333332)",2,98.65000000000003,47143
"(0.8666666666666667, 1.0)",1,98.65000000000002,47144
"(0.9166666666666666, 1.0)",2,98.65000000000002,47146
"(0.9, 1.0)",1,98.65000000000002,47147
"(0.9791666666666666, 0.9958333333333332)",1,98.65,47148
"(0.6666666666666666, 1.0)",1,98.65,47149
"(0.8666666666666667, 1.0)",4,98.65,47153
"(0.8, 1.0)",2,98.65,47155
"(0.975, 1.0)",1,98.65,47156
"(0.8166666666666667, 1.0)",1,98.65,47157
"(0.9, 1.0)",6,98.65,47163
"(0.9666666666666668, 1.0)",2,98.65,47165
"(0.9166666666666666, 1.0)",3,98.65,47168
"(0.8833333333333333, 1.0)",7,98.65,47175
"(0.85, 1.0)",2,98.65,47177
"(0.8333333333333334, 1.0)",5,98.65,47182
"(0.9833333333333332, 1.0)",1,98.65,47183
"(0.6833333333333333, 1.0)",2,98.65,47185
"(0.95, 1.0)",2,98.65,47187
"(1.0, 1.0)",7,98.65,47194
"(0.7, 1.0)",2,98.65,47196
"(0.7166666666666667, 1.0)",2,98.65,47198
"(0.8833333333333333, 1.0)",1,98.65,47199
"(1.0, 1.0)",1,98.64999999999996,47200
"(0.8875, 0.9875)",1,98.64999999999988,47201
"(0.95, 0.9875)",1,98.64999999999984,47202
"(0.925, 0.9875)",2,98.64999999999984,47204
"(0.9291666666666668, 0.9875)",1,98.64999999999982,47205
"(0.925, 0.9875)",2,98.64999999999982,47207
"(0.95, 0.9875)",1,98.64999999999982,47208
"(0.925, 0.9916666666666668)",1,98.6499999999998,47209
"(0.8625, 0.9916666666666668)",1,98.64999999999978,47210
"(0.9125, 0.9916666666666668)",1,98.64999999999976,47211
"(0.925, 0.9916666666666668)",1,98.64999999999972,47212
"(0.9429824561403508, 0.9912280701754386)",2,98.64912280701752,47214
"(0.8859649122807017, 0.9912280701754386)",3,98.64912280701752,47217
"(0.7149122807017544, 0.9912280701754386)",3,98.64912280701752,47220
"(0.9035087719298246, 0.9912280701754386)",1,98.64912280701752,47221
"(0.9473684210526316, 0.9912280701754386)",1,98.64912280701752,47222
"(0.9385964912280702, 0.9912280701754386)",3,98.64912280701752,47225
"(0.4174242424242424, 1.0)",3,98.64848484848488,47228
"(0.9041666666666668, 0.9958333333333332)",1,98.6458333333334,47229
"(0.8625, 0.9958333333333332)",1,98.6458333333334,47230
"(0.9375, 0.9958333333333332)",1,98.6458333333334,47231
"(0.9791666666666666, 0.9958333333333332)",2,98.64583333333336,47233
"(0.975, 0.9958333333333332)",1,98.64583333333336,47234
"(0.9, 0.9958333333333332)",1,98.64583333333336,47235
"(0.9375, 0.9958333333333332)",1,98.64583333333336,47236
"(0.8541666666666666, 0.9958333333333332)",1,98.64583333333336,47237
"(0.9833333333333332, 0.9958333333333332)",1,98.64583333333336,47238
"(0.9708333333333332, 0.9958333333333332)",1,98.64583333333336,47239
"(0.9791666666666666, 0.9958333333333332)",1,98.64583333333336,47240
"(0.9458333333333332, 0.9833333333333332)",2,98.64583333333331,47242
"(0.9125, 0.9958333333333332)",1,98.64583333333329,47243
"(0.975, 1.0)",1,98.64583333333329,47244
"(0.8458333333333333, 0.9875)",1,98.64583333333324,47245
"(0.8708333333333333, 0.9875)",1,98.64583333333316,47246
"(0.9208333333333332, 0.9875)",1,98.64583333333316,47247
"(0.9333333333333332, 0.9875)",1,98.64583333333316,47248
"(0.9, 0.9916666666666668)",1,98.64583333333312,47249
"(0.9375, 0.9916666666666668)",1,98.64583333333312,47250
"(0.95, 0.9916666666666668)",1,98.64583333333312,47251
"(0.8859649122807017, 0.9912280701754386)",2,98.64473684210525,47253
"(0.9078947368421052, 0.9912280701754386)",1,98.64473684210525,47254
"(0.8728070175438597, 0.9912280701754386)",2,98.64473684210525,47256
"(0.49625, 0.9975)",1,98.64250000000008,47257
"(0.3954545454545454, 1.0)",1,98.64242424242424,47258
"(0.6575757575757576, 0.9962121212121212)",1,98.64204545454552,47259
"(0.9291666666666668, 0.9958333333333332)",1,98.64166666666677,47260
"(0.9833333333333332, 0.9958333333333332)",1,98.64166666666677,47261
"(0.9458333333333332, 0.9958333333333332)",1,98.64166666666674,47262
"(0.9791666666666666, 0.9958333333333332)",1,98.64166666666672,47263
"(0.8541666666666666, 0.9958333333333332)",1,98.64166666666672,47264
"(0.9, 0.9958333333333332)",1,98.64166666666672,47265
"(0.9, 0.9958333333333332)",1,98.6416666666667,47266
"(0.9916666666666668, 0.9958333333333332)",1,98.6416666666667,47267
"(0.9625, 0.9958333333333332)",1,98.6416666666667,47268
"(0.9708333333333332, 0.9958333333333332)",1,98.6416666666667,47269
"(0.975, 0.9958333333333332)",1,98.6416666666667,47270
"(0.9416666666666668, 0.9958333333333332)",1,98.6416666666667,47271
"(0.9791666666666666, 0.9958333333333332)",2,98.6416666666667,47273
"(0.95, 1.0)",1,98.64166666666668,47274
"(0.9833333333333332, 1.0)",1,98.64166666666668,47275
"(0.9958333333333332, 1.0)",1,98.64166666666662,47276
"(0.9666666666666668, 0.9875)",1,98.64166666666652,47277
"(0.9208333333333332, 0.9958333333333332)",1,98.6416666666665,47278
"(0.975, 0.9875)",1,98.6416666666665,47279
"(0.925, 0.9875)",1,98.6416666666665,47280
"(0.9166666666666666, 0.9875)",2,98.6416666666665,47282
"(0.8916666666666667, 0.9916666666666668)",1,98.64166666666648,47283
"(0.9625, 0.9916666666666668)",1,98.64166666666648,47284
"(0.8666666666666667, 0.9916666666666668)",1,98.64166666666644,47285
"(0.9208333333333332, 0.9916666666666668)",1,98.64166666666644,47286
"(0.9416666666666668, 0.9916666666666668)",1,98.6416666666664,47287
"(0.4462121212121212, 0.999621212121212)",3,98.64128787878788,47290
"(0.6794871794871795, 1.0)",1,98.64102564102564,47291
"(0.7435897435897436, 1.0)",1,98.64102564102564,47292
"(0.4871794871794871, 1.0)",1,98.64102564102564,47293
"(0.7149122807017544, 0.9912280701754386)",1,98.64035087719296,47294
"(0.9385964912280702, 0.9912280701754386)",1,98.64035087719296,47295
"(0.7719298245614035, 0.9912280701754386)",2,98.64035087719296,47297
"(0.9078947368421052, 0.9912280701754386)",1,98.64035087719296,47298
"(0.49375, 0.995)",1,98.64000000000011,47299
"(0.8372093023255814, 0.9883720930232558)",1,98.6395348837211,47300
"(0.9186046511627908, 0.9883720930232558)",1,98.6395348837211,47301
"(0.9418604651162792, 0.9883720930232558)",5,98.63953488372108,47306
"(0.9302325581395348, 0.9883720930232558)",2,98.63953488372108,47308
"(0.8255813953488372, 0.9883720930232558)",1,98.63953488372108,47309
"(0.872093023255814, 0.9883720930232558)",1,98.63953488372108,47310
"(0.8023255813953488, 1.0)",1,98.63953488372096,47311
"(0.8953488372093024, 1.0)",1,98.63953488372096,47312
"(0.4883720930232558, 0.9883720930232558)",1,98.63953488372094,47313
"(0.8255813953488372, 1.0)",1,98.63953488372093,47314
"(0.3372093023255814, 1.0)",2,98.63953488372093,47316
"(0.8837209302325582, 1.0)",1,98.63953488372093,47317
"(0.9305555555555556, 0.9861111111111112)",1,98.63888888888908,47318
"(0.9444444444444444, 1.0)",1,98.63888888888891,47319
"(0.8333333333333334, 1.0)",1,98.63888888888891,47320
"(0.8333333333333334, 1.0)",2,98.6388888888889,47322
"(0.8472222222222222, 1.0)",1,98.63888888888889,47323
"(0.8611111111111112, 1.0)",4,98.63888888888889,47327
"(0.9027777777777778, 1.0)",1,98.63888888888889,47328
"(0.6805555555555556, 1.0)",2,98.63888888888889,47330
"(0.8055555555555556, 1.0)",1,98.63888888888889,47331
"(0.7777777777777778, 1.0)",2,98.63888888888889,47333
"(0.8194444444444444, 1.0)",1,98.63888888888889,47334
"(0.9166666666666666, 1.0)",1,98.63888888888889,47335
"(0.9305555555555556, 1.0)",3,98.63888888888889,47338
"(0.75, 1.0)",4,98.63888888888889,47342
"(0.9444444444444444, 1.0)",1,98.63888888888889,47343
"(0.9583333333333334, 1.0)",2,98.63888888888889,47345
"(0.8888888888888888, 1.0)",2,98.63888888888889,47347
"(0.7083333333333334, 1.0)",1,98.63888888888889,47348
"(0.8333333333333334, 1.0)",3,98.63888888888889,47351
"(0.7361111111111112, 1.0)",1,98.63888888888889,47352
"(0.4291666666666666, 0.9992424242424244)",3,98.6382575757576,47355
"(0.9291666666666668, 0.9958333333333332)",1,98.6375000000001,47356
"(0.9666666666666668, 0.9958333333333332)",1,98.63750000000007,47357
"(0.9541666666666668, 0.9958333333333332)",1,98.63750000000007,47358
"(0.9625, 0.9958333333333332)",1,98.63750000000006,47359
"(0.85, 0.9958333333333332)",1,98.63750000000006,47360
"(0.9625, 0.9958333333333332)",2,98.63750000000005,47362
"(0.9583333333333334, 0.9958333333333332)",1,98.63750000000005,47363
"(0.975, 0.9958333333333332)",1,98.63750000000005,47364
"(0.9916666666666668, 0.9958333333333332)",1,98.63750000000005,47365
"(0.9875, 0.9958333333333332)",1,98.63750000000005,47366
"(0.9333333333333332, 0.9958333333333332)",1,98.63750000000005,47367
"(0.9666666666666668, 0.9958333333333332)",1,98.63750000000005,47368
"(0.9833333333333332, 0.9958333333333332)",1,98.63750000000005,47369
"(0.4049242424242424, 0.9973484848484848)",1,98.63750000000005,47370
"(0.3776515151515151, 0.999621212121212)",1,98.63750000000002,47371
"(0.975, 1.0)",1,98.6375,47372
"(0.9791666666666666, 1.0)",1,98.63749999999996,47373
"(0.9583333333333334, 0.9916666666666668)",1,98.63749999999992,47374
"(0.9125, 0.9958333333333332)",2,98.6374999999999,47376
"(0.9375, 0.9875)",1,98.63749999999985,47377
"(0.9, 0.9875)",1,98.63749999999985,47378
"(0.9541666666666668, 0.9875)",1,98.63749999999985,47379
"(0.9291666666666668, 0.9875)",1,98.63749999999985,47380
"(0.9416666666666668, 0.9875)",1,98.63749999999985,47381
"(0.9208333333333332, 0.9875)",1,98.63749999999982,47382
"(0.95, 0.9875)",1,98.63749999999982,47383
"(0.925, 0.9916666666666668)",1,98.6374999999998,47384
"(0.9208333333333332, 0.9916666666666668)",1,98.6374999999998,47385
"(0.8625, 0.9916666666666668)",1,98.63749999999978,47386
"(0.95, 0.9916666666666668)",1,98.63749999999972,47387
"(0.3409090909090909, 0.9977272727272728)",1,98.63712121212126,47388
"(0.4291666666666666, 0.9992424242424244)",1,98.63598484848488,47389
"(0.8552631578947368, 0.9912280701754386)",1,98.63596491228068,47390
"(0.7149122807017544, 0.9912280701754386)",1,98.63596491228068,47391
"(0.8859649122807017, 0.9912280701754386)",1,98.63596491228068,47392
"(0.3681818181818181, 0.9992424242424244)",3,98.63560606060608,47395
"(0.4772727272727273, 0.9988636363636364)",2,98.6348484848485,47397
"(0.5890151515151515, 0.9992424242424244)",1,98.63409090909092,47398
"(0.5325757575757576, 0.9992424242424244)",1,98.63371212121214,47399
"(0.9375, 0.9958333333333332)",1,98.63333333333344,47400
"(0.975, 0.9958333333333332)",1,98.63333333333344,47401
"(0.9083333333333332, 0.9958333333333332)",1,98.63333333333344,47402
"(0.9416666666666668, 0.9958333333333332)",1,98.6333333333334,47403
"(1.0, 0.9833333333333332)",1,98.63333333333338,47404
"(0.8333333333333334, 1.0)",1,98.63333333333338,47405
"(0.9666666666666668, 1.0)",1,98.63333333333338,47406
"(0.95, 1.0)",1,98.63333333333338,47407
"(0.7666666666666667, 0.9666666666666668)",1,98.63333333333338,47408
"(0.975, 0.9958333333333332)",1,98.63333333333338,47409
"(0.95, 0.9958333333333332)",1,98.63333333333338,47410
"(0.9375, 0.9958333333333332)",1,98.63333333333335,47411
"(0.9916666666666668, 0.9958333333333332)",1,98.63333333333335,47412
"(0.8333333333333334, 1.0)",1,98.63333333333335,47413
"(0.9333333333333332, 1.0)",2,98.63333333333335,47415
"(0.8833333333333333, 1.0)",3,98.63333333333335,47418
"(0.9833333333333332, 0.9958333333333332)",2,98.63333333333335,47420
"(0.9833333333333332, 1.0)",2,98.63333333333335,47422
"(0.9166666666666666, 1.0)",2,98.63333333333335,47424
"(0.9666666666666668, 1.0)",2,98.63333333333335,47426
"(0.9875, 0.9958333333333332)",1,98.63333333333335,47427
"(0.8833333333333333, 1.0)",1,98.63333333333335,47428
"(0.75, 1.0)",1,98.63333333333335,47429
"(0.9, 1.0)",2,98.63333333333335,47431
"(0.7833333333333333, 1.0)",1,98.63333333333335,47432
"(0.9666666666666668, 1.0)",1,98.63333333333335,47433
"(1.0, 1.0)",1,98.63333333333335,47434
"(0.8666666666666667, 1.0)",1,98.63333333333335,47435
"(0.85, 1.0)",2,98.63333333333335,47437
"(0.9333333333333332, 1.0)",1,98.63333333333335,47438
"(0.8, 1.0)",2,98.63333333333335,47440
"(0.75, 1.0)",1,98.63333333333335,47441
"(0.9791666666666666, 0.9958333333333332)",3,98.63333333333335,47444
"(0.85, 0.9833333333333332)",1,98.63333333333335,47445
"(0.9875, 0.9958333333333332)",1,98.63333333333335,47446
"(0.9, 1.0)",1,98.63333333333335,47447
"(0.8, 1.0)",1,98.63333333333334,47448
"(0.9291666666666668, 0.9958333333333332)",1,98.63333333333334,47449
"(0.8666666666666667, 1.0)",2,98.63333333333334,47451
"(0.9, 1.0)",2,98.63333333333334,47453
"(0.7833333333333333, 1.0)",1,98.63333333333334,47454
"(0.9, 1.0)",4,98.63333333333333,47458
"(0.9666666666666668, 1.0)",4,98.63333333333333,47462
"(1.0, 1.0)",3,98.63333333333333,47465
"(0.9333333333333332, 1.0)",2,98.63333333333333,47467
"(0.8333333333333334, 1.0)",2,98.63333333333333,47469
"(0.95, 1.0)",1,98.63333333333333,47470
"(0.7166666666666667, 1.0)",2,98.63333333333333,47472
"(0.9833333333333332, 1.0)",2,98.63333333333333,47474
"(0.9458333333333332, 0.9833333333333332)",1,98.63333333333333,47475
"(0.9166666666666666, 1.0)",4,98.63333333333333,47479
"(0.6833333333333333, 1.0)",1,98.63333333333333,47480
"(0.85, 1.0)",5,98.63333333333333,47485
"(0.8833333333333333, 1.0)",3,98.63333333333333,47488
"(0.8, 1.0)",3,98.63333333333333,47491
"(0.9375, 0.9916666666666668)",2,98.6333333333333,47493
"(0.85, 0.9958333333333332)",1,98.6333333333333,47494
"(0.9666666666666668, 0.9875)",1,98.63333333333328,47495
"(0.9416666666666668, 0.9916666666666668)",1,98.63333333333324,47496
"(0.9125, 0.9958333333333332)",1,98.63333333333324,47497
"(0.925, 0.9875)",1,98.63333333333318,47498
"(0.9291666666666668, 0.9875)",1,98.63333333333318,47499
"(0.9125, 0.9875)",1,98.63333333333316,47500
"(0.9708333333333332, 0.9875)",1,98.63333333333316,47501
"(0.9625, 0.9875)",1,98.63333333333316,47502
"(0.9333333333333332, 0.9875)",1,98.63333333333316,47503
"(0.9333333333333332, 0.9916666666666668)",1,98.63333333333313,47504
"(0.9125, 0.9916666666666668)",1,98.63333333333313,47505
"(0.8625, 0.9916666666666668)",1,98.63333333333313,47506
"(0.9125, 0.9916666666666668)",1,98.63333333333306,47507
"(0.368560606060606, 0.9981060606060606)",1,98.63181818181825,47508
"(0.8728070175438597, 0.9912280701754386)",1,98.6315789473684,47509
"(0.925438596491228, 0.9912280701754386)",1,98.6315789473684,47510
"(0.9791666666666666, 0.9958333333333332)",1,98.62916666666676,47511
"(0.9916666666666668, 0.9958333333333332)",2,98.62916666666676,47513
"(0.9, 0.9958333333333332)",1,98.62916666666676,47514
"(0.9916666666666668, 0.9958333333333332)",1,98.62916666666672,47515
"(0.9666666666666668, 0.9958333333333332)",1,98.62916666666668,47516
"(0.9958333333333332, 0.9958333333333332)",1,98.62916666666668,47517
"(0.9833333333333332, 0.9958333333333332)",3,98.62916666666668,47520
"(0.9791666666666666, 0.9958333333333332)",1,98.62916666666668,47521
"(0.9875, 1.0)",2,98.62916666666666,47523
"(0.9458333333333332, 0.9916666666666668)",1,98.62916666666656,47524
"(0.9625, 0.9875)",1,98.6291666666665,47525
"(0.9, 0.9875)",2,98.62916666666648,47527
"(0.9125, 0.9875)",1,98.62916666666648,47528
"(0.95, 0.9875)",6,98.62916666666648,47534
"(0.8958333333333334, 0.9875)",1,98.62916666666648,47535
"(0.9375, 0.9916666666666668)",1,98.62916666666638,47536
"(0.8916666666666667, 0.9916666666666668)",1,98.62916666666638,47537
"(0.6189393939393939, 1.0)",3,98.62878787878788,47540
"(0.7307692307692307, 1.0)",2,98.62820512820512,47542
"(0.9302325581395348, 0.9883720930232558)",3,98.62790697674434,47545
"(0.8255813953488372, 0.9883720930232558)",1,98.62790697674434,47546
"(0.7674418604651163, 0.9883720930232558)",1,98.62790697674434,47547
"(0.9418604651162792, 0.9883720930232558)",4,98.62790697674434,47551
"(0.8837209302325582, 0.9883720930232558)",6,98.62790697674434,47557
"(0.8488372093023255, 0.9883720930232558)",1,98.62790697674434,47558
"(0.8953488372093024, 0.9883720930232558)",6,98.62790697674434,47564
"(0.9186046511627908, 1.0)",1,98.6279069767442,47565
"(0.8837209302325582, 0.9883720930232558)",2,98.6279069767442,47567
"(0.4651162790697674, 1.0)",2,98.6279069767442,47569
"(0.8837209302325582, 1.0)",1,98.6279069767442,47570
"(0.627906976744186, 1.0)",1,98.6279069767442,47571
"(0.9429824561403508, 0.9912280701754386)",2,98.62719298245612,47573
"(0.9473684210526316, 0.9912280701754386)",1,98.62719298245612,47574
"(0.8552631578947368, 0.9912280701754386)",1,98.62719298245612,47575
"(0.9035087719298246, 0.9912280701754386)",1,98.62719298245612,47576
"(0.3814393939393939, 0.9992424242424244)",3,98.62651515151518,47579
"(0.3920454545454545, 0.9992424242424244)",3,98.62651515151518,47582
"(0.5912878787878788, 0.999621212121212)",1,98.62651515151516,47583
"(0.51, 0.99875)",1,98.62625000000008,47584
"(0.3844696969696969, 0.9973484848484848)",1,98.62575757575765,47585
"(0.9444444444444444, 0.9861111111111112)",1,98.6250000000002,47586
"(0.9305555555555556, 0.9861111111111112)",2,98.6250000000002,47588
"(0.9166666666666666, 0.9861111111111112)",2,98.6250000000002,47590
"(0.49875, 0.9975)",1,98.62500000000011,47591
"(0.9041666666666668, 0.9958333333333332)",1,98.62500000000009,47592
"(0.8541666666666666, 0.9958333333333332)",2,98.62500000000009,47594
"(0.9125, 0.9958333333333332)",1,98.62500000000006,47595
"(0.9208333333333332, 0.9958333333333332)",1,98.62500000000006,47596
"(0.9305555555555556, 1.0)",1,98.62500000000006,47597
"(0.9875, 0.9958333333333332)",3,98.62500000000004,47600
"(0.9791666666666666, 0.9958333333333332)",1,98.62500000000004,47601
"(0.9791666666666666, 0.9958333333333332)",2,98.62500000000004,47603
"(0.8625, 0.9958333333333332)",1,98.62500000000004,47604
"(0.9583333333333334, 0.9958333333333332)",1,98.62500000000004,47605
"(0.975, 0.9958333333333332)",2,98.62500000000004,47607
"(0.9833333333333332, 0.9958333333333332)",3,98.62500000000004,47610
"(0.9625, 0.9958333333333332)",1,98.62500000000004,47611
"(0.95, 0.9958333333333332)",1,98.62500000000004,47612
"(0.9583333333333334, 1.0)",1,98.625,47613
"(0.7083333333333334, 1.0)",2,98.625,47615
"(0.6944444444444444, 0.9861111111111112)",2,98.625,47617
"(0.9833333333333332, 1.0)",1,98.625,47618
"(0.8333333333333334, 1.0)",3,98.625,47621
"(0.9305555555555556, 1.0)",4,98.625,47625
"(0.2893939393939393, 0.999621212121212)",3,98.625,47628
"(0.75, 1.0)",1,98.625,47629
"(0.7916666666666666, 1.0)",1,98.625,47630
"(0.9305555555555556, 1.0)",1,98.625,47631
"(0.9208333333333332, 0.9958333333333332)",1,98.625,47632
"(0.875, 1.0)",2,98.625,47634
"(0.9166666666666666, 1.0)",1,98.625,47635
"(0.8472222222222222, 1.0)",1,98.625,47636
"(0.8611111111111112, 1.0)",2,98.625,47638
"(0.9027777777777778, 0.9861111111111112)",1,98.625,47639
"(0.9027777777777778, 1.0)",1,98.625,47640
"(0.6805555555555556, 1.0)",1,98.625,47641
"(0.8194444444444444, 1.0)",3,98.625,47644
"(0.7638888888888888, 1.0)",1,98.625,47645
"(0.9583333333333334, 0.9958333333333332)",1,98.625,47646
"(0.9666666666666668, 0.9958333333333332)",1,98.62499999999996,47647
"(0.95, 0.9958333333333332)",1,98.62499999999996,47648
"(0.975, 0.9875)",1,98.62499999999991,47649
"(0.925, 0.9958333333333332)",1,98.6249999999999,47650
"(0.9791666666666666, 0.9875)",1,98.6249999999999,47651
"(0.9375, 0.9875)",1,98.62499999999986,47652
"(0.925, 0.9875)",1,98.62499999999984,47653
"(0.9416666666666668, 0.9875)",1,98.62499999999984,47654
"(0.9125, 0.9875)",2,98.62499999999984,47656
"(0.9208333333333332, 0.9875)",1,98.62499999999984,47657
"(0.9291666666666668, 0.9916666666666668)",2,98.6249999999998,47659
"(0.9208333333333332, 0.9916666666666668)",1,98.6249999999998,47660
"(0.9375, 0.9916666666666668)",1,98.62499999999976,47661
"(0.9, 0.9916666666666668)",1,98.62499999999974,47662
"(0.9375, 0.9916666666666668)",1,98.62499999999972,47663
"(0.4803030303030303, 1.0)",3,98.62424242424244,47666
"(0.2356060606060606, 0.9977272727272728)",2,98.62386363636368,47668
"(0.7719298245614035, 0.9912280701754386)",1,98.62280701754383,47669
"(0.9833333333333332, 0.9958333333333332)",1,98.62083333333344,47670
"(0.95, 0.9958333333333332)",1,98.62083333333342,47671
"(0.9625, 0.9958333333333332)",1,98.6208333333334,47672
"(0.8791666666666667, 0.9958333333333332)",1,98.6208333333334,47673
"(0.8541666666666666, 0.9958333333333332)",1,98.62083333333338,47674
"(0.8791666666666667, 0.9958333333333332)",1,98.62083333333337,47675
"(0.9916666666666668, 0.9958333333333332)",1,98.62083333333337,47676
"(0.975, 0.9958333333333332)",2,98.62083333333337,47678
"(0.9541666666666668, 0.9958333333333332)",1,98.62083333333337,47679
"(0.9875, 0.9958333333333332)",3,98.62083333333337,47682
"(0.85, 0.9958333333333332)",1,98.6208333333333,47683
"(0.8791666666666667, 0.9958333333333332)",1,98.62083333333328,47684
"(0.9583333333333334, 0.9916666666666668)",1,98.62083333333322,47685
"(0.925, 0.9875)",1,98.6208333333332,47686
"(0.9416666666666668, 0.9875)",1,98.62083333333318,47687
"(0.9083333333333332, 0.9875)",1,98.62083333333318,47688
"(0.9, 0.9875)",2,98.62083333333318,47690
"(0.9125, 0.9875)",1,98.62083333333318,47691
"(0.925, 0.9875)",1,98.62083333333317,47692
"(0.8958333333333334, 0.9875)",1,98.62083333333317,47693
"(0.9875, 0.9916666666666668)",1,98.62083333333317,47694
"(0.9, 0.9875)",1,98.62083333333317,47695
"(0.9291666666666668, 0.9875)",1,98.62083333333317,47696
"(0.9375, 0.9875)",1,98.62083333333317,47697
"(0.9291666666666668, 0.9875)",2,98.62083333333317,47699
"(0.9, 0.9916666666666668)",1,98.62083333333312,47700
"(0.9291666666666668, 0.9916666666666668)",1,98.62083333333308,47701
"(0.2579545454545454, 0.9988636363636364)",3,98.62045454545458,47704
"(0.4428030303030303, 0.9992424242424244)",1,98.61969696969696,47705
"(0.8552631578947368, 0.9912280701754386)",1,98.61842105263156,47706
"(0.9078947368421052, 0.9912280701754386)",1,98.61842105263156,47707
"(0.7719298245614035, 0.9912280701754386)",3,98.61842105263156,47710
"(0.925438596491228, 0.9912280701754386)",1,98.61842105263156,47711
"(0.7149122807017544, 0.9912280701754386)",1,98.61842105263156,47712
"(0.8859649122807017, 0.9912280701754386)",3,98.61842105263156,47715
"(0.3159090909090909, 0.9977272727272728)",3,98.61780303030308,47718
"(0.4450757575757575, 0.999621212121212)",1,98.61742424242426,47719
"(0.5443181818181818, 1.0)",3,98.61704545454546,47722
"(0.9833333333333332, 0.9958333333333332)",1,98.61666666666676,47723
"(0.8625, 0.9958333333333332)",1,98.61666666666672,47724
"(0.9, 0.9666666666666668)",1,98.61666666666672,47725
"(0.9333333333333332, 0.9958333333333332)",1,98.61666666666672,47726
"(0.75, 0.9833333333333332)",1,98.6166666666667,47727
"(0.9, 1.0)",1,98.6166666666667,47728
"(0.8333333333333334, 1.0)",1,98.6166666666667,47729
"(0.7166666666666667, 0.9833333333333332)",1,98.6166666666667,47730
"(0.9875, 0.9958333333333332)",1,98.6166666666667,47731
"(0.9791666666666666, 0.9958333333333332)",2,98.6166666666667,47733
"(0.9833333333333332, 0.9958333333333332)",3,98.6166666666667,47736
"(0.7333333333333333, 1.0)",2,98.61666666666667,47738
"(0.7666666666666667, 1.0)",1,98.61666666666667,47739
"(0.7666666666666667, 1.0)",1,98.61666666666667,47740
"(0.9666666666666668, 0.9958333333333332)",1,98.61666666666667,47741
"(0.9666666666666668, 1.0)",2,98.61666666666667,47743
"(0.5344696969696969, 0.9992424242424244)",3,98.61666666666667,47746
"(0.9333333333333332, 1.0)",1,98.61666666666667,47747
"(0.85, 1.0)",1,98.61666666666667,47748
"(0.8333333333333334, 1.0)",2,98.61666666666667,47750
"(0.95, 1.0)",4,98.61666666666667,47754
"(0.8666666666666667, 1.0)",2,98.61666666666667,47756
"(0.9833333333333332, 0.9958333333333332)",2,98.61666666666667,47758
"(0.6833333333333333, 1.0)",1,98.61666666666667,47759
"(0.9, 1.0)",4,98.61666666666667,47763
"(1.0, 1.0)",2,98.61666666666667,47765
"(0.75, 1.0)",1,98.61666666666667,47766
"(0.9833333333333332, 1.0)",2,98.61666666666667,47768
"(0.8333333333333334, 1.0)",2,98.61666666666667,47770
"(0.7, 1.0)",1,98.61666666666667,47771
"(0.8166666666666667, 0.9833333333333332)",1,98.61666666666667,47772
"(0.8833333333333333, 1.0)",2,98.61666666666667,47774
"(0.8, 1.0)",5,98.61666666666667,47779
"(0.85, 1.0)",5,98.61666666666667,47784
"(0.8666666666666667, 1.0)",3,98.61666666666667,47787
"(0.8, 1.0)",1,98.61666666666666,47788
"(0.7833333333333333, 1.0)",1,98.61666666666666,47789
"(0.8333333333333334, 1.0)",1,98.61666666666666,47790
"(0.9583333333333334, 0.9958333333333332)",2,98.61666666666665,47792
"(0.9208333333333332, 0.9958333333333332)",1,98.61666666666662,47793
"(0.9833333333333332, 0.9916666666666668)",1,98.61666666666656,47794
"(0.9, 0.9875)",1,98.61666666666652,47795
"(0.9125, 0.9875)",1,98.61666666666652,47796
"(0.9333333333333332, 0.9875)",1,98.6166666666665,47797
"(0.9291666666666668, 0.9875)",2,98.61666666666648,47799
"(0.9, 0.9875)",1,98.61666666666648,47800
"(0.9333333333333332, 0.9875)",1,98.61666666666648,47801
"(0.8625, 0.9916666666666668)",1,98.61666666666646,47802
"(0.95, 0.9916666666666668)",2,98.61666666666646,47804
"(0.825, 0.9916666666666668)",1,98.61666666666642,47805
"(0.9541666666666668, 0.9916666666666668)",1,98.6166666666664,47806
"(0.872093023255814, 0.9883720930232558)",1,98.6162790697676,47807
"(0.8953488372093024, 0.9883720930232558)",2,98.6162790697676,47809
"(0.7674418604651163, 0.9883720930232558)",1,98.6162790697676,47810
"(0.9302325581395348, 0.9883720930232558)",1,98.6162790697676,47811
"(0.8837209302325582, 0.9883720930232558)",1,98.6162790697676,47812
"(0.9186046511627908, 0.9883720930232558)",1,98.61627906976749,47813
"(0.9302325581395348, 1.0)",1,98.61627906976749,47814
"(0.6162790697674418, 1.0)",1,98.61627906976744,47815
"(0.872093023255814, 1.0)",1,98.61627906976744,47816
"(0.4651162790697674, 1.0)",1,98.61627906976744,47817
"(0.9186046511627908, 1.0)",1,98.61627906976744,47818
"(0.431060606060606, 0.999621212121212)",3,98.61515151515152,47821
"(0.4428030303030303, 0.9988636363636364)",3,98.61439393939396,47824
"(0.9035087719298246, 0.9912280701754386)",1,98.61403508771927,47825
"(0.6929824561403509, 0.9912280701754386)",1,98.61403508771927,47826
"(0.9791666666666666, 0.9958333333333332)",1,98.61250000000013,47827
"(0.9333333333333332, 0.9958333333333332)",1,98.6125000000001,47828
"(0.9125, 0.9958333333333332)",2,98.6125000000001,47830
"(0.95, 0.9958333333333332)",1,98.61250000000008,47831
"(0.95, 0.9958333333333332)",1,98.61250000000008,47832
"(0.9083333333333332, 0.9958333333333332)",1,98.61250000000008,47833
"(0.975, 0.9958333333333332)",1,98.61250000000008,47834
"(0.9375, 0.9958333333333332)",1,98.61250000000004,47835
"(0.975, 0.9958333333333332)",1,98.61250000000004,47836
"(0.9916666666666668, 0.9958333333333332)",2,98.61250000000004,47838
"(0.9833333333333332, 0.9958333333333332)",1,98.61250000000004,47839
"(0.8625, 0.9958333333333332)",1,98.61250000000004,47840
"(0.6231060606060606, 0.999621212121212)",1,98.6125,47841
"(0.9541666666666668, 0.9791666666666666)",1,98.61249999999988,47842
"(0.925, 0.9875)",2,98.61249999999986,47844
"(0.9416666666666668, 0.9875)",1,98.61249999999984,47845
"(0.9458333333333332, 0.9875)",2,98.61249999999984,47847
"(0.9125, 0.9916666666666668)",2,98.6124999999998,47849
"(0.9291666666666668, 0.9916666666666668)",1,98.61249999999971,47850
"(0.5871212121212122, 1.0)",3,98.61174242424244,47853
"(0.9027777777777778, 0.9861111111111112)",3,98.61111111111131,47856
"(0.8472222222222222, 1.0)",1,98.6111111111112,47857
"(0.9444444444444444, 1.0)",1,98.61111111111114,47858
"(0.9305555555555556, 1.0)",1,98.61111111111114,47859
"(0.7638888888888888, 1.0)",5,98.61111111111111,47864
"(0.7916666666666666, 1.0)",3,98.61111111111111,47867
"(0.6805555555555556, 1.0)",1,98.61111111111111,47868
"(0.8333333333333334, 1.0)",3,98.61111111111111,47871
"(0.9166666666666666, 1.0)",1,98.61111111111111,47872
"(0.8611111111111112, 1.0)",3,98.61111111111111,47875
"(0.8472222222222222, 1.0)",2,98.61111111111111,47877
"(0.8194444444444444, 1.0)",2,98.61111111111111,47879
"(0.7083333333333334, 1.0)",1,98.61111111111111,47880
"(0.9583333333333334, 1.0)",1,98.61111111111111,47881
"(0.9305555555555556, 1.0)",2,98.61111111111111,47883
"(0.9027777777777778, 1.0)",3,98.61111111111111,47886
"(0.8888888888888888, 1.0)",4,98.61111111111111,47890
"(0.6944444444444444, 1.0)",1,98.61111111111111,47891
"(0.7777777777777778, 1.0)",3,98.61111111111111,47894
"(0.7361111111111112, 1.0)",2,98.61111111111111,47896
"(0.9444444444444444, 1.0)",2,98.61111111111111,47898
"(0.3844696969696969, 0.9992424242424244)",3,98.61098484848488,47901
"(0.7763157894736842, 0.9912280701754386)",1,98.609649122807,47902
"(0.9385964912280702, 0.9912280701754386)",2,98.609649122807,47904
"(0.9035087719298246, 0.9912280701754386)",4,98.609649122807,47908
"(0.8552631578947368, 0.9912280701754386)",1,98.609649122807,47909
"(0.48875, 0.99625)",1,98.60875000000016,47910
"(0.975, 0.9958333333333332)",1,98.60833333333348,47911
"(0.9125, 0.9958333333333332)",1,98.60833333333343,47912
"(0.95, 0.9958333333333332)",1,98.60833333333343,47913
"(0.8625, 0.9958333333333332)",2,98.60833333333343,47915
"(0.9958333333333332, 0.9958333333333332)",1,98.6083333333334,47916
"(0.8375, 0.9958333333333332)",1,98.60833333333338,47917
"(0.8625, 0.9958333333333332)",1,98.60833333333336,47918
"(0.9041666666666668, 0.9958333333333332)",1,98.60833333333336,47919
"(0.4659090909090909, 0.9977272727272728)",1,98.60833333333336,47920
"(0.9666666666666668, 0.9958333333333332)",1,98.60833333333336,47921
"(0.9583333333333334, 0.9958333333333332)",1,98.60833333333336,47922
"(0.9416666666666668, 0.9958333333333332)",1,98.60833333333336,47923
"(0.85, 0.9958333333333332)",1,98.60833333333336,47924
"(0.9916666666666668, 0.9958333333333332)",1,98.60833333333336,47925
"(0.9833333333333332, 0.9958333333333332)",2,98.60833333333336,47927
"(0.9791666666666666, 0.9958333333333332)",1,98.60833333333332,47928
"(0.9875, 1.0)",1,98.60833333333328,47929
"(0.925, 0.9875)",1,98.6083333333332,47930
"(0.95, 0.9875)",1,98.60833333333318,47931
"(0.9208333333333332, 0.9875)",1,98.60833333333316,47932
"(0.9, 0.9875)",3,98.60833333333316,47935
"(0.9125, 0.9875)",1,98.60833333333316,47936
"(0.9333333333333332, 0.9916666666666668)",1,98.60833333333312,47937
"(0.8833333333333333, 0.9916666666666668)",1,98.60833333333304,47938
"(0.5079545454545454, 1.0)",1,98.60606060606062,47939
"(0.5106060606060606, 0.9965909090909092)",1,98.6056818181819,47940
"(0.4462121212121212, 0.999621212121212)",1,98.60530303030308,47941
"(0.9429824561403508, 0.9912280701754386)",1,98.60526315789473,47942
"(0.7149122807017544, 0.9912280701754386)",3,98.60526315789473,47945
"(0.9385964912280702, 0.9912280701754386)",1,98.60526315789473,47946
"(0.925438596491228, 0.9912280701754386)",1,98.60526315789473,47947
"(0.365530303030303, 1.0)",3,98.60492424242426,47950
"(0.8488372093023255, 0.9883720930232558)",1,98.60465116279086,47951
"(0.7325581395348837, 0.9883720930232558)",1,98.60465116279086,47952
"(0.9186046511627908, 0.9883720930232558)",1,98.60465116279086,47953
"(0.7674418604651163, 0.9883720930232558)",2,98.60465116279086,47955
"(0.9302325581395348, 0.9883720930232558)",2,98.60465116279086,47957
"(0.7906976744186046, 0.9883720930232558)",1,98.60465116279086,47958
"(0.8023255813953488, 0.9883720930232558)",1,98.60465116279086,47959
"(0.872093023255814, 0.9883720930232558)",1,98.60465116279086,47960
"(0.7441860465116279, 0.9883720930232558)",1,98.60465116279086,47961
"(0.8255813953488372, 0.9883720930232558)",2,98.60465116279086,47963
"(0.8372093023255814, 0.9883720930232558)",1,98.60465116279086,47964
"(0.8255813953488372, 0.9883720930232558)",1,98.60465116279084,47965
"(0.3372093023255814, 1.0)",1,98.6046511627907,47966
"(0.627906976744186, 1.0)",1,98.6046511627907,47967
"(0.6162790697674418, 1.0)",3,98.6046511627907,47970
"(0.7674418604651163, 1.0)",2,98.6046511627907,47972
"(0.9958333333333332, 0.9958333333333332)",1,98.60416666666676,47973
"(0.975, 0.9958333333333332)",1,98.60416666666676,47974
"(0.8958333333333334, 0.9958333333333332)",1,98.60416666666676,47975
"(0.825, 0.9958333333333332)",2,98.60416666666674,47977
"(0.9375, 0.9958333333333332)",1,98.60416666666674,47978
"(0.9958333333333332, 0.9958333333333332)",2,98.60416666666671,47980
"(0.975, 0.9958333333333332)",2,98.6041666666667,47982
"(0.9625, 0.9958333333333332)",1,98.6041666666667,47983
"(0.9833333333333332, 0.9958333333333332)",1,98.6041666666667,47984
"(0.9916666666666668, 0.9958333333333332)",1,98.6041666666667,47985
"(0.9666666666666668, 0.9958333333333332)",1,98.60416666666669,47986
"(0.9791666666666666, 1.0)",2,98.60416666666669,47988
"(0.9166666666666666, 0.9958333333333332)",1,98.60416666666664,47989
"(1.0, 1.0)",1,98.6041666666666,47990
"(0.9125, 0.9916666666666668)",1,98.60416666666656,47991
"(0.95, 0.9958333333333332)",1,98.60416666666654,47992
"(0.9208333333333332, 0.9916666666666668)",1,98.60416666666652,47993
"(0.9375, 0.9875)",1,98.60416666666652,47994
"(0.9291666666666668, 0.9875)",1,98.6041666666665,47995
"(0.975, 0.9875)",1,98.6041666666665,47996
"(0.95, 0.9875)",1,98.6041666666665,47997
"(0.9125, 0.9875)",1,98.6041666666665,47998
"(0.9625, 0.9875)",1,98.6041666666665,47999
"(0.9375, 0.9875)",2,98.6041666666665,48001
"(0.8958333333333334, 0.9875)",1,98.60416666666649,48002
"(0.95, 0.9875)",1,98.60416666666649,48003
"(0.8833333333333333, 0.9875)",2,98.60416666666649,48005
"(0.9208333333333332, 0.9875)",2,98.60416666666649,48007
"(0.925, 0.9875)",1,98.60416666666649,48008
"(0.9375, 0.9916666666666668)",1,98.60416666666646,48009
"(0.3174242424242424, 0.9988636363636364)",3,98.60189393939396,48012
"(0.4795454545454545, 0.9992424242424244)",3,98.60151515151516,48015
"(0.5356060606060606, 1.0)",2,98.60151515151516,48017
"(0.925438596491228, 0.9912280701754386)",1,98.60087719298244,48018
"(0.8859649122807017, 0.9912280701754386)",1,98.60087719298244,48019
"(0.9035087719298246, 0.9912280701754386)",1,98.60087719298244,48020
"(0.9078947368421052, 0.9912280701754386)",1,98.60087719298244,48021
"(0.9473684210526316, 0.9912280701754386)",2,98.60087719298244,48023
"(0.440530303030303, 0.9981060606060606)",1,98.6007575757576,48024
"(0.9375, 0.9958333333333332)",1,98.60000000000012,48025
"(0.49875, 0.9975)",1,98.60000000000012,48026
"(0.9041666666666668, 0.9958333333333332)",1,98.6000000000001,48027
"(0.8958333333333334, 0.9958333333333332)",1,98.6000000000001,48028
"(0.9583333333333334, 0.9958333333333332)",1,98.60000000000008,48029
"(0.9875, 0.9958333333333332)",1,98.60000000000008,48030
"(0.9333333333333332, 1.0)",3,98.60000000000004,48033
"(0.9916666666666668, 0.9958333333333332)",1,98.60000000000004,48034
"(0.9166666666666666, 0.9666666666666668)",2,98.60000000000004,48036
"(1.0, 1.0)",1,98.60000000000004,48037
"(0.9791666666666666, 0.9958333333333332)",1,98.60000000000004,48038
"(0.9875, 0.9958333333333332)",1,98.60000000000004,48039
"(0.8625, 0.9958333333333332)",1,98.60000000000004,48040
"(0.9833333333333332, 0.9958333333333332)",1,98.60000000000004,48041
"(0.875, 0.9958333333333332)",1,98.60000000000004,48042
"(0.9625, 0.9958333333333332)",1,98.60000000000002,48043
"(0.9333333333333332, 1.0)",1,98.60000000000002,48044
"(0.975, 0.9958333333333332)",4,98.60000000000002,48048
"(0.9791666666666666, 0.9958333333333332)",1,98.60000000000002,48049
"(0.9958333333333332, 0.9958333333333332)",1,98.60000000000002,48050
"(0.8333333333333334, 1.0)",1,98.6,48051
"(0.8166666666666667, 1.0)",3,98.6,48054
"(0.8666666666666667, 1.0)",2,98.6,48056
"(0.9166666666666666, 1.0)",2,98.6,48058
"(0.7166666666666667, 1.0)",3,98.6,48061
"(0.9333333333333332, 1.0)",2,98.6,48063
"(0.95, 1.0)",1,98.6,48064
"(0.7333333333333333, 1.0)",1,98.6,48065
"(0.9, 1.0)",2,98.6,48067
"(0.85, 1.0)",1,98.6,48068
"(0.7, 1.0)",1,98.6,48069
"(0.85, 1.0)",1,98.6,48070
"(0.7833333333333333, 1.0)",1,98.6,48071
"(0.9166666666666666, 1.0)",1,98.6,48072
"(0.8166666666666667, 1.0)",1,98.6,48073
"(0.8833333333333333, 1.0)",3,98.6,48076
"(0.8666666666666667, 1.0)",5,98.6,48081
"(0.9833333333333332, 1.0)",3,98.6,48084
"(0.9666666666666668, 1.0)",1,98.6,48085
"(0.8833333333333333, 1.0)",5,98.6,48090
"(0.9833333333333332, 1.0)",2,98.6,48092
"(0.8, 1.0)",2,98.6,48094
"(0.7833333333333333, 1.0)",1,98.6,48095
"(1.0, 1.0)",8,98.6,48103
"(0.9416666666666668, 0.9875)",1,98.59999999999984,48104
"(0.95, 0.9875)",2,98.59999999999982,48106
"(0.9041666666666668, 0.9916666666666668)",1,98.59999999999982,48107
"(0.9416666666666668, 0.9875)",1,98.59999999999982,48108
"(0.8916666666666667, 0.9875)",1,98.59999999999982,48109
"(0.9208333333333332, 0.9875)",2,98.59999999999982,48111
"(0.9, 0.9875)",1,98.59999999999982,48112
"(0.925, 0.9916666666666668)",1,98.59999999999977,48113
"(0.3731060606060606, 0.9992424242424244)",1,98.59772727272728,48114
"(0.9305555555555556, 0.9861111111111112)",2,98.59722222222244,48116
"(0.9166666666666666, 0.9861111111111112)",1,98.59722222222244,48117
"(0.9444444444444444, 0.9861111111111112)",3,98.59722222222244,48120
"(0.8333333333333334, 0.9861111111111112)",1,98.59722222222244,48121
"(0.9444444444444444, 1.0)",1,98.59722222222231,48122
"(0.8333333333333334, 1.0)",1,98.59722222222224,48123
"(0.8888888888888888, 1.0)",3,98.59722222222224,48126
"(0.7916666666666666, 1.0)",4,98.59722222222224,48130
"(0.8194444444444444, 1.0)",4,98.59722222222224,48134
"(0.9444444444444444, 0.9861111111111112)",1,98.59722222222224,48135
"(0.8611111111111112, 1.0)",1,98.59722222222224,48136
"(0.7083333333333334, 1.0)",3,98.59722222222224,48139
"(0.9027777777777778, 1.0)",2,98.59722222222224,48141
"(0.7638888888888888, 1.0)",3,98.59722222222224,48144
"(0.7777777777777778, 1.0)",3,98.59722222222224,48147
"(0.875, 1.0)",2,98.59722222222224,48149
"(0.9444444444444444, 1.0)",1,98.59722222222224,48150
"(0.9305555555555556, 1.0)",3,98.59722222222224,48153
"(0.7083333333333334, 1.0)",1,98.5972222222222,48154
"(0.8333333333333334, 1.0)",1,98.5972222222222,48155
"(0.6944444444444444, 1.0)",2,98.5972222222222,48157
"(0.9385964912280702, 0.9912280701754386)",1,98.59649122807016,48158
"(0.7719298245614035, 0.9912280701754386)",1,98.59649122807016,48159
"(0.8728070175438597, 0.9912280701754386)",1,98.59649122807016,48160
"(0.9429824561403508, 0.9912280701754386)",6,98.59649122807016,48166
"(0.9035087719298246, 0.9912280701754386)",3,98.59649122807016,48169
"(0.7149122807017544, 0.9912280701754386)",3,98.59649122807016,48172
"(0.7719298245614035, 0.9912280701754386)",2,98.59649122807016,48174
"(0.8859649122807017, 0.9912280701754386)",1,98.59649122807016,48175
"(0.9429824561403508, 0.9912280701754386)",2,98.59649122807016,48177
"(0.975, 0.9958333333333332)",1,98.59583333333345,48178
"(0.9291666666666668, 0.9958333333333332)",1,98.59583333333345,48179
"(0.9375, 0.9791666666666666)",1,98.59583333333345,48180
"(0.8625, 0.9958333333333332)",1,98.59583333333342,48181
"(0.875, 0.9958333333333332)",1,98.59583333333342,48182
"(0.9875, 0.9958333333333332)",1,98.59583333333342,48183
"(0.9291666666666668, 0.9958333333333332)",1,98.5958333333334,48184
"(0.9208333333333332, 0.9958333333333332)",1,98.5958333333334,48185
"(0.95, 0.9958333333333332)",2,98.59583333333336,48187
"(0.9833333333333332, 0.9958333333333332)",1,98.59583333333336,48188
"(0.975, 0.9958333333333332)",2,98.59583333333336,48190
"(0.9791666666666666, 0.9958333333333332)",3,98.59583333333336,48193
"(0.4079545454545454, 0.999621212121212)",1,98.59583333333336,48194
"(0.9625, 0.9958333333333332)",2,98.59583333333336,48196
"(0.5303030303030303, 0.9988636363636364)",1,98.59583333333336,48197
"(0.9708333333333332, 0.9958333333333332)",1,98.59583333333336,48198
"(0.9583333333333334, 0.9958333333333332)",1,98.59583333333336,48199
"(0.9166666666666666, 0.9958333333333332)",1,98.59583333333336,48200
"(0.9875, 0.9958333333333332)",1,98.59583333333336,48201
"(0.975, 1.0)",1,98.59583333333332,48202
"(0.9458333333333332, 0.9958333333333332)",2,98.5958333333333,48204
"(0.9125, 0.9958333333333332)",1,98.59583333333325,48205
"(0.9166666666666666, 0.9958333333333332)",1,98.59583333333322,48206
"(0.9416666666666668, 0.9875)",2,98.59583333333318,48208
"(0.9125, 0.9875)",1,98.59583333333318,48209
"(0.9625, 0.9875)",1,98.59583333333316,48210
"(0.9, 0.9875)",1,98.59583333333316,48211
"(0.8958333333333334, 0.9875)",1,98.59583333333316,48212
"(0.9375, 0.9875)",1,98.59583333333316,48213
"(0.95, 0.9875)",1,98.59583333333316,48214
"(0.9333333333333332, 0.9875)",1,98.59583333333316,48215
"(0.95, 0.9875)",1,98.59583333333316,48216
"(0.9208333333333332, 0.9875)",2,98.59583333333316,48218
"(0.925, 0.9875)",1,98.59583333333316,48219
"(0.9625, 0.9875)",1,98.59583333333316,48220
"(0.9291666666666668, 0.9916666666666668)",1,98.59583333333312,48221
"(0.9125, 0.9916666666666668)",1,98.59583333333312,48222
"(0.9875, 0.9875)",1,98.59583333333312,48223
"(0.9291666666666668, 0.9916666666666668)",2,98.5958333333331,48225
"(0.9541666666666668, 0.9916666666666668)",1,98.59583333333306,48226
"(0.9418604651162792, 0.9883720930232558)",2,98.59302325581412,48228
"(0.9186046511627908, 0.9883720930232558)",2,98.59302325581412,48230
"(0.9302325581395348, 0.9883720930232558)",2,98.59302325581412,48232
"(0.872093023255814, 0.9883720930232558)",1,98.59302325581412,48233
"(0.7674418604651163, 0.9883720930232558)",1,98.59302325581412,48234
"(0.8953488372093024, 0.9883720930232558)",5,98.5930232558141,48239
"(0.813953488372093, 0.9883720930232558)",1,98.5930232558141,48240
"(0.9302325581395348, 0.9883720930232558)",2,98.5930232558141,48242
"(0.9418604651162792, 0.9883720930232558)",2,98.5930232558141,48244
"(0.8837209302325582, 0.9883720930232558)",1,98.5930232558141,48245
"(0.8604651162790697, 0.9883720930232558)",1,98.5930232558141,48246
"(0.6046511627906976, 1.0)",1,98.59302325581396,48247
"(0.872093023255814, 1.0)",1,98.59302325581396,48248
"(0.7149122807017544, 0.9912280701754386)",2,98.59210526315788,48250
"(0.9385964912280702, 0.9912280701754386)",1,98.59210526315788,48251
"(0.9833333333333332, 0.9958333333333332)",1,98.59166666666675,48252
"(0.9375, 0.9958333333333332)",2,98.59166666666675,48254
"(0.9208333333333332, 0.9958333333333332)",1,98.59166666666674,48255
"(0.825, 0.9958333333333332)",1,98.59166666666673,48256
"(0.9625, 0.9958333333333332)",1,98.5916666666667,48257
"(0.9791666666666666, 0.9958333333333332)",1,98.5916666666667,48258
"(0.9833333333333332, 0.9958333333333332)",2,98.5916666666667,48260
"(0.8666666666666667, 0.9958333333333332)",1,98.5916666666667,48261
"(0.9916666666666668, 0.9958333333333332)",1,98.5916666666667,48262
"(0.9375, 0.9958333333333332)",1,98.5916666666667,48263
"(0.9708333333333332, 0.9958333333333332)",1,98.5916666666667,48264
"(0.8541666666666666, 0.9958333333333332)",1,98.5916666666667,48265
"(0.975, 1.0)",3,98.59166666666668,48268
"(0.296969696969697, 0.9977272727272728)",3,98.59166666666668,48271
"(0.9791666666666666, 1.0)",1,98.59166666666668,48272
"(0.9291666666666668, 0.9958333333333332)",1,98.59166666666664,48273
"(0.8875, 0.9916666666666668)",1,98.59166666666658,48274
"(0.9208333333333332, 0.9875)",1,98.59166666666653,48275
"(0.9166666666666666, 0.9875)",1,98.59166666666653,48276
"(0.9125, 0.9875)",2,98.5916666666665,48278
"(0.9208333333333332, 0.9875)",1,98.5916666666665,48279
"(0.9416666666666668, 0.9875)",1,98.5916666666665,48280
"(0.9291666666666668, 0.9875)",2,98.5916666666665,48282
"(0.9458333333333332, 0.9875)",1,98.5916666666665,48283
"(0.9375, 0.9875)",1,98.5916666666665,48284
"(0.925, 0.9875)",1,98.5916666666665,48285
"(0.9, 0.9916666666666668)",1,98.59166666666646,48286
"(0.9291666666666668, 0.9916666666666668)",2,98.59166666666646,48288
"(0.9333333333333332, 0.9916666666666668)",1,98.59166666666646,48289
"(0.8875, 0.9916666666666668)",1,98.59166666666646,48290
"(0.9125, 0.9916666666666668)",1,98.59166666666644,48291
"(0.5106060606060606, 0.996969696969697)",3,98.59128787878792,48294
"(0.3223484848484848, 0.9984848484848484)",1,98.5912878787879,48295
"(0.3954545454545454, 0.9973484848484848)",1,98.59090909090916,48296
"(0.7051282051282052, 1.0)",1,98.5897435897436,48297
"(0.3974358974358974, 1.0)",2,98.5897435897436,48299
"(0.8717948717948718, 1.0)",1,98.5897435897436,48300
"(0.4382575757575757, 0.9977272727272728)",1,98.5890151515152,48301
"(0.4181818181818181, 0.9981060606060606)",3,98.58901515151518,48304
"(0.8728070175438597, 0.9912280701754386)",1,98.5877192982456,48305
"(0.9429824561403508, 0.9912280701754386)",1,98.5877192982456,48306
"(0.8552631578947368, 0.9912280701754386)",1,98.5877192982456,48307
"(0.9078947368421052, 0.9912280701754386)",1,98.5877192982456,48308
"(0.7105263157894737, 0.9912280701754386)",1,98.5877192982456,48309
"(0.9208333333333332, 0.9958333333333332)",1,98.5875000000001,48310
"(0.9916666666666668, 0.9958333333333332)",1,98.5875000000001,48311
"(0.9583333333333334, 0.9958333333333332)",1,98.58750000000008,48312
"(0.9291666666666668, 0.9958333333333332)",1,98.58750000000008,48313
"(0.975, 0.9958333333333332)",1,98.58750000000008,48314
"(0.9958333333333332, 0.9958333333333332)",1,98.58750000000008,48315
"(0.9208333333333332, 0.9958333333333332)",1,98.58750000000008,48316
"(0.8666666666666667, 0.9958333333333332)",1,98.58750000000008,48317
"(0.9041666666666668, 0.9958333333333332)",1,98.58750000000006,48318
"(0.9291666666666668, 0.9958333333333332)",1,98.58750000000006,48319
"(0.9916666666666668, 0.9958333333333332)",1,98.58750000000003,48320
"(0.9708333333333332, 0.9958333333333332)",1,98.58750000000003,48321
"(0.9875, 0.9958333333333332)",1,98.58750000000003,48322
"(0.9791666666666666, 0.9958333333333332)",2,98.58750000000003,48324
"(0.9583333333333334, 0.9958333333333332)",1,98.58750000000003,48325
"(0.9833333333333332, 0.9958333333333332)",2,98.58750000000003,48327
"(0.3496212121212121, 0.9984848484848484)",2,98.58750000000003,48329
"(0.9916666666666668, 0.9958333333333332)",2,98.58750000000003,48331
"(0.9166666666666666, 0.9958333333333332)",1,98.58750000000002,48332
"(0.3409090909090909, 0.999621212121212)",3,98.5875,48335
"(0.9625, 0.9833333333333332)",1,98.58749999999996,48336
"(0.9375, 0.9958333333333332)",2,98.58749999999992,48338
"(0.9875, 0.9583333333333334)",1,98.5874999999999,48339
"(0.9, 0.9875)",1,98.58749999999984,48340
"(0.9416666666666668, 0.9875)",1,98.58749999999984,48341
"(0.8958333333333334, 0.9875)",1,98.58749999999984,48342
"(0.9416666666666668, 0.9875)",2,98.58749999999982,48344
"(0.9208333333333332, 0.9875)",2,98.58749999999982,48346
"(0.9291666666666668, 0.9875)",1,98.58749999999982,48347
"(0.8958333333333334, 0.9875)",1,98.58749999999982,48348
"(0.925, 0.9875)",2,98.58749999999982,48350
"(0.9375, 0.9875)",4,98.58749999999982,48354
"(0.9125, 0.9875)",1,98.58749999999982,48355
"(0.95, 0.9875)",1,98.58749999999982,48356
"(0.9375, 0.9916666666666668)",1,98.5874999999998,48357
"(0.925, 0.9916666666666668)",1,98.5874999999998,48358
"(0.9875, 0.9875)",1,98.5874999999998,48359
"(0.9125, 0.9916666666666668)",1,98.5874999999998,48360
"(0.9791666666666666, 0.9916666666666668)",1,98.58749999999976,48361
"(0.9208333333333332, 0.9916666666666668)",1,98.58749999999972,48362
"(0.4382575757575757, 1.0)",3,98.58560606060608,48365
"(0.4348484848484849, 0.9981060606060606)",3,98.58446969696972,48368
"(0.7371212121212121, 1.0)",1,98.58409090909092,48369
"(0.505, 0.9975)",1,98.58375000000012,48370
"(0.5238636363636363, 1.0)",1,98.58371212121212,48371
"(0.7777777777777778, 0.9861111111111112)",1,98.58333333333354,48372
"(0.9444444444444444, 0.9861111111111112)",2,98.58333333333354,48374
"(0.9027777777777778, 0.9861111111111112)",2,98.58333333333354,48376
"(0.9166666666666666, 0.9861111111111112)",1,98.58333333333354,48377
"(0.9305555555555556, 0.9861111111111112)",1,98.58333333333354,48378
"(0.9722222222222222, 0.9861111111111112)",2,98.58333333333351,48380
"(0.9444444444444444, 0.9861111111111112)",1,98.58333333333351,48381
"(0.9041666666666668, 0.9958333333333332)",1,98.58333333333344,48382
"(0.9916666666666668, 0.9958333333333332)",1,98.5833333333334,48383
"(0.9125, 0.9958333333333332)",1,98.5833333333334,48384
"(0.9875, 0.9958333333333332)",1,98.5833333333334,48385
"(0.9444444444444444, 1.0)",3,98.5833333333334,48388
"(0.9333333333333332, 1.0)",1,98.58333333333336,48389
"(0.8166666666666667, 1.0)",1,98.58333333333336,48390
"(0.8333333333333334, 1.0)",2,98.58333333333336,48392
"(0.9583333333333334, 0.9958333333333332)",1,98.58333333333336,48393
"(0.8625, 0.9958333333333332)",1,98.58333333333336,48394
"(0.9833333333333332, 0.9958333333333332)",1,98.58333333333336,48395
"(0.9, 1.0)",1,98.58333333333336,48396
"(0.8166666666666667, 0.9833333333333332)",1,98.58333333333336,48397
"(0.9444444444444444, 1.0)",2,98.58333333333336,48399
"(0.9541666666666668, 0.9958333333333332)",1,98.58333333333336,48400
"(0.8333333333333334, 1.0)",1,98.58333333333336,48401
"(0.9666666666666668, 1.0)",2,98.58333333333336,48403
"(0.8333333333333334, 0.9833333333333332)",1,98.58333333333336,48404
"(0.9791666666666666, 0.9958333333333332)",1,98.58333333333336,48405
"(0.9833333333333332, 1.0)",1,98.58333333333336,48406
"(0.8166666666666667, 1.0)",1,98.58333333333336,48407
"(0.9791666666666666, 0.9958333333333332)",1,98.58333333333336,48408
"(0.95, 1.0)",1,98.58333333333336,48409
"(0.9027777777777778, 1.0)",2,98.58333333333334,48411
"(0.8, 1.0)",1,98.58333333333334,48412
"(0.8472222222222222, 1.0)",2,98.58333333333334,48414
"(0.9833333333333332, 1.0)",2,98.58333333333334,48416
"(0.75, 1.0)",1,98.58333333333334,48417
"(0.7666666666666667, 1.0)",2,98.58333333333334,48419
"(1.0, 1.0)",2,98.58333333333334,48421
"(0.9333333333333332, 1.0)",4,98.58333333333334,48425
"(0.6666666666666666, 1.0)",1,98.58333333333334,48426
"(0.8333333333333334, 0.9833333333333332)",1,98.58333333333334,48427
"(0.8666666666666667, 1.0)",2,98.58333333333334,48429
"(0.9166666666666666, 1.0)",3,98.58333333333334,48432
"(0.9305555555555556, 1.0)",1,98.58333333333334,48433
"(0.7083333333333334, 1.0)",3,98.58333333333334,48436
"(0.8888888888888888, 1.0)",1,98.58333333333334,48437
"(0.7777777777777778, 1.0)",1,98.58333333333334,48438
"(0.85, 1.0)",1,98.58333333333334,48439
"(0.8333333333333334, 1.0)",6,98.58333333333334,48445
"(0.9666666666666668, 1.0)",2,98.58333333333334,48447
"(0.95, 1.0)",1,98.58333333333334,48448
"(0.8541666666666666, 0.9958333333333332)",1,98.58333333333334,48449
"(0.7638888888888888, 1.0)",2,98.58333333333334,48451
"(0.9583333333333334, 1.0)",1,98.58333333333334,48452
"(0.8611111111111112, 1.0)",3,98.58333333333334,48455
"(0.9444444444444444, 1.0)",1,98.58333333333334,48456
"(0.7166666666666667, 1.0)",2,98.58333333333334,48458
"(0.7361111111111112, 1.0)",2,98.58333333333334,48460
"(0.7719298245614035, 0.9912280701754386)",1,98.58333333333331,48461
"(0.7083333333333334, 1.0)",3,98.58333333333331,48464
"(0.925438596491228, 0.9912280701754386)",1,98.58333333333331,48465
"(0.8859649122807017, 0.9912280701754386)",1,98.58333333333331,48466
"(0.7638888888888888, 1.0)",1,98.58333333333331,48467
"(0.8552631578947368, 0.9912280701754386)",1,98.58333333333331,48468
"(0.9333333333333332, 1.0)",2,98.58333333333331,48470
"(0.7916666666666666, 1.0)",1,98.58333333333331,48471
"(0.8833333333333333, 1.0)",1,98.58333333333331,48472
"(0.7166666666666667, 1.0)",1,98.58333333333331,48473
"(0.85, 1.0)",2,98.58333333333331,48475
"(0.5972222222222222, 1.0)",1,98.58333333333331,48476
"(0.75, 1.0)",3,98.58333333333331,48479
"(0.9, 1.0)",1,98.58333333333331,48480
"(0.9833333333333332, 1.0)",5,98.58333333333331,48485
"(0.7777777777777778, 1.0)",2,98.58333333333331,48487
"(0.875, 1.0)",2,98.58333333333331,48489
"(0.9666666666666668, 1.0)",1,98.58333333333331,48490
"(0.9027777777777778, 1.0)",1,98.58333333333331,48491
"(0.7763157894736842, 0.9912280701754386)",2,98.58333333333331,48493
"(0.8666666666666667, 1.0)",3,98.58333333333331,48496
"(1.0, 1.0)",2,98.58333333333331,48498
"(0.7333333333333333, 1.0)",1,98.58333333333331,48499
"(0.8333333333333334, 1.0)",5,98.58333333333331,48504
"(0.7, 1.0)",2,98.58333333333331,48506
"(0.9473684210526316, 0.9912280701754386)",1,98.58333333333331,48507
"(0.8166666666666667, 1.0)",1,98.58333333333331,48508
"(0.706140350877193, 0.9912280701754386)",1,98.58333333333331,48509
"(0.95, 1.0)",2,98.58333333333331,48511
"(0.9166666666666666, 1.0)",1,98.58333333333331,48512
"(0.8611111111111112, 1.0)",2,98.58333333333331,48514
"(0.9166666666666666, 0.9958333333333332)",1,98.5833333333332,48515
"(0.9083333333333332, 0.9916666666666668)",1,98.5833333333332,48516
"(0.9791666666666666, 0.9916666666666668)",1,98.5833333333332,48517
"(0.95, 0.9875)",1,98.58333333333316,48518
"(0.9166666666666666, 0.9916666666666668)",1,98.58333333333316,48519
"(0.8958333333333334, 0.9875)",1,98.58333333333316,48520
"(0.9625, 0.9916666666666668)",2,98.58333333333316,48522
"(0.9, 0.9875)",1,98.58333333333314,48523
"(0.95, 0.9916666666666668)",1,98.58333333333312,48524
"(0.9208333333333332, 0.9916666666666668)",1,98.58333333333312,48525
"(0.925, 0.9916666666666668)",1,98.5833333333331,48526
"(0.8958333333333334, 0.9916666666666668)",1,98.58333333333304,48527
"(0.4602272727272727, 0.9988636363636364)",1,98.58181818181822,48528
"(0.543939393939394, 0.9977272727272728)",1,98.58143939393946,48529
"(0.9302325581395348, 0.9883720930232558)",2,98.58139534883738,48531
"(0.8953488372093024, 0.9883720930232558)",6,98.58139534883736,48537
"(0.8837209302325582, 0.9883720930232558)",4,98.58139534883736,48541
"(0.8023255813953488, 0.9883720930232558)",1,98.58139534883736,48542
"(0.9186046511627908, 0.9883720930232558)",1,98.58139534883736,48543
"(0.8255813953488372, 0.9883720930232558)",5,98.58139534883736,48548
"(0.9186046511627908, 1.0)",1,98.58139534883722,48549
"(0.8023255813953488, 1.0)",1,98.58139534883722,48550
"(0.9186046511627908, 1.0)",2,98.5813953488372,48552
"(0.4069767441860465, 1.0)",1,98.5813953488372,48553
"(0.3481060606060606, 0.9992424242424244)",1,98.58068181818184,48554
"(0.431060606060606, 0.9981060606060606)",1,98.5803030303031,48555
"(0.4106060606060606, 1.0)",3,98.57954545454548,48558
"(0.9375, 0.9958333333333332)",1,98.57916666666677,48559
"(0.9833333333333332, 0.9958333333333332)",2,98.57916666666677,48561
"(0.9125, 0.9958333333333332)",1,98.57916666666677,48562
"(0.9833333333333332, 0.9958333333333332)",2,98.57916666666674,48564
"(0.875, 0.9958333333333332)",1,98.57916666666674,48565
"(0.95, 0.9958333333333332)",1,98.57916666666672,48566
"(0.9833333333333332, 0.9958333333333332)",1,98.57916666666672,48567
"(0.8958333333333334, 0.9958333333333332)",1,98.57916666666672,48568
"(0.975, 0.9958333333333332)",1,98.57916666666672,48569
"(0.9041666666666668, 0.9958333333333332)",2,98.57916666666672,48571
"(0.9208333333333332, 0.9958333333333332)",1,98.57916666666672,48572
"(0.975, 0.9958333333333332)",1,98.5791666666667,48573
"(0.9791666666666666, 0.9958333333333332)",2,98.5791666666667,48575
"(0.9708333333333332, 0.9958333333333332)",2,98.5791666666667,48577
"(0.9458333333333332, 0.9958333333333332)",1,98.5791666666667,48578
"(0.8791666666666667, 0.9958333333333332)",1,98.57916666666668,48579
"(0.9666666666666668, 0.9958333333333332)",1,98.57916666666664,48580
"(0.9458333333333332, 0.9791666666666666)",1,98.57916666666657,48581
"(0.9, 0.9875)",1,98.57916666666652,48582
"(0.9375, 0.9916666666666668)",1,98.57916666666652,48583
"(0.9125, 0.9875)",1,98.5791666666665,48584
"(0.9666666666666668, 0.9875)",1,98.5791666666665,48585
"(0.9208333333333332, 0.9875)",1,98.5791666666665,48586
"(0.9, 0.9875)",2,98.5791666666665,48588
"(0.9375, 0.9875)",1,98.5791666666665,48589
"(0.8958333333333334, 0.9875)",1,98.57916666666648,48590
"(0.9625, 0.9916666666666668)",1,98.57916666666635,48591
"(0.7719298245614035, 0.9912280701754386)",1,98.57894736842104,48592
"(0.9385964912280702, 0.9912280701754386)",1,98.57894736842104,48593
"(0.717948717948718, 1.0)",2,98.57692307692308,48595
"(0.5384615384615384, 1.0)",3,98.57692307692308,48598
"(0.9916666666666668, 0.9958333333333332)",1,98.57500000000012,48599
"(0.9583333333333334, 0.9958333333333332)",1,98.57500000000012,48600
"(0.9583333333333334, 0.9958333333333332)",1,98.57500000000012,48601
"(0.9375, 0.9958333333333332)",1,98.57500000000007,48602
"(0.9, 0.9958333333333332)",1,98.57500000000006,48603
"(0.9375, 0.9958333333333332)",1,98.57500000000006,48604
"(0.9791666666666666, 0.9958333333333332)",1,98.57500000000006,48605
"(0.9791666666666666, 0.9958333333333332)",1,98.57500000000005,48606
"(0.8625, 0.9958333333333332)",1,98.57500000000005,48607
"(0.9916666666666668, 0.9958333333333332)",1,98.57500000000005,48608
"(0.9875, 0.9958333333333332)",2,98.57500000000005,48610
"(0.975, 0.9958333333333332)",1,98.57500000000005,48611
"(0.9208333333333332, 0.9958333333333332)",1,98.57500000000005,48612
"(0.9625, 0.9958333333333332)",1,98.57500000000005,48613
"(0.4571969696969697, 0.9992424242424244)",2,98.575,48615
"(0.975, 1.0)",1,98.575,48616
"(0.9208333333333332, 0.9958333333333332)",1,98.57499999999996,48617
"(0.95, 0.9958333333333332)",1,98.57499999999996,48618
"(0.9125, 0.9958333333333332)",1,98.57499999999992,48619
"(0.95, 0.9958333333333332)",1,98.57499999999992,48620
"(0.9625, 0.9875)",1,98.5749999999999,48621
"(0.925, 0.9916666666666668)",1,98.57499999999987,48622
"(0.9416666666666668, 0.9875)",2,98.57499999999985,48624
"(0.925, 0.9875)",1,98.57499999999985,48625
"(0.9291666666666668, 0.9916666666666668)",2,98.57499999999985,48627
"(0.8958333333333334, 0.9875)",1,98.57499999999985,48628
"(0.8833333333333333, 0.9875)",1,98.57499999999982,48629
"(0.9291666666666668, 0.9916666666666668)",1,98.57499999999982,48630
"(0.9125, 0.9875)",1,98.57499999999982,48631
"(0.9166666666666666, 0.9916666666666668)",2,98.5749999999998,48633
"(0.9708333333333332, 0.9916666666666668)",1,98.5749999999998,48634
"(0.8666666666666667, 0.9916666666666668)",1,98.5749999999998,48635
"(0.9916666666666668, 0.9916666666666668)",1,98.57499999999976,48636
"(0.9416666666666668, 0.9916666666666668)",1,98.57499999999976,48637
"(0.9035087719298246, 0.9912280701754386)",1,98.57456140350877,48638
"(0.7149122807017544, 0.9912280701754386)",1,98.57456140350877,48639
"(0.9429824561403508, 0.9912280701754386)",2,98.57456140350877,48641
"(0.8859649122807017, 0.9912280701754386)",1,98.57456140350877,48642
"(0.9473684210526316, 0.9912280701754386)",1,98.57456140350877,48643
"(0.925438596491228, 0.9912280701754386)",2,98.57456140350877,48645
"(0.4621212121212121, 0.9992424242424244)",2,98.57234848484852,48647
"(0.3583333333333333, 0.9992424242424244)",1,98.5723484848485,48648
"(0.4496212121212121, 0.9992424242424244)",3,98.57121212121214,48651
"(0.4753787878787879, 0.9992424242424244)",1,98.57121212121214,48652
"(0.9791666666666666, 0.9958333333333332)",1,98.57083333333344,48653
"(0.9375, 0.9958333333333332)",1,98.5708333333334,48654
"(0.9791666666666666, 0.9958333333333332)",1,98.5708333333334,48655
"(0.9208333333333332, 0.9958333333333332)",1,98.57083333333335,48656
"(0.9833333333333332, 0.9958333333333332)",1,98.57083333333335,48657
"(0.9791666666666666, 0.9958333333333332)",2,98.57083333333335,48659
"(0.975, 0.9958333333333332)",3,98.57083333333335,48662
"(0.9875, 0.9958333333333332)",1,98.57083333333335,48663
"(0.9208333333333332, 0.9958333333333332)",1,98.5708333333333,48664
"(0.9583333333333334, 0.9916666666666668)",1,98.57083333333328,48665
"(0.9416666666666668, 0.9916666666666668)",1,98.57083333333324,48666
"(0.9166666666666666, 0.9875)",1,98.57083333333318,48667
"(0.8958333333333334, 0.9875)",1,98.57083333333316,48668
"(0.925, 0.9875)",1,98.57083333333316,48669
"(0.9166666666666666, 0.9875)",1,98.57083333333316,48670
"(0.9291666666666668, 0.9875)",1,98.57083333333316,48671
"(0.9083333333333332, 0.9875)",1,98.57083333333316,48672
"(0.9125, 0.9875)",1,98.57083333333316,48673
"(0.95, 0.9875)",1,98.57083333333316,48674
"(0.9291666666666668, 0.9875)",1,98.57083333333316,48675
"(0.8833333333333333, 0.9875)",1,98.57083333333316,48676
"(0.8625, 0.9916666666666668)",1,98.57083333333313,48677
"(0.9125, 0.9916666666666668)",1,98.57083333333304,48678
"(0.2253787878787878, 1.0)",3,98.57045454545457,48681
"(0.7149122807017544, 0.9912280701754386)",1,98.57017543859648,48682
"(0.406060606060606, 1.0)",1,98.5700757575758,48683
"(0.9186046511627908, 0.9883720930232558)",1,98.56976744186063,48684
"(0.9302325581395348, 0.9883720930232558)",2,98.56976744186063,48686
"(0.8837209302325582, 0.9883720930232558)",1,98.56976744186063,48687
"(0.8837209302325582, 0.9883720930232558)",3,98.56976744186062,48690
"(0.7906976744186046, 0.9883720930232558)",2,98.56976744186062,48692
"(0.9302325581395348, 0.9883720930232558)",2,98.56976744186062,48694
"(0.872093023255814, 0.9883720930232558)",2,98.56976744186062,48696
"(0.813953488372093, 0.9883720930232558)",1,98.56976744186062,48697
"(0.7441860465116279, 0.9883720930232558)",1,98.56976744186062,48698
"(0.8604651162790697, 0.9883720930232558)",1,98.56976744186062,48699
"(0.9186046511627908, 0.9883720930232558)",1,98.56976744186062,48700
"(0.8953488372093024, 0.9883720930232558)",5,98.56976744186062,48705
"(0.8255813953488372, 0.9883720930232558)",1,98.56976744186062,48706
"(0.9418604651162792, 0.9883720930232558)",2,98.56976744186062,48708
"(0.6162790697674418, 0.9883720930232558)",1,98.5697674418605,48709
"(0.7441860465116279, 1.0)",1,98.56976744186046,48710
"(0.4651162790697674, 1.0)",1,98.56976744186046,48711
"(0.8194444444444444, 0.9861111111111112)",3,98.56944444444466,48714
"(0.9722222222222222, 0.9861111111111112)",1,98.56944444444464,48715
"(0.9305555555555556, 0.9861111111111112)",5,98.56944444444464,48720
"(0.9027777777777778, 0.9861111111111112)",2,98.56944444444464,48722
"(0.9444444444444444, 0.9861111111111112)",4,98.56944444444464,48726
"(0.9444444444444444, 1.0)",1,98.56944444444458,48727
"(0.9305555555555556, 1.0)",1,98.56944444444454,48728
"(0.9305555555555556, 0.9861111111111112)",1,98.56944444444446,48729
"(0.8611111111111112, 1.0)",1,98.56944444444446,48730
"(0.875, 1.0)",1,98.56944444444446,48731
"(0.8472222222222222, 1.0)",1,98.56944444444446,48732
"(0.7222222222222222, 1.0)",1,98.56944444444446,48733
"(0.9166666666666666, 1.0)",1,98.56944444444446,48734
"(0.6527777777777778, 1.0)",1,98.56944444444446,48735
"(0.9305555555555556, 1.0)",1,98.56944444444446,48736
"(0.7638888888888888, 1.0)",1,98.56944444444446,48737
"(0.7083333333333334, 1.0)",2,98.56944444444444,48739
"(0.8194444444444444, 1.0)",1,98.56944444444444,48740
"(0.75, 1.0)",1,98.56944444444444,48741
"(0.8611111111111112, 1.0)",1,98.56944444444444,48742
"(0.8888888888888888, 1.0)",2,98.56944444444444,48744
"(0.9583333333333334, 1.0)",5,98.56944444444444,48749
"(0.8472222222222222, 1.0)",1,98.56944444444444,48750
"(0.9444444444444444, 1.0)",2,98.56944444444444,48752
"(0.7916666666666666, 1.0)",1,98.56944444444444,48753
"(0.9166666666666666, 1.0)",1,98.56944444444444,48754
"(0.9305555555555556, 1.0)",1,98.56944444444444,48755
"(0.625, 1.0)",1,98.56944444444444,48756
"(0.8055555555555556, 1.0)",1,98.56944444444444,48757
"(0.9027777777777778, 1.0)",2,98.56944444444444,48759
"(0.9305555555555556, 1.0)",2,98.56944444444444,48761
"(0.8333333333333334, 1.0)",1,98.56944444444444,48762
"(0.3537878787878787, 1.0)",1,98.5685606060606,48763
"(0.925, 0.9958333333333332)",1,98.56666666666676,48764
"(0.8333333333333334, 0.9833333333333332)",1,98.56666666666672,48765
"(1.0, 1.0)",3,98.56666666666672,48768
"(0.9875, 0.9958333333333332)",2,98.56666666666672,48770
"(0.95, 0.9833333333333332)",1,98.56666666666672,48771
"(0.8166666666666667, 1.0)",1,98.56666666666672,48772
"(0.8333333333333334, 0.9666666666666668)",1,98.56666666666672,48773
"(0.825, 0.9958333333333332)",1,98.5666666666667,48774
"(0.9958333333333332, 0.9958333333333332)",1,98.5666666666667,48775
"(0.9166666666666666, 0.9666666666666668)",1,98.5666666666667,48776
"(0.8333333333333334, 1.0)",2,98.5666666666667,48778
"(0.7333333333333333, 0.9833333333333332)",1,98.5666666666667,48779
"(0.9833333333333332, 0.9958333333333332)",1,98.56666666666668,48780
"(0.95, 1.0)",1,98.56666666666668,48781
"(0.9708333333333332, 0.9958333333333332)",3,98.56666666666668,48784
"(0.7833333333333333, 1.0)",1,98.56666666666668,48785
"(0.9666666666666668, 1.0)",1,98.56666666666668,48786
"(0.9333333333333332, 1.0)",2,98.56666666666668,48788
"(0.85, 1.0)",1,98.56666666666668,48789
"(0.9, 0.9833333333333332)",1,98.56666666666668,48790
"(0.9458333333333332, 0.9958333333333332)",1,98.56666666666668,48791
"(0.9, 1.0)",3,98.56666666666668,48794
"(0.9916666666666668, 0.9958333333333332)",1,98.56666666666668,48795
"(0.9833333333333332, 1.0)",2,98.56666666666668,48797
"(0.9166666666666666, 1.0)",1,98.56666666666668,48798
"(0.8333333333333334, 1.0)",3,98.56666666666668,48801
"(0.9625, 0.9958333333333332)",1,98.56666666666668,48802
"(0.8, 1.0)",1,98.56666666666668,48803
"(0.7666666666666667, 1.0)",1,98.56666666666668,48804
"(0.7333333333333333, 1.0)",1,98.56666666666668,48805
"(1.0, 1.0)",1,98.56666666666668,48806
"(0.8166666666666667, 1.0)",1,98.56666666666668,48807
"(0.9166666666666666, 1.0)",2,98.56666666666668,48809
"(0.9166666666666666, 1.0)",3,98.56666666666666,48812
"(0.8, 1.0)",2,98.56666666666666,48814
"(0.8166666666666667, 1.0)",1,98.56666666666666,48815
"(0.7, 1.0)",2,98.56666666666666,48817
"(0.8833333333333333, 1.0)",6,98.56666666666666,48823
"(0.6666666666666666, 1.0)",1,98.56666666666666,48824
"(0.85, 1.0)",7,98.56666666666666,48831
"(0.75, 1.0)",1,98.56666666666666,48832
"(0.975, 1.0)",1,98.56666666666666,48833
"(0.925, 0.9833333333333332)",1,98.56666666666666,48834
"(0.9833333333333332, 1.0)",5,98.56666666666666,48839
"(0.7166666666666667, 1.0)",3,98.56666666666666,48842
"(0.8333333333333334, 1.0)",4,98.56666666666666,48846
"(0.9666666666666668, 1.0)",4,98.56666666666666,48850
"(0.9333333333333332, 1.0)",4,98.56666666666666,48854
"(0.95, 1.0)",1,98.56666666666666,48855
"(1.0, 1.0)",6,98.56666666666666,48861
"(0.9, 1.0)",1,98.56666666666666,48862
"(0.7333333333333333, 1.0)",1,98.56666666666666,48863
"(0.8666666666666667, 1.0)",4,98.56666666666666,48867
"(0.8916666666666667, 0.9916666666666668)",1,98.56666666666658,48868
"(0.925, 0.9875)",1,98.5666666666665,48869
"(0.9, 0.9875)",1,98.5666666666665,48870
"(0.9166666666666666, 0.9958333333333332)",1,98.5666666666665,48871
"(0.9208333333333332, 0.9875)",1,98.56666666666648,48872
"(0.925, 0.9875)",1,98.56666666666648,48873
"(0.9, 0.9875)",2,98.56666666666648,48875
"(0.9583333333333334, 0.9875)",1,98.56666666666648,48876
"(0.9375, 0.9875)",2,98.56666666666648,48878
"(0.8552631578947368, 0.9912280701754386)",1,98.5657894736842,48879
"(0.7149122807017544, 0.9912280701754386)",1,98.5657894736842,48880
"(0.9429824561403508, 0.9912280701754386)",1,98.5657894736842,48881
"(0.4469696969696969, 0.999621212121212)",3,98.56515151515154,48884
"(0.6923076923076923, 1.0)",1,98.56410256410255,48885
"(0.5890151515151515, 0.9988636363636364)",3,98.5640151515152,48888
"(0.4329545454545455, 1.0)",3,98.5628787878788,48891
"(0.3534090909090909, 0.9984848484848484)",3,98.5628787878788,48894
"(0.9375, 0.9958333333333332)",1,98.56250000000011,48895
"(0.8625, 0.9958333333333332)",1,98.56250000000011,48896
"(0.975, 0.9958333333333332)",1,98.56250000000011,48897
"(0.9, 0.9958333333333332)",1,98.56250000000011,48898
"(0.9833333333333332, 0.9958333333333332)",1,98.5625000000001,48899
"(0.9375, 0.9958333333333332)",1,98.56250000000009,48900
"(0.9875, 0.9958333333333332)",1,98.56250000000009,48901
"(0.9833333333333332, 0.9958333333333332)",1,98.56250000000004,48902
"(0.9875, 0.9958333333333332)",1,98.56250000000004,48903
"(0.9541666666666668, 0.9958333333333332)",1,98.56250000000004,48904
"(0.9875, 0.9958333333333332)",2,98.56250000000004,48906
"(0.9625, 0.9958333333333332)",1,98.56250000000004,48907
"(0.975, 0.9958333333333332)",1,98.56250000000004,48908
"(0.95, 0.9833333333333332)",1,98.5625,48909
"(0.9208333333333332, 0.9958333333333332)",2,98.5625,48911
"(0.9875, 1.0)",2,98.5625,48913
"(0.95, 1.0)",1,98.5625,48914
"(0.95, 0.9875)",2,98.5624999999999,48916
"(0.95, 0.9875)",1,98.56249999999989,48917
"(0.9083333333333332, 0.9875)",1,98.56249999999986,48918
"(0.8958333333333334, 0.9875)",2,98.56249999999984,48920
"(0.9291666666666668, 0.9875)",2,98.56249999999984,48922
"(0.9291666666666668, 0.9875)",1,98.56249999999984,48923
"(0.9208333333333332, 0.9875)",1,98.56249999999984,48924
"(0.95, 0.9875)",2,98.56249999999984,48926
"(0.9, 0.9875)",1,98.56249999999984,48927
"(0.925, 0.9875)",1,98.56249999999984,48928
"(0.8958333333333334, 0.9875)",2,98.56249999999982,48930
"(0.925, 0.9875)",1,98.56249999999982,48931
"(0.8541666666666666, 0.9916666666666668)",2,98.56249999999976,48933
"(0.9291666666666668, 0.9916666666666668)",1,98.56249999999976,48934
"(0.95, 0.9916666666666668)",1,98.56249999999972,48935
"(0.925438596491228, 0.9912280701754386)",1,98.56140350877192,48936
"(0.8552631578947368, 0.9912280701754386)",2,98.56140350877192,48938
"(0.9429824561403508, 0.9912280701754386)",1,98.56140350877192,48939
"(0.7105263157894737, 0.9912280701754386)",3,98.56140350877192,48942
"(0.49, 0.995)",1,98.56125000000009,48943
"(0.4079545454545454, 0.9992424242424244)",3,98.56060606060608,48946
"(0.4469696969696969, 0.9992424242424244)",1,98.55946969696971,48947
"(0.4799242424242424, 0.9988636363636364)",3,98.55909090909094,48950
"(0.9375, 0.9958333333333332)",1,98.55833333333344,48951
"(0.9708333333333332, 0.9958333333333332)",1,98.55833333333344,48952
"(0.8375, 0.9958333333333332)",2,98.5583333333334,48954
"(0.9916666666666668, 0.9958333333333332)",1,98.5583333333334,48955
"(0.9625, 0.9958333333333332)",1,98.55833333333338,48956
"(0.9625, 0.9958333333333332)",1,98.55833333333337,48957
"(0.9208333333333332, 0.9833333333333332)",2,98.55833333333337,48959
"(0.9791666666666666, 0.9958333333333332)",1,98.55833333333337,48960
"(0.9791666666666666, 0.9958333333333332)",1,98.55833333333332,48961
"(0.9625, 0.9958333333333332)",1,98.55833333333328,48962
"(0.8541666666666666, 0.9958333333333332)",1,98.55833333333324,48963
"(0.9125, 0.9875)",1,98.5583333333332,48964
"(0.925, 0.9916666666666668)",1,98.5583333333332,48965
"(0.9166666666666666, 0.9875)",1,98.55833333333318,48966
"(0.9291666666666668, 0.9875)",1,98.55833333333318,48967
"(0.8958333333333334, 0.9916666666666668)",2,98.55833333333318,48969
"(0.9125, 0.9875)",1,98.55833333333317,48970
"(0.9375, 0.9875)",1,98.55833333333317,48971
"(0.9416666666666668, 0.9875)",1,98.55833333333317,48972
"(0.9208333333333332, 0.9875)",2,98.55833333333317,48974
"(0.95, 0.9875)",2,98.55833333333317,48976
"(0.9291666666666668, 0.9875)",1,98.55833333333317,48977
"(0.8958333333333334, 0.9875)",1,98.55833333333317,48978
"(0.9583333333333334, 0.9875)",1,98.55833333333317,48979
"(0.9125, 0.9875)",1,98.55833333333317,48980
"(0.9375, 0.9916666666666668)",1,98.5583333333331,48981
"(0.9125, 0.9916666666666668)",1,98.55833333333308,48982
"(0.9333333333333332, 0.9916666666666668)",1,98.55833333333304,48983
"(0.7674418604651163, 0.9883720930232558)",1,98.55813953488388,48984
"(0.8255813953488372, 0.9883720930232558)",1,98.55813953488388,48985
"(0.7906976744186046, 0.9883720930232558)",1,98.55813953488388,48986
"(0.9302325581395348, 0.9883720930232558)",1,98.55813953488388,48987
"(0.8604651162790697, 0.9883720930232558)",5,98.55813953488388,48992
"(0.8837209302325582, 0.9883720930232558)",6,98.55813953488388,48998
"(0.8255813953488372, 0.9883720930232558)",6,98.55813953488388,49004
"(0.9418604651162792, 0.9883720930232558)",7,98.55813953488388,49011
"(0.8372093023255814, 0.9883720930232558)",1,98.55813953488388,49012
"(0.7674418604651163, 0.9883720930232558)",2,98.55813953488388,49014
"(0.8488372093023255, 0.9883720930232558)",2,98.55813953488388,49016
"(0.813953488372093, 0.9883720930232558)",2,98.55813953488388,49018
"(0.8953488372093024, 0.9883720930232558)",9,98.55813953488388,49027
"(0.872093023255814, 0.9883720930232558)",1,98.55813953488388,49028
"(0.7441860465116279, 1.0)",1,98.55813953488374,49029
"(0.9035087719298246, 0.9912280701754386)",1,98.55701754385964,49030
"(0.925438596491228, 0.9912280701754386)",1,98.55701754385964,49031
"(0.9429824561403508, 0.9912280701754386)",1,98.55701754385964,49032
"(0.7149122807017544, 0.9912280701754386)",1,98.55701754385964,49033
"(0.7105263157894737, 0.9912280701754386)",1,98.55701754385964,49034
"(0.8552631578947368, 0.9912280701754386)",1,98.55701754385964,49035
"(0.4359848484848485, 0.999621212121212)",3,98.5564393939394,49038
"(0.2174242424242424, 0.999621212121212)",3,98.55606060606064,49041
"(0.9305555555555556, 0.9861111111111112)",2,98.55555555555576,49043
"(0.9444444444444444, 0.9861111111111112)",7,98.55555555555576,49050
"(0.9027777777777778, 0.9861111111111112)",2,98.55555555555576,49052
"(0.8194444444444444, 0.9861111111111112)",3,98.55555555555576,49055
"(0.9722222222222222, 0.9861111111111112)",1,98.55555555555576,49056
"(0.9444444444444444, 0.9861111111111112)",1,98.55555555555556,49057
"(0.7361111111111112, 1.0)",3,98.55555555555556,49060
"(0.8611111111111112, 1.0)",2,98.55555555555556,49062
"(0.625, 1.0)",2,98.55555555555556,49064
"(0.9444444444444444, 1.0)",1,98.55555555555556,49065
"(0.9305555555555556, 1.0)",1,98.55555555555556,49066
"(0.9166666666666666, 1.0)",1,98.55555555555556,49067
"(0.8472222222222222, 1.0)",1,98.55555555555556,49068
"(0.8888888888888888, 1.0)",2,98.55555555555556,49070
"(0.7638888888888888, 1.0)",1,98.55555555555556,49071
"(0.7083333333333334, 1.0)",2,98.55555555555556,49073
"(0.6805555555555556, 1.0)",1,98.55555555555556,49074
"(0.75, 1.0)",2,98.55555555555556,49076
"(0.7777777777777778, 1.0)",3,98.55555555555556,49079
"(0.9027777777777778, 1.0)",1,98.55555555555556,49080
"(0.9027777777777778, 1.0)",1,98.55555555555556,49081
"(0.8333333333333334, 1.0)",2,98.55555555555556,49083
"(0.9583333333333334, 1.0)",1,98.55555555555556,49084
"(0.9305555555555556, 1.0)",1,98.55555555555556,49085
"(0.6805555555555556, 0.9861111111111112)",1,98.55555555555556,49086
"(0.5325757575757576, 0.9988636363636364)",3,98.55530303030304,49089
"(0.4356060606060606, 1.0)",3,98.55492424242426,49092
"(0.975, 0.9958333333333332)",1,98.5541666666668,49093
"(0.9625, 0.9958333333333332)",1,98.55416666666676,49094
"(0.9333333333333332, 0.9958333333333332)",1,98.55416666666676,49095
"(0.8958333333333334, 0.9958333333333332)",1,98.55416666666676,49096
"(0.9458333333333332, 0.9958333333333332)",1,98.55416666666676,49097
"(0.9791666666666666, 0.9958333333333332)",1,98.55416666666672,49098
"(0.975, 0.9958333333333332)",1,98.55416666666672,49099
"(0.975, 0.9958333333333332)",1,98.5541666666667,49100
"(0.9875, 0.9958333333333332)",1,98.5541666666667,49101
"(0.9333333333333332, 0.9958333333333332)",1,98.5541666666667,49102
"(0.9916666666666668, 0.9958333333333332)",2,98.5541666666667,49104
"(0.9208333333333332, 0.9958333333333332)",1,98.5541666666667,49105
"(0.9791666666666666, 0.9958333333333332)",1,98.5541666666667,49106
"(0.9875, 0.9958333333333332)",1,98.55416666666667,49107
"(0.8791666666666667, 0.9916666666666668)",1,98.55416666666656,49108
"(0.9125, 0.9875)",1,98.55416666666652,49109
"(0.9333333333333332, 0.9875)",1,98.5541666666665,49110
"(0.9625, 0.9875)",1,98.5541666666665,49111
"(0.9291666666666668, 0.9875)",1,98.5541666666665,49112
"(0.9541666666666668, 0.9875)",1,98.55416666666648,49113
"(0.9375, 0.9875)",1,98.55416666666648,49114
"(0.9458333333333332, 0.9958333333333332)",1,98.55416666666648,49115
"(0.925, 0.9875)",3,98.55416666666648,49118
"(0.9333333333333332, 0.9875)",3,98.55416666666648,49121
"(0.9, 0.9875)",1,98.55416666666648,49122
"(0.9375, 0.9916666666666668)",2,98.55416666666646,49124
"(0.9125, 0.9916666666666668)",1,98.55416666666646,49125
"(0.8875, 0.9916666666666668)",1,98.55416666666646,49126
"(0.9416666666666668, 0.9916666666666668)",1,98.55416666666638,49127
"(0.4602272727272727, 0.999621212121212)",2,98.55303030303033,49129
"(0.4996212121212121, 0.999621212121212)",1,98.55265151515154,49130
"(0.925438596491228, 0.9912280701754386)",1,98.55263157894736,49131
"(0.706140350877193, 0.9912280701754386)",1,98.55263157894736,49132
"(0.7105263157894737, 0.9912280701754386)",4,98.55263157894736,49136
"(0.8859649122807017, 0.9912280701754386)",1,98.55263157894736,49137
"(0.56125, 0.99875)",1,98.5525000000001,49138
"(0.4242424242424242, 0.9977272727272728)",2,98.55227272727276,49140
"(0.4356060606060606, 0.9981060606060606)",1,98.55189393939398,49141
"(0.8717948717948718, 1.0)",3,98.55128205128206,49144
"(0.4378787878787878, 1.0)",3,98.5503787878788,49147
"(0.4340909090909091, 0.9988636363636364)",3,98.5503787878788,49150
"(0.9375, 0.9958333333333332)",2,98.55000000000013,49152
"(0.9625, 0.9958333333333332)",2,98.55000000000013,49154
"(0.9458333333333332, 0.9958333333333332)",1,98.55000000000013,49155
"(0.9833333333333332, 0.9958333333333332)",1,98.5500000000001,49156
"(1.0, 0.9833333333333332)",1,98.55000000000008,49157
"(0.9875, 0.9958333333333332)",1,98.55000000000008,49158
"(0.9125, 0.9958333333333332)",2,98.55000000000008,49160
"(0.8333333333333334, 1.0)",1,98.55000000000004,49161
"(0.95, 1.0)",2,98.55000000000004,49163
"(0.9666666666666668, 0.9958333333333332)",1,98.55000000000004,49164
"(1.0, 1.0)",1,98.55000000000004,49165
"(0.8333333333333334, 0.9833333333333332)",1,98.55000000000004,49166
"(0.9166666666666666, 1.0)",1,98.55000000000004,49167
"(0.75, 1.0)",1,98.55000000000004,49168
"(0.9833333333333332, 1.0)",1,98.55000000000004,49169
"(0.9791666666666666, 0.9958333333333332)",2,98.55000000000004,49171
"(0.9791666666666666, 0.9958333333333332)",1,98.55000000000004,49172
"(0.8333333333333334, 1.0)",1,98.55000000000004,49173
"(0.7666666666666667, 1.0)",1,98.55000000000004,49174
"(0.9875, 0.9958333333333332)",1,98.55000000000004,49175
"(0.9, 1.0)",1,98.55000000000004,49176
"(0.8833333333333333, 1.0)",1,98.55,49177
"(1.0, 1.0)",3,98.55,49180
"(0.9666666666666668, 1.0)",2,98.55,49182
"(0.7333333333333333, 1.0)",1,98.55,49183
"(0.8166666666666667, 1.0)",1,98.55,49184
"(0.95, 1.0)",1,98.55,49185
"(0.7, 1.0)",3,98.55,49188
"(0.9666666666666668, 1.0)",1,98.55,49189
"(0.85, 1.0)",1,98.55,49190
"(0.8166666666666667, 1.0)",2,98.55,49192
"(0.8, 1.0)",1,98.55,49193
"(0.8833333333333333, 1.0)",7,98.55,49200
"(0.7166666666666667, 1.0)",1,98.55,49201
"(0.8333333333333334, 1.0)",1,98.55,49202
"(0.9833333333333332, 1.0)",5,98.55,49207
"(1.0, 1.0)",1,98.55,49208
"(0.9, 1.0)",3,98.55,49211
"(0.7833333333333333, 1.0)",1,98.55,49212
"(0.7166666666666667, 1.0)",2,98.55,49214
"(0.85, 1.0)",2,98.55,49216
"(0.9166666666666666, 1.0)",2,98.55,49218
"(0.8333333333333334, 1.0)",3,98.55,49221
"(0.9333333333333332, 1.0)",2,98.55,49223
"(0.95, 1.0)",1,98.55,49224
"(0.8666666666666667, 1.0)",5,98.55,49229
"(0.7666666666666667, 1.0)",1,98.55,49230
"(0.9833333333333332, 1.0)",1,98.54999999999998,49231
"(0.8458333333333333, 0.9875)",2,98.54999999999988,49233
"(0.9166666666666666, 0.9875)",1,98.54999999999984,49234
"(0.9208333333333332, 0.9875)",1,98.54999999999984,49235
"(0.9541666666666668, 0.9875)",1,98.54999999999984,49236
"(0.925, 0.9875)",1,98.54999999999984,49237
"(0.9291666666666668, 0.9875)",2,98.54999999999984,49239
"(0.9375, 0.9875)",1,98.54999999999984,49240
"(0.9416666666666668, 0.9875)",1,98.54999999999984,49241
"(0.8958333333333334, 0.9875)",2,98.54999999999984,49243
"(0.95, 0.9875)",1,98.54999999999984,49244
"(0.8958333333333334, 0.9916666666666668)",1,98.5499999999998,49245
"(0.9, 0.9916666666666668)",1,98.54999999999971,49246
"(0.47125, 0.9975)",3,98.54875000000013,49249
"(0.4975, 0.9975)",1,98.5487500000001,49250
"(0.4556818181818182, 0.9977272727272728)",1,98.5484848484849,49251
"(0.9035087719298246, 0.9912280701754386)",2,98.54824561403508,49253
"(0.7105263157894737, 0.9912280701754386)",3,98.54824561403508,49256
"(0.9429824561403508, 0.9912280701754386)",5,98.54824561403508,49261
"(0.8552631578947368, 0.9912280701754386)",2,98.54824561403508,49263
"(0.9473684210526316, 0.9912280701754386)",1,98.54824561403508,49264
"(0.7675438596491229, 0.9912280701754386)",1,98.54824561403508,49265
"(0.925438596491228, 0.9912280701754386)",1,98.54824561403508,49266
"(0.525, 1.0)",1,98.54810606060607,49267
"(0.4871212121212121, 0.9992424242424244)",3,98.54772727272729,49270
"(0.5025, 0.99875)",1,98.54750000000008,49271
"(0.4109848484848485, 1.0)",2,98.5473484848485,49273
"(0.4469696969696969, 0.9981060606060606)",1,98.54696969696975,49274
"(0.4223484848484848, 0.999621212121212)",3,98.54696969696973,49277
"(0.9418604651162792, 0.9883720930232558)",3,98.54651162790714,49280
"(0.8488372093023255, 0.9883720930232558)",4,98.54651162790714,49284
"(0.872093023255814, 0.9883720930232558)",1,98.54651162790714,49285
"(0.9302325581395348, 0.9883720930232558)",1,98.54651162790714,49286
"(0.8255813953488372, 0.9883720930232558)",7,98.54651162790714,49293
"(0.8837209302325582, 0.9883720930232558)",6,98.54651162790714,49299
"(0.8604651162790697, 0.9883720930232558)",5,98.54651162790714,49304
"(0.7674418604651163, 0.9883720930232558)",1,98.54651162790714,49305
"(0.9186046511627908, 1.0)",1,98.546511627907,49306
"(0.9186046511627908, 1.0)",1,98.54651162790698,49307
"(0.4378787878787878, 0.999621212121212)",3,98.54621212121216,49310
"(0.925, 0.9958333333333332)",2,98.54583333333346,49312
"(0.8625, 0.9958333333333332)",1,98.54583333333343,49313
"(0.95, 0.9958333333333332)",1,98.54583333333343,49314
"(0.9375, 0.9958333333333332)",1,98.54583333333342,49315
"(0.9791666666666666, 0.9958333333333332)",2,98.54583333333342,49317
"(0.975, 0.9958333333333332)",1,98.5458333333334,49318
"(0.975, 0.9958333333333332)",1,98.54583333333338,49319
"(0.9875, 0.9958333333333332)",2,98.54583333333336,49321
"(0.975, 0.9958333333333332)",1,98.54583333333336,49322
"(0.9291666666666668, 0.9958333333333332)",1,98.54583333333336,49323
"(0.8875, 0.9958333333333332)",1,98.54583333333336,49324
"(0.9083333333333332, 0.9875)",1,98.54583333333326,49325
"(0.9125, 0.9958333333333332)",1,98.54583333333326,49326
"(0.9458333333333332, 0.9958333333333332)",1,98.54583333333323,49327
"(0.9666666666666668, 0.9875)",1,98.5458333333332,49328
"(0.9291666666666668, 0.9916666666666668)",1,98.5458333333332,49329
"(0.9916666666666668, 0.9791666666666666)",1,98.5458333333332,49330
"(0.9375, 0.9916666666666668)",1,98.54583333333318,49331
"(0.95, 0.9875)",1,98.54583333333316,49332
"(0.925, 0.9875)",1,98.54583333333316,49333
"(0.8916666666666667, 0.9875)",1,98.54583333333316,49334
"(0.9125, 0.9875)",1,98.54583333333316,49335
"(0.9166666666666666, 0.9875)",1,98.54583333333316,49336
"(0.9375, 0.9875)",3,98.54583333333316,49339
"(0.9208333333333332, 0.9875)",1,98.54583333333316,49340
"(0.9166666666666666, 0.9916666666666668)",1,98.54583333333312,49341
"(0.9291666666666668, 0.9916666666666668)",1,98.54583333333308,49342
"(0.8958333333333334, 0.9916666666666668)",1,98.54583333333306,49343
"(0.7149122807017544, 0.9912280701754386)",1,98.5438596491228,49344
"(0.9429824561403508, 0.9912280701754386)",2,98.5438596491228,49346
"(0.9027777777777778, 0.9861111111111112)",1,98.54166666666688,49347
"(0.9305555555555556, 0.9861111111111112)",6,98.54166666666688,49353
"(0.8611111111111112, 0.9861111111111112)",1,98.54166666666688,49354
"(0.9166666666666666, 0.9861111111111112)",1,98.54166666666688,49355
"(0.9722222222222222, 0.9861111111111112)",6,98.54166666666688,49361
"(0.9444444444444444, 0.9861111111111112)",6,98.54166666666688,49367
"(0.8888888888888888, 0.9861111111111112)",1,98.54166666666688,49368
"(0.8472222222222222, 0.9861111111111112)",2,98.54166666666688,49370
"(0.8333333333333334, 0.9861111111111112)",4,98.54166666666688,49374
"(0.7638888888888888, 0.9861111111111112)",1,98.54166666666684,49375
"(0.9458333333333332, 0.9833333333333332)",1,98.54166666666671,49376
"(0.7777777777777778, 1.0)",1,98.5416666666667,49377
"(0.9875, 0.9958333333333332)",1,98.5416666666667,49378
"(0.8958333333333334, 0.9958333333333332)",1,98.5416666666667,49379
"(1.0, 0.9958333333333332)",1,98.5416666666667,49380
"(0.975, 0.9958333333333332)",1,98.5416666666667,49381
"(0.9333333333333332, 0.9958333333333332)",1,98.5416666666667,49382
"(0.9791666666666666, 0.9958333333333332)",1,98.5416666666667,49383
"(0.9125, 0.9958333333333332)",2,98.5416666666667,49385
"(0.8055555555555556, 1.0)",1,98.54166666666669,49386
"(0.8055555555555556, 1.0)",2,98.54166666666669,49388
"(0.8194444444444444, 1.0)",1,98.54166666666669,49389
"(0.9833333333333332, 1.0)",1,98.54166666666669,49390
"(0.975, 1.0)",2,98.54166666666669,49392
"(0.7916666666666666, 1.0)",1,98.54166666666669,49393
"(0.9027777777777778, 1.0)",3,98.54166666666669,49396
"(0.7361111111111112, 1.0)",1,98.54166666666669,49397
"(0.5972222222222222, 1.0)",1,98.54166666666669,49398
"(0.9583333333333334, 1.0)",2,98.54166666666669,49400
"(0.7777777777777778, 1.0)",2,98.54166666666669,49402
"(0.7222222222222222, 1.0)",2,98.54166666666669,49404
"(0.875, 1.0)",1,98.54166666666669,49405
"(0.7083333333333334, 1.0)",3,98.54166666666669,49408
"(0.7638888888888888, 1.0)",1,98.54166666666669,49409
"(0.8194444444444444, 1.0)",1,98.54166666666669,49410
"(0.8472222222222222, 1.0)",1,98.54166666666669,49411
"(0.9444444444444444, 1.0)",2,98.54166666666669,49413
"(0.9444444444444444, 1.0)",1,98.54166666666669,49414
"(0.9166666666666666, 1.0)",1,98.54166666666669,49415
"(0.9305555555555556, 1.0)",2,98.54166666666669,49417
"(0.8055555555555556, 1.0)",4,98.54166666666666,49421
"(0.9027777777777778, 1.0)",2,98.54166666666666,49423
"(0.8888888888888888, 1.0)",2,98.54166666666666,49425
"(0.7777777777777778, 1.0)",1,98.54166666666666,49426
"(0.8611111111111112, 1.0)",1,98.54166666666666,49427
"(0.9305555555555556, 1.0)",2,98.54166666666666,49429
"(0.7916666666666666, 1.0)",2,98.54166666666666,49431
"(0.7083333333333334, 1.0)",2,98.54166666666666,49433
"(0.6805555555555556, 1.0)",3,98.54166666666666,49436
"(0.9166666666666666, 1.0)",2,98.54166666666666,49438
"(0.9583333333333334, 1.0)",2,98.54166666666666,49440
"(0.8333333333333334, 1.0)",1,98.54166666666666,49441
"(0.875, 1.0)",3,98.54166666666666,49444
"(0.9444444444444444, 1.0)",1,98.54166666666666,49445
"(0.6111111111111112, 1.0)",1,98.54166666666666,49446
"(0.9208333333333332, 0.9833333333333332)",1,98.54166666666664,49447
"(0.975, 0.9791666666666666)",1,98.54166666666664,49448
"(0.8916666666666667, 0.9958333333333332)",1,98.5416666666666,49449
"(0.9791666666666666, 0.9916666666666668)",1,98.54166666666654,49450
"(0.9416666666666668, 0.9875)",1,98.54166666666652,49451
"(0.95, 0.9875)",1,98.54166666666652,49452
"(0.9333333333333332, 0.9875)",1,98.54166666666652,49453
"(0.875, 0.9875)",2,98.5416666666665,49455
"(0.9125, 0.9875)",1,98.5416666666665,49456
"(0.925, 0.9875)",1,98.54166666666649,49457
"(0.8958333333333334, 0.9875)",2,98.54166666666649,49459
"(0.9375, 0.9875)",1,98.54166666666649,49460
"(0.95, 0.9875)",1,98.54166666666649,49461
"(0.9208333333333332, 0.9875)",2,98.54166666666649,49463
"(0.9208333333333332, 0.9916666666666668)",1,98.54166666666646,49464
"(0.925, 0.9916666666666668)",1,98.54166666666644,49465
"(0.9333333333333332, 0.9916666666666668)",1,98.54166666666644,49466
"(0.9083333333333332, 0.9916666666666668)",1,98.54166666666642,49467
"(0.9208333333333332, 0.9916666666666668)",1,98.54166666666642,49468
"(0.8916666666666667, 0.9916666666666668)",1,98.5416666666664,49469
"(0.456060606060606, 0.999621212121212)",3,98.54090909090912,49472
"(0.4925, 0.99875)",1,98.54000000000008,49473
"(0.7675438596491229, 0.9912280701754386)",1,98.5394736842105,49474
"(0.7763157894736842, 0.9912280701754386)",3,98.5394736842105,49477
"(0.5034090909090909, 0.9988636363636364)",1,98.5390151515152,49478
"(0.505, 0.9975)",1,98.53875000000016,49479
"(0.543939393939394, 0.999621212121212)",1,98.5386363636364,49480
"(0.6538461538461539, 1.0)",1,98.53846153846156,49481
"(0.9916666666666668, 0.9958333333333332)",2,98.5375000000001,49483
"(0.9541666666666668, 0.9958333333333332)",1,98.53750000000008,49484
"(0.9708333333333332, 0.9958333333333332)",1,98.53750000000004,49485
"(0.5106060606060606, 0.999621212121212)",3,98.53750000000004,49488
"(0.9791666666666666, 0.9958333333333332)",2,98.53750000000004,49490
"(0.4068181818181818, 0.999621212121212)",3,98.53750000000002,49493
"(0.9666666666666668, 0.9916666666666668)",1,98.5375,49494
"(0.9375, 0.9916666666666668)",1,98.53749999999997,49495
"(0.9875, 0.9916666666666668)",1,98.53749999999992,49496
"(0.925, 0.9875)",1,98.5374999999999,49497
"(0.925, 0.9958333333333332)",1,98.5374999999999,49498
"(0.8958333333333334, 0.9875)",2,98.53749999999984,49500
"(0.9166666666666666, 0.9875)",2,98.53749999999982,49502
"(0.9416666666666668, 0.9875)",1,98.53749999999982,49503
"(0.8958333333333334, 0.9875)",1,98.53749999999982,49504
"(0.8916666666666667, 0.9875)",1,98.53749999999982,49505
"(0.95, 0.9916666666666668)",1,98.5374999999998,49506
"(0.9416666666666668, 0.9916666666666668)",1,98.53749999999974,49507
"(0.9166666666666666, 0.9916666666666668)",1,98.53749999999972,49508
"(0.7105263157894737, 0.9912280701754386)",4,98.53508771929825,49512
"(0.7149122807017544, 0.9912280701754386)",1,98.53508771929825,49513
"(0.706140350877193, 0.9912280701754386)",1,98.53508771929825,49514
"(0.8859649122807017, 0.9912280701754386)",2,98.53508771929825,49516
"(0.49, 0.99875)",1,98.53500000000014,49517
"(0.813953488372093, 0.9883720930232558)",2,98.5348837209304,49519
"(0.8604651162790697, 0.9883720930232558)",1,98.5348837209304,49520
"(0.9418604651162792, 0.9883720930232558)",2,98.5348837209304,49522
"(0.8488372093023255, 0.9883720930232558)",1,98.5348837209304,49523
"(0.7674418604651163, 0.9883720930232558)",2,98.5348837209304,49525
"(0.8953488372093024, 0.9883720930232558)",1,98.5348837209304,49526
"(0.9302325581395348, 0.9883720930232558)",3,98.5348837209304,49529
"(0.8837209302325582, 0.9883720930232558)",1,98.5348837209304,49530
"(0.8372093023255814, 0.9883720930232558)",1,98.5348837209304,49531
"(0.8255813953488372, 0.9883720930232558)",3,98.5348837209304,49534
"(0.7906976744186046, 0.9883720930232558)",1,98.53488372093038,49535
"(0.7674418604651163, 0.9883720930232558)",1,98.53488372093038,49536
"(0.8255813953488372, 0.9883720930232558)",1,98.53488372093038,49537
"(0.813953488372093, 0.9883720930232558)",1,98.53488372093038,49538
"(0.8837209302325582, 0.9883720930232558)",1,98.53488372093038,49539
"(0.9302325581395348, 0.9883720930232558)",1,98.53488372093038,49540
"(0.8023255813953488, 0.9883720930232558)",1,98.53488372093038,49541
"(0.9186046511627908, 1.0)",1,98.53488372093028,49542
"(0.9186046511627908, 1.0)",1,98.53488372093022,49543
"(0.4651162790697674, 1.0)",1,98.53488372093022,49544
"(0.8625, 0.9958333333333332)",1,98.53333333333345,49545
"(0.9875, 0.9958333333333332)",1,98.53333333333345,49546
"(0.9916666666666668, 0.9958333333333332)",1,98.53333333333342,49547
"(1.0, 0.9833333333333332)",1,98.5333333333334,49548
"(0.9666666666666668, 0.9833333333333332)",2,98.5333333333334,49550
"(0.8833333333333333, 1.0)",1,98.5333333333334,49551
"(0.8625, 0.9958333333333332)",1,98.5333333333334,49552
"(0.9, 0.9833333333333332)",1,98.5333333333334,49553
"(1.0, 1.0)",2,98.5333333333334,49555
"(0.95, 0.9833333333333332)",1,98.5333333333334,49556
"(0.9125, 0.9958333333333332)",1,98.5333333333334,49557
"(0.9333333333333332, 0.9833333333333332)",1,98.5333333333334,49558
"(0.9791666666666666, 0.9958333333333332)",1,98.53333333333336,49559
"(0.8833333333333333, 1.0)",1,98.53333333333336,49560
"(0.9791666666666666, 0.9958333333333332)",1,98.53333333333336,49561
"(0.8166666666666667, 1.0)",2,98.53333333333336,49563
"(0.95, 1.0)",1,98.53333333333336,49564
"(0.8666666666666667, 1.0)",1,98.53333333333336,49565
"(0.9166666666666666, 1.0)",3,98.53333333333336,49568
"(0.9833333333333332, 0.9958333333333332)",2,98.53333333333336,49570
"(0.9333333333333332, 1.0)",1,98.53333333333336,49571
"(0.95, 1.0)",1,98.53333333333336,49572
"(0.8666666666666667, 1.0)",3,98.53333333333336,49575
"(0.8333333333333334, 1.0)",1,98.53333333333336,49576
"(0.8333333333333334, 1.0)",1,98.53333333333336,49577
"(0.85, 1.0)",1,98.53333333333336,49578
"(0.9166666666666666, 1.0)",1,98.53333333333336,49579
"(0.9625, 0.9958333333333332)",1,98.53333333333336,49580
"(0.9666666666666668, 0.9958333333333332)",1,98.53333333333336,49581
"(0.8666666666666667, 1.0)",1,98.53333333333336,49582
"(0.9708333333333332, 0.9958333333333332)",1,98.53333333333336,49583
"(0.8333333333333334, 1.0)",1,98.53333333333336,49584
"(0.85, 1.0)",1,98.53333333333332,49585
"(0.9333333333333332, 1.0)",2,98.53333333333332,49587
"(0.9666666666666668, 1.0)",2,98.53333333333332,49589
"(0.9833333333333332, 1.0)",2,98.53333333333332,49591
"(1.0, 1.0)",6,98.53333333333332,49597
"(0.7166666666666667, 1.0)",2,98.53333333333332,49599
"(0.8333333333333334, 1.0)",1,98.53333333333332,49600
"(0.975, 1.0)",1,98.53333333333332,49601
"(0.9875, 1.0)",1,98.53333333333332,49602
"(0.7333333333333333, 1.0)",1,98.53333333333332,49603
"(0.8833333333333333, 1.0)",3,98.53333333333332,49606
"(0.9166666666666666, 1.0)",4,98.53333333333332,49610
"(0.8, 1.0)",1,98.53333333333332,49611
"(0.9, 1.0)",2,98.53333333333332,49613
"(0.95, 1.0)",3,98.53333333333332,49616
"(0.975, 0.9958333333333332)",1,98.53333333333327,49617
"(0.95, 0.9875)",2,98.53333333333325,49619
"(0.9708333333333332, 0.9875)",1,98.53333333333325,49620
"(0.95, 0.9875)",1,98.5333333333332,49621
"(0.9333333333333332, 0.9875)",1,98.5333333333332,49622
"(0.9208333333333332, 0.9875)",1,98.53333333333316,49623
"(0.9, 0.9875)",1,98.53333333333316,49624
"(0.8958333333333334, 0.9875)",2,98.53333333333316,49626
"(0.9, 0.9875)",1,98.53333333333316,49627
"(0.9125, 0.9875)",1,98.53333333333316,49628
"(0.8833333333333333, 0.9875)",1,98.53333333333316,49629
"(0.9166666666666666, 0.9875)",2,98.53333333333316,49631
"(0.9375, 0.9916666666666668)",2,98.53333333333312,49633
"(0.9875, 0.9916666666666668)",1,98.53333333333312,49634
"(0.8916666666666667, 0.9916666666666668)",1,98.53333333333308,49635
"(0.5431818181818182, 0.9984848484848484)",1,98.53257575757576,49636
"(0.7428030303030303, 1.0)",1,98.53219696969695,49637
"(0.5056818181818182, 0.9988636363636364)",3,98.5318181818182,49640
"(0.3534090909090909, 0.9973484848484848)",1,98.53143939393942,49641
"(0.2454545454545454, 0.999621212121212)",3,98.53106060606062,49644
"(0.8552631578947368, 0.9912280701754386)",1,98.53070175438594,49645
"(0.706140350877193, 0.9912280701754386)",2,98.53070175438594,49647
"(0.4079545454545454, 0.9988636363636364)",3,98.53068181818183,49650
"(0.3814393939393939, 0.999621212121212)",3,98.52992424242426,49653
"(0.4579545454545454, 1.0)",1,98.52992424242424,49654
"(0.4049242424242424, 0.9992424242424244)",1,98.52954545454551,49655
"(0.4174242424242424, 0.9992424242424244)",3,98.52954545454548,49658
"(0.9625, 0.9958333333333332)",1,98.52916666666678,49659
"(0.9, 0.9958333333333332)",1,98.52916666666675,49660
"(0.9875, 0.9958333333333332)",2,98.52916666666675,49662
"(0.9041666666666668, 0.9958333333333332)",1,98.52916666666674,49663
"(0.9833333333333332, 0.9958333333333332)",1,98.5291666666667,49664
"(0.9458333333333332, 0.9958333333333332)",1,98.5291666666667,49665
"(0.9208333333333332, 0.9833333333333332)",1,98.5291666666667,49666
"(0.4053030303030303, 0.9992424242424244)",3,98.52916666666668,49669
"(0.9958333333333332, 1.0)",1,98.52916666666668,49670
"(0.9666666666666668, 0.9833333333333332)",1,98.52916666666668,49671
"(0.9083333333333332, 0.9958333333333332)",1,98.52916666666664,49672
"(0.975, 0.9958333333333332)",1,98.52916666666664,49673
"(0.9958333333333332, 1.0)",1,98.5291666666666,49674
"(0.9166666666666666, 0.9958333333333332)",1,98.52916666666654,49675
"(0.9166666666666666, 0.9875)",1,98.52916666666653,49676
"(0.9208333333333332, 0.9958333333333332)",1,98.52916666666653,49677
"(0.8916666666666667, 0.9875)",3,98.5291666666665,49680
"(0.9125, 0.9875)",5,98.5291666666665,49685
"(0.925, 0.9875)",1,98.5291666666665,49686
"(0.9333333333333332, 0.9875)",1,98.5291666666665,49687
"(0.8958333333333334, 0.9875)",1,98.5291666666665,49688
"(0.9291666666666668, 0.9875)",1,98.5291666666665,49689
"(0.95, 0.9875)",2,98.5291666666665,49691
"(0.4068181818181818, 0.9981060606060606)",1,98.52840909090912,49692
"(0.6621212121212121, 0.9988636363636364)",1,98.5280303030303,49693
"(0.4890151515151515, 1.0)",3,98.5280303030303,49696
"(0.9027777777777778, 0.9861111111111112)",1,98.52777777777798,49697
"(0.9444444444444444, 0.9861111111111112)",6,98.52777777777798,49703
"(0.8055555555555556, 0.9861111111111112)",1,98.52777777777798,49704
"(0.8333333333333334, 0.9861111111111112)",2,98.52777777777798,49706
"(0.75, 0.9861111111111112)",1,98.52777777777798,49707
"(0.7638888888888888, 0.9861111111111112)",1,98.52777777777798,49708
"(0.9722222222222222, 0.9861111111111112)",6,98.52777777777798,49714
"(0.9166666666666666, 0.9861111111111112)",1,98.52777777777798,49715
"(0.9305555555555556, 0.9861111111111112)",4,98.52777777777798,49719
"(0.8611111111111112, 0.9861111111111112)",1,98.52777777777798,49720
"(0.875, 1.0)",1,98.52777777777784,49721
"(0.9305555555555556, 1.0)",1,98.5277777777778,49722
"(0.6944444444444444, 1.0)",3,98.5277777777778,49725
"(0.9166666666666666, 1.0)",1,98.5277777777778,49726
"(0.9305555555555556, 1.0)",1,98.5277777777778,49727
"(0.8472222222222222, 1.0)",2,98.5277777777778,49729
"(0.8194444444444444, 1.0)",1,98.5277777777778,49730
"(0.8055555555555556, 1.0)",1,98.52777777777776,49731
"(0.9305555555555556, 1.0)",2,98.52777777777776,49733
"(0.7083333333333334, 1.0)",2,98.52777777777776,49735
"(0.7916666666666666, 1.0)",2,98.52777777777776,49737
"(0.7777777777777778, 1.0)",1,98.52777777777776,49738
"(0.7361111111111112, 1.0)",1,98.52777777777776,49739
"(0.8888888888888888, 1.0)",1,98.52777777777776,49740
"(0.75, 1.0)",1,98.52777777777776,49741
"(0.8194444444444444, 1.0)",3,98.52777777777776,49744
"(0.8611111111111112, 1.0)",3,98.52777777777776,49747
"(0.6944444444444444, 1.0)",1,98.52777777777776,49748
"(0.9166666666666666, 1.0)",1,98.52777777777776,49749
"(0.5972222222222222, 1.0)",1,98.52777777777776,49750
"(0.9444444444444444, 1.0)",1,98.52777777777776,49751
"(0.50875, 0.99875)",1,98.52750000000007,49752
"(0.49375, 0.99875)",1,98.52750000000006,49753
"(0.9429824561403508, 0.9912280701754386)",1,98.52631578947368,49754
"(0.7105263157894737, 0.9912280701754386)",1,98.52631578947368,49755
"(0.4975, 0.995)",1,98.5262500000001,49756
"(0.4053030303030303, 0.9992424242424244)",3,98.52613636363635,49759
"(0.6538461538461539, 1.0)",1,98.52564102564102,49760
"(0.9791666666666666, 0.9958333333333332)",1,98.52500000000012,49761
"(0.9583333333333334, 0.9958333333333332)",1,98.52500000000012,49762
"(0.9791666666666666, 0.9958333333333332)",1,98.5250000000001,49763
"(0.9708333333333332, 0.9958333333333332)",1,98.5250000000001,49764
"(0.9916666666666668, 0.9958333333333332)",1,98.5250000000001,49765
"(0.9125, 0.9958333333333332)",1,98.52500000000008,49766
"(0.95, 0.9958333333333332)",1,98.52500000000008,49767
"(0.975, 0.9958333333333332)",1,98.52500000000008,49768
"(0.9583333333333334, 0.9833333333333332)",1,98.52500000000006,49769
"(0.9791666666666666, 0.9958333333333332)",1,98.52500000000006,49770
"(0.9833333333333332, 0.9958333333333332)",2,98.52500000000003,49772
"(0.9791666666666666, 0.9958333333333332)",1,98.52500000000003,49773
"(0.9458333333333332, 0.9958333333333332)",1,98.52500000000003,49774
"(0.95, 0.9958333333333332)",1,98.52500000000003,49775
"(0.825, 0.9958333333333332)",1,98.52500000000003,49776
"(0.975, 0.9958333333333332)",1,98.52500000000003,49777
"(0.975, 0.9958333333333332)",1,98.52499999999992,49778
"(0.825, 0.9958333333333332)",1,98.52499999999992,49779
"(0.8666666666666667, 0.9958333333333332)",1,98.52499999999992,49780
"(0.925, 0.9875)",1,98.52499999999984,49781
"(0.9208333333333332, 0.9875)",2,98.52499999999984,49783
"(0.95, 0.9875)",2,98.52499999999984,49785
"(0.8875, 0.9875)",1,98.52499999999982,49786
"(0.9, 0.9875)",1,98.52499999999982,49787
"(0.9375, 0.9875)",1,98.52499999999982,49788
"(0.8916666666666667, 0.9875)",1,98.52499999999982,49789
"(0.9125, 0.9875)",1,98.52499999999982,49790
"(0.9083333333333332, 0.9875)",1,98.52499999999982,49791
"(0.9333333333333332, 0.9875)",1,98.52499999999982,49792
"(0.8916666666666667, 0.9916666666666668)",1,98.5249999999998,49793
"(0.8625, 0.9916666666666668)",1,98.52499999999978,49794
"(0.9208333333333332, 0.9916666666666668)",1,98.52499999999976,49795
"(0.2208333333333333, 0.999621212121212)",3,98.52348484848486,49798
"(0.872093023255814, 0.9883720930232558)",2,98.52325581395364,49800
"(0.813953488372093, 0.9883720930232558)",2,98.52325581395364,49802
"(0.6162790697674418, 0.9883720930232558)",1,98.52325581395364,49803
"(0.9302325581395348, 0.9883720930232558)",1,98.52325581395364,49804
"(0.8604651162790697, 0.9883720930232558)",1,98.52325581395364,49805
"(0.8488372093023255, 0.9883720930232558)",2,98.52325581395364,49807
"(0.7906976744186046, 0.9883720930232558)",1,98.52325581395364,49808
"(0.7790697674418605, 0.9883720930232558)",3,98.52325581395364,49811
"(0.7906976744186046, 0.9883720930232558)",1,98.52325581395364,49812
"(0.8255813953488372, 0.9883720930232558)",2,98.52325581395364,49814
"(0.8953488372093024, 0.9883720930232558)",2,98.52325581395364,49816
"(0.8023255813953488, 0.9883720930232558)",1,98.52325581395364,49817
"(0.872093023255814, 1.0)",2,98.52325581395353,49819
"(0.5930232558139535, 1.0)",1,98.52325581395348,49820
"(0.7674418604651163, 1.0)",1,98.52325581395348,49821
"(0.3372093023255814, 1.0)",1,98.52325581395348,49822
"(0.5025, 0.995)",1,98.52250000000008,49823
"(0.3318181818181818, 1.0)",3,98.5223484848485,49826
"(0.3431818181818182, 0.9984848484848484)",1,98.52196969696972,49827
"(0.8552631578947368, 0.9912280701754386)",1,98.52192982456138,49828
"(0.7105263157894737, 0.9912280701754386)",1,98.52192982456138,49829
"(0.9429824561403508, 0.9912280701754386)",1,98.52192982456138,49830
"(0.3814393939393939, 0.9988636363636364)",1,98.52121212121212,49831
"(0.9875, 0.9958333333333332)",1,98.52083333333346,49832
"(0.975, 0.9958333333333332)",1,98.52083333333344,49833
"(0.85, 0.9958333333333332)",1,98.52083333333344,49834
"(0.825, 0.9958333333333332)",1,98.5208333333334,49835
"(0.9916666666666668, 0.9958333333333332)",1,98.5208333333334,49836
"(0.8916666666666667, 0.9958333333333332)",1,98.5208333333334,49837
"(0.975, 0.9958333333333332)",1,98.52083333333336,49838
"(0.9666666666666668, 0.9958333333333332)",1,98.52083333333336,49839
"(0.975, 0.9958333333333332)",1,98.52083333333336,49840
"(0.9833333333333332, 0.9958333333333332)",1,98.52083333333336,49841
"(0.9916666666666668, 0.9958333333333332)",1,98.52083333333336,49842
"(0.9708333333333332, 0.9958333333333332)",1,98.52083333333336,49843
"(0.95, 0.9875)",1,98.5208333333332,49844
"(0.925, 0.9875)",1,98.5208333333332,49845
"(0.9, 0.9875)",1,98.5208333333332,49846
"(0.9291666666666668, 0.9875)",1,98.52083333333316,49847
"(0.9375, 0.9875)",1,98.52083333333316,49848
"(0.8958333333333334, 0.9875)",2,98.52083333333316,49850
"(0.925, 0.9875)",2,98.52083333333316,49852
"(0.8916666666666667, 0.9875)",1,98.52083333333316,49853
"(0.9125, 0.9875)",1,98.52083333333316,49854
"(0.9291666666666668, 0.9875)",2,98.52083333333316,49856
"(0.9041666666666668, 0.9916666666666668)",1,98.52083333333309,49857
"(0.8833333333333333, 0.9916666666666668)",1,98.52083333333304,49858
"(0.2696969696969697, 0.9981060606060606)",1,98.5204545454546,49859
"(0.4068181818181818, 0.9988636363636364)",3,98.52045454545456,49862
"(0.5458333333333333, 1.0)",1,98.52045454545456,49863
"(0.9473684210526316, 0.9912280701754386)",1,98.51754385964912,49864
"(0.7675438596491229, 0.9912280701754386)",1,98.51754385964912,49865
"(0.925438596491228, 0.9912280701754386)",2,98.51754385964912,49867
"(0.7105263157894737, 0.9912280701754386)",1,98.5175438596491,49868
"(0.50875, 0.9975)",1,98.5175000000002,49869
"(0.5113636363636364, 0.999621212121212)",1,98.51704545454548,49870
"(0.9041666666666668, 0.9791666666666666)",2,98.5166666666668,49872
"(0.9958333333333332, 0.9958333333333332)",1,98.51666666666678,49873
"(0.9291666666666668, 0.9958333333333332)",1,98.51666666666677,49874
"(0.9083333333333332, 0.9958333333333332)",1,98.51666666666677,49875
"(0.9125, 0.9958333333333332)",1,98.51666666666674,49876
"(1.0, 0.9833333333333332)",3,98.51666666666674,49879
"(0.9, 0.9666666666666668)",2,98.51666666666672,49881
"(0.8833333333333333, 0.9833333333333332)",1,98.51666666666672,49882
"(0.9291666666666668, 0.9958333333333332)",1,98.51666666666672,49883
"(0.9875, 0.9958333333333332)",1,98.51666666666672,49884
"(0.7333333333333333, 0.9833333333333332)",1,98.51666666666672,49885
"(0.9833333333333332, 1.0)",1,98.51666666666672,49886
"(0.9125, 0.9958333333333332)",1,98.51666666666672,49887
"(0.9916666666666668, 0.9958333333333332)",1,98.51666666666672,49888
"(0.8333333333333334, 0.9833333333333332)",1,98.51666666666672,49889
"(0.9, 1.0)",1,98.5166666666667,49890
"(0.9541666666666668, 0.9958333333333332)",1,98.5166666666667,49891
"(0.975, 0.9958333333333332)",1,98.5166666666667,49892
"(0.8333333333333334, 1.0)",1,98.5166666666667,49893
"(0.9916666666666668, 0.9958333333333332)",1,98.5166666666667,49894
"(0.9666666666666668, 0.9958333333333332)",1,98.5166666666667,49895
"(0.8666666666666667, 1.0)",1,98.5166666666667,49896
"(1.0, 0.9833333333333332)",1,98.5166666666667,49897
"(0.9166666666666666, 1.0)",2,98.51666666666668,49899
"(0.7333333333333333, 1.0)",2,98.51666666666668,49901
"(0.8333333333333334, 1.0)",2,98.51666666666668,49903
"(0.8666666666666667, 1.0)",2,98.51666666666668,49905
"(0.8, 1.0)",1,98.51666666666668,49906
"(0.9666666666666668, 1.0)",1,98.51666666666668,49907
"(0.9, 1.0)",3,98.51666666666668,49910
"(0.8333333333333334, 1.0)",1,98.51666666666668,49911
"(0.9166666666666666, 1.0)",2,98.51666666666668,49913
"(0.9666666666666668, 1.0)",1,98.51666666666668,49914
"(0.8833333333333333, 1.0)",5,98.51666666666668,49919
"(0.6666666666666666, 1.0)",1,98.51666666666668,49920
"(0.85, 1.0)",3,98.51666666666668,49923
"(0.9333333333333332, 1.0)",1,98.51666666666668,49924
"(0.8166666666666667, 1.0)",1,98.51666666666668,49925
"(0.8666666666666667, 1.0)",1,98.51666666666668,49926
"(0.65, 1.0)",1,98.51666666666668,49927
"(0.7666666666666667, 1.0)",2,98.51666666666668,49929
"(0.95, 1.0)",1,98.51666666666668,49930
"(0.8, 1.0)",1,98.51666666666668,49931
"(0.9833333333333332, 1.0)",4,98.51666666666668,49935
"(0.85, 1.0)",1,98.51666666666668,49936
"(1.0, 1.0)",6,98.51666666666668,49942
"(0.7166666666666667, 1.0)",1,98.51666666666668,49943
"(0.9333333333333332, 1.0)",1,98.51666666666664,49944
"(0.975, 0.9916666666666668)",1,98.5166666666666,49945
"(0.9125, 0.9916666666666668)",1,98.5166666666666,49946
"(0.975, 0.9916666666666668)",1,98.51666666666654,49947
"(0.9208333333333332, 0.9916666666666668)",1,98.51666666666652,49948
"(0.95, 0.9875)",1,98.5166666666665,49949
"(0.925, 0.9875)",1,98.5166666666665,49950
"(0.9375, 0.9875)",1,98.5166666666665,49951
"(0.9, 0.9875)",1,98.5166666666665,49952
"(0.9333333333333332, 0.9875)",1,98.5166666666665,49953
"(0.8958333333333334, 0.9875)",1,98.5166666666665,49954
"(0.9125, 0.9875)",1,98.5166666666665,49955
"(0.9416666666666668, 0.9875)",2,98.51666666666648,49957
"(0.95, 0.9875)",2,98.51666666666648,49959
"(0.975, 0.9958333333333332)",1,98.51666666666644,49960
"(0.9166666666666666, 0.9916666666666668)",1,98.5166666666664,49961
"(0.2856060606060606, 0.999621212121212)",1,98.51628787878788,49962
"(0.49375, 0.99875)",3,98.51625000000008,49965
"(0.543939393939394, 0.9992424242424244)",3,98.51477272727274,49968
"(0.3026515151515151, 1.0)",1,98.51401515151515,49969
"(0.7638888888888888, 0.9861111111111112)",1,98.5138888888891,49970
"(0.7777777777777778, 0.9861111111111112)",4,98.5138888888891,49974
"(0.8472222222222222, 0.9861111111111112)",1,98.5138888888891,49975
"(0.9166666666666666, 0.9861111111111112)",1,98.5138888888891,49976
"(0.875, 0.9861111111111112)",1,98.51388888888908,49977
"(0.9305555555555556, 0.9861111111111112)",5,98.51388888888908,49982
"(0.8611111111111112, 0.9861111111111112)",1,98.51388888888908,49983
"(0.9444444444444444, 0.9861111111111112)",10,98.51388888888908,49993
"(0.9722222222222222, 0.9861111111111112)",1,98.51388888888908,49994
"(0.8472222222222222, 0.9861111111111112)",1,98.51388888888908,49995
"(0.9027777777777778, 0.9861111111111112)",3,98.51388888888908,49998
"(0.9166666666666666, 0.9861111111111112)",5,98.51388888888908,50003
